ID,insum,outsum,diff
100000001,0,0,0
100000002,1407,2093,-686
100000003,2221,2528,-307
100000004,282,791,-509
100000005,1201,1786,-585
100000006,92,90,2
100000007,416,339,77
100000008,1,62,-61
100000009,41,203,-162
100000010,1,63,-62
100000011,36,54,-18
100000012,64,35,29
100000013,1,16,-15
100000014,6,11,-5
100000015,394,609,-215
100000016,66,207,-141
100000017,52,95,-43
100000018,234,194,40
100000019,455,962,-507
100000020,163,1183,-1020
100000021,316,179,137
100000022,219,966,-747
100000023,558,412,146
100000025,145,705,-560
100000028,339,409,-70
100000029,1,31,-30
100000030,70,3,67
100000031,562,2211,-1649
100000032,296,1239,-943
100000033,215,961,-746
100000034,7,137,-130
100000035,182,500,-318
100000036,261,338,-77
100000037,353,173,180
100000038,863,305,558
100000039,78,24,54
100000040,17,83,-66
100000041,381,135,246
100000042,256,63,193
100000043,130,78,52
100000044,11,25,-14
100000045,39,85,-46
100000046,125,58,67
100000047,13,42,-29
100000048,60,156,-96
100000049,183,276,-93
100000051,179,121,58
100000053,31,0,31
100000054,49,4,45
100000055,55,27,28
100000056,99,124,-25
100000057,343,147,196
100000058,93,120,-27
100000059,13,55,-42
100000060,157,292,-135
100000061,491,199,292
100000062,249,209,40
100000063,252,105,147
100000064,271,146,125
100000065,139,80,59
100000066,77,66,11
100000067,71,94,-23
100000068,95,142,-47
100000069,48,141,-93
100000072,59,74,-15
100000073,203,253,-50
100000075,136,38,98
100000076,610,1703,-1093
100000077,55,283,-228
100000078,4,78,-74
100000079,5,28,-23
100000080,5,87,-82
100000081,1,50,-49
100000102,739,1645,-906
100000103,385,456,-71
100000104,324,250,74
100000105,134,412,-278
100000106,425,1568,-1143
100000107,43,526,-483
100000108,23,97,-74
100000109,459,292,167
100000116,236,438,-202
100000117,1,61,-60
100000118,1355,475,880
100000119,426,467,-41
100000121,56,214,-158
100000122,96,479,-383
100000123,1607,1880,-273
100000124,704,1064,-360
100000125,358,1557,-1199
100000126,133,204,-71
100000127,364,261,103
100000128,23,401,-378
100000129,55,135,-80
100000130,312,275,37
100000131,134,237,-103
100000132,134,1174,-1040
100000133,719,291,428
100000135,167,227,-60
100000139,114,275,-161
100000140,0,0,0
100000142,193,113,80
100000143,55,25,30
100000144,377,11,366
100000147,934,3390,-2456
100000150,13,115,-102
100000151,73,650,-577
100000153,3,96,-93
100000154,1,80,-79
100000155,2,17,-15
100000156,58,88,-30
100000157,385,101,284
100000158,32,87,-55
100000159,24,328,-304
100000165,499,217,282
100000169,12,157,-145
100000174,93,104,-11
100000179,9,481,-472
100000180,33,63,-30
100000181,42,83,-41
100000188,6,19,-13
100000189,283,79,204
100000190,102,371,-269
100000191,116,211,-95
100000192,2,101,-99
100000193,45,72,-27
100000330,310,339,-29
100000355,36,59,-23
100000362,1150,345,805
100000363,2538,3222,-684
100000364,185,85,100
100000365,4042,4096,-54
100000366,785,597,188
100000367,2955,3289,-334
100000368,73,85,-12
100000369,135,1198,-1063
100000370,10,442,-432
100000376,11,226,-215
100000379,329,1632,-1303
100000380,1716,2757,-1041
100000384,1635,2726,-1091
100000385,402,2279,-1877
100000386,958,2042,-1084
100000387,760,3758,-2998
100000388,1235,1324,-89
100000389,1599,3089,-1490
100000390,693,769,-76
100000391,1759,3932,-2173
100000392,268,612,-344
100000393,225,1940,-1715
100000394,627,1254,-627
100000395,362,1169,-807
100000396,782,609,173
100000397,400,1645,-1245
100000398,5340,1811,3529
100000413,0,0,0
100900002,0,0,0
100900003,19,52,-33
100900004,0,0,0
100900005,0,0,0
100900006,0,0,0
100900007,0,0,0
100900008,0,1,-1
100900009,0,0,0
100900010,0,0,0
100900011,0,0,0
100900012,0,0,0
100900013,0,0,0
100900014,0,0,0
100900015,0,0,0
100900016,0,0,0
100900017,37,3,34
100900018,0,0,0
100900019,0,0,0
100900020,0,0,0
100900021,25,0,25
100900022,0,0,0
100900023,0,0,0
100900024,0,0,0
100900025,0,0,0
100900026,0,0,0
100900027,3,175,-172
100900028,4,6,-2
100900029,0,0,0
100900030,0,0,0
100900031,114,13,101
100900032,40,0,40
100900033,0,0,0
100900034,0,0,0
100900035,0,0,0
100900036,0,0,0
100900037,0,0,0
100900038,0,0,0
100900039,26,1,25
100900040,254,1,253
100900041,96,0,96
100900042,113,154,-41
100900043,0,0,0
100900044,22,0,22
100900045,0,0,0
100900046,40,0,40
100900047,85,3,82
100900048,0,0,0
100900049,0,0,0
100900050,0,0,0
100900051,0,0,0
100900052,0,0,0
100900053,0,0,0
100900054,0,0,0
100900055,0,0,0
100900056,0,0,0
100900057,46,11,35
100900058,0,0,0
100900059,1,0,1
100900060,0,0,0
100900061,0,0,0
100900062,0,0,0
100900063,2,123,-121
100900064,7,0,7
100900065,0,0,0
100900066,8,0,8
100900067,0,0,0
100900068,0,0,0
100900069,0,0,0
100900070,0,0,0
100900071,0,0,0
100900072,0,0,0
100900073,0,0,0
100900074,0,0,0
100900075,0,0,0
100900076,3,0,3
100900077,3,1,2
100900078,1,0,1
100900079,0,0,0
100900080,2,2,0
100900081,0,0,0
100900082,0,0,0
100900083,0,0,0
100900085,0,2,-2
100900086,0,0,0
100900088,0,0,0
100900089,0,0,0
100900090,8,18,-10
100900091,0,3,-3
100900092,46,0,46
100900093,0,0,0
100900094,0,0,0
100900095,0,0,0
100900096,1,1,0
100900097,0,0,0
100900098,0,0,0
100900099,0,0,0
100900100,0,0,0
100900101,8,0,8
100900102,0,0,0
100900103,0,0,0
100900104,0,0,0
100900105,0,0,0
100900106,0,0,0
100900107,0,0,0
100900108,0,0,0
100900109,0,0,0
100900110,3,4,-1
100900111,0,0,0
100900112,0,0,0
100900113,0,0,0
100900114,0,0,0
100900115,0,0,0
100900116,16,0,16
100900117,0,0,0
100900118,0,0,0
100900119,0,0,0
100900120,1,0,1
100900121,18,0,18
100900122,0,0,0
100900123,0,0,0
100900124,0,0,0
100900125,0,0,0
100900126,0,0,0
100900127,0,0,0
100900128,0,0,0
100900129,0,0,0
100900131,0,0,0
100900133,0,0,0
100900134,0,0,0
100900135,0,0,0
100900137,0,0,0
100900138,0,0,0
100900139,0,0,0
100900140,0,0,0
100900141,0,0,0
100900142,0,0,0
100900143,0,0,0
100900144,0,0,0
100900145,0,0,0
100900146,0,0,0
100900147,0,0,0
100900148,0,0,0
100900149,0,0,0
100900150,0,0,0
100900151,0,0,0
100900152,0,0,0
100900153,0,0,0
100900154,2,0,2
100900155,0,0,0
100900156,0,0,0
100900157,0,0,0
100900159,0,0,0
100900160,0,0,0
100900161,0,0,0
100900162,0,0,0
100900163,0,0,0
100900164,0,0,0
100900165,0,0,0
100900166,0,0,0
100900167,0,0,0
100900168,0,0,0
100900169,0,0,0
100900170,0,0,0
100900171,0,0,0
100900172,0,0,0
100900173,0,0,0
100900174,0,0,0
100900176,0,0,0
100900177,0,0,0
100900178,40,1,39
100900179,0,0,0
100900180,0,0,0
100900181,0,0,0
100900182,0,2,-2
100900184,15,3,12
100900186,0,0,0
100900187,0,0,0
100900188,0,0,0
100900189,0,0,0
100900191,0,0,0
100900192,0,0,0
100900195,3,0,3
100900197,114,79,35
100900198,9,0,9
100900199,6,3,3
100900200,0,0,0
100900201,1,0,1
100900202,0,0,0
100900203,0,0,0
100900204,1,0,1
100900205,0,0,0
100900206,0,0,0
100900207,0,0,0
100900210,0,0,0
100900211,0,0,0
100900213,0,0,0
100900214,0,0,0
100900215,0,0,0
100900217,0,0,0
101000001,543,723,-180
101000002,211,556,-345
101000003,39,426,-387
101000004,2501,4248,-1747
101000005,1914,3198,-1284
101000006,2435,3359,-924
101000007,473,2489,-2016
101000008,1262,2067,-805
101000009,822,169,653
101000010,121,260,-139
101000011,77,161,-84
101000012,46,7,39
101000013,154,321,-167
101000014,159,417,-258
101000015,567,407,160
101000016,48,332,-284
101000017,73,142,-69
101000018,581,635,-54
101000020,789,175,614
101000021,59,246,-187
101000022,0,0,0
101000023,145,302,-157
101000025,101,153,-52
101000026,123,4,119
101000027,685,1157,-472
101000028,450,156,294
101000029,17,536,-519
101000030,59,50,9
101000031,86,578,-492
101000032,1130,2042,-912
101000033,188,1238,-1050
101000034,161,1174,-1013
101000035,15,112,-97
101000036,311,679,-368
101000037,375,1471,-1096
101000039,387,794,-407
101000040,321,1122,-801
101000041,1500,3075,-1575
101000042,9,407,-398
101000043,1242,1970,-728
101000045,90,287,-197
101000046,462,1096,-634
101000047,757,1642,-885
101000048,113,160,-47
101000049,59,474,-415
101000050,209,955,-746
101000051,71,1276,-1205
101000052,411,944,-533
101000053,123,408,-285
101000054,244,161,83
101000055,413,1060,-647
101000056,12,104,-92
101000057,168,293,-125
101000058,282,1199,-917
101000059,714,1913,-1199
101000060,84,93,-9
101000061,122,1664,-1542
101000062,49,162,-113
101000063,85,972,-887
101000064,178,433,-255
101000065,50,728,-678
101000066,102,782,-680
101000067,81,76,5
101000068,152,291,-139
101000069,91,15,76
101000070,197,155,42
101000071,340,626,-286
101000072,1640,928,712
101000073,641,575,66
101000074,2099,1648,451
101000075,3565,1255,2310
101000077,1450,458,992
101000078,708,442,266
101000079,792,528,264
101000080,368,79,289
101000081,812,697,115
101000082,886,613,273
101000083,980,756,224
101000084,165,154,11
101000085,971,714,257
101000086,62,131,-69
101000087,141,141,0
101000088,571,609,-38
101000089,312,636,-324
101000090,272,173,99
101000091,173,138,35
101000092,745,245,500
101000093,463,299,164
101000094,36,73,-37
101000095,50,92,-42
101000096,312,229,83
101000097,43,88,-45
101000098,102,241,-139
101000099,243,495,-252
101000100,159,519,-360
101000101,116,197,-81
101000102,80,331,-251
101000103,129,237,-108
101000104,21,216,-195
101000105,9,114,-105
101000106,1,78,-77
101000107,5,34,-29
101000108,114,44,70
101000109,67,14,53
101000110,1,43,-42
101000111,43,22,21
101000113,54,212,-158
101000114,886,1100,-214
101000115,0,0,0
101000116,0,0,0
101000117,0,0,0
101000119,4,27,-23
101000120,0,13,-13
101000121,0,11,-11
101000122,0,8,-8
101000123,2,12,-10
101000124,328,134,194
101000125,112,53,59
101000128,40,102,-62
101000130,417,73,344
101000131,375,292,83
101000132,58,92,-34
101000135,0,11,-11
101000136,11,28,-17
101000137,0,231,-231
101000141,260,2680,-2420
101000147,208,31,177
101000148,137,2,135
101000149,0,0,0
101000150,55,91,-36
101000151,13,3,10
101000152,75,20,55
101000153,160,24,136
101000154,120,74,46
101000155,2,1,1
101000156,1,3,-2
101000157,0,5,-5
101000160,0,0,0
101000163,89,291,-202
101000164,61,6,55
101000165,132,133,-1
101000166,96,250,-154
101000168,3,12,-9
101000252,846,205,641
101000254,0,0,0
101000258,231,6,225
101000261,276,46,230
101000262,177,1865,-1688
101000263,31,816,-785
101000265,15,175,-160
101000266,90,70,20
101000269,0,0,0
101000290,90,1230,-1140
101000293,0,0,0
101000294,175,97,78
101000295,64,51,13
101000301,29,267,-238
101000304,532,1384,-852
101000305,896,760,136
101000328,11,422,-411
101900001,1,0,1
101900002,0,0,0
101900003,0,0,0
101900004,0,0,0
101900005,0,0,0
101900006,0,0,0
101900007,0,0,0
101900008,0,0,0
101900009,0,0,0
101900010,0,0,0
101900011,0,0,0
101900012,0,0,0
101900013,0,0,0
101900017,0,0,0
101900018,3,0,3
101900019,1,0,1
101900020,3,1,2
101900021,0,0,0
101900022,25,2,23
101900023,0,0,0
101900026,0,0,0
101900027,0,0,0
102000001,503,1874,-1371
102000002,641,278,363
102000003,325,1624,-1299
102000004,454,1187,-733
102000005,177,1109,-932
102000006,157,968,-811
102000007,180,1538,-1358
102000008,1057,865,192
102000009,1948,2524,-576
102000010,903,904,-1
102000011,1410,2141,-731
102000012,1155,1111,44
102000018,250,304,-54
102000019,60,371,-311
102000026,2,65,-63
102000029,140,31,109
102000030,17,61,-44
102000031,0,36,-36
102000032,62,80,-18
102000033,152,83,69
102000034,51,55,-4
102000035,31,98,-67
102000036,6,92,-86
102000037,22,15,7
102000038,10,23,-13
102000039,19,20,-1
102000040,32,47,-15
102000041,10,80,-70
102000042,22,117,-95
102000043,1,40,-39
102000044,159,253,-94
102000045,68,262,-194
102000046,183,114,69
102000047,173,179,-6
102000048,65,127,-62
102000049,251,140,111
102000050,156,292,-136
102000051,34,146,-112
102000052,352,272,80
102000053,298,247,51
102000054,207,147,60
102000055,152,47,105
102000056,400,72,328
102000057,194,77,117
102000058,80,51,29
102000059,131,87,44
102000060,489,616,-127
102000061,163,167,-4
102000062,613,471,142
102000063,68,323,-255
102000064,410,471,-61
102000065,14,61,-47
102000066,290,212,78
102000067,327,1328,-1001
102000068,1238,721,517
102000069,16,491,-475
102000070,526,9,517
102000071,2432,3593,-1161
102000072,594,571,23
102000073,65,43,22
102000074,221,60,161
102000075,62,79,-17
102000076,83,40,43
102000077,428,134,294
102000078,458,36,422
102000079,79,23,56
102000080,98,9,89
102000081,127,170,-43
102000082,49,101,-52
102000083,68,31,37
102000084,374,38,336
102000085,295,91,204
102000086,442,107,335
102000087,100,248,-148
102000088,113,49,64
102000089,312,83,229
102000090,135,327,-192
102000091,705,155,550
102000092,151,193,-42
102000093,117,226,-109
102000094,196,139,57
102000095,113,184,-71
102000096,382,162,220
102000097,233,190,43
102000098,138,138,0
102000099,284,224,60
102000100,62,153,-91
102000101,53,195,-142
102000102,105,305,-200
102000103,40,243,-203
102000104,52,130,-78
102000105,95,80,15
102000106,160,84,76
102000107,435,54,381
102000108,158,13,145
102000109,93,61,32
102000110,540,153,387
102000111,1,24,-23
102000112,14,13,1
102000113,2,15,-13
102000114,90,85,5
102000115,13,56,-43
102000116,11,167,-156
102000117,1,91,-90
102000118,234,708,-474
102000119,152,94,58
102000120,73,188,-115
102000121,87,95,-8
102000122,39,255,-216
102000123,26,67,-41
102000124,78,270,-192
102000125,38,49,-11
102000126,106,145,-39
102000127,122,53,69
102000128,39,225,-186
102000129,93,108,-15
102000130,192,370,-178
102000131,127,204,-77
102000132,59,319,-260
102000133,1121,264,857
102000134,201,157,44
102000135,80,228,-148
102000136,67,89,-22
102000137,60,37,23
102000138,44,15,29
102000139,29,50,-21
102000140,4,28,-24
102000141,0,90,-90
102000142,33,53,-20
102000143,31,24,7
102000144,81,21,60
102000145,44,15,29
102000146,144,43,101
102000147,21,23,-2
102000148,10,69,-59
102000149,58,50,8
102000150,164,10,154
102000151,9,65,-56
102000152,54,41,13
102000153,161,121,40
102000154,56,37,19
102000155,46,32,14
102000156,22,12,10
102000157,5,96,-91
102000158,1,106,-105
102000159,11,17,-6
102000161,36,361,-325
102000162,10,24,-14
102000163,10,222,-212
102000164,151,330,-179
102000165,0,0,0
102000166,2,48,-46
102000167,0,0,0
102000168,8,11,-3
102000169,16,190,-174
102000170,0,0,0
102000171,0,0,0
102000172,0,68,-68
102000173,68,112,-44
102000174,6,3,3
102000175,125,28,97
102000176,6,12,-6
102000178,28,50,-22
102000179,93,80,13
102000180,140,39,101
102000181,363,80,283
102000182,187,90,97
102000183,641,165,476
102000184,223,80,143
102000185,1049,138,911
102000186,311,72,239
102000187,168,103,65
102000188,397,265,132
102000189,277,33,244
102000190,224,547,-323
102000191,223,37,186
102000192,59,240,-181
102000193,18,8,10
102000194,4,41,-37
102000195,81,22,59
102000196,40,40,0
102000197,153,4,149
102000198,48,46,2
102000199,309,9,300
102000200,60,168,-108
102000201,223,26,197
102000202,0,14,-14
102000203,29,7,22
102000204,96,85,11
102000205,289,105,184
102000206,67,37,30
102000207,142,134,8
102000208,15,133,-118
102000209,19,1,18
102000210,104,7,97
102000211,12,0,12
102000212,247,1,246
102000213,0,0,0
102000214,95,1,94
102000215,0,1,-1
102000216,13,32,-19
102000217,0,0,0
102000218,42,56,-14
102000219,4,23,-19
102000225,272,195,77
102000226,0,0,0
102000227,33,0,33
102000228,0,0,0
102000229,1,6,-5
102000230,66,87,-21
102000231,77,173,-96
102000232,2,77,-75
102000233,70,124,-54
102000234,17,442,-425
102000236,28,2,26
102000237,62,29,33
102000238,0,5,-5
102000240,0,0,0
102000241,27,1,26
102000243,0,34,-34
102000245,0,0,0
102000246,2,44,-42
102000247,27,205,-178
102000248,134,348,-214
102000249,30,15,15
102000250,1,49,-48
102000254,37,49,-12
102000266,0,13,-13
102000271,24,0,24
102000286,38,137,-99
102000297,153,93,60
102000299,0,0,0
102000301,0,0,0
102000303,0,0,0
102000305,0,0,0
102000307,0,0,0
102900001,91,14,77
102900002,11,0,11
102900003,0,0,0
102900005,64,4,60
102900006,56,0,56
102900007,101,0,101
102900008,22,1,21
102900009,26,0,26
102900010,22,1,21
102900011,0,0,0
102900012,0,0,0
102900013,0,0,0
102900015,0,0,0
102900016,0,0,0
102900017,0,0,0
102900018,0,0,0
102900019,0,0,0
102900020,0,0,0
102900021,0,0,0
102900022,0,0,0
102900023,0,0,0
102900024,0,0,0
102900025,0,0,0
102900026,5,178,-173
102900027,0,0,0
102900028,1,54,-53
102900029,0,0,0
102900030,6,3,3
102900031,38,20,18
102900032,0,0,0
102900033,0,0,0
102900034,107,2,105
102900035,0,0,0
102900036,83,36,47
102900037,69,14,55
102900038,37,8,29
102900039,2,0,2
102900040,0,0,0
102900041,0,0,0
102900042,0,0,0
102900043,0,0,0
102900044,0,0,0
102900045,0,0,0
102900046,0,0,0
102900047,0,0,0
102900048,0,0,0
102900049,0,0,0
102900050,0,0,0
102900051,0,0,0
102900053,0,0,0
102900054,0,0,0
102900055,0,0,0
102900056,0,0,0
102900057,0,0,0
102900058,0,0,0
102900059,0,0,0
102900060,1,30,-29
102900061,4,14,-10
102900062,28,8,20
102900063,94,3,91
102900064,0,49,-49
102900065,59,2,57
102900066,8,0,8
102900068,0,0,0
102900070,0,0,0
102900072,0,0,0
102900073,0,0,0
102900075,0,0,0
102900076,0,0,0
102900077,0,0,0
102900078,0,0,0
102900079,61,0,61
102900080,27,1,26
102900081,0,0,0
102900082,0,0,0
102900083,0,0,0
102900084,0,0,0
102900085,0,0,0
102900086,0,0,0
102900087,0,0,0
102900088,0,0,0
102900089,0,0,0
102900090,0,0,0
102900091,0,0,0
102900092,0,0,0
102900094,0,0,0
102900095,6,0,6
102900096,0,0,0
102900097,0,0,0
103000001,1958,1328,630
103000002,1038,1081,-43
103000003,1124,1095,29
103000004,163,273,-110
103000005,1025,1134,-109
103000006,367,602,-235
103000007,275,182,93
103000008,199,56,143
103000009,387,361,26
103000010,74,39,35
103000011,375,495,-120
103000012,481,841,-360
103000013,364,426,-62
103000014,720,1643,-923
103000015,59,20,39
103000016,207,468,-261
103000017,102,243,-141
103000018,185,122,63
103000019,175,214,-39
103000020,345,384,-39
103000021,1837,1669,168
103000022,130,226,-96
103000023,481,1628,-1147
103000024,30,60,-30
103000025,13,306,-293
103000026,53,71,-18
103000027,75,181,-106
103000028,196,203,-7
103000029,72,61,11
103000030,235,435,-200
103000031,464,977,-513
103000032,618,356,262
103000033,2211,2197,14
103000034,475,397,78
103000035,137,503,-366
103000036,92,183,-91
103000037,140,135,5
103000038,204,553,-349
103000039,97,92,5
103000040,124,276,-152
103000041,588,501,87
103000042,544,83,461
103000043,428,324,104
103000044,66,19,47
103000046,9,48,-39
103000047,126,111,15
103000048,61,37,24
103000049,13,51,-38
103000050,53,3,50
103000051,17,52,-35
103000052,48,11,37
103000053,5,21,-16
103000054,616,110,506
103000055,1013,470,543
103000056,210,297,-87
103000057,603,157,446
103000058,315,79,236
103000059,321,223,98
103000060,283,113,170
103000061,299,301,-2
103000062,175,79,96
103000063,264,424,-160
103000064,9,17,-8
103000065,5,15,-10
103000066,80,7,73
103000069,108,55,53
103000070,117,72,45
103000071,164,207,-43
103000072,34,94,-60
103000073,379,74,305
103000074,229,65,164
103000075,8,100,-92
103000076,47,301,-254
103000077,0,76,-76
103000078,188,292,-104
103000079,69,218,-149
103000080,297,127,170
103000081,83,367,-284
103000082,276,29,247
103000083,16,29,-13
103000084,48,4,44
103000085,0,13,-13
103000086,302,230,72
103000087,40,313,-273
103000088,198,183,15
103000089,96,276,-180
103000090,2967,2170,797
103000091,593,678,-85
103000092,330,144,186
103000093,62,123,-61
103000094,191,64,127
103000095,6,40,-34
103000096,343,12,331
103000097,1,88,-87
103000098,425,38,387
103000099,37,50,-13
103000100,76,74,2
103000101,467,24,443
103000102,17,55,-38
103000103,293,18,275
103000104,46,8,38
103000105,123,13,110
103000106,0,45,-45
103000107,123,15,108
103000108,527,729,-202
103000109,188,599,-411
103000110,357,528,-171
103000111,141,95,46
103000112,59,155,-96
103000113,34,317,-283
103000114,505,232,273
103000115,524,387,137
103000116,526,152,374
103000117,447,119,328
103000118,30,70,-40
103000119,31,65,-34
103000120,4,2,2
103000121,27,50,-23
103000122,698,990,-292
103000125,1,42,-41
103000126,325,0,325
103000127,0,47,-47
103000128,25,1,24
103000129,1,31,-30
103000130,41,9,32
103000131,34,63,-29
103000132,7,37,-30
103000133,2,42,-40
103000134,46,123,-77
103000135,99,85,14
103000136,82,53,29
103000137,42,217,-175
103000138,112,318,-206
103000139,0,16,-16
103000140,16,2,14
103000141,4,9,-5
103000142,44,7,37
103000143,14,4,10
103000144,65,13,52
103000145,1,20,-19
103000150,28,17,11
103000152,37,109,-72
103000153,78,176,-98
103000156,0,58,-58
103000157,93,1,92
103000159,47,7,40
103000162,3,4,-1
103000163,3,13,-10
103000164,15,2,13
103000165,47,66,-19
103000166,70,202,-132
103000167,66,46,20
103000168,72,35,37
103000169,100,194,-94
103000170,731,182,549
103000171,2,37,-35
103000172,421,102,319
103000173,20,14,6
103000174,625,138,487
103000175,39,28,11
103000176,198,209,-11
103000177,67,26,41
103000178,21,24,-3
103000179,33,1,32
103000183,129,1,128
103000185,51,2,49
103000186,92,40,52
103000187,11,6,5
103000188,7,50,-43
103000189,159,232,-73
103000191,172,151,21
103000292,32,213,-181
103000293,22,592,-570
103000295,79,36,43
103000296,9,1,8
103000297,0,1,-1
103000504,0,1,-1
103000505,3,0,3
103000506,2,14,-12
103000507,114,2,112
103000508,8,50,-42
103000509,95,135,-40
103900001,0,0,0
103900002,0,0,0
103900003,61,15,46
103900004,0,1,-1
103900005,0,0,0
103900006,0,0,0
103900007,0,0,0
103900008,1,0,1
103900010,54,0,54
103900012,0,17,-17
103900014,2,0,2
103900015,26,0,26
103900017,0,0,0
103900018,0,0,0
103900019,3,40,-37
103900020,0,0,0
103900021,25,1,24
103900022,68,4,64
103900023,12,0,12
103900024,0,2,-2
103900025,0,0,0
103900026,0,0,0
103900027,25,0,25
103900028,22,5,17
103900029,137,1,136
103900030,83,7,76
103900031,1,0,1
103900032,1,2,-1
103900033,7,0,7
103900034,0,1,-1
103900035,0,0,0
103900036,4,3,1
103900037,1,1,0
103900038,4,21,-17
103900039,0,0,0
103900040,0,0,0
103900041,1,0,1
103900042,0,0,0
103900043,0,0,0
103900044,4,58,-54
103900045,19,1,18
103900047,0,0,0
103900048,0,0,0
103900049,0,0,0
103900050,1,0,1
103900051,0,0,0
103900053,0,0,0
103900054,0,0,0
103900055,0,0,0
103900056,0,0,0
103900057,12,0,12
103900058,0,0,0
103900059,0,0,0
103900060,41,0,41
103900061,27,0,27
103900062,0,0,0
103900063,1,0,1
103900064,10,0,10
103900065,18,19,-1
103900066,26,0,26
103900067,13,1,12
103900068,0,0,0
103900069,2,0,2
103900070,4,0,4
103900071,0,0,0
103900072,0,1,-1
103900073,0,1,-1
103900074,5,1,4
103900075,12,1,11
103900076,0,0,0
103900077,0,6,-6
103900078,43,0,43
103900079,0,0,0
103900080,0,0,0
103900081,0,0,0
103900082,0,0,0
103900083,45,165,-120
103900084,0,0,0
103900085,0,1,-1
103900086,24,21,3
103900088,1,6,-5
103900089,0,0,0
103900090,0,0,0
103900091,0,0,0
103900092,0,0,0
103900093,2,0,2
103900094,0,0,0
103900095,0,0,0
103900096,27,0,27
103900097,0,0,0
103900098,0,0,0
103900099,15,0,15
103900100,0,0,0
103900101,0,0,0
103900102,0,0,0
103900104,0,0,0
103900105,0,0,0
103900106,0,0,0
103900107,49,3,46
103900108,13,5,8
103900109,6,0,6
103900110,0,0,0
103900111,0,0,0
103900112,1,0,1
103900113,0,0,0
103900114,0,0,0
103900115,0,0,0
103900116,0,39,-39
103900117,1,0,1
103900119,0,46,-46
103900120,6,0,6
103900122,0,0,0
103900123,0,0,0
103900124,0,0,0
103900125,0,0,0
103900126,19,0,19
103900127,0,2,-2
103900128,0,0,0
103900131,0,0,0
103900133,78,0,78
103900134,0,0,0
103900135,0,0,0
103900137,0,0,0
103900138,0,0,0
103900139,7,72,-65
103900140,0,0,0
103900141,0,7,-7
103900142,31,0,31
103900143,0,0,0
103900144,0,0,0
103900145,1,6,-5
103900146,47,1,46
103900147,0,0,0
103900148,13,0,13
103900149,11,0,11
103900150,122,36,86
103900151,0,0,0
103900152,131,7,124
103900153,0,0,0
103900154,0,0,0
103900155,5,0,5
103900156,1,0,1
103900157,1,0,1
103900158,34,2,32
103900159,0,0,0
103900160,0,0,0
103900161,4,14,-10
103900162,0,0,0
103900163,0,0,0
103900167,0,7,-7
103900168,0,0,0
103900169,0,15,-15
103900170,0,0,0
103900171,0,0,0
103900172,0,0,0
103900173,1,2,-1
103900174,41,0,41
103900175,0,16,-16
103900176,0,0,0
103900177,0,0,0
103900178,0,0,0
103900179,0,0,0
103900180,0,0,0
103900181,0,0,0
103900182,0,0,0
103900184,0,0,0
103900185,0,0,0
103900187,0,0,0
103900188,1,0,1
103900189,8,0,8
103900190,1,3,-2
103900191,0,0,0
103900192,0,0,0
103900193,0,0,0
103900194,0,0,0
103900195,0,0,0
103900196,0,0,0
103900197,0,0,0
103900198,0,0,0
103900199,0,0,0
103900200,0,0,0
103900201,0,0,0
103900202,0,0,0
103900203,24,0,24
103900204,0,0,0
103900207,0,0,0
103900208,1,0,1
103900209,0,0,0
103900210,0,0,0
103900211,68,0,68
103900212,0,0,0
103900213,0,0,0
103900214,101,181,-80
103900215,0,0,0
103900216,0,0,0
103900217,26,0,26
103900218,8,0,8
103900219,0,0,0
103900233,0,0,0
103900235,0,0,0
103900236,0,0,0
103900242,0,0,0
103900243,0,0,0
103900244,3,0,3
103900245,0,0,0
103900246,0,0,0
103900247,0,0,0
103900248,0,0,0
103900249,0,0,0
103900250,0,0,0
103900251,0,0,0
103900253,0,0,0
103900254,0,0,0
103900255,0,0,0
103900256,0,0,0
103900257,0,0,0
103900258,0,0,0
103900259,0,0,0
103900261,0,0,0
103900262,0,0,0
103900263,0,0,0
103900264,0,0,0
103900265,0,0,0
103900266,0,2,-2
103900267,0,0,0
103900268,0,1,-1
103900269,16,0,16
103900270,1,0,1
103900271,0,0,0
103900272,1,0,1
103900273,0,0,0
103900274,0,0,0
103900275,0,0,0
103900276,0,0,0
103900277,0,0,0
103900278,0,0,0
103900279,0,0,0
103900280,0,0,0
104000001,1008,682,326
104000002,1057,1372,-315
104000003,1144,1084,60
104000004,1305,1174,131
104000005,896,1317,-421
104000006,1333,800,533
104000007,2275,1279,996
104000008,56,21,35
104000009,434,217,217
104000010,80,253,-173
104000011,58,25,33
104000012,4,31,-27
104000013,166,225,-59
104000014,30,23,7
104000015,265,50,215
104000016,11,30,-19
104000018,446,41,405
104000019,674,164,510
104000020,50,168,-118
104000021,147,227,-80
104000022,47,145,-98
104000023,508,63,445
104000024,15,9,6
104000026,26,0,26
104000027,12,13,-1
104000028,459,151,308
104000029,58,19,39
104000030,489,386,103
104000031,638,48,590
104000032,12,23,-11
104000033,429,42,387
104000034,63,24,39
104000035,669,58,611
104000036,572,151,421
104000037,18,16,2
104000038,323,150,173
104000039,234,169,65
104000040,70,181,-111
104000041,321,103,218
104000042,169,84,85
104000043,41,84,-43
104000044,76,60,16
104000045,299,80,219
104000046,281,157,124
104000047,108,391,-283
104000048,404,658,-254
104000049,239,106,133
104000050,66,183,-117
104000051,4,31,-27
104000052,511,564,-53
104000053,520,95,425
104000054,79,22,57
104000055,938,181,757
104000056,159,17,142
104000057,11,8,3
104000058,535,295,240
104000059,292,395,-103
104000060,271,268,3
104000061,307,94,213
104000062,199,23,176
104000064,225,40,185
104000065,0,53,-53
104000069,333,615,-282
104000070,11,141,-130
104000071,5,1,4
104000072,109,35,74
104000075,0,0,0
104000076,0,0,0
104000082,421,828,-407
104000083,260,59,201
104000084,55,182,-127
104000085,240,39,201
104000086,125,102,23
104000087,48,152,-104
104000090,46,82,-36
104000092,127,137,-10
104000094,117,111,6
104000095,326,508,-182
104000096,683,2,681
104000097,795,68,727
104000098,1218,95,1123
104000100,1006,114,892
104000101,523,449,74
104000106,68,154,-86
104000107,502,154,348
104000108,83,11,72
104000109,61,19,42
104000110,114,236,-122
104000111,226,372,-146
104000112,73,45,28
104000116,0,36,-36
104000117,97,40,57
104000118,257,42,215
104000119,64,77,-13
104000120,95,40,55
104000121,41,152,-111
104000122,406,237,169
104000123,225,296,-71
104000124,207,632,-425
104000125,211,462,-251
104000126,170,330,-160
104000127,295,619,-324
104000128,286,113,173
104000129,81,0,81
104000130,11,84,-73
104000131,7,5,2
104000132,7,2,5
104000133,251,165,86
104000134,288,770,-482
104000135,86,952,-866
104000136,415,1500,-1085
104000137,604,242,362
104000138,17,27,-10
104000139,897,1396,-499
104000141,309,341,-32
104000142,219,57,162
104000143,125,46,79
104000144,23,66,-43
104000145,154,108,46
104000146,56,93,-37
104000147,11,50,-39
104000148,145,73,72
104000149,19,35,-16
104000150,478,214,264
104000151,33,43,-10
104000152,118,109,9
104000153,472,262,210
104000154,107,298,-191
104000155,271,269,2
104000157,572,356,216
104000158,33,170,-137
104000159,266,113,153
104000160,797,1204,-407
104000161,77,41,36
104000162,44,50,-6
104000165,212,163,49
104000167,182,535,-353
104000168,311,0,311
104000169,92,11,81
104000170,8,9,-1
104000248,0,64,-64
104000251,0,0,0
104000272,0,0,0
104000273,0,0,0
104000274,0,0,0
104000275,0,0,0
104000279,186,507,-321
104000290,4,37,-33
104000291,372,342,30
104000293,338,267,71
104000294,0,0,0
104000295,288,713,-425
104000296,137,220,-83
104000297,238,1155,-917
104000298,477,315,162
104000299,502,466,36
104000302,21,33,-12
104000303,1,2,-1
104900001,0,0,0
104900002,0,0,0
104900003,0,0,0
104900004,0,0,0
104900005,0,0,0
104900006,0,0,0
104900007,0,0,0
104900009,0,0,0
104900010,0,0,0
104900011,0,0,0
104900012,0,0,0
104900013,0,0,0
104900014,0,0,0
104900015,0,0,0
104900016,0,0,0
104900017,7,0,7
104900018,0,0,0
104900019,0,0,0
104900020,0,0,0
104900021,0,0,0
104900022,0,0,0
104900023,0,0,0
104900024,0,1,-1
104900025,0,0,0
104900026,0,0,0
104900027,0,0,0
104900028,0,0,0
104900029,0,0,0
104900030,0,0,0
104900031,0,0,0
104900032,0,0,0
104900033,0,0,0
104900034,0,0,0
104900035,0,0,0
104900036,0,0,0
104900037,0,0,0
104900038,0,0,0
104900039,0,0,0
104900040,0,0,0
104900041,0,0,0
104900042,0,0,0
104900043,0,0,0
104900044,8,0,8
104900045,0,0,0
104900046,0,0,0
104900047,22,2,20
104900048,28,0,28
104900049,0,0,0
104900050,0,0,0
104900051,23,0,23
104900052,0,0,0
104900053,56,0,56
104900054,14,0,14
104900055,0,0,0
104900056,67,0,67
104900057,0,0,0
104900058,34,0,34
104900059,42,9,33
104900061,0,0,0
104900063,0,0,0
104900064,0,0,0
104900065,3,0,3
104900066,0,0,0
104900067,0,0,0
104900068,0,0,0
104900070,0,0,0
104900071,0,0,0
104900072,0,0,0
104900073,0,0,0
104900074,0,0,0
104900075,0,0,0
104900076,0,0,0
104900077,0,0,0
104900078,0,0,0
104900079,0,0,0
104900080,0,0,0
104900082,0,0,0
104900085,6,0,6
104900089,0,0,0
104900091,0,0,0
104900093,0,0,0
104900097,0,0,0
104900098,0,0,0
104900099,0,0,0
104900100,0,0,0
104900102,0,0,0
104900103,0,0,0
104900106,0,0,0
104900107,0,0,0
104900108,0,0,0
104900109,0,0,0
104900110,0,0,0
104900111,0,0,0
104900112,0,0,0
104900113,0,0,0
104900114,0,0,0
104900115,0,0,0
104900116,0,0,0
104900118,0,0,0
104900119,0,0,0
104900120,0,0,0
104900121,0,0,0
104900122,0,0,0
104900123,0,0,0
104900124,0,0,0
104900125,34,0,34
104900126,0,0,0
104900127,0,0,0
104900128,14,0,14
104900129,0,0,0
105000001,698,501,197
105000002,642,768,-126
105000003,752,1194,-442
105000004,317,588,-271
105000005,317,539,-222
105000006,406,1090,-684
105000007,236,775,-539
105000008,408,1469,-1061
105000009,1637,1394,243
105000010,717,549,168
105000011,1050,1758,-708
105000012,530,660,-130
105000013,359,513,-154
105000014,1794,1239,555
105000015,3332,5301,-1969
105000016,950,910,40
105000017,899,486,413
105000018,1263,468,795
105000019,684,834,-150
105000020,37,119,-82
105000021,50,23,27
105000022,34,27,7
105000023,208,174,34
105000028,16,139,-123
105000029,50,290,-240
105000030,1389,1003,386
105000031,0,1,-1
105000033,413,476,-63
105000034,49,273,-224
105000037,150,12,138
105000038,492,613,-121
105000039,169,344,-175
105000040,185,706,-521
105000041,45,210,-165
105000042,847,643,204
105000043,151,159,-8
105000044,210,104,106
105000045,120,105,15
105000046,323,35,288
105000047,133,142,-9
105000048,602,251,351
105000049,193,70,123
105000050,467,269,198
105000051,46,68,-22
105000052,147,224,-77
105000053,136,6,130
105000054,168,180,-12
105000055,265,45,220
105000056,651,370,281
105000057,985,135,850
105000058,447,312,135
105000059,508,212,296
105000060,221,80,141
105000061,396,137,259
105000062,257,79,178
105000063,19,48,-29
105000064,649,160,489
105000065,48,25,23
105000066,289,121,168
105000067,574,308,266
105000068,69,133,-64
105000069,450,419,31
105000070,302,452,-150
105000071,250,857,-607
105000072,653,1463,-810
105000073,341,324,17
105000074,48,99,-51
105000075,130,149,-19
105000076,391,204,187
105000077,726,192,534
105000078,448,577,-129
105000079,98,256,-158
105000080,942,923,19
105000081,136,151,-15
105000082,359,560,-201
105000083,1340,1076,264
105000084,100,120,-20
105000085,1712,1060,652
105000086,131,169,-38
105000087,249,162,87
105000088,941,1041,-100
105000089,519,504,15
105000090,115,108,7
105000091,194,68,126
105000092,135,110,25
105000093,59,121,-62
105000094,206,63,143
105000095,28,138,-110
105000096,432,456,-24
105000097,180,98,82
105000098,495,275,220
105000099,86,58,28
105000100,416,283,133
105000101,940,369,571
105000102,430,231,199
105000103,604,296,308
105000104,517,162,355
105000105,424,294,130
105000106,530,189,341
105000107,473,171,302
105000108,446,169,277
105000109,634,228,406
105000110,290,117,173
105000111,416,162,254
105000112,438,197,241
105000113,183,297,-114
105000114,653,730,-77
105000115,141,822,-681
105000116,459,180,279
105000117,213,95,118
105000118,199,115,84
105000119,88,96,-8
105000120,560,257,303
105000121,149,118,31
105000122,241,150,91
105000123,191,103,88
105000124,868,131,737
105000125,478,197,281
105000126,710,273,437
105000127,902,251,651
105000128,115,181,-66
105000129,272,103,169
105000130,43,1911,-1868
105000131,52,30,22
105000132,486,538,-52
105000133,44,91,-47
105000134,480,183,297
105000135,45,33,12
105000136,0,0,0
105000137,260,40,220
105000138,0,0,0
105000139,165,92,73
105000140,344,69,275
105000141,81,63,18
105000142,328,117,211
105000143,102,163,-61
105000144,25,107,-82
105000145,318,118,200
105000146,0,0,0
105000147,324,92,232
105000148,312,125,187
105000149,918,557,361
105000150,55,21,34
105000151,228,53,175
105000152,180,107,73
105000153,319,58,261
105000154,165,27,138
105000155,93,67,26
105000156,64,55,9
105000157,243,154,89
105000158,514,143,371
105000159,94,111,-17
105000160,828,154,674
105000161,209,133,76
105000162,166,667,-501
105000163,340,175,165
105000164,8,55,-47
105000165,103,1935,-1832
105000166,178,229,-51
105000167,241,934,-693
105000168,79,115,-36
105000169,239,46,193
105000170,83,436,-353
105000171,301,20,281
105000172,71,1,70
105000173,131,10,121
105000174,6,16,-10
105000175,0,0,0
105000176,93,18,75
105000177,149,19,130
105000178,76,46,30
105000179,142,1,141
105000180,0,0,0
105000181,38,21,17
105000182,0,0,0
105000183,471,1431,-960
105000184,12,48,-36
105000185,177,392,-215
105000186,15,21,-6
105000187,221,151,70
105000188,39,105,-66
105000189,31,90,-59
105000190,83,135,-52
105000191,88,60,28
105000192,163,17,146
105000193,29,6,23
105000194,211,6,205
105000195,7,93,-86
105000196,54,84,-30
105000197,11,56,-45
105000198,11,7,4
105000199,16,197,-181
105000200,79,146,-67
105000201,14,2,12
105000203,20,157,-137
105000204,81,55,26
105000205,23,153,-130
105000207,0,0,0
105000208,108,111,-3
105000209,0,0,0
105000211,61,0,61
105000212,306,85,221
105000213,25,16,9
105000214,33,9,24
105000215,118,83,35
105000216,21,12,9
105000217,0,0,0
105000218,773,160,613
105000221,44,36,8
105000222,91,36,55
105000223,44,28,16
105000226,27,23,4
105000227,10,44,-34
105000228,4,521,-517
105000229,122,369,-247
105000231,219,40,179
105000233,233,276,-43
105000234,243,361,-118
105000235,223,191,32
105000237,307,32,275
105000243,23,3,20
105000248,1,4,-3
105000262,173,10,163
105000269,17,10,7
105000270,246,15,231
105000271,0,13,-13
105000282,11,6,5
105000287,118,48,70
105000288,208,106,102
105000289,523,958,-435
105000290,30,65,-35
105000402,223,832,-609
105000426,38,179,-141
105000438,370,524,-154
105000440,1,6,-5
105000446,1422,3001,-1579
105000447,1561,352,1209
105000454,0,0,0
105000455,115,34,81
105000474,49,2,47
105000477,125,116,9
105000478,809,2348,-1539
105000479,23,25,-2
105000480,2126,3002,-876
105000481,1430,908,522
105000482,649,1408,-759
105000483,408,862,-454
105000484,603,1145,-542
105000485,927,1459,-532
105000486,873,1434,-561
105000488,632,1425,-793
105000489,471,230,241
105000549,10,20,-10
105000550,0,0,0
105000551,5,9,-4
105000552,469,287,182
105000555,774,617,157
105000556,4,6,-2
105000557,2,72,-70
105900001,0,93,-93
105900002,92,17,75
105900003,0,0,0
105900004,0,0,0
105900005,0,0,0
105900006,0,0,0
105900007,0,1,-1
105900008,0,0,0
105900009,1,5,-4
105900011,0,0,0
105900012,11,1,10
105900013,0,1,-1
105900014,1,1,0
105900015,0,0,0
105900016,22,5,17
105900017,0,0,0
105900018,0,0,0
105900019,1,0,1
105900020,0,0,0
105900021,0,0,0
105900022,0,0,0
105900023,0,0,0
105900024,0,0,0
105900025,2,0,2
105900026,0,0,0
105900027,426,78,348
105900028,2,0,2
105900029,235,34,201
105900030,10,21,-11
105900031,0,0,0
105900032,0,0,0
105900033,0,0,0
105900034,0,0,0
105900035,0,0,0
105900036,0,0,0
105900037,0,0,0
105900038,0,0,0
105900039,0,0,0
105900040,0,0,0
105900041,0,0,0
105900042,0,0,0
105900043,70,0,70
105900044,0,0,0
105900045,0,0,0
105900046,0,0,0
105900047,0,0,0
105900048,44,5,39
105900050,7,65,-58
105900051,0,19,-19
105900052,6,1,5
105900053,0,0,0
105900054,0,0,0
105900056,16,22,-6
105900057,9,0,9
105900058,0,0,0
105900059,0,0,0
106000001,958,678,280
106000002,74,514,-440
106000003,1301,1724,-423
106000004,330,1805,-1475
106000005,1914,2351,-437
106000006,1026,841,185
106000007,414,115,299
106000008,25,110,-85
106000009,314,159,155
106000010,22,123,-101
106000011,697,390,307
106000012,69,153,-84
106000013,1172,725,447
106000014,220,234,-14
106000015,1271,611,660
106000016,195,191,4
106000017,739,183,556
106000018,65,139,-74
106000019,292,186,106
106000020,46,35,11
106000021,352,147,205
106000022,99,33,66
106000023,531,108,423
106000024,56,42,14
106000025,290,224,66
106000026,9,30,-21
106000027,1420,610,810
106000028,18,12,6
106000029,18,23,-5
106000030,0,0,0
106000034,0,0,0
106000035,445,556,-111
106000036,0,0,0
106000037,183,57,126
106000038,17,4,13
106000039,6,11,-5
106000040,5,77,-72
106000041,352,81,271
106000043,152,37,115
106000046,80,4,76
106000047,0,0,0
106000049,515,5,510
106000050,19,80,-61
106000051,454,242,212
106000052,0,0,0
106000053,305,11,294
106000054,0,0,0
106000055,336,11,325
106000056,0,0,0
106000057,193,64,129
106000058,0,0,0
106000059,247,81,166
106000060,0,0,0
106000061,90,292,-202
106000062,0,0,0
106000063,505,550,-45
106000064,0,0,0
106000065,332,70,262
106000066,35,16,19
106000067,254,79,175
106000068,42,5,37
106000069,188,12,176
106000070,96,16,80
106000071,373,119,254
106000072,435,570,-135
106000073,469,1508,-1039
106000074,278,467,-189
106000075,163,360,-197
106000076,481,249,232
106000077,821,200,621
106000078,550,89,461
106000079,607,74,533
106000080,630,71,559
106000081,427,161,266
106000082,646,87,559
106000083,205,290,-85
106000084,529,117,412
106000085,430,297,133
106000086,257,108,149
106000087,375,117,258
106000088,280,204,76
106000089,494,56,438
106000090,263,259,4
106000091,76,80,-4
106000092,276,100,176
106000093,379,33,346
106000094,0,0,0
106000095,487,61,426
106000096,694,70,624
106000097,365,52,313
106000098,522,78,444
106000099,79,61,18
106000100,807,74,733
106000101,400,28,372
106000102,18,47,-29
106000103,71,123,-52
106000104,417,68,349
106000105,84,148,-64
106000106,510,74,436
106000107,74,61,13
106000108,297,72,225
106000109,10,69,-59
106000110,197,40,157
106000111,64,72,-8
106000112,129,176,-47
106000113,43,199,-156
106000114,244,135,109
106000115,79,154,-75
106000116,227,156,71
106000117,23,49,-26
106000118,634,441,193
106000119,36,85,-49
106000120,330,491,-161
106000121,167,54,113
106000122,118,50,68
106000123,217,23,194
106000124,118,23,95
106000125,65,60,5
106000126,293,35,258
106000127,184,108,76
106000128,301,66,235
106000129,184,134,50
106000130,652,54,598
106000131,34,251,-217
106000132,213,57,156
106000133,125,380,-255
106000134,154,1000,-846
106000135,5,135,-130
106000136,403,545,-142
106000137,2,134,-132
106000138,871,43,828
106000139,32,26,6
106000140,0,0,0
106000141,0,0,0
106000142,45,12,33
106000143,0,0,0
106000144,150,23,127
106000145,0,0,0
106000146,334,86,248
106000147,343,180,163
106000148,267,211,56
106000149,472,165,307
106000150,192,649,-457
106000151,684,208,476
106000152,496,719,-223
106000153,53,486,-433
106000154,413,39,374
106000155,50,113,-63
106000156,518,57,461
106000157,78,392,-314
106000158,444,429,15
106000159,239,649,-410
106000160,181,925,-744
106000161,158,34,124
106000162,162,371,-209
106000163,61,22,39
106000164,173,16,157
106000165,58,84,-26
106000166,396,24,372
106000167,229,209,20
106000168,361,56,305
106000169,107,92,15
106000170,289,38,251
106000171,74,343,-269
106000172,631,124,507
106000173,438,514,-76
106000174,656,7,649
106000175,81,9,72
106000176,775,174,601
106000177,90,92,-2
106000178,902,148,754
106000179,61,44,17
106000180,229,231,-2
106000181,342,279,63
106000182,837,74,763
106000183,718,78,640
106000184,477,83,394
106000185,244,161,83
106000186,89,4,85
106000187,1,185,-184
106000188,0,0,0
106000189,7,25,-18
106000190,0,11,-11
106000191,169,2,167
106000192,0,0,0
106000193,32,46,-14
106000194,3,65,-62
106000195,41,15,26
106000196,3,153,-150
106000197,164,24,140
106000198,34,7,27
106000199,112,107,5
106000200,50,118,-68
106000201,66,898,-832
106000202,109,76,33
106000203,0,0,0
106000204,11,1,10
106000205,0,0,0
106000206,11,2,9
106000207,0,4,-4
106000208,733,28,705
106000209,1009,116,893
106000210,26,10,16
106000211,7,41,-34
106000212,685,97,588
106000213,25,74,-49
106000214,467,59,408
106000215,86,125,-39
106000216,397,55,342
106000217,16,143,-127
106000218,330,30,300
106000219,32,116,-84
106000220,320,16,304
106000221,50,41,9
106000222,25,5,20
106000223,178,35,143
106000224,55,56,-1
106000225,27,43,-16
106000226,23,96,-73
106000228,0,0,0
106000229,0,0,0
106000231,250,3,247
106000232,0,0,0
106000233,108,3,105
106000234,0,0,0
106000235,56,17,39
106000236,0,0,0
106000237,0,0,0
106000238,0,7,-7
106000239,0,0,0
106000240,1,1,0
106000241,0,85,-85
106000242,66,3,63
106000249,127,9,118
106000250,28,97,-69
106000251,35,2,33
106000252,0,0,0
106000253,29,1,28
106000254,0,0,0
106000255,21,1,20
106000256,0,0,0
106000257,6,33,-27
106000258,1,1,0
106000259,0,0,0
106000260,1,0,1
106000261,0,0,0
106000262,5,1,4
106000263,0,0,0
106000264,89,1,88
106000265,0,0,0
106000266,45,1,44
106000267,0,0,0
106000268,101,6,95
106000269,0,0,0
106000270,20,14,6
106000271,4,15,-11
106000272,0,0,0
106000273,0,15,-15
106000274,0,0,0
106000275,10,9,1
106000276,0,0,0
106000277,5,25,-20
106000278,0,0,0
106000279,0,0,0
106000280,0,0,0
106000281,0,0,0
106000282,0,0,0
106000283,0,0,0
106000284,0,0,0
106000285,0,0,0
106000286,0,0,0
106000287,0,0,0
106000288,0,0,0
106000289,0,0,0
106000290,0,0,0
106000291,0,0,0
106000292,0,0,0
106000293,0,0,0
106000294,0,0,0
106000295,0,0,0
106000296,0,0,0
106000297,0,0,0
106000298,0,0,0
106000299,0,0,0
106000300,0,0,0
106000301,0,0,0
106000303,3,4,-1
106000304,0,0,0
106000305,3,0,3
106000306,0,0,0
106000307,11,1,10
106000308,0,0,0
106000309,0,0,0
106000310,122,29,93
106000311,66,12,54
106000312,25,25,0
106000313,40,7,33
106000318,0,0,0
106000319,403,88,315
106000320,0,57,-57
106000321,2,176,-174
106000322,163,27,136
106000324,23,15,8
106000325,1369,335,1034
106000326,52,199,-147
106000327,129,6,123
106000328,3,1,2
106000329,12,9,3
106000330,8,35,-27
106000428,57,123,-66
106000429,35,115,-80
106000430,46,186,-140
106000431,906,127,779
106000432,45,379,-334
106000433,1055,580,475
106000434,1707,563,1144
106000435,43,371,-328
106000436,1,29,-28
106000437,134,19,115
106000438,28,146,-118
106000439,0,21,-21
106000440,51,80,-29
106000441,5,1,4
106000442,8,3,5
106000443,238,297,-59
106000450,0,0,0
106000451,22,26,-4
106000454,0,0,0
106000455,0,4,-4
106000456,23,2,21
106000457,0,0,0
106000458,479,178,301
106000459,0,0,0
106000460,431,16,415
106000461,0,0,0
106000462,0,0,0
106000463,0,55,-55
106000464,0,0,0
106000465,293,0,293
106000466,0,0,0
106000467,1,77,-76
106000468,45,27,18
106000469,299,0,299
106000470,5,28,-23
106000471,0,0,0
106000472,18,1,17
106000473,0,0,0
106000474,67,80,-13
106000475,315,92,223
106000476,150,249,-99
106000477,0,0,0
106000480,0,0,0
106900001,0,0,0
106900002,0,0,0
106900003,0,0,0
106900004,0,0,0
106900006,0,0,0
106900007,0,0,0
106900008,0,0,0
106900009,0,0,0
106900010,0,0,0
106900012,0,0,0
106900013,0,0,0
106900014,0,0,0
106900015,0,0,0
106900016,0,0,0
106900017,0,0,0
106900018,0,0,0
106900019,16,0,16
106900020,0,0,0
106900021,4,0,4
106900022,1,0,1
106900023,1,0,1
106900024,0,0,0
106900025,0,0,0
106900026,0,0,0
106900027,221,0,221
107000001,1565,2308,-743
107000002,503,724,-221
107000003,3710,3778,-68
107000004,959,684,275
107000005,3389,2629,760
107000006,1174,559,615
107000007,2411,2887,-476
107000008,1164,734,430
107000009,5555,5645,-90
107000010,1800,814,986
107000011,112,97,15
107000012,497,132,365
107000013,0,0,0
107000014,0,0,0
107000015,0,0,0
107000016,0,0,0
107000017,163,130,33
107000018,0,85,-85
107000020,194,345,-151
107000021,162,81,81
107000022,314,412,-98
107000023,549,83,466
107000024,182,584,-402
107000025,133,94,39
107000026,69,95,-26
107000027,450,177,273
107000028,470,287,183
107000029,1422,859,563
107000030,661,603,58
107000031,1447,667,780
107000032,94,383,-289
107000033,786,983,-197
107000034,329,198,131
107000035,136,91,45
107000036,102,400,-298
107000037,38,476,-438
107000038,71,109,-38
107000039,270,447,-177
107000040,94,35,59
107000041,330,230,100
107000042,150,746,-596
107000043,402,200,202
107000044,100,192,-92
107000045,35,135,-100
107000046,308,119,189
107000047,136,227,-91
107000048,227,175,52
107000049,182,264,-82
107000050,244,197,47
107000051,297,264,33
107000052,241,363,-122
107000053,240,201,39
107000054,17,207,-190
107000055,164,74,90
107000056,337,520,-183
107000057,421,184,237
107000058,1546,1485,61
107000059,107,337,-230
107000060,3285,2982,303
107000061,846,577,269
107000062,2722,1314,1408
107000063,652,507,145
107000064,2156,1636,520
107000065,465,577,-112
107000066,1280,1512,-232
107000067,330,321,9
107000068,278,479,-201
107000069,401,642,-241
107000070,296,1,295
107000071,1151,11,1140
107000072,0,121,-121
107000073,220,81,139
107000074,75,31,44
107000075,1226,37,1189
107000076,4,86,-82
107000077,1262,96,1166
107000078,28,163,-135
107000079,1263,273,990
107000080,71,153,-82
107000081,1191,220,971
107000082,302,192,110
107000083,599,242,357
107000084,100,235,-135
107000085,1178,1018,160
107000086,545,736,-191
107000087,898,875,23
107000088,373,534,-161
107000089,607,707,-100
107000090,118,261,-143
107000091,637,222,415
107000092,165,297,-132
107000093,403,618,-215
107000094,188,181,7
107000095,641,349,292
107000096,67,92,-25
107000097,531,184,347
107000098,69,113,-44
107000099,290,227,63
107000100,44,170,-126
107000101,93,206,-113
107000102,124,178,-54
107000103,353,107,246
107000104,80,111,-31
107000105,473,111,362
107000106,46,52,-6
107000107,370,153,217
107000108,93,83,10
107000109,445,36,409
107000110,0,0,0
107000111,284,31,253
107000112,0,0,0
107000113,455,38,417
107000114,0,0,0
107000115,479,67,412
107000116,0,0,0
107000117,37,340,-303
107000118,0,0,0
107000119,209,773,-564
107000120,0,0,0
107000121,474,165,309
107000122,215,142,73
107000123,381,148,233
107000124,197,90,107
107000125,551,117,434
107000126,189,95,94
107000129,29,38,-9
107000130,364,97,267
107000131,110,59,51
107000132,218,107,111
107000133,107,5,102
107000134,90,0,90
107000135,0,107,-107
107000136,310,1,309
107000137,0,85,-85
107000138,5,4,1
107000139,1,98,-97
107000140,387,6,381
107000141,9,74,-65
107000142,76,12,64
107000143,1,98,-97
107000144,157,159,-2
107000145,1,55,-54
107000146,16,36,-20
107000147,368,181,187
107000150,225,848,-623
107000151,7,5,2
107000152,109,618,-509
107000153,4,28,-24
107000154,4,39,-35
107000155,361,14,347
107000156,370,3,367
107000157,2,140,-138
107000158,280,0,280
107000159,1,98,-97
107000160,629,37,592
107000161,15,123,-108
107000162,84,164,-80
107000163,63,0,63
107000164,326,2,324
107000165,580,20,560
107000166,2,80,-78
107000167,232,59,173
107000168,553,71,482
107000169,29,139,-110
107000170,1049,206,843
107000171,38,168,-130
107000172,431,474,-43
107000173,131,65,66
107000174,324,1275,-951
107000175,543,172,371
107000176,0,0,0
107000177,0,0,0
107000178,2,2,0
107000179,60,190,-130
107000180,907,81,826
107000181,103,59,44
107000182,1084,70,1014
107000183,87,33,54
107000184,735,87,648
107000185,118,89,29
107000186,348,105,243
107000187,349,262,87
107000188,50,67,-17
107000189,220,131,89
107000190,128,49,79
107000191,332,294,38
107000192,291,35,256
107000193,147,153,-6
107000194,105,94,11
107000197,386,76,310
107000198,92,49,43
107000199,122,149,-27
107000200,149,193,-44
107000201,98,84,14
107000202,58,264,-206
107000203,92,317,-225
107000204,114,1125,-1011
107000205,142,76,66
107000206,59,809,-750
107000207,106,164,-58
107000208,70,134,-64
107000209,98,276,-178
107000210,28,132,-104
107000211,1,19,-18
107000212,0,28,-28
107000213,2,1,1
107000214,2,18,-16
107000215,120,37,83
107000216,91,111,-20
107000217,21,11,10
107000219,12,45,-33
107000220,9,6,3
107000222,13,21,-8
107000224,121,15,106
107000225,17,85,-68
107000226,217,7,210
107000227,19,46,-27
107000228,7,26,-19
107000229,52,29,23
107000230,70,64,6
107000231,253,456,-203
107000232,24,10,14
107000233,44,152,-108
107000234,0,69,-69
107000235,114,1,113
107000236,0,0,0
107000237,37,0,37
107000238,44,2,42
107000239,398,183,215
107000240,22,48,-26
107000243,0,64,-64
107000244,2,0,2
107000246,0,62,-62
107000249,0,58,-58
107000251,0,2,-2
107000252,0,67,-67
107000255,31,0,31
107000257,2,86,-84
107000258,0,31,-31
107000259,0,3,-3
107000260,927,7,920
107000262,0,49,-49
107000263,212,0,212
107000266,7,1,6
107000267,5,14,-9
107000268,6,7,-1
107000269,5,2,3
107000270,66,31,35
107000271,0,0,0
107000272,62,0,62
107000273,0,39,-39
107000274,87,1,86
107000275,12,89,-77
107000280,451,5,446
107000281,0,52,-52
107000282,1,175,-174
107000290,1,2,-1
107000291,0,3,-3
107000292,0,2,-2
107000293,4,0,4
107000294,0,20,-20
107000295,10,0,10
107000296,0,1,-1
107000444,63,0,63
107000496,0,6,-6
107000497,167,208,-41
107000500,128,72,56
107000501,4,54,-50
107000502,146,60,86
107000505,63,284,-221
107000506,0,0,0
107000508,0,27,-27
107000509,56,285,-229
107000510,3,6,-3
107000514,31,129,-98
107000515,2,20,-18
107000516,338,47,291
107000518,535,315,220
107000519,57,24,33
107000520,34,5,29
107000521,113,15,98
107000522,349,138,211
107900001,12,0,12
107900002,6,0,6
107900003,12,1,11
107900004,0,0,0
107900005,543,3,540
107900006,38,0,38
107900007,121,0,121
107900008,28,1,27
107900009,2,0,2
107900010,0,0,0
107900012,50,0,50
107900013,13,0,13
107900014,4,0,4
107900015,290,3,287
107900016,33,4,29
107900017,3,0,3
107900018,14,48,-34
107900019,27,1,26
107900020,0,0,0
107900021,25,0,25
107900023,5,0,5
107900024,0,0,0
107900025,27,32,-5
107900026,6,2,4
107900027,0,0,0
107900028,7,0,7
107900030,53,9,44
107900031,4,2,2
107900032,7,0,7
107900033,0,1,-1
107900034,32,1,31
107900035,272,2,270
107900036,20,7,13
107900037,0,0,0
107900038,3,28,-25
107900039,2,0,2
107900040,0,0,0
107900041,0,0,0
107900043,21,18,3
107900044,0,2,-2
107900045,11,31,-20
107900046,41,40,1
107900047,0,0,0
107900048,19,0,19
107900049,5,90,-85
107900050,0,4,-4
107900051,5,0,5
107900052,0,0,0
107900053,3,0,3
107900055,54,12,42
107900056,12,14,-2
107900057,0,0,0
107900058,2,23,-21
107900060,0,0,0
107900061,0,0,0
107900063,18,29,-11
107900064,92,26,66
107900065,78,0,78
107900066,0,0,0
107900067,0,0,0
107900068,7,84,-77
107900069,0,490,-490
107900070,24,5,19
107900071,0,35,-35
107900072,59,5,54
107900073,0,0,0
107900074,0,0,0
107900076,8,4,4
107900077,0,0,0
107900079,4,0,4
107900080,7,154,-147
107900081,0,0,0
107900082,0,0,0
107900083,72,35,37
107900084,3,8,-5
107900086,5,43,-38
107900087,9,0,9
107900088,8,0,8
107900089,10,40,-30
107900090,1,171,-170
107900091,49,41,8
107900093,0,0,0
107900095,170,229,-59
107900097,2,2,0
107900098,14,4,10
107900100,30,296,-266
107900101,15,3,12
107900102,3,0,3
107900103,1,5,-4
107900104,1,0,1
107900105,0,27,-27
107900106,0,75,-75
107900107,0,0,0
107900108,14,2,12
107900109,451,2,449
107900110,43,0,43
107900111,0,99,-99
107900112,1,62,-61
107900113,0,0,0
107900114,62,17,45
107900115,0,0,0
107900116,48,34,14
107900117,41,54,-13
107900118,0,3,-3
107900119,22,34,-12
107900120,0,1,-1
107900121,0,0,0
107900122,0,0,0
107900123,0,2,-2
107900124,0,0,0
107900125,0,3,-3
107900126,0,0,0
107900127,0,0,0
107900128,0,4,-4
107900129,1,1,0
107900130,0,0,0
107900131,2,14,-12
107900132,1,30,-29
107900133,0,0,0
107900134,3,1,2
107900135,0,1,-1
107900136,0,0,0
107900137,14,17,-3
107900138,15,12,3
107900139,0,0,0
107900141,10,3,7
107900142,0,16,-16
107900143,6,0,6
107900144,0,6,-6
107900145,0,0,0
107900146,6,10,-4
107900147,3,1,2
107900148,0,4,-4
107900149,33,5,28
107900150,1,20,-19
107900151,1,1,0
107900152,0,0,0
107900153,2,60,-58
107900154,10,1,9
107900155,0,0,0
107900156,0,0,0
107900157,0,1,-1
107900158,121,3,118
107900159,1,25,-24
107900160,64,7,57
107900161,0,9,-9
107900162,0,0,0
107900163,0,0,0
107900164,0,0,0
107900165,5,68,-63
107900166,14,15,-1
107900167,0,0,0
107900168,0,1,-1
107900169,8,1,7
107900171,0,37,-37
107900172,14,1,13
107900173,4,5,-1
107900174,0,0,0
107900175,0,0,0
107900176,1,0,1
107900177,0,0,0
107900178,0,18,-18
107900179,0,0,0
107900180,6,171,-165
107900181,0,0,0
107900182,73,28,45
107900183,2,17,-15
107900184,0,0,0
107900185,0,0,0
107900186,1,0,1
107900187,0,4,-4
107900188,251,64,187
107900189,0,0,0
107900190,2,18,-16
107900191,0,0,0
107900193,2,0,2
107900194,0,0,0
107900195,108,5,103
107900196,0,0,0
107900197,0,12,-12
107900199,0,0,0
107900201,0,0,0
107900203,0,0,0
107900204,0,0,0
107900206,8,95,-87
107900207,0,43,-43
107900208,0,32,-32
107900209,0,0,0
107900210,1,0,1
107900213,0,0,0
107900214,0,24,-24
107900215,5,13,-8
107900216,0,0,0
107900217,0,0,0
107900218,0,0,0
107900219,0,1,-1
107900220,0,0,0
107900221,4,2,2
107900223,0,0,0
107900224,34,48,-14
107900225,0,0,0
107900226,0,0,0
107900227,8,7,1
107900228,0,0,0
107900229,0,0,0
107900230,0,1,-1
107900231,0,0,0
107900232,15,2,13
107900233,0,0,0
107900234,0,0,0
107900235,0,5,-5
107900236,1,0,1
107900237,0,0,0
107900238,0,0,0
107900239,29,34,-5
107900240,0,2,-2
107900241,0,0,0
107900242,6,26,-20
107900243,0,0,0
107900244,0,0,0
107900245,152,17,135
107900246,87,0,87
107900248,114,5,109
107900249,131,10,121
107900250,0,21,-21
107900251,0,51,-51
107900252,106,7,99
107900253,26,0,26
107900254,2,7,-5
107900255,7,0,7
107900256,18,0,18
107900257,50,6,44
107900258,7,14,-7
107900259,3,401,-398
107900261,0,16,-16
107900262,0,0,0
107900264,92,0,92
107900265,7,37,-30
107900267,65,0,65
107900268,0,0,0
107900269,0,0,0
107900270,0,0,0
107900271,0,0,0
107900272,2,0,2
107900273,29,4,25
107900274,61,0,61
107900275,3,0,3
107900276,0,0,0
107900277,0,0,0
107900278,87,1,86
107900279,0,0,0
107900280,464,71,393
107900281,116,691,-575
107900282,9,225,-216
107900283,192,107,85
107900284,192,33,159
107900285,24,5,19
107900286,3,0,3
107900287,81,11,70
107900290,0,0,0
107900291,60,0,60
107900292,107,21,86
107900293,61,66,-5
107900295,3,0,3
107900297,0,0,0
107900298,117,142,-25
107900299,90,241,-151
107900301,35,149,-114
107900302,15,14,1
107900303,48,5,43
107900304,88,1,87
107900305,67,1,66
107900306,0,0,0
107900307,0,0,0
107900308,44,10,34
107900309,0,0,0
107900310,0,0,0
107900311,0,0,0
107900312,0,0,0
107900313,0,0,0
107900314,0,0,0
107900315,0,0,0
107900316,0,0,0
107900317,0,0,0
107900318,0,0,0
107900319,0,1,-1
107900320,0,5,-5
107900321,19,0,19
107900322,0,3,-3
107900323,0,2,-2
107900324,33,0,33
107900325,38,0,38
107900326,61,3,58
107900327,0,0,0
107900328,0,0,0
107900329,0,0,0
107900330,0,7,-7
107900331,132,16,116
107900332,130,0,130
107900333,15,0,15
107900334,0,1,-1
107900335,2,1,1
107900336,0,2,-2
107900337,92,172,-80
107900338,0,0,0
107900339,0,0,0
107900340,0,0,0
107900341,0,0,0
107900342,28,1,27
107900343,10,1,9
107900344,0,1,-1
107900345,8,1,7
107900346,0,0,0
107900347,7,0,7
107900348,0,0,0
107900349,24,0,24
107900350,0,31,-31
107900351,0,1,-1
107900352,0,0,0
107900353,1,0,1
107900354,2,7,-5
108000001,1995,1198,797
108000002,137,218,-81
108000003,2124,948,1176
108000004,1246,2524,-1278
108000005,4805,2093,2712
108000006,607,1038,-431
108000007,3683,1347,2336
108000008,839,691,148
108000009,2973,1450,1523
108000010,540,724,-184
108000011,7780,3982,3798
108000012,2320,1557,763
108000014,187,264,-77
108000015,439,85,354
108000016,71,36,35
108000017,740,54,686
108000018,1339,100,1239
108000019,224,111,113
108000020,560,135,425
108000021,36,33,3
108000022,118,237,-119
108000023,735,64,671
108000024,102,136,-34
108000025,151,11,140
108000026,303,59,244
108000027,278,0,278
108000028,551,60,491
108000029,160,1,159
108000030,169,32,137
108000031,55,19,36
108000032,966,129,837
108000033,58,171,-113
108000034,1309,100,1209
108000035,125,359,-234
108000036,36,128,-92
108000037,1053,76,977
108000038,1777,136,1641
108000039,57,140,-83
108000040,1048,236,812
108000041,74,182,-108
108000042,272,21,251
108000043,8,0,8
108000044,555,11,544
108000045,33,0,33
108000046,978,66,912
108000047,75,164,-89
108000048,0,0,0
108000049,500,44,456
108000050,4,23,-19
108000051,224,57,167
108000052,17,32,-15
108000053,212,71,141
108000054,45,240,-195
108000055,474,175,299
108000056,159,248,-89
108000057,257,488,-231
108000058,723,1455,-732
108000059,275,591,-316
108000060,169,287,-118
108000061,104,127,-23
108000062,421,128,293
108000063,285,108,177
108000064,111,146,-35
108000065,233,155,78
108000066,557,81,476
108000067,883,117,766
108000068,447,169,278
108000069,28,314,-286
108000070,1345,169,1176
108000071,96,429,-333
108000072,1248,197,1051
108000073,228,298,-70
108000074,489,152,337
108000075,115,137,-22
108000076,898,82,816
108000077,152,111,41
108000078,1284,213,1071
108000079,125,297,-172
108000080,974,246,728
108000081,82,287,-205
108000082,160,156,4
108000083,635,261,374
108000084,62,68,-6
108000085,377,221,156
108000086,39,33,6
108000087,98,1043,-945
108000088,413,47,366
108000089,61,59,2
108000091,10,96,-86
108000092,212,8,204
108000093,37,83,-46
108000094,617,9,608
108000095,5,31,-26
108000096,488,141,347
108000097,60,57,3
108000098,950,316,634
108000099,253,96,157
108000100,176,189,-13
108000101,605,360,245
108000102,524,1100,-576
108000106,461,0,461
108000107,0,63,-63
108000108,321,15,306
108000109,0,165,-165
108000110,335,14,321
108000111,23,153,-130
108000112,25,169,-144
108000113,173,127,46
108000115,125,41,84
108000117,226,25,201
108000118,128,485,-357
108000119,279,72,207
108000120,34,255,-221
108000121,149,42,107
108000122,345,81,264
108000123,241,18,223
108000124,51,17,34
108000125,339,56,283
108000126,65,29,36
108000127,334,47,287
108000128,219,18,201
108000129,39,36,3
108000130,208,85,123
108000131,378,55,323
108000132,65,58,7
108000133,1002,70,932
108000134,127,31,96
108000135,893,104,789
108000136,29,67,-38
108000137,364,130,234
108000138,58,226,-168
108000139,343,134,209
108000140,351,1,350
108000141,1,27,-26
108000142,4,19,-15
108000143,23,16,7
108000144,652,3,649
108000145,47,23,24
108000146,668,17,651
108000147,5,11,-6
108000148,251,7,244
108000149,1,1,0
108000150,58,12,46
108000151,12,49,-37
108000152,53,15,38
108000153,236,15,221
108000154,26,5,21
108000155,45,15,30
108000156,256,49,207
108000157,20,674,-654
108000158,54,232,-178
108000159,70,59,11
108000160,913,439,474
108000161,595,748,-153
108000165,20,33,-13
108000172,1,55,-54
108000173,585,569,16
108000175,231,24,207
108000178,144,335,-191
108000179,150,634,-484
108000181,10,3,7
108000182,54,15,39
108000183,0,42,-42
108000184,63,1234,-1171
108000185,1,5,-4
108000186,116,2,114
108000187,0,10,-10
108000188,210,5,205
108000189,201,3490,-3289
108000190,0,0,0
108000192,107,68,39
108000193,8,191,-183
108000194,12,4,8
108000195,0,12,-12
108000196,91,2,89
108000198,255,31,224
108000199,0,0,0
108000200,163,1,162
108000203,0,11,-11
108000204,17,22,-5
108000205,33,6,27
108000339,359,287,72
108000364,72,120,-48
108000365,15,44,-29
108000367,34,4,30
108000368,0,2,-2
108000369,44,8,36
108000371,0,108,-108
108000372,244,1,243
108000373,64,36,28
108000376,36,23,13
108000377,418,165,253
108000378,5862,5592,270
108000379,0,0,0
108000381,109,7,102
108000382,50,0,50
108000383,0,10,-10
108900001,0,25,-25
108900002,90,3,87
108900003,0,11,-11
108900004,91,120,-29
108900007,118,86,32
108900008,40,14,26
108900009,70,13,57
108900010,60,32,28
108900011,418,36,382
108900012,250,43,207
108900013,83,37,46
108900014,0,8,-8
108900015,0,0,0
108900016,0,0,0
108900017,53,57,-4
108900018,18,48,-30
108900019,0,14,-14
108900020,15,19,-4
108900021,19,36,-17
108900022,15,1,14
108900023,0,2,-2
108900024,0,4,-4
108900025,56,2,54
108900026,0,0,0
108900027,0,5,-5
108900028,16,21,-5
108900029,11,25,-14
108900030,0,0,0
108900031,39,11,28
108900032,0,0,0
108900033,0,15,-15
108900034,0,6,-6
108900035,39,66,-27
108900038,0,15,-15
108900039,0,10,-10
108900040,1,10,-9
108900041,651,786,-135
108900042,0,5,-5
108900043,0,0,0
108900044,0,27,-27
108900045,47,59,-12
108900046,5,26,-21
108900047,0,4,-4
108900048,17,41,-24
108900049,76,247,-171
108900050,1,51,-50
108900051,0,5,-5
108900052,1,4,-3
108900053,1,75,-74
108900054,0,0,0
108900055,3,15,-12
108900056,0,16,-16
108900057,0,24,-24
108900058,0,19,-19
108900059,92,14,78
108900060,15,71,-56
108900061,0,0,0
108900062,0,35,-35
108900063,1,5,-4
108900064,15,11,4
108900065,23,26,-3
108900066,119,17,102
108900067,1,17,-16
108900068,0,17,-17
108900069,82,4,78
108900070,27,7,20
108900071,71,0,71
108900072,123,41,82
108900073,2,6,-4
108900074,96,9,87
108900075,30,2,28
108900076,232,21,211
108900077,3,16,-13
108900078,47,12,35
108900079,66,2,64
108900080,34,182,-148
108900081,1,55,-54
108900082,10,3,7
108900083,0,14,-14
108900085,108,0,108
108900086,9,4,5
108900087,38,30,8
108900088,95,58,37
108900089,2,68,-66
108900090,26,8,18
108900091,7,4,3
108900092,116,45,71
108900093,12,32,-20
108900094,57,9,48
108900095,1,11,-10
108900096,38,1,37
108900097,67,15,52
108900098,199,266,-67
108900099,103,10,93
108900100,17,7,10
108900101,21,22,-1
108900102,1,254,-253
108900103,25,12,13
108900105,8,459,-451
108900106,192,24,168
108900108,59,12,47
108900109,108,1,107
108900110,7,7,0
108900111,144,22,122
108900113,17,13,4
108900114,42,0,42
108900115,56,14,42
108900116,4,1,3
108900117,46,1,45
108900118,173,7,166
108900119,186,12,174
108900120,52,57,-5
108900121,64,2,62
108900122,25,13,12
108900123,31,35,-4
108900124,25,9,16
108900125,171,1,170
108900126,52,23,29
108900127,45,5,40
108900128,131,7,124
108900129,69,5,64
108900130,69,0,69
108900131,225,8,217
108900132,101,1,100
108900133,82,26,56
108900134,341,16,325
108900135,153,0,153
108900136,21,11,10
108900137,55,0,55
108900138,238,5,233
108900140,273,2,271
108900141,146,1,145
108900142,51,1,50
108900143,21,0,21
108900144,45,0,45
108900145,89,9,80
108900146,18,0,18
108900147,226,0,226
108900148,15,1,14
108900150,29,2,27
108900151,8,1,7
108900152,111,0,111
108900153,116,15,101
108900154,1738,74,1664
108900156,19,0,19
108900157,1,29,-28
108900158,121,1,120
108900159,0,28,-28
108900160,1,36,-35
108900161,0,56,-56
108900162,26,0,26
108900163,1,172,-171
108900164,24,13,11
108900168,523,560,-37
108900169,5,13,-8
108900171,234,914,-680
108900172,45,6,39
108900173,28,9,19
108900174,461,66,395
108900176,2,12,-10
108900177,185,607,-422
108900178,306,951,-645
108900180,46,83,-37
108900183,16,22,-6
108900184,156,21,135
108900185,3,53,-50
108900186,9,45,-36
108900189,101,8,93
108900190,1,50,-49
108900192,9,53,-44
108900195,6,4,2
108900196,1,7,-6
108900199,52,52,0
108900200,165,83,82
108900201,45,143,-98
108900203,158,27,131
108900204,119,11,108
108900205,84,6,78
108900206,54,6,48
108900207,20,18,2
108900208,30,48,-18
108900209,17,40,-23
108900210,0,3,-3
108900211,1,29,-28
108900212,3,134,-131
108900215,0,2,-2
108900216,42,13,29
108900217,6,0,6
108900218,15,0,15
108900221,0,0,0
108900224,0,0,0
108900225,0,0,0
108900227,17,39,-22
108900230,15,20,-5
108900232,0,25,-25
108900233,117,5,112
108900234,78,8,70
108900235,0,0,0
108900236,0,0,0
108900240,5,19,-14
108900241,0,11,-11
108900245,0,67,-67
108900250,23,1,22
108900258,0,12,-12
108900259,0,1,-1
108900260,0,1,-1
108900261,3,6,-3
108900262,32,4,28
108900263,7,9,-2
108900264,7,25,-18
108900265,25,116,-91
108900266,17,226,-209
108900267,0,59,-59
108900268,3,8,-5
108900269,10,2,8
108900270,27,0,27
108900271,3,0,3
108900272,102,1,101
108900273,25,158,-133
108900274,3,3,0
109000001,718,1940,-1222
109000002,0,227,-227
109000003,1164,199,965
109000004,1,91,-90
109000005,977,260,717
109000006,1,99,-98
109000007,1022,317,705
109000008,1,74,-73
109000009,1455,436,1019
109000010,7,122,-115
109000011,2026,729,1297
109000012,41,136,-95
109000013,2538,1666,872
109000014,46,139,-93
109000015,2687,5341,-2654
109000016,80,191,-111
109000017,1592,393,1199
109000018,33,122,-89
109000019,1260,577,683
109000020,10,53,-43
109000023,38,0,38
109000024,0,8,-8
109000025,44,96,-52
109000026,220,226,-6
109000027,36,106,-70
109000028,33,23,10
109000029,60,84,-24
109000030,0,0,0
109000031,228,19,209
109000032,0,9,-9
109000033,208,25,183
109000034,7,5,2
109000035,2,6,-4
109000036,5,71,-66
109000037,75,881,-806
109000038,50,41,9
109000039,183,290,-107
109000040,137,1896,-1759
109000041,227,711,-484
109000042,136,285,-149
109000044,164,8,156
109000045,44,0,44
109000046,207,4,203
109000047,5,0,5
109000048,322,74,248
109000049,8,12,-4
109000050,136,71,65
109000051,2,29,-27
109000052,65,48,17
109000053,373,48,325
109000054,8,44,-36
109000055,47,79,-32
109000056,42,14,28
109000057,36,159,-123
109000058,135,16,119
109000059,1,224,-223
109000060,134,132,2
109000061,40,1041,-1001
109000062,15,90,-75
109000063,6,11,-5
109000064,117,19,98
109000065,0,23,-23
109000066,121,7,114
109000067,0,66,-66
109000068,61,1,60
109000069,178,5,173
109000070,0,16,-16
109000071,66,16,50
109000072,63,358,-295
109000073,9,44,-35
109000074,12,135,-123
109000075,75,1,74
109000076,35,133,-98
109000077,81,97,-16
109000078,29,41,-12
109000079,39,35,4
109000080,151,18,133
109000081,62,43,19
109000082,273,8,265
109000083,100,52,48
109000088,113,37,76
109000089,223,25,198
109000090,96,49,47
109000091,161,37,124
109000092,105,143,-38
109000093,159,48,111
109000094,365,0,365
109000095,14,26,-12
109000096,522,13,509
109000097,7,24,-17
109000098,55,36,19
109000099,352,13,339
109000100,43,93,-50
109000101,839,219,620
109000102,139,82,57
109000103,445,108,337
109000104,1006,103,903
109000105,68,74,-6
109000106,851,172,679
109000107,89,90,-1
109000108,995,192,803
109000109,59,56,3
109000110,451,249,202
109000111,145,210,-65
109000112,7,27,-20
109000113,136,12,124
109000114,155,90,65
109000115,320,24,296
109000116,8,122,-114
109000117,133,5,128
109000118,0,109,-109
109000119,600,11,589
109000120,16,62,-46
109000121,373,25,348
109000122,32,88,-56
109000123,8,37,-29
109000124,262,67,195
109000125,742,81,661
109000126,26,49,-23
109000127,1288,66,1222
109000128,29,29,0
109000129,1093,79,1014
109000130,81,63,18
109000131,664,428,236
109000132,130,256,-126
109000133,39,41,-2
109000134,12,62,-50
109000135,36,22,14
109000136,132,129,3
109000137,338,39,299
109000138,148,79,69
109000139,193,11,182
109000140,102,102,0
109000141,375,41,334
109000142,18,61,-43
109000143,5,20,-15
109000145,42,98,-56
109000146,36,199,-163
109000148,0,0,0
109000149,11,144,-133
109000150,98,85,13
109000155,159,242,-83
109000156,169,5,164
109000158,6,151,-145
109000159,5,100,-95
109000160,469,49,420
109000161,330,105,225
109000162,512,111,401
109000163,547,96,451
109000164,740,504,236
109000165,602,249,353
109000166,445,24,421
109000167,157,33,124
109000170,1,7,-6
109000171,39,3,36
109000172,2,3,-1
109000173,2,10,-8
109000174,12,1,11
109000175,55,23,32
109000176,106,89,17
109000177,16,24,-8
109000178,231,62,169
109000179,437,631,-194
109000180,654,283,371
109000181,10,18,-8
109000182,26,20,6
109000183,15,1,14
109000184,21,48,-27
109000185,16,15,1
109000188,120,188,-68
109000189,446,30,416
109000190,128,159,-31
109000191,263,50,213
109000192,201,2,199
109000193,97,12,85
109000194,91,8,83
109000195,38,7,31
109000196,82,4,78
109000197,62,6,56
109000198,76,1,75
109000199,21,4,17
109000206,87,6,81
109000207,55,10,45
109000208,46,52,-6
109000209,31,27,4
109000210,21,23,-2
109000211,268,188,80
109000214,198,180,18
109000215,107,25,82
109000216,131,213,-82
109000217,8,2,6
109000218,9,18,-9
109000221,8,51,-43
109000222,331,35,296
109000223,97,146,-49
109000224,82,30,52
109000225,47,3,44
109000226,98,32,66
109000227,475,111,364
109000228,0,0,0
109000231,0,32,-32
109000232,227,27,200
109000236,16,32,-16
109000241,590,216,374
109000242,370,107,263
109000293,7,37,-30
109000361,124,24,100
109000364,7,12,-5
109000396,0,50,-50
109000397,516,1,515
109000399,61,136,-75
109000400,29,55,-26
109000403,2,635,-633
109000406,82,0,82
109000407,41,32,9
109000408,0,59,-59
109000410,0,0,0
109000411,159,13,146
109900001,0,0,0
109900002,65,1,64
109900003,172,0,172
109900005,5,0,5
109900006,205,16,189
109900007,302,2,300
109900008,0,0,0
109900009,0,7,-7
109900010,0,0,0
109900011,16,10,6
109900012,42,31,11
109900013,43,25,18
109900015,29,26,3
109900017,9,0,9
109900018,28,0,28
109900019,31,1,30
109900020,5,0,5
109900021,0,0,0
109900022,132,22,110
109900023,8,2,6
109900024,0,0,0
109900025,1,0,1
109900027,1,2,-1
109900028,13,135,-122
109900029,0,7,-7
109900030,2,0,2
109900031,0,20,-20
109900032,0,0,0
109900033,0,41,-41
109900034,8,1,7
109900035,1,6,-5
109900036,0,0,0
109900037,0,0,0
109900038,0,24,-24
109900039,25,0,25
109900040,0,0,0
109900041,35,4,31
109900042,0,0,0
109900044,22,3,19
109900045,23,1,22
109900046,122,11,111
109900047,0,24,-24
109900048,0,1,-1
109900049,0,3,-3
109900050,0,1,-1
109900051,0,2,-2
109900052,0,4,-4
109900053,0,10,-10
109900054,305,10,295
109900055,15,8,7
109900056,0,0,0
109900057,0,8,-8
109900058,0,0,0
109900060,135,8,127
109900061,1,8,-7
109900062,0,0,0
109900064,29,16,13
109900065,0,4,-4
109900066,3,15,-12
109900067,0,0,0
109900068,28,0,28
109900069,0,1,-1
109900071,0,0,0
109900072,0,9,-9
109900073,110,9,101
109900074,0,1,-1
109900075,0,0,0
109900076,0,1,-1
109900077,0,44,-44
109900078,2,11,-9
109900080,11,10,1
109900081,0,6,-6
109900082,0,9,-9
109900083,0,1,-1
109900084,0,0,0
109900085,9,7,2
109900086,5,143,-138
109900087,12,19,-7
109900089,38,0,38
109900092,0,0,0
109900093,35,1,34
109900094,0,0,0
109900095,1,12,-11
109900096,53,0,53
109900097,12,0,12
109900098,48,0,48
109900099,203,0,203
109900100,0,0,0
109900101,260,1,259
109900102,0,0,0
109900103,58,16,42
109900104,365,12,353
109900105,0,0,0
109900106,0,0,0
109900107,0,0,0
109900108,0,0,0
109900109,0,0,0
109900111,7,6,1
109900114,108,24,84
109900115,14,3,11
109900117,347,13,334
109900121,50,33,17
109900123,0,2,-2
109900125,0,27,-27
109900126,109,1,108
109900130,188,301,-113
109900131,3,0,3
109900132,0,0,0
109900134,0,0,0
109900135,0,0,0
109900137,15,2,13
109900140,19,7,12
109900149,0,0,0
109900150,0,2,-2
109900151,0,0,0
109900152,0,3,-3
109900153,0,20,-20
109900154,3,0,3
109900155,33,1,32
109900157,1,9,-8
109900159,52,15,37
109900161,30,0,30
109900162,70,41,29
109900163,122,37,85
109900164,47,92,-45
109900165,26,2,24
109900166,0,28,-28
109900167,19,33,-14
109900168,53,55,-2
109900169,0,0,0
109900170,4,261,-257
109900171,29,24,5
109900172,11,27,-16
109900173,39,208,-169
109900174,1,1,0
109900175,0,0,0
109900176,0,0,0
109900177,0,0,0
109900178,0,0,0
109900179,0,0,0
109900180,0,0,0
110000001,112,65,47
110000002,285,620,-335
110000003,136,200,-64
110000004,319,664,-345
110000005,208,1067,-859
110000006,116,413,-297
110000007,18,11,7
110000008,2,4,-2
110000009,1,4,-3
110000010,25,37,-12
110000011,2,16,-14
110000012,93,96,-3
110000013,20,243,-223
110000014,221,38,183
110000015,32,224,-192
110000016,191,648,-457
110000017,945,171,774
110000018,231,90,141
110000019,7,8,-1
110000020,169,32,137
110000021,60,32,28
110000022,147,4,143
110000023,1,30,-29
110000024,69,28,41
110000025,346,0,346
110000026,0,78,-78
110000027,95,254,-159
110000028,552,146,406
110000029,16,131,-115
110000030,101,282,-181
110000031,60,55,5
110000032,288,101,187
110000033,47,53,-6
110000034,136,137,-1
110000035,143,148,-5
110000036,264,144,120
110000037,40,150,-110
110000038,53,157,-104
110000039,410,1077,-667
110000040,167,56,111
110000041,198,993,-795
110000042,30,76,-46
110000043,222,186,36
110000044,3,49,-46
110000045,9,75,-66
110000046,16,9,7
110000047,6,28,-22
110000048,1,8,-7
110000049,3,22,-19
110000050,1,14,-13
110000051,10,2,8
110000052,35,53,-18
110000053,2,3,-1
110000054,9,80,-71
110000055,51,42,9
110000056,62,68,-6
110000057,48,62,-14
110000058,312,209,103
110000059,108,109,-1
110000060,662,258,404
110000061,103,98,5
110000062,562,275,287
110000063,45,20,25
110000064,26,5,21
110000065,43,39,4
110000066,15,7,8
110000067,17,1,16
110000068,31,17,14
110000069,161,0,161
110000071,85,4,81
110000073,0,0,0
110000075,2,2,0
110000076,96,100,-4
110000077,55,196,-141
110000078,42,2,40
110000080,71,102,-31
110000081,11,57,-46
110000082,1,105,-104
110000083,91,86,5
110000084,396,447,-51
110000085,432,290,142
110000086,437,710,-273
110000087,19,11,8
110000088,25,33,-8
110000089,107,13,94
110000090,11,15,-4
110000091,34,11,23
110000092,1,0,1
110000093,83,3,80
110000094,222,24,198
110000095,62,271,-209
110000096,239,313,-74
110000097,301,650,-349
110000098,653,126,527
110000099,203,166,37
110000100,297,3,294
110000101,0,21,-21
110000102,30,22,8
110000104,112,59,53
110000105,44,47,-3
110000106,89,212,-123
110000107,49,77,-28
110000108,64,87,-23
110000109,4,26,-22
110000110,772,1331,-559
110000111,803,928,-125
110000112,161,163,-2
110000113,35,580,-545
110000114,65,180,-115
110000115,171,44,127
110000116,26,20,6
110000117,118,37,81
110000118,233,6,227
110000119,90,24,66
110000120,87,45,42
110000121,1,121,-120
110000122,138,171,-33
110000123,362,200,162
110000124,0,151,-151
110000125,326,1,325
110000126,71,2,69
110000127,345,9,336
110000128,0,66,-66
110000129,1,29,-28
110000130,97,56,41
110000131,7,42,-35
110000132,1,54,-53
110000133,2,58,-56
110000134,0,22,-22
110000135,96,24,72
110000136,12,40,-28
110000137,247,19,228
110000138,112,53,59
110000139,467,48,419
110000140,447,127,320
110000143,206,54,152
110000144,961,381,580
110000145,369,265,104
110000146,423,133,290
110000147,10,282,-272
110000148,260,27,233
110000151,97,260,-163
110000152,135,518,-383
110000153,0,0,0
110000154,0,0,0
110000155,327,389,-62
110000156,85,279,-194
110000157,145,492,-347
110000160,166,86,80
110000161,25,74,-49
110000166,224,0,224
110000167,538,228,310
110000168,389,198,191
110000169,261,117,144
110000170,15,42,-27
110000171,190,8,182
110000172,90,121,-31
110000173,205,274,-69
110000174,36,64,-28
110000175,295,47,248
110000176,35,251,-216
110000177,49,386,-337
110000178,166,828,-662
110000179,170,154,16
110000180,19,90,-71
110000181,166,43,123
110000182,73,1,72
110000183,2314,2531,-217
110000184,56,1045,-989
110000185,77,182,-105
110000186,66,135,-69
110000191,607,40,567
110000192,240,1,239
110000193,538,0,538
110000194,1,86,-85
110000195,274,2,272
110000196,169,8,161
110000197,29,6,23
110000198,21,4,17
110000199,8,30,-22
110000200,173,33,140
110000201,276,325,-49
110000202,441,155,286
110000203,42,23,19
110000204,2,8,-6
110000205,118,10,108
110000206,34,20,14
110000207,711,32,679
110000208,24,42,-18
110000209,0,24,-24
110000210,820,125,695
110000211,416,151,265
110000212,109,415,-306
110000213,65,8,57
110000214,56,13,43
110000215,5,44,-39
110000216,11,64,-53
110000217,220,9,211
110000218,29,23,6
110000219,134,14,120
110000220,2,24,-22
110000221,176,1,175
110000222,11,51,-40
110000223,10,17,-7
110000224,0,0,0
110000225,36,84,-48
110000226,69,9,60
110000227,14,118,-104
110000228,41,10,31
110000229,0,13,-13
110000230,279,175,104
110000231,114,69,45
110000232,30,56,-26
110000233,73,63,10
110000234,115,72,43
110000235,221,279,-58
110000236,0,0,0
110000237,385,94,291
110000238,539,228,311
110000239,401,147,254
110000240,0,0,0
110000242,0,0,0
110000243,20,17,3
110000244,0,13,-13
110000245,1,66,-65
110000246,251,84,167
110000247,207,252,-45
110000248,207,87,120
110000249,60,9,51
110000250,2,15,-13
110000251,44,62,-18
110000252,117,10,107
110000253,446,160,286
110000254,153,79,74
110000255,47,58,-11
110000256,123,51,72
110000257,49,0,49
110000258,0,40,-40
110000259,29,4,25
110000260,16,27,-11
110000263,91,9,82
110000264,278,106,172
110000265,631,202,429
110000266,603,527,76
110000267,0,0,0
110000268,48,0,48
110000269,0,0,0
110000270,12,0,12
110000271,288,5,283
110000272,190,167,23
110000273,94,199,-105
110000274,74,682,-608
110000275,165,70,95
110000276,27,204,-177
110000277,143,20,123
110000278,93,115,-22
110000279,458,98,360
110000280,224,79,145
110000281,24,5,19
110000282,60,5,55
110000283,8,30,-22
110000284,0,2,-2
110000285,0,7,-7
110000286,1,0,1
110000287,6,0,6
110000288,0,0,0
110000289,82,848,-766
110000290,57,99,-42
110000291,224,322,-98
110000292,236,1486,-1250
110000293,360,129,231
110000294,596,179,417
110000295,28,89,-61
110000296,261,23,238
110000297,549,9,540
110000298,4,26,-22
110000299,26,26,0
110000301,293,23,270
110000302,38,47,-9
110000303,315,3,312
110000304,34,13,21
110000305,542,0,542
110000306,0,59,-59
110000307,525,1,524
110000308,219,37,182
110000309,0,95,-95
110000310,357,16,341
110000311,0,75,-75
110000312,164,11,153
110000313,425,129,296
110000314,0,40,-40
110000315,373,507,-134
110000316,4,244,-240
110000317,3,12,-9
110000318,0,14,-14
110000319,0,2,-2
110000320,1,15,-14
110000321,18,5,13
110000322,39,66,-27
110000323,150,65,85
110000324,150,82,68
110000325,897,1022,-125
110000327,84,4,80
110000328,0,15,-15
110000333,302,405,-103
110000334,28,104,-76
110000335,90,71,19
110000336,37,75,-38
110000337,717,48,669
110000338,134,106,28
110000339,202,22,180
110000340,2,6,-4
110000341,144,1,143
110000342,13,0,13
110000343,0,0,0
110000344,0,3,-3
110000345,12,58,-46
110000346,630,385,245
110000347,890,204,686
110000348,1,5,-4
110000349,1,0,1
110000350,23,0,23
110000351,511,124,387
110000352,222,428,-206
110000353,817,94,723
110000354,160,789,-629
110000355,0,0,0
110000356,204,0,204
110000357,231,0,231
110000361,0,0,0
110000362,0,0,0
110000363,216,5,211
110000364,106,69,37
110000365,24,0,24
110000366,0,6,-6
110000367,42,20,22
110000368,0,2,-2
110000369,36,0,36
110000373,0,11,-11
110000374,2,17,-15
110000375,37,96,-59
110000376,24,32,-8
110000377,61,145,-84
110000378,0,77,-77
110000379,764,1171,-407
110000380,237,4,233
110000383,0,34,-34
110000384,297,19,278
110000385,0,18,-18
110000387,17,0,17
110000388,1,40,-39
110000389,475,2,473
110000391,307,8,299
110000396,30,9,21
110000397,77,1,76
110000398,1,14,-13
110000399,73,0,73
110000587,33,16,17
110000589,116,23,93
110000640,89,0,89
110000652,1,52,-51
110000653,62,39,23
110000654,0,0,0
110000656,0,0,0
110000674,0,0,0
110000675,0,0,0
110000676,0,0,0
110000679,17,26,-9
110000682,45,73,-28
110000683,211,118,93
110000684,0,0,0
110000685,0,9,-9
110000686,0,0,0
110000687,2,1,1
110000688,5,162,-157
110000689,50,6,44
110000692,4,42,-38
110000693,7,91,-84
110000694,0,0,0
110000695,5,32,-27
110000696,38,7,31
110900001,32,4,28
110900002,13,0,13
110900003,204,0,204
110900004,144,0,144
110900005,0,0,0
110900006,20,3,17
110900007,28,3,25
110900008,0,0,0
110900009,1,80,-79
110900010,0,0,0
110900011,4,1,3
110900012,0,0,0
110900013,193,18,175
110900014,54,0,54
110900015,11,231,-220
110900016,0,0,0
110900017,146,3,143
110900018,27,0,27
110900019,0,0,0
110900020,0,0,0
110900021,0,0,0
110900022,0,0,0
110900023,3,36,-33
110900024,0,0,0
110900025,0,0,0
110900027,0,0,0
110900028,0,0,0
110900029,0,0,0
110900030,0,0,0
110900031,0,0,0
110900032,0,0,0
110900033,1,0,1
110900035,0,0,0
110900036,22,0,22
110900037,21,0,21
110900038,0,0,0
110900039,0,0,0
110900040,25,1,24
110900041,2,0,2
110900042,0,0,0
110900043,0,0,0
110900044,0,0,0
110900045,0,0,0
110900046,0,0,0
110900047,0,0,0
110900049,8,15,-7
110900050,10,0,10
110900051,0,0,0
110900052,0,0,0
110900053,0,0,0
110900054,0,0,0
110900055,1,0,1
110900056,0,0,0
110900057,0,0,0
110900058,0,0,0
110900059,2,0,2
110900060,44,1,43
110900061,0,0,0
110900062,0,0,0
110900063,11,5,6
110900064,0,0,0
110900065,11,43,-32
110900066,0,7,-7
110900067,0,0,0
110900068,0,0,0
110900069,4,6,-2
110900070,0,0,0
110900071,1,1,0
110900073,0,4,-4
110900074,93,0,93
110900075,65,18,47
110900077,191,23,168
110900078,0,0,0
110900079,275,212,63
110900080,68,4,64
110900081,0,0,0
110900082,9,2,7
110900083,4,2,2
110900084,0,0,0
110900085,0,33,-33
110900086,2,23,-21
110900087,64,13,51
110900088,2,0,2
110900090,0,0,0
110900091,0,0,0
110900093,6,0,6
110900095,2,12,-10
110900097,1,3,-2
110900098,0,11,-11
110900099,2,29,-27
110900100,0,4,-4
110900102,32,17,15
110900105,23,6,17
110900108,8,3,5
110900111,4,0,4
110900112,194,1,193
110900113,8,3,5
110900115,0,2,-2
110900116,138,51,87
110900118,2,405,-403
110900119,38,0,38
110900120,0,0,0
110900121,21,0,21
110900122,2,0,2
110900125,63,107,-44
110900127,0,0,0
110900128,29,45,-16
110900129,3,106,-103
110900130,6,187,-181
110900131,46,4,42
110900132,54,1,53
110900133,0,0,0
110900135,0,0,0
110900136,19,0,19
110900138,0,0,0
110900139,0,0,0
110900140,0,0,0
110900141,30,2,28
110900142,0,0,0
110900143,29,0,29
110900144,0,0,0
110900145,9,39,-30
110900146,25,41,-16
110900147,0,0,0
110900148,0,0,0
110900149,0,0,0
110900150,0,6,-6
110900151,0,2,-2
110900152,0,9,-9
110900153,53,0,53
111000001,477,264,213
111000002,87,10,77
111000003,753,438,315
111000004,4,13,-9
111000005,540,692,-152
111000006,18,18,0
111000007,1088,1218,-130
111000008,138,107,31
111000009,33,122,-89
111000010,511,264,247
111000011,8,354,-346
111000012,76,243,-167
111000013,77,450,-373
111000014,521,159,362
111000017,0,86,-86
111000018,5,31,-26
111000020,24,147,-123
111000021,3,45,-42
111000023,30,87,-57
111000025,185,292,-107
111000029,0,1,-1
111000030,4,1,3
111000031,796,386,410
111000032,365,117,248
111000033,79,32,47
111000034,17,65,-48
111000037,236,338,-102
111000038,448,313,135
111000039,394,310,84
111000040,424,328,96
111000041,49,161,-112
111000042,288,633,-345
111000043,775,1000,-225
111000044,776,119,657
111000045,1227,484,743
111000046,509,399,110
111000047,1093,1935,-842
111000049,47,58,-11
111000050,120,62,58
111000051,35,52,-17
111000052,35,32,3
111000053,64,77,-13
111000054,78,69,9
111000055,248,148,100
111000056,19,36,-17
111000057,31,30,1
111000058,215,2,213
111000059,270,62,208
111000060,2413,233,2180
111000061,267,61,206
111000062,571,85,486
111000063,723,283,440
111000064,636,140,496
111000065,818,242,576
111000066,232,53,179
111000067,175,51,124
111000068,59,30,29
111000069,92,117,-25
111000070,75,90,-15
111000071,24,6,18
111000072,651,306,345
111000073,169,480,-311
111000074,751,416,335
111000075,252,56,196
111000076,412,159,253
111000077,596,261,335
111000078,360,119,241
111000079,284,61,223
111000080,104,101,3
111000081,226,846,-620
111000082,267,86,181
111000084,165,176,-11
111000085,449,539,-90
111000086,571,307,264
111000087,369,184,185
111000088,583,528,55
111000089,334,271,63
111000090,240,218,22
111000091,293,102,191
111000092,710,250,460
111000093,291,221,70
111000094,555,256,299
111000095,222,810,-588
111000096,398,2574,-2176
111000097,173,188,-15
111000098,79,79,0
111000099,64,130,-66
111000100,64,97,-33
111000101,46,111,-65
111000102,2,31,-29
111000104,223,19,204
111000107,0,64,-64
111000109,165,6,159
111000110,285,114,171
111000111,1372,57,1315
111000112,817,48,769
111000113,343,589,-246
111000114,368,1053,-685
111000115,1095,240,855
111000116,112,62,50
111000117,115,85,30
111000118,194,75,119
111000119,564,87,477
111000120,134,108,26
111000121,156,125,31
111000122,140,115,25
111000123,280,279,1
111000124,107,315,-208
111000125,16,121,-105
111000126,7,96,-89
111000127,378,16,362
111000128,1053,46,1007
111000129,1482,102,1380
111000130,1525,121,1404
111000131,1185,69,1116
111000132,807,406,401
111000133,62,0,62
111000134,46,20,26
111000135,2,85,-83
111000136,348,52,296
111000138,1,9,-8
111000140,0,0,0
111000141,26,21,5
111000142,0,18,-18
111000143,1,9,-8
111000144,0,23,-23
111000145,25,2,23
111000146,48,0,48
111000147,12,1,11
111000148,18,7,11
111000149,0,42,-42
111000150,1,0,1
111000151,3,7,-4
111000153,112,14,98
111000154,56,40,16
111000155,96,22,74
111000156,304,98,206
111000157,90,232,-142
111000158,425,368,57
111000159,721,367,354
111000160,219,43,176
111000161,2,63,-61
111000162,3,5,-2
111000163,50,84,-34
111000164,19,252,-233
111000165,164,43,121
111000166,32,11,21
111000167,3,22,-19
111000168,57,49,8
111000169,108,26,82
111000170,45,36,9
111000171,96,30,66
111000172,69,48,21
111000173,59,93,-34
111000174,20,18,2
111000175,26,70,-44
111000176,126,20,106
111000177,283,51,232
111000178,772,46,726
111000179,242,26,216
111000180,57,137,-80
111000181,287,58,229
111000182,76,16,60
111000183,89,34,55
111000184,154,14,140
111000185,64,17,47
111000186,58,1,57
111000187,76,12,64
111000188,198,42,156
111000189,9,65,-56
111000190,12,23,-11
111000191,25,12,13
111000192,74,10,64
111000193,9,7,2
111000194,2,8,-6
111000195,3,48,-45
111000196,0,27,-27
111000197,314,22,292
111000198,220,6,214
111000199,179,28,151
111000200,343,91,252
111000201,279,27,252
111000202,198,42,156
111000203,164,28,136
111000204,145,530,-385
111000213,108,120,-12
111000214,324,94,230
111000215,302,198,104
111000217,576,71,505
111000218,409,168,241
111000219,85,10,75
111000220,191,67,124
111000221,61,27,34
111000224,0,10,-10
111000225,381,327,54
111000226,15,3,12
111000227,0,3,-3
111000228,0,435,-435
111000229,2,471,-469
111000230,51,34,17
111000231,358,77,281
111000232,293,185,108
111000233,344,91,253
111000234,18,94,-76
111000239,1,0,1
111000240,21,97,-76
111000241,0,0,0
111000242,10,31,-21
111000243,0,0,0
111000244,324,21,303
111000245,293,36,257
111000246,318,46,272
111000247,169,86,83
111000248,422,66,356
111000249,207,41,166
111000250,58,3,55
111000251,50,4,46
111000253,0,1,-1
111000255,8,0,8
111000257,21,2,19
111000260,0,74,-74
111000261,393,17,376
111000271,4,44,-40
111000273,397,178,219
111000274,367,301,66
111000275,42,6,36
111000276,43,195,-152
111000277,79,45,34
111000278,250,30,220
111000291,591,3479,-2888
111000298,172,80,92
111000299,41,19,22
111000300,8,21,-13
111000302,77,41,36
111000303,116,32,84
111000312,46,4,42
111000315,0,21,-21
111000320,41,74,-33
111000321,215,32,183
111000322,110,38,72
111000323,159,5,154
111000324,105,59,46
111000325,2,19,-17
111000326,40,46,-6
111000327,113,122,-9
111000328,91,100,-9
111000329,0,11,-11
111000330,10,2,8
111000331,6,7,-1
111000332,113,156,-43
111000334,35,89,-54
111000335,373,13,360
111000337,522,6,516
111000338,6,4,2
111000339,173,9,164
111000340,7,61,-54
111000341,505,128,377
111000342,1,41,-40
111000344,383,110,273
111000345,30,4,26
111000346,0,29,-29
111000347,67,0,67
111000350,44,100,-56
111000351,8,143,-135
111000352,13,25,-12
111000353,3,83,-80
111000354,58,29,29
111000355,6,97,-91
111000358,44,54,-10
111000360,54,43,11
111000361,48,10,38
111000546,75,1,74
111000547,116,62,54
111000548,4,7,-3
111000549,87,13,74
111000550,4,60,-56
111000551,35,12,23
111000552,74,2,72
111000907,436,9,427
111000908,19,1,18
111000916,479,19,460
111000917,0,3,-3
111000918,19,36,-17
111000920,104,1,103
111000921,0,6,-6
111000922,71,2,69
111000924,1,71,-70
111000925,2237,571,1666
111000926,454,331,123
111000927,1258,1369,-111
111000928,859,497,362
111000929,1131,358,773
111000930,303,470,-167
111000931,1187,450,737
111000932,646,512,134
111000933,1798,1004,794
111000934,250,476,-226
111000935,924,217,707
111000936,208,339,-131
111000937,504,356,148
111000938,454,252,202
111000939,290,4,286
111000940,253,33,220
111000941,78,15,63
111000943,250,83,167
111000944,52,43,9
111000945,187,13,174
111001109,149,118,31
111001110,59,0,59
111001111,26,3,23
111001112,191,2,189
111001113,0,29,-29
111001114,80,50,30
111001115,0,0,0
111001116,399,2024,-1625
111001117,11,77,-66
111001120,30,9,21
111001121,4,15,-11
111001122,38,26,12
111001123,133,57,76
111001124,24,8,16
111001125,7,342,-335
111001126,5,1,4
111001127,0,0,0
111001128,286,68,218
111900001,0,0,0
111900002,0,2,-2
111900003,0,30,-30
111900004,0,10,-10
111900006,0,0,0
111900007,0,0,0
111900008,0,0,0
111900009,16,0,16
111900010,3,2,1
111900012,1,1,0
111900013,2,7,-5
111900014,252,1178,-926
111900015,1,1,0
111900016,0,2,-2
111900017,0,3,-3
111900018,47,11,36
111900019,0,23,-23
111900020,0,2,-2
111900021,1,1,0
111900022,0,0,0
111900023,34,10,24
111900024,22,1,21
111900025,0,2,-2
111900026,0,9,-9
111900027,0,0,0
111900028,0,0,0
111900029,0,4,-4
111900030,0,0,0
111900032,0,0,0
111900033,0,1,-1
111900034,0,0,0
111900035,0,0,0
111900036,0,0,0
111900038,0,0,0
111900039,0,0,0
111900040,0,0,0
111900042,0,0,0
111900043,0,0,0
111900044,0,0,0
111900046,0,0,0
111900048,114,39,75
111900049,0,0,0
111900050,0,0,0
111900051,0,4,-4
111900052,0,0,0
111900053,47,471,-424
111900054,0,0,0
111900055,1,50,-49
111900056,27,74,-47
111900057,46,9,37
111900058,191,5,186
111900059,97,28,69
111900060,0,0,0
111900061,0,7,-7
111900062,20,10,10
111900063,54,0,54
111900064,5,17,-12
111900065,50,15,35
111900066,16,0,16
111900067,0,0,0
111900068,2,10,-8
111900069,21,1,20
111900070,24,0,24
111900071,0,0,0
111900072,20,13,7
111900073,52,5,47
111900074,0,0,0
111900075,73,0,73
111900076,12,5,7
111900077,31,0,31
111900078,51,1,50
111900079,34,13,21
111900080,0,0,0
111900082,178,3,175
111900083,21,2,19
111900084,104,0,104
111900085,0,0,0
111900086,160,0,160
111900087,14,0,14
111900088,161,2,159
111900089,83,2,81
111900090,0,0,0
111900091,334,1,333
111900092,72,0,72
111900093,69,0,69
111900094,98,0,98
111900095,0,0,0
111900096,250,0,250
111900097,43,0,43
111900098,58,0,58
111900099,38,0,38
111900100,0,0,0
111900101,3,0,3
111900102,53,0,53
111900103,0,0,0
111900104,2,0,2
111900105,7,2,5
111900106,57,18,39
111900110,0,0,0
111900111,40,9,31
111900112,0,0,0
111900113,24,22,2
111900118,13,4,9
111900119,0,15,-15
111900122,21,9,12
111900123,1,4,-3
111900124,5,3,2
111900125,38,2,36
111900126,16,0,16
111900127,0,0,0
111900128,0,0,0
111900129,65,0,65
111900130,0,0,0
111900131,23,0,23
111900132,0,0,0
111900133,4,0,4
111900134,0,0,0
111900135,0,0,0
111900136,0,0,0
111900137,8,0,8
111900138,2,25,-23
111900139,0,5,-5
111900140,38,12,26
111900141,12,4,8
111900142,44,1,43
111900143,2,0,2
111900144,0,0,0
111900145,0,0,0
111900146,0,0,0
111900147,0,0,0
111900148,0,0,0
111900149,0,0,0
111900150,0,0,0
111900151,0,0,0
111900152,0,0,0
111900153,0,0,0
111900154,0,0,0
111900155,0,0,0
111900156,0,0,0
111900157,0,0,0
111900158,0,0,0
111900159,0,0,0
111900160,0,0,0
111900161,7,0,7
111900162,0,0,0
111900163,0,0,0
111900164,0,0,0
111901113,84,2,82
111901114,26,0,26
111901115,0,0,0
111901116,0,0,0
111901117,0,0,0
111901118,0,0,0
111901119,0,0,0
111901121,0,0,0
111901122,6,0,6
111901123,104,0,104
111901124,0,0,0
111901125,244,110,134
111901127,0,0,0
111901129,0,0,0
111901130,0,0,0
111901131,0,53,-53
111901132,10,21,-11
111901133,0,0,0
111901134,0,0,0
111901135,0,0,0
111901136,0,0,0
111901138,0,0,0
111901139,0,0,0
111901140,0,0,0
111901141,0,0,0
111901142,0,0,0
111901143,0,0,0
111901144,0,0,0
111901145,0,0,0
111901146,0,0,0
111901147,11,1,10
111901148,0,0,0
111901149,0,0,0
111901150,0,0,0
111901151,0,0,0
111901152,0,0,0
112000001,1589,769,820
112000002,160,174,-14
112000003,641,319,322
112000004,46,91,-45
112000005,2315,1699,616
112000006,128,51,77
112000007,1922,1292,630
112000008,1462,2455,-993
112000009,1747,536,1211
112000010,943,2530,-1587
112000011,713,245,468
112000012,1910,3651,-1741
112000013,804,444,360
112000014,179,2578,-2399
112000015,345,808,-463
112000016,331,1159,-828
112000017,111,448,-337
112000024,51,172,-121
112000026,385,501,-116
112000027,363,524,-161
112000028,331,89,242
112000029,92,428,-336
112000030,7,2,5
112000031,275,1579,-1304
112000032,4,1,3
112000033,335,1239,-904
112000034,8,2,6
112000035,7,53,-46
112000036,34,581,-547
112000037,42,95,-53
112000038,121,478,-357
112000039,50,24,26
112000040,3,21,-18
112000041,61,157,-96
112000042,273,33,240
112000050,651,582,69
112000051,640,722,-82
112000054,419,554,-135
112000057,29,31,-2
112000058,21,208,-187
112000059,120,200,-80
112000061,556,247,309
112000062,142,371,-229
112000063,299,406,-107
112000064,526,475,51
112000065,338,162,176
112000066,662,634,28
112000067,37,62,-25
112000068,976,762,214
112000069,15,155,-140
112000070,202,248,-46
112000071,142,116,26
112000072,734,187,547
112000073,81,157,-76
112000074,360,170,190
112000075,808,402,406
112000076,729,230,499
112000077,638,127,511
112000078,756,165,591
112000079,911,433,478
112000080,194,221,-27
112000081,232,391,-159
112000082,415,370,45
112000083,182,286,-104
112000084,516,276,240
112000085,680,202,478
112000086,1177,329,848
112000087,230,79,151
112000088,343,128,215
112000089,70,62,8
112000090,95,79,16
112000091,157,91,66
112000092,975,156,819
112000093,299,87,212
112000094,474,116,358
112000095,418,58,360
112000096,548,101,447
112000097,941,201,740
112000098,43,41,2
112000099,262,886,-624
112000100,1047,124,923
112000101,13,29,-16
112000102,507,90,417
112000103,44,55,-11
112000105,77,52,25
112000106,1084,51,1033
112000107,62,14,48
112000108,222,207,15
112000109,127,48,79
112000110,561,146,415
112000111,93,191,-98
112000112,764,81,683
112000113,114,113,1
112000114,782,177,605
112000115,118,15,103
112000116,56,42,14
112000117,60,55,5
112000118,106,37,69
112000119,97,100,-3
112000120,1,6,-5
112000121,50,58,-8
112000122,211,8,203
112000123,303,13,290
112000124,163,8,155
112000125,119,63,56
112000126,192,100,92
112000127,539,609,-70
112000128,68,285,-217
112000129,67,6,61
112000130,8,2,6
112000131,37,3,34
112000132,6,9,-3
112000133,127,30,97
112000134,126,34,92
112000135,448,82,366
112000136,147,177,-30
112000137,523,256,267
112000138,175,153,22
112000139,57,164,-107
112000140,22,80,-58
112000141,280,65,215
112000142,26,52,-26
112000143,613,22,591
112000144,43,80,-37
112000145,1311,106,1205
112000146,94,91,3
112000147,1085,403,682
112000148,203,129,74
112000149,194,67,127
112000150,15,26,-11
112000151,113,18,95
112000152,28,22,6
112000153,19,67,-48
112000154,62,0,62
112000155,22,30,-8
112000157,52,219,-167
112000158,95,26,69
112000159,90,54,36
112000167,10,5,5
112000169,116,493,-377
112000173,188,15,173
112000175,136,70,66
112000176,344,209,135
112000177,97,30,67
112000178,14,28,-14
112000179,66,2,64
112000180,23,14,9
112000181,343,91,252
112000182,692,85,607
112000183,54,44,10
112000184,157,51,106
112000185,38,45,-7
112000187,737,240,497
112000195,51,3,48
112000196,21,1,20
112000197,3,8,-5
112000198,0,6,-6
112000199,2,56,-54
112000202,161,1,160
112000216,10,51,-41
112000230,13,2,11
112000231,0,3,-3
112000256,45,44,1
112000313,16,14,2
112000314,0,5,-5
112000337,39,96,-57
112000352,2,16,-14
112000392,628,677,-49
112000398,609,358,251
112000399,268,1981,-1713
112000400,291,527,-236
112000401,388,448,-60
112000402,1344,2477,-1133
112000403,320,1852,-1532
112000404,313,687,-374
112000405,1588,1403,185
112000406,837,559,278
112000407,3120,2030,1090
112000408,1063,955,108
112000409,272,789,-517
112000410,0,0,0
112000411,158,15,143
112000412,0,0,0
112000413,59,233,-174
112000414,38,1,37
112000415,6,3,3
112000416,1361,466,895
112000417,135,92,43
112000421,46,4,42
112000422,26,32,-6
112000424,127,554,-427
112000425,18,14,4
112000426,5,18,-13
112000427,0,0,0
112000428,30,40,-10
112000429,632,759,-127
112000430,826,1366,-540
112000431,65,52,13
112000432,55,23,32
112000433,127,173,-46
112000437,20,129,-109
112900001,47,0,47
112900002,93,2,91
112900003,34,0,34
112900004,24,0,24
112900005,50,0,50
112900007,36,0,36
112900008,0,0,0
112900009,24,0,24
112900010,14,0,14
112900011,0,0,0
112900012,0,0,0
112900013,0,2,-2
112900014,1,0,1
112900015,0,14,-14
112900016,0,0,0
112900017,0,1,-1
112900018,0,0,0
112900019,2,0,2
112900020,4,18,-14
112900021,0,0,0
112900022,0,0,0
112900023,0,0,0
112900024,0,0,0
112900025,2,3,-1
112900026,0,0,0
112900027,0,0,0
112900028,0,0,0
112900029,47,7,40
112900030,0,0,0
112900031,0,0,0
112900032,0,0,0
112900034,0,1,-1
112900035,0,0,0
112900036,0,0,0
112900037,0,0,0
112900038,86,0,86
112900039,0,0,0
112900040,0,0,0
112900041,0,46,-46
112900042,0,0,0
112900043,0,0,0
112900044,2,0,2
112900045,0,0,0
112900046,0,0,0
112900047,0,0,0
112900049,0,0,0
112900050,4,0,4
112900051,0,0,0
112900052,5,0,5
112900053,0,0,0
112900054,1,0,1
112900055,0,0,0
112900056,0,0,0
112900057,0,0,0
112900058,3,7,-4
112900059,0,0,0
112900060,0,0,0
112900061,0,0,0
112900062,0,0,0
112900063,0,0,0
112900064,0,0,0
112900065,0,0,0
112900066,19,14,5
112900067,0,0,0
112900068,0,0,0
112900069,0,0,0
112900071,0,0,0
112900072,1,24,-23
112900073,57,7,50
112900074,0,0,0
112900075,24,0,24
112900076,0,0,0
112900078,0,0,0
112900079,0,0,0
112900080,0,0,0
112900081,3,4,-1
112900082,37,3,34
112900083,5,14,-9
112900084,0,0,0
112900086,0,0,0
112900087,28,0,28
112900088,34,0,34
112900089,122,5,117
112900090,0,3,-3
112900091,0,0,0
112900092,4,0,4
112900093,0,0,0
112900095,0,0,0
112900096,57,4,53
112900097,0,3,-3
112900098,8,0,8
112900099,155,12,143
112900100,8,0,8
112900101,0,0,0
112900102,0,0,0
112900103,0,0,0
112900104,0,0,0
112900105,0,0,0
112900106,4,1,3
112900107,0,0,0
112900108,0,0,0
112900109,6,0,6
112900110,0,0,0
112900111,0,0,0
112900112,0,0,0
112900113,0,0,0
112900114,0,0,0
112900115,395,0,395
112900116,29,0,29
112900117,0,0,0
112900118,0,0,0
112900119,0,0,0
112900120,0,0,0
112900121,0,0,0
112900122,0,0,0
112900123,0,0,0
112900124,0,0,0
112900125,0,0,0
112900126,1,4,-3
112900127,0,0,0
112900128,0,0,0
112900129,0,3,-3
112900130,0,0,0
112900131,0,0,0
112900132,0,0,0
112900133,0,20,-20
112900134,0,4,-4
112900135,0,0,0
112900137,0,14,-14
112900138,0,0,0
112900139,0,0,0
112900141,134,1,133
112900142,0,0,0
112900143,0,0,0
112900144,0,0,0
112900145,0,0,0
112900146,0,0,0
112900147,0,0,0
112900148,0,0,0
112900149,0,0,0
112900151,0,0,0
112900152,88,0,88
112900153,4,45,-41
112900154,0,0,0
112900155,10,0,10
112900156,13,0,13
112900157,139,1,138
112900158,0,0,0
112900159,0,0,0
112900160,0,0,0
112900161,0,0,0
112900162,0,0,0
112900163,0,0,0
112900164,0,0,0
112900165,0,0,0
112900166,0,0,0
112900167,0,0,0
112900168,0,0,0
112900169,0,0,0
112900170,0,0,0
112900172,0,0,0
112900173,0,0,0
112900174,0,0,0
112900175,0,0,0
112900176,0,0,0
112900177,0,0,0
112900178,0,0,0
112900179,0,13,-13
112900180,162,17,145
112900181,0,0,0
112900182,0,0,0
112900183,0,0,0
112900184,8,17,-9
112900185,0,2,-2
112900186,25,44,-19
112900187,0,0,0
112900188,18,32,-14
112900189,0,0,0
112900190,0,0,0
112900192,52,38,14
112900193,23,11,12
112900194,0,0,0
112900195,73,0,73
112900196,30,4,26
112900197,1,6,-5
112900199,52,1,51
112900200,7,0,7
112900201,0,0,0
112900202,0,13,-13
112900203,0,0,0
112900204,8,6,2
112900205,1,0,1
112900206,0,0,0
112900207,2,0,2
112900208,0,2,-2
112900209,0,0,0
112900210,0,0,0
112900211,0,0,0
112900212,0,0,0
112900213,0,0,0
112900214,0,0,0
112900215,0,0,0
112900216,0,0,0
112900217,0,0,0
112900218,25,1,24
112900219,0,0,0
112900220,1,0,1
112900221,27,0,27
112900222,0,0,0
112900223,108,0,108
112900224,26,0,26
112900225,0,0,0
112900226,0,0,0
112900227,167,1,166
112900228,18,0,18
112900229,0,0,0
112900230,138,79,59
112900232,1,1,0
112900233,0,0,0
112900234,0,0,0
112900235,0,0,0
112900236,0,0,0
112900237,32,3,29
112900238,0,0,0
112900239,0,0,0
112900240,0,0,0
112900241,0,0,0
112900242,0,0,0
112900243,0,0,0
112900244,0,0,0
112900245,0,0,0
112900246,0,0,0
112900247,0,0,0
112900248,0,0,0
112900249,0,0,0
112900250,0,0,0
112900251,0,0,0
112900252,1,0,1
112900253,0,0,0
112900254,0,0,0
112900255,0,0,0
112900256,0,0,0
112900257,0,0,0
112900258,0,0,0
113000001,1169,1123,46
113000002,1284,1433,-149
113000003,264,547,-283
113000004,320,612,-292
113000005,282,216,66
113000006,173,624,-451
113000007,387,191,196
113000008,215,574,-359
113000009,234,225,9
113000010,402,221,181
113000011,198,96,102
113000012,492,77,415
113000013,66,70,-4
113000014,165,232,-67
113000015,24,60,-36
113000016,2,34,-32
113000017,2,8,-6
113000018,35,1,34
113000019,0,0,0
113000020,232,22,210
113000021,372,104,268
113000022,171,269,-98
113000025,4,30,-26
113000026,133,148,-15
113000027,82,172,-90
113000028,7,55,-48
113000029,232,212,20
113000030,0,0,0
113000031,0,0,0
113000032,75,53,22
113000033,102,69,33
113000034,1,0,1
113000035,0,0,0
113000036,0,16,-16
113000037,0,0,0
113000038,23,11,12
113000039,0,27,-27
113000040,4,0,4
113000042,98,197,-99
113000051,319,825,-506
113000052,204,95,109
113000053,113,49,64
113000054,48,348,-300
113000055,570,122,448
113000056,498,131,367
113000058,95,260,-165
113000059,310,134,176
113000060,81,157,-76
113000061,144,191,-47
113000062,81,49,32
113000063,155,19,136
113000064,48,31,17
113000065,64,118,-54
113000066,401,40,361
113000067,726,87,639
113000068,196,125,71
113000069,107,153,-46
113000070,751,120,631
113000071,77,54,23
113000072,201,24,177
113000073,71,198,-127
113000074,197,81,116
113000075,486,138,348
113000076,122,450,-328
113000077,201,197,4
113000078,85,220,-135
113000079,48,99,-51
113000080,80,85,-5
113000081,135,183,-48
113000082,110,52,58
113000083,185,358,-173
113000084,356,140,216
113000085,379,248,131
113000086,182,234,-52
113000087,344,486,-142
113000088,143,166,-23
113000089,315,788,-473
113000090,33,210,-177
113000091,56,1,55
113000094,350,102,248
113000095,54,20,34
113000096,19,19,0
113000097,158,53,105
113000098,5,11,-6
113000099,275,51,224
113000100,76,8,68
113000101,13,2,11
113000102,72,72,0
113000103,496,112,384
113000104,380,785,-405
113000105,340,92,248
113000106,102,63,39
113000107,465,339,126
113000108,347,319,28
113000109,106,444,-338
113000110,371,189,182
113000111,10,78,-68
113000112,109,173,-64
113000113,438,238,200
113000114,7,173,-166
113000116,46,48,-2
113000117,100,29,71
113000118,3,164,-161
113000119,90,17,73
113000120,42,227,-185
113000121,84,76,8
113000124,105,59,46
113000125,4,350,-346
113000127,144,11,133
113000128,78,158,-80
113000129,0,0,0
113000133,167,0,167
113000134,6,398,-392
113000135,1500,1558,-58
113000137,409,765,-356
113000139,109,33,76
113000140,0,0,0
113000141,77,39,38
113000142,71,87,-16
113000143,64,128,-64
113000144,10,43,-33
113000145,60,20,40
113000146,0,0,0
113000147,1,1,0
113000148,84,38,46
113000149,59,88,-29
113000150,0,0,0
113000151,1,0,1
113000152,3,60,-57
113000153,139,140,-1
113000154,43,285,-242
113000155,71,212,-141
113000156,51,50,1
113000157,36,51,-15
113000158,108,13,95
113000159,237,15,222
113000160,93,101,-8
113000161,112,71,41
113000162,0,0,0
113000163,9,8,1
113000164,0,0,0
113000166,112,18,94
113000167,0,0,0
113000168,0,0,0
113000169,115,17,98
113000170,54,46,8
113000171,0,0,0
113000172,118,12,106
113000173,49,12,37
113000174,0,0,0
113000175,169,15,154
113000176,242,2,240
113000177,0,0,0
113000178,0,0,0
113000179,138,15,123
113000180,356,796,-440
113000181,523,394,129
113000182,4,25,-21
113000183,39,200,-161
113000184,0,0,0
113000189,11,96,-85
113000190,50,54,-4
113000192,283,763,-480
113000193,513,735,-222
113000194,147,579,-432
113000195,203,535,-332
113000196,102,111,-9
113000197,318,613,-295
113000198,8,58,-50
113000199,194,35,159
113000201,14,37,-23
113000202,630,118,512
113000203,32,10,22
113000204,99,713,-614
113000205,0,0,0
113000206,0,5,-5
113000207,0,0,0
113000208,2,13,-11
113000209,0,0,0
113000210,4,8,-4
113000211,41,33,8
113000212,10,3,7
113000213,16,18,-2
113000214,2,2,0
113000234,2,72,-70
113000410,0,47,-47
113000411,507,858,-351
113000412,807,535,272
113000413,556,700,-144
113000414,893,3032,-2139
113000415,211,295,-84
113000416,472,402,70
113000417,148,282,-134
113000418,1243,1328,-85
113000419,483,697,-214
113000420,1014,1498,-484
113000421,1833,2676,-843
113000422,1959,2372,-413
113000423,402,1241,-839
113000424,753,2795,-2042
113000425,0,74,-74
113000428,1,1,0
113000430,0,0,0
113000432,651,39,612
113000433,5,124,-119
113000434,0,1,-1
113000435,0,0,0
113000436,0,10,-10
113000437,459,5,454
113000438,13,4,9
113000439,0,0,0
113000440,27,11,16
113000441,97,51,46
113000442,0,0,0
113000443,51,8,43
113000444,0,0,0
113000445,32,27,5
113000446,0,0,0
113000448,0,0,0
113000449,1,302,-301
113000450,27,561,-534
113000451,0,0,0
113000452,47,184,-137
113000453,0,0,0
113000454,66,76,-10
113000455,0,0,0
113000456,84,51,33
113000468,152,19,133
113000469,3,25,-22
113000470,89,15,74
113000471,1,69,-68
113000472,6,18,-12
113000474,706,561,145
113000475,329,655,-326
113000476,651,1025,-374
113000477,1553,786,767
113000478,1312,1276,36
113000479,1,11,-10
113000484,0,0,0
113000485,0,0,0
113000486,0,0,0
113000487,0,0,0
113000488,0,0,0
113000489,0,0,0
113000490,0,0,0
113000491,0,0,0
113000492,0,0,0
113000493,0,0,0
113000495,0,0,0
113000496,40,59,-19
113000499,0,0,0
113900001,0,0,0
113900002,0,0,0
113900003,0,0,0
113900004,0,0,0
113900005,0,0,0
113900006,0,0,0
113900007,0,0,0
113900008,0,0,0
113900009,0,0,0
113900010,0,0,0
113900011,0,0,0
113900012,0,0,0
113900013,0,0,0
113900014,127,0,127
113900015,0,0,0
113900016,0,0,0
113900017,0,0,0
113900018,0,0,0
113900019,0,0,0
113900020,60,0,60
113900022,10,1,9
113900023,0,0,0
113900024,0,0,0
113900025,36,3,33
113900026,0,0,0
113900027,1,0,1
113900028,0,0,0
113900029,0,0,0
113900030,42,0,42
113900031,0,0,0
113900032,0,0,0
113900033,0,0,0
113900035,0,0,0
113900036,0,0,0
113900037,0,0,0
113900038,0,0,0
113900039,61,1,60
113900040,1,0,1
113900041,0,0,0
113900042,0,0,0
113900043,0,0,0
113900044,9,24,-15
113900045,0,0,0
113900046,0,0,0
113900047,0,0,0
113900048,0,0,0
113900049,0,0,0
113900050,4,2,2
113900051,0,0,0
113900052,3,2,1
113900053,46,114,-68
113900054,0,0,0
113900055,0,0,0
113900056,0,0,0
113900057,0,0,0
113900058,0,0,0
113900059,0,0,0
113900060,1,3,-2
113900061,6,16,-10
113900062,0,0,0
113900063,0,0,0
113900064,0,0,0
113900065,213,2,211
113900066,0,0,0
113900067,11,1,10
113900068,59,89,-30
113900069,0,0,0
113900070,0,0,0
113900071,0,0,0
113900072,0,0,0
113900073,86,89,-3
113900074,41,13,28
113900075,99,241,-142
113900076,0,0,0
113900077,0,0,0
113900078,0,0,0
113900079,0,0,0
113900080,2,0,2
113900081,0,0,0
113900082,0,0,0
113900083,32,9,23
113900084,8,3,5
113900085,0,0,0
113900086,0,0,0
113900087,0,0,0
113900088,0,0,0
113900089,142,9,133
113900090,2,1,1
113900091,0,0,0
113900092,0,0,0
113900093,0,0,0
113900094,12,4,8
113900095,7,3,4
113900096,0,0,0
113900097,0,0,0
113900098,178,10,168
113900099,0,0,0
113900100,0,0,0
113900101,0,0,0
113900102,0,0,0
113900103,2,16,-14
113900104,33,22,11
113900105,1,0,1
113900106,0,0,0
113900107,0,0,0
113900108,0,0,0
113900109,2,0,2
113900110,0,0,0
113900111,0,0,0
113900112,9,0,9
113900113,8,4,4
113900114,0,0,0
113900115,0,0,0
113900116,0,0,0
113900117,0,0,0
113900118,1,17,-16
113900119,4,58,-54
113900120,0,0,0
113900121,0,0,0
113900122,6,807,-801
113900123,4,0,4
113900124,0,0,0
113900125,20,0,20
113900126,0,0,0
113900127,0,0,0
113900128,0,0,0
113900129,0,38,-38
113900130,0,0,0
113900131,0,0,0
113900132,0,0,0
113900133,0,0,0
113900135,0,1,-1
113900136,0,0,0
113900137,0,0,0
113900138,0,0,0
113900139,0,0,0
113900140,12,18,-6
113900141,0,0,0
113900142,0,0,0
113900143,0,0,0
113900144,29,9,20
113900145,0,0,0
113900146,0,0,0
113900148,0,0,0
113900149,0,0,0
113900150,69,8,61
113900151,0,0,0
113900152,0,0,0
113900153,0,0,0
113900154,0,0,0
113900155,0,0,0
113900156,0,0,0
113900157,0,6,-6
113900158,0,0,0
113900159,0,0,0
113900160,0,0,0
113900161,0,0,0
113900162,0,6,-6
113900163,0,0,0
113900164,0,0,0
113900165,0,0,0
113900166,0,0,0
113900167,0,0,0
113900168,0,0,0
113900169,0,0,0
113900171,0,0,0
113900172,0,0,0
113900173,0,11,-11
113900174,0,0,0
113900175,64,7,57
113900176,0,0,0
113900177,5,5,0
113900178,0,0,0
113900179,0,25,-25
113900180,7,3,4
113900181,73,0,73
113900182,0,0,0
113900183,1,4,-3
113900184,2,44,-42
113900185,0,3,-3
113900186,0,0,0
113900187,0,6,-6
113900188,0,0,0
113900189,0,0,0
113900190,0,0,0
113900191,0,0,0
113900192,0,0,0
113900193,0,8,-8
113900194,22,7,15
113900195,0,0,0
113900196,0,0,0
113900197,1,1,0
113900198,0,0,0
113900199,0,5,-5
113900200,0,0,0
113900201,0,8,-8
113900202,0,0,0
113900203,0,8,-8
113900204,0,0,0
113900205,0,0,0
113900206,0,0,0
113900207,0,0,0
113900208,0,0,0
113900209,0,0,0
113900210,0,0,0
113900211,0,0,0
113900212,82,4,78
113900214,1,16,-15
113900215,178,1,177
113900216,0,0,0
113900217,0,0,0
113900218,0,0,0
113900219,0,0,0
113900220,0,0,0
113900221,1,25,-24
113900222,0,0,0
113900223,0,0,0
113900224,0,0,0
113900225,9,5,4
113900226,5,7,-2
113900227,3,2,1
113900228,0,0,0
113900229,2,7,-5
113900230,112,3,109
113900231,0,0,0
113900232,0,0,0
113900233,0,0,0
113900234,0,0,0
113900235,0,0,0
113900236,78,3,75
113900237,0,0,0
113900238,7,36,-29
113900239,0,0,0
113900240,0,0,0
113900241,0,0,0
113900242,0,0,0
113900243,0,6,-6
113900244,5,7,-2
113900245,5,0,5
113900246,0,9,-9
113900247,26,69,-43
113900248,0,0,0
113900249,11,75,-64
113900250,0,39,-39
113900251,97,5,92
113900252,160,4,156
113900253,62,4,58
113900254,95,11,84
113900255,233,1,232
113900256,123,2,121
113900257,0,40,-40
113900258,0,52,-52
113900259,136,7,129
113900260,123,0,123
113900261,3,2,1
113900262,94,2,92
113900263,0,3,-3
113900264,0,0,0
113900265,1,0,1
113900266,8,0,8
113900267,0,0,0
113900268,1,48,-47
113900269,0,0,0
113900270,0,0,0
113900271,0,0,0
113900273,0,0,0
113900274,1,0,1
113900275,0,0,0
113900276,1,5,-4
113900277,45,0,45
113900278,0,0,0
113900279,0,0,0
113900280,6,0,6
113900281,2,83,-81
113900282,0,0,0
113900283,0,0,0
113900284,200,93,107
113900285,3,0,3
113900286,0,0,0
113900287,0,0,0
113900288,0,0,0
113900289,0,0,0
113900290,0,0,0
113900291,0,0,0
113900292,1,1,0
113900293,0,0,0
113900294,178,3,175
113900295,20,65,-45
113900296,85,7,78
113900297,183,0,183
113900298,0,0,0
113900299,0,0,0
113900300,265,24,241
113900301,36,0,36
113900302,25,5,20
113900303,0,0,0
113900304,0,0,0
113900305,35,0,35
113900306,27,0,27
113900307,0,0,0
113900308,0,0,0
113900309,0,0,0
113900310,0,0,0
113900311,0,0,0
113900312,0,0,0
113900313,0,0,0
113900314,0,0,0
113900315,1,0,1
114000001,227,251,-24
114000002,33,82,-49
114000003,5,40,-35
114000004,64,25,39
114000005,68,20,48
114000006,246,259,-13
114000007,190,94,96
114000008,129,230,-101
114000009,150,103,47
114000011,1108,274,834
114000012,1542,204,1338
114000013,776,337,439
114000014,83,32,51
114000015,250,18,232
114000016,3,47,-44
114000017,20,121,-101
114000018,9,17,-8
114000026,997,268,729
114000027,1108,673,435
114000028,553,1040,-487
114000038,14,4,10
114000039,0,0,0
114000040,80,73,7
114000042,5,68,-63
114000043,131,42,89
114000044,95,23,72
114000045,29,10,19
114000046,306,483,-177
114000047,16,35,-19
114000048,10,61,-51
114000049,434,283,151
114000050,273,272,1
114000051,603,678,-75
114000052,530,821,-291
114000053,87,156,-69
114000054,27,278,-251
114000055,6,1,5
114000056,2,78,-76
114000057,615,511,104
114000058,1,23,-22
114000059,1,20,-19
114000060,27,119,-92
114000061,438,1026,-588
114000062,86,332,-246
114000063,84,148,-64
114000064,240,267,-27
114000065,199,311,-112
114000066,234,438,-204
114000067,43,181,-138
114000068,70,102,-32
114000069,98,34,64
114000070,795,573,222
114000071,41,12,29
114000072,102,7,95
114000073,26,22,4
114000074,5,1,4
114000075,19,1,18
114000076,1,5,-4
114000077,1,1,0
114000078,9,26,-17
114000079,10,0,10
114000080,8,28,-20
114000081,37,46,-9
114000082,1,65,-64
114000083,0,0,0
114000084,72,32,40
114000085,17,7,10
114000086,3,20,-17
114000087,0,0,0
114000088,30,6,24
114000089,59,17,42
114000090,237,303,-66
114000091,197,270,-73
114000092,121,83,38
114000093,252,120,132
114000094,173,117,56
114000095,38,180,-142
114000096,32,60,-28
114000097,28,63,-35
114000098,223,71,152
114000099,255,19,236
114000100,1126,65,1061
114000101,190,49,141
114000102,149,89,60
114000103,65,48,17
114000104,1,27,-26
114000105,1,7,-6
114000106,101,263,-162
114000107,89,29,60
114000108,30,38,-8
114000109,364,661,-297
114000110,4,17,-13
114000111,763,283,480
114000112,0,23,-23
114000113,913,122,791
114000114,11,18,-7
114000115,938,228,710
114000116,575,1398,-823
114000117,1615,110,1505
114000118,1423,124,1299
114000119,1608,214,1394
114000120,186,119,67
114000121,0,0,0
114000122,77,34,43
114000123,667,89,578
114000124,415,69,346
114000125,219,303,-84
114000126,643,43,600
114000127,59,41,18
114000128,312,75,237
114000130,145,211,-66
114000131,73,32,41
114000132,96,35,61
114000133,81,78,3
114000134,0,0,0
114000138,0,0,0
114000139,93,100,-7
114000144,252,198,54
114000145,0,0,0
114000146,0,0,0
114000147,559,1119,-560
114000148,168,451,-283
114000149,31,58,-27
114000150,18,44,-26
114000151,103,910,-807
114000152,5,0,5
114000153,86,321,-235
114000154,106,89,17
114000155,400,842,-442
114000156,246,356,-110
114000157,37,284,-247
114000158,36,41,-5
114000159,33,19,14
114000160,3,21,-18
114000161,323,640,-317
114000162,635,947,-312
114000163,0,0,0
114000165,88,194,-106
114000166,99,55,44
114000167,819,393,426
114000168,23,1,22
114000169,344,471,-127
114000170,548,194,354
114000171,604,2791,-2187
114000174,9,1,8
114000176,11,1,10
114000177,10,12,-2
114000178,52,23,29
114000179,478,350,128
114000180,39,11,28
114000181,368,1656,-1288
114000182,176,467,-291
114000183,149,48,101
114000184,90,50,40
114000185,532,360,172
114000189,616,49,567
114000190,1899,310,1589
114000191,38,124,-86
114000192,0,0,0
114000193,0,0,0
114000194,604,274,330
114000195,152,31,121
114000196,0,0,0
114000197,1077,3,1074
114000198,0,0,0
114000199,3,37,-34
114000200,150,82,68
114000201,14,31,-17
114000202,382,206,176
114000203,212,223,-11
114000204,0,0,0
114000205,7,125,-118
114000206,15,147,-132
114000207,82,78,4
114000208,63,27,36
114000209,32,76,-44
114000210,13,132,-119
114000211,1104,446,658
114000212,436,470,-34
114000213,1224,386,838
114000214,5,0,5
114000215,20,7,13
114000216,454,130,324
114000217,275,106,169
114000218,67,7,60
114000219,416,41,375
114000220,0,2,-2
114000221,503,36,467
114000222,5,65,-60
114000223,361,62,299
114000224,20,88,-68
114000225,82,30,52
114000226,112,19,93
114000227,768,257,511
114000228,573,116,457
114000229,440,221,219
114000230,1361,354,1007
114000231,463,278,185
114000232,511,105,406
114000233,1134,21,1113
114000234,844,341,503
114000235,464,247,217
114000236,0,0,0
114000237,76,133,-57
114000238,86,245,-159
114000239,41,179,-138
114000240,371,328,43
114000241,99,116,-17
114000242,146,100,46
114000243,981,599,382
114000244,271,107,164
114000245,91,76,15
114000246,0,0,0
114000247,382,251,131
114000248,751,321,430
114000249,711,178,533
114000250,263,22,241
114000251,168,4,164
114000252,0,11,-11
114000253,10,24,-14
114000254,0,0,0
114000255,14,112,-98
114000256,63,163,-100
114000257,65,212,-147
114000258,52,52,0
114000259,0,2,-2
114000260,0,0,0
114000261,31,10,21
114000262,0,0,0
114000263,10,1,9
114000264,143,17,126
114000265,0,0,0
114000267,0,377,-377
114000268,0,0,0
114000270,134,2,132
114000271,72,41,31
114000283,533,77,456
114000285,0,0,0
114000288,6,2,4
114000289,188,29,159
114000293,68,10,58
114000294,68,161,-93
114000395,383,3,380
114000396,180,72,108
114000402,331,114,217
114000403,200,30,170
114000405,132,57,75
114000423,190,24,166
114000424,162,98,64
114000425,403,89,314
114000426,104,455,-351
114000427,29,9,20
114000428,21,45,-24
114000429,33,9,24
114000432,57,14,43
114000434,1,8,-7
114000435,0,0,0
114900001,125,48,77
114900002,38,1,37
114900003,122,56,66
114900004,3,72,-69
114900005,22,55,-33
114900006,11,9,2
114900007,32,0,32
114900008,45,4,41
114900010,61,74,-13
114900011,58,13,45
114900013,22,20,2
114900018,41,2,39
114900020,5,6,-1
114900022,0,23,-23
114900025,98,4,94
114900026,40,10,30
114900029,11,1,10
114900030,70,4,66
114900031,108,1,107
114900032,96,1,95
114900034,0,0,0
114900035,2,15,-13
114900036,83,22,61
114900039,0,0,0
114900040,0,0,0
114900041,0,0,0
114900042,0,0,0
114900044,4,1,3
114900047,0,0,0
114900048,0,0,0
114900049,0,0,0
114900050,0,0,0
114900051,0,0,0
114900052,0,0,0
114900053,0,0,0
114900054,0,0,0
114900057,34,2,32
114900058,0,0,0
114900059,4,1,3
114900063,0,0,0
114900064,0,0,0
114900065,0,0,0
114900067,0,0,0
114900068,0,0,0
114900069,0,0,0
114900070,106,14,92
114900072,0,0,0
114900073,0,0,0
114900074,147,7,140
114900075,43,1,42
114900076,0,0,0
114900080,110,39,71
114900082,362,4,358
114900083,0,0,0
114900090,56,30,26
114900091,0,0,0
114900097,17,0,17
114900098,0,1,-1
114900099,12,0,12
115000001,491,549,-58
115000002,1650,2727,-1077
115000003,484,255,229
115000004,1939,2771,-832
115000005,104,160,-56
115000006,568,620,-52
115000007,103,214,-111
115000008,171,95,76
115000009,208,276,-68
115000010,87,117,-30
115000013,0,0,0
115000015,0,0,0
115000016,2,230,-228
115000019,56,95,-39
115000020,13,87,-74
115000021,2,50,-48
115000022,2,12,-10
115000023,216,280,-64
115000024,2,10,-8
115000025,397,130,267
115000026,0,0,0
115000027,192,57,135
115000028,0,0,0
115000029,426,16,410
115000030,0,35,-35
115000031,270,35,235
115000032,0,0,0
115000033,97,2,95
115000034,0,0,0
115000035,258,4,254
115000036,0,0,0
115000037,177,14,163
115000038,33,313,-280
115000039,709,949,-240
115000040,721,540,181
115000041,354,1489,-1135
115000042,194,59,135
115000043,1244,813,431
115000044,658,200,458
115000045,487,134,353
115000046,1538,683,855
115000047,1652,369,1283
115000048,433,241,192
115000049,403,535,-132
115000050,1848,473,1375
115000051,769,1807,-1038
115000052,293,424,-131
115000053,823,1631,-808
115000054,162,140,22
115000055,5,92,-87
115000056,77,62,15
115000057,90,210,-120
115000058,20,105,-85
115000059,9,175,-166
115000061,59,62,-3
115000062,26,11,15
115000063,7,7,0
115000064,190,83,107
115000065,1,4,-3
115000067,107,5,102
115000069,3,0,3
115000070,2,51,-49
115000071,45,10,35
115000072,0,0,0
115000073,479,66,413
115000075,34,19,15
115000076,573,393,180
115000077,558,327,231
115000078,460,226,234
115000079,337,292,45
115000080,1190,303,887
115000081,28,12,16
115000082,1802,1422,380
115000083,553,196,357
115000084,1764,202,1562
115000085,188,142,46
115000086,639,203,436
115000087,130,329,-199
115000088,826,294,532
115000089,105,95,10
115000090,192,159,33
115000091,247,165,82
115000092,377,173,204
115000093,294,1,293
115000094,1768,3036,-1268
115000095,845,2280,-1435
115000096,402,236,166
115000097,707,535,172
115000098,783,50,733
115000099,1113,333,780
115000100,904,194,710
115000101,60,62,-2
115000102,294,151,143
115000103,150,121,29
115000105,72,23,49
115000106,270,159,111
115000107,24,28,-4
115000108,316,290,26
115000109,939,1761,-822
115000110,539,465,74
115000111,64,456,-392
115000112,143,98,45
115000113,125,239,-114
115000114,174,77,97
115000116,229,332,-103
115000117,329,278,51
115000118,371,584,-213
115000119,471,281,190
115000120,80,771,-691
115000121,222,161,61
115000122,263,181,82
115000123,158,1121,-963
115000124,126,245,-119
115000125,118,357,-239
115000126,66,220,-154
115000127,72,17,55
115000128,41,258,-217
115000129,56,63,-7
115000130,131,36,95
115000131,206,48,158
115000132,112,60,52
115000133,207,33,174
115000134,113,37,76
115000135,44,24,20
115000136,56,45,11
115000137,9,13,-4
115000138,185,44,141
115000139,8,22,-14
115000140,249,52,197
115000141,34,3,31
115000142,28,8,20
115000143,529,233,296
115000144,140,26,114
115000145,47,21,26
115000146,203,79,124
115000147,117,83,34
115000148,87,140,-53
115000149,106,155,-49
115000150,130,46,84
115000151,364,98,266
115000152,126,70,56
115000153,401,92,309
115000154,296,86,210
115000155,69,78,-9
115000156,141,304,-163
115000157,66,102,-36
115000158,9,97,-88
115000159,79,68,11
115000160,88,59,29
115000161,82,202,-120
115000162,544,401,143
115000163,88,92,-4
115000164,18,136,-118
115000165,172,264,-92
115000167,144,33,111
115000168,144,117,27
115000169,1,11,-10
115000170,3,0,3
115000171,163,164,-1
115000172,15,18,-3
115000173,49,71,-22
115000174,8,177,-169
115000175,5,1,4
115000176,25,42,-17
115000177,1,9,-8
115000178,0,4,-4
115000179,2,8,-6
115000180,0,28,-28
115000181,317,7,310
115000182,490,27,463
115000183,6,10,-4
115000186,117,11,106
115000187,21,14,7
115000188,218,115,103
115000189,33,16,17
115000190,209,59,150
115000191,5,19,-14
115000194,0,0,0
115000195,62,51,11
115000196,59,24,35
115000197,28,70,-42
115000198,252,20,232
115000199,65,58,7
115000200,167,19,148
115000201,22,15,7
115000206,280,1,279
115000207,0,0,0
115000208,46,13,33
115000209,386,67,319
115000210,94,21,73
115000211,43,30,13
115000212,129,15,114
115000224,11,4,7
115000225,17,8,9
115000229,28,14,14
115000230,15,24,-9
115000231,260,105,155
115000232,1133,147,986
115000233,4,13,-9
115000234,0,12,-12
115000241,10,3,7
115000242,41,6,35
115000243,2,9,-7
115000244,15,18,-3
115000246,1,0,1
115000247,0,0,0
115000248,0,0,0
115000249,0,0,0
115000250,133,13,120
115000251,102,47,55
115000252,85,86,-1
115000253,15,72,-57
115000258,145,40,105
115000259,29,0,29
115000261,7,1,6
115000262,15,7,8
115000263,12,14,-2
115000264,9,15,-6
115000267,4,14,-10
115000268,0,0,0
115000269,34,9,25
115000270,1,18,-17
115000272,28,13,15
115000273,60,2,58
115000280,122,458,-336
115000281,0,0,0
115000282,97,347,-250
115000284,11,26,-15
115000296,141,3,138
115000297,26,344,-318
115000298,0,0,0
115000300,78,6,72
115000302,288,23,265
115000303,327,23,304
115000304,312,17,295
115000305,6,49,-43
115000306,8,7,1
115000307,6,2,4
115000308,0,1,-1
115000310,381,87,294
115000311,633,252,381
115000313,8,30,-22
115000314,135,40,95
115000315,16,28,-12
115000316,20,15,5
115000317,45,14,31
115000318,448,22,426
115000319,0,5,-5
115000320,0,37,-37
115000321,132,16,116
115000322,2,6,-4
115000449,6,13,-7
115000557,0,0,0
115000558,76,26,50
115000587,212,105,107
115000588,78,87,-9
115000589,1183,1011,172
115000590,22,27,-5
115000591,259,280,-21
115000592,26,28,-2
115000593,635,324,311
115000594,13,23,-10
115000609,89,78,11
115000617,8,307,-299
115000624,55,1,54
115000633,182,150,32
115000634,1423,233,1190
115000635,205,46,159
115000638,2,25,-23
115000641,14,3,11
115000642,77,9,68
115000643,0,3,-3
115000644,13,4,9
115000646,178,260,-82
115000647,15,64,-49
115000648,871,57,814
115000893,664,500,164
115000894,0,10,-10
115000895,0,5,-5
115000896,288,165,123
115000897,106,30,76
115000898,108,121,-13
115000899,19,46,-27
115000900,3,135,-132
115000901,0,0,0
115000912,110,68,42
115000913,0,2,-2
115000915,5,2,3
115000916,2,0,2
115000917,0,28,-28
115000918,12,193,-181
115000919,0,14,-14
115000920,0,0,0
115000921,0,0,0
115000922,129,376,-247
115000923,2,8,-6
115000925,7,14,-7
115000927,11,17,-6
115000933,0,28,-28
115000934,12,18,-6
115000935,23,4,19
115000936,7,304,-297
115000937,80,117,-37
115000938,15,37,-22
115000939,9,32,-23
115000940,0,3,-3
115000941,0,4,-4
115000942,1,69,-68
115000943,0,0,0
115000944,0,0,0
115900001,56,0,56
115900002,0,0,0
115900003,17,4,13
115900004,0,0,0
115900005,17,0,17
115900006,1,0,1
115900008,12,0,12
115900009,0,1,-1
115900010,151,13,138
115900011,49,6,43
115900012,19,0,19
115900013,54,8,46
115900014,6,1,5
115900015,34,1,33
115900016,22,0,22
115900017,2,4,-2
115900018,18,0,18
115900019,0,0,0
115900020,48,15,33
115900021,37,1,36
115900022,21,0,21
115900023,1,0,1
115900025,0,1,-1
115900026,52,1,51
115900027,0,0,0
115900028,25,10,15
115900029,15,17,-2
115900030,0,0,0
115900031,10,14,-4
115900032,17,42,-25
115900033,0,0,0
115900034,0,32,-32
115900035,0,0,0
115900036,0,109,-109
115900037,0,6,-6
115900038,1,1,0
115900039,20,0,20
115900041,13,82,-69
115900042,1,0,1
115900043,16,0,16
115900044,49,46,3
115900046,118,6,112
115900047,2,21,-19
115900049,16,7,9
115900051,0,0,0
115900052,0,0,0
115900053,52,5,47
115900054,66,0,66
115900055,0,0,0
115900056,28,3,25
115900057,2,1,1
115900058,0,0,0
115900060,2,2,0
115900061,51,0,51
115900062,4,17,-13
115900063,0,0,0
115900064,1,7,-6
115900065,32,1,31
115900066,0,1,-1
115900067,0,4,-4
115900068,0,0,0
115900069,1,0,1
115900070,28,0,28
115900071,0,0,0
115900072,1,27,-26
115900073,5,16,-11
115900074,0,0,0
115900075,3,6,-3
115900076,0,3,-3
115900077,0,0,0
115900078,2,9,-7
115900079,99,0,99
115900080,23,1,22
115900081,33,9,24
115900082,24,7,17
115900084,45,2,43
115900085,3,0,3
115900086,118,13,105
115900088,0,0,0
115900089,169,0,169
115900090,102,0,102
115900091,0,0,0
115900092,0,0,0
115900093,0,0,0
115900094,0,0,0
115900096,0,0,0
115900097,0,0,0
115900098,1,0,1
115900099,1,1,0
115900100,0,12,-12
115900101,0,1,-1
115900102,8,1,7
115900103,0,0,0
115900104,18,0,18
115900105,59,5,54
115900106,0,0,0
115900107,35,10,25
115900108,0,0,0
115900109,0,96,-96
115900110,0,0,0
115900111,0,0,0
115900112,0,134,-134
115900113,0,0,0
115900114,0,0,0
115900115,0,0,0
115900116,3,64,-61
115900117,0,0,0
115900118,0,0,0
115900119,0,0,0
115900120,0,0,0
115900121,8,15,-7
115900124,18,201,-183
115900125,74,3,71
115900126,100,8,92
115900127,290,2,288
115900128,0,0,0
115900129,63,0,63
115900130,0,15,-15
115900131,110,4,106
115900132,193,0,193
115900134,61,0,61
115900135,40,41,-1
115900137,6,0,6
115900139,0,0,0
115900140,31,1,30
115900141,0,0,0
115900142,0,0,0
115900143,0,0,0
115900144,1,0,1
115900146,20,2,18
115900147,30,87,-57
115900148,7,0,7
115900149,21,2,19
115900150,20,1,19
115900151,2,4,-2
115900152,2,9,-7
115900153,11,1,10
115900154,8,27,-19
115900155,0,0,0
115900156,30,38,-8
115900157,57,39,18
115900158,0,0,0
115900159,37,11,26
115900160,0,0,0
115900161,0,5,-5
115900163,70,0,70
115900164,193,3,190
115900166,0,5,-5
115900168,0,0,0
115900171,24,18,6
115900172,3,4,-1
115900173,35,5,30
115900174,8,5,3
115900175,66,7,59
115900178,5,21,-16
115900179,41,0,41
115900180,0,10,-10
115900181,55,2,53
115900182,171,3,168
115900183,0,0,0
115900184,64,0,64
115900187,2,14,-12
115900189,0,8,-8
115900190,1,32,-31
115900191,2,0,2
115900192,0,9,-9
115900193,21,10,11
115900194,121,3,118
115900195,19,490,-471
115900198,22,33,-11
115900199,22,13,9
115900200,40,4,36
115900201,98,11,87
115900202,0,23,-23
115900203,9,1,8
115900204,0,0,0
115900205,5,1,4
115900206,0,0,0
115900207,0,0,0
115900208,9,8,1
115900209,1,12,-11
115900210,0,5,-5
115900211,0,1,-1
115900212,0,0,0
115900213,9,54,-45
115900214,123,23,100
115900215,0,8,-8
115900216,0,0,0
115900217,0,0,0
115900218,0,0,0
115900219,17,0,17
115900220,66,0,66
115900221,28,0,28
115900222,51,6,45
115900223,0,110,-110
115900224,42,177,-135
115900225,21,19,2
115900226,1,2,-1
115900227,0,0,0
115900228,0,0,0
115900229,0,2,-2
115900230,2,34,-32
115900231,0,0,0
115900232,0,0,0
115900233,0,0,0
115900234,0,0,0
115900235,0,0,0
115900236,0,0,0
115900237,0,0,0
115900238,0,0,0
115900239,0,0,0
115900240,0,0,0
115900241,0,0,0
115900242,49,85,-36
115900243,0,0,0
115900244,3,0,3
115900245,51,1,50
115900246,0,0,0
115900247,0,0,0
115900248,0,0,0
115900249,0,0,0
115900250,0,10,-10
115900251,1,7,-6
115900252,0,0,0
115900253,0,0,0
115900254,0,1,-1
115900255,0,0,0
115900256,0,12,-12
115900257,0,0,0
115900258,0,0,0
115900259,0,0,0
115900260,0,0,0
115900261,0,0,0
115900262,0,0,0
115900263,0,0,0
115900264,0,0,0
115900265,0,0,0
115900266,0,0,0
115900267,0,0,0
115900268,0,0,0
115900269,0,0,0
115900270,24,2,22
115900271,67,0,67
115900272,4,1,3
115900273,2,1,1
115900274,0,0,0
115900275,0,0,0
115900276,0,0,0
115900277,0,1,-1
115900278,0,0,0
115900279,0,0,0
115900280,11,0,11
115900281,0,0,0
115900282,0,1,-1
115900283,3,0,3
115900284,0,0,0
116000001,737,602,135
116000002,2783,9451,-6668
116000003,218,245,-27
116000004,898,3204,-2306
116000005,91,532,-441
116000006,223,603,-380
116000007,525,916,-391
116000008,1319,851,468
116000009,164,1116,-952
116000010,1030,615,415
116000011,369,523,-154
116000012,788,364,424
116000013,742,899,-157
116000014,1586,7342,-5756
116000015,40,216,-176
116000016,475,3174,-2699
116000017,3,266,-263
116000018,82,54,28
116000019,527,75,452
116000020,254,50,204
116000021,292,107,185
116000022,109,115,-6
116000023,216,263,-47
116000024,197,24,173
116000025,199,241,-42
116000026,437,235,202
116000027,296,339,-43
116000028,476,1895,-1419
116000029,162,134,28
116000030,277,1035,-758
116000031,0,0,0
116000032,154,4,150
116000033,523,171,352
116000034,2041,1056,985
116000035,433,86,347
116000036,32,113,-81
116000037,38,183,-145
116000038,76,231,-155
116000039,69,28,41
116000040,171,352,-181
116000041,19,39,-20
116000042,578,415,163
116000043,54,90,-36
116000044,0,5,-5
116000045,2514,2355,159
116000046,345,432,-87
116000047,664,830,-166
116000048,3823,1177,2646
116000049,1940,1115,825
116000050,582,363,219
116000051,3130,937,2193
116000052,1138,473,665
116000053,3053,618,2435
116000054,365,389,-24
116000055,291,201,90
116000056,1537,1948,-411
116000057,447,111,336
116000058,243,632,-389
116000059,755,4964,-4209
116000060,208,315,-107
116000061,81,851,-770
116000062,86,126,-40
116000063,176,873,-697
116000066,101,779,-678
116000067,14,76,-62
116000068,82,191,-109
116000069,57,31,26
116000078,281,549,-268
116000080,449,137,312
116000082,2,20,-18
116000083,671,172,499
116000084,268,668,-400
116000085,532,333,199
116000086,207,273,-66
116000087,948,619,329
116000088,154,141,13
116000089,23,10,13
116000090,19,43,-24
116000091,13,35,-22
116000093,215,84,131
116000094,150,81,69
116000095,285,22,263
116000096,454,486,-32
116000097,166,48,118
116000098,149,2300,-2151
116000099,669,55,614
116000100,81,3,78
116000101,293,7,286
116000102,83,162,-79
116000103,244,68,176
116000104,135,62,73
116000105,652,17,635
116000106,246,50,196
116000107,944,13,931
116000108,2,20,-18
116000111,29,13,16
116000113,29,16,13
116000114,3,32,-29
116000115,195,23,172
116000116,58,49,9
116000117,973,398,575
116000118,253,107,146
116000119,1668,635,1033
116000120,451,286,165
116000121,397,178,219
116000122,50,60,-10
116000123,1015,102,913
116000124,95,46,49
116000125,1278,58,1220
116000126,38,28,10
116000127,132,53,79
116000128,926,111,815
116000129,227,13,214
116000130,180,92,88
116000133,325,21,304
116000134,449,180,269
116000135,1301,326,975
116000136,346,497,-151
116000137,462,240,222
116000138,152,165,-13
116000139,1206,2100,-894
116000140,58,144,-86
116000141,148,42,106
116000142,1207,1567,-360
116000143,1003,1256,-253
116000144,962,733,229
116000145,2134,615,1519
116000146,184,20,164
116000147,107,141,-34
116000148,134,221,-87
116000149,136,76,60
116000151,230,288,-58
116000153,144,636,-492
116000155,159,455,-296
116000156,69,93,-24
116000157,72,0,72
116000158,310,35,275
116000159,26,0,26
116000160,1,1,0
116000161,1,67,-66
116000162,6,24,-18
116000163,5,6,-1
116000164,1,1,0
116000177,27,14,13
116000194,8,28,-20
116000195,357,95,262
116000196,0,0,0
116000197,0,0,0
116000198,1519,966,553
116000200,91,387,-296
116000201,179,105,74
116000202,2,9,-7
116000203,0,0,0
116000204,0,2,-2
116000205,0,3,-3
116000206,0,2,-2
116000207,4,1,3
116000233,0,0,0
116000287,11,7,4
116000288,96,60,36
116000292,0,0,0
116000296,16,29,-13
116000297,12,0,12
116000304,20,5,15
116000305,1,11,-10
116000346,0,0,0
116000352,0,0,0
116000354,0,0,0
116000357,0,0,0
116000358,4,3,1
116000361,5,0,5
116000372,2229,3518,-1289
116000381,48,0,48
116000388,0,0,0
116000389,88,10,78
116000445,84,32,52
116000446,492,50,442
116000447,2,57,-55
116000448,230,42,188
116000563,246,1378,-1132
116000565,12,82,-70
116000568,19,41,-22
116000579,3,17,-14
116000583,1,1,0
116000584,19,2,17
116000585,18,28,-10
116000586,11,25,-14
116000587,487,151,336
116000589,21,1,20
116000590,27,9,18
116000591,174,61,113
116000592,0,3,-3
116000593,0,0,0
116000594,144,53,91
116000595,96,14,82
116000596,75,1,74
116000597,229,90,139
116000598,16,18,-2
116000605,6,3,3
116000606,37,129,-92
116000607,0,0,0
116000609,7,209,-202
116000611,3,11,-8
116000612,1356,1650,-294
116000613,351,99,252
116000614,77,15,62
116000615,0,0,0
116000616,53,10,43
116000617,30,0,30
116000618,3,6,-3
116000619,5,41,-36
116000620,166,40,126
116000621,36,61,-25
116000622,73,52,21
116000624,72,16,56
116000627,89,22,67
116000628,22,26,-4
116000629,9,11,-2
116000630,328,2,326
116000631,153,2,151
116000632,332,6,326
116000633,96,28,68
116000634,114,0,114
116000635,1386,1882,-496
116000636,265,638,-373
116000637,34,2,32
116000638,16,69,-53
116000639,31,1,30
116000640,26,2,24
116000641,0,0,0
116000643,0,0,0
116000644,0,0,0
116000645,8,20,-12
116900001,7,2,5
116900002,30,0,30
116900003,0,0,0
116900004,118,46,72
116900005,14,0,14
116900006,23,42,-19
116900007,0,4,-4
116900008,81,7,74
116900009,11,2,9
116900010,53,47,6
116900011,0,0,0
116900012,0,12,-12
116900013,0,8,-8
116900014,0,0,0
116900015,134,0,134
116900016,65,0,65
116900017,0,98,-98
116900018,1,0,1
116900019,0,0,0
116900020,8,75,-67
116900023,0,0,0
116900024,150,2,148
116900025,206,32,174
116900026,0,64,-64
116900027,0,0,0
116900028,0,0,0
116900029,0,9,-9
116900031,0,0,0
116900032,0,4,-4
116900033,0,0,0
116900034,0,0,0
116900035,9,3,6
116900036,0,13,-13
116900038,0,0,0
116900041,0,0,0
116900042,0,0,0
116900043,0,19,-19
116900047,0,14,-14
116900049,0,0,0
116900050,47,2,45
116900051,27,1,26
116900052,13,12,1
116900055,0,2,-2
116900057,0,0,0
116900058,0,5,-5
116900059,0,0,0
116900060,10,27,-17
116900062,0,3,-3
116900064,0,0,0
116900065,1,0,1
116900067,13,0,13
116900068,75,29,46
116900070,1,0,1
116900072,0,0,0
116900073,0,14,-14
116900074,0,0,0
116900076,1,0,1
116900077,0,5,-5
116900078,0,0,0
116900079,1,6,-5
116900080,0,0,0
116900081,23,63,-40
116900082,5,60,-55
116900083,16,6,10
116900084,3,0,3
116900085,13,2,11
116900086,0,40,-40
116900088,23,1,22
116900090,1,0,1
116900091,25,0,25
116900092,10,7,3
116900093,55,65,-10
116900094,443,897,-454
116900095,10,0,10
116900096,51,0,51
116900097,162,561,-399
116900098,3,5,-2
116900099,14,71,-57
116900100,200,3,197
116900101,20,6,14
116900103,7,0,7
116900104,6,94,-88
116900105,55,15,40
116900106,736,21,715
116900107,444,628,-184
116900110,4,0,4
116900111,379,75,304
116900112,211,53,158
116900113,120,581,-461
116900116,2,11,-9
116900117,0,10,-10
116900118,64,9,55
116900120,78,1,77
116900121,66,1,65
116900122,144,24,120
116900123,33,40,-7
116900124,2,9,-7
116900125,59,10,49
116900126,1,80,-79
116900128,0,0,0
116900129,0,1,-1
116900130,17,312,-295
116900131,0,0,0
116900132,1,0,1
116900133,0,0,0
116900134,0,0,0
116900136,0,0,0
116900137,0,0,0
116900138,0,0,0
116900139,0,0,0
116900140,0,0,0
116900141,0,0,0
116900142,0,0,0
116900143,0,0,0
116900144,0,0,0
116900145,0,0,0
116900147,0,0,0
116900148,0,0,0
116900149,1,2,-1
116900150,0,0,0
116900151,0,0,0
116900153,1,3,-2
116900154,2,24,-22
116900155,0,0,0
116900157,55,0,55
116900158,6,16,-10
116900159,0,2,-2
116900160,194,143,51
116900161,213,24,189
116900162,0,0,0
116900163,25,0,25
116900164,2,0,2
116900165,138,35,103
116900166,0,0,0
116900167,93,1,92
116900168,67,7,60
116900169,4,19,-15
116900170,279,99,180
116900171,1,2,-1
116900172,10,46,-36
116900173,95,6,89
116900174,2,5,-3
116900175,1,5,-4
116900178,0,0,0
116900179,16,47,-31
116900180,3,0,3
116900182,39,3,36
116900183,46,11,35
116900185,38,4,34
116900186,3,2,1
116900187,10,5,5
116900188,41,0,41
116900189,0,0,0
116900191,15,5,10
116900192,138,5,133
116900194,7,209,-202
116900195,3,1,2
116900196,0,8,-8
116900197,25,4,21
116900198,8,28,-20
116900200,0,0,0
116900201,38,0,38
116900202,3,2,1
116900203,1,1,0
116900204,1,13,-12
116900206,0,0,0
116900207,1,1,0
116900208,0,2,-2
116900209,2,3,-1
116900210,25,1,24
116900211,19,0,19
116900212,0,0,0
116900213,27,8,19
116900214,0,0,0
116900215,0,9,-9
116900216,20,2,18
116900218,0,0,0
116900219,124,35,89
116900220,9,10,-1
116900221,0,0,0
116900222,233,64,169
116900223,2,5,-3
116900226,24,5,19
116900227,52,2,50
116900228,73,0,73
116900230,1,4,-3
116900231,0,18,-18
116900232,0,3,-3
116900233,159,1,158
116900234,9,0,9
116900235,120,10,110
116900238,91,10,81
116900239,1,37,-36
116900240,1078,287,791
116900241,0,0,0
116900242,119,191,-72
116900243,0,0,0
116900245,32,13,19
116900246,20,0,20
116900247,188,4,184
116900248,6,1,5
116900249,100,4,96
116900250,60,5,55
116900251,14,45,-31
116900252,40,25,15
116900254,0,2,-2
116900255,0,0,0
116900256,0,0,0
116900257,0,0,0
116900258,0,0,0
116900259,36,2,34
116900260,0,0,0
116900261,15,5,10
116900262,32,2,30
116900263,1,0,1
116900264,62,7,55
116900265,0,0,0
116900266,0,0,0
116900267,1,0,1
116900268,0,0,0
116900269,230,134,96
116900271,0,0,0
116900272,50,27,23
116900273,0,1,-1
116900274,66,3,63
116900275,10,0,10
116900276,141,86,55
116900277,4,1,3
116900278,0,0,0
116900279,0,0,0
116900280,1,0,1
116900281,422,723,-301
116900282,0,7,-7
116900283,2,1,1
116900284,0,3,-3
116900285,1,18,-17
116900286,2,0,2
116900287,0,15,-15
116900288,4,3,1
116900289,1,0,1
116900290,0,0,0
116900291,0,0,0
116900292,0,0,0
116900293,0,0,0
116900294,0,0,0
116900295,0,0,0
116900296,0,0,0
116900297,0,0,0
116900298,0,0,0
116900299,0,0,0
116900300,0,0,0
116900301,0,0,0
116900302,0,0,0
116900303,4,0,4
116900304,0,0,0
116900305,0,1,-1
116900306,256,90,166
116900307,0,0,0
116900308,0,0,0
116900309,0,0,0
116900310,0,0,0
117000001,2386,1733,653
117000002,1191,583,608
117000003,3656,1482,2174
117000004,1370,960,410
117000005,2515,732,1783
117000006,596,718,-122
117000007,3167,606,2561
117000008,390,743,-353
117000009,1922,631,1291
117000010,563,627,-64
117000011,1218,421,797
117000012,691,241,450
117000013,1414,353,1061
117000014,506,1214,-708
117000015,498,802,-304
117000016,61,153,-92
117000017,80,89,-9
117000018,9,328,-319
117000019,13,83,-70
117000020,128,964,-836
117000021,776,556,220
117000022,66,179,-113
117000023,50,355,-305
117000024,25,113,-88
117000025,8,183,-175
117000026,1058,1120,-62
117000027,159,204,-45
117000028,387,251,136
117000030,144,211,-67
117000031,348,214,134
117000032,787,634,153
117000033,530,271,259
117000034,341,162,179
117000035,530,122,408
117000036,220,159,61
117000037,221,99,122
117000038,207,282,-75
117000039,231,185,46
117000040,3,90,-87
117000041,753,9,744
117000044,0,94,-94
117000045,199,111,88
117000046,210,241,-31
117000047,739,268,471
117000048,240,193,47
117000049,13,160,-147
117000050,48,171,-123
117000051,1416,9,1407
117000052,3,58,-55
117000053,271,0,271
117000054,1072,3,1069
117000055,1,176,-175
117000056,343,17,326
117000057,67,151,-84
117000060,133,51,82
117000061,1605,615,990
117000062,161,41,120
117000063,1583,374,1209
117000064,483,118,365
117000066,33,70,-37
117000067,276,340,-64
117000074,24,47,-23
117000076,22,7,15
117000077,33,19,14
117000078,155,52,103
117000079,51,12,39
117000080,0,0,0
117000081,199,13,186
117000082,1,23,-22
117000083,127,131,-4
117000084,24,0,24
117000085,168,131,37
117000086,161,60,101
117000087,0,170,-170
117000088,260,51,209
117000089,1374,107,1267
117000090,73,156,-83
117000091,856,40,816
117000092,129,139,-10
117000093,1453,53,1400
117000094,152,177,-25
117000095,2719,113,2606
117000096,201,194,7
117000097,1965,260,1705
117000098,386,415,-29
117000099,3384,360,3024
117000100,71,54,17
117000101,93,69,24
117000102,1839,220,1619
117000103,104,206,-102
117000104,1354,143,1211
117000105,101,215,-114
117000106,1587,167,1420
117000107,94,107,-13
117000108,1419,872,547
117000109,406,215,191
117000110,1860,1436,424
117000111,2342,2102,240
117000112,1317,605,712
117000113,39,18,21
117000114,112,52,60
117000115,27,8,19
117000116,110,11,99
117000117,182,103,79
117000118,67,76,-9
117000119,32,210,-178
117000120,3,195,-192
117000121,1,312,-311
117000122,22,331,-309
117000123,168,30,138
117000124,1,6,-5
117000125,9,39,-30
117000126,5,8,-3
117000127,16,12,4
117000128,23,6,17
117000129,352,822,-470
117000130,55,0,55
117000131,0,0,0
117000132,1831,54,1777
117000133,1877,23,1854
117000134,0,0,0
117000135,0,0,0
117000136,0,0,0
117000137,194,99,95
117000138,0,0,0
117000140,103,83,20
117000141,1779,164,1615
117000181,8,6,2
117000182,381,462,-81
117000195,0,29,-29
117000196,113,121,-8
117000225,2,50,-48
117000226,0,21,-21
117000276,197,1,196
117000277,0,21,-21
117000310,405,2004,-1599
117000315,8,181,-173
117000320,69,0,69
117000906,233,44,189
117000907,0,44,-44
117000909,72,108,-36
117000910,231,33,198
117000911,39,76,-37
117000915,0,75,-75
117000916,12,1,11
117000917,832,27,805
117000918,66,121,-55
117000919,0,9,-9
117000920,0,111,-111
117000921,0,22,-22
117000922,3,4,-1
117000924,181,314,-133
117000926,290,93,197
117000927,85,320,-235
117000928,0,0,0
117000929,28,19,9
117000930,10,0,10
117000931,131,76,55
117900002,30,496,-466
117900003,0,0,0
117900005,0,10,-10
117900006,0,0,0
117900007,70,10,60
117900008,0,0,0
117900010,105,19,86
117900011,0,19,-19
117900012,10,1,9
117900013,0,7,-7
117900014,185,38,147
117900015,0,13,-13
117900016,92,412,-320
117900017,437,74,363
117900018,33,55,-22
117900019,327,24,303
117900020,2,89,-87
117900021,8,3,5
117900023,152,8,144
117900024,45,1,44
117900025,2,0,2
117900026,149,12,137
117900028,0,1,-1
117900029,169,8,161
117900031,42,24,18
117900032,204,73,131
117900033,266,19,247
117900034,0,0,0
117900035,100,12,88
117900036,101,33,68
117900037,48,8,40
117900038,0,0,0
117900039,0,0,0
117900040,0,0,0
117900041,0,0,0
117900042,193,69,124
117900043,0,0,0
117900044,0,1494,-1494
117900045,56,21,35
117900048,146,12,134
117900049,97,30,67
117900050,0,85,-85
117900051,0,0,0
117900052,0,0,0
117900053,481,43,438
117900054,0,14,-14
117900055,72,57,15
117900056,1,2,-1
117900057,118,225,-107
117900058,0,0,0
117900059,0,0,0
117900060,755,306,449
117900061,1,93,-92
117900063,115,44,71
117900065,34,60,-26
117900066,0,39,-39
117900067,365,48,317
117900069,423,33,390
117900070,18,64,-46
117900071,108,35,73
117900073,285,15,270
117900074,1,43,-42
117900075,74,14,60
117900076,0,1,-1
117900077,74,1,73
117900078,95,192,-97
117900080,82,41,41
117900081,29,31,-2
117900082,194,88,106
117900083,239,69,170
117900086,84,15,69
117900087,10,8,2
117900088,168,41,127
117900089,727,69,658
117900090,264,29,235
117900091,170,22,148
117900092,25,3,22
117900093,48,1,47
117900094,52,18,34
117900095,123,68,55
117900096,95,59,36
117900097,23,0,23
117900098,19,0,19
117900099,42,365,-323
117900100,191,0,191
117900101,360,605,-245
117900102,18,24,-6
117900103,43,1,42
117900104,0,103,-103
117900105,76,10,66
117900106,15,16,-1
117900107,69,0,69
117900109,300,212,88
117900110,69,1,68
117900111,292,25,267
117900112,11,0,11
117900113,140,15,125
117900114,23,1,22
117900115,4,21,-17
117900116,226,89,137
117900117,176,33,143
117900118,56,0,56
117900119,216,1,215
117900120,240,4,236
117900121,73,3,70
117900122,79,1052,-973
117900123,256,56,200
117900124,120,45,75
117900125,282,177,105
117900126,44,40,4
117900127,172,11,161
117900128,180,28,152
117900129,35,0,35
117900130,230,0,230
117900131,0,0,0
117900132,0,0,0
117900133,0,0,0
117900134,0,0,0
117900135,0,0,0
117900136,0,0,0
117900137,0,0,0
117900138,0,0,0
117900139,16,1,15
117900140,1144,173,971
117900141,11,51,-40
117900142,3,29,-26
117900144,0,30,-30
117900145,0,22,-22
117900146,1,39,-38
117900147,23,8,15
117900148,128,711,-583
117900149,26,5,21
117900150,6,8,-2
117900151,37,16,21
117900152,0,0,0
117900153,2,105,-103
117900154,246,97,149
117900156,161,25,136
117900157,63,51,12
117900158,95,0,95
117900160,287,120,167
117900161,171,88,83
117900162,259,132,127
117900163,14,66,-52
117900165,0,0,0
117900166,2,44,-42
117900168,106,0,106
117900169,0,3,-3
117900170,0,5,-5
117900171,20,0,20
117900172,0,0,0
117900173,3,2,1
117900174,0,2,-2
117900175,0,0,0
117900176,0,1,-1
117900177,0,0,0
117900178,2,0,2
117900180,11,1,10
117900181,2,379,-377
117900182,2,69,-67
117900183,32,51,-19
117900184,26,0,26
117900185,100,7,93
117900186,60,0,60
117900187,33,0,33
117900188,32,2,30
117900189,21,1,20
117900190,5,0,5
117900191,8,0,8
117900192,57,0,57
117900193,18,2,16
117900194,0,0,0
117900195,28,6,22
117900196,37,1,36
117900207,26,4,22
117900208,11,4,7
117900209,61,2,59
117900210,0,0,0
117900211,0,0,0
117900212,115,12,103
117900213,13,2,11
117900214,0,0,0
117900215,0,0,0
117900216,0,0,0
117900217,0,0,0
117900218,0,0,0
117900219,0,0,0
117900220,1,32,-31
117900222,23,17,6
117900223,19,119,-100
118000001,225,827,-602
118000002,77,396,-319
118000003,1597,3074,-1477
118000004,506,457,49
118000005,1074,1616,-542
118000006,1204,1668,-464
118000007,2612,4481,-1869
118000008,2180,2105,75
118000009,470,1273,-803
118000010,945,1101,-156
118000011,355,157,198
118000012,215,148,67
118000013,316,325,-9
118000014,319,286,33
118000016,100,34,66
118000017,669,400,269
118000018,102,48,54
118000019,392,643,-251
118000020,95,627,-532
118000021,62,743,-681
118000022,488,451,37
118000023,282,241,41
118000024,361,445,-84
118000027,2838,4124,-1286
118000029,158,874,-716
118000032,196,1281,-1085
118000033,1487,1775,-288
118000034,935,1251,-316
118000035,260,623,-363
118000036,136,485,-349
118000037,159,281,-122
118000038,74,208,-134
118000039,56,25,31
118000040,516,317,199
118000041,271,367,-96
118000045,71,197,-126
118000046,37,829,-792
118000047,38,332,-294
118000048,548,1307,-759
118000051,452,756,-304
118000052,320,771,-451
118000053,232,450,-218
118000054,594,460,134
118000055,214,557,-343
118000056,19,202,-183
118000057,44,154,-110
118000058,408,332,76
118000059,202,803,-601
118000060,243,204,39
118000061,296,241,55
118000062,87,39,48
118000063,56,543,-487
118000064,135,830,-695
118000065,712,215,497
118000066,253,1596,-1343
118000067,118,730,-612
118000068,168,2058,-1890
118000069,319,473,-154
118000070,458,953,-495
118000071,250,1920,-1670
118000072,395,2723,-2328
118000073,173,755,-582
118000074,70,345,-275
118000075,129,276,-147
118000076,2385,4994,-2609
118000077,577,629,-52
118000078,858,1140,-282
118000079,16,97,-81
118000080,101,240,-139
118000081,702,671,31
118000082,90,702,-612
118000083,273,810,-537
118000084,227,271,-44
118000086,15,104,-89
118000087,1034,1229,-195
118000088,294,1157,-863
118000089,632,733,-101
118000090,115,1292,-1177
118000091,159,1524,-1365
118000092,179,97,82
118000093,22,613,-591
118000096,71,379,-308
118000097,106,180,-74
118000098,140,176,-36
118000099,0,0,0
118000101,569,166,403
118000102,412,138,274
118000107,17,3,14
118000108,55,358,-303
118000110,0,0,0
118000111,0,0,0
118000112,289,0,289
118000113,0,0,0
118000114,257,1,256
118000115,2,6,-4
118000116,16,1,15
118000117,218,209,9
118000118,414,499,-85
118000119,501,586,-85
118000120,332,160,172
118000121,11,115,-104
118000122,47,33,14
118000123,44,116,-72
118000125,28,85,-57
118000126,178,343,-165
118000127,455,463,-8
118000128,16,373,-357
118000129,189,270,-81
118000130,442,976,-534
118000131,98,219,-121
118000132,1481,1283,198
118000133,330,172,158
118000135,138,303,-165
118000136,13,221,-208
118000137,73,53,20
118000138,24,58,-34
118000139,123,3,120
118000140,968,4680,-3712
118000141,2326,1286,1040
118000142,821,769,52
118000143,2516,1765,751
118000144,422,232,190
118000145,545,272,273
118000146,962,98,864
118000147,902,191,711
118000148,189,711,-522
118000149,323,130,193
118000150,624,201,423
118000151,358,41,317
118000153,1705,922,783
118000154,965,639,326
118000155,2266,1247,1019
118000156,527,885,-358
118000157,226,81,145
118000158,85,154,-69
118000159,66,140,-74
118000160,579,141,438
118000161,326,140,186
118000162,437,303,134
118000163,469,716,-247
118000164,1036,662,374
118000168,52,0,52
118000169,163,448,-285
118000170,822,916,-94
118000171,73,159,-86
118000172,63,46,17
118000173,666,286,380
118000175,117,197,-80
118000176,269,337,-68
118000177,319,404,-85
118000178,0,37,-37
118000179,678,647,31
118000180,533,331,202
118000181,141,41,100
118000182,54,91,-37
118000183,129,129,0
118000184,810,290,520
118000185,117,569,-452
118000186,87,495,-408
118000187,787,140,647
118000188,110,8,102
118000189,52,13,39
118000190,3,1,2
118000191,7,11,-4
118000192,3,92,-89
118000193,0,135,-135
118000194,536,985,-449
118000195,74,736,-662
118000196,7,122,-115
118000197,96,327,-231
118000198,252,661,-409
118000199,332,596,-264
118000200,0,0,0
118000201,45,184,-139
118000202,0,0,0
118000203,23,120,-97
118000204,0,43,-43
118000205,47,44,3
118000206,138,96,42
118000207,0,53,-53
118000208,552,803,-251
118000209,1002,189,813
118000210,85,24,61
118000211,81,26,55
118000213,96,723,-627
118000214,94,20,74
118000215,47,6,41
118000216,385,75,310
118000217,0,12,-12
118000218,12,1,11
118000219,53,61,-8
118000220,1,29,-28
118000221,8,286,-278
118000222,35,7,28
118000223,38,27,11
118000224,30,4,26
118000225,0,0,0
118000226,175,0,175
118000227,25,90,-65
118000228,0,0,0
118000229,0,0,0
118000230,0,0,0
118000231,0,0,0
118000232,0,0,0
118000233,458,76,382
118000234,0,0,0
118000236,126,3,123
118000237,0,0,0
118000238,202,4,198
118000239,216,123,93
118000240,48,5,43
118000241,17,3,14
118000242,0,0,0
118000243,0,0,0
118000244,16,17,-1
118000246,0,0,0
118000255,87,177,-90
118000256,86,113,-27
118000259,0,1,-1
118000260,32,2,30
118000261,1,0,1
118000263,7,17,-10
118000266,46,24,22
118000267,0,0,0
118000268,19,0,19
118000270,0,0,0
118000271,78,25,53
118000272,20,1,19
118000273,0,0,0
118000274,0,0,0
118000276,76,10,66
118000295,0,0,0
118000298,0,0,0
118000299,0,0,0
118000301,0,0,0
118000302,22,6,16
118000311,215,17,198
118000312,0,0,0
118000313,8,13,-5
118000314,8,2,6
118000315,2,0,2
118000316,10,5,5
118000325,45,1,44
118000326,14,0,14
118000331,112,1,111
118000332,90,2,88
118000333,86,1,85
118000335,66,0,66
118000336,0,0,0
118000407,126,10,116
118000457,1,0,1
118000465,189,294,-105
118000480,3,2,1
118000489,4,233,-229
118000490,1,34,-33
118000492,267,58,209
118000510,0,0,0
118000514,15,11,4
118000515,44,114,-70
118000517,70,44,26
118000524,22,59,-37
118000525,5,1,4
118000530,34,59,-25
118000531,124,112,12
118000532,0,0,0
118000533,0,0,0
118000534,0,0,0
118000535,123,21,102
118000536,4,15,-11
118000537,0,13,-13
118000538,1,10,-9
118000539,18,80,-62
118000540,7,5,2
118000541,4,0,4
118000542,25,69,-44
118000543,67,19,48
118000546,6,2,4
118000553,0,0,0
118000560,0,0,0
118000562,0,0,0
118000563,700,802,-102
118000576,116,33,83
118000577,72,144,-72
118000578,82,9,73
118000579,98,261,-163
118000583,0,0,0
118000595,154,45,109
118000596,0,0,0
118000597,32,105,-73
118000598,7,0,7
118000599,378,3,375
118000600,2,0,2
118000601,0,0,0
118000602,0,1,-1
118000603,0,3,-3
118000605,3,1,2
118000606,0,1,-1
118900001,0,0,0
118900002,56,0,56
118900003,29,0,29
118900004,1,0,1
118900005,0,0,0
118900006,0,0,0
118900007,0,0,0
118900008,244,2,242
118900009,0,0,0
118900010,0,0,0
118900011,0,0,0
118900012,19,32,-13
118900013,0,0,0
118900015,0,0,0
118900016,0,0,0
118900017,0,0,0
118900018,0,0,0
118900019,0,0,0
118900020,0,0,0
118900021,2,13,-11
118900022,12,0,12
118900023,0,0,0
118900024,0,0,0
118900025,0,0,0
118900026,10,0,10
118900027,0,0,0
118900028,75,24,51
118900029,0,0,0
118900030,0,0,0
118900031,8,1,7
118900032,0,0,0
118900033,0,0,0
118900034,0,0,0
118900035,13,1,12
118900036,133,11,122
118900037,0,0,0
118900038,40,2,38
118900039,0,0,0
118900040,24,19,5
118900041,0,0,0
118900042,16,1,15
118900045,4,12,-8
118900046,1,6,-5
118900047,6,18,-12
118900048,0,0,0
118900049,0,0,0
118900050,0,0,0
118900051,10,16,-6
118900052,0,0,0
118900053,0,0,0
118900054,11,3,8
118900055,0,0,0
118900056,0,0,0
118900057,47,67,-20
118900058,0,0,0
118900059,0,0,0
118900060,32,5,27
118900062,0,0,0
118900064,0,0,0
118900065,0,0,0
118900066,0,0,0
118900067,111,291,-180
118900068,0,0,0
118900069,1,0,1
118900071,0,0,0
118900072,0,0,0
118900073,0,0,0
118900074,0,0,0
118900075,0,0,0
118900076,0,0,0
118900077,0,0,0
118900078,0,0,0
118900079,0,0,0
118900080,0,0,0
118900081,0,0,0
118900082,0,0,0
118900083,0,0,0
118900084,0,0,0
118900085,0,0,0
118900086,0,0,0
118900087,0,0,0
118900088,0,0,0
118900089,0,0,0
118900090,0,0,0
118900091,0,0,0
118900092,0,0,0
118900093,0,0,0
118900096,0,0,0
118900097,6,31,-25
118900099,14,0,14
118900100,0,0,0
118900101,0,0,0
118900102,0,0,0
118900103,0,0,0
118900104,27,0,27
118900105,0,0,0
118900107,0,0,0
118900108,0,0,0
118900110,34,0,34
118900111,0,0,0
118900112,0,0,0
118900113,0,0,0
118900114,0,0,0
118900115,0,9,-9
118900116,11,0,11
118900117,2,10,-8
118900118,12,0,12
118900119,5,3,2
118900120,0,3,-3
118900121,0,0,0
118900122,0,0,0
118900123,18,8,10
118900124,0,0,0
118900126,0,0,0
118900129,0,0,0
118900130,0,0,0
118900131,17,4,13
118900132,0,0,0
118900133,0,0,0
118900135,0,0,0
118900136,31,13,18
118900137,0,0,0
118900139,0,0,0
118900140,92,13,79
118900141,0,0,0
118900144,21,15,6
118900145,0,0,0
118900146,4,20,-16
118900147,0,0,0
118900148,0,0,0
118900150,1,0,1
118900152,0,0,0
118900157,0,0,0
118900158,0,0,0
118900159,0,0,0
118900161,0,0,0
118900163,0,0,0
118900164,0,0,0
118900165,0,0,0
118900166,0,0,0
118900167,0,0,0
118900168,0,0,0
118900169,0,0,0
118900170,0,0,0
118900171,0,0,0
118900174,0,0,0
118900175,91,24,67
118900176,44,31,13
118900177,0,0,0
118900178,0,0,0
118900179,0,0,0
118900181,27,1,26
118900182,0,0,0
118900183,0,0,0
118900184,0,0,0
118900185,70,3,67
118900186,0,3,-3
118900187,18,20,-2
118900188,38,21,17
118900189,0,0,0
118900190,0,0,0
118900191,0,0,0
118900192,0,0,0
118900193,0,0,0
118900195,14,0,14
118900196,0,0,0
118900197,0,0,0
118900198,0,0,0
118900199,0,0,0
118900200,0,0,0
118900201,0,0,0
118900202,0,0,0
118900203,0,0,0
118900204,0,0,0
118900205,0,0,0
118900206,0,0,0
119000001,841,667,174
119000002,1755,706,1049
119000003,853,283,570
119000004,515,1182,-667
119000005,875,1442,-567
119000006,855,526,329
119000007,1698,1709,-11
119000008,380,391,-11
119000009,696,1912,-1216
119000010,828,1057,-229
119000011,1107,878,229
119000012,509,1023,-514
119000013,2551,1320,1231
119000014,657,1176,-519
119000019,14,11,3
119000020,516,864,-348
119000021,787,1338,-551
119000022,111,345,-234
119000023,36,123,-87
119000024,317,7007,-6690
119000025,712,424,288
119000026,11,132,-121
119000027,48,184,-136
119000028,1166,285,881
119000029,9,102,-93
119000030,245,691,-446
119000031,236,419,-183
119000032,169,458,-289
119000033,970,946,24
119000034,525,240,285
119000035,0,98,-98
119000036,1004,281,723
119000037,516,448,68
119000038,28,144,-116
119000039,294,156,138
119000040,135,376,-241
119000041,186,634,-448
119000048,1315,469,846
119000049,595,290,305
119000050,406,459,-53
119000051,233,246,-13
119000052,325,401,-76
119000053,500,344,156
119000054,1201,414,787
119000055,2477,364,2113
119000056,1704,399,1305
119000057,667,383,284
119000058,496,315,181
119000059,611,317,294
119000060,402,112,290
119000061,162,209,-47
119000062,175,205,-30
119000063,345,276,69
119000064,137,110,27
119000065,121,290,-169
119000066,658,602,56
119000067,484,409,75
119000068,478,211,267
119000069,506,234,272
119000070,754,153,601
119000071,74,78,-4
119000072,574,287,287
119000073,924,2306,-1382
119000074,1237,318,919
119000075,1243,832,411
119000076,32,184,-152
119000077,186,197,-11
119000078,86,10,76
119000079,22,132,-110
119000080,74,47,27
119000081,134,47,87
119000082,79,13,66
119000083,44,32,12
119000084,185,53,132
119000085,100,40,60
119000086,80,39,41
119000087,326,96,230
119000088,98,4,94
119000089,9,37,-28
119000090,49,61,-12
119000091,22,39,-17
119000092,136,68,68
119000093,804,700,104
119000094,1380,1112,268
119000095,771,466,305
119000097,570,336,234
119000098,372,2112,-1740
119000099,806,235,571
119000100,1459,766,693
119000101,716,553,163
119000102,21,144,-123
119000103,342,146,196
119000104,110,61,49
119000105,154,561,-407
119000106,103,50,53
119000107,580,291,289
119000108,149,108,41
119000109,10,31,-21
119000110,0,0,0
119000111,0,7,-7
119000112,0,0,0
119000113,132,10,122
119000114,41,129,-88
119000115,101,79,22
119000116,12,138,-126
119000117,33,29,4
119000118,7,0,7
119000123,300,506,-206
119000124,384,33,351
119000125,1718,97,1621
119000126,660,130,530
119000127,144,21,123
119000128,2,1,1
119000131,244,30,214
119000132,0,0,0
119000133,2,4,-2
119000134,218,387,-169
119000135,41,19,22
119000136,0,0,0
119000137,26,6,20
119000138,0,0,0
119000139,2,2,0
119000140,0,0,0
119000284,177,450,-273
119000285,289,191,98
119000286,1018,689,329
119000287,498,324,174
119000288,300,99,201
119000289,293,462,-169
119000290,152,185,-33
119000291,1,66,-65
119000293,146,184,-38
119000294,50,61,-11
119000295,106,84,22
119000296,56,6,50
119000297,0,0,0
119000302,1123,845,278
119000303,1,57,-56
119000310,0,0,0
119000314,217,2129,-1912
119000315,0,9,-9
119000316,0,0,0
119000317,18,18,0
119000319,105,36,69
119900001,0,0,0
119900002,53,19,34
119900003,0,0,0
119900004,0,0,0
119900005,0,0,0
119900006,0,0,0
119900007,2,0,2
119900008,0,0,0
119900009,72,56,16
119900010,158,145,13
119900011,0,0,0
119900012,0,0,0
119900013,187,121,66
119900014,38,51,-13
119900015,0,0,0
119900016,0,0,0
119900017,0,0,0
119900018,106,130,-24
119900019,0,0,0
119900020,0,0,0
119900021,0,0,0
119900022,3,111,-108
119900023,53,579,-526
119900025,0,0,0
119900026,0,0,0
119900027,0,0,0
119900028,31,27,4
119900029,0,0,0
119900030,0,0,0
119900031,2,245,-243
119900033,166,94,72
119900034,0,0,0
119900037,0,0,0
119900038,18,17,1
119900039,0,0,0
119900040,76,1,75
119900041,0,0,0
119900042,0,0,0
119900043,1,6,-5
119900044,1,44,-43
119900046,0,0,0
119900047,0,0,0
119900049,0,0,0
119900050,1,7,-6
119900051,278,15,263
119900052,0,0,0
119900053,0,0,0
119900054,85,5,80
119900055,0,0,0
119900057,0,0,0
119900058,0,0,0
119900059,0,0,0
119900060,27,3,24
119900061,47,7,40
119900062,0,0,0
119900063,0,0,0
119900065,0,0,0
119900067,0,0,0
119900068,8,0,8
119900069,12,0,12
119900070,42,0,42
119900071,115,1,114
119900073,105,0,105
119900074,0,0,0
119900075,57,1,56
119900076,0,0,0
119900077,9,0,9
119900078,121,2,119
119900079,50,0,50
119900080,81,22,59
119900081,156,1,155
119900082,900,133,767
119900083,105,83,22
119900084,0,0,0
119900085,0,0,0
119900086,71,26,45
119900087,0,0,0
119900088,0,0,0
119900089,0,10,-10
119900090,0,0,0
119900091,0,11,-11
119900092,0,3,-3
119900093,0,0,0
119900094,0,1,-1
119900095,0,0,0
119900096,0,0,0
119900097,0,0,0
119900098,0,0,0
119900099,0,0,0
119900100,57,78,-21
119900101,0,82,-82
119900102,0,0,0
119900103,0,0,0
119900104,0,0,0
119900105,22,7,15
119900106,0,0,0
119900107,0,0,0
119900108,410,149,261
119900109,0,0,0
119900110,31,7,24
119900111,21,1,20
119900112,0,0,0
119900113,0,2,-2
119900114,45,53,-8
119900115,20,12,8
119900116,0,3,-3
119900117,42,17,25
119900118,58,6,52
119900119,2,12,-10
119900120,35,7,28
119900121,0,0,0
119900122,1,0,1
119900123,1,1,0
119900124,0,1,-1
119900125,0,0,0
119900126,180,19,161
119900127,23,0,23
119900128,29,2,27
119900129,2,2,0
119900130,0,0,0
119900131,0,4,-4
119900132,0,0,0
119900133,0,0,0
119900134,18,3,15
119900135,0,0,0
119900136,0,0,0
119900138,0,0,0
119900139,0,0,0
119900140,0,0,0
119900141,0,0,0
119900142,0,0,0
119900143,0,1,-1
119900144,0,0,0
119900145,0,0,0
119900146,0,0,0
119900147,0,0,0
119900148,0,0,0
119900149,11,411,-400
119900150,0,0,0
119900151,95,89,6
119900152,0,0,0
119900153,0,0,0
119900154,5,0,5
119900155,0,0,0
119900156,29,17,12
119900157,0,0,0
119900158,0,0,0
119900159,0,0,0
119900160,0,0,0
119900161,38,11,27
119900162,72,24,48
119900163,0,0,0
119900164,0,0,0
119900165,0,0,0
119900166,0,0,0
119900167,0,0,0
119900168,91,4,87
119900169,0,0,0
119900170,0,0,0
119900171,1,0,1
119900172,0,0,0
119900173,0,0,0
119900174,0,0,0
119900175,221,20,201
119900177,0,0,0
119900178,0,0,0
119900179,30,267,-237
119900180,142,13,129
119900181,0,0,0
119900182,0,0,0
119900183,0,0,0
119900184,17,0,17
119900185,12,55,-43
119900186,0,0,0
119900187,0,0,0
119900188,76,33,43
119900189,0,0,0
119900190,0,0,0
119900191,0,1,-1
119900192,0,0,0
119900193,85,11,74
119900194,0,0,0
119900195,0,0,0
119900196,0,0,0
119900197,0,0,0
119900198,0,0,0
119900199,1,0,1
119900200,0,0,0
119900201,0,0,0
119900202,0,1,-1
119900203,0,0,0
119900204,1,1,0
119900205,275,28,247
119900206,0,0,0
119900208,0,0,0
119900209,46,69,-23
119900210,0,0,0
119900211,0,0,0
119900212,381,9,372
119900213,0,0,0
119900214,0,0,0
119900215,0,0,0
119900216,0,0,0
119900217,0,0,0
119900218,0,0,0
119900219,0,0,0
119900220,0,0,0
119900221,0,0,0
119900222,0,0,0
119900223,0,0,0
119900224,0,0,0
119900225,0,0,0
119900226,10,122,-112
119900227,26,16,10
119900228,0,8,-8
119900229,0,0,0
119900230,17,1,16
119900231,33,7,26
119900232,0,0,0
119900233,0,0,0
119900234,0,0,0
119900235,0,0,0
119900236,0,0,0
119900237,4,5,-1
119900238,0,0,0
119900240,0,0,0
119900241,0,0,0
119900242,70,0,70
119900244,22,120,-98
119900245,0,0,0
119900246,0,0,0
119900247,0,0,0
119900248,0,0,0
119900249,0,0,0
119900253,94,142,-48
119900254,2,282,-280
119900255,19,4,15
119900256,148,38,110
119900257,0,0,0
119900258,11,2,9
119900259,2,0,2
119900260,0,0,0
119900261,75,12,63
119900262,1,0,1
119900263,105,8,97
119900264,0,0,0
119900265,0,0,0
119900266,0,0,0
119900267,0,14,-14
119900268,4,1,3
119900269,97,7,90
119900271,0,0,0
119900272,3,0,3
119900275,0,0,0
119900276,0,0,0
119900277,0,0,0
119900278,0,0,0
119900279,0,0,0
119900280,9,0,9
119900281,0,0,0
119900282,0,0,0
119900283,0,11,-11
119900284,167,90,77
119900285,0,0,0
119900286,0,0,0
119900288,1,5,-4
119900289,1,0,1
119900290,0,0,0
119900291,0,0,0
119900292,0,14,-14
119900293,5,3,2
119900294,1,44,-43
119900295,63,2,61
119900296,47,13,34
119900297,0,2,-2
119900298,4,3,1
119900299,0,0,0
119900300,0,0,0
119900301,0,0,0
119900302,0,0,0
119900303,0,0,0
119900304,0,0,0
119900305,0,0,0
119900306,0,0,0
119900307,0,0,0
119900308,0,0,0
119900309,0,0,0
119900310,7,0,7
119900311,0,0,0
119900312,26,0,26
119900313,8,1,7
119900314,0,0,0
119900315,0,0,0
119900318,0,0,0
119900319,0,0,0
119900320,88,5,83
119900321,92,30,62
120000001,3846,12601,-8755
120000002,760,638,122
120000003,536,482,54
120000004,843,687,156
120000005,902,552,350
120000006,318,277,41
120000007,546,559,-13
120000008,239,310,-71
120000009,400,238,162
120000010,484,399,85
120000011,243,280,-37
120000012,283,329,-46
120000013,1066,610,456
120000014,253,399,-146
120000015,1348,768,580
120000016,2869,1602,1267
120000017,1786,1799,-13
120000018,2080,5967,-3887
120000019,358,617,-259
120000020,1477,1381,96
120000021,802,1454,-652
120000022,3310,3565,-255
120000023,677,715,-38
120000024,603,833,-230
120000025,1834,617,1217
120000026,1238,1417,-179
120000027,1709,1814,-105
120000028,348,115,233
120000029,165,524,-359
120000030,44,253,-209
120000031,423,1316,-893
120000032,1290,1050,240
120000033,1233,284,949
120000034,1493,292,1201
120000035,1118,252,866
120000036,1320,1775,-455
120000037,554,1516,-962
120000038,894,1828,-934
120000039,41,146,-105
120000040,12,88,-76
120000041,46,164,-118
120000042,395,439,-44
120000043,1620,587,1033
120000044,3430,560,2870
120000045,3055,226,2829
120000046,1943,1381,562
120000047,248,2491,-2243
120000048,2224,1672,552
120000049,1651,593,1058
120000050,879,1100,-221
120000051,987,1375,-388
120000052,988,694,294
120000053,584,541,43
120000054,435,632,-197
120000055,893,579,314
120000056,2055,878,1177
120000057,1058,193,865
120000058,208,259,-51
120000059,65,966,-901
120000061,8,187,-179
120000062,68,76,-8
120000063,183,310,-127
120000064,126,250,-124
120000065,163,149,14
120000066,70,31,39
120000067,7,93,-86
120000068,54,150,-96
120000069,260,93,167
120000070,73,110,-37
120000071,297,14,283
120000072,539,81,458
120000073,474,10,464
120000074,33,7,26
120000075,672,59,613
120000076,1285,93,1192
120000077,1114,93,1021
120000078,561,182,379
120000079,378,84,294
120000080,160,62,98
120000081,234,90,144
120000082,168,168,0
120000083,20,1022,-1002
120000084,44,44,0
120000085,56,13,43
120000086,71,86,-15
120000087,85,97,-12
120000088,325,267,58
120000089,1020,112,908
120000090,302,133,169
120000091,518,216,302
120000092,602,107,495
120000093,359,145,214
120000094,94,311,-217
120000095,279,79,200
120000096,117,70,47
120000098,307,106,201
120000099,62,94,-32
120000100,201,135,66
120000101,167,96,71
120000102,377,846,-469
120000103,784,489,295
120000104,1857,123,1734
120000105,2275,80,2195
120000106,2073,65,2008
120000107,3672,99,3573
120000108,1273,17,1256
120000109,691,36,655
120000110,2,127,-125
120000111,5,93,-88
120000112,14,241,-227
120000113,40,226,-186
120000114,76,190,-114
120000115,23,169,-146
120000116,55,157,-102
120000117,313,111,202
120000118,7,26,-19
120000119,4,49,-45
120000120,23,61,-38
120000121,16,25,-9
120000122,85,296,-211
120000123,486,4069,-3583
120000124,222,144,78
120000125,231,89,142
120000126,99,259,-160
120000127,161,166,-5
120000128,473,810,-337
120000129,98,109,-11
120000130,405,230,175
120000131,132,155,-23
120000134,26,5,21
120000135,39,289,-250
120000137,2,9,-7
120000138,266,43,223
120000139,70,24,46
120000140,116,10,106
120000141,118,16,102
120000142,401,60,341
120000143,0,7,-7
120000144,43,0,43
120000145,49,0,49
120000146,465,661,-196
120000149,211,109,102
120000150,312,3787,-3475
120000151,277,101,176
120000152,385,40,345
120000153,35,48,-13
120000154,59,80,-21
120000155,42,93,-51
120000156,145,253,-108
120000157,326,133,193
120000158,74,50,24
120000159,535,684,-149
120000160,1102,798,304
120000161,728,730,-2
120000162,40,203,-163
120000163,242,112,130
120000164,207,37,170
120000165,194,49,145
120000166,787,29,758
120000167,0,0,0
120000168,0,0,0
120000169,0,0,0
120000170,0,0,0
120000171,0,0,0
120000172,0,0,0
120000173,23,0,23
120000174,2,0,2
120000175,4,0,4
120000176,0,0,0
120000177,100,0,100
120000178,3,0,3
120000179,8,0,8
120000180,10,1,9
120000181,0,78,-78
120000182,6,100,-94
120000183,1,130,-129
120000184,12,307,-295
120000186,1,39,-38
120000187,8,40,-32
120000188,9,47,-38
120000190,27,50,-23
120000191,54,41,13
120000192,30,17,13
120000193,33,1,32
120000195,0,0,0
120000196,4,0,4
120000197,0,6,-6
120000198,31,0,31
120000199,0,0,0
120000200,0,0,0
120000201,0,0,0
120000202,0,0,0
120000203,0,0,0
120000207,0,0,0
120000208,0,0,0
120000209,0,0,0
120000210,0,0,0
120000211,0,0,0
120000212,0,0,0
120000213,0,0,0
120000214,0,0,0
120000215,0,0,0
120000216,0,0,0
120000217,0,0,0
120000218,0,0,0
120000219,0,0,0
120000220,0,0,0
120000225,848,5,843
120000226,221,0,221
120000227,216,13,203
120000228,0,0,0
120000230,27,0,27
120000231,144,34,110
120000233,313,40,273
120000235,24,39,-15
120000236,864,0,864
120000237,0,35,-35
120000238,0,0,0
120000241,683,1624,-941
120000412,46,132,-86
120000413,65,3,62
120000414,141,0,141
120000415,0,4,-4
120000416,35,0,35
120000417,0,2,-2
120000418,115,0,115
120000419,1,6,-5
120000420,34,5,29
120000421,1893,1135,758
120000422,5,308,-303
120000423,0,0,0
120000424,0,0,0
120000436,107,661,-554
120000437,7,14,-7
120000438,155,95,60
120000439,155,280,-125
120000443,142,2,140
120000444,992,56,936
120000445,856,485,371
120000446,110,71,39
120000447,141,2,139
120000449,29,0,29
120000450,0,12,-12
120000451,39,52,-13
120000452,127,14,113
120000453,0,0,0
120000454,34,9,25
120000455,15,39,-24
120000456,51,588,-537
120000457,188,132,56
120000458,187,81,106
120000459,46,17,29
120000665,20,99,-79
120000668,7,254,-247
120000669,64,85,-21
120000670,10,204,-194
120000671,461,190,271
120000672,4,108,-104
120900001,79,6,73
120900002,5,12,-7
120900003,0,0,0
120900004,1,42,-41
120900005,0,45,-45
120900006,211,28,183
120900007,0,0,0
120900008,145,83,62
120900009,0,0,0
120900010,193,37,156
120900011,0,0,0
120900012,10,322,-312
120900013,80,19,61
120900014,0,31,-31
120900015,515,9,506
120900016,595,3,592
120900017,57,2,55
120900018,45,17,28
120900019,76,107,-31
120900020,37,171,-134
120900021,263,9,254
120900022,2,8,-6
120900023,367,5,362
120900024,271,28,243
120900025,22,34,-12
120900026,19,14,5
120900027,0,0,0
120900028,274,48,226
120900029,0,0,0
120900030,446,128,318
120900031,229,5,224
120900032,824,19,805
120900033,410,7,403
120900034,0,332,-332
120900035,32,0,32
120900037,137,0,137
120900038,0,0,0
120900039,0,0,0
120900040,173,0,173
120900041,3,2,1
120900042,202,28,174
120900043,21,2,19
120900044,2,50,-48
120900045,8,4,4
120900046,359,1,358
120900047,0,0,0
120900048,0,0,0
120900049,217,1,216
120900050,168,534,-366
120900051,135,58,77
120900052,203,0,203
120900053,0,0,0
120900054,149,5,144
120900055,277,2,275
120900056,0,0,0
120900057,0,0,0
120900058,476,2,474
120900059,65,0,65
120900060,0,0,0
120900061,41,3,38
120900062,135,16,119
120900063,0,0,0
120900064,313,0,313
120900065,295,0,295
120900066,255,7,248
120900067,49,17,32
120900068,113,0,113
120900069,0,0,0
120900071,23,2,21
120900072,0,0,0
120900073,0,0,0
120900074,155,14,141
120900076,154,0,154
120900077,543,180,363
120900078,786,81,705
120900079,76,2,74
120900080,97,1,96
120900081,562,55,507
120900082,120,1,119
120900083,111,0,111
120900084,137,156,-19
120900085,0,0,0
120900086,0,243,-243
120900087,208,73,135
120900088,5,177,-172
120900089,266,1466,-1200
120900090,23,0,23
120900091,23,277,-254
120900092,11,20,-9
120900093,0,0,0
120900094,15,37,-22
120900095,0,0,0
120900096,0,2,-2
120900097,33,30,3
120900098,0,0,0
120900099,1,0,1
120900100,0,0,0
120900101,0,0,0
120900102,0,0,0
120900103,43,15,28
120900104,0,0,0
120900105,0,0,0
120900106,72,18,54
120900107,31,1,30
120900108,0,0,0
120900109,1,32,-31
120900110,0,0,0
120900111,0,0,0
120900112,0,0,0
120900113,2,24,-22
120900114,4,4,0
120900115,19,54,-35
120900116,43,12,31
120900117,0,0,0
120900118,3,27,-24
120900119,657,341,316
120900120,1,36,-35
120900121,0,9,-9
120900122,90,17,73
120900123,0,0,0
120900124,0,22,-22
120900125,0,25,-25
120900126,32,9,23
120900127,0,0,0
120900128,20,9,11
120900129,111,21,90
120900130,0,28,-28
120900131,0,0,0
120900132,617,32,585
120900133,1,29,-28
120900134,1,12,-11
120900135,22,16,6
120900136,0,0,0
120900137,149,5,144
120900138,0,3,-3
120900139,0,11,-11
120900140,0,0,0
120900141,47,20,27
120900142,0,16,-16
120900143,0,14,-14
120900144,0,24,-24
120900145,20,19,1
120900146,0,13,-13
120900147,0,0,0
120900148,25,12,13
120900149,0,16,-16
120900150,5,10,-5
120900151,8,8,0
120900152,0,0,0
120900153,0,0,0
120900154,0,8,-8
120900155,12,6,6
120900156,65,23,42
120900157,0,0,0
120900158,1,5,-4
120900159,0,0,0
120900160,0,10,-10
120900161,0,0,0
120900162,0,0,0
120900163,0,0,0
120900164,0,0,0
120900165,0,0,0
120900166,0,0,0
120900167,0,0,0
120900169,0,0,0
120900170,28,890,-862
120900171,40,2,38
120900172,0,0,0
120900173,0,0,0
120900174,0,0,0
120900175,27,1,26
120900176,0,149,-149
120900177,0,574,-574
120900178,0,120,-120
120900179,23,14,9
120900180,0,0,0
120900181,0,0,0
120900182,0,0,0
120900183,0,0,0
120900184,0,0,0
120900185,0,0,0
120900186,0,33,-33
120900187,114,59,55
120900188,27,0,27
120900189,0,0,0
120900190,59,3,56
120900191,1,0,1
120900192,572,1848,-1276
120900194,2,0,2
120900195,12,13,-1
120900196,0,0,0
120900197,255,28,227
120900198,18,38,-20
120900199,51,87,-36
120900200,0,0,0
120900201,54,2,52
120900202,0,6,-6
120900203,1,3,-2
120900204,16,7,9
120900205,0,0,0
120900206,5,1,4
120900207,0,34,-34
121000001,117,467,-350
121000002,249,789,-540
121000003,298,860,-562
121000004,316,1203,-887
121000005,1326,2638,-1312
121000006,559,1160,-601
121000007,264,1169,-905
121000008,679,1248,-569
121000009,726,2661,-1935
121000010,727,1178,-451
121000011,1132,3170,-2038
121000012,1870,1171,699
121000013,1453,3070,-1617
121000014,1775,1385,390
121000015,2063,3680,-1617
121000016,732,583,149
121000017,374,1589,-1215
121000018,636,1009,-373
121000019,1798,2954,-1156
121000020,3342,6362,-3020
121000021,244,419,-175
121000022,418,2248,-1830
121000023,536,319,217
121000024,1393,1713,-320
121000025,63,242,-179
121000026,60,131,-71
121000027,170,556,-386
121000028,51,186,-135
121000029,139,203,-64
121000030,0,0,0
121000031,56,158,-102
121000032,0,0,0
121000034,21,54,-33
121000035,0,10,-10
121000036,108,198,-90
121000037,122,354,-232
121000038,548,531,17
121000039,96,56,40
121000041,75,158,-83
121000042,8,184,-176
121000043,271,323,-52
121000044,42,217,-175
121000045,84,151,-67
121000046,0,0,0
121000047,3,35,-32
121000049,330,252,78
121000050,78,1476,-1398
121000051,171,95,76
121000052,65,709,-644
121000053,18,55,-37
121000054,1,25,-24
121000055,219,491,-272
121000056,784,498,286
121000057,1,12,-11
121000058,59,74,-15
121000059,193,858,-665
121000060,388,576,-188
121000061,4,390,-386
121000062,161,227,-66
121000063,143,652,-509
121000064,172,506,-334
121000065,67,135,-68
121000066,53,28,25
121000067,70,32,38
121000068,91,507,-416
121000069,7,647,-640
121000070,260,272,-12
121000071,285,906,-621
121000072,59,50,9
121000073,92,393,-301
121000074,5,36,-31
121000075,0,23,-23
121000076,27,63,-36
121000077,3,52,-49
121000078,0,29,-29
121000080,133,147,-14
121000081,327,1214,-887
121000082,1,12,-11
121000083,29,67,-38
121000084,0,0,0
121000085,4,30,-26
121000086,25,201,-176
121000087,2,176,-174
121000088,131,112,19
121000089,2,243,-241
121000090,57,106,-49
121000091,380,776,-396
121000092,45,39,6
121000093,33,85,-52
121000094,52,153,-101
121000095,5,104,-99
121000096,553,193,360
121000097,101,535,-434
121000098,89,175,-86
121000099,164,132,32
121000100,272,138,134
121000101,89,115,-26
121000102,1,1,0
121000103,41,79,-38
121000104,19,0,19
121000105,2,3,-1
121000106,36,147,-111
121000107,656,1505,-849
121000109,398,857,-459
121000110,15,598,-583
121000114,720,1374,-654
121000115,60,59,1
121000116,65,66,-1
121000117,101,35,66
121000118,181,19,162
121000119,8,27,-19
121000120,46,398,-352
121000121,63,81,-18
121000123,72,76,-4
121000127,2,49,-47
121000128,168,71,97
121000129,112,95,17
121000130,141,171,-30
121000131,45,213,-168
121000132,82,164,-82
121000135,150,185,-35
121000136,283,641,-358
121000137,106,154,-48
121000138,128,1111,-983
121000139,0,0,0
121000141,34,6,28
121000142,10,63,-53
121000143,5,10,-5
121000144,510,695,-185
121000145,99,186,-87
121000146,219,120,99
121000147,159,27,132
121000148,107,88,19
121000149,363,569,-206
121000152,74,85,-11
121000153,134,61,73
121000154,262,54,208
121000155,298,392,-94
121000156,103,166,-63
121000157,166,238,-72
121000158,485,205,280
121000159,183,137,46
121000160,178,75,103
121000161,104,210,-106
121000162,90,85,5
121000165,492,1578,-1086
121000166,23,340,-317
121000168,28,87,-59
121000169,3,36,-33
121000170,60,6,54
121000171,2,33,-31
121000172,148,330,-182
121000173,549,665,-116
121000174,223,437,-214
121000175,320,123,197
121000176,114,130,-16
121000177,161,81,80
121000178,101,17,84
121000179,2,13,-11
121000181,86,42,44
121000182,221,254,-33
121000183,9,176,-167
121000184,16,343,-327
121000185,1,773,-772
121000186,91,628,-537
121000187,87,108,-21
121000188,43,67,-24
121000192,187,50,137
121000193,64,30,34
121000194,448,872,-424
121000195,172,483,-311
121000196,44,107,-63
121000197,22,57,-35
121000198,25,179,-154
121000199,26,50,-24
121000200,205,97,108
121000201,0,107,-107
121000202,68,2,66
121000203,2,88,-86
121000204,666,33,633
121000205,70,138,-68
121000206,111,118,-7
121000207,613,312,301
121000208,0,89,-89
121000209,349,17,332
121000210,330,117,213
121000211,23,4,19
121000212,93,54,39
121000213,348,416,-68
121000214,215,1038,-823
121000215,304,137,167
121000216,130,413,-283
121000217,1025,1549,-524
121000218,66,378,-312
121000219,291,275,16
121000220,48,4,44
121000221,6,84,-78
121000222,538,824,-286
121000223,0,0,0
121000224,176,176,0
121000225,69,777,-708
121000226,190,854,-664
121000227,4,125,-121
121000228,9,68,-59
121000229,0,11,-11
121000230,11,155,-144
121000231,522,14,508
121000232,23,23,0
121000233,86,67,19
121000234,2,68,-66
121000235,3,45,-42
121000236,1,24,-23
121000237,1,2,-1
121000238,0,6,-6
121000239,12,0,12
121000240,0,20,-20
121000241,52,0,52
121000242,0,21,-21
121000243,36,1,35
121000244,0,6,-6
121000245,12,1,11
121000246,0,18,-18
121000247,18,0,18
121000248,83,38,45
121000249,8,37,-29
121000250,119,243,-124
121000251,0,51,-51
121000252,6,36,-30
121000253,48,125,-77
121000254,250,78,172
121000255,2,89,-87
121000256,37,198,-161
121000257,10,67,-57
121000258,53,160,-107
121000259,7,23,-16
121000260,0,11,-11
121000261,0,177,-177
121000262,89,69,20
121000263,309,28,281
121000271,47,933,-886
121000273,4,0,4
121000274,5,46,-41
121000275,0,0,0
121000276,0,26,-26
121000278,18,7,11
121000279,7,5,2
121000280,1,15,-14
121000289,58,4,54
121000290,68,410,-342
121000294,106,19,87
121000297,144,344,-200
121000299,49,147,-98
121000300,63,95,-32
121000302,1,271,-270
121000303,51,17,34
121000304,423,50,373
121000305,37,49,-12
121000306,83,131,-48
121000308,0,0,0
121000309,0,0,0
121000310,0,0,0
121000311,0,0,0
121000312,65,103,-38
121000313,0,0,0
121000314,1,7,-6
121000315,1,5,-4
121000530,450,437,13
121000531,681,386,295
121000532,1393,1412,-19
121000533,2068,1323,745
121000918,0,0,0
121000919,28,97,-69
121000938,7,4,3
121000939,29,143,-114
121000956,466,269,197
121000957,0,0,0
121000958,16,11,5
121000959,211,59,152
121000960,228,216,12
121000961,117,1,116
121000962,19,42,-23
121000963,0,0,0
121000973,0,0,0
121000976,0,0,0
121000979,0,0,0
121000981,55,9,46
121000982,304,57,247
121000983,53,8,45
121000984,0,3,-3
121000985,185,79,106
121000986,61,68,-7
121000987,70,130,-60
121000988,279,51,228
121001302,12,33,-21
121001308,0,37,-37
121001309,6,147,-141
121001311,0,0,0
121001313,0,0,0
121001314,478,289,189
121001315,1780,145,1635
121001326,49,85,-36
121900001,61,345,-284
121900002,0,0,0
121900003,1,0,1
121900004,0,0,0
121900005,5,0,5
121900006,0,0,0
121900007,165,21,144
121900008,1,0,1
121900009,0,1,-1
121900010,0,0,0
121900011,7,0,7
121900012,2,0,2
121900013,2,0,2
121900014,0,0,0
121900015,35,0,35
121900016,0,0,0
121900017,0,0,0
121900018,0,0,0
121900019,0,0,0
121900020,6,0,6
121900021,87,0,87
121900022,0,0,0
121900023,0,0,0
121900024,0,0,0
121900025,0,0,0
121900026,2,0,2
121900027,0,0,0
121900028,0,0,0
121900029,0,0,0
121900030,0,0,0
121900031,2,61,-59
121900032,0,0,0
121900033,0,0,0
121900034,0,0,0
121900035,0,0,0
121900036,0,0,0
121900037,0,0,0
121900038,0,0,0
121900039,0,0,0
121900040,0,0,0
121900041,0,0,0
121900042,0,0,0
121900043,0,0,0
121900044,0,0,0
121900046,0,0,0
121900047,0,0,0
121900048,0,0,0
121900050,0,0,0
121900051,0,0,0
121900052,0,0,0
121900053,5,9,-4
121900054,0,0,0
121900055,0,0,0
121900058,0,0,0
121900059,0,0,0
121900060,0,0,0
121900062,0,0,0
121900063,8,9,-1
121900064,0,0,0
121900066,0,0,0
121900067,0,0,0
121900069,0,0,0
121900070,4,4,0
121900071,0,0,0
121900072,0,0,0
121900073,0,0,0
121900074,8,0,8
121900075,2,8,-6
121900076,0,0,0
121900078,0,0,0
121900079,0,0,0
121900080,0,0,0
121900082,0,0,0
121900084,0,0,0
121900086,0,0,0
121900087,0,0,0
121900088,0,0,0
121900089,0,0,0
121900090,0,0,0
121900091,0,0,0
121900092,0,0,0
121900093,0,0,0
121900094,0,0,0
121900095,0,0,0
121900096,0,0,0
121900097,0,0,0
121900098,0,0,0
121900099,0,0,0
121900100,0,0,0
121900101,0,0,0
121900102,0,0,0
121900103,0,0,0
121900104,87,46,41
121900105,0,0,0
121900106,0,0,0
121900107,0,0,0
121900108,0,0,0
121900109,0,0,0
121900110,0,0,0
121900111,0,0,0
121900112,0,0,0
121900113,0,0,0
121900114,4,0,4
121900117,0,0,0
121900118,0,0,0
121900119,0,0,0
121900120,0,0,0
121900121,0,0,0
121900122,0,0,0
121900123,0,0,0
121900124,0,0,0
121900125,3,0,3
121900127,0,0,0
121900128,0,0,0
121900129,0,0,0
121900130,0,0,0
121900131,1,0,1
121900132,0,0,0
121900133,0,0,0
121900134,0,0,0
121900135,124,29,95
121900136,0,0,0
121900137,0,0,0
121900138,0,0,0
121900139,0,0,0
121900140,0,0,0
121900141,12,0,12
121900142,0,0,0
121900143,0,0,0
121900144,0,0,0
121900145,0,0,0
121900146,0,0,0
121900147,0,0,0
121900148,0,0,0
121900149,0,0,0
121900150,0,0,0
121900151,0,0,0
121900152,0,0,0
121900153,0,0,0
121900154,0,0,0
121900155,0,0,0
121900156,0,0,0
121900157,0,0,0
121900158,0,0,0
121900159,0,0,0
121900160,0,0,0
121900161,0,0,0
121900162,0,0,0
121900163,0,0,0
121900164,0,0,0
121900165,0,0,0
121900166,0,0,0
121900167,0,0,0
121900168,0,0,0
121900169,0,0,0
121900170,0,0,0
121900171,0,0,0
121900172,0,0,0
121900173,0,0,0
121900174,0,0,0
121900175,0,0,0
121900176,0,0,0
121900177,0,0,0
121900178,0,0,0
121900179,0,0,0
121900180,64,261,-197
121900182,1,0,1
121900183,0,0,0
121900184,0,0,0
121900186,0,0,0
121900187,0,0,0
121900188,0,0,0
121900189,0,0,0
121900190,17,0,17
121900191,0,0,0
121900192,0,0,0
121900193,0,0,0
121900194,0,0,0
121900195,0,0,0
121900196,0,0,0
121900197,0,0,0
121900198,270,0,270
121900199,0,0,0
121900200,0,0,0
121900201,0,0,0
121900202,0,0,0
121900203,0,0,0
121900204,0,0,0
121900205,0,0,0
121900206,0,0,0
121900207,0,0,0
121900208,0,0,0
121900209,0,0,0
121900210,0,0,0
121900211,4,0,4
121900212,0,0,0
121900213,0,0,0
121900214,0,0,0
121900215,0,0,0
121900216,0,0,0
121900217,0,0,0
121900218,0,0,0
121900220,0,0,0
121900221,0,0,0
121900222,0,0,0
121900223,0,0,0
121900224,0,0,0
121900225,0,0,0
121900226,0,0,0
121900227,0,0,0
121900228,0,0,0
121900230,0,0,0
121900231,0,0,0
121900232,0,0,0
121900233,0,0,0
121900234,0,0,0
121900235,0,0,0
121900236,0,0,0
121900237,0,0,0
121900238,0,0,0
121900239,0,0,0
121900240,0,0,0
121900241,0,0,0
121900242,0,0,0
121900243,0,0,0
121900244,0,0,0
121900245,0,0,0
121900246,12,0,12
121900248,0,0,0
121900250,0,0,0
121900251,0,0,0
121900252,0,0,0
121900253,2,116,-114
121900254,0,0,0
121900255,0,0,0
121900258,459,266,193
121900259,0,0,0
121900260,0,0,0
121900261,0,0,0
121900262,0,0,0
121900263,0,0,0
121900264,0,0,0
121900265,0,0,0
121900266,0,0,0
121900267,0,0,0
121900269,0,0,0
121900270,0,0,0
121900271,0,0,0
121900273,2,21,-19
121900274,38,2,36
121900277,0,0,0
121900278,0,0,0
121900279,0,0,0
121900280,0,0,0
121900281,0,0,0
121900284,0,0,0
121900286,31,3,28
121900287,6,4,2
121900288,1,0,1
121900290,0,0,0
121900291,0,0,0
121900292,8,0,8
121900293,0,0,0
121900294,0,0,0
121900295,0,0,0
121900296,0,0,0
121900298,0,7,-7
121900299,0,0,0
121900300,25,0,25
121900301,0,0,0
121900302,0,0,0
121900303,0,0,0
121900304,0,0,0
121900305,0,0,0
121900306,0,0,0
121900307,15,1,14
121900308,0,0,0
121900309,0,0,0
121900310,0,0,0
121900311,66,1,65
121900312,30,1,29
121900313,49,0,49
121900314,0,0,0
121900315,0,0,0
121900316,0,0,0
121900317,0,0,0
121900318,0,0,0
121900319,0,0,0
121900320,0,0,0
121900321,0,0,0
121900322,0,0,0
121900323,0,0,0
121900324,0,0,0
121900325,0,0,0
121900326,0,0,0
121900327,0,0,0
121900328,0,0,0
121900329,0,0,0
121900330,0,0,0
121900331,0,0,0
121900332,0,0,0
121900333,0,0,0
121900334,0,0,0
122000001,313,748,-435
122000002,415,281,134
122000003,220,586,-366
122000004,314,392,-78
122000005,927,2161,-1234
122000006,207,777,-570
122000007,287,693,-406
122000008,573,960,-387
122000009,102,183,-81
122000010,1251,1000,251
122000011,308,364,-56
122000012,195,312,-117
122000013,298,911,-613
122000014,518,849,-331
122000015,286,589,-303
122000016,128,382,-254
122000017,272,802,-530
122000018,345,741,-396
122000019,164,647,-483
122000020,28,63,-35
122000021,27,146,-119
122000022,105,102,3
122000023,47,110,-63
122000024,355,427,-72
122000025,142,543,-401
122000026,466,429,37
122000027,115,326,-211
122000028,194,395,-201
122000029,70,113,-43
122000030,26,3,23
122000031,23,601,-578
122000032,172,269,-97
122000033,95,223,-128
122000034,9,72,-63
122000035,3,62,-59
122000036,76,111,-35
122000037,26,78,-52
122000038,55,190,-135
122000039,44,39,5
122000040,23,29,-6
122000041,284,1102,-818
122000042,258,572,-314
122000043,22,81,-59
122000044,45,119,-74
122000045,175,116,59
122000046,166,299,-133
122000047,30,26,4
122000048,1016,1838,-822
122000049,1880,1392,488
122000050,160,277,-117
122000051,162,665,-503
122000052,157,480,-323
122000053,107,1392,-1285
122000054,479,625,-146
122000055,2289,2323,-34
122000056,707,1209,-502
122000057,925,1398,-473
122000058,465,646,-181
122000059,391,906,-515
122000060,59,66,-7
122000061,11,37,-26
122000062,274,42,232
122000063,70,390,-320
122000064,1395,2394,-999
122000065,1115,1157,-42
122000066,42,72,-30
122000067,758,1975,-1217
122000068,116,1544,-1428
122000069,85,191,-106
122000070,629,417,212
122000071,201,409,-208
122000072,11,89,-78
122000073,42,171,-129
122000074,398,590,-192
122000075,137,549,-412
122000076,209,342,-133
122000077,141,388,-247
122000078,443,451,-8
122000079,132,473,-341
122000080,84,294,-210
122000081,1,140,-139
122000082,119,257,-138
122000083,139,247,-108
122000084,62,77,-15
122000085,9,172,-163
122000086,735,2417,-1682
122000087,197,116,81
122000088,46,16,30
122000089,716,630,86
122000090,57,119,-62
122000091,58,52,6
122000092,2,19,-17
122000093,953,2133,-1180
122000094,1381,1364,17
122000095,486,1591,-1105
122000096,102,789,-687
122000098,1128,3282,-2154
122000099,135,406,-271
122000100,113,119,-6
122000101,47,76,-29
122000102,24,163,-139
122000103,76,186,-110
122000104,37,88,-51
122000105,50,97,-47
122000106,45,129,-84
122000107,131,163,-32
122000108,8,27,-19
122000109,56,117,-61
122000110,34,69,-35
122000111,361,203,158
122000112,126,136,-10
122000113,112,175,-63
122000114,319,2084,-1765
122000115,451,1389,-938
122000116,26,152,-126
122000117,193,33,160
122000118,204,48,156
122000119,164,117,47
122000120,53,100,-47
122000121,227,373,-146
122000122,81,346,-265
122000123,152,429,-277
122000124,42,244,-202
122000125,58,225,-167
122000126,26,186,-160
122000127,36,248,-212
122000128,217,114,103
122000129,54,208,-154
122000130,387,286,101
122000131,94,102,-8
122000132,3,5,-2
122000133,95,51,44
122000134,102,258,-156
122000135,114,81,33
122000136,40,136,-96
122000137,167,284,-117
122000139,148,477,-329
122000140,108,346,-238
122000141,306,318,-12
122000142,36,300,-264
122000143,27,68,-41
122000144,118,59,59
122000145,97,39,58
122000146,107,292,-185
122000147,110,152,-42
122000148,138,147,-9
122000149,298,105,193
122000150,195,103,92
122000151,2,4,-2
122000152,7,1,6
122000153,110,145,-35
122000154,42,67,-25
122000155,218,217,1
122000156,940,1185,-245
122000157,232,664,-432
122000158,75,57,18
122000159,121,196,-75
122000160,309,314,-5
122000161,210,173,37
122000162,138,239,-101
122000163,18,4,14
122000164,0,5,-5
122000165,72,542,-470
122000166,104,134,-30
122000167,3,2,1
122000168,31,837,-806
122000169,56,15,41
122000170,42,253,-211
122000171,0,0,0
122000172,273,729,-456
122000173,196,697,-501
122000174,358,1107,-749
122000175,95,49,46
122000176,179,1007,-828
122000177,618,1643,-1025
122000178,615,341,274
122000179,280,1216,-936
122000180,341,1193,-852
122000181,401,1612,-1211
122000182,206,184,22
122000183,78,109,-31
122000184,777,1056,-279
122000185,378,581,-203
122000186,134,395,-261
122000187,407,176,231
122000188,0,0,0
122000189,45,76,-31
122000190,318,366,-48
122000191,43,89,-46
122000192,75,31,44
122000193,89,299,-210
122000194,73,37,36
122000195,54,261,-207
122000196,46,87,-41
122000197,13,81,-68
122000198,132,236,-104
122000199,114,93,21
122000200,103,119,-16
122000201,445,574,-129
122000202,197,470,-273
122000203,251,202,49
122000204,299,392,-93
122000205,84,211,-127
122000206,507,601,-94
122000207,267,706,-439
122000208,464,300,164
122000209,461,68,393
122000210,189,256,-67
122000211,137,202,-65
122000212,154,126,28
122000213,78,231,-153
122000214,366,668,-302
122000215,1274,602,672
122000217,356,339,17
122000218,183,79,104
122000219,149,153,-4
122000220,34,304,-270
122000221,8,239,-231
122000222,62,50,12
122000223,82,177,-95
122000225,110,86,24
122000226,48,400,-352
122000227,20,228,-208
122000228,16,113,-97
122000229,5,165,-160
122000230,4,76,-72
122000231,10,112,-102
122000232,110,102,8
122000233,0,24,-24
122000234,94,15,79
122000235,244,28,216
122000236,147,7,140
122000237,7,4,3
122000238,52,81,-29
122000239,101,16,85
122000240,192,41,151
122000241,304,68,236
122000242,50,2,48
122000243,21,36,-15
122000244,12,74,-62
122000245,35,9,26
122000246,42,122,-80
122000247,111,139,-28
122000248,91,210,-119
122000249,156,237,-81
122000250,139,185,-46
122000251,0,0,0
122000252,8,17,-9
122000253,0,0,0
122000254,25,1,24
122000255,66,205,-139
122000256,1,41,-40
122000257,5,50,-45
122000258,56,166,-110
122000259,3,148,-145
122000260,9,64,-55
122000261,6,64,-58
122000262,0,5,-5
122000263,58,0,58
122000264,512,83,429
122000265,365,111,254
122000266,641,79,562
122000267,0,3,-3
122000268,44,39,5
122000269,54,58,-4
122000270,18,10,8
122000271,0,0,0
122000272,0,0,0
122000273,20,1,19
122000274,4,23,-19
122000275,1,12,-11
122000276,178,199,-21
122000277,272,420,-148
122000278,225,88,137
122000279,25,4,21
122000280,92,13,79
122000281,42,59,-17
122000282,10,306,-296
122000283,2,25,-23
122000284,20,10,10
122000285,0,0,0
122000286,0,1,-1
122000287,867,421,446
122000288,115,84,31
122000291,854,249,605
122000293,19,45,-26
122000294,22,105,-83
122000295,329,33,296
122000296,60,433,-373
122000297,758,1797,-1039
122000299,168,69,99
122000300,33,46,-13
122000301,370,1006,-636
122000302,153,586,-433
122000303,281,88,193
122000304,0,32,-32
122000305,550,82,468
122000306,5,120,-115
122000307,7,30,-23
122000309,0,0,0
122000310,0,18,-18
122000311,6,12,-6
122000312,33,65,-32
122000313,2,41,-39
122000314,70,138,-68
122000315,138,1,137
122000316,248,81,167
122000317,492,114,378
122000318,91,231,-140
122000319,3,119,-116
122000320,7,54,-47
122000321,19,59,-40
122000322,501,364,137
122000323,209,285,-76
122000324,193,565,-372
122000325,213,360,-147
122000326,7,0,7
122000327,33,205,-172
122000328,83,149,-66
122000330,202,479,-277
122000333,5,19,-14
122000337,91,71,20
122000338,42,20,22
122000340,12,46,-34
122000342,121,193,-72
122000343,24,71,-47
122000344,47,0,47
122000345,4,14,-10
122000346,22,1,21
122000348,90,225,-135
122000349,0,82,-82
122000351,52,25,27
122000352,14,25,-11
122000353,13,0,13
122000355,34,594,-560
122000356,55,98,-43
122000357,15,9,6
122000358,0,0,0
122000359,0,0,0
122000360,0,0,0
122000362,0,3,-3
122000364,59,27,32
122000365,0,24,-24
122000366,5,1,4
122000368,22,113,-91
122000370,0,2,-2
122000371,0,0,0
122000372,0,0,0
122000381,8,54,-46
122000382,2,12,-10
122000384,242,469,-227
122000385,27,0,27
122000386,9,450,-441
122000387,84,83,1
122000388,90,438,-348
122000389,36,53,-17
122000390,27,190,-163
122000391,0,110,-110
122000392,21,8,13
122000393,4,5,-1
122000394,78,39,39
122000395,54,34,20
122000396,28,2,26
122000397,0,0,0
122000398,29,86,-57
122000399,11,8,3
122000400,15,121,-106
122000401,22,7,15
122000402,104,37,67
122000403,5,0,5
122000404,52,12,40
122000408,219,265,-46
122000503,0,6,-6
122000524,0,0,0
122000544,15,20,-5
122000614,32,68,-36
122000616,0,0,0
122000640,22,33,-11
122000641,8,41,-33
122000642,226,113,113
122000643,6,145,-139
122000644,0,0,0
122000645,3,16,-13
122000651,137,546,-409
122000664,55,25,30
122000665,103,179,-76
122000666,56,139,-83
122000673,4,37,-33
122000674,89,107,-18
122000675,724,348,376
122000686,112,81,31
122000687,372,46,326
122000688,165,75,90
122000689,244,28,216
122000690,811,19,792
122000691,422,112,310
122000692,149,8,141
122000693,78,146,-68
122000695,1,0,1
122000696,136,43,93
122000698,2,0,2
122000699,33,21,12
122000701,239,33,206
122000702,99,254,-155
122000703,12,35,-23
122000712,0,0,0
122000717,1,60,-59
122000718,76,774,-698
122000719,0,24,-24
122000720,165,27,138
122000724,72,3,69
122900001,0,0,0
122900002,51,297,-246
122900003,21,0,21
122900004,0,0,0
122900005,0,0,0
122900006,0,0,0
122900007,0,0,0
122900008,0,0,0
122900009,0,0,0
122900010,14,8,6
122900012,0,25,-25
122900014,0,0,0
122900015,92,28,64
122900016,0,0,0
122900017,0,2,-2
122900018,0,0,0
122900020,0,0,0
122900021,0,0,0
122900022,0,0,0
122900023,0,0,0
122900024,0,0,0
122900025,0,0,0
122900026,0,0,0
122900027,0,87,-87
122900028,0,0,0
122900029,7,5,2
122900030,0,0,0
122900031,1,34,-33
122900032,0,0,0
122900033,3,37,-34
122900034,16,56,-40
122900035,1,0,1
122900036,0,0,0
122900037,0,0,0
122900038,0,115,-115
122900039,0,9,-9
122900040,4,8,-4
122900041,5,23,-18
122900042,0,18,-18
122900043,0,28,-28
122900044,6,25,-19
122900045,3,26,-23
122900046,8,15,-7
122900047,0,1,-1
122900048,0,1,-1
122900049,0,0,0
122900051,0,0,0
122900052,98,1,97
122900053,4,3,1
122900055,16,0,16
122900057,3,0,3
122900061,0,0,0
122900062,0,0,0
122900063,0,0,0
122900064,0,0,0
122900065,0,0,0
122900066,0,0,0
122900067,1,1,0
122900069,0,0,0
122900070,146,6,140
122900071,0,0,0
122900073,0,0,0
122900074,204,0,204
122900075,0,0,0
122900076,0,0,0
122900077,0,0,0
122900078,96,0,96
122900080,0,0,0
122900081,16,0,16
122900082,280,1,279
122900083,0,0,0
122900084,0,0,0
122900086,0,0,0
122900087,53,0,53
122900088,1,1,0
122900089,0,0,0
122900090,0,0,0
122900091,0,0,0
122900092,0,0,0
122900093,0,0,0
122900094,0,0,0
122900095,0,0,0
122900096,13,0,13
122900097,0,0,0
122900098,0,0,0
122900099,0,0,0
122900100,0,0,0
122900101,0,0,0
122900102,0,0,0
122900103,0,0,0
122900104,0,0,0
122900105,0,0,0
122900106,0,0,0
122900107,0,0,0
122900108,0,0,0
122900109,0,0,0
123000001,404,128,276
123000002,473,2151,-1678
123000003,725,770,-45
123000004,905,1388,-483
123000005,1215,691,524
123000006,838,983,-145
123000007,832,675,157
123000008,390,416,-26
123000009,1444,1415,29
123000010,383,315,68
123000011,722,743,-21
123000012,16,93,-77
123000013,702,266,436
123000014,36,236,-200
123000015,808,478,330
123000016,83,153,-70
123000017,3386,1813,1573
123000018,106,45,61
123000019,167,1,166
123000020,97,7,90
123000021,101,72,29
123000022,364,235,129
123000023,1223,1068,155
123000024,530,370,160
123000025,69,52,17
123000026,9,57,-48
123000027,1,177,-176
123000028,370,1746,-1376
123000029,7,325,-318
123000030,9,31,-22
123000031,209,62,147
123000032,328,71,257
123000033,57,45,12
123000034,476,384,92
123000035,64,196,-132
123000036,68,476,-408
123000037,8,8,0
123000038,11,170,-159
123000039,415,923,-508
123000040,30,20,10
123000041,139,534,-395
123000042,42,81,-39
123000043,573,1995,-1422
123000044,740,351,389
123000045,123,72,51
123000046,77,427,-350
123000047,95,16,79
123000048,7,699,-692
123000049,2829,1639,1190
123000050,346,424,-78
123000051,25,22,3
123000052,174,564,-390
123000053,991,883,108
123000054,314,999,-685
123000055,1149,1910,-761
123000056,105,303,-198
123000057,365,377,-12
123000058,62,43,19
123000059,2,64,-62
123000060,107,42,65
123000061,50,72,-22
123000063,190,148,42
123000064,138,97,41
123000065,309,376,-67
123000066,74,159,-85
123000067,221,133,88
123000068,289,315,-26
123000069,612,224,388
123000070,74,8,66
123000071,448,273,175
123000072,63,41,22
123000073,423,250,173
123000074,123,35,88
123000075,186,405,-219
123000076,60,122,-62
123000077,569,405,164
123000078,741,481,260
123000079,958,485,473
123000080,374,123,251
123000081,42,41,1
123000082,131,160,-29
123000083,130,84,46
123000084,218,43,175
123000085,201,212,-11
123000086,146,182,-36
123000087,82,112,-30
123000088,443,84,359
123000089,279,280,-1
123000090,0,0,0
123000091,351,286,65
123000092,0,0,0
123000094,85,64,21
123000095,254,152,102
123000096,236,48,188
123000097,282,44,238
123000098,170,58,112
123000099,173,98,75
123000100,61,448,-387
123000101,93,53,40
123000102,377,516,-139
123000104,91,129,-38
123000105,5,12,-7
123000106,76,58,18
123000107,1,3,-2
123000108,197,80,117
123000111,196,339,-143
123000112,214,151,63
123000113,102,76,26
123000114,109,177,-68
123000115,31,82,-51
123000116,3,8,-5
123000117,458,319,139
123000118,129,135,-6
123000119,57,110,-53
123000120,72,108,-36
123000121,157,212,-55
123000122,0,0,0
123000123,250,145,105
123000124,0,0,0
123000125,362,287,75
123000126,324,664,-340
123000127,65,132,-67
123000128,0,0,0
123000129,371,39,332
123000130,311,7,304
123000131,278,101,177
123000132,0,0,0
123000133,0,0,0
123000134,44,14,30
123000135,283,1225,-942
123000136,0,0,0
123000137,0,0,0
123000138,0,0,0
123000139,236,16,220
123000140,0,0,0
123000141,84,29,55
123000142,103,43,60
123000143,51,143,-92
123000144,0,0,0
123000145,49,269,-220
123000146,2,84,-82
123000147,14,45,-31
123000149,44,133,-89
123000150,13,21,-8
123000151,69,162,-93
123000152,0,8,-8
123000153,11,285,-274
123000154,196,539,-343
123000155,195,389,-194
123000156,1,9,-8
123000157,42,138,-96
123000158,160,205,-45
123000159,352,1034,-682
123000160,334,462,-128
123000161,268,166,102
123000162,231,181,50
123000163,198,72,126
123000164,605,76,529
123000165,27,212,-185
123000166,1,7,-6
123000167,45,27,18
123000168,88,29,59
123000169,279,39,240
123000170,11,0,11
123000171,254,1,253
123000172,1,22,-21
123000173,261,31,230
123000174,236,59,177
123000175,1,31,-30
123000176,183,72,111
123000177,64,69,-5
123000178,252,361,-109
123000179,1,72,-71
123000180,589,135,454
123000181,128,177,-49
123000182,111,46,65
123000183,19,87,-68
123000184,27,17,10
123000185,337,176,161
123000186,0,0,0
123000187,250,3,247
123000188,187,0,187
123000189,6,51,-45
123000190,4,44,-40
123000192,0,35,-35
123000193,6,168,-162
123000194,48,55,-7
123000195,324,15,309
123000196,134,5,129
123000197,25,0,25
123000198,18,48,-30
123000199,0,45,-45
123000200,313,5,308
123000201,422,10,412
123000202,0,51,-51
123000203,546,17,529
123000204,1,80,-79
123000205,10,138,-128
123000206,1600,140,1460
123000207,15,110,-95
123000208,357,274,83
123000209,973,158,815
123000210,36,150,-114
123000211,86,283,-197
123000212,2140,215,1925
123000213,199,19,180
123000215,59,155,-96
123000216,32,309,-277
123000217,100,4,96
123000218,0,10,-10
123000219,173,53,120
123000220,152,20,132
123000221,27,16,11
123000222,100,77,23
123000223,172,62,110
123000224,131,53,78
123000225,103,8,95
123000226,95,5,90
123000227,17,2,15
123000228,124,8,116
123000229,180,113,67
123000232,4,9,-5
123000233,264,35,229
123000234,8,18,-10
123000235,249,37,212
123000236,5,44,-39
123000237,213,6,207
123000238,0,7,-7
123000239,66,125,-59
123000240,15,202,-187
123000241,90,49,41
123000242,21,37,-16
123000243,81,83,-2
123000244,65,59,6
123000245,0,0,0
123000249,0,0,0
123000252,267,75,192
123000253,409,255,154
123000254,103,76,27
123000255,138,199,-61
123000256,4,2,2
123000257,220,254,-34
123000258,247,129,118
123000259,184,177,7
123000260,220,48,172
123000261,71,38,33
123000262,0,26,-26
123000263,136,32,104
123000264,107,38,69
123000265,16,8,8
123000266,99,108,-9
123000267,90,119,-29
123000268,7,18,-11
123000269,23,56,-33
123000270,12,50,-38
123000271,9,7,2
123000272,309,65,244
123000273,112,549,-437
123000274,511,273,238
123000275,13,50,-37
123000278,263,633,-370
123000279,42,29,13
123000280,63,34,29
123000281,91,49,42
123000282,18,178,-160
123000283,93,41,52
123000284,3,30,-27
123000286,52,241,-189
123000287,92,72,20
123000288,295,336,-41
123000289,67,358,-291
123000291,4,16,-12
123000294,105,357,-252
123000295,390,960,-570
123000296,476,842,-366
123000297,138,56,82
123000298,140,39,101
123000299,41,179,-138
123000300,510,395,115
123000301,27,30,-3
123000302,144,34,110
123000303,6,372,-366
123000305,74,381,-307
123000306,23,3,20
123000309,10,9,1
123000310,46,4,42
123000311,168,3,165
123000312,209,82,127
123000313,197,93,104
123000315,264,48,216
123000316,707,47,660
123000317,33,28,5
123000318,1,35,-34
123000329,0,5,-5
123000337,282,168,114
123000338,76,168,-92
123000339,55,6,49
123000340,13,33,-20
123000342,0,10,-10
123000343,19,0,19
123000344,131,107,24
123000345,93,64,29
123000346,416,18,398
123000352,97,114,-17
123000353,9,3,6
123000354,499,6,493
123000355,0,164,-164
123000356,152,1,151
123000357,0,3,-3
123000359,0,3,-3
123000360,52,87,-35
123000361,101,7,94
123000362,132,4,128
123000363,21,0,21
123000364,127,112,15
123000365,0,12,-12
123000366,67,266,-199
123000367,54,150,-96
123000370,16,2,14
123000371,107,4,103
123000372,43,2,41
123000373,0,0,0
123000374,0,0,0
123000375,271,22,249
123000376,303,378,-75
123000377,104,4,100
123000378,0,1,-1
123000379,0,12,-12
123000380,0,0,0
123000381,7,25,-18
123000382,100,53,47
123000383,0,0,0
123000384,71,32,39
123000385,0,0,0
123000436,15,516,-501
123000507,33,98,-65
123000508,156,863,-707
123000517,29,1,28
123000518,22,56,-34
123000519,21,3,18
123000520,7,93,-86
123000521,39,13,26
123000522,48,94,-46
123000541,17,2,15
123000542,0,0,0
123000565,255,3,252
123000566,87,115,-28
123000567,47,78,-31
123000573,0,11,-11
123000574,237,7,230
123000575,420,2,418
123000576,111,1,110
123000577,0,0,0
123000578,147,31,116
123000579,432,1608,-1176
123000580,64,13,51
123000582,144,2,142
123000583,21,1,20
123000584,31,34,-3
123000585,0,0,0
123000586,41,0,41
123000596,24,29,-5
123000597,83,68,15
123000602,6,0,6
123000603,356,31,325
123000604,166,55,111
123000605,244,5,239
123000606,0,0,0
123000609,24,36,-12
123000610,22,19,3
123000613,38,19,19
123000614,87,31,56
123000615,3,36,-33
123000616,155,29,126
123000617,0,0,0
123000618,0,0,0
123000619,52,1,51
123000620,0,0,0
123000622,111,2,109
123000624,88,34,54
123000630,807,225,582
123000631,80,76,4
123000632,237,46,191
123000633,1,139,-138
123000634,2,39,-37
123000635,0,0,0
123000636,29,107,-78
123000637,38,2,36
123000638,110,113,-3
123000639,383,1091,-708
123000640,14,0,14
123000648,359,541,-182
123000649,13,43,-30
123000650,47,136,-89
123000651,1,63,-62
123000652,38,2,36
123000653,0,0,0
123900001,0,0,0
123900002,0,0,0
123900003,0,0,0
123900005,0,0,0
123900006,0,0,0
124000001,573,129,444
124000002,1,133,-132
124000003,452,60,392
124000004,0,20,-20
124000005,410,214,196
124000006,0,29,-29
124000007,82,44,38
124000008,0,11,-11
124000009,456,64,392
124000010,14,23,-9
124000011,366,62,304
124000012,0,0,0
124000017,92,49,43
124000018,0,0,0
124000019,119,13,106
124000020,0,0,0
124000021,48,25,23
124000022,0,0,0
124000023,127,38,89
124000024,253,83,170
124000025,130,100,30
124000026,334,51,283
124000027,261,40,221
124000028,627,53,574
124000031,429,1693,-1264
124000032,0,9,-9
124000033,459,365,94
124000034,23,49,-26
124000035,148,21,127
124000036,2,22,-20
124000037,58,176,-118
124000038,0,1,-1
124000039,76,17,59
124000040,37,44,-7
124000041,222,29,193
124000042,2,11,-9
124000043,33,19,14
124000044,1,7,-6
124000045,358,85,273
124000046,0,0,0
124000047,357,67,290
124000048,0,0,0
124000049,838,76,762
124000050,0,0,0
124000051,483,124,359
124000052,0,0,0
124000053,300,644,-344
124000054,1,0,1
124000055,831,807,24
124000056,21,2,19
124000057,667,181,486
124000058,7,3,4
124000059,561,569,-8
124000060,90,15,75
124000061,517,1283,-766
124000062,101,57,44
124000063,330,82,248
124000064,185,98,87
124000065,0,0,0
124000066,28,13,15
124000067,3,10,-7
124000068,0,0,0
124000069,187,14,173
124000070,0,0,0
124000071,55,14,41
124000072,0,0,0
124000073,265,28,237
124000074,0,0,0
124000075,176,27,149
124000076,0,0,0
124000077,29,53,-24
124000078,322,288,34
124000079,1,95,-94
124000080,137,29,108
124000081,0,0,0
124000082,54,116,-62
124000083,3,3,0
124000084,17,191,-174
124000085,1,0,1
124000086,15,179,-164
124000087,48,120,-72
124000088,35,77,-42
124000089,224,12,212
124000090,37,23,14
124000091,197,26,171
124000092,47,166,-119
124000093,43,43,0
124000094,19,81,-62
124000095,77,11,66
124000096,20,42,-22
124000097,173,17,156
124000098,33,7,26
124000099,19,17,2
124000100,2,45,-43
124000101,199,21,178
124000102,47,6,41
124000103,160,43,117
124000104,52,10,42
124000105,136,38,98
124000106,19,6,13
124000107,11,268,-257
124000108,11,9,2
124000109,75,22,53
124000110,58,8,50
124000111,125,26,99
124000112,181,187,-6
124000113,51,45,6
124000114,109,115,-6
124000115,160,186,-26
124000116,57,39,18
124000117,6,22,-16
124000118,9,52,-43
124000119,212,114,98
124000120,115,35,80
124000121,438,178,260
124000122,30,252,-222
124000123,390,92,298
124000124,132,165,-33
124000125,198,114,84
124000126,63,78,-15
124000127,605,65,540
124000128,224,108,116
124000129,811,422,389
124000130,169,26,143
124000131,339,268,71
124000132,181,91,90
124000133,447,243,204
124000134,163,308,-145
124000135,468,596,-128
124000136,51,187,-136
124000137,196,210,-14
124000138,56,164,-108
124000139,188,2,186
124000140,39,82,-43
124000141,239,2,237
124000142,8,126,-118
124000143,16,0,16
124000144,0,10,-10
124000145,24,3,21
124000146,1,2,-1
124000148,0,9,-9
124000149,269,131,138
124000150,24,35,-11
124000151,245,152,93
124000152,78,55,23
124000153,204,590,-386
124000154,9,55,-46
124000155,337,169,168
124000156,42,57,-15
124000169,31,57,-26
124000170,78,83,-5
124000171,69,70,-1
124000172,62,31,31
124000173,119,29,90
124000174,124,86,38
124000175,0,0,0
124000176,15,50,-35
124000177,0,0,0
124000178,23,64,-41
124000185,3,1,2
124000186,9,3,6
124000187,1,4,-3
124000188,12,0,12
124000190,12,23,-11
124000191,8,96,-88
124000192,343,168,175
124000193,0,1,-1
124000194,80,30,50
124000195,237,270,-33
124000196,97,72,25
124000197,82,3,79
124000198,57,10,47
124000201,1,0,1
124000202,190,22,168
124000203,49,0,49
124000204,467,11,456
124000205,20,0,20
124000206,573,116,457
124000207,0,0,0
124000209,59,1,58
124000210,453,89,364
124000211,401,0,401
124000212,0,0,0
124000213,42,0,42
124000214,197,8,189
124000215,326,4,322
124000216,0,0,0
124000329,4,13,-9
124000338,1,83,-82
124000339,497,15,482
124000341,539,5,534
124000344,35,1,34
124000357,1254,1514,-260
124000358,981,1764,-783
124000359,779,261,518
124000360,334,249,85
124000361,835,492,343
124000362,0,0,0
124000363,0,0,0
124000364,0,1,-1
124000365,10,122,-112
124000366,89,1204,-1115
124000367,7,11,-4
124000368,95,162,-67
124000369,33,82,-49
124000370,0,0,0
124000402,6,14,-8
124000403,96,13,83
124000404,2,17,-15
124000405,572,136,436
124000406,172,133,39
124000407,0,19,-19
124000411,1,26,-25
124000412,117,1,116
124000413,2,20,-18
124000414,152,43,109
124000415,46,16,30
124000416,38,43,-5
124000417,79,51,28
124000418,138,32,106
124000419,80,25,55
124000420,98,34,64
124000421,70,6,64
124000422,0,12,-12
124000423,52,9,43
124000424,0,4,-4
124000425,11,1,10
124000426,0,6,-6
124000427,83,0,83
124000428,0,23,-23
124000429,62,4,58
124000430,159,102,57
124000431,64,17,47
124000432,94,324,-230
124000439,0,0,0
124000443,0,0,0
124000445,13,483,-470
124000446,12,36,-24
124000447,4,48,-44
124000448,37,0,37
124000449,91,0,91
124000450,2,24,-22
124000451,0,15,-15
124000452,40,10,30
124000453,2111,1055,1056
124000454,87,2865,-2778
124900001,0,0,0
124900002,0,0,0
124900003,0,0,0
124900004,0,0,0
124900005,0,0,0
124900006,0,0,0
124900008,0,0,0
124900009,0,0,0
124900010,0,0,0
124900011,0,0,0
124900012,0,0,0
124900013,0,0,0
124900014,0,0,0
124900015,0,19,-19
124900016,17,6,11
124900017,1,20,-19
124900018,0,0,0
124900020,17,2,15
124900021,22,8,14
124900022,21,1,20
124900024,59,0,59
124900026,1,0,1
124900027,0,0,0
124900028,0,0,0
124900029,0,0,0
124900030,0,0,0
124900031,0,0,0
124900032,0,0,0
124900033,0,0,0
124900034,0,0,0
124900035,0,0,0
124900036,0,0,0
124900037,0,0,0
124900038,0,0,0
124900039,0,0,0
124900040,0,0,0
124900041,0,0,0
124900042,0,0,0
124900043,0,0,0
124900044,0,0,0
124900045,0,0,0
124900047,0,0,0
124900048,0,0,0
124900050,0,0,0
124900052,0,0,0
124900053,0,0,0
124900054,0,0,0
124900055,0,0,0
124900057,0,0,0
124900060,0,0,0
124900061,11,0,11
124900062,10,1,9
124900066,0,0,0
124900067,0,0,0
124900068,0,0,0
124900070,0,0,0
124900072,0,0,0
124900075,0,0,0
124900076,0,0,0
124900077,0,0,0
124900078,0,0,0
124900079,0,0,0
124900080,0,0,0
124900081,0,0,0
124900082,0,0,0
124900083,0,0,0
124900085,0,0,0
124900086,0,0,0
124900087,0,0,0
124900088,0,0,0
124900089,0,0,0
124900090,15,10,5
124900091,0,0,0
124900092,0,0,0
124900093,30,1,29
124900094,40,0,40
124900095,3,19,-16
124900096,13,1,12
124900097,69,0,69
124900098,0,0,0
124900099,0,0,0
124900100,36,0,36
124900101,65,0,65
124900102,55,0,55
124900103,0,0,0
124900104,0,0,0
124900105,0,0,0
124900106,11,1,10
124900107,2,2,0
124900108,0,0,0
124900111,0,0,0
124900112,0,0,0
124900113,0,0,0
124900114,0,0,0
124900115,0,0,0
124900116,50,61,-11
124900117,0,0,0
124900118,0,71,-71
124900119,0,0,0
124900120,0,0,0
124900121,0,0,0
124900122,0,0,0
124900123,0,0,0
124900124,0,0,0
124900125,63,0,63
124900126,0,0,0
204000001,114,2,112
204000002,13,4,9
204000003,18,1,17
204000004,7,3,4
204000005,359,540,-181
204000006,964,1434,-470
204000011,0,0,0
204000012,0,0,0
204000019,816,275,541
204000020,373,292,81
204000021,425,417,8
204000022,688,249,439
204000023,0,0,0
204000031,25,2,23
204000032,191,6,185
204000034,9,2,7
204000035,0,0,0
204000036,0,0,0
204000037,0,0,0
204000038,0,0,0
204000039,0,0,0
204000040,0,0,0
204000041,0,0,0
204000042,32,4,28
204000043,8,8,0
204000044,17,2,15
204000045,10,6,4
204000046,0,2,-2
204000057,0,0,0
204000062,0,0,0
204000068,0,0,0
204000069,0,0,0
204000070,39,41,-2
204000080,0,0,0
204000085,0,0,0
204000086,0,0,0
204000087,13,17,-4
204000088,0,0,0
204000090,28,6,22
204000093,652,10,642
204000096,730,297,433
204000097,125,5,120
204000099,1301,1303,-2
204000100,1029,716,313
204000105,0,0,0
204000110,0,0,0
204000111,0,0,0
204000112,0,0,0
204000113,0,0,0
204000114,257,696,-439
204000115,293,215,78
204000116,141,156,-15
204000119,1467,601,866
204000132,589,294,295
204000133,621,56,565
204000134,204,44,160
204000135,657,37,620
204000136,275,91,184
204000138,143,541,-398
204000140,133,153,-20
204000141,176,45,131
204000144,0,27,-27
204000145,65,4,61
204000146,0,0,0
204000147,3,1,2
204000148,142,7,135
204000154,0,0,0
204000155,0,0,0
204000177,82,30,52
204000179,5,8,-3
204000180,0,1,-1
204000222,0,0,0
204000235,0,0,0
204000236,3,4,-1
204000238,3,4,-1
204000240,82,0,82
204000263,0,0,0
204000268,521,265,256
204000308,8,4,4
204000317,0,0,0
204000322,0,0,0
204000323,1,2,-1
204000328,230,6,224
204000329,8,8,0
204000330,34,14,20
204000331,2,38,-36
205000001,0,0,0
205000013,0,0,0
205000014,0,0,0
205000015,0,0,0
205000016,0,0,0
205000017,0,0,0
205000022,0,0,0
205000025,0,0,0
205000029,73,29,44
205000045,0,0,0
205000046,0,0,0
205000047,0,0,0
205000048,0,0,0
205000049,0,0,0
205000050,0,0,0
205000059,0,0,0
205000060,0,0,0
205000061,0,0,0
205000062,0,0,0
205000063,0,0,0
205000064,0,0,0
205000065,0,0,0
205000066,0,0,0
205000067,0,0,0
205000069,113,38,75
205000082,108,73,35
205000110,0,0,0
205000111,0,0,0
205000112,141,139,2
205000113,0,0,0
205000121,99,38,61
205000123,0,0,0
205000126,604,86,518
205000127,817,39,778
205000128,386,15,371
205000129,559,33,526
205000130,142,20,122
205000131,46,4,42
205000132,26,5,21
205000133,22,0,22
205000134,256,1,255
205000137,0,0,0
205000138,0,0,0
205000139,0,0,0
205000144,24,52,-28
205000145,154,39,115
205000151,57,40,17
205000152,47,20,27
205000153,116,39,77
205000154,29,27,2
205000155,63,11,52
205000207,0,0,0
205000233,19,0,19
205000234,0,0,0
205000243,0,0,0
205000244,0,0,0
205000245,0,0,0
205000249,0,0,0
205000250,2,5,-3
205000264,0,0,0
206000027,4,37,-33
206000028,3,12,-9
206000043,0,22,-22
206000053,0,0,0
206000054,0,0,0
206000055,0,0,0
206000075,0,5,-5
206000076,3,3,0
206000077,0,1,-1
206000078,1,0,1
206000079,4,0,4
206000082,79,24,55
206000100,1,146,-145
206000103,0,0,0
206000104,0,0,0
206000105,0,0,0
206000106,0,0,0
206000125,85,1,84
206000157,0,0,0
206000170,0,0,0
206000171,0,17,-17
206000172,2,12,-10
206000173,0,3,-3
206000174,0,3,-3
206000175,0,4,-4
206000176,0,2,-2
206000177,0,7,-7
206000178,0,23,-23
206000179,0,15,-15
206000180,0,6,-6
206000181,0,12,-12
206000182,2,27,-25
206000183,11,32,-21
206000184,0,0,0
206000185,0,1,-1
206000186,1,15,-14
206000223,0,1,-1
206000226,15,1,14
206000227,6,5,1
206000237,1,8,-7
206000238,0,28,-28
206000239,0,99,-99
206000240,0,0,0
206000241,1,36,-35
206000242,0,0,0
206000243,0,0,0
206000244,0,1,-1
206000245,545,15,530
206000246,183,25,158
206000247,170,0,170
206000248,252,0,252
206000252,7,23,-16
206000258,0,0,0
206000315,10,0,10
206000317,321,108,213
206000318,237,11,226
206000319,695,31,664
206000320,229,10,219
206000321,207,5,202
206000322,172,2,170
206000323,125,11,114
206000324,135,2,133
206000325,72,1,71
206000326,87,5,82
206000327,2,39,-37
206000328,102,8,94
206000329,249,1,248
206000330,9,1,8
206000331,150,0,150
206000332,8,0,8
206000333,462,0,462
206000334,182,0,182
206000335,0,0,0
206000361,0,0,0
206000392,0,0,0
206000405,88,2,86
206000441,17,41,-24
206000498,19,0,19
206000515,55,20,35
206000530,120,44,76
206000531,69,135,-66
206000532,231,65,166
206000535,0,247,-247
206000536,0,12,-12
206000537,0,13,-13
206000613,404,46,358
206000784,270,65,205
207000001,0,0,0
207000002,0,0,0
207000003,0,0,0
207000007,918,116,802
207000008,52,0,52
207000009,24,1,23
207000010,20,205,-185
207000012,278,58,220
207000015,37,230,-193
207000019,145,23,122
207000021,167,202,-35
207000022,157,123,34
207000023,139,43,96
207000024,3,13,-10
207000025,2,43,-41
207000026,0,0,0
207000027,0,0,0
207000028,0,0,0
207000029,0,0,0
207000033,135,245,-110
207000034,74,32,42
207000039,388,28,360
207000040,316,21,295
207000041,19,5,14
207000042,153,13,140
207000043,101,94,7
207000051,0,0,0
207000052,0,0,0
207000053,0,0,0
207000054,0,0,0
207000055,0,0,0
207000056,0,0,0
207000057,0,0,0
207000058,0,0,0
207000059,0,0,0
207000060,0,0,0
207000061,51,999,-948
207000062,434,27,407
207000063,297,11,286
207000064,195,20,175
207000065,182,32,150
207000066,336,83,253
207000067,81,33,48
207000068,111,17,94
207000069,434,133,301
207000082,1,152,-151
207000083,25,167,-142
207000084,366,114,252
207000085,220,22,198
207000086,392,3,389
207000106,49,17,32
207000107,94,1,93
207000108,75,1,74
207000109,78,0,78
207000110,61,7,54
207000111,84,6,78
207000112,75,119,-44
207000114,0,0,0
207000115,0,0,0
207000116,0,0,0
207000117,0,0,0
207000118,0,0,0
207000119,0,0,0
207000123,134,7,127
207000124,54,8,46
207000125,55,2,53
207000126,21,1,20
207000134,148,42,106
207000135,16,225,-209
207000148,62,108,-46
207000149,0,0,0
207000152,0,0,0
207000153,0,0,0
207000154,177,42,135
207000159,0,0,0
207000160,0,0,0
207000238,0,0,0
207000242,0,0,0
207000248,0,0,0
207000249,0,0,0
207000250,0,0,0
207000251,0,0,0
207000252,0,0,0
207000278,140,94,46
207000279,0,0,0
207000280,667,29,638
207000281,57,143,-86
207000282,8,130,-122
207000283,1,11,-10
207000284,7,385,-378
207000285,0,44,-44
207000291,0,0,0
207000304,62,22,40
207000306,0,0,0
207000310,98,15,83
207000353,31,0,31
207000356,0,0,0
207000357,0,90,-90
207000358,0,37,-37
207000415,0,0,0
207000417,12,0,12
207000418,58,27,31
207000438,0,0,0
207000439,202,94,108
207000446,23,1,22
207000460,60,5,55
207000466,0,0,0
207000467,179,25,154
207000468,0,0,0
207000476,31,21,10
207000477,222,8,214
207000478,0,0,0
207000523,0,0,0
207000524,24,0,24
207000527,143,68,75
207000530,214,0,214
207000531,61,0,61
207000532,6,1,5
207000534,49,60,-11
207000535,0,0,0
207000537,0,0,0
207000540,0,0,0
207000541,0,0,0
207000548,0,0,0
207000549,44,3,41
207000561,98,28,70
207000562,0,0,0
207000567,0,0,0
207000568,70,6,64
207000569,278,13,265
207000584,0,0,0
207000585,3,17,-14
207000587,224,3,221
207000616,0,0,0
207000617,101,0,101
207000624,1,1,0
207000631,0,14,-14
207900008,361,33,328
208000001,251,465,-214
208000002,439,327,112
208000003,573,327,246
208000004,409,255,154
208000005,0,0,0
208000019,548,330,218
208000020,120,130,-10
208000021,6,75,-69
208000022,128,403,-275
208000028,51,542,-491
208000033,51,161,-110
208000034,112,307,-195
208000037,67,3,64
208000040,92,41,51
208000041,105,230,-125
208000042,298,237,61
208000047,0,0,0
208000064,896,828,68
208000066,575,932,-357
208000070,183,253,-70
208000071,377,94,283
208000072,327,177,150
208000080,102,132,-30
208000081,226,19,207
208000082,9,0,9
208000083,8,2,6
208000084,3,60,-57
208000085,30,17,13
208000086,21,15,6
208000087,34,51,-17
208000089,0,0,0
208000090,0,0,0
208000093,0,0,0
208000094,26,141,-115
208000095,180,47,133
208000104,1106,299,807
208000105,524,411,113
208000114,47,411,-364
208000115,191,251,-60
208000116,259,733,-474
208000117,26,58,-32
208000118,77,96,-19
208000155,43,75,-32
208000158,55,156,-101
208000186,406,953,-547
208000204,37,56,-19
208000205,74,54,20
208000282,51,123,-72
209000004,187,54,133
209000005,29,3,26
209000006,286,122,164
209000007,233,169,64
209000010,0,0,0
209000011,0,0,0
209000012,0,0,0
209000013,0,0,0
209000014,0,0,0
209000025,179,50,129
209000026,424,23,401
209000027,0,0,0
209000028,0,0,0
209000029,0,0,0
209000030,0,0,0
209000031,0,0,0
209000034,80,183,-103
209000035,185,191,-6
209000036,412,42,370
209000037,383,118,265
209000038,220,53,167
209000039,162,78,84
209000040,151,29,122
209000041,87,31,56
209000042,62,45,17
209000043,117,52,65
209000044,152,97,55
209000045,358,39,319
209000046,260,70,190
209000047,247,26,221
209000048,753,162,591
209000049,0,0,0
209000050,0,0,0
209000051,0,0,0
209000052,0,0,0
209000062,0,0,0
209000063,0,0,0
209000064,0,0,0
209000065,157,50,107
209000066,89,28,61
209000067,147,30,117
209000080,0,0,0
209000082,21,8,13
209000091,0,0,0
209000093,0,0,0
209000094,0,0,0
209000110,8,51,-43
209000111,256,562,-306
209000112,408,133,275
209000113,535,154,381
209000114,292,219,73
209000115,0,0,0
209000116,0,0,0
209000118,1,132,-131
209000119,0,0,0
209000121,0,0,0
209000135,24,22,2
209000142,271,395,-124
209000143,0,0,0
209000144,34,168,-134
209000229,201,8,193
209000240,0,0,0
209000259,0,0,0
209000260,0,0,0
209000261,0,0,0
209000262,0,0,0
209000263,0,0,0
209000264,0,0,0
209000265,72,0,72
209000266,21,0,21
209000267,599,2,597
209000268,501,64,437
210000037,125,5,120
210000047,31,8,23
210000048,30,22,8
210000049,26,0,26
210000052,0,0,0
210000053,0,0,0
210000054,0,0,0
210000070,101,11,90
210000071,93,0,93
210000072,13,0,13
210000073,0,0,0
210000074,0,0,0
210000075,0,0,0
210000076,0,0,0
210000077,0,0,0
210000078,0,0,0
210000079,26,8,18
210000080,29,33,-4
210000081,24,1,23
210000082,5,0,5
210000083,31,0,31
210000084,95,0,95
210000085,0,0,0
210000086,0,0,0
210000099,0,0,0
210000100,0,0,0
210000101,0,0,0
210000105,0,0,0
210000159,0,0,0
210000163,0,0,0
210000164,153,79,74
210000168,27,2,25
210000187,0,0,0
210000188,0,0,0
210000214,15,0,15
210000219,15,21,-6
210000220,67,42,25
210000232,0,0,0
210000233,0,0,0
210000234,0,0,0
210000235,0,0,0
210000245,0,0,0
210000246,9,0,9
210000258,0,0,0
210000259,100,1,99
210000282,0,0,0
210000285,0,0,0
210000286,0,0,0
210000290,0,10,-10
210000295,0,0,0
210000296,0,0,0
210000320,131,12,119
210000321,80,7,73
210000338,0,0,0
210000339,0,0,0
210000340,0,0,0
210000341,0,0,0
210000342,0,0,0
210000343,0,0,0
210000344,0,0,0
210000345,0,0,0
210000346,0,0,0
210000347,0,0,0
210000348,0,0,0
210000349,0,0,0
210000350,0,0,0
210000351,0,0,0
210000352,42,2,40
210000353,27,17,10
210000354,19,9,10
210000355,3,12,-9
210000356,1,49,-48
210000357,17,97,-80
210000358,19,92,-73
210000359,28,89,-61
210000360,94,60,34
210000361,82,42,40
210000362,151,57,94
210000363,376,88,288
210000364,145,23,122
210000365,43,17,26
210000366,98,18,80
210000367,38,3,35
210000368,82,15,67
210000369,27,25,2
210000370,31,15,16
210000372,1,4,-3
210000373,1,34,-33
210000374,33,2,31
210000375,32,1,31
210000376,25,31,-6
210000404,0,0,0
210000439,67,7,60
210000472,8,11,-3
210000482,28,54,-26
210000564,158,32,126
210000567,1,12,-11
210000568,146,0,146
211000092,36,3,33
211000094,6,0,6
211000169,61,1,60
211000172,6,94,-88
211000209,1,1,0
211000226,17,2,15
211000270,13,19,-6
211000275,3,3,0
211000276,68,1,67
211000279,13,8,5
211000281,33,4,29
211000302,0,0,0
211507980,0,32,-32
211977296,3,3,0
212000003,155,8,147
212000004,0,0,0
212000005,0,0,0
212000006,0,0,0
212000008,0,0,0
212000009,0,0,0
212000012,0,0,0
212000013,0,0,0
212000014,0,0,0
212000015,0,0,0
212000016,0,0,0
212000027,611,98,513
212000028,243,178,65
212000029,100,266,-166
212000030,40,31,9
212000031,58,22,36
212000048,0,0,0
212000049,0,0,0
212000050,0,0,0
212000051,0,0,0
212000052,0,0,0
212000053,0,0,0
212000054,287,14,273
212000055,321,28,293
212000056,4,20,-16
212000057,0,23,-23
212000058,6,4,2
212000070,0,0,0
212000077,0,0,0
212000099,310,84,226
212000108,216,93,123
212000111,293,23,270
212000120,0,0,0
212000138,0,0,0
212000156,0,0,0
212000158,2,38,-36
212000159,505,23,482
212000160,659,86,573
212000161,128,58,70
212000310,0,0,0
212000311,0,53,-53
212000374,0,0,0
213000001,5,147,-142
213000005,183,19,164
213000006,320,81,239
213000007,43,5,38
213000009,145,128,17
213000010,405,58,347
213000011,97,11,86
213000012,0,0,0
213000014,29,4,25
213000015,189,3,186
213000016,234,1,233
213000017,32,0,32
213000018,0,1,-1
213000019,0,1,-1
213000020,11,6,5
213000021,0,5,-5
213000023,546,109,437
213000033,43,136,-93
213000034,446,98,348
213000035,164,193,-29
213000045,29,69,-40
213000046,3,23,-20
213000047,38,584,-546
213000056,85,1,84
213000069,18,0,18
213000073,0,1,-1
213000074,0,34,-34
213000075,342,1,341
213000076,1,0,1
213000085,0,0,0
213000086,0,0,0
213000091,141,1,140
213000092,31,7,24
213000099,1,281,-280
213000100,705,183,522
213000101,296,40,256
213000102,270,60,210
213000103,262,96,166
213000104,18,65,-47
213000105,0,42,-42
213000106,1,6,-5
213000107,38,6,32
213000108,1,32,-31
213000109,0,49,-49
213000110,0,34,-34
213000111,0,29,-29
213000112,2,55,-53
213000115,10,1,9
213000116,9,44,-35
213000117,0,87,-87
213000118,374,161,213
213000119,1,9,-8
213000120,0,18,-18
213000122,4,18,-14
213000123,6,62,-56
213000124,2,36,-34
213000125,109,20,89
213000126,0,17,-17
213000127,1,38,-37
213000128,8,123,-115
213000129,107,752,-645
213000130,483,403,80
213000132,289,128,161
213000133,536,54,482
213000134,784,2,782
213000136,422,13,409
213000137,331,5,326
213000139,97,11,86
213000147,13,6,7
213000148,4,5,-1
213000149,2,0,2
213000150,0,0,0
213000151,0,0,0
213000152,0,0,0
213000153,0,0,0
213000154,0,0,0
213000155,0,0,0
213000156,0,0,0
213000157,0,0,0
213000158,29,124,-95
213000159,437,63,374
213000163,596,123,473
213000165,305,115,190
213000171,7,0,7
213000172,13,0,13
213000173,2,3,-1
213000174,0,9,-9
213000175,23,2,21
213000176,2,22,-20
213000177,17,8,9
213000178,147,2,145
213000179,111,7,104
213000180,79,1,78
213000184,9,63,-54
213000188,208,17,191
213000189,356,19,337
213000190,176,35,141
213000191,391,1,390
213000192,150,4,146
213000193,0,0,0
213000194,0,0,0
213000195,0,0,0
213000196,0,0,0
213000197,544,237,307
213000198,4,0,4
213000200,60,18,42
213000201,6,27,-21
213000202,3,23,-20
213000203,802,242,560
213000204,648,14,634
213000205,279,19,260
213000206,558,1,557
213000207,6,0,6
213000208,2,0,2
213000209,13,0,13
213000210,37,0,37
213000211,0,0,0
213000212,0,0,0
213000213,0,0,0
213000218,181,330,-149
213000219,243,19,224
213000220,300,3,297
213000223,88,73,15
213000224,2,33,-31
213000225,76,23,53
213000226,50,11,39
213000227,567,49,518
213000228,341,13,328
213000229,7,4,3
213000230,221,5,216
213000232,0,286,-286
213000233,0,0,0
213000234,0,0,0
213000293,0,0,0
213000294,88,11,77
213000295,2,2,0
213000296,38,15,23
213000297,0,0,0
213000298,0,0,0
213000299,9,7,2
213000300,0,6,-6
213000303,0,0,0
213000304,0,0,0
213000305,1,2,-1
213000306,0,0,0
213000307,9,18,-9
213000308,0,0,0
213000309,39,23,16
213000310,54,38,16
213000311,3,163,-160
213000315,0,0,0
213000316,127,10,117
213000322,1,4,-3
213000323,17,3,14
213000340,1,8,-7
213000341,541,41,500
213000346,66,152,-86
213000347,95,235,-140
213000348,0,7,-7
213000349,0,1,-1
213000350,42,164,-122
213000366,0,66,-66
213000367,278,19,259
213000379,0,0,0
213000386,0,29,-29
213000406,16,27,-11
213000417,763,152,611
213000425,45,6,39
213000426,48,0,48
213000427,19,16,3
213000428,26,20,6
213000429,0,15,-15
213000430,7,13,-6
213000431,0,0,0
213000432,0,212,-212
213000433,0,4,-4
213000434,5,1,4
213000435,24,19,5
213000439,4,8,-4
213000441,0,1,-1
213000443,248,156,92
213000445,0,32,-32
213000446,1,100,-99
213000447,0,34,-34
213000448,0,2,-2
213000449,459,3,456
213000450,13,1,12
213000451,11,0,11
213000452,2,1,1
213000453,0,0,0
213000455,70,50,20
213000456,0,11,-11
213000481,4,0,4
213000482,29,2,27
213000489,24,13,11
213000491,0,0,0
213000492,44,2,42
213000493,0,0,0
213000494,143,19,124
213000495,0,0,0
213000496,335,206,129
213000497,0,10,-10
213000498,13,4,9
213000499,2,9,-7
213000500,236,16,220
213000501,89,12,77
213000502,26,15,11
213000503,0,1,-1
213000504,0,5,-5
213000505,17,0,17
213000506,0,0,0
213000507,0,11,-11
213900244,14,0,14
213900245,0,0,0
218000003,0,0,0
218000004,0,0,0
218000005,3,34,-31
218000006,32,12,20
218000007,2,10,-8
218000012,15,53,-38
218000013,19,82,-63
218000014,26,63,-37
218000019,118,37,81
218000020,140,65,75
218000040,1,2,-1
218000046,59,11,48
218000047,0,18,-18
218000048,46,41,5
218000049,25,34,-9
218000050,120,32,88
218000051,20,85,-65
218000052,0,23,-23
218000053,0,0,0
218000054,0,11,-11
218000055,0,5,-5
218000056,0,3,-3
218000057,0,11,-11
218000064,0,16,-16
218000065,84,0,84
218000066,4,26,-22
218000067,11,35,-24
218000068,34,17,17
218000069,67,15,52
218000070,21,22,-1
218000071,60,21,39
218000072,27,36,-9
218000078,31,16,15
218000079,236,47,189
218000080,113,38,75
218000081,335,24,311
218000082,96,27,69
218000083,0,0,0
218000084,0,0,0
218000085,0,0,0
218000086,0,0,0
218000087,0,0,0
218000090,0,33,-33
218000091,476,209,267
218000092,88,28,60
218000093,39,28,11
218000094,0,0,0
218000099,41,122,-81
218000100,31,95,-64
218000101,58,48,10
218000102,132,25,107
218000103,27,2,25
218000104,29,5,24
218000105,0,0,0
218000106,0,0,0
218000107,0,0,0
218000108,0,0,0
218000112,0,0,0
218000117,9,32,-23
218000134,36,16,20
218000135,0,9,-9
218000136,34,32,2
218000137,23,15,8
218000138,0,0,0
218000139,44,1,43
218000140,236,162,74
218000141,30,6,24
218000142,124,27,97
218000143,25,104,-79
218000144,26,92,-66
218000145,179,45,134
218000146,22,52,-30
218000151,8,1,7
218000152,71,12,59
218000170,0,15,-15
218000171,4,2,2
218000172,2,11,-9
218000173,1,4,-3
218000174,5,2,3
218000176,249,7,242
218000177,255,37,218
218000178,222,21,201
218000179,285,13,272
218000180,35,4,31
218000181,234,6,228
218000187,0,0,0
218000188,0,0,0
218000189,0,0,0
218000190,0,0,0
218000191,0,0,0
218000192,0,0,0
218000193,0,0,0
218000194,0,0,0
218000195,112,45,67
218000196,280,36,244
218000197,437,59,378
218000198,55,34,21
218000199,17,11,6
218000200,16,8,8
218000201,2,0,2
218000202,0,0,0
218000207,0,0,0
218000208,0,0,0
218000211,2,12,-10
218000213,35,68,-33
218000214,3,23,-20
218000215,9,34,-25
218000217,0,42,-42
218000218,165,162,3
218000219,1,57,-56
218000220,16,148,-132
218000221,146,174,-28
218000222,1,39,-38
218000223,70,269,-199
218000224,0,161,-161
218000225,171,17,154
218000226,108,20,88
218000232,1,2,-1
218000239,38,0,38
218000240,0,1,-1
218000241,3,0,3
218000242,0,0,0
218000243,1,0,1
218000244,4,0,4
218000245,0,0,0
218000246,0,0,0
218000247,0,0,0
218000248,0,0,0
218000249,0,0,0
218000250,0,0,0
218000251,0,0,0
218000252,0,0,0
218000253,0,3,-3
218000254,0,1,-1
218000255,0,0,0
218000256,0,0,0
218000267,0,0,0
218000268,0,0,0
218000269,0,0,0
218000270,0,0,0
218000271,0,0,0
218000273,24,9,15
218000274,28,1,27
218000275,21,17,4
218000276,3,5,-2
218000278,1,1,0
218000279,28,3,25
218000280,0,5,-5
218000281,0,3,-3
218000282,105,298,-193
218000284,27,3,24
218000301,0,0,0
218000302,38,1,37
218000303,0,0,0
218000316,789,348,441
218000317,1051,232,819
218000318,690,102,588
218000319,9,11,-2
218000320,0,0,0
218000338,2,6,-4
218000345,0,0,0
218000346,61,81,-20
218000459,23,32,-9
218000490,0,0,0
218000501,79,22,57
218000502,0,0,0
218000503,53,6,47
218000504,80,8,72
218000505,0,0,0
218000506,0,0,0
218000508,0,0,0
218000510,50,21,29
218000520,119,90,29
218000521,0,11,-11
218000522,0,40,-40
218000523,45,32,13
218000524,0,40,-40
218000525,12,5,7
218000526,0,32,-32
218000529,1,9,-8
218000531,18,3,15
218000532,0,0,0
218000534,96,2,94
218000537,2,64,-62
218000538,25,60,-35
218000540,0,0,0
218000543,22,5,17
218000544,0,0,0
218000545,28,20,8
218000546,0,0,0
218000547,26,12,14
218000548,0,0,0
218000549,354,14,340
218000550,13,31,-18
218000551,0,90,-90
218000552,162,64,98
218000553,0,0,0
218000554,0,0,0
218000555,28,16,12
218000556,0,0,0
218000557,172,86,86
218000558,12,0,12
218000559,0,18,-18
218000560,0,5,-5
218000561,1,0,1
218000562,0,38,-38
218000563,55,9,46
218000564,0,15,-15
218000565,28,3,25
218000566,4,1,3
218000567,0,45,-45
218000568,0,1,-1
218000569,0,24,-24
218000570,4,2,2
218000571,0,26,-26
218000572,24,0,24
218000573,0,115,-115
218000574,3,10,-7
218000575,54,0,54
218000576,0,81,-81
218000577,8,0,8
218000578,0,27,-27
218000579,0,1,-1
218000581,0,0,0
218000582,4,1,3
218000583,0,0,0
218000584,0,0,0
218000585,25,0,25
218000586,21,2,19
218000587,0,0,0
218000588,0,0,0
218000589,0,0,0
218000590,3,0,3
218000591,0,0,0
218000592,1,1,0
218000593,0,0,0
218000594,0,23,-23
218000597,0,21,-21
218000598,0,0,0
218000599,20,18,2
218000600,0,0,0
218000601,0,34,-34
218000602,0,0,0
218000603,0,0,0
218000604,4,0,4
218000605,0,41,-41
218000606,101,0,101
218000607,0,30,-30
218000608,8,1,7
218000609,0,0,0
218000610,49,0,49
218000611,17,0,17
218000612,0,0,0
218000613,8,0,8
218000614,0,5,-5
218000615,37,0,37
218000616,2,27,-25
218000617,12,1,11
218000618,0,4,-4
218000619,30,0,30
218000620,1,4,-3
218000621,0,0,0
218000622,0,18,-18
218000623,17,0,17
218000624,0,18,-18
218000625,3,0,3
218000626,0,9,-9
218000628,113,29,84
218000631,30,4,26
218000632,0,36,-36
218000633,26,0,26
218000634,0,0,0
218000635,7,2,5
218000636,17,25,-8
218000637,434,43,391
218000638,321,22,299
218000639,2,21,-19
218000640,245,18,227
218000641,24,59,-35
218000652,9,22,-13
218000653,164,6,158
218000663,0,4,-4
218000675,5,23,-18
218000680,12,9,3
218000681,275,17,258
218000691,16,14,2
218000693,344,18,326
218000718,0,32,-32
218000719,7,52,-45
218000720,0,25,-25
218000721,1,1,0
218001147,0,0,0
218001214,0,1,-1
218001258,467,1,466
218001329,46,101,-55
218001330,0,1,-1
218001351,5,8,-3
218001352,2,6,-4
218001353,1,13,-12
218001354,0,5,-5
218001355,0,0,0
218001356,250,35,215
218001357,0,0,0
218001358,202,0,202
218001361,691,43,648
218001362,0,0,0
219000001,0,0,0
219000002,0,0,0
219000003,19,0,19
219000004,24,57,-33
219000017,28,58,-30
219000020,105,17,88
219000022,99,0,99
219000023,51,0,51
219000029,0,0,0
219000034,52,46,6
219000039,0,0,0
219000040,7,57,-50
219000041,113,45,68
219000051,0,0,0
219000052,0,0,0
219000053,0,0,0
219000055,153,0,153
219000056,0,0,0
219000057,19,0,19
219000062,0,0,0
219000063,65,2,63
219000064,0,0,0
219000110,177,105,72
219000111,50,36,14
219000112,151,8,143
219000113,135,8,127
219000114,68,10,58
219000116,46,12,34
219000117,154,14,140
219000118,30,41,-11
219000123,113,0,113
219000124,28,0,28
219000125,0,0,0
219000126,0,0,0
219000127,0,0,0
219000128,0,0,0
219000129,0,0,0
219000130,0,0,0
219000131,655,847,-192
219000133,9,53,-44
219000134,20,28,-8
219000135,2,16,-14
219000136,23,77,-54
219000138,82,0,82
219000139,15,0,15
219000140,33,0,33
219000141,21,0,21
219000142,8,0,8
219000143,0,0,0
219000145,10,9,1
219000146,0,0,0
219000147,0,0,0
219000148,0,0,0
219000149,0,0,0
219000150,0,0,0
219000151,0,0,0
219000157,139,38,101
219000158,28,39,-11
219000161,52,4,48
219000163,166,230,-64
219000166,39,41,-2
219000167,10,17,-7
219000168,123,77,46
219000174,266,35,231
219000175,58,1,57
219000176,77,4,73
219000177,71,3,68
219000178,97,0,97
219000179,6,7,-1
219000180,1,0,1
219000182,54,10,44
219000183,54,4,50
219000184,11,0,11
219000185,0,0,0
219000186,83,0,83
219000187,5,2,3
219000189,0,0,0
219000190,0,0,0
219000191,0,0,0
219000192,157,240,-83
219000193,0,0,0
219000195,0,0,0
219000196,0,0,0
219000198,0,0,0
219000199,0,0,0
219000200,0,0,0
219000201,0,0,0
219000203,0,0,0
219000204,0,0,0
219000205,0,0,0
219000207,0,0,0
219000209,0,0,0
219000210,0,0,0
219000213,0,0,0
219000239,0,0,0
219000240,0,0,0
219000241,0,0,0
219000242,0,0,0
219000243,0,0,0
219000244,0,0,0
219000245,0,0,0
219000246,18,18,0
219000247,195,64,131
219000248,264,207,57
219000249,84,85,-1
219000250,72,45,27
219000251,142,45,97
219000252,272,122,150
219000253,153,24,129
219000255,69,88,-19
219000256,138,60,78
219000257,160,0,160
219000262,0,0,0
219000263,0,0,0
219000267,0,0,0
219000268,0,0,0
219000269,0,0,0
219000270,44,0,44
219000271,94,1,93
219000278,0,0,0
219000279,0,0,0
219000283,0,0,0
219000295,0,0,0
219000296,0,0,0
219000297,0,0,0
219000298,0,0,0
219000299,212,8,204
219000300,0,0,0
219000301,0,0,0
219000302,0,0,0
219000307,0,0,0
219000308,17,24,-7
219000311,140,7,133
219000312,272,29,243
219000313,203,19,184
219000314,0,0,0
219000315,225,10,215
219000316,343,40,303
219000317,26,17,9
219000320,0,0,0
219000321,0,0,0
219000323,0,0,0
219000325,0,0,0
219000326,0,0,0
219000327,0,0,0
219000328,0,0,0
219000329,54,80,-26
219000330,2,33,-31
219000331,20,4,16
219000332,97,67,30
219000333,41,1,40
219000335,18,11,7
219000337,2,0,2
219000338,40,0,40
219000344,0,0,0
219000345,0,0,0
219000346,0,0,0
219000348,0,0,0
219000349,0,0,0
219000350,0,0,0
219000351,0,0,0
219000352,44,53,-9
219000353,98,51,47
219000354,203,60,143
219000355,113,45,68
219000356,263,794,-531
219000363,102,24,78
219000364,220,27,193
219000365,146,0,146
219000366,168,236,-68
219000368,89,414,-325
219000370,206,580,-374
219000371,0,0,0
219000382,1,4,-3
219000383,0,0,0
219000385,0,0,0
219000386,0,0,0
219000387,0,0,0
219000390,0,5,-5
219000391,3,0,3
219000397,0,0,0
219000398,39,11,28
219000401,0,0,0
219000402,0,0,0
219000403,0,0,0
219000404,0,0,0
219000407,0,0,0
219000409,45,31,14
219000410,34,28,6
219000411,16,1,15
219000446,0,0,0
219000447,0,0,0
219000448,0,3,-3
219000452,51,27,24
219000453,0,0,0
219000454,109,299,-190
219000556,155,15,140
219000558,0,0,0
219000590,0,0,0
219000591,53,9,44
219000592,0,0,0
219000595,0,0,0
219000635,103,22,81
219000636,0,0,0
219000657,0,1,-1
219000658,0,0,0
219000673,0,0,0
219000676,2,0,2
219000679,16,0,16
219000684,110,0,110
219000685,0,0,0
219000686,0,1,-1
219000688,0,0,0
219000689,0,0,0
219000690,112,3,109
219000691,2,0,2
219000692,68,3,65
219000693,0,0,0
219000694,5,0,5
219000695,23,1,22
219000698,2,0,2
219000699,0,0,0
219000727,0,0,0
219000728,39,2,37
219000770,1,0,1
219000771,0,0,0
219000788,0,0,0
219001150,1,36,-35
219001151,0,0,0
219001166,3,14,-11
219001167,0,0,0
219001178,53,1,52
220000001,0,14,-14
220000002,1,7,-6
220000003,0,0,0
220000004,0,0,0
220000005,0,0,0
220000006,0,0,0
220000007,0,0,0
220000008,0,0,0
220000009,21,75,-54
220000010,5,2,3
220000011,30,267,-237
220000012,6,60,-54
220000014,0,0,0
220000015,31,228,-197
220000017,27,46,-19
220000018,649,108,541
220000019,219,396,-177
220000020,100,41,59
220000021,180,88,92
220000022,368,125,243
220000023,67,133,-66
220000024,220,179,41
220000025,209,627,-418
220000026,14,472,-458
220000027,18,47,-29
220000028,31,34,-3
220000029,0,0,0
220000030,0,0,0
220000031,141,203,-62
220000064,0,0,0
221000046,0,0,0
221000047,0,0,0
221000048,0,0,0
221000049,0,0,0
221000050,0,0,0
221000055,3,0,3
221000068,214,125,89
221000069,157,57,100
221000070,269,33,236
221000071,107,3,104
221000072,223,11,212
221000073,148,11,137
221000074,0,0,0
221000075,0,0,0
221000076,0,0,0
221000077,0,0,0
221000081,74,2,72
221000082,45,0,45
221000083,6,7,-1
221000084,2,0,2
221000085,6,0,6
221000086,0,0,0
221000087,0,0,0
221000088,0,0,0
221000089,0,0,0
221000090,0,0,0
221000098,133,4,129
221000099,157,4,153
221000100,123,2,121
221000101,280,2,278
221000103,0,0,0
221000104,0,0,0
221000107,74,1,73
221000108,12,13,-1
221000111,0,0,0
221000112,0,0,0
221000113,0,0,0
221000114,0,0,0
221000120,24,1,23
221000121,1,20,-19
221000122,19,20,-1
221000123,0,40,-40
221000124,21,39,-18
221000155,98,3,95
221000156,44,5,39
221000175,9,5,4
221000176,0,17,-17
221000182,28,0,28
221000241,340,381,-41
221000242,0,0,0
221000243,322,118,204
221000244,0,0,0
221000245,78,59,19
221000246,0,0,0
221000247,195,25,170
221000248,0,0,0
221000267,21,198,-177
221000325,56,12,44
221000331,1,3,-2
221000338,8,4,4
221000378,251,27,224
221000381,22,48,-26
222000282,1,3,-2
222000296,0,8,-8
222000568,331,21,310
222000569,88,54,34
222000570,115,15,100
222000571,325,1,324
222000577,0,19,-19
222000578,1,30,-29
222000579,3,33,-30
222000580,7,199,-192
222000599,0,10,-10
222000600,0,10,-10
222000601,0,141,-141
222000603,4,12,-8
222000604,2,10,-8
222000605,1,30,-29
222000606,0,5,-5
222000607,0,9,-9
222000608,0,1,-1
222000609,3,6,-3
222000616,197,14,183
222000617,0,1,-1
222000618,0,10,-10
222000620,1,0,1
222000621,3,10,-7
222000623,292,2,290
222000624,305,6,299
222000625,368,3,365
222000636,39,9,30
222000686,1,0,1
222000687,6,0,6
222001066,74,1,73
222001067,22,0,22
222001068,61,4,57
222001069,21,9,12
222001082,6,22,-16
222001083,3,5,-2
222001084,0,7,-7
222001085,0,27,-27
222001111,27,61,-34
222001112,116,5,111
222001313,1,14,-13
222001314,1,40,-39
222001464,121,17,104
222001465,0,4,-4
222001484,118,20,98
222001485,0,0,0
222001494,420,43,377
222001495,22,23,-1
222001496,405,11,394
222001497,46,50,-4
222001502,0,0,0
222001503,12,5,7
222001504,0,0,0
222001505,263,16,247
222001506,0,0,0
222001507,36,2,34
222001510,398,3,395
222001511,0,0,0
222001514,194,39,155
222001515,0,0,0
222001518,266,5,261
222001519,0,0,0
222001527,49,13,36
222001528,0,0,0
222001529,203,2,201
222001530,0,0,0
222001533,0,0,0
222001534,320,4,316
222001535,145,37,108
222001536,2,36,-34
222001537,96,1,95
222001538,0,0,0
222001563,766,11,755
222001564,0,0,0
222001568,28,3,25
222001576,0,15,-15
222001579,0,1,-1
222001583,3,8,-5
222001584,40,2,38
222001596,28,76,-48
222001597,539,65,474
222001626,0,4,-4
222001650,0,15,-15
222001651,44,70,-26
222001914,108,44,64
222001915,0,0,0
222001968,226,76,150
222001969,37,73,-36
222001970,28,47,-19
222001971,60,1,59
222001972,1,2,-1
225000001,241,66,175
225000002,385,78,307
225000003,437,23,414
225000004,187,45,142
225000005,17,21,-4
225000006,0,0,0
225000007,0,0,0
225000010,60,0,60
225000011,56,850,-794
225000012,137,552,-415
225000013,79,48,31
225000014,315,54,261
225000015,1,3,-2
225000021,148,32,116
225000027,0,1,-1
225000032,150,51,99
225000042,0,3,-3
225000049,0,0,0
225000050,48,4,44
225000053,0,0,0
225000058,410,79,331
225000067,0,0,0
225000068,0,0,0
225000069,0,0,0
225000070,0,0,0
225000071,0,0,0
225000075,0,1,-1
225000076,0,0,0
225000078,16,20,-4
225000085,58,29,29
225000086,166,1,165
225000087,104,4,100
225000088,0,0,0
225000089,0,0,0
225000090,0,0,0
225000091,0,0,0
225000092,0,0,0
225000093,0,0,0
225000094,0,0,0
225000095,0,0,0
225000096,0,0,0
225000098,271,90,181
225000099,347,52,295
225000100,434,65,369
225000104,1,1,0
225000110,0,1,-1
225000111,0,0,0
225000112,1,4,-3
225000113,2,8,-6
225000114,0,5,-5
225000115,15,20,-5
225000116,255,54,201
225000117,451,291,160
225000118,759,227,532
225000119,65,11,54
225000120,189,20,169
225000121,118,9,109
225000123,795,21,774
225000125,250,73,177
225000126,471,148,323
225000127,515,1031,-516
225000128,362,732,-370
225000132,306,39,267
225000133,184,12,172
225000134,270,97,173
225000135,68,2,66
225000136,222,7,215
225000137,270,24,246
225000138,467,12,455
225000143,0,0,0
225000144,0,0,0
225000145,18,30,-12
225000146,0,0,0
225000147,0,0,0
225000148,0,0,0
225000149,0,0,0
225000151,0,0,0
225000155,0,0,0
225000156,3,11,-8
225000157,2,7,-5
225000158,0,0,0
225000171,0,0,0
225000180,14,0,14
225000181,0,0,0
225000182,7,7,0
225000185,0,0,0
225000187,1,0,1
225000191,9,0,9
225000194,0,0,0
225000208,0,0,0
225000209,30,3,27
225000210,0,0,0
225000217,0,0,0
225000218,12,0,12
225000223,0,0,0
225000224,3,0,3
225000225,0,0,0
225000226,132,1,131
225000227,0,0,0
225000228,4,22,-18
225000229,0,0,0
225000230,1,0,1
225000231,0,0,0
225000232,78,0,78
225000241,35,0,35
225000242,0,0,0
225000249,24,0,24
225000250,0,0,0
225000251,266,44,222
226000042,0,0,0
226000043,0,0,0
226000044,0,0,0
226000045,0,0,0
226000046,433,18,415
226000047,156,39,117
226000048,207,18,189
226000049,187,60,127
226000070,0,0,0
226000071,0,0,0
226000072,0,0,0
226000073,0,0,0
226000074,0,0,0
226000084,0,0,0
226000085,0,0,0
226000086,0,0,0
226000087,0,0,0
226000088,0,0,0
226000090,78,17,61
226000091,1,32,-31
226000092,0,51,-51
226000093,0,1,-1
226000094,3,0,3
226000095,15,16,-1
226000105,0,0,0
226000106,0,0,0
226000107,6,0,6
226000108,1,0,1
226000109,35,0,35
226000124,66,20,46
226000134,264,229,35
226000135,575,190,385
226000136,199,118,81
226000137,0,0,0
226000138,0,0,0
226000139,0,0,0
226000156,122,0,122
226000157,113,0,113
226000163,0,0,0
226000202,0,0,0
226000231,270,0,270
226000232,8,0,8
227000033,293,13,280
227000036,483,3,480
227000037,282,6,276
227000038,42,2,40
227000049,0,0,0
227000050,0,0,0
227000055,29,0,29
227000056,0,0,0
227000084,0,0,0
227000085,0,0,0
227000088,28,0,28
227000089,5,0,5
227000090,36,0,36
227000091,47,4,43
227000093,27,0,27
227000094,0,0,0
227000130,0,0,0
227000131,0,0,0
227000132,0,0,0
227000133,0,0,0
227000134,0,0,0
227000152,0,0,0
227000153,0,0,0
227000155,0,0,0
227000156,0,0,0
227000165,0,0,0
227000196,144,4,140
227000199,354,6,348
227000230,0,0,0
227000232,210,9,201
227000242,0,0,0
227000243,323,15,308
227000245,0,0,0
227000246,0,0,0
227000247,334,27,307
227000248,102,26,76
227000249,0,0,0
227000250,156,151,5
227000251,0,0,0
227000252,0,0,0
227000253,202,29,173
227000262,423,8,415
227000266,529,5,524
227000267,0,0,0
227000282,0,0,0
227000284,233,14,219
227000286,0,0,0
227000287,0,0,0
227000291,0,0,0
227000484,109,3,106
227000485,0,0,0
227000655,122,1,121
227000656,251,12,239
227000657,34,2,32
227000661,61,50,11
227000680,44,77,-33
229000265,19,13,6
229000296,0,10,-10
229000297,0,30,-30
229000298,7,18,-11
229000320,14,0,14
229000321,1,0,1
229000412,1,12,-11
229000414,1,0,1
229000415,0,0,0
229000416,0,0,0
229000417,0,0,0
229000419,24,43,-19
229000440,72,13,59
229000442,2,0,2
229000443,1,0,1
229000444,0,12,-12
229000445,56,0,56
229000446,3,0,3
229000847,61,0,61
229000848,51,0,51
229000849,89,0,89
229000851,113,0,113
229000854,0,0,0
229000856,0,0,0
229000857,0,0,0
229000858,0,0,0
229000919,0,0,0
229000930,0,0,0
229000937,117,2,115
229000966,41,3,38
229000981,0,0,0
229000985,2,0,2
229000986,0,0,0
229000987,0,0,0
229000988,0,0,0
229000989,0,0,0
229000990,0,0,0
229000991,0,0,0
229000992,25,0,25
229000993,31,16,15
229000998,0,12,-12
229000999,9,0,9
229001034,0,8,-8
229001035,0,0,0
229001037,7,1,6
229001042,5,1,4
229001047,0,6,-6
229001050,24,6,18
229001200,4,0,4
229001338,0,1,-1
229001394,143,0,143
229001422,133,28,105
229001423,0,0,0
229001431,15,25,-10
229001432,0,0,0
229001444,88,10,78
229001445,33,20,13
229001503,96,12,84
229001504,0,0,0
229001505,81,7,74
229001506,0,0,0
229001509,2,0,2
229001545,10,3,7
229001546,0,0,0
229001553,44,1,43
229001554,0,0,0
229001559,0,0,0
229001560,0,1,-1
229001630,41,0,41
229001631,0,9,-9
229001635,0,13,-13
229001636,0,0,0
229001658,0,0,0
229001659,19,0,19
229001660,0,0,0
229001661,0,6,-6
229001662,3,0,3
229001663,0,0,0
229002584,18,22,-4
229002831,48,32,16
229002841,0,6,-6
229002842,2,0,2
229002843,5,11,-6
229002844,15,20,-5
229002845,0,20,-20
229002846,5,4,1
229002847,0,5,-5
229002848,10,0,10
229002849,2,4,-2
229002850,0,0,0
229002851,1,44,-43
229002852,45,3,42
229002853,22,1,21
229002854,1,5,-4
229002855,0,0,0
229002856,2,1,1
229002857,0,1,-1
229002858,1,0,1
229002859,0,0,0
229002860,2,1,1
229002861,12,3,9
229002862,1,0,1
229002863,0,1,-1
229002864,5,23,-18
229002865,0,21,-21
229002866,17,13,4
229002867,0,1,-1
229002868,3,0,3
229002869,0,8,-8
229002870,8,1,7
235000066,75,21,54
235000067,85,39,46
235000072,0,0,0
235000073,0,0,0
235000074,0,0,0
235000080,0,0,0
235000081,0,0,0
235000082,100,2,98
235000083,29,2,27
235000084,7,13,-6
235000085,117,35,82
235000089,2,10,-8
235000092,0,0,0
235000093,0,0,0
235000097,0,1,-1
235000098,42,1,41
235000099,6,6,0
235000116,3,2,1
235000117,318,4,314
235000133,0,0,0
235000134,0,0,0
235000206,0,2,-2
235000207,0,0,0
235000208,0,0,0
235000209,1,1,0
235000210,10,0,10
235000212,0,0,0
235000213,0,0,0
235000220,0,0,0
235000221,0,0,0
235000238,1,185,-184
235000239,0,16,-16
235000242,160,641,-481
235000245,0,0,0
235000246,0,0,0
235000284,1,0,1
235000295,8,0,8
235000305,98,4,94
235000306,84,4,80
235000307,0,0,0
235000308,13,0,13
235000309,50,0,50
235000310,31,0,31
235000311,10,0,10
235000322,0,0,0
235000323,0,0,0
235000324,0,0,0
235000325,0,0,0
235000326,0,4,-4
235000351,0,1,-1
235000352,0,0,0
235000353,0,1,-1
235000354,0,0,0
235000355,0,1,-1
235000356,3,4,-1
235000357,5,7,-2
235000358,8,0,8
235000359,0,0,0
235000360,2,7,-5
235000361,14,17,-3
235000381,0,0,0
235000382,43,4,39
235000390,1,0,1
235000391,112,2,110
235000392,131,45,86
235000393,69,47,22
235000395,103,2,101
235000396,219,20,199
235000400,11,5,6
235000401,0,0,0
235000405,0,0,0
235000406,0,0,0
235000407,0,0,0
235000409,0,0,0
235000410,0,0,0
235000411,0,0,0
235000485,0,0,0
235000486,0,0,0
235000549,70,25,45
235000550,0,0,0
235000599,0,0,0
235000600,0,0,0
235000601,6,7,-1
235000602,69,19,50
235000614,0,0,0
235000648,0,0,0
235000649,18,0,18
235000685,0,0,0
235000815,0,3,-3
235000834,0,0,0
235000855,26,14,12
235000862,0,0,0
235000891,0,0,0
235000892,3,0,3
235000901,0,0,0
235000907,0,0,0
235001010,11,2,9
235001029,0,0,0
235001030,163,8,155
235001078,97,19,78
235001079,0,0,0
235001147,6,21,-15
235001166,1,20,-19
235001167,0,0,0
235001169,0,0,0
235001188,0,0,0
235001189,5,0,5
235001197,0,0,0
235001200,0,0,0
235001207,162,4,158
235001210,0,0,0
235001215,0,0,0
235001239,0,0,0
235001244,0,0,0
235016267,0,0,0
277102712,2,0,2
277103813,5,3,2
277103814,0,0,0
277104249,0,0,0
277104250,0,19,-19
277104251,0,0,0
277104252,0,1,-1
990011530,0,0,0
990014944,0,36,-36
990015176,36,10,26
990015618,0,2,-2
990016032,0,0,0
990032570,0,6,-6
990070001,54,1,53
990070103,0,0,0
990070601,0,3,-3
990070751,800,1,799
990070766,0,0,0
990071180,643,12,631
990071343,26,1,25
990071387,0,0,0
990071823,7,0,7
990072600,0,7,-7
990072964,0,0,0
990073285,0,0,0
990074393,1,92,-91
990074870,642,2,640
990075106,212,1,211
990075746,477,28,449
990076437,1054,2,1052
990076458,0,0,0
997000007,127,0,127
997000041,0,26,-26
997000058,19,0,19
997000062,22,11,11
997000069,0,0,0
997000070,0,0,0
997000100,65,1,64
997000141,0,0,0
997000198,0,0,0
998000475,0,2,-2
998000736,0,5,-5
998000965,0,9,-9
998001031,0,3,-3
998001700,0,0,0
998001899,0,0,0
998001900,24,54,-30
998003073,374,23,351
998101900,0,7,-7
998102850,0,0,0
998501927,183,0,183
998501929,64,0,64
998501930,67,11,56
998501931,64,8,56
998501932,3,0,3
998501933,86,1,85
998501937,19,19,0
998501944,0,0,0
998501950,0,0,0
998501970,23,0,23
998501971,0,21,-21
998501973,0,0,0
998501974,0,34,-34
998501975,185,0,185
998501976,49,0,49
998501977,0,0,0
998501978,9,3,6
998501979,0,0,0
998501980,25,0,25
998501981,55,0,55
998501982,0,0,0
998501983,0,0,0
998502006,0,0,0
998502024,0,2,-2
998502032,0,0,0
998502062,6,0,6
998502063,0,0,0
998502173,15,0,15
998502269,0,0,0
998502546,0,32,-32
998502578,0,0,0
998502599,0,0,0
998502621,0,0,0
998601159,0,0,0
998601292,0,0,0
999033574,0,3,-3
999800001,32,13,19
999800002,0,0,0
999800003,2,1,1
999800004,0,3,-3
999800005,0,0,0
