ID,insum,outsum,diff
100000001,742,984,-242
100000002,4409,820,3589
100000003,5394,2766,2628
100000004,1469,1208,261
100000005,2224,4090,-1866
100000006,1071,119,952
100000007,3600,564,3036
100000008,160,529,-369
100000009,669,216,453
100000010,28,76,-48
100000011,591,105,486
100000012,117,802,-685
100000013,20,215,-195
100000014,354,340,14
100000015,2657,2204,453
100000016,1133,1612,-479
100000017,1040,1064,-24
100000018,1656,664,992
100000019,6538,2121,4417
100000020,2106,6563,-4457
100000021,6390,2958,3432
100000022,3757,1446,2311
100000023,7817,1457,6360
100000025,3879,865,3014
100000028,3605,1118,2487
100000029,600,238,362
100000030,711,79,632
100000031,10496,7958,2538
100000032,3492,4410,-918
100000033,1366,2945,-1579
100000034,1163,429,734
100000035,3312,1157,2155
100000036,3075,1148,1927
100000037,423,495,-72
100000038,1624,1015,609
100000039,1057,199,858
100000040,327,177,150
100000041,1150,390,760
100000042,1006,368,638
100000043,967,469,498
100000044,436,838,-402
100000045,594,1474,-880
100000046,753,1433,-680
100000047,466,840,-374
100000048,784,480,304
100000049,1882,2497,-615
100000051,614,1164,-550
100000053,96,0,96
100000054,342,44,298
100000055,875,234,641
100000056,409,652,-243
100000057,1877,986,891
100000058,841,1228,-387
100000059,11,105,-94
100000060,435,378,57
100000061,2668,613,2055
100000062,1941,598,1343
100000063,669,266,403
100000064,1992,504,1488
100000065,645,1118,-473
100000066,237,839,-602
100000067,582,865,-283
100000068,721,1707,-986
100000069,418,1715,-1297
100000072,472,964,-492
100000073,2100,1549,551
100000075,817,354,463
100000076,3804,3320,484
100000077,1225,189,1036
100000078,123,51,72
100000079,70,48,22
100000080,25,29,-4
100000081,137,64,73
100000102,7934,1584,6350
100000103,6139,1112,5027
100000104,5526,2274,3252
100000105,4608,1062,3546
100000106,3929,1862,2067
100000107,1186,715,471
100000108,2031,1216,815
100000109,6331,1599,4732
100000116,1816,990,826
100000117,84,49,35
100000118,2257,804,1453
100000119,1310,576,734
100000121,277,585,-308
100000122,3496,1046,2450
100000123,4296,7511,-3215
100000124,6004,11156,-5152
100000125,3370,1129,2241
100000126,1905,364,1541
100000127,4552,740,3812
100000128,1551,1457,94
100000129,975,716,259
100000130,359,713,-354
100000131,3021,3804,-783
100000132,1633,2718,-1085
100000133,6660,3656,3004
100000135,553,829,-276
100000139,427,231,196
100000140,397,214,183
100000142,414,671,-257
100000143,2018,880,1138
100000144,5449,1135,4314
100000147,1382,2944,-1562
100000150,81,587,-506
100000151,1007,1136,-129
100000153,1108,389,719
100000154,554,106,448
100000155,38,56,-18
100000156,217,129,88
100000157,47,64,-17
100000158,192,85,107
100000159,1714,709,1005
100000165,1576,1007,569
100000169,1240,418,822
100000174,2626,561,2065
100000179,198,628,-430
100000180,1205,1019,186
100000181,395,239,156
100000188,102,405,-303
100000189,1003,321,682
100000190,948,504,444
100000191,668,511,157
100000192,125,144,-19
100000193,181,207,-26
100000330,2485,853,1632
100000355,355,620,-265
100000362,6207,3687,2520
100000363,3175,5113,-1938
100000364,582,157,425
100000365,4153,4826,-673
100000366,6296,3260,3036
100000367,4598,4232,366
100000368,2806,1948,858
100000369,1165,1880,-715
100000370,338,536,-198
100000376,204,126,78
100000379,7464,1703,5761
100000380,10543,2816,7727
100000384,8814,4973,3841
100000385,7902,4161,3741
100000386,12020,6447,5573
100000387,11115,5146,5969
100000388,10382,7647,2735
100000389,10142,6665,3477
100000390,10604,5285,5319
100000391,7164,7378,-214
100000392,7252,2474,4778
100000393,3241,2972,269
100000394,11653,5513,6140
100000395,6018,2235,3783
100000396,8112,2698,5414
100000397,5015,2547,2468
100000398,12444,9018,3426
100000413,35,25,10
100900002,24,46,-22
100900003,261,112,149
100900004,22,788,-766
100900005,218,24,194
100900006,18,191,-173
100900007,448,13,435
100900008,4,436,-432
100900009,88,55,33
100900010,35,110,-75
100900011,120,381,-261
100900012,2,267,-265
100900013,634,6,628
100900014,3,13,-10
100900015,169,169,0
100900016,1,40,-39
100900017,866,96,770
100900018,0,18,-18
100900019,18,111,-93
100900020,637,12,625
100900021,419,1,418
100900022,6,10,-4
100900023,0,14,-14
100900024,976,8,968
100900025,16,12,4
100900026,150,167,-17
100900027,548,2911,-2363
100900028,220,148,72
100900029,93,15,78
100900030,30,23,7
100900031,554,84,470
100900032,178,0,178
100900033,315,181,134
100900034,510,2,508
100900035,923,0,923
100900036,52,33,19
100900037,65,301,-236
100900038,341,15,326
100900039,253,650,-397
100900040,253,879,-626
100900041,409,1138,-729
100900042,888,370,518
100900043,0,16,-16
100900044,3953,652,3301
100900045,145,0,145
100900046,1042,13,1029
100900047,629,150,479
100900048,184,41,143
100900049,63,244,-181
100900050,3,46,-43
100900051,33,53,-20
100900052,309,28,281
100900053,318,31,287
100900054,34,127,-93
100900055,269,602,-333
100900056,196,319,-123
100900057,654,1544,-890
100900058,462,45,417
100900059,87,2,85
100900060,125,19,106
100900061,406,360,46
100900062,3,80,-77
100900063,198,593,-395
100900064,705,20,685
100900065,130,122,8
100900066,95,187,-92
100900067,2,11,-9
100900068,79,112,-33
100900069,2420,7,2413
100900070,202,7,195
100900071,772,363,409
100900072,4,76,-72
100900073,125,562,-437
100900074,1,13,-12
100900075,2276,463,1813
100900076,29,44,-15
100900077,9,162,-153
100900078,121,575,-454
100900079,9,44,-35
100900080,28,189,-161
100900081,74,226,-152
100900082,108,929,-821
100900083,8,74,-66
100900085,5,88,-83
100900086,230,1675,-1445
100900088,90,867,-777
100900089,8,35,-27
100900090,162,414,-252
100900091,0,25,-25
100900092,274,282,-8
100900093,183,343,-160
100900094,111,830,-719
100900095,5,24,-19
100900096,43,74,-31
100900097,2,14,-12
100900098,26,15,11
100900099,51,764,-713
100900100,21,353,-332
100900101,471,63,408
100900102,41,64,-23
100900103,16,15,1
100900104,8,217,-209
100900105,6,186,-180
100900106,77,6,71
100900107,2308,735,1573
100900108,2,4,-2
100900109,11,32,-21
100900110,10,67,-57
100900111,52,179,-127
100900112,2,9,-7
100900113,29,24,5
100900114,21,21,0
100900115,7,30,-23
100900116,718,1453,-735
100900117,307,627,-320
100900118,20,72,-52
100900119,18,18,0
100900120,4,11,-7
100900121,295,690,-395
100900122,148,207,-59
100900123,64,152,-88
100900124,11,3,8
100900125,19,105,-86
100900126,137,178,-41
100900127,2,21,-19
100900128,139,165,-26
100900129,0,108,-108
100900131,81,213,-132
100900133,88,38,50
100900134,3,10,-7
100900135,1,117,-116
100900137,373,196,177
100900138,510,512,-2
100900139,12,5,7
100900140,7,967,-960
100900141,5,397,-392
100900142,0,16,-16
100900143,1126,457,669
100900144,17,10,7
100900145,35,115,-80
100900146,5,47,-42
100900147,16,242,-226
100900148,39,1275,-1236
100900149,35,118,-83
100900150,4,46,-42
100900151,148,599,-451
100900152,63,12,51
100900153,1,167,-166
100900154,18,23,-5
100900155,7,10,-3
100900156,16,4,12
100900157,9,139,-130
100900159,4,34,-30
100900160,28,14,14
100900161,88,5,83
100900162,16,226,-210
100900163,157,209,-52
100900164,96,41,55
100900165,35,35,0
100900166,35,1,34
100900167,14,90,-76
100900168,51,139,-88
100900169,184,1108,-924
100900170,13,13,0
100900171,27,644,-617
100900172,0,5,-5
100900173,14,718,-704
100900174,577,56,521
100900176,1660,221,1439
100900177,1096,501,595
100900178,521,97,424
100900179,91,97,-6
100900180,3,2,1
100900181,44,23,21
100900182,30,18,12
100900184,1,157,-156
100900186,962,874,88
100900187,13,163,-150
100900188,53,26,27
100900189,944,243,701
100900191,1448,1251,197
100900192,405,271,134
100900195,264,146,118
100900197,30,168,-138
100900198,26,496,-470
100900199,21,26,-5
100900200,648,451,197
100900201,55,742,-687
100900202,32,0,32
100900203,0,124,-124
100900204,278,252,26
100900205,190,365,-175
100900206,138,66,72
100900207,190,109,81
100900210,102,740,-638
100900211,463,203,260
100900213,52,33,19
100900214,1017,210,807
100900215,14,48,-34
100900217,278,99,179
101000001,4842,2295,2547
101000002,4668,4870,-202
101000003,1122,2550,-1428
101000004,12370,18974,-6604
101000006,10303,11527,-1224
101000007,2864,3613,-749
101000008,7016,4015,3001
101000009,2362,2527,-165
101000010,1291,1868,-577
101000011,2969,912,2057
101000012,2355,698,1657
101000013,648,1270,-622
101000014,932,857,75
101000015,1550,998,552
101000016,1604,569,1035
101000017,1212,689,523
101000018,10224,2757,7467
101000020,7470,1017,6453
101000021,3465,425,3040
101000022,348,38,310
101000023,2957,851,2106
101000025,322,493,-171
101000026,593,22,571
101000027,3730,1763,1967
101000028,1822,192,1630
101000029,171,822,-651
101000030,1417,94,1323
101000031,656,206,450
101000032,8325,2822,5503
101000033,5039,2855,2184
101000034,7229,1597,5632
101000035,2341,445,1896
101000036,3686,678,3008
101000037,8032,1636,6396
101000039,4614,2381,2233
101000040,6005,3649,2356
101000041,14450,6205,8245
101000042,1465,847,618
101000043,9832,4856,4976
101000045,2147,787,1360
101000046,2861,661,2200
101000047,1892,1378,514
101000048,1068,917,151
101000049,1228,1142,86
101000050,1990,1227,763
101000051,2803,1985,818
101000052,2844,811,2033
101000053,1449,1329,120
101000054,1686,981,705
101000055,1832,2034,-202
101000056,126,133,-7
101000057,3566,1001,2565
101000058,3400,1130,2270
101000059,6888,1630,5258
101000060,2702,663,2039
101000061,1475,1524,-49
101000062,1360,918,442
101000063,1164,866,298
101000064,2340,741,1599
101000065,571,413,158
101000066,748,409,339
101000067,1478,607,871
101000068,628,339,289
101000069,789,63,726
101000070,2004,999,1005
101000071,2744,1176,1568
101000072,1438,4415,-2977
101000073,728,690,38
101000074,5201,3621,1580
101000075,6311,2866,3445
101000077,1227,1173,54
101000078,1045,1970,-925
101000079,594,422,172
101000080,671,363,308
101000081,1415,1838,-423
101000082,4312,3129,1183
101000083,2257,2298,-41
101000084,1578,1248,330
101000085,1928,1265,663
101000086,1483,1302,181
101000087,1069,1506,-437
101000088,1081,1188,-107
101000089,964,1936,-972
101000090,2904,1911,993
101000091,373,1663,-1290
101000092,628,1369,-741
101000093,1840,1000,840
101000094,649,1578,-929
101000095,332,892,-560
101000096,337,812,-475
101000097,1093,384,709
101000098,930,650,280
101000099,1364,1913,-549
101000100,1181,795,386
101000101,652,328,324
101000102,2587,448,2139
101000103,1054,448,606
101000104,601,662,-61
101000105,2230,393,1837
101000106,1284,428,856
101000107,212,428,-216
101000108,2115,491,1624
101000109,279,93,186
101000110,44,975,-931
101000111,120,179,-59
101000113,283,858,-575
101000114,5594,2162,3432
101000115,86,105,-19
101000116,167,99,68
101000117,512,221,291
101000119,272,80,192
101000120,499,44,455
101000121,167,39,128
101000122,236,70,166
101000123,88,50,38
101000124,223,174,49
101000125,295,728,-433
101000128,1787,306,1481
101000130,282,280,2
101000131,769,863,-94
101000132,475,2365,-1890
101000135,129,25,104
101000136,502,75,427
101000137,41,348,-307
101000141,3427,3303,124
101000147,1363,707,656
101000148,2300,25,2275
101000149,195,145,50
101000150,95,1685,-1590
101000151,119,89,30
101000152,430,475,-45
101000153,794,603,191
101000154,272,2354,-2082
101000155,203,171,32
101000156,28,320,-292
101000157,96,23,73
101000160,121,32,89
101000163,297,140,157
101000164,694,711,-17
101000165,230,441,-211
101000166,271,337,-66
101000168,1011,522,489
101000252,1754,1168,586
101000254,558,41,517
101000258,22,8,14
101000261,72,36,36
101000262,2839,1372,1467
101000263,285,766,-481
101000265,105,723,-618
101000266,487,348,139
101000269,228,6,222
101000290,2822,3977,-1155
101000293,29,59,-30
101000294,703,498,205
101000295,235,653,-418
101000301,1230,377,853
101000304,4757,3352,1405
101000305,4233,2392,1841
101000328,171,573,-402
101900001,16,109,-93
101900002,0,22,-22
101900003,337,163,174
101900004,6,58,-52
101900005,7114,1772,5342
101900006,1151,47,1104
101900007,805,87,718
101900008,283,399,-116
101900009,104,605,-501
101900010,1361,850,511
101900011,551,1906,-1355
101900012,128,519,-391
101900013,1467,172,1295
101900017,58,243,-185
101900018,2274,336,1938
101900019,425,150,275
101900020,82,120,-38
101900021,2,74,-72
101900022,141,1739,-1598
101900023,140,355,-215
101900026,174,48,126
101900027,18,133,-115
102000001,7340,5038,2302
102000002,4838,1844,2994
102000003,4388,8298,-3910
102000004,9252,4339,4913
102000005,2635,3265,-630
102000006,3409,3052,357
102000007,2026,6463,-4437
102000008,6723,3103,3620
102000009,6120,9204,-3084
102000010,6184,6330,-146
102000011,4196,2841,1355
102000012,5829,5428,401
102000018,4477,3723,754
102000019,3561,2837,724
102000026,365,1688,-1323
102000029,435,284,151
102000030,144,509,-365
102000031,122,298,-176
102000032,515,624,-109
102000033,322,662,-340
102000034,548,899,-351
102000035,1259,968,291
102000036,10,752,-742
102000037,261,183,78
102000038,590,205,385
102000039,791,146,645
102000040,864,150,714
102000041,373,646,-273
102000042,535,302,233
102000043,536,254,282
102000044,2053,864,1189
102000045,1195,1778,-583
102000046,1796,894,902
102000047,755,1903,-1148
102000048,408,1351,-943
102000049,2154,1255,899
102000050,1779,1501,278
102000051,569,990,-421
102000052,1736,1043,693
102000053,2153,1121,1032
102000054,564,980,-416
102000055,893,1420,-527
102000056,641,1971,-1330
102000057,1203,665,538
102000058,1089,2687,-1598
102000059,1940,1795,145
102000060,1530,1173,357
102000061,1366,3050,-1684
102000062,1284,1476,-192
102000063,1566,2359,-793
102000064,792,999,-207
102000065,43,160,-117
102000066,1186,2538,-1352
102000067,2932,4245,-1313
102000068,16092,4775,11317
102000069,71,2459,-2388
102000070,2089,85,2004
102000071,11038,11945,-907
102000072,3907,7257,-3350
102000073,1182,951,231
102000074,675,1050,-375
102000075,216,376,-160
102000076,221,639,-418
102000077,385,1576,-1191
102000078,696,1148,-452
102000079,100,307,-207
102000080,197,229,-32
102000081,482,853,-371
102000082,1082,254,828
102000083,513,509,4
102000084,171,569,-398
102000085,2028,1678,350
102000086,1263,1426,-163
102000087,1186,2040,-854
102000088,230,366,-136
102000089,1230,514,716
102000090,412,1172,-760
102000091,1828,511,1317
102000092,335,1050,-715
102000093,825,988,-163
102000094,1119,664,455
102000095,1137,1187,-50
102000096,659,911,-252
102000097,1038,1017,21
102000098,751,926,-175
102000099,1311,850,461
102000100,979,1270,-291
102000101,1636,832,804
102000102,423,4768,-4345
102000103,1928,527,1401
102000104,1524,481,1043
102000105,332,1206,-874
102000106,719,1351,-632
102000107,1141,768,373
102000108,717,496,221
102000109,804,827,-23
102000110,776,2275,-1499
102000111,16,551,-535
102000112,170,88,82
102000113,9,47,-38
102000114,1536,501,1035
102000115,313,277,36
102000116,1051,409,642
102000117,523,659,-136
102000118,2897,1266,1631
102000119,3711,851,2860
102000120,231,606,-375
102000121,1166,636,530
102000122,468,961,-493
102000123,1587,1290,297
102000124,1181,1191,-10
102000125,844,1345,-501
102000126,598,789,-191
102000127,1140,816,324
102000128,653,1295,-642
102000129,1313,1098,215
102000130,601,764,-163
102000131,1770,652,1118
102000132,696,574,122
102000133,1254,2891,-1637
102000134,783,1142,-359
102000135,1373,1963,-590
102000136,1455,981,474
102000137,1081,1061,20
102000138,262,485,-223
102000139,130,414,-284
102000140,427,318,109
102000141,249,671,-422
102000142,345,429,-84
102000143,163,639,-476
102000144,240,553,-313
102000145,331,645,-314
102000146,377,433,-56
102000147,411,464,-53
102000148,305,565,-260
102000149,209,767,-558
102000150,193,501,-308
102000151,258,480,-222
102000152,113,290,-177
102000153,1256,574,682
102000154,769,823,-54
102000155,179,377,-198
102000156,998,103,895
102000157,321,248,73
102000158,1198,911,287
102000159,1953,678,1275
102000161,5158,2774,2384
102000162,244,176,68
102000163,143,657,-514
102000164,1279,1146,133
102000165,366,146,220
102000166,58,161,-103
102000167,340,221,119
102000168,304,142,162
102000169,136,914,-778
102000170,834,253,581
102000171,383,86,297
102000172,312,446,-134
102000173,770,364,406
102000174,54,89,-35
102000175,164,199,-35
102000176,50,94,-44
102000178,342,751,-409
102000179,407,259,148
102000180,670,801,-131
102000181,577,850,-273
102000182,469,872,-403
102000183,1540,2320,-780
102000184,1683,1058,625
102000185,2431,1858,573
102000186,1146,2458,-1312
102000187,773,2192,-1419
102000188,816,1802,-986
102000189,3165,1169,1996
102000190,579,3064,-2485
102000191,1420,755,665
102000192,1135,1524,-389
102000193,95,225,-130
102000194,133,185,-52
102000195,749,594,155
102000196,170,661,-491
102000197,508,531,-23
102000198,192,1150,-958
102000199,679,387,292
102000200,421,1384,-963
102000201,723,627,96
102000202,16,141,-125
102000203,328,484,-156
102000204,467,1403,-936
102000205,1293,826,467
102000206,1157,934,223
102000207,1770,534,1236
102000208,638,839,-201
102000209,63,71,-8
102000210,343,650,-307
102000211,718,600,118
102000212,216,23,193
102000213,1,479,-478
102000214,217,16,201
102000215,3,733,-730
102000216,63,87,-24
102000217,21,245,-224
102000218,222,243,-21
102000219,642,418,224
102000225,880,970,-90
102000226,1634,629,1005
102000227,422,4,418
102000228,1,134,-133
102000229,61,42,19
102000230,327,697,-370
102000231,326,630,-304
102000232,28,535,-507
102000233,505,1237,-732
102000234,131,1192,-1061
102000236,236,149,87
102000237,1132,251,881
102000238,207,448,-241
102000240,910,575,335
102000241,220,141,79
102000243,13,157,-144
102000245,15,118,-103
102000246,12,42,-30
102000247,1061,1355,-294
102000248,734,1063,-329
102000249,104,196,-92
102000250,51,575,-524
102000254,61,508,-447
102000266,79,226,-147
102000271,88,6,82
102000286,597,684,-87
102000297,2480,1680,800
102000299,0,0,0
102000301,0,0,0
102000305,0,0,0
102000307,0,3,-3
102900001,1263,1377,-114
102900002,300,43,257
102900003,54,330,-276
102900005,288,487,-199
102900006,554,296,258
102900007,356,30,326
102900008,196,121,75
102900009,533,237,296
102900010,905,498,407
102900011,2164,540,1624
102900012,489,89,400
102900013,30,78,-48
102900015,732,466,266
102900016,66,170,-104
102900017,191,871,-680
102900018,41,184,-143
102900019,639,740,-101
102900020,174,20,154
102900021,25,159,-134
102900022,679,123,556
102900023,26,80,-54
102900024,39,50,-11
102900025,381,192,189
102900026,973,1517,-544
102900027,66,81,-15
102900028,116,777,-661
102900029,172,223,-51
102900030,435,319,116
102900031,158,208,-50
102900032,74,147,-73
102900033,157,333,-176
102900034,435,156,279
102900035,163,524,-361
102900036,317,751,-434
102900037,253,927,-674
102900038,598,878,-280
102900039,55,415,-360
102900040,215,300,-85
102900041,54,272,-218
102900042,172,558,-386
102900043,166,371,-205
102900044,603,2244,-1641
102900045,104,645,-541
102900046,106,389,-283
102900047,103,821,-718
102900048,690,911,-221
102900049,134,438,-304
102900050,237,477,-240
102900051,198,351,-153
102900053,392,910,-518
102900054,1071,1091,-20
102900055,89,236,-147
102900056,155,541,-386
102900057,6,52,-46
102900058,404,100,304
102900059,27,56,-29
102900060,128,659,-531
102900061,144,758,-614
102900062,228,1746,-1518
102900063,1090,589,501
102900064,170,764,-594
102900065,2195,493,1702
102900066,383,48,335
102900068,185,110,75
102900070,265,736,-471
102900072,19,50,-31
102900073,229,11,218
102900075,80,70,10
102900076,291,120,171
102900077,68,55,13
102900078,47,177,-130
102900079,327,13,314
102900080,322,35,287
102900081,90,378,-288
102900082,10,275,-265
102900083,536,12,524
102900084,6,39,-33
102900085,250,91,159
102900086,7,47,-40
102900087,149,148,1
102900088,71,38,33
102900089,391,194,197
102900090,6,581,-575
102900091,181,10,171
102900092,278,1254,-976
102900094,2,95,-93
102900095,252,1,251
102900096,35,18,17
102900097,125,348,-223
103000001,2798,3865,-1067
103000002,4057,3272,785
103000003,5619,3532,2087
103000004,1114,866,248
103000005,3096,4522,-1426
103000006,774,2046,-1272
103000007,573,973,-400
103000008,1493,1366,127
103000009,1603,1294,309
103000010,382,289,93
103000011,1798,1408,390
103000012,1155,1808,-653
103000013,7385,2539,4846
103000014,1506,3245,-1739
103000015,3702,999,2703
103000016,837,1659,-822
103000017,238,500,-262
103000018,1409,576,833
103000019,251,299,-48
103000020,3361,1847,1514
103000021,2801,1779,1022
103000022,1317,1424,-107
103000023,696,2185,-1489
103000024,120,291,-171
103000025,95,652,-557
103000026,1887,200,1687
103000027,344,709,-365
103000028,647,474,173
103000029,353,262,91
103000030,2307,914,1393
103000031,2020,3028,-1008
103000032,2174,2206,-32
103000033,2920,3329,-409
103000034,1919,1175,744
103000035,422,1881,-1459
103000036,569,615,-46
103000037,671,555,116
103000038,569,1429,-860
103000039,341,659,-318
103000040,456,1753,-1297
103000041,1817,3439,-1622
103000042,887,933,-46
103000043,491,1815,-1324
103000044,163,303,-140
103000046,240,819,-579
103000047,922,876,46
103000048,236,231,5
103000049,132,270,-138
103000050,1047,1026,21
103000051,499,811,-312
103000052,964,561,403
103000053,229,777,-548
103000054,2850,1659,1191
103000055,1908,2685,-777
103000056,703,2656,-1953
103000057,353,393,-40
103000058,650,1263,-613
103000059,399,1072,-673
103000060,876,1060,-184
103000061,411,1254,-843
103000062,1334,1033,301
103000063,793,1007,-214
103000064,162,406,-244
103000065,2,452,-450
103000066,222,9,213
103000069,318,513,-195
103000070,1254,1616,-362
103000071,1385,483,902
103000072,107,1161,-1054
103000073,820,156,664
103000074,730,129,601
103000075,136,1064,-928
103000076,322,430,-108
103000077,50,549,-499
103000078,2462,851,1611
103000079,2079,948,1131
103000080,1493,493,1000
103000081,655,1190,-535
103000082,708,362,346
103000083,159,436,-277
103000084,205,15,190
103000085,7,151,-144
103000086,1565,589,976
103000087,405,668,-263
103000088,829,450,379
103000089,452,868,-416
103000090,2104,961,1143
103000091,626,525,101
103000092,589,308,281
103000093,357,568,-211
103000094,226,116,110
103000095,66,506,-440
103000096,920,204,716
103000097,100,822,-722
103000098,1209,293,916
103000099,517,747,-230
103000100,103,1285,-1182
103000101,881,191,690
103000102,117,970,-853
103000103,745,344,401
103000104,129,128,1
103000105,176,170,6
103000106,35,95,-60
103000107,305,77,228
103000108,1196,763,433
103000109,805,499,306
103000110,564,480,84
103000111,1082,504,578
103000112,721,285,436
103000113,1833,1024,809
103000114,4016,490,3526
103000115,474,787,-313
103000116,451,667,-216
103000117,334,620,-286
103000118,2605,1186,1419
103000119,2766,745,2021
103000120,152,113,39
103000121,336,834,-498
103000122,672,476,196
103000125,9,540,-531
103000126,557,13,544
103000127,0,303,-303
103000128,177,2,175
103000129,1,194,-193
103000130,56,34,22
103000131,230,128,102
103000132,84,185,-101
103000133,10,131,-121
103000134,825,1034,-209
103000135,1049,423,626
103000136,1198,579,619
103000137,1188,702,486
103000138,1403,1104,299
103000139,8,74,-66
103000140,308,35,273
103000141,62,183,-121
103000142,158,111,47
103000143,207,295,-88
103000144,246,144,102
103000145,93,24,69
103000150,128,81,47
103000152,794,381,413
103000153,708,290,418
103000156,6,661,-655
103000157,413,3,410
103000159,138,50,88
103000162,196,23,173
103000163,8,25,-17
103000164,72,39,33
103000165,318,599,-281
103000166,282,315,-33
103000167,492,170,322
103000168,96,197,-101
103000169,235,620,-385
103000170,617,649,-32
103000171,59,74,-15
103000172,393,489,-96
103000173,390,1084,-694
103000174,197,472,-275
103000175,204,447,-243
103000176,1444,620,824
103000177,934,555,379
103000178,299,327,-28
103000179,179,45,134
103000183,106,30,76
103000185,81,106,-25
103000186,99,219,-120
103000187,514,859,-345
103000188,11,67,-56
103000189,2809,1300,1509
103000191,487,572,-85
103000292,3405,1644,1761
103000293,1818,1959,-141
103000295,113,105,8
103000296,383,3,380
103000297,34,9,25
103000504,139,32,107
103000505,16,20,-4
103000506,5,329,-324
103000507,232,6,226
103000508,86,51,35
103000509,303,697,-394
103900001,6,463,-457
103900002,2560,261,2299
103900003,2593,177,2416
103900004,100,11,89
103900005,0,253,-253
103900006,1,1,0
103900007,105,56,49
103900008,48,1,47
103900009,331,445,-114
103900010,160,341,-181
103900011,172,261,-89
103900012,9,30,-21
103900013,35,98,-63
103900014,31,34,-3
103900015,40,26,14
103900016,316,272,44
103900017,32,95,-63
103900018,916,295,621
103900019,52,275,-223
103900020,247,514,-267
103900021,1035,120,915
103900022,1376,797,579
103900023,86,3,83
103900024,147,858,-711
103900025,7,61,-54
103900026,33,0,33
103900027,794,469,325
103900028,15,288,-273
103900029,1256,216,1040
103900030,867,43,824
103900031,23,1,22
103900032,88,87,1
103900033,384,9,375
103900034,39,430,-391
103900035,48,64,-16
103900036,93,41,52
103900037,176,39,137
103900038,95,196,-101
103900039,54,630,-576
103900040,25,274,-249
103900041,56,33,23
103900042,45,557,-512
103900043,163,178,-15
103900044,385,411,-26
103900045,242,300,-58
103900047,60,31,29
103900048,57,25,32
103900049,284,1891,-1607
103900050,5,84,-79
103900051,3,31,-28
103900052,238,814,-576
103900053,195,1534,-1339
103900054,82,670,-588
103900055,565,287,278
103900056,47,64,-17
103900057,26,240,-214
103900058,164,976,-812
103900059,0,5,-5
103900060,51,349,-298
103900061,149,78,71
103900062,352,148,204
103900063,0,0,0
103900064,89,5,84
103900065,851,559,292
103900066,122,10,112
103900067,109,4,105
103900068,6,0,6
103900069,135,18,117
103900070,153,414,-261
103900071,15,231,-216
103900072,3,363,-360
103900073,62,39,23
103900074,79,153,-74
103900075,177,130,47
103900076,321,1052,-731
103900077,93,112,-19
103900078,151,193,-42
103900079,152,325,-173
103900080,29,43,-14
103900081,251,39,212
103900082,17,117,-100
103900083,2220,1469,751
103900084,66,151,-85
103900085,140,156,-16
103900086,660,368,292
103900088,426,380,46
103900089,35,358,-323
103900090,1,291,-290
103900091,1034,315,719
103900092,1625,697,928
103900093,90,377,-287
103900094,5,121,-116
103900095,1194,224,970
103900096,28,346,-318
103900097,9,479,-470
103900098,180,149,31
103900099,45,224,-179
103900100,206,485,-279
103900101,91,1311,-1220
103900102,2,47,-45
103900104,3,42,-39
103900105,146,280,-134
103900106,0,31,-31
103900107,86,339,-253
103900108,46,567,-521
103900109,80,125,-45
103900110,278,68,210
103900111,99,995,-896
103900112,28,65,-37
103900113,195,342,-147
103900114,713,456,257
103900115,272,374,-102
103900116,9911,3337,6574
103900117,230,175,55
103900119,24,71,-47
103900120,67,210,-143
103900122,75,413,-338
103900123,2804,831,1973
103900124,65,767,-702
103900125,139,108,31
103900126,467,807,-340
103900127,127,961,-834
103900128,68,228,-160
103900131,19,144,-125
103900133,1119,33,1086
103900134,1,1,0
103900135,30,15,15
103900137,1,69,-68
103900138,65,585,-520
103900139,612,1612,-1000
103900140,16,122,-106
103900141,341,89,252
103900142,229,456,-227
103900143,36,5,31
103900144,6,176,-170
103900145,156,478,-322
103900146,330,466,-136
103900147,392,110,282
103900148,254,234,20
103900149,294,1143,-849
103900150,10967,4514,6453
103900151,36,182,-146
103900152,380,764,-384
103900153,23,0,23
103900154,1689,2830,-1141
103900155,22,400,-378
103900156,23,295,-272
103900157,24,473,-449
103900158,85,320,-235
103900159,108,96,12
103900160,58,24,34
103900161,114,287,-173
103900162,66,414,-348
103900163,7,638,-631
103900167,42,86,-44
103900168,114,192,-78
103900169,41,52,-11
103900170,1,153,-152
103900171,1,105,-104
103900172,19,69,-50
103900173,6,16,-10
103900174,124,65,59
103900175,61,56,5
103900176,16,26,-10
103900177,12,75,-63
103900178,71,177,-106
103900179,52,377,-325
103900180,10,177,-167
103900181,85,79,6
103900182,39,35,4
103900184,910,94,816
103900185,538,215,323
103900187,182,75,107
103900188,67,21,46
103900189,102,7,95
103900190,115,60,55
103900191,32,44,-12
103900192,46,81,-35
103900193,212,205,7
103900194,94,471,-377
103900195,6,57,-51
103900196,27,28,-1
103900197,29,30,-1
103900198,11,70,-59
103900199,206,67,139
103900200,135,154,-19
103900201,94,229,-135
103900202,3,68,-65
103900203,51,29,22
103900204,4,151,-147
103900207,1,205,-204
103900208,94,2,92
103900209,9,120,-111
103900210,68,27,41
103900211,476,804,-328
103900212,92,489,-397
103900213,369,333,36
103900214,858,173,685
103900215,787,334,453
103900216,8,586,-578
103900217,602,172,430
103900218,2,546,-544
103900219,200,597,-397
103900233,104,4,100
103900235,111,64,47
103900236,91,5,86
103900242,5,34,-29
103900243,17,52,-35
103900244,133,613,-480
103900245,164,300,-136
103900246,125,50,75
103900247,77,171,-94
103900248,19,60,-41
103900249,52,55,-3
103900250,106,54,52
103900251,3,64,-61
103900253,101,103,-2
103900254,43,49,-6
103900255,135,34,101
103900256,126,57,69
103900257,363,445,-82
103900258,172,8,164
103900259,130,14,116
103900261,15,6,9
103900262,80,14,66
103900263,161,223,-62
103900264,97,81,16
103900265,106,34,72
103900266,3,78,-75
103900267,25,68,-43
103900268,14,217,-203
103900269,135,61,74
103900270,49,238,-189
103900271,70,213,-143
103900272,74,110,-36
103900273,35,158,-123
103900274,75,12,63
103900275,46,12,34
103900276,9,248,-239
103900277,11,240,-229
103900278,10,126,-116
103900279,9,24,-15
103900280,5,392,-387
104000001,2643,2935,-292
104000002,2161,4098,-1937
104000003,2764,3144,-380
104000004,3572,3932,-360
104000005,1755,2644,-889
104000006,3045,4393,-1348
104000007,5025,5457,-432
104000008,447,554,-107
104000009,179,147,32
104000010,174,298,-124
104000011,1070,404,666
104000012,186,541,-355
104000013,195,174,21
104000014,322,1050,-728
104000015,291,241,50
104000016,633,590,43
104000018,764,226,538
104000019,637,220,417
104000020,260,941,-681
104000021,500,762,-262
104000022,156,378,-222
104000023,555,505,50
104000024,416,509,-93
104000026,86,461,-375
104000027,448,592,-144
104000028,446,376,70
104000029,523,746,-223
104000030,298,330,-32
104000031,995,452,543
104000032,286,460,-174
104000033,588,465,123
104000034,315,444,-129
104000035,777,511,266
104000036,824,674,150
104000037,314,377,-63
104000038,313,448,-135
104000039,219,488,-269
104000040,641,585,56
104000041,620,523,97
104000042,318,564,-246
104000043,368,563,-195
104000044,288,1004,-716
104000045,1369,1682,-313
104000046,1865,2383,-518
104000047,925,1679,-754
104000048,1338,2240,-902
104000049,599,448,151
104000050,189,920,-731
104000051,148,1125,-977
104000052,1553,1952,-399
104000053,1047,989,58
104000054,409,535,-126
104000055,6106,3022,3084
104000056,2761,463,2298
104000057,327,836,-509
104000058,787,1105,-318
104000059,815,1936,-1121
104000060,1164,1590,-426
104000061,1884,1599,285
104000062,468,557,-89
104000064,798,576,222
104000065,365,506,-141
104000069,2538,1340,1198
104000070,100,677,-577
104000071,451,762,-311
104000072,764,684,80
104000075,62,555,-493
104000076,754,94,660
104000082,3228,3532,-304
104000083,1047,310,737
104000084,173,665,-492
104000085,452,393,59
104000086,251,588,-337
104000087,621,1740,-1119
104000090,796,2266,-1470
104000092,1009,3844,-2835
104000094,1253,2763,-1510
104000095,2118,1996,122
104000096,1588,674,914
104000097,1797,1676,121
104000098,1871,1941,-70
104000100,1822,902,920
104000101,1442,4286,-2844
104000106,338,957,-619
104000107,723,661,62
104000108,426,852,-426
104000109,479,120,359
104000110,1136,1385,-249
104000111,6916,2688,4228
104000112,2831,805,2026
104000116,8,1871,-1863
104000117,133,1587,-1454
104000118,478,342,136
104000119,519,405,114
104000120,211,1502,-1291
104000121,260,951,-691
104000122,612,929,-317
104000123,1739,1570,169
104000124,1586,3715,-2129
104000125,7042,4371,2671
104000126,288,592,-304
104000127,2273,4614,-2341
104000128,919,561,358
104000129,630,38,592
104000130,16,435,-419
104000131,2012,661,1351
104000132,1511,813,698
104000133,1548,1323,225
104000134,1004,2328,-1324
104000135,481,1730,-1249
104000136,725,3815,-3090
104000137,1551,421,1130
104000138,1565,845,720
104000139,10033,3900,6133
104000141,1220,2293,-1073
104000142,790,1147,-357
104000143,759,879,-120
104000144,119,289,-170
104000145,547,260,287
104000146,592,943,-351
104000147,157,527,-370
104000148,285,209,76
104000149,200,466,-266
104000150,824,566,258
104000151,447,667,-220
104000152,648,789,-141
104000153,518,637,-119
104000154,1521,865,656
104000155,407,637,-230
104000157,1231,2311,-1080
104000158,433,455,-22
104000159,1072,567,505
104000160,1854,2187,-333
104000161,332,201,131
104000162,43,178,-135
104000165,2077,1429,648
104000167,695,938,-243
104000168,761,14,747
104000169,78,84,-6
104000170,560,502,58
104000248,343,1342,-999
104000251,110,356,-246
104000272,0,0,0
104000273,0,0,0
104000274,0,0,0
104000275,0,0,0
104000279,766,618,148
104000290,107,435,-328
104000291,1155,2004,-849
104000293,1396,891,505
104000294,22,0,22
104000295,637,1143,-506
104000296,365,1205,-840
104000297,1072,1935,-863
104000298,2695,1278,1417
104000299,1096,2471,-1375
104000302,144,226,-82
104000303,193,230,-37
104900001,163,564,-401
104900002,81,210,-129
104900003,42,473,-431
104900004,90,420,-330
104900005,286,235,51
104900006,310,129,181
104900007,243,314,-71
104900009,115,538,-423
104900010,44,64,-20
104900011,20,7,13
104900012,241,30,211
104900013,154,23,131
104900014,3392,322,3070
104900015,185,7,178
104900016,196,450,-254
104900017,197,213,-16
104900018,5,236,-231
104900019,551,2291,-1740
104900020,64,397,-333
104900021,4,369,-365
104900022,32,171,-139
104900023,3,177,-174
104900024,20,146,-126
104900025,95,644,-549
104900026,3,189,-186
104900027,391,326,65
104900028,14,115,-101
104900029,34,164,-130
104900030,465,242,223
104900031,138,258,-120
104900032,65,225,-160
104900033,148,306,-158
104900034,278,144,134
104900035,242,174,68
104900036,156,97,59
104900037,123,501,-378
104900038,795,716,79
104900039,1002,251,751
104900040,295,130,165
104900041,234,243,-9
104900042,131,505,-374
104900043,13,104,-91
104900044,365,281,84
104900045,433,57,376
104900046,125,189,-64
104900047,264,194,70
104900048,232,120,112
104900049,16,26,-10
104900050,195,127,68
104900051,253,83,170
104900052,28,0,28
104900053,478,97,381
104900054,160,102,58
104900055,71,0,71
104900056,170,10,160
104900057,50,19,31
104900058,1231,157,1074
104900059,215,42,173
104900060,3,413,-410
104900061,328,739,-411
104900063,7,246,-239
104900064,0,157,-157
104900065,1,216,-215
104900066,4,281,-277
104900067,2,334,-332
104900068,12,342,-330
104900070,141,302,-161
104900071,1,1016,-1015
104900072,55,238,-183
104900073,56,432,-376
104900074,56,237,-181
104900075,48,123,-75
104900076,70,395,-325
104900077,2170,149,2021
104900078,174,713,-539
104900079,148,514,-366
104900080,105,623,-518
104900082,15,447,-432
104900085,9,301,-292
104900087,346,2,344
104900089,118,0,118
104900090,641,585,56
104900091,443,930,-487
104900093,259,684,-425
104900097,4355,1891,2464
104900098,85,71,14
104900099,589,727,-138
104900100,1185,306,879
104900102,24,358,-334
104900103,494,181,313
104900104,4310,1537,2773
104900106,71,176,-105
104900107,92,429,-337
104900108,20,579,-559
104900109,110,677,-567
104900110,3,52,-49
104900111,176,148,28
104900112,270,1370,-1100
104900113,610,618,-8
104900114,257,855,-598
104900115,589,828,-239
104900116,227,363,-136
104900118,17,98,-81
104900119,1,53,-52
104900120,144,159,-15
104900121,1,165,-164
104900122,3,123,-120
104900123,41,13,28
104900124,36,1,35
104900125,575,56,519
104900126,88,93,-5
104900127,37,84,-47
104900128,88,128,-40
104900129,3555,2124,1431
105000001,3181,2056,1125
105000002,3540,2241,1299
105000003,5133,4677,456
105000004,679,1844,-1165
105000005,844,1573,-729
105000006,1826,2519,-693
105000007,1752,2080,-328
105000008,2205,3340,-1135
105000009,2222,3540,-1318
105000010,4898,3895,1003
105000011,2303,2960,-657
105000012,4768,4101,667
105000013,1018,1444,-426
105000014,1689,2651,-962
105000015,8839,9790,-951
105000016,5095,2796,2299
105000017,3234,1240,1994
105000018,2247,1753,494
105000019,2446,1261,1185
105000020,436,525,-89
105000021,563,198,365
105000022,389,64,325
105000023,459,278,181
105000028,93,237,-144
105000029,556,1225,-669
105000030,5343,5118,225
105000031,6,34,-28
105000033,1618,2925,-1307
105000034,315,892,-577
105000037,796,748,48
105000038,1646,1731,-85
105000039,3194,2466,728
105000040,841,971,-130
105000041,675,1703,-1028
105000042,2571,1531,1040
105000043,2132,2432,-300
105000044,411,422,-11
105000045,328,1167,-839
105000046,790,440,350
105000047,417,1791,-1374
105000048,800,300,500
105000049,312,1079,-767
105000050,696,551,145
105000051,358,869,-511
105000052,653,1378,-725
105000053,195,255,-60
105000054,438,1418,-980
105000055,1062,565,497
105000056,1224,3758,-2534
105000057,1447,1232,215
105000058,2234,1956,278
105000059,765,836,-71
105000060,813,1034,-221
105000061,608,743,-135
105000062,1191,1635,-444
105000063,519,1050,-531
105000064,1682,878,804
105000065,670,1350,-680
105000066,1622,2977,-1355
105000067,1608,718,890
105000068,1249,1398,-149
105000069,5729,1522,4207
105000070,1585,1053,532
105000071,936,1057,-121
105000072,1797,2795,-998
105000073,1297,785,512
105000074,1647,1198,449
105000075,1088,921,167
105000076,2201,1354,847
105000077,2565,1115,1450
105000078,2700,1610,1090
105000079,3139,2262,877
105000080,2414,1176,1238
105000081,3229,993,2236
105000082,1717,764,953
105000083,2906,1264,1642
105000084,1234,1406,-172
105000085,1841,1271,570
105000086,737,1500,-763
105000087,4081,2525,1556
105000088,2015,2302,-287
105000089,3336,2768,568
105000090,1238,1040,198
105000091,1961,1949,12
105000092,994,1378,-384
105000093,576,268,308
105000094,385,325,60
105000095,119,618,-499
105000096,1549,981,568
105000097,1699,1075,624
105000098,1804,753,1051
105000099,2421,1264,1157
105000100,1091,1735,-644
105000101,2404,2964,-560
105000102,2096,2115,-19
105000103,1869,3125,-1256
105000104,2183,1535,648
105000105,1208,3226,-2018
105000106,1605,2229,-624
105000107,1304,1576,-272
105000108,1321,2744,-1423
105000109,1527,2398,-871
105000110,614,1382,-768
105000111,727,957,-230
105000112,1355,1242,113
105000113,445,854,-409
105000114,6288,1576,4712
105000115,494,1214,-720
105000116,953,679,274
105000117,1304,1922,-618
105000118,426,459,-33
105000119,653,1841,-1188
105000120,943,853,90
105000121,1182,1959,-777
105000122,455,682,-227
105000123,1506,2068,-562
105000124,2004,1222,782
105000125,1163,2883,-1720
105000126,2448,3136,-688
105000127,2680,2823,-143
105000128,907,1933,-1026
105000129,1342,595,747
105000130,297,2467,-2170
105000131,936,690,246
105000132,842,650,192
105000133,594,1597,-1003
105000134,962,780,182
105000135,687,960,-273
105000136,181,534,-353
105000137,372,279,93
105000138,282,468,-186
105000139,1307,1429,-122
105000140,219,601,-382
105000141,288,1032,-744
105000142,178,692,-514
105000143,291,1117,-826
105000144,418,1117,-699
105000145,785,668,117
105000146,750,1178,-428
105000147,601,496,105
105000148,1453,1037,416
105000149,2483,2532,-49
105000150,2439,2163,276
105000151,543,481,62
105000152,178,1011,-833
105000153,829,723,106
105000154,1110,1392,-282
105000155,426,860,-434
105000156,1248,1334,-86
105000157,1188,3084,-1896
105000158,2467,1014,1453
105000159,400,1936,-1536
105000160,2024,909,1115
105000161,1130,2572,-1442
105000162,915,2112,-1197
105000163,2932,1811,1121
105000164,234,506,-272
105000165,3405,6228,-2823
105000166,10849,600,10249
105000167,4889,1902,2987
105000168,359,1407,-1048
105000169,564,514,50
105000170,176,2176,-2000
105000171,1366,480,886
105000172,137,84,53
105000173,111,44,67
105000174,52,44,8
105000175,56,180,-124
105000176,242,115,127
105000177,326,165,161
105000178,145,1127,-982
105000179,298,131,167
105000180,82,101,-19
105000181,70,672,-602
105000182,61,61,0
105000183,3849,2578,1271
105000184,1238,1330,-92
105000185,1176,920,256
105000186,661,1126,-465
105000187,824,350,474
105000188,671,125,546
105000189,528,651,-123
105000190,561,473,88
105000191,609,537,72
105000192,441,103,338
105000193,317,182,135
105000194,482,112,370
105000195,329,1449,-1120
105000196,146,242,-96
105000197,302,963,-661
105000198,781,438,343
105000199,833,831,2
105000200,183,258,-75
105000201,249,30,219
105000203,26,459,-433
105000204,91,119,-28
105000205,119,320,-201
105000207,615,284,331
105000208,302,562,-260
105000209,303,406,-103
105000211,146,18,128
105000212,1332,2198,-866
105000213,231,245,-14
105000214,160,421,-261
105000215,279,401,-122
105000216,101,359,-258
105000217,182,396,-214
105000218,824,1398,-574
105000221,311,420,-109
105000222,537,57,480
105000223,277,274,3
105000226,66,526,-460
105000227,50,307,-257
105000228,503,1321,-818
105000229,151,380,-229
105000231,300,402,-102
105000233,837,770,67
105000234,712,1675,-963
105000235,516,719,-203
105000237,890,111,779
105000243,14,78,-64
105000248,129,70,59
105000262,315,2565,-2250
105000269,149,288,-139
105000270,399,143,256
105000271,2,372,-370
105000282,404,78,326
105000287,362,269,93
105000288,449,777,-328
105000289,3834,1546,2288
105000290,12,4,8
105000402,6316,2845,3471
105000426,582,631,-49
105000438,3163,945,2218
105000440,14,35,-21
105000446,18186,7080,11106
105000447,9176,4127,5049
105000454,337,1315,-978
105000455,388,248,140
105000474,28,3,25
105000477,379,515,-136
105000478,2011,3249,-1238
105000479,324,159,165
105000480,5522,3422,2100
105000481,3928,2835,1093
105000482,7391,5014,2377
105000483,1604,1916,-312
105000484,3645,3481,164
105000485,1693,2372,-679
105000486,5695,3691,2004
105000488,7910,5697,2213
105000489,1176,1145,31
105000549,92,181,-89
105000550,869,1792,-923
105000551,58,147,-89
105000552,5177,2787,2390
105000555,1932,950,982
105000556,80,68,12
105000557,53,377,-324
105900001,16,1425,-1409
105900002,2434,740,1694
105900003,18,154,-136
105900004,358,152,206
105900005,3,315,-312
105900006,28,103,-75
105900007,96,22,74
105900008,81,1167,-1086
105900009,16,25,-9
105900011,253,81,172
105900012,470,307,163
105900013,0,31,-31
105900014,2,94,-92
105900015,193,508,-315
105900016,306,831,-525
105900017,896,69,827
105900018,281,463,-182
105900019,70,822,-752
105900020,54,67,-13
105900021,15,338,-323
105900022,319,413,-94
105900023,4,145,-141
105900024,5,117,-112
105900025,133,60,73
105900026,401,69,332
105900027,6500,4635,1865
105900028,383,161,222
105900029,2665,472,2193
105900030,360,362,-2
105900031,642,252,390
105900032,102,178,-76
105900033,235,178,57
105900034,188,357,-169
105900035,181,239,-58
105900036,67,226,-159
105900037,96,114,-18
105900038,189,547,-358
105900039,86,315,-229
105900040,73,114,-41
105900041,239,685,-446
105900042,109,183,-74
105900043,3238,75,3163
105900044,7,290,-283
105900045,3,949,-946
105900046,2,325,-323
105900047,29,56,-27
105900048,113,656,-543
105900050,2705,937,1768
105900051,8,1607,-1599
105900052,548,103,445
105900053,5715,3149,2566
105900054,385,484,-99
105900056,1325,330,995
105900057,40,190,-150
105900058,23,64,-41
105900059,0,35,-35
106000001,4577,2567,2010
106000002,3291,6540,-3249
106000003,3566,4317,-751
106000004,2963,4077,-1114
106000005,2948,6788,-3840
106000006,7413,6684,729
106000007,517,750,-233
106000008,510,425,85
106000009,577,411,166
106000010,606,732,-126
106000011,1041,1296,-255
106000012,965,2097,-1132
106000013,1859,2211,-352
106000014,2377,2460,-83
106000015,1502,1463,39
106000016,1490,3284,-1794
106000017,753,928,-175
106000018,857,632,225
106000019,421,610,-189
106000020,319,494,-175
106000021,333,651,-318
106000022,464,359,105
106000023,692,517,175
106000024,839,971,-132
106000025,168,279,-111
106000026,129,412,-283
106000027,1084,1808,-724
106000028,714,856,-142
106000029,1041,1719,-678
106000030,948,446,502
106000034,313,823,-510
106000035,1267,1810,-543
106000036,392,501,-109
106000037,2491,2123,368
106000038,549,120,429
106000039,268,92,176
106000040,222,1000,-778
106000041,1127,524,603
106000043,777,167,610
106000046,406,78,328
106000047,71,561,-490
106000049,970,271,699
106000050,459,1233,-774
106000051,972,498,474
106000052,124,850,-726
106000053,195,192,3
106000054,429,631,-202
106000055,914,1362,-448
106000056,328,578,-250
106000057,226,371,-145
106000058,153,293,-140
106000059,282,322,-40
106000060,649,851,-202
106000061,245,627,-382
106000062,224,832,-608
106000063,536,789,-253
106000064,34,439,-405
106000065,444,321,123
106000066,170,520,-350
106000067,397,144,253
106000068,62,887,-825
106000069,217,127,90
106000070,417,1097,-680
106000071,930,383,547
106000072,6780,2226,4554
106000073,2454,3597,-1143
106000074,683,977,-294
106000075,404,1580,-1176
106000076,1878,2335,-457
106000077,4384,1724,2660
106000078,982,1335,-353
106000079,732,1276,-544
106000080,1219,1077,142
106000081,643,1495,-852
106000082,2669,1229,1440
106000083,353,1782,-1429
106000084,1485,954,531
106000085,1935,1747,188
106000086,762,1001,-239
106000087,1061,762,299
106000088,431,983,-552
106000089,1137,605,532
106000090,298,767,-469
106000091,361,1172,-811
106000092,916,307,609
106000093,337,142,195
106000094,158,589,-431
106000095,561,1413,-852
106000096,1009,932,77
106000097,933,1641,-708
106000098,642,1408,-766
106000099,211,1067,-856
106000100,995,373,622
106000101,948,325,623
106000102,181,709,-528
106000103,294,908,-614
106000104,868,601,267
106000105,454,1188,-734
106000106,574,628,-54
106000107,187,626,-439
106000108,313,493,-180
106000109,99,607,-508
106000110,204,384,-180
106000111,146,866,-720
106000112,229,545,-316
106000113,1919,862,1057
106000114,670,582,88
106000115,327,874,-547
106000116,160,355,-195
106000117,1076,1141,-65
106000118,1383,1571,-188
106000119,2653,1565,1088
106000120,893,1268,-375
106000121,254,284,-30
106000122,164,452,-288
106000123,332,410,-78
106000124,77,486,-409
106000125,62,430,-368
106000126,237,308,-71
106000127,879,1169,-290
106000128,770,535,235
106000129,622,887,-265
106000130,732,538,194
106000131,225,1089,-864
106000132,1340,255,1085
106000133,5176,1769,3407
106000134,1113,1777,-664
106000135,296,1293,-997
106000136,773,935,-162
106000137,109,2039,-1930
106000138,1267,144,1123
106000139,70,153,-83
106000140,68,160,-92
106000141,143,143,0
106000142,96,105,-9
106000143,52,117,-65
106000144,47,108,-61
106000145,198,406,-208
106000146,334,278,56
106000147,800,1240,-440
106000148,1041,1366,-325
106000149,469,1075,-606
106000150,690,2764,-2074
106000151,7325,970,6355
106000152,1816,2825,-1009
106000153,168,1923,-1755
106000154,2030,458,1572
106000155,80,374,-294
106000156,632,439,193
106000157,710,2539,-1829
106000158,4579,1120,3459
106000159,6241,2144,4097
106000160,328,3401,-3073
106000161,1695,678,1017
106000162,161,1229,-1068
106000163,319,764,-445
106000164,353,482,-129
106000165,257,965,-708
106000166,1550,352,1198
106000167,575,1791,-1216
106000168,366,338,28
106000169,169,1020,-851
106000170,702,330,372
106000171,175,1423,-1248
106000172,4174,1375,2799
106000173,1706,3626,-1920
106000174,1226,432,794
106000175,442,1337,-895
106000176,1610,934,676
106000177,946,3125,-2179
106000178,3540,2263,1277
106000179,1381,2880,-1499
106000180,931,1999,-1068
106000181,558,2372,-1814
106000182,935,1018,-83
106000183,880,1268,-388
106000184,1273,1296,-23
106000185,731,1076,-345
106000186,1206,164,1042
106000187,298,1224,-926
106000188,0,1,-1
106000189,2,69,-67
106000190,9,0,9
106000191,637,226,411
106000192,8,45,-37
106000193,459,212,247
106000194,181,476,-295
106000195,527,126,401
106000196,158,414,-256
106000197,412,442,-30
106000198,134,360,-226
106000199,972,741,231
106000200,632,204,428
106000201,696,2584,-1888
106000202,8907,871,8036
106000203,214,291,-77
106000204,100,7,93
106000205,24,164,-140
106000206,129,22,107
106000207,99,1141,-1042
106000208,988,144,844
106000209,1341,372,969
106000210,260,1809,-1549
106000211,432,1844,-1412
106000212,931,351,580
106000213,833,1702,-869
106000214,2959,752,2207
106000215,392,760,-368
106000216,386,523,-137
106000217,310,733,-423
106000218,607,555,52
106000219,168,387,-219
106000220,373,317,56
106000221,121,304,-183
106000222,45,237,-192
106000223,148,244,-96
106000224,243,359,-116
106000225,133,114,19
106000226,272,404,-132
106000228,36,204,-168
106000229,107,985,-878
106000231,909,265,644
106000232,66,509,-443
106000233,598,221,377
106000234,89,209,-120
106000235,590,177,413
106000236,211,69,142
106000237,47,7,40
106000238,86,12,74
106000239,6,147,-141
106000240,51,2,49
106000241,23,1040,-1017
106000242,315,40,275
106000249,86,111,-25
106000250,79,584,-505
106000251,72,57,15
106000252,19,143,-124
106000253,38,106,-68
106000254,42,66,-24
106000255,27,151,-124
106000256,83,120,-37
106000257,218,343,-125
106000258,250,28,222
106000259,11,44,-33
106000260,16,15,1
106000261,5,48,-43
106000262,55,21,34
106000263,22,89,-67
106000264,168,29,139
106000265,10,148,-138
106000266,178,36,142
106000267,3,103,-100
106000268,734,60,674
106000269,89,74,15
106000270,246,587,-341
106000271,64,219,-155
106000272,145,51,94
106000273,29,266,-237
106000274,263,52,211
106000275,192,300,-108
106000276,171,59,112
106000277,166,210,-44
106000278,289,34,255
106000279,20,85,-65
106000280,54,250,-196
106000281,94,135,-41
106000282,88,119,-31
106000283,124,171,-47
106000284,47,143,-96
106000285,117,176,-59
106000286,78,190,-112
106000287,126,136,-10
106000288,129,232,-103
106000289,87,119,-32
106000290,99,111,-12
106000291,81,126,-45
106000292,104,185,-81
106000293,181,111,70
106000294,177,213,-36
106000295,55,67,-12
106000296,73,163,-90
106000297,108,329,-221
106000298,258,87,171
106000299,113,250,-137
106000300,76,138,-62
106000301,97,167,-70
106000303,15,141,-126
106000304,62,71,-9
106000305,36,61,-25
106000306,57,108,-51
106000307,37,58,-21
106000308,32,237,-205
106000309,19,83,-64
106000310,281,768,-487
106000311,333,211,122
106000312,111,324,-213
106000313,189,337,-148
106000318,224,346,-122
106000319,1120,251,869
106000320,14,54,-40
106000321,530,106,424
106000322,139,245,-106
106000324,10,211,-201
106000325,1648,1109,539
106000326,1182,2537,-1355
106000327,113,172,-59
106000328,15,92,-77
106000329,161,491,-330
106000330,34,60,-26
106000428,59,275,-216
106000429,181,738,-557
106000430,435,1820,-1385
106000431,1894,596,1298
106000432,2461,4219,-1758
106000433,2286,1600,686
106000434,3319,1731,1588
106000435,2643,4039,-1396
106000436,9,386,-377
106000437,342,18,324
106000438,350,133,217
106000439,34,564,-530
106000440,209,660,-451
106000441,0,0,0
106000442,390,11,379
106000443,118,639,-521
106000450,4,258,-254
106000451,69,58,11
106000454,13,203,-190
106000455,29,191,-162
106000456,335,31,304
106000457,8,1250,-1242
106000458,431,351,80
106000459,213,542,-329
106000460,845,61,784
106000461,100,2156,-2056
106000462,1,36,-35
106000463,3,63,-60
106000464,3,650,-647
106000465,352,2,350
106000466,3,816,-813
106000467,734,750,-16
106000468,67,321,-254
106000469,473,4,469
106000470,331,2102,-1771
106000471,55,893,-838
106000472,158,22,136
106000473,24,30,-6
106000474,537,1063,-526
106000475,410,291,119
106000476,211,254,-43
106000477,45,212,-167
106000480,0,298,-298
106900001,1,36,-35
106900002,6,782,-776
106900003,299,1066,-767
106900004,4,114,-110
106900006,0,17,-17
106900007,0,32,-32
106900008,236,330,-94
106900009,300,579,-279
106900010,224,446,-222
106900012,2988,2002,986
106900013,541,130,411
106900014,33,1,32
106900015,19,1,18
106900016,277,12,265
106900017,3,0,3
106900018,0,0,0
106900019,21,4,17
106900020,3550,1489,2061
106900021,152,91,61
106900022,467,1,466
106900023,72,331,-259
106900024,447,37,410
106900025,68,789,-721
106900026,2,968,-966
106900027,1311,3,1308
107000001,3750,2815,935
107000002,4638,5922,-1284
107000003,4377,5867,-1490
107000004,6037,7365,-1328
107000005,3087,5065,-1978
107000006,4869,8289,-3420
107000007,4365,9239,-4874
107000008,17119,13218,3901
107000009,5525,6854,-1329
107000010,12914,13924,-1010
107000011,1217,1657,-440
107000012,5290,5111,179
107000013,47,149,-102
107000014,36,339,-303
107000015,525,1060,-535
107000016,742,1450,-708
107000017,3164,1067,2097
107000018,12,276,-264
107000020,1772,520,1252
107000021,1334,882,452
107000022,963,1326,-363
107000023,1844,394,1450
107000024,511,2006,-1495
107000025,272,553,-281
107000026,213,779,-566
107000027,1270,1375,-105
107000028,1262,2105,-843
107000029,2502,2406,96
107000030,3582,4288,-706
107000031,3596,2343,1253
107000032,500,1192,-692
107000033,4906,5534,-628
107000034,6248,2931,3317
107000035,420,282,138
107000036,608,1769,-1161
107000037,104,778,-674
107000038,406,274,132
107000039,1101,834,267
107000040,236,364,-128
107000041,2002,784,1218
107000042,890,2051,-1161
107000043,3788,1143,2645
107000044,903,341,562
107000045,168,372,-204
107000046,702,445,257
107000047,635,994,-359
107000048,709,359,350
107000049,573,914,-341
107000050,950,658,292
107000051,825,509,316
107000052,1530,1099,431
107000053,415,258,157
107000054,99,471,-372
107000055,354,222,132
107000056,621,936,-315
107000057,3259,352,2907
107000058,2332,2604,-272
107000059,3131,4474,-1343
107000060,3951,5922,-1971
107000061,7017,5349,1668
107000062,3570,3567,3
107000063,4692,7628,-2936
107000064,4028,2526,1502
107000065,4609,7057,-2448
107000066,1821,2758,-937
107000067,936,1188,-252
107000068,1781,722,1059
107000069,998,661,337
107000070,742,31,711
107000071,2195,59,2136
107000072,61,4365,-4304
107000073,493,249,244
107000074,172,1247,-1075
107000075,1275,493,782
107000076,1037,2033,-996
107000077,3059,1279,1780
107000078,2704,3781,-1077
107000079,2310,857,1453
107000080,1342,3706,-2364
107000081,1158,692,466
107000082,595,2804,-2209
107000083,1031,385,646
107000084,481,2655,-2174
107000085,3294,3861,-567
107000086,4317,4723,-406
107000087,3935,2675,1260
107000088,4290,5259,-969
107000089,1619,2565,-946
107000090,1252,1790,-538
107000091,1224,1304,-80
107000092,940,1787,-847
107000093,1488,1110,378
107000094,1695,2058,-363
107000095,715,1019,-304
107000096,759,1325,-566
107000097,735,546,189
107000098,553,1215,-662
107000099,483,403,80
107000100,373,396,-23
107000101,110,338,-228
107000102,439,462,-23
107000103,436,283,153
107000104,312,629,-317
107000105,462,176,286
107000106,246,517,-271
107000107,642,262,380
107000108,271,1231,-960
107000109,512,213,299
107000110,99,884,-785
107000111,247,73,174
107000112,43,650,-607
107000113,530,150,380
107000114,149,1165,-1016
107000115,481,126,355
107000116,128,1499,-1371
107000117,99,420,-321
107000118,137,408,-271
107000119,2672,1478,1194
107000120,4557,512,4045
107000121,633,911,-278
107000122,1240,1218,22
107000123,324,1259,-935
107000124,497,1187,-690
107000125,735,1281,-546
107000126,845,1199,-354
107000129,248,1318,-1070
107000130,473,255,218
107000131,523,968,-445
107000132,492,310,182
107000133,608,121,487
107000134,235,2,233
107000135,8,329,-321
107000136,845,2,843
107000137,24,499,-475
107000138,365,26,339
107000139,20,517,-497
107000140,1698,83,1615
107000141,150,1077,-927
107000142,495,107,388
107000143,63,1143,-1080
107000144,443,532,-89
107000145,153,876,-723
107000146,185,441,-256
107000147,5227,1499,3728
107000150,1112,2183,-1071
107000151,65,86,-21
107000152,958,814,144
107000153,751,558,193
107000154,244,177,67
107000155,663,15,648
107000156,867,30,837
107000157,24,2314,-2290
107000158,579,29,550
107000159,56,1864,-1808
107000160,720,112,608
107000161,96,2292,-2196
107000162,178,380,-202
107000163,113,2,111
107000164,456,1,455
107000165,659,7,652
107000166,63,1638,-1575
107000167,550,371,179
107000168,871,418,453
107000169,1386,970,416
107000170,1626,824,802
107000171,554,2939,-2385
107000172,880,1049,-169
107000173,726,1585,-859
107000174,902,4117,-3215
107000175,10887,2194,8693
107000176,0,1,-1
107000177,1,0,1
107000178,24,80,-56
107000179,240,3673,-3433
107000180,965,376,589
107000181,360,1798,-1438
107000182,1449,1014,435
107000183,110,1083,-973
107000184,843,854,-11
107000185,365,1337,-972
107000186,924,360,564
107000187,1049,1757,-708
107000188,580,655,-75
107000189,297,1366,-1069
107000190,588,1073,-485
107000191,1000,1768,-768
107000192,1590,1359,231
107000193,488,468,20
107000194,1489,1034,455
107000197,611,238,373
107000198,265,910,-645
107000199,754,1061,-307
107000200,1694,876,818
107000201,462,244,218
107000202,323,645,-322
107000203,1121,555,566
107000204,1710,635,1075
107000205,2208,1188,1020
107000206,973,1312,-339
107000207,1104,1431,-327
107000208,1456,590,866
107000209,2589,1314,1275
107000210,1025,583,442
107000211,9,56,-47
107000212,26,457,-431
107000213,12,25,-13
107000214,15,240,-225
107000215,380,644,-264
107000216,370,588,-218
107000217,130,193,-63
107000219,74,123,-49
107000220,168,310,-142
107000222,405,1119,-714
107000224,231,72,159
107000225,266,728,-462
107000226,224,91,133
107000227,89,525,-436
107000228,89,226,-137
107000229,818,264,554
107000230,1513,764,749
107000231,2067,1168,899
107000232,133,228,-95
107000233,1547,839,708
107000234,1,44,-43
107000235,82,3,79
107000236,21,475,-454
107000237,24,3,21
107000238,18,0,18
107000239,6345,690,5655
107000240,97,1505,-1408
107000243,0,87,-87
107000244,5,68,-63
107000246,6,1485,-1479
107000249,3,1536,-1533
107000251,0,304,-304
107000252,7,1379,-1372
107000255,1179,141,1038
107000257,2,683,-681
107000258,2,186,-184
107000259,2,262,-260
107000260,477,7,470
107000262,20,1038,-1018
107000263,214,4,210
107000266,14,13,1
107000267,101,271,-170
107000268,163,220,-57
107000269,528,38,490
107000270,1,5,-4
107000271,9,924,-915
107000272,8,220,-212
107000273,6,252,-246
107000274,757,15,742
107000275,369,952,-583
107000280,486,26,460
107000281,38,1549,-1511
107000282,8,1345,-1337
107000290,1,22,-21
107000291,17,14,3
107000292,10,44,-34
107000293,160,3,157
107000294,0,35,-35
107000295,34,1,33
107000296,0,41,-41
107000444,324,4,320
107000496,0,45,-45
107000497,1509,3660,-2151
107000500,388,378,10
107000501,109,239,-130
107000502,470,487,-17
107000505,1018,1120,-102
107000506,0,5,-5
107000508,11,733,-722
107000509,232,779,-547
107000510,27,33,-6
107000514,40,322,-282
107000515,29,404,-375
107000516,224,253,-29
107000518,1217,991,226
107000519,4750,1355,3395
107000520,92,19,73
107000521,529,595,-66
107000522,703,1123,-420
107900001,44,203,-159
107900002,38,3,35
107900003,193,18,175
107900004,2,1,1
107900005,832,3,829
107900006,155,1,154
107900007,282,42,240
107900008,45,55,-10
107900009,139,4,135
107900010,18,1,17
107900012,234,25,209
107900013,246,53,193
107900014,18,3,15
107900015,543,10,533
107900016,552,146,406
107900017,11,2,9
107900018,72,109,-37
107900019,14,61,-47
107900020,55,8,47
107900021,82,226,-144
107900023,5,2,3
107900024,0,30,-30
107900025,196,414,-218
107900026,55,158,-103
107900027,38,57,-19
107900028,47,123,-76
107900030,249,25,224
107900031,63,304,-241
107900032,8,1,7
107900033,18,2,16
107900034,431,15,416
107900035,734,31,703
107900036,35,3,32
107900037,0,45,-45
107900038,171,141,30
107900039,25,141,-116
107900040,54,42,12
107900041,2,1,1
107900043,28,345,-317
107900044,7,0,7
107900045,95,23,72
107900046,128,116,12
107900047,23,57,-34
107900048,100,6,94
107900049,418,937,-519
107900050,116,473,-357
107900051,84,118,-34
107900052,24,14,10
107900053,43,148,-105
107900055,419,220,199
107900056,113,34,79
107900057,2,0,2
107900058,47,885,-838
107900060,20,68,-48
107900061,21,11,10
107900063,75,164,-89
107900064,356,78,278
107900065,146,19,127
107900066,21,15,6
107900067,0,0,0
107900068,304,216,88
107900069,82,1778,-1696
107900070,113,65,48
107900071,33,1149,-1116
107900072,72,256,-184
107900073,62,220,-158
107900074,983,184,799
107900076,127,63,64
107900077,22,1,21
107900079,9,10,-1
107900080,253,254,-1
107900081,17,106,-89
107900082,27,20,7
107900083,434,133,301
107900084,118,108,10
107900086,53,129,-76
107900087,554,94,460
107900088,36,29,7
107900089,360,1120,-760
107900090,607,2118,-1511
107900091,245,602,-357
107900093,92,87,5
107900095,3812,1850,1962
107900097,27,51,-24
107900098,51,134,-83
107900100,1152,1123,29
107900101,1369,218,1151
107900102,18,14,4
107900103,74,185,-111
107900104,182,6,176
107900105,1,776,-775
107900106,1,1573,-1572
107900107,1131,349,782
107900108,494,136,358
107900109,962,11,951
107900110,36,139,-103
107900111,5,1345,-1340
107900112,227,455,-228
107900113,177,182,-5
107900114,105,300,-195
107900115,4,61,-57
107900116,124,307,-183
107900117,389,508,-119
107900118,83,203,-120
107900119,99,140,-41
107900120,25,31,-6
107900121,3,127,-124
107900122,3,34,-31
107900123,3,25,-22
107900124,73,28,45
107900125,53,222,-169
107900126,10,42,-32
107900127,406,274,132
107900128,115,88,27
107900129,34,70,-36
107900130,51,26,25
107900131,610,193,417
107900132,143,605,-462
107900133,1,77,-76
107900134,19,31,-12
107900135,4,173,-169
107900136,45,33,12
107900137,130,128,2
107900138,28,37,-9
107900139,31,63,-32
107900141,35,44,-9
107900142,76,1478,-1402
107900143,46,43,3
107900144,4,217,-213
107900145,11,121,-110
107900146,24,185,-161
107900147,55,33,22
107900148,147,144,3
107900149,2221,288,1933
107900150,119,1238,-1119
107900151,26,126,-100
107900152,8,278,-270
107900153,247,355,-108
107900154,40,10,30
107900155,71,40,31
107900156,2,484,-482
107900157,51,112,-61
107900158,701,18,683
107900159,39,1546,-1507
107900160,99,214,-115
107900161,16,289,-273
107900162,1,41,-40
107900163,65,20,45
107900164,7,35,-28
107900165,13,62,-49
107900166,33,358,-325
107900167,26,6,20
107900168,30,50,-20
107900169,1,173,-172
107900171,9,2618,-2609
107900172,1,428,-427
107900173,20,266,-246
107900174,89,6,83
107900175,23,9,14
107900176,20,61,-41
107900177,0,37,-37
107900178,1,267,-266
107900179,16,169,-153
107900180,1370,466,904
107900181,258,520,-262
107900182,7,1953,-1946
107900183,31,468,-437
107900184,103,220,-117
107900185,91,2,89
107900186,23,54,-31
107900187,1,131,-130
107900188,1138,159,979
107900189,18,137,-119
107900190,156,78,78
107900191,53,201,-148
107900193,11,28,-17
107900194,219,8,211
107900195,5135,692,4443
107900196,53,69,-16
107900197,1069,287,782
107900199,3,1384,-1381
107900201,121,204,-83
107900203,54,90,-36
107900204,293,261,32
107900206,655,134,521
107900207,0,601,-601
107900208,6,875,-869
107900209,452,166,286
107900210,144,193,-49
107900213,322,376,-54
107900214,3,214,-211
107900215,145,303,-158
107900216,122,114,8
107900217,16,69,-53
107900218,18,1894,-1876
107900219,27,199,-172
107900220,221,227,-6
107900221,249,295,-46
107900223,80,783,-703
107900224,159,370,-211
107900225,13,1146,-1133
107900226,96,136,-40
107900227,132,549,-417
107900228,13,101,-88
107900229,5,312,-307
107900230,19,246,-227
107900231,10,280,-270
107900232,42,255,-213
107900233,1,172,-171
107900234,64,185,-121
107900235,27,77,-50
107900236,73,102,-29
107900237,131,443,-312
107900238,12,170,-158
107900239,1687,430,1257
107900240,19,217,-198
107900241,16,108,-92
107900242,31,481,-450
107900243,7,72,-65
107900244,353,3,350
107900245,662,87,575
107900246,143,8,135
107900248,199,610,-411
107900249,537,14,523
107900250,2,621,-619
107900251,82,1881,-1799
107900252,930,13,917
107900253,205,5,200
107900254,78,206,-128
107900255,425,77,348
107900256,823,461,362
107900257,87,102,-15
107900258,71,382,-311
107900259,113,1639,-1526
107900261,6,518,-512
107900262,42,217,-175
107900264,222,5,217
107900265,73,243,-170
107900267,157,32,125
107900268,57,16,41
107900269,0,6,-6
107900270,0,1,-1
107900271,0,9,-9
107900272,110,18,92
107900273,50,138,-88
107900274,44,0,44
107900275,16,0,16
107900276,0,79,-79
107900277,0,280,-280
107900278,245,447,-202
107900279,157,127,30
107900280,2115,2266,-151
107900281,5122,1922,3200
107900282,132,315,-183
107900283,1678,509,1169
107900284,301,881,-580
107900285,71,185,-114
107900286,167,133,34
107900287,172,249,-77
107900290,1,70,-69
107900291,488,13,475
107900292,92,347,-255
107900293,93,682,-589
107900295,63,160,-97
107900297,2,274,-272
107900298,847,1076,-229
107900299,4744,2102,2642
107900301,515,461,54
107900302,79,41,38
107900303,104,404,-300
107900304,194,588,-394
107900305,205,12,193
107900306,15,17,-2
107900307,38,291,-253
107900308,187,56,131
107900309,181,0,181
107900310,192,4,188
107900311,2,84,-82
107900312,63,0,63
107900313,5,97,-92
107900314,0,47,-47
107900315,1,33,-32
107900316,44,2,42
107900317,119,9,110
107900318,9,179,-170
107900319,4,304,-300
107900320,0,250,-250
107900321,160,3,157
107900322,6,218,-212
107900323,9,200,-191
107900324,225,0,225
107900325,134,2,132
107900326,332,518,-186
107900327,10,51,-41
107900328,132,3,129
107900329,199,39,160
107900330,8,721,-713
107900331,190,47,143
107900332,161,35,126
107900333,50,15,35
107900334,11,321,-310
107900335,52,79,-27
107900336,34,39,-5
107900337,1689,773,916
107900338,4,129,-125
107900339,1,29,-28
107900340,0,78,-78
107900341,47,0,47
107900342,97,148,-51
107900343,59,7,52
107900344,7,183,-176
107900345,152,32,120
107900346,26,2,24
107900347,42,3,39
107900348,4,5,-1
107900349,24,6,18
107900350,39,342,-303
107900351,3,353,-350
107900352,1,82,-81
107900353,11,10,1
107900354,13,82,-69
108000001,2969,4549,-1580
108000002,3093,4025,-932
108000003,3891,3018,873
108000004,20510,19911,599
108000005,7209,5237,1972
108000006,9533,9245,288
108000007,4882,4561,321
108000008,6881,7684,-803
108000009,3845,4357,-512
108000010,4316,6166,-1850
108000011,10515,12302,-1787
108000012,21188,20592,596
108000014,1115,852,263
108000015,634,382,252
108000016,258,782,-524
108000017,861,389,472
108000018,1558,662,896
108000019,1878,1020,858
108000020,1295,603,692
108000021,464,2122,-1658
108000022,606,2036,-1430
108000023,1257,236,1021
108000024,252,873,-621
108000025,259,275,-16
108000026,631,729,-98
108000027,625,878,-253
108000028,508,338,170
108000029,513,1241,-728
108000030,507,278,229
108000031,257,597,-340
108000032,1233,655,578
108000033,763,1738,-975
108000034,1494,529,965
108000035,1056,3075,-2019
108000036,429,1861,-1432
108000037,1497,462,1035
108000038,2235,536,1699
108000039,583,3440,-2857
108000040,1846,942,904
108000041,701,3534,-2833
108000042,222,281,-59
108000043,210,362,-152
108000044,324,176,148
108000045,338,696,-358
108000046,1160,346,814
108000047,456,1341,-885
108000048,139,426,-287
108000049,471,246,225
108000050,169,882,-713
108000051,286,123,163
108000052,313,888,-575
108000053,354,173,181
108000054,723,1445,-722
108000055,1285,467,818
108000056,1475,1539,-64
108000057,747,1050,-303
108000058,2369,3834,-1465
108000059,5006,2711,2295
108000060,205,712,-507
108000061,357,769,-412
108000062,560,540,20
108000063,410,747,-337
108000064,187,333,-146
108000065,752,769,-17
108000066,2207,994,1213
108000067,1931,576,1355
108000068,670,406,264
108000069,328,1405,-1077
108000070,1503,764,739
108000071,847,2109,-1262
108000072,1431,1210,221
108000073,1602,2260,-658
108000074,376,402,-26
108000075,389,1030,-641
108000076,719,675,44
108000077,866,852,14
108000078,1769,1697,72
108000079,1150,2280,-1130
108000080,863,575,288
108000081,584,2920,-2336
108000082,1246,2406,-1160
108000083,2034,992,1042
108000084,468,1639,-1171
108000085,609,532,77
108000086,980,998,-18
108000087,153,1860,-1707
108000088,1111,283,828
108000089,543,326,217
108000091,419,874,-455
108000092,176,127,49
108000093,228,1138,-910
108000094,774,184,590
108000095,217,729,-512
108000096,244,284,-40
108000097,184,773,-589
108000098,1135,1732,-597
108000099,821,378,443
108000100,112,570,-458
108000101,908,1294,-386
108000102,1694,3063,-1369
108000106,1042,1,1041
108000107,4,874,-870
108000108,728,67,661
108000109,10,1087,-1077
108000110,142,366,-224
108000111,248,1034,-786
108000112,76,176,-100
108000113,681,347,334
108000115,522,598,-76
108000117,854,449,405
108000118,873,1722,-849
108000119,863,610,253
108000120,188,926,-738
108000121,217,856,-639
108000122,502,424,78
108000123,502,358,144
108000124,220,643,-423
108000125,254,428,-174
108000126,136,680,-544
108000127,452,456,-4
108000128,606,769,-163
108000129,291,1554,-1263
108000130,294,379,-85
108000131,1142,507,635
108000132,2316,1718,598
108000133,731,589,142
108000134,757,683,74
108000135,1114,403,711
108000136,1154,1210,-56
108000137,354,558,-204
108000138,302,1377,-1075
108000139,256,444,-188
108000140,61,30,31
108000141,66,166,-100
108000142,39,205,-166
108000143,23,878,-855
108000144,314,89,225
108000145,38,79,-41
108000146,433,69,364
108000147,27,64,-37
108000148,549,97,452
108000149,30,50,-20
108000150,41,8,33
108000151,319,74,245
108000152,143,886,-743
108000153,406,185,221
108000154,63,31,32
108000155,32,21,11
108000156,954,767,187
108000157,118,849,-731
108000158,142,742,-600
108000159,1058,233,825
108000160,6755,1063,5692
108000161,5276,2107,3169
108000165,6,171,-165
108000172,5,225,-220
108000173,3238,1729,1509
108000175,444,140,304
108000178,475,473,2
108000179,274,690,-416
108000181,70,46,24
108000182,397,120,277
108000183,82,446,-364
108000184,1632,2215,-583
108000185,263,764,-501
108000186,258,728,-470
108000187,110,988,-878
108000188,407,267,140
108000189,3949,6330,-2381
108000190,42,140,-98
108000192,150,807,-657
108000193,1030,26,1004
108000194,52,33,19
108000195,5,1730,-1725
108000196,150,210,-60
108000198,890,450,440
108000199,1,204,-203
108000200,232,930,-698
108000203,139,1131,-992
108000204,69,26,43
108000205,341,682,-341
108000339,1711,427,1284
108000364,372,958,-586
108000365,98,397,-299
108000367,265,375,-110
108000368,15,66,-51
108000369,1934,211,1723
108000371,20,894,-874
108000372,574,14,560
108000373,155,209,-54
108000376,63,25,38
108000377,370,480,-110
108000378,9654,11259,-1605
108000379,29,273,-244
108000381,39,5,34
108000382,234,0,234
108000383,0,197,-197
108900001,167,1528,-1361
108900002,250,66,184
108900003,418,1364,-946
108900004,1763,396,1367
108900007,186,204,-18
108900008,63,132,-69
108900009,93,116,-23
108900010,163,189,-26
108900011,308,464,-156
108900012,300,549,-249
108900013,157,270,-113
108900014,8,70,-62
108900015,0,50,-50
108900016,1,287,-286
108900017,231,203,28
108900018,79,620,-541
108900019,50,1417,-1367
108900020,28,341,-313
108900021,130,261,-131
108900022,149,4,145
108900023,12,13,-1
108900024,24,152,-128
108900025,67,157,-90
108900026,14,113,-99
108900027,0,82,-82
108900028,78,505,-427
108900029,67,273,-206
108900030,0,147,-147
108900031,72,595,-523
108900032,10,344,-334
108900033,0,80,-80
108900034,1,333,-332
108900035,318,1733,-1415
108900038,0,500,-500
108900039,3,759,-756
108900040,2,146,-144
108900041,6592,3117,3475
108900042,21,422,-401
108900043,77,564,-487
108900044,3,922,-919
108900045,27,721,-694
108900046,68,1376,-1308
108900047,1,120,-119
108900048,87,1339,-1252
108900049,7144,1075,6069
108900050,0,310,-310
108900051,2,338,-336
108900052,19,279,-260
108900053,108,186,-78
108900054,78,271,-193
108900055,57,491,-434
108900056,0,225,-225
108900057,1,210,-209
108900058,20,481,-461
108900059,324,33,291
108900060,77,144,-67
108900061,88,53,35
108900062,3,420,-417
108900063,6,381,-375
108900064,158,100,58
108900065,10,430,-420
108900066,261,150,111
108900067,15,261,-246
108900068,9,317,-308
108900069,24,135,-111
108900070,36,197,-161
108900071,77,77,0
108900072,2973,454,2519
108900073,18,735,-717
108900074,129,638,-509
108900075,60,62,-2
108900076,198,67,131
108900077,162,803,-641
108900078,22,210,-188
108900079,996,319,677
108900080,25,817,-792
108900081,60,375,-315
108900082,37,155,-118
108900083,23,213,-190
108900085,3270,222,3048
108900086,104,364,-260
108900087,112,269,-157
108900088,984,310,674
108900089,24,149,-125
108900090,27,520,-493
108900091,115,186,-71
108900092,377,321,56
108900093,60,103,-43
108900094,203,123,80
108900095,57,649,-592
108900096,471,42,429
108900097,429,222,207
108900098,3764,577,3187
108900099,266,302,-36
108900100,62,192,-130
108900101,233,99,134
108900102,154,872,-718
108900103,78,87,-9
108900105,7,1001,-994
108900106,316,530,-214
108900108,361,77,284
108900109,369,56,313
108900110,167,532,-365
108900111,302,739,-437
108900113,60,71,-11
108900114,74,18,56
108900115,87,103,-16
108900116,45,11,34
108900117,160,11,149
108900118,444,15,429
108900119,214,51,163
108900120,214,189,25
108900121,328,90,238
108900122,82,33,49
108900123,91,95,-4
108900124,398,212,186
108900125,266,1,265
108900126,96,20,76
108900127,130,28,102
108900128,78,23,55
108900129,666,125,541
108900130,194,2,192
108900131,358,6,352
108900132,324,98,226
108900133,174,63,111
108900134,197,304,-107
108900135,91,17,74
108900136,19,0,19
108900137,108,0,108
108900138,585,27,558
108900140,268,301,-33
108900141,241,19,222
108900142,83,5,78
108900143,50,0,50
108900144,76,1,75
108900145,129,10,119
108900146,42,0,42
108900147,176,1,175
108900148,73,21,52
108900150,254,9,245
108900151,138,1,137
108900152,98,10,88
108900153,136,619,-483
108900154,4393,573,3820
108900156,52,12,40
108900157,10,697,-687
108900158,302,56,246
108900159,12,383,-371
108900160,9,311,-302
108900161,10,577,-567
108900162,65,4,61
108900163,3,202,-199
108900164,52,110,-58
108900168,12015,2606,9409
108900169,46,172,-126
108900171,9692,2460,7232
108900172,214,51,163
108900173,166,414,-248
108900174,671,667,4
108900176,137,849,-712
108900177,10097,3957,6140
108900178,6669,3018,3651
108900180,147,257,-110
108900183,235,235,0
108900184,437,174,263
108900185,56,369,-313
108900186,35,387,-352
108900189,338,124,214
108900190,32,4259,-4227
108900192,117,286,-169
108900195,82,356,-274
108900196,30,695,-665
108900199,220,376,-156
108900200,627,392,235
108900201,444,1615,-1171
108900203,444,70,374
108900204,313,30,283
108900205,216,49,167
108900206,350,41,309
108900207,214,68,146
108900208,29,456,-427
108900209,256,716,-460
108900210,197,278,-81
108900211,241,464,-223
108900212,938,1146,-208
108900215,109,777,-668
108900216,690,152,538
108900217,122,1,121
108900218,136,13,123
108900221,50,142,-92
108900224,23,157,-134
108900225,1,206,-205
108900227,115,257,-142
108900230,613,381,232
108900232,1,481,-480
108900233,392,73,319
108900234,200,99,101
108900235,270,716,-446
108900236,41,340,-299
108900240,115,79,36
108900241,33,45,-12
108900245,9,1260,-1251
108900250,218,158,60
108900258,7,324,-317
108900259,38,120,-82
108900260,19,165,-146
108900261,198,207,-9
108900262,270,205,65
108900263,52,291,-239
108900264,631,346,285
108900265,1662,312,1350
108900266,1997,538,1459
108900267,8,91,-83
108900268,30,3,27
108900269,67,11,56
108900270,51,7,44
108900271,28,9,19
108900272,171,8,163
108900273,1231,716,515
108900274,47,81,-34
109000001,5068,1522,3546
109000002,2968,1986,982
109000003,2678,756,1922
109000004,613,3479,-2866
109000005,2987,1063,1924
109000006,1079,2942,-1863
109000007,1387,1091,296
109000008,489,2373,-1884
109000009,3976,1709,2267
109000010,1721,5438,-3717
109000011,3397,2209,1188
109000012,2505,5374,-2869
109000013,3214,3100,114
109000014,1844,4952,-3108
109000015,3832,6871,-3039
109000016,13357,5876,7481
109000017,2210,1851,359
109000018,1258,4786,-3528
109000019,3893,1583,2310
109000020,1762,2893,-1131
109000023,274,49,225
109000024,10,246,-236
109000025,415,595,-180
109000026,1249,418,831
109000027,83,367,-284
109000028,142,80,62
109000029,140,268,-128
109000030,98,707,-609
109000031,241,150,91
109000032,180,536,-356
109000033,465,195,270
109000034,82,37,45
109000035,25,103,-78
109000036,93,373,-280
109000037,219,1060,-841
109000038,580,484,96
109000039,875,657,218
109000040,7024,6433,591
109000041,5993,1487,4506
109000042,1505,1377,128
109000044,572,78,494
109000045,208,612,-404
109000046,228,106,122
109000047,81,571,-490
109000048,1155,190,965
109000049,599,627,-28
109000050,395,299,96
109000051,517,371,146
109000052,476,2200,-1724
109000053,149,122,27
109000054,214,933,-719
109000055,299,261,38
109000056,271,684,-413
109000057,783,323,460
109000058,987,314,673
109000059,1021,1338,-317
109000060,473,314,159
109000061,1983,830,1153
109000062,151,268,-117
109000063,250,293,-43
109000064,150,227,-77
109000065,64,527,-463
109000066,322,150,172
109000067,46,431,-385
109000068,1619,10,1609
109000069,845,37,808
109000070,6,1234,-1228
109000071,367,93,274
109000072,121,355,-234
109000073,43,115,-72
109000074,30,286,-256
109000075,99,423,-324
109000076,129,253,-124
109000077,439,322,117
109000078,81,224,-143
109000079,181,284,-103
109000080,155,164,-9
109000081,149,731,-582
109000082,512,313,199
109000083,350,1058,-708
109000088,130,618,-488
109000089,221,83,138
109000090,209,557,-348
109000091,242,133,109
109000092,454,680,-226
109000093,228,173,55
109000094,358,2,356
109000095,136,686,-550
109000096,512,317,195
109000097,83,225,-142
109000098,73,154,-81
109000099,799,470,329
109000100,208,723,-515
109000101,1123,1051,72
109000102,316,991,-675
109000103,356,810,-454
109000104,1214,817,397
109000105,543,1714,-1171
109000106,1865,935,930
109000107,570,2508,-1938
109000108,1808,652,1156
109000109,422,2412,-1990
109000110,1554,619,935
109000111,1381,2714,-1333
109000112,409,197,212
109000113,463,239,224
109000114,140,460,-320
109000115,1641,166,1475
109000116,7,275,-268
109000117,126,143,-17
109000118,16,371,-355
109000119,927,638,289
109000120,176,1316,-1140
109000121,339,110,229
109000122,108,1196,-1088
109000123,23,112,-89
109000124,610,510,100
109000125,776,545,231
109000126,528,1024,-496
109000127,681,291,390
109000128,571,2609,-2038
109000129,1676,751,925
109000130,633,3563,-2930
109000131,784,506,278
109000132,751,2573,-1822
109000133,478,1383,-905
109000134,880,1760,-880
109000135,1365,1583,-218
109000136,288,439,-151
109000137,336,409,-73
109000138,538,482,56
109000139,409,520,-111
109000140,244,585,-341
109000141,410,556,-146
109000142,126,800,-674
109000143,111,108,3
109000145,126,440,-314
109000146,148,138,10
109000148,5074,1480,3594
109000149,58,68,-10
109000150,285,223,62
109000155,634,743,-109
109000156,1774,1002,772
109000158,103,277,-174
109000159,121,824,-703
109000160,1066,320,746
109000161,406,1773,-1367
109000162,1885,1062,823
109000163,1024,2396,-1372
109000164,1258,3433,-2175
109000165,1080,830,250
109000166,545,179,366
109000167,126,1202,-1076
109000170,59,81,-22
109000171,76,61,15
109000172,54,80,-26
109000173,51,109,-58
109000174,59,96,-37
109000175,55,179,-124
109000176,306,347,-41
109000177,35,214,-179
109000178,652,710,-58
109000179,9662,4404,5258
109000180,6640,3749,2891
109000181,14,65,-51
109000182,57,63,-6
109000183,48,54,-6
109000184,47,43,4
109000185,23,150,-127
109000188,630,3181,-2551
109000189,2613,1226,1387
109000190,500,625,-125
109000191,269,767,-498
109000192,346,283,63
109000193,157,560,-403
109000194,182,149,33
109000195,95,570,-475
109000196,300,141,159
109000197,158,611,-453
109000198,251,80,171
109000199,94,747,-653
109000206,239,62,177
109000207,119,59,60
109000208,111,97,14
109000209,190,204,-14
109000210,247,855,-608
109000211,481,597,-116
109000214,478,742,-264
109000215,263,100,163
109000216,408,192,216
109000217,218,82,136
109000218,241,173,68
109000221,533,1432,-899
109000222,894,272,622
109000223,255,283,-28
109000224,47,269,-222
109000225,61,67,-6
109000226,52,408,-356
109000227,841,1621,-780
109000228,1,449,-448
109000231,2,409,-407
109000232,297,542,-245
109000236,271,957,-686
109000241,2189,2692,-503
109000242,1762,2132,-370
109000293,22,72,-50
109000361,135,304,-169
109000364,171,894,-723
109000396,4,863,-859
109000397,480,13,467
109000399,206,848,-642
109000400,88,394,-306
109000403,103,556,-453
109000406,775,192,583
109000407,303,351,-48
109000408,2,1264,-1262
109000410,1105,264,841
109000411,181,56,125
109900001,108,25,83
109900002,655,19,636
109900003,209,1,208
109900004,742,277,465
109900005,12,6,6
109900006,289,351,-62
109900007,579,1015,-436
109900008,0,35,-35
109900009,109,791,-682
109900010,454,16,438
109900011,134,44,90
109900012,217,233,-16
109900013,371,171,200
109900014,384,70,314
109900015,511,230,281
109900016,128,42,86
109900017,141,186,-45
109900018,174,107,67
109900019,160,77,83
109900020,45,65,-20
109900021,25,27,-2
109900022,86,424,-338
109900023,10,4,6
109900024,16,1,15
109900025,7,90,-83
109900026,8,240,-232
109900027,32,57,-25
109900028,3311,921,2390
109900029,12,630,-618
109900030,43,4,39
109900031,0,92,-92
109900032,2,368,-366
109900033,3,788,-785
109900034,16,5,11
109900035,8,15,-7
109900036,16,119,-103
109900037,45,628,-583
109900038,32,408,-376
109900039,23,1,22
109900040,24,718,-694
109900041,89,563,-474
109900042,16,403,-387
109900044,68,358,-290
109900045,174,57,117
109900046,108,131,-23
109900047,415,512,-97
109900048,0,112,-112
109900049,19,31,-12
109900050,3,337,-334
109900051,0,42,-42
109900052,61,325,-264
109900053,1,555,-554
109900054,527,229,298
109900055,46,302,-256
109900056,34,234,-200
109900057,8,266,-258
109900058,1,143,-142
109900059,446,136,310
109900060,413,165,248
109900061,66,363,-297
109900062,0,317,-317
109900063,7,463,-456
109900064,492,386,106
109900065,158,146,12
109900066,319,1261,-942
109900067,5,490,-485
109900068,42,5,37
109900069,3,80,-77
109900070,43,400,-357
109900071,5,48,-43
109900072,22,205,-183
109900073,280,900,-620
109900074,11,58,-47
109900075,44,49,-5
109900076,42,658,-616
109900077,46,82,-36
109900078,92,299,-207
109900080,131,399,-268
109900081,17,139,-122
109900082,36,573,-537
109900083,18,73,-55
109900084,92,221,-129
109900085,277,1376,-1099
109900086,128,342,-214
109900087,403,483,-80
109900089,674,117,557
109900090,620,1688,-1068
109900091,263,109,154
109900092,430,12,418
109900093,670,134,536
109900094,81,100,-19
109900095,127,340,-213
109900096,42,3,39
109900097,64,5,59
109900098,356,33,323
109900099,122,0,122
109900100,66,3,63
109900101,282,6,276
109900102,338,23,315
109900103,25,56,-31
109900104,341,1277,-936
109900105,512,30,482
109900106,276,63,213
109900107,268,83,185
109900108,101,479,-378
109900109,30,229,-199
109900110,66,658,-592
109900111,341,1781,-1440
109900112,420,1320,-900
109900113,664,491,173
109900114,709,331,378
109900115,114,103,11
109900117,816,185,631
109900118,259,615,-356
109900119,683,330,353
109900120,68,20,48
109900121,517,349,168
109900122,389,5,384
109900123,14,216,-202
109900124,34,733,-699
109900125,2,226,-224
109900126,194,218,-24
109900128,205,84,121
109900130,15181,1977,13204
109900131,88,220,-132
109900132,65,292,-227
109900133,91,500,-409
109900134,51,90,-39
109900135,474,82,392
109900136,56,187,-131
109900137,89,519,-430
109900140,223,478,-255
109900142,973,429,544
109900145,6,299,-293
109900146,668,54,614
109900148,47,105,-58
109900149,40,78,-38
109900150,8,68,-60
109900151,5,49,-44
109900152,0,38,-38
109900153,0,39,-39
109900154,47,0,47
109900155,54,21,33
109900157,73,302,-229
109900158,63,158,-95
109900159,172,25,147
109900160,143,80,63
109900161,234,80,154
109900162,157,80,77
109900163,960,435,525
109900164,50,337,-287
109900165,171,4,167
109900166,2,161,-159
109900167,213,712,-499
109900168,200,744,-544
109900169,162,242,-80
109900170,373,834,-461
109900171,131,97,34
109900172,163,232,-69
109900173,5399,2244,3155
109900174,62,201,-139
109900175,88,66,22
109900176,101,298,-197
109900177,25,384,-359
109900178,6,100,-94
109900179,12,19,-7
109900180,8,16,-8
110000001,1254,828,426
110000002,977,745,232
110000003,1175,794,381
110000004,686,693,-7
110000005,701,1748,-1047
110000006,951,428,523
110000007,197,230,-33
110000008,23,64,-41
110000009,46,53,-7
110000010,66,65,1
110000011,36,144,-108
110000012,1007,665,342
110000013,37,532,-495
110000014,874,564,310
110000015,362,792,-430
110000016,400,1388,-988
110000017,4001,330,3671
110000018,4407,621,3786
110000019,10,188,-178
110000020,683,275,408
110000021,1262,515,747
110000022,933,193,740
110000023,9,249,-240
110000024,774,519,255
110000025,197,2,195
110000026,3,742,-739
110000027,920,491,429
110000028,952,910,42
110000029,545,1305,-760
110000030,288,400,-112
110000031,243,748,-505
110000032,808,544,264
110000033,280,76,204
110000034,345,771,-426
110000035,597,1178,-581
110000036,648,766,-118
110000037,187,680,-493
110000038,217,635,-418
110000039,779,2692,-1913
110000040,362,530,-168
110000041,255,1317,-1062
110000042,112,271,-159
110000043,505,315,190
110000044,83,89,-6
110000045,493,78,415
110000046,9,8,1
110000047,27,15,12
110000048,14,13,1
110000049,136,6,130
110000050,19,30,-11
110000051,153,7,146
110000052,48,25,23
110000053,460,6,454
110000054,143,254,-111
110000055,513,23,490
110000056,308,74,234
110000057,472,1103,-631
110000058,1033,731,302
110000059,938,642,296
110000060,907,1085,-178
110000061,993,992,1
110000062,797,951,-154
110000063,47,126,-79
110000064,85,153,-68
110000065,91,84,7
110000066,100,38,62
110000067,121,512,-391
110000068,167,704,-537
110000069,178,119,59
110000071,94,154,-60
110000073,2,40,-38
110000075,13,105,-92
110000076,304,419,-115
110000077,582,1358,-776
110000078,21,72,-51
110000080,399,792,-393
110000081,50,411,-361
110000082,43,455,-412
110000083,272,767,-495
110000084,1010,671,339
110000085,2745,1822,923
110000086,1251,1808,-557
110000087,11,73,-62
110000088,78,325,-247
110000089,202,201,1
110000090,86,445,-359
110000091,2455,431,2024
110000092,37,144,-107
110000093,78,10,68
110000094,676,275,401
110000095,220,692,-472
110000096,4183,2037,2146
110000097,1095,1414,-319
110000098,1994,781,1213
110000099,978,1921,-943
110000100,687,1024,-337
110000101,30,522,-492
110000102,55,71,-16
110000104,328,127,201
110000105,93,325,-232
110000106,618,366,252
110000107,533,526,7
110000108,195,37,158
110000109,325,366,-41
110000110,4688,4684,4
110000111,8923,2761,6162
110000112,1738,908,830
110000113,802,2246,-1444
110000114,143,611,-468
110000115,231,379,-148
110000116,47,51,-4
110000117,156,639,-483
110000118,361,376,-15
110000119,183,500,-317
110000120,310,293,17
110000121,156,363,-207
110000122,408,763,-355
110000123,503,632,-129
110000124,3,999,-996
110000125,942,1,941
110000126,286,26,260
110000127,1124,55,1069
110000128,41,1608,-1567
110000129,6,836,-830
110000130,355,171,184
110000131,86,562,-476
110000132,3,829,-826
110000133,73,446,-373
110000134,37,437,-400
110000135,207,31,176
110000136,86,383,-297
110000137,644,778,-134
110000138,670,1031,-361
110000139,818,2042,-1224
110000140,1353,762,591
110000143,940,462,478
110000144,5272,1636,3636
110000145,1440,905,535
110000146,1720,861,859
110000147,440,855,-415
110000148,432,405,27
110000151,1784,720,1064
110000152,1396,462,934
110000153,81,175,-94
110000154,1,18,-17
110000155,1481,3238,-1757
110000156,1071,2071,-1000
110000157,1297,1920,-623
110000160,344,508,-164
110000161,160,597,-437
110000166,303,121,182
110000167,827,776,51
110000168,853,499,354
110000169,704,439,265
110000170,111,79,32
110000171,634,229,405
110000172,187,1061,-874
110000173,1556,1654,-98
110000174,166,1914,-1748
110000175,472,126,346
110000176,53,321,-268
110000177,221,962,-741
110000178,542,1010,-468
110000179,1752,409,1343
110000180,112,388,-276
110000181,266,476,-210
110000182,314,358,-44
110000183,15747,6724,9023
110000184,1723,2586,-863
110000185,884,684,200
110000186,734,825,-91
110000191,603,349,254
110000192,317,8,309
110000193,622,11,611
110000194,18,1588,-1570
110000195,369,439,-70
110000196,208,539,-331
110000197,107,265,-158
110000198,113,100,13
110000199,115,162,-47
110000200,1337,588,749
110000201,680,703,-23
110000202,1175,499,676
110000203,818,1105,-287
110000204,2,423,-421
110000205,71,50,21
110000206,764,1877,-1113
110000207,583,313,270
110000208,143,120,23
110000209,167,1002,-835
110000210,757,869,-112
110000211,692,1022,-330
110000212,614,1278,-664
110000213,172,74,98
110000214,177,119,58
110000215,178,783,-605
110000216,94,888,-794
110000217,222,274,-52
110000218,165,683,-518
110000219,255,152,103
110000220,50,521,-471
110000221,277,84,193
110000222,49,448,-399
110000223,4,162,-158
110000224,107,28,79
110000225,224,713,-489
110000226,220,85,135
110000227,843,748,95
110000228,488,413,75
110000229,0,312,-312
110000230,582,718,-136
110000231,179,202,-23
110000232,188,208,-20
110000233,165,334,-169
110000234,520,449,71
110000235,1597,974,623
110000236,552,1016,-464
110000237,1916,1266,650
110000238,1164,1696,-532
110000239,1870,1338,532
110000240,0,95,-95
110000242,0,27,-27
110000243,70,198,-128
110000244,140,568,-428
110000245,52,591,-539
110000246,733,743,-10
110000247,1419,5923,-4504
110000248,2663,2201,462
110000249,127,8,119
110000250,41,325,-284
110000251,207,742,-535
110000252,187,279,-92
110000253,1191,729,462
110000254,660,1811,-1151
110000255,276,1447,-1171
110000256,618,219,399
110000257,908,461,447
110000258,8,572,-564
110000259,77,22,55
110000260,13,524,-511
110000263,568,164,404
110000264,185,694,-509
110000265,1196,2104,-908
110000266,1908,2686,-778
110000267,11,259,-248
110000268,271,601,-330
110000269,3,110,-107
110000270,53,3,50
110000271,2899,326,2573
110000272,1200,1075,125
110000273,3470,1510,1960
110000274,217,1255,-1038
110000275,3732,502,3230
110000276,207,258,-51
110000277,228,539,-311
110000278,254,1083,-829
110000279,831,735,96
110000280,436,423,13
110000281,29,251,-222
110000282,419,78,341
110000283,62,106,-44
110000284,87,77,10
110000285,5,281,-276
110000286,27,1,26
110000287,42,2,40
110000288,3,63,-60
110000289,649,1733,-1084
110000290,1499,664,835
110000291,8213,1771,6442
110000292,1486,4777,-3291
110000293,494,1133,-639
110000294,735,1064,-329
110000295,102,1164,-1062
110000296,255,318,-63
110000297,2889,396,2493
110000298,422,955,-533
110000299,747,66,681
110000301,291,30,261
110000302,406,1839,-1433
110000303,487,5,482
110000304,212,418,-206
110000305,988,17,971
110000306,147,2260,-2113
110000307,1491,7,1484
110000308,438,10,428
110000309,9,1381,-1372
110000310,674,119,555
110000311,19,1036,-1017
110000312,743,82,661
110000313,3508,3742,-234
110000314,1,452,-451
110000315,3717,2087,1630
110000316,652,1394,-742
110000317,767,310,457
110000318,14,129,-115
110000319,16,26,-10
110000320,68,84,-16
110000321,24,54,-30
110000322,224,615,-391
110000323,339,243,96
110000324,5652,1380,4272
110000325,2633,2839,-206
110000327,599,395,204
110000328,173,488,-315
110000333,1095,720,375
110000334,864,1614,-750
110000335,719,622,97
110000336,753,1274,-521
110000337,1604,633,971
110000338,364,233,131
110000339,251,295,-44
110000340,28,187,-159
110000341,586,623,-37
110000342,537,4,533
110000343,0,15,-15
110000344,141,231,-90
110000345,210,115,95
110000346,2659,1751,908
110000347,1171,774,397
110000348,32,45,-13
110000349,16,36,-20
110000350,31,10,21
110000351,743,993,-250
110000352,558,1770,-1212
110000353,4161,842,3319
110000354,1393,2803,-1410
110000355,95,124,-29
110000356,950,17,933
110000357,392,16,376
110000361,11,139,-128
110000362,51,55,-4
110000363,299,174,125
110000364,127,577,-450
110000365,209,2,207
110000366,0,138,-138
110000367,215,248,-33
110000368,3,79,-76
110000369,33,0,33
110000373,5,348,-343
110000374,134,12,122
110000375,260,1013,-753
110000376,24,106,-82
110000377,99,549,-450
110000378,38,398,-360
110000379,4367,1392,2975
110000380,66,12,54
110000383,0,1288,-1288
110000384,2883,1066,1817
110000385,0,176,-176
110000387,111,5,106
110000388,45,311,-266
110000389,771,78,693
110000391,401,353,48
110000396,111,145,-34
110000397,134,214,-80
110000398,8,70,-62
110000399,253,2,251
110000587,80,69,11
110000589,196,213,-17
110000640,171,169,2
110000652,42,129,-87
110000653,288,558,-270
110000654,47,52,-5
110000656,0,777,-777
110000674,38,16,22
110000675,19,13,6
110000676,4,48,-44
110000679,857,1182,-325
110000682,110,254,-144
110000683,517,677,-160
110000684,8,76,-68
110000685,21,8,13
110000686,9,24,-15
110000687,38,0,38
110000688,111,839,-728
110000689,62,88,-26
110000692,282,294,-12
110000693,452,245,207
110000694,0,205,-205
110000695,180,815,-635
110000696,183,175,8
110900001,417,11,406
110900002,654,383,271
110900003,569,1188,-619
110900004,321,312,9
110900005,5285,1950,3335
110900006,57,17,40
110900007,139,27,112
110900008,13,63,-50
110900009,418,100,318
110900010,18,102,-84
110900011,36,181,-145
110900012,16,117,-101
110900013,861,211,650
110900014,151,16,135
110900015,1301,579,722
110900016,38,199,-161
110900017,291,75,216
110900018,401,78,323
110900019,129,20,109
110900020,70,643,-573
110900021,96,731,-635
110900022,108,527,-419
110900023,107,849,-742
110900024,26,673,-647
110900025,25,67,-42
110900027,34,327,-293
110900028,61,242,-181
110900029,30,619,-589
110900030,38,432,-394
110900031,2,191,-189
110900032,0,144,-144
110900033,47,324,-277
110900035,49,751,-702
110900036,151,23,128
110900037,53,55,-2
110900038,1853,258,1595
110900039,9,305,-296
110900040,262,56,206
110900041,10,237,-227
110900042,134,103,31
110900043,5,205,-200
110900044,271,20,251
110900045,70,748,-678
110900046,144,430,-286
110900047,962,232,730
110900049,61,51,10
110900050,26,6,20
110900051,71,250,-179
110900052,3,262,-259
110900053,93,69,24
110900054,22,335,-313
110900055,44,0,44
110900056,60,155,-95
110900057,2,263,-261
110900058,178,376,-198
110900059,786,1004,-218
110900060,455,156,299
110900061,27,78,-51
110900062,137,434,-297
110900063,49,220,-171
110900064,9,0,9
110900065,628,209,419
110900066,5,133,-128
110900067,804,741,63
110900068,246,320,-74
110900069,7,37,-30
110900070,137,40,97
110900071,369,508,-139
110900073,1,44,-43
110900074,256,138,118
110900075,300,111,189
110900077,656,600,56
110900078,22,169,-147
110900079,3468,1033,2435
110900080,76,65,11
110900081,3,128,-125
110900082,109,344,-235
110900083,108,62,46
110900084,62,248,-186
110900085,58,489,-431
110900086,64,276,-212
110900087,272,70,202
110900088,21,0,21
110900090,36,37,-1
110900091,3,101,-98
110900093,358,85,273
110900095,49,47,2
110900097,23,38,-15
110900098,32,169,-137
110900099,46,860,-814
110900100,0,28,-28
110900102,45,23,22
110900105,893,563,330
110900108,16,125,-109
110900111,440,180,260
110900112,603,8,595
110900113,611,56,555
110900115,23,178,-155
110900116,576,3076,-2500
110900118,118,2332,-2214
110900119,6670,554,6116
110900120,13,201,-188
110900121,71,6,65
110900122,342,173,169
110900125,268,376,-108
110900127,931,1270,-339
110900128,558,469,89
110900129,373,612,-239
110900130,1484,618,866
110900131,135,39,96
110900132,274,60,214
110900133,77,366,-289
110900135,123,577,-454
110900136,292,25,267
110900138,0,0,0
110900139,55,0,55
110900140,0,0,0
110900141,908,140,768
110900142,65,362,-297
110900143,112,150,-38
110900144,7,807,-800
110900145,117,29,88
110900146,345,116,229
110900147,227,277,-50
110900148,3,306,-303
110900149,1,97,-96
110900150,36,18,18
110900151,0,115,-115
110900152,34,452,-418
110900153,140,38,102
111000001,823,682,141
111000002,1125,913,212
111000003,1793,1688,105
111000004,1270,1709,-439
111000005,1912,1743,169
111000006,1251,2227,-976
111000007,7059,4805,2254
111000008,5514,4373,1141
111000009,409,889,-480
111000010,887,335,552
111000011,453,1203,-750
111000012,891,449,442
111000013,459,1717,-1258
111000014,1270,931,339
111000017,167,783,-616
111000018,305,430,-125
111000020,2949,2731,218
111000021,126,212,-86
111000023,82,253,-171
111000025,9353,3562,5791
111000029,65,143,-78
111000030,46,118,-72
111000031,2211,1241,970
111000032,646,325,321
111000033,399,333,66
111000034,541,263,278
111000037,3894,2027,1867
111000038,3349,2516,833
111000039,2233,3380,-1147
111000040,2036,3831,-1795
111000041,1821,2198,-377
111000042,7866,3036,4830
111000043,2816,2869,-53
111000044,1607,1129,478
111000045,1384,1535,-151
111000046,1694,1973,-279
111000047,2721,3783,-1062
111000049,492,697,-205
111000050,2227,1714,513
111000051,556,1501,-945
111000052,697,2164,-1467
111000053,488,1477,-989
111000054,358,1538,-1180
111000055,1164,2611,-1447
111000056,144,755,-611
111000057,83,871,-788
111000058,328,170,158
111000059,347,338,9
111000060,3422,1127,2295
111000061,529,414,115
111000062,858,312,546
111000063,1885,1177,708
111000064,510,730,-220
111000065,1054,971,83
111000066,486,432,54
111000067,550,861,-311
111000068,509,1108,-599
111000069,1751,2055,-304
111000070,2999,1598,1401
111000071,350,1057,-707
111000072,1068,513,555
111000073,344,1058,-714
111000074,1493,1975,-482
111000075,1003,1107,-104
111000076,467,1064,-597
111000077,1114,1322,-208
111000078,2674,1363,1311
111000079,1605,1024,581
111000080,482,955,-473
111000081,2735,4188,-1453
111000082,657,1010,-353
111000084,738,538,200
111000085,1308,1979,-671
111000086,4932,1824,3108
111000087,758,1070,-312
111000088,9836,2508,7328
111000089,745,948,-203
111000090,1251,1474,-223
111000091,716,785,-69
111000092,1252,1234,18
111000093,617,944,-327
111000094,2096,1105,991
111000095,860,2378,-1518
111000096,2619,7405,-4786
111000097,7712,1574,6138
111000098,830,1798,-968
111000099,520,2919,-2399
111000100,369,2740,-2371
111000101,495,1003,-508
111000102,190,949,-759
111000104,411,280,131
111000107,121,1027,-906
111000109,514,305,209
111000110,1469,838,631
111000111,1680,571,1109
111000112,1657,562,1095
111000113,915,1187,-272
111000114,2669,3161,-492
111000115,9100,1681,7419
111000116,1081,1333,-252
111000117,713,1145,-432
111000118,1682,1328,354
111000119,954,1955,-1001
111000120,464,733,-269
111000121,274,698,-424
111000122,742,1322,-580
111000123,1120,3878,-2758
111000124,484,4167,-3683
111000125,251,2325,-2074
111000126,85,1283,-1198
111000127,751,234,517
111000128,1510,480,1030
111000129,2374,584,1790
111000130,1581,779,802
111000131,1243,645,598
111000132,995,628,367
111000133,139,183,-44
111000134,146,178,-32
111000135,35,181,-146
111000136,392,405,-13
111000138,9,24,-15
111000140,0,11,-11
111000141,164,377,-213
111000142,16,127,-111
111000143,9,99,-90
111000144,17,178,-161
111000145,1015,18,997
111000146,50,14,36
111000147,227,31,196
111000148,212,99,113
111000149,4,44,-40
111000150,13,20,-7
111000151,10,50,-40
111000153,724,793,-69
111000154,1100,287,813
111000155,123,254,-131
111000156,563,702,-139
111000157,208,988,-780
111000158,1026,843,183
111000159,3485,888,2597
111000160,290,498,-208
111000161,13,320,-307
111000162,63,244,-181
111000163,654,868,-214
111000164,1141,3302,-2161
111000165,1577,517,1060
111000166,1826,470,1356
111000167,195,606,-411
111000168,340,582,-242
111000169,400,638,-238
111000170,602,628,-26
111000171,540,1131,-591
111000172,123,921,-798
111000173,318,2033,-1715
111000174,151,903,-752
111000175,60,325,-265
111000176,220,246,-26
111000177,213,393,-180
111000178,1019,424,595
111000179,155,260,-105
111000180,198,521,-323
111000181,829,425,404
111000182,173,334,-161
111000183,355,491,-136
111000184,380,375,5
111000185,426,692,-266
111000186,398,420,-22
111000187,129,405,-276
111000188,191,556,-365
111000189,2059,771,1288
111000190,251,595,-344
111000191,207,576,-369
111000192,234,816,-582
111000193,632,517,115
111000194,73,564,-491
111000195,137,605,-468
111000196,45,395,-350
111000197,329,251,78
111000198,425,129,296
111000199,198,153,45
111000200,256,407,-151
111000201,371,282,89
111000202,222,239,-17
111000203,257,269,-12
111000204,570,829,-259
111000213,269,553,-284
111000214,1666,2868,-1202
111000215,1186,1910,-724
111000217,1469,1483,-14
111000218,1018,996,22
111000219,1118,813,305
111000220,3245,613,2632
111000221,1501,168,1333
111000224,109,764,-655
111000225,374,289,85
111000226,359,2,357
111000227,79,9,70
111000228,20,219,-199
111000229,26,546,-520
111000230,337,716,-379
111000231,862,1499,-637
111000232,366,894,-528
111000233,460,886,-426
111000234,91,292,-201
111000239,167,298,-131
111000240,56,195,-139
111000241,24,580,-556
111000242,155,130,25
111000243,102,978,-876
111000244,289,167,122
111000245,845,658,187
111000246,362,774,-412
111000247,155,1197,-1042
111000248,519,606,-87
111000249,461,999,-538
111000250,18,143,-125
111000251,33,149,-116
111000253,29,11,18
111000255,29,12,17
111000257,32,20,12
111000260,70,1373,-1303
111000261,962,130,832
111000271,79,411,-332
111000273,7057,2053,5004
111000274,1231,2120,-889
111000275,148,108,40
111000276,293,2504,-2211
111000277,230,505,-275
111000278,670,278,392
111000291,850,5382,-4532
111000298,466,350,116
111000299,939,154,785
111000300,106,808,-702
111000302,226,114,112
111000303,101,332,-231
111000312,57,72,-15
111000315,59,548,-489
111000320,366,626,-260
111000321,322,88,234
111000322,325,645,-320
111000323,150,45,105
111000324,357,334,23
111000325,60,96,-36
111000326,1000,480,520
111000327,414,894,-480
111000328,513,914,-401
111000329,1,23,-22
111000330,57,45,12
111000331,9,13,-4
111000332,1105,2860,-1755
111000334,386,2203,-1817
111000335,626,192,434
111000337,733,470,263
111000338,24,157,-133
111000339,364,648,-284
111000340,118,980,-862
111000341,973,516,457
111000342,333,405,-72
111000344,871,992,-121
111000345,220,41,179
111000346,31,136,-105
111000347,115,3,112
111000350,154,186,-32
111000351,88,279,-191
111000352,144,165,-21
111000353,103,297,-194
111000354,491,234,257
111000355,294,768,-474
111000358,118,2320,-2202
111000360,148,1072,-924
111000361,133,558,-425
111000546,478,965,-487
111000547,283,1025,-742
111000548,97,242,-145
111000549,267,606,-339
111000550,147,630,-483
111000551,706,267,439
111000552,2032,154,1878
111000907,687,15,672
111000908,26,2,24
111000916,1222,297,925
111000917,55,434,-379
111000918,153,1512,-1359
111000920,443,25,418
111000921,8,543,-535
111000922,337,407,-70
111000924,47,1412,-1365
111000925,2037,2477,-440
111000926,1021,4052,-3031
111000927,3067,5354,-2287
111000928,6358,5586,772
111000929,852,1296,-444
111000930,840,3384,-2544
111000931,1805,2364,-559
111000932,4830,2997,1833
111000933,3881,2060,1821
111000934,3040,3450,-410
111000935,1456,1133,323
111000936,1374,3008,-1634
111000937,964,1419,-455
111000938,2355,3168,-813
111000939,364,77,287
111000940,338,261,77
111000941,202,984,-782
111000943,308,306,2
111000944,191,678,-487
111000945,77,2682,-2605
111001109,682,332,350
111001110,268,751,-483
111001111,57,4,53
111001112,256,3,253
111001113,19,292,-273
111001114,1900,107,1793
111001115,185,332,-147
111001116,7251,3271,3980
111001117,760,1946,-1186
111001120,124,538,-414
111001121,221,462,-241
111001122,205,986,-781
111001123,177,259,-82
111001124,156,407,-251
111001125,2,51,-49
111001126,1,0,1
111001127,1,199,-198
111001128,794,1203,-409
111900001,2,412,-410
111900002,3,1178,-1175
111900003,4,527,-523
111900004,20,194,-174
111900006,12,34,-22
111900007,56,3,53
111900008,120,1,119
111900009,107,2,105
111900010,363,682,-319
111900012,85,154,-69
111900013,5,73,-68
111900014,8780,2774,6006
111900015,0,91,-91
111900016,0,168,-168
111900017,1,141,-140
111900018,113,3,110
111900019,3,74,-71
111900020,3,57,-54
111900021,42,94,-52
111900022,9,67,-58
111900023,107,56,51
111900024,18,67,-49
111900025,0,34,-34
111900026,0,122,-122
111900027,5,186,-181
111900028,2,519,-517
111900029,0,117,-117
111900030,60,581,-521
111900031,8,48,-40
111900032,2,486,-484
111900033,5,98,-93
111900034,397,1053,-656
111900035,51,295,-244
111900036,3,484,-481
111900038,298,950,-652
111900039,53,588,-535
111900040,10,806,-796
111900042,51,169,-118
111900043,7,496,-489
111900044,351,533,-182
111900046,63,303,-240
111900048,152,1165,-1013
111900049,49,329,-280
111900050,109,22,87
111900051,3,288,-285
111900052,530,645,-115
111900053,1893,861,1032
111900054,87,2,85
111900055,24,789,-765
111900056,393,207,186
111900057,69,83,-14
111900058,291,1004,-713
111900059,4720,554,4166
111900060,248,1,247
111900061,11,350,-339
111900062,28,47,-19
111900063,265,371,-106
111900064,185,437,-252
111900065,59,27,32
111900066,101,201,-100
111900067,1,457,-456
111900068,50,65,-15
111900069,61,28,33
111900070,122,155,-33
111900071,1,416,-415
111900072,38,9,29
111900073,480,96,384
111900074,14,317,-303
111900075,72,7,65
111900076,113,56,57
111900077,43,3,40
111900078,156,14,142
111900079,13,19,-6
111900080,289,254,35
111900082,116,17,99
111900083,81,9,72
111900084,54,0,54
111900085,19,96,-77
111900086,22,1,21
111900087,43,3,40
111900088,426,5,421
111900089,49,3,46
111900090,77,42,35
111900091,126,1,125
111900092,61,2,59
111900093,217,4,213
111900094,126,0,126
111900095,130,21,109
111900096,94,1,93
111900097,25,1,24
111900098,135,0,135
111900099,65,0,65
111900100,122,0,122
111900101,81,32,49
111900102,247,858,-611
111900103,87,69,18
111900104,211,75,136
111900105,395,211,184
111900106,1892,65,1827
111900110,3206,496,2710
111900111,109,249,-140
111900112,1087,1801,-714
111900113,356,89,267
111900118,313,48,265
111900119,297,120,177
111900122,67,31,36
111900123,4,28,-24
111900124,20,65,-45
111900125,404,29,375
111900126,219,2,217
111900127,2,805,-803
111900128,3,713,-710
111900129,258,28,230
111900130,139,15,124
111900131,362,1,361
111900132,33,1762,-1729
111900133,8,482,-474
111900134,20,421,-401
111900135,9,24,-15
111900136,45,152,-107
111900137,62,69,-7
111900138,16,99,-83
111900139,12,158,-146
111900140,69,31,38
111900141,65,12,53
111900142,76,54,22
111900143,18,244,-226
111900144,0,123,-123
111900145,2,605,-603
111900146,4,383,-379
111900147,178,552,-374
111900148,18,1037,-1019
111900149,5,436,-431
111900150,5,158,-153
111900151,10,24,-14
111900152,66,88,-22
111900153,1874,381,1493
111900154,5,171,-166
111900155,40,76,-36
111900156,20,63,-43
111900157,78,13,65
111900158,390,30,360
111900159,211,14,197
111900160,161,1,160
111900161,91,6,85
111900162,100,215,-115
111900163,57,427,-370
111900164,117,85,32
111901113,334,267,67
111901114,143,551,-408
111901115,85,0,85
111901116,28,2,26
111901117,19,26,-7
111901118,240,167,73
111901119,1827,119,1708
111901121,237,568,-331
111901122,9,811,-802
111901123,96,513,-417
111901124,116,5,111
111901125,278,366,-88
111901127,1414,327,1087
111901128,14,183,-169
111901129,10,266,-256
111901130,16,492,-476
111901131,12,260,-248
111901132,240,26,214
111901133,75,0,75
111901134,50,7,43
111901135,18,3,15
111901136,3,35,-32
111901138,164,59,105
111901139,37,57,-20
111901140,6,225,-219
111901141,13,508,-495
111901142,9,273,-264
111901143,2,179,-177
111901144,52,51,1
111901145,334,348,-14
111901146,531,24,507
111901147,1740,183,1557
111901148,25,59,-34
111901149,30,0,30
111901150,132,0,132
111901151,0,0,0
112000001,1783,1378,405
112000002,1175,2977,-1802
112000003,994,1369,-375
112000004,844,2029,-1185
112000005,2545,2721,-176
112000006,2245,2897,-652
112000007,2296,1704,592
112000008,2747,4869,-2122
112000009,5041,5491,-450
112000010,3047,3550,-503
112000011,2428,3177,-749
112000012,5135,2856,2279
112000013,6080,3556,2524
112000014,2899,900,1999
112000015,3520,2924,596
112000016,6033,986,5047
112000017,3033,1430,1603
112000024,2945,1047,1898
112000026,5702,6859,-1157
112000027,1224,649,575
112000028,2910,2205,705
112000029,439,837,-398
112000030,242,139,103
112000031,1898,4454,-2556
112000032,475,62,413
112000033,2105,1316,789
112000034,329,28,301
112000035,111,272,-161
112000036,1211,684,527
112000037,1256,807,449
112000038,1305,901,404
112000039,67,121,-54
112000040,149,299,-150
112000041,317,404,-87
112000042,1700,378,1322
112000050,1104,1708,-604
112000051,991,1236,-245
112000054,2754,3699,-945
112000057,596,516,80
112000058,502,686,-184
112000059,550,1074,-524
112000061,5362,2228,3134
112000062,2048,825,1223
112000063,2120,1910,210
112000064,5457,7814,-2357
112000065,2638,3335,-697
112000066,4324,1541,2783
112000067,933,805,128
112000068,3525,2322,1203
112000069,834,2327,-1493
112000070,2066,1001,1065
112000071,1066,3336,-2270
112000072,1721,1123,598
112000073,2560,2103,457
112000074,2225,1134,1091
112000075,1527,1464,63
112000076,3944,3360,584
112000077,389,798,-409
112000078,1537,717,820
112000079,1315,1465,-150
112000080,670,1017,-347
112000081,1391,1850,-459
112000082,1619,971,648
112000083,671,1727,-1056
112000084,1122,1032,90
112000085,1227,1604,-377
112000086,1660,1761,-101
112000087,271,595,-324
112000088,841,898,-57
112000089,337,608,-271
112000090,421,470,-49
112000091,702,1400,-698
112000092,1408,910,498
112000093,1920,1402,518
112000094,680,1109,-429
112000095,792,985,-193
112000096,575,1439,-864
112000097,1025,554,471
112000098,1060,1932,-872
112000099,787,1021,-234
112000100,1318,1115,203
112000101,652,1138,-486
112000102,788,903,-115
112000103,417,1397,-980
112000105,746,2773,-2027
112000106,1284,698,586
112000107,98,195,-97
112000108,276,2505,-2229
112000109,159,223,-64
112000110,1774,772,1002
112000111,1464,4150,-2686
112000112,3028,818,2210
112000113,1021,2261,-1240
112000114,2141,1347,794
112000115,331,745,-414
112000116,488,1420,-932
112000117,1190,1044,146
112000118,1305,1021,284
112000119,674,1130,-456
112000120,85,450,-365
112000121,91,827,-736
112000122,213,174,39
112000123,540,178,362
112000124,278,71,207
112000125,210,168,42
112000126,159,961,-802
112000127,2443,1988,455
112000128,914,784,130
112000129,136,163,-27
112000130,149,72,77
112000131,44,666,-622
112000132,110,367,-257
112000133,386,460,-74
112000134,454,450,4
112000135,793,918,-125
112000136,1222,1473,-251
112000137,1268,1811,-543
112000138,1539,1388,151
112000139,1290,471,819
112000140,1141,1297,-156
112000141,795,360,435
112000142,248,1095,-847
112000143,930,294,636
112000144,390,2176,-1786
112000145,1908,827,1081
112000146,738,2936,-2198
112000147,2093,1925,168
112000148,2009,2868,-859
112000149,339,1174,-835
112000150,211,874,-663
112000151,523,877,-354
112000152,286,536,-250
112000153,270,432,-162
112000154,94,215,-121
112000155,332,123,209
112000157,1497,625,872
112000158,298,1143,-845
112000159,346,292,54
112000167,479,56,423
112000169,1309,597,712
112000173,506,235,271
112000175,363,562,-199
112000176,4427,2524,1903
112000177,689,126,563
112000178,107,657,-550
112000179,195,227,-32
112000180,374,543,-169
112000181,1478,2256,-778
112000182,918,2416,-1498
112000183,57,87,-30
112000184,313,905,-592
112000185,432,765,-333
112000187,3251,2410,841
112000195,196,16,180
112000196,171,1,170
112000197,109,83,26
112000198,27,347,-320
112000199,1668,1158,510
112000202,329,1,328
112000216,73,262,-189
112000230,61,3,58
112000231,4,334,-330
112000256,72,203,-131
112000313,190,167,23
112000314,51,13,38
112000337,206,706,-500
112000352,425,379,46
112000392,2187,1803,384
112000398,1203,898,305
112000399,10847,3001,7846
112000400,2010,4996,-2986
112000401,3360,4008,-648
112000402,2312,2721,-409
112000403,5159,3129,2030
112000404,787,897,-110
112000405,1902,3705,-1803
112000406,6674,5031,1643
112000407,4938,7264,-2326
112000408,9360,9138,222
112000409,2479,7348,-4869
112000410,447,209,238
112000411,6875,1218,5657
112000412,1566,636,930
112000413,12712,4394,8318
112000414,87,202,-115
112000415,145,66,79
112000416,2170,1813,357
112000417,279,85,194
112000421,46,205,-159
112000422,378,834,-456
112000424,4316,2996,1320
112000425,468,2231,-1763
112000426,223,682,-459
112000427,0,20,-20
112000428,148,596,-448
112000429,3276,4315,-1039
112000430,4884,4528,356
112000431,85,153,-68
112000432,617,2972,-2355
112000433,653,1183,-530
112000437,73,324,-251
112900001,69,0,69
112900002,263,1460,-1197
112900003,41,529,-488
112900004,38,361,-323
112900005,161,330,-169
112900006,8,621,-613
112900007,32,314,-282
112900008,0,56,-56
112900009,345,104,241
112900010,273,947,-674
112900011,400,435,-35
112900012,0,58,-58
112900013,2,180,-178
112900014,1,386,-385
112900015,365,1263,-898
112900016,3,348,-345
112900017,22,263,-241
112900018,43,559,-516
112900019,82,247,-165
112900020,482,1863,-1381
112900021,1,402,-401
112900022,7,111,-104
112900023,1,319,-318
112900024,28,301,-273
112900025,80,412,-332
112900026,4,387,-383
112900027,11,1584,-1573
112900028,23,165,-142
112900029,12,1056,-1044
112900030,315,244,71
112900031,4,648,-644
112900032,146,383,-237
112900034,2,102,-100
112900035,10,571,-561
112900036,53,209,-156
112900037,341,165,176
112900038,465,204,261
112900039,28,420,-392
112900040,7,456,-449
112900041,2026,1273,753
112900042,48,525,-477
112900043,33,42,-9
112900044,1042,543,499
112900045,505,405,100
112900046,309,93,216
112900047,25,21,4
112900049,148,99,49
112900050,106,741,-635
112900051,317,853,-536
112900052,7,1621,-1614
112900053,519,133,386
112900054,348,58,290
112900055,160,32,128
112900056,441,216,225
112900057,32,905,-873
112900058,248,342,-94
112900059,202,169,33
112900060,10,344,-334
112900061,82,184,-102
112900062,79,164,-85
112900063,183,11,172
112900064,192,317,-125
112900065,40,24,16
112900066,132,122,10
112900067,650,207,443
112900068,34,40,-6
112900069,3303,700,2603
112900071,38,5,33
112900072,586,1348,-762
112900073,342,86,256
112900074,91,206,-115
112900075,2903,831,2072
112900076,150,18,132
112900078,317,356,-39
112900079,188,27,161
112900080,31,4,27
112900081,53,134,-81
112900082,472,26,446
112900083,87,63,24
112900084,265,118,147
112900086,38,2,36
112900087,547,129,418
112900088,65,19,46
112900089,640,26,614
112900090,38,11,27
112900091,194,8,186
112900092,195,264,-69
112900093,1041,17,1024
112900095,41,0,41
112900096,284,103,181
112900097,48,532,-484
112900098,100,0,100
112900099,609,13,596
112900100,54,1,53
112900101,212,3,209
112900102,123,15,108
112900103,165,0,165
112900104,212,1,211
112900105,17,0,17
112900106,414,87,327
112900107,2,2,0
112900108,89,1,88
112900109,95,0,95
112900110,766,4,762
112900111,526,3,523
112900112,259,2,257
112900113,1,14,-13
112900114,116,24,92
112900115,822,5,817
112900116,63,22,41
112900117,166,135,31
112900118,35,118,-83
112900119,206,2,204
112900120,945,357,588
112900121,462,261,201
112900122,26,213,-187
112900123,180,27,153
112900124,9,179,-170
112900125,65,476,-411
112900126,216,288,-72
112900127,319,70,249
112900128,513,990,-477
112900129,4,1258,-1254
112900130,261,68,193
112900131,48,388,-340
112900132,73,652,-579
112900133,29,1482,-1453
112900134,1,304,-303
112900135,69,48,21
112900137,2,937,-935
112900138,4,531,-527
112900139,273,1352,-1079
112900141,791,41,750
112900142,60,155,-95
112900143,50,732,-682
112900144,6,884,-878
112900145,76,593,-517
112900146,13,1956,-1943
112900147,4,2935,-2931
112900148,75,4,71
112900149,211,853,-642
112900151,29,77,-48
112900152,6525,1205,5320
112900153,2414,1876,538
112900154,1,173,-172
112900155,207,62,145
112900156,268,2110,-1842
112900157,289,320,-31
112900158,60,9,51
112900159,218,84,134
112900160,70,374,-304
112900161,122,31,91
112900162,38,29,9
112900163,188,52,136
112900164,65,154,-89
112900165,116,49,67
112900166,75,50,25
112900167,1,48,-47
112900168,0,1,-1
112900169,5,6,-1
112900170,59,126,-67
112900172,82,16,66
112900173,290,159,131
112900174,262,35,227
112900175,210,201,9
112900176,29,20,9
112900177,254,39,215
112900178,686,2320,-1634
112900179,67,706,-639
112900180,1815,2370,-555
112900181,475,8,467
112900182,39,1788,-1749
112900183,214,267,-53
112900184,805,560,245
112900185,322,577,-255
112900186,1803,1091,712
112900187,90,516,-426
112900188,782,354,428
112900189,9,20,-11
112900190,87,46,41
112900192,570,608,-38
112900193,1318,476,842
112900194,70,206,-136
112900195,1339,47,1292
112900196,305,785,-480
112900197,193,465,-272
112900199,428,825,-397
112900200,501,389,112
112900201,56,133,-77
112900202,308,1107,-799
112900203,131,450,-319
112900204,1141,551,590
112900205,3,10,-7
112900206,21,95,-74
112900207,3,1,2
112900208,84,230,-146
112900209,661,505,156
112900210,2,46,-44
112900211,126,27,99
112900212,0,144,-144
112900213,33,18,15
112900214,37,12,25
112900215,8,284,-276
112900216,35,81,-46
112900217,0,60,-60
112900218,28,40,-12
112900219,35,33,2
112900220,3,0,3
112900221,5,160,-155
112900222,0,33,-33
112900223,878,21,857
112900224,186,924,-738
112900225,305,727,-422
112900226,216,322,-106
112900227,349,1488,-1139
112900228,31,55,-24
112900229,133,49,84
112900230,9434,4166,5268
112900232,216,217,-1
112900233,96,253,-157
112900234,13,148,-135
112900235,112,30,82
112900236,244,15,229
112900237,141,554,-413
112900238,2,44,-42
112900239,1032,439,593
112900240,4,208,-204
112900241,18,344,-326
112900242,7,501,-494
112900243,3,324,-321
112900244,2,198,-196
112900245,2,46,-44
112900246,1,19,-18
112900247,151,48,103
112900248,19,3,16
112900249,39,9,30
112900250,57,35,22
112900251,65,18,47
112900252,39,23,16
112900253,39,7,32
112900254,14,13,1
112900255,1,35,-34
112900256,6,42,-36
112900257,12,26,-14
112900258,13,33,-20
113000001,6621,10267,-3646
113000002,4209,4820,-611
113000003,2337,4365,-2028
113000004,2425,4029,-1604
113000005,2648,1831,817
113000006,1819,2457,-638
113000007,2488,2113,375
113000008,2668,3066,-398
113000009,1410,1667,-257
113000010,1196,2446,-1250
113000011,1067,1683,-616
113000012,1507,1720,-213
113000013,1577,889,688
113000014,1685,1435,250
113000015,564,214,350
113000016,572,620,-48
113000017,38,273,-235
113000018,569,79,490
113000019,87,227,-140
113000020,174,25,149
113000021,4504,940,3564
113000022,1051,1629,-578
113000025,114,365,-251
113000026,674,452,222
113000027,3462,517,2945
113000028,1878,320,1558
113000029,1067,913,154
113000030,727,800,-73
113000031,426,455,-29
113000032,347,507,-160
113000033,324,611,-287
113000034,604,540,64
113000035,33,39,-6
113000036,36,50,-14
113000037,93,41,52
113000038,16,77,-61
113000039,93,1432,-1339
113000040,128,111,17
113000042,1484,780,704
113000051,854,3295,-2441
113000052,3165,2089,1076
113000053,475,948,-473
113000054,409,1270,-861
113000055,1450,1223,227
113000056,957,1925,-968
113000058,954,852,102
113000059,1428,867,561
113000060,229,590,-361
113000061,1267,1326,-59
113000062,1938,316,1622
113000063,111,518,-407
113000064,29,600,-571
113000065,182,1471,-1289
113000066,570,197,373
113000067,1656,1695,-39
113000068,407,2583,-2176
113000069,652,1901,-1249
113000070,1965,1210,755
113000071,410,953,-543
113000072,691,678,13
113000073,801,1506,-705
113000074,1161,726,435
113000075,2969,919,2050
113000076,2056,2250,-194
113000077,1678,737,941
113000078,1404,2992,-1588
113000079,965,962,3
113000080,943,966,-23
113000081,934,1182,-248
113000082,1511,907,604
113000083,608,1249,-641
113000084,2238,1442,796
113000085,873,970,-97
113000086,1552,1650,-98
113000087,1001,1171,-170
113000088,3651,1782,1869
113000089,1335,2077,-742
113000090,441,839,-398
113000091,775,485,290
113000094,1903,279,1624
113000095,569,1533,-964
113000096,351,1182,-831
113000097,1581,496,1085
113000098,161,63,98
113000099,1886,484,1402
113000100,230,625,-395
113000101,750,831,-81
113000102,886,544,342
113000103,3539,694,2845
113000104,581,5179,-4598
113000105,885,777,108
113000106,546,633,-87
113000107,1197,1611,-414
113000108,1357,2013,-656
113000109,1007,8938,-7931
113000110,1708,766,942
113000111,396,1733,-1337
113000112,472,694,-222
113000113,1746,661,1085
113000114,445,2448,-2003
113000116,855,288,567
113000117,1017,145,872
113000118,308,653,-345
113000119,344,396,-52
113000120,69,324,-255
113000121,716,990,-274
113000124,296,171,125
113000125,63,842,-779
113000127,4694,687,4007
113000128,541,647,-106
113000129,636,1583,-947
113000133,5490,1845,3645
113000134,12,1860,-1848
113000135,4039,4559,-520
113000137,2153,3178,-1025
113000139,449,238,211
113000140,165,340,-175
113000141,309,200,109
113000142,654,1074,-420
113000143,276,194,82
113000144,438,906,-468
113000145,68,206,-138
113000146,127,101,26
113000147,180,188,-8
113000148,112,173,-61
113000149,74,164,-90
113000150,646,641,5
113000151,129,120,9
113000152,45,207,-162
113000153,1975,663,1312
113000154,754,1852,-1098
113000155,385,663,-278
113000156,192,540,-348
113000157,384,1110,-726
113000158,679,313,366
113000159,711,908,-197
113000160,732,1607,-875
113000161,221,551,-330
113000162,540,537,3
113000163,101,127,-26
113000164,44,138,-94
113000166,140,113,27
113000167,35,232,-197
113000168,61,168,-107
113000169,186,105,81
113000170,196,162,34
113000171,56,142,-86
113000172,243,151,92
113000173,65,31,34
113000174,121,734,-613
113000175,424,256,168
113000176,497,234,263
113000177,196,635,-439
113000178,188,495,-307
113000179,365,233,132
113000180,949,2136,-1187
113000181,1449,1295,154
113000182,274,739,-465
113000183,325,709,-384
113000184,60,140,-80
113000189,537,1060,-523
113000190,1296,662,634
113000192,3873,1490,2383
113000193,9093,1301,7792
113000194,4503,850,3653
113000195,5015,709,4306
113000196,481,163,318
113000197,3382,1126,2256
113000198,70,393,-323
113000199,1392,533,859
113000201,2294,247,2047
113000202,5512,6397,-885
113000203,1000,427,573
113000204,3222,1654,1568
113000205,56,45,11
113000206,13,26,-13
113000207,112,14,98
113000208,30,36,-6
113000209,22,29,-7
113000210,7,28,-21
113000211,752,334,418
113000212,639,48,591
113000213,70,433,-363
113000214,285,611,-326
113000234,191,1854,-1663
113000410,183,247,-64
113000411,3177,6185,-3008
113000412,12624,3594,9030
113000413,5602,3684,1918
113000414,9739,14364,-4625
113000415,3331,4280,-949
113000416,11123,5775,5348
113000417,4212,4645,-433
113000418,4176,3788,388
113000419,1853,2430,-577
113000420,4194,5564,-1370
113000421,4542,7512,-2970
113000422,17630,13533,4097
113000423,3752,5262,-1510
113000424,5203,13785,-8582
113000425,23,165,-142
113000428,37,1,36
113000430,35,28,7
113000432,2661,186,2475
113000433,127,1217,-1090
113000434,30,279,-249
113000435,34,658,-624
113000436,116,2184,-2068
113000437,691,23,668
113000438,276,8,268
113000439,65,224,-159
113000440,146,40,106
113000441,180,476,-296
113000442,157,278,-121
113000443,182,617,-435
113000444,211,362,-151
113000445,105,273,-168
113000446,68,179,-111
113000448,575,312,263
113000449,554,2096,-1542
113000450,1800,9314,-7514
113000451,3063,323,2740
113000452,599,1143,-544
113000453,155,379,-224
113000454,4391,73,4318
113000455,167,156,11
113000456,4885,3039,1846
113000468,4000,369,3631
113000469,952,246,706
113000470,915,121,794
113000471,24,997,-973
113000472,172,386,-214
113000474,471,1068,-597
113000475,1898,2868,-970
113000476,1128,2164,-1036
113000477,2622,2632,-10
113000478,4957,8454,-3497
113000479,52,330,-278
113000485,0,0,0
113000486,1,0,1
113000487,0,1,-1
113000488,0,0,0
113000489,0,2,-2
113000490,0,2,-2
113000491,2,1,1
113000492,1,1,0
113000495,287,326,-39
113000496,140,296,-156
113000497,0,0,0
113000499,0,0,0
113900001,5,503,-498
113900002,4,368,-364
113900003,1,329,-328
113900004,4,149,-145
113900005,12,83,-71
113900006,5,82,-77
113900007,866,2,864
113900008,795,4,791
113900009,1357,32,1325
113900010,835,7,828
113900011,120,4,116
113900012,36,4,32
113900013,2344,44,2300
113900014,519,1,518
113900015,0,43,-43
113900016,39,0,39
113900017,8,66,-58
113900018,529,172,357
113900019,86,67,19
113900020,118,0,118
113900022,18,0,18
113900023,22,0,22
113900024,41,104,-63
113900025,403,24,379
113900026,52,1,51
113900027,5,135,-130
113900028,23,643,-620
113900029,71,353,-282
113900030,193,7,186
113900031,19,2,17
113900032,21,0,21
113900033,99,93,6
113900035,79,0,79
113900036,18,169,-151
113900037,112,761,-649
113900038,153,185,-32
113900039,110,17,93
113900040,9,4,5
113900041,2,1,1
113900042,133,56,77
113900043,300,163,137
113900044,299,190,109
113900045,113,7,106
113900046,230,737,-507
113900047,38,198,-160
113900048,306,80,226
113900049,1073,421,652
113900050,234,596,-362
113900051,304,519,-215
113900052,172,144,28
113900053,697,558,139
113900054,32,1,31
113900055,197,608,-411
113900056,89,277,-188
113900057,19,286,-267
113900058,92,328,-236
113900059,419,437,-18
113900060,144,307,-163
113900061,1034,199,835
113900062,160,15,145
113900063,106,231,-125
113900064,32,232,-200
113900065,506,18,488
113900066,330,562,-232
113900067,91,395,-304
113900068,508,523,-15
113900069,70,67,3
113900070,254,514,-260
113900071,123,151,-28
113900072,55,202,-147
113900073,500,554,-54
113900074,78,466,-388
113900075,1435,1293,142
113900076,191,19,172
113900077,41,260,-219
113900078,87,133,-46
113900079,0,74,-74
113900080,421,223,198
113900081,44,300,-256
113900082,154,369,-215
113900083,243,825,-582
113900084,427,123,304
113900085,51,393,-342
113900086,34,25,9
113900087,51,222,-171
113900088,68,90,-22
113900089,454,65,389
113900090,872,551,321
113900091,32,62,-30
113900092,52,122,-70
113900093,133,1223,-1090
113900094,320,507,-187
113900095,214,141,73
113900096,230,43,187
113900097,11,174,-163
113900098,668,101,567
113900099,0,170,-170
113900100,0,2,-2
113900101,24,67,-43
113900102,199,155,44
113900103,467,236,231
113900104,162,234,-72
113900105,66,496,-430
113900106,1,134,-133
113900107,5,30,-25
113900108,452,232,220
113900109,438,163,275
113900110,76,25,51
113900111,151,127,24
113900112,184,132,52
113900113,841,627,214
113900114,2,218,-216
113900115,0,159,-159
113900116,151,166,-15
113900117,208,47,161
113900118,305,318,-13
113900119,415,539,-124
113900120,79,41,38
113900121,47,101,-54
113900122,426,1910,-1484
113900123,535,339,196
113900124,3,98,-95
113900125,2107,200,1907
113900126,199,80,119
113900127,226,694,-468
113900128,198,82,116
113900129,23,110,-87
113900130,1,14,-13
113900131,192,101,91
113900132,151,55,96
113900133,11,44,-33
113900135,496,792,-296
113900136,105,89,16
113900137,573,360,213
113900138,87,207,-120
113900139,668,151,517
113900140,356,312,44
113900141,495,794,-299
113900142,166,109,57
113900143,3,23,-20
113900144,407,189,218
113900145,576,319,257
113900146,123,89,34
113900148,291,359,-68
113900149,209,139,70
113900150,1165,838,327
113900151,349,310,39
113900152,32,65,-33
113900153,482,670,-188
113900154,5,109,-104
113900155,199,143,56
113900156,299,758,-459
113900157,45,314,-269
113900158,456,307,149
113900159,25,305,-280
113900160,545,904,-359
113900161,92,324,-232
113900162,623,629,-6
113900163,370,401,-31
113900164,341,70,271
113900165,882,667,215
113900166,194,153,41
113900167,232,38,194
113900168,197,120,77
113900169,276,488,-212
113900171,129,84,45
113900172,13,278,-265
113900173,61,964,-903
113900174,604,850,-246
113900175,362,121,241
113900176,234,743,-509
113900177,509,250,259
113900178,399,124,275
113900179,27,934,-907
113900180,181,105,76
113900181,891,130,761
113900182,737,1099,-362
113900183,111,77,34
113900184,15,726,-711
113900185,299,86,213
113900186,24,57,-33
113900187,51,213,-162
113900188,67,179,-112
113900189,313,111,202
113900190,472,185,287
113900191,161,238,-77
113900192,16,421,-405
113900193,27,349,-322
113900194,2770,1422,1348
113900195,480,623,-143
113900196,5,140,-135
113900197,1,403,-402
113900198,30,156,-126
113900199,206,961,-755
113900200,10,349,-339
113900201,1,311,-310
113900202,61,462,-401
113900203,1,188,-187
113900204,56,739,-683
113900205,10,258,-248
113900206,8,176,-168
113900207,1,46,-45
113900208,2,57,-55
113900209,0,93,-93
113900210,850,926,-76
113900211,214,79,135
113900212,152,729,-577
113900214,537,546,-9
113900215,105,178,-73
113900216,111,1381,-1270
113900217,51,329,-278
113900218,159,62,97
113900219,176,682,-506
113900220,334,171,163
113900221,503,190,313
113900222,388,542,-154
113900223,134,1250,-1116
113900224,150,92,58
113900225,813,296,517
113900226,396,177,219
113900227,402,247,155
113900228,382,514,-132
113900229,82,790,-708
113900230,5848,3727,2121
113900231,199,311,-112
113900232,81,137,-56
113900233,100,93,7
113900234,429,738,-309
113900235,62,38,24
113900236,131,572,-441
113900237,184,6,178
113900238,417,613,-196
113900239,249,97,152
113900240,6,126,-120
113900241,179,85,94
113900242,58,234,-176
113900243,139,622,-483
113900244,584,305,279
113900245,1668,303,1365
113900246,29,19,10
113900247,208,357,-149
113900248,4196,2128,2068
113900249,1752,472,1280
113900250,76,219,-143
113900251,613,325,288
113900252,495,15,480
113900253,718,63,655
113900254,816,183,633
113900255,338,18,320
113900256,492,37,455
113900257,37,1038,-1001
113900258,15,712,-697
113900259,427,296,131
113900260,181,19,162
113900261,18,107,-89
113900262,146,834,-688
113900263,235,829,-594
113900264,13,687,-674
113900265,199,309,-110
113900266,41,265,-224
113900267,163,622,-459
113900268,361,463,-102
113900269,72,208,-136
113900270,460,507,-47
113900271,641,1426,-785
113900273,96,8,88
113900274,122,23,99
113900275,31,67,-36
113900276,5,345,-340
113900277,133,9,124
113900278,254,258,-4
113900279,128,128,0
113900280,1533,626,907
113900281,665,1493,-828
113900282,971,608,363
113900283,497,631,-134
113900284,869,219,650
113900285,109,27,82
113900286,11,160,-149
113900287,36,120,-84
113900288,0,154,-154
113900289,1560,166,1394
113900290,531,165,366
113900291,114,228,-114
113900292,10,16,-6
113900293,1,356,-355
113900294,464,26,438
113900295,497,469,28
113900296,3201,462,2739
113900297,1619,58,1561
113900298,16,1989,-1973
113900299,62,305,-243
113900300,7501,3848,3653
113900301,1533,517,1016
113900302,3348,1382,1966
113900303,690,319,371
113900304,0,185,-185
113900305,96,0,96
113900306,33,0,33
113900307,117,0,117
113900308,73,138,-65
113900309,5,1053,-1048
113900310,1,23,-22
113900311,4,0,4
113900312,226,215,11
113900313,23,16,7
113900314,0,59,-59
113900315,57,7,50
114000001,1190,4995,-3805
114000002,236,662,-426
114000003,204,1466,-1262
114000004,360,461,-101
114000005,221,336,-115
114000006,3447,2856,591
114000007,822,1789,-967
114000008,1975,1687,288
114000009,726,288,438
114000011,2959,4869,-1910
114000012,2244,3911,-1667
114000013,1752,2921,-1169
114000014,576,738,-162
114000015,1550,765,785
114000016,208,496,-288
114000017,201,305,-104
114000018,684,75,609
114000026,1439,2226,-787
114000027,2801,2826,-25
114000028,2838,3393,-555
114000038,269,141,128
114000039,216,414,-198
114000040,102,237,-135
114000042,274,293,-19
114000043,408,353,55
114000044,228,253,-25
114000045,48,107,-59
114000046,3323,6397,-3074
114000047,37,75,-38
114000048,260,216,44
114000049,1824,1827,-3
114000050,1931,2451,-520
114000051,3421,2059,1362
114000052,3714,1412,2302
114000053,82,564,-482
114000054,163,1600,-1437
114000055,309,27,282
114000056,1482,758,724
114000057,13851,2907,10944
114000058,758,1498,-740
114000059,383,362,21
114000060,1041,1063,-22
114000061,5133,2513,2620
114000062,2871,1342,1529
114000063,3772,2014,1758
114000064,7909,4053,3856
114000065,2272,3056,-784
114000066,423,839,-416
114000067,38,773,-735
114000068,519,688,-169
114000069,1410,585,825
114000070,3050,2065,985
114000071,752,654,98
114000072,332,654,-322
114000073,22,104,-82
114000074,32,30,2
114000075,67,253,-186
114000076,30,221,-191
114000077,14,73,-59
114000078,204,890,-686
114000079,84,47,37
114000080,86,113,-27
114000081,87,95,-8
114000082,57,761,-704
114000083,73,360,-287
114000084,289,124,165
114000085,109,1107,-998
114000086,266,797,-531
114000087,70,296,-226
114000088,53,98,-45
114000089,2548,633,1915
114000090,923,778,145
114000091,2630,777,1853
114000092,1271,506,765
114000093,1099,852,247
114000094,554,612,-58
114000095,285,137,148
114000096,135,400,-265
114000097,184,698,-514
114000098,529,106,423
114000099,452,1261,-809
114000100,1151,1134,17
114000101,414,1065,-651
114000102,538,406,132
114000103,162,798,-636
114000104,9,623,-614
114000105,132,67,65
114000106,1763,871,892
114000107,248,127,121
114000108,6231,1851,4380
114000109,512,1250,-738
114000110,641,2620,-1979
114000111,1481,761,720
114000112,476,3732,-3256
114000113,1311,494,817
114000114,1356,2659,-1303
114000115,2448,1023,1425
114000116,654,1443,-789
114000117,2344,458,1886
114000118,2147,505,1642
114000119,1652,536,1116
114000120,766,1084,-318
114000121,597,769,-172
114000122,419,350,69
114000123,1545,349,1196
114000124,1473,341,1132
114000125,910,2225,-1315
114000126,1330,299,1031
114000127,177,272,-95
114000128,1009,724,285
114000130,626,620,6
114000131,185,66,119
114000132,641,895,-254
114000133,1005,1840,-835
114000134,52,144,-92
114000138,90,222,-132
114000139,619,227,392
114000144,791,549,242
114000145,111,183,-72
114000146,116,421,-305
114000147,1241,1752,-511
114000148,3204,2177,1027
114000149,326,261,65
114000150,2741,1687,1054
114000151,3738,1746,1992
114000152,263,28,235
114000153,1812,2488,-676
114000154,1520,1387,133
114000155,1610,2892,-1282
114000156,1598,641,957
114000157,486,1422,-936
114000158,3150,929,2221
114000159,231,550,-319
114000160,111,271,-160
114000161,2596,2604,-8
114000162,1129,2124,-995
114000163,11,182,-171
114000165,662,309,353
114000166,1120,351,769
114000167,6711,1519,5192
114000168,913,767,146
114000169,2912,1096,1816
114000170,1558,1048,510
114000171,895,2975,-2080
114000174,277,579,-302
114000176,1062,459,603
114000177,3110,915,2195
114000178,49,93,-44
114000179,1666,1200,466
114000180,689,820,-131
114000181,1896,3592,-1696
114000182,8289,2971,5318
114000183,1189,1395,-206
114000184,8817,1708,7109
114000185,1189,1140,49
114000189,573,96,477
114000190,1985,286,1699
114000191,43,48,-5
114000192,431,2276,-1845
114000193,837,3936,-3099
114000194,1484,1393,91
114000195,155,22,133
114000196,1,416,-415
114000197,944,61,883
114000198,1654,489,1165
114000199,2895,1624,1271
114000200,730,2698,-1968
114000201,365,1323,-958
114000202,1473,921,552
114000203,674,1305,-631
114000204,131,713,-582
114000205,294,2243,-1949
114000206,614,1625,-1011
114000207,869,2617,-1748
114000208,649,4133,-3484
114000209,784,4179,-3395
114000210,440,2214,-1774
114000211,1214,1903,-689
114000212,825,1039,-214
114000213,1531,922,609
114000214,131,287,-156
114000215,204,99,105
114000216,1420,516,904
114000217,223,477,-254
114000218,157,368,-211
114000219,1310,287,1023
114000220,43,2002,-1959
114000221,645,201,444
114000222,267,1882,-1615
114000223,420,124,296
114000224,112,1127,-1015
114000225,287,697,-410
114000226,97,348,-251
114000227,840,563,277
114000228,957,1420,-463
114000229,1094,1555,-461
114000230,1843,1878,-35
114000231,1044,1665,-621
114000232,599,172,427
114000233,2118,145,1973
114000234,1335,1243,92
114000235,1123,2037,-914
114000236,0,624,-624
114000237,118,1234,-1116
114000238,124,313,-189
114000239,253,1644,-1391
114000240,663,749,-86
114000241,348,1575,-1227
114000242,1211,1535,-324
114000243,1867,1133,734
114000244,939,392,547
114000245,460,802,-342
114000246,231,50,181
114000247,853,855,-2
114000248,1069,813,256
114000249,640,772,-132
114000250,522,814,-292
114000251,334,426,-92
114000252,91,126,-35
114000253,64,370,-306
114000254,30,112,-82
114000255,1243,291,952
114000256,3153,1518,1635
114000257,1040,2169,-1129
114000258,297,487,-190
114000259,57,311,-254
114000260,0,29,-29
114000261,61,45,16
114000262,92,222,-130
114000263,30,1,29
114000264,892,710,182
114000265,0,0,0
114000267,14,2267,-2253
114000268,8,2081,-2073
114000270,214,3,211
114000271,646,71,575
114000283,871,450,421
114000285,54,336,-282
114000288,83,414,-331
114000289,1491,361,1130
114000293,125,617,-492
114000294,141,295,-154
114000395,1979,124,1855
114000396,393,502,-109
114000402,431,433,-2
114000403,404,813,-409
114000405,90,726,-636
114000423,239,554,-315
114000424,240,194,46
114000425,492,629,-137
114000426,331,939,-608
114000427,110,147,-37
114000428,360,122,238
114000429,21,316,-295
114000432,159,175,-16
114000434,42,135,-93
114000435,1,205,-204
114900001,556,1975,-1419
114900002,455,86,369
114900003,462,2798,-2336
114900004,240,353,-113
114900005,488,1219,-731
114900006,80,44,36
114900007,170,19,151
114900008,165,121,44
114900010,3171,2391,780
114900011,167,133,34
114900013,187,166,21
114900018,1297,109,1188
114900020,271,90,181
114900022,5,1499,-1494
114900025,332,365,-33
114900026,104,98,6
114900029,125,48,77
114900030,294,305,-11
114900031,347,57,290
114900032,246,36,210
114900034,79,263,-184
114900035,199,447,-248
114900036,383,1204,-821
114900039,463,747,-284
114900040,82,376,-294
114900041,537,693,-156
114900042,706,1001,-295
114900044,140,32,108
114900047,280,1662,-1382
114900048,98,509,-411
114900049,50,473,-423
114900050,35,976,-941
114900051,37,553,-516
114900052,48,264,-216
114900053,95,394,-299
114900054,30,156,-126
114900057,199,10,189
114900058,0,113,-113
114900059,96,58,38
114900063,73,269,-196
114900064,1059,737,322
114900065,390,803,-413
114900067,52,427,-375
114900068,118,471,-353
114900069,301,248,53
114900070,447,852,-405
114900072,8,360,-352
114900073,1,243,-242
114900074,495,1238,-743
114900075,160,7,153
114900076,9,333,-324
114900080,4187,554,3633
114900082,5089,2124,2965
114900083,1460,1284,176
114900090,240,284,-44
114900091,199,297,-98
114900097,118,0,118
114900098,7,303,-296
114900099,242,4,238
115000001,11951,7089,4862
115000002,4989,4832,157
115000003,6109,5322,787
115000004,4363,6769,-2406
115000005,2617,3768,-1151
115000006,1243,2292,-1049
115000007,193,272,-79
115000008,724,659,65
115000009,331,647,-316
115000010,562,173,389
115000013,194,312,-118
115000015,128,623,-495
115000016,84,210,-126
115000019,47,650,-603
115000020,253,625,-372
115000021,319,641,-322
115000022,543,417,126
115000023,431,617,-186
115000024,1443,653,790
115000025,984,739,245
115000026,139,513,-374
115000027,254,328,-74
115000028,222,976,-754
115000029,633,157,476
115000030,626,1195,-569
115000031,1270,251,1019
115000032,15,379,-364
115000033,216,38,178
115000034,176,1233,-1057
115000035,1169,67,1102
115000036,0,467,-467
115000037,580,14,566
115000038,43,243,-200
115000039,4543,3251,1292
115000040,8196,4921,3275
115000041,1609,3279,-1670
115000042,983,964,19
115000043,3864,2645,1219
115000044,3808,5644,-1836
115000045,3385,3519,-134
115000046,2162,3572,-1410
115000047,1731,2677,-946
115000048,1580,3774,-2194
115000049,1755,4515,-2760
115000050,3537,2656,881
115000051,2785,2994,-209
115000052,4494,2449,2045
115000053,1635,1864,-229
115000054,816,1919,-1103
115000055,180,671,-491
115000056,295,365,-70
115000057,746,615,131
115000058,182,169,13
115000059,175,117,58
115000061,352,133,219
115000062,341,461,-120
115000063,250,442,-192
115000064,271,185,86
115000065,240,462,-222
115000067,296,58,238
115000069,78,460,-382
115000070,35,1096,-1061
115000071,182,16,166
115000072,23,100,-77
115000073,1878,67,1811
115000075,104,111,-7
115000076,6156,4509,1647
115000077,1867,4218,-2351
115000078,1063,2383,-1320
115000079,1208,2986,-1778
115000080,2414,3524,-1110
115000081,526,1116,-590
115000082,3780,4287,-507
115000083,2121,3364,-1243
115000084,1796,1597,199
115000085,763,1239,-476
115000086,1098,1437,-339
115000087,579,1902,-1323
115000088,2241,937,1304
115000089,1838,1684,154
115000090,1030,1152,-122
115000091,510,1577,-1067
115000092,432,466,-34
115000093,602,1,601
115000094,11603,6165,5438
115000095,8847,5657,3190
115000096,724,2968,-2244
115000097,769,1091,-322
115000098,893,1039,-146
115000099,2253,4680,-2427
115000100,1035,866,169
115000101,559,2003,-1444
115000102,545,315,230
115000103,416,1003,-587
115000105,50,255,-205
115000106,482,379,103
115000107,165,857,-692
115000108,5085,3125,1960
115000109,7571,3946,3625
115000110,1520,1338,182
115000111,757,2258,-1501
115000112,658,643,15
115000113,610,1109,-499
115000114,1765,910,855
115000116,4539,2210,2329
115000117,4568,2968,1600
115000118,2185,1887,298
115000119,2222,2505,-283
115000120,752,1269,-517
115000121,1732,1084,648
115000122,3889,2656,1233
115000123,1900,2009,-109
115000124,1238,1284,-46
115000125,633,664,-31
115000126,294,309,-15
115000127,619,159,460
115000128,1521,978,543
115000129,409,446,-37
115000130,468,1385,-917
115000131,810,430,380
115000132,166,730,-564
115000133,602,470,132
115000134,229,317,-88
115000135,316,296,20
115000136,351,265,86
115000137,229,184,45
115000138,266,371,-105
115000139,362,303,59
115000140,260,310,-50
115000141,216,326,-110
115000142,190,328,-138
115000143,539,711,-172
115000144,607,158,449
115000145,455,508,-53
115000146,633,328,305
115000147,1060,591,469
115000148,457,1918,-1461
115000149,857,319,538
115000150,777,1635,-858
115000151,949,618,331
115000152,768,2035,-1267
115000153,1708,647,1061
115000154,875,451,424
115000155,854,1593,-739
115000156,2532,807,1725
115000157,1481,1202,279
115000158,868,487,381
115000159,1667,521,1146
115000160,791,336,455
115000161,195,729,-534
115000162,969,862,107
115000163,803,684,119
115000164,840,688,152
115000165,540,524,16
115000167,414,153,261
115000168,1549,451,1098
115000169,1432,355,1077
115000170,344,143,201
115000171,731,273,458
115000172,2392,676,1716
115000173,647,592,55
115000174,258,360,-102
115000175,422,104,318
115000176,244,78,166
115000177,174,80,94
115000178,45,327,-282
115000179,38,41,-3
115000180,137,925,-788
115000181,631,217,414
115000182,603,471,132
115000183,228,1397,-1169
115000186,762,324,438
115000187,177,1126,-949
115000188,456,821,-365
115000189,385,608,-223
115000190,1058,613,445
115000191,314,696,-382
115000194,241,179,62
115000195,338,522,-184
115000196,119,174,-55
115000197,192,468,-276
115000198,186,326,-140
115000199,310,337,-27
115000200,328,182,146
115000201,303,530,-227
115000206,392,94,298
115000207,128,394,-266
115000208,667,846,-179
115000209,613,256,357
115000210,98,134,-36
115000211,277,277,0
115000212,3014,283,2731
115000224,508,107,401
115000225,40,85,-45
115000229,274,266,8
115000230,63,603,-540
115000231,355,3166,-2811
115000232,1739,445,1294
115000233,315,209,106
115000234,41,308,-267
115000241,62,412,-350
115000242,80,444,-364
115000243,66,306,-240
115000244,11,106,-95
115000246,76,21,55
115000247,65,22,43
115000248,35,17,18
115000249,52,19,33
115000250,738,75,663
115000251,236,191,45
115000252,74,264,-190
115000253,27,515,-488
115000258,309,369,-60
115000259,436,197,239
115000261,20,78,-58
115000262,20,32,-12
115000263,16,88,-72
115000264,10,96,-86
115000267,76,91,-15
115000268,50,159,-109
115000269,133,81,52
115000270,8,34,-26
115000272,56,225,-169
115000273,356,27,329
115000280,2794,220,2574
115000281,736,728,8
115000282,1462,510,952
115000284,403,166,237
115000296,887,14,873
115000297,509,107,402
115000298,253,375,-122
115000300,220,267,-47
115000302,468,259,209
115000303,698,176,522
115000304,757,139,618
115000305,100,1415,-1315
115000306,165,821,-656
115000307,56,325,-269
115000308,113,31,82
115000309,1,9,-8
115000310,1002,1201,-199
115000311,831,2061,-1230
115000313,218,1105,-887
115000314,430,193,237
115000315,1721,674,1047
115000316,62,80,-18
115000317,201,713,-512
115000318,958,453,505
115000319,108,487,-379
115000320,12,286,-274
115000321,743,3,740
115000322,62,369,-307
115000449,293,236,57
115000557,2,1309,-1307
115000558,633,90,543
115000587,733,484,249
115000588,3786,5026,-1240
115000589,4364,3677,687
115000590,1549,2103,-554
115000591,1923,1167,756
115000592,1074,2239,-1165
115000593,1858,930,928
115000594,994,2815,-1821
115000609,220,332,-112
115000617,2317,3491,-1174
115000624,203,138,65
115000633,463,2514,-2051
115000634,3490,994,2496
115000635,666,181,485
115000638,1710,984,726
115000641,114,161,-47
115000642,466,319,147
115000643,88,694,-606
115000644,236,511,-275
115000646,914,1527,-613
115000647,176,622,-446
115000648,1538,2364,-826
115000893,4464,2101,2363
115000894,159,1483,-1324
115000895,740,1201,-461
115000896,2620,521,2099
115000897,645,169,476
115000898,922,279,643
115000899,1365,2080,-715
115000900,150,670,-520
115000901,108,236,-128
115000912,343,162,181
115000913,4,39,-35
115000915,53,2,51
115000916,51,1,50
115000917,0,8,-8
115000918,113,342,-229
115000919,29,3,26
115000920,188,75,113
115000921,1408,347,1061
115000922,3174,1077,2097
115000923,1026,1303,-277
115000925,109,108,1
115000927,90,61,29
115000933,968,322,646
115000934,153,258,-105
115000935,100,156,-56
115000936,99,747,-648
115000937,1978,297,1681
115000938,447,298,149
115000939,520,279,241
115000940,36,23,13
115000941,25,22,3
115000942,257,136,121
115000943,226,21,205
115000944,46,11,35
115900001,71,100,-29
115900002,86,158,-72
115900003,146,168,-22
115900004,0,99,-99
115900005,169,8,161
115900006,133,571,-438
115900008,53,24,29
115900009,85,457,-372
115900010,233,271,-38
115900011,348,360,-12
115900012,110,145,-35
115900013,377,233,144
115900014,98,198,-100
115900015,70,169,-99
115900016,84,43,41
115900017,4,2,2
115900018,171,103,68
115900019,178,32,146
115900020,27,0,27
115900021,2199,211,1988
115900022,3885,14,3871
115900023,27,1,26
115900025,61,275,-214
115900026,884,398,486
115900027,3,565,-562
115900028,699,110,589
115900029,13,643,-630
115900030,74,30,44
115900031,592,286,306
115900032,472,918,-446
115900033,0,33,-33
115900034,38,691,-653
115900035,108,20,88
115900036,466,602,-136
115900037,52,614,-562
115900038,112,12,100
115900039,221,483,-262
115900041,651,513,138
115900042,41,1,40
115900043,81,182,-101
115900044,418,306,112
115900046,206,372,-166
115900047,122,102,20
115900049,149,302,-153
115900051,2,91,-89
115900052,10,310,-300
115900053,150,328,-178
115900054,139,74,65
115900055,15,182,-167
115900056,137,461,-324
115900057,135,9,126
115900058,45,82,-37
115900060,87,160,-73
115900061,272,4,268
115900062,14,448,-434
115900063,57,15,42
115900064,221,476,-255
115900065,125,111,14
115900066,275,238,37
115900067,6,1076,-1070
115900068,4376,769,3607
115900069,31,249,-218
115900070,206,334,-128
115900071,0,688,-688
115900072,75,243,-168
115900073,58,57,1
115900074,2,550,-548
115900075,21,358,-337
115900076,1,92,-91
115900077,13,435,-422
115900078,38,148,-110
115900079,169,10,159
115900080,600,335,265
115900081,25,95,-70
115900082,140,160,-20
115900084,289,42,247
115900085,103,78,25
115900086,2098,630,1468
115900088,34,63,-29
115900089,265,903,-638
115900090,301,38,263
115900091,19,56,-37
115900092,32,309,-277
115900093,10,37,-27
115900094,6,551,-545
115900096,2,23,-21
115900097,11,597,-586
115900098,145,694,-549
115900099,71,80,-9
115900100,11,644,-633
115900101,144,645,-501
115900102,53,80,-27
115900103,259,403,-144
115900104,61,198,-137
115900105,181,851,-670
115900106,38,32,6
115900107,49,202,-153
115900108,89,45,44
115900109,51,527,-476
115900110,0,21,-21
115900111,2,110,-108
115900112,41,1178,-1137
115900113,46,40,6
115900114,1,188,-187
115900115,56,189,-133
115900116,71,1140,-1069
115900117,43,34,9
115900118,6,433,-427
115900119,385,128,257
115900120,30,500,-470
115900121,127,304,-177
115900124,160,584,-424
115900125,232,39,193
115900126,547,97,450
115900127,650,63,587
115900128,8,121,-113
115900129,709,48,661
115900130,25,275,-250
115900131,269,30,239
115900132,466,23,443
115900134,287,10,277
115900135,702,901,-199
115900137,50,3,47
115900139,82,70,12
115900140,152,35,117
115900141,3,49,-46
115900142,25,16,9
115900143,184,364,-180
115900144,84,287,-203
115900146,4,211,-207
115900147,393,257,136
115900148,35,8,27
115900149,69,38,31
115900150,51,88,-37
115900151,14,105,-91
115900152,110,498,-388
115900153,132,309,-177
115900154,894,357,537
115900155,0,105,-105
115900156,607,796,-189
115900157,116,528,-412
115900158,37,10,27
115900159,103,363,-260
115900160,17,12,5
115900161,69,234,-165
115900163,157,165,-8
115900164,461,64,397
115900166,216,323,-107
115900168,159,195,-36
115900171,247,557,-310
115900172,84,137,-53
115900173,258,180,78
115900174,485,206,279
115900175,96,246,-150
115900178,5,954,-949
115900179,163,29,134
115900180,38,403,-365
115900181,120,401,-281
115900182,294,447,-153
115900183,118,36,82
115900184,2085,42,2043
115900187,15,143,-128
115900189,1,179,-178
115900190,375,1436,-1061
115900191,55,540,-485
115900192,11,92,-81
115900193,88,110,-22
115900194,512,56,456
115900195,657,1654,-997
115900198,226,408,-182
115900199,184,329,-145
115900200,212,416,-204
115900201,328,260,68
115900202,0,11,-11
115900203,5,7,-2
115900204,0,3,-3
115900205,127,16,111
115900206,144,184,-40
115900207,41,47,-6
115900208,117,454,-337
115900209,1,159,-158
115900210,3,152,-149
115900211,2,287,-285
115900212,124,315,-191
115900213,157,67,90
115900214,380,429,-49
115900215,42,61,-19
115900216,4,101,-97
115900217,2,58,-56
115900218,0,49,-49
115900219,57,5,52
115900220,84,19,65
115900221,53,9,44
115900222,37,21,16
115900223,14,267,-253
115900224,2254,723,1531
115900225,87,53,34
115900226,10,40,-30
115900227,7,45,-38
115900228,8,69,-61
115900229,15,71,-56
115900230,56,107,-51
115900231,126,6,120
115900232,88,2,86
115900233,48,5,43
115900234,39,24,15
115900235,13,44,-31
115900236,55,10,45
115900237,23,51,-28
115900238,24,41,-17
115900239,10,44,-34
115900240,1,73,-72
115900241,170,126,44
115900242,532,459,73
115900243,6,9,-3
115900244,8,10,-2
115900245,60,9,51
115900246,23,12,11
115900247,24,12,12
115900248,13,6,7
115900249,15,18,-3
115900250,12,16,-4
115900251,2,10,-8
115900252,5,6,-1
115900253,5,19,-14
115900254,48,38,10
115900255,10,51,-41
115900256,45,78,-33
115900257,9,5,4
115900258,0,3,-3
115900259,4,4,0
115900260,11,2,9
115900261,10,2,8
115900262,7,2,5
115900263,14,4,10
115900264,7,7,0
115900265,1,10,-9
115900266,4,10,-6
115900267,12,18,-6
115900268,2,11,-9
115900269,369,556,-187
115900270,312,1022,-710
115900271,52,0,52
115900272,28,3,25
115900273,10,18,-8
115900274,2,16,-14
115900275,2,30,-28
115900276,0,60,-60
115900277,0,170,-170
115900278,25,178,-153
115900279,8,177,-169
115900280,22,265,-243
115900281,1018,240,778
115900282,44,19,25
115900283,13,15,-2
115900284,13,18,-5
116000001,15320,8913,6407
116000002,4660,11083,-6423
116000003,1611,2584,-973
116000004,3754,3350,404
116000005,6052,4576,1476
116000006,4958,1664,3294
116000007,3698,5066,-1368
116000008,3425,2026,1399
116000009,2172,3309,-1137
116000010,1973,1207,766
116000011,1184,2526,-1342
116000012,966,899,67
116000013,26269,6172,20097
116000014,26473,16661,9812
116000015,575,1860,-1285
116000016,10988,4949,6039
116000017,23,938,-915
116000018,797,631,166
116000019,1081,493,588
116000020,684,1558,-874
116000021,631,433,198
116000022,437,682,-245
116000023,1422,943,479
116000024,851,1702,-851
116000025,1082,559,523
116000026,2217,2659,-442
116000027,837,653,184
116000028,591,908,-317
116000029,1163,770,393
116000030,851,620,231
116000031,135,260,-125
116000032,606,237,369
116000033,477,683,-206
116000034,1026,1399,-373
116000035,690,798,-108
116000036,2962,863,2099
116000037,1055,904,151
116000038,1099,573,526
116000039,1019,350,669
116000040,2788,322,2466
116000041,453,620,-167
116000042,728,261,467
116000043,81,641,-560
116000044,28,153,-125
116000045,2562,1433,1129
116000046,1750,1581,169
116000047,3005,3159,-154
116000048,2972,2017,955
116000049,1164,2572,-1408
116000050,1555,1946,-391
116000051,4989,2432,2557
116000052,4964,4858,106
116000053,2012,1546,466
116000054,1008,2750,-1742
116000055,524,1665,-1141
116000056,866,1831,-965
116000057,4237,2437,1800
116000058,3624,2306,1318
116000059,2638,7152,-4514
116000060,3479,1342,2137
116000061,1550,1637,-87
116000062,1738,482,1256
116000063,1374,1798,-424
116000066,357,779,-422
116000067,259,1001,-742
116000068,472,382,90
116000069,355,557,-202
116000078,409,1219,-810
116000080,1698,1312,386
116000082,10,88,-78
116000083,1405,560,845
116000084,2673,4986,-2313
116000085,2058,1761,297
116000086,3413,1985,1428
116000087,1576,1761,-185
116000088,915,1448,-533
116000089,284,147,137
116000090,275,244,31
116000091,211,227,-16
116000093,737,860,-123
116000094,664,819,-155
116000095,684,1104,-420
116000096,837,1490,-653
116000097,658,1284,-626
116000098,543,6053,-5510
116000099,14981,481,14500
116000100,197,25,172
116000101,598,1927,-1329
116000102,296,2225,-1929
116000103,307,313,-6
116000104,150,2670,-2520
116000105,1150,240,910
116000106,505,1981,-1476
116000107,1792,576,1216
116000108,520,225,295
116000111,207,29,178
116000113,73,78,-5
116000114,29,151,-122
116000115,214,112,102
116000116,313,571,-258
116000117,1553,2853,-1300
116000118,1234,1915,-681
116000119,2100,2307,-207
116000120,2765,5375,-2610
116000121,744,677,67
116000122,1834,2500,-666
116000123,673,729,-56
116000124,400,1115,-715
116000125,2138,906,1232
116000126,313,1717,-1404
116000127,1359,1966,-607
116000128,1407,1100,307
116000129,890,253,637
116000130,509,429,80
116000133,599,1631,-1032
116000134,1884,3170,-1286
116000135,1880,1771,109
116000136,1450,2929,-1479
116000137,971,867,104
116000138,915,532,383
116000139,2202,2515,-313
116000140,255,376,-121
116000141,488,1258,-770
116000142,4848,4727,121
116000143,2353,2415,-62
116000144,1449,3742,-2293
116000145,1531,1939,-408
116000146,388,433,-45
116000147,687,162,525
116000148,717,517,200
116000149,705,750,-45
116000151,1031,1097,-66
116000153,126,1068,-942
116000155,410,347,63
116000156,742,1301,-559
116000157,74,27,47
116000158,511,411,100
116000159,29,7,22
116000160,11,142,-131
116000161,3,146,-143
116000162,68,106,-38
116000163,31,18,13
116000164,2,30,-28
116000177,263,157,106
116000194,194,515,-321
116000195,2882,982,1900
116000196,13,8,5
116000197,2,35,-33
116000198,5546,1683,3863
116000200,1108,507,601
116000201,851,954,-103
116000202,14,491,-477
116000203,7,120,-113
116000204,20,85,-65
116000205,1,182,-181
116000206,0,101,-101
116000207,1,41,-40
116000233,224,1139,-915
116000287,148,718,-570
116000288,179,345,-166
116000292,73,148,-75
116000296,9,336,-327
116000297,75,27,48
116000304,81,59,22
116000305,10,131,-121
116000346,222,177,45
116000352,240,41,199
116000354,206,19,187
116000357,23,25,-2
116000358,197,40,157
116000361,1028,3,1025
116000372,15921,4822,11099
116000381,92,3,89
116000388,4,44,-40
116000389,931,805,126
116000445,287,784,-497
116000446,427,1592,-1165
116000447,11,612,-601
116000448,781,527,254
116000563,852,989,-137
116000565,126,434,-308
116000568,48,250,-202
116000579,51,127,-76
116000583,181,165,16
116000584,64,20,44
116000585,22,23,-1
116000586,259,115,144
116000587,554,648,-94
116000589,61,91,-30
116000590,42,64,-22
116000591,133,405,-272
116000592,17,144,-127
116000593,1,92,-91
116000594,459,547,-88
116000595,827,200,627
116000596,103,13,90
116000597,266,62,204
116000598,19,225,-206
116000605,467,228,239
116000606,83,243,-160
116000607,5,89,-84
116000609,214,745,-531
116000611,121,743,-622
116000612,698,2342,-1644
116000613,475,450,25
116000614,568,959,-391
116000615,3,286,-283
116000616,81,202,-121
116000617,85,103,-18
116000618,3,267,-264
116000619,23,67,-44
116000620,79,75,4
116000621,32,138,-106
116000622,50,183,-133
116000624,179,75,104
116000627,55,154,-99
116000628,56,892,-836
116000629,59,597,-538
116000630,201,67,134
116000631,64,74,-10
116000632,423,263,160
116000633,105,565,-460
116000634,292,309,-17
116000635,5599,1863,3736
116000636,3967,1375,2592
116000637,304,113,191
116000638,85,693,-608
116000639,103,2,101
116000640,12,15,-3
116000641,54,148,-94
116000643,4,156,-152
116000644,20,977,-957
116000645,29,26,3
116900001,281,176,105
116900002,340,3,337
116900003,18,123,-105
116900004,58,51,7
116900005,176,74,102
116900006,249,177,72
116900007,162,250,-88
116900008,277,547,-270
116900009,32,4,28
116900010,5,2705,-2700
116900011,20,72,-52
116900012,112,220,-108
116900013,3,185,-182
116900014,108,393,-285
116900016,146,0,146
116900017,2,1095,-1093
116900018,74,66,8
116900019,23,474,-451
116900020,2364,768,1596
116900023,142,7,135
116900025,816,1308,-492
116900026,215,1103,-888
116900027,38,100,-62
116900028,1,188,-187
116900029,1,67,-66
116900031,1,11,-10
116900032,5,612,-607
116900033,8,30,-22
116900034,6,82,-76
116900035,221,336,-115
116900036,6,168,-162
116900038,38,5,33
116900041,36,15,21
116900042,1046,237,809
116900043,23,122,-99
116900047,158,110,48
116900049,46,449,-403
116900050,114,670,-556
116900051,102,422,-320
116900052,375,69,306
116900055,0,5,-5
116900057,22,415,-393
116900058,26,712,-686
116900059,4,299,-295
116900060,357,297,60
116900062,2,5,-3
116900064,77,1368,-1291
116900065,39,257,-218
116900067,74,215,-141
116900068,131,360,-229
116900070,7,6,1
116900072,27,577,-550
116900073,20,300,-280
116900074,2,70,-68
116900076,12,39,-27
116900077,14,257,-243
116900078,292,189,103
116900079,35,623,-588
116900080,18,20,-2
116900081,361,2268,-1907
116900082,305,1037,-732
116900083,90,122,-32
116900084,587,75,512
116900085,31,201,-170
116900086,52,355,-303
116900088,496,94,402
116900090,163,108,55
116900091,178,132,46
116900092,68,1195,-1127
116900093,1797,4171,-2374
116900094,7658,4997,2661
116900095,785,253,532
116900096,152,329,-177
116900097,6925,2542,4383
116900098,1284,393,891
116900099,741,754,-13
116900100,700,34,666
116900101,272,853,-581
116900103,2,2,0
116900104,56,127,-71
116900105,349,79,270
116900106,1190,291,899
116900107,6128,2234,3894
116900110,13,1,12
116900111,383,1450,-1067
116900112,239,1688,-1449
116900113,4864,1381,3483
116900116,278,388,-110
116900117,69,107,-38
116900118,1289,970,319
116900120,172,189,-17
116900121,65,83,-18
116900122,483,1003,-520
116900123,150,1085,-935
116900124,162,1655,-1493
116900125,267,443,-176
116900126,432,726,-294
116900128,0,58,-58
116900129,0,409,-409
116900130,1391,3848,-2457
116900131,69,214,-145
116900132,57,63,-6
116900133,106,78,28
116900134,332,224,108
116900136,228,269,-41
116900137,616,238,378
116900138,141,358,-217
116900139,103,604,-501
116900140,133,191,-58
116900141,701,392,309
116900142,1,71,-70
116900143,256,602,-346
116900144,13,61,-48
116900145,221,394,-173
116900147,1347,408,939
116900148,3,23,-20
116900149,30,228,-198
116900150,8,6,2
116900151,71,21,50
116900153,99,95,4
116900154,785,381,404
116900155,73,61,12
116900157,398,502,-104
116900158,493,215,278
116900159,63,435,-372
116900160,1034,333,701
116900161,13119,7072,6047
116900162,19,185,-166
116900163,125,156,-31
116900164,91,65,26
116900165,325,131,194
116900166,17,136,-119
116900167,368,88,280
116900168,340,87,253
116900169,2007,362,1645
116900170,260,328,-68
116900171,28,284,-256
116900172,403,209,194
116900173,153,76,77
116900174,23,45,-22
116900175,606,149,457
116900178,27,221,-194
116900179,97,181,-84
116900180,181,43,138
116900182,466,300,166
116900183,122,95,27
116900185,32,35,-3
116900186,112,412,-300
116900187,37,42,-5
116900188,139,18,121
116900189,33,3,30
116900191,400,543,-143
116900192,203,271,-68
116900194,94,934,-840
116900195,54,15,39
116900196,26,151,-125
116900197,70,11,59
116900198,291,222,69
116900200,43,51,-8
116900201,97,14,83
116900202,121,73,48
116900203,92,7,85
116900204,49,113,-64
116900206,10,43,-33
116900207,33,44,-11
116900208,19,154,-135
116900209,22,187,-165
116900210,481,301,180
116900211,245,7,238
116900212,41,168,-127
116900213,149,323,-174
116900214,191,133,58
116900215,28,128,-100
116900216,484,251,233
116900218,4,452,-448
116900219,1069,468,601
116900220,96,284,-188
116900221,54,405,-351
116900222,432,364,68
116900223,93,228,-135
116900226,67,109,-42
116900227,162,122,40
116900228,357,332,25
116900230,51,1393,-1342
116900233,510,227,283
116900234,20,6,14
116900235,190,357,-167
116900238,1785,579,1206
116900239,29,931,-902
116900240,10331,4603,5728
116900241,44,228,-184
116900242,1858,651,1207
116900243,0,71,-71
116900245,37,15,22
116900246,117,24,93
116900247,477,16,461
116900248,87,50,37
116900249,255,178,77
116900250,234,76,158
116900251,751,403,348
116900252,76,1685,-1609
116900254,23,141,-118
116900255,87,44,43
116900256,191,132,59
116900257,28,790,-762
116900258,4,419,-415
116900259,134,19,115
116900260,2,227,-225
116900261,26,4,22
116900262,163,215,-52
116900263,1,27,-26
116900264,72,38,34
116900265,27,0,27
116900266,10,111,-101
116900267,2,0,2
116900268,196,5,191
116900269,606,829,-223
116900271,1244,167,1077
116900272,847,810,37
116900273,1020,55,965
116900274,213,120,93
116900275,113,194,-81
116900276,875,120,755
116900277,915,37,878
116900278,3,22,-19
116900279,1,42,-41
116900280,31,48,-17
116900281,10586,3254,7332
116900282,6,228,-222
116900283,17,247,-230
116900284,16,338,-322
116900285,598,746,-148
116900286,277,28,249
116900287,4,120,-116
116900288,50,209,-159
116900289,34,37,-3
116900290,4,58,-54
116900291,9,17,-8
116900292,0,12,-12
116900293,37,112,-75
116900294,42,251,-209
116900295,783,33,750
116900296,265,69,196
116900297,20,116,-96
116900298,215,62,153
116900299,189,52,137
116900300,3,128,-125
116900301,141,173,-32
116900302,172,70,102
116900303,1049,92,957
116900304,0,190,-190
116900305,81,189,-108
116900306,90,263,-173
116900307,79,0,79
116900308,3,315,-312
116900309,45,135,-90
116900310,14,90,-76
117000001,2445,2409,36
117000002,3358,6953,-3595
117000003,12182,3997,8185
117000004,6580,8810,-2230
117000005,2426,2255,171
117000006,1829,7319,-5490
117000007,4571,1776,2795
117000008,1910,8023,-6113
117000009,5634,2598,3036
117000010,3776,7357,-3581
117000011,2100,2547,-447
117000012,1582,2612,-1030
117000013,2494,1792,702
117000014,2303,3945,-1642
117000015,5095,1681,3414
117000016,2052,75,1977
117000017,1469,233,1236
117000018,464,473,-9
117000019,770,18,752
117000020,826,1730,-904
117000021,3882,1367,2515
117000022,1487,68,1419
117000023,2053,357,1696
117000024,1423,109,1314
117000025,4629,598,4031
117000026,10740,1074,9666
117000027,3529,2137,1392
117000028,5491,1445,4046
117000030,1371,1008,363
117000031,598,342,256
117000032,4222,1925,2297
117000033,1696,1543,153
117000034,669,651,18
117000035,428,386,42
117000036,699,670,29
117000037,495,336,159
117000038,518,894,-376
117000039,560,425,135
117000040,188,1404,-1216
117000041,773,230,543
117000044,54,1733,-1679
117000045,944,86,858
117000046,829,1059,-230
117000047,1173,857,316
117000048,3386,2722,664
117000049,139,725,-586
117000050,174,3453,-3279
117000051,2117,244,1873
117000052,19,678,-659
117000053,359,57,302
117000054,1562,12,1550
117000055,181,4939,-4758
117000056,528,26,502
117000057,736,3130,-2394
117000060,454,2533,-2079
117000061,2685,1662,1023
117000062,338,812,-474
117000063,2552,1116,1436
117000064,1262,1680,-418
117000066,1396,1111,285
117000067,263,484,-221
117000074,193,344,-151
117000076,99,86,13
117000077,206,181,25
117000078,170,1059,-889
117000079,476,294,182
117000080,1,554,-553
117000081,1699,170,1529
117000082,40,107,-67
117000083,186,12,174
117000084,545,1,544
117000085,270,725,-455
117000086,1068,931,137
117000087,196,689,-493
117000088,318,388,-70
117000089,1540,484,1056
117000090,319,2088,-1769
117000091,677,462,215
117000092,505,2365,-1860
117000093,1092,851,241
117000094,1356,3984,-2628
117000095,3085,1193,1892
117000096,646,3601,-2955
117000097,1040,1601,-561
117000098,3438,7705,-4267
117000099,2789,1365,1424
117000100,162,261,-99
117000101,304,1927,-1623
117000102,1331,865,466
117000103,989,2484,-1495
117000104,1229,748,481
117000105,1028,2389,-1361
117000106,1040,1122,-82
117000107,643,2646,-2003
117000108,1388,1221,167
117000109,2407,3334,-927
117000110,1367,909,458
117000111,4913,7992,-3079
117000112,3157,3112,45
117000113,100,420,-320
117000114,161,240,-79
117000115,87,212,-125
117000116,122,301,-179
117000117,2834,734,2100
117000118,689,241,448
117000119,847,172,675
117000120,1005,461,544
117000121,219,1612,-1393
117000122,905,2343,-1438
117000123,3831,40,3791
117000124,1306,75,1231
117000125,1609,90,1519
117000126,167,40,127
117000127,447,477,-30
117000128,768,1040,-272
117000129,2528,641,1887
117000130,151,6,145
117000131,0,245,-245
117000132,2471,69,2402
117000133,913,114,799
117000134,3,81,-78
117000135,12,28,-16
117000136,4,42,-38
117000137,117,89,28
117000138,6,807,-801
117000140,662,2217,-1555
117000141,1615,832,783
117000181,1247,539,708
117000182,444,448,-4
117000195,245,1704,-1459
117000196,235,76,159
117000225,532,14,518
117000226,47,496,-449
117000276,206,12,194
117000277,1,738,-737
117000310,3596,4768,-1172
117000315,63,3102,-3039
117000320,152,0,152
117000906,225,9,216
117000907,14,631,-617
117000909,224,43,181
117000910,154,205,-51
117000911,126,310,-184
117000915,15,1024,-1009
117000916,30,6,24
117000917,859,45,814
117000918,111,221,-110
117000919,13,211,-198
117000920,8,1996,-1988
117000921,5,2468,-2463
117000922,71,212,-141
117000924,1281,1378,-97
117000926,1365,115,1250
117000927,1925,677,1248
117000928,3,322,-319
117000929,182,1170,-988
117000930,207,32,175
117000931,485,186,299
117900002,456,523,-67
117900003,926,548,378
117900005,13,203,-190
117900006,0,28,-28
117900007,274,205,69
117900008,0,45,-45
117900010,872,181,691
117900011,148,34,114
117900012,77,257,-180
117900013,3,462,-459
117900014,2124,326,1798
117900015,53,280,-227
117900016,2631,688,1943
117900017,1704,786,918
117900018,454,80,374
117900019,520,671,-151
117900020,85,502,-417
117900021,53,137,-84
117900023,865,1069,-204
117900024,89,151,-62
117900025,52,12,40
117900026,363,622,-259
117900028,377,19,358
117900029,237,1589,-1352
117900030,499,255,244
117900031,958,220,738
117900032,1003,648,355
117900033,240,1410,-1170
117900034,171,113,58
117900035,201,79,122
117900036,261,949,-688
117900037,148,153,-5
117900038,36,549,-513
117900039,5,83,-78
117900040,105,738,-633
117900041,5,68,-63
117900042,7097,804,6293
117900043,53,55,-2
117900044,70,6488,-6418
117900045,297,218,79
117900048,213,357,-144
117900049,182,1089,-907
117900050,12,71,-59
117900051,135,6,129
117900052,121,452,-331
117900053,1344,857,487
117900054,10,23,-13
117900055,194,723,-529
117900056,505,47,458
117900057,1303,1899,-596
117900058,286,18,268
117900059,1168,96,1072
117900060,1697,7333,-5636
117900061,41,587,-546
117900063,543,433,110
117900065,750,1514,-764
117900066,9,43,-34
117900067,380,424,-44
117900069,1080,695,385
117900070,811,12,799
117900071,386,252,134
117900073,470,652,-182
117900074,880,37,843
117900075,197,120,77
117900076,48,90,-42
117900077,307,177,130
117900078,238,708,-470
117900080,563,85,478
117900081,722,700,22
117900082,344,423,-79
117900083,359,1008,-649
117900086,223,78,145
117900087,97,56,41
117900088,3497,3287,210
117900089,1767,675,1092
117900090,1102,1116,-14
117900091,355,277,78
117900092,120,41,79
117900093,74,110,-36
117900094,36,18,18
117900095,1064,1170,-106
117900096,62,374,-312
117900097,140,106,34
117900098,35,11,24
117900099,249,508,-259
117900100,206,2,204
117900101,747,1762,-1015
117900102,43,69,-26
117900103,40,3,37
117900104,26,207,-181
117900105,146,404,-258
117900106,87,62,25
117900107,25,0,25
117900109,408,390,18
117900110,75,0,75
117900111,376,14,362
117900112,40,15,25
117900113,9232,2982,6250
117900114,20,0,20
117900115,407,54,353
117900116,1257,1694,-437
117900117,338,513,-175
117900118,45,0,45
117900119,119,329,-210
117900120,94,348,-254
117900121,137,31,106
117900122,1880,2929,-1049
117900123,1151,987,164
117900124,818,838,-20
117900125,1559,1566,-7
117900126,297,959,-662
117900127,668,927,-259
117900128,328,1313,-985
117900129,56,0,56
117900130,963,607,356
117900131,6,134,-128
117900132,17,152,-135
117900133,9,187,-178
117900134,57,261,-204
117900135,24,283,-259
117900136,0,46,-46
117900137,65,404,-339
117900138,0,60,-60
117900139,62,141,-79
117900140,8623,956,7667
117900141,748,372,376
117900142,386,53,333
117900144,232,152,80
117900145,58,58,0
117900146,857,278,579
117900147,98,92,6
117900148,5499,1360,4139
117900149,67,190,-123
117900150,63,151,-88
117900151,109,177,-68
117900152,226,179,47
117900153,60,165,-105
117900154,686,1248,-562
117900156,1081,1562,-481
117900157,150,588,-438
117900158,201,122,79
117900160,726,514,212
117900161,2882,3346,-464
117900162,463,792,-329
117900163,540,32,508
117900165,5,17,-12
117900166,165,503,-338
117900168,32,187,-155
117900169,1,153,-152
117900170,1,36,-35
117900171,3,19,-16
117900172,16,63,-47
117900173,151,124,27
117900174,35,87,-52
117900175,4,58,-54
117900176,4,100,-96
117900177,10,77,-67
117900178,102,50,52
117900180,354,48,306
117900181,303,287,16
117900182,7,32,-25
117900183,67,239,-172
117900184,6,63,-57
117900185,17,55,-38
117900186,27,16,11
117900187,20,26,-6
117900188,235,32,203
117900189,71,30,41
117900190,14,1,13
117900191,94,1,93
117900192,184,2,182
117900193,59,89,-30
117900194,16,4,12
117900195,10,54,-44
117900196,13,25,-12
117900207,231,89,142
117900208,52,61,-9
117900209,253,321,-68
117900210,192,345,-153
117900211,1,373,-372
117900212,110,220,-110
117900213,19,20,-1
117900214,15,63,-48
117900215,48,77,-29
117900216,81,29,52
117900217,306,166,140
117900218,379,466,-87
117900219,24,72,-48
117900220,635,168,467
117900222,188,379,-191
117900223,231,415,-184
118000001,1170,973,197
118000002,1853,3471,-1618
118000003,8897,2887,6010
118000004,9034,3005,6029
118000005,6016,6795,-779
118000006,7908,12823,-4915
118000007,11821,2859,8962
118000008,9680,4396,5284
118000009,3840,3775,65
118000010,4090,4841,-751
118000011,1217,3404,-2187
118000012,2274,3749,-1475
118000013,5105,4423,682
118000014,2737,5279,-2542
118000016,224,553,-329
118000017,327,642,-315
118000018,475,590,-115
118000019,2887,1848,1039
118000020,1689,2261,-572
118000021,1583,3004,-1421
118000022,2796,1047,1749
118000023,1688,471,1217
118000024,1868,1275,593
118000027,19961,13780,6181
118000029,1250,1141,109
118000032,1846,5980,-4134
118000033,3650,5086,-1436
118000034,6849,2663,4186
118000035,1986,3105,-1119
118000036,3612,1412,2200
118000037,1369,1337,32
118000038,152,163,-11
118000039,193,790,-597
118000040,2440,2977,-537
118000041,3616,2323,1293
118000045,1234,162,1072
118000046,4767,685,4082
118000047,6698,746,5952
118000048,8926,1648,7278
118000051,4827,707,4120
118000052,3975,583,3392
118000053,2607,820,1787
118000054,2806,4143,-1337
118000055,1853,4974,-3121
118000056,285,459,-174
118000057,153,1055,-902
118000058,9615,1554,8061
118000059,7932,934,6998
118000060,1981,880,1101
118000061,965,1754,-789
118000062,742,638,104
118000063,747,560,187
118000064,1721,1654,67
118000065,7712,3718,3994
118000066,1811,1966,-155
118000067,1957,965,992
118000068,3589,5647,-2058
118000069,5991,1736,4255
118000070,9860,2426,7434
118000071,4792,10819,-6027
118000072,5318,1082,4236
118000073,4796,572,4224
118000074,797,848,-51
118000075,791,382,409
118000076,3126,1753,1373
118000077,2556,1709,847
118000078,4095,2578,1517
118000079,431,559,-128
118000080,2287,1156,1131
118000081,3758,1460,2298
118000082,531,1369,-838
118000083,3103,2033,1070
118000084,4145,2481,1664
118000086,488,719,-231
118000087,8949,3176,5773
118000088,3057,2979,78
118000089,5457,3177,2280
118000090,2829,4378,-1549
118000091,2292,4067,-1775
118000092,1975,810,1165
118000093,164,1026,-862
118000096,962,882,80
118000097,1644,1151,493
118000098,450,255,195
118000099,473,1063,-590
118000101,916,373,543
118000102,380,2139,-1759
118000107,5364,853,4511
118000108,939,3523,-2584
118000110,3,26,-23
118000111,5,1030,-1025
118000112,551,11,540
118000113,12,1597,-1585
118000114,376,24,352
118000115,13,71,-58
118000116,152,2,150
118000117,2943,1169,1774
118000118,2895,852,2043
118000119,1601,1430,171
118000120,2541,1501,1040
118000121,172,735,-563
118000122,2407,377,2030
118000123,118,375,-257
118000125,3789,1425,2364
118000126,2340,2134,206
118000127,3866,987,2879
118000128,1405,1651,-246
118000129,2244,737,1507
118000130,3928,5879,-1951
118000131,1402,1526,-124
118000132,3013,2399,614
118000133,3100,830,2270
118000135,1144,494,650
118000136,254,775,-521
118000137,2723,146,2577
118000138,567,1135,-568
118000139,522,205,317
118000140,3056,5499,-2443
118000141,2179,3178,-999
118000142,2091,2971,-880
118000143,1875,1808,67
118000144,2340,1434,906
118000145,1908,3165,-1257
118000146,1205,1566,-361
118000147,1081,2291,-1210
118000148,570,2422,-1852
118000149,1369,1805,-436
118000150,278,618,-340
118000151,339,719,-380
118000153,1207,1812,-605
118000154,1403,2548,-1145
118000155,1052,2143,-1091
118000156,3695,3552,143
118000157,647,687,-40
118000158,256,734,-478
118000159,56,139,-83
118000160,521,595,-74
118000161,478,995,-517
118000162,1282,1295,-13
118000163,960,1206,-246
118000164,3798,2150,1648
118000168,2425,530,1895
118000169,1653,2168,-515
118000170,5009,8762,-3753
118000171,404,882,-478
118000172,114,496,-382
118000173,1386,1694,-308
118000175,282,432,-150
118000176,272,540,-268
118000177,258,732,-474
118000178,277,82,195
118000179,2090,1389,701
118000180,960,1195,-235
118000181,1235,485,750
118000182,343,356,-13
118000183,279,443,-164
118000184,691,1542,-851
118000185,1031,1129,-98
118000186,726,909,-183
118000187,1320,895,425
118000188,1597,301,1296
118000189,637,1229,-592
118000190,23,15,8
118000191,28,51,-23
118000192,152,167,-15
118000193,145,615,-470
118000194,4434,1933,2501
118000195,2020,867,1153
118000196,1314,182,1132
118000197,708,126,582
118000198,1171,659,512
118000199,2210,511,1699
118000200,110,336,-226
118000201,1230,641,589
118000202,134,63,71
118000203,2828,500,2328
118000204,419,480,-61
118000205,778,725,53
118000206,359,256,103
118000207,0,152,-152
118000208,1371,2346,-975
118000209,1936,2790,-854
118000210,54,47,7
118000211,34,55,-21
118000213,2744,1178,1566
118000214,1228,1433,-205
118000215,280,679,-399
118000216,2104,7603,-5499
118000217,24,187,-163
118000218,108,157,-49
118000219,973,813,160
118000220,4,50,-46
118000221,110,496,-386
118000222,83,16,67
118000223,31,54,-23
118000224,566,149,417
118000225,236,1478,-1242
118000226,2853,230,2623
118000227,1526,761,765
118000228,138,217,-79
118000229,637,52,585
118000230,197,338,-141
118000231,127,275,-148
118000232,792,1296,-504
118000233,903,1236,-333
118000234,414,386,28
118000236,532,493,39
118000237,75,701,-626
118000238,421,410,11
118000239,341,459,-118
118000240,712,211,501
118000241,257,532,-275
118000242,486,900,-414
118000243,233,280,-47
118000244,24,196,-172
118000246,0,10,-10
118000255,48,347,-299
118000256,107,422,-315
118000259,7,89,-82
118000260,312,195,117
118000261,26,123,-97
118000263,115,300,-185
118000266,148,635,-487
118000267,0,99,-99
118000268,1490,3,1487
118000270,82,57,25
118000271,345,668,-323
118000272,140,66,74
118000273,122,149,-27
118000274,136,481,-345
118000276,374,417,-43
118000295,4,137,-133
118000298,110,616,-506
118000299,90,286,-196
118000301,1,137,-136
118000302,120,127,-7
118000311,387,185,202
118000312,339,311,28
118000313,44,228,-184
118000314,75,125,-50
118000315,12,118,-106
118000316,742,899,-157
118000325,37,69,-32
118000326,19,61,-42
118000331,18,62,-44
118000332,15,52,-37
118000333,59,81,-22
118000335,183,0,183
118000336,0,502,-502
118000407,139,133,6
118000457,9,60,-51
118000465,4011,6260,-2249
118000480,49,199,-150
118000489,46,462,-416
118000490,52,796,-744
118000492,191,313,-122
118000510,104,28,76
118000514,337,596,-259
118000515,1301,1036,265
118000517,664,483,181
118000524,1204,236,968
118000525,1066,1021,45
118000530,21,116,-95
118000531,207,410,-203
118000532,269,360,-91
118000533,747,204,543
118000534,1045,419,626
118000535,332,192,140
118000536,1063,1777,-714
118000537,119,109,10
118000538,82,200,-118
118000539,20,158,-138
118000540,584,263,321
118000541,502,113,389
118000542,262,230,32
118000543,587,250,337
118000546,32,30,2
118000553,0,0,0
118000560,4394,2110,2284
118000562,34,742,-708
118000563,3782,2120,1662
118000576,209,264,-55
118000577,423,333,90
118000578,208,156,52
118000579,1437,1938,-501
118000583,0,0,0
118000595,217,135,82
118000596,0,106,-106
118000597,321,277,44
118000598,4,0,4
118000599,41,109,-68
118000600,5,18,-13
118000601,3,0,3
118000602,0,31,-31
118000603,0,125,-125
118000605,94,753,-659
118000606,22,54,-32
118900001,1669,1458,211
118900002,1556,1237,319
118900003,258,18,240
118900004,77,75,2
118900005,86,6,80
118900006,116,1,115
118900007,11,4,7
118900008,1614,65,1549
118900009,38,24,14
118900010,62,4,58
118900011,208,32,176
118900012,529,285,244
118900013,1043,75,968
118900015,224,76,148
118900016,5,16,-11
118900017,272,265,7
118900018,1435,30,1405
118900019,54,18,36
118900020,343,148,195
118900021,278,461,-183
118900022,121,124,-3
118900023,306,186,120
118900024,109,244,-135
118900025,119,43,76
118900026,50,91,-41
118900027,856,524,332
118900028,191,284,-93
118900029,314,634,-320
118900030,328,150,178
118900031,197,154,43
118900032,266,286,-20
118900033,1188,985,203
118900034,225,30,195
118900035,156,343,-187
118900036,964,1099,-135
118900037,773,316,457
118900038,392,449,-57
118900039,511,322,189
118900040,165,246,-81
118900041,613,392,221
118900042,247,193,54
118900045,360,321,39
118900046,938,436,502
118900047,1270,524,746
118900048,1065,253,812
118900049,102,56,46
118900050,29,196,-167
118900051,329,120,209
118900052,532,317,215
118900053,47,129,-82
118900054,140,159,-19
118900055,46,181,-135
118900056,265,383,-118
118900057,708,518,190
118900058,771,422,349
118900059,34,144,-110
118900060,74,295,-221
118900062,158,281,-123
118900064,867,895,-28
118900065,35,289,-254
118900066,108,141,-33
118900067,6830,3712,3118
118900068,5,1029,-1024
118900069,434,570,-136
118900071,4,114,-110
118900072,620,589,31
118900073,126,211,-85
118900074,126,310,-184
118900075,64,136,-72
118900076,597,96,501
118900077,214,262,-48
118900078,49,8,41
118900079,88,315,-227
118900080,19,151,-132
118900081,94,33,61
118900082,679,195,484
118900083,25,15,10
118900084,22,26,-4
118900085,616,1375,-759
118900086,26,114,-88
118900087,28,294,-266
118900088,0,16,-16
118900089,102,10,92
118900090,442,694,-252
118900091,195,325,-130
118900092,119,120,-1
118900093,250,16,234
118900096,202,260,-58
118900097,210,1049,-839
118900099,52,434,-382
118900100,152,297,-145
118900101,65,666,-601
118900102,46,108,-62
118900103,55,129,-74
118900104,26,73,-47
118900105,186,181,5
118900107,254,143,111
118900108,146,148,-2
118900110,2130,1042,1088
118900111,491,790,-299
118900112,125,177,-52
118900113,167,924,-757
118900114,36,91,-55
118900115,92,446,-354
118900116,150,237,-87
118900117,115,205,-90
118900118,330,708,-378
118900119,134,388,-254
118900120,121,475,-354
118900121,18,312,-294
118900122,15,1101,-1086
118900123,162,318,-156
118900124,151,273,-122
118900126,42,425,-383
118900129,437,297,140
118900130,193,194,-1
118900131,156,460,-304
118900132,848,258,590
118900133,40,134,-94
118900135,183,250,-67
118900136,238,1019,-781
118900137,8,25,-17
118900139,280,1028,-748
118900140,575,938,-363
118900141,67,340,-273
118900144,261,755,-494
118900145,33,281,-248
118900146,329,1211,-882
118900147,561,211,350
118900148,68,98,-30
118900150,201,826,-625
118900152,540,1162,-622
118900157,207,278,-71
118900158,63,165,-102
118900159,3,244,-241
118900161,225,4,221
118900163,309,76,233
118900164,9,119,-110
118900165,65,332,-267
118900166,29,3,26
118900167,95,215,-120
118900168,11,78,-67
118900169,125,682,-557
118900170,134,147,-13
118900171,11,39,-28
118900174,92,97,-5
118900175,387,581,-194
118900176,138,288,-150
118900177,50,94,-44
118900178,54,244,-190
118900179,4,13,-9
118900181,84,207,-123
118900182,153,65,88
118900183,64,130,-66
118900184,281,85,196
118900185,145,235,-90
118900186,80,129,-49
118900187,307,385,-78
118900188,334,422,-88
118900189,51,958,-907
118900190,14,860,-846
118900191,183,56,127
118900192,229,24,205
118900193,453,12,441
118900195,409,1273,-864
118900196,30,269,-239
118900197,147,170,-23
118900198,27,73,-46
118900199,70,79,-9
118900200,24,26,-2
118900201,49,35,14
118900202,21,92,-71
118900203,12,55,-43
118900204,9,35,-26
118900205,4,8,-4
118900206,1,28,-27
119000001,1651,1724,-73
119000002,2839,3651,-812
119000003,2031,2246,-215
119000004,3136,2228,908
119000005,4279,3172,1107
119000006,2558,2590,-32
119000007,4845,4570,275
119000008,2748,2785,-37
119000009,4640,4445,195
119000010,10330,4737,5593
119000011,7099,3172,3927
119000012,5093,3876,1217
119000013,2580,1784,796
119000014,3268,4469,-1201
119000019,324,246,78
119000020,2314,2028,286
119000021,3779,3193,586
119000022,5173,3933,1240
119000023,617,342,275
119000024,3294,10259,-6965
119000025,19092,1575,17517
119000026,252,344,-92
119000027,772,519,253
119000028,2886,1991,895
119000029,196,366,-170
119000030,602,1688,-1086
119000031,979,920,59
119000032,2285,3061,-776
119000033,2479,2572,-93
119000034,1084,1356,-272
119000035,25,499,-474
119000036,1518,1682,-164
119000037,1213,2952,-1739
119000038,136,1499,-1363
119000039,328,424,-96
119000040,1943,788,1155
119000041,1573,2037,-464
119000048,4427,5066,-639
119000049,2625,4983,-2358
119000050,2327,3903,-1576
119000051,2834,1361,1473
119000052,3076,4350,-1274
119000053,1978,1429,549
119000054,3146,5534,-2388
119000055,3422,4794,-1372
119000056,2042,2636,-594
119000057,1473,3749,-2276
119000058,2205,3238,-1033
119000059,1414,2505,-1091
119000060,1754,1255,499
119000061,1156,1194,-38
119000062,1208,1698,-490
119000063,603,570,33
119000064,2695,2257,438
119000065,2323,3956,-1633
119000066,2013,1408,605
119000067,2399,3819,-1420
119000068,1580,1368,212
119000069,1718,3973,-2255
119000070,2135,1634,501
119000071,599,1334,-735
119000072,10303,4991,5312
119000073,6161,7649,-1488
119000074,1270,5372,-4102
119000075,1475,3713,-2238
119000076,438,1133,-695
119000077,765,638,127
119000078,386,393,-7
119000079,166,873,-707
119000080,352,344,8
119000081,314,382,-68
119000082,889,349,540
119000083,478,426,52
119000084,437,661,-224
119000085,732,446,286
119000086,220,446,-226
119000087,2379,1320,1059
119000088,296,316,-20
119000089,84,239,-155
119000090,161,232,-71
119000091,159,373,-214
119000092,669,285,384
119000093,5658,4791,867
119000094,2773,10085,-7312
119000095,1642,4289,-2647
119000097,4502,2274,2228
119000098,959,2570,-1611
119000099,2715,2989,-274
119000100,3401,2627,774
119000101,3161,2160,1001
119000102,895,897,-2
119000103,1550,573,977
119000104,4596,2051,2545
119000105,1108,1692,-584
119000106,339,2931,-2592
119000107,682,586,96
119000108,406,1722,-1316
119000109,122,364,-242
119000110,555,282,273
119000111,54,583,-529
119000112,188,71,117
119000113,2459,320,2139
119000114,988,1224,-236
119000115,164,441,-277
119000116,195,170,25
119000117,143,425,-282
119000118,2,11,-9
119000123,7216,786,6430
119000124,642,339,303
119000125,2564,1506,1058
119000126,858,1492,-634
119000127,508,1228,-720
119000128,21,7,14
119000131,930,1297,-367
119000132,1,12,-11
119000133,2,15,-13
119000134,5203,890,4313
119000135,150,230,-80
119000136,147,278,-131
119000137,139,607,-468
119000138,324,492,-168
119000139,212,377,-165
119000140,160,390,-230
119000284,1688,4361,-2673
119000285,3672,3185,487
119000286,8664,7272,1392
119000287,1816,3303,-1487
119000288,3278,2169,1109
119000289,4708,5321,-613
119000290,215,879,-664
119000291,9,446,-437
119000293,112,240,-128
119000294,33,50,-17
119000295,4071,827,3244
119000296,200,144,56
119000302,5706,1933,3773
119000303,270,217,53
119000304,0,0,0
119000314,1720,9334,-7614
119000315,0,783,-783
119000316,112,202,-90
119000317,66,639,-573
119900001,227,1342,-1115
119900002,219,453,-234
119900003,80,1593,-1513
119900004,467,821,-354
119900005,183,210,-27
119900006,180,462,-282
119900007,1129,179,950
119900008,55,42,13
119900009,596,704,-108
119900010,1146,1111,35
119900011,32,86,-54
119900012,30,92,-62
119900013,2023,776,1247
119900014,646,244,402
119900015,110,25,85
119900016,35,161,-126
119900017,19,67,-48
119900018,2411,718,1693
119900019,57,6,51
119900020,98,209,-111
119900021,136,79,57
119900022,178,448,-270
119900023,1406,1243,163
119900025,121,31,90
119900026,1346,126,1220
119900027,20,47,-27
119900028,265,107,158
119900029,1,6,-5
119900030,471,685,-214
119900031,54,312,-258
119900033,1724,294,1430
119900034,285,209,76
119900037,265,86,179
119900038,125,322,-197
119900039,46,6,40
119900040,128,13,115
119900041,67,27,40
119900042,68,238,-170
119900043,59,289,-230
119900044,337,664,-327
119900046,83,80,3
119900047,209,45,164
119900048,139,67,72
119900049,138,25,113
119900050,176,155,21
119900051,855,9,846
119900052,35,54,-19
119900053,177,346,-169
119900054,116,5,111
119900055,1217,514,703
119900057,156,129,27
119900058,227,1,226
119900059,202,66,136
119900060,224,16,208
119900061,153,8,145
119900062,58,15,43
119900063,19,51,-32
119900065,264,20,244
119900067,101,45,56
119900068,316,0,316
119900069,74,17,57
119900070,635,11,624
119900071,448,24,424
119900073,2709,732,1977
119900074,77,23,54
119900075,8635,2834,5801
119900076,450,644,-194
119900077,716,1814,-1098
119900078,510,1492,-982
119900079,662,447,215
119900080,397,538,-141
119900081,473,272,201
119900082,895,138,757
119900083,368,120,248
119900084,1138,265,873
119900085,234,67,167
119900086,392,1510,-1118
119900087,1189,291,898
119900088,68,67,1
119900089,18,707,-689
119900090,239,101,138
119900091,67,1942,-1875
119900092,18,547,-529
119900093,1133,228,905
119900094,49,330,-281
119900095,238,131,107
119900096,42,107,-65
119900097,797,270,527
119900098,71,35,36
119900099,38,359,-321
119900100,3960,2680,1280
119900101,243,1246,-1003
119900102,24,515,-491
119900103,32,777,-745
119900104,37,353,-316
119900105,856,1294,-438
119900106,21,337,-316
119900107,482,5441,-4959
119900108,2909,857,2052
119900109,32,449,-417
119900110,605,1289,-684
119900111,63,532,-469
119900112,4725,820,3905
119900113,107,584,-477
119900114,204,2731,-2527
119900115,224,1772,-1548
119900116,116,529,-413
119900117,245,1570,-1325
119900118,46,1757,-1711
119900119,222,387,-165
119900120,706,1076,-370
119900121,298,2216,-1918
119900122,542,538,4
119900123,254,414,-160
119900124,162,1655,-1493
119900125,42,609,-567
119900126,7964,393,7571
119900127,4136,1411,2725
119900128,425,1351,-926
119900129,227,1457,-1230
119900130,47,561,-514
119900131,50,520,-470
119900132,1,575,-574
119900133,17,74,-57
119900134,3675,384,3291
119900135,1,773,-772
119900136,197,785,-588
119900138,489,1055,-566
119900139,31,107,-76
119900140,3,238,-235
119900141,195,764,-569
119900142,3,14,-11
119900143,17,343,-326
119900144,3793,392,3401
119900145,123,340,-217
119900146,170,193,-23
119900147,6,207,-201
119900148,134,79,55
119900149,2956,3249,-293
119900150,221,247,-26
119900151,3157,1125,2032
119900152,55,647,-592
119900153,121,97,24
119900154,35,1271,-1236
119900155,37,48,-11
119900156,8,1,7
119900157,86,415,-329
119900158,117,103,14
119900159,21,2448,-2427
119900160,23,241,-218
119900161,233,428,-195
119900162,871,1129,-258
119900163,153,169,-16
119900164,0,0,0
119900165,112,376,-264
119900166,70,59,11
119900167,214,172,42
119900168,660,619,41
119900169,184,528,-344
119900170,253,253,0
119900171,730,733,-3
119900172,135,17,118
119900173,16,896,-880
119900174,8,297,-289
119900175,874,977,-103
119900177,28,321,-293
119900178,31,305,-274
119900179,98,284,-186
119900180,1105,913,192
119900181,65,76,-11
119900182,7,726,-719
119900183,162,1325,-1163
119900184,4162,754,3408
119900185,54,154,-100
119900186,172,702,-530
119900187,18,862,-844
119900188,63,407,-344
119900189,476,342,134
119900190,101,229,-128
119900191,382,132,250
119900192,34,335,-301
119900193,276,283,-7
119900194,16,51,-35
119900195,83,299,-216
119900196,2020,521,1499
119900197,210,149,61
119900198,86,551,-465
119900199,155,19,136
119900200,476,749,-273
119900201,456,238,218
119900202,307,200,107
119900203,173,417,-244
119900204,174,377,-203
119900205,493,1069,-576
119900206,128,231,-103
119900208,196,234,-38
119900209,630,1153,-523
119900210,33,71,-38
119900211,127,24,103
119900212,198,520,-322
119900213,8,55,-47
119900214,30,129,-99
119900215,48,115,-67
119900216,16,102,-86
119900217,9,80,-71
119900218,22,124,-102
119900219,7,202,-195
119900220,7,158,-151
119900221,27,627,-600
119900222,18,432,-414
119900223,16,141,-125
119900224,21,55,-34
119900225,1830,58,1772
119900226,1128,1795,-667
119900227,1379,543,836
119900228,24,376,-352
119900229,331,750,-419
119900230,1996,884,1112
119900231,174,346,-172
119900232,213,136,77
119900233,29,4,25
119900234,28,58,-30
119900235,66,86,-20
119900236,20,334,-314
119900237,57,663,-606
119900238,0,138,-138
119900240,93,185,-92
119900241,174,324,-150
119900242,2535,3254,-719
119900244,1288,1530,-242
119900245,151,212,-61
119900246,320,616,-296
119900247,30,92,-62
119900248,76,123,-47
119900249,243,99,144
119900253,5795,544,5251
119900254,91,581,-490
119900255,125,717,-592
119900256,353,1591,-1238
119900257,54,1,53
119900258,77,39,38
119900259,4,222,-218
119900260,57,1,56
119900261,195,306,-111
119900262,4,474,-470
119900263,1354,519,835
119900264,69,396,-327
119900265,370,599,-229
119900266,198,458,-260
119900267,268,590,-322
119900268,170,288,-118
119900269,783,2019,-1236
119900271,19,139,-120
119900272,351,77,274
119900275,85,1,84
119900276,28,1,27
119900277,8,3,5
119900278,397,102,295
119900279,172,349,-177
119900280,1623,278,1345
119900281,1,168,-167
119900282,50,80,-30
119900283,12,486,-474
119900284,82,254,-172
119900285,15,42,-27
119900286,2,10,-8
119900288,3,53,-50
119900289,1,64,-63
119900290,1,70,-69
119900291,1,38,-37
119900292,24,27,-3
119900293,27,134,-107
119900294,22,114,-92
119900295,23,105,-82
119900296,18,302,-284
119900297,1,24,-23
119900298,2,4,-2
119900299,26,354,-328
119900300,112,253,-141
119900301,247,17,230
119900302,138,68,70
119900303,212,326,-114
119900304,126,34,92
119900305,21,194,-173
119900306,25,5,20
119900307,27,215,-188
119900308,15,22,-7
119900309,41,72,-31
119900310,429,492,-63
119900311,54,275,-221
119900312,136,151,-15
119900313,301,501,-200
119900314,141,368,-227
119900315,1159,3767,-2608
119900318,16,27,-11
119900319,0,456,-456
119900320,138,909,-771
119900321,181,18,163
120000001,13450,16555,-3105
120000002,2768,4324,-1556
120000003,4205,2407,1798
120000004,3545,3266,279
120000005,6033,2588,3445
120000006,1832,1866,-34
120000007,4845,3612,1233
120000008,1254,1970,-716
120000009,6234,1134,5100
120000010,1864,4407,-2543
120000011,1545,3139,-1594
120000012,1578,3933,-2355
120000013,2584,3794,-1210
120000014,785,2314,-1529
120000015,3227,2107,1120
120000016,4272,4206,66
120000017,2982,3284,-302
120000018,6696,12328,-5632
120000019,1167,1740,-573
120000020,4484,3753,731
120000021,2583,2960,-377
120000022,3471,4790,-1319
120000023,934,2395,-1461
120000024,1861,3041,-1180
120000025,2455,3185,-730
120000026,1434,2913,-1479
120000027,1633,2733,-1100
120000028,1394,659,735
120000029,5307,786,4521
120000030,214,1202,-988
120000031,2623,10903,-8280
120000032,14553,5010,9543
120000033,4731,2990,1741
120000034,2056,3643,-1587
120000035,2205,3894,-1689
120000036,3243,6147,-2904
120000037,837,1904,-1067
120000038,14140,4208,9932
120000039,626,1253,-627
120000040,114,211,-97
120000041,1457,2422,-965
120000042,2180,5627,-3447
120000043,5667,4261,1406
120000044,4537,1808,2729
120000045,4850,1430,3420
120000046,2389,2981,-592
120000047,2876,5036,-2160
120000048,11248,5332,5916
120000049,6532,4313,2219
120000050,6705,7126,-421
120000051,4437,6999,-2562
120000052,19328,3652,15676
120000053,1451,5705,-4254
120000054,1582,8601,-7019
120000055,1710,7522,-5812
120000056,3627,5687,-2060
120000057,2662,880,1782
120000058,2602,362,2240
120000059,82,1308,-1226
120000061,186,852,-666
120000062,245,465,-220
120000063,2654,3839,-1185
120000064,266,1968,-1702
120000065,552,2613,-2061
120000066,224,592,-368
120000067,60,663,-603
120000068,187,1462,-1275
120000069,783,2162,-1379
120000070,62,1390,-1328
120000071,313,271,42
120000072,478,640,-162
120000073,617,132,485
120000074,97,76,21
120000075,499,275,224
120000076,1528,567,961
120000077,1496,717,779
120000078,4692,1138,3554
120000079,463,968,-505
120000080,309,469,-160
120000081,328,309,19
120000082,246,392,-146
120000083,249,688,-439
120000084,554,762,-208
120000085,410,605,-195
120000086,400,999,-599
120000087,309,1734,-1425
120000088,762,2088,-1326
120000089,943,705,238
120000090,731,807,-76
120000091,778,1428,-650
120000092,1340,935,405
120000093,333,777,-444
120000094,168,790,-622
120000095,1086,1051,35
120000096,257,1759,-1502
120000098,637,1333,-696
120000099,311,963,-652
120000100,711,1365,-654
120000101,827,774,53
120000102,518,850,-332
120000103,1308,733,575
120000104,1611,575,1036
120000105,2702,753,1949
120000106,1824,665,1159
120000107,3077,784,2293
120000108,864,193,671
120000109,1022,78,944
120000110,117,1411,-1294
120000111,135,1970,-1835
120000112,1025,5631,-4606
120000113,662,4224,-3562
120000114,1026,4713,-3687
120000115,396,3919,-3523
120000116,787,3191,-2404
120000117,2079,2195,-116
120000118,74,45,29
120000119,62,174,-112
120000120,85,70,15
120000121,128,147,-19
120000122,483,382,101
120000123,8255,6217,2038
120000124,510,955,-445
120000125,497,1399,-902
120000126,511,1002,-491
120000127,3606,1194,2412
120000128,8451,3516,4935
120000129,424,579,-155
120000130,1237,1314,-77
120000131,345,747,-402
120000134,455,1986,-1531
120000135,372,427,-55
120000137,201,3233,-3032
120000138,699,684,15
120000139,247,1526,-1279
120000140,511,975,-464
120000141,208,710,-502
120000142,349,760,-411
120000143,2,115,-113
120000144,78,2,76
120000145,262,4,258
120000146,4610,1543,3067
120000149,710,1454,-744
120000150,6391,11305,-4914
120000151,578,726,-148
120000152,339,393,-54
120000153,171,1235,-1064
120000154,509,585,-76
120000155,175,490,-315
120000156,2924,1180,1744
120000157,1074,876,198
120000158,853,1557,-704
120000159,2276,3281,-1005
120000160,2590,1882,708
120000161,2155,4362,-2207
120000162,267,353,-86
120000163,545,2055,-1510
120000164,385,577,-192
120000165,419,1413,-994
120000166,1224,841,383
120000167,33,37,-4
120000168,16,138,-122
120000169,205,436,-231
120000170,353,208,145
120000171,46,67,-21
120000172,100,47,53
120000173,5100,473,4627
120000174,1008,27,981
120000175,1854,54,1800
120000176,956,53,903
120000177,2009,423,1586
120000178,200,16,184
120000179,904,52,852
120000180,741,97,644
120000181,151,246,-95
120000182,175,173,2
120000183,10,179,-169
120000184,220,832,-612
120000186,242,94,148
120000187,235,64,171
120000188,1130,116,1014
120000190,2184,32,2152
120000191,2777,45,2732
120000192,1596,30,1566
120000193,975,47,928
120000195,61,4,57
120000196,252,100,152
120000197,83,390,-307
120000198,137,171,-34
120000199,94,0,94
120000200,96,1,95
120000201,17,19,-2
120000202,3,73,-70
120000203,38,376,-338
120000207,4,64,-60
120000208,14,396,-382
120000209,7,125,-118
120000210,233,281,-48
120000211,55,3,52
120000212,79,0,79
120000213,74,390,-316
120000214,0,417,-417
120000215,3,176,-173
120000216,43,12,31
120000217,1026,1538,-512
120000218,319,1273,-954
120000219,19,866,-847
120000220,8,2890,-2882
120000225,1051,1,1050
120000226,220,3,217
120000227,688,33,655
120000228,7513,2851,4662
120000230,319,8,311
120000231,1060,3294,-2234
120000233,201,21,180
120000235,145,1044,-899
120000236,787,1,786
120000237,7,2889,-2882
120000238,9,227,-218
120000241,1321,4964,-3643
120000412,2671,18,2653
120000413,333,626,-293
120000414,98,7,91
120000415,3,346,-343
120000416,111,11,100
120000417,7,162,-155
120000418,125,44,81
120000419,7,730,-723
120000420,638,164,474
120000421,18799,7449,11350
120000422,271,841,-570
120000423,2,45,-43
120000424,100,184,-84
120000436,173,610,-437
120000437,232,269,-37
120000438,7319,938,6381
120000439,161,367,-206
120000443,170,0,170
120000444,1220,976,244
120000445,2234,1998,236
120000446,1723,650,1073
120000447,123,27,96
120000449,80,33,47
120000450,10,462,-452
120000451,107,436,-329
120000452,7,6,1
120000453,1,781,-780
120000454,257,228,29
120000455,65,121,-56
120000456,3795,4081,-286
120000457,1539,1299,240
120000458,709,849,-140
120000459,71,148,-77
120000665,2845,230,2615
120000668,146,341,-195
120000669,53,615,-562
120000670,319,449,-130
120000671,1539,601,938
120000672,167,691,-524
120900001,72,97,-25
120900002,1155,507,648
120900003,466,61,405
120900004,20,90,-70
120900005,23,1776,-1753
120900006,298,239,59
120900007,136,221,-85
120900008,344,1797,-1453
120900009,990,97,893
120900010,431,70,361
120900011,694,221,473
120900012,1608,1135,473
120900013,256,75,181
120900014,3,1093,-1090
120900015,457,120,337
120900016,644,73,571
120900017,5243,95,5148
120900018,78,705,-627
120900019,635,221,414
120900020,1283,1190,93
120900021,511,155,356
120900022,41,678,-637
120900023,194,55,139
120900024,1897,509,1388
120900025,2547,1473,1074
120900026,232,283,-51
120900027,1080,111,969
120900028,279,73,206
120900029,216,347,-131
120900030,1166,795,371
120900031,209,78,131
120900032,733,184,549
120900033,925,43,882
120900034,97,2762,-2665
120900035,48,65,-17
120900037,211,6,205
120900038,46,254,-208
120900039,107,28,79
120900040,211,3,208
120900041,184,51,133
120900042,358,95,263
120900043,47,24,23
120900044,7,659,-652
120900045,175,130,45
120900046,286,8,278
120900047,168,84,84
120900048,100,36,64
120900049,261,1,260
120900050,5777,1661,4116
120900051,247,148,99
120900052,426,7,419
120900053,149,143,6
120900054,1797,1204,593
120900055,264,1,263
120900056,434,13,421
120900057,122,27,95
120900058,398,40,358
120900059,86,11,75
120900060,96,58,38
120900061,287,686,-399
120900062,143,0,143
120900063,508,6,502
120900064,350,1,349
120900065,350,4,346
120900066,268,439,-171
120900067,225,47,178
120900068,178,0,178
120900069,174,130,44
120900071,8,0,8
120900072,510,2,508
120900073,380,343,37
120900074,548,18,530
120900076,224,1,223
120900077,5545,349,5196
120900078,508,1107,-599
120900079,577,143,434
120900080,498,3070,-2572
120900081,774,2106,-1332
120900082,799,332,467
120900083,277,237,40
120900084,280,309,-29
120900085,209,195,14
120900086,243,282,-39
120900087,401,190,211
120900088,269,382,-113
120900089,6584,2198,4386
120900090,141,309,-168
120900091,792,523,269
120900092,1379,1059,320
120900093,5999,392,5607
120900094,625,358,267
120900095,658,64,594
120900096,28,344,-316
120900097,850,1455,-605
120900098,406,235,171
120900099,97,70,27
120900100,87,569,-482
120900101,819,479,340
120900102,24,254,-230
120900103,51,239,-188
120900104,32,53,-21
120900105,61,1219,-1158
120900106,1763,919,844
120900107,350,175,175
120900108,6,1553,-1547
120900109,64,1094,-1030
120900110,33,1607,-1574
120900111,161,597,-436
120900112,10,2178,-2168
120900113,33,1339,-1306
120900114,36,297,-261
120900115,182,280,-98
120900116,325,936,-611
120900117,2,923,-921
120900118,18,1251,-1233
120900119,3967,8818,-4851
120900120,68,1022,-954
120900121,71,612,-541
120900122,433,1075,-642
120900123,6,729,-723
120900124,4,1111,-1107
120900125,4,1728,-1724
120900126,1875,1120,755
120900127,7,822,-815
120900128,1254,1704,-450
120900129,72,481,-409
120900130,10,472,-462
120900131,52,106,-54
120900132,670,495,175
120900133,241,1617,-1376
120900134,935,574,361
120900135,11,918,-907
120900136,21,47,-26
120900137,199,154,45
120900138,12,287,-275
120900139,7,1118,-1111
120900140,3,91,-88
120900141,191,158,33
120900142,38,1370,-1332
120900143,3,1351,-1348
120900144,1,262,-261
120900145,105,1292,-1187
120900146,3,1403,-1400
120900147,4,539,-535
120900148,145,239,-94
120900149,0,584,-584
120900150,31,947,-916
120900151,1,936,-935
120900152,1,52,-51
120900153,8,105,-97
120900154,3,483,-480
120900155,155,1660,-1505
120900156,68,543,-475
120900157,89,304,-215
120900158,53,747,-694
120900159,234,497,-263
120900160,32,616,-584
120900161,41,756,-715
120900162,36,818,-782
120900163,26,342,-316
120900164,2,3,-1
120900165,3,13,-10
120900166,283,158,125
120900167,738,152,586
120900169,75,697,-622
120900170,4236,2416,1820
120900171,1286,614,672
120900172,1868,298,1570
120900173,0,110,-110
120900174,24,162,-138
120900175,324,373,-49
120900176,20,357,-337
120900177,1,934,-933
120900178,0,386,-386
120900179,1164,646,518
120900180,137,99,38
120900181,75,108,-33
120900182,41,1103,-1062
120900183,311,141,170
120900184,147,102,45
120900185,3,542,-539
120900186,1,762,-761
120900187,383,1229,-846
120900188,116,10,106
120900189,354,908,-554
120900190,50,15,35
120900191,5,44,-39
120900192,19459,5070,14389
120900194,45,100,-55
120900195,100,273,-173
120900196,1053,82,971
120900197,499,106,393
120900198,237,878,-641
120900199,304,347,-43
120900200,101,204,-103
120900201,780,154,626
120900202,1,319,-318
120900203,36,106,-70
120900204,197,516,-319
120900205,98,125,-27
120900206,10,46,-36
120900207,104,1952,-1848
121000001,1940,1429,511
121000002,6999,3652,3347
121000003,5418,2733,2685
121000004,4033,12991,-8958
121000005,3238,4062,-824
121000006,4949,2527,2422
121000007,5446,3524,1922
121000008,13316,5842,7474
121000009,9957,8300,1657
121000010,15474,11121,4353
121000011,10974,17333,-6359
121000012,19750,16329,3421
121000013,6753,10763,-4010
121000014,8934,11692,-2758
121000015,8677,9459,-782
121000016,6367,7857,-1490
121000017,2758,4684,-1926
121000018,2470,2523,-53
121000019,23274,13686,9588
121000020,14546,14437,109
121000021,3724,4029,-305
121000022,2278,2408,-130
121000023,4842,4400,442
121000024,3795,5190,-1395
121000025,1064,2168,-1104
121000026,529,210,319
121000027,2375,1295,1080
121000028,1211,545,666
121000029,1684,1003,681
121000030,900,555,345
121000031,1251,868,383
121000032,270,118,152
121000034,1842,214,1628
121000035,666,116,550
121000036,2519,1409,1110
121000037,1402,831,571
121000038,1280,914,366
121000039,1075,661,414
121000041,599,668,-69
121000042,347,440,-93
121000043,1206,1021,185
121000044,3595,1122,2473
121000045,447,345,102
121000046,587,1116,-529
121000047,113,109,4
121000049,2854,901,1953
121000050,478,1565,-1087
121000051,1276,385,891
121000052,536,872,-336
121000053,851,132,719
121000054,84,413,-329
121000055,2290,1494,796
121000056,1261,1320,-59
121000057,319,572,-253
121000058,453,144,309
121000059,3154,2189,965
121000060,663,1028,-365
121000061,800,207,593
121000062,243,250,-7
121000063,1316,897,419
121000064,1179,1106,73
121000065,1099,458,641
121000066,1175,514,661
121000067,1718,391,1327
121000068,951,469,482
121000069,1401,561,840
121000070,3450,1519,1931
121000071,1988,1763,225
121000072,2336,1001,1335
121000073,3483,971,2512
121000074,181,219,-38
121000075,108,155,-47
121000076,1968,458,1510
121000077,279,223,56
121000078,204,159,45
121000080,3125,933,2192
121000081,4107,5907,-1800
121000082,241,431,-190
121000083,537,174,363
121000084,326,189,137
121000085,367,852,-485
121000086,172,973,-801
121000087,146,273,-127
121000088,561,896,-335
121000089,539,428,111
121000090,785,399,386
121000091,2099,1192,907
121000092,182,125,57
121000093,118,280,-162
121000094,405,887,-482
121000095,461,660,-199
121000096,2601,3077,-476
121000097,1508,2430,-922
121000098,486,1580,-1094
121000099,599,1172,-573
121000100,1020,794,226
121000101,380,332,48
121000102,172,462,-290
121000103,200,308,-108
121000104,229,205,24
121000105,423,265,158
121000106,241,463,-222
121000107,3807,5058,-1251
121000109,2117,1311,806
121000110,370,940,-570
121000114,4424,2527,1897
121000115,1410,1055,355
121000116,502,1230,-728
121000117,1190,441,749
121000118,1755,348,1407
121000119,453,547,-94
121000120,380,578,-198
121000121,702,1244,-542
121000123,1984,707,1277
121000127,338,194,144
121000128,789,628,161
121000129,688,559,129
121000130,500,1315,-815
121000131,2272,1795,477
121000132,1516,1598,-82
121000135,368,341,27
121000136,1481,488,993
121000137,452,237,215
121000138,1238,1003,235
121000139,724,84,640
121000141,617,165,452
121000142,1471,867,604
121000143,94,23,71
121000144,1011,2156,-1145
121000145,843,1626,-783
121000146,2272,1337,935
121000147,1344,832,512
121000148,1569,1373,196
121000149,4065,1764,2301
121000152,866,1439,-573
121000153,2659,1370,1289
121000154,1210,2045,-835
121000155,2199,1902,297
121000156,499,1824,-1325
121000157,1534,3586,-2052
121000158,424,1189,-765
121000159,258,944,-686
121000160,397,826,-429
121000161,229,408,-179
121000162,69,287,-218
121000165,2288,2147,141
121000166,52,1022,-970
121000168,792,495,297
121000169,105,191,-86
121000170,543,466,77
121000171,60,218,-158
121000172,858,704,154
121000173,1533,1275,258
121000174,339,473,-134
121000175,1357,535,822
121000176,574,311,263
121000177,2225,882,1343
121000178,150,54,96
121000179,188,52,136
121000181,408,699,-291
121000182,132,221,-89
121000183,55,68,-13
121000184,180,60,120
121000185,45,192,-147
121000186,236,434,-198
121000187,180,262,-82
121000188,252,325,-73
121000192,992,621,371
121000193,950,711,239
121000194,3664,2843,821
121000195,926,1357,-431
121000196,2096,338,1758
121000197,566,960,-394
121000198,811,120,691
121000199,421,598,-177
121000200,920,112,808
121000201,31,263,-232
121000202,2630,145,2485
121000203,983,2441,-1458
121000204,3132,883,2249
121000205,436,359,77
121000206,285,49,236
121000207,2198,572,1626
121000208,27,467,-440
121000209,303,548,-245
121000210,300,898,-598
121000211,435,176,259
121000212,353,1195,-842
121000213,11528,4319,7209
121000214,994,4438,-3444
121000215,1977,1178,799
121000216,1040,1065,-25
121000217,8480,5060,3420
121000218,1114,2510,-1396
121000219,4071,613,3458
121000220,525,58,467
121000221,241,464,-223
121000222,3885,2997,888
121000223,1453,370,1083
121000224,810,156,654
121000225,4602,1518,3084
121000226,12594,1452,11142
121000227,9,403,-394
121000228,29,932,-903
121000229,405,644,-239
121000230,83,2280,-2197
121000231,908,49,859
121000232,484,422,62
121000233,1011,406,605
121000234,32,36,-4
121000235,62,43,19
121000236,3,70,-67
121000237,39,7,32
121000238,5,79,-74
121000239,43,4,39
121000240,16,477,-461
121000241,107,6,101
121000242,47,218,-171
121000243,287,99,188
121000244,13,72,-59
121000245,83,8,75
121000246,4,128,-124
121000247,91,2,89
121000248,838,820,18
121000249,194,406,-212
121000250,953,187,766
121000251,28,694,-666
121000252,132,111,21
121000253,782,674,108
121000254,1402,423,979
121000255,522,218,304
121000256,839,206,633
121000257,82,100,-18
121000258,344,59,285
121000259,182,55,127
121000260,460,208,252
121000261,541,49,492
121000262,1369,1617,-248
121000263,371,547,-176
121000271,503,2499,-1996
121000273,434,18,416
121000274,55,74,-19
121000275,2,39,-37
121000276,7,29,-22
121000278,241,70,171
121000279,156,23,133
121000280,237,66,171
121000289,267,33,234
121000290,1997,879,1118
121000294,100,199,-99
121000297,1462,1946,-484
121000299,697,304,393
121000300,935,552,383
121000302,95,1124,-1029
121000303,684,549,135
121000304,583,63,520
121000305,192,59,133
121000306,165,187,-22
121000308,279,838,-559
121000309,836,897,-61
121000310,286,520,-234
121000311,126,1202,-1076
121000312,431,316,115
121000313,658,1003,-345
121000314,159,187,-28
121000315,62,203,-141
121000530,1703,2070,-367
121000531,1516,2033,-517
121000532,7276,6829,447
121000533,3218,4149,-931
121000918,83,263,-180
121000919,69,60,9
121000938,93,229,-136
121000939,108,152,-44
121000956,956,2059,-1103
121000957,13,11,2
121000958,445,47,398
121000959,847,1096,-249
121000960,3171,2497,674
121000961,175,130,45
121000962,406,1865,-1459
121000963,0,0,0
121000973,1,176,-175
121000976,22,260,-238
121000979,314,119,195
121000981,382,179,203
121000982,364,295,69
121000983,738,559,179
121000984,86,49,37
121000985,641,1224,-583
121000986,465,506,-41
121000987,456,2102,-1646
121000988,1133,202,931
121001302,608,255,353
121001308,43,10,33
121001309,269,63,206
121001313,251,357,-106
121001314,4126,5198,-1072
121001315,5751,3411,2340
121001326,549,484,65
121900001,111,180,-69
121900002,173,16,157
121900003,488,20,468
121900004,415,447,-32
121900005,33,5,28
121900006,150,34,116
121900007,2992,3487,-495
121900008,1676,262,1414
121900009,654,18,636
121900010,230,5,225
121900011,274,376,-102
121900012,54,0,54
121900013,2495,71,2424
121900014,1813,529,1284
121900015,257,233,24
121900016,14,40,-26
121900017,543,661,-118
121900018,428,10,418
121900019,360,350,10
121900020,67,0,67
121900021,1725,27,1698
121900022,268,262,6
121900023,88,423,-335
121900024,520,110,410
121900025,799,528,271
121900026,485,49,436
121900027,377,123,254
121900028,386,39,347
121900029,149,228,-79
121900030,832,1147,-315
121900031,2078,11531,-9453
121900032,85,122,-37
121900033,192,200,-8
121900034,810,100,710
121900035,3166,3389,-223
121900036,134,472,-338
121900037,164,699,-535
121900038,36,205,-169
121900039,668,60,608
121900040,51,82,-31
121900041,102,160,-58
121900042,360,168,192
121900043,4,7,-3
121900044,276,95,181
121900046,258,233,25
121900047,220,66,154
121900048,23,147,-124
121900050,22,29,-7
121900051,175,215,-40
121900052,126,44,82
121900053,377,697,-320
121900054,924,1075,-151
121900055,10,18,-8
121900058,559,284,275
121900059,605,208,397
121900060,202,463,-261
121900061,194,147,47
121900062,91,110,-19
121900063,1849,351,1498
121900064,293,915,-622
121900066,54,17,37
121900067,55,32,23
121900069,220,187,33
121900070,559,120,439
121900071,259,285,-26
121900072,43,247,-204
121900073,370,261,109
121900074,673,1198,-525
121900075,1852,406,1446
121900076,1174,740,434
121900078,82,25,57
121900079,3,1,2
121900080,968,448,520
121900082,35,113,-78
121900084,8,232,-224
121900086,16,38,-22
121900087,239,92,147
121900088,2097,3650,-1553
121900089,244,524,-280
121900090,17,158,-141
121900091,63,192,-129
121900092,71,87,-16
121900093,76,96,-20
121900094,32,14,18
121900095,245,171,74
121900096,2051,692,1359
121900097,747,200,547
121900098,4,0,4
121900099,250,54,196
121900100,196,320,-124
121900101,220,142,78
121900102,8,138,-130
121900103,976,182,794
121900104,1356,550,806
121900105,283,219,64
121900106,5,2,3
121900107,69,23,46
121900108,3,57,-54
121900109,604,188,416
121900110,394,1538,-1144
121900111,1034,107,927
121900112,197,109,88
121900113,192,803,-611
121900114,34,170,-136
121900117,250,43,207
121900118,3344,690,2654
121900119,227,171,56
121900120,53,2365,-2312
121900121,889,71,818
121900122,31,64,-33
121900123,280,782,-502
121900124,88,128,-40
121900125,1062,1587,-525
121900127,21,115,-94
121900128,130,122,8
121900129,804,187,617
121900130,378,305,73
121900131,348,57,291
121900132,61,93,-32
121900133,139,496,-357
121900134,53,124,-71
121900135,2789,322,2467
121900136,356,671,-315
121900137,88,423,-335
121900138,180,259,-79
121900139,608,714,-106
121900140,92,188,-96
121900141,73,17,56
121900142,116,163,-47
121900143,20,240,-220
121900144,246,326,-80
121900145,191,251,-60
121900146,970,914,56
121900147,87,249,-162
121900148,268,333,-65
121900149,665,863,-198
121900150,84,196,-112
121900151,84,355,-271
121900152,163,186,-23
121900153,84,548,-464
121900154,8,244,-236
121900155,1,112,-111
121900156,168,85,83
121900157,4,591,-587
121900158,60,88,-28
121900159,3,323,-320
121900160,59,282,-223
121900161,621,440,181
121900162,132,147,-15
121900163,222,766,-544
121900164,482,248,234
121900165,289,225,64
121900166,183,196,-13
121900167,200,163,37
121900168,217,208,9
121900169,3,375,-372
121900170,5,447,-442
121900171,704,730,-26
121900172,559,348,211
121900173,1381,255,1126
121900174,31,55,-24
121900175,491,183,308
121900176,836,2117,-1281
121900177,179,86,93
121900178,102,113,-11
121900179,510,133,377
121900180,6743,4452,2291
121900182,1873,336,1537
121900183,488,822,-334
121900184,71,708,-637
121900186,17,313,-296
121900187,23,142,-119
121900188,696,965,-269
121900189,45,95,-50
121900190,787,736,51
121900191,57,331,-274
121900192,554,861,-307
121900193,70,250,-180
121900194,9,151,-142
121900195,104,73,31
121900196,1428,1658,-230
121900197,598,2792,-2194
121900198,1197,2250,-1053
121900199,9,27,-18
121900200,414,274,140
121900201,1226,636,590
121900202,235,600,-365
121900203,237,1530,-1293
121900204,1224,2173,-949
121900205,46,141,-95
121900206,16,16,0
121900207,219,82,137
121900208,373,319,54
121900209,33,26,7
121900210,2418,1610,808
121900211,470,1535,-1065
121900212,186,142,44
121900213,135,145,-10
121900214,7,757,-750
121900215,54,86,-32
121900216,285,108,177
121900217,301,92,209
121900218,261,738,-477
121900220,150,11,139
121900221,377,808,-431
121900222,269,229,40
121900223,275,86,189
121900224,128,67,61
121900225,572,84,488
121900226,321,797,-476
121900227,209,558,-349
121900228,339,605,-266
121900230,212,225,-13
121900231,522,1240,-718
121900232,559,544,15
121900233,289,239,50
121900234,553,458,95
121900235,498,301,197
121900236,375,190,185
121900237,295,245,50
121900238,240,307,-67
121900239,156,31,125
121900240,144,122,22
121900241,25,68,-43
121900242,8,6,2
121900243,10,0,10
121900244,9,0,9
121900245,229,104,125
121900246,3339,608,2731
121900248,1475,1508,-33
121900250,263,321,-58
121900251,317,44,273
121900252,622,178,444
121900253,257,1289,-1032
121900254,842,341,501
121900255,301,113,188
121900258,3517,2750,767
121900259,425,853,-428
121900260,60,226,-166
121900261,215,911,-696
121900262,530,2008,-1478
121900263,177,521,-344
121900264,2668,2468,200
121900265,356,453,-97
121900266,255,246,9
121900267,101,61,40
121900269,236,673,-437
121900270,33,223,-190
121900271,29,187,-158
121900273,1231,2859,-1628
121900274,316,247,69
121900277,520,1487,-967
121900278,298,854,-556
121900279,159,205,-46
121900280,499,359,140
121900281,698,255,443
121900284,54,10,44
121900286,104,131,-27
121900287,14,33,-19
121900288,11,3,8
121900290,314,342,-28
121900291,718,819,-101
121900292,670,223,447
121900293,1213,4056,-2843
121900294,266,7,259
121900295,146,373,-227
121900296,198,97,101
121900298,872,725,147
121900299,0,0,0
121900300,42,1,41
121900301,82,12,70
121900302,0,37,-37
121900303,1068,470,598
121900304,23,10,13
121900305,4,7,-3
121900306,123,0,123
121900307,21,4,17
121900308,14,291,-277
121900309,15,261,-246
121900310,42,501,-459
121900311,378,35,343
121900312,218,20,198
121900313,557,26,531
121900314,2,74,-72
121900315,17,0,17
121900316,0,59,-59
121900317,10,1,9
121900318,1,15,-14
121900319,23,218,-195
121900320,80,112,-32
121900321,4,3,1
121900322,0,37,-37
121900323,43,27,16
121900324,16,121,-105
121900325,4,5,-1
121900326,2,12,-10
121900327,1,33,-32
121900328,0,11,-11
121900329,1,118,-117
121900330,1,28,-27
121900331,178,17,161
121900332,89,49,40
121900333,77,21,56
121900334,397,122,275
122000001,2837,4718,-1881
122000002,5670,1987,3683
122000003,2165,2260,-95
122000004,3454,1833,1621
122000005,4013,1526,2487
122000006,3789,783,3006
122000007,2133,2359,-226
122000008,6769,7119,-350
122000009,746,448,298
122000010,2586,4895,-2309
122000011,3850,1603,2247
122000012,2145,1556,589
122000013,5495,2109,3386
122000014,2513,4297,-1784
122000015,2264,1393,871
122000016,975,1091,-116
122000017,1439,1357,82
122000018,1976,1220,756
122000019,1346,1939,-593
122000020,231,275,-44
122000021,800,507,293
122000022,2222,2259,-37
122000023,885,5024,-4139
122000024,1600,1237,363
122000025,4141,1638,2503
122000026,1940,1022,918
122000027,740,9041,-8301
122000028,870,556,314
122000029,877,431,446
122000030,368,202,166
122000031,365,452,-87
122000032,3256,5439,-2183
122000033,1995,1266,729
122000034,1895,927,968
122000035,471,1871,-1400
122000036,943,643,300
122000037,483,374,109
122000038,419,420,-1
122000039,908,806,102
122000040,433,1434,-1001
122000041,1046,653,393
122000042,688,496,192
122000043,195,228,-33
122000044,217,336,-119
122000045,2568,652,1916
122000046,1435,1737,-302
122000047,517,333,184
122000048,4776,6841,-2065
122000049,7798,2763,5035
122000050,3253,904,2349
122000051,882,375,507
122000052,988,355,633
122000053,302,656,-354
122000054,3560,2341,1219
122000055,4820,3308,1512
122000056,6448,6257,191
122000057,4449,4408,41
122000058,6285,1223,5062
122000059,4478,2149,2329
122000060,1103,762,341
122000061,764,605,159
122000062,2070,344,1726
122000063,2040,916,1124
122000064,7196,3153,4043
122000065,9980,3215,6765
122000066,955,578,377
122000067,5101,1658,3443
122000068,1947,2929,-982
122000069,1856,1120,736
122000070,1145,9534,-8389
122000071,1469,3339,-1870
122000072,668,550,118
122000073,765,753,12
122000074,4019,2208,1811
122000075,814,3286,-2472
122000076,2579,1354,1225
122000077,2099,719,1380
122000078,3752,2752,1000
122000079,2780,1034,1746
122000080,2188,528,1660
122000081,427,599,-172
122000082,1279,793,486
122000083,1756,5561,-3805
122000084,1664,1133,531
122000085,413,4272,-3859
122000086,3109,9440,-6331
122000087,515,256,259
122000088,350,375,-25
122000089,11786,6504,5282
122000090,497,609,-112
122000091,859,79,780
122000092,617,45,572
122000093,5017,1070,3947
122000094,13104,2397,10707
122000095,4593,3851,742
122000096,3623,2814,809
122000098,4175,1884,2291
122000099,7032,835,6197
122000100,2118,1149,969
122000101,358,2448,-2090
122000102,2329,1210,1119
122000103,2841,1613,1228
122000104,388,183,205
122000105,554,288,266
122000106,692,608,84
122000107,1306,759,547
122000108,487,913,-426
122000109,525,674,-149
122000110,462,556,-94
122000111,3794,1311,2483
122000112,1156,2160,-1004
122000113,1034,938,96
122000114,8928,2336,6592
122000115,1934,4294,-2360
122000116,539,691,-152
122000117,1502,499,1003
122000118,569,830,-261
122000119,3893,2706,1187
122000120,2733,4975,-2242
122000121,3554,3509,45
122000122,950,1909,-959
122000123,2764,2540,224
122000124,1291,781,510
122000125,709,804,-95
122000126,770,1128,-358
122000127,1728,1319,409
122000128,924,1126,-202
122000129,575,1854,-1279
122000130,4209,1425,2784
122000131,1935,1625,310
122000132,911,654,257
122000133,1477,2522,-1045
122000134,910,793,117
122000135,891,939,-48
122000136,824,596,228
122000137,1896,972,924
122000139,3827,5518,-1691
122000140,3381,744,2637
122000141,6865,1475,5390
122000142,1074,984,90
122000143,627,623,4
122000144,2614,1635,979
122000145,3587,997,2590
122000146,1169,1271,-102
122000147,1902,689,1213
122000148,4347,1628,2719
122000149,2336,1857,479
122000150,1880,1219,661
122000151,360,536,-176
122000152,604,516,88
122000153,609,406,203
122000154,486,270,216
122000155,1738,3692,-1954
122000156,1881,2297,-416
122000157,2944,1404,1540
122000158,774,747,27
122000159,1804,2485,-681
122000160,4709,2931,1778
122000161,1327,1278,49
122000162,2360,2247,113
122000163,254,95,159
122000164,51,59,-8
122000165,1256,932,324
122000166,2202,2108,94
122000167,237,204,33
122000168,351,729,-378
122000169,1083,250,833
122000170,380,389,-9
122000171,58,71,-13
122000172,1633,2216,-583
122000173,1490,2933,-1443
122000174,3881,1182,2699
122000175,1811,500,1311
122000176,448,879,-431
122000177,2522,1846,676
122000178,4086,6616,-2530
122000179,2596,4074,-1478
122000180,2404,1670,734
122000181,2773,4278,-1505
122000182,2605,1950,655
122000183,2386,1894,492
122000184,2682,2264,418
122000185,1315,1448,-133
122000186,878,945,-67
122000187,4050,1483,2567
122000188,702,348,354
122000189,367,601,-234
122000190,2435,1403,1032
122000191,1713,903,810
122000192,1525,381,1144
122000193,619,635,-16
122000194,1658,318,1340
122000195,534,507,27
122000196,1197,700,497
122000197,583,619,-36
122000198,1233,965,268
122000199,977,517,460
122000200,2513,1330,1183
122000201,1621,1850,-229
122000202,1632,1254,378
122000203,3531,1638,1893
122000204,2090,2622,-532
122000205,1759,2732,-973
122000206,3380,1138,2242
122000207,2108,1625,483
122000208,5623,1965,3658
122000209,5633,627,5006
122000210,3942,2543,1399
122000211,3886,1225,2661
122000212,1443,697,746
122000213,1822,1721,101
122000214,3066,2823,243
122000215,2539,1884,655
122000217,3825,1573,2252
122000218,1582,160,1422
122000219,2128,1290,838
122000220,503,754,-251
122000221,175,851,-676
122000222,790,191,599
122000223,1790,531,1259
122000225,1238,365,873
122000226,2117,2820,-703
122000227,544,5635,-5091
122000228,500,489,11
122000229,48,623,-575
122000230,50,807,-757
122000231,289,971,-682
122000232,792,1370,-578
122000233,1,131,-130
122000234,320,257,63
122000235,811,266,545
122000236,924,197,727
122000237,97,74,23
122000238,286,395,-109
122000239,634,164,470
122000240,1567,560,1007
122000241,1543,618,925
122000242,759,135,624
122000243,355,114,241
122000244,74,725,-651
122000245,111,485,-374
122000246,342,293,49
122000247,722,1189,-467
122000248,2085,3063,-978
122000249,909,1120,-211
122000250,2229,1678,551
122000251,246,642,-396
122000252,581,139,442
122000253,33,346,-313
122000254,245,91,154
122000255,903,2169,-1266
122000256,486,2270,-1784
122000257,126,523,-397
122000258,216,308,-92
122000259,28,851,-823
122000260,8,139,-131
122000261,5,301,-296
122000262,1,85,-84
122000263,283,134,149
122000264,2211,665,1546
122000265,5385,1168,4217
122000266,11585,868,10717
122000267,97,113,-16
122000268,370,581,-211
122000269,1888,376,1512
122000270,3917,143,3774
122000271,1010,1359,-349
122000272,431,1364,-933
122000273,558,575,-17
122000274,312,243,69
122000275,71,310,-239
122000276,716,773,-57
122000277,1198,1868,-670
122000278,1292,1203,89
122000279,228,583,-355
122000280,1189,916,273
122000281,1057,1015,42
122000282,169,226,-57
122000283,342,87,255
122000284,164,113,51
122000285,514,120,394
122000286,165,254,-89
122000287,1127,1747,-620
122000288,595,366,229
122000291,1579,741,838
122000293,614,320,294
122000294,170,304,-134
122000295,2196,292,1904
122000296,97,793,-696
122000297,4089,4025,64
122000299,402,602,-200
122000300,632,785,-153
122000301,19298,3784,15514
122000302,1182,1600,-418
122000303,6092,1747,4345
122000304,81,294,-213
122000305,970,1319,-349
122000306,55,1087,-1032
122000307,220,216,4
122000309,152,86,66
122000310,88,85,3
122000311,378,265,113
122000312,256,155,101
122000313,114,86,28
122000314,243,327,-84
122000315,288,23,265
122000316,702,251,451
122000317,1320,303,1017
122000318,344,623,-279
122000319,411,915,-504
122000320,525,3617,-3092
122000321,245,407,-162
122000322,2950,5956,-3006
122000323,2146,3135,-989
122000324,2294,2302,-8
122000325,1198,1915,-717
122000326,54,163,-109
122000327,697,943,-246
122000328,2438,1001,1437
122000330,3029,828,2201
122000332,281,399,-118
122000333,14,235,-221
122000337,976,2319,-1343
122000338,487,494,-7
122000340,936,366,570
122000342,3987,1440,2547
122000343,594,2051,-1457
122000344,46,34,12
122000345,13,67,-54
122000346,347,831,-484
122000348,618,886,-268
122000349,125,798,-673
122000351,176,270,-94
122000352,389,124,265
122000353,91,173,-82
122000355,178,227,-49
122000356,4686,1015,3671
122000357,56,36,20
122000358,0,75,-75
122000359,0,42,-42
122000360,0,59,-59
122000362,7,144,-137
122000364,120,496,-376
122000365,5,40,-35
122000366,9,7,2
122000368,725,895,-170
122000370,16,76,-60
122000371,16,0,16
122000372,15,6,9
122000381,68,555,-487
122000382,99,258,-159
122000384,8643,3368,5275
122000385,69,0,69
122000386,2501,1827,674
122000387,2430,610,1820
122000388,6186,683,5503
122000389,496,831,-335
122000390,1343,325,1018
122000391,655,159,496
122000392,225,233,-8
122000393,110,210,-100
122000394,618,363,255
122000395,193,242,-49
122000396,461,186,275
122000397,91,164,-73
122000398,57,100,-43
122000399,179,79,100
122000400,409,497,-88
122000401,219,119,100
122000402,314,219,95
122000403,563,1468,-905
122000404,162,466,-304
122000408,883,1707,-824
122000503,12,235,-223
122000524,204,121,83
122000544,101,7926,-7825
122000614,617,644,-27
122000616,313,3,310
122000640,71,216,-145
122000641,102,542,-440
122000642,1324,1473,-149
122000643,40,222,-182
122000644,209,39,170
122000645,109,500,-391
122000651,4279,891,3388
122000664,370,56,314
122000665,1242,603,639
122000666,757,1625,-868
122000673,84,467,-383
122000674,163,62,101
122000675,2137,2037,100
122000686,479,1628,-1149
122000687,3706,505,3201
122000688,262,1099,-837
122000689,985,819,166
122000690,1262,799,463
122000691,404,3422,-3018
122000692,1447,430,1017
122000693,494,2175,-1681
122000695,343,791,-448
122000696,359,450,-91
122000698,316,1136,-820
122000699,192,58,134
122000701,1524,537,987
122000702,611,2881,-2270
122000703,220,146,74
122000712,0,0,0
122000717,320,79,241
122000718,1251,2619,-1368
122000719,245,73,172
122000720,377,397,-20
122000724,329,444,-115
122900001,25,5,20
122900002,1761,5558,-3797
122900003,497,55,442
122900004,1072,49,1023
122900005,89,39,50
122900006,847,463,384
122900007,298,36,262
122900008,746,70,676
122900009,1257,583,674
122900010,214,297,-83
122900012,221,324,-103
122900014,197,381,-184
122900015,3363,842,2521
122900016,221,394,-173
122900017,953,1088,-135
122900018,460,24,436
122900019,14,177,-163
122900020,468,479,-11
122900021,84,853,-769
122900022,673,1104,-431
122900023,339,245,94
122900024,130,112,18
122900025,10,195,-185
122900026,175,332,-157
122900027,100,1090,-990
122900028,163,207,-44
122900029,6021,4436,1585
122900030,1849,531,1318
122900031,384,287,97
122900032,136,355,-219
122900033,253,157,96
122900034,4970,10966,-5996
122900035,148,65,83
122900036,93,505,-412
122900037,754,157,597
122900038,333,4518,-4185
122900039,105,537,-432
122900040,680,381,299
122900041,168,177,-9
122900042,173,373,-200
122900043,1022,227,795
122900044,174,482,-308
122900045,137,95,42
122900046,129,79,50
122900047,1002,254,748
122900048,71,450,-379
122900049,2038,157,1881
122900051,158,136,22
122900052,91,170,-79
122900053,24,24,0
122900055,508,149,359
122900057,657,44,613
122900061,523,203,320
122900062,476,599,-123
122900063,206,450,-244
122900064,1241,666,575
122900065,769,176,593
122900066,582,301,281
122900067,2021,1061,960
122900069,239,1772,-1533
122900070,375,62,313
122900071,174,536,-362
122900073,45,417,-372
122900074,703,897,-194
122900075,3,110,-107
122900076,12,353,-341
122900077,1,177,-176
122900078,109,184,-75
122900080,104,31,73
122900081,810,155,655
122900082,1055,251,804
122900083,206,174,32
122900084,4,336,-332
122900086,13,61,-48
122900087,336,624,-288
122900088,71,114,-43
122900089,15,128,-113
122900090,15,926,-911
122900091,230,0,230
122900092,0,306,-306
122900093,0,444,-444
122900094,2,328,-326
122900095,186,4,182
122900096,633,757,-124
122900097,50,25,25
122900098,126,169,-43
122900099,29,11,18
122900100,527,347,180
122900101,1476,454,1022
122900102,26,13,13
122900103,125,12,113
122900104,64,4,60
122900105,8,4,4
122900106,4,144,-140
122900107,14,309,-295
122900108,7,385,-378
122900109,234,199,35
123000001,3020,443,2577
123000002,8272,4092,4180
123000003,5188,5232,-44
123000004,4141,6557,-2416
123000005,3281,4643,-1362
123000006,3783,4116,-333
123000007,4241,4213,28
123000008,3786,5152,-1366
123000009,7162,3992,3170
123000010,5128,4668,460
123000011,10359,1238,9121
123000012,2544,3444,-900
123000013,6112,1168,4944
123000014,2610,5595,-2985
123000015,6219,1218,5001
123000016,8712,4947,3765
123000017,3944,1830,2114
123000018,74,117,-43
123000019,207,391,-184
123000020,118,176,-58
123000021,62,280,-218
123000022,589,2539,-1950
123000023,1863,1845,18
123000024,2288,863,1425
123000025,385,154,231
123000026,24,153,-129
123000027,402,325,77
123000028,1215,251,964
123000029,1544,470,1074
123000030,644,734,-90
123000031,194,497,-303
123000032,317,450,-133
123000033,659,104,555
123000034,1258,1036,222
123000035,298,471,-173
123000036,280,1075,-795
123000037,268,365,-97
123000038,134,342,-208
123000039,704,1371,-667
123000040,1748,428,1320
123000041,2229,1003,1226
123000042,2085,657,1428
123000043,5002,7195,-2193
123000044,7821,2710,5111
123000045,11617,2959,8658
123000046,1487,1579,-92
123000047,3599,1789,1810
123000048,71,526,-455
123000049,9481,8539,942
123000050,1155,1870,-715
123000051,135,296,-161
123000052,877,3887,-3010
123000053,2410,4484,-2074
123000054,1715,1820,-105
123000055,1201,2274,-1073
123000056,1752,2502,-750
123000057,24736,8447,16289
123000058,1033,1178,-145
123000059,519,617,-98
123000060,932,476,456
123000061,261,1211,-950
123000063,992,1137,-145
123000064,1241,365,876
123000065,10657,5537,5120
123000066,1286,1298,-12
123000067,984,758,226
123000068,4737,4938,-201
123000069,8443,5154,3289
123000070,401,1251,-850
123000071,859,1592,-733
123000072,997,2097,-1100
123000073,1378,1286,92
123000074,1515,2958,-1443
123000075,564,1385,-821
123000076,881,1377,-496
123000077,3029,4850,-1821
123000078,1606,2846,-1240
123000079,1590,3093,-1503
123000080,2666,3477,-811
123000081,195,868,-673
123000082,426,1614,-1188
123000083,1347,323,1024
123000084,805,1306,-501
123000085,249,178,71
123000086,516,527,-11
123000087,465,573,-108
123000088,1449,1628,-179
123000089,578,2306,-1728
123000090,1745,1704,41
123000091,2085,2348,-263
123000092,1495,1838,-343
123000094,767,415,352
123000095,450,1082,-632
123000096,699,620,79
123000097,602,1496,-894
123000098,788,923,-135
123000099,775,1278,-503
123000100,584,863,-279
123000101,740,810,-70
123000102,762,878,-116
123000104,518,612,-94
123000105,728,717,11
123000106,722,635,87
123000107,502,877,-375
123000108,1095,2070,-975
123000111,923,516,407
123000112,987,937,50
123000113,534,1876,-1342
123000114,724,922,-198
123000115,361,504,-143
123000116,38,283,-245
123000117,1889,3271,-1382
123000118,542,1373,-831
123000119,357,1583,-1226
123000120,614,1374,-760
123000121,762,739,23
123000122,549,330,219
123000123,617,802,-185
123000124,773,652,121
123000125,1343,1232,111
123000126,3241,5544,-2303
123000127,1688,1153,535
123000128,495,654,-159
123000129,650,362,288
123000130,620,121,499
123000131,1221,1027,194
123000132,629,930,-301
123000133,496,585,-89
123000134,664,408,256
123000135,1649,1465,184
123000136,307,1650,-1343
123000137,162,573,-411
123000138,153,646,-493
123000139,722,258,464
123000140,137,1015,-878
123000141,1058,175,883
123000142,1203,1391,-188
123000143,2805,3598,-793
123000144,50,43,7
123000145,320,107,213
123000146,109,122,-13
123000147,168,158,10
123000149,444,470,-26
123000150,385,396,-11
123000151,433,617,-184
123000152,83,504,-421
123000153,329,906,-577
123000154,2671,3409,-738
123000155,3299,1290,2009
123000156,59,159,-100
123000157,812,1150,-338
123000158,896,1249,-353
123000159,5794,2774,3020
123000160,1757,1163,594
123000161,1576,1606,-30
123000162,991,2041,-1050
123000163,517,85,432
123000164,1481,319,1162
123000165,424,2295,-1871
123000166,56,230,-174
123000167,164,422,-258
123000168,247,388,-141
123000169,918,165,753
123000170,129,443,-314
123000171,576,127,449
123000172,234,878,-644
123000173,742,305,437
123000174,1171,455,716
123000175,1004,1697,-693
123000176,1019,294,725
123000177,387,1223,-836
123000178,1034,149,885
123000179,74,1005,-931
123000180,1185,451,734
123000181,315,1350,-1035
123000183,163,720,-557
123000184,118,1033,-915
123000186,6,890,-884
123000187,499,12,487
123000188,320,2,318
123000189,221,283,-62
123000190,56,77,-21
123000192,33,548,-515
123000193,76,1024,-948
123000194,729,475,254
123000195,277,22,255
123000196,289,30,259
123000197,99,160,-61
123000198,34,274,-240
123000199,10,791,-781
123000200,477,19,458
123000201,759,34,725
123000202,19,1581,-1562
123000203,868,69,799
123000204,101,1437,-1336
123000205,616,2535,-1919
123000206,1728,230,1498
123000207,169,1212,-1043
123000208,752,147,605
123000209,2398,509,1889
123000210,582,2296,-1714
123000211,643,3350,-2707
123000212,2977,489,2488
123000213,717,66,651
123000215,267,170,97
123000216,254,816,-562
123000217,226,60,166
123000218,133,678,-545
123000219,1354,98,1256
123000220,698,140,558
123000221,252,157,95
123000222,563,593,-30
123000223,197,781,-584
123000224,657,987,-330
123000225,230,102,128
123000226,67,444,-377
123000227,104,465,-361
123000228,189,84,105
123000229,2014,2521,-507
123000232,99,872,-773
123000233,958,227,731
123000234,231,883,-652
123000235,719,461,258
123000236,270,1123,-853
123000237,397,105,292
123000238,133,987,-854
123000239,728,2369,-1641
123000240,82,500,-418
123000241,1701,184,1517
123000242,117,235,-118
123000243,903,1171,-268
123000244,1173,773,400
123000245,154,241,-87
123000249,696,1419,-723
123000252,1279,288,991
123000253,955,580,375
123000254,684,1329,-645
123000255,1276,1035,241
123000256,51,329,-278
123000257,3982,2910,1072
123000258,1554,2526,-972
123000259,361,591,-230
123000260,483,735,-252
123000261,186,253,-67
123000262,179,400,-221
123000263,419,111,308
123000264,245,81,164
123000265,66,241,-175
123000266,618,1052,-434
123000267,451,409,42
123000268,55,121,-66
123000269,29,55,-26
123000270,62,61,1
123000271,165,86,79
123000272,1123,411,712
123000273,467,809,-342
123000274,1616,654,962
123000275,424,1403,-979
123000278,4604,3636,968
123000279,154,192,-38
123000280,559,506,53
123000281,617,148,469
123000282,306,408,-102
123000283,122,81,41
123000284,61,186,-125
123000286,458,359,99
123000287,870,401,469
123000288,1978,841,1137
123000289,901,1180,-279
123000291,437,1071,-634
123000294,457,390,67
123000295,1127,1097,30
123000296,508,385,123
123000297,618,1533,-915
123000298,596,1029,-433
123000299,99,441,-342
123000300,1388,1460,-72
123000301,209,297,-88
123000302,120,312,-192
123000303,312,116,196
123000305,1723,1265,458
123000306,103,309,-206
123000309,80,92,-12
123000310,135,49,86
123000311,0,225,-225
123000312,1688,2032,-344
123000313,965,949,16
123000315,58,464,-406
123000316,3900,534,3366
123000317,319,66,253
123000318,57,413,-356
123000329,22,25,-3
123000337,476,327,149
123000338,723,56,667
123000339,208,369,-161
123000340,219,822,-603
123000342,24,296,-272
123000343,262,10,252
123000344,1619,694,925
123000345,401,914,-513
123000346,507,86,421
123000352,2830,945,1885
123000353,22,271,-249
123000354,399,10,389
123000355,2,747,-745
123000356,294,9,285
123000357,2,386,-384
123000359,2,296,-294
123000360,242,111,131
123000361,890,373,517
123000362,375,152,223
123000363,106,219,-113
123000364,871,620,251
123000365,25,480,-455
123000366,345,2316,-1971
123000367,1040,2435,-1395
123000370,40,438,-398
123000371,305,31,274
123000372,292,26,266
123000373,17,601,-584
123000374,3,312,-309
123000375,266,25,241
123000376,1277,949,328
123000377,326,30,296
123000378,25,464,-439
123000379,2,311,-309
123000380,137,345,-208
123000381,375,44,331
123000382,1370,114,1256
123000383,388,1417,-1029
123000384,866,113,753
123000385,750,967,-217
123000436,116,980,-864
123000507,234,796,-562
123000508,186,715,-529
123000517,336,27,309
123000518,56,419,-363
123000519,150,117,33
123000520,86,311,-225
123000521,402,161,241
123000522,176,719,-543
123000541,5,3,2
123000542,0,39,-39
123000565,570,39,531
123000566,185,1237,-1052
123000567,175,404,-229
123000573,53,1262,-1209
123000574,556,103,453
123000575,1432,1549,-117
123000576,717,3119,-2402
123000577,236,1182,-946
123000578,1151,72,1079
123000579,5726,5655,71
123000580,133,28,105
123000582,483,23,460
123000583,13,603,-590
123000584,308,434,-126
123000585,1,248,-247
123000586,100,0,100
123000596,215,204,11
123000597,99,220,-121
123000602,41,3,38
123000603,515,653,-138
123000604,634,1489,-855
123000605,1548,9,1539
123000606,0,447,-447
123000609,21,429,-408
123000610,225,118,107
123000613,56,321,-265
123000614,180,59,121
123000615,64,408,-344
123000616,487,77,410
123000617,146,572,-426
123000618,110,785,-675
123000619,727,56,671
123000620,30,720,-690
123000622,280,19,261
123000624,150,130,20
123000630,807,237,570
123000631,412,3520,-3108
123000632,2075,2295,-220
123000633,19,786,-767
123000634,237,169,68
123000635,364,119,245
123000636,180,1576,-1396
123000637,198,74,124
123000638,704,135,569
123000639,1253,3902,-2649
123000640,22,1362,-1340
123000648,504,89,415
123000649,55,876,-821
123000650,296,526,-230
123000651,38,940,-902
123900001,1705,97,1608
123900002,43,1646,-1603
123900003,553,928,-375
123900005,420,157,263
123900006,683,84,599
124000001,2054,151,1903
124000002,146,2445,-2299
124000003,642,206,436
124000004,62,882,-820
124000005,1002,515,487
124000006,373,1639,-1266
124000007,752,121,631
124000008,34,889,-855
124000009,608,345,263
124000010,184,933,-749
124000011,1785,362,1423
124000012,663,937,-274
124000017,210,137,73
124000018,119,162,-43
124000019,133,129,4
124000020,44,303,-259
124000021,198,91,107
124000022,138,333,-195
124000023,2410,1768,642
124000024,1232,932,300
124000025,1506,2318,-812
124000026,1347,1336,11
124000027,4887,5372,-485
124000028,3622,5098,-1476
124000030,2395,1121,1274
124000031,1267,2271,-1004
124000032,5784,1464,4320
124000033,999,863,136
124000034,2004,1479,525
124000035,335,181,154
124000036,195,810,-615
124000037,421,927,-506
124000038,45,115,-70
124000039,1165,409,756
124000040,640,935,-295
124000041,336,146,190
124000042,73,480,-407
124000043,159,157,2
124000044,58,347,-289
124000045,659,694,-35
124000046,324,1171,-847
124000047,1298,1273,25
124000048,920,2403,-1483
124000049,1626,947,679
124000050,801,3104,-2303
124000051,788,729,59
124000052,762,1590,-828
124000053,635,1428,-793
124000054,998,850,148
124000055,1524,2368,-844
124000056,5226,1853,3373
124000057,918,647,271
124000058,524,1908,-1384
124000059,562,1008,-446
124000060,1294,1201,93
124000061,1735,4858,-3123
124000062,6294,2362,3932
124000063,1691,2931,-1240
124000064,4075,2457,1618
124000065,216,236,-20
124000066,553,97,456
124000067,146,301,-155
124000068,242,233,9
124000069,549,322,227
124000070,176,574,-398
124000071,235,136,99
124000072,134,381,-247
124000073,1004,194,810
124000074,265,971,-706
124000075,257,51,206
124000076,6,315,-309
124000077,2293,767,1526
124000078,2679,1279,1400
124000079,642,1213,-571
124000080,344,171,173
124000081,149,993,-844
124000082,94,215,-121
124000083,89,299,-210
124000084,125,463,-338
124000085,86,84,2
124000086,116,177,-61
124000087,133,120,13
124000088,253,508,-255
124000089,808,522,286
124000090,176,495,-319
124000091,1396,262,1134
124000092,398,978,-580
124000093,116,145,-29
124000094,154,702,-548
124000095,55,122,-67
124000096,120,411,-291
124000097,112,212,-100
124000098,48,222,-174
124000099,257,162,95
124000100,85,143,-58
124000101,104,141,-37
124000102,175,170,5
124000103,102,123,-21
124000104,255,172,83
124000105,68,108,-40
124000106,305,185,120
124000107,19,194,-175
124000108,108,88,20
124000109,134,119,15
124000110,332,274,58
124000111,332,192,140
124000112,740,1137,-397
124000113,72,118,-46
124000114,285,844,-559
124000115,616,1086,-470
124000116,135,145,-10
124000117,139,210,-71
124000118,58,90,-32
124000119,3020,921,2099
124000120,1546,721,825
124000121,2196,752,1444
124000122,643,1620,-977
124000123,955,610,345
124000124,652,1487,-835
124000125,400,541,-141
124000126,410,801,-391
124000127,961,525,436
124000128,813,1261,-448
124000129,2217,1650,567
124000130,1091,877,214
124000131,1530,637,893
124000132,1315,1001,314
124000133,1173,1020,153
124000134,892,1093,-201
124000135,1697,1877,-180
124000136,1108,1399,-291
124000137,1843,755,1088
124000138,2297,1448,849
124000139,1219,115,1104
124000140,140,878,-738
124000141,605,35,570
124000142,53,958,-905
124000143,86,23,63
124000144,6,246,-240
124000145,99,42,57
124000146,19,121,-102
124000148,24,114,-90
124000149,1140,465,675
124000150,432,780,-348
124000151,804,542,262
124000152,964,1761,-797
124000153,631,999,-368
124000154,353,1145,-792
124000155,1284,1042,242
124000156,2032,1284,748
124000169,424,997,-573
124000170,1294,620,674
124000171,418,443,-25
124000172,710,828,-118
124000173,653,477,176
124000174,463,1041,-578
124000175,31,157,-126
124000176,47,10,37
124000177,8,37,-29
124000178,26,49,-23
124000185,39,8,31
124000186,4,146,-142
124000187,13,225,-212
124000188,55,10,45
124000190,292,47,245
124000191,1825,168,1657
124000192,2892,441,2451
124000193,847,1106,-259
124000194,451,637,-186
124000195,255,732,-477
124000196,1845,1660,185
124000197,54,114,-60
124000198,18,49,-31
124000201,313,1444,-1131
124000202,634,39,595
124000203,220,1310,-1090
124000204,469,375,94
124000205,50,788,-738
124000206,345,117,228
124000207,0,57,-57
124000209,322,745,-423
124000210,353,219,134
124000211,444,2,442
124000212,2,677,-675
124000213,254,615,-361
124000214,230,1129,-899
124000215,365,25,340
124000216,5,693,-688
124000329,28,1494,-1466
124000338,144,2386,-2242
124000339,573,119,454
124000341,1096,44,1052
124000344,179,123,56
124000357,1149,3323,-2174
124000358,911,1956,-1045
124000359,1045,921,124
124000360,619,702,-83
124000361,2216,915,1301
124000362,1954,2069,-115
124000363,340,533,-193
124000364,834,1103,-269
124000365,848,1359,-511
124000366,2323,934,1389
124000367,161,698,-537
124000368,568,297,271
124000369,185,185,0
124000370,94,627,-533
124000402,35,13,22
124000403,123,15,108
124000404,10,142,-132
124000405,1055,926,129
124000406,1163,1087,76
124000407,4,25,-21
124000411,21,475,-454
124000412,440,17,423
124000413,1146,64,1082
124000414,90,164,-74
124000415,69,319,-250
124000416,156,547,-391
124000417,128,188,-60
124000418,110,173,-63
124000419,111,251,-140
124000420,68,139,-71
124000421,50,441,-391
124000422,44,24,20
124000423,250,53,197
124000424,18,198,-180
124000425,114,34,80
124000426,3,322,-319
124000427,140,13,127
124000428,106,49,57
124000429,40,53,-13
124000430,509,347,162
124000431,521,890,-369
124000432,208,1328,-1120
124000439,1,20,-19
124000443,0,7,-7
124000445,579,1071,-492
124000446,3896,221,3675
124000447,41,218,-177
124000448,40,6,34
124000449,94,11,83
124000450,17,609,-592
124000451,3,331,-328
124900001,461,374,87
124900002,178,601,-423
124900003,1019,700,319
124900004,538,460,78
124900005,335,271,64
124900006,556,565,-9
124900008,1399,632,767
124900009,125,281,-156
124900010,109,66,43
124900011,476,327,149
124900012,467,110,357
124900013,405,171,234
124900014,237,144,93
124900015,244,290,-46
124900016,70,117,-47
124900017,711,914,-203
124900018,48,9,39
124900020,62,90,-28
124900021,171,74,97
124900022,72,21,51
124900024,281,61,220
124900026,384,44,340
124900027,144,299,-155
124900028,873,150,723
124900029,13,459,-446
124900030,6,214,-208
124900031,26,462,-436
124900032,268,267,1
124900033,117,479,-362
124900034,4,124,-120
124900035,200,611,-411
124900036,0,51,-51
124900037,220,562,-342
124900039,0,38,-38
124900040,155,117,38
124900042,150,1,149
124900043,596,1872,-1276
124900044,170,4,166
124900045,1199,1089,110
124900047,1017,615,402
124900048,211,258,-47
124900050,191,464,-273
124900052,115,311,-196
124900053,172,595,-423
124900054,2461,399,2062
124900055,4,321,-317
124900057,15,99,-84
124900060,1530,956,574
124900061,27,6,21
124900062,96,21,75
124900066,0,114,-114
124900067,5,246,-241
124900068,214,471,-257
124900070,57,38,19
124900072,74,41,33
124900075,233,254,-21
124900076,45,963,-918
124900077,34,154,-120
124900078,68,16,52
124900079,1348,260,1088
124900080,336,1147,-811
124900081,918,294,624
124900082,714,2405,-1691
124900083,498,1246,-748
124900085,3697,758,2939
124900086,76,1149,-1073
124900087,2480,123,2357
124900088,1013,383,630
124900089,1952,41,1911
124900090,219,284,-65
124900091,347,757,-410
124900092,306,585,-279
124900093,303,229,74
124900094,327,392,-65
124900095,78,499,-421
124900096,735,232,503
124900097,268,80,188
124900098,139,607,-468
124900099,714,492,222
124900100,238,105,133
124900101,65,281,-216
124900102,183,60,123
124900103,211,481,-270
124900104,69,325,-256
124900105,108,184,-76
124900106,401,74,327
124900107,72,22,50
124900108,206,63,143
124900111,1,113,-112
124900112,303,1350,-1047
124900113,150,267,-117
124900114,308,130,178
124900115,51,49,2
124900116,157,184,-27
124900117,1103,148,955
124900118,196,285,-89
124900119,396,173,223
124900120,60,570,-510
124900121,158,293,-135
124900122,801,296,505
124900123,466,130,336
124900124,169,336,-167
204000001,75,13,62
204000002,74,19,55
204000003,60,2,58
204000004,11,2,9
204000005,813,1028,-215
204000006,1451,2990,-1539
204000011,10,82,-72
204000012,54,157,-103
204000019,710,745,-35
204000020,750,1152,-402
204000021,2641,1138,1503
204000022,529,713,-184
204000023,578,1607,-1029
204000031,212,37,175
204000032,861,54,807
204000034,47,322,-275
204000035,5,0,5
204000036,11,20,-9
204000037,11,24,-13
204000038,4,30,-26
204000039,4,51,-47
204000040,8,42,-34
204000041,22,40,-18
204000042,84,14,70
204000043,32,6,26
204000044,33,2,31
204000045,46,7,39
204000046,14,2,12
204000057,8,31,-23
204000062,33,199,-166
204000068,92,338,-246
204000069,51,371,-320
204000070,101,200,-99
204000080,41,75,-34
204000085,2068,2557,-489
204000086,4390,3346,1044
204000087,59,28,31
204000088,2,163,-161
204000090,87,535,-448
204000093,247,190,57
204000096,1095,1471,-376
204000097,342,233,109
204000099,1063,2292,-1229
204000100,1279,2321,-1042
204000105,2832,2177,655
204000110,928,1760,-832
204000111,737,1176,-439
204000112,1113,1108,5
204000113,688,1354,-666
204000114,827,802,25
204000115,753,558,195
204000116,786,751,35
204000119,2367,3816,-1449
204000132,606,381,225
204000133,785,505,280
204000134,213,233,-20
204000135,702,191,511
204000136,581,424,157
204000138,522,496,26
204000140,297,200,97
204000141,204,107,97
204000144,6,28,-22
204000145,539,36,503
204000146,16,462,-446
204000147,205,266,-61
204000148,651,85,566
204000154,7,5,2
204000155,6,8,-2
204000177,107,144,-37
204000179,31,22,9
204000180,0,57,-57
204000222,2,3,-1
204000235,8,19,-11
204000236,92,428,-336
204000238,11,72,-61
204000240,496,102,394
204000263,902,1822,-920
204000268,1491,1281,210
204000308,337,55,282
204000317,7,132,-125
204000322,13,72,-59
204000323,39,38,1
204000328,223,218,5
204000329,193,266,-73
204000330,359,239,120
204000331,175,219,-44
205000001,1232,2160,-928
205000013,18,115,-97
205000014,21,100,-79
205000015,46,295,-249
205000016,20,255,-235
205000017,53,112,-59
205000022,466,965,-499
205000025,2158,1483,675
205000029,389,7,382
205000045,301,334,-33
205000046,85,745,-660
205000047,43,672,-629
205000048,293,1615,-1322
205000049,162,1078,-916
205000050,1784,429,1355
205000059,2,286,-284
205000060,0,103,-103
205000061,3,55,-52
205000062,14,48,-34
205000063,26,267,-241
205000064,24,247,-223
205000065,71,798,-727
205000066,124,1077,-953
205000067,42,1424,-1382
205000069,175,30,145
205000082,167,688,-521
205000110,104,340,-236
205000111,220,400,-180
205000112,139,248,-109
205000113,263,367,-104
205000121,364,290,74
205000123,84,302,-218
205000126,442,459,-17
205000127,766,655,111
205000128,853,400,453
205000129,846,425,421
205000130,1461,156,1305
205000131,1467,48,1419
205000132,2103,22,2081
205000133,2260,5,2255
205000134,687,0,687
205000137,87,178,-91
205000138,238,389,-151
205000139,44,170,-126
205000144,109,150,-41
205000145,294,527,-233
205000151,185,152,33
205000152,185,119,66
205000153,218,223,-5
205000154,99,206,-107
205000155,238,50,188
205000207,8,226,-218
205000233,105,1,104
205000234,0,1,-1
205000243,1,0,1
205000244,0,6,-6
205000245,36,422,-386
205000249,0,40,-40
205000250,4,1,3
205000264,9,135,-126
206000027,10,7,3
206000028,0,2,-2
206000043,8,148,-140
206000053,5,19,-14
206000054,7,35,-28
206000055,0,24,-24
206000075,6,3,3
206000076,21,19,2
206000077,16,11,5
206000078,21,9,12
206000079,16,7,9
206000082,781,44,737
206000100,111,1014,-903
206000103,6,29,-23
206000104,18,16,2
206000105,14,14,0
206000106,16,29,-13
206000125,40,0,40
206000157,84,834,-750
206000170,0,198,-198
206000171,2,230,-228
206000172,5,928,-923
206000173,3,371,-368
206000174,6,96,-90
206000175,2,189,-187
206000176,22,311,-289
206000177,0,203,-203
206000178,16,149,-133
206000179,25,95,-70
206000180,33,223,-190
206000181,6,389,-383
206000182,14,371,-357
206000183,14,1177,-1163
206000184,5,459,-454
206000185,4,331,-327
206000186,116,1735,-1619
206000223,19,219,-200
206000226,11,6,5
206000227,22,3,19
206000237,27,486,-459
206000238,40,734,-694
206000239,622,2355,-1733
206000240,0,46,-46
206000241,0,227,-227
206000242,21,401,-380
206000243,13,371,-358
206000244,104,1045,-941
206000245,432,70,362
206000246,109,4,105
206000247,96,8,88
206000248,518,23,495
206000252,128,22,106
206000258,28,28,0
206000315,52,14,38
206000317,511,110,401
206000318,315,60,255
206000319,690,161,529
206000320,64,67,-3
206000321,74,14,60
206000322,284,10,274
206000323,108,9,99
206000324,95,13,82
206000325,185,9,176
206000326,286,11,275
206000327,560,14,546
206000328,92,5,87
206000329,140,10,130
206000330,36,8,28
206000331,65,2,63
206000332,15,3,12
206000333,337,3,334
206000334,215,3,212
206000335,0,32,-32
206000361,7,303,-296
206000392,8,37,-29
206000405,162,3,159
206000441,50,19,31
206000498,74,0,74
206000515,162,48,114
206000530,151,55,96
206000531,327,164,163
206000532,3446,224,3222
206000535,388,3245,-2857
206000536,32,337,-305
206000537,11,197,-186
206000613,1635,264,1371
206000784,615,37,578
207000001,219,573,-354
207000002,138,363,-225
207000003,211,264,-53
207000007,857,313,544
207000008,39,8,31
207000009,117,28,89
207000010,527,660,-133
207000012,292,334,-42
207000015,435,2001,-1566
207000019,423,99,324
207000021,737,207,530
207000022,157,153,4
207000023,199,86,113
207000024,3,12,-9
207000025,60,116,-56
207000026,133,56,77
207000027,32,115,-83
207000028,92,285,-193
207000029,312,499,-187
207000033,395,470,-75
207000034,404,118,286
207000039,237,224,13
207000040,268,179,89
207000041,68,48,20
207000042,361,126,235
207000043,306,203,103
207000051,155,307,-152
207000052,16,244,-228
207000053,498,918,-420
207000054,99,184,-85
207000055,157,243,-86
207000056,435,599,-164
207000057,171,368,-197
207000058,189,646,-457
207000059,109,1093,-984
207000060,93,381,-288
207000061,302,372,-70
207000062,279,54,225
207000063,320,173,147
207000064,387,199,188
207000065,310,263,47
207000066,224,291,-67
207000067,66,214,-148
207000068,173,94,79
207000069,781,478,303
207000082,15,362,-347
207000083,108,458,-350
207000084,245,339,-94
207000085,177,12,165
207000086,157,9,148
207000106,23,44,-21
207000107,56,28,28
207000108,47,19,28
207000109,86,18,68
207000110,51,78,-27
207000111,51,56,-5
207000112,439,593,-154
207000114,39,63,-24
207000115,16,115,-99
207000116,38,355,-317
207000117,14,117,-103
207000118,1,109,-108
207000119,35,100,-65
207000123,210,38,172
207000124,96,37,59
207000125,69,70,-1
207000126,57,51,6
207000134,55,202,-147
207000135,34,296,-262
207000148,46,228,-182
207000149,87,54,33
207000152,215,482,-267
207000153,1189,1366,-177
207000154,521,201,320
207000159,120,325,-205
207000160,197,657,-460
207000238,3,186,-183
207000242,5,256,-251
207000248,62,28,34
207000249,186,55,131
207000250,1360,89,1271
207000251,206,93,113
207000252,99,102,-3
207000278,88,95,-7
207000279,32,270,-238
207000280,406,103,303
207000281,110,1500,-1390
207000282,293,119,174
207000283,158,342,-184
207000284,92,173,-81
207000285,188,44,144
207000291,21,120,-99
207000304,193,112,81
207000306,74,560,-486
207000310,59,90,-31
207000353,309,5,304
207000356,23,25,-2
207000357,59,21,38
207000358,19,19,0
207000415,15,260,-245
207000417,38,1,37
207000418,105,198,-93
207000438,0,4,-4
207000439,1184,645,539
207000446,123,5,118
207000460,10,19,-9
207000466,213,172,41
207000467,282,190,92
207000468,70,545,-475
207000476,9,112,-103
207000477,535,179,356
207000478,1,49,-48
207000523,0,20,-20
207000524,88,0,88
207000527,106,254,-148
207000530,251,15,236
207000531,245,13,232
207000532,68,20,48
207000534,802,68,734
207000535,71,332,-261
207000537,24,167,-143
207000540,4,355,-351
207000541,1,431,-430
207000548,9,419,-410
207000549,274,10,264
207000561,153,131,22
207000562,63,354,-291
207000567,233,312,-79
207000568,150,150,0
207000569,411,1433,-1022
207000584,503,290,213
207000585,128,263,-135
207000587,119,33,86
207000616,0,228,-228
207000617,153,0,153
207000624,70,39,31
207000631,4,47,-43
207900008,143,226,-83
208000001,696,1290,-594
208000002,827,848,-21
208000003,1666,998,668
208000004,2170,1294,876
208000005,27,32,-5
208000019,521,1246,-725
208000020,207,657,-450
208000021,222,751,-529
208000022,1026,958,68
208000028,1547,1076,471
208000033,568,1031,-463
208000034,1549,2948,-1399
208000037,549,46,503
208000040,152,208,-56
208000041,874,604,270
208000042,1224,752,472
208000047,161,676,-515
208000064,3305,2468,837
208000066,2079,2585,-506
208000070,384,575,-191
208000071,559,1293,-734
208000072,424,1900,-1476
208000080,297,665,-368
208000081,353,305,48
208000082,448,453,-5
208000083,182,520,-338
208000084,136,27,109
208000085,1887,804,1083
208000086,804,1227,-423
208000087,451,969,-518
208000089,1105,1034,71
208000090,959,1578,-619
208000093,184,219,-35
208000094,651,912,-261
208000095,891,586,305
208000104,1056,1700,-644
208000105,828,1816,-988
208000114,139,376,-237
208000115,526,443,83
208000116,602,1201,-599
208000117,95,194,-99
208000118,100,188,-88
208000155,957,1238,-281
208000158,2026,4143,-2117
208000186,3913,4821,-908
208000204,756,1568,-812
208000205,1373,1933,-560
208000282,5764,2994,2770
209000004,234,332,-98
209000005,70,64,6
209000006,765,194,571
209000007,667,396,271
209000010,898,193,705
209000011,345,319,26
209000012,158,357,-199
209000013,291,747,-456
209000014,760,1875,-1115
209000025,478,77,401
209000026,849,167,682
209000027,514,1355,-841
209000028,551,1266,-715
209000029,1848,1084,764
209000030,1365,2334,-969
209000031,5490,3437,2053
209000034,229,435,-206
209000035,148,296,-148
209000036,350,265,85
209000037,262,417,-155
209000038,128,313,-185
209000039,84,246,-162
209000040,357,707,-350
209000041,203,514,-311
209000042,277,546,-269
209000043,861,992,-131
209000044,230,983,-753
209000045,1616,479,1137
209000046,555,544,11
209000047,634,252,382
209000048,937,274,663
209000049,89,205,-116
209000050,225,333,-108
209000051,417,695,-278
209000052,300,654,-354
209000062,39,264,-225
209000063,64,183,-119
209000064,27,241,-214
209000065,62,73,-11
209000066,78,56,22
209000067,91,149,-58
209000080,39,333,-294
209000082,109,60,49
209000091,61,130,-69
209000093,159,38,121
209000094,325,199,126
209000110,83,154,-71
209000111,478,2373,-1895
209000112,1012,1056,-44
209000113,4030,830,3200
209000114,507,553,-46
209000115,164,276,-112
209000116,1238,925,313
209000118,142,71,71
209000119,124,17,107
209000121,249,1014,-765
209000135,98,232,-134
209000142,1039,2830,-1791
209000143,315,212,103
209000144,213,152,61
209000229,245,202,43
209000240,72,612,-540
209000259,147,216,-69
209000260,63,1214,-1151
209000261,9,713,-704
209000262,2,642,-640
209000263,0,164,-164
209000264,0,115,-115
209000265,327,1,326
209000266,71,1,70
209000267,593,10,583
209000268,758,27,731
210000037,119,45,74
210000047,80,66,14
210000048,71,59,12
210000049,106,41,65
210000052,45,185,-140
210000053,27,105,-78
210000054,86,130,-44
210000070,132,4,128
210000071,69,0,69
210000072,37,0,37
210000073,0,60,-60
210000074,1,198,-197
210000075,3,76,-73
210000076,13,166,-153
210000077,140,37,103
210000078,109,30,79
210000079,209,17,192
210000080,519,85,434
210000081,271,17,254
210000082,286,2,284
210000083,174,0,174
210000084,57,0,57
210000085,0,143,-143
210000086,4,173,-169
210000099,53,410,-357
210000100,89,414,-325
210000101,94,435,-341
210000105,44,495,-451
210000159,0,262,-262
210000163,271,367,-96
210000164,447,228,219
210000168,339,59,280
210000187,0,9,-9
210000188,0,23,-23
210000214,62,0,62
210000219,45,84,-39
210000220,118,103,15
210000232,6,44,-38
210000233,31,133,-102
210000234,39,279,-240
210000235,54,239,-185
210000245,3,61,-58
210000246,43,2,41
210000258,15,131,-116
210000259,328,54,274
210000282,90,422,-332
210000285,0,147,-147
210000286,22,207,-185
210000290,2,26,-24
210000295,73,357,-284
210000296,168,124,44
210000320,187,138,49
210000321,100,121,-21
210000338,323,160,163
210000339,661,1860,-1199
210000340,186,723,-537
210000341,242,435,-193
210000342,248,302,-54
210000343,393,291,102
210000344,891,192,699
210000345,317,448,-131
210000346,162,179,-17
210000347,486,61,425
210000348,300,26,274
210000349,411,32,379
210000350,136,84,52
210000351,156,165,-9
210000352,70,184,-114
210000353,52,215,-163
210000354,101,202,-101
210000355,148,231,-83
210000356,274,138,136
210000357,202,101,101
210000358,693,219,474
210000359,325,122,203
210000360,274,150,124
210000361,270,189,81
210000362,266,300,-34
210000363,1033,247,786
210000364,167,188,-21
210000365,214,106,108
210000366,152,85,67
210000367,116,61,55
210000368,211,38,173
210000369,113,18,95
210000370,155,82,73
210000372,118,67,51
210000373,254,38,216
210000374,106,22,84
210000375,53,178,-125
210000376,222,313,-91
210000404,101,336,-235
210000439,56,113,-57
210000472,300,14,286
210000482,125,106,19
210000564,667,326,341
210000567,0,31,-31
210000568,909,4,905
211000092,31,68,-37
211000094,18,14,4
211000169,345,17,328
211000172,11,368,-357
211000209,0,21,-21
211000226,23,51,-28
211000270,28,25,3
211000275,20,37,-17
211000276,90,33,57
211000279,13,52,-39
211000281,34,51,-17
211000302,34,180,-146
211507980,5,47,-42
211977296,121,1,120
212000003,305,128,177
212000004,318,45,273
212000005,63,52,11
212000006,123,146,-23
212000008,173,206,-33
212000009,26,186,-160
212000012,92,127,-35
212000013,28,53,-25
212000014,322,191,131
212000015,294,303,-9
212000016,597,667,-70
212000027,508,811,-303
212000028,278,796,-518
212000029,253,611,-358
212000030,36,62,-26
212000031,59,129,-70
212000048,55,164,-109
212000049,19,113,-94
212000050,13,5,8
212000051,183,240,-57
212000052,159,406,-247
212000053,364,707,-343
212000054,192,256,-64
212000055,158,463,-305
212000056,19,102,-83
212000057,19,61,-42
212000058,579,42,537
212000070,127,359,-232
212000077,126,947,-821
212000099,227,492,-265
212000108,401,396,5
212000111,183,247,-64
212000120,258,141,117
212000138,296,37,259
212000156,7,194,-187
212000158,14,27,-13
212000159,252,87,165
212000160,394,484,-90
212000161,98,19,79
212000310,30,11,19
212000311,16,155,-139
212000374,23,5,18
213000001,34,655,-621
213000005,449,226,223
213000006,1394,323,1071
213000007,304,27,277
213000009,829,591,238
213000010,183,326,-143
213000011,403,211,192
213000012,182,529,-347
213000014,74,9,65
213000015,237,16,221
213000016,390,0,390
213000017,73,0,73
213000018,2,281,-279
213000019,0,232,-232
213000020,139,511,-372
213000021,8,134,-126
213000023,287,262,25
213000033,350,1654,-1304
213000034,747,504,243
213000035,102,439,-337
213000045,156,338,-182
213000046,251,282,-31
213000047,778,1289,-511
213000056,86,127,-41
213000069,227,3,224
213000073,3,32,-29
213000074,89,678,-589
213000075,600,9,591
213000076,69,1,68
213000085,7,49,-42
213000086,25,299,-274
213000091,128,18,110
213000092,36,17,19
213000099,255,1216,-961
213000100,1692,344,1348
213000101,235,207,28
213000102,328,371,-43
213000103,1106,1036,70
213000104,80,607,-527
213000105,6,159,-153
213000106,44,268,-224
213000107,180,918,-738
213000108,18,710,-692
213000109,4,293,-289
213000110,3,130,-127
213000111,18,87,-69
213000112,190,131,59
213000115,51,4,47
213000116,62,1060,-998
213000117,12,1544,-1532
213000118,380,483,-103
213000119,100,1388,-1288
213000120,136,1240,-1104
213000122,527,1194,-667
213000123,918,2047,-1129
213000124,141,1781,-1640
213000125,146,15,131
213000126,61,132,-71
213000127,190,210,-20
213000128,1041,1115,-74
213000129,463,786,-323
213000130,347,427,-80
213000132,206,146,60
213000133,403,144,259
213000134,997,31,966
213000136,349,25,324
213000137,526,159,367
213000139,695,37,658
213000147,209,7,202
213000148,89,15,74
213000149,263,16,247
213000150,0,90,-90
213000151,3,100,-97
213000152,5,90,-85
213000153,3,52,-49
213000154,22,386,-364
213000155,11,506,-495
213000156,104,1214,-1110
213000157,1343,607,736
213000158,365,962,-597
213000159,413,1107,-694
213000163,467,106,361
213000165,523,310,213
213000171,1,115,-114
213000172,2,357,-355
213000173,2,249,-247
213000174,0,139,-139
213000175,126,239,-113
213000176,7,36,-29
213000177,34,3,31
213000178,80,4,76
213000179,118,2,116
213000180,121,0,121
213000184,90,754,-664
213000188,375,101,274
213000189,282,57,225
213000190,981,1419,-438
213000191,316,836,-520
213000192,247,875,-628
213000193,3039,273,2766
213000194,1,34,-33
213000195,18,672,-654
213000196,317,1219,-902
213000197,269,1384,-1115
213000198,106,4,102
213000200,149,1417,-1268
213000201,127,55,72
213000202,33,1369,-1336
213000203,5125,1092,4033
213000204,566,153,413
213000205,199,214,-15
213000206,559,184,375
213000207,318,27,291
213000208,324,1,323
213000209,273,1,272
213000210,1093,13,1080
213000211,83,17,66
213000212,113,17,96
213000213,60,28,32
213000218,300,1098,-798
213000219,585,34,551
213000220,657,10,647
213000223,455,282,173
213000224,80,57,23
213000225,109,17,92
213000226,105,31,74
213000227,885,419,466
213000228,289,193,96
213000229,509,48,461
213000230,508,87,421
213000232,117,990,-873
213000233,8,26,-18
213000234,3,79,-76
213000293,36,68,-32
213000294,308,11,297
213000295,56,83,-27
213000296,62,36,26
213000297,5,155,-150
213000298,16,143,-127
213000299,100,57,43
213000300,33,15,18
213000303,2,42,-40
213000304,10,16,-6
213000305,2,20,-18
213000306,279,27,252
213000307,1051,92,959
213000308,114,407,-293
213000309,207,69,138
213000310,214,173,41
213000311,338,868,-530
213000315,105,203,-98
213000316,106,76,30
213000322,119,195,-76
213000323,102,430,-328
213000324,87,218,-131
213000325,17,217,-200
213000326,49,156,-107
213000327,182,185,-3
213000328,147,181,-34
213000329,214,119,95
213000340,165,1307,-1142
213000341,353,152,201
213000346,244,220,24
213000347,1185,437,748
213000348,6,134,-128
213000349,23,14,9
213000350,353,1859,-1506
213000366,92,560,-468
213000367,155,50,105
213000379,142,100,42
213000386,6,276,-270
213000406,100,546,-446
213000417,1526,573,953
213000425,565,310,255
213000426,624,410,214
213000427,54,419,-365
213000428,34,279,-245
213000429,6,9,-3
213000430,122,1171,-1049
213000431,37,3,34
213000432,0,18,-18
213000433,29,213,-184
213000434,85,179,-94
213000435,141,347,-206
213000436,24,91,-67
213000437,186,117,69
213000438,105,66,39
213000439,68,19,49
213000440,136,522,-386
213000441,2,2,0
213000442,447,202,245
213000443,461,678,-217
213000444,51,313,-262
213000445,0,130,-130
213000446,0,12,-12
213000447,2,104,-102
213000448,6,128,-122
213000449,223,8,215
213000450,20,84,-64
213000451,201,111,90
213000452,14,32,-18
213000453,60,430,-370
213000455,442,0,442
213000456,0,262,-262
213000481,19,17,2
213000482,46,5,41
213000489,603,233,370
213000491,2,236,-234
213000492,1155,13,1142
213000493,1,243,-242
213000494,129,216,-87
213000495,0,159,-159
213000496,270,285,-15
213000497,80,356,-276
213000498,109,281,-172
213000499,163,776,-613
213000500,343,72,271
213000501,89,28,61
213000502,478,95,383
213000503,2,119,-117
213000504,10,318,-308
213000505,3,24,-21
213000506,0,12,-12
213000507,3,155,-152
213900244,9,0,9
213900245,0,34,-34
218000003,57,31,26
218000004,58,23,35
218000005,96,56,40
218000006,121,31,90
218000007,12,21,-9
218000012,587,337,250
218000013,136,202,-66
218000014,454,477,-23
218000019,809,857,-48
218000020,274,871,-597
218000040,10,4,6
218000046,69,106,-37
218000047,46,201,-155
218000048,46,192,-146
218000049,89,189,-100
218000050,333,405,-72
218000051,75,367,-292
218000052,2,139,-137
218000053,16,7,9
218000054,14,45,-31
218000055,6,11,-5
218000056,20,15,5
218000057,2,36,-34
218000064,2,11,-9
218000065,78,102,-24
218000066,9,88,-79
218000067,42,123,-81
218000068,109,89,20
218000069,187,250,-63
218000070,156,394,-238
218000071,216,279,-63
218000072,313,345,-32
218000078,861,1650,-789
218000079,74,83,-9
218000080,71,106,-35
218000081,327,390,-63
218000082,32,199,-167
218000083,63,71,-8
218000084,123,182,-59
218000085,117,603,-486
218000086,42,247,-205
218000087,213,272,-59
218000090,12,150,-138
218000091,1117,793,324
218000092,68,206,-138
218000093,116,102,14
218000094,710,874,-164
218000099,388,655,-267
218000100,239,379,-140
218000101,274,167,107
218000102,340,352,-12
218000103,74,214,-140
218000104,96,47,49
218000105,75,23,52
218000106,26,21,5
218000107,64,147,-83
218000108,4,62,-58
218000112,116,30,86
218000117,56,80,-24
218000134,596,1237,-641
218000135,107,191,-84
218000136,280,91,189
218000137,262,116,146
218000138,64,110,-46
218000139,212,387,-175
218000140,372,275,97
218000141,128,76,52
218000142,214,225,-11
218000143,153,222,-69
218000144,149,118,31
218000145,365,474,-109
218000146,45,198,-153
218000151,48,50,-2
218000152,138,67,71
218000170,0,49,-49
218000171,59,9,50
218000172,47,6,41
218000173,69,20,49
218000174,89,15,74
218000176,170,37,133
218000177,242,263,-21
218000178,94,186,-92
218000179,78,130,-52
218000180,51,29,22
218000181,157,70,87
218000187,7,18,-11
218000188,78,70,8
218000189,33,62,-29
218000190,9,12,-3
218000191,126,99,27
218000192,225,390,-165
218000193,453,557,-104
218000194,107,474,-367
218000195,117,132,-15
218000196,264,394,-130
218000197,222,429,-207
218000198,22,223,-201
218000199,67,45,22
218000200,89,40,49
218000201,29,14,15
218000202,347,372,-25
218000207,23,83,-60
218000208,142,83,59
218000211,112,15,97
218000213,131,113,18
218000214,10,21,-11
218000215,37,102,-65
218000217,4,202,-198
218000218,191,112,79
218000219,219,33,186
218000220,473,288,185
218000221,3706,290,3416
218000222,100,29,71
218000223,40,214,-174
218000224,12,99,-87
218000225,148,15,133
218000226,93,61,32
218000232,58,163,-105
218000239,166,10,156
218000240,48,3,45
218000241,54,3,51
218000242,86,0,86
218000243,102,2,100
218000244,130,6,124
218000245,36,1,35
218000246,5,0,5
218000247,0,0,0
218000248,1,30,-29
218000249,0,2,-2
218000250,19,14,5
218000251,4,37,-33
218000252,1,34,-33
218000253,4,18,-14
218000254,0,15,-15
218000255,3,7,-4
218000256,14,65,-51
218000267,1305,1468,-163
218000268,13,69,-56
218000269,4,8,-4
218000270,80,99,-19
218000271,61,81,-20
218000273,12,17,-5
218000274,15,10,5
218000275,19,52,-33
218000276,20,72,-52
218000278,36,37,-1
218000279,48,101,-53
218000280,25,65,-40
218000281,21,17,4
218000282,778,465,313
218000284,201,36,165
218000301,103,136,-33
218000302,105,39,66
218000303,52,76,-24
218000316,797,1959,-1162
218000317,969,1993,-1024
218000318,417,1440,-1023
218000319,1206,2128,-922
218000320,954,1147,-193
218000338,216,31,185
218000345,223,65,158
218000346,220,235,-15
218000459,56,373,-317
218000490,188,65,123
218000501,73,99,-26
218000502,35,111,-76
218000503,87,51,36
218000504,217,32,185
218000505,74,188,-114
218000506,34,285,-251
218000508,1,1,0
218000510,206,9,197
218000520,139,180,-41
218000521,12,100,-88
218000522,0,110,-110
218000523,344,4,340
218000524,34,244,-210
218000525,177,10,167
218000526,39,80,-41
218000529,51,396,-345
218000531,8,42,-34
218000532,60,43,17
218000534,118,36,82
218000537,90,80,10
218000538,165,142,23
218000540,343,64,279
218000543,207,56,151
218000544,95,146,-51
218000545,84,87,-3
218000546,91,158,-67
218000547,113,134,-21
218000548,139,256,-117
218000549,397,231,166
218000550,323,468,-145
218000551,234,682,-448
218000552,579,46,533
218000553,128,109,19
218000554,87,27,60
218000555,40,48,-8
218000556,220,496,-276
218000557,305,263,42
218000558,104,0,104
218000559,0,28,-28
218000560,0,17,-17
218000561,39,0,39
218000562,41,255,-214
218000563,300,29,271
218000564,25,108,-83
218000565,270,21,249
218000566,368,47,321
218000567,2,58,-56
218000568,23,3,20
218000569,18,140,-122
218000570,118,9,109
218000571,1,110,-109
218000572,180,5,175
218000573,19,135,-116
218000574,149,81,68
218000575,195,1,194
218000576,0,48,-48
218000577,428,0,428
218000578,0,54,-54
218000579,60,55,5
218000581,9,50,-41
218000582,118,4,114
218000583,11,2,9
218000584,1,16,-15
218000585,81,6,75
218000586,13,26,-13
218000587,6,0,6
218000588,0,4,-4
218000589,0,1,-1
218000590,5,0,5
218000591,3,3,0
218000592,1,0,1
218000593,11,2,9
218000594,3,0,3
218000597,0,0,0
218000598,0,0,0
218000599,2,1,1
218000600,14,0,14
218000601,1,0,1
218000602,0,4,-4
218000603,0,4,-4
218000604,16,0,16
218000605,0,57,-57
218000606,240,0,240
218000607,10,66,-56
218000608,106,38,68
218000609,9,46,-37
218000610,226,5,221
218000611,76,0,76
218000612,3,40,-37
218000613,51,2,49
218000614,14,42,-28
218000615,326,3,323
218000616,13,124,-111
218000617,54,3,51
218000618,0,19,-19
218000619,37,35,2
218000620,4,28,-24
218000621,0,15,-15
218000622,0,13,-13
218000623,42,2,40
218000624,10,28,-18
218000625,18,0,18
218000626,1,10,-9
218000628,127,67,60
218000631,93,30,63
218000632,0,82,-82
218000633,110,2,108
218000634,4,13,-9
218000635,24,14,10
218000636,821,2115,-1294
218000637,605,1038,-433
218000638,103,103,0
218000639,12,215,-203
218000640,157,46,111
218000641,100,408,-308
218000652,76,143,-67
218000653,129,70,59
218000663,17,192,-175
218000675,81,44,37
218000680,238,713,-475
218000681,444,310,134
218000691,146,495,-349
218000693,166,264,-98
218000718,873,828,45
218000719,1483,340,1143
218000720,19,121,-102
218000721,202,25,177
218001147,13,494,-481
218001214,14,43,-29
218001258,133,5,128
218001329,216,239,-23
218001330,229,180,49
218001351,43,23,20
218001352,17,21,-4
218001353,24,21,3
218001354,12,38,-26
218001355,48,620,-572
218001356,213,7,206
218001357,46,432,-386
218001358,173,27,146
218001361,144,32,112
218001362,1,374,-373
219000001,33,72,-39
219000002,58,111,-53
219000003,39,29,10
219000004,69,50,19
219000017,543,30,513
219000020,120,52,68
219000022,164,4,160
219000023,122,0,122
219000029,1,112,-111
219000034,106,21,85
219000039,69,80,-11
219000040,76,33,43
219000041,193,60,133
219000051,0,36,-36
219000052,0,13,-13
219000053,2,242,-240
219000054,1,16,-15
219000055,151,8,143
219000056,90,3,87
219000057,196,2,194
219000062,46,223,-177
219000063,194,17,177
219000064,0,108,-108
219000110,304,80,224
219000111,146,31,115
219000112,221,93,128
219000113,179,87,92
219000114,315,116,199
219000116,72,36,36
219000117,152,77,75
219000118,149,72,77
219000123,436,169,267
219000124,127,118,9
219000125,30,29,1
219000126,106,128,-22
219000127,0,6,-6
219000128,23,144,-121
219000129,37,210,-173
219000130,954,991,-37
219000131,1190,949,241
219000133,80,62,18
219000134,23,32,-9
219000135,26,50,-24
219000136,129,244,-115
219000138,97,17,80
219000139,21,56,-35
219000140,53,3,50
219000141,8,158,-150
219000142,35,139,-104
219000143,16,157,-141
219000145,22,140,-118
219000146,1,57,-56
219000147,5,61,-56
219000148,4,55,-51
219000149,12,186,-174
219000150,6,127,-121
219000151,7,79,-72
219000157,258,210,48
219000158,203,376,-173
219000161,263,20,243
219000163,1806,585,1221
219000166,239,262,-23
219000167,122,337,-215
219000168,405,201,204
219000174,483,137,346
219000175,49,7,42
219000176,32,11,21
219000177,27,1,26
219000178,38,1,37
219000179,25,15,10
219000180,37,33,4
219000182,130,26,104
219000183,48,43,5
219000184,86,17,69
219000185,0,83,-83
219000186,39,80,-41
219000187,25,163,-138
219000189,168,206,-38
219000190,169,334,-165
219000191,2025,1455,570
219000192,258,187,71
219000193,502,209,293
219000195,3,86,-83
219000196,9,202,-193
219000198,36,221,-185
219000199,143,366,-223
219000200,75,317,-242
219000201,129,333,-204
219000203,70,207,-137
219000204,212,243,-31
219000205,115,227,-112
219000207,306,374,-68
219000209,19,154,-135
219000210,329,227,102
219000213,27,362,-335
219000239,222,432,-210
219000240,351,471,-120
219000241,139,389,-250
219000242,106,303,-197
219000243,113,477,-364
219000244,57,171,-114
219000245,82,53,29
219000246,85,35,50
219000247,98,68,30
219000248,635,387,248
219000249,202,100,102
219000250,256,80,176
219000251,600,204,396
219000252,308,161,147
219000253,286,77,209
219000255,116,139,-23
219000256,132,93,39
219000257,320,2,318
219000262,90,232,-142
219000263,54,311,-257
219000267,5,228,-223
219000268,5,8,-3
219000269,16,6,10
219000270,13,1,12
219000271,233,19,214
219000278,0,17,-17
219000279,0,8,-8
219000283,0,26,-26
219000295,5,145,-140
219000296,119,669,-550
219000297,15,227,-212
219000298,6,280,-274
219000299,428,193,235
219000300,23,355,-332
219000301,290,399,-109
219000302,45,324,-279
219000307,29,81,-52
219000308,49,39,10
219000311,225,58,167
219000312,480,114,366
219000313,245,56,189
219000314,91,654,-563
219000315,178,51,127
219000316,400,69,331
219000317,79,16,63
219000320,0,82,-82
219000321,1,12,-11
219000323,7,87,-80
219000325,2,38,-36
219000326,69,149,-80
219000327,92,47,45
219000328,38,72,-34
219000329,332,217,115
219000330,38,35,3
219000331,106,40,66
219000332,81,120,-39
219000333,8,11,-3
219000335,129,7,122
219000337,19,2,17
219000338,231,3,228
219000344,44,131,-87
219000345,66,113,-47
219000346,61,227,-166
219000348,153,224,-71
219000349,77,342,-265
219000350,116,171,-55
219000351,7,8,-1
219000352,291,85,206
219000353,126,74,52
219000354,112,203,-91
219000355,151,72,79
219000356,2418,1082,1336
219000363,325,92,233
219000364,114,47,67
219000365,164,21,143
219000366,364,535,-171
219000368,538,487,51
219000370,1585,397,1188
219000371,9,25,-16
219000382,12,16,-4
219000383,939,943,-4
219000385,674,592,82
219000386,1109,1891,-782
219000387,8,6,2
219000390,28,11,17
219000391,25,0,25
219000397,127,103,24
219000398,94,44,50
219000401,7,134,-127
219000402,28,137,-109
219000403,141,322,-181
219000404,25,183,-158
219000407,5,53,-48
219000409,62,69,-7
219000410,55,43,12
219000411,51,27,24
219000446,283,493,-210
219000447,2,34,-32
219000448,8,41,-33
219000452,194,100,94
219000453,169,172,-3
219000454,466,282,184
219000556,298,79,219
219000558,228,306,-78
219000590,43,214,-171
219000591,61,91,-30
219000592,147,569,-422
219000595,5,57,-52
219000635,144,116,28
219000636,36,175,-139
219000657,27,23,4
219000658,35,88,-53
219000673,0,11,-11
219000676,43,3,40
219000679,141,9,132
219000684,147,1,146
219000685,1,109,-108
219000686,0,2,-2
219000688,0,120,-120
219000689,29,327,-298
219000690,265,28,237
219000691,71,248,-177
219000692,131,34,97
219000693,0,27,-27
219000694,1,0,1
219000695,11,13,-2
219000698,147,0,147
219000699,0,16,-16
219000727,7,204,-197
219000728,116,3,113
219000770,37,5,32
219000771,5,45,-40
219000788,471,370,101
219001150,0,33,-33
219001151,8,4,4
219001166,89,12,77
219001167,2,122,-120
219001178,63,2,61
220000001,145,52,93
220000002,18,252,-234
220000003,738,434,304
220000004,1266,788,478
220000005,1896,1675,221
220000006,325,1218,-893
220000007,458,852,-394
220000008,462,1561,-1099
220000009,360,728,-368
220000010,468,273,195
220000011,1296,5066,-3770
220000012,131,683,-552
220000014,120,70,50
220000015,168,270,-102
220000017,68,432,-364
220000018,7904,3599,4305
220000019,203,368,-165
220000020,587,310,277
220000021,589,265,324
220000022,539,682,-143
220000023,241,268,-27
220000024,2148,502,1646
220000025,1343,996,347
220000026,335,196,139
220000027,36,156,-120
220000028,122,82,40
220000029,170,324,-154
220000030,157,123,34
220000031,498,462,36
220000064,26,1027,-1001
221000046,5,0,5
221000047,0,2,-2
221000048,0,5,-5
221000049,0,12,-12
221000050,23,0,23
221000055,54,61,-7
221000057,62,14,48
221000068,294,175,119
221000069,357,79,278
221000070,193,31,162
221000071,100,10,90
221000072,285,19,266
221000073,194,62,132
221000074,6,21,-15
221000075,24,19,5
221000076,10,62,-52
221000077,27,113,-86
221000081,42,9,33
221000082,74,11,63
221000083,80,9,71
221000084,14,4,10
221000085,21,92,-71
221000086,20,175,-155
221000087,8,244,-236
221000088,17,262,-245
221000089,62,357,-295
221000090,159,542,-383
221000098,124,23,101
221000099,173,13,160
221000100,113,8,105
221000101,301,17,284
221000102,125,21,104
221000109,9,90,-81
221000110,14,118,-104
221000111,34,226,-192
221000112,11,197,-186
221000113,16,236,-220
221000114,9,266,-257
221000120,26,40,-14
221000121,1,44,-43
221000122,84,32,52
221000123,30,34,-4
221000124,80,272,-192
221000155,49,19,30
221000156,112,48,64
221000175,1,15,-14
221000176,3,3,0
221000182,58,11,47
221000241,813,308,505
221000242,235,579,-344
221000243,814,171,643
221000244,302,679,-377
221000245,214,158,56
221000246,67,406,-339
221000247,163,187,-24
221000248,281,269,12
221000267,120,1044,-924
221000325,89,60,29
221000331,22,105,-83
221000338,91,40,51
221000378,228,41,187
221000381,112,99,13
222000282,21,4,17
222000296,6,29,-23
222000568,367,17,350
222000569,189,27,162
222000570,171,15,156
222000571,430,21,409
222000577,13,298,-285
222000578,32,261,-229
222000579,34,184,-150
222000580,131,965,-834
222000599,1,195,-194
222000600,4,329,-325
222000601,10,1084,-1074
222000603,49,24,25
222000604,17,34,-17
222000605,43,29,14
222000606,3,1,2
222000607,4,3,1
222000608,38,9,29
222000609,54,325,-271
222000616,186,63,123
222000617,35,19,16
222000618,20,4,16
222000620,82,12,70
222000621,95,13,82
222000623,531,2,529
222000624,244,2,242
222000625,392,35,357
222000636,101,9,92
222000686,78,12,66
222000687,53,31,22
222001066,389,2,387
222001067,17,9,8
222001068,24,42,-18
222001069,31,38,-7
222001082,28,55,-27
222001083,10,50,-40
222001084,0,63,-63
222001085,0,95,-95
222001111,32,222,-190
222001112,102,39,63
222001313,82,6,76
222001314,15,114,-99
222001464,125,57,68
222001465,75,270,-195
222001484,117,58,59
222001485,41,74,-33
222001494,278,191,87
222001495,100,503,-403
222001496,232,91,141
222001497,166,683,-517
222001502,18,107,-89
222001503,79,85,-6
222001504,13,301,-288
222001505,248,21,227
222001506,32,319,-287
222001507,261,40,221
222001510,373,38,335
222001511,46,493,-447
222001514,488,172,316
222001515,236,809,-573
222001518,153,76,77
222001519,56,351,-295
222001527,336,61,275
222001528,108,181,-73
222001529,150,48,102
222001530,41,233,-192
222001533,115,374,-259
222001534,268,74,194
222001535,207,217,-10
222001536,88,427,-339
222001537,206,23,183
222001538,58,609,-551
222001563,375,97,278
222001564,45,844,-799
222001568,410,92,318
222001576,5,2,3
222001579,1,10,-9
222001583,25,187,-162
222001584,116,36,80
222001596,584,1652,-1068
222001597,1248,244,1004
222001626,2,190,-188
222001650,54,54,0
222001651,56,148,-92
222001914,187,71,116
222001915,85,294,-209
222001968,388,197,191
222001969,496,1090,-594
222001970,247,369,-122
222001971,21,15,6
222001972,1,13,-12
225000001,641,237,404
225000002,651,304,347
225000003,509,188,321
225000004,266,446,-180
225000005,40,92,-52
225000006,2,211,-209
225000007,3979,1755,2224
225000010,428,17,411
225000011,652,1869,-1217
225000012,221,819,-598
225000013,188,219,-31
225000014,2090,110,1980
225000015,149,337,-188
225000021,826,369,457
225000027,288,800,-512
225000032,782,202,580
225000042,124,1237,-1113
225000049,49,114,-65
225000050,65,22,43
225000053,23,394,-371
225000058,1059,172,887
225000067,181,264,-83
225000068,178,585,-407
225000069,191,647,-456
225000070,78,671,-593
225000071,48,364,-316
225000075,33,1739,-1706
225000076,162,156,6
225000078,192,73,119
225000085,53,159,-106
225000086,698,84,614
225000087,316,47,269
225000088,18,198,-180
225000089,387,1143,-756
225000090,27,565,-538
225000091,168,304,-136
225000092,37,85,-48
225000093,208,499,-291
225000094,16,528,-512
225000095,476,732,-256
225000096,389,747,-358
225000098,723,274,449
225000099,448,208,240
225000100,226,207,19
225000104,118,646,-528
225000110,19,692,-673
225000111,397,1666,-1269
225000112,857,1447,-590
225000113,255,843,-588
225000114,146,362,-216
225000115,3414,801,2613
225000116,1255,216,1039
225000117,1223,516,707
225000118,990,474,516
225000119,208,144,64
225000120,596,88,508
225000121,333,46,287
225000123,2179,31,2148
225000125,592,478,114
225000126,2131,385,1746
225000127,1392,1445,-53
225000128,556,844,-288
225000132,235,56,179
225000133,323,33,290
225000134,620,155,465
225000135,55,14,41
225000136,194,43,151
225000137,151,128,23
225000138,545,63,482
225000143,155,277,-122
225000144,5,542,-537
225000145,46,75,-29
225000146,69,182,-113
225000147,24,537,-513
225000148,8,366,-358
225000149,71,730,-659
225000151,34,418,-384
225000155,404,700,-296
225000156,524,1112,-588
225000157,410,517,-107
225000158,186,470,-284
225000171,1,170,-169
225000180,44,0,44
225000181,0,104,-104
225000182,137,32,105
225000185,17,564,-547
225000187,67,563,-496
225000191,150,2,148
225000194,0,25,-25
225000208,5,53,-48
225000209,98,42,56
225000210,7,405,-398
225000217,0,29,-29
225000218,20,3,17
225000223,7,126,-119
225000224,322,0,322
225000225,3,181,-178
225000226,372,6,366
225000227,56,153,-97
225000228,16,17,-1
225000229,0,149,-149
225000230,8,0,8
225000231,0,169,-169
225000232,61,1,60
225000241,125,1,124
225000242,1,65,-64
225000249,63,50,13
225000250,40,1306,-1266
225000251,398,42,356
226000042,738,616,122
226000043,131,368,-237
226000044,384,859,-475
226000045,133,586,-453
226000046,598,139,459
226000047,646,174,472
226000048,478,122,356
226000049,434,233,201
226000070,1,138,-137
226000071,0,132,-132
226000072,0,19,-19
226000073,0,19,-19
226000074,1,14,-13
226000084,3,78,-75
226000085,9,7,2
226000086,1,11,-10
226000087,1,22,-21
226000088,52,12,40
226000090,370,80,290
226000091,10,20,-10
226000092,2,0,2
226000093,65,3,62
226000094,58,2,56
226000095,78,3,75
226000105,40,1,39
226000106,37,0,37
226000107,22,1,21
226000108,74,0,74
226000109,100,6,94
226000124,238,111,127
226000134,453,632,-179
226000135,929,921,8
226000136,312,608,-296
226000137,6,771,-765
226000138,11,562,-551
226000139,3,17,-14
226000156,124,15,109
226000157,94,11,83
226000163,121,49,72
226000202,19,748,-729
226000231,376,18,358
226000232,110,21,89
227000033,280,130,150
227000036,209,57,152
227000037,144,44,100
227000038,293,88,205
227000049,0,20,-20
227000050,1,74,-73
227000055,94,2,92
227000056,249,3,246
227000084,8,66,-58
227000085,0,37,-37
227000088,173,13,160
227000089,189,4,185
227000090,125,2,123
227000091,25,4,21
227000093,193,1,192
227000094,40,1,39
227000130,46,83,-37
227000131,23,259,-236
227000132,19,250,-231
227000133,13,232,-219
227000134,19,422,-403
227000152,0,4,-4
227000153,0,51,-51
227000155,0,11,-11
227000156,1,9,-8
227000165,3,27,-24
227000196,198,401,-203
227000199,214,608,-394
227000230,34,527,-493
227000232,274,33,241
227000242,44,503,-459
227000243,423,133,290
227000245,26,453,-427
227000246,72,504,-432
227000247,255,157,98
227000248,513,56,457
227000249,67,310,-243
227000250,835,251,584
227000251,238,356,-118
227000252,20,407,-387
227000253,73,38,35
227000262,240,73,167
227000266,779,23,756
227000267,74,2172,-2098
227000282,4,227,-223
227000284,284,22,262
227000286,2,70,-68
227000287,6,102,-96
227000291,8,565,-557
227000484,362,13,349
227000485,21,752,-731
227000655,68,14,54
227000656,594,31,563
227000657,29,42,-13
227000661,399,30,369
227000680,484,48,436
229000265,24,69,-45
229000296,1,48,-47
229000297,5,66,-61
229000298,17,293,-276
229000320,9,26,-17
229000321,10,8,2
229000412,38,47,-9
229000414,15,111,-96
229000415,16,1,15
229000416,3,3,0
229000417,10,25,-15
229000419,155,445,-290
229000440,249,96,153
229000442,16,4,12
229000443,10,2,8
229000444,16,42,-26
229000445,75,22,53
229000446,82,25,57
229000847,37,1,36
229000848,17,0,17
229000849,100,4,96
229000851,52,0,52
229000854,0,32,-32
229000856,4,133,-129
229000857,1,41,-40
229000858,0,86,-86
229000919,23,104,-81
229000930,2,237,-235
229000937,51,12,39
229000966,47,14,33
229000981,23,93,-70
229000985,7,45,-38
229000986,8,28,-20
229000987,0,2,-2
229000988,3,5,-2
229000989,19,14,5
229000990,2,2,0
229000991,1,6,-5
229000992,13,11,2
229000993,286,26,260
229000998,13,124,-111
229000999,84,16,68
229001034,0,19,-19
229001035,22,6,16
229001037,65,15,50
229001042,6,31,-25
229001047,3,54,-51
229001050,40,98,-58
229001200,10,1,9
229001338,4,34,-30
229001394,207,4,203
229001422,107,31,76
229001423,28,191,-163
229001431,43,64,-21
229001432,43,107,-64
229001444,95,55,40
229001445,62,238,-176
229001503,189,97,92
229001504,135,296,-161
229001505,94,36,58
229001506,60,280,-220
229001509,59,73,-14
229001545,57,9,48
229001546,5,102,-97
229001553,45,14,31
229001554,23,97,-74
229001559,3,12,-9
229001560,1,33,-32
229001630,92,19,73
229001631,14,65,-51
229001635,0,6,-6
229001636,3,3,0
229001658,1,138,-137
229001659,65,9,56
229001660,1,0,1
229001661,9,27,-18
229001662,63,0,63
229001663,0,11,-11
229002584,199,150,49
229002831,319,208,111
229002841,9,18,-9
229002842,13,19,-6
229002843,107,24,83
229002844,116,47,69
229002845,25,54,-29
229002846,36,12,24
229002847,37,12,25
229002848,14,25,-11
229002849,8,54,-46
229002850,12,0,12
229002851,126,98,28
229002852,128,12,116
229002853,159,12,147
229002854,206,55,151
229002855,22,10,12
229002856,34,21,13
229002857,10,32,-22
229002858,4,21,-17
229002859,101,20,81
229002860,114,21,93
229002861,55,14,41
229002862,20,42,-22
229002863,38,16,22
229002864,30,47,-17
229002865,12,17,-5
229002866,14,15,-1
229002867,16,30,-14
229002868,33,7,26
229002869,66,122,-56
229002870,17,8,9
235000066,438,116,322
235000067,112,200,-88
235000072,27,65,-38
235000073,74,364,-290
235000074,15,89,-74
235000080,35,84,-49
235000081,60,124,-64
235000082,131,117,14
235000083,98,138,-40
235000084,59,66,-7
235000085,52,81,-29
235000089,30,48,-18
235000092,17,204,-187
235000093,3,2,1
235000097,8,12,-4
235000098,30,22,8
235000099,52,29,23
235000116,86,29,57
235000117,1095,34,1061
235000133,10,383,-373
235000134,11,126,-115
235000206,9,5,4
235000207,6,1,5
235000208,9,1,8
235000209,12,5,7
235000210,7,2,5
235000212,5,27,-22
235000213,4,10,-6
235000220,2,5,-3
235000221,102,8,94
235000238,71,52,19
235000239,4,7,-3
235000242,368,385,-17
235000245,889,184,705
235000246,49,82,-33
235000284,2,136,-134
235000295,133,24,109
235000305,285,76,209
235000306,78,24,54
235000307,32,6,26
235000308,27,3,24
235000309,80,1,79
235000310,118,1,117
235000311,386,3,383
235000322,1,37,-36
235000323,2,70,-68
235000324,4,20,-16
235000325,0,12,-12
235000326,10,236,-226
235000351,1,108,-107
235000352,24,49,-25
235000353,1,33,-32
235000354,12,57,-45
235000355,11,55,-44
235000356,101,6,95
235000357,23,9,14
235000358,40,15,25
235000359,13,3,10
235000360,46,22,24
235000361,68,6,62
235000381,70,317,-247
235000382,98,42,56
235000390,11,5,6
235000391,75,24,51
235000392,111,188,-77
235000393,100,111,-11
235000395,71,59,12
235000396,252,126,126
235000400,263,148,115
235000401,186,160,26
235000405,119,205,-86
235000406,25,225,-200
235000407,87,85,2
235000409,176,183,-7
235000410,44,250,-206
235000411,0,75,-75
235000485,0,11,-11
235000486,9,0,9
235000549,35,95,-60
235000550,64,184,-120
235000599,56,69,-13
235000600,11,16,-5
235000601,15,30,-15
235000602,66,105,-39
235000614,2,1,1
235000648,1,17,-16
235000649,53,6,47
235000685,2,5,-3
235000815,7,28,-21
235000834,0,13,-13
235000855,26,60,-34
235000862,39,205,-166
235000891,0,3,-3
235000892,71,2,69
235000901,38,113,-75
235000907,5,12,-7
235001010,30,54,-24
235001029,596,412,184
235001030,348,266,82
235001078,86,108,-22
235001079,66,87,-21
235001147,27,75,-48
235001166,18,67,-49
235001167,24,50,-26
235001169,40,299,-259
235001188,2,14,-12
235001189,6,0,6
235001197,38,33,5
235001200,51,22,29
235001207,213,66,147
235001210,95,343,-248
235001215,64,262,-198
235001239,0,64,-64
235001244,0,4,-4
235016267,0,24,-24
277102712,56,85,-29
277103813,1,0,1
277103814,0,0,0
277104249,0,7,-7
277104250,2,18,-16
277104251,0,14,-14
277104252,0,4,-4
990011530,2,234,-232
990014944,3,519,-516
990015176,82,8,74
990015618,0,51,-51
990016032,1,540,-539
990032570,0,75,-75
990070001,135,1,134
990070103,0,2,-2
990070601,0,46,-46
990070751,409,5,404
990070766,3,786,-783
990071180,905,338,567
990071343,141,1,140
990071387,0,18,-18
990071823,458,1,457
990072600,3,906,-903
990072964,0,566,-566
990073285,0,4,-4
990074393,3,1319,-1316
990074870,957,57,900
990075106,807,5,802
990075746,380,6,374
990076437,806,15,791
990076458,4,1307,-1303
997000007,304,5,299
997000041,0,125,-125
997000058,35,0,35
997000062,203,0,203
997000069,0,4,-4
997000070,0,103,-103
997000100,27,0,27
997000141,0,768,-768
997000198,381,683,-302
998000475,2,24,-22
998000736,0,264,-264
998000965,0,8,-8
998001031,1,58,-57
998001700,1,34,-33
998001899,0,1,-1
998001900,6,0,6
998003073,755,8,747
998101900,0,0,0
998102850,1,113,-112
998501927,848,658,190
998501929,138,3,135
998501930,63,0,63
998501931,139,8,131
998501932,9,0,9
998501933,65,2,63
998501937,14,0,14
998501944,2,0,2
998501950,0,4,-4
998501970,61,17,44
998501971,0,76,-76
998501973,0,78,-78
998501974,0,309,-309
998501975,590,0,590
998501976,157,1,156
998501977,1,19,-18
998501978,19,0,19
998501979,0,26,-26
998501980,112,1,111
998501981,45,7,38
998501982,0,90,-90
998501983,0,0,0
998502006,0,0,0
998502024,0,9,-9
998502032,0,1,-1
998502062,26,2,24
998502063,0,0,0
998502173,67,0,67
998502269,0,4,-4
998502546,2,151,-149
998502578,5,7,-2
998502599,106,745,-639
998502621,0,2,-2
998601159,0,200,-200
998601292,0,17,-17
999033574,2,1209,-1207
999800001,57,3,54
999800002,0,2,-2
999800003,2,3,-1
999800004,0,1,-1
999800005,0,4,-4
