ID,insum,outsum,diff
100000001,624,1048,-424
100000002,4673,745,3928
100000003,4888,2761,2127
100000004,1679,1050,629
100000005,2055,3952,-1897
100000006,886,99,787
100000007,3330,542,2788
100000008,197,590,-393
100000009,588,168,420
100000010,68,56,12
100000011,893,61,832
100000012,151,843,-692
100000013,25,251,-226
100000014,402,252,150
100000015,2390,2262,128
100000016,1261,1480,-219
100000017,1146,915,231
100000018,1681,502,1179
100000019,7131,2228,4903
100000020,2130,6496,-4366
100000021,6672,3050,3622
100000022,3414,1440,1974
100000023,8451,1456,6995
100000025,4262,936,3326
100000028,3419,1100,2319
100000029,446,257,189
100000030,638,68,570
100000031,10014,7624,2390
100000032,3635,4575,-940
100000033,1215,2756,-1541
100000034,1303,505,798
100000035,2707,927,1780
100000036,3289,1358,1931
100000037,517,515,2
100000038,1707,1034,673
100000039,1078,161,917
100000040,278,170,108
100000041,1193,365,828
100000042,1147,440,707
100000043,1293,441,852
100000044,580,887,-307
100000045,750,1414,-664
100000046,885,1401,-516
100000047,564,882,-318
100000048,772,696,76
100000049,2080,2851,-771
100000051,635,1214,-579
100000053,105,7,98
100000054,514,40,474
100000055,1484,235,1249
100000056,681,641,40
100000057,1805,886,919
100000058,996,1364,-368
100000059,18,85,-67
100000060,468,433,35
100000061,2415,543,1872
100000062,1782,633,1149
100000063,631,265,366
100000064,1736,521,1215
100000065,630,1050,-420
100000066,246,871,-625
100000067,576,872,-296
100000068,749,1846,-1097
100000069,399,1933,-1534
100000072,412,1138,-726
100000073,1975,1475,500
100000075,690,343,347
100000076,4049,3517,532
100000077,1171,168,1003
100000078,111,79,32
100000079,64,71,-7
100000080,54,31,23
100000081,149,88,61
100000102,8057,1682,6375
100000103,6523,1034,5489
100000104,5755,2149,3606
100000105,4549,1095,3454
100000106,3753,1889,1864
100000107,1069,629,440
100000108,1925,1131,794
100000109,7105,1593,5512
100000116,1966,940,1026
100000117,96,41,55
100000118,2341,986,1355
100000119,1126,439,687
100000121,273,629,-356
100000122,3630,1045,2585
100000123,4267,7074,-2807
100000124,5899,10656,-4757
100000125,2900,1094,1806
100000126,1926,308,1618
100000127,4038,422,3616
100000128,1530,1303,227
100000129,835,462,373
100000130,363,666,-303
100000131,2844,4041,-1197
100000132,1236,2783,-1547
100000133,6414,3358,3056
100000135,613,728,-115
100000139,445,202,243
100000140,590,281,309
100000142,400,599,-199
100000143,1946,837,1109
100000144,5084,920,4164
100000147,1428,2859,-1431
100000150,70,464,-394
100000151,1070,1137,-67
100000153,984,347,637
100000154,579,117,462
100000155,35,81,-46
100000156,218,132,86
100000157,57,63,-6
100000158,233,90,143
100000159,1403,504,899
100000165,1721,953,768
100000169,1535,435,1100
100000174,2845,456,2389
100000179,172,499,-327
100000180,1697,1115,582
100000181,367,264,103
100000188,123,480,-357
100000189,990,306,684
100000190,1067,530,537
100000191,626,463,163
100000192,102,164,-62
100000193,195,174,21
100000330,2471,745,1726
100000355,402,627,-225
100000362,6525,3662,2863
100000363,3306,5006,-1700
100000364,650,169,481
100000365,4505,4986,-481
100000366,7363,3259,4104
100000367,4700,4237,463
100000368,2767,2019,748
100000369,1258,1679,-421
100000370,180,536,-356
100000376,206,125,81
100000379,7061,1763,5298
100000380,10083,2833,7250
100000384,8726,5022,3704
100000385,7987,4157,3830
100000386,13313,6531,6782
100000387,11782,5235,6547
100000388,10890,7660,3230
100000389,10548,6659,3889
100000390,10409,5467,4942
100000391,7204,7501,-297
100000392,7914,2601,5313
100000393,3405,3159,246
100000394,12404,5715,6689
100000395,6480,2270,4210
100000396,9370,2894,6476
100000397,5795,2820,2975
100000398,13422,9093,4329
100000413,8,11,-3
100900002,66,29,37
100900003,203,101,102
100900004,18,614,-596
100900005,177,6,171
100900006,14,187,-173
100900007,423,14,409
100900008,5,358,-353
100900009,55,56,-1
100900010,31,108,-77
100900011,117,401,-284
100900012,2,252,-250
100900013,483,7,476
100900014,2,14,-12
100900015,179,181,-2
100900016,0,39,-39
100900017,754,60,694
100900018,0,7,-7
100900019,23,137,-114
100900020,467,7,460
100900021,321,0,321
100900022,9,12,-3
100900023,0,12,-12
100900024,1112,8,1104
100900025,16,11,5
100900026,79,156,-77
100900027,371,2411,-2040
100900028,169,136,33
100900029,86,12,74
100900030,12,26,-14
100900031,493,96,397
100900032,172,8,164
100900033,229,186,43
100900034,405,1,404
100900035,738,0,738
100900036,22,1,21
100900037,69,228,-159
100900038,358,12,346
100900039,300,710,-410
100900040,225,750,-525
100900041,518,939,-421
100900042,798,203,595
100900043,0,15,-15
100900044,3703,606,3097
100900045,162,1,161
100900046,915,14,901
100900047,654,105,549
100900048,163,38,125
100900049,64,204,-140
100900050,0,44,-44
100900051,87,55,32
100900052,264,38,226
100900053,260,22,238
100900054,17,136,-119
100900055,400,471,-71
100900056,150,276,-126
100900057,733,1477,-744
100900058,408,31,377
100900059,148,8,140
100900060,83,6,77
100900061,372,381,-9
100900062,0,45,-45
100900063,136,472,-336
100900064,577,15,562
100900065,177,111,66
100900066,107,134,-27
100900067,5,9,-4
100900068,55,100,-45
100900069,2533,2,2531
100900070,192,0,192
100900071,697,401,296
100900072,2,31,-29
100900073,122,443,-321
100900074,1,7,-6
100900075,1767,422,1345
100900076,7,36,-29
100900077,12,143,-131
100900078,53,548,-495
100900079,3,20,-17
100900080,22,148,-126
100900081,60,222,-162
100900082,76,868,-792
100900083,8,47,-39
100900085,10,73,-63
100900086,238,1580,-1342
100900088,83,756,-673
100900089,0,23,-23
100900090,176,367,-191
100900091,2,22,-20
100900092,252,182,70
100900093,171,307,-136
100900094,97,817,-720
100900095,2,19,-17
100900096,24,94,-70
100900097,0,7,-7
100900098,17,13,4
100900099,31,722,-691
100900100,4,321,-317
100900101,497,55,442
100900102,8,49,-41
100900103,20,12,8
100900104,8,187,-179
100900105,7,189,-182
100900106,72,13,59
100900107,2206,653,1553
100900108,2,4,-2
100900109,16,19,-3
100900110,6,50,-44
100900111,40,223,-183
100900112,4,9,-5
100900113,21,22,-1
100900114,9,24,-15
100900115,1,25,-24
100900116,628,1432,-804
100900117,289,607,-318
100900118,25,50,-25
100900119,16,22,-6
100900120,3,13,-10
100900121,240,765,-525
100900122,170,208,-38
100900123,76,133,-57
100900124,16,6,10
100900125,22,92,-70
100900126,94,187,-93
100900127,3,14,-11
100900128,81,114,-33
100900129,1,125,-124
100900131,81,240,-159
100900133,54,27,27
100900134,0,15,-15
100900135,0,127,-127
100900137,319,205,114
100900138,490,417,73
100900139,8,11,-3
100900140,4,816,-812
100900141,2,408,-406
100900142,2,9,-7
100900143,1224,390,834
100900144,10,10,0
100900145,95,137,-42
100900146,6,38,-32
100900147,22,229,-207
100900148,38,1155,-1117
100900149,21,86,-65
100900150,2,29,-27
100900151,117,449,-332
100900152,75,4,71
100900153,2,154,-152
100900154,8,17,-9
100900155,3,5,-2
100900156,11,1,10
100900157,3,106,-103
100900159,7,28,-21
100900160,29,16,13
100900161,69,8,61
100900162,11,184,-173
100900163,167,221,-54
100900164,99,34,65
100900165,29,58,-29
100900166,25,5,20
100900167,12,75,-63
100900168,63,106,-43
100900169,152,821,-669
100900170,20,1,19
100900171,8,648,-640
100900172,0,11,-11
100900173,24,706,-682
100900174,410,83,327
100900176,1692,259,1433
100900177,860,530,330
100900178,564,86,478
100900179,132,89,43
100900180,1,3,-2
100900181,84,38,46
100900182,32,25,7
100900184,14,101,-87
100900186,918,828,90
100900187,3,167,-164
100900188,52,28,24
100900189,809,201,608
100900191,1488,1091,397
100900192,399,243,156
100900195,206,83,123
100900197,44,177,-133
100900198,4,426,-422
100900199,12,15,-3
100900200,563,380,183
100900201,33,672,-639
100900202,42,0,42
100900203,2,131,-129
100900204,279,223,56
100900205,160,329,-169
100900206,105,51,54
100900207,172,85,87
100900210,60,804,-744
100900211,317,134,183
100900213,47,20,27
100900214,1064,192,872
100900215,20,58,-38
100900217,202,96,106
101000001,5768,1842,3926
101000002,4077,5283,-1206
101000003,1067,2409,-1342
101000004,10640,11964,-1324
101000005,5441,6907,-1466
101000006,7851,11171,-3320
101000007,2986,3633,-647
101000008,7442,3901,3541
101000009,2091,2371,-280
101000010,1186,1813,-627
101000011,2712,727,1985
101000012,2318,650,1668
101000013,604,1263,-659
101000014,858,818,40
101000015,1418,801,617
101000016,1323,502,821
101000017,1372,628,744
101000018,9387,2788,6599
101000020,7737,1023,6714
101000021,3408,405,3003
101000022,611,71,540
101000023,3069,920,2149
101000025,375,465,-90
101000026,938,22,916
101000027,4068,1755,2313
101000028,1813,175,1638
101000029,146,858,-712
101000030,1769,90,1679
101000031,803,200,603
101000032,9298,2747,6551
101000033,4658,2842,1816
101000034,6773,1533,5240
101000035,2206,491,1715
101000036,3597,589,3008
101000037,7728,1579,6149
101000039,4592,2269,2323
101000040,6140,4012,2128
101000041,14391,5709,8682
101000042,1542,798,744
101000043,9674,4644,5030
101000045,2185,681,1504
101000046,3463,729,2734
101000047,2141,1484,657
101000048,1290,987,303
101000049,1319,1076,243
101000050,2015,1138,877
101000051,2724,1788,936
101000052,2777,768,2009
101000053,1691,1779,-88
101000054,1995,1463,532
101000055,1948,2049,-101
101000056,136,115,21
101000057,3546,970,2576
101000058,3221,1175,2046
101000059,6945,1582,5363
101000060,2455,601,1854
101000061,1457,1389,68
101000062,1425,879,546
101000063,1263,846,417
101000064,2324,745,1579
101000065,637,425,212
101000066,803,361,442
101000067,1472,506,966
101000068,689,380,309
101000069,649,63,586
101000070,1778,862,916
101000071,2382,1165,1217
101000072,1276,4606,-3330
101000073,638,712,-74
101000074,5624,3551,2073
101000075,6297,2729,3568
101000077,1122,1066,56
101000078,1071,2064,-993
101000079,469,396,73
101000080,692,352,340
101000081,1329,1672,-343
101000082,4323,3226,1097
101000083,2379,2278,101
101000084,1530,1160,370
101000085,1995,1291,704
101000086,1456,1193,263
101000087,1045,1582,-537
101000088,991,1181,-190
101000089,1026,1852,-826
101000090,2785,1713,1072
101000091,404,1841,-1437
101000092,829,1370,-541
101000093,1891,973,918
101000094,676,1521,-845
101000095,268,928,-660
101000096,359,766,-407
101000097,1228,296,932
101000098,949,668,281
101000099,1665,1810,-145
101000100,1355,745,610
101000101,598,350,248
101000102,2600,362,2238
101000103,1196,455,741
101000104,491,637,-146
101000105,2215,404,1811
101000106,1278,485,793
101000107,161,446,-285
101000108,1928,474,1454
101000109,241,81,160
101000110,58,835,-777
101000111,139,247,-108
101000113,259,858,-599
101000114,6428,2236,4192
101000115,182,340,-158
101000116,235,227,8
101000117,936,369,567
101000119,249,69,180
101000120,388,59,329
101000121,174,32,142
101000122,256,52,204
101000123,99,56,43
101000124,255,184,71
101000125,307,649,-342
101000128,2229,346,1883
101000130,260,240,20
101000131,716,798,-82
101000132,449,2360,-1911
101000135,128,15,113
101000136,547,92,455
101000137,47,381,-334
101000141,3646,3314,332
101000147,1266,642,624
101000148,2975,36,2939
101000149,231,164,67
101000150,75,1376,-1301
101000151,108,71,37
101000152,405,410,-5
101000153,714,597,117
101000154,259,2213,-1954
101000155,138,170,-32
101000156,32,268,-236
101000157,113,29,84
101000160,155,62,93
101000163,361,117,244
101000164,523,513,10
101000165,241,442,-201
101000166,352,369,-17
101000168,899,466,433
101000252,1731,1028,703
101000254,655,49,606
101000258,28,4,24
101000261,56,45,11
101000262,3009,1301,1708
101000263,359,699,-340
101000265,86,701,-615
101000266,487,224,263
101000269,223,8,215
101000290,2737,3799,-1062
101000293,27,84,-57
101000294,614,425,189
101000295,201,724,-523
101000301,1154,377,777
101000304,4880,3259,1621
101000305,4466,2431,2035
101000328,198,473,-275
101900001,23,86,-63
101900002,0,12,-12
101900003,214,97,117
101900004,11,51,-40
101900005,6800,1635,5165
101900006,1077,58,1019
101900007,835,107,728
101900008,280,343,-63
101900009,104,580,-476
101900010,1268,776,492
101900011,428,1853,-1425
101900012,140,464,-324
101900013,1499,154,1345
101900017,40,225,-185
101900018,2149,319,1830
101900019,374,155,219
101900020,59,91,-32
101900021,1,86,-85
101900022,96,1518,-1422
101900023,95,261,-166
101900026,135,31,104
101900027,8,107,-99
102000001,7742,4679,3063
102000002,5151,1807,3344
102000003,4024,7685,-3661
102000004,9046,4373,4673
102000005,2706,3230,-524
102000006,3404,2884,520
102000007,1850,7116,-5266
102000008,7156,3092,4064
102000009,6198,9402,-3204
102000010,6563,6524,39
102000011,3920,2655,1265
102000012,5800,5238,562
102000018,4437,3514,923
102000019,3564,2750,814
102000026,397,1663,-1266
102000029,427,233,194
102000030,66,431,-365
102000031,96,259,-163
102000032,437,588,-151
102000033,242,623,-381
102000034,523,915,-392
102000035,1106,824,282
102000036,7,692,-685
102000037,280,157,123
102000038,716,197,519
102000039,759,141,618
102000040,1046,121,925
102000041,347,597,-250
102000042,426,273,153
102000043,666,253,413
102000044,1807,854,953
102000045,1148,1768,-620
102000046,1541,864,677
102000047,648,1811,-1163
102000048,344,1322,-978
102000049,2007,1168,839
102000050,1895,1558,337
102000051,585,1072,-487
102000052,2035,1027,1008
102000053,2136,1198,938
102000054,464,1082,-618
102000055,852,1455,-603
102000056,632,2298,-1666
102000057,1232,679,553
102000058,1192,2707,-1515
102000059,1687,1995,-308
102000060,1701,1317,384
102000061,1308,2696,-1388
102000062,1353,1608,-255
102000063,1250,2055,-805
102000064,810,982,-172
102000065,39,174,-135
102000066,1193,2484,-1291
102000067,2963,4304,-1341
102000068,15528,4527,11001
102000069,57,2680,-2623
102000070,2248,82,2166
102000071,11551,11664,-113
102000072,3868,7388,-3520
102000073,1170,1526,-356
102000074,803,906,-103
102000075,242,435,-193
102000076,339,793,-454
102000077,457,1540,-1083
102000078,846,1233,-387
102000079,119,362,-243
102000080,280,286,-6
102000081,338,909,-571
102000082,818,332,486
102000083,503,518,-15
102000084,200,557,-357
102000085,1925,1777,148
102000086,1261,1286,-25
102000087,1139,2044,-905
102000088,236,296,-60
102000089,1344,493,851
102000090,452,1228,-776
102000091,1962,536,1426
102000092,416,1157,-741
102000093,881,1009,-128
102000094,1438,718,720
102000095,1227,1377,-150
102000096,955,1033,-78
102000097,1090,1256,-166
102000098,736,1089,-353
102000099,1322,706,616
102000100,1061,1355,-294
102000101,1705,784,921
102000102,381,4525,-4144
102000103,1540,513,1027
102000104,1331,411,920
102000105,319,1002,-683
102000106,740,1229,-489
102000107,1135,717,418
102000108,767,487,280
102000109,780,773,7
102000110,726,2013,-1287
102000111,16,494,-478
102000112,147,94,53
102000113,17,38,-21
102000114,1331,471,860
102000115,312,294,18
102000116,885,352,533
102000117,362,615,-253
102000118,2724,1198,1526
102000119,3627,660,2967
102000120,194,611,-417
102000121,1091,535,556
102000122,452,948,-496
102000123,1628,1065,563
102000124,1022,1221,-199
102000125,849,1146,-297
102000126,510,759,-249
102000127,984,720,264
102000128,574,1283,-709
102000129,1136,870,266
102000130,539,646,-107
102000131,1396,590,806
102000132,589,434,155
102000133,1265,2803,-1538
102000134,663,1043,-380
102000135,1153,1865,-712
102000136,1439,1004,435
102000137,926,953,-27
102000138,208,409,-201
102000139,85,321,-236
102000140,353,201,152
102000141,173,548,-375
102000142,292,436,-144
102000143,101,554,-453
102000144,243,457,-214
102000145,292,457,-165
102000146,441,336,105
102000147,353,373,-20
102000148,238,506,-268
102000149,170,793,-623
102000150,220,417,-197
102000151,185,546,-361
102000152,129,283,-154
102000153,1165,471,694
102000154,570,855,-285
102000155,136,326,-190
102000156,751,113,638
102000157,296,214,82
102000158,967,562,405
102000159,1589,443,1146
102000161,4503,2288,2215
102000162,281,123,158
102000163,114,582,-468
102000164,1153,1010,143
102000165,402,95,307
102000166,28,149,-121
102000167,285,166,119
102000168,236,127,109
102000169,127,880,-753
102000170,796,159,637
102000171,290,99,191
102000172,266,455,-189
102000173,868,288,580
102000174,28,56,-28
102000175,143,267,-124
102000176,59,90,-31
102000178,339,624,-285
102000179,479,262,217
102000180,629,709,-80
102000181,483,825,-342
102000182,470,713,-243
102000183,1563,2154,-591
102000184,1661,942,719
102000185,2327,1668,659
102000186,970,2413,-1443
102000187,586,2096,-1510
102000188,675,1752,-1077
102000189,3383,1187,2196
102000190,706,3323,-2617
102000191,1316,715,601
102000192,1143,1450,-307
102000193,71,165,-94
102000194,143,160,-17
102000195,759,628,131
102000196,159,709,-550
102000197,481,568,-87
102000198,187,1003,-816
102000199,662,383,279
102000200,327,1194,-867
102000201,687,489,198
102000202,4,143,-139
102000203,399,385,14
102000204,413,1405,-992
102000205,1142,782,360
102000206,1089,896,193
102000207,1496,617,879
102000208,693,825,-132
102000209,45,56,-11
102000210,344,563,-219
102000211,646,501,145
102000212,159,14,145
102000213,6,404,-398
102000214,227,20,207
102000215,2,587,-585
102000216,64,68,-4
102000217,7,186,-179
102000218,150,165,-15
102000219,492,359,133
102000225,897,1022,-125
102000226,3475,1147,2328
102000227,370,0,370
102000228,0,102,-102
102000229,37,26,11
102000230,294,693,-399
102000231,240,534,-294
102000232,23,423,-400
102000233,595,1311,-716
102000234,104,1305,-1201
102000236,233,119,114
102000237,1329,193,1136
102000238,205,515,-310
102000240,904,560,344
102000241,192,146,46
102000243,11,132,-121
102000245,48,130,-82
102000246,22,44,-22
102000247,1303,1408,-105
102000248,721,812,-91
102000249,166,169,-3
102000250,61,521,-460
102000254,80,477,-397
102000266,57,215,-158
102000271,52,1,51
102000286,608,521,87
102000297,2353,1456,897
102000299,0,0,0
102000301,0,0,0
102000303,0,3,-3
102000305,0,0,0
102000307,1,10,-9
102900001,1302,1430,-128
102900002,308,38,270
102900003,34,341,-307
102900005,215,520,-305
102900006,538,320,218
102900007,268,39,229
102900008,224,126,98
102900009,441,198,243
102900010,708,376,332
102900011,2217,543,1674
102900012,383,99,284
102900013,24,64,-40
102900015,853,396,457
102900016,49,155,-106
102900017,130,690,-560
102900018,12,123,-111
102900019,563,685,-122
102900020,89,42,47
102900021,10,155,-145
102900022,531,107,424
102900023,11,77,-66
102900024,26,67,-41
102900025,347,128,219
102900026,879,1671,-792
102900027,54,86,-32
102900028,162,752,-590
102900029,183,217,-34
102900030,410,351,59
102900031,119,165,-46
102900032,57,103,-46
102900033,131,217,-86
102900034,422,153,269
102900035,111,499,-388
102900036,199,694,-495
102900037,222,897,-675
102900038,531,920,-389
102900039,47,448,-401
102900040,136,275,-139
102900041,56,304,-248
102900042,172,529,-357
102900043,138,319,-181
102900044,791,2171,-1380
102900045,98,602,-504
102900046,141,327,-186
102900047,50,762,-712
102900048,577,866,-289
102900049,103,414,-311
102900050,258,452,-194
102900051,166,259,-93
102900053,397,1032,-635
102900054,1135,1148,-13
102900055,100,160,-60
102900056,134,565,-431
102900057,3,45,-42
102900058,347,72,275
102900059,19,61,-42
102900060,141,503,-362
102900061,122,625,-503
102900062,142,1662,-1520
102900063,1123,595,528
102900064,201,567,-366
102900065,2493,550,1943
102900066,320,71,249
102900068,182,92,90
102900070,217,889,-672
102900072,16,53,-37
102900073,174,5,169
102900075,35,31,4
102900076,252,92,160
102900077,57,36,21
102900078,53,158,-105
102900079,302,9,293
102900080,303,37,266
102900081,76,298,-222
102900082,6,242,-236
102900083,433,25,408
102900084,6,27,-21
102900085,216,86,130
102900086,6,54,-48
102900087,89,121,-32
102900088,111,29,82
102900089,307,135,172
102900090,2,416,-414
102900091,191,3,188
102900092,243,1228,-985
102900094,1,78,-77
102900095,263,2,261
102900096,69,18,51
102900097,4,169,-165
103000001,2863,3757,-894
103000002,3873,3168,705
103000003,5616,3681,1935
103000004,1047,859,188
103000005,2875,4219,-1344
103000006,823,1860,-1037
103000007,582,943,-361
103000008,1680,1251,429
103000009,1612,1226,386
103000010,177,122,55
103000011,1650,1367,283
103000012,1215,1876,-661
103000013,7469,2721,4748
103000014,1670,3297,-1627
103000015,3478,928,2550
103000016,725,1628,-903
103000017,215,513,-298
103000018,1434,504,930
103000019,236,272,-36
103000020,3416,1874,1542
103000021,2597,1726,871
103000022,1119,1457,-338
103000023,746,2324,-1578
103000024,117,252,-135
103000025,89,669,-580
103000026,1747,187,1560
103000027,233,652,-419
103000028,654,474,180
103000029,340,239,101
103000030,2091,779,1312
103000031,2049,2888,-839
103000032,1979,2257,-278
103000033,2989,3696,-707
103000034,1719,1162,557
103000035,465,1853,-1388
103000036,495,638,-143
103000037,656,521,135
103000038,528,1504,-976
103000039,290,746,-456
103000040,418,1744,-1326
103000041,1782,3229,-1447
103000042,891,933,-42
103000043,454,1726,-1272
103000044,149,312,-163
103000046,200,724,-524
103000047,779,901,-122
103000048,218,254,-36
103000049,90,287,-197
103000050,935,979,-44
103000051,476,823,-347
103000052,933,634,299
103000053,190,889,-699
103000054,2963,1792,1171
103000055,1907,2684,-777
103000056,724,2747,-2023
103000057,443,462,-19
103000058,557,1280,-723
103000059,325,904,-579
103000060,857,1134,-277
103000061,432,1156,-724
103000062,1226,1011,215
103000063,728,858,-130
103000064,240,361,-121
103000065,7,399,-392
103000066,252,14,238
103000069,282,531,-249
103000070,1100,1348,-248
103000071,1222,445,777
103000072,112,1055,-943
103000073,710,132,578
103000074,758,97,661
103000075,138,985,-847
103000076,360,414,-54
103000077,82,448,-366
103000078,2567,719,1848
103000079,1722,846,876
103000080,1747,431,1316
103000081,664,1136,-472
103000082,667,270,397
103000083,141,421,-280
103000084,241,11,230
103000085,9,141,-132
103000086,1547,652,895
103000087,333,718,-385
103000088,681,401,280
103000089,524,758,-234
103000090,2102,917,1185
103000091,621,494,127
103000092,524,325,199
103000093,346,588,-242
103000094,185,116,69
103000095,72,506,-434
103000096,812,132,680
103000097,79,839,-760
103000098,1153,274,879
103000099,452,755,-303
103000100,114,1099,-985
103000101,877,169,708
103000102,95,911,-816
103000103,717,298,419
103000104,116,128,-12
103000105,146,170,-24
103000106,12,85,-73
103000107,295,62,233
103000108,861,685,176
103000109,698,434,264
103000110,652,441,211
103000111,1223,513,710
103000112,690,244,446
103000113,1710,1040,670
103000114,3237,409,2828
103000115,360,640,-280
103000116,444,676,-232
103000117,301,563,-262
103000118,2475,1166,1309
103000119,2498,710,1788
103000120,128,80,48
103000121,914,957,-43
103000122,864,557,307
103000125,10,413,-403
103000126,460,16,444
103000127,2,208,-206
103000128,147,1,146
103000129,1,141,-140
103000130,36,29,7
103000131,171,103,68
103000132,66,133,-67
103000133,10,87,-77
103000134,1026,1153,-127
103000135,983,380,603
103000136,1091,493,598
103000137,1175,691,484
103000138,1320,1051,269
103000139,17,83,-66
103000140,263,34,229
103000141,27,162,-135
103000142,148,67,81
103000143,111,230,-119
103000144,238,97,141
103000145,21,22,-1
103000150,78,68,10
103000152,658,338,320
103000153,547,221,326
103000156,5,474,-469
103000157,343,6,337
103000159,182,147,35
103000162,242,43,199
103000163,46,38,8
103000164,118,21,97
103000165,317,584,-267
103000166,270,285,-15
103000167,489,113,376
103000168,79,245,-166
103000169,192,553,-361
103000170,594,675,-81
103000171,37,63,-26
103000172,310,409,-99
103000173,398,965,-567
103000174,132,431,-299
103000175,165,451,-286
103000176,1159,553,606
103000177,899,462,437
103000178,315,330,-15
103000179,171,49,122
103000183,93,26,67
103000185,72,110,-38
103000186,105,268,-163
103000187,386,895,-509
103000188,15,51,-36
103000189,2081,1038,1043
103000191,696,903,-207
103000292,3257,1247,2010
103000293,1356,1787,-431
103000295,115,121,-6
103000296,279,3,276
103000297,78,11,67
103000504,213,31,182
103000505,21,13,8
103000506,3,267,-264
103000507,203,5,198
103000508,81,28,53
103000509,279,676,-397
103900001,5,409,-404
103900002,2411,247,2164
103900003,2596,188,2408
103900004,79,1,78
103900005,2,294,-292
103900006,9,2,7
103900007,68,6,62
103900008,80,1,79
103900009,242,420,-178
103900010,138,333,-195
103900011,180,237,-57
103900012,6,21,-15
103900013,28,86,-58
103900014,22,49,-27
103900015,19,18,1
103900016,423,273,150
103900017,23,162,-139
103900018,806,214,592
103900019,42,285,-243
103900020,268,472,-204
103900021,1122,79,1043
103900022,1259,748,511
103900023,90,0,90
103900024,118,678,-560
103900025,15,53,-38
103900026,19,0,19
103900027,798,471,327
103900028,17,281,-264
103900029,1077,165,912
103900030,566,34,532
103900031,23,2,21
103900032,69,49,20
103900033,383,7,376
103900034,37,391,-354
103900035,65,72,-7
103900036,65,29,36
103900037,104,37,67
103900038,89,186,-97
103900039,39,471,-432
103900040,18,282,-264
103900041,30,35,-5
103900042,37,535,-498
103900043,174,144,30
103900044,265,341,-76
103900045,228,228,0
103900047,40,50,-10
103900048,44,20,24
103900049,257,1592,-1335
103900050,6,92,-86
103900051,0,27,-27
103900052,173,706,-533
103900053,239,1463,-1224
103900054,94,584,-490
103900055,424,249,175
103900056,20,45,-25
103900057,18,291,-273
103900058,149,914,-765
103900059,0,6,-6
103900060,42,282,-240
103900061,107,41,66
103900062,247,112,135
103900063,2,0,2
103900064,88,1,87
103900065,886,456,430
103900066,145,10,135
103900067,120,5,115
103900068,2,0,2
103900069,169,16,153
103900070,146,378,-232
103900071,17,205,-188
103900072,13,343,-330
103900073,35,46,-11
103900074,47,117,-70
103900075,128,129,-1
103900076,317,944,-627
103900077,77,117,-40
103900078,168,163,5
103900079,129,245,-116
103900080,14,47,-33
103900081,115,21,94
103900082,9,111,-102
103900083,2212,1258,954
103900084,57,155,-98
103900085,156,100,56
103900086,576,360,216
103900088,410,330,80
103900089,38,280,-242
103900090,3,264,-261
103900091,963,290,673
103900092,1160,671,489
103900093,90,417,-327
103900094,9,156,-147
103900095,950,188,762
103900096,29,278,-249
103900097,6,574,-568
103900098,192,140,52
103900099,46,270,-224
103900100,190,411,-221
103900101,77,1305,-1228
103900102,0,50,-50
103900104,1,45,-44
103900105,129,185,-56
103900106,0,20,-20
103900107,67,324,-257
103900108,31,498,-467
103900109,92,124,-32
103900110,221,51,170
103900111,89,1070,-981
103900112,21,49,-28
103900113,145,235,-90
103900114,730,416,314
103900115,288,268,20
103900116,8238,2560,5678
103900117,209,154,55
103900119,21,43,-22
103900120,67,189,-122
103900122,61,437,-376
103900123,2331,672,1659
103900124,76,621,-545
103900125,132,92,40
103900126,413,767,-354
103900127,146,784,-638
103900128,60,222,-162
103900131,22,151,-129
103900133,1060,28,1032
103900134,2,5,-3
103900135,3,19,-16
103900137,0,59,-59
103900138,49,591,-542
103900139,339,1477,-1138
103900140,4,99,-95
103900141,295,85,210
103900142,167,287,-120
103900143,40,1,39
103900144,2,93,-91
103900145,149,399,-250
103900146,236,497,-261
103900147,398,127,271
103900148,189,296,-107
103900149,243,935,-692
103900150,9638,3881,5757
103900151,36,189,-153
103900152,374,643,-269
103900153,25,0,25
103900154,1559,2384,-825
103900155,25,317,-292
103900156,11,283,-272
103900157,37,414,-377
103900158,64,284,-220
103900159,103,95,8
103900160,73,24,49
103900161,70,235,-165
103900162,61,291,-230
103900163,7,585,-578
103900167,12,82,-70
103900168,119,169,-50
103900169,23,50,-27
103900170,2,108,-106
103900171,3,104,-101
103900172,5,54,-49
103900173,6,13,-7
103900174,101,38,63
103900175,48,47,1
103900176,10,24,-14
103900177,9,73,-64
103900178,52,139,-87
103900179,29,276,-247
103900180,13,218,-205
103900181,79,86,-7
103900182,28,39,-11
103900184,760,88,672
103900185,490,214,276
103900187,135,50,85
103900188,39,28,11
103900189,81,4,77
103900190,60,76,-16
103900191,25,51,-26
103900192,31,73,-42
103900193,187,139,48
103900194,114,346,-232
103900195,8,32,-24
103900196,13,25,-12
103900197,12,26,-14
103900198,5,81,-76
103900199,190,88,102
103900200,143,190,-47
103900201,84,272,-188
103900202,5,59,-54
103900203,30,34,-4
103900204,1,139,-138
103900207,2,184,-182
103900208,92,2,90
103900209,11,86,-75
103900210,66,22,44
103900211,407,790,-383
103900212,81,557,-476
103900213,368,337,31
103900214,843,165,678
103900215,826,374,452
103900216,15,568,-553
103900217,491,115,376
103900218,0,524,-524
103900219,190,560,-370
103900233,67,6,61
103900235,90,19,71
103900236,75,2,73
103900242,15,53,-38
103900243,21,25,-4
103900244,71,617,-546
103900245,137,308,-171
103900246,86,49,37
103900247,55,135,-80
103900248,42,46,-4
103900249,83,57,26
103900250,95,47,48
103900251,4,60,-56
103900253,59,102,-43
103900254,38,65,-27
103900255,46,41,5
103900256,114,116,-2
103900257,256,282,-26
103900258,125,6,119
103900259,136,11,125
103900261,11,4,7
103900262,47,19,28
103900263,105,176,-71
103900264,142,53,89
103900265,143,24,119
103900266,1,62,-61
103900267,19,45,-26
103900268,19,119,-100
103900269,106,40,66
103900270,62,171,-109
103900271,30,226,-196
103900272,76,139,-63
103900273,18,101,-83
103900274,43,13,30
103900275,48,10,38
103900276,5,178,-173
103900277,4,188,-184
103900278,23,85,-62
103900279,4,34,-30
103900280,8,238,-230
104000001,2581,2903,-322
104000002,2289,4301,-2012
104000003,2702,3237,-535
104000004,3729,3926,-197
104000005,1742,2655,-913
104000006,3376,4120,-744
104000007,5315,5722,-407
104000008,435,641,-206
104000009,194,152,42
104000010,174,267,-93
104000011,970,399,571
104000012,219,568,-349
104000013,234,239,-5
104000014,275,891,-616
104000015,315,264,51
104000016,699,587,112
104000018,793,185,608
104000019,680,186,494
104000020,238,898,-660
104000021,420,704,-284
104000022,130,319,-189
104000023,429,454,-25
104000024,305,516,-211
104000026,65,453,-388
104000027,474,612,-138
104000028,393,332,61
104000029,523,719,-196
104000030,351,336,15
104000031,1060,398,662
104000032,206,429,-223
104000033,615,502,113
104000034,302,495,-193
104000035,747,430,317
104000036,720,667,53
104000037,249,380,-131
104000038,324,387,-63
104000039,200,438,-238
104000040,516,561,-45
104000041,508,465,43
104000042,308,483,-175
104000043,342,506,-164
104000044,205,919,-714
104000045,1413,1570,-157
104000046,1959,2135,-176
104000047,971,1618,-647
104000048,1229,2220,-991
104000049,566,524,42
104000050,157,869,-712
104000051,147,892,-745
104000052,1515,2127,-612
104000053,876,950,-74
104000054,566,701,-135
104000055,5850,3582,2268
104000056,1953,272,1681
104000057,213,478,-265
104000058,795,1064,-269
104000059,691,1789,-1098
104000060,1223,1579,-356
104000061,1866,1641,225
104000062,316,294,22
104000064,878,491,387
104000065,239,467,-228
104000069,2398,1282,1116
104000070,87,505,-418
104000071,148,536,-388
104000072,690,424,266
104000075,57,472,-415
104000076,699,83,616
104000082,3151,3671,-520
104000083,876,290,586
104000084,171,614,-443
104000085,354,350,4
104000086,188,470,-282
104000087,434,1706,-1272
104000090,743,2183,-1440
104000092,1017,4057,-3040
104000094,1133,2644,-1511
104000095,2137,1951,186
104000096,1572,563,1009
104000097,1798,1400,398
104000098,1922,1770,152
104000100,1684,909,775
104000101,1430,4091,-2661
104000106,126,651,-525
104000107,627,725,-98
104000108,346,723,-377
104000109,420,96,324
104000110,1133,1255,-122
104000111,6232,2707,3525
104000112,2688,711,1977
104000116,9,1862,-1853
104000117,109,1392,-1283
104000118,404,409,-5
104000119,477,387,90
104000120,205,1338,-1133
104000121,199,1096,-897
104000122,632,965,-333
104000123,1377,1536,-159
104000124,1411,3925,-2514
104000125,6832,4126,2706
104000126,259,523,-264
104000127,1994,4482,-2488
104000128,976,524,452
104000129,616,41,575
104000130,14,427,-413
104000131,1885,602,1283
104000132,1276,761,515
104000133,1364,1208,156
104000134,992,2224,-1232
104000135,425,1895,-1470
104000136,773,3872,-3099
104000137,1516,426,1090
104000138,1307,728,579
104000139,9440,4008,5432
104000141,1235,2308,-1073
104000142,794,1094,-300
104000143,742,810,-68
104000144,112,294,-182
104000145,550,269,281
104000146,481,835,-354
104000147,125,482,-357
104000148,246,161,85
104000149,183,427,-244
104000150,757,556,201
104000151,388,673,-285
104000152,574,749,-175
104000153,508,583,-75
104000154,1384,789,595
104000155,346,501,-155
104000157,1228,2240,-1012
104000158,482,512,-30
104000159,889,549,340
104000160,1770,2178,-408
104000161,309,214,95
104000162,42,166,-124
104000165,1825,1477,348
104000167,568,980,-412
104000168,808,7,801
104000169,91,79,12
104000170,620,544,76
104000248,348,1257,-909
104000251,96,320,-224
104000272,0,0,0
104000273,0,0,0
104000274,0,0,0
104000275,0,0,0
104000279,701,530,171
104000290,95,415,-320
104000291,1029,1870,-841
104000293,1061,743,318
104000294,14,0,14
104000295,767,1084,-317
104000296,445,1185,-740
104000297,1113,2225,-1112
104000298,2672,1333,1339
104000299,949,2367,-1418
104900001,143,538,-395
104900002,55,154,-99
104900003,32,473,-441
104900004,87,481,-394
104900005,215,228,-13
104900006,256,125,131
104900007,229,325,-96
104900009,150,534,-384
104900010,22,34,-12
104900011,20,4,16
104900012,194,18,176
104900013,134,14,120
104900014,4560,362,4198
104900015,166,12,154
104900016,188,364,-176
104900017,179,234,-55
104900018,16,207,-191
104900019,496,2486,-1990
104900020,71,326,-255
104900021,1,373,-372
104900022,19,160,-141
104900023,0,108,-108
104900024,15,142,-127
104900025,85,604,-519
104900026,2,156,-154
104900027,457,336,121
104900028,15,142,-127
104900029,39,126,-87
104900030,519,220,299
104900031,145,266,-121
104900032,31,225,-194
104900033,179,264,-85
104900034,279,165,114
104900035,277,180,97
104900036,158,67,91
104900037,141,462,-321
104900038,751,632,119
104900039,934,196,738
104900040,315,137,178
104900041,212,212,0
104900042,105,523,-418
104900043,11,62,-51
104900044,432,288,144
104900045,452,61,391
104900046,100,147,-47
104900047,273,212,61
104900048,246,100,146
104900049,19,17,2
104900050,184,80,104
104900051,281,62,219
104900052,27,1,26
104900053,426,90,336
104900054,91,91,0
104900055,46,0,46
104900056,134,11,123
104900057,60,32,28
104900058,1079,160,919
104900059,92,33,59
104900060,2,474,-472
104900061,374,740,-366
104900063,0,174,-174
104900064,2,141,-139
104900065,0,201,-201
104900066,0,271,-271
104900067,1,363,-362
104900068,5,329,-324
104900070,171,330,-159
104900071,2,1105,-1103
104900072,65,281,-216
104900073,55,402,-347
104900074,43,252,-209
104900075,44,120,-76
104900076,84,450,-366
104900077,1915,155,1760
104900078,196,825,-629
104900079,184,498,-314
104900080,109,660,-551
104900082,7,431,-424
104900085,7,264,-257
104900087,405,7,398
104900089,96,0,96
104900090,726,672,54
104900091,497,978,-481
104900093,244,743,-499
104900097,3971,1740,2231
104900098,76,46,30
104900099,613,776,-163
104900100,1102,306,796
104900102,26,324,-298
104900103,450,145,305
104900104,4307,1738,2569
104900106,53,187,-134
104900107,96,387,-291
104900108,13,456,-443
104900109,80,536,-456
104900110,10,52,-42
104900111,147,151,-4
104900112,253,1119,-866
104900113,554,535,19
104900114,238,752,-514
104900115,661,734,-73
104900116,261,357,-96
104900118,16,88,-72
104900119,2,40,-38
104900120,92,108,-16
104900121,2,134,-132
104900122,4,127,-123
104900123,20,5,15
104900124,29,0,29
104900125,511,9,502
104900126,73,95,-22
104900127,27,90,-63
104900128,88,191,-103
104900129,3603,2216,1387
105000001,3212,2172,1040
105000002,3468,2252,1216
105000003,5120,4826,294
105000004,669,1832,-1163
105000005,816,1640,-824
105000006,1826,2328,-502
105000007,1683,2029,-346
105000008,2410,3403,-993
105000009,1926,3464,-1538
105000010,4263,3897,366
105000011,2158,2907,-749
105000012,4918,3951,967
105000013,982,1364,-382
105000014,1628,2698,-1070
105000015,8214,9565,-1351
105000016,5500,2980,2520
105000017,3171,1283,1888
105000018,2195,1614,581
105000019,2501,1251,1250
105000020,459,445,14
105000021,661,199,462
105000022,351,52,299
105000023,444,270,174
105000028,87,214,-127
105000029,447,1276,-829
105000030,5311,5018,293
105000031,2,14,-12
105000033,1383,2727,-1344
105000034,291,733,-442
105000037,680,645,35
105000038,1671,1811,-140
105000039,3039,2126,913
105000040,686,1040,-354
105000041,426,1485,-1059
105000042,2127,1660,467
105000043,1923,2329,-406
105000044,378,414,-36
105000045,355,979,-624
105000046,866,399,467
105000047,492,1690,-1198
105000048,829,330,499
105000049,305,1076,-771
105000050,666,448,218
105000051,394,866,-472
105000052,632,1134,-502
105000053,177,272,-95
105000054,371,1245,-874
105000055,936,457,479
105000056,1033,3605,-2572
105000057,1270,1280,-10
105000058,2010,1902,108
105000059,687,786,-99
105000060,803,1014,-211
105000061,547,794,-247
105000062,1241,1658,-417
105000063,497,976,-479
105000064,1491,881,610
105000065,700,1365,-665
105000066,1567,2781,-1214
105000067,1683,823,860
105000068,1180,1166,14
105000069,5531,1433,4098
105000070,1463,936,527
105000071,858,913,-55
105000072,1556,2529,-973
105000073,1173,818,355
105000074,1695,1108,587
105000075,1114,1012,102
105000076,2166,1381,785
105000077,2861,1164,1697
105000078,2315,1570,745
105000079,3102,2444,658
105000080,2607,1191,1416
105000081,3353,1080,2273
105000082,1749,811,938
105000083,2899,1349,1550
105000084,1220,1345,-125
105000085,1983,1325,658
105000086,785,1467,-682
105000087,3670,2504,1166
105000088,1987,2078,-91
105000089,3200,2803,397
105000090,1180,941,239
105000091,2050,2065,-15
105000092,1173,1335,-162
105000093,577,244,333
105000094,328,278,50
105000095,141,542,-401
105000096,1554,895,659
105000097,1654,1099,555
105000098,1872,695,1177
105000099,2463,1217,1246
105000100,1007,1734,-727
105000101,2253,2762,-509
105000102,2043,1937,106
105000103,1878,3101,-1223
105000104,2334,1443,891
105000105,1130,3113,-1983
105000106,1749,2225,-476
105000107,1337,1558,-221
105000108,1151,2782,-1631
105000109,1358,2416,-1058
105000110,542,1366,-824
105000111,651,892,-241
105000112,1343,1170,173
105000113,500,782,-282
105000114,6139,1557,4582
105000115,482,1113,-631
105000116,785,571,214
105000117,1192,2029,-837
105000118,451,429,22
105000119,634,1841,-1207
105000120,887,708,179
105000121,1113,1842,-729
105000122,459,711,-252
105000123,1582,2024,-442
105000124,1882,1222,660
105000125,1026,2934,-1908
105000126,2447,3052,-605
105000127,2791,2775,16
105000128,804,1872,-1068
105000129,1379,504,875
105000130,297,2293,-1996
105000131,987,711,276
105000132,806,679,127
105000133,563,1626,-1063
105000134,858,648,210
105000135,578,989,-411
105000136,182,527,-345
105000137,339,235,104
105000138,260,486,-226
105000139,1223,1392,-169
105000140,229,673,-444
105000141,225,962,-737
105000142,141,625,-484
105000143,291,1063,-772
105000144,435,1114,-679
105000145,671,619,52
105000146,820,1256,-436
105000147,545,574,-29
105000148,1463,983,480
105000149,2194,2413,-219
105000150,2483,2090,393
105000151,518,441,77
105000152,195,953,-758
105000153,828,656,172
105000154,1170,1364,-194
105000155,397,840,-443
105000156,1091,1251,-160
105000157,1147,2988,-1841
105000158,2372,1006,1366
105000159,284,1821,-1537
105000160,2090,743,1347
105000161,1015,2277,-1262
105000162,775,1985,-1210
105000163,2784,1510,1274
105000164,199,373,-174
105000165,3018,6209,-3191
105000166,9985,529,9456
105000167,4628,1944,2684
105000168,301,1329,-1028
105000169,445,415,30
105000170,188,1992,-1804
105000171,1275,481,794
105000172,152,67,85
105000173,131,37,94
105000174,54,42,12
105000175,69,160,-91
105000176,230,98,132
105000177,331,182,149
105000178,147,1173,-1026
105000179,283,124,159
105000180,87,140,-53
105000181,95,608,-513
105000182,50,46,4
105000183,3580,2454,1126
105000184,1116,1039,77
105000185,1240,886,354
105000186,472,1095,-623
105000187,822,323,499
105000188,491,121,370
105000189,333,626,-293
105000190,387,418,-31
105000191,458,417,41
105000192,343,102,241
105000193,238,168,70
105000194,283,83,200
105000195,318,1289,-971
105000196,57,177,-120
105000197,264,816,-552
105000198,702,400,302
105000199,666,613,53
105000200,221,232,-11
105000201,226,35,191
105000203,14,446,-432
105000204,72,100,-28
105000205,104,293,-189
105000207,524,235,289
105000208,343,519,-176
105000209,323,364,-41
105000211,59,10,49
105000212,1308,2101,-793
105000213,217,246,-29
105000214,75,367,-292
105000215,257,361,-104
105000216,151,336,-185
105000217,187,318,-131
105000218,928,1436,-508
105000221,218,438,-220
105000222,310,47,263
105000223,199,224,-25
105000226,68,498,-430
105000227,37,267,-230
105000228,354,1293,-939
105000229,183,392,-209
105000231,310,379,-69
105000233,660,637,23
105000234,613,1731,-1118
105000235,475,703,-228
105000237,884,112,772
105000243,33,49,-16
105000248,155,95,60
105000262,252,2186,-1934
105000269,134,191,-57
105000270,385,90,295
105000271,2,399,-397
105000282,325,63,262
105000287,297,158,139
105000288,388,661,-273
105000289,3982,1374,2608
105000290,21,6,15
105000402,5448,2882,2566
105000426,596,602,-6
105000438,3531,1048,2483
105000440,2,14,-12
105000446,17257,6899,10358
105000447,9250,4051,5199
105000454,340,1172,-832
105000455,326,276,50
105000474,17,0,17
105000477,365,482,-117
105000478,1920,3078,-1158
105000479,344,164,180
105000480,5472,3401,2071
105000481,3804,2714,1090
105000482,7334,5338,1996
105000483,1642,1890,-248
105000484,3603,3787,-184
105000485,1888,2180,-292
105000486,5913,3605,2308
105000488,7858,5845,2013
105000489,1123,1156,-33
105000549,65,221,-156
105000550,826,1724,-898
105000551,79,149,-70
105000552,5148,2748,2400
105000555,1595,902,693
105000556,25,31,-6
105000557,17,171,-154
105900001,5,1078,-1073
105900002,2205,521,1684
105900003,10,101,-91
105900004,336,121,215
105900005,5,281,-276
105900006,4,79,-75
105900007,43,24,19
105900008,73,1038,-965
105900009,3,22,-19
105900011,106,61,45
105900012,334,105,229
105900013,0,15,-15
105900014,3,66,-63
105900015,184,486,-302
105900016,240,619,-379
105900017,815,65,750
105900018,204,450,-246
105900019,45,333,-288
105900020,65,93,-28
105900021,30,155,-125
105900022,260,462,-202
105900023,2,105,-103
105900024,4,92,-88
105900025,136,54,82
105900026,518,81,437
105900027,4684,3791,893
105900028,194,135,59
105900029,2532,388,2144
105900030,330,260,70
105900031,491,165,326
105900032,57,149,-92
105900033,187,137,50
105900034,186,241,-55
105900035,193,190,3
105900036,43,236,-193
105900037,43,91,-48
105900038,151,460,-309
105900039,78,262,-184
105900040,101,94,7
105900041,192,601,-409
105900042,77,127,-50
105900043,3302,66,3236
105900044,4,231,-227
105900045,1,941,-940
105900046,1,269,-268
105900047,14,52,-38
105900048,119,667,-548
105900050,2527,733,1794
105900051,7,1444,-1437
105900052,383,88,295
105900053,5127,2460,2667
105900054,317,357,-40
105900056,891,259,632
105900057,11,128,-117
105900058,14,51,-37
105900059,0,34,-34
106000001,4419,2308,2111
106000002,3027,6329,-3302
106000003,3641,4252,-611
106000004,3001,4019,-1018
106000005,2886,6619,-3733
106000006,7280,6849,431
106000007,460,697,-237
106000008,423,378,45
106000009,514,444,70
106000010,639,708,-69
106000011,975,1171,-196
106000012,943,2087,-1144
106000013,1858,2057,-199
106000014,2267,2536,-269
106000015,1433,1338,95
106000016,1501,3239,-1738
106000017,714,895,-181
106000018,802,757,45
106000019,365,518,-153
106000020,305,563,-258
106000021,283,554,-271
106000022,422,353,69
106000023,702,457,245
106000024,721,1083,-362
106000025,154,255,-101
106000026,181,401,-220
106000027,1016,1569,-553
106000028,665,789,-124
106000029,969,1603,-634
106000030,998,419,579
106000034,201,845,-644
106000035,1132,1713,-581
106000036,350,451,-101
106000037,2329,2038,291
106000038,440,131,309
106000039,206,86,120
106000040,182,984,-802
106000041,1113,379,734
106000043,871,146,725
106000046,336,58,278
106000047,80,471,-391
106000049,905,217,688
106000050,366,1210,-844
106000051,833,455,378
106000052,118,911,-793
106000053,214,136,78
106000054,392,608,-216
106000055,955,1493,-538
106000056,315,520,-205
106000057,220,314,-94
106000058,172,253,-81
106000059,278,330,-52
106000060,646,863,-217
106000061,176,617,-441
106000062,147,799,-652
106000063,477,681,-204
106000064,28,488,-460
106000065,299,284,15
106000066,155,531,-376
106000067,328,147,181
106000068,38,785,-747
106000069,201,103,98
106000070,432,1089,-657
106000071,921,457,464
106000072,6484,2323,4161
106000073,2340,3625,-1285
106000074,541,954,-413
106000075,404,1690,-1286
106000076,1688,2250,-562
106000077,4735,1853,2882
106000078,875,1247,-372
106000079,625,1269,-644
106000080,1179,991,188
106000081,580,1408,-828
106000082,2524,1212,1312
106000083,352,1716,-1364
106000084,1222,855,367
106000085,1950,1662,288
106000086,747,1002,-255
106000087,987,794,193
106000088,381,806,-425
106000089,1092,577,515
106000090,288,603,-315
106000091,304,1132,-828
106000092,739,254,485
106000093,334,136,198
106000094,105,531,-426
106000095,559,1442,-883
106000096,933,835,98
106000097,960,1560,-600
106000098,684,1204,-520
106000099,210,967,-757
106000100,892,288,604
106000101,882,287,595
106000102,131,646,-515
106000103,285,769,-484
106000104,825,617,208
106000105,391,1104,-713
106000106,543,610,-67
106000107,143,628,-485
106000108,279,405,-126
106000109,133,546,-413
106000110,198,291,-93
106000111,165,788,-623
106000112,228,570,-342
106000113,1474,861,613
106000114,569,506,63
106000115,303,816,-513
106000116,209,341,-132
106000117,1026,971,55
106000118,1199,1389,-190
106000119,2858,1591,1267
106000120,765,1139,-374
106000121,249,281,-32
106000122,117,371,-254
106000123,277,361,-84
106000124,49,420,-371
106000125,53,378,-325
106000126,145,251,-106
106000127,832,1168,-336
106000128,718,416,302
106000129,547,871,-324
106000130,705,545,160
106000131,205,1107,-902
106000132,1355,211,1144
106000133,4861,1622,3239
106000134,1020,1608,-588
106000135,281,1122,-841
106000136,698,896,-198
106000137,107,1797,-1690
106000138,1028,100,928
106000139,56,235,-179
106000140,52,152,-100
106000141,104,172,-68
106000142,76,103,-27
106000143,19,119,-100
106000144,27,78,-51
106000145,230,377,-147
106000146,286,225,61
106000147,472,727,-255
106000148,779,1134,-355
106000149,442,594,-152
106000150,711,2582,-1871
106000151,6461,860,5601
106000152,1620,2492,-872
106000153,125,2011,-1886
106000154,2099,413,1686
106000155,74,292,-218
106000156,654,441,213
106000157,684,2357,-1673
106000158,4202,972,3230
106000159,6033,1916,4117
106000160,335,3291,-2956
106000161,1817,638,1179
106000162,176,989,-813
106000163,359,851,-492
106000164,324,478,-154
106000165,182,924,-742
106000166,1250,311,939
106000167,491,1669,-1178
106000168,402,250,152
106000169,158,939,-781
106000170,693,246,447
106000171,156,1310,-1154
106000172,3825,1169,2656
106000173,1188,3692,-2504
106000174,1105,420,685
106000175,356,1358,-1002
106000176,1532,816,716
106000177,789,2832,-2043
106000178,3391,2172,1219
106000179,1293,2754,-1461
106000180,1004,1966,-962
106000181,572,2137,-1565
106000182,907,979,-72
106000183,843,1288,-445
106000184,1123,1198,-75
106000185,666,981,-315
106000186,1235,136,1099
106000187,242,1147,-905
106000188,1,1,0
106000189,6,60,-54
106000190,13,2,11
106000191,626,191,435
106000192,0,21,-21
106000193,356,149,207
106000194,121,404,-283
106000195,278,83,195
106000196,146,349,-203
106000197,328,357,-29
106000198,102,304,-202
106000199,989,728,261
106000200,556,201,355
106000201,605,2349,-1744
106000202,8794,828,7966
106000203,168,254,-86
106000204,90,5,85
106000205,19,148,-129
106000206,118,19,99
106000207,52,1041,-989
106000208,1025,133,892
106000209,1142,358,784
106000210,258,1814,-1556
106000211,449,1861,-1412
106000212,986,329,657
106000213,842,1726,-884
106000214,3002,642,2360
106000215,222,682,-460
106000216,361,497,-136
106000217,286,684,-398
106000218,644,521,123
106000219,185,366,-181
106000220,418,338,80
106000221,121,371,-250
106000222,64,185,-121
106000223,139,191,-52
106000224,193,353,-160
106000225,133,81,52
106000226,215,390,-175
106000228,29,185,-156
106000229,113,910,-797
106000231,773,257,516
106000232,54,542,-488
106000233,485,253,232
106000234,77,245,-168
106000235,251,158,93
106000236,153,62,91
106000237,1,8,-7
106000238,38,14,24
106000239,1,104,-103
106000240,68,5,63
106000241,16,1023,-1007
106000242,294,34,260
106000249,80,117,-37
106000250,62,577,-515
106000251,63,47,16
106000252,12,106,-94
106000253,33,89,-56
106000254,60,52,8
106000255,17,154,-137
106000256,118,77,41
106000257,182,329,-147
106000258,154,64,90
106000259,7,25,-18
106000260,19,6,13
106000261,11,36,-25
106000262,52,16,36
106000263,12,93,-81
106000264,153,18,135
106000265,8,171,-163
106000266,192,18,174
106000267,9,91,-82
106000268,600,33,567
106000269,75,70,5
106000270,236,516,-280
106000271,67,240,-173
106000272,117,70,47
106000273,12,258,-246
106000274,219,46,173
106000275,201,248,-47
106000276,168,48,120
106000277,156,196,-40
106000278,211,29,182
106000279,10,105,-95
106000280,30,272,-242
106000281,79,161,-82
106000282,59,66,-7
106000283,90,164,-74
106000284,50,128,-78
106000285,88,171,-83
106000286,73,162,-89
106000287,126,144,-18
106000288,94,174,-80
106000289,64,92,-28
106000290,103,137,-34
106000291,107,97,10
106000292,119,159,-40
106000293,158,110,48
106000294,147,196,-49
106000295,56,38,18
106000296,41,152,-111
106000297,82,336,-254
106000298,200,65,135
106000299,73,218,-145
106000300,83,121,-38
106000301,119,126,-7
106000303,19,104,-85
106000304,66,33,33
106000305,19,27,-8
106000306,41,91,-50
106000307,28,16,12
106000308,23,230,-207
106000309,6,59,-53
106000310,240,796,-556
106000311,315,193,122
106000312,76,248,-172
106000313,173,274,-101
106000318,197,302,-105
106000319,982,179,803
106000320,5,64,-59
106000321,525,95,430
106000322,104,222,-118
106000324,8,180,-172
106000325,1633,1068,565
106000326,1028,2532,-1504
106000327,97,174,-77
106000328,3,100,-97
106000329,116,394,-278
106000330,32,51,-19
106000428,52,223,-171
106000429,144,741,-597
106000430,381,1862,-1481
106000431,1714,492,1222
106000432,2350,4355,-2005
106000433,2407,1467,940
106000434,3291,1422,1869
106000435,2514,3792,-1278
106000436,18,421,-403
106000437,354,21,333
106000438,331,118,213
106000439,34,598,-564
106000440,195,585,-390
106000441,1,0,1
106000442,389,3,386
106000443,101,576,-475
106000450,1,264,-263
106000451,44,36,8
106000454,3,148,-145
106000455,20,181,-161
106000456,208,23,185
106000457,17,1191,-1174
106000458,412,300,112
106000459,126,479,-353
106000460,855,42,813
106000461,94,1858,-1764
106000462,1,31,-30
106000463,3,43,-40
106000464,2,632,-630
106000465,332,0,332
106000466,3,863,-860
106000467,616,666,-50
106000468,79,312,-233
106000469,402,3,399
106000470,333,1970,-1637
106000471,36,832,-796
106000472,162,16,146
106000473,23,26,-3
106000474,395,891,-496
106000475,308,199,109
106000476,218,205,13
106000477,52,171,-119
106000480,0,210,-210
106900001,1,29,-28
106900002,2,659,-657
106900003,299,1005,-706
106900004,1,84,-83
106900006,0,22,-22
106900007,0,36,-36
106900008,258,364,-106
106900009,305,574,-269
106900010,229,382,-153
106900012,3132,1902,1230
106900013,504,82,422
106900014,31,2,29
106900015,12,3,9
106900016,219,1,218
106900017,3,0,3
106900018,1,0,1
106900019,29,1,28
106900020,3457,1438,2019
106900021,102,92,10
106900022,444,2,442
106900023,52,281,-229
106900024,418,46,372
106900025,40,812,-772
106900026,3,982,-979
106900027,592,8,584
107000001,3735,2722,1013
107000002,4650,6146,-1496
107000003,4935,6336,-1401
107000004,6255,7449,-1194
107000005,3070,5367,-2297
107000006,5065,8178,-3113
107000007,4600,10032,-5432
107000008,16733,13003,3730
107000009,5715,6972,-1257
107000010,12387,14529,-2142
107000011,1166,1608,-442
107000012,5244,5037,207
107000013,46,174,-128
107000014,46,325,-279
107000015,734,994,-260
107000016,664,1477,-813
107000017,2996,1111,1885
107000018,25,266,-241
107000020,1705,473,1232
107000021,1228,907,321
107000022,949,1178,-229
107000023,1995,474,1521
107000024,534,1751,-1217
107000025,302,561,-259
107000026,237,770,-533
107000027,1375,1500,-125
107000028,1292,2097,-805
107000029,2640,2314,326
107000030,3236,4029,-793
107000031,3854,2558,1296
107000032,457,1201,-744
107000033,4922,5678,-756
107000034,5868,2739,3129
107000035,436,269,167
107000036,543,1876,-1333
107000037,82,977,-895
107000038,348,298,50
107000039,1121,839,282
107000040,231,385,-154
107000041,1968,794,1174
107000042,926,2221,-1295
107000043,3830,1212,2618
107000044,883,349,534
107000045,176,314,-138
107000046,800,439,361
107000047,556,1032,-476
107000048,734,409,325
107000049,613,941,-328
107000050,1011,626,385
107000051,868,526,342
107000052,1620,1104,516
107000053,457,292,165
107000054,64,461,-397
107000055,374,204,170
107000056,558,987,-429
107000057,2805,291,2514
107000058,2356,2733,-377
107000059,2984,4668,-1684
107000060,4055,6201,-2146
107000061,7396,5381,2015
107000062,3698,3351,347
107000063,4933,8358,-3425
107000064,4294,2376,1918
107000065,4616,7251,-2635
107000066,1659,2598,-939
107000067,930,1210,-280
107000068,1714,831,883
107000069,1064,640,424
107000070,844,14,830
107000071,2369,75,2294
107000072,51,4419,-4368
107000073,551,259,292
107000074,185,1249,-1064
107000075,1316,448,868
107000076,975,1941,-966
107000077,3067,1201,1866
107000078,2568,3901,-1333
107000079,2382,783,1599
107000080,1396,3865,-2469
107000081,1231,680,551
107000082,538,2961,-2423
107000083,1194,415,779
107000084,524,2729,-2205
107000085,3312,3921,-609
107000086,4255,4568,-313
107000087,3823,2563,1260
107000088,4149,4971,-822
107000089,1461,2308,-847
107000090,1176,1804,-628
107000091,1135,1058,77
107000092,807,1779,-972
107000093,1251,940,311
107000094,1659,1811,-152
107000095,766,963,-197
107000096,757,1258,-501
107000097,780,468,312
107000098,505,1200,-695
107000099,493,403,90
107000100,467,471,-4
107000101,88,277,-189
107000102,572,590,-18
107000103,426,243,183
107000104,267,719,-452
107000105,459,114,345
107000106,279,603,-324
107000107,579,245,334
107000108,259,1057,-798
107000109,736,204,532
107000110,124,774,-650
107000111,309,66,243
107000112,55,605,-550
107000113,458,163,295
107000114,88,1111,-1023
107000115,474,128,346
107000116,126,1402,-1276
107000117,99,475,-376
107000118,133,400,-267
107000119,2567,1568,999
107000120,4088,514,3574
107000121,630,833,-203
107000122,1171,1221,-50
107000123,328,1125,-797
107000124,529,1132,-603
107000125,728,1274,-546
107000126,852,1173,-321
107000129,284,1468,-1184
107000130,541,310,231
107000131,503,995,-492
107000132,526,385,141
107000133,775,115,660
107000134,295,2,293
107000135,7,306,-299
107000136,787,7,780
107000137,37,494,-457
107000138,370,29,341
107000139,14,394,-380
107000140,1431,65,1366
107000141,141,1057,-916
107000142,461,119,342
107000143,80,1083,-1003
107000144,445,490,-45
107000145,173,751,-578
107000146,156,347,-191
107000147,4903,1299,3604
107000150,1017,2403,-1386
107000151,55,105,-50
107000152,709,798,-89
107000153,660,535,125
107000154,251,175,76
107000155,623,12,611
107000156,906,23,883
107000157,21,2440,-2419
107000158,584,26,558
107000159,49,1806,-1757
107000160,655,96,559
107000161,96,2040,-1944
107000162,172,384,-212
107000163,113,1,112
107000164,372,1,371
107000165,702,4,698
107000166,44,1688,-1644
107000167,498,346,152
107000168,894,400,494
107000169,1221,1032,189
107000170,1521,683,838
107000171,510,2790,-2280
107000172,825,1106,-281
107000173,666,1675,-1009
107000174,785,4142,-3357
107000175,10837,2269,8568
107000176,1,0,1
107000177,8,3,5
107000178,9,50,-41
107000179,256,3394,-3138
107000180,973,341,632
107000181,371,1805,-1434
107000182,1481,1043,438
107000183,103,1114,-1011
107000184,924,908,16
107000185,422,1523,-1101
107000186,931,431,500
107000187,1223,1781,-558
107000188,565,685,-120
107000189,354,1169,-815
107000190,633,1016,-383
107000191,779,1712,-933
107000192,1738,1332,406
107000193,386,468,-82
107000194,1421,975,446
107000197,710,259,451
107000198,304,970,-666
107000199,759,1106,-347
107000200,1625,788,837
107000201,437,220,217
107000202,315,472,-157
107000203,1029,617,412
107000204,1554,613,941
107000205,2153,1166,987
107000206,1016,1334,-318
107000207,1031,1424,-393
107000208,1400,590,810
107000209,2237,1181,1056
107000210,1007,626,381
107000211,6,39,-33
107000212,13,471,-458
107000213,5,29,-24
107000214,27,247,-220
107000215,342,500,-158
107000216,344,515,-171
107000217,113,151,-38
107000219,90,139,-49
107000220,177,370,-193
107000222,318,1050,-732
107000224,258,55,203
107000225,216,616,-400
107000226,217,92,125
107000227,72,511,-439
107000228,54,196,-142
107000229,681,245,436
107000230,1596,781,815
107000231,1550,1020,530
107000232,128,155,-27
107000233,1327,722,605
107000234,11,52,-41
107000235,60,5,55
107000236,17,416,-399
107000237,7,2,5
107000238,14,1,13
107000239,6228,766,5462
107000240,78,1363,-1285
107000243,0,93,-93
107000244,6,54,-48
107000246,3,1442,-1439
107000249,5,1282,-1277
107000251,6,300,-294
107000252,5,1439,-1434
107000255,1040,115,925
107000257,2,701,-699
107000258,1,208,-207
107000259,7,265,-258
107000260,504,1,503
107000262,10,775,-765
107000263,199,2,197
107000266,15,5,10
107000267,92,229,-137
107000268,151,196,-45
107000269,426,47,379
107000270,0,7,-7
107000271,10,1030,-1020
107000272,6,204,-198
107000273,0,218,-218
107000274,1270,114,1156
107000275,144,651,-507
107000280,519,25,494
107000281,24,1364,-1340
107000282,15,1359,-1344
107000290,0,24,-24
107000291,12,16,-4
107000292,3,28,-25
107000293,150,1,149
107000294,0,35,-35
107000295,28,1,27
107000296,0,21,-21
107000444,333,8,325
107000496,1,21,-20
107000497,1492,3494,-2002
107000500,427,368,59
107000501,97,221,-124
107000502,527,446,81
107000505,948,1098,-150
107000506,0,14,-14
107000508,5,746,-741
107000509,270,901,-631
107000510,20,21,-1
107000514,63,404,-341
107000515,12,325,-313
107000516,228,270,-42
107000518,1194,1002,192
107000519,4858,1308,3550
107000520,62,19,43
107000521,487,555,-68
107000522,746,1200,-454
107900001,30,199,-169
107900002,40,1,39
107900003,268,15,253
107900004,11,0,11
107900005,727,1,726
107900006,88,2,86
107900007,225,27,198
107900008,71,34,37
107900009,153,5,148
107900010,23,0,23
107900012,299,14,285
107900013,222,64,158
107900014,18,1,17
107900015,619,3,616
107900016,506,88,418
107900017,11,0,11
107900018,63,95,-32
107900019,20,71,-51
107900020,55,12,43
107900021,48,174,-126
107900023,3,2,1
107900024,0,47,-47
107900025,175,326,-151
107900026,29,129,-100
107900027,17,21,-4
107900028,32,72,-40
107900030,196,24,172
107900031,64,244,-180
107900032,14,3,11
107900033,17,7,10
107900034,377,12,365
107900035,797,26,771
107900036,48,11,37
107900037,0,35,-35
107900038,134,168,-34
107900039,9,95,-86
107900040,44,50,-6
107900041,2,2,0
107900043,29,266,-237
107900044,4,6,-2
107900045,68,36,32
107900046,105,133,-28
107900047,19,75,-56
107900048,144,4,140
107900049,395,716,-321
107900050,126,399,-273
107900051,77,94,-17
107900052,34,14,20
107900053,28,120,-92
107900055,553,204,349
107900056,89,35,54
107900057,0,1,-1
107900058,38,895,-857
107900060,16,58,-42
107900061,31,11,20
107900063,79,138,-59
107900064,346,82,264
107900065,144,17,127
107900066,24,13,11
107900067,0,0,0
107900068,248,251,-3
107900069,38,1754,-1716
107900070,64,40,24
107900071,47,1117,-1070
107900072,61,280,-219
107900073,35,219,-184
107900074,992,148,844
107900076,112,50,62
107900077,41,0,41
107900079,6,18,-12
107900080,185,239,-54
107900081,23,124,-101
107900082,34,24,10
107900083,458,120,338
107900084,114,100,14
107900086,57,115,-58
107900087,569,84,485
107900088,20,20,0
107900089,263,1078,-815
107900090,555,1730,-1175
107900091,238,609,-371
107900093,83,80,3
107900095,3708,1713,1995
107900097,20,65,-45
107900098,42,137,-95
107900100,1177,1068,109
107900101,1316,189,1127
107900102,9,7,2
107900103,47,184,-137
107900104,164,1,163
107900105,2,627,-625
107900106,5,1778,-1773
107900107,1061,387,674
107900108,462,114,348
107900109,768,7,761
107900110,26,117,-91
107900111,5,1289,-1284
107900112,123,331,-208
107900113,114,180,-66
107900114,147,274,-127
107900115,2,62,-60
107900116,113,289,-176
107900117,380,475,-95
107900118,114,181,-67
107900119,76,123,-47
107900120,17,13,4
107900121,0,165,-165
107900122,1,57,-56
107900123,1,14,-13
107900124,23,11,12
107900125,39,221,-182
107900126,1,28,-27
107900127,363,174,189
107900128,103,91,12
107900129,54,76,-22
107900130,64,40,24
107900131,593,156,437
107900132,97,524,-427
107900133,4,81,-77
107900134,19,39,-20
107900135,6,234,-228
107900136,18,36,-18
107900137,113,132,-19
107900138,40,36,4
107900139,29,55,-26
107900141,33,46,-13
107900142,63,1322,-1259
107900143,27,35,-8
107900144,3,186,-183
107900145,4,98,-94
107900146,34,161,-127
107900147,27,32,-5
107900148,183,197,-14
107900149,2051,249,1802
107900150,103,1064,-961
107900151,17,100,-83
107900152,6,273,-267
107900153,203,326,-123
107900154,45,21,24
107900155,51,39,12
107900156,2,437,-435
107900157,72,116,-44
107900158,666,15,651
107900159,25,1378,-1353
107900160,58,186,-128
107900161,16,318,-302
107900162,0,45,-45
107900163,86,28,58
107900164,1,59,-58
107900165,46,97,-51
107900166,16,324,-308
107900167,62,3,59
107900168,19,64,-45
107900169,0,169,-169
107900171,7,2286,-2279
107900172,0,386,-386
107900173,10,238,-228
107900174,76,7,69
107900175,23,6,17
107900176,13,35,-22
107900177,0,49,-49
107900178,0,294,-294
107900179,10,129,-119
107900180,1148,416,732
107900181,315,529,-214
107900182,7,1935,-1928
107900183,28,341,-313
107900184,96,182,-86
107900185,64,1,63
107900186,12,35,-23
107900187,0,100,-100
107900188,1039,127,912
107900189,16,115,-99
107900190,77,79,-2
107900191,52,150,-98
107900193,6,39,-33
107900194,199,3,196
107900195,4883,587,4296
107900196,63,61,2
107900197,962,254,708
107900199,2,1212,-1210
107900201,148,197,-49
107900203,60,114,-54
107900204,222,260,-38
107900206,664,169,495
107900207,1,731,-730
107900208,6,871,-865
107900209,382,134,248
107900210,116,160,-44
107900213,437,510,-73
107900214,10,200,-190
107900215,155,288,-133
107900216,163,131,32
107900217,13,87,-74
107900218,14,1621,-1607
107900219,26,134,-108
107900220,199,205,-6
107900221,195,229,-34
107900223,85,752,-667
107900224,184,334,-150
107900225,9,1050,-1041
107900226,84,115,-31
107900227,152,498,-346
107900228,7,87,-80
107900229,1,365,-364
107900230,6,157,-151
107900231,15,254,-239
107900232,39,216,-177
107900233,2,176,-174
107900234,56,216,-160
107900235,16,94,-78
107900236,66,79,-13
107900237,134,523,-389
107900238,19,169,-150
107900239,1488,482,1006
107900240,6,165,-159
107900241,12,104,-92
107900242,22,556,-534
107900243,2,60,-58
107900244,324,1,323
107900245,551,47,504
107900246,138,20,118
107900248,113,524,-411
107900249,519,16,503
107900250,3,601,-598
107900251,52,1316,-1264
107900252,1045,11,1034
107900253,181,2,179
107900254,56,214,-158
107900255,299,123,176
107900256,668,417,251
107900257,91,66,25
107900258,54,364,-310
107900259,61,1554,-1493
107900261,12,632,-620
107900262,52,209,-157
107900264,249,17,232
107900265,58,198,-140
107900267,135,16,119
107900268,60,16,44
107900269,1,8,-7
107900270,0,0,0
107900271,3,13,-10
107900272,152,10,142
107900273,39,101,-62
107900274,44,0,44
107900275,11,0,11
107900276,0,91,-91
107900277,1,313,-312
107900278,218,390,-172
107900279,158,130,28
107900280,1796,1945,-149
107900281,4281,1872,2409
107900282,154,338,-184
107900283,1710,482,1228
107900284,307,789,-482
107900285,64,126,-62
107900286,128,111,17
107900287,133,185,-52
107900290,0,57,-57
107900291,441,13,428
107900292,94,322,-228
107900293,72,751,-679
107900295,52,148,-96
107900297,1,260,-259
107900298,927,1001,-74
107900299,4726,2272,2454
107900301,549,572,-23
107900302,87,42,45
107900303,135,355,-220
107900304,202,551,-349
107900305,212,13,199
107900306,9,17,-8
107900307,42,331,-289
107900308,163,51,112
107900309,166,1,165
107900310,193,2,191
107900311,0,70,-70
107900312,84,0,84
107900313,0,81,-81
107900314,0,46,-46
107900315,0,53,-53
107900316,28,1,27
107900317,119,23,96
107900318,4,158,-154
107900319,4,331,-327
107900320,1,252,-251
107900321,111,2,109
107900322,3,235,-232
107900323,16,226,-210
107900324,159,0,159
107900325,112,1,111
107900326,367,416,-49
107900327,3,30,-27
107900328,96,1,95
107900329,155,27,128
107900330,5,565,-560
107900331,200,41,159
107900332,148,29,119
107900333,36,22,14
107900334,3,303,-300
107900335,57,99,-42
107900336,24,48,-24
107900337,1750,822,928
107900338,4,170,-166
107900339,0,30,-30
107900340,1,75,-74
107900341,27,0,27
107900342,119,96,23
107900343,61,1,60
107900344,2,140,-138
107900345,109,17,92
107900346,20,3,17
107900347,26,6,20
107900348,2,2,0
107900349,28,6,22
107900350,39,299,-260
107900351,6,393,-387
107900352,2,46,-44
107900353,8,6,2
107900354,6,71,-65
108000001,3057,4776,-1719
108000002,2957,4025,-1068
108000003,3797,2958,839
108000004,20027,20650,-623
108000005,7169,5044,2125
108000006,9074,9061,13
108000007,5147,4614,533
108000008,6642,8085,-1443
108000009,3851,4507,-656
108000010,4267,6220,-1953
108000011,10438,12899,-2461
108000012,21565,21447,118
108000014,1160,794,366
108000015,663,424,239
108000016,301,813,-512
108000017,865,429,436
108000018,1511,611,900
108000019,2095,952,1143
108000020,1444,535,909
108000021,554,1948,-1394
108000022,587,1872,-1285
108000023,1191,207,984
108000024,231,893,-662
108000025,235,300,-65
108000026,567,683,-116
108000027,680,908,-228
108000028,521,312,209
108000029,432,1181,-749
108000030,553,281,272
108000031,268,604,-336
108000032,1328,636,692
108000033,781,1660,-879
108000034,1516,477,1039
108000035,949,3147,-2198
108000036,364,1800,-1436
108000037,1530,350,1180
108000038,2138,471,1667
108000039,475,3128,-2653
108000040,1764,895,869
108000041,666,3232,-2566
108000042,245,266,-21
108000043,161,283,-122
108000044,369,227,142
108000045,306,643,-337
108000046,1046,343,703
108000047,356,1332,-976
108000048,184,434,-250
108000049,520,273,247
108000050,147,841,-694
108000051,233,121,112
108000052,305,859,-554
108000053,276,149,127
108000054,633,1220,-587
108000055,1069,411,658
108000056,1464,1369,95
108000057,717,892,-175
108000058,2285,3661,-1376
108000059,4736,2590,2146
108000060,259,708,-449
108000061,391,671,-280
108000062,556,582,-26
108000063,388,634,-246
108000064,192,279,-87
108000065,774,698,76
108000066,2294,978,1316
108000067,1851,587,1264
108000068,669,391,278
108000069,287,1351,-1064
108000070,1513,726,787
108000071,867,1933,-1066
108000072,1532,1130,402
108000073,1742,2332,-590
108000074,388,380,8
108000075,314,924,-610
108000076,647,618,29
108000077,782,847,-65
108000078,1832,1785,47
108000079,958,2439,-1481
108000080,920,666,254
108000081,518,2876,-2358
108000082,1192,2493,-1301
108000083,1974,955,1019
108000084,440,1629,-1189
108000085,529,444,85
108000086,829,970,-141
108000087,151,1794,-1643
108000088,1067,244,823
108000089,438,341,97
108000091,248,832,-584
108000092,134,132,2
108000093,233,1124,-891
108000094,694,159,535
108000095,225,706,-481
108000096,327,205,122
108000097,193,793,-600
108000098,1216,1660,-444
108000099,1394,345,1049
108000100,81,584,-503
108000101,959,1505,-546
108000102,1781,3130,-1349
108000106,874,3,871
108000107,0,792,-792
108000108,681,39,642
108000109,14,977,-963
108000110,164,363,-199
108000111,234,1135,-901
108000112,71,145,-74
108000113,618,318,300
108000115,471,542,-71
108000117,919,432,487
108000118,774,1631,-857
108000119,907,593,314
108000120,116,964,-848
108000121,201,730,-529
108000122,415,408,7
108000123,561,343,218
108000124,213,719,-506
108000125,220,439,-219
108000126,131,756,-625
108000127,485,411,74
108000128,552,747,-195
108000129,263,1471,-1208
108000130,303,326,-23
108000131,1099,537,562
108000132,2256,1812,444
108000133,791,632,159
108000134,595,700,-105
108000135,1008,426,582
108000136,979,1125,-146
108000137,342,528,-186
108000138,327,1315,-988
108000139,315,463,-148
108000140,79,25,54
108000141,45,157,-112
108000142,52,171,-119
108000143,34,846,-812
108000144,357,202,155
108000145,39,76,-37
108000146,443,63,380
108000147,57,64,-7
108000148,544,87,457
108000149,39,43,-4
108000150,27,10,17
108000151,574,75,499
108000152,106,798,-692
108000153,378,185,193
108000154,65,25,40
108000155,21,27,-6
108000156,1008,702,306
108000157,146,786,-640
108000158,123,642,-519
108000159,863,220,643
108000160,6559,1081,5478
108000161,5819,2103,3716
108000165,1,118,-117
108000172,6,311,-305
108000173,3325,1792,1533
108000175,379,119,260
108000178,458,442,16
108000179,244,724,-480
108000181,82,59,23
108000182,387,116,271
108000183,161,472,-311
108000184,1644,2167,-523
108000185,277,722,-445
108000186,277,646,-369
108000187,89,902,-813
108000188,383,248,135
108000189,3589,6393,-2804
108000190,36,142,-106
108000192,172,799,-627
108000193,1221,20,1201
108000194,44,27,17
108000195,4,1834,-1830
108000196,158,196,-38
108000198,1013,438,575
108000199,1,285,-284
108000200,214,736,-522
108000203,92,1124,-1032
108000204,76,18,58
108000205,354,635,-281
108000339,1741,395,1346
108000364,339,935,-596
108000365,96,430,-334
108000367,272,427,-155
108000368,12,63,-51
108000369,1544,153,1391
108000371,12,783,-771
108000372,544,6,538
108000373,250,240,10
108000376,74,25,49
108000377,342,351,-9
108000378,10414,12210,-1796
108000379,40,235,-195
108000381,45,9,36
108000382,232,1,231
108000383,0,148,-148
108900001,110,1430,-1320
108900002,243,68,175
108900003,349,1308,-959
108900004,2094,453,1641
108900007,202,220,-18
108900008,55,157,-102
108900009,73,130,-57
108900010,134,195,-61
108900011,290,406,-116
108900012,252,440,-188
108900013,90,230,-140
108900014,10,112,-102
108900015,0,19,-19
108900016,3,217,-214
108900017,203,188,15
108900018,67,501,-434
108900019,25,1335,-1310
108900020,40,293,-253
108900021,113,338,-225
108900022,145,14,131
108900023,9,25,-16
108900024,27,136,-109
108900025,108,131,-23
108900026,14,122,-108
108900027,1,107,-106
108900028,52,451,-399
108900029,44,247,-203
108900030,0,137,-137
108900031,61,564,-503
108900032,15,292,-277
108900033,0,68,-68
108900034,2,256,-254
108900035,273,1665,-1392
108900038,2,496,-494
108900039,2,673,-671
108900040,5,147,-142
108900041,6009,3083,2926
108900042,16,354,-338
108900043,61,469,-408
108900044,3,875,-872
108900045,35,719,-684
108900046,46,1361,-1315
108900047,1,101,-100
108900048,92,1250,-1158
108900049,7052,1137,5915
108900050,1,323,-322
108900051,1,307,-306
108900052,21,303,-282
108900053,121,158,-37
108900054,86,253,-167
108900055,54,495,-441
108900056,1,218,-217
108900057,0,223,-223
108900058,17,503,-486
108900059,363,29,334
108900060,106,144,-38
108900061,71,27,44
108900062,1,418,-417
108900063,4,408,-404
108900064,104,68,36
108900065,11,378,-367
108900066,243,132,111
108900067,18,297,-279
108900068,9,273,-264
108900069,36,101,-65
108900070,17,151,-134
108900071,86,55,31
108900072,2832,444,2388
108900073,20,693,-673
108900074,122,607,-485
108900075,59,64,-5
108900076,242,88,154
108900077,155,784,-629
108900078,40,223,-183
108900079,943,323,620
108900080,29,717,-688
108900081,44,287,-243
108900082,36,136,-100
108900083,18,227,-209
108900085,3077,188,2889
108900086,75,373,-298
108900087,117,255,-138
108900088,960,311,649
108900089,8,123,-115
108900090,30,478,-448
108900091,153,112,41
108900092,361,264,97
108900093,64,91,-27
108900094,220,106,114
108900095,61,668,-607
108900096,496,41,455
108900097,426,195,231
108900098,3868,579,3289
108900099,261,266,-5
108900100,60,198,-138
108900101,249,110,139
108900102,137,842,-705
108900103,63,95,-32
108900105,10,1020,-1010
108900106,331,484,-153
108900108,311,49,262
108900109,313,66,247
108900110,191,485,-294
108900111,300,788,-488
108900113,35,55,-20
108900114,47,7,40
108900115,60,99,-39
108900116,38,12,26
108900117,124,17,107
108900118,453,7,446
108900119,161,47,114
108900120,186,189,-3
108900121,392,68,324
108900122,82,24,58
108900123,81,67,14
108900124,348,143,205
108900125,251,0,251
108900126,93,16,77
108900127,136,36,100
108900128,91,26,65
108900129,746,101,645
108900130,166,1,165
108900131,413,3,410
108900132,328,82,246
108900133,167,61,106
108900134,201,330,-129
108900135,100,9,91
108900136,26,2,24
108900137,106,0,106
108900138,500,32,468
108900140,201,240,-39
108900141,239,13,226
108900142,76,5,71
108900143,43,0,43
108900144,54,0,54
108900145,93,9,84
108900146,48,0,48
108900147,166,0,166
108900148,46,35,11
108900150,242,9,233
108900151,155,3,152
108900152,97,16,81
108900153,103,515,-412
108900154,4413,487,3926
108900156,69,17,52
108900157,31,750,-719
108900158,229,37,192
108900159,5,395,-390
108900160,9,342,-333
108900161,4,612,-608
108900162,32,0,32
108900163,4,208,-204
108900164,48,83,-35
108900168,11265,2554,8711
108900169,59,156,-97
108900171,9348,2571,6777
108900172,188,52,136
108900173,183,460,-277
108900174,637,717,-80
108900176,119,838,-719
108900177,10057,3858,6199
108900178,6527,2980,3547
108900180,173,233,-60
108900183,178,179,-1
108900184,375,145,230
108900185,42,341,-299
108900186,33,428,-395
108900189,290,120,170
108900190,46,4047,-4001
108900192,117,277,-160
108900195,99,438,-339
108900196,27,695,-668
108900199,219,293,-74
108900200,676,389,287
108900201,383,1520,-1137
108900203,462,59,403
108900204,315,20,295
108900205,213,28,185
108900206,386,51,335
108900207,173,56,117
108900208,27,400,-373
108900209,283,702,-419
108900210,121,230,-109
108900211,162,393,-231
108900212,817,1138,-321
108900215,129,797,-668
108900216,548,154,394
108900217,102,3,99
108900218,109,9,100
108900221,32,130,-98
108900224,23,135,-112
108900225,2,139,-137
108900227,175,186,-11
108900230,597,383,214
108900232,2,446,-444
108900233,350,69,281
108900234,208,98,110
108900235,228,714,-486
108900236,31,349,-318
108900240,142,88,54
108900241,13,24,-11
108900245,4,1248,-1244
108900250,222,125,97
108900258,10,375,-365
108900259,30,98,-68
108900260,12,107,-95
108900261,141,170,-29
108900262,299,130,169
108900263,73,239,-166
108900264,574,318,256
108900265,1353,247,1106
108900266,1688,443,1245
108900267,0,70,-70
108900268,15,8,7
108900269,60,10,50
108900270,42,4,38
108900271,21,6,15
108900272,130,6,124
108900273,1211,648,563
108900274,45,86,-41
109000001,5694,1475,4219
109000002,3219,2157,1062
109000003,2893,840,2053
109000004,651,3654,-3003
109000005,3182,1080,2102
109000006,1055,2912,-1857
109000007,1491,996,495
109000008,572,2633,-2061
109000009,3962,1807,2155
109000010,1772,5440,-3668
109000011,3463,2185,1278
109000012,2477,5387,-2910
109000013,3575,3154,421
109000014,1819,4976,-3157
109000015,3753,7181,-3428
109000016,13735,5859,7876
109000017,2282,1751,531
109000018,1263,4917,-3654
109000019,3630,1794,1836
109000020,1746,2926,-1180
109000023,260,31,229
109000024,4,155,-151
109000025,514,496,18
109000026,1207,452,755
109000027,124,331,-207
109000028,122,101,21
109000029,149,217,-68
109000030,88,667,-579
109000031,270,155,115
109000032,116,607,-491
109000033,559,188,371
109000034,74,39,35
109000035,14,57,-43
109000036,76,394,-318
109000037,204,985,-781
109000038,574,452,122
109000039,830,554,276
109000040,6899,6093,806
109000041,6138,1498,4640
109000042,1484,1292,192
109000044,460,83,377
109000045,186,500,-314
109000046,263,95,168
109000047,99,479,-380
109000048,991,165,826
109000049,500,599,-99
109000050,371,247,124
109000051,419,296,123
109000052,392,1883,-1491
109000053,173,67,106
109000054,104,760,-656
109000055,248,232,16
109000056,278,587,-309
109000057,381,285,96
109000058,987,271,716
109000059,840,1184,-344
109000060,455,312,143
109000061,1842,858,984
109000062,116,295,-179
109000063,244,265,-21
109000064,156,185,-29
109000065,90,410,-320
109000066,283,149,134
109000067,40,387,-347
109000068,1794,7,1787
109000069,984,24,960
109000070,3,1232,-1229
109000071,413,81,332
109000072,80,395,-315
109000073,44,131,-87
109000074,62,241,-179
109000075,96,422,-326
109000076,112,210,-98
109000077,404,340,64
109000078,65,178,-113
109000079,92,232,-140
109000080,109,167,-58
109000081,106,734,-628
109000082,546,315,231
109000083,282,970,-688
109000088,125,599,-474
109000089,213,37,176
109000090,180,507,-327
109000091,215,141,74
109000092,403,660,-257
109000093,179,161,18
109000094,355,3,352
109000095,98,670,-572
109000096,501,307,194
109000097,75,201,-126
109000098,83,98,-15
109000099,960,487,473
109000100,266,717,-451
109000101,1039,1123,-84
109000102,317,1028,-711
109000103,337,781,-444
109000104,1166,821,345
109000105,495,1543,-1048
109000106,1821,965,856
109000107,588,2348,-1760
109000108,1801,765,1036
109000109,387,2248,-1861
109000110,1686,565,1121
109000111,1368,2726,-1358
109000112,390,183,207
109000113,478,246,232
109000114,115,473,-358
109000115,1702,171,1531
109000116,10,267,-257
109000117,98,124,-26
109000118,8,338,-330
109000119,856,574,282
109000120,150,1299,-1149
109000121,313,96,217
109000122,92,1027,-935
109000123,39,109,-70
109000124,619,456,163
109000125,582,506,76
109000126,397,945,-548
109000127,661,323,338
109000128,535,2665,-2130
109000129,1526,688,838
109000130,558,3585,-3027
109000131,781,447,334
109000132,692,2405,-1713
109000133,468,1344,-876
109000134,932,1947,-1015
109000135,1357,1595,-238
109000136,334,461,-127
109000137,330,419,-89
109000138,484,465,19
109000139,419,442,-23
109000140,155,572,-417
109000141,353,488,-135
109000142,127,520,-393
109000143,62,88,-26
109000145,95,403,-308
109000146,94,115,-21
109000148,5283,1135,4148
109000149,36,49,-13
109000150,217,214,3
109000155,521,744,-223
109000156,1701,1038,663
109000158,80,263,-183
109000159,116,741,-625
109000160,1129,298,831
109000161,389,1781,-1392
109000162,1887,1020,867
109000163,1050,2511,-1461
109000164,1256,3415,-2159
109000165,1097,763,334
109000166,581,139,442
109000167,146,1134,-988
109000170,31,82,-51
109000171,48,52,-4
109000172,45,92,-47
109000173,30,79,-49
109000174,49,53,-4
109000175,54,183,-129
109000176,253,279,-26
109000177,31,193,-162
109000178,517,606,-89
109000179,9175,4194,4981
109000180,6065,3595,2470
109000181,12,54,-42
109000182,42,61,-19
109000183,41,48,-7
109000184,27,32,-5
109000185,21,125,-104
109000188,364,3146,-2782
109000189,1758,1120,638
109000190,472,615,-143
109000191,364,703,-339
109000192,258,262,-4
109000193,180,529,-349
109000194,260,135,125
109000195,104,536,-432
109000196,281,128,153
109000197,134,587,-453
109000198,241,74,167
109000199,95,757,-662
109000206,230,49,181
109000207,80,30,50
109000208,103,72,31
109000209,137,169,-32
109000210,198,661,-463
109000211,467,488,-21
109000214,390,705,-315
109000215,231,78,153
109000216,391,175,216
109000217,210,95,115
109000218,206,153,53
109000221,421,1440,-1019
109000222,829,242,587
109000223,283,268,15
109000224,40,265,-225
109000225,58,64,-6
109000226,60,369,-309
109000227,807,1438,-631
109000228,2,427,-425
109000231,0,479,-479
109000232,221,455,-234
109000236,241,874,-633
109000241,2216,2633,-417
109000242,1654,2131,-477
109000293,22,72,-50
109000361,103,355,-252
109000364,195,856,-661
109000396,5,871,-866
109000397,400,6,394
109000399,149,881,-732
109000400,69,404,-335
109000403,74,536,-462
109000406,611,37,574
109000407,240,256,-16
109000408,1,1232,-1231
109000410,1063,272,791
109000411,177,55,122
109900001,114,1,113
109900002,608,8,600
109900003,148,1,147
109900004,736,254,482
109900005,14,8,6
109900006,201,350,-149
109900007,507,940,-433
109900008,0,51,-51
109900009,101,850,-749
109900010,377,15,362
109900011,116,29,87
109900012,191,195,-4
109900013,337,135,202
109900014,319,61,258
109900015,469,166,303
109900016,117,44,73
109900017,122,145,-23
109900018,159,95,64
109900019,142,62,80
109900020,20,44,-24
109900021,31,19,12
109900022,83,371,-288
109900023,13,5,8
109900024,19,5,14
109900025,10,83,-73
109900026,5,243,-238
109900027,33,63,-30
109900028,2967,774,2193
109900029,9,612,-603
109900030,38,6,32
109900031,1,46,-45
109900032,13,324,-311
109900033,4,790,-786
109900034,23,1,22
109900035,9,11,-2
109900036,11,118,-107
109900037,16,760,-744
109900038,40,385,-345
109900039,10,1,9
109900040,17,793,-776
109900041,57,517,-460
109900042,11,417,-406
109900044,60,346,-286
109900045,152,52,100
109900046,76,116,-40
109900047,421,417,4
109900048,1,114,-113
109900049,24,33,-9
109900050,3,274,-271
109900051,1,59,-58
109900052,54,312,-258
109900053,4,572,-568
109900054,513,197,316
109900055,60,294,-234
109900056,28,218,-190
109900057,13,290,-277
109900058,0,126,-126
109900059,456,126,330
109900060,360,191,169
109900061,104,402,-298
109900062,1,330,-329
109900063,3,427,-424
109900064,482,331,151
109900065,117,134,-17
109900066,326,1198,-872
109900067,0,464,-464
109900068,57,5,52
109900069,5,79,-74
109900070,40,343,-303
109900071,2,46,-44
109900072,22,206,-184
109900073,236,912,-676
109900074,7,38,-31
109900075,19,33,-14
109900076,28,634,-606
109900077,37,57,-20
109900078,116,272,-156
109900080,107,423,-316
109900081,24,99,-75
109900082,33,540,-507
109900083,29,62,-33
109900084,79,183,-104
109900085,207,1303,-1096
109900086,118,317,-199
109900087,290,439,-149
109900089,608,128,480
109900090,496,1603,-1107
109900091,205,103,102
109900092,597,22,575
109900093,594,126,468
109900094,90,125,-35
109900095,99,321,-222
109900096,19,4,15
109900097,80,2,78
109900098,322,38,284
109900099,113,0,113
109900100,47,0,47
109900101,367,12,355
109900102,385,22,363
109900103,21,46,-25
109900104,348,1185,-837
109900105,520,26,494
109900106,349,58,291
109900107,368,83,285
109900108,64,491,-427
109900109,25,168,-143
109900110,57,550,-493
109900111,267,1608,-1341
109900112,404,1151,-747
109900113,707,394,313
109900114,514,319,195
109900115,106,82,24
109900117,693,191,502
109900118,251,491,-240
109900119,687,389,298
109900120,36,23,13
109900121,578,296,282
109900122,357,7,350
109900123,13,205,-192
109900124,36,775,-739
109900125,1,207,-206
109900126,183,236,-53
109900128,199,64,135
109900130,15005,1726,13279
109900131,96,165,-69
109900132,21,201,-180
109900133,61,501,-440
109900134,61,54,7
109900135,438,67,371
109900136,50,142,-92
109900137,75,455,-380
109900140,199,433,-234
109900142,874,343,531
109900145,3,293,-290
109900146,477,32,445
109900148,46,80,-34
109900149,37,63,-26
109900150,12,84,-72
109900151,9,54,-45
109900152,0,15,-15
109900153,0,46,-46
109900154,62,0,62
109900155,40,33,7
109900157,52,295,-243
109900158,32,190,-158
109900159,169,26,143
109900160,136,47,89
109900161,168,62,106
109900162,124,88,36
109900163,833,402,431
109900164,34,294,-260
109900165,178,6,172
109900166,0,160,-160
109900167,192,607,-415
109900168,166,656,-490
109900169,184,231,-47
109900170,345,914,-569
109900171,149,89,60
109900172,160,227,-67
109900173,5115,2178,2937
109900174,24,157,-133
109900175,67,51,16
109900176,77,212,-135
109900177,23,353,-330
109900178,9,94,-85
109900179,29,29,0
109900180,6,9,-3
110000001,1098,699,399
110000002,793,739,54
110000003,1206,782,424
110000004,712,592,120
110000005,735,1669,-934
110000006,858,395,463
110000007,151,227,-76
110000008,13,50,-37
110000009,54,70,-16
110000010,48,56,-8
110000011,30,166,-136
110000012,954,586,368
110000013,39,539,-500
110000014,737,501,236
110000015,332,629,-297
110000016,321,1279,-958
110000017,3822,312,3510
110000018,4227,614,3613
110000019,8,180,-172
110000020,476,261,215
110000021,1014,474,540
110000022,907,193,714
110000023,9,214,-205
110000024,683,499,184
110000025,166,4,162
110000026,5,630,-625
110000027,863,409,454
110000028,848,758,90
110000029,586,1207,-621
110000030,226,391,-165
110000031,215,841,-626
110000032,810,365,445
110000033,297,61,236
110000034,318,711,-393
110000035,712,1022,-310
110000036,682,653,29
110000037,192,598,-406
110000038,200,605,-405
110000039,792,2448,-1656
110000040,311,436,-125
110000041,228,1307,-1079
110000042,93,200,-107
110000043,532,329,203
110000044,122,74,48
110000045,430,120,310
110000046,11,18,-7
110000047,34,11,23
110000048,12,20,-8
110000049,131,6,125
110000050,26,26,0
110000051,165,12,153
110000052,44,31,13
110000053,217,8,209
110000054,163,274,-111
110000055,410,51,359
110000056,281,68,213
110000057,386,1034,-648
110000058,1075,664,411
110000059,885,638,247
110000060,776,1105,-329
110000061,995,958,37
110000062,772,960,-188
110000063,38,88,-50
110000064,109,166,-57
110000065,73,105,-32
110000066,88,38,50
110000067,85,515,-430
110000068,216,695,-479
110000069,133,106,27
110000071,99,140,-41
110000073,9,18,-9
110000075,9,102,-93
110000076,311,325,-14
110000077,491,917,-426
110000078,20,36,-16
110000080,285,797,-512
110000081,33,361,-328
110000082,38,481,-443
110000083,234,800,-566
110000084,1022,747,275
110000085,2639,1820,819
110000086,1340,1971,-631
110000087,15,78,-63
110000088,54,347,-293
110000089,196,170,26
110000090,71,365,-294
110000091,2108,378,1730
110000092,24,120,-96
110000093,48,9,39
110000094,618,296,322
110000095,174,696,-522
110000096,4121,1944,2177
110000097,1119,1282,-163
110000098,2038,693,1345
110000099,945,1851,-906
110000100,611,919,-308
110000101,15,474,-459
110000102,41,59,-18
110000104,280,110,170
110000105,76,317,-241
110000106,571,362,209
110000107,434,463,-29
110000108,165,48,117
110000109,286,362,-76
110000110,4020,4349,-329
110000111,8121,2456,5665
110000112,1451,792,659
110000113,742,2218,-1476
110000114,119,576,-457
110000115,202,322,-120
110000116,39,44,-5
110000117,110,568,-458
110000118,336,307,29
110000119,182,429,-247
110000120,278,272,6
110000121,107,356,-249
110000122,328,633,-305
110000123,493,549,-56
110000124,2,972,-970
110000125,1079,9,1070
110000126,236,18,218
110000127,1029,59,970
110000128,18,1748,-1730
110000129,3,668,-665
110000130,239,171,68
110000131,85,469,-384
110000132,4,727,-723
110000133,74,376,-302
110000134,22,394,-372
110000135,224,51,173
110000136,71,385,-314
110000137,591,747,-156
110000138,720,991,-271
110000139,661,1692,-1031
110000140,1092,583,509
110000143,818,401,417
110000144,5093,1559,3534
110000145,1346,869,477
110000146,1654,777,877
110000147,405,895,-490
110000148,412,391,21
110000151,1455,610,845
110000152,1154,463,691
110000153,66,106,-40
110000154,3,19,-16
110000155,1502,3264,-1762
110000156,1017,2194,-1177
110000157,1206,1871,-665
110000160,281,400,-119
110000161,136,468,-332
110000166,354,129,225
110000167,855,613,242
110000168,864,448,416
110000169,715,295,420
110000170,128,106,22
110000171,657,217,440
110000172,176,1086,-910
110000173,1506,1535,-29
110000174,156,1527,-1371
110000175,390,86,304
110000176,41,271,-230
110000177,155,793,-638
110000178,451,850,-399
110000179,1864,423,1441
110000180,143,366,-223
110000181,346,439,-93
110000182,356,249,107
110000183,15535,6737,8798
110000184,1716,2255,-539
110000185,846,715,131
110000186,746,812,-66
110000191,520,341,179
110000192,388,0,388
110000193,601,8,593
110000194,16,1388,-1372
110000195,387,456,-69
110000196,265,600,-335
110000197,103,214,-111
110000198,135,104,31
110000199,70,115,-45
110000200,1294,571,723
110000201,490,691,-201
110000202,1087,470,617
110000203,742,1002,-260
110000204,0,414,-414
110000205,78,54,24
110000206,758,1833,-1075
110000207,520,316,204
110000208,119,131,-12
110000209,101,921,-820
110000210,763,820,-57
110000211,775,950,-175
110000212,549,1176,-627
110000213,124,66,58
110000214,149,106,43
110000215,126,681,-555
110000216,66,811,-745
110000217,208,250,-42
110000218,128,671,-543
110000219,220,76,144
110000220,32,425,-393
110000221,293,58,235
110000222,50,366,-316
110000223,3,119,-116
110000224,84,11,73
110000225,205,768,-563
110000226,234,71,163
110000227,719,692,27
110000228,448,286,162
110000229,0,288,-288
110000230,594,746,-152
110000231,170,219,-49
110000232,185,208,-23
110000233,202,323,-121
110000234,548,434,114
110000235,1684,1067,617
110000236,575,1075,-500
110000237,2063,1309,754
110000238,1146,1669,-523
110000239,1987,1370,617
110000240,1,100,-99
110000242,0,16,-16
110000243,71,193,-122
110000244,127,551,-424
110000245,64,706,-642
110000246,699,692,7
110000247,1362,6238,-4876
110000248,2564,2063,501
110000249,103,7,96
110000250,21,284,-263
110000251,224,818,-594
110000252,170,249,-79
110000253,1283,725,558
110000254,669,1635,-966
110000255,211,1305,-1094
110000256,519,227,292
110000257,723,500,223
110000258,4,583,-579
110000259,51,26,25
110000260,13,506,-493
110000263,581,131,450
110000264,241,698,-457
110000265,923,1673,-750
110000266,1821,2380,-559
110000267,6,232,-226
110000268,292,584,-292
110000269,0,74,-74
110000270,46,2,44
110000271,2750,270,2480
110000272,1046,1043,3
110000273,3482,1371,2111
110000274,173,1274,-1101
110000275,3460,528,2932
110000276,159,260,-101
110000277,199,421,-222
110000278,223,938,-715
110000279,687,696,-9
110000280,266,341,-75
110000281,24,197,-173
110000282,349,56,293
110000283,63,75,-12
110000284,60,56,4
110000285,1,294,-293
110000286,24,0,24
110000287,52,2,50
110000288,1,68,-67
110000289,578,1726,-1148
110000290,1386,709,677
110000291,7885,1635,6250
110000292,1395,4465,-3070
110000293,504,1072,-568
110000294,689,889,-200
110000295,88,1204,-1116
110000296,234,332,-98
110000297,2604,352,2252
110000298,297,818,-521
110000299,631,72,559
110000301,257,16,241
110000302,335,1732,-1397
110000303,394,4,390
110000304,204,354,-150
110000305,912,17,895
110000306,159,2188,-2029
110000307,1334,10,1324
110000308,408,2,406
110000309,9,1270,-1261
110000310,634,87,547
110000311,18,935,-917
110000312,617,53,564
110000313,3371,3931,-560
110000314,5,384,-379
110000315,3757,2110,1647
110000316,643,1403,-760
110000317,625,295,330
110000318,2,100,-98
110000319,6,25,-19
110000320,46,72,-26
110000321,17,56,-39
110000322,213,564,-351
110000323,260,203,57
110000324,5478,1373,4105
110000325,2724,2816,-92
110000327,507,288,219
110000328,192,546,-354
110000333,934,621,313
110000334,645,1628,-983
110000335,703,515,188
110000336,619,1239,-620
110000337,1459,586,873
110000338,291,199,92
110000339,245,200,45
110000340,15,198,-183
110000341,511,538,-27
110000342,549,3,546
110000343,0,14,-14
110000344,46,198,-152
110000345,72,102,-30
110000346,2524,1696,828
110000347,1213,826,387
110000348,47,22,25
110000349,5,34,-29
110000350,44,1,43
110000351,789,871,-82
110000352,545,1943,-1398
110000353,3991,764,3227
110000354,1301,2986,-1685
110000355,97,93,4
110000356,852,13,839
110000357,289,5,284
110000361,4,97,-93
110000362,33,23,10
110000363,321,114,207
110000364,126,542,-416
110000365,140,1,139
110000366,4,115,-111
110000367,269,280,-11
110000368,2,85,-83
110000369,28,0,28
110000373,3,296,-293
110000374,86,8,78
110000375,198,919,-721
110000376,39,118,-79
110000377,104,519,-415
110000378,24,355,-331
110000379,4162,1365,2797
110000380,66,8,58
110000383,1,874,-873
110000384,1925,654,1271
110000385,2,235,-233
110000387,120,43,77
110000388,43,292,-249
110000389,691,1,690
110000391,334,436,-102
110000396,113,148,-35
110000397,97,205,-108
110000398,6,43,-37
110000399,253,0,253
110000587,83,38,45
110000589,174,199,-25
110000640,144,154,-10
110000652,22,135,-113
110000653,320,538,-218
110000654,88,25,63
110000656,3,773,-770
110000674,35,17,18
110000675,27,9,18
110000676,0,33,-33
110000679,577,1173,-596
110000682,88,184,-96
110000683,406,594,-188
110000684,10,55,-45
110000685,9,7,2
110000686,10,16,-6
110000687,12,4,8
110000688,75,863,-788
110000689,32,84,-52
110000692,280,231,49
110000693,411,235,176
110000694,0,231,-231
110000695,141,769,-628
110000696,144,165,-21
110900001,367,7,360
110900002,409,401,8
110900003,565,1175,-610
110900004,238,237,1
110900005,4737,1707,3030
110900006,67,12,55
110900007,114,19,95
110900008,11,110,-99
110900009,394,87,307
110900010,5,59,-54
110900011,15,157,-142
110900012,9,98,-89
110900013,926,152,774
110900014,139,11,128
110900015,1219,620,599
110900016,19,189,-170
110900017,290,48,242
110900018,384,54,330
110900019,126,23,103
110900020,68,471,-403
110900021,67,649,-582
110900022,89,479,-390
110900023,81,758,-677
110900024,13,631,-618
110900025,13,106,-93
110900027,40,313,-273
110900028,36,253,-217
110900029,21,456,-435
110900030,37,437,-400
110900031,1,132,-131
110900032,0,129,-129
110900033,18,301,-283
110900035,37,664,-627
110900036,124,18,106
110900037,64,16,48
110900038,1740,236,1504
110900039,15,292,-277
110900040,239,51,188
110900041,5,182,-177
110900042,127,61,66
110900043,1,196,-195
110900044,276,21,255
110900045,40,722,-682
110900046,136,434,-298
110900047,1055,204,851
110900049,31,102,-71
110900050,11,3,8
110900051,61,252,-191
110900052,4,281,-277
110900053,76,63,13
110900054,33,338,-305
110900055,34,4,30
110900056,39,107,-68
110900057,5,212,-207
110900058,142,325,-183
110900059,709,850,-141
110900060,436,153,283
110900061,21,53,-32
110900062,139,376,-237
110900063,65,134,-69
110900064,18,0,18
110900065,404,139,265
110900066,6,76,-70
110900067,663,659,4
110900068,229,259,-30
110900069,2,25,-23
110900070,131,50,81
110900071,332,467,-135
110900073,0,30,-30
110900074,237,127,110
110900075,327,92,235
110900077,563,589,-26
110900078,5,97,-92
110900079,2925,931,1994
110900080,90,63,27
110900081,3,70,-67
110900082,101,267,-166
110900083,88,44,44
110900084,11,87,-76
110900085,34,514,-480
110900086,52,253,-201
110900087,235,78,157
110900088,11,0,11
110900090,35,26,9
110900091,3,82,-79
110900093,259,84,175
110900095,56,46,10
110900097,10,17,-7
110900098,24,186,-162
110900099,31,761,-730
110900100,0,19,-19
110900102,32,24,8
110900105,596,479,117
110900108,14,140,-126
110900111,330,99,231
110900112,569,3,566
110900113,743,75,668
110900115,39,132,-93
110900116,515,2885,-2370
110900118,163,2380,-2217
110900119,6351,407,5944
110900120,12,406,-394
110900121,88,0,88
110900122,287,175,112
110900125,238,367,-129
110900127,736,1153,-417
110900128,466,369,97
110900129,345,546,-201
110900130,1318,551,767
110900131,176,47,129
110900132,207,42,165
110900133,45,335,-290
110900135,92,553,-461
110900136,232,22,210
110900138,6,0,6
110900139,33,2,31
110900140,0,0,0
110900141,737,92,645
110900142,50,290,-240
110900143,84,116,-32
110900144,2,784,-782
110900145,140,34,106
110900146,338,114,224
110900147,211,317,-106
110900148,1,347,-346
110900149,4,107,-103
110900150,49,16,33
110900151,3,134,-131
110900152,24,461,-437
110900153,105,55,50
111000001,725,579,146
111000002,1083,1060,23
111000003,1532,1399,133
111000004,1032,1395,-363
111000005,1769,1432,337
111000006,1401,1699,-298
111000007,6519,4528,1991
111000008,5456,4607,849
111000009,426,1060,-634
111000010,928,303,625
111000011,486,1117,-631
111000012,767,508,259
111000013,360,1426,-1066
111000014,1122,813,309
111000017,119,786,-667
111000018,274,435,-161
111000020,2588,2916,-328
111000021,99,162,-63
111000023,65,170,-105
111000025,8178,3009,5169
111000029,49,138,-89
111000030,30,126,-96
111000031,1994,1330,664
111000032,596,248,348
111000033,364,309,55
111000034,550,294,256
111000037,3623,1465,2158
111000038,4142,3179,963
111000039,1892,3257,-1365
111000040,1835,3628,-1793
111000041,1584,2257,-673
111000042,7403,3095,4308
111000043,2371,2801,-430
111000044,1361,986,375
111000045,2153,2121,32
111000046,1667,1462,205
111000047,2213,3433,-1220
111000049,419,657,-238
111000050,2331,1990,341
111000051,413,1444,-1031
111000052,613,2013,-1400
111000053,438,1349,-911
111000054,312,1417,-1105
111000055,1265,2497,-1232
111000056,128,724,-596
111000057,72,928,-856
111000058,308,179,129
111000059,289,349,-60
111000060,3206,1163,2043
111000061,458,377,81
111000062,719,313,406
111000063,1653,1067,586
111000064,457,633,-176
111000065,1002,898,104
111000066,418,341,77
111000067,484,889,-405
111000068,373,1105,-732
111000069,1822,2152,-330
111000070,2987,1265,1722
111000071,318,882,-564
111000072,959,527,432
111000073,269,970,-701
111000074,1521,1736,-215
111000075,870,1013,-143
111000076,440,1029,-589
111000077,1327,1828,-501
111000078,2629,1416,1213
111000079,1469,1086,383
111000080,411,835,-424
111000081,2495,4194,-1699
111000082,679,925,-246
111000084,804,685,119
111000085,1358,1994,-636
111000086,4507,1841,2666
111000087,799,1073,-274
111000088,8924,2277,6647
111000089,832,921,-89
111000090,1332,1581,-249
111000091,783,727,56
111000092,1143,1181,-38
111000093,564,987,-423
111000094,2049,1120,929
111000095,785,2554,-1769
111000096,2493,8033,-5540
111000097,6878,1387,5491
111000098,765,1679,-914
111000099,519,2673,-2154
111000100,352,2352,-2000
111000101,471,930,-459
111000102,150,928,-778
111000104,501,277,224
111000107,98,997,-899
111000109,441,237,204
111000110,1605,826,779
111000111,1665,537,1128
111000112,1571,546,1025
111000113,812,1204,-392
111000114,2384,3165,-781
111000115,8613,1547,7066
111000116,907,1290,-383
111000117,459,1055,-596
111000118,1569,1193,376
111000119,1031,1672,-641
111000120,413,695,-282
111000121,243,781,-538
111000122,784,1115,-331
111000123,1026,3558,-2532
111000124,437,4039,-3602
111000125,224,2401,-2177
111000126,106,1275,-1169
111000127,714,231,483
111000128,1381,430,951
111000129,2182,505,1677
111000130,1598,767,831
111000131,1184,598,586
111000132,946,643,303
111000133,139,170,-31
111000134,91,118,-27
111000135,33,118,-85
111000136,267,389,-122
111000138,3,13,-10
111000140,0,6,-6
111000141,206,403,-197
111000142,41,119,-78
111000143,3,108,-105
111000144,35,165,-130
111000145,1786,19,1767
111000146,66,14,52
111000147,337,56,281
111000148,257,82,175
111000149,2,46,-44
111000150,16,12,4
111000151,10,45,-35
111000153,633,607,26
111000154,1084,200,884
111000155,160,190,-30
111000156,521,644,-123
111000157,186,946,-760
111000158,1075,788,287
111000159,3309,788,2521
111000160,357,414,-57
111000161,16,312,-296
111000162,38,253,-215
111000163,541,1066,-525
111000164,1081,3840,-2759
111000165,1640,535,1105
111000166,1946,501,1445
111000167,208,677,-469
111000168,261,624,-363
111000169,390,624,-234
111000170,542,547,-5
111000171,457,1029,-572
111000172,125,850,-725
111000173,344,1869,-1525
111000174,164,866,-702
111000175,68,356,-288
111000176,182,198,-16
111000177,227,348,-121
111000178,1091,356,735
111000179,134,261,-127
111000180,191,382,-191
111000181,589,321,268
111000182,135,284,-149
111000183,206,412,-206
111000184,284,340,-56
111000185,399,620,-221
111000186,263,322,-59
111000187,119,328,-209
111000188,160,528,-368
111000189,1709,704,1005
111000190,173,518,-345
111000191,154,538,-384
111000192,332,769,-437
111000193,555,371,184
111000194,80,440,-360
111000195,106,539,-433
111000196,53,373,-320
111000197,305,159,146
111000198,392,102,290
111000199,216,173,43
111000200,234,376,-142
111000201,388,282,106
111000202,239,219,20
111000203,228,211,17
111000204,408,774,-366
111000213,259,436,-177
111000214,1559,2369,-810
111000215,992,1858,-866
111000217,1332,1408,-76
111000218,1074,1379,-305
111000219,552,287,265
111000220,3485,637,2848
111000221,1415,173,1242
111000224,117,742,-625
111000225,381,247,134
111000226,353,3,350
111000227,63,10,53
111000228,13,221,-208
111000229,28,568,-540
111000230,259,687,-428
111000231,800,1478,-678
111000232,306,898,-592
111000233,605,1000,-395
111000234,85,256,-171
111000239,170,244,-74
111000240,42,217,-175
111000241,23,491,-468
111000242,120,108,12
111000243,82,875,-793
111000244,325,143,182
111000245,860,708,152
111000246,357,800,-443
111000247,168,1013,-845
111000248,601,622,-21
111000249,449,829,-380
111000250,49,121,-72
111000251,33,112,-79
111000253,16,13,3
111000255,22,6,16
111000257,33,14,19
111000260,60,1239,-1179
111000261,872,67,805
111000271,66,377,-311
111000273,9288,1704,7584
111000274,1304,2321,-1017
111000275,128,76,52
111000276,314,2519,-2205
111000277,175,506,-331
111000278,700,312,388
111000291,593,5316,-4723
111000298,480,284,196
111000299,793,116,677
111000300,120,741,-621
111000302,181,80,101
111000303,54,268,-214
111000312,54,56,-2
111000315,64,491,-427
111000320,349,761,-412
111000321,287,80,207
111000322,287,634,-347
111000323,117,18,99
111000324,323,346,-23
111000325,39,64,-25
111000326,135,435,-300
111000327,404,799,-395
111000328,282,626,-344
111000329,0,24,-24
111000330,30,30,0
111000331,8,2,6
111000332,425,1639,-1214
111000334,341,2045,-1704
111000335,530,231,299
111000337,895,449,446
111000338,32,108,-76
111000339,387,520,-133
111000340,86,951,-865
111000341,937,546,391
111000342,320,373,-53
111000344,876,898,-22
111000345,326,72,254
111000346,28,151,-123
111000347,96,3,93
111000350,182,147,35
111000351,108,268,-160
111000352,139,154,-15
111000353,110,229,-119
111000354,469,178,291
111000355,320,756,-436
111000358,139,2080,-1941
111000360,116,994,-878
111000361,86,522,-436
111000546,349,874,-525
111000547,268,811,-543
111000548,100,218,-118
111000549,235,513,-278
111000550,87,553,-466
111000551,563,214,349
111000552,1966,110,1856
111000907,452,15,437
111000908,22,0,22
111000916,1254,344,910
111000917,34,470,-436
111000918,171,1291,-1120
111000920,429,36,393
111000921,4,488,-484
111000922,271,330,-59
111000924,44,1265,-1221
111000925,1717,2700,-983
111000926,860,3329,-2469
111000927,2787,6036,-3249
111000928,6203,5194,1009
111000929,839,1189,-350
111000930,736,3248,-2512
111000931,1796,2426,-630
111000932,4440,3017,1423
111000933,3684,2123,1561
111000934,2988,3640,-652
111000935,1385,1098,287
111000936,1195,2740,-1545
111000937,857,1377,-520
111000938,2273,2912,-639
111000939,381,58,323
111000940,255,229,26
111000941,219,718,-499
111000943,256,278,-22
111000944,130,719,-589
111000945,59,2502,-2443
111001109,670,254,416
111001110,195,737,-542
111001111,43,7,36
111001112,297,25,272
111001113,33,236,-203
111001114,1805,116,1689
111001115,189,423,-234
111001116,6274,3776,2498
111001117,699,1794,-1095
111001120,103,487,-384
111001121,180,412,-232
111001122,241,828,-587
111001123,168,238,-70
111001124,124,383,-259
111001125,7,40,-33
111001126,12,126,-114
111900001,1,146,-145
111900002,12,1103,-1091
111900003,1,398,-397
111900004,19,156,-137
111900006,6,21,-15
111900007,48,2,46
111900008,69,1,68
111900009,79,96,-17
111900010,332,771,-439
111900012,125,175,-50
111900013,6,58,-52
111900014,8994,2637,6357
111900015,1,71,-70
111900016,1,125,-124
111900017,0,92,-92
111900018,91,4,87
111900019,2,98,-96
111900020,1,54,-53
111900021,19,97,-78
111900022,11,68,-57
111900023,89,60,29
111900024,1,60,-59
111900025,0,46,-46
111900026,0,107,-107
111900027,7,182,-175
111900028,3,448,-445
111900029,2,98,-96
111900030,61,432,-371
111900031,0,14,-14
111900032,5,504,-499
111900033,7,95,-88
111900034,423,919,-496
111900035,13,243,-230
111900036,1,476,-475
111900038,390,933,-543
111900039,32,463,-431
111900040,9,731,-722
111900042,47,132,-85
111900043,3,523,-520
111900044,298,446,-148
111900046,49,297,-248
111900048,135,1178,-1043
111900049,28,319,-291
111900050,75,22,53
111900051,0,372,-372
111900052,545,698,-153
111900053,1641,809,832
111900054,82,8,74
111900055,31,790,-759
111900056,348,201,147
111900057,46,40,6
111900058,235,994,-759
111900059,4322,437,3885
111900060,210,0,210
111900061,11,398,-387
111900062,10,49,-39
111900063,257,302,-45
111900064,160,343,-183
111900065,41,22,19
111900066,61,137,-76
111900067,2,366,-364
111900068,60,34,26
111900069,29,18,11
111900070,76,143,-67
111900071,0,336,-336
111900072,29,9,20
111900073,464,82,382
111900074,14,229,-215
111900075,50,3,47
111900076,121,33,88
111900077,23,0,23
111900078,145,17,128
111900079,18,16,2
111900080,254,189,65
111900082,72,13,59
111900083,87,11,76
111900084,40,0,40
111900085,30,81,-51
111900086,23,2,21
111900087,21,0,21
111900088,326,6,320
111900089,64,3,61
111900090,55,12,43
111900091,116,3,113
111900092,44,3,41
111900093,237,12,225
111900094,165,0,165
111900095,141,8,133
111900096,102,0,102
111900097,23,0,23
111900098,114,0,114
111900099,67,0,67
111900100,42,3,39
111900101,61,16,45
111900102,180,858,-678
111900103,65,58,7
111900104,105,62,43
111900105,284,178,106
111900106,1530,59,1471
111900110,3227,386,2841
111900111,97,157,-60
111900112,1019,1605,-586
111900113,316,102,214
111900118,260,81,179
111900119,268,137,131
111900122,64,43,21
111900123,33,27,6
111900124,15,82,-67
111900125,404,19,385
111900126,206,5,201
111900127,0,779,-779
111900128,4,638,-634
111900129,225,51,174
111900130,304,11,293
111900131,293,2,291
111900132,34,1682,-1648
111900133,7,517,-510
111900134,16,354,-338
111900135,16,9,7
111900136,49,158,-109
111900137,72,36,36
111900138,5,81,-76
111900139,12,118,-106
111900140,38,10,28
111900141,50,4,46
111900142,58,21,37
111900143,21,285,-264
111900144,1,106,-105
111900145,2,655,-653
111900146,1,333,-332
111900147,155,549,-394
111900148,24,1061,-1037
111900149,14,485,-471
111900150,15,210,-195
111900151,38,30,8
111900152,66,73,-7
111900153,1895,306,1589
111900154,6,187,-181
111900155,54,86,-32
111900156,40,49,-9
111900157,44,9,35
111900158,415,29,386
111900159,195,10,185
111900160,199,1,198
111900161,98,1,97
111900162,111,186,-75
111900163,39,424,-385
111900164,116,51,65
111901113,307,270,37
111901114,95,461,-366
111901115,35,1,34
111901116,20,3,17
111901117,13,14,-1
111901118,251,98,153
111901119,1663,132,1531
111901121,252,538,-286
111901122,5,740,-735
111901123,113,506,-393
111901124,118,0,118
111901125,299,335,-36
111901127,1192,460,732
111901128,21,166,-145
111901129,11,245,-234
111901130,10,391,-381
111901131,3,263,-260
111901132,105,5,100
111901133,38,6,32
111901134,52,5,47
111901135,13,6,7
111901136,9,32,-23
111901137,0,11,-11
111901138,138,68,70
111901139,13,64,-51
111901140,6,218,-212
111901141,6,411,-405
111901142,4,269,-265
111901143,3,119,-116
111901144,23,31,-8
111901145,237,273,-36
111901146,491,16,475
111901147,1177,128,1049
111901148,8,57,-49
111901149,5,2,3
112000001,1633,1242,391
112000002,827,2973,-2146
112000003,971,1288,-317
112000004,795,1866,-1071
112000005,2587,2611,-24
112000006,2141,2816,-675
112000007,2067,1698,369
112000008,2640,4544,-1904
112000009,4782,5081,-299
112000010,2900,3409,-509
112000011,2562,2993,-431
112000012,5394,3252,2142
112000013,6095,3599,2496
112000014,3254,817,2437
112000015,3680,3292,388
112000016,6208,885,5323
112000017,2579,1482,1097
112000024,2671,999,1672
112000026,5560,6946,-1386
112000027,1189,573,616
112000028,2724,2275,449
112000029,308,881,-573
112000030,230,159,71
112000031,1713,4690,-2977
112000032,458,48,410
112000033,2086,1162,924
112000034,362,46,316
112000035,92,266,-174
112000036,1064,734,330
112000037,1227,759,468
112000038,1335,898,437
112000039,54,83,-29
112000040,168,337,-169
112000041,706,584,122
112000042,1558,352,1206
112000050,1173,1748,-575
112000051,963,1119,-156
112000054,2659,3540,-881
112000057,531,464,67
112000058,470,616,-146
112000059,571,1011,-440
112000061,5177,2734,2443
112000062,2095,782,1313
112000063,2239,1844,395
112000064,5405,7171,-1766
112000065,2390,2947,-557
112000066,4151,1511,2640
112000067,955,833,122
112000068,3577,2281,1296
112000069,886,2209,-1323
112000070,1990,963,1027
112000071,1030,3192,-2162
112000072,1808,1124,684
112000073,2436,1930,506
112000074,2336,1024,1312
112000075,1485,1406,79
112000076,3727,3215,512
112000077,467,766,-299
112000078,1550,765,785
112000079,1249,1479,-230
112000080,656,928,-272
112000081,1704,2400,-696
112000082,1638,941,697
112000083,654,1633,-979
112000084,1201,971,230
112000085,1296,1637,-341
112000086,1862,1991,-129
112000087,298,500,-202
112000088,396,882,-486
112000089,284,351,-67
112000090,241,376,-135
112000091,684,1310,-626
112000092,1441,1220,221
112000093,1829,1216,613
112000094,549,1149,-600
112000095,683,980,-297
112000096,422,805,-383
112000097,1037,559,478
112000098,995,1767,-772
112000099,733,1020,-287
112000100,1216,1164,52
112000101,562,1081,-519
112000102,701,725,-24
112000103,432,1304,-872
112000105,665,2568,-1903
112000106,1245,611,634
112000107,62,178,-116
112000108,306,2355,-2049
112000109,172,109,63
112000110,1738,696,1042
112000111,1512,3935,-2423
112000112,3365,740,2625
112000113,1032,2114,-1082
112000114,2132,1267,865
112000115,402,619,-217
112000116,345,1264,-919
112000117,1143,1034,109
112000118,1253,949,304
112000119,599,1091,-492
112000120,89,464,-375
112000121,115,763,-648
112000122,172,160,12
112000123,494,172,322
112000124,258,64,194
112000125,175,156,19
112000126,153,979,-826
112000127,2254,1764,490
112000128,1026,927,99
112000129,132,160,-28
112000130,130,65,65
112000131,44,554,-510
112000132,80,316,-236
112000133,387,492,-105
112000134,389,401,-12
112000135,740,771,-31
112000136,1095,1334,-239
112000137,1186,1959,-773
112000138,1406,1414,-8
112000139,1173,436,737
112000140,1067,1311,-244
112000141,651,277,374
112000142,208,940,-732
112000143,930,334,596
112000144,347,2165,-1818
112000145,1937,732,1205
112000146,740,2792,-2052
112000147,1928,1970,-42
112000148,1858,3117,-1259
112000149,302,1106,-804
112000150,197,733,-536
112000151,445,817,-372
112000152,258,455,-197
112000153,290,412,-122
112000154,85,185,-100
112000155,249,66,183
112000157,1470,686,784
112000158,210,1028,-818
112000159,413,432,-19
112000167,460,52,408
112000169,1239,517,722
112000173,500,221,279
112000175,360,569,-209
112000176,4666,2788,1878
112000177,581,98,483
112000178,61,670,-609
112000179,197,160,37
112000180,245,407,-162
112000181,1317,2224,-907
112000182,755,2283,-1528
112000183,59,67,-8
112000184,260,757,-497
112000185,381,685,-304
112000187,3693,2319,1374
112000195,177,9,168
112000196,143,0,143
112000197,139,78,61
112000198,13,352,-339
112000199,1652,1163,489
112000202,302,3,299
112000216,68,303,-235
112000230,57,5,52
112000231,2,291,-289
112000256,63,216,-153
112000313,159,200,-41
112000314,37,19,18
112000337,245,597,-352
112000352,436,344,92
112000392,2061,1930,131
112000398,1167,932,235
112000399,10406,2594,7812
112000400,2094,5195,-3101
112000401,3158,3470,-312
112000402,2248,2490,-242
112000403,5130,2907,2223
112000404,539,703,-164
112000405,1600,2958,-1358
112000406,4209,4092,117
112000407,5072,7086,-2014
112000408,9263,9167,96
112000409,1946,6343,-4397
112000410,443,146,297
112000411,6300,1109,5191
112000412,1377,532,845
112000413,12382,3976,8406
112000414,85,198,-113
112000415,98,54,44
112000416,1935,1454,481
112000417,221,74,147
112000421,34,237,-203
112000422,350,721,-371
112000424,4046,2737,1309
112000425,427,1899,-1472
112000426,98,349,-251
112000427,5,17,-12
112000428,145,574,-429
112000429,3481,4159,-678
112000430,4435,3999,436
112000431,54,151,-97
112000432,570,2726,-2156
112000433,446,1115,-669
112000437,50,326,-276
112900001,53,0,53
112900002,280,1511,-1231
112900003,47,443,-396
112900004,28,305,-277
112900005,141,319,-178
112900006,4,445,-441
112900007,26,232,-206
112900008,4,32,-28
112900009,375,105,270
112900010,250,816,-566
112900011,338,388,-50
112900012,1,45,-44
112900013,3,135,-132
112900014,3,324,-321
112900015,405,1142,-737
112900016,3,325,-322
112900017,26,283,-257
112900018,1,429,-428
112900019,43,242,-199
112900020,467,1667,-1200
112900021,3,302,-299
112900022,9,105,-96
112900023,1,292,-291
112900024,35,262,-227
112900025,74,383,-309
112900026,5,399,-394
112900027,4,1471,-1467
112900028,25,144,-119
112900029,8,990,-982
112900030,264,254,10
112900031,7,668,-661
112900032,115,349,-234
112900034,1,95,-94
112900035,3,551,-548
112900036,48,169,-121
112900037,374,135,239
112900038,496,129,367
112900039,15,316,-301
112900040,1,353,-352
112900041,1784,1195,589
112900042,38,474,-436
112900043,25,31,-6
112900044,860,577,283
112900045,501,309,192
112900046,216,102,114
112900047,17,24,-7
112900049,146,93,53
112900050,98,759,-661
112900051,265,732,-467
112900052,8,1233,-1225
112900053,438,141,297
112900054,296,35,261
112900055,156,25,131
112900056,405,167,238
112900057,13,866,-853
112900058,242,292,-50
112900059,119,163,-44
112900060,7,374,-367
112900061,67,217,-150
112900062,77,141,-64
112900063,143,4,139
112900064,188,348,-160
112900065,48,27,21
112900066,140,145,-5
112900067,620,201,419
112900068,38,53,-15
112900069,3155,620,2535
112900071,14,8,6
112900072,449,1350,-901
112900073,281,45,236
112900074,62,196,-134
112900075,2519,772,1747
112900076,104,10,94
112900078,250,342,-92
112900079,169,26,143
112900080,24,1,23
112900081,29,136,-107
112900082,449,17,432
112900083,101,69,32
112900084,188,89,99
112900086,46,1,45
112900087,464,126,338
112900088,66,17,49
112900089,630,19,611
112900090,29,10,19
112900091,137,3,134
112900092,166,219,-53
112900093,1107,5,1102
112900095,29,0,29
112900096,296,109,187
112900097,48,533,-485
112900098,82,2,80
112900099,566,4,562
112900100,25,0,25
112900101,177,1,176
112900102,73,6,67
112900103,177,1,176
112900104,119,8,111
112900105,9,0,9
112900106,415,100,315
112900107,1,1,0
112900108,40,0,40
112900109,68,0,68
112900110,711,9,702
112900111,544,3,541
112900112,218,0,218
112900113,0,10,-10
112900114,112,28,84
112900115,640,1,639
112900116,52,33,19
112900117,140,151,-11
112900118,22,108,-86
112900119,128,3,125
112900120,884,307,577
112900121,324,256,68
112900122,25,184,-159
112900123,157,11,146
112900124,10,156,-146
112900125,53,473,-420
112900126,184,287,-103
112900127,338,90,248
112900128,445,1004,-559
112900129,2,1272,-1270
112900130,214,80,134
112900131,25,311,-286
112900132,54,499,-445
112900133,31,1308,-1277
112900134,1,315,-314
112900135,76,45,31
112900137,2,839,-837
112900138,2,633,-631
112900139,314,1407,-1093
112900141,723,12,711
112900142,73,142,-69
112900143,40,673,-633
112900144,2,452,-450
112900145,54,629,-575
112900146,12,1855,-1843
112900147,9,2660,-2651
112900148,49,3,46
112900149,190,668,-478
112900151,16,65,-49
112900152,5302,983,4319
112900153,2120,1561,559
112900154,1,166,-165
112900155,164,16,148
112900156,232,2032,-1800
112900157,228,170,58
112900158,70,22,48
112900159,160,55,105
112900160,42,330,-288
112900161,96,27,69
112900162,47,20,27
112900163,143,41,102
112900164,37,150,-113
112900165,106,41,65
112900166,73,72,1
112900167,8,34,-26
112900168,0,0,0
112900169,9,16,-7
112900170,50,120,-70
112900172,75,28,47
112900173,225,106,119
112900174,270,37,233
112900175,114,127,-13
112900176,17,18,-1
112900177,228,29,199
112900178,717,2229,-1512
112900179,48,589,-541
112900180,1734,2042,-308
112900181,532,14,518
112900182,58,1634,-1576
112900183,154,311,-157
112900184,634,454,180
112900185,259,464,-205
112900186,1425,871,554
112900187,102,489,-387
112900188,827,366,461
112900189,2,29,-27
112900190,4,62,-58
112900192,545,617,-72
112900193,1245,408,837
112900194,40,204,-164
112900195,1354,30,1324
112900196,328,605,-277
112900197,195,445,-250
112900199,404,720,-316
112900200,432,329,103
112900201,56,102,-46
112900202,264,1124,-860
112900203,146,409,-263
112900204,1020,483,537
112900205,8,26,-18
112900206,15,99,-84
112900207,12,0,12
112900208,44,226,-182
112900209,574,441,133
112900210,0,24,-24
112900211,105,23,82
112900212,1,154,-153
112900213,59,10,49
112900214,38,15,23
112900215,2,284,-282
112900216,28,102,-74
112900217,1,75,-74
112900218,21,40,-19
112900219,38,22,16
112900220,4,0,4
112900221,16,204,-188
112900222,0,35,-35
112900223,982,10,972
112900224,167,855,-688
112900225,266,649,-383
112900226,172,277,-105
112900227,320,1615,-1295
112900228,28,31,-3
112900229,128,66,62
112900230,8654,3910,4744
112900232,168,187,-19
112900233,75,181,-106
112900234,11,147,-136
112900235,73,24,49
112900236,211,8,203
112900237,122,533,-411
112900238,2,55,-53
112900239,963,365,598
112900240,9,164,-155
112900241,21,283,-262
112900242,2,302,-300
112900243,6,219,-213
112900244,0,99,-99
112900245,1,51,-50
112900246,2,7,-5
112900247,77,30,47
112900248,19,0,19
112900249,30,7,23
112900250,53,13,40
112900251,45,29,16
112900252,44,19,25
112900253,29,7,22
112900254,6,3,3
112900255,1,12,-11
112900256,4,26,-22
112900257,12,30,-18
112900258,4,1,3
113000001,6543,10357,-3814
113000002,4301,4969,-668
113000003,2306,4434,-2128
113000004,2590,3829,-1239
113000005,2464,1793,671
113000006,1814,2471,-657
113000007,2384,2039,345
113000008,2537,3065,-528
113000009,1175,1495,-320
113000010,1213,2483,-1270
113000011,1049,1670,-621
113000012,1394,1437,-43
113000013,1544,823,721
113000014,1673,1252,421
113000015,725,292,433
113000016,653,626,27
113000017,42,280,-238
113000018,608,70,538
113000019,66,200,-134
113000020,173,47,126
113000021,3416,825,2591
113000022,854,1600,-746
113000025,151,354,-203
113000026,606,508,98
113000027,2935,479,2456
113000028,1401,338,1063
113000029,1028,896,132
113000030,682,724,-42
113000031,350,434,-84
113000032,412,446,-34
113000033,324,556,-232
113000034,528,497,31
113000035,32,50,-18
113000036,31,57,-26
113000037,106,33,73
113000038,14,75,-61
113000039,109,1280,-1171
113000040,100,118,-18
113000042,1284,783,501
113000051,864,3410,-2546
113000052,2947,1943,1004
113000053,459,857,-398
113000054,405,1267,-862
113000055,1262,1229,33
113000056,942,1618,-676
113000058,1018,921,97
113000059,1269,829,440
113000060,237,661,-424
113000061,981,1146,-165
113000062,1883,294,1589
113000063,100,388,-288
113000064,17,585,-568
113000065,230,1402,-1172
113000066,674,170,504
113000067,1772,1621,151
113000068,482,2495,-2013
113000069,615,1855,-1240
113000070,1837,1226,611
113000071,342,932,-590
113000072,671,569,102
113000073,852,1976,-1124
113000074,1088,754,334
113000075,2837,879,1958
113000076,2032,2168,-136
113000077,1464,676,788
113000078,1292,2933,-1641
113000079,815,961,-146
113000080,794,674,120
113000081,796,903,-107
113000082,1436,807,629
113000083,609,1160,-551
113000084,2100,1455,645
113000085,915,935,-20
113000086,1422,1610,-188
113000087,1048,1111,-63
113000088,3966,1792,2174
113000089,1196,1933,-737
113000090,386,790,-404
113000091,748,414,334
113000094,1690,248,1442
113000095,467,1349,-882
113000096,303,1064,-761
113000097,1626,373,1253
113000098,141,41,100
113000099,2136,359,1777
113000100,230,602,-372
113000101,610,723,-113
113000102,902,445,457
113000103,3897,719,3178
113000104,618,5506,-4888
113000105,693,645,48
113000106,519,644,-125
113000107,954,1498,-544
113000108,1562,2115,-553
113000109,945,8408,-7463
113000110,1965,666,1299
113000111,352,1643,-1291
113000112,474,594,-120
113000113,1973,600,1373
113000114,435,2722,-2287
113000116,790,348,442
113000117,1073,157,916
113000118,314,556,-242
113000119,378,381,-3
113000120,84,275,-191
113000121,534,909,-375
113000124,251,154,97
113000125,63,830,-767
113000127,4399,664,3735
113000128,567,754,-187
113000129,607,1517,-910
113000133,5066,1810,3256
113000134,5,1794,-1789
113000135,3711,4625,-914
113000137,2200,3341,-1141
113000139,376,194,182
113000140,134,308,-174
113000141,263,179,84
113000142,510,1186,-676
113000143,279,238,41
113000144,337,878,-541
113000145,74,203,-129
113000146,167,141,26
113000147,184,206,-22
113000148,169,148,21
113000149,80,194,-114
113000150,676,568,108
113000151,96,103,-7
113000152,61,176,-115
113000153,1993,629,1364
113000154,731,1962,-1231
113000155,355,633,-278
113000156,179,480,-301
113000157,351,1149,-798
113000158,633,274,359
113000159,715,881,-166
113000160,722,1576,-854
113000161,247,615,-368
113000162,545,507,38
113000163,62,70,-8
113000164,28,76,-48
113000166,145,110,35
113000167,12,187,-175
113000168,54,163,-109
113000169,138,104,34
113000170,138,155,-17
113000171,63,90,-27
113000172,283,163,120
113000173,29,21,8
113000174,99,655,-556
113000175,488,182,306
113000176,430,261,169
113000177,163,652,-489
113000178,163,441,-278
113000179,430,271,159
113000180,1024,2252,-1228
113000181,1514,1232,282
113000182,279,752,-473
113000183,224,674,-450
113000184,60,115,-55
113000189,548,998,-450
113000190,1170,619,551
113000192,3958,1388,2570
113000193,8992,1241,7751
113000194,4456,1051,3405
113000195,5065,632,4433
113000196,370,157,213
113000197,3176,1093,2083
113000198,42,404,-362
113000199,1254,456,798
113000201,2259,199,2060
113000202,5266,6250,-984
113000203,837,356,481
113000204,2877,1587,1290
113000205,53,39,14
113000206,29,35,-6
113000207,77,18,59
113000208,52,47,5
113000209,61,19,42
113000210,4,36,-32
113000211,678,281,397
113000212,520,36,484
113000213,18,443,-425
113000214,282,524,-242
113000234,157,1546,-1389
113000410,331,229,102
113000411,3331,5967,-2636
113000412,13860,3620,10240
113000413,5392,3674,1718
113000414,10010,13979,-3969
113000415,3094,4305,-1211
113000416,11101,5548,5553
113000417,3643,4811,-1168
113000418,3725,3308,417
113000419,1655,2235,-580
113000420,4067,5981,-1914
113000421,4484,7412,-2928
113000422,16084,14665,1419
113000423,3289,5575,-2286
113000424,5203,14463,-9260
113000425,33,234,-201
113000428,226,41,185
113000430,79,69,10
113000432,2464,192,2272
113000433,110,969,-859
113000434,33,270,-237
113000435,46,856,-810
113000436,101,1672,-1571
113000437,657,8,649
113000438,287,9,278
113000439,59,190,-131
113000440,128,33,95
113000441,218,397,-179
113000442,158,318,-160
113000443,159,513,-354
113000444,192,347,-155
113000445,88,279,-191
113000446,26,143,-117
113000448,478,337,141
113000449,517,1889,-1372
113000450,1359,8768,-7409
113000451,2552,335,2217
113000452,763,1038,-275
113000453,162,357,-195
113000454,3406,64,3342
113000455,179,151,28
113000456,4516,2831,1685
113000468,3839,276,3563
113000469,695,228,467
113000470,897,94,803
113000471,27,860,-833
113000472,127,404,-277
113000474,346,947,-601
113000475,1747,2775,-1028
113000476,1011,2224,-1213
113000477,2565,2462,103
113000478,4869,8279,-3410
113000479,27,269,-242
113000485,1,0,1
113000486,17,0,17
113000487,1,6,-5
113000488,0,0,0
113000489,0,2,-2
113000490,0,2,-2
113000491,3,2,1
113000492,2,9,-7
113000493,4,1,3
113000495,314,300,14
113000496,138,206,-68
113000497,0,0,0
113000499,0,1,-1
113900001,2,269,-267
113900002,2,375,-373
113900003,3,294,-291
113900004,5,107,-102
113900005,1,88,-87
113900006,2,44,-42
113900007,342,48,294
113900008,716,0,716
113900009,1698,4,1694
113900010,1051,2,1049
113900011,146,0,146
113900012,46,7,39
113900013,3006,27,2979
113900014,838,2,836
113900015,1,33,-32
113900016,26,0,26
113900017,0,45,-45
113900018,477,154,323
113900019,89,53,36
113900020,121,3,118
113900022,15,0,15
113900023,29,0,29
113900024,51,98,-47
113900025,365,21,344
113900026,83,1,82
113900027,4,91,-87
113900028,32,601,-569
113900029,45,244,-199
113900030,194,1,193
113900031,16,0,16
113900032,17,0,17
113900033,89,86,3
113900035,71,0,71
113900036,28,171,-143
113900037,78,666,-588
113900038,111,143,-32
113900039,105,17,88
113900040,8,3,5
113900041,1,6,-5
113900042,90,57,33
113900043,268,129,139
113900044,256,194,62
113900045,110,0,110
113900046,239,643,-404
113900047,29,167,-138
113900048,254,74,180
113900049,1016,424,592
113900050,148,525,-377
113900051,303,421,-118
113900052,160,110,50
113900053,526,582,-56
113900054,44,1,43
113900055,175,592,-417
113900056,98,197,-99
113900057,15,127,-112
113900058,63,263,-200
113900059,383,374,9
113900060,87,243,-156
113900061,1021,194,827
113900062,71,18,53
113900063,94,171,-77
113900064,9,212,-203
113900065,752,19,733
113900066,294,531,-237
113900067,81,345,-264
113900068,549,503,46
113900069,138,37,101
113900070,212,438,-226
113900071,76,117,-41
113900072,60,186,-126
113900073,316,541,-225
113900074,49,526,-477
113900075,1417,1339,78
113900076,124,8,116
113900077,56,190,-134
113900078,65,59,6
113900079,1,56,-55
113900080,403,250,153
113900081,59,231,-172
113900082,136,342,-206
113900083,189,668,-479
113900084,376,136,240
113900085,52,355,-303
113900086,13,15,-2
113900087,31,155,-124
113900088,39,66,-27
113900089,408,45,363
113900090,709,380,329
113900091,34,33,1
113900092,47,101,-54
113900093,131,991,-860
113900094,292,458,-166
113900095,169,114,55
113900096,206,50,156
113900097,18,188,-170
113900098,676,88,588
113900099,0,85,-85
113900100,0,4,-4
113900101,19,61,-42
113900102,188,156,32
113900103,446,239,207
113900104,182,193,-11
113900105,65,475,-410
113900106,3,96,-93
113900107,0,40,-40
113900108,335,213,122
113900109,440,153,287
113900110,51,14,37
113900111,129,109,20
113900112,119,80,39
113900113,816,544,272
113900114,2,145,-143
113900115,0,95,-95
113900116,116,146,-30
113900117,158,40,118
113900118,226,315,-89
113900119,270,505,-235
113900120,79,46,33
113900121,28,90,-62
113900122,349,2233,-1884
113900123,510,285,225
113900124,0,107,-107
113900125,2116,167,1949
113900126,161,57,104
113900127,223,663,-440
113900128,160,67,93
113900129,11,173,-162
113900130,0,8,-8
113900131,164,87,77
113900132,102,50,52
113900133,9,23,-14
113900135,459,650,-191
113900136,108,79,29
113900137,520,335,185
113900138,85,211,-126
113900139,531,161,370
113900140,338,306,32
113900141,439,677,-238
113900142,139,101,38
113900143,8,15,-7
113900144,308,204,104
113900145,529,303,226
113900146,93,64,29
113900148,223,380,-157
113900149,173,97,76
113900150,985,703,282
113900151,379,284,95
113900152,11,49,-38
113900153,405,788,-383
113900154,5,141,-136
113900155,175,107,68
113900156,296,686,-390
113900157,38,248,-210
113900158,426,288,138
113900159,29,290,-261
113900160,550,757,-207
113900161,72,284,-212
113900162,514,625,-111
113900163,362,317,45
113900164,309,74,235
113900165,917,605,312
113900166,178,136,42
113900167,208,35,173
113900168,144,110,34
113900169,319,532,-213
113900171,111,62,49
113900172,6,224,-218
113900173,48,943,-895
113900174,526,777,-251
113900175,321,146,175
113900176,217,678,-461
113900177,428,237,191
113900178,243,133,110
113900179,22,855,-833
113900180,233,79,154
113900181,861,120,741
113900182,597,1095,-498
113900183,104,104,0
113900184,18,727,-709
113900185,270,69,201
113900186,35,51,-16
113900187,38,132,-94
113900188,44,159,-115
113900189,293,93,200
113900190,558,183,375
113900191,149,245,-96
113900192,4,353,-349
113900193,22,345,-323
113900194,2678,1308,1370
113900195,453,611,-158
113900196,2,125,-123
113900197,6,309,-303
113900198,34,156,-122
113900199,166,803,-637
113900200,7,238,-231
113900201,2,291,-289
113900202,71,439,-368
113900203,0,213,-213
113900204,52,722,-670
113900205,5,221,-216
113900206,10,163,-153
113900207,3,79,-76
113900208,1,43,-42
113900209,0,94,-94
113900210,727,831,-104
113900211,151,42,109
113900212,165,676,-511
113900214,536,441,95
113900215,124,154,-30
113900216,69,1332,-1263
113900217,46,368,-322
113900218,98,47,51
113900219,106,602,-496
113900220,319,128,191
113900221,446,147,299
113900222,296,438,-142
113900223,63,1212,-1149
113900224,118,73,45
113900225,681,228,453
113900226,278,147,131
113900227,390,218,172
113900228,336,394,-58
113900229,41,650,-609
113900230,5006,3510,1496
113900231,167,289,-122
113900232,72,107,-35
113900233,73,67,6
113900234,422,747,-325
113900235,87,31,56
113900236,104,507,-403
113900237,166,10,156
113900238,356,609,-253
113900239,191,99,92
113900240,8,151,-143
113900241,152,108,44
113900242,55,234,-179
113900243,130,539,-409
113900244,554,214,340
113900245,1633,275,1358
113900246,27,25,2
113900247,169,359,-190
113900248,4110,1928,2182
113900249,1275,384,891
113900250,65,181,-116
113900251,637,282,355
113900252,426,5,421
113900253,679,44,635
113900254,727,162,565
113900255,408,23,385
113900256,511,45,466
113900257,39,992,-953
113900258,18,703,-685
113900259,473,336,137
113900260,211,17,194
113900261,12,104,-92
113900262,130,837,-707
113900263,197,737,-540
113900264,6,716,-710
113900265,156,302,-146
113900266,31,302,-271
113900267,156,532,-376
113900268,369,405,-36
113900269,70,220,-150
113900270,364,443,-79
113900271,646,1438,-792
113900273,120,14,106
113900274,89,38,51
113900275,28,37,-9
113900276,2,275,-273
113900277,136,4,132
113900278,233,179,54
113900279,84,128,-44
113900280,1338,495,843
113900281,603,1393,-790
113900282,852,490,362
113900283,430,507,-77
113900284,1091,153,938
113900285,134,17,117
113900286,9,124,-115
113900287,36,58,-22
113900288,0,108,-108
113900289,1585,151,1434
113900290,488,148,340
113900291,122,220,-98
113900292,9,15,-6
113900293,26,327,-301
113900294,506,29,477
113900295,405,440,-35
113900296,3075,372,2703
113900297,1671,34,1637
113900298,22,1721,-1699
113900299,58,278,-220
113900300,7257,3809,3448
113900301,1127,426,701
113900302,3020,1195,1825
113900303,703,415,288
113900304,0,159,-159
113900305,96,1,95
113900306,23,0,23
113900307,88,0,88
113900308,87,124,-37
113900309,1,1068,-1067
113900310,0,26,-26
113900311,3,0,3
113900312,172,155,17
113900313,33,14,19
114000001,1222,4582,-3360
114000002,215,668,-453
114000003,35,408,-373
114000004,303,450,-147
114000005,156,265,-109
114000006,3138,2749,389
114000007,653,1649,-996
114000008,1704,1625,79
114000009,680,280,400
114000011,2900,4757,-1857
114000012,2221,3777,-1556
114000013,1752,2841,-1089
114000014,414,428,-14
114000015,1286,581,705
114000016,180,401,-221
114000017,168,244,-76
114000018,613,43,570
114000026,1428,2001,-573
114000027,2777,2727,50
114000028,2785,3271,-486
114000038,190,129,61
114000039,100,90,10
114000040,91,198,-107
114000042,218,298,-80
114000043,45,199,-154
114000044,114,76,38
114000045,74,65,9
114000046,3048,6001,-2953
114000047,34,105,-71
114000048,70,59,11
114000049,1677,1728,-51
114000050,1959,2225,-266
114000051,3343,1824,1519
114000052,3402,1315,2087
114000053,82,589,-507
114000054,166,1657,-1491
114000055,300,34,266
114000056,1360,771,589
114000057,13026,2782,10244
114000058,677,1377,-700
114000059,298,336,-38
114000060,1033,1016,17
114000061,4799,2298,2501
114000062,2835,1126,1709
114000063,3569,1881,1688
114000064,7356,3703,3653
114000065,2127,3066,-939
114000066,468,815,-347
114000067,44,679,-635
114000068,391,583,-192
114000069,1217,466,751
114000070,2773,1984,789
114000071,732,574,158
114000072,282,579,-297
114000073,17,126,-109
114000074,53,28,25
114000075,72,170,-98
114000076,59,207,-148
114000077,8,71,-63
114000078,210,922,-712
114000079,78,22,56
114000080,79,161,-82
114000081,95,70,25
114000082,67,689,-622
114000083,50,340,-290
114000084,187,128,59
114000085,86,880,-794
114000086,236,695,-459
114000087,58,323,-265
114000088,39,79,-40
114000089,1984,606,1378
114000090,843,743,100
114000091,2235,773,1462
114000092,1034,417,617
114000093,979,749,230
114000094,534,567,-33
114000095,224,129,95
114000096,144,489,-345
114000097,208,869,-661
114000098,475,71,404
114000099,381,1108,-727
114000100,1144,1016,128
114000101,358,1110,-752
114000102,452,393,59
114000103,117,592,-475
114000104,1,454,-453
114000105,79,52,27
114000106,1328,737,591
114000107,218,115,103
114000108,4228,1431,2797
114000109,365,921,-556
114000110,616,2228,-1612
114000111,1358,668,690
114000112,495,2937,-2442
114000113,1177,401,776
114000114,1269,2033,-764
114000115,1896,809,1087
114000116,622,1429,-807
114000117,2282,477,1805
114000118,2133,444,1689
114000119,1783,435,1348
114000120,719,894,-175
114000121,581,751,-170
114000122,428,337,91
114000123,1364,294,1070
114000124,1523,313,1210
114000125,768,2072,-1304
114000126,1159,205,954
114000127,119,197,-78
114000128,969,583,386
114000130,472,621,-149
114000131,205,44,161
114000132,572,827,-255
114000133,869,1683,-814
114000134,42,222,-180
114000138,65,187,-122
114000139,470,175,295
114000144,752,491,261
114000145,93,192,-99
114000146,134,391,-257
114000147,1121,1658,-537
114000148,2597,2023,574
114000149,365,262,103
114000150,1060,787,273
114000151,1069,1167,-98
114000152,171,29,142
114000153,1069,1646,-577
114000154,983,704,279
114000155,1258,2620,-1362
114000156,1552,550,1002
114000157,435,1350,-915
114000158,2795,694,2101
114000159,166,357,-191
114000160,132,198,-66
114000161,2311,2520,-209
114000162,1115,1991,-876
114000163,15,145,-130
114000165,560,234,326
114000166,857,318,539
114000167,6165,1513,4652
114000168,759,770,-11
114000169,2687,981,1706
114000170,1495,1076,419
114000171,795,3009,-2214
114000174,325,504,-179
114000176,1100,461,639
114000177,2799,957,1842
114000178,43,57,-14
114000179,1576,1008,568
114000180,609,772,-163
114000181,1788,3565,-1777
114000182,8002,2960,5042
114000183,1065,1116,-51
114000184,8089,1562,6527
114000185,1083,972,111
114000189,561,95,466
114000190,1924,235,1689
114000191,25,57,-32
114000192,362,2247,-1885
114000193,849,3804,-2955
114000194,1472,1424,48
114000195,108,11,97
114000196,2,420,-418
114000197,984,169,815
114000198,1490,463,1027
114000199,2646,1582,1064
114000200,658,2672,-2014
114000201,415,1244,-829
114000202,1459,887,572
114000203,552,1106,-554
114000204,131,602,-471
114000205,212,2032,-1820
114000206,611,1512,-901
114000207,814,2573,-1759
114000208,658,3938,-3280
114000209,664,3902,-3238
114000210,395,2078,-1683
114000211,1365,1994,-629
114000212,781,958,-177
114000213,1592,781,811
114000214,118,233,-115
114000215,199,105,94
114000216,1413,482,931
114000217,209,400,-191
114000218,153,329,-176
114000219,1245,291,954
114000220,30,1996,-1966
114000221,610,166,444
114000222,210,1678,-1468
114000223,424,100,324
114000224,125,1068,-943
114000225,217,665,-448
114000226,108,302,-194
114000227,921,519,402
114000228,1137,1258,-121
114000229,1079,1610,-531
114000230,1625,1746,-121
114000231,991,1569,-578
114000232,548,162,386
114000233,2009,147,1862
114000234,1393,1162,231
114000235,1089,2037,-948
114000236,0,597,-597
114000237,108,1108,-1000
114000238,120,408,-288
114000239,182,1746,-1564
114000240,548,691,-143
114000241,285,1562,-1277
114000242,1174,1479,-305
114000243,1834,1057,777
114000244,960,446,514
114000245,348,796,-448
114000246,267,41,226
114000247,863,768,95
114000248,1022,834,188
114000249,663,616,47
114000250,498,774,-276
114000251,335,464,-129
114000252,86,109,-23
114000253,50,383,-333
114000254,32,108,-76
114000255,1095,256,839
114000256,2790,1379,1411
114000257,528,1958,-1430
114000258,290,435,-145
114000259,65,319,-254
114000260,0,36,-36
114000261,64,50,14
114000262,78,190,-112
114000263,24,5,19
114000264,795,586,209
114000265,0,0,0
114000267,4,1941,-1937
114000268,6,1999,-1993
114000270,139,1,138
114000271,574,77,497
114000283,853,400,453
114000285,25,304,-279
114000288,74,446,-372
114000289,1288,256,1032
114000293,130,575,-445
114000294,173,281,-108
114000395,1849,64,1785
114000396,361,467,-106
114000402,407,376,31
114000403,349,788,-439
114000405,78,760,-682
114000423,235,531,-296
114000424,165,156,9
114000425,372,587,-215
114000426,299,958,-659
114000427,61,133,-72
114000428,425,187,238
114000429,23,287,-264
114000432,145,156,-11
114000434,30,99,-69
114000435,0,209,-209
114900001,526,1811,-1285
114900002,399,80,319
114900003,408,2513,-2105
114900004,177,345,-168
114900005,403,1088,-685
114900006,81,70,11
114900007,151,10,141
114900008,126,107,19
114900010,2954,2129,825
114900011,178,167,11
114900013,170,152,18
114900015,76,355,-279
114900018,850,31,819
114900020,209,75,134
114900022,5,810,-805
114900024,280,141,139
114900025,330,308,22
114900026,68,104,-36
114900027,138,298,-160
114900029,104,37,67
114900030,264,307,-43
114900031,324,34,290
114900032,259,31,228
114900033,2183,518,1665
114900034,47,245,-198
114900035,122,387,-265
114900036,333,1103,-770
114900037,122,238,-116
114900038,156,892,-736
114900039,423,702,-279
114900040,64,316,-252
114900041,531,660,-129
114900042,654,888,-234
114900043,1381,403,978
114900044,148,23,125
114900046,57,160,-103
114900047,245,1580,-1335
114900048,94,409,-315
114900049,25,307,-282
114900050,38,696,-658
114900051,13,590,-577
114900052,53,227,-174
114900053,62,323,-261
114900054,38,143,-105
114900057,224,9,215
114900058,2,129,-127
114900059,43,33,10
114900060,1561,820,741
114900061,157,187,-30
114900062,312,399,-87
114900063,38,296,-258
114900064,930,661,269
114900065,324,727,-403
114900067,41,409,-368
114900068,69,274,-205
114900069,243,230,13
114900070,420,822,-402
114900072,11,297,-286
114900073,0,249,-249
114900074,413,1172,-759
114900075,146,7,139
114900076,2,360,-358
114900080,3829,563,3266
114900082,4682,1903,2779
114900083,1412,1131,281
114900090,304,284,20
114900091,165,282,-117
114900095,484,167,317
114900096,584,699,-115
114900097,88,4,84
114900098,5,282,-277
114900099,178,4,174
115000001,11406,8138,3268
115000002,4948,4659,289
115000003,5975,5508,467
115000004,4590,6424,-1834
115000005,2635,3752,-1117
115000006,1348,2016,-668
115000007,176,263,-87
115000008,744,692,52
115000009,280,610,-330
115000010,676,192,484
115000013,99,294,-195
115000015,131,645,-514
115000016,74,170,-96
115000019,31,545,-514
115000020,262,551,-289
115000021,275,592,-317
115000022,601,449,152
115000023,370,623,-253
115000024,1401,602,799
115000025,884,696,188
115000026,108,441,-333
115000027,173,300,-127
115000028,198,969,-771
115000029,598,133,465
115000030,470,1183,-713
115000031,1286,261,1025
115000032,12,320,-308
115000033,167,28,139
115000034,156,1107,-951
115000035,1021,52,969
115000036,1,361,-360
115000037,490,10,480
115000038,37,239,-202
115000039,4416,2887,1529
115000040,7813,4867,2946
115000041,1568,3150,-1582
115000042,803,847,-44
115000043,3521,2776,745
115000044,3966,5622,-1656
115000045,2969,3039,-70
115000046,2072,3328,-1256
115000047,1629,2422,-793
115000048,1581,3755,-2174
115000049,1738,4485,-2747
115000050,3576,2552,1024
115000051,2669,3089,-420
115000052,4586,2457,2129
115000053,1642,2011,-369
115000054,794,1918,-1124
115000055,122,589,-467
115000056,316,361,-45
115000057,632,596,36
115000058,245,159,86
115000059,193,135,58
115000061,292,127,165
115000062,384,345,39
115000063,277,429,-152
115000064,308,144,164
115000065,188,428,-240
115000067,306,49,257
115000069,69,441,-372
115000070,35,1113,-1078
115000071,171,21,150
115000072,14,57,-43
115000073,1939,62,1877
115000075,110,92,18
115000076,6012,4258,1754
115000077,1945,3911,-1966
115000078,1201,2220,-1019
115000079,1260,2871,-1611
115000080,2394,3680,-1286
115000081,492,1142,-650
115000082,3543,4504,-961
115000083,2134,3301,-1167
115000084,1807,1553,254
115000085,690,1174,-484
115000086,934,1305,-371
115000087,483,1904,-1421
115000088,1984,821,1163
115000089,1817,1669,148
115000090,792,1091,-299
115000091,448,1398,-950
115000092,372,407,-35
115000093,659,0,659
115000094,11336,5897,5439
115000095,8343,5476,2867
115000096,759,2660,-1901
115000097,667,1067,-400
115000098,903,984,-81
115000099,2184,4582,-2398
115000100,917,771,146
115000101,441,1846,-1405
115000102,477,318,159
115000103,358,947,-589
115000105,53,234,-181
115000106,412,351,61
115000107,128,706,-578
115000108,5031,3188,1843
115000109,7280,3745,3535
115000110,1552,1216,336
115000111,775,2202,-1427
115000112,536,582,-46
115000113,512,1017,-505
115000114,1789,908,881
115000116,4408,2002,2406
115000117,4511,3038,1473
115000118,1826,1770,56
115000119,1870,2424,-554
115000120,600,1134,-534
115000121,1775,1076,699
115000122,4133,2323,1810
115000123,1994,2007,-13
115000124,1272,1402,-130
115000125,707,662,45
115000126,336,309,27
115000127,707,171,536
115000128,1326,1008,318
115000129,627,386,241
115000130,492,1257,-765
115000131,897,343,554
115000132,151,672,-521
115000133,533,421,112
115000134,218,244,-26
115000135,296,260,36
115000136,361,282,79
115000137,245,210,35
115000138,257,346,-89
115000139,289,296,-7
115000140,261,228,33
115000141,162,334,-172
115000142,174,373,-199
115000143,628,733,-105
115000144,565,128,437
115000145,355,527,-172
115000146,704,389,315
115000147,980,588,392
115000148,390,1845,-1455
115000149,913,346,567
115000150,798,1653,-855
115000151,949,565,384
115000152,923,2197,-1274
115000153,2035,579,1456
115000154,896,397,499
115000155,839,1513,-674
115000156,2608,724,1884
115000157,1379,1207,172
115000158,792,455,337
115000159,1396,476,920
115000160,741,346,395
115000161,158,754,-596
115000162,851,794,57
115000163,747,660,87
115000164,804,651,153
115000165,508,437,71
115000167,315,79,236
115000168,1413,392,1021
115000169,1476,306,1170
115000170,323,142,181
115000171,687,230,457
115000172,2350,789,1561
115000173,720,504,216
115000174,194,320,-126
115000175,341,72,269
115000176,201,60,141
115000177,151,49,102
115000178,21,345,-324
115000179,66,13,53
115000180,103,963,-860
115000181,520,193,327
115000182,631,482,149
115000183,236,1387,-1151
115000186,725,316,409
115000187,146,1002,-856
115000188,509,779,-270
115000189,339,676,-337
115000190,1111,734,377
115000191,348,580,-232
115000194,276,196,80
115000195,264,297,-33
115000196,111,166,-55
115000197,193,350,-157
115000198,226,297,-71
115000199,249,265,-16
115000200,275,131,144
115000201,278,476,-198
115000206,384,99,285
115000207,101,384,-283
115000208,636,764,-128
115000209,565,295,270
115000210,107,125,-18
115000211,293,266,27
115000212,3126,293,2833
115000224,403,88,315
115000225,53,75,-22
115000229,273,226,47
115000230,104,489,-385
115000231,269,3003,-2734
115000232,1604,381,1223
115000233,351,233,118
115000234,31,306,-275
115000241,65,270,-205
115000242,94,419,-325
115000243,68,335,-267
115000244,3,86,-83
115000246,72,8,64
115000247,32,11,21
115000248,32,15,17
115000249,47,25,22
115000250,696,62,634
115000251,189,193,-4
115000252,116,247,-131
115000253,18,439,-421
115000258,300,321,-21
115000259,335,180,155
115000261,14,49,-35
115000262,17,46,-29
115000263,12,87,-75
115000264,19,106,-87
115000267,64,76,-12
115000268,37,173,-136
115000269,144,58,86
115000270,57,28,29
115000272,55,196,-141
115000273,314,44,270
115000280,2175,186,1989
115000281,709,465,244
115000282,1451,460,991
115000284,387,212,175
115000296,1017,6,1011
115000297,513,98,415
115000298,194,213,-19
115000300,234,243,-9
115000302,513,217,296
115000303,683,170,513
115000304,735,166,569
115000305,109,1380,-1271
115000306,140,646,-506
115000307,79,302,-223
115000308,93,17,76
115000309,13,22,-9
115000310,895,1143,-248
115000311,706,1783,-1077
115000313,152,1007,-855
115000314,317,169,148
115000315,1538,586,952
115000316,63,73,-10
115000317,139,790,-651
115000318,1038,522,516
115000319,111,414,-303
115000320,24,347,-323
115000321,683,9,674
115000322,54,356,-302
115000449,199,259,-60
115000557,0,1184,-1184
115000558,628,100,528
115000587,699,367,332
115000588,3698,4889,-1191
115000589,4245,3776,469
115000590,1242,1759,-517
115000591,1435,1036,399
115000592,1010,2331,-1321
115000593,1805,778,1027
115000594,1062,2797,-1735
115000609,197,299,-102
115000617,2174,3200,-1026
115000624,150,75,75
115000633,487,2649,-2162
115000634,3736,978,2758
115000635,561,141,420
115000638,1632,1119,513
115000641,122,163,-41
115000642,362,344,18
115000643,94,596,-502
115000644,147,452,-305
115000646,929,1452,-523
115000647,199,586,-387
115000648,1449,2129,-680
115000893,4972,2039,2933
115000894,123,1434,-1311
115000895,726,1129,-403
115000896,2424,464,1960
115000897,593,148,445
115000898,938,243,695
115000899,1084,1661,-577
115000900,120,560,-440
115000901,99,179,-80
115000912,358,126,232
115000913,2,50,-48
115000915,53,1,52
115000916,30,0,30
115000917,1,12,-11
115000918,90,307,-217
115000919,29,7,22
115000920,134,72,62
115000921,1172,230,942
115000922,2978,911,2067
115000923,1049,1152,-103
115000925,101,83,18
115000927,65,44,21
115000933,668,184,484
115000934,109,223,-114
115000935,68,85,-17
115000936,62,728,-666
115000937,1535,264,1271
115000938,249,230,19
115000939,278,226,52
115000940,13,15,-2
115000941,15,25,-10
115000942,171,98,73
115000943,146,22,124
115000944,58,7,51
115900001,54,79,-25
115900002,93,246,-153
115900003,114,196,-82
115900004,3,72,-69
115900005,167,4,163
115900006,135,529,-394
115900008,31,14,17
115900009,86,470,-384
115900010,195,218,-23
115900011,324,360,-36
115900012,137,108,29
115900013,357,206,151
115900014,95,208,-113
115900015,58,123,-65
115900016,69,40,29
115900017,2,3,-1
115900018,200,122,78
115900019,536,28,508
115900020,14,0,14
115900021,2068,206,1862
115900022,3547,27,3520
115900023,51,9,42
115900025,44,248,-204
115900026,944,373,571
115900027,0,434,-434
115900028,666,79,587
115900029,14,572,-558
115900030,55,18,37
115900031,708,213,495
115900032,388,986,-598
115900033,0,26,-26
115900034,41,687,-646
115900035,155,11,144
115900036,354,573,-219
115900037,45,544,-499
115900038,103,6,97
115900039,152,462,-310
115900041,487,468,19
115900042,58,10,48
115900043,91,172,-81
115900044,360,275,85
115900046,148,377,-229
115900047,106,82,24
115900049,96,279,-183
115900051,0,125,-125
115900052,10,286,-276
115900053,158,375,-217
115900054,152,71,81
115900055,25,197,-172
115900056,178,463,-285
115900057,67,10,57
115900058,45,64,-19
115900060,79,154,-75
115900061,201,1,200
115900062,15,342,-327
115900063,43,21,22
115900064,172,455,-283
115900065,137,139,-2
115900066,202,200,2
115900067,8,929,-921
115900068,4242,726,3516
115900069,71,299,-228
115900070,158,265,-107
115900071,1,732,-731
115900072,47,205,-158
115900073,46,78,-32
115900074,1,468,-467
115900075,18,318,-300
115900076,2,110,-108
115900077,6,364,-358
115900078,30,164,-134
115900079,174,19,155
115900080,556,309,247
115900081,21,77,-56
115900082,135,147,-12
115900084,348,55,293
115900085,82,88,-6
115900086,2068,505,1563
115900088,37,64,-27
115900089,267,806,-539
115900090,202,29,173
115900091,7,47,-40
115900092,29,314,-285
115900093,3,33,-30
115900094,6,568,-562
115900096,2,20,-18
115900097,11,606,-595
115900098,124,701,-577
115900099,31,107,-76
115900100,12,588,-576
115900101,82,510,-428
115900102,31,128,-97
115900103,275,343,-68
115900104,34,198,-164
115900105,115,784,-669
115900106,48,42,6
115900107,33,177,-144
115900108,68,30,38
115900109,50,515,-465
115900110,1,24,-23
115900111,4,77,-73
115900112,20,1217,-1197
115900113,24,30,-6
115900114,1,135,-134
115900115,60,201,-141
115900116,58,1203,-1145
115900117,34,16,18
115900118,4,393,-389
115900119,296,124,172
115900120,34,485,-451
115900121,119,288,-169
115900124,143,562,-419
115900125,203,25,178
115900126,479,72,407
115900127,651,64,587
115900128,6,73,-67
115900129,587,34,553
115900130,39,277,-238
115900131,204,35,169
115900132,448,11,437
115900134,256,13,243
115900135,672,907,-235
115900137,25,18,7
115900139,90,85,5
115900140,125,30,95
115900141,23,52,-29
115900142,21,22,-1
115900143,173,335,-162
115900144,60,318,-258
115900146,3,207,-204
115900147,386,264,122
115900148,28,6,22
115900149,47,36,11
115900150,25,72,-47
115900151,9,108,-99
115900152,129,418,-289
115900153,112,309,-197
115900154,828,337,491
115900155,0,98,-98
115900156,574,762,-188
115900157,113,538,-425
115900158,37,10,27
115900159,59,371,-312
115900160,12,17,-5
115900161,46,209,-163
115900163,126,146,-20
115900164,422,56,366
115900166,235,321,-86
115900168,129,177,-48
115900171,145,459,-314
115900172,55,138,-83
115900173,268,197,71
115900174,481,211,270
115900175,96,258,-162
115900178,9,817,-808
115900179,129,30,99
115900180,46,374,-328
115900181,138,339,-201
115900182,243,381,-138
115900183,106,52,54
115900184,2249,11,2238
115900187,15,149,-134
115900189,0,240,-240
115900190,411,1301,-890
115900191,35,546,-511
115900192,8,98,-90
115900193,71,103,-32
115900194,512,60,452
115900195,618,1528,-910
115900198,145,382,-237
115900199,176,349,-173
115900200,256,380,-124
115900201,316,229,87
115900202,0,14,-14
115900203,2,2,0
115900204,5,4,1
115900205,77,15,62
115900206,125,169,-44
115900207,23,27,-4
115900208,119,460,-341
115900209,3,171,-168
115900210,4,129,-125
115900211,3,273,-270
115900212,100,302,-202
115900213,146,63,83
115900214,333,292,41
115900215,28,69,-41
115900216,3,101,-98
115900217,3,55,-52
115900218,3,36,-33
115900219,67,12,55
115900220,83,21,62
115900221,68,16,52
115900222,23,17,6
115900223,3,219,-216
115900224,2136,649,1487
115900225,59,50,9
115900226,11,51,-40
115900227,7,42,-35
115900228,6,68,-62
115900229,15,76,-61
115900230,48,139,-91
115900231,142,2,140
115900232,52,0,52
115900233,54,6,48
115900234,49,45,4
115900235,28,57,-29
115900236,20,13,7
115900237,7,22,-15
115900238,20,21,-1
115900239,5,16,-11
115900240,12,55,-43
115900241,171,127,44
115900242,436,398,38
115900243,10,8,2
115900244,4,10,-6
115900245,42,8,34
115900246,7,8,-1
115900247,28,7,21
115900248,5,5,0
115900249,11,10,1
115900250,35,15,20
115900251,2,6,-4
115900252,4,2,2
115900253,6,6,0
115900254,31,18,13
115900255,12,40,-28
115900256,22,55,-33
115900257,17,1,16
115900258,0,2,-2
115900259,9,2,7
115900260,17,2,15
115900261,6,4,2
115900262,1,6,-5
115900263,17,5,12
115900264,3,9,-6
115900265,2,12,-10
115900266,4,5,-1
115900267,2,13,-11
115900268,3,8,-5
115900269,310,492,-182
115900270,295,996,-701
115900271,55,0,55
115900272,39,2,37
115900273,0,7,-7
115900274,1,21,-20
115900275,1,42,-41
115900276,0,59,-59
115900277,1,157,-156
115900278,34,162,-128
115900279,10,202,-192
115900280,12,235,-223
115900281,825,173,652
115900282,32,25,7
115900283,7,10,-3
115900284,10,20,-10
116000001,16660,8689,7971
116000002,4698,11033,-6335
116000003,1668,2667,-999
116000004,3815,3427,388
116000005,6307,4504,1803
116000006,5089,1673,3416
116000007,3613,4912,-1299
116000008,3165,2014,1151
116000009,2193,3174,-981
116000010,2085,1303,782
116000011,981,2434,-1453
116000012,997,842,155
116000013,25720,6427,19293
116000014,25749,15315,10434
116000015,611,1578,-967
116000016,10494,4349,6145
116000017,35,809,-774
116000018,662,490,172
116000019,949,407,542
116000020,486,1325,-839
116000021,722,393,329
116000022,282,571,-289
116000023,1493,1017,476
116000024,760,1585,-825
116000025,1411,791,620
116000026,2041,2376,-335
116000027,897,720,177
116000028,536,829,-293
116000029,1134,690,444
116000030,835,568,267
116000031,115,237,-122
116000032,561,270,291
116000033,442,661,-219
116000034,999,1322,-323
116000035,709,843,-134
116000036,2397,639,1758
116000037,1062,781,281
116000038,1235,485,750
116000039,725,258,467
116000040,2314,235,2079
116000041,224,435,-211
116000042,510,202,308
116000043,54,540,-486
116000044,33,266,-233
116000045,2340,1510,830
116000046,1726,1452,274
116000047,2981,3034,-53
116000048,3029,1961,1068
116000049,1141,2283,-1142
116000050,1359,1901,-542
116000051,5089,2161,2928
116000052,4710,4544,166
116000053,1950,1473,477
116000054,909,2576,-1667
116000055,504,1526,-1022
116000056,724,1579,-855
116000057,3972,2291,1681
116000058,3241,2225,1016
116000059,2372,6697,-4325
116000060,2778,1190,1588
116000061,1455,1461,-6
116000062,1715,219,1496
116000063,1322,1723,-401
116000066,269,688,-419
116000067,258,820,-562
116000068,404,384,20
116000069,475,519,-44
116000078,370,1267,-897
116000080,1664,1262,402
116000082,8,98,-90
116000083,1258,490,768
116000084,2724,5064,-2340
116000085,1971,1599,372
116000086,2984,1884,1100
116000087,1436,1605,-169
116000088,904,1311,-407
116000089,242,130,112
116000090,243,227,16
116000091,169,240,-71
116000093,702,805,-103
116000094,631,788,-157
116000095,606,1062,-456
116000096,775,1391,-616
116000097,723,1370,-647
116000098,393,5506,-5113
116000099,14434,536,13898
116000100,109,19,90
116000101,488,1591,-1103
116000102,252,2014,-1762
116000103,323,286,37
116000104,181,2555,-2374
116000105,1014,212,802
116000106,393,1706,-1313
116000107,1290,528,762
116000108,339,191,148
116000111,196,33,163
116000113,71,62,9
116000114,20,128,-108
116000115,157,81,76
116000116,183,416,-233
116000117,1458,3141,-1683
116000118,1216,1941,-725
116000119,2340,2571,-231
116000120,3205,5702,-2497
116000121,625,642,-17
116000122,1630,2234,-604
116000123,662,590,72
116000124,250,1129,-879
116000125,1930,836,1094
116000126,239,1613,-1374
116000127,1157,1771,-614
116000128,1346,1084,262
116000129,810,227,583
116000130,396,355,41
116000133,674,1565,-891
116000134,1875,3134,-1259
116000135,1923,1727,196
116000136,1279,2649,-1370
116000137,1052,775,277
116000138,704,621,83
116000139,2070,2536,-466
116000140,294,339,-45
116000141,416,1168,-752
116000142,4692,4750,-58
116000143,2342,2498,-156
116000144,1259,3502,-2243
116000145,1654,2064,-410
116000146,394,508,-114
116000147,830,168,662
116000148,622,502,120
116000149,592,605,-13
116000151,1134,1054,80
116000153,125,996,-871
116000155,312,322,-10
116000156,696,1233,-537
116000157,62,31,31
116000158,486,399,87
116000159,22,12,10
116000160,8,122,-114
116000161,2,141,-139
116000162,44,97,-53
116000163,28,13,15
116000164,11,17,-6
116000177,122,127,-5
116000194,191,481,-290
116000195,2696,931,1765
116000196,3,9,-6
116000197,1,5,-4
116000198,4910,1584,3326
116000200,824,373,451
116000201,871,827,44
116000202,11,392,-381
116000203,3,111,-108
116000204,4,62,-58
116000205,0,141,-141
116000206,1,82,-81
116000207,0,26,-26
116000233,197,1084,-887
116000287,109,615,-506
116000288,155,379,-224
116000292,76,180,-104
116000296,15,334,-319
116000297,72,31,41
116000304,70,57,13
116000305,11,111,-100
116000346,102,116,-14
116000352,64,29,35
116000354,56,3,53
116000357,5,6,-1
116000358,182,38,144
116000361,812,9,803
116000372,15728,4612,11116
116000381,98,3,95
116000388,1,31,-30
116000389,968,716,252
116000445,286,717,-431
116000446,411,1473,-1062
116000447,17,505,-488
116000448,811,513,298
116000563,793,903,-110
116000565,80,420,-340
116000568,37,216,-179
116000579,29,117,-88
116000583,23,23,0
116000584,34,13,21
116000585,19,14,5
116000586,217,93,124
116000587,495,674,-179
116000589,35,90,-55
116000590,42,56,-14
116000591,115,388,-273
116000592,11,126,-115
116000593,3,69,-66
116000594,416,518,-102
116000595,750,212,538
116000596,75,6,69
116000597,254,61,193
116000598,14,181,-167
116000605,401,200,201
116000606,80,239,-159
116000607,13,67,-54
116000609,243,931,-688
116000611,131,630,-499
116000612,785,2612,-1827
116000613,422,484,-62
116000614,521,851,-330
116000615,1,258,-257
116000616,93,146,-53
116000617,72,121,-49
116000618,6,235,-229
116000619,19,45,-26
116000620,69,78,-9
116000621,44,125,-81
116000622,43,188,-145
116000624,87,80,7
116000627,79,179,-100
116000628,107,1325,-1218
116000629,46,750,-704
116000630,387,62,325
116000631,126,70,56
116000632,505,246,259
116000633,186,611,-425
116000634,373,256,117
116000635,5345,1988,3357
116000636,3491,1318,2173
116000637,321,128,193
116000638,69,646,-577
116000640,15,17,-2
116000641,123,165,-42
116000644,17,1081,-1064
116900001,216,163,53
116900002,300,5,295
116900003,14,79,-65
116900004,41,40,1
116900005,187,53,134
116900006,262,113,149
116900007,153,182,-29
116900008,226,462,-236
116900009,32,2,30
116900010,6,1967,-1961
116900011,4,54,-50
116900012,97,232,-135
116900013,7,163,-156
116900014,66,303,-237
116900015,308,88,220
116900016,131,0,131
116900017,2,1018,-1016
116900018,64,53,11
116900019,18,409,-391
116900020,2147,740,1407
116900023,92,13,79
116900024,348,68,280
116900025,579,1111,-532
116900026,181,949,-768
116900027,12,82,-70
116900028,1,175,-174
116900029,1,50,-49
116900031,7,7,0
116900032,61,515,-454
116900033,12,26,-14
116900034,14,104,-90
116900035,220,323,-103
116900036,4,142,-138
116900038,37,4,33
116900041,22,15,7
116900042,847,271,576
116900043,5,78,-73
116900047,103,87,16
116900049,44,500,-456
116900050,144,673,-529
116900051,101,355,-254
116900052,370,55,315
116900055,0,8,-8
116900057,18,379,-361
116900058,25,646,-621
116900059,3,251,-248
116900060,393,279,114
116900062,4,10,-6
116900064,47,1254,-1207
116900065,35,208,-173
116900067,85,212,-127
116900068,109,305,-196
116900070,6,7,-1
116900072,18,439,-421
116900073,13,300,-287
116900074,10,55,-45
116900076,13,48,-35
116900077,10,275,-265
116900078,316,144,172
116900079,28,581,-553
116900080,3,15,-12
116900081,260,2091,-1831
116900082,326,967,-641
116900083,71,70,1
116900084,541,67,474
116900085,36,184,-148
116900086,42,314,-272
116900088,474,61,413
116900090,99,92,7
116900091,172,123,49
116900092,80,1154,-1074
116900093,1558,3469,-1911
116900094,7081,4789,2292
116900095,612,237,375
116900096,105,322,-217
116900097,6248,2487,3761
116900098,970,269,701
116900099,698,552,146
116900100,706,23,683
116900101,211,854,-643
116900103,4,2,2
116900104,76,114,-38
116900105,289,64,225
116900106,992,815,177
116900107,5862,2196,3666
116900110,22,0,22
116900111,366,1461,-1095
116900112,174,1650,-1476
116900113,4915,1513,3402
116900116,238,339,-101
116900117,38,108,-70
116900118,1171,923,248
116900120,194,142,52
116900121,46,47,-1
116900122,500,911,-411
116900123,149,999,-850
116900124,150,1511,-1361
116900125,276,365,-89
116900126,266,706,-440
116900128,5,42,-37
116900129,5,333,-328
116900130,1229,3276,-2047
116900131,53,216,-163
116900132,39,71,-32
116900133,83,80,3
116900134,332,173,159
116900136,150,207,-57
116900137,589,232,357
116900138,142,299,-157
116900139,101,474,-373
116900140,104,180,-76
116900141,549,332,217
116900142,7,74,-67
116900143,233,409,-176
116900144,13,56,-43
116900145,204,342,-138
116900147,1318,287,1031
116900148,0,35,-35
116900149,19,203,-184
116900150,9,8,1
116900151,50,18,32
116900153,83,96,-13
116900154,746,327,419
116900155,87,64,23
116900157,324,357,-33
116900158,570,149,421
116900159,25,363,-338
116900160,1257,423,834
116900161,11842,6317,5525
116900162,15,206,-191
116900163,116,154,-38
116900164,83,33,50
116900165,177,182,-5
116900166,14,147,-133
116900167,331,90,241
116900168,327,91,236
116900169,1686,362,1324
116900170,195,442,-247
116900171,22,293,-271
116900172,314,196,118
116900173,119,71,48
116900174,23,39,-16
116900175,497,147,350
116900178,23,268,-245
116900179,133,236,-103
116900180,127,37,90
116900182,378,331,47
116900183,117,87,30
116900185,24,22,2
116900186,122,342,-220
116900187,24,32,-8
116900188,154,18,136
116900189,72,1,71
116900191,331,523,-192
116900192,169,203,-34
116900194,127,876,-749
116900195,33,8,25
116900196,12,138,-126
116900197,85,5,80
116900198,282,232,50
116900200,24,31,-7
116900201,59,9,50
116900202,113,57,56
116900203,95,2,93
116900204,40,93,-53
116900206,10,32,-22
116900207,33,37,-4
116900208,12,145,-133
116900209,22,177,-155
116900210,457,236,221
116900211,212,9,203
116900212,33,118,-85
116900213,124,301,-177
116900214,153,108,45
116900215,34,102,-68
116900216,495,217,278
116900218,3,336,-333
116900219,1187,446,741
116900220,53,267,-214
116900221,33,420,-387
116900222,405,340,65
116900223,100,231,-131
116900226,33,93,-60
116900227,137,80,57
116900228,339,359,-20
116900230,55,496,-441
116900231,42,612,-570
116900232,11,657,-646
116900233,263,90,173
116900234,23,13,10
116900235,198,285,-87
116900238,1652,494,1158
116900239,40,1546,-1506
116900240,9110,3445,5665
116900241,34,184,-150
116900242,2070,551,1519
116900243,0,64,-64
116900245,28,11,17
116900246,74,25,49
116900247,404,6,398
116900248,79,37,42
116900249,274,152,122
116900250,232,67,165
116900251,645,392,253
116900252,57,1648,-1591
116900253,100,130,-30
116900254,27,108,-81
116900255,66,49,17
116900256,213,94,119
116900257,25,624,-599
116900258,3,392,-389
116900259,108,11,97
116900260,3,195,-192
116900261,26,0,26
116900262,128,216,-88
116900263,0,14,-14
116900264,80,56,24
116900265,30,0,30
116900266,3,98,-95
116900267,2,4,-2
116900268,173,7,166
116900269,478,829,-351
116900271,1167,177,990
116900272,617,780,-163
116900273,727,66,661
116900274,216,110,106
116900275,107,195,-88
116900276,1214,98,1116
116900277,787,20,767
116900278,10,12,-2
116900279,2,30,-28
116900280,11,48,-37
116900281,11132,3577,7555
116900282,5,142,-137
116900283,16,160,-144
116900284,21,286,-265
116900285,537,606,-69
116900286,252,21,231
116900287,5,105,-100
116900288,31,169,-138
116900289,12,25,-13
116900290,1,38,-37
116900291,9,11,-2
116900292,1,8,-7
116900293,31,84,-53
116900294,65,168,-103
116900295,757,44,713
116900296,132,76,56
116900297,17,126,-109
116900298,216,45,171
116900299,151,68,83
116900300,6,172,-166
116900301,114,150,-36
116900302,156,60,96
116900303,1014,132,882
116900304,0,190,-190
116900305,63,153,-90
116900306,107,198,-91
116900307,53,3,50
116900308,3,255,-252
116900309,54,230,-176
117000001,2312,2439,-127
117000002,3372,7036,-3664
117000003,12332,3901,8431
117000004,6555,8594,-2039
117000005,2449,2278,171
117000006,1667,7173,-5506
117000007,4827,1841,2986
117000008,1850,8045,-6195
117000009,5712,2560,3152
117000010,3871,7225,-3354
117000011,2253,2782,-529
117000012,1579,2679,-1100
117000013,2705,1716,989
117000014,2474,3772,-1298
117000015,5317,1721,3596
117000016,1772,78,1694
117000017,1480,173,1307
117000018,424,520,-96
117000019,653,12,641
117000020,654,1759,-1105
117000021,3383,1220,2163
117000022,1063,60,1003
117000023,1621,308,1313
117000024,1157,107,1050
117000025,4142,532,3610
117000026,9421,874,8547
117000027,3158,2022,1136
117000028,5213,1235,3978
117000030,1254,803,451
117000031,568,282,286
117000032,4115,1867,2248
117000033,1710,1437,273
117000034,554,628,-74
117000035,349,391,-42
117000036,643,621,22
117000037,376,284,92
117000038,496,918,-422
117000039,497,414,83
117000040,150,1342,-1192
117000041,793,239,554
117000044,44,1724,-1680
117000045,836,67,769
117000046,833,1006,-173
117000047,1027,793,234
117000048,3314,2690,624
117000049,96,833,-737
117000050,193,3496,-3303
117000051,2315,207,2108
117000052,25,647,-622
117000053,350,95,255
117000054,1472,5,1467
117000055,20,4722,-4702
117000056,574,16,558
117000057,720,3013,-2293
117000060,446,2629,-2183
117000061,2638,1456,1182
117000062,280,772,-492
117000063,2366,1216,1150
117000064,1170,1466,-296
117000066,1408,985,423
117000067,427,400,27
117000074,125,360,-235
117000076,41,62,-21
117000077,165,142,23
117000078,145,936,-791
117000079,362,271,91
117000080,3,480,-477
117000081,1537,110,1427
117000082,22,78,-56
117000083,179,6,173
117000084,636,3,633
117000085,188,725,-537
117000086,1314,836,478
117000087,108,635,-527
117000088,307,360,-53
117000089,1478,420,1058
117000090,223,2077,-1854
117000091,638,412,226
117000092,396,2094,-1698
117000093,1065,807,258
117000094,1248,3877,-2629
117000095,3214,1043,2171
117000096,584,3599,-3015
117000097,1127,1582,-455
117000098,2878,6894,-4016
117000099,2715,1312,1403
117000100,130,213,-83
117000101,259,1819,-1560
117000102,1362,745,617
117000103,874,2402,-1528
117000104,1174,751,423
117000105,1042,2277,-1235
117000106,1122,1034,88
117000107,657,2544,-1887
117000108,1372,1190,182
117000109,2775,3496,-721
117000110,1367,968,399
117000111,4859,8021,-3162
117000112,3363,3291,72
117000113,136,350,-214
117000114,110,230,-120
117000115,78,213,-135
117000116,96,322,-226
117000117,2654,596,2058
117000118,751,176,575
117000119,762,131,631
117000120,777,467,310
117000121,231,1586,-1355
117000122,853,2021,-1168
117000123,3506,52,3454
117000124,1255,64,1191
117000125,1197,84,1113
117000126,174,36,138
117000127,335,387,-52
117000128,625,969,-344
117000129,2208,716,1492
117000130,182,5,177
117000131,1,194,-193
117000132,1909,19,1890
117000133,879,91,788
117000134,3,62,-59
117000135,12,26,-14
117000136,0,55,-55
117000137,90,71,19
117000138,0,678,-678
117000140,471,2062,-1591
117000141,1461,770,691
117000181,1127,244,883
117000182,308,309,-1
117000195,186,1609,-1423
117000196,172,82,90
117000225,358,18,340
117000226,6,196,-190
117000276,242,18,224
117000277,1,704,-703
117000310,3603,4930,-1327
117000315,39,2282,-2243
117000320,165,0,165
117000906,319,17,302
117000907,20,560,-540
117000909,167,43,124
117000910,181,156,25
117000911,105,291,-186
117000915,11,882,-871
117000916,38,5,33
117000917,817,29,788
117000918,56,105,-49
117000919,9,177,-168
117000920,8,1941,-1933
117000921,6,2241,-2235
117000922,83,203,-120
117000924,1419,1428,-9
117000926,1162,93,1069
117000927,2284,617,1667
117000928,0,248,-248
117000929,173,1019,-846
117000930,165,25,140
117000931,481,240,241
117900002,414,441,-27
117900003,757,513,244
117900005,14,262,-248
117900006,0,31,-31
117900007,240,166,74
117900008,0,31,-31
117900010,912,130,782
117900011,39,41,-2
117900012,62,222,-160
117900013,1,432,-431
117900014,1487,274,1213
117900015,35,316,-281
117900016,2244,723,1521
117900017,826,636,190
117900018,350,77,273
117900019,417,661,-244
117900020,62,399,-337
117900021,25,101,-76
117900022,9,4,5
117900023,698,845,-147
117900024,77,145,-68
117900025,69,6,63
117900026,341,561,-220
117900028,237,14,223
117900029,208,1410,-1202
117900030,379,250,129
117900031,834,186,648
117900032,841,579,262
117900033,181,1156,-975
117900034,112,83,29
117900035,160,65,95
117900036,281,856,-575
117900037,77,124,-47
117900038,11,390,-379
117900039,0,80,-80
117900040,74,603,-529
117900041,4,69,-65
117900042,6420,626,5794
117900043,53,43,10
117900044,122,5329,-5207
117900045,294,208,86
117900048,182,352,-170
117900049,179,1091,-912
117900050,13,69,-56
117900051,177,6,171
117900052,40,384,-344
117900053,1083,801,282
117900054,2,27,-25
117900055,147,562,-415
117900056,512,42,470
117900057,1222,1899,-677
117900058,262,26,236
117900059,1025,68,957
117900060,1382,7230,-5848
117900061,61,462,-401
117900063,525,341,184
117900065,743,1354,-611
117900066,10,60,-50
117900067,363,473,-110
117900069,1102,628,474
117900070,491,5,486
117900071,264,182,82
117900073,377,626,-249
117900074,400,21,379
117900075,159,120,39
117900076,32,67,-35
117900077,250,148,102
117900078,207,641,-434
117900080,645,76,569
117900081,596,567,29
117900082,288,375,-87
117900083,412,1051,-639
117900086,187,51,136
117900087,86,63,23
117900088,3376,3147,229
117900089,1533,521,1012
117900090,868,1062,-194
117900091,371,197,174
117900092,91,45,46
117900093,63,81,-18
117900094,28,16,12
117900095,872,880,-8
117900096,66,330,-264
117900097,96,84,12
117900098,22,5,17
117900099,218,496,-278
117900100,132,0,132
117900101,589,1482,-893
117900102,34,53,-19
117900103,18,0,18
117900104,14,166,-152
117900105,167,333,-166
117900106,62,51,11
117900107,17,1,16
117900109,383,369,14
117900110,38,0,38
117900111,279,19,260
117900112,42,7,35
117900113,8277,2607,5670
117900114,10,1,9
117900115,338,61,277
117900116,1176,1362,-186
117900117,388,503,-115
117900118,43,0,43
117900119,85,330,-245
117900120,97,235,-138
117900121,110,28,82
117900122,1984,2576,-592
117900123,1158,865,293
117900124,784,798,-14
117900125,1630,1375,255
117900126,314,843,-529
117900127,590,823,-233
117900128,312,1293,-981
117900129,32,0,32
117900130,861,447,414
117900131,0,118,-118
117900132,13,122,-109
117900133,4,158,-154
117900134,40,218,-178
117900135,18,184,-166
117900136,0,80,-80
117900137,13,303,-290
117900138,1,39,-38
117900139,95,97,-2
117900140,7870,503,7367
117900141,725,368,357
117900142,80,32,48
117900144,226,103,123
117900145,21,72,-51
117900146,1040,114,926
117900147,97,78,19
117900148,4601,1238,3363
117900149,43,172,-129
117900150,31,110,-79
117900151,51,131,-80
117900152,191,99,92
117900153,59,112,-53
117900154,751,1093,-342
117900156,1105,1404,-299
117900157,89,605,-516
117900158,153,128,25
117900160,672,397,275
117900161,2901,3382,-481
117900162,334,614,-280
117900163,293,26,267
117900165,0,12,-12
117900166,140,499,-359
117900168,42,153,-111
117900169,0,148,-148
117900170,0,41,-41
117900171,1,25,-24
117900172,11,23,-12
117900173,154,71,83
117900174,15,82,-67
117900175,4,71,-67
117900176,7,79,-72
117900177,9,59,-50
117900178,97,56,41
117900180,363,56,307
117900181,237,270,-33
117900182,15,28,-13
117900183,46,228,-182
117900184,18,45,-27
117900185,15,44,-29
117900186,47,25,22
117900187,15,14,1
117900188,212,42,170
117900189,69,27,42
117900190,15,0,15
117900191,78,0,78
117900192,191,1,190
117900193,1,69,-68
117900194,8,2,6
117900195,4,27,-23
117900196,14,29,-15
117900207,220,92,128
117900208,27,28,-1
117900209,192,238,-46
117900210,114,246,-132
117900211,14,203,-189
117900212,82,273,-191
117900213,20,19,1
117900214,0,60,-60
117900215,46,56,-10
117900216,72,20,52
117900217,250,173,77
117900218,448,445,3
117900219,26,63,-37
117900220,235,86,149
117900222,182,361,-179
117900223,200,386,-186
118000001,1255,909,346
118000002,1894,3423,-1529
118000003,8765,3114,5651
118000004,9419,2990,6429
118000005,6151,6425,-274
118000006,7592,13697,-6105
118000007,12117,2868,9249
118000008,9920,4870,5050
118000009,3448,3655,-207
118000010,3794,4938,-1144
118000011,1297,3346,-2049
118000012,2243,3685,-1442
118000013,5027,4457,570
118000014,2380,5314,-2934
118000016,223,519,-296
118000017,317,630,-313
118000018,405,545,-140
118000019,2669,1704,965
118000020,1534,2356,-822
118000021,1782,3011,-1229
118000022,2666,1076,1590
118000023,1560,409,1151
118000024,1718,1153,565
118000027,18919,13227,5692
118000029,1070,933,137
118000032,1565,6190,-4625
118000033,3801,5037,-1236
118000034,6159,2701,3458
118000035,1829,2910,-1081
118000036,3227,1372,1855
118000037,1497,1214,283
118000038,103,125,-22
118000039,182,611,-429
118000040,2246,2670,-424
118000041,3534,2118,1416
118000045,1159,140,1019
118000046,4067,676,3391
118000047,6248,770,5478
118000048,9004,1764,7240
118000051,4361,784,3577
118000052,3841,392,3449
118000053,2832,866,1966
118000054,3487,4100,-613
118000055,2656,4473,-1817
118000056,372,317,55
118000057,289,847,-558
118000058,8792,1393,7399
118000059,7112,826,6286
118000060,1981,837,1144
118000061,1082,2003,-921
118000062,652,591,61
118000063,641,463,178
118000064,1830,1520,310
118000065,7855,3419,4436
118000066,1656,1895,-239
118000067,2003,932,1071
118000068,3781,5255,-1474
118000069,6101,1702,4399
118000070,10932,2631,8301
118000071,5155,10965,-5810
118000072,5437,1119,4318
118000073,5111,611,4500
118000074,934,914,20
118000075,1063,312,751
118000076,3267,1774,1493
118000077,2328,1736,592
118000078,3711,2374,1337
118000079,472,533,-61
118000080,2248,1106,1142
118000081,3539,1228,2311
118000082,541,1312,-771
118000083,3037,1805,1232
118000084,4314,2262,2052
118000086,576,768,-192
118000087,9289,3181,6108
118000088,3411,3057,354
118000089,5009,3042,1967
118000090,3115,4134,-1019
118000091,2266,4378,-2112
118000092,1838,753,1085
118000093,185,1042,-857
118000096,1037,872,165
118000097,1356,1069,287
118000098,350,239,111
118000099,448,1064,-616
118000101,947,546,401
118000102,417,2148,-1731
118000107,4556,628,3928
118000108,1006,3314,-2308
118000110,0,25,-25
118000111,3,774,-771
118000112,475,3,472
118000113,6,1427,-1421
118000114,314,24,290
118000115,15,37,-22
118000116,75,2,73
118000117,2877,1036,1841
118000118,2847,783,2064
118000119,1555,1362,193
118000120,2309,1491,818
118000121,140,731,-591
118000122,2278,268,2010
118000123,84,340,-256
118000125,3532,1388,2144
118000126,2434,2066,368
118000127,3762,1033,2729
118000128,1507,1660,-153
118000129,2702,596,2106
118000130,4269,6516,-2247
118000131,1618,1567,51
118000132,2921,2297,624
118000133,3006,764,2242
118000135,1070,462,608
118000136,202,871,-669
118000137,2442,132,2310
118000138,380,1123,-743
118000139,514,134,380
118000140,2973,5186,-2213
118000141,2225,2884,-659
118000142,1869,2766,-897
118000143,1786,1577,209
118000144,2046,1372,674
118000145,1806,3249,-1443
118000146,1125,1317,-192
118000147,1048,2366,-1318
118000148,600,2283,-1683
118000149,877,1689,-812
118000150,294,521,-227
118000151,272,599,-327
118000153,1166,1804,-638
118000154,1205,2398,-1193
118000155,1047,1919,-872
118000156,3834,3209,625
118000157,686,577,109
118000158,170,574,-404
118000159,47,130,-83
118000160,446,560,-114
118000161,442,910,-468
118000162,1079,1125,-46
118000163,741,1084,-343
118000164,3626,1917,1709
118000168,2182,532,1650
118000169,1498,2307,-809
118000170,5106,8869,-3763
118000171,420,882,-462
118000172,103,554,-451
118000173,1255,1412,-157
118000175,265,420,-155
118000176,183,501,-318
118000177,197,611,-414
118000178,234,55,179
118000179,1899,1186,713
118000180,976,1064,-88
118000181,1187,375,812
118000182,359,330,29
118000183,260,414,-154
118000184,635,1569,-934
118000185,881,1028,-147
118000186,627,818,-191
118000187,1179,821,358
118000188,1019,307,712
118000189,509,1280,-771
118000190,19,12,7
118000191,13,53,-40
118000192,474,376,98
118000193,542,577,-35
118000194,4298,1852,2446
118000195,2290,878,1412
118000196,1431,159,1272
118000197,644,84,560
118000198,1000,603,397
118000199,2564,549,2015
118000200,71,232,-161
118000201,1256,558,698
118000202,126,56,70
118000203,2950,462,2488
118000204,421,497,-76
118000205,443,544,-101
118000206,303,244,59
118000207,0,132,-132
118000208,1414,2056,-642
118000209,1883,2690,-807
118000210,56,53,3
118000211,12,44,-32
118000213,2767,1114,1653
118000214,1084,1072,12
118000215,290,728,-438
118000216,1859,7246,-5387
118000217,31,172,-141
118000218,70,162,-92
118000219,906,838,68
118000220,1,44,-43
118000221,114,316,-202
118000222,85,19,66
118000223,26,53,-27
118000224,488,134,354
118000225,160,1267,-1107
118000226,2675,193,2482
118000227,1347,503,844
118000228,167,157,10
118000229,660,69,591
118000230,171,317,-146
118000231,127,265,-138
118000232,831,1261,-430
118000233,863,1107,-244
118000234,451,387,64
118000236,460,417,43
118000237,99,807,-708
118000238,191,343,-152
118000239,255,450,-195
118000240,609,145,464
118000241,180,456,-276
118000242,371,969,-598
118000243,176,287,-111
118000244,31,150,-119
118000246,0,9,-9
118000255,97,392,-295
118000256,163,414,-251
118000259,6,80,-74
118000260,267,172,95
118000261,20,108,-88
118000263,133,288,-155
118000266,109,569,-460
118000267,0,95,-95
118000268,1347,4,1343
118000270,77,57,20
118000271,215,522,-307
118000272,152,49,103
118000273,61,130,-69
118000274,129,408,-279
118000276,302,359,-57
118000295,8,100,-92
118000298,100,540,-440
118000299,84,256,-172
118000301,0,91,-91
118000302,103,117,-14
118000311,338,149,189
118000312,250,294,-44
118000313,26,194,-168
118000314,46,85,-39
118000315,23,107,-84
118000316,769,861,-92
118000325,22,55,-33
118000326,27,41,-14
118000331,17,58,-41
118000332,6,42,-36
118000333,54,79,-25
118000335,220,1,219
118000336,1,434,-433
118000407,127,95,32
118000457,9,55,-46
118000465,3857,5852,-1995
118000480,30,233,-203
118000489,186,538,-352
118000490,155,802,-647
118000492,205,294,-89
118000510,103,20,83
118000514,288,438,-150
118000515,1293,935,358
118000517,545,438,107
118000524,1195,282,913
118000525,1067,1017,50
118000530,14,115,-101
118000531,191,344,-153
118000532,205,324,-119
118000533,593,144,449
118000534,937,486,451
118000535,296,159,137
118000536,878,1656,-778
118000537,102,131,-29
118000538,52,173,-121
118000539,5,143,-138
118000540,517,216,301
118000541,421,80,341
118000542,253,165,88
118000543,484,207,277
118000546,18,18,0
118000553,0,0,0
118000557,0,11,-11
118000560,4045,1828,2217
118000562,25,684,-659
118000563,3451,2065,1386
118000576,202,308,-106
118000577,313,200,113
118000578,318,209,109
118000579,1080,1669,-589
118000583,0,0,0
118000595,184,95,89
118000596,1,90,-89
118000597,154,197,-43
118000598,0,0,0
118000599,29,102,-73
118000600,1,6,-5
118000601,9,0,9
118000602,0,19,-19
118000603,0,86,-86
118000605,40,708,-668
118900001,1517,1615,-98
118900002,1370,1004,366
118900003,238,24,214
118900004,23,50,-27
118900005,118,1,117
118900006,117,6,111
118900007,13,3,10
118900008,1406,34,1372
118900009,31,25,6
118900010,32,5,27
118900011,200,29,171
118900012,393,230,163
118900013,900,107,793
118900015,133,58,75
118900016,10,14,-4
118900017,241,248,-7
118900018,1511,25,1486
118900019,33,13,20
118900020,247,133,114
118900021,221,446,-225
118900022,94,108,-14
118900023,282,151,131
118900024,77,286,-209
118900025,87,32,55
118900026,27,67,-40
118900027,648,409,239
118900028,149,229,-80
118900029,340,676,-336
118900030,247,152,95
118900031,121,149,-28
118900032,315,239,76
118900033,1333,870,463
118900034,247,17,230
118900035,153,312,-159
118900036,951,989,-38
118900037,661,348,313
118900038,373,401,-28
118900039,416,327,89
118900040,191,230,-39
118900041,570,259,311
118900042,162,146,16
118900045,270,228,42
118900046,1009,349,660
118900047,1121,319,802
118900048,1088,219,869
118900049,90,61,29
118900050,17,108,-91
118900051,223,105,118
118900052,519,252,267
118900053,41,116,-75
118900054,139,147,-8
118900055,54,141,-87
118900056,164,380,-216
118900057,665,465,200
118900058,816,503,313
118900059,20,127,-107
118900060,75,288,-213
118900062,184,357,-173
118900064,702,917,-215
118900065,46,337,-291
118900066,106,123,-17
118900067,7234,3929,3305
118900068,11,1009,-998
118900069,386,453,-67
118900071,5,93,-88
118900072,474,547,-73
118900073,64,165,-101
118900074,108,260,-152
118900075,38,105,-67
118900076,522,54,468
118900077,170,210,-40
118900078,30,8,22
118900079,64,260,-196
118900080,15,109,-94
118900081,78,26,52
118900082,722,212,510
118900083,16,14,2
118900084,24,16,8
118900085,670,1266,-596
118900086,24,78,-54
118900087,20,224,-204
118900088,0,13,-13
118900089,101,14,87
118900090,377,647,-270
118900091,198,251,-53
118900092,109,95,14
118900093,238,18,220
118900096,106,128,-22
118900097,189,985,-796
118900099,38,405,-367
118900100,161,333,-172
118900101,82,652,-570
118900102,67,98,-31
118900103,26,124,-98
118900104,106,231,-125
118900105,182,102,80
118900107,181,126,55
118900108,121,153,-32
118900110,2078,886,1192
118900111,414,729,-315
118900112,111,136,-25
118900113,176,867,-691
118900114,30,113,-83
118900115,53,426,-373
118900116,115,175,-60
118900117,101,183,-82
118900118,236,676,-440
118900119,105,313,-208
118900120,111,335,-224
118900121,22,326,-304
118900122,8,953,-945
118900123,154,277,-123
118900124,92,282,-190
118900126,37,375,-338
118900129,359,163,196
118900130,110,170,-60
118900131,118,376,-258
118900132,724,231,493
118900133,37,68,-31
118900135,174,260,-86
118900136,220,794,-574
118900137,6,14,-8
118900139,201,855,-654
118900140,449,878,-429
118900141,36,297,-261
118900144,267,645,-378
118900145,15,248,-233
118900146,296,1079,-783
118900147,588,169,419
118900148,59,92,-33
118900150,192,746,-554
118900152,460,1158,-698
118900157,235,262,-27
118900158,53,123,-70
118900159,2,219,-217
118900161,229,8,221
118900163,286,79,207
118900164,7,125,-118
118900165,38,348,-310
118900166,14,0,14
118900167,108,201,-93
118900168,6,69,-63
118900169,104,632,-528
118900170,132,117,15
118900171,9,31,-22
118900174,54,97,-43
118900175,340,484,-144
118900176,106,290,-184
118900177,45,62,-17
118900178,63,139,-76
118900179,1,59,-58
118900181,89,173,-84
118900182,93,55,38
118900183,34,90,-56
118900184,191,69,122
118900185,75,168,-93
118900186,63,133,-70
118900187,250,369,-119
118900188,306,328,-22
118900189,15,756,-741
118900190,18,802,-784
118900191,206,62,144
118900192,256,50,206
118900193,348,14,334
118900195,429,1374,-945
118900196,13,263,-250
118900197,141,101,40
118900198,11,47,-36
118900199,40,70,-30
118900200,32,16,16
118900201,50,28,22
118900202,14,86,-72
118900203,5,21,-16
118900204,8,25,-17
118900205,7,11,-4
118900206,4,7,-3
119000001,1458,1601,-143
119000002,2855,3201,-346
119000003,1822,2049,-227
119000004,3145,2121,1024
119000005,4054,3063,991
119000006,2486,2293,193
119000007,4406,4341,65
119000008,2663,2643,20
119000009,4238,4462,-224
119000010,10164,4797,5367
119000011,6796,3101,3695
119000012,4886,4150,736
119000013,2295,1742,553
119000014,3468,4712,-1244
119000019,325,269,56
119000020,2251,1943,308
119000021,3682,2978,704
119000022,4428,3698,730
119000023,516,294,222
119000024,3159,10650,-7491
119000025,18376,1665,16711
119000026,338,332,6
119000027,707,597,110
119000028,2984,2089,895
119000029,147,300,-153
119000030,611,1746,-1135
119000031,979,816,163
119000032,2341,2976,-635
119000033,2593,2866,-273
119000034,1165,1317,-152
119000035,21,504,-483
119000036,1357,1546,-189
119000037,1084,2811,-1727
119000038,156,1501,-1345
119000039,296,398,-102
119000040,1898,736,1162
119000041,1618,1880,-262
119000048,4374,4915,-541
119000049,2303,4360,-2057
119000050,2360,3936,-1576
119000051,2592,1305,1287
119000052,2743,4551,-1808
119000053,1976,1364,612
119000054,2905,5781,-2876
119000055,3239,4318,-1079
119000056,1837,2640,-803
119000057,1381,3584,-2203
119000058,2062,3155,-1093
119000059,1372,2438,-1066
119000060,1470,1208,262
119000061,1115,1092,23
119000062,1275,1663,-388
119000063,464,579,-115
119000064,2486,2485,1
119000065,2213,3962,-1749
119000066,2263,1385,878
119000067,2267,3524,-1257
119000068,1543,1361,182
119000069,1548,3774,-2226
119000070,1942,1535,407
119000071,519,1262,-743
119000072,9885,4631,5254
119000073,5993,6901,-908
119000074,1289,5239,-3950
119000075,1361,3452,-2091
119000076,422,1010,-588
119000077,907,629,278
119000078,368,295,73
119000079,105,867,-762
119000080,327,385,-58
119000081,351,379,-28
119000082,937,330,607
119000083,558,418,140
119000084,350,621,-271
119000085,733,415,318
119000086,211,534,-323
119000087,2151,1195,956
119000088,246,286,-40
119000089,82,250,-168
119000090,136,235,-99
119000091,153,382,-229
119000092,616,327,289
119000093,5588,5090,498
119000094,2755,10177,-7422
119000095,1472,4168,-2696
119000097,4074,2303,1771
119000098,850,2346,-1496
119000099,2647,3041,-394
119000100,3274,2727,547
119000101,3401,1944,1457
119000102,863,940,-77
119000103,1708,528,1180
119000104,4058,1983,2075
119000105,904,1562,-658
119000106,307,2608,-2301
119000107,602,635,-33
119000108,391,1720,-1329
119000109,141,308,-167
119000110,699,285,414
119000111,76,552,-476
119000112,291,96,195
119000113,2832,328,2504
119000114,865,1043,-178
119000115,134,351,-217
119000116,201,131,70
119000117,132,427,-295
119000118,1,4,-3
119000123,7228,658,6570
119000124,601,297,304
119000125,2410,1465,945
119000126,782,1212,-430
119000127,523,1114,-591
119000128,23,4,19
119000131,958,1159,-201
119000132,5,9,-4
119000133,11,9,2
119000134,4813,828,3985
119000135,137,189,-52
119000136,186,309,-123
119000137,134,654,-520
119000138,280,536,-256
119000139,195,404,-209
119000140,160,359,-199
119000284,1451,4145,-2694
119000285,3260,3002,258
119000286,8129,7359,770
119000287,1664,3186,-1522
119000288,2929,2089,840
119000289,4573,5368,-795
119000290,206,895,-689
119000291,7,509,-502
119000293,94,258,-164
119000294,44,40,4
119000295,3741,812,2929
119000296,134,153,-19
119000302,5097,1861,3236
119000303,58,225,-167
119000304,0,0,0
119000310,0,0,0
119000314,1576,8690,-7114
119000315,3,775,-772
119000316,96,178,-82
119000317,59,542,-483
119900001,194,1247,-1053
119900002,210,383,-173
119900003,61,1456,-1395
119900004,420,623,-203
119900005,207,182,25
119900006,187,404,-217
119900007,695,102,593
119900008,23,25,-2
119900009,659,657,2
119900010,1328,1094,234
119900011,18,59,-41
119900012,23,72,-49
119900013,1594,685,909
119900014,859,195,664
119900015,92,26,66
119900016,35,164,-129
119900017,23,40,-17
119900018,2226,527,1699
119900019,33,5,28
119900020,92,167,-75
119900021,124,47,77
119900022,154,271,-117
119900023,1424,1033,391
119900025,105,35,70
119900026,1288,128,1160
119900027,10,25,-15
119900028,173,87,86
119900029,1,5,-4
119900030,425,535,-110
119900031,29,263,-234
119900033,1899,219,1680
119900034,225,159,66
119900037,170,52,118
119900038,57,245,-188
119900039,47,8,39
119900040,94,11,83
119900041,73,28,45
119900042,62,205,-143
119900043,65,213,-148
119900044,274,586,-312
119900046,62,48,14
119900047,245,46,199
119900048,100,61,39
119900049,68,9,59
119900050,86,78,8
119900051,590,8,582
119900052,23,44,-21
119900053,109,318,-209
119900054,120,8,112
119900055,1011,435,576
119900057,106,74,32
119900058,208,2,206
119900059,295,49,246
119900060,184,11,173
119900061,143,2,141
119900062,23,25,-2
119900063,7,51,-44
119900065,180,5,175
119900066,0,0,0
119900067,67,27,40
119900068,336,5,331
119900069,87,9,78
119900070,608,10,598
119900071,405,11,394
119900073,2347,607,1740
119900074,79,16,63
119900075,7700,2524,5176
119900076,372,550,-178
119900077,626,1625,-999
119900078,401,1187,-786
119900079,954,359,595
119900080,349,456,-107
119900081,312,133,179
119900082,1000,344,656
119900083,375,99,276
119900084,1024,237,787
119900085,241,124,117
119900086,415,1351,-936
119900087,1177,313,864
119900088,38,81,-43
119900089,17,723,-706
119900090,230,86,144
119900091,67,1628,-1561
119900092,19,516,-497
119900093,1073,177,896
119900094,49,262,-213
119900095,209,93,116
119900096,30,112,-82
119900097,778,236,542
119900098,48,78,-30
119900099,37,310,-273
119900100,3457,2599,858
119900101,177,1196,-1019
119900102,34,456,-422
119900103,42,720,-678
119900104,21,308,-287
119900105,976,1137,-161
119900106,33,266,-233
119900107,511,5458,-4947
119900108,2588,917,1671
119900109,45,495,-450
119900110,466,1299,-833
119900111,44,431,-387
119900112,4408,693,3715
119900113,141,511,-370
119900114,194,2506,-2312
119900115,157,1713,-1556
119900116,90,455,-365
119900117,203,1241,-1038
119900118,50,1514,-1464
119900119,213,358,-145
119900120,677,857,-180
119900121,218,1993,-1775
119900122,623,507,116
119900123,206,392,-186
119900124,170,1494,-1324
119900125,42,569,-527
119900126,7541,447,7094
119900127,3115,1492,1623
119900128,309,1095,-786
119900129,178,1245,-1067
119900130,30,514,-484
119900131,24,419,-395
119900132,3,549,-546
119900133,13,50,-37
119900134,3149,356,2793
119900135,3,773,-770
119900136,197,758,-561
119900138,403,956,-553
119900139,11,109,-98
119900140,4,205,-201
119900141,171,797,-626
119900142,7,16,-9
119900143,6,218,-212
119900144,3758,412,3346
119900145,111,261,-150
119900146,150,190,-40
119900147,3,166,-163
119900148,160,75,85
119900149,2902,3116,-214
119900150,234,219,15
119900151,2946,1074,1872
119900152,85,705,-620
119900153,94,67,27
119900154,8,727,-719
119900155,32,34,-2
119900156,12,4,8
119900157,79,387,-308
119900158,135,92,43
119900159,1,2417,-2416
119900160,28,211,-183
119900161,229,408,-179
119900162,759,1020,-261
119900163,175,161,14
119900164,0,1,-1
119900165,110,441,-331
119900166,42,44,-2
119900167,165,129,36
119900168,650,431,219
119900169,110,514,-404
119900170,201,213,-12
119900171,653,658,-5
119900172,120,14,106
119900173,5,765,-760
119900174,1,252,-251
119900175,758,826,-68
119900177,35,326,-291
119900178,11,231,-220
119900179,71,290,-219
119900180,942,800,142
119900181,62,101,-39
119900182,4,660,-656
119900183,146,1295,-1149
119900184,3887,693,3194
119900185,39,136,-97
119900186,134,701,-567
119900187,6,735,-729
119900188,39,371,-332
119900189,408,258,150
119900190,70,176,-106
119900191,335,105,230
119900192,22,300,-278
119900193,237,277,-40
119900194,19,65,-46
119900195,21,257,-236
119900196,1681,419,1262
119900197,186,110,76
119900198,107,503,-396
119900199,155,26,129
119900200,466,696,-230
119900201,419,194,225
119900202,165,165,0
119900203,152,402,-250
119900204,212,347,-135
119900205,513,1025,-512
119900206,106,260,-154
119900208,180,179,1
119900209,468,941,-473
119900210,26,53,-27
119900211,77,22,55
119900212,179,511,-332
119900213,7,47,-40
119900214,20,122,-102
119900215,49,124,-75
119900216,7,89,-82
119900217,14,96,-82
119900218,17,70,-53
119900219,2,186,-184
119900220,5,158,-153
119900221,21,585,-564
119900222,11,418,-407
119900223,16,176,-160
119900224,6,42,-36
119900225,1787,69,1718
119900226,1028,1782,-754
119900227,1369,500,869
119900228,17,265,-248
119900229,347,766,-419
119900230,1937,789,1148
119900231,158,355,-197
119900232,169,93,76
119900233,24,6,18
119900234,49,53,-4
119900235,86,37,49
119900236,11,285,-274
119900237,20,591,-571
119900238,1,132,-131
119900240,81,180,-99
119900241,201,290,-89
119900242,2187,3088,-901
119900244,1059,1602,-543
119900245,116,179,-63
119900246,260,360,-100
119900247,22,75,-53
119900248,74,84,-10
119900249,141,95,46
119900253,5736,456,5280
119900254,71,509,-438
119900255,81,587,-506
119900256,348,1436,-1088
119900257,46,1,45
119900258,40,16,24
119900259,7,194,-187
119900260,56,6,50
119900261,154,295,-141
119900262,2,411,-409
119900263,1388,431,957
119900264,48,318,-270
119900265,215,431,-216
119900266,194,390,-196
119900267,248,514,-266
119900268,79,341,-262
119900269,646,1608,-962
119900271,20,91,-71
119900272,259,70,189
119900275,101,2,99
119900276,36,2,34
119900277,9,8,1
119900278,334,87,247
119900279,166,322,-156
119900280,1431,245,1186
119900281,0,177,-177
119900282,69,34,35
119900283,6,460,-454
119900284,80,280,-200
119900285,15,48,-33
119900286,0,16,-16
119900288,2,52,-50
119900289,0,29,-29
119900290,1,38,-37
119900291,0,61,-61
119900292,23,26,-3
119900293,10,69,-59
119900294,11,82,-71
119900295,25,75,-50
119900296,41,242,-201
119900297,1,14,-13
119900298,4,4,0
119900299,38,273,-235
119900300,154,229,-75
119900301,226,14,212
119900302,95,61,34
119900303,166,306,-140
119900304,89,44,45
119900305,18,101,-83
119900306,20,3,17
119900307,19,141,-122
119900308,5,29,-24
119900309,22,90,-68
119900310,361,439,-78
119900311,51,239,-188
119900312,119,97,22
119900313,216,491,-275
119900314,125,263,-138
119900315,808,3164,-2356
119900318,15,21,-6
119900319,12,499,-487
119900320,105,906,-801
119900321,43,4,39
120000001,12199,16721,-4522
120000002,2659,4510,-1851
120000003,3885,2348,1537
120000004,3115,3042,73
120000005,5966,2661,3305
120000006,1868,1723,145
120000007,4747,3354,1393
120000008,1199,1846,-647
120000009,6114,1329,4785
120000010,1727,3989,-2262
120000011,1236,2920,-1684
120000012,1708,3922,-2214
120000013,2430,3452,-1022
120000014,783,2255,-1472
120000015,3049,2178,871
120000016,4118,4242,-124
120000017,2868,3335,-467
120000018,6508,12076,-5568
120000019,1064,1784,-720
120000020,3786,3825,-39
120000021,2516,2841,-325
120000022,3225,4708,-1483
120000023,935,2329,-1394
120000024,1690,2831,-1141
120000025,2383,3057,-674
120000026,1273,2591,-1318
120000027,1571,2433,-862
120000028,1265,697,568
120000029,4870,722,4148
120000030,154,1322,-1168
120000031,2111,11007,-8896
120000032,13219,4511,8708
120000033,4629,2613,2016
120000034,2035,3341,-1306
120000035,2103,3947,-1844
120000036,3254,6480,-3226
120000037,827,1807,-980
120000038,13209,3946,9263
120000039,561,924,-363
120000040,86,133,-47
120000041,1398,2219,-821
120000042,1639,4252,-2613
120000043,5468,3731,1737
120000044,4452,1799,2653
120000045,4477,1275,3202
120000046,2175,2433,-258
120000047,2645,4534,-1889
120000048,10700,5005,5695
120000049,6789,3795,2994
120000050,6522,7198,-676
120000051,4216,7043,-2827
120000052,19366,3811,15555
120000053,1163,5323,-4160
120000054,1349,8258,-6909
120000055,1634,7361,-5727
120000056,3421,5721,-2300
120000057,2301,694,1607
120000058,2198,323,1875
120000059,37,1260,-1223
120000061,187,797,-610
120000062,220,468,-248
120000063,2682,3600,-918
120000064,233,1863,-1630
120000065,526,2290,-1764
120000066,195,568,-373
120000067,60,643,-583
120000068,183,1379,-1196
120000069,718,2034,-1316
120000070,64,1324,-1260
120000071,376,322,54
120000072,477,780,-303
120000073,589,133,456
120000074,113,100,13
120000075,524,312,212
120000076,1421,492,929
120000077,1307,800,507
120000078,4135,1167,2968
120000079,351,745,-394
120000080,158,373,-215
120000081,234,279,-45
120000082,207,337,-130
120000083,229,599,-370
120000084,484,654,-170
120000085,371,461,-90
120000086,428,831,-403
120000087,217,1487,-1270
120000088,673,1797,-1124
120000089,924,807,117
120000090,576,707,-131
120000091,660,1384,-724
120000092,1050,751,299
120000093,337,630,-293
120000094,151,709,-558
120000095,1023,828,195
120000096,243,1450,-1207
120000098,797,1460,-663
120000099,352,968,-616
120000100,696,1107,-411
120000101,451,612,-161
120000102,492,877,-385
120000103,1274,736,538
120000104,1522,482,1040
120000105,2707,615,2092
120000106,1809,591,1218
120000107,2912,656,2256
120000108,889,140,749
120000109,1062,74,988
120000110,109,1419,-1310
120000111,146,1858,-1712
120000112,935,5216,-4281
120000113,662,4072,-3410
120000114,954,4315,-3361
120000115,351,3648,-3297
120000116,694,2875,-2181
120000117,2191,1896,295
120000118,98,33,65
120000119,44,98,-54
120000120,38,57,-19
120000121,36,91,-55
120000122,455,391,64
120000123,8740,5735,3005
120000124,398,754,-356
120000125,399,1184,-785
120000126,541,1025,-484
120000127,3061,1132,1929
120000128,7494,3114,4380
120000129,375,407,-32
120000130,909,900,9
120000131,314,626,-312
120000134,388,1817,-1429
120000135,272,421,-149
120000137,205,3092,-2887
120000138,613,604,9
120000139,199,1400,-1201
120000140,515,862,-347
120000141,164,648,-484
120000142,274,691,-417
120000143,1,127,-126
120000144,74,2,72
120000145,285,2,283
120000146,4015,1498,2517
120000149,599,1217,-618
120000150,5957,9843,-3886
120000151,464,711,-247
120000152,300,358,-58
120000153,131,1418,-1287
120000154,649,576,73
120000155,86,386,-300
120000156,2595,999,1596
120000157,970,715,255
120000158,794,1634,-840
120000159,2132,3126,-994
120000160,2454,1781,673
120000161,2044,4308,-2264
120000162,210,367,-157
120000163,529,1998,-1469
120000164,392,579,-187
120000165,415,1488,-1073
120000166,1145,869,276
120000167,18,31,-13
120000168,1,135,-134
120000169,44,389,-345
120000170,83,187,-104
120000171,10,84,-74
120000172,23,49,-26
120000173,4682,287,4395
120000174,744,11,733
120000175,1759,18,1741
120000176,807,22,785
120000177,2345,181,2164
120000178,149,2,147
120000179,650,13,637
120000180,465,46,419
120000181,104,177,-73
120000182,102,69,33
120000183,24,92,-68
120000184,119,752,-633
120000186,168,94,74
120000187,216,54,162
120000188,1039,95,944
120000190,1945,15,1930
120000191,2282,22,2260
120000192,1412,20,1392
120000193,475,16,459
120000195,84,3,81
120000196,261,67,194
120000197,94,212,-118
120000198,126,165,-39
120000199,76,0,76
120000200,86,3,83
120000201,14,13,1
120000202,0,71,-71
120000203,42,387,-345
120000207,0,72,-72
120000208,17,365,-348
120000209,2,143,-141
120000210,168,110,58
120000211,56,0,56
120000212,89,2,87
120000213,65,444,-379
120000214,4,458,-454
120000215,4,170,-166
120000216,37,8,29
120000217,853,1462,-609
120000218,277,1189,-912
120000219,7,793,-786
120000220,14,2660,-2646
120000225,1002,2,1000
120000226,257,2,255
120000227,670,39,631
120000228,6913,3056,3857
120000230,275,11,264
120000231,1034,3150,-2116
120000233,184,24,160
120000235,144,1045,-901
120000236,725,1,724
120000237,2,3021,-3019
120000238,0,133,-133
120000241,1191,5509,-4318
120000412,2636,26,2610
120000413,321,654,-333
120000414,64,3,61
120000415,0,337,-337
120000416,52,9,43
120000417,4,168,-164
120000418,130,22,108
120000419,10,688,-678
120000420,124,24,100
120000421,17672,7499,10173
120000422,288,888,-600
120000423,0,65,-65
120000424,85,195,-110
120000436,146,572,-426
120000437,212,194,18
120000438,6494,688,5806
120000439,126,379,-253
120000443,181,2,179
120000444,1184,1023,161
120000445,2068,2026,42
120000446,1481,399,1082
120000447,118,4,114
120000449,76,20,56
120000450,3,466,-463
120000451,74,310,-236
120000452,78,3,75
120000453,0,625,-625
120000454,163,51,112
120000455,84,83,1
120000456,3673,4376,-703
120000457,1629,1342,287
120000458,651,871,-220
120000459,74,151,-77
120000665,2507,180,2327
120000668,153,195,-42
120000669,67,538,-471
120000670,382,478,-96
120000671,1233,493,740
120000672,183,612,-429
120900001,61,74,-13
120900002,1046,402,644
120900003,306,49,257
120900004,11,90,-79
120900005,50,2358,-2308
120900006,293,209,84
120900007,97,227,-130
120900008,232,1489,-1257
120900009,769,62,707
120900010,302,64,238
120900011,522,212,310
120900012,1322,1037,285
120900013,219,52,167
120900014,1,972,-971
120900015,331,113,218
120900016,754,65,689
120900017,4749,117,4632
120900018,74,606,-532
120900019,619,167,452
120900020,1076,1037,39
120900021,540,133,407
120900022,133,624,-491
120900023,154,38,116
120900024,1708,420,1288
120900025,2345,1340,1005
120900026,180,241,-61
120900027,1244,61,1183
120900028,270,68,202
120900029,178,349,-171
120900030,1077,673,404
120900031,164,79,85
120900032,636,165,471
120900033,802,40,762
120900034,43,2782,-2739
120900035,44,100,-56
120900037,186,6,180
120900038,41,200,-159
120900039,54,48,6
120900040,183,2,181
120900041,237,55,182
120900042,316,90,226
120900043,48,19,29
120900044,7,664,-657
120900045,127,157,-30
120900046,258,2,256
120900047,112,50,62
120900048,58,8,50
120900049,251,2,249
120900050,4926,1445,3481
120900051,232,103,129
120900052,483,1,482
120900053,171,121,50
120900054,1542,1220,322
120900055,259,0,259
120900056,323,2,321
120900057,130,19,111
120900058,306,0,306
120900059,51,3,48
120900060,93,51,42
120900061,153,698,-545
120900062,121,2,119
120900063,451,7,444
120900064,354,1,353
120900065,279,3,276
120900066,230,298,-68
120900067,223,48,175
120900068,162,0,162
120900069,123,64,59
120900071,22,1,21
120900072,496,2,494
120900073,352,261,91
120900074,440,5,435
120900076,195,0,195
120900077,5547,394,5153
120900078,520,1298,-778
120900079,539,122,417
120900080,362,3015,-2653
120900081,679,1083,-404
120900082,833,334,499
120900083,100,4,96
120900084,254,301,-47
120900085,154,135,19
120900086,143,286,-143
120900087,383,189,194
120900088,193,361,-168
120900089,6175,2066,4109
120900090,109,300,-191
120900091,655,516,139
120900092,1474,1037,437
120900093,5497,377,5120
120900094,583,272,311
120900095,348,27,321
120900096,40,213,-173
120900097,697,1445,-748
120900098,287,221,66
120900099,55,84,-29
120900100,61,509,-448
120900101,702,428,274
120900102,14,294,-280
120900103,51,218,-167
120900104,28,74,-46
120900105,41,1083,-1042
120900106,1623,783,840
120900107,367,141,226
120900108,5,1332,-1327
120900109,47,914,-867
120900110,15,1680,-1665
120900111,141,556,-415
120900112,5,1918,-1913
120900113,24,1217,-1193
120900114,43,285,-242
120900115,158,287,-129
120900116,292,816,-524
120900117,2,848,-846
120900118,11,1241,-1230
120900119,3091,7774,-4683
120900120,49,1008,-959
120900121,95,639,-544
120900122,310,888,-578
120900123,5,660,-655
120900124,5,1038,-1033
120900125,5,1568,-1563
120900126,1555,1223,332
120900127,7,710,-703
120900128,1126,1517,-391
120900129,69,476,-407
120900130,2,352,-350
120900131,16,68,-52
120900132,558,465,93
120900133,228,1719,-1491
120900134,864,550,314
120900135,3,837,-834
120900136,30,62,-32
120900137,215,153,62
120900138,29,269,-240
120900139,5,1017,-1012
120900140,5,82,-77
120900141,181,145,36
120900142,24,1188,-1164
120900143,3,1136,-1133
120900144,0,257,-257
120900145,56,979,-923
120900146,2,1311,-1309
120900147,2,465,-463
120900148,119,242,-123
120900149,1,555,-554
120900150,34,855,-821
120900151,5,1053,-1048
120900152,2,53,-51
120900153,14,73,-59
120900154,2,448,-446
120900155,124,1471,-1347
120900156,76,585,-509
120900157,28,268,-240
120900158,43,679,-636
120900159,108,361,-253
120900160,31,648,-617
120900161,25,581,-556
120900162,32,686,-654
120900163,38,220,-182
120900164,0,3,-3
120900165,32,5,27
120900166,406,155,251
120900167,502,123,379
120900169,75,752,-677
120900170,3614,2122,1492
120900171,1338,545,793
120900172,1917,260,1657
120900173,5,114,-109
120900174,4,156,-152
120900175,239,356,-117
120900176,10,397,-387
120900177,2,850,-848
120900178,0,334,-334
120900179,1024,644,380
120900180,108,97,11
120900181,70,122,-52
120900182,11,1240,-1229
120900183,380,312,68
120900184,142,81,61
120900185,3,415,-412
120900186,4,586,-582
120900187,358,1064,-706
120900188,102,20,82
120900189,175,814,-639
120900190,38,7,31
120900191,2,30,-28
120900192,18693,4577,14116
120900194,44,94,-50
120900195,114,308,-194
120900196,1290,64,1226
120900197,485,94,391
120900198,250,734,-484
120900199,282,306,-24
120900200,100,166,-66
120900201,739,137,602
120900202,0,271,-271
120900203,45,96,-51
120900204,215,376,-161
120900205,74,144,-70
120900206,19,28,-9
120900207,86,1892,-1806
121000001,2014,1510,504
121000002,6563,3564,2999
121000003,5379,2663,2716
121000004,4222,13969,-9747
121000005,3402,3874,-472
121000006,5040,2547,2493
121000007,5356,3464,1892
121000008,13648,5237,8411
121000009,9786,8197,1589
121000010,16046,11040,5006
121000011,10558,18334,-7776
121000012,19571,16729,2842
121000013,6825,11053,-4228
121000014,9411,11910,-2499
121000015,9495,9802,-307
121000016,7286,7907,-621
121000017,2648,4863,-2215
121000018,2403,2270,133
121000019,22585,12746,9839
121000020,14005,13532,473
121000021,3710,3760,-50
121000022,2216,2388,-172
121000023,4337,3906,431
121000024,3681,5000,-1319
121000025,1046,2138,-1092
121000026,467,221,246
121000027,2084,1406,678
121000028,1084,597,487
121000029,1629,968,661
121000030,879,426,453
121000031,1186,890,296
121000032,267,104,163
121000034,1992,238,1754
121000035,793,102,691
121000036,2504,1246,1258
121000037,1352,701,651
121000038,1284,1041,243
121000039,1089,502,587
121000041,555,546,9
121000042,331,404,-73
121000043,1457,919,538
121000044,3416,1064,2352
121000045,554,405,149
121000046,525,1058,-533
121000047,109,97,12
121000049,2786,761,2025
121000050,469,1538,-1069
121000051,1279,361,918
121000052,391,806,-415
121000053,887,125,762
121000054,59,455,-396
121000055,2257,1478,779
121000056,1256,1424,-168
121000057,304,477,-173
121000058,346,122,224
121000059,3006,1832,1174
121000060,566,1232,-666
121000061,764,207,557
121000062,229,331,-102
121000063,1115,693,422
121000064,1163,1103,60
121000065,937,407,530
121000066,1109,520,589
121000067,1495,284,1211
121000068,892,397,495
121000069,997,405,592
121000070,3149,1355,1794
121000071,1670,1571,99
121000072,2157,846,1311
121000073,3498,896,2602
121000074,182,165,17
121000075,66,65,1
121000076,1819,407,1412
121000077,237,214,23
121000078,139,111,28
121000080,3035,834,2201
121000081,2966,5782,-2816
121000082,226,297,-71
121000083,422,165,257
121000084,337,138,199
121000085,308,572,-264
121000086,154,958,-804
121000087,68,298,-230
121000088,411,840,-429
121000089,550,316,234
121000090,774,415,359
121000091,1879,918,961
121000092,183,88,95
121000093,163,197,-34
121000094,441,843,-402
121000095,405,494,-89
121000096,2456,2975,-519
121000097,1378,2382,-1004
121000098,625,1463,-838
121000099,645,1040,-395
121000100,1026,672,354
121000101,268,276,-8
121000102,241,361,-120
121000103,146,284,-138
121000104,292,214,78
121000105,324,288,36
121000106,185,433,-248
121000107,3768,4688,-920
121000109,2097,1455,642
121000110,452,1057,-605
121000114,4116,2594,1522
121000115,1353,959,394
121000116,546,1232,-686
121000117,1009,394,615
121000118,1582,399,1183
121000119,434,448,-14
121000120,323,546,-223
121000121,575,1058,-483
121000123,1614,632,982
121000127,367,148,219
121000128,928,562,366
121000129,697,464,233
121000130,490,1219,-729
121000131,2425,1812,613
121000132,1385,1491,-106
121000135,317,276,41
121000136,1386,579,807
121000137,363,195,168
121000138,1233,1045,188
121000139,687,77,610
121000141,458,111,347
121000142,1038,657,381
121000143,112,27,85
121000144,1009,1912,-903
121000145,717,1402,-685
121000146,1918,1108,810
121000147,1237,693,544
121000148,1239,1187,52
121000149,3966,1629,2337
121000152,776,1106,-330
121000153,2297,1215,1082
121000154,1033,1868,-835
121000155,1927,1758,169
121000156,441,1571,-1130
121000157,1552,3612,-2060
121000158,436,1290,-854
121000159,241,925,-684
121000160,385,873,-488
121000161,242,400,-158
121000162,65,270,-205
121000165,2164,1967,197
121000166,27,1219,-1192
121000168,711,417,294
121000169,80,175,-95
121000170,397,502,-105
121000171,38,186,-148
121000172,825,617,208
121000173,1311,1218,93
121000174,323,432,-109
121000175,1202,466,736
121000176,536,266,270
121000177,2151,797,1354
121000178,207,42,165
121000179,195,41,154
121000181,445,674,-229
121000182,78,172,-94
121000183,55,77,-22
121000184,131,53,78
121000185,66,164,-98
121000186,238,248,-10
121000187,206,289,-83
121000188,225,299,-74
121000192,915,555,360
121000193,852,580,272
121000194,3561,2793,768
121000195,893,1145,-252
121000196,2263,356,1907
121000197,601,924,-323
121000198,852,127,725
121000199,242,553,-311
121000200,812,89,723
121000201,17,227,-210
121000202,3563,143,3420
121000203,976,2460,-1484
121000204,2886,688,2198
121000205,484,395,89
121000206,293,51,242
121000207,2062,484,1578
121000208,42,426,-384
121000209,403,554,-151
121000210,375,699,-324
121000211,341,187,154
121000212,306,1152,-846
121000213,11095,4176,6919
121000214,856,5133,-4277
121000215,1927,1059,868
121000216,1097,1302,-205
121000217,9987,5568,4419
121000218,1108,2683,-1575
121000219,4325,670,3655
121000220,603,48,555
121000221,203,507,-304
121000222,4220,3243,977
121000223,1401,366,1035
121000224,826,203,623
121000225,5054,1487,3567
121000226,13977,1459,12518
121000227,13,374,-361
121000228,28,907,-879
121000229,422,548,-126
121000230,77,2319,-2242
121000231,1030,39,991
121000232,529,429,100
121000233,920,403,517
121000234,31,57,-26
121000235,78,76,2
121000236,14,81,-67
121000237,61,12,49
121000238,12,108,-96
121000239,57,5,52
121000240,14,482,-468
121000241,97,13,84
121000242,58,292,-234
121000243,500,128,372
121000244,22,72,-50
121000245,62,26,36
121000246,0,115,-115
121000247,116,5,111
121000248,1397,765,632
121000249,230,347,-117
121000250,1047,157,890
121000251,12,749,-737
121000252,181,104,77
121000253,905,697,208
121000254,1498,399,1099
121000255,402,194,208
121000256,822,142,680
121000257,146,70,76
121000258,495,44,451
121000259,183,42,141
121000260,374,239,135
121000261,448,69,379
121000262,1334,1540,-206
121000263,387,463,-76
121000271,364,2224,-1860
121000273,442,9,433
121000274,79,65,14
121000275,25,32,-7
121000276,9,24,-15
121000278,237,103,134
121000279,74,11,63
121000280,245,71,174
121000289,224,34,190
121000290,1925,853,1072
121000294,85,144,-59
121000297,1592,1750,-158
121000299,909,306,603
121000300,712,586,126
121000302,135,1236,-1101
121000303,679,547,132
121000304,532,80,452
121000305,188,53,135
121000306,231,138,93
121000308,257,739,-482
121000309,715,818,-103
121000310,246,464,-218
121000311,90,1062,-972
121000312,408,316,92
121000313,513,845,-332
121000314,243,174,69
121000315,88,157,-69
121000530,1519,1847,-328
121000531,1355,1938,-583
121000532,6913,6748,165
121000533,2998,3732,-734
121000918,154,214,-60
121000919,83,96,-13
121000938,575,367,208
121000939,790,348,442
121000956,938,1934,-996
121000957,20,6,14
121000958,733,64,669
121000959,782,1026,-244
121000960,2753,2135,618
121000961,249,158,91
121000962,410,2089,-1679
121000963,0,0,0
121000973,0,196,-196
121000976,26,211,-185
121000979,320,100,220
121000981,467,304,163
121000982,398,348,50
121000983,673,506,167
121000984,134,47,87
121000985,604,1191,-587
121000986,448,587,-139
121000987,364,1931,-1567
121000988,1125,206,919
121001302,514,162,352
121001308,38,13,25
121001309,217,56,161
121001313,288,378,-90
121001314,3976,4914,-938
121001315,5617,3462,2155
121001326,49,40,9
121900001,114,169,-55
121900002,220,38,182
121900003,443,14,429
121900004,381,379,2
121900005,35,2,33
121900006,90,19,71
121900007,2290,3151,-861
121900008,1094,103,991
121900009,574,10,564
121900010,298,2,296
121900011,239,366,-127
121900012,65,1,64
121900013,1918,77,1841
121900014,1804,480,1324
121900015,191,200,-9
121900016,19,42,-23
121900017,567,617,-50
121900018,328,7,321
121900019,392,279,113
121900020,89,5,84
121900021,1589,16,1573
121900022,229,298,-69
121900023,72,285,-213
121900024,425,72,353
121900025,638,447,191
121900026,487,46,441
121900027,309,87,222
121900028,331,20,311
121900029,271,120,151
121900030,913,1153,-240
121900031,1802,11649,-9847
121900032,85,77,8
121900033,172,165,7
121900034,1027,76,951
121900035,2564,2914,-350
121900036,116,404,-288
121900037,152,628,-476
121900038,30,195,-165
121900039,556,55,501
121900040,51,70,-19
121900041,44,166,-122
121900042,347,136,211
121900043,7,5,2
121900044,212,91,121
121900046,225,180,45
121900047,247,54,193
121900048,62,156,-94
121900050,30,36,-6
121900051,142,190,-48
121900052,125,48,77
121900053,387,584,-197
121900054,979,886,93
121900055,0,12,-12
121900058,464,262,202
121900059,460,218,242
121900060,107,335,-228
121900061,237,112,125
121900062,122,118,4
121900063,1481,260,1221
121900064,213,809,-596
121900066,34,22,12
121900067,30,36,-6
121900069,203,179,24
121900070,471,109,362
121900071,204,261,-57
121900072,31,189,-158
121900073,239,191,48
121900074,605,1194,-589
121900075,1730,381,1349
121900076,1316,576,740
121900077,16,59,-43
121900078,69,23,46
121900079,1,0,1
121900080,858,388,470
121900082,36,123,-87
121900084,9,241,-232
121900085,1,10,-9
121900086,12,23,-11
121900087,212,99,113
121900088,2089,3856,-1767
121900089,209,442,-233
121900090,17,124,-107
121900091,29,135,-106
121900092,46,71,-25
121900093,112,91,21
121900094,20,14,6
121900095,212,136,76
121900096,1991,609,1382
121900097,674,133,541
121900098,4,11,-7
121900099,223,49,174
121900100,170,309,-139
121900101,218,131,87
121900102,12,125,-113
121900103,845,182,663
121900104,1755,535,1220
121900105,273,176,97
121900106,3,4,-1
121900107,32,16,16
121900108,0,2,-2
121900109,638,217,421
121900110,361,1384,-1023
121900111,965,102,863
121900112,151,114,37
121900113,148,832,-684
121900117,263,31,232
121900118,3011,676,2335
121900119,194,156,38
121900120,43,2328,-2285
121900121,830,80,750
121900122,43,52,-9
121900123,215,754,-539
121900124,77,208,-131
121900125,741,1472,-731
121900127,17,67,-50
121900128,91,89,2
121900129,798,184,614
121900130,193,226,-33
121900131,465,113,352
121900132,43,95,-52
121900133,107,421,-314
121900134,44,86,-42
121900135,2362,241,2121
121900136,339,623,-284
121900137,44,427,-383
121900138,165,236,-71
121900139,549,592,-43
121900140,69,200,-131
121900141,70,17,53
121900142,142,118,24
121900143,7,191,-184
121900144,196,273,-77
121900145,155,215,-60
121900146,931,846,85
121900147,54,197,-143
121900148,189,283,-94
121900149,639,886,-247
121900150,81,201,-120
121900151,82,233,-151
121900152,168,153,15
121900153,96,596,-500
121900154,15,190,-175
121900155,3,59,-56
121900156,183,68,115
121900157,4,506,-502
121900158,44,76,-32
121900159,2,312,-310
121900160,82,278,-196
121900161,595,359,236
121900162,150,130,20
121900163,267,734,-467
121900164,458,178,280
121900165,243,156,87
121900166,232,198,34
121900167,164,103,61
121900168,289,157,132
121900169,11,409,-398
121900170,3,313,-310
121900171,506,627,-121
121900172,508,284,224
121900173,1325,289,1036
121900174,21,47,-26
121900175,595,138,457
121900176,675,2034,-1359
121900177,166,79,87
121900178,66,98,-32
121900179,500,111,389
121900180,6309,4196,2113
121900182,1648,285,1363
121900183,539,904,-365
121900184,52,583,-531
121900186,4,274,-270
121900187,36,169,-133
121900188,508,772,-264
121900189,45,78,-33
121900190,331,681,-350
121900191,50,276,-226
121900192,582,826,-244
121900193,55,187,-132
121900194,2,114,-112
121900195,124,69,55
121900196,1327,1767,-440
121900197,341,2309,-1968
121900198,1160,2067,-907
121900199,5,21,-16
121900200,334,250,84
121900201,1260,700,560
121900202,199,575,-376
121900203,199,1365,-1166
121900204,1040,2209,-1169
121900205,19,109,-90
121900206,11,11,0
121900207,244,50,194
121900208,291,262,29
121900209,55,19,36
121900210,2097,1561,536
121900211,367,1217,-850
121900212,165,142,23
121900213,98,130,-32
121900214,9,731,-722
121900215,49,79,-30
121900216,232,120,112
121900217,249,69,180
121900218,315,703,-388
121900220,146,16,130
121900221,323,777,-454
121900222,173,167,6
121900223,283,62,221
121900224,90,73,17
121900225,632,95,537
121900226,320,512,-192
121900227,172,550,-378
121900228,302,452,-150
121900230,166,111,55
121900231,445,476,-31
121900232,432,485,-53
121900233,267,232,35
121900234,469,364,105
121900235,497,305,192
121900236,344,185,159
121900237,332,215,117
121900238,226,343,-117
121900239,147,44,103
121900240,186,161,25
121900241,28,41,-13
121900242,31,101,-70
121900245,250,103,147
121900246,2871,567,2304
121900247,174,174,0
121900248,1312,1173,139
121900250,288,285,3
121900251,342,54,288
121900252,612,134,478
121900253,294,1250,-956
121900254,592,275,317
121900255,205,71,134
121900258,3087,2631,456
121900259,323,778,-455
121900260,167,249,-82
121900261,219,857,-638
121900262,455,2056,-1601
121900263,128,543,-415
121900264,2630,2308,322
121900265,339,460,-121
121900266,233,221,12
121900267,90,39,51
121900269,194,578,-384
121900270,25,256,-231
121900271,44,117,-73
121900273,1191,2827,-1636
121900274,317,216,101
121900277,368,1284,-916
121900278,303,860,-557
121900279,101,243,-142
121900280,508,272,236
121900281,595,107,488
121900284,47,10,37
121900286,77,143,-66
121900287,4,12,-8
121900288,6,2,4
121900290,276,250,26
121900291,597,760,-163
121900292,596,201,395
121900293,1197,3759,-2562
121900294,294,2,292
121900295,128,359,-231
121900296,194,42,152
121900298,829,707,122
121900299,0,0,0
121900300,33,1,32
121900301,87,0,87
121900302,0,17,-17
121900303,1047,501,546
121900304,2,13,-11
121900305,1,0,1
121900306,103,0,103
121900307,19,1,18
121900308,16,270,-254
121900309,12,283,-271
121900310,40,460,-420
121900311,291,24,267
121900312,166,9,157
121900313,516,23,493
121900314,3,67,-64
121900315,16,0,16
121900316,1,16,-15
121900317,8,0,8
121900318,4,15,-11
121900319,15,185,-170
121900320,94,195,-101
121900321,18,0,18
121900322,0,32,-32
121900323,29,37,-8
121900324,15,94,-79
121900325,5,0,5
121900326,4,17,-13
121900327,1,27,-26
121900328,0,7,-7
121900329,2,96,-94
121900330,0,61,-61
121900331,16,23,-7
121900332,83,54,29
121900333,39,1,38
121900334,226,98,128
122000001,2965,4970,-2005
122000002,6017,1859,4158
122000003,2455,2389,66
122000004,3327,1717,1610
122000005,3758,1560,2198
122000006,3561,745,2816
122000007,2203,2065,138
122000008,7503,7230,273
122000009,682,448,234
122000010,2568,4614,-2046
122000011,3662,1608,2054
122000012,2026,1294,732
122000013,5223,2058,3165
122000014,2399,4145,-1746
122000015,2155,1236,919
122000016,904,1014,-110
122000017,1339,1159,180
122000018,1765,1239,526
122000019,1352,1802,-450
122000020,216,210,6
122000021,698,462,236
122000022,2089,2096,-7
122000023,816,4626,-3810
122000024,1542,1166,376
122000025,3568,1558,2010
122000026,1823,962,861
122000027,751,7510,-6759
122000028,937,530,407
122000029,918,381,537
122000030,498,214,284
122000031,293,363,-70
122000032,3313,5652,-2339
122000033,2115,1071,1044
122000034,1828,767,1061
122000035,414,1494,-1080
122000036,995,653,342
122000037,399,337,62
122000038,371,292,79
122000039,798,733,65
122000040,371,1496,-1125
122000041,815,621,194
122000042,697,501,196
122000043,166,210,-44
122000044,172,279,-107
122000045,2323,587,1736
122000046,1442,1693,-251
122000047,553,249,304
122000048,4054,6662,-2608
122000049,6955,2716,4239
122000050,3164,805,2359
122000051,792,406,386
122000052,755,366,389
122000053,253,689,-436
122000054,3290,2393,897
122000055,4133,3287,846
122000056,6626,5904,722
122000057,4142,4117,25
122000058,5584,1284,4300
122000059,4265,1937,2328
122000060,1206,804,402
122000061,709,539,170
122000062,2041,334,1707
122000063,2221,903,1318
122000064,6847,2784,4063
122000065,9857,3063,6794
122000066,2809,1185,1624
122000067,5369,1602,3767
122000068,2015,2877,-862
122000069,844,852,-8
122000070,911,8761,-7850
122000071,1446,3139,-1693
122000072,583,452,131
122000073,720,589,131
122000074,3685,1886,1799
122000075,686,2533,-1847
122000076,2308,1392,916
122000077,2007,742,1265
122000078,3437,2476,961
122000079,2683,1006,1677
122000080,1794,434,1360
122000081,397,466,-69
122000082,1370,759,611
122000083,1762,5362,-3600
122000084,1453,1089,364
122000085,325,4158,-3833
122000086,2828,9133,-6305
122000087,485,174,311
122000088,264,317,-53
122000089,11056,5766,5290
122000090,332,617,-285
122000091,993,69,924
122000092,539,22,517
122000093,4701,1013,3688
122000094,10967,1976,8991
122000095,4029,3734,295
122000096,3025,2867,158
122000098,3764,1614,2150
122000099,6445,824,5621
122000100,1787,967,820
122000101,318,1859,-1541
122000102,2064,1154,910
122000103,2710,1567,1143
122000104,441,205,236
122000105,498,304,194
122000106,576,613,-37
122000107,1360,769,591
122000108,480,771,-291
122000109,452,542,-90
122000110,476,479,-3
122000111,3589,1297,2292
122000112,978,1905,-927
122000113,868,671,197
122000114,7720,2062,5658
122000115,2031,3425,-1394
122000116,453,510,-57
122000117,1402,354,1048
122000118,490,645,-155
122000119,3198,2196,1002
122000120,2166,3769,-1603
122000121,2869,2923,-54
122000122,804,1645,-841
122000123,2152,2157,-5
122000124,1116,583,533
122000125,575,710,-135
122000126,659,876,-217
122000127,1427,1181,246
122000128,779,959,-180
122000129,525,1587,-1062
122000130,3256,1049,2207
122000131,1369,1136,233
122000132,738,423,315
122000133,1306,2244,-938
122000134,730,821,-91
122000135,767,845,-78
122000136,604,515,89
122000137,1600,888,712
122000139,3563,5059,-1496
122000140,2772,662,2110
122000141,6381,1428,4953
122000142,1147,800,347
122000143,446,418,28
122000144,2362,1336,1026
122000145,3814,811,3003
122000146,1042,1097,-55
122000147,1653,513,1140
122000148,3708,1402,2306
122000149,2054,1424,630
122000150,1607,1035,572
122000151,332,396,-64
122000152,519,422,97
122000153,501,343,158
122000154,351,205,146
122000155,1582,3122,-1540
122000156,1647,2341,-694
122000157,2918,1188,1730
122000158,692,581,111
122000159,1495,1986,-491
122000160,3390,1990,1400
122000161,1069,1074,-5
122000162,2022,1781,241
122000163,242,83,159
122000164,48,64,-16
122000165,881,765,116
122000166,1827,1771,56
122000167,254,230,24
122000168,275,652,-377
122000169,918,232,686
122000170,302,303,-1
122000171,39,84,-45
122000172,1562,2038,-476
122000173,1572,3042,-1470
122000174,4075,969,3106
122000175,1926,446,1480
122000176,431,712,-281
122000177,1974,1592,382
122000178,4263,6167,-1904
122000179,2260,3464,-1204
122000180,2060,1661,399
122000181,2938,4188,-1250
122000182,2693,2446,247
122000183,2186,1950,236
122000184,2614,2439,175
122000185,1253,1315,-62
122000186,829,888,-59
122000187,3553,1183,2370
122000188,618,305,313
122000189,342,563,-221
122000190,2319,1253,1066
122000191,2359,1140,1219
122000192,1519,392,1127
122000193,512,522,-10
122000194,1814,284,1530
122000195,514,358,156
122000196,991,642,349
122000197,532,569,-37
122000198,1006,835,171
122000199,796,426,370
122000200,2506,1071,1435
122000201,1548,1427,121
122000202,1594,1197,397
122000203,3137,1606,1531
122000204,1508,2420,-912
122000205,1519,2335,-816
122000206,2908,838,2070
122000207,1854,1265,589
122000208,5308,1677,3631
122000209,5367,559,4808
122000210,3089,2124,965
122000211,3544,1215,2329
122000212,1216,643,573
122000213,1812,1643,169
122000214,2999,2779,220
122000215,2671,1951,720
122000217,3673,1606,2067
122000218,1526,186,1340
122000219,2015,1256,759
122000220,460,745,-285
122000221,122,713,-591
122000222,738,151,587
122000223,1636,449,1187
122000225,1330,218,1112
122000226,1734,2609,-875
122000227,426,4996,-4570
122000228,321,371,-50
122000229,42,499,-457
122000230,75,789,-714
122000231,308,852,-544
122000232,763,1241,-478
122000233,0,145,-145
122000234,378,308,70
122000235,769,232,537
122000236,877,200,677
122000237,113,85,28
122000238,206,323,-117
122000239,545,150,395
122000240,1223,514,709
122000241,1229,588,641
122000242,614,106,508
122000243,266,73,193
122000244,36,594,-558
122000245,107,276,-169
122000246,287,266,21
122000247,704,907,-203
122000248,1692,2665,-973
122000249,825,1057,-232
122000250,2071,1553,518
122000251,202,478,-276
122000252,550,119,431
122000253,39,281,-242
122000254,219,98,121
122000255,781,2014,-1233
122000256,439,2097,-1658
122000257,277,507,-230
122000258,190,312,-122
122000259,21,754,-733
122000260,4,140,-136
122000261,15,275,-260
122000262,1,101,-100
122000263,268,117,151
122000264,2266,563,1703
122000265,5271,1030,4241
122000266,11468,834,10634
122000267,51,94,-43
122000268,271,482,-211
122000269,1897,339,1558
122000270,3302,144,3158
122000271,912,1231,-319
122000272,444,1361,-917
122000273,497,510,-13
122000274,225,182,43
122000275,84,283,-199
122000276,576,644,-68
122000277,1203,1642,-439
122000278,1114,1031,83
122000279,215,523,-308
122000280,1006,728,278
122000281,911,801,110
122000282,158,178,-20
122000283,390,72,318
122000284,167,93,74
122000285,461,116,345
122000286,133,203,-70
122000287,1089,1664,-575
122000288,453,332,121
122000291,1511,663,848
122000293,452,299,153
122000294,143,364,-221
122000295,1899,253,1646
122000296,58,809,-751
122000297,3625,3399,226
122000299,443,462,-19
122000300,702,758,-56
122000301,18468,3634,14834
122000302,1387,1957,-570
122000303,5933,1572,4361
122000304,135,293,-158
122000305,987,369,618
122000306,36,1092,-1056
122000307,183,186,-3
122000309,174,81,93
122000310,60,97,-37
122000311,421,255,166
122000312,258,95,163
122000313,113,52,61
122000314,220,323,-103
122000315,363,23,340
122000316,738,294,444
122000317,1285,373,912
122000318,299,1056,-757
122000319,351,766,-415
122000320,446,3348,-2902
122000321,217,392,-175
122000322,2988,5648,-2660
122000323,2100,3042,-942
122000324,1992,2097,-105
122000325,1159,1641,-482
122000326,74,200,-126
122000327,496,781,-285
122000328,2104,823,1281
122000330,2729,758,1971
122000332,232,354,-122
122000333,7,173,-166
122000337,733,2023,-1290
122000338,362,404,-42
122000340,795,386,409
122000342,3521,1202,2319
122000343,609,1834,-1225
122000344,59,38,21
122000345,30,75,-45
122000346,254,667,-413
122000348,563,850,-287
122000349,87,654,-567
122000351,209,286,-77
122000352,304,188,116
122000353,115,155,-40
122000355,154,150,4
122000356,4043,998,3045
122000357,40,16,24
122000358,0,67,-67
122000359,0,26,-26
122000360,2,31,-29
122000362,6,102,-96
122000364,98,443,-345
122000365,4,27,-23
122000366,12,5,7
122000368,661,753,-92
122000370,12,51,-39
122000371,10,0,10
122000372,4,3,1
122000381,49,570,-521
122000382,96,204,-108
122000384,7258,2768,4490
122000385,26,0,26
122000386,2546,1534,1012
122000387,2056,596,1460
122000388,5786,667,5119
122000389,495,660,-165
122000390,1165,305,860
122000391,699,153,546
122000392,207,198,9
122000393,73,171,-98
122000394,627,395,232
122000395,196,202,-6
122000396,524,122,402
122000397,73,147,-74
122000398,73,109,-36
122000399,196,72,124
122000400,384,421,-37
122000401,191,138,53
122000402,232,194,38
122000403,601,1414,-813
122000404,123,473,-350
122000408,958,1725,-767
122000503,15,189,-174
122000524,183,104,79
122000544,104,6997,-6893
122000616,402,3,399
122000640,54,171,-117
122000641,81,522,-441
122000642,1240,1437,-197
122000643,30,220,-190
122000644,243,31,212
122000645,116,447,-331
122000651,4106,848,3258
122000664,366,42,324
122000665,1220,603,617
122000666,815,1398,-583
122000673,52,524,-472
122000674,152,53,99
122000675,2218,2032,186
122000686,522,1465,-943
122000687,3654,434,3220
122000688,188,947,-759
122000689,942,856,86
122000690,1188,733,455
122000691,435,3328,-2893
122000692,1176,403,773
122000693,391,1957,-1566
122000695,256,691,-435
122000696,298,429,-131
122000698,264,1079,-815
122000699,157,68,89
122000701,1535,496,1039
122000702,574,2766,-2192
122000703,216,155,61
122000712,1,0,1
122000717,285,94,191
122000718,540,1406,-866
122000719,272,93,179
122000720,300,373,-73
122000724,225,298,-73
122900001,26,5,21
122900002,1730,6005,-4275
122900003,472,32,440
122900004,736,22,714
122900005,70,35,35
122900006,799,267,532
122900007,256,21,235
122900008,648,80,568
122900009,1057,597,460
122900010,300,260,40
122900012,243,300,-57
122900014,186,346,-160
122900015,2746,677,2069
122900016,198,380,-182
122900017,865,948,-83
122900018,421,10,411
122900019,10,180,-170
122900020,500,390,110
122900021,61,893,-832
122900022,530,1170,-640
122900023,408,375,33
122900024,98,92,6
122900025,14,180,-166
122900026,151,346,-195
122900027,55,1024,-969
122900028,129,179,-50
122900029,5669,3535,2134
122900030,1885,490,1395
122900031,313,232,81
122900032,123,356,-233
122900033,283,165,118
122900034,4506,10594,-6088
122900035,74,14,60
122900036,78,493,-415
122900037,700,144,556
122900038,256,4162,-3906
122900039,93,561,-468
122900040,651,352,299
122900041,203,188,15
122900042,177,304,-127
122900043,957,229,728
122900044,134,459,-325
122900045,120,89,31
122900046,163,62,101
122900047,844,242,602
122900048,61,420,-359
122900049,2003,129,1874
122900051,147,111,36
122900052,66,184,-118
122900053,21,24,-3
122900055,412,108,304
122900057,570,37,533
122900061,538,215,323
122900062,425,500,-75
122900063,224,351,-127
122900064,1450,629,821
122900065,640,159,481
122900066,505,242,263
122900067,1848,885,963
122900068,42,154,-112
122900069,236,1506,-1270
122900070,382,46,336
122900071,139,499,-360
122900072,17,807,-790
122900073,30,404,-374
122900074,635,776,-141
122900075,0,119,-119
122900076,4,261,-257
122900077,7,203,-196
122900078,76,109,-33
122900080,79,31,48
122900081,789,151,638
122900082,1053,195,858
122900083,152,133,19
122900084,2,272,-270
122900086,7,29,-22
122900087,179,429,-250
122900088,61,87,-26
122900089,6,138,-132
122900090,11,840,-829
122900091,208,0,208
122900092,0,226,-226
122900093,1,350,-349
122900094,11,286,-275
122900095,159,7,152
122900096,321,396,-75
122900097,53,27,26
122900098,84,167,-83
122900099,28,7,21
122900100,440,244,196
122900101,1526,503,1023
122900102,14,11,3
122900103,111,24,87
122900104,61,4,57
122900105,14,7,7
122900106,1,116,-115
122900107,4,282,-278
122900108,6,342,-336
123000001,3352,473,2879
123000002,8194,4101,4093
123000003,5200,5157,43
123000004,4197,6315,-2118
123000005,3634,4644,-1010
123000006,3819,4140,-321
123000007,4207,4197,10
123000008,3581,5023,-1442
123000009,7425,4101,3324
123000010,4924,4638,286
123000011,9945,1186,8759
123000012,2616,3453,-837
123000013,5441,1067,4374
123000014,2400,5525,-3125
123000015,6224,1185,5039
123000016,8544,4643,3901
123000017,3893,1666,2227
123000018,52,118,-66
123000019,207,316,-109
123000020,117,161,-44
123000021,57,275,-218
123000022,501,2305,-1804
123000023,1888,1625,263
123000024,2214,750,1464
123000025,323,163,160
123000026,30,94,-64
123000027,363,291,72
123000028,1024,198,826
123000029,1324,441,883
123000030,669,639,30
123000031,112,435,-323
123000032,322,406,-84
123000033,654,68,586
123000034,1275,969,306
123000035,306,430,-124
123000036,271,995,-724
123000037,247,318,-71
123000038,192,310,-118
123000039,658,1407,-749
123000040,1555,349,1206
123000041,2053,847,1206
123000042,2175,580,1595
123000043,5284,9225,-3941
123000044,7369,2587,4782
123000045,12732,3068,9664
123000046,1398,1482,-84
123000047,3326,1746,1580
123000048,88,574,-486
123000049,9129,7876,1253
123000050,1164,1758,-594
123000051,126,248,-122
123000052,784,4305,-3521
123000053,2339,4546,-2207
123000054,1578,1511,67
123000055,991,1895,-904
123000056,1716,2298,-582
123000057,22157,8121,14036
123000058,987,1015,-28
123000059,392,539,-147
123000060,888,385,503
123000061,185,969,-784
123000063,838,1012,-174
123000064,1006,323,683
123000065,9937,4633,5304
123000066,1164,1244,-80
123000067,832,599,233
123000068,4316,4725,-409
123000069,7896,5217,2679
123000070,336,1132,-796
123000071,823,1542,-719
123000072,959,2034,-1075
123000073,1208,1150,58
123000074,1280,2640,-1360
123000075,510,1284,-774
123000076,809,1261,-452
123000077,3068,4874,-1806
123000078,1419,2636,-1217
123000079,1532,2898,-1366
123000080,2665,3291,-626
123000081,170,785,-615
123000082,360,1437,-1077
123000083,1064,182,882
123000084,691,1260,-569
123000085,213,101,112
123000086,390,489,-99
123000087,418,552,-134
123000088,1233,1328,-95
123000089,617,2088,-1471
123000090,1727,1645,82
123000091,1894,2108,-214
123000092,1360,1810,-450
123000094,621,395,226
123000095,504,976,-472
123000096,643,630,13
123000097,605,1379,-774
123000098,648,935,-287
123000099,592,1285,-693
123000100,521,762,-241
123000101,758,901,-143
123000102,675,745,-70
123000104,376,538,-162
123000105,606,639,-33
123000106,634,671,-37
123000107,501,756,-255
123000108,841,1947,-1106
123000111,819,415,404
123000112,969,872,97
123000113,834,2319,-1485
123000114,839,893,-54
123000115,319,419,-100
123000116,37,245,-208
123000117,1859,3121,-1262
123000118,498,1218,-720
123000119,308,1348,-1040
123000120,542,1242,-700
123000121,620,745,-125
123000122,589,269,320
123000123,674,853,-179
123000124,725,643,82
123000125,1682,1440,242
123000126,2769,3581,-812
123000127,1591,1022,569
123000128,363,623,-260
123000129,636,280,356
123000130,671,96,575
123000131,1233,890,343
123000132,634,796,-162
123000133,486,552,-66
123000134,555,348,207
123000135,2124,1734,390
123000136,259,1508,-1249
123000137,112,499,-387
123000138,205,501,-296
123000139,721,225,496
123000140,122,863,-741
123000141,953,143,810
123000142,1290,1360,-70
123000143,2577,3592,-1015
123000144,42,23,19
123000145,355,126,229
123000146,110,113,-3
123000147,248,195,53
123000149,519,430,89
123000150,411,376,35
123000151,428,557,-129
123000152,102,538,-436
123000153,247,799,-552
123000154,2671,3146,-475
123000155,3004,1049,1955
123000156,49,168,-119
123000157,754,993,-239
123000158,779,1160,-381
123000159,6013,2809,3204
123000160,1016,823,193
123000161,1477,1381,96
123000162,832,1864,-1032
123000163,323,94,229
123000164,1556,313,1243
123000165,383,2256,-1873
123000166,36,178,-142
123000167,148,394,-246
123000168,254,338,-84
123000169,787,129,658
123000170,76,407,-331
123000171,519,48,471
123000172,196,847,-651
123000173,736,228,508
123000174,1062,422,640
123000175,883,1493,-610
123000176,799,255,544
123000177,264,1060,-796
123000178,1030,172,858
123000179,45,927,-882
123000180,1628,434,1194
123000181,496,2085,-1589
123000182,242,543,-301
123000183,135,617,-482
123000184,71,950,-879
123000185,421,659,-238
123000186,5,809,-804
123000187,533,3,530
123000188,304,3,301
123000189,170,208,-38
123000190,50,92,-42
123000192,20,406,-386
123000193,69,902,-833
123000194,658,422,236
123000195,232,22,210
123000196,258,21,237
123000197,60,120,-60
123000198,24,225,-201
123000199,9,661,-652
123000200,443,18,425
123000201,843,23,820
123000202,35,1502,-1467
123000203,802,89,713
123000204,90,1413,-1323
123000205,534,2540,-2006
123000206,1764,219,1545
123000207,101,1154,-1053
123000208,719,129,590
123000209,2228,422,1806
123000210,473,2165,-1692
123000211,569,3286,-2717
123000212,2848,438,2410
123000213,868,83,785
123000215,322,208,114
123000216,231,981,-750
123000217,197,42,155
123000218,127,645,-518
123000219,1255,133,1122
123000220,624,120,504
123000221,208,137,71
123000222,485,584,-99
123000223,209,745,-536
123000224,477,817,-340
123000225,217,74,143
123000226,75,411,-336
123000227,105,419,-314
123000228,237,75,162
123000229,1736,2276,-540
123000232,86,757,-671
123000233,893,207,686
123000234,234,900,-666
123000235,771,358,413
123000236,284,1039,-755
123000237,375,90,285
123000238,89,759,-670
123000239,600,2249,-1649
123000240,52,517,-465
123000241,1317,164,1153
123000242,130,228,-98
123000243,852,1164,-312
123000244,1109,749,360
123000245,97,212,-115
123000249,655,1442,-787
123000252,1195,249,946
123000253,1047,522,525
123000254,566,1159,-593
123000255,1128,924,204
123000256,31,276,-245
123000257,4340,3304,1036
123000258,1038,1511,-473
123000259,300,428,-128
123000260,461,696,-235
123000261,191,285,-94
123000262,132,317,-185
123000263,471,133,338
123000264,220,53,167
123000265,71,202,-131
123000266,628,974,-346
123000267,440,414,26
123000268,46,75,-29
123000269,46,54,-8
123000270,22,38,-16
123000271,143,59,84
123000272,1163,416,747
123000273,406,673,-267
123000274,1487,662,825
123000275,376,1330,-954
123000278,4309,3557,752
123000279,134,164,-30
123000280,476,371,105
123000281,573,106,467
123000282,230,354,-124
123000283,104,73,31
123000284,76,161,-85
123000286,397,343,54
123000287,689,347,342
123000288,1925,837,1088
123000289,800,1134,-334
123000291,397,1047,-650
123000294,481,426,55
123000295,1107,1027,80
123000296,469,368,101
123000297,570,1268,-698
123000298,591,856,-265
123000299,49,369,-320
123000300,1100,1124,-24
123000301,131,285,-154
123000302,70,198,-128
123000303,325,79,246
123000305,1567,1161,406
123000306,91,288,-197
123000309,53,90,-37
123000310,94,48,46
123000311,1,109,-108
123000312,1398,1198,200
123000313,393,559,-166
123000315,43,408,-365
123000316,3465,379,3086
123000317,253,80,173
123000318,64,440,-376
123000329,31,22,9
123000337,598,299,299
123000338,623,74,549
123000339,200,328,-128
123000340,142,644,-502
123000342,28,188,-160
123000343,252,11,241
123000344,1433,601,832
123000345,335,804,-469
123000346,404,102,302
123000352,2659,1086,1573
123000353,13,221,-208
123000354,426,8,418
123000355,2,728,-726
123000356,248,4,244
123000357,2,329,-327
123000359,1,211,-210
123000360,185,95,90
123000361,737,292,445
123000362,348,143,205
123000363,97,197,-100
123000364,848,621,227
123000365,24,441,-417
123000366,324,2156,-1832
123000367,293,1576,-1283
123000370,43,387,-344
123000371,214,47,167
123000372,270,26,244
123000373,10,549,-539
123000374,6,306,-300
123000375,214,35,179
123000376,1181,901,280
123000377,319,26,293
123000378,9,529,-520
123000379,3,312,-309
123000380,113,355,-242
123000381,347,33,314
123000382,1296,109,1187
123000383,325,1234,-909
123000384,820,87,733
123000385,622,974,-352
123000436,99,1345,-1246
123000507,215,747,-532
123000508,306,796,-490
123000517,400,27,373
123000518,34,362,-328
123000519,141,114,27
123000520,62,288,-226
123000521,381,144,237
123000522,163,560,-397
123000541,8,4,4
123000542,0,45,-45
123000565,505,31,474
123000566,162,938,-776
123000567,124,289,-165
123000573,36,1151,-1115
123000574,622,96,526
123000575,1414,1369,45
123000576,702,3202,-2500
123000577,204,1052,-848
123000578,1064,70,994
123000579,5857,5835,22
123000580,109,21,88
123000582,413,28,385
123000583,21,514,-493
123000584,262,475,-213
123000585,0,141,-141
123000586,96,0,96
123000596,193,192,1
123000597,56,190,-134
123000602,25,5,20
123000603,485,1069,-584
123000604,581,1480,-899
123000605,1403,239,1164
123000606,1,390,-389
123000609,22,454,-432
123000610,204,130,74
123000613,50,288,-238
123000614,140,34,106
123000615,85,339,-254
123000616,415,60,355
123000617,80,544,-464
123000618,80,844,-764
123000619,701,29,672
123000620,13,754,-741
123000622,318,9,309
123000624,92,125,-33
123000630,860,515,345
123000631,330,3051,-2721
123000632,1565,1634,-69
123000633,0,488,-488
123000634,183,137,46
123000635,269,121,148
123000636,38,962,-924
123000637,164,79,85
123000638,627,175,452
123000639,1169,3695,-2526
123000640,17,1319,-1302
123000648,551,101,450
123000649,45,809,-764
123900001,1692,78,1614
123900002,33,1520,-1487
123900003,471,979,-508
123900005,455,146,309
123900006,669,73,596
124000001,2071,117,1954
124000002,117,2504,-2387
124000003,642,131,511
124000004,81,868,-787
124000005,856,421,435
124000006,294,1705,-1411
124000007,826,130,696
124000008,26,981,-955
124000009,733,386,347
124000010,175,885,-710
124000011,2603,381,2222
124000012,765,1172,-407
124000017,216,136,80
124000018,161,122,39
124000019,138,141,-3
124000020,78,248,-170
124000021,220,75,145
124000022,103,295,-192
124000023,2266,1764,502
124000024,1434,848,586
124000025,1420,2063,-643
124000026,1170,1527,-357
124000027,4978,5900,-922
124000028,2924,5494,-2570
124000030,3841,1567,2274
124000031,1380,2694,-1314
124000032,7515,1341,6174
124000033,876,814,62
124000034,3035,1477,1558
124000035,298,167,131
124000036,162,761,-599
124000037,353,1041,-688
124000038,46,115,-69
124000039,1092,463,629
124000040,712,1016,-304
124000041,332,109,223
124000042,54,557,-503
124000043,128,165,-37
124000044,54,366,-312
124000045,612,744,-132
124000046,337,1144,-807
124000047,1391,1117,274
124000048,890,2521,-1631
124000049,1581,801,780
124000050,738,2931,-2193
124000051,741,668,73
124000052,711,1538,-827
124000053,517,1344,-827
124000054,993,838,155
124000055,1318,2258,-940
124000056,5096,1909,3187
124000057,821,604,217
124000058,554,1869,-1315
124000059,534,997,-463
124000060,1200,1196,4
124000061,1714,4834,-3120
124000062,10546,2622,7924
124000063,1799,2763,-964
124000064,3838,2501,1337
124000065,417,383,34
124000066,496,104,392
124000067,165,263,-98
124000068,82,155,-73
124000069,597,278,319
124000070,167,658,-491
124000071,97,114,-17
124000072,194,560,-366
124000073,787,172,615
124000074,268,915,-647
124000075,148,51,97
124000076,6,277,-271
124000077,2875,773,2102
124000078,2660,1363,1297
124000079,673,1393,-720
124000080,394,151,243
124000081,131,1061,-930
124000082,71,154,-83
124000083,79,233,-154
124000084,107,604,-497
124000085,72,84,-12
124000086,98,167,-69
124000087,173,159,14
124000088,181,433,-252
124000089,773,410,363
124000090,175,441,-266
124000091,930,193,737
124000092,294,927,-633
124000093,99,121,-22
124000094,132,632,-500
124000095,42,81,-39
124000096,117,354,-237
124000097,91,156,-65
124000098,67,153,-86
124000099,213,144,69
124000100,52,127,-75
124000101,99,118,-19
124000102,177,132,45
124000103,85,90,-5
124000104,184,134,50
124000105,68,91,-23
124000106,244,181,63
124000107,20,172,-152
124000108,92,99,-7
124000109,104,101,3
124000110,249,193,56
124000111,304,162,142
124000112,836,1171,-335
124000113,40,112,-72
124000114,313,703,-390
124000115,536,930,-394
124000116,111,154,-43
124000117,114,149,-35
124000118,63,87,-24
124000119,2702,752,1950
124000120,1376,657,719
124000121,3481,925,2556
124000122,789,1626,-837
124000123,916,583,333
124000124,701,1297,-596
124000125,430,515,-85
124000126,392,747,-355
124000127,829,470,359
124000128,806,1198,-392
124000129,2174,1691,483
124000130,1021,815,206
124000131,1481,556,925
124000132,1154,956,198
124000133,958,1001,-43
124000134,887,936,-49
124000135,1711,1722,-11
124000136,990,1298,-308
124000137,1568,609,959
124000138,2049,1475,574
124000139,708,38,670
124000140,21,451,-430
124000141,540,25,515
124000142,61,481,-420
124000143,73,9,64
124000144,10,269,-259
124000145,55,45,10
124000146,22,163,-141
124000148,18,87,-69
124000149,1052,403,649
124000150,331,747,-416
124000151,712,379,333
124000152,963,1680,-717
124000153,628,685,-57
124000154,355,929,-574
124000155,1171,1089,82
124000156,2108,1130,978
124000169,395,813,-418
124000170,1144,546,598
124000171,470,444,26
124000172,574,730,-156
124000173,498,418,80
124000174,469,913,-444
124000175,4,148,-144
124000176,41,9,32
124000177,13,33,-20
124000178,23,23,0
124000190,263,54,209
124000191,1895,133,1762
124000192,4596,433,4163
124000193,952,1360,-408
124000194,511,675,-164
124000195,302,712,-410
124000196,1641,1396,245
124000197,63,84,-21
124000198,10,45,-35
124000201,243,1286,-1043
124000202,534,169,365
124000203,240,1433,-1193
124000204,459,584,-125
124000205,54,791,-737
124000206,388,563,-175
124000207,1,55,-54
124000209,383,937,-554
124000210,317,252,65
124000211,402,0,402
124000212,2,651,-649
124000213,234,551,-317
124000214,203,817,-614
124000215,320,16,304
124000216,2,759,-757
124000329,96,3011,-2915
124000338,52,1545,-1493
124000339,639,75,564
124000341,1077,48,1029
124000344,33,3,30
124000357,1148,4041,-2893
124000358,967,2304,-1337
124000359,1165,1029,136
124000360,693,895,-202
124000361,3711,968,2743
124000362,2325,3556,-1231
124000363,358,482,-124
124000364,862,1131,-269
124000365,986,1293,-307
124000366,2742,945,1797
124000367,177,889,-712
124000368,431,399,32
124000369,243,222,21
124000370,113,1229,-1116
124000402,25,6,19
124000403,82,11,71
124000404,8,174,-166
124000405,896,770,126
124000406,1096,998,98
124000407,16,46,-30
124000411,10,424,-414
124000412,448,7,441
124000413,1111,48,1063
124000414,90,154,-64
124000415,37,263,-226
124000416,158,449,-291
124000417,105,129,-24
124000418,107,159,-52
124000419,78,244,-166
124000420,55,93,-38
124000421,53,363,-310
124000422,56,19,37
124000423,196,22,174
124000424,0,181,-181
124000425,87,23,64
124000426,2,259,-257
124000427,91,15,76
124000428,79,36,43
124000429,33,58,-25
124000430,818,883,-65
124000431,484,795,-311
124000432,157,1286,-1129
124000439,2,24,-22
124000443,0,3,-3
124000445,444,2346,-1902
124000446,4009,147,3862
124000447,7,191,-184
124900001,489,356,133
124900002,177,547,-370
124900003,1051,745,306
124900004,526,442,84
124900005,342,342,0
124900006,600,444,156
124900008,1377,539,838
124900009,114,244,-130
124900010,111,59,52
124900011,394,260,134
124900012,413,145,268
124900013,394,156,238
124900014,247,83,164
124900015,264,305,-41
124900016,58,101,-43
124900017,647,953,-306
124900018,38,20,18
124900020,43,52,-9
124900021,162,39,123
124900022,82,8,74
124900024,199,57,142
124900026,482,77,405
124900027,147,328,-181
124900028,805,128,677
124900029,5,442,-437
124900030,3,191,-188
124900031,43,441,-398
124900032,202,221,-19
124900033,90,459,-369
124900034,4,88,-84
124900035,211,581,-370
124900036,0,48,-48
124900037,196,499,-303
124900038,295,554,-259
124900039,1,18,-17
124900040,153,74,79
124900041,302,1670,-1368
124900042,103,0,103
124900043,538,1573,-1035
124900044,160,3,157
124900045,759,1100,-341
124900047,138,216,-78
124900048,191,224,-33
124900050,172,365,-193
124900052,143,385,-242
124900053,67,446,-379
124900054,3592,427,3165
124900055,0,120,-120
124900057,13,88,-75
124900060,67,252,-185
124900061,39,7,32
124900062,103,19,84
124900066,1,12,-11
124900067,7,201,-194
124900068,239,390,-151
124900070,42,32,10
124900072,53,52,1
124900075,189,231,-42
124900076,17,866,-849
124900077,21,119,-98
124900078,80,17,63
124900079,1119,232,887
124900080,259,1039,-780
124900081,1105,279,826
124900082,388,1486,-1098
124900083,244,728,-484
124900085,1189,361,828
124900086,71,1352,-1281
124900087,663,113,550
124900088,687,99,588
124900089,1801,40,1761
124900090,239,271,-32
124900091,323,754,-431
124900092,273,516,-243
124900093,353,210,143
124900094,235,342,-107
124900095,78,403,-325
124900096,711,237,474
124900097,231,103,128
124900098,94,491,-397
124900099,683,515,168
124900100,232,94,138
124900101,40,216,-176
124900102,183,32,151
124900103,251,361,-110
124900104,86,250,-164
124900105,107,157,-50
124900106,347,73,274
124900107,53,16,37
124900108,217,99,118
124900111,1,86,-85
124900112,86,726,-640
124900113,128,315,-187
124900114,246,179,67
124900115,51,52,-1
124900116,130,146,-16
124900117,861,135,726
124900118,190,202,-12
124900119,300,148,152
124900120,43,434,-391
124900121,105,283,-178
124900122,533,261,272
124900123,400,79,321
124900124,144,345,-201
204000001,77,17,60
204000002,19,7,12
204000003,45,0,45
204000004,3,0,3
204000005,797,935,-138
204000006,1541,3177,-1636
204000011,9,88,-79
204000012,54,147,-93
204000019,670,665,5
204000020,821,1063,-242
204000021,2686,1122,1564
204000022,550,613,-63
204000023,521,1595,-1074
204000031,156,25,131
204000032,840,69,771
204000034,27,287,-260
204000035,1,2,-1
204000036,13,9,4
204000037,0,14,-14
204000038,0,34,-34
204000039,3,40,-37
204000040,10,34,-24
204000041,4,25,-21
204000042,76,19,57
204000043,52,7,45
204000044,34,5,29
204000045,26,3,23
204000046,11,2,9
204000057,1,28,-27
204000062,31,132,-101
204000068,92,337,-245
204000069,39,379,-340
204000070,67,203,-136
204000080,38,75,-37
204000085,1944,2527,-583
204000086,4358,3427,931
204000087,72,25,47
204000088,4,133,-129
204000090,55,450,-395
204000093,213,147,66
204000096,1024,1472,-448
204000097,355,101,254
204000099,1022,2118,-1096
204000100,1120,2320,-1200
204000105,2479,2148,331
204000110,954,1822,-868
204000111,716,1121,-405
204000112,1113,1291,-178
204000113,641,1379,-738
204000114,829,779,50
204000115,782,518,264
204000116,784,725,59
204000119,2167,3748,-1581
204000132,627,335,292
204000133,765,461,304
204000134,196,198,-2
204000135,606,182,424
204000136,529,343,186
204000138,426,453,-27
204000140,280,158,122
204000141,257,98,159
204000144,28,33,-5
204000145,568,33,535
204000146,19,408,-389
204000147,179,226,-47
204000148,567,58,509
204000154,8,2,6
204000155,2,8,-6
204000177,78,139,-61
204000179,20,13,7
204000180,0,33,-33
204000222,11,2,9
204000235,6,13,-7
204000236,48,333,-285
204000238,9,60,-51
204000240,406,88,318
204000263,766,1790,-1024
204000268,1259,1236,23
204000308,315,56,259
204000317,8,106,-98
204000322,7,67,-60
204000323,48,10,38
204000328,170,206,-36
204000329,107,224,-117
204000330,369,148,221
204000331,75,195,-120
205000001,1169,2303,-1134
205000013,20,70,-50
205000014,4,68,-64
205000015,47,190,-143
205000016,27,205,-178
205000017,36,75,-39
205000022,409,1057,-648
205000025,1893,1498,395
205000029,326,8,318
205000045,310,292,18
205000046,112,730,-618
205000047,56,615,-559
205000048,301,1564,-1263
205000049,142,1011,-869
205000050,1581,418,1163
205000059,1,344,-343
205000060,0,121,-121
205000061,3,44,-41
205000062,8,41,-33
205000063,35,214,-179
205000064,23,218,-195
205000065,59,739,-680
205000066,129,1061,-932
205000067,41,1479,-1438
205000069,210,30,180
205000082,173,597,-424
205000110,104,324,-220
205000111,206,352,-146
205000112,140,243,-103
205000113,181,340,-159
205000121,266,248,18
205000123,76,235,-159
205000126,492,441,51
205000127,772,653,119
205000128,813,453,360
205000129,972,437,535
205000130,1592,181,1411
205000131,1677,57,1620
205000132,2227,11,2216
205000133,1740,6,1734
205000134,858,1,857
205000137,76,145,-69
205000138,147,361,-214
205000139,25,116,-91
205000144,59,124,-65
205000145,229,491,-262
205000151,197,197,0
205000152,170,140,30
205000153,204,205,-1
205000154,81,198,-117
205000155,199,82,117
205000207,12,217,-205
205000233,157,2,155
205000234,0,1,-1
205000243,0,2,-2
205000244,0,2,-2
205000245,15,433,-418
205000249,0,39,-39
205000250,7,1,6
205000264,14,115,-101
206000027,3,4,-1
206000028,2,4,-2
206000043,9,154,-145
206000053,0,12,-12
206000054,13,29,-16
206000055,2,20,-18
206000075,10,8,2
206000076,27,13,14
206000077,32,4,28
206000078,14,4,10
206000079,12,3,9
206000082,851,51,800
206000100,90,1077,-987
206000103,3,21,-18
206000104,20,29,-9
206000105,16,14,2
206000106,25,40,-15
206000125,65,1,64
206000157,84,858,-774
206000170,3,222,-219
206000171,3,259,-256
206000172,7,947,-940
206000173,2,410,-408
206000174,10,115,-105
206000175,2,200,-198
206000176,19,352,-333
206000177,1,192,-191
206000178,1,160,-159
206000179,16,88,-72
206000180,13,236,-223
206000181,5,509,-504
206000182,25,346,-321
206000183,19,1166,-1147
206000184,4,457,-453
206000185,3,358,-355
206000186,118,1875,-1757
206000223,32,208,-176
206000226,6,1,5
206000227,19,2,17
206000237,34,545,-511
206000238,48,830,-782
206000239,558,3124,-2566
206000240,3,57,-54
206000241,0,194,-194
206000242,14,417,-403
206000243,16,474,-458
206000244,72,973,-901
206000245,413,68,345
206000246,105,9,96
206000247,88,12,76
206000248,668,24,644
206000252,144,25,119
206000258,29,44,-15
206000315,46,3,43
206000317,542,105,437
206000318,462,59,403
206000319,724,155,569
206000320,85,55,30
206000321,101,14,87
206000322,307,30,277
206000323,105,8,97
206000324,83,13,70
206000325,275,20,255
206000326,395,20,375
206000327,744,9,735
206000328,96,8,88
206000329,110,2,108
206000330,31,2,29
206000331,60,4,56
206000332,16,6,10
206000333,374,0,374
206000334,212,0,212
206000335,0,25,-25
206000361,5,317,-312
206000392,2,32,-30
206000405,174,1,173
206000441,22,21,1
206000498,70,4,66
206000515,164,29,135
206000530,139,66,73
206000531,336,155,181
206000532,3880,237,3643
206000535,356,3951,-3595
206000536,28,278,-250
206000537,15,196,-181
206000613,1811,261,1550
206000784,683,40,643
207000001,199,661,-462
207000002,138,450,-312
207000003,204,263,-59
207000007,691,309,382
207000008,52,8,44
207000009,61,25,36
207000010,533,644,-111
207000012,355,299,56
207000015,362,2018,-1656
207000019,328,99,229
207000021,727,195,532
207000022,209,132,77
207000023,176,95,81
207000024,11,24,-13
207000025,46,140,-94
207000026,197,54,143
207000027,46,98,-52
207000028,70,280,-210
207000029,263,548,-285
207000033,351,429,-78
207000034,324,119,205
207000039,265,206,59
207000040,211,148,63
207000041,59,32,27
207000042,327,82,245
207000043,352,246,106
207000051,116,360,-244
207000052,11,263,-252
207000053,578,1011,-433
207000054,97,182,-85
207000055,194,268,-74
207000056,418,560,-142
207000057,188,455,-267
207000058,208,603,-395
207000059,118,1100,-982
207000060,136,363,-227
207000061,386,310,76
207000062,270,45,225
207000063,321,150,171
207000064,479,221,258
207000065,320,289,31
207000066,245,195,50
207000067,91,175,-84
207000068,195,109,86
207000069,890,461,429
207000082,16,351,-335
207000083,77,452,-375
207000084,246,279,-33
207000085,184,12,172
207000086,147,6,141
207000106,30,24,6
207000107,55,20,35
207000108,75,11,64
207000109,69,9,60
207000110,51,77,-26
207000111,65,85,-20
207000112,435,550,-115
207000114,28,33,-5
207000115,7,59,-52
207000116,24,379,-355
207000117,9,139,-130
207000118,8,102,-94
207000119,41,94,-53
207000123,175,29,146
207000124,57,32,25
207000125,69,78,-9
207000126,56,62,-6
207000134,42,247,-205
207000135,28,318,-290
207000148,39,224,-185
207000149,78,67,11
207000152,188,459,-271
207000153,1080,1604,-524
207000154,528,158,370
207000159,95,323,-228
207000160,175,678,-503
207000238,0,147,-147
207000242,7,227,-220
207000248,19,31,-12
207000249,214,49,165
207000250,1375,98,1277
207000251,137,89,48
207000252,81,71,10
207000278,155,111,44
207000279,17,308,-291
207000280,334,85,249
207000281,61,1559,-1498
207000282,267,75,192
207000283,171,323,-152
207000284,81,160,-79
207000285,189,61,128
207000291,10,92,-82
207000304,213,106,107
207000306,98,610,-512
207000310,78,99,-21
207000353,275,4,271
207000356,22,22,0
207000357,56,22,34
207000358,15,30,-15
207000415,6,295,-289
207000417,30,12,18
207000418,125,208,-83
207000438,0,3,-3
207000439,1081,634,447
207000446,153,5,148
207000460,14,8,6
207000466,227,271,-44
207000467,195,170,25
207000468,73,506,-433
207000476,4,112,-108
207000477,549,161,388
207000478,2,25,-23
207000523,0,25,-25
207000524,99,2,97
207000527,103,200,-97
207000530,267,13,254
207000531,268,14,254
207000532,57,18,39
207000534,770,70,700
207000535,45,359,-314
207000537,23,119,-96
207000540,6,331,-325
207000541,2,410,-408
207000548,24,425,-401
207000549,276,13,263
207000561,174,149,25
207000562,82,310,-228
207000567,209,362,-153
207000568,147,124,23
207000569,301,1287,-986
207000584,443,265,178
207000585,113,216,-103
207000587,81,25,56
207000616,1,237,-236
207000617,76,0,76
207000624,75,40,35
207000631,5,51,-46
207900008,124,194,-70
208000001,685,1345,-660
208000002,677,869,-192
208000003,1592,980,612
208000004,2196,1341,855
208000005,37,12,25
208000019,668,1209,-541
208000020,219,652,-433
208000021,210,811,-601
208000022,1013,937,76
208000028,1742,1042,700
208000033,565,1016,-451
208000034,1677,2945,-1268
208000037,676,55,621
208000040,131,228,-97
208000041,1094,647,447
208000042,1564,734,830
208000047,166,613,-447
208000064,2965,2559,406
208000066,2125,2840,-715
208000070,422,555,-133
208000071,532,1277,-745
208000072,439,1866,-1427
208000080,339,630,-291
208000081,368,270,98
208000082,372,422,-50
208000083,191,522,-331
208000084,144,15,129
208000085,1935,659,1276
208000086,869,1156,-287
208000087,418,956,-538
208000089,1122,1030,92
208000090,979,1473,-494
208000093,176,223,-47
208000094,701,919,-218
208000095,990,532,458
208000104,1103,1674,-571
208000105,634,1707,-1073
208000114,162,394,-232
208000115,585,446,139
208000116,623,1257,-634
208000117,139,195,-56
208000118,168,147,21
208000155,1012,1182,-170
208000158,2067,4475,-2408
208000186,3863,5404,-1541
208000204,724,1589,-865
208000205,1395,1971,-576
208000282,5412,3117,2295
209000004,248,352,-104
209000005,18,61,-43
209000006,798,189,609
209000007,796,382,414
209000010,1076,209,867
209000011,315,321,-6
209000012,194,357,-163
209000013,276,767,-491
209000014,820,1793,-973
209000025,474,75,399
209000026,872,160,712
209000027,572,1420,-848
209000028,517,1333,-816
209000029,1980,1265,715
209000030,1262,2323,-1061
209000031,5700,3734,1966
209000034,322,414,-92
209000035,167,246,-79
209000036,345,190,155
209000037,236,395,-159
209000038,111,291,-180
209000039,87,240,-153
209000040,346,765,-419
209000041,191,570,-379
209000042,307,551,-244
209000043,893,1037,-144
209000044,212,920,-708
209000045,1741,477,1264
209000046,606,568,38
209000047,623,247,376
209000048,1016,306,710
209000049,93,195,-102
209000050,220,296,-76
209000051,367,639,-272
209000052,296,630,-334
209000062,53,291,-238
209000063,69,257,-188
209000064,32,294,-262
209000065,60,84,-24
209000066,73,65,8
209000067,61,113,-52
209000080,43,324,-281
209000082,92,62,30
209000091,55,171,-116
209000093,115,43,72
209000094,253,264,-11
209000110,61,132,-71
209000111,495,2383,-1888
209000112,968,1020,-52
209000113,4361,973,3388
209000114,415,607,-192
209000115,170,296,-126
209000116,1220,1013,207
209000118,131,62,69
209000119,141,14,127
209000121,305,954,-649
209000135,101,222,-121
209000142,1004,2970,-1966
209000143,358,206,152
209000144,192,160,32
209000229,305,204,101
209000240,43,641,-598
209000259,187,196,-9
209000260,61,1368,-1307
209000261,8,721,-713
209000262,1,632,-631
209000263,0,194,-194
209000264,1,75,-74
209000265,325,1,324
209000266,76,1,75
209000267,542,9,533
209000268,761,40,721
210000037,98,33,65
210000047,87,54,33
210000048,67,45,22
210000049,95,29,66
210000052,44,186,-142
210000053,31,117,-86
210000054,84,133,-49
210000070,109,0,109
210000071,52,0,52
210000072,27,0,27
210000073,0,69,-69
210000074,1,194,-193
210000075,4,99,-95
210000076,3,189,-186
210000077,171,51,120
210000078,98,47,51
210000079,165,29,136
210000080,575,68,507
210000081,307,18,289
210000082,266,2,264
210000083,141,0,141
210000084,57,0,57
210000085,1,67,-66
210000086,4,158,-154
210000099,37,411,-374
210000100,67,464,-397
210000101,83,478,-395
210000105,70,494,-424
210000159,2,290,-288
210000163,184,322,-138
210000164,463,242,221
210000168,288,36,252
210000187,1,18,-17
210000188,1,23,-22
210000214,44,0,44
210000219,33,97,-64
210000220,71,95,-24
210000232,4,33,-29
210000233,28,123,-95
210000234,18,258,-240
210000235,48,191,-143
210000245,4,60,-56
210000246,28,1,27
210000258,12,119,-107
210000259,361,51,310
210000282,71,348,-277
210000285,0,116,-116
210000286,17,175,-158
210000290,5,24,-19
210000295,60,347,-287
210000296,143,109,34
210000320,187,113,74
210000321,106,95,11
210000338,218,127,91
210000339,493,1862,-1369
210000340,147,792,-645
210000341,248,510,-262
210000342,216,342,-126
210000343,391,315,76
210000344,900,237,663
210000345,345,482,-137
210000346,168,233,-65
210000347,598,67,531
210000348,321,16,305
210000349,473,31,442
210000350,162,90,72
210000351,145,156,-11
210000352,68,175,-107
210000353,39,204,-165
210000354,74,198,-124
210000355,152,222,-70
210000356,299,111,188
210000357,167,92,75
210000358,690,247,443
210000359,393,124,269
210000360,319,141,178
210000361,255,209,46
210000362,311,269,42
210000363,1083,197,886
210000364,209,192,17
210000365,205,109,96
210000366,179,93,86
210000367,120,49,71
210000368,203,60,143
210000369,87,38,49
210000370,165,80,85
210000372,129,66,63
210000373,256,37,219
210000374,139,19,120
210000375,49,152,-103
210000376,209,277,-68
210000404,73,270,-197
210000439,30,79,-49
210000472,261,6,255
210000482,97,115,-18
210000564,636,343,293
210000567,1,35,-34
210000568,861,3,858
211000092,24,70,-46
211000094,15,2,13
211000169,229,9,220
211000172,22,403,-381
211000209,0,29,-29
211000226,13,44,-31
211000270,27,25,2
211000275,19,23,-4
211000276,138,20,118
211000279,11,63,-52
211000281,22,54,-32
211000302,8,77,-69
211507980,0,33,-33
211977296,80,7,73
212000003,342,153,189
212000004,340,38,302
212000005,57,37,20
212000006,100,145,-45
212000008,181,261,-80
212000009,39,241,-202
212000012,105,128,-23
212000013,29,52,-23
212000014,298,189,109
212000015,315,292,23
212000016,439,710,-271
212000027,472,853,-381
212000028,312,664,-352
212000029,172,532,-360
212000030,49,67,-18
212000031,63,104,-41
212000048,47,145,-98
212000049,24,107,-83
212000050,21,9,12
212000051,169,272,-103
212000052,201,505,-304
212000053,384,773,-389
212000054,180,258,-78
212000055,157,462,-305
212000056,24,56,-32
212000057,20,47,-27
212000058,639,58,581
212000070,132,412,-280
212000077,163,1052,-889
212000099,264,461,-197
212000108,461,381,80
212000111,247,174,73
212000120,308,148,160
212000138,418,36,382
212000156,17,203,-186
212000158,14,11,3
212000159,257,97,160
212000160,391,412,-21
212000161,80,23,57
212000310,32,18,14
212000311,18,150,-132
212000374,19,5,14
213000001,71,729,-658
213000005,540,187,353
213000006,1299,274,1025
213000007,352,16,336
213000009,707,456,251
213000010,207,367,-160
213000011,371,207,164
213000012,205,430,-225
213000014,54,6,48
213000015,194,5,189
213000016,270,3,267
213000017,58,0,58
213000018,3,213,-210
213000019,1,195,-194
213000020,97,437,-340
213000021,3,124,-121
213000023,282,257,25
213000033,283,1617,-1334
213000034,808,423,385
213000035,72,520,-448
213000045,120,324,-204
213000046,234,262,-28
213000047,698,1174,-476
213000056,115,131,-16
213000069,311,5,306
213000073,0,39,-39
213000074,126,631,-505
213000075,652,12,640
213000076,55,0,55
213000085,4,47,-43
213000086,27,288,-261
213000091,100,19,81
213000092,50,13,37
213000099,269,1292,-1023
213000100,1712,422,1290
213000101,277,196,81
213000102,294,341,-47
213000103,926,1009,-83
213000104,62,472,-410
213000105,4,135,-131
213000106,10,267,-257
213000107,168,1008,-840
213000108,18,753,-735
213000109,3,341,-338
213000110,9,114,-105
213000111,12,57,-45
213000112,222,157,65
213000115,53,13,40
213000116,69,1001,-932
213000117,12,1397,-1385
213000118,474,498,-24
213000119,88,1275,-1187
213000120,116,1183,-1067
213000122,479,1045,-566
213000123,796,1990,-1194
213000124,116,1482,-1366
213000125,173,11,162
213000126,55,113,-58
213000127,148,164,-16
213000128,791,1123,-332
213000129,507,869,-362
213000130,295,463,-168
213000132,231,173,58
213000133,393,121,272
213000134,1107,11,1096
213000136,361,20,341
213000137,641,166,475
213000139,598,54,544
213000147,174,0,174
213000148,106,10,96
213000149,216,12,204
213000150,0,130,-130
213000151,7,95,-88
213000152,13,68,-55
213000153,3,62,-59
213000154,31,326,-295
213000155,21,501,-480
213000156,90,1084,-994
213000157,1180,608,572
213000158,342,1084,-742
213000159,373,997,-624
213000163,356,136,220
213000165,488,347,141
213000171,1,119,-118
213000172,1,395,-394
213000173,2,251,-249
213000174,1,191,-190
213000175,4,114,-110
213000176,14,46,-32
213000177,44,8,36
213000178,129,2,127
213000179,126,1,125
213000180,96,2,94
213000184,86,746,-660
213000188,339,115,224
213000189,292,39,253
213000190,882,1228,-346
213000191,237,705,-468
213000192,178,798,-620
213000193,2764,227,2537
213000194,7,39,-32
213000195,16,596,-580
213000196,274,1302,-1028
213000197,273,1447,-1174
213000198,133,1,132
213000200,115,1409,-1294
213000201,115,80,35
213000202,36,1341,-1305
213000203,4683,922,3761
213000204,551,213,338
213000205,205,272,-67
213000206,566,236,330
213000207,271,42,229
213000208,287,3,284
213000209,330,3,327
213000210,1350,15,1335
213000211,115,11,104
213000212,90,20,70
213000213,61,23,38
213000218,392,1079,-687
213000219,551,36,515
213000220,622,7,615
213000223,496,288,208
213000224,124,67,57
213000225,84,13,71
213000226,128,15,113
213000227,935,469,466
213000228,305,163,142
213000229,556,48,508
213000230,468,82,386
213000232,134,917,-783
213000233,10,29,-19
213000234,4,43,-39
213000293,30,46,-16
213000294,304,15,289
213000295,118,78,40
213000296,78,59,19
213000297,11,160,-149
213000298,21,133,-112
213000299,54,65,-11
213000300,12,9,3
213000303,5,45,-40
213000304,9,14,-5
213000305,9,9,0
213000306,246,55,191
213000307,1077,77,1000
213000308,143,354,-211
213000309,148,62,86
213000310,199,99,100
213000311,411,904,-493
213000315,135,166,-31
213000316,111,56,55
213000322,78,153,-75
213000323,77,107,-30
213000324,56,48,8
213000325,19,130,-111
213000326,21,33,-12
213000327,6,82,-76
213000328,7,174,-167
213000329,73,69,4
213000340,196,1241,-1045
213000341,370,144,226
213000346,205,168,37
213000347,1029,326,703
213000348,24,153,-129
213000349,26,10,16
213000350,344,1926,-1582
213000366,71,510,-439
213000367,163,39,124
213000379,88,101,-13
213000386,14,323,-309
213000406,94,619,-525
213000417,1542,540,1002
213000425,91,52,39
213000426,112,109,3
213000427,84,548,-464
213000428,33,255,-222
213000429,24,5,19
213000430,131,1003,-872
213000431,35,3,32
213000432,0,21,-21
213000433,26,233,-207
213000434,80,161,-81
213000435,67,129,-62
213000436,16,120,-104
213000437,0,32,-32
213000438,148,108,40
213000439,43,14,29
213000440,9,315,-306
213000441,7,2,5
213000442,2,39,-37
213000443,485,659,-174
213000444,35,76,-41
213000445,1,152,-151
213000446,0,23,-23
213000447,5,108,-103
213000448,9,116,-107
213000449,175,4,171
213000450,31,34,-3
213000451,148,114,34
213000452,20,50,-30
213000453,47,382,-335
213000455,487,14,473
213000456,4,204,-200
213000481,4,32,-28
213000482,38,12,26
213000489,463,230,233
213000491,4,260,-256
213000492,1326,10,1316
213000493,1,350,-349
213000494,124,158,-34
213000495,0,122,-122
213000496,253,346,-93
213000497,61,347,-286
213000498,83,244,-161
213000499,114,610,-496
213000500,268,73,195
213000501,83,27,56
213000502,470,63,407
213000503,1,74,-73
213000504,13,250,-237
213000505,21,20,1
213000506,0,10,-10
213000507,15,131,-116
213900244,30,0,30
213900245,0,55,-55
218000003,79,25,54
218000004,44,19,25
218000005,96,82,14
218000006,124,35,89
218000007,7,16,-9
218000012,578,355,223
218000013,104,176,-72
218000014,434,550,-116
218000019,882,878,4
218000020,345,824,-479
218000021,22,63,-41
218000022,22,25,-3
218000023,4,40,-36
218000024,4,14,-10
218000025,9,30,-21
218000026,10,54,-44
218000027,6,12,-6
218000028,11,6,5
218000029,3,1,2
218000030,18,26,-8
218000031,2,43,-41
218000032,0,29,-29
218000040,14,3,11
218000046,66,110,-44
218000047,43,191,-148
218000048,79,195,-116
218000049,127,197,-70
218000050,319,322,-3
218000051,84,355,-271
218000052,1,150,-149
218000053,7,9,-2
218000054,11,35,-24
218000055,2,11,-9
218000056,25,20,5
218000057,3,36,-33
218000064,2,13,-11
218000065,85,97,-12
218000066,13,128,-115
218000067,43,153,-110
218000068,128,130,-2
218000069,122,208,-86
218000070,186,365,-179
218000071,197,332,-135
218000072,327,297,30
218000078,918,1730,-812
218000079,69,97,-28
218000080,90,142,-52
218000081,267,387,-120
218000082,48,209,-161
218000083,36,130,-94
218000084,114,229,-115
218000085,104,623,-519
218000086,52,280,-228
218000087,221,320,-99
218000090,5,155,-150
218000091,1131,829,302
218000092,114,217,-103
218000093,137,105,32
218000094,677,1009,-332
218000099,381,672,-291
218000100,241,324,-83
218000101,226,153,73
218000102,352,316,36
218000103,75,204,-129
218000104,116,65,51
218000105,44,6,38
218000106,16,25,-9
218000107,55,85,-30
218000108,5,60,-55
218000112,172,15,157
218000117,59,134,-75
218000134,690,1218,-528
218000135,114,194,-80
218000136,316,126,190
218000137,242,133,109
218000138,39,82,-43
218000139,218,393,-175
218000140,309,311,-2
218000141,118,52,66
218000142,208,186,22
218000143,138,227,-89
218000144,195,100,95
218000145,335,475,-140
218000146,40,220,-180
218000151,57,36,21
218000152,172,91,81
218000153,3,5,-2
218000154,4,2,2
218000155,10,4,6
218000156,45,16,29
218000157,21,14,7
218000158,2,12,-10
218000159,4,5,-1
218000160,4,6,-2
218000161,18,5,13
218000162,29,4,25
218000163,5,1,4
218000164,38,8,30
218000165,62,54,8
218000170,0,59,-59
218000171,72,22,50
218000172,31,14,17
218000173,63,16,47
218000174,53,5,48
218000176,139,26,113
218000177,259,240,19
218000178,85,194,-109
218000179,76,108,-32
218000180,55,45,10
218000181,182,83,99
218000187,7,10,-3
218000188,41,35,6
218000189,23,67,-44
218000190,12,17,-5
218000191,111,90,21
218000192,213,487,-274
218000193,461,603,-142
218000194,94,576,-482
218000195,192,113,79
218000196,356,386,-30
218000197,180,463,-283
218000198,15,207,-192
218000199,51,28,23
218000200,113,56,57
218000201,17,8,9
218000202,262,419,-157
218000207,5,87,-82
218000208,72,61,11
218000211,121,11,110
218000212,1,6,-5
218000213,180,84,96
218000214,6,28,-22
218000215,30,97,-67
218000217,3,163,-160
218000218,195,154,41
218000219,242,56,186
218000220,446,335,111
218000221,3755,228,3527
218000222,117,33,84
218000223,53,356,-303
218000224,19,144,-125
218000225,181,36,145
218000226,141,78,63
218000230,0,3,-3
218000232,55,155,-100
218000239,219,9,210
218000240,38,5,33
218000241,69,2,67
218000242,142,2,140
218000243,74,5,69
218000244,38,2,36
218000245,23,2,21
218000246,2,3,-1
218000247,3,0,3
218000248,2,32,-30
218000249,1,2,-1
218000250,13,17,-4
218000251,2,16,-14
218000252,6,39,-33
218000253,8,32,-24
218000254,0,4,-4
218000255,3,13,-10
218000256,15,61,-46
218000267,1165,1489,-324
218000268,24,71,-47
218000269,14,11,3
218000270,72,94,-22
218000271,43,101,-58
218000273,2,8,-6
218000274,14,9,5
218000275,11,49,-38
218000276,5,42,-37
218000278,27,35,-8
218000279,59,79,-20
218000280,12,74,-62
218000281,61,20,41
218000282,724,522,202
218000284,115,25,90
218000301,141,122,19
218000302,111,65,46
218000303,76,74,2
218000316,783,2004,-1221
218000317,998,1978,-980
218000318,415,1417,-1002
218000319,1441,2232,-791
218000320,987,1115,-128
218000338,239,36,203
218000345,296,61,235
218000346,209,270,-61
218000459,39,351,-312
218000490,200,59,141
218000501,81,66,15
218000502,43,139,-96
218000503,110,59,51
218000504,197,31,166
218000505,49,214,-165
218000506,41,352,-311
218000508,0,4,-4
218000510,216,14,202
218000520,151,129,22
218000521,9,116,-107
218000522,0,123,-123
218000523,287,9,278
218000524,61,231,-170
218000525,152,23,129
218000526,54,132,-78
218000529,44,397,-353
218000530,6,6,0
218000531,11,26,-15
218000532,36,19,17
218000534,171,28,143
218000537,57,70,-13
218000538,156,143,13
218000540,360,74,286
218000543,154,57,97
218000544,113,106,7
218000545,60,83,-23
218000546,69,130,-61
218000547,110,112,-2
218000548,160,224,-64
218000549,357,225,132
218000550,317,504,-187
218000551,237,651,-414
218000552,522,44,478
218000553,69,111,-42
218000554,47,29,18
218000555,52,65,-13
218000556,144,518,-374
218000557,221,277,-56
218000558,177,3,174
218000559,0,30,-30
218000560,0,24,-24
218000561,48,0,48
218000562,43,282,-239
218000563,301,37,264
218000564,25,109,-84
218000565,243,40,203
218000566,514,32,482
218000567,0,61,-61
218000568,21,7,14
218000569,12,152,-140
218000570,139,11,128
218000571,0,104,-104
218000572,206,11,195
218000573,20,105,-85
218000574,106,78,28
218000575,174,2,172
218000576,0,65,-65
218000577,391,0,391
218000578,0,71,-71
218000579,77,53,24
218000581,20,70,-50
218000582,98,8,90
218000583,4,1,3
218000584,0,16,-16
218000585,54,5,49
218000586,4,32,-28
218000587,13,3,10
218000588,2,4,-2
218000589,0,1,-1
218000590,4,0,4
218000591,6,3,3
218000592,9,0,9
218000593,1,0,1
218000594,1,1,0
218000597,0,0,0
218000598,0,0,0
218000599,0,0,0
218000600,5,3,2
218000601,0,0,0
218000602,0,8,-8
218000603,0,7,-7
218000604,36,11,25
218000605,0,43,-43
218000606,129,2,127
218000607,6,45,-39
218000608,108,24,84
218000609,4,54,-50
218000610,206,6,200
218000611,84,2,82
218000612,0,22,-22
218000613,65,6,59
218000614,1,45,-44
218000615,330,1,329
218000616,6,125,-119
218000617,29,3,26
218000618,0,30,-30
218000619,47,42,5
218000620,9,9,0
218000621,0,12,-12
218000622,0,14,-14
218000623,41,5,36
218000624,6,19,-13
218000625,12,3,9
218000626,0,7,-7
218000628,76,26,50
218000631,57,30,27
218000632,1,105,-104
218000633,99,1,98
218000634,7,13,-6
218000635,30,10,20
218000636,934,2179,-1245
218000637,699,1034,-335
218000638,107,69,38
218000639,15,211,-196
218000640,152,30,122
218000641,88,332,-244
218000652,60,121,-61
218000653,167,97,70
218000663,6,227,-221
218000675,194,59,135
218000676,2,23,-21
218000677,10,16,-6
218000680,275,756,-481
218000681,460,318,142
218000691,144,546,-402
218000693,172,251,-79
218000703,11,62,-51
218000718,691,773,-82
218000719,1155,301,854
218000720,35,97,-62
218000721,273,31,242
218000725,5,6,-1
218001147,2,300,-298
218001214,35,22,13
218001258,123,3,120
218001329,171,233,-62
218001330,224,124,100
218001351,46,35,11
218001352,30,30,0
218001353,20,14,6
218001354,16,20,-4
218001355,40,602,-562
218001356,224,16,208
218001357,61,392,-331
218001358,173,14,159
218001361,153,34,119
218001362,0,517,-517
219000001,27,63,-36
219000002,79,81,-2
219000003,42,22,20
219000004,95,87,8
219000017,587,29,558
219000020,139,25,114
219000022,131,4,127
219000023,116,3,113
219000029,0,149,-149
219000034,142,34,108
219000039,51,75,-24
219000040,81,28,53
219000041,192,64,128
219000051,1,29,-28
219000052,1,14,-13
219000053,0,217,-217
219000054,28,152,-124
219000055,133,17,116
219000056,78,3,75
219000057,249,3,246
219000062,25,282,-257
219000063,153,12,141
219000064,1,73,-72
219000110,379,69,310
219000111,125,69,56
219000112,226,50,176
219000113,189,75,114
219000114,322,99,223
219000116,40,48,-8
219000117,91,79,12
219000118,133,82,51
219000123,347,108,239
219000124,137,73,64
219000125,17,28,-11
219000126,76,116,-40
219000127,1,12,-11
219000128,13,121,-108
219000129,31,223,-192
219000130,937,1071,-134
219000131,1136,1125,11
219000133,69,52,17
219000134,7,19,-12
219000135,41,43,-2
219000136,169,227,-58
219000138,44,17,27
219000139,29,53,-24
219000140,50,3,47
219000141,17,161,-144
219000142,11,138,-127
219000143,18,170,-152
219000145,30,124,-94
219000146,6,71,-65
219000147,4,62,-58
219000148,3,66,-63
219000149,11,176,-165
219000150,3,138,-135
219000151,4,79,-75
219000157,184,199,-15
219000158,209,372,-163
219000161,252,24,228
219000163,2115,576,1539
219000166,198,258,-60
219000167,93,307,-214
219000168,335,184,151
219000174,552,105,447
219000175,77,2,75
219000176,62,2,60
219000177,28,2,26
219000178,38,1,37
219000179,7,17,-10
219000180,32,35,-3
219000182,130,17,113
219000183,62,34,28
219000184,95,22,73
219000185,2,65,-63
219000186,37,71,-34
219000187,14,161,-147
219000189,170,222,-52
219000190,202,356,-154
219000191,1976,1574,402
219000192,174,167,7
219000193,509,245,264
219000195,3,71,-68
219000196,2,159,-157
219000198,22,173,-151
219000199,87,327,-240
219000200,43,265,-222
219000201,99,313,-214
219000203,69,215,-146
219000204,145,244,-99
219000205,69,225,-156
219000207,294,348,-54
219000209,27,117,-90
219000210,330,210,120
219000213,28,356,-328
219000239,246,403,-157
219000240,366,487,-121
219000241,99,378,-279
219000242,133,329,-196
219000243,137,449,-312
219000244,55,141,-86
219000245,51,47,4
219000246,82,48,34
219000247,122,61,61
219000248,616,328,288
219000249,224,82,142
219000250,250,98,152
219000251,681,206,475
219000252,346,167,179
219000253,281,65,216
219000255,125,149,-24
219000256,116,114,2
219000257,318,9,309
219000262,53,240,-187
219000263,58,272,-214
219000267,5,222,-217
219000268,8,9,-1
219000269,19,28,-9
219000270,17,0,17
219000271,152,40,112
219000278,0,7,-7
219000279,0,10,-10
219000283,0,27,-27
219000295,13,132,-119
219000296,127,631,-504
219000297,17,239,-222
219000298,7,248,-241
219000299,438,156,282
219000300,33,331,-298
219000301,222,451,-229
219000302,30,262,-232
219000307,40,53,-13
219000308,45,35,10
219000311,148,61,87
219000312,561,73,488
219000313,285,78,207
219000314,101,661,-560
219000315,195,48,147
219000316,459,91,368
219000317,58,36,22
219000320,2,57,-55
219000321,0,18,-18
219000323,4,84,-80
219000325,1,27,-26
219000326,91,139,-48
219000327,94,39,55
219000328,46,45,1
219000329,303,189,114
219000330,28,52,-24
219000331,94,34,60
219000332,64,135,-71
219000333,12,8,4
219000335,91,4,87
219000337,42,1,41
219000338,283,2,281
219000344,40,113,-73
219000345,65,132,-67
219000346,73,178,-105
219000348,170,235,-65
219000349,50,299,-249
219000350,102,170,-68
219000351,12,0,12
219000352,256,49,207
219000353,121,74,47
219000354,100,242,-142
219000355,146,64,82
219000356,2637,1143,1494
219000363,338,76,262
219000364,93,60,33
219000365,177,25,152
219000366,275,507,-232
219000368,677,522,155
219000370,1521,423,1098
219000371,30,38,-8
219000382,8,16,-8
219000383,953,1052,-99
219000385,598,705,-107
219000386,1100,1883,-783
219000387,6,11,-5
219000390,16,16,0
219000391,18,4,14
219000397,95,111,-16
219000398,52,52,0
219000401,13,177,-164
219000402,28,162,-134
219000403,181,292,-111
219000404,16,112,-96
219000407,3,37,-34
219000409,51,79,-28
219000410,110,29,81
219000411,47,22,25
219000446,253,502,-249
219000447,1,42,-41
219000448,6,37,-31
219000452,220,85,135
219000453,122,193,-71
219000454,576,281,295
219000556,303,117,186
219000558,170,389,-219
219000590,49,236,-187
219000591,65,91,-26
219000592,170,531,-361
219000595,1,32,-31
219000635,162,146,16
219000636,29,130,-101
219000657,23,35,-12
219000658,44,47,-3
219000673,0,9,-9
219000676,40,2,38
219000679,171,12,159
219000684,143,1,142
219000685,2,76,-74
219000686,1,2,-1
219000688,0,134,-134
219000689,23,409,-386
219000690,255,22,233
219000691,50,258,-208
219000692,154,25,129
219000693,0,20,-20
219000694,11,2,9
219000695,12,3,9
219000698,98,0,98
219000699,0,10,-10
219000727,3,221,-218
219000728,70,11,59
219000770,73,9,64
219000771,2,42,-40
219000788,520,253,267
219001150,1,30,-29
219001151,2,3,-1
219001166,66,20,46
219001167,4,129,-125
219001178,70,3,67
220000001,118,61,57
220000002,20,208,-188
220000003,652,362,290
220000004,1479,731,748
220000005,1816,1654,162
220000006,262,1048,-786
220000007,450,755,-305
220000008,515,1485,-970
220000009,306,677,-371
220000010,367,283,84
220000011,1308,5056,-3748
220000012,107,700,-593
220000014,274,62,212
220000015,286,283,3
220000017,60,510,-450
220000018,7619,3619,4000
220000019,227,350,-123
220000020,545,280,265
220000021,621,213,408
220000022,591,590,1
220000023,223,197,26
220000024,2022,373,1649
220000025,1410,885,525
220000026,253,190,63
220000027,24,128,-104
220000028,74,70,4
220000029,112,312,-200
220000030,169,177,-8
220000031,439,441,-2
220000064,44,897,-853
221000046,6,1,5
221000047,0,3,-3
221000048,0,5,-5
221000049,0,11,-11
221000050,26,0,26
221000055,49,45,4
221000057,80,7,73
221000068,307,174,133
221000069,334,86,248
221000070,178,26,152
221000071,75,7,68
221000072,311,22,289
221000073,173,73,100
221000074,1,23,-22
221000075,43,31,12
221000076,14,36,-22
221000077,36,113,-77
221000081,38,4,34
221000082,71,18,53
221000083,113,3,110
221000084,14,1,13
221000085,12,100,-88
221000086,22,214,-192
221000087,4,219,-215
221000088,18,220,-202
221000089,57,335,-278
221000090,128,578,-450
221000098,124,16,108
221000099,131,14,117
221000100,94,7,87
221000101,362,27,335
221000102,140,21,119
221000109,9,78,-69
221000110,13,128,-115
221000111,17,257,-240
221000112,6,247,-241
221000113,22,237,-215
221000114,10,238,-228
221000120,34,44,-10
221000121,4,48,-44
221000122,81,49,32
221000123,19,26,-7
221000124,86,297,-211
221000155,92,18,74
221000156,98,39,59
221000175,1,12,-11
221000176,5,3,2
221000182,58,11,47
221000241,861,277,584
221000242,193,568,-375
221000243,850,163,687
221000244,264,682,-418
221000245,240,153,87
221000246,44,360,-316
221000247,156,185,-29
221000248,226,241,-15
221000267,83,1016,-933
221000325,58,75,-17
221000331,31,136,-105
221000338,103,35,68
221000378,249,35,214
221000381,91,88,3
222000282,35,0,35
222000296,4,29,-25
222000568,419,26,393
222000569,233,19,214
222000570,140,10,130
222000571,375,11,364
222000577,4,295,-291
222000578,13,273,-260
222000579,31,159,-128
222000580,148,979,-831
222000599,0,128,-128
222000600,0,339,-339
222000601,8,1320,-1312
222000603,37,31,6
222000604,33,34,-1
222000605,40,33,7
222000606,0,7,-7
222000607,5,2,3
222000608,75,10,65
222000609,76,366,-290
222000616,223,74,149
222000617,10,10,0
222000618,26,4,22
222000620,70,11,59
222000621,123,13,110
222000623,534,2,532
222000624,288,1,287
222000625,422,26,396
222000636,118,3,115
222000686,101,10,91
222000687,65,42,23
222001066,269,2,267
222001067,6,3,3
222001068,24,35,-11
222001069,26,47,-21
222001082,25,41,-16
222001083,20,61,-41
222001084,0,83,-83
222001085,0,81,-81
222001111,20,221,-201
222001112,89,29,60
222001313,96,4,92
222001314,7,131,-124
222001464,144,101,43
222001465,55,248,-193
222001484,130,57,73
222001485,43,68,-25
222001494,339,212,127
222001495,182,442,-260
222001496,242,98,144
222001497,175,741,-566
222001502,12,86,-74
222001503,101,76,25
222001504,10,296,-286
222001505,216,51,165
222001506,25,264,-239
222001507,197,25,172
222001510,371,28,343
222001511,32,441,-409
222001514,568,96,472
222001515,247,779,-532
222001518,159,52,107
222001519,45,358,-313
222001527,254,56,198
222001528,60,163,-103
222001529,117,28,89
222001530,45,253,-208
222001533,150,358,-208
222001534,224,68,156
222001535,215,264,-49
222001536,84,398,-314
222001537,254,19,235
222001538,73,622,-549
222001563,407,93,314
222001564,37,874,-837
222001568,382,108,274
222001576,3,1,2
222001579,0,5,-5
222001583,30,221,-191
222001584,120,54,66
222001596,515,1632,-1117
222001597,1205,226,979
222001626,0,198,-198
222001650,34,74,-40
222001651,121,154,-33
222001914,171,43,128
222001915,60,270,-210
222001968,443,264,179
222001969,434,1024,-590
222001970,284,362,-78
222001971,6,23,-17
222001972,2,15,-13
225000001,582,290,292
225000002,558,266,292
225000003,547,165,382
225000004,363,468,-105
225000005,47,93,-46
225000006,0,216,-216
225000007,4063,1887,2176
225000010,397,14,383
225000011,604,1691,-1087
225000012,189,871,-682
225000013,251,242,9
225000014,2134,133,2001
225000015,128,339,-211
225000021,894,414,480
225000027,360,733,-373
225000032,802,212,590
225000042,121,1083,-962
225000049,34,77,-43
225000050,101,14,87
225000053,8,492,-484
225000058,1122,205,917
225000067,205,254,-49
225000068,154,666,-512
225000069,190,742,-552
225000070,80,756,-676
225000071,47,356,-309
225000075,35,1714,-1679
225000076,125,207,-82
225000078,207,51,156
225000085,49,146,-97
225000086,764,62,702
225000087,342,37,305
225000088,17,264,-247
225000089,384,1152,-768
225000090,24,621,-597
225000091,194,346,-152
225000092,30,78,-48
225000093,204,556,-352
225000094,11,546,-535
225000095,475,695,-220
225000096,462,649,-187
225000098,813,292,521
225000099,381,178,203
225000100,206,155,51
225000104,86,635,-549
225000110,15,655,-640
225000111,340,1533,-1193
225000112,721,1480,-759
225000113,260,781,-521
225000114,144,450,-306
225000115,3373,746,2627
225000116,1321,226,1095
225000117,1436,531,905
225000118,1010,522,488
225000119,179,174,5
225000120,664,91,573
225000121,399,32,367
225000123,2401,21,2380
225000125,595,502,93
225000126,1972,392,1580
225000127,1375,1383,-8
225000128,616,854,-238
225000132,197,48,149
225000133,366,30,336
225000134,584,143,441
225000135,50,11,39
225000136,171,27,144
225000137,143,108,35
225000138,471,70,401
225000143,151,268,-117
225000144,9,512,-503
225000145,61,98,-37
225000146,48,189,-141
225000147,29,419,-390
225000148,15,354,-339
225000149,61,742,-681
225000151,25,415,-390
225000155,414,746,-332
225000156,480,1192,-712
225000157,372,505,-133
225000158,153,603,-450
225000171,6,241,-235
225000180,114,53,61
225000181,0,90,-90
225000182,124,15,109
225000185,13,528,-515
225000187,46,555,-509
225000191,138,4,134
225000194,0,33,-33
225000208,0,56,-56
225000209,99,45,54
225000210,1,501,-500
225000217,0,30,-30
225000218,18,3,15
225000223,4,106,-102
225000224,404,0,404
225000225,9,174,-165
225000226,381,5,376
225000227,66,188,-122
225000228,9,14,-5
225000229,1,113,-112
225000230,10,0,10
225000231,1,148,-147
225000232,102,2,100
225000241,124,1,123
225000242,0,68,-68
225000249,10,0,10
225000250,53,1447,-1394
225000251,393,62,331
226000042,789,663,126
226000043,132,393,-261
226000044,367,908,-541
226000045,139,580,-441
226000046,647,145,502
226000047,627,96,531
226000048,508,93,415
226000049,413,215,198
226000070,0,132,-132
226000071,0,131,-131
226000072,0,37,-37
226000073,0,18,-18
226000074,0,21,-21
226000084,2,73,-71
226000085,21,8,13
226000086,6,24,-18
226000087,0,34,-34
226000088,84,7,77
226000090,438,69,369
226000091,10,15,-5
226000092,2,3,-1
226000093,29,2,27
226000094,75,7,68
226000095,69,5,64
226000105,40,0,40
226000106,48,2,46
226000107,19,0,19
226000108,85,0,85
226000109,86,1,85
226000124,287,88,199
226000134,496,735,-239
226000135,949,982,-33
226000136,354,680,-326
226000137,10,862,-852
226000138,16,628,-612
226000139,1,30,-29
226000156,105,3,102
226000157,100,12,88
226000163,130,29,101
226000202,21,816,-795
226000231,308,12,296
226000232,40,6,34
227000033,381,189,192
227000036,260,42,218
227000037,148,55,93
227000038,334,64,270
227000049,0,16,-16
227000050,2,60,-58
227000055,96,1,95
227000056,120,1,119
227000084,0,67,-67
227000085,0,57,-57
227000088,225,2,223
227000089,226,3,223
227000090,197,6,191
227000091,30,2,28
227000093,294,0,294
227000094,66,1,65
227000130,46,85,-39
227000131,22,313,-291
227000132,20,285,-265
227000133,26,305,-279
227000134,24,536,-512
227000152,1,8,-7
227000153,1,67,-66
227000155,0,20,-20
227000156,3,23,-20
227000165,6,31,-25
227000196,263,337,-74
227000199,218,861,-643
227000230,16,925,-909
227000232,424,34,390
227000242,39,664,-625
227000243,629,128,501
227000245,15,494,-479
227000246,95,670,-575
227000247,417,206,211
227000248,517,72,445
227000249,70,354,-284
227000250,937,399,538
227000251,266,406,-140
227000252,20,477,-457
227000253,102,35,67
227000262,271,55,216
227000266,876,24,852
227000267,46,3283,-3237
227000282,4,411,-407
227000284,282,29,253
227000286,6,75,-69
227000287,6,133,-127
227000291,9,873,-864
227000484,427,17,410
227000485,16,1425,-1409
227000655,100,23,77
227000656,647,23,624
227000657,40,25,15
227000661,481,16,465
227000680,479,83,396
229000265,46,52,-6
229000296,1,49,-48
229000297,3,58,-55
229000298,22,302,-280
229000320,5,6,-1
229000321,30,3,27
229000412,51,57,-6
229000414,14,90,-76
229000415,16,0,16
229000416,2,8,-6
229000417,13,23,-10
229000419,138,452,-314
229000440,249,86,163
229000442,22,1,21
229000443,1,1,0
229000444,1,32,-31
229000445,58,10,48
229000446,101,25,76
229000491,3,12,-9
229000492,16,114,-98
229000493,3,82,-79
229000494,23,5,18
229000495,72,7,65
229000496,40,2,38
229000507,0,48,-48
229000508,0,35,-35
229000509,0,40,-40
229000510,2,22,-20
229000511,1,47,-46
229000512,0,48,-48
229000513,0,8,-8
229000514,0,4,-4
229000517,0,3,-3
229000518,15,31,-16
229000519,5,11,-6
229000520,7,22,-15
229000521,20,22,-2
229000522,13,11,2
229000523,20,3,17
229000524,5,4,1
229000527,1,0,1
229000528,0,0,0
229000529,1,0,1
229000530,48,0,48
229000531,31,0,31
229000532,49,1,48
229000533,47,0,47
229000534,42,0,42
229000564,14,1,13
229000565,9,0,9
229000566,0,7,-7
229000567,1,29,-28
229000582,99,3,96
229000583,18,5,13
229000584,0,22,-22
229000585,3,58,-55
229000718,0,2,-2
229000719,0,1,-1
229000720,0,4,-4
229000721,0,6,-6
229000722,0,20,-20
229000723,0,14,-14
229000724,0,1,-1
229000725,0,8,-8
229000738,3,0,3
229000739,1,0,1
229000740,1,0,1
229000741,9,0,9
229000742,2,0,2
229000743,31,0,31
229000744,3,0,3
229000745,1,0,1
229000746,31,0,31
229000847,30,0,30
229000848,15,0,15
229000849,124,2,122
229000851,32,0,32
229000854,0,65,-65
229000856,1,181,-180
229000857,0,38,-38
229000858,0,123,-123
229000919,39,105,-66
229000930,5,277,-272
229000937,64,17,47
229000966,31,26,5
229000981,2,71,-69
229000985,5,35,-30
229000986,4,8,-4
229000987,0,1,-1
229000988,8,1,7
229000989,26,32,-6
229000990,0,1,-1
229000991,7,0,7
229000992,17,2,15
229000993,229,18,211
229000998,4,106,-102
229000999,72,12,60
229001034,0,15,-15
229001035,6,1,5
229001037,26,13,13
229001042,7,22,-15
229001047,11,66,-55
229001050,22,53,-31
229001168,0,11,-11
229001200,4,0,4
229001338,4,29,-25
229001394,275,11,264
229001422,119,27,92
229001423,35,165,-130
229001431,45,40,5
229001432,34,84,-50
229001444,91,47,44
229001445,29,271,-242
229001479,7,7,0
229001503,172,99,73
229001504,111,240,-129
229001505,114,40,74
229001506,42,286,-244
229001509,33,43,-10
229001545,77,2,75
229001546,1,91,-90
229001553,36,16,20
229001554,15,124,-109
229001559,2,10,-8
229001560,3,22,-19
229001630,109,5,104
229001631,2,77,-75
229001635,3,10,-7
229001636,5,0,5
229001658,0,138,-138
229001659,58,3,55
229001660,1,1,0
229001661,10,8,2
229001662,94,1,93
229001663,0,18,-18
229002584,226,193,33
229002831,343,237,106
229002841,4,14,-10
229002842,6,29,-23
229002843,134,30,104
229002844,146,45,101
229002845,42,44,-2
229002846,26,13,13
229002847,43,6,37
229002848,28,20,8
229002849,7,40,-33
229002850,3,3,0
229002851,107,84,23
229002852,125,27,98
229002853,148,6,142
229002854,118,34,84
229002855,36,10,26
229002856,84,38,46
229002857,8,40,-32
229002858,9,25,-16
229002859,83,20,63
229002860,147,17,130
229002861,61,37,24
229002862,23,20,3
229002863,50,20,30
229002864,40,41,-1
229002865,9,17,-8
229002866,6,13,-7
229002867,8,32,-24
229002868,17,10,7
229002869,44,148,-104
229002870,39,4,35
235000066,542,106,436
235000067,126,126,0
235000072,25,71,-46
235000073,65,315,-250
235000074,31,82,-51
235000080,73,119,-46
235000081,91,161,-70
235000082,176,115,61
235000083,160,158,2
235000084,89,101,-12
235000085,58,142,-84
235000089,38,56,-18
235000092,11,207,-196
235000093,6,6,0
235000097,20,8,12
235000098,22,12,10
235000099,43,27,16
235000116,59,36,23
235000117,1189,28,1161
235000133,15,411,-396
235000134,14,169,-155
235000206,18,2,16
235000207,5,3,2
235000208,9,0,9
235000209,16,2,14
235000210,6,2,4
235000212,1,28,-27
235000213,4,15,-11
235000220,0,6,-6
235000221,206,10,196
235000238,71,67,4
235000239,1,4,-3
235000242,362,424,-62
235000245,1177,194,983
235000246,38,69,-31
235000284,9,120,-111
235000295,176,26,150
235000305,250,79,171
235000306,84,17,67
235000307,15,3,12
235000308,54,3,51
235000309,48,2,46
235000310,124,0,124
235000311,482,8,474
235000322,0,32,-32
235000323,0,64,-64
235000324,1,25,-24
235000325,0,15,-15
235000326,13,293,-280
235000351,5,120,-115
235000352,9,54,-45
235000353,3,27,-24
235000354,9,38,-29
235000355,11,75,-64
235000356,83,5,78
235000357,23,12,11
235000358,43,11,32
235000359,12,5,7
235000360,38,16,22
235000361,92,5,87
235000381,87,276,-189
235000382,132,80,52
235000390,6,7,-1
235000391,112,34,78
235000392,136,229,-93
235000393,74,178,-104
235000395,78,40,38
235000396,305,104,201
235000400,286,105,181
235000401,207,168,39
235000405,146,273,-127
235000406,48,274,-226
235000407,79,149,-70
235000409,161,229,-68
235000410,65,314,-249
235000411,1,96,-95
235000485,0,8,-8
235000486,12,0,12
235000549,55,110,-55
235000550,50,240,-190
235000599,95,91,4
235000600,24,11,13
235000601,19,63,-44
235000602,64,160,-96
235000614,3,7,-4
235000648,2,20,-18
235000649,59,5,54
235000685,1,8,-7
235000815,8,39,-31
235000834,0,13,-13
235000855,50,98,-48
235000862,54,200,-146
235000891,0,13,-13
235000892,47,5,42
235000901,55,86,-31
235000907,4,5,-1
235001010,60,121,-61
235001029,605,537,68
235001030,339,281,58
235001078,73,154,-81
235001079,97,112,-15
235001147,21,92,-71
235001166,23,93,-70
235001167,26,62,-36
235001169,41,272,-231
235001188,5,13,-8
235001189,10,0,10
235001197,24,43,-19
235001200,35,56,-21
235001207,237,77,160
235001210,46,194,-148
235001215,35,243,-208
235001239,2,60,-58
235001244,3,4,-1
235016267,0,34,-34
277101746,0,0,0
277102712,4,0,4
277103813,0,0,0
277103814,0,2,-2
277103898,0,3,-3
277104249,0,2,-2
277104250,0,20,-20
277104251,0,20,-20
277104252,0,2,-2
990011530,1,249,-248
990014944,1,516,-515
990015176,173,109,64
990015618,1,99,-98
990016032,1,518,-517
990032570,2,84,-82
990070001,87,7,80
990070103,0,1,-1
990070601,0,61,-61
990070751,378,1,377
990070766,3,706,-703
990071180,893,333,560
990071343,46,1,45
990071387,0,14,-14
990071823,605,3,602
990072600,1,751,-750
990072964,1,476,-475
990073285,0,4,-4
990074393,2,1243,-1241
990074870,960,5,955
990075106,945,6,939
990075746,428,3,425
990076437,874,20,854
990076458,4,1254,-1250
997000007,344,8,336
997000041,1,108,-107
997000058,29,0,29
997000062,214,2,212
997000069,0,4,-4
997000070,0,106,-106
997000100,16,0,16
997000141,4,377,-373
997000198,748,1149,-401
998000475,0,32,-32
998000736,1,275,-274
998000965,0,42,-42
998001031,0,72,-72
998001700,0,39,-39
998001899,0,0,0
998001900,9,3,6
998003073,844,27,817
998101900,0,0,0
998102850,0,115,-115
998501927,957,416,541
998501929,110,10,100
998501930,30,0,30
998501931,78,12,66
998501932,10,0,10
998501933,71,1,70
998501937,15,0,15
998501944,9,0,9
998501950,0,7,-7
998501970,30,1,29
998501971,0,70,-70
998501973,0,62,-62
998501974,0,307,-307
998501975,535,3,532
998501976,174,2,172
998501977,0,10,-10
998501978,76,0,76
998501979,0,8,-8
998501980,127,12,115
998501981,23,0,23
998501982,1,99,-98
998501983,0,2,-2
998502024,0,10,-10
998502032,0,3,-3
998502062,20,0,20
998502063,0,0,0
998502173,18,1,17
998502269,0,2,-2
998502546,1,162,-161
998502578,5,0,5
998502599,207,301,-94
998601159,1,213,-212
998601292,0,12,-12
999033574,0,1387,-1387
999800001,31,1,30
999800002,0,1,-1
999800003,2,0,2
999800004,0,3,-3
999800005,0,14,-14
