ID,insum,outsum,diff
100000001,622,811,-189
100000002,1948,606,1342
100000003,4579,2387,2192
100000004,1505,881,624
100000005,1531,3371,-1840
100000006,403,81,322
100000007,1549,514,1035
100000008,223,679,-456
100000009,331,157,174
100000010,47,51,-4
100000011,537,98,439
100000012,110,1078,-968
100000013,29,200,-171
100000014,359,291,68
100000015,1574,1455,119
100000016,1132,1750,-618
100000017,741,1127,-386
100000018,1571,580,991
100000019,5354,1966,3388
100000020,1488,3877,-2389
100000021,6987,2782,4205
100000022,1892,968,924
100000023,6705,1114,5591
100000025,2735,562,2173
100000028,2005,885,1120
100000029,333,225,108
100000030,543,53,490
100000031,5683,5139,544
100000032,2399,3018,-619
100000033,812,2017,-1205
100000034,808,299,509
100000035,1899,808,1091
100000036,2507,1006,1501
100000037,455,430,25
100000038,1334,831,503
100000039,729,160,569
100000040,135,123,12
100000041,692,394,298
100000042,745,340,405
100000043,826,385,441
100000044,318,952,-634
100000045,561,1897,-1336
100000046,942,1817,-875
100000047,405,934,-529
100000048,578,651,-73
100000049,2082,3255,-1173
100000051,579,1444,-865
100000053,80,6,74
100000054,288,29,259
100000055,642,261,381
100000056,336,708,-372
100000057,1563,1004,559
100000058,820,1526,-706
100000059,8,127,-119
100000060,324,346,-22
100000061,1793,564,1229
100000062,1517,471,1046
100000063,439,287,152
100000064,1045,412,633
100000065,396,1333,-937
100000066,261,1249,-988
100000067,421,1193,-772
100000068,528,2170,-1642
100000069,347,2341,-1994
100000072,538,1056,-518
100000073,1098,1545,-447
100000075,580,369,211
100000076,2384,1606,778
100000077,723,119,604
100000078,56,49,7
100000079,45,28,17
100000080,38,14,24
100000081,60,56,4
100000102,4343,1148,3195
100000103,3900,817,3083
100000104,4419,1452,2967
100000105,3417,844,2573
100000106,2497,1278,1219
100000107,754,477,277
100000108,1117,1008,109
100000109,4425,1221,3204
100000116,1394,651,743
100000117,56,38,18
100000118,1316,804,512
100000119,802,505,297
100000121,258,597,-339
100000122,1692,800,892
100000123,3144,5222,-2078
100000124,5044,7983,-2939
100000125,2603,870,1733
100000126,683,259,424
100000127,2392,366,2026
100000128,889,1014,-125
100000129,491,321,170
100000130,360,722,-362
100000131,2587,3225,-638
100000132,1173,2325,-1152
100000133,6197,3030,3167
100000135,409,632,-223
100000139,313,228,85
100000140,371,267,104
100000142,395,592,-197
100000143,2105,972,1133
100000144,5313,1068,4245
100000147,1096,2145,-1049
100000150,25,611,-586
100000151,735,518,217
100000153,460,244,216
100000154,189,72,117
100000155,22,71,-49
100000156,95,78,17
100000157,30,327,-297
100000158,127,222,-95
100000159,687,369,318
100000165,1191,745,446
100000169,875,492,383
100000174,1824,616,1208
100000179,97,490,-393
100000180,1849,1561,288
100000181,160,282,-122
100000188,112,578,-466
100000189,748,277,471
100000190,605,402,203
100000191,645,408,237
100000192,72,123,-51
100000193,116,180,-64
100000330,1960,530,1430
100000355,146,593,-447
100000362,5454,3663,1791
100000363,2319,3819,-1500
100000364,515,182,333
100000365,3511,8979,-5468
100000366,5264,2421,2843
100000367,3109,4300,-1191
100000368,1941,1845,96
100000369,969,1257,-288
100000370,107,402,-295
100000376,79,94,-15
100000379,3649,1175,2474
100000380,4756,1854,2902
100000384,5655,2784,2871
100000385,5914,3110,2804
100000386,9234,4011,5223
100000387,8043,3887,4156
100000388,8891,5303,3588
100000389,8685,4863,3822
100000390,9169,3842,5327
100000391,6525,5224,1301
100000392,5464,1652,3812
100000393,2379,1852,527
100000394,8592,3864,4728
100000395,4481,1536,2945
100000396,6529,1893,4636
100000397,3364,1823,1541
100000398,11055,7676,3379
100000413,52,16,36
100900002,2,83,-81
100900003,182,59,123
100900004,15,669,-654
100900005,94,18,76
100900006,18,347,-329
100900007,516,4,512
100900008,3,536,-533
100900009,29,38,-9
100900010,54,233,-179
100900011,71,402,-331
100900012,0,257,-257
100900013,408,8,400
100900014,2,12,-10
100900015,103,136,-33
100900016,2,45,-43
100900017,525,61,464
100900018,0,13,-13
100900019,20,99,-79
100900020,297,15,282
100900021,321,1,320
100900022,6,8,-2
100900023,0,21,-21
100900024,763,2,761
100900025,7,9,-2
100900026,54,146,-92
100900027,433,2000,-1567
100900028,111,152,-41
100900029,124,26,98
100900030,4,27,-23
100900031,305,92,213
100900032,179,0,179
100900033,188,106,82
100900034,285,0,285
100900035,419,0,419
100900036,18,1,17
100900037,39,305,-266
100900038,110,22,88
100900039,310,955,-645
100900040,245,963,-718
100900041,381,1285,-904
100900042,578,326,252
100900043,0,17,-17
100900044,2841,378,2463
100900045,62,1,61
100900046,782,2,780
100900047,783,108,675
100900048,107,13,94
100900049,98,234,-136
100900050,1,13,-12
100900051,47,45,2
100900052,148,28,120
100900053,256,17,239
100900054,4,117,-113
100900055,144,381,-237
100900056,74,178,-104
100900057,488,815,-327
100900058,249,41,208
100900059,82,1,81
100900060,95,3,92
100900061,371,265,106
100900062,0,71,-71
100900063,164,392,-228
100900064,446,16,430
100900065,86,58,28
100900066,58,73,-15
100900067,0,4,-4
100900068,63,162,-99
100900069,451,9,442
100900070,195,6,189
100900071,658,291,367
100900072,1,88,-87
100900073,73,664,-591
100900074,4,4,0
100900075,2123,326,1797
100900076,17,65,-48
100900077,14,176,-162
100900078,42,244,-202
100900079,6,51,-45
100900080,13,175,-162
100900081,30,95,-65
100900082,79,966,-887
100900083,0,35,-35
100900085,9,60,-51
100900086,134,537,-403
100900088,88,1082,-994
100900089,4,29,-25
100900090,111,308,-197
100900091,0,40,-40
100900092,160,140,20
100900093,198,202,-4
100900094,80,808,-728
100900095,3,26,-23
100900096,27,82,-55
100900097,0,5,-5
100900098,7,11,-4
100900099,35,784,-749
100900100,13,360,-347
100900101,380,46,334
100900102,3,29,-26
100900103,6,15,-9
100900104,7,189,-182
100900105,6,147,-141
100900106,68,3,65
100900107,1831,481,1350
100900108,3,4,-1
100900109,5,20,-15
100900110,0,50,-50
100900111,46,191,-145
100900112,2,5,-3
100900113,1,20,-19
100900114,3,16,-13
100900115,1,31,-30
100900116,590,486,104
100900117,239,678,-439
100900118,14,45,-31
100900119,4,17,-13
100900120,2,10,-8
100900121,262,414,-152
100900122,193,239,-46
100900123,51,108,-57
100900124,7,7,0
100900125,18,71,-53
100900126,67,187,-120
100900127,1,10,-9
100900128,75,114,-39
100900129,0,122,-122
100900131,67,173,-106
100900133,34,44,-10
100900134,0,11,-11
100900135,0,111,-111
100900137,347,166,181
100900138,460,405,55
100900139,9,8,1
100900140,3,1035,-1032
100900141,1,478,-477
100900142,1,9,-8
100900143,758,308,450
100900144,27,5,22
100900145,67,121,-54
100900146,12,15,-3
100900147,19,197,-178
100900148,39,1417,-1378
100900149,12,89,-77
100900150,4,10,-6
100900151,107,573,-466
100900152,153,7,146
100900153,1,160,-159
100900154,1,14,-13
100900155,0,18,-18
100900156,17,1,16
100900157,8,89,-81
100900159,3,17,-14
100900160,6,11,-5
100900161,166,4,162
100900162,12,152,-140
100900163,190,257,-67
100900164,68,40,28
100900165,17,63,-46
100900166,37,3,34
100900167,19,116,-97
100900168,32,136,-104
100900169,179,941,-762
100900170,22,18,4
100900171,22,707,-685
100900172,0,11,-11
100900173,11,825,-814
100900174,253,36,217
100900176,1347,110,1237
100900177,1043,337,706
100900178,339,168,171
100900179,79,62,17
100900180,1,3,-2
100900181,97,36,61
100900182,36,17,19
100900184,4,146,-142
100900186,1125,648,477
100900187,4,161,-157
100900188,29,8,21
100900189,701,164,537
100900191,1310,692,618
100900192,422,158,264
100900195,123,122,1
100900197,19,196,-177
100900198,18,438,-420
100900199,22,13,9
100900200,498,404,94
100900201,52,710,-658
100900202,28,0,28
100900203,0,128,-128
100900204,163,131,32
100900205,120,365,-245
100900206,108,34,74
100900207,135,69,66
100900210,86,1169,-1083
100900211,313,95,218
100900213,27,26,1
100900214,1162,127,1035
100900215,8,48,-40
100900217,206,55,151
101000001,4261,2168,2093
101000002,3822,4754,-932
101000003,1067,1611,-544
101000004,9333,7138,2195
101000005,4949,4776,173
101000006,7613,6579,1034
101000007,2428,2716,-288
101000008,4464,2511,1953
101000009,1718,2393,-675
101000010,933,1996,-1063
101000011,2512,809,1703
101000012,2398,605,1793
101000013,512,1007,-495
101000014,557,696,-139
101000015,928,829,99
101000016,538,358,180
101000017,693,555,138
101000018,4940,2585,2355
101000020,4760,1061,3699
101000021,1749,271,1478
101000022,311,61,250
101000023,1763,706,1057
101000025,178,295,-117
101000026,458,15,443
101000027,1927,1337,590
101000028,1121,168,953
101000029,106,621,-515
101000030,1000,61,939
101000031,448,119,329
101000032,6016,1953,4063
101000033,2732,1974,758
101000034,3363,1082,2281
101000035,1307,320,987
101000036,2243,420,1823
101000037,5068,1157,3911
101000039,3379,1647,1732
101000040,4855,3690,1165
101000041,12305,4153,8152
101000042,854,590,264
101000043,8768,3518,5250
101000045,1789,492,1297
101000046,2192,485,1707
101000047,1285,1113,172
101000048,902,912,-10
101000049,791,827,-36
101000050,2029,947,1082
101000051,2503,1216,1287
101000052,1947,488,1459
101000053,1043,1084,-41
101000054,1519,913,606
101000055,1451,1275,176
101000056,70,100,-30
101000057,2833,638,2195
101000058,2018,842,1176
101000059,4599,1643,2956
101000060,2193,383,1810
101000061,1342,1022,320
101000062,1254,609,645
101000063,742,614,128
101000064,1700,469,1231
101000065,313,276,37
101000066,564,229,335
101000067,1053,391,662
101000068,452,232,220
101000069,507,52,455
101000070,1490,1002,488
101000071,1884,973,911
101000072,978,3637,-2659
101000073,583,527,56
101000074,4352,3377,975
101000075,5471,3726,1745
101000077,1029,1899,-870
101000078,924,1940,-1016
101000079,474,1083,-609
101000080,570,579,-9
101000081,1035,1613,-578
101000082,3877,3069,808
101000083,2094,1912,182
101000084,1498,1187,311
101000085,1496,1090,406
101000086,1289,1529,-240
101000087,1059,1541,-482
101000088,1161,1115,46
101000089,802,1514,-712
101000090,2580,1981,599
101000091,349,2105,-1756
101000092,608,1076,-468
101000093,1395,892,503
101000094,721,1624,-903
101000095,285,903,-618
101000096,272,669,-397
101000097,423,336,87
101000098,551,499,52
101000099,1115,1430,-315
101000100,854,544,310
101000101,393,319,74
101000102,1389,254,1135
101000103,836,370,466
101000104,376,445,-69
101000105,1105,288,817
101000106,896,365,531
101000107,142,464,-322
101000108,1922,397,1525
101000109,205,87,118
101000110,35,933,-898
101000111,107,165,-58
101000113,152,493,-341
101000114,3490,1409,2081
101000115,130,68,62
101000116,191,84,107
101000117,685,268,417
101000119,157,42,115
101000120,264,31,233
101000121,125,26,99
101000122,133,51,82
101000123,70,41,29
101000124,154,208,-54
101000125,264,594,-330
101000128,966,299,667
101000130,247,346,-99
101000131,554,831,-277
101000132,482,2371,-1889
101000135,134,23,111
101000136,289,79,210
101000137,25,254,-229
101000141,2270,1764,506
101000147,946,695,251
101000148,2320,21,2299
101000149,117,101,16
101000150,62,1545,-1483
101000151,133,73,60
101000152,419,278,141
101000153,609,519,90
101000154,148,2156,-2008
101000155,121,203,-82
101000156,22,254,-232
101000157,59,14,45
101000160,70,46,24
101000163,222,105,117
101000164,495,504,-9
101000165,213,511,-298
101000166,290,361,-71
101000168,727,373,354
101000252,1341,1036,305
101000254,494,38,456
101000258,42,30,12
101000261,59,275,-216
101000262,853,897,-44
101000263,213,629,-416
101000265,61,443,-382
101000266,405,284,121
101000269,181,15,166
101000290,1919,2190,-271
101000293,51,59,-8
101000294,566,570,-4
101000295,133,530,-397
101000301,805,235,570
101000304,2029,2592,-563
101000305,2313,1721,592
101000328,110,397,-287
101900001,24,96,-72
101900002,0,16,-16
101900003,141,104,37
101900004,7,39,-32
101900005,6829,1431,5398
101900006,896,41,855
101900007,595,41,554
101900008,146,258,-112
101900009,48,417,-369
101900010,1261,616,645
101900011,373,1136,-763
101900012,122,290,-168
101900013,1426,142,1284
101900017,31,150,-119
101900018,2239,225,2014
101900019,346,157,189
101900020,63,73,-10
101900021,1,58,-57
101900022,110,1641,-1531
101900023,51,323,-272
101900026,128,40,88
101900027,7,105,-98
102000001,2877,4018,-1141
102000002,3170,1766,1404
102000003,3597,5094,-1497
102000004,8193,3123,5070
102000005,1601,2379,-778
102000006,1783,2070,-287
102000007,1468,4153,-2685
102000008,5559,2257,3302
102000009,4806,7820,-3014
102000010,5493,4236,1257
102000011,2574,2197,377
102000012,3535,3698,-163
102000018,3844,2772,1072
102000019,3115,1768,1347
102000026,325,1006,-681
102000029,396,282,114
102000030,82,346,-264
102000031,33,248,-215
102000032,320,533,-213
102000033,198,532,-334
102000034,567,659,-92
102000035,1115,715,400
102000036,5,497,-492
102000037,181,168,13
102000038,381,146,235
102000039,486,77,409
102000040,942,116,826
102000041,372,364,8
102000042,275,120,155
102000043,494,297,197
102000044,785,908,-123
102000045,735,1488,-753
102000046,1159,635,524
102000047,537,1707,-1170
102000048,257,1016,-759
102000049,1222,913,309
102000050,1271,1393,-122
102000051,547,817,-270
102000052,1561,1009,552
102000053,1103,1091,12
102000054,364,998,-634
102000055,718,1572,-854
102000056,595,1953,-1358
102000057,1010,554,456
102000058,972,2760,-1788
102000059,1108,1667,-559
102000060,1095,1021,74
102000061,1088,2829,-1741
102000062,1163,1603,-440
102000063,1473,1836,-363
102000064,582,712,-130
102000065,60,196,-136
102000066,997,1887,-890
102000067,2566,3327,-761
102000068,12440,3730,8710
102000069,44,2631,-2587
102000070,1916,76,1840
102000071,8730,11198,-2468
102000072,3279,7476,-4197
102000073,507,1222,-715
102000074,385,1017,-632
102000075,86,382,-296
102000076,131,680,-549
102000077,294,1849,-1555
102000078,586,1093,-507
102000079,224,347,-123
102000080,232,235,-3
102000081,275,1020,-745
102000082,839,296,543
102000083,363,716,-353
102000084,101,531,-430
102000085,1716,1539,177
102000086,1033,1186,-153
102000087,843,2284,-1441
102000088,229,300,-71
102000089,826,563,263
102000090,435,1258,-823
102000091,1344,465,879
102000092,336,885,-549
102000093,803,711,92
102000094,819,551,268
102000095,875,919,-44
102000096,703,702,1
102000097,811,704,107
102000098,642,731,-89
102000099,1065,552,513
102000100,968,1100,-132
102000101,1360,490,870
102000102,341,3404,-3063
102000103,1421,406,1015
102000104,1319,404,915
102000105,286,1095,-809
102000106,533,1122,-589
102000107,779,730,49
102000108,477,398,79
102000109,319,801,-482
102000110,643,2390,-1747
102000111,10,482,-472
102000112,147,79,68
102000113,24,31,-7
102000114,1506,523,983
102000115,219,195,24
102000116,586,355,231
102000117,295,638,-343
102000118,2110,1057,1053
102000119,3328,737,2591
102000120,184,664,-480
102000121,868,681,187
102000122,438,942,-504
102000123,1656,990,666
102000124,1158,1209,-51
102000125,830,1021,-191
102000126,586,790,-204
102000127,921,860,61
102000128,593,1433,-840
102000129,970,1228,-258
102000130,412,816,-404
102000131,1109,877,232
102000132,337,777,-440
102000133,1094,2815,-1721
102000134,489,874,-385
102000135,1126,1299,-173
102000136,1343,718,625
102000137,944,932,12
102000138,178,385,-207
102000139,109,335,-226
102000140,333,253,80
102000141,164,529,-365
102000142,182,472,-290
102000143,79,676,-597
102000144,170,533,-363
102000145,245,546,-301
102000146,237,341,-104
102000147,309,342,-33
102000148,284,334,-50
102000149,174,857,-683
102000150,163,419,-256
102000151,167,516,-349
102000152,105,244,-139
102000153,935,357,578
102000154,573,835,-262
102000155,110,313,-203
102000156,568,65,503
102000157,234,160,74
102000158,694,359,335
102000159,2004,379,1625
102000161,5005,1915,3090
102000162,252,147,105
102000163,99,469,-370
102000164,1096,812,284
102000165,257,128,129
102000166,32,129,-97
102000167,179,209,-30
102000168,163,100,63
102000169,85,605,-520
102000170,653,177,476
102000171,176,84,92
102000172,55,319,-264
102000173,517,244,273
102000174,30,61,-31
102000175,174,236,-62
102000176,38,51,-13
102000178,295,853,-558
102000179,284,286,-2
102000180,514,754,-240
102000181,397,853,-456
102000182,452,898,-446
102000183,1253,2665,-1412
102000184,1404,1180,224
102000185,1600,2298,-698
102000186,882,2593,-1711
102000187,595,2318,-1723
102000188,771,1700,-929
102000189,3150,1119,2031
102000190,492,2254,-1762
102000191,1297,767,530
102000192,929,1334,-405
102000193,60,225,-165
102000194,80,174,-94
102000195,484,804,-320
102000196,96,848,-752
102000197,404,717,-313
102000198,138,1248,-1110
102000199,475,508,-33
102000200,301,1857,-1556
102000201,483,715,-232
102000202,5,184,-179
102000203,242,422,-180
102000204,249,1348,-1099
102000205,876,799,77
102000206,750,932,-182
102000207,1071,537,534
102000208,482,723,-241
102000209,27,59,-32
102000210,231,680,-449
102000211,484,723,-239
102000212,175,10,165
102000213,5,634,-629
102000214,149,17,132
102000215,3,942,-939
102000216,25,65,-40
102000217,12,304,-292
102000218,183,111,72
102000219,706,429,277
102000225,874,1036,-162
102000226,1662,937,725
102000227,143,2,141
102000228,0,164,-164
102000229,16,34,-18
102000230,330,851,-521
102000231,367,554,-187
102000232,18,341,-323
102000233,391,892,-501
102000234,112,1358,-1246
102000236,240,127,113
102000237,809,275,534
102000238,134,423,-289
102000240,692,592,100
102000241,177,144,33
102000243,21,89,-68
102000245,45,140,-95
102000246,29,39,-10
102000247,1286,1234,52
102000248,795,1094,-299
102000249,129,201,-72
102000250,55,667,-612
102000254,50,504,-454
102000266,60,201,-141
102000271,15,0,15
102000286,565,407,158
102000297,1756,1214,542
102000301,0,0,0
102000303,0,0,0
102000307,0,24,-24
102900001,1008,1411,-403
102900002,255,23,232
102900003,33,418,-385
102900005,248,452,-204
102900006,503,336,167
102900007,390,24,366
102900008,230,165,65
102900009,439,199,240
102900010,530,507,23
102900011,2191,399,1792
102900012,303,65,238
102900013,21,85,-64
102900015,778,315,463
102900016,33,153,-120
102900017,69,702,-633
102900018,21,140,-119
102900019,443,719,-276
102900020,113,49,64
102900021,19,175,-156
102900022,501,95,406
102900023,22,83,-61
102900024,20,63,-43
102900025,322,133,189
102900026,738,1276,-538
102900027,52,61,-9
102900028,112,512,-400
102900029,209,170,39
102900030,235,259,-24
102900031,93,197,-104
102900032,24,164,-140
102900033,71,142,-71
102900034,216,166,50
102900035,80,640,-560
102900036,237,812,-575
102900037,197,935,-738
102900038,478,774,-296
102900039,63,297,-234
102900040,100,267,-167
102900041,83,263,-180
102900042,126,436,-310
102900043,74,277,-203
102900044,483,2416,-1933
102900045,101,658,-557
102900046,89,414,-325
102900047,128,927,-799
102900048,573,884,-311
102900049,90,397,-307
102900050,226,440,-214
102900051,179,223,-44
102900053,263,1014,-751
102900054,1022,762,260
102900055,80,79,1
102900056,108,587,-479
102900057,2,36,-34
102900058,249,54,195
102900059,18,47,-29
102900060,107,607,-500
102900061,104,680,-576
102900062,209,1835,-1626
102900063,749,492,257
102900064,95,487,-392
102900065,2109,537,1572
102900066,369,69,300
102900068,98,101,-3
102900070,176,1043,-867
102900072,14,26,-12
102900073,208,10,198
102900075,49,22,27
102900076,361,57,304
102900077,34,44,-10
102900078,57,118,-61
102900079,296,16,280
102900080,378,20,358
102900081,67,308,-241
102900082,13,303,-290
102900083,340,7,333
102900084,3,19,-16
102900085,184,71,113
102900086,4,56,-52
102900087,88,154,-66
102900088,24,44,-20
102900089,297,149,148
102900090,2,603,-601
102900091,133,2,131
102900092,336,1198,-862
102900094,26,84,-58
102900095,124,2,122
102900096,31,11,20
102900097,91,202,-111
103000001,2609,3387,-778
103000002,2741,2909,-168
103000003,4240,3306,934
103000004,1166,816,350
103000005,2867,3004,-137
103000006,835,1673,-838
103000007,450,1055,-605
103000008,1163,1391,-228
103000009,1099,1083,16
103000010,138,166,-28
103000011,1955,1257,698
103000012,1181,1732,-551
103000013,6926,2285,4641
103000014,1406,2236,-830
103000015,3205,900,2305
103000016,613,1123,-510
103000017,201,405,-204
103000018,1488,526,962
103000019,213,206,7
103000020,2333,1690,643
103000021,1757,1631,126
103000022,1513,1226,287
103000023,609,1629,-1020
103000024,143,183,-40
103000025,86,396,-310
103000026,2006,153,1853
103000027,244,501,-257
103000028,634,450,184
103000029,369,227,142
103000030,2082,705,1377
103000031,1735,1727,8
103000032,1876,1932,-56
103000033,2559,2990,-431
103000034,1418,1084,334
103000035,506,1287,-781
103000036,447,612,-165
103000037,668,516,152
103000038,460,1001,-541
103000039,238,615,-377
103000040,244,1528,-1284
103000041,1792,3668,-1876
103000042,740,1062,-322
103000043,353,1526,-1173
103000044,177,333,-156
103000046,300,502,-202
103000047,706,818,-112
103000048,218,217,1
103000049,86,235,-149
103000050,714,989,-275
103000051,309,723,-414
103000052,798,675,123
103000053,199,690,-491
103000054,2159,1494,665
103000055,1523,2138,-615
103000056,671,3090,-2419
103000057,329,327,2
103000058,469,1233,-764
103000059,287,983,-696
103000060,746,1143,-397
103000061,265,1051,-786
103000062,972,1103,-131
103000063,629,754,-125
103000064,144,391,-247
103000065,4,407,-403
103000066,127,5,122
103000069,193,433,-240
103000070,834,1700,-866
103000071,809,410,399
103000072,115,1166,-1051
103000073,566,132,434
103000074,547,112,435
103000075,165,1080,-915
103000076,233,266,-33
103000077,88,449,-361
103000078,1857,504,1353
103000079,2086,652,1434
103000080,1306,410,896
103000081,627,996,-369
103000082,487,289,198
103000083,115,425,-310
103000084,199,5,194
103000085,3,156,-153
103000086,1136,410,726
103000087,185,521,-336
103000088,556,423,133
103000089,284,457,-173
103000090,1684,1036,648
103000091,486,488,-2
103000092,316,291,25
103000093,328,628,-300
103000094,158,141,17
103000095,42,458,-416
103000096,740,156,584
103000097,72,847,-775
103000098,829,195,634
103000099,388,782,-394
103000100,112,1292,-1180
103000101,596,185,411
103000102,105,1084,-979
103000103,566,314,252
103000104,63,171,-108
103000105,129,186,-57
103000106,26,113,-87
103000107,304,70,234
103000108,736,593,143
103000109,435,341,94
103000110,472,425,47
103000111,674,378,296
103000112,351,305,46
103000113,816,799,17
103000114,1269,423,846
103000115,421,769,-348
103000116,409,846,-437
103000117,281,738,-457
103000118,2139,1202,937
103000119,2489,666,1823
103000120,76,84,-8
103000121,476,958,-482
103000122,600,454,146
103000125,13,522,-509
103000126,341,10,331
103000127,3,274,-271
103000128,123,6,117
103000129,3,177,-174
103000130,35,25,10
103000131,203,130,73
103000132,63,152,-89
103000133,5,125,-120
103000134,731,713,18
103000135,1078,299,779
103000136,934,435,499
103000137,839,733,106
103000138,964,798,166
103000139,5,49,-44
103000140,253,30,223
103000141,43,179,-136
103000142,187,83,104
103000143,80,266,-186
103000144,233,141,92
103000145,11,23,-12
103000150,90,74,16
103000152,487,268,219
103000153,397,180,217
103000156,4,548,-544
103000157,249,4,245
103000159,138,170,-32
103000162,135,22,113
103000163,30,36,-6
103000164,34,12,22
103000165,362,627,-265
103000166,194,217,-23
103000167,221,117,104
103000168,87,238,-151
103000169,199,380,-181
103000170,385,624,-239
103000171,62,63,-1
103000172,263,385,-122
103000173,269,1163,-894
103000174,162,396,-234
103000175,145,541,-396
103000176,1012,420,592
103000177,834,538,296
103000178,317,352,-35
103000179,145,37,108
103000183,103,45,58
103000185,61,112,-51
103000186,99,194,-95
103000187,297,880,-583
103000188,6,75,-69
103000189,990,1382,-392
103000191,620,1039,-419
103000292,2988,935,2053
103000293,1548,1380,168
103000295,98,65,33
103000296,165,1,164
103000297,52,11,41
103000504,38,22,16
103000505,9,5,4
103000506,1,243,-242
103000507,167,0,167
103000508,79,21,58
103000509,406,608,-202
103900001,5,605,-600
103900002,2165,191,1974
103900003,2226,89,2137
103900004,45,1,44
103900005,0,330,-330
103900006,1,2,-1
103900007,14,0,14
103900008,36,0,36
103900009,210,352,-142
103900010,147,352,-205
103900011,129,335,-206
103900012,20,11,9
103900013,39,138,-99
103900014,30,29,1
103900015,31,26,5
103900016,390,337,53
103900017,41,79,-38
103900018,886,258,628
103900019,66,315,-249
103900020,186,453,-267
103900021,976,56,920
103900022,1046,693,353
103900023,93,2,91
103900024,101,855,-754
103900025,6,51,-45
103900026,64,0,64
103900027,561,371,190
103900028,32,186,-154
103900029,941,155,786
103900030,290,42,248
103900031,14,3,11
103900032,73,50,23
103900033,86,8,78
103900034,30,365,-335
103900035,39,87,-48
103900036,40,16,24
103900037,38,42,-4
103900038,57,144,-87
103900039,47,654,-607
103900040,24,312,-288
103900041,34,46,-12
103900042,29,632,-603
103900043,105,175,-70
103900044,277,179,98
103900045,225,204,21
103900047,25,38,-13
103900048,46,20,26
103900049,236,1849,-1613
103900050,3,96,-93
103900051,1,38,-37
103900052,193,723,-530
103900053,146,1665,-1519
103900054,102,779,-677
103900055,374,262,112
103900056,26,44,-18
103900057,24,387,-363
103900058,125,1037,-912
103900059,0,12,-12
103900060,34,387,-353
103900061,65,81,-16
103900062,209,72,137
103900063,5,0,5
103900064,74,5,69
103900065,862,547,315
103900066,95,8,87
103900067,98,9,89
103900068,12,3,9
103900069,101,7,94
103900070,121,411,-290
103900071,29,258,-229
103900072,6,455,-449
103900073,38,20,18
103900074,49,141,-92
103900075,115,131,-16
103900076,318,1019,-701
103900077,59,86,-27
103900078,114,152,-38
103900079,111,255,-144
103900080,13,47,-34
103900081,157,23,134
103900082,9,114,-105
103900083,2030,685,1345
103900084,25,148,-123
103900085,72,136,-64
103900086,396,305,91
103900088,397,277,120
103900089,61,286,-225
103900090,0,304,-304
103900091,1019,339,680
103900092,629,721,-92
103900093,90,407,-317
103900094,16,161,-145
103900095,537,153,384
103900096,13,405,-392
103900097,12,661,-649
103900098,238,120,118
103900099,48,304,-256
103900100,171,489,-318
103900101,69,1329,-1260
103900102,1,32,-31
103900104,2,47,-45
103900105,117,263,-146
103900106,0,21,-21
103900107,38,324,-286
103900108,49,529,-480
103900109,52,145,-93
103900110,169,54,115
103900111,39,1079,-1040
103900112,30,74,-44
103900113,157,225,-68
103900114,588,451,137
103900115,332,153,179
103900116,9184,2143,7041
103900117,279,164,115
103900119,19,33,-14
103900120,66,116,-50
103900122,46,484,-438
103900123,2118,596,1522
103900124,56,810,-754
103900125,89,97,-8
103900126,361,895,-534
103900127,77,1187,-1110
103900128,57,289,-232
103900131,22,180,-158
103900133,1143,58,1085
103900134,0,1,-1
103900135,14,9,5
103900137,0,57,-57
103900138,57,525,-468
103900139,403,1219,-816
103900140,1,50,-49
103900141,224,96,128
103900142,83,272,-189
103900143,45,8,37
103900144,1,110,-109
103900145,128,404,-276
103900146,223,461,-238
103900147,253,135,118
103900148,142,273,-131
103900149,149,1036,-887
103900150,9863,2828,7035
103900151,49,209,-160
103900152,297,904,-607
103900153,12,2,10
103900154,1404,1609,-205
103900155,16,280,-264
103900156,9,238,-229
103900157,17,330,-313
103900158,43,356,-313
103900159,57,99,-42
103900160,35,23,12
103900161,102,240,-138
103900162,53,328,-275
103900163,5,451,-446
103900167,21,113,-92
103900168,86,183,-97
103900169,35,54,-19
103900170,2,142,-140
103900171,16,139,-123
103900172,13,67,-54
103900173,9,8,1
103900174,85,62,23
103900175,68,38,30
103900176,11,18,-7
103900177,7,65,-58
103900178,24,175,-151
103900179,25,430,-405
103900180,18,308,-290
103900181,93,111,-18
103900182,49,21,28
103900184,927,49,878
103900185,628,155,473
103900187,111,44,67
103900188,68,22,46
103900189,159,11,148
103900190,53,75,-22
103900191,47,64,-17
103900192,44,117,-73
103900193,174,238,-64
103900194,117,461,-344
103900195,12,35,-23
103900196,28,18,10
103900197,13,27,-14
103900198,24,70,-46
103900199,120,135,-15
103900200,139,216,-77
103900201,87,249,-162
103900202,5,70,-65
103900203,28,18,10
103900204,4,192,-188
103900207,5,273,-268
103900208,58,6,52
103900209,10,132,-122
103900210,37,33,4
103900211,342,878,-536
103900212,51,684,-633
103900213,152,264,-112
103900214,457,196,261
103900215,776,255,521
103900216,10,562,-552
103900217,400,162,238
103900218,0,431,-431
103900219,145,478,-333
103900233,99,5,94
103900235,58,36,22
103900236,64,10,54
103900242,10,28,-18
103900243,8,8,0
103900244,87,405,-318
103900245,82,238,-156
103900246,115,36,79
103900247,51,131,-80
103900248,12,58,-46
103900249,31,51,-20
103900250,68,28,40
103900251,1,60,-59
103900253,30,71,-41
103900254,12,38,-26
103900255,66,25,41
103900256,20,49,-29
103900257,155,200,-45
103900258,78,5,73
103900259,64,5,59
103900261,8,7,1
103900262,18,5,13
103900263,120,109,11
103900264,78,46,32
103900265,125,37,88
103900266,1,38,-37
103900267,14,65,-51
103900268,6,210,-204
103900269,96,46,50
103900270,36,237,-201
103900271,46,266,-220
103900272,73,122,-49
103900273,17,122,-105
103900274,40,8,32
103900275,20,6,14
103900276,6,189,-183
103900277,2,165,-163
103900278,15,94,-79
103900279,0,15,-15
103900280,5,310,-305
104000001,2223,2466,-243
104000002,1947,4056,-2109
104000003,2194,2611,-417
104000004,3432,3810,-378
104000005,1366,2157,-791
104000006,2908,3737,-829
104000007,4451,5193,-742
104000008,326,607,-281
104000009,144,130,14
104000010,152,264,-112
104000011,1107,499,608
104000012,198,608,-410
104000013,157,187,-30
104000014,316,890,-574
104000015,280,278,2
104000016,631,542,89
104000018,606,220,386
104000019,498,152,346
104000020,259,1121,-862
104000021,371,887,-516
104000022,139,377,-238
104000023,496,419,77
104000024,336,623,-287
104000026,77,447,-370
104000027,375,659,-284
104000028,390,394,-4
104000029,591,737,-146
104000030,250,384,-134
104000031,953,421,532
104000032,252,421,-169
104000033,649,595,54
104000034,322,530,-208
104000035,717,629,88
104000036,699,882,-183
104000037,339,430,-91
104000038,359,390,-31
104000039,202,543,-341
104000040,765,555,210
104000041,468,412,56
104000042,257,592,-335
104000043,383,658,-275
104000044,262,1094,-832
104000045,1213,1867,-654
104000046,1764,2175,-411
104000047,748,1875,-1127
104000048,1231,2406,-1175
104000049,393,343,50
104000050,186,727,-541
104000051,102,931,-829
104000052,1027,1989,-962
104000053,705,908,-203
104000054,520,688,-168
104000055,4360,3597,763
104000056,2005,282,1723
104000057,118,597,-479
104000058,654,984,-330
104000059,561,1679,-1118
104000060,877,1361,-484
104000061,1309,1726,-417
104000062,199,264,-65
104000064,640,487,153
104000065,109,564,-455
104000069,2078,956,1122
104000070,84,357,-273
104000071,144,500,-356
104000072,583,352,231
104000075,71,471,-400
104000076,538,34,504
104000082,2271,3179,-908
104000083,772,288,484
104000084,117,568,-451
104000085,270,365,-95
104000086,198,512,-314
104000087,426,1243,-817
104000090,626,2324,-1698
104000092,777,3842,-3065
104000094,857,2807,-1950
104000095,1511,1885,-374
104000096,1163,627,536
104000097,1481,1644,-163
104000098,1512,1918,-406
104000100,1225,867,358
104000101,973,3418,-2445
104000106,86,631,-545
104000107,613,774,-161
104000108,437,861,-424
104000109,285,66,219
104000110,1049,1310,-261
104000111,6347,2104,4243
104000112,2814,788,2026
104000116,4,1804,-1800
104000117,110,1690,-1580
104000118,334,393,-59
104000119,375,361,14
104000120,209,1480,-1271
104000121,234,970,-736
104000122,545,842,-297
104000123,1093,1607,-514
104000124,1284,3637,-2353
104000125,6494,3671,2823
104000126,322,506,-184
104000127,1612,4536,-2924
104000128,922,606,316
104000129,521,34,487
104000130,10,434,-424
104000131,1199,899,300
104000132,844,1156,-312
104000133,1125,1101,24
104000134,847,1759,-912
104000135,356,1511,-1155
104000136,842,3312,-2470
104000137,1554,392,1162
104000138,1443,498,945
104000139,9478,3681,5797
104000141,1231,2637,-1406
104000142,798,1466,-668
104000143,661,985,-324
104000144,108,281,-173
104000145,475,209,266
104000146,411,739,-328
104000147,124,507,-383
104000148,222,150,72
104000149,192,575,-383
104000150,628,638,-10
104000151,391,767,-376
104000152,552,887,-335
104000153,431,522,-91
104000154,1145,905,240
104000155,412,545,-133
104000157,1148,2594,-1446
104000158,298,400,-102
104000159,585,530,55
104000160,1744,2062,-318
104000161,308,246,62
104000162,48,170,-122
104000165,2199,1495,704
104000167,560,738,-178
104000168,402,3,399
104000169,56,84,-28
104000170,746,473,273
104000248,325,1599,-1274
104000251,80,388,-308
104000272,0,0,0
104000273,0,0,0
104000274,0,0,0
104000275,0,0,0
104000279,737,554,183
104000290,52,448,-396
104000291,660,1509,-849
104000293,721,987,-266
104000294,10,0,10
104000295,497,980,-483
104000296,321,877,-556
104000297,780,1748,-968
104000298,1918,1049,869
104000299,784,2126,-1342
104900001,146,680,-534
104900002,29,107,-78
104900003,53,446,-393
104900004,88,402,-314
104900005,150,159,-9
104900006,132,110,22
104900007,206,353,-147
104900009,84,758,-674
104900010,40,43,-3
104900011,26,4,22
104900012,192,17,175
104900013,107,7,100
104900014,4790,409,4381
104900015,123,4,119
104900016,135,481,-346
104900017,123,238,-115
104900018,12,239,-227
104900019,369,1806,-1437
104900020,72,333,-261
104900021,4,477,-473
104900022,16,181,-165
104900023,0,197,-197
104900024,15,137,-122
104900025,52,706,-654
104900026,3,192,-189
104900027,338,266,72
104900028,17,126,-109
104900029,26,159,-133
104900030,443,258,185
104900031,179,222,-43
104900032,36,237,-201
104900033,113,237,-124
104900034,264,121,143
104900035,179,134,45
104900036,191,79,112
104900037,148,467,-319
104900038,645,363,282
104900039,1042,114,928
104900040,180,80,100
104900041,236,181,55
104900042,128,609,-481
104900043,14,53,-39
104900044,362,237,125
104900045,342,83,259
104900046,122,163,-41
104900047,269,197,72
104900048,190,112,78
104900049,14,11,3
104900050,183,82,101
104900051,242,60,182
104900052,30,2,28
104900053,339,85,254
104900054,48,43,5
104900055,55,0,55
104900056,201,19,182
104900057,21,1,20
104900058,409,170,239
104900059,47,52,-5
104900060,0,448,-448
104900061,396,828,-432
104900063,0,199,-199
104900064,1,243,-242
104900065,1,158,-157
104900066,2,370,-368
104900067,6,380,-374
104900068,8,313,-305
104900070,154,389,-235
104900071,2,1064,-1062
104900072,42,286,-244
104900073,43,534,-491
104900074,44,274,-230
104900075,32,134,-102
104900076,83,584,-501
104900077,1992,130,1862
104900078,176,993,-817
104900079,130,309,-179
104900080,59,689,-630
104900082,10,418,-408
104900085,33,368,-335
104900087,347,11,336
104900089,65,0,65
104900090,432,649,-217
104900091,488,1133,-645
104900093,239,791,-552
104900097,3399,1153,2246
104900098,60,65,-5
104900099,1224,900,324
104900100,1147,256,891
104900102,37,406,-369
104900103,429,137,292
104900104,3914,1364,2550
104900106,44,130,-86
104900107,74,493,-419
104900108,34,525,-491
104900109,56,200,-144
104900110,5,73,-68
104900111,151,128,23
104900112,216,1253,-1037
104900113,517,623,-106
104900114,288,995,-707
104900115,513,678,-165
104900116,163,353,-190
104900118,30,105,-75
104900119,0,43,-43
104900120,158,97,61
104900121,2,176,-174
104900122,2,141,-139
104900123,12,0,12
104900124,11,1,10
104900125,439,2,437
104900126,77,88,-11
104900127,53,70,-17
104900128,83,117,-34
104900129,3227,1332,1895
105000001,2763,2079,684
105000002,2877,2145,732
105000003,3460,4436,-976
105000004,568,1612,-1044
105000005,665,1527,-862
105000006,1176,2002,-826
105000007,1291,1640,-349
105000008,1295,2610,-1315
105000009,1533,3246,-1713
105000010,3890,3820,70
105000011,1903,2632,-729
105000012,4169,3995,174
105000013,714,1109,-395
105000014,1195,2207,-1012
105000015,8461,6947,1514
105000016,4737,2133,2604
105000017,1974,1331,643
105000018,1638,1163,475
105000019,1681,1087,594
105000020,298,305,-7
105000021,382,194,188
105000022,166,40,126
105000023,386,212,174
105000028,82,250,-168
105000029,390,1212,-822
105000030,4656,4518,138
105000031,4,17,-13
105000033,993,2665,-1672
105000034,207,695,-488
105000037,668,928,-260
105000038,1329,1562,-233
105000039,2921,2004,917
105000040,632,919,-287
105000041,469,1513,-1044
105000042,1807,1383,424
105000043,2007,2313,-306
105000044,345,446,-101
105000045,310,1056,-746
105000046,766,463,303
105000047,558,1899,-1341
105000048,492,228,264
105000049,286,995,-709
105000050,519,529,-10
105000051,230,752,-522
105000052,446,1607,-1161
105000053,221,305,-84
105000054,263,1436,-1173
105000055,445,691,-246
105000056,922,4190,-3268
105000057,1173,1397,-224
105000058,1640,2042,-402
105000059,627,726,-99
105000060,650,1114,-464
105000061,447,701,-254
105000062,1201,1833,-632
105000063,512,1084,-572
105000064,1174,775,399
105000065,510,1583,-1073
105000066,1361,3215,-1854
105000067,1003,634,369
105000068,817,1252,-435
105000069,5078,1028,4050
105000070,1244,932,312
105000071,537,615,-78
105000072,1408,1603,-195
105000073,929,676,253
105000074,956,1146,-190
105000075,792,1027,-235
105000076,1709,1209,500
105000077,2256,857,1399
105000078,1687,1759,-72
105000079,2091,2067,24
105000080,1808,1003,805
105000081,2028,861,1167
105000082,778,528,250
105000083,1561,855,706
105000084,773,1414,-641
105000085,1468,1186,282
105000086,730,1125,-395
105000087,4304,2492,1812
105000088,1386,1665,-279
105000089,3109,2591,518
105000090,834,1025,-191
105000091,1562,2107,-545
105000092,746,1301,-555
105000093,336,200,136
105000094,274,277,-3
105000095,90,437,-347
105000096,1235,693,542
105000097,1556,957,599
105000098,856,652,204
105000099,1118,1287,-169
105000100,961,1553,-592
105000101,1983,2829,-846
105000102,1144,2019,-875
105000103,1321,3102,-1781
105000104,1630,1515,115
105000105,1010,3014,-2004
105000106,1168,2159,-991
105000107,932,1666,-734
105000108,1034,3137,-2103
105000109,1269,2655,-1386
105000110,763,1549,-786
105000111,687,931,-244
105000112,1182,1282,-100
105000113,482,740,-258
105000114,6457,1355,5102
105000115,369,954,-585
105000116,695,500,195
105000117,1006,2368,-1362
105000118,268,458,-190
105000119,449,2079,-1630
105000120,572,753,-181
105000121,941,2128,-1187
105000122,287,651,-364
105000123,1363,2372,-1009
105000124,1374,1404,-30
105000125,723,2965,-2242
105000126,1954,3595,-1641
105000127,2550,2678,-128
105000128,573,2341,-1768
105000129,840,434,406
105000130,197,1617,-1420
105000131,776,495,281
105000132,668,557,111
105000133,346,1413,-1067
105000134,728,655,73
105000135,483,858,-375
105000136,161,523,-362
105000137,308,237,71
105000138,238,434,-196
105000139,1069,1496,-427
105000140,265,670,-405
105000141,270,933,-663
105000142,138,677,-539
105000143,237,1100,-863
105000144,358,1072,-714
105000145,606,694,-88
105000146,795,1125,-330
105000147,657,518,139
105000148,1101,1068,33
105000149,1984,2850,-866
105000150,2420,2197,223
105000151,479,468,11
105000152,213,1016,-803
105000153,608,680,-72
105000154,768,1778,-1010
105000155,289,788,-499
105000156,1018,1583,-565
105000157,948,3652,-2704
105000158,1938,1074,864
105000159,345,2254,-1909
105000160,1845,760,1085
105000161,944,2907,-1963
105000162,851,1717,-866
105000163,2742,1750,992
105000164,213,423,-210
105000165,2885,5017,-2132
105000166,11214,459,10755
105000167,4901,1527,3374
105000168,248,1484,-1236
105000169,343,490,-147
105000170,111,1792,-1681
105000171,1286,589,697
105000172,44,112,-68
105000173,70,65,5
105000174,37,46,-9
105000175,54,158,-104
105000176,131,92,39
105000177,269,144,125
105000178,131,1530,-1399
105000179,240,134,106
105000180,57,144,-87
105000181,72,972,-900
105000182,55,61,-6
105000183,3600,2129,1471
105000184,1206,942,264
105000185,991,859,132
105000186,356,1089,-733
105000187,576,256,320
105000188,257,78,179
105000189,148,619,-471
105000190,183,264,-81
105000191,400,569,-169
105000192,181,108,73
105000193,99,160,-61
105000194,413,62,351
105000195,255,1435,-1180
105000196,58,151,-93
105000197,241,912,-671
105000198,689,355,334
105000199,393,357,36
105000200,74,270,-196
105000201,92,34,58
105000203,15,495,-480
105000204,60,87,-27
105000205,77,328,-251
105000207,508,200,308
105000208,251,482,-231
105000209,262,370,-108
105000211,86,18,68
105000212,1103,2496,-1393
105000213,157,172,-15
105000214,57,338,-281
105000215,196,384,-188
105000216,90,329,-239
105000217,116,355,-239
105000218,704,1554,-850
105000221,317,439,-122
105000222,103,89,14
105000223,132,214,-82
105000226,73,677,-604
105000227,31,324,-293
105000228,544,1007,-463
105000229,90,296,-206
105000231,279,440,-161
105000233,580,687,-107
105000234,598,1708,-1110
105000235,314,594,-280
105000237,777,83,694
105000243,27,58,-31
105000248,78,71,7
105000262,213,2881,-2668
105000269,86,238,-152
105000270,316,151,165
105000271,2,523,-521
105000282,258,75,183
105000287,342,219,123
105000288,318,806,-488
105000289,2281,1025,1256
105000290,7,8,-1
105000402,6239,2089,4150
105000426,384,598,-214
105000438,1992,877,1115
105000440,10,21,-11
105000446,17438,5668,11770
105000447,9392,3358,6034
105000454,278,1229,-951
105000455,302,347,-45
105000474,14,0,14
105000477,265,465,-200
105000478,1465,2481,-1016
105000479,171,127,44
105000480,3590,2392,1198
105000481,2728,2270,458
105000482,5186,3543,1643
105000483,1326,1422,-96
105000484,2795,2965,-170
105000485,1218,1677,-459
105000486,3422,2730,692
105000488,5420,3551,1869
105000489,794,1022,-228
105000549,57,204,-147
105000550,632,1793,-1161
105000551,13,133,-120
105000552,4486,2478,2008
105000555,1057,686,371
105000556,49,32,17
105000557,30,327,-297
105900001,18,1279,-1261
105900002,2339,571,1768
105900003,11,114,-103
105900004,255,133,122
105900005,8,283,-275
105900006,4,52,-48
105900007,162,19,143
105900008,40,1136,-1096
105900009,17,15,2
105900011,86,41,45
105900012,239,124,115
105900013,5,31,-26
105900014,11,81,-70
105900015,115,455,-340
105900016,283,824,-541
105900017,685,58,627
105900018,257,491,-234
105900019,34,555,-521
105900020,49,77,-28
105900021,41,252,-211
105900022,213,454,-241
105900023,1,134,-133
105900024,4,108,-104
105900025,59,67,-8
105900026,322,81,241
105900027,5056,3187,1869
105900028,109,174,-65
105900029,2376,284,2092
105900030,194,256,-62
105900031,564,170,394
105900032,59,160,-101
105900033,91,132,-41
105900034,107,264,-157
105900035,105,183,-78
105900036,54,212,-158
105900037,80,81,-1
105900038,136,421,-285
105900039,98,250,-152
105900040,64,99,-35
105900041,231,776,-545
105900042,35,155,-120
105900043,2662,47,2615
105900044,4,158,-154
105900045,2,564,-562
105900046,3,178,-175
105900047,9,42,-33
105900048,60,592,-532
105900050,1844,598,1246
105900051,1,1606,-1605
105900052,265,41,224
105900053,5402,1533,3869
105900054,345,470,-125
105900056,843,249,594
105900057,15,119,-104
105900058,19,55,-36
105900059,3,57,-54
106000001,3658,1813,1845
106000002,3092,5949,-2857
106000003,3388,3417,-29
106000004,3005,3227,-222
106000005,2518,6120,-3602
106000006,6404,6875,-471
106000007,336,622,-286
106000008,313,410,-97
106000009,440,335,105
106000010,544,730,-186
106000011,737,1088,-351
106000012,847,2087,-1240
106000013,1661,1935,-274
106000014,2068,2272,-204
106000015,1192,1139,53
106000016,1346,3357,-2011
106000017,511,621,-110
106000018,514,581,-67
106000019,322,576,-254
106000020,389,703,-314
106000021,421,581,-160
106000022,482,589,-107
106000023,715,587,128
106000024,611,1087,-476
106000025,123,262,-139
106000026,145,319,-174
106000027,1098,1690,-592
106000028,571,813,-242
106000029,994,1809,-815
106000030,1090,509,581
106000034,236,684,-448
106000035,1202,1480,-278
106000036,528,466,62
106000037,2207,2448,-241
106000038,513,141,372
106000039,187,81,106
106000040,153,912,-759
106000041,1038,352,686
106000043,724,143,581
106000046,536,53,483
106000047,57,549,-492
106000049,608,188,420
106000050,386,1258,-872
106000051,506,571,-65
106000052,151,832,-681
106000053,173,130,43
106000054,486,655,-169
106000055,839,1538,-699
106000056,345,716,-371
106000057,210,333,-123
106000058,222,279,-57
106000059,300,346,-46
106000060,659,874,-215
106000061,293,658,-365
106000062,143,866,-723
106000063,778,781,-3
106000064,52,578,-526
106000065,366,273,93
106000066,182,472,-290
106000067,355,132,223
106000068,70,969,-899
106000069,191,162,29
106000070,542,1238,-696
106000071,1060,597,463
106000072,7404,2237,5167
106000073,2357,2720,-363
106000074,492,1001,-509
106000075,320,1527,-1207
106000076,2109,2152,-43
106000077,4681,1786,2895
106000078,870,1467,-597
106000079,619,1307,-688
106000080,1401,1148,253
106000081,854,1486,-632
106000082,2546,1303,1243
106000083,439,1748,-1309
106000084,1019,899,120
106000085,2012,1595,417
106000086,699,1049,-350
106000087,920,808,112
106000088,433,1073,-640
106000089,1104,619,485
106000090,313,769,-456
106000091,294,1076,-782
106000092,681,279,402
106000093,389,113,276
106000094,104,735,-631
106000095,737,2266,-1529
106000096,971,951,20
106000097,902,2129,-1227
106000098,681,1284,-603
106000099,217,1403,-1186
106000100,866,405,461
106000101,858,496,362
106000102,157,976,-819
106000103,371,1051,-680
106000104,735,621,114
106000105,541,1485,-944
106000106,656,595,61
106000107,166,717,-551
106000108,256,490,-234
106000109,170,681,-511
106000110,176,428,-252
106000111,185,1052,-867
106000112,170,509,-339
106000113,1835,944,891
106000114,464,546,-82
106000115,331,748,-417
106000116,259,337,-78
106000117,938,1222,-284
106000118,1069,1191,-122
106000119,3614,1633,1981
106000120,638,874,-236
106000121,190,338,-148
106000122,194,494,-300
106000123,240,535,-295
106000124,62,514,-452
106000125,86,546,-460
106000126,209,367,-158
106000127,814,1342,-528
106000128,817,571,246
106000129,623,1150,-527
106000130,755,734,21
106000131,256,1383,-1127
106000132,1278,263,1015
106000133,6454,1660,4794
106000134,1294,1424,-130
106000135,340,1617,-1277
106000136,787,876,-89
106000137,121,2639,-2518
106000138,1077,97,980
106000139,64,178,-114
106000140,50,163,-113
106000141,62,160,-98
106000142,100,77,23
106000143,27,164,-137
106000144,30,63,-33
106000145,185,420,-235
106000146,274,240,34
106000147,570,867,-297
106000148,660,1161,-501
106000149,727,676,51
106000150,586,2549,-1963
106000151,6987,803,6184
106000152,1383,1762,-379
106000153,136,931,-795
106000154,2142,392,1750
106000155,70,389,-319
106000156,584,377,207
106000157,636,2416,-1780
106000158,4619,962,3657
106000159,7126,1614,5512
106000160,380,2033,-1653
106000161,2016,767,1249
106000162,241,777,-536
106000163,331,864,-533
106000164,272,408,-136
106000165,227,1111,-884
106000166,700,276,424
106000167,343,2181,-1838
106000168,293,267,26
106000169,159,1184,-1025
106000170,398,295,103
106000171,140,1461,-1321
106000172,2058,1184,874
106000173,791,4608,-3817
106000174,957,376,581
106000175,330,1707,-1377
106000176,1247,1158,89
106000177,799,3603,-2804
106000178,2200,2551,-351
106000179,1183,2567,-1384
106000180,685,2602,-1917
106000181,487,2835,-2348
106000182,752,1205,-453
106000183,802,1711,-909
106000184,927,1778,-851
106000185,540,1144,-604
106000186,1001,188,813
106000187,224,909,-685
106000188,0,0,0
106000189,10,89,-79
106000190,14,1,13
106000191,711,210,501
106000192,0,32,-32
106000193,383,161,222
106000194,130,312,-182
106000195,123,89,34
106000196,48,365,-317
106000197,298,493,-195
106000198,107,333,-226
106000199,1142,430,712
106000200,732,173,559
106000201,524,1601,-1077
106000202,10925,878,10047
106000203,305,351,-46
106000204,70,17,53
106000205,25,169,-144
106000206,66,32,34
106000207,66,1155,-1089
106000208,830,133,697
106000209,1058,474,584
106000210,228,2066,-1838
106000211,478,2147,-1669
106000212,685,286,399
106000213,703,1700,-997
106000214,2900,531,2369
106000215,330,651,-321
106000216,393,415,-22
106000217,396,723,-327
106000218,589,433,156
106000219,186,433,-247
106000220,464,363,101
106000221,121,449,-328
106000222,69,213,-144
106000223,143,192,-49
106000224,186,450,-264
106000225,108,73,35
106000226,173,532,-359
106000228,60,211,-151
106000229,124,1145,-1021
106000231,1050,211,839
106000232,82,681,-599
106000233,326,215,111
106000234,35,242,-207
106000235,213,112,101
106000236,205,56,149
106000237,1,22,-21
106000238,11,14,-3
106000239,4,139,-135
106000240,26,7,19
106000241,23,1014,-991
106000242,187,24,163
106000249,136,121,15
106000250,58,468,-410
106000251,29,40,-11
106000252,13,208,-195
106000253,32,59,-27
106000254,24,95,-71
106000255,7,112,-105
106000256,82,107,-25
106000257,142,342,-200
106000258,140,20,120
106000259,4,43,-39
106000260,15,8,7
106000261,2,65,-63
106000262,53,14,39
106000263,3,87,-84
106000264,134,20,114
106000265,10,165,-155
106000266,90,21,69
106000267,6,121,-115
106000268,583,36,547
106000269,94,104,-10
106000270,200,465,-265
106000271,32,189,-157
106000272,114,60,54
106000273,24,249,-225
106000274,219,73,146
106000275,194,241,-47
106000276,164,67,97
106000277,188,168,20
106000278,173,50,123
106000279,37,128,-91
106000280,36,249,-213
106000281,89,150,-61
106000282,89,101,-12
106000283,117,172,-55
106000284,75,143,-68
106000285,142,218,-76
106000286,82,235,-153
106000287,127,198,-71
106000288,143,203,-60
106000289,91,147,-56
106000290,109,128,-19
106000291,114,183,-69
106000292,67,188,-121
106000293,115,148,-33
106000294,134,213,-79
106000295,71,65,6
106000296,51,150,-99
106000297,75,345,-270
106000298,200,77,123
106000299,104,270,-166
106000300,47,128,-81
106000301,87,135,-48
106000303,13,97,-84
106000304,43,96,-53
106000305,33,71,-38
106000306,40,151,-111
106000307,26,24,2
106000308,40,322,-282
106000309,20,94,-74
106000310,286,915,-629
106000311,314,125,189
106000312,89,297,-208
106000313,206,269,-63
106000318,237,238,-1
106000319,764,116,648
106000320,6,48,-42
106000321,465,80,385
106000322,135,285,-150
106000324,3,227,-224
106000325,1281,871,410
106000326,1149,2442,-1293
106000327,100,222,-122
106000328,8,70,-62
106000329,54,459,-405
106000330,26,51,-25
106000428,59,215,-156
106000429,109,893,-784
106000430,491,2158,-1667
106000431,1726,380,1346
106000432,2401,4482,-2081
106000433,1767,1283,484
106000434,3218,1417,1801
106000435,2749,4629,-1880
106000436,17,528,-511
106000437,274,26,248
106000438,206,86,120
106000439,31,676,-645
106000440,210,715,-505
106000441,2,2,0
106000442,228,8,220
106000443,137,780,-643
106000450,5,353,-348
106000451,39,23,16
106000454,6,149,-143
106000455,24,218,-194
106000456,137,22,115
106000457,15,1663,-1648
106000458,332,455,-123
106000459,133,702,-569
106000460,684,79,605
106000461,77,2916,-2839
106000462,2,33,-31
106000463,1,58,-57
106000464,5,968,-963
106000465,300,1,299
106000466,3,1154,-1151
106000467,833,667,166
106000468,70,348,-278
106000469,605,6,599
106000470,279,1667,-1388
106000471,50,1127,-1077
106000472,69,12,57
106000473,25,45,-20
106000474,452,1169,-717
106000475,791,351,440
106000476,281,260,21
106000477,55,174,-119
106000480,0,196,-196
106900001,2,45,-43
106900002,6,1048,-1042
106900003,303,1370,-1067
106900004,0,132,-132
106900006,0,40,-40
106900007,1,45,-44
106900008,213,513,-300
106900009,275,841,-566
106900010,208,533,-325
106900012,3483,2084,1399
106900013,561,100,461
106900014,28,1,27
106900015,20,0,20
106900016,188,5,183
106900017,9,0,9
106900018,3,0,3
106900019,32,8,24
106900020,4233,1312,2921
106900021,35,122,-87
106900022,393,4,389
106900023,23,438,-415
106900024,349,32,317
106900025,90,973,-883
106900026,6,1201,-1195
106900027,383,1,382
107000001,3085,2191,894
107000002,3835,4832,-997
107000003,3954,5119,-1165
107000004,5375,7198,-1823
107000005,2241,4439,-2198
107000006,4194,8652,-4458
107000007,4066,8112,-4046
107000008,17258,13565,3693
107000009,4465,5518,-1053
107000010,10399,13699,-3300
107000011,1380,1599,-219
107000012,5446,5089,357
107000013,63,187,-124
107000014,19,459,-440
107000015,521,1195,-674
107000016,592,1846,-1254
107000017,2678,1101,1577
107000018,8,311,-303
107000020,1316,513,803
107000021,968,880,88
107000022,729,1412,-683
107000023,1586,398,1188
107000024,395,2224,-1829
107000025,185,462,-277
107000026,163,847,-684
107000027,984,1158,-174
107000028,1159,2678,-1519
107000029,2012,2062,-50
107000030,3572,4341,-769
107000031,2943,2007,936
107000032,440,1140,-700
107000033,4566,4844,-278
107000034,6307,2831,3476
107000035,324,217,107
107000036,527,1399,-872
107000037,45,725,-680
107000038,300,320,-20
107000039,665,683,-18
107000040,188,424,-236
107000041,1771,776,995
107000042,919,1934,-1015
107000043,4083,1123,2960
107000044,963,433,530
107000045,155,355,-200
107000046,752,476,276
107000047,583,1111,-528
107000048,855,395,460
107000049,762,1109,-347
107000050,1140,684,456
107000051,951,473,478
107000052,1298,1146,152
107000053,520,274,246
107000054,88,428,-340
107000055,499,249,250
107000056,632,1076,-444
107000057,3193,310,2883
107000058,1964,2461,-497
107000059,2950,4470,-1520
107000060,3159,5779,-2620
107000061,6356,5855,501
107000062,3070,3235,-165
107000063,4804,9511,-4707
107000064,3444,2089,1355
107000065,4660,7837,-3177
107000066,1422,2125,-703
107000067,854,979,-125
107000068,1413,633,780
107000069,797,435,362
107000070,648,55,593
107000071,1891,28,1863
107000072,54,5023,-4969
107000073,431,207,224
107000074,156,1250,-1094
107000075,1141,455,686
107000076,1101,2025,-924
107000077,2342,1108,1234
107000078,2323,4023,-1700
107000079,1762,715,1047
107000080,1413,4090,-2677
107000081,1011,592,419
107000082,632,3558,-2926
107000083,965,319,646
107000084,562,3184,-2622
107000085,2522,3385,-863
107000086,3846,3945,-99
107000087,2397,2003,394
107000088,2705,4197,-1492
107000089,1560,1799,-239
107000090,1202,1498,-296
107000091,1050,1075,-25
107000092,755,1566,-811
107000093,1081,914,167
107000094,1070,1873,-803
107000095,481,942,-461
107000096,714,1562,-848
107000097,523,487,36
107000098,553,1477,-924
107000099,489,270,219
107000100,442,463,-21
107000101,101,277,-176
107000102,556,544,12
107000103,627,243,384
107000104,411,717,-306
107000105,461,138,323
107000106,178,538,-360
107000107,556,259,297
107000108,201,1285,-1084
107000109,532,204,328
107000110,52,1130,-1078
107000111,238,41,197
107000112,37,905,-868
107000113,556,127,429
107000114,130,1530,-1400
107000115,576,154,422
107000116,189,1493,-1304
107000117,132,441,-309
107000118,266,466,-200
107000119,2779,1544,1235
107000120,5266,532,4734
107000121,541,1103,-562
107000122,1357,1061,296
107000123,407,1309,-902
107000124,543,1150,-607
107000125,683,1382,-699
107000126,847,1416,-569
107000129,198,1996,-1798
107000130,442,269,173
107000131,595,1118,-523
107000132,620,305,315
107000133,472,141,331
107000134,204,3,201
107000135,11,281,-270
107000136,516,6,510
107000137,24,593,-569
107000138,236,19,217
107000139,16,493,-477
107000140,1054,49,1005
107000141,168,1104,-936
107000142,271,61,210
107000143,87,1186,-1099
107000144,257,359,-102
107000145,150,724,-574
107000146,167,290,-123
107000147,5559,1296,4263
107000150,1013,1932,-919
107000151,47,80,-33
107000152,731,740,-9
107000153,813,579,234
107000154,254,193,61
107000155,588,18,570
107000156,987,37,950
107000157,42,3004,-2962
107000158,347,25,322
107000159,54,2295,-2241
107000160,620,77,543
107000161,66,2830,-2764
107000162,190,309,-119
107000163,106,0,106
107000164,311,2,309
107000165,536,5,531
107000166,55,2177,-2122
107000167,421,402,19
107000168,635,327,308
107000169,1320,1083,237
107000170,1097,548,549
107000171,465,3529,-3064
107000172,752,854,-102
107000173,804,1663,-859
107000174,851,3439,-2588
107000175,11830,2040,9790
107000176,1,0,1
107000177,5,0,5
107000178,10,59,-49
107000179,220,4205,-3985
107000180,1115,525,590
107000181,528,2324,-1796
107000182,1561,1335,226
107000183,134,1250,-1116
107000184,979,1173,-194
107000185,645,1662,-1017
107000186,1057,410,647
107000187,1097,1670,-573
107000188,435,639,-204
107000189,372,1226,-854
107000190,479,1250,-771
107000191,699,1722,-1023
107000192,1577,1684,-107
107000193,321,433,-112
107000194,1159,1205,-46
107000197,771,203,568
107000198,508,1017,-509
107000199,627,792,-165
107000200,1494,685,809
107000201,319,193,126
107000202,227,499,-272
107000203,828,435,393
107000204,1180,713,467
107000205,2023,1050,973
107000206,826,1028,-202
107000207,946,1269,-323
107000208,1317,495,822
107000209,2544,1162,1382
107000210,1227,536,691
107000211,18,55,-37
107000212,14,421,-407
107000213,8,48,-40
107000214,8,221,-213
107000215,274,654,-380
107000216,241,645,-404
107000217,101,174,-73
107000219,46,116,-70
107000220,148,381,-233
107000222,258,892,-634
107000224,247,50,197
107000225,190,831,-641
107000226,190,94,96
107000227,78,557,-479
107000228,139,222,-83
107000229,666,142,524
107000230,1215,675,540
107000231,1650,922,728
107000232,128,207,-79
107000233,1359,641,718
107000234,4,21,-17
107000235,80,3,77
107000236,22,468,-446
107000237,5,2,3
107000238,19,0,19
107000239,7472,633,6839
107000240,102,1920,-1818
107000243,1,70,-69
107000244,14,100,-86
107000246,3,1441,-1438
107000249,8,1581,-1573
107000251,5,404,-399
107000252,9,1877,-1868
107000255,1398,188,1210
107000257,5,986,-981
107000258,3,247,-244
107000259,3,379,-376
107000260,407,3,404
107000262,8,1069,-1061
107000263,228,1,227
107000266,8,10,-2
107000267,83,274,-191
107000268,141,225,-84
107000269,323,41,282
107000270,3,6,-3
107000271,23,1331,-1308
107000272,12,312,-300
107000273,1,316,-315
107000274,831,259,572
107000275,68,869,-801
107000280,492,22,470
107000281,15,1803,-1788
107000282,27,1512,-1485
107000290,3,38,-35
107000291,13,16,-3
107000292,3,56,-53
107000293,64,15,49
107000294,0,34,-34
107000295,57,9,48
107000296,0,12,-12
107000444,201,7,194
107000496,1,22,-21
107000497,1419,4089,-2670
107000500,344,484,-140
107000501,147,301,-154
107000502,309,500,-191
107000505,1365,1121,244
107000506,0,12,-12
107000508,11,970,-959
107000509,192,554,-362
107000510,8,24,-16
107000514,29,319,-290
107000515,14,408,-394
107000516,323,284,39
107000518,912,811,101
107000519,6068,1433,4635
107000520,72,22,50
107000521,562,716,-154
107000522,661,1508,-847
107900001,41,352,-311
107900002,40,1,39
107900003,178,13,165
107900004,16,0,16
107900005,674,6,668
107900006,93,0,93
107900007,210,34,176
107900008,50,70,-20
107900009,74,4,70
107900010,19,0,19
107900012,479,19,460
107900013,367,115,252
107900014,9,4,5
107900015,598,14,584
107900016,478,147,331
107900017,15,0,15
107900018,55,78,-23
107900019,25,89,-64
107900020,36,5,31
107900021,51,253,-202
107900023,0,2,-2
107900024,1,33,-32
107900025,211,380,-169
107900026,32,206,-174
107900027,117,26,91
107900028,52,89,-37
107900030,252,25,227
107900031,69,509,-440
107900032,5,3,2
107900033,9,3,6
107900034,355,14,341
107900035,539,19,520
107900036,32,3,29
107900037,0,55,-55
107900038,175,144,31
107900039,17,119,-102
107900040,28,44,-16
107900041,1,1,0
107900043,71,453,-382
107900044,5,5,0
107900045,57,37,20
107900046,111,124,-13
107900047,27,119,-92
107900048,146,15,131
107900049,338,602,-264
107900050,131,479,-348
107900051,82,151,-69
107900052,21,9,12
107900053,24,90,-66
107900055,608,300,308
107900056,126,19,107
107900057,0,0,0
107900058,29,1173,-1144
107900060,16,32,-16
107900061,20,8,12
107900063,142,202,-60
107900064,413,49,364
107900065,138,15,123
107900066,3,15,-12
107900067,0,0,0
107900068,140,239,-99
107900069,34,1019,-985
107900070,73,17,56
107900071,35,1443,-1408
107900072,35,312,-277
107900073,45,184,-139
107900074,1269,189,1080
107900076,232,104,128
107900077,46,0,46
107900079,4,6,-2
107900080,145,193,-48
107900081,18,147,-129
107900082,34,23,11
107900083,300,172,128
107900084,217,111,106
107900086,60,134,-74
107900087,568,104,464
107900088,19,9,10
107900089,318,925,-607
107900090,538,1422,-884
107900091,230,667,-437
107900093,75,77,-2
107900095,3862,1661,2201
107900097,33,90,-57
107900098,35,169,-134
107900100,1246,954,292
107900101,1445,196,1249
107900102,40,5,35
107900103,38,163,-125
107900104,179,3,176
107900105,7,794,-787
107900106,5,1901,-1896
107900107,1260,287,973
107900108,391,128,263
107900109,771,3,768
107900110,24,202,-178
107900111,9,1593,-1584
107900112,141,443,-302
107900113,137,134,3
107900114,75,327,-252
107900115,4,62,-58
107900116,95,428,-333
107900117,249,637,-388
107900118,88,211,-123
107900119,39,129,-90
107900120,19,19,0
107900121,0,122,-122
107900122,0,38,-38
107900123,0,30,-30
107900124,40,24,16
107900125,32,244,-212
107900126,1,41,-40
107900127,425,173,252
107900128,97,95,2
107900129,28,63,-35
107900130,37,25,12
107900131,579,128,451
107900132,114,579,-465
107900133,2,72,-70
107900134,19,33,-14
107900135,1,243,-242
107900136,44,32,12
107900137,115,111,4
107900138,27,45,-18
107900139,30,66,-36
107900141,43,45,-2
107900142,57,1683,-1626
107900143,43,40,3
107900144,2,230,-228
107900145,9,122,-113
107900146,25,159,-134
107900147,64,44,20
107900148,230,212,18
107900149,2246,247,1999
107900150,120,1333,-1213
107900151,9,118,-109
107900152,2,332,-330
107900153,196,279,-83
107900154,31,14,17
107900155,44,33,11
107900156,3,529,-526
107900157,33,108,-75
107900158,461,20,441
107900159,34,1692,-1658
107900160,86,187,-101
107900161,34,385,-351
107900162,3,71,-68
107900163,46,25,21
107900164,5,46,-41
107900165,15,65,-50
107900166,18,396,-378
107900167,7,10,-3
107900168,14,55,-41
107900169,3,188,-185
107900171,22,3174,-3152
107900172,1,401,-400
107900173,11,309,-298
107900174,86,3,83
107900175,32,9,23
107900176,17,44,-27
107900177,5,52,-47
107900178,2,308,-306
107900179,4,212,-208
107900180,1350,341,1009
107900181,282,744,-462
107900182,11,2360,-2349
107900183,26,525,-499
107900184,102,299,-197
107900185,87,7,80
107900186,20,31,-11
107900187,1,131,-130
107900188,1014,140,874
107900189,12,164,-152
107900190,106,67,39
107900191,64,226,-162
107900193,18,49,-31
107900194,132,9,123
107900195,5817,635,5182
107900196,35,72,-37
107900197,725,204,521
107900199,4,1347,-1343
107900201,98,210,-112
107900203,68,64,4
107900204,312,260,52
107900206,493,233,260
107900207,2,789,-787
107900208,7,1226,-1219
107900209,444,151,293
107900210,84,267,-183
107900213,503,470,33
107900214,14,235,-221
107900215,200,342,-142
107900216,104,74,30
107900217,22,54,-32
107900218,16,2079,-2063
107900219,23,257,-234
107900220,179,133,46
107900221,232,301,-69
107900223,75,837,-762
107900224,168,304,-136
107900225,7,1159,-1152
107900226,74,124,-50
107900227,168,566,-398
107900228,15,98,-83
107900229,6,493,-487
107900230,13,213,-200
107900231,16,339,-323
107900232,63,319,-256
107900233,10,138,-128
107900234,63,240,-177
107900235,24,68,-44
107900236,97,92,5
107900237,144,620,-476
107900238,14,171,-157
107900239,2060,484,1576
107900240,5,181,-176
107900241,13,106,-93
107900242,28,533,-505
107900243,0,81,-81
107900244,211,3,208
107900245,345,36,309
107900246,54,4,50
107900248,227,658,-431
107900249,399,6,393
107900250,2,832,-830
107900251,73,1998,-1925
107900252,566,8,558
107900253,104,3,101
107900254,55,151,-96
107900255,386,75,311
107900256,608,435,173
107900257,96,70,26
107900258,86,323,-237
107900259,132,1101,-969
107900261,1,728,-727
107900262,31,208,-177
107900264,118,2,116
107900265,50,265,-215
107900267,131,34,97
107900268,75,10,65
107900269,1,13,-12
107900270,0,0,0
107900271,2,14,-12
107900272,154,17,137
107900273,24,133,-109
107900274,32,0,32
107900275,8,0,8
107900276,0,70,-70
107900277,1,255,-254
107900278,138,436,-298
107900279,175,116,59
107900280,1757,1626,131
107900281,5384,1509,3875
107900282,162,267,-105
107900283,1738,443,1295
107900284,306,1041,-735
107900285,66,240,-174
107900286,145,120,25
107900287,115,258,-143
107900290,1,107,-106
107900291,552,22,530
107900292,117,388,-271
107900293,61,872,-811
107900295,84,254,-170
107900297,5,288,-283
107900298,943,1262,-319
107900299,5378,2810,2568
107900301,489,497,-8
107900302,78,35,43
107900303,63,485,-422
107900304,186,823,-637
107900305,211,10,201
107900306,23,13,10
107900307,40,441,-401
107900308,259,69,190
107900309,50,0,50
107900310,24,0,24
107900311,324,94,230
107900312,7,1,6
107900313,0,73,-73
107900314,1,44,-43
107900315,0,50,-50
107900316,35,4,31
107900317,111,8,103
107900318,7,192,-185
107900319,4,338,-334
107900320,4,246,-242
107900321,101,2,99
107900322,5,307,-302
107900323,7,181,-174
107900324,139,2,137
107900325,92,1,91
107900326,160,529,-369
107900327,7,0,7
107900328,12,0,12
107900329,5,1,4
107900330,6,791,-785
107900331,116,41,75
107900332,131,45,86
107900333,41,25,16
107900334,14,478,-464
107900335,55,95,-40
107900336,22,67,-45
107900337,1875,560,1315
107900338,0,167,-167
107900339,2,15,-13
107900340,0,92,-92
107900341,23,0,23
107900342,152,198,-46
107900343,43,2,41
107900344,4,186,-182
107900345,118,26,92
107900346,46,1,45
107900347,36,3,33
107900348,1,3,-2
107900349,63,2,61
107900350,33,301,-268
107900351,4,384,-380
107900352,3,104,-101
107900353,10,11,-1
107900354,8,110,-102
108000001,2202,3851,-1649
108000002,2370,4274,-1904
108000003,2676,2342,334
108000004,19605,19434,171
108000005,5890,4216,1674
108000006,8302,8578,-276
108000007,4324,3575,749
108000008,6339,7424,-1085
108000009,3502,3649,-147
108000010,3590,6127,-2537
108000011,10236,10731,-495
108000012,21779,20191,1588
108000014,979,749,230
108000015,649,367,282
108000016,251,835,-584
108000017,614,410,204
108000018,1182,596,586
108000019,1527,771,756
108000020,1211,507,704
108000021,487,2267,-1780
108000022,573,2001,-1428
108000023,1021,170,851
108000024,231,954,-723
108000025,236,346,-110
108000026,492,928,-436
108000027,537,991,-454
108000028,349,325,24
108000029,351,1324,-973
108000030,396,265,131
108000031,257,653,-396
108000032,977,629,348
108000033,610,1864,-1254
108000034,1218,439,779
108000035,1065,3276,-2211
108000036,396,2001,-1605
108000037,1487,328,1159
108000038,2032,419,1613
108000039,521,3888,-3367
108000040,1246,783,463
108000041,723,3726,-3003
108000042,182,303,-121
108000043,174,354,-180
108000044,299,213,86
108000045,220,882,-662
108000046,984,280,704
108000047,443,1401,-958
108000048,165,503,-338
108000049,461,233,228
108000050,193,879,-686
108000051,239,86,153
108000052,402,977,-575
108000053,248,119,129
108000054,589,1349,-760
108000055,1080,415,665
108000056,1273,1596,-323
108000057,622,780,-158
108000058,2277,2999,-722
108000059,4594,2729,1865
108000060,201,658,-457
108000061,397,756,-359
108000062,696,530,166
108000063,337,742,-405
108000064,185,258,-73
108000065,526,841,-315
108000066,2055,939,1116
108000067,1486,511,975
108000068,627,284,343
108000069,327,1401,-1074
108000070,1474,651,823
108000071,712,2145,-1433
108000072,1323,1016,307
108000073,1725,2240,-515
108000074,326,390,-64
108000075,427,979,-552
108000076,830,564,266
108000077,957,918,39
108000078,1542,1834,-292
108000079,1076,2577,-1501
108000080,705,698,7
108000081,467,3506,-3039
108000082,1184,2599,-1415
108000083,1660,967,693
108000084,433,1709,-1276
108000085,639,464,175
108000086,967,1093,-126
108000087,157,1663,-1506
108000088,634,217,417
108000089,290,312,-22
108000091,101,1024,-923
108000092,110,134,-24
108000093,139,1323,-1184
108000094,795,172,623
108000095,160,826,-666
108000096,213,192,21
108000097,162,1060,-898
108000098,919,1793,-874
108000099,1098,338,760
108000100,113,549,-436
108000101,757,1471,-714
108000102,1532,2920,-1388
108000106,607,0,607
108000107,1,907,-906
108000108,537,34,503
108000109,14,1170,-1156
108000110,217,340,-123
108000111,149,1168,-1019
108000112,66,149,-83
108000113,602,357,245
108000115,482,682,-200
108000117,785,447,338
108000118,537,1258,-721
108000119,844,580,264
108000120,128,751,-623
108000121,245,815,-570
108000122,366,382,-16
108000123,507,383,124
108000124,205,691,-486
108000125,216,504,-288
108000126,128,846,-718
108000127,352,446,-94
108000128,455,821,-366
108000129,184,1723,-1539
108000130,247,341,-94
108000131,750,449,301
108000132,2218,1910,308
108000133,618,567,51
108000134,768,908,-140
108000135,978,317,661
108000136,1087,1300,-213
108000137,290,554,-264
108000138,329,1442,-1113
108000139,238,451,-213
108000140,56,28,28
108000141,23,284,-261
108000142,34,304,-270
108000143,29,975,-946
108000144,233,76,157
108000145,28,117,-89
108000146,402,58,344
108000147,20,133,-113
108000148,264,84,180
108000149,44,72,-28
108000150,21,8,13
108000151,311,93,218
108000152,134,1067,-933
108000153,302,139,163
108000154,107,59,48
108000155,28,10,18
108000156,946,747,199
108000157,132,593,-461
108000158,76,674,-598
108000159,896,125,771
108000160,7570,944,6626
108000161,6475,1628,4847
108000165,3,89,-86
108000172,7,278,-271
108000173,3904,1786,2118
108000175,303,117,186
108000178,367,463,-96
108000179,253,712,-459
108000181,66,41,25
108000182,403,137,266
108000183,153,761,-608
108000184,1481,1821,-340
108000185,146,773,-627
108000186,238,968,-730
108000187,51,1194,-1143
108000188,319,361,-42
108000189,3347,4491,-1144
108000190,36,118,-82
108000192,136,853,-717
108000193,1060,44,1016
108000194,41,28,13
108000195,3,1798,-1795
108000196,103,163,-60
108000198,663,480,183
108000199,0,161,-161
108000200,161,1033,-872
108000203,79,1300,-1221
108000204,84,30,54
108000205,383,887,-504
108000339,1691,376,1315
108000364,393,917,-524
108000365,66,481,-415
108000367,196,537,-341
108000368,6,48,-42
108000369,1931,121,1810
108000371,14,884,-870
108000372,504,2,502
108000373,119,225,-106
108000376,53,20,33
108000377,314,444,-130
108000378,8315,9515,-1200
108000379,29,223,-194
108000381,50,18,32
108000382,133,1,132
108000383,0,209,-209
108900001,147,1762,-1615
108900002,249,78,171
108900003,351,1518,-1167
108900004,2096,386,1710
108900007,132,144,-12
108900008,61,162,-101
108900009,59,101,-42
108900010,124,175,-51
108900011,301,521,-220
108900012,306,579,-273
108900013,108,277,-169
108900014,6,89,-83
108900015,0,26,-26
108900016,1,281,-280
108900017,186,208,-22
108900018,83,738,-655
108900019,26,1936,-1910
108900020,44,411,-367
108900021,76,373,-297
108900022,57,5,52
108900023,3,34,-31
108900024,9,192,-183
108900025,47,143,-96
108900026,8,130,-122
108900027,0,118,-118
108900028,35,625,-590
108900029,44,187,-143
108900030,0,141,-141
108900031,43,817,-774
108900032,12,365,-353
108900033,0,105,-105
108900034,1,406,-405
108900035,280,2195,-1915
108900038,1,594,-593
108900039,4,823,-819
108900040,2,194,-192
108900041,6552,2428,4124
108900042,10,382,-372
108900043,39,673,-634
108900044,5,953,-948
108900045,41,1057,-1016
108900046,99,1692,-1593
108900047,0,102,-102
108900048,95,1488,-1393
108900049,8236,1172,7064
108900050,2,375,-373
108900051,3,317,-314
108900052,17,313,-296
108900053,149,178,-29
108900054,62,316,-254
108900055,83,609,-526
108900056,1,241,-240
108900057,0,258,-258
108900058,12,509,-497
108900059,380,22,358
108900060,64,130,-66
108900061,66,34,32
108900062,2,465,-463
108900063,4,513,-509
108900064,106,100,6
108900065,14,421,-407
108900066,144,113,31
108900067,20,279,-259
108900068,3,388,-385
108900069,75,212,-137
108900070,23,202,-179
108900071,38,65,-27
108900072,2796,289,2507
108900073,46,856,-810
108900074,117,726,-609
108900075,59,72,-13
108900076,143,85,58
108900077,169,857,-688
108900078,31,257,-226
108900079,1019,361,658
108900080,22,437,-415
108900081,46,358,-312
108900082,41,163,-122
108900083,20,207,-187
108900085,3310,189,3121
108900086,75,545,-470
108900087,124,273,-149
108900088,713,274,439
108900089,30,128,-98
108900090,15,610,-595
108900091,163,164,-1
108900092,373,292,81
108900093,57,68,-11
108900094,241,101,140
108900095,79,924,-845
108900096,567,26,541
108900097,435,267,168
108900098,4266,487,3779
108900099,247,382,-135
108900100,56,219,-163
108900101,213,94,119
108900102,150,706,-556
108900103,49,103,-54
108900105,7,871,-864
108900106,269,769,-500
108900108,225,44,181
108900109,203,36,167
108900110,122,748,-626
108900111,276,1058,-782
108900113,73,48,25
108900114,62,7,55
108900115,69,69,0
108900116,21,17,4
108900117,93,18,75
108900118,412,12,400
108900119,113,73,40
108900120,224,234,-10
108900121,290,72,218
108900122,64,30,34
108900123,76,73,3
108900124,374,163,211
108900125,202,0,202
108900126,105,11,94
108900127,113,20,93
108900128,88,32,56
108900129,630,80,550
108900130,203,0,203
108900131,267,3,264
108900132,309,77,232
108900133,142,70,72
108900134,199,293,-94
108900135,89,5,84
108900136,18,0,18
108900137,92,0,92
108900138,526,20,506
108900140,196,286,-90
108900141,204,13,191
108900142,78,3,75
108900143,20,0,20
108900144,35,0,35
108900145,119,12,107
108900146,50,1,49
108900147,123,0,123
108900148,53,29,24
108900150,210,5,205
108900151,51,7,44
108900152,60,6,54
108900153,92,659,-567
108900154,3582,497,3085
108900156,50,16,34
108900157,11,1023,-1012
108900158,213,29,184
108900159,9,440,-431
108900160,6,402,-396
108900161,17,726,-709
108900162,83,1,82
108900163,7,243,-236
108900164,41,72,-31
108900168,12590,2343,10247
108900169,35,188,-153
108900171,9825,2187,7638
108900172,187,37,150
108900173,206,455,-249
108900174,464,560,-96
108900176,169,977,-808
108900177,11884,3104,8780
108900178,6902,2768,4134
108900180,49,211,-162
108900183,198,251,-53
108900184,281,163,118
108900185,43,368,-325
108900186,36,392,-356
108900189,170,148,22
108900190,62,5081,-5019
108900192,51,295,-244
108900195,77,559,-482
108900196,23,921,-898
108900199,185,349,-164
108900200,495,367,128
108900201,396,1415,-1019
108900203,516,29,487
108900204,306,18,288
108900205,215,24,191
108900206,254,53,201
108900207,141,66,75
108900208,22,506,-484
108900209,264,793,-529
108900210,137,291,-154
108900211,84,368,-284
108900212,941,961,-20
108900215,107,969,-862
108900216,454,146,308
108900217,90,0,90
108900218,83,6,77
108900221,51,99,-48
108900224,23,137,-114
108900225,1,200,-199
108900227,129,140,-11
108900230,624,425,199
108900232,3,629,-626
108900233,208,66,142
108900234,235,58,177
108900235,255,784,-529
108900236,33,371,-338
108900240,79,118,-39
108900241,19,29,-10
108900245,5,833,-828
108900250,152,83,69
108900258,21,395,-374
108900259,31,113,-82
108900260,3,188,-185
108900261,212,224,-12
108900262,239,150,89
108900263,40,407,-367
108900264,613,354,259
108900265,1839,346,1493
108900266,1968,514,1454
108900267,10,95,-85
108900268,10,13,-3
108900269,47,8,39
108900270,67,15,52
108900271,31,5,26
108900272,177,3,174
108900273,1264,689,575
108900274,30,86,-56
109000001,5309,1393,3916
109000002,4108,1789,2319
109000003,2016,837,1179
109000004,543,3452,-2909
109000005,2113,1318,795
109000006,847,2825,-1978
109000007,1190,980,210
109000008,489,2591,-2102
109000009,3126,1469,1657
109000010,1571,5650,-4079
109000011,2582,1992,590
109000012,1617,5604,-3987
109000013,2423,2330,93
109000014,1455,5079,-3624
109000015,3102,5453,-2351
109000016,15106,5346,9760
109000017,1939,1350,589
109000018,991,4452,-3461
109000019,2737,1744,993
109000020,1521,3061,-1540
109000023,201,36,165
109000024,9,186,-177
109000025,405,494,-89
109000026,1053,388,665
109000027,71,455,-384
109000028,150,109,41
109000029,144,230,-86
109000030,72,676,-604
109000031,106,114,-8
109000032,75,589,-514
109000033,264,105,159
109000034,54,78,-24
109000035,17,33,-16
109000036,71,453,-382
109000037,187,809,-622
109000038,521,473,48
109000039,632,501,131
109000040,8093,4692,3401
109000041,7448,1453,5995
109000042,1486,1345,141
109000044,229,53,176
109000045,72,600,-528
109000046,214,74,140
109000047,61,474,-413
109000048,568,109,459
109000049,202,598,-396
109000050,242,215,27
109000051,388,275,113
109000052,430,2658,-2228
109000053,131,48,83
109000054,63,1081,-1018
109000055,119,184,-65
109000056,179,813,-634
109000057,351,273,78
109000058,952,327,625
109000059,654,1106,-452
109000060,377,286,91
109000061,1859,666,1193
109000062,118,252,-134
109000063,155,250,-95
109000064,142,296,-154
109000065,105,440,-335
109000066,229,196,33
109000067,19,435,-416
109000068,1392,4,1388
109000069,779,38,741
109000070,9,1157,-1148
109000071,331,111,220
109000072,70,400,-330
109000073,36,122,-86
109000074,26,342,-316
109000075,64,440,-376
109000076,76,216,-140
109000077,481,373,108
109000078,86,159,-73
109000079,144,319,-175
109000080,106,124,-18
109000081,101,893,-792
109000082,547,348,199
109000083,251,1165,-914
109000088,175,884,-709
109000089,175,49,126
109000090,175,803,-628
109000091,198,103,95
109000092,423,1089,-666
109000093,182,174,8
109000094,267,9,258
109000095,133,1053,-920
109000096,518,272,246
109000097,91,238,-147
109000098,63,119,-56
109000099,747,652,95
109000100,247,761,-514
109000101,826,1263,-437
109000102,265,938,-673
109000103,318,719,-401
109000104,879,853,26
109000105,439,1851,-1412
109000106,1320,887,433
109000107,565,2930,-2365
109000108,1256,628,628
109000109,374,2754,-2380
109000110,1200,488,712
109000111,993,2984,-1991
109000112,330,203,127
109000113,207,190,17
109000114,157,399,-242
109000115,1285,120,1165
109000116,24,219,-195
109000117,151,122,29
109000118,22,409,-387
109000119,670,651,19
109000120,150,1568,-1418
109000121,210,124,86
109000122,90,1476,-1386
109000123,28,117,-89
109000124,442,397,45
109000125,554,391,163
109000126,341,1213,-872
109000127,466,206,260
109000128,500,3637,-3137
109000129,1279,674,605
109000130,585,3744,-3159
109000131,564,478,86
109000132,638,2776,-2138
109000133,333,1315,-982
109000134,932,1817,-885
109000135,1029,1694,-665
109000136,359,513,-154
109000137,218,441,-223
109000138,359,548,-189
109000139,373,528,-155
109000140,121,638,-517
109000141,326,546,-220
109000142,95,684,-589
109000143,65,78,-13
109000145,65,281,-216
109000146,149,88,61
109000148,5103,1078,4025
109000149,28,47,-19
109000150,150,234,-84
109000155,462,632,-170
109000156,1839,1173,666
109000158,24,242,-218
109000159,61,1035,-974
109000160,737,276,461
109000161,215,2055,-1840
109000162,1339,1161,178
109000163,905,2562,-1657
109000164,976,3815,-2839
109000165,1030,775,255
109000166,534,189,345
109000167,101,1383,-1282
109000170,39,77,-38
109000171,45,56,-11
109000172,43,55,-12
109000173,38,84,-46
109000174,109,83,26
109000175,45,130,-85
109000176,236,330,-94
109000177,23,194,-171
109000178,459,774,-315
109000179,10365,2873,7492
109000180,5924,2759,3165
109000181,11,50,-39
109000182,54,60,-6
109000183,38,66,-28
109000184,35,27,8
109000185,47,91,-44
109000188,361,4309,-3948
109000189,1677,1069,608
109000190,512,645,-133
109000191,219,903,-684
109000192,284,268,16
109000193,165,728,-563
109000194,111,129,-18
109000195,67,666,-599
109000196,225,141,84
109000197,146,821,-675
109000198,187,74,113
109000199,106,840,-734
109000206,299,29,270
109000207,120,38,82
109000208,96,78,18
109000209,135,127,8
109000210,226,872,-646
109000211,320,438,-118
109000214,298,883,-585
109000215,80,91,-11
109000216,240,167,73
109000217,167,95,72
109000218,210,140,70
109000221,436,1785,-1349
109000222,830,231,599
109000223,210,305,-95
109000224,52,442,-390
109000225,62,45,17
109000226,66,490,-424
109000227,786,2162,-1376
109000228,1,415,-414
109000231,6,733,-727
109000232,212,599,-387
109000236,206,1043,-837
109000241,2065,3030,-965
109000242,1602,2169,-567
109000293,13,36,-23
109000361,110,459,-349
109000364,185,909,-724
109000396,5,1211,-1206
109000397,399,12,387
109000399,159,903,-744
109000400,89,445,-356
109000403,76,428,-352
109000406,594,26,568
109000407,219,338,-119
109000408,1,1030,-1029
109000410,755,199,556
109000411,117,58,59
109900001,72,0,72
109900002,506,24,482
109900003,193,0,193
109900004,618,275,343
109900005,23,7,16
109900006,203,494,-291
109900007,514,1361,-847
109900008,0,63,-63
109900009,119,1099,-980
109900010,365,20,345
109900011,43,42,1
109900012,152,135,17
109900013,277,114,163
109900014,224,67,157
109900015,364,166,198
109900016,104,63,41
109900017,97,141,-44
109900018,133,168,-35
109900019,105,101,4
109900020,23,29,-6
109900021,28,15,13
109900022,106,555,-449
109900023,10,3,7
109900024,18,1,17
109900025,3,119,-116
109900026,4,287,-283
109900027,18,45,-27
109900028,3894,685,3209
109900029,12,963,-951
109900030,22,10,12
109900031,0,54,-54
109900032,9,398,-389
109900033,2,764,-762
109900034,19,4,15
109900035,6,14,-8
109900036,11,135,-124
109900037,49,740,-691
109900038,36,346,-310
109900039,12,0,12
109900040,31,991,-960
109900041,53,742,-689
109900042,18,544,-526
109900044,93,389,-296
109900045,160,69,91
109900046,75,120,-45
109900047,350,445,-95
109900048,0,110,-110
109900049,4,33,-29
109900050,1,492,-491
109900051,1,37,-36
109900052,50,323,-273
109900053,11,924,-913
109900054,375,180,195
109900055,22,319,-297
109900056,38,160,-122
109900057,10,428,-418
109900058,0,151,-151
109900059,379,116,263
109900060,469,207,262
109900061,114,411,-297
109900062,1,425,-424
109900063,5,330,-325
109900064,437,376,61
109900065,179,116,63
109900066,331,1511,-1180
109900067,0,644,-644
109900068,28,7,21
109900069,0,43,-43
109900070,39,327,-288
109900071,2,27,-25
109900072,15,154,-139
109900073,235,1067,-832
109900074,18,48,-30
109900075,12,20,-8
109900076,35,806,-771
109900077,26,70,-44
109900078,84,494,-410
109900080,123,508,-385
109900081,15,117,-102
109900082,41,735,-694
109900083,22,57,-35
109900084,43,232,-189
109900085,241,1923,-1682
109900086,98,260,-162
109900087,315,456,-141
109900089,445,105,340
109900090,469,2022,-1553
109900091,171,92,79
109900092,320,21,299
109900093,471,105,366
109900094,58,120,-62
109900095,107,398,-291
109900096,27,3,24
109900097,104,2,102
109900098,224,20,204
109900099,99,1,98
109900100,27,0,27
109900101,186,6,180
109900102,327,18,309
109900103,12,57,-45
109900104,298,1779,-1481
109900105,443,39,404
109900106,155,82,73
109900107,211,87,124
109900108,81,575,-494
109900109,23,247,-224
109900110,59,834,-775
109900111,344,2400,-2056
109900112,412,1571,-1159
109900113,457,400,57
109900114,492,307,185
109900115,91,74,17
109900117,591,134,457
109900118,250,604,-354
109900119,497,387,110
109900120,47,10,37
109900121,266,333,-67
109900122,203,0,203
109900123,13,245,-232
109900124,61,1206,-1145
109900125,1,377,-376
109900126,136,331,-195
109900128,186,83,103
109900130,18561,1577,16984
109900131,61,184,-123
109900132,30,207,-177
109900133,81,526,-445
109900134,55,65,-10
109900135,538,86,452
109900136,36,165,-129
109900137,79,634,-555
109900140,159,637,-478
109900142,685,289,396
109900145,4,201,-197
109900146,330,20,310
109900148,54,76,-22
109900149,37,64,-27
109900150,2,59,-57
109900151,4,72,-68
109900152,1,22,-21
109900153,0,78,-78
109900154,38,0,38
109900155,30,22,8
109900157,80,427,-347
109900158,52,158,-106
109900159,102,24,78
109900160,110,63,47
109900161,172,60,112
109900162,145,59,86
109900163,659,467,192
109900164,41,304,-263
109900165,176,5,171
109900166,1,185,-184
109900167,168,909,-741
109900168,95,729,-634
109900169,112,156,-44
109900170,277,632,-355
109900171,92,112,-20
109900172,124,166,-42
109900173,5793,1598,4195
109900174,56,179,-123
109900175,37,76,-39
109900176,85,284,-199
109900177,28,466,-438
109900178,19,152,-133
109900179,25,45,-20
109900180,4,8,-4
110000001,969,698,271
110000002,789,532,257
110000003,926,646,280
110000004,626,469,157
110000005,833,1542,-709
110000006,975,455,520
110000007,143,227,-84
110000008,13,40,-27
110000009,35,83,-48
110000010,25,30,-5
110000011,35,189,-154
110000012,1014,706,308
110000013,31,512,-481
110000014,807,429,378
110000015,316,449,-133
110000016,325,1145,-820
110000017,5090,316,4774
110000018,5250,553,4697
110000019,8,220,-212
110000020,814,352,462
110000021,550,372,178
110000022,589,162,427
110000023,6,286,-280
110000024,547,609,-62
110000025,153,4,149
110000026,9,1140,-1131
110000027,540,392,148
110000028,619,836,-217
110000029,520,1556,-1036
110000030,166,287,-121
110000031,235,883,-648
110000032,733,489,244
110000033,223,119,104
110000034,224,660,-436
110000035,499,1523,-1024
110000036,447,639,-192
110000037,131,1042,-911
110000038,234,509,-275
110000039,560,1873,-1313
110000040,245,490,-245
110000041,247,1054,-807
110000042,95,314,-219
110000043,395,215,180
110000044,114,71,43
110000045,491,90,401
110000046,8,14,-6
110000047,19,13,6
110000048,8,18,-10
110000049,37,14,23
110000050,16,30,-14
110000051,17,5,12
110000052,44,30,14
110000053,79,2,77
110000054,163,397,-234
110000055,296,30,266
110000056,175,80,95
110000057,301,1388,-1087
110000058,924,836,88
110000059,653,552,101
110000060,423,758,-335
110000061,807,968,-161
110000062,732,748,-16
110000063,36,110,-74
110000064,54,179,-125
110000065,46,85,-39
110000066,93,51,42
110000067,63,518,-455
110000068,153,1039,-886
110000069,121,116,5
110000071,87,191,-104
110000073,5,14,-9
110000075,12,114,-102
110000076,317,230,87
110000077,649,533,116
110000078,15,39,-24
110000080,294,766,-472
110000081,19,253,-234
110000082,30,280,-250
110000083,242,739,-497
110000084,700,569,131
110000085,2993,1769,1224
110000086,1172,1346,-174
110000087,11,56,-45
110000088,40,252,-212
110000089,155,228,-73
110000090,75,454,-379
110000091,2942,452,2490
110000092,15,171,-156
110000093,53,17,36
110000094,598,310,288
110000095,102,553,-451
110000096,5600,2051,3549
110000097,907,1166,-259
110000098,1670,670,1000
110000099,791,1855,-1064
110000100,544,1317,-773
110000101,15,701,-686
110000102,49,27,22
110000104,171,87,84
110000105,57,371,-314
110000106,582,287,295
110000107,522,571,-49
110000108,166,93,73
110000109,293,401,-108
110000110,5082,3678,1404
110000111,9777,2299,7478
110000112,1645,581,1064
110000113,778,1301,-523
110000114,119,425,-306
110000115,188,288,-100
110000116,21,60,-39
110000117,137,903,-766
110000118,257,418,-161
110000119,154,649,-495
110000120,213,238,-25
110000121,116,424,-308
110000122,350,739,-389
110000123,399,576,-177
110000124,2,937,-935
110000125,831,2,829
110000126,239,20,219
110000127,671,53,618
110000128,23,1595,-1572
110000129,5,857,-852
110000130,230,114,116
110000131,91,643,-552
110000132,1,778,-777
110000133,51,393,-342
110000134,30,424,-394
110000135,216,16,200
110000136,56,366,-310
110000137,422,753,-331
110000138,498,1211,-713
110000139,707,2076,-1369
110000140,1167,533,634
110000143,855,400,455
110000144,4457,1324,3133
110000145,1158,772,386
110000146,1593,721,872
110000147,307,740,-433
110000148,283,463,-180
110000151,647,494,153
110000152,617,402,215
110000153,71,191,-120
110000154,7,17,-10
110000155,1508,2695,-1187
110000156,828,1750,-922
110000157,1112,1651,-539
110000160,265,510,-245
110000161,99,675,-576
110000166,280,180,100
110000167,578,539,39
110000168,719,314,405
110000169,638,342,296
110000170,80,90,-10
110000171,521,251,270
110000172,189,974,-785
110000173,1538,1429,109
110000174,125,2123,-1998
110000175,371,95,276
110000176,38,239,-201
110000177,134,793,-659
110000178,482,881,-399
110000179,2176,488,1688
110000180,114,463,-349
110000181,221,537,-316
110000182,425,441,-16
110000183,15161,5744,9417
110000184,1650,1930,-280
110000185,895,730,165
110000186,635,777,-142
110000191,430,441,-11
110000192,239,2,237
110000193,527,5,522
110000194,31,1929,-1898
110000195,354,512,-158
110000196,254,813,-559
110000197,36,250,-214
110000198,101,132,-31
110000199,50,156,-106
110000200,1341,549,792
110000201,518,691,-173
110000202,1125,538,587
110000203,830,1258,-428
110000204,4,559,-555
110000205,97,53,44
110000206,787,2486,-1699
110000207,595,323,272
110000208,112,122,-10
110000209,110,1337,-1227
110000210,683,979,-296
110000211,509,1111,-602
110000212,432,984,-552
110000213,97,71,26
110000214,97,133,-36
110000215,106,870,-764
110000216,39,991,-952
110000217,168,369,-201
110000218,133,767,-634
110000219,183,57,126
110000220,35,625,-590
110000221,206,86,120
110000222,34,517,-483
110000223,2,150,-148
110000224,80,26,54
110000225,162,726,-564
110000226,150,59,91
110000227,774,559,215
110000228,439,358,81
110000229,0,363,-363
110000230,501,864,-363
110000231,220,186,34
110000232,170,217,-47
110000233,154,386,-232
110000234,581,407,174
110000235,1690,1039,651
110000236,422,1186,-764
110000237,1441,1337,104
110000238,931,1564,-633
110000239,1285,1740,-455
110000240,1,181,-180
110000242,0,18,-18
110000243,54,330,-276
110000244,133,782,-649
110000245,51,812,-761
110000246,551,976,-425
110000247,1425,6012,-4587
110000248,2041,2047,-6
110000249,63,10,53
110000250,20,357,-337
110000251,153,756,-603
110000252,133,327,-194
110000253,927,640,287
110000254,595,2152,-1557
110000255,158,1798,-1640
110000256,442,251,191
110000257,700,551,149
110000258,6,829,-823
110000259,48,24,24
110000260,4,703,-699
110000263,534,112,422
110000264,156,983,-827
110000265,870,1409,-539
110000266,1756,2046,-290
110000267,13,286,-273
110000268,291,786,-495
110000269,4,69,-65
110000270,56,1,55
110000271,3115,324,2791
110000272,863,1005,-142
110000273,2493,1356,1137
110000274,209,892,-683
110000275,4850,485,4365
110000276,136,237,-101
110000277,165,721,-556
110000278,221,1202,-981
110000279,573,754,-181
110000280,211,469,-258
110000281,21,210,-189
110000282,262,91,171
110000283,45,97,-52
110000284,58,75,-17
110000285,1,243,-242
110000286,30,2,28
110000287,36,4,32
110000288,3,85,-82
110000289,586,1352,-766
110000290,1586,694,892
110000291,9222,1633,7589
110000292,1299,3358,-2059
110000293,381,1273,-892
110000294,603,838,-235
110000295,92,1419,-1327
110000296,229,336,-107
110000297,2446,357,2089
110000298,346,792,-446
110000299,561,52,509
110000301,182,24,158
110000302,289,2266,-1977
110000303,232,3,229
110000304,112,511,-399
110000305,537,16,521
110000306,95,3067,-2972
110000307,857,10,847
110000308,312,9,303
110000309,5,1820,-1815
110000310,420,135,285
110000311,22,1284,-1262
110000312,457,64,393
110000313,2527,3116,-589
110000314,3,559,-556
110000315,3991,2040,1951
110000316,852,1201,-349
110000317,396,404,-8
110000318,2,192,-190
110000319,6,14,-8
110000320,48,83,-35
110000321,20,51,-31
110000322,188,869,-681
110000323,297,298,-1
110000324,7819,1271,6548
110000325,2444,1903,541
110000327,437,285,152
110000328,155,631,-476
110000333,503,363,140
110000334,592,1858,-1266
110000335,672,552,120
110000336,323,1668,-1345
110000337,864,588,276
110000338,180,266,-86
110000339,165,300,-135
110000340,14,247,-233
110000341,312,736,-424
110000342,440,6,434
110000343,1,9,-8
110000344,105,259,-154
110000345,150,98,52
110000346,2603,1279,1324
110000347,911,738,173
110000348,16,31,-15
110000349,15,28,-13
110000350,48,6,42
110000351,610,926,-316
110000352,444,1678,-1234
110000353,4656,780,3876
110000354,1236,2106,-870
110000355,75,111,-36
110000356,984,8,976
110000357,235,14,221
110000361,10,182,-172
110000362,47,126,-79
110000363,183,146,37
110000364,106,664,-558
110000365,125,1,124
110000366,0,102,-102
110000367,231,344,-113
110000368,1,83,-82
110000369,32,4,28
110000373,8,433,-425
110000374,73,9,64
110000375,251,1063,-812
110000376,25,150,-125
110000377,68,396,-328
110000378,35,341,-306
110000379,5659,1167,4492
110000380,25,18,7
110000383,1,1426,-1425
110000384,2308,1098,1210
110000385,0,216,-216
110000387,71,7,64
110000388,28,307,-279
110000389,496,3,493
110000391,327,401,-74
110000396,70,188,-118
110000397,75,394,-319
110000398,10,43,-33
110000399,114,1,113
110000587,83,39,44
110000589,151,224,-73
110000640,133,133,0
110000652,10,163,-153
110000653,209,606,-397
110000654,35,63,-28
110000656,0,875,-875
110000674,19,27,-8
110000675,7,25,-18
110000676,4,71,-67
110000679,595,934,-339
110000682,150,174,-24
110000683,289,524,-235
110000684,0,64,-64
110000685,8,16,-8
110000686,4,26,-22
110000687,27,5,22
110000688,58,698,-640
110000689,37,54,-17
110000692,47,446,-399
110000693,117,177,-60
110000694,0,115,-115
110000695,180,1035,-855
110000696,231,209,22
110900001,174,16,158
110900002,88,310,-222
110900003,374,1223,-849
110900004,253,278,-25
110900005,6203,1491,4712
110900006,45,7,38
110900007,128,15,113
110900008,9,88,-79
110900009,353,37,316
110900010,5,97,-92
110900011,13,161,-148
110900012,16,124,-108
110900013,642,207,435
110900014,93,10,83
110900015,1377,474,903
110900016,14,255,-241
110900017,255,56,199
110900018,302,36,266
110900019,133,31,102
110900020,64,728,-664
110900021,80,791,-711
110900022,117,542,-425
110900023,66,845,-779
110900024,29,755,-726
110900025,0,65,-65
110900027,38,439,-401
110900028,18,304,-286
110900029,36,609,-573
110900030,14,680,-666
110900031,3,182,-179
110900032,0,120,-120
110900033,48,443,-395
110900035,18,698,-680
110900036,116,13,103
110900037,75,19,56
110900038,2003,281,1722
110900039,11,279,-268
110900040,208,53,155
110900041,8,246,-238
110900042,88,83,5
110900043,4,202,-198
110900044,345,40,305
110900045,41,940,-899
110900046,169,430,-261
110900047,1226,141,1085
110900049,31,40,-9
110900050,14,8,6
110900051,29,258,-229
110900052,2,308,-306
110900053,52,52,0
110900054,17,419,-402
110900055,38,1,37
110900056,40,133,-93
110900057,10,390,-380
110900058,111,377,-266
110900059,654,1186,-532
110900060,482,131,351
110900061,23,47,-24
110900062,81,446,-365
110900063,33,103,-70
110900064,16,0,16
110900065,527,124,403
110900066,23,70,-47
110900067,734,562,172
110900068,267,287,-20
110900069,3,34,-31
110900070,111,52,59
110900071,372,359,13
110900073,1,41,-40
110900074,248,171,77
110900075,300,83,217
110900077,452,493,-41
110900078,21,229,-208
110900079,2781,728,2053
110900080,85,61,24
110900081,6,185,-179
110900082,77,454,-377
110900083,72,33,39
110900084,52,345,-293
110900085,43,600,-557
110900086,40,220,-180
110900087,161,99,62
110900088,29,1,28
110900090,37,15,22
110900091,2,81,-79
110900093,298,82,216
110900095,47,63,-16
110900097,12,19,-7
110900098,20,168,-148
110900099,48,978,-930
110900100,0,39,-39
110900102,38,16,22
110900105,869,646,223
110900108,21,236,-215
110900111,316,115,201
110900112,567,7,560
110900113,545,62,483
110900115,15,155,-140
110900116,335,3725,-3390
110900118,195,2092,-1897
110900119,7554,317,7237
110900120,10,362,-352
110900121,59,2,57
110900122,234,174,60
110900125,276,303,-27
110900127,360,854,-494
110900128,429,341,88
110900129,323,411,-88
110900130,1419,462,957
110900131,113,35,78
110900132,208,43,165
110900133,71,431,-360
110900135,86,748,-662
110900136,259,13,246
110900139,17,0,17
110900140,0,0,0
110900141,215,129,86
110900142,50,328,-278
110900143,81,103,-22
110900144,2,932,-930
110900145,109,19,90
110900146,358,85,273
110900147,376,296,80
110900148,3,468,-465
110900149,1,137,-136
110900150,24,37,-13
110900151,0,80,-80
110900152,30,648,-618
110900153,90,48,42
111000001,418,542,-124
111000002,777,1120,-343
111000003,894,748,146
111000004,652,1619,-967
111000005,1122,914,208
111000006,1161,1606,-445
111000007,6135,2756,3379
111000008,5431,3897,1534
111000009,411,1169,-758
111000010,698,361,337
111000011,394,1245,-851
111000012,494,366,128
111000013,320,1550,-1230
111000014,873,706,167
111000017,133,594,-461
111000018,234,392,-158
111000020,3337,2811,526
111000021,146,210,-64
111000023,114,206,-92
111000025,10025,3071,6954
111000029,50,98,-48
111000030,22,103,-81
111000031,1949,921,1028
111000032,624,244,380
111000033,330,201,129
111000034,458,246,212
111000037,4605,1755,2850
111000038,3408,3473,-65
111000039,1275,3485,-2210
111000040,1506,3825,-2319
111000041,1672,2164,-492
111000042,8105,3068,5037
111000043,2687,1860,827
111000044,1264,981,283
111000045,1487,2250,-763
111000046,842,1803,-961
111000047,1584,2463,-879
111000049,301,650,-349
111000050,2514,2343,171
111000051,485,1451,-966
111000052,625,1792,-1167
111000053,390,1445,-1055
111000054,244,1712,-1468
111000055,1432,2740,-1308
111000056,134,967,-833
111000057,65,1233,-1168
111000058,202,156,46
111000059,272,327,-55
111000060,2753,839,1914
111000061,394,361,33
111000062,648,248,400
111000063,1491,978,513
111000064,394,636,-242
111000065,876,821,55
111000066,356,393,-37
111000067,459,692,-233
111000068,344,913,-569
111000069,1693,2164,-471
111000070,3209,1404,1805
111000071,328,1248,-920
111000072,645,456,189
111000073,240,778,-538
111000074,1319,1634,-315
111000075,814,1034,-220
111000076,318,1276,-958
111000077,1268,1627,-359
111000078,2136,1391,745
111000079,1462,837,625
111000080,354,811,-457
111000081,2572,3319,-747
111000082,506,796,-290
111000084,580,629,-49
111000085,1018,1980,-962
111000086,4569,1658,2911
111000087,731,1047,-316
111000088,9230,2086,7144
111000089,713,1065,-352
111000090,1352,1548,-196
111000091,703,968,-265
111000092,994,1415,-421
111000093,429,895,-466
111000094,1593,1018,575
111000095,886,2246,-1360
111000096,3305,6924,-3619
111000097,8539,1195,7344
111000098,750,1857,-1107
111000099,553,3391,-2838
111000100,288,3255,-2967
111000101,392,1128,-736
111000102,115,1331,-1216
111000104,267,284,-17
111000107,98,1228,-1130
111000109,216,267,-51
111000110,800,560,240
111000111,1330,510,820
111000112,1112,366,746
111000113,788,832,-44
111000114,2145,2097,48
111000115,9534,1118,8416
111000116,903,1193,-290
111000117,578,1040,-462
111000118,1516,1277,239
111000119,740,2175,-1435
111000120,320,684,-364
111000121,222,588,-366
111000122,575,1236,-661
111000123,865,4001,-3136
111000124,493,5089,-4596
111000125,249,2847,-2598
111000126,95,1430,-1335
111000127,655,165,490
111000128,993,398,595
111000129,1463,465,998
111000130,1209,782,427
111000131,875,564,311
111000132,648,469,179
111000133,115,208,-93
111000134,109,172,-63
111000135,54,130,-76
111000136,299,320,-21
111000138,11,17,-6
111000140,1,5,-4
111000141,144,421,-277
111000142,21,191,-170
111000143,7,146,-139
111000144,28,191,-163
111000145,878,17,861
111000146,51,13,38
111000147,248,14,234
111000148,129,99,30
111000149,4,46,-42
111000150,12,9,3
111000151,3,27,-24
111000153,568,662,-94
111000154,837,226,611
111000155,107,216,-109
111000156,462,508,-46
111000157,210,698,-488
111000158,943,717,226
111000159,3377,814,2563
111000160,268,587,-319
111000161,8,291,-283
111000162,53,204,-151
111000163,549,894,-345
111000164,992,3085,-2093
111000165,1610,564,1046
111000166,1807,424,1383
111000167,216,661,-445
111000168,202,563,-361
111000169,318,748,-430
111000170,532,453,79
111000171,387,1305,-918
111000172,119,1019,-900
111000173,236,2361,-2125
111000174,134,1204,-1070
111000175,37,394,-357
111000176,150,240,-90
111000177,212,428,-216
111000178,497,449,48
111000179,105,287,-182
111000180,129,389,-260
111000181,738,398,340
111000182,163,219,-56
111000183,253,381,-128
111000184,351,280,71
111000185,345,580,-235
111000186,232,347,-115
111000187,125,353,-228
111000188,114,596,-482
111000189,1950,664,1286
111000190,197,618,-421
111000191,139,634,-495
111000192,289,832,-543
111000193,715,461,254
111000194,23,583,-560
111000195,81,700,-619
111000196,61,547,-486
111000197,291,187,104
111000198,423,147,276
111000199,149,166,-17
111000200,184,407,-223
111000201,393,232,161
111000202,194,249,-55
111000203,209,254,-45
111000204,345,709,-364
111000213,171,419,-248
111000214,1387,2736,-1349
111000215,837,2031,-1194
111000217,1037,1570,-533
111000218,926,1289,-363
111000219,419,281,138
111000220,3977,498,3479
111000221,942,157,785
111000224,143,363,-220
111000225,261,211,50
111000226,206,2,204
111000227,39,0,39
111000228,6,195,-189
111000229,14,407,-393
111000230,262,877,-615
111000231,707,2009,-1302
111000232,378,995,-617
111000233,354,850,-496
111000234,72,256,-184
111000239,111,280,-169
111000240,41,159,-118
111000241,30,605,-575
111000242,93,97,-4
111000243,62,1193,-1131
111000244,266,162,104
111000245,723,861,-138
111000246,269,928,-659
111000247,130,1423,-1293
111000248,479,532,-53
111000249,416,966,-550
111000250,32,167,-135
111000251,33,196,-163
111000253,8,10,-2
111000255,21,7,14
111000257,36,12,24
111000260,58,1596,-1538
111000261,634,51,583
111000271,56,457,-401
111000273,10024,1872,8152
111000274,1317,1917,-600
111000275,159,95,64
111000276,301,2816,-2515
111000277,109,555,-446
111000278,501,275,226
111000291,482,3082,-2600
111000298,441,357,84
111000299,584,150,434
111000300,111,893,-782
111000302,268,79,189
111000303,87,362,-275
111000312,58,80,-22
111000315,52,599,-547
111000320,351,909,-558
111000321,199,68,131
111000322,234,707,-473
111000323,145,19,126
111000324,293,363,-70
111000325,30,53,-23
111000326,121,337,-216
111000327,379,743,-364
111000328,163,469,-306
111000329,0,19,-19
111000330,29,9,20
111000331,9,1,8
111000332,385,1643,-1258
111000334,491,2244,-1753
111000335,444,214,230
111000337,636,488,148
111000338,39,191,-152
111000339,220,897,-677
111000340,86,1321,-1235
111000341,784,448,336
111000342,211,424,-213
111000344,659,996,-337
111000345,188,73,115
111000346,39,162,-123
111000347,49,7,42
111000350,153,203,-50
111000351,99,238,-139
111000352,154,256,-102
111000353,62,298,-236
111000354,267,610,-343
111000355,256,1067,-811
111000358,117,2903,-2786
111000360,91,1469,-1378
111000361,105,730,-625
111000546,391,1005,-614
111000547,229,1288,-1059
111000548,73,224,-151
111000549,197,751,-554
111000550,96,496,-400
111000551,712,252,460
111000552,1173,104,1069
111000907,504,15,489
111000908,19,1,18
111000916,967,336,631
111000917,26,501,-475
111000918,154,1869,-1715
111000920,294,12,282
111000921,2,659,-657
111000922,292,424,-132
111000924,59,1817,-1758
111000925,1490,2025,-535
111000926,1006,3852,-2846
111000927,2796,4477,-1681
111000928,7491,5100,2391
111000929,846,1180,-334
111000930,763,3202,-2439
111000931,1468,1975,-507
111000932,4746,3149,1597
111000933,3373,1923,1450
111000934,2622,3368,-746
111000935,785,1000,-215
111000936,1080,2886,-1806
111000937,703,1241,-538
111000938,2116,2990,-874
111000939,214,51,163
111000940,279,254,25
111000941,163,1051,-888
111000943,233,308,-75
111000944,118,864,-746
111000945,55,3223,-3168
111001109,403,254,149
111001110,240,759,-519
111001111,46,2,44
111001112,78,3,75
111001113,9,129,-120
111001114,1484,111,1373
111001115,167,425,-258
111001116,7101,2450,4651
111001117,756,1040,-284
111001120,78,579,-501
111001121,185,472,-287
111001122,157,983,-826
111001123,96,176,-80
111001124,83,576,-493
111001125,1,32,-31
111001126,0,3,-3
111001127,0,0,0
111900001,3,380,-377
111900002,3,1096,-1093
111900003,2,575,-573
111900004,21,203,-182
111900006,9,20,-11
111900007,40,5,35
111900008,51,2,49
111900009,52,1,51
111900010,354,776,-422
111900012,62,175,-113
111900013,3,42,-39
111900014,10270,2375,7895
111900015,0,98,-98
111900016,1,233,-232
111900017,0,190,-190
111900018,101,3,98
111900019,3,118,-115
111900020,1,50,-49
111900021,34,131,-97
111900022,12,96,-84
111900023,201,95,106
111900024,7,108,-101
111900025,0,43,-43
111900026,0,168,-168
111900027,4,216,-212
111900028,5,549,-544
111900029,3,139,-136
111900030,62,676,-614
111900031,4,44,-40
111900032,4,498,-494
111900033,10,169,-159
111900034,433,1284,-851
111900035,26,325,-299
111900036,2,558,-556
111900038,413,1058,-645
111900039,35,688,-653
111900040,8,966,-958
111900042,44,171,-127
111900043,5,639,-634
111900044,268,500,-232
111900046,60,347,-287
111900048,123,1356,-1233
111900049,37,371,-334
111900050,62,19,43
111900051,2,503,-501
111900052,518,942,-424
111900053,1630,554,1076
111900054,53,4,49
111900055,20,949,-929
111900056,212,140,72
111900057,34,88,-54
111900058,215,1137,-922
111900059,4826,319,4507
111900060,289,3,286
111900061,9,438,-429
111900062,29,43,-14
111900063,191,244,-53
111900064,160,392,-232
111900065,60,29,31
111900066,93,124,-31
111900067,2,509,-507
111900068,46,22,24
111900069,38,22,16
111900070,109,120,-11
111900071,0,562,-562
111900072,47,20,27
111900073,345,84,261
111900074,17,311,-294
111900075,67,5,62
111900076,74,31,43
111900077,26,5,21
111900078,152,13,139
111900079,37,7,30
111900080,168,164,4
111900082,82,13,69
111900083,61,11,50
111900084,68,0,68
111900085,32,71,-39
111900086,21,8,13
111900087,32,0,32
111900088,357,6,351
111900089,78,0,78
111900090,61,26,35
111900091,171,6,165
111900092,29,0,29
111900093,217,2,215
111900094,67,0,67
111900095,94,12,82
111900096,73,0,73
111900097,21,1,20
111900098,102,0,102
111900099,46,0,46
111900100,37,2,35
111900101,59,22,37
111900102,187,1247,-1060
111900103,49,44,5
111900104,95,41,54
111900105,212,101,111
111900106,1733,82,1651
111900110,3680,293,3387
111900111,57,267,-210
111900112,1244,1381,-137
111900113,332,64,268
111900118,217,46,171
111900119,160,99,61
111900122,68,41,27
111900123,11,34,-23
111900124,24,187,-163
111900125,254,22,232
111900126,197,14,183
111900127,6,1063,-1057
111900128,4,897,-893
111900129,180,66,114
111900130,120,10,110
111900131,261,0,261
111900132,39,2185,-2146
111900133,5,593,-588
111900134,25,445,-420
111900135,10,29,-19
111900136,66,137,-71
111900137,60,93,-33
111900138,9,171,-162
111900139,30,320,-290
111900140,56,18,38
111900141,41,8,33
111900142,60,24,36
111900143,22,389,-367
111900144,1,188,-187
111900145,1,1077,-1076
111900146,3,522,-519
111900147,204,784,-580
111900148,36,1414,-1378
111900149,7,577,-570
111900150,13,286,-273
111900151,3,20,-17
111900152,92,70,22
111900153,2620,326,2294
111900154,14,189,-175
111900155,36,46,-10
111900156,35,41,-6
111900157,47,6,41
111900158,335,20,315
111900159,137,2,135
111900160,146,0,146
111900161,98,8,90
111900162,145,146,-1
111900163,38,513,-475
111900164,54,44,10
111901113,231,385,-154
111901114,202,558,-356
111901115,69,2,67
111901116,62,1,61
111901117,31,31,0
111901118,248,261,-13
111901119,2440,194,2246
111901121,221,749,-528
111901122,6,922,-916
111901123,94,563,-469
111901124,108,2,106
111901125,253,302,-49
111901127,1457,281,1176
111901128,17,139,-122
111901129,11,297,-286
111901130,12,473,-461
111901131,9,388,-379
111901132,31,4,27
111901133,21,1,20
111901134,62,1,61
111901135,13,7,6
111901136,0,18,-18
111901138,101,54,47
111901139,24,47,-23
111901140,4,216,-212
111901141,23,500,-477
111901142,7,463,-456
111901143,3,249,-246
111901144,24,32,-8
111901145,180,179,1
111901146,524,27,497
111901147,1455,81,1374
111901148,21,32,-11
111901149,4,2,2
111901150,7,0,7
112000001,1429,1146,283
112000002,769,2767,-1998
112000003,496,1247,-751
112000004,631,2240,-1609
112000005,1827,2082,-255
112000006,1823,2973,-1150
112000007,1734,1329,405
112000008,2077,3988,-1911
112000009,4750,5090,-340
112000010,1874,2680,-806
112000011,1770,2914,-1144
112000012,4075,2093,1982
112000013,5090,3546,1544
112000014,2247,671,1576
112000015,2522,2703,-181
112000016,3712,693,3019
112000017,1749,1369,380
112000024,3221,997,2224
112000026,5612,6893,-1281
112000027,861,493,368
112000028,2314,2330,-16
112000029,317,478,-161
112000030,261,141,120
112000031,1248,2861,-1613
112000032,452,56,396
112000033,1596,998,598
112000034,233,42,191
112000035,69,265,-196
112000036,735,659,76
112000037,807,689,118
112000038,921,848,73
112000039,40,83,-43
112000040,186,309,-123
112000041,537,641,-104
112000042,1336,387,949
112000050,893,1469,-576
112000051,706,872,-166
112000054,1843,3217,-1374
112000057,466,439,27
112000058,358,572,-214
112000059,624,723,-99
112000061,5129,2289,2840
112000062,2508,750,1758
112000063,1855,1173,682
112000064,5250,7120,-1870
112000065,2641,3508,-867
112000066,3128,1087,2041
112000067,855,862,-7
112000068,2368,1603,765
112000069,706,2567,-1861
112000070,1571,813,758
112000071,685,3740,-3055
112000072,1338,1148,190
112000073,1130,1958,-828
112000074,844,974,-130
112000075,993,1330,-337
112000076,3374,3478,-104
112000077,443,941,-498
112000078,1038,763,275
112000079,1047,1501,-454
112000080,537,1026,-489
112000081,1338,2176,-838
112000082,1186,844,342
112000083,600,1767,-1167
112000084,938,913,25
112000085,873,1698,-825
112000086,1170,2272,-1102
112000087,264,642,-378
112000088,335,1080,-745
112000089,190,273,-83
112000090,155,504,-349
112000091,604,1501,-897
112000092,1186,1118,68
112000093,1605,1335,270
112000094,430,993,-563
112000095,444,915,-471
112000096,395,800,-405
112000097,670,546,124
112000098,988,2233,-1245
112000099,501,851,-350
112000100,961,1266,-305
112000101,387,1251,-864
112000102,595,974,-379
112000103,300,1609,-1309
112000105,584,3378,-2794
112000106,1017,789,228
112000107,58,191,-133
112000108,221,2834,-2613
112000109,107,151,-44
112000110,1337,611,726
112000111,1396,5093,-3697
112000112,2936,761,2175
112000113,1005,2502,-1497
112000114,1751,1364,387
112000115,260,803,-543
112000116,270,1319,-1049
112000117,710,1088,-378
112000118,1007,1067,-60
112000119,399,1281,-882
112000120,54,491,-437
112000121,89,1055,-966
112000122,191,217,-26
112000123,320,150,170
112000124,190,68,122
112000125,111,160,-49
112000126,127,1309,-1182
112000127,2052,1574,478
112000128,1108,749,359
112000129,96,157,-61
112000130,165,65,100
112000131,22,667,-645
112000132,102,343,-241
112000133,221,474,-253
112000134,274,457,-183
112000135,597,838,-241
112000136,948,1364,-416
112000137,1083,1885,-802
112000138,1293,1289,4
112000139,1041,420,621
112000140,1075,1440,-365
112000141,489,284,205
112000142,176,1259,-1083
112000143,854,297,557
112000144,278,2807,-2529
112000145,1501,780,721
112000146,631,3641,-3010
112000147,1386,1984,-598
112000148,1657,3557,-1900
112000149,249,1472,-1223
112000150,132,869,-737
112000151,490,934,-444
112000152,178,435,-257
112000153,329,479,-150
112000154,79,172,-93
112000155,182,185,-3
112000157,782,522,260
112000158,251,1371,-1120
112000159,341,378,-37
112000167,225,69,156
112000169,428,403,25
112000173,406,263,143
112000175,309,616,-307
112000176,4167,2166,2001
112000177,408,86,322
112000178,66,925,-859
112000179,154,218,-64
112000180,188,324,-136
112000181,1123,2687,-1564
112000182,569,2661,-2092
112000183,33,53,-20
112000184,261,998,-737
112000185,255,675,-420
112000187,2916,2419,497
112000195,128,7,121
112000196,104,0,104
112000197,75,95,-20
112000198,24,448,-424
112000199,1424,1065,359
112000202,204,2,202
112000216,46,232,-186
112000230,41,5,36
112000231,2,410,-408
112000256,25,161,-136
112000313,197,202,-5
112000314,48,23,25
112000337,196,740,-544
112000352,287,217,70
112000392,2148,1523,625
112000398,884,841,43
112000399,3363,1379,1984
112000400,2131,4967,-2836
112000401,3006,3200,-194
112000402,1660,2283,-623
112000403,1761,1982,-221
112000404,379,598,-219
112000405,1264,2406,-1142
112000406,3836,4114,-278
112000407,4093,5752,-1659
112000408,9254,8990,264
112000409,1634,6527,-4893
112000410,382,177,205
112000411,7383,964,6419
112000412,1439,414,1025
112000413,13113,2908,10205
112000414,78,177,-99
112000415,82,75,7
112000416,1474,1428,46
112000417,193,71,122
112000421,29,240,-211
112000422,297,853,-556
112000424,3845,1751,2094
112000425,451,2605,-2154
112000426,97,302,-205
112000427,0,18,-18
112000428,161,766,-605
112000429,2227,3240,-1013
112000430,2401,3169,-768
112000431,106,136,-30
112000432,594,3755,-3161
112000433,545,786,-241
112000437,57,417,-360
112900001,44,8,36
112900002,196,1625,-1429
112900003,47,440,-393
112900004,23,359,-336
112900005,115,261,-146
112900006,7,691,-684
112900007,27,367,-340
112900008,0,35,-35
112900009,310,68,242
112900010,216,988,-772
112900011,386,363,23
112900012,2,67,-65
112900013,3,217,-214
112900014,2,351,-349
112900015,386,1278,-892
112900016,1,393,-392
112900017,66,319,-253
112900018,1,516,-515
112900019,50,171,-121
112900020,510,1959,-1449
112900021,9,415,-406
112900022,4,76,-72
112900023,2,407,-405
112900024,32,273,-241
112900025,59,364,-305
112900026,7,476,-469
112900027,10,1727,-1717
112900028,27,165,-138
112900029,7,1047,-1040
112900030,289,256,33
112900031,4,797,-793
112900032,114,301,-187
112900034,0,96,-96
112900035,5,703,-698
112900036,31,172,-141
112900037,186,209,-23
112900038,340,151,189
112900039,20,525,-505
112900040,5,406,-401
112900041,1641,835,806
112900042,42,819,-777
112900043,19,30,-11
112900044,1095,522,573
112900045,531,447,84
112900046,222,74,148
112900047,19,28,-9
112900049,95,81,14
112900050,89,736,-647
112900051,309,962,-653
112900052,15,1863,-1848
112900053,398,153,245
112900054,318,25,293
112900055,143,25,118
112900056,362,137,225
112900057,11,1077,-1066
112900058,231,202,29
112900059,133,169,-36
112900060,11,420,-409
112900061,52,177,-125
112900062,53,154,-101
112900063,115,6,109
112900064,150,286,-136
112900065,15,13,2
112900066,137,78,59
112900067,627,184,443
112900068,20,30,-10
112900069,2927,517,2410
112900071,20,6,14
112900072,461,1094,-633
112900073,169,63,106
112900074,44,130,-86
112900075,2735,638,2097
112900076,107,12,95
112900078,208,205,3
112900079,172,21,151
112900080,13,4,9
112900081,49,92,-43
112900082,272,23,249
112900083,94,55,39
112900084,96,51,45
112900086,66,0,66
112900087,396,92,304
112900088,73,2,71
112900089,422,29,393
112900090,28,10,18
112900091,113,1,112
112900092,183,224,-41
112900093,842,9,833
112900095,34,1,33
112900096,173,70,103
112900097,37,520,-483
112900098,12,2,10
112900099,428,7,421
112900100,44,1,43
112900101,197,2,195
112900102,55,13,42
112900103,180,4,176
112900104,69,1,68
112900105,13,1,12
112900106,278,87,191
112900107,1,0,1
112900108,10,0,10
112900109,39,0,39
112900110,550,13,537
112900111,426,4,422
112900112,182,0,182
112900113,0,28,-28
112900114,83,37,46
112900115,554,1,553
112900116,71,32,39
112900117,147,129,18
112900118,31,102,-71
112900119,171,2,169
112900120,804,221,583
112900121,294,214,80
112900122,12,201,-189
112900123,216,17,199
112900124,0,231,-231
112900125,30,380,-350
112900126,176,249,-73
112900127,278,68,210
112900128,513,1081,-568
112900129,4,1138,-1134
112900130,189,65,124
112900131,55,372,-317
112900132,70,521,-451
112900133,26,1267,-1241
112900134,1,409,-408
112900135,51,39,12
112900137,3,972,-969
112900138,2,680,-678
112900139,243,1455,-1212
112900141,342,17,325
112900142,75,122,-47
112900143,54,873,-819
112900144,7,499,-492
112900145,66,616,-550
112900146,6,2298,-2292
112900147,5,3362,-3357
112900148,36,2,34
112900149,198,709,-511
112900151,23,48,-25
112900152,5646,969,4677
112900153,2228,1232,996
112900154,0,165,-165
112900155,79,6,73
112900156,213,2404,-2191
112900157,164,183,-19
112900158,40,17,23
112900159,139,46,93
112900160,34,441,-407
112900161,96,25,71
112900162,30,11,19
112900163,181,24,157
112900164,28,114,-86
112900165,64,39,25
112900166,34,56,-22
112900167,14,35,-21
112900168,2,1,1
112900169,11,8,3
112900170,27,138,-111
112900172,79,6,73
112900173,210,107,103
112900174,260,32,228
112900175,149,127,22
112900176,6,22,-16
112900177,212,28,184
112900178,587,1445,-858
112900179,34,550,-516
112900180,947,2233,-1286
112900181,334,4,330
112900182,30,1852,-1822
112900183,162,272,-110
112900184,541,367,174
112900185,251,417,-166
112900186,1460,591,869
112900187,64,311,-247
112900188,607,285,322
112900189,1,20,-19
112900190,2,68,-66
112900192,333,357,-24
112900193,926,230,696
112900194,26,229,-203
112900195,441,35,406
112900196,216,658,-442
112900197,190,485,-295
112900199,274,816,-542
112900200,349,368,-19
112900201,44,96,-52
112900202,214,1255,-1041
112900203,123,462,-339
112900204,1029,459,570
112900205,1,11,-10
112900206,15,108,-93
112900207,8,0,8
112900208,74,135,-61
112900209,566,494,72
112900210,0,35,-35
112900211,61,52,9
112900212,0,102,-102
112900213,60,19,41
112900214,42,14,28
112900215,6,316,-310
112900216,35,82,-47
112900217,2,59,-57
112900218,15,32,-17
112900219,30,13,17
112900220,2,0,2
112900221,10,239,-229
112900222,0,36,-36
112900223,496,7,489
112900224,138,1184,-1046
112900225,257,820,-563
112900226,189,307,-118
112900227,316,1941,-1625
112900228,29,20,9
112900229,93,89,4
112900230,8636,3013,5623
112900232,168,135,33
112900233,73,328,-255
112900234,9,191,-182
112900235,69,18,51
112900236,163,8,155
112900237,112,678,-566
112900238,0,58,-58
112900239,734,379,355
112900240,0,220,-220
112900241,5,273,-268
112900242,8,535,-527
112900243,3,377,-374
112900244,2,131,-129
112900245,2,56,-54
112900246,0,18,-18
112900247,99,15,84
112900248,30,0,30
112900249,24,4,20
112900250,31,28,3
112900251,25,25,0
112900252,34,34,0
112900253,16,14,2
112900254,5,11,-6
112900255,0,24,-24
112900256,9,18,-9
112900257,16,12,4
112900258,5,21,-16
113000001,4948,7364,-2416
113000002,3477,4773,-1296
113000003,2010,2916,-906
113000004,2326,3062,-736
113000005,1381,1429,-48
113000006,1159,1675,-516
113000007,1485,1714,-229
113000008,1448,2535,-1087
113000009,814,1054,-240
113000010,999,2087,-1088
113000011,783,1649,-866
113000012,929,1046,-117
113000013,1083,586,497
113000014,1834,1553,281
113000015,591,212,379
113000016,352,426,-74
113000017,27,274,-247
113000018,325,66,259
113000019,46,225,-179
113000020,160,21,139
113000021,1734,563,1171
113000022,623,1703,-1080
113000025,96,346,-250
113000026,241,462,-221
113000027,1463,375,1088
113000028,1133,369,764
113000029,950,784,166
113000030,588,709,-121
113000031,339,423,-84
113000032,254,327,-73
113000033,313,539,-226
113000034,532,452,80
113000035,18,41,-23
113000036,35,52,-17
113000037,79,33,46
113000038,7,66,-59
113000039,64,736,-672
113000040,59,94,-35
113000042,1019,722,297
113000051,801,2668,-1867
113000052,2564,1537,1027
113000053,374,761,-387
113000054,273,1100,-827
113000055,1045,1498,-453
113000056,828,1697,-869
113000058,710,938,-228
113000059,1401,766,635
113000060,181,648,-467
113000061,1162,1038,124
113000062,1520,309,1211
113000063,72,392,-320
113000064,37,678,-641
113000065,160,1788,-1628
113000066,452,139,313
113000067,1284,1712,-428
113000068,384,2873,-2489
113000069,455,2045,-1590
113000070,1404,1144,260
113000071,314,944,-630
113000072,509,548,-39
113000073,562,1872,-1310
113000074,765,416,349
113000075,2314,780,1534
113000076,1764,2335,-571
113000077,1273,552,721
113000078,832,2152,-1320
113000079,711,816,-105
113000080,740,683,57
113000081,728,825,-97
113000082,1037,812,225
113000083,635,864,-229
113000084,1647,1299,348
113000085,884,769,115
113000086,1068,1730,-662
113000087,1072,832,240
113000088,2460,1517,943
113000089,1059,1491,-432
113000090,263,552,-289
113000091,678,403,275
113000094,996,243,753
113000095,224,1459,-1235
113000096,203,1115,-912
113000097,1005,337,668
113000098,96,49,47
113000099,956,301,655
113000100,157,527,-370
113000101,418,735,-317
113000102,534,348,186
113000103,3025,679,2346
113000104,365,3739,-3374
113000105,449,686,-237
113000106,258,559,-301
113000107,801,1296,-495
113000108,1100,2055,-955
113000109,627,5912,-5285
113000110,1652,584,1068
113000111,264,1131,-867
113000112,394,511,-117
113000113,1915,537,1378
113000114,406,1854,-1448
113000116,718,268,450
113000117,939,135,804
113000118,184,329,-145
113000119,254,374,-120
113000120,46,248,-202
113000121,399,891,-492
113000124,260,171,89
113000125,50,574,-524
113000127,4594,667,3927
113000128,443,490,-47
113000129,440,1396,-956
113000133,5274,1416,3858
113000134,12,1310,-1298
113000135,3058,3317,-259
113000137,2067,2387,-320
113000139,277,152,125
113000140,154,349,-195
113000141,261,144,117
113000142,542,1048,-506
113000143,229,258,-29
113000144,359,846,-487
113000145,21,211,-190
113000146,148,96,52
113000147,117,181,-64
113000148,124,188,-64
113000149,53,152,-99
113000150,505,509,-4
113000151,72,102,-30
113000152,36,169,-133
113000153,1848,516,1332
113000154,664,1433,-769
113000155,270,421,-151
113000156,141,491,-350
113000157,265,966,-701
113000158,514,242,272
113000159,636,819,-183
113000160,618,1423,-805
113000161,195,630,-435
113000162,429,444,-15
113000163,74,82,-8
113000164,39,99,-60
113000166,125,112,13
113000167,26,281,-255
113000168,75,255,-180
113000169,99,101,-2
113000170,109,169,-60
113000171,38,117,-79
113000172,183,100,83
113000173,37,17,20
113000174,131,743,-612
113000175,384,148,236
113000176,449,212,237
113000177,202,599,-397
113000178,152,537,-385
113000179,246,195,51
113000180,629,2107,-1478
113000181,946,1364,-418
113000182,233,466,-233
113000183,205,648,-443
113000184,28,126,-98
113000189,555,802,-247
113000190,1235,542,693
113000192,3724,1440,2284
113000193,6863,1165,5698
113000194,2657,1192,1465
113000195,2895,655,2240
113000196,136,117,19
113000197,1612,1114,498
113000198,84,363,-279
113000199,725,459,266
113000201,107,166,-59
113000202,4329,2492,1837
113000203,648,21,627
113000204,2317,1650,667
113000205,39,20,19
113000206,19,42,-23
113000207,77,15,62
113000208,54,36,18
113000209,16,25,-9
113000210,8,35,-27
113000211,345,253,92
113000212,357,30,327
113000213,27,245,-218
113000214,159,383,-224
113000234,201,1758,-1557
113000410,156,139,17
113000411,2634,4871,-2237
113000412,11257,2859,8398
113000413,4044,2806,1238
113000414,9075,10625,-1550
113000415,2579,3141,-562
113000416,9873,4519,5354
113000417,3349,3217,132
113000418,3126,2619,507
113000419,1417,1888,-471
113000420,3342,4396,-1054
113000421,3661,5457,-1796
113000422,15930,9891,6039
113000423,2278,4023,-1745
113000424,4759,9754,-4995
113000425,9,82,-73
113000428,123,60,63
113000430,23,197,-174
113000432,1742,160,1582
113000433,168,1318,-1150
113000434,35,463,-428
113000435,16,1302,-1286
113000436,67,2272,-2205
113000437,464,15,449
113000438,159,15,144
113000439,23,240,-217
113000440,101,30,71
113000441,178,387,-209
113000442,119,405,-286
113000443,145,554,-409
113000444,109,497,-388
113000445,82,288,-206
113000446,49,100,-51
113000448,586,158,428
113000449,467,1475,-1008
113000450,931,2673,-1742
113000451,3040,244,2796
113000452,643,788,-145
113000453,180,347,-167
113000454,1873,31,1842
113000455,75,162,-87
113000456,3578,2122,1456
113000468,3816,259,3557
113000469,468,113,355
113000470,848,124,724
113000471,22,704,-682
113000472,88,369,-281
113000474,390,840,-450
113000475,1610,2283,-673
113000476,809,1939,-1130
113000477,2010,1917,93
113000478,3883,7245,-3362
113000479,22,331,-309
113000483,0,0,0
113000484,0,0,0
113000485,0,0,0
113000486,8,0,8
113000487,0,0,0
113000488,1,0,1
113000489,2,0,2
113000490,0,6,-6
113000491,1,8,-7
113000492,0,1,-1
113000493,0,0,0
113000495,300,335,-35
113000496,142,182,-40
113000499,1,0,1
113900001,0,2,-2
113900002,0,2,-2
113900003,0,6,-6
113900004,0,0,0
113900005,965,77,888
113900006,0,0,0
113900007,71,59,12
113900008,190,358,-168
113900009,652,322,330
113900010,341,309,32
113900011,84,311,-227
113900012,26,83,-57
113900013,1961,86,1875
113900014,746,1,745
113900015,0,66,-66
113900016,42,0,42
113900017,0,68,-68
113900018,536,149,387
113900019,90,56,34
113900020,74,3,71
113900022,9,1,8
113900023,22,0,22
113900024,52,122,-70
113900025,298,8,290
113900026,42,0,42
113900027,2,154,-152
113900028,25,604,-579
113900029,19,409,-390
113900030,145,2,143
113900031,3,1,2
113900032,11,0,11
113900033,54,99,-45
113900035,87,0,87
113900036,18,174,-156
113900037,76,866,-790
113900038,125,113,12
113900039,105,11,94
113900040,4,3,1
113900041,2,0,2
113900042,83,35,48
113900043,211,131,80
113900044,248,108,140
113900045,72,0,72
113900046,225,890,-665
113900047,45,208,-163
113900048,275,67,208
113900049,988,346,642
113900050,169,460,-291
113900051,262,474,-212
113900052,175,135,40
113900053,382,213,169
113900054,17,28,-11
113900055,60,628,-568
113900056,53,196,-143
113900057,25,491,-466
113900058,63,254,-191
113900059,312,378,-66
113900060,94,252,-158
113900061,893,189,704
113900062,144,19,125
113900063,86,178,-92
113900064,19,153,-134
113900065,581,24,557
113900066,285,597,-312
113900067,63,354,-291
113900068,338,389,-51
113900069,41,34,7
113900070,185,485,-300
113900071,62,107,-45
113900072,54,197,-143
113900073,161,404,-243
113900074,33,528,-495
113900075,1204,1007,197
113900076,145,10,135
113900077,29,291,-262
113900078,67,90,-23
113900079,0,85,-85
113900080,401,205,196
113900081,22,263,-241
113900082,70,289,-219
113900083,144,925,-781
113900084,269,104,165
113900085,42,400,-358
113900086,36,14,22
113900087,46,238,-192
113900088,67,99,-32
113900089,291,36,255
113900090,495,352,143
113900091,44,27,17
113900092,52,83,-31
113900093,65,686,-621
113900094,263,531,-268
113900095,115,120,-5
113900096,187,98,89
113900097,5,183,-178
113900098,459,76,383
113900099,0,95,-95
113900100,1,4,-3
113900101,27,65,-38
113900102,128,108,20
113900103,239,220,19
113900104,117,206,-89
113900105,53,508,-455
113900106,0,157,-157
113900107,0,35,-35
113900108,375,186,189
113900109,323,143,180
113900110,41,26,15
113900111,84,84,0
113900112,119,99,20
113900113,782,522,260
113900114,0,188,-188
113900115,1,125,-124
113900116,57,109,-52
113900117,96,24,72
113900118,210,189,21
113900119,286,409,-123
113900120,45,32,13
113900121,30,104,-74
113900122,296,1678,-1382
113900123,414,226,188
113900124,4,134,-130
113900125,1730,172,1558
113900126,190,71,119
113900127,200,564,-364
113900128,70,61,9
113900129,20,105,-85
113900130,3,24,-21
113900131,142,111,31
113900132,57,41,16
113900133,42,53,-11
113900135,269,721,-452
113900136,121,81,40
113900137,450,253,197
113900138,72,145,-73
113900139,674,134,540
113900140,360,212,148
113900141,340,762,-422
113900142,77,104,-27
113900143,12,21,-9
113900144,355,157,198
113900145,317,286,31
113900146,91,65,26
113900148,140,179,-39
113900149,153,62,91
113900150,859,592,267
113900151,180,295,-115
113900152,16,50,-34
113900153,384,498,-114
113900154,5,124,-119
113900155,197,93,104
113900156,327,674,-347
113900157,19,206,-187
113900158,360,236,124
113900159,16,202,-186
113900160,421,884,-463
113900161,63,216,-153
113900162,436,569,-133
113900163,193,291,-98
113900164,297,50,247
113900165,602,595,7
113900166,213,107,106
113900167,221,45,176
113900168,164,130,34
113900169,234,463,-229
113900171,86,64,22
113900172,6,255,-249
113900173,60,1020,-960
113900174,369,761,-392
113900175,288,109,179
113900176,241,759,-518
113900177,318,218,100
113900178,169,102,67
113900179,16,951,-935
113900180,148,113,35
113900181,424,91,333
113900182,479,1073,-594
113900183,44,87,-43
113900184,27,1010,-983
113900185,173,85,88
113900186,35,59,-24
113900187,32,144,-112
113900188,62,200,-138
113900189,295,86,209
113900190,378,140,238
113900191,136,286,-150
113900192,4,275,-271
113900193,38,363,-325
113900194,2992,1088,1904
113900195,308,580,-272
113900196,6,135,-129
113900197,2,416,-414
113900198,23,157,-134
113900199,197,694,-497
113900200,26,277,-251
113900201,1,346,-345
113900202,50,337,-287
113900203,2,217,-215
113900204,87,767,-680
113900205,8,195,-187
113900206,5,203,-198
113900207,2,71,-69
113900208,0,48,-48
113900209,2,114,-112
113900210,682,660,22
113900211,122,68,54
113900212,122,928,-806
113900214,437,458,-21
113900215,104,176,-72
113900216,61,1604,-1543
113900217,61,414,-353
113900218,133,57,76
113900219,167,635,-468
113900220,114,59,55
113900221,263,144,119
113900222,475,374,101
113900223,115,1321,-1206
113900224,125,65,60
113900225,872,225,647
113900226,294,127,167
113900227,299,184,115
113900228,267,397,-130
113900229,44,468,-424
113900230,4740,2027,2713
113900231,164,261,-97
113900232,54,108,-54
113900233,42,73,-31
113900234,245,478,-233
113900235,42,53,-11
113900236,83,570,-487
113900237,106,8,98
113900238,211,487,-276
113900239,63,71,-8
113900240,3,106,-103
113900241,64,80,-16
113900242,27,212,-185
113900243,129,410,-281
113900244,531,190,341
113900245,1312,292,1020
113900246,20,10,10
113900247,186,309,-123
113900248,4104,1601,2503
113900249,1586,346,1240
113900250,45,152,-107
113900251,488,291,197
113900252,290,11,279
113900253,470,50,420
113900254,640,125,515
113900255,318,25,293
113900256,312,32,280
113900257,42,1214,-1172
113900258,26,845,-819
113900259,328,304,24
113900260,146,38,108
113900261,7,117,-110
113900262,195,1026,-831
113900263,249,696,-447
113900264,12,796,-784
113900265,180,297,-117
113900266,33,356,-323
113900267,147,587,-440
113900268,216,344,-128
113900269,86,133,-47
113900270,386,446,-60
113900271,512,1491,-979
113900273,32,4,28
113900274,39,9,30
113900275,15,54,-39
113900276,1,344,-343
113900277,78,5,73
113900278,252,198,54
113900279,192,131,61
113900280,1337,739,598
113900281,495,1000,-505
113900282,1155,497,658
113900283,272,564,-292
113900284,711,207,504
113900285,118,49,69
113900286,14,124,-110
113900287,26,96,-70
113900288,2,80,-78
113900289,1470,112,1358
113900290,333,151,182
113900291,105,175,-70
113900292,3,13,-10
113900293,20,309,-289
113900294,354,47,307
113900295,383,331,52
113900296,3195,383,2812
113900297,958,42,916
113900298,8,2126,-2118
113900299,23,276,-253
113900300,7486,2819,4667
113900301,1067,397,670
113900302,3268,788,2480
113900303,795,319,476
113900304,0,197,-197
113900305,61,0,61
113900306,34,0,34
113900307,50,0,50
113900308,83,125,-42
113900309,8,1517,-1509
113900310,0,27,-27
113900311,8,2,6
113900312,171,163,8
113900313,20,27,-7
113900314,41,2005,-1964
113900315,595,1193,-598
114000001,1174,4882,-3708
114000002,153,801,-648
114000003,97,1194,-1097
114000004,315,509,-194
114000005,131,286,-155
114000006,2506,2652,-146
114000007,509,1782,-1273
114000008,1306,1300,6
114000009,421,222,199
114000011,2405,5066,-2661
114000012,1494,4117,-2623
114000013,1262,3016,-1754
114000014,429,803,-374
114000015,1079,808,271
114000016,218,593,-375
114000017,108,183,-75
114000018,868,88,780
114000026,1002,2267,-1265
114000027,1773,2721,-948
114000028,2015,2501,-486
114000038,138,142,-4
114000039,152,286,-134
114000040,75,170,-95
114000042,111,247,-136
114000043,146,265,-119
114000044,164,178,-14
114000045,49,132,-83
114000046,2357,6274,-3917
114000047,13,76,-63
114000048,153,132,21
114000049,1148,1538,-390
114000050,1482,1753,-271
114000051,3023,1878,1145
114000052,2723,1119,1604
114000053,47,662,-615
114000054,159,2300,-2141
114000055,186,19,167
114000056,977,712,265
114000057,13315,2800,10515
114000058,579,993,-414
114000059,294,293,1
114000060,487,768,-281
114000061,3929,1900,2029
114000062,2298,1127,1171
114000063,3166,1798,1368
114000064,7818,3122,4696
114000065,2084,2878,-794
114000066,395,832,-437
114000067,12,414,-402
114000068,394,645,-251
114000069,738,524,214
114000070,2080,1610,470
114000071,477,588,-111
114000072,213,765,-552
114000073,38,172,-134
114000074,23,15,8
114000075,47,324,-277
114000076,6,277,-271
114000077,7,101,-94
114000078,145,1228,-1083
114000079,72,28,44
114000080,98,95,3
114000081,37,116,-79
114000082,87,892,-805
114000083,64,372,-308
114000084,211,75,136
114000085,134,979,-845
114000086,235,879,-644
114000087,27,304,-277
114000088,51,102,-51
114000089,2436,662,1774
114000090,565,639,-74
114000091,1381,622,759
114000092,799,302,497
114000093,746,742,4
114000094,320,515,-195
114000095,93,88,5
114000096,113,707,-594
114000097,171,1116,-945
114000098,256,51,205
114000099,330,1567,-1237
114000100,695,1028,-333
114000101,364,1470,-1106
114000102,293,368,-75
114000103,95,672,-577
114000104,6,616,-610
114000105,33,43,-10
114000106,1730,486,1244
114000107,199,142,57
114000108,6193,1805,4388
114000109,359,879,-520
114000110,572,2904,-2332
114000111,929,624,305
114000112,500,4637,-4137
114000113,873,461,412
114000114,1287,3135,-1848
114000115,1598,853,745
114000116,410,1078,-668
114000117,1629,395,1234
114000118,1594,430,1164
114000119,1030,469,561
114000120,575,1430,-855
114000121,465,761,-296
114000122,337,360,-23
114000123,982,328,654
114000124,622,361,261
114000125,961,2709,-1748
114000126,1053,247,806
114000127,107,208,-101
114000128,770,784,-14
114000130,417,607,-190
114000131,144,76,68
114000132,590,914,-324
114000133,919,1785,-866
114000134,46,234,-188
114000138,25,247,-222
114000139,270,171,99
114000144,534,457,77
114000145,67,210,-143
114000146,102,370,-268
114000147,951,1362,-411
114000148,3230,1600,1630
114000149,269,266,3
114000150,1397,955,442
114000151,2203,1102,1101
114000152,121,36,85
114000153,1146,1749,-603
114000154,727,785,-58
114000155,1141,1920,-779
114000156,877,523,354
114000157,299,1002,-703
114000158,2672,722,1950
114000159,218,413,-195
114000160,124,246,-122
114000161,1549,1970,-421
114000162,751,1264,-513
114000163,22,165,-143
114000165,241,208,33
114000166,577,288,289
114000167,6221,1331,4890
114000168,781,693,88
114000169,1958,700,1258
114000170,901,785,116
114000171,873,1866,-993
114000174,194,536,-342
114000176,745,405,340
114000177,3475,793,2682
114000178,36,73,-37
114000179,1242,973,269
114000180,594,656,-62
114000181,1709,2644,-935
114000182,8446,2856,5590
114000183,965,1209,-244
114000184,9904,1776,8128
114000185,847,947,-100
114000189,355,103,252
114000190,1535,225,1310
114000191,15,43,-28
114000192,405,2899,-2494
114000193,1169,5279,-4110
114000194,1229,1801,-572
114000195,92,19,73
114000196,2,622,-620
114000197,872,102,770
114000198,1858,493,1365
114000199,2557,1304,1253
114000200,638,3544,-2906
114000201,126,1792,-1666
114000202,836,1197,-361
114000203,469,1510,-1041
114000204,150,737,-587
114000205,224,2553,-2329
114000206,455,1667,-1212
114000207,824,3114,-2290
114000208,450,4932,-4482
114000209,690,5186,-4496
114000210,392,2627,-2235
114000211,922,2140,-1218
114000212,516,957,-441
114000213,1126,854,272
114000214,83,232,-149
114000215,101,94,7
114000216,998,500,498
114000217,202,547,-345
114000218,130,430,-300
114000219,810,359,451
114000220,14,2962,-2948
114000221,591,152,439
114000222,274,2072,-1798
114000223,356,98,258
114000224,118,1270,-1152
114000225,162,784,-622
114000226,78,320,-242
114000227,723,640,83
114000228,673,1634,-961
114000229,918,1649,-731
114000230,1468,2134,-666
114000231,869,1592,-723
114000232,459,130,329
114000233,1391,113,1278
114000234,1046,1483,-437
114000235,998,2271,-1273
114000236,1,668,-667
114000237,116,1574,-1458
114000238,66,293,-227
114000239,147,2091,-1944
114000240,699,848,-149
114000241,267,1608,-1341
114000242,1137,1528,-391
114000243,1127,1065,62
114000244,764,457,307
114000245,401,736,-335
114000246,217,71,146
114000247,629,877,-248
114000248,677,726,-49
114000249,499,779,-280
114000250,357,850,-493
114000251,216,601,-385
114000252,96,132,-36
114000253,29,430,-401
114000254,16,127,-111
114000255,903,182,721
114000256,1913,1028,885
114000257,850,2466,-1616
114000258,119,570,-451
114000259,57,438,-381
114000260,0,42,-42
114000261,30,51,-21
114000262,38,185,-147
114000263,11,0,11
114000264,575,888,-313
114000265,0,1,-1
114000267,5,2032,-2027
114000268,9,2897,-2888
114000270,103,3,100
114000271,608,141,467
114000283,568,551,17
114000285,54,491,-437
114000288,53,623,-570
114000289,777,196,581
114000293,95,565,-470
114000294,146,270,-124
114000395,1354,72,1282
114000396,379,448,-69
114000402,312,421,-109
114000403,274,1001,-727
114000405,111,919,-808
114000423,276,713,-437
114000424,138,270,-132
114000425,330,861,-531
114000426,283,799,-516
114000427,21,152,-131
114000428,307,120,187
114000429,8,290,-282
114000432,76,255,-179
114000434,44,119,-75
114000435,0,144,-144
114900001,343,2350,-2007
114900002,305,84,221
114900003,321,3210,-2889
114900004,170,216,-46
114900005,347,1201,-854
114900006,30,42,-12
114900007,89,14,75
114900008,58,91,-33
114900010,2629,1716,913
114900011,90,114,-24
114900013,121,118,3
114900015,27,129,-102
114900018,1086,115,971
114900020,186,52,134
114900022,52,1910,-1858
114900024,107,48,59
114900025,237,372,-135
114900026,47,93,-46
114900027,29,136,-107
114900029,100,30,70
114900030,219,343,-124
114900031,204,53,151
114900032,197,59,138
114900033,843,151,692
114900034,71,269,-198
114900035,112,332,-220
114900036,254,1447,-1193
114900037,38,102,-64
114900038,55,583,-528
114900039,372,840,-468
114900040,71,483,-412
114900041,482,729,-247
114900042,550,852,-302
114900043,663,178,485
114900044,94,27,67
114900046,19,72,-53
114900047,255,1382,-1127
114900048,69,582,-513
114900049,25,604,-579
114900050,29,962,-933
114900051,18,777,-759
114900052,51,233,-182
114900053,25,340,-315
114900054,53,150,-97
114900057,167,10,157
114900058,0,77,-77
114900059,38,34,4
114900060,591,239,352
114900061,54,65,-11
114900062,101,152,-51
114900063,57,344,-287
114900064,743,659,84
114900065,300,637,-337
114900067,31,427,-396
114900068,93,604,-511
114900069,217,231,-14
114900070,301,1113,-812
114900072,13,320,-307
114900073,0,213,-213
114900074,368,1702,-1334
114900075,135,3,132
114900076,4,356,-352
114900080,4802,442,4360
114900082,4193,1588,2605
114900083,1100,1016,84
114900090,188,255,-67
114900091,154,211,-57
114900095,215,64,151
114900096,219,273,-54
114900097,96,3,93
114900098,9,371,-362
114900099,138,7,131
115000001,12053,7451,4602
115000002,3222,3472,-250
115000003,4581,5434,-853
115000004,2698,4438,-1740
115000005,1547,3896,-2349
115000006,629,1564,-935
115000007,90,196,-106
115000008,559,711,-152
115000009,168,651,-483
115000010,290,164,126
115000013,77,204,-127
115000015,110,354,-244
115000016,86,218,-132
115000019,30,406,-376
115000020,263,449,-186
115000021,276,513,-237
115000022,453,347,106
115000023,289,432,-143
115000024,1241,479,762
115000025,795,515,280
115000026,139,407,-268
115000027,183,258,-75
115000028,110,885,-775
115000029,352,179,173
115000030,403,993,-590
115000031,897,279,618
115000032,9,344,-335
115000033,138,15,123
115000034,166,1083,-917
115000035,1044,67,977
115000036,0,441,-441
115000037,417,7,410
115000038,40,234,-194
115000039,3763,2408,1355
115000040,8298,4934,3364
115000041,1398,3112,-1714
115000042,588,787,-199
115000043,3068,3044,24
115000044,2911,6095,-3184
115000045,2285,3730,-1445
115000046,1566,3621,-2055
115000047,1571,2649,-1078
115000048,1332,3659,-2327
115000049,1599,3832,-2233
115000050,3181,2485,696
115000051,2599,2209,390
115000052,4821,2419,2402
115000053,1404,1536,-132
115000054,888,1879,-991
115000055,109,494,-385
115000056,193,256,-63
115000057,370,611,-241
115000058,103,91,12
115000059,151,131,20
115000061,152,120,32
115000062,199,377,-178
115000063,189,522,-333
115000064,191,211,-20
115000065,37,334,-297
115000067,323,37,286
115000069,83,335,-252
115000070,47,748,-701
115000071,137,7,130
115000072,24,86,-62
115000073,1591,36,1555
115000075,77,75,2
115000076,4736,4525,211
115000077,1248,4944,-3696
115000078,795,2747,-1952
115000079,1019,3406,-2387
115000080,1772,4067,-2295
115000081,421,1152,-731
115000082,2831,3796,-965
115000083,2076,4382,-2306
115000084,1258,1596,-338
115000085,639,1285,-646
115000086,775,1466,-691
115000087,550,1782,-1232
115000088,2039,866,1173
115000089,1861,1754,107
115000090,923,1015,-92
115000091,558,1610,-1052
115000092,254,429,-175
115000093,398,13,385
115000094,12423,5725,6698
115000095,8893,5227,3666
115000096,567,3183,-2616
115000097,625,997,-372
115000098,673,993,-320
115000099,1781,5931,-4150
115000100,665,713,-48
115000101,381,1859,-1478
115000102,402,272,130
115000103,397,1174,-777
115000105,62,311,-249
115000106,307,319,-12
115000107,154,712,-558
115000108,5420,3133,2287
115000109,7718,3285,4433
115000110,1290,978,312
115000111,687,1831,-1144
115000112,555,548,7
115000113,569,818,-249
115000114,1493,723,770
115000116,4251,1656,2595
115000117,5118,2165,2953
115000118,1729,1797,-68
115000119,1783,2049,-266
115000120,581,1010,-429
115000121,1470,894,576
115000122,3300,1391,1909
115000123,1769,1581,188
115000124,919,938,-19
115000125,425,581,-156
115000126,158,254,-96
115000127,375,140,235
115000128,1700,968,732
115000129,327,248,79
115000130,288,1380,-1092
115000131,502,283,219
115000132,165,979,-814
115000133,303,475,-172
115000134,150,309,-159
115000135,165,365,-200
115000136,151,228,-77
115000137,111,284,-173
115000138,259,317,-58
115000139,291,334,-43
115000140,221,250,-29
115000141,148,406,-258
115000142,146,396,-250
115000143,408,642,-234
115000144,346,86,260
115000145,210,601,-391
115000146,278,338,-60
115000147,457,624,-167
115000148,291,2142,-1851
115000149,431,217,214
115000150,682,1887,-1205
115000151,724,502,222
115000152,584,2502,-1918
115000153,798,481,317
115000154,428,365,63
115000155,609,1691,-1082
115000156,1335,636,699
115000157,966,1040,-74
115000158,547,398,149
115000159,983,434,549
115000160,755,290,465
115000161,182,660,-478
115000162,738,533,205
115000163,857,700,157
115000164,646,660,-14
115000165,382,374,8
115000167,184,109,75
115000168,606,283,323
115000169,672,330,342
115000170,146,143,3
115000171,264,156,108
115000172,2657,690,1967
115000173,351,336,15
115000174,119,249,-130
115000175,176,61,115
115000176,131,72,59
115000177,75,45,30
115000178,10,302,-292
115000179,23,28,-5
115000180,50,933,-883
115000181,357,156,201
115000182,477,632,-155
115000183,148,1514,-1366
115000186,589,302,287
115000187,167,876,-709
115000188,394,652,-258
115000189,195,446,-251
115000190,988,625,363
115000191,262,466,-204
115000194,175,176,-1
115000195,281,359,-78
115000196,63,195,-132
115000197,161,601,-440
115000198,106,371,-265
115000199,164,450,-286
115000200,251,148,103
115000201,111,537,-426
115000206,210,137,73
115000207,34,363,-329
115000208,774,847,-73
115000209,369,189,180
115000210,105,91,14
115000211,185,255,-70
115000212,1902,251,1651
115000224,342,105,237
115000225,41,78,-37
115000229,317,194,123
115000230,128,832,-704
115000231,272,3725,-3453
115000232,1075,472,603
115000233,108,247,-139
115000234,20,331,-311
115000241,40,384,-344
115000242,77,479,-402
115000243,26,396,-370
115000244,9,126,-117
115000246,92,22,70
115000247,29,16,13
115000248,26,35,-9
115000249,59,24,35
115000250,264,50,214
115000251,141,174,-33
115000252,82,192,-110
115000253,16,344,-328
115000258,239,319,-80
115000259,442,189,253
115000261,17,40,-23
115000262,9,50,-41
115000263,20,58,-38
115000264,9,73,-64
115000267,67,84,-17
115000268,35,177,-142
115000269,150,103,47
115000270,33,24,9
115000272,29,249,-220
115000273,283,22,261
115000280,2566,151,2415
115000281,499,269,230
115000282,980,393,587
115000284,275,147,128
115000296,809,5,804
115000297,162,61,101
115000298,75,163,-88
115000300,109,225,-116
115000302,284,251,33
115000303,455,180,275
115000304,439,133,306
115000305,69,1573,-1504
115000306,143,1022,-879
115000307,71,455,-384
115000308,126,28,98
115000309,18,28,-10
115000310,734,1376,-642
115000311,521,2112,-1591
115000313,143,1067,-924
115000314,341,112,229
115000315,1341,584,757
115000316,50,61,-11
115000317,119,831,-712
115000318,496,265,231
115000319,30,400,-370
115000320,7,211,-204
115000321,452,15,437
115000322,44,326,-282
115000449,471,186,285
115000557,2,784,-782
115000558,322,95,227
115000587,341,401,-60
115000588,2447,5332,-2885
115000589,2861,3606,-745
115000590,687,2221,-1534
115000591,920,908,12
115000592,556,2207,-1651
115000593,1155,814,341
115000594,856,2021,-1165
115000609,134,241,-107
115000617,2255,2054,201
115000624,145,86,59
115000633,324,1761,-1437
115000634,2743,742,2001
115000635,366,125,241
115000638,2198,885,1313
115000641,87,107,-20
115000642,297,302,-5
115000643,97,643,-546
115000644,141,452,-311
115000646,753,1209,-456
115000647,162,569,-407
115000648,1235,2163,-928
115000893,3758,1446,2312
115000894,102,1120,-1018
115000895,466,966,-500
115000896,1608,341,1267
115000897,483,112,371
115000898,623,288,335
115000899,1208,1421,-213
115000900,158,485,-327
115000901,82,130,-48
115000912,219,103,116
115000913,3,60,-57
115000915,45,1,44
115000916,7,0,7
115000917,0,9,-9
115000918,64,216,-152
115000919,18,6,12
115000920,54,50,4
115000921,1758,104,1654
115000922,1686,712,974
115000923,544,1063,-519
115000925,88,90,-2
115000927,58,48,10
115000933,493,190,303
115000934,95,212,-117
115000935,71,136,-65
115000936,40,414,-374
115000937,1689,163,1526
115000938,163,205,-42
115000939,250,199,51
115000940,13,6,7
115000941,9,23,-14
115000942,90,91,-1
115000943,77,18,59
115000944,15,12,3
115900001,39,139,-100
115900002,132,330,-198
115900003,115,192,-77
115900004,4,91,-87
115900005,106,6,100
115900006,113,942,-829
115900008,29,21,8
115900009,65,675,-610
115900010,147,259,-112
115900011,240,390,-150
115900012,93,160,-67
115900013,279,184,95
115900014,99,249,-150
115900015,65,207,-142
115900016,61,23,38
115900017,2,1,1
115900018,154,116,38
115900019,270,24,246
115900020,8,0,8
115900021,1785,118,1667
115900022,4204,17,4187
115900023,7,4,3
115900025,57,231,-174
115900026,788,497,291
115900027,2,573,-571
115900028,727,63,664
115900029,17,760,-743
115900030,12,48,-36
115900031,380,230,150
115900032,260,1030,-770
115900033,2,37,-35
115900034,24,831,-807
115900035,20,74,-54
115900036,534,471,63
115900037,40,643,-603
115900038,23,8,15
115900039,136,554,-418
115900041,590,478,112
115900042,12,9,3
115900043,90,240,-150
115900044,418,240,178
115900046,156,310,-154
115900047,123,84,39
115900049,120,356,-236
115900051,0,71,-71
115900052,10,296,-286
115900053,90,414,-324
115900054,90,61,29
115900055,17,153,-136
115900056,108,493,-385
115900057,25,4,21
115900058,26,67,-41
115900060,29,162,-133
115900061,137,2,135
115900062,15,427,-412
115900063,39,11,28
115900064,150,314,-164
115900065,84,167,-83
115900066,275,265,10
115900067,15,1359,-1344
115900068,4332,343,3989
115900069,22,185,-163
115900070,140,399,-259
115900071,2,994,-992
115900072,71,281,-210
115900073,41,63,-22
115900074,10,461,-451
115900075,11,424,-413
115900076,0,106,-106
115900077,7,494,-487
115900078,41,182,-141
115900079,165,20,145
115900080,799,394,405
115900081,10,94,-84
115900082,202,161,41
115900084,178,27,151
115900085,44,64,-20
115900086,2192,516,1676
115900088,30,58,-28
115900089,199,990,-791
115900090,189,30,159
115900091,1,33,-32
115900092,36,322,-286
115900093,10,31,-21
115900094,3,578,-575
115900096,0,12,-12
115900097,7,646,-639
115900098,120,778,-658
115900099,39,111,-72
115900100,6,855,-849
115900101,111,732,-621
115900102,56,143,-87
115900103,256,409,-153
115900104,27,238,-211
115900105,87,1128,-1041
115900106,21,26,-5
115900107,44,279,-235
115900108,40,31,9
115900109,41,504,-463
115900110,1,20,-19
115900111,1,72,-71
115900112,40,1408,-1368
115900113,19,33,-14
115900114,2,204,-202
115900115,24,170,-146
115900116,78,1400,-1322
115900117,31,39,-8
115900118,2,476,-474
115900119,95,102,-7
115900120,20,574,-554
115900121,103,302,-199
115900124,150,355,-205
115900125,196,42,154
115900126,316,68,248
115900127,426,45,381
115900128,6,80,-74
115900129,534,35,499
115900130,34,228,-194
115900131,140,26,114
115900132,275,7,268
115900134,222,4,218
115900135,590,849,-259
115900137,23,5,18
115900139,38,42,-4
115900140,135,27,108
115900141,6,29,-23
115900142,24,14,10
115900143,144,398,-254
115900144,40,266,-226
115900146,6,225,-219
115900147,283,195,88
115900148,8,6,2
115900149,36,28,8
115900150,54,125,-71
115900151,7,87,-80
115900152,103,651,-548
115900153,60,345,-285
115900154,1110,295,815
115900155,0,142,-142
115900156,535,687,-152
115900157,124,496,-372
115900158,57,16,41
115900159,78,406,-328
115900160,9,7,2
115900161,32,243,-211
115900163,78,184,-106
115900164,313,26,287
115900166,200,440,-240
115900168,49,227,-178
115900171,78,582,-504
115900172,35,137,-102
115900173,161,152,9
115900174,484,221,263
115900175,76,220,-144
115900178,7,1170,-1163
115900179,175,9,166
115900180,51,611,-560
115900181,110,379,-269
115900182,264,429,-165
115900183,62,25,37
115900184,1716,18,1698
115900187,8,149,-141
115900189,1,180,-179
115900190,317,1046,-729
115900191,56,718,-662
115900192,2,107,-105
115900193,74,102,-28
115900194,343,53,290
115900195,587,931,-344
115900198,197,332,-135
115900199,141,342,-201
115900200,268,471,-203
115900201,182,250,-68
115900202,2,6,-4
115900203,3,1,2
115900204,0,7,-7
115900205,44,4,40
115900206,127,189,-62
115900207,17,38,-21
115900208,78,597,-519
115900209,3,241,-238
115900210,1,175,-174
115900211,1,343,-342
115900212,110,335,-225
115900213,58,31,27
115900214,256,284,-28
115900215,30,65,-35
115900216,8,90,-82
115900217,0,151,-151
115900218,3,53,-50
115900219,62,5,57
115900220,70,13,57
115900221,32,16,16
115900222,39,17,22
115900223,4,115,-111
115900224,2376,481,1895
115900225,65,27,38
115900226,9,64,-55
115900227,9,49,-40
115900228,11,83,-72
115900229,6,70,-64
115900230,55,165,-110
115900231,99,3,96
115900232,28,1,27
115900233,70,11,59
115900234,46,30,16
115900235,8,23,-15
115900236,22,11,11
115900237,22,62,-40
115900238,7,31,-24
115900239,9,46,-37
115900240,10,63,-53
115900241,125,105,20
115900242,306,265,41
115900243,7,5,2
115900244,4,26,-22
115900245,31,31,0
115900246,2,3,-1
115900247,13,18,-5
115900248,5,6,-1
115900249,6,9,-3
115900250,2,10,-8
115900251,0,9,-9
115900252,3,4,-1
115900253,1,7,-6
115900254,5,25,-20
115900255,3,12,-9
115900256,15,7,8
115900257,1,2,-1
115900258,0,0,0
115900259,3,2,1
115900260,6,3,3
115900261,8,2,6
115900262,2,2,0
115900263,5,3,2
115900264,0,5,-5
115900265,3,9,-6
115900266,3,11,-8
115900267,2,7,-5
115900268,7,5,2
115900269,250,457,-207
115900270,294,1217,-923
115900271,35,0,35
115900272,46,0,46
115900273,7,8,-1
115900274,5,24,-19
115900275,1,64,-63
115900276,1,129,-128
115900277,1,241,-240
115900278,11,176,-165
115900279,10,179,-169
115900280,9,265,-256
115900281,819,175,644
115900282,30,10,20
115900283,5,4,1
115900284,9,9,0
116000001,18866,6490,12376
116000002,4082,6652,-2570
116000003,1617,2670,-1053
116000004,2718,1996,722
116000005,3279,4749,-1470
116000006,2136,1186,950
116000007,3662,6040,-2378
116000008,1988,1731,257
116000009,2025,3468,-1443
116000010,1450,1130,320
116000011,931,2457,-1526
116000012,679,769,-90
116000013,22725,5400,17325
116000014,25376,10583,14793
116000015,586,920,-334
116000016,10087,2571,7516
116000017,23,666,-643
116000018,813,498,315
116000019,508,371,137
116000020,416,1542,-1126
116000021,394,381,13
116000022,218,746,-528
116000023,791,698,93
116000024,556,1762,-1206
116000025,775,646,129
116000026,1570,2412,-842
116000027,447,589,-142
116000028,431,653,-222
116000029,947,586,361
116000030,535,457,78
116000031,116,193,-77
116000032,401,239,162
116000033,317,717,-400
116000034,618,1099,-481
116000035,408,597,-189
116000036,2522,665,1857
116000037,940,676,264
116000038,779,392,387
116000039,797,245,552
116000040,1548,211,1337
116000041,275,473,-198
116000042,465,200,265
116000043,55,591,-536
116000044,39,331,-292
116000045,1953,1272,681
116000046,1309,1235,74
116000047,2183,2086,97
116000048,2138,1753,385
116000049,906,2245,-1339
116000050,1196,1366,-170
116000051,3726,1916,1810
116000052,3664,3891,-227
116000053,1541,1236,305
116000054,744,2094,-1350
116000055,545,1385,-840
116000056,689,1323,-634
116000057,2820,2151,669
116000058,2910,1715,1195
116000059,2381,4194,-1813
116000060,2714,975,1739
116000061,711,750,-39
116000062,837,301,536
116000063,604,1197,-593
116000066,213,515,-302
116000067,184,782,-598
116000068,210,328,-118
116000069,339,463,-124
116000078,293,1067,-774
116000080,1439,1123,316
116000082,6,154,-148
116000083,962,370,592
116000084,2800,5078,-2278
116000085,1632,1262,370
116000086,3757,1938,1819
116000087,1146,1371,-225
116000088,916,1552,-636
116000089,90,46,44
116000090,129,231,-102
116000091,122,125,-3
116000093,437,1505,-1068
116000094,352,858,-506
116000095,455,1182,-727
116000096,626,1214,-588
116000097,499,1313,-814
116000098,415,4151,-3736
116000099,15355,509,14846
116000100,84,7,77
116000101,348,2492,-2144
116000102,252,2127,-1875
116000103,345,244,101
116000104,189,2506,-2317
116000105,779,234,545
116000106,335,2126,-1791
116000107,1214,643,571
116000108,102,309,-207
116000111,138,25,113
116000113,56,67,-11
116000114,33,159,-126
116000115,136,168,-32
116000116,214,584,-370
116000117,1164,2953,-1789
116000118,1175,2192,-1017
116000119,1862,2412,-550
116000120,2961,6123,-3162
116000121,494,498,-4
116000122,1468,3264,-1796
116000123,359,651,-292
116000124,308,1466,-1158
116000125,1694,828,866
116000126,220,1793,-1573
116000127,1173,2220,-1047
116000128,1171,911,260
116000129,727,197,530
116000130,282,289,-7
116000133,408,1552,-1144
116000134,1413,4377,-2964
116000135,1191,1690,-499
116000136,987,3659,-2672
116000137,570,736,-166
116000138,960,501,459
116000139,1494,2602,-1108
116000140,175,286,-111
116000141,449,1567,-1118
116000142,4875,5271,-396
116000143,1942,1905,37
116000144,1089,3927,-2838
116000145,1425,2015,-590
116000146,230,603,-373
116000147,348,148,200
116000148,452,472,-20
116000149,364,614,-250
116000151,657,1507,-850
116000153,86,757,-671
116000155,299,288,11
116000156,481,1584,-1103
116000157,41,46,-5
116000158,412,380,32
116000159,7,15,-8
116000160,23,186,-163
116000161,6,95,-89
116000162,36,71,-35
116000163,19,7,12
116000164,7,17,-10
116000177,88,146,-58
116000194,76,441,-365
116000195,2124,845,1279
116000196,0,0,0
116000197,9,10,-1
116000198,2579,1084,1495
116000200,964,220,744
116000201,662,791,-129
116000202,9,488,-479
116000203,9,133,-124
116000204,17,85,-68
116000205,0,169,-169
116000206,1,122,-121
116000207,1,58,-57
116000233,179,1316,-1137
116000287,110,872,-762
116000288,139,384,-245
116000292,0,0,0
116000296,40,434,-394
116000297,81,24,57
116000304,36,53,-17
116000305,30,143,-113
116000346,125,199,-74
116000352,81,77,4
116000354,37,28,9
116000357,21,12,9
116000358,189,41,148
116000361,952,12,940
116000372,14276,3176,11100
116000381,74,0,74
116000388,1,28,-27
116000389,479,689,-210
116000445,221,824,-603
116000446,324,1976,-1652
116000447,17,506,-489
116000448,713,510,203
116000563,756,711,45
116000565,119,494,-375
116000568,51,198,-147
116000579,25,135,-110
116000583,88,143,-55
116000584,33,13,20
116000585,14,14,0
116000586,218,115,103
116000587,459,710,-251
116000589,126,134,-8
116000590,64,163,-99
116000591,144,438,-294
116000592,16,174,-158
116000593,1,148,-147
116000594,378,675,-297
116000595,486,196,290
116000596,74,5,69
116000597,194,81,113
116000598,19,244,-225
116000605,370,240,130
116000606,79,164,-85
116000607,21,173,-152
116000609,235,879,-644
116000611,145,710,-565
116000612,586,2185,-1599
116000613,346,469,-123
116000614,440,1233,-793
116000615,1,173,-172
116000616,55,166,-111
116000617,44,180,-136
116000618,3,247,-244
116000619,9,32,-23
116000620,53,76,-23
116000621,20,106,-86
116000622,59,170,-111
116000624,98,85,13
116000627,33,277,-244
116000628,70,2559,-2489
116000629,45,1221,-1176
116000630,214,110,104
116000631,107,149,-42
116000632,298,223,75
116000633,111,781,-670
116000634,186,378,-192
116000635,4155,1948,2207
116000636,2526,1083,1443
116000637,267,172,95
116000638,87,890,-803
116000639,8,0,8
116000640,5,15,-10
116000641,23,50,-27
116000643,3,105,-102
116000644,15,1889,-1874
116000645,3,54,-51
116900001,189,146,43
116900002,331,3,328
116900003,16,118,-102
116900004,23,64,-41
116900005,162,70,92
116900006,361,169,192
116900007,113,215,-102
116900008,203,767,-564
116900009,13,6,7
116900010,6,2757,-2751
116900011,56,109,-53
116900012,93,271,-178
116900013,6,264,-258
116900014,77,501,-424
116900016,92,0,92
116900017,13,1113,-1100
116900018,43,52,-9
116900019,2,624,-622
116900020,1959,146,1813
116900023,42,7,35
116900025,431,1372,-941
116900026,221,1176,-955
116900027,18,71,-53
116900028,9,195,-186
116900029,414,324,90
116900031,1,22,-21
116900032,9,591,-582
116900033,2,7,-5
116900034,6,113,-107
116900035,80,381,-301
116900036,1,107,-106
116900038,13,2,11
116900041,16,22,-6
116900042,1264,287,977
116900043,13,115,-102
116900047,131,52,79
116900049,37,388,-351
116900050,80,872,-792
116900051,42,470,-428
116900052,153,83,70
116900055,0,2,-2
116900057,11,469,-458
116900058,36,745,-709
116900059,6,369,-363
116900060,309,356,-47
116900062,0,10,-10
116900064,44,1608,-1564
116900065,16,175,-159
116900067,96,221,-125
116900068,111,358,-247
116900070,0,4,-4
116900072,10,670,-660
116900073,11,367,-356
116900074,9,39,-30
116900076,13,58,-45
116900077,5,336,-331
116900078,274,165,109
116900079,33,669,-636
116900080,2,13,-11
116900081,326,2500,-2174
116900082,158,925,-767
116900083,63,139,-76
116900084,262,68,194
116900085,5,77,-72
116900086,27,398,-371
116900088,448,85,363
116900090,120,101,19
116900091,100,68,32
116900092,69,1658,-1589
116900093,1592,2382,-790
116900094,6502,2628,3874
116900095,340,340,0
116900096,64,93,-29
116900097,6523,2122,4401
116900098,928,305,623
116900099,542,676,-134
116900100,589,31,558
116900101,229,745,-516
116900103,5,2,3
116900104,29,98,-69
116900105,255,104,151
116900106,1003,590,413
116900107,6728,1521,5207
116900110,13,1,12
116900111,263,2004,-1741
116900112,132,1904,-1772
116900113,5230,1197,4033
116900116,163,309,-146
116900117,38,114,-76
116900118,1220,699,521
116900120,147,191,-44
116900121,20,75,-55
116900122,327,1182,-855
116900123,93,1375,-1282
116900124,118,1617,-1499
116900125,86,197,-111
116900126,418,679,-261
116900128,1,74,-73
116900129,1,353,-352
116900130,1379,2062,-683
116900131,44,127,-83
116900132,33,93,-60
116900133,109,99,10
116900134,124,203,-79
116900136,90,201,-111
116900137,270,208,62
116900138,72,311,-239
116900139,57,535,-478
116900140,143,186,-43
116900141,481,311,170
116900142,28,96,-68
116900143,195,468,-273
116900144,8,52,-44
116900145,103,446,-343
116900147,738,347,391
116900148,18,108,-90
116900149,22,189,-167
116900150,0,0,0
116900151,66,15,51
116900153,75,63,12
116900154,505,340,165
116900155,130,87,43
116900157,361,497,-136
116900158,222,190,32
116900159,36,306,-270
116900160,632,270,362
116900161,11375,4361,7014
116900162,17,227,-210
116900163,103,238,-135
116900164,53,50,3
116900165,189,159,30
116900166,20,140,-120
116900167,332,64,268
116900168,185,119,66
116900169,868,229,639
116900170,157,296,-139
116900171,32,330,-298
116900172,293,128,165
116900173,118,77,41
116900174,52,69,-17
116900175,215,89,126
116900178,14,271,-257
116900179,92,144,-52
116900180,105,39,66
116900182,306,186,120
116900183,120,113,7
116900185,16,17,-1
116900186,89,457,-368
116900187,30,20,10
116900188,72,17,55
116900189,0,0,0
116900191,349,440,-91
116900192,139,325,-186
116900194,93,755,-662
116900195,34,19,15
116900196,18,179,-161
116900197,46,6,40
116900198,262,163,99
116900200,18,42,-24
116900201,53,13,40
116900202,113,63,50
116900203,65,1,64
116900204,32,92,-60
116900206,4,62,-58
116900207,29,34,-5
116900208,9,185,-176
116900209,18,203,-185
116900210,317,234,83
116900211,247,16,231
116900212,11,116,-105
116900213,127,341,-214
116900214,105,141,-36
116900215,43,102,-59
116900216,288,337,-49
116900218,172,622,-450
116900219,956,399,557
116900220,61,213,-152
116900221,41,250,-209
116900222,397,319,78
116900223,111,179,-68
116900226,22,76,-54
116900227,124,80,44
116900228,254,363,-109
116900230,87,1480,-1393
116900233,396,246,150
116900234,6,2,4
116900235,166,372,-206
116900238,1643,585,1058
116900239,36,749,-713
116900240,9623,3148,6475
116900241,51,236,-185
116900242,2607,302,2305
116900243,1,61,-60
116900245,28,22,6
116900246,68,19,49
116900247,376,7,369
116900248,61,34,27
116900249,148,153,-5
116900250,213,61,152
116900251,603,212,391
116900252,54,1668,-1614
116900254,17,128,-111
116900255,63,27,36
116900256,150,93,57
116900257,13,957,-944
116900258,4,425,-421
116900259,86,17,69
116900260,0,162,-162
116900261,37,1,36
116900262,99,167,-68
116900263,0,11,-11
116900264,11,10,1
116900265,8,0,8
116900266,98,332,-234
116900267,3,2,1
116900268,45,8,37
116900269,246,719,-473
116900271,1403,106,1297
116900272,489,805,-316
116900273,465,101,364
116900274,68,122,-54
116900275,86,253,-167
116900276,1426,80,1346
116900277,165,20,145
116900278,11,13,-2
116900279,1,39,-38
116900280,657,75,582
116900281,11039,2630,8409
116900282,13,433,-420
116900283,11,319,-308
116900284,11,293,-282
116900285,605,327,278
116900286,269,25,244
116900287,8,123,-115
116900288,51,202,-151
116900289,4,57,-53
116900290,2,61,-59
116900291,6,9,-3
116900292,0,24,-24
116900293,22,123,-101
116900294,24,178,-154
116900295,350,31,319
116900296,113,111,2
116900297,6,123,-117
116900298,216,64,152
116900299,93,53,40
116900300,4,119,-115
116900301,87,120,-33
116900302,110,63,47
116900303,791,78,713
116900304,0,198,-198
116900305,41,68,-27
116900306,84,296,-212
116900307,78,7,71
116900308,1,465,-464
116900309,142,428,-286
117000001,1735,1637,98
117000002,2590,6310,-3720
117000003,9477,2988,6489
117000004,5938,8455,-2517
117000005,1943,1594,349
117000006,1490,7361,-5871
117000007,2773,1294,1479
117000008,1813,8019,-6206
117000009,4216,1942,2274
117000010,3332,7458,-4126
117000011,1522,2554,-1032
117000012,1525,2880,-1355
117000013,1440,1710,-270
117000014,1253,3544,-2291
117000015,4531,1497,3034
117000016,923,57,866
117000017,674,256,418
117000018,268,353,-85
117000019,380,9,371
117000020,961,1155,-194
117000021,4438,747,3691
117000022,921,75,846
117000023,1305,221,1084
117000024,967,109,858
117000025,1940,556,1384
117000026,6209,852,5357
117000027,2963,1910,1053
117000028,4361,1057,3304
117000030,918,907,11
117000031,405,332,73
117000032,2376,1737,639
117000033,1651,1034,617
117000034,314,531,-217
117000035,351,281,70
117000036,547,592,-45
117000037,461,277,184
117000038,513,851,-338
117000039,566,365,201
117000040,146,2162,-2016
117000041,491,154,337
117000044,52,2250,-2198
117000045,484,65,419
117000046,627,1266,-639
117000047,901,527,374
117000048,3367,2979,388
117000049,139,525,-386
117000050,158,4234,-4076
117000051,1766,210,1556
117000052,28,884,-856
117000053,233,135,98
117000054,1183,5,1178
117000055,244,5779,-5535
117000056,426,40,386
117000057,848,3238,-2390
117000060,392,2076,-1684
117000061,1610,1100,510
117000062,178,841,-663
117000063,1800,958,842
117000064,1150,1552,-402
117000066,1183,984,199
117000067,225,396,-171
117000074,114,266,-152
117000076,104,84,20
117000077,158,132,26
117000078,218,973,-755
117000079,272,220,52
117000080,1,617,-616
117000081,946,123,823
117000082,58,100,-42
117000083,157,23,134
117000084,393,5,388
117000085,248,678,-430
117000086,1436,944,492
117000087,102,793,-691
117000088,335,288,47
117000089,1266,411,855
117000090,351,2590,-2239
117000091,580,337,243
117000092,398,2802,-2404
117000093,883,857,26
117000094,1126,4335,-3209
117000095,2410,1024,1386
117000096,576,4195,-3619
117000097,1102,1371,-269
117000098,3631,8558,-4927
117000099,2722,1175,1547
117000100,235,191,44
117000101,299,1836,-1537
117000102,1487,696,791
117000103,924,3046,-2122
117000104,1100,664,436
117000105,1064,2893,-1829
117000106,1172,1002,170
117000107,643,3030,-2387
117000108,1513,1060,453
117000109,2578,3961,-1383
117000110,1144,871,273
117000111,4531,7051,-2520
117000112,2683,2724,-41
117000113,130,558,-428
117000114,177,293,-116
117000115,96,304,-208
117000116,146,359,-213
117000117,1882,580,1302
117000118,528,184,344
117000119,897,113,784
117000120,534,285,249
117000121,181,1146,-965
117000122,858,1390,-532
117000123,2534,20,2514
117000124,1035,63,972
117000125,912,72,840
117000126,120,40,80
117000127,267,462,-195
117000128,679,845,-166
117000129,1201,453,748
117000130,137,4,133
117000131,1,363,-362
117000132,1496,85,1411
117000133,820,91,729
117000134,0,73,-73
117000135,7,21,-14
117000136,2,40,-38
117000137,72,73,-1
117000138,1,795,-794
117000140,627,2469,-1842
117000141,1752,723,1029
117000181,1458,685,773
117000182,360,252,108
117000195,246,2019,-1773
117000196,85,70,15
117000225,448,7,441
117000226,13,166,-153
117000276,155,16,139
117000277,4,1051,-1047
117000310,2882,4054,-1172
117000315,60,1528,-1468
117000320,98,0,98
117000906,191,19,172
117000907,9,847,-838
117000909,47,35,12
117000910,208,183,25
117000911,126,253,-127
117000915,16,1154,-1138
117000916,13,0,13
117000917,629,20,609
117000918,46,94,-48
117000919,5,284,-279
117000920,3,2364,-2361
117000921,6,3310,-3304
117000922,81,176,-95
117000924,527,849,-322
117000926,1557,89,1468
117000927,2071,598,1473
117000928,1,522,-521
117000929,125,1251,-1126
117000930,147,21,126
117000931,544,188,356
117900002,325,520,-195
117900003,924,561,363
117900005,10,47,-37
117900006,0,65,-65
117900007,175,233,-58
117900008,2,91,-89
117900010,467,162,305
117900011,34,15,19
117900012,102,223,-121
117900013,5,692,-687
117900014,1365,387,978
117900015,49,396,-347
117900016,2356,592,1764
117900017,934,888,46
117900018,385,67,318
117900019,325,979,-654
117900020,60,353,-293
117900021,49,195,-146
117900023,829,338,491
117900024,99,260,-161
117900025,31,9,22
117900026,300,896,-596
117900028,95,4,91
117900029,200,1893,-1693
117900030,367,187,180
117900031,272,165,107
117900032,569,525,44
117900033,226,1503,-1277
117900034,105,129,-24
117900035,140,72,68
117900036,227,1063,-836
117900037,63,122,-59
117900038,38,640,-602
117900039,3,145,-142
117900040,133,1087,-954
117900041,4,94,-90
117900042,6586,706,5880
117900043,57,93,-36
117900044,30,5481,-5451
117900045,183,120,63
117900048,169,397,-228
117900049,164,1408,-1244
117900050,28,61,-33
117900051,64,0,64
117900052,65,352,-287
117900053,1081,954,127
117900054,1,18,-17
117900055,221,364,-143
117900056,465,70,395
117900057,1022,1864,-842
117900058,128,17,111
117900059,556,94,462
117900060,1068,8283,-7215
117900061,31,364,-333
117900063,289,430,-141
117900065,808,1661,-853
117900066,12,59,-47
117900067,357,489,-132
117900069,592,739,-147
117900070,458,9,449
117900071,140,164,-24
117900073,307,679,-372
117900074,392,16,376
117900075,75,93,-18
117900076,19,56,-37
117900077,190,120,70
117900078,176,559,-383
117900080,253,69,184
117900081,538,662,-124
117900082,271,273,-2
117900083,239,1202,-963
117900086,175,47,128
117900087,75,59,16
117900088,3167,2901,266
117900089,1244,458,786
117900090,627,1633,-1006
117900091,300,179,121
117900092,76,36,40
117900093,51,104,-53
117900094,19,7,12
117900095,557,1137,-580
117900096,63,401,-338
117900097,75,92,-17
117900098,12,5,7
117900099,196,618,-422
117900100,128,1,127
117900101,504,1166,-662
117900102,31,44,-13
117900103,23,1,22
117900104,61,176,-115
117900105,180,444,-264
117900106,56,96,-40
117900107,14,0,14
117900109,372,373,-1
117900110,27,0,27
117900111,277,14,263
117900112,55,9,46
117900113,6929,2347,4582
117900114,10,0,10
117900115,501,61,440
117900116,1116,1271,-155
117900117,272,431,-159
117900118,31,0,31
117900119,79,457,-378
117900120,61,275,-214
117900121,51,29,22
117900122,1500,1675,-175
117900123,1045,1232,-187
117900124,599,907,-308
117900125,1259,1230,29
117900126,417,935,-518
117900127,413,1156,-743
117900128,263,1632,-1369
117900129,33,2,31
117900130,791,543,248
117900131,2,129,-127
117900132,5,133,-128
117900133,11,169,-158
117900134,30,262,-232
117900135,29,297,-268
117900136,0,90,-90
117900137,18,447,-429
117900138,0,68,-68
117900139,46,223,-177
117900140,7660,406,7254
117900141,397,548,-151
117900142,171,10,161
117900144,173,173,0
117900145,33,12,21
117900146,391,108,283
117900147,93,99,-6
117900148,4026,1081,2945
117900149,38,263,-225
117900150,27,146,-119
117900151,48,232,-184
117900152,107,99,8
117900153,54,169,-115
117900154,470,1285,-815
117900156,1090,1408,-318
117900157,129,630,-501
117900158,103,88,15
117900160,407,419,-12
117900161,2967,3513,-546
117900162,329,725,-396
117900163,223,26,197
117900165,3,16,-13
117900166,77,285,-208
117900168,36,227,-191
117900169,3,198,-195
117900170,0,55,-55
117900171,3,32,-29
117900172,17,55,-38
117900173,188,83,105
117900174,28,64,-36
117900175,2,60,-58
117900176,5,78,-73
117900177,11,81,-70
117900178,108,58,50
117900180,356,43,313
117900181,228,305,-77
117900182,2,23,-21
117900183,51,204,-153
117900184,14,57,-43
117900185,18,50,-32
117900186,45,21,24
117900187,13,23,-10
117900188,178,47,131
117900189,68,18,50
117900190,17,3,14
117900191,100,1,99
117900192,210,3,207
117900193,0,62,-62
117900194,14,6,8
117900195,12,40,-28
117900196,13,38,-25
117900207,193,111,82
117900208,24,21,3
117900209,207,218,-11
117900210,191,295,-104
117900211,5,267,-262
117900212,67,253,-186
117900213,24,15,9
117900214,9,55,-46
117900215,12,91,-79
117900216,47,24,23
117900217,200,139,61
117900218,437,314,123
117900219,7,64,-57
117900220,271,128,143
117900222,197,362,-165
117900223,151,346,-195
118000001,883,692,191
118000002,1316,2253,-937
118000003,3302,1981,1321
118000004,4037,2358,1679
118000005,5689,3841,1848
118000006,7233,9534,-2301
118000007,8173,2732,5441
118000008,6119,3385,2734
118000009,3173,2923,250
118000010,3048,4632,-1584
118000011,910,3503,-2593
118000012,1214,4131,-2917
118000013,4340,4124,216
118000014,2079,5326,-3247
118000016,192,537,-345
118000017,271,423,-152
118000018,302,621,-319
118000019,2122,1533,589
118000020,1268,1700,-432
118000021,840,2343,-1503
118000022,1695,740,955
118000023,1102,317,785
118000024,1472,878,594
118000027,18012,9343,8669
118000029,1056,689,367
118000032,1572,3247,-1675
118000033,2615,3125,-510
118000034,5318,2173,3145
118000035,1543,2058,-515
118000036,1421,1125,296
118000037,748,1101,-353
118000038,123,169,-46
118000039,97,616,-519
118000040,1344,3158,-1814
118000041,2054,1896,158
118000045,736,97,639
118000046,3127,591,2536
118000047,2850,647,2203
118000048,5032,1456,3576
118000051,2430,1548,882
118000052,1770,786,984
118000053,1035,729,306
118000054,2452,2906,-454
118000055,2188,3208,-1020
118000056,253,445,-192
118000057,212,533,-321
118000058,3786,1592,2194
118000059,3012,815,2197
118000060,936,793,143
118000061,697,2108,-1411
118000062,505,370,135
118000063,400,549,-149
118000064,1059,1411,-352
118000065,5021,2020,3001
118000066,1165,1440,-275
118000067,1477,763,714
118000068,1812,4216,-2404
118000069,3880,1227,2653
118000070,8443,1810,6633
118000071,4029,6992,-2963
118000072,2842,1064,1778
118000073,2969,511,2458
118000074,599,1060,-461
118000075,839,311,528
118000076,1660,1326,334
118000077,1290,1300,-10
118000078,2095,1742,353
118000079,315,419,-104
118000080,1204,1188,16
118000081,2310,1008,1302
118000082,370,857,-487
118000083,2650,1218,1432
118000084,2753,1667,1086
118000086,277,565,-288
118000087,8198,3070,5128
118000088,1893,2240,-347
118000089,5291,2554,2737
118000090,2700,3097,-397
118000091,2194,2506,-312
118000092,1661,541,1120
118000093,180,817,-637
118000096,560,589,-29
118000097,771,825,-54
118000098,311,242,69
118000099,330,1078,-748
118000101,834,457,377
118000102,372,1908,-1536
118000107,5752,616,5136
118000108,788,1548,-760
118000110,0,28,-28
118000111,4,1220,-1216
118000112,297,4,293
118000113,14,1828,-1814
118000114,223,7,216
118000115,8,11,-3
118000116,55,1,54
118000117,1634,1395,239
118000118,971,772,199
118000119,679,1166,-487
118000120,1661,1984,-323
118000121,151,636,-485
118000122,1627,326,1301
118000123,77,338,-261
118000125,2460,1402,1058
118000126,958,1387,-429
118000127,2513,698,1815
118000128,942,1553,-611
118000129,1309,387,922
118000130,3294,4981,-1687
118000131,1030,1627,-597
118000132,2271,1640,631
118000133,855,624,231
118000135,672,381,291
118000136,118,779,-661
118000137,938,135,803
118000138,305,1264,-959
118000139,226,141,85
118000140,2421,3671,-1250
118000141,1588,2407,-819
118000142,1185,2534,-1349
118000143,1560,1340,220
118000144,1708,1199,509
118000145,1458,3212,-1754
118000146,1025,1509,-484
118000147,681,2208,-1527
118000148,408,2105,-1697
118000149,660,1825,-1165
118000150,281,494,-213
118000151,238,545,-307
118000153,809,1561,-752
118000154,867,2267,-1400
118000155,887,1795,-908
118000156,2993,2784,209
118000157,484,558,-74
118000158,149,445,-296
118000159,21,85,-64
118000160,355,569,-214
118000161,385,916,-531
118000162,803,985,-182
118000163,508,774,-266
118000164,2881,1653,1228
118000168,1860,374,1486
118000169,1134,2039,-905
118000170,3995,8195,-4200
118000171,153,876,-723
118000172,148,435,-287
118000173,873,1345,-472
118000175,220,377,-157
118000176,219,452,-233
118000177,141,566,-425
118000178,219,66,153
118000179,1684,1002,682
118000180,738,945,-207
118000181,799,350,449
118000182,331,286,45
118000183,273,335,-62
118000184,556,1253,-697
118000185,917,900,17
118000186,512,751,-239
118000187,1076,918,158
118000188,521,340,181
118000189,330,1230,-900
118000190,11,31,-20
118000191,14,43,-29
118000192,224,301,-77
118000193,214,391,-177
118000194,2854,1180,1674
118000195,1013,696,317
118000196,665,144,521
118000197,299,99,200
118000198,777,496,281
118000199,1139,408,731
118000200,37,273,-236
118000201,569,547,22
118000202,57,52,5
118000203,1572,398,1174
118000204,211,334,-123
118000205,310,396,-86
118000206,223,266,-43
118000207,0,243,-243
118000208,906,1801,-895
118000209,1569,2826,-1257
118000210,56,50,6
118000211,23,49,-26
118000213,1078,1496,-418
118000214,789,461,328
118000215,219,485,-266
118000216,1720,4148,-2428
118000217,23,193,-170
118000218,62,155,-93
118000219,433,555,-122
118000220,4,33,-29
118000221,81,314,-233
118000222,66,48,18
118000223,24,41,-17
118000224,377,132,245
118000225,118,1690,-1572
118000226,997,209,788
118000227,1225,385,840
118000228,99,148,-49
118000229,260,26,234
118000230,102,322,-220
118000231,82,335,-253
118000232,486,1224,-738
118000233,702,1020,-318
118000234,243,339,-96
118000236,329,626,-297
118000237,64,852,-788
118000238,165,560,-395
118000239,222,420,-198
118000240,658,129,529
118000241,98,394,-296
118000242,242,815,-573
118000243,140,263,-123
118000244,25,202,-177
118000246,0,13,-13
118000255,140,392,-252
118000256,180,331,-151
118000259,8,62,-54
118000260,138,198,-60
118000261,59,153,-94
118000263,66,338,-272
118000266,101,509,-408
118000267,0,100,-100
118000268,369,0,369
118000270,60,53,7
118000271,223,404,-181
118000272,63,40,23
118000273,82,115,-33
118000274,99,403,-304
118000276,259,453,-194
118000295,3,72,-69
118000298,95,613,-518
118000299,42,271,-229
118000301,0,120,-120
118000302,87,185,-98
118000311,224,166,58
118000312,192,212,-20
118000313,20,179,-159
118000314,45,125,-80
118000315,11,80,-69
118000316,401,810,-409
118000325,23,63,-40
118000326,29,49,-20
118000331,9,52,-43
118000332,26,42,-16
118000333,29,80,-51
118000335,168,4,164
118000336,3,560,-557
118000407,73,91,-18
118000457,13,36,-23
118000465,3693,3485,208
118000480,36,213,-177
118000489,85,198,-113
118000490,119,789,-670
118000492,228,277,-49
118000510,62,16,46
118000514,205,499,-294
118000515,838,594,244
118000517,518,252,266
118000524,851,245,606
118000525,716,995,-279
118000530,10,142,-132
118000531,199,448,-249
118000532,157,367,-210
118000533,537,204,333
118000534,581,449,132
118000535,205,156,49
118000536,1021,1181,-160
118000537,46,104,-58
118000538,37,155,-118
118000539,34,111,-77
118000540,329,270,59
118000541,228,154,74
118000542,104,204,-100
118000543,270,266,4
118000546,38,30,8
118000553,0,1,-1
118000557,0,0,0
118000560,3696,1130,2566
118000562,23,738,-715
118000563,2400,1604,796
118000576,192,337,-145
118000577,232,185,47
118000578,208,186,22
118000579,1106,1259,-153
118000583,0,0,0
118000595,154,112,42
118000596,0,126,-126
118000597,151,192,-41
118000598,9,0,9
118000599,26,74,-48
118000600,1,17,-16
118000601,0,0,0
118000602,2,13,-11
118000603,0,76,-76
118000605,35,391,-356
118000606,36,960,-924
118900001,1623,1115,508
118900002,1344,596,748
118900003,159,44,115
118900004,13,101,-88
118900005,52,3,49
118900006,70,2,68
118900007,5,11,-6
118900008,1221,70,1151
118900009,21,22,-1
118900010,52,3,49
118900011,140,26,114
118900012,287,289,-2
118900013,948,42,906
118900015,98,37,61
118900016,5,46,-41
118900017,200,247,-47
118900018,1539,16,1523
118900019,51,16,35
118900020,158,122,36
118900021,152,473,-321
118900022,110,112,-2
118900023,95,143,-48
118900024,109,232,-123
118900025,62,25,37
118900026,25,98,-73
118900027,765,375,390
118900028,86,206,-120
118900029,131,705,-574
118900030,179,94,85
118900031,100,199,-99
118900032,174,325,-151
118900033,436,1142,-706
118900034,92,15,77
118900035,131,370,-239
118900036,775,904,-129
118900037,394,389,5
118900038,379,454,-75
118900039,294,346,-52
118900040,172,214,-42
118900041,275,346,-71
118900042,141,155,-14
118900045,269,239,30
118900046,816,276,540
118900047,1120,329,791
118900048,321,210,111
118900049,57,51,6
118900050,13,189,-176
118900051,134,65,69
118900052,284,284,0
118900053,35,105,-70
118900054,124,134,-10
118900055,16,167,-151
118900056,138,276,-138
118900057,463,340,123
118900058,276,529,-253
118900059,26,84,-58
118900060,44,288,-244
118900062,106,259,-153
118900064,699,586,113
118900065,31,197,-166
118900066,51,127,-76
118900067,6628,2453,4175
118900068,3,375,-372
118900069,317,397,-80
118900071,4,82,-78
118900072,419,508,-89
118900073,60,163,-103
118900074,80,236,-156
118900075,26,55,-29
118900076,233,86,147
118900077,111,204,-93
118900078,49,3,46
118900079,69,239,-170
118900080,5,124,-119
118900081,68,29,39
118900082,431,261,170
118900083,15,16,-1
118900084,9,21,-12
118900085,500,1108,-608
118900086,20,81,-61
118900087,24,200,-176
118900088,0,16,-16
118900089,27,13,14
118900090,358,496,-138
118900091,185,163,22
118900092,86,108,-22
118900093,157,4,153
118900096,69,118,-49
118900097,157,911,-754
118900099,39,435,-396
118900100,180,351,-171
118900101,36,418,-382
118900102,20,123,-103
118900103,45,88,-43
118900104,68,161,-93
118900105,170,152,18
118900107,171,307,-136
118900108,47,108,-61
118900110,2092,641,1451
118900111,337,960,-623
118900112,55,178,-123
118900113,98,913,-815
118900114,20,133,-113
118900115,52,425,-373
118900116,121,202,-81
118900117,54,180,-126
118900118,212,728,-516
118900119,108,381,-273
118900120,90,388,-298
118900121,8,386,-378
118900122,10,631,-621
118900123,146,221,-75
118900124,77,204,-127
118900126,19,312,-293
118900129,423,199,224
118900130,65,171,-106
118900131,80,389,-309
118900132,287,187,100
118900133,14,92,-78
118900135,123,280,-157
118900136,185,953,-768
118900137,8,19,-11
118900139,131,1083,-952
118900140,318,883,-565
118900141,55,491,-436
118900144,148,722,-574
118900145,20,304,-284
118900146,313,1171,-858
118900147,250,148,102
118900148,50,95,-45
118900150,147,486,-339
118900152,322,1142,-820
118900157,207,220,-13
118900158,30,134,-104
118900159,0,301,-301
118900161,133,3,130
118900163,358,89,269
118900164,8,123,-115
118900165,18,354,-336
118900166,59,7,52
118900167,39,184,-145
118900168,2,68,-66
118900169,64,494,-430
118900170,92,144,-52
118900171,26,38,-12
118900174,46,93,-47
118900175,296,416,-120
118900176,126,214,-88
118900177,30,85,-55
118900178,43,165,-122
118900179,2,56,-54
118900181,59,160,-101
118900182,69,48,21
118900183,45,101,-56
118900184,119,32,87
118900185,74,185,-111
118900186,59,121,-62
118900187,186,461,-275
118900188,186,395,-209
118900189,22,522,-500
118900190,16,916,-900
118900191,172,60,112
118900192,125,40,85
118900193,255,12,243
118900195,381,1409,-1028
118900196,24,225,-201
118900197,111,136,-25
118900198,9,54,-45
118900199,19,101,-82
118900200,7,7,0
118900201,13,17,-4
118900202,3,64,-61
118900203,13,63,-50
118900204,4,32,-28
118900205,10,18,-8
118900206,1,23,-22
119000001,1084,1498,-414
119000002,2111,3319,-1208
119000003,1430,2166,-736
119000004,1555,1937,-382
119000005,2002,2476,-474
119000006,1904,1807,97
119000007,3114,3520,-406
119000008,1827,2640,-813
119000009,3701,3154,547
119000010,9551,4048,5503
119000011,6196,2559,3637
119000012,4448,3272,1176
119000013,2086,1304,782
119000014,2608,3976,-1368
119000019,246,243,3
119000020,1290,1643,-353
119000021,2759,2160,599
119000022,4076,1974,2102
119000023,283,249,34
119000024,2398,7141,-4743
119000025,15456,1433,14023
119000026,252,330,-78
119000027,619,432,187
119000028,2683,1706,977
119000029,161,367,-206
119000030,447,1574,-1127
119000031,697,818,-121
119000032,2497,2893,-396
119000033,1979,2527,-548
119000034,836,1223,-387
119000035,30,571,-541
119000036,985,1695,-710
119000037,907,3194,-2287
119000038,89,1774,-1685
119000039,204,444,-240
119000040,1568,566,1002
119000041,1491,1468,23
119000048,3744,5467,-1723
119000049,1369,5162,-3793
119000050,1711,3587,-1876
119000051,1985,1241,744
119000052,3185,4473,-1288
119000053,1885,1540,345
119000054,2666,5939,-3273
119000055,2453,4644,-2191
119000056,1547,2717,-1170
119000057,1408,3778,-2370
119000058,1812,3173,-1361
119000059,1002,2617,-1615
119000060,1162,1010,152
119000061,861,1154,-293
119000062,945,1429,-484
119000063,427,381,46
119000064,1945,2213,-268
119000065,1886,3311,-1425
119000066,1457,1068,389
119000067,2219,3943,-1724
119000068,1202,1268,-66
119000069,1543,4168,-2625
119000070,1488,1567,-79
119000071,644,1431,-787
119000072,9106,5112,3994
119000073,5650,6148,-498
119000074,998,6194,-5196
119000075,1143,3143,-2000
119000076,414,1137,-723
119000077,616,801,-185
119000078,339,494,-155
119000079,112,1191,-1079
119000080,289,391,-102
119000081,187,574,-387
119000082,511,356,155
119000083,377,422,-45
119000084,382,839,-457
119000085,871,445,426
119000086,244,425,-181
119000087,2190,1283,907
119000088,236,261,-25
119000089,62,180,-118
119000090,145,231,-86
119000091,127,355,-228
119000092,696,364,332
119000093,5294,5344,-50
119000094,2067,6739,-4672
119000095,1330,4869,-3539
119000097,3031,2058,973
119000098,635,1772,-1137
119000099,2425,2415,10
119000100,2451,2397,54
119000101,2167,2512,-345
119000102,615,728,-113
119000103,1213,480,733
119000104,4543,1990,2553
119000105,707,1324,-617
119000106,240,3010,-2770
119000107,432,567,-135
119000108,285,1988,-1703
119000109,80,297,-217
119000110,429,390,39
119000111,27,634,-607
119000112,151,98,53
119000113,2313,310,2003
119000114,839,664,175
119000115,176,212,-36
119000116,60,98,-38
119000117,111,295,-184
119000118,3,1,2
119000123,4082,733,3349
119000124,419,369,50
119000125,1918,1563,355
119000126,612,1632,-1020
119000127,480,1474,-994
119000128,29,2,27
119000131,678,1496,-818
119000132,2,3,-1
119000133,1,12,-11
119000134,3957,699,3258
119000135,93,270,-177
119000136,149,388,-239
119000137,124,695,-571
119000138,190,658,-468
119000139,216,380,-164
119000140,172,339,-167
119000284,1590,3823,-2233
119000285,2797,2804,-7
119000286,8123,6421,1702
119000287,1596,2898,-1302
119000288,2010,2169,-159
119000289,3093,5463,-2370
119000290,148,789,-641
119000291,20,597,-577
119000293,90,279,-189
119000294,35,28,7
119000295,3309,762,2547
119000296,148,133,15
119000297,0,0,0
119000302,5362,1707,3655
119000303,42,315,-273
119000310,0,0,0
119000314,1256,6248,-4992
119000315,3,1004,-1001
119000316,87,201,-114
119000317,46,812,-766
119900001,204,1074,-870
119900002,81,345,-264
119900003,81,1709,-1628
119900004,373,609,-236
119900005,67,217,-150
119900006,198,422,-224
119900007,700,88,612
119900008,27,38,-11
119900009,451,674,-223
119900010,777,1151,-374
119900011,14,74,-60
119900012,14,51,-37
119900013,1501,636,865
119900014,484,235,249
119900015,95,24,71
119900016,41,153,-112
119900017,10,51,-41
119900018,1954,428,1526
119900019,23,3,20
119900020,90,203,-113
119900021,87,95,-8
119900022,179,294,-115
119900023,1232,797,435
119900025,99,35,64
119900026,1159,114,1045
119900027,13,37,-24
119900028,239,77,162
119900029,1,8,-7
119900030,489,640,-151
119900031,37,266,-229
119900033,1732,198,1534
119900034,240,214,26
119900037,174,65,109
119900038,35,190,-155
119900039,40,4,36
119900040,73,11,62
119900041,52,52,0
119900042,80,231,-151
119900043,57,242,-185
119900044,125,446,-321
119900046,54,88,-34
119900047,172,32,140
119900048,113,112,1
119900049,67,11,56
119900050,37,55,-18
119900051,549,12,537
119900052,23,66,-43
119900053,99,300,-201
119900054,74,9,65
119900055,818,369,449
119900057,102,64,38
119900058,152,1,151
119900059,190,90,100
119900060,149,2,147
119900061,128,3,125
119900062,35,28,7
119900063,17,29,-12
119900065,155,7,148
119900067,33,31,2
119900068,295,2,293
119900069,57,11,46
119900070,475,13,462
119900071,247,4,243
119900073,2398,540,1858
119900074,31,15,16
119900075,8188,2282,5906
119900076,400,937,-537
119900077,481,2093,-1612
119900078,345,1291,-946
119900079,654,483,171
119900080,248,482,-234
119900081,283,354,-71
119900082,724,540,184
119900083,341,66,275
119900084,703,333,370
119900085,245,88,157
119900086,298,1699,-1401
119900087,458,297,161
119900088,56,56,0
119900089,12,898,-886
119900090,213,53,160
119900091,105,1963,-1858
119900092,18,603,-585
119900093,814,139,675
119900094,45,277,-232
119900095,161,120,41
119900096,25,81,-56
119900097,732,195,537
119900098,29,106,-77
119900099,20,406,-386
119900100,4037,1983,2054
119900101,215,1050,-835
119900102,25,488,-463
119900103,20,824,-804
119900104,15,345,-330
119900105,528,1374,-846
119900106,17,365,-348
119900107,463,6469,-6006
119900108,2568,863,1705
119900109,19,464,-445
119900110,431,1039,-608
119900111,55,629,-574
119900112,5379,615,4764
119900113,92,656,-564
119900114,177,2675,-2498
119900115,187,2285,-2098
119900116,169,456,-287
119900117,153,1308,-1155
119900118,68,2035,-1967
119900119,210,363,-153
119900120,610,870,-260
119900121,204,2213,-2009
119900122,640,588,52
119900123,228,387,-159
119900124,161,1640,-1479
119900125,52,652,-600
119900126,6842,347,6495
119900127,3834,1277,2557
119900128,305,1415,-1110
119900129,150,1566,-1416
119900130,23,389,-366
119900131,21,523,-502
119900132,5,804,-799
119900133,24,40,-16
119900134,3587,370,3217
119900135,6,845,-839
119900136,140,772,-632
119900138,471,1076,-605
119900139,25,88,-63
119900140,4,261,-257
119900141,192,529,-337
119900142,0,28,-28
119900143,12,315,-303
119900144,3384,318,3066
119900145,67,284,-217
119900146,129,172,-43
119900147,6,138,-132
119900148,138,63,75
119900149,2397,2238,159
119900150,174,221,-47
119900151,1777,741,1036
119900152,70,615,-545
119900153,93,80,13
119900154,28,1406,-1378
119900155,20,27,-7
119900156,8,2,6
119900157,61,315,-254
119900158,93,72,21
119900159,32,2959,-2927
119900160,14,299,-285
119900161,198,503,-305
119900162,552,830,-278
119900163,160,158,2
119900164,0,1,-1
119900165,104,403,-299
119900166,71,40,31
119900167,176,180,-4
119900168,422,490,-68
119900169,170,252,-82
119900170,158,186,-28
119900171,652,684,-32
119900172,121,26,95
119900173,8,821,-813
119900174,51,411,-360
119900175,735,920,-185
119900177,30,314,-284
119900178,6,298,-292
119900179,58,235,-177
119900180,759,764,-5
119900181,35,85,-50
119900182,2,841,-839
119900183,119,1222,-1103
119900184,4227,770,3457
119900185,22,137,-115
119900186,82,467,-385
119900187,18,1105,-1087
119900188,65,273,-208
119900189,417,280,137
119900190,50,157,-107
119900191,301,165,136
119900192,19,305,-286
119900193,193,360,-167
119900194,10,63,-53
119900195,32,300,-268
119900196,2031,480,1551
119900197,86,123,-37
119900198,55,513,-458
119900199,156,48,108
119900200,404,663,-259
119900201,426,187,239
119900202,288,138,150
119900203,127,382,-255
119900204,160,468,-308
119900205,320,977,-657
119900206,70,184,-114
119900208,82,161,-79
119900209,368,929,-561
119900210,27,51,-24
119900211,109,25,84
119900212,79,396,-317
119900213,3,44,-41
119900214,19,143,-124
119900215,55,148,-93
119900216,11,125,-114
119900217,6,71,-65
119900218,13,71,-58
119900219,5,209,-204
119900220,5,215,-210
119900221,11,643,-632
119900222,7,498,-491
119900223,22,178,-156
119900224,12,57,-45
119900225,1816,60,1756
119900226,1158,1375,-217
119900227,1481,448,1033
119900228,19,368,-349
119900229,336,673,-337
119900230,1873,858,1015
119900231,117,287,-170
119900232,154,79,75
119900233,23,2,21
119900234,20,34,-14
119900235,20,42,-22
119900236,18,370,-352
119900237,33,790,-757
119900238,2,120,-118
119900240,50,177,-127
119900241,168,284,-116
119900242,2197,1526,671
119900244,956,1150,-194
119900245,97,172,-75
119900246,256,406,-150
119900247,22,93,-71
119900248,58,78,-20
119900249,156,87,69
119900253,6074,403,5671
119900254,70,298,-228
119900255,62,634,-572
119900256,267,1758,-1491
119900257,19,0,19
119900258,38,58,-20
119900259,8,302,-294
119900260,48,2,46
119900261,177,296,-119
119900262,6,530,-524
119900263,1037,451,586
119900264,51,408,-357
119900265,191,484,-293
119900266,162,419,-257
119900267,198,511,-313
119900268,176,314,-138
119900269,594,1881,-1287
119900271,13,104,-91
119900272,135,51,84
119900275,51,5,46
119900276,22,1,21
119900277,7,6,1
119900278,276,62,214
119900279,93,152,-59
119900280,1734,252,1482
119900281,0,98,-98
119900282,57,36,21
119900283,6,544,-538
119900284,31,195,-164
119900285,12,55,-43
119900286,6,11,-5
119900288,9,44,-35
119900289,0,55,-55
119900290,2,47,-45
119900291,0,44,-44
119900292,32,40,-8
119900293,28,82,-54
119900294,16,120,-104
119900295,23,90,-67
119900296,17,369,-352
119900297,0,20,-20
119900298,0,3,-3
119900299,32,414,-382
119900300,111,271,-160
119900301,48,26,22
119900302,26,53,-27
119900303,134,368,-234
119900304,72,32,40
119900305,23,113,-90
119900306,12,2,10
119900307,14,200,-186
119900308,2,21,-19
119900309,19,61,-42
119900310,328,466,-138
119900311,45,250,-205
119900312,45,108,-63
119900313,188,602,-414
119900314,99,285,-186
119900315,764,3886,-3122
119900318,8,17,-9
119900319,4,460,-456
119900320,65,1043,-978
119900321,45,1,44
120000001,9768,12556,-2788
120000002,2361,4499,-2138
120000003,3726,2651,1075
120000004,3030,3317,-287
120000005,4930,2628,2302
120000006,1219,1730,-511
120000007,4451,3205,1246
120000008,1081,1905,-824
120000009,6703,1105,5598
120000010,1990,4067,-2077
120000011,1444,3152,-1708
120000012,1313,4268,-2955
120000013,2533,3828,-1295
120000014,685,2253,-1568
120000015,2972,1968,1004
120000016,3204,3893,-689
120000017,2688,2916,-228
120000018,6882,10392,-3510
120000019,836,1669,-833
120000020,3488,3269,219
120000021,2309,2466,-157
120000022,2745,4332,-1587
120000023,889,2455,-1566
120000024,1594,3067,-1473
120000025,2412,3011,-599
120000026,925,2486,-1561
120000027,1324,2430,-1106
120000028,899,600,299
120000029,2882,709,2173
120000030,100,764,-664
120000031,1746,7111,-5365
120000032,13680,4269,9411
120000033,4055,2765,1290
120000034,1530,3338,-1808
120000035,1913,4226,-2313
120000036,2952,5791,-2839
120000037,664,1419,-755
120000038,14184,4079,10105
120000039,454,1306,-852
120000040,64,208,-144
120000041,696,2554,-1858
120000042,1441,5678,-4237
120000043,4187,4233,-46
120000044,3631,1799,1832
120000045,3618,1249,2369
120000046,1873,2091,-218
120000047,2914,3595,-681
120000048,10948,4842,6106
120000049,3780,3927,-147
120000050,3508,7810,-4302
120000051,4484,5990,-1506
120000052,21249,3958,17291
120000053,1296,6477,-5181
120000054,1515,10297,-8782
120000055,1654,8306,-6652
120000056,2912,7300,-4388
120000057,1684,1051,633
120000058,1082,312,770
120000059,34,1296,-1262
120000061,143,1006,-863
120000062,201,429,-228
120000063,2281,4482,-2201
120000064,267,2507,-2240
120000065,435,2825,-2390
120000066,181,636,-455
120000067,30,889,-859
120000068,234,2015,-1781
120000069,793,2571,-1778
120000070,44,1602,-1558
120000071,230,321,-91
120000072,323,804,-481
120000073,463,140,323
120000074,61,86,-25
120000075,458,321,137
120000076,1112,496,616
120000077,1014,730,284
120000078,2938,1007,1931
120000079,261,1021,-760
120000080,173,343,-170
120000081,191,208,-17
120000082,161,383,-222
120000083,125,503,-378
120000084,548,776,-228
120000085,273,580,-307
120000086,422,1069,-647
120000087,192,1986,-1794
120000088,663,2058,-1395
120000089,1099,985,114
120000090,482,773,-291
120000091,705,1306,-601
120000092,1143,751,392
120000093,304,657,-353
120000094,159,685,-526
120000095,832,1034,-202
120000096,211,1845,-1634
120000098,838,1652,-814
120000099,299,959,-660
120000100,758,1224,-466
120000101,379,663,-284
120000102,385,718,-333
120000103,902,543,359
120000104,1278,432,846
120000105,1903,503,1400
120000106,1567,558,1009
120000107,2105,618,1487
120000108,754,109,645
120000109,718,70,648
120000110,102,1736,-1634
120000111,153,2260,-2107
120000112,847,7001,-6154
120000113,582,5108,-4526
120000114,956,5227,-4271
120000115,415,4364,-3949
120000116,693,3374,-2681
120000117,2134,2356,-222
120000118,48,57,-9
120000119,61,114,-53
120000120,50,56,-6
120000121,84,92,-8
120000122,370,353,17
120000123,9300,4012,5288
120000124,358,746,-388
120000125,447,877,-430
120000126,300,1243,-943
120000127,2285,1171,1114
120000128,4382,3344,1038
120000129,334,421,-87
120000130,722,1225,-503
120000131,279,628,-349
120000134,405,2417,-2012
120000135,244,363,-119
120000137,148,3963,-3815
120000138,431,652,-221
120000139,195,2005,-1810
120000140,452,894,-442
120000141,184,862,-678
120000142,290,776,-486
120000143,0,133,-133
120000144,46,0,46
120000145,215,2,213
120000146,3383,1084,2299
120000149,540,1343,-803
120000150,6761,9911,-3150
120000151,387,751,-364
120000152,250,422,-172
120000153,137,1524,-1387
120000154,506,597,-91
120000155,75,323,-248
120000156,2728,875,1853
120000157,892,921,-29
120000158,749,1890,-1141
120000159,1685,3145,-1460
120000160,2082,1826,256
120000161,1324,3540,-2216
120000162,133,311,-178
120000163,414,2906,-2492
120000164,361,730,-369
120000165,306,1601,-1295
120000166,925,973,-48
120000167,29,41,-12
120000168,7,111,-104
120000169,133,409,-276
120000170,169,221,-52
120000171,38,58,-20
120000172,67,52,15
120000173,3429,282,3147
120000174,901,15,886
120000175,879,16,863
120000176,558,60,498
120000177,1662,399,1263
120000178,75,10,65
120000179,557,51,506
120000180,670,105,565
120000181,116,219,-103
120000182,117,162,-45
120000183,10,148,-138
120000184,120,1042,-922
120000186,104,94,10
120000187,146,62,84
120000188,449,66,383
120000190,1404,11,1393
120000191,2448,36,2412
120000192,2524,15,2509
120000193,657,4,653
120000195,151,4,147
120000196,263,43,220
120000197,105,156,-51
120000198,141,232,-91
120000199,61,2,59
120000200,88,0,88
120000201,7,11,-4
120000202,2,108,-106
120000203,42,498,-456
120000207,3,125,-122
120000208,15,577,-562
120000209,5,171,-166
120000210,233,106,127
120000211,52,1,51
120000212,84,1,83
120000213,76,543,-467
120000214,4,675,-671
120000215,3,239,-236
120000216,56,13,43
120000217,1145,1991,-846
120000218,371,1897,-1526
120000219,10,1215,-1205
120000220,15,4233,-4218
120000225,707,2,705
120000226,176,2,174
120000227,520,22,498
120000228,8815,2579,6236
120000230,277,7,270
120000231,765,3758,-2993
120000233,169,38,131
120000235,152,1252,-1100
120000236,564,0,564
120000237,5,3432,-3427
120000238,13,205,-192
120000241,1231,4782,-3551
120000412,2730,26,2704
120000413,175,827,-652
120000414,101,5,96
120000415,3,371,-368
120000416,71,14,57
120000417,12,159,-147
120000418,114,18,96
120000419,22,910,-888
120000420,103,61,42
120000421,19151,7419,11732
120000422,309,702,-393
120000423,2,44,-42
120000424,61,305,-244
120000436,172,436,-264
120000437,242,266,-24
120000438,7329,431,6898
120000439,117,375,-258
120000443,105,0,105
120000444,830,1301,-471
120000445,1725,1857,-132
120000446,1725,435,1290
120000447,148,41,107
120000449,53,43,10
120000450,11,708,-697
120000451,73,394,-321
120000452,98,4,94
120000453,1,571,-570
120000454,105,57,48
120000455,111,80,31
120000456,3846,3685,161
120000457,1561,1473,88
120000458,812,1105,-293
120000459,89,133,-44
120000665,1245,157,1088
120000668,87,294,-207
120000669,48,603,-555
120000670,239,537,-298
120000671,976,363,613
120000672,103,622,-519
120900001,77,62,15
120900002,397,314,83
120900003,218,39,179
120900004,5,80,-75
120900005,14,2559,-2545
120900006,205,222,-17
120900007,126,239,-113
120900008,238,1860,-1622
120900009,647,95,552
120900010,214,59,155
120900011,559,209,350
120900012,1671,985,686
120900013,237,40,197
120900014,5,1288,-1283
120900015,288,105,183
120900016,424,65,359
120900017,4607,148,4459
120900018,54,659,-605
120900019,506,161,345
120900020,1136,832,304
120900021,413,97,316
120900022,44,674,-630
120900023,168,41,127
120900024,1362,516,846
120900025,2437,1246,1191
120900026,134,263,-129
120900027,812,102,710
120900028,194,49,145
120900029,150,265,-115
120900030,774,537,237
120900031,140,60,80
120900032,533,247,286
120900033,686,67,619
120900034,75,2267,-2192
120900035,49,158,-109
120900037,150,11,139
120900038,58,180,-122
120900039,92,32,60
120900040,229,2,227
120900041,162,38,124
120900042,257,95,162
120900043,42,30,12
120900044,123,651,-528
120900045,114,230,-116
120900046,262,4,258
120900047,109,51,58
120900048,83,13,70
120900049,256,3,253
120900050,6036,1376,4660
120900051,258,128,130
120900052,302,4,298
120900053,121,101,20
120900054,1607,1377,230
120900055,223,5,218
120900056,294,7,287
120900057,75,19,56
120900058,313,3,310
120900059,51,1,50
120900060,44,40,4
120900061,208,637,-429
120900062,160,2,158
120900063,473,9,464
120900064,243,1,242
120900065,239,7,232
120900066,149,448,-299
120900067,182,36,146
120900068,141,1,140
120900069,125,119,6
120900071,22,5,17
120900072,435,4,431
120900073,257,350,-93
120900074,268,3,265
120900076,208,0,208
120900077,5636,320,5316
120900078,406,932,-526
120900079,392,112,280
120900080,434,3959,-3525
120900081,745,1936,-1191
120900082,815,262,553
120900083,68,3,65
120900084,208,256,-48
120900085,164,170,-6
120900086,227,242,-15
120900087,307,140,167
120900088,210,321,-111
120900089,6697,1613,5084
120900090,99,311,-212
120900091,510,398,112
120900092,1210,1106,104
120900093,6207,375,5832
120900094,539,315,224
120900095,223,31,192
120900096,17,158,-141
120900097,673,1559,-886
120900098,294,256,38
120900099,61,68,-7
120900100,60,566,-506
120900101,782,465,317
120900102,28,214,-186
120900103,39,206,-167
120900104,25,46,-21
120900105,35,1242,-1207
120900106,1675,868,807
120900107,390,153,237
120900108,6,1539,-1533
120900109,55,1124,-1069
120900110,9,1076,-1067
120900111,108,663,-555
120900112,15,2481,-2466
120900113,23,1639,-1616
120900114,67,266,-199
120900115,192,239,-47
120900116,189,1198,-1009
120900117,3,935,-932
120900118,15,1412,-1397
120900119,3403,5041,-1638
120900120,52,1138,-1086
120900121,70,641,-571
120900122,190,1281,-1091
120900123,3,830,-827
120900124,7,1294,-1287
120900125,4,1987,-1983
120900126,1844,1203,641
120900127,17,862,-845
120900128,1212,1474,-262
120900129,46,624,-578
120900130,4,706,-702
120900131,20,83,-63
120900132,507,549,-42
120900133,264,1784,-1520
120900134,741,665,76
120900135,12,1097,-1085
120900136,30,48,-18
120900137,100,201,-101
120900138,21,356,-335
120900139,9,1466,-1457
120900140,2,60,-58
120900141,92,145,-53
120900142,22,1683,-1661
120900143,10,1855,-1845
120900144,1,376,-375
120900145,64,1453,-1389
120900146,10,1724,-1714
120900147,3,512,-509
120900148,82,204,-122
120900149,0,767,-767
120900150,18,1054,-1036
120900151,4,1200,-1196
120900152,0,59,-59
120900153,6,89,-83
120900154,1,740,-739
120900155,125,1995,-1870
120900156,35,450,-415
120900157,31,344,-313
120900158,17,869,-852
120900159,86,482,-396
120900160,25,590,-565
120900161,34,757,-723
120900162,26,820,-794
120900163,20,218,-198
120900164,0,3,-3
120900165,7,13,-6
120900166,95,218,-123
120900167,320,117,203
120900169,47,960,-913
120900170,4431,1702,2729
120900171,1363,534,829
120900172,1225,221,1004
120900173,0,130,-130
120900174,5,245,-240
120900175,279,350,-71
120900176,9,303,-294
120900177,2,577,-575
120900178,2,306,-304
120900179,1085,642,443
120900180,107,96,11
120900181,61,77,-16
120900182,2,809,-807
120900183,426,148,278
120900184,184,72,112
120900185,4,488,-484
120900186,4,882,-878
120900187,282,1149,-867
120900188,100,17,83
120900189,248,586,-338
120900190,38,10,28
120900191,3,27,-24
120900192,19886,3225,16661
120900194,22,93,-71
120900195,105,259,-154
120900196,812,71,741
120900197,321,60,261
120900198,237,987,-750
120900199,209,234,-25
120900200,115,202,-87
120900201,776,156,620
120900202,4,360,-356
120900203,29,81,-52
120900204,213,606,-393
120900205,58,165,-107
120900206,4,21,-17
120900207,78,2029,-1951
121000001,1187,1521,-334
121000002,3053,2065,988
121000003,4899,2509,2390
121000004,3027,6305,-3278
121000005,2495,3513,-1018
121000006,3544,1796,1748
121000007,3941,3775,166
121000008,8551,3686,4865
121000009,7570,7987,-417
121000010,11613,6582,5031
121000011,10350,17038,-6688
121000012,17095,12348,4747
121000013,6597,10259,-3662
121000014,8403,9361,-958
121000015,6695,8778,-2083
121000016,6114,6066,48
121000017,2192,4595,-2403
121000018,2177,2287,-110
121000019,23328,12144,11184
121000020,14840,11954,2886
121000021,3322,4309,-987
121000022,1824,2213,-389
121000023,4913,4099,814
121000024,3439,4416,-977
121000025,864,1644,-780
121000026,341,194,147
121000027,1745,1242,503
121000028,871,552,319
121000029,979,1019,-40
121000030,581,544,37
121000031,787,781,6
121000032,183,58,125
121000034,591,217,374
121000035,253,113,140
121000036,1375,1030,345
121000037,874,696,178
121000038,745,716,29
121000039,463,337,126
121000041,464,508,-44
121000042,250,430,-180
121000043,949,864,85
121000044,2345,795,1550
121000045,422,374,48
121000046,385,970,-585
121000047,86,83,3
121000049,2494,791,1703
121000050,323,1277,-954
121000051,744,422,322
121000052,374,731,-357
121000053,579,135,444
121000054,42,286,-244
121000055,1806,1826,-20
121000056,983,1439,-456
121000057,161,414,-253
121000058,436,148,288
121000059,2734,1417,1317
121000060,480,1203,-723
121000061,226,146,80
121000062,135,318,-183
121000063,750,642,108
121000064,720,794,-74
121000065,609,573,36
121000066,763,564,199
121000067,971,389,582
121000068,566,299,267
121000069,557,407,150
121000070,2101,1534,567
121000071,1178,1041,137
121000072,1338,1075,263
121000073,1206,767,439
121000074,82,170,-88
121000075,42,139,-97
121000076,1321,428,893
121000077,132,158,-26
121000078,96,129,-33
121000080,2880,816,2064
121000081,3184,2841,343
121000082,143,262,-119
121000083,315,226,89
121000084,206,120,86
121000085,329,575,-246
121000086,176,949,-773
121000087,109,359,-250
121000088,377,949,-572
121000089,445,329,116
121000090,505,513,-8
121000091,1991,1182,809
121000092,196,135,61
121000093,127,291,-164
121000094,550,647,-97
121000095,316,589,-273
121000096,2413,3791,-1378
121000097,1280,2337,-1057
121000098,453,2025,-1572
121000099,520,1312,-792
121000100,825,885,-60
121000101,195,361,-166
121000102,185,410,-225
121000103,163,445,-282
121000104,183,215,-32
121000105,290,284,6
121000106,247,586,-339
121000107,2764,4940,-2176
121000109,1715,1440,275
121000110,410,826,-416
121000114,2883,2592,291
121000115,1072,1038,34
121000116,601,1162,-561
121000117,1315,492,823
121000118,1506,464,1042
121000119,344,492,-148
121000120,283,602,-319
121000121,476,1176,-700
121000123,1798,698,1100
121000127,144,145,-1
121000128,871,697,174
121000129,453,642,-189
121000130,367,1606,-1239
121000131,2432,1780,652
121000132,1589,1948,-359
121000135,407,316,91
121000136,1098,618,480
121000137,453,267,186
121000138,889,576,313
121000139,429,113,316
121000141,272,134,138
121000142,948,645,303
121000143,166,19,147
121000144,1219,1354,-135
121000145,607,1823,-1216
121000146,1159,1250,-91
121000147,829,696,133
121000148,872,1379,-507
121000149,2199,1479,720
121000152,524,911,-387
121000153,1898,787,1111
121000154,783,876,-93
121000155,1377,1447,-70
121000156,400,1380,-980
121000157,1662,3202,-1540
121000158,375,1131,-756
121000159,158,907,-749
121000160,340,927,-587
121000161,132,519,-387
121000162,45,335,-290
121000165,1946,1921,25
121000166,34,953,-919
121000168,306,438,-132
121000169,56,244,-188
121000170,259,186,73
121000171,64,238,-174
121000172,596,506,90
121000173,1154,952,202
121000174,177,438,-261
121000175,649,522,127
121000176,345,266,79
121000177,968,851,117
121000178,173,100,73
121000179,124,89,35
121000181,508,486,22
121000182,119,158,-39
121000183,39,56,-17
121000184,41,67,-26
121000185,22,218,-196
121000186,158,351,-193
121000187,176,398,-222
121000188,142,306,-164
121000192,696,510,186
121000193,516,556,-40
121000194,3127,2619,508
121000195,483,1412,-929
121000196,1358,237,1121
121000197,395,1011,-616
121000198,376,125,251
121000199,149,735,-586
121000200,424,140,284
121000201,7,293,-286
121000202,1165,105,1060
121000203,674,3229,-2555
121000204,2264,839,1425
121000205,215,480,-265
121000206,158,48,110
121000207,1870,694,1176
121000208,10,668,-658
121000209,288,755,-467
121000210,382,970,-588
121000211,396,177,219
121000212,248,1420,-1172
121000213,12076,3369,8707
121000214,1093,2776,-1683
121000215,1564,1144,420
121000216,534,674,-140
121000217,5064,3302,1762
121000218,685,2525,-1840
121000219,1913,501,1412
121000220,337,109,228
121000221,178,357,-179
121000222,3245,3282,-37
121000223,649,371,278
121000224,369,157,212
121000225,2820,1333,1487
121000226,5668,1002,4666
121000227,6,591,-585
121000228,32,1140,-1108
121000229,145,735,-590
121000230,59,2717,-2658
121000231,632,66,566
121000232,452,258,194
121000233,527,434,93
121000234,20,47,-27
121000235,52,60,-8
121000236,11,84,-73
121000237,35,22,13
121000238,13,112,-99
121000239,59,9,50
121000240,16,342,-326
121000241,66,13,53
121000242,64,235,-171
121000243,377,125,252
121000244,7,60,-53
121000245,62,17,45
121000246,2,128,-126
121000247,82,8,74
121000248,1003,1085,-82
121000249,86,267,-181
121000250,447,146,301
121000251,34,923,-889
121000252,80,34,46
121000253,423,801,-378
121000254,784,425,359
121000255,199,180,19
121000256,331,198,133
121000257,77,76,1
121000258,158,61,97
121000259,61,43,18
121000260,160,226,-66
121000261,118,58,60
121000262,980,1158,-178
121000263,341,539,-198
121000271,314,2503,-2189
121000273,174,19,155
121000274,3,54,-51
121000275,4,45,-41
121000276,3,5,-2
121000278,81,66,15
121000279,40,24,16
121000280,46,54,-8
121000289,246,22,224
121000290,1482,807,675
121000294,106,294,-188
121000297,1183,1263,-80
121000299,313,473,-160
121000300,799,661,138
121000302,143,1507,-1364
121000303,648,700,-52
121000304,466,67,399
121000305,134,44,90
121000306,79,183,-104
121000308,165,490,-325
121000309,444,753,-309
121000310,110,532,-422
121000311,78,1108,-1030
121000312,300,235,65
121000313,543,605,-62
121000314,195,135,60
121000315,80,222,-142
121000530,1152,1919,-767
121000531,1168,1900,-732
121000532,6351,6087,264
121000533,2805,3419,-614
121000918,26,255,-229
121000919,35,77,-42
121000938,448,930,-482
121000939,532,764,-232
121000956,745,2462,-1717
121000957,16,16,0
121000958,212,71,141
121000959,452,1435,-983
121000960,2264,3552,-1288
121000961,168,124,44
121000962,542,1297,-755
121000973,1,545,-544
121000976,16,171,-155
121000979,386,116,270
121000981,298,204,94
121000982,262,398,-136
121000983,575,614,-39
121000984,37,65,-28
121000985,483,1407,-924
121000986,266,847,-581
121000987,319,2476,-2157
121000988,636,193,443
121001302,289,136,153
121001308,9,11,-2
121001309,160,62,98
121001313,182,419,-237
121001314,3575,4665,-1090
121001315,5252,2324,2928
121001326,383,524,-141
121900001,83,210,-127
121900002,68,23,45
121900003,312,10,302
121900004,156,433,-277
121900005,20,8,12
121900006,74,8,66
121900007,2667,2329,338
121900008,547,225,322
121900009,667,17,650
121900010,183,6,177
121900011,139,496,-357
121900012,5,1,4
121900013,1200,44,1156
121900014,1397,353,1044
121900015,148,229,-81
121900016,8,39,-31
121900017,305,717,-412
121900018,219,8,211
121900019,325,328,-3
121900020,32,3,29
121900021,813,7,806
121900022,174,180,-6
121900023,84,465,-381
121900024,498,183,315
121900025,414,502,-88
121900026,377,30,347
121900027,164,111,53
121900028,290,18,272
121900029,93,226,-133
121900030,620,585,35
121900031,1658,6605,-4947
121900032,60,77,-17
121900033,177,194,-17
121900034,388,101,287
121900035,2653,1643,1010
121900036,74,571,-497
121900037,138,713,-575
121900038,36,160,-124
121900039,298,33,265
121900040,29,80,-51
121900041,68,199,-131
121900042,236,115,121
121900043,1,8,-7
121900044,287,76,211
121900046,264,288,-24
121900047,131,66,65
121900048,26,188,-162
121900050,23,32,-9
121900051,126,236,-110
121900052,88,37,51
121900053,321,304,17
121900054,564,927,-363
121900055,1,17,-16
121900058,253,300,-47
121900059,227,127,100
121900060,171,403,-232
121900061,225,130,95
121900062,102,89,13
121900063,891,332,559
121900064,171,804,-633
121900066,41,33,8
121900067,31,45,-14
121900069,187,151,36
121900070,203,142,61
121900071,168,282,-114
121900072,36,280,-244
121900073,232,258,-26
121900074,756,644,112
121900075,1015,417,598
121900076,339,664,-325
121900077,2,19,-17
121900078,44,56,-12
121900079,0,0,0
121900080,620,467,153
121900082,39,134,-95
121900084,5,208,-203
121900085,0,4,-4
121900086,21,50,-29
121900087,177,100,77
121900088,2015,3126,-1111
121900089,161,531,-370
121900090,3,99,-96
121900091,22,158,-136
121900092,71,120,-49
121900093,42,83,-41
121900094,23,17,6
121900095,163,130,33
121900096,1450,619,831
121900097,377,178,199
121900098,19,4,15
121900099,193,105,88
121900100,199,296,-97
121900101,131,124,7
121900102,6,108,-102
121900103,491,245,246
121900104,1069,388,681
121900105,211,136,75
121900106,6,8,-2
121900107,31,33,-2
121900108,0,12,-12
121900109,277,210,67
121900110,301,1575,-1274
121900111,818,125,693
121900112,87,126,-39
121900113,65,364,-299
121900114,24,65,-41
121900117,80,29,51
121900118,2533,450,2083
121900119,109,161,-52
121900120,22,1564,-1542
121900121,581,55,526
121900122,25,53,-28
121900123,240,437,-197
121900124,115,250,-135
121900125,1100,1161,-61
121900127,24,67,-43
121900128,70,128,-58
121900129,834,148,686
121900130,119,307,-188
121900131,218,96,122
121900132,41,118,-77
121900133,89,464,-375
121900134,37,138,-101
121900135,2550,316,2234
121900136,221,705,-484
121900137,50,363,-313
121900138,54,279,-225
121900139,538,655,-117
121900140,107,218,-111
121900141,57,12,45
121900142,116,138,-22
121900143,26,184,-158
121900144,170,361,-191
121900145,195,176,19
121900146,522,852,-330
121900147,62,298,-236
121900148,167,312,-145
121900149,353,815,-462
121900150,100,220,-120
121900151,52,248,-196
121900152,54,157,-103
121900153,78,565,-487
121900154,10,233,-223
121900155,2,137,-135
121900156,160,82,78
121900157,4,656,-652
121900158,62,99,-37
121900159,1,291,-290
121900160,42,270,-228
121900161,380,410,-30
121900162,129,133,-4
121900163,159,930,-771
121900164,421,272,149
121900165,240,225,15
121900166,182,273,-91
121900167,166,111,55
121900168,227,174,53
121900169,11,465,-454
121900170,2,179,-177
121900171,456,663,-207
121900172,359,328,31
121900173,959,240,719
121900174,31,47,-16
121900175,202,182,20
121900176,529,2505,-1976
121900177,160,74,86
121900178,36,93,-57
121900179,266,128,138
121900180,6249,3124,3125
121900182,1193,328,865
121900183,323,569,-246
121900184,22,625,-603
121900186,13,392,-379
121900187,24,136,-112
121900188,692,608,84
121900189,38,137,-99
121900190,351,589,-238
121900191,63,150,-87
121900192,365,850,-485
121900193,35,205,-170
121900194,5,191,-186
121900195,94,94,0
121900196,908,947,-39
121900197,386,2525,-2139
121900198,1166,1714,-548
121900199,5,34,-29
121900200,85,263,-178
121900201,1258,608,650
121900202,143,448,-305
121900203,209,1066,-857
121900204,1242,1071,171
121900205,19,94,-75
121900206,14,22,-8
121900207,171,39,132
121900208,450,349,101
121900209,45,26,19
121900210,1726,1414,312
121900211,231,805,-574
121900212,172,156,16
121900213,109,103,6
121900214,10,586,-576
121900215,28,59,-31
121900216,47,77,-30
121900217,200,120,80
121900218,326,543,-217
121900220,154,19,135
121900221,310,669,-359
121900222,128,210,-82
121900223,129,78,51
121900224,86,86,0
121900225,170,90,80
121900226,260,376,-116
121900227,143,428,-285
121900228,166,366,-200
121900230,105,159,-54
121900231,347,807,-460
121900232,234,386,-152
121900233,274,302,-28
121900234,255,464,-209
121900235,317,333,-16
121900236,233,178,55
121900237,152,239,-87
121900238,143,169,-26
121900239,90,37,53
121900240,142,142,0
121900241,21,47,-26
121900242,3,2,1
121900243,5,0,5
121900244,18,0,18
121900245,137,133,4
121900246,1912,456,1456
121900248,1690,1155,535
121900250,250,362,-112
121900251,376,42,334
121900252,514,154,360
121900253,193,1391,-1198
121900254,571,317,254
121900255,199,101,98
121900258,3285,2104,1181
121900259,331,565,-234
121900260,75,223,-148
121900261,157,531,-374
121900262,442,898,-456
121900263,108,427,-319
121900264,2366,1470,896
121900265,175,365,-190
121900266,196,213,-17
121900267,41,30,11
121900269,128,384,-256
121900270,7,183,-176
121900271,23,160,-137
121900273,596,1718,-1122
121900274,176,289,-113
121900277,329,1775,-1446
121900278,170,1116,-946
121900279,162,336,-174
121900280,235,370,-135
121900281,501,165,336
121900284,57,11,46
121900286,85,139,-54
121900287,11,17,-6
121900288,10,0,10
121900290,232,289,-57
121900291,519,787,-268
121900292,325,145,180
121900293,952,4163,-3211
121900294,244,4,240
121900295,58,330,-272
121900296,56,84,-28
121900298,451,547,-96
121900299,0,0,0
121900300,17,0,17
121900301,23,0,23
121900302,1,30,-29
121900303,470,430,40
121900304,0,11,-11
121900305,0,5,-5
121900306,68,4,64
121900307,20,22,-2
121900308,29,444,-415
121900309,9,332,-323
121900310,41,570,-529
121900311,251,29,222
121900312,151,25,126
121900313,279,18,261
121900314,3,50,-47
121900315,14,0,14
121900316,0,38,-38
121900317,7,0,7
121900318,5,11,-6
121900319,18,96,-78
121900320,105,141,-36
121900321,10,6,4
121900322,4,46,-42
121900323,45,15,30
121900324,11,57,-46
121900325,6,3,3
121900326,0,17,-17
121900327,3,95,-92
121900328,6,40,-34
121900329,1,354,-353
121900330,2,43,-41
121900331,94,14,80
121900332,67,29,38
121900333,25,4,21
121900334,249,83,166
122000001,2839,5108,-2269
122000002,6372,2333,4039
122000003,2462,2078,384
122000004,3727,2009,1718
122000005,3626,1402,2224
122000006,3438,655,2783
122000007,1890,2306,-416
122000008,7278,6948,330
122000009,694,478,216
122000010,2545,3729,-1184
122000011,3446,1607,1839
122000012,1862,1257,605
122000013,3809,1709,2100
122000014,1892,3542,-1650
122000015,2176,1267,909
122000016,705,1101,-396
122000017,1230,1270,-40
122000018,1643,1328,315
122000019,1121,1805,-684
122000020,173,235,-62
122000021,587,648,-61
122000022,1778,1933,-155
122000023,673,4017,-3344
122000024,1278,1066,212
122000025,2587,1674,913
122000026,2346,1055,1291
122000027,670,7177,-6507
122000028,1007,454,553
122000029,492,363,129
122000030,303,172,131
122000031,194,314,-120
122000032,2121,4850,-2729
122000033,1336,1069,267
122000034,856,717,139
122000035,371,1128,-757
122000036,555,634,-79
122000037,389,358,31
122000038,362,430,-68
122000039,757,567,190
122000040,394,578,-184
122000041,602,551,51
122000042,717,552,165
122000043,168,160,8
122000044,155,266,-111
122000045,1979,562,1417
122000046,1122,1282,-160
122000047,322,290,32
122000048,3422,6370,-2948
122000049,5849,2684,3165
122000050,2885,845,2040
122000051,611,463,148
122000052,692,286,406
122000053,209,540,-331
122000054,2875,2244,631
122000055,3134,3000,134
122000056,6608,4744,1864
122000057,4540,3634,906
122000058,5881,1291,4590
122000059,4626,1809,2817
122000060,1069,779,290
122000061,659,555,104
122000062,1696,355,1341
122000063,2072,615,1457
122000064,4661,3290,1371
122000065,7129,3161,3968
122000066,1523,1088,435
122000067,2509,1351,1158
122000068,1225,1864,-639
122000069,539,567,-28
122000070,709,5493,-4784
122000071,1066,2532,-1466
122000072,557,538,19
122000073,810,633,177
122000074,2256,1689,567
122000075,532,1838,-1306
122000076,2065,1227,838
122000077,1943,761,1182
122000078,3510,2638,872
122000079,3147,1092,2055
122000080,1997,502,1495
122000081,268,529,-261
122000082,1262,818,444
122000083,1439,5598,-4159
122000084,1155,897,258
122000085,281,2407,-2126
122000086,2583,6838,-4255
122000087,461,175,286
122000088,282,399,-117
122000089,7700,3938,3762
122000090,257,482,-225
122000091,371,66,305
122000092,202,9,193
122000093,2641,860,1781
122000094,9401,1727,7674
122000095,3806,3193,613
122000096,3201,2261,940
122000098,4036,1634,2402
122000099,4873,734,4139
122000100,1515,839,676
122000101,243,1318,-1075
122000102,1888,1209,679
122000103,1528,1519,9
122000104,345,238,107
122000105,344,277,67
122000106,533,580,-47
122000107,1059,627,432
122000108,361,979,-618
122000109,379,519,-140
122000110,350,579,-229
122000111,2832,1103,1729
122000112,946,1481,-535
122000113,777,846,-69
122000114,6423,1944,4479
122000115,1904,2858,-954
122000116,437,539,-102
122000117,1351,413,938
122000118,425,720,-295
122000119,3416,1964,1452
122000120,2653,3302,-649
122000121,3598,2625,973
122000122,958,1521,-563
122000123,2927,2067,860
122000124,1484,637,847
122000125,648,746,-98
122000126,831,1338,-507
122000127,1930,1288,642
122000128,781,1011,-230
122000129,430,979,-549
122000130,3010,854,2156
122000131,1260,827,433
122000132,779,607,172
122000133,1353,2308,-955
122000134,596,595,1
122000135,807,885,-78
122000136,488,432,56
122000137,1217,813,404
122000139,2473,3149,-676
122000140,2344,583,1761
122000141,5848,1398,4450
122000142,858,793,65
122000143,512,326,186
122000144,1530,1070,460
122000145,1884,599,1285
122000146,768,1006,-238
122000147,1137,502,635
122000148,3569,1351,2218
122000149,1907,1481,426
122000150,1119,992,127
122000151,266,350,-84
122000152,468,411,57
122000153,534,428,106
122000154,304,277,27
122000155,1352,2084,-732
122000156,1967,2102,-135
122000157,2208,1455,753
122000158,512,634,-122
122000159,1267,1972,-705
122000160,4608,1721,2887
122000161,978,827,151
122000162,2086,1693,393
122000163,352,81,271
122000164,32,92,-60
122000165,792,812,-20
122000166,1390,1572,-182
122000167,219,226,-7
122000168,221,682,-461
122000169,699,201,498
122000170,267,341,-74
122000171,34,78,-44
122000172,1870,2045,-175
122000173,1564,3155,-1591
122000174,3006,1003,2003
122000175,1637,385,1252
122000176,388,922,-534
122000177,1985,1776,209
122000178,3357,4056,-699
122000179,2116,3933,-1817
122000180,2014,1504,510
122000181,1932,3959,-2027
122000182,2097,1623,474
122000183,1895,1668,227
122000184,2631,2225,406
122000185,1312,1390,-78
122000186,661,1182,-521
122000187,2259,1532,727
122000188,546,264,282
122000189,332,452,-120
122000190,1428,1240,188
122000191,1421,724,697
122000192,927,405,522
122000193,418,795,-377
122000194,936,296,640
122000195,275,643,-368
122000196,899,699,200
122000197,521,862,-341
122000198,659,1296,-637
122000199,581,463,118
122000200,2179,878,1301
122000201,1358,1778,-420
122000202,1152,1296,-144
122000203,2521,1929,592
122000204,1394,2308,-914
122000205,1617,1568,49
122000206,2681,1068,1613
122000207,1458,1509,-51
122000208,2607,1965,642
122000209,3625,477,3148
122000210,2260,2501,-241
122000211,1634,1287,347
122000212,805,517,288
122000213,983,1432,-449
122000214,1930,2076,-146
122000215,2407,1789,618
122000217,2706,1653,1053
122000218,1031,69,962
122000219,1760,1138,622
122000220,407,885,-478
122000221,153,591,-438
122000222,619,148,471
122000223,1228,423,805
122000225,869,315,554
122000226,1477,2301,-824
122000227,487,3235,-2748
122000228,379,483,-104
122000229,33,566,-533
122000230,73,839,-766
122000231,303,1005,-702
122000232,507,1511,-1004
122000233,1,133,-132
122000234,215,286,-71
122000235,494,312,182
122000236,623,204,419
122000237,83,73,10
122000238,259,300,-41
122000239,458,102,356
122000240,939,361,578
122000241,917,668,249
122000242,342,161,181
122000243,161,106,55
122000244,48,669,-621
122000245,118,467,-349
122000246,165,224,-59
122000247,476,1158,-682
122000248,1748,2613,-865
122000249,501,719,-218
122000250,1440,935,505
122000251,284,331,-47
122000252,511,112,399
122000253,98,424,-326
122000254,208,82,126
122000255,717,2047,-1330
122000256,426,1858,-1432
122000257,145,513,-368
122000258,124,258,-134
122000259,22,948,-926
122000260,23,153,-130
122000261,7,372,-365
122000262,6,108,-102
122000263,111,130,-19
122000264,939,633,306
122000265,2721,1116,1605
122000266,5408,733,4675
122000267,60,124,-64
122000268,132,490,-358
122000269,1054,390,664
122000270,1423,166,1257
122000271,326,1507,-1181
122000272,289,1495,-1206
122000273,310,588,-278
122000274,106,208,-102
122000275,55,231,-176
122000276,459,728,-269
122000277,887,1412,-525
122000278,965,1142,-177
122000279,179,627,-448
122000280,1059,892,167
122000281,565,963,-398
122000282,170,119,51
122000283,324,66,258
122000284,110,117,-7
122000285,337,112,225
122000286,108,218,-110
122000287,723,1614,-891
122000288,325,325,0
122000291,1039,493,546
122000293,533,351,182
122000294,105,276,-171
122000295,1725,281,1444
122000296,64,601,-537
122000297,3937,2791,1146
122000299,376,491,-115
122000300,630,744,-114
122000301,20411,3086,17325
122000302,1106,965,141
122000303,5647,1382,4265
122000304,26,241,-215
122000305,941,868,73
122000306,32,1233,-1201
122000307,110,172,-62
122000309,122,101,21
122000310,39,45,-6
122000311,188,138,50
122000312,184,75,109
122000313,84,61,23
122000314,191,291,-100
122000315,269,13,256
122000316,428,292,136
122000317,886,331,555
122000318,185,558,-373
122000319,313,892,-579
122000320,408,3901,-3493
122000321,105,454,-349
122000322,2912,5250,-2338
122000323,2032,2934,-902
122000324,1745,2019,-274
122000325,1294,1592,-298
122000326,44,168,-124
122000327,609,710,-101
122000328,1662,1105,557
122000330,2360,757,1603
122000332,316,224,92
122000333,13,338,-325
122000337,790,2336,-1546
122000338,331,570,-239
122000340,645,455,190
122000342,3996,1331,2665
122000343,605,2549,-1944
122000344,36,23,13
122000345,22,79,-57
122000346,270,703,-433
122000348,407,952,-545
122000349,136,942,-806
122000351,180,379,-199
122000352,337,111,226
122000353,79,224,-145
122000355,183,177,6
122000356,3180,873,2307
122000357,44,24,20
122000358,0,120,-120
122000359,0,29,-29
122000360,0,69,-69
122000362,17,135,-118
122000364,122,558,-436
122000365,5,30,-25
122000366,11,6,5
122000368,489,881,-392
122000370,28,90,-62
122000371,19,0,19
122000372,11,0,11
122000381,78,606,-528
122000382,77,414,-337
122000384,6204,2646,3558
122000385,65,0,65
122000386,1134,1040,94
122000387,764,785,-21
122000388,2915,527,2388
122000389,287,971,-684
122000390,678,321,357
122000391,519,208,311
122000392,227,371,-144
122000393,21,204,-183
122000394,454,387,67
122000395,146,306,-160
122000396,292,167,125
122000397,37,133,-96
122000398,17,53,-36
122000399,103,86,17
122000400,239,363,-124
122000401,108,115,-7
122000402,229,137,92
122000403,633,1581,-948
122000404,121,463,-342
122000408,1116,1732,-616
122000503,15,155,-140
122000524,214,109,105
122000544,54,3716,-3662
122000616,476,4,472
122000640,42,199,-157
122000641,84,618,-534
122000642,917,1656,-739
122000643,21,138,-117
122000644,286,56,230
122000645,91,348,-257
122000651,3200,844,2356
122000664,198,40,158
122000665,1047,654,393
122000666,736,1318,-582
122000673,21,641,-620
122000674,112,55,57
122000675,1732,1810,-78
122000686,324,1964,-1640
122000687,1298,447,851
122000688,121,1260,-1139
122000689,554,816,-262
122000690,747,879,-132
122000691,340,4027,-3687
122000692,1003,514,489
122000693,441,2706,-2265
122000695,177,731,-554
122000696,203,522,-319
122000698,228,1463,-1235
122000699,157,79,78
122000701,1105,501,604
122000702,634,3104,-2470
122000703,144,88,56
122000712,0,0,0
122000717,225,100,125
122000718,655,804,-149
122000719,40,71,-31
122000720,231,397,-166
122000724,273,463,-190
122900001,31,2,29
122900002,1515,3427,-1912
122900003,290,69,221
122900004,530,22,508
122900005,36,28,8
122900006,596,198,398
122900007,109,44,65
122900008,591,78,513
122900009,891,444,447
122900010,237,212,25
122900012,198,386,-188
122900014,128,368,-240
122900015,2679,481,2198
122900016,112,393,-281
122900017,621,964,-343
122900018,229,12,217
122900019,9,199,-190
122900020,491,423,68
122900021,54,786,-732
122900022,382,1052,-670
122900024,105,196,-91
122900025,10,183,-173
122900026,191,347,-156
122900027,119,1056,-937
122900028,129,185,-56
122900029,5493,2786,2707
122900030,2038,536,1502
122900031,134,143,-9
122900032,119,239,-120
122900033,207,204,3
122900034,4653,5737,-1084
122900035,73,20,53
122900036,47,306,-259
122900037,439,172,267
122900038,182,2413,-2231
122900039,90,568,-478
122900040,260,513,-253
122900041,196,206,-10
122900042,168,343,-175
122900043,436,352,84
122900044,103,436,-333
122900045,83,128,-45
122900046,97,124,-27
122900047,545,210,335
122900048,54,248,-194
122900049,2053,114,1939
122900051,157,130,27
122900052,55,184,-129
122900053,26,21,5
122900055,269,161,108
122900057,291,42,249
122900061,332,182,150
122900062,334,416,-82
122900063,124,485,-361
122900064,962,643,319
122900065,285,54,231
122900066,539,307,232
122900067,1898,878,1020
122900069,288,1189,-901
122900070,259,38,221
122900071,147,572,-425
122900072,4,458,-454
122900073,34,479,-445
122900074,246,1115,-869
122900075,1,134,-133
122900076,9,367,-358
122900077,0,250,-250
122900078,90,211,-121
122900080,94,24,70
122900081,160,210,-50
122900082,750,268,482
122900083,172,169,3
122900084,8,350,-342
122900086,7,37,-30
122900087,165,617,-452
122900088,61,109,-48
122900089,14,153,-139
122900090,9,1242,-1233
122900091,122,0,122
122900092,0,388,-388
122900093,1,504,-503
122900094,3,362,-359
122900095,128,6,122
122900096,186,512,-326
122900097,15,17,-2
122900098,108,138,-30
122900099,13,1,12
122900100,319,192,127
122900101,1177,277,900
122900102,35,5,30
122900103,74,7,67
122900104,61,9,52
122900105,6,6,0
122900106,6,132,-126
122900107,3,344,-341
122900108,8,390,-382
122900109,201,362,-161
123000001,2309,455,1854
123000002,7184,3327,3857
123000003,3820,3327,493
123000004,3646,5816,-2170
123000005,2846,3072,-226
123000006,3414,3898,-484
123000007,3523,2846,677
123000008,2989,4952,-1963
123000009,4448,3309,1139
123000010,4013,4668,-655
123000011,4741,971,3770
123000012,1390,3319,-1929
123000013,3588,1070,2518
123000014,1658,5045,-3387
123000015,5330,1036,4294
123000016,9129,3711,5418
123000017,3769,1383,2386
123000018,46,119,-73
123000019,118,361,-243
123000020,82,182,-100
123000021,55,163,-108
123000022,549,1506,-957
123000023,1282,1473,-191
123000024,1255,682,573
123000025,157,93,64
123000026,21,229,-208
123000027,304,409,-105
123000028,968,170,798
123000029,1054,431,623
123000030,199,806,-607
123000031,76,610,-534
123000032,220,407,-187
123000033,282,109,173
123000034,903,753,150
123000035,286,341,-55
123000036,287,738,-451
123000037,299,357,-58
123000038,114,262,-148
123000039,578,1020,-442
123000040,1459,373,1086
123000041,1650,678,972
123000042,1413,514,899
123000043,4537,5370,-833
123000044,6722,2509,4213
123000045,12689,2623,10066
123000046,956,978,-22
123000047,2210,1791,419
123000048,62,483,-421
123000049,8309,5411,2898
123000050,894,1444,-550
123000051,87,226,-139
123000052,628,3234,-2606
123000053,2250,4046,-1796
123000054,1073,1437,-364
123000055,1053,1450,-397
123000056,1536,2339,-803
123000057,20921,6628,14293
123000058,862,745,117
123000059,448,565,-117
123000060,685,413,272
123000061,172,1041,-869
123000063,730,853,-123
123000064,848,266,582
123000065,9737,4305,5432
123000066,1236,1224,12
123000067,533,663,-130
123000068,3524,5040,-1516
123000069,8352,5049,3303
123000070,278,1139,-861
123000071,645,1361,-716
123000072,1008,2287,-1279
123000073,804,1129,-325
123000074,979,3152,-2173
123000075,335,1098,-763
123000076,639,1649,-1010
123000077,2822,5219,-2397
123000078,1274,2103,-829
123000079,1174,2315,-1141
123000080,2113,3683,-1570
123000081,216,910,-694
123000082,500,1726,-1226
123000083,856,245,611
123000084,515,1343,-828
123000085,147,177,-30
123000086,256,668,-412
123000087,192,734,-542
123000088,1025,1594,-569
123000089,541,1831,-1290
123000090,1145,1672,-527
123000091,1753,1756,-3
123000092,1346,1489,-143
123000094,349,391,-42
123000095,456,671,-215
123000096,428,622,-194
123000097,321,1679,-1358
123000098,518,727,-209
123000099,512,1331,-819
123000100,484,658,-174
123000101,618,605,13
123000102,633,650,-17
123000104,324,395,-71
123000105,623,753,-130
123000106,497,446,51
123000107,372,840,-468
123000108,846,2122,-1276
123000111,606,354,252
123000112,621,854,-233
123000113,644,2705,-2061
123000114,617,596,21
123000115,268,387,-119
123000116,33,258,-225
123000117,1283,3161,-1878
123000118,349,1440,-1091
123000119,173,1724,-1551
123000120,381,1496,-1115
123000121,463,773,-310
123000122,408,314,94
123000123,452,798,-346
123000124,622,743,-121
123000125,1211,1057,154
123000126,1487,2668,-1181
123000127,1118,1202,-84
123000128,330,540,-210
123000129,404,309,95
123000130,352,69,283
123000131,645,681,-36
123000132,397,756,-359
123000133,359,536,-177
123000134,599,222,377
123000135,1400,1949,-549
123000136,191,1949,-1758
123000137,119,488,-369
123000138,95,600,-505
123000139,369,162,207
123000140,118,811,-693
123000141,764,145,619
123000142,1146,1210,-64
123000143,1522,3400,-1878
123000144,17,11,6
123000145,264,131,133
123000146,76,118,-42
123000147,157,155,2
123000149,337,429,-92
123000150,186,327,-141
123000151,271,419,-148
123000152,32,492,-460
123000153,170,536,-366
123000154,2378,1802,576
123000155,3392,969,2423
123000156,45,108,-63
123000157,691,948,-257
123000158,803,724,79
123000159,4298,2126,2172
123000160,651,571,80
123000161,1195,958,237
123000162,538,1628,-1090
123000163,219,56,163
123000164,982,336,646
123000165,341,2680,-2339
123000166,41,243,-202
123000167,112,345,-233
123000168,145,481,-336
123000169,471,121,350
123000170,57,621,-564
123000171,304,80,224
123000172,168,922,-754
123000173,472,216,256
123000174,887,309,578
123000175,1170,1540,-370
123000176,526,158,368
123000177,368,1373,-1005
123000178,697,160,537
123000179,34,1185,-1151
123000180,1118,396,722
123000181,398,1883,-1485
123000182,101,609,-508
123000183,147,340,-193
123000184,80,1136,-1056
123000185,397,586,-189
123000186,9,783,-774
123000187,334,6,328
123000188,133,1,132
123000189,197,248,-51
123000190,33,78,-45
123000192,19,434,-415
123000193,53,820,-767
123000194,622,400,222
123000195,208,16,192
123000196,267,24,243
123000197,36,139,-103
123000198,19,302,-283
123000199,7,716,-709
123000200,278,10,268
123000201,683,19,664
123000202,33,1527,-1494
123000203,707,58,649
123000204,75,1462,-1387
123000205,621,2592,-1971
123000206,1501,202,1299
123000207,142,1418,-1276
123000208,313,129,184
123000209,1561,431,1130
123000210,476,2407,-1931
123000211,499,3540,-3041
123000212,1777,363,1414
123000213,473,61,412
123000215,210,168,42
123000216,265,571,-306
123000217,170,37,133
123000218,64,408,-344
123000219,1500,64,1436
123000220,540,106,434
123000221,148,244,-96
123000222,289,713,-424
123000223,104,883,-779
123000224,407,959,-552
123000225,199,147,52
123000226,47,530,-483
123000227,67,501,-434
123000228,191,97,94
123000229,1425,2847,-1422
123000232,125,783,-658
123000233,571,214,357
123000234,180,854,-674
123000235,407,497,-90
123000236,214,1149,-935
123000237,276,69,207
123000238,82,907,-825
123000239,507,2746,-2239
123000240,49,433,-384
123000241,1185,168,1017
123000242,88,274,-186
123000243,669,1264,-595
123000244,906,680,226
123000245,120,207,-87
123000249,630,1070,-440
123000252,556,198,358
123000253,599,467,132
123000254,462,1437,-975
123000255,752,823,-71
123000256,64,263,-199
123000257,4574,2997,1577
123000258,985,1511,-526
123000259,190,566,-376
123000260,413,891,-478
123000261,135,299,-164
123000262,123,394,-271
123000263,310,150,160
123000264,161,76,85
123000265,71,280,-209
123000266,529,912,-383
123000267,318,412,-94
123000268,40,107,-67
123000269,45,45,0
123000270,28,38,-10
123000271,96,112,-16
123000272,866,312,554
123000273,188,463,-275
123000274,1035,584,451
123000275,238,1196,-958
123000278,4070,2924,1146
123000279,86,113,-27
123000280,328,415,-87
123000281,265,100,165
123000282,122,260,-138
123000283,83,57,26
123000284,58,171,-113
123000286,251,264,-13
123000287,572,337,235
123000288,925,611,314
123000289,571,697,-126
123000291,330,967,-637
123000294,346,313,33
123000295,826,841,-15
123000296,422,411,11
123000297,359,1610,-1251
123000298,363,1075,-712
123000299,63,434,-371
123000300,684,977,-293
123000301,96,299,-203
123000302,51,271,-220
123000303,87,80,7
123000305,1141,1085,56
123000306,62,371,-309
123000309,65,86,-21
123000310,52,29,23
123000311,1,195,-194
123000312,1425,1098,327
123000313,296,387,-91
123000315,46,577,-531
123000316,3131,162,2969
123000317,299,78,221
123000318,52,452,-400
123000329,9,25,-16
123000337,328,282,46
123000338,535,85,450
123000339,160,387,-227
123000340,148,538,-390
123000342,18,343,-325
123000343,131,2,129
123000344,1541,680,861
123000345,389,903,-514
123000346,309,106,203
123000352,2849,922,1927
123000353,43,291,-248
123000354,272,41,231
123000355,1,786,-785
123000356,151,4,147
123000357,0,415,-415
123000359,2,266,-264
123000360,212,48,164
123000361,896,308,588
123000362,236,213,23
123000363,60,274,-214
123000364,500,372,128
123000365,30,347,-317
123000366,338,1666,-1328
123000367,246,1507,-1261
123000370,23,538,-515
123000371,259,41,218
123000372,165,18,147
123000373,3,626,-623
123000374,8,325,-317
123000375,236,17,219
123000376,820,849,-29
123000377,222,32,190
123000378,10,724,-714
123000379,1,307,-306
123000380,61,257,-196
123000381,232,43,189
123000382,1424,78,1346
123000383,402,845,-443
123000384,478,115,363
123000385,324,1116,-792
123000436,92,954,-862
123000507,246,601,-355
123000508,279,493,-214
123000517,299,38,261
123000518,39,451,-412
123000519,136,90,46
123000520,87,421,-334
123000521,304,119,185
123000522,221,968,-747
123000541,5,0,5
123000542,0,41,-41
123000565,439,45,394
123000566,100,1353,-1253
123000567,180,399,-219
123000573,30,1333,-1303
123000574,362,82,280
123000575,1097,1824,-727
123000576,614,3842,-3228
123000577,76,955,-879
123000578,807,67,740
123000579,5515,3792,1723
123000580,66,18,48
123000582,259,32,227
123000583,13,714,-701
123000584,58,298,-240
123000585,0,133,-133
123000586,74,0,74
123000596,171,177,-6
123000597,69,151,-82
123000602,27,2,25
123000603,321,1248,-927
123000604,454,2091,-1637
123000605,1091,10,1081
123000606,0,266,-266
123000609,22,348,-326
123000610,148,112,36
123000613,56,272,-216
123000614,91,61,30
123000615,38,438,-400
123000616,210,83,127
123000617,91,662,-571
123000618,72,929,-857
123000619,465,34,431
123000620,5,811,-806
123000622,238,12,226
123000624,84,200,-116
123000630,651,404,247
123000631,298,3522,-3224
123000632,1488,1890,-402
123000633,1,541,-540
123000634,200,65,135
123000635,296,87,209
123000636,13,1095,-1082
123000637,132,91,41
123000638,372,276,96
123000639,1249,2359,-1110
123000640,33,1594,-1561
123000648,264,120,144
123000649,58,1059,-1001
123900001,1605,83,1522
123900002,17,1076,-1059
123900003,342,966,-624
123900005,238,151,87
123900006,251,56,195
124000001,1417,156,1261
124000002,117,3175,-3058
124000003,469,170,299
124000004,67,1036,-969
124000005,707,272,435
124000006,347,1757,-1410
124000007,826,70,756
124000008,31,535,-504
124000009,315,440,-125
124000010,109,618,-509
124000011,824,427,397
124000012,277,953,-676
124000017,116,93,23
124000018,78,101,-23
124000019,120,93,27
124000020,69,238,-169
124000021,84,65,19
124000022,91,262,-171
124000023,1293,1314,-21
124000024,1070,916,154
124000025,970,1463,-493
124000026,1370,1253,117
124000027,4472,4191,281
124000028,3269,4826,-1557
124000030,3391,1287,2104
124000031,1156,1529,-373
124000032,10461,1559,8902
124000033,841,523,318
124000034,4887,1650,3237
124000035,224,147,77
124000036,181,899,-718
124000037,280,675,-395
124000038,46,114,-68
124000039,892,313,579
124000040,675,823,-148
124000041,257,71,186
124000042,73,467,-394
124000043,95,103,-8
124000044,70,395,-325
124000045,441,740,-299
124000046,263,1203,-940
124000047,1083,1298,-215
124000048,781,3219,-2438
124000049,1068,807,261
124000050,662,3885,-3223
124000051,509,593,-84
124000052,601,2082,-1481
124000053,568,1173,-605
124000054,973,1015,-42
124000055,1124,1583,-459
124000056,6274,1943,4331
124000057,730,575,155
124000058,444,2085,-1641
124000059,393,786,-393
124000060,1213,1235,-22
124000061,1388,3756,-2368
124000062,11185,2255,8930
124000063,1571,2272,-701
124000064,2722,2197,525
124000065,800,367,433
124000066,507,75,432
124000067,82,310,-228
124000068,29,139,-110
124000069,528,424,104
124000070,163,702,-539
124000071,128,131,-3
124000072,184,685,-501
124000073,730,166,564
124000074,243,1188,-945
124000075,115,43,72
124000076,6,355,-349
124000077,2816,825,1991
124000078,1926,919,1007
124000079,703,1159,-456
124000080,256,130,126
124000081,177,1237,-1060
124000082,38,124,-86
124000083,61,263,-202
124000084,27,153,-126
124000085,53,66,-13
124000086,38,123,-85
124000087,99,61,38
124000088,114,607,-493
124000089,464,510,-46
124000090,150,424,-274
124000091,694,194,500
124000092,210,812,-602
124000093,77,107,-30
124000094,151,576,-425
124000095,68,88,-20
124000096,128,489,-361
124000097,111,126,-15
124000098,58,262,-204
124000099,166,118,48
124000100,67,109,-42
124000101,58,108,-50
124000102,98,141,-43
124000103,82,101,-19
124000104,94,153,-59
124000105,66,100,-34
124000106,172,171,1
124000107,11,156,-145
124000108,59,61,-2
124000109,87,102,-15
124000110,325,240,85
124000111,215,159,56
124000112,411,972,-561
124000113,66,115,-49
124000114,222,821,-599
124000115,420,1116,-696
124000116,85,93,-8
124000117,91,122,-31
124000118,32,66,-34
124000119,1032,776,256
124000120,527,836,-309
124000121,3436,1582,1854
124000122,939,1433,-494
124000123,1068,481,587
124000124,432,836,-404
124000125,327,336,-9
124000126,442,771,-329
124000127,714,577,137
124000128,683,1117,-434
124000129,1729,1330,399
124000130,1055,831,224
124000131,847,511,336
124000132,1057,1144,-87
124000133,838,839,-1
124000134,762,971,-209
124000135,1865,1582,283
124000136,1077,1347,-270
124000137,1089,636,453
124000138,1380,1474,-94
124000139,444,31,413
124000140,27,530,-503
124000141,441,160,281
124000142,87,863,-776
124000143,50,8,42
124000144,8,258,-250
124000145,56,26,30
124000146,10,142,-132
124000148,11,62,-51
124000149,834,340,494
124000150,423,776,-353
124000151,544,381,163
124000152,891,1735,-844
124000153,426,624,-198
124000154,348,1183,-835
124000155,1011,807,204
124000156,2040,1188,852
124000169,193,409,-216
124000170,915,528,387
124000171,212,298,-86
124000172,295,732,-437
124000173,319,420,-101
124000174,279,942,-663
124000175,3,148,-145
124000176,13,6,7
124000177,6,37,-31
124000178,27,44,-17
124000185,0,2,-2
124000186,0,0,0
124000187,0,0,0
124000188,0,0,0
124000190,290,48,242
124000191,1786,136,1650
124000192,2737,363,2374
124000193,612,1774,-1162
124000194,438,688,-250
124000195,305,689,-384
124000196,1002,1443,-441
124000197,34,93,-59
124000198,26,40,-14
124000201,289,1713,-1424
124000202,422,222,200
124000203,166,1792,-1626
124000204,387,1058,-671
124000205,31,1063,-1032
124000206,278,644,-366
124000207,0,62,-62
124000209,467,1102,-635
124000210,212,196,16
124000211,291,3,288
124000212,2,799,-797
124000213,175,654,-479
124000214,180,1531,-1351
124000215,168,9,159
124000216,3,848,-845
124000329,110,4580,-4470
124000338,67,2692,-2625
124000339,558,121,437
124000341,633,148,485
124000344,38,16,22
124000357,807,2482,-1675
124000358,545,1510,-965
124000359,721,684,37
124000360,461,484,-23
124000361,1642,837,805
124000362,1938,3292,-1354
124000363,270,605,-335
124000364,606,1216,-610
124000365,568,1291,-723
124000366,2521,866,1655
124000367,201,1425,-1224
124000368,490,277,213
124000369,192,99,93
124000370,141,1306,-1165
124000402,19,9,10
124000403,92,7,85
124000404,15,126,-111
124000405,1003,954,49
124000406,1257,1699,-442
124000407,7,60,-53
124000411,5,505,-500
124000412,181,17,164
124000413,417,71,346
124000414,34,136,-102
124000415,55,277,-222
124000416,131,528,-397
124000417,91,110,-19
124000418,110,122,-12
124000419,68,359,-291
124000420,47,87,-40
124000421,29,439,-410
124000422,17,15,2
124000423,86,51,35
124000424,5,246,-241
124000425,80,6,74
124000426,6,432,-426
124000427,56,8,48
124000428,36,34,2
124000429,53,98,-45
124000430,842,1092,-250
124000431,592,1286,-694
124000432,196,1403,-1207
124000439,4,31,-27
124000443,0,6,-6
124000445,585,1163,-578
124000446,4256,400,3856
124000447,13,111,-98
124000448,0,1,-1
124000449,0,0,0
124000450,48,452,-404
124000451,8,196,-188
124900001,330,252,78
124900002,123,606,-483
124900003,709,636,73
124900004,428,415,13
124900005,233,308,-75
124900006,441,455,-14
124900008,1289,597,692
124900009,130,194,-64
124900010,65,54,11
124900011,299,197,102
124900012,284,81,203
124900013,383,142,241
124900014,155,122,33
124900015,140,247,-107
124900016,61,66,-5
124900017,732,528,204
124900018,25,10,15
124900020,55,54,1
124900021,126,58,68
124900022,57,9,48
124900024,218,56,162
124900026,177,11,166
124900027,79,323,-244
124900028,894,187,707
124900029,15,428,-413
124900030,10,254,-244
124900031,39,480,-441
124900032,283,236,47
124900033,96,564,-468
124900034,9,141,-132
124900035,168,678,-510
124900036,0,35,-35
124900037,215,668,-453
124900038,292,555,-263
124900039,0,44,-44
124900040,70,104,-34
124900041,326,1806,-1480
124900042,71,1,70
124900043,474,1689,-1215
124900044,64,5,59
124900045,664,1171,-507
124900047,122,276,-154
124900048,169,270,-101
124900050,192,484,-292
124900052,160,395,-235
124900053,60,467,-407
124900054,5651,467,5184
124900055,1,149,-148
124900057,12,133,-121
124900060,65,431,-366
124900061,50,13,37
124900062,89,16,73
124900066,0,11,-11
124900067,14,411,-397
124900068,213,331,-118
124900070,41,26,15
124900072,68,38,30
124900075,153,250,-97
124900076,23,603,-580
124900077,31,158,-127
124900078,84,11,73
124900079,1080,107,973
124900080,303,1114,-811
124900081,679,245,434
124900082,431,1636,-1205
124900083,267,777,-510
124900085,1100,238,862
124900086,62,941,-879
124900087,749,100,649
124900088,669,111,558
124900089,2086,38,2048
124900090,207,288,-81
124900091,227,848,-621
124900092,279,650,-371
124900093,175,216,-41
124900094,241,311,-70
124900095,59,423,-364
124900096,597,214,383
124900097,226,85,141
124900098,105,527,-422
124900099,819,512,307
124900100,210,79,131
124900101,36,287,-251
124900102,161,49,112
124900103,165,523,-358
124900104,51,421,-370
124900105,106,305,-199
124900106,239,83,156
124900107,56,24,32
124900108,255,50,205
124900111,2,102,-100
124900112,90,1058,-968
124900113,128,234,-106
124900114,258,138,120
124900115,32,33,-1
124900116,158,116,42
124900117,1445,167,1278
124900118,191,162,29
124900119,296,97,199
124900120,48,588,-540
124900121,119,259,-140
124900122,784,265,519
124900123,415,81,334
124900124,166,295,-129
204000001,30,21,9
204000002,36,24,12
204000003,22,1,21
204000004,9,2,7
204000005,504,640,-136
204000006,1065,2036,-971
204000012,71,137,-66
204000019,544,589,-45
204000020,495,1183,-688
204000021,2585,1113,1472
204000022,481,571,-90
204000023,454,1445,-991
204000031,128,29,99
204000032,562,39,523
204000034,23,309,-286
204000035,0,1,-1
204000036,2,34,-32
204000037,1,26,-25
204000038,0,34,-34
204000039,4,95,-91
204000040,4,57,-53
204000041,8,64,-56
204000042,27,7,20
204000043,14,6,8
204000044,21,4,17
204000045,26,6,20
204000046,11,0,11
204000057,2,27,-25
204000062,20,281,-261
204000068,22,218,-196
204000069,27,283,-256
204000070,64,144,-80
204000080,48,71,-23
204000085,1459,2079,-620
204000086,3532,2716,816
204000087,50,26,24
204000088,13,121,-108
204000090,26,465,-439
204000093,141,184,-43
204000096,632,1128,-496
204000097,253,181,72
204000099,847,1454,-607
204000100,898,1493,-595
204000105,1888,2209,-321
204000110,812,1421,-609
204000111,372,985,-613
204000112,523,1242,-719
204000113,440,1288,-848
204000114,563,621,-58
204000115,423,517,-94
204000116,714,760,-46
204000119,1594,2541,-947
204000132,487,245,242
204000133,537,307,230
204000134,173,139,34
204000135,501,168,333
204000136,289,337,-48
204000138,259,329,-70
204000140,174,130,44
204000141,165,70,95
204000144,1,30,-29
204000145,499,38,461
204000146,22,594,-572
204000147,32,179,-147
204000148,338,58,280
204000154,5,1,4
204000155,8,8,0
204000177,60,114,-54
204000179,22,16,6
204000180,3,42,-39
204000222,2,8,-6
204000235,5,22,-17
204000236,51,432,-381
204000238,20,78,-58
204000240,302,87,215
204000263,600,1686,-1086
204000268,1113,884,229
204000308,232,43,189
204000317,9,77,-68
204000322,5,61,-56
204000323,57,32,25
204000328,266,269,-3
204000329,76,275,-199
204000330,283,272,11
204000331,85,180,-95
205000001,1159,1747,-588
205000013,13,67,-54
205000014,8,100,-92
205000015,23,203,-180
205000016,15,171,-156
205000017,19,113,-94
205000022,355,751,-396
205000025,2029,1244,785
205000029,181,8,173
205000045,118,313,-195
205000046,109,765,-656
205000047,48,663,-615
205000048,265,1482,-1217
205000049,172,982,-810
205000050,1657,343,1314
205000059,0,295,-295
205000060,0,100,-100
205000061,2,40,-38
205000062,3,57,-54
205000063,16,114,-98
205000064,16,137,-121
205000065,58,680,-622
205000066,89,1125,-1036
205000067,38,1339,-1301
205000069,192,37,155
205000082,158,425,-267
205000110,119,255,-136
205000111,218,325,-107
205000112,111,199,-88
205000113,174,321,-147
205000121,221,104,117
205000123,32,181,-149
205000126,528,204,324
205000127,677,273,404
205000128,538,160,378
205000129,656,171,485
205000130,866,48,818
205000131,593,12,581
205000132,762,3,759
205000133,426,2,424
205000134,181,1,180
205000137,69,116,-47
205000138,209,267,-58
205000139,29,128,-99
205000144,94,93,1
205000145,235,258,-23
205000151,203,44,159
205000152,144,77,67
205000153,144,110,34
205000154,65,105,-40
205000155,119,20,99
205000207,12,215,-203
205000233,79,60,19
205000234,1,1,0
205000243,1,0,1
205000244,0,4,-4
205000245,23,519,-496
205000249,0,47,-47
205000250,1,0,1
205000264,7,108,-101
206000027,15,2,13
206000028,7,1,6
206000043,7,168,-161
206000053,7,12,-5
206000054,7,51,-44
206000055,1,35,-34
206000075,5,8,-3
206000076,21,12,9
206000077,10,10,0
206000078,16,9,7
206000079,11,6,5
206000082,410,32,378
206000100,103,996,-893
206000103,0,0,0
206000104,6,21,-15
206000105,9,26,-17
206000106,9,34,-25
206000125,46,0,46
206000157,53,719,-666
206000170,2,205,-203
206000171,1,241,-240
206000172,7,1258,-1251
206000173,1,445,-444
206000174,7,194,-187
206000175,1,250,-249
206000176,17,404,-387
206000177,5,301,-296
206000178,5,250,-245
206000179,3,109,-106
206000180,17,393,-376
206000181,7,630,-623
206000182,21,516,-495
206000183,20,1713,-1693
206000184,8,560,-552
206000185,9,597,-588
206000186,79,2530,-2451
206000223,10,347,-337
206000226,15,7,8
206000227,13,2,11
206000237,31,764,-733
206000238,39,1107,-1068
206000239,846,3363,-2517
206000240,160,219,-59
206000241,1,262,-261
206000242,14,610,-596
206000243,9,625,-616
206000244,62,1470,-1408
206000245,385,42,343
206000246,43,11,32
206000247,99,20,79
206000248,221,25,196
206000252,61,30,31
206000258,38,196,-158
206000315,35,2,33
206000317,273,77,196
206000318,206,37,169
206000319,410,75,335
206000320,34,35,-1
206000321,57,11,46
206000322,177,9,168
206000323,75,2,73
206000324,54,8,46
206000325,122,13,109
206000326,134,9,125
206000327,243,14,229
206000328,91,2,89
206000329,57,7,50
206000330,28,13,15
206000331,34,2,32
206000332,12,2,10
206000333,222,0,222
206000334,147,1,146
206000335,0,27,-27
206000361,43,558,-515
206000392,5,57,-52
206000405,113,0,113
206000441,18,19,-1
206000498,45,18,27
206000515,118,23,95
206000530,98,48,50
206000531,147,121,26
206000532,4018,110,3908
206000535,438,3723,-3285
206000536,26,556,-530
206000537,16,264,-248
206000613,1174,147,1027
206000784,518,27,491
207000001,141,568,-427
207000002,119,425,-306
207000003,168,315,-147
207000007,554,263,291
207000008,47,8,39
207000009,49,36,13
207000010,454,945,-491
207000012,188,263,-75
207000015,355,2698,-2343
207000019,238,105,133
207000021,458,177,281
207000022,174,98,76
207000023,121,63,58
207000024,0,11,-11
207000025,28,71,-43
207000026,119,47,72
207000027,15,68,-53
207000028,143,240,-97
207000029,312,459,-147
207000033,319,365,-46
207000034,233,113,120
207000039,203,156,47
207000040,196,136,60
207000041,51,40,11
207000042,214,59,155
207000043,181,182,-1
207000051,120,390,-270
207000052,21,252,-231
207000053,411,940,-529
207000054,46,167,-121
207000055,131,267,-136
207000056,308,628,-320
207000057,111,400,-289
207000058,86,625,-539
207000059,85,1374,-1289
207000060,40,439,-399
207000061,157,242,-85
207000062,185,67,118
207000063,193,189,4
207000064,301,187,114
207000065,263,251,12
207000066,124,175,-51
207000067,54,132,-78
207000068,141,84,57
207000069,678,427,251
207000082,40,604,-564
207000083,82,569,-487
207000084,125,272,-147
207000085,157,17,140
207000086,130,7,123
207000106,26,28,-2
207000107,45,29,16
207000108,28,18,10
207000109,32,22,10
207000110,56,59,-3
207000111,43,64,-21
207000112,168,343,-175
207000114,17,52,-35
207000115,18,104,-86
207000116,19,418,-399
207000117,12,160,-148
207000118,11,127,-116
207000119,46,123,-77
207000123,189,29,160
207000124,42,17,25
207000125,69,39,30
207000126,75,61,14
207000134,62,419,-357
207000135,12,525,-513
207000148,24,189,-165
207000149,96,66,30
207000152,193,364,-171
207000153,971,1185,-214
207000154,472,188,284
207000159,105,388,-283
207000160,152,874,-722
207000238,1,135,-134
207000242,16,272,-256
207000248,39,30,9
207000249,199,50,149
207000250,880,58,822
207000251,140,79,61
207000252,70,100,-30
207000278,59,100,-41
207000279,20,313,-293
207000280,312,77,235
207000281,82,2132,-2050
207000282,242,95,147
207000283,191,487,-296
207000284,64,115,-51
207000285,227,88,139
207000291,8,152,-144
207000304,128,43,85
207000306,54,529,-475
207000310,46,91,-45
207000353,321,7,314
207000356,18,26,-8
207000357,33,7,26
207000358,6,20,-14
207000415,16,288,-272
207000417,28,1,27
207000418,123,176,-53
207000438,0,4,-4
207000439,1046,498,548
207000446,140,14,126
207000460,17,9,8
207000466,270,210,60
207000467,165,103,62
207000468,48,704,-656
207000476,4,86,-82
207000477,413,160,253
207000478,4,21,-17
207000523,0,28,-28
207000524,49,1,48
207000527,89,199,-110
207000530,248,18,230
207000531,233,18,215
207000532,53,7,46
207000534,675,45,630
207000535,75,321,-246
207000537,27,119,-92
207000540,8,222,-214
207000541,3,412,-409
207000548,6,385,-379
207000549,222,16,206
207000561,82,166,-84
207000562,51,238,-187
207000567,170,370,-200
207000568,105,150,-45
207000569,297,1515,-1218
207000584,380,192,188
207000585,56,346,-290
207000587,44,25,19
207000616,0,218,-218
207000617,124,0,124
207000624,73,45,28
207000631,1,65,-64
207900008,124,367,-243
208000001,460,865,-405
208000002,473,582,-109
208000003,847,775,72
208000004,1102,955,147
208000005,31,23,8
208000019,397,967,-570
208000020,198,489,-291
208000021,178,881,-703
208000022,748,998,-250
208000028,1661,977,684
208000033,441,1048,-607
208000034,1261,2557,-1296
208000037,540,66,474
208000040,86,190,-104
208000041,800,540,260
208000042,829,654,175
208000047,148,604,-456
208000064,2445,1792,653
208000066,1559,1547,12
208000070,305,439,-134
208000071,292,1105,-813
208000072,273,1628,-1355
208000080,204,453,-249
208000081,266,288,-22
208000082,269,433,-164
208000083,114,538,-424
208000084,13,14,-1
208000085,922,750,172
208000086,480,1051,-571
208000087,330,852,-522
208000089,730,1089,-359
208000090,664,1619,-955
208000093,111,171,-60
208000094,492,883,-391
208000095,579,594,-15
208000104,767,1231,-464
208000105,579,1350,-771
208000114,49,204,-155
208000115,420,448,-28
208000116,368,925,-557
208000117,94,140,-46
208000118,92,110,-18
208000155,594,1072,-478
208000158,1666,3767,-2101
208000186,3140,3392,-252
208000204,447,1328,-881
208000205,1139,2138,-999
208000282,4421,2384,2037
209000004,143,289,-146
209000005,31,25,6
209000006,683,142,541
209000007,439,273,166
209000010,521,160,361
209000011,216,257,-41
209000012,128,314,-186
209000013,209,872,-663
209000014,696,2382,-1686
209000025,210,40,170
209000026,584,89,495
209000027,401,1529,-1128
209000028,275,1310,-1035
209000029,801,1531,-730
209000030,595,2564,-1969
209000031,6204,3343,2861
209000034,183,241,-58
209000035,128,183,-55
209000036,200,173,27
209000037,186,293,-107
209000038,92,200,-108
209000039,57,227,-170
209000040,350,567,-217
209000041,177,516,-339
209000042,311,437,-126
209000043,793,825,-32
209000044,194,841,-647
209000045,1079,405,674
209000046,382,531,-149
209000047,317,221,96
209000048,460,221,239
209000049,58,174,-116
209000050,144,294,-150
209000051,300,677,-377
209000052,175,651,-476
209000062,49,237,-188
209000063,30,245,-215
209000064,30,228,-198
209000065,34,52,-18
209000066,27,59,-32
209000067,52,64,-12
209000080,56,254,-198
209000082,65,41,24
209000091,28,163,-135
209000093,110,63,47
209000094,229,247,-18
209000110,26,109,-83
209000111,347,1488,-1141
209000112,574,642,-68
209000113,1595,509,1086
209000114,255,438,-183
209000115,76,274,-198
209000116,1087,875,212
209000118,26,56,-30
209000119,52,22,30
209000121,156,897,-741
209000135,84,98,-14
209000142,644,1288,-644
209000143,158,117,41
209000144,84,102,-18
209000229,146,226,-80
209000240,30,609,-579
209000259,93,216,-123
209000260,73,1136,-1063
209000261,6,707,-701
209000262,4,686,-682
209000263,1,232,-231
209000264,1,68,-67
209000265,277,0,277
209000266,68,1,67
209000267,466,11,455
209000268,385,23,362
210000037,63,31,32
210000047,31,26,5
210000048,43,68,-25
210000049,47,61,-14
210000052,27,174,-147
210000053,14,146,-132
210000054,37,131,-94
210000070,86,2,84
210000071,56,1,55
210000072,17,0,17
210000073,0,42,-42
210000074,0,140,-140
210000075,2,67,-65
210000076,14,145,-131
210000077,58,44,14
210000078,63,35,28
210000079,92,19,73
210000080,206,48,158
210000081,133,19,114
210000082,38,4,34
210000083,93,0,93
210000084,25,1,24
210000085,1,130,-129
210000086,9,153,-144
210000099,35,289,-254
210000100,71,316,-245
210000101,106,365,-259
210000105,39,270,-231
210000159,0,180,-180
210000163,221,372,-151
210000164,306,120,186
210000168,227,18,209
210000187,0,41,-41
210000188,1,36,-35
210000214,15,0,15
210000219,15,102,-87
210000220,43,203,-160
210000232,7,26,-19
210000233,31,64,-33
210000234,20,176,-156
210000235,57,201,-144
210000245,2,156,-154
210000246,19,2,17
210000258,13,108,-95
210000259,278,29,249
210000282,99,240,-141
210000285,0,103,-103
210000286,21,148,-127
210000290,4,3,1
210000295,20,243,-223
210000296,51,149,-98
210000320,151,248,-97
210000321,107,105,2
210000338,99,175,-76
210000339,617,1155,-538
210000340,101,361,-260
210000341,142,308,-166
210000342,192,281,-89
210000343,126,281,-155
210000344,314,137,177
210000345,218,237,-19
210000346,72,108,-36
210000347,149,42,107
210000348,149,15,134
210000349,127,24,103
210000350,82,71,11
210000351,72,124,-52
210000352,37,130,-93
210000353,28,168,-140
210000354,67,140,-73
210000355,61,135,-74
210000356,79,70,9
210000357,78,77,1
210000358,576,166,410
210000359,248,54,194
210000360,151,147,4
210000361,138,205,-67
210000362,195,209,-14
210000363,958,175,783
210000364,89,137,-48
210000365,89,58,31
210000366,117,59,58
210000367,75,30,45
210000368,210,39,171
210000369,25,45,-20
210000370,70,95,-25
210000372,91,52,39
210000373,133,24,109
210000374,80,11,69
210000375,21,144,-123
210000376,93,224,-131
210000404,85,198,-113
210000439,43,90,-47
210000472,114,12,102
210000482,84,56,28
210000564,550,220,330
210000567,1,25,-24
210000568,661,1,660
211000092,24,104,-80
211000094,45,12,33
211000169,262,16,246
211000172,18,456,-438
211000209,2,37,-35
211000226,11,40,-29
211000270,27,16,11
211000275,31,39,-8
211000276,71,48,23
211000279,25,91,-66
211000281,18,99,-81
211000302,16,152,-136
211507980,1,45,-44
211977296,38,7,31
212000003,139,88,51
212000004,100,28,72
212000005,23,39,-16
212000006,21,190,-169
212000008,119,390,-271
212000009,35,321,-286
212000012,42,108,-66
212000013,10,61,-51
212000014,212,196,16
212000015,185,363,-178
212000016,381,814,-433
212000027,471,683,-212
212000028,269,567,-298
212000029,131,351,-220
212000030,23,31,-8
212000031,35,90,-55
212000048,25,104,-79
212000049,13,78,-65
212000050,18,5,13
212000051,145,351,-206
212000052,110,554,-444
212000053,296,788,-492
212000054,131,199,-68
212000055,176,405,-229
212000056,10,54,-44
212000057,10,36,-26
212000058,490,39,451
212000070,104,462,-358
212000077,117,1038,-921
212000099,185,358,-173
212000108,284,285,-1
212000111,149,168,-19
212000120,206,198,8
212000138,86,15,71
212000156,9,186,-177
212000158,8,13,-5
212000159,187,80,107
212000160,363,342,21
212000161,52,16,36
212000310,22,15,7
212000311,4,120,-116
212000374,14,6,8
213000001,31,947,-916
213000005,276,118,158
213000006,835,229,606
213000007,147,10,137
213000009,660,347,313
213000010,193,301,-108
213000011,204,124,80
213000012,179,353,-174
213000014,52,8,44
213000015,190,7,183
213000016,327,1,326
213000017,70,0,70
213000018,5,246,-241
213000019,1,261,-260
213000020,84,495,-411
213000021,4,177,-173
213000023,218,204,14
213000033,244,1340,-1096
213000034,683,407,276
213000035,112,250,-138
213000045,125,300,-175
213000046,214,280,-66
213000047,629,1016,-387
213000056,35,55,-20
213000069,91,2,89
213000073,1,31,-30
213000074,209,743,-534
213000075,430,11,419
213000076,36,2,34
213000085,6,28,-22
213000086,17,346,-329
213000091,75,19,56
213000092,62,16,46
213000099,211,1138,-927
213000100,1310,311,999
213000101,201,171,30
213000102,240,477,-237
213000103,649,1083,-434
213000104,48,792,-744
213000105,3,111,-108
213000106,20,284,-264
213000107,143,1027,-884
213000108,19,704,-685
213000109,6,369,-363
213000110,4,94,-90
213000111,14,76,-62
213000112,161,207,-46
213000115,34,8,26
213000116,117,1473,-1356
213000117,10,1878,-1868
213000118,267,430,-163
213000119,65,1268,-1203
213000120,118,1295,-1177
213000122,487,1069,-582
213000123,1141,1761,-620
213000124,80,1517,-1437
213000125,143,16,127
213000126,28,128,-100
213000127,174,203,-29
213000128,1153,969,184
213000129,525,519,6
213000130,198,267,-69
213000132,183,80,103
213000133,248,108,140
213000134,664,18,646
213000136,268,20,248
213000137,411,68,343
213000139,497,17,480
213000147,98,5,93
213000148,55,18,37
213000149,38,6,32
213000150,0,134,-134
213000151,3,116,-113
213000152,5,107,-102
213000153,0,76,-76
213000154,33,351,-318
213000155,57,503,-446
213000156,98,1220,-1122
213000157,1305,805,500
213000158,303,1025,-722
213000159,377,986,-609
213000163,352,74,278
213000165,459,191,268
213000171,0,164,-164
213000172,1,437,-436
213000173,3,369,-366
213000174,2,215,-213
213000175,6,137,-131
213000176,6,20,-14
213000177,30,7,23
213000178,53,4,49
213000179,106,0,106
213000180,70,0,70
213000184,77,787,-710
213000188,173,92,81
213000189,196,31,165
213000190,725,1250,-525
213000191,139,743,-604
213000192,133,893,-760
213000193,2991,261,2730
213000194,3,59,-56
213000195,20,752,-732
213000196,281,1163,-882
213000197,293,635,-342
213000198,63,3,60
213000200,114,1411,-1297
213000201,82,75,7
213000202,14,1382,-1368
213000203,4870,679,4191
213000204,530,103,427
213000205,140,123,17
213000206,281,62,219
213000207,202,17,185
213000208,125,2,123
213000209,205,5,200
213000210,384,3,381
213000211,10,12,-2
213000212,30,20,10
213000213,19,38,-19
213000218,196,1324,-1128
213000219,382,19,363
213000220,402,4,398
213000223,225,198,27
213000224,41,38,3
213000225,34,9,25
213000226,50,11,39
213000227,560,254,306
213000228,178,105,73
213000229,416,43,373
213000230,400,47,353
213000232,96,784,-688
213000233,13,38,-25
213000234,11,34,-23
213000293,16,76,-60
213000294,133,3,130
213000295,7,104,-97
213000296,77,37,40
213000297,9,149,-140
213000298,33,120,-87
213000299,71,45,26
213000300,14,7,7
213000303,7,46,-39
213000304,4,11,-7
213000305,2,6,-4
213000306,90,53,37
213000307,455,78,377
213000308,97,367,-270
213000309,143,60,83
213000310,147,67,80
213000311,262,1121,-859
213000315,49,242,-193
213000316,82,71,11
213000322,87,278,-191
213000323,58,175,-117
213000324,24,36,-12
213000325,9,102,-93
213000326,9,21,-12
213000327,3,58,-55
213000328,11,98,-87
213000329,40,68,-28
213000340,127,1463,-1336
213000341,210,87,123
213000346,178,153,25
213000347,833,281,552
213000348,5,220,-215
213000349,47,18,29
213000350,273,2206,-1933
213000366,57,629,-572
213000367,110,31,79
213000379,104,189,-85
213000386,23,278,-255
213000406,119,460,-341
213000417,987,424,563
213000425,96,68,28
213000426,64,157,-93
213000427,22,577,-555
213000428,42,348,-306
213000429,5,7,-2
213000430,92,1683,-1591
213000431,25,3,22
213000432,0,13,-13
213000433,11,218,-207
213000434,55,153,-98
213000435,42,148,-106
213000436,11,108,-97
213000437,1,12,-11
213000438,76,93,-17
213000439,78,11,67
213000440,4,264,-260
213000441,3,1,2
213000442,0,41,-41
213000443,342,785,-443
213000444,36,76,-40
213000445,0,180,-180
213000446,0,12,-12
213000447,12,58,-46
213000448,7,91,-84
213000449,197,1,196
213000450,24,43,-19
213000451,129,105,24
213000452,5,28,-23
213000453,68,550,-482
213000455,480,11,469
213000456,4,243,-239
213000481,23,12,11
213000482,45,2,43
213000489,500,62,438
213000491,1,133,-132
213000492,364,0,364
213000493,0,114,-114
213000494,138,161,-23
213000495,1,194,-193
213000496,202,328,-126
213000497,52,409,-357
213000498,66,237,-171
213000499,116,912,-796
213000500,289,114,175
213000501,91,38,53
213000502,223,103,120
213000503,1,61,-60
213000504,7,188,-181
213000505,6,17,-11
213000506,0,10,-10
213000507,4,161,-157
213900244,7,0,7
213900245,0,40,-40
218000003,30,20,10
218000004,34,24,10
218000005,15,48,-33
218000006,60,42,18
218000007,17,13,4
218000012,451,165,286
218000013,75,172,-97
218000014,365,479,-114
218000019,855,733,122
218000020,365,640,-275
218000021,7,40,-33
218000022,1,22,-21
218000023,0,10,-10
218000024,0,11,-11
218000025,0,7,-7
218000026,2,25,-23
218000027,0,6,-6
218000028,2,2,0
218000029,0,0,0
218000030,4,13,-9
218000031,1,16,-15
218000032,1,8,-7
218000040,5,5,0
218000046,35,185,-150
218000047,19,286,-267
218000048,74,401,-327
218000049,126,329,-203
218000050,312,538,-226
218000051,66,580,-514
218000052,1,231,-230
218000053,7,17,-10
218000054,16,45,-29
218000055,6,34,-28
218000056,21,33,-12
218000057,0,72,-72
218000064,1,7,-6
218000065,90,66,24
218000066,6,42,-36
218000067,42,176,-134
218000068,89,118,-29
218000069,160,281,-121
218000070,93,419,-326
218000071,147,301,-154
218000072,285,314,-29
218000078,647,1845,-1198
218000079,56,84,-28
218000080,75,105,-30
218000081,230,373,-143
218000082,47,165,-118
218000083,34,68,-34
218000084,64,244,-180
218000085,102,659,-557
218000086,45,232,-187
218000087,160,353,-193
218000090,10,62,-52
218000091,833,553,280
218000092,47,240,-193
218000093,79,110,-31
218000094,367,986,-619
218000099,216,557,-341
218000100,193,385,-192
218000101,155,176,-21
218000102,205,360,-155
218000103,51,187,-136
218000104,66,58,8
218000105,32,17,15
218000106,11,16,-5
218000107,43,102,-59
218000108,5,64,-59
218000112,88,30,58
218000117,20,45,-25
218000134,499,1236,-737
218000135,57,182,-125
218000136,321,93,228
218000137,187,144,43
218000138,10,111,-101
218000139,104,424,-320
218000140,234,274,-40
218000141,74,77,-3
218000142,104,123,-19
218000143,129,183,-54
218000144,72,79,-7
218000145,221,462,-241
218000146,36,209,-173
218000151,11,38,-27
218000152,96,60,36
218000153,2,3,-1
218000154,3,8,-5
218000155,5,4,1
218000156,31,27,4
218000157,13,15,-2
218000158,2,12,-10
218000159,4,6,-2
218000160,3,5,-2
218000161,5,9,-4
218000162,13,3,10
218000163,4,1,3
218000164,6,18,-12
218000165,14,20,-6
218000170,4,31,-27
218000171,51,14,37
218000172,13,12,1
218000173,55,20,35
218000174,36,5,31
218000176,121,51,70
218000177,240,198,42
218000178,72,216,-144
218000179,102,125,-23
218000180,56,21,35
218000181,118,75,43
218000187,4,13,-9
218000188,26,57,-31
218000189,6,91,-85
218000190,7,27,-20
218000191,75,110,-35
218000192,146,631,-485
218000193,296,758,-462
218000194,78,720,-642
218000195,108,84,24
218000196,234,377,-143
218000197,145,367,-222
218000198,9,193,-184
218000199,35,48,-13
218000200,84,68,16
218000201,18,12,6
218000202,368,232,136
218000207,11,128,-117
218000208,27,95,-68
218000211,46,24,22
218000212,0,1,-1
218000213,146,219,-73
218000214,2,45,-43
218000215,40,135,-95
218000217,4,230,-226
218000218,208,133,75
218000219,63,41,22
218000220,198,358,-160
218000221,1100,201,899
218000222,31,21,10
218000223,55,208,-153
218000224,8,103,-95
218000225,161,19,142
218000226,94,105,-11
218000230,1,6,-5
218000232,34,147,-113
218000239,188,15,173
218000240,19,2,17
218000241,56,3,53
218000242,67,1,66
218000243,74,1,73
218000244,40,2,38
218000245,9,3,6
218000246,4,1,3
218000247,0,1,-1
218000248,0,25,-25
218000249,2,1,1
218000250,8,33,-25
218000251,0,25,-25
218000252,6,26,-20
218000253,1,30,-29
218000254,2,15,-13
218000255,5,7,-2
218000256,7,69,-62
218000267,1413,1415,-2
218000268,16,71,-55
218000269,3,26,-23
218000270,47,85,-38
218000271,30,112,-82
218000273,16,25,-9
218000274,11,20,-9
218000275,9,35,-26
218000276,2,59,-57
218000278,32,34,-2
218000279,40,73,-33
218000280,11,68,-57
218000281,13,15,-2
218000282,676,332,344
218000284,212,46,166
218000301,63,122,-59
218000302,90,37,53
218000303,39,100,-61
218000316,585,1338,-753
218000317,613,1352,-739
218000318,362,1067,-705
218000319,779,2503,-1724
218000320,706,1099,-393
218000338,91,48,43
218000345,130,56,74
218000346,45,141,-96
218000459,88,459,-371
218000490,63,67,-4
218000501,80,43,37
218000502,38,137,-99
218000503,96,26,70
218000504,215,21,194
218000505,54,196,-142
218000506,34,301,-267
218000508,0,6,-6
218000510,201,17,184
218000520,111,115,-4
218000521,10,160,-150
218000522,0,186,-186
218000523,165,19,146
218000524,48,256,-208
218000525,81,17,64
218000526,23,111,-88
218000529,29,660,-631
218000530,7,5,2
218000531,7,22,-15
218000532,10,45,-35
218000534,60,28,32
218000537,65,68,-3
218000538,99,126,-27
218000540,324,59,265
218000543,75,65,10
218000544,36,190,-154
218000545,38,89,-51
218000546,45,139,-94
218000547,101,90,11
218000548,116,322,-206
218000549,289,197,92
218000550,264,705,-441
218000551,182,673,-491
218000552,514,45,469
218000553,38,146,-108
218000554,14,34,-20
218000555,62,46,16
218000556,124,577,-453
218000557,179,200,-21
218000558,88,2,86
218000559,0,45,-45
218000560,0,20,-20
218000561,25,0,25
218000562,36,232,-196
218000563,237,27,210
218000564,22,113,-91
218000565,193,33,160
218000566,283,48,235
218000567,8,78,-70
218000568,53,9,44
218000569,20,228,-208
218000570,233,10,223
218000571,1,156,-155
218000572,129,3,126
218000573,27,138,-111
218000574,160,54,106
218000575,73,1,72
218000576,0,76,-76
218000577,122,1,121
218000578,1,74,-73
218000579,43,1,42
218000581,18,77,-59
218000582,14,14,0
218000583,5,0,5
218000584,0,40,-40
218000585,23,1,22
218000586,4,47,-43
218000587,2,3,-1
218000588,5,3,2
218000589,1,2,-1
218000590,2,1,1
218000591,5,5,0
218000592,10,0,10
218000593,2,1,1
218000594,1,1,0
218000596,0,0,0
218000597,1,1,0
218000598,0,0,0
218000599,0,2,-2
218000600,0,3,-3
218000601,0,1,-1
218000602,0,8,-8
218000603,0,1,-1
218000604,5,0,5
218000605,0,37,-37
218000606,120,0,120
218000607,11,53,-42
218000608,59,15,44
218000609,1,56,-55
218000610,108,3,105
218000611,19,2,17
218000612,0,26,-26
218000613,20,0,20
218000614,0,46,-46
218000615,77,1,76
218000616,10,207,-197
218000617,24,1,23
218000618,0,23,-23
218000619,29,35,-6
218000620,4,23,-19
218000621,0,1,-1
218000622,0,8,-8
218000623,40,2,38
218000624,11,6,5
218000625,28,3,25
218000626,0,22,-22
218000628,87,34,53
218000631,40,17,23
218000632,0,128,-128
218000633,43,1,42
218000634,10,21,-11
218000635,14,7,7
218000636,756,2307,-1551
218000637,575,676,-101
218000638,99,115,-16
218000639,7,258,-251
218000640,115,36,79
218000641,36,402,-366
218000652,90,183,-93
218000653,120,95,25
218000663,11,279,-268
218000675,65,96,-31
218000676,1,15,-14
218000677,5,7,-2
218000680,223,950,-727
218000681,326,149,177
218000691,106,765,-659
218000693,127,163,-36
218000703,0,19,-19
218000718,816,769,47
218000719,1232,245,987
218000720,23,138,-115
218000721,94,11,83
218000725,3,1,2
218001147,4,576,-572
218001214,18,26,-8
218001258,101,5,96
218001329,120,153,-33
218001330,134,169,-35
218001351,54,25,29
218001352,11,47,-36
218001353,25,6,19
218001354,14,13,1
218001355,38,665,-627
218001356,159,12,147
218001357,47,544,-497
218001358,127,13,114
218001361,110,23,87
218001362,1,562,-561
219000001,23,115,-92
219000002,64,123,-59
219000003,42,34,8
219000004,73,50,23
219000017,164,20,144
219000020,81,20,61
219000022,103,3,100
219000023,66,0,66
219000029,3,93,-90
219000034,45,17,28
219000039,27,39,-12
219000040,27,25,2
219000041,97,48,49
219000051,0,47,-47
219000052,0,7,-7
219000053,0,314,-314
219000054,8,184,-176
219000055,65,1,64
219000056,26,0,26
219000057,66,0,66
219000062,25,410,-385
219000063,67,9,58
219000064,2,111,-109
219000110,235,32,203
219000111,58,34,24
219000112,126,65,61
219000113,83,50,33
219000114,219,62,157
219000116,62,57,5
219000117,147,176,-29
219000118,122,112,10
219000123,656,135,521
219000124,74,75,-1
219000125,14,16,-2
219000126,102,131,-29
219000127,0,9,-9
219000128,16,151,-135
219000129,44,211,-167
219000130,695,1051,-356
219000131,531,860,-329
219000133,57,36,21
219000134,13,38,-25
219000135,18,82,-64
219000136,224,210,14
219000138,40,34,6
219000139,8,80,-72
219000140,30,3,27
219000141,7,151,-144
219000142,8,119,-111
219000143,10,143,-133
219000145,14,104,-90
219000146,4,78,-74
219000147,5,61,-56
219000148,4,64,-60
219000149,8,212,-204
219000150,4,145,-141
219000151,6,134,-128
219000157,134,105,29
219000158,151,307,-156
219000161,132,13,119
219000163,1624,479,1145
219000166,97,244,-147
219000167,66,312,-246
219000168,244,113,131
219000174,257,117,140
219000175,41,3,38
219000176,40,8,32
219000177,11,4,7
219000178,14,1,13
219000179,12,13,-1
219000180,22,27,-5
219000182,88,13,75
219000183,45,36,9
219000184,76,9,67
219000185,0,82,-82
219000186,61,45,16
219000187,16,191,-175
219000189,219,255,-36
219000190,166,380,-214
219000191,1321,1308,13
219000192,183,136,47
219000193,679,274,405
219000195,1,81,-80
219000196,2,194,-192
219000198,19,198,-179
219000199,145,235,-90
219000200,55,221,-166
219000201,112,270,-158
219000203,35,142,-107
219000204,90,201,-111
219000205,62,202,-140
219000207,155,309,-154
219000209,33,103,-70
219000210,72,128,-56
219000213,8,598,-590
219000239,162,317,-155
219000240,192,442,-250
219000241,79,403,-324
219000242,43,294,-251
219000243,154,644,-490
219000244,32,177,-145
219000245,66,100,-34
219000246,84,23,61
219000247,105,30,75
219000248,384,249,135
219000249,96,54,42
219000250,89,107,-18
219000251,392,199,193
219000252,237,108,129
219000253,225,56,169
219000255,76,94,-18
219000256,136,93,43
219000257,93,0,93
219000262,79,313,-234
219000263,55,317,-262
219000267,1,268,-267
219000268,3,10,-7
219000269,3,2,1
219000270,5,0,5
219000271,110,4,106
219000278,0,14,-14
219000279,1,1,0
219000283,0,12,-12
219000295,13,136,-123
219000296,74,735,-661
219000297,11,225,-214
219000298,12,262,-250
219000299,330,118,212
219000300,21,329,-308
219000301,358,376,-18
219000302,35,201,-166
219000307,29,49,-20
219000308,39,30,9
219000311,141,43,98
219000312,408,53,355
219000313,208,48,160
219000314,72,625,-553
219000315,152,54,98
219000316,345,42,303
219000317,72,43,29
219000320,1,43,-42
219000321,0,17,-17
219000323,5,125,-120
219000325,0,56,-56
219000326,78,143,-65
219000327,41,31,10
219000328,26,49,-23
219000329,247,138,109
219000330,25,33,-8
219000331,50,41,9
219000332,47,88,-41
219000333,8,6,2
219000335,54,13,41
219000337,16,1,15
219000338,75,45,30
219000344,30,80,-50
219000345,58,128,-70
219000346,37,196,-159
219000348,145,318,-173
219000349,34,464,-430
219000350,36,122,-86
219000351,7,6,1
219000352,165,53,112
219000353,104,64,40
219000354,71,145,-74
219000355,101,44,57
219000356,1449,785,664
219000363,278,34,244
219000364,112,41,71
219000365,96,21,75
219000366,238,218,20
219000368,402,368,34
219000370,995,314,681
219000371,10,28,-18
219000382,10,21,-11
219000383,755,1047,-292
219000385,527,594,-67
219000386,1094,1937,-843
219000387,1,10,-9
219000390,9,9,0
219000391,3,0,3
219000397,49,86,-37
219000398,51,34,17
219000401,5,147,-142
219000402,19,128,-109
219000403,158,214,-56
219000404,24,85,-61
219000407,3,38,-35
219000409,30,43,-13
219000410,55,21,34
219000411,39,16,23
219000446,219,617,-398
219000447,2,25,-23
219000448,3,10,-7
219000452,104,40,64
219000453,85,171,-86
219000454,320,183,137
219000556,179,91,88
219000558,115,500,-385
219000590,28,238,-210
219000591,45,86,-41
219000592,115,501,-386
219000595,1,59,-58
219000635,66,63,3
219000636,38,122,-84
219000657,24,10,14
219000658,18,48,-30
219000673,0,9,-9
219000676,31,4,27
219000679,61,17,44
219000684,62,0,62
219000685,3,122,-119
219000686,1,3,-2
219000688,0,102,-102
219000689,40,307,-267
219000690,127,34,93
219000691,79,213,-134
219000692,145,43,102
219000693,0,24,-24
219000694,9,0,9
219000695,9,2,7
219000698,143,0,143
219000699,0,14,-14
219000727,1,327,-326
219000728,87,2,85
219000770,41,3,38
219000771,1,30,-29
219000788,198,274,-76
219001150,0,14,-14
219001151,0,4,-4
219001166,41,14,27
219001167,0,119,-119
219001178,31,0,31
220000001,52,56,-4
220000002,11,252,-241
220000003,505,344,161
220000004,569,760,-191
220000005,1370,1699,-329
220000006,166,1164,-998
220000007,272,855,-583
220000008,396,1598,-1202
220000009,227,780,-553
220000010,231,231,0
220000011,892,3218,-2326
220000012,165,435,-270
220000014,48,71,-23
220000015,58,294,-236
220000017,55,520,-465
220000018,8034,2644,5390
220000019,75,272,-197
220000020,395,303,92
220000021,476,182,294
220000022,420,599,-179
220000023,137,169,-32
220000024,1443,390,1053
220000025,736,697,39
220000026,224,137,87
220000027,12,95,-83
220000028,30,34,-4
220000029,76,267,-191
220000030,137,86,51
220000031,226,309,-83
220000064,39,1377,-1338
221000046,11,0,11
221000047,0,4,-4
221000048,0,4,-4
221000049,0,14,-14
221000050,11,0,11
221000055,51,70,-19
221000057,46,21,25
221000068,333,153,180
221000069,349,66,283
221000070,161,16,145
221000071,85,10,75
221000072,199,26,173
221000073,167,43,124
221000074,1,20,-19
221000075,17,21,-4
221000076,7,29,-22
221000077,36,103,-67
221000081,62,12,50
221000082,46,4,42
221000083,50,7,43
221000084,7,2,5
221000085,13,67,-54
221000086,11,185,-174
221000087,6,241,-235
221000088,28,224,-196
221000089,36,329,-293
221000090,133,592,-459
221000098,97,15,82
221000099,151,7,144
221000100,75,7,68
221000101,171,13,158
221000102,133,25,108
221000109,11,83,-72
221000110,9,108,-99
221000111,24,183,-159
221000112,5,188,-183
221000113,15,200,-185
221000114,7,191,-184
221000120,25,44,-19
221000121,1,27,-26
221000122,23,36,-13
221000123,32,51,-19
221000124,35,405,-370
221000155,61,15,46
221000156,33,23,10
221000175,3,7,-4
221000176,1,2,-1
221000182,47,6,41
221000241,624,279,345
221000242,243,508,-265
221000243,472,138,334
221000244,221,587,-366
221000245,81,118,-37
221000246,32,422,-390
221000247,118,166,-48
221000248,126,294,-168
221000267,49,1350,-1301
221000325,89,93,-4
221000331,4,152,-148
221000338,10,37,-27
221000378,120,34,86
221000381,87,170,-83
222000282,5,0,5
222000296,7,25,-18
222000568,295,12,283
222000569,136,20,116
222000570,111,10,101
222000571,354,17,337
222000577,4,405,-401
222000578,18,300,-282
222000579,31,181,-150
222000580,146,1131,-985
222000599,1,168,-167
222000600,4,391,-387
222000601,13,1084,-1071
222000603,10,49,-39
222000604,13,39,-26
222000605,22,13,9
222000606,2,2,0
222000607,3,9,-6
222000608,23,20,3
222000609,40,514,-474
222000616,153,57,96
222000617,18,17,1
222000618,8,7,1
222000620,90,16,74
222000621,49,6,43
222000623,476,7,469
222000624,271,3,268
222000625,332,32,300
222000636,67,1,66
222000686,24,6,18
222000687,26,34,-8
222001066,386,1,385
222001067,3,15,-12
222001068,28,156,-128
222001069,19,94,-75
222001082,2,58,-56
222001083,3,73,-70
222001084,0,32,-32
222001085,2,92,-90
222001111,9,267,-258
222001112,80,92,-12
222001313,39,5,34
222001314,10,80,-70
222001464,144,77,67
222001465,28,510,-482
222001484,55,66,-11
222001485,27,117,-90
222001494,214,161,53
222001495,103,774,-671
222001496,207,82,125
222001497,118,970,-852
222001502,12,114,-102
222001503,61,33,28
222001504,17,333,-316
222001505,250,23,227
222001506,35,283,-248
222001507,201,25,176
222001510,250,16,234
222001511,26,446,-420
222001514,463,111,352
222001515,206,921,-715
222001518,123,62,61
222001519,43,487,-444
222001527,160,76,84
222001528,55,237,-182
222001529,95,44,51
222001530,67,352,-285
222001533,141,474,-333
222001534,131,77,54
222001535,140,180,-40
222001536,63,636,-573
222001537,183,12,171
222001538,44,702,-658
222001563,323,119,204
222001564,26,1038,-1012
222001568,257,148,109
222001576,1,0,1
222001579,0,6,-6
222001583,14,340,-326
222001584,60,34,26
222001596,648,2449,-1801
222001597,1202,283,919
222001626,1,207,-206
222001650,49,85,-36
222001651,60,185,-125
222001914,120,51,69
222001915,87,353,-266
222001968,317,199,118
222001969,393,1572,-1179
222001970,124,455,-331
222001971,10,95,-85
222001972,1,22,-21
225000001,350,188,162
225000002,332,108,224
225000003,283,107,176
225000004,171,266,-95
225000005,37,82,-45
225000006,0,184,-184
225000007,4442,1330,3112
225000010,134,6,128
225000011,574,933,-359
225000012,183,516,-333
225000013,96,176,-80
225000014,611,66,545
225000015,93,288,-195
225000021,538,213,325
225000027,265,706,-441
225000032,481,185,296
225000042,79,890,-811
225000049,42,70,-28
225000050,44,20,24
225000053,3,270,-267
225000058,565,137,428
225000067,107,263,-156
225000068,65,714,-649
225000069,161,720,-559
225000070,58,762,-704
225000071,12,392,-380
225000075,33,1435,-1402
225000076,82,180,-98
225000078,70,38,32
225000085,37,93,-56
225000086,201,54,147
225000087,212,25,187
225000088,26,165,-139
225000089,303,880,-577
225000090,26,520,-494
225000091,121,289,-168
225000092,31,114,-83
225000093,177,530,-353
225000094,13,680,-667
225000095,294,772,-478
225000096,328,699,-371
225000098,482,195,287
225000099,199,125,74
225000100,140,98,42
225000104,77,541,-464
225000110,5,661,-656
225000111,216,1477,-1261
225000112,433,1275,-842
225000113,130,780,-650
225000114,45,386,-341
225000115,3718,682,3036
225000116,849,128,721
225000117,923,298,625
225000118,691,293,398
225000119,146,136,10
225000120,432,55,377
225000121,193,29,164
225000123,1311,22,1289
225000125,270,388,-118
225000126,1388,210,1178
225000127,998,653,345
225000128,416,496,-80
225000132,233,23,210
225000133,261,20,241
225000134,482,101,381
225000135,24,8,16
225000136,186,14,172
225000137,143,97,46
225000138,401,37,364
225000143,141,151,-10
225000144,4,328,-324
225000145,30,56,-26
225000146,42,163,-121
225000147,22,464,-442
225000148,9,324,-315
225000149,70,601,-531
225000151,26,335,-309
225000155,319,583,-264
225000156,334,819,-485
225000157,210,417,-207
225000158,104,457,-353
225000171,2,180,-178
225000180,46,0,46
225000181,0,51,-51
225000182,97,10,87
225000185,9,524,-515
225000187,46,651,-605
225000191,79,2,77
225000194,0,19,-19
225000208,3,48,-45
225000209,97,27,70
225000210,4,349,-345
225000217,1,42,-41
225000218,15,1,14
225000223,0,162,-162
225000224,442,0,442
225000225,2,66,-64
225000226,125,0,125
225000227,46,77,-31
225000228,16,10,6
225000229,0,101,-101
225000230,8,0,8
225000231,2,150,-148
225000232,82,0,82
225000241,95,0,95
225000242,3,72,-69
225000249,8,0,8
225000250,44,1115,-1071
225000251,322,35,287
226000042,668,589,79
226000043,79,319,-240
226000044,152,984,-832
226000045,75,628,-553
226000046,415,41,374
226000047,214,91,123
226000048,308,83,225
226000049,200,149,51
226000070,1,92,-91
226000071,1,103,-102
226000072,0,29,-29
226000073,0,20,-20
226000074,0,7,-7
226000084,1,95,-94
226000085,8,57,-49
226000086,2,12,-10
226000087,0,15,-15
226000088,19,13,6
226000090,39,51,-12
226000091,11,5,6
226000092,0,1,-1
226000093,25,0,25
226000094,25,3,22
226000095,32,6,26
226000105,5,0,5
226000106,6,0,6
226000107,2,0,2
226000108,18,0,18
226000109,94,0,94
226000124,141,62,79
226000134,273,481,-208
226000135,695,654,41
226000136,208,424,-216
226000137,9,874,-865
226000138,14,660,-646
226000139,3,28,-25
226000156,91,4,87
226000157,146,6,140
226000163,64,26,38
226000202,3,795,-792
226000231,222,3,219
226000232,12,6,6
227000033,238,79,159
227000036,166,38,128
227000037,161,47,114
227000038,140,30,110
227000049,0,13,-13
227000050,0,47,-47
227000055,26,1,25
227000056,27,2,25
227000084,2,80,-78
227000085,1,56,-55
227000088,77,6,71
227000089,70,5,65
227000090,60,1,59
227000091,13,4,9
227000093,121,0,121
227000094,13,1,12
227000130,44,72,-28
227000131,21,356,-335
227000132,18,332,-314
227000133,19,338,-319
227000134,13,481,-468
227000152,0,3,-3
227000153,0,30,-30
227000155,1,6,-5
227000156,1,19,-18
227000165,14,37,-23
227000196,122,656,-534
227000199,121,1150,-1029
227000230,32,1452,-1420
227000232,231,33,198
227000242,38,570,-532
227000243,237,71,166
227000245,19,524,-505
227000246,68,609,-541
227000247,212,105,107
227000248,319,47,272
227000249,18,320,-302
227000250,515,184,331
227000251,182,494,-312
227000252,16,496,-480
227000253,70,22,48
227000262,178,19,159
227000266,474,19,455
227000267,73,5352,-5279
227000282,7,634,-627
227000284,194,30,164
227000286,2,135,-133
227000287,7,189,-182
227000291,24,1350,-1326
227000484,228,15,213
227000485,31,1868,-1837
227000655,90,111,-21
227000656,426,54,372
227000657,25,38,-13
227000661,288,31,257
227000680,167,39,128
229000265,5,57,-52
229000296,4,15,-11
229000297,8,65,-57
229000298,13,170,-157
229000320,4,9,-5
229000321,21,13,8
229000412,24,57,-33
229000414,20,73,-53
229000415,6,7,-1
229000416,4,3,1
229000417,4,22,-18
229000419,86,294,-208
229000440,209,91,118
229000442,13,1,12
229000443,3,2,1
229000444,2,36,-34
229000445,34,22,12
229000446,55,30,25
229000491,1,20,-19
229000492,1,103,-102
229000493,0,55,-55
229000494,18,2,16
229000495,50,3,47
229000496,29,3,26
229000507,0,19,-19
229000508,0,20,-20
229000509,0,35,-35
229000510,0,8,-8
229000511,1,19,-18
229000512,0,20,-20
229000513,0,1,-1
229000514,0,0,0
229000517,0,1,-1
229000518,2,33,-31
229000519,0,5,-5
229000520,1,12,-11
229000521,15,17,-2
229000522,3,7,-4
229000523,6,5,1
229000524,2,2,0
229000527,0,0,0
229000528,0,0,0
229000529,4,0,4
229000530,15,1,14
229000531,3,0,3
229000532,8,1,7
229000533,24,0,24
229000534,19,1,18
229000564,9,0,9
229000565,0,0,0
229000566,0,7,-7
229000567,1,20,-19
229000582,38,1,37
229000583,2,2,0
229000584,0,9,-9
229000585,1,24,-23
229000718,0,1,-1
229000719,0,0,0
229000720,0,3,-3
229000721,0,10,-10
229000722,0,7,-7
229000723,0,5,-5
229000724,0,0,0
229000725,0,2,-2
229000738,0,0,0
229000739,0,0,0
229000740,1,0,1
229000741,1,0,1
229000742,0,0,0
229000743,4,0,4
229000744,1,0,1
229000745,0,0,0
229000746,4,0,4
229000847,25,0,25
229000848,7,0,7
229000849,84,1,83
229000851,32,0,32
229000854,2,96,-94
229000856,4,302,-298
229000857,0,66,-66
229000858,0,188,-188
229000919,12,153,-141
229000930,6,337,-331
229000937,57,10,47
229000966,30,16,14
229000981,20,117,-97
229000985,6,30,-24
229000986,0,2,-2
229000987,0,4,-4
229000988,5,5,0
229000989,8,7,1
229000990,0,0,0
229000991,1,2,-1
229000992,10,10,0
229000993,260,8,252
229000998,15,80,-65
229000999,63,22,41
229001034,1,16,-15
229001035,18,0,18
229001037,43,7,36
229001042,7,21,-14
229001047,6,71,-65
229001050,49,96,-47
229001168,0,7,-7
229001200,10,4,6
229001338,1,11,-10
229001394,168,4,164
229001422,60,10,50
229001423,48,198,-150
229001431,23,39,-16
229001432,46,95,-49
229001444,113,86,27
229001445,60,226,-166
229001479,2,0,2
229001503,179,95,84
229001504,108,409,-301
229001505,90,54,36
229001506,43,361,-318
229001509,32,41,-9
229001545,65,5,60
229001546,5,109,-104
229001553,22,12,10
229001554,22,157,-135
229001559,14,4,10
229001560,8,33,-25
229001630,56,8,48
229001631,9,59,-50
229001635,0,4,-4
229001636,2,0,2
229001658,0,127,-127
229001659,43,10,33
229001660,0,1,-1
229001661,0,14,-14
229001662,65,0,65
229001663,0,19,-19
229002584,163,207,-44
229002831,187,120,67
229002841,9,21,-12
229002842,3,10,-7
229002843,26,21,5
229002844,44,42,2
229002845,10,79,-69
229002846,28,13,15
229002847,1,9,-8
229002848,4,7,-3
229002849,2,62,-60
229002850,10,0,10
229002851,27,110,-83
229002852,84,30,54
229002853,90,30,60
229002854,17,69,-52
229002855,16,36,-20
229002856,10,17,-7
229002857,6,33,-27
229002858,3,8,-5
229002859,22,17,5
229002860,50,8,42
229002861,56,10,46
229002862,23,24,-1
229002863,30,24,6
229002864,5,30,-25
229002865,43,13,30
229002866,22,14,8
229002867,3,21,-18
229002868,23,6,17
229002869,4,144,-140
229002870,41,11,30
235000066,321,89,232
235000067,88,155,-67
235000072,14,67,-53
235000073,31,288,-257
235000074,14,85,-71
235000080,49,67,-18
235000081,45,224,-179
235000082,105,108,-3
235000083,126,144,-18
235000084,65,66,-1
235000085,65,68,-3
235000089,18,24,-6
235000092,14,178,-164
235000093,4,1,3
235000097,7,9,-2
235000098,65,9,56
235000099,25,30,-5
235000116,61,25,36
235000117,939,15,924
235000133,13,303,-290
235000134,6,162,-156
235000206,6,3,3
235000207,7,1,6
235000208,8,1,7
235000209,4,1,3
235000210,6,0,6
235000212,5,13,-8
235000213,0,13,-13
235000220,0,5,-5
235000221,32,9,23
235000238,10,27,-17
235000239,1,6,-5
235000242,272,286,-14
235000245,1121,174,947
235000246,11,68,-57
235000284,6,151,-145
235000295,124,7,117
235000305,190,21,169
235000306,96,9,87
235000307,10,1,9
235000308,29,1,28
235000309,46,0,46
235000310,17,0,17
235000311,49,6,43
235000322,0,24,-24
235000323,1,42,-41
235000324,0,18,-18
235000325,3,7,-4
235000326,8,367,-359
235000351,1,103,-102
235000352,20,59,-39
235000353,3,26,-23
235000354,9,55,-46
235000355,4,78,-74
235000356,61,26,35
235000357,15,9,6
235000358,54,9,45
235000359,5,7,-2
235000360,31,9,22
235000361,35,4,31
235000381,67,419,-352
235000382,65,73,-8
235000390,4,6,-2
235000391,59,13,46
235000392,64,209,-145
235000393,50,142,-92
235000395,56,25,31
235000396,229,71,158
235000400,135,105,30
235000401,90,202,-112
235000405,118,266,-148
235000406,39,304,-265
235000407,72,128,-56
235000409,216,186,30
235000410,39,280,-241
235000411,1,88,-87
235000485,0,4,-4
235000486,2,1,1
235000549,22,68,-46
235000550,62,183,-121
235000599,43,101,-58
235000600,21,24,-3
235000601,10,31,-21
235000602,45,127,-82
235000614,1,1,0
235000648,0,18,-18
235000649,12,4,8
235000685,0,5,-5
235000815,13,29,-16
235000834,0,6,-6
235000855,47,65,-18
235000862,22,289,-267
235000891,0,8,-8
235000892,16,3,13
235000901,50,118,-68
235000907,3,12,-9
235001010,31,67,-36
235001029,562,423,139
235001030,220,169,51
235001078,42,67,-25
235001079,71,124,-53
235001147,17,35,-18
235001166,17,85,-68
235001167,15,44,-29
235001169,19,360,-341
235001188,4,7,-3
235001189,2,7,-5
235001197,21,39,-18
235001200,37,38,-1
235001207,238,53,185
235001210,101,428,-327
235001215,37,324,-287
235001239,9,45,-36
235001244,0,10,-10
235016267,1,28,-27
277101746,0,0,0
277102712,22,12,10
277103813,1,0,1
277103814,0,0,0
277103898,0,0,0
277104249,0,8,-8
277104250,0,15,-15
277104251,0,13,-13
277104252,0,2,-2
990011530,0,273,-273
990014944,5,495,-490
990015176,10,6,4
990015618,0,85,-85
990016032,2,713,-711
990032570,3,105,-102
990070001,60,2,58
990070103,0,2,-2
990070601,0,68,-68
990070751,249,1,248
990070766,2,1113,-1111
990071180,920,248,672
990071343,31,1,30
990071387,0,10,-10
990071823,188,3,185
990072600,2,824,-822
990072964,1,565,-564
990073285,0,1,-1
990074393,3,1794,-1791
990074870,671,16,655
990075106,734,14,720
990075746,343,0,343
990076437,509,3,506
990076458,7,1813,-1806
997000007,238,5,233
997000041,1,111,-110
997000058,25,0,25
997000062,69,1,68
997000069,0,4,-4
997000070,1,249,-248
997000100,20,1,19
997000141,2,648,-646
997000198,436,1049,-613
998000475,0,11,-11
998000736,2,392,-390
998000965,0,7,-7
998001031,0,64,-64
998001700,0,41,-41
998001899,0,0,0
998001900,6,2,4
998003073,697,22,675
998101900,0,0,0
998102850,1,102,-101
998501927,756,394,362
998501929,61,2,59
998501930,92,0,92
998501931,173,59,114
998501932,6,0,6
998501933,45,2,43
998501937,28,1,27
998501944,0,0,0
998501950,0,8,-8
998501970,45,11,34
998501971,0,93,-93
998501973,0,133,-133
998501974,1,297,-296
998501975,295,47,248
998501976,112,0,112
998501977,0,18,-18
998501978,31,0,31
998501979,0,7,-7
998501980,264,29,235
998501981,19,30,-11
998501982,1,89,-88
998501983,0,1,-1
998502006,0,0,0
998502024,0,3,-3
998502032,0,4,-4
998502062,31,0,31
998502063,0,0,0
998502173,51,0,51
998502269,0,0,0
998502546,3,132,-129
998502578,2,3,-1
998502599,252,274,-22
998502621,0,1,-1
998601159,1,453,-452
998601292,0,35,-35
999033574,1,1730,-1729
999800001,25,0,25
999800002,0,2,-2
999800003,10,2,8
999800004,0,6,-6
999800005,0,4,-4
