ID,insum,outsum,diff
100000001,601,690,-89
100000002,2850,2005,845
100000003,3062,3458,-396
100000004,580,930,-350
100000005,1642,3313,-1671
100000006,427,171,256
100000007,1681,509,1172
100000008,112,331,-219
100000009,443,190,253
100000010,241,52,189
100000011,488,123,365
100000012,97,475,-378
100000013,37,173,-136
100000014,174,249,-75
100000015,1154,1765,-611
100000016,487,978,-491
100000017,369,595,-226
100000018,649,432,217
100000019,2193,1623,570
100000020,1058,4040,-2982
100000021,2682,1788,894
100000022,689,1739,-1050
100000023,2795,1317,1478
100000025,463,1108,-645
100000028,697,822,-125
100000029,86,413,-327
100000030,66,41,25
100000031,2035,4638,-2603
100000032,1083,2615,-1532
100000033,899,1965,-1066
100000034,128,617,-489
100000035,917,1089,-172
100000036,739,1223,-484
100000037,483,314,169
100000038,1738,660,1078
100000039,309,189,120
100000040,194,140,54
100000041,1066,419,647
100000042,757,324,433
100000043,483,412,71
100000044,258,415,-157
100000045,271,560,-289
100000046,379,467,-88
100000047,168,277,-109
100000048,195,229,-34
100000049,1032,884,148
100000051,400,582,-182
100000053,56,2,54
100000054,229,19,210
100000055,554,208,346
100000056,430,342,88
100000057,1604,464,1140
100000058,540,641,-101
100000059,61,122,-61
100000060,354,204,150
100000061,1826,353,1473
100000062,1519,394,1125
100000063,712,249,463
100000064,1014,275,739
100000065,195,612,-417
100000066,135,457,-322
100000067,282,458,-176
100000068,273,837,-564
100000069,220,709,-489
100000072,212,385,-173
100000073,665,685,-20
100000075,597,247,350
100000076,1155,2555,-1400
100000077,91,316,-225
100000078,29,29,0
100000079,24,38,-14
100000080,11,41,-30
100000081,83,181,-98
100000102,2340,2904,-564
100000103,1378,1091,287
100000104,1889,2089,-200
100000105,1251,1539,-288
100000106,1325,2372,-1047
100000107,225,988,-763
100000108,339,554,-215
100000109,933,868,65
100000116,596,729,-133
100000117,57,124,-67
100000118,718,974,-256
100000119,553,897,-344
100000121,216,402,-186
100000122,1252,765,487
100000123,1385,2321,-936
100000124,2897,3747,-850
100000125,2543,1368,1175
100000126,492,400,92
100000127,1219,447,772
100000128,1320,1644,-324
100000129,358,629,-271
100000130,354,276,78
100000131,1026,1591,-565
100000132,704,1739,-1035
100000133,1970,1504,466
100000135,568,1089,-521
100000139,254,384,-130
100000140,117,262,-145
100000142,426,454,-28
100000143,995,340,655
100000144,2235,728,1507
100000147,1004,2780,-1776
100000150,66,361,-295
100000151,592,1385,-793
100000153,221,440,-219
100000154,31,224,-193
100000155,20,44,-24
100000156,310,361,-51
100000157,207,139,68
100000158,212,157,55
100000159,346,625,-279
100000165,720,616,104
100000169,99,966,-867
100000174,273,662,-389
100000179,115,371,-256
100000180,747,1138,-391
100000181,255,137,118
100000188,54,115,-61
100000189,709,309,400
100000190,513,1084,-571
100000191,606,579,27
100000192,24,89,-65
100000193,225,160,65
100000330,603,776,-173
100000355,103,479,-376
100000362,2557,1496,1061
100000363,3773,3659,114
100000364,102,240,-138
100000365,4310,6970,-2660
100000366,2674,1864,810
100000367,3805,5321,-1516
100000368,2308,894,1414
100000369,434,1728,-1294
100000370,151,933,-782
100000376,85,157,-72
100000379,1272,1239,33
100000380,3446,3961,-515
100000384,3849,4913,-1064
100000385,1812,2954,-1142
100000386,4088,4953,-865
100000387,2790,4718,-1928
100000388,3083,5326,-2243
100000389,3754,5391,-1637
100000390,4903,5373,-470
100000391,3282,7139,-3857
100000392,1958,3472,-1514
100000393,1560,4262,-2702
100000394,4306,7067,-2761
100000395,2886,4555,-1669
100000396,4327,3192,1135
100000397,3021,6650,-3629
100000398,6682,5326,1356
100000413,17,6,11
100900002,9,13,-4
100900003,357,208,149
100900004,18,621,-603
100900005,68,36,32
100900006,26,61,-35
100900007,150,7,143
100900008,2,283,-281
100900009,60,155,-95
100900010,68,45,23
100900011,162,202,-40
100900012,1,142,-141
100900013,760,10,750
100900014,1,4,-3
100900015,45,51,-6
100900016,3,26,-23
100900017,646,73,573
100900018,0,10,-10
100900019,23,39,-16
100900020,344,10,334
100900021,365,2,363
100900022,7,29,-22
100900023,0,20,-20
100900024,302,4,298
100900025,7,9,-2
100900026,104,84,20
100900027,324,1868,-1544
100900028,129,225,-96
100900029,40,7,33
100900030,17,87,-70
100900031,621,23,598
100900032,274,4,270
100900033,155,198,-43
100900034,699,3,696
100900035,198,2,196
100900036,9,2,7
100900037,157,125,32
100900038,106,52,54
100900039,175,285,-110
100900040,464,358,106
100900041,622,399,223
100900042,1354,1037,317
100900043,0,15,-15
100900044,1116,459,657
100900045,38,1,37
100900046,903,12,891
100900047,392,151,241
100900048,129,88,41
100900049,59,111,-52
100900050,2,6,-4
100900051,9,45,-36
100900052,236,23,213
100900053,464,24,440
100900054,8,36,-28
100900055,120,636,-516
100900056,43,67,-24
100900057,886,1080,-194
100900058,166,69,97
100900059,69,6,63
100900060,171,3,168
100900061,289,137,152
100900062,10,17,-7
100900063,187,652,-465
100900064,493,10,483
100900065,55,123,-68
100900066,130,207,-77
100900067,2,9,-7
100900068,110,86,24
100900069,620,4,616
100900070,342,5,337
100900071,513,180,333
100900072,6,40,-34
100900073,98,211,-113
100900074,5,2,3
100900075,1191,237,954
100900076,7,17,-10
100900077,30,40,-10
100900078,57,232,-175
100900079,4,12,-8
100900080,52,105,-53
100900081,29,126,-97
100900082,192,369,-177
100900083,14,14,0
100900085,29,231,-202
100900086,107,492,-385
100900088,127,267,-140
100900089,5,10,-5
100900090,81,415,-334
100900091,1,10,-9
100900092,91,209,-118
100900093,275,220,55
100900094,160,210,-50
100900095,6,24,-18
100900096,53,79,-26
100900097,14,4,10
100900098,29,18,11
100900099,24,403,-379
100900100,9,448,-439
100900101,214,48,166
100900102,14,84,-70
100900103,4,13,-9
100900104,11,130,-119
100900105,15,432,-417
100900106,37,12,25
100900107,1111,629,482
100900108,6,14,-8
100900109,6,34,-28
100900110,2,14,-12
100900111,30,150,-120
100900112,10,11,-1
100900113,12,15,-3
100900114,3,10,-7
100900115,8,12,-4
100900116,561,398,163
100900117,233,838,-605
100900118,14,22,-8
100900119,15,11,4
100900120,15,6,9
100900121,173,351,-178
100900122,89,113,-24
100900123,71,136,-65
100900124,3,15,-12
100900125,8,56,-48
100900126,182,85,97
100900127,2,12,-10
100900128,69,128,-59
100900129,0,177,-177
100900131,36,153,-117
100900133,43,26,17
100900134,0,4,-4
100900135,1,138,-137
100900137,321,158,163
100900138,258,363,-105
100900139,8,16,-8
100900140,6,281,-275
100900141,3,446,-443
100900142,1,11,-10
100900143,436,333,103
100900144,11,6,5
100900145,39,130,-91
100900146,11,39,-28
100900147,10,266,-256
100900148,37,376,-339
100900149,64,220,-156
100900150,0,15,-15
100900151,110,325,-215
100900152,90,2,88
100900153,0,108,-108
100900154,14,74,-60
100900155,5,6,-1
100900156,10,2,8
100900157,6,298,-292
100900159,5,41,-36
100900160,13,9,4
100900161,20,12,8
100900162,6,227,-221
100900163,129,135,-6
100900164,54,25,29
100900165,28,18,10
100900166,18,1,17
100900167,17,45,-28
100900168,20,123,-103
100900169,96,722,-626
100900170,8,0,8
100900171,8,350,-342
100900172,0,8,-8
100900173,12,185,-173
100900174,77,22,55
100900176,1321,152,1169
100900177,524,233,291
100900178,125,55,70
100900179,168,324,-156
100900180,2,8,-6
100900181,36,77,-41
100900182,33,29,4
100900184,13,108,-95
100900186,392,284,108
100900187,13,54,-41
100900188,23,6,17
100900189,1027,170,857
100900191,643,1042,-399
100900192,199,397,-198
100900195,144,99,45
100900197,5,20,-15
100900198,26,126,-100
100900199,1,14,-13
100900200,484,297,187
100900201,54,431,-377
100900202,31,1,30
100900203,0,74,-74
100900204,84,385,-301
100900205,132,484,-352
100900206,198,97,101
100900207,246,131,115
100900210,36,398,-362
100900211,315,137,178
100900213,100,45,55
100900214,432,100,332
100900215,10,25,-15
100900217,74,94,-20
101000001,1738,1623,115
101000002,4384,4510,-126
101000003,281,748,-467
101000004,6160,7207,-1047
101000006,4332,4918,-586
101000007,1860,2735,-875
101000008,1672,1563,109
101000009,1604,663,941
101000010,682,544,138
101000011,893,370,523
101000012,607,618,-11
101000013,567,897,-330
101000014,278,372,-94
101000015,1063,649,414
101000016,261,333,-72
101000017,385,324,61
101000018,1634,1652,-18
101000020,1460,653,807
101000021,651,272,379
101000022,66,50,16
101000023,882,451,431
101000025,233,364,-131
101000026,197,18,179
101000027,1811,2230,-419
101000028,761,264,497
101000029,140,1130,-990
101000030,825,131,694
101000031,281,706,-425
101000032,3128,3220,-92
101000033,1616,2655,-1039
101000034,1213,1366,-153
101000035,489,255,234
101000036,1255,914,341
101000037,1432,1580,-148
101000039,1340,2383,-1043
101000040,1925,3788,-1863
101000041,3224,5926,-2702
101000042,234,782,-548
101000043,3065,5948,-2883
101000045,676,939,-263
101000046,1321,1372,-51
101000047,1069,2877,-1808
101000048,421,320,101
101000049,486,1531,-1045
101000050,826,1496,-670
101000051,839,1919,-1080
101000052,1011,835,176
101000053,586,878,-292
101000054,1212,685,527
101000055,836,1122,-286
101000056,43,108,-65
101000057,1010,1091,-81
101000058,618,1018,-400
101000059,1512,1776,-264
101000060,1407,605,802
101000061,465,1191,-726
101000062,378,680,-302
101000063,346,997,-651
101000064,835,962,-127
101000065,249,604,-355
101000066,520,984,-464
101000067,765,894,-129
101000068,153,428,-275
101000069,178,62,116
101000070,798,811,-13
101000071,1527,749,778
101000072,413,2125,-1712
101000073,626,908,-282
101000074,2793,3205,-412
101000075,2297,4033,-1736
101000077,1124,979,145
101000078,625,1249,-624
101000079,1140,521,619
101000080,869,640,229
101000081,1241,1401,-160
101000082,2001,2024,-23
101000083,2203,1937,266
101000084,987,613,374
101000085,1057,992,65
101000086,893,869,24
101000087,660,735,-75
101000088,1030,1038,-8
101000089,786,1304,-518
101000090,1460,852,608
101000091,307,412,-105
101000092,825,653,172
101000093,1168,605,563
101000094,749,668,81
101000095,474,352,122
101000096,376,374,2
101000097,374,318,56
101000098,362,368,-6
101000099,539,753,-214
101000100,659,659,0
101000101,214,293,-79
101000102,447,456,-9
101000103,489,431,58
101000104,262,562,-300
101000105,273,369,-96
101000106,456,1047,-591
101000107,226,277,-51
101000108,460,193,267
101000109,404,52,352
101000110,39,235,-196
101000111,106,132,-26
101000113,188,494,-306
101000114,3725,6493,-2768
101000115,97,73,24
101000116,25,53,-28
101000117,954,158,796
101000119,87,39,48
101000120,144,70,74
101000121,79,53,26
101000122,102,131,-29
101000123,41,111,-70
101000124,974,334,640
101000125,129,355,-226
101000128,203,469,-266
101000130,120,204,-84
101000131,865,414,451
101000132,640,438,202
101000135,25,38,-13
101000136,282,194,88
101000137,19,281,-262
101000141,737,2936,-2199
101000147,824,350,474
101000148,451,9,442
101000149,171,216,-45
101000150,88,401,-313
101000151,244,42,202
101000152,214,282,-68
101000153,441,176,265
101000154,270,578,-308
101000155,377,117,260
101000156,23,207,-184
101000157,39,30,9
101000160,73,29,44
101000163,170,359,-189
101000164,316,219,97
101000165,199,293,-94
101000166,189,203,-14
101000168,779,414,365
101000252,1812,824,988
101000254,94,90,4
101000258,45,14,31
101000261,153,31,122
101000262,1266,2027,-761
101000263,191,809,-618
101000265,86,519,-433
101000266,196,204,-8
101000269,17,17,0
101000290,589,1821,-1232
101000293,52,34,18
101000294,433,345,88
101000295,158,282,-124
101000301,327,439,-112
101000304,1719,1890,-171
101000305,2262,881,1381
101000328,82,293,-211
101900001,17,56,-39
101900002,0,12,-12
101900003,57,86,-29
101900004,0,67,-67
101900005,1952,2229,-277
101900006,951,50,901
101900007,494,130,364
101900008,34,135,-101
101900009,42,309,-267
101900010,619,579,40
101900011,139,658,-519
101900012,235,58,177
101900013,473,143,330
101900017,9,121,-112
101900018,751,206,545
101900019,252,107,145
101900020,61,30,31
101900021,0,51,-51
101900022,149,743,-594
101900023,72,105,-33
101900026,101,39,62
101900027,24,97,-73
102000001,2514,3581,-1067
102000002,1756,736,1020
102000003,1940,5802,-3862
102000004,2733,1948,785
102000005,924,1999,-1075
102000006,633,1410,-777
102000007,1122,3314,-2192
102000008,2212,1121,1091
102000009,4674,6230,-1556
102000010,3280,2194,1086
102000011,2750,2213,537
102000012,2341,2052,289
102000018,1999,2122,-123
102000019,1564,1246,318
102000026,168,415,-247
102000029,174,166,8
102000030,125,241,-116
102000031,84,114,-30
102000032,416,224,192
102000033,269,257,12
102000034,341,335,6
102000035,737,516,221
102000036,29,173,-144
102000037,117,42,75
102000038,120,242,-122
102000039,132,75,57
102000040,278,214,64
102000041,132,424,-292
102000042,165,271,-106
102000043,139,188,-49
102000044,303,363,-60
102000045,506,568,-62
102000046,832,503,329
102000047,520,632,-112
102000048,294,605,-311
102000049,845,699,146
102000050,664,844,-180
102000051,329,561,-232
102000052,867,541,326
102000053,626,735,-109
102000054,599,686,-87
102000055,1055,342,713
102000056,786,441,345
102000057,1106,397,709
102000058,769,688,81
102000059,1034,1017,17
102000060,729,733,-4
102000061,1284,1116,168
102000062,1380,666,714
102000063,853,971,-118
102000064,544,530,14
102000065,45,151,-106
102000066,712,493,219
102000067,1735,2124,-389
102000068,6349,2058,4291
102000069,76,1896,-1820
102000070,1026,35,991
102000071,5126,6641,-1515
102000072,1937,2754,-817
102000073,700,549,151
102000074,395,571,-176
102000075,83,166,-83
102000076,225,162,63
102000077,475,620,-145
102000078,779,363,416
102000079,93,143,-50
102000080,178,131,47
102000081,221,599,-378
102000082,656,271,385
102000083,528,168,360
102000084,332,205,127
102000085,1373,649,724
102000086,885,708,177
102000087,587,943,-356
102000088,246,222,24
102000089,1132,271,861
102000090,291,651,-360
102000091,981,400,581
102000092,210,406,-196
102000093,582,579,3
102000094,609,608,1
102000095,764,832,-68
102000096,335,706,-371
102000097,507,485,22
102000098,358,460,-102
102000099,595,812,-217
102000100,306,1086,-780
102000101,483,691,-208
102000102,249,898,-649
102000103,1098,286,812
102000104,429,225,204
102000105,242,437,-195
102000106,774,323,451
102000107,1293,335,958
102000108,673,127,546
102000109,531,417,114
102000110,919,549,370
102000111,4,223,-219
102000112,243,122,121
102000113,22,25,-3
102000114,564,291,273
102000115,211,294,-83
102000116,193,383,-190
102000117,124,461,-337
102000118,729,1085,-356
102000119,1053,848,205
102000120,201,339,-138
102000121,882,442,440
102000122,514,669,-155
102000123,865,769,96
102000124,961,880,81
102000125,589,685,-96
102000126,578,568,10
102000127,1017,520,497
102000128,588,683,-95
102000129,1269,523,746
102000130,649,578,71
102000131,954,464,490
102000132,325,617,-292
102000133,1928,1181,747
102000134,737,572,165
102000135,516,602,-86
102000136,701,513,188
102000137,508,738,-230
102000138,200,288,-88
102000139,80,302,-222
102000140,137,606,-469
102000141,147,243,-96
102000142,245,211,34
102000143,152,229,-77
102000144,374,232,142
102000145,361,294,67
102000146,373,234,139
102000147,413,339,74
102000148,178,501,-323
102000149,186,175,11
102000150,326,87,239
102000151,96,150,-54
102000152,177,129,48
102000153,894,533,361
102000154,265,416,-151
102000155,76,294,-218
102000156,237,144,93
102000157,88,372,-284
102000158,389,470,-81
102000159,605,591,14
102000161,1607,1527,80
102000162,103,115,-12
102000163,92,452,-360
102000164,457,767,-310
102000165,217,104,113
102000166,43,121,-78
102000167,185,169,16
102000168,241,110,131
102000169,60,369,-309
102000170,301,140,161
102000171,97,151,-54
102000172,92,284,-192
102000173,306,211,95
102000174,64,67,-3
102000175,84,53,31
102000176,58,13,45
102000178,175,216,-41
102000179,337,159,178
102000180,971,287,684
102000181,722,397,325
102000182,446,359,87
102000183,1517,1068,449
102000184,1768,469,1299
102000185,2517,913,1604
102000186,1202,996,206
102000187,698,901,-203
102000188,990,999,-9
102000189,1328,474,854
102000190,417,1819,-1402
102000191,1069,341,728
102000192,1113,1381,-268
102000193,63,91,-28
102000194,53,123,-70
102000195,380,270,110
102000196,209,199,10
102000197,659,178,481
102000198,180,375,-195
102000199,1107,185,922
102000200,225,579,-354
102000201,1031,278,753
102000202,28,77,-49
102000203,323,138,185
102000204,393,332,61
102000205,865,209,656
102000206,522,281,241
102000207,645,300,345
102000208,344,261,83
102000209,82,43,39
102000210,372,203,169
102000211,524,155,369
102000212,339,6,333
102000213,9,133,-124
102000214,342,14,328
102000215,7,206,-199
102000216,62,71,-9
102000217,10,67,-57
102000218,251,220,31
102000219,255,158,97
102000225,492,384,108
102000226,673,664,9
102000227,127,1,126
102000228,1,72,-71
102000229,35,68,-33
102000230,252,249,3
102000231,244,290,-46
102000232,44,124,-80
102000233,346,423,-77
102000234,93,735,-642
102000236,130,59,71
102000237,370,111,259
102000238,125,178,-53
102000240,387,577,-190
102000241,98,87,11
102000243,20,25,-5
102000245,16,85,-69
102000246,7,32,-25
102000247,344,499,-155
102000248,319,684,-365
102000249,88,74,14
102000250,46,253,-207
102000254,139,185,-46
102000266,11,318,-307
102000271,44,1,43
102000286,283,245,38
102000297,1418,700,718
102000299,0,0,0
102000301,0,0,0
102000305,0,0,0
102000307,0,7,-7
102900001,833,517,316
102900002,352,38,314
102900003,74,124,-50
102900005,426,172,254
102900006,453,80,373
102900007,381,27,354
102900008,196,31,165
102900009,432,231,201
102900010,341,641,-300
102900011,1103,285,818
102900012,322,70,252
102900013,42,53,-11
102900015,404,402,2
102900016,65,84,-19
102900017,156,347,-191
102900018,62,88,-26
102900019,299,222,77
102900020,107,23,84
102900021,40,94,-54
102900022,470,165,305
102900023,13,51,-38
102900024,45,21,24
102900025,192,66,126
102900026,213,1595,-1382
102900027,57,38,19
102900028,122,625,-503
102900029,152,144,8
102900030,480,284,196
102900031,210,69,141
102900032,106,53,53
102900033,60,126,-66
102900034,447,29,418
102900035,127,169,-42
102900036,308,209,99
102900037,355,243,112
102900038,468,263,205
102900039,20,443,-423
102900040,124,200,-76
102900041,86,130,-44
102900042,169,205,-36
102900043,153,116,37
102900044,424,1180,-756
102900045,125,336,-211
102900046,136,194,-58
102900047,104,390,-286
102900048,514,339,175
102900049,99,260,-161
102900050,201,202,-1
102900051,148,144,4
102900053,290,342,-52
102900054,297,819,-522
102900055,75,199,-124
102900056,105,274,-169
102900057,16,52,-36
102900058,261,61,200
102900059,30,59,-29
102900060,97,375,-278
102900061,166,247,-81
102900062,321,468,-147
102900063,1182,283,899
102900064,57,333,-276
102900065,710,215,495
102900066,272,12,260
102900068,81,85,-4
102900070,191,304,-113
102900072,38,55,-17
102900073,150,6,144
102900075,21,67,-46
102900076,75,101,-26
102900077,34,48,-14
102900078,28,46,-18
102900079,173,6,167
102900080,337,39,298
102900081,65,176,-111
102900082,2,168,-166
102900083,159,12,147
102900084,8,29,-21
102900085,335,133,202
102900086,14,59,-45
102900087,132,87,45
102900088,51,26,25
102900089,171,128,43
102900090,0,181,-181
102900091,160,1,159
102900092,380,449,-69
102900094,3,131,-128
102900095,128,3,125
102900096,60,9,51
102900097,234,302,-68
103000001,1680,1723,-43
103000002,1463,1735,-272
103000003,2260,1873,387
103000004,787,560,227
103000005,1462,2485,-1023
103000006,648,1268,-620
103000007,297,450,-153
103000008,733,426,307
103000009,1272,714,558
103000010,188,97,91
103000011,1153,849,304
103000012,1071,1169,-98
103000013,2067,1158,909
103000014,1053,2010,-957
103000015,947,471,476
103000016,529,1197,-668
103000017,151,293,-142
103000018,466,252,214
103000019,317,219,98
103000020,1446,931,515
103000021,1448,1502,-54
103000022,520,707,-187
103000023,614,1364,-750
103000024,63,115,-52
103000025,105,527,-422
103000026,640,76,564
103000027,250,397,-147
103000028,234,254,-20
103000029,138,220,-82
103000030,969,764,205
103000031,751,1379,-628
103000032,1587,1085,502
103000033,2174,2213,-39
103000034,920,836,84
103000035,289,970,-681
103000036,292,357,-65
103000037,414,413,1
103000038,339,685,-346
103000039,436,225,211
103000040,397,491,-94
103000041,1315,1130,185
103000042,1123,277,846
103000043,511,559,-48
103000044,212,88,124
103000046,298,367,-69
103000047,545,306,239
103000048,149,131,18
103000049,82,92,-10
103000050,594,244,350
103000051,467,394,73
103000052,615,197,418
103000053,159,366,-207
103000054,2162,1059,1103
103000055,1619,1517,102
103000056,613,762,-149
103000057,683,165,518
103000058,484,566,-82
103000059,478,519,-41
103000060,598,331,267
103000061,347,635,-288
103000062,760,361,399
103000063,724,705,19
103000064,119,123,-4
103000065,4,286,-282
103000066,194,12,182
103000069,337,215,122
103000070,847,423,424
103000071,1049,355,694
103000072,107,394,-287
103000073,562,109,453
103000074,476,122,354
103000075,102,370,-268
103000076,287,329,-42
103000077,14,222,-208
103000078,599,547,52
103000079,414,442,-28
103000080,434,326,108
103000081,342,868,-526
103000082,361,169,192
103000083,70,217,-147
103000084,99,9,90
103000085,6,79,-73
103000086,353,292,61
103000087,87,446,-359
103000088,147,250,-103
103000089,201,325,-124
103000090,1868,824,1044
103000091,515,407,108
103000092,194,165,29
103000093,267,325,-58
103000094,212,78,134
103000095,62,318,-256
103000096,513,46,467
103000097,83,642,-559
103000098,475,182,293
103000099,196,667,-471
103000100,142,474,-332
103000101,690,96,594
103000102,109,392,-283
103000103,567,148,419
103000104,39,102,-63
103000105,185,89,96
103000106,15,123,-108
103000107,170,38,132
103000108,830,543,287
103000109,313,337,-24
103000110,347,357,-10
103000111,304,248,56
103000112,234,193,41
103000113,311,386,-75
103000114,911,335,576
103000115,468,323,145
103000116,562,229,333
103000117,355,288,67
103000118,383,368,15
103000119,707,341,366
103000120,33,58,-25
103000121,192,267,-75
103000122,253,307,-54
103000125,19,114,-95
103000126,644,2,642
103000127,2,94,-92
103000128,173,1,172
103000129,1,86,-85
103000130,67,33,34
103000131,88,125,-37
103000132,85,191,-106
103000133,27,62,-35
103000134,258,697,-439
103000135,404,202,202
103000136,510,402,108
103000137,351,513,-162
103000138,438,496,-58
103000139,1,61,-60
103000140,122,25,97
103000141,32,94,-62
103000142,91,56,35
103000143,34,165,-131
103000144,107,39,68
103000145,25,89,-64
103000150,129,27,102
103000152,162,200,-38
103000153,180,117,63
103000156,6,195,-189
103000157,459,3,456
103000159,94,10,84
103000162,32,14,18
103000163,8,20,-12
103000164,6,11,-5
103000165,60,179,-119
103000166,161,246,-85
103000167,152,92,60
103000168,110,110,0
103000169,177,322,-145
103000170,742,227,515
103000171,53,74,-21
103000172,518,198,320
103000173,557,258,299
103000174,175,254,-79
103000175,319,128,191
103000176,731,588,143
103000177,320,290,30
103000178,163,216,-53
103000179,175,31,144
103000183,150,5,145
103000185,86,46,40
103000186,122,103,19
103000187,611,149,462
103000188,21,66,-45
103000189,652,531,121
103000191,295,332,-37
103000292,689,1478,-789
103000293,639,1822,-1183
103000295,37,106,-69
103000296,161,2,159
103000297,8,13,-5
103000504,40,13,27
103000505,5,16,-11
103000506,1,147,-146
103000507,201,0,201
103000508,41,50,-9
103000509,202,422,-220
103900001,3,89,-86
103900002,612,100,512
103900003,837,146,691
103900004,101,3,98
103900005,2,77,-75
103900006,39,0,39
103900007,174,4,170
103900008,8,1,7
103900009,294,408,-114
103900010,118,221,-103
103900011,367,98,269
103900012,8,15,-7
103900013,61,38,23
103900014,82,15,67
103900015,73,9,64
103900016,179,118,61
103900017,32,70,-38
103900018,485,139,346
103900019,60,382,-322
103900020,194,429,-235
103900021,249,58,191
103900022,872,500,372
103900023,157,1,156
103900024,49,226,-177
103900025,29,27,2
103900026,35,0,35
103900027,661,171,490
103900028,11,205,-194
103900029,1017,137,880
103900030,241,111,130
103900031,32,3,29
103900032,92,86,6
103900033,105,18,87
103900034,40,72,-32
103900035,26,27,-1
103900036,22,37,-15
103900037,56,45,11
103900038,92,209,-117
103900039,93,144,-51
103900040,23,111,-88
103900041,43,48,-5
103900042,63,189,-126
103900043,212,46,166
103900044,47,186,-139
103900045,285,127,158
103900047,99,25,74
103900048,22,16,6
103900049,144,662,-518
103900050,15,132,-117
103900051,2,36,-34
103900052,184,190,-6
103900053,222,289,-67
103900054,116,162,-46
103900055,402,170,232
103900056,45,38,7
103900057,50,71,-21
103900058,265,347,-82
103900059,0,28,-28
103900060,52,104,-52
103900061,172,35,137
103900062,316,106,210
103900063,7,0,7
103900064,140,2,138
103900065,621,281,340
103900066,184,21,163
103900067,172,16,156
103900068,2,0,2
103900069,77,20,57
103900070,101,119,-18
103900071,18,69,-51
103900072,23,116,-93
103900073,37,61,-24
103900074,96,59,37
103900075,247,35,212
103900076,509,269,240
103900077,32,94,-62
103900078,186,60,126
103900079,130,134,-4
103900080,16,34,-18
103900081,97,64,33
103900082,27,109,-82
103900083,693,1025,-332
103900084,25,81,-56
103900085,53,125,-72
103900086,711,266,445
103900088,279,516,-237
103900089,59,95,-36
103900090,7,95,-88
103900091,863,145,718
103900092,672,243,429
103900093,52,173,-121
103900094,14,71,-57
103900095,203,154,49
103900096,31,98,-67
103900097,2,268,-266
103900098,219,95,124
103900099,71,71,0
103900100,241,214,27
103900101,70,689,-619
103900102,0,14,-14
103900104,3,23,-20
103900105,81,139,-58
103900106,0,66,-66
103900107,130,125,5
103900108,68,178,-110
103900109,149,65,84
103900110,176,34,142
103900111,98,335,-237
103900112,32,51,-19
103900113,110,225,-115
103900114,258,211,47
103900115,231,165,66
103900116,2352,2593,-241
103900117,96,37,59
103900119,33,91,-58
103900120,97,69,28
103900122,121,161,-40
103900123,955,520,435
103900124,85,301,-216
103900125,112,57,55
103900126,553,268,285
103900127,158,250,-92
103900128,119,79,40
103900131,40,85,-45
103900133,728,23,705
103900134,0,13,-13
103900135,5,3,2
103900137,0,23,-23
103900138,134,143,-9
103900139,220,1694,-1474
103900140,9,253,-244
103900141,217,80,137
103900142,224,103,121
103900143,67,0,67
103900144,0,25,-25
103900145,129,132,-3
103900146,209,163,46
103900147,300,93,207
103900148,215,124,91
103900149,322,303,19
103900150,2973,3438,-465
103900151,25,80,-55
103900152,549,194,355
103900153,2,1,1
103900154,458,1501,-1043
103900155,50,148,-98
103900156,99,93,6
103900157,54,108,-54
103900158,124,61,63
103900159,181,35,146
103900160,46,41,5
103900161,90,145,-55
103900162,77,78,-1
103900163,5,358,-353
103900167,16,120,-104
103900168,98,36,62
103900169,30,46,-16
103900170,1,47,-46
103900171,0,37,-37
103900172,3,25,-22
103900173,6,19,-13
103900174,199,60,139
103900175,40,74,-34
103900176,5,60,-55
103900177,18,88,-70
103900178,60,61,-1
103900179,69,65,4
103900180,19,44,-25
103900181,56,23,33
103900182,37,11,26
103900184,357,121,236
103900185,91,419,-328
103900187,6,90,-84
103900188,58,34,24
103900189,133,8,125
103900190,61,39,22
103900191,22,50,-28
103900192,34,44,-10
103900193,91,116,-25
103900194,66,128,-62
103900195,10,106,-96
103900196,28,39,-11
103900197,7,18,-11
103900198,8,28,-20
103900199,114,56,58
103900200,151,55,96
103900201,115,99,16
103900202,14,31,-17
103900203,41,21,20
103900204,1,49,-48
103900207,0,38,-38
103900208,86,0,86
103900209,8,58,-50
103900210,59,25,34
103900211,587,187,400
103900212,117,175,-58
103900213,43,152,-109
103900214,190,177,13
103900215,158,293,-135
103900216,11,231,-220
103900217,294,38,256
103900218,1,191,-190
103900219,129,102,27
103900233,36,3,33
103900235,14,29,-15
103900236,5,9,-4
103900242,11,7,4
103900243,3,0,3
103900244,122,102,20
103900245,96,105,-9
103900246,30,38,-8
103900247,29,71,-42
103900248,6,44,-38
103900249,4,44,-40
103900250,25,38,-13
103900251,1,19,-18
103900253,9,75,-66
103900254,3,13,-10
103900255,5,8,-3
103900256,11,10,1
103900257,67,102,-35
103900258,3,7,-4
103900259,29,4,25
103900261,16,1,15
103900262,15,2,13
103900263,35,18,17
103900264,21,17,4
103900265,44,1,43
103900266,1,90,-89
103900267,8,65,-57
103900268,15,34,-19
103900269,118,17,101
103900270,53,78,-25
103900271,105,59,46
103900272,53,32,21
103900273,23,15,8
103900274,96,4,92
103900275,68,9,59
103900276,4,37,-33
103900277,7,50,-43
103900278,3,27,-24
103900279,3,35,-32
103900280,3,28,-25
104000001,1701,1338,363
104000002,1258,1476,-218
104000003,1560,1338,222
104000004,1838,1634,204
104000005,1159,1247,-88
104000006,2156,1591,565
104000007,2562,2789,-227
104000008,174,132,42
104000009,166,79,87
104000010,138,277,-139
104000011,312,169,143
104000012,95,199,-104
104000013,182,168,14
104000014,168,415,-247
104000015,236,113,123
104000016,448,238,210
104000018,689,124,565
104000019,561,180,381
104000020,74,291,-217
104000021,250,308,-58
104000022,119,227,-108
104000023,722,248,474
104000024,255,229,26
104000026,53,244,-191
104000027,206,141,65
104000028,288,155,133
104000029,301,204,97
104000030,249,146,103
104000031,1077,347,730
104000032,173,186,-13
104000033,551,479,72
104000034,268,177,91
104000035,827,265,562
104000036,695,363,332
104000037,290,123,167
104000038,469,199,270
104000039,200,125,75
104000040,160,235,-75
104000041,563,209,354
104000042,141,244,-103
104000043,141,218,-77
104000044,189,253,-64
104000045,706,545,161
104000046,707,920,-213
104000047,544,651,-107
104000048,681,720,-39
104000049,469,197,272
104000050,104,433,-329
104000051,125,368,-243
104000052,1319,1094,225
104000053,837,352,485
104000054,292,147,145
104000055,2161,1368,793
104000056,793,309,484
104000057,200,306,-106
104000058,587,580,7
104000059,359,672,-313
104000060,835,869,-34
104000061,841,592,249
104000062,511,123,388
104000064,358,217,141
104000065,138,538,-400
104000069,478,882,-404
104000070,60,386,-326
104000071,203,307,-104
104000072,552,181,371
104000075,54,178,-124
104000076,377,58,319
104000082,1741,2373,-632
104000083,654,144,510
104000084,86,399,-313
104000085,277,259,18
104000086,187,340,-153
104000087,335,1353,-1018
104000090,731,666,65
104000092,1046,1120,-74
104000094,659,759,-100
104000095,1399,950,449
104000096,1203,90,1113
104000097,1300,445,855
104000098,1928,482,1446
104000100,1302,374,928
104000101,797,825,-28
104000106,102,524,-422
104000107,465,235,230
104000108,178,277,-99
104000109,204,70,134
104000110,558,650,-92
104000111,1546,1589,-43
104000112,944,415,529
104000116,0,495,-495
104000117,162,329,-167
104000118,535,110,425
104000119,464,200,264
104000120,221,369,-148
104000121,170,508,-338
104000122,637,624,13
104000123,520,444,76
104000124,462,984,-522
104000125,1811,3260,-1449
104000126,269,256,13
104000127,897,1205,-308
104000128,409,241,168
104000129,337,23,314
104000130,7,163,-156
104000131,280,310,-30
104000132,292,305,-13
104000133,1265,601,664
104000134,634,1046,-412
104000135,379,1185,-806
104000136,524,2694,-2170
104000137,1191,263,928
104000138,535,229,306
104000139,2871,1864,1007
104000141,701,640,61
104000142,520,342,178
104000143,413,267,146
104000144,81,160,-79
104000145,362,176,186
104000146,194,405,-211
104000147,112,278,-166
104000148,310,145,165
104000149,148,162,-14
104000150,790,321,469
104000151,259,206,53
104000152,465,308,157
104000153,464,415,49
104000154,703,342,361
104000155,433,523,-90
104000157,695,760,-65
104000158,157,298,-141
104000159,676,337,339
104000160,1280,1494,-214
104000161,116,140,-24
104000162,46,101,-55
104000165,594,678,-84
104000167,575,885,-310
104000168,399,2,397
104000169,92,30,62
104000170,221,308,-87
104000248,252,345,-93
104000251,48,144,-96
104000272,0,0,0
104000273,0,0,0
104000274,0,0,0
104000275,0,0,0
104000279,495,286,209
104000290,57,166,-109
104000291,394,780,-386
104000293,643,564,79
104000294,52,0,52
104000295,373,520,-147
104000296,324,413,-89
104000297,413,1204,-791
104000298,1232,562,670
104000299,468,897,-429
104000302,86,76,10
104000303,133,101,32
104900001,121,219,-98
104900002,64,133,-69
104900003,70,197,-127
104900004,83,162,-79
104900005,254,222,32
104900006,322,69,253
104900007,225,134,91
104900009,121,187,-66
104900010,48,41,7
104900011,7,12,-5
104900012,180,25,155
104900013,99,16,83
104900014,1291,188,1103
104900015,64,6,58
104900016,175,115,60
104900017,113,124,-11
104900018,22,97,-75
104900019,162,2470,-2308
104900020,38,179,-141
104900021,1,104,-103
104900022,14,94,-80
104900023,1,40,-39
104900024,19,63,-44
104900025,54,106,-52
104900026,1,34,-33
104900027,381,229,152
104900028,30,53,-23
104900029,47,30,17
104900030,359,150,209
104900031,48,128,-80
104900032,39,64,-25
104900033,120,199,-79
104900034,325,129,196
104900035,357,188,169
104900036,196,62,134
104900037,117,118,-1
104900038,215,675,-460
104900039,412,359,53
104900040,377,73,304
104900041,195,129,66
104900042,154,109,45
104900043,18,154,-136
104900044,552,104,448
104900045,291,37,254
104900046,159,72,87
104900047,263,83,180
104900048,320,38,282
104900049,41,51,-10
104900050,209,58,151
104900051,219,28,191
104900052,75,1,74
104900053,308,63,245
104900054,170,12,158
104900055,120,1,119
104900056,182,28,154
104900057,44,1,43
104900058,361,184,177
104900059,180,153,27
104900060,0,195,-195
104900061,131,269,-138
104900063,15,103,-88
104900064,0,53,-53
104900065,0,134,-134
104900066,2,62,-60
104900067,1,204,-203
104900068,17,105,-88
104900070,118,214,-96
104900071,0,275,-275
104900072,27,164,-137
104900073,41,73,-32
104900074,30,126,-96
104900075,36,14,22
104900076,85,124,-39
104900077,343,217,126
104900078,131,232,-101
104900079,51,368,-317
104900080,120,306,-186
104900082,11,296,-285
104900085,0,137,-137
104900087,223,4,219
104900089,247,0,247
104900090,767,476,291
104900091,675,303,372
104900093,149,276,-127
104900097,1216,1411,-195
104900098,125,26,99
104900099,149,513,-364
104900100,197,137,60
104900102,42,68,-26
104900103,325,25,300
104900104,1339,1392,-53
104900106,113,70,43
104900107,92,96,-4
104900108,37,136,-99
104900109,77,101,-24
104900110,11,45,-34
104900111,140,58,82
104900112,231,310,-79
104900113,551,202,349
104900114,305,199,106
104900115,535,203,332
104900116,220,93,127
104900118,15,38,-23
104900119,2,44,-42
104900120,45,285,-240
104900121,0,42,-42
104900122,3,17,-14
104900123,76,18,58
104900124,47,0,47
104900125,286,3,283
104900126,36,31,5
104900127,20,53,-33
104900128,112,118,-6
104900129,654,1692,-1038
105000001,1966,1138,828
105000002,1680,1044,636
105000003,2226,2190,36
105000004,449,530,-81
105000005,707,780,-73
105000006,968,1166,-198
105000007,1067,1196,-129
105000008,1075,2592,-1517
105000009,2000,2366,-366
105000010,2108,1117,991
105000011,3081,1989,1092
105000012,2747,1713,1034
105000013,804,806,-2
105000014,1814,2071,-257
105000015,6755,11770,-5015
105000016,1387,1363,24
105000017,1135,589,546
105000018,812,1189,-377
105000019,725,665,60
105000020,143,387,-244
105000021,216,79,137
105000022,191,95,96
105000023,414,258,156
105000028,54,77,-23
105000029,530,1045,-515
105000030,2411,1626,785
105000031,2,19,-17
105000033,680,1048,-368
105000034,137,758,-621
105000037,562,151,411
105000038,1166,1280,-114
105000039,1401,985,416
105000040,690,855,-165
105000041,256,688,-432
105000042,1945,1294,651
105000043,1006,1256,-250
105000044,612,366,246
105000045,229,399,-170
105000046,914,249,665
105000047,413,705,-292
105000048,538,165,373
105000049,152,267,-115
105000050,591,308,283
105000051,110,222,-112
105000052,570,639,-69
105000053,86,84,2
105000054,373,596,-223
105000055,664,227,437
105000056,1141,1217,-76
105000057,963,435,528
105000058,913,728,185
105000059,653,485,168
105000060,325,463,-138
105000061,684,396,288
105000062,364,423,-59
105000063,279,291,-12
105000064,1228,558,670
105000065,294,345,-51
105000066,798,788,10
105000067,1144,632,512
105000068,294,543,-249
105000069,1060,1386,-326
105000070,394,677,-283
105000071,165,749,-584
105000072,851,2015,-1164
105000073,721,447,274
105000074,658,435,223
105000075,377,567,-190
105000076,846,603,243
105000077,1374,716,658
105000078,748,934,-186
105000079,872,2469,-1597
105000080,1242,1115,127
105000081,2550,1077,1473
105000082,677,1632,-955
105000083,3199,3208,-9
105000084,410,535,-125
105000085,1284,1776,-492
105000086,466,590,-124
105000087,1033,1202,-169
105000088,1013,1213,-200
105000089,1656,1360,296
105000090,741,512,229
105000091,856,931,-75
105000092,466,547,-81
105000093,259,266,-7
105000094,246,160,86
105000095,83,430,-347
105000096,1036,883,153
105000097,748,677,71
105000098,784,496,288
105000099,533,540,-7
105000100,1188,796,392
105000101,1593,1267,326
105000102,1171,1031,140
105000103,891,1363,-472
105000104,1793,687,1106
105000105,775,1294,-519
105000106,1154,1009,145
105000107,1235,616,619
105000108,1377,937,440
105000109,1455,1087,368
105000110,649,376,273
105000111,649,442,207
105000112,1017,400,617
105000113,391,563,-172
105000114,1610,900,710
105000115,304,962,-658
105000116,681,438,243
105000117,808,550,258
105000118,442,318,124
105000119,561,406,155
105000120,783,363,420
105000121,626,474,152
105000122,360,511,-151
105000123,842,680,162
105000124,1527,515,1012
105000125,643,1115,-472
105000126,1572,942,630
105000127,1989,1268,721
105000128,717,757,-40
105000129,668,622,46
105000130,263,2372,-2109
105000131,420,203,217
105000132,797,583,214
105000133,451,574,-123
105000134,704,437,267
105000135,362,335,27
105000136,147,184,-37
105000137,506,129,377
105000138,179,238,-59
105000139,689,583,106
105000140,396,373,23
105000141,367,332,35
105000142,194,339,-145
105000143,176,363,-187
105000144,220,480,-260
105000145,578,240,338
105000146,286,529,-243
105000147,605,217,388
105000148,825,469,356
105000149,1830,1461,369
105000150,1231,826,405
105000151,393,231,162
105000152,153,353,-200
105000153,492,431,61
105000154,467,292,175
105000155,277,662,-385
105000156,473,366,107
105000157,564,997,-433
105000158,1353,583,770
105000159,258,647,-389
105000160,1697,563,1134
105000161,509,549,-40
105000162,432,1349,-917
105000163,657,527,130
105000164,169,203,-34
105000165,455,4064,-3609
105000166,2810,836,1974
105000167,916,1315,-399
105000168,412,408,4
105000169,487,172,315
105000170,177,812,-635
105000171,818,145,673
105000172,118,41,77
105000173,206,26,180
105000174,73,29,44
105000175,63,55,8
105000176,396,76,320
105000177,315,155,160
105000178,176,218,-42
105000179,607,79,528
105000180,137,56,81
105000181,75,123,-48
105000182,57,46,11
105000183,1145,1572,-427
105000184,1078,695,383
105000185,871,831,40
105000186,384,506,-122
105000187,613,175,438
105000188,165,86,79
105000189,112,352,-240
105000190,256,225,31
105000191,276,261,15
105000192,291,48,243
105000193,74,83,-9
105000194,558,124,434
105000195,227,466,-239
105000196,93,327,-234
105000197,251,375,-124
105000198,390,210,180
105000199,208,620,-412
105000200,85,235,-150
105000201,75,24,51
105000203,17,119,-102
105000204,96,64,32
105000205,74,131,-57
105000207,277,184,93
105000208,135,381,-246
105000209,187,268,-81
105000211,305,10,295
105000212,1162,696,466
105000213,75,164,-89
105000214,172,153,19
105000215,348,107,241
105000216,180,187,-7
105000217,119,171,-52
105000218,1397,780,617
105000221,152,128,24
105000222,477,169,308
105000223,267,160,107
105000226,86,105,-19
105000227,61,86,-25
105000228,185,1652,-1467
105000229,117,366,-249
105000231,361,227,134
105000233,870,532,338
105000234,422,764,-342
105000235,290,425,-135
105000237,556,69,487
105000243,26,23,3
105000248,33,72,-39
105000262,346,658,-312
105000269,211,183,28
105000270,390,32,358
105000271,1,117,-116
105000282,49,23,26
105000287,296,63,233
105000288,545,339,206
105000289,1945,1577,368
105000290,15,9,6
105000402,2203,3096,-893
105000426,326,395,-69
105000438,2879,1246,1633
105000440,35,26,9
105000446,5544,3904,1640
105000447,3085,1691,1394
105000454,512,363,149
105000455,193,114,79
105000474,38,0,38
105000477,404,430,-26
105000478,1469,4032,-2563
105000479,84,114,-30
105000480,6766,6440,326
105000481,3483,2897,586
105000482,3101,5321,-2220
105000483,1431,1619,-188
105000484,1430,2159,-729
105000485,1052,2408,-1356
105000486,1805,1696,109
105000488,6824,3357,3467
105000489,699,604,95
105000549,124,99,25
105000550,335,1030,-695
105000551,28,84,-56
105000552,1527,947,580
105000555,931,921,10
105000556,60,16,44
105000557,44,101,-57
105900001,5,1123,-1118
105900002,595,582,13
105900003,22,59,-37
105900004,145,102,43
105900005,10,398,-388
105900006,11,85,-74
105900007,35,9,26
105900008,78,398,-320
105900009,29,17,12
105900011,101,30,71
105900012,410,85,325
105900013,2,24,-22
105900014,10,55,-45
105900015,94,215,-121
105900016,415,265,150
105900017,1064,17,1047
105900018,113,121,-8
105900019,97,223,-126
105900020,29,45,-16
105900021,29,182,-153
105900022,243,112,131
105900023,10,58,-48
105900024,4,86,-82
105900025,184,21,163
105900026,131,13,118
105900027,5325,5204,121
105900028,478,449,29
105900029,1010,274,736
105900030,215,214,1
105900031,278,146,132
105900032,63,109,-46
105900033,87,69,18
105900034,181,136,45
105900035,127,119,8
105900036,108,88,20
105900037,66,83,-17
105900038,192,186,6
105900039,125,69,56
105900040,44,86,-42
105900041,145,103,42
105900042,63,101,-38
105900043,739,45,694
105900044,4,163,-159
105900045,2,542,-540
105900046,8,174,-166
105900047,8,53,-45
105900048,66,316,-250
105900050,4424,2793,1631
105900051,27,801,-774
105900052,391,242,149
105900053,1632,2091,-459
105900054,329,128,201
105900056,392,330,62
105900057,16,72,-56
105900058,32,10,22
105900059,0,33,-33
106000001,2588,1953,635
106000002,1184,3406,-2222
106000003,2039,2797,-758
106000004,1124,1786,-662
106000005,2676,3507,-831
106000006,3858,2116,1742
106000007,439,435,4
106000008,342,217,125
106000009,535,330,205
106000010,385,410,-25
106000011,949,760,189
106000012,661,797,-136
106000013,1527,1501,26
106000014,1165,881,284
106000015,1431,919,512
106000016,915,1112,-197
106000017,415,519,-104
106000018,485,292,193
106000019,339,309,30
106000020,277,258,19
106000021,267,365,-98
106000022,261,129,132
106000023,493,259,234
106000024,354,255,99
106000025,103,144,-41
106000026,53,136,-83
106000027,1138,950,188
106000028,510,247,263
106000029,493,543,-50
106000030,329,445,-116
106000034,174,357,-183
106000035,832,1702,-870
106000036,131,334,-203
106000037,1328,1004,324
106000038,148,71,77
106000039,78,65,13
106000040,134,652,-518
106000041,554,384,170
106000043,454,186,268
106000046,261,73,188
106000047,30,363,-333
106000049,892,153,739
106000050,208,359,-151
106000051,585,370,215
106000052,92,286,-194
106000053,362,81,281
106000054,265,237,28
106000055,877,601,276
106000056,254,220,34
106000057,301,215,86
106000058,113,95,18
106000059,263,219,44
106000060,250,355,-105
106000061,180,455,-275
106000062,138,304,-166
106000063,647,427,220
106000064,35,209,-174
106000065,278,227,51
106000066,111,250,-139
106000067,430,111,319
106000068,47,410,-363
106000069,288,59,229
106000070,461,509,-48
106000071,822,232,590
106000072,1613,1256,357
106000073,1124,2470,-1346
106000074,523,519,4
106000075,334,1174,-840
106000076,1514,1413,101
106000077,2340,951,1389
106000078,769,694,75
106000079,584,542,42
106000080,1077,486,591
106000081,600,752,-152
106000082,1563,558,1005
106000083,337,1078,-741
106000084,903,545,358
106000085,1007,1200,-193
106000086,517,659,-142
106000087,703,411,292
106000088,320,577,-257
106000089,817,256,561
106000090,247,422,-175
106000091,247,318,-71
106000092,492,209,283
106000093,343,139,204
106000094,71,169,-98
106000095,738,477,261
106000096,682,463,219
106000097,963,474,489
106000098,649,708,-59
106000099,151,355,-204
106000100,913,163,750
106000101,530,161,369
106000102,118,290,-172
106000103,241,378,-137
106000104,593,345,248
106000105,390,298,92
106000106,644,344,300
106000107,159,167,-8
106000108,302,246,56
106000109,168,126,42
106000110,223,238,-15
106000111,190,193,-3
106000112,212,467,-255
106000113,384,333,51
106000114,320,587,-267
106000115,200,248,-48
106000116,241,114,127
106000117,610,395,215
106000118,822,1007,-185
106000119,760,552,208
106000120,687,1038,-351
106000121,207,138,69
106000122,114,93,21
106000123,423,70,353
106000124,70,95,-25
106000125,23,141,-118
106000126,237,75,162
106000127,812,508,304
106000128,643,133,510
106000129,419,285,134
106000130,588,291,297
106000131,127,547,-420
106000132,415,173,242
106000133,1002,886,116
106000134,393,1265,-872
106000135,157,397,-240
106000136,557,915,-358
106000137,50,395,-345
106000138,942,115,827
106000139,48,60,-12
106000140,45,26,19
106000141,101,22,79
106000142,69,38,31
106000143,19,39,-20
106000144,54,55,-1
106000145,227,112,115
106000146,375,129,246
106000147,396,481,-85
106000148,568,500,68
106000149,450,372,78
106000150,410,1462,-1052
106000151,2256,604,1652
106000152,769,1450,-681
106000153,95,1119,-1024
106000154,739,154,585
106000155,122,229,-107
106000156,611,192,419
106000157,466,1100,-634
106000158,1310,695,615
106000159,1579,1293,286
106000160,370,2026,-1656
106000161,897,212,685
106000162,269,720,-451
106000163,319,193,126
106000164,355,171,184
106000165,192,251,-59
106000166,650,210,440
106000167,282,475,-193
106000168,475,203,272
106000169,236,311,-75
106000170,694,191,503
106000171,220,746,-526
106000172,1933,1009,924
106000173,943,1461,-518
106000174,937,276,661
106000175,217,448,-231
106000176,1371,674,697
106000177,513,1405,-892
106000178,2472,1163,1309
106000179,716,1274,-558
106000180,543,735,-192
106000181,695,977,-282
106000182,1204,422,782
106000183,1251,343,908
106000184,1528,340,1188
106000185,870,752,118
106000186,572,87,485
106000187,162,736,-574
106000188,0,1,-1
106000189,7,27,-20
106000190,29,0,29
106000191,475,146,329
106000192,1,3,-2
106000193,263,149,114
106000194,126,259,-133
106000195,307,127,180
106000196,95,277,-182
106000197,464,209,255
106000198,132,150,-18
106000199,509,553,-44
106000200,114,177,-63
106000201,318,2232,-1914
106000202,1767,417,1350
106000203,17,131,-114
106000204,90,4,86
106000205,14,88,-74
106000206,60,21,39
106000207,27,291,-264
106000208,993,134,859
106000209,1229,272,957
106000210,189,467,-278
106000211,197,657,-460
106000212,746,397,349
106000213,393,1307,-914
106000214,1458,488,970
106000215,319,325,-6
106000216,425,294,131
106000217,237,222,15
106000218,428,279,149
106000219,167,220,-53
106000220,346,144,202
106000221,194,115,79
106000222,77,56,21
106000223,198,86,112
106000224,188,125,63
106000225,65,75,-10
106000226,71,166,-95
106000228,52,73,-21
106000229,68,464,-396
106000231,809,93,716
106000232,68,197,-129
106000233,467,54,413
106000234,40,152,-112
106000235,625,97,528
106000236,192,63,129
106000237,21,5,16
106000238,179,28,151
106000239,2,101,-99
106000240,30,8,22
106000241,17,377,-360
106000242,215,32,183
106000249,54,42,12
106000250,57,433,-376
106000251,85,17,68
106000252,12,41,-29
106000253,37,36,1
106000254,37,36,1
106000255,12,105,-93
106000256,52,32,20
106000257,104,97,7
106000258,357,15,342
106000259,3,44,-41
106000260,53,5,48
106000261,1,32,-31
106000262,57,10,47
106000263,15,52,-37
106000264,139,8,131
106000265,8,79,-71
106000266,61,32,29
106000267,5,41,-36
106000268,261,54,207
106000269,37,26,11
106000270,86,305,-219
106000271,56,127,-71
106000272,138,36,102
106000273,5,169,-164
106000274,105,36,69
106000275,127,178,-51
106000276,82,40,42
106000277,93,239,-146
106000278,153,29,124
106000279,7,26,-19
106000280,54,39,15
106000281,84,44,40
106000282,50,59,-9
106000283,94,40,54
106000284,73,79,-6
106000285,85,58,27
106000286,53,118,-65
106000287,132,53,79
106000288,72,97,-25
106000289,78,51,27
106000290,53,52,1
106000291,93,81,12
106000292,66,76,-10
106000293,110,93,17
106000294,125,83,42
106000295,34,40,-6
106000296,44,86,-42
106000297,69,173,-104
106000298,95,69,26
106000299,81,117,-36
106000300,69,71,-2
106000301,59,89,-30
106000303,20,56,-36
106000304,27,28,-1
106000305,39,46,-7
106000306,33,34,-1
106000307,58,29,29
106000308,27,72,-45
106000309,26,48,-22
106000310,295,264,31
106000311,257,140,117
106000312,115,94,21
106000313,174,154,20
106000318,41,320,-279
106000319,794,239,555
106000320,1,51,-50
106000321,218,92,126
106000322,194,105,89
106000324,20,69,-49
106000325,1401,736,665
106000326,704,990,-286
106000327,174,71,103
106000328,30,104,-74
106000329,74,151,-77
106000330,31,61,-30
106000428,94,144,-50
106000429,123,295,-172
106000430,226,816,-590
106000431,1977,302,1675
106000432,1390,1764,-374
106000433,2225,1256,969
106000434,2432,1222,1210
106000435,926,1658,-732
106000436,15,95,-80
106000437,150,36,114
106000438,376,169,207
106000439,61,205,-144
106000440,153,266,-113
106000441,1,1,0
106000442,132,5,127
106000443,165,151,14
106000450,1,113,-112
106000451,24,60,-36
106000454,3,106,-103
106000455,19,105,-86
106000456,56,31,25
106000457,17,474,-457
106000458,810,68,742
106000459,161,190,-29
106000460,1417,26,1391
106000461,106,491,-385
106000462,0,39,-39
106000463,1,5,-4
106000464,3,235,-232
106000465,636,8,628
106000466,5,273,-268
106000467,227,335,-108
106000468,103,79,24
106000469,102,0,102
106000470,174,1300,-1126
106000471,11,281,-270
106000472,136,18,118
106000473,35,10,25
106000474,345,278,67
106000475,381,153,228
106000476,146,223,-77
106000477,32,56,-24
106000480,0,248,-248
106900001,0,15,-15
106900002,2,227,-225
106900003,155,498,-343
106900004,0,30,-30
106900006,0,11,-11
106900007,0,14,-14
106900008,295,72,223
106900009,329,173,156
106900010,214,166,48
106900012,751,1677,-926
106900013,378,151,227
106900014,31,9,22
106900015,22,2,20
106900016,260,14,246
106900017,7,1,6
106900018,3,0,3
106900019,39,1,38
106900020,1246,1330,-84
106900021,151,117,34
106900022,791,2,789
106900023,64,170,-106
106900024,462,59,403
106900025,60,340,-280
106900026,2,318,-316
106900027,666,3,663
107000001,2807,3052,-245
107000002,1642,2636,-994
107000003,4592,4738,-146
107000004,2842,2026,816
107000005,4693,4237,456
107000006,2599,1936,663
107000007,4098,7153,-3055
107000008,4878,3869,1009
107000009,6378,5800,578
107000010,5686,4285,1401
107000011,710,821,-111
107000012,2357,1643,714
107000013,79,54,25
107000014,58,103,-45
107000015,399,435,-36
107000016,677,411,266
107000017,887,1022,-135
107000018,3,887,-884
107000020,680,1246,-566
107000021,899,298,601
107000022,579,1125,-546
107000023,1377,139,1238
107000024,425,740,-315
107000025,137,238,-101
107000026,214,270,-56
107000027,1167,630,537
107000028,999,740,259
107000029,2875,2215,660
107000030,1791,1750,41
107000031,3620,1738,1882
107000032,307,597,-290
107000033,1704,2242,-538
107000034,2218,804,1414
107000035,273,130,143
107000036,273,861,-588
107000037,50,558,-508
107000038,167,169,-2
107000039,586,546,40
107000040,168,196,-28
107000041,965,554,411
107000042,485,1478,-993
107000043,1444,710,734
107000044,330,231,99
107000045,64,188,-124
107000046,586,304,282
107000047,369,559,-190
107000048,503,213,290
107000049,554,491,63
107000050,757,466,291
107000051,182,250,-68
107000052,866,809,57
107000053,248,207,41
107000054,48,203,-155
107000055,273,124,149
107000056,372,539,-167
107000057,1107,218,889
107000058,1774,1977,-203
107000059,1487,2109,-622
107000060,3789,3852,-63
107000061,3273,2182,1091
107000062,3995,1992,2003
107000063,3159,2546,613
107000064,4027,1729,2298
107000065,2507,2653,-146
107000066,1445,2127,-682
107000067,1082,1026,56
107000068,944,745,199
107000069,850,482,368
107000070,893,8,885
107000071,3044,46,2998
107000072,37,1445,-1408
107000073,599,373,226
107000074,128,569,-441
107000075,1614,563,1051
107000076,526,838,-312
107000077,3140,1369,1771
107000078,2125,1875,250
107000079,2354,955,1399
107000080,844,1866,-1022
107000081,1728,463,1265
107000082,410,718,-308
107000083,1036,449,587
107000084,262,730,-468
107000085,2211,2371,-160
107000086,2466,2293,173
107000087,2237,1467,770
107000088,2423,2402,21
107000089,1433,1212,221
107000090,733,641,92
107000091,1416,685,731
107000092,708,632,76
107000093,1203,655,548
107000094,694,827,-133
107000095,777,398,379
107000096,373,408,-35
107000097,623,228,395
107000098,363,331,32
107000099,299,193,106
107000100,196,170,26
107000101,72,141,-69
107000102,135,189,-54
107000103,246,163,83
107000104,123,136,-13
107000105,365,107,258
107000106,153,136,17
107000107,480,76,404
107000108,90,358,-268
107000109,554,125,429
107000110,52,232,-180
107000111,288,40,248
107000112,52,151,-99
107000113,545,114,431
107000114,94,276,-182
107000115,595,207,388
107000116,95,412,-317
107000117,94,654,-560
107000118,96,104,-8
107000119,1005,1349,-344
107000120,602,481,121
107000121,795,506,289
107000122,945,527,418
107000123,445,395,50
107000124,519,498,21
107000125,890,376,514
107000126,921,517,404
107000129,171,368,-197
107000130,573,171,402
107000131,231,299,-68
107000132,416,259,157
107000133,364,111,253
107000134,141,3,138
107000135,0,231,-231
107000136,496,7,489
107000137,13,330,-317
107000138,143,26,117
107000139,13,462,-449
107000140,1220,87,1133
107000141,125,482,-357
107000142,411,75,336
107000143,57,405,-348
107000144,539,393,146
107000145,131,307,-176
107000146,168,237,-69
107000147,3056,900,2156
107000150,338,1999,-1661
107000151,18,61,-43
107000152,335,1184,-849
107000153,82,206,-124
107000154,200,272,-72
107000155,667,11,656
107000156,957,19,938
107000157,39,632,-593
107000158,651,19,632
107000159,28,465,-437
107000160,1189,122,1067
107000161,63,645,-582
107000162,185,434,-249
107000163,207,3,204
107000164,657,2,655
107000165,1103,6,1097
107000166,26,528,-502
107000167,578,156,422
107000168,799,418,381
107000169,414,474,-60
107000170,2119,685,1434
107000171,551,935,-384
107000172,1091,1288,-197
107000173,468,493,-25
107000174,934,4323,-3389
107000175,3467,927,2540
107000176,0,0,0
107000177,1,0,1
107000178,24,27,-3
107000179,229,1115,-886
107000180,1184,189,995
107000181,381,614,-233
107000182,1732,538,1194
107000183,89,373,-284
107000184,1072,357,715
107000185,374,679,-305
107000186,978,275,703
107000187,1026,794,232
107000188,492,425,67
107000189,391,644,-253
107000190,557,405,152
107000191,754,751,3
107000192,1290,428,862
107000193,319,356,-37
107000194,716,477,239
107000197,722,197,525
107000198,254,426,-172
107000199,623,474,149
107000200,427,458,-31
107000201,249,220,29
107000202,319,362,-43
107000203,727,772,-45
107000204,789,889,-100
107000205,1249,686,563
107000206,457,1032,-575
107000207,503,750,-247
107000208,620,494,126
107000209,1156,1184,-28
107000210,295,195,100
107000211,2,41,-39
107000212,19,255,-236
107000213,6,17,-11
107000214,28,103,-75
107000215,329,224,105
107000216,447,223,224
107000217,170,69,101
107000219,76,121,-45
107000220,179,77,102
107000222,221,326,-105
107000224,391,50,341
107000225,120,198,-78
107000226,481,74,407
107000227,76,102,-26
107000228,108,362,-254
107000229,53,86,-33
107000230,743,354,389
107000231,930,1480,-550
107000232,106,10,96
107000233,601,763,-162
107000234,1,58,-57
107000235,63,11,52
107000236,28,303,-275
107000237,22,1,21
107000238,18,1,17
107000239,1329,324,1005
107000240,67,475,-408
107000243,1,50,-49
107000244,2,84,-82
107000246,1,753,-752
107000249,4,875,-871
107000251,1,228,-227
107000252,1,445,-444
107000255,183,81,102
107000257,0,356,-356
107000258,1,146,-145
107000259,5,97,-92
107000260,1419,29,1390
107000262,5,223,-218
107000263,352,8,344
107000266,10,10,0
107000267,50,91,-41
107000268,88,79,9
107000269,122,4,118
107000270,153,65,88
107000271,15,69,-54
107000272,84,17,67
107000273,3,136,-133
107000274,445,22,423
107000275,216,773,-557
107000280,759,24,735
107000281,39,382,-343
107000282,18,405,-387
107000290,12,30,-18
107000291,14,2,12
107000292,3,142,-139
107000293,19,3,16
107000294,0,35,-35
107000295,20,5,15
107000296,0,8,-8
107000444,205,3,202
107000496,2,15,-13
107000497,1035,1207,-172
107000500,236,173,63
107000501,54,101,-47
107000502,116,165,-49
107000505,271,470,-199
107000506,0,3,-3
107000508,2,279,-277
107000509,163,471,-308
107000510,14,27,-13
107000514,37,319,-282
107000515,6,101,-95
107000516,442,220,222
107000518,1004,1481,-477
107000519,841,559,282
107000520,79,33,46
107000521,570,221,349
107000522,874,316,558
107900001,65,82,-17
107900002,46,5,41
107900003,256,15,241
107900004,7,0,7
107900005,1260,4,1256
107900006,179,5,174
107900007,319,17,302
107900008,61,14,47
107900009,90,11,79
107900010,47,1,46
107900012,196,55,141
107900013,139,16,123
107900014,58,11,47
107900015,963,10,953
107900016,255,64,191
107900017,11,3,8
107900018,74,164,-90
107900019,24,17,7
107900020,30,12,18
107900021,72,53,19
107900023,1,2,-1
107900024,0,3,-3
107900025,170,191,-21
107900026,55,22,33
107900027,34,25,9
107900028,125,44,81
107900030,168,21,147
107900031,52,44,8
107900032,7,5,2
107900033,19,12,7
107900034,263,16,247
107900035,788,45,743
107900036,66,29,37
107900037,1,11,-10
107900038,93,222,-129
107900039,57,23,34
107900040,12,103,-91
107900041,2,2,0
107900043,54,74,-20
107900044,5,6,-1
107900045,98,43,55
107900046,146,179,-33
107900047,28,6,22
107900048,168,7,161
107900049,202,701,-499
107900050,68,141,-73
107900051,86,29,57
107900052,15,31,-16
107900053,48,58,-10
107900055,389,161,228
107900056,89,51,38
107900057,2,0,2
107900058,10,321,-311
107900060,33,20,13
107900061,14,9,5
107900063,98,84,14
107900064,206,136,70
107900065,221,8,213
107900066,36,0,36
107900067,0,0,0
107900068,106,393,-287
107900069,37,2004,-1967
107900070,183,59,124
107900071,35,410,-375
107900072,108,101,7
107900073,124,62,62
107900074,456,317,139
107900076,123,26,97
107900077,95,7,88
107900079,5,16,-11
107900080,226,498,-272
107900081,71,61,10
107900082,10,9,1
107900083,282,122,160
107900084,116,74,42
107900086,43,134,-91
107900087,380,136,244
107900088,48,7,41
107900089,197,623,-426
107900090,394,1787,-1393
107900091,119,201,-82
107900093,76,35,41
107900095,2029,1943,86
107900097,34,60,-26
107900098,49,90,-41
107900100,658,1033,-375
107900101,605,116,489
107900102,28,2,26
107900103,40,113,-73
107900104,118,4,114
107900105,0,195,-195
107900106,2,522,-520
107900107,827,408,419
107900108,175,138,37
107900109,1627,45,1582
107900110,66,44,22
107900111,4,301,-297
107900112,93,352,-259
107900113,266,50,216
107900114,295,103,192
107900115,1,37,-36
107900116,194,56,138
107900117,169,145,24
107900118,51,59,-8
107900119,70,195,-125
107900120,27,42,-15
107900121,2,98,-96
107900122,1,57,-56
107900123,7,44,-37
107900124,13,16,-3
107900125,14,130,-116
107900126,12,59,-47
107900127,365,374,-9
107900128,67,67,0
107900129,81,25,56
107900130,88,15,73
107900131,360,303,57
107900132,64,184,-120
107900133,2,37,-35
107900134,23,97,-74
107900135,6,91,-85
107900136,37,36,1
107900137,125,100,25
107900138,50,24,26
107900139,39,30,9
107900141,26,29,-3
107900142,53,429,-376
107900143,67,23,44
107900144,1,119,-118
107900145,9,51,-42
107900146,57,93,-36
107900147,48,38,10
107900148,69,63,6
107900149,468,148,320
107900150,60,350,-290
107900151,48,66,-18
107900152,12,65,-53
107900153,102,283,-181
107900154,45,20,25
107900155,82,39,43
107900156,1,162,-161
107900157,23,34,-11
107900158,666,35,631
107900159,29,411,-382
107900160,151,101,50
107900161,21,79,-58
107900162,0,26,-26
107900163,14,28,-14
107900164,9,26,-17
107900165,32,125,-93
107900166,19,86,-67
107900167,24,35,-11
107900168,67,29,38
107900169,0,99,-99
107900171,2,641,-639
107900172,1,168,-167
107900173,20,66,-46
107900174,146,6,140
107900175,11,41,-30
107900176,37,26,11
107900177,1,58,-57
107900178,2,96,-94
107900179,17,79,-62
107900180,330,682,-352
107900181,207,131,76
107900182,2,500,-498
107900183,47,99,-52
107900184,83,132,-49
107900185,133,12,121
107900186,17,33,-16
107900187,0,72,-72
107900188,331,117,214
107900189,15,82,-67
107900190,34,116,-82
107900191,42,88,-46
107900193,0,51,-51
107900194,200,14,186
107900195,1018,273,745
107900196,44,67,-23
107900197,354,360,-6
107900199,0,564,-564
107900201,54,64,-10
107900203,25,46,-21
107900204,162,121,41
107900206,712,292,420
107900207,6,289,-283
107900208,4,259,-255
107900209,279,102,177
107900210,47,61,-14
107900213,299,292,7
107900214,5,58,-53
107900215,108,272,-164
107900216,158,47,111
107900217,22,93,-71
107900218,13,871,-858
107900219,19,35,-16
107900220,140,273,-133
107900221,79,119,-40
107900223,87,335,-248
107900224,66,267,-201
107900225,1,325,-324
107900226,129,59,70
107900227,53,215,-162
107900228,25,50,-25
107900229,0,115,-115
107900230,12,39,-27
107900231,20,128,-108
107900232,68,53,15
107900233,6,85,-79
107900234,82,71,11
107900235,16,75,-59
107900236,143,26,117
107900237,31,178,-147
107900238,29,67,-38
107900239,417,384,33
107900240,25,64,-39
107900241,5,45,-40
107900242,44,76,-32
107900243,5,52,-47
107900244,275,15,260
107900245,566,36,530
107900246,253,20,233
107900248,415,200,215
107900249,837,40,797
107900250,3,250,-247
107900251,65,662,-597
107900252,731,31,700
107900253,157,12,145
107900254,31,256,-225
107900255,184,90,94
107900256,619,878,-259
107900257,152,83,69
107900258,96,117,-21
107900259,88,2002,-1914
107900261,9,171,-162
107900262,21,80,-59
107900264,245,2,243
107900265,87,78,9
107900267,274,7,267
107900268,4,2,2
107900269,0,0,0
107900270,0,1,-1
107900271,0,11,-11
107900272,20,19,1
107900273,42,78,-36
107900274,118,1,117
107900275,26,0,26
107900276,0,41,-41
107900277,0,109,-109
107900278,287,270,17
107900279,42,106,-64
107900280,1403,1494,-91
107900281,525,2508,-1983
107900282,51,389,-338
107900283,468,418,50
107900284,433,298,135
107900285,97,28,69
107900286,86,92,-6
107900287,247,164,83
107900290,0,153,-153
107900291,419,25,394
107900292,73,84,-11
107900293,54,160,-106
107900295,46,30,16
107900297,1,129,-128
107900298,454,415,39
107900299,1495,1995,-500
107900301,415,518,-103
107900302,75,26,49
107900303,166,141,25
107900304,283,197,86
107900305,233,13,220
107900306,6,24,-18
107900307,29,176,-147
107900308,172,90,82
107900309,66,0,66
107900310,237,2,235
107900311,4,221,-217
107900312,46,1,45
107900313,1,96,-95
107900314,0,32,-32
107900315,2,28,-26
107900316,25,1,24
107900317,67,18,49
107900318,7,87,-80
107900319,2,61,-59
107900320,1,67,-66
107900321,104,3,101
107900322,0,52,-52
107900323,2,73,-71
107900324,83,1,82
107900325,86,0,86
107900326,338,120,218
107900327,3,55,-52
107900328,59,1,58
107900329,47,39,8
107900330,7,110,-103
107900331,290,6,284
107900332,336,16,320
107900333,66,7,59
107900334,5,78,-73
107900335,33,22,11
107900336,37,52,-15
107900337,457,760,-303
107900338,1,74,-73
107900339,0,9,-9
107900340,2,43,-41
107900341,81,0,81
107900342,105,87,18
107900343,15,2,13
107900344,10,37,-27
107900345,88,44,44
107900346,12,2,10
107900347,16,2,14
107900348,8,1,7
107900349,15,15,0
107900350,6,139,-133
107900351,4,114,-110
107900352,2,14,-12
107900353,17,3,14
107900354,10,27,-17
108000001,2541,2925,-384
108000002,1455,1601,-146
108000003,2717,2718,-1
108000004,7862,8677,-815
108000005,5993,5515,478
108000006,5573,4672,901
108000007,3993,3239,754
108000008,2957,3631,-674
108000009,2988,3527,-539
108000010,2004,2570,-566
108000011,9409,9006,403
108000012,9385,8963,422
108000014,499,705,-206
108000015,738,200,538
108000016,237,671,-434
108000017,937,261,676
108000018,1433,447,986
108000019,1387,596,791
108000020,1059,394,665
108000021,236,1136,-900
108000022,303,875,-572
108000023,1006,166,840
108000024,264,341,-77
108000025,266,190,76
108000026,815,237,578
108000027,709,406,303
108000028,844,130,714
108000029,534,472,62
108000030,406,166,240
108000031,147,341,-194
108000032,1429,487,942
108000033,610,629,-19
108000034,1427,340,1087
108000035,518,1148,-630
108000036,357,657,-300
108000037,1498,342,1156
108000038,2199,462,1737
108000039,382,1133,-751
108000040,1648,817,831
108000041,541,1287,-746
108000042,338,141,197
108000043,278,124,154
108000044,527,105,422
108000045,265,233,32
108000046,1330,219,1111
108000047,354,490,-136
108000048,126,182,-56
108000049,711,202,509
108000050,132,411,-279
108000051,338,135,203
108000052,111,382,-271
108000053,365,188,177
108000054,353,690,-337
108000055,825,510,315
108000056,1127,994,133
108000057,538,1136,-598
108000058,1490,3005,-1515
108000059,2154,1424,730
108000060,208,543,-335
108000061,332,352,-20
108000062,904,527,377
108000063,377,322,55
108000064,242,171,71
108000065,419,325,94
108000066,1103,601,502
108000067,1702,519,1183
108000068,691,303,388
108000069,220,506,-286
108000070,1666,618,1048
108000071,527,845,-318
108000072,1536,797,739
108000073,916,910,6
108000074,506,252,254
108000075,225,527,-302
108000076,601,443,158
108000077,447,387,60
108000078,1955,948,1007
108000079,703,797,-94
108000080,1206,349,857
108000081,447,792,-345
108000082,661,1101,-440
108000083,1688,865,823
108000084,320,728,-408
108000085,763,368,395
108000086,510,449,61
108000087,123,1908,-1785
108000088,681,169,512
108000089,259,235,24
108000091,212,292,-80
108000092,117,100,17
108000093,161,260,-99
108000094,507,100,407
108000095,166,169,-3
108000096,279,91,188
108000097,122,215,-93
108000098,1458,799,659
108000099,779,210,569
108000100,168,332,-164
108000101,973,1187,-214
108000102,1369,3037,-1668
108000106,742,3,739
108000107,4,533,-529
108000108,466,31,435
108000109,7,609,-602
108000110,207,205,2
108000111,109,335,-226
108000112,38,135,-97
108000113,302,121,181
108000115,177,238,-61
108000117,472,304,168
108000118,442,1569,-1127
108000119,387,211,176
108000120,135,718,-583
108000121,113,265,-152
108000122,505,239,266
108000123,495,98,397
108000124,280,305,-25
108000125,408,134,274
108000126,170,212,-42
108000127,491,158,333
108000128,536,226,310
108000129,255,502,-247
108000130,538,143,395
108000131,867,526,341
108000132,1364,796,568
108000133,906,392,514
108000134,488,330,158
108000135,955,346,609
108000136,172,528,-356
108000137,513,146,367
108000138,352,503,-151
108000139,515,189,326
108000140,98,25,73
108000141,30,36,-6
108000142,41,50,-9
108000143,51,243,-192
108000144,432,67,365
108000145,41,7,34
108000146,678,81,597
108000147,25,4,21
108000148,594,64,530
108000149,13,4,9
108000150,32,7,25
108000151,100,37,63
108000152,107,241,-134
108000153,604,94,510
108000154,31,5,26
108000155,44,18,26
108000156,482,266,216
108000157,143,1001,-858
108000158,67,693,-626
108000159,325,165,160
108000160,1547,817,730
108000161,1300,2047,-747
108000165,5,144,-139
108000172,8,254,-246
108000173,870,1478,-608
108000175,550,90,460
108000178,297,218,79
108000179,115,712,-597
108000181,43,25,18
108000182,171,68,103
108000183,27,210,-183
108000184,523,1847,-1324
108000185,166,214,-48
108000186,358,228,130
108000187,103,260,-157
108000188,634,195,439
108000189,979,7413,-6434
108000190,12,84,-72
108000192,173,291,-118
108000193,359,14,345
108000194,29,7,22
108000195,0,576,-576
108000196,155,105,50
108000198,576,192,384
108000199,0,283,-283
108000200,391,229,162
108000203,115,264,-149
108000204,135,56,79
108000205,173,209,-36
108000339,647,259,388
108000364,190,505,-315
108000365,37,172,-135
108000367,127,195,-68
108000368,1,25,-24
108000369,374,147,227
108000371,9,546,-537
108000372,515,8,507
108000373,180,106,74
108000376,92,29,63
108000377,387,154,233
108000378,6453,8023,-1570
108000379,20,139,-119
108000381,77,11,66
108000382,133,0,133
108000383,0,153,-153
108900001,86,583,-497
108900002,102,85,17
108900003,240,386,-146
108900004,491,443,48
108900007,292,146,146
108900008,103,105,-2
108900009,89,93,-4
108900010,315,148,167
108900011,688,284,404
108900012,342,342,0
108900013,180,221,-41
108900014,28,73,-45
108900015,0,178,-178
108900016,1,194,-193
108900017,226,311,-85
108900018,147,202,-55
108900019,52,288,-236
108900020,28,112,-84
108900021,161,138,23
108900022,79,11,68
108900023,9,22,-13
108900024,36,58,-22
108900025,174,78,96
108900026,13,78,-65
108900027,1,61,-60
108900028,90,156,-66
108900029,40,117,-77
108900030,0,70,-70
108900031,122,168,-46
108900032,6,114,-108
108900033,1,67,-66
108900034,0,124,-124
108900035,240,616,-376
108900038,1,204,-203
108900039,1,286,-285
108900040,10,76,-66
108900041,2959,2588,371
108900042,7,332,-325
108900043,81,289,-208
108900044,0,229,-229
108900045,91,227,-136
108900046,36,393,-357
108900047,1,103,-102
108900048,79,488,-409
108900049,1225,1210,15
108900050,2,104,-102
108900051,0,88,-88
108900052,26,110,-84
108900053,57,167,-110
108900054,57,176,-119
108900055,43,248,-205
108900056,1,91,-90
108900057,1,87,-86
108900058,23,199,-176
108900059,415,63,352
108900060,67,102,-35
108900061,73,34,39
108900062,2,159,-157
108900063,16,146,-130
108900064,237,21,216
108900065,11,110,-99
108900066,470,96,374
108900067,8,119,-111
108900068,7,69,-62
108900069,67,43,24
108900070,24,49,-25
108900071,90,60,30
108900072,1287,426,861
108900073,31,158,-127
108900074,232,157,75
108900075,37,35,2
108900076,331,42,289
108900077,53,242,-189
108900078,55,73,-18
108900079,453,125,328
108900080,22,534,-512
108900081,34,153,-119
108900082,90,79,11
108900083,12,226,-214
108900085,1111,114,997
108900086,142,127,15
108900087,54,120,-66
108900088,750,375,375
108900089,28,111,-83
108900090,65,112,-47
108900091,75,49,26
108900092,430,253,177
108900093,117,77,40
108900094,154,60,94
108900095,37,168,-131
108900096,198,10,188
108900097,243,139,104
108900098,1045,618,427
108900099,376,111,265
108900100,75,65,10
108900101,164,179,-15
108900102,76,947,-871
108900103,87,138,-51
108900105,6,1127,-1121
108900106,496,158,338
108900108,275,44,231
108900109,437,42,395
108900110,212,211,1
108900111,369,249,120
108900113,50,77,-27
108900114,84,9,75
108900115,76,53,23
108900116,42,18,24
108900117,194,13,181
108900118,634,15,619
108900119,275,17,258
108900120,308,150,158
108900121,242,116,126
108900122,130,17,113
108900123,106,98,8
108900124,484,183,301
108900125,451,2,449
108900126,121,42,79
108900127,189,18,171
108900128,105,32,73
108900129,772,149,623
108900130,309,1,308
108900131,340,7,333
108900132,461,65,396
108900133,241,28,213
108900134,422,148,274
108900135,203,6,197
108900136,33,2,31
108900137,146,4,142
108900138,869,75,794
108900140,435,144,291
108900141,355,9,346
108900142,82,1,81
108900143,84,1,83
108900144,100,1,99
108900145,245,25,220
108900146,73,1,72
108900147,217,2,215
108900148,60,16,44
108900150,191,10,181
108900151,77,5,72
108900152,275,8,267
108900153,269,198,71
108900154,3575,428,3147
108900156,81,5,76
108900157,19,238,-219
108900158,326,15,311
108900159,2,83,-81
108900160,20,148,-128
108900161,5,200,-195
108900162,121,1,120
108900163,1,232,-231
108900164,59,69,-10
108900168,4055,2186,1869
108900169,49,62,-13
108900171,3009,2516,493
108900172,187,37,150
108900173,102,210,-108
108900174,855,480,375
108900176,100,244,-144
108900177,2504,4452,-1948
108900178,2228,2915,-687
108900180,98,273,-175
108900183,168,150,18
108900184,359,178,181
108900185,81,203,-122
108900186,58,188,-130
108900189,288,75,213
108900190,44,1250,-1206
108900192,92,164,-72
108900195,87,112,-25
108900196,43,176,-133
108900199,238,252,-14
108900200,424,246,178
108900201,414,902,-488
108900203,419,152,267
108900204,344,33,311
108900205,184,47,137
108900206,391,58,333
108900207,208,111,97
108900208,13,188,-175
108900209,158,302,-144
108900210,152,163,-11
108900211,132,477,-345
108900212,413,1192,-779
108900215,63,252,-189
108900216,265,265,0
108900217,84,2,82
108900218,53,10,43
108900221,34,146,-112
108900224,50,130,-80
108900225,0,136,-136
108900227,103,358,-255
108900230,159,171,-12
108900232,2,149,-147
108900233,345,69,276
108900234,210,119,91
108900235,166,360,-194
108900236,56,154,-98
108900240,123,93,30
108900241,32,34,-2
108900245,17,1084,-1067
108900250,185,61,124
108900258,7,103,-96
108900259,36,32,4
108900260,4,50,-46
108900261,33,76,-43
108900262,99,149,-50
108900263,23,112,-89
108900264,436,227,209
108900265,538,393,145
108900266,496,753,-257
108900267,2,137,-135
108900268,7,11,-4
108900269,107,19,88
108900270,76,10,66
108900271,38,16,22
108900272,219,11,208
108900273,530,756,-226
108900274,81,33,48
109000001,1666,1474,192
109000002,650,1483,-833
109000003,1996,339,1657
109000004,433,1348,-915
109000005,2082,486,1596
109000006,622,1382,-760
109000007,1193,423,770
109000008,520,1097,-577
109000009,2763,996,1767
109000010,834,2249,-1415
109000011,3035,1482,1553
109000012,1392,1893,-501
109000013,3113,2537,576
109000014,1607,1673,-66
109000015,2889,6462,-3573
109000016,3690,2012,1678
109000017,2057,900,1157
109000018,803,1506,-703
109000019,2185,1169,1016
109000020,791,1206,-415
109000023,178,18,160
109000024,29,164,-135
109000025,285,439,-154
109000026,442,268,174
109000027,66,311,-245
109000028,142,51,91
109000029,106,149,-43
109000030,41,375,-334
109000031,152,144,8
109000032,138,291,-153
109000033,280,110,170
109000034,42,43,-1
109000035,16,32,-16
109000036,123,253,-130
109000037,212,1304,-1092
109000038,391,271,120
109000039,764,647,117
109000040,2461,8278,-5817
109000041,1487,1418,69
109000042,393,951,-558
109000044,433,42,391
109000045,114,256,-142
109000046,308,58,250
109000047,25,317,-292
109000048,533,162,371
109000049,152,416,-264
109000050,264,174,90
109000051,201,136,65
109000052,395,473,-78
109000053,181,54,127
109000054,345,271,74
109000055,269,203,66
109000056,281,223,58
109000057,615,320,295
109000058,597,149,448
109000059,549,1228,-679
109000060,270,367,-97
109000061,600,662,-62
109000062,111,286,-175
109000063,124,127,-3
109000064,318,97,221
109000065,144,95,49
109000066,307,42,265
109000067,65,197,-132
109000068,979,14,965
109000069,674,33,641
109000070,14,1406,-1392
109000071,287,56,231
109000072,85,229,-144
109000073,54,79,-25
109000074,18,132,-114
109000075,60,237,-177
109000076,115,247,-132
109000077,238,148,90
109000078,92,154,-62
109000079,109,121,-12
109000080,202,74,128
109000081,146,291,-145
109000082,747,140,607
109000083,254,372,-118
109000088,104,290,-186
109000089,230,61,169
109000090,120,251,-131
109000091,248,170,78
109000092,256,262,-6
109000093,221,160,61
109000094,508,1,507
109000095,106,238,-132
109000096,701,247,454
109000097,111,88,23
109000098,28,128,-100
109000099,626,213,413
109000100,205,428,-223
109000101,1287,394,893
109000102,283,587,-304
109000103,377,419,-42
109000104,1403,339,1064
109000105,344,638,-294
109000106,1515,511,1004
109000107,465,1056,-591
109000108,1426,381,1045
109000109,366,915,-549
109000110,854,435,419
109000111,557,986,-429
109000112,215,67,148
109000113,233,87,146
109000114,96,221,-125
109000115,775,83,692
109000116,19,206,-187
109000117,324,62,262
109000118,15,193,-178
109000119,1318,172,1146
109000120,211,372,-161
109000121,550,46,504
109000122,147,368,-221
109000123,42,45,-3
109000124,591,268,323
109000125,637,201,436
109000126,378,397,-19
109000127,814,143,671
109000128,505,625,-120
109000129,2136,610,1526
109000130,452,882,-430
109000131,673,629,44
109000132,579,932,-353
109000133,194,499,-305
109000134,534,778,-244
109000135,641,1023,-382
109000136,246,192,54
109000137,235,253,-18
109000138,408,176,232
109000139,406,282,124
109000140,187,175,12
109000141,445,227,218
109000142,105,341,-236
109000143,109,82,27
109000145,97,246,-149
109000146,64,63,1
109000148,1630,1153,477
109000149,22,48,-26
109000150,166,180,-14
109000155,830,602,228
109000156,557,367,190
109000158,82,188,-106
109000159,76,246,-170
109000160,876,161,715
109000161,308,512,-204
109000162,1448,429,1019
109000163,874,1080,-206
109000164,1131,1622,-491
109000165,1104,344,760
109000166,647,95,552
109000167,84,258,-174
109000170,45,43,2
109000171,34,53,-19
109000172,25,47,-22
109000173,36,82,-46
109000174,111,36,75
109000175,37,58,-21
109000176,282,162,120
109000177,29,67,-38
109000178,671,219,452
109000179,2262,4032,-1770
109000180,2425,2610,-185
109000181,16,10,6
109000182,28,20,8
109000183,63,9,54
109000184,29,16,13
109000185,29,8,21
109000188,365,801,-436
109000189,1750,599,1151
109000190,579,269,310
109000191,342,274,68
109000192,444,131,313
109000193,147,172,-25
109000194,220,72,148
109000195,84,182,-98
109000196,226,83,143
109000197,152,210,-58
109000198,339,70,269
109000199,119,290,-171
109000206,188,36,152
109000207,115,36,79
109000208,87,71,16
109000209,123,74,49
109000210,169,358,-189
109000211,598,303,295
109000214,360,166,194
109000215,128,50,78
109000216,223,226,-3
109000217,168,102,66
109000218,444,169,275
109000221,456,697,-241
109000222,837,225,612
109000223,348,330,18
109000224,26,76,-50
109000225,65,28,37
109000226,47,123,-76
109000227,964,520,444
109000228,3,1528,-1525
109000231,0,150,-150
109000232,375,172,203
109000236,175,539,-364
109000241,1724,1409,315
109000242,1604,803,801
109000293,23,64,-41
109000361,185,166,19
109000364,110,293,-183
109000396,2,234,-232
109000397,551,6,545
109000399,122,255,-133
109000400,65,118,-53
109000403,72,702,-630
109000406,381,57,324
109000407,234,150,84
109000408,2,292,-290
109000410,744,131,613
109000411,209,21,188
109900001,98,2,96
109900002,855,24,831
109900003,261,2,259
109900004,585,78,507
109900005,40,4,36
109900006,299,109,190
109900007,781,272,509
109900008,0,14,-14
109900009,111,263,-152
109900010,447,26,421
109900011,80,41,39
109900012,236,121,115
109900013,315,133,182
109900014,333,60,273
109900015,344,194,150
109900016,143,8,135
109900017,162,188,-26
109900018,191,36,155
109900019,260,42,218
109900020,26,35,-9
109900021,28,12,16
109900022,88,164,-76
109900023,19,4,15
109900024,15,6,9
109900025,18,33,-15
109900026,4,93,-89
109900027,34,50,-16
109900028,560,1001,-441
109900029,1,154,-153
109900030,34,8,26
109900031,1,123,-122
109900032,12,183,-171
109900033,3,348,-345
109900034,46,7,39
109900035,19,26,-7
109900036,9,41,-32
109900037,26,245,-219
109900038,69,173,-104
109900039,6,0,6
109900040,16,236,-220
109900041,54,235,-181
109900042,27,315,-288
109900044,99,128,-29
109900045,184,144,40
109900046,106,64,42
109900047,183,198,-15
109900048,0,47,-47
109900049,14,33,-19
109900050,1,57,-56
109900051,2,33,-31
109900052,65,153,-88
109900053,3,142,-139
109900054,652,110,542
109900055,60,169,-109
109900056,24,173,-149
109900057,2,88,-86
109900058,0,25,-25
109900059,801,81,720
109900060,493,73,420
109900061,37,178,-141
109900062,0,79,-79
109900063,16,293,-277
109900064,500,134,366
109900065,39,110,-71
109900066,248,456,-208
109900067,1,110,-109
109900068,42,7,35
109900069,6,35,-29
109900070,33,214,-181
109900071,9,17,-8
109900072,11,98,-87
109900073,309,240,69
109900074,21,21,0
109900075,20,17,3
109900076,13,159,-146
109900077,55,42,13
109900078,64,131,-67
109900080,79,181,-102
109900081,29,191,-162
109900082,41,177,-136
109900083,17,55,-38
109900084,48,81,-33
109900085,169,347,-178
109900086,105,362,-257
109900087,221,284,-63
109900089,636,187,449
109900090,420,640,-220
109900091,357,42,315
109900092,315,16,299
109900093,817,105,712
109900094,72,68,4
109900095,118,162,-44
109900096,56,5,51
109900097,82,3,79
109900098,448,23,425
109900099,194,0,194
109900100,33,0,33
109900101,508,9,499
109900102,357,18,339
109900103,40,23,17
109900104,593,318,275
109900105,448,19,429
109900106,241,33,208
109900107,423,53,370
109900108,81,121,-40
109900109,31,80,-49
109900110,59,196,-137
109900111,197,402,-205
109900112,199,269,-70
109900113,716,551,165
109900114,1041,666,375
109900115,147,58,89
109900117,1014,94,920
109900118,156,262,-106
109900119,391,224,167
109900120,89,37,52
109900121,238,440,-202
109900122,430,6,424
109900123,22,95,-73
109900124,28,255,-227
109900125,0,102,-102
109900126,232,59,173
109900128,291,25,266
109900130,3223,2368,855
109900131,40,139,-99
109900132,33,101,-68
109900133,81,163,-82
109900134,69,61,8
109900135,216,52,164
109900136,46,107,-61
109900137,135,177,-42
109900140,152,72,80
109900142,1149,198,951
109900145,7,430,-423
109900146,300,42,258
109900148,61,59,2
109900149,37,42,-5
109900150,13,75,-62
109900151,10,45,-35
109900152,0,31,-31
109900153,0,65,-65
109900154,33,0,33
109900155,46,14,32
109900157,54,151,-97
109900158,30,65,-35
109900159,134,29,105
109900160,128,48,80
109900161,178,61,117
109900162,138,94,44
109900163,337,199,138
109900164,47,139,-92
109900165,213,8,205
109900166,4,94,-90
109900167,94,280,-186
109900168,201,327,-126
109900169,199,98,101
109900170,217,835,-618
109900171,163,69,94
109900172,189,177,12
109900173,1268,1885,-617
109900174,35,69,-34
109900175,66,61,5
109900176,62,106,-44
109900177,39,125,-86
109900178,7,83,-76
109900179,41,13,28
109900180,3,10,-7
110000001,709,409,300
110000002,481,574,-93
110000003,534,521,13
110000004,370,513,-143
110000005,253,1453,-1200
110000006,208,245,-37
110000007,87,58,29
110000008,16,63,-47
110000009,41,14,27
110000010,24,58,-34
110000011,32,43,-11
110000012,400,236,164
110000013,22,437,-415
110000014,379,278,101
110000015,199,505,-306
110000016,218,1177,-959
110000017,1635,206,1429
110000018,1456,264,1192
110000019,5,51,-46
110000020,340,164,176
110000021,293,293,0
110000022,490,150,340
110000023,8,104,-96
110000024,479,261,218
110000025,434,27,407
110000026,10,163,-153
110000027,936,589,347
110000028,800,475,325
110000029,341,340,1
110000030,208,288,-80
110000031,248,273,-25
110000032,660,268,392
110000033,247,73,174
110000034,354,367,-13
110000035,438,310,128
110000036,691,436,255
110000037,154,203,-49
110000038,192,431,-239
110000039,716,2429,-1713
110000040,204,174,30
110000041,256,1169,-913
110000042,59,206,-147
110000043,640,177,463
110000044,51,219,-168
110000045,219,93,126
110000046,4,17,-13
110000047,12,18,-6
110000048,11,13,-2
110000049,18,21,-3
110000050,6,19,-13
110000051,34,10,24
110000052,41,33,8
110000053,28,7,21
110000054,159,221,-62
110000055,257,49,208
110000056,88,66,22
110000057,309,395,-86
110000058,649,258,391
110000059,691,365,326
110000060,801,729,72
110000061,490,509,-19
110000062,464,620,-156
110000063,39,122,-83
110000064,53,26,27
110000065,70,62,8
110000066,48,21,27
110000067,51,79,-28
110000068,215,82,133
110000069,245,58,187
110000071,212,69,143
110000073,33,15,18
110000075,9,52,-43
110000076,245,285,-40
110000077,251,705,-454
110000078,41,28,13
110000080,223,439,-216
110000081,56,136,-80
110000082,31,232,-201
110000083,184,437,-253
110000084,1055,680,375
110000085,948,1101,-153
110000086,867,1550,-683
110000087,9,28,-19
110000088,82,145,-63
110000089,231,67,164
110000090,259,267,-8
110000091,668,175,493
110000092,9,28,-19
110000093,34,12,22
110000094,325,163,162
110000095,156,477,-321
110000096,1030,1456,-426
110000097,805,1183,-378
110000098,1464,447,1017
110000099,613,1232,-619
110000100,862,269,593
110000101,30,151,-121
110000102,87,38,49
110000104,391,128,263
110000105,54,236,-182
110000106,477,450,27
110000107,186,212,-26
110000108,125,83,42
110000109,189,217,-28
110000110,1429,3580,-2151
110000111,2814,2150,664
110000112,626,976,-350
110000113,207,1865,-1658
110000114,198,509,-311
110000115,390,175,215
110000116,43,45,-2
110000117,220,155,65
110000118,465,129,336
110000119,209,178,31
110000120,318,106,212
110000121,73,303,-230
110000122,332,343,-11
110000123,526,566,-40
110000124,4,552,-548
110000125,745,7,738
110000126,220,28,192
110000127,990,31,959
110000128,41,781,-740
110000129,3,360,-357
110000130,226,136,90
110000131,56,268,-212
110000132,0,347,-347
110000133,44,405,-361
110000134,19,284,-265
110000135,153,12,141
110000136,57,199,-142
110000137,453,389,64
110000138,627,388,239
110000139,703,574,129
110000140,581,693,-112
110000143,517,281,236
110000144,3582,1502,2080
110000145,1861,829,1032
110000146,1202,528,674
110000147,332,439,-107
110000148,460,192,268
110000151,754,873,-119
110000152,615,331,284
110000153,125,18,107
110000154,9,24,-15
110000155,888,2828,-1940
110000156,1004,1812,-808
110000157,1500,1643,-143
110000160,304,198,106
110000161,105,153,-48
110000166,486,70,416
110000167,749,446,303
110000168,790,443,347
110000169,723,276,447
110000170,111,27,84
110000171,437,105,332
110000172,152,487,-335
110000173,762,606,156
110000174,88,497,-409
110000175,583,65,518
110000176,262,362,-100
110000177,137,668,-531
110000178,378,1213,-835
110000179,788,231,557
110000180,252,148,104
110000181,452,299,153
110000182,241,93,148
110000183,4256,4938,-682
110000184,260,1832,-1572
110000185,450,451,-1
110000186,534,515,19
110000191,1054,166,888
110000192,739,11,728
110000193,1256,7,1249
110000194,12,567,-555
110000195,414,184,230
110000196,317,126,191
110000197,107,100,7
110000198,77,44,33
110000199,46,79,-33
110000200,701,272,429
110000201,702,820,-118
110000202,938,490,448
110000203,447,397,50
110000204,3,108,-105
110000205,126,36,90
110000206,420,698,-278
110000207,1138,263,875
110000208,155,217,-62
110000209,117,473,-356
110000210,1223,242,981
110000211,620,354,266
110000212,320,777,-457
110000213,208,42,166
110000214,349,51,298
110000215,145,174,-29
110000216,106,165,-59
110000217,365,102,263
110000218,162,152,10
110000219,294,30,264
110000220,65,105,-40
110000221,319,30,289
110000222,40,133,-93
110000223,4,167,-163
110000224,18,7,11
110000225,251,583,-332
110000226,237,34,203
110000227,694,656,38
110000228,160,100,60
110000229,0,130,-130
110000230,387,302,85
110000231,149,168,-19
110000232,235,128,107
110000233,220,146,74
110000234,398,444,-46
110000235,571,598,-27
110000236,543,330,213
110000237,1632,960,672
110000238,983,966,17
110000239,1519,780,739
110000240,1,46,-45
110000242,0,6,-6
110000243,80,62,18
110000244,93,201,-108
110000245,26,224,-198
110000246,675,305,370
110000247,663,2146,-1483
110000248,1108,904,204
110000249,63,10,53
110000250,27,95,-68
110000251,289,243,46
110000252,265,118,147
110000253,1124,342,782
110000254,475,572,-97
110000255,154,556,-402
110000256,393,251,142
110000257,469,321,148
110000258,10,172,-162
110000259,133,12,121
110000260,36,100,-64
110000263,310,65,245
110000264,317,218,99
110000265,932,1354,-422
110000266,1045,1754,-709
110000267,25,106,-81
110000268,198,253,-55
110000269,8,53,-45
110000270,60,1,59
110000271,838,181,657
110000272,920,643,277
110000273,1474,862,612
110000274,185,1194,-1009
110000275,989,404,585
110000276,342,246,96
110000277,340,235,105
110000278,287,466,-179
110000279,735,561,174
110000280,352,237,115
110000281,57,200,-143
110000282,147,19,128
110000283,31,66,-35
110000284,27,23,4
110000285,2,308,-306
110000286,6,0,6
110000287,70,0,70
110000288,21,41,-20
110000289,392,1465,-1073
110000290,517,452,65
110000291,2157,894,1263
110000292,972,3528,-2556
110000293,693,440,253
110000294,1102,796,306
110000295,106,427,-321
110000296,449,239,210
110000297,1559,258,1301
110000298,110,314,-204
110000299,90,58,32
110000301,215,18,197
110000302,300,405,-105
110000303,372,10,362
110000304,183,174,9
110000305,904,14,890
110000306,138,681,-543
110000307,1343,8,1335
110000308,328,23,305
110000309,6,370,-364
110000310,563,45,518
110000311,22,361,-339
110000312,302,58,244
110000313,1403,1780,-377
110000314,1,135,-134
110000315,1807,1729,78
110000316,371,875,-504
110000317,144,407,-263
110000318,4,44,-40
110000319,55,16,39
110000320,33,30,3
110000321,7,31,-24
110000322,220,184,36
110000323,397,107,290
110000324,1846,1101,745
110000325,1543,2198,-655
110000327,285,179,106
110000328,116,232,-116
110000333,803,544,259
110000334,557,775,-218
110000335,560,303,257
110000336,557,556,1
110000337,1074,321,753
110000338,391,110,281
110000339,232,153,79
110000340,178,141,37
110000341,460,320,140
110000342,173,5,168
110000343,0,13,-13
110000344,258,135,123
110000345,334,126,208
110000346,1484,1314,170
110000347,916,600,316
110000348,19,17,2
110000349,4,24,-20
110000350,50,5,45
110000351,857,617,240
110000352,468,1033,-565
110000353,1415,449,966
110000354,654,2288,-1634
110000355,86,50,36
110000356,419,7,412
110000357,315,17,298
110000361,14,28,-14
110000362,126,9,117
110000363,371,71,300
110000364,193,167,26
110000365,164,0,164
110000366,1,71,-70
110000367,279,95,184
110000368,6,38,-32
110000369,51,4,47
110000373,3,202,-199
110000374,62,21,41
110000375,94,761,-667
110000376,15,60,-45
110000377,76,318,-242
110000378,23,269,-246
110000379,1635,1415,220
110000380,51,5,46
110000383,1,1194,-1193
110000384,1177,978,199
110000385,3,121,-118
110000387,51,10,41
110000388,32,118,-86
110000389,753,46,707
110000391,577,156,421
110000396,174,87,87
110000397,153,81,72
110000398,3,15,-12
110000399,111,0,111
110000587,118,67,51
110000589,195,100,95
110000640,140,35,105
110000652,6,124,-118
110000653,243,244,-1
110000654,31,516,-485
110000656,0,229,-229
110000674,19,15,4
110000675,2,14,-12
110000676,4,36,-32
110000679,176,1024,-848
110000682,74,130,-56
110000683,162,358,-196
110000684,1,22,-21
110000685,4,18,-14
110000686,1,15,-14
110000687,21,3,18
110000688,33,883,-850
110000689,25,21,4
110000692,25,116,-91
110000693,47,176,-129
110000694,1,75,-74
110000695,197,393,-196
110000696,53,50,3
110900001,254,18,236
110900002,423,146,277
110900003,619,229,390
110900004,379,112,267
110900005,1375,1963,-588
110900006,53,23,30
110900007,120,28,92
110900008,10,41,-31
110900009,345,112,233
110900010,15,63,-48
110900011,15,39,-24
110900012,31,77,-46
110900013,839,120,719
110900014,463,14,449
110900015,261,562,-301
110900016,71,84,-13
110900017,349,26,323
110900018,347,29,318
110900019,269,13,256
110900020,117,121,-4
110900021,79,253,-174
110900022,99,144,-45
110900023,35,266,-231
110900024,23,201,-178
110900025,3,18,-15
110900027,40,129,-89
110900028,27,63,-36
110900029,10,176,-166
110900030,27,97,-70
110900031,5,106,-101
110900032,0,36,-36
110900033,61,84,-23
110900035,16,405,-389
110900036,107,18,89
110900037,74,18,56
110900038,481,202,279
110900039,9,203,-194
110900040,188,25,163
110900041,23,59,-36
110900042,94,46,48
110900043,3,49,-46
110900044,144,15,129
110900045,46,158,-112
110900046,11,110,-99
110900047,250,280,-30
110900049,57,64,-7
110900050,28,5,23
110900051,38,148,-110
110900052,6,125,-119
110900053,105,25,80
110900054,59,137,-78
110900055,30,4,26
110900056,89,93,-4
110900057,3,94,-91
110900058,268,118,150
110900059,440,252,188
110900060,371,123,248
110900061,27,38,-11
110900062,169,148,21
110900063,40,91,-51
110900064,28,0,28
110900065,241,112,129
110900066,9,48,-39
110900067,185,503,-318
110900068,167,157,10
110900069,5,19,-14
110900070,137,78,59
110900071,205,557,-352
110900073,0,14,-14
110900074,378,81,297
110900075,379,63,316
110900077,821,403,418
110900078,62,36,26
110900079,1525,1120,405
110900080,144,40,104
110900081,8,37,-29
110900082,140,62,78
110900083,92,46,46
110900084,83,57,26
110900085,46,170,-124
110900086,61,307,-246
110900087,285,67,218
110900088,8,0,8
110900090,31,57,-26
110900091,1,43,-42
110900093,233,61,172
110900095,55,36,19
110900097,13,25,-12
110900098,31,49,-18
110900099,48,198,-150
110900100,0,15,-15
110900102,50,15,35
110900105,488,127,361
110900108,15,46,-31
110900111,299,94,205
110900112,728,7,721
110900113,258,59,199
110900115,7,36,-29
110900116,664,780,-116
110900118,41,2546,-2505
110900119,1475,170,1305
110900120,16,68,-52
110900121,125,0,125
110900122,341,122,219
110900125,426,321,105
110900127,465,1101,-636
110900128,328,405,-77
110900129,232,750,-518
110900130,681,554,127
110900131,196,87,109
110900132,379,58,321
110900133,136,215,-79
110900135,49,117,-68
110900136,375,20,355
110900138,0,0,0
110900139,17,1,16
110900140,2,0,2
110900141,328,192,136
110900142,63,98,-35
110900143,141,82,59
110900144,2,354,-352
110900145,243,64,179
110900146,192,190,2
110900147,70,188,-118
110900148,5,146,-141
110900149,0,59,-59
110900150,51,6,45
110900151,18,31,-13
110900152,37,120,-83
110900153,241,59,182
111000001,554,349,205
111000002,488,367,121
111000003,1231,587,644
111000004,320,629,-309
111000005,1129,1014,115
111000006,649,1213,-564
111000007,3021,2359,662
111000008,1176,2048,-872
111000009,345,396,-51
111000010,653,171,482
111000011,235,713,-478
111000012,490,272,218
111000013,338,818,-480
111000014,1159,375,784
111000017,89,678,-589
111000018,198,249,-51
111000020,864,1420,-556
111000021,87,94,-7
111000023,90,107,-17
111000025,2977,2947,30
111000029,72,96,-24
111000030,36,98,-62
111000031,1348,822,526
111000032,493,322,171
111000033,177,210,-33
111000034,63,190,-127
111000037,892,496,396
111000038,1922,1077,845
111000039,1364,1269,95
111000040,1414,1401,13
111000041,1181,950,231
111000042,1665,1472,193
111000043,1347,2935,-1588
111000044,1384,1078,306
111000045,1312,1157,155
111000046,1391,1484,-93
111000047,2146,3409,-1263
111000049,312,331,-19
111000050,737,661,76
111000051,458,737,-279
111000052,528,1124,-596
111000053,332,547,-215
111000054,262,491,-229
111000055,861,1082,-221
111000056,160,276,-116
111000057,104,343,-239
111000058,495,61,434
111000059,512,247,265
111000060,3186,784,2402
111000061,500,244,256
111000062,722,291,431
111000063,1455,821,634
111000064,718,486,232
111000065,909,682,227
111000066,431,283,148
111000067,535,359,176
111000068,561,656,-95
111000069,1097,1139,-42
111000070,767,615,152
111000071,273,390,-117
111000072,1207,477,730
111000073,322,976,-654
111000074,1207,1378,-171
111000075,839,433,406
111000076,433,411,22
111000077,1006,875,131
111000078,2375,1114,1261
111000079,882,446,436
111000080,468,445,23
111000081,1070,2965,-1895
111000082,504,523,-19
111000084,568,265,303
111000085,808,827,-19
111000086,1550,673,877
111000087,532,270,262
111000088,2829,1883,946
111000089,598,561,37
111000090,502,1170,-668
111000091,584,275,309
111000092,1193,510,683
111000093,637,846,-209
111000094,1583,875,708
111000095,579,1741,-1162
111000096,1098,5555,-4457
111000097,3541,1212,2329
111000098,632,732,-100
111000099,469,1089,-620
111000100,368,792,-424
111000101,320,484,-164
111000102,231,309,-78
111000104,544,83,461
111000107,87,506,-419
111000109,540,163,377
111000110,1123,477,646
111000111,2244,342,1902
111000112,1810,439,1371
111000113,784,1304,-520
111000114,1747,3030,-1283
111000115,3147,970,2177
111000116,867,654,213
111000117,283,621,-338
111000118,1014,562,452
111000119,1062,594,468
111000120,451,438,13
111000121,300,497,-197
111000122,451,708,-257
111000123,804,1325,-521
111000124,400,1265,-865
111000125,230,657,-427
111000126,105,500,-395
111000127,886,126,760
111000128,1811,192,1619
111000129,2455,327,2128
111000130,1931,454,1477
111000131,1751,401,1350
111000132,1482,852,630
111000133,143,72,71
111000134,114,50,64
111000135,66,97,-31
111000136,352,219,133
111000138,17,5,12
111000140,1,1,0
111000141,137,270,-133
111000142,29,212,-183
111000143,7,295,-288
111000144,32,1134,-1102
111000145,302,12,290
111000146,130,9,121
111000147,148,18,130
111000148,128,70,58
111000149,3,21,-18
111000150,18,5,13
111000151,3,9,-6
111000153,399,634,-235
111000154,482,188,294
111000155,76,156,-80
111000156,355,511,-156
111000157,189,710,-521
111000158,504,563,-59
111000159,1870,618,1252
111000160,321,309,12
111000161,11,227,-216
111000162,37,106,-69
111000163,631,437,194
111000164,443,1801,-1358
111000165,640,303,337
111000166,1008,246,762
111000167,139,280,-141
111000168,152,310,-158
111000169,272,394,-122
111000170,335,241,94
111000171,414,290,124
111000172,162,237,-75
111000173,348,354,-6
111000174,206,166,40
111000175,43,189,-146
111000176,312,83,229
111000177,334,170,164
111000178,1138,160,978
111000179,272,104,168
111000180,239,398,-159
111000181,1208,177,1031
111000182,215,123,92
111000183,194,209,-15
111000184,284,130,154
111000185,253,227,26
111000186,220,171,49
111000187,116,113,3
111000188,267,278,-11
111000189,689,374,315
111000190,218,225,-7
111000191,139,180,-41
111000192,158,327,-169
111000193,253,196,57
111000194,61,179,-118
111000195,135,152,-17
111000196,74,159,-85
111000197,430,94,336
111000198,561,66,495
111000199,240,101,139
111000200,415,233,182
111000201,704,191,513
111000202,303,189,114
111000203,389,266,123
111000204,361,1152,-791
111000213,203,360,-157
111000214,1198,889,309
111000215,978,710,268
111000217,1486,760,726
111000218,896,844,52
111000219,640,399,241
111000220,755,369,386
111000221,383,80,303
111000224,30,179,-149
111000225,307,248,59
111000226,70,5,65
111000227,45,10,35
111000228,18,346,-328
111000229,32,841,-809
111000230,175,173,2
111000231,881,360,521
111000232,528,453,75
111000233,928,442,486
111000234,127,322,-195
111000239,66,87,-21
111000240,51,182,-131
111000241,32,205,-173
111000242,199,79,120
111000243,101,262,-161
111000244,496,79,417
111000245,998,237,761
111000246,607,154,453
111000247,325,457,-132
111000248,605,314,291
111000249,377,362,15
111000250,46,56,-10
111000251,44,54,-10
111000253,10,18,-8
111000255,58,9,49
111000257,68,12,56
111000260,46,804,-758
111000261,1093,45,1048
111000271,46,181,-135
111000273,1525,795,730
111000274,979,1578,-599
111000275,210,56,154
111000276,283,832,-549
111000277,152,256,-104
111000278,491,172,319
111000291,880,5060,-4180
111000298,462,96,366
111000299,582,96,486
111000300,95,400,-305
111000302,304,41,263
111000303,32,137,-105
111000312,35,54,-19
111000315,5,76,-71
111000320,150,329,-179
111000321,262,118,144
111000322,360,350,10
111000323,260,55,205
111000324,273,144,129
111000325,62,61,1
111000326,273,280,-7
111000327,376,166,210
111000328,435,579,-144
111000329,1,26,-25
111000330,45,3,42
111000331,24,1,23
111000332,1004,1583,-579
111000334,298,733,-435
111000335,896,196,700
111000337,1226,159,1067
111000338,43,48,-5
111000339,491,97,394
111000340,125,299,-174
111000341,1080,541,539
111000342,135,1436,-1301
111000344,906,554,352
111000345,121,121,0
111000346,33,193,-160
111000347,117,4,113
111000350,124,86,38
111000351,116,225,-109
111000352,159,60,99
111000353,139,131,8
111000354,352,72,280
111000355,256,290,-34
111000358,146,523,-377
111000360,159,278,-119
111000361,148,134,14
111000546,646,379,267
111000547,363,236,127
111000548,126,256,-130
111000549,276,181,95
111000550,54,762,-708
111000551,537,151,386
111000552,691,216,475
111000907,344,8,336
111000908,20,3,17
111000916,1642,212,1430
111000917,33,223,-190
111000918,197,324,-127
111000920,521,5,516
111000921,7,115,-108
111000922,451,146,305
111000924,41,331,-290
111000925,2518,1429,1089
111000926,952,1319,-367
111000927,2118,2939,-821
111000928,2836,1880,956
111000929,1433,902,531
111000930,737,1497,-760
111000931,1677,2034,-357
111000932,2656,1308,1348
111000933,2409,1960,449
111000934,1292,1825,-533
111000935,1383,701,682
111000936,1001,1202,-201
111000937,987,965,22
111000938,1121,929,192
111000939,515,35,480
111000940,374,55,319
111000941,359,234,125
111000943,512,236,276
111000944,141,188,-47
111000945,73,740,-667
111001109,434,452,-18
111001110,177,314,-137
111001111,59,4,55
111001112,95,3,92
111001113,6,148,-142
111001114,483,201,282
111001115,44,613,-569
111001116,2531,3176,-645
111001117,357,1883,-1526
111001120,147,148,-1
111001121,136,139,-3
111001122,181,260,-79
111001123,317,50,267
111001124,99,94,5
111001125,0,104,-104
111001126,5,0,5
111001127,1,17,-16
111001128,943,637,306
111900001,0,112,-112
111900002,1,345,-344
111900003,1,154,-153
111900004,16,50,-34
111900006,14,38,-24
111900007,97,2,95
111900008,204,4,200
111900009,156,1,155
111900010,305,277,28
111900012,53,65,-12
111900013,21,26,-5
111900014,2391,3956,-1565
111900015,1,32,-31
111900016,0,43,-43
111900017,0,41,-41
111900018,136,4,132
111900019,1,78,-77
111900020,1,23,-22
111900021,29,66,-37
111900022,13,33,-20
111900023,53,34,19
111900024,47,54,-7
111900025,0,25,-25
111900026,1,44,-43
111900027,5,105,-100
111900028,0,207,-207
111900029,3,35,-32
111900030,17,213,-196
111900031,0,21,-21
111900032,0,166,-166
111900033,8,64,-56
111900034,233,300,-67
111900035,52,114,-62
111900036,0,126,-126
111900038,164,361,-197
111900039,32,240,-208
111900040,1,203,-202
111900042,11,95,-84
111900043,1,170,-169
111900044,242,95,147
111900046,49,87,-38
111900048,268,311,-43
111900049,43,140,-97
111900050,83,31,52
111900051,5,154,-149
111900052,278,251,27
111900053,507,1429,-922
111900054,74,3,71
111900055,5,173,-168
111900056,126,286,-160
111900057,78,22,56
111900058,513,310,203
111900059,906,592,314
111900060,289,3,286
111900061,7,96,-89
111900062,39,69,-30
111900063,348,331,17
111900064,87,106,-19
111900065,79,11,68
111900066,99,157,-58
111900067,6,265,-259
111900068,48,33,15
111900069,86,30,56
111900070,183,80,103
111900071,1,148,-147
111900072,60,17,43
111900073,870,160,710
111900074,19,130,-111
111900075,58,9,49
111900076,178,65,113
111900077,26,1,25
111900078,264,32,232
111900079,41,38,3
111900080,156,284,-128
111900082,130,33,97
111900083,188,16,172
111900084,75,3,72
111900085,39,109,-70
111900086,82,3,79
111900087,62,0,62
111900088,618,15,603
111900089,91,1,90
111900090,42,35,7
111900091,288,2,286
111900092,84,1,83
111900093,421,10,411
111900094,107,0,107
111900095,332,26,306
111900096,154,8,146
111900097,52,1,51
111900098,272,3,269
111900099,55,0,55
111900100,118,2,116
111900101,78,32,46
111900102,592,235,357
111900103,35,60,-25
111900104,117,41,76
111900105,191,153,38
111900106,412,36,376
111900110,859,301,558
111900111,115,43,72
111900112,305,2656,-2351
111900113,157,88,69
111900118,328,74,254
111900119,247,163,84
111900122,83,77,6
111900123,27,19,8
111900124,12,52,-40
111900125,476,37,439
111900126,208,3,205
111900127,0,340,-340
111900128,2,289,-287
111900129,245,6,239
111900130,156,18,138
111900131,455,4,451
111900132,14,404,-390
111900133,1,156,-155
111900134,7,143,-136
111900135,14,29,-15
111900136,71,138,-67
111900137,52,36,16
111900138,13,35,-22
111900139,4,50,-46
111900140,81,16,65
111900141,44,10,34
111900142,100,31,69
111900143,24,72,-48
111900144,0,32,-32
111900145,2,242,-240
111900146,3,118,-115
111900147,82,190,-108
111900148,12,338,-326
111900149,5,150,-145
111900150,6,75,-69
111900151,4,22,-18
111900152,77,77,0
111900153,783,611,172
111900154,22,294,-272
111900155,37,86,-49
111900156,70,84,-14
111900157,157,27,130
111900158,466,83,383
111900159,268,20,248
111900160,348,2,346
111900161,231,7,224
111900162,130,161,-31
111900163,19,128,-109
111900164,103,50,53
111901113,507,62,445
111901114,231,135,96
111901115,68,9,59
111901116,47,1,46
111901117,24,38,-14
111901118,31,184,-153
111901119,315,33,282
111901121,129,115,14
111901122,2,325,-323
111901123,191,157,34
111901124,263,1,262
111901125,482,183,299
111901127,189,312,-123
111901128,7,32,-25
111901129,5,51,-46
111901130,6,75,-69
111901131,8,165,-157
111901132,132,31,101
111901133,42,0,42
111901134,121,2,119
111901135,28,12,16
111901136,6,20,-14
111901138,196,44,152
111901139,29,28,1
111901140,9,58,-49
111901141,4,93,-89
111901142,5,71,-66
111901143,4,71,-67
111901144,77,58,19
111901145,96,222,-126
111901146,233,11,222
111901147,220,279,-59
111901148,19,64,-45
111901149,10,3,7
111901150,38,1,37
111901151,0,0,0
112000001,1412,501,911
112000002,459,1436,-977
112000003,1366,832,534
112000004,489,387,102
112000005,3014,3209,-195
112000006,1455,915,540
112000007,3047,2010,1037
112000008,2010,3386,-1376
112000009,2041,1556,485
112000010,2274,2748,-474
112000011,1118,959,159
112000012,2441,3407,-966
112000013,2202,2142,60
112000014,1609,1900,-291
112000015,2577,2230,347
112000016,2283,1433,850
112000017,909,1905,-996
112000024,1658,568,1090
112000026,1811,1986,-175
112000027,603,609,-6
112000028,677,821,-144
112000029,525,578,-53
112000030,133,49,84
112000031,936,3238,-2302
112000032,138,22,116
112000033,1274,1660,-386
112000034,152,28,124
112000035,45,358,-313
112000036,403,719,-316
112000037,526,643,-117
112000038,934,775,159
112000039,94,53,41
112000040,35,148,-113
112000041,172,160,12
112000042,716,284,432
112000050,997,914,83
112000051,836,1025,-189
112000054,1087,887,200
112000057,441,214,227
112000058,212,360,-148
112000059,302,519,-217
112000061,1622,1100,522
112000062,881,756,125
112000063,575,1839,-1264
112000064,1996,3128,-1132
112000065,1122,1598,-476
112000066,2788,1316,1472
112000067,427,446,-19
112000068,2494,2292,202
112000069,361,1134,-773
112000070,1345,938,407
112000071,821,1319,-498
112000072,2056,706,1350
112000073,1038,1254,-216
112000074,1298,835,463
112000075,1259,940,319
112000076,2428,1788,640
112000077,683,311,372
112000078,1670,400,1270
112000079,1238,883,355
112000080,644,469,175
112000081,847,1135,-288
112000082,1023,531,492
112000083,501,739,-238
112000084,1041,513,528
112000085,940,490,450
112000086,1324,654,670
112000087,511,219,292
112000088,858,340,518
112000089,278,425,-147
112000090,257,166,91
112000091,460,596,-136
112000092,1605,564,1041
112000093,1169,609,560
112000094,666,651,15
112000095,580,573,7
112000096,677,658,19
112000097,1144,582,562
112000098,697,523,174
112000099,669,1456,-787
112000100,1825,602,1223
112000101,415,523,-108
112000102,1263,424,839
112000103,290,552,-262
112000105,549,787,-238
112000106,1898,319,1579
112000107,107,155,-48
112000108,302,889,-587
112000109,197,109,88
112000110,1612,519,1093
112000111,568,1831,-1263
112000112,2214,473,1741
112000113,607,1121,-514
112000114,1955,673,1282
112000115,302,332,-30
112000116,595,564,31
112000117,744,543,201
112000118,800,495,305
112000119,406,432,-26
112000120,86,225,-139
112000121,128,269,-141
112000122,254,140,114
112000123,702,116,586
112000124,373,79,294
112000125,227,219,8
112000126,287,236,51
112000127,1301,1847,-546
112000128,402,408,-6
112000129,145,63,82
112000130,188,78,110
112000131,44,170,-126
112000132,119,200,-81
112000133,412,132,280
112000134,323,236,87
112000135,1490,683,807
112000136,919,1327,-408
112000137,1336,1176,160
112000138,1093,684,409
112000139,611,661,-50
112000140,535,836,-301
112000141,810,307,503
112000142,136,371,-235
112000143,1131,204,927
112000144,259,576,-317
112000145,2336,495,1841
112000146,459,1112,-653
112000147,2464,1409,1055
112000148,1329,1273,56
112000149,486,311,175
112000150,217,370,-153
112000151,370,242,128
112000152,377,268,109
112000153,200,161,39
112000154,104,139,-35
112000155,112,97,15
112000157,441,432,9
112000158,262,221,41
112000159,406,155,251
112000167,269,169,100
112000169,314,335,-21
112000173,661,174,487
112000175,353,240,113
112000176,1247,1327,-80
112000177,644,212,432
112000178,72,173,-101
112000179,257,76,181
112000180,338,381,-43
112000181,1108,1038,70
112000182,1298,711,587
112000183,28,31,-3
112000184,498,195,303
112000185,624,307,317
112000187,2880,1839,1041
112000195,84,11,73
112000196,182,1,181
112000197,120,158,-38
112000198,38,213,-175
112000199,772,583,189
112000202,468,2,466
112000216,50,158,-108
112000230,94,2,92
112000231,0,121,-121
112000256,50,178,-128
112000313,43,77,-34
112000314,57,44,13
112000337,181,427,-246
112000352,141,279,-138
112000392,962,941,21
112000398,1201,603,598
112000399,1230,1792,-562
112000400,1115,1115,0
112000401,1970,1173,797
112000402,2631,2873,-242
112000403,1126,2574,-1448
112000404,1083,916,167
112000405,1851,2771,-920
112000406,2480,1319,1161
112000407,6170,6670,-500
112000408,4928,3205,1723
112000409,1613,2353,-740
112000410,267,359,-92
112000411,1973,1529,444
112000412,1142,491,651
112000413,4489,5285,-796
112000414,86,45,41
112000415,97,37,60
112000416,2608,1135,1473
112000417,243,59,184
112000421,61,53,8
112000422,284,173,111
112000424,1236,2245,-1009
112000425,380,445,-65
112000426,190,420,-230
112000427,1,8,-7
112000428,367,206,161
112000429,1503,1399,104
112000430,1949,1943,6
112000431,82,94,-12
112000432,507,573,-66
112000433,213,443,-230
112000437,36,98,-62
112900001,87,1,86
112900002,458,475,-17
112900003,75,245,-170
112900004,62,132,-70
112900005,256,147,109
112900006,18,201,-183
112900007,46,147,-101
112900008,2,36,-34
112900009,378,132,246
112900010,426,601,-175
112900011,85,167,-82
112900012,0,44,-44
112900013,3,81,-78
112900014,10,142,-132
112900015,271,453,-182
112900016,4,191,-187
112900017,40,110,-70
112900018,115,199,-84
112900019,26,143,-117
112900020,259,663,-404
112900021,14,129,-115
112900022,11,42,-31
112900023,0,69,-69
112900024,30,147,-117
112900025,68,157,-89
112900026,4,130,-126
112900027,5,506,-501
112900028,14,98,-84
112900029,12,343,-331
112900030,67,76,-9
112900031,5,244,-239
112900032,172,184,-12
112900034,2,40,-38
112900035,1,228,-227
112900036,27,104,-77
112900037,130,183,-53
112900038,534,86,448
112900039,10,206,-196
112900040,7,273,-266
112900041,452,927,-475
112900042,50,170,-120
112900043,31,18,13
112900044,378,247,131
112900045,146,206,-60
112900046,85,38,47
112900047,7,13,-6
112900049,269,56,213
112900050,23,271,-248
112900051,174,309,-135
112900052,5,403,-398
112900053,196,80,116
112900054,147,63,84
112900055,75,46,29
112900056,289,171,118
112900057,18,300,-282
112900058,279,286,-7
112900059,80,118,-38
112900060,50,112,-62
112900061,91,64,27
112900062,64,97,-33
112900063,109,27,82
112900064,111,161,-50
112900065,30,28,2
112900066,196,179,17
112900067,197,94,103
112900068,35,37,-2
112900069,932,720,212
112900071,46,14,32
112900072,85,2014,-1929
112900073,318,99,219
112900074,62,268,-206
112900075,653,819,-166
112900076,77,52,25
112900078,273,437,-164
112900079,216,45,171
112900080,80,3,77
112900081,56,185,-129
112900082,610,33,577
112900083,152,174,-22
112900084,213,110,103
112900086,119,0,119
112900087,742,123,619
112900088,137,12,125
112900089,726,37,689
112900090,69,52,17
112900091,289,3,286
112900092,102,415,-313
112900093,1101,27,1074
112900095,56,1,55
112900096,484,199,285
112900097,58,175,-117
112900098,70,1,69
112900099,688,18,670
112900100,58,3,55
112900101,330,6,324
112900102,52,12,40
112900103,173,4,169
112900104,269,7,262
112900105,32,0,32
112900106,334,94,240
112900107,11,1,10
112900108,12,1,11
112900109,150,0,150
112900110,1300,36,1264
112900111,622,3,619
112900112,382,4,378
112900113,0,4,-4
112900114,191,12,179
112900115,1454,2,1452
112900116,95,25,70
112900117,97,34,63
112900118,22,74,-52
112900119,239,6,233
112900120,631,235,396
112900121,42,113,-71
112900122,16,48,-32
112900123,110,24,86
112900124,10,62,-52
112900125,36,326,-290
112900126,124,157,-33
112900127,308,90,218
112900128,115,467,-352
112900129,4,397,-393
112900130,158,96,62
112900131,15,210,-195
112900132,81,238,-157
112900133,25,603,-578
112900134,0,109,-109
112900135,81,49,32
112900137,1,285,-284
112900138,9,114,-105
112900139,120,663,-543
112900141,577,44,533
112900142,64,179,-115
112900143,18,235,-217
112900144,5,315,-310
112900145,25,313,-288
112900146,6,627,-621
112900147,2,763,-761
112900148,50,4,46
112900149,277,466,-189
112900151,19,59,-40
112900152,2299,496,1803
112900153,1366,2155,-789
112900154,1,81,-80
112900155,169,12,157
112900156,316,546,-230
112900157,435,55,380
112900158,86,11,75
112900159,194,177,17
112900160,77,177,-100
112900161,150,38,112
112900162,43,30,13
112900163,76,51,25
112900164,35,184,-149
112900165,135,23,112
112900166,10,68,-58
112900167,7,88,-81
112900168,5,7,-2
112900169,17,19,-2
112900170,350,242,108
112900172,34,16,18
112900173,142,67,75
112900174,229,59,170
112900175,112,144,-32
112900176,73,90,-17
112900177,216,54,162
112900178,624,2230,-1606
112900179,25,273,-248
112900180,1538,823,715
112900181,617,9,608
112900182,54,511,-457
112900183,113,242,-129
112900184,290,335,-45
112900185,152,438,-286
112900186,747,798,-51
112900187,80,427,-347
112900188,506,832,-326
112900189,3,5,-2
112900190,12,21,-9
112900192,545,617,-72
112900193,947,363,584
112900194,57,47,10
112900195,872,36,836
112900196,222,206,16
112900197,121,245,-124
112900199,666,354,312
112900200,433,153,280
112900201,175,88,87
112900202,445,486,-41
112900203,229,184,45
112900204,694,554,140
112900205,10,18,-8
112900206,19,51,-32
112900207,27,0,27
112900208,95,280,-185
112900209,347,280,67
112900210,0,14,-14
112900211,66,13,53
112900212,2,91,-89
112900213,58,12,46
112900214,10,21,-11
112900215,15,98,-83
112900216,15,48,-33
112900217,0,38,-38
112900218,56,4,52
112900219,104,34,70
112900220,5,0,5
112900221,29,66,-37
112900222,0,109,-109
112900223,811,22,789
112900224,373,242,131
112900225,389,203,186
112900226,146,324,-178
112900227,665,427,238
112900228,64,24,40
112900229,238,44,194
112900230,4141,2624,1517
112900232,214,292,-78
112900233,38,79,-41
112900234,17,41,-24
112900235,103,21,82
112900236,301,6,295
112900237,227,133,94
112900238,7,16,-9
112900239,376,366,10
112900240,1,28,-27
112900241,8,38,-30
112900242,9,50,-41
112900243,6,55,-49
112900244,9,44,-35
112900245,1,29,-28
112900246,1,4,-3
112900247,114,48,66
112900248,10,1,9
112900249,24,2,22
112900250,62,17,45
112900251,62,8,54
112900252,85,9,76
112900253,28,9,19
112900254,21,4,17
112900255,3,34,-31
112900256,7,39,-32
112900257,10,37,-27
112900258,36,17,19
113000001,4659,3639,1020
113000002,2441,2530,-89
113000003,1420,1200,220
113000004,1067,1937,-870
113000005,1341,803,538
113000006,946,1091,-145
113000007,1641,815,826
113000008,1282,1178,104
113000009,901,490,411
113000010,959,819,140
113000011,616,837,-221
113000012,1388,525,863
113000013,766,563,203
113000014,890,978,-88
113000015,213,104,109
113000016,196,485,-289
113000017,32,220,-188
113000018,334,33,301
113000019,155,198,-43
113000020,510,49,461
113000021,852,445,407
113000022,547,715,-168
113000025,80,220,-140
113000026,370,331,39
113000027,405,462,-57
113000028,459,454,5
113000029,757,540,217
113000030,236,457,-221
113000031,161,251,-90
113000032,165,265,-100
113000033,162,417,-255
113000034,212,243,-31
113000035,35,24,11
113000036,12,28,-16
113000037,45,21,24
113000038,6,54,-48
113000039,79,328,-249
113000040,59,74,-15
113000042,570,423,147
113000051,671,1624,-953
113000052,1430,500,930
113000053,388,204,184
113000054,368,531,-163
113000055,1142,311,831
113000056,931,652,279
113000058,488,555,-67
113000059,714,407,307
113000060,276,363,-87
113000061,363,670,-307
113000062,553,269,284
113000063,227,54,173
113000064,58,202,-144
113000065,144,417,-273
113000066,632,83,549
113000067,2025,662,1363
113000068,288,570,-282
113000069,472,517,-45
113000070,2235,701,1534
113000071,372,326,46
113000072,808,340,468
113000073,173,656,-483
113000074,689,302,387
113000075,1346,666,680
113000076,456,1642,-1186
113000077,694,648,46
113000078,571,1590,-1019
113000079,439,745,-306
113000080,471,604,-133
113000081,551,729,-178
113000082,756,563,193
113000083,466,649,-183
113000084,1102,787,315
113000085,624,579,45
113000086,921,808,113
113000087,840,892,-52
113000088,1462,910,552
113000089,636,1149,-513
113000090,200,590,-390
113000091,319,278,41
113000094,994,175,819
113000095,187,532,-345
113000096,85,477,-392
113000097,953,313,640
113000098,112,41,71
113000099,761,370,391
113000100,73,234,-161
113000101,229,384,-155
113000102,497,470,27
113000103,1256,280,976
113000104,393,1553,-1160
113000105,602,304,298
113000106,311,224,87
113000107,733,530,203
113000108,520,659,-139
113000109,439,958,-519
113000110,1249,299,950
113000111,199,389,-190
113000112,296,261,35
113000113,727,346,381
113000114,279,915,-636
113000116,441,247,194
113000117,556,82,474
113000118,50,284,-234
113000119,337,214,123
113000120,56,161,-105
113000121,313,572,-259
113000124,230,100,130
113000125,46,641,-595
113000127,1446,185,1261
113000128,388,274,114
113000129,314,497,-183
113000133,1245,876,369
113000134,3,843,-840
113000135,3198,3600,-402
113000137,984,2718,-1734
113000139,236,189,47
113000140,69,189,-120
113000141,104,168,-64
113000142,241,648,-407
113000143,138,133,5
113000144,221,405,-184
113000145,54,98,-44
113000146,100,32,68
113000147,148,46,102
113000148,158,77,81
113000149,107,56,51
113000150,383,235,148
113000151,46,53,-7
113000152,35,72,-37
113000153,708,362,346
113000154,450,1120,-670
113000155,270,544,-274
113000156,95,214,-119
113000157,198,484,-286
113000158,489,238,251
113000159,616,499,117
113000160,470,548,-78
113000161,215,180,35
113000162,675,240,435
113000163,110,55,55
113000164,20,51,-31
113000166,176,80,96
113000167,42,76,-34
113000168,81,78,3
113000169,218,46,172
113000170,99,85,14
113000171,34,51,-17
113000172,244,48,196
113000173,80,27,53
113000174,110,279,-169
113000175,355,87,268
113000176,381,169,212
113000177,136,293,-157
113000178,123,169,-46
113000179,284,120,164
113000180,454,762,-308
113000181,982,485,497
113000182,76,302,-226
113000183,94,352,-258
113000184,37,58,-21
113000189,270,661,-391
113000190,401,342,59
113000192,638,2214,-1576
113000193,1594,1914,-320
113000194,562,628,-66
113000195,1020,1001,19
113000196,138,58,80
113000197,891,941,-50
113000198,64,153,-89
113000199,922,201,721
113000201,196,305,-109
113000202,3025,742,2283
113000203,109,159,-50
113000204,624,2381,-1757
113000205,13,15,-2
113000206,7,18,-11
113000207,71,16,55
113000208,39,31,8
113000209,15,12,3
113000210,1,23,-22
113000211,110,253,-143
113000212,65,34,31
113000213,23,102,-79
113000214,144,220,-76
113000234,117,550,-433
113000410,66,190,-124
113000411,1422,2458,-1036
113000412,3076,1560,1516
113000413,1186,2330,-1144
113000414,2874,9401,-6527
113000415,1443,1667,-224
113000416,3801,2541,1260
113000417,1612,1751,-139
113000418,3120,2707,413
113000419,1219,1651,-432
113000420,2834,4400,-1566
113000421,3187,5061,-1874
113000422,7092,7639,-547
113000423,1292,4080,-2788
113000424,1615,7375,-5760
113000425,9,77,-68
113000428,14,4,10
113000430,2,18,-16
113000432,1845,138,1707
113000433,47,379,-332
113000434,18,110,-92
113000435,32,148,-116
113000436,58,696,-638
113000437,1193,17,1176
113000438,330,5,325
113000439,23,47,-24
113000440,156,28,128
113000441,240,144,96
113000442,140,103,37
113000443,279,89,190
113000444,229,91,138
113000445,92,84,8
113000446,45,95,-50
113000448,141,139,2
113000449,120,645,-525
113000450,367,1518,-1151
113000451,1059,184,875
113000452,159,366,-207
113000453,53,390,-337
113000454,307,91,216
113000455,27,309,-282
113000456,2314,1828,486
113000468,780,118,662
113000469,32,60,-28
113000470,340,18,322
113000471,14,350,-336
113000472,95,200,-105
113000474,718,492,226
113000475,907,950,-43
113000476,1143,1316,-173
113000477,2686,1322,1364
113000478,2439,2827,-388
113000479,95,101,-6
113000485,0,0,0
113000486,1,0,1
113000487,0,0,0
113000488,0,1,-1
113000489,0,1,-1
113000490,0,1,-1
113000491,5,1,4
113000492,0,2,-2
113000495,149,119,30
113000496,126,87,39
113000497,0,0,0
113000499,0,0,0
113900001,2,283,-281
113900002,0,35,-35
113900003,1,34,-33
113900004,3,72,-69
113900005,1,84,-83
113900006,1,33,-32
113900007,10,2,8
113900008,27,0,27
113900009,36,4,32
113900010,23,4,19
113900011,56,1,55
113900012,53,1,52
113900013,102,8,94
113900014,485,6,479
113900015,0,22,-22
113900016,20,0,20
113900017,2,33,-31
113900018,230,271,-41
113900019,182,47,135
113900020,149,0,149
113900022,29,1,28
113900023,22,0,22
113900024,64,21,43
113900025,136,17,119
113900026,70,2,68
113900027,1,54,-53
113900028,27,347,-320
113900029,75,120,-45
113900030,258,0,258
113900031,22,0,22
113900032,36,1,35
113900033,103,62,41
113900035,75,4,71
113900036,18,66,-48
113900037,148,302,-154
113900038,66,99,-33
113900039,120,21,99
113900040,9,19,-10
113900041,13,5,8
113900042,72,32,40
113900043,97,76,21
113900044,231,282,-51
113900045,69,7,62
113900046,142,396,-254
113900047,34,92,-58
113900048,113,94,19
113900049,318,274,44
113900050,192,259,-67
113900051,203,196,7
113900052,75,84,-9
113900053,487,452,35
113900054,16,2,14
113900055,85,241,-156
113900056,32,118,-86
113900057,20,38,-18
113900058,54,56,-2
113900059,217,159,58
113900060,109,244,-135
113900061,414,235,179
113900062,110,12,98
113900063,96,84,12
113900064,17,64,-47
113900065,288,9,279
113900066,294,173,121
113900067,142,109,33
113900068,343,450,-107
113900069,20,24,-4
113900070,113,285,-172
113900071,43,39,4
113900072,51,111,-60
113900073,332,243,89
113900074,97,150,-53
113900075,986,1157,-171
113900076,128,12,116
113900077,47,105,-58
113900078,42,71,-29
113900079,2,15,-13
113900080,413,129,284
113900081,50,125,-75
113900082,133,169,-36
113900083,323,191,132
113900084,183,95,88
113900085,37,173,-136
113900086,35,12,23
113900087,87,93,-6
113900088,69,81,-12
113900089,239,30,209
113900090,461,256,205
113900091,25,14,11
113900092,36,63,-27
113900093,56,616,-560
113900094,375,170,205
113900095,103,121,-18
113900096,199,57,142
113900097,24,39,-15
113900098,623,86,537
113900099,3,55,-52
113900100,0,4,-4
113900101,25,65,-40
113900102,96,150,-54
113900103,305,236,69
113900104,96,193,-97
113900105,146,119,27
113900106,2,33,-31
113900107,0,17,-17
113900108,158,186,-28
113900109,253,244,9
113900110,52,21,31
113900111,180,66,114
113900112,91,32,59
113900113,699,324,375
113900114,0,34,-34
113900115,1,36,-35
113900116,70,90,-20
113900117,52,22,30
113900118,184,320,-136
113900119,144,415,-271
113900120,93,46,47
113900121,57,54,3
113900122,287,1800,-1513
113900123,409,141,268
113900124,1,30,-29
113900125,439,98,341
113900126,118,50,68
113900127,294,579,-285
113900128,108,41,67
113900129,6,174,-168
113900130,0,57,-57
113900131,199,60,139
113900132,64,53,11
113900133,5,82,-77
113900135,286,237,49
113900136,94,65,29
113900137,266,274,-8
113900138,26,118,-92
113900139,159,181,-22
113900140,131,274,-143
113900141,451,150,301
113900142,133,48,85
113900143,7,40,-33
113900144,110,164,-54
113900145,337,90,247
113900146,133,53,80
113900148,66,281,-215
113900149,128,67,61
113900150,211,316,-105
113900151,356,126,230
113900152,53,49,4
113900153,112,450,-338
113900154,4,66,-62
113900155,158,187,-29
113900156,129,237,-108
113900157,36,255,-219
113900158,136,343,-207
113900159,13,226,-213
113900160,328,300,28
113900161,62,196,-134
113900162,196,557,-361
113900163,164,178,-14
113900164,258,51,207
113900165,555,226,329
113900166,62,144,-82
113900167,305,32,273
113900168,62,60,2
113900169,142,220,-78
113900171,228,66,162
113900172,4,111,-107
113900173,16,271,-255
113900174,364,339,25
113900175,245,122,123
113900176,258,271,-13
113900177,282,134,148
113900178,282,78,204
113900179,16,201,-185
113900180,96,52,44
113900181,574,107,467
113900182,504,576,-72
113900183,36,61,-25
113900184,15,163,-148
113900185,166,67,99
113900186,28,14,14
113900187,31,82,-51
113900188,36,86,-50
113900189,199,86,113
113900190,182,67,115
113900191,80,96,-16
113900192,8,380,-372
113900193,18,90,-72
113900194,879,634,245
113900195,168,273,-105
113900196,2,92,-90
113900197,0,59,-59
113900198,35,209,-174
113900199,58,486,-428
113900200,22,141,-119
113900201,0,64,-64
113900202,40,180,-140
113900203,0,44,-44
113900204,31,281,-250
113900205,1,99,-98
113900206,0,112,-112
113900207,1,30,-29
113900208,0,31,-31
113900209,0,66,-66
113900210,323,498,-175
113900211,149,61,88
113900212,167,276,-109
113900214,262,351,-89
113900215,116,100,16
113900216,113,470,-357
113900217,86,138,-52
113900218,119,76,43
113900219,78,224,-146
113900220,147,126,21
113900221,297,198,99
113900222,163,447,-284
113900223,117,412,-295
113900224,66,63,3
113900225,369,139,230
113900226,292,72,220
113900227,374,231,143
113900228,196,378,-182
113900229,48,567,-519
113900230,2189,2577,-388
113900231,113,108,5
113900232,130,66,64
113900233,102,48,54
113900234,241,325,-84
113900235,83,30,53
113900236,201,188,13
113900237,134,14,120
113900238,184,494,-310
113900239,35,91,-56
113900240,3,201,-198
113900241,123,48,75
113900242,11,123,-112
113900243,63,247,-184
113900244,133,133,0
113900245,779,218,561
113900246,17,18,-1
113900247,113,408,-295
113900248,1500,1440,60
113900249,554,490,64
113900250,41,116,-75
113900251,704,90,614
113900252,518,11,507
113900253,480,58,422
113900254,641,119,522
113900255,427,17,410
113900256,251,24,227
113900257,13,279,-266
113900258,17,159,-142
113900259,538,60,478
113900260,223,14,209
113900261,28,61,-33
113900262,112,277,-165
113900263,96,389,-293
113900264,3,264,-261
113900265,133,175,-42
113900266,30,107,-77
113900267,71,312,-241
113900268,283,286,-3
113900269,55,74,-19
113900270,187,398,-211
113900271,472,537,-65
113900273,22,6,16
113900274,69,31,38
113900275,16,41,-25
113900276,1,63,-62
113900277,122,2,120
113900278,162,114,48
113900279,79,52,27
113900280,1177,426,751
113900281,429,1048,-619
113900282,432,485,-53
113900283,398,451,-53
113900284,648,107,541
113900285,121,24,97
113900286,34,73,-39
113900287,49,8,41
113900288,2,67,-65
113900289,474,99,375
113900290,147,263,-116
113900291,85,111,-26
113900292,8,8,0
113900293,8,157,-149
113900294,431,18,413
113900295,321,292,29
113900296,1017,326,691
113900297,2069,49,2020
113900298,32,923,-891
113900299,128,71,57
113900300,2471,2773,-302
113900301,652,321,331
113900302,1582,864,718
113900303,256,422,-166
113900304,3,68,-65
113900305,142,0,142
113900306,94,2,92
113900307,15,0,15
113900308,67,89,-22
113900309,3,273,-270
113900310,0,11,-11
113900311,8,0,8
113900312,200,202,-2
113900313,6,3,3
113900314,0,11,-11
113900315,36,1,35
114000001,769,1496,-727
114000002,263,205,58
114000003,140,433,-293
114000004,279,196,83
114000005,267,163,104
114000006,1378,1025,353
114000007,414,682,-268
114000008,919,1457,-538
114000009,720,162,558
114000011,2161,1485,676
114000012,2237,1053,1184
114000013,1440,845,595
114000014,453,277,176
114000015,1575,195,1380
114000016,140,115,25
114000017,76,297,-221
114000018,85,22,63
114000026,1740,612,1128
114000027,3042,1352,1690
114000028,1751,2135,-384
114000038,260,92,168
114000039,168,95,73
114000040,76,155,-79
114000042,193,84,109
114000043,347,170,177
114000044,278,102,176
114000045,60,51,9
114000046,1841,2606,-765
114000047,8,33,-25
114000048,94,97,-3
114000049,1142,985,157
114000050,1165,1208,-43
114000051,2081,1332,749
114000052,2952,1221,1731
114000053,94,442,-348
114000054,144,458,-314
114000055,155,23,132
114000056,322,788,-466
114000057,3015,1431,1584
114000058,195,1102,-907
114000059,99,310,-211
114000060,400,585,-185
114000061,1621,2460,-839
114000062,878,1256,-378
114000063,1222,958,264
114000064,2425,2673,-248
114000065,1053,1428,-375
114000066,345,374,-29
114000067,18,584,-566
114000068,363,474,-111
114000069,693,402,291
114000070,1548,1438,110
114000071,548,314,234
114000072,412,162,250
114000073,11,37,-26
114000074,55,9,46
114000075,41,34,7
114000076,30,44,-14
114000077,3,13,-10
114000078,253,264,-11
114000079,169,29,140
114000080,34,56,-22
114000081,48,34,14
114000082,25,253,-228
114000083,64,113,-49
114000084,250,64,186
114000085,88,299,-211
114000086,176,215,-39
114000087,120,72,48
114000088,38,24,14
114000089,361,215,146
114000090,675,615,60
114000091,812,535,277
114000092,680,326,354
114000093,1029,479,550
114000094,266,177,89
114000095,147,140,7
114000096,46,105,-59
114000097,74,172,-98
114000098,511,62,449
114000099,586,288,298
114000100,1227,330,897
114000101,379,293,86
114000102,501,219,282
114000103,90,219,-129
114000104,44,123,-79
114000105,139,45,94
114000106,487,930,-443
114000107,460,108,352
114000108,1121,788,333
114000109,599,1437,-838
114000110,415,782,-367
114000111,1630,711,919
114000112,489,1350,-861
114000113,1492,435,1057
114000114,993,845,148
114000115,2107,1026,1081
114000116,688,1675,-987
114000117,2582,486,2096
114000118,2140,379,1761
114000119,1593,372,1221
114000120,414,401,13
114000121,382,542,-160
114000122,315,258,57
114000123,1555,282,1273
114000124,818,141,677
114000125,627,624,3
114000126,1385,169,1216
114000127,247,87,160
114000128,732,226,506
114000130,518,342,176
114000131,257,76,181
114000132,444,264,180
114000133,580,710,-130
114000134,67,61,6
114000138,40,122,-82
114000139,351,246,105
114000144,663,563,100
114000145,68,63,5
114000146,61,141,-80
114000147,1184,1943,-759
114000148,1434,1483,-49
114000149,263,281,-18
114000150,826,1011,-185
114000151,961,1954,-993
114000152,62,32,30
114000153,636,1623,-987
114000154,536,605,-69
114000155,1004,1839,-835
114000156,562,448,114
114000157,226,696,-470
114000158,903,537,366
114000159,134,287,-153
114000160,87,272,-185
114000161,811,2403,-1592
114000162,791,2155,-1364
114000163,33,57,-24
114000165,472,294,178
114000166,511,240,271
114000167,1709,1015,694
114000168,495,415,80
114000169,963,1143,-180
114000170,978,948,30
114000171,1071,3675,-2604
114000174,142,318,-176
114000176,297,325,-28
114000177,1122,496,626
114000178,47,47,0
114000179,993,644,349
114000180,286,435,-149
114000181,1456,2938,-1482
114000182,1223,1660,-437
114000183,556,615,-59
114000184,1432,594,838
114000185,977,588,389
114000189,965,124,841
114000190,2544,393,2151
114000191,43,92,-49
114000192,114,680,-566
114000193,348,1124,-776
114000194,1114,533,581
114000195,249,33,216
114000196,2,89,-87
114000197,1231,33,1198
114000198,596,235,361
114000199,1488,1632,-144
114000200,382,888,-506
114000201,119,377,-258
114000202,688,293,395
114000203,560,342,218
114000204,165,246,-81
114000205,130,745,-615
114000206,443,823,-380
114000207,363,880,-517
114000208,323,1156,-833
114000209,338,1072,-734
114000210,169,592,-423
114000211,939,1002,-63
114000212,559,565,-6
114000213,1028,375,653
114000214,79,95,-16
114000215,163,64,99
114000216,1049,231,818
114000217,334,147,187
114000218,131,126,5
114000219,1047,118,929
114000220,13,378,-365
114000221,767,119,648
114000222,118,452,-334
114000223,444,119,325
114000224,46,357,-311
114000225,244,391,-147
114000226,143,193,-50
114000227,785,405,380
114000228,620,401,219
114000229,931,738,193
114000230,1210,613,597
114000231,861,871,-10
114000232,596,141,455
114000233,1890,102,1788
114000234,819,541,278
114000235,864,840,24
114000236,1,264,-263
114000237,130,513,-383
114000238,168,161,7
114000239,154,570,-416
114000240,589,695,-106
114000241,187,553,-366
114000242,550,513,37
114000243,1413,642,771
114000244,537,248,289
114000245,326,542,-216
114000246,69,51,18
114000247,608,426,182
114000248,952,405,547
114000249,392,378,14
114000250,519,391,128
114000251,375,167,208
114000252,35,37,-2
114000253,57,59,-2
114000254,66,42,24
114000255,332,139,193
114000256,499,1658,-1159
114000257,398,715,-317
114000258,235,188,47
114000259,57,148,-91
114000260,0,17,-17
114000261,46,26,20
114000262,223,90,133
114000263,12,1,11
114000264,1060,274,786
114000265,0,0,0
114000267,1,1140,-1139
114000268,0,656,-656
114000270,120,1,119
114000271,255,29,226
114000283,1036,278,758
114000285,13,100,-87
114000288,78,202,-124
114000289,1033,136,897
114000293,151,315,-164
114000294,165,187,-22
114000395,964,17,947
114000396,472,534,-62
114000402,549,201,348
114000403,242,177,65
114000405,144,209,-65
114000423,304,185,119
114000424,355,60,295
114000425,797,144,653
114000426,227,621,-394
114000427,53,47,6
114000428,136,159,-23
114000429,15,112,-97
114000432,94,44,50
114000434,28,40,-12
114000435,1,109,-108
114900001,548,427,121
114900002,350,137,213
114900003,556,627,-71
114900004,221,270,-49
114900005,552,436,116
114900006,87,52,35
114900007,221,29,192
114900008,168,90,78
114900010,968,1327,-359
114900011,153,101,52
114900013,194,123,71
114900018,1136,61,1075
114900020,158,69,89
114900022,27,519,-492
114900025,365,123,242
114900026,102,89,13
114900029,150,24,126
114900030,300,125,175
114900031,320,31,289
114900032,354,20,334
114900034,26,128,-102
114900035,114,190,-76
114900036,101,303,-202
114900039,381,218,163
114900040,43,44,-1
114900041,711,169,542
114900042,762,235,527
114900044,157,39,118
114900047,214,1874,-1660
114900048,121,180,-59
114900049,27,144,-117
114900050,57,190,-133
114900051,32,244,-212
114900052,55,182,-127
114900053,93,219,-126
114900054,32,56,-24
114900057,174,12,162
114900058,0,56,-56
114900059,84,72,12
114900063,81,76,5
114900064,1574,197,1377
114900065,445,440,5
114900067,29,272,-243
114900068,65,130,-65
114900069,143,116,27
114900070,430,225,205
114900072,2,241,-239
114900073,1,85,-84
114900074,574,310,264
114900075,274,6,268
114900076,7,177,-170
114900080,949,242,707
114900082,2094,1968,126
114900083,644,739,-95
114900090,287,139,148
114900091,93,123,-30
114900097,150,2,148
114900098,4,118,-114
114900099,191,7,184
115000001,3210,1909,1301
115000002,2889,3582,-693
115000003,3309,1492,1817
115000004,3335,4754,-1419
115000005,1298,1325,-27
115000006,929,1188,-259
115000007,199,158,41
115000008,328,437,-109
115000009,182,186,-4
115000010,191,180,11
115000013,58,208,-150
115000015,56,278,-222
115000016,38,191,-153
115000019,82,351,-269
115000020,92,677,-585
115000021,165,300,-135
115000022,425,322,103
115000023,309,499,-190
115000024,779,374,405
115000025,702,655,47
115000026,157,277,-120
115000027,235,253,-18
115000028,142,594,-452
115000029,508,74,434
115000030,617,886,-269
115000031,1172,199,973
115000032,10,204,-194
115000033,147,32,115
115000034,42,808,-766
115000035,902,55,847
115000036,0,206,-206
115000037,458,20,438
115000038,39,146,-107
115000039,2116,2383,-267
115000040,2829,2093,736
115000041,1366,3058,-1692
115000042,483,475,8
115000043,3566,2086,1480
115000044,3151,2424,727
115000045,1888,850,1038
115000046,2259,1835,424
115000047,1926,1020,906
115000048,1412,1213,199
115000049,1269,1970,-701
115000050,2525,1116,1409
115000051,1193,2623,-1430
115000052,1241,1210,31
115000053,1519,1438,81
115000054,456,700,-244
115000055,160,657,-497
115000056,211,448,-237
115000057,574,857,-283
115000058,504,308,196
115000059,151,96,55
115000061,116,113,3
115000062,161,180,-19
115000063,404,185,219
115000064,231,59,172
115000065,68,426,-358
115000067,146,24,122
115000069,97,217,-120
115000070,19,538,-519
115000071,54,11,43
115000072,6,49,-43
115000073,917,62,855
115000075,97,54,43
115000076,1928,1587,341
115000077,1515,1106,409
115000078,1154,740,414
115000079,904,995,-91
115000080,1889,1156,733
115000081,376,537,-161
115000082,3227,2695,532
115000083,1474,993,481
115000084,2043,816,1227
115000085,658,436,222
115000086,965,508,457
115000087,307,906,-599
115000088,1336,492,844
115000089,953,795,158
115000090,341,724,-383
115000091,159,546,-387
115000092,681,395,286
115000093,382,4,378
115000094,4073,4824,-751
115000095,2824,4819,-1995
115000096,623,808,-185
115000097,1018,738,280
115000098,887,460,427
115000099,2050,1551,499
115000100,984,251,733
115000101,375,853,-478
115000102,405,192,213
115000103,166,418,-252
115000105,97,93,4
115000106,559,277,282
115000107,156,228,-72
115000108,1770,1531,239
115000109,2639,3803,-1164
115000110,977,1323,-346
115000111,489,1058,-569
115000112,556,566,-10
115000113,442,523,-81
115000114,1194,428,766
115000116,2566,1826,740
115000117,2377,2099,278
115000118,2083,1410,673
115000119,1787,1549,238
115000120,515,1085,-570
115000121,842,552,290
115000122,1291,1372,-81
115000123,765,1723,-958
115000124,519,760,-241
115000125,269,451,-182
115000126,117,219,-102
115000127,287,81,206
115000128,307,626,-319
115000129,189,327,-138
115000130,341,431,-90
115000131,834,177,657
115000132,292,214,78
115000133,577,167,410
115000134,257,148,109
115000135,164,119,45
115000136,208,205,3
115000137,88,88,0
115000138,332,235,97
115000139,213,142,71
115000140,392,162,230
115000141,169,132,37
115000142,160,135,25
115000143,766,473,293
115000144,400,66,334
115000145,215,153,62
115000146,471,260,211
115000147,264,282,-18
115000148,193,472,-279
115000149,431,207,224
115000150,466,346,120
115000151,834,381,453
115000152,476,390,86
115000153,750,342,408
115000154,685,229,456
115000155,524,488,36
115000156,674,578,96
115000157,429,563,-134
115000158,314,417,-103
115000159,392,430,-38
115000160,360,328,32
115000161,84,287,-203
115000162,459,605,-146
115000163,378,552,-174
115000164,657,542,115
115000165,266,386,-120
115000167,145,31,114
115000168,313,211,102
115000169,276,313,-37
115000170,93,115,-22
115000171,226,255,-29
115000172,525,461,64
115000173,267,542,-275
115000174,69,267,-198
115000175,144,56,88
115000176,79,50,29
115000177,58,73,-15
115000178,14,104,-90
115000179,17,31,-14
115000180,77,327,-250
115000181,509,107,402
115000182,640,175,465
115000183,339,415,-76
115000186,568,170,398
115000187,163,433,-270
115000188,286,343,-57
115000189,128,354,-226
115000190,465,302,163
115000191,91,402,-311
115000194,98,101,-3
115000195,220,205,15
115000196,143,65,78
115000197,188,132,56
115000198,360,131,229
115000199,440,109,331
115000200,342,83,259
115000201,133,172,-39
115000206,404,36,368
115000207,145,173,-28
115000208,224,362,-138
115000209,408,238,170
115000210,125,102,23
115000211,184,155,29
115000212,926,228,698
115000224,336,44,292
115000225,37,71,-34
115000229,86,61,25
115000230,50,194,-144
115000231,205,777,-572
115000232,1651,224,1427
115000233,70,122,-52
115000234,30,269,-239
115000241,76,163,-87
115000242,86,156,-70
115000243,38,129,-91
115000244,27,89,-62
115000246,55,26,29
115000247,37,18,19
115000248,35,13,22
115000249,18,11,7
115000250,233,19,214
115000251,251,51,200
115000252,63,145,-82
115000253,10,322,-312
115000258,275,79,196
115000259,255,109,146
115000261,15,15,0
115000262,15,36,-21
115000263,18,30,-12
115000264,46,35,11
115000267,56,52,4
115000268,45,101,-56
115000269,98,63,35
115000270,8,13,-5
115000272,52,99,-47
115000273,401,24,377
115000280,2349,226,2123
115000281,353,974,-621
115000282,458,431,27
115000284,200,131,69
115000296,777,10,767
115000297,126,158,-32
115000298,71,433,-362
115000300,165,105,60
115000302,569,58,511
115000303,667,49,618
115000304,671,67,604
115000305,100,312,-212
115000306,125,154,-29
115000307,99,136,-37
115000308,23,19,4
115000309,0,1,-1
115000310,935,363,572
115000311,875,741,134
115000313,86,312,-226
115000314,444,141,303
115000315,600,624,-24
115000316,98,120,-22
115000317,124,282,-158
115000318,561,183,378
115000319,61,209,-148
115000320,10,297,-287
115000321,180,2,178
115000322,64,150,-86
115000449,134,142,-8
115000557,3,1178,-1175
115000558,302,90,212
115000587,569,229,340
115000588,1483,1650,-167
115000589,2797,1679,1118
115000590,988,1085,-97
115000591,1199,608,591
115000592,374,1365,-991
115000593,1023,511,512
115000594,467,2123,-1656
115000609,136,178,-42
115000617,711,2448,-1737
115000624,253,51,202
115000633,260,1205,-945
115000634,2031,631,1400
115000635,526,130,396
115000638,394,362,32
115000641,40,155,-115
115000642,221,191,30
115000643,121,329,-208
115000644,101,271,-170
115000646,716,1272,-556
115000647,149,312,-163
115000648,1673,996,677
115000893,1656,1101,555
115000894,96,728,-632
115000895,267,797,-530
115000896,986,343,643
115000897,421,117,304
115000898,301,147,154
115000899,269,838,-569
115000900,55,295,-240
115000901,43,114,-71
115000912,321,57,264
115000913,2,9,-7
115000915,15,0,15
115000916,3,0,3
115000917,0,5,-5
115000918,33,381,-348
115000919,6,6,0
115000920,8,43,-35
115000921,286,83,203
115000922,613,812,-199
115000923,216,1182,-966
115000925,114,73,41
115000927,43,76,-33
115000933,154,317,-163
115000934,120,135,-15
115000935,101,48,53
115000936,22,641,-619
115000937,571,176,395
115000938,113,255,-142
115000939,119,170,-51
115000940,17,12,5
115000941,4,25,-21
115000942,21,128,-107
115000943,15,32,-17
115000944,3,5,-2
115900001,120,28,92
115900002,78,57,21
115900003,215,58,157
115900004,1,18,-17
115900005,184,7,177
115900006,118,109,9
115900008,65,5,60
115900009,61,100,-39
115900010,307,111,196
115900011,342,117,225
115900012,200,46,154
115900013,214,93,121
115900014,101,78,23
115900015,172,55,117
115900016,94,21,73
115900017,31,9,22
115900018,160,44,116
115900019,36,9,27
115900020,96,1,95
115900021,560,194,366
115900022,695,8,687
115900023,13,4,9
115900025,34,202,-168
115900026,512,116,396
115900027,1,131,-130
115900028,435,54,381
115900029,7,148,-141
115900030,25,21,4
115900031,173,317,-144
115900032,420,412,8
115900033,0,25,-25
115900034,29,198,-169
115900035,37,15,22
115900036,52,849,-797
115900037,29,190,-161
115900038,45,4,41
115900039,117,100,17
115900041,323,552,-229
115900042,45,7,38
115900043,72,44,28
115900044,112,177,-65
115900046,276,119,157
115900047,140,173,-33
115900049,140,122,18
115900051,3,26,-23
115900052,5,114,-109
115900053,251,130,121
115900054,242,17,225
115900055,22,67,-45
115900056,134,124,10
115900057,30,9,21
115900058,16,20,-4
115900060,63,58,5
115900061,215,2,213
115900062,34,146,-112
115900063,66,10,56
115900064,154,160,-6
115900065,113,41,72
115900066,75,69,6
115900067,7,292,-285
115900068,1783,897,886
115900069,45,94,-49
115900070,116,93,23
115900071,2,166,-164
115900072,24,114,-90
115900073,81,83,-2
115900074,4,178,-174
115900075,30,108,-78
115900076,5,38,-33
115900077,6,138,-132
115900078,56,85,-29
115900079,282,14,268
115900080,297,172,125
115900081,11,29,-18
115900082,63,68,-5
115900084,480,15,465
115900085,26,50,-24
115900086,859,368,491
115900088,5,44,-39
115900089,333,408,-75
115900090,439,6,433
115900091,6,13,-7
115900092,44,77,-33
115900093,10,8,2
115900094,1,120,-119
115900096,5,12,-7
115900097,8,197,-189
115900098,185,182,3
115900099,25,41,-16
115900100,17,281,-264
115900101,147,119,28
115900102,95,51,44
115900103,195,92,103
115900104,67,62,5
115900105,280,273,7
115900106,107,15,92
115900107,56,46,10
115900108,146,27,119
115900109,23,202,-179
115900110,8,7,1
115900111,2,55,-53
115900112,32,344,-312
115900113,71,11,60
115900114,0,92,-92
115900115,60,144,-84
115900116,83,425,-342
115900117,98,15,83
115900118,1,149,-148
115900119,113,89,24
115900120,23,170,-147
115900121,191,119,72
115900124,246,533,-287
115900125,361,37,324
115900126,663,97,566
115900127,586,50,536
115900128,10,45,-35
115900129,499,39,460
115900130,26,202,-176
115900131,296,20,276
115900132,533,7,526
115900134,300,23,277
115900135,251,852,-601
115900137,26,4,22
115900139,23,71,-48
115900140,271,24,247
115900141,5,30,-25
115900142,10,18,-8
115900143,198,152,46
115900144,145,133,12
115900146,15,41,-26
115900147,216,243,-27
115900148,67,7,60
115900149,103,7,96
115900150,67,22,45
115900151,6,89,-83
115900152,140,174,-34
115900153,107,111,-4
115900154,247,236,11
115900155,0,26,-26
115900156,589,685,-96
115900157,204,371,-167
115900158,11,9,2
115900159,140,138,2
115900160,2,1,1
115900161,36,75,-39
115900163,196,70,126
115900164,581,14,567
115900166,158,95,63
115900168,113,82,31
115900171,88,282,-194
115900172,50,111,-61
115900173,258,78,180
115900174,161,179,-18
115900175,123,137,-14
115900178,4,273,-269
115900179,260,3,257
115900180,16,72,-56
115900181,216,106,110
115900182,392,111,281
115900183,48,48,0
115900184,727,8,719
115900187,6,112,-106
115900189,0,201,-201
115900190,130,969,-839
115900191,24,139,-115
115900192,6,85,-79
115900193,195,89,106
115900194,549,57,492
115900195,342,1744,-1402
115900198,183,201,-18
115900199,180,108,72
115900200,194,224,-30
115900201,247,276,-29
115900202,1,70,-69
115900203,2,22,-20
115900204,0,3,-3
115900205,59,7,52
115900206,191,85,106
115900207,31,5,26
115900208,65,71,-6
115900209,4,109,-105
115900210,5,92,-87
115900211,2,117,-115
115900212,161,152,9
115900213,75,84,-9
115900214,561,186,375
115900215,27,188,-161
115900216,3,80,-77
115900217,0,39,-39
115900218,3,28,-25
115900219,140,8,132
115900220,185,8,177
115900221,106,15,91
115900222,76,28,48
115900223,14,393,-379
115900224,565,1108,-543
115900225,46,43,3
115900226,13,28,-15
115900227,14,40,-26
115900228,8,37,-29
115900229,16,37,-21
115900230,49,100,-51
115900231,98,2,96
115900232,48,3,45
115900233,74,16,58
115900234,47,24,23
115900235,31,20,11
115900236,15,35,-20
115900237,23,14,9
115900238,14,17,-3
115900239,15,20,-5
115900240,7,37,-30
115900241,157,66,91
115900242,224,368,-144
115900243,8,3,5
115900244,11,6,5
115900245,36,1,35
115900246,6,15,-9
115900247,30,10,20
115900248,9,3,6
115900249,7,6,1
115900250,14,14,0
115900251,2,8,-6
115900252,6,4,2
115900253,9,12,-3
115900254,4,26,-22
115900255,0,18,-18
115900256,17,95,-78
115900257,11,11,0
115900258,0,2,-2
115900259,2,2,0
115900260,8,1,7
115900261,2,0,2
115900262,3,0,3
115900263,11,0,11
115900264,14,4,10
115900265,1,7,-6
115900266,5,17,-12
115900267,9,21,-12
115900268,2,6,-4
115900269,509,193,316
115900270,387,158,229
115900271,123,1,122
115900272,33,2,31
115900273,12,32,-20
115900274,1,5,-4
115900275,4,17,-13
115900276,0,9,-9
115900277,0,31,-31
115900278,41,52,-11
115900279,19,148,-129
115900280,31,367,-336
115900281,182,305,-123
115900282,9,11,-2
115900283,50,15,35
115900284,26,3,23
116000001,4438,2368,2070
116000002,3462,9240,-5778
116000003,922,966,-44
116000004,2206,3010,-804
116000005,1275,2017,-742
116000006,1960,2357,-397
116000007,1792,1886,-94
116000008,2781,1917,864
116000009,849,1178,-329
116000010,2022,1257,765
116000011,730,1089,-359
116000012,1388,930,458
116000013,4359,2621,1738
116000014,5811,9737,-3926
116000015,137,1161,-1024
116000016,3087,2960,127
116000017,16,723,-707
116000018,580,183,397
116000019,863,267,596
116000020,584,519,65
116000021,493,225,268
116000022,329,189,140
116000023,787,482,305
116000024,516,617,-101
116000025,464,444,20
116000026,1329,1833,-504
116000027,497,515,-18
116000028,394,897,-503
116000029,352,589,-237
116000030,648,522,126
116000031,126,228,-102
116000032,338,126,212
116000033,323,398,-75
116000034,709,651,58
116000035,314,523,-209
116000036,999,1256,-257
116000037,421,404,17
116000038,203,419,-216
116000039,349,474,-125
116000040,417,392,25
116000041,101,353,-252
116000042,565,275,290
116000043,68,478,-410
116000044,14,46,-32
116000045,1576,1146,430
116000046,892,1389,-497
116000047,1258,1873,-615
116000048,1448,1504,-56
116000049,1145,2627,-1482
116000050,1396,1123,273
116000051,5335,2255,3080
116000052,5124,4002,1122
116000053,1676,727,949
116000054,784,1923,-1139
116000055,703,650,53
116000056,898,895,3
116000057,2033,1047,986
116000058,2172,1728,444
116000059,1887,3083,-1196
116000060,1320,898,422
116000061,547,810,-263
116000062,470,242,228
116000063,444,902,-458
116000066,202,517,-315
116000067,209,269,-60
116000068,186,204,-18
116000069,169,189,-20
116000078,486,836,-350
116000080,1440,594,846
116000082,0,24,-24
116000083,1471,391,1080
116000084,1460,1897,-437
116000085,1622,1711,-89
116000086,1290,713,577
116000087,1955,1474,481
116000088,535,500,35
116000089,149,82,67
116000090,69,127,-58
116000091,283,279,4
116000093,479,226,253
116000094,531,438,93
116000095,758,313,445
116000096,646,1110,-464
116000097,747,383,364
116000098,53,4703,-4650
116000099,3163,226,2937
116000100,276,18,258
116000101,771,398,373
116000102,220,600,-380
116000103,420,211,209
116000104,198,704,-506
116000105,1017,107,910
116000106,538,769,-231
116000107,2046,288,1758
116000108,356,160,196
116000111,114,19,95
116000113,148,110,38
116000114,57,88,-31
116000115,278,89,189
116000116,308,253,55
116000117,1261,1295,-34
116000118,1215,794,421
116000119,2725,1314,1411
116000120,2178,2177,1
116000121,715,463,252
116000122,859,849,10
116000123,1005,367,638
116000124,297,509,-212
116000125,2557,661,1896
116000126,247,718,-471
116000127,765,740,25
116000128,1544,726,818
116000129,1135,196,939
116000130,625,424,201
116000133,940,635,305
116000134,1352,975,377
116000135,2132,1077,1055
116000136,700,1066,-366
116000137,975,494,481
116000138,632,522,110
116000139,1114,1526,-412
116000140,122,157,-35
116000141,233,361,-128
116000142,2083,1517,566
116000143,1559,1307,252
116000144,1108,1047,61
116000145,1433,789,644
116000146,536,83,453
116000147,173,120,53
116000148,475,450,25
116000149,624,432,192
116000151,426,296,130
116000153,78,230,-152
116000155,105,186,-81
116000156,287,553,-266
116000157,104,6,98
116000158,316,270,46
116000159,19,9,10
116000160,26,36,-10
116000161,20,34,-14
116000162,51,75,-24
116000163,27,10,17
116000164,9,23,-14
116000177,256,123,133
116000194,85,223,-138
116000195,1061,497,564
116000196,28,6,22
116000197,6,11,-5
116000198,1495,784,711
116000200,477,442,35
116000201,511,513,-2
116000202,7,183,-176
116000203,4,57,-53
116000204,15,51,-36
116000205,0,118,-118
116000206,3,140,-137
116000207,4,50,-46
116000233,158,258,-100
116000287,184,234,-50
116000288,358,165,193
116000292,47,70,-23
116000296,12,114,-102
116000297,77,7,70
116000304,108,26,82
116000305,31,39,-8
116000346,111,53,58
116000352,83,14,69
116000354,33,7,26
116000357,10,19,-9
116000358,337,81,256
116000361,142,7,135
116000372,2433,3563,-1130
116000381,76,0,76
116000388,5,40,-35
116000389,594,406,188
116000445,435,240,195
116000446,577,301,276
116000447,25,486,-461
116000448,410,133,277
116000563,558,672,-114
116000565,52,239,-187
116000568,32,291,-259
116000579,24,112,-88
116000583,101,58,43
116000584,15,4,11
116000585,42,24,18
116000586,63,63,0
116000587,508,552,-44
116000589,22,48,-26
116000590,78,33,45
116000591,320,183,137
116000592,13,56,-43
116000593,0,20,-20
116000594,592,277,315
116000595,490,92,398
116000596,96,4,92
116000597,375,99,276
116000598,17,90,-73
116000605,136,77,59
116000606,57,204,-147
116000607,2,21,-19
116000609,99,735,-636
116000611,113,226,-113
116000612,740,1397,-657
116000613,574,267,307
116000614,307,347,-40
116000615,1,262,-261
116000616,19,65,-46
116000617,101,22,79
116000618,3,37,-34
116000619,31,50,-19
116000620,143,97,46
116000621,75,82,-7
116000622,64,124,-60
116000624,252,84,168
116000627,98,16,82
116000628,37,141,-104
116000629,15,123,-108
116000630,241,23,218
116000631,115,17,98
116000632,788,51,737
116000633,171,119,52
116000634,336,73,263
116000635,1740,1923,-183
116000636,482,1130,-648
116000637,444,42,402
116000638,158,163,-5
116000639,60,3,57
116000640,13,9,4
116000641,21,90,-69
116000643,0,107,-107
116000644,17,198,-181
116000645,35,6,29
116900001,191,133,58
116900002,172,2,170
116900003,55,27,28
116900004,28,53,-25
116900005,235,45,190
116900006,69,107,-38
116900007,106,168,-62
116900008,330,148,182
116900009,24,1,23
116900010,2,564,-562
116900011,18,28,-10
116900012,242,159,83
116900013,3,85,-82
116900014,142,106,36
116900016,195,2,193
116900017,2,271,-269
116900018,66,42,24
116900019,4,161,-157
116900020,466,911,-445
116900023,60,18,42
116900025,952,379,573
116900026,90,334,-244
116900027,26,42,-16
116900028,6,49,-43
116900029,0,57,-57
116900031,1,4,-3
116900032,6,166,-160
116900033,18,5,13
116900034,7,27,-20
116900035,131,114,17
116900036,9,61,-52
116900038,24,2,22
116900041,35,10,25
116900042,347,219,128
116900043,12,32,-20
116900047,27,161,-134
116900049,25,153,-128
116900050,106,255,-149
116900051,120,63,57
116900052,123,79,44
116900055,0,6,-6
116900057,10,111,-101
116900058,48,207,-159
116900059,0,79,-79
116900060,158,134,24
116900062,2,24,-22
116900064,80,289,-209
116900065,26,59,-33
116900067,85,53,32
116900068,85,118,-33
116900070,2,2,0
116900072,27,189,-162
116900073,17,65,-48
116900074,6,28,-22
116900076,31,40,-9
116900077,8,70,-62
116900078,168,54,114
116900079,57,108,-51
116900080,3,19,-16
116900081,280,710,-430
116900082,374,624,-250
116900083,48,23,25
116900084,96,69,27
116900085,40,100,-60
116900086,37,102,-65
116900088,254,82,172
116900090,117,19,98
116900091,329,9,320
116900092,78,426,-348
116900093,1573,1280,293
116900094,2310,3138,-828
116900095,208,105,103
116900096,59,349,-290
116900097,1484,2564,-1080
116900098,668,360,308
116900099,350,518,-168
116900100,864,50,814
116900101,210,316,-106
116900103,9,0,9
116900104,59,71,-12
116900105,335,171,164
116900106,1876,104,1772
116900107,1651,1957,-306
116900110,17,1,16
116900111,497,306,191
116900112,221,462,-241
116900113,881,1227,-346
116900116,72,727,-655
116900117,107,91,16
116900118,547,782,-235
116900120,345,56,289
116900121,137,12,125
116900122,758,304,454
116900123,237,357,-120
116900124,163,632,-469
116900125,399,108,291
116900126,61,400,-339
116900128,0,15,-15
116900129,3,205,-202
116900130,341,2788,-2447
116900131,81,212,-131
116900132,40,91,-51
116900133,114,80,34
116900134,196,215,-19
116900136,208,194,14
116900137,202,111,91
116900138,129,119,10
116900139,123,288,-165
116900140,144,120,24
116900141,607,368,239
116900142,1,55,-54
116900143,256,220,36
116900144,31,60,-29
116900145,55,137,-82
116900147,270,708,-438
116900148,5,46,-41
116900149,53,271,-218
116900150,8,9,-1
116900151,30,12,18
116900153,182,64,118
116900154,209,463,-254
116900155,52,61,-9
116900157,591,130,461
116900158,173,257,-84
116900159,38,267,-229
116900160,579,377,202
116900161,3146,5617,-2471
116900162,7,60,-53
116900163,178,64,114
116900164,47,61,-14
116900165,213,161,52
116900166,34,26,8
116900167,369,40,329
116900168,321,51,270
116900169,290,697,-407
116900170,268,354,-86
116900171,40,91,-51
116900172,114,380,-266
116900173,206,21,185
116900174,51,43,8
116900175,206,235,-29
116900178,34,71,-37
116900179,51,314,-263
116900180,75,13,62
116900182,538,190,348
116900183,145,71,74
116900185,35,50,-15
116900186,81,115,-34
116900187,44,56,-12
116900188,142,30,112
116900189,44,0,44
116900191,341,474,-133
116900192,239,85,154
116900194,145,1272,-1127
116900195,32,12,20
116900196,10,53,-43
116900197,106,7,99
116900198,89,218,-129
116900200,89,22,67
116900201,106,2,104
116900202,65,14,51
116900203,132,5,127
116900204,36,91,-55
116900206,21,11,10
116900207,29,31,-2
116900208,10,31,-21
116900209,53,71,-18
116900210,443,259,184
116900211,140,1,139
116900212,53,48,5
116900213,155,92,63
116900214,209,103,106
116900215,41,58,-17
116900216,222,145,77
116900218,4,114,-110
116900219,1090,273,817
116900220,106,191,-85
116900221,93,212,-119
116900222,410,301,109
116900223,132,228,-96
116900226,60,25,35
116900227,140,51,89
116900228,291,108,183
116900230,98,376,-278
116900233,701,101,600
116900234,10,4,6
116900235,108,143,-35
116900238,1172,235,937
116900239,14,653,-639
116900240,3063,2734,329
116900241,107,57,50
116900242,399,631,-232
116900243,4,19,-15
116900245,21,37,-16
116900246,78,14,64
116900247,904,33,871
116900248,71,27,44
116900249,279,55,224
116900250,350,32,318
116900251,329,397,-68
116900252,120,466,-346
116900254,12,64,-52
116900255,99,69,30
116900256,300,78,222
116900257,16,249,-233
116900258,5,118,-113
116900259,238,19,219
116900260,3,57,-54
116900261,68,2,66
116900262,210,90,120
116900263,1,9,-8
116900264,99,36,63
116900265,55,2,53
116900266,19,18,1
116900267,15,1,14
116900268,141,84,57
116900269,256,537,-281
116900271,425,228,197
116900272,239,192,47
116900273,129,102,27
116900274,117,39,78
116900275,161,31,130
116900276,284,167,117
116900277,291,29,262
116900278,6,7,-1
116900279,4,8,-4
116900280,33,19,14
116900281,2259,3395,-1136
116900282,1,29,-28
116900283,18,56,-38
116900284,9,122,-113
116900285,150,165,-15
116900286,127,24,103
116900287,6,19,-13
116900288,90,82,8
116900289,20,9,11
116900290,11,10,1
116900291,34,13,21
116900292,0,20,-20
116900293,72,18,54
116900294,20,101,-81
116900295,78,57,21
116900296,59,87,-28
116900297,3,87,-84
116900298,59,57,2
116900299,32,52,-20
116900300,1,48,-47
116900301,30,115,-85
116900302,23,42,-19
116900303,108,79,29
116900304,0,114,-114
116900305,19,40,-21
116900306,165,45,120
116900307,101,0,101
116900308,0,54,-54
116900309,56,45,11
116900310,30,53,-23
117000001,1587,1275,312
117000002,1437,2661,-1224
117000003,4571,2515,2056
117000004,2198,3296,-1098
117000005,2128,1498,630
117000006,878,2020,-1142
117000007,3383,934,2449
117000008,771,2148,-1377
117000009,3485,1485,2000
117000010,1779,2225,-446
117000011,1763,1155,608
117000012,915,793,122
117000013,1510,617,893
117000014,946,1532,-586
117000015,1730,929,801
117000016,244,162,82
117000017,94,111,-17
117000018,79,595,-516
117000019,74,38,36
117000020,319,1057,-738
117000021,854,592,262
117000022,208,197,11
117000023,90,318,-228
117000024,116,230,-114
117000025,243,957,-714
117000026,1399,1411,-12
117000027,847,2831,-1984
117000028,1156,1569,-413
117000030,251,314,-63
117000031,354,310,44
117000032,967,930,37
117000033,935,602,333
117000034,353,283,70
117000035,389,341,48
117000036,371,240,131
117000037,248,161,87
117000038,138,465,-327
117000039,343,183,160
117000040,257,515,-258
117000041,817,157,660
117000044,7,430,-423
117000045,491,75,416
117000046,315,632,-317
117000047,866,454,412
117000048,1098,539,559
117000049,78,421,-343
117000050,119,940,-821
117000051,1915,66,1849
117000052,61,162,-101
117000053,481,22,459
117000054,1408,3,1405
117000055,52,1626,-1574
117000056,483,26,457
117000057,344,1517,-1173
117000060,412,789,-377
117000061,1501,752,749
117000062,241,475,-234
117000063,1468,864,604
117000064,476,394,82
117000066,515,574,-59
117000067,93,450,-357
117000074,98,153,-55
117000076,65,34,31
117000077,135,160,-25
117000078,93,590,-497
117000079,375,184,191
117000080,5,228,-223
117000081,810,100,710
117000082,22,68,-46
117000083,115,3,112
117000084,119,1,118
117000085,236,589,-353
117000086,575,214,361
117000087,116,391,-275
117000088,178,124,54
117000089,1388,202,1186
117000090,239,739,-500
117000091,716,181,535
117000092,288,729,-441
117000093,1158,569,589
117000094,1035,1709,-674
117000095,3151,681,2470
117000096,545,1517,-972
117000097,1354,744,610
117000098,1748,2438,-690
117000099,3169,1094,2075
117000100,151,353,-202
117000101,133,608,-475
117000102,1630,616,1014
117000103,497,970,-473
117000104,1280,530,750
117000105,715,941,-226
117000106,1185,533,652
117000107,376,1155,-779
117000108,1642,800,842
117000109,819,1528,-709
117000110,1454,986,468
117000111,2629,2807,-178
117000112,2710,1090,1620
117000113,151,147,4
117000114,218,94,124
117000115,97,70,27
117000116,111,153,-42
117000117,916,892,24
117000118,264,118,146
117000119,115,152,-37
117000120,86,414,-328
117000121,33,745,-712
117000122,264,616,-352
117000123,1116,42,1074
117000124,172,107,65
117000125,108,125,-17
117000126,22,11,11
117000127,119,188,-69
117000128,312,582,-270
117000129,241,906,-665
117000130,179,4,175
117000131,0,72,-72
117000132,2350,25,2325
117000133,1908,17,1891
117000134,0,76,-76
117000135,3,63,-60
117000136,0,17,-17
117000137,70,116,-46
117000138,4,489,-485
117000140,359,1080,-721
117000141,1737,495,1242
117000181,335,143,192
117000182,531,583,-52
117000195,120,470,-350
117000196,215,132,83
117000225,93,37,56
117000226,4,101,-97
117000276,248,24,224
117000277,0,162,-162
117000310,984,1493,-509
117000315,74,558,-484
117000320,75,1,74
117000906,351,30,321
117000907,14,164,-150
117000909,49,28,21
117000910,151,143,8
117000911,96,137,-41
117000915,3,259,-256
117000916,61,0,61
117000917,1103,30,1073
117000918,117,82,35
117000919,5,24,-19
117000920,2,567,-565
117000921,1,502,-501
117000922,21,49,-28
117000924,291,534,-243
117000926,361,105,256
117000927,517,622,-105
117000928,0,70,-70
117000929,269,184,85
117000930,322,19,303
117000931,100,114,-14
117900002,73,343,-270
117900003,449,363,86
117900005,16,69,-53
117900006,0,40,-40
117900007,141,54,87
117900008,0,21,-21
117900010,182,45,137
117900011,18,128,-110
117900012,63,47,16
117900013,0,101,-101
117900014,462,93,369
117900015,9,59,-50
117900016,896,604,292
117900017,496,287,209
117900018,135,160,-25
117900019,404,177,227
117900020,36,372,-336
117900021,15,26,-11
117900023,614,100,514
117900024,37,37,0
117900025,55,10,45
117900026,330,119,211
117900028,24,2,22
117900029,194,291,-97
117900030,491,181,310
117900031,122,97,25
117900032,808,801,7
117900033,294,266,28
117900034,47,20,27
117900035,182,129,53
117900036,173,200,-27
117900037,193,74,119
117900038,64,149,-85
117900039,1,29,-28
117900040,106,206,-100
117900041,1,24,-23
117900042,2319,232,2087
117900043,24,26,-2
117900044,10,2387,-2377
117900045,119,120,-1
117900048,326,187,139
117900049,205,268,-63
117900050,7,97,-90
117900051,8,3,5
117900052,44,306,-262
117900053,1442,382,1060
117900054,24,22,2
117900055,316,196,120
117900056,36,47,-11
117900057,746,809,-63
117900058,34,25,9
117900059,175,80,95
117900060,2363,2997,-634
117900061,9,181,-172
117900063,304,108,196
117900065,400,669,-269
117900066,8,67,-59
117900067,449,105,344
117900069,556,174,382
117900070,127,93,34
117900071,52,81,-29
117900073,419,125,294
117900074,80,96,-16
117900075,47,48,-1
117900076,41,37,4
117900077,464,148,316
117900078,255,680,-425
117900080,122,39,83
117900081,327,264,63
117900082,354,268,86
117900083,326,212,114
117900086,112,25,87
117900087,119,40,79
117900088,2159,1291,868
117900089,2010,601,1409
117900090,442,272,170
117900091,54,117,-63
117900092,52,30,22
117900093,87,33,54
117900094,37,24,13
117900095,237,349,-112
117900096,88,150,-62
117900097,278,45,233
117900098,36,22,14
117900099,123,150,-27
117900100,279,5,274
117900101,451,1566,-1115
117900102,78,15,63
117900103,28,0,28
117900104,7,109,-102
117900105,75,153,-78
117900106,110,24,86
117900107,35,0,35
117900109,572,327,245
117900110,110,1,109
117900111,317,18,299
117900112,45,9,36
117900113,1186,1212,-26
117900114,23,0,23
117900115,112,74,38
117900116,585,625,-40
117900117,484,205,279
117900118,71,2,69
117900119,166,67,99
117900120,217,36,181
117900121,120,33,87
117900122,1037,2848,-1811
117900123,583,261,322
117900124,565,471,94
117900125,1406,1567,-161
117900126,171,323,-152
117900127,404,269,135
117900128,284,328,-44
117900129,50,0,50
117900130,742,315,427
117900131,5,109,-104
117900132,21,84,-63
117900133,27,64,-37
117900134,47,196,-149
117900135,18,98,-80
117900136,0,31,-31
117900137,23,150,-127
117900138,0,26,-26
117900139,107,81,26
117900140,2115,297,1818
117900141,93,148,-55
117900142,105,72,33
117900144,52,264,-212
117900145,30,37,-7
117900146,280,216,64
117900147,77,42,35
117900148,1532,1407,125
117900149,84,130,-46
117900150,30,25,5
117900151,34,37,-3
117900152,79,36,43
117900153,15,69,-54
117900154,345,358,-13
117900156,758,658,100
117900157,61,459,-398
117900158,272,134,138
117900160,544,543,1
117900161,1700,1246,454
117900162,410,313,97
117900163,20,135,-115
117900165,2,9,-7
117900166,79,460,-381
117900168,60,171,-111
117900169,2,78,-76
117900170,0,23,-23
117900171,3,11,-8
117900172,28,25,3
117900173,140,120,20
117900174,17,68,-51
117900175,10,19,-9
117900176,13,18,-5
117900177,43,45,-2
117900178,106,29,77
117900180,193,35,158
117900181,45,311,-266
117900182,4,35,-31
117900183,55,138,-83
117900184,20,55,-35
117900185,44,57,-13
117900186,62,16,46
117900187,33,11,22
117900188,156,61,95
117900189,41,32,9
117900190,30,1,29
117900191,68,0,68
117900192,303,7,296
117900193,19,43,-24
117900194,8,4,4
117900195,23,41,-18
117900196,40,30,10
117900207,123,182,-59
117900208,20,33,-13
117900209,167,135,32
117900210,92,165,-73
117900211,9,130,-121
117900212,81,91,-10
117900213,16,10,6
117900214,6,9,-3
117900215,40,36,4
117900216,31,20,11
117900217,50,209,-159
117900218,98,137,-39
117900219,4,73,-69
117900220,77,87,-10
117900222,156,168,-12
117900223,143,223,-80
118000001,412,824,-412
118000002,325,1093,-768
118000003,1726,2660,-934
118000004,1640,1601,39
118000005,2088,3923,-1835
118000006,2248,5965,-3717
118000007,3507,3347,160
118000008,2265,2499,-234
118000009,1233,1810,-577
118000010,4320,2435,1885
118000011,1184,1022,162
118000012,714,974,-260
118000013,1421,1314,107
118000014,1474,1350,124
118000016,185,199,-14
118000017,364,284,80
118000018,256,196,60
118000019,1345,1259,86
118000020,852,2282,-1430
118000021,460,2346,-1886
118000022,1095,716,379
118000023,582,219,363
118000024,702,885,-183
118000027,6895,8817,-1922
118000029,472,635,-163
118000032,449,2728,-2279
118000033,2112,4658,-2546
118000034,3152,2006,1146
118000035,1410,2294,-884
118000036,707,931,-224
118000037,488,695,-207
118000038,221,82,139
118000039,75,152,-77
118000040,1256,1038,218
118000041,2004,968,1036
118000045,354,111,243
118000046,737,498,239
118000047,511,844,-333
118000048,1497,1602,-105
118000051,1539,929,610
118000052,1075,604,471
118000053,226,219,7
118000054,1050,511,539
118000055,795,845,-50
118000056,171,278,-107
118000057,203,255,-52
118000058,2347,1382,965
118000059,1200,951,249
118000060,908,512,396
118000061,1276,789,487
118000062,466,326,140
118000063,247,536,-289
118000064,508,935,-427
118000065,1868,1597,271
118000066,649,1376,-727
118000067,427,475,-48
118000068,989,3915,-2926
118000069,1510,798,712
118000070,3209,1332,1877
118000071,1782,5338,-3556
118000072,942,1205,-263
118000073,681,577,104
118000074,375,398,-23
118000075,465,237,228
118000076,1262,2030,-768
118000077,884,1066,-182
118000078,1347,1855,-508
118000079,141,345,-204
118000080,683,738,-55
118000081,1318,1196,122
118000082,238,875,-637
118000083,967,1267,-300
118000084,2041,1262,779
118000086,204,385,-181
118000087,2550,1800,750
118000088,1214,1131,83
118000089,2553,1706,847
118000090,847,2134,-1287
118000091,653,1901,-1248
118000092,719,385,334
118000093,75,591,-516
118000096,424,471,-47
118000097,713,565,148
118000098,219,140,79
118000099,586,447,139
118000101,921,236,685
118000102,397,631,-234
118000107,916,346,570
118000108,375,1966,-1591
118000110,3,32,-29
118000111,2,177,-175
118000112,618,1,617
118000113,2,265,-263
118000114,428,11,417
118000115,4,8,-4
118000116,18,0,18
118000117,584,564,20
118000118,708,882,-174
118000119,651,951,-300
118000120,1047,768,279
118000121,49,453,-404
118000122,979,261,718
118000123,32,200,-168
118000125,964,612,352
118000126,509,1188,-679
118000127,967,505,462
118000128,380,876,-496
118000129,651,273,378
118000130,1326,1672,-346
118000131,230,392,-162
118000132,2065,1576,489
118000133,932,330,602
118000135,419,365,54
118000136,101,349,-248
118000137,377,76,301
118000138,307,313,-6
118000139,401,81,320
118000140,2115,3958,-1843
118000141,1755,1210,545
118000142,1562,990,572
118000143,1726,994,732
118000144,905,513,392
118000145,1402,918,484
118000146,1109,431,678
118000147,790,809,-19
118000148,392,748,-356
118000149,966,640,326
118000150,413,276,137
118000151,435,305,130
118000153,1073,846,227
118000154,1111,1155,-44
118000155,1235,1024,211
118000156,1133,1821,-688
118000157,448,341,107
118000158,271,344,-73
118000159,14,81,-67
118000160,455,388,67
118000161,443,444,-1
118000162,1252,699,553
118000163,682,610,72
118000164,1323,1011,312
118000168,527,508,19
118000169,760,599,161
118000170,2071,2454,-383
118000171,320,356,-36
118000172,74,146,-72
118000173,736,729,7
118000175,263,393,-130
118000176,234,525,-291
118000177,180,582,-402
118000178,42,43,-1
118000179,824,1264,-440
118000180,640,677,-37
118000181,659,271,388
118000182,225,209,16
118000183,209,261,-52
118000184,800,533,267
118000185,890,1142,-252
118000186,661,1025,-364
118000187,1260,479,781
118000188,502,46,456
118000189,556,272,284
118000190,9,6,3
118000191,13,10,3
118000192,66,80,-14
118000193,47,152,-105
118000194,801,610,191
118000195,307,1060,-753
118000196,186,169,17
118000197,111,143,-32
118000198,390,585,-195
118000199,339,294,45
118000200,37,194,-157
118000201,274,524,-250
118000202,38,65,-27
118000203,477,569,-92
118000204,56,361,-305
118000205,190,253,-63
118000206,172,145,27
118000207,0,28,-28
118000208,950,1000,-50
118000209,1635,955,680
118000210,61,28,33
118000211,31,55,-24
118000213,707,1338,-631
118000214,302,434,-132
118000215,201,91,110
118000216,1770,875,895
118000217,22,74,-52
118000218,71,57,14
118000219,281,146,135
118000220,2,43,-41
118000221,266,303,-37
118000222,53,11,42
118000223,20,38,-18
118000224,91,45,46
118000225,94,406,-312
118000226,673,164,509
118000227,445,453,-8
118000228,85,195,-110
118000229,72,77,-5
118000230,100,111,-11
118000231,62,139,-77
118000232,653,434,219
118000233,990,497,493
118000234,392,98,294
118000236,246,186,60
118000237,66,120,-54
118000238,165,92,73
118000239,218,137,81
118000240,195,128,67
118000241,114,84,30
118000242,319,240,79
118000243,217,115,102
118000244,43,71,-28
118000246,0,28,-28
118000255,44,156,-112
118000256,111,134,-23
118000259,6,32,-26
118000260,164,59,105
118000261,22,7,15
118000263,56,93,-37
118000266,107,139,-32
118000267,0,79,-79
118000268,180,4,176
118000270,96,15,81
118000271,262,200,62
118000272,58,22,36
118000273,153,54,99
118000274,69,182,-113
118000276,392,224,168
118000295,10,109,-99
118000298,91,135,-44
118000299,63,59,4
118000301,0,48,-48
118000302,85,41,44
118000311,611,75,536
118000312,227,114,113
118000313,29,54,-25
118000314,97,23,74
118000315,29,23,6
118000316,545,304,241
118000325,56,20,36
118000326,23,9,14
118000331,53,19,34
118000332,12,5,7
118000333,15,36,-21
118000335,348,1,347
118000336,0,102,-102
118000407,131,39,92
118000457,4,26,-22
118000465,1085,2636,-1551
118000480,32,38,-6
118000489,6,319,-313
118000490,10,134,-124
118000492,238,129,109
118000510,21,10,11
118000514,106,219,-113
118000515,690,572,118
118000517,213,153,60
118000524,166,246,-80
118000525,476,449,27
118000530,6,65,-59
118000531,270,204,66
118000532,214,155,59
118000533,321,134,187
118000534,507,299,208
118000535,228,121,107
118000536,199,1078,-879
118000537,24,127,-103
118000538,32,57,-25
118000539,19,85,-66
118000540,239,79,160
118000541,143,34,109
118000542,80,118,-38
118000543,92,191,-99
118000546,43,21,22
118000553,0,1,-1
118000560,1159,1711,-552
118000562,35,79,-44
118000563,1012,753,259
118000576,152,62,90
118000577,222,174,48
118000578,118,64,54
118000579,556,964,-408
118000583,0,0,0
118000595,162,78,84
118000596,0,66,-66
118000597,192,120,72
118000598,4,0,4
118000599,87,29,58
118000600,1,3,-2
118000601,8,1,7
118000602,0,10,-10
118000603,1,19,-18
118000605,93,114,-21
118000606,21,28,-7
118900001,342,1137,-795
118900002,519,689,-170
118900003,394,10,384
118900004,56,31,25
118900005,74,9,65
118900006,93,1,92
118900007,15,1,14
118900008,1152,53,1099
118900009,54,66,-12
118900010,48,4,44
118900011,152,23,129
118900012,328,189,139
118900013,404,158,246
118900015,217,39,178
118900016,8,13,-5
118900017,163,265,-102
118900018,697,40,657
118900019,58,21,37
118900020,128,127,1
118900021,117,229,-112
118900022,134,85,49
118900023,116,73,43
118900024,79,143,-64
118900025,36,25,11
118900026,56,50,6
118900027,343,172,171
118900028,181,91,90
118900029,328,369,-41
118900030,403,32,371
118900031,165,83,82
118900032,206,137,69
118900033,291,304,-13
118900034,141,17,124
118900035,108,96,12
118900036,883,506,377
118900037,308,249,59
118900038,366,86,280
118900039,388,95,293
118900040,157,167,-10
118900041,491,111,380
118900042,145,74,71
118900045,236,132,104
118900046,579,381,198
118900047,258,237,21
118900048,124,204,-80
118900049,55,56,-1
118900050,35,48,-13
118900051,109,119,-10
118900052,194,211,-17
118900053,23,89,-66
118900054,137,40,97
118900055,83,45,38
118900056,66,319,-253
118900057,456,344,112
118900058,398,192,206
118900059,29,72,-43
118900060,65,103,-38
118900062,575,143,432
118900064,239,504,-265
118900065,42,89,-47
118900066,68,53,15
118900067,2045,2698,-653
118900068,10,158,-148
118900069,376,162,214
118900071,4,47,-43
118900072,339,253,86
118900073,176,71,105
118900074,139,66,73
118900075,72,49,23
118900076,176,90,86
118900077,174,120,54
118900078,25,7,18
118900079,50,94,-44
118900080,27,120,-93
118900081,54,44,10
118900082,685,97,588
118900083,12,5,7
118900084,18,16,2
118900085,545,423,122
118900086,35,78,-43
118900087,45,199,-154
118900088,1,0,1
118900089,46,8,38
118900090,431,241,190
118900091,103,156,-53
118900092,139,42,97
118900093,81,19,62
118900096,94,134,-40
118900097,272,289,-17
118900099,62,113,-51
118900100,98,140,-42
118900101,83,142,-59
118900102,34,40,-6
118900103,30,53,-23
118900104,36,15,21
118900105,158,67,91
118900107,100,40,60
118900108,85,53,32
118900110,884,701,183
118900111,384,292,92
118900112,64,99,-35
118900113,125,230,-105
118900114,36,74,-38
118900115,46,241,-195
118900116,146,232,-86
118900117,100,134,-34
118900118,266,230,36
118900119,139,131,8
118900120,90,242,-152
118900121,26,96,-70
118900122,10,894,-884
118900123,131,144,-13
118900124,79,97,-18
118900126,18,324,-306
118900129,195,171,24
118900130,54,169,-115
118900131,209,156,53
118900132,211,185,26
118900133,13,93,-80
118900135,151,145,6
118900136,177,264,-87
118900137,4,28,-24
118900139,181,144,37
118900140,388,306,82
118900141,62,62,0
118900144,102,229,-127
118900145,47,87,-40
118900146,318,471,-153
118900147,172,101,71
118900148,75,45,30
118900150,115,398,-283
118900152,486,429,57
118900157,57,153,-96
118900158,92,37,55
118900159,2,107,-105
118900161,74,8,66
118900163,62,51,11
118900164,1,50,-49
118900165,26,72,-46
118900166,100,5,95
118900167,69,104,-35
118900168,25,117,-92
118900169,102,121,-19
118900170,175,59,116
118900171,21,43,-22
118900174,62,39,23
118900175,307,381,-74
118900176,141,181,-40
118900177,51,59,-8
118900178,41,109,-68
118900179,0,7,-7
118900181,47,69,-22
118900182,44,27,17
118900183,49,64,-15
118900184,226,79,147
118900185,97,61,36
118900186,104,83,21
118900187,177,245,-68
118900188,234,177,57
118900189,36,621,-585
118900190,18,139,-121
118900191,167,24,143
118900192,234,10,224
118900193,551,4,547
118900195,158,360,-202
118900196,41,84,-43
118900197,104,27,77
118900198,17,9,8
118900199,60,22,38
118900200,22,12,10
118900201,18,29,-11
118900202,12,24,-12
118900203,16,7,9
118900204,9,25,-16
118900205,2,4,-2
118900206,2,10,-8
119000001,979,1166,-187
119000002,3095,2145,950
119000003,2042,595,1447
119000004,1786,908,878
119000005,1246,1375,-129
119000006,2708,1141,1567
119000007,2427,2145,282
119000008,1313,995,318
119000009,2407,3613,-1206
119000010,3450,2857,593
119000011,2024,2115,-91
119000012,1269,2275,-1006
119000013,2184,1391,793
119000014,1036,1616,-580
119000019,200,91,109
119000020,2020,1086,934
119000021,3458,1825,1633
119000022,1177,2027,-850
119000023,215,222,-7
119000024,1139,9010,-7871
119000025,2801,788,2013
119000026,72,336,-264
119000027,172,251,-79
119000028,1187,426,761
119000029,51,210,-159
119000030,396,543,-147
119000031,640,447,193
119000032,1277,1464,-187
119000033,1608,835,773
119000034,682,479,203
119000035,27,152,-125
119000036,1601,587,1014
119000037,1015,744,271
119000038,143,419,-276
119000039,365,220,145
119000040,532,486,46
119000041,461,892,-431
119000048,1953,1454,499
119000049,1701,1195,506
119000050,1155,1115,40
119000051,1345,676,669
119000052,1167,1875,-708
119000053,1307,822,485
119000054,2593,1608,985
119000055,3878,2024,1854
119000056,2286,1403,883
119000057,1235,1073,162
119000058,1386,1048,338
119000059,968,864,104
119000060,1216,808,408
119000061,759,484,275
119000062,852,928,-76
119000063,494,379,115
119000064,566,559,7
119000065,1434,2122,-688
119000066,1478,881,597
119000067,1424,1188,236
119000068,1438,693,745
119000069,1221,1245,-24
119000070,2189,636,1553
119000071,380,418,-38
119000072,2868,1796,1072
119000073,2772,5165,-2393
119000074,980,1241,-261
119000075,2227,1540,687
119000076,201,698,-497
119000077,490,382,108
119000078,296,172,124
119000079,210,478,-268
119000080,504,107,397
119000081,204,243,-39
119000082,678,142,536
119000083,534,292,242
119000084,226,273,-47
119000085,350,139,211
119000086,238,303,-65
119000087,1171,476,695
119000088,317,204,113
119000089,76,113,-37
119000090,101,70,31
119000091,89,273,-184
119000092,279,118,161
119000093,2442,1487,955
119000094,2743,3453,-710
119000095,1581,1616,-35
119000097,1419,782,637
119000098,800,2249,-1449
119000099,1854,910,944
119000100,3081,2329,752
119000101,2806,988,1818
119000102,587,1000,-413
119000103,1199,398,801
119000104,1456,719,737
119000105,759,1805,-1046
119000106,270,639,-369
119000107,867,410,457
119000108,332,501,-169
119000109,103,391,-288
119000110,235,341,-106
119000111,32,494,-462
119000112,101,80,21
119000113,1197,226,971
119000114,738,952,-214
119000115,140,98,42
119000116,85,84,1
119000117,96,233,-137
119000118,3,1,2
119000123,3121,1276,1845
119000124,636,109,527
119000125,3226,457,2769
119000126,1056,447,609
119000127,463,291,172
119000128,8,2,6
119000131,778,317,461
119000132,3,2,1
119000133,7,7,0
119000134,1110,382,728
119000135,218,154,64
119000136,260,97,163
119000137,235,184,51
119000138,543,164,379
119000139,211,118,93
119000140,244,262,-18
119000284,871,1767,-896
119000285,1399,1210,189
119000286,3924,3056,868
119000287,1021,1103,-82
119000288,1487,664,823
119000289,1069,1256,-187
119000290,165,195,-30
119000291,10,155,-145
119000293,121,91,30
119000294,66,25,41
119000295,790,170,620
119000296,222,119,103
119000302,1138,907,231
119000303,146,86,60
119000304,0,0,0
119000314,1013,7889,-6876
119000315,1,209,-208
119000316,161,78,83
119000317,89,171,-82
119900001,209,1222,-1013
119900002,114,163,-49
119900003,30,527,-497
119900004,275,1278,-1003
119900005,189,51,138
119900006,154,371,-217
119900007,1025,296,729
119900008,86,30,56
119900009,564,488,76
119900010,498,729,-231
119900011,20,128,-108
119900012,13,103,-90
119900013,1518,946,572
119900014,378,160,218
119900015,135,19,116
119900016,28,59,-31
119900017,43,40,3
119900018,1306,847,459
119900019,43,5,38
119900020,99,135,-36
119900021,137,73,64
119900022,72,722,-650
119900023,404,1505,-1101
119900025,214,15,199
119900026,502,157,345
119900027,20,17,3
119900028,197,110,87
119900029,0,7,-7
119900030,375,265,110
119900031,48,383,-335
119900033,1436,288,1148
119900034,552,67,485
119900037,197,29,168
119900038,53,309,-256
119900039,39,7,32
119900040,95,10,85
119900041,113,29,84
119900042,66,95,-29
119900043,80,116,-36
119900044,130,752,-622
119900046,146,36,110
119900047,284,88,196
119900048,190,24,166
119900049,144,0,144
119900050,86,124,-38
119900051,920,16,904
119900052,53,14,39
119900053,212,99,113
119900054,200,6,194
119900055,1130,392,738
119900057,272,58,214
119900058,214,3,211
119900059,108,40,68
119900060,286,15,271
119900061,243,4,239
119900062,85,22,63
119900063,6,56,-50
119900065,189,10,179
119900067,85,24,61
119900068,467,1,466
119900069,109,7,102
119900070,843,6,837
119900071,612,23,589
119900073,1061,419,642
119900074,58,46,12
119900075,2495,1801,694
119900076,643,222,421
119900077,817,443,374
119900078,566,719,-153
119900079,409,102,307
119900080,264,125,139
119900081,602,106,496
119900082,1254,172,1082
119900083,245,82,163
119900084,460,295,165
119900085,34,42,-8
119900086,403,574,-171
119900087,520,267,253
119900088,20,20,0
119900089,16,267,-251
119900090,105,34,71
119900091,38,536,-498
119900092,18,223,-205
119900093,843,182,661
119900094,46,145,-99
119900095,203,123,80
119900096,32,90,-58
119900097,461,158,303
119900098,38,34,4
119900099,27,133,-106
119900100,1220,1920,-700
119900101,127,985,-858
119900102,47,177,-130
119900103,17,160,-143
119900104,31,102,-71
119900105,536,1764,-1228
119900106,15,92,-77
119900107,224,1185,-961
119900108,2038,471,1567
119900109,24,107,-83
119900110,596,322,274
119900111,97,195,-98
119900112,717,393,324
119900113,56,168,-112
119900114,223,529,-306
119900115,347,681,-334
119900116,108,310,-202
119900117,342,365,-23
119900118,91,598,-507
119900119,197,133,64
119900120,462,298,164
119900121,424,426,-2
119900122,431,325,106
119900123,141,214,-73
119900124,171,402,-231
119900125,35,182,-147
119900126,2177,192,1985
119900127,1748,804,944
119900128,356,270,86
119900129,186,212,-26
119900130,9,131,-122
119900131,40,131,-91
119900132,22,122,-100
119900133,51,60,-9
119900134,722,149,573
119900135,0,193,-193
119900136,185,223,-38
119900138,262,392,-130
119900139,25,82,-57
119900140,6,69,-63
119900141,77,570,-493
119900142,14,56,-42
119900143,21,129,-108
119900144,966,173,793
119900145,78,103,-25
119900146,111,120,-9
119900147,0,134,-134
119900148,216,40,176
119900149,544,3496,-2952
119900150,100,80,20
119900151,1013,538,475
119900152,87,155,-68
119900153,237,64,173
119900154,9,302,-293
119900155,38,30,8
119900156,40,1,39
119900157,135,117,18
119900158,178,51,127
119900159,2,676,-674
119900160,16,69,-53
119900161,165,134,31
119900162,802,731,71
119900163,55,121,-66
119900164,2,2,0
119900165,108,103,5
119900166,120,52,68
119900167,47,32,15
119900168,832,362,470
119900169,63,263,-200
119900170,155,236,-81
119900171,724,220,504
119900172,99,22,77
119900173,3,214,-211
119900174,15,95,-80
119900175,1251,450,801
119900177,16,96,-80
119900178,26,113,-87
119900179,94,479,-385
119900180,876,615,261
119900181,48,100,-52
119900182,6,149,-143
119900183,92,372,-280
119900184,1076,375,701
119900185,47,174,-127
119900186,32,856,-824
119900187,5,200,-195
119900188,104,207,-103
119900189,313,357,-44
119900190,73,230,-157
119900191,236,223,13
119900192,45,96,-51
119900193,409,149,260
119900194,36,82,-46
119900195,66,110,-44
119900196,646,291,355
119900197,178,121,57
119900198,170,202,-32
119900199,110,20,90
119900200,552,411,141
119900201,180,126,54
119900202,72,223,-151
119900203,150,449,-299
119900204,274,172,102
119900205,654,306,348
119900206,246,80,166
119900208,155,134,21
119900209,532,1154,-622
119900210,23,24,-1
119900211,68,5,63
119900212,155,145,10
119900213,7,64,-57
119900214,53,78,-25
119900215,65,51,14
119900216,31,34,-3
119900217,10,49,-39
119900218,18,39,-21
119900219,10,51,-41
119900220,4,51,-47
119900221,22,136,-114
119900222,20,132,-112
119900223,8,50,-42
119900224,9,14,-5
119900225,541,44,497
119900226,278,1425,-1147
119900227,535,207,328
119900228,84,175,-91
119900229,302,326,-24
119900230,806,322,484
119900231,253,125,128
119900232,152,142,10
119900233,42,5,37
119900234,77,34,43
119900235,10,41,-31
119900236,24,112,-88
119900237,40,233,-193
119900238,6,56,-50
119900240,83,96,-13
119900241,182,163,19
119900242,724,1166,-442
119900244,373,838,-465
119900245,96,120,-24
119900246,246,547,-301
119900247,24,106,-82
119900248,57,204,-147
119900249,201,109,92
119900253,1141,308,833
119900254,81,650,-569
119900255,90,475,-385
119900256,562,349,213
119900257,57,2,55
119900258,155,8,147
119900259,36,80,-44
119900260,111,7,104
119900261,288,281,7
119900262,2,107,-105
119900263,965,212,753
119900264,111,107,4
119900265,439,215,224
119900266,342,184,158
119900267,223,296,-73
119900268,126,73,53
119900269,930,588,342
119900271,32,61,-29
119900272,329,206,123
119900275,175,105,70
119900276,75,1,74
119900277,7,7,0
119900278,86,81,5
119900279,87,291,-204
119900280,392,95,297
119900281,0,163,-163
119900282,33,139,-106
119900283,22,168,-146
119900284,28,127,-99
119900285,6,53,-47
119900286,4,10,-6
119900288,0,15,-15
119900289,0,17,-17
119900290,3,15,-12
119900291,2,66,-64
119900292,66,62,4
119900293,28,67,-39
119900294,30,60,-30
119900295,58,48,10
119900296,73,109,-36
119900297,2,14,-12
119900298,2,10,-8
119900299,98,76,22
119900300,244,79,165
119900301,44,14,30
119900302,16,37,-21
119900303,290,91,199
119900304,283,13,270
119900305,8,70,-62
119900306,28,5,23
119900307,49,28,21
119900308,13,16,-3
119900309,21,103,-82
119900310,223,203,20
119900311,96,62,34
119900312,76,50,26
119900313,199,145,54
119900314,179,289,-110
119900315,1835,1025,810
119900318,6,43,-37
119900319,0,122,-122
119900320,185,261,-76
119900321,92,5,87
120000001,4193,12882,-8689
120000002,2077,1759,318
120000003,2010,1214,796
120000004,1962,1299,663
120000005,2365,1376,989
120000006,945,885,60
120000007,2185,2551,-366
120000008,735,950,-215
120000009,1462,841,621
120000010,1543,1617,-74
120000011,866,1044,-178
120000012,1132,1527,-395
120000013,2520,1980,540
120000014,598,997,-399
120000015,1866,1083,783
120000016,2921,1753,1168
120000017,2670,2075,595
120000018,2431,9244,-6813
120000019,867,1138,-271
120000020,2474,2663,-189
120000021,1646,1923,-277
120000022,2094,3272,-1178
120000023,933,1329,-396
120000024,918,1942,-1024
120000025,2182,1359,823
120000026,1933,1256,677
120000027,1869,1604,265
120000028,704,1830,-1126
120000029,1205,958,247
120000030,486,608,-122
120000031,1425,3575,-2150
120000032,4713,2682,2031
120000033,4105,1306,2799
120000034,1814,1280,534
120000035,1954,1240,714
120000036,2700,3964,-1264
120000037,565,1253,-688
120000038,3199,2611,588
120000039,592,746,-154
120000040,105,451,-346
120000041,739,855,-116
120000042,1419,1256,163
120000043,3318,954,2364
120000044,4616,1262,3354
120000045,5528,888,4640
120000046,3245,2140,1105
120000047,545,4480,-3935
120000048,4375,3205,1170
120000049,2697,1968,729
120000050,3023,2726,297
120000051,2319,3060,-741
120000052,4937,1509,3428
120000053,1438,1417,21
120000054,1255,2384,-1129
120000055,1629,2853,-1224
120000056,3693,2531,1162
120000057,3236,988,2248
120000058,1397,1338,59
120000059,9,1162,-1153
120000061,73,317,-244
120000062,102,247,-145
120000063,1044,1624,-580
120000064,173,653,-480
120000065,527,1057,-530
120000066,201,348,-147
120000067,46,313,-267
120000068,204,400,-196
120000069,476,528,-52
120000070,80,381,-301
120000071,513,56,457
120000072,809,379,430
120000073,868,82,786
120000074,79,91,-12
120000075,837,226,611
120000076,2024,454,1570
120000077,1816,575,1241
120000078,2538,1162,1376
120000079,563,283,280
120000080,273,266,7
120000081,403,180,223
120000082,346,278,68
120000083,137,753,-616
120000084,366,296,70
120000085,236,296,-60
120000086,296,377,-81
120000087,216,343,-127
120000088,662,719,-57
120000089,845,321,524
120000090,652,369,283
120000091,907,691,216
120000092,976,433,543
120000093,498,311,187
120000094,197,574,-377
120000095,682,327,355
120000096,217,478,-261
120000098,547,432,115
120000099,222,414,-192
120000100,591,582,9
120000101,566,395,171
120000102,472,683,-211
120000103,1313,749,564
120000104,1657,432,1225
120000105,2983,692,2291
120000106,2405,665,1740
120000107,3547,509,3038
120000108,1259,94,1165
120000109,990,70,920
120000110,100,625,-525
120000111,79,651,-572
120000112,594,1456,-862
120000113,670,1165,-495
120000114,979,1457,-478
120000115,205,1250,-1045
120000116,598,1161,-563
120000117,747,906,-159
120000118,91,42,49
120000119,19,45,-26
120000120,89,48,41
120000121,30,48,-18
120000122,210,192,18
120000123,2264,5540,-3276
120000124,363,459,-96
120000125,590,490,100
120000126,271,582,-311
120000127,1525,719,806
120000128,1981,2958,-977
120000129,271,266,5
120000130,813,533,280
120000131,350,458,-108
120000134,287,677,-390
120000135,655,366,289
120000137,285,643,-358
120000138,1008,302,706
120000139,220,354,-134
120000140,889,361,528
120000141,481,287,194
120000142,828,454,374
120000143,2,88,-86
120000144,116,4,112
120000145,419,1,418
120000146,689,685,4
120000149,512,727,-215
120000150,1800,8573,-6773
120000151,306,284,22
120000152,449,110,339
120000153,144,316,-172
120000154,410,360,50
120000155,188,312,-124
120000156,544,1224,-680
120000157,731,529,202
120000158,728,543,185
120000159,1756,1653,103
120000160,2060,1427,633
120000161,2112,1653,459
120000162,59,220,-161
120000163,733,702,31
120000164,610,247,363
120000165,493,491,2
120000166,1161,321,840
120000167,189,129,60
120000168,25,484,-459
120000169,74,1692,-1618
120000170,60,1391,-1331
120000171,24,647,-623
120000172,18,486,-468
120000173,671,1701,-1030
120000174,132,61,71
120000175,131,43,88
120000176,108,55,53
120000177,735,103,632
120000178,21,9,12
120000179,105,60,45
120000180,259,77,182
120000181,73,933,-860
120000182,38,474,-436
120000183,7,217,-210
120000184,151,788,-637
120000186,64,775,-711
120000187,17,321,-304
120000188,71,491,-420
120000190,242,79,163
120000191,326,128,198
120000192,391,35,356
120000193,146,9,137
120000195,33,1,32
120000196,87,16,71
120000197,29,46,-17
120000198,207,38,169
120000199,120,0,120
120000200,155,4,151
120000201,6,28,-22
120000202,4,41,-37
120000203,49,119,-70
120000207,4,60,-56
120000208,7,173,-166
120000209,8,74,-66
120000210,227,263,-36
120000211,149,1,148
120000212,202,1,201
120000213,120,93,27
120000214,1,111,-110
120000215,3,82,-79
120000216,92,20,72
120000217,508,777,-269
120000218,121,491,-370
120000219,4,270,-266
120000220,6,835,-829
120000225,1694,3,1691
120000226,392,3,389
120000227,940,51,889
120000228,7518,3206,4312
120000230,426,16,410
120000231,1361,1416,-55
120000233,265,3,262
120000235,352,372,-20
120000236,779,1,778
120000237,2,683,-681
120000238,2,1086,-1084
120000241,843,2561,-1718
120000412,431,4,427
120000413,318,120,198
120000414,199,1,198
120000415,0,54,-54
120000416,134,4,130
120000417,5,69,-64
120000418,213,16,197
120000419,11,113,-102
120000420,191,85,106
120000421,5457,3628,1829
120000422,64,921,-857
120000423,4,62,-58
120000424,107,99,8
120000436,86,557,-471
120000437,113,74,39
120000438,1286,185,1101
120000439,224,532,-308
120000443,123,0,123
120000444,1315,261,1054
120000445,1593,848,745
120000446,556,284,272
120000447,215,0,215
120000449,153,7,146
120000450,2,103,-101
120000451,126,94,32
120000452,74,0,74
120000453,0,104,-104
120000454,99,127,-28
120000455,67,26,41
120000456,1788,3019,-1231
120000457,566,349,217
120000458,414,428,-14
120000459,109,58,51
120000665,563,246,317
120000668,149,756,-607
120000669,105,130,-25
120000670,107,693,-586
120000671,1284,477,807
120000672,67,401,-334
120900001,54,85,-31
120900002,226,460,-234
120900003,155,6,149
120900004,29,75,-46
120900005,22,559,-537
120900006,518,176,342
120900007,138,67,71
120900008,272,795,-523
120900009,570,39,531
120900010,506,108,398
120900011,139,230,-91
120900012,124,937,-813
120900013,274,94,180
120900014,3,283,-280
120900015,935,73,862
120900016,774,38,736
120900017,1284,66,1218
120900018,98,317,-219
120900019,526,400,126
120900020,688,1155,-467
120900021,681,192,489
120900022,29,221,-192
120900023,286,30,256
120900024,1458,417,1041
120900025,1132,921,211
120900026,123,133,-10
120900027,804,17,787
120900028,498,113,385
120900029,119,625,-506
120900030,1290,607,683
120900031,244,102,142
120900032,1152,83,1069
120900033,806,81,725
120900034,15,2078,-2063
120900035,31,90,-59
120900037,232,10,222
120900038,84,343,-259
120900039,137,65,72
120900040,330,5,325
120900041,105,21,84
120900042,602,39,563
120900043,87,45,42
120900044,12,271,-259
120900045,145,64,81
120900046,485,8,477
120900047,188,133,55
120900048,136,33,103
120900049,481,1,480
120900050,1157,1594,-437
120900051,304,76,228
120900052,615,3,612
120900053,301,78,223
120900054,1401,439,962
120900055,452,0,452
120900056,623,25,598
120900057,169,15,154
120900058,592,3,589
120900059,71,2,69
120900060,66,34,32
120900061,219,164,55
120900062,288,2,286
120900063,642,10,632
120900064,700,1,699
120900065,576,2,574
120900066,331,179,152
120900067,186,61,125
120900068,245,1,244
120900069,366,25,341
120900071,23,2,21
120900072,821,6,815
120900073,579,96,483
120900074,690,16,674
120900076,451,2,449
120900077,1614,276,1338
120900078,759,480,279
120900079,898,85,813
120900080,870,905,-35
120900081,1225,426,799
120900082,317,406,-89
120900083,98,2,96
120900084,379,467,-88
120900085,55,149,-94
120900086,88,302,-214
120900087,426,407,19
120900088,171,421,-250
120900089,1643,2772,-1129
120900090,322,66,256
120900091,622,939,-317
120900092,906,318,588
120900093,1201,118,1083
120900094,306,153,153
120900095,235,13,222
120900096,50,170,-120
120900097,451,444,7
120900098,215,134,81
120900099,48,50,-2
120900100,72,146,-74
120900101,378,147,231
120900102,39,79,-40
120900103,42,196,-154
120900104,20,35,-15
120900105,34,299,-265
120900106,843,316,527
120900107,173,88,85
120900108,8,286,-278
120900109,31,361,-330
120900110,7,380,-373
120900111,156,229,-73
120900112,7,399,-392
120900113,16,445,-429
120900114,21,82,-61
120900115,135,234,-99
120900116,413,211,202
120900117,1,270,-269
120900118,13,398,-385
120900119,4686,2813,1873
120900120,75,243,-168
120900121,34,260,-226
120900122,611,263,348
120900123,13,192,-179
120900124,0,315,-315
120900125,2,302,-300
120900126,1491,714,777
120900127,13,253,-240
120900128,1158,980,178
120900129,39,191,-152
120900130,3,281,-278
120900131,138,49,89
120900132,1085,139,946
120900133,60,387,-327
120900134,751,262,489
120900135,3,352,-349
120900136,43,39,4
120900137,210,27,183
120900138,16,162,-146
120900139,4,390,-386
120900140,0,68,-68
120900141,101,149,-48
120900142,10,201,-191
120900143,1,521,-520
120900144,3,56,-53
120900145,243,675,-432
120900146,2,625,-623
120900147,5,299,-294
120900148,116,143,-27
120900149,0,133,-133
120900150,63,365,-302
120900151,2,404,-402
120900152,2,24,-22
120900153,78,72,6
120900154,0,81,-81
120900155,190,668,-478
120900156,92,248,-156
120900157,67,203,-136
120900158,57,360,-303
120900159,230,342,-112
120900160,28,539,-511
120900161,36,262,-226
120900162,74,380,-306
120900163,149,535,-386
120900164,1,82,-81
120900165,14,541,-527
120900166,63,332,-269
120900167,241,124,117
120900169,71,150,-79
120900170,521,2739,-2218
120900171,566,216,350
120900172,269,949,-680
120900173,1,43,-42
120900174,5,75,-70
120900175,187,96,91
120900176,17,265,-248
120900177,4,901,-897
120900178,1,423,-422
120900179,687,270,417
120900180,55,134,-79
120900181,101,12,89
120900182,38,245,-207
120900183,348,62,286
120900184,194,41,153
120900185,31,219,-188
120900186,0,257,-257
120900187,403,861,-458
120900188,236,13,223
120900189,74,1538,-1464
120900190,123,5,118
120900191,24,26,-2
120900192,5104,7382,-2278
120900194,78,68,10
120900195,86,163,-77
120900196,727,40,687
120900197,631,122,509
120900198,177,414,-237
120900199,315,387,-72
120900200,50,138,-88
120900201,360,82,278
120900202,0,82,-82
120900203,45,84,-39
120900204,106,148,-42
120900205,52,21,31
120900206,51,36,15
120900207,53,744,-691
121000001,380,725,-345
121000002,1499,993,506
121000003,1819,1071,748
121000004,1701,2280,-579
121000005,1227,1781,-554
121000006,2132,1660,472
121000007,1548,2324,-776
121000008,3339,3028,311
121000009,2888,4045,-1157
121000010,4930,4415,515
121000011,4747,7745,-2998
121000012,8717,6867,1850
121000013,3579,4664,-1085
121000014,4097,3752,345
121000015,2818,5204,-2386
121000016,2725,2412,313
121000017,1492,2553,-1061
121000018,1932,1186,746
121000019,7792,8017,-225
121000020,8113,13085,-4972
121000021,1486,1570,-84
121000022,1898,2205,-307
121000023,2127,1327,800
121000024,3538,3425,113
121000025,395,1130,-735
121000026,299,150,149
121000027,1155,963,192
121000028,665,378,287
121000029,707,456,251
121000030,554,268,286
121000031,503,448,55
121000032,153,111,42
121000034,213,174,39
121000035,137,131,6
121000036,708,657,51
121000037,470,453,17
121000038,307,693,-386
121000039,196,248,-52
121000041,385,348,37
121000042,231,244,-13
121000043,460,439,21
121000044,999,794,205
121000045,285,178,107
121000046,597,618,-21
121000047,14,65,-51
121000049,944,466,478
121000050,226,903,-677
121000051,419,181,238
121000052,341,481,-140
121000053,247,109,138
121000054,34,244,-210
121000055,786,1047,-261
121000056,595,758,-163
121000057,326,358,-32
121000058,201,201,0
121000059,1435,911,524
121000060,456,899,-443
121000061,96,236,-140
121000062,141,254,-113
121000063,711,692,19
121000064,509,671,-162
121000065,214,332,-118
121000066,473,441,32
121000067,350,425,-75
121000068,449,273,176
121000069,184,634,-450
121000070,1323,890,433
121000071,1200,893,307
121000072,902,470,432
121000073,729,955,-226
121000074,89,149,-60
121000075,21,227,-206
121000076,266,216,50
121000077,123,141,-18
121000078,86,113,-27
121000080,1226,438,788
121000081,2274,2466,-192
121000082,74,224,-150
121000083,115,95,20
121000084,165,136,29
121000085,204,303,-99
121000086,268,399,-131
121000087,67,200,-133
121000088,386,355,31
121000089,190,246,-56
121000090,276,343,-67
121000091,803,685,118
121000092,172,66,106
121000093,124,157,-33
121000094,356,511,-155
121000095,252,511,-259
121000096,2157,1635,522
121000097,484,1580,-1096
121000098,543,506,37
121000099,646,413,233
121000100,843,244,599
121000101,298,172,126
121000102,274,146,128
121000103,157,135,22
121000104,236,81,155
121000105,418,145,273
121000106,271,172,99
121000107,1446,1991,-545
121000109,731,732,-1
121000110,176,513,-337
121000114,2318,1584,734
121000115,953,504,449
121000116,256,621,-365
121000117,356,161,195
121000118,1203,171,1032
121000119,269,274,-5
121000120,212,319,-107
121000121,390,930,-540
121000123,897,508,389
121000127,111,66,45
121000128,754,259,495
121000129,885,417,468
121000130,624,442,182
121000131,1136,1460,-324
121000132,895,1238,-343
121000135,180,291,-111
121000136,858,640,218
121000137,323,269,54
121000138,595,773,-178
121000139,411,306,105
121000141,191,75,116
121000142,396,680,-284
121000143,80,32,48
121000144,466,1332,-866
121000145,442,539,-97
121000146,1027,824,203
121000147,795,380,415
121000148,777,633,144
121000149,1476,1029,447
121000152,321,343,-22
121000153,1284,425,859
121000154,763,359,404
121000155,1051,794,257
121000156,327,757,-430
121000157,559,792,-233
121000158,290,305,-15
121000159,188,278,-90
121000160,227,223,4
121000161,209,217,-8
121000162,129,94,35
121000165,758,1648,-890
121000166,30,351,-321
121000168,299,159,140
121000169,64,74,-10
121000170,296,70,226
121000171,37,118,-81
121000172,580,421,159
121000173,816,870,-54
121000174,364,348,16
121000175,913,261,652
121000176,268,228,40
121000177,590,363,227
121000178,71,28,43
121000179,44,28,16
121000181,416,302,114
121000182,116,213,-97
121000183,67,80,-13
121000184,42,112,-70
121000185,38,173,-135
121000186,177,333,-156
121000187,148,80,68
121000188,138,75,63
121000192,598,309,289
121000193,489,377,112
121000194,1434,1492,-58
121000195,159,707,-548
121000196,444,197,247
121000197,94,439,-345
121000198,142,133,9
121000199,103,183,-80
121000200,474,58,416
121000201,5,119,-114
121000202,598,97,501
121000203,606,1314,-708
121000204,2348,490,1858
121000205,119,182,-63
121000206,106,25,81
121000207,1559,588,971
121000208,10,254,-244
121000209,386,127,259
121000210,525,217,308
121000211,271,80,191
121000212,486,246,240
121000213,7073,1937,5136
121000214,592,1401,-809
121000215,670,720,-50
121000216,386,476,-90
121000217,2421,2150,271
121000218,274,980,-706
121000219,928,417,511
121000220,104,36,68
121000221,90,230,-140
121000222,1572,1541,31
121000223,271,418,-147
121000224,178,219,-41
121000225,744,1724,-980
121000226,2219,1004,1215
121000227,9,107,-98
121000228,20,378,-358
121000229,259,289,-30
121000230,52,1037,-985
121000231,978,33,945
121000232,342,200,142
121000233,486,263,223
121000234,18,36,-18
121000235,65,105,-40
121000236,8,59,-51
121000237,30,14,16
121000238,5,73,-68
121000239,65,5,60
121000240,11,120,-109
121000241,148,15,133
121000242,48,410,-362
121000243,272,69,203
121000244,8,92,-84
121000245,60,20,40
121000246,2,86,-84
121000247,93,3,90
121000248,432,814,-382
121000249,55,135,-80
121000250,373,231,142
121000251,14,214,-200
121000252,122,64,58
121000253,227,149,78
121000254,630,154,476
121000255,123,128,-5
121000256,212,155,57
121000257,31,60,-29
121000258,129,72,57
121000259,28,54,-26
121000260,55,51,4
121000261,43,69,-26
121000262,782,424,358
121000263,338,321,17
121000271,315,944,-629
121000273,18,4,14
121000274,4,36,-32
121000275,3,7,-4
121000276,7,10,-3
121000278,45,19,26
121000279,32,21,11
121000280,42,33,9
121000289,194,13,181
121000290,798,714,84
121000294,155,56,99
121000297,501,920,-419
121000299,61,394,-333
121000300,604,329,275
121000302,25,626,-601
121000303,393,216,177
121000304,413,65,348
121000305,142,20,122
121000306,114,115,-1
121000308,119,178,-59
121000309,291,294,-3
121000310,99,278,-179
121000311,57,422,-365
121000312,181,203,-22
121000313,193,256,-63
121000314,97,131,-34
121000315,34,75,-41
121000530,1201,1055,146
121000531,1309,1057,252
121000532,4556,5817,-1261
121000533,2447,2743,-296
121000918,33,64,-31
121000919,35,51,-16
121000938,24,82,-58
121000939,24,101,-77
121000956,1260,831,429
121000957,2,4,-2
121000958,20,15,5
121000959,748,449,299
121000960,1002,1299,-297
121000961,264,54,210
121000962,487,328,159
121000963,0,0,0
121000973,1,108,-107
121000976,14,152,-138
121000979,374,118,256
121000981,228,102,126
121000982,331,82,249
121000983,328,202,126
121000984,13,43,-30
121000985,601,189,412
121000986,306,65,241
121000987,217,450,-233
121000988,773,76,697
121001302,136,86,50
121001308,1,10,-9
121001309,27,293,-266
121001313,131,71,60
121001314,1002,1491,-489
121001315,3709,2237,1472
121001326,304,273,31
121900001,66,97,-31
121900002,63,61,2
121900003,361,18,343
121900004,52,162,-110
121900005,19,4,15
121900006,97,22,75
121900007,1331,1326,5
121900008,217,320,-103
121900009,313,15,298
121900010,180,2,178
121900011,138,163,-25
121900012,6,0,6
121900013,654,98,556
121900014,1008,297,711
121900015,170,174,-4
121900016,6,31,-25
121900017,412,237,175
121900018,360,9,351
121900019,386,109,277
121900020,26,3,23
121900021,797,15,782
121900022,217,240,-23
121900023,131,190,-59
121900024,254,114,140
121900025,491,337,154
121900026,227,45,182
121900027,280,109,171
121900028,191,7,184
121900029,96,207,-111
121900030,303,447,-144
121900031,707,4659,-3952
121900032,84,32,52
121900033,186,269,-83
121900034,225,53,172
121900035,1783,1662,121
121900036,65,237,-172
121900037,124,734,-610
121900038,18,83,-65
121900039,251,51,200
121900040,43,98,-55
121900041,67,139,-72
121900042,289,110,179
121900043,4,6,-2
121900044,94,31,63
121900046,213,217,-4
121900047,133,53,80
121900048,38,57,-19
121900050,15,33,-18
121900051,131,119,12
121900052,165,26,139
121900053,348,218,130
121900054,258,864,-606
121900055,4,9,-5
121900058,226,92,134
121900059,309,126,183
121900060,111,277,-166
121900061,110,88,22
121900062,116,68,48
121900063,1294,305,989
121900064,184,343,-159
121900066,55,21,34
121900067,63,39,24
121900069,108,92,16
121900070,142,76,66
121900071,335,154,181
121900072,61,84,-23
121900073,176,192,-16
121900074,392,758,-366
121900075,365,418,-53
121900076,463,372,91
121900078,47,22,25
121900079,4,1,3
121900080,595,289,306
121900082,66,61,5
121900084,22,86,-64
121900086,17,58,-41
121900087,78,94,-16
121900088,1070,1829,-759
121900089,182,161,21
121900090,21,45,-24
121900091,91,91,0
121900092,68,108,-40
121900093,78,71,7
121900094,12,4,8
121900095,297,111,186
121900096,769,584,185
121900097,558,137,421
121900098,3,0,3
121900099,156,59,97
121900100,94,360,-266
121900101,104,112,-8
121900102,4,106,-102
121900103,314,177,137
121900104,1299,255,1044
121900105,250,121,129
121900106,10,3,7
121900107,38,18,20
121900108,3,15,-12
121900109,178,114,64
121900110,514,398,116
121900111,550,165,385
121900112,149,88,61
121900113,66,387,-321
121900114,75,55,20
121900117,81,61,20
121900118,1239,496,743
121900119,153,62,91
121900120,50,686,-636
121900121,266,29,237
121900122,21,60,-39
121900123,117,304,-187
121900124,122,129,-7
121900125,1049,642,407
121900127,6,88,-82
121900128,46,78,-32
121900129,245,141,104
121900130,98,183,-85
121900131,200,62,138
121900132,63,61,2
121900133,62,1094,-1032
121900134,21,158,-137
121900135,2198,296,1902
121900136,238,176,62
121900137,38,201,-163
121900138,51,58,-7
121900139,248,744,-496
121900140,58,94,-36
121900141,53,23,30
121900142,94,67,27
121900143,7,117,-110
121900144,128,182,-54
121900145,144,230,-86
121900146,409,493,-84
121900147,76,157,-81
121900148,140,204,-64
121900149,237,338,-101
121900150,34,148,-114
121900151,60,168,-108
121900152,98,69,29
121900153,39,512,-473
121900154,16,254,-238
121900155,2,112,-110
121900156,110,93,17
121900157,0,199,-199
121900158,69,79,-10
121900159,0,135,-135
121900160,70,229,-159
121900161,235,282,-47
121900162,106,129,-23
121900163,250,295,-45
121900164,239,127,112
121900165,159,76,83
121900166,133,115,18
121900167,51,103,-52
121900168,99,161,-62
121900169,4,115,-111
121900170,19,159,-140
121900171,620,378,242
121900172,408,152,256
121900173,482,164,318
121900174,36,57,-21
121900175,118,109,9
121900176,331,908,-577
121900177,152,57,95
121900178,73,43,30
121900179,337,161,176
121900180,1554,3586,-2032
121900182,510,329,181
121900183,548,729,-181
121900184,51,400,-349
121900186,3,240,-237
121900187,19,98,-79
121900188,343,215,128
121900189,28,78,-50
121900190,183,366,-183
121900191,74,245,-171
121900192,250,871,-621
121900193,47,147,-100
121900194,2,120,-118
121900195,30,38,-8
121900196,434,565,-131
121900197,280,790,-510
121900198,932,789,143
121900199,6,11,-5
121900200,62,178,-116
121900201,460,604,-144
121900202,71,512,-441
121900203,53,785,-732
121900204,481,915,-434
121900205,11,67,-56
121900206,41,23,18
121900207,74,31,43
121900208,91,190,-99
121900209,27,27,0
121900210,1108,866,242
121900211,361,316,45
121900212,96,66,30
121900213,224,26,198
121900214,4,332,-328
121900215,47,109,-62
121900216,35,123,-88
121900217,192,107,85
121900218,159,341,-182
121900220,86,18,68
121900221,180,342,-162
121900222,157,66,91
121900223,114,26,88
121900224,68,24,44
121900225,99,111,-12
121900226,187,82,105
121900227,198,386,-188
121900228,135,177,-42
121900230,51,232,-181
121900231,116,995,-879
121900232,108,198,-90
121900233,148,148,0
121900234,277,113,164
121900235,399,82,317
121900236,224,116,108
121900237,168,231,-63
121900238,101,211,-110
121900239,156,17,139
121900240,247,104,143
121900241,69,38,31
121900242,6,1,5
121900243,16,0,16
121900244,18,4,14
121900245,158,45,113
121900246,2274,112,2162
121900248,752,797,-45
121900250,162,289,-127
121900251,346,40,306
121900252,326,95,231
121900253,110,632,-522
121900254,314,230,84
121900255,356,77,279
121900258,2556,1338,1218
121900259,291,515,-224
121900260,64,73,-9
121900261,164,438,-274
121900262,324,715,-391
121900263,221,185,36
121900264,926,763,163
121900265,282,147,135
121900266,451,81,370
121900267,67,28,39
121900269,121,498,-377
121900270,33,139,-106
121900271,38,131,-93
121900273,383,1271,-888
121900274,239,197,42
121900277,284,608,-324
121900278,89,519,-430
121900279,112,115,-3
121900280,83,236,-153
121900281,132,322,-190
121900284,62,15,47
121900286,135,83,52
121900287,8,28,-20
121900288,2,2,0
121900290,133,376,-243
121900291,349,645,-296
121900292,93,104,-11
121900293,700,1984,-1284
121900294,197,7,190
121900295,124,123,1
121900296,58,116,-58
121900298,201,670,-469
121900299,0,4,-4
121900300,55,7,48
121900301,91,1,90
121900302,5,29,-24
121900303,318,187,131
121900304,4,18,-14
121900305,2,9,-7
121900306,239,0,239
121900307,90,18,72
121900308,17,145,-128
121900309,3,107,-104
121900310,22,232,-210
121900311,403,25,378
121900312,272,6,266
121900313,305,18,287
121900314,3,35,-32
121900315,11,1,10
121900316,0,5,-5
121900317,32,5,27
121900318,4,9,-5
121900319,29,118,-89
121900320,31,43,-12
121900321,10,0,10
121900322,3,10,-7
121900323,22,9,13
121900324,0,28,-28
121900325,15,2,13
121900326,4,26,-22
121900327,7,30,-23
121900328,0,21,-21
121900329,2,104,-102
121900330,0,47,-47
121900331,31,96,-65
121900332,70,16,54
121900333,20,0,20
121900334,63,66,-3
122000001,1034,3721,-2687
122000002,2075,920,1155
122000003,1166,2101,-935
122000004,1937,1017,920
122000005,1941,1558,383
122000006,984,837,147
122000007,593,1219,-626
122000008,1348,2749,-1401
122000009,331,302,29
122000010,1490,1878,-388
122000011,2628,1245,1383
122000012,718,1595,-877
122000013,631,840,-209
122000014,1549,869,680
122000015,878,714,164
122000016,387,746,-359
122000017,826,780,46
122000018,1162,1061,101
122000019,738,795,-57
122000020,173,175,-2
122000021,154,302,-148
122000022,841,819,22
122000023,595,1065,-470
122000024,427,1336,-909
122000025,644,1637,-993
122000026,454,1217,-763
122000027,565,1063,-498
122000028,761,425,336
122000029,283,388,-105
122000030,127,105,22
122000031,128,267,-139
122000032,1645,1237,408
122000033,362,1312,-950
122000034,404,458,-54
122000035,166,592,-426
122000036,403,400,3
122000037,312,169,143
122000038,188,223,-35
122000039,433,356,77
122000040,167,204,-37
122000041,346,442,-96
122000042,233,356,-123
122000043,82,95,-13
122000044,87,79,8
122000045,983,433,550
122000046,618,522,96
122000047,141,160,-19
122000048,2234,2887,-653
122000049,3895,2565,1330
122000050,946,619,327
122000051,141,388,-247
122000052,366,355,11
122000053,138,774,-636
122000054,1468,1499,-31
122000055,1426,2733,-1307
122000056,2444,2463,-19
122000057,1967,2977,-1010
122000058,1113,1413,-300
122000059,1175,2291,-1116
122000060,283,671,-388
122000061,236,526,-290
122000062,436,211,225
122000063,593,661,-68
122000064,2077,2705,-628
122000065,2020,1503,517
122000066,326,346,-20
122000067,1134,959,175
122000068,942,691,251
122000069,720,636,84
122000070,567,821,-254
122000071,1410,841,569
122000072,391,447,-56
122000073,249,834,-585
122000074,2182,1165,1017
122000075,604,887,-283
122000076,3252,1121,2131
122000077,614,1066,-452
122000078,950,3026,-2076
122000079,502,1191,-689
122000080,478,321,157
122000081,167,143,24
122000082,297,885,-588
122000083,1488,876,612
122000084,1398,650,748
122000085,204,526,-322
122000086,1565,3786,-2221
122000087,260,231,29
122000088,202,405,-203
122000089,3119,1500,1619
122000090,111,431,-320
122000091,86,91,-5
122000092,66,23,43
122000093,1240,2021,-781
122000094,3183,2031,1152
122000095,851,2808,-1957
122000096,720,1151,-431
122000098,1625,2300,-675
122000099,929,676,253
122000100,618,408,210
122000101,253,383,-130
122000102,1465,792,673
122000103,1360,1172,188
122000104,435,143,292
122000105,335,217,118
122000106,370,555,-185
122000107,828,390,438
122000108,357,585,-228
122000109,368,242,126
122000110,457,415,42
122000111,2116,1131,985
122000112,859,936,-77
122000113,528,535,-7
122000114,1621,1359,262
122000115,1446,899,547
122000116,362,431,-69
122000117,919,314,605
122000118,430,597,-167
122000119,1887,1592,295
122000120,913,2501,-1588
122000121,896,1979,-1083
122000122,472,957,-485
122000123,1094,1201,-107
122000124,693,457,236
122000125,369,522,-153
122000126,357,642,-285
122000127,535,781,-246
122000128,273,412,-139
122000129,425,1204,-779
122000130,2017,1062,955
122000131,774,694,80
122000132,187,350,-163
122000133,664,735,-71
122000134,796,588,208
122000135,540,513,27
122000136,628,516,112
122000137,1420,656,764
122000139,710,2330,-1620
122000140,454,490,-36
122000141,2210,819,1391
122000142,119,649,-530
122000143,281,329,-48
122000144,845,701,144
122000145,529,505,24
122000146,427,908,-481
122000147,390,371,19
122000148,861,1541,-680
122000149,1571,1206,365
122000150,872,728,144
122000151,94,306,-212
122000152,232,269,-37
122000153,234,248,-14
122000154,187,191,-4
122000155,1206,1827,-621
122000156,1855,2208,-353
122000157,781,1924,-1143
122000158,244,486,-242
122000159,436,863,-427
122000160,1708,1423,285
122000161,799,813,-14
122000162,959,1245,-286
122000163,190,80,110
122000164,56,91,-35
122000165,689,552,137
122000166,602,859,-257
122000167,306,242,64
122000168,182,428,-246
122000169,227,137,90
122000170,307,200,107
122000171,44,94,-50
122000172,1143,973,170
122000173,1001,1722,-721
122000174,1601,750,851
122000175,672,275,397
122000176,333,577,-244
122000177,1108,1248,-140
122000178,2039,1739,300
122000179,1199,1823,-624
122000180,988,1064,-76
122000181,1003,2161,-1158
122000182,1032,961,71
122000183,1346,762,584
122000184,1816,2076,-260
122000185,953,1517,-564
122000186,345,704,-359
122000187,1376,762,614
122000188,286,188,98
122000189,166,280,-114
122000190,612,1173,-561
122000191,587,505,82
122000192,809,298,511
122000193,366,468,-102
122000194,342,186,156
122000195,146,390,-244
122000196,867,506,361
122000197,375,524,-149
122000198,405,837,-432
122000199,259,246,13
122000200,674,508,166
122000201,986,1243,-257
122000202,921,1266,-345
122000203,2036,1110,926
122000204,890,1294,-404
122000205,795,936,-141
122000206,1972,637,1335
122000207,1659,879,780
122000208,1678,1017,661
122000209,1238,343,895
122000210,1667,1237,430
122000211,944,885,59
122000212,662,532,130
122000213,791,1099,-308
122000214,1409,1390,19
122000215,1528,1347,181
122000217,1368,1192,176
122000218,536,58,478
122000219,667,637,30
122000220,282,463,-181
122000221,59,299,-240
122000222,467,140,327
122000223,931,389,542
122000225,594,282,312
122000226,1297,1054,243
122000227,165,1575,-1410
122000228,256,313,-57
122000229,36,372,-336
122000230,57,237,-180
122000231,235,539,-304
122000232,460,528,-68
122000233,0,76,-76
122000234,324,48,276
122000235,329,86,243
122000236,1011,62,949
122000237,71,55,16
122000238,231,256,-25
122000239,517,118,399
122000240,1022,418,604
122000241,1467,359,1108
122000242,501,96,405
122000243,234,61,173
122000244,91,201,-110
122000245,110,118,-8
122000246,355,134,221
122000247,400,618,-218
122000248,633,893,-260
122000249,1066,908,158
122000250,1558,833,725
122000251,171,388,-217
122000252,326,139,187
122000253,25,177,-152
122000254,276,52,224
122000255,603,729,-126
122000256,244,391,-147
122000257,120,141,-21
122000258,210,151,59
122000259,27,226,-199
122000260,10,43,-33
122000261,14,185,-171
122000262,3,36,-33
122000263,233,261,-28
122000264,1019,257,762
122000265,1626,750,876
122000266,2778,482,2296
122000267,124,88,36
122000268,146,189,-43
122000269,684,273,411
122000270,417,122,295
122000271,211,707,-496
122000272,297,577,-280
122000273,341,309,32
122000274,196,140,56
122000275,39,118,-79
122000276,711,353,358
122000277,948,1089,-141
122000278,1424,403,1021
122000279,187,219,-32
122000280,598,356,242
122000281,584,484,100
122000282,210,304,-94
122000283,241,102,139
122000284,167,68,99
122000285,245,44,201
122000286,45,126,-81
122000287,932,882,50
122000288,356,190,166
122000291,1619,508,1111
122000293,191,126,65
122000294,123,219,-96
122000295,942,168,774
122000296,49,384,-335
122000297,1343,2667,-1324
122000299,335,277,58
122000300,411,480,-69
122000301,4796,2510,2286
122000302,350,1424,-1074
122000303,1845,895,950
122000304,46,105,-59
122000305,864,343,521
122000306,50,310,-260
122000307,95,98,-3
122000309,51,49,2
122000310,28,84,-56
122000311,122,98,24
122000312,109,160,-51
122000313,91,64,27
122000314,81,167,-86
122000315,185,32,153
122000316,636,142,494
122000317,1398,226,1172
122000318,168,338,-170
122000319,134,263,-129
122000320,188,595,-407
122000321,42,102,-60
122000322,1240,1685,-445
122000323,782,1799,-1017
122000324,963,1010,-47
122000325,908,2030,-1122
122000326,83,84,-1
122000327,307,419,-112
122000328,405,345,60
122000330,1110,636,474
122000332,125,269,-144
122000333,4,62,-58
122000337,901,487,414
122000338,360,204,156
122000340,243,579,-336
122000342,848,566,282
122000343,427,542,-115
122000344,67,13,54
122000345,9,14,-5
122000346,268,244,24
122000348,472,449,23
122000349,44,304,-260
122000351,138,151,-13
122000352,284,110,174
122000353,81,40,41
122000355,121,224,-103
122000356,658,829,-171
122000357,73,19,54
122000358,1,42,-41
122000359,0,17,-17
122000360,0,18,-18
122000362,3,34,-31
122000364,173,212,-39
122000365,2,39,-37
122000366,8,9,-1
122000368,387,485,-98
122000370,21,16,5
122000371,31,2,29
122000372,14,0,14
122000381,115,244,-129
122000382,71,157,-86
122000384,1726,884,842
122000385,62,1,61
122000386,214,961,-747
122000387,318,575,-257
122000388,877,554,323
122000389,162,644,-482
122000390,264,188,76
122000391,194,243,-49
122000392,121,109,12
122000393,63,84,-21
122000394,447,120,327
122000395,102,61,41
122000396,182,75,107
122000397,24,30,-6
122000398,18,59,-41
122000399,143,47,96
122000400,87,470,-383
122000401,116,44,72
122000402,263,129,134
122000403,351,409,-58
122000404,111,107,4
122000408,431,628,-197
122000503,12,70,-58
122000524,131,126,5
122000544,71,1444,-1373
122000614,270,252,18
122000616,145,2,143
122000640,69,89,-20
122000641,112,158,-46
122000642,768,594,174
122000643,59,110,-51
122000644,80,16,64
122000645,127,146,-19
122000651,668,1006,-338
122000664,86,19,67
122000665,786,414,372
122000666,483,849,-366
122000673,22,112,-90
122000674,142,55,87
122000675,1424,470,954
122000686,355,587,-232
122000687,1307,194,1113
122000688,185,257,-72
122000689,738,262,476
122000690,1762,194,1568
122000691,651,671,-20
122000692,851,211,640
122000693,275,839,-564
122000695,288,254,34
122000696,411,102,309
122000698,353,285,68
122000699,151,36,115
122000701,1186,214,972
122000702,377,521,-144
122000703,130,40,90
122000712,0,0,0
122000717,54,56,-2
122000718,591,1383,-792
122000719,114,53,61
122000720,519,101,418
122000724,231,190,41
122900001,42,1,41
122900002,692,3521,-2829
122900003,310,32,278
122900004,809,56,753
122900005,102,34,68
122900006,380,348,32
122900007,43,59,-16
122900008,287,68,219
122900009,394,341,53
122900010,140,97,43
122900012,152,319,-167
122900014,139,153,-14
122900015,705,876,-171
122900016,88,171,-83
122900017,171,473,-302
122900018,125,16,109
122900019,3,104,-101
122900020,106,246,-140
122900021,59,265,-206
122900022,850,574,276
122900023,288,76,212
122900024,94,83,11
122900025,7,196,-189
122900026,29,190,-161
122900027,35,406,-371
122900028,114,133,-19
122900029,3031,2167,864
122900030,748,420,328
122900031,33,243,-210
122900032,81,313,-232
122900033,239,109,130
122900034,3020,3683,-663
122900035,33,28,5
122900036,36,45,-9
122900037,236,77,159
122900038,90,2025,-1935
122900039,77,331,-254
122900040,202,321,-119
122900041,279,194,85
122900042,131,194,-63
122900043,233,188,45
122900044,90,298,-208
122900045,93,106,-13
122900046,111,161,-50
122900047,107,192,-85
122900048,39,154,-115
122900049,1011,123,888
122900051,61,129,-68
122900052,130,108,22
122900053,23,17,6
122900055,243,70,173
122900057,153,37,116
122900061,320,191,129
122900062,491,480,11
122900063,152,136,16
122900064,557,261,296
122900065,483,192,291
122900066,564,300,264
122900067,672,347,325
122900069,325,945,-620
122900070,270,27,243
122900071,108,199,-91
122900073,26,81,-55
122900074,600,283,317
122900075,2,42,-40
122900076,6,134,-128
122900077,1,80,-79
122900078,133,32,101
122900080,14,18,-4
122900081,117,54,63
122900082,793,76,717
122900083,71,67,4
122900084,8,114,-106
122900086,14,59,-45
122900087,236,269,-33
122900088,29,244,-215
122900089,10,105,-95
122900090,5,231,-226
122900091,210,0,210
122900092,0,77,-77
122900093,0,73,-73
122900094,3,80,-77
122900095,155,6,149
122900096,432,191,241
122900097,60,50,10
122900098,44,39,5
122900099,44,17,27
122900100,97,240,-143
122900101,294,213,81
122900102,12,21,-9
122900103,138,6,132
122900104,145,2,143
122900105,15,7,8
122900106,1,17,-16
122900107,0,46,-46
122900108,1,64,-63
122900109,211,67,144
123000001,707,416,291
123000002,1764,4030,-2266
123000003,2870,3290,-420
123000004,2099,2789,-690
123000005,2009,2141,-132
123000006,1490,1393,97
123000007,3058,2032,1026
123000008,1749,1884,-135
123000009,3351,2020,1331
123000010,2479,2293,186
123000011,1299,740,559
123000012,475,1628,-1153
123000013,2622,797,1825
123000014,613,2314,-1701
123000015,1637,847,790
123000016,2017,2523,-506
123000017,2741,1532,1209
123000018,54,75,-21
123000019,358,97,261
123000020,260,49,211
123000021,138,138,0
123000022,245,1483,-1238
123000023,1234,1282,-48
123000024,1280,460,820
123000025,296,102,194
123000026,29,66,-37
123000027,101,479,-378
123000028,1173,726,447
123000029,780,911,-131
123000030,204,138,66
123000031,228,135,93
123000032,392,125,267
123000033,248,48,200
123000034,928,618,310
123000035,361,366,-5
123000036,227,753,-526
123000037,261,135,126
123000038,37,182,-145
123000039,373,1221,-848
123000040,505,215,290
123000041,716,935,-219
123000042,535,572,-37
123000043,1486,6389,-4903
123000044,2290,1674,616
123000045,2552,1761,791
123000046,334,1079,-745
123000047,956,730,226
123000048,64,672,-608
123000049,3560,6761,-3201
123000050,1312,1103,209
123000051,75,136,-61
123000052,619,2348,-1729
123000053,1906,2218,-312
123000054,1205,1049,156
123000055,1171,2125,-954
123000056,784,1133,-349
123000057,4559,4506,53
123000058,451,847,-396
123000059,278,305,-27
123000060,657,312,345
123000061,191,436,-245
123000063,629,706,-77
123000064,845,192,653
123000065,2890,1474,1416
123000066,412,376,36
123000067,600,337,263
123000068,1783,1706,77
123000069,3736,1737,1999
123000070,204,426,-222
123000071,903,548,355
123000072,847,464,383
123000073,1186,521,665
123000074,751,570,181
123000075,333,986,-653
123000076,568,309,259
123000077,1516,1279,237
123000078,1463,1198,265
123000079,1321,1185,136
123000080,1696,851,845
123000081,123,213,-90
123000082,249,647,-398
123000083,793,246,547
123000084,617,339,278
123000085,310,61,249
123000086,523,91,432
123000087,302,147,155
123000088,996,479,517
123000089,536,722,-186
123000090,963,613,350
123000091,1063,957,106
123000092,680,830,-150
123000094,391,159,232
123000095,502,570,-68
123000096,625,320,305
123000097,385,380,5
123000098,736,338,398
123000099,599,438,161
123000100,368,572,-204
123000101,370,488,-118
123000102,376,558,-182
123000104,331,429,-98
123000105,312,317,-5
123000106,328,359,-31
123000107,222,402,-180
123000108,405,704,-299
123000111,757,306,451
123000112,1056,315,741
123000113,247,464,-217
123000114,317,547,-230
123000115,313,266,47
123000116,53,72,-19
123000117,1337,899,438
123000118,332,428,-96
123000119,239,511,-272
123000120,245,425,-180
123000121,384,347,37
123000122,197,228,-31
123000123,399,389,10
123000124,263,309,-46
123000125,719,797,-78
123000126,1033,4576,-3543
123000127,518,430,88
123000128,177,243,-66
123000129,631,157,474
123000130,615,78,537
123000131,872,751,121
123000132,211,426,-215
123000133,116,172,-56
123000134,185,100,85
123000135,1475,562,913
123000136,176,396,-220
123000137,68,147,-79
123000138,70,193,-123
123000139,433,110,323
123000140,82,368,-286
123000141,509,91,418
123000142,628,483,145
123000143,814,1014,-200
123000144,24,33,-9
123000145,79,161,-82
123000146,8,48,-40
123000147,48,62,-14
123000149,233,258,-25
123000150,89,225,-136
123000151,181,387,-206
123000152,44,290,-246
123000153,142,590,-448
123000154,970,1397,-427
123000155,1328,894,434
123000156,24,109,-85
123000157,443,641,-198
123000158,371,599,-228
123000159,2366,2020,346
123000160,1107,804,303
123000161,1188,860,328
123000162,974,1184,-210
123000163,469,88,381
123000164,1245,259,986
123000165,290,773,-483
123000166,59,83,-24
123000167,139,216,-77
123000168,207,147,60
123000169,769,143,626
123000170,85,63,22
123000171,724,16,708
123000172,112,244,-132
123000173,381,282,99
123000174,754,362,392
123000175,390,640,-250
123000176,822,216,606
123000177,245,497,-252
123000178,662,131,531
123000179,51,345,-294
123000180,894,318,576
123000181,134,442,-308
123000183,130,536,-406
123000184,67,263,-196
123000186,4,311,-307
123000187,499,4,495
123000188,229,1,228
123000189,233,133,100
123000190,59,88,-29
123000192,19,280,-261
123000193,61,502,-441
123000194,373,244,129
123000195,307,51,256
123000196,289,21,268
123000197,83,116,-33
123000198,24,612,-588
123000199,6,424,-418
123000200,422,6,416
123000201,999,16,983
123000202,17,475,-458
123000203,883,51,832
123000204,62,582,-520
123000205,400,900,-500
123000206,1928,221,1707
123000207,74,463,-389
123000208,515,174,341
123000209,1810,662,1148
123000210,444,1206,-762
123000211,442,1181,-739
123000212,2529,375,2154
123000213,560,85,475
123000215,55,154,-99
123000216,112,474,-362
123000217,123,23,100
123000218,28,399,-371
123000219,393,45,348
123000220,414,50,364
123000221,225,47,178
123000222,253,181,72
123000223,278,125,153
123000224,374,215,159
123000225,212,51,161
123000226,58,193,-135
123000227,56,138,-82
123000228,228,47,181
123000229,578,824,-246
123000232,143,411,-268
123000233,586,98,488
123000234,101,402,-301
123000235,953,216,737
123000236,168,338,-170
123000237,277,97,180
123000238,69,228,-159
123000239,299,539,-240
123000240,49,397,-348
123000241,241,58,183
123000242,100,106,-6
123000243,624,599,25
123000244,646,542,104
123000245,33,106,-73
123000249,197,303,-106
123000252,718,268,450
123000253,1048,393,655
123000254,560,476,84
123000255,854,654,200
123000256,15,136,-121
123000257,1457,867,590
123000258,812,638,174
123000259,354,330,24
123000260,364,228,136
123000261,164,70,94
123000262,88,110,-22
123000263,419,82,337
123000264,177,77,100
123000265,39,97,-58
123000266,470,402,68
123000267,513,241,272
123000268,22,39,-17
123000269,41,55,-14
123000270,21,47,-26
123000271,48,42,6
123000272,641,242,399
123000273,168,514,-346
123000274,884,407,477
123000275,220,502,-282
123000278,1608,1629,-21
123000279,100,55,45
123000280,382,271,111
123000281,234,80,154
123000282,70,180,-110
123000283,116,44,72
123000284,51,63,-12
123000286,150,270,-120
123000287,403,232,171
123000288,1051,826,225
123000289,274,947,-673
123000291,195,580,-385
123000294,132,192,-60
123000295,713,773,-60
123000296,573,367,206
123000297,667,329,338
123000298,696,253,443
123000299,62,126,-64
123000300,1083,896,187
123000301,109,215,-106
123000302,59,105,-46
123000303,89,155,-66
123000305,590,612,-22
123000306,131,49,82
123000309,35,48,-13
123000310,61,24,37
123000311,1,61,-60
123000312,433,558,-125
123000313,1013,418,595
123000315,105,179,-74
123000316,535,294,241
123000317,174,58,116
123000318,62,127,-65
123000329,1,7,-6
123000337,514,470,44
123000338,246,176,70
123000339,297,87,210
123000340,104,183,-79
123000342,18,68,-50
123000343,27,11,16
123000344,817,255,562
123000345,296,358,-62
123000346,306,45,261
123000352,748,607,141
123000353,28,71,-43
123000354,145,2,143
123000355,0,166,-166
123000356,352,4,348
123000357,1,86,-85
123000359,7,82,-75
123000360,182,58,124
123000361,148,171,-23
123000362,264,52,212
123000363,71,116,-45
123000364,337,367,-30
123000365,21,284,-263
123000366,295,1607,-1312
123000367,404,677,-273
123000370,25,193,-168
123000371,388,26,362
123000372,282,23,259
123000373,7,187,-180
123000374,24,115,-91
123000375,333,23,310
123000376,779,569,210
123000377,339,16,323
123000378,14,134,-120
123000379,3,94,-91
123000380,29,343,-314
123000381,61,45,16
123000382,420,128,292
123000383,76,808,-732
123000384,379,86,293
123000385,102,353,-251
123000436,24,474,-450
123000507,82,152,-70
123000508,114,732,-618
123000517,212,26,186
123000518,21,217,-196
123000519,122,71,51
123000520,32,142,-110
123000521,377,109,268
123000522,111,278,-167
123000541,7,1,6
123000542,1,8,-7
123000565,886,35,851
123000566,317,318,-1
123000567,71,93,-22
123000573,50,343,-293
123000574,696,56,640
123000575,1089,552,537
123000576,659,668,-9
123000577,55,400,-345
123000578,237,69,168
123000579,879,4084,-3205
123000580,115,44,71
123000582,294,28,266
123000583,19,168,-149
123000584,123,205,-82
123000585,0,63,-63
123000586,44,0,44
123000596,66,67,-1
123000597,63,124,-61
123000602,69,4,65
123000603,725,348,377
123000604,484,295,189
123000605,547,33,514
123000606,0,291,-291
123000609,21,206,-185
123000610,130,78,52
123000613,40,183,-143
123000614,192,31,161
123000615,48,106,-58
123000616,598,60,538
123000617,88,167,-79
123000618,84,357,-273
123000619,388,23,365
123000620,33,203,-170
123000622,341,20,321
123000624,151,61,90
123000630,1171,212,959
123000631,160,560,-400
123000632,593,535,58
123000633,8,196,-188
123000634,40,132,-92
123000635,85,77,8
123000636,119,371,-252
123000637,136,29,107
123000638,509,16,493
123000639,593,3449,-2856
123000640,24,338,-314
123000648,366,70,296
123000649,75,201,-126
123000650,527,211,316
123000651,71,238,-167
123900001,694,28,666
123900002,23,945,-922
123900003,165,192,-27
123900005,199,127,72
123900006,259,32,227
124000001,1445,134,1311
124000002,49,802,-753
124000003,827,132,695
124000004,67,289,-222
124000005,954,549,405
124000006,151,510,-359
124000007,300,87,213
124000008,12,351,-339
124000009,578,166,412
124000010,176,255,-79
124000011,782,208,574
124000012,185,206,-21
124000017,155,114,41
124000018,115,42,73
124000019,114,85,29
124000020,45,73,-28
124000021,82,79,3
124000022,72,109,-37
124000023,1021,1091,-70
124000024,722,334,388
124000025,838,1281,-443
124000026,682,600,82
124000027,3031,3609,-578
124000028,1160,2422,-1262
124000030,1017,454,563
124000031,1190,2735,-1545
124000032,1122,569,553
124000033,845,552,293
124000034,404,633,-229
124000035,294,181,113
124000036,118,360,-242
124000037,317,905,-588
124000038,34,78,-44
124000039,602,370,232
124000040,362,814,-452
124000041,442,63,379
124000042,157,339,-182
124000043,87,104,-17
124000044,68,91,-23
124000045,739,399,340
124000046,246,404,-158
124000047,1366,568,798
124000048,730,532,198
124000049,1387,487,900
124000050,695,870,-175
124000051,904,381,523
124000052,442,477,-35
124000053,398,1332,-934
124000054,525,279,246
124000055,1008,2266,-1258
124000056,1199,894,305
124000057,1038,437,601
124000058,372,725,-353
124000059,524,944,-420
124000060,590,379,211
124000061,1070,4684,-3614
124000062,1732,1016,716
124000063,885,977,-92
124000064,1030,751,279
124000065,39,182,-143
124000066,214,93,121
124000067,175,124,51
124000068,50,178,-128
124000069,552,117,435
124000070,188,297,-109
124000071,349,113,236
124000072,86,158,-72
124000073,752,132,620
124000074,217,381,-164
124000075,342,11,331
124000076,9,92,-83
124000077,1069,532,537
124000078,1869,1105,764
124000079,210,730,-520
124000080,515,157,358
124000081,182,280,-98
124000082,50,149,-99
124000083,58,71,-13
124000084,91,420,-329
124000085,73,42,31
124000086,20,100,-80
124000087,145,129,16
124000088,113,309,-196
124000089,629,203,426
124000090,108,187,-79
124000091,504,104,400
124000092,120,375,-255
124000093,84,108,-24
124000094,90,288,-198
124000095,94,86,8
124000096,110,136,-26
124000097,74,116,-42
124000098,56,71,-15
124000099,235,85,150
124000100,30,92,-62
124000101,65,93,-28
124000102,98,43,55
124000103,112,106,6
124000104,42,27,15
124000105,100,91,9
124000106,99,25,74
124000107,17,164,-147
124000108,36,18,18
124000109,111,91,20
124000110,151,73,78
124000111,159,144,15
124000112,543,390,153
124000113,75,61,14
124000114,266,238,28
124000115,361,343,18
124000116,96,103,-7
124000117,31,71,-40
124000118,53,72,-19
124000119,598,378,220
124000120,302,350,-48
124000121,906,533,373
124000122,373,895,-522
124000123,664,362,302
124000124,258,655,-397
124000125,337,366,-29
124000126,241,343,-102
124000127,605,243,362
124000128,409,538,-129
124000129,1539,1093,446
124000130,602,432,170
124000131,684,466,218
124000132,636,508,128
124000133,719,587,132
124000134,606,348,258
124000135,1318,1304,14
124000136,472,565,-93
124000137,796,566,230
124000138,704,784,-80
124000139,488,77,411
124000140,43,403,-360
124000141,737,28,709
124000142,78,283,-205
124000143,124,6,118
124000144,9,96,-87
124000145,108,43,65
124000146,28,71,-43
124000148,9,85,-76
124000149,1022,342,680
124000150,232,419,-187
124000151,823,317,506
124000152,589,861,-272
124000153,565,598,-33
124000154,217,446,-229
124000155,1089,751,338
124000156,982,755,227
124000169,141,356,-215
124000170,364,349,15
124000171,252,204,48
124000172,235,286,-51
124000173,527,142,385
124000174,387,366,21
124000175,9,63,-54
124000176,74,31,43
124000177,6,21,-15
124000178,37,64,-27
124000185,38,15,23
124000186,5,33,-28
124000187,5,52,-47
124000188,61,11,50
124000190,87,39,48
124000191,75,128,-53
124000192,885,258,627
124000193,261,470,-209
124000194,258,231,27
124000195,241,484,-243
124000196,653,466,187
124000197,33,25,8
124000198,45,40,5
124000201,305,465,-160
124000202,463,56,407
124000203,400,237,163
124000204,795,81,714
124000205,124,238,-114
124000206,807,62,745
124000207,0,24,-24
124000209,139,208,-69
124000210,439,152,287
124000211,614,0,614
124000212,0,200,-200
124000213,429,150,279
124000214,333,376,-43
124000215,320,27,293
124000216,3,187,-184
124000329,11,387,-376
124000338,148,620,-472
124000339,950,97,853
124000341,1254,68,1186
124000344,64,30,34
124000357,801,1813,-1012
124000358,692,1101,-409
124000359,941,466,475
124000360,714,298,416
124000361,1158,686,472
124000362,632,788,-156
124000363,179,220,-41
124000364,361,389,-28
124000365,463,672,-209
124000366,954,559,395
124000367,68,301,-233
124000368,403,404,-1
124000369,83,63,20
124000370,52,299,-247
124000402,29,22,7
124000403,157,18,139
124000404,6,34,-28
124000405,757,566,191
124000406,514,489,25
124000407,3,28,-25
124000411,4,165,-161
124000412,332,7,325
124000413,199,29,170
124000414,58,90,-32
124000415,59,60,-1
124000416,96,100,-4
124000417,190,90,100
124000418,258,81,177
124000419,99,71,28
124000420,87,46,41
124000421,58,69,-11
124000422,17,6,11
124000423,113,24,89
124000424,4,76,-72
124000425,139,12,127
124000426,5,115,-110
124000427,192,5,187
124000428,19,46,-27
124000429,65,47,18
124000430,381,162,219
124000431,315,255,60
124000432,263,365,-102
124000439,10,5,5
124000443,0,4,-4
124000445,353,1089,-736
124000446,675,186,489
124000447,23,145,-122
124000448,131,7,124
124000449,156,14,142
124000450,14,75,-61
124000451,9,32,-23
124900001,620,373,247
124900002,127,148,-21
124900003,1020,501,519
124900004,690,243,447
124900005,154,77,77
124900006,695,256,439
124900008,749,425,324
124900009,177,311,-134
124900010,188,199,-11
124900011,423,217,206
124900012,352,84,268
124900013,454,109,345
124900014,284,61,223
124900015,77,264,-187
124900016,50,71,-21
124900017,420,1435,-1015
124900018,69,9,60
124900020,85,52,33
124900021,354,36,318
124900022,40,6,34
124900024,276,9,267
124900026,162,29,133
124900027,110,334,-224
124900028,205,58,147
124900029,10,419,-409
124900030,5,53,-48
124900031,26,143,-117
124900032,103,209,-106
124900033,105,165,-60
124900034,3,58,-55
124900035,96,210,-114
124900036,1,56,-55
124900037,128,140,-12
124900039,3,32,-29
124900040,144,35,109
124900042,102,0,102
124900043,404,655,-251
124900044,68,5,63
124900045,427,640,-213
124900047,386,289,97
124900048,132,75,57
124900050,129,163,-34
124900052,107,170,-63
124900053,218,308,-90
124900054,484,328,156
124900055,7,266,-259
124900057,17,29,-12
124900060,437,404,33
124900061,97,12,85
124900062,180,20,160
124900066,0,144,-144
124900067,8,67,-59
124900068,190,365,-175
124900070,39,17,22
124900072,99,48,51
124900075,259,161,98
124900076,16,1082,-1066
124900077,18,89,-71
124900078,50,22,28
124900079,270,119,151
124900080,257,382,-125
124900081,959,302,657
124900082,526,781,-255
124900083,459,558,-99
124900085,1252,897,355
124900086,32,891,-859
124900087,802,131,671
124900088,529,215,314
124900089,774,28,746
124900090,292,165,127
124900091,283,150,133
124900092,172,112,60
124900093,253,143,110
124900094,431,193,238
124900095,59,348,-289
124900096,355,182,173
124900097,368,56,312
124900098,99,173,-74
124900099,294,352,-58
124900100,297,59,238
124900101,81,213,-132
124900102,264,8,256
124900103,127,101,26
124900104,77,102,-25
124900105,108,62,46
124900106,247,28,219
124900107,86,14,72
124900108,164,82,82
124900111,1,112,-111
124900112,215,333,-118
124900113,44,260,-216
124900114,90,112,-22
124900115,35,21,14
124900116,184,181,3
124900117,202,117,85
124900118,138,453,-315
124900119,323,161,162
124900120,52,219,-167
124900121,87,370,-283
124900122,223,161,62
124900123,296,108,188
124900124,108,274,-166
204000001,135,6,129
204000002,15,7,8
204000003,10,2,8
204000004,3,3,0
204000005,598,478,120
204000006,1134,1063,71
204000011,13,36,-23
204000012,49,77,-28
204000019,656,362,294
204000020,504,392,112
204000021,794,514,280
204000022,481,309,172
204000023,548,426,122
204000031,65,8,57
204000032,270,17,253
204000034,49,77,-28
204000035,0,5,-5
204000036,6,15,-9
204000037,2,23,-21
204000038,1,7,-6
204000039,3,17,-14
204000040,3,21,-18
204000041,4,10,-6
204000042,24,4,20
204000043,35,2,33
204000044,22,4,18
204000045,37,3,34
204000046,17,3,14
204000057,4,7,-3
204000062,34,44,-10
204000068,22,175,-153
204000069,59,318,-259
204000070,84,63,21
204000080,45,45,0
204000085,1544,1061,483
204000086,1735,1070,665
204000087,40,9,31
204000088,21,76,-55
204000090,101,181,-80
204000093,315,82,233
204000096,888,942,-54
204000097,432,11,421
204000099,802,1268,-466
204000100,1217,1536,-319
204000105,1632,760,872
204000110,346,680,-334
204000111,464,305,159
204000112,606,318,288
204000113,226,363,-137
204000114,554,473,81
204000115,596,161,435
204000116,379,336,43
204000119,1596,2038,-442
204000132,689,329,360
204000133,851,215,636
204000134,219,86,133
204000135,523,34,489
204000136,564,132,432
204000138,362,458,-96
204000140,196,139,57
204000141,129,81,48
204000144,9,30,-21
204000145,336,32,304
204000146,17,171,-154
204000147,23,106,-83
204000148,253,21,232
204000154,1,1,0
204000155,2,5,-3
204000177,63,23,40
204000179,36,6,30
204000180,0,39,-39
204000222,1,5,-4
204000235,18,11,7
204000236,42,151,-109
204000238,11,16,-5
204000240,266,53,213
204000263,593,641,-48
204000268,756,521,235
204000308,90,15,75
204000317,11,64,-53
204000322,13,24,-11
204000323,3,5,-2
204000328,162,76,86
204000329,75,135,-60
204000330,182,33,149
204000331,94,80,14
205000001,709,1088,-379
205000013,5,39,-34
205000014,22,53,-31
205000015,32,112,-80
205000016,28,129,-101
205000017,24,50,-26
205000022,271,600,-329
205000025,1071,776,295
205000029,173,8,165
205000045,110,475,-365
205000046,104,417,-313
205000047,36,293,-257
205000048,392,626,-234
205000049,145,607,-462
205000050,448,217,231
205000059,0,119,-119
205000060,1,68,-67
205000061,5,80,-75
205000062,6,84,-78
205000063,17,105,-88
205000064,15,63,-48
205000065,38,356,-318
205000066,88,422,-334
205000067,28,552,-524
205000069,216,16,200
205000082,141,132,9
205000110,76,195,-119
205000111,164,144,20
205000112,173,187,-14
205000113,172,265,-93
205000121,222,27,195
205000123,37,166,-129
205000126,445,70,375
205000127,790,93,697
205000128,333,57,276
205000129,650,58,592
205000130,109,20,89
205000131,49,7,42
205000132,84,7,77
205000133,59,1,58
205000134,241,0,241
205000137,36,109,-73
205000138,78,212,-134
205000139,25,85,-60
205000144,114,71,43
205000145,252,143,109
205000151,130,17,113
205000152,157,12,145
205000153,277,20,257
205000154,80,30,50
205000155,130,14,116
205000207,7,126,-119
205000233,28,0,28
205000234,0,0,0
205000243,0,0,0
205000244,0,2,-2
205000245,10,80,-70
205000249,0,8,-8
205000250,5,1,4
205000264,2,69,-67
206000027,4,0,4
206000028,2,2,0
206000043,10,20,-10
206000053,1,4,-3
206000054,1,11,-10
206000055,1,10,-9
206000075,5,16,-11
206000076,14,18,-4
206000077,12,1,11
206000078,37,4,33
206000079,19,5,14
206000082,268,32,236
206000100,17,227,-210
206000103,8,8,0
206000104,19,11,8
206000105,2,4,-2
206000106,3,13,-10
206000125,89,1,88
206000157,27,306,-279
206000170,0,70,-70
206000171,1,153,-152
206000172,4,166,-162
206000173,1,98,-97
206000174,10,37,-27
206000175,2,44,-42
206000176,13,69,-56
206000177,0,45,-45
206000178,1,86,-85
206000179,1,30,-29
206000180,6,60,-54
206000181,15,43,-28
206000182,3,50,-47
206000183,17,107,-90
206000184,2,109,-107
206000185,5,47,-42
206000186,87,294,-207
206000223,4,88,-84
206000226,9,1,8
206000227,15,1,14
206000237,40,139,-99
206000238,15,235,-220
206000239,115,839,-724
206000240,0,55,-55
206000241,1,33,-32
206000242,4,74,-70
206000243,22,63,-41
206000244,41,173,-132
206000245,733,51,682
206000246,251,12,239
206000247,268,6,262
206000248,378,16,362
206000252,44,26,18
206000258,12,47,-35
206000315,26,4,22
206000317,506,84,422
206000318,660,57,603
206000319,1375,64,1311
206000320,246,35,211
206000321,220,4,216
206000322,458,12,446
206000323,179,6,173
206000324,205,9,196
206000325,152,28,124
206000326,124,9,115
206000327,83,9,74
206000328,172,1,171
206000329,273,9,264
206000330,47,4,43
206000331,182,2,180
206000332,61,1,60
206000333,632,0,632
206000334,261,4,257
206000335,0,8,-8
206000361,5,83,-78
206000392,0,7,-7
206000405,118,0,118
206000441,35,16,19
206000498,28,2,26
206000515,58,32,26
206000530,315,64,251
206000531,200,218,-18
206000532,1339,261,1078
206000535,72,1122,-1050
206000536,13,63,-50
206000537,31,91,-60
206000613,1216,167,1049
206000784,349,43,306
207000001,95,458,-363
207000002,98,305,-207
207000003,93,104,-11
207000007,1061,230,831
207000008,116,20,96
207000009,47,59,-12
207000010,253,167,86
207000012,401,168,233
207000015,175,489,-314
207000019,190,68,122
207000021,411,147,264
207000022,148,127,21
207000023,187,54,133
207000024,7,8,-1
207000025,19,59,-40
207000026,95,41,54
207000027,21,71,-50
207000028,43,106,-63
207000029,165,251,-86
207000033,183,408,-225
207000034,228,127,101
207000039,433,78,355
207000040,422,59,363
207000041,48,20,28
207000042,148,55,93
207000043,155,106,49
207000051,117,118,-1
207000052,23,86,-63
207000053,295,335,-40
207000054,52,63,-11
207000055,190,85,105
207000056,244,200,44
207000057,109,136,-27
207000058,128,137,-9
207000059,94,251,-157
207000060,73,96,-23
207000061,147,631,-484
207000062,409,32,377
207000063,359,82,277
207000064,283,97,186
207000065,278,144,134
207000066,267,140,127
207000067,40,61,-21
207000068,121,46,75
207000069,631,237,394
207000082,7,102,-95
207000083,44,139,-95
207000084,265,197,68
207000085,238,30,208
207000086,275,7,268
207000106,33,21,12
207000107,75,16,59
207000108,54,23,31
207000109,58,5,53
207000110,74,51,23
207000111,74,57,17
207000112,113,464,-351
207000114,17,21,-4
207000115,37,31,6
207000116,14,242,-228
207000117,13,61,-48
207000118,8,42,-34
207000119,50,38,12
207000123,120,16,104
207000124,61,32,29
207000125,57,44,13
207000126,52,51,1
207000134,100,94,6
207000135,45,119,-74
207000148,51,172,-121
207000149,73,29,44
207000152,104,280,-176
207000153,473,843,-370
207000154,297,124,173
207000159,96,78,18
207000160,87,165,-78
207000238,0,154,-154
207000242,2,120,-118
207000248,49,19,30
207000249,95,26,69
207000250,346,51,295
207000251,96,51,45
207000252,86,43,43
207000278,82,75,7
207000279,17,64,-47
207000280,626,73,553
207000281,72,414,-342
207000282,94,130,-36
207000283,37,149,-112
207000284,25,297,-272
207000285,52,72,-20
207000291,16,69,-53
207000304,75,43,32
207000306,47,245,-198
207000310,82,74,8
207000353,224,5,219
207000356,14,28,-14
207000357,5,14,-9
207000358,1,5,-4
207000415,3,111,-108
207000417,42,8,34
207000418,97,105,-8
207000438,0,1,-1
207000439,530,508,22
207000446,175,12,163
207000460,28,8,20
207000466,100,77,23
207000467,276,53,223
207000468,48,140,-92
207000476,8,44,-36
207000477,584,38,546
207000478,0,32,-32
207000523,0,7,-7
207000524,68,1,67
207000527,115,130,-15
207000530,404,14,390
207000531,255,11,244
207000532,51,24,27
207000534,229,46,183
207000535,35,217,-182
207000537,9,41,-32
207000540,4,107,-103
207000541,5,210,-205
207000548,15,143,-128
207000549,203,17,186
207000561,126,143,-17
207000562,21,85,-64
207000567,117,159,-42
207000568,249,36,213
207000569,534,266,268
207000584,184,109,75
207000585,28,199,-171
207000587,145,14,131
207000616,1,73,-72
207000617,129,0,129
207000624,40,45,-5
207000631,9,54,-45
207900008,321,69,252
208000001,562,895,-333
208000002,745,418,327
208000003,1145,301,844
208000004,819,520,299
208000005,8,20,-12
208000019,577,712,-135
208000020,157,422,-265
208000021,227,269,-42
208000022,953,370,583
208000028,566,953,-387
208000033,527,426,101
208000034,770,978,-208
208000037,177,5,172
208000040,113,126,-13
208000041,482,449,33
208000042,692,508,184
208000047,135,152,-17
208000064,1659,1188,471
208000066,1271,1987,-716
208000070,375,248,127
208000071,497,533,-36
208000072,366,874,-508
208000080,267,244,23
208000081,360,110,250
208000082,259,145,114
208000083,149,229,-80
208000084,8,11,-3
208000085,674,448,226
208000086,428,832,-404
208000087,335,604,-269
208000089,1030,247,783
208000090,1017,339,678
208000093,163,123,40
208000094,410,273,137
208000095,626,333,293
208000104,899,669,230
208000105,618,789,-171
208000114,147,293,-146
208000115,353,237,116
208000116,482,730,-248
208000117,122,110,12
208000118,115,151,-36
208000155,560,724,-164
208000158,1090,2759,-1669
208000186,2371,3264,-893
208000204,621,857,-236
208000205,1174,717,457
208000282,3233,2433,800
209000004,444,140,304
209000005,31,29,2
209000006,349,142,207
209000007,170,247,-77
209000010,190,89,101
209000011,98,176,-78
209000012,121,99,22
209000013,138,130,8
209000014,288,449,-161
209000025,289,55,234
209000026,527,113,414
209000027,237,389,-152
209000028,271,288,-17
209000029,244,414,-170
209000030,282,550,-268
209000031,1382,1007,375
209000034,148,190,-42
209000035,114,158,-44
209000036,141,87,54
209000037,285,161,124
209000038,104,122,-18
209000039,53,107,-54
209000040,204,394,-190
209000041,162,286,-124
209000042,203,267,-64
209000043,496,700,-204
209000044,177,736,-559
209000045,997,329,668
209000046,432,323,109
209000047,304,154,150
209000048,522,201,321
209000049,91,50,41
209000050,161,60,101
209000051,284,159,125
209000052,124,130,-6
209000062,55,65,-10
209000063,59,44,15
209000064,48,46,2
209000065,83,12,71
209000066,77,11,66
209000067,80,27,53
209000080,23,149,-126
209000082,60,32,28
209000091,22,93,-71
209000093,55,19,36
209000094,102,160,-58
209000110,30,131,-101
209000111,367,1109,-742
209000112,810,353,457
209000113,1256,391,865
209000114,646,329,317
209000115,40,78,-38
209000116,390,187,203
209000118,22,25,-3
209000119,11,4,7
209000121,84,294,-210
209000135,41,173,-132
209000142,469,1216,-747
209000143,22,44,-22
209000144,29,98,-69
209000229,181,158,23
209000240,32,128,-96
209000259,65,62,3
209000260,29,526,-497
209000261,5,264,-259
209000262,0,193,-193
209000263,0,173,-173
209000264,0,160,-160
209000265,367,5,362
209000266,128,2,126
209000267,824,8,816
209000268,444,39,405
210000037,35,13,22
210000047,75,14,61
210000048,96,14,82
210000049,59,7,52
210000052,52,47,5
210000053,29,25,4
210000054,46,41,5
210000070,136,3,133
210000071,79,0,79
210000072,29,0,29
210000073,0,18,-18
210000074,1,65,-64
210000075,4,105,-101
210000076,10,126,-116
210000077,7,56,-49
210000078,18,28,-10
210000079,12,10,2
210000080,48,37,11
210000081,137,28,109
210000082,121,3,118
210000083,53,6,47
210000084,58,0,58
210000085,1,29,-28
210000086,3,48,-45
210000099,43,225,-182
210000100,36,153,-117
210000101,68,137,-69
210000105,31,127,-96
210000159,1,153,-152
210000163,102,123,-21
210000164,201,202,-1
210000168,69,35,34
210000187,0,12,-12
210000188,0,12,-12
210000214,13,0,13
210000219,22,51,-29
210000220,93,20,73
210000232,5,18,-13
210000233,26,34,-8
210000234,29,86,-57
210000235,52,43,9
210000245,0,29,-29
210000246,32,30,2
210000258,13,59,-46
210000259,247,60,187
210000282,59,202,-143
210000285,0,102,-102
210000286,18,116,-98
210000290,3,7,-4
210000295,36,81,-45
210000296,31,28,3
210000320,162,44,118
210000321,88,48,40
210000338,44,63,-19
210000339,196,907,-711
210000340,113,271,-158
210000341,203,227,-24
210000342,168,159,9
210000343,168,140,28
210000344,129,91,38
210000345,89,153,-64
210000346,57,88,-31
210000347,24,39,-15
210000348,101,29,72
210000349,40,21,19
210000350,154,62,92
210000351,181,72,109
210000352,64,37,27
210000353,46,44,2
210000354,68,63,5
210000355,46,47,-1
210000356,24,53,-29
210000357,38,38,0
210000358,152,109,43
210000359,64,62,2
210000360,117,92,25
210000361,144,120,24
210000362,179,153,26
210000363,449,216,233
210000364,68,88,-20
210000365,94,60,34
210000366,97,41,56
210000367,70,27,43
210000368,104,33,71
210000369,24,27,-3
210000370,28,14,14
210000372,6,16,-10
210000373,14,12,2
210000374,30,22,8
210000375,37,25,12
210000376,61,90,-29
210000404,37,65,-28
210000439,25,32,-7
210000472,51,0,51
210000482,49,83,-34
210000564,171,203,-32
210000567,0,39,-39
210000568,237,3,234
211000092,26,26,0
211000094,14,4,10
211000169,158,28,130
211000172,14,142,-128
211000209,0,14,-14
211000226,6,19,-13
211000270,40,9,31
211000275,17,6,11
211000276,43,22,21
211000279,23,14,9
211000281,95,24,71
211000302,44,33,11
211507980,4,57,-53
211977296,39,2,37
212000003,82,35,47
212000004,15,22,-7
212000005,27,24,3
212000006,28,44,-16
212000008,113,87,26
212000009,36,68,-32
212000012,99,95,4
212000013,30,68,-38
212000014,220,136,84
212000015,340,132,208
212000016,422,394,28
212000027,455,266,189
212000028,268,240,28
212000029,186,189,-3
212000030,48,22,26
212000031,54,42,12
212000048,27,120,-93
212000049,24,124,-100
212000050,23,10,13
212000051,179,92,87
212000052,189,129,60
212000053,334,270,64
212000054,319,71,248
212000055,277,140,137
212000056,10,25,-15
212000057,7,19,-12
212000058,143,25,118
212000070,100,111,-11
212000077,111,284,-173
212000099,233,194,39
212000108,169,98,71
212000111,151,52,99
212000120,88,46,42
212000138,127,35,92
212000156,5,93,-88
212000158,15,17,-2
212000159,388,34,354
212000160,598,167,431
212000161,31,4,27
212000310,40,14,26
212000311,16,34,-18
212000374,56,9,47
213000001,41,200,-159
213000005,340,109,231
213000006,643,288,355
213000007,75,18,57
213000009,429,480,-51
213000010,200,311,-111
213000011,201,105,96
213000012,154,209,-55
213000014,101,10,91
213000015,263,2,261
213000016,435,2,433
213000017,80,0,80
213000018,1,95,-94
213000019,4,99,-95
213000020,85,272,-187
213000021,5,97,-92
213000023,287,145,142
213000033,291,1375,-1084
213000034,532,176,356
213000035,114,144,-30
213000045,129,180,-51
213000046,155,126,29
213000047,485,1058,-573
213000056,102,26,76
213000069,52,3,49
213000073,1,48,-47
213000074,101,327,-226
213000075,443,7,436
213000076,19,1,18
213000085,7,49,-42
213000086,16,118,-102
213000091,165,19,146
213000092,36,12,24
213000099,153,909,-756
213000100,957,272,685
213000101,382,100,282
213000102,433,153,280
213000103,711,587,124
213000104,92,241,-149
213000105,7,189,-182
213000106,34,77,-43
213000107,141,269,-128
213000108,40,274,-234
213000109,15,114,-99
213000110,16,53,-37
213000111,8,50,-42
213000112,96,86,10
213000115,74,11,63
213000116,48,250,-202
213000117,4,352,-348
213000118,409,236,173
213000119,42,426,-384
213000120,99,298,-199
213000122,132,324,-192
213000123,283,591,-308
213000124,156,612,-456
213000125,115,28,87
213000126,30,88,-58
213000127,101,162,-61
213000128,302,711,-409
213000129,243,679,-436
213000130,529,264,265
213000132,427,94,333
213000133,570,85,485
213000134,820,29,791
213000136,455,19,436
213000137,614,55,559
213000139,254,15,239
213000147,47,7,40
213000148,14,7,7
213000149,29,3,26
213000150,1,159,-158
213000151,5,119,-114
213000152,0,119,-119
213000153,5,112,-107
213000154,34,130,-96
213000155,29,145,-116
213000156,94,334,-240
213000157,479,254,225
213000158,336,673,-337
213000159,441,398,43
213000163,835,120,715
213000165,634,203,431
213000171,1,40,-39
213000172,2,93,-91
213000173,4,103,-99
213000174,3,73,-70
213000175,146,167,-21
213000176,26,33,-7
213000177,68,2,66
213000178,142,2,140
213000179,168,0,168
213000180,184,0,184
213000184,85,270,-185
213000188,266,111,155
213000189,310,49,261
213000190,692,554,138
213000191,381,277,104
213000192,229,183,46
213000193,524,263,261
213000194,2,97,-95
213000195,9,327,-318
213000196,229,1031,-802
213000197,354,393,-39
213000198,39,0,39
213000200,108,481,-373
213000201,30,30,0
213000202,23,427,-404
213000203,2078,629,1449
213000204,686,61,625
213000205,220,67,153
213000206,421,43,378
213000207,107,14,93
213000208,53,3,50
213000209,99,5,94
213000210,195,3,192
213000211,7,22,-15
213000212,9,29,-20
213000213,23,68,-45
213000218,209,292,-83
213000219,468,19,449
213000220,316,5,311
213000223,196,225,-29
213000224,16,66,-50
213000225,77,12,65
213000226,57,12,45
213000227,771,164,607
213000228,388,76,312
213000229,72,21,51
213000230,398,22,376
213000232,56,678,-622
213000233,8,68,-60
213000234,2,32,-30
213000293,11,80,-69
213000294,109,32,77
213000295,6,103,-97
213000296,51,19,32
213000297,17,82,-65
213000298,14,70,-56
213000299,38,25,13
213000300,7,4,3
213000303,5,32,-27
213000304,3,2,1
213000305,3,22,-19
213000306,38,31,7
213000307,79,58,21
213000308,74,109,-35
213000309,123,63,60
213000310,356,158,198
213000311,171,521,-350
213000315,82,59,23
213000316,124,38,86
213000322,110,94,16
213000323,106,198,-92
213000324,107,115,-8
213000325,36,153,-117
213000326,34,97,-63
213000327,117,93,24
213000328,138,92,46
213000329,177,155,22
213000340,156,303,-147
213000341,518,98,420
213000346,177,262,-85
213000347,518,434,84
213000348,7,179,-172
213000349,33,16,17
213000350,263,569,-306
213000366,83,138,-55
213000367,278,29,249
213000379,25,105,-80
213000386,9,209,-200
213000406,84,277,-193
213000417,991,383,608
213000425,367,234,133
213000426,292,237,55
213000427,72,100,-28
213000428,40,98,-58
213000429,13,5,8
213000430,56,320,-264
213000431,19,1,18
213000432,4,24,-20
213000433,16,85,-69
213000434,112,72,40
213000435,191,153,38
213000436,33,33,0
213000437,79,70,9
213000438,95,59,36
213000439,34,9,25
213000440,110,254,-144
213000441,1,1,0
213000442,161,197,-36
213000443,290,203,87
213000444,88,152,-64
213000445,0,31,-31
213000446,0,18,-18
213000447,5,26,-21
213000448,14,115,-101
213000449,458,4,454
213000450,15,21,-6
213000451,188,56,132
213000452,23,19,4
213000453,32,154,-122
213000455,220,24,196
213000456,0,250,-250
213000481,12,8,4
213000482,26,1,25
213000489,213,56,157
213000491,1,135,-134
213000492,134,1,133
213000493,1,100,-99
213000494,236,82,154
213000495,1,55,-54
213000496,324,135,189
213000497,59,189,-130
213000498,132,111,21
213000499,212,236,-24
213000500,429,55,374
213000501,126,22,104
213000502,156,136,20
213000503,2,46,-44
213000504,31,53,-22
213000505,56,53,3
213000506,0,7,-7
213000507,10,44,-34
213900244,54,0,54
213900245,0,11,-11
218000003,23,18,5
218000004,15,22,-7
218000005,33,18,15
218000006,36,23,13
218000007,5,15,-10
218000012,84,91,-7
218000013,129,111,18
218000014,261,304,-43
218000019,415,333,82
218000020,227,266,-39
218000040,2,3,-1
218000046,37,43,-6
218000047,10,68,-58
218000048,39,34,5
218000049,53,71,-18
218000050,220,129,91
218000051,35,133,-98
218000052,0,56,-56
218000053,0,9,-9
218000054,4,48,-44
218000055,1,11,-10
218000056,12,22,-10
218000057,0,10,-10
218000064,2,8,-6
218000065,82,13,69
218000066,11,14,-3
218000067,42,37,5
218000068,75,38,37
218000069,264,62,202
218000070,205,135,70
218000071,159,115,44
218000072,165,137,28
218000078,619,323,296
218000079,94,35,59
218000080,111,66,45
218000081,353,155,198
218000082,44,88,-44
218000083,59,37,22
218000084,119,54,65
218000085,99,147,-48
218000086,54,54,0
218000087,152,90,62
218000090,10,78,-68
218000091,902,383,519
218000092,82,131,-49
218000093,77,51,26
218000094,287,345,-58
218000099,240,480,-240
218000100,221,214,7
218000101,325,102,223
218000102,355,154,201
218000103,79,57,22
218000104,59,16,43
218000105,12,31,-19
218000106,11,10,1
218000107,52,26,26
218000108,5,20,-15
218000112,30,33,-3
218000117,56,59,-3
218000134,342,311,31
218000135,14,51,-37
218000136,130,96,34
218000137,156,93,63
218000138,29,78,-49
218000139,176,196,-20
218000140,423,209,214
218000141,77,66,11
218000142,187,140,47
218000143,57,181,-124
218000144,41,80,-39
218000145,283,187,96
218000146,61,126,-65
218000151,4,12,-8
218000152,66,27,39
218000170,4,24,-20
218000171,25,7,18
218000172,5,3,2
218000173,9,8,1
218000174,20,6,14
218000176,133,27,106
218000177,264,159,105
218000178,63,123,-60
218000179,124,33,91
218000180,61,10,51
218000181,124,41,83
218000187,8,40,-32
218000188,22,51,-29
218000189,13,68,-55
218000190,1,4,-3
218000191,153,34,119
218000192,168,111,57
218000193,321,196,125
218000194,62,148,-86
218000195,89,41,48
218000196,275,179,96
218000197,389,185,204
218000198,23,80,-57
218000199,36,26,10
218000200,63,36,27
218000201,13,14,-1
218000202,86,252,-166
218000207,1,2,-1
218000208,11,13,-2
218000211,23,14,9
218000213,55,47,8
218000214,2,10,-8
218000215,23,27,-4
218000217,4,57,-53
218000218,97,20,77
218000219,6,12,-6
218000220,36,222,-186
218000221,290,137,153
218000222,4,79,-75
218000223,16,192,-176
218000224,11,79,-68
218000225,134,7,127
218000226,122,33,89
218000232,20,19,1
218000239,157,19,138
218000240,5,1,4
218000241,20,1,19
218000242,11,9,2
218000243,18,0,18
218000244,13,1,12
218000245,7,3,4
218000246,2,1,1
218000247,1,0,1
218000248,0,29,-29
218000249,0,7,-7
218000250,2,14,-12
218000251,0,34,-34
218000252,1,114,-113
218000253,3,271,-268
218000254,0,123,-123
218000255,8,43,-35
218000256,3,79,-76
218000267,266,610,-344
218000268,10,38,-28
218000269,1,9,-8
218000270,93,18,75
218000271,13,21,-8
218000273,23,3,20
218000274,13,0,13
218000275,21,41,-20
218000276,19,19,0
218000278,9,40,-31
218000279,59,25,34
218000280,5,11,-6
218000281,19,22,-3
218000282,434,484,-50
218000284,57,5,52
218000301,60,102,-42
218000302,65,33,32
218000303,15,47,-32
218000316,522,520,2
218000317,1097,526,571
218000318,643,353,290
218000319,748,459,289
218000320,673,280,393
218000338,29,26,3
218000345,40,48,-8
218000346,33,109,-76
218000459,24,136,-112
218000490,25,54,-29
218000501,81,30,51
218000502,50,48,2
218000503,69,15,54
218000504,176,27,149
218000505,34,103,-69
218000506,22,175,-153
218000508,4,1,3
218000510,118,15,103
218000520,70,88,-18
218000521,12,32,-20
218000522,0,136,-136
218000523,97,4,93
218000524,6,246,-240
218000525,66,18,48
218000526,15,175,-160
218000529,29,65,-36
218000531,22,11,11
218000532,21,22,-1
218000534,153,23,130
218000537,15,41,-26
218000538,132,159,-27
218000540,120,50,70
218000543,133,44,89
218000544,18,34,-16
218000545,69,38,31
218000546,22,34,-12
218000547,77,127,-50
218000548,74,59,15
218000549,330,407,-77
218000550,121,183,-62
218000551,66,613,-547
218000552,198,45,153
218000553,25,113,-88
218000554,11,30,-19
218000555,32,35,-3
218000556,144,97,47
218000557,240,105,135
218000558,31,0,31
218000559,1,39,-38
218000560,1,28,-27
218000561,21,0,21
218000562,18,91,-73
218000563,165,25,140
218000564,3,75,-72
218000565,94,41,53
218000566,94,35,59
218000567,4,88,-84
218000568,31,1,30
218000569,2,201,-199
218000570,68,9,59
218000571,2,108,-106
218000572,119,4,115
218000573,9,171,-162
218000574,50,31,19
218000575,113,1,112
218000576,0,50,-50
218000577,78,1,77
218000578,0,87,-87
218000579,18,5,13
218000581,2,32,-30
218000582,46,3,43
218000583,10,0,10
218000584,0,15,-15
218000585,50,5,45
218000586,10,34,-24
218000587,4,3,1
218000588,0,7,-7
218000589,0,5,-5
218000590,4,1,3
218000591,4,1,3
218000592,2,2,0
218000593,1,4,-3
218000594,0,1,-1
218000597,0,6,-6
218000598,0,0,0
218000599,3,5,-2
218000600,2,0,2
218000601,1,2,-1
218000602,0,2,-2
218000603,0,1,-1
218000604,1,0,1
218000605,0,44,-44
218000606,76,1,75
218000607,9,36,-27
218000608,32,16,16
218000609,12,26,-14
218000610,67,6,61
218000611,31,2,29
218000612,2,16,-14
218000613,40,2,38
218000614,1,43,-42
218000615,152,0,152
218000616,2,71,-69
218000617,6,2,4
218000618,0,17,-17
218000619,47,16,31
218000620,10,17,-7
218000621,0,2,-2
218000622,0,12,-12
218000623,9,0,9
218000624,4,17,-13
218000625,10,1,9
218000626,0,12,-12
218000628,130,43,87
218000631,28,16,12
218000632,0,99,-99
218000633,90,2,88
218000634,1,10,-9
218000635,7,17,-10
218000636,528,579,-51
218000637,829,260,569
218000638,180,20,160
218000639,9,69,-60
218000640,259,26,233
218000641,79,126,-47
218000652,35,28,7
218000653,154,33,121
218000663,6,108,-102
218000675,70,51,19
218000680,127,170,-43
218000681,275,79,196
218000691,187,69,118
218000693,230,98,132
218000718,63,775,-712
218000719,178,420,-242
218000720,18,207,-189
218000721,60,12,48
218001147,7,68,-61
218001214,2,31,-29
218001258,280,6,274
218001329,95,81,14
218001330,70,72,-2
218001351,35,11,24
218001352,3,20,-17
218001353,15,11,4
218001354,19,26,-7
218001355,8,105,-97
218001356,312,23,289
218001357,42,76,-34
218001358,268,29,239
218001361,365,4,361
218001362,0,74,-74
219000001,46,23,23
219000002,41,23,18
219000003,48,21,27
219000004,65,46,19
219000017,40,16,24
219000020,144,36,108
219000022,139,5,134
219000023,81,0,81
219000029,2,53,-51
219000034,33,22,11
219000039,76,57,19
219000040,34,52,-18
219000041,88,21,67
219000051,0,24,-24
219000052,0,10,-10
219000053,0,71,-71
219000054,1,3,-2
219000055,175,0,175
219000056,33,0,33
219000057,54,0,54
219000062,23,40,-17
219000063,64,12,52
219000064,0,35,-35
219000110,366,61,305
219000111,84,45,39
219000112,139,55,84
219000113,134,43,91
219000114,108,50,58
219000116,119,37,82
219000117,86,41,45
219000118,104,40,64
219000123,153,45,108
219000124,59,46,13
219000125,16,16,0
219000126,46,93,-47
219000127,0,5,-5
219000128,7,109,-102
219000129,30,100,-70
219000130,225,383,-158
219000131,450,663,-213
219000133,48,57,-9
219000134,21,35,-14
219000135,27,52,-25
219000136,111,202,-91
219000138,58,17,41
219000139,24,28,-4
219000140,56,1,55
219000141,21,65,-44
219000142,16,34,-18
219000143,9,51,-42
219000145,17,38,-21
219000146,2,18,-16
219000147,5,16,-11
219000148,5,11,-6
219000149,4,28,-24
219000150,4,23,-19
219000151,0,17,-17
219000157,178,92,86
219000158,152,152,0
219000161,108,11,97
219000163,681,386,295
219000166,90,142,-52
219000167,92,84,8
219000168,172,84,88
219000174,404,121,283
219000175,101,5,96
219000176,116,8,108
219000177,38,2,36
219000178,63,1,62
219000179,26,8,18
219000180,27,25,2
219000182,108,19,89
219000183,44,28,16
219000184,75,10,65
219000185,1,18,-17
219000186,52,9,43
219000187,22,49,-27
219000189,64,143,-79
219000190,56,164,-108
219000191,344,904,-560
219000192,134,100,34
219000193,144,111,33
219000195,0,24,-24
219000196,4,92,-88
219000198,15,44,-29
219000199,40,133,-93
219000200,35,84,-49
219000201,57,101,-44
219000203,23,115,-92
219000204,72,210,-138
219000205,56,145,-89
219000207,114,125,-11
219000209,40,47,-7
219000210,46,70,-24
219000213,9,79,-70
219000239,156,201,-45
219000240,214,224,-10
219000241,136,75,61
219000242,57,71,-14
219000243,78,140,-62
219000244,9,52,-43
219000245,29,46,-17
219000246,26,31,-5
219000247,187,27,160
219000248,349,303,46
219000249,118,97,21
219000250,151,93,58
219000251,446,246,200
219000252,189,170,19
219000253,413,100,313
219000255,121,95,26
219000256,214,42,172
219000257,98,0,98
219000262,68,74,-6
219000263,42,74,-32
219000267,7,51,-44
219000268,3,9,-6
219000269,7,2,5
219000270,14,0,14
219000271,110,4,106
219000278,1,10,-9
219000279,0,1,-1
219000283,0,9,-9
219000295,10,55,-45
219000296,44,223,-179
219000297,11,58,-47
219000298,10,54,-44
219000299,321,58,263
219000300,24,78,-54
219000301,165,251,-86
219000302,28,129,-101
219000307,15,33,-18
219000308,40,29,11
219000311,128,55,73
219000312,425,120,305
219000313,298,56,242
219000314,24,132,-108
219000315,255,36,219
219000316,415,36,379
219000317,120,13,107
219000320,1,47,-46
219000321,0,24,-24
219000323,6,34,-28
219000325,1,4,-3
219000326,56,35,21
219000327,67,35,32
219000328,25,35,-10
219000329,225,101,124
219000330,24,16,8
219000331,27,25,2
219000332,132,87,45
219000333,23,10,13
219000335,68,3,65
219000337,14,0,14
219000338,32,0,32
219000344,10,51,-41
219000345,34,40,-6
219000346,38,77,-39
219000348,140,41,99
219000349,48,90,-42
219000350,108,157,-49
219000351,2,5,-3
219000352,345,53,292
219000353,88,46,42
219000354,159,72,87
219000355,171,48,123
219000356,544,1138,-594
219000363,153,65,88
219000364,71,40,31
219000365,127,15,112
219000366,181,332,-151
219000368,239,455,-216
219000370,724,455,269
219000371,10,23,-13
219000382,7,15,-8
219000383,321,812,-491
219000385,284,369,-85
219000386,452,1030,-578
219000387,2,13,-11
219000390,6,2,4
219000391,4,1,3
219000397,40,66,-26
219000398,55,48,7
219000401,3,53,-50
219000402,23,63,-40
219000403,136,266,-130
219000404,24,113,-89
219000407,5,23,-18
219000409,44,42,2
219000410,87,32,55
219000411,48,8,40
219000446,92,182,-90
219000447,0,17,-17
219000448,18,5,13
219000452,91,75,16
219000453,54,112,-58
219000454,98,242,-144
219000556,220,69,151
219000558,111,61,50
219000590,21,90,-69
219000591,94,50,44
219000592,68,183,-115
219000595,2,21,-19
219000635,166,30,136
219000636,19,28,-9
219000657,13,16,-3
219000658,34,100,-66
219000673,0,10,-10
219000676,4,1,3
219000679,22,4,18
219000684,79,0,79
219000685,0,35,-35
219000686,3,1,2
219000688,0,40,-40
219000689,32,129,-97
219000690,113,23,90
219000691,35,157,-122
219000692,166,35,131
219000693,0,12,-12
219000694,5,0,5
219000695,40,2,38
219000698,11,0,11
219000699,0,18,-18
219000727,2,89,-87
219000728,131,1,130
219000770,27,0,27
219000771,2,17,-15
219000788,410,203,207
219001150,1,27,-26
219001151,1,4,-3
219001166,38,33,5
219001167,1,68,-67
219001178,57,2,55
220000001,28,61,-33
220000002,14,79,-65
220000003,209,126,83
220000004,251,250,1
220000005,684,935,-251
220000006,138,425,-287
220000007,362,191,171
220000008,269,345,-76
220000009,204,228,-24
220000010,155,85,70
220000011,270,1933,-1663
220000012,37,171,-134
220000014,79,27,52
220000015,46,210,-164
220000017,22,121,-99
220000018,2560,1128,1432
220000019,62,277,-215
220000020,348,131,217
220000021,563,126,437
220000022,746,257,489
220000023,334,122,212
220000024,1100,303,797
220000025,445,893,-448
220000026,203,256,-53
220000027,21,63,-42
220000028,38,48,-10
220000029,54,71,-17
220000030,53,64,-11
220000031,390,221,169
220000064,15,693,-678
221000046,4,0,4
221000047,0,1,-1
221000048,0,1,-1
221000049,0,5,-5
221000050,22,0,22
221000055,53,42,11
221000057,77,19,58
221000068,211,95,116
221000069,219,70,149
221000070,134,20,114
221000071,94,4,90
221000072,200,10,190
221000073,106,43,63
221000074,1,10,-9
221000075,10,18,-8
221000076,6,19,-13
221000077,11,54,-43
221000081,17,11,6
221000082,71,12,59
221000083,11,4,7
221000084,8,5,3
221000085,19,36,-17
221000086,11,76,-65
221000087,5,102,-97
221000088,9,113,-104
221000089,31,172,-141
221000090,84,383,-299
221000098,97,9,88
221000099,195,14,181
221000100,80,8,72
221000101,217,19,198
221000102,171,26,145
221000109,5,72,-67
221000110,14,49,-35
221000111,21,138,-117
221000112,6,105,-99
221000113,25,86,-61
221000114,8,107,-99
221000120,22,28,-6
221000121,1,50,-49
221000122,51,23,28
221000123,21,9,12
221000124,19,73,-54
221000155,84,10,74
221000156,58,32,26
221000175,1,12,-11
221000176,1,3,-2
221000182,50,2,48
221000241,518,245,273
221000242,127,286,-159
221000243,437,159,278
221000244,275,312,-37
221000245,91,108,-17
221000246,44,172,-128
221000247,109,110,-1
221000248,129,84,45
221000267,25,303,-278
221000325,55,38,17
221000331,7,32,-25
221000338,14,23,-9
221000378,141,39,102
221000381,34,26,8
222000282,15,5,10
222000296,7,9,-2
222000568,280,24,256
222000569,164,54,110
222000570,109,37,72
222000571,374,18,356
222000577,15,72,-57
222000578,35,110,-75
222000579,29,81,-52
222000580,67,412,-345
222000599,1,82,-81
222000600,1,144,-143
222000601,1,489,-488
222000603,8,42,-34
222000604,3,35,-32
222000605,14,47,-33
222000606,1,14,-13
222000607,2,9,-7
222000608,22,10,12
222000609,27,78,-51
222000616,368,35,333
222000617,8,19,-11
222000618,3,14,-11
222000620,23,20,3
222000621,14,25,-11
222000623,509,16,493
222000624,375,4,371
222000625,422,7,415
222000636,41,1,40
222000686,15,21,-6
222000687,38,11,27
222001066,186,2,184
222001067,21,1,20
222001068,47,8,39
222001069,46,14,32
222001082,26,25,1
222001083,24,34,-10
222001084,0,42,-42
222001085,0,112,-112
222001111,69,82,-13
222001112,174,14,160
222001313,16,6,10
222001314,9,73,-64
222001464,216,26,190
222001465,18,80,-62
222001484,106,38,68
222001485,31,22,9
222001494,414,87,327
222001495,52,107,-55
222001496,284,74,210
222001497,83,199,-116
222001502,24,63,-39
222001503,122,39,83
222001504,38,204,-166
222001505,300,8,292
222001506,60,259,-199
222001507,295,18,277
222001510,430,20,410
222001511,40,126,-86
222001514,464,126,338
222001515,170,242,-72
222001518,378,44,334
222001519,49,99,-50
222001527,107,42,65
222001528,30,77,-47
222001529,250,47,203
222001530,93,100,-7
222001533,103,136,-33
222001534,246,47,199
222001535,196,210,-14
222001536,42,114,-72
222001537,272,25,247
222001538,69,206,-137
222001563,728,70,658
222001564,40,211,-171
222001568,164,144,20
222001576,2,6,-4
222001579,0,8,-8
222001583,13,86,-73
222001584,68,6,62
222001596,308,695,-387
222001597,988,256,732
222001626,0,71,-71
222001650,20,104,-84
222001651,47,305,-258
222001914,139,61,78
222001915,36,97,-61
222001968,399,191,208
222001969,363,280,83
222001970,122,145,-23
222001971,28,5,23
222001972,1,17,-16
225000001,325,122,203
225000002,469,119,350
225000003,608,40,568
225000004,347,102,245
225000005,46,37,9
225000006,1,101,-100
225000007,768,879,-111
225000010,198,15,183
225000011,201,867,-666
225000012,187,486,-299
225000013,48,122,-74
225000014,515,60,455
225000015,72,85,-13
225000021,580,108,472
225000027,123,272,-149
225000032,475,96,379
225000042,51,358,-307
225000049,58,55,3
225000050,78,5,73
225000053,3,152,-149
225000058,581,140,441
225000067,134,99,35
225000068,58,161,-103
225000069,75,270,-195
225000070,81,196,-115
225000071,31,76,-45
225000075,12,330,-318
225000076,61,99,-38
225000078,47,23,24
225000085,90,124,-34
225000086,207,72,135
225000087,67,22,45
225000088,12,130,-118
225000089,164,661,-497
225000090,23,276,-253
225000091,135,75,60
225000092,22,53,-31
225000093,225,160,65
225000094,4,122,-118
225000095,290,207,83
225000096,231,329,-98
225000098,640,266,374
225000099,266,151,115
225000100,343,122,221
225000104,102,226,-124
225000110,4,246,-242
225000111,153,549,-396
225000112,231,665,-434
225000113,199,424,-225
225000114,94,195,-101
225000115,651,390,261
225000116,616,134,482
225000117,529,203,326
225000118,807,160,647
225000119,178,61,117
225000120,646,54,592
225000121,154,12,142
225000123,386,17,369
225000125,362,111,251
225000126,532,176,356
225000127,488,1047,-559
225000128,413,703,-290
225000132,294,41,253
225000133,158,40,118
225000134,468,108,360
225000135,57,15,42
225000136,257,5,252
225000137,212,42,170
225000138,298,51,247
225000143,23,132,-109
225000144,4,229,-225
225000145,49,10,39
225000146,57,41,16
225000147,19,79,-60
225000148,10,84,-74
225000149,62,210,-148
225000151,29,88,-59
225000155,381,236,145
225000156,102,533,-431
225000157,217,237,-20
225000158,21,112,-91
225000171,1,99,-98
225000180,40,0,40
225000181,2,48,-46
225000182,51,2,49
225000185,3,304,-301
225000187,54,273,-219
225000191,50,0,50
225000194,0,9,-9
225000208,0,27,-27
225000209,57,17,40
225000210,4,118,-114
225000217,0,17,-17
225000218,13,1,12
225000223,1,43,-42
225000224,28,1,27
225000225,0,12,-12
225000226,26,0,26
225000227,26,54,-28
225000228,12,2,10
225000229,0,49,-49
225000230,53,2,51
225000231,0,39,-39
225000232,145,0,145
225000241,60,0,60
225000242,1,32,-31
225000249,16,1,15
225000250,42,293,-251
225000251,305,19,286
226000042,152,218,-66
226000043,37,191,-154
226000044,86,207,-121
226000045,38,151,-113
226000046,353,69,284
226000047,344,83,261
226000048,322,99,223
226000049,180,176,4
226000070,0,27,-27
226000071,0,56,-56
226000072,0,10,-10
226000073,0,5,-5
226000074,0,3,-3
226000084,2,34,-32
226000085,1,6,-5
226000086,1,6,-5
226000087,1,12,-11
226000088,42,19,23
226000090,104,67,37
226000091,10,34,-24
226000092,6,15,-9
226000093,20,4,16
226000094,6,0,6
226000095,11,3,8
226000105,4,10,-6
226000106,8,0,8
226000107,4,0,4
226000108,23,0,23
226000109,87,1,86
226000124,61,47,14
226000134,577,338,239
226000135,1160,352,808
226000136,416,331,85
226000137,25,142,-117
226000138,16,63,-47
226000139,0,20,-20
226000156,207,3,204
226000157,175,8,167
226000163,49,35,14
226000202,8,114,-106
226000231,385,9,376
226000232,30,15,15
227000033,297,62,235
227000036,355,33,322
227000037,318,26,292
227000038,119,29,90
227000049,0,25,-25
227000050,0,28,-28
227000055,58,0,58
227000056,16,2,14
227000084,0,52,-52
227000085,1,31,-30
227000088,38,2,36
227000089,77,1,76
227000090,37,2,35
227000091,26,2,24
227000093,91,0,91
227000094,12,0,12
227000130,20,85,-65
227000131,21,85,-64
227000132,16,99,-83
227000133,4,76,-72
227000134,10,141,-131
227000152,0,5,-5
227000153,0,53,-53
227000155,0,10,-10
227000156,0,8,-8
227000165,0,76,-76
227000196,266,90,176
227000199,303,164,139
227000230,6,140,-134
227000232,316,15,301
227000242,58,281,-223
227000243,349,82,267
227000245,19,167,-148
227000246,80,185,-105
227000247,314,45,269
227000248,171,47,124
227000249,21,101,-80
227000250,242,152,90
227000251,62,187,-125
227000252,15,112,-97
227000253,146,17,129
227000262,360,49,311
227000266,838,23,815
227000267,27,602,-575
227000282,6,52,-46
227000284,390,8,382
227000286,1,23,-22
227000287,11,41,-30
227000291,8,195,-187
227000484,141,17,124
227000485,22,318,-296
227000655,158,5,153
227000656,342,36,306
227000657,67,11,56
227000661,99,11,88
227000680,99,41,58
229000265,9,7,2
229000296,4,12,-8
229000297,0,10,-10
229000298,2,37,-35
229000320,7,3,4
229000321,3,3,0
229000412,3,32,-29
229000414,7,21,-14
229000415,10,3,7
229000416,6,10,-4
229000417,0,10,-10
229000419,39,182,-143
229000440,217,51,166
229000442,10,2,8
229000443,8,2,6
229000444,2,19,-17
229000445,51,7,44
229000446,34,25,9
229000847,67,0,67
229000848,24,0,24
229000849,85,1,84
229000851,25,0,25
229000854,0,5,-5
229000856,0,24,-24
229000857,0,7,-7
229000858,0,13,-13
229000919,12,44,-32
229000930,1,130,-129
229000937,90,3,87
229000966,86,18,68
229000981,9,18,-9
229000985,6,10,-4
229000986,0,6,-6
229000987,0,0,0
229000988,1,7,-6
229000989,6,2,4
229000990,0,2,-2
229000991,2,0,2
229000992,5,5,0
229000993,94,19,75
229000998,8,25,-17
229000999,49,4,45
229001034,2,3,-1
229001035,4,2,2
229001037,34,1,33
229001042,10,12,-2
229001047,4,22,-18
229001050,30,26,4
229001200,17,4,13
229001338,0,9,-9
229001394,125,4,121
229001422,88,21,67
229001423,26,81,-55
229001431,39,44,-5
229001432,19,44,-25
229001444,149,33,116
229001445,17,62,-45
229001503,230,70,160
229001504,92,81,11
229001505,98,28,70
229001506,67,76,-9
229001509,28,7,21
229001545,88,3,85
229001546,6,50,-44
229001553,66,5,61
229001554,15,44,-29
229001559,2,4,-2
229001560,2,16,-14
229001630,39,5,34
229001631,3,13,-10
229001635,0,8,-8
229001636,1,0,1
229001658,0,42,-42
229001659,34,2,32
229001660,6,6,0
229001661,2,19,-17
229001662,9,0,9
229001663,0,9,-9
229002584,92,89,3
229002831,64,68,-4
229002841,7,11,-4
229002842,18,12,6
229002843,29,9,20
229002844,19,26,-7
229002845,6,63,-57
229002846,26,17,9
229002847,1,10,-9
229002848,2,6,-4
229002849,3,51,-48
229002850,8,1,7
229002851,19,75,-56
229002852,129,12,117
229002853,93,8,85
229002854,26,51,-25
229002855,12,13,-1
229002856,17,13,4
229002857,7,71,-64
229002858,9,9,0
229002859,18,47,-29
229002860,85,15,70
229002861,35,15,20
229002862,6,14,-8
229002863,17,11,6
229002864,18,14,4
229002865,3,7,-4
229002866,9,10,-1
229002867,1,8,-7
229002868,3,5,-2
229002869,23,62,-39
229002870,38,7,31
235000066,226,22,204
235000067,81,56,25
235000072,22,33,-11
235000073,63,199,-136
235000074,21,25,-4
235000080,13,49,-36
235000081,93,63,30
235000082,178,24,154
235000083,216,54,162
235000084,22,22,0
235000085,166,37,129
235000089,40,28,12
235000092,29,118,-89
235000093,12,23,-11
235000097,0,6,-6
235000098,41,7,34
235000099,31,33,-2
235000116,51,9,42
235000117,313,10,303
235000133,10,422,-412
235000134,10,141,-131
235000206,5,7,-2
235000207,5,2,3
235000208,2,2,0
235000209,2,0,2
235000210,6,2,4
235000212,1,20,-19
235000213,1,10,-9
235000220,3,1,2
235000221,53,17,36
235000238,8,102,-94
235000239,5,17,-12
235000242,260,656,-396
235000245,378,112,266
235000246,6,54,-48
235000284,6,100,-94
235000295,52,3,49
235000305,160,22,138
235000306,250,9,241
235000307,4,1,3
235000308,4,0,4
235000309,38,0,38
235000310,26,0,26
235000311,59,13,46
235000322,0,13,-13
235000323,0,36,-36
235000324,0,16,-16
235000325,0,5,-5
235000326,6,78,-72
235000351,2,47,-45
235000352,4,26,-22
235000353,6,16,-10
235000354,11,23,-12
235000355,9,55,-46
235000356,48,0,48
235000357,33,4,29
235000358,51,10,41
235000359,26,5,21
235000360,19,9,10
235000361,46,2,44
235000381,71,70,1
235000382,108,18,90
235000390,16,4,12
235000391,117,10,107
235000392,135,213,-78
235000393,86,159,-73
235000395,141,28,113
235000396,439,63,376
235000400,57,99,-42
235000401,10,73,-63
235000405,59,130,-71
235000406,36,117,-81
235000407,38,56,-18
235000409,98,63,35
235000410,36,138,-102
235000411,1,18,-17
235000485,0,9,-9
235000486,9,0,9
235000549,78,48,30
235000550,126,75,51
235000599,121,13,108
235000600,2,19,-17
235000601,13,16,-3
235000602,56,43,13
235000614,0,0,0
235000648,0,10,-10
235000649,27,6,21
235000685,1,6,-5
235000815,11,55,-44
235000834,0,4,-4
235000855,52,32,20
235000862,22,49,-27
235000891,0,7,-7
235000892,5,0,5
235000901,109,61,48
235000907,5,9,-4
235001010,55,34,21
235001029,281,219,62
235001030,247,136,111
235001078,52,88,-36
235001079,32,46,-14
235001147,35,43,-8
235001166,18,33,-15
235001167,33,13,20
235001169,16,242,-226
235001188,1,8,-7
235001189,5,0,5
235001197,7,24,-17
235001200,45,35,10
235001207,425,41,384
235001210,79,100,-21
235001215,14,83,-69
235001239,1,31,-30
235001244,0,9,-9
235016267,0,21,-21
277102712,8,1,7
277103813,0,0,0
277103814,0,0,0
277104249,0,0,0
277104250,0,5,-5
277104251,0,4,-4
277104252,0,0,0
990011530,0,128,-128
990014944,1,216,-215
990015176,17,5,12
990015618,0,40,-40
990016032,0,95,-95
990032570,0,23,-23
990070001,58,1,57
990070103,0,2,-2
990070601,0,27,-27
990070751,854,4,850
990070766,0,272,-272
990071180,358,118,240
990071343,35,12,23
990071387,2,21,-19
990071823,215,1,214
990072600,5,876,-871
990072964,0,248,-248
990073285,0,1,-1
990074393,0,335,-335
990074870,1275,13,1262
990075106,704,5,699
990075746,468,6,462
990076437,1295,6,1289
990076458,0,291,-291
997000007,373,13,360
997000041,1,101,-100
997000058,34,0,34
997000062,30,9,21
997000069,1,2,-1
997000070,0,7,-7
997000100,22,0,22
997000141,1,453,-452
997000198,75,624,-549
998000475,1,9,-8
998000736,0,74,-74
998000965,0,8,-8
998001031,0,42,-42
998001700,0,2,-2
998001899,0,0,0
998001900,2,0,2
998003073,652,2,650
998101900,0,0,0
998102850,2,203,-201
998501927,515,753,-238
998501929,67,1,66
998501930,22,0,22
998501931,100,3,97
998501932,7,1,6
998501933,54,0,54
998501937,46,37,9
998501944,4,0,4
998501950,1,6,-5
998501970,47,0,47
998501971,0,48,-48
998501973,0,21,-21
998501974,0,132,-132
998501975,84,1,83
998501976,184,1,183
998501977,0,11,-11
998501978,6,0,6
998501979,0,14,-14
998501980,51,0,51
998501981,23,3,20
998501982,0,74,-74
998501983,0,0,0
998502006,0,0,0
998502024,0,11,-11
998502032,0,1,-1
998502062,17,1,16
998502063,0,0,0
998502173,15,0,15
998502269,0,2,-2
998502546,2,126,-124
998502578,3,2,1
998502599,38,302,-264
998502621,1,0,1
998601159,0,50,-50
998601292,0,12,-12
999033574,0,182,-182
999800001,30,2,28
999800002,0,5,-5
999800003,4,14,-10
999800004,0,3,-3
999800005,0,4,-4
