ID,insum,outsum,diff
100000001,462,290,172
100000002,1246,354,892
100000003,4355,1372,2983
100000004,1078,451,627
100000005,1125,1618,-493
100000006,281,56,225
100000007,850,276,574
100000008,121,367,-246
100000009,155,101,54
100000010,15,34,-19
100000011,483,45,438
100000012,76,574,-498
100000013,34,120,-86
100000014,214,212,2
100000015,934,800,134
100000016,837,862,-25
100000017,476,712,-236
100000018,1045,407,638
100000019,3821,1084,2737
100000020,1194,1956,-762
100000021,4740,1290,3450
100000022,1159,624,535
100000023,4305,566,3739
100000025,1701,242,1459
100000028,1310,499,811
100000029,234,139,95
100000030,393,24,369
100000031,3552,3026,526
100000032,1888,1684,204
100000033,607,1196,-589
100000034,561,200,361
100000035,1306,437,869
100000036,2042,547,1495
100000037,364,329,35
100000038,729,588,141
100000039,453,94,359
100000040,133,73,60
100000041,466,189,277
100000042,353,193,160
100000043,499,218,281
100000044,344,507,-163
100000045,403,1012,-609
100000046,620,1048,-428
100000047,276,640,-364
100000048,324,490,-166
100000049,1348,2124,-776
100000051,388,937,-549
100000053,14,0,14
100000054,103,17,86
100000055,407,232,175
100000056,164,460,-296
100000057,1025,612,413
100000058,685,1028,-343
100000059,0,95,-95
100000060,231,227,4
100000061,1011,347,664
100000062,945,371,574
100000063,281,179,102
100000064,583,267,316
100000065,365,795,-430
100000066,176,747,-571
100000067,265,750,-485
100000068,373,1326,-953
100000069,227,1591,-1364
100000072,388,766,-378
100000073,777,1003,-226
100000075,462,233,229
100000076,1549,1014,535
100000077,513,95,418
100000078,58,27,31
100000079,20,20,0
100000080,9,8,1
100000081,65,13,52
100000102,1881,900,981
100000103,2637,467,2170
100000104,3632,750,2882
100000105,2488,335,2153
100000106,1589,892,697
100000107,404,230,174
100000108,581,706,-125
100000109,2593,758,1835
100000116,1183,360,823
100000117,20,13,7
100000118,659,531,128
100000119,447,377,70
100000121,184,553,-369
100000122,666,499,167
100000123,2687,2789,-102
100000124,5042,3600,1442
100000125,1950,441,1509
100000126,505,155,350
100000127,1298,225,1073
100000128,580,572,8
100000129,298,276,22
100000130,225,553,-328
100000131,2462,1873,589
100000132,1053,1094,-41
100000133,5785,1924,3861
100000135,278,515,-237
100000139,171,311,-140
100000140,56,124,-68
100000142,282,475,-193
100000143,1503,691,812
100000144,3498,859,2639
100000147,650,1443,-793
100000150,11,389,-378
100000151,415,381,34
100000153,133,114,19
100000154,63,33,30
100000155,8,17,-9
100000156,28,41,-13
100000157,25,305,-280
100000158,37,125,-88
100000159,367,235,132
100000165,854,508,346
100000169,437,253,184
100000174,1217,308,909
100000179,60,484,-424
100000180,763,759,4
100000181,110,174,-64
100000188,63,250,-187
100000189,442,219,223
100000190,356,216,140
100000191,409,285,124
100000192,53,61,-8
100000193,76,119,-43
100000330,1486,313,1173
100000355,121,383,-262
100000362,3109,2290,819
100000363,1543,2238,-695
100000364,316,122,194
100000365,2431,5097,-2666
100000366,2850,1622,1228
100000367,1769,2794,-1025
100000368,1480,1253,227
100000369,602,740,-138
100000370,63,206,-143
100000376,60,68,-8
100000379,1911,619,1292
100000380,2606,1097,1509
100000384,3592,1586,2006
100000385,4068,1862,2206
100000386,6531,1978,4553
100000387,5207,2100,3107
100000388,6786,2053,4733
100000389,6219,2032,4187
100000390,7087,1667,5420
100000391,4516,1980,2536
100000392,2789,707,2082
100000393,971,794,177
100000394,4789,1793,2996
100000395,2394,838,1556
100000396,3986,991,2995
100000397,2064,1028,1036
100000398,8024,5510,2514
100000413,38,5,33
100900002,0,70,-70
100900003,171,50,121
100900004,30,591,-561
100900005,95,3,92
100900006,3,213,-210
100900007,298,4,294
100900008,0,346,-346
100900009,9,26,-17
100900010,33,146,-113
100900011,25,284,-259
100900012,6,214,-208
100900013,204,9,195
100900014,1,8,-7
100900015,94,43,51
100900016,3,32,-29
100900017,299,34,265
100900018,0,15,-15
100900019,8,54,-46
100900020,177,3,174
100900021,152,0,152
100900022,1,2,-1
100900023,0,14,-14
100900024,639,1,638
100900025,5,13,-8
100900026,40,123,-83
100900027,245,1060,-815
100900028,73,93,-20
100900029,110,10,100
100900030,3,9,-6
100900031,175,35,140
100900032,65,0,65
100900033,126,47,79
100900034,219,0,219
100900035,452,0,452
100900036,19,1,18
100900037,27,252,-225
100900038,46,20,26
100900039,379,800,-421
100900040,199,769,-570
100900041,121,806,-685
100900042,342,180,162
100900043,0,8,-8
100900044,2014,227,1787
100900045,32,0,32
100900046,439,5,434
100900047,677,57,620
100900048,58,5,53
100900049,13,180,-167
100900050,0,15,-15
100900051,35,28,7
100900052,72,8,64
100900053,137,18,119
100900054,10,101,-91
100900055,71,254,-183
100900056,54,155,-101
100900057,263,346,-83
100900058,104,32,72
100900059,29,1,28
100900060,61,6,55
100900061,248,138,110
100900062,0,56,-56
100900063,72,187,-115
100900064,275,3,272
100900065,37,35,2
100900066,26,48,-22
100900067,1,4,-3
100900068,79,104,-25
100900069,276,0,276
100900070,82,2,80
100900071,529,149,380
100900072,0,105,-105
100900073,53,528,-475
100900074,1,1,0
100900075,1720,141,1579
100900076,17,31,-14
100900077,3,138,-135
100900078,37,137,-100
100900079,1,33,-32
100900080,4,178,-174
100900081,16,55,-39
100900082,53,713,-660
100900083,0,35,-35
100900085,5,45,-40
100900086,91,289,-198
100900088,14,662,-648
100900089,8,19,-11
100900090,56,194,-138
100900091,0,14,-14
100900092,70,93,-23
100900093,66,122,-56
100900094,55,578,-523
100900095,0,35,-35
100900096,12,40,-28
100900097,1,4,-3
100900098,14,30,-16
100900099,16,394,-378
100900100,5,162,-157
100900101,292,24,268
100900102,3,13,-10
100900103,0,6,-6
100900104,5,92,-87
100900105,3,55,-52
100900106,25,2,23
100900107,1216,264,952
100900108,1,7,-6
100900109,5,35,-30
100900110,2,31,-29
100900111,55,96,-41
100900112,0,3,-3
100900113,7,27,-20
100900114,0,10,-10
100900115,1,13,-12
100900116,413,294,119
100900117,132,365,-233
100900118,6,73,-67
100900119,1,20,-19
100900120,0,28,-28
100900121,108,203,-95
100900122,128,116,12
100900123,62,74,-12
100900124,3,8,-5
100900125,7,56,-49
100900126,38,111,-73
100900127,0,10,-10
100900128,46,69,-23
100900129,0,68,-68
100900131,43,80,-37
100900133,14,46,-32
100900134,1,12,-11
100900135,0,56,-56
100900137,195,115,80
100900138,285,197,88
100900139,2,4,-2
100900140,3,594,-591
100900141,0,211,-211
100900142,0,1,-1
100900143,642,170,472
100900144,14,4,10
100900145,9,78,-69
100900146,15,6,9
100900147,5,107,-102
100900148,37,986,-949
100900149,10,61,-51
100900150,5,10,-5
100900151,74,444,-370
100900152,85,2,83
100900153,1,84,-83
100900154,0,15,-15
100900155,6,5,1
100900156,20,1,19
100900157,0,63,-63
100900159,1,3,-2
100900160,2,8,-6
100900161,115,1,114
100900162,6,113,-107
100900163,97,141,-44
100900164,16,14,2
100900165,27,94,-67
100900166,28,5,23
100900167,5,58,-53
100900168,12,64,-52
100900169,136,749,-613
100900170,13,1,12
100900171,19,571,-552
100900172,0,2,-2
100900173,3,469,-466
100900174,203,51,152
100900176,821,59,762
100900177,532,134,398
100900178,224,66,158
100900179,63,20,43
100900180,3,4,-1
100900181,81,13,68
100900182,11,7,4
100900184,2,159,-157
100900186,846,348,498
100900187,20,132,-112
100900188,22,2,20
100900189,428,97,331
100900191,723,449,274
100900192,153,115,38
100900195,62,105,-43
100900197,8,92,-84
100900198,19,161,-142
100900199,22,6,16
100900200,503,257,246
100900201,41,533,-492
100900202,1,0,1
100900203,1,44,-43
100900204,177,80,97
100900205,52,200,-148
100900206,49,31,18
100900207,93,69,24
100900210,77,581,-504
100900211,150,47,103
100900213,17,10,7
100900214,606,46,560
100900215,3,14,-11
100900217,82,16,66
101000001,3242,1813,1429
101000002,2708,2138,570
101000003,527,977,-450
101000004,6232,4863,1369
101000005,1335,2254,-919
101000006,6904,4462,2442
101000007,1519,1851,-332
101000008,2569,1963,606
101000009,931,1715,-784
101000010,581,1205,-624
101000011,1626,492,1134
101000012,1405,325,1080
101000013,347,581,-234
101000014,333,458,-125
101000015,630,557,73
101000016,307,192,115
101000017,320,327,-7
101000018,2888,1550,1338
101000020,3427,1111,2316
101000021,864,147,717
101000022,201,54,147
101000023,1350,544,806
101000025,67,235,-168
101000026,361,10,351
101000027,1032,1013,19
101000028,674,111,563
101000029,27,424,-397
101000030,484,43,441
101000031,420,96,324
101000032,4272,1182,3090
101000033,1834,1229,605
101000034,2186,618,1568
101000035,757,182,575
101000036,1417,262,1155
101000037,4039,704,3335
101000039,2339,743,1596
101000040,3187,1839,1348
101000041,10704,1812,8892
101000042,523,329,194
101000043,7863,1448,6415
101000045,1372,176,1196
101000046,1784,370,1414
101000047,716,559,157
101000048,503,504,-1
101000049,562,536,26
101000050,1436,487,949
101000051,2015,624,1391
101000052,1441,271,1170
101000053,813,1060,-247
101000054,1176,941,235
101000055,1244,535,709
101000056,43,45,-2
101000057,2159,352,1807
101000058,1580,430,1150
101000059,2598,1106,1492
101000060,1493,171,1322
101000061,858,588,270
101000062,938,206,732
101000063,386,273,113
101000064,1111,193,918
101000065,177,215,-38
101000066,257,109,148
101000067,657,218,439
101000068,310,132,178
101000069,304,21,283
101000070,1296,719,577
101000071,1692,600,1092
101000072,722,2398,-1676
101000073,472,300,172
101000074,2690,1849,841
101000075,4472,2780,1692
101000077,723,988,-265
101000078,642,1222,-580
101000079,336,542,-206
101000080,418,419,-1
101000081,799,866,-67
101000082,2868,1929,939
101000083,1269,1149,120
101000084,1124,1081,43
101000085,1227,773,454
101000086,1066,873,193
101000087,652,1042,-390
101000088,672,610,62
101000089,526,939,-413
101000090,1749,1363,386
101000091,367,1708,-1341
101000092,608,881,-273
101000093,983,549,434
101000094,401,810,-409
101000095,197,613,-416
101000096,171,547,-376
101000097,238,217,21
101000098,375,355,20
101000099,755,861,-106
101000100,799,412,387
101000101,237,217,20
101000102,667,159,508
101000103,663,237,426
101000104,182,226,-44
101000105,733,181,552
101000106,570,406,164
101000107,128,304,-176
101000108,1113,264,849
101000109,121,55,66
101000110,27,536,-509
101000111,73,175,-102
101000113,72,324,-252
101000114,2523,689,1834
101000115,77,65,12
101000116,151,128,23
101000117,363,252,111
101000119,129,25,104
101000120,202,12,190
101000121,81,23,58
101000122,74,18,56
101000123,27,19,8
101000124,133,246,-113
101000125,137,347,-210
101000128,624,265,359
101000130,197,215,-18
101000131,330,641,-311
101000132,306,1450,-1144
101000135,58,17,41
101000136,180,70,110
101000137,21,112,-91
101000141,1693,1000,693
101000147,666,514,152
101000148,2222,10,2212
101000149,220,89,131
101000150,42,1063,-1021
101000151,66,54,12
101000152,280,229,51
101000153,446,339,107
101000154,87,1344,-1257
101000155,114,110,4
101000156,19,195,-176
101000157,30,11,19
101000160,63,53,10
101000163,73,48,25
101000164,501,326,175
101000165,132,261,-129
101000166,235,277,-42
101000168,499,258,241
101000252,788,574,214
101000254,357,13,344
101000258,36,5,31
101000261,41,183,-142
101000262,483,629,-146
101000263,158,371,-213
101000265,35,406,-371
101000266,168,179,-11
101000269,86,9,77
101000290,1272,1336,-64
101000293,16,91,-75
101000294,303,434,-131
101000295,129,313,-184
101000301,574,136,438
101000304,1197,1717,-520
101000305,1802,1116,686
101000328,63,258,-195
101900001,20,85,-65
101900002,0,8,-8
101900003,75,93,-18
101900004,2,38,-36
101900005,3963,656,3307
101900006,530,13,517
101900007,304,21,283
101900008,79,133,-54
101900009,17,235,-218
101900010,772,372,400
101900011,216,861,-645
101900012,63,168,-105
101900013,1039,80,959
101900017,23,78,-55
101900018,1319,101,1218
101900019,206,88,118
101900020,58,57,1
101900021,0,26,-26
101900022,46,1137,-1091
101900023,36,275,-239
101900026,57,26,31
101900027,6,101,-95
102000001,1265,2552,-1287
102000002,2044,958,1086
102000003,2693,3276,-583
102000004,7006,1758,5248
102000005,1204,1282,-78
102000006,1290,1060,230
102000007,1096,2528,-1432
102000008,4784,1220,3564
102000009,3497,4686,-1189
102000010,4291,2337,1954
102000011,2118,1679,439
102000012,2362,2515,-153
102000018,2231,1653,578
102000019,2138,909,1229
102000026,151,377,-226
102000029,296,155,141
102000030,90,193,-103
102000031,24,192,-168
102000032,205,317,-112
102000033,115,338,-223
102000034,353,309,44
102000035,700,406,294
102000036,2,161,-159
102000037,94,73,21
102000038,151,69,82
102000039,121,50,71
102000040,432,58,374
102000041,100,120,-20
102000042,76,24,52
102000043,231,130,101
102000044,295,371,-76
102000045,452,770,-318
102000046,623,339,284
102000047,417,826,-409
102000048,132,569,-437
102000049,749,415,334
102000050,681,707,-26
102000051,295,369,-74
102000052,872,567,305
102000053,424,571,-147
102000054,213,629,-416
102000055,532,954,-422
102000056,374,1180,-806
102000057,935,340,595
102000058,821,1862,-1041
102000059,1084,1179,-95
102000060,839,688,151
102000061,872,2038,-1166
102000062,657,991,-334
102000063,903,1187,-284
102000064,360,443,-83
102000065,32,88,-56
102000066,704,786,-82
102000067,1361,1998,-637
102000068,8590,2372,6218
102000069,25,1834,-1809
102000070,2182,48,2134
102000071,5812,7074,-1262
102000072,2241,4037,-1796
102000073,339,1044,-705
102000074,356,629,-273
102000075,217,328,-111
102000076,192,319,-127
102000077,196,1205,-1009
102000078,506,714,-208
102000079,56,266,-210
102000080,124,166,-42
102000081,145,639,-494
102000082,503,207,296
102000083,195,657,-462
102000084,107,396,-289
102000085,1285,1316,-31
102000086,662,894,-232
102000087,455,2092,-1637
102000088,137,190,-53
102000089,539,374,165
102000090,340,1021,-681
102000091,891,387,504
102000092,364,598,-234
102000093,508,468,40
102000094,842,443,399
102000095,700,638,62
102000096,734,506,228
102000097,738,556,182
102000098,487,590,-103
102000099,623,335,288
102000100,949,540,409
102000101,963,243,720
102000102,262,1355,-1093
102000103,863,241,622
102000104,760,284,476
102000105,103,782,-679
102000106,467,780,-313
102000107,519,497,22
102000108,343,157,186
102000109,245,494,-249
102000110,409,1413,-1004
102000111,10,273,-263
102000112,122,55,67
102000113,2,22,-20
102000114,741,311,430
102000115,153,143,10
102000116,209,186,23
102000117,152,374,-222
102000118,1246,691,555
102000119,2246,373,1873
102000120,63,354,-291
102000121,632,457,175
102000122,267,545,-278
102000123,820,619,201
102000124,496,644,-148
102000125,688,472,216
102000126,425,480,-55
102000127,682,467,215
102000128,321,691,-370
102000129,637,764,-127
102000130,321,413,-92
102000131,485,437,48
102000132,242,331,-89
102000133,818,1898,-1080
102000134,317,564,-247
102000135,804,454,350
102000136,788,291,497
102000137,631,528,103
102000138,174,309,-135
102000139,61,196,-135
102000140,210,117,93
102000141,107,411,-304
102000142,102,276,-174
102000143,53,387,-334
102000144,73,379,-306
102000145,174,318,-144
102000146,199,257,-58
102000147,210,186,24
102000148,140,175,-35
102000149,71,517,-446
102000150,107,163,-56
102000151,89,258,-169
102000152,58,94,-36
102000153,590,180,410
102000154,327,508,-181
102000155,78,193,-115
102000156,354,31,323
102000157,94,92,2
102000158,328,209,119
102000159,1230,176,1054
102000161,3813,1030,2783
102000162,155,100,55
102000163,61,315,-254
102000164,965,571,394
102000165,200,57,143
102000166,27,92,-65
102000167,141,118,23
102000168,113,78,35
102000169,59,316,-257
102000170,506,89,417
102000171,101,62,39
102000172,24,186,-162
102000173,202,183,19
102000174,27,33,-6
102000175,88,114,-26
102000176,15,22,-7
102000178,236,471,-235
102000179,245,180,65
102000180,303,503,-200
102000181,273,636,-363
102000182,294,578,-284
102000183,921,1788,-867
102000184,786,703,83
102000185,1283,1637,-354
102000186,555,1668,-1113
102000187,376,1520,-1144
102000188,376,1298,-922
102000189,2334,725,1609
102000190,453,1498,-1045
102000191,997,421,576
102000192,467,729,-262
102000193,20,151,-131
102000194,51,98,-47
102000195,221,555,-334
102000196,80,471,-391
102000197,248,460,-212
102000198,124,864,-740
102000199,343,304,39
102000200,162,1169,-1007
102000201,296,377,-81
102000202,0,125,-125
102000203,131,234,-103
102000204,248,862,-614
102000205,401,573,-172
102000206,409,566,-157
102000207,549,368,181
102000208,205,429,-224
102000209,44,60,-16
102000210,127,488,-361
102000211,197,380,-183
102000212,99,25,74
102000213,3,297,-294
102000214,89,10,79
102000215,4,601,-597
102000216,39,39,0
102000217,7,151,-144
102000218,86,68,18
102000219,274,269,5
102000225,664,564,100
102000226,3386,639,2747
102000227,78,3,75
102000228,0,93,-93
102000229,12,16,-4
102000230,170,594,-424
102000231,196,370,-174
102000232,10,140,-130
102000233,240,413,-173
102000234,60,981,-921
102000236,176,63,113
102000237,390,95,295
102000238,96,233,-137
102000240,523,342,181
102000241,130,81,49
102000243,4,45,-41
102000245,35,152,-117
102000246,10,19,-9
102000247,1793,764,1029
102000248,899,822,77
102000249,85,126,-41
102000250,62,426,-364
102000254,62,327,-265
102000266,36,132,-96
102000271,12,1,11
102000286,288,244,44
102000297,1086,620,466
102000301,0,0,0
102000303,0,0,0
102000305,0,0,0
102000307,0,3,-3
102900001,864,788,76
102900002,152,9,143
102900003,19,244,-225
102900005,108,307,-199
102900006,303,207,96
102900007,203,11,192
102900008,123,81,42
102900009,369,119,250
102900010,310,441,-131
102900011,1354,177,1177
102900012,204,40,164
102900013,9,119,-110
102900015,666,206,460
102900016,30,134,-104
102900017,84,627,-543
102900018,11,165,-154
102900019,180,326,-146
102900020,38,27,11
102900021,4,93,-89
102900022,283,35,248
102900023,12,39,-27
102900024,12,30,-18
102900025,198,85,113
102900026,392,928,-536
102900027,30,43,-13
102900028,55,252,-197
102900029,112,50,62
102900030,184,135,49
102900031,54,146,-92
102900032,29,97,-68
102900033,52,178,-126
102900034,131,129,2
102900035,31,399,-368
102900036,107,492,-385
102900037,108,645,-537
102900038,257,494,-237
102900039,63,248,-185
102900040,60,136,-76
102900041,38,139,-101
102900042,72,305,-233
102900043,36,197,-161
102900044,382,1556,-1174
102900045,29,364,-335
102900046,80,261,-181
102900047,47,584,-537
102900048,397,652,-255
102900049,56,270,-214
102900050,132,295,-163
102900051,98,132,-34
102900053,256,518,-262
102900054,719,527,192
102900055,33,78,-45
102900056,118,348,-230
102900057,2,22,-20
102900058,219,31,188
102900059,7,37,-30
102900060,69,310,-241
102900061,89,405,-316
102900062,75,1225,-1150
102900063,378,350,28
102900064,85,273,-188
102900065,1597,552,1045
102900066,198,31,167
102900068,57,57,0
102900070,60,591,-531
102900072,11,14,-3
102900073,85,7,78
102900075,44,27,17
102900076,305,20,285
102900077,18,15,3
102900078,33,49,-16
102900079,118,2,116
102900080,185,15,170
102900081,54,183,-129
102900082,2,188,-186
102900083,265,7,258
102900084,3,15,-12
102900085,145,36,109
102900086,2,25,-23
102900087,40,66,-26
102900088,18,23,-5
102900089,173,77,96
102900090,2,347,-345
102900091,48,1,47
102900092,153,886,-733
102900094,0,36,-36
102900095,71,1,70
102900096,18,4,14
102900097,1,89,-88
103000001,1726,2123,-397
103000002,1611,1659,-48
103000003,2407,1933,474
103000004,730,486,244
103000005,1380,1736,-356
103000006,441,1076,-635
103000007,394,748,-354
103000008,698,939,-241
103000009,486,558,-72
103000010,197,162,35
103000011,1411,773,638
103000012,723,1055,-332
103000013,4048,1350,2698
103000014,908,1095,-187
103000015,2238,724,1514
103000016,469,664,-195
103000017,103,269,-166
103000018,769,307,462
103000019,100,129,-29
103000020,1336,866,470
103000021,1152,1237,-85
103000022,1096,1035,61
103000023,363,907,-544
103000024,131,184,-53
103000025,39,286,-247
103000026,1429,107,1322
103000027,214,306,-92
103000028,577,364,213
103000029,267,123,144
103000030,1398,441,957
103000031,1012,1047,-35
103000032,2148,1475,673
103000033,1735,1747,-12
103000034,1086,591,495
103000035,278,694,-416
103000036,337,342,-5
103000037,387,302,85
103000038,378,565,-187
103000039,153,461,-308
103000040,164,921,-757
103000041,1334,2549,-1215
103000042,526,658,-132
103000043,254,993,-739
103000044,102,207,-105
103000046,162,359,-197
103000047,360,617,-257
103000048,83,128,-45
103000049,61,165,-104
103000050,576,637,-61
103000051,211,389,-178
103000052,511,315,196
103000053,82,292,-210
103000054,1520,927,593
103000055,1147,1320,-173
103000056,399,2675,-2276
103000057,365,272,93
103000058,262,857,-595
103000059,189,539,-350
103000060,489,745,-256
103000061,222,630,-408
103000062,697,807,-110
103000063,426,407,19
103000064,71,289,-218
103000065,2,306,-304
103000066,66,13,53
103000069,124,329,-205
103000070,460,1004,-544
103000071,502,265,237
103000072,87,817,-730
103000073,298,106,192
103000074,368,48,320
103000075,103,678,-575
103000076,163,153,10
103000077,32,276,-244
103000078,1144,338,806
103000079,1182,321,861
103000080,1138,116,1022
103000081,371,549,-178
103000082,235,116,119
103000083,63,255,-192
103000084,148,7,141
103000085,2,84,-82
103000086,664,245,419
103000087,75,237,-162
103000088,324,240,84
103000089,224,292,-68
103000090,1407,860,547
103000091,399,272,127
103000092,197,288,-91
103000093,242,422,-180
103000094,172,98,74
103000095,18,329,-311
103000096,752,76,676
103000097,35,543,-508
103000098,996,108,888
103000099,343,471,-128
103000100,46,707,-661
103000101,387,115,272
103000102,72,576,-504
103000103,368,186,182
103000104,43,128,-85
103000105,73,141,-68
103000106,2,92,-90
103000107,196,49,147
103000108,692,432,260
103000109,362,323,39
103000110,363,321,42
103000111,394,210,184
103000112,196,185,11
103000113,513,446,67
103000114,896,231,665
103000115,331,546,-215
103000116,240,452,-212
103000117,171,454,-283
103000118,1020,958,62
103000119,1595,573,1022
103000120,49,75,-26
103000121,355,916,-561
103000122,282,217,65
103000125,4,506,-502
103000126,235,2,233
103000127,1,223,-222
103000128,68,3,65
103000129,2,173,-171
103000130,29,11,18
103000131,239,103,136
103000132,50,57,-7
103000133,7,128,-121
103000134,581,416,165
103000135,609,172,437
103000136,629,244,385
103000137,457,443,14
103000138,640,509,131
103000139,3,41,-38
103000140,166,21,145
103000141,27,106,-79
103000142,124,50,74
103000143,32,130,-98
103000144,111,56,55
103000145,10,38,-28
103000150,45,73,-28
103000152,289,169,120
103000153,196,113,83
103000156,8,495,-487
103000157,165,1,164
103000159,28,26,2
103000162,60,18,42
103000163,9,14,-5
103000164,10,9,1
103000165,125,443,-318
103000166,113,152,-39
103000167,112,87,25
103000168,37,145,-108
103000169,102,218,-116
103000170,312,345,-33
103000171,18,46,-28
103000172,180,322,-142
103000173,203,679,-476
103000174,96,295,-199
103000175,93,417,-324
103000176,537,203,334
103000177,562,362,200
103000178,271,264,7
103000179,79,24,55
103000183,50,30,20
103000185,41,81,-40
103000186,43,122,-79
103000187,162,670,-508
103000188,10,73,-63
103000189,784,771,13
103000191,422,483,-61
103000292,1996,627,1369
103000293,1168,730,438
103000295,72,53,19
103000296,150,2,148
103000297,52,6,46
103000504,24,14,10
103000505,15,5,10
103000506,1,184,-183
103000507,85,1,84
103000508,58,19,39
103000509,186,459,-273
103900001,1,289,-288
103900002,1585,121,1464
103900003,1190,149,1041
103900004,25,2,23
103900005,1,185,-184
103900006,1,24,-23
103900007,33,0,33
103900008,4,0,4
103900009,99,185,-86
103900010,76,201,-125
103900011,80,205,-125
103900012,3,5,-2
103900013,25,62,-37
103900014,15,13,2
103900015,23,22,1
103900016,164,180,-16
103900017,12,73,-61
103900018,556,96,460
103900019,22,111,-89
103900020,125,206,-81
103900021,655,152,503
103900022,673,557,116
103900023,50,0,50
103900024,59,382,-323
103900025,3,21,-18
103900026,44,0,44
103900027,336,210,126
103900028,17,143,-126
103900029,629,116,513
103900030,118,24,94
103900031,4,0,4
103900032,32,26,6
103900033,32,2,30
103900034,11,217,-206
103900035,27,49,-22
103900036,23,9,14
103900037,28,17,11
103900038,65,76,-11
103900039,19,439,-420
103900040,2,147,-145
103900041,37,19,18
103900042,27,420,-393
103900043,65,94,-29
103900044,160,92,68
103900045,100,167,-67
103900047,35,44,-9
103900048,33,13,20
103900049,146,946,-800
103900050,3,52,-49
103900051,0,32,-32
103900052,104,598,-494
103900053,58,810,-752
103900054,32,505,-473
103900055,256,167,89
103900056,19,42,-23
103900057,11,244,-233
103900058,76,696,-620
103900059,0,1,-1
103900060,21,168,-147
103900061,33,43,-10
103900062,132,40,92
103900063,0,0,0
103900064,49,1,48
103900065,704,213,491
103900066,50,6,44
103900067,46,8,38
103900068,0,0,0
103900069,29,6,23
103900070,88,236,-148
103900071,18,156,-138
103900072,7,282,-275
103900073,9,9,0
103900074,44,74,-30
103900075,83,59,24
103900076,160,703,-543
103900077,45,37,8
103900078,89,86,3
103900079,79,151,-72
103900080,13,20,-7
103900081,142,12,130
103900082,4,61,-57
103900083,1656,316,1340
103900084,22,86,-64
103900085,73,84,-11
103900086,201,176,25
103900088,328,117,211
103900089,32,180,-148
103900090,3,188,-185
103900091,753,216,537
103900092,194,416,-222
103900093,53,325,-272
103900094,3,112,-109
103900095,140,127,13
103900096,10,247,-237
103900097,4,497,-493
103900098,106,66,40
103900099,37,257,-220
103900100,111,311,-200
103900101,48,840,-792
103900102,0,43,-43
103900104,0,32,-32
103900105,70,149,-79
103900106,0,15,-15
103900107,26,217,-191
103900108,27,378,-351
103900109,28,80,-52
103900110,102,34,68
103900111,19,577,-558
103900112,11,32,-21
103900113,114,128,-14
103900114,346,290,56
103900115,122,42,80
103900116,5913,1243,4670
103900117,206,98,108
103900119,18,38,-20
103900120,8,100,-92
103900122,17,338,-321
103900123,1265,356,909
103900124,19,477,-458
103900125,59,66,-7
103900126,206,441,-235
103900127,52,644,-592
103900128,14,156,-142
103900131,11,103,-92
103900133,505,22,483
103900134,0,1,-1
103900135,2,2,0
103900137,2,32,-30
103900138,39,369,-330
103900139,257,579,-322
103900140,1,62,-61
103900141,145,65,80
103900142,49,216,-167
103900143,11,3,8
103900144,1,68,-67
103900145,133,295,-162
103900146,165,297,-132
103900147,147,95,52
103900148,68,153,-85
103900149,75,686,-611
103900150,6278,1539,4739
103900151,18,154,-136
103900152,145,546,-401
103900153,2,0,2
103900154,822,653,169
103900155,20,192,-172
103900156,5,157,-152
103900157,9,234,-225
103900158,42,218,-176
103900159,62,65,-3
103900160,12,19,-7
103900161,47,135,-88
103900162,46,183,-137
103900163,3,413,-410
103900167,1,63,-62
103900168,54,136,-82
103900169,33,21,12
103900170,2,103,-101
103900171,2,62,-60
103900172,3,42,-39
103900173,1,7,-6
103900174,46,46,0
103900175,37,26,11
103900176,8,8,0
103900177,15,50,-35
103900178,7,84,-77
103900179,21,188,-167
103900180,6,98,-92
103900181,53,34,19
103900182,36,11,25
103900184,500,26,474
103900185,132,90,42
103900187,82,31,51
103900188,21,8,13
103900189,48,5,43
103900190,57,19,38
103900191,20,34,-14
103900192,10,59,-49
103900193,139,103,36
103900194,27,321,-294
103900195,1,38,-37
103900196,9,13,-4
103900197,3,24,-21
103900198,35,53,-18
103900199,64,97,-33
103900200,50,118,-68
103900201,43,132,-89
103900202,7,33,-26
103900203,17,14,3
103900204,1,99,-98
103900207,1,156,-155
103900208,23,2,21
103900209,2,92,-90
103900210,13,32,-19
103900211,215,571,-356
103900212,29,341,-312
103900213,76,203,-127
103900214,194,71,123
103900215,554,168,386
103900216,9,401,-392
103900217,248,43,205
103900218,4,243,-239
103900219,53,302,-249
103900233,29,2,27
103900235,32,2,30
103900236,19,1,18
103900242,9,7,2
103900243,13,4,9
103900244,44,318,-274
103900245,64,207,-143
103900246,39,17,22
103900247,26,126,-100
103900248,2,37,-35
103900249,9,12,-3
103900250,25,25,0
103900251,0,27,-27
103900253,29,68,-39
103900254,6,5,1
103900255,13,12,1
103900256,16,34,-18
103900257,88,84,4
103900258,18,1,17
103900259,78,2,76
103900261,13,1,12
103900262,14,2,12
103900263,34,39,-5
103900264,32,7,25
103900265,68,13,55
103900266,1,24,-23
103900267,2,51,-49
103900268,0,134,-134
103900269,106,32,74
103900270,20,144,-124
103900271,11,179,-168
103900272,53,63,-10
103900273,9,50,-41
103900274,31,3,28
103900275,16,6,10
103900276,3,102,-99
103900277,0,88,-88
103900278,10,37,-27
103900279,0,14,-14
103900280,3,173,-170
104000001,934,1514,-580
104000002,1156,2226,-1070
104000003,1572,1711,-139
104000004,2387,2187,200
104000005,838,1447,-609
104000006,2027,2468,-441
104000007,3108,3010,98
104000008,149,340,-191
104000009,98,120,-22
104000010,99,198,-99
104000011,716,420,296
104000012,111,427,-316
104000013,90,131,-41
104000014,177,659,-482
104000015,158,160,-2
104000016,422,410,12
104000018,440,124,316
104000019,307,107,200
104000020,184,771,-587
104000021,286,620,-334
104000022,142,318,-176
104000023,280,281,-1
104000024,162,332,-170
104000026,50,258,-208
104000027,150,321,-171
104000028,220,229,-9
104000029,468,632,-164
104000030,147,263,-116
104000031,487,245,242
104000032,185,351,-166
104000033,426,330,96
104000034,242,384,-142
104000035,419,443,-24
104000036,324,565,-241
104000037,205,294,-89
104000038,153,227,-74
104000039,105,438,-333
104000040,440,427,13
104000041,220,296,-76
104000042,185,413,-228
104000043,181,391,-210
104000044,171,802,-631
104000045,713,1206,-493
104000046,1159,1389,-230
104000047,564,1226,-662
104000048,896,1718,-822
104000049,237,239,-2
104000050,190,455,-265
104000051,78,566,-488
104000052,696,983,-287
104000053,493,687,-194
104000054,188,377,-189
104000055,2897,2345,552
104000056,2462,227,2235
104000057,176,533,-357
104000058,410,581,-171
104000059,373,1170,-797
104000060,454,796,-342
104000061,676,963,-287
104000062,208,309,-101
104000064,305,181,124
104000065,72,235,-163
104000069,512,180,332
104000070,74,268,-194
104000071,165,329,-164
104000072,366,396,-30
104000075,25,205,-180
104000076,348,28,320
104000082,1353,1744,-391
104000083,519,145,374
104000084,85,377,-292
104000085,187,168,19
104000086,133,384,-251
104000087,348,705,-357
104000090,397,1412,-1015
104000092,543,2497,-1954
104000094,543,1850,-1307
104000095,1016,1203,-187
104000096,760,137,623
104000097,879,956,-77
104000098,954,1333,-379
104000100,699,551,148
104000101,711,2012,-1301
104000106,208,525,-317
104000107,528,521,7
104000108,291,476,-185
104000109,174,44,130
104000110,751,867,-116
104000111,4278,1202,3076
104000112,2167,419,1748
104000116,1,1341,-1340
104000117,103,702,-599
104000118,189,253,-64
104000119,258,213,45
104000120,103,772,-669
104000121,158,512,-354
104000122,402,581,-179
104000123,612,948,-336
104000124,1055,2083,-1028
104000125,3508,1982,1526
104000126,171,324,-153
104000127,1404,3127,-1723
104000128,626,477,149
104000129,401,22,379
104000130,11,187,-176
104000131,690,708,-18
104000132,658,985,-327
104000133,728,623,105
104000134,557,1207,-650
104000135,271,747,-476
104000136,620,1593,-973
104000137,1239,246,993
104000138,901,330,571
104000139,7058,2328,4730
104000141,927,1760,-833
104000142,556,994,-438
104000143,426,833,-407
104000144,44,153,-109
104000145,243,181,62
104000146,397,562,-165
104000147,105,310,-205
104000148,114,113,1
104000149,141,428,-287
104000150,381,366,15
104000151,252,622,-370
104000152,301,606,-305
104000153,238,288,-50
104000154,864,650,214
104000155,209,353,-144
104000157,843,1628,-785
104000158,143,164,-21
104000159,311,274,37
104000160,1144,1035,109
104000161,175,147,28
104000162,22,118,-96
104000165,1294,825,469
104000167,363,373,-10
104000168,315,2,313
104000169,27,37,-10
104000170,594,228,366
104000248,230,785,-555
104000251,51,313,-262
104000272,0,0,0
104000273,0,0,0
104000274,0,0,0
104000275,0,0,0
104000279,424,495,-71
104000290,36,283,-247
104000291,568,1008,-440
104000293,412,611,-199
104000294,4,0,4
104000295,347,658,-311
104000296,389,682,-293
104000297,634,1298,-664
104000298,1278,787,491
104000299,470,1090,-620
104000302,89,138,-49
104000303,118,138,-20
104900001,77,302,-225
104900002,25,88,-63
104900003,42,294,-252
104900004,48,316,-268
104900005,80,142,-62
104900006,90,40,50
104900007,102,212,-110
104900009,72,310,-238
104900010,19,20,-1
104900011,0,3,-3
104900012,76,11,65
104900013,55,7,48
104900014,1317,199,1118
104900015,87,0,87
104900016,89,246,-157
104900017,58,144,-86
104900018,1,154,-153
104900019,160,890,-730
104900020,30,165,-135
104900021,1,280,-279
104900022,8,110,-102
104900023,1,118,-117
104900024,7,89,-82
104900025,23,256,-233
104900026,0,140,-140
104900027,129,119,10
104900028,8,89,-81
104900029,35,57,-22
104900030,185,140,45
104900031,109,165,-56
104900032,28,125,-97
104900033,66,129,-63
104900034,133,54,79
104900035,122,55,67
104900036,58,62,-4
104900037,94,309,-215
104900038,368,204,164
104900039,691,101,590
104900040,130,66,64
104900041,116,88,28
104900042,59,300,-241
104900043,5,36,-31
104900044,217,120,97
104900045,207,47,160
104900046,51,73,-22
104900047,126,103,23
104900048,127,55,72
104900049,7,2,5
104900050,75,52,23
104900051,105,17,88
104900052,27,0,27
104900053,185,25,160
104900054,46,25,21
104900055,34,0,34
104900056,66,5,61
104900057,8,1,7
104900058,279,90,189
104900059,3,29,-26
104900060,52,331,-279
104900061,230,450,-220
104900063,17,127,-110
104900064,1,93,-92
104900065,0,90,-90
104900066,1,144,-143
104900067,0,189,-189
104900068,1,174,-173
104900070,74,212,-138
104900071,2,512,-510
104900072,22,156,-134
104900073,37,213,-176
104900074,14,150,-136
104900075,27,42,-15
104900076,46,388,-342
104900077,902,74,828
104900078,111,710,-599
104900079,81,102,-21
104900080,42,446,-404
104900082,12,222,-210
104900085,28,318,-290
104900087,113,6,107
104900089,45,0,45
104900090,200,296,-96
104900091,236,462,-226
104900093,228,413,-185
104900097,2414,1055,1359
104900098,37,23,14
104900099,142,243,-101
104900100,478,123,355
104900102,10,190,-180
104900103,338,90,248
104900104,2557,669,1888
104900106,28,108,-80
104900107,25,290,-265
104900108,14,296,-282
104900109,28,114,-86
104900110,5,53,-48
104900111,63,55,8
104900112,136,845,-709
104900113,335,383,-48
104900114,111,568,-457
104900115,207,392,-185
104900116,79,257,-178
104900118,0,37,-37
104900119,0,18,-18
104900120,122,45,77
104900121,0,91,-91
104900122,1,72,-71
104900123,12,0,12
104900124,8,0,8
104900125,164,0,164
104900126,47,34,13
104900127,11,22,-11
104900128,24,48,-24
104900129,1970,680,1290
105000001,994,1039,-45
105000002,1569,1336,233
105000003,2417,3187,-770
105000004,351,773,-422
105000005,800,966,-166
105000006,705,1173,-468
105000007,569,1027,-458
105000008,619,1349,-730
105000009,923,2033,-1110
105000010,2412,2096,316
105000011,1203,1521,-318
105000012,2760,2773,-13
105000013,411,832,-421
105000014,735,1479,-744
105000015,6579,3602,2977
105000016,2979,1273,1706
105000017,1326,856,470
105000018,999,696,303
105000019,1228,849,379
105000020,127,202,-75
105000021,201,151,50
105000022,94,28,66
105000023,320,172,148
105000028,54,123,-69
105000029,205,709,-504
105000030,3055,2802,253
105000031,4,27,-23
105000033,814,1863,-1049
105000034,126,392,-266
105000037,478,479,-1
105000038,933,849,84
105000039,2524,1546,978
105000040,416,522,-106
105000041,335,1133,-798
105000042,1325,767,558
105000043,1431,1694,-263
105000044,204,272,-68
105000045,193,730,-537
105000046,424,301,123
105000047,288,1122,-834
105000048,328,166,162
105000049,212,653,-441
105000050,291,273,18
105000051,162,504,-342
105000052,277,712,-435
105000053,105,155,-50
105000054,138,801,-663
105000055,257,302,-45
105000056,509,2119,-1610
105000057,794,879,-85
105000058,990,1232,-242
105000059,384,439,-55
105000060,363,563,-200
105000061,255,334,-79
105000062,551,1018,-467
105000063,307,715,-408
105000064,644,460,184
105000065,310,925,-615
105000066,770,1906,-1136
105000067,520,389,131
105000068,458,864,-406
105000069,2229,479,1750
105000070,697,624,73
105000071,158,300,-142
105000072,709,814,-105
105000073,515,345,170
105000074,605,799,-194
105000075,359,595,-236
105000076,956,877,79
105000077,1344,489,855
105000078,1064,942,122
105000079,1089,1367,-278
105000080,1178,664,514
105000081,1050,638,412
105000082,336,304,32
105000083,634,450,184
105000084,516,684,-168
105000085,937,716,221
105000086,603,912,-309
105000087,1779,1517,262
105000088,1039,1197,-158
105000089,2450,1916,534
105000090,748,831,-83
105000091,1378,1503,-125
105000092,434,899,-465
105000093,224,134,90
105000094,161,141,20
105000095,69,293,-224
105000096,705,460,245
105000097,687,599,88
105000098,523,475,48
105000099,576,854,-278
105000100,532,1035,-503
105000101,1140,1723,-583
105000102,770,1403,-633
105000103,861,1618,-757
105000104,1029,883,146
105000105,593,1443,-850
105000106,620,1084,-464
105000107,645,737,-92
105000108,614,1500,-886
105000109,716,1274,-558
105000110,476,693,-217
105000111,389,454,-65
105000112,748,791,-43
105000113,197,388,-191
105000114,2973,761,2212
105000115,238,593,-355
105000116,343,329,14
105000117,556,1376,-820
105000118,178,295,-117
105000119,321,1160,-839
105000120,360,414,-54
105000121,539,1043,-504
105000122,234,309,-75
105000123,770,1347,-577
105000124,832,769,63
105000125,383,1628,-1245
105000126,1194,1835,-641
105000127,1526,1591,-65
105000128,257,1230,-973
105000129,531,337,194
105000130,76,713,-637
105000131,466,268,198
105000132,392,306,86
105000133,227,920,-693
105000134,302,425,-123
105000135,360,592,-232
105000136,79,282,-203
105000137,159,175,-16
105000138,197,310,-113
105000139,845,836,9
105000140,138,400,-262
105000141,148,533,-385
105000142,42,478,-436
105000143,94,534,-440
105000144,185,558,-373
105000145,323,448,-125
105000146,404,678,-274
105000147,318,278,40
105000148,579,598,-19
105000149,1099,1316,-217
105000150,1559,1145,414
105000151,289,282,7
105000152,109,594,-485
105000153,410,311,99
105000154,448,725,-277
105000155,152,429,-277
105000156,560,796,-236
105000157,710,1769,-1059
105000158,1034,680,354
105000159,271,1159,-888
105000160,924,437,487
105000161,533,1774,-1241
105000162,403,943,-540
105000163,1157,1130,27
105000164,161,250,-89
105000165,1109,2488,-1379
105000166,6480,241,6239
105000167,2323,946,1377
105000168,136,845,-709
105000169,183,384,-201
105000170,57,965,-908
105000171,724,271,453
105000172,23,63,-40
105000173,30,18,12
105000174,20,20,0
105000175,37,109,-72
105000176,69,55,14
105000177,89,92,-3
105000178,61,469,-408
105000179,130,85,45
105000180,57,87,-30
105000181,33,404,-371
105000182,9,38,-29
105000183,2082,970,1112
105000184,1057,639,418
105000185,777,500,277
105000186,291,807,-516
105000187,378,214,164
105000188,109,54,55
105000189,71,497,-426
105000190,126,236,-110
105000191,290,376,-86
105000192,77,79,-2
105000193,52,143,-91
105000194,191,71,120
105000195,158,913,-755
105000196,43,99,-56
105000197,188,599,-411
105000198,527,199,328
105000199,233,180,53
105000200,55,122,-67
105000201,69,18,51
105000203,6,318,-312
105000204,63,59,4
105000205,55,268,-213
105000207,443,169,274
105000208,148,222,-74
105000209,133,272,-139
105000211,80,25,55
105000212,633,1267,-634
105000213,119,122,-3
105000214,54,195,-141
105000215,96,258,-162
105000216,41,282,-241
105000217,85,253,-168
105000218,467,936,-469
105000221,109,227,-118
105000222,56,31,25
105000223,61,144,-83
105000226,22,314,-292
105000227,13,171,-158
105000228,235,624,-389
105000229,40,198,-158
105000231,146,218,-72
105000233,414,489,-75
105000234,382,1034,-652
105000235,154,354,-200
105000237,466,46,420
105000243,20,59,-39
105000248,22,38,-16
105000262,164,1632,-1468
105000269,54,150,-96
105000270,158,87,71
105000271,0,279,-279
105000282,85,37,48
105000287,220,115,105
105000288,207,307,-100
105000289,820,588,232
105000290,3,4,-1
105000402,3701,1136,2565
105000426,336,434,-98
105000438,737,621,116
105000440,7,32,-25
105000446,10718,3746,6972
105000447,6843,1980,4863
105000454,82,834,-752
105000455,231,171,60
105000474,14,1,13
105000477,109,336,-227
105000478,949,1442,-493
105000479,63,73,-10
105000480,1456,1363,93
105000481,1784,1419,365
105000482,3163,2012,1151
105000483,868,987,-119
105000484,1647,2143,-496
105000485,771,1079,-308
105000486,2373,1852,521
105000488,2457,2030,427
105000489,419,647,-228
105000549,26,103,-77
105000550,362,1088,-726
105000551,36,65,-29
105000552,2811,1570,1241
105000555,714,516,198
105000556,30,31,-1
105000557,49,266,-217
105900001,17,714,-697
105900002,1362,294,1068
105900003,11,78,-67
105900004,158,88,70
105900005,3,149,-146
105900006,3,30,-27
105900007,12,13,-1
105900008,39,756,-717
105900009,8,12,-4
105900011,57,38,19
105900012,151,100,51
105900013,3,19,-16
105900014,6,37,-31
105900015,80,254,-174
105900016,95,421,-326
105900017,389,31,358
105900018,114,224,-110
105900019,23,301,-278
105900020,23,40,-17
105900021,10,157,-147
105900022,94,288,-194
105900023,1,98,-97
105900024,0,77,-77
105900025,35,23,12
105900026,112,26,86
105900027,2756,1666,1090
105900028,68,109,-41
105900029,1308,252,1056
105900030,113,192,-79
105900031,378,122,256
105900032,36,72,-36
105900033,44,94,-50
105900034,65,190,-125
105900035,71,130,-59
105900036,41,106,-65
105900037,38,55,-17
105900038,74,219,-145
105900039,49,135,-86
105900040,48,47,1
105900041,100,286,-186
105900042,26,96,-70
105900043,1328,27,1301
105900044,0,116,-116
105900045,3,347,-344
105900046,1,138,-137
105900047,1,16,-15
105900048,72,361,-289
105900050,1086,260,826
105900051,2,898,-896
105900052,184,30,154
105900053,2710,788,1922
105900054,200,188,12
105900056,603,120,483
105900057,6,136,-130
105900058,11,20,-9
105900059,0,21,-21
106000001,3021,1146,1875
106000002,2068,3527,-1459
106000003,2210,1781,429
106000004,1749,2017,-268
106000005,1563,3482,-1919
106000006,3902,3626,276
106000007,376,403,-27
106000008,344,245,99
106000009,292,234,58
106000010,378,524,-146
106000011,499,671,-172
106000012,568,1369,-801
106000013,1010,1238,-228
106000014,1456,1604,-148
106000015,898,721,177
106000016,877,2142,-1265
106000017,477,531,-54
106000018,407,483,-76
106000019,212,391,-179
106000020,187,473,-286
106000021,182,476,-294
106000022,220,308,-88
106000023,441,355,86
106000024,355,679,-324
106000025,83,198,-115
106000026,113,305,-192
106000027,573,995,-422
106000028,380,731,-351
106000029,681,1313,-632
106000030,648,247,401
106000034,103,460,-357
106000035,653,746,-93
106000036,300,289,11
106000037,1313,1387,-74
106000038,359,75,284
106000039,167,28,139
106000040,151,605,-454
106000041,623,228,395
106000043,434,63,371
106000046,246,26,220
106000047,37,324,-287
106000049,416,107,309
106000050,167,696,-529
106000051,285,283,2
106000052,52,520,-468
106000053,126,88,38
106000054,241,362,-121
106000055,393,684,-291
106000056,201,436,-235
106000057,110,164,-54
106000058,106,179,-73
106000059,91,171,-80
106000060,452,551,-99
106000061,136,285,-149
106000062,106,593,-487
106000063,358,390,-32
106000064,28,424,-396
106000065,190,167,23
106000066,73,357,-284
106000067,127,76,51
106000068,33,518,-485
106000069,66,74,-8
106000070,276,648,-372
106000071,545,248,297
106000072,3864,1154,2710
106000073,1428,1546,-118
106000074,321,610,-289
106000075,190,759,-569
106000076,1015,1216,-201
106000077,2246,1100,1146
106000078,435,813,-378
106000079,352,769,-417
106000080,757,892,-135
106000081,332,806,-474
106000082,1848,801,1047
106000083,182,821,-639
106000084,660,490,170
106000085,1143,854,289
106000086,445,548,-103
106000087,553,495,58
106000088,292,576,-284
106000089,502,454,48
106000090,214,533,-319
106000091,154,607,-453
106000092,397,208,189
106000093,235,44,191
106000094,61,176,-115
106000095,295,868,-573
106000096,512,634,-122
106000097,422,1182,-760
106000098,253,845,-592
106000099,102,780,-678
106000100,443,256,187
106000101,380,230,150
106000102,118,485,-367
106000103,134,560,-426
106000104,393,377,16
106000105,221,843,-622
106000106,376,393,-17
106000107,73,578,-505
106000108,127,404,-277
106000109,105,475,-370
106000110,82,251,-169
106000111,107,666,-559
106000112,96,333,-237
106000113,934,702,232
106000114,333,352,-19
106000115,129,513,-384
106000116,111,204,-93
106000117,657,655,2
106000118,646,795,-149
106000119,1953,809,1144
106000120,463,565,-102
106000121,129,152,-23
106000122,50,341,-291
106000123,133,272,-139
106000124,39,344,-305
106000125,21,319,-298
106000126,100,225,-125
106000127,371,875,-504
106000128,391,344,47
106000129,305,680,-375
106000130,398,359,39
106000131,114,587,-473
106000132,857,122,735
106000133,3253,889,2364
106000134,721,556,165
106000135,306,944,-638
106000136,476,410,66
106000137,82,1895,-1813
106000138,505,67,438
106000139,25,108,-83
106000140,22,114,-92
106000141,32,103,-71
106000142,26,55,-29
106000143,20,114,-94
106000144,30,85,-55
106000145,134,361,-227
106000146,205,228,-23
106000147,425,825,-400
106000148,712,939,-227
106000149,331,716,-385
106000150,307,1382,-1075
106000151,4516,676,3840
106000152,1136,895,241
106000153,116,1119,-1003
106000154,1349,204,1145
106000155,41,135,-94
106000156,314,208,106
106000157,335,1286,-951
106000158,2454,534,1920
106000159,3901,909,2992
106000160,168,1076,-908
106000161,1038,398,640
106000162,102,498,-396
106000163,182,521,-339
106000164,134,242,-108
106000165,145,761,-616
106000166,276,185,91
106000167,165,1395,-1230
106000168,165,225,-60
106000169,92,743,-651
106000170,184,242,-58
106000171,50,701,-651
106000172,1621,606,1015
106000173,473,2094,-1621
106000174,548,198,350
106000175,187,880,-693
106000176,712,479,233
106000177,479,1922,-1443
106000178,1736,1188,548
106000179,735,1586,-851
106000180,540,1615,-1075
106000181,289,1747,-1458
106000182,356,511,-155
106000183,393,935,-542
106000184,346,875,-529
106000185,301,722,-421
106000186,516,106,410
106000187,187,528,-341
106000188,0,0,0
106000189,2,56,-54
106000190,5,1,4
106000191,365,114,251
106000192,0,19,-19
106000193,201,114,87
106000194,107,175,-68
106000195,124,55,69
106000196,38,250,-212
106000197,169,249,-80
106000198,56,249,-193
106000199,636,317,319
106000200,302,90,212
106000201,336,887,-551
106000202,5682,390,5292
106000203,188,174,14
106000204,35,3,32
106000205,25,156,-131
106000206,45,11,34
106000207,48,775,-727
106000208,418,80,338
106000209,638,232,406
106000210,176,1128,-952
106000211,258,1568,-1310
106000212,398,131,267
106000213,622,1225,-603
106000214,1964,361,1603
106000215,170,485,-315
106000216,211,288,-77
106000217,256,444,-188
106000218,413,260,153
106000219,100,272,-172
106000220,291,217,74
106000221,54,286,-232
106000222,29,119,-90
106000223,52,106,-54
106000224,102,318,-216
106000225,46,57,-11
106000226,72,268,-196
106000228,33,100,-67
106000229,63,620,-557
106000231,272,116,156
106000232,45,368,-323
106000233,217,89,128
106000234,47,172,-125
106000235,213,35,178
106000236,124,47,77
106000237,0,7,-7
106000238,11,6,5
106000239,0,65,-65
106000240,9,2,7
106000241,9,535,-526
106000242,161,16,145
106000249,34,68,-34
106000250,41,306,-265
106000251,37,15,22
106000252,31,86,-55
106000253,10,28,-18
106000254,15,77,-62
106000255,10,69,-59
106000256,48,82,-34
106000257,55,221,-166
106000258,96,11,85
106000259,1,21,-20
106000260,8,4,4
106000261,2,44,-42
106000262,14,15,-1
106000263,0,77,-77
106000264,72,7,65
106000265,4,98,-94
106000266,60,7,53
106000267,5,89,-84
106000268,340,17,323
106000269,79,34,45
106000270,96,228,-132
106000271,34,144,-110
106000272,73,36,37
106000273,4,133,-129
106000274,125,16,109
106000275,79,146,-67
106000276,96,37,59
106000277,111,121,-10
106000278,126,24,102
106000279,3,48,-45
106000280,15,146,-131
106000281,66,60,6
106000282,70,59,11
106000283,52,83,-31
106000284,28,77,-49
106000285,78,106,-28
106000286,42,143,-101
106000287,60,92,-32
106000288,45,128,-83
106000289,51,73,-22
106000290,36,90,-54
106000291,46,96,-50
106000292,46,117,-71
106000293,70,87,-17
106000294,91,135,-44
106000295,23,34,-11
106000296,43,90,-47
106000297,49,167,-118
106000298,120,40,80
106000299,58,104,-46
106000300,28,100,-72
106000301,62,85,-23
106000303,7,52,-45
106000304,53,21,32
106000305,14,32,-18
106000306,39,67,-28
106000307,18,9,9
106000308,24,161,-137
106000309,13,57,-44
106000310,133,520,-387
106000311,165,110,55
106000312,42,180,-138
106000313,61,198,-137
106000318,142,161,-19
106000319,356,51,305
106000320,2,32,-30
106000321,236,56,180
106000322,74,213,-139
106000324,11,163,-152
106000325,814,630,184
106000326,753,1647,-894
106000327,54,118,-64
106000328,4,75,-71
106000329,155,235,-80
106000330,21,38,-17
106000428,36,170,-134
106000429,57,555,-498
106000430,243,1348,-1105
106000431,730,252,478
106000432,1423,2392,-969
106000433,1089,704,385
106000434,1868,634,1234
106000435,1602,2293,-691
106000436,13,263,-250
106000437,139,20,119
106000438,74,74,0
106000439,22,397,-375
106000440,113,441,-328
106000441,5,1,4
106000442,123,4,119
106000443,66,539,-473
106000450,10,164,-154
106000451,20,11,9
106000454,4,90,-86
106000455,7,225,-218
106000456,88,15,73
106000457,4,1062,-1058
106000458,236,178,58
106000459,42,392,-350
106000460,365,28,337
106000461,23,1855,-1832
106000462,0,13,-13
106000463,1,33,-32
106000464,2,583,-581
106000465,167,0,167
106000466,4,673,-669
106000467,382,392,-10
106000468,42,180,-138
106000469,239,2,237
106000470,166,1031,-865
106000471,30,622,-592
106000472,93,10,83
106000473,12,16,-4
106000474,272,911,-639
106000475,239,205,34
106000476,162,120,42
106000477,44,173,-129
106000480,0,64,-64
106900001,1,16,-15
106900002,3,542,-539
106900003,221,698,-477
106900004,0,61,-61
106900006,0,20,-20
106900007,0,10,-10
106900008,71,276,-205
106900009,95,453,-358
106900010,124,305,-181
106900012,1741,826,915
106900013,185,35,150
106900014,32,0,32
106900015,10,0,10
106900016,87,1,86
106900017,1,0,1
106900018,0,0,0
106900019,12,1,11
106900020,2697,541,2156
106900021,15,74,-59
106900022,184,0,184
106900023,12,233,-221
106900024,164,15,149
106900025,45,646,-601
106900026,8,918,-910
106900027,288,2,286
107000001,2784,1297,1487
107000002,5026,2861,2165
107000003,2563,3417,-854
107000004,3694,4731,-1037
107000005,1363,2832,-1469
107000006,2527,5277,-2750
107000007,3175,4370,-1195
107000008,12832,8673,4159
107000009,3132,3369,-237
107000010,8106,9505,-1399
107000011,1345,925,420
107000012,3246,3007,239
107000013,37,146,-109
107000014,18,304,-286
107000015,303,801,-498
107000016,250,1214,-964
107000017,1537,612,925
107000018,2,152,-150
107000020,867,280,587
107000021,577,614,-37
107000022,522,964,-442
107000023,926,284,642
107000024,252,1731,-1479
107000025,122,266,-144
107000026,111,578,-467
107000027,687,646,41
107000028,742,1561,-819
107000029,1162,1296,-134
107000030,2688,2893,-205
107000031,1680,1254,426
107000032,229,791,-562
107000033,2831,2925,-94
107000034,3819,1613,2206
107000035,286,179,107
107000036,281,767,-486
107000037,44,557,-513
107000038,135,217,-82
107000039,298,319,-21
107000040,85,274,-189
107000041,1026,486,540
107000042,586,1270,-684
107000043,2411,733,1678
107000044,455,309,146
107000045,86,272,-186
107000046,290,255,35
107000047,291,751,-460
107000048,359,243,116
107000049,363,645,-282
107000050,471,372,99
107000051,416,292,124
107000052,636,580,56
107000053,213,151,62
107000054,42,246,-204
107000055,264,154,110
107000056,459,704,-245
107000057,1886,192,1694
107000058,1578,1643,-65
107000059,1051,1620,-569
107000060,2195,3520,-1325
107000061,3995,3415,580
107000062,1701,2006,-305
107000063,3083,5355,-2272
107000064,1736,1409,327
107000065,3381,6099,-2718
107000066,837,1325,-488
107000067,479,628,-149
107000068,970,429,541
107000069,336,280,56
107000070,279,3,276
107000071,1091,23,1068
107000072,51,3342,-3291
107000073,248,119,129
107000074,108,844,-736
107000075,671,202,469
107000076,635,1511,-876
107000077,1459,484,975
107000078,1517,2948,-1431
107000079,1084,413,671
107000080,1003,2844,-1841
107000081,666,347,319
107000082,446,2432,-1986
107000083,456,220,236
107000084,356,2177,-1821
107000085,2006,2437,-431
107000086,2822,2264,558
107000087,1894,1427,467
107000088,1984,2637,-653
107000089,918,1385,-467
107000090,620,828,-208
107000091,701,680,21
107000092,512,966,-454
107000093,832,684,148
107000094,601,1161,-560
107000095,285,449,-164
107000096,464,998,-534
107000097,339,290,49
107000098,315,841,-526
107000099,305,190,115
107000100,193,283,-90
107000101,41,150,-109
107000102,307,303,4
107000103,209,152,57
107000104,226,324,-98
107000105,242,99,143
107000106,112,287,-175
107000107,286,154,132
107000108,116,833,-717
107000109,286,128,158
107000110,58,560,-502
107000111,124,36,88
107000112,38,409,-371
107000113,249,105,144
107000114,60,909,-849
107000115,223,82,141
107000116,82,1015,-933
107000117,58,180,-122
107000118,131,270,-139
107000119,1442,761,681
107000120,2518,266,2252
107000121,374,631,-257
107000122,729,650,79
107000123,189,819,-630
107000124,336,692,-356
107000125,341,736,-395
107000126,570,1030,-460
107000129,92,1090,-998
107000130,155,131,24
107000131,203,744,-541
107000132,260,241,19
107000133,496,109,387
107000134,156,1,155
107000135,2,159,-157
107000136,601,5,596
107000137,4,285,-281
107000138,295,11,284
107000139,8,243,-235
107000140,549,24,525
107000141,92,662,-570
107000142,214,41,173
107000143,34,699,-665
107000144,147,273,-126
107000145,104,427,-323
107000146,77,175,-98
107000147,3493,911,2582
107000150,607,1175,-568
107000151,34,48,-14
107000152,410,364,46
107000153,363,651,-288
107000154,161,124,37
107000155,363,8,355
107000156,475,13,462
107000157,18,2126,-2108
107000158,296,9,287
107000159,45,1456,-1411
107000160,384,68,316
107000161,49,1882,-1833
107000162,106,224,-118
107000163,12,0,12
107000164,151,0,151
107000165,283,2,281
107000166,42,1377,-1335
107000167,260,223,37
107000168,405,232,173
107000169,854,870,-16
107000170,558,403,155
107000171,352,2505,-2153
107000172,384,521,-137
107000173,531,1040,-509
107000174,509,1550,-1041
107000175,8062,1267,6795
107000176,0,0,0
107000177,1,0,1
107000178,4,48,-44
107000179,148,3162,-3014
107000180,537,268,269
107000181,250,1404,-1154
107000182,864,829,35
107000183,74,888,-814
107000184,444,654,-210
107000185,186,1165,-979
107000186,409,230,179
107000187,592,954,-362
107000188,277,306,-29
107000189,227,657,-430
107000190,305,556,-251
107000191,429,1045,-616
107000192,685,849,-164
107000193,274,284,-10
107000194,614,621,-7
107000197,453,155,298
107000198,221,766,-545
107000199,354,553,-199
107000200,848,410,438
107000201,254,202,52
107000202,150,301,-151
107000203,414,276,138
107000204,569,363,206
107000205,1817,702,1115
107000206,504,624,-120
107000207,605,713,-108
107000208,899,258,641
107000209,1614,463,1151
107000210,961,234,727
107000211,4,11,-7
107000212,13,194,-181
107000213,11,9,2
107000214,16,90,-74
107000215,168,315,-147
107000216,150,419,-269
107000217,58,107,-49
107000219,32,56,-24
107000220,48,232,-184
107000222,162,566,-404
107000224,190,45,145
107000225,104,605,-501
107000226,150,59,91
107000227,66,382,-316
107000228,52,125,-73
107000229,250,89,161
107000230,748,522,226
107000231,2366,454,1912
107000232,71,77,-6
107000233,2021,601,1420
107000234,0,12,-12
107000235,38,1,37
107000236,14,221,-207
107000237,4,0,4
107000238,16,0,16
107000239,4398,317,4081
107000240,49,1162,-1113
107000243,1,58,-57
107000244,9,39,-30
107000246,2,1077,-1075
107000249,5,995,-990
107000251,2,285,-283
107000252,4,1195,-1191
107000255,660,35,625
107000257,2,558,-556
107000258,0,122,-122
107000259,0,222,-222
107000260,197,4,193
107000262,2,789,-787
107000263,135,2,133
107000266,1,3,-2
107000267,49,156,-107
107000268,92,189,-97
107000269,104,10,94
107000270,0,18,-18
107000271,6,1032,-1026
107000272,5,252,-247
107000273,5,226,-221
107000274,444,4,440
107000275,311,751,-440
107000280,258,16,242
107000281,11,1122,-1111
107000282,16,1282,-1266
107000290,1,31,-30
107000291,9,9,0
107000292,2,43,-41
107000293,38,2,36
107000294,0,47,-47
107000295,19,2,17
107000296,0,15,-15
107000444,228,3,225
107000496,0,20,-20
107000497,1019,2857,-1838
107000500,178,304,-126
107000501,54,186,-132
107000502,160,329,-169
107000505,569,711,-142
107000506,0,52,-52
107000508,3,679,-676
107000509,155,456,-301
107000510,7,12,-5
107000514,3,204,-201
107000515,8,293,-285
107000516,110,106,4
107000518,533,433,100
107000519,3584,1006,2578
107000520,36,7,29
107000521,261,462,-201
107000522,402,690,-288
107900001,30,279,-249
107900002,31,2,29
107900003,37,37,0
107900004,13,0,13
107900005,309,5,304
107900006,15,0,15
107900007,74,10,64
107900008,26,30,-4
107900009,71,1,70
107900010,5,0,5
107900012,117,24,93
107900013,112,52,60
107900014,6,3,3
107900015,219,7,212
107900016,353,75,278
107900017,5,0,5
107900018,17,26,-9
107900019,8,61,-53
107900020,54,7,47
107900021,22,138,-116
107900023,0,1,-1
107900024,0,32,-32
107900025,119,195,-76
107900026,25,94,-69
107900027,38,50,-12
107900028,17,80,-63
107900030,91,1,90
107900031,34,212,-178
107900032,2,2,0
107900033,4,2,2
107900034,152,6,146
107900035,270,10,260
107900036,13,15,-2
107900037,0,62,-62
107900038,134,83,51
107900039,3,61,-58
107900040,12,54,-42
107900041,0,0,0
107900043,27,161,-134
107900044,2,3,-1
107900045,35,17,18
107900046,38,46,-8
107900047,6,69,-63
107900048,29,12,17
107900049,210,278,-68
107900050,77,271,-194
107900051,36,68,-32
107900052,4,5,-1
107900053,12,62,-50
107900055,214,128,86
107900056,36,5,31
107900057,0,0,0
107900058,23,561,-538
107900060,6,32,-26
107900061,7,4,3
107900063,69,100,-31
107900064,148,47,101
107900065,51,4,47
107900066,2,2,0
107900067,0,0,0
107900068,88,139,-51
107900069,19,530,-511
107900070,20,9,11
107900071,18,735,-717
107900072,23,163,-140
107900073,26,102,-76
107900074,905,93,812
107900076,77,62,15
107900077,18,0,18
107900079,4,8,-4
107900080,72,132,-60
107900081,17,61,-44
107900082,17,11,6
107900083,120,66,54
107900084,43,74,-31
107900086,68,75,-7
107900087,210,29,181
107900088,3,3,0
107900089,154,602,-448
107900090,320,562,-242
107900091,85,445,-360
107900093,38,74,-36
107900095,2238,805,1433
107900097,24,31,-7
107900098,24,109,-85
107900100,828,452,376
107900101,823,91,732
107900102,4,1,3
107900103,38,130,-92
107900104,96,6,90
107900105,1,441,-440
107900106,5,1383,-1378
107900107,791,135,656
107900108,194,65,129
107900109,281,13,268
107900110,6,119,-113
107900111,6,1056,-1050
107900112,84,183,-99
107900113,47,112,-65
107900114,69,224,-155
107900115,4,38,-34
107900116,31,175,-144
107900117,193,348,-155
107900118,61,102,-41
107900119,18,51,-33
107900120,12,6,6
107900121,9,97,-88
107900122,2,28,-26
107900123,0,23,-23
107900124,7,33,-26
107900125,13,110,-97
107900126,3,23,-20
107900127,267,68,199
107900128,59,47,12
107900129,23,39,-16
107900130,12,16,-4
107900131,559,26,533
107900132,82,337,-255
107900133,0,55,-55
107900134,12,7,5
107900135,0,167,-167
107900136,31,30,1
107900137,55,57,-2
107900138,25,32,-7
107900139,7,30,-23
107900141,20,35,-15
107900142,37,904,-867
107900143,13,21,-8
107900144,0,141,-141
107900145,7,53,-46
107900146,20,83,-63
107900147,36,10,26
107900148,93,118,-25
107900149,1248,232,1016
107900150,84,640,-556
107900151,7,108,-101
107900152,3,166,-163
107900153,136,120,16
107900154,29,5,24
107900155,22,22,0
107900156,2,458,-456
107900157,12,60,-48
107900158,155,7,148
107900159,28,844,-816
107900160,22,172,-150
107900161,11,262,-251
107900162,1,32,-31
107900163,24,13,11
107900164,0,13,-13
107900165,1,47,-46
107900166,6,267,-261
107900167,1,3,-2
107900168,12,31,-19
107900169,4,138,-134
107900171,9,1527,-1518
107900172,0,280,-280
107900173,10,169,-159
107900174,26,4,22
107900175,5,13,-8
107900176,6,35,-29
107900177,0,13,-13
107900178,0,207,-207
107900179,9,111,-102
107900180,756,195,561
107900181,207,383,-176
107900182,1,1378,-1377
107900183,7,350,-343
107900184,14,236,-222
107900185,55,11,44
107900186,5,24,-19
107900187,1,108,-107
107900188,627,60,567
107900189,4,93,-89
107900190,79,26,53
107900191,20,107,-87
107900193,16,14,2
107900194,82,2,80
107900195,3448,407,3041
107900196,40,73,-33
107900197,661,95,566
107900199,4,1138,-1134
107900201,31,106,-75
107900203,35,60,-25
107900204,150,137,13
107900206,155,112,43
107900207,2,659,-657
107900208,6,668,-662
107900209,247,49,198
107900210,54,80,-26
107900213,206,237,-31
107900214,3,153,-150
107900215,146,241,-95
107900216,56,67,-11
107900217,13,38,-25
107900218,21,1488,-1467
107900219,15,110,-95
107900220,103,64,39
107900221,124,253,-129
107900223,56,644,-588
107900224,147,226,-79
107900225,7,653,-646
107900226,36,73,-37
107900227,68,374,-306
107900228,4,80,-76
107900229,6,294,-288
107900230,18,129,-111
107900231,3,186,-183
107900232,26,217,-191
107900233,2,117,-115
107900234,31,157,-126
107900235,19,65,-46
107900236,35,113,-78
107900237,98,368,-270
107900238,9,100,-91
107900239,1249,291,958
107900240,2,138,-136
107900241,8,61,-53
107900242,7,346,-339
107900243,2,35,-33
107900244,178,9,169
107900245,101,23,78
107900246,30,3,27
107900248,170,335,-165
107900249,226,3,223
107900250,1,441,-440
107900251,47,1044,-997
107900252,258,9,249
107900253,72,1,71
107900254,48,82,-34
107900255,228,22,206
107900256,301,309,-8
107900257,51,18,33
107900258,44,182,-138
107900259,50,420,-370
107900261,1,376,-375
107900262,43,90,-47
107900264,89,2,87
107900265,36,190,-154
107900267,55,12,43
107900268,51,6,45
107900269,1,7,-6
107900270,0,0,0
107900271,0,3,-3
107900272,115,4,111
107900273,47,72,-25
107900274,16,0,16
107900275,1,1,0
107900276,0,56,-56
107900277,0,210,-210
107900278,79,313,-234
107900279,141,59,82
107900280,1398,860,538
107900281,2626,709,1917
107900282,47,105,-58
107900283,996,251,745
107900284,144,736,-592
107900285,33,146,-113
107900286,128,64,64
107900287,72,84,-12
107900290,0,27,-27
107900291,223,0,223
107900292,65,258,-193
107900293,44,468,-424
107900295,21,103,-82
107900297,0,186,-186
107900298,535,809,-274
107900299,3368,1064,2304
107900301,227,228,-1
107900302,34,15,19
107900303,38,345,-307
107900304,90,482,-392
107900305,134,7,127
107900306,14,7,7
107900307,22,231,-209
107900308,163,26,137
107900309,6,0,6
107900310,0,0,0
107900311,151,115,36
107900312,0,0,0
107900313,1,61,-60
107900314,0,52,-52
107900315,0,31,-31
107900316,22,0,22
107900317,21,2,19
107900318,15,98,-83
107900319,4,158,-154
107900320,1,124,-123
107900321,28,2,26
107900322,1,154,-153
107900323,7,99,-92
107900324,52,0,52
107900325,20,0,20
107900326,89,361,-272
107900327,0,0,0
107900328,0,0,0
107900329,0,0,0
107900330,6,356,-350
107900331,79,12,67
107900332,94,43,51
107900333,20,8,12
107900334,3,292,-289
107900335,17,52,-35
107900336,14,18,-4
107900337,1193,384,809
107900338,0,101,-101
107900339,1,13,-12
107900340,2,44,-42
107900341,20,0,20
107900342,48,107,-59
107900343,8,4,4
107900344,1,112,-111
107900345,45,27,18
107900346,19,0,19
107900347,15,1,14
107900348,1,1,0
107900349,10,1,9
107900350,28,223,-195
107900351,0,157,-157
107900352,1,48,-47
107900353,2,1,1
107900354,5,40,-35
108000001,1790,2263,-473
108000002,1509,2197,-688
108000003,1909,1334,575
108000004,12623,12397,226
108000005,3877,2314,1563
108000006,5438,6020,-582
108000007,2784,2432,352
108000008,3777,5267,-1490
108000009,1642,2207,-565
108000010,1852,4465,-2613
108000011,7617,5588,2029
108000012,17172,13972,3200
108000014,608,424,184
108000015,332,207,125
108000016,151,602,-451
108000017,406,261,145
108000018,639,320,319
108000019,955,404,551
108000020,801,276,525
108000021,341,1418,-1077
108000022,374,1245,-871
108000023,689,121,568
108000024,145,674,-529
108000025,137,176,-39
108000026,278,571,-293
108000027,282,663,-381
108000028,171,207,-36
108000029,160,966,-806
108000030,200,158,42
108000031,130,517,-387
108000032,678,294,384
108000033,443,1101,-658
108000034,727,267,460
108000035,617,2214,-1597
108000036,238,1208,-970
108000037,709,207,502
108000038,1171,233,938
108000039,356,2371,-2015
108000040,850,414,436
108000041,514,2295,-1781
108000042,82,198,-116
108000043,81,304,-223
108000044,196,145,51
108000045,134,750,-616
108000046,631,195,436
108000047,257,1035,-778
108000048,87,415,-328
108000049,281,143,138
108000050,125,632,-507
108000051,142,52,90
108000052,250,731,-481
108000053,179,76,103
108000054,399,771,-372
108000055,521,245,276
108000056,983,946,37
108000057,359,463,-104
108000058,1519,1669,-150
108000059,3086,1593,1493
108000060,127,297,-170
108000061,261,556,-295
108000062,320,248,72
108000063,248,555,-307
108000064,77,186,-109
108000065,325,520,-195
108000066,1099,520,579
108000067,849,289,560
108000068,447,232,215
108000069,151,1150,-999
108000070,759,479,280
108000071,434,1845,-1411
108000072,818,631,187
108000073,1227,1823,-596
108000074,200,268,-68
108000075,305,763,-458
108000076,375,297,78
108000077,568,800,-232
108000078,1083,883,200
108000079,787,1747,-960
108000080,466,332,134
108000081,310,2300,-1990
108000082,748,1429,-681
108000083,930,528,402
108000084,308,1087,-779
108000085,246,207,39
108000086,650,673,-23
108000087,111,806,-695
108000088,376,99,277
108000089,154,155,-1
108000091,68,610,-542
108000092,52,90,-38
108000093,76,926,-850
108000094,282,84,198
108000095,77,511,-434
108000096,147,97,50
108000097,71,611,-540
108000098,487,1072,-585
108000099,484,258,226
108000100,42,298,-256
108000101,361,643,-282
108000102,977,1513,-536
108000106,699,4,695
108000107,1,505,-504
108000108,354,18,336
108000109,2,791,-789
108000110,100,171,-71
108000111,78,675,-597
108000112,33,70,-37
108000113,472,240,232
108000115,407,272,135
108000117,522,178,344
108000118,306,531,-225
108000119,625,356,269
108000120,71,395,-324
108000121,159,505,-346
108000122,187,239,-52
108000123,268,238,30
108000124,123,485,-362
108000125,131,358,-227
108000126,59,597,-538
108000127,161,350,-189
108000128,267,724,-457
108000129,138,1492,-1354
108000130,139,289,-150
108000131,437,192,245
108000132,1472,1148,324
108000133,469,354,115
108000134,497,712,-215
108000135,439,293,146
108000136,711,1049,-338
108000137,127,374,-247
108000138,181,964,-783
108000139,106,339,-233
108000140,35,11,24
108000141,17,148,-131
108000142,17,137,-120
108000143,21,658,-637
108000144,83,49,34
108000145,13,39,-26
108000146,248,41,207
108000147,8,62,-54
108000148,119,25,94
108000149,15,36,-21
108000150,4,2,2
108000151,205,55,150
108000152,70,645,-575
108000153,107,79,28
108000154,19,16,3
108000155,20,12,8
108000156,699,383,316
108000157,94,355,-261
108000158,51,321,-270
108000159,556,107,449
108000160,4576,602,3974
108000161,3312,857,2455
108000165,1,72,-71
108000172,0,127,-127
108000173,2350,728,1622
108000175,165,84,81
108000178,264,338,-74
108000179,125,361,-236
108000181,46,22,24
108000182,237,67,170
108000183,50,488,-438
108000184,960,1073,-113
108000185,63,571,-508
108000186,106,564,-458
108000187,31,790,-759
108000188,129,247,-118
108000189,2001,2109,-108
108000190,30,84,-54
108000192,59,684,-625
108000193,627,21,606
108000194,34,14,20
108000195,0,982,-982
108000196,67,97,-30
108000198,359,434,-75
108000199,0,74,-74
108000200,89,644,-555
108000203,49,954,-905
108000204,46,18,28
108000205,299,512,-213
108000339,1212,228,984
108000364,384,461,-77
108000365,41,374,-333
108000367,134,280,-146
108000368,2,37,-35
108000369,1233,96,1137
108000371,5,539,-534
108000372,250,3,247
108000373,63,149,-86
108000376,55,16,39
108000377,226,368,-142
108000378,6446,5644,802
108000379,15,134,-119
108000381,41,10,31
108000382,113,0,113
108000383,0,119,-119
108900001,93,1143,-1050
108900002,132,25,107
108900003,322,878,-556
108900004,1103,234,869
108900007,66,136,-70
108900008,36,104,-68
108900009,20,80,-60
108900010,62,111,-49
108900011,125,282,-157
108900012,84,362,-278
108900013,83,226,-143
108900014,4,39,-35
108900015,0,15,-15
108900016,0,166,-166
108900017,92,127,-35
108900018,50,511,-461
108900019,8,1149,-1141
108900020,26,263,-237
108900021,58,186,-128
108900022,21,3,18
108900023,4,21,-17
108900024,10,145,-135
108900025,48,157,-109
108900026,13,77,-64
108900027,0,82,-82
108900028,28,438,-410
108900029,36,194,-158
108900030,0,92,-92
108900031,27,603,-576
108900032,11,199,-188
108900033,0,71,-71
108900034,3,264,-261
108900035,96,1789,-1693
108900038,3,389,-386
108900039,1,599,-598
108900040,3,95,-92
108900041,4537,1263,3274
108900042,0,207,-207
108900043,13,399,-386
108900044,1,609,-608
108900045,19,600,-581
108900046,28,891,-863
108900047,0,74,-74
108900048,69,1093,-1024
108900049,4838,364,4474
108900050,0,294,-294
108900051,0,187,-187
108900052,22,273,-251
108900053,59,70,-11
108900054,41,166,-125
108900055,42,418,-376
108900056,0,111,-111
108900057,2,168,-166
108900058,26,439,-413
108900059,105,5,100
108900060,24,77,-53
108900061,46,11,35
108900062,0,321,-321
108900063,9,385,-376
108900064,28,43,-15
108900065,8,301,-293
108900066,113,85,28
108900067,16,208,-192
108900068,1,269,-268
108900069,24,107,-83
108900070,17,123,-106
108900071,38,30,8
108900072,1874,171,1703
108900073,11,517,-506
108900074,34,455,-421
108900075,41,60,-19
108900076,86,41,45
108900077,166,531,-365
108900078,11,161,-150
108900079,689,158,531
108900080,5,226,-221
108900081,47,251,-204
108900082,19,140,-121
108900083,5,106,-101
108900085,1950,130,1820
108900086,15,358,-343
108900087,69,177,-108
108900088,378,142,236
108900089,6,50,-44
108900090,9,445,-436
108900091,100,120,-20
108900092,186,203,-17
108900093,57,34,23
108900094,131,56,75
108900095,20,634,-614
108900096,466,24,442
108900097,130,169,-39
108900098,2646,221,2425
108900099,191,286,-95
108900100,73,109,-36
108900101,74,58,16
108900102,73,367,-294
108900103,29,46,-17
108900105,2,381,-379
108900106,104,533,-429
108900108,103,23,80
108900109,126,27,99
108900110,80,526,-446
108900111,136,652,-516
108900113,26,15,11
108900114,19,13,6
108900115,16,59,-43
108900116,37,4,33
108900117,26,18,8
108900118,208,4,204
108900119,69,35,34
108900120,133,70,63
108900121,151,32,119
108900122,69,32,37
108900123,32,37,-5
108900124,132,66,66
108900125,142,0,142
108900126,44,4,40
108900127,51,16,35
108900128,43,19,24
108900129,284,48,236
108900130,103,1,102
108900131,143,1,142
108900132,150,31,119
108900133,70,29,41
108900134,65,263,-198
108900135,46,3,43
108900136,6,0,6
108900137,39,3,36
108900138,204,10,194
108900140,79,236,-157
108900141,101,9,92
108900142,47,3,44
108900143,16,0,16
108900144,10,0,10
108900145,84,4,80
108900146,49,0,49
108900147,57,0,57
108900148,51,25,26
108900150,102,6,96
108900151,48,1,47
108900152,43,33,10
108900153,46,494,-448
108900154,2152,366,1786
108900156,45,58,-13
108900157,1,610,-609
108900158,83,25,58
108900159,6,330,-324
108900160,4,227,-223
108900161,0,488,-488
108900162,33,0,33
108900163,9,117,-108
108900164,38,60,-22
108900168,8850,1249,7601
108900169,25,94,-69
108900171,6382,1190,5192
108900172,73,18,55
108900173,146,278,-132
108900174,214,402,-188
108900176,100,559,-459
108900177,7249,1433,5816
108900178,4340,1280,3060
108900180,36,117,-81
108900183,142,140,2
108900184,124,96,28
108900185,28,258,-230
108900186,16,232,-216
108900189,80,105,-25
108900190,30,2981,-2951
108900192,32,200,-168
108900195,19,354,-335
108900196,8,613,-605
108900199,88,234,-146
108900200,263,265,-2
108900201,194,962,-768
108900203,204,17,187
108900204,136,6,130
108900205,132,9,123
108900206,110,16,94
108900207,110,20,90
108900208,26,320,-294
108900209,184,558,-374
108900210,100,122,-22
108900211,60,173,-113
108900212,623,429,194
108900215,102,569,-467
108900216,268,85,183
108900217,34,0,34
108900218,57,7,50
108900221,25,62,-37
108900224,22,76,-54
108900225,0,132,-132
108900227,54,105,-51
108900230,290,273,17
108900232,3,406,-403
108900233,105,26,79
108900234,127,46,81
108900235,103,497,-394
108900236,18,313,-295
108900240,36,43,-7
108900241,14,16,-2
108900245,0,357,-357
108900250,122,97,25
108900258,19,259,-240
108900259,11,65,-54
108900260,3,117,-114
108900261,186,145,41
108900262,245,89,156
108900263,72,248,-176
108900264,353,161,192
108900265,1083,178,905
108900266,1147,183,964
108900267,2,45,-43
108900268,14,5,9
108900269,19,8,11
108900270,19,3,16
108900271,7,6,1
108900272,59,1,58
108900273,913,257,656
108900274,24,43,-19
109000001,2711,797,1914
109000002,2626,1144,1482
109000003,1387,411,976
109000004,296,1975,-1679
109000005,1225,640,585
109000006,489,1872,-1383
109000007,719,541,178
109000008,312,1688,-1376
109000009,1822,867,955
109000010,987,3375,-2388
109000011,1451,1144,307
109000012,879,2734,-1855
109000013,1731,1406,325
109000014,1074,3382,-2308
109000015,2472,3007,-535
109000016,6851,3610,3241
109000017,1154,861,293
109000018,2260,4182,-1922
109000019,1574,835,739
109000020,988,1944,-956
109000023,138,22,116
109000024,5,118,-113
109000025,293,232,61
109000026,583,174,409
109000027,48,213,-165
109000028,84,62,22
109000029,95,103,-8
109000030,79,263,-184
109000031,65,59,6
109000032,93,897,-804
109000033,155,71,84
109000034,21,59,-38
109000035,17,23,-6
109000036,48,347,-299
109000037,107,564,-457
109000038,395,216,179
109000039,458,283,175
109000040,3645,2403,1242
109000041,4508,931,3577
109000042,731,860,-129
109000044,195,145,50
109000045,113,464,-351
109000046,128,49,79
109000047,40,347,-307
109000048,709,270,439
109000049,154,367,-213
109000050,301,402,-101
109000051,226,195,31
109000052,251,1706,-1455
109000053,425,202,223
109000054,46,561,-515
109000055,93,117,-24
109000056,116,400,-284
109000057,157,207,-50
109000058,1123,320,803
109000059,458,637,-179
109000060,430,172,258
109000061,1336,312,1024
109000062,63,135,-72
109000063,142,149,-7
109000064,75,111,-36
109000065,49,246,-197
109000066,176,78,98
109000067,20,350,-330
109000068,496,4,492
109000069,574,19,555
109000070,14,747,-733
109000071,201,53,148
109000072,76,432,-356
109000073,36,79,-43
109000074,31,164,-133
109000075,51,332,-281
109000076,93,111,-18
109000077,327,291,36
109000078,37,100,-63
109000079,112,260,-148
109000080,77,74,3
109000081,68,591,-523
109000082,230,255,-25
109000083,121,825,-704
109000088,87,398,-311
109000089,168,16,152
109000090,111,434,-323
109000091,108,60,48
109000092,326,588,-262
109000093,82,114,-32
109000094,147,0,147
109000095,46,584,-538
109000096,274,136,138
109000097,45,108,-63
109000098,34,48,-14
109000099,409,254,155
109000100,103,449,-346
109000101,481,772,-291
109000102,197,718,-521
109000103,314,533,-219
109000104,602,469,133
109000105,289,1220,-931
109000106,849,399,450
109000107,323,1705,-1382
109000108,847,347,500
109000109,279,1574,-1295
109000110,622,301,321
109000111,836,2647,-1811
109000112,202,82,120
109000113,105,110,-5
109000114,71,251,-180
109000115,669,74,595
109000116,11,373,-362
109000117,61,114,-53
109000118,6,253,-247
109000119,323,361,-38
109000120,70,1050,-980
109000121,190,104,86
109000122,50,1044,-994
109000123,18,261,-243
109000124,227,293,-66
109000125,275,282,-7
109000126,203,744,-541
109000127,444,205,239
109000128,270,2083,-1813
109000129,803,282,521
109000130,652,3271,-2619
109000131,659,368,291
109000132,702,2528,-1826
109000133,223,938,-715
109000134,460,1318,-858
109000135,711,1108,-397
109000136,173,333,-160
109000137,120,255,-135
109000138,202,444,-242
109000139,187,372,-185
109000140,64,752,-688
109000141,238,428,-190
109000142,106,487,-381
109000143,48,42,6
109000145,52,136,-84
109000146,69,64,5
109000148,3082,497,2585
109000149,12,31,-19
109000150,118,130,-12
109000155,231,449,-218
109000156,876,726,150
109000158,12,189,-177
109000159,42,509,-467
109000160,353,235,118
109000161,164,1168,-1004
109000162,915,827,88
109000163,491,1512,-1021
109000164,618,2356,-1738
109000165,700,533,167
109000166,272,126,146
109000167,82,767,-685
109000170,48,62,-14
109000171,41,39,2
109000172,35,68,-33
109000173,15,58,-43
109000174,34,63,-29
109000175,69,343,-274
109000176,118,250,-132
109000177,12,90,-78
109000178,214,398,-184
109000179,5788,1713,4075
109000180,3574,1789,1785
109000181,10,42,-32
109000182,26,42,-16
109000183,14,32,-18
109000184,24,16,8
109000185,6,72,-66
109000188,237,2312,-2075
109000189,1034,754,280
109000190,238,515,-277
109000191,134,574,-440
109000192,124,161,-37
109000193,95,385,-290
109000194,52,127,-75
109000195,48,404,-356
109000196,77,51,26
109000197,73,471,-398
109000198,110,28,82
109000199,47,399,-352
109000206,120,20,100
109000207,60,20,40
109000208,57,32,25
109000209,121,123,-2
109000210,144,446,-302
109000211,162,291,-129
109000214,182,1308,-1126
109000215,55,73,-18
109000216,171,94,77
109000217,62,64,-2
109000218,169,72,97
109000221,234,1062,-828
109000222,626,100,526
109000223,119,183,-64
109000224,22,330,-308
109000225,34,48,-14
109000226,33,249,-216
109000227,447,1203,-756
109000228,0,237,-237
109000231,2,458,-456
109000232,117,370,-253
109000236,170,683,-513
109000241,1172,1747,-575
109000242,836,1111,-275
109000293,20,161,-141
109000361,67,238,-171
109000364,101,506,-405
109000396,1,832,-831
109000397,198,5,193
109000399,119,437,-318
109000400,40,293,-253
109000403,39,316,-277
109000406,266,14,252
109000407,99,226,-127
109000408,1,793,-792
109000410,430,153,277
109000411,60,32,28
109900001,35,0,35
109900002,330,7,323
109900003,57,0,57
109900004,57,26,31
109900005,6,2,4
109900006,120,216,-96
109900007,196,845,-649
109900008,0,23,-23
109900009,52,764,-712
109900010,174,3,171
109900011,32,32,0
109900012,122,101,21
109900013,172,74,98
109900014,140,17,123
109900015,276,95,181
109900016,38,20,18
109900017,72,47,25
109900018,62,71,-9
109900019,42,50,-8
109900020,6,12,-6
109900021,9,7,2
109900022,73,338,-265
109900023,8,0,8
109900024,2,0,2
109900025,5,51,-46
109900026,1,29,-28
109900027,11,5,6
109900028,2173,386,1787
109900029,4,561,-557
109900030,14,1,13
109900031,0,61,-61
109900032,3,242,-239
109900033,0,448,-448
109900034,4,0,4
109900035,6,16,-10
109900036,7,83,-76
109900037,12,524,-512
109900038,57,174,-117
109900039,2,0,2
109900040,15,636,-621
109900041,29,479,-450
109900042,3,395,-392
109900044,47,238,-191
109900045,31,24,7
109900046,32,58,-26
109900047,225,296,-71
109900048,0,69,-69
109900049,1,26,-25
109900050,0,309,-309
109900051,0,60,-60
109900052,39,198,-159
109900053,4,554,-550
109900054,194,98,96
109900055,18,180,-162
109900056,10,90,-80
109900057,3,259,-256
109900058,0,113,-113
109900059,23,10,13
109900060,201,176,25
109900061,35,231,-196
109900062,0,259,-259
109900063,0,12,-12
109900064,158,237,-79
109900065,86,89,-3
109900066,201,980,-779
109900067,1,490,-489
109900068,12,3,9
109900069,1,35,-34
109900070,4,27,-23
109900071,0,48,-48
109900072,8,98,-90
109900073,88,742,-654
109900074,10,44,-34
109900075,14,16,-2
109900076,18,521,-503
109900077,29,36,-7
109900078,56,275,-219
109900080,62,288,-226
109900081,9,66,-57
109900082,25,414,-389
109900083,2,53,-51
109900084,34,125,-91
109900085,120,1055,-935
109900086,64,148,-84
109900087,251,270,-19
109900089,179,76,103
109900090,37,109,-72
109900091,4,1,3
109900092,175,3,172
109900093,258,61,197
109900094,29,88,-59
109900095,71,226,-155
109900096,8,0,8
109900097,40,2,38
109900098,147,10,137
109900099,115,0,115
109900100,19,2,17
109900101,127,2,125
109900102,137,5,132
109900103,7,11,-4
109900104,142,1137,-995
109900105,196,16,180
109900106,78,44,34
109900107,127,37,90
109900108,48,452,-404
109900109,17,152,-135
109900110,2,51,-49
109900111,159,1112,-953
109900112,22,118,-96
109900113,19,19,0
109900114,358,229,129
109900115,64,74,-10
109900117,293,67,226
109900118,14,35,-21
109900119,27,18,9
109900120,1,0,1
109900121,194,115,79
109900122,21,0,21
109900123,2,146,-144
109900124,0,92,-92
109900125,1,220,-219
109900126,69,163,-94
109900128,6,3,3
109900130,10399,785,9614
109900131,72,124,-52
109900132,24,163,-139
109900133,6,37,-31
109900134,33,33,0
109900135,381,54,327
109900136,2,12,-10
109900137,30,332,-302
109900140,83,279,-196
109900142,30,18,12
109900145,0,13,-13
109900146,31,3,28
109900148,2,4,-2
109900149,36,41,-5
109900150,5,62,-57
109900151,5,62,-57
109900152,0,21,-21
109900153,0,47,-47
109900154,12,0,12
109900155,13,3,10
109900157,21,250,-229
109900158,5,8,-3
109900159,71,9,62
109900160,10,5,5
109900161,116,33,83
109900162,76,36,40
109900163,503,216,287
109900164,22,166,-144
109900165,115,2,113
109900166,0,129,-129
109900167,117,478,-361
109900168,129,598,-469
109900169,60,89,-29
109900170,127,315,-188
109900171,69,44,25
109900172,70,87,-17
109900173,3276,822,2454
109900174,31,126,-95
109900175,16,42,-26
109900176,50,170,-120
109900177,26,242,-216
109900178,0,102,-102
109900179,0,17,-17
109900180,4,4,0
110000001,482,438,44
110000002,362,386,-24
110000003,652,495,157
110000004,447,342,105
110000005,552,795,-243
110000006,512,290,222
110000007,69,122,-53
110000008,7,34,-27
110000009,11,29,-18
110000010,21,35,-14
110000011,11,69,-58
110000012,548,304,244
110000013,32,238,-206
110000014,510,318,192
110000015,242,328,-86
110000016,173,643,-470
110000017,3241,189,3052
110000018,2946,400,2546
110000019,7,116,-109
110000020,371,177,194
110000021,323,234,89
110000022,343,100,243
110000023,4,136,-132
110000024,300,310,-10
110000025,75,2,73
110000026,1,535,-534
110000027,275,174,101
110000028,470,454,16
110000029,354,831,-477
110000030,171,209,-38
110000031,124,503,-379
110000032,388,340,48
110000033,69,69,0
110000034,160,562,-402
110000035,188,857,-669
110000036,303,509,-206
110000037,74,475,-401
110000038,101,371,-270
110000039,456,1071,-615
110000040,168,364,-196
110000041,170,547,-377
110000042,65,169,-104
110000043,312,163,149
110000044,42,38,4
110000045,167,68,99
110000046,3,9,-6
110000047,6,9,-3
110000048,15,9,6
110000049,29,4,25
110000050,5,8,-3
110000051,47,7,40
110000052,22,19,3
110000053,39,10,29
110000054,74,151,-77
110000055,169,32,137
110000056,169,41,128
110000057,132,740,-608
110000058,429,396,33
110000059,461,515,-54
110000060,333,590,-257
110000061,611,678,-67
110000062,550,515,35
110000063,27,60,-33
110000064,26,90,-64
110000065,11,48,-37
110000066,39,23,16
110000067,49,241,-192
110000068,63,470,-407
110000069,74,58,16
110000071,35,84,-49
110000073,22,19,3
110000075,5,61,-56
110000076,228,104,124
110000077,403,309,94
110000078,7,25,-18
110000080,180,423,-243
110000081,9,216,-207
110000082,28,176,-148
110000083,163,466,-303
110000084,515,366,149
110000085,2170,1089,1081
110000086,935,685,250
110000087,2,33,-31
110000088,15,153,-138
110000089,164,140,24
110000090,21,239,-218
110000091,1649,219,1430
110000092,9,67,-58
110000093,23,4,19
110000094,290,213,77
110000095,34,394,-360
110000096,3345,1125,2220
110000097,633,671,-38
110000098,1039,412,627
110000099,582,949,-367
110000100,201,727,-526
110000101,19,453,-434
110000102,45,34,11
110000104,80,74,6
110000105,25,210,-185
110000106,281,217,64
110000107,277,343,-66
110000108,83,26,57
110000109,165,190,-25
110000110,3689,1608,2081
110000111,6306,1291,5015
110000112,1146,302,844
110000113,456,591,-135
110000114,92,217,-125
110000115,135,225,-90
110000116,20,29,-9
110000117,68,507,-439
110000118,165,160,5
110000119,84,347,-263
110000120,140,132,8
110000121,49,203,-154
110000122,181,435,-254
110000123,261,242,19
110000124,0,595,-595
110000125,607,2,605
110000126,153,24,129
110000127,341,19,322
110000128,8,1101,-1093
110000129,7,578,-571
110000130,88,96,-8
110000131,85,440,-355
110000132,3,548,-545
110000133,14,207,-193
110000134,7,189,-182
110000135,120,12,108
110000136,19,225,-206
110000137,234,537,-303
110000138,241,754,-513
110000139,305,1224,-919
110000140,483,316,167
110000143,517,242,275
110000144,3132,716,2416
110000145,870,545,325
110000146,934,441,493
110000147,200,588,-388
110000148,253,292,-39
110000151,548,343,205
110000152,537,195,342
110000153,21,103,-82
110000154,1,8,-7
110000155,985,1342,-357
110000156,545,901,-356
110000157,706,1122,-416
110000160,220,348,-128
110000161,78,359,-281
110000166,135,118,17
110000167,316,311,5
110000168,536,229,307
110000169,427,265,162
110000170,57,54,3
110000171,377,159,218
110000172,97,607,-510
110000173,855,1031,-176
110000174,37,1372,-1335
110000175,190,61,129
110000176,17,140,-123
110000177,102,533,-431
110000178,255,389,-134
110000179,1151,245,906
110000180,77,308,-231
110000181,93,219,-126
110000182,299,241,58
110000183,8874,3232,5642
110000184,554,1078,-524
110000185,434,402,32
110000186,420,379,41
110000191,201,393,-192
110000192,115,2,113
110000193,194,2,192
110000194,9,1154,-1145
110000195,123,396,-273
110000196,143,431,-288
110000197,17,205,-188
110000198,24,68,-44
110000199,33,74,-41
110000200,985,487,498
110000201,254,394,-140
110000202,685,336,349
110000203,464,737,-273
110000204,3,308,-305
110000205,47,71,-24
110000206,498,1591,-1093
110000207,217,300,-83
110000208,63,79,-16
110000209,65,730,-665
110000210,336,495,-159
110000211,259,606,-347
110000212,250,619,-369
110000213,47,49,-2
110000214,66,92,-26
110000215,77,557,-480
110000216,33,522,-489
110000217,108,197,-89
110000218,75,390,-315
110000219,134,70,64
110000220,14,411,-397
110000221,92,56,36
110000222,17,332,-315
110000223,4,79,-75
110000224,103,7,96
110000225,137,451,-314
110000226,108,30,78
110000227,398,298,100
110000228,282,301,-19
110000229,1,263,-262
110000230,247,472,-225
110000231,90,138,-48
110000232,72,180,-108
110000233,74,162,-88
110000234,270,221,49
110000235,825,552,273
110000236,255,864,-609
110000237,720,832,-112
110000238,547,974,-427
110000239,818,1177,-359
110000240,0,82,-82
110000242,1,7,-6
110000243,46,183,-137
110000244,66,339,-273
110000245,27,410,-383
110000246,290,552,-262
110000247,945,2647,-1702
110000248,1473,1121,352
110000249,71,3,68
110000250,6,202,-196
110000251,52,365,-313
110000252,121,252,-131
110000253,558,382,176
110000254,460,1104,-644
110000255,103,1032,-929
110000256,237,166,71
110000257,550,303,247
110000258,1,509,-508
110000259,54,7,47
110000260,7,389,-382
110000263,388,66,322
110000264,127,541,-414
110000265,682,1034,-352
110000266,997,1241,-244
110000267,9,126,-117
110000268,143,438,-295
110000269,1,97,-96
110000270,28,0,28
110000271,1783,184,1599
110000272,532,653,-121
110000273,1393,885,508
110000274,121,583,-462
110000275,2477,309,2168
110000276,89,172,-83
110000277,60,355,-295
110000278,107,677,-570
110000279,451,588,-137
110000280,110,294,-184
110000281,16,122,-106
110000282,115,38,77
110000283,26,56,-30
110000284,28,34,-6
110000285,1,132,-131
110000286,23,0,23
110000287,19,2,17
110000288,0,51,-51
110000289,284,954,-670
110000290,1068,479,589
110000291,4920,1086,3834
110000292,825,2207,-1382
110000293,207,998,-791
110000294,330,602,-272
110000295,59,723,-664
110000296,129,250,-121
110000297,1672,185,1487
110000298,239,369,-130
110000299,328,16,312
110000301,92,3,89
110000302,143,1161,-1018
110000303,168,3,165
110000304,73,219,-146
110000305,273,7,266
110000306,104,1539,-1435
110000307,499,2,497
110000308,159,3,156
110000309,5,1119,-1114
110000310,307,54,253
110000311,13,752,-739
110000312,382,32,350
110000313,1711,1467,244
110000314,1,197,-196
110000315,1979,1199,780
110000316,465,879,-414
110000317,275,201,74
110000318,0,75,-75
110000319,10,9,1
110000320,14,45,-31
110000321,16,30,-14
110000322,78,441,-363
110000323,151,198,-47
110000324,4171,766,3405
110000325,1480,1260,220
110000327,202,95,107
110000328,112,420,-308
110000333,300,311,-11
110000334,330,1127,-797
110000335,532,353,179
110000336,295,1229,-934
110000337,481,344,137
110000338,93,211,-118
110000339,64,207,-143
110000340,12,145,-133
110000341,136,553,-417
110000342,231,1,230
110000343,0,8,-8
110000344,36,163,-127
110000345,39,40,-1
110000346,1600,850,750
110000347,691,532,159
110000348,5,19,-14
110000349,9,6,3
110000350,29,1,28
110000351,378,625,-247
110000352,231,1112,-881
110000353,2604,514,2090
110000354,520,1180,-660
110000355,44,51,-7
110000356,453,1,452
110000357,130,5,125
110000361,5,74,-69
110000362,19,54,-35
110000363,102,111,-9
110000364,58,258,-200
110000365,115,1,114
110000366,0,73,-73
110000367,145,174,-29
110000368,1,59,-58
110000369,12,1,11
110000373,4,271,-267
110000374,29,1,28
110000375,73,476,-403
110000376,23,92,-69
110000377,42,254,-212
110000378,12,206,-194
110000379,3379,651,2728
110000380,31,12,19
110000383,0,760,-760
110000384,1981,587,1394
110000385,1,131,-130
110000387,37,3,34
110000388,38,157,-119
110000389,281,5,276
110000391,129,332,-203
110000396,28,125,-97
110000397,43,140,-97
110000398,3,20,-17
110000399,76,3,73
110000587,27,48,-21
110000589,146,129,17
110000640,82,99,-17
110000652,4,60,-56
110000653,109,418,-309
110000654,10,19,-9
110000656,3,705,-702
110000674,15,2,13
110000675,19,3,16
110000676,0,38,-38
110000679,547,343,204
110000682,67,66,1
110000683,203,308,-105
110000684,0,61,-61
110000685,1,4,-3
110000686,0,24,-24
110000687,6,0,6
110000688,25,376,-351
110000689,24,35,-11
110000692,54,231,-177
110000693,81,195,-114
110000694,0,60,-60
110000695,90,616,-526
110000696,118,103,15
110900001,80,3,77
110900002,245,212,33
110900003,204,862,-658
110900004,79,200,-121
110900005,3360,814,2546
110900006,22,6,16
110900007,31,16,15
110900008,8,55,-47
110900009,118,25,93
110900010,6,49,-43
110900011,4,72,-68
110900012,6,125,-119
110900013,352,85,267
110900014,90,3,87
110900015,796,245,551
110900016,12,200,-188
110900017,120,32,88
110900018,151,32,119
110900019,77,13,64
110900020,22,480,-458
110900021,35,528,-493
110900022,36,297,-261
110900023,42,469,-427
110900024,20,411,-391
110900025,1,40,-39
110900027,7,239,-232
110900028,21,147,-126
110900029,10,416,-406
110900030,8,395,-387
110900031,86,155,-69
110900032,0,78,-78
110900033,20,258,-238
110900035,21,332,-311
110900036,33,16,17
110900037,36,26,10
110900038,1241,125,1116
110900039,4,185,-181
110900040,84,29,55
110900041,9,124,-115
110900042,18,44,-26
110900043,1,157,-156
110900044,212,19,193
110900045,31,539,-508
110900046,112,228,-116
110900047,644,81,563
110900049,11,14,-3
110900050,4,5,-1
110900051,14,152,-138
110900052,4,164,-160
110900053,35,36,-1
110900054,9,280,-271
110900055,14,2,12
110900056,39,89,-50
110900057,1,212,-211
110900058,69,185,-116
110900059,341,694,-353
110900060,141,46,95
110900061,14,38,-24
110900062,47,269,-222
110900063,9,76,-67
110900064,5,0,5
110900065,320,96,224
110900066,1,39,-38
110900067,464,327,137
110900068,140,221,-81
110900069,6,27,-21
110900070,55,40,15
110900071,211,201,10
110900073,0,33,-33
110900074,151,50,101
110900075,119,48,71
110900077,164,241,-77
110900078,5,91,-86
110900079,2102,389,1713
110900080,35,29,6
110900081,2,123,-121
110900082,42,219,-177
110900083,31,26,5
110900084,16,202,-186
110900085,25,286,-261
110900086,26,92,-66
110900087,94,35,59
110900088,5,0,5
110900090,20,30,-10
110900091,1,57,-56
110900093,90,40,50
110900095,14,38,-24
110900097,14,24,-10
110900098,9,94,-85
110900099,35,467,-432
110900100,0,28,-28
110900102,11,14,-3
110900105,498,306,192
110900108,9,145,-136
110900111,213,46,167
110900112,266,4,262
110900113,344,25,319
110900115,3,85,-82
110900116,158,2104,-1946
110900118,109,815,-706
110900119,4530,130,4400
110900120,3,113,-110
110900121,25,0,25
110900122,115,90,25
110900125,115,156,-41
110900127,244,455,-211
110900128,361,204,157
110900129,217,218,-1
110900130,893,171,722
110900131,64,46,18
110900132,115,18,97
110900133,28,289,-261
110900135,47,394,-347
110900136,113,6,107
110900138,0,0,0
110900139,20,0,20
110900140,3,0,3
110900141,205,98,107
110900142,28,161,-133
110900143,59,57,2
110900144,2,575,-573
110900145,40,5,35
110900146,176,22,154
110900147,162,206,-44
110900148,2,294,-292
110900149,0,45,-45
110900150,8,25,-17
110900151,0,50,-50
110900152,3,374,-371
110900153,51,12,39
111000001,231,324,-93
111000002,493,603,-110
111000003,498,479,19
111000004,427,1205,-778
111000005,738,636,102
111000006,594,1414,-820
111000007,3243,1499,1744
111000008,3138,2514,624
111000009,258,731,-473
111000010,409,197,212
111000011,304,779,-475
111000012,429,212,217
111000013,243,1109,-866
111000014,660,455,205
111000017,100,378,-278
111000018,164,326,-162
111000020,1800,1624,176
111000021,71,114,-43
111000023,70,132,-62
111000025,5409,1511,3898
111000029,47,77,-30
111000030,13,64,-51
111000031,1508,591,917
111000032,476,161,315
111000033,237,107,130
111000034,210,173,37
111000037,2136,907,1229
111000038,2548,2191,357
111000039,951,2116,-1165
111000040,1045,2148,-1103
111000041,1478,1429,49
111000042,5355,2435,2920
111000043,1385,1257,128
111000044,954,557,397
111000045,995,1150,-155
111000046,508,971,-463
111000047,1174,1719,-545
111000049,332,421,-89
111000050,1511,1438,73
111000051,389,1030,-641
111000052,377,1159,-782
111000053,298,1046,-748
111000054,169,939,-770
111000055,938,1807,-869
111000056,65,593,-528
111000057,46,770,-724
111000058,113,123,-10
111000059,173,283,-110
111000060,1651,569,1082
111000061,168,275,-107
111000062,371,184,187
111000063,1005,548,457
111000064,276,331,-55
111000065,614,514,100
111000066,195,189,6
111000067,227,579,-352
111000068,196,489,-293
111000069,1273,1493,-220
111000070,2083,1014,1069
111000071,208,658,-450
111000072,451,290,161
111000073,159,469,-310
111000074,967,887,80
111000075,404,587,-183
111000076,167,649,-482
111000077,783,998,-215
111000078,1477,890,587
111000079,1013,598,415
111000080,308,476,-168
111000081,1835,2142,-307
111000082,358,522,-164
111000084,434,361,73
111000085,623,1431,-808
111000086,2606,1149,1457
111000087,596,812,-216
111000088,4946,1393,3553
111000089,425,734,-309
111000090,835,1324,-489
111000091,446,708,-262
111000092,496,979,-483
111000093,315,542,-227
111000094,1045,625,420
111000095,563,1294,-731
111000096,2054,4358,-2304
111000097,5267,880,4387
111000098,438,1200,-762
111000099,255,2336,-2081
111000100,198,2180,-1982
111000101,309,683,-374
111000102,63,734,-671
111000104,159,140,19
111000107,48,681,-633
111000109,116,181,-65
111000110,531,409,122
111000111,767,289,478
111000112,715,184,531
111000113,446,414,32
111000114,1258,953,305
111000115,6289,601,5688
111000116,629,535,94
111000117,308,595,-287
111000118,1023,764,259
111000119,523,1263,-740
111000120,262,369,-107
111000121,185,459,-274
111000122,277,941,-664
111000123,557,3064,-2507
111000124,245,3536,-3291
111000125,137,1960,-1823
111000126,45,912,-867
111000127,353,160,193
111000128,558,298,260
111000129,1019,345,674
111000130,825,506,319
111000131,589,349,240
111000132,435,347,88
111000133,42,162,-120
111000134,73,102,-29
111000135,28,69,-41
111000136,132,205,-73
111000138,3,0,3
111000140,1,4,-3
111000141,140,253,-113
111000142,25,114,-89
111000143,4,65,-61
111000144,25,91,-66
111000145,589,7,582
111000146,24,5,19
111000147,284,26,258
111000148,82,48,34
111000149,3,20,-17
111000150,5,5,0
111000151,1,22,-21
111000153,504,510,-6
111000154,676,152,524
111000155,105,138,-33
111000156,301,274,27
111000157,121,370,-249
111000158,719,422,297
111000159,2151,509,1642
111000160,170,385,-215
111000161,11,212,-201
111000162,2,140,-138
111000163,282,604,-322
111000164,653,1724,-1071
111000165,1025,386,639
111000166,1111,281,830
111000167,144,429,-285
111000168,185,368,-183
111000169,231,490,-259
111000170,399,389,10
111000171,275,874,-599
111000172,83,694,-611
111000173,118,1343,-1225
111000174,57,485,-428
111000175,35,260,-225
111000176,78,118,-40
111000177,128,267,-139
111000178,418,320,98
111000179,96,203,-107
111000180,130,259,-129
111000181,352,228,124
111000182,89,141,-52
111000183,135,234,-99
111000184,227,149,78
111000185,232,485,-253
111000186,132,288,-156
111000187,58,291,-233
111000188,96,371,-275
111000189,1448,434,1014
111000190,139,476,-337
111000191,103,404,-301
111000192,150,658,-508
111000193,387,349,38
111000194,8,433,-425
111000195,47,454,-407
111000196,35,328,-293
111000197,132,166,-34
111000198,216,90,126
111000199,33,137,-104
111000200,67,311,-244
111000201,183,167,16
111000202,129,155,-26
111000203,173,127,46
111000204,284,322,-38
111000213,97,303,-206
111000214,916,1585,-669
111000215,544,1254,-710
111000217,637,631,6
111000218,625,700,-75
111000219,308,194,114
111000220,2213,370,1843
111000221,531,127,404
111000224,78,260,-182
111000225,205,143,62
111000226,113,1,112
111000227,41,0,41
111000228,4,145,-141
111000229,12,274,-262
111000230,163,478,-315
111000231,380,1196,-816
111000232,178,605,-427
111000233,298,612,-314
111000234,48,161,-113
111000239,104,160,-56
111000240,22,64,-42
111000241,26,362,-336
111000242,24,56,-32
111000243,52,780,-728
111000244,89,74,15
111000245,368,485,-117
111000246,149,624,-475
111000247,118,1024,-906
111000248,279,321,-42
111000249,321,796,-475
111000250,28,115,-87
111000251,8,109,-101
111000253,11,8,3
111000255,15,4,11
111000257,22,12,10
111000260,38,1086,-1048
111000261,339,54,285
111000271,36,313,-277
111000273,5516,1278,4238
111000274,739,1153,-414
111000275,75,73,2
111000276,188,2169,-1981
111000277,77,306,-229
111000278,313,167,146
111000291,383,1910,-1527
111000298,197,237,-40
111000299,336,56,280
111000300,54,538,-484
111000302,76,61,15
111000303,56,228,-172
111000312,56,53,3
111000315,32,221,-189
111000320,234,524,-290
111000321,131,39,92
111000322,105,468,-363
111000323,87,10,77
111000324,211,229,-18
111000325,28,50,-22
111000326,50,311,-261
111000327,206,544,-338
111000328,117,335,-218
111000329,2,15,-13
111000330,22,8,14
111000331,6,2,4
111000332,207,878,-671
111000334,274,1401,-1127
111000335,199,109,90
111000337,221,321,-100
111000338,11,84,-73
111000339,118,509,-391
111000340,36,741,-705
111000341,471,166,305
111000342,93,247,-154
111000344,441,504,-63
111000345,273,32,241
111000346,38,93,-55
111000347,30,2,28
111000350,113,119,-6
111000351,58,163,-105
111000352,64,67,-3
111000353,40,173,-133
111000354,162,115,47
111000355,106,436,-330
111000358,66,1527,-1461
111000360,86,818,-732
111000361,54,384,-330
111000546,186,549,-363
111000547,123,652,-529
111000548,40,137,-97
111000549,103,384,-281
111000550,76,294,-218
111000551,434,80,354
111000552,445,56,389
111000907,253,27,226
111000908,18,0,18
111000916,428,174,254
111000917,20,313,-293
111000918,68,985,-917
111000920,183,2,181
111000921,0,384,-384
111000922,124,295,-171
111000924,33,919,-886
111000925,999,1206,-207
111000926,654,2475,-1821
111000927,2179,2424,-245
111000928,4494,3122,1372
111000929,593,606,-13
111000930,411,2032,-1621
111000931,996,1199,-203
111000932,2682,1956,726
111000933,2150,1197,953
111000934,1741,2249,-508
111000935,519,710,-191
111000936,507,1918,-1411
111000937,572,864,-292
111000938,1229,2233,-1004
111000939,142,33,109
111000940,160,191,-31
111000941,104,565,-461
111000943,115,193,-78
111000944,72,546,-474
111000945,45,2180,-2135
111001109,270,132,138
111001110,201,615,-414
111001111,17,1,16
111001112,66,0,66
111001113,2,111,-109
111001114,1184,64,1120
111001115,99,230,-131
111001116,4318,1421,2897
111001117,587,591,-4
111001120,65,300,-235
111001121,94,317,-223
111001122,118,680,-562
111001123,70,132,-62
111001124,72,444,-372
111001125,1,28,-27
111001126,1,0,1
111001127,0,85,-85
111001128,170,508,-338
111900001,2,225,-223
111900002,1,654,-653
111900003,0,334,-334
111900004,11,121,-110
111900006,6,8,-2
111900007,24,2,22
111900008,40,0,40
111900009,17,0,17
111900010,193,489,-296
111900012,65,71,-6
111900013,0,48,-48
111900014,7064,1440,5624
111900015,0,75,-75
111900016,1,145,-144
111900017,0,152,-152
111900018,52,1,51
111900019,1,42,-41
111900020,2,24,-22
111900021,29,67,-38
111900022,13,55,-42
111900023,127,58,69
111900024,4,69,-65
111900025,0,25,-25
111900026,1,88,-87
111900027,9,162,-153
111900028,2,405,-403
111900029,1,108,-107
111900030,37,318,-281
111900031,0,2,-2
111900032,0,435,-435
111900033,5,96,-91
111900034,217,653,-436
111900035,15,226,-211
111900036,0,357,-357
111900038,259,542,-283
111900039,30,414,-384
111900040,1,705,-704
111900042,24,61,-37
111900043,5,442,-437
111900044,194,211,-17
111900046,40,206,-166
111900048,59,909,-850
111900049,25,272,-247
111900050,41,3,38
111900051,2,325,-323
111900052,346,536,-190
111900053,1281,292,989
111900054,31,1,30
111900055,36,705,-669
111900056,149,56,93
111900057,22,79,-57
111900058,121,873,-752
111900059,2173,201,1972
111900060,140,4,136
111900061,11,276,-265
111900062,8,27,-19
111900063,101,201,-100
111900064,140,259,-119
111900065,25,13,12
111900066,72,88,-16
111900067,1,289,-288
111900068,15,18,-3
111900069,19,5,14
111900070,36,135,-99
111900071,2,273,-271
111900072,14,4,10
111900073,208,30,178
111900074,6,152,-146
111900075,10,1,9
111900076,36,17,19
111900077,8,0,8
111900078,70,8,62
111900079,23,5,18
111900080,151,67,84
111900082,52,9,43
111900083,18,4,14
111900084,26,3,23
111900085,6,34,-28
111900086,38,1,37
111900087,14,0,14
111900088,138,1,137
111900089,14,0,14
111900090,23,12,11
111900091,87,3,84
111900092,21,0,21
111900093,76,2,74
111900094,25,0,25
111900095,54,4,50
111900096,44,0,44
111900097,8,0,8
111900098,31,0,31
111900099,8,0,8
111900100,29,2,27
111900101,47,10,37
111900102,106,734,-628
111900103,41,30,11
111900104,70,58,12
111900105,110,68,42
111900106,1052,36,1016
111900110,2327,161,2166
111900111,18,236,-218
111900112,577,618,-41
111900113,319,57,262
111900118,100,25,75
111900119,141,44,97
111900122,36,20,16
111900123,3,6,-3
111900124,20,103,-83
111900125,117,8,109
111900126,96,1,95
111900127,0,634,-634
111900128,1,597,-596
111900129,51,3,48
111900130,24,3,21
111900131,115,2,113
111900132,31,1274,-1243
111900133,0,252,-252
111900134,29,323,-294
111900135,2,7,-5
111900136,45,51,-6
111900137,46,48,-2
111900138,9,80,-71
111900139,20,158,-138
111900140,24,13,11
111900141,13,1,12
111900142,21,11,10
111900143,5,186,-181
111900144,0,114,-114
111900145,0,645,-645
111900146,4,342,-338
111900147,128,500,-372
111900148,10,813,-803
111900149,4,382,-378
111900150,10,194,-184
111900151,3,19,-16
111900152,69,41,28
111900153,1398,172,1226
111900154,3,97,-94
111900155,26,11,15
111900156,17,10,7
111900157,10,4,6
111900158,117,7,110
111900159,92,2,90
111900160,77,0,77
111900161,31,3,28
111900162,88,78,10
111900163,21,186,-165
111900164,76,15,61
111901113,66,299,-233
111901114,57,313,-256
111901115,20,0,20
111901116,13,0,13
111901117,14,16,-2
111901118,93,68,25
111901119,1067,61,1006
111901121,131,308,-177
111901122,5,527,-522
111901123,59,373,-314
111901124,57,1,56
111901125,94,191,-97
111901127,710,104,606
111901128,3,55,-52
111901129,0,133,-133
111901130,7,281,-274
111901131,1,341,-340
111901132,52,11,41
111901133,15,1,14
111901134,16,1,15
111901135,1,0,1
111901136,0,9,-9
111901138,55,29,26
111901139,7,53,-46
111901140,7,160,-153
111901141,4,170,-166
111901142,4,170,-166
111901143,4,106,-102
111901144,28,17,11
111901145,111,109,2
111901146,239,11,228
111901147,1012,63,949
111901148,8,8,0
111901149,5,0,5
111901150,11,0,11
111901151,0,0,0
112000001,859,558,301
112000002,592,2060,-1468
112000003,338,691,-353
112000004,360,1420,-1060
112000005,1194,1175,19
112000006,1084,1625,-541
112000007,1031,978,53
112000008,1499,2425,-926
112000009,3343,3117,226
112000010,1282,1646,-364
112000011,1288,1911,-623
112000012,3057,1131,1926
112000013,3593,2400,1193
112000014,1541,486,1055
112000015,1964,1680,284
112000016,2187,535,1652
112000017,1147,877,270
112000024,1696,427,1269
112000026,3798,4129,-331
112000027,511,310,201
112000028,1248,1501,-253
112000029,180,294,-114
112000030,183,99,84
112000031,801,1337,-536
112000032,335,41,294
112000033,1156,542,614
112000034,152,41,111
112000035,53,175,-122
112000036,564,331,233
112000037,506,608,-102
112000038,477,613,-136
112000039,16,56,-40
112000040,116,286,-170
112000041,411,422,-11
112000042,687,226,461
112000050,453,770,-317
112000051,383,468,-85
112000054,1238,2087,-849
112000057,338,246,92
112000058,206,280,-74
112000059,365,328,37
112000061,4077,1119,2958
112000062,1879,359,1520
112000063,1285,528,757
112000064,3938,4385,-447
112000065,2014,2252,-238
112000066,2321,706,1615
112000067,577,576,1
112000068,1375,918,457
112000069,541,1613,-1072
112000070,927,492,435
112000071,500,2651,-2151
112000072,654,650,4
112000073,952,1461,-509
112000074,689,551,138
112000075,664,675,-11
112000076,2231,2401,-170
112000077,269,621,-352
112000078,614,645,-31
112000079,657,1107,-450
112000080,325,765,-440
112000081,911,1338,-427
112000082,698,451,247
112000083,412,1147,-735
112000084,588,520,68
112000085,649,1174,-525
112000086,748,1379,-631
112000087,187,829,-642
112000088,157,656,-499
112000089,125,268,-143
112000090,112,341,-229
112000091,495,1093,-598
112000092,741,662,79
112000093,1179,1038,141
112000094,275,594,-319
112000095,407,594,-187
112000096,220,536,-316
112000097,477,386,91
112000098,510,1285,-775
112000099,277,447,-170
112000100,557,730,-173
112000101,256,804,-548
112000102,402,458,-56
112000103,157,1092,-935
112000105,426,2138,-1712
112000106,628,331,297
112000107,33,91,-58
112000108,161,1603,-1442
112000109,50,87,-37
112000110,814,378,436
112000111,986,3169,-2183
112000112,1492,347,1145
112000113,765,1763,-998
112000114,940,606,334
112000115,138,468,-330
112000116,118,803,-685
112000117,409,557,-148
112000118,550,746,-196
112000119,256,950,-694
112000120,78,345,-267
112000121,62,679,-617
112000122,137,120,17
112000123,247,99,148
112000124,145,54,91
112000125,78,84,-6
112000126,104,741,-637
112000127,1576,701,875
112000128,866,357,509
112000129,78,102,-24
112000130,49,35,14
112000131,17,348,-331
112000132,54,309,-255
112000133,107,237,-130
112000134,239,336,-97
112000135,405,477,-72
112000136,567,1103,-536
112000137,519,873,-354
112000138,698,871,-173
112000139,597,160,437
112000140,872,877,-5
112000141,227,157,70
112000142,118,873,-755
112000143,363,183,180
112000144,172,1613,-1441
112000145,1067,517,550
112000146,503,2271,-1768
112000147,1027,1087,-60
112000148,1316,2212,-896
112000149,139,773,-634
112000150,106,644,-538
112000151,263,522,-259
112000152,133,243,-110
112000153,104,255,-151
112000154,79,116,-37
112000155,121,62,59
112000157,371,326,45
112000158,90,572,-482
112000159,184,220,-36
112000167,74,16,58
112000169,263,223,40
112000173,251,193,58
112000175,144,322,-178
112000176,3925,1175,2750
112000177,200,59,141
112000178,33,426,-393
112000179,98,157,-59
112000180,152,205,-53
112000181,720,1632,-912
112000182,321,1704,-1383
112000183,26,48,-22
112000184,112,454,-342
112000185,155,489,-334
112000187,1723,1570,153
112000195,72,2,70
112000196,40,0,40
112000197,17,76,-59
112000198,20,325,-305
112000199,725,689,36
112000202,109,1,108
112000216,35,149,-114
112000230,31,1,30
112000231,1,333,-332
112000256,33,92,-59
112000313,85,95,-10
112000314,5,13,-8
112000337,129,368,-239
112000352,134,110,24
112000392,1376,824,552
112000398,497,531,-34
112000399,1909,1048,861
112000400,1161,3330,-2169
112000401,2334,2709,-375
112000402,968,1445,-477
112000403,1320,1089,231
112000404,259,476,-217
112000405,874,1728,-854
112000406,2798,2917,-119
112000407,2598,3689,-1091
112000408,6364,5694,670
112000409,1548,4747,-3199
112000410,175,58,117
112000411,4308,487,3821
112000412,801,214,587
112000413,8063,1439,6624
112000414,66,93,-27
112000415,66,34,32
112000416,1009,941,68
112000417,113,63,50
112000421,19,119,-100
112000422,191,452,-261
112000424,2018,1145,873
112000425,269,1200,-931
112000426,90,216,-126
112000427,0,13,-13
112000428,58,470,-412
112000429,1256,1932,-676
112000430,1198,2221,-1023
112000431,52,67,-15
112000432,413,1963,-1550
112000433,377,439,-62
112000437,22,348,-326
112900001,12,2,10
112900002,98,1280,-1182
112900003,13,305,-292
112900004,33,394,-361
112900005,67,221,-154
112900007,14,182,-168
112900008,26,12,14
112900009,186,48,138
112900010,106,749,-643
112900011,293,253,40
112900012,0,40,-40
112900013,0,117,-117
112900014,1,239,-238
112900015,245,677,-432
112900016,0,329,-329
112900017,28,160,-132
112900018,38,721,-683
112900019,68,113,-45
112900020,291,1084,-793
112900021,1,317,-316
112900022,19,79,-60
112900023,2,319,-317
112900024,19,213,-194
112900025,43,163,-120
112900026,7,244,-237
112900027,14,1304,-1290
112900028,16,74,-58
112900029,6,573,-567
112900030,268,161,107
112900031,4,476,-472
112900032,85,140,-55
112900034,4,36,-32
112900035,3,494,-491
112900036,17,88,-71
112900037,159,108,51
112900038,218,83,135
112900039,18,277,-259
112900040,1,210,-209
112900041,742,403,339
112900042,25,410,-385
112900043,5,37,-32
112900044,597,261,336
112900045,514,213,301
112900046,182,41,141
112900047,7,11,-4
112900049,42,58,-16
112900050,39,391,-352
112900051,211,496,-285
112900052,4,885,-881
112900053,224,56,168
112900054,219,10,209
112900055,84,9,75
112900056,130,92,38
112900057,6,750,-744
112900058,205,65,140
112900059,72,83,-11
112900060,12,212,-200
112900061,37,100,-63
112900062,18,90,-72
112900063,97,2,95
112900064,127,107,20
112900065,18,5,13
112900066,54,67,-13
112900067,440,113,327
112900068,5,14,-9
112900069,2029,242,1787
112900071,16,1,15
112900072,182,427,-245
112900073,117,20,97
112900074,26,54,-28
112900075,1537,329,1208
112900076,74,1,73
112900078,133,163,-30
112900079,79,7,72
112900080,17,2,15
112900081,28,78,-50
112900082,149,9,140
112900083,16,25,-9
112900084,40,29,11
112900086,22,0,22
112900087,171,22,149
112900088,31,1,30
112900089,215,8,207
112900090,8,6,2
112900091,45,1,44
112900092,73,83,-10
112900093,435,11,424
112900095,20,0,20
112900096,125,35,90
112900097,39,369,-330
112900098,24,1,23
112900099,275,5,270
112900100,13,0,13
112900101,77,1,76
112900102,45,0,45
112900103,57,3,54
112900104,212,2,210
112900105,1,0,1
112900106,205,58,147
112900107,4,0,4
112900108,23,1,22
112900109,24,0,24
112900110,232,3,229
112900111,220,0,220
112900112,111,0,111
112900113,0,9,-9
112900114,20,20,0
112900115,281,0,281
112900116,30,45,-15
112900117,163,125,38
112900118,42,62,-20
112900119,35,8,27
112900120,674,146,528
112900121,168,137,31
112900122,14,119,-105
112900123,74,9,65
112900124,7,96,-89
112900125,35,147,-112
112900126,98,195,-97
112900127,167,30,137
112900128,356,640,-284
112900129,1,789,-788
112900130,121,44,77
112900131,48,226,-178
112900132,59,436,-377
112900133,12,1075,-1063
112900134,1,232,-231
112900135,23,20,3
112900137,0,605,-605
112900138,5,365,-360
112900139,144,1019,-875
112900141,177,14,163
112900142,48,56,-8
112900143,27,537,-510
112900144,3,1014,-1011
112900145,53,414,-361
112900146,5,1466,-1461
112900147,3,2325,-2322
112900148,10,0,10
112900149,160,421,-261
112900151,17,41,-24
112900152,4507,717,3790
112900153,1313,622,691
112900154,0,86,-86
112900155,51,3,48
112900156,106,1394,-1288
112900157,93,228,-135
112900158,18,4,14
112900159,88,25,63
112900160,22,226,-204
112900161,36,13,23
112900162,30,8,22
112900163,102,15,87
112900164,18,80,-62
112900165,52,20,32
112900166,18,28,-10
112900167,2,16,-14
112900168,0,0,0
112900169,4,15,-11
112900170,29,108,-79
112900172,55,5,50
112900173,196,59,137
112900174,120,11,109
112900175,97,61,36
112900176,6,15,-9
112900177,103,21,82
112900178,351,784,-433
112900179,42,488,-446
112900180,543,1754,-1211
112900181,149,7,142
112900182,17,1316,-1299
112900183,89,160,-71
112900184,254,197,57
112900185,145,235,-90
112900186,928,341,587
112900187,43,190,-147
112900188,424,197,227
112900189,2,9,-7
112900190,4,30,-26
112900192,194,150,44
112900193,513,154,359
112900194,17,53,-36
112900195,327,11,316
112900196,152,371,-219
112900197,101,279,-178
112900199,148,585,-437
112900200,198,216,-18
112900201,28,60,-32
112900202,124,828,-704
112900203,55,277,-222
112900204,525,224,301
112900205,0,1,-1
112900206,3,45,-42
112900207,4,1,3
112900208,77,60,17
112900209,349,335,14
112900210,0,8,-8
112900211,24,24,0
112900212,0,45,-45
112900213,5,10,-5
112900214,15,5,10
112900215,2,254,-252
112900216,25,41,-16
112900217,0,78,-78
112900218,11,12,-1
112900219,37,3,34
112900220,2,0,2
112900221,11,110,-99
112900222,0,15,-15
112900223,224,1,223
112900224,102,649,-547
112900225,112,514,-402
112900226,101,138,-37
112900227,114,1037,-923
112900228,32,13,19
112900229,41,48,-7
112900230,5691,1656,4035
112900232,160,89,71
112900233,34,142,-108
112900234,5,108,-103
112900235,31,11,20
112900236,81,6,75
112900237,47,398,-351
112900238,3,20,-17
112900239,360,194,166
112900240,3,136,-133
112900241,8,198,-190
112900242,7,238,-231
112900243,4,264,-260
112900244,3,164,-161
112900245,2,36,-34
112900246,0,14,-14
112900247,154,22,132
112900248,11,1,10
112900249,15,6,9
112900250,16,40,-24
112900251,17,19,-2
112900252,15,34,-19
112900253,6,22,-16
112900254,4,4,0
112900255,0,14,-14
112900256,1,8,-7
112900257,17,8,9
112900258,13,18,-5
113000001,3245,3539,-294
113000002,2701,2658,43
113000003,1413,1485,-72
113000004,1570,1538,32
113000005,920,773,147
113000006,790,900,-110
113000007,1017,973,44
113000008,938,1231,-293
113000009,452,692,-240
113000010,484,1180,-696
113000011,444,1311,-867
113000012,614,561,53
113000013,769,378,391
113000014,1518,1215,303
113000015,460,180,280
113000016,265,254,11
113000017,20,165,-145
113000018,187,30,157
113000019,27,194,-167
113000020,69,21,48
113000021,711,443,268
113000022,361,1170,-809
113000025,98,197,-99
113000026,195,304,-109
113000027,741,266,475
113000028,699,246,453
113000029,601,486,115
113000030,385,490,-105
113000031,285,174,111
113000032,170,157,13
113000033,233,301,-68
113000034,373,240,133
113000035,27,24,3
113000036,18,38,-20
113000037,36,30,6
113000038,17,45,-28
113000039,48,363,-315
113000040,39,44,-5
113000042,642,411,231
113000051,455,1479,-1024
113000052,1775,818,957
113000053,212,511,-299
113000054,134,532,-398
113000055,524,920,-396
113000056,445,1356,-911
113000058,535,824,-289
113000059,1035,491,544
113000060,81,602,-521
113000061,477,554,-77
113000062,993,124,869
113000063,75,182,-107
113000064,16,362,-346
113000065,71,1033,-962
113000066,233,92,141
113000067,691,887,-196
113000068,277,1712,-1435
113000069,283,1249,-966
113000070,659,640,19
113000071,202,456,-254
113000072,232,284,-52
113000073,335,1156,-821
113000074,614,233,381
113000075,1486,365,1121
113000076,858,1255,-397
113000077,981,284,697
113000078,657,1112,-455
113000079,582,432,150
113000080,454,376,78
113000081,494,547,-53
113000082,706,494,212
113000083,382,511,-129
113000084,1098,805,293
113000085,477,422,55
113000086,672,898,-226
113000087,700,521,179
113000088,1399,828,571
113000089,616,884,-268
113000090,177,257,-80
113000091,488,194,294
113000094,475,152,323
113000095,190,908,-718
113000096,139,780,-641
113000097,399,210,189
113000098,64,32,32
113000099,645,204,441
113000100,103,296,-193
113000101,269,442,-173
113000102,348,181,167
113000103,2178,445,1733
113000104,248,1861,-1613
113000105,313,358,-45
113000106,222,480,-258
113000107,385,782,-397
113000108,615,1343,-728
113000109,324,2416,-2092
113000110,1004,386,618
113000111,98,431,-333
113000112,238,299,-61
113000113,1387,276,1111
113000114,326,751,-425
113000116,419,235,184
113000117,567,109,458
113000118,107,214,-107
113000119,158,266,-108
113000120,16,159,-143
113000121,269,596,-327
113000124,115,109,6
113000125,26,372,-346
113000127,2877,402,2475
113000128,349,268,81
113000129,375,1173,-798
113000133,3116,598,2518
113000134,4,554,-550
113000135,2089,1581,508
113000137,1677,1029,648
113000139,293,90,203
113000140,108,187,-79
113000141,145,59,86
113000142,436,462,-26
113000143,142,115,27
113000144,249,423,-174
113000145,32,118,-86
113000146,81,81,0
113000147,88,90,-2
113000148,54,130,-76
113000149,50,101,-51
113000150,372,271,101
113000151,91,35,56
113000152,39,122,-83
113000153,1329,315,1014
113000154,423,880,-457
113000155,163,291,-128
113000156,144,227,-83
113000157,181,465,-284
113000158,356,135,221
113000159,563,388,175
113000160,434,838,-404
113000161,136,479,-343
113000162,303,213,90
113000163,55,34,21
113000164,35,69,-34
113000166,88,49,39
113000167,17,172,-155
113000168,51,195,-144
113000169,55,44,11
113000170,47,63,-16
113000171,47,93,-46
113000172,147,55,92
113000173,17,14,3
113000174,78,568,-490
113000175,228,91,137
113000176,267,81,186
113000177,140,423,-283
113000178,198,414,-216
113000179,182,66,116
113000180,441,1264,-823
113000181,690,995,-305
113000182,123,224,-101
113000183,183,419,-236
113000184,33,112,-79
113000189,360,421,-61
113000190,860,297,563
113000192,2308,950,1358
113000193,4014,703,3311
113000194,1826,791,1035
113000195,1986,355,1631
113000196,68,74,-6
113000197,936,567,369
113000198,27,212,-185
113000199,424,209,215
113000201,505,204,301
113000202,2531,1728,803
113000203,457,112,345
113000204,1642,879,763
113000205,19,17,2
113000206,6,35,-29
113000207,46,19,27
113000208,19,46,-27
113000209,17,16,1
113000210,9,22,-13
113000211,285,125,160
113000212,222,20,202
113000213,20,96,-76
113000214,82,187,-105
113000234,129,1055,-926
113000410,134,96,38
113000411,1803,3059,-1256
113000412,8930,1404,7526
113000413,3098,1490,1608
113000414,7738,5732,2006
113000415,1841,1680,161
113000416,7736,2235,5501
113000417,1963,1779,184
113000418,2475,1890,585
113000419,960,1235,-275
113000420,2945,2129,816
113000421,2998,3114,-116
113000422,11711,5233,6478
113000423,1801,2318,-517
113000424,3316,5076,-1760
113000425,4,64,-60
113000428,62,9,53
113000430,28,21,7
113000432,875,104,771
113000433,113,894,-781
113000434,17,321,-304
113000435,11,672,-661
113000436,31,1175,-1144
113000437,285,16,269
113000438,70,13,57
113000439,14,155,-141
113000440,59,28,31
113000441,104,169,-65
113000442,104,270,-166
113000443,64,220,-156
113000444,69,325,-256
113000445,24,102,-78
113000446,16,84,-68
113000448,218,82,136
113000449,156,917,-761
113000450,543,2394,-1851
113000451,1491,124,1367
113000452,341,353,-12
113000453,129,226,-97
113000454,1109,23,1086
113000455,65,86,-21
113000456,2549,1211,1338
113000468,2268,230,2038
113000469,160,75,85
113000470,411,50,361
113000471,6,291,-285
113000472,61,225,-164
113000474,274,562,-288
113000475,1069,1576,-507
113000476,515,1365,-850
113000477,1255,1581,-326
113000478,2656,4874,-2218
113000479,15,291,-276
113000485,2,0,2
113000486,0,0,0
113000487,0,0,0
113000488,0,0,0
113000489,0,0,0
113000490,0,0,0
113000491,0,5,-5
113000492,0,0,0
113000493,6,0,6
113000495,179,163,16
113000496,73,72,1
113000499,1,0,1
113900001,2,147,-145
113900002,1,147,-146
113900003,0,93,-93
113900004,0,30,-30
113900005,7,18,-11
113900006,0,32,-32
113900007,89,0,89
113900008,82,0,82
113900009,338,3,335
113900010,199,5,194
113900011,42,0,42
113900012,6,0,6
113900013,812,6,806
113900014,560,3,557
113900015,3,29,-26
113900016,11,0,11
113900017,1,34,-33
113900018,360,52,308
113900019,33,34,-1
113900020,38,0,38
113900022,4,0,4
113900023,6,0,6
113900024,42,58,-16
113900025,244,8,236
113900026,30,0,30
113900027,3,54,-51
113900028,11,375,-364
113900029,22,253,-231
113900030,96,1,95
113900031,4,0,4
113900032,3,0,3
113900033,41,65,-24
113900035,51,0,51
113900036,3,87,-84
113900037,26,543,-517
113900038,77,63,14
113900039,59,2,57
113900040,3,7,-4
113900041,0,1,-1
113900042,44,28,16
113900043,116,76,40
113900044,150,43,107
113900045,16,1,15
113900046,155,558,-403
113900047,23,130,-107
113900048,254,35,219
113900049,606,108,498
113900050,80,259,-179
113900051,102,262,-160
113900052,132,76,56
113900053,303,169,134
113900054,2,4,-2
113900055,70,386,-316
113900056,36,135,-99
113900057,15,113,-98
113900058,28,164,-136
113900059,85,272,-187
113900060,84,146,-62
113900061,669,63,606
113900062,46,14,32
113900063,43,92,-49
113900064,17,117,-100
113900065,430,24,406
113900066,150,334,-184
113900067,46,244,-198
113900068,223,229,-6
113900069,41,12,29
113900070,109,338,-229
113900071,23,57,-34
113900072,27,107,-80
113900073,78,282,-204
113900074,15,339,-324
113900075,606,672,-66
113900076,99,8,91
113900077,13,190,-177
113900078,39,33,6
113900079,0,31,-31
113900080,177,96,81
113900081,14,123,-109
113900082,80,147,-67
113900083,91,623,-532
113900084,143,47,96
113900085,20,288,-268
113900086,12,6,6
113900087,17,211,-194
113900088,28,86,-58
113900089,207,28,179
113900090,224,179,45
113900091,14,9,5
113900092,30,44,-14
113900093,53,334,-281
113900094,139,346,-207
113900095,48,77,-29
113900096,52,37,15
113900097,2,112,-110
113900098,251,59,192
113900099,0,47,-47
113900100,1,1,0
113900101,18,33,-15
113900102,109,54,55
113900103,122,115,7
113900104,60,114,-54
113900105,40,353,-313
113900106,0,61,-61
113900107,0,22,-22
113900108,115,123,-8
113900109,240,67,173
113900110,10,11,-1
113900111,53,90,-37
113900112,85,95,-10
113900113,345,270,75
113900114,0,107,-107
113900115,0,102,-102
113900116,79,69,10
113900117,38,10,28
113900118,84,196,-112
113900119,186,192,-6
113900120,65,21,44
113900121,32,54,-22
113900122,171,1003,-832
113900123,192,118,74
113900124,0,52,-52
113900125,1029,131,898
113900126,65,33,32
113900127,111,254,-143
113900128,60,46,14
113900129,2,45,-43
113900130,2,15,-13
113900131,81,45,36
113900132,19,24,-5
113900133,6,26,-20
113900135,111,341,-230
113900136,44,63,-19
113900137,180,122,58
113900138,15,100,-85
113900139,383,79,304
113900140,298,145,153
113900141,151,391,-240
113900142,43,76,-33
113900143,8,9,-1
113900144,161,48,113
113900145,117,181,-64
113900146,42,46,-4
113900148,78,116,-38
113900149,86,24,62
113900150,792,300,492
113900151,114,155,-41
113900152,20,28,-8
113900153,288,306,-18
113900154,0,60,-60
113900155,131,42,89
113900156,160,400,-240
113900157,17,185,-168
113900158,180,93,87
113900159,5,186,-181
113900160,238,542,-304
113900161,23,120,-97
113900162,335,253,82
113900163,161,159,2
113900164,167,46,121
113900165,413,417,-4
113900166,131,70,61
113900167,126,28,98
113900168,112,77,35
113900169,107,287,-180
113900171,43,31,12
113900172,3,167,-164
113900173,27,515,-488
113900174,242,478,-236
113900175,174,62,112
113900176,106,540,-434
113900177,160,147,13
113900178,132,83,49
113900179,24,616,-592
113900180,97,70,27
113900181,292,76,216
113900182,242,696,-454
113900183,15,43,-28
113900184,16,612,-596
113900185,114,41,73
113900186,18,26,-8
113900187,23,120,-97
113900188,37,77,-40
113900189,128,32,96
113900190,224,105,119
113900191,53,162,-109
113900192,3,152,-149
113900193,19,283,-264
113900194,1516,640,876
113900195,307,316,-9
113900196,0,94,-94
113900197,1,253,-252
113900198,7,102,-95
113900199,114,441,-327
113900200,6,146,-140
113900201,1,228,-227
113900202,24,186,-162
113900203,1,203,-202
113900204,17,399,-382
113900205,2,81,-79
113900206,2,113,-111
113900207,0,34,-34
113900208,0,43,-43
113900209,0,65,-65
113900210,419,300,119
113900211,76,18,58
113900212,100,408,-308
113900214,261,265,-4
113900215,25,81,-56
113900216,28,993,-965
113900217,15,312,-297
113900218,95,47,48
113900219,56,419,-363
113900220,59,53,6
113900221,159,84,75
113900222,297,179,118
113900223,59,812,-753
113900224,70,43,27
113900225,491,135,356
113900226,165,45,120
113900227,181,82,99
113900228,313,221,92
113900229,22,333,-311
113900230,3179,953,2226
113900231,72,175,-103
113900232,67,80,-13
113900233,15,32,-17
113900234,91,254,-163
113900235,35,41,-6
113900236,31,332,-301
113900237,74,5,69
113900238,86,233,-147
113900239,47,34,13
113900240,4,37,-33
113900241,35,23,12
113900242,31,98,-67
113900243,90,250,-160
113900244,365,104,261
113900245,886,144,742
113900246,10,2,8
113900247,87,119,-32
113900248,2572,706,1866
113900249,945,209,736
113900250,23,99,-76
113900251,296,149,147
113900252,231,9,222
113900253,360,18,342
113900254,460,73,387
113900255,141,15,126
113900256,232,11,221
113900257,33,647,-614
113900258,11,514,-503
113900259,182,169,13
113900260,78,37,41
113900261,5,107,-102
113900262,78,636,-558
113900263,84,417,-333
113900264,7,422,-415
113900265,90,207,-117
113900266,23,213,-190
113900267,82,374,-292
113900268,98,216,-118
113900269,24,77,-53
113900270,191,233,-42
113900271,247,889,-642
113900273,12,2,10
113900274,32,4,28
113900275,18,40,-22
113900276,0,234,-234
113900277,36,1,35
113900278,197,93,104
113900279,77,62,15
113900280,736,312,424
113900281,220,572,-352
113900282,545,269,276
113900283,191,279,-88
113900284,480,107,373
113900285,86,25,61
113900286,4,104,-100
113900287,10,55,-45
113900288,0,68,-68
113900289,1154,39,1115
113900290,372,81,291
113900291,52,112,-60
113900292,3,2,1
113900293,4,129,-125
113900294,190,8,182
113900295,192,154,38
113900296,2106,288,1818
113900297,486,24,462
113900298,4,1244,-1240
113900299,45,223,-178
113900300,4520,1550,2970
113900301,621,228,393
113900302,2192,462,1730
113900303,416,141,275
113900304,0,127,-127
113900305,28,0,28
113900306,5,0,5
113900307,27,0,27
113900308,83,72,11
113900309,3,780,-777
113900310,0,15,-15
113900311,6,2,4
113900312,62,72,-10
113900313,22,8,14
113900314,1,23,-22
113900315,31,1,30
114000001,661,2629,-1968
114000002,85,449,-364
114000003,137,1166,-1029
114000004,138,304,-166
114000005,97,174,-77
114000006,1940,1521,419
114000007,287,950,-663
114000008,786,648,138
114000009,201,160,41
114000011,1830,2781,-951
114000012,1038,2405,-1367
114000013,771,1815,-1044
114000014,317,514,-197
114000015,611,473,138
114000016,126,363,-237
114000017,44,122,-78
114000018,395,61,334
114000026,636,1280,-644
114000027,1211,1843,-632
114000028,1106,1540,-434
114000038,61,97,-36
114000039,75,242,-167
114000040,40,107,-67
114000042,74,161,-87
114000043,112,242,-130
114000044,137,179,-42
114000045,19,78,-59
114000046,1545,3438,-1893
114000047,7,55,-48
114000048,92,124,-32
114000049,958,764,194
114000050,1072,764,308
114000051,2055,1004,1051
114000052,1731,774,957
114000053,18,375,-357
114000054,61,1231,-1170
114000055,121,12,109
114000056,1141,379,762
114000057,6671,1860,4811
114000058,375,429,-54
114000059,176,121,55
114000060,263,461,-198
114000061,2748,844,1904
114000062,2523,432,2091
114000063,2425,1242,1183
114000064,6316,1726,4590
114000065,1740,1713,27
114000066,258,587,-329
114000067,11,248,-237
114000068,263,313,-50
114000069,499,331,168
114000070,1731,958,773
114000071,340,373,-33
114000072,94,268,-174
114000073,14,103,-89
114000074,11,10,1
114000075,44,149,-105
114000076,16,142,-126
114000077,11,90,-79
114000078,61,1175,-1114
114000079,28,17,11
114000080,68,77,-9
114000081,26,99,-73
114000082,44,511,-467
114000083,33,208,-175
114000084,56,32,24
114000085,56,592,-536
114000086,66,538,-472
114000087,26,230,-204
114000088,25,45,-20
114000089,1186,323,863
114000090,399,358,41
114000091,960,240,720
114000092,492,183,309
114000093,482,405,77
114000094,210,304,-94
114000095,93,67,26
114000096,49,301,-252
114000097,59,479,-420
114000098,178,42,136
114000099,136,875,-739
114000100,371,568,-197
114000101,137,896,-759
114000102,145,216,-71
114000103,98,652,-554
114000104,2,223,-221
114000105,35,44,-9
114000106,616,226,390
114000107,83,88,-5
114000108,2981,1202,1779
114000109,261,480,-219
114000110,355,1525,-1170
114000111,451,336,115
114000112,248,2394,-2146
114000113,552,313,239
114000114,855,1656,-801
114000115,1028,529,499
114000116,269,699,-430
114000117,879,244,635
114000118,1019,248,771
114000119,587,189,398
114000120,359,972,-613
114000121,233,391,-158
114000122,184,179,5
114000123,531,211,320
114000124,228,226,2
114000125,668,1653,-985
114000126,591,143,448
114000127,63,217,-154
114000128,425,643,-218
114000130,219,356,-137
114000131,67,24,43
114000132,457,573,-116
114000133,569,916,-347
114000134,11,126,-115
114000138,19,141,-122
114000139,158,78,80
114000144,356,210,146
114000145,54,115,-61
114000146,52,253,-201
114000147,535,613,-78
114000148,1785,819,966
114000149,196,150,46
114000150,1485,615,870
114000151,1465,672,793
114000152,148,11,137
114000153,991,1134,-143
114000154,559,525,34
114000155,843,1185,-342
114000156,541,271,270
114000157,169,651,-482
114000158,1759,401,1358
114000159,184,222,-38
114000160,85,96,-11
114000161,1039,891,148
114000162,457,637,-180
114000163,3,116,-113
114000165,130,112,18
114000166,438,163,275
114000167,3497,954,2543
114000168,493,475,18
114000169,1244,507,737
114000170,665,438,227
114000171,455,1080,-625
114000174,89,375,-286
114000176,372,239,133
114000177,1943,551,1392
114000178,28,71,-43
114000179,800,519,281
114000180,299,387,-88
114000181,948,1446,-498
114000182,4230,1775,2455
114000183,989,1064,-75
114000184,5465,1384,4081
114000185,648,671,-23
114000189,221,109,112
114000190,876,109,767
114000191,23,24,-1
114000192,302,938,-636
114000193,866,2794,-1928
114000194,776,1287,-511
114000195,46,7,39
114000196,4,291,-287
114000197,485,110,375
114000198,985,354,631
114000199,1468,817,651
114000200,437,2104,-1667
114000201,82,998,-916
114000202,620,808,-188
114000203,356,1104,-748
114000204,77,389,-312
114000205,173,1558,-1385
114000206,305,1028,-723
114000207,808,1916,-1108
114000208,309,3041,-2732
114000209,531,3107,-2576
114000210,247,2048,-1801
114000211,617,1059,-442
114000212,280,626,-346
114000213,748,535,213
114000214,91,141,-50
114000215,64,53,11
114000216,456,214,242
114000217,93,254,-161
114000218,47,298,-251
114000219,446,245,201
114000220,8,1451,-1443
114000221,231,74,157
114000222,129,1152,-1023
114000223,216,52,164
114000224,113,692,-579
114000225,126,442,-316
114000226,41,241,-200
114000227,605,359,246
114000228,394,849,-455
114000229,428,1040,-612
114000230,869,1301,-432
114000231,431,1008,-577
114000232,305,95,210
114000233,892,113,779
114000234,805,985,-180
114000235,622,1543,-921
114000236,0,476,-476
114000237,52,1003,-951
114000238,38,149,-111
114000239,96,1254,-1158
114000240,342,545,-203
114000241,172,1083,-911
114000242,728,814,-86
114000243,633,649,-16
114000244,457,313,144
114000245,205,549,-344
114000246,105,41,64
114000247,365,551,-186
114000248,466,360,106
114000249,299,410,-111
114000250,224,464,-240
114000251,100,275,-175
114000252,28,76,-48
114000253,18,196,-178
114000254,10,65,-55
114000255,404,123,281
114000256,2047,401,1646
114000257,661,1722,-1061
114000258,77,445,-368
114000259,34,216,-182
114000260,0,28,-28
114000261,36,12,24
114000262,23,106,-83
114000263,5,1,4
114000264,231,508,-277
114000265,0,1,-1
114000267,1,1100,-1099
114000268,4,1969,-1965
114000270,68,0,68
114000271,241,75,166
114000283,317,316,1
114000285,37,290,-253
114000288,39,372,-333
114000289,536,172,364
114000293,70,333,-263
114000294,126,255,-129
114000395,799,36,763
114000396,148,221,-73
114000402,218,328,-110
114000403,168,527,-359
114000405,65,556,-491
114000423,45,468,-423
114000424,104,157,-53
114000425,170,523,-353
114000426,187,408,-221
114000427,34,88,-54
114000428,304,62,242
114000429,5,156,-151
114000432,50,132,-82
114000434,11,81,-70
114000435,0,87,-87
114900001,163,1236,-1073
114900002,187,36,151
114900003,219,1968,-1749
114900004,84,151,-67
114900005,170,904,-734
114900006,14,21,-7
114900007,47,4,43
114900008,40,26,14
114900010,1966,911,1055
114900011,39,76,-37
114900013,55,51,4
114900020,67,30,37
114900025,92,148,-56
114900026,57,36,21
114900029,39,18,21
114900030,89,164,-75
114900031,84,26,58
114900032,112,22,90
114900034,42,162,-120
114900035,80,172,-92
114900036,171,994,-823
114900039,209,592,-383
114900040,53,209,-156
114900041,189,564,-375
114900042,383,830,-447
114900044,33,13,20
114900047,94,846,-752
114900048,25,275,-250
114900049,28,253,-225
114900050,17,568,-551
114900051,19,384,-365
114900052,34,148,-114
114900053,33,186,-153
114900054,28,63,-35
114900057,120,8,112
114900058,0,49,-49
114900059,30,11,19
114900063,40,198,-158
114900064,451,630,-179
114900065,160,535,-375
114900067,7,286,-279
114900068,61,294,-233
114900069,170,125,45
114900070,157,554,-397
114900072,5,189,-184
114900073,1,118,-117
114900074,138,887,-749
114900075,40,2,38
114900076,8,247,-239
114900080,2691,320,2371
114900082,2938,926,2012
114900083,537,526,11
114900090,100,86,14
114900091,103,126,-23
114900097,42,0,42
114900098,0,143,-143
114900099,63,2,61
115000001,7338,5088,2250
115000002,2175,2200,-25
115000003,2803,3786,-983
115000004,1716,2948,-1232
115000005,790,2522,-1732
115000006,383,1029,-646
115000007,87,112,-25
115000008,298,393,-95
115000009,127,292,-165
115000010,161,96,65
115000013,75,84,-9
115000015,89,144,-55
115000016,36,159,-123
115000019,24,222,-198
115000020,157,220,-63
115000021,188,346,-158
115000022,314,225,89
115000023,248,270,-22
115000024,737,373,364
115000025,481,305,176
115000026,92,246,-154
115000027,137,123,14
115000028,94,544,-450
115000029,227,105,122
115000030,237,628,-391
115000031,576,109,467
115000032,6,321,-315
115000033,115,8,107
115000034,87,766,-679
115000035,540,45,495
115000036,1,280,-279
115000037,215,6,209
115000038,34,147,-113
115000039,2409,1466,943
115000040,5347,3038,2309
115000041,663,1706,-1043
115000042,372,485,-113
115000043,1898,1809,89
115000044,2079,3686,-1607
115000045,1311,2589,-1278
115000046,974,1987,-1013
115000047,1015,1738,-723
115000048,994,2467,-1473
115000049,1095,2068,-973
115000050,1884,1670,214
115000051,1722,1254,468
115000052,2670,1560,1110
115000053,1013,1009,4
115000054,600,1219,-619
115000055,88,306,-218
115000056,141,227,-86
115000057,250,413,-163
115000058,125,81,44
115000059,127,142,-15
115000061,116,83,33
115000062,91,257,-166
115000063,138,265,-127
115000064,137,126,11
115000065,21,221,-200
115000067,134,26,108
115000069,13,243,-230
115000070,19,488,-469
115000071,80,7,73
115000072,10,51,-41
115000073,984,30,954
115000075,30,47,-17
115000076,2538,2804,-266
115000077,757,3206,-2449
115000078,448,1668,-1220
115000079,629,1824,-1195
115000080,1009,2250,-1241
115000081,349,692,-343
115000082,1851,1925,-74
115000083,1247,3043,-1796
115000084,685,940,-255
115000085,352,949,-597
115000086,377,807,-430
115000087,434,1112,-678
115000088,1151,500,651
115000089,1292,1265,27
115000090,606,422,184
115000091,261,1070,-809
115000092,267,348,-81
115000093,270,2,268
115000094,7316,3631,3685
115000095,5602,3326,2276
115000096,360,2102,-1742
115000097,407,625,-218
115000098,459,741,-282
115000099,1116,3240,-2124
115000100,428,414,14
115000101,255,1285,-1030
115000102,250,173,77
115000103,209,787,-578
115000105,36,191,-155
115000106,180,187,-7
115000107,69,497,-428
115000108,3143,2372,771
115000109,4533,1845,2688
115000110,789,517,272
115000111,449,1033,-584
115000112,307,354,-47
115000113,399,583,-184
115000114,1139,591,548
115000116,2195,918,1277
115000117,2687,1102,1585
115000118,998,977,21
115000119,1063,991,72
115000120,340,516,-176
115000121,1243,567,676
115000122,2715,621,2094
115000123,1215,894,321
115000124,672,452,220
115000125,178,344,-166
115000126,88,177,-89
115000127,249,65,184
115000128,808,483,325
115000129,138,118,20
115000130,171,887,-716
115000131,240,211,29
115000132,72,466,-394
115000133,179,324,-145
115000134,75,192,-117
115000135,75,237,-162
115000136,86,188,-102
115000137,48,134,-86
115000138,106,178,-72
115000139,116,192,-76
115000140,110,182,-72
115000141,61,286,-225
115000142,72,284,-212
115000143,229,384,-155
115000144,311,86,225
115000145,150,378,-228
115000146,178,149,29
115000147,242,452,-210
115000148,162,1330,-1168
115000149,288,168,120
115000150,403,1095,-692
115000151,348,320,28
115000152,326,1438,-1112
115000153,417,282,135
115000154,305,196,109
115000155,310,1012,-702
115000156,706,416,290
115000157,618,749,-131
115000158,504,287,217
115000159,659,269,390
115000160,394,179,215
115000161,127,421,-294
115000162,486,333,153
115000163,445,504,-59
115000164,442,472,-30
115000165,320,217,103
115000167,103,69,34
115000168,389,189,200
115000169,474,242,232
115000170,109,108,1
115000171,201,112,89
115000172,1405,398,1007
115000173,184,163,21
115000174,67,174,-107
115000175,67,68,-1
115000176,66,38,28
115000177,85,44,41
115000178,13,215,-202
115000179,8,7,1
115000180,42,529,-487
115000181,210,68,142
115000182,202,289,-87
115000183,102,859,-757
115000186,383,153,230
115000187,97,537,-440
115000188,232,289,-57
115000189,159,403,-244
115000190,482,351,131
115000191,163,295,-132
115000194,70,59,11
115000195,201,127,74
115000196,45,84,-39
115000197,121,344,-223
115000198,140,197,-57
115000199,85,296,-211
115000200,139,93,46
115000201,72,334,-262
115000206,116,69,47
115000207,11,271,-260
115000208,428,556,-128
115000209,282,96,186
115000210,67,87,-20
115000211,114,144,-30
115000212,1028,219,809
115000224,144,44,100
115000225,47,47,0
115000229,205,105,100
115000230,56,357,-301
115000231,263,2446,-2183
115000232,662,337,325
115000233,42,181,-139
115000234,10,213,-203
115000241,23,217,-194
115000242,29,222,-193
115000243,50,243,-193
115000244,6,97,-91
115000246,15,5,10
115000247,12,11,1
115000248,10,2,8
115000249,32,5,27
115000250,200,27,173
115000251,85,109,-24
115000252,20,127,-107
115000253,6,151,-145
115000258,91,193,-102
115000259,187,101,86
115000261,9,25,-16
115000262,0,15,-15
115000263,3,31,-28
115000264,5,27,-22
115000267,28,46,-18
115000268,22,80,-58
115000269,113,54,59
115000270,1,11,-10
115000272,23,99,-76
115000273,145,22,123
115000280,1966,68,1898
115000281,423,134,289
115000282,521,326,195
115000284,186,68,118
115000296,508,7,501
115000297,125,66,59
115000298,28,119,-91
115000300,57,154,-97
115000302,140,146,-6
115000303,276,107,169
115000304,218,62,156
115000305,36,895,-859
115000306,72,584,-512
115000307,18,284,-266
115000308,42,9,33
115000310,454,1074,-620
115000311,349,1135,-786
115000313,95,617,-522
115000314,165,44,121
115000315,914,310,604
115000316,61,60,1
115000317,83,516,-433
115000318,369,129,240
115000319,32,265,-233
115000320,10,142,-132
115000321,362,2,360
115000322,26,194,-168
115000449,176,101,75
115000557,3,379,-376
115000558,156,41,115
115000587,197,199,-2
115000588,1527,3402,-1875
115000589,1805,2197,-392
115000590,499,1325,-826
115000591,594,568,26
115000592,387,1212,-825
115000593,759,405,354
115000594,574,1167,-593
115000609,75,111,-36
115000617,1784,1143,641
115000624,93,68,25
115000633,311,1247,-936
115000634,1872,444,1428
115000635,202,82,120
115000638,948,458,490
115000641,47,114,-67
115000642,279,214,65
115000643,45,302,-257
115000644,106,328,-222
115000646,449,718,-269
115000647,52,254,-202
115000648,825,1337,-512
115000893,2578,629,1949
115000894,66,935,-869
115000895,330,696,-366
115000896,1084,251,833
115000897,321,67,254
115000898,334,136,198
115000899,854,762,92
115000900,66,264,-198
115000901,77,97,-20
115000912,99,40,59
115000913,1,22,-21
115000915,27,3,24
115000916,0,0,0
115000917,0,2,-2
115000918,84,136,-52
115000919,22,0,22
115000920,26,27,-1
115000921,978,65,913
115000922,1167,354,813
115000923,448,785,-337
115000925,29,51,-22
115000927,13,18,-5
115000933,312,96,216
115000934,54,151,-97
115000935,40,78,-38
115000936,38,195,-157
115000937,1122,93,1029
115000938,266,118,148
115000939,310,98,212
115000940,0,7,-7
115000941,12,5,7
115000942,47,25,22
115000943,48,10,38
115000944,2,8,-6
115900001,14,64,-50
115900002,39,101,-62
115900003,74,64,10
115900004,0,54,-54
115900005,46,0,46
115900006,49,340,-291
115900008,7,14,-7
115900009,22,281,-259
115900010,74,136,-62
115900011,120,234,-114
115900012,25,93,-68
115900013,189,76,113
115900014,91,127,-36
115900015,17,134,-117
115900016,30,18,12
115900017,2,4,-2
115900018,103,63,40
115900019,116,20,96
115900020,29,0,29
115900021,1345,114,1231
115900022,2139,3,2136
115900023,18,3,15
115900025,31,80,-49
115900026,520,323,197
115900027,1,268,-267
115900028,446,47,399
115900029,2,468,-466
115900030,10,8,2
115900031,216,99,117
115900032,141,496,-355
115900033,0,31,-31
115900034,14,516,-502
115900035,21,134,-113
115900036,160,195,-35
115900037,10,490,-480
115900038,21,7,14
115900039,43,288,-245
115900041,218,213,5
115900042,12,4,8
115900043,32,138,-106
115900044,178,130,48
115900046,98,244,-146
115900047,58,21,37
115900049,62,179,-117
115900051,0,28,-28
115900052,21,280,-259
115900053,65,247,-182
115900054,46,31,15
115900055,14,139,-125
115900056,50,330,-280
115900057,11,2,9
115900058,30,42,-12
115900060,13,95,-82
115900061,85,0,85
115900062,5,272,-267
115900063,46,7,39
115900064,108,129,-21
115900065,19,93,-74
115900066,142,162,-20
115900067,2,897,-895
115900068,3297,139,3158
115900069,26,135,-109
115900070,77,226,-149
115900071,0,513,-513
115900072,55,176,-121
115900073,22,45,-23
115900074,5,352,-347
115900075,7,277,-270
115900076,0,87,-87
115900077,5,318,-313
115900078,25,119,-94
115900079,79,6,73
115900080,484,202,282
115900081,2,71,-69
115900082,107,130,-23
115900084,129,16,113
115900085,58,37,21
115900086,1156,303,853
115900088,11,33,-22
115900089,110,633,-523
115900090,115,28,87
115900091,2,8,-6
115900092,25,231,-206
115900093,3,38,-35
115900094,2,393,-391
115900096,1,17,-16
115900097,5,400,-395
115900098,58,465,-407
115900099,29,90,-61
115900100,2,490,-488
115900101,74,412,-338
115900102,25,81,-56
115900103,147,221,-74
115900104,14,161,-147
115900105,56,532,-476
115900106,20,15,5
115900107,14,230,-216
115900108,36,31,5
115900109,24,312,-288
115900110,3,19,-16
115900111,0,70,-70
115900112,22,639,-617
115900113,12,16,-4
115900114,6,153,-147
115900115,22,96,-74
115900116,64,724,-660
115900117,36,24,12
115900118,1,470,-469
115900119,80,44,36
115900120,20,304,-284
115900121,49,154,-105
115900124,110,257,-147
115900125,96,19,77
115900126,188,30,158
115900127,210,34,176
115900128,2,68,-66
115900129,331,25,306
115900130,24,128,-104
115900131,52,7,45
115900132,146,10,136
115900134,88,15,73
115900135,434,436,-2
115900137,3,7,-4
115900139,42,43,-1
115900140,69,9,60
115900141,2,30,-28
115900142,13,7,6
115900143,78,209,-131
115900144,35,146,-111
115900146,5,151,-146
115900147,86,94,-8
115900148,12,1,11
115900149,21,30,-9
115900150,27,79,-52
115900151,0,44,-44
115900152,45,283,-238
115900153,43,174,-131
115900154,386,206,180
115900155,0,71,-71
115900156,287,442,-155
115900157,42,317,-275
115900158,27,4,23
115900159,24,204,-180
115900160,10,1,9
115900161,11,144,-133
115900163,62,87,-25
115900164,108,71,37
115900166,85,126,-41
115900168,26,121,-95
115900171,52,229,-177
115900172,24,113,-89
115900173,92,102,-10
115900174,187,157,30
115900175,45,128,-83
115900178,2,572,-570
115900179,96,11,85
115900180,38,319,-281
115900181,91,261,-170
115900182,138,347,-209
115900183,63,59,4
115900184,1016,11,1005
115900187,1,98,-97
115900189,0,66,-66
115900190,162,393,-231
115900191,48,342,-294
115900192,3,42,-39
115900193,52,46,6
115900194,195,22,173
115900195,294,547,-253
115900198,111,164,-53
115900199,103,173,-70
115900200,187,232,-45
115900201,306,151,155
115900202,1,8,-7
115900203,0,6,-6
115900204,0,1,-1
115900205,22,8,14
115900206,44,108,-64
115900207,17,26,-9
115900208,34,357,-323
115900209,0,124,-124
115900210,1,117,-116
115900211,2,157,-155
115900212,46,220,-174
115900213,18,20,-2
115900214,142,201,-59
115900215,10,36,-26
115900216,8,60,-52
115900217,1,90,-89
115900218,4,58,-54
115900219,21,3,18
115900220,42,10,32
115900221,56,5,51
115900222,15,10,5
115900223,8,63,-55
115900224,1470,261,1209
115900225,66,16,50
115900226,5,23,-18
115900227,4,36,-32
115900228,5,33,-28
115900229,8,65,-57
115900230,32,80,-48
115900231,35,0,35
115900232,23,1,22
115900233,31,2,29
115900234,13,9,4
115900235,3,17,-14
115900236,21,8,13
115900237,9,33,-24
115900238,7,17,-10
115900239,3,43,-40
115900240,2,59,-57
115900241,66,30,36
115900242,167,138,29
115900243,5,1,4
115900244,0,10,-10
115900245,27,11,16
115900246,9,1,8
115900247,9,4,5
115900248,2,0,2
115900249,1,2,-1
115900250,1,4,-3
115900251,0,3,-3
115900252,0,0,0
115900253,1,10,-9
115900254,5,16,-11
115900255,3,9,-6
115900256,27,27,0
115900257,2,3,-1
115900258,0,0,0
115900259,1,1,0
115900260,2,4,-2
115900261,4,0,4
115900262,1,0,1
115900263,5,2,3
115900264,3,3,0
115900265,0,0,0
115900266,2,3,-1
115900267,5,2,3
115900268,5,4,1
115900269,134,242,-108
115900270,106,659,-553
115900271,29,0,29
115900272,13,2,11
115900273,0,2,-2
115900274,2,10,-8
115900275,0,30,-30
115900276,0,53,-53
115900277,0,145,-145
115900278,9,72,-63
115900279,7,89,-82
115900280,5,118,-113
115900281,558,92,466
115900282,12,8,4
115900283,7,4,3
115900284,8,13,-5
116000001,13103,3940,9163
116000002,2807,3377,-570
116000003,998,1414,-416
116000004,1021,1207,-186
116000005,2087,2931,-844
116000006,1409,860,549
116000007,2258,3430,-1172
116000008,1441,1185,256
116000009,1191,2562,-1371
116000010,948,673,275
116000011,663,1817,-1154
116000012,570,481,89
116000013,12975,2945,10030
116000014,16603,5608,10995
116000015,335,447,-112
116000016,6804,1346,5458
116000017,21,359,-338
116000018,595,296,299
116000019,258,186,72
116000020,310,939,-629
116000021,168,189,-21
116000022,177,449,-272
116000023,466,359,107
116000024,472,1242,-770
116000025,419,326,93
116000026,1283,1738,-455
116000027,206,364,-158
116000028,270,361,-91
116000029,560,450,110
116000030,341,237,104
116000031,82,129,-47
116000032,242,186,56
116000033,224,391,-167
116000034,405,728,-323
116000035,210,404,-194
116000036,1590,443,1147
116000037,515,280,235
116000038,431,165,266
116000039,570,159,411
116000040,640,94,546
116000041,255,381,-126
116000042,268,197,71
116000043,70,407,-337
116000044,11,86,-75
116000045,1197,792,405
116000046,857,739,118
116000047,1591,1272,319
116000048,1483,1148,335
116000049,646,1295,-649
116000050,969,970,-1
116000051,2129,1164,965
116000052,2605,2548,57
116000053,872,884,-12
116000054,390,1466,-1076
116000055,332,949,-617
116000056,453,816,-363
116000057,2004,1504,500
116000058,2281,1216,1065
116000059,2410,3251,-841
116000060,2975,723,2252
116000061,392,617,-225
116000062,557,356,201
116000063,328,758,-430
116000066,99,304,-205
116000067,170,506,-336
116000068,165,156,9
116000069,168,312,-144
116000078,225,759,-534
116000080,717,812,-95
116000082,1,91,-90
116000083,676,246,430
116000084,1645,3612,-1967
116000085,1237,710,527
116000086,1978,1453,525
116000087,890,810,80
116000088,474,1009,-535
116000089,81,91,-10
116000090,73,114,-41
116000091,122,103,19
116000093,279,325,-46
116000094,251,526,-275
116000095,318,402,-84
116000096,371,760,-389
116000097,253,618,-365
116000098,265,2462,-2197
116000099,7611,267,7344
116000100,63,13,50
116000101,224,1452,-1228
116000102,134,1261,-1127
116000103,224,189,35
116000104,87,1594,-1507
116000105,382,161,221
116000106,247,1351,-1104
116000107,765,380,385
116000108,16,158,-142
116000111,44,13,31
116000113,64,32,32
116000114,19,103,-84
116000115,90,55,35
116000116,144,473,-329
116000117,629,1410,-781
116000118,513,1069,-556
116000119,1345,1312,33
116000120,1520,3589,-2069
116000121,342,301,41
116000122,929,2290,-1361
116000123,243,327,-84
116000124,171,959,-788
116000125,812,295,517
116000126,140,1285,-1145
116000127,824,1435,-611
116000128,786,446,340
116000129,328,129,199
116000130,133,135,-2
116000133,252,766,-514
116000134,1020,2573,-1553
116000135,806,1008,-202
116000136,629,2373,-1744
116000137,442,382,60
116000138,868,281,587
116000139,1242,2087,-845
116000140,94,209,-115
116000141,224,893,-669
116000142,3350,3916,-566
116000143,1541,1180,361
116000144,886,2839,-1953
116000145,1007,1182,-175
116000146,173,409,-236
116000147,236,95,141
116000148,187,307,-120
116000149,237,400,-163
116000151,352,1091,-739
116000153,46,361,-315
116000155,170,159,11
116000156,236,796,-560
116000157,26,26,0
116000158,242,253,-11
116000159,7,6,1
116000160,10,87,-77
116000161,7,80,-73
116000162,71,61,10
116000163,15,11,4
116000164,4,14,-10
116000177,19,81,-62
116000194,43,256,-213
116000195,1241,475,766
116000196,0,6,-6
116000197,1,6,-5
116000198,2174,772,1402
116000200,463,151,312
116000201,410,494,-84
116000202,6,227,-221
116000203,3,84,-81
116000204,7,33,-26
116000205,0,129,-129
116000206,1,89,-88
116000207,0,23,-23
116000233,90,612,-522
116000287,65,572,-507
116000288,63,227,-164
116000292,14,121,-107
116000296,8,203,-195
116000297,31,17,14
116000304,32,20,12
116000305,12,65,-53
116000346,71,147,-76
116000352,67,31,36
116000354,29,5,24
116000357,6,4,2
116000358,63,41,22
116000361,531,0,531
116000372,7757,1638,6119
116000381,66,1,65
116000388,1,34,-33
116000389,472,407,65
116000445,131,808,-677
116000446,166,1033,-867
116000447,13,416,-403
116000448,486,208,278
116000563,825,447,378
116000565,51,358,-307
116000568,47,67,-20
116000579,17,94,-77
116000584,11,14,-3
116000585,8,7,1
116000586,226,98,128
116000587,225,375,-150
116000589,49,65,-16
116000590,29,51,-22
116000591,62,249,-187
116000592,9,113,-104
116000593,0,55,-55
116000594,133,424,-291
116000595,291,128,163
116000596,39,2,37
116000597,85,30,55
116000598,11,171,-160
116000605,144,120,24
116000606,17,143,-126
116000607,1,36,-35
116000609,190,494,-304
116000611,54,573,-519
116000612,431,1405,-974
116000613,147,219,-72
116000614,372,826,-454
116000615,2,80,-78
116000616,11,136,-125
116000617,68,119,-51
116000618,3,177,-174
116000619,15,30,-15
116000620,59,272,-213
116000621,19,71,-52
116000622,15,89,-74
116000624,52,48,4
116000627,37,108,-71
116000628,31,618,-587
116000629,23,348,-325
116000630,104,32,72
116000631,20,45,-25
116000632,188,105,83
116000633,66,352,-286
116000634,124,305,-181
116000635,2685,1032,1653
116000636,1533,771,762
116000637,156,118,38
116000638,50,456,-406
116000639,42,3,39
116000640,12,4,8
116000641,32,148,-116
116000643,0,170,-170
116000644,11,1158,-1147
116000645,4,32,-28
116900001,119,113,6
116900002,225,3,222
116900003,1,76,-75
116900004,24,14,10
116900005,126,29,97
116900006,104,98,6
116900007,56,166,-110
116900008,130,417,-287
116900009,9,1,8
116900010,7,1573,-1566
116900011,2,19,-17
116900012,50,162,-112
116900013,2,111,-109
116900014,49,441,-392
116900015,164,40,124
116900016,68,1,67
116900017,1,675,-674
116900019,0,364,-364
116900020,1224,234,990
116900023,83,9,74
116900024,273,87,186
116900025,246,993,-747
116900026,122,591,-469
116900027,18,25,-7
116900028,3,94,-91
116900029,0,7,-7
116900031,14,7,7
116900032,7,377,-370
116900033,7,23,-16
116900034,5,61,-56
116900035,47,147,-100
116900036,3,103,-100
116900038,5,0,5
116900041,8,6,2
116900042,894,128,766
116900043,3,64,-61
116900047,59,28,31
116900049,22,239,-217
116900050,48,394,-346
116900051,23,219,-196
116900052,119,57,62
116900055,0,4,-4
116900057,9,296,-287
116900058,8,353,-345
116900059,3,109,-106
116900060,112,194,-82
116900062,1,4,-3
116900064,16,999,-983
116900065,3,75,-72
116900067,52,107,-55
116900068,72,351,-279
116900070,0,2,-2
116900072,12,509,-497
116900073,9,221,-212
116900074,5,35,-30
116900076,2,43,-41
116900077,5,185,-180
116900078,198,141,57
116900079,8,411,-403
116900080,5,12,-7
116900081,211,1215,-1004
116900082,86,622,-536
116900083,31,62,-31
116900084,145,50,95
116900085,18,128,-110
116900086,26,228,-202
116900088,241,38,203
116900090,105,41,64
116900091,61,36,25
116900092,52,792,-740
116900093,1150,1336,-186
116900094,4612,1603,3009
116900095,247,134,113
116900096,75,83,-8
116900097,3580,1322,2258
116900098,693,179,514
116900099,443,280,163
116900100,295,10,285
116900101,179,524,-345
116900103,2,0,2
116900104,29,45,-16
116900105,175,22,153
116900106,590,353,237
116900107,3531,856,2675
116900110,8,1,7
116900111,102,552,-450
116900112,102,855,-753
116900113,1626,337,1289
116900116,102,193,-91
116900117,5,77,-72
116900118,819,443,376
116900120,72,97,-25
116900121,27,46,-19
116900122,177,836,-659
116900123,65,990,-925
116900124,105,693,-588
116900125,88,216,-128
116900126,179,398,-219
116900128,0,36,-36
116900129,0,287,-287
116900130,807,1292,-485
116900131,43,131,-88
116900132,14,50,-36
116900133,86,75,11
116900134,78,185,-107
116900136,71,113,-42
116900137,160,155,5
116900138,107,191,-84
116900139,48,295,-247
116900140,63,109,-46
116900141,268,215,53
116900142,5,27,-22
116900143,121,383,-262
116900144,5,27,-22
116900145,54,278,-224
116900147,491,221,270
116900148,0,23,-23
116900149,13,56,-43
116900150,4,2,2
116900151,48,11,37
116900153,58,43,15
116900154,425,135,290
116900155,43,34,9
116900157,127,298,-171
116900158,47,70,-23
116900159,27,135,-108
116900160,377,139,238
116900161,7218,2578,4640
116900163,48,161,-113
116900164,37,13,24
116900165,106,66,40
116900166,6,165,-159
116900167,139,48,91
116900168,73,75,-2
116900169,541,124,417
116900170,122,165,-43
116900171,13,119,-106
116900172,200,103,97
116900173,46,20,26
116900174,21,23,-2
116900175,102,48,54
116900178,20,175,-155
116900179,51,49,2
116900180,56,13,43
116900182,150,146,4
116900183,75,75,0
116900185,3,17,-14
116900186,26,189,-163
116900187,11,20,-9
116900188,71,5,66
116900189,9,1,8
116900191,181,245,-64
116900192,181,163,18
116900194,133,458,-325
116900195,48,8,40
116900196,64,255,-191
116900197,26,6,20
116900198,185,103,82
116900200,26,60,-34
116900201,43,5,38
116900202,105,121,-16
116900203,34,1,33
116900204,40,34,6
116900206,2,55,-53
116900207,26,18,8
116900208,3,126,-123
116900209,8,126,-118
116900210,175,161,14
116900211,149,11,138
116900212,11,109,-98
116900213,165,157,8
116900214,66,101,-35
116900215,20,69,-49
116900216,139,333,-194
116900218,4,281,-277
116900219,531,252,279
116900220,39,116,-77
116900221,34,173,-139
116900222,252,214,38
116900223,46,106,-60
116900226,16,67,-51
116900227,63,57,6
116900228,152,275,-123
116900230,52,835,-783
116900231,9,721,-712
116900232,411,146,265
116900233,211,438,-227
116900234,4,10,-6
116900235,282,363,-81
116900238,1181,303,878
116900239,8,509,-501
116900240,5462,1834,3628
116900241,17,120,-103
116900242,1223,193,1030
116900243,0,48,-48
116900245,19,6,13
116900246,29,15,14
116900247,213,3,210
116900248,34,22,12
116900249,105,145,-40
116900250,110,29,81
116900251,331,186,145
116900252,163,1067,-904
116900254,613,290,323
116900255,36,12,24
116900256,121,70,51
116900257,3,600,-597
116900258,1,372,-371
116900259,33,3,30
116900260,0,154,-154
116900261,17,2,15
116900262,46,94,-48
116900263,0,11,-11
116900264,21,12,9
116900265,11,0,11
116900266,8,48,-40
116900267,2,0,2
116900268,11,12,-1
116900269,192,417,-225
116900271,1453,50,1403
116900272,428,471,-43
116900273,264,27,237
116900274,45,40,5
116900275,46,275,-229
116900276,306,28,278
116900277,415,6,409
116900278,9,12,-3
116900279,0,15,-15
116900280,3,30,-27
116900281,6788,1549,5239
116900282,6,147,-141
116900283,10,148,-138
116900284,15,199,-184
116900285,376,196,180
116900286,138,6,132
116900287,3,80,-77
116900288,35,151,-116
116900289,13,31,-18
116900290,3,44,-41
116900291,6,11,-5
116900292,0,4,-4
116900293,11,107,-96
116900294,17,90,-73
116900295,140,20,120
116900296,47,81,-34
116900297,4,46,-42
116900298,100,16,84
116900299,38,24,14
116900300,3,57,-54
116900301,66,80,-14
116900302,51,46,5
116900303,351,13,338
116900304,0,71,-71
116900305,4,35,-31
116900306,51,200,-149
116900307,25,2,23
116900308,1,197,-196
116900309,17,103,-86
116900310,15,45,-30
117000001,944,794,150
117000002,1391,3304,-1913
117000003,5014,1744,3270
117000004,3402,4280,-878
117000005,1057,974,83
117000006,846,3977,-3131
117000007,1642,850,792
117000008,948,4073,-3125
117000009,3015,1083,1932
117000010,2188,3679,-1491
117000011,898,1433,-535
117000012,794,1634,-840
117000013,771,1140,-369
117000014,768,2199,-1431
117000015,2466,909,1557
117000016,591,61,530
117000017,520,132,388
117000018,81,237,-156
117000019,135,11,124
117000020,724,713,11
117000021,3243,500,2743
117000022,622,59,563
117000023,649,131,518
117000024,386,79,307
117000025,852,509,343
117000026,2789,606,2183
117000027,2443,1042,1401
117000028,2838,510,2328
117000030,577,554,23
117000031,280,198,82
117000032,1589,1269,320
117000033,944,658,286
117000034,306,357,-51
117000035,181,193,-12
117000036,342,327,15
117000037,193,161,32
117000038,256,444,-188
117000039,278,236,42
117000040,83,1357,-1274
117000041,343,101,242
117000044,19,1336,-1317
117000045,278,40,238
117000046,406,990,-584
117000047,536,392,144
117000048,1660,1271,389
117000049,111,306,-195
117000050,84,2624,-2540
117000051,1066,135,931
117000052,6,701,-695
117000053,145,64,81
117000054,925,6,919
117000055,109,3293,-3184
117000056,296,10,286
117000057,577,2083,-1506
117000060,273,1534,-1261
117000061,1002,574,428
117000062,106,438,-332
117000063,1150,512,638
117000064,722,739,-17
117000066,789,555,234
117000067,89,225,-136
117000074,127,146,-19
117000076,59,30,29
117000077,80,78,2
117000078,63,538,-475
117000079,187,111,76
117000080,0,337,-337
117000081,576,95,481
117000082,12,49,-37
117000083,238,151,87
117000084,270,2,268
117000085,133,390,-257
117000086,674,701,-27
117000087,158,492,-334
117000088,177,124,53
117000089,1035,283,752
117000090,193,1414,-1221
117000091,350,221,129
117000092,248,1700,-1452
117000093,530,476,54
117000094,586,2446,-1860
117000095,1581,633,948
117000096,412,2446,-2034
117000097,594,971,-377
117000098,2275,5402,-3127
117000099,1547,641,906
117000100,85,123,-38
117000101,169,1359,-1190
117000102,787,387,400
117000103,673,1810,-1137
117000104,764,394,370
117000105,670,1907,-1237
117000106,663,560,103
117000107,379,2132,-1753
117000108,838,719,119
117000109,1182,2542,-1360
117000110,783,501,282
117000111,2781,4023,-1242
117000112,1643,1769,-126
117000113,56,334,-278
117000114,90,91,-1
117000115,35,158,-123
117000116,43,251,-208
117000117,1004,298,706
117000118,246,131,115
117000119,584,43,541
117000120,279,87,192
117000121,139,498,-359
117000122,603,711,-108
117000123,1556,26,1530
117000124,748,25,723
117000125,318,22,296
117000126,71,25,46
117000127,133,276,-143
117000128,510,439,71
117000129,609,332,277
117000130,96,5,91
117000131,0,295,-295
117000132,744,21,723
117000133,427,92,335
117000134,3,61,-58
117000135,4,32,-28
117000136,0,58,-58
117000137,42,29,13
117000138,2,467,-465
117000140,443,1730,-1287
117000141,1055,491,564
117000181,865,388,477
117000182,189,115,74
117000195,153,1263,-1110
117000196,51,48,3
117000225,171,2,169
117000226,8,62,-54
117000276,94,11,83
117000277,1,638,-637
117000310,1723,2352,-629
117000315,39,651,-612
117000320,80,0,80
117000906,79,9,70
117000907,11,505,-494
117000909,118,21,97
117000910,129,95,34
117000911,80,197,-117
117000915,5,548,-543
117000916,12,0,12
117000917,317,9,308
117000918,42,109,-67
117000919,2,137,-135
117000920,3,1531,-1528
117000921,5,2477,-2472
117000922,71,115,-44
117000924,232,472,-240
117000926,1192,66,1126
117000927,1445,269,1176
117000928,1,313,-312
117000929,72,623,-551
117000930,88,13,75
117000931,446,79,367
117900002,110,382,-272
117900003,705,236,469
117900005,1,6,-5
117900006,1,30,-29
117900007,65,165,-100
117900008,0,41,-41
117900010,213,165,48
117900011,11,5,6
117900012,69,151,-82
117900013,0,335,-335
117900014,857,214,643
117900015,22,221,-199
117900016,1040,313,727
117900017,484,688,-204
117900018,204,53,151
117900019,158,681,-523
117900020,42,174,-132
117900021,20,123,-103
117900023,672,173,499
117900024,70,118,-48
117900025,24,10,14
117900026,185,489,-304
117900028,47,3,44
117900029,107,1185,-1078
117900031,158,53,105
117900032,317,298,19
117900033,113,940,-827
117900034,60,38,22
117900035,72,46,26
117900036,88,692,-604
117900037,49,101,-52
117900038,15,397,-382
117900039,0,60,-60
117900040,64,526,-462
117900041,2,53,-51
117900042,3970,404,3566
117900043,32,34,-2
117900044,55,2801,-2746
117900045,99,72,27
117900048,85,336,-251
117900049,121,883,-762
117900050,6,49,-43
117900051,19,2,17
117900052,31,188,-157
117900053,574,631,-57
117900054,2,12,-10
117900055,114,149,-35
117900056,277,23,254
117900057,612,1089,-477
117900058,83,12,71
117900059,395,42,353
117900060,427,5101,-4674
117900061,8,172,-164
117900063,115,248,-133
117900065,590,1063,-473
117900066,10,29,-19
117900067,192,346,-154
117900069,367,493,-126
117900070,226,5,221
117900071,42,99,-57
117900073,190,397,-207
117900074,186,3,183
117900075,26,76,-50
117900076,13,70,-57
117900077,133,78,55
117900078,129,288,-159
117900080,133,45,88
117900081,471,338,133
117900082,136,157,-21
117900083,169,720,-551
117900086,61,38,23
117900087,40,27,13
117900088,2220,1363,857
117900089,823,224,599
117900090,368,1045,-677
117900091,138,129,9
117900092,47,31,16
117900093,24,49,-25
117900094,14,3,11
117900095,428,1033,-605
117900096,33,175,-142
117900097,56,71,-15
117900098,6,2,4
117900099,75,422,-347
117900100,52,0,52
117900101,269,767,-498
117900102,11,60,-49
117900103,8,0,8
117900104,6,130,-124
117900105,86,178,-92
117900106,48,26,22
117900107,7,0,7
117900109,229,233,-4
117900110,12,1,11
117900111,160,17,143
117900112,39,18,21
117900113,3118,1231,1887
117900114,3,0,3
117900115,373,15,358
117900116,853,635,218
117900117,212,240,-28
117900118,4,0,4
117900119,42,257,-215
117900120,57,104,-47
117900121,18,21,-3
117900122,838,1156,-318
117900123,452,824,-372
117900124,412,516,-104
117900125,838,561,277
117900126,242,529,-287
117900127,226,589,-363
117900128,175,918,-743
117900129,17,0,17
117900130,542,240,302
117900131,1,96,-95
117900132,6,84,-78
117900133,5,155,-150
117900134,48,162,-114
117900135,18,268,-250
117900136,0,41,-41
117900137,15,361,-346
117900138,0,68,-68
117900139,49,179,-130
117900140,5370,206,5164
117900141,112,284,-172
117900142,149,9,140
117900144,94,98,-4
117900145,41,4,37
117900146,164,84,80
117900147,29,32,-3
117900148,2262,670,1592
117900149,28,203,-175
117900150,15,73,-58
117900151,24,148,-124
117900152,97,93,4
117900153,10,112,-102
117900154,313,762,-449
117900156,516,543,-27
117900157,60,375,-315
117900158,70,56,14
117900160,283,196,87
117900161,1829,2002,-173
117900162,176,397,-221
117900163,74,10,64
117900165,1,16,-15
117900166,62,142,-80
117900168,38,133,-95
117900169,3,72,-69
117900170,0,18,-18
117900171,2,2,0
117900172,9,24,-15
117900173,87,26,61
117900174,13,29,-16
117900175,3,21,-18
117900176,4,36,-32
117900177,22,41,-19
117900178,84,22,62
117900180,146,18,128
117900181,119,141,-22
117900182,0,11,-11
117900183,9,92,-83
117900184,6,31,-25
117900185,7,37,-30
117900186,16,15,1
117900187,9,3,6
117900188,105,23,82
117900189,31,7,24
117900190,8,1,7
117900191,47,4,43
117900192,73,3,70
117900193,3,38,-35
117900194,1,3,-2
117900195,18,30,-12
117900196,11,11,0
117900207,81,56,25
117900208,13,28,-15
117900209,135,121,14
117900210,116,82,34
117900211,3,136,-133
117900212,67,134,-67
117900213,10,12,-2
117900214,5,54,-49
117900215,27,62,-35
117900216,57,29,28
117900217,134,32,102
117900218,221,158,63
117900219,5,35,-30
117900220,73,56,17
117900222,151,205,-54
117900223,130,175,-45
118000001,587,376,211
118000002,1188,1396,-208
118000003,1442,997,445
118000004,2603,1684,919
118000005,5372,1307,4065
118000006,6994,5612,1382
118000007,5081,1870,3211
118000008,4339,2317,2022
118000009,1781,1719,62
118000010,1841,2903,-1062
118000011,576,2227,-1651
118000012,599,2242,-1643
118000013,2395,2265,130
118000014,1467,2815,-1348
118000016,146,364,-218
118000017,119,243,-124
118000018,163,547,-384
118000019,1368,1048,320
118000020,621,781,-160
118000021,527,1141,-614
118000022,1208,452,756
118000023,672,222,450
118000024,1386,483,903
118000027,16248,4411,11837
118000029,921,380,541
118000032,1374,1338,36
118000033,1977,1555,422
118000034,3714,1285,2429
118000035,1238,1091,147
118000036,844,713,131
118000037,485,638,-153
118000038,79,97,-18
118000039,46,341,-295
118000040,1069,1982,-913
118000041,1428,1324,104
118000045,518,71,447
118000046,1800,395,1405
118000047,1498,354,1144
118000048,3122,833,2289
118000051,1603,413,1190
118000052,956,252,704
118000053,415,396,19
118000054,1844,1258,586
118000055,1314,1447,-133
118000056,136,221,-85
118000057,164,322,-158
118000058,2509,818,1691
118000059,1713,531,1182
118000060,544,507,37
118000061,443,1149,-706
118000062,429,172,257
118000063,237,305,-68
118000064,652,840,-188
118000065,4168,1075,3093
118000066,595,706,-111
118000067,985,579,406
118000068,1370,2564,-1194
118000069,3047,787,2260
118000070,6155,955,5200
118000071,2880,3423,-543
118000072,1713,793,920
118000073,2100,339,1761
118000074,263,438,-175
118000075,545,207,338
118000076,1062,944,118
118000077,1378,798,580
118000078,1379,1217,162
118000079,177,192,-15
118000080,952,677,275
118000081,1234,822,412
118000082,207,530,-323
118000083,1599,836,763
118000084,1949,1077,872
118000086,159,377,-218
118000087,5278,1914,3364
118000088,1545,1350,195
118000089,3146,1769,1377
118000090,1922,1886,36
118000091,1138,1294,-156
118000092,1024,356,668
118000093,101,503,-402
118000096,279,406,-127
118000097,497,436,61
118000098,149,172,-23
118000099,242,780,-538
118000101,485,259,226
118000102,219,1244,-1025
118000107,3020,284,2736
118000108,353,765,-412
118000110,3,19,-16
118000111,1,688,-687
118000112,132,2,130
118000113,4,1076,-1072
118000114,77,0,77
118000115,7,14,-7
118000116,48,1,47
118000117,1075,712,363
118000118,593,521,72
118000119,400,707,-307
118000120,1131,1386,-255
118000121,98,456,-358
118000122,1006,150,856
118000123,35,279,-244
118000125,1560,875,685
118000126,470,1010,-540
118000127,1240,470,770
118000128,627,853,-226
118000129,578,251,327
118000130,2268,3242,-974
118000131,637,944,-307
118000132,1588,1165,423
118000133,395,361,34
118000135,350,207,143
118000136,70,515,-445
118000137,447,78,369
118000138,190,691,-501
118000139,117,110,7
118000140,1518,2225,-707
118000141,1054,1563,-509
118000142,699,1672,-973
118000143,964,821,143
118000144,1010,803,207
118000145,959,2155,-1196
118000146,730,1172,-442
118000147,441,1484,-1043
118000148,248,1240,-992
118000149,400,1054,-654
118000150,115,320,-205
118000151,180,371,-191
118000153,416,886,-470
118000154,558,1288,-730
118000155,489,937,-448
118000156,1695,1707,-12
118000157,298,304,-6
118000158,141,337,-196
118000159,11,55,-44
118000160,319,305,14
118000161,232,712,-480
118000162,548,731,-183
118000163,369,504,-135
118000164,1634,997,637
118000168,846,135,711
118000169,593,1305,-712
118000170,2769,5193,-2424
118000171,124,486,-362
118000172,79,219,-140
118000173,557,909,-352
118000175,143,251,-108
118000176,159,286,-127
118000177,134,417,-283
118000178,68,28,40
118000179,1140,529,611
118000180,474,577,-103
118000181,618,222,396
118000182,194,213,-19
118000183,136,180,-44
118000184,279,798,-519
118000185,670,466,204
118000186,344,548,-204
118000187,529,748,-219
118000188,292,163,129
118000189,162,721,-559
118000190,8,15,-7
118000191,9,16,-7
118000192,175,135,40
118000193,103,218,-115
118000194,1465,716,749
118000195,784,372,412
118000196,329,82,247
118000197,144,65,79
118000198,467,291,176
118000199,570,248,322
118000200,30,184,-154
118000201,416,225,191
118000202,40,29,11
118000203,1411,233,1178
118000204,169,187,-18
118000205,565,246,319
118000206,99,168,-69
118000207,0,122,-122
118000208,580,1185,-605
118000209,985,1669,-684
118000210,28,33,-5
118000211,23,38,-15
118000213,626,528,98
118000214,470,245,225
118000215,136,322,-186
118000216,770,2375,-1605
118000217,11,129,-118
118000218,26,85,-59
118000219,340,251,89
118000220,1,17,-16
118000221,31,196,-165
118000222,46,48,-2
118000223,18,24,-6
118000224,202,75,127
118000225,121,845,-724
118000226,603,66,537
118000227,712,241,471
118000228,84,97,-13
118000229,222,20,202
118000230,47,257,-210
118000231,41,158,-117
118000232,349,845,-496
118000233,421,618,-197
118000234,137,213,-76
118000236,192,396,-204
118000237,31,513,-482
118000238,79,263,-184
118000239,137,256,-119
118000240,442,64,378
118000241,51,199,-148
118000242,167,529,-362
118000243,70,150,-80
118000244,26,162,-136
118000246,0,4,-4
118000255,31,175,-144
118000256,72,206,-134
118000259,2,33,-31
118000260,64,99,-35
118000261,15,64,-49
118000263,52,196,-144
118000266,68,346,-278
118000267,0,58,-58
118000268,170,1,169
118000270,30,41,-11
118000271,160,270,-110
118000272,26,12,14
118000273,53,53,0
118000274,83,282,-199
118000276,143,298,-155
118000295,5,50,-45
118000298,92,363,-271
118000299,47,182,-135
118000301,0,46,-46
118000302,43,65,-22
118000311,85,106,-21
118000312,102,174,-72
118000313,19,82,-63
118000314,27,81,-54
118000315,5,44,-39
118000316,299,439,-140
118000325,5,70,-65
118000326,15,26,-11
118000331,6,33,-27
118000332,9,35,-26
118000333,12,53,-41
118000335,87,1,86
118000336,2,374,-372
118000407,56,51,5
118000457,5,23,-18
118000465,3772,1818,1954
118000480,29,85,-56
118000489,53,133,-80
118000490,112,416,-304
118000492,117,156,-39
118000510,55,7,48
118000514,118,242,-124
118000515,399,280,119
118000517,277,128,149
118000524,666,177,489
118000525,478,647,-169
118000530,3,76,-73
118000531,77,207,-130
118000532,118,225,-107
118000533,249,108,141
118000534,296,270,26
118000535,145,87,58
118000536,663,416,247
118000537,32,54,-22
118000538,19,112,-93
118000539,40,123,-83
118000540,149,215,-66
118000541,91,87,4
118000542,43,103,-60
118000543,121,120,1
118000546,21,31,-10
118000553,0,2,-2
118000560,2949,605,2344
118000562,9,416,-407
118000563,1428,1237,191
118000576,125,160,-35
118000577,180,214,-34
118000578,121,65,56
118000579,796,780,16
118000583,0,0,0
118000595,101,51,50
118000596,0,56,-56
118000597,137,178,-41
118000598,2,0,2
118000599,55,60,-5
118000600,0,6,-6
118000601,0,0,0
118000602,0,11,-11
118000603,0,50,-50
118000605,23,625,-602
118000606,6,45,-39
118900001,909,483,426
118900002,798,439,359
118900003,77,4,73
118900004,26,39,-13
118900005,35,0,35
118900006,47,0,47
118900007,9,4,5
118900008,895,29,866
118900009,12,9,3
118900010,34,0,34
118900011,32,14,18
118900012,275,150,125
118900013,561,23,538
118900015,51,10,41
118900016,3,19,-16
118900017,189,168,21
118900018,956,13,943
118900019,50,5,45
118900020,132,81,51
118900021,97,232,-135
118900022,70,76,-6
118900023,27,95,-68
118900024,27,151,-124
118900025,8,12,-4
118900026,28,78,-50
118900027,261,171,90
118900028,50,121,-71
118900029,76,325,-249
118900030,92,47,45
118900031,75,119,-44
118900032,48,182,-134
118900033,186,590,-404
118900034,34,3,31
118900035,56,281,-225
118900036,499,572,-73
118900037,182,249,-67
118900038,142,309,-167
118900039,121,198,-77
118900040,100,102,-2
118900041,174,183,-9
118900042,64,63,1
118900045,171,146,25
118900046,621,151,470
118900047,609,127,482
118900048,116,170,-54
118900049,39,29,10
118900050,7,126,-119
118900051,91,50,41
118900052,97,213,-116
118900053,11,65,-54
118900054,52,64,-12
118900055,18,127,-109
118900056,11,111,-100
118900057,181,212,-31
118900058,180,363,-183
118900059,17,50,-33
118900060,16,123,-107
118900062,37,174,-137
118900064,546,239,307
118900065,8,91,-83
118900066,30,102,-72
118900067,5004,1537,3467
118900068,2,117,-115
118900069,184,191,-7
118900071,0,54,-54
118900072,200,273,-73
118900073,43,92,-49
118900074,39,158,-119
118900075,22,70,-48
118900076,123,41,82
118900077,81,115,-34
118900078,14,4,10
118900079,40,166,-126
118900080,9,61,-52
118900081,38,25,13
118900082,371,144,227
118900083,7,11,-4
118900084,8,18,-10
118900085,323,784,-461
118900086,12,50,-38
118900087,22,143,-121
118900088,0,7,-7
118900089,16,12,4
118900090,203,332,-129
118900091,101,99,2
118900092,50,59,-9
118900093,77,13,64
118900096,87,118,-31
118900097,100,567,-467
118900099,25,222,-197
118900100,71,156,-85
118900101,19,403,-384
118900102,11,46,-35
118900103,10,35,-25
118900104,28,57,-29
118900105,71,75,-4
118900107,78,45,33
118900108,31,51,-20
118900110,1307,343,964
118900111,161,559,-398
118900112,17,80,-63
118900113,50,459,-409
118900114,9,49,-40
118900115,36,213,-177
118900116,61,104,-43
118900117,45,101,-56
118900118,119,394,-275
118900119,80,309,-229
118900120,35,278,-243
118900121,8,244,-236
118900122,5,309,-304
118900123,73,145,-72
118900124,22,125,-103
118900126,13,183,-170
118900129,117,95,22
118900130,42,86,-44
118900131,55,264,-209
118900132,196,83,113
118900133,16,37,-21
118900135,70,141,-71
118900136,101,620,-519
118900137,0,18,-18
118900139,79,476,-397
118900140,253,677,-424
118900141,25,262,-237
118900144,82,533,-451
118900145,18,148,-130
118900146,111,672,-561
118900147,141,110,31
118900148,18,52,-34
118900150,79,274,-195
118900152,164,794,-630
118900157,98,85,13
118900158,10,107,-97
118900159,0,157,-157
118900161,69,4,65
118900163,205,37,168
118900164,5,80,-75
118900165,15,140,-125
118900166,54,5,49
118900167,57,95,-38
118900168,2,27,-25
118900169,74,263,-189
118900170,30,102,-72
118900171,0,12,-12
118900174,26,39,-13
118900175,113,256,-143
118900176,33,119,-86
118900177,9,71,-62
118900178,19,49,-30
118900179,0,17,-17
118900181,57,81,-24
118900182,41,25,16
118900183,7,44,-37
118900184,77,18,59
118900185,68,136,-68
118900186,62,52,10
118900187,105,208,-103
118900188,81,219,-138
118900189,25,245,-220
118900190,10,532,-522
118900191,81,23,58
118900192,59,12,47
118900193,128,7,121
118900195,182,705,-523
118900196,13,156,-143
118900197,61,85,-24
118900198,6,57,-51
118900199,16,72,-56
118900200,4,7,-3
118900201,13,11,2
118900202,3,52,-49
118900203,0,33,-33
118900204,0,25,-25
118900205,2,16,-14
118900206,1,14,-13
119000001,617,855,-238
119000002,1379,2143,-764
119000003,785,1169,-384
119000004,916,1086,-170
119000005,1027,1161,-134
119000006,1203,1177,26
119000007,1918,2164,-246
119000008,1127,1871,-744
119000009,2316,1662,654
119000010,6626,2947,3679
119000011,3833,1276,2557
119000012,3341,2186,1155
119000013,1484,1013,471
119000014,1733,2885,-1152
119000019,124,96,28
119000020,773,964,-191
119000021,1702,1448,254
119000022,2343,1096,1247
119000023,163,131,32
119000024,1442,4240,-2798
119000025,8731,862,7869
119000026,170,195,-25
119000027,208,243,-35
119000028,1719,851,868
119000029,107,217,-110
119000030,297,925,-628
119000031,486,704,-218
119000032,1581,1779,-198
119000033,1110,1286,-176
119000034,654,830,-176
119000035,13,375,-362
119000036,586,1080,-494
119000037,722,2018,-1296
119000038,173,1312,-1139
119000039,157,266,-109
119000040,827,337,490
119000041,655,999,-344
119000048,2860,3673,-813
119000049,975,3506,-2531
119000050,1040,2074,-1034
119000051,1212,705,507
119000052,1514,2375,-861
119000053,1074,840,234
119000054,1941,3359,-1418
119000055,1918,3086,-1168
119000056,1080,1645,-565
119000057,990,2263,-1273
119000058,1164,1830,-666
119000059,632,1326,-694
119000060,760,575,185
119000061,550,770,-220
119000062,748,1000,-252
119000063,233,317,-84
119000064,1225,1695,-470
119000065,1335,2476,-1141
119000066,1057,681,376
119000067,1413,2322,-909
119000068,771,868,-97
119000069,983,2071,-1088
119000070,1166,937,229
119000071,363,622,-259
119000072,5423,3141,2282
119000073,3761,3949,-188
119000074,524,3591,-3067
119000075,545,2086,-1541
119000076,338,658,-320
119000077,483,382,101
119000078,191,343,-152
119000079,57,702,-645
119000080,79,17,62
119000081,114,287,-173
119000082,196,195,1
119000083,212,222,-10
119000084,204,435,-231
119000085,422,298,124
119000086,198,253,-55
119000087,1289,869,420
119000088,203,218,-15
119000090,130,128,2
119000091,97,159,-62
119000092,499,203,296
119000093,3279,3153,126
119000094,1447,4294,-2847
119000095,759,2584,-1825
119000097,1876,1391,485
119000098,458,1152,-694
119000099,1461,1371,90
119000100,1525,1518,7
119000101,1694,2014,-320
119000102,464,513,-49
119000103,862,416,446
119000104,2764,1176,1588
119000105,477,676,-199
119000106,196,1840,-1644
119000107,268,398,-130
119000108,168,1377,-1209
119000109,79,229,-150
119000110,268,264,4
119000111,30,417,-387
119000112,129,64,65
119000113,1929,202,1727
119000114,463,373,90
119000115,139,202,-63
119000116,111,89,22
119000117,48,235,-187
119000118,3,2,1
119000123,1995,516,1479
119000124,212,194,18
119000125,1310,1055,255
119000126,350,955,-605
119000127,170,825,-655
119000128,24,6,18
119000131,360,992,-632
119000132,0,3,-3
119000133,1,10,-9
119000134,2072,398,1674
119000135,39,223,-184
119000136,76,285,-209
119000137,48,544,-496
119000138,106,407,-301
119000139,98,210,-112
119000140,47,226,-179
119000284,1220,2371,-1151
119000285,2068,1909,159
119000286,5793,3906,1887
119000287,996,1862,-866
119000288,1342,1522,-180
119000289,1991,3388,-1397
119000290,123,519,-396
119000291,4,339,-335
119000293,131,213,-82
119000294,21,40,-19
119000295,1712,440,1272
119000296,251,225,26
119000302,3838,1209,2629
119000303,146,105,41
119000310,0,0,0
119000314,1154,3889,-2735
119000315,2,687,-685
119000316,24,93,-69
119000317,15,474,-459
119000319,46,192,-146
119900001,82,586,-504
119900002,39,251,-212
119900003,39,1081,-1042
119900004,212,249,-37
119900005,31,163,-132
119900006,103,254,-151
119900007,470,46,424
119900008,3,22,-19
119900009,257,423,-166
119900010,633,818,-185
119900011,7,25,-18
119900012,9,26,-17
119900013,1178,489,689
119900014,422,151,271
119900015,37,22,15
119900016,7,65,-58
119900017,7,16,-9
119900018,1237,200,1037
119900019,8,7,1
119900020,26,94,-68
119900021,53,29,24
119900022,90,166,-76
119900023,721,473,248
119900025,44,13,31
119900026,617,70,547
119900027,5,21,-16
119900028,158,40,118
119900029,0,7,-7
119900030,209,342,-133
119900031,18,179,-161
119900033,1265,98,1167
119900034,91,144,-53
119900037,46,24,22
119900038,18,60,-42
119900039,22,3,19
119900040,21,9,12
119900041,50,38,12
119900042,25,141,-116
119900043,15,166,-151
119900044,113,214,-101
119900046,34,72,-38
119900047,83,47,36
119900048,39,47,-8
119900049,24,1,23
119900050,13,29,-16
119900051,284,7,277
119900052,31,49,-18
119900053,43,195,-152
119900054,33,4,29
119900055,451,252,199
119900057,50,85,-35
119900058,70,1,69
119900059,56,27,29
119900060,84,10,74
119900061,48,5,43
119900062,22,13,9
119900063,5,29,-24
119900065,114,5,109
119900067,38,16,22
119900068,148,6,142
119900069,42,15,27
119900070,220,1,219
119900071,207,16,191
119900073,1470,319,1151
119900074,11,14,-3
119900075,5397,1298,4099
119900076,174,498,-324
119900077,195,1284,-1089
119900078,174,818,-644
119900079,304,347,-43
119900080,185,317,-132
119900081,149,148,1
119900082,357,99,258
119900083,261,68,193
119900084,372,96,276
119900085,109,62,47
119900086,150,1044,-894
119900087,175,112,63
119900088,37,46,-9
119900089,16,511,-495
119900090,164,45,119
119900091,30,1094,-1064
119900092,6,324,-318
119900093,401,42,359
119900094,16,173,-157
119900095,113,37,76
119900096,18,65,-47
119900097,388,116,272
119900098,8,28,-20
119900099,31,212,-181
119900100,2413,1307,1106
119900101,172,655,-483
119900102,16,266,-250
119900103,11,484,-473
119900104,8,194,-186
119900105,413,838,-425
119900106,11,225,-214
119900107,258,3425,-3167
119900108,1555,551,1004
119900109,13,210,-197
119900110,319,603,-284
119900111,14,368,-354
119900112,2665,298,2367
119900113,55,500,-445
119900114,88,1517,-1429
119900115,65,1326,-1261
119900116,72,204,-132
119900117,84,815,-731
119900118,18,1308,-1290
119900119,40,244,-204
119900120,478,563,-85
119900121,109,1324,-1215
119900122,223,396,-173
119900123,89,215,-126
119900124,81,936,-855
119900125,31,401,-370
119900126,4326,154,4172
119900127,2876,683,2193
119900128,166,741,-575
119900129,69,759,-690
119900130,63,230,-167
119900131,23,297,-274
119900132,0,370,-370
119900133,14,18,-4
119900134,2065,176,1889
119900135,1,441,-440
119900136,133,496,-363
119900138,301,477,-176
119900139,9,41,-32
119900140,1,135,-134
119900141,73,234,-161
119900142,0,8,-8
119900143,7,189,-182
119900144,2047,204,1843
119900145,39,201,-162
119900146,105,75,30
119900147,4,82,-78
119900148,67,26,41
119900149,1442,1346,96
119900150,166,179,-13
119900151,909,466,443
119900152,39,397,-358
119900153,46,43,3
119900154,12,958,-946
119900155,4,13,-9
119900156,3,0,3
119900157,28,250,-222
119900158,28,49,-21
119900159,11,1782,-1771
119900160,12,241,-229
119900161,125,253,-128
119900162,496,472,24
119900163,102,83,19
119900164,0,1,-1
119900165,47,256,-209
119900166,46,25,21
119900167,107,103,4
119900168,252,306,-54
119900169,96,130,-34
119900170,101,133,-32
119900171,334,408,-74
119900172,52,15,37
119900173,5,498,-493
119900174,2,254,-252
119900175,425,546,-121
119900177,12,246,-234
119900178,3,160,-157
119900179,43,152,-109
119900180,442,475,-33
119900181,25,28,-3
119900182,0,356,-356
119900183,68,873,-805
119900184,2422,449,1973
119900185,12,65,-53
119900186,29,272,-243
119900187,6,570,-564
119900188,14,246,-232
119900189,254,167,87
119900190,34,91,-57
119900191,146,78,68
119900192,7,188,-181
119900193,76,154,-78
119900194,3,23,-20
119900195,8,155,-147
119900196,1586,456,1130
119900197,65,74,-9
119900198,56,410,-354
119900199,93,4,89
119900200,220,376,-156
119900201,278,131,147
119900202,127,59,68
119900203,65,201,-136
119900204,77,244,-167
119900205,176,614,-438
119900206,43,103,-60
119900208,52,109,-57
119900209,205,425,-220
119900210,18,44,-26
119900211,48,10,38
119900212,67,262,-195
119900213,1,47,-46
119900214,7,99,-92
119900215,11,105,-94
119900216,15,89,-74
119900217,3,51,-48
119900218,9,64,-55
119900219,8,113,-105
119900220,5,112,-107
119900221,13,428,-415
119900222,12,305,-293
119900223,26,111,-85
119900224,7,29,-22
119900225,1295,35,1260
119900226,658,722,-64
119900227,1071,255,816
119900228,7,222,-215
119900229,200,329,-129
119900230,1003,459,544
119900231,81,201,-120
119900232,128,50,78
119900233,11,0,11
119900234,12,20,-8
119900235,5,16,-11
119900236,11,169,-158
119900237,9,402,-393
119900238,0,83,-83
119900240,22,147,-125
119900241,97,187,-90
119900242,1288,762,526
119900244,589,811,-222
119900245,30,66,-36
119900246,142,226,-84
119900247,10,53,-43
119900248,16,34,-18
119900249,146,27,119
119900253,3764,195,3569
119900254,33,212,-179
119900255,37,397,-360
119900256,136,1264,-1128
119900257,13,0,13
119900258,13,2,11
119900259,2,242,-240
119900260,21,0,21
119900261,91,184,-93
119900262,0,275,-275
119900263,713,297,416
119900264,31,216,-185
119900265,111,279,-168
119900266,90,285,-195
119900267,65,290,-225
119900268,53,224,-171
119900269,228,1197,-969
119900271,10,59,-49
119900272,61,12,49
119900275,51,6,45
119900276,26,0,26
119900277,3,3,0
119900278,135,51,84
119900279,49,75,-26
119900280,944,162,782
119900281,1,45,-44
119900282,32,17,15
119900283,1,359,-358
119900284,37,117,-80
119900285,16,42,-26
119900286,17,8,9
119900288,3,43,-40
119900289,1,38,-37
119900290,0,43,-43
119900291,1,23,-22
119900292,15,7,8
119900293,10,75,-65
119900294,10,58,-48
119900295,0,71,-71
119900296,4,263,-259
119900297,0,17,-17
119900298,5,4,1
119900299,13,204,-191
119900300,60,171,-111
119900301,23,6,17
119900302,7,26,-19
119900303,64,104,-40
119900304,26,12,14
119900305,16,81,-65
119900306,9,0,9
119900307,22,86,-64
119900308,2,14,-12
119900309,9,39,-30
119900310,165,277,-112
119900311,28,174,-146
119900312,25,70,-45
119900313,101,327,-226
119900314,77,174,-97
119900315,399,2523,-2124
119900318,8,9,-1
119900319,1,381,-380
119900320,29,824,-795
119900321,21,0,21
120000001,6059,6873,-814
120000002,1697,2975,-1278
120000003,3051,1829,1222
120000004,2567,2230,337
120000005,4124,1896,2228
120000006,1093,1276,-183
120000007,3094,2036,1058
120000008,797,1082,-285
120000009,4439,869,3570
120000010,1404,2888,-1484
120000011,1024,1984,-960
120000012,1131,2469,-1338
120000013,1939,2663,-724
120000014,461,1350,-889
120000015,2015,1213,802
120000016,2232,2226,6
120000017,1639,1541,98
120000018,4314,5529,-1215
120000019,609,919,-310
120000020,2518,1983,535
120000021,1723,1393,330
120000022,2317,2656,-339
120000023,771,1433,-662
120000024,1186,1935,-749
120000025,1493,2097,-604
120000026,632,1766,-1134
120000027,881,1453,-572
120000028,490,330,160
120000029,1875,343,1532
120000030,179,527,-348
120000031,1414,3908,-2494
120000032,8370,2895,5475
120000033,2304,1576,728
120000034,926,2094,-1168
120000035,1077,2272,-1195
120000036,1850,3287,-1437
120000037,456,677,-221
120000038,9209,2891,6318
120000039,342,1006,-664
120000040,60,102,-42
120000041,333,1545,-1212
120000042,1090,4166,-3076
120000043,3077,2361,716
120000044,2460,1062,1398
120000045,2350,892,1458
120000046,1175,1328,-153
120000047,1607,1895,-288
120000048,6452,2870,3582
120000049,3017,2501,516
120000050,2488,4382,-1894
120000051,3084,3264,-180
120000052,13508,2224,11284
120000053,910,4723,-3813
120000054,1162,6699,-5537
120000055,980,4302,-3322
120000056,2059,4261,-2202
120000057,1041,770,271
120000058,400,195,205
120000059,22,890,-868
120000061,68,556,-488
120000062,201,206,-5
120000063,1645,2982,-1337
120000064,163,1690,-1527
120000065,308,1855,-1547
120000066,96,433,-337
120000067,31,605,-574
120000068,114,1199,-1085
120000069,348,1605,-1257
120000070,28,1088,-1060
120000071,105,190,-85
120000072,188,463,-275
120000073,227,110,117
120000074,31,65,-34
120000075,234,207,27
120000076,713,317,396
120000077,829,379,450
120000078,2008,543,1465
120000079,162,742,-580
120000080,124,288,-164
120000081,154,157,-3
120000082,161,209,-48
120000083,91,341,-250
120000084,363,442,-79
120000085,235,454,-219
120000086,229,869,-640
120000087,170,1376,-1206
120000088,527,1263,-736
120000089,592,424,168
120000090,347,516,-169
120000091,431,708,-277
120000092,603,537,66
120000093,149,476,-327
120000094,98,341,-243
120000095,593,750,-157
120000096,163,1150,-987
120000098,358,840,-482
120000099,116,674,-558
120000100,430,933,-503
120000101,420,466,-46
120000102,245,422,-177
120000103,645,338,307
120000104,1046,196,850
120000105,1185,250,935
120000106,884,316,568
120000107,1465,353,1112
120000108,390,76,314
120000109,454,52,402
120000110,76,935,-859
120000111,95,1458,-1363
120000112,545,4890,-4345
120000113,412,3235,-2823
120000114,650,2772,-2122
120000115,295,2423,-2128
120000116,513,2138,-1625
120000117,1143,1678,-535
120000118,48,42,6
120000119,27,71,-44
120000120,62,43,19
120000121,44,65,-21
120000122,262,207,55
120000123,5934,2955,2979
120000124,299,490,-191
120000125,206,639,-433
120000126,242,579,-337
120000127,2039,547,1492
120000128,4710,1697,3013
120000129,215,312,-97
120000130,666,756,-90
120000131,248,442,-194
120000134,260,1583,-1323
120000135,119,226,-107
120000137,74,2521,-2447
120000138,197,449,-252
120000139,83,1113,-1030
120000140,193,580,-387
120000141,95,588,-493
120000142,177,571,-394
120000143,2,121,-119
120000144,16,0,16
120000145,89,2,87
120000146,2097,801,1296
120000149,467,790,-323
120000150,4412,6031,-1619
120000151,313,424,-111
120000152,201,269,-68
120000153,87,744,-657
120000154,349,356,-7
120000155,112,279,-167
120000156,1515,551,964
120000157,613,561,52
120000158,439,818,-379
120000159,1419,2016,-597
120000160,1526,1078,448
120000161,837,2310,-1473
120000162,77,209,-132
120000163,197,1842,-1645
120000164,181,514,-333
120000165,177,999,-822
120000166,389,536,-147
120000167,6,27,-21
120000168,3,73,-70
120000169,102,223,-121
120000170,109,133,-24
120000171,16,39,-23
120000172,22,39,-17
120000173,2385,169,2216
120000174,521,3,518
120000175,549,8,541
120000176,277,58,219
120000177,971,318,653
120000178,74,1,73
120000179,385,21,364
120000180,346,29,317
120000181,81,60,21
120000182,94,74,20
120000183,5,109,-104
120000184,106,758,-652
120000186,61,73,-12
120000187,86,39,47
120000188,215,45,170
120000190,1114,12,1102
120000191,1669,24,1645
120000192,1811,4,1807
120000193,445,3,442
120000195,86,2,84
120000196,216,27,189
120000197,48,100,-52
120000198,85,170,-85
120000199,29,0,29
120000200,37,0,37
120000201,8,11,-3
120000202,0,43,-43
120000203,18,343,-325
120000207,1,119,-118
120000208,14,422,-408
120000209,4,132,-128
120000210,184,144,40
120000211,18,0,18
120000212,43,3,40
120000213,55,485,-430
120000214,2,555,-553
120000215,2,176,-174
120000216,21,7,14
120000217,766,1213,-447
120000218,269,1215,-946
120000219,14,880,-866
120000220,15,3196,-3181
120000225,462,1,461
120000226,95,1,94
120000227,426,16,410
120000228,6795,1275,5520
120000230,97,9,88
120000231,325,2297,-1972
120000233,70,20,50
120000235,55,819,-764
120000236,330,0,330
120000237,1,2445,-2444
120000238,15,95,-80
120000241,875,2555,-1680
120000412,1795,11,1784
120000413,83,546,-463
120000414,50,3,47
120000415,0,276,-276
120000416,18,19,-1
120000417,5,117,-112
120000418,42,17,25
120000419,7,513,-506
120000420,219,64,155
120000421,13149,4928,8221
120000422,216,356,-140
120000423,0,39,-39
120000424,25,162,-137
120000436,103,342,-239
120000437,173,146,27
120000438,4937,368,4569
120000439,96,242,-146
120000443,56,0,56
120000444,486,549,-63
120000445,1032,1198,-166
120000446,1006,347,659
120000447,69,4,65
120000449,90,14,76
120000450,7,499,-492
120000451,83,239,-156
120000452,16,2,14
120000453,0,341,-341
120000454,115,101,14
120000455,47,59,-12
120000456,2522,1909,613
120000457,995,925,70
120000458,451,711,-260
120000459,43,113,-70
120000665,719,124,595
120000668,68,140,-72
120000669,46,470,-424
120000670,184,303,-119
120000671,495,237,258
120000672,113,483,-370
120900001,66,27,39
120900002,290,163,127
120900003,99,40,59
120900004,5,27,-22
120900005,4,1484,-1480
120900006,139,145,-6
120900007,81,151,-70
120900008,81,1341,-1260
120900009,310,59,251
120900010,156,36,120
120900011,352,85,267
120900012,869,527,342
120900013,199,23,176
120900014,1,698,-697
120900015,181,72,109
120900016,255,48,207
120900017,3150,87,3063
120900018,16,438,-422
120900019,289,80,209
120900020,533,452,81
120900021,257,56,201
120900022,16,380,-364
120900023,51,39,12
120900024,1033,378,655
120900025,1842,685,1157
120900026,59,171,-112
120900027,462,67,395
120900028,98,26,72
120900029,75,171,-96
120900030,544,395,149
120900031,84,19,65
120900032,322,143,179
120900033,411,28,383
120900034,14,1244,-1230
120900035,34,87,-53
120900037,38,5,33
120900038,30,131,-101
120900039,53,15,38
120900040,72,0,72
120900041,94,16,78
120900042,117,59,58
120900043,15,4,11
120900044,5,384,-379
120900045,69,78,-9
120900046,161,6,155
120900047,48,26,22
120900048,52,9,43
120900049,133,1,132
120900050,3957,910,3047
120900051,118,98,20
120900052,148,2,146
120900053,65,73,-8
120900054,1225,598,627
120900055,117,3,114
120900056,201,8,193
120900057,52,17,35
120900058,158,0,158
120900059,37,2,35
120900060,16,25,-9
120900061,216,288,-72
120900062,61,2,59
120900063,218,0,218
120900064,101,1,100
120900065,153,0,153
120900066,96,283,-187
120900067,176,47,129
120900068,40,1,39
120900069,74,95,-21
120900071,1,5,-4
120900072,178,4,174
120900073,215,285,-70
120900074,187,4,183
120900076,101,0,101
120900077,3033,185,2848
120900078,206,809,-603
120900079,234,63,171
120900080,262,3151,-2889
120900081,374,1315,-941
120900082,501,194,307
120900083,28,3,25
120900084,122,160,-38
120900085,160,83,77
120900086,150,116,34
120900087,149,67,82
120900088,66,122,-56
120900089,4852,945,3907
120900090,62,178,-116
120900091,292,226,66
120900092,826,745,81
120900093,4456,252,4204
120900094,473,165,308
120900095,149,38,111
120900096,4,90,-86
120900097,486,1080,-594
120900098,232,178,54
120900099,33,70,-37
120900100,53,452,-399
120900101,525,350,175
120900102,14,90,-76
120900103,35,89,-54
120900104,11,36,-25
120900105,26,1029,-1003
120900106,1244,586,658
120900107,359,155,204
120900108,3,1261,-1258
120900109,30,877,-847
120900110,4,465,-461
120900111,108,407,-299
120900112,6,1549,-1543
120900113,15,1206,-1191
120900114,32,248,-216
120900115,101,166,-65
120900116,88,594,-506
120900117,3,573,-570
120900118,8,1248,-1240
120900119,3161,3154,7
120900120,31,794,-763
120900121,61,415,-354
120900122,93,769,-676
120900123,7,700,-693
120900124,4,994,-990
120900125,12,1165,-1153
120900126,1405,739,666
120900127,1,693,-692
120900128,739,909,-170
120900129,39,428,-389
120900130,6,369,-363
120900131,16,52,-36
120900132,338,363,-25
120900133,142,1087,-945
120900134,475,432,43
120900135,5,817,-812
120900136,8,16,-8
120900137,45,87,-42
120900138,26,229,-203
120900139,6,1032,-1026
120900140,6,51,-45
120900141,42,74,-32
120900142,23,956,-933
120900143,8,1175,-1167
120900144,0,209,-209
120900145,32,1082,-1050
120900146,4,1226,-1222
120900147,0,338,-338
120900148,64,102,-38
120900149,3,391,-388
120900150,11,645,-634
120900151,2,898,-896
120900152,0,63,-63
120900153,10,73,-63
120900154,0,412,-412
120900155,40,1377,-1337
120900156,12,632,-620
120900157,23,252,-229
120900158,29,554,-525
120900159,60,552,-492
120900160,30,343,-313
120900161,14,816,-802
120900162,13,946,-933
120900163,14,165,-151
120900164,0,1,-1
120900165,0,9,-9
120900166,13,67,-54
120900167,163,64,99
120900169,27,531,-504
120900170,2559,1140,1419
120900171,1054,347,707
120900172,943,132,811
120900173,0,43,-43
120900174,3,121,-118
120900175,228,191,37
120900176,11,193,-182
120900177,0,343,-343
120900178,0,97,-97
120900179,914,422,492
120900180,82,58,24
120900181,31,92,-61
120900182,7,417,-410
120900183,458,79,379
120900184,166,49,117
120900185,0,276,-276
120900186,1,590,-589
120900187,136,438,-302
120900188,49,13,36
120900189,95,336,-241
120900190,29,8,21
120900191,1,21,-20
120900192,13268,1916,11352
120900194,17,66,-49
120900195,71,244,-173
120900196,300,48,252
120900197,301,40,261
120900198,176,633,-457
120900199,154,111,43
120900200,110,100,10
120900201,530,115,415
120900202,0,233,-233
120900203,15,38,-23
120900204,226,365,-139
120900205,81,101,-20
120900206,4,18,-14
120900207,33,1052,-1019
121000001,824,1004,-180
121000002,1658,1017,641
121000003,3137,1589,1548
121000004,1921,2820,-899
121000005,1814,2186,-372
121000006,2211,961,1250
121000007,2312,2312,0
121000008,4132,2263,1869
121000009,4916,4001,915
121000010,6502,2742,3760
121000011,7468,7712,-244
121000012,11155,5084,6071
121000013,3999,5157,-1158
121000014,5762,4320,1442
121000015,3329,4586,-1257
121000016,3994,2533,1461
121000017,1149,2695,-1546
121000018,1330,1234,96
121000019,15901,6702,9199
121000020,10454,6174,4280
121000021,2682,2517,165
121000022,1008,1319,-311
121000023,2799,2605,194
121000024,1736,2344,-608
121000025,423,574,-151
121000026,218,88,130
121000027,1020,756,264
121000028,480,335,145
121000029,521,571,-50
121000030,260,258,2
121000031,363,469,-106
121000032,139,47,92
121000034,207,115,92
121000035,83,94,-11
121000036,1060,675,385
121000037,513,487,26
121000038,488,388,100
121000039,242,175,67
121000041,262,369,-107
121000042,147,247,-100
121000043,526,493,33
121000044,1212,487,725
121000045,161,268,-107
121000046,248,479,-231
121000047,113,185,-72
121000049,1370,502,868
121000050,257,849,-592
121000051,392,240,152
121000052,196,454,-258
121000053,323,56,267
121000054,46,200,-154
121000055,1095,829,266
121000056,618,841,-223
121000057,107,202,-95
121000058,350,74,276
121000059,1442,614,828
121000060,355,684,-329
121000061,95,130,-35
121000062,78,223,-145
121000063,507,360,147
121000064,455,509,-54
121000065,341,312,29
121000066,462,393,69
121000067,715,264,451
121000068,378,188,190
121000069,165,281,-116
121000070,1336,957,379
121000071,695,657,38
121000072,877,491,386
121000073,562,519,43
121000074,53,114,-61
121000075,22,24,-2
121000076,680,235,445
121000077,70,69,1
121000078,76,137,-61
121000080,2083,505,1578
121000081,1882,1523,359
121000082,100,178,-78
121000083,156,92,64
121000084,139,85,54
121000085,322,271,51
121000086,144,716,-572
121000087,43,206,-163
121000088,246,480,-234
121000089,295,192,103
121000090,221,271,-50
121000091,1117,505,612
121000092,113,82,31
121000093,115,160,-45
121000094,423,376,47
121000095,257,396,-139
121000096,1793,1859,-66
121000097,1236,1345,-109
121000098,246,1075,-829
121000099,324,761,-437
121000100,462,485,-23
121000101,85,226,-141
121000102,86,338,-252
121000103,65,265,-200
121000104,115,135,-20
121000105,153,161,-8
121000106,99,286,-187
121000107,1787,3094,-1307
121000109,1051,930,121
121000110,235,425,-190
121000114,2057,1947,110
121000115,546,633,-87
121000116,396,675,-279
121000117,905,235,670
121000118,901,220,681
121000119,877,319,558
121000120,104,390,-286
121000121,279,681,-402
121000123,961,442,519
121000127,76,71,5
121000128,467,416,51
121000129,370,422,-52
121000130,288,861,-573
121000131,1551,970,581
121000132,956,969,-13
121000135,297,159,138
121000136,713,460,253
121000137,384,164,220
121000138,644,630,14
121000139,314,81,233
121000141,164,68,96
121000142,536,403,133
121000143,137,16,121
121000144,958,623,335
121000145,351,1056,-705
121000146,764,595,169
121000147,431,304,127
121000148,542,847,-305
121000149,1325,912,413
121000152,272,480,-208
121000153,1133,371,762
121000154,549,389,160
121000155,770,896,-126
121000156,241,660,-419
121000157,1208,1560,-352
121000158,276,534,-258
121000159,113,502,-389
121000160,183,600,-417
121000161,77,294,-217
121000162,9,231,-222
121000165,1374,1294,80
121000166,24,506,-482
121000168,159,205,-46
121000169,28,109,-81
121000170,123,60,63
121000171,18,129,-111
121000172,333,342,-9
121000173,888,530,358
121000174,131,301,-170
121000175,348,431,-83
121000176,236,200,36
121000177,444,531,-87
121000178,67,51,16
121000179,71,77,-6
121000181,304,224,80
121000182,94,131,-37
121000183,15,68,-53
121000184,46,49,-3
121000185,12,126,-114
121000186,103,236,-133
121000187,64,202,-138
121000188,50,221,-171
121000192,368,251,117
121000193,383,373,10
121000194,2208,1642,566
121000195,325,859,-534
121000196,713,159,554
121000197,200,544,-344
121000198,207,30,177
121000199,74,495,-421
121000200,232,54,178
121000201,2,224,-222
121000202,331,66,265
121000203,455,2121,-1666
121000204,1179,452,727
121000205,128,245,-117
121000206,81,29,52
121000207,1169,433,736
121000208,8,410,-402
121000209,128,440,-312
121000210,161,523,-362
121000211,117,97,20
121000212,164,667,-503
121000213,7068,1853,5215
121000214,654,1357,-703
121000215,969,606,363
121000216,260,403,-143
121000217,3298,1837,1461
121000218,423,1440,-1017
121000219,1072,254,818
121000220,302,86,216
121000221,124,144,-20
121000222,2376,1875,501
121000223,533,349,184
121000224,262,138,124
121000225,1412,906,506
121000226,2658,528,2130
121000227,5,125,-120
121000228,15,760,-745
121000229,72,424,-352
121000230,52,1710,-1658
121000231,354,17,337
121000232,334,174,160
121000233,317,243,74
121000234,8,19,-11
121000235,60,41,19
121000236,3,33,-30
121000237,41,18,23
121000238,1,96,-95
121000239,6,8,-2
121000240,1,148,-147
121000241,52,15,37
121000242,70,127,-57
121000243,559,77,482
121000244,0,63,-63
121000245,8,24,-16
121000246,1,88,-87
121000247,21,0,21
121000248,562,630,-68
121000249,87,188,-101
121000250,182,89,93
121000251,11,554,-543
121000252,42,21,21
121000253,196,481,-285
121000254,302,248,54
121000255,86,124,-38
121000256,166,135,31
121000257,45,66,-21
121000258,56,91,-35
121000259,22,32,-10
121000260,55,105,-50
121000261,25,36,-11
121000262,700,470,230
121000263,239,357,-118
121000271,168,1696,-1528
121000273,98,12,86
121000274,1,27,-26
121000275,8,22,-14
121000276,2,5,-3
121000278,12,32,-20
121000279,31,13,18
121000280,21,24,-3
121000289,59,3,56
121000290,1098,564,534
121000294,42,166,-124
121000297,781,692,89
121000299,230,270,-40
121000300,442,414,28
121000302,111,579,-468
121000303,390,327,63
121000304,348,38,310
121000305,77,38,39
121000306,39,89,-50
121000308,112,219,-107
121000309,262,434,-172
121000310,41,326,-285
121000311,45,594,-549
121000312,179,140,39
121000313,317,286,31
121000314,186,88,98
121000315,40,117,-77
121000530,721,1078,-357
121000531,810,1232,-422
121000532,4086,3229,857
121000533,1938,1849,89
121000918,12,195,-183
121000919,9,36,-27
121000938,438,331,107
121000939,699,267,432
121000956,436,1202,-766
121000957,0,11,-11
121000958,35,32,3
121000959,256,875,-619
121000960,1549,1936,-387
121000961,104,66,38
121000962,356,680,-324
121000963,0,0,0
121000973,0,482,-482
121000976,8,135,-127
121000979,160,37,123
121000981,260,122,138
121000982,146,219,-73
121000983,253,362,-109
121000984,4,36,-32
121000985,235,658,-423
121000986,140,328,-188
121000987,150,1541,-1391
121000988,305,100,205
121001302,246,75,171
121001308,0,3,-3
121001309,88,47,41
121001313,67,319,-252
121001314,2915,3512,-597
121001315,3418,1345,2073
121001326,287,323,-36
121900001,46,107,-61
121900002,31,17,14
121900003,212,1,211
121900004,74,258,-184
121900005,9,6,3
121900006,35,15,20
121900007,1318,1408,-90
121900008,123,50,73
121900009,360,9,351
121900010,184,0,184
121900011,78,280,-202
121900012,1,0,1
121900013,1291,27,1264
121900014,743,296,447
121900015,87,115,-28
121900016,5,42,-37
121900017,156,382,-226
121900018,250,2,248
121900019,165,166,-1
121900020,17,0,17
121900021,752,14,738
121900022,114,103,11
121900023,42,276,-234
121900024,293,52,241
121900025,251,204,47
121900026,181,18,163
121900027,102,60,42
121900028,177,18,159
121900029,32,121,-89
121900030,390,315,75
121900031,746,3064,-2318
121900032,34,43,-9
121900033,103,77,26
121900034,176,52,124
121900035,1586,1086,500
121900036,37,255,-218
121900037,72,403,-331
121900038,10,92,-82
121900039,237,18,219
121900040,20,39,-19
121900041,52,111,-59
121900042,171,85,86
121900043,2,8,-6
121900044,179,22,157
121900046,83,139,-56
121900047,64,57,7
121900048,10,95,-85
121900050,7,33,-26
121900051,69,162,-93
121900052,65,19,46
121900053,165,156,9
121900054,383,539,-156
121900055,0,16,-16
121900058,57,192,-135
121900059,173,81,92
121900060,56,218,-162
121900062,50,42,8
121900063,447,241,206
121900064,66,492,-426
121900066,30,22,8
121900067,17,13,4
121900069,135,60,75
121900070,138,80,58
121900071,78,203,-125
121900072,13,144,-131
121900073,178,115,63
121900074,456,323,133
121900075,452,229,223
121900076,197,379,-182
121900078,20,28,-8
121900079,0,0,0
121900080,270,306,-36
121900082,14,72,-58
121900084,2,229,-227
121900086,6,28,-22
121900087,155,69,86
121900088,1338,1177,161
121900089,49,284,-235
121900090,4,109,-105
121900091,13,62,-49
121900092,51,92,-41
121900093,50,50,0
121900094,19,4,15
121900095,103,69,34
121900096,957,304,653
121900097,136,66,70
121900098,0,0,0
121900099,136,43,93
121900100,122,103,19
121900101,78,61,17
121900102,0,66,-66
121900103,311,180,131
121900104,571,221,350
121900105,57,58,-1
121900106,1,0,1
121900107,9,30,-21
121900108,0,11,-11
121900109,282,90,192
121900110,142,1046,-904
121900111,476,73,403
121900112,76,60,16
121900113,33,117,-84
121900114,5,23,-18
121900117,47,26,21
121900118,1391,227,1164
121900119,40,116,-76
121900120,22,1084,-1062
121900121,246,26,220
121900122,12,26,-14
121900123,125,346,-221
121900124,74,140,-66
121900125,517,587,-70
121900127,8,54,-46
121900128,37,117,-80
121900129,786,64,722
121900130,69,144,-75
121900131,210,116,94
121900132,19,69,-50
121900133,107,273,-166
121900134,21,68,-47
121900135,1567,158,1409
121900136,116,371,-255
121900137,32,169,-137
121900138,38,151,-113
121900139,251,345,-94
121900140,18,110,-92
121900141,15,6,9
121900142,60,88,-28
121900143,7,85,-78
121900144,174,201,-27
121900145,87,109,-22
121900146,365,459,-94
121900147,35,97,-62
121900148,94,168,-74
121900149,254,509,-255
121900150,55,119,-64
121900151,42,116,-74
121900152,43,96,-53
121900153,64,284,-220
121900154,10,99,-89
121900155,0,39,-39
121900156,91,93,-2
121900157,2,292,-290
121900158,37,78,-41
121900159,1,150,-149
121900160,83,174,-91
121900161,422,217,205
121900162,89,64,25
121900163,63,493,-430
121900164,255,131,124
121900165,122,149,-27
121900166,78,125,-47
121900167,74,50,24
121900168,171,74,97
121900169,1,237,-236
121900170,4,98,-94
121900171,326,331,-5
121900172,203,185,18
121900173,608,102,506
121900174,13,13,0
121900175,64,104,-40
121900176,384,1319,-935
121900177,83,32,51
121900178,24,51,-27
121900179,102,92,10
121900180,3942,1679,2263
121900182,389,228,161
121900183,274,292,-18
121900184,41,369,-328
121900186,3,232,-229
121900187,13,85,-72
121900188,347,274,73
121900189,14,61,-47
121900190,99,307,-208
121900191,38,121,-83
121900192,260,400,-140
121900193,31,141,-110
121900194,3,101,-98
121900195,57,65,-8
121900196,612,466,146
121900197,219,1464,-1245
121900198,681,752,-71
121900199,2,8,-6
121900200,54,179,-125
121900201,743,405,338
121900202,66,209,-143
121900203,168,412,-244
121900204,784,488,296
121900205,28,56,-28
121900206,3,8,-5
121900207,85,21,64
121900208,130,232,-102
121900209,19,15,4
121900210,773,634,139
121900211,207,483,-276
121900212,106,87,19
121900213,56,65,-9
121900214,1,247,-246
121900215,35,48,-13
121900216,19,72,-53
121900217,138,31,107
121900218,228,217,11
121900220,96,6,90
121900221,156,398,-242
121900222,57,121,-64
121900223,98,50,48
121900224,27,37,-10
121900225,92,42,50
121900226,151,61,90
121900227,64,252,-188
121900228,149,194,-45
121900230,56,38,18
121900231,131,231,-100
121900232,103,253,-150
121900233,184,153,31
121900234,107,302,-195
121900235,163,244,-81
121900236,154,109,45
121900237,122,179,-57
121900238,118,146,-28
121900239,49,28,21
121900240,80,72,8
121900241,10,40,-30
121900242,0,1,-1
121900243,0,0,0
121900244,0,0,0
121900245,108,81,27
121900246,852,271,581
121900248,890,545,345
121900250,247,159,88
121900251,229,11,218
121900252,388,86,302
121900253,125,648,-523
121900254,363,161,202
121900255,161,43,118
121900258,1532,1186,346
121900259,200,289,-89
121900260,13,104,-91
121900261,73,229,-156
121900262,285,424,-139
121900263,60,205,-145
121900264,1480,704,776
121900265,70,172,-102
121900266,93,161,-68
121900267,26,23,3
121900269,41,214,-173
121900270,8,97,-89
121900271,10,76,-66
121900273,270,1003,-733
121900274,128,155,-27
121900277,193,1075,-882
121900278,66,636,-570
121900279,107,215,-108
121900280,104,168,-64
121900281,150,69,81
121900284,21,15,6
121900286,37,88,-51
121900287,11,9,2
121900288,1,3,-2
121900290,107,163,-56
121900291,342,349,-7
121900292,151,68,83
121900293,586,2453,-1867
121900294,153,3,150
121900295,35,151,-116
121900296,33,8,25
121900298,266,297,-31
121900299,0,1,-1
121900300,7,0,7
121900301,32,0,32
121900302,2,74,-72
121900303,197,347,-150
121900304,0,4,-4
121900305,0,2,-2
121900306,38,2,36
121900307,18,19,-1
121900308,11,319,-308
121900309,15,225,-210
121900310,11,402,-391
121900311,159,19,140
121900312,69,4,65
121900313,149,18,131
121900314,0,55,-55
121900315,2,1,1
121900316,0,17,-17
121900317,1,0,1
121900318,0,15,-15
121900319,5,41,-36
121900320,55,67,-12
121900321,1,0,1
121900322,0,23,-23
121900323,16,4,12
121900324,3,56,-53
121900325,3,1,2
121900326,0,14,-14
121900327,7,54,-47
121900328,0,21,-21
121900329,2,177,-175
121900330,1,46,-45
121900331,11,4,7
121900332,31,14,17
121900333,12,0,12
121900334,145,38,107
122000001,1834,2524,-690
122000002,4556,1085,3471
122000003,1644,972,672
122000004,2477,797,1680
122000005,2447,798,1649
122000006,1859,379,1480
122000007,1172,900,272
122000008,4797,2779,2018
122000009,427,150,277
122000010,1509,1514,-5
122000011,2360,570,1790
122000012,1021,645,376
122000013,1838,1095,743
122000014,1164,1727,-563
122000015,1179,725,454
122000016,422,657,-235
122000017,760,800,-40
122000018,1079,836,243
122000019,539,1078,-539
122000020,116,124,-8
122000021,345,316,29
122000022,905,933,-28
122000023,363,1838,-1475
122000024,900,636,264
122000025,1448,738,710
122000026,1775,490,1285
122000027,467,3553,-3086
122000028,589,252,337
122000029,301,168,133
122000031,86,178,-92
122000032,1202,2079,-877
122000033,744,517,227
122000034,379,245,134
122000035,275,500,-225
122000036,299,484,-185
122000037,251,221,30
122000038,272,267,5
122000039,152,229,-77
122000040,670,406,264
122000041,300,431,-131
122000042,186,326,-140
122000043,115,64,51
122000044,85,109,-24
122000045,935,430,505
122000046,514,646,-132
122000047,172,135,37
122000048,2251,3241,-990
122000049,3709,1633,2076
122000050,1310,467,843
122000051,320,433,-113
122000052,411,227,184
122000053,97,387,-290
122000054,1867,1430,437
122000055,1934,1791,143
122000056,6862,2534,4328
122000057,3878,1896,1982
122000058,3952,1004,2948
122000059,2874,963,1911
122000060,829,385,444
122000061,599,216,383
122000062,1460,474,986
122000063,1378,346,1032
122000064,2735,2503,232
122000065,4069,2203,1866
122000066,489,345,144
122000067,1304,1069,235
122000068,590,1011,-421
122000069,659,501,158
122000070,421,2313,-1892
122000071,590,1129,-539
122000072,152,158,-6
122000073,1002,419,583
122000074,1335,853,482
122000075,344,920,-576
122000076,1127,765,362
122000077,1198,438,760
122000078,2845,1312,1533
122000079,1686,504,1182
122000080,975,236,739
122000081,142,300,-158
122000082,875,427,448
122000083,891,3043,-2152
122000084,659,522,137
122000085,145,1065,-920
122000086,1569,3872,-2303
122000087,280,150,130
122000088,153,213,-60
122000089,3966,1877,2089
122000090,184,281,-97
122000091,183,57,126
122000092,122,17,105
122000093,1075,674,401
122000094,5563,1018,4545
122000095,2578,1377,1201
122000096,2236,971,1265
122000098,2792,1039,1753
122000099,2109,413,1696
122000100,1057,412,645
122000101,199,542,-343
122000102,1207,810,397
122000103,1405,1049,356
122000104,169,170,-1
122000105,225,199,26
122000106,357,381,-24
122000107,632,341,291
122000108,292,738,-446
122000109,248,231,17
122000110,208,390,-182
122000111,1856,799,1057
122000112,463,983,-520
122000113,390,453,-63
122000114,2509,1025,1484
122000115,1180,1056,124
122000116,316,299,17
122000117,598,181,417
122000118,281,349,-68
122000119,2650,950,1700
122000120,1674,1616,58
122000121,2018,1334,684
122000122,558,711,-153
122000123,1264,736,528
122000124,652,236,416
122000125,353,484,-131
122000126,371,456,-85
122000127,833,547,286
122000128,398,577,-179
122000129,275,388,-113
122000130,1574,368,1206
122000131,876,463,413
122000132,557,235,322
122000133,734,1282,-548
122000134,296,349,-53
122000135,473,588,-115
122000136,248,169,79
122000137,564,550,14
122000139,1064,1644,-580
122000140,922,343,579
122000141,3018,551,2467
122000142,430,404,26
122000143,275,174,101
122000144,1161,576,585
122000145,812,412,400
122000146,335,603,-268
122000147,602,239,363
122000148,2702,845,1857
122000149,1792,685,1107
122000150,793,475,318
122000151,196,240,-44
122000152,338,174,164
122000153,346,198,148
122000154,203,100,103
122000155,1027,1320,-293
122000156,1814,1185,629
122000157,1651,860,791
122000158,280,388,-108
122000159,659,986,-327
122000160,2427,583,1844
122000161,744,357,387
122000162,1666,657,1009
122000163,220,53,167
122000164,16,54,-38
122000165,583,568,15
122000166,759,846,-87
122000167,191,188,3
122000168,161,400,-239
122000169,392,188,204
122000170,172,196,-24
122000171,23,49,-26
122000172,1154,1180,-26
122000173,1106,1650,-544
122000174,1518,593,925
122000175,573,160,413
122000176,304,556,-252
122000177,1110,976,134
122000178,2275,1788,487
122000179,1491,2126,-635
122000180,1364,673,691
122000181,1253,1883,-630
122000182,1458,675,783
122000183,1236,719,517
122000184,2101,1274,827
122000185,1161,859,302
122000186,401,749,-348
122000187,1243,714,529
122000188,322,147,175
122000189,186,265,-79
122000190,855,697,158
122000191,650,301,349
122000192,344,217,127
122000193,251,557,-306
122000194,1116,246,870
122000195,109,381,-272
122000196,759,449,310
122000197,403,474,-71
122000198,427,819,-392
122000199,173,199,-26
122000200,1228,427,801
122000201,1235,1201,34
122000202,833,820,13
122000203,1620,1137,483
122000204,825,1460,-635
122000205,1208,855,353
122000206,1709,608,1101
122000207,882,738,144
122000208,1354,1051,303
122000209,1776,286,1490
122000210,1315,1413,-98
122000211,837,945,-108
122000212,452,294,158
122000213,642,791,-149
122000214,1146,1022,124
122000215,1469,1009,460
122000217,1690,971,719
122000218,553,47,506
122000219,1049,759,290
122000220,313,550,-237
122000221,78,300,-222
122000222,136,25,111
122000223,879,362,517
122000225,496,164,332
122000226,850,1387,-537
122000227,378,1373,-995
122000228,240,379,-139
122000229,41,327,-286
122000230,56,508,-452
122000231,142,553,-411
122000232,324,802,-478
122000233,0,97,-97
122000234,82,116,-34
122000235,187,136,51
122000236,725,166,559
122000237,55,18,37
122000238,183,207,-24
122000239,239,55,184
122000240,500,163,337
122000241,579,327,252
122000242,182,82,100
122000243,92,87,5
122000244,29,349,-320
122000245,68,257,-189
122000246,99,133,-34
122000247,293,672,-379
122000248,1044,1482,-438
122000249,253,384,-131
122000250,958,433,525
122000251,176,152,24
122000252,335,33,302
122000253,52,208,-156
122000254,70,47,23
122000255,437,1230,-793
122000256,285,1062,-777
122000257,97,314,-217
122000258,66,152,-86
122000259,14,543,-529
122000261,6,157,-151
122000262,1,42,-41
122000263,55,92,-37
122000264,424,335,89
122000265,1468,548,920
122000266,3542,422,3120
122000267,48,76,-28
122000268,91,320,-229
122000269,493,233,260
122000270,670,88,582
122000271,218,902,-684
122000272,216,844,-628
122000273,147,365,-218
122000274,60,182,-122
122000275,12,111,-99
122000276,171,493,-322
122000277,385,983,-598
122000278,362,702,-340
122000279,108,406,-298
122000280,448,573,-125
122000281,310,485,-175
122000282,92,54,38
122000283,287,33,254
122000284,66,75,-9
122000285,315,89,226
122000286,60,159,-99
122000287,479,895,-416
122000288,182,196,-14
122000291,623,347,276
122000293,295,218,77
122000294,72,197,-125
122000295,1033,157,876
122000296,42,436,-394
122000297,2362,1648,714
122000299,239,328,-89
122000300,422,424,-2
122000301,10714,1728,8986
122000302,488,388,100
122000303,2906,882,2024
122000304,19,83,-64
122000305,483,644,-161
122000306,15,711,-696
122000307,110,94,16
122000309,41,50,-9
122000310,19,18,1
122000311,141,90,51
122000312,104,31,73
122000313,36,25,11
122000314,80,194,-114
122000315,114,8,106
122000316,204,132,72
122000317,401,144,257
122000318,207,236,-29
122000319,289,408,-119
122000320,712,2142,-1430
122000321,91,165,-74
122000322,2524,2059,465
122000323,1382,1219,163
122000324,1198,1062,136
122000325,708,678,30
122000326,19,122,-103
122000327,150,340,-190
122000328,724,539,185
122000330,1377,512,865
122000332,129,155,-26
122000333,5,238,-233
122000337,404,1421,-1017
122000338,150,384,-234
122000340,323,200,123
122000342,2031,830,1201
122000343,325,1296,-971
122000344,21,24,-3
122000345,112,76,36
122000346,213,442,-229
122000348,256,615,-359
122000349,93,522,-429
122000351,93,291,-198
122000352,586,151,435
122000353,34,156,-122
122000355,77,116,-39
122000356,1149,527,622
122000357,22,14,8
122000358,0,63,-63
122000359,0,29,-29
122000360,0,47,-47
122000362,5,106,-101
122000364,75,321,-246
122000365,1,18,-17
122000366,4,6,-2
122000368,383,660,-277
122000370,13,59,-46
122000371,7,0,7
122000372,6,0,6
122000381,27,282,-255
122000382,24,212,-188
122000384,3477,1675,1802
122000385,9,0,9
122000386,434,571,-137
122000387,363,494,-131
122000388,1241,288,953
122000389,128,565,-437
122000390,367,260,107
122000391,187,59,128
122000392,132,206,-74
122000393,2,50,-48
122000394,197,268,-71
122000395,84,177,-93
122000396,212,91,121
122000397,35,66,-31
122000398,20,66,-46
122000399,82,72,10
122000400,98,219,-121
122000401,152,115,37
122000402,130,90,40
122000403,243,1051,-808
122000404,64,273,-209
122000408,896,1082,-186
122000503,2,44,-42
122000524,161,46,115
122000544,26,1612,-1586
122000614,347,166,181
122000616,395,2,393
122000640,38,219,-181
122000641,28,407,-379
122000642,670,1058,-388
122000643,10,76,-66
122000644,158,23,135
122000645,93,141,-48
122000651,1747,523,1224
122000664,101,32,69
122000665,782,450,332
122000666,457,772,-315
122000673,12,358,-346
122000674,74,37,37
122000675,886,874,12
122000686,166,1056,-890
122000687,515,287,228
122000688,116,692,-576
122000689,294,566,-272
122000690,433,563,-130
122000691,232,2329,-2097
122000692,485,263,222
122000693,186,1476,-1290
122000695,86,399,-313
122000696,117,310,-193
122000698,119,828,-709
122000699,113,47,66
122000701,837,340,497
122000702,341,2005,-1664
122000703,102,36,66
122000712,0,0,0
122000717,223,52,171
122000718,1299,740,559
122000719,68,30,38
122000720,100,236,-136
122000724,184,267,-83
122900001,17,3,14
122900002,872,1344,-472
122900003,167,21,146
122900004,422,7,415
122900005,29,31,-2
122900006,456,152,304
122900007,39,10,29
122900008,495,61,434
122900009,367,156,211
122900010,133,121,12
122900012,134,215,-81
122900014,78,215,-137
122900015,1535,232,1303
122900016,75,264,-189
122900017,273,433,-160
122900018,133,8,125
122900019,7,126,-119
122900020,266,264,2
122900021,25,447,-422
122900024,45,123,-78
122900025,16,89,-73
122900026,110,258,-148
122900027,32,534,-502
122900028,81,103,-22
122900029,3300,2026,1274
122900030,959,288,671
122900031,65,108,-43
122900032,64,162,-98
122900033,105,136,-31
122900034,2636,3103,-467
122900035,28,8,20
122900036,13,104,-91
122900037,208,98,110
122900038,74,1226,-1152
122900039,71,310,-239
122900040,193,241,-48
122900041,87,139,-52
122900042,68,224,-156
122900043,261,161,100
122900044,53,200,-147
122900045,77,62,15
122900046,52,69,-17
122900047,203,97,106
122900048,16,146,-130
122900049,1269,96,1173
122900051,106,73,33
122900052,37,150,-113
122900053,9,11,-2
122900055,203,66,137
122900057,216,12,204
122900061,243,84,159
122900062,184,278,-94
122900063,105,278,-173
122900064,791,407,384
122900065,134,25,109
122900066,274,244,30
122900067,1237,534,703
122900069,173,840,-667
122900070,121,152,-31
122900071,86,380,-294
122900073,37,216,-179
122900074,110,520,-410
122900075,0,51,-51
122900076,10,194,-184
122900077,4,276,-272
122900078,27,9,18
122900080,51,10,41
122900081,95,103,-8
122900082,418,115,303
122900083,121,71,50
122900084,2,199,-197
122900086,3,16,-13
122900087,79,459,-380
122900088,60,49,11
122900089,14,235,-221
122900090,3,525,-522
122900091,71,0,71
122900092,46,377,-331
122900093,0,349,-349
122900094,1,192,-191
122900095,58,1,57
122900096,30,80,-50
122900097,11,19,-8
122900098,72,64,8
122900099,22,1,21
122900100,184,127,57
122900101,417,88,329
122900102,10,5,5
122900103,40,9,31
122900104,39,8,31
122900105,5,0,5
122900106,1,45,-44
122900107,1,160,-159
122900108,4,194,-190
122900109,166,479,-313
123000001,1586,353,1233
123000002,5073,2209,2864
123000003,3042,2050,992
123000004,3140,3916,-776
123000005,1898,1911,-13
123000006,2471,2466,5
123000007,2412,1821,591
123000008,1986,3305,-1319
123000009,3425,2475,950
123000010,2857,3582,-725
123000011,2663,667,1996
123000012,939,2090,-1151
123000013,2378,768,1610
123000014,1203,3374,-2171
123000015,3738,607,3131
123000016,4935,2083,2852
123000017,2380,978,1402
123000018,26,91,-65
123000019,58,280,-222
123000020,76,102,-26
123000021,55,152,-97
123000022,304,1045,-741
123000023,866,728,138
123000024,683,417,266
123000025,83,79,4
123000026,4,96,-92
123000027,395,232,163
123000028,532,175,357
123000029,731,318,413
123000030,85,563,-478
123000031,49,312,-263
123000032,124,303,-179
123000033,229,117,112
123000034,538,453,85
123000035,149,195,-46
123000036,170,337,-167
123000037,116,203,-87
123000038,72,154,-82
123000039,418,601,-183
123000040,980,255,725
123000041,858,417,441
123000042,921,365,556
123000043,2804,3261,-457
123000044,5228,1614,3614
123000045,8235,1244,6991
123000046,632,524,108
123000047,1958,771,1187
123000048,28,287,-259
123000049,5590,2877,2713
123000050,492,716,-224
123000051,65,113,-48
123000052,393,1505,-1112
123000053,1684,1795,-111
123000054,716,790,-74
123000055,643,898,-255
123000056,1094,1465,-371
123000057,14135,3918,10217
123000058,417,525,-108
123000059,333,315,18
123000060,445,244,201
123000061,87,574,-487
123000063,490,411,79
123000064,511,118,393
123000065,5655,2796,2859
123000066,823,594,229
123000067,280,508,-228
123000068,2294,2693,-399
123000069,6285,2813,3472
123000070,230,556,-326
123000071,412,1012,-600
123000072,684,1305,-621
123000073,512,716,-204
123000074,592,1821,-1229
123000075,245,597,-352
123000076,309,976,-667
123000077,1796,3294,-1498
123000078,800,1431,-631
123000079,700,1675,-975
123000080,1390,2422,-1032
123000081,176,558,-382
123000082,305,897,-592
123000083,578,98,480
123000084,334,601,-267
123000085,75,118,-43
123000086,142,475,-333
123000087,59,536,-477
123000088,552,1123,-571
123000089,265,1087,-822
123000090,802,1088,-286
123000091,1211,1152,59
123000092,929,946,-17
123000094,230,184,46
123000095,212,408,-196
123000096,231,350,-119
123000097,256,996,-740
123000098,326,448,-122
123000099,404,692,-288
123000100,389,418,-29
123000101,413,281,132
123000102,563,462,101
123000104,235,298,-63
123000105,392,522,-130
123000106,445,195,250
123000107,336,493,-157
123000108,822,1080,-258
123000111,405,166,239
123000112,464,402,62
123000113,400,1441,-1041
123000114,329,324,5
123000115,153,204,-51
123000116,23,157,-134
123000117,849,1694,-845
123000118,298,777,-479
123000119,181,995,-814
123000120,278,828,-550
123000121,375,482,-107
123000122,286,266,20
123000123,321,458,-137
123000124,623,472,151
123000125,957,502,455
123000126,1491,1471,20
123000127,1190,737,453
123000128,209,393,-184
123000129,278,142,136
123000130,320,48,272
123000131,483,320,163
123000132,347,468,-121
123000133,261,330,-69
123000134,377,137,240
123000135,776,822,-46
123000136,143,1161,-1018
123000137,56,348,-292
123000138,46,438,-392
123000139,219,95,124
123000140,112,444,-332
123000141,530,50,480
123000142,877,877,0
123000143,1309,2462,-1153
123000144,9,10,-1
123000147,161,98,63
123000149,230,281,-51
123000150,93,128,-35
123000151,239,351,-112
123000152,21,232,-211
123000153,70,305,-235
123000154,963,993,-30
123000155,1699,515,1184
123000156,41,63,-22
123000157,432,747,-315
123000158,478,435,43
123000159,1955,1146,809
123000160,338,290,48
123000161,786,586,200
123000162,261,952,-691
123000163,121,18,103
123000164,337,106,231
123000165,154,1107,-953
123000167,5,189,-184
123000168,144,311,-167
123000169,276,58,218
123000170,11,279,-268
123000171,125,46,79
123000172,667,737,-70
123000173,307,167,140
123000174,581,179,402
123000175,730,1018,-288
123000176,320,71,249
123000177,238,885,-647
123000178,356,58,298
123000179,23,679,-656
123000180,469,189,280
123000181,154,1108,-954
123000182,92,408,-316
123000183,61,102,-41
123000184,66,751,-685
123000185,172,305,-133
123000186,4,602,-598
123000187,219,6,213
123000188,160,2,158
123000189,50,128,-78
123000190,26,51,-25
123000192,23,441,-418
123000193,29,525,-496
123000194,178,141,37
123000195,150,14,136
123000196,120,8,112
123000197,25,108,-83
123000198,10,177,-167
123000199,3,436,-433
123000200,142,6,136
123000201,240,11,229
123000202,16,1132,-1116
123000203,372,27,345
123000204,44,1088,-1044
123000205,386,1803,-1417
123000206,630,53,577
123000207,220,1147,-927
123000208,317,75,242
123000209,1611,320,1291
123000210,510,2295,-1785
123000211,496,2282,-1786
123000212,994,302,692
123000213,264,23,241
123000215,166,93,73
123000216,171,303,-132
123000217,106,17,89
123000218,77,259,-182
123000219,880,29,851
123000220,281,62,219
123000221,94,122,-28
123000222,164,403,-239
123000223,61,557,-496
123000224,252,612,-360
123000225,148,75,73
123000226,50,328,-278
123000227,46,306,-260
123000228,109,43,66
123000229,982,1655,-673
123000232,57,462,-405
123000233,327,113,214
123000234,103,536,-433
123000235,248,307,-59
123000236,97,763,-666
123000237,203,33,170
123000238,32,481,-449
123000239,309,1638,-1329
123000240,38,152,-114
123000241,658,97,561
123000242,49,141,-92
123000243,458,973,-515
123000244,958,337,621
123000245,53,144,-91
123000249,361,595,-234
123000252,517,118,399
123000253,367,281,86
123000254,267,871,-604
123000255,503,455,48
123000256,17,172,-155
123000257,2581,1827,754
123000258,642,949,-307
123000259,191,368,-177
123000260,389,487,-98
123000261,55,117,-62
123000263,119,115,4
123000264,113,98,15
123000265,59,162,-103
123000266,309,526,-217
123000267,130,172,-42
123000268,31,97,-66
123000269,99,50,49
123000270,131,37,94
123000271,37,71,-34
123000272,680,217,463
123000273,160,407,-247
123000274,863,289,574
123000275,162,816,-654
123000278,2574,1941,633
123000279,34,79,-45
123000280,194,244,-50
123000281,107,41,66
123000282,57,218,-161
123000283,23,38,-15
123000284,39,106,-67
123000286,199,170,29
123000287,521,242,279
123000288,451,228,223
123000289,297,360,-63
123000291,203,669,-466
123000294,202,236,-34
123000295,718,1020,-302
123000296,286,688,-402
123000297,242,907,-665
123000298,299,905,-606
123000299,135,541,-406
123000300,419,476,-57
123000301,51,104,-53
123000302,43,138,-95
123000303,45,89,-44
123000305,813,703,110
123000306,32,216,-184
123000309,38,47,-9
123000310,19,28,-9
123000311,2,165,-163
123000312,643,882,-239
123000313,123,230,-107
123000315,51,270,-219
123000316,1576,135,1441
123000317,227,51,176
123000318,67,391,-324
123000329,11,13,-2
123000337,257,190,67
123000338,384,66,318
123000339,73,221,-148
123000340,188,577,-389
123000342,8,198,-190
123000343,51,2,49
123000344,950,334,616
123000345,223,473,-250
123000346,147,80,67
123000352,1274,623,651
123000353,25,133,-108
123000354,146,3,143
123000355,0,331,-331
123000356,98,4,94
123000357,2,235,-233
123000359,3,218,-215
123000360,152,21,131
123000361,433,232,201
123000362,128,115,13
123000363,74,159,-85
123000364,351,239,112
123000365,15,190,-175
123000366,201,814,-613
123000367,168,914,-746
123000370,22,224,-202
123000371,225,22,203
123000372,105,11,94
123000373,2,293,-291
123000374,3,175,-172
123000375,117,11,106
123000376,654,563,91
123000377,138,2,136
123000378,6,330,-324
123000379,3,148,-145
123000380,28,129,-101
123000381,145,17,128
123000382,845,26,819
123000383,162,563,-401
123000384,309,42,267
123000385,310,674,-364
123000436,17,530,-513
123000507,205,406,-201
123000508,190,346,-156
123000517,207,15,192
123000518,22,193,-171
123000519,73,53,20
123000520,38,191,-153
123000521,193,90,103
123000522,98,431,-333
123000541,2,0,2
123000542,0,16,-16
123000565,230,34,196
123000566,83,841,-758
123000567,138,230,-92
123000573,15,836,-821
123000574,225,57,168
123000575,800,987,-187
123000576,425,1686,-1261
123000577,66,391,-325
123000578,507,62,445
123000579,5352,2270,3082
123000580,117,29,88
123000582,142,20,122
123000583,12,364,-352
123000584,107,136,-29
123000585,0,107,-107
123000586,56,1,55
123000596,397,192,205
123000597,106,94,12
123000602,12,2,10
123000603,179,731,-552
123000604,318,1084,-766
123000605,565,38,527
123000606,1,214,-213
123000609,22,270,-248
123000610,122,54,68
123000613,31,152,-121
123000614,119,29,90
123000615,38,267,-229
123000616,152,29,123
123000617,43,361,-318
123000618,64,535,-471
123000619,340,22,318
123000620,22,423,-401
123000622,182,5,177
123000624,96,71,25
123000630,379,334,45
123000631,186,2048,-1862
123000632,1011,1053,-42
123000633,1,243,-242
123000634,87,41,46
123000635,207,86,121
123000636,7,521,-514
123000637,131,25,106
123000638,282,106,176
123000639,808,1741,-933
123000640,58,1049,-991
123000648,128,57,71
123000649,17,617,-600
123000650,11,78,-67
123000651,1,95,-94
123900001,1150,28,1122
123900002,7,851,-844
123900003,250,518,-268
123900005,100,62,38
123900006,138,25,113
124000001,946,99,847
124000002,50,1242,-1192
124000003,293,74,219
124000004,54,579,-525
124000005,414,96,318
124000006,161,1283,-1122
124000007,366,56,310
124000008,15,375,-360
124000009,228,178,50
124000010,94,537,-443
124000011,530,191,339
124000012,132,695,-563
124000017,49,59,-10
124000018,63,94,-31
124000019,52,74,-22
124000020,23,201,-178
124000021,40,33,7
124000022,59,205,-146
124000023,559,190,369
124000024,74,312,-238
124000025,602,238,364
124000026,286,402,-116
124000027,2027,479,1548
124000028,2393,1220,1173
124000031,518,717,-199
124000032,3536,947,2589
124000033,589,281,308
124000034,1012,1163,-151
124000035,155,58,97
124000036,81,620,-539
124000037,124,304,-180
124000038,30,75,-45
124000039,656,219,437
124000040,514,419,95
124000041,119,50,69
124000042,69,297,-228
124000043,43,56,-13
124000044,24,261,-237
124000045,237,341,-104
124000046,140,754,-614
124000047,538,639,-101
124000048,445,1669,-1224
124000049,617,427,190
124000050,437,2263,-1826
124000051,240,298,-58
124000052,358,1196,-838
124000053,298,593,-295
124000054,703,570,133
124000055,875,984,-109
124000056,3095,1234,1861
124000057,544,348,196
124000058,339,1362,-1023
124000059,319,423,-104
124000060,816,776,40
124000061,872,1970,-1098
124000062,4393,1498,2895
124000063,1171,1434,-263
124000064,2258,1776,482
124000065,29,47,-18
124000066,229,58,171
124000067,148,145,3
124000068,77,121,-44
124000069,159,217,-58
124000070,137,376,-239
124000071,81,45,36
124000072,25,51,-26
124000073,257,52,205
124000074,179,674,-495
124000075,65,27,38
124000076,2,193,-191
124000077,1252,498,754
124000078,1172,365,807
124000079,367,668,-301
124000080,140,89,51
124000081,129,700,-571
124000082,13,79,-66
124000083,37,146,-109
124000084,64,175,-111
124000085,66,55,11
124000086,155,45,110
124000088,61,207,-146
124000089,291,269,22
124000090,65,388,-323
124000091,255,148,107
124000092,86,641,-555
124000093,76,45,31
124000094,100,306,-206
124000095,42,49,-7
124000096,66,237,-171
124000097,52,52,0
124000098,38,140,-102
124000099,91,53,38
124000100,23,82,-59
124000101,40,87,-47
124000102,72,97,-25
124000103,20,49,-29
124000104,57,69,-12
124000105,27,35,-8
124000106,120,105,15
124000107,7,74,-67
124000108,57,27,30
124000109,75,43,32
124000110,155,116,39
124000111,134,89,45
124000112,290,640,-350
124000113,37,63,-26
124000114,176,558,-382
124000115,261,706,-445
124000116,78,77,1
124000117,66,48,18
124000118,20,38,-18
124000119,684,405,279
124000120,337,434,-97
124000121,1278,338,940
124000122,441,981,-540
124000123,525,223,302
124000124,325,708,-383
124000125,215,264,-49
124000126,221,413,-192
124000127,436,239,197
124000128,393,745,-352
124000129,1176,927,249
124000130,620,497,123
124000131,627,335,292
124000132,604,609,-5
124000133,710,448,262
124000134,299,438,-139
124000135,1742,1121,621
124000136,735,728,7
124000137,973,572,401
124000138,1195,932,263
124000139,484,53,431
124000140,56,492,-436
124000141,176,15,161
124000142,30,626,-596
124000143,25,7,18
124000144,2,129,-127
124000145,28,48,-20
124000146,7,107,-100
124000148,9,26,-17
124000149,555,244,311
124000150,242,435,-193
124000151,240,90,150
124000152,443,828,-385
124000153,329,304,25
124000154,236,682,-446
124000155,599,381,218
124000156,945,674,271
124000169,159,184,-25
124000170,481,368,113
124000171,119,157,-38
124000172,218,512,-294
124000173,150,301,-151
124000174,238,567,-329
124000175,6,93,-87
124000176,28,3,25
124000177,7,43,-36
124000178,8,18,-10
124000185,24,5,19
124000186,3,94,-91
124000187,12,114,-102
124000188,19,4,15
124000190,177,22,155
124000191,447,69,378
124000192,1489,183,1306
124000193,306,862,-556
124000194,360,488,-128
124000195,121,288,-167
124000196,859,989,-130
124000197,28,49,-21
124000198,15,34,-19
124000201,134,930,-796
124000202,268,12,256
124000203,34,873,-839
124000204,191,7,184
124000205,19,647,-628
124000206,148,75,73
124000207,1,46,-45
124000209,123,525,-402
124000210,152,135,17
124000211,143,2,141
124000212,2,593,-591
124000213,141,386,-245
124000214,114,881,-767
124000215,80,4,76
124000216,1,533,-532
124000329,13,1134,-1121
124000338,54,2012,-1958
124000339,203,103,100
124000341,319,27,292
124000344,141,126,15
124000357,1093,1872,-779
124000358,750,1281,-531
124000359,602,423,179
124000360,281,318,-37
124000361,831,616,215
124000362,1440,1567,-127
124000363,246,547,-301
124000364,387,937,-550
124000365,551,1088,-537
124000366,1922,1198,724
124000367,105,491,-386
124000368,118,148,-30
124000369,76,66,10
124000370,61,386,-325
124000402,12,4,8
124000403,34,11,23
124000404,8,77,-69
124000405,596,436,160
124000406,681,620,61
124000407,1,27,-26
124000411,9,289,-280
124000412,130,9,121
124000413,237,39,198
124000414,40,84,-44
124000415,40,175,-135
124000416,74,374,-300
124000417,59,82,-23
124000418,51,92,-41
124000419,61,190,-129
124000420,28,26,2
124000421,24,300,-276
124000422,16,6,10
124000423,50,28,22
124000424,2,130,-128
124000425,35,2,33
124000426,2,229,-227
124000427,31,7,24
124000428,13,39,-26
124000429,15,50,-35
124000430,228,167,61
124000431,205,552,-347
124000432,63,790,-727
124000439,1,4,-3
124000443,0,3,-3
124000445,187,294,-107
124000446,2633,79,2554
124000447,10,50,-40
124000448,14,8,6
124000449,31,2,29
124000450,3,528,-525
124000451,2,281,-279
124000452,296,88,208
124000453,2207,2184,23
124000454,2052,2563,-511
124900001,207,214,-7
124900002,73,442,-369
124900003,306,203,103
124900004,227,322,-95
124900005,133,164,-31
124900006,252,310,-58
124900008,912,449,463
124900009,70,77,-7
124900010,62,16,46
124900011,141,88,53
124900012,184,51,133
124900013,243,109,134
124900014,193,173,20
124900015,72,83,-11
124900016,19,32,-13
124900017,499,300,199
124900018,105,10,95
124900020,30,12,18
124900021,71,18,53
124900024,106,7,99
124900026,72,6,66
124900027,22,137,-115
124900028,405,73,332
124900030,2,70,-68
124900031,9,262,-253
124900033,53,288,-235
124900035,73,305,-232
124900036,3,71,-68
124900037,74,272,-198
124900039,2,32,-30
124900040,14,35,-21
124900042,41,52,-11
124900043,171,1056,-885
124900044,38,0,38
124900045,624,558,66
124900047,876,340,536
124900050,171,451,-280
124900052,74,289,-215
124900053,162,675,-513
124900054,1454,333,1121
124900055,2,262,-260
124900057,9,232,-223
124900060,1277,568,709
124900061,59,21,38
124900062,120,56,64
124900066,0,72,-72
124900067,21,388,-367
124900068,141,115,26
124900070,31,267,-236
124900072,185,19,166
124900075,157,354,-197
124900076,42,561,-519
124900077,145,172,-27
124900078,38,5,33
124900080,242,1052,-810
124900081,381,208,173
124900082,465,1456,-991
124900083,378,1153,-775
124900085,2016,368,1648
124900086,32,418,-386
124900087,2210,40,2170
124900088,926,195,731
124900089,1773,86,1687
124900090,124,152,-28
124900091,120,475,-355
124900092,79,382,-303
124900093,109,117,-8
124900094,131,134,-3
124900095,52,200,-148
124900096,326,91,235
124900097,117,34,83
124900098,97,340,-243
124900099,365,244,121
124900100,103,25,78
124900101,14,12,2
124900102,78,14,64
124900103,50,360,-310
124900104,14,195,-181
124900105,58,141,-83
124900106,130,13,117
124900107,24,5,19
124900108,258,42,216
124900111,16,187,-171
124900112,168,958,-790
124900113,58,94,-36
124900114,139,59,80
124900115,19,28,-9
124900116,57,70,-13
124900117,598,68,530
124900118,90,98,-8
124900119,149,38,111
124900120,29,318,-289
124900121,168,80,88
124900122,314,165,149
124900123,367,133,234
124900124,299,296,3
124900125,28,2,26
124900126,0,114,-114
204000001,47,25,22
204000002,9,25,-16
204000003,6,3,3
204000004,2,0,2
204000005,399,458,-59
204000006,601,1010,-409
204000011,21,59,-38
204000012,63,97,-34
204000019,423,429,-6
204000020,294,687,-393
204000021,1515,709,806
204000022,326,414,-88
204000023,326,969,-643
204000031,124,28,96
204000032,450,29,421
204000034,26,204,-178
204000035,0,3,-3
204000036,6,26,-20
204000037,1,27,-26
204000038,0,37,-37
204000039,2,44,-42
204000040,4,45,-41
204000041,6,37,-31
204000042,14,16,-2
204000043,13,3,10
204000044,13,4,9
204000045,15,3,12
204000046,5,2,3
204000057,1,13,-12
204000062,7,198,-191
204000068,21,151,-130
204000069,21,216,-195
204000070,20,74,-54
204000080,15,54,-39
204000085,1054,1327,-273
204000086,2448,1765,683
204000087,41,8,33
204000088,1,104,-103
204000090,20,319,-299
204000093,131,102,29
204000096,478,630,-152
204000097,162,62,100
204000099,715,1021,-306
204000100,628,791,-163
204000105,1639,1459,180
204000110,523,1052,-529
204000111,217,669,-452
204000112,483,836,-353
204000113,222,783,-561
204000114,412,335,77
204000115,218,272,-54
204000116,428,448,-20
204000119,1142,1312,-170
204000132,322,145,177
204000133,365,232,133
204000134,108,135,-27
204000135,267,86,181
204000136,270,275,-5
204000138,144,189,-45
204000140,109,47,62
204000141,71,43,28
204000144,7,20,-13
204000145,380,28,352
204000146,16,339,-323
204000147,25,109,-84
204000148,259,27,232
204000154,1,3,-2
204000155,0,2,-2
204000177,58,63,-5
204000179,9,3,6
204000180,0,54,-54
204000222,2,5,-3
204000235,6,9,-3
204000236,61,241,-180
204000238,8,25,-17
204000240,364,65,299
204000263,396,1186,-790
204000268,717,464,253
204000308,88,19,69
204000317,14,59,-45
204000322,3,15,-12
204000323,9,5,4
204000328,158,82,76
204000329,88,120,-32
204000330,149,113,36
204000331,63,144,-81
205000001,752,1086,-334
205000013,18,66,-48
205000014,8,48,-40
205000015,26,160,-134
205000016,17,158,-141
205000017,14,78,-64
205000022,227,516,-289
205000025,1179,782,397
205000029,174,13,161
205000045,61,170,-109
205000046,46,450,-404
205000047,27,409,-382
205000048,171,1006,-835
205000049,134,676,-542
205000050,1019,271,748
205000059,0,205,-205
205000060,0,74,-74
205000061,5,63,-58
205000062,4,50,-46
205000063,8,57,-49
205000064,9,118,-109
205000065,56,610,-554
205000066,79,681,-602
205000067,19,869,-850
205000069,208,15,193
205000082,85,192,-107
205000110,53,148,-95
205000111,128,226,-98
205000112,58,131,-73
205000113,123,186,-63
205000121,134,72,62
205000123,52,139,-87
205000126,204,144,60
205000127,449,192,257
205000128,514,93,421
205000129,386,101,285
205000130,722,49,673
205000131,621,4,617
205000132,399,1,398
205000133,148,0,148
205000134,143,1,142
205000137,108,141,-33
205000138,156,268,-112
205000139,13,80,-67
205000144,86,61,25
205000145,173,114,59
205000151,72,23,49
205000152,81,31,50
205000153,111,62,49
205000154,36,78,-42
205000155,37,30,7
205000207,11,122,-111
205000233,24,9,15
205000234,0,1,-1
205000243,0,1,-1
205000244,0,6,-6
205000245,11,266,-255
205000249,0,34,-34
205000250,5,4,1
205000264,1,57,-56
206000027,7,3,4
206000028,2,1,1
206000043,9,122,-113
206000053,4,10,-6
206000054,7,23,-16
206000055,0,34,-34
206000075,4,3,1
206000076,33,5,28
206000077,8,5,3
206000078,16,3,13
206000079,28,6,22
206000082,247,11,236
206000100,43,574,-531
206000103,6,26,-20
206000104,15,26,-11
206000105,10,31,-21
206000106,13,24,-11
206000125,34,0,34
206000157,73,578,-505
206000170,0,248,-248
206000171,2,276,-274
206000172,9,1381,-1372
206000173,0,407,-407
206000174,3,190,-187
206000175,1,294,-293
206000176,5,540,-535
206000177,0,314,-314
206000178,4,237,-233
206000179,4,103,-99
206000180,12,220,-208
206000181,15,370,-355
206000182,16,403,-387
206000183,17,1087,-1070
206000184,7,509,-502
206000185,4,560,-556
206000186,88,2145,-2057
206000223,3,452,-449
206000226,4,4,0
206000227,17,1,16
206000237,20,479,-459
206000238,36,944,-908
206000239,519,2953,-2434
206000240,1,44,-43
206000241,0,179,-179
206000242,1,700,-699
206000243,6,579,-573
206000244,40,1291,-1251
206000245,206,56,150
206000246,36,6,30
206000247,50,6,44
206000248,159,11,148
206000252,44,22,22
206000258,9,52,-43
206000315,31,6,25
206000317,210,77,133
206000318,187,28,159
206000319,346,49,297
206000320,44,14,30
206000321,46,11,35
206000322,138,7,131
206000323,70,6,64
206000324,47,17,30
206000325,76,9,67
206000326,55,4,51
206000327,131,12,119
206000328,31,1,30
206000329,56,6,50
206000330,19,4,15
206000331,77,3,74
206000332,15,6,9
206000333,152,6,146
206000334,102,1,101
206000335,0,25,-25
206000361,2,198,-196
206000392,0,41,-41
206000405,107,2,105
206000441,18,10,8
206000498,28,2,26
206000515,54,6,48
206000530,97,36,61
206000531,98,52,46
206000532,2780,71,2709
206000535,439,2547,-2108
206000536,9,346,-337
206000537,16,233,-217
206000613,1118,100,1018
206000784,300,21,279
207000001,120,364,-244
207000002,65,352,-287
207000003,84,221,-137
207000007,473,172,301
207000008,33,5,28
207000009,63,39,24
207000010,426,690,-264
207000012,147,174,-27
207000015,274,1784,-1510
207000019,155,56,99
207000021,319,123,196
207000022,67,66,1
207000023,84,35,49
207000024,1,3,-2
207000025,1,38,-37
207000026,97,32,65
207000027,13,49,-36
207000028,58,201,-143
207000029,247,441,-194
207000033,135,182,-47
207000034,150,45,105
207000039,188,113,75
207000040,142,101,41
207000041,21,30,-9
207000042,112,64,48
207000043,115,135,-20
207000051,61,374,-313
207000052,16,219,-203
207000053,341,551,-210
207000054,20,121,-101
207000055,59,217,-158
207000056,156,489,-333
207000057,71,257,-186
207000058,52,481,-429
207000059,41,901,-860
207000060,25,345,-320
207000061,80,162,-82
207000062,115,32,83
207000063,140,114,26
207000064,211,159,52
207000065,172,152,20
207000066,81,123,-42
207000067,37,107,-70
207000068,68,73,-5
207000069,529,258,271
207000082,46,516,-470
207000083,69,498,-429
207000084,91,151,-60
207000085,128,12,116
207000086,71,9,62
207000106,39,28,11
207000107,27,8,19
207000108,22,16,6
207000109,33,6,27
207000110,31,34,-3
207000111,39,72,-33
207000112,120,208,-88
207000114,16,35,-19
207000115,21,68,-47
207000116,19,247,-228
207000117,8,123,-115
207000118,4,96,-92
207000119,9,126,-117
207000123,102,12,90
207000124,45,10,35
207000125,27,15,12
207000126,72,26,46
207000134,32,332,-300
207000135,21,376,-355
207000148,23,116,-93
207000149,45,35,10
207000152,133,374,-241
207000153,827,690,137
207000154,460,130,330
207000159,57,367,-310
207000160,93,746,-653
207000238,1,100,-99
207000242,0,117,-117
207000248,30,8,22
207000249,105,86,19
207000250,538,69,469
207000251,54,45,9
207000252,19,49,-30
207000278,26,54,-28
207000279,13,279,-266
207000280,211,49,162
207000281,70,1567,-1497
207000282,172,42,130
207000283,134,232,-98
207000284,52,91,-39
207000285,165,39,126
207000291,19,122,-103
207000304,89,46,43
207000306,67,373,-306
207000310,37,47,-10
207000353,174,6,168
207000356,2,23,-21
207000357,7,1,6
207000358,7,11,-4
207000415,12,142,-130
207000417,12,3,9
207000418,73,126,-53
207000438,0,1,-1
207000439,790,217,573
207000446,54,6,48
207000460,5,9,-4
207000466,147,186,-39
207000467,115,68,47
207000468,32,620,-588
207000476,2,64,-62
207000477,184,97,87
207000478,3,10,-7
207000523,0,41,-41
207000524,42,0,42
207000527,117,112,5
207000530,128,10,118
207000531,134,4,130
207000532,33,11,22
207000534,482,22,460
207000535,25,150,-125
207000537,14,85,-71
207000540,5,114,-109
207000541,2,223,-221
207000548,7,209,-202
207000549,102,4,98
207000561,62,58,4
207000562,32,159,-127
207000567,97,245,-148
207000568,65,123,-58
207000569,167,1056,-889
207000584,253,99,154
207000585,47,139,-92
207000587,34,29,5
207000616,1,219,-218
207000617,91,0,91
207000624,50,28,22
207000631,5,39,-34
207900008,91,354,-263
208000001,320,549,-229
208000002,356,430,-74
208000003,606,550,56
208000004,723,705,18
208000005,20,31,-11
208000019,315,645,-330
208000020,173,375,-202
208000021,112,540,-428
208000022,454,698,-244
208000028,1010,653,357
208000033,333,620,-287
208000034,853,1368,-515
208000037,344,42,302
208000040,91,105,-14
208000041,700,317,383
208000042,508,420,88
208000047,65,278,-213
208000064,1960,1092,868
208000066,1084,740,344
208000070,191,303,-112
208000071,225,668,-443
208000072,247,1031,-784
208000080,155,348,-193
208000081,141,233,-92
208000082,187,342,-155
208000083,90,435,-345
208000084,29,5,24
208000085,816,532,284
208000086,393,781,-388
208000087,215,693,-478
208000089,527,645,-118
208000090,381,911,-530
208000093,50,105,-55
208000094,227,471,-244
208000095,430,263,167
208000104,667,732,-65
208000105,347,901,-554
208000114,51,93,-42
208000115,377,271,106
208000116,177,675,-498
208000117,74,93,-19
208000118,79,88,-9
208000155,381,837,-456
208000158,1365,1923,-558
208000186,2453,1553,900
208000204,270,788,-518
208000205,684,1115,-431
208000282,2979,1017,1962
209000004,110,124,-14
209000005,21,26,-5
209000006,471,83,388
209000007,201,152,49
209000010,488,138,350
209000011,151,143,8
209000012,145,240,-95
209000013,120,549,-429
209000014,664,1491,-827
209000025,140,32,108
209000026,361,84,277
209000027,283,1024,-741
209000028,218,991,-773
209000029,544,762,-218
209000030,550,1542,-992
209000031,3499,2220,1279
209000034,83,146,-63
209000035,110,110,0
209000036,81,102,-21
209000037,111,159,-48
209000038,67,179,-112
209000039,30,141,-111
209000040,162,375,-213
209000041,133,337,-204
209000042,160,290,-130
209000043,510,515,-5
209000044,170,465,-295
209000045,839,353,486
209000046,275,444,-169
209000047,190,142,48
209000048,228,190,38
209000049,84,172,-88
209000050,141,261,-120
209000051,270,417,-147
209000052,162,390,-228
209000062,51,233,-182
209000063,19,180,-161
209000064,27,178,-151
209000065,11,19,-8
209000066,55,42,13
209000067,30,76,-46
209000080,12,120,-108
209000082,33,54,-21
209000091,33,106,-73
209000093,75,28,47
209000094,222,112,110
209000110,23,53,-30
209000111,222,922,-700
209000112,528,407,121
209000113,901,366,535
209000114,185,239,-54
209000115,105,223,-118
209000116,843,649,194
209000118,11,42,-31
209000119,27,9,18
209000121,144,724,-580
209000135,52,71,-19
209000142,601,742,-141
209000143,101,71,30
209000144,40,54,-14
209000229,101,159,-58
209000240,27,353,-326
209000259,115,128,-13
209000260,43,749,-706
209000261,7,497,-490
209000262,0,432,-432
209000263,0,117,-117
209000264,0,67,-67
209000265,336,2,334
209000266,39,0,39
209000267,272,5,267
209000268,314,26,288
210000037,32,18,14
210000047,41,19,22
210000048,26,17,9
210000049,64,25,39
210000052,18,131,-113
210000053,12,98,-86
210000054,25,122,-97
210000070,42,0,42
210000071,19,0,19
210000072,8,1,7
210000073,0,19,-19
210000074,0,95,-95
210000075,0,32,-32
210000076,2,101,-99
210000077,43,23,20
210000078,36,31,5
210000079,35,11,24
210000080,81,43,38
210000081,56,4,52
210000082,47,1,46
210000083,85,0,85
210000084,22,0,22
210000085,0,83,-83
210000086,1,109,-108
210000099,28,155,-127
210000100,20,207,-187
210000101,53,254,-201
210000105,24,192,-168
210000159,0,93,-93
210000163,164,247,-83
210000164,346,70,276
210000168,216,18,198
210000187,0,11,-11
210000188,0,15,-15
210000214,22,0,22
210000219,14,63,-49
210000220,22,83,-61
210000232,8,20,-12
210000233,14,49,-35
210000234,18,146,-128
210000235,17,109,-92
210000245,0,34,-34
210000246,7,0,7
210000258,5,80,-75
210000259,153,17,136
210000282,63,139,-76
210000285,0,86,-86
210000286,16,139,-123
210000290,1,5,-4
210000295,31,194,-163
210000296,48,70,-22
210000320,65,127,-62
210000321,73,66,7
210000338,106,100,6
210000339,340,691,-351
210000340,84,208,-124
210000341,99,250,-151
210000342,106,190,-84
210000343,115,201,-86
210000344,249,79,170
210000345,244,162,82
210000346,106,101,5
210000347,172,33,139
210000348,143,22,121
210000349,110,19,91
210000350,54,44,10
210000351,67,104,-37
210000352,24,87,-63
210000353,34,104,-70
210000354,42,112,-70
210000355,59,112,-53
210000356,78,63,15
210000357,61,43,18
210000358,323,112,211
210000359,153,51,102
210000360,132,81,51
210000361,147,112,35
210000362,165,128,37
210000363,650,98,552
210000364,86,81,5
210000365,55,32,23
210000366,103,23,80
210000367,60,19,41
210000368,96,24,72
210000369,36,28,8
210000370,51,59,-8
210000372,26,21,5
210000373,85,23,62
210000374,38,24,14
210000375,14,65,-51
210000376,63,138,-75
210000404,71,118,-47
210000439,32,37,-5
210000472,77,2,75
210000482,44,52,-8
210000564,394,109,285
210000567,0,18,-18
210000568,477,3,474
211000092,12,55,-43
211000094,9,6,3
211000169,149,3,146
211000172,4,246,-242
211000209,0,6,-6
211000226,12,33,-21
211000270,8,10,-2
211000275,17,27,-10
211000276,30,27,3
211000279,6,48,-42
211000281,27,55,-28
211000302,6,96,-90
211507980,2,31,-29
211977296,2,5,-3
212000003,103,48,55
212000004,113,21,92
212000005,21,21,0
212000006,20,77,-57
212000008,112,216,-104
212000009,11,144,-133
212000012,50,65,-15
212000013,10,43,-33
212000014,157,158,-1
212000015,207,183,24
212000016,292,518,-226
212000027,264,380,-116
212000028,155,375,-220
212000029,119,213,-94
212000030,7,23,-16
212000031,30,65,-35
212000048,16,73,-57
212000049,8,47,-39
212000050,11,3,8
212000051,146,206,-60
212000052,93,341,-248
212000053,200,527,-327
212000054,76,119,-43
212000055,122,214,-92
212000056,7,27,-20
212000057,6,19,-13
212000058,260,31,229
212000070,74,296,-222
212000077,66,654,-588
212000099,123,190,-67
212000108,135,163,-28
212000111,100,132,-32
212000120,138,122,16
212000138,65,21,44
212000156,4,85,-81
212000158,5,11,-6
212000159,147,56,91
212000160,306,190,116
212000161,38,6,32
212000310,32,16,16
212000311,7,72,-65
212000374,15,3,12
213000001,28,659,-631
213000005,229,63,166
213000006,780,114,666
213000007,62,8,54
213000009,371,156,215
213000010,129,97,32
213000011,151,76,75
213000012,101,339,-238
213000014,40,4,36
213000015,93,0,93
213000016,136,0,136
213000017,24,0,24
213000018,1,153,-152
213000019,1,148,-147
213000020,90,279,-189
213000021,0,114,-114
213000023,177,140,37
213000033,191,609,-418
213000034,376,268,108
213000035,69,126,-57
213000045,84,209,-125
213000046,112,187,-75
213000047,425,604,-179
213000056,51,19,32
213000069,51,2,49
213000073,1,6,-5
213000074,146,451,-305
213000075,373,5,368
213000076,11,0,11
213000085,9,29,-20
213000086,4,221,-217
213000091,96,6,90
213000092,28,1,27
213000099,111,695,-584
213000100,955,176,779
213000101,132,123,9
213000102,186,328,-142
213000103,448,650,-202
213000104,44,433,-389
213000105,4,70,-66
213000106,9,157,-148
213000107,101,639,-538
213000108,25,501,-476
213000109,3,272,-269
213000110,9,64,-55
213000111,4,41,-37
213000112,109,132,-23
213000115,20,3,17
213000116,125,731,-606
213000117,9,952,-943
213000118,177,237,-60
213000119,45,818,-773
213000120,57,745,-688
213000122,212,770,-558
213000123,551,1219,-668
213000124,37,1334,-1297
213000125,133,3,130
213000126,26,65,-39
213000127,112,108,4
213000128,549,480,69
213000129,397,326,71
213000130,196,156,40
213000132,153,70,83
213000133,204,79,125
213000134,494,27,467
213000136,206,3,203
213000137,274,54,220
213000139,420,21,399
213000147,36,1,35
213000148,23,9,14
213000149,24,5,19
213000150,1,69,-68
213000151,2,71,-69
213000152,0,47,-47
213000153,0,28,-28
213000154,7,213,-206
213000155,13,319,-306
213000156,80,663,-583
213000157,590,504,86
213000158,222,484,-262
213000159,231,472,-241
213000163,247,54,193
213000165,424,125,299
213000171,14,177,-163
213000172,17,383,-366
213000173,20,296,-276
213000174,0,167,-167
213000175,8,134,-126
213000176,6,87,-81
213000177,13,19,-6
213000178,60,29,31
213000179,100,41,59
213000180,38,66,-28
213000184,57,398,-341
213000188,112,49,63
213000189,134,17,117
213000190,526,653,-127
213000191,112,505,-393
213000192,95,585,-490
213000193,1377,173,1204
213000194,1,30,-29
213000195,12,460,-448
213000196,135,733,-598
213000197,237,270,-33
213000198,21,0,21
213000200,58,987,-929
213000201,135,76,59
213000202,18,847,-829
213000203,2635,282,2353
213000204,440,28,412
213000205,125,27,98
213000206,192,34,158
213000207,80,14,66
213000208,156,0,156
213000209,69,3,66
213000210,172,5,167
213000211,1,3,-2
213000212,6,19,-13
213000213,6,19,-13
213000218,120,888,-768
213000219,295,24,271
213000220,346,16,330
213000223,135,78,57
213000224,31,23,8
213000225,24,7,17
213000226,53,4,49
213000227,316,128,188
213000228,121,52,69
213000229,366,30,336
213000230,247,15,232
213000232,49,484,-435
213000233,1,15,-14
213000234,5,28,-23
213000293,10,37,-27
213000294,79,2,77
213000295,6,80,-74
213000296,49,15,34
213000297,7,88,-81
213000298,7,88,-81
213000299,28,30,-2
213000300,8,1,7
213000303,3,23,-20
213000304,2,3,-1
213000305,0,13,-13
213000306,48,19,29
213000307,274,63,211
213000308,81,296,-215
213000309,125,35,90
213000310,119,83,36
213000311,241,500,-259
213000315,79,122,-43
213000316,28,35,-7
213000322,34,88,-54
213000323,16,54,-38
213000340,76,861,-785
213000341,177,73,104
213000346,95,72,23
213000347,546,90,456
213000348,9,202,-193
213000349,85,12,73
213000350,160,1518,-1358
213000366,26,250,-224
213000367,81,36,45
213000379,167,218,-51
213000386,6,171,-165
213000406,85,277,-192
213000417,712,233,479
213000425,52,37,15
213000426,38,58,-20
213000427,18,413,-395
213000428,33,256,-223
213000429,12,6,6
213000430,78,999,-921
213000431,22,1,21
213000432,0,17,-17
213000433,8,143,-135
213000435,58,91,-33
213000439,23,15,8
213000441,0,1,-1
213000443,311,289,22
213000445,0,109,-109
213000446,0,10,-10
213000447,2,25,-23
213000448,50,129,-79
213000449,78,1,77
213000450,41,81,-40
213000451,11,42,-31
213000452,70,69,1
213000453,34,294,-260
213000455,283,3,280
213000456,2,212,-210
213000481,24,2,22
213000482,35,3,32
213000489,425,32,393
213000491,0,80,-80
213000492,214,34,180
213000493,0,45,-45
213000494,108,88,20
213000495,0,82,-82
213000496,142,182,-40
213000497,18,286,-268
213000498,41,227,-186
213000499,84,577,-493
213000500,209,56,153
213000501,55,23,32
213000502,97,33,64
213000503,0,65,-65
213000504,14,174,-160
213000505,3,11,-8
213000506,0,6,-6
213000507,2,142,-140
213900244,10,0,10
213900245,0,38,-38
218000003,15,15,0
218000004,36,16,20
218000005,26,25,1
218000006,73,24,49
218000007,1,6,-5
218000012,229,99,130
218000013,72,98,-26
218000014,327,310,17
218000019,713,370,343
218000020,247,355,-108
218000040,3,3,0
218000046,31,184,-153
218000047,7,261,-254
218000048,82,263,-181
218000049,88,217,-129
218000050,213,305,-92
218000051,40,390,-350
218000052,4,158,-154
218000053,8,11,-3
218000054,28,32,-4
218000055,9,15,-6
218000056,19,38,-19
218000057,5,32,-27
218000064,0,0,0
218000065,20,35,-15
218000066,6,29,-23
218000067,26,78,-52
218000068,27,81,-54
218000069,95,160,-65
218000070,91,260,-169
218000071,121,240,-119
218000072,206,199,7
218000078,479,1231,-752
218000079,42,54,-12
218000080,48,49,-1
218000081,172,206,-34
218000082,16,86,-70
218000083,31,72,-41
218000084,42,153,-111
218000085,57,398,-341
218000086,17,143,-126
218000087,129,207,-78
218000090,8,80,-72
218000091,771,420,351
218000092,26,125,-99
218000093,79,71,8
218000094,385,754,-369
218000099,250,310,-60
218000100,163,242,-79
218000101,95,131,-36
218000102,107,285,-178
218000103,33,167,-134
218000104,31,57,-26
218000105,17,10,7
218000106,9,22,-13
218000107,31,92,-61
218000108,7,66,-59
218000112,50,10,40
218000117,13,33,-20
218000134,254,703,-449
218000135,45,62,-17
218000136,145,40,105
218000137,70,121,-51
218000138,10,82,-72
218000139,75,328,-253
218000140,133,195,-62
218000141,43,60,-17
218000142,101,98,3
218000143,70,118,-48
218000144,32,49,-17
218000145,162,283,-121
218000146,23,93,-70
218000151,7,7,0
218000152,38,52,-14
218000170,1,27,-26
218000171,23,15,8
218000172,28,6,22
218000173,55,19,36
218000174,23,6,17
218000176,68,15,53
218000177,191,67,124
218000178,50,92,-42
218000179,45,46,-1
218000180,35,9,26
218000181,53,25,28
218000187,1,12,-11
218000188,29,38,-9
218000189,10,73,-63
218000190,6,6,0
218000191,74,118,-44
218000192,90,533,-443
218000193,294,637,-343
218000194,56,591,-535
218000195,112,56,56
218000196,155,217,-62
218000197,131,286,-155
218000198,3,133,-130
218000199,15,32,-17
218000200,79,44,35
218000201,4,4,0
218000202,98,142,-44
218000207,10,83,-73
218000208,37,94,-57
218000211,62,14,48
218000213,110,51,59
218000214,1,19,-18
218000215,23,67,-44
218000217,4,106,-102
218000218,153,61,92
218000219,18,11,7
218000220,119,243,-124
218000221,553,120,433
218000222,77,14,63
218000223,20,89,-69
218000224,9,43,-34
218000225,139,9,130
218000226,43,20,23
218000232,34,52,-18
218000239,67,13,54
218000240,16,2,14
218000241,8,3,5
218000242,182,1,181
218000243,58,0,58
218000244,7,0,7
218000245,18,3,15
218000246,1,0,1
218000247,1,0,1
218000248,0,31,-31
218000249,0,3,-3
218000250,24,7,17
218000251,1,12,-11
218000252,5,33,-28
218000253,18,10,8
218000254,0,7,-7
218000255,12,3,9
218000256,13,42,-29
218000267,828,1019,-191
218000268,3,52,-49
218000269,9,14,-5
218000270,30,86,-56
218000271,17,70,-53
218000273,6,8,-2
218000274,7,9,-2
218000275,9,34,-25
218000276,3,61,-58
218000278,22,25,-3
218000279,20,67,-47
218000280,6,68,-62
218000281,21,30,-9
218000282,428,176,252
218000284,87,12,75
218000301,17,65,-48
218000302,39,25,14
218000303,53,70,-17
218000316,427,903,-476
218000317,429,924,-495
218000318,249,730,-481
218000319,485,1582,-1097
218000320,495,635,-140
218000338,36,14,22
218000345,96,46,50
218000346,60,173,-113
218000459,59,296,-237
218000490,15,93,-78
218000501,30,21,9
218000502,57,108,-51
218000503,50,3,47
218000504,77,9,68
218000505,48,165,-117
218000506,20,133,-113
218000508,30,3,27
218000510,110,4,106
218000520,90,93,-3
218000521,10,71,-61
218000522,0,105,-105
218000523,86,7,79
218000524,48,119,-71
218000525,62,4,58
218000526,26,50,-24
218000529,49,305,-256
218000531,2,11,-9
218000532,13,18,-5
218000534,66,34,32
218000537,4,26,-22
218000538,53,106,-53
218000540,248,60,188
218000543,51,26,25
218000544,46,124,-78
218000545,21,40,-19
218000546,27,107,-80
218000547,30,63,-33
218000548,57,163,-106
218000549,237,122,115
218000550,199,473,-274
218000551,232,358,-126
218000552,369,31,338
218000553,84,92,-8
218000554,10,34,-24
218000555,7,52,-45
218000556,103,390,-287
218000557,158,150,8
218000558,26,0,26
218000559,0,28,-28
218000560,0,19,-19
218000561,27,0,27
218000562,18,173,-155
218000563,151,23,128
218000564,18,107,-89
218000565,169,21,148
218000566,573,27,546
218000567,7,56,-49
218000568,1,1,0
218000569,21,107,-86
218000570,218,10,208
218000571,0,62,-62
218000572,64,1,63
218000573,14,60,-46
218000574,139,63,76
218000575,79,0,79
218000576,0,56,-56
218000577,23,0,23
218000578,2,94,-92
218000579,19,1,18
218000581,1,66,-65
218000582,13,0,13
218000583,1,1,0
218000584,0,23,-23
218000585,8,2,6
218000586,1,32,-31
218000587,0,1,-1
218000588,0,0,0
218000589,1,0,1
218000590,2,1,1
218000591,1,5,-4
218000592,5,0,5
218000593,8,1,7
218000594,0,0,0
218000597,1,0,1
218000598,0,0,0
218000599,0,0,0
218000600,0,0,0
218000601,0,0,0
218000602,0,2,-2
218000603,0,1,-1
218000604,3,0,3
218000605,0,14,-14
218000606,50,0,50
218000607,4,26,-22
218000608,48,8,40
218000609,2,37,-35
218000610,47,2,45
218000611,22,0,22
218000612,0,19,-19
218000613,14,1,13
218000614,1,53,-52
218000615,63,0,63
218000616,5,130,-125
218000617,10,0,10
218000618,1,15,-14
218000619,16,35,-19
218000620,2,25,-23
218000621,0,0,0
218000622,0,3,-3
218000623,2,1,1
218000624,0,8,-8
218000625,14,1,13
218000626,0,5,-5
218000628,66,17,49
218000631,28,15,13
218000632,3,47,-44
218000633,38,0,38
218000634,2,23,-21
218000635,3,4,-1
218000636,413,1444,-1031
218000637,404,493,-89
218000638,67,38,29
218000639,4,230,-226
218000640,56,14,42
218000641,52,397,-345
218000652,68,86,-18
218000653,116,29,87
218000663,1,102,-101
218000675,41,65,-24
218000680,173,603,-430
218000681,336,108,228
218000691,113,455,-342
218000693,82,146,-64
218000718,780,349,431
218000719,1066,72,994
218000720,5,60,-55
218000721,46,5,41
218001147,3,467,-464
218001214,22,6,16
218001258,59,1,58
218001329,128,64,64
218001330,126,156,-30
218001351,19,26,-7
218001352,7,30,-23
218001353,17,11,6
218001354,1,14,-13
218001355,31,418,-387
218001356,123,7,116
218001357,23,243,-220
218001358,126,10,116
218001361,95,11,84
218001362,1,294,-293
219000001,23,39,-16
219000002,17,61,-44
219000003,36,27,9
219000004,33,33,0
219000017,104,12,92
219000020,51,5,46
219000022,58,1,57
219000023,51,0,51
219000029,0,60,-60
219000034,13,10,3
219000039,17,66,-49
219000040,14,14,0
219000041,64,39,25
219000051,0,43,-43
219000052,1,29,-28
219000053,0,248,-248
219000055,43,0,43
219000056,16,0,16
219000057,20,1,19
219000062,16,357,-341
219000063,44,5,39
219000064,4,44,-40
219000110,231,25,206
219000111,68,17,51
219000112,126,23,103
219000113,63,20,43
219000114,117,19,98
219000116,54,22,32
219000117,93,63,30
219000118,69,74,-5
219000123,220,64,156
219000124,47,46,1
219000125,5,23,-18
219000126,56,97,-41
219000127,0,3,-3
219000128,20,117,-97
219000129,31,144,-113
219000130,754,687,67
219000131,722,733,-11
219000133,61,18,43
219000134,2,12,-10
219000135,14,39,-25
219000136,74,104,-30
219000138,60,13,47
219000139,11,43,-32
219000140,11,0,11
219000141,5,108,-103
219000142,6,76,-70
219000143,17,106,-89
219000145,6,27,-21
219000146,3,46,-43
219000147,1,46,-45
219000148,1,74,-73
219000149,19,189,-170
219000150,2,137,-135
219000151,1,90,-89
219000157,97,78,19
219000158,81,213,-132
219000161,152,11,141
219000163,1275,326,949
219000166,42,172,-130
219000167,74,220,-146
219000168,219,82,137
219000174,225,74,151
219000175,18,4,14
219000176,25,6,19
219000177,10,5,5
219000178,10,1,9
219000179,9,7,2
219000180,32,21,11
219000182,80,11,69
219000183,21,43,-22
219000184,21,5,16
219000185,2,72,-70
219000186,11,49,-38
219000187,11,109,-98
219000189,120,120,0
219000190,102,216,-114
219000191,1324,795,529
219000192,114,94,20
219000193,559,133,426
219000195,4,50,-46
219000196,11,118,-107
219000198,23,162,-139
219000199,80,130,-50
219000200,21,143,-122
219000201,51,161,-110
219000203,22,108,-86
219000204,60,194,-134
219000205,23,188,-165
219000207,183,183,0
219000209,28,75,-47
219000210,64,129,-65
219000213,14,375,-361
219000239,95,209,-114
219000240,121,308,-187
219000241,88,239,-151
219000242,45,222,-177
219000243,47,375,-328
219000244,13,175,-162
219000245,73,36,37
219000246,38,7,31
219000247,24,31,-7
219000248,280,181,99
219000249,56,38,18
219000250,115,52,63
219000251,321,100,221
219000252,154,109,45
219000253,168,39,129
219000255,47,70,-23
219000256,50,70,-20
219000257,43,1,42
219000262,44,236,-192
219000263,31,236,-205
219000267,1,186,-185
219000268,1,5,-4
219000269,1,2,-1
219000270,4,1,3
219000271,73,1,72
219000278,0,17,-17
219000279,0,3,-3
219000283,0,9,-9
219000295,1,76,-75
219000296,43,455,-412
219000297,6,146,-140
219000298,9,222,-213
219000299,243,41,202
219000300,19,220,-201
219000301,158,223,-65
219000302,16,197,-181
219000307,12,45,-33
219000308,26,21,5
219000311,95,40,55
219000312,334,36,298
219000313,128,13,115
219000314,64,430,-366
219000315,86,24,62
219000316,216,18,198
219000317,31,19,12
219000320,1,42,-41
219000321,1,16,-15
219000323,1,93,-92
219000325,1,22,-21
219000326,41,106,-65
219000327,31,36,-5
219000328,9,28,-19
219000329,207,73,134
219000330,15,17,-2
219000331,18,25,-7
219000332,34,73,-39
219000333,9,2,7
219000335,24,1,23
219000337,2,1,1
219000338,49,4,45
219000344,18,64,-46
219000345,56,115,-59
219000346,23,141,-118
219000348,65,198,-133
219000349,23,357,-334
219000350,28,64,-36
219000351,7,3,4
219000352,166,34,132
219000353,63,33,30
219000354,70,79,-9
219000355,70,25,45
219000356,1499,377,1122
219000363,291,25,266
219000364,101,18,83
219000365,60,15,45
219000366,199,107,92
219000368,250,309,-59
219000370,735,185,550
219000371,4,18,-14
219000382,6,4,2
219000383,583,600,-17
219000385,394,379,15
219000386,819,1063,-244
219000387,0,5,-5
219000390,1,1,0
219000391,1,0,1
219000397,64,55,9
219000398,50,39,11
219000401,6,60,-54
219000402,29,78,-49
219000403,55,146,-91
219000404,16,47,-31
219000407,6,21,-15
219000409,27,26,1
219000410,61,31,30
219000411,49,11,38
219000446,174,408,-234
219000447,0,15,-15
219000448,9,2,7
219000452,124,57,67
219000453,70,105,-35
219000454,245,148,97
219000556,86,56,30
219000558,63,328,-265
219000590,15,171,-156
219000591,25,28,-3
219000592,69,361,-292
219000595,2,23,-21
219000635,36,18,18
219000636,12,81,-69
219000657,21,14,7
219000658,4,42,-38
219000673,0,6,-6
219000676,3,0,3
219000679,14,10,4
219000684,37,2,35
219000685,1,106,-105
219000686,0,1,-1
219000688,0,76,-76
219000689,30,124,-94
219000690,131,21,110
219000691,59,90,-31
219000692,138,23,115
219000693,0,30,-30
219000694,0,0,0
219000695,6,1,5
219000698,12,1,11
219000699,0,11,-11
219000727,2,234,-232
219000728,59,2,57
219000770,19,1,18
219000771,0,18,-18
219000788,258,331,-73
219001150,1,8,-7
219001151,0,2,-2
219001166,26,5,21
219001167,4,59,-55
219001178,9,1,8
220000001,21,24,-3
220000002,2,124,-122
220000003,338,248,90
220000004,465,544,-79
220000005,1340,1241,99
220000006,96,764,-668
220000007,250,650,-400
220000008,221,1027,-806
220000009,162,474,-312
220000010,185,91,94
220000011,463,2420,-1957
220000012,120,211,-91
220000014,34,58,-24
220000015,40,186,-146
220000017,41,250,-209
220000018,4217,496,3721
220000019,57,184,-127
220000020,245,180,65
220000021,393,136,257
220000022,254,383,-129
220000023,107,130,-23
220000024,1108,250,858
220000025,387,351,36
220000026,127,109,18
220000027,18,72,-54
220000028,12,25,-13
220000029,56,114,-58
220000030,185,64,121
220000031,134,222,-88
220000064,20,741,-721
221000046,1,0,1
221000047,0,3,-3
221000048,0,0,0
221000049,0,7,-7
221000050,4,0,4
221000055,27,34,-7
221000068,267,55,212
221000069,206,41,165
221000070,102,12,90
221000071,42,7,35
221000072,108,8,100
221000073,146,33,113
221000074,0,14,-14
221000075,18,11,7
221000076,7,27,-20
221000077,35,43,-8
221000081,65,18,47
221000082,26,4,22
221000083,50,3,47
221000084,2,5,-3
221000085,11,41,-30
221000086,5,98,-93
221000087,4,113,-109
221000088,17,142,-125
221000089,17,216,-199
221000090,90,354,-264
221000098,71,6,65
221000099,70,5,65
221000100,44,7,37
221000101,194,9,185
221000102,0,0,0
221000107,8,0,8
221000108,3,3,0
221000109,3,3,0
221000110,5,124,-119
221000111,13,186,-173
221000112,10,103,-93
221000113,13,132,-119
221000114,5,123,-118
221000120,16,20,-4
221000121,0,11,-11
221000122,14,15,-1
221000123,8,32,-24
221000124,20,218,-198
221000155,39,4,35
221000156,30,30,0
221000175,0,5,-5
221000176,1,4,-3
221000182,31,7,24
221000241,657,146,511
221000242,119,264,-145
221000243,356,78,278
221000244,106,377,-271
221000245,66,126,-60
221000246,16,271,-255
221000247,51,101,-50
221000248,65,196,-131
221000267,33,724,-691
221000325,31,29,2
221000331,1,65,-64
221000338,2,11,-9
221000378,66,16,50
221000381,56,109,-53
222000282,3,2,1
222000296,1,15,-14
222000568,199,11,188
222000569,111,11,100
222000570,67,7,60
222000571,92,11,81
222000577,4,276,-272
222000578,9,232,-223
222000579,27,153,-126
222000580,114,881,-767
222000599,0,117,-117
222000600,2,301,-299
222000601,4,710,-706
222000603,20,16,4
222000604,14,21,-7
222000605,17,4,13
222000606,0,7,-7
222000607,2,2,0
222000608,10,9,1
222000609,22,440,-418
222000616,84,46,38
222000617,3,14,-11
222000618,2,2,0
222000620,95,8,87
222000621,84,9,75
222000623,330,4,326
222000624,141,3,138
222000625,270,44,226
222000636,23,4,19
222000686,21,12,9
222000687,5,25,-20
222001066,160,0,160
222001067,2,5,-3
222001068,12,34,-22
222001069,7,24,-17
222001082,4,38,-34
222001083,3,54,-51
222001084,0,20,-20
222001085,0,79,-79
222001111,8,270,-262
222001112,32,48,-16
222001313,11,4,7
222001314,3,94,-91
222001464,78,37,41
222001465,28,273,-245
222001484,40,50,-10
222001485,13,82,-69
222001494,109,100,9
222001495,55,534,-479
222001496,105,34,71
222001497,71,725,-654
222001502,17,115,-98
222001503,30,28,2
222001504,25,209,-184
222001505,125,15,110
222001506,23,119,-96
222001507,112,15,97
222001510,123,26,97
222001511,16,341,-325
222001514,314,53,261
222001515,132,635,-503
222001518,99,34,65
222001519,20,453,-433
222001527,152,29,123
222001528,33,157,-124
222001529,70,31,39
222001530,10,227,-217
222001533,52,384,-332
222001534,81,37,44
222001535,46,92,-46
222001536,64,471,-407
222001537,150,13,137
222001538,21,412,-391
222001563,250,76,174
222001564,31,799,-768
222001568,194,73,121
222001576,0,0,0
222001579,0,1,-1
222001583,30,175,-145
222001584,54,23,31
222001596,400,1305,-905
222001597,775,166,609
222001626,2,158,-156
222001650,22,57,-35
222001651,69,131,-62
222001914,154,36,118
222001915,18,149,-131
222001968,354,130,224
222001969,277,880,-603
222001970,84,225,-141
222001971,3,18,-15
222001972,1,20,-19
225000001,264,100,164
225000002,162,82,80
225000003,185,47,138
225000004,170,145,25
225000005,12,47,-35
225000006,0,131,-131
225000007,3096,976,2120
225000010,98,3,95
225000011,461,641,-180
225000012,101,360,-259
225000013,76,99,-23
225000014,462,47,415
225000015,68,213,-145
225000021,388,196,192
225000027,220,475,-255
225000032,373,126,247
225000042,47,605,-558
225000049,20,54,-34
225000050,31,17,14
225000053,3,176,-173
225000058,534,111,423
225000067,71,223,-152
225000068,57,528,-471
225000069,158,554,-396
225000070,53,489,-436
225000071,21,309,-288
225000075,24,580,-556
225000076,51,119,-68
225000078,37,16,21
225000085,13,61,-48
225000086,91,31,60
225000087,93,15,78
225000088,13,113,-100
225000089,300,530,-230
225000090,18,344,-326
225000091,70,237,-167
225000092,42,63,-21
225000093,115,432,-317
225000094,15,509,-494
225000095,225,524,-299
225000096,169,377,-208
225000098,365,113,252
225000099,120,54,66
225000100,144,93,51
225000104,76,800,-724
225000110,14,748,-734
225000111,316,2064,-1748
225000112,416,1970,-1554
225000113,216,1218,-1002
225000114,78,542,-464
225000115,5154,940,4214
225000116,1418,166,1252
225000117,1396,588,808
225000118,1100,506,594
225000119,192,122,70
225000120,618,104,514
225000121,308,30,278
225000123,1070,44,1026
225000125,410,492,-82
225000126,1840,344,1496
225000127,1670,764,906
225000128,658,650,8
225000132,348,40,308
225000133,274,44,230
225000134,734,136,598
225000135,22,10,12
225000136,212,4,208
225000137,106,100,6
225000138,460,58,402
225000143,148,278,-130
225000144,6,592,-586
225000145,26,68,-42
225000146,64,216,-152
225000147,28,686,-658
225000148,8,522,-514
225000149,104,936,-832
225000151,54,598,-544
225000155,516,630,-114
225000156,392,1096,-704
225000157,204,728,-524
225000158,110,506,-396
225000171,0,308,-308
225000180,48,4,44
225000181,0,62,-62
225000182,94,6,88
225000185,14,582,-568
225000187,50,660,-610
225000191,168,2,166
225000194,0,12,-12
225000208,0,98,-98
225000209,82,36,46
225000210,2,372,-370
225000217,4,42,-38
225000218,12,0,12
225000223,0,96,-96
225000224,736,0,736
225000225,2,22,-20
225000226,90,0,90
225000227,36,106,-70
225000228,22,12,10
225000229,0,138,-138
225000230,32,2,30
225000231,0,154,-154
225000232,112,2,110
225000241,154,0,154
225000242,0,102,-102
225000249,16,0,16
225000250,88,1792,-1704
225000251,496,38,458
226000042,690,728,-38
226000043,120,526,-406
226000044,266,1254,-988
226000045,154,714,-560
226000046,496,54,442
226000047,506,136,370
226000048,326,128,198
226000049,272,162,110
226000070,0,68,-68
226000071,0,124,-124
226000072,0,12,-12
226000073,0,10,-10
226000074,0,6,-6
226000084,0,88,-88
226000085,8,12,-4
226000086,22,22,0
226000087,4,16,-12
226000088,10,26,-16
226000090,166,60,106
226000091,62,16,46
226000092,0,0,0
226000093,64,2,62
226000094,20,8,12
226000095,480,0,480
226000105,34,0,34
226000106,8,0,8
226000107,6,0,6
226000108,62,0,62
226000109,66,0,66
226000124,216,82,134
226000134,486,484,2
226000135,1076,882,194
226000136,244,496,-252
226000137,14,794,-780
226000138,28,568,-540
226000139,4,12,-8
226000156,104,0,104
226000157,96,8,88
226000163,168,298,-130
226000202,6,892,-886
226000231,240,10,230
226000232,20,4,16
227000033,502,54,448
227000036,252,30,222
227000037,162,26,136
227000038,168,24,144
227000049,0,20,-20
227000050,0,96,-96
227000055,40,0,40
227000056,30,0,30
227000084,2,48,-46
227000085,0,52,-52
227000088,70,4,66
227000089,102,4,98
227000090,14,4,10
227000091,10,2,8
227000093,74,0,74
227000094,6,0,6
227000130,50,108,-58
227000131,14,550,-536
227000132,22,494,-472
227000133,14,488,-474
227000134,24,666,-642
227000152,0,6,-6
227000153,0,58,-58
227000155,0,14,-14
227000156,0,24,-24
227000165,2,34,-32
227000196,210,568,-358
227000199,228,750,-522
227000230,28,526,-498
227000232,172,22,150
227000242,92,762,-670
227000243,516,82,434
227000245,18,514,-496
227000246,106,736,-630
227000247,306,92,214
227000248,230,62,168
227000249,36,430,-394
227000250,644,180,464
227000251,310,608,-298
227000252,18,720,-702
227000253,58,22,36
227000262,318,30,288
227000266,612,18,594
227000267,70,2894,-2824
227000282,10,228,-218
227000284,234,22,212
227000286,0,108,-108
227000287,4,214,-210
227000291,16,722,-706
227000484,408,26,382
227000485,24,700,-676
227000655,52,14,38
227000656,686,26,660
227000657,28,8,20
227000661,184,18,166
227000680,464,148,316
229000265,2,80,-78
229000296,12,8,4
229000297,6,76,-70
229000298,10,272,-262
229000320,16,16,0
229000321,12,4,8
229000412,26,72,-46
229000414,24,96,-72
229000415,6,0,6
229000416,0,6,-6
229000417,2,38,-36
229000419,106,372,-266
229000440,268,128,140
229000442,20,0,20
229000443,0,0,0
229000444,0,62,-62
229000445,46,24,22
229000446,132,18,114
229000847,14,0,14
229000848,2,0,2
229000849,122,0,122
229000851,26,0,26
229000854,0,142,-142
229000856,6,268,-262
229000857,0,70,-70
229000858,0,204,-204
229000919,4,80,-76
229000930,4,326,-322
229000937,94,26,68
229000966,90,38,52
229000981,22,78,-56
229000985,10,60,-50
229000986,0,28,-28
229000987,0,0,0
229000988,0,8,-8
229000989,4,8,-4
229000990,0,2,-2
229000991,0,0,0
229000992,2,6,-4
229000993,280,18,262
229000998,38,90,-52
229000999,74,28,46
229001034,2,30,-28
229001035,6,2,4
229001037,70,22,48
229001042,24,18,6
229001047,4,98,-94
229001050,56,78,-22
229001200,22,2,20
229001338,58,20,38
229001394,328,4,324
229001422,172,40,132
229001423,32,170,-138
229001431,52,70,-18
229001432,50,82,-32
229001444,208,82,126
229001445,64,322,-258
229001503,176,146,30
229001504,96,368,-272
229001505,60,86,-26
229001506,48,266,-218
229001509,64,36,28
229001545,108,16,92
229001546,4,112,-108
229001553,34,12,22
229001554,26,118,-92
229001559,2,12,-10
229001560,0,90,-90
229001630,124,32,92
229001631,10,74,-64
229001635,0,18,-18
229001636,0,0,0
229001658,8,140,-132
229001659,122,6,116
229001660,0,12,-12
229001661,0,30,-30
229001662,32,0,32
229001663,0,20,-20
229002584,226,268,-42
229002831,254,148,106
229002841,0,18,-18
229002842,2,38,-36
229002843,50,34,16
229002844,48,134,-86
229002845,194,92,102
229002846,32,88,-56
229002847,2,18,-16
229002848,4,20,-16
229002849,0,66,-66
229002850,6,2,4
229002851,58,120,-62
229002852,80,26,54
229002853,76,18,58
229002854,68,72,-4
229002855,10,66,-56
229002856,14,12,2
229002857,4,72,-68
229002858,2,8,-6
229002859,26,20,6
229002860,46,22,24
229002861,28,20,8
229002862,10,44,-34
229002863,16,50,-34
229002864,20,64,-44
229002865,26,14,12
229002866,72,12,60
229002867,2,32,-30
229002868,20,20,0
229002869,16,238,-222
229002870,32,12,20
235000066,398,190,208
235000067,118,260,-142
235000072,14,40,-26
235000073,66,244,-178
235000074,16,154,-138
235000080,16,202,-186
235000081,74,192,-118
235000082,140,88,52
235000083,146,106,40
235000084,24,72,-48
235000085,90,62,28
235000089,40,84,-44
235000092,6,184,-178
235000093,0,4,-4
235000097,2,18,-16
235000098,52,28,24
235000099,36,62,-26
235000116,56,50,6
235000117,1170,10,1160
235000133,4,276,-272
235000134,10,86,-76
235000206,2,2,0
235000207,0,0,0
235000208,8,2,6
235000209,4,0,4
235000210,0,8,-8
235000212,4,38,-34
235000213,6,18,-12
235000220,0,2,-2
235000221,42,24,18
235000238,32,40,-8
235000239,0,0,0
235000242,282,262,20
235000245,1704,272,1432
235000246,22,60,-38
235000284,2,240,-238
235000295,116,14,102
235000305,236,44,192
235000306,76,22,54
235000307,40,14,26
235000308,60,0,60
235000309,18,0,18
235000310,74,0,74
235000311,74,24,50
235000322,0,44,-44
235000323,6,104,-98
235000324,2,18,-16
235000325,0,36,-36
235000326,20,546,-526
235000351,6,168,-162
235000352,12,56,-44
235000353,8,66,-58
235000354,2,58,-56
235000355,20,82,-62
235000356,42,8,34
235000357,56,12,44
235000358,100,14,86
235000359,0,6,-6
235000360,34,4,30
235000361,70,4,66
235000381,40,590,-550
235000382,148,62,86
235000390,44,4,40
235000391,92,18,74
235000392,98,190,-92
235000393,68,86,-18
235000395,52,46,6
235000396,186,110,76
235000400,148,240,-92
235000401,120,294,-174
235000405,78,502,-424
235000406,56,348,-292
235000407,76,144,-68
235000409,384,222,162
235000410,56,322,-266
235000411,0,138,-138
235000485,0,6,-6
235000486,8,0,8
235000549,42,76,-34
235000550,46,290,-244
235000599,68,78,-10
235000600,12,14,-2
235000601,8,100,-92
235000602,66,288,-222
235000614,4,0,4
235000648,2,16,-14
235000649,20,6,14
235000685,0,8,-8
235000815,16,26,-10
235000834,0,32,-32
235000855,46,48,-2
235000862,24,316,-292
235000891,0,22,-22
235000892,24,6,18
235000901,58,114,-56
235000907,2,16,-14
235001010,22,122,-100
235001029,632,562,70
235001030,372,200,172
235001078,132,106,26
235001079,116,206,-90
235001147,54,46,8
235001166,26,166,-140
235001167,2,68,-66
235001169,30,546,-516
235001188,0,2,-2
235001189,2,0,2
235001197,12,56,-44
235001200,24,30,-6
235001207,238,84,154
235001210,86,644,-558
235001215,28,440,-412
235001239,0,60,-60
235001244,0,16,-16
235016267,0,54,-54
277102712,0,0,0
277103813,0,0,0
277103814,0,0,0
277104249,0,4,-4
277104250,0,30,-30
277104251,0,18,-18
277104252,0,8,-8
990011530,2,360,-358
990014944,2,760,-758
990015176,8,6,2
990015618,0,62,-62
990016032,4,688,-684
990032570,2,120,-118
990070001,90,8,82
990070103,0,6,-6
990070601,0,46,-46
990070751,320,2,318
990070766,2,1626,-1624
990071180,608,262,346
990071343,38,2,36
990071387,0,12,-12
990071823,30,2,28
990072600,0,1146,-1146
990072964,0,726,-726
990073285,0,2,-2
990074393,2,1936,-1934
990074870,648,2,646
990075106,600,8,592
990075746,218,4,214
990076437,580,4,576
990076458,14,3118,-3104
997000007,232,6,226
997000041,2,186,-184
997000058,24,2,22
997000062,38,0,38
997000069,0,4,-4
997000070,2,128,-126
997000100,4,4,0
997000141,0,1432,-1432
997000198,924,1056,-132
998000475,0,18,-18
998000736,0,642,-642
998000965,0,10,-10
998001031,2,98,-96
998001700,0,44,-44
998001899,0,0,0
998001900,14,0,14
998003073,792,12,780
998101900,0,0,0
998102850,0,150,-150
998501927,842,594,248
998501929,78,2,76
998501930,88,0,88
998501931,108,10,98
998501932,10,0,10
998501933,68,22,46
998501937,4,0,4
998501944,2,0,2
998501950,0,8,-8
998501970,26,2,24
998501971,0,100,-100
998501973,0,94,-94
998501974,0,506,-506
998501975,242,4,238
998501976,74,0,74
998501977,0,28,-28
998501978,26,0,26
998501979,0,16,-16
998501980,108,2,106
998501981,32,46,-14
998501982,0,132,-132
998501983,0,0,0
998502006,0,2,-2
998502024,0,0,0
998502032,0,8,-8
998502062,116,108,8
998502063,0,0,0
998502173,72,0,72
998502269,0,4,-4
998502546,0,238,-238
998502578,0,0,0
998502599,188,408,-220
998502621,0,2,-2
998601159,0,466,-466
998601292,0,24,-24
999033574,2,1264,-1262
999800001,22,0,22
999800002,0,8,-8
999800003,14,0,14
999800004,0,0,0
999800005,0,10,-10
