ID,insum,outsum,diff
100000001,688,1070,-382
100000002,6033,1357,4676
100000003,8473,4086,4387
100000004,1813,1507,306
100000005,2612,5356,-2744
100000006,1010,139,871
100000007,3172,860,2312
100000008,231,579,-348
100000009,779,737,42
100000010,41,154,-113
100000011,1189,92,1097
100000012,181,749,-568
100000013,26,240,-214
100000014,378,324,54
100000015,2391,3108,-717
100000016,1271,1653,-382
100000017,937,1161,-224
100000018,1908,782,1126
100000019,5841,2625,3216
100000020,2354,8212,-5858
100000021,6293,2877,3416
100000022,2983,1898,1085
100000023,7121,1851,5270
100000025,3374,1251,2123
100000028,2913,1245,1668
100000029,382,314,68
100000030,470,100,370
100000031,7288,8817,-1529
100000032,3294,5623,-2329
100000033,1323,3385,-2062
100000034,867,527,340
100000035,2867,1395,1472
100000036,3311,1713,1598
100000037,726,663,63
100000038,2504,1404,1100
100000039,999,250,749
100000040,200,202,-2
100000041,1656,568,1088
100000042,2835,546,2289
100000043,1345,479,866
100000044,476,727,-251
100000045,859,1484,-625
100000046,1278,1348,-70
100000047,406,897,-491
100000048,864,867,-3
100000049,2296,2786,-490
100000051,718,1208,-490
100000053,174,9,165
100000054,658,61,597
100000055,2224,299,1925
100000056,866,649,217
100000057,2383,975,1408
100000058,1314,1562,-248
100000059,38,158,-120
100000060,486,482,4
100000061,2962,729,2233
100000062,2772,745,2027
100000063,928,348,580
100000064,1819,401,1418
100000065,670,1144,-474
100000066,355,881,-526
100000067,712,986,-274
100000068,763,2064,-1301
100000069,604,2010,-1406
100000072,427,1425,-998
100000073,1590,1509,81
100000075,888,359,529
100000076,5491,3238,2253
100000077,550,208,342
100000078,119,65,54
100000079,68,83,-15
100000080,61,63,-2
100000081,166,140,26
100000102,4502,2101,2401
100000103,7170,1415,5755
100000104,6815,2766,4049
100000105,4557,1924,2633
100000106,3687,2950,737
100000107,1180,1091,89
100000108,1449,1249,200
100000109,5524,1556,3968
100000116,2145,1209,936
100000117,142,83,59
100000118,2682,1031,1651
100000119,919,610,309
100000121,269,553,-284
100000122,2087,1190,897
100000123,4338,6461,-2123
100000124,7861,10235,-2374
100000125,4651,1577,3074
100000126,1412,486,926
100000127,2460,463,1997
100000128,2498,2188,310
100000129,588,417,171
100000130,373,642,-269
100000131,3918,4660,-742
100000132,2022,3560,-1538
100000133,8252,3539,4713
100000135,685,1074,-389
100000139,576,275,301
100000140,714,338,376
100000142,569,656,-87
100000143,1983,892,1091
100000144,4546,1003,3543
100000147,1291,3127,-1836
100000150,68,529,-461
100000151,1443,1134,309
100000153,567,592,-25
100000154,293,195,98
100000155,44,66,-22
100000156,363,212,151
100000157,94,100,-6
100000158,265,59,206
100000159,606,582,24
100000165,2126,860,1266
100000169,679,472,207
100000174,1502,527,975
100000179,124,647,-523
100000180,3859,1350,2509
100000181,571,328,243
100000188,94,376,-282
100000189,1384,396,988
100000190,1226,622,604
100000191,914,531,383
100000192,67,155,-88
100000193,217,187,30
100000330,1946,1113,833
100000355,341,655,-314
100000362,6832,4618,2214
100000363,4415,5714,-1299
100000364,500,199,301
100000365,5706,6108,-402
100000366,8130,3514,4616
100000367,6284,5281,1003
100000368,3113,2225,888
100000369,2007,2693,-686
100000370,306,698,-392
100000376,195,143,52
100000379,5465,1872,3593
100000380,9678,3772,5906
100000384,8648,5983,2665
100000385,6951,5638,1313
100000386,11755,6766,4989
100000387,9396,6569,2827
100000388,11335,8609,2726
100000389,11484,8644,2840
100000390,13007,6630,6377
100000391,9049,9428,-379
100000392,5442,3765,1677
100000393,3678,4486,-808
100000394,12172,8280,3892
100000395,7791,3583,4208
100000396,10560,3348,7212
100000397,6941,4488,2453
100000398,14391,9533,4858
100000413,2,4,-2
100900002,7,74,-67
100900003,496,164,332
100900004,21,823,-802
100900005,214,39,175
100900006,32,166,-134
100900007,734,19,715
100900008,1,381,-380
100900009,89,149,-60
100900010,83,121,-38
100900011,230,381,-151
100900012,1,252,-251
100900013,1155,11,1144
100900014,5,13,-8
100900015,122,134,-12
100900016,16,78,-62
100900017,1130,60,1070
100900018,0,37,-37
100900019,45,169,-124
100900020,560,13,547
100900021,687,10,677
100900022,14,32,-18
100900023,7,39,-32
100900024,1625,7,1618
100900025,13,21,-8
100900026,137,158,-21
100900027,824,3768,-2944
100900028,155,284,-129
100900029,115,22,93
100900030,17,69,-52
100900031,734,48,686
100900032,250,0,250
100900033,262,206,56
100900034,614,1,613
100900035,956,2,954
100900036,31,1,30
100900037,109,349,-240
100900038,205,41,164
100900039,414,769,-355
100900040,543,769,-226
100900041,684,864,-180
100900042,1473,457,1016
100900043,0,15,-15
100900044,3402,685,2717
100900045,120,2,118
100900046,1547,18,1529
100900047,1014,196,818
100900048,308,55,253
100900049,101,236,-135
100900050,6,30,-24
100900051,87,88,-1
100900052,677,61,616
100900053,411,23,388
100900054,35,115,-80
100900055,391,766,-375
100900056,254,572,-318
100900057,761,1601,-840
100900058,448,75,373
100900059,249,6,243
100900060,211,48,163
100900061,468,489,-21
100900062,8,50,-42
100900063,236,815,-579
100900064,963,19,944
100900065,146,119,27
100900066,95,190,-95
100900067,0,14,-14
100900068,187,127,60
100900069,1493,29,1464
100900070,381,6,375
100900071,921,395,526
100900072,3,53,-50
100900073,168,616,-448
100900074,3,19,-16
100900075,2227,577,1650
100900076,45,56,-11
100900077,37,122,-85
100900078,140,601,-461
100900079,14,29,-15
100900080,60,186,-126
100900081,104,313,-209
100900082,128,733,-605
100900083,7,46,-39
100900085,12,96,-84
100900086,374,1643,-1269
100900088,124,800,-676
100900089,8,32,-24
100900090,227,690,-463
100900091,6,23,-17
100900092,482,368,114
100900093,282,454,-172
100900094,174,608,-434
100900095,6,54,-48
100900096,39,110,-71
100900097,2,5,-3
100900098,22,39,-17
100900099,59,749,-690
100900100,22,472,-450
100900101,528,99,429
100900102,165,127,38
100900103,20,15,5
100900104,10,223,-213
100900105,20,395,-375
100900106,63,4,59
100900107,2579,1013,1566
100900108,22,28,-6
100900109,33,52,-19
100900110,0,15,-15
100900111,63,273,-210
100900112,0,9,-9
100900113,35,14,21
100900114,21,27,-6
100900115,4,64,-60
100900116,908,1386,-478
100900117,400,1026,-626
100900118,160,129,31
100900119,14,21,-7
100900120,9,23,-14
100900121,348,1015,-667
100900122,202,244,-42
100900123,103,208,-105
100900124,9,15,-6
100900125,18,124,-106
100900126,122,359,-237
100900127,5,7,-2
100900128,108,231,-123
100900129,0,136,-136
100900131,107,365,-258
100900133,84,82,2
100900134,5,17,-12
100900135,1,195,-194
100900137,391,246,145
100900138,701,625,76
100900139,31,14,17
100900140,4,811,-807
100900141,4,507,-503
100900142,0,30,-30
100900143,973,531,442
100900144,27,4,23
100900145,83,192,-109
100900146,18,102,-84
100900147,33,333,-300
100900148,30,946,-916
100900149,26,187,-161
100900150,1,67,-66
100900151,160,643,-483
100900152,126,29,97
100900153,6,218,-212
100900154,9,41,-32
100900155,16,13,3
100900156,35,19,16
100900157,7,230,-223
100900159,4,30,-26
100900160,17,23,-6
100900161,114,2,112
100900162,24,310,-286
100900163,205,262,-57
100900164,52,59,-7
100900165,23,134,-111
100900166,39,10,29
100900167,35,143,-108
100900168,35,193,-158
100900169,122,1098,-976
100900170,27,17,10
100900171,30,779,-749
100900172,0,20,-20
100900173,4,642,-638
100900174,1383,101,1282
100900176,1822,298,1524
100900177,884,485,399
100900178,981,208,773
100900179,177,188,-11
100900180,0,10,-10
100900181,107,80,27
100900182,36,35,1
100900184,19,187,-168
100900186,1041,808,233
100900187,13,160,-147
100900188,67,23,44
100900189,1080,247,833
100900191,1891,1437,454
100900192,397,338,59
100900195,174,160,14
100900197,8,46,-38
100900198,21,302,-281
100900199,5,10,-5
100900200,754,572,182
100900201,97,1036,-939
100900202,89,2,87
100900203,0,82,-82
100900204,953,383,570
100900205,226,566,-340
100900206,163,120,43
100900207,260,163,97
100900210,71,754,-683
100900211,552,231,321
100900213,131,88,43
100900214,990,254,736
100900215,16,53,-37
100900217,220,122,98
101000001,5799,3263,2536
101000002,6215,6526,-311
101000003,1020,2640,-1620
101000004,12494,10553,1941
101000005,5880,6305,-425
101000006,10205,9660,545
101000007,3339,4247,-908
101000008,6448,3608,2840
101000009,2618,2178,440
101000010,1310,1711,-401
101000011,2877,941,1936
101000012,2318,1005,1313
101000013,720,1474,-754
101000014,699,925,-226
101000015,1160,1010,150
101000016,808,614,194
101000017,906,683,223
101000018,5317,3480,1837
101000020,5203,1648,3555
101000021,2174,443,1731
101000022,577,135,442
101000023,2969,975,1994
101000025,261,640,-379
101000026,612,33,579
101000027,2941,2268,673
101000028,1591,308,1283
101000029,322,1555,-1233
101000030,2438,128,2310
101000031,1250,772,478
101000032,14064,3869,10195
101000033,4344,3785,559
101000034,4841,1806,3035
101000035,1464,538,926
101000036,2197,827,1370
101000037,5597,1834,3763
101000039,4199,2824,1375
101000040,4729,4219,510
101000041,16393,8456,7937
101000042,1210,1406,-196
101000043,11878,8230,3648
101000045,2696,1013,1683
101000046,5939,1014,4925
101000047,3835,2356,1479
101000048,1419,1345,74
101000049,1243,1905,-662
101000050,4055,3378,677
101000051,3382,2827,555
101000052,2330,970,1360
101000053,1719,2500,-781
101000054,2674,2026,648
101000055,1878,1947,-69
101000056,74,180,-106
101000057,3070,1284,1786
101000058,2091,1451,640
101000059,4733,2311,2422
101000060,2329,730,1599
101000061,1186,1612,-426
101000062,1045,901,144
101000063,917,943,-26
101000064,1978,1037,941
101000065,505,454,51
101000066,905,643,262
101000067,1682,815,867
101000068,588,455,133
101000069,681,115,566
101000070,2037,1112,925
101000071,2527,1070,1457
101000072,1364,4615,-3251
101000073,1112,884,228
101000074,8173,4080,4093
101000075,7484,3743,3741
101000077,1608,1224,384
101000078,1155,2492,-1337
101000079,716,419,297
101000080,861,407,454
101000081,1591,1928,-337
101000082,4311,3829,482
101000083,2828,2898,-70
101000084,1717,1351,366
101000085,1998,1614,384
101000086,1248,1339,-91
101000087,1034,1473,-439
101000088,1236,1467,-231
101000089,1053,1982,-929
101000090,2594,1683,911
101000091,426,1532,-1106
101000092,882,1393,-511
101000093,2080,1061,1019
101000094,1085,1796,-711
101000095,457,951,-494
101000096,460,746,-286
101000097,1504,485,1019
101000098,951,757,194
101000099,1474,1917,-443
101000100,1304,1067,237
101000101,503,475,28
101000102,2114,449,1665
101000103,1240,580,660
101000104,545,647,-102
101000105,2074,352,1722
101000106,1753,619,1134
101000107,204,489,-285
101000108,1365,446,919
101000109,364,97,267
101000110,36,771,-735
101000111,266,329,-63
101000113,348,1380,-1032
101000114,11337,4079,7258
101000115,167,147,20
101000116,293,320,-27
101000117,1938,377,1561
101000119,187,51,136
101000120,244,54,190
101000121,77,47,30
101000122,163,82,81
101000123,92,76,16
101000124,523,191,332
101000125,296,670,-374
101000128,1244,391,853
101000130,315,449,-134
101000131,885,717,168
101000132,742,1800,-1058
101000135,80,53,27
101000136,706,139,567
101000137,52,429,-377
101000141,2637,4053,-1416
101000147,1222,706,516
101000148,2343,58,2285
101000149,137,144,-7
101000150,108,1054,-946
101000151,217,82,135
101000152,476,468,8
101000153,600,538,62
101000154,351,1670,-1319
101000155,377,210,167
101000156,39,397,-358
101000157,57,75,-18
101000160,165,56,109
101000163,364,185,179
101000164,637,532,105
101000165,341,429,-88
101000166,371,513,-142
101000168,1012,463,549
101000252,2084,1138,946
101000254,819,75,744
101000258,47,11,36
101000261,148,24,124
101000262,1648,1794,-146
101000263,464,1515,-1051
101000265,116,777,-661
101000266,497,430,67
101000269,155,18,137
101000290,2269,3747,-1478
101000293,40,77,-37
101000294,717,580,137
101000295,153,815,-662
101000301,1131,532,599
101000304,2677,2940,-263
101000305,3815,2276,1539
101000328,105,492,-387
101900001,22,86,-64
101900002,0,21,-21
101900003,98,162,-64
101900004,7,57,-50
101900005,6025,2392,3633
101900006,1145,100,1045
101900007,983,206,777
101900008,185,597,-412
101900009,116,740,-624
101900010,1286,810,476
101900011,504,2553,-2049
101900012,216,682,-466
101900013,1727,207,1520
101900017,18,149,-131
101900018,2019,321,1698
101900019,357,157,200
101900020,65,113,-48
101900021,2,74,-72
101900022,165,1665,-1500
101900023,150,295,-145
101900026,100,53,47
101900027,25,134,-109
102000001,5591,5339,252
102000002,4137,1619,2518
102000003,4843,9229,-4386
102000004,11266,4014,7252
102000005,1824,2845,-1021
102000006,2107,2748,-641
102000007,2342,6882,-4540
102000008,7365,2382,4983
102000009,6719,9199,-2480
102000010,7013,5193,1820
102000011,4143,3372,771
102000012,4955,4423,532
102000018,4190,3980,210
102000019,3732,2510,1222
102000026,295,1141,-846
102000029,365,287,78
102000030,185,511,-326
102000031,75,242,-167
102000032,543,503,40
102000033,237,563,-326
102000034,675,660,15
102000035,1223,881,342
102000036,15,437,-422
102000037,194,114,80
102000038,293,292,1
102000039,312,100,212
102000040,672,237,435
102000041,320,390,-70
102000042,399,306,93
102000043,573,262,311
102000044,1163,588,575
102000045,846,1384,-538
102000046,1291,878,413
102000047,988,1511,-523
102000048,469,1180,-711
102000049,1372,994,378
102000050,1492,1646,-154
102000051,604,887,-283
102000052,1847,1135,712
102000053,1368,1076,292
102000054,826,1318,-492
102000055,1157,1110,47
102000056,906,1960,-1054
102000057,2046,829,1217
102000058,1524,2508,-984
102000059,2294,2293,1
102000060,1920,1362,558
102000061,2077,3081,-1004
102000062,1953,1424,529
102000063,1446,1958,-512
102000064,809,1010,-201
102000065,52,196,-144
102000066,1140,1683,-543
102000067,3459,4632,-1173
102000068,13012,3982,9030
102000069,85,2115,-2030
102000070,2499,69,2430
102000071,10494,11799,-1305
102000072,4391,5985,-1594
102000073,2218,1270,948
102000074,1175,1220,-45
102000075,210,406,-196
102000076,312,849,-537
102000077,631,1319,-688
102000078,1072,1187,-115
102000079,301,332,-31
102000080,353,327,26
102000081,413,1035,-622
102000082,907,429,478
102000083,686,519,167
102000084,272,432,-160
102000085,2106,1494,612
102000086,1221,1749,-528
102000087,1299,2322,-1023
102000088,407,440,-33
102000089,1274,526,748
102000090,874,1589,-715
102000091,2274,674,1600
102000092,474,1418,-944
102000093,631,844,-213
102000094,1348,795,553
102000095,1381,1588,-207
102000096,1035,1176,-141
102000097,1365,1547,-182
102000098,683,1383,-700
102000099,1213,943,270
102000100,1154,1664,-510
102000101,1775,897,878
102000102,517,2902,-2385
102000103,1923,615,1308
102000104,1131,473,658
102000105,276,837,-561
102000106,890,1083,-193
102000107,1434,793,641
102000108,779,300,479
102000109,975,762,213
102000110,1096,1992,-896
102000111,16,351,-335
102000112,179,109,70
102000113,13,40,-27
102000114,1050,451,599
102000115,232,337,-105
102000116,1141,428,713
102000117,591,706,-115
102000118,2319,1342,977
102000119,2760,890,1870
102000120,356,636,-280
102000121,1471,667,804
102000122,837,1122,-285
102000123,1739,1505,234
102000124,1631,1423,208
102000125,1074,1698,-624
102000126,944,846,98
102000127,1587,1076,511
102000128,962,1248,-286
102000129,2003,1188,815
102000130,858,943,-85
102000131,2200,914,1286
102000132,923,1030,-107
102000133,1806,2510,-704
102000134,682,938,-256
102000135,933,1257,-324
102000136,1208,833,375
102000137,1405,933,472
102000138,380,528,-148
102000139,227,520,-293
102000140,573,316,257
102000141,620,616,4
102000142,319,451,-132
102000143,130,580,-450
102000144,313,514,-201
102000145,385,569,-184
102000146,457,351,106
102000147,486,476,10
102000148,287,504,-217
102000149,174,705,-531
102000150,380,218,162
102000151,161,368,-207
102000152,208,211,-3
102000153,1380,565,815
102000154,410,824,-414
102000155,128,364,-236
102000156,439,117,322
102000157,164,332,-168
102000158,823,725,98
102000159,1591,615,976
102000161,4961,2525,2436
102000162,245,170,75
102000163,119,723,-604
102000164,1388,1495,-107
102000165,353,176,177
102000166,69,199,-130
102000167,354,294,60
102000168,332,173,159
102000169,224,847,-623
102000170,922,193,729
102000171,625,124,501
102000172,619,452,167
102000173,657,377,280
102000174,99,88,11
102000175,168,167,1
102000176,57,44,13
102000178,480,621,-141
102000179,900,282,618
102000180,849,688,161
102000181,673,776,-103
102000182,633,829,-196
102000183,1924,2457,-533
102000184,2120,1034,1086
102000185,3021,1868,1153
102000186,1331,2571,-1240
102000187,1092,2131,-1039
102000188,1134,1871,-737
102000189,3334,1248,2086
102000190,752,3736,-2984
102000191,1659,671,988
102000192,1310,1764,-454
102000193,84,242,-158
102000194,129,220,-91
102000195,611,596,15
102000196,226,580,-354
102000197,760,537,223
102000198,262,1061,-799
102000199,1014,464,550
102000200,406,1311,-905
102000201,939,659,280
102000202,1,148,-147
102000203,515,320,195
102000204,519,1064,-545
102000205,1357,723,634
102000206,1188,972,216
102000207,2122,640,1482
102000208,703,621,82
102000209,51,68,-17
102000210,401,637,-236
102000211,794,435,359
102000212,457,21,436
102000213,4,446,-442
102000214,322,19,303
102000215,8,527,-519
102000216,46,91,-45
102000217,13,165,-152
102000218,296,175,121
102000219,466,360,106
102000225,896,819,77
102000226,6327,1634,4693
102000227,190,6,184
102000228,1,142,-141
102000229,38,50,-12
102000230,376,612,-236
102000231,341,771,-430
102000232,22,305,-283
102000233,519,1036,-517
102000234,107,1405,-1298
102000236,328,115,213
102000237,1060,176,884
102000238,228,423,-195
102000240,952,717,235
102000241,178,132,46
102000243,15,117,-102
102000245,25,167,-142
102000246,17,51,-34
102000247,2056,1428,628
102000248,1075,1025,50
102000249,135,221,-86
102000250,65,543,-478
102000254,88,488,-400
102000266,73,218,-145
102000271,39,1,38
102000286,690,606,84
102000297,2612,1554,1058
102000299,0,1,-1
102000301,0,0,0
102000305,0,0,0
102000307,0,16,-16
102900001,1633,1089,544
102900002,428,50,378
102900003,67,267,-200
102900005,436,457,-21
102900006,631,293,338
102900007,543,36,507
102900008,220,112,108
102900009,690,346,344
102900010,919,527,392
102900011,2577,552,2025
102900012,380,81,299
102900013,60,78,-18
102900015,1005,542,463
102900016,103,145,-42
102900017,191,724,-533
102900018,30,203,-173
102900019,516,684,-168
102900020,188,39,149
102900021,23,122,-99
102900022,747,204,543
102900023,17,91,-74
102900024,42,69,-27
102900025,329,165,164
102900026,851,2253,-1402
102900027,71,76,-5
102900028,229,994,-765
102900029,200,218,-18
102900030,706,421,285
102900031,250,197,53
102900032,89,116,-27
102900033,122,292,-170
102900034,527,128,399
102900035,187,424,-237
102900036,395,786,-391
102900037,316,819,-503
102900038,543,978,-435
102900039,32,645,-613
102900040,197,326,-129
102900041,138,262,-124
102900042,213,388,-175
102900043,214,390,-176
102900044,877,2721,-1844
102900045,114,741,-627
102900046,160,357,-197
102900047,111,793,-682
102900048,758,892,-134
102900049,126,402,-276
102900050,388,421,-33
102900051,248,275,-27
102900052,64,50,14
102900053,533,1014,-481
102900054,1196,1452,-256
102900055,148,250,-102
102900056,160,688,-528
102900057,10,82,-72
102900058,285,80,205
102900059,27,71,-44
102900060,181,593,-412
102900061,231,651,-420
102900062,230,1348,-1118
102900063,1433,609,824
102900064,203,572,-369
102900065,2145,871,1274
102900066,443,45,398
102900068,153,122,31
102900070,321,757,-436
102900072,29,79,-50
102900073,218,15,203
102900075,41,49,-8
102900076,338,133,205
102900077,54,49,5
102900078,34,112,-78
102900079,249,26,223
102900080,410,60,350
102900081,78,317,-239
102900082,9,252,-243
102900083,400,13,387
102900084,9,46,-37
102900085,375,189,186
102900086,18,74,-56
102900087,129,126,3
102900088,50,39,11
102900089,393,197,196
102900090,2,602,-600
102900091,305,34,271
102900092,580,1337,-757
102900093,307,312,-5
102900094,16,95,-79
102900095,87,2,85
102900096,68,26,42
102900097,2,169,-167
102900098,37,12,25
103000001,2952,3458,-506
103000002,3255,3462,-207
103000003,5996,3733,2263
103000004,1073,973,100
103000005,2336,4121,-1785
103000006,823,1954,-1131
103000007,564,961,-397
103000008,1488,1157,331
103000009,1505,1444,61
103000010,199,175,24
103000011,2076,1655,421
103000012,1444,1812,-368
103000013,6886,2682,4204
103000014,1581,3759,-2178
103000015,2513,902,1611
103000016,542,1924,-1382
103000017,214,491,-277
103000018,1137,528,609
103000019,337,354,-17
103000020,3734,1996,1738
103000021,2627,2032,595
103000022,1411,1423,-12
103000023,761,2169,-1408
103000024,98,260,-162
103000025,106,729,-623
103000026,1971,165,1806
103000027,384,744,-360
103000028,588,503,85
103000029,371,332,39
103000030,2305,1034,1271
103000031,1912,2717,-805
103000032,2444,2391,53
103000033,3290,3370,-80
103000034,2008,1489,519
103000035,656,1956,-1300
103000036,498,582,-84
103000037,728,655,73
103000038,590,1421,-831
103000039,419,668,-249
103000040,541,1480,-939
103000041,1959,3325,-1366
103000042,1519,780,739
103000043,565,1407,-842
103000044,218,230,-12
103000046,255,622,-367
103000047,733,757,-24
103000048,186,256,-70
103000049,102,192,-90
103000050,816,772,44
103000051,650,726,-76
103000052,983,541,442
103000053,391,688,-297
103000054,2905,1642,1263
103000055,2466,2822,-356
103000056,707,2441,-1734
103000057,404,407,-3
103000058,759,1069,-310
103000059,579,1001,-422
103000060,1324,918,406
103000061,583,1144,-561
103000062,1229,775,454
103000063,813,994,-181
103000064,197,285,-88
103000065,5,499,-494
103000066,258,7,251
103000069,317,508,-191
103000070,1407,1261,146
103000071,1280,543,737
103000072,147,1117,-970
103000073,622,145,477
103000074,943,134,809
103000075,129,1041,-912
103000076,357,452,-95
103000077,45,460,-415
103000078,1631,839,792
103000079,1586,744,842
103000080,1316,472,844
103000081,611,1178,-567
103000082,655,238,417
103000083,186,456,-270
103000084,200,12,188
103000085,7,180,-173
103000086,1048,500,548
103000087,198,747,-549
103000088,489,381,108
103000089,340,642,-302
103000090,2107,916,1191
103000091,699,607,92
103000092,352,313,39
103000093,410,566,-156
103000094,259,131,128
103000095,92,473,-381
103000096,674,157,517
103000097,123,878,-755
103000098,1512,256,1256
103000099,700,756,-56
103000100,152,993,-841
103000101,1216,202,1014
103000102,122,807,-685
103000103,820,310,510
103000104,97,156,-59
103000105,176,177,-1
103000106,11,117,-106
103000107,335,80,255
103000108,1105,691,414
103000109,369,404,-35
103000110,442,496,-54
103000111,727,488,239
103000112,421,263,158
103000113,1245,867,378
103000114,2618,538,2080
103000115,588,620,-32
103000116,597,649,-52
103000117,319,611,-292
103000118,1477,1123,354
103000119,2001,880,1121
103000120,176,183,-7
103000121,445,777,-332
103000122,488,376,112
103000125,10,432,-422
103000126,714,9,705
103000127,3,232,-229
103000128,198,3,195
103000129,3,169,-166
103000130,61,49,12
103000131,171,111,60
103000132,120,132,-12
103000133,12,110,-98
103000134,823,1105,-282
103000135,952,394,558
103000136,1014,586,428
103000137,781,773,8
103000138,999,859,140
103000139,1,101,-100
103000140,163,40,123
103000141,54,162,-108
103000142,190,103,87
103000143,105,292,-187
103000144,251,127,124
103000145,72,36,36
103000150,93,56,37
103000152,289,298,-9
103000153,306,232,74
103000156,11,432,-421
103000157,446,0,446
103000159,212,102,110
103000162,124,30,94
103000163,8,31,-23
103000164,41,16,25
103000165,185,478,-293
103000166,257,395,-138
103000167,238,131,107
103000168,92,220,-128
103000169,297,579,-282
103000170,819,568,251
103000171,54,98,-44
103000172,530,459,71
103000173,591,822,-231
103000174,207,451,-244
103000175,250,458,-208
103000176,1157,686,471
103000177,871,631,240
103000178,331,442,-111
103000179,208,56,152
103000183,183,31,152
103000185,134,104,30
103000186,153,305,-152
103000187,687,686,1
103000188,17,68,-51
103000189,2013,1263,750
103000191,789,872,-83
103000292,2559,1989,570
103000293,1398,2600,-1202
103000295,160,120,40
103000296,406,6,400
103000297,110,46,64
103000504,145,21,124
103000505,5,21,-16
103000506,4,351,-347
103000507,252,2,250
103000508,64,64,0
103000509,287,719,-432
103900001,13,480,-467
103900002,2027,245,1782
103900003,2403,137,2266
103900004,106,0,106
103900005,4,411,-407
103900006,2,0,2
103900007,59,4,55
103900008,32,2,30
103900009,356,545,-189
103900010,229,426,-197
103900011,335,244,91
103900012,17,22,-5
103900013,61,90,-29
103900014,65,15,50
103900015,70,22,48
103900016,296,286,10
103900017,37,136,-99
103900018,849,318,531
103900019,94,367,-273
103900020,245,534,-289
103900021,937,80,857
103900022,1460,888,572
103900023,125,3,122
103900024,140,628,-488
103900025,16,56,-40
103900026,24,0,24
103900027,814,409,405
103900028,25,392,-367
103900029,1481,206,1275
103900030,659,60,599
103900031,26,2,24
103900032,111,103,8
103900033,253,9,244
103900034,33,266,-233
103900035,94,86,8
103900036,54,32,22
103900037,154,72,82
103900038,140,203,-63
103900039,51,460,-409
103900040,3,242,-239
103900041,49,35,14
103900042,76,420,-344
103900043,150,130,20
103900044,198,326,-128
103900045,391,225,166
103900047,87,33,54
103900048,78,22,56
103900049,275,1631,-1356
103900050,14,122,-108
103900051,2,53,-51
103900052,325,601,-276
103900053,326,1056,-730
103900054,129,628,-499
103900055,495,370,125
103900056,61,70,-9
103900057,49,285,-236
103900058,352,1041,-689
103900059,0,3,-3
103900060,93,334,-241
103900061,144,63,81
103900062,378,146,232
103900063,8,0,8
103900064,139,8,131
103900065,1010,520,490
103900066,176,32,144
103900067,205,14,191
103900068,18,0,18
103900069,143,14,129
103900070,193,360,-167
103900071,21,177,-156
103900072,20,321,-301
103900073,42,35,7
103900074,102,127,-25
103900075,323,125,198
103900076,512,834,-322
103900077,74,143,-69
103900078,323,171,152
103900079,122,351,-229
103900080,19,56,-37
103900081,186,32,154
103900082,19,161,-142
103900083,2261,1406,855
103900084,113,191,-78
103900085,86,168,-82
103900086,786,434,352
103900088,493,505,-12
103900089,50,221,-171
103900090,10,266,-256
103900091,1445,340,1105
103900092,1425,595,830
103900093,116,500,-384
103900094,24,223,-199
103900095,701,276,425
103900096,37,365,-328
103900097,7,672,-665
103900098,276,145,131
103900099,91,280,-189
103900100,241,538,-297
103900101,66,1494,-1428
103900102,1,33,-32
103900104,0,49,-49
103900105,143,293,-150
103900106,0,15,-15
103900107,109,360,-251
103900108,53,506,-453
103900109,97,121,-24
103900110,320,59,261
103900111,100,970,-870
103900112,48,113,-65
103900113,155,292,-137
103900114,520,406,114
103900115,315,257,58
103900116,8118,3547,4571
103900117,175,135,40
103900119,43,74,-31
103900120,82,137,-55
103900122,119,326,-207
103900123,1964,828,1136
103900124,68,600,-532
103900125,146,128,18
103900126,655,623,32
103900127,168,732,-564
103900128,114,242,-128
103900131,57,142,-85
103900133,1164,39,1125
103900134,0,8,-8
103900135,19,8,11
103900137,0,76,-76
103900138,119,473,-354
103900139,309,2130,-1821
103900140,14,142,-128
103900141,420,99,321
103900142,198,218,-20
103900143,57,4,53
103900144,3,110,-107
103900145,173,425,-252
103900146,439,455,-16
103900147,574,168,406
103900148,225,307,-82
103900149,349,944,-595
103900150,9395,5087,4308
103900151,47,218,-171
103900152,538,647,-109
103900153,21,0,21
103900154,1561,2407,-846
103900155,54,279,-225
103900156,36,227,-191
103900157,37,301,-264
103900158,106,250,-144
103900159,208,130,78
103900160,50,48,2
103900161,129,279,-150
103900162,68,260,-192
103900163,16,605,-589
103900167,22,105,-83
103900168,165,138,27
103900169,46,48,-2
103900170,2,167,-165
103900171,0,99,-99
103900172,11,49,-38
103900173,16,27,-11
103900174,149,56,93
103900175,88,95,-7
103900176,25,38,-13
103900177,24,69,-45
103900178,83,109,-26
103900179,59,196,-137
103900180,22,169,-147
103900181,92,47,45
103900182,35,39,-4
103900184,689,99,590
103900185,322,413,-91
103900187,78,91,-13
103900188,51,39,12
103900189,156,9,147
103900190,122,58,64
103900191,50,64,-14
103900192,40,117,-77
103900193,207,267,-60
103900194,105,342,-237
103900195,11,75,-64
103900196,69,43,26
103900197,15,37,-22
103900198,26,69,-43
103900199,186,59,127
103900200,202,172,30
103900201,170,256,-86
103900202,8,69,-61
103900203,32,70,-38
103900204,2,183,-181
103900207,2,229,-227
103900208,114,0,114
103900209,17,119,-102
103900210,61,38,23
103900211,672,692,-20
103900212,83,513,-430
103900213,134,296,-162
103900214,385,175,210
103900215,535,428,107
103900216,18,548,-530
103900217,545,133,412
103900218,3,443,-440
103900219,182,390,-208
103900233,119,10,109
103900235,108,36,72
103900236,39,4,35
103900242,3,33,-30
103900243,8,7,1
103900244,123,413,-290
103900245,114,294,-180
103900246,96,101,-5
103900247,104,183,-79
103900248,20,57,-37
103900249,63,70,-7
103900250,51,46,5
103900251,2,31,-29
103900253,69,103,-34
103900254,7,15,-8
103900255,27,40,-13
103900256,39,59,-20
103900257,183,245,-62
103900258,58,9,49
103900259,193,14,179
103900261,11,2,9
103900262,52,14,38
103900263,77,128,-51
103900264,77,66,11
103900265,55,11,44
103900266,3,98,-95
103900267,16,69,-53
103900268,13,145,-132
103900269,168,44,124
103900270,100,187,-87
103900271,26,203,-177
103900272,95,133,-38
103900273,53,145,-92
103900274,110,18,92
103900275,74,8,66
103900276,18,159,-141
103900277,9,152,-143
103900278,18,104,-86
103900279,3,33,-30
103900280,0,71,-71
104000001,2735,2631,104
104000002,2130,3799,-1669
104000003,2939,2923,16
104000004,3619,3441,178
104000005,1754,2577,-823
104000006,3264,3598,-334
104000007,5281,5008,273
104000008,507,479,28
104000009,170,156,14
104000010,172,323,-151
104000011,823,438,385
104000012,184,544,-360
104000013,247,200,47
104000014,383,887,-504
104000015,352,204,148
104000016,719,540,179
104000018,920,223,697
104000019,574,237,337
104000020,225,885,-660
104000021,407,763,-356
104000022,176,349,-173
104000023,720,437,283
104000024,324,497,-173
104000026,68,466,-398
104000027,488,575,-87
104000028,519,331,188
104000029,528,682,-154
104000030,355,275,80
104000031,1261,488,773
104000032,246,444,-198
104000033,577,584,-7
104000034,347,421,-74
104000035,1000,592,408
104000036,960,706,254
104000037,355,294,61
104000038,459,462,-3
104000039,224,359,-135
104000040,443,531,-88
104000041,607,452,155
104000042,313,484,-171
104000043,382,524,-142
104000044,303,772,-469
104000045,1240,1500,-260
104000046,1769,1988,-219
104000047,1175,1549,-374
104000048,1178,2196,-1018
104000049,622,444,178
104000050,375,756,-381
104000051,169,800,-631
104000052,1585,2103,-518
104000053,982,651,331
104000054,701,678,23
104000055,4857,3335,1522
104000056,1768,338,1430
104000057,162,629,-467
104000058,906,1015,-109
104000059,745,1497,-752
104000060,1280,1481,-201
104000061,1904,1605,299
104000062,476,175,301
104000064,634,470,164
104000065,312,754,-442
104000069,1827,1217,610
104000070,81,642,-561
104000071,193,552,-359
104000072,798,330,468
104000075,107,399,-292
104000076,716,247,469
104000082,2887,3912,-1025
104000083,893,231,662
104000084,153,694,-541
104000085,282,352,-70
104000086,287,477,-190
104000087,527,2148,-1621
104000090,964,1818,-854
104000092,1372,3141,-1769
104000094,1170,2270,-1100
104000095,2380,1801,579
104000096,1852,467,1385
104000097,1964,1273,691
104000098,2146,1462,684
104000100,2007,936,1071
104000101,1536,2476,-940
104000106,152,874,-722
104000107,795,571,224
104000108,395,788,-393
104000109,372,85,287
104000110,1038,1326,-288
104000111,5661,3017,2644
104000112,3170,737,2433
104000116,3,1471,-1468
104000117,150,1060,-910
104000118,737,327,410
104000119,650,359,291
104000120,243,1122,-879
104000121,308,1012,-704
104000122,657,970,-313
104000123,1245,1478,-233
104000124,1302,3191,-1889
104000125,5613,5031,582
104000126,471,510,-39
104000127,1950,3870,-1920
104000128,923,512,411
104000129,626,39,587
104000130,8,279,-271
104000131,938,548,390
104000132,1273,754,519
104000133,1464,1151,313
104000134,1070,2246,-1176
104000135,498,2326,-1828
104000136,885,5125,-4240
104000137,1725,481,1244
104000138,1357,537,820
104000139,9294,3790,5504
104000141,1343,1640,-297
104000142,801,887,-86
104000143,689,729,-40
104000144,84,247,-163
104000145,519,307,212
104000146,476,758,-282
104000147,134,502,-368
104000148,429,201,228
104000149,215,408,-193
104000150,1252,586,666
104000151,484,591,-107
104000152,676,826,-150
104000153,749,617,132
104000154,1216,849,367
104000155,454,606,-152
104000157,1264,1809,-545
104000158,589,454,135
104000159,888,505,383
104000160,2088,2154,-66
104000161,260,264,-4
104000162,71,168,-97
104000165,1655,1310,345
104000167,819,1135,-316
104000168,673,13,660
104000169,133,61,72
104000170,742,750,-8
104000248,404,1077,-673
104000251,69,320,-251
104000272,0,0,0
104000273,0,0,0
104000274,0,0,0
104000275,0,0,0
104000279,800,519,281
104000290,313,386,-73
104000291,931,1466,-535
104000293,1033,810,223
104000294,35,0,35
104000295,898,1071,-173
104000296,503,1116,-613
104000297,970,2314,-1344
104000298,2141,1209,932
104000299,828,2019,-1191
104900001,187,520,-333
104900002,48,187,-139
104900003,74,378,-304
104900004,103,421,-318
104900005,318,300,18
104900006,367,113,254
104900007,309,313,-4
104900009,151,498,-347
104900010,54,56,-2
104900011,40,13,27
104900012,281,57,224
104900013,171,35,136
104900014,3897,460,3437
104900015,133,11,122
104900016,256,358,-102
104900017,256,247,9
104900018,8,294,-286
104900019,553,3121,-2568
104900020,92,362,-270
104900021,4,300,-296
104900022,11,166,-155
104900023,1,147,-146
104900024,47,105,-58
104900025,91,400,-309
104900026,2,154,-152
104900027,636,356,280
104900028,37,111,-74
104900029,64,134,-70
104900030,621,255,366
104900031,153,290,-137
104900032,58,176,-118
104900033,158,293,-135
104900034,488,178,310
104900035,333,226,107
104900036,191,114,77
104900037,160,294,-134
104900038,749,1008,-259
104900039,1075,427,648
104900040,352,104,248
104900041,259,220,39
104900042,212,389,-177
104900043,14,139,-125
104900044,509,234,275
104900045,560,78,482
104900046,211,233,-22
104900047,370,181,189
104900048,282,103,179
104900049,27,31,-4
104900050,311,184,127
104900051,310,59,251
104900052,73,4,69
104900053,592,125,467
104900054,175,102,73
104900055,156,2,154
104900056,207,28,179
104900057,57,3,54
104900058,1963,369,1594
104900059,77,46,31
104900060,1,581,-580
104900061,308,856,-548
104900063,1,112,-111
104900064,1,122,-121
104900065,5,219,-214
104900066,1,281,-280
104900067,6,381,-375
104900068,26,305,-279
104900070,234,363,-129
104900071,5,836,-831
104900072,64,346,-282
104900073,102,345,-243
104900074,128,296,-168
104900075,54,85,-31
104900076,142,452,-310
104900077,1638,267,1371
104900078,239,691,-452
104900079,175,677,-502
104900080,107,561,-454
104900082,22,447,-425
104900085,0,292,-292
104900087,402,5,397
104900089,206,0,206
104900090,868,693,175
104900091,658,887,-229
104900093,267,724,-457
104900097,3417,2601,816
104900098,100,40,60
104900099,122,722,-600
104900100,754,456,298
104900102,42,284,-242
104900103,654,91,563
104900104,4255,2074,2181
104900106,82,207,-125
104900107,131,298,-167
104900108,50,383,-333
104900109,107,555,-448
104900110,11,84,-73
104900111,117,206,-89
104900112,345,1098,-753
104900113,784,508,276
104900114,482,806,-324
104900115,873,543,330
104900116,341,337,4
104900118,42,95,-53
104900119,9,48,-39
104900120,113,209,-96
104900121,0,132,-132
104900122,6,93,-87
104900123,68,8,60
104900124,55,0,55
104900125,598,11,587
104900126,107,88,19
104900127,48,68,-20
104900128,125,276,-151
104900129,3168,2171,997
105000001,2726,2192,534
105000002,2995,2400,595
105000003,4717,4428,289
105000004,887,1630,-743
105000005,1050,1502,-452
105000006,1561,1989,-428
105000007,1536,1739,-203
105000008,2565,3296,-731
105000009,2321,3938,-1617
105000010,4326,3662,664
105000011,3159,3178,-19
105000012,5606,4076,1530
105000013,996,1515,-519
105000014,1849,2815,-966
105000015,11267,12838,-1571
105000016,4922,2833,2089
105000017,2561,1190,1371
105000018,1796,1931,-135
105000019,2049,1207,842
105000020,264,553,-289
105000021,522,150,372
105000022,379,115,264
105000023,730,368,362
105000028,110,143,-33
105000029,741,1456,-715
105000030,5531,4135,1396
105000033,1484,2792,-1308
105000034,254,1033,-779
105000037,888,502,386
105000038,2217,2184,33
105000039,3472,2406,1066
105000040,1012,1255,-243
105000041,788,1719,-931
105000042,3813,1774,2039
105000043,2470,2607,-137
105000044,640,579,61
105000045,488,1152,-664
105000046,1156,444,712
105000047,629,1785,-1156
105000048,787,284,503
105000049,355,861,-506
105000050,834,532,302
105000051,271,737,-466
105000052,713,1156,-443
105000053,242,246,-4
105000054,555,1266,-711
105000055,1181,524,657
105000056,1366,3065,-1699
105000057,1397,1136,261
105000058,2094,1838,256
105000059,968,836,132
105000060,690,877,-187
105000061,683,646,37
105000062,1021,1265,-244
105000063,504,792,-288
105000064,1431,1043,388
105000065,510,1022,-512
105000066,1611,2475,-864
105000067,1605,980,625
105000068,868,1240,-372
105000069,3677,1906,1771
105000070,1118,979,139
105000071,518,996,-478
105000072,1166,2377,-1211
105000073,1062,675,387
105000074,1536,1104,432
105000075,959,1059,-100
105000076,1733,1244,489
105000077,3324,1142,2182
105000078,2039,1643,396
105000079,2385,3055,-670
105000080,2211,1529,682
105000081,4116,1143,2973
105000082,1704,1218,486
105000083,4817,2105,2712
105000084,1125,1284,-159
105000085,1933,1637,296
105000086,665,1262,-597
105000087,2629,2584,45
105000088,1891,1984,-93
105000089,3755,2505,1250
105000090,1298,1108,190
105000091,1950,2069,-119
105000092,1107,1335,-228
105000093,594,275,319
105000094,316,314,2
105000095,132,557,-425
105000096,1966,1012,954
105000097,1701,790,911
105000098,1716,907,809
105000099,1766,1060,706
105000100,1483,1555,-72
105000101,2371,2581,-210
105000102,2187,1865,322
105000103,1876,2856,-980
105000104,2508,1361,1147
105000105,1460,2983,-1523
105000106,1644,2325,-681
105000107,1397,1340,57
105000108,1635,2146,-511
105000109,1716,2273,-557
105000110,875,1092,-217
105000111,860,981,-121
105000112,1442,1158,284
105000113,466,869,-403
105000114,4327,1588,2739
105000115,404,1421,-1017
105000116,924,595,329
105000117,1269,1639,-370
105000118,572,599,-27
105000119,710,1389,-679
105000120,1168,771,397
105000121,1132,1618,-486
105000122,463,764,-301
105000123,1593,1992,-399
105000124,2046,1122,924
105000125,1167,2639,-1472
105000126,2462,2606,-144
105000127,3065,2882,183
105000128,588,1717,-1129
105000129,971,399,572
105000130,469,2431,-1962
105000131,1210,643,567
105000132,982,638,344
105000133,578,1304,-726
105000134,795,765,30
105000135,567,974,-407
105000136,179,551,-372
105000137,480,314,166
105000138,258,500,-242
105000139,1459,1365,94
105000140,424,659,-235
105000141,401,839,-438
105000142,234,645,-411
105000143,346,941,-595
105000144,414,1218,-804
105000145,697,556,141
105000146,714,1205,-491
105000147,644,496,148
105000148,1302,756,546
105000149,2624,2663,-39
105000150,2819,2187,632
105000151,613,517,96
105000152,238,783,-545
105000153,761,806,-45
105000154,825,839,-14
105000155,475,1149,-674
105000156,1237,1024,213
105000157,1122,2247,-1125
105000158,2630,1036,1594
105000159,297,1571,-1274
105000160,2130,786,1344
105000161,872,1775,-903
105000162,842,2180,-1338
105000163,1864,1338,526
105000164,214,383,-169
105000165,2000,6205,-4205
105000166,8214,976,7238
105000167,3378,1741,1637
105000168,396,935,-539
105000169,630,500,130
105000170,269,1580,-1311
105000171,1513,425,1088
105000172,164,45,119
105000173,193,55,138
105000174,146,40,106
105000175,110,214,-104
105000176,418,143,275
105000177,360,257,103
105000178,119,760,-641
105000179,561,219,342
105000180,212,153,59
105000181,90,481,-391
105000182,44,95,-51
105000183,3434,2394,1040
105000184,1767,1082,685
105000185,1957,1066,891
105000186,738,1019,-281
105000187,1034,247,787
105000188,549,172,377
105000189,409,610,-201
105000190,366,529,-163
105000191,414,355,59
105000192,329,92,237
105000193,148,202,-54
105000194,298,105,193
105000195,367,1154,-787
105000196,36,222,-186
105000197,289,768,-479
105000198,726,462,264
105000199,410,577,-167
105000200,249,289,-40
105000201,172,35,137
105000203,6,199,-193
105000204,89,118,-29
105000205,118,214,-96
105000207,809,314,495
105000208,341,569,-228
105000209,249,476,-227
105000212,1443,1816,-373
105000213,247,208,39
105000214,160,381,-221
105000215,345,290,55
105000216,164,453,-289
105000217,159,441,-282
105000218,1303,1253,50
105000221,226,312,-86
105000222,225,73,152
105000223,355,254,101
105000226,92,361,-269
105000227,85,206,-121
105000228,387,1680,-1293
105000229,150,426,-276
105000231,350,400,-50
105000233,901,795,106
105000234,684,1688,-1004
105000235,446,752,-306
105000237,1015,143,872
105000243,37,266,-229
105000248,204,122,82
105000262,327,1873,-1546
105000269,143,242,-99
105000270,529,94,435
105000271,3,300,-297
105000282,169,79,90
105000287,431,166,265
105000288,568,617,-49
105000289,3913,2188,1725
105000290,47,2,45
105000402,5346,3986,1360
105000426,747,711,36
105000438,4361,1525,2836
105000446,17663,7062,10601
105000447,10469,4148,6321
105000454,434,1155,-721
105000455,398,268,130
105000474,19,2,17
105000477,405,571,-166
105000478,1967,4141,-2174
105000479,194,176,18
105000480,8572,5150,3422
105000481,4653,3526,1127
105000482,7994,6604,1390
105000483,1546,1968,-422
105000484,3089,3471,-382
105000485,2048,2713,-665
105000486,5746,3569,2177
105000488,10877,6325,4552
105000489,1082,1164,-82
105000549,104,204,-100
105000550,724,1863,-1139
105000551,31,211,-180
105000552,4479,2585,1894
105000555,1153,924,229
105900001,19,1489,-1470
105900002,1754,876,878
105900003,20,146,-126
105900004,400,161,239
105900005,2,355,-353
105900006,19,116,-97
105900007,101,22,79
105900008,80,766,-686
105900009,32,18,14
105900011,326,52,274
105900012,938,268,670
105900013,14,33,-19
105900014,11,97,-86
105900015,200,487,-287
105900016,490,793,-303
105900017,1400,74,1326
105900018,204,316,-112
105900019,147,720,-573
105900020,76,82,-6
105900021,37,309,-272
105900022,356,360,-4
105900023,7,131,-124
105900024,13,163,-150
105900025,174,60,114
105900026,334,40,294
105900027,7578,11714,-4136
105900028,234,250,-16
105900029,2150,563,1587
105900030,316,359,-43
105900031,476,265,211
105900032,80,163,-83
105900033,219,150,69
105900034,249,305,-56
105900035,292,202,90
105900036,86,170,-84
105900037,83,82,1
105900038,203,423,-220
105900039,129,182,-53
105900040,103,117,-14
105900041,197,378,-181
105900042,88,167,-79
105900043,2399,82,2317
105900044,5,339,-334
105900045,10,996,-986
105900046,10,246,-236
105900047,8,50,-42
105900048,117,814,-697
105900050,9261,2157,7104
105900051,13,1573,-1560
105900052,787,401,386
105900053,4815,3084,1731
105900054,456,357,99
105900056,1070,470,600
105900057,70,165,-95
105900058,14,32,-18
105900059,0,48,-48
106000001,5930,3165,2765
106000002,3675,7007,-3332
106000003,4073,4975,-902
106000004,2827,3731,-904
106000005,3502,6746,-3244
106000006,8075,6280,1795
106000007,603,786,-183
106000008,484,426,58
106000009,547,496,51
106000010,743,794,-51
106000011,1123,1367,-244
106000012,1034,1896,-862
106000013,1926,2542,-616
106000014,2300,2333,-33
106000015,1488,1361,127
106000016,1601,2992,-1391
106000017,758,914,-156
106000018,874,738,136
106000019,395,525,-130
106000020,314,590,-276
106000021,310,560,-250
106000022,459,385,74
106000023,726,439,287
106000024,720,886,-166
106000025,111,263,-152
106000026,150,296,-146
106000027,1347,1731,-384
106000028,761,838,-77
106000029,1319,1651,-332
106000030,926,410,516
106000034,366,804,-438
106000035,1176,2059,-883
106000036,338,610,-272
106000037,2702,1908,794
106000038,668,142,526
106000039,240,98,142
106000040,280,939,-659
106000041,949,568,381
106000043,761,255,506
106000046,432,83,349
106000047,56,545,-489
106000049,1047,221,826
106000050,458,1087,-629
106000051,686,508,178
106000052,123,948,-825
106000053,373,140,233
106000054,471,675,-204
106000055,1078,1320,-242
106000056,438,598,-160
106000057,281,368,-87
106000058,176,292,-116
106000059,341,367,-26
106000060,528,700,-172
106000061,187,722,-535
106000062,157,812,-655
106000063,784,763,21
106000064,58,582,-524
106000065,435,404,31
106000066,142,467,-325
106000067,389,127,262
106000068,65,828,-763
106000069,205,92,113
106000070,641,1104,-463
106000071,1333,412,921
106000072,4554,2252,2302
106000073,2451,3908,-1457
106000074,672,1032,-360
106000075,467,1856,-1389
106000076,2223,2823,-600
106000077,4668,1914,2754
106000078,1245,1284,-39
106000079,728,1419,-691
106000080,1513,881,632
106000081,776,1595,-819
106000082,3009,1156,1853
106000083,464,1977,-1513
106000084,1355,854,501
106000085,1786,2171,-385
106000086,847,1184,-337
106000087,1060,766,294
106000088,473,979,-506
106000089,1007,495,512
106000090,351,855,-504
106000091,351,859,-508
106000092,915,384,531
106000093,429,126,303
106000094,126,405,-279
106000095,853,1240,-387
106000096,1225,934,291
106000097,1035,1387,-352
106000098,792,1378,-586
106000099,211,1006,-795
106000100,1281,312,969
106000101,1323,296,1027
106000102,214,751,-537
106000103,316,625,-309
106000104,847,595,252
106000105,602,892,-290
106000106,683,619,64
106000107,217,538,-321
106000108,275,357,-82
106000109,151,376,-225
106000110,283,373,-90
106000111,201,576,-375
106000112,220,637,-417
106000113,1048,735,313
106000114,618,620,-2
106000115,280,682,-402
106000116,299,285,14
106000117,1224,971,253
106000118,1369,1738,-369
106000119,2330,1575,755
106000120,913,1396,-483
106000121,322,227,95
106000122,167,326,-159
106000123,420,243,177
106000124,61,318,-257
106000125,43,359,-316
106000126,280,147,133
106000127,1074,1179,-105
106000128,876,271,605
106000129,511,755,-244
106000130,762,478,284
106000131,193,1074,-881
106000132,813,180,633
106000133,3084,1505,1579
106000134,791,2039,-1248
106000135,332,908,-576
106000136,727,1075,-348
106000137,114,1257,-1143
106000138,1297,114,1183
106000139,81,196,-115
106000140,59,118,-59
106000141,104,136,-32
106000142,111,116,-5
106000143,60,108,-48
106000144,32,89,-57
106000145,372,362,10
106000146,347,241,106
106000147,523,664,-141
106000148,759,964,-205
106000149,630,426,204
106000150,584,2493,-1909
106000151,4989,881,4108
106000152,1529,2074,-545
106000153,137,1738,-1601
106000154,1502,282,1220
106000155,103,304,-201
106000156,826,412,414
106000157,747,2480,-1733
106000158,3322,1185,2137
106000159,4758,2236,2522
106000160,399,3392,-2993
106000161,2014,624,1390
106000162,259,1122,-863
106000163,424,585,-161
106000164,443,471,-28
106000165,215,791,-576
106000166,923,347,576
106000167,468,1646,-1178
106000168,509,336,173
106000169,233,815,-582
106000170,892,336,556
106000171,175,1419,-1244
106000172,3376,1621,1755
106000173,1270,3422,-2152
106000174,1280,530,750
106000175,399,1395,-996
106000176,1926,955,971
106000177,1130,3193,-2063
106000178,3818,2079,1739
106000179,1563,3130,-1567
106000180,1144,2040,-896
106000181,959,2302,-1343
106000182,1220,912,308
106000183,1414,914,500
106000184,3070,1008,2062
106000185,1942,1491,451
106000186,1171,212,959
106000187,311,1545,-1234
106000188,6,1,5
106000189,15,74,-59
106000190,27,1,26
106000191,697,258,439
106000192,20,58,-38
106000193,446,279,167
106000194,208,466,-258
106000195,501,189,312
106000196,167,522,-355
106000197,580,347,233
106000198,158,391,-233
106000199,1000,1104,-104
106000200,365,255,110
106000201,707,3833,-3126
106000202,6197,863,5334
106000203,163,291,-128
106000204,125,12,113
106000205,18,214,-196
106000206,101,35,66
106000207,59,1030,-971
106000208,1314,192,1122
106000209,1683,416,1267
106000210,342,1543,-1201
106000211,508,1659,-1151
106000212,987,506,481
106000213,1145,2142,-997
106000214,3697,773,2924
106000215,292,651,-359
106000216,428,472,-44
106000217,343,649,-306
106000218,622,495,127
106000219,184,450,-266
106000220,386,401,-15
106000221,166,274,-108
106000222,34,137,-103
106000223,178,120,58
106000224,239,341,-102
106000225,101,115,-14
106000226,210,413,-203
106000228,59,157,-98
106000229,141,811,-670
106000231,931,199,732
106000232,110,452,-342
106000233,844,152,692
106000234,164,256,-92
106000235,520,115,405
106000236,168,88,80
106000237,2,21,-19
106000238,165,20,145
106000239,5,195,-190
106000240,90,5,85
106000241,23,869,-846
106000242,374,43,331
106000249,63,140,-77
106000250,75,767,-692
106000251,87,62,25
106000252,27,120,-93
106000253,44,116,-72
106000254,50,59,-9
106000255,23,227,-204
106000256,130,86,44
106000257,167,313,-146
106000258,257,28,229
106000259,5,69,-64
106000260,50,8,42
106000261,8,56,-48
106000262,127,10,117
106000263,20,80,-60
106000264,212,16,196
106000265,9,150,-141
106000266,197,29,168
106000267,5,112,-107
106000268,703,80,623
106000269,75,71,4
106000270,180,685,-505
106000271,98,333,-235
106000272,203,86,117
106000273,19,387,-368
106000274,252,47,205
106000275,167,356,-189
106000276,237,81,156
106000277,212,261,-49
106000278,309,62,247
106000279,8,67,-59
106000280,111,140,-29
106000281,85,91,-6
106000282,87,62,25
106000283,142,91,51
106000284,76,106,-30
106000285,138,128,10
106000286,95,171,-76
106000287,111,133,-22
106000288,134,193,-59
106000289,102,87,15
106000290,72,129,-57
106000291,81,123,-42
106000292,79,190,-111
106000293,132,119,13
106000294,138,190,-52
106000295,42,61,-19
106000296,74,126,-52
106000297,85,327,-242
106000298,208,92,116
106000299,71,178,-107
106000300,65,94,-29
106000301,89,135,-46
106000303,32,114,-82
106000304,43,45,-2
106000305,67,94,-27
106000306,36,87,-51
106000307,74,22,52
106000308,35,168,-133
106000309,22,61,-39
106000310,461,736,-275
106000311,369,258,111
106000312,124,232,-108
106000313,159,269,-110
106000318,140,496,-356
106000319,1134,295,839
106000320,2,46,-44
106000321,425,125,300
106000322,149,259,-110
106000324,25,182,-157
106000325,1660,1089,571
106000326,1202,2566,-1364
106000327,182,157,25
106000328,6,134,-128
106000329,49,382,-333
106000330,62,73,-11
106000428,91,215,-124
106000429,210,619,-409
106000430,468,1838,-1370
106000431,2615,524,2091
106000432,2393,3872,-1479
106000433,2579,1610,969
106000434,3719,1839,1880
106000435,2344,3643,-1299
106000436,18,310,-292
106000437,387,52,335
106000438,940,261,679
106000439,84,573,-489
106000440,304,607,-303
106000441,0,0,0
106000442,199,9,190
106000443,136,454,-318
106000450,13,272,-259
106000451,40,60,-20
106000454,5,182,-177
106000455,11,228,-217
106000456,211,71,140
106000457,10,1191,-1181
106000458,815,228,587
106000459,234,523,-289
106000460,1529,47,1482
106000461,149,2013,-1864
106000462,0,48,-48
106000463,5,36,-31
106000464,9,654,-645
106000465,689,8,681
106000466,8,834,-826
106000467,701,834,-133
106000468,109,234,-125
106000469,328,0,328
106000470,304,2208,-1904
106000471,52,814,-762
106000472,173,28,145
106000473,28,28,0
106000474,421,731,-310
106000475,256,263,-7
106000476,219,280,-61
106000477,63,170,-107
106000480,0,381,-381
106900001,0,12,-12
106900002,3,646,-643
106900003,299,1100,-801
106900004,0,69,-69
106900006,0,7,-7
106900007,0,15,-15
106900008,358,385,-27
106900009,452,524,-72
106900010,314,383,-69
106900012,2622,2340,282
106900013,611,219,392
106900014,39,7,32
106900015,16,1,15
106900016,288,3,285
106900017,8,0,8
106900018,4,0,4
106900019,39,7,32
106900020,3250,1789,1461
106900021,162,70,92
106900022,718,13,705
106900023,46,292,-246
106900024,658,43,615
106900025,85,857,-772
106900026,2,912,-910
106900027,1419,6,1413
107000001,5454,3896,1558
107000002,5683,6364,-681
107000003,5835,7159,-1324
107000004,7342,7180,162
107000005,4372,6233,-1861
107000006,5053,7020,-1967
107000007,5928,12090,-6162
107000008,16825,13049,3776
107000009,7413,8108,-695
107000010,13876,14590,-714
107000011,1581,1925,-344
107000012,5572,4657,915
107000013,51,168,-117
107000014,61,315,-254
107000015,693,1098,-405
107000016,829,1257,-428
107000017,5347,1243,4104
107000018,25,503,-478
107000020,3212,666,2546
107000021,1806,736,1070
107000022,1290,1452,-162
107000023,2092,449,1643
107000024,603,1950,-1347
107000025,302,488,-186
107000026,225,717,-492
107000027,1458,1434,24
107000028,1568,2146,-578
107000029,3579,3025,554
107000030,3857,4491,-634
107000031,4348,3113,1235
107000032,638,1348,-710
107000033,4364,6676,-2312
107000034,5050,2601,2449
107000035,424,354,70
107000036,619,1681,-1062
107000037,101,1007,-906
107000038,332,362,-30
107000039,1033,905,128
107000040,203,409,-206
107000041,2226,954,1272
107000042,1024,2463,-1439
107000043,3191,1316,1875
107000044,723,358,365
107000045,180,352,-172
107000046,758,606,152
107000047,564,1116,-552
107000048,857,461,396
107000049,860,1056,-196
107000050,1400,802,598
107000051,562,549,13
107000052,1612,1327,285
107000053,526,321,205
107000054,72,445,-373
107000055,384,258,126
107000056,508,1222,-714
107000057,1689,341,1348
107000058,2523,2857,-334
107000059,3041,5254,-2213
107000060,4613,6664,-2051
107000061,7455,5225,2230
107000062,4537,3577,960
107000063,5750,7355,-1605
107000064,5732,2945,2787
107000065,5600,6648,-1048
107000066,2576,3242,-666
107000067,1279,1384,-105
107000068,1997,830,1167
107000069,938,655,283
107000070,1029,5,1024
107000071,3490,68,3422
107000072,66,4165,-4099
107000073,774,420,354
107000074,194,1268,-1074
107000075,1905,734,1171
107000076,987,2072,-1085
107000077,3709,1510,2199
107000078,3134,4546,-1412
107000079,2860,1094,1766
107000080,1609,4250,-2641
107000081,1918,752,1166
107000082,686,2634,-1948
107000083,1465,504,961
107000084,564,2694,-2130
107000085,3487,4011,-524
107000086,4450,4483,-33
107000087,2947,2737,210
107000088,3762,4663,-901
107000089,1557,2281,-724
107000090,1297,1656,-359
107000091,1522,1066,456
107000092,1110,1653,-543
107000093,1355,1015,340
107000094,1594,1646,-52
107000095,782,914,-132
107000096,751,1294,-543
107000097,892,504,388
107000098,693,801,-108
107000099,544,419,125
107000100,406,390,16
107000101,114,251,-137
107000102,627,496,131
107000103,426,251,175
107000104,287,400,-113
107000105,403,169,234
107000106,220,465,-245
107000107,741,234,507
107000108,328,936,-608
107000109,759,230,529
107000110,111,615,-504
107000111,515,69,446
107000112,56,400,-344
107000113,729,164,565
107000114,113,847,-734
107000115,558,206,352
107000116,135,1208,-1073
107000117,114,825,-711
107000118,165,383,-218
107000119,2211,1947,264
107000120,2478,647,1831
107000121,801,899,-98
107000122,1407,1349,58
107000123,430,1068,-638
107000124,738,1321,-583
107000125,996,1023,-27
107000126,1249,1128,121
107000129,583,1035,-452
107000130,881,296,585
107000131,564,844,-280
107000132,741,416,325
107000133,1056,127,929
107000134,319,1,318
107000135,14,334,-320
107000136,1023,9,1014
107000137,23,505,-482
107000138,407,31,376
107000139,22,550,-528
107000140,1637,124,1513
107000141,162,1006,-844
107000142,582,131,451
107000143,80,1087,-1007
107000144,561,640,-79
107000145,230,747,-517
107000146,191,523,-332
107000147,3639,944,2695
107000150,978,3386,-2408
107000151,68,127,-59
107000152,812,1322,-510
107000153,373,572,-199
107000154,362,244,118
107000155,1310,35,1275
107000156,1395,40,1355
107000157,50,2249,-2199
107000158,868,31,837
107000159,33,1610,-1577
107000160,1137,188,949
107000161,124,2081,-1957
107000162,240,701,-461
107000163,107,0,107
107000164,615,3,612
107000165,965,8,957
107000166,64,1586,-1522
107000167,620,234,386
107000168,984,612,372
107000169,1243,1143,100
107000170,2412,953,1459
107000171,800,2795,-1995
107000172,1231,1653,-422
107000173,968,1508,-540
107000174,1111,5778,-4667
107000175,9506,2313,7193
107000176,0,1,-1
107000177,7,5,2
107000178,16,56,-40
107000179,342,3060,-2718
107000180,1383,446,937
107000181,534,1787,-1253
107000182,1822,1236,586
107000183,223,1146,-923
107000184,1182,875,307
107000185,592,1792,-1200
107000186,1342,443,899
107000187,1459,1623,-164
107000188,687,799,-112
107000189,524,1463,-939
107000190,747,1091,-344
107000191,745,1309,-564
107000192,2110,1147,963
107000193,573,706,-133
107000194,1222,1025,197
107000197,1068,324,744
107000198,370,1032,-662
107000199,665,1148,-483
107000200,1050,976,74
107000201,434,297,137
107000202,342,646,-304
107000203,1410,755,655
107000204,2335,799,1536
107000205,2613,1218,1395
107000206,1319,1492,-173
107000207,1075,1389,-314
107000208,1622,612,1010
107000209,2821,1646,1175
107000210,1111,461,650
107000211,13,58,-45
107000212,14,577,-563
107000213,7,26,-19
107000214,27,326,-299
107000215,546,619,-73
107000216,500,478,22
107000217,131,222,-91
107000219,129,171,-42
107000220,234,268,-34
107000222,316,1061,-745
107000224,395,73,322
107000225,166,632,-466
107000226,408,75,333
107000227,110,355,-245
107000228,73,291,-218
107000229,328,187,141
107000230,1519,718,801
107000231,2214,1559,655
107000232,175,78,97
107000233,1910,1029,881
107000234,4,62,-58
107000235,80,14,66
107000236,38,760,-722
107000237,20,1,19
107000238,32,2,30
107000239,4842,886,3956
107000240,108,1246,-1138
107000241,124,31,93
107000242,635,64,571
107000243,0,85,-85
107000244,6,99,-93
107000246,5,1460,-1455
107000249,5,1361,-1356
107000251,0,361,-361
107000252,5,1378,-1373
107000255,753,165,588
107000257,3,549,-546
107000258,1,194,-193
107000259,9,289,-280
107000260,679,15,664
107000262,17,687,-670
107000263,318,8,310
107000266,9,9,0
107000267,103,198,-95
107000268,190,212,-22
107000269,972,59,913
107000270,1,24,-23
107000271,33,940,-907
107000272,41,201,-160
107000273,2,258,-256
107000274,2793,258,2535
107000275,117,820,-703
107000280,879,45,834
107000281,39,1263,-1224
107000282,42,1227,-1185
107000290,0,22,-22
107000291,54,13,41
107000292,1,39,-38
107000293,181,2,179
107000294,0,38,-38
107000295,23,1,22
107000296,0,16,-16
107000444,299,11,288
107000496,1,39,-38
107000497,1910,3418,-1508
107000500,472,414,58
107000501,177,211,-34
107000502,302,392,-90
107000505,683,1044,-361
107000506,2,51,-49
107000508,6,854,-848
107000509,274,1126,-852
107000510,40,34,6
107000514,109,392,-283
107000515,14,291,-277
107000516,311,410,-99
107000518,1306,1399,-93
107000519,3414,1427,1987
107000520,109,30,79
107000521,664,554,110
107000522,825,828,-3
107900001,49,236,-187
107900002,92,9,83
107900003,420,20,400
107900004,86,1,85
107900005,1534,2,1532
107900006,497,6,491
107900007,571,44,527
107900008,111,63,48
107900009,189,9,180
107900010,28,1,27
107900012,374,19,355
107900013,291,73,218
107900014,33,4,29
107900015,1117,12,1105
107900016,553,127,426
107900017,28,1,27
107900018,100,261,-161
107900019,25,70,-45
107900020,171,15,156
107900021,63,161,-98
107900023,3,1,2
107900024,0,46,-46
107900025,201,384,-183
107900026,57,110,-53
107900027,41,72,-31
107900028,72,105,-33
107900030,184,25,159
107900031,102,221,-119
107900032,26,0,26
107900033,19,6,13
107900034,462,21,441
107900035,870,63,807
107900036,77,10,67
107900037,1,70,-69
107900038,156,298,-142
107900039,34,64,-30
107900040,139,110,29
107900041,2,2,0
107900043,35,224,-189
107900044,9,4,5
107900045,112,55,57
107900046,152,199,-47
107900047,28,141,-113
107900048,227,11,216
107900049,401,1709,-1308
107900050,135,442,-307
107900051,135,105,30
107900052,49,19,30
107900053,28,141,-113
107900055,749,290,459
107900056,151,66,85
107900057,2,0,2
107900058,45,853,-808
107900060,29,44,-15
107900061,16,7,9
107900063,114,150,-36
107900064,567,168,399
107900065,257,10,247
107900066,11,19,-8
107900067,5,0,5
107900068,300,315,-15
107900069,56,2102,-2046
107900070,108,45,63
107900071,46,934,-888
107900072,107,213,-106
107900073,83,145,-62
107900074,1080,325,755
107900076,128,63,65
107900077,47,1,46
107900078,299,34,265
107900079,8,25,-17
107900080,475,378,97
107900081,41,184,-143
107900082,23,19,4
107900083,424,222,202
107900084,157,172,-15
107900086,46,185,-139
107900087,915,160,755
107900088,31,14,17
107900089,378,1274,-896
107900090,709,2904,-2195
107900091,256,520,-264
107900092,2365,626,1739
107900093,92,91,1
107900095,4185,2680,1505
107900097,15,70,-55
107900098,85,245,-160
107900100,1197,1583,-386
107900101,1464,269,1195
107900102,17,5,12
107900103,63,186,-123
107900104,251,6,245
107900105,3,578,-575
107900106,7,1429,-1422
107900107,1401,620,781
107900108,437,143,294
107900109,1320,24,1296
107900110,33,107,-74
107900111,11,1141,-1130
107900112,209,507,-298
107900113,262,125,137
107900114,171,200,-29
107900115,5,46,-41
107900116,176,214,-38
107900117,797,527,270
107900118,88,214,-126
107900119,116,291,-175
107900120,25,25,0
107900121,4,240,-236
107900122,14,105,-91
107900123,2,46,-44
107900124,32,40,-8
107900125,53,266,-213
107900126,2,55,-53
107900127,506,342,164
107900128,114,82,32
107900129,63,42,21
107900130,81,33,48
107900131,891,253,638
107900132,150,574,-424
107900133,2,105,-103
107900134,39,44,-5
107900135,6,212,-206
107900136,47,39,8
107900137,118,138,-20
107900138,57,56,1
107900139,40,62,-22
107900140,19,15,4
107900141,81,69,12
107900142,82,1348,-1266
107900143,65,38,27
107900144,8,239,-231
107900145,12,109,-97
107900146,56,200,-144
107900147,70,50,20
107900148,217,218,-1
107900149,1768,294,1474
107900150,119,1069,-950
107900151,36,153,-117
107900152,17,253,-236
107900153,207,390,-183
107900154,51,25,26
107900155,88,43,45
107900156,10,412,-402
107900157,75,112,-37
107900158,890,38,852
107900159,45,1366,-1321
107900160,100,191,-91
107900161,34,211,-177
107900162,0,100,-100
107900163,286,38,248
107900164,10,57,-47
107900165,20,136,-116
107900166,15,309,-294
107900167,66,35,31
107900168,36,63,-27
107900169,3,197,-194
107900171,8,1933,-1925
107900172,7,450,-443
107900173,6,207,-201
107900174,119,9,110
107900175,26,15,11
107900176,31,46,-15
107900177,1,134,-133
107900178,1,255,-254
107900179,15,191,-176
107900180,936,598,338
107900181,433,460,-27
107900182,6,1578,-1572
107900183,24,420,-396
107900184,86,335,-249
107900185,117,6,111
107900186,30,59,-29
107900187,1,193,-192
107900188,900,173,727
107900189,15,124,-109
107900190,114,112,2
107900191,77,177,-100
107900193,17,65,-48
107900194,349,9,340
107900195,4117,628,3489
107900196,66,104,-38
107900197,1446,327,1119
107900199,2,1202,-1200
107900201,90,145,-55
107900203,20,96,-76
107900204,232,240,-8
107900205,261,524,-263
107900206,1378,187,1191
107900207,6,873,-867
107900208,4,805,-801
107900209,473,163,310
107900210,137,143,-6
107900213,705,573,132
107900214,20,154,-134
107900215,154,356,-202
107900216,204,113,91
107900217,37,85,-48
107900218,25,1563,-1538
107900219,65,135,-70
107900220,321,301,20
107900221,224,244,-20
107900223,112,717,-605
107900224,196,439,-243
107900225,15,979,-964
107900226,115,167,-52
107900227,195,603,-408
107900228,21,142,-121
107900229,6,305,-299
107900230,17,167,-150
107900231,7,262,-255
107900232,59,201,-142
107900233,5,225,-220
107900234,103,185,-82
107900235,30,101,-71
107900236,121,87,34
107900237,112,551,-439
107900238,27,152,-125
107900239,1225,530,695
107900240,20,162,-142
107900241,8,118,-110
107900242,28,344,-316
107900243,1,56,-55
107900244,367,8,359
107900245,653,39,614
107900246,214,13,201
107900248,369,632,-263
107900249,737,26,711
107900250,2,652,-650
107900251,120,1713,-1593
107900252,1163,23,1140
107900253,179,5,174
107900254,60,489,-429
107900255,497,108,389
107900256,1869,558,1311
107900257,269,142,127
107900258,156,424,-268
107900259,108,2385,-2277
107900261,4,509,-505
107900262,54,176,-122
107900264,344,12,332
107900265,124,239,-115
107900267,281,27,254
107900268,43,18,25
107900269,0,22,-22
107900270,0,0,0
107900271,14,23,-9
107900272,194,12,182
107900273,37,107,-70
107900274,41,0,41
107900275,28,0,28
107900276,1,90,-89
107900277,1,256,-255
107900278,342,430,-88
107900279,186,198,-12
107900280,2285,2773,-488
107900281,3121,2857,264
107900282,100,585,-485
107900283,1728,636,1092
107900284,652,909,-257
107900285,110,153,-43
107900286,182,91,91
107900287,191,262,-71
107900290,0,113,-113
107900291,451,23,428
107900292,125,333,-208
107900293,103,601,-498
107900295,46,125,-79
107900297,1,388,-387
107900298,1202,1011,191
107900299,4094,2567,1527
107900300,78,341,-263
107900301,823,711,112
107900302,142,39,103
107900303,207,420,-213
107900304,297,563,-266
107900305,374,16,358
107900306,33,15,18
107900307,67,241,-174
107900308,190,112,78
107900309,199,0,199
107900310,390,4,386
107900311,4,213,-209
107900312,96,1,95
107900313,3,124,-121
107900314,0,43,-43
107900315,0,98,-98
107900316,75,3,72
107900317,174,19,155
107900318,3,207,-204
107900319,5,217,-212
107900320,3,240,-237
107900321,178,6,172
107900322,1,159,-158
107900323,5,165,-160
107900324,236,1,235
107900325,131,1,130
107900326,379,392,-13
107900327,6,53,-47
107900328,321,1,320
107900329,226,95,131
107900330,13,513,-500
107900331,250,54,196
107900332,290,67,223
107900333,67,27,40
107900334,4,283,-279
107900335,77,87,-10
107900336,51,49,2
107900337,1815,1065,750
107900338,3,194,-191
107900339,8,32,-24
107900340,1,61,-60
107900341,88,2,86
107900342,160,134,26
107900343,173,2,171
107900344,7,88,-81
107900345,109,41,68
107900346,28,1,27
107900347,40,3,37
107900348,3,4,-1
107900349,28,8,20
107900350,21,335,-314
107900351,8,293,-285
107900352,1,45,-44
107900353,6,1,5
107900354,10,50,-40
108000001,3272,4874,-1602
108000002,3015,3933,-918
108000003,4412,3686,726
108000004,18955,21068,-2113
108000005,9186,6531,2655
108000006,10956,10039,917
108000007,5777,4842,935
108000008,6204,8482,-2278
108000009,4183,5497,-1314
108000010,4186,6508,-2322
108000011,13012,13965,-953
108000012,22838,22492,346
108000014,944,780,164
108000015,850,337,513
108000016,388,719,-331
108000017,1216,511,705
108000018,1981,703,1278
108000019,2430,922,1508
108000020,1556,708,848
108000021,487,2112,-1625
108000022,650,1972,-1322
108000023,1381,268,1113
108000024,272,714,-442
108000025,384,359,25
108000026,540,664,-124
108000027,873,662,211
108000028,467,358,109
108000029,558,613,-55
108000030,1168,329,839
108000031,595,762,-167
108000032,1527,778,749
108000033,1030,1693,-663
108000034,1797,581,1216
108000035,1070,3128,-2058
108000036,452,1526,-1074
108000037,1777,614,1163
108000038,2810,671,2139
108000039,664,2932,-2268
108000040,2182,1155,1027
108000041,851,3432,-2581
108000042,323,322,1
108000043,287,393,-106
108000044,460,259,201
108000045,333,823,-490
108000046,1451,362,1089
108000047,568,1346,-778
108000048,212,536,-324
108000049,868,400,468
108000050,129,626,-497
108000051,304,173,131
108000052,305,980,-675
108000053,434,245,189
108000054,733,1319,-586
108000055,1408,636,772
108000056,1423,1315,108
108000057,832,1387,-555
108000058,2258,4645,-2387
108000059,4352,2821,1531
108000060,224,509,-285
108000061,176,348,-172
108000062,800,703,97
108000063,502,771,-269
108000064,205,362,-157
108000065,736,729,7
108000066,2112,1082,1030
108000067,1896,736,1160
108000068,773,447,326
108000069,277,1347,-1070
108000070,1918,876,1042
108000071,857,2148,-1291
108000072,1859,1318,541
108000073,1924,2686,-762
108000074,608,482,126
108000075,450,1132,-682
108000076,811,698,113
108000077,849,975,-126
108000078,2357,1718,639
108000079,1157,2269,-1112
108000080,1174,669,505
108000081,775,2583,-1808
108000082,1337,2529,-1192
108000083,2236,1109,1127
108000084,510,1662,-1152
108000085,834,567,267
108000086,1050,1136,-86
108000087,156,2185,-2029
108000088,243,16,227
108000089,435,403,32
108000090,511,217,294
108000091,278,703,-425
108000092,127,128,-1
108000093,189,848,-659
108000094,673,171,502
108000095,175,558,-383
108000096,326,284,42
108000097,141,720,-579
108000098,1699,1918,-219
108000099,285,123,162
108000100,77,312,-235
108000101,1366,1734,-368
108000102,1720,3437,-1717
108000106,1044,0,1044
108000107,1,938,-937
108000108,829,73,756
108000109,19,977,-958
108000110,202,453,-251
108000111,203,1004,-801
108000112,86,231,-145
108000113,631,352,279
108000115,521,456,65
108000117,1198,505,693
108000118,155,215,-60
108000119,805,478,327
108000120,142,947,-805
108000121,210,660,-450
108000122,519,422,97
108000123,591,302,289
108000124,340,677,-337
108000125,415,346,69
108000126,215,586,-371
108000127,547,375,172
108000128,700,749,-49
108000129,321,1423,-1102
108000130,433,320,113
108000131,885,583,302
108000132,2653,2044,609
108000133,851,655,196
108000134,636,796,-160
108000135,1295,587,708
108000136,655,1292,-637
108000137,427,454,-27
108000138,436,1301,-865
108000139,409,473,-64
108000140,104,26,78
108000141,50,141,-91
108000142,62,174,-112
108000143,41,39,2
108000144,49,14,35
108000145,41,34,7
108000146,87,21,66
108000147,49,63,-14
108000148,63,5,58
108000149,35,40,-5
108000150,33,5,28
108000151,29,17,12
108000152,139,610,-471
108000153,567,218,349
108000154,71,20,51
108000155,38,24,14
108000156,367,156,211
108000157,255,977,-722
108000158,125,836,-711
108000159,884,246,638
108000160,5082,1241,3841
108000161,4468,2798,1670
108000165,4,255,-251
108000172,5,395,-390
108000173,3047,2379,668
108000175,232,188,44
108000178,683,467,216
108000179,262,863,-601
108000181,64,27,37
108000182,194,20,174
108000183,45,40,5
108000184,1341,2233,-892
108000185,264,754,-490
108000186,162,67,95
108000187,125,826,-701
108000188,661,300,361
108000189,914,1477,-563
108000190,49,166,-117
108000192,252,724,-472
108000193,1001,71,930
108000194,34,18,16
108000195,0,1524,-1524
108000196,200,166,34
108000198,562,431,131
108000199,1,175,-174
108000200,480,777,-297
108000202,1,129,-128
108000203,180,981,-801
108000204,125,59,66
108000205,440,599,-159
108000339,1823,417,1406
108000364,197,374,-177
108000365,93,336,-243
108000367,175,529,-354
108000368,15,89,-74
108000369,1827,253,1574
108000371,1,748,-747
108000372,615,7,608
108000373,215,202,13
108000376,84,29,55
108000377,414,355,59
108000378,10424,12331,-1907
108000379,33,292,-259
108000381,57,19,38
108000382,152,2,150
108000383,1,201,-200
108900001,135,1350,-1215
108900002,232,66,166
108900003,421,1027,-606
108900004,115,465,-350
108900005,62,425,-363
108900006,932,239,693
108900007,206,285,-79
108900008,119,209,-90
108900009,68,165,-97
108900010,242,196,46
108900011,481,531,-50
108900012,361,604,-243
108900013,131,323,-192
108900014,16,126,-110
108900015,0,47,-47
108900016,2,286,-284
108900017,256,417,-161
108900018,117,641,-524
108900019,26,1149,-1123
108900020,48,344,-296
108900021,143,366,-223
108900022,155,9,146
108900023,17,32,-15
108900024,22,187,-165
108900025,127,179,-52
108900026,22,126,-104
108900027,2,99,-97
108900028,91,449,-358
108900029,105,403,-298
108900030,0,134,-134
108900031,112,550,-438
108900032,18,382,-364
108900033,0,108,-108
108900034,0,264,-264
108900035,392,1889,-1497
108900036,171,383,-212
108900037,81,588,-507
108900038,1,507,-506
108900039,1,521,-520
108900040,5,158,-153
108900041,7123,3716,3407
108900042,16,409,-393
108900043,78,652,-574
108900044,3,662,-659
108900045,58,683,-625
108900046,61,1123,-1062
108900047,1,139,-138
108900048,131,1259,-1128
108900049,5909,1399,4510
108900050,1,334,-333
108900051,4,308,-304
108900052,36,339,-303
108900053,81,240,-159
108900054,73,306,-233
108900055,74,497,-423
108900056,1,229,-228
108900057,1,194,-193
108900058,46,528,-482
108900059,439,31,408
108900060,138,247,-109
108900061,107,42,65
108900062,5,363,-358
108900063,8,488,-480
108900064,200,107,93
108900065,18,351,-333
108900066,296,166,130
108900067,25,265,-240
108900068,8,241,-233
108900069,67,176,-109
108900070,41,142,-101
108900071,108,101,7
108900072,3028,696,2332
108900073,41,514,-473
108900074,212,651,-439
108900075,57,74,-17
108900076,378,120,258
108900077,194,649,-455
108900078,28,255,-227
108900079,1234,336,898
108900080,35,1114,-1079
108900081,53,349,-296
108900082,53,140,-87
108900083,43,396,-353
108900084,547,174,373
108900085,2770,236,2534
108900086,115,345,-230
108900087,165,269,-104
108900088,1229,492,737
108900089,35,215,-180
108900090,45,453,-408
108900091,127,115,12
108900092,635,506,129
108900093,114,147,-33
108900094,230,125,105
108900095,65,596,-531
108900096,485,26,459
108900097,357,363,-6
108900098,3450,638,2812
108900099,443,397,46
108900100,105,188,-83
108900101,321,168,153
108900102,208,1112,-904
108900103,161,151,10
108900104,214,570,-356
108900105,4,1247,-1243
108900106,472,581,-109
108900108,872,51,821
108900109,524,82,442
108900110,197,578,-381
108900111,524,757,-233
108900112,294,50,244
108900113,55,64,-9
108900114,82,12,70
108900115,70,107,-37
108900116,82,34,48
108900117,173,32,141
108900118,686,14,672
108900119,280,44,236
108900120,272,222,50
108900121,351,127,224
108900122,127,37,90
108900123,134,126,8
108900124,564,207,357
108900125,429,6,423
108900126,96,29,67
108900127,223,29,194
108900128,131,30,101
108900129,768,196,572
108900130,339,5,334
108900131,430,1,429
108900132,524,72,452
108900133,251,76,175
108900134,329,333,-4
108900135,160,8,152
108900136,27,4,23
108900137,136,1,135
108900138,798,49,749
108900139,516,92,424
108900140,291,345,-54
108900141,323,15,308
108900142,101,7,94
108900143,50,2,48
108900144,77,2,75
108900145,131,14,117
108900146,89,0,89
108900147,274,0,274
108900148,106,58,48
108900149,570,559,11
108900150,295,9,286
108900151,115,20,95
108900152,109,11,98
108900153,161,486,-325
108900154,5596,512,5084
108900155,310,137,173
108900156,166,86,80
108900157,45,616,-571
108900158,331,38,293
108900159,22,353,-331
108900160,14,299,-285
108900161,9,615,-606
108900162,66,1,65
108900163,4,315,-311
108900164,56,100,-44
108900165,259,131,128
108900167,2557,6957,-4400
108900168,11433,3057,8376
108900169,93,165,-72
108900171,10262,3453,6809
108900172,212,62,150
108900173,216,496,-280
108900174,894,769,125
108900176,211,672,-461
108900177,8567,5502,3065
108900178,5966,3653,2313
108900179,815,1679,-864
108900180,125,407,-282
108900182,40,304,-264
108900183,220,303,-83
108900184,549,307,242
108900185,118,498,-380
108900186,112,546,-434
108900187,393,75,318
108900188,571,76,495
108900189,447,203,244
108900190,75,4065,-3990
108900191,245,56,189
108900192,117,313,-196
108900193,245,55,190
108900194,34,333,-299
108900195,146,428,-282
108900196,31,608,-577
108900198,2,644,-642
108900199,304,506,-202
108900200,1271,437,834
108900201,669,1756,-1087
108900203,588,105,483
108900204,385,7,378
108900205,223,30,193
108900206,536,52,484
108900207,208,102,106
108900208,25,480,-455
108900209,357,813,-456
108900210,224,316,-92
108900211,188,550,-362
108900212,890,1466,-576
108900215,148,644,-496
108900216,527,103,424
108900217,128,0,128
108900218,278,14,264
108900219,92,11,81
108900220,47,19,28
108900221,59,163,-104
108900222,259,25,234
108900223,5,150,-145
108900224,33,232,-199
108900225,0,217,-217
108900226,300,15,285
108900227,163,300,-137
108900230,363,353,10
108900231,57,304,-247
108900232,2,379,-377
108900233,515,100,415
108900234,362,174,188
108900235,249,748,-499
108900236,89,420,-331
108900237,78,310,-232
108900240,124,106,18
108900241,33,50,-17
108900245,8,1539,-1531
108900249,139,43,96
108900250,367,277,90
108900257,186,650,-464
108900258,7,294,-287
108900259,78,105,-27
108900260,13,109,-96
108900261,157,170,-13
108900262,237,190,47
108900263,65,249,-184
108900264,669,340,329
108900265,1232,388,844
108900266,1213,625,588
108900267,9,122,-113
108900268,9,3,6
108900269,95,9,86
108900270,70,11,59
108900271,58,10,48
108900272,261,11,250
108900273,1171,826,345
108900274,66,85,-19
109000001,3975,1717,2258
109000002,2429,1958,471
109000003,3209,694,2515
109000004,718,3226,-2508
109000005,3188,950,2238
109000006,903,2799,-1896
109000007,1742,875,867
109000008,734,2586,-1852
109000009,4128,1772,2356
109000010,1946,5413,-3467
109000011,4078,2410,1668
109000012,2534,4758,-2224
109000013,4070,3930,140
109000014,2338,4603,-2265
109000015,3910,8433,-4523
109000016,10259,5503,4756
109000017,2892,1688,1204
109000018,1332,4394,-3062
109000019,3757,1702,2055
109000020,1603,2518,-915
109000023,275,48,227
109000024,14,245,-231
109000025,517,570,-53
109000026,1011,439,572
109000027,134,471,-337
109000028,155,140,15
109000029,178,294,-116
109000030,116,792,-676
109000031,252,177,75
109000032,164,585,-421
109000033,489,192,297
109000034,78,41,37
109000035,26,83,-57
109000036,111,479,-368
109000037,228,1441,-1213
109000038,781,569,212
109000039,1098,739,359
109000040,5674,9010,-3336
109000041,5632,2039,3593
109000042,1043,1626,-583
109000044,501,86,415
109000045,127,450,-323
109000046,486,127,359
109000047,120,557,-437
109000048,1244,224,1020
109000049,358,675,-317
109000050,481,374,107
109000051,441,424,17
109000052,683,1636,-953
109000053,179,172,7
109000054,375,914,-539
109000055,326,329,-3
109000056,409,742,-333
109000057,744,473,271
109000058,1399,345,1054
109000059,1193,1375,-182
109000060,598,336,262
109000061,1569,1151,418
109000062,208,356,-148
109000063,295,269,26
109000064,283,224,59
109000065,200,387,-187
109000066,462,155,307
109000067,71,472,-401
109000068,1684,10,1674
109000069,1080,42,1038
109000070,9,1347,-1338
109000071,501,106,395
109000072,124,529,-405
109000073,146,166,-20
109000074,52,330,-278
109000075,131,447,-316
109000076,123,299,-176
109000077,499,349,150
109000078,95,199,-104
109000079,159,240,-81
109000080,181,156,25
109000081,125,629,-504
109000082,693,294,399
109000083,328,1026,-698
109000088,212,638,-426
109000089,307,107,200
109000090,233,540,-307
109000091,353,207,146
109000092,422,705,-283
109000093,273,265,8
109000094,510,3,507
109000095,129,662,-533
109000096,728,305,423
109000097,96,271,-175
109000098,82,121,-39
109000099,1067,613,454
109000100,271,767,-496
109000101,1726,1029,697
109000102,371,1081,-710
109000103,493,829,-336
109000104,1838,818,1020
109000105,601,1745,-1144
109000106,2440,994,1446
109000107,849,2760,-1911
109000108,2064,795,1269
109000109,520,2648,-2128
109000110,1549,745,804
109000111,1195,2875,-1680
109000112,477,204,273
109000113,553,317,236
109000114,175,525,-350
109000115,1684,63,1621
109000116,1,311,-310
109000117,176,84,92
109000118,7,400,-393
109000119,1375,383,992
109000120,191,1332,-1141
109000121,518,50,468
109000122,129,1222,-1093
109000123,36,97,-61
109000124,738,593,145
109000125,1348,461,887
109000126,585,1344,-759
109000127,922,288,634
109000128,704,2442,-1738
109000129,2581,1092,1489
109000130,826,3163,-2337
109000131,909,634,275
109000132,881,2729,-1848
109000133,544,1509,-965
109000134,1109,2061,-952
109000135,1703,1897,-194
109000136,392,443,-51
109000137,317,447,-130
109000138,543,503,40
109000139,566,594,-28
109000140,276,582,-306
109000141,535,595,-60
109000142,149,748,-599
109000143,104,111,-7
109000145,129,300,-171
109000146,67,165,-98
109000148,5291,2645,2646
109000149,38,80,-42
109000150,131,271,-140
109000155,877,829,48
109000156,1779,993,786
109000158,346,450,-104
109000159,253,788,-535
109000160,1292,274,1018
109000161,435,1684,-1249
109000162,2088,992,1096
109000163,1228,2463,-1235
109000164,1495,3336,-1841
109000165,1244,755,489
109000166,864,184,680
109000167,167,896,-729
109000170,44,64,-20
109000171,63,33,30
109000172,44,86,-42
109000173,25,104,-79
109000174,124,73,51
109000175,46,114,-68
109000176,356,298,58
109000177,30,149,-119
109000178,771,563,208
109000179,8084,5643,2441
109000180,7757,4421,3336
109000181,21,36,-15
109000182,75,62,13
109000183,49,77,-28
109000184,46,26,20
109000185,44,113,-69
109000188,1109,2841,-1732
109000189,4726,1380,3346
109000190,697,740,-43
109000191,386,732,-346
109000192,462,319,143
109000193,230,502,-272
109000194,269,165,104
109000195,180,521,-341
109000196,343,115,228
109000197,200,588,-388
109000198,358,68,290
109000199,153,610,-457
109000206,249,51,198
109000207,136,57,79
109000208,95,97,-2
109000209,163,161,2
109000210,230,660,-430
109000211,764,757,7
109000214,449,531,-82
109000215,227,123,104
109000216,357,255,102
109000217,215,153,62
109000218,490,280,210
109000221,717,1501,-784
109000222,1053,280,773
109000223,315,364,-49
109000224,60,193,-133
109000225,88,51,37
109000226,78,308,-230
109000227,1128,1528,-400
109000228,1,437,-436
109000231,3,462,-459
109000232,335,512,-177
109000236,305,1021,-716
109000241,2502,2710,-208
109000242,2140,2070,70
109000293,32,88,-56
109000361,125,344,-219
109000364,264,744,-480
109000396,7,817,-810
109000397,522,13,509
109000399,160,588,-428
109000400,92,368,-276
109000403,132,843,-711
109000406,498,3,495
109000407,358,319,39
109000408,1,732,-731
109000410,1314,384,930
109000411,249,34,215
109900001,129,0,129
109900002,855,28,827
109900003,258,3,255
109900004,1225,289,936
109900005,13,1,12
109900006,453,311,142
109900007,779,894,-115
109900008,0,36,-36
109900009,185,795,-610
109900010,603,23,580
109900011,144,53,91
109900012,337,244,93
109900013,461,244,217
109900014,406,90,316
109900015,619,267,352
109900016,127,58,69
109900017,225,220,5
109900018,263,122,141
109900019,217,109,108
109900020,38,41,-3
109900021,61,12,49
109900022,114,300,-186
109900023,20,2,18
109900024,31,2,29
109900025,2,110,-108
109900026,4,228,-224
109900027,62,52,10
109900028,2411,1054,1357
109900029,17,564,-547
109900030,47,13,34
109900031,1,84,-83
109900032,14,442,-428
109900033,5,588,-583
109900034,24,6,18
109900035,8,13,-5
109900036,16,110,-94
109900037,38,699,-661
109900038,63,342,-279
109900039,8,1,7
109900040,37,847,-810
109900041,97,450,-353
109900042,18,503,-485
109900044,157,329,-172
109900045,122,40,82
109900046,28,74,-46
109900047,322,474,-152
109900048,0,121,-121
109900049,20,28,-8
109900050,3,325,-322
109900051,1,77,-76
109900052,125,441,-316
109900053,9,573,-564
109900054,724,266,458
109900055,54,435,-381
109900056,31,188,-157
109900057,22,285,-263
109900058,1,131,-130
109900059,730,134,596
109900060,581,175,406
109900061,98,445,-347
109900062,1,306,-305
109900063,5,504,-499
109900064,681,304,377
109900065,128,178,-50
109900066,446,1298,-852
109900067,1,398,-397
109900068,65,4,61
109900069,1,69,-68
109900070,71,463,-392
109900071,4,35,-31
109900072,32,243,-211
109900073,393,811,-418
109900074,4,51,-47
109900075,25,65,-40
109900076,21,298,-277
109900077,45,68,-23
109900078,146,357,-211
109900080,159,438,-279
109900081,56,228,-172
109900082,29,505,-476
109900083,21,98,-77
109900084,99,186,-87
109900085,336,1075,-739
109900086,184,525,-341
109900087,457,619,-162
109900089,708,203,505
109900090,667,1369,-702
109900091,425,136,289
109900092,946,16,930
109900093,955,159,796
109900094,99,136,-37
109900095,133,311,-178
109900096,34,7,27
109900097,102,3,99
109900098,466,50,416
109900099,203,1,202
109900100,81,0,81
109900101,446,9,437
109900102,512,36,476
109900103,37,47,-10
109900104,576,1060,-484
109900105,643,47,596
109900106,476,61,415
109900107,598,107,491
109900108,134,520,-386
109900109,32,196,-164
109900110,124,537,-413
109900111,477,1330,-853
109900112,495,885,-390
109900113,818,679,139
109900114,1905,663,1242
109900115,134,111,23
109900117,1152,201,951
109900118,303,609,-306
109900119,923,354,569
109900120,76,20,56
109900121,440,439,1
109900122,428,9,419
109900123,26,227,-201
109900124,38,767,-729
109900125,1,207,-206
109900126,238,169,69
109900128,276,77,199
109900130,10821,2939,7882
109900131,57,205,-148
109900132,38,216,-178
109900133,93,365,-272
109900134,112,94,18
109900135,543,109,434
109900136,54,204,-150
109900137,134,431,-297
109900140,238,341,-103
109900142,1584,410,1174
109900145,4,449,-445
109900146,656,51,605
109900148,53,135,-82
109900149,41,86,-45
109900150,11,112,-101
109900151,3,54,-51
109900152,0,19,-19
109900153,2,55,-53
109900154,45,0,45
109900155,64,7,57
109900157,108,371,-263
109900158,86,202,-116
109900159,234,33,201
109900160,177,85,92
109900161,277,67,210
109900162,216,127,89
109900163,967,433,534
109900164,65,294,-229
109900165,329,21,308
109900166,5,183,-178
109900167,194,706,-512
109900168,221,806,-585
109900169,264,235,29
109900170,400,1000,-600
109900171,208,108,100
109900172,186,354,-168
109900173,4703,2692,2011
109900174,46,195,-149
109900175,84,107,-23
109900176,98,205,-107
109900177,50,340,-290
109900178,9,92,-83
109900179,45,17,28
109900180,12,13,-1
110000001,1168,731,437
110000002,709,877,-168
110000003,1147,879,268
110000004,687,845,-158
110000005,635,2049,-1414
110000006,587,440,147
110000007,201,197,4
110000008,18,96,-78
110000009,74,58,16
110000010,26,104,-78
110000011,88,152,-64
110000012,970,670,300
110000013,75,721,-646
110000014,698,506,192
110000015,375,689,-314
110000016,381,2001,-1620
110000017,3522,387,3135
110000018,3596,593,3003
110000019,14,152,-138
110000020,516,298,218
110000021,724,659,65
110000022,1398,337,1061
110000023,9,192,-183
110000024,1054,602,452
110000025,337,7,330
110000026,9,515,-506
110000027,2008,525,1483
110000028,1170,918,252
110000029,695,1074,-379
110000030,296,471,-175
110000031,449,773,-324
110000032,897,572,325
110000033,513,158,355
110000034,513,987,-474
110000035,1215,885,330
110000036,1222,997,225
110000037,301,669,-368
110000038,310,1000,-690
110000039,827,3844,-3017
110000040,448,483,-35
110000041,365,1456,-1091
110000042,111,410,-299
110000043,1007,402,605
110000044,172,152,20
110000045,1287,124,1163
110000046,8,6,2
110000047,304,31,273
110000048,16,14,2
110000049,86,11,75
110000050,18,43,-25
110000051,113,6,107
110000052,41,44,-3
110000053,624,12,612
110000054,197,253,-56
110000055,659,44,615
110000056,249,67,182
110000057,590,999,-409
110000058,1543,790,753
110000059,1128,717,411
110000060,869,1340,-471
110000061,1206,1119,87
110000062,806,1152,-346
110000063,48,146,-98
110000064,159,136,23
110000065,86,117,-31
110000066,140,48,92
110000067,123,374,-251
110000068,495,405,90
110000069,320,142,178
110000071,201,221,-20
110000073,13,37,-24
110000075,9,156,-147
110000076,410,584,-174
110000077,567,1966,-1399
110000078,32,93,-61
110000080,388,885,-497
110000081,56,441,-385
110000082,44,476,-432
110000083,303,836,-533
110000084,1243,1020,223
110000085,2766,2055,711
110000086,1586,2774,-1188
110000087,6,90,-84
110000088,98,308,-210
110000089,350,203,147
110000090,157,415,-258
110000091,1864,430,1434
110000092,32,111,-79
110000093,58,14,44
110000094,651,368,283
110000095,295,927,-632
110000096,3296,2357,939
110000097,1291,1509,-218
110000098,2440,947,1493
110000099,1080,2188,-1108
110000100,990,662,328
110000101,33,591,-558
110000102,39,32,7
110000104,337,139,198
110000105,95,315,-220
110000106,833,456,377
110000107,414,475,-61
110000108,208,52,156
110000109,435,396,39
110000110,4590,6426,-1836
110000111,8884,3636,5248
110000112,1789,1387,402
110000113,855,2830,-1975
110000114,178,729,-551
110000115,373,327,46
110000116,48,70,-22
110000117,178,470,-292
110000118,464,240,224
110000119,216,471,-255
110000120,574,225,349
110000121,145,443,-298
110000122,493,809,-316
110000123,632,986,-354
110000124,2,1064,-1062
110000125,1089,11,1078
110000126,352,27,325
110000127,1298,66,1232
110000128,38,1804,-1766
110000129,3,615,-612
110000130,300,257,43
110000131,116,403,-287
110000132,2,938,-936
110000133,46,551,-505
110000134,33,433,-400
110000135,231,54,177
110000136,71,373,-302
110000137,709,887,-178
110000138,918,886,32
110000139,967,1717,-750
110000140,1444,771,673
110000143,791,530,261
110000144,6807,1962,4845
110000145,2467,1098,1369
110000146,2532,1221,1311
110000147,504,1001,-497
110000148,537,408,129
110000151,1443,977,466
110000152,1073,481,592
110000153,157,68,89
110000154,109,37,72
110000155,2736,4779,-2043
110000156,1217,2867,-1650
110000157,2397,2176,221
110000160,534,372,162
110000161,184,463,-279
110000166,613,157,456
110000167,993,690,303
110000168,1097,639,458
110000169,961,481,480
110000170,135,141,-6
110000171,807,251,556
110000172,220,1114,-894
110000173,1356,1506,-150
110000174,220,1316,-1096
110000175,613,122,491
110000176,73,343,-270
110000177,193,1168,-975
110000178,575,1388,-813
110000179,1715,504,1211
110000180,215,432,-217
110000181,523,564,-41
110000182,466,290,176
110000183,13841,7915,5926
110000184,806,2769,-1963
110000185,1875,915,960
110000186,916,1126,-210
110000191,862,539,323
110000192,563,27,536
110000193,1151,10,1141
110000194,33,1636,-1603
110000195,536,507,29
110000196,378,467,-89
110000197,112,293,-181
110000198,127,107,20
110000199,87,167,-80
110000200,1664,676,988
110000201,1137,1124,13
110000202,1564,651,913
110000203,993,1024,-31
110000204,6,408,-402
110000205,223,93,130
110000206,832,1903,-1071
110000207,915,441,474
110000208,182,196,-14
110000209,156,1143,-987
110000210,1014,788,226
110000211,748,1041,-293
110000212,445,1253,-808
110000213,308,63,245
110000214,254,133,121
110000215,180,632,-452
110000216,99,571,-472
110000217,386,246,140
110000218,212,495,-283
110000219,354,111,243
110000220,101,463,-362
110000221,304,130,174
110000222,101,254,-153
110000223,5,153,-148
110000224,75,16,59
110000225,252,885,-633
110000226,234,75,159
110000227,838,862,-24
110000228,410,332,78
110000229,1,322,-321
110000230,544,787,-243
110000231,197,277,-80
110000232,226,241,-15
110000233,203,301,-98
110000234,892,562,330
110000235,1355,1492,-137
110000236,717,1081,-364
110000237,2212,1515,697
110000238,1506,1724,-218
110000239,2245,1543,702
110000240,0,106,-106
110000242,0,15,-15
110000243,130,182,-52
110000244,164,402,-238
110000245,56,491,-435
110000246,952,716,236
110000247,1887,6977,-5090
110000248,3489,2219,1270
110000249,83,8,75
110000250,57,280,-223
110000251,344,833,-489
110000252,314,266,48
110000253,1767,880,887
110000254,975,1989,-1014
110000255,348,1449,-1101
110000256,687,456,231
110000257,879,553,326
110000258,10,580,-570
110000259,133,31,102
110000260,23,400,-377
110000263,948,129,819
110000264,296,706,-410
110000265,1271,2285,-1014
110000266,2704,3277,-573
110000267,31,361,-330
110000268,405,673,-268
110000269,1,109,-108
110000270,64,6,58
110000271,2149,361,1788
110000272,1403,1220,183
110000273,4791,1713,3078
110000274,270,1647,-1377
110000275,2921,639,2282
110000276,250,443,-193
110000277,275,479,-204
110000278,339,1002,-663
110000279,830,881,-51
110000280,483,554,-71
110000281,30,308,-278
110000282,324,70,254
110000283,66,125,-59
110000284,79,80,-1
110000285,3,522,-519
110000286,43,0,43
110000287,63,9,54
110000288,7,141,-134
110000289,580,2080,-1500
110000290,1159,741,418
110000291,7539,1801,5738
110000292,1595,5368,-3773
110000293,707,891,-184
110000294,1008,1546,-538
110000295,144,1192,-1048
110000296,406,473,-67
110000297,3737,414,3323
110000298,460,749,-289
110000299,811,122,689
110000301,265,24,241
110000302,346,1324,-978
110000303,444,8,436
110000304,168,376,-208
110000305,1280,26,1254
110000306,142,1892,-1750
110000307,1849,5,1844
110000308,767,12,755
110000309,15,1171,-1156
110000310,849,84,765
110000311,39,928,-889
110000312,667,120,547
110000313,4453,4588,-135
110000314,2,391,-389
110000315,4471,2981,1490
110000316,662,1537,-875
110000317,606,407,199
110000318,32,113,-81
110000319,2,31,-29
110000320,93,47,46
110000321,61,75,-14
110000322,484,523,-39
110000323,521,309,212
110000324,4996,1663,3333
110000325,3330,3566,-236
110000327,852,562,290
110000328,256,552,-296
110000333,1233,903,330
110000334,1086,1776,-690
110000335,1159,807,352
110000336,863,1382,-519
110000337,1558,789,769
110000338,484,271,213
110000339,383,300,83
110000340,73,236,-163
110000341,521,652,-131
110000342,727,14,713
110000343,1,32,-31
110000344,103,225,-122
110000345,119,144,-25
110000346,3006,1988,1018
110000347,1200,947,253
110000348,31,25,6
110000349,14,24,-10
110000350,102,15,87
110000351,962,972,-10
110000352,865,1880,-1015
110000353,3206,894,2312
110000354,1512,3354,-1842
110000355,164,143,21
110000356,781,6,775
110000357,445,13,432
110000361,33,89,-56
110000362,65,186,-121
110000363,361,126,235
110000364,206,486,-280
110000365,237,6,231
110000366,5,152,-147
110000367,340,223,117
110000368,4,86,-82
110000369,47,4,43
110000373,1,404,-403
110000374,189,19,170
110000375,128,1159,-1031
110000376,41,154,-113
110000377,71,719,-648
110000378,29,488,-459
110000379,4213,2031,2182
110000380,36,17,19
110000383,2,1055,-1053
110000384,2800,951,1849
110000385,1,256,-255
110000387,112,9,103
110000388,54,286,-232
110000389,947,6,941
110000391,637,434,203
110000396,173,174,-1
110000397,115,229,-114
110000398,2,30,-28
110000399,262,1,261
110000587,144,38,106
110000589,247,201,46
110000640,253,80,173
110000652,140,141,-1
110000653,366,465,-99
110000654,54,68,-14
110000656,1,805,-804
110000674,55,20,35
110000675,17,29,-12
110000676,12,54,-42
110000679,592,1473,-881
110000682,127,242,-115
110000683,400,789,-389
110000684,13,80,-67
110000685,12,17,-5
110000686,2,57,-55
110000687,114,1,113
110000688,89,956,-867
110000689,33,70,-37
110000692,178,251,-73
110000693,227,305,-78
110000694,0,229,-229
110000695,394,798,-404
110000696,119,205,-86
110900001,302,31,271
110900002,485,336,149
110900003,831,1034,-203
110900004,429,278,151
110900005,4282,2452,1830
110900006,71,21,50
110900007,139,31,108
110900008,9,67,-58
110900009,504,112,392
110900010,14,110,-96
110900011,34,118,-84
110900012,14,119,-105
110900013,1109,217,892
110900014,280,17,263
110900015,936,731,205
110900016,35,214,-179
110900017,482,61,421
110900018,610,69,541
110900019,155,35,120
110900020,125,496,-371
110900021,89,856,-767
110900022,125,455,-330
110900023,114,580,-466
110900024,46,589,-543
110900025,10,102,-92
110900027,63,294,-231
110900028,49,175,-126
110900029,21,529,-508
110900030,80,386,-306
110900031,2,176,-174
110900032,2,96,-94
110900033,76,311,-235
110900035,33,662,-629
110900036,122,25,97
110900037,125,38,87
110900038,1459,304,1155
110900039,8,344,-336
110900040,264,57,207
110900041,14,183,-169
110900042,158,90,68
110900043,3,175,-172
110900044,314,18,296
110900045,76,637,-561
110900046,80,373,-293
110900047,802,290,512
110900049,144,107,37
110900050,51,6,45
110900051,62,282,-220
110900052,3,251,-248
110900053,99,51,48
110900054,31,348,-317
110900055,51,8,43
110900056,98,174,-76
110900057,5,240,-235
110900058,320,284,36
110900059,747,828,-81
110900060,567,135,432
110900061,23,53,-30
110900062,157,389,-232
110900063,64,164,-100
110900064,17,0,17
110900065,545,196,349
110900066,16,80,-64
110900067,579,857,-278
110900068,311,316,-5
110900069,6,25,-19
110900070,189,103,86
110900071,381,755,-374
110900073,0,51,-51
110900074,399,137,262
110900075,487,109,378
110900077,931,743,188
110900078,39,104,-65
110900079,2624,1344,1280
110900080,151,107,44
110900081,5,93,-88
110900082,155,210,-55
110900083,122,61,61
110900084,75,164,-89
110900085,63,491,-428
110900086,78,346,-268
110900087,386,90,296
110900088,22,2,20
110900090,44,54,-10
110900091,1,66,-65
110900093,402,134,268
110900095,93,83,10
110900097,17,21,-4
110900098,41,138,-97
110900099,47,619,-572
110900100,0,40,-40
110900102,140,30,110
110900105,671,460,211
110900108,24,96,-72
110900111,547,130,417
110900112,983,7,976
110900113,597,64,533
110900115,15,87,-72
110900116,746,2660,-1914
110900118,156,3171,-3015
110900119,5506,529,4977
110900120,10,154,-144
110900121,133,1,132
110900122,469,220,249
110900125,380,467,-87
110900127,821,1466,-645
110900128,285,286,-1
110900129,507,853,-346
110900130,1648,745,903
110900131,231,78,153
110900132,375,56,319
110900133,71,293,-222
110900135,157,491,-334
110900136,299,20,279
110900137,115,1,114
110900138,1286,286,1000
110900139,43,55,-12
110900140,133,7,126
110900141,4,105,-101
110900142,91,214,-123
110900143,190,99,91
110900144,8,1026,-1018
110900145,232,60,172
110900146,412,215,197
110900147,135,358,-223
110900148,7,380,-373
110900149,3,148,-145
110900150,87,52,35
110900151,3,118,-115
110900152,37,362,-325
110900153,182,45,137
111000001,983,580,403
111000002,875,896,-21
111000003,1452,1038,414
111000004,718,1296,-578
111000005,1568,1712,-144
111000006,1317,1898,-581
111000007,5768,4406,1362
111000008,3685,4758,-1073
111000009,424,1020,-596
111000010,941,362,579
111000011,514,1190,-676
111000012,1007,648,359
111000013,453,1367,-914
111000014,1724,825,899
111000017,180,1036,-856
111000018,344,491,-147
111000020,1973,3258,-1285
111000021,116,142,-26
111000023,144,114,30
111000025,7611,4478,3133
111000029,92,119,-27
111000030,40,127,-87
111000031,2536,1543,993
111000032,663,313,350
111000033,317,281,36
111000034,472,311,161
111000037,2906,1506,1400
111000038,4752,3309,1443
111000039,2706,3347,-641
111000040,2336,3354,-1018
111000041,2358,2443,-85
111000042,5483,3494,1989
111000043,2188,3628,-1440
111000044,1889,1246,643
111000045,2431,2384,47
111000046,1780,1649,131
111000047,2604,4262,-1658
111000049,645,629,16
111000050,2484,2146,338
111000051,683,1623,-940
111000052,807,2359,-1552
111000053,565,1249,-684
111000054,507,1230,-723
111000055,1419,2515,-1096
111000056,131,813,-682
111000057,89,805,-716
111000058,401,114,287
111000059,497,298,199
111000060,3919,1106,2813
111000061,655,559,96
111000062,876,411,465
111000063,2085,1135,950
111000064,656,759,-103
111000065,1327,1125,202
111000066,626,546,80
111000067,648,937,-289
111000068,637,1248,-611
111000069,2235,2778,-543
111000070,2268,1467,801
111000071,277,984,-707
111000072,1157,615,542
111000073,343,1060,-717
111000074,1720,2046,-326
111000075,1172,885,287
111000076,562,832,-270
111000077,2126,2213,-87
111000078,3417,1824,1593
111000079,1637,1077,560
111000080,672,961,-289
111000081,2347,4857,-2510
111000082,900,895,5
111000084,855,767,88
111000085,1277,1951,-674
111000086,3812,1581,2231
111000087,889,889,0
111000088,7541,2723,4818
111000089,879,1040,-161
111000090,1204,1763,-559
111000091,984,795,189
111000092,1544,1117,427
111000093,789,1281,-492
111000094,2233,1183,1050
111000095,903,2935,-2032
111000096,2726,9252,-6526
111000097,6787,1724,5063
111000098,1016,1607,-591
111000099,690,2727,-2037
111000100,494,2278,-1784
111000101,582,1165,-583
111000102,290,979,-689
111000104,674,280,394
111000107,179,1042,-863
111000109,823,366,457
111000110,2034,926,1108
111000111,2269,600,1669
111000112,1819,702,1117
111000113,1096,1629,-533
111000114,2669,4086,-1417
111000115,8281,1503,6778
111000116,1032,1323,-291
111000117,561,1200,-639
111000118,1851,1319,532
111000119,1250,1688,-438
111000120,528,782,-254
111000121,358,884,-526
111000122,882,1290,-408
111000123,1307,3824,-2517
111000124,763,3970,-3207
111000125,330,2136,-1806
111000126,124,1180,-1056
111000127,1016,212,804
111000128,1776,474,1302
111000129,3504,635,2869
111000130,2323,901,1422
111000131,1608,723,885
111000132,1379,904,475
111000133,200,218,-18
111000134,154,150,4
111000135,79,194,-115
111000136,349,413,-64
111000138,13,21,-8
111000140,3,11,-8
111000141,511,420,91
111000142,13,135,-122
111000143,4,100,-96
111000144,26,148,-122
111000145,1476,22,1454
111000146,131,17,114
111000147,257,53,204
111000148,441,120,321
111000149,13,54,-41
111000150,116,26,90
111000151,12,50,-38
111000153,759,859,-100
111000154,1061,206,855
111000155,158,220,-62
111000156,483,725,-242
111000157,300,1157,-857
111000158,1170,853,317
111000159,3515,825,2690
111000160,315,374,-59
111000161,20,320,-300
111000162,57,211,-154
111000163,732,1244,-512
111000164,1044,5083,-4039
111000165,1601,796,805
111000166,2758,590,2168
111000167,252,606,-354
111000168,318,577,-259
111000169,390,802,-412
111000170,724,621,103
111000171,566,987,-421
111000172,157,629,-472
111000173,451,1232,-781
111000174,241,577,-336
111000175,63,377,-314
111000176,391,207,184
111000177,359,324,35
111000178,1398,359,1039
111000179,213,223,-10
111000180,290,455,-165
111000181,1201,379,822
111000182,193,322,-129
111000183,380,465,-85
111000184,545,371,174
111000185,453,567,-114
111000186,276,390,-114
111000187,153,343,-190
111000188,230,584,-354
111000189,1617,730,887
111000190,256,576,-320
111000191,217,519,-302
111000192,227,756,-529
111000193,416,411,5
111000194,58,426,-368
111000195,196,535,-339
111000196,67,320,-253
111000197,431,168,263
111000198,524,158,366
111000199,214,195,19
111000200,364,412,-48
111000201,552,298,254
111000202,246,262,-16
111000203,291,300,-9
111000204,464,1084,-620
111000213,301,552,-251
111000214,2154,2135,19
111000215,1282,1881,-599
111000217,1579,1377,202
111000218,1525,1328,197
111000219,632,255,377
111000220,2902,941,1961
111000221,921,136,785
111000224,151,460,-309
111000225,375,263,112
111000226,207,6,201
111000227,63,5,58
111000228,18,459,-441
111000229,53,909,-856
111000230,329,661,-332
111000231,1142,1327,-185
111000232,556,1058,-502
111000233,908,951,-43
111000234,116,423,-307
111000239,175,247,-72
111000240,33,269,-236
111000241,43,377,-334
111000242,158,88,70
111000243,131,788,-657
111000244,479,153,326
111000245,1126,617,509
111000246,517,501,16
111000247,340,1093,-753
111000248,688,572,116
111000249,501,978,-477
111000250,33,146,-113
111000251,56,125,-69
111000253,24,16,8
111000255,29,13,16
111000257,42,17,25
111000260,109,1438,-1329
111000261,1511,105,1406
111000271,65,354,-289
111000273,6974,1862,5112
111000274,1479,2937,-1458
111000275,162,73,89
111000276,359,2739,-2380
111000277,372,525,-153
111000278,724,350,374
111000291,819,6364,-5545
111000298,786,314,472
111000299,824,164,660
111000300,128,743,-615
111000302,376,110,266
111000303,95,315,-220
111000312,59,83,-24
111000315,36,321,-285
111000320,443,791,-348
111000321,415,150,265
111000322,449,684,-235
111000323,221,30,191
111000324,411,393,18
111000325,60,88,-28
111000326,261,507,-246
111000327,373,604,-231
111000328,250,752,-502
111000329,1,32,-31
111000330,58,35,23
111000331,11,14,-3
111000332,609,1870,-1261
111000334,446,1949,-1503
111000335,911,368,543
111000337,1299,515,784
111000338,90,188,-98
111000339,655,776,-121
111000340,146,998,-852
111000341,1395,913,482
111000342,364,561,-197
111000344,1145,1041,104
111000345,265,73,192
111000346,23,143,-120
111000347,205,10,195
111000350,209,171,38
111000351,140,358,-218
111000352,148,153,-5
111000353,153,340,-187
111000354,584,182,402
111000355,434,741,-307
111000358,139,2000,-1861
111000360,216,1106,-890
111000361,111,471,-360
111000546,900,779,121
111000547,342,792,-450
111000548,133,388,-255
111000549,352,547,-195
111000550,117,1043,-926
111000551,913,250,663
111000552,2260,138,2122
111000907,711,20,691
111000908,31,2,29
111000916,1876,406,1470
111000917,49,519,-470
111000918,216,1273,-1057
111000920,603,40,563
111000921,5,435,-430
111000922,482,465,17
111000924,52,1199,-1147
111000925,2294,2772,-478
111000926,1065,2678,-1613
111000927,3141,6242,-3101
111000928,5790,5129,661
111000929,1151,1511,-360
111000930,959,3162,-2203
111000931,2299,3030,-731
111000932,5296,2925,2371
111000933,4368,2491,1877
111000934,2980,4173,-1193
111000935,1676,1213,463
111000936,1525,2900,-1375
111000937,1024,1511,-487
111000938,2075,2491,-416
111000939,440,78,362
111000940,406,241,165
111000941,298,736,-438
111000943,407,330,77
111000944,163,510,-347
111000945,108,2261,-2153
111001109,649,412,237
111001110,283,718,-435
111001111,83,7,76
111001112,325,5,320
111001113,5,279,-274
111001114,1596,188,1408
111001115,150,497,-347
111001116,6820,4794,2026
111001117,730,2816,-2086
111001120,163,392,-229
111001121,238,391,-153
111001122,242,829,-587
111001123,269,131,138
111001124,86,297,-211
111001125,7,96,-89
111900001,15,134,-119
111900002,20,1018,-998
111900003,7,517,-510
111900004,56,216,-160
111900006,22,63,-41
111900007,92,8,84
111900008,232,3,229
111900009,216,265,-49
111900010,429,840,-411
111900012,126,177,-51
111900013,29,110,-81
111900014,7777,3796,3981
111900015,1,86,-85
111900016,0,190,-190
111900017,1,220,-219
111900018,192,12,180
111900019,6,171,-165
111900020,5,91,-86
111900021,54,142,-88
111900022,19,98,-79
111900023,170,141,29
111900024,6,108,-102
111900025,1,71,-70
111900026,1,109,-108
111900027,7,278,-271
111900028,5,541,-536
111900029,3,132,-129
111900030,45,469,-424
111900031,21,68,-47
111900032,4,464,-460
111900033,6,132,-126
111900034,360,757,-397
111900035,34,254,-220
111900036,2,357,-355
111900038,428,772,-344
111900039,43,489,-446
111900040,7,750,-743
111900042,70,165,-95
111900043,3,558,-555
111900044,356,344,12
111900046,55,256,-201
111900048,142,620,-478
111900049,57,376,-319
111900050,91,25,66
111900051,4,216,-212
111900052,545,810,-265
111900053,1421,1139,282
111900054,136,2,134
111900055,26,371,-345
111900056,293,203,90
111900057,82,63,19
111900058,418,809,-391
111900059,2624,521,2103
111900060,295,0,295
111900061,3,147,-144
111900062,17,89,-72
111900063,327,280,47
111900064,88,197,-109
111900065,64,38,26
111900066,123,210,-87
111900067,3,434,-431
111900068,72,26,46
111900069,101,30,71
111900070,136,147,-11
111900071,1,276,-275
111900072,33,15,18
111900073,930,172,758
111900074,14,208,-194
111900075,65,9,56
111900076,174,50,124
111900077,22,4,18
111900078,282,14,268
111900079,44,25,19
111900080,281,268,13
111900082,103,25,78
111900083,156,8,148
111900084,121,13,108
111900085,33,140,-107
111900086,29,0,29
111900087,43,0,43
111900088,508,8,500
111900089,131,8,123
111900090,52,37,15
111900091,117,4,113
111900092,106,0,106
111900093,412,10,402
111900094,90,0,90
111900095,183,31,152
111900096,95,0,95
111900097,55,1,54
111900098,184,2,182
111900099,56,0,56
111900100,101,7,94
111900101,152,33,119
111900102,458,742,-284
111900103,102,78,24
111900104,153,88,65
111900105,350,214,136
111900106,1573,74,1499
111900110,2520,448,2072
111900111,95,251,-156
111900112,939,2175,-1236
111900113,368,126,242
111900118,431,117,314
111900119,355,140,215
111900122,85,76,9
111900123,27,25,2
111900124,39,140,-101
111900125,490,37,453
111900126,323,1,322
111900127,3,894,-891
111900128,4,634,-630
111900129,248,2,246
111900130,276,36,240
111900131,495,1,494
111900132,37,1388,-1351
111900133,12,488,-476
111900134,24,321,-297
111900135,11,24,-13
111900136,132,142,-10
111900137,89,111,-22
111900138,43,136,-93
111900139,19,208,-189
111900140,89,29,60
111900141,66,7,59
111900142,73,30,43
111900143,21,200,-179
111900144,0,99,-99
111900145,4,605,-601
111900146,1,370,-369
111900147,184,569,-385
111900148,35,943,-908
111900149,29,428,-399
111900150,22,247,-225
111900151,6,33,-27
111900152,126,107,19
111900153,1956,466,1490
111900154,10,234,-224
111900155,35,81,-46
111900156,47,69,-22
111900157,74,23,51
111900158,488,49,439
111900159,276,18,258
111900160,245,4,241
111900161,128,0,128
111900162,118,189,-71
111900163,40,338,-298
111900164,157,68,89
111901113,506,390,116
111901114,177,388,-211
111901115,72,0,72
111901116,47,0,47
111901117,47,26,21
111901118,112,204,-92
111901119,1437,103,1334
111901121,253,333,-80
111901122,6,709,-703
111901123,160,443,-283
111901124,151,0,151
111901125,358,229,129
111901127,810,492,318
111901128,16,100,-84
111901129,15,153,-138
111901130,13,277,-264
111901131,5,342,-337
111901132,89,20,69
111901133,44,8,36
111901134,62,4,58
111901135,16,14,2
111901136,31,47,-16
111901137,0,22,-22
111901138,206,54,152
111901139,29,53,-24
111901140,9,135,-126
111901141,14,266,-252
111901142,7,191,-184
111901143,3,112,-109
111901144,40,63,-23
111901145,246,354,-108
111901146,621,40,581
112000001,2024,1102,922
112000002,1008,3331,-2323
112000003,1476,1155,321
112000004,735,1638,-903
112000005,3263,3329,-66
112000006,2775,2723,52
112000007,2856,2155,701
112000008,3160,4511,-1351
112000009,4600,4616,-16
112000010,3400,3547,-147
112000011,2347,2745,-398
112000012,7395,4217,3178
112000013,7253,3971,3282
112000014,5386,1440,3946
112000015,5073,4104,969
112000016,10324,1445,8879
112000017,4392,2511,1881
112000024,2952,1248,1704
112000026,5018,6277,-1259
112000027,1187,725,462
112000028,2198,2094,104
112000029,498,848,-350
112000030,215,151,64
112000031,2162,5574,-3412
112000032,571,90,481
112000033,2983,1533,1450
112000034,554,75,479
112000035,141,374,-233
112000036,1704,1079,625
112000037,1722,827,895
112000038,1715,1133,582
112000039,72,66,6
112000040,134,298,-164
112000041,808,624,184
112000042,1460,459,1001
112000050,1418,2209,-791
112000051,1003,1393,-390
112000054,2136,2842,-706
112000057,582,426,156
112000058,470,810,-340
112000059,632,1037,-405
112000061,4809,3007,1802
112000062,2207,913,1294
112000063,1836,2036,-200
112000064,5102,7373,-2271
112000065,2576,3144,-568
112000066,4628,1749,2879
112000067,980,886,94
112000068,4021,2585,1436
112000069,1088,2385,-1297
112000070,2478,1125,1353
112000071,1535,3425,-1890
112000072,2934,1130,1804
112000073,2089,2547,-458
112000074,1820,1338,482
112000075,1921,1462,459
112000076,4262,3246,1016
112000077,591,752,-161
112000078,1914,801,1113
112000079,1546,1622,-76
112000080,813,1175,-362
112000081,1924,2725,-801
112000082,1779,940,839
112000083,782,1717,-935
112000084,1428,1013,415
112000085,1386,1484,-98
112000086,1940,1743,197
112000087,432,503,-71
112000088,679,727,-48
112000089,353,359,-6
112000090,274,379,-105
112000091,783,1474,-691
112000092,2019,1468,551
112000093,1851,1250,601
112000094,663,1136,-473
112000095,815,1104,-289
112000096,635,935,-300
112000097,1566,755,811
112000098,1414,1623,-209
112000099,824,1501,-677
112000100,2121,1237,884
112000101,601,1468,-867
112000102,1329,667,662
112000103,408,1528,-1120
112000105,713,2211,-1498
112000106,1864,514,1350
112000107,62,198,-136
112000108,351,2136,-1785
112000109,143,85,58
112000110,2285,765,1520
112000111,1692,4217,-2525
112000112,4949,759,4190
112000113,1185,2270,-1085
112000114,3449,1253,2196
112000115,479,668,-189
112000116,965,1400,-435
112000117,1561,1168,393
112000118,1487,1213,274
112000119,601,1155,-554
112000120,87,511,-424
112000121,154,708,-554
112000122,303,229,74
112000123,626,269,357
112000124,345,113,232
112000125,210,245,-35
112000126,245,710,-465
112000127,3429,2260,1169
112000128,1178,846,332
112000129,132,119,13
112000130,205,78,127
112000131,86,522,-436
112000132,126,393,-267
112000133,497,403,94
112000134,437,481,-44
112000135,1525,893,632
112000136,1502,1405,97
112000137,2125,1772,353
112000138,2085,1503,582
112000139,1159,591,568
112000140,1408,1343,65
112000141,882,393,489
112000142,154,886,-732
112000143,1328,344,984
112000144,429,1851,-1422
112000145,2796,884,1912
112000146,755,2747,-1992
112000147,2571,2329,242
112000148,2303,3040,-737
112000149,501,905,-404
112000150,301,826,-525
112000151,358,599,-241
112000152,377,566,-189
112000153,219,381,-162
112000154,131,272,-141
112000155,163,123,40
112000157,1068,724,344
112000158,333,720,-387
112000159,639,493,146
112000167,487,128,359
112000169,579,515,64
112000173,811,272,539
112000175,518,473,45
112000176,4443,3079,1364
112000177,787,259,528
112000178,129,584,-455
112000179,316,206,110
112000180,273,411,-138
112000181,1718,2572,-854
112000182,1243,2629,-1386
112000183,50,79,-29
112000184,449,655,-206
112000185,542,769,-227
112000187,4621,2837,1784
112000195,184,53,131
112000196,448,4,444
112000197,358,179,179
112000198,53,435,-382
112000199,1381,1265,116
112000202,437,1,436
112000216,61,277,-216
112000230,123,16,107
112000231,6,349,-343
112000256,59,317,-258
112000313,126,186,-60
112000314,84,27,57
112000337,385,746,-361
112000352,646,471,175
112000392,2014,1949,65
112000398,1426,1076,350
112000399,3364,2664,700
112000400,2114,4756,-2642
112000401,3581,3464,117
112000402,3219,2912,307
112000403,3413,3528,-115
112000404,767,863,-96
112000405,1905,3427,-1522
112000406,4621,3791,830
112000407,6765,9292,-2527
112000408,10334,9231,1103
112000409,2136,6690,-4554
112000410,524,262,262
112000411,6063,1873,4190
112000412,1839,629,1210
112000413,11827,5911,5916
112000414,103,128,-25
112000415,178,68,110
112000416,2707,1681,1026
112000417,277,92,185
112000421,46,160,-114
112000422,487,613,-126
112000424,3357,3213,144
112000425,581,1221,-640
112000426,173,547,-374
112000427,0,7,-7
112000428,248,463,-215
112000429,2709,3775,-1066
112000430,2952,3766,-814
112000431,95,202,-107
112000432,755,1827,-1072
112000433,573,1221,-648
112000437,56,290,-234
112900001,58,3,55
112900002,458,1397,-939
112900003,53,486,-433
112900004,61,361,-300
112900005,218,313,-95
112900006,16,524,-508
112900007,26,321,-295
112900008,0,20,-20
112900009,490,136,354
112900010,430,1075,-645
112900011,249,359,-110
112900012,2,48,-46
112900013,11,268,-257
112900014,3,373,-370
112900015,486,937,-451
112900016,5,378,-373
112900017,41,324,-283
112900018,1,398,-397
112900019,74,201,-127
112900020,490,1469,-979
112900021,3,393,-390
112900022,11,126,-115
112900023,2,283,-281
112900024,25,287,-262
112900025,133,455,-322
112900026,4,339,-335
112900027,13,1489,-1476
112900028,53,157,-104
112900029,10,895,-885
112900030,226,259,-33
112900031,5,690,-685
112900032,234,379,-145
112900034,0,83,-83
112900035,12,563,-551
112900036,46,164,-118
112900037,247,148,99
112900038,710,165,545
112900039,28,464,-436
112900040,8,395,-387
112900041,1508,1602,-94
112900042,43,520,-477
112900043,52,61,-9
112900044,727,649,78
112900045,473,461,12
112900046,292,96,196
112900047,18,16,2
112900049,213,151,62
112900050,72,650,-578
112900051,405,880,-475
112900052,9,1205,-1196
112900053,393,157,236
112900054,225,49,176
112900055,196,25,171
112900056,540,151,389
112900057,22,767,-745
112900058,304,369,-65
112900059,129,191,-62
112900060,17,282,-265
112900061,81,168,-87
112900062,67,210,-143
112900063,142,10,132
112900064,226,254,-28
112900065,79,36,43
112900066,235,182,53
112900067,572,264,308
112900068,46,43,3
112900069,2671,939,1732
112900071,30,9,21
112900072,295,2171,-1876
112900073,362,122,240
112900074,100,263,-163
112900075,2193,1024,1169
112900076,123,25,98
112900078,341,492,-151
112900079,259,45,214
112900080,49,5,44
112900081,67,251,-184
112900082,611,36,575
112900083,138,92,46
112900084,308,151,157
112900086,62,1,61
112900087,841,139,702
112900088,139,16,123
112900089,968,37,931
112900090,56,22,34
112900091,247,6,241
112900092,148,346,-198
112900093,1213,25,1188
112900095,27,1,26
112900096,514,143,371
112900097,81,461,-380
112900098,137,2,135
112900099,1005,23,982
112900100,60,0,60
112900101,318,4,314
112900102,160,8,152
112900103,186,3,183
112900104,466,13,453
112900105,15,0,15
112900106,508,138,370
112900107,5,0,5
112900108,10,1,9
112900109,71,0,71
112900110,1035,14,1021
112900111,659,2,657
112900112,356,1,355
112900113,0,16,-16
112900114,140,32,108
112900115,1226,9,1217
112900116,107,26,81
112900117,88,157,-69
112900118,35,133,-98
112900119,235,6,229
112900120,1035,338,697
112900121,246,289,-43
112900122,7,146,-139
112900123,205,22,183
112900124,37,155,-118
112900125,110,614,-504
112900126,193,265,-72
112900127,452,148,304
112900128,481,910,-429
112900129,3,1210,-1207
112900130,279,128,151
112900131,50,325,-275
112900132,119,525,-406
112900133,38,1493,-1455
112900134,0,334,-334
112900135,99,53,46
112900137,0,791,-791
112900138,8,454,-446
112900139,296,1578,-1282
112900141,1116,256,860
112900142,110,152,-42
112900143,73,704,-631
112900144,3,387,-384
112900145,31,683,-652
112900146,14,1575,-1561
112900147,4,2599,-2595
112900148,72,4,68
112900149,305,614,-309
112900151,16,61,-45
112900152,5155,1253,3902
112900153,2658,2398,260
112900154,2,140,-138
112900155,276,21,255
112900156,370,1731,-1361
112900157,322,81,241
112900158,49,52,-3
112900159,320,147,173
112900160,84,327,-243
112900161,148,50,98
112900162,41,24,17
112900163,129,48,81
112900164,41,246,-205
112900165,151,57,94
112900166,18,64,-46
112900167,9,64,-55
112900168,5,0,5
112900169,5,10,-5
112900170,98,112,-14
112900172,74,20,54
112900173,256,92,164
112900174,364,49,315
112900175,199,249,-50
112900176,20,43,-23
112900177,273,75,198
112900178,785,3078,-2293
112900179,44,604,-560
112900180,2429,1956,473
112900181,605,5,600
112900182,66,1448,-1382
112900183,205,344,-139
112900184,558,561,-3
112900185,387,671,-284
112900186,2002,1118,884
112900187,140,481,-341
112900188,855,427,428
112900189,15,58,-43
112900190,58,67,-9
112900192,725,679,46
112900193,1714,451,1263
112900194,54,183,-129
112900195,1078,46,1032
112900196,271,562,-291
112900197,279,480,-201
112900199,660,840,-180
112900200,519,427,92
112900201,79,126,-47
112900202,407,1095,-688
112900203,250,395,-145
112900204,1317,653,664
112900205,11,22,-11
112900206,8,98,-90
112900207,20,0,20
112900208,94,322,-228
112900209,642,475,167
112900210,1,47,-46
112900211,81,125,-44
112900212,2,102,-100
112900213,27,19,8
112900214,42,8,34
112900215,13,249,-236
112900216,28,141,-113
112900217,1,89,-88
112900218,38,12,26
112900219,46,0,46
112900220,4,0,4
112900221,31,149,-118
112900222,0,36,-36
112900223,1422,16,1406
112900224,355,832,-477
112900225,557,609,-52
112900226,306,432,-126
112900227,546,1745,-1199
112900228,53,34,19
112900229,190,70,120
112900230,9068,5236,3832
112900232,283,312,-29
112900233,91,223,-132
112900234,15,149,-134
112900235,131,26,105
112900236,304,22,282
112900237,204,355,-151
112900238,3,58,-55
112900239,1246,479,767
113000001,6668,8606,-1938
113000002,4103,4991,-888
113000003,2241,3575,-1334
113000004,2336,3717,-1381
113000005,1819,1589,230
113000006,1505,2178,-673
113000007,2630,1867,763
113000008,2628,2465,163
113000009,1210,1267,-57
113000010,1391,2076,-685
113000011,1008,2109,-1101
113000012,1884,1287,597
113000013,1675,786,889
113000014,1986,1705,281
113000015,782,243,539
113000016,613,719,-106
113000017,92,409,-317
113000018,640,50,590
113000019,418,312,106
113000020,517,56,461
113000021,2603,859,1744
113000022,802,1418,-616
113000025,154,414,-260
113000026,678,665,13
113000027,1347,617,730
113000028,1941,627,1314
113000029,911,886,25
113000030,547,751,-204
113000031,364,471,-107
113000032,327,402,-75
113000033,365,561,-196
113000034,444,481,-37
113000035,48,28,20
113000036,17,39,-22
113000037,57,46,11
113000038,9,47,-38
113000039,109,763,-654
113000040,89,109,-20
113000042,901,821,80
113000051,1082,3516,-2434
113000052,2621,1460,1161
113000053,461,722,-261
113000054,411,1339,-928
113000055,1454,1006,448
113000056,979,1356,-377
113000058,1133,1043,90
113000059,1316,948,368
113000060,271,691,-420
113000061,834,1293,-459
113000062,1483,356,1127
113000063,159,213,-54
113000064,50,445,-395
113000065,181,1208,-1027
113000066,792,160,632
113000067,2535,1937,598
113000068,472,2046,-1574
113000069,735,1747,-1012
113000070,2684,1396,1288
113000071,477,901,-424
113000072,871,651,220
113000073,680,2141,-1461
113000074,1422,622,800
113000075,2389,911,1478
113000076,1250,2608,-1358
113000077,1782,645,1137
113000078,957,3445,-2488
113000079,1339,1120,219
113000080,936,713,223
113000081,1232,1170,62
113000082,2060,993,1067
113000083,744,1301,-557
113000084,2217,1603,614
113000085,1052,890,162
113000086,1582,1680,-98
113000087,1279,1148,131
113000088,3552,1670,1882
113000089,1113,2154,-1041
113000090,438,943,-505
113000091,828,485,343
113000094,1674,315,1359
113000095,375,1153,-778
113000096,227,970,-743
113000097,1758,548,1210
113000098,123,34,89
113000099,1498,482,1016
113000100,127,518,-391
113000101,535,757,-222
113000102,889,551,338
113000103,3035,716,2319
113000104,519,2920,-2401
113000105,893,565,328
113000106,425,738,-313
113000107,881,1020,-139
113000108,1030,1901,-871
113000109,698,4985,-4287
113000110,1881,646,1235
113000111,209,989,-780
113000112,486,469,17
113000113,1783,458,1325
113000114,400,2268,-1868
113000116,918,382,536
113000117,1097,127,970
113000118,250,769,-519
113000119,541,412,129
113000120,117,315,-198
113000121,1004,1124,-120
113000124,253,176,77
113000125,59,758,-699
113000127,3487,589,2898
113000128,628,929,-301
113000129,730,1695,-965
113000133,3705,2481,1224
113000134,13,1803,-1790
113000135,4460,5679,-1219
113000137,2619,3870,-1251
113000139,540,265,275
113000140,230,411,-181
113000141,497,235,262
113000142,935,1698,-763
113000143,335,252,83
113000144,515,929,-414
113000145,59,162,-103
113000146,162,80,82
113000147,159,140,19
113000148,149,135,14
113000149,125,169,-44
113000150,757,459,298
113000151,128,60,68
113000152,39,112,-73
113000153,2050,901,1149
113000154,857,2385,-1528
113000155,368,725,-357
113000156,222,533,-311
113000157,453,1245,-792
113000158,808,359,449
113000159,1140,966,174
113000160,960,1614,-654
113000161,350,746,-396
113000162,1069,619,450
113000163,147,77,70
113000164,39,117,-78
113000166,210,173,37
113000167,80,170,-90
113000168,87,213,-126
113000169,173,95,78
113000170,144,114,30
113000171,112,168,-56
113000172,324,108,216
113000173,83,38,45
113000174,151,627,-476
113000175,592,148,444
113000176,600,168,432
113000177,175,495,-320
113000178,316,432,-116
113000179,483,237,246
113000180,1197,1865,-668
113000181,1459,1308,151
113000182,268,686,-418
113000183,214,705,-491
113000184,26,151,-125
113000189,684,1094,-410
113000190,1735,818,917
113000192,2542,2209,333
113000193,6347,1434,4913
113000194,3012,1391,1621
113000195,3615,1044,2571
113000196,317,99,218
113000197,2581,1513,1068
113000198,70,450,-380
113000199,2230,415,1815
113000201,1687,358,1329
113000202,5214,5025,189
113000203,434,335,99
113000204,2324,2200,124
113000205,31,29,2
113000206,5,37,-32
113000207,73,32,41
113000208,34,64,-30
113000209,31,34,-3
113000210,7,51,-44
113000211,391,320,71
113000212,242,49,193
113000213,62,296,-234
113000214,268,524,-256
113000234,208,1319,-1111
113000410,440,310,130
113000411,3812,5812,-2000
113000412,10008,3300,6708
113000413,4532,4599,-67
113000414,10513,18801,-8288
113000415,3443,4420,-977
113000416,11901,5874,6027
113000417,4269,4937,-668
113000418,5418,3551,1867
113000419,2291,2465,-174
113000420,4939,7498,-2559
113000421,5058,8122,-3064
113000422,17234,14888,2346
113000423,3178,6833,-3655
113000424,4489,12030,-7541
113000425,20,108,-88
113000428,93,9,84
113000430,6,54,-48
113000432,3218,210,3008
113000433,137,1052,-915
113000434,50,257,-207
113000435,44,908,-864
113000436,68,1597,-1529
113000437,1093,31,1062
113000438,382,18,364
113000439,23,190,-167
113000440,170,49,121
113000441,270,400,-130
113000442,165,259,-94
113000443,257,351,-94
113000444,256,291,-35
113000445,136,202,-66
113000446,57,134,-77
113000448,296,262,34
113000449,355,1999,-1644
113000450,977,7540,-6563
113000451,1930,251,1679
113000452,649,1256,-607
113000453,138,395,-257
113000454,3361,108,3253
113000455,94,227,-133
113000456,5035,3622,1413
113000468,2495,442,2053
113000469,432,309,123
113000470,593,61,532
113000471,28,537,-509
113000472,109,450,-341
113000474,532,796,-264
113000475,2035,2293,-258
113000476,1403,2151,-748
113000477,2920,2621,299
113000478,4848,7388,-2540
113000479,120,263,-143
113000480,166,150,16
113000484,0,0,0
113000485,2,0,2
113000486,2,1,1
113000487,0,0,0
113000488,0,0,0
113000489,0,0,0
113000490,0,0,0
113000491,4,7,-3
113000492,0,0,0
113000493,0,0,0
113000495,242,242,0
113000496,161,169,-8
113000499,0,0,0
113900001,3,372,-369
113900002,1,214,-213
113900003,2,213,-211
113900004,8,127,-119
113900005,1,141,-140
113900006,2,42,-40
113900007,633,46,587
113900008,396,1,395
113900009,964,1,963
113900010,1058,8,1050
113900011,130,5,125
113900012,50,5,45
113900013,2724,41,2683
113900014,695,1,694
113900015,0,63,-63
113900016,56,0,56
113900017,2,90,-88
113900018,695,230,465
113900019,176,88,88
113900020,136,0,136
113900022,15,0,15
113900023,45,0,45
113900024,46,97,-51
113900025,354,38,316
113900026,71,0,71
113900027,4,85,-81
113900028,29,581,-552
113900029,70,259,-189
113900030,270,10,260
113900031,8,0,8
113900032,18,2,16
113900033,121,122,-1
113900035,59,1,58
113900036,30,141,-111
113900037,103,553,-450
113900038,86,177,-91
113900039,190,19,171
113900040,22,19,3
113900041,9,10,-1
113900042,94,41,53
113900043,333,213,120
113900044,309,305,4
113900045,96,4,92
113900046,264,791,-527
113900047,79,186,-107
113900048,292,130,162
113900049,904,500,404
113900050,389,422,-33
113900051,312,537,-225
113900052,217,173,44
113900053,901,685,216
113900054,29,5,24
113900055,80,648,-568
113900056,88,251,-163
113900057,24,183,-159
113900058,100,286,-186
113900059,244,473,-229
113900060,103,309,-206
113900061,1302,402,900
113900062,105,30,75
113900063,126,182,-56
113900064,67,207,-140
113900065,527,33,494
113900066,460,518,-58
113900067,154,387,-233
113900068,700,606,94
113900069,182,47,135
113900070,240,619,-379
113900071,89,95,-6
113900072,100,263,-163
113900073,254,587,-333
113900074,230,440,-210
113900075,1835,1577,258
113900076,204,16,188
113900077,77,302,-225
113900078,108,75,33
113900079,4,63,-59
113900080,648,263,385
113900081,92,348,-256
113900082,194,395,-201
113900083,331,634,-303
113900084,325,179,146
113900085,43,403,-360
113900086,28,21,7
113900087,75,151,-76
113900088,65,135,-70
113900089,536,51,485
113900090,796,524,272
113900091,22,35,-13
113900092,67,109,-42
113900093,132,893,-761
113900094,541,577,-36
113900095,159,156,3
113900096,361,72,289
113900097,93,136,-43
113900098,666,124,542
113900099,1,83,-82
113900100,0,3,-3
113900101,37,103,-66
113900102,172,164,8
113900103,412,338,74
113900104,127,343,-216
113900105,121,469,-348
113900106,1,87,-86
113900107,2,45,-43
113900108,330,312,18
113900109,407,214,193
113900110,58,24,34
113900111,168,137,31
113900112,201,132,69
113900113,1074,655,419
113900114,3,169,-166
113900115,0,108,-108
113900116,162,220,-58
113900117,343,39,304
113900118,282,452,-170
113900119,306,598,-292
113900120,64,68,-4
113900121,71,114,-43
113900122,398,2328,-1930
113900123,610,278,332
113900124,3,66,-63
113900125,1497,176,1321
113900126,229,74,155
113900127,334,775,-441
113900128,164,102,62
113900129,19,191,-172
113900130,2,27,-25
113900131,236,129,107
113900132,116,82,34
113900133,25,56,-31
113900135,450,476,-26
113900136,125,155,-30
113900137,504,379,125
113900138,48,238,-190
113900139,488,174,314
113900140,406,431,-25
113900141,556,529,27
113900142,187,100,87
113900143,10,37,-27
113900144,480,223,257
113900145,421,263,158
113900146,199,76,123
113900148,216,423,-207
113900149,187,121,66
113900150,1214,871,343
113900151,499,332,167
113900152,39,49,-10
113900153,602,837,-235
113900154,8,137,-129
113900155,300,203,97
113900156,293,624,-331
113900157,52,347,-295
113900158,755,463,292
113900159,19,269,-250
113900160,704,766,-62
113900161,70,305,-235
113900162,779,948,-169
113900163,425,397,28
113900164,447,70,377
113900165,781,589,192
113900166,349,273,76
113900167,350,67,283
113900168,176,153,23
113900169,350,512,-162
113900171,242,81,161
113900172,11,243,-232
113900173,57,761,-704
113900174,558,808,-250
113900175,467,181,286
113900176,395,819,-424
113900177,457,264,193
113900178,364,149,215
113900179,17,588,-571
113900180,209,132,77
113900181,852,164,688
113900182,926,1330,-404
113900183,104,137,-33
113900184,9,535,-526
113900185,265,112,153
113900186,39,60,-21
113900187,63,214,-151
113900188,71,217,-146
113900189,322,187,135
113900190,386,187,199
113900191,161,298,-137
113900192,16,783,-767
113900193,41,306,-265
113900194,2347,1529,818
113900195,383,565,-182
113900196,10,128,-118
113900197,2,277,-275
113900198,29,231,-202
113900199,161,987,-826
113900200,33,359,-326
113900201,0,290,-290
113900202,39,451,-412
113900203,1,171,-170
113900204,53,768,-715
113900205,16,216,-200
113900206,9,187,-178
113900207,0,80,-80
113900208,0,69,-69
113900209,3,114,-111
113900210,869,937,-68
113900211,300,89,211
113900212,236,689,-453
113900214,581,469,112
113900215,53,139,-86
113900216,123,1399,-1276
113900217,107,316,-209
113900218,148,61,87
113900219,109,468,-359
113900220,262,194,68
113900221,457,259,198
113900222,387,682,-295
113900223,162,1211,-1049
113900224,112,110,2
113900225,760,354,406
113900226,391,143,248
113900227,392,295,97
113900228,353,553,-200
113900229,77,872,-795
113900230,6080,3635,2445
113900231,222,236,-14
113900232,135,132,3
113900233,95,86,9
113900234,415,649,-234
113900235,116,44,72
113900236,122,448,-326
113900237,183,15,168
113900238,328,748,-420
113900239,97,118,-21
113900240,17,184,-167
113900241,169,75,94
113900242,59,200,-141
113900243,150,631,-481
113900244,544,316,228
113900245,1660,367,1293
113900246,35,35,0
113900247,240,507,-267
113900248,4135,2507,1628
113900249,1282,551,731
113900250,81,165,-84
113900251,811,255,556
113900252,677,21,656
113900253,1082,84,998
113900254,1062,199,863
113900255,557,29,528
113900256,442,33,409
113900257,28,757,-729
113900258,11,535,-524
113900259,678,192,486
113900260,241,24,217
113900261,37,108,-71
113900262,150,851,-701
113900263,228,832,-604
113900264,14,662,-648
113900265,163,370,-207
113900266,41,270,-229
113900267,179,658,-479
113900268,453,503,-50
113900269,63,192,-129
113900270,366,685,-319
113900271,787,1605,-818
113900273,61,19,42
113900274,93,34,59
113900275,42,71,-29
113900276,3,241,-238
113900277,178,6,172
113900278,333,199,134
113900279,85,101,-16
113900280,1742,636,1106
113900281,860,1671,-811
113900282,970,783,187
113900283,496,547,-51
113900284,1045,236,809
113900285,145,33,112
113900286,19,134,-115
113900287,52,146,-94
113900288,0,312,-312
113900289,1566,158,1408
113900290,489,250,239
113900291,152,219,-67
113900292,22,8,14
113900293,3,386,-383
113900294,610,30,580
113900295,585,470,115
113900296,2520,513,2007
113900297,2664,55,2609
113900298,25,2108,-2083
113900299,75,206,-131
113900300,7146,4259,2887
113900301,1260,583,677
113900302,2873,1213,1660
113900303,709,609,100
113900304,0,177,-177
113900305,76,0,76
113900306,28,0,28
113900307,140,0,140
113900308,131,167,-36
113900309,3,918,-915
113900310,0,17,-17
113900311,5,0,5
113900312,240,267,-27
113900313,23,17,6
114000001,1355,4409,-3054
114000002,306,447,-141
114000003,62,297,-235
114000004,428,441,-13
114000005,306,259,47
114000006,5061,3059,2002
114000007,1064,1834,-770
114000008,2094,2114,-20
114000009,909,325,584
114000011,3150,3945,-795
114000012,2671,2857,-186
114000013,1879,2611,-732
114000014,541,397,144
114000015,2547,583,1964
114000016,270,415,-145
114000017,137,457,-320
114000018,390,65,325
114000026,2036,1869,167
114000027,3693,2676,1017
114000028,2952,3255,-303
114000038,381,167,214
114000039,116,106,10
114000040,100,307,-207
114000042,158,233,-75
114000043,73,140,-67
114000044,209,64,145
114000045,78,126,-48
114000046,4149,6495,-2346
114000047,43,110,-67
114000048,114,46,68
114000049,2189,2027,162
114000050,2503,3199,-696
114000051,5300,2445,2855
114000052,5923,1908,4015
114000053,129,795,-666
114000054,307,1424,-1117
114000055,634,36,598
114000056,1486,1109,377
114000057,9593,2963,6630
114000058,758,2189,-1431
114000059,453,497,-44
114000060,960,1377,-417
114000061,4744,3498,1246
114000062,3317,1726,1591
114000063,3819,2164,1655
114000064,8966,4840,4126
114000065,2365,3439,-1074
114000066,620,753,-133
114000067,39,938,-899
114000068,651,970,-319
114000069,1481,728,753
114000070,3133,2212,921
114000071,1080,810,270
114000072,586,438,148
114000073,14,129,-115
114000074,51,12,39
114000075,41,188,-147
114000076,20,197,-177
114000077,15,77,-62
114000078,373,1041,-668
114000079,169,42,127
114000080,75,136,-61
114000081,61,91,-30
114000082,43,706,-663
114000083,70,370,-300
114000084,382,125,257
114000085,130,940,-810
114000086,305,617,-312
114000087,155,342,-187
114000088,65,63,2
114000089,1617,616,1001
114000090,964,838,126
114000091,2031,957,1074
114000092,1307,561,746
114000093,1694,949,745
114000094,493,466,27
114000095,493,150,343
114000096,257,632,-375
114000097,170,1019,-849
114000098,664,120,544
114000099,591,940,-349
114000100,1576,1016,560
114000101,532,1222,-690
114000102,555,518,37
114000103,146,693,-547
114000104,9,430,-421
114000105,186,77,109
114000106,1231,1209,22
114000107,358,168,190
114000108,2606,1466,1140
114000109,530,1323,-793
114000110,865,2027,-1162
114000111,1865,963,902
114000112,677,2245,-1568
114000113,1267,582,685
114000114,1630,1785,-155
114000115,2586,1117,1469
114000116,768,1756,-988
114000117,3316,581,2735
114000118,2731,607,2124
114000119,1940,556,1384
114000120,741,1109,-368
114000121,609,949,-340
114000122,499,347,152
114000123,2168,390,1778
114000124,1186,373,813
114000125,1017,1934,-917
114000126,1690,232,1458
114000127,223,278,-55
114000128,1005,654,351
114000130,612,629,-17
114000131,297,128,169
114000132,829,882,-53
114000133,1296,2001,-705
114000134,102,283,-181
114000138,117,305,-188
114000139,668,250,418
114000144,928,544,384
114000145,119,303,-184
114000146,154,456,-302
114000147,1544,2007,-463
114000148,2528,2288,240
114000149,512,388,124
114000150,1003,841,162
114000151,1057,1306,-249
114000152,217,37,180
114000153,1181,2314,-1133
114000154,1094,831,263
114000155,1659,2976,-1317
114000156,1281,717,564
114000157,375,1181,-806
114000158,2551,1153,1398
114000159,211,572,-361
114000160,175,389,-214
114000161,1975,3431,-1456
114000162,1355,2627,-1272
114000163,12,196,-184
114000165,637,282,355
114000166,942,391,551
114000167,4951,1864,3087
114000168,870,853,17
114000169,1912,1234,678
114000170,1527,1212,315
114000171,1130,3767,-2637
114000174,270,637,-367
114000176,814,517,297
114000177,2578,1106,1472
114000178,62,92,-30
114000179,1392,1054,338
114000180,610,888,-278
114000181,2120,4044,-1924
114000182,5599,2900,2699
114000183,1160,1308,-148
114000184,6670,1736,4934
114000185,1300,1062,238
114000189,911,151,760
114000190,2682,378,2304
114000191,61,83,-22
114000192,356,2126,-1770
114000193,1055,4255,-3200
114000194,1667,1361,306
114000195,208,25,183
114000196,3,368,-365
114000197,1335,112,1223
114000198,1614,465,1149
114000199,2723,1933,790
114000200,765,2437,-1672
114000201,278,1065,-787
114000202,1270,833,437
114000203,589,956,-367
114000204,175,590,-415
114000205,261,1931,-1670
114000206,601,1706,-1105
114000207,835,2459,-1624
114000208,653,3769,-3116
114000209,779,3472,-2693
114000210,447,1922,-1475
114000211,1201,1944,-743
114000212,1040,1070,-30
114000213,1579,826,753
114000214,110,339,-229
114000215,257,141,116
114000216,1852,379,1473
114000217,309,416,-107
114000218,113,342,-229
114000219,1632,373,1259
114000220,28,1439,-1411
114000221,851,251,600
114000222,233,1380,-1147
114000223,456,143,313
114000224,139,894,-755
114000225,229,836,-607
114000226,175,288,-113
114000227,1010,594,416
114000228,883,1053,-170
114000229,1355,1704,-349
114000230,1929,1657,272
114000231,1222,1718,-496
114000232,761,191,570
114000233,2212,179,2033
114000234,1436,1126,310
114000235,1187,1735,-548
114000236,3,583,-580
114000237,148,1364,-1216
114000238,169,250,-81
114000239,194,1806,-1612
114000240,988,954,34
114000241,310,1296,-986
114000242,1107,1176,-69
114000243,2021,1054,967
114000244,848,505,343
114000245,425,769,-344
114000246,287,40,247
114000247,806,861,-55
114000248,1375,714,661
114000249,611,690,-79
114000250,594,974,-380
114000251,441,399,42
114000252,109,101,8
114000253,91,142,-51
114000254,61,102,-41
114000255,864,316,548
114000256,2418,2403,15
114000257,564,1849,-1285
114000258,355,551,-196
114000259,188,335,-147
114000260,0,39,-39
114000261,89,34,55
114000262,198,272,-74
114000263,23,4,19
114000264,1435,825,610
114000265,0,0,0
114000267,1,1902,-1901
114000268,3,2108,-2105
114000270,221,8,213
114000271,729,67,662
114000283,1266,608,658
114000285,41,317,-276
114000288,70,446,-376
114000289,1476,142,1334
114000293,211,636,-425
114000294,176,454,-278
114000395,2210,86,2124
114000396,600,497,103
114000402,519,390,129
114000403,342,564,-222
114000405,158,648,-490
114000423,276,566,-290
114000424,509,220,289
114000425,678,585,93
114000426,326,1018,-692
114000427,53,93,-40
114000428,375,181,194
114000429,15,256,-241
114000432,110,157,-47
114000434,65,130,-65
114000435,8,231,-223
114900001,850,1478,-628
114900002,600,116,484
114900003,746,2001,-1255
114900004,275,445,-170
114900005,680,1146,-466
114900006,117,86,31
114900007,278,20,258
114900008,237,72,165
114900010,3431,3045,386
114900011,203,160,43
114900013,266,181,85
114900015,127,555,-428
114900018,1060,29,1031
114900020,303,116,187
114900022,5,848,-843
114900024,533,207,326
114900025,562,275,287
114900026,108,125,-17
114900027,309,269,40
114900029,60,26,34
114900030,476,264,212
114900031,433,35,398
114900032,406,80,326
114900033,1737,859,878
114900034,62,318,-256
114900035,195,347,-152
114900036,328,1056,-728
114900037,130,312,-182
114900038,227,999,-772
114900039,652,837,-185
114900040,117,278,-161
114900041,886,811,75
114900042,946,981,-35
114900043,1020,382,638
114900044,174,44,130
114900046,70,206,-136
114900047,302,2274,-1972
114900048,117,361,-244
114900049,7,269,-262
114900050,82,642,-560
114900051,35,531,-496
114900052,79,267,-188
114900053,97,450,-353
114900054,57,224,-167
114900057,305,17,288
114900058,0,118,-118
114900059,108,64,44
114900060,1917,1047,870
114900061,175,238,-63
114900062,454,468,-14
114900063,58,345,-287
114900064,1441,688,753
114900065,504,1041,-537
114900067,58,516,-458
114900068,68,216,-148
114900069,282,180,102
114900070,720,563,157
114900072,7,337,-330
114900073,0,270,-270
114900074,604,979,-375
114900075,310,11,299
114900076,12,443,-431
114900080,2839,584,2255
114900082,4687,2584,2103
114900083,1560,1545,15
114900090,479,288,191
114900091,132,274,-142
114900095,510,164,346
114900096,728,968,-240
114900097,165,0,165
114900098,4,294,-290
114900099,239,10,229
115000001,8951,6060,2891
115000002,4274,4796,-522
115000003,5935,4663,1272
115000004,4451,6786,-2335
115000005,2010,3239,-1229
115000006,1234,1978,-744
115000007,87,243,-156
115000008,568,619,-51
115000009,325,370,-45
115000010,469,229,240
115000013,106,253,-147
115000015,71,375,-304
115000016,276,342,-66
115000019,27,568,-541
115000020,185,800,-615
115000021,335,579,-244
115000022,660,437,223
115000023,445,687,-242
115000024,1487,659,828
115000025,1029,851,178
115000026,192,527,-335
115000027,326,384,-58
115000028,248,1102,-854
115000029,744,189,555
115000030,1089,1257,-168
115000031,1353,543,810
115000032,8,294,-286
115000033,181,43,138
115000034,171,1351,-1180
115000035,1285,54,1231
115000036,2,472,-470
115000037,679,16,663
115000038,61,177,-116
115000039,4385,3639,746
115000040,7954,3832,4122
115000041,1736,3667,-1931
115000042,1135,907,228
115000043,4000,2988,1012
115000044,4365,4908,-543
115000045,3155,2539,616
115000046,2424,3283,-859
115000047,2173,2051,122
115000048,1881,3159,-1278
115000049,2001,4566,-2565
115000050,3890,2306,1584
115000051,2077,3372,-1295
115000052,3398,2476,922
115000053,1891,2138,-247
115000054,787,1755,-968
115000055,148,473,-325
115000056,210,597,-387
115000057,901,839,62
115000058,557,239,318
115000059,270,199,71
115000061,456,154,302
115000062,305,362,-57
115000063,413,447,-34
115000064,308,137,171
115000065,43,601,-558
115000067,232,38,194
115000069,118,339,-221
115000070,31,1359,-1328
115000071,164,21,143
115000072,13,88,-75
115000073,1625,115,1510
115000075,98,110,-12
115000076,4633,3780,853
115000077,2189,3653,-1464
115000078,1605,2086,-481
115000079,1566,2624,-1058
115000080,2563,3216,-653
115000081,604,1159,-555
115000082,4469,4509,-40
115000083,2499,3130,-631
115000084,2409,1556,853
115000085,801,1277,-476
115000086,1197,1008,189
115000087,555,2191,-1636
115000088,2090,832,1258
115000089,1907,1605,302
115000090,718,1021,-303
115000091,334,1167,-833
115000092,488,488,0
115000093,548,2,546
115000094,9506,6280,3226
115000095,6810,6715,95
115000096,780,2363,-1583
115000097,926,1214,-288
115000098,1164,1020,144
115000099,2952,3821,-869
115000100,1301,608,693
115000101,621,1939,-1318
115000102,553,256,297
115000103,454,892,-438
115000105,59,227,-168
115000106,615,447,168
115000107,209,631,-422
115000108,4433,3142,1291
115000109,5958,4579,1379
115000110,1706,1536,170
115000111,782,2105,-1323
115000112,778,793,-15
115000113,777,1118,-341
115000114,1734,973,761
115000116,4907,2302,2605
115000117,4803,3782,1021
115000118,2861,2160,701
115000119,2629,2824,-195
115000120,728,1440,-712
115000121,1912,1190,722
115000122,4661,2546,2115
115000123,2123,2640,-517
115000124,1179,1372,-193
115000125,657,734,-77
115000126,228,407,-179
115000127,610,180,430
115000128,984,1056,-72
115000129,385,465,-80
115000130,418,1184,-766
115000131,903,421,482
115000132,230,621,-391
115000133,663,370,293
115000134,397,279,118
115000135,515,304,211
115000136,399,278,121
115000137,278,243,35
115000138,309,316,-7
115000139,355,276,79
115000140,333,277,56
115000141,252,407,-155
115000142,191,413,-222
115000143,655,682,-27
115000144,490,96,394
115000145,256,578,-322
115000146,551,319,232
115000147,601,630,-29
115000148,376,1702,-1326
115000149,727,270,457
115000150,922,1570,-648
115000151,1371,656,715
115000152,765,1818,-1053
115000153,1267,685,582
115000154,1060,453,607
115000155,813,1459,-646
115000156,1411,849,562
115000157,1170,1160,10
115000158,1127,497,630
115000159,1008,681,327
115000160,852,842,10
115000161,666,738,-72
115000162,835,815,20
115000163,690,694,-4
115000164,878,671,207
115000165,574,471,103
115000167,184,88,96
115000168,829,361,468
115000169,901,386,515
115000170,287,149,138
115000171,377,235,142
115000172,1908,842,1066
115000173,502,647,-145
115000174,327,345,-18
115000175,397,82,315
115000176,207,100,107
115000177,286,138,148
115000178,45,324,-279
115000179,36,34,2
115000180,176,995,-819
115000181,759,175,584
115000182,965,479,486
115000183,382,1208,-826
115000186,776,348,428
115000187,222,1005,-783
115000188,417,714,-297
115000189,318,555,-237
115000190,1066,664,402
115000191,446,640,-194
115000194,286,201,85
115000195,476,373,103
115000196,131,146,-15
115000197,269,441,-172
115000198,317,255,62
115000199,433,356,77
115000200,453,139,314
115000201,167,505,-338
115000206,449,93,356
115000207,126,470,-344
115000208,663,798,-135
115000209,671,316,355
115000210,218,171,47
115000211,256,309,-53
115000212,2267,403,1864
115000224,544,73,471
115000225,57,119,-62
115000229,309,244,65
115000230,141,478,-337
115000231,365,2548,-2183
115000232,1672,424,1248
115000233,164,258,-94
115000234,26,401,-375
115000241,68,300,-232
115000242,142,402,-260
115000243,35,326,-291
115000244,8,135,-127
115000246,44,18,26
115000247,37,22,15
115000248,29,33,-4
115000249,59,19,40
115000250,417,50,367
115000251,276,167,109
115000252,123,242,-119
115000253,22,466,-444
115000258,367,199,168
115000259,437,172,265
115000261,37,18,19
115000262,8,20,-12
115000263,19,57,-38
115000264,58,47,11
115000267,94,102,-8
115000268,26,183,-157
115000269,137,75,62
115000270,4,16,-12
115000272,90,215,-125
115000273,480,55,425
115000280,2586,224,2362
115000281,692,801,-109
115000282,1733,976,757
115000284,460,272,188
115000296,1424,42,1382
115000297,365,157,208
115000298,108,527,-419
115000300,347,213,134
115000302,771,248,523
115000303,878,212,666
115000304,916,135,781
115000305,110,1156,-1046
115000306,202,507,-305
115000307,127,277,-150
115000308,40,28,12
115000309,23,91,-68
115000310,1174,1214,-40
115000311,827,1571,-744
115000313,167,948,-781
115000314,493,174,319
115000315,1234,592,642
115000316,52,148,-96
115000317,282,709,-427
115000318,1091,422,669
115000319,95,405,-310
115000320,11,359,-348
115000321,628,16,612
115000322,52,346,-294
115000449,327,238,89
115000557,3,1417,-1414
115000558,672,76,596
115000587,715,506,209
115000588,3161,3989,-828
115000589,4393,3163,1230
115000590,1410,1707,-297
115000591,2103,1010,1093
115000592,1057,2303,-1246
115000593,1860,823,1037
115000594,1047,2955,-1908
115000609,208,297,-89
115000617,2810,4141,-1331
115000624,286,115,171
115000633,550,2604,-2054
115000634,3312,1183,2129
115000635,684,179,505
115000638,1431,899,532
115000641,77,217,-140
115000642,373,344,29
115000643,148,706,-558
115000644,173,569,-396
115000646,1011,1722,-711
115000647,215,583,-368
115000648,1979,2196,-217
115000893,3889,1734,2155
115000894,155,1395,-1240
115000895,583,991,-408
115000896,1692,469,1223
115000897,670,141,529
115000898,770,256,514
115000899,955,1581,-626
115000900,163,556,-393
115000901,118,192,-74
115000912,493,123,370
115000913,7,47,-40
115000915,83,4,79
115000916,10,0,10
115000917,0,31,-31
115000918,74,374,-300
115000919,11,15,-4
115000920,171,79,92
115000921,1084,223,861
115000922,2245,1007,1238
115000923,795,1029,-234
115000925,99,100,-1
115000927,79,82,-3
115000933,601,250,351
115000934,190,303,-113
115000935,146,179,-33
115000936,59,833,-774
115000937,1193,246,947
115000938,173,260,-87
115000939,160,163,-3
115900001,110,51,59
115900002,97,188,-91
115900003,200,169,31
115900004,3,74,-71
115900005,173,9,164
115900006,197,466,-269
115900008,68,11,57
115900009,88,384,-296
115900010,345,213,132
115900011,581,363,218
115900012,177,138,39
115900013,586,202,384
115900014,116,202,-86
115900015,108,109,-1
115900016,69,50,19
115900017,14,7,7
115900018,236,90,146
115900019,356,42,314
115900020,43,0,43
115900021,1898,217,1681
115900022,2595,14,2581
115900023,59,2,57
115900025,97,354,-257
115900026,1111,314,797
115900027,3,389,-386
115900028,681,79,602
115900029,15,491,-476
115900030,64,29,35
115900031,397,386,11
115900032,607,989,-382
115900033,0,59,-59
115900034,30,599,-569
115900035,75,22,53
115900036,171,751,-580
115900037,64,545,-481
115900038,66,14,52
115900039,190,345,-155
115900041,625,595,30
115900042,26,8,18
115900043,102,127,-25
115900044,318,392,-74
115900046,258,325,-67
115900047,146,139,7
115900049,231,259,-28
115900051,2,51,-49
115900052,9,317,-308
115900053,244,296,-52
115900054,199,50,149
115900055,21,176,-155
115900056,271,401,-130
115900057,88,8,80
115900058,46,80,-34
115900060,121,190,-69
115900061,296,0,296
115900062,34,390,-356
115900063,62,21,41
115900064,196,284,-88
115900065,131,124,7
115900066,236,215,21
115900067,10,861,-851
115900068,4121,944,3177
115900069,67,227,-160
115900070,215,244,-29
115900071,4,638,-634
115900072,54,228,-174
115900073,57,85,-28
115900074,6,412,-406
115900075,21,291,-270
115900076,2,98,-96
115900077,14,328,-314
115900078,30,160,-130
115900079,218,18,200
115900080,720,308,412
115900081,27,92,-65
115900082,173,174,-1
115900084,396,31,365
115900085,92,81,11
115900086,1880,628,1252
115900088,32,67,-35
115900089,304,819,-515
115900090,310,30,280
115900091,14,25,-11
115900092,16,218,-202
115900093,15,44,-29
115900094,5,489,-484
115900096,6,30,-24
115900097,7,527,-520
115900098,197,543,-346
115900099,137,52,85
115900100,17,734,-717
115900101,160,472,-312
115900102,45,94,-49
115900103,404,264,140
115900104,70,174,-104
115900105,258,875,-617
115900106,62,37,25
115900107,76,168,-92
115900108,88,60,28
115900109,74,501,-427
115900110,2,46,-44
115900111,6,104,-98
115900112,52,1218,-1166
115900113,45,33,12
115900114,5,179,-174
115900115,96,311,-215
115900116,139,1248,-1109
115900117,91,38,53
115900118,2,372,-370
115900119,195,151,44
115900120,30,527,-497
115900121,227,345,-118
115900124,229,767,-538
115900125,315,66,249
115900126,828,129,699
115900127,703,64,639
115900128,6,88,-82
115900129,773,61,712
115900130,39,254,-215
115900131,350,29,321
115900132,521,18,503
115900134,390,23,367
115900135,660,1238,-578
115900137,32,3,29
115900139,132,97,35
115900140,218,42,176
115900141,9,45,-36
115900142,12,45,-33
115900143,274,423,-149
115900144,131,294,-163
115900146,6,166,-160
115900147,369,377,-8
115900148,60,16,44
115900149,81,30,51
115900150,114,73,41
115900151,14,92,-78
115900152,156,471,-315
115900153,147,360,-213
115900154,717,443,274
115900155,0,123,-123
115900156,697,1029,-332
115900157,206,686,-480
115900158,34,24,10
115900159,149,374,-225
115900160,24,10,14
115900161,137,223,-86
115900163,195,159,36
115900164,603,78,525
115900166,245,284,-39
115900168,114,246,-132
115900171,163,544,-381
115900172,64,156,-92
115900173,295,241,54
115900174,400,253,147
115900175,124,233,-109
115900178,11,732,-721
115900179,285,17,268
115900180,70,274,-204
115900181,167,266,-99
115900182,364,278,86
115900183,150,51,99
115900184,2065,25,2040
115900187,12,137,-125
115900189,1,216,-215
115900190,728,1517,-789
115900191,48,455,-407
115900192,18,102,-84
115900193,134,180,-46
115900194,685,81,604
115900195,812,2032,-1220
115900198,264,370,-106
115900199,216,297,-81
115900200,380,405,-25
115900201,567,339,228
115900202,6,73,-67
115900203,27,5,22
115900204,0,1,-1
115900205,190,19,171
115900206,209,174,35
115900207,26,23,3
115900208,155,262,-107
115900209,7,201,-194
115900210,3,163,-160
115900211,2,257,-255
115900212,167,333,-166
115900213,134,95,39
115900214,433,290,143
115900215,31,111,-80
115900216,8,119,-111
115900217,1,69,-68
115900218,3,46,-43
115900219,117,3,114
115900220,148,24,124
115900221,83,32,51
115900222,55,27,28
115900223,17,279,-262
115900224,1496,1003,493
115900225,74,50,24
115900226,24,55,-31
115900227,7,69,-62
115900228,10,44,-34
115900229,10,62,-52
115900230,89,152,-63
115900231,136,6,130
115900232,85,7,78
115900233,92,14,78
115900234,78,38,40
115900235,59,45,14
115900236,35,23,12
115900237,27,34,-7
115900238,29,37,-8
115900239,22,39,-17
115900240,17,68,-51
115900241,268,159,109
115900242,288,463,-175
115900243,10,7,3
115900244,16,13,3
115900245,36,32,4
115900246,11,6,5
115900247,31,7,24
115900248,14,10,4
115900249,10,17,-7
115900250,7,25,-18
115900251,0,9,-9
115900252,4,5,-1
115900253,17,14,3
115900254,29,36,-7
115900255,16,29,-13
115900256,34,41,-7
115900257,8,14,-6
115900258,0,4,-4
115900259,12,2,10
115900260,14,1,13
115900261,10,4,6
115900262,2,3,-1
115900263,17,10,7
115900264,12,12,0
115900265,2,10,-8
115900266,6,24,-18
115900267,11,14,-3
115900268,12,12,0
115900269,492,514,-22
115900270,451,728,-277
115900271,154,0,154
115900272,30,6,24
115900273,2,16,-14
115900274,1,8,-7
115900275,3,17,-14
115900276,0,63,-63
115900277,0,106,-106
115900278,68,131,-63
115900279,24,214,-190
115900280,22,389,-367
115900281,522,284,238
115900282,27,8,19
115900283,11,20,-9
115900284,16,14,2
116000001,17326,7090,10236
116000002,6035,12719,-6684
116000003,2288,2448,-160
116000004,3215,4391,-1176
116000005,4719,4576,143
116000006,4326,2300,2026
116000007,4280,5532,-1252
116000008,5741,2623,3118
116000009,2179,3463,-1284
116000010,2817,1830,987
116000011,1234,2469,-1235
116000012,1432,1130,302
116000013,17325,6273,11052
116000014,20452,15576,4876
116000015,469,1923,-1454
116000016,9509,4714,4795
116000017,51,999,-948
116000018,881,652,229
116000019,1553,435,1118
116000020,726,1589,-863
116000021,598,469,129
116000022,439,526,-87
116000023,1397,1139,258
116000024,756,1307,-551
116000025,1227,797,430
116000026,2526,3051,-525
116000027,1831,801,1030
116000028,611,1150,-539
116000029,1326,926,400
116000030,921,738,183
116000031,180,334,-154
116000032,469,313,156
116000033,520,690,-170
116000034,1505,1384,121
116000035,698,1137,-439
116000036,2330,1126,1204
116000037,845,797,48
116000038,730,437,293
116000039,688,292,396
116000040,1963,352,1611
116000041,328,548,-220
116000042,716,298,418
116000043,79,651,-572
116000044,10,71,-61
116000045,2622,1998,624
116000046,1785,1841,-56
116000047,3517,4293,-776
116000048,3459,2516,943
116000049,1485,3274,-1789
116000050,1708,2543,-835
116000051,6940,3056,3884
116000052,7546,6234,1312
116000053,2909,1693,1216
116000054,1207,3525,-2318
116000055,820,1839,-1019
116000056,1130,1778,-648
116000057,5288,2534,2754
116000058,4086,2779,1307
116000059,3401,6166,-2765
116000060,3305,1167,2138
116000061,869,1309,-440
116000062,1065,291,774
116000063,1023,1520,-497
116000066,336,821,-485
116000067,265,710,-445
116000068,435,443,-8
116000069,279,525,-246
116000078,548,1430,-882
116000080,2144,1322,822
116000082,4,116,-112
116000083,1689,513,1176
116000084,2854,5050,-2196
116000085,2779,1828,951
116000086,2531,1800,731
116000087,2008,1624,384
116000088,1173,1467,-294
116000089,232,99,133
116000090,146,222,-76
116000091,276,281,-5
116000093,645,663,-18
116000094,841,1021,-180
116000095,850,826,24
116000096,966,1892,-926
116000097,862,1098,-236
116000098,328,7060,-6732
116000099,9969,458,9511
116000100,217,36,181
116000101,811,1363,-552
116000102,312,1854,-1542
116000103,506,338,168
116000104,295,2000,-1705
116000105,1398,266,1132
116000106,569,1323,-754
116000107,2452,547,1905
116000108,452,200,252
116000111,193,33,160
116000113,135,154,-19
116000114,61,222,-161
116000115,402,190,212
116000116,369,744,-375
116000117,1848,2899,-1051
116000118,1676,1896,-220
116000119,3426,2648,778
116000120,3641,5910,-2269
116000121,909,710,199
116000122,1587,2565,-978
116000123,1097,593,504
116000124,537,1469,-932
116000125,3012,891,2121
116000126,436,2257,-1821
116000127,1470,1964,-494
116000128,1860,1179,681
116000129,1245,223,1022
116000130,570,473,97
116000133,872,1337,-465
116000134,2499,3392,-893
116000135,2913,2002,911
116000136,1500,2932,-1432
116000137,1415,911,504
116000138,960,732,228
116000139,2566,2922,-356
116000140,292,268,24
116000141,470,1108,-638
116000142,4522,4697,-175
116000143,2312,2280,32
116000144,1764,3222,-1458
116000145,2125,1762,363
116000146,584,416,168
116000147,530,136,394
116000148,605,578,27
116000149,834,757,77
116000151,939,1017,-78
116000153,179,922,-743
116000155,273,508,-235
116000156,720,1552,-832
116000157,57,37,20
116000158,419,543,-124
116000159,10,16,-6
116000160,19,140,-121
116000161,6,122,-116
116000162,90,141,-51
116000163,28,18,10
116000164,62,21,41
116000177,281,129,152
116000194,114,599,-485
116000195,2169,888,1281
116000196,25,12,13
116000197,18,24,-6
116000198,3346,1570,1776
116000200,969,640,329
116000201,796,881,-85
116000202,14,335,-321
116000203,2,157,-155
116000204,10,94,-84
116000205,0,267,-267
116000206,0,124,-124
116000207,5,41,-36
116000233,290,777,-487
116000287,184,712,-528
116000288,232,318,-86
116000292,144,213,-69
116000296,27,295,-268
116000297,129,14,115
116000304,150,80,70
116000305,35,115,-80
116000346,291,207,84
116000352,176,58,118
116000354,115,19,96
116000357,53,40,13
116000358,363,67,296
116000361,88,2,86
116000372,10611,4699,5912
116000381,115,1,114
116000388,2,74,-72
116000389,1144,785,359
116000445,386,884,-498
116000446,639,1075,-436
116000447,20,675,-655
116000448,781,307,474
116000563,1229,1100,129
116000565,96,583,-487
116000568,76,378,-302
116000579,40,181,-141
116000584,26,14,12
116000585,29,21,8
116000586,160,117,43
116000587,890,848,42
116000589,53,76,-23
116000590,75,79,-4
116000591,235,328,-93
116000592,21,146,-125
116000593,0,38,-38
116000594,588,607,-19
116000595,822,200,622
116000596,186,16,170
116000597,473,107,366
116000598,17,276,-259
116000602,65,781,-716
116000605,305,179,126
116000606,77,259,-182
116000607,11,105,-94
116000609,335,1172,-837
116000611,156,696,-540
116000612,814,2389,-1575
116000613,661,453,208
116000614,535,897,-362
116000615,1,348,-347
116000616,67,150,-83
116000617,99,91,8
116000618,5,204,-199
116000619,31,62,-31
116000620,113,105,8
116000621,42,174,-132
116000622,79,227,-148
116000624,137,88,49
116000627,67,81,-14
116000628,70,715,-645
116000629,47,626,-579
116000630,481,84,397
116000631,242,137,105
116000632,557,528,29
116000633,54,615,-561
116000634,496,58,438
116000635,4526,2602,1924
116000636,1688,1371,317
116000637,536,34,502
116000638,41,613,-572
116900001,242,161,81
116900002,308,2,306
116900003,37,98,-61
116900004,88,61,27
116900005,313,85,228
116900006,167,154,13
116900007,152,201,-49
116900008,419,472,-53
116900009,20,15,5
116900010,6,2107,-2101
116900011,14,40,-26
116900012,216,232,-16
116900013,13,236,-223
116900014,84,404,-320
116900015,381,81,300
116900016,215,8,207
116900017,9,882,-873
116900018,97,96,1
116900019,20,505,-485
116900020,1958,1101,857
116900023,61,14,47
116900024,680,90,590
116900025,1390,1314,76
116900026,236,992,-756
116900027,48,102,-54
116900028,2,179,-177
116900029,0,56,-56
116900031,1,9,-8
116900032,7,482,-475
116900033,14,25,-11
116900034,8,100,-92
116900035,187,319,-132
116900036,3,127,-124
116900038,23,7,16
116900041,47,23,24
116900042,1090,362,728
116900043,26,108,-82
116900047,100,129,-29
116900049,51,438,-387
116900050,163,679,-516
116900051,108,295,-187
116900052,289,144,145
116900055,0,13,-13
116900057,21,364,-343
116900058,52,579,-527
116900059,2,212,-210
116900060,250,245,5
116900062,0,8,-8
116900064,100,1052,-952
116900065,24,169,-145
116900067,114,179,-65
116900068,173,398,-225
116900070,2,3,-1
116900072,23,592,-569
116900073,26,174,-148
116900074,5,72,-67
116900076,12,32,-20
116900077,15,214,-199
116900078,278,187,91
116900079,67,402,-335
116900080,18,23,-5
116900081,519,1882,-1363
116900082,566,1268,-702
116900083,65,83,-18
116900084,236,83,153
116900085,45,198,-153
116900086,70,287,-217
116900088,596,112,484
116900090,212,99,113
116900091,364,102,262
116900092,96,949,-853
116900093,2161,2860,-699
116900094,6762,5726,1036
116900095,468,137,331
116900096,106,265,-159
116900097,5197,3174,2023
116900098,1117,375,742
116900099,995,811,184
116900100,1232,45,1187
116900101,343,745,-402
116900103,9,1,8
116900104,73,116,-43
116900105,390,153,237
116900106,2175,321,1854
116900107,5692,2983,2709
116900110,19,2,17
116900111,461,1095,-634
116900112,286,1457,-1171
116900113,3429,1747,1682
116900116,209,499,-290
116900117,105,143,-38
116900118,1071,1008,63
116900120,281,162,119
116900121,87,35,52
116900122,754,987,-233
116900123,220,1050,-830
116900124,184,1481,-1297
116900125,359,282,77
116900126,274,803,-529
116900128,0,38,-38
116900129,1,542,-541
116900130,1145,4075,-2930
116900131,143,350,-207
116900132,60,140,-80
116900133,131,154,-23
116900134,356,325,31
116900136,311,210,101
116900137,403,200,203
116900138,254,256,-2
116900139,136,448,-312
116900140,219,244,-25
116900141,842,484,358
116900142,3,67,-64
116900143,332,652,-320
116900144,47,76,-29
116900145,157,439,-282
116900147,889,433,456
116900148,9,39,-30
116900149,41,262,-221
116900150,17,14,3
116900151,53,24,29
116900153,151,95,56
116900154,970,579,391
116900155,110,96,14
116900157,520,461,59
116900158,712,274,438
116900159,60,416,-356
116900160,2851,511,2340
116900161,10293,7056,3237
116900162,48,202,-154
116900163,278,249,29
116900164,217,72,145
116900165,325,185,140
116900166,45,146,-101
116900167,545,82,463
116900168,474,108,366
116900169,1293,433,860
116900170,327,452,-125
116900171,66,284,-218
116900172,397,287,110
116900173,272,74,198
116900174,35,51,-16
116900175,324,181,143
116900178,26,200,-174
116900179,131,313,-182
116900180,128,37,91
116900182,496,306,190
116900183,220,137,83
116900185,32,31,1
116900186,120,347,-227
116900187,48,70,-22
116900188,209,41,168
116900189,73,1,72
116900191,569,670,-101
116900192,271,219,52
116900194,154,1253,-1099
116900195,76,23,53
116900196,19,119,-100
116900197,99,7,92
116900198,280,265,15
116900200,63,59,4
116900201,90,14,76
116900202,214,91,123
116900203,191,7,184
116900204,49,129,-80
116900205,0,0,0
116900206,16,35,-19
116900207,36,47,-11
116900208,17,168,-151
116900209,31,155,-124
116900210,663,335,328
116900211,221,12,209
116900212,105,120,-15
116900213,215,249,-34
116900214,225,188,37
116900215,39,120,-81
116900216,402,368,34
116900218,10,380,-370
116900219,1599,546,1053
116900220,121,304,-183
116900221,102,464,-362
116900222,471,424,47
116900223,117,338,-221
116900226,84,100,-16
116900227,290,102,188
116900228,355,353,2
116900230,47,370,-323
116900231,33,610,-577
116900232,14,683,-669
116900233,227,138,89
116900234,17,10,7
116900235,198,376,-178
116900238,1892,540,1352
116900239,1,1376,-1375
116900240,8605,5011,3594
116900241,78,358,-280
116900242,447,468,-21
116900243,1,51,-50
116900245,38,19,19
116900246,124,6,118
116900247,726,24,702
116900248,124,76,48
116900249,371,199,172
116900250,394,97,297
116900251,662,536,126
116900252,158,1229,-1071
116900253,202,169,33
116900254,39,128,-89
116900255,102,72,30
116900256,302,163,139
116900257,28,742,-714
116900258,5,402,-397
116900259,180,7,173
116900260,4,169,-165
116900261,57,2,55
116900262,168,182,-14
116900263,0,13,-13
116900264,1,3,-2
116900265,23,0,23
116900266,12,60,-48
116900267,1,2,-1
116900268,90,6,84
116900269,354,686,-332
116900271,2439,273,2166
116900272,537,728,-191
116900273,363,88,275
116900274,134,119,15
116900275,191,202,-11
116900276,1263,126,1137
116900277,943,53,890
116900278,2,18,-16
116900279,1,18,-17
116900280,26,39,-13
116900281,9356,5271,4085
116900282,5,192,-187
116900283,14,181,-167
116900284,17,269,-252
116900285,428,448,-20
116900286,255,29,226
116900287,10,85,-75
116900288,50,155,-105
116900289,16,42,-26
116900290,6,73,-67
116900291,29,7,22
116900292,0,14,-14
116900293,47,93,-46
116900294,62,223,-161
116900295,616,61,555
116900296,260,74,186
116900297,12,120,-108
116900298,142,67,75
116900299,235,61,174
116900300,6,104,-98
116900301,92,105,-13
116900302,75,69,6
116900303,441,91,350
116900304,0,208,-208
116900305,47,131,-84
116900306,142,187,-45
117000001,2536,2384,152
117000002,3009,7069,-4060
117000003,10396,4158,6238
117000004,6500,7860,-1360
117000005,3035,2453,582
117000006,1924,5162,-3238
117000007,4805,1855,2950
117000008,1639,6359,-4720
117000009,6341,2775,3566
117000010,3898,6506,-2608
117000011,2612,2646,-34
117000012,1881,2323,-442
117000013,2651,1365,1286
117000014,2192,3698,-1506
117000015,4506,1760,2746
117000016,837,76,761
117000017,1051,174,877
117000018,386,646,-260
117000019,604,8,596
117000020,615,1958,-1343
117000021,3149,878,2271
117000022,807,115,692
117000023,1050,193,857
117000024,952,136,816
117000025,1784,630,1154
117000026,5391,1313,4078
117000027,3541,3041,500
117000028,6110,1711,4399
117000030,1021,723,298
117000031,546,326,220
117000032,3130,1819,1311
117000033,1695,1259,436
117000034,504,504,0
117000035,427,369,58
117000036,589,571,18
117000037,308,309,-1
117000038,387,866,-479
117000039,573,373,200
117000040,273,1530,-1257
117000041,1309,235,1074
117000044,28,1220,-1192
117000045,591,118,473
117000046,849,984,-135
117000047,1243,864,379
117000048,2850,1929,921
117000049,180,784,-604
117000050,205,2686,-2481
117000051,2294,178,2116
117000052,38,502,-464
117000053,465,97,368
117000054,1966,9,1957
117000055,24,4273,-4249
117000056,681,24,657
117000057,846,3356,-2510
117000060,629,2611,-1982
117000061,2501,1444,1057
117000062,358,737,-379
117000063,2833,1086,1747
117000064,1103,1199,-96
117000066,1726,1007,719
117000067,219,623,-404
117000074,219,249,-30
117000076,93,52,41
117000077,160,154,6
117000078,169,1007,-838
117000079,453,334,119
117000080,2,514,-512
117000081,1329,167,1162
117000082,33,98,-65
117000083,222,23,199
117000084,536,2,534
117000085,318,903,-585
117000086,1269,706,563
117000087,122,725,-603
117000088,330,320,10
117000089,1962,433,1529
117000090,396,1765,-1369
117000091,948,434,514
117000092,505,2092,-1587
117000093,1432,953,479
117000094,1607,3846,-2239
117000095,4075,1125,2950
117000096,775,3370,-2595
117000097,1633,1607,26
117000098,3356,6862,-3506
117000099,3924,1558,2366
117000100,183,359,-176
117000101,289,1749,-1460
117000102,1813,900,913
117000103,1088,2595,-1507
117000104,1813,891,922
117000105,1053,2339,-1286
117000106,1441,963,478
117000107,614,2732,-2118
117000108,1868,1202,666
117000109,2545,3659,-1114
117000110,1894,1411,483
117000111,5207,6734,-1527
117000112,4199,2437,1762
117000113,153,344,-191
117000114,180,163,17
117000115,87,159,-72
117000116,137,304,-167
117000117,2646,909,1737
117000118,533,215,318
117000119,1820,223,1597
117000120,618,476,142
117000121,204,1658,-1454
117000122,634,1873,-1239
117000123,2736,62,2674
117000124,1129,86,1043
117000125,751,90,661
117000126,144,41,103
117000127,293,454,-161
117000128,596,1082,-486
117000129,896,603,293
117000130,308,7,301
117000131,2,158,-156
117000132,2910,87,2823
117000133,1663,200,1463
117000134,2,65,-63
117000135,6,28,-22
117000136,2,50,-48
117000137,107,122,-15
117000138,8,866,-858
117000140,691,2304,-1613
117000141,2133,801,1332
117000181,923,441,482
117000182,409,703,-294
117000195,242,1463,-1221
117000196,331,136,195
117000225,365,16,349
117000226,24,198,-174
117000276,285,12,273
117000277,1,626,-625
117000310,3056,3954,-898
117000315,76,2172,-2096
117000320,183,4,179
117000906,372,19,353
117000907,6,507,-501
117000908,167,16,151
117000909,81,39,42
117000910,186,180,6
117000911,123,291,-168
117000915,11,836,-825
117000916,33,6,27
117000917,1323,52,1271
117000918,54,90,-36
117000919,14,166,-152
117000920,2,1671,-1669
117000921,8,1987,-1979
117000922,85,167,-82
117000924,594,1284,-690
117000926,1297,124,1173
117000927,2859,845,2014
117000928,1,235,-234
117000929,259,667,-408
117000930,209,23,186
117000931,632,169,463
117900002,267,602,-335
117900003,973,588,385
117900005,11,95,-84
117900006,0,47,-47
117900007,197,171,26
117900008,2,51,-49
117900010,620,94,526
117900011,82,51,31
117900012,75,182,-107
117900013,2,351,-349
117900014,991,139,852
117900015,34,163,-129
117900016,1965,916,1049
117900017,1216,433,783
117900018,286,101,185
117900019,551,439,112
117900020,73,505,-432
117900021,45,120,-75
117900022,32,17,15
117900023,835,647,188
117900024,183,121,62
117900025,65,9,56
117900026,392,481,-89
117900028,189,11,178
117900029,278,1173,-895
117900030,534,405,129
117900031,594,193,401
117900032,956,743,213
117900033,235,1105,-870
117900034,75,73,2
117900035,295,88,207
117900036,326,677,-351
117900037,121,160,-39
117900038,44,413,-369
117900039,2,71,-69
117900040,111,647,-536
117900041,8,54,-46
117900042,5966,626,5340
117900043,56,68,-12
117900044,24,5732,-5708
117900045,272,183,89
117900048,312,430,-118
117900049,278,868,-590
117900050,11,66,-55
117900051,392,2,390
117900052,95,499,-404
117900053,1593,947,646
117900054,0,30,-30
117900055,222,575,-353
117900056,754,41,713
117900057,1327,1639,-312
117900058,208,28,180
117900059,656,124,532
117900060,1924,6998,-5074
117900061,66,478,-412
117900063,486,317,169
117900065,873,1526,-653
117900066,15,105,-90
117900067,514,279,235
117900069,1085,482,603
117900070,814,25,789
117900071,215,199,16
117900073,493,452,41
117900074,953,35,918
117900075,102,95,7
117900076,28,60,-32
117900077,356,149,207
117900078,355,739,-384
117900080,260,77,183
117900081,615,497,118
117900082,525,417,108
117900083,438,747,-309
117900086,194,44,150
117900087,129,60,69
117900088,4027,2920,1107
117900089,2162,770,1392
117900090,968,874,94
117900091,237,242,-5
117900092,108,36,72
117900093,60,65,-5
117900094,35,22,13
117900095,604,626,-22
117900096,116,325,-209
117900097,188,117,71
117900098,15,8,7
117900099,210,341,-131
117900100,248,4,244
117900101,639,1898,-1259
117900102,65,55,10
117900103,53,3,50
117900104,43,148,-105
117900105,188,336,-148
117900106,107,66,41
117900107,17,1,16
117900109,585,514,71
117900110,124,3,121
117900111,408,35,373
117900112,62,16,46
117900113,6363,2634,3729
117900114,20,0,20
117900115,390,77,313
117900116,1151,1338,-187
117900117,637,472,165
117900118,69,0,69
117900119,228,298,-70
117900120,283,192,91
117900121,132,43,89
117900122,1810,3768,-1958
117900123,1187,643,544
117900124,986,866,120
117900125,2283,1760,523
117900126,307,800,-493
117900127,596,766,-170
117900128,388,1029,-641
117900129,125,8,117
117900130,996,518,478
117900131,1,158,-157
117900132,13,133,-120
117900133,8,168,-160
117900134,92,290,-198
117900135,26,256,-230
117900136,0,69,-69
117900137,54,396,-342
117900138,0,76,-76
117900139,140,163,-23
117900140,6300,544,5756
117900141,448,304,144
117900142,499,51,448
117900144,253,178,75
117900145,97,31,66
117900146,521,149,372
117900147,64,116,-52
117900148,4249,1674,2575
117900149,56,217,-161
117900150,60,63,-3
117900151,71,122,-51
117900152,171,101,70
117900153,20,167,-147
117900154,855,993,-138
117900156,1291,1117,174
117900157,86,666,-580
117900158,281,117,164
117900160,673,720,-47
117900161,3606,3223,383
117900162,499,683,-184
117900163,283,59,224
117900165,1,21,-20
117900166,198,535,-337
117900168,55,173,-118
117900169,3,197,-194
117900170,1,51,-50
117900171,1,26,-25
117900172,16,60,-44
117900173,211,106,105
117900174,42,70,-28
117900175,5,58,-53
117900176,21,48,-27
117900177,39,72,-33
117900178,139,70,69
117900180,428,72,356
117900181,213,346,-133
117900182,5,41,-36
117900183,79,244,-165
117900184,23,61,-38
117900185,44,68,-24
117900186,50,22,28
117900187,15,20,-5
117900188,293,59,234
117900189,97,44,53
117900190,25,5,20
117900191,84,2,82
117900192,198,2,196
117900193,44,107,-63
117900194,14,5,9
117900195,14,70,-56
117900196,17,33,-16
117900207,235,132,103
117900208,49,57,-8
117900209,244,284,-40
117900210,179,264,-85
117900211,27,291,-264
117900212,153,316,-163
117900213,13,19,-6
117900214,7,50,-43
117900215,36,60,-24
117900216,105,20,85
117900217,200,237,-37
117900218,333,499,-166
117900219,35,122,-87
117900220,492,266,226
117900222,257,381,-124
117900223,240,354,-114
118000001,1332,1011,321
118000002,1982,3096,-1114
118000003,5036,3243,1793
118000004,4913,2632,2281
118000005,7570,7107,463
118000006,10515,13573,-3058
118000007,11904,3753,8151
118000008,8711,4030,4681
118000009,3083,5356,-2273
118000010,8521,5928,2593
118000011,1654,3142,-1488
118000012,1462,2966,-1504
118000013,4517,3868,649
118000014,2364,3590,-1226
118000016,269,551,-282
118000017,460,616,-156
118000018,670,564,106
118000019,3381,1476,1905
118000020,2786,3332,-546
118000021,1186,3549,-2363
118000022,3316,1073,2243
118000023,1774,352,1422
118000024,3372,1262,2110
118000027,24668,15558,9110
118000029,1578,914,664
118000032,2070,4568,-2498
118000033,4740,5518,-778
118000034,8404,3101,5303
118000035,2307,2954,-647
118000036,1779,1209,570
118000037,1205,1071,134
118000038,182,127,55
118000039,164,440,-276
118000040,2273,1910,363
118000041,3250,1970,1280
118000045,1649,253,1396
118000046,2886,734,2152
118000047,3868,874,2994
118000048,6571,1963,4608
118000051,4259,1061,3198
118000052,3006,779,2227
118000053,1454,991,463
118000054,2951,2581,370
118000055,1945,2513,-568
118000056,224,512,-288
118000057,206,617,-411
118000058,5797,1956,3841
118000059,4423,984,3439
118000060,1311,814,497
118000061,1344,1935,-591
118000062,875,437,438
118000063,583,668,-85
118000064,1395,1586,-191
118000065,6761,2706,4055
118000066,1223,1797,-574
118000067,1662,998,664
118000068,3241,5510,-2269
118000069,5761,1914,3847
118000070,9364,2743,6621
118000071,5326,8434,-3108
118000072,4532,1400,3132
118000073,4831,769,4062
118000074,1080,467,613
118000075,988,408,580
118000076,3021,2503,518
118000077,1833,1672,161
118000078,2448,2497,-49
118000079,357,582,-225
118000080,1667,1198,469
118000081,2426,1238,1188
118000082,411,1464,-1053
118000083,2537,2135,402
118000084,4154,2739,1415
118000086,476,956,-480
118000087,6603,3256,3347
118000088,2253,2197,56
118000089,4627,2655,1972
118000090,2579,4227,-1648
118000091,1693,3430,-1737
118000092,1491,673,818
118000093,151,975,-824
118000096,706,807,-101
118000097,988,774,214
118000098,343,275,68
118000099,653,1200,-547
118000101,1475,461,1014
118000102,524,1744,-1220
118000107,3349,787,2562
118000108,930,3205,-2275
118000110,0,30,-30
118000111,2,550,-548
118000112,576,14,562
118000113,8,997,-989
118000114,377,17,360
118000115,34,38,-4
118000116,122,2,120
118000117,1654,1111,543
118000118,1191,1007,184
118000119,1033,1368,-335
118000120,2219,1723,496
118000121,148,633,-485
118000122,2227,438,1789
118000123,68,290,-222
118000125,2549,1253,1296
118000126,1560,2297,-737
118000127,2322,983,1339
118000128,845,1412,-567
118000129,1520,476,1044
118000130,3477,5220,-1743
118000131,929,1087,-158
118000132,2952,2040,912
118000133,1752,508,1244
118000135,919,500,419
118000136,137,527,-390
118000137,1095,112,983
118000138,526,856,-330
118000139,540,140,400
118000140,3179,5617,-2438
118000141,2587,2974,-387
118000142,2294,2924,-630
118000143,2316,1693,623
118000144,1757,1552,205
118000145,2267,3350,-1083
118000146,1730,1469,261
118000147,1525,2238,-713
118000148,792,1874,-1082
118000149,1105,1329,-224
118000150,535,390,145
118000151,530,587,-57
118000153,1542,1886,-344
118000154,1517,2179,-662
118000155,1320,2013,-693
118000156,3629,3141,488
118000157,752,529,223
118000158,164,748,-584
118000159,39,143,-104
118000160,589,658,-69
118000161,559,1162,-603
118000162,2892,1172,1720
118000163,979,1331,-352
118000164,3142,2419,723
118000168,1809,788,1021
118000169,1731,1906,-175
118000170,5720,7521,-1801
118000171,518,798,-280
118000172,128,380,-252
118000173,1484,1761,-277
118000175,395,489,-94
118000176,436,556,-120
118000177,288,722,-434
118000178,185,75,110
118000179,2034,1689,345
118000180,1119,1173,-54
118000181,1243,472,771
118000182,450,394,56
118000183,326,413,-87
118000184,949,1318,-369
118000185,1630,1364,266
118000186,1084,1382,-298
118000187,1486,999,487
118000188,1167,286,881
118000189,808,1088,-280
118000190,42,19,23
118000191,21,40,-19
118000192,185,161,24
118000193,132,588,-456
118000194,3134,1547,1587
118000195,1470,903,567
118000196,1270,270,1000
118000197,1510,138,1372
118000198,1244,721,523
118000199,2980,613,2367
118000200,218,339,-121
118000201,921,587,334
118000202,90,93,-3
118000203,2471,599,1872
118000204,297,463,-166
118000205,449,455,-6
118000206,327,250,77
118000207,0,86,-86
118000208,1935,2284,-349
118000209,2306,2247,59
118000210,49,39,10
118000211,37,45,-8
118000213,1959,1301,658
118000214,952,981,-29
118000215,332,718,-386
118000216,2267,5375,-3108
118000217,40,151,-111
118000218,102,120,-18
118000219,648,517,131
118000220,5,57,-52
118000221,175,440,-265
118000222,88,23,65
118000223,44,76,-32
118000224,431,121,310
118000225,178,1122,-944
118000226,1855,223,1632
118000227,1077,457,620
118000228,213,296,-83
118000229,426,118,308
118000230,192,333,-141
118000231,174,274,-100
118000232,981,1383,-402
118000233,1241,1053,188
118000234,509,362,147
118000236,696,420,276
118000237,110,735,-625
118000238,309,276,33
118000239,422,334,88
118000240,661,169,492
118000241,265,377,-112
118000242,489,925,-436
118000243,318,301,17
118000244,54,196,-142
118000246,0,21,-21
118000255,65,321,-256
118000256,107,327,-220
118000259,7,100,-93
118000260,333,155,178
118000261,67,138,-71
118000263,149,328,-179
118000266,597,568,29
118000267,0,86,-86
118000268,994,3,991
118000270,119,54,65
118000271,171,368,-197
118000272,131,56,75
118000273,152,100,52
118000274,155,484,-329
118000276,454,497,-43
118000295,7,157,-150
118000298,181,553,-372
118000299,85,253,-168
118000301,1,94,-93
118000302,134,118,16
118000311,525,155,370
118000312,373,292,81
118000313,123,239,-116
118000314,86,111,-25
118000315,54,107,-53
118000316,848,702,146
118000325,48,53,-5
118000326,54,58,-4
118000331,22,59,-37
118000332,7,37,-30
118000333,38,114,-76
118000335,409,1,408
118000336,1,411,-410
118000407,181,99,82
118000457,22,37,-15
118000465,5114,5540,-426
118000480,46,177,-131
118000489,61,441,-380
118000490,51,496,-445
118000492,259,271,-12
118000510,70,21,49
118000514,229,430,-201
118000515,988,1010,-22
118000517,504,264,240
118000524,866,295,571
118000525,1226,1036,190
118000530,13,156,-143
118000531,283,413,-130
118000532,311,440,-129
118000533,536,207,329
118000534,1015,571,444
118000535,298,189,109
118000536,1354,2120,-766
118000537,32,171,-139
118000538,75,127,-52
118000539,24,138,-114
118000540,425,276,149
118000541,353,106,247
118000542,182,247,-65
118000543,307,290,17
118000546,63,32,31
118000553,0,3,-3
118000557,0,0,0
118000560,4624,2576,2048
118000562,34,338,-304
118000563,2598,1927,671
118000576,194,206,-12
118000577,187,149,38
118000578,191,136,55
118000579,897,1528,-631
118000583,0,0,0
118000595,266,128,138
118000596,1,71,-70
118000597,152,146,6
118000598,2,1,1
118000599,79,70,9
118000600,4,9,-5
118000601,1,0,1
118000602,0,2,-2
118000603,0,52,-52
118900001,1228,1718,-490
118900002,1371,1175,196
118900003,474,41,433
118900004,47,51,-4
118900005,92,17,75
118900006,245,17,228
118900007,9,4,5
118900008,2010,66,1944
118900009,97,62,35
118900010,76,9,67
118900011,228,34,194
118900012,528,276,252
118900013,647,169,478
118900015,267,59,208
118900016,11,21,-10
118900017,402,353,49
118900018,1166,26,1140
118900019,55,38,17
118900020,340,151,189
118900021,223,483,-260
118900022,171,143,28
118900023,207,119,88
118900024,183,212,-29
118900025,95,31,64
118900026,72,99,-27
118900027,567,386,181
118900028,178,232,-54
118900029,341,469,-128
118900030,381,127,254
118900031,194,138,56
118900032,239,252,-13
118900033,910,534,376
118900034,221,28,193
118900035,204,302,-98
118900036,1340,982,358
118900037,1022,344,678
118900038,469,341,128
118900039,613,285,328
118900040,261,283,-22
118900041,663,246,417
118900042,274,128,146
118900045,346,237,109
118900046,1380,429,951
118900047,835,398,437
118900048,425,244,181
118900049,84,65,19
118900050,54,225,-171
118900051,86,103,-17
118900052,671,322,349
118900053,51,114,-63
118900054,203,80,123
118900055,92,164,-72
118900056,74,364,-290
118900057,886,601,285
118900058,788,544,244
118900059,37,110,-73
118900060,50,157,-107
118900062,255,269,-14
118900064,947,703,244
118900065,48,361,-313
118900066,97,142,-45
118900067,7009,4560,2449
118900068,12,601,-589
118900069,480,308,172
118900071,5,122,-117
118900072,499,482,17
118900073,113,131,-18
118900074,182,318,-136
118900075,178,166,12
118900076,343,107,236
118900077,268,236,32
118900078,57,13,44
118900079,59,246,-187
118900080,35,171,-136
118900081,123,29,94
118900082,749,207,542
118900083,83,26,57
118900084,22,27,-5
118900085,791,1559,-768
118900086,35,108,-73
118900087,26,357,-331
118900088,0,23,-23
118900089,35,27,8
118900090,595,646,-51
118900091,222,249,-27
118900092,185,127,58
118900093,210,25,185
118900096,48,31,17
118900097,283,851,-568
118900099,138,386,-248
118900100,163,351,-188
118900101,140,721,-581
118900102,50,111,-61
118900103,59,193,-134
118900104,315,279,36
118900105,394,161,233
118900107,218,115,103
118900108,128,138,-10
118900110,1911,946,965
118900111,472,807,-335
118900112,81,202,-121
118900113,100,780,-680
118900114,31,129,-98
118900115,164,522,-358
118900116,152,221,-69
118900117,121,250,-129
118900118,371,556,-185
118900119,177,388,-211
118900120,133,413,-280
118900121,25,307,-282
118900122,18,1156,-1138
118900123,159,304,-145
118900124,84,286,-202
118900126,16,425,-409
118900129,315,252,63
118900130,123,199,-76
118900131,174,323,-149
118900132,899,258,641
118900133,33,142,-109
118900135,316,329,-13
118900136,271,936,-665
118900137,7,32,-25
118900139,260,676,-416
118900140,598,1017,-419
118900141,106,232,-126
118900144,203,668,-465
118900145,37,187,-150
118900146,409,1045,-636
118900147,277,187,90
118900148,137,73,64
118900150,193,723,-530
118900152,590,1185,-595
118900157,139,229,-90
118900158,99,88,11
118900159,9,283,-274
118900161,178,10,168
118900163,281,110,171
118900164,12,145,-133
118900165,68,309,-241
118900166,53,4,49
118900167,86,160,-74
118900168,16,155,-139
118900169,173,526,-353
118900170,210,172,38
118900171,12,55,-43
118900174,96,91,5
118900175,430,609,-179
118900176,150,351,-201
118900177,67,94,-27
118900178,54,155,-101
118900179,2,72,-70
118900181,105,173,-68
118900182,106,79,27
118900183,12,149,-137
118900184,698,150,548
118900185,221,179,42
118900186,136,110,26
118900187,248,319,-71
118900188,349,367,-18
118900189,27,1011,-984
118900190,18,536,-518
118900191,213,86,127
118900192,226,40,186
118900193,554,9,545
118900195,529,1038,-509
118900196,48,256,-208
118900197,159,93,66
118900198,29,34,-5
118900199,108,53,55
118900200,34,17,17
118900201,49,26,23
118900202,30,129,-99
118900203,10,61,-51
118900204,17,46,-29
118900205,1,11,-10
118900206,4,41,-37
119000001,1739,2200,-461
119000002,6020,4124,1896
119000003,3147,1823,1324
119000004,3142,2041,1101
119000005,2281,2824,-543
119000006,2902,2122,780
119000007,4493,4631,-138
119000008,2974,2628,346
119000009,4497,5693,-1196
119000010,9673,5331,4342
119000011,6318,3609,2709
119000012,4824,4542,282
119000013,2671,1629,1042
119000014,3412,4386,-974
119000019,292,224,68
119000020,2349,1838,511
119000021,4972,3208,1764
119000022,4683,3261,1422
119000023,436,417,19
119000024,2341,11946,-9605
119000025,12808,2086,10722
119000026,233,376,-143
119000027,518,655,-137
119000028,2622,1946,676
119000029,141,339,-198
119000030,704,1435,-731
119000031,1219,1073,146
119000032,2495,3112,-617
119000033,2720,2108,612
119000034,1334,1346,-12
119000035,27,453,-426
119000036,1997,1265,732
119000037,1281,2537,-1256
119000038,215,1363,-1148
119000039,372,432,-60
119000040,1400,778,622
119000041,1198,1620,-422
119000048,4027,4469,-442
119000049,2018,3479,-1461
119000050,1922,3205,-1283
119000051,2281,1259,1022
119000052,2470,3895,-1425
119000053,2209,1412,797
119000054,3560,4728,-1168
119000055,4333,4710,-377
119000056,2680,2778,-98
119000057,1737,3223,-1486
119000058,2424,2837,-413
119000059,1546,2544,-998
119000060,1815,1280,535
119000061,1124,1203,-79
119000062,1411,1715,-304
119000063,552,501,51
119000064,1867,1934,-67
119000065,2631,4716,-2085
119000066,2718,1332,1386
119000067,2480,3192,-712
119000068,1819,1412,407
119000069,1898,3457,-1559
119000070,2565,1388,1177
119000071,599,987,-388
119000072,8405,4473,3932
119000073,7011,8048,-1037
119000074,1535,4142,-2607
119000075,2139,3125,-986
119000076,677,989,-312
119000077,1265,540,725
119000078,667,281,386
119000079,181,691,-510
119000080,562,265,297
119000081,384,487,-103
119000082,1219,296,923
119000083,704,502,202
119000084,344,613,-269
119000085,600,379,221
119000086,300,575,-275
119000087,2131,1342,789
119000088,385,293,92
119000089,86,301,-215
119000090,141,180,-39
119000091,149,599,-450
119000092,529,223,306
119000093,5325,4300,1025
119000094,3178,8067,-4889
119000095,1992,3697,-1705
119000097,3199,2206,993
119000098,952,3103,-2151
119000099,3207,2820,387
119000100,4146,3243,903
119000101,5467,2457,3010
119000102,1321,1091,230
119000103,2420,574,1846
119000104,3774,1957,1817
119000105,1344,2093,-749
119000106,498,2256,-1758
119000107,914,655,259
119000108,539,1501,-962
119000109,273,414,-141
119000110,822,428,394
119000111,90,770,-680
119000112,274,109,165
119000113,2958,359,2599
119000114,1107,1554,-447
119000115,196,208,-12
119000116,209,131,78
119000117,225,489,-264
119000118,0,1,-1
119000123,6800,1081,5719
119000124,1015,301,714
119000125,3682,1323,2359
119000126,1078,1128,-50
119000127,552,928,-376
119000128,40,8,32
119000131,1167,1179,-12
119000132,3,6,-3
119000133,4,8,-4
119000134,3551,900,2651
119000135,121,243,-122
119000136,325,267,58
119000137,237,537,-300
119000138,465,436,29
119000139,274,343,-69
119000140,208,448,-240
119000284,1728,4328,-2600
119000285,3080,3195,-115
119000286,9579,7872,1707
119000287,1725,3083,-1358
119000288,2643,1942,701
119000289,3214,5223,-2009
119000290,202,682,-480
119000291,4,426,-422
119000293,120,235,-115
119000294,44,41,3
119000295,2493,716,1777
119000296,219,213,6
119000299,0,1,-1
119000302,4033,2084,1949
119000303,75,271,-196
119000314,1984,10679,-8695
119000315,5,663,-658
119000316,145,143,2
119000317,98,486,-388
119900001,312,1538,-1226
119900002,188,468,-280
119900003,75,1507,-1432
119900004,407,1086,-679
119900005,200,175,25
119900006,260,578,-318
119900007,1283,253,1030
119900008,153,67,86
119900009,744,825,-81
119900010,1909,1187,722
119900011,32,136,-104
119900012,32,176,-144
119900013,2270,1065,1205
119900014,785,299,486
119900015,124,20,104
119900016,67,151,-84
119900017,27,47,-20
119900018,2681,898,1783
119900019,67,8,59
119900020,207,288,-81
119900021,225,184,41
119900022,185,752,-567
119900023,1028,1460,-432
119900025,197,25,172
119900026,1216,226,990
119900027,12,50,-38
119900028,358,147,211
119900029,6,6,0
119900030,760,759,1
119900031,84,465,-381
119900033,2752,394,2358
119900034,444,195,249
119900037,204,83,121
119900038,58,349,-291
119900039,89,22,67
119900040,225,104,121
119900041,148,62,86
119900042,117,211,-94
119900043,114,241,-127
119900044,340,1004,-664
119900046,126,102,24
119900047,346,91,255
119900048,73,58,15
119900049,139,19,120
119900050,157,133,24
119900051,584,14,570
119900052,45,63,-18
119900053,187,227,-40
119900054,171,5,166
119900055,1434,555,879
119900057,229,101,128
119900058,291,3,288
119900059,231,84,147
119900060,292,11,281
119900062,64,40,24
119900063,16,55,-39
119900065,345,16,329
119900066,1,0,1
119900067,112,47,65
119900068,470,2,468
119900069,157,61,96
119900070,1021,11,1010
119900071,862,40,822
119900073,2409,823,1586
119900074,98,41,57
119900075,7728,3308,4420
119900076,781,632,149
119900077,960,1586,-626
119900078,661,1252,-591
119900079,255,420,-165
119900080,1761,1664,97
119900081,249,66,183
119900082,1477,212,1265
119900083,440,170,270
119900084,1315,395,920
119900085,152,157,-5
119900087,1152,414,738
119900088,71,95,-24
119900089,49,648,-599
119900090,263,96,167
119900091,52,1462,-1410
119900092,123,590,-467
119900093,1346,320,1026
119900094,72,238,-166
119900095,268,160,108
119900096,64,156,-92
119900097,874,289,585
119900098,44,91,-47
119900099,46,364,-318
119900100,3216,3122,94
119900101,284,1427,-1143
119900102,49,411,-362
119900103,45,603,-558
119900104,45,300,-255
119900105,1514,1742,-228
119900106,15,284,-269
119900107,570,4578,-4008
119900108,2616,828,1788
119900109,42,360,-318
119900110,725,928,-203
119900111,110,525,-415
119900112,3171,728,2443
119900113,125,441,-316
119900114,305,2008,-1703
119900115,280,1669,-1389
119900116,202,625,-423
119900117,325,1179,-854
119900118,72,1481,-1409
119900119,234,361,-127
119900120,790,886,-96
119900121,424,1542,-1118
119900122,756,520,236
119900123,298,538,-240
119900124,255,1448,-1193
119900125,60,471,-411
119900126,6414,509,5905
119900127,3325,1273,2052
119900128,562,1318,-756
119900129,291,1038,-747
119900130,50,386,-336
119900131,45,421,-376
119900132,7,422,-415
119900133,64,108,-44
119900134,2834,416,2418
119900135,2,653,-651
119900136,207,582,-375
119900138,474,893,-419
119900139,162,115,47
119900140,6,159,-153
119900141,192,818,-626
119900142,14,43,-29
119900143,14,284,-270
119900144,2847,391,2456
119900145,137,263,-126
119900146,235,259,-24
119900147,10,271,-261
119900148,285,93,192
119900149,2210,4732,-2522
119900150,237,269,-32
119900151,2722,1222,1500
119900152,129,513,-384
119900153,198,108,90
119900154,24,384,-360
119900155,47,57,-10
119900156,22,11,11
119900157,219,374,-155
119900158,159,98,61
119900159,17,2378,-2361
119900160,21,349,-328
119900161,267,348,-81
119900162,1002,1244,-242
119900163,199,260,-61
119900164,0,2,-2
119900165,165,316,-151
119900166,100,52,48
119900167,156,218,-62
119900168,939,627,312
119900169,206,430,-224
119900170,266,337,-71
119900171,1318,649,669
119900172,169,18,151
119900173,16,590,-574
119900174,7,292,-285
119900175,1420,932,488
119900177,46,332,-286
119900178,17,244,-227
119900179,121,432,-311
119900180,1231,1065,166
119900181,74,112,-38
119900182,17,676,-659
119900183,192,998,-806
119900184,4091,989,3102
119900185,65,210,-145
119900186,119,1122,-1003
119900187,19,711,-692
119900188,111,480,-369
119900189,715,491,224
119900190,88,312,-224
119900191,478,195,283
119900192,84,251,-167
119900193,424,336,88
119900194,39,95,-56
119900195,46,279,-233
119900196,2220,720,1500
119900197,293,190,103
119900198,177,418,-241
119900199,166,32,134
119900200,747,852,-105
119900201,442,242,200
119900202,169,216,-47
119900203,270,578,-308
119900204,298,496,-198
119900205,799,862,-63
119900206,180,230,-50
119900208,228,227,1
119900209,657,1486,-829
119900210,33,42,-9
119900211,125,8,117
119900212,195,484,-289
119900213,14,74,-60
119900214,41,127,-86
119900215,54,114,-60
119900216,16,110,-94
119900217,31,108,-77
119900218,42,111,-69
119900219,22,204,-182
119900220,4,130,-126
119900221,50,380,-330
119900222,25,309,-284
119900223,21,117,-96
119900224,24,37,-13
119900225,1346,91,1255
119900226,1042,2550,-1508
119900227,1528,510,1018
119900228,167,340,-173
119900229,426,736,-310
119900230,2291,1019,1272
119900231,269,274,-5
119900232,299,110,189
119900233,75,11,64
119900234,29,80,-51
119900235,21,91,-70
119900236,40,300,-260
119900237,99,755,-656
119900238,5,105,-100
119900240,96,180,-84
119900241,160,375,-215
119900242,2210,2720,-510
119900244,962,2032,-1070
119900245,208,292,-84
119900246,389,627,-238
119900247,47,115,-68
119900248,93,230,-137
119900249,281,133,148
119900253,4781,596,4185
119900254,126,675,-549
119900255,136,743,-607
119900256,696,1375,-679
119900257,98,5,93
119900258,176,25,151
119900259,15,224,-209
119900260,201,16,185
119900261,356,254,102
119900262,0,396,-396
119900263,1431,612,819
119900264,145,364,-219
119900265,426,422,4
119900266,374,456,-82
119900267,327,698,-371
119900268,150,326,-176
119900269,1170,1612,-442
119900271,31,158,-127
119900272,429,138,291
119900275,124,1,123
119900276,49,2,47
119900277,18,10,8
119900278,448,112,336
119900279,178,342,-164
119900280,1256,287,969
119900281,1,212,-211
119900282,81,93,-12
119900283,6,456,-450
119900284,71,374,-303
119900285,53,115,-62
119900286,28,57,-29
119900288,10,60,-50
119900289,0,67,-67
119900290,8,71,-63
119900291,4,95,-91
119900292,52,39,13
119900293,47,5,42
119900294,33,1,32
119900295,0,0,0
119900296,0,0,0
119900299,81,271,-190
119900300,217,274,-57
119900301,151,71,80
119900302,175,89,86
119900303,267,280,-13
119900304,219,51,168
119900305,13,158,-145
119900306,41,2,39
119900307,60,216,-156
119900308,8,30,-22
119900309,44,147,-103
119900310,410,444,-34
119900311,110,177,-67
119900312,163,111,52
119900313,361,495,-134
119900314,224,445,-221
119900315,1806,3416,-1610
119900318,29,30,-1
119900319,1,437,-436
119900320,248,952,-704
119900321,82,3,79
119900322,38,125,-87
119900323,3,219,-216
119900324,2,68,-66
119900325,246,484,-238
119900326,187,149,38
120000001,10341,18272,-7931
120000002,3203,3739,-536
120000003,3978,2087,1891
120000004,3590,2908,682
120000005,5816,2552,3264
120000006,1807,1789,18
120000007,4839,3730,1109
120000008,1454,1947,-493
120000009,5046,1472,3574
120000010,2229,3469,-1240
120000011,1272,2832,-1560
120000012,1941,4149,-2208
120000013,3294,3733,-439
120000014,1024,2229,-1205
120000015,3402,2173,1229
120000016,4153,3207,946
120000017,3583,3411,172
120000018,5543,13263,-7720
120000019,1220,2032,-812
120000020,3942,3849,93
120000021,2070,2899,-829
120000022,3225,4532,-1307
120000023,1138,2137,-999
120000024,1701,2938,-1237
120000025,2836,2787,49
120000026,1832,2339,-507
120000027,2001,2591,-590
120000028,926,608,318
120000029,6395,741,5654
120000030,528,1364,-836
120000031,2541,12012,-9471
120000032,11793,5056,6737
120000033,5848,2766,3082
120000034,2258,2750,-492
120000035,2371,3205,-834
120000036,3385,6870,-3485
120000037,875,2110,-1235
120000038,10762,4800,5962
120000039,623,1138,-515
120000040,103,246,-143
120000041,1376,2018,-642
120000042,2494,4178,-1684
120000043,6434,3050,3384
120000044,5487,2016,3471
120000045,6006,1416,4590
120000046,2761,3350,-589
120000047,2175,6567,-4392
120000048,10688,4942,5746
120000049,4692,3761,931
120000050,5667,6103,-436
120000051,4088,6419,-2331
120000052,14990,3381,11609
120000053,1171,4028,-2857
120000054,1727,6870,-5143
120000055,2067,7275,-5208
120000056,4536,5701,-1165
120000057,3728,836,2892
120000058,2243,423,1820
120000059,47,1810,-1763
120000061,238,888,-650
120000062,293,468,-175
120000063,2394,3525,-1131
120000064,279,1932,-1653
120000065,787,2531,-1744
120000066,362,703,-341
120000067,78,714,-636
120000068,251,1391,-1140
120000069,930,1756,-826
120000070,101,1146,-1045
120000071,528,263,265
120000072,748,676,72
120000073,854,120,734
120000074,144,99,45
120000075,1025,326,699
120000076,2028,486,1542
120000077,2038,782,1256
120000078,4631,1372,3259
120000079,294,193,101
120000080,157,213,-56
120000081,289,195,94
120000082,194,242,-48
120000083,89,702,-613
120000084,443,552,-109
120000085,353,503,-150
120000086,419,784,-365
120000087,229,1130,-901
120000088,989,2038,-1049
120000089,1440,998,442
120000090,829,700,129
120000091,1092,1361,-269
120000092,1480,934,546
120000093,515,633,-118
120000094,205,871,-666
120000095,1155,688,467
120000096,328,1188,-860
120000098,1092,1162,-70
120000099,455,1069,-614
120000100,944,1381,-437
120000101,564,675,-111
120000102,624,979,-355
120000103,1628,1098,530
120000104,2001,627,1374
120000105,3125,791,2334
120000106,2600,743,1857
120000107,4094,855,3239
120000108,1196,179,1017
120000109,1374,108,1266
120000110,111,1396,-1285
120000111,144,1643,-1499
120000112,1091,4832,-3741
120000113,758,3473,-2715
120000114,1277,4314,-3037
120000115,443,3295,-2852
120000116,840,2802,-1962
120000117,1990,2058,-68
120000118,44,47,-3
120000119,38,92,-54
120000120,74,76,-2
120000121,63,98,-35
120000122,382,471,-89
120000123,8121,6300,1821
120000124,496,612,-116
120000125,541,971,-430
120000126,559,1134,-575
120000127,3471,1112,2359
120000128,4846,3613,1233
120000129,217,361,-144
120000130,1053,875,178
120000131,411,809,-398
120000134,428,1619,-1191
120000135,507,574,-67
120000137,320,2350,-2030
120000138,959,689,270
120000139,373,1230,-857
120000140,877,868,9
120000141,291,680,-389
120000142,446,829,-383
120000143,3,114,-111
120000144,83,1,82
120000145,457,4,453
120000146,2786,1272,1514
120000149,737,1211,-474
120000150,5355,13386,-8031
120000151,461,768,-307
120000152,553,263,290
120000153,270,923,-653
120000154,658,644,14
120000155,165,336,-171
120000156,1753,950,803
120000157,1218,835,383
120000158,1113,1327,-214
120000159,2708,3271,-563
120000160,2952,1927,1025
120000161,2501,3633,-1132
120000162,127,401,-274
120000163,838,1929,-1091
120000164,513,556,-43
120000165,636,1221,-585
120000166,1492,806,686
120000167,63,110,-47
120000168,15,320,-305
120000169,111,771,-660
120000170,122,363,-241
120000171,25,121,-96
120000172,73,61,12
120000173,4741,429,4312
120000174,1527,47,1480
120000175,2089,46,2043
120000176,981,57,924
120000177,2786,223,2563
120000178,262,11,251
120000179,964,47,917
120000180,1509,105,1404
120000181,197,518,-321
120000182,130,233,-103
120000183,14,222,-208
120000184,183,1087,-904
120000186,170,184,-14
120000187,173,101,72
120000188,987,151,836
120000190,2432,27,2405
120000191,2731,63,2668
120000192,1858,34,1824
120000193,886,20,866
120000195,130,5,125
120000196,500,129,371
120000197,130,383,-253
120000198,176,141,35
120000199,102,1,101
120000200,107,1,106
120000201,13,17,-4
120000202,3,86,-83
120000203,44,353,-309
120000207,5,132,-127
120000208,10,350,-340
120000209,2,91,-89
120000210,131,130,1
120000211,127,2,125
120000212,200,0,200
120000213,116,458,-342
120000214,0,489,-489
120000215,3,215,-212
120000216,87,19,68
120000217,960,1653,-693
120000218,248,1103,-855
120000219,8,694,-686
120000220,16,2351,-2335
120000225,1260,0,1260
120000226,437,8,429
120000227,1006,63,943
120000228,8274,3802,4472
120000230,386,23,363
120000231,1397,3253,-1856
120000233,334,23,311
120000235,233,989,-756
120000236,1423,3,1420
120000237,1,2387,-2386
120000238,2,346,-344
120000241,1563,4922,-3359
120000412,1729,26,1703
120000413,256,478,-222
120000414,113,1,112
120000415,8,228,-220
120000416,64,6,58
120000417,3,124,-121
120000418,107,9,98
120000419,16,614,-598
120000420,81,47,34
120000421,16959,7968,8991
120000422,207,1049,-842
120000423,2,42,-40
120000424,64,215,-151
120000436,172,725,-553
120000437,204,239,-35
120000438,5153,454,4699
120000439,211,591,-380
120000443,176,0,176
120000444,1514,897,617
120000445,1933,1655,278
120000446,1163,369,794
120000447,187,4,183
120000449,92,7,85
120000450,8,415,-407
120000451,182,302,-120
120000452,133,1,132
120000453,2,722,-720
120000454,109,54,55
120000455,115,87,28
120000456,3234,5018,-1784
120000457,1486,977,509
120000458,703,959,-256
120000459,67,115,-48
120000665,3266,268,2998
120000668,168,415,-247
120000669,83,314,-231
120000670,328,469,-141
120000671,1937,731,1206
120000672,149,771,-622
120900001,118,110,8
120900002,835,597,238
120900003,645,79,566
120900004,19,94,-75
120900005,35,1378,-1343
120900006,431,229,202
120900007,207,177,30
120900008,307,1640,-1333
120900009,1133,78,1055
120900010,568,116,452
120900011,471,226,245
120900012,1135,1365,-230
120900013,375,117,258
120900014,11,851,-840
120900015,664,88,576
120900016,1029,79,950
120900017,3900,177,3723
120900018,205,746,-541
120900019,730,270,460
120900020,1105,1409,-304
120900021,772,193,579
120900022,80,500,-420
120900023,264,47,217
120900024,2447,665,1782
120900025,2440,1505,935
120900026,241,293,-52
120900027,1250,63,1187
120900028,375,96,279
120900029,243,458,-215
120900030,1393,886,507
120900031,321,129,192
120900032,991,234,757
120900033,1207,81,1126
120900034,38,3282,-3244
120900035,40,108,-68
120900037,277,7,270
120900038,76,272,-196
120900039,136,57,79
120900040,295,1,294
120900041,170,39,131
120900042,448,62,386
120900043,53,36,17
120900044,24,652,-628
120900045,222,171,51
120900046,464,3,461
120900047,213,116,97
120900048,151,36,115
120900049,394,1,393
120900050,3819,1749,2070
120900051,335,173,162
120900052,665,7,658
120900053,296,127,169
120900054,2160,1118,1042
120900055,376,2,374
120900056,564,24,540
120900057,172,48,124
120900058,550,5,545
120900059,79,5,74
120900060,62,48,14
120900061,287,514,-227
120900062,264,1,263
120900063,587,15,572
120900064,585,3,582
120900065,497,0,497
120900066,276,517,-241
120900067,210,74,136
120900068,357,0,357
120900069,238,84,154
120900071,14,6,8
120900072,720,5,715
120900073,457,346,111
120900074,797,124,673
120900076,316,0,316
120900077,5075,455,4620
120900078,931,1321,-390
120900079,801,166,635
120900080,774,2725,-1951
120900081,1037,1267,-230
120900082,824,520,304
120900083,84,2,82
120900084,365,451,-86
120900085,148,200,-52
120900086,198,455,-257
120900087,493,324,169
120900088,277,447,-170
120900089,5781,2958,2823
120900090,202,282,-80
120900091,817,740,77
120900092,1968,996,972
120900093,4241,356,3885
120900094,713,317,396
120900095,730,57,673
120900096,64,374,-310
120900097,1001,1120,-119
120900098,430,300,130
120900099,74,131,-57
120900100,114,412,-298
120900101,1026,500,526
120900102,44,252,-208
120900103,79,246,-167
120900104,29,84,-55
120900105,44,870,-826
120900106,2058,818,1240
120900107,366,229,137
120900108,10,1000,-990
120900109,61,1037,-976
120900110,28,1660,-1632
120900111,267,569,-302
120900112,5,1373,-1368
120900113,19,1214,-1195
120900114,38,240,-202
120900115,274,288,-14
120900116,420,761,-341
120900117,1,852,-851
120900118,3,1241,-1238
120900119,4311,9687,-5376
120900120,106,947,-841
120900121,214,776,-562
120900122,558,832,-274
120900123,9,608,-599
120900124,0,921,-921
120900125,11,1329,-1318
120900126,2181,1626,555
120900127,16,745,-729
120900128,1494,2000,-506
120900129,74,475,-401
120900130,22,550,-528
120900131,45,98,-53
120900132,983,475,508
120900133,221,1483,-1262
120900134,1038,579,459
120900135,10,870,-860
120900136,69,47,22
120900137,252,157,95
120900138,40,311,-271
120900139,7,1070,-1063
120900140,2,92,-90
120900141,271,203,68
120900142,27,1010,-983
120900143,5,1279,-1274
120900144,1,290,-289
120900145,100,1009,-909
120900146,8,1601,-1593
120900147,6,719,-713
120900148,169,230,-61
120900149,0,481,-481
120900150,46,872,-826
120900151,4,928,-924
120900152,11,63,-52
120900153,26,154,-128
120900154,0,413,-413
120900155,220,1621,-1401
120900156,44,401,-357
120900157,63,398,-335
120900158,45,810,-765
120900159,130,424,-294
120900160,49,757,-708
120900161,28,691,-663
120900162,21,792,-771
120900163,31,475,-444
120900164,10,1,9
120900165,17,18,-1
120900166,359,382,-23
120900167,637,207,430
120900169,73,686,-613
120900170,2711,3046,-335
120900171,1547,614,933
120900172,3375,501,2874
120900173,1,82,-81
120900174,8,160,-152
120900175,310,340,-30
120900176,16,467,-451
120900177,1,1293,-1292
120900178,2,509,-507
120900179,1305,797,508
120900180,228,155,73
120900181,105,83,22
120900182,37,875,-838
120900183,314,297,17
120900184,157,94,63
120900185,18,584,-566
120900186,2,701,-699
120900187,605,1259,-654
120900188,190,34,156
120900189,187,1130,-943
120900190,73,13,60
120900191,17,33,-16
120900192,16713,7162,9551
120900194,44,148,-104
120900195,235,366,-131
120900196,1095,59,1036
120900197,789,101,688
120900198,381,726,-345
120900199,397,529,-132
120900200,98,191,-93
120900201,758,203,555
120900202,1,263,-262
120900203,36,85,-49
120900204,224,419,-195
120900205,82,123,-41
120900206,12,37,-25
120900207,101,2001,-1900
121000001,1445,1314,131
121000002,4136,2811,1325
121000003,4563,2743,1820
121000004,4074,8973,-4899
121000005,2919,3930,-1011
121000006,5141,2224,2917
121000007,4971,3503,1468
121000008,10904,5380,5524
121000009,8791,7735,1056
121000010,13862,9817,4045
121000011,13575,19031,-5456
121000012,22479,16762,5717
121000013,6625,10722,-4097
121000014,8982,9111,-129
121000015,7643,9587,-1944
121000016,6132,5702,430
121000017,2919,5281,-2362
121000018,3191,2418,773
121000019,26876,15183,11693
121000020,18139,18637,-498
121000021,4583,4297,286
121000022,3277,3375,-98
121000023,6077,4590,1487
121000024,6253,5771,482
121000025,844,2245,-1401
121000026,386,244,142
121000027,1725,1349,376
121000028,1111,694,417
121000029,1519,995,524
121000030,926,579,347
121000031,1011,865,146
121000032,320,119,201
121000034,936,213,723
121000035,379,138,241
121000036,2338,1627,711
121000037,1170,739,431
121000038,1046,1078,-32
121000039,726,892,-166
121000041,947,791,156
121000042,377,538,-161
121000043,1130,834,296
121000044,2367,1142,1225
121000045,770,447,323
121000046,1074,1259,-185
121000047,520,160,360
121000049,2651,782,1869
121000050,489,1376,-887
121000051,1214,495,719
121000052,773,850,-77
121000053,525,94,431
121000054,47,415,-368
121000055,1934,1372,562
121000056,918,1226,-308
121000057,507,736,-229
121000058,395,201,194
121000059,2463,1825,638
121000060,659,1328,-669
121000061,281,272,9
121000062,264,416,-152
121000063,1069,820,249
121000064,1037,1176,-139
121000065,672,554,118
121000066,839,776,63
121000067,1299,656,643
121000068,1119,613,506
121000069,1647,814,833
121000070,3010,1608,1402
121000071,2322,1722,600
121000072,1797,1082,715
121000073,1767,1019,748
121000074,117,188,-71
121000075,146,452,-306
121000076,2059,572,1487
121000077,214,187,27
121000078,216,181,35
121000080,3230,890,2340
121000081,5267,4606,661
121000082,171,308,-137
121000083,353,204,149
121000084,215,154,61
121000085,251,658,-407
121000086,213,1165,-952
121000087,100,425,-325
121000088,590,924,-334
121000089,681,564,117
121000090,780,502,278
121000091,2282,1187,1095
121000092,211,123,88
121000093,193,306,-113
121000094,632,1151,-519
121000095,463,697,-234
121000096,2709,3211,-502
121000097,1673,2608,-935
121000098,742,1575,-833
121000099,846,1107,-261
121000100,1355,668,687
121000101,501,460,41
121000102,372,479,-107
121000103,296,388,-92
121000104,381,276,105
121000105,573,375,198
121000106,421,563,-142
121000107,3482,4452,-970
121000109,1774,1307,467
121000110,422,993,-571
121000114,3372,2486,886
121000115,1216,893,323
121000116,381,1223,-842
121000117,1162,344,818
121000118,1644,354,1290
121000119,462,614,-152
121000120,391,548,-157
121000121,990,1345,-355
121000123,2843,800,2043
121000126,155,394,-239
121000127,327,120,207
121000128,1330,665,665
121000129,1018,679,339
121000130,737,1229,-492
121000131,3316,2327,989
121000132,2305,2032,273
121000135,765,1093,-328
121000136,2699,802,1897
121000137,591,324,267
121000138,2245,974,1271
121000139,1214,245,969
121000141,426,209,217
121000142,1226,1002,224
121000143,176,38,138
121000144,1462,2049,-587
121000145,946,1581,-635
121000146,1810,1040,770
121000147,1391,596,795
121000148,1532,1405,127
121000149,3253,1852,1401
121000152,622,1058,-436
121000153,2211,978,1233
121000154,1093,1273,-180
121000155,1868,1617,251
121000156,570,1567,-997
121000157,1530,3098,-1568
121000158,442,863,-421
121000159,244,686,-442
121000160,371,697,-326
121000161,222,505,-283
121000162,111,326,-215
121000165,2082,2171,-89
121000166,21,800,-779
121000168,739,396,343
121000169,127,209,-82
121000170,445,199,246
121000171,99,218,-119
121000172,896,671,225
121000173,1613,1399,214
121000174,373,573,-200
121000175,1291,567,724
121000176,472,273,199
121000177,1467,859,608
121000178,184,84,100
121000179,136,96,40
121000181,738,578,160
121000182,107,232,-125
121000183,76,98,-22
121000184,567,91,476
121000185,52,173,-121
121000186,247,510,-263
121000187,223,282,-59
121000188,262,289,-27
121000192,980,469,511
121000193,980,623,357
121000194,3236,3037,199
121000195,468,1073,-605
121000196,1290,276,1014
121000197,497,960,-463
121000198,650,130,520
121000199,243,536,-293
121000200,786,124,662
121000201,10,255,-245
121000202,1494,196,1298
121000203,1409,2855,-1446
121000204,4256,1011,3245
121000205,451,427,24
121000206,344,41,303
121000207,3064,648,2416
121000208,15,554,-539
121000209,431,510,-79
121000210,703,617,86
121000211,412,258,154
121000212,418,947,-529
121000213,11353,4065,7288
121000214,1009,4102,-3093
121000215,1577,1082,495
121000216,836,1181,-345
121000217,7566,4640,2926
121000218,637,2114,-1477
121000219,2789,647,2142
121000220,386,65,321
121000221,248,319,-71
121000222,3555,2910,645
121000223,1212,459,753
121000224,444,221,223
121000225,4529,1833,2696
121000226,13473,1766,11707
121000227,7,221,-214
121000228,29,809,-780
121000229,420,435,-15
121000230,62,1778,-1716
121000231,1057,62,995
121000232,423,358,65
121000233,736,524,212
121000234,35,50,-15
121000235,73,56,17
121000236,16,64,-48
121000237,17,14,3
121000238,10,125,-115
121000239,40,12,28
121000240,14,419,-405
121000241,120,19,101
121000242,65,222,-157
121000243,332,119,213
121000244,14,58,-44
121000245,74,10,64
121000246,2,96,-94
121000247,79,11,68
121000248,1188,599,589
121000249,167,362,-195
121000250,888,148,740
121000251,24,665,-641
121000252,124,55,69
121000253,961,702,259
121000254,1550,341,1209
121000255,719,233,486
121000256,1284,347,937
121000257,141,116,25
121000258,398,70,328
121000259,228,117,111
121000260,341,193,148
121000261,306,75,231
121000262,1399,1712,-313
121000263,500,579,-79
121000271,367,2260,-1893
121000273,323,5,318
121000274,26,46,-20
121000275,6,28,-22
121000276,8,41,-33
121000278,287,58,229
121000279,128,23,105
121000280,334,43,291
121000289,293,65,228
121000290,1631,992,639
121000294,168,253,-85
121000297,1215,1963,-748
121000299,803,320,483
121000300,807,943,-136
121000302,118,1637,-1519
121000303,720,541,179
121000304,532,85,447
121000305,148,39,109
121000306,154,166,-12
121000308,250,590,-340
121000309,655,675,-20
121000310,215,386,-171
121000311,93,1074,-981
121000312,412,296,116
121000313,441,760,-319
121000314,184,158,26
121000315,69,145,-76
121000530,1659,1808,-149
121000531,1709,1805,-96
121000532,8251,8145,106
121000533,3604,4201,-597
121000918,114,211,-97
121000919,81,59,22
121000938,160,185,-25
121000939,184,201,-17
121000956,1498,2091,-593
121000957,4,30,-26
121000958,240,57,183
121000959,1005,1176,-171
121000960,2659,3016,-357
121000961,293,122,171
121000962,368,1483,-1115
121000973,1,222,-221
121000976,44,254,-210
121000979,554,199,355
121000981,459,300,159
121000982,577,207,370
121000983,630,556,74
121000984,60,75,-15
121000985,921,855,66
121000986,953,442,511
121000987,306,1593,-1287
121000988,920,216,704
121001302,406,187,219
121001308,10,11,-1
121001309,247,127,120
121001311,0,0,0
121001313,523,387,136
121001314,3610,4670,-1060
121001315,5519,4007,1512
121001318,0,0,0
121900001,158,216,-58
121900002,178,22,156
121900003,541,16,525
121900004,135,583,-448
121900005,51,18,33
121900006,104,34,70
121900007,2680,3475,-795
121900008,2863,751,2112
121900009,710,19,691
121900010,298,2,296
121900011,402,585,-183
121900012,28,3,25
121900013,2483,60,2423
121900014,1595,462,1133
121900015,280,255,25
121900016,7,56,-49
121900017,575,694,-119
121900018,425,13,412
121900019,536,399,137
121900020,41,3,38
121900021,883,26,857
121900022,347,304,43
121900023,160,491,-331
121900024,481,147,334
121900025,736,500,236
121900026,507,68,439
121900027,498,188,310
121900028,232,16,216
121900029,256,251,5
121900030,852,1054,-202
121900031,1568,9050,-7482
121900032,177,204,-27
121900033,192,229,-37
121900034,513,129,384
121900035,3370,2997,373
121900036,106,393,-287
121900037,204,706,-502
121900038,54,280,-226
121900039,573,65,508
121900040,93,112,-19
121900041,125,191,-66
121900042,437,188,249
121900043,6,9,-3
121900044,272,99,173
121900046,481,323,158
121900047,226,90,136
121900048,55,213,-158
121900050,47,57,-10
121900051,215,185,30
121900052,212,75,137
121900053,720,437,283
121900054,695,1023,-328
121900055,22,17,5
121900058,336,237,99
121900059,596,238,358
121900060,199,448,-249
121900061,833,216,617
121900062,227,146,81
121900063,1474,426,1048
121900064,401,801,-400
121900066,98,20,78
121900067,61,70,-9
121900069,205,195,10
121900070,480,139,341
121900071,353,342,11
121900072,75,256,-181
121900073,529,250,279
121900074,1017,1192,-175
121900075,1164,462,702
121900076,1225,747,478
121900077,52,47,5
121900078,121,33,88
121900079,0,0,0
121900080,1210,605,605
121900082,69,133,-64
121900084,16,287,-271
121900085,6,25,-19
121900086,30,80,-50
121900087,171,132,39
121900088,2734,4692,-1958
121900089,253,466,-213
121900090,36,167,-131
121900091,68,178,-110
121900092,95,96,-1
121900093,66,81,-15
121900094,20,12,8
121900095,260,203,57
121900096,1952,939,1013
121900097,888,246,642
121900098,16,13,3
121900099,341,121,220
121900100,379,540,-161
121900101,200,153,47
121900102,4,173,-169
121900103,1081,321,760
121900104,1815,462,1353
121900105,374,283,91
121900106,10,10,0
121900107,84,48,36
121900108,4,48,-44
121900109,450,196,254
121900110,514,1170,-656
121900111,1935,189,1746
121900112,259,156,103
121900113,104,673,-569
121900114,60,131,-71
121900117,623,85,538
121900118,2932,742,2190
121900119,170,163,7
121900120,57,2099,-2042
121900121,899,88,811
121900122,37,109,-72
121900123,276,535,-259
121900124,128,266,-138
121900125,2039,1752,287
121900127,7,134,-127
121900128,177,156,21
121900129,1032,241,791
121900130,160,308,-148
121900131,431,115,316
121900132,127,164,-37
121900133,92,552,-460
121900134,58,191,-133
121900135,2743,359,2384
121900136,306,584,-278
121900137,76,547,-471
121900138,196,303,-107
121900139,474,521,-47
121900140,144,277,-133
121900141,52,59,-7
121900142,241,213,28
121900143,20,261,-241
121900144,168,346,-178
121900145,202,287,-85
121900146,988,1024,-36
121900147,44,196,-152
121900148,341,354,-13
121900149,436,878,-442
121900150,84,185,-101
121900151,112,287,-175
121900152,105,201,-96
121900153,139,774,-635
121900154,46,275,-229
121900155,7,212,-205
121900156,191,138,53
121900157,2,522,-520
121900158,79,129,-50
121900159,3,325,-322
121900160,59,295,-236
121900161,506,468,38
121900162,152,190,-38
121900163,330,882,-552
121900164,644,266,378
121900165,298,242,56
121900166,382,265,117
121900167,239,122,117
121900168,296,241,55
121900169,2,360,-358
121900170,10,315,-305
121900171,833,839,-6
121900172,554,300,254
121900173,1143,281,862
121900174,78,97,-19
121900175,491,192,299
121900176,945,1888,-943
121900177,232,91,141
121900178,53,99,-46
121900179,370,191,179
121900180,5981,5627,354
121900182,1181,406,775
121900183,1054,962,92
121900184,99,669,-570
121900186,15,343,-328
121900187,42,232,-190
121900188,655,670,-15
121900189,46,165,-119
121900190,388,634,-246
121900191,89,274,-185
121900192,471,808,-337
121900193,99,209,-110
121900194,3,203,-200
121900195,148,120,28
121900196,1145,1818,-673
121900197,400,1965,-1565
121900198,1314,1855,-541
121900199,6,36,-30
121900200,203,342,-139
121900201,1720,1044,676
121900202,180,866,-686
121900203,278,1420,-1142
121900204,1271,1730,-459
121900205,6,116,-110
121900206,20,17,3
121900207,250,65,185
121900208,296,358,-62
121900209,60,34,26
121900210,2579,1667,912
121900211,194,500,-306
121900212,140,156,-16
121900213,200,143,57
121900214,20,758,-738
121900215,83,222,-139
121900216,103,174,-71
121900217,307,198,109
121900218,248,615,-367
121900220,217,28,189
121900221,364,1000,-636
121900222,286,216,70
121900223,337,76,261
121900224,157,77,80
121900225,358,169,189
121900226,380,1669,-1289
121900227,239,632,-393
121900228,271,482,-211
121900230,171,368,-197
121900231,858,2302,-1444
121900232,457,449,8
121900233,314,312,2
121900234,569,387,182
121900235,710,297,413
121900236,486,217,269
121900237,196,386,-190
121900238,196,412,-216
121900239,233,43,190
121900240,286,176,110
121900241,48,94,-46
121900242,7,2,5
121900243,14,0,14
121900244,32,2,30
121900245,238,113,125
121900246,2793,494,2299
121900247,409,386,23
121900248,2038,1446,592
121900250,301,374,-73
121900251,335,48,287
121900252,778,210,568
121900253,173,971,-798
121900254,703,317,386
121900255,286,125,161
121900258,3953,2926,1027
121900259,467,843,-376
121900260,204,265,-61
121900261,215,796,-581
121900262,609,1577,-968
121900263,285,450,-165
121900264,2411,2199,212
121900265,458,377,81
121900266,512,253,259
121900267,80,46,34
121900269,273,712,-439
121900270,59,269,-210
121900271,86,203,-117
121900273,830,2715,-1885
121900274,305,286,19
121900277,617,1422,-805
121900278,234,1061,-827
121900279,340,193,147
121900280,396,445,-49
121900281,1298,523,775
121900284,53,18,35
121900286,601,170,431
121900287,19,40,-21
121900288,12,4,8
121900290,362,315,47
121900291,483,823,-340
121900292,250,156,94
121900293,1242,3674,-2432
121900294,379,2,377
121900295,155,310,-155
121900296,165,211,-46
121900298,606,788,-182
121900299,0,4,-4
121900300,66,3,63
121900301,59,4,55
121900302,0,45,-45
121900303,911,381,530
121900304,1,19,-18
121900305,0,3,-3
121900306,73,2,71
121900307,42,28,14
121900308,29,376,-347
121900309,7,369,-362
121900310,26,487,-461
121900311,399,109,290
121900312,251,21,230
121900313,676,39,637
121900314,24,87,-63
121900315,3,1,2
121900316,0,12,-12
121900317,19,4,15
121900318,4,25,-21
121900319,30,325,-295
121900320,60,137,-77
121900321,13,2,11
121900322,4,27,-23
121900323,15,15,0
121900324,9,96,-87
121900325,9,2,7
121900326,3,24,-21
121900327,14,85,-71
121900328,0,37,-37
121900329,2,284,-282
121900330,0,28,-28
121900331,33,12,21
121900332,100,46,54
121900333,30,4,26
121900334,95,67,28
122000001,3012,5249,-2237
122000002,6309,2227,4082
122000003,2625,2919,-294
122000004,4084,2205,1879
122000005,3083,1871,1212
122000006,2487,920,1567
122000007,1744,2326,-582
122000008,6395,7009,-614
122000009,597,411,186
122000010,2671,3856,-1185
122000011,4120,1776,2344
122000012,1464,1603,-139
122000013,2824,1548,1276
122000014,1744,2116,-372
122000015,1712,1295,417
122000016,714,1059,-345
122000017,1326,1378,-52
122000018,1683,1384,299
122000019,987,1415,-428
122000020,295,251,44
122000021,577,569,8
122000022,1854,1568,286
122000023,871,3018,-2147
122000024,999,1223,-224
122000025,2586,1890,696
122000026,1439,1164,275
122000027,673,4605,-3932
122000028,913,591,322
122000029,668,485,183
122000030,402,170,232
122000031,210,274,-64
122000032,2123,3526,-1403
122000033,1142,1230,-88
122000034,1280,845,435
122000035,409,1162,-753
122000036,748,691,57
122000037,325,308,17
122000038,345,425,-80
122000039,816,724,92
122000040,444,635,-191
122000041,645,719,-74
122000042,436,601,-165
122000043,225,170,55
122000044,185,212,-27
122000045,2190,569,1621
122000046,945,1332,-387
122000047,377,239,138
122000048,4374,6440,-2066
122000049,7902,3337,4565
122000050,2604,918,1686
122000051,427,356,71
122000052,683,366,317
122000053,175,700,-525
122000054,3192,2575,617
122000055,2965,3420,-455
122000056,6471,4921,1550
122000057,4455,4281,174
122000058,4108,1390,2718
122000059,3910,1948,1962
122000060,1041,761,280
122000061,752,579,173
122000062,1595,474,1121
122000063,2115,863,1252
122000064,4864,3296,1568
122000065,7015,3148,3867
122000066,1580,1253,327
122000067,3133,1601,1532
122000068,1852,2007,-155
122000069,896,938,-42
122000070,873,4163,-3290
122000071,1607,1804,-197
122000072,418,490,-72
122000073,507,699,-192
122000074,3413,2143,1270
122000075,834,2007,-1173
122000076,2791,1516,1275
122000077,2408,843,1565
122000078,3294,2801,493
122000079,3046,1372,1674
122000080,1694,486,1208
122000081,267,458,-191
122000082,1449,975,474
122000083,1977,3828,-1851
122000084,1699,1184,515
122000085,344,2506,-2162
122000086,3354,7047,-3693
122000087,603,259,344
122000088,449,511,-62
122000089,9131,4135,4996
122000090,401,688,-287
122000091,566,99,467
122000092,330,40,290
122000093,2822,1459,1363
122000094,9834,2936,6898
122000095,4450,4441,9
122000096,3763,2728,1035
122000098,4690,2243,2447
122000099,5347,925,4422
122000100,1415,1177,238
122000101,351,1888,-1537
122000102,2320,1417,903
122000103,2732,1814,918
122000104,570,230,340
122000105,853,268,585
122000106,769,650,119
122000107,1182,625,557
122000108,563,899,-336
122000109,464,570,-106
122000110,551,609,-58
122000111,3263,1522,1741
122000112,1075,2238,-1163
122000113,706,790,-84
122000114,7504,2199,5305
122000115,2077,2893,-816
122000116,787,789,-2
122000117,1755,634,1121
122000118,634,1114,-480
122000119,5498,3887,1611
122000120,5144,7415,-2271
122000121,6135,4122,2013
122000122,1265,2272,-1007
122000123,3575,2935,640
122000124,2237,1027,1210
122000125,810,947,-137
122000126,1468,1746,-278
122000127,2153,1850,303
122000128,876,1192,-316
122000129,547,2029,-1482
122000130,4892,2298,2594
122000131,3817,2705,1112
122000132,1474,960,514
122000133,1530,2299,-769
122000134,1176,1110,66
122000135,1069,940,129
122000136,1223,951,272
122000137,2268,1198,1070
122000139,1946,5175,-3229
122000140,1707,683,1024
122000141,5855,1347,4508
122000142,705,989,-284
122000143,864,1188,-324
122000144,3483,1898,1585
122000145,2485,1401,1084
122000146,876,1469,-593
122000147,1448,680,768
122000148,3046,2229,817
122000149,3106,2236,870
122000150,1860,1488,372
122000151,381,508,-127
122000152,684,507,177
122000153,614,426,188
122000154,510,216,294
122000155,2113,3824,-1711
122000156,2435,2588,-153
122000157,2602,1841,761
122000158,588,831,-243
122000159,1834,2783,-949
122000160,10002,4822,5180
122000161,2708,1914,794
122000162,3345,2982,363
122000163,319,131,188
122000164,34,81,-47
122000165,1312,872,440
122000166,1901,1615,286
122000167,264,243,21
122000168,241,646,-405
122000169,722,291,431
122000170,374,271,103
122000171,56,88,-32
122000172,1863,1789,74
122000173,1703,2571,-868
122000174,3907,1041,2866
122000175,1889,438,1451
122000176,344,828,-484
122000177,2525,1688,837
122000178,4521,3934,587
122000179,2157,3015,-858
122000180,2191,1818,373
122000181,2317,4218,-1901
122000182,2595,2257,338
122000183,2377,1704,673
122000184,2979,2593,386
122000185,1569,1669,-100
122000186,667,969,-302
122000187,2773,1381,1392
122000188,510,272,238
122000189,375,435,-60
122000190,1475,1371,104
122000191,1485,913,572
122000192,1722,507,1215
122000193,620,761,-141
122000194,1136,285,851
122000195,302,502,-200
122000196,1622,764,858
122000197,732,795,-63
122000198,645,979,-334
122000199,502,444,58
122000200,1717,1118,599
122000201,1802,1594,208
122000202,1725,1371,354
122000203,3516,1785,1731
122000204,2403,2582,-179
122000205,2153,1994,159
122000206,3029,1289,1740
122000207,2799,1777,1022
122000208,4011,2034,1977
122000209,3550,509,3041
122000210,3773,2306,1467
122000211,2358,1321,1037
122000212,1355,833,522
122000213,1377,1812,-435
122000214,2669,2224,445
122000215,2254,2013,241
122000217,2670,1736,934
122000218,1050,127,923
122000219,1650,1207,443
122000220,579,878,-299
122000221,91,578,-487
122000222,828,209,619
122000223,2000,724,1276
122000225,1417,414,1003
122000226,3776,2562,1214
122000227,496,3834,-3338
122000228,602,503,99
122000229,29,618,-589
122000230,91,878,-787
122000231,334,1113,-779
122000232,943,1304,-361
122000233,3,125,-122
122000234,541,208,333
122000235,1073,228,845
122000236,1520,243,1277
122000237,158,136,22
122000238,455,447,8
122000239,767,244,523
122000240,1775,706,1069
122000241,2308,742,1566
122000242,1122,175,947
122000243,439,79,360
122000244,83,635,-552
122000245,120,406,-286
122000246,614,236,378
122000247,795,1185,-390
122000248,1757,2629,-872
122000249,1651,1127,524
122000250,3192,1620,1572
122000251,381,650,-269
122000252,808,165,643
122000253,44,431,-387
122000254,428,145,283
122000255,1121,2257,-1136
122000256,487,1530,-1043
122000257,327,476,-149
122000258,325,379,-54
122000259,15,654,-639
122000260,9,119,-110
122000261,7,273,-266
122000262,2,85,-83
122000263,322,186,136
122000264,1785,611,1174
122000265,3908,1170,2738
122000266,8907,881,8026
122000267,145,127,18
122000268,366,550,-184
122000269,1638,403,1235
122000270,1990,205,1785
122000271,502,1493,-991
122000272,498,1362,-864
122000273,646,503,143
122000274,194,228,-34
122000275,128,295,-167
122000276,1083,760,323
122000277,2095,1894,201
122000278,2460,1213,1247
122000279,340,732,-392
122000280,1580,1176,404
122000281,1167,1175,-8
122000282,408,181,227
122000283,1203,107,1096
122000284,270,129,141
122000285,806,122,684
122000286,246,216,30
122000287,2201,1816,385
122000288,1250,333,917
122000291,2279,995,1284
122000293,463,390,73
122000294,156,300,-144
122000295,1658,318,1340
122000296,49,857,-808
122000297,3659,3474,185
122000299,480,551,-71
122000300,627,814,-187
122000301,15507,4509,10998
122000302,1343,1915,-572
122000303,5179,1713,3466
122000304,128,324,-196
122000305,1550,470,1080
122000306,52,1058,-1006
122000307,221,171,50
122000309,114,92,22
122000310,89,76,13
122000311,439,236,203
122000312,202,78,124
122000313,272,80,192
122000314,140,307,-167
122000315,306,56,250
122000316,950,273,677
122000317,1546,342,1204
122000318,336,1117,-781
122000319,375,691,-316
122000320,437,2480,-2043
122000321,146,350,-204
122000322,2916,3480,-564
122000323,1894,2811,-917
122000324,1733,1532,201
122000325,1191,2053,-862
122000326,80,165,-85
122000327,931,1601,-670
122000328,1885,1165,720
122000330,3070,1035,2035
122000332,387,489,-102
122000333,7,139,-132
122000337,1242,2177,-935
122000338,578,667,-89
122000340,583,436,147
122000342,3232,1492,1740
122000343,597,1835,-1238
122000344,104,30,74
122000345,155,78,77
122000346,380,705,-325
122000348,837,983,-146
122000349,201,1090,-889
122000351,208,268,-60
122000352,635,180,455
122000353,124,97,27
122000355,222,249,-27
122000356,2595,1155,1440
122000357,120,34,86
122000358,0,72,-72
122000359,0,46,-46
122000360,1,65,-64
122000362,10,120,-110
122000364,231,456,-225
122000365,1,51,-50
122000366,10,10,0
122000368,542,791,-249
122000370,37,86,-49
122000371,77,1,76
122000372,32,2,30
122000381,88,454,-366
122000382,115,323,-208
122000384,5261,2279,2982
122000385,110,0,110
122000386,1105,1816,-711
122000387,1344,644,700
122000388,2567,840,1727
122000389,288,750,-462
122000390,788,312,476
122000391,608,140,468
122000392,246,313,-67
122000393,496,183,313
122000394,753,378,375
122000395,264,218,46
122000396,583,179,404
122000397,81,108,-27
122000398,50,75,-25
122000399,250,126,124
122000400,270,694,-424
122000401,174,103,71
122000402,391,192,199
122000403,681,1203,-522
122000404,229,413,-184
122000408,1040,1655,-615
122000503,19,169,-150
122000524,226,139,87
122000544,104,5065,-4961
122000616,506,2,504
122000640,86,207,-121
122000641,174,482,-308
122000642,2407,1471,936
122000643,47,224,-177
122000644,239,35,204
122000645,125,557,-432
122000651,3107,846,2261
122000664,198,63,135
122000665,1487,660,827
122000666,779,1410,-631
122000673,30,417,-387
122000674,184,78,106
122000675,2393,1666,727
122000686,442,1483,-1041
122000687,2290,469,1821
122000688,321,957,-636
122000689,1188,833,355
122000690,1822,801,1021
122000691,600,2765,-2165
122000692,2039,530,1509
122000693,708,2392,-1684
122000695,391,684,-293
122000696,464,477,-13
122000698,417,1084,-667
122000699,324,210,114
122000701,1637,507,1130
122000702,577,2012,-1435
122000703,189,117,72
122000712,0,0,0
122000717,309,110,199
122000718,486,1192,-706
122000719,210,117,93
122000720,531,446,85
122000724,170,37,133
122900001,53,22,31
122900002,1892,6123,-4231
122900003,640,71,569
122900004,1170,68,1102
122900005,146,45,101
122900006,2049,505,1544
122900007,291,75,216
122900008,1249,98,1151
122900009,1177,689,488
122900010,249,264,-15
122900012,310,418,-108
122900014,224,458,-234
122900015,3123,1146,1977
122900016,245,438,-193
122900017,587,1168,-581
122900018,294,22,272
122900019,10,218,-208
122900020,866,495,371
122900021,44,1368,-1324
122900022,979,1141,-162
122900023,680,299,381
122900024,175,157,18
122900025,26,230,-204
122900026,126,479,-353
122900027,63,916,-853
122900028,153,280,-127
122900029,5853,3786,2067
122900030,1640,607,1033
122900031,132,458,-326
122900032,132,556,-424
122900033,500,197,303
122900034,5104,7941,-2837
122900035,60,26,34
122900036,58,242,-184
122900037,656,165,491
122900038,170,4863,-4693
122900039,154,785,-631
122900040,486,443,43
122900041,532,254,278
122900042,275,427,-152
122900043,840,259,581
122900044,146,537,-391
122900045,155,116,39
122900046,529,164,365
122900047,353,211,142
122900048,71,498,-427
122900049,2101,189,1912
122900051,114,169,-55
122900052,90,197,-107
122900053,32,55,-23
122900055,552,201,351
122900057,456,59,397
122900061,611,330,281
122900062,642,991,-349
122900063,252,457,-205
122900064,2480,694,1786
122900065,722,290,432
122900066,850,433,417
122900067,1867,1017,850
122900068,210,485,-275
122900069,459,2926,-2467
122900070,478,47,431
122900071,167,622,-455
122900072,21,793,-772
122900073,46,347,-301
122900074,1067,942,125
122900075,2,124,-122
122900076,15,279,-264
122900077,11,208,-197
122900078,297,200,97
122900080,54,28,26
122900081,394,234,160
122900082,1025,258,767
122900083,272,214,58
122900084,13,334,-321
122900086,13,120,-107
122900087,382,592,-210
122900088,70,172,-102
122900089,323,215,108
122900090,26,712,-686
122900091,265,2,263
122900092,0,242,-242
122900093,2,387,-385
122900094,9,286,-277
122900095,293,17,276
122900096,353,295,58
122900097,62,41,21
122900098,153,148,5
122900099,104,24,80
122900100,1365,345,1020
122900101,1211,413,798
122900102,24,35,-11
122900103,108,13,95
122900104,127,13,114
122900105,14,8,6
122900106,7,113,-106
122900107,8,315,-307
122900108,7,309,-302
123000001,2502,458,2044
123000002,6643,5170,1473
123000003,4832,4750,82
123000004,3821,5318,-1497
123000005,3507,3613,-106
123000006,3317,3457,-140
123000007,4579,3361,1218
123000008,3584,4808,-1224
123000009,6021,4303,1718
123000010,4511,4628,-117
123000011,4681,1037,3644
123000012,1176,3086,-1910
123000013,4529,1160,3369
123000014,1465,4695,-3230
123000015,5501,1119,4382
123000016,7454,5285,2169
123000017,3787,2274,1513
123000018,92,163,-71
123000019,321,399,-78
123000020,200,204,-4
123000021,111,579,-468
123000022,512,3859,-3347
123000023,1818,1811,7
123000024,2182,783,1399
123000025,281,408,-127
123000026,31,112,-81
123000027,1147,529,618
123000028,2999,354,2645
123000029,3183,721,2462
123000030,529,598,-69
123000031,264,412,-148
123000032,452,334,118
123000033,416,69,347
123000034,1708,1469,239
123000035,433,560,-127
123000036,356,1494,-1138
123000037,273,367,-94
123000038,88,246,-158
123000039,474,1592,-1118
123000040,1107,428,679
123000041,1758,1425,333
123000042,1633,743,890
123000043,4920,10539,-5619
123000044,6703,3186,3517
123000045,13194,3662,9532
123000046,1138,1734,-596
123000047,3472,1689,1783
123000048,98,834,-736
123000049,9663,10565,-902
123000050,1668,1910,-242
123000051,122,257,-135
123000052,928,4489,-3561
123000053,3587,4748,-1161
123000054,1797,1868,-71
123000055,1500,2341,-841
123000056,1724,2409,-685
123000057,20941,8721,12220
123000058,900,1243,-343
123000059,596,734,-138
123000060,1075,483,592
123000061,341,991,-650
123000063,1113,1249,-136
123000064,1307,369,938
123000065,7702,4278,3424
123000066,1160,1028,132
123000067,1468,1117,351
123000068,4067,4624,-557
123000069,8778,4987,3791
123000070,411,1149,-738
123000071,1148,1358,-210
123000072,1425,1646,-221
123000073,1478,1130,348
123000074,1384,2174,-790
123000075,458,1448,-990
123000076,946,1414,-468
123000077,2753,4160,-1407
123000078,1874,2132,-258
123000079,1729,2614,-885
123000080,2963,2639,324
123000081,240,571,-331
123000082,495,1350,-855
123000083,1339,312,1027
123000084,813,927,-114
123000085,345,165,180
123000086,568,398,170
123000087,397,549,-152
123000088,1381,1219,162
123000089,699,1517,-818
123000090,1509,1322,187
123000091,2089,2347,-258
123000092,1367,1651,-284
123000094,654,307,347
123000095,648,824,-176
123000096,1016,541,475
123000097,718,1204,-486
123000098,1003,845,158
123000099,788,1067,-279
123000100,744,885,-141
123000101,860,790,70
123000102,760,834,-74
123000104,549,495,54
123000105,658,578,80
123000106,695,575,120
123000107,562,703,-141
123000108,1000,1697,-697
123000111,1067,496,571
123000112,1307,831,476
123000113,830,2264,-1434
123000114,568,867,-299
123000115,448,415,33
123000116,57,227,-170
123000117,2150,2941,-791
123000118,557,1251,-694
123000119,349,1239,-890
123000120,486,1098,-612
123000121,549,779,-230
123000122,602,268,334
123000123,625,784,-159
123000124,686,673,13
123000125,1529,1663,-134
123000126,2165,4977,-2812
123000127,1270,847,423
123000128,443,446,-3
123000129,803,273,530
123000130,745,122,623
123000131,1084,935,149
123000132,465,821,-356
123000133,467,590,-123
123000134,636,276,360
123000135,2757,1627,1130
123000136,295,1223,-928
123000137,132,487,-355
123000138,110,586,-476
123000139,610,187,423
123000140,169,1171,-1002
123000141,1104,224,880
123000142,1124,1299,-175
123000143,2034,2841,-807
123000144,52,25,27
123000145,290,207,83
123000146,83,124,-41
123000147,249,173,76
123000149,479,554,-75
123000150,192,288,-96
123000151,366,581,-215
123000152,126,518,-392
123000153,285,842,-557
123000154,2277,2595,-318
123000155,2933,1276,1657
123000156,61,202,-141
123000157,880,1112,-232
123000158,828,1077,-249
123000159,4946,3128,1818
123000160,1264,934,330
123000161,2139,1654,485
123000162,1127,2345,-1218
123000163,563,159,404
123000164,1813,425,1388
123000165,470,2271,-1801
123000166,57,211,-154
123000167,166,476,-310
123000168,365,371,-6
123000169,1058,198,860
123000170,126,377,-251
123000171,851,84,767
123000172,214,744,-530
123000173,783,329,454
123000174,1359,615,744
123000175,883,1899,-1016
123000176,1374,335,1039
123000177,421,1311,-890
123000178,1180,209,971
123000179,54,837,-783
123000180,2120,471,1649
123000181,434,2079,-1645
123000182,311,634,-323
123000183,193,646,-453
123000184,128,877,-749
123000185,829,600,229
123000186,4,814,-810
123000187,697,20,677
123000188,232,2,230
123000189,215,182,33
123000190,65,70,-5
123000192,30,482,-452
123000193,85,1040,-955
123000194,538,415,123
123000195,385,33,352
123000196,432,64,368
123000197,70,253,-183
123000198,236,326,-90
123000199,12,775,-763
123000200,654,12,642
123000201,1137,65,1072
123000202,21,1534,-1513
123000203,1085,144,941
123000204,99,1448,-1349
123000205,612,2502,-1890
123000206,2429,323,2106
123000207,115,1130,-1015
123000208,833,213,620
123000209,2672,695,1977
123000210,785,2483,-1698
123000211,766,3369,-2603
123000212,3785,524,3261
123000213,803,130,673
123000215,311,172,139
123000216,217,794,-577
123000217,208,51,157
123000218,201,702,-501
123000219,1334,257,1077
123000220,606,117,489
123000221,241,199,42
123000222,502,709,-207
123000223,313,529,-216
123000224,467,774,-307
123000225,358,123,235
123000226,104,478,-374
123000227,140,443,-303
123000228,339,83,256
123000229,1359,2208,-849
123000232,131,888,-757
123000233,943,232,711
123000234,253,911,-658
123000235,1209,432,777
123000236,350,1053,-703
123000237,422,121,301
123000238,127,792,-665
123000239,656,2248,-1592
123000240,80,616,-536
123000241,970,156,814
123000242,193,306,-113
123000243,1047,1222,-175
123000244,1338,951,387
123000245,87,208,-121
123000249,463,1072,-609
123000252,1285,360,925
123000253,1413,613,800
123000254,779,1356,-577
123000255,1514,1070,444
123000256,58,320,-262
123000257,4634,3152,1482
123000258,1395,1417,-22
123000259,384,560,-176
123000260,528,736,-208
123000261,240,280,-40
123000262,146,328,-182
123000263,444,146,298
123000264,250,111,139
123000265,59,208,-149
123000266,693,986,-293
123000267,755,424,331
123000268,55,97,-42
123000269,47,77,-30
123000270,30,75,-45
123000271,178,96,82
123000272,857,353,504
123000273,347,756,-409
123000274,1527,766,761
123000275,468,1290,-822
123000278,3616,3497,119
123000279,133,164,-31
123000280,447,433,14
123000281,492,121,371
123000282,229,368,-139
123000283,135,107,28
123000284,74,155,-81
123000286,406,403,3
123000287,738,377,361
123000288,1669,1145,524
123000289,641,1386,-745
123000291,423,1091,-668
123000294,183,255,-72
123000295,1203,1121,82
123000296,733,521,212
123000297,755,1124,-369
123000298,857,778,79
123000299,88,302,-214
123000300,1149,1081,68
123000301,224,340,-116
123000302,89,271,-182
123000303,205,130,75
123000305,1213,1036,177
123000306,198,298,-100
123000309,54,72,-18
123000310,79,55,24
123000311,0,109,-109
123000312,994,1156,-162
123000313,570,568,2
123000315,110,472,-362
123000316,2189,167,2022
123000317,339,76,263
123000318,61,347,-286
123000329,30,17,13
123000337,817,311,506
123000338,1527,75,1452
123000339,250,227,23
123000340,182,642,-460
123000342,30,123,-93
123000343,91,2,89
123000344,1652,665,987
123000345,441,753,-312
123000346,491,80,411
123000352,2177,1052,1125
123000353,25,168,-143
123000354,754,3,751
123000355,2,785,-783
123000356,425,16,409
123000357,3,273,-270
123000359,6,223,-217
123000360,264,193,71
123000361,619,469,150
123000362,404,198,206
123000363,147,291,-144
123000364,637,602,35
123000365,30,441,-411
123000366,524,2547,-2023
123000367,358,1698,-1340
123000370,71,329,-258
123000371,452,35,417
123000372,491,19,472
123000373,12,573,-561
123000374,11,309,-298
123000375,386,81,305
123000376,1072,741,331
123000377,522,33,489
123000378,13,357,-344
123000379,8,314,-306
123000380,76,489,-413
123000381,265,67,198
123000382,1672,220,1452
123000383,317,1532,-1215
123000384,646,119,527
123000385,493,877,-384
123000436,63,1463,-1400
123000507,152,368,-216
123000508,150,989,-839
123000517,375,46,329
123000518,21,306,-285
123000519,161,104,57
123000520,51,306,-255
123000521,448,165,283
123000522,213,523,-310
123000541,6,4,2
123000542,0,40,-40
123000565,684,59,625
123000566,242,865,-623
123000567,124,311,-187
123000573,41,1005,-964
123000574,814,97,717
123000575,1834,1620,214
123000576,1143,2277,-1134
123000577,128,997,-869
123000578,908,113,795
123000579,5049,6144,-1095
123000580,81,35,46
123000582,513,52,461
123000583,23,496,-473
123000584,281,342,-61
123000585,3,195,-192
123000586,142,0,142
123000596,74,206,-132
123000597,78,178,-100
123000602,35,16,19
123000603,727,898,-171
123000604,764,1214,-450
123000605,1183,151,1032
123000606,3,419,-416
123000609,39,468,-429
123000610,308,200,108
123000613,38,223,-185
123000614,192,82,110
123000615,39,136,-97
123000616,706,83,623
123000617,119,563,-444
123000618,143,802,-659
123000619,923,84,839
123000620,45,589,-544
123000622,576,48,528
123000624,185,82,103
123000630,1111,751,360
123000631,374,2246,-1872
123000632,1273,1297,-24
123000633,0,260,-260
123000634,90,157,-67
123000635,262,132,130
123000636,147,904,-757
123000637,209,116,93
123000638,936,108,828
123000639,1374,5100,-3726
123000640,33,1054,-1021
123000648,437,102,335
123000649,40,819,-779
123900001,1815,83,1732
123900002,36,2242,-2206
123900003,506,779,-273
123900005,365,223,142
123900006,449,57,392
124000001,2625,178,2447
124000002,165,2323,-2158
124000003,992,226,766
124000004,122,861,-739
124000005,1165,702,463
124000006,356,1532,-1176
124000007,758,221,537
124000008,22,1149,-1127
124000009,729,437,292
124000010,200,823,-623
124000011,2028,480,1548
124000012,636,934,-298
124000017,169,195,-26
124000018,107,122,-15
124000019,209,188,21
124000020,73,249,-176
124000021,193,84,109
124000022,125,316,-191
124000023,2088,1844,244
124000024,1356,706,650
124000025,1893,2133,-240
124000026,1343,1287,56
124000027,6001,6559,-558
124000028,3290,5602,-2312
124000030,4214,1725,2489
124000031,1496,4166,-2670
124000032,4548,1122,3426
124000033,942,1070,-128
124000034,2236,992,1244
124000035,381,250,131
124000036,201,757,-556
124000037,966,1222,-256
124000038,68,145,-77
124000039,1499,597,902
124000040,742,1316,-574
124000041,451,102,349
124000042,86,611,-525
124000043,171,155,16
124000044,99,317,-218
124000045,1013,846,167
124000046,355,984,-629
124000047,1876,1259,617
124000048,1192,2210,-1018
124000049,1942,913,1029
124000050,1008,2620,-1612
124000051,1019,758,261
124000052,810,1579,-769
124000053,688,1947,-1259
124000054,1184,804,380
124000055,1571,3186,-1615
124000056,3981,2000,1981
124000057,1125,616,509
124000058,557,1738,-1181
124000059,757,1325,-568
124000060,1770,1027,743
124000061,1993,5696,-3703
124000062,8887,2445,6442
124000063,1889,2376,-487
124000064,3312,2097,1215
124000065,183,454,-271
124000066,413,101,312
124000067,216,330,-114
124000068,66,184,-118
124000069,773,378,395
124000070,323,699,-376
124000071,178,131,47
124000072,244,648,-404
124000073,1151,195,956
124000074,367,1011,-644
124000075,300,42,258
124000076,14,261,-247
124000077,2665,1078,1587
124000078,4226,1339,2887
124000079,659,1501,-842
124000080,488,184,304
124000081,233,844,-611
124000082,54,162,-108
124000083,116,170,-54
124000084,100,677,-577
124000085,132,63,69
124000086,103,113,-10
124000087,191,128,63
124000088,297,449,-152
124000089,1169,481,688
124000090,150,556,-406
124000091,568,148,420
124000092,172,947,-775
124000093,102,89,13
124000094,151,718,-567
124000095,97,121,-24
124000096,172,405,-233
124000097,115,230,-115
124000098,54,118,-64
124000099,261,181,80
124000100,55,138,-83
124000101,100,101,-1
124000102,137,103,34
124000103,132,129,3
124000104,149,79,70
124000105,70,108,-38
124000106,178,112,66
124000107,24,195,-171
124000108,78,49,29
124000109,142,106,36
124000110,351,168,183
124000111,299,300,-1
124000112,716,951,-235
124000113,105,142,-37
124000114,428,609,-181
124000115,615,891,-276
124000116,156,152,4
124000117,54,116,-62
124000118,42,82,-40
124000119,1686,747,939
124000120,933,594,339
124000121,1658,778,880
124000122,713,1458,-745
124000123,1079,648,431
124000124,544,1463,-919
124000125,583,651,-68
124000126,363,895,-532
124000127,990,572,418
124000128,967,1272,-305
124000129,2454,1759,695
124000130,1022,831,191
124000131,1232,612,620
124000132,1226,1006,220
124000133,952,1191,-239
124000134,1169,888,281
124000135,2258,2382,-124
124000136,1300,1433,-133
124000137,2066,867,1199
124000138,2184,1755,429
124000139,1050,53,997
124000140,72,573,-501
124000141,508,20,488
124000142,63,310,-247
124000143,103,24,79
124000144,7,100,-93
124000145,112,43,69
124000146,18,114,-96
124000148,38,141,-103
124000149,1350,607,743
124000150,450,777,-327
124000151,973,490,483
124000152,1033,1728,-695
124000153,681,895,-214
124000154,452,1017,-565
124000155,1753,1369,384
124000156,2266,1446,820
124000169,228,716,-488
124000170,866,535,331
124000171,393,347,46
124000172,615,790,-175
124000173,716,330,386
124000174,611,870,-259
124000175,23,148,-125
124000176,93,11,82
124000177,7,68,-61
124000178,36,68,-32
124000190,156,44,112
124000191,570,116,454
124000192,5048,528,4520
124000193,1284,1432,-148
124000194,520,665,-145
124000195,337,813,-476
124000196,1444,1475,-31
124000197,70,57,13
124000198,34,37,-3
124000201,552,1433,-881
124000202,687,442,245
124000203,459,1099,-640
124000204,1083,656,427
124000205,73,655,-582
124000206,612,596,16
124000207,0,70,-70
124000209,361,659,-298
124000210,458,255,203
124000211,591,2,589
124000212,5,638,-633
124000213,483,481,2
124000214,385,925,-540
124000215,751,37,714
124000216,5,574,-569
124000329,213,2626,-2413
124000338,143,1235,-1092
124000339,1046,201,845
124000341,1533,173,1360
124000344,28,3,25
124000357,1423,3529,-2106
124000358,918,2108,-1190
124000359,1231,859,372
124000360,931,735,196
124000361,2955,979,1976
124000362,2121,2812,-691
124000363,305,432,-127
124000364,869,1114,-245
124000365,811,1364,-553
124000366,2414,1143,1271
124000367,219,917,-698
124000368,727,641,86
124000369,259,221,38
124000370,94,1009,-915
124000402,56,11,45
124000403,127,8,119
124000404,6,191,-185
124000405,1252,1013,239
124000406,1102,1117,-15
124000407,4,55,-51
124000411,22,558,-536
124000412,539,27,512
124000413,1103,57,1046
124000414,76,281,-205
124000415,58,212,-154
124000416,167,376,-209
124000417,181,147,34
124000418,203,172,31
124000419,105,233,-128
124000420,95,147,-52
124000421,61,297,-236
124000422,49,25,24
124000423,221,38,183
124000424,3,137,-134
124000425,93,113,-20
124000426,7,140,-133
124000427,84,14,70
124000428,59,61,-2
124000429,49,78,-29
124000430,725,673,52
124000431,353,802,-449
124000432,254,1076,-822
124000439,4,16,-12
124000443,0,9,-9
124000445,683,1894,-1211
124000446,2760,135,2625
124900001,478,417,61
124900002,219,512,-293
124900003,1119,748,371
124900004,664,461,203
124900005,314,298,16
124900006,773,450,323
124900008,1494,718,776
124900009,258,418,-160
124900010,229,124,105
124900011,709,290,419
124900012,586,145,441
124900013,630,225,405
124900014,319,108,211
124900015,215,431,-216
124900016,72,156,-84
124900017,806,1744,-938
124900018,34,15,19
124900020,88,89,-1
124900021,276,63,213
124900022,131,29,102
124900024,334,54,280
124900026,294,10,284
124900027,156,406,-250
124900028,673,144,529
124900029,16,542,-526
124900030,12,214,-202
124900031,41,451,-410
124900032,207,250,-43
124900033,109,481,-372
124900034,3,106,-103
124900035,302,586,-284
124900036,6,63,-57
124900037,273,485,-212
124900038,433,553,-120
124900039,0,39,-39
124900040,207,102,105
124900041,390,1412,-1022
124900042,223,1,222
124900043,545,1466,-921
124900044,71,7,64
124900045,1019,1468,-449
124900046,1515,314,1201
124900047,248,260,-12
124900048,268,223,45
124900050,182,366,-184
124900052,77,527,-450
124900053,114,525,-411
124900054,3223,530,2693
124900055,0,189,-189
124900057,6,87,-81
124900060,120,325,-205
124900061,107,13,94
124900062,140,22,118
124900066,0,12,-12
124900067,9,265,-256
124900068,264,697,-433
124900070,46,26,20
124900072,148,39,109
124900075,207,318,-111
124900076,29,1226,-1197
124900077,35,96,-61
124900078,120,21,99
124900079,904,293,611
124900080,345,961,-616
124900081,1131,380,751
124900082,470,1313,-843
124900083,281,748,-467
124900085,1511,485,1026
124900086,126,1485,-1359
124900087,831,131,700
124900088,982,165,817
124900089,1782,56,1726
124900090,343,327,16
124900091,406,641,-235
124900092,352,429,-77
124900093,395,291,104
124900094,435,338,97
124900095,124,522,-398
124900096,684,325,359
124900097,381,113,268
124900098,161,547,-386
124900099,825,619,206
124900100,380,115,265
124900101,81,484,-403
124900102,259,63,196
124900103,244,322,-78
124900104,107,211,-104
124900105,131,183,-52
124900106,523,63,460
124900107,100,25,75
124900108,220,99,121
124900111,7,64,-57
124900112,74,788,-714
124900113,144,392,-248
124900114,389,139,250
124900115,69,44,25
124900116,250,235,15
124900117,750,153,597
124900118,371,347,24
124900119,451,219,232
124900120,68,468,-400
124900121,151,395,-244
124900122,592,323,269
124900123,527,152,375
124900124,199,452,-253
204000001,139,19,120
204000002,38,9,29
204000003,60,5,55
204000004,6,2,4
204000005,718,668,50
204000006,1419,2147,-728
204000011,14,88,-74
204000012,52,97,-45
204000019,609,601,8
204000020,873,716,157
204000021,1956,914,1042
204000022,559,581,-22
204000023,682,1221,-539
204000031,92,28,64
204000032,702,48,654
204000034,22,235,-213
204000035,1,3,-2
204000036,8,22,-14
204000037,2,14,-12
204000038,1,25,-24
204000039,6,49,-43
204000040,15,27,-12
204000041,46,61,-15
204000042,158,17,141
204000043,38,3,35
204000044,57,3,54
204000045,126,4,122
204000046,37,4,33
204000057,5,33,-28
204000062,46,72,-26
204000068,59,286,-227
204000069,84,362,-278
204000070,77,97,-20
204000080,57,85,-28
204000085,2499,2221,278
204000086,3859,2970,889
204000087,61,7,54
204000088,7,99,-92
204000090,30,426,-396
204000093,364,61,303
204000096,1264,1223,41
204000097,442,18,424
204000099,1222,1972,-750
204000100,1354,2325,-971
204000105,2889,1870,1019
204000110,1053,1402,-349
204000111,683,789,-106
204000112,873,772,101
204000113,721,870,-149
204000114,964,759,205
204000115,669,378,291
204000116,748,482,266
204000119,2645,3146,-501
204000132,601,374,227
204000133,875,420,455
204000134,433,246,187
204000135,619,145,474
204000136,459,283,176
204000138,366,520,-154
204000140,287,178,109
204000141,196,101,95
204000144,7,16,-9
204000145,628,56,572
204000146,30,488,-458
204000147,18,201,-183
204000148,435,29,406
204000154,14,7,7
204000155,9,11,-2
204000177,96,76,20
204000179,20,10,10
204000180,1,34,-33
204000222,74,21,53
204000235,8,27,-19
204000236,91,414,-323
204000238,27,42,-15
204000240,519,90,429
204000263,846,1608,-762
204000268,1510,894,616
204000308,255,27,228
204000317,13,115,-102
204000322,5,51,-46
204000323,26,15,11
204000328,263,99,164
204000329,75,215,-140
204000330,239,20,219
204000331,52,141,-89
204010341,18,351,-333
205000001,1564,2307,-743
205000013,8,98,-90
205000014,27,109,-82
205000015,56,295,-239
205000016,16,265,-249
205000017,42,124,-82
205000022,456,1038,-582
205000025,1782,1438,344
205000029,284,12,272
205000045,138,327,-189
205000046,103,681,-578
205000047,64,656,-592
205000048,335,1557,-1222
205000049,183,1151,-968
205000050,1229,433,796
205000059,0,406,-406
205000060,0,155,-155
205000061,10,66,-56
205000062,7,53,-46
205000063,14,192,-178
205000064,32,200,-168
205000065,91,741,-650
205000066,149,1064,-915
205000067,77,1253,-1176
205000069,170,29,141
205000082,209,409,-200
205000110,98,366,-268
205000111,268,385,-117
205000112,202,228,-26
205000113,318,408,-90
205000121,342,127,215
205000123,91,288,-197
205000126,609,246,363
205000127,894,390,504
205000128,809,281,528
205000129,832,329,503
205000130,1282,120,1162
205000131,1218,36,1182
205000132,1145,4,1141
205000133,1137,2,1135
205000134,565,1,564
205000137,111,206,-95
205000138,222,397,-175
205000139,44,163,-119
205000144,71,78,-7
205000145,361,272,89
205000151,241,102,139
205000152,256,48,208
205000153,280,90,190
205000154,101,156,-55
205000155,146,62,84
205000207,1,202,-201
205000233,41,0,41
205000234,0,1,-1
205000243,0,1,-1
205000244,1,3,-2
205000245,17,301,-284
205000249,3,60,-57
205000250,2,2,0
205000264,12,119,-107
206000027,14,6,8
206000028,1,1,0
206000043,13,107,-94
206000053,5,6,-1
206000054,4,26,-22
206000055,0,54,-54
206000075,10,14,-4
206000076,40,22,18
206000077,16,5,11
206000078,22,3,19
206000079,20,3,17
206000082,669,29,640
206000100,58,869,-811
206000103,5,32,-27
206000104,23,32,-9
206000105,11,16,-5
206000106,16,35,-19
206000108,662,52,610
206000125,50,0,50
206000157,55,853,-798
206000170,0,268,-268
206000171,4,262,-258
206000172,6,750,-744
206000173,1,319,-318
206000174,23,121,-98
206000175,2,229,-227
206000176,12,308,-296
206000177,1,186,-185
206000178,4,165,-161
206000179,11,121,-110
206000180,19,205,-186
206000181,6,303,-297
206000182,11,257,-246
206000183,33,1052,-1019
206000184,15,422,-407
206000185,9,300,-291
206000186,153,1417,-1264
206000223,7,249,-242
206000226,23,5,18
206000227,23,3,20
206000237,29,381,-352
206000238,45,670,-625
206000239,420,2287,-1867
206000240,1,65,-64
206000241,0,126,-126
206000242,5,376,-371
206000243,7,290,-283
206000244,86,845,-759
206000245,811,69,742
206000246,202,13,189
206000247,230,12,218
206000248,347,21,326
206000252,104,41,63
206000258,34,59,-25
206000315,27,11,16
206000317,723,123,600
206000318,444,88,356
206000319,1415,131,1284
206000320,194,52,142
206000321,199,14,185
206000322,610,13,597
206000323,172,13,159
206000324,157,12,145
206000325,168,21,147
206000326,197,8,189
206000327,617,15,602
206000328,137,11,126
206000329,242,8,234
206000330,48,2,46
206000331,140,4,136
206000332,38,3,35
206000333,566,1,565
206000334,266,1,265
206000335,0,24,-24
206000361,6,267,-261
206000392,4,39,-35
206000405,159,0,159
206000441,38,50,-12
206000498,41,6,35
206000515,140,35,105
206000530,226,82,144
206000531,182,234,-52
206000532,2709,381,2328
206000535,365,2267,-1902
206000536,23,197,-174
206000537,7,230,-223
206000613,1586,288,1298
207000001,261,660,-399
207000002,138,379,-241
207000003,227,225,2
207000007,905,274,631
207000008,108,36,72
207000009,50,42,8
207000010,606,630,-24
207000012,399,316,83
207000015,442,1648,-1206
207000019,385,107,278
207000021,703,190,513
207000022,232,137,95
207000023,272,55,217
207000024,6,12,-6
207000025,24,61,-37
207000026,154,67,87
207000027,31,104,-73
207000028,73,283,-210
207000029,343,542,-199
207000033,354,418,-64
207000034,325,91,234
207000039,421,186,235
207000040,311,156,155
207000041,115,65,50
207000042,385,110,275
207000043,253,281,-28
207000051,220,428,-208
207000052,22,235,-213
207000053,591,788,-197
207000054,72,140,-68
207000055,236,203,33
207000056,485,453,32
207000057,182,322,-140
207000058,153,361,-208
207000059,128,778,-650
207000060,97,264,-167
207000061,245,494,-249
207000062,328,59,269
207000063,327,163,164
207000064,457,223,234
207000065,440,294,146
207000066,217,264,-47
207000067,69,146,-77
207000068,112,104,8
207000069,737,495,242
207000082,24,224,-200
207000083,135,400,-265
207000084,224,317,-93
207000085,219,15,204
207000086,186,2,184
207000106,57,53,4
207000107,74,26,48
207000108,80,15,65
207000109,82,13,69
207000110,74,90,-16
207000111,88,82,6
207000112,343,652,-309
207000114,29,65,-36
207000115,16,116,-100
207000116,28,513,-485
207000117,10,156,-146
207000118,7,129,-122
207000119,72,131,-59
207000123,314,44,270
207000124,93,33,60
207000125,101,71,30
207000126,85,89,-4
207000134,55,158,-103
207000135,25,228,-203
207000148,60,328,-268
207000149,138,60,78
207000152,211,499,-288
207000153,1474,1727,-253
207000154,656,190,466
207000159,132,267,-135
207000160,188,740,-552
207000238,1,164,-163
207000242,6,256,-250
207000248,62,46,16
207000249,250,65,185
207000250,1198,118,1080
207000251,141,125,16
207000252,94,100,-6
207000278,122,104,18
207000279,18,248,-230
207000280,457,67,390
207000281,118,1210,-1092
207000282,261,85,176
207000283,95,267,-172
207000284,86,204,-118
207000285,156,54,102
207000291,21,174,-153
207000304,168,62,106
207000306,83,419,-336
207000310,136,137,-1
207000353,416,3,413
207000356,38,62,-24
207000357,72,13,59
207000358,84,38,46
207000415,4,282,-278
207000417,45,7,38
207000418,140,218,-78
207000438,0,2,-2
207000439,1340,726,614
207000446,172,9,163
207000460,16,8,8
207000466,266,269,-3
207000467,227,135,92
207000468,57,532,-475
207000476,11,94,-83
207000477,734,132,602
207000478,14,54,-40
207000523,0,15,-15
207000524,50,3,47
207000527,126,241,-115
207000530,436,13,423
207000531,432,21,411
207000532,172,47,125
207000534,778,82,696
207000535,76,485,-409
207000537,26,161,-135
207000540,12,302,-290
207000541,4,506,-502
207000548,17,459,-442
207000549,435,25,410
207000561,182,240,-58
207000562,87,281,-194
207000567,221,280,-59
207000568,177,117,60
207000569,471,1184,-713
207000584,606,375,231
207000585,122,373,-251
207000587,62,38,24
207000616,0,221,-221
207000617,168,0,168
207000624,47,29,18
207000631,0,37,-37
207900008,225,172,53
208000001,821,1041,-220
208000002,1108,561,547
208000003,1565,581,984
208000004,1593,902,691
208000005,35,22,13
208000019,704,1299,-595
208000020,207,757,-550
208000021,224,676,-452
208000022,1211,717,494
208000028,1775,1394,381
208000033,626,705,-79
208000034,1425,2027,-602
208000037,550,35,515
208000040,254,217,37
208000041,1080,800,280
208000042,1446,848,598
208000047,196,452,-256
208000064,3580,1999,1581
208000066,2356,2510,-154
208000070,438,512,-74
208000071,533,1178,-645
208000072,410,1665,-1255
208000080,354,548,-194
208000081,411,221,190
208000082,644,426,218
208000083,212,590,-378
208000084,102,23,79
208000085,1615,894,721
208000086,894,1318,-424
208000087,812,1138,-326
208000089,1148,679,469
208000090,1203,1094,109
208000093,259,225,34
208000094,641,654,-13
208000095,975,522,453
208000104,1297,1346,-49
208000105,875,1421,-546
208000114,170,322,-152
208000115,590,443,147
208000116,835,1461,-626
208000117,208,195,13
208000118,152,168,-16
208000155,1305,1160,145
208000158,2193,4248,-2055
208000186,4922,4955,-33
208000204,740,1374,-634
208000205,1599,1539,60
208000282,7431,3201,4230
209000004,280,212,68
209000005,41,52,-11
209000006,489,158,331
209000007,466,332,134
209000010,676,173,503
209000011,234,315,-81
209000012,171,231,-60
209000013,327,553,-226
209000014,712,1546,-834
209000025,440,67,373
209000026,862,181,681
209000027,683,1266,-583
209000028,498,1142,-644
209000029,1004,998,6
209000030,723,1980,-1257
209000031,4196,3480,716
209000034,247,291,-44
209000035,178,189,-11
209000036,252,158,94
209000037,355,342,13
209000038,169,231,-62
209000039,100,212,-112
209000040,323,728,-405
209000041,230,541,-311
209000042,337,549,-212
209000043,1027,1239,-212
209000044,295,1046,-751
209000045,1875,615,1260
209000046,628,586,42
209000047,521,296,225
209000048,757,409,348
209000049,105,204,-99
209000050,279,256,23
209000051,363,540,-177
209000052,226,466,-240
209000062,56,184,-128
209000063,54,146,-92
209000064,47,190,-143
209000065,94,57,37
209000066,92,51,41
209000067,77,61,16
209000080,34,324,-290
209000082,84,45,39
209000091,45,127,-82
209000093,93,50,43
209000094,262,259,3
209000110,70,162,-92
209000111,521,1799,-1278
209000112,1109,676,433
209000113,2472,571,1901
209000114,704,453,251
209000115,119,218,-99
209000116,978,772,206
209000118,115,62,53
209000119,108,13,95
209000121,229,736,-507
209000135,102,247,-145
209000142,801,1931,-1130
209000143,177,154,23
209000144,253,158,95
209000229,282,246,36
209000240,46,441,-395
209000259,126,184,-58
209000260,55,1514,-1459
209000261,7,770,-763
209000262,5,611,-606
209000263,0,209,-209
209000264,0,114,-114
209000265,533,1,532
209000266,124,4,120
209000267,997,15,982
209000268,1239,61,1178
210000037,73,20,53
210000047,113,30,83
210000048,124,24,100
210000049,70,14,56
210000052,51,139,-88
210000053,33,85,-52
210000054,68,95,-27
210000070,132,3,129
210000071,74,0,74
210000072,39,0,39
210000073,0,23,-23
210000074,0,125,-125
210000075,1,72,-71
210000076,2,162,-160
210000077,137,59,78
210000078,43,41,2
210000079,108,14,94
210000080,279,57,222
210000081,207,14,193
210000082,182,5,177
210000083,95,3,92
210000084,46,0,46
210000085,0,97,-97
210000086,2,164,-162
210000099,60,332,-272
210000100,60,257,-197
210000101,81,273,-192
210000105,44,340,-296
210000159,2,189,-187
210000163,216,297,-81
210000164,364,203,161
210000168,163,32,131
210000187,0,26,-26
210000188,0,30,-30
210000214,42,0,42
210000219,54,76,-22
210000220,109,59,50
210000232,3,21,-18
210000233,23,64,-41
210000234,44,128,-84
210000235,49,120,-71
210000245,0,39,-39
210000246,30,1,29
210000258,14,110,-96
210000259,389,75,314
210000282,105,314,-209
210000285,1,122,-121
210000286,12,231,-219
210000290,6,12,-6
210000295,71,199,-128
210000296,82,67,15
210000320,217,116,101
210000321,88,106,-18
210000338,201,107,94
210000339,497,1466,-969
210000340,133,484,-351
210000341,255,302,-47
210000342,242,222,20
210000343,269,219,50
210000344,415,126,289
210000345,258,355,-97
210000346,133,180,-47
210000347,445,39,406
210000348,269,21,248
210000349,247,21,226
210000350,140,75,65
210000351,187,142,45
210000352,65,135,-70
210000353,68,149,-81
210000354,69,121,-52
210000355,171,131,40
210000356,244,80,164
210000357,166,49,117
210000358,348,157,191
210000359,278,100,178
210000360,248,136,112
210000361,272,194,78
210000362,410,263,147
210000363,1128,266,862
210000364,139,177,-38
210000365,183,97,86
210000366,139,86,53
210000367,114,40,74
210000368,245,59,186
210000369,48,17,31
210000370,85,37,48
210000372,106,33,73
210000373,94,15,79
210000374,71,13,58
210000375,24,106,-82
210000376,157,212,-55
210000404,112,181,-69
210000439,25,46,-21
210000472,167,25,142
210000482,111,106,5
210000564,696,340,356
210000567,1,41,-40
210000568,652,5,647
211000092,72,100,-28
211000094,28,15,13
211000169,229,8,221
211000172,17,319,-302
211000209,4,23,-19
211000226,30,26,4
211000270,46,14,32
211000275,29,24,5
211000276,121,35,86
211000279,34,51,-17
211000281,64,60,4
211507980,3,51,-48
211977296,44,2,42
212000003,266,48,218
212000004,183,31,152
212000005,55,32,23
212000006,80,83,-3
212000008,223,212,11
212000009,40,189,-149
212000012,75,98,-23
212000013,30,91,-61
212000014,305,221,84
212000015,315,362,-47
212000016,618,736,-118
212000027,548,715,-167
212000028,300,612,-312
212000029,252,450,-198
212000030,43,54,-11
212000031,61,70,-9
212000048,75,211,-136
212000049,25,152,-127
212000050,38,7,31
212000051,222,283,-61
212000052,218,410,-192
212000053,424,788,-364
212000054,198,185,13
212000055,245,355,-110
212000056,19,88,-69
212000057,14,39,-25
212000058,479,47,432
212000070,98,298,-200
212000077,172,937,-765
212000099,210,311,-101
212000108,428,260,168
212000111,275,133,142
212000120,298,132,166
212000138,206,23,183
212000156,21,225,-204
212000158,5,11,-6
212000159,337,66,271
212000160,548,304,244
212000161,84,14,70
212000310,43,21,22
212000311,13,131,-118
212000374,110,16,94
213000001,58,686,-628
213000005,533,192,341
213000006,1374,342,1032
213000007,297,13,284
213000009,890,546,344
213000010,226,288,-62
213000011,284,107,177
213000012,163,333,-170
213000014,78,21,57
213000015,291,4,287
213000016,476,2,474
213000017,97,0,97
213000018,2,254,-252
213000019,1,265,-264
213000020,104,527,-423
213000021,10,176,-166
213000023,357,265,92
213000033,381,1900,-1519
213000034,1034,406,628
213000035,123,605,-482
213000045,187,362,-175
213000046,265,262,3
213000047,948,1343,-395
213000056,74,101,-27
213000069,238,8,230
213000073,0,27,-27
213000074,66,414,-348
213000075,735,9,726
213000076,78,4,74
213000085,3,61,-58
213000086,24,238,-214
213000091,156,21,135
213000092,107,18,89
213000099,174,1393,-1219
213000100,1353,339,1014
213000101,358,216,142
213000102,480,403,77
213000103,1111,1119,-8
213000104,52,533,-481
213000105,0,112,-112
213000106,37,200,-163
213000107,230,831,-601
213000108,65,716,-651
213000109,6,298,-292
213000110,16,68,-52
213000111,18,60,-42
213000112,263,120,143
213000115,51,6,45
213000116,77,896,-819
213000117,16,1123,-1107
213000118,457,410,47
213000119,58,803,-745
213000120,148,694,-546
213000122,290,703,-413
213000123,661,1624,-963
213000124,113,1554,-1441
213000125,138,28,110
213000126,174,178,-4
213000127,175,195,-20
213000128,809,1521,-712
213000129,579,817,-238
213000130,439,430,9
213000132,400,158,242
213000133,519,139,380
213000134,905,20,885
213000136,554,24,530
213000137,789,145,644
213000139,908,31,877
213000147,187,23,164
213000148,97,38,59
213000149,73,10,63
213000150,0,161,-161
213000151,7,109,-102
213000152,2,132,-130
213000153,0,78,-78
213000154,26,305,-279
213000155,58,384,-326
213000156,131,953,-822
213000157,936,625,311
213000158,447,1090,-643
213000159,582,903,-321
213000163,687,130,557
213000165,767,361,406
213000171,2,146,-144
213000172,9,488,-479
213000173,0,382,-382
213000174,4,245,-241
213000175,19,139,-120
213000176,27,39,-12
213000177,60,7,53
213000178,151,3,148
213000179,201,2,199
213000180,213,1,212
213000184,120,566,-446
213000188,502,130,372
213000189,385,39,346
213000190,1041,1013,28
213000191,379,644,-265
213000192,260,598,-338
213000193,1011,213,798
213000194,12,95,-83
213000195,25,619,-594
213000196,352,1561,-1209
213000197,420,1323,-903
213000198,129,2,127
213000200,162,1221,-1059
213000201,101,31,70
213000202,16,702,-686
213000203,4198,952,3246
213000204,926,128,798
213000205,329,203,126
213000206,924,139,785
213000207,287,18,269
213000208,359,2,357
213000209,303,3,300
213000210,1016,11,1005
213000211,43,17,26
213000212,66,16,50
213000213,51,38,13
213000218,304,1018,-714
213000219,681,34,647
213000220,559,6,553
213000223,376,311,65
213000224,60,57,3
213000225,130,14,116
213000226,97,11,86
213000227,1189,376,813
213000228,458,141,317
213000229,690,44,646
213000230,566,51,515
213000232,174,764,-590
213000233,10,92,-82
213000234,1,41,-40
213000293,56,84,-28
213000294,454,11,443
213000295,30,104,-74
213000296,76,38,38
213000297,5,150,-145
213000298,38,139,-101
213000299,124,71,53
213000300,22,3,19
213000303,6,29,-23
213000304,4,8,-4
213000305,4,14,-10
213000306,125,45,80
213000307,533,104,429
213000308,180,286,-106
213000309,212,122,90
213000310,692,124,568
213000311,457,853,-396
213000315,130,174,-44
213000316,132,134,-2
213000322,147,229,-82
213000323,81,119,-38
213000324,61,61,0
213000325,46,140,-94
213000326,39,37,2
213000327,26,85,-59
213000328,21,155,-134
213000329,98,66,32
213000340,166,750,-584
213000341,536,171,365
213000346,313,255,58
213000347,972,501,471
213000348,7,142,-135
213000349,12,11,1
213000350,351,1639,-1288
213000366,84,452,-368
213000367,244,49,195
213000379,140,75,65
213000386,24,385,-361
213000406,115,566,-451
213000417,1693,684,1009
213000425,218,46,172
213000426,122,98,24
213000427,35,359,-324
213000428,49,267,-218
213000429,60,7,53
213000430,108,936,-828
213000431,154,4,150
213000432,6,35,-29
213000433,32,240,-208
213000434,57,159,-102
213000435,93,114,-21
213000436,40,109,-69
213000437,0,25,-25
213000438,144,92,52
213000439,119,13,106
213000440,14,379,-365
213000441,0,0,0
213000442,0,47,-47
213000443,638,726,-88
213000444,68,72,-4
213000445,0,112,-112
213000446,1,24,-23
213000447,13,39,-26
213000448,23,147,-124
213000449,358,7,351
213000450,14,66,-52
213000451,305,141,164
213000452,40,31,9
213000453,45,402,-357
213000455,501,2,499
213000456,0,254,-254
213000481,104,14,90
213000482,49,10,39
213000489,655,121,534
213000491,0,200,-200
213000492,1212,23,1189
213000493,0,173,-173
213000494,291,146,145
213000495,0,140,-140
213000496,463,286,177
213000497,30,276,-246
213000498,119,235,-116
213000499,164,648,-484
213000500,537,125,412
213000501,126,37,89
213000502,269,145,124
213000503,2,70,-68
213000504,8,116,-108
213000505,14,18,-4
213000506,0,12,-12
213000507,6,139,-133
213900244,51,0,51
213900245,0,44,-44
218000003,82,28,54
218000004,52,24,28
218000005,57,25,32
218000006,86,29,57
218000007,6,10,-4
218000012,222,221,1
218000013,143,176,-33
218000014,561,485,76
218000019,933,775,158
218000020,303,584,-281
218000021,28,64,-36
218000022,12,42,-30
218000023,4,31,-27
218000024,2,13,-11
218000025,12,23,-11
218000026,9,50,-41
218000027,0,14,-14
218000028,7,5,2
218000029,1,1,0
218000030,18,36,-18
218000031,3,30,-27
218000032,1,34,-33
218000040,5,2,3
218000046,51,120,-69
218000047,10,165,-155
218000048,66,164,-98
218000049,152,145,7
218000050,401,258,143
218000051,94,325,-231
218000052,0,167,-167
218000053,0,16,-16
218000054,15,19,-4
218000055,17,14,3
218000056,19,15,4
218000057,5,26,-21
218000064,2,4,-2
218000065,111,52,59
218000066,10,100,-90
218000067,58,111,-53
218000068,144,119,25
218000069,283,162,121
218000070,345,306,39
218000071,213,235,-22
218000072,350,285,65
218000078,818,1306,-488
218000079,91,116,-25
218000080,131,110,21
218000081,417,357,60
218000082,44,187,-143
218000083,78,110,-32
218000084,146,219,-73
218000085,173,468,-295
218000086,61,179,-118
218000087,198,249,-51
218000090,12,155,-143
218000091,1175,621,554
218000092,75,201,-126
218000093,119,99,20
218000094,580,902,-322
218000099,389,848,-459
218000100,302,392,-90
218000101,620,201,419
218000102,451,358,93
218000103,137,209,-72
218000104,97,52,45
218000105,29,18,11
218000106,20,8,12
218000107,61,101,-40
218000108,5,73,-68
218000112,129,26,103
218000117,79,94,-15
218000134,601,1060,-459
218000135,196,117,79
218000136,315,67,248
218000137,469,156,313
218000138,48,121,-73
218000139,209,438,-229
218000140,803,331,472
218000141,188,87,101
218000142,224,210,14
218000143,109,270,-161
218000144,109,118,-9
218000145,345,448,-103
218000146,70,223,-153
218000151,41,39,2
218000152,267,82,185
218000153,13,4,9
218000154,15,1,14
218000155,15,0,15
218000156,50,11,39
218000157,28,21,7
218000158,8,14,-6
218000159,6,7,-1
218000160,2,4,-2
218000161,28,5,23
218000162,44,10,34
218000163,10,2,8
218000164,45,16,29
218000165,56,38,18
218000170,7,78,-71
218000171,154,13,141
218000172,54,12,42
218000173,61,16,45
218000174,66,8,58
218000176,185,31,154
218000177,337,317,20
218000178,96,357,-261
218000179,84,117,-33
218000180,104,49,55
218000181,226,86,140
218000187,14,32,-18
218000188,29,82,-53
218000189,31,67,-36
218000190,31,22,9
218000191,139,75,64
218000192,205,320,-115
218000193,368,533,-165
218000194,138,478,-340
218000195,101,71,30
218000196,307,307,0
218000197,310,364,-54
218000198,10,134,-124
218000199,43,31,12
218000200,81,44,37
218000201,25,11,14
218000202,102,398,-296
218000207,10,53,-43
218000208,54,44,10
218000211,87,13,74
218000212,1,4,-3
218000213,108,76,32
218000214,4,21,-17
218000215,43,84,-41
218000217,6,156,-150
218000218,256,71,185
218000219,66,27,39
218000220,252,412,-160
218000221,1742,200,1542
218000222,118,38,80
218000223,73,447,-374
218000224,5,287,-282
218000225,198,58,140
218000226,144,81,63
218000230,2,1,1
218000232,60,107,-47
218000239,325,4,321
218000240,30,3,27
218000241,75,1,74
218000242,79,3,76
218000243,44,1,43
218000244,39,1,38
218000245,344,0,344
218000246,0,0,0
218000247,4,1,3
218000248,0,31,-31
218000249,1,3,-2
218000250,8,26,-18
218000251,1,19,-18
218000252,13,19,-6
218000253,3,30,-27
218000254,5,13,-8
218000255,2,12,-10
218000256,5,45,-40
218000267,786,1376,-590
218000268,21,72,-51
218000269,2,21,-19
218000270,97,61,36
218000271,15,85,-70
218000273,16,6,10
218000274,11,2,9
218000275,15,66,-51
218000276,12,53,-41
218000278,20,78,-58
218000279,94,86,8
218000280,3,32,-29
218000281,41,15,26
218000282,721,661,60
218000284,102,18,84
218000301,105,107,-2
218000302,135,59,76
218000303,51,61,-10
218000316,864,1521,-657
218000317,1368,1528,-160
218000318,642,1071,-429
218000319,1294,1696,-402
218000320,1064,994,70
218000338,104,42,62
218000345,336,82,254
218000346,88,222,-134
218000459,43,321,-278
218000490,61,46,15
218000501,82,47,35
218000502,51,129,-78
218000503,131,19,112
218000504,206,24,182
218000505,67,242,-175
218000506,40,300,-260
218000508,3,6,-3
218000510,224,12,212
218000520,109,92,17
218000521,7,57,-50
218000522,1,155,-154
218000523,256,1,255
218000524,53,228,-175
218000525,292,16,276
218000526,25,146,-121
218000529,34,167,-133
218000530,18,5,13
218000531,26,35,-9
218000532,40,23,17
218000534,176,32,144
218000537,47,75,-28
218000538,181,236,-55
218000540,391,70,321
218000543,178,87,91
218000544,49,120,-71
218000545,83,83,0
218000546,54,108,-54
218000547,178,142,36
218000548,194,160,34
218000549,635,406,229
218000550,318,526,-208
218000551,207,911,-704
218000552,839,82,757
218000553,56,134,-78
218000554,29,32,-3
218000555,27,45,-18
218000556,248,472,-224
218000557,331,257,74
218000558,149,1,148
218000559,0,39,-39
218000560,0,23,-23
218000561,24,0,24
218000562,67,216,-149
218000563,318,48,270
218000564,29,165,-136
218000565,230,51,179
218000566,354,19,335
218000567,1,83,-82
218000568,7,4,3
218000569,15,152,-137
218000570,171,6,165
218000571,1,184,-183
218000572,259,4,255
218000573,11,65,-54
218000574,62,57,5
218000575,125,0,125
218000576,1,105,-104
218000577,206,3,203
218000578,0,93,-93
218000579,52,12,40
218000581,16,78,-62
218000582,81,1,80
218000583,4,0,4
218000584,1,20,-19
218000585,27,3,24
218000586,8,41,-33
218000587,6,1,5
218000588,0,12,-12
218000589,6,7,-1
218000590,3,0,3
218000591,0,3,-3
218000592,10,0,10
218000593,6,0,6
218000594,0,0,0
218000597,0,0,0
218000598,0,0,0
218000599,0,0,0
218000600,2,0,2
218000601,0,0,0
218000602,0,6,-6
218000603,0,7,-7
218000604,23,0,23
218000605,0,52,-52
218000606,137,0,137
218000607,13,46,-33
218000608,82,12,70
218000609,5,71,-66
218000610,70,4,66
218000611,37,2,35
218000612,9,31,-22
218000613,20,1,19
218000614,2,57,-55
218000615,256,1,255
218000616,5,193,-188
218000617,27,0,27
218000618,4,19,-15
218000619,257,57,200
218000620,24,23,1
218000621,7,1,6
218000622,0,34,-34
218000623,249,2,247
218000624,23,24,-1
218000625,43,2,41
218000626,0,9,-9
218000628,174,58,116
218000631,57,43,14
218000632,0,120,-120
218000633,82,0,82
218000634,25,19,6
218000635,6,10,-4
218000636,1086,1932,-846
218000637,940,748,192
218000638,162,60,102
218000639,17,202,-185
218000640,344,44,300
218000641,126,380,-254
218000652,66,105,-39
218000653,159,141,18
218000663,13,180,-167
218000675,61,70,-9
218000676,0,26,-26
218000677,7,16,-9
218000680,204,569,-365
218000681,457,194,263
218000691,141,333,-192
218000693,207,178,29
218000703,12,45,-33
218000718,1130,1047,83
218000719,1883,512,1371
218000720,13,100,-87
218000721,184,15,169
218000725,13,3,10
218001147,0,150,-150
218001214,24,32,-8
218001258,122,9,113
218001329,217,152,65
218001330,160,117,43
218001351,68,26,42
218001352,26,45,-19
218001353,21,8,13
218001354,4,40,-36
218001355,23,480,-457
218001356,368,21,347
218001357,19,277,-258
218001358,301,8,293
218001361,248,14,234
218001362,3,257,-254
219000001,29,66,-37
219000002,52,61,-9
219000003,48,32,16
219000004,75,44,31
219000017,269,26,243
219000020,128,66,62
219000022,142,6,136
219000023,155,2,153
219000029,0,94,-94
219000034,76,18,58
219000039,170,85,85
219000040,62,32,30
219000041,143,30,113
219000051,0,52,-52
219000052,0,31,-31
219000053,3,211,-208
219000054,36,116,-80
219000055,163,4,159
219000056,96,2,94
219000057,161,0,161
219000062,19,127,-108
219000063,78,6,72
219000064,3,60,-57
219000110,835,71,764
219000111,109,67,42
219000112,205,108,97
219000113,169,63,106
219000114,324,118,206
219000116,110,79,31
219000117,184,106,78
219000118,253,61,192
219000123,279,115,164
219000124,96,70,26
219000125,12,22,-10
219000126,89,141,-52
219000127,2,7,-5
219000128,18,134,-116
219000129,45,151,-106
219000130,861,792,69
219000131,768,1176,-408
219000133,106,35,71
219000134,18,20,-2
219000135,41,59,-18
219000136,113,173,-60
219000138,73,21,52
219000139,43,61,-18
219000140,69,6,63
219000141,25,137,-112
219000142,25,145,-120
219000143,12,112,-100
219000145,32,64,-32
219000146,7,41,-34
219000147,6,60,-54
219000148,4,60,-56
219000149,15,147,-132
219000150,5,97,-92
219000151,4,65,-61
219000157,219,177,42
219000158,161,329,-168
219000161,142,15,127
219000163,1957,652,1305
219000166,80,211,-131
219000167,102,266,-164
219000168,339,166,173
219000174,470,130,340
219000175,81,4,77
219000176,101,12,89
219000177,51,6,45
219000178,36,4,32
219000179,20,3,17
219000180,37,38,-1
219000182,131,17,114
219000183,74,48,26
219000184,118,24,94
219000185,5,72,-67
219000186,66,82,-16
219000187,25,102,-77
219000189,157,192,-35
219000190,148,294,-146
219000191,1556,1548,8
219000192,162,126,36
219000193,367,189,178
219000195,3,97,-94
219000196,12,180,-168
219000198,35,179,-144
219000199,118,271,-153
219000200,46,305,-259
219000201,123,306,-183
219000203,38,154,-116
219000204,366,287,79
219000205,81,224,-143
219000207,206,297,-91
219000209,25,97,-72
219000210,94,156,-62
219000213,16,217,-201
219000239,294,327,-33
219000240,372,485,-113
219000241,142,311,-169
219000242,120,242,-122
219000243,185,336,-151
219000244,82,92,-10
219000245,33,49,-16
219000246,45,23,22
219000247,180,30,150
219000248,1001,451,550
219000249,186,76,110
219000250,212,129,83
219000251,701,218,483
219000252,309,234,75
219000253,493,81,412
219000255,169,140,29
219000256,225,90,135
219000257,189,0,189
219000262,120,218,-98
219000263,122,272,-150
219000267,6,141,-135
219000268,4,5,-1
219000269,11,4,7
219000270,17,0,17
219000271,105,14,91
219000278,0,5,-5
219000279,3,8,-5
219000283,0,23,-23
219000295,6,133,-127
219000296,71,665,-594
219000297,16,169,-153
219000298,18,195,-177
219000299,532,68,464
219000300,24,283,-259
219000301,213,412,-199
219000302,41,344,-303
219000307,58,61,-3
219000308,57,38,19
219000311,224,74,150
219000312,607,112,495
219000313,410,59,351
219000314,78,691,-613
219000315,312,58,254
219000316,563,102,461
219000317,102,26,76
219000320,1,74,-73
219000321,0,21,-21
219000323,6,79,-73
219000325,1,24,-23
219000326,81,138,-57
219000327,104,43,61
219000328,46,83,-37
219000329,361,142,219
219000330,60,31,29
219000331,76,46,30
219000332,103,101,2
219000333,16,5,11
219000335,121,2,119
219000337,43,0,43
219000338,68,1,67
219000344,29,120,-91
219000345,60,136,-76
219000346,39,156,-117
219000348,147,144,3
219000349,49,245,-196
219000350,193,166,27
219000351,18,4,14
219000352,366,105,261
219000353,101,53,48
219000354,176,170,6
219000355,219,83,136
219000356,1801,1312,489
219000363,299,60,239
219000364,117,40,77
219000365,198,10,188
219000366,256,385,-129
219000368,658,614,44
219000370,1436,492,944
219000371,13,35,-22
219000382,25,19,6
219000383,944,1061,-117
219000385,756,558,198
219000386,1160,1923,-763
219000387,8,11,-3
219000390,8,0,8
219000391,8,1,7
219000397,100,116,-16
219000398,106,52,54
219000401,7,126,-119
219000402,23,149,-126
219000403,162,352,-190
219000404,34,140,-106
219000407,4,56,-52
219000409,65,57,8
219000410,109,49,60
219000411,95,23,72
219000446,300,490,-190
219000447,0,34,-34
219000448,25,7,18
219000452,158,99,59
219000453,152,184,-32
219000454,338,292,46
219000556,270,131,139
219000558,225,286,-61
219000590,31,220,-189
219000591,74,130,-56
219000592,162,514,-352
219000595,2,31,-29
219000635,185,88,97
219000636,43,140,-97
219000657,21,21,0
219000658,34,82,-48
219000673,0,13,-13
219000676,59,4,55
219000679,54,8,46
219000684,170,5,165
219000685,0,89,-89
219000686,1,1,0
219000688,0,69,-69
219000689,37,327,-290
219000690,181,33,148
219000691,57,261,-204
219000692,181,18,163
219000693,0,32,-32
219000694,14,0,14
219000695,42,4,38
219000698,44,0,44
219000699,0,21,-21
219000727,4,113,-109
219000728,88,6,82
219000770,152,3,149
219000771,4,39,-35
219000788,595,269,326
219001150,1,43,-42
219001151,13,5,8
219001166,32,36,-4
219001167,3,124,-121
219001178,31,1,30
220000001,272,105,167
220000002,43,173,-130
220000003,652,289,363
220000004,1191,609,582
220000005,1878,2116,-238
220000006,479,1112,-633
220000007,487,735,-248
220000008,417,1185,-768
220000009,330,629,-299
220000010,297,212,85
220000011,891,4174,-3283
220000012,91,527,-436
220000014,133,40,93
220000015,125,209,-84
220000017,55,426,-371
220000018,6729,2961,3768
220000019,98,361,-263
220000020,804,324,480
220000021,736,272,464
220000022,804,640,164
220000023,406,229,177
220000024,2288,427,1861
220000025,1522,1251,271
220000026,302,342,-40
220000027,101,152,-51
220000028,116,45,71
220000029,132,286,-154
220000030,206,101,105
220000031,691,416,275
220000064,19,978,-959
221000046,10,0,10
221000047,0,2,-2
221000048,0,6,-6
221000049,0,6,-6
221000050,20,1,19
221000055,44,59,-15
221000057,56,8,48
221000068,362,165,197
221000069,346,102,244
221000070,294,34,260
221000071,122,17,105
221000072,306,22,284
221000073,199,67,132
221000074,2,30,-28
221000075,29,30,-1
221000076,21,67,-46
221000077,44,121,-77
221000081,21,10,11
221000082,51,4,47
221000083,39,5,34
221000084,8,6,2
221000085,19,81,-62
221000086,35,149,-114
221000087,14,236,-222
221000088,20,250,-230
221000089,42,326,-284
221000090,172,610,-438
221000098,133,31,102
221000099,195,21,174
221000100,152,14,138
221000101,253,26,227
221000102,134,18,116
221000109,16,131,-115
221000110,8,135,-127
221000111,20,224,-204
221000112,9,192,-183
221000113,17,257,-240
221000114,15,223,-208
221000120,44,38,6
221000121,17,25,-8
221000122,103,28,75
221000123,19,33,-14
221000124,80,244,-164
221000155,129,10,119
221000156,65,46,19
221000175,22,11,11
221000176,2,7,-5
221000182,50,16,34
221000241,724,309,415
221000242,228,639,-411
221000243,652,161,491
221000244,345,681,-336
221000245,93,127,-34
221000246,45,377,-332
221000247,121,132,-11
221000248,164,182,-18
221000267,83,886,-803
221000325,112,60,52
221000331,55,99,-44
221000338,54,34,20
221000378,232,48,184
221000381,65,82,-17
222000282,24,4,20
222000296,1,40,-39
222000568,350,20,330
222000569,174,39,135
222000570,123,22,101
222000571,263,15,248
222000577,17,229,-212
222000578,37,309,-272
222000579,39,212,-173
222000580,146,1118,-972
222000599,1,143,-142
222000600,4,374,-370
222000601,13,1071,-1058
222000603,31,31,0
222000604,8,67,-59
222000605,13,25,-12
222000606,21,8,13
222000607,5,9,-4
222000608,103,26,77
222000609,67,295,-228
222000616,355,55,300
222000617,11,24,-13
222000618,5,6,-1
222000620,55,18,37
222000621,95,12,83
222000623,634,6,628
222000624,334,3,331
222000625,588,36,552
222000636,53,4,49
222000686,30,19,11
222000687,77,35,42
222001066,347,7,340
222001067,10,4,6
222001068,43,49,-6
222001069,34,45,-11
222001082,17,51,-34
222001083,25,85,-60
222001084,1,66,-65
222001085,0,157,-157
222001111,38,186,-148
222001112,115,55,60
222001313,85,9,76
222001314,11,120,-109
222001464,97,85,12
222001465,27,165,-138
222001484,145,78,67
222001485,32,47,-15
222001494,428,225,203
222001495,133,387,-254
222001496,298,131,167
222001497,146,570,-424
222001502,25,85,-60
222001503,145,59,86
222001504,20,314,-294
222001505,312,17,295
222001506,34,351,-317
222001507,334,22,312
222001510,336,39,297
222001511,58,493,-435
222001514,711,225,486
222001515,285,722,-437
222001518,279,113,166
222001519,53,325,-272
222001527,319,80,239
222001528,95,258,-163
222001529,296,57,239
222001530,56,266,-210
222001533,101,409,-308
222001534,316,106,210
222001535,223,267,-44
222001536,153,364,-211
222001537,375,46,329
222001538,77,577,-500
222001563,518,88,430
222001564,41,755,-714
222001568,449,139,310
222001576,1,1,0
222001579,0,12,-12
222001583,41,210,-169
222001584,110,34,76
222001596,679,1573,-894
222001597,1916,300,1616
222001626,0,167,-167
222001650,86,68,18
222001651,78,185,-107
222001914,208,108,100
222001915,89,279,-190
222001968,519,347,172
222001969,444,778,-334
222001970,170,276,-106
222001971,21,33,-12
222001972,1,23,-22
225000001,530,291,239
225000002,707,216,491
225000003,634,106,528
225000004,406,333,73
225000005,69,78,-9
225000006,1,200,-199
225000007,2960,1864,1096
225000010,327,10,317
225000011,622,1548,-926
225000012,211,751,-540
225000013,196,197,-1
225000014,1850,125,1725
225000015,118,260,-142
225000021,938,329,609
225000027,323,628,-305
225000032,831,257,574
225000042,162,982,-820
225000049,69,69,0
225000050,108,20,88
225000053,10,458,-448
225000058,1033,162,871
225000067,201,234,-33
225000068,216,452,-236
225000069,168,616,-448
225000070,113,522,-409
225000071,90,276,-186
225000075,56,1683,-1627
225000076,130,201,-71
225000078,111,53,58
225000085,65,146,-81
225000086,311,83,228
225000087,243,40,203
225000088,11,238,-227
225000089,431,1280,-849
225000090,39,618,-579
225000091,211,258,-47
225000092,25,103,-78
225000093,237,468,-231
225000094,25,437,-412
225000095,480,563,-83
225000096,417,739,-322
225000098,776,356,420
225000099,448,238,210
225000100,371,191,180
225000104,157,592,-435
225000110,11,582,-571
225000111,456,1612,-1156
225000112,631,1507,-876
225000113,370,797,-427
225000114,82,474,-392
225000115,2831,1012,1819
225000116,1277,274,1003
225000117,1091,462,629
225000118,1202,375,827
225000119,278,107,171
225000120,674,82,592
225000121,391,37,354
225000123,1315,30,1285
225000125,524,291,233
225000126,1253,293,960
225000127,1080,1221,-141
225000128,561,935,-374
225000132,266,43,223
225000133,258,47,211
225000134,592,157,435
225000135,54,14,40
225000136,267,21,246
225000137,229,71,158
225000138,369,74,295
225000143,87,272,-185
225000144,4,399,-395
225000145,103,67,36
225000146,58,155,-97
225000147,26,371,-345
225000148,5,321,-316
225000149,95,532,-437
225000151,30,279,-249
225000155,518,717,-199
225000156,304,1459,-1155
225000157,412,566,-154
225000158,91,388,-297
225000171,5,241,-236
225000180,57,6,51
225000181,0,89,-89
225000182,168,24,144
225000185,16,531,-515
225000187,61,487,-426
225000191,120,0,120
225000194,0,11,-11
225000208,1,49,-48
225000209,97,25,72
225000210,4,307,-303
225000217,0,21,-21
225000218,20,2,18
225000223,0,68,-68
225000224,666,0,666
225000225,3,59,-56
225000226,113,4,109
225000227,67,145,-78
225000228,19,23,-4
225000229,0,71,-71
225000230,3,3,0
225000231,0,88,-88
225000232,156,0,156
225000241,174,1,173
225000242,0,55,-55
225000249,9,1,8
225000250,54,956,-902
225000251,446,63,383
225000254,12,2,10
225000256,42,205,-163
225000257,1,138,-137
226000042,544,567,-23
226000043,129,333,-204
226000044,232,711,-479
226000045,125,534,-409
226000046,439,83,356
226000047,443,88,355
226000048,477,139,338
226000049,310,231,79
226000070,0,52,-52
226000071,1,90,-89
226000072,0,20,-20
226000073,1,16,-15
226000074,1,16,-15
226000084,0,78,-78
226000085,0,23,-23
226000086,10,20,-10
226000087,0,24,-24
226000088,114,55,59
226000090,372,113,259
226000091,42,40,2
226000092,8,16,-8
226000093,67,2,65
226000094,52,5,47
226000095,40,4,36
226000105,40,4,36
226000106,19,1,18
226000107,3,0,3
226000108,59,0,59
226000109,93,2,91
226000124,227,101,126
226000134,670,512,158
226000135,1172,753,419
226000136,570,434,136
226000137,4,606,-602
226000138,9,250,-241
226000139,2,24,-22
226000156,195,7,188
226000157,216,14,202
226000163,152,69,83
226000202,13,552,-539
226000231,377,16,361
226000232,62,8,54
227000033,330,64,266
227000036,296,39,257
227000037,261,37,224
227000038,238,82,156
227000084,5,93,-88
227000085,0,61,-61
227000088,154,5,149
227000089,222,0,222
227000090,123,1,122
227000091,26,0,26
227000092,79,2,77
227000093,222,2,220
227000094,8,0,8
227000130,36,69,-33
227000131,27,257,-230
227000132,33,290,-257
227000133,20,245,-225
227000134,11,449,-438
227000152,0,1,-1
227000153,0,70,-70
227000154,0,42,-42
227000155,0,29,-29
227000156,0,24,-24
227000165,0,19,-19
227000196,300,358,-58
227000199,244,756,-512
227000230,24,668,-644
227000232,694,24,670
227000242,59,627,-568
227000243,427,90,337
227000245,13,454,-441
227000246,135,655,-520
227000247,379,65,314
227000248,305,25,280
227000249,24,245,-221
227000250,709,168,541
227000251,219,278,-59
227000252,49,493,-444
227000253,129,20,109
227000262,382,80,302
227000266,1464,33,1431
227000267,45,2145,-2100
227000282,5,290,-285
227000284,499,16,483
227000286,3,118,-115
227000287,8,143,-135
227000291,20,725,-705
227000296,367,238,129
227000484,442,26,416
227000485,38,1092,-1054
227000655,145,21,124
227000656,627,23,604
227000657,90,14,76
227000661,433,30,403
227000680,398,39,359
229000265,40,58,-18
229000296,0,26,-26
229000297,9,45,-36
229000298,12,197,-185
229000320,8,9,-1
229000321,24,8,16
229000412,40,69,-29
229000414,14,67,-53
229000415,54,2,52
229000416,4,7,-3
229000417,10,11,-1
229000419,115,364,-249
229000440,386,102,284
229000442,13,11,2
229000443,2,3,-1
229000444,11,22,-11
229000445,82,6,76
229000446,108,5,103
229000491,1,7,-6
229000492,10,122,-112
229000493,3,96,-93
229000494,62,2,60
229000495,97,10,87
229000496,54,4,50
229000507,0,67,-67
229000508,0,29,-29
229000509,0,58,-58
229000510,0,31,-31
229000511,11,47,-36
229000512,0,28,-28
229000513,0,12,-12
229000514,0,4,-4
229000517,3,15,-12
229000518,12,24,-12
229000519,0,11,-11
229000520,18,24,-6
229000521,38,6,32
229000522,14,7,7
229000523,14,7,7
229000524,2,1,1
229000527,1,1,0
229000528,0,1,-1
229000529,8,0,8
229000530,54,2,52
229000531,33,0,33
229000532,26,0,26
229000533,57,0,57
229000534,45,1,44
229000564,30,0,30
229000565,8,0,8
229000566,0,7,-7
229000567,1,69,-68
229000582,63,3,60
229000583,7,0,7
229000584,0,31,-31
229000585,0,66,-66
229000718,0,2,-2
229000719,0,4,-4
229000720,0,14,-14
229000721,0,13,-13
229000722,0,9,-9
229000723,0,12,-12
229000724,0,2,-2
229000725,0,4,-4
229000738,1,0,1
229000739,0,0,0
229000740,2,0,2
229000741,9,1,8
229000742,12,0,12
229000743,12,0,12
229000744,2,0,2
229000745,2,0,2
229000746,43,1,42
229000847,31,1,30
229000848,16,0,16
229000849,65,0,65
229000851,34,0,34
229000854,0,41,-41
229000856,1,136,-135
229000857,1,36,-35
229000858,0,77,-77
229000919,28,83,-55
229000930,2,274,-272
229000937,74,14,60
229000966,54,25,29
229000981,25,49,-24
229000985,14,32,-18
229000986,3,10,-7
229000987,0,3,-3
229000988,10,10,0
229000989,83,8,75
229000990,9,1,8
229000991,0,0,0
229000992,5,10,-5
229000993,207,17,190
229000998,5,82,-77
229000999,93,5,88
229001034,0,21,-21
229001035,29,0,29
229001037,63,5,58
229001042,20,16,4
229001047,1,53,-52
229001050,51,63,-12
229001168,0,14,-14
229001200,12,3,9
229001338,3,36,-33
229001394,174,0,174
229001422,115,21,94
229001423,40,163,-123
229001431,61,50,11
229001432,62,93,-31
229001444,152,71,81
229001445,52,234,-182
229001479,13,2,11
229001503,171,90,81
229001504,126,180,-54
229001505,97,67,30
229001506,75,197,-122
229001509,40,17,23
229001545,85,9,76
229001546,10,110,-100
229001553,66,19,47
229001554,26,101,-75
229001559,10,15,-5
229001560,2,40,-38
229001630,74,16,58
229001631,6,41,-35
229001635,0,9,-9
229001636,2,2,0
229001658,2,151,-149
229001659,90,3,87
229001660,4,5,-1
229001661,44,38,6
229001662,67,1,66
229001663,0,18,-18
229002584,220,248,-28
229002831,209,245,-36
229002841,6,12,-6
229002842,47,22,25
229002843,116,14,102
229002844,92,60,32
229002845,39,89,-50
229002846,57,27,30
229002847,21,14,7
229002848,23,10,13
229002849,4,78,-74
229002850,13,1,12
229002851,66,131,-65
229002852,286,21,265
229002853,167,17,150
229002854,114,54,60
229002855,28,19,9
229002856,174,21,153
229002857,37,63,-26
229002858,58,8,50
229002859,160,26,134
229002860,312,14,298
229002861,54,18,36
229002862,70,48,22
229002863,83,29,54
229002864,82,49,33
229002865,11,14,-3
229002866,15,24,-9
229002867,3,41,-38
229002868,29,13,16
229002869,22,207,-185
229002870,41,15,26
235000066,565,104,461
235000067,140,178,-38
235000072,43,64,-21
235000073,80,256,-176
235000074,57,63,-6
235000080,25,94,-69
235000081,102,169,-67
235000082,163,80,83
235000083,151,102,49
235000084,34,57,-23
235000085,95,110,-15
235000089,13,50,-37
235000092,20,182,-162
235000093,8,3,5
235000097,1,13,-12
235000098,57,20,37
235000099,22,28,-6
235000116,64,34,30
235000117,910,39,871
235000133,6,434,-428
235000134,14,156,-142
235000206,7,13,-6
235000207,3,3,0
235000208,3,3,0
235000209,9,4,5
235000210,4,0,4
235000212,4,30,-26
235000213,1,15,-14
235000220,0,2,-2
235000221,70,15,55
235000238,8,60,-52
235000239,2,16,-14
235000242,333,467,-134
235000245,811,208,603
235000246,14,73,-59
235000284,3,129,-126
235000295,116,18,98
235000305,225,32,193
235000306,153,28,125
235000307,36,10,26
235000308,37,1,36
235000309,121,2,119
235000310,66,0,66
235000311,266,92,174
235000322,1,57,-56
235000323,0,95,-95
235000324,1,19,-18
235000325,2,12,-10
235000326,9,291,-282
235000351,15,72,-57
235000352,29,55,-26
235000353,4,28,-24
235000354,30,44,-14
235000355,8,90,-82
235000356,521,7,514
235000357,71,17,54
235000358,57,2,55
235000359,7,6,1
235000360,104,6,98
235000361,54,6,48
235000381,101,232,-131
235000382,159,45,114
235000390,19,4,15
235000391,122,21,101
235000392,162,195,-33
235000393,113,120,-7
235000395,129,51,78
235000396,336,52,284
235000400,131,36,95
235000401,47,153,-106
235000405,92,313,-221
235000406,61,319,-258
235000407,57,141,-84
235000409,136,170,-34
235000410,46,292,-246
235000411,1,85,-84
235000485,0,5,-5
235000486,26,0,26
235000549,84,164,-80
235000550,94,196,-102
235000599,89,68,21
235000600,12,15,-3
235000601,12,37,-25
235000602,95,155,-60
235000614,2,4,-2
235000648,1,25,-24
235000649,75,24,51
235000685,0,3,-3
235000815,9,28,-19
235000834,0,19,-19
235000855,37,82,-45
235000862,42,171,-129
235000891,0,8,-8
235000892,59,4,55
235000901,75,106,-31
235000907,3,24,-21
235001010,67,82,-15
235001029,579,514,65
235001030,408,293,115
235001078,118,79,39
235001079,68,166,-98
235001147,2,58,-56
235001166,21,89,-68
235001167,26,81,-55
235001169,43,389,-346
235001188,0,10,-10
235001189,3,0,3
235001197,7,14,-7
235001200,74,44,30
235001207,159,19,140
235001210,26,94,-68
235001215,54,108,-54
235001239,1,59,-58
235001244,0,9,-9
235016267,0,201,-201
277101746,0,2,-2
277102712,0,0,0
277103813,0,0,0
277103814,0,0,0
277103898,0,2,-2
277104249,0,3,-3
277104250,0,11,-11
277104251,0,8,-8
277104252,0,5,-5
990011530,0,327,-327
990014944,3,620,-617
990015176,207,1,206
990015618,2,242,-240
990016032,3,483,-480
990032570,1,54,-53
990070001,93,4,89
990070103,0,2,-2
990070601,0,54,-54
990070751,659,24,635
990070766,1,756,-755
990071180,727,234,493
990071343,24,0,24
990071387,0,12,-12
990071823,589,4,585
990072600,2,776,-774
990072964,1,479,-478
990073285,0,7,-7
990074393,4,1242,-1238
990074870,1181,52,1129
990075106,1259,9,1250
990075746,428,3,425
990076437,1130,3,1127
990076458,3,1118,-1115
997000007,631,31,600
997000041,0,205,-205
997000058,45,1,44
997000062,117,1,116
997000069,0,10,-10
997000070,0,45,-45
997000100,16,1,15
997000141,22,3155,-3133
997000198,492,2085,-1593
998000475,6,45,-39
998000736,0,228,-228
998000965,0,67,-67
998001031,0,85,-85
998001700,0,45,-45
998001899,0,2,-2
998001900,15,2,13
998003073,1378,17,1361
998101900,0,0,0
998102850,3,150,-147
998501927,976,499,477
998501929,112,24,88
998501930,65,0,65
998501931,143,5,138
998501932,31,30,1
998501933,103,2,101
998501937,17,2,15
998501944,4,1,3
998501950,0,48,-48
998501970,42,1,41
998501971,1,109,-108
998501973,0,108,-108
998501974,1,321,-320
998501975,581,3,578
998501976,273,0,273
998501977,1,28,-27
998501978,30,1,29
998501979,1,9,-8
998501980,246,5,241
998501981,39,10,29
998501982,1,146,-145
998501983,0,28,-28
998502006,0,0,0
998502024,0,6,-6
998502032,0,2,-2
998502062,10,0,10
998502063,0,0,0
998502173,47,0,47
998502269,0,4,-4
998502546,3,276,-273
998502578,0,0,0
998601159,0,258,-258
998601292,0,26,-26
999033574,2,711,-709
999800001,41,2,39
999800002,0,3,-3
999800003,1,3,-2
999800004,0,1,-1
999800005,0,13,-13
