ID,insum,outsum,diff
100000001,322,249,73
100000002,762,243,519
100000003,3303,807,2496
100000004,688,155,533
100000005,569,793,-224
100000006,62,32,30
100000007,130,114,16
100000008,27,377,-350
100000009,5,63,-58
100000010,4,15,-11
100000011,67,35,32
100000012,17,431,-414
100000013,1,95,-94
100000014,54,231,-177
100000015,183,204,-21
100000016,338,864,-526
100000017,173,836,-663
100000018,400,214,186
100000019,2394,801,1593
100000020,472,553,-81
100000021,4426,965,3461
100000022,412,291,121
100000023,3282,410,2872
100000025,1564,238,1326
100000028,708,419,289
100000029,93,93,0
100000030,422,26,396
100000031,1641,995,646
100000032,1387,1377,10
100000033,224,881,-657
100000034,595,233,362
100000035,556,272,284
100000036,807,386,421
100000037,193,195,-2
100000038,311,257,54
100000039,121,68,53
100000040,113,21,92
100000041,111,140,-29
100000042,104,101,3
100000043,81,106,-25
100000044,150,438,-288
100000045,170,905,-735
100000046,172,778,-606
100000047,82,600,-518
100000048,177,581,-404
100000049,888,1913,-1025
100000051,149,881,-732
100000053,7,2,5
100000054,22,8,14
100000055,119,231,-112
100000056,122,234,-112
100000057,510,294,216
100000058,331,1046,-715
100000059,1,62,-61
100000060,66,113,-47
100000061,376,166,210
100000062,225,184,41
100000063,116,125,-9
100000064,178,279,-101
100000065,147,795,-648
100000066,101,656,-555
100000067,116,648,-532
100000068,215,943,-728
100000069,113,1034,-921
100000072,237,908,-671
100000073,484,777,-293
100000075,198,207,-9
100000076,615,604,11
100000077,235,19,216
100000078,91,7,84
100000079,30,26,4
100000080,36,8,28
100000081,16,6,10
100000102,472,409,63
100000103,1356,395,961
100000104,1981,527,1454
100000105,1927,269,1658
100000106,759,533,226
100000107,124,121,3
100000108,437,793,-356
100000109,1864,780,1084
100000116,682,234,448
100000117,17,5,12
100000118,586,505,81
100000119,166,368,-202
100000121,50,327,-277
100000122,253,364,-111
100000123,2117,2091,26
100000124,6303,2484,3819
100000125,1730,240,1490
100000126,193,120,73
100000127,638,185,453
100000128,648,507,141
100000129,212,201,11
100000130,160,350,-190
100000131,3598,1562,2036
100000132,1475,482,993
100000133,8145,2073,6072
100000135,96,245,-149
100000139,60,243,-183
100000140,128,167,-39
100000142,81,181,-100
100000143,1033,701,332
100000144,2411,639,1772
100000147,313,833,-520
100000150,16,344,-328
100000151,218,210,8
100000153,218,102,116
100000154,23,47,-24
100000155,0,9,-9
100000156,64,19,45
100000157,27,59,-32
100000158,8,73,-65
100000159,94,187,-93
100000165,488,422,66
100000169,232,81,151
100000174,666,133,533
100000179,14,270,-256
100000180,184,686,-502
100000181,33,288,-255
100000188,37,205,-168
100000189,114,131,-17
100000190,162,100,62
100000191,242,158,84
100000192,66,30,36
100000193,15,42,-27
100000330,1128,218,910
100000355,55,270,-215
100000362,2425,2132,293
100000363,640,1193,-553
100000364,257,320,-63
100000365,1700,3771,-2071
100000366,2397,1722,675
100000367,1105,1880,-775
100000368,1013,1121,-108
100000369,197,450,-253
100000370,54,133,-79
100000376,41,36,5
100000379,590,425,165
100000380,827,647,180
100000384,2918,1001,1917
100000385,2137,1640,497
100000386,3643,874,2769
100000387,3673,1477,2196
100000388,10180,1429,8751
100000389,7854,1486,6368
100000390,8017,1526,6491
100000391,4030,1450,2580
100000392,1481,499,982
100000393,500,423,77
100000394,2967,1427,1540
100000395,1436,497,939
100000396,2141,853,1288
100000397,1182,561,621
100000398,7148,5340,1808
100000413,0,0,0
100900002,0,0,0
100900003,34,72,-38
100900004,14,955,-941
100900005,19,3,16
100900006,0,0,0
100900007,14,2,12
100900008,2,531,-529
100900009,9,10,-1
100900010,0,0,0
100900011,9,217,-208
100900012,0,278,-278
100900013,84,3,81
100900014,0,0,0
100900015,59,16,43
100900016,0,10,-10
100900017,74,32,42
100900018,0,0,0
100900019,0,0,0
100900020,30,0,30
100900021,725,1,724
100900022,0,0,0
100900023,0,0,0
100900024,27,0,27
100900025,0,0,0
100900026,1,80,-79
100900027,204,1010,-806
100900028,13,73,-60
100900029,37,8,29
100900030,0,1,-1
100900031,54,5,49
100900032,20,0,20
100900033,111,69,42
100900034,42,0,42
100900035,13,0,13
100900036,0,0,0
100900037,0,200,-200
100900038,10,7,3
100900039,72,483,-411
100900040,55,821,-766
100900041,35,672,-637
100900042,139,18,121
100900043,0,0,0
100900044,940,92,848
100900045,7,0,7
100900046,356,0,356
100900047,0,1,-1
100900048,5,2,3
100900049,6,118,-112
100900050,0,7,-7
100900051,10,19,-9
100900052,24,11,13
100900053,63,18,45
100900054,0,82,-82
100900055,24,35,-11
100900056,0,2,-2
100900057,100,184,-84
100900058,8,18,-10
100900059,5,0,5
100900060,26,4,22
100900061,78,77,1
100900062,0,54,-54
100900063,8,204,-196
100900064,273,2,271
100900065,10,19,-9
100900066,6,8,-2
100900067,0,0,0
100900068,1,84,-83
100900069,13,0,13
100900070,29,1,28
100900071,186,63,123
100900072,0,31,-31
100900073,16,283,-267
100900074,0,3,-3
100900075,2328,107,2221
100900076,9,6,3
100900077,0,0,0
100900078,29,39,-10
100900079,0,7,-7
100900080,0,0,0
100900081,4,17,-13
100900082,9,358,-349
100900083,0,22,-22
100900085,0,18,-18
100900086,23,71,-48
100900088,5,342,-337
100900089,0,13,-13
100900090,19,248,-229
100900091,0,0,0
100900092,37,10,27
100900093,26,33,-7
100900094,8,369,-361
100900095,2,5,-3
100900096,8,32,-24
100900097,0,0,0
100900098,7,28,-21
100900099,1,303,-302
100900100,0,50,-50
100900101,143,4,139
100900102,4,4,0
100900103,0,3,-3
100900104,2,99,-97
100900105,0,10,-10
100900106,30,3,27
100900107,903,113,790
100900108,0,3,-3
100900109,2,6,-4
100900110,0,0,0
100900111,27,75,-48
100900112,0,0,0
100900113,0,24,-24
100900114,3,5,-2
100900115,0,0,0
100900116,247,79,168
100900117,84,91,-7
100900118,1,16,-15
100900119,0,5,-5
100900120,0,0,0
100900121,123,53,70
100900122,57,102,-45
100900123,2,6,-4
100900124,0,2,-2
100900125,0,31,-31
100900126,3,16,-13
100900127,0,2,-2
100900128,22,52,-30
100900129,0,14,-14
100900131,14,25,-11
100900133,2,5,-3
100900134,0,1,-1
100900135,0,32,-32
100900137,127,98,29
100900138,48,63,-15
100900139,0,2,-2
100900140,3,609,-606
100900141,1,78,-77
100900142,0,0,0
100900143,513,131,382
100900144,1,2,-1
100900145,0,35,-35
100900146,0,1,-1
100900147,1,102,-101
100900148,13,700,-687
100900149,0,5,-5
100900150,0,3,-3
100900151,29,335,-306
100900152,0,0,0
100900153,1,76,-75
100900154,1,2,-1
100900155,0,0,0
100900156,0,0,0
100900157,0,52,-52
100900159,0,2,-2
100900160,0,5,-5
100900161,0,0,0
100900162,0,58,-58
100900163,37,115,-78
100900164,2,5,-3
100900165,4,53,-49
100900166,0,0,0
100900167,2,36,-34
100900168,0,22,-22
100900169,148,1292,-1144
100900170,0,0,0
100900171,6,592,-586
100900172,0,6,-6
100900173,5,397,-392
100900174,1,0,1
100900176,458,11,447
100900177,590,59,531
100900178,0,36,-36
100900179,14,8,6
100900180,0,0,0
100900181,0,0,0
100900182,0,0,0
100900184,0,0,0
100900186,426,196,230
100900187,0,134,-134
100900188,34,3,31
100900189,226,29,197
100900191,765,193,572
100900192,118,35,83
100900195,13,107,-94
100900197,0,0,0
100900198,6,69,-63
100900199,0,0,0
100900200,288,202,86
100900201,14,711,-697
100900202,1,0,1
100900203,0,28,-28
100900204,63,31,32
100900205,24,69,-45
100900206,29,12,17
100900207,15,38,-23
100900210,32,582,-550
100900211,65,13,52
100900213,9,4,5
100900214,512,37,475
100900215,0,15,-15
100900217,16,15,1
101000001,2621,879,1742
101000002,1980,1025,955
101000003,534,368,166
101000004,6414,1786,4628
101000005,3828,2178,1650
101000006,5324,3192,2132
101000007,1657,1379,278
101000008,1780,1202,578
101000009,561,1408,-847
101000010,287,845,-558
101000011,1250,254,996
101000012,495,137,358
101000013,280,293,-13
101000014,167,224,-57
101000015,412,576,-164
101000016,117,178,-61
101000017,200,289,-89
101000018,1849,1494,355
101000020,2061,581,1480
101000021,342,110,232
101000022,398,56,342
101000023,874,548,326
101000025,35,103,-68
101000026,217,13,204
101000027,751,772,-21
101000028,431,138,293
101000029,2,204,-202
101000030,276,53,223
101000031,185,60,125
101000032,2189,1077,1112
101000033,1365,646,719
101000034,1135,536,599
101000035,764,180,584
101000036,661,177,484
101000037,2002,475,1527
101000039,1708,305,1403
101000040,2431,871,1560
101000041,4177,648,3529
101000042,306,143,163
101000043,5745,968,4777
101000045,507,74,433
101000046,842,495,347
101000047,535,450,85
101000048,235,164,71
101000049,347,291,56
101000050,1573,494,1079
101000051,3102,595,2507
101000052,957,290,667
101000053,473,472,1
101000054,855,737,118
101000055,1012,417,595
101000056,54,31,23
101000057,2245,303,1942
101000058,1308,271,1037
101000059,1346,437,909
101000060,1261,110,1151
101000061,380,137,243
101000062,1478,163,1315
101000063,106,51,55
101000064,720,186,534
101000065,74,165,-91
101000066,30,27,3
101000067,326,202,124
101000068,106,74,32
101000069,183,65,118
101000070,1394,460,934
101000071,1159,328,831
101000072,871,1273,-402
101000073,199,96,103
101000074,2555,766,1789
101000075,5297,1665,3632
101000077,767,489,278
101000078,612,750,-138
101000079,210,1112,-902
101000080,466,1046,-580
101000081,444,529,-85
101000082,2008,1325,683
101000083,646,597,49
101000084,597,986,-389
101000085,813,337,476
101000086,880,725,155
101000087,558,819,-261
101000088,319,316,3
101000089,321,475,-154
101000090,1692,846,846
101000091,129,587,-458
101000092,478,531,-53
101000093,763,391,372
101000094,318,730,-412
101000095,129,481,-352
101000096,111,340,-229
101000097,80,174,-94
101000098,168,291,-123
101000099,633,450,183
101000100,347,297,50
101000101,112,208,-96
101000102,314,153,161
101000103,415,398,17
101000104,92,153,-61
101000105,168,26,142
101000106,64,105,-41
101000107,66,107,-41
101000108,921,170,751
101000109,67,29,38
101000110,7,406,-399
101000111,45,91,-46
101000113,56,148,-92
101000114,1123,547,576
101000115,15,14,1
101000116,13,18,-5
101000117,21,67,-46
101000119,114,21,93
101000120,135,5,130
101000121,30,5,25
101000122,36,16,20
101000123,9,23,-14
101000124,249,421,-172
101000125,121,226,-105
101000128,405,180,225
101000130,338,205,133
101000131,284,438,-154
101000132,170,1157,-987
101000135,47,16,31
101000136,144,78,66
101000137,19,120,-101
101000141,1516,552,964
101000147,579,408,171
101000148,1757,13,1744
101000149,18,4,14
101000150,15,675,-660
101000151,33,55,-22
101000152,124,164,-40
101000153,351,277,74
101000154,38,1407,-1369
101000155,58,79,-21
101000156,12,115,-103
101000157,18,11,7
101000160,5,13,-8
101000163,0,0,0
101000164,282,179,103
101000165,161,117,44
101000166,115,240,-125
101000168,197,157,40
101000252,298,246,52
101000254,146,6,140
101000258,36,19,17
101000261,128,117,11
101000262,178,394,-216
101000263,42,310,-268
101000265,42,175,-133
101000266,133,164,-31
101000269,114,9,105
101000290,633,409,224
101000293,1,56,-55
101000294,297,319,-22
101000295,54,287,-233
101000301,389,55,334
101000304,1028,1288,-260
101000305,1059,870,189
101000328,25,195,-170
101900001,4,41,-37
101900002,0,11,-11
101900003,26,67,-41
101900004,4,23,-19
101900005,3649,366,3283
101900006,266,4,262
101900007,154,8,146
101900008,49,26,23
101900009,6,23,-17
101900010,423,148,275
101900011,115,80,35
101900012,14,11,3
101900013,757,25,732
101900017,9,24,-15
101900018,847,46,801
101900019,21,8,13
101900020,90,42,48
101900021,0,5,-5
101900022,13,767,-754
101900023,7,177,-170
101900026,41,46,-5
101900027,2,107,-105
102000001,866,1776,-910
102000002,1200,740,460
102000003,2053,1390,663
102000004,5367,980,4387
102000005,802,1101,-299
102000006,1034,482,552
102000007,1175,2091,-916
102000008,4835,755,4080
102000009,3387,3012,375
102000010,4511,1490,3021
102000011,1206,1216,-10
102000012,1544,1658,-114
102000018,2048,706,1342
102000019,1540,419,1121
102000026,145,162,-17
102000029,328,124,204
102000030,43,87,-44
102000031,7,98,-91
102000032,121,163,-42
102000033,48,249,-201
102000034,286,158,128
102000035,515,205,310
102000036,3,71,-68
102000037,145,80,65
102000038,44,52,-8
102000039,9,31,-22
102000040,220,54,166
102000041,41,71,-30
102000042,31,27,4
102000043,81,110,-29
102000044,59,205,-146
102000045,342,552,-210
102000046,429,175,254
102000047,279,641,-362
102000048,88,278,-190
102000049,301,240,61
102000050,361,606,-245
102000051,130,214,-84
102000052,466,515,-49
102000053,186,330,-144
102000054,170,404,-234
102000055,337,524,-187
102000056,210,347,-137
102000057,424,129,295
102000058,572,811,-239
102000059,408,845,-437
102000060,318,250,68
102000061,475,1736,-1261
102000062,262,533,-271
102000063,756,807,-51
102000064,338,407,-69
102000065,21,87,-66
102000066,425,710,-285
102000067,986,1375,-389
102000068,3803,1415,2388
102000069,10,576,-566
102000070,1941,50,1891
102000071,3853,5703,-1850
102000072,2185,3373,-1188
102000073,139,541,-402
102000074,155,683,-528
102000075,24,208,-184
102000076,43,346,-303
102000077,103,947,-844
102000078,259,841,-582
102000079,26,163,-137
102000080,51,138,-87
102000081,97,512,-415
102000082,300,163,137
102000083,91,578,-487
102000084,28,239,-211
102000085,887,834,53
102000086,572,659,-87
102000087,339,1464,-1125
102000088,150,155,-5
102000089,269,286,-17
102000090,179,578,-399
102000091,676,275,401
102000092,264,362,-98
102000093,242,272,-30
102000094,311,61,250
102000095,440,658,-218
102000096,721,227,494
102000097,1648,1003,645
102000098,254,637,-383
102000099,745,334,411
102000100,300,250,50
102000101,593,139,454
102000102,173,318,-145
102000103,560,186,374
102000104,775,248,527
102000105,64,705,-641
102000106,168,749,-581
102000107,182,258,-76
102000108,152,218,-66
102000109,103,334,-231
102000110,112,691,-579
102000111,1,100,-99
102000112,56,36,20
102000113,1,22,-21
102000114,340,84,256
102000115,184,91,93
102000116,56,119,-63
102000117,32,329,-297
102000118,682,565,117
102000119,1434,255,1179
102000120,60,286,-226
102000121,318,313,5
102000122,107,338,-231
102000123,674,434,240
102000124,481,377,104
102000125,406,273,133
102000126,261,340,-79
102000127,410,283,127
102000128,207,612,-405
102000129,274,445,-171
102000130,108,375,-267
102000131,199,368,-169
102000132,96,232,-136
102000133,464,1995,-1531
102000134,167,476,-309
102000135,792,250,542
102000136,476,136,340
102000137,533,442,91
102000138,141,266,-125
102000139,15,311,-296
102000140,125,156,-31
102000141,43,397,-354
102000142,46,175,-129
102000143,21,265,-244
102000144,30,277,-247
102000145,83,208,-125
102000146,128,204,-76
102000147,124,73,51
102000148,72,52,20
102000149,42,297,-255
102000150,29,145,-116
102000151,27,199,-172
102000152,39,126,-87
102000153,297,116,181
102000154,227,311,-84
102000155,51,106,-55
102000156,162,31,131
102000157,27,66,-39
102000158,119,92,27
102000159,1214,50,1164
102000161,2826,348,2478
102000162,164,60,104
102000163,57,90,-33
102000164,557,194,363
102000165,140,77,63
102000166,8,44,-36
102000167,37,119,-82
102000168,49,89,-40
102000169,36,119,-83
102000170,444,69,375
102000171,37,44,-7
102000172,3,45,-42
102000173,129,110,19
102000174,8,108,-100
102000175,23,50,-27
102000176,6,19,-13
102000178,85,393,-308
102000179,36,112,-76
102000180,164,383,-219
102000181,78,499,-421
102000182,174,602,-428
102000183,336,603,-267
102000184,371,751,-380
102000185,329,501,-172
102000186,265,1489,-1224
102000187,175,1309,-1134
102000188,92,513,-421
102000189,2284,672,1612
102000190,342,719,-377
102000191,742,116,626
102000192,305,556,-251
102000193,10,117,-107
102000194,34,94,-60
102000195,119,458,-339
102000196,35,376,-341
102000197,73,369,-296
102000198,27,646,-619
102000199,113,299,-186
102000200,70,710,-640
102000201,132,326,-194
102000202,0,85,-85
102000203,67,215,-148
102000204,94,436,-342
102000205,164,281,-117
102000206,148,484,-336
102000207,105,193,-88
102000208,108,362,-254
102000209,15,52,-37
102000210,35,515,-480
102000211,74,407,-333
102000212,19,14,5
102000213,6,248,-242
102000214,25,12,13
102000215,2,470,-468
102000216,5,7,-2
102000217,6,184,-178
102000218,31,14,17
102000219,182,380,-198
102000225,166,66,100
102000226,933,69,864
102000227,13,0,13
102000228,1,109,-108
102000229,6,24,-18
102000230,48,267,-219
102000231,90,210,-120
102000232,2,74,-72
102000233,252,235,17
102000234,15,237,-222
102000236,262,69,193
102000237,153,136,17
102000238,93,133,-40
102000240,396,389,7
102000241,157,60,97
102000243,1,17,-16
102000245,6,52,-46
102000246,1,17,-16
102000247,238,400,-162
102000248,148,271,-123
102000249,53,101,-48
102000250,6,280,-274
102000254,9,241,-232
102000266,36,111,-75
102000271,5,0,5
102000286,213,140,73
102000297,612,314,298
102000299,0,0,0
102000301,0,0,0
102000305,0,0,0
102000307,0,4,-4
102900001,215,185,30
102900002,85,4,81
102900003,4,224,-220
102900005,32,68,-36
102900006,63,39,24
102900007,48,7,41
102900008,48,15,33
102900009,0,0,0
102900010,127,151,-24
102900011,1515,147,1368
102900012,176,29,147
102900013,0,0,0
102900015,257,80,177
102900016,0,0,0
102900017,0,0,0
102900018,0,0,0
102900019,55,141,-86
102900020,11,16,-5
102900021,0,0,0
102900022,195,40,155
102900023,0,0,0
102900024,7,17,-10
102900025,0,0,0
102900026,189,305,-116
102900027,10,26,-16
102900028,19,95,-76
102900029,39,52,-13
102900030,36,42,-6
102900031,30,46,-16
102900032,3,111,-108
102900033,0,0,0
102900034,52,43,9
102900035,20,367,-347
102900036,22,331,-309
102900037,16,352,-336
102900038,115,224,-109
102900039,3,142,-139
102900040,64,107,-43
102900041,43,97,-54
102900042,97,257,-160
102900043,56,200,-144
102900044,189,1363,-1174
102900045,40,347,-307
102900046,37,253,-216
102900047,23,472,-449
102900048,191,600,-409
102900049,26,214,-188
102900050,101,230,-129
102900051,55,115,-60
102900052,0,0,0
102900053,100,421,-321
102900054,190,465,-275
102900055,0,0,0
102900056,54,235,-181
102900057,0,0,0
102900058,136,19,117
102900059,0,0,0
102900060,18,261,-243
102900061,20,331,-311
102900062,23,1077,-1054
102900063,101,118,-17
102900064,37,114,-77
102900065,311,161,150
102900066,68,7,61
102900068,23,44,-21
102900070,36,453,-417
102900072,9,18,-9
102900073,32,1,31
102900075,0,0,0
102900076,0,0,0
102900077,0,0,0
102900078,0,0,0
102900079,11,1,10
102900080,35,7,28
102900081,18,123,-105
102900082,1,145,-144
102900083,0,0,0
102900084,0,0,0
102900085,0,0,0
102900086,0,0,0
102900087,34,63,-29
102900088,3,25,-22
102900089,135,78,57
102900090,1,493,-492
102900091,31,1,30
102900092,57,870,-813
102900093,90,66,24
102900094,0,20,-20
102900095,10,3,7
102900096,8,6,2
102900097,2,95,-93
102900098,17,3,14
103000001,1152,1512,-360
103000002,845,1029,-184
103000003,1692,1422,270
103000004,489,395,94
103000005,1113,798,315
103000006,291,540,-249
103000007,216,472,-256
103000008,263,835,-572
103000009,171,433,-262
103000010,63,95,-32
103000011,1008,613,395
103000012,623,415,208
103000013,5010,1266,3744
103000014,642,609,33
103000015,1735,653,1082
103000016,201,276,-75
103000017,21,68,-47
103000018,550,179,371
103000019,21,26,-5
103000020,738,909,-171
103000021,328,432,-104
103000022,506,909,-403
103000023,120,471,-351
103000024,62,74,-12
103000025,30,49,-19
103000026,1295,68,1227
103000027,169,60,109
103000028,521,145,376
103000029,453,41,412
103000030,1704,270,1434
103000031,701,427,274
103000032,807,866,-59
103000033,1318,929,389
103000034,1008,470,538
103000035,238,393,-155
103000036,268,142,126
103000037,483,277,206
103000038,279,310,-31
103000039,58,322,-264
103000040,89,681,-592
103000041,747,1912,-1165
103000042,324,498,-174
103000043,165,793,-628
103000044,47,157,-110
103000046,141,165,-24
103000047,172,297,-125
103000048,83,72,11
103000049,42,106,-64
103000050,160,423,-263
103000051,127,272,-145
103000052,323,305,18
103000053,40,188,-148
103000054,824,601,223
103000055,679,701,-22
103000056,350,1116,-766
103000057,223,147,76
103000058,130,603,-473
103000059,149,498,-349
103000060,435,526,-91
103000061,156,394,-238
103000062,355,621,-266
103000063,235,348,-113
103000064,48,210,-162
103000065,1,197,-196
103000066,45,8,37
103000069,67,245,-178
103000070,191,835,-644
103000071,261,144,117
103000072,36,798,-762
103000073,88,69,19
103000074,101,32,69
103000075,86,738,-652
103000076,56,39,17
103000077,28,273,-245
103000078,402,70,332
103000079,961,178,783
103000080,316,41,275
103000081,176,285,-109
103000082,109,52,57
103000083,40,244,-204
103000084,2,0,2
103000085,2,55,-53
103000086,158,67,91
103000087,50,214,-164
103000088,101,209,-108
103000089,70,149,-79
103000090,736,811,-75
103000091,186,238,-52
103000092,67,149,-82
103000093,159,437,-278
103000094,43,61,-18
103000095,15,282,-267
103000096,177,53,124
103000097,26,446,-420
103000098,462,37,425
103000099,112,352,-240
103000100,28,644,-616
103000101,192,79,113
103000102,35,533,-498
103000103,133,100,33
103000104,18,117,-99
103000105,19,78,-59
103000106,3,78,-75
103000107,149,39,110
103000108,233,384,-151
103000109,207,257,-50
103000110,224,243,-19
103000111,233,219,14
103000112,156,144,12
103000113,141,337,-196
103000114,229,204,25
103000115,177,269,-92
103000116,137,335,-198
103000117,61,346,-285
103000118,783,719,64
103000119,1661,557,1104
103000120,36,84,-48
103000121,73,262,-189
103000122,59,89,-30
103000125,4,385,-381
103000126,66,13,53
103000127,0,243,-243
103000128,46,0,46
103000129,1,117,-116
103000130,8,11,-3
103000131,161,51,110
103000132,57,42,15
103000133,0,192,-192
103000134,227,190,37
103000135,607,64,543
103000136,394,144,250
103000137,195,203,-8
103000138,265,178,87
103000139,0,30,-30
103000140,45,17,28
103000141,12,60,-48
103000142,39,34,5
103000143,20,156,-136
103000144,65,48,17
103000145,1,24,-23
103000150,17,35,-18
103000152,101,127,-26
103000153,45,94,-49
103000156,3,458,-455
103000157,74,1,73
103000159,45,126,-81
103000162,13,4,9
103000163,1,6,-5
103000164,6,4,2
103000165,67,302,-235
103000166,40,15,25
103000167,41,78,-37
103000168,36,130,-94
103000169,53,45,8
103000170,311,363,-52
103000171,14,57,-43
103000172,70,138,-68
103000173,102,536,-434
103000174,66,146,-80
103000175,46,422,-376
103000176,399,110,289
103000177,424,235,189
103000178,216,155,61
103000179,43,9,34
103000183,15,29,-14
103000185,21,48,-27
103000186,27,82,-55
103000187,115,502,-387
103000188,10,52,-42
103000189,248,718,-470
103000191,211,373,-162
103000292,1882,214,1668
103000293,949,303,646
103000295,21,56,-35
103000296,15,4,11
103000297,32,8,24
103000504,49,12,37
103000505,20,0,20
103000506,2,153,-151
103000507,54,4,50
103000508,30,22,8
103000509,105,380,-275
103900001,1,124,-123
103900002,857,74,783
103900003,784,24,760
103900004,4,0,4
103900005,2,215,-213
103900006,0,0,0
103900007,0,0,0
103900008,0,0,0
103900009,36,135,-99
103900010,30,152,-122
103900011,18,169,-151
103900012,3,2,1
103900013,2,91,-89
103900014,2,13,-11
103900015,7,7,0
103900016,102,289,-187
103900017,5,70,-65
103900018,447,76,371
103900019,15,64,-49
103900020,51,97,-46
103900021,10,4,6
103900022,263,330,-67
103900023,8,1,7
103900024,36,522,-486
103900025,0,16,-16
103900026,0,0,0
103900027,43,100,-57
103900028,11,138,-127
103900029,207,131,76
103900030,29,2,27
103900031,1,1,0
103900032,15,7,8
103900033,13,2,11
103900034,7,177,-170
103900035,35,38,-3
103900036,3,9,-6
103900037,4,8,-4
103900038,8,17,-9
103900039,3,344,-341
103900040,2,152,-150
103900041,0,5,-5
103900042,10,341,-331
103900043,18,51,-33
103900044,64,27,37
103900045,32,75,-43
103900047,9,43,-34
103900048,14,2,12
103900049,143,798,-655
103900050,1,66,-65
103900051,0,34,-34
103900052,58,374,-316
103900053,32,887,-855
103900054,4,443,-439
103900055,88,112,-24
103900056,18,44,-26
103900057,6,248,-242
103900058,25,504,-479
103900059,0,0,0
103900060,3,119,-116
103900061,10,13,-3
103900062,24,29,-5
103900063,0,0,0
103900064,10,0,10
103900065,429,192,237
103900066,14,1,13
103900067,4,6,-2
103900068,0,0,0
103900069,2,4,-2
103900070,23,199,-176
103900071,8,152,-144
103900072,1,244,-243
103900073,1,3,-2
103900074,4,51,-47
103900075,41,53,-12
103900076,100,439,-339
103900077,40,6,34
103900078,12,67,-55
103900079,8,147,-139
103900080,4,3,1
103900081,0,0,0
103900082,2,33,-31
103900083,1289,80,1209
103900084,6,82,-76
103900085,40,35,5
103900086,76,119,-43
103900088,144,63,81
103900089,17,132,-115
103900090,0,92,-92
103900091,385,75,310
103900092,54,275,-221
103900093,42,301,-259
103900094,2,107,-105
103900095,23,73,-50
103900096,1,250,-249
103900097,1,363,-362
103900098,72,33,39
103900099,6,213,-207
103900100,33,239,-206
103900101,24,468,-444
103900102,1,13,-12
103900104,1,8,-7
103900105,44,85,-41
103900106,1,7,-6
103900107,7,91,-84
103900108,14,361,-347
103900109,5,19,-14
103900110,60,36,24
103900111,9,662,-653
103900112,1,25,-24
103900113,46,121,-75
103900114,270,158,112
103900115,162,36,126
103900116,4001,309,3692
103900117,213,110,103
103900119,8,10,-2
103900120,13,38,-25
103900122,8,329,-321
103900123,707,269,438
103900124,18,537,-519
103900125,31,70,-39
103900126,57,235,-178
103900127,41,596,-555
103900128,10,186,-176
103900131,2,82,-80
103900133,265,14,251
103900134,0,0,0
103900135,2,0,2
103900137,0,19,-19
103900138,0,124,-124
103900139,105,342,-237
103900140,0,0,0
103900141,91,37,54
103900142,2,37,-35
103900143,5,0,5
103900144,0,11,-11
103900145,68,250,-182
103900146,62,209,-147
103900147,100,73,27
103900148,24,128,-104
103900149,32,486,-454
103900150,4116,554,3562
103900151,5,75,-70
103900152,20,514,-494
103900153,0,0,0
103900154,924,236,688
103900155,4,99,-95
103900156,3,77,-74
103900157,4,180,-176
103900158,3,143,-140
103900159,15,42,-27
103900160,14,5,9
103900161,15,91,-76
103900162,44,165,-121
103900163,4,189,-185
103900167,5,11,-6
103900168,4,34,-30
103900169,2,9,-7
103900170,0,34,-34
103900171,0,39,-39
103900172,5,23,-18
103900173,2,1,1
103900174,11,27,-16
103900175,18,12,6
103900176,1,8,-7
103900177,3,18,-15
103900178,10,66,-56
103900179,3,158,-155
103900180,3,121,-118
103900181,16,25,-9
103900182,24,4,20
103900184,424,5,419
103900185,106,33,73
103900187,35,8,27
103900188,14,6,8
103900189,44,0,44
103900190,7,14,-7
103900191,6,27,-21
103900192,5,39,-34
103900193,69,49,20
103900194,7,188,-181
103900195,1,14,-13
103900196,3,13,-10
103900197,2,13,-11
103900198,6,36,-30
103900199,22,78,-56
103900200,18,71,-53
103900201,16,125,-109
103900202,3,37,-34
103900203,5,8,-3
103900204,0,79,-79
103900207,0,96,-96
103900208,8,0,8
103900209,2,78,-76
103900210,9,16,-7
103900211,80,336,-256
103900212,11,421,-410
103900213,33,92,-59
103900214,4,2,2
103900215,440,125,315
103900216,4,292,-288
103900217,6,10,-4
103900218,1,55,-54
103900219,6,103,-97
103900233,12,1,11
103900235,10,10,0
103900236,12,0,12
103900242,0,0,0
103900243,0,1,-1
103900244,4,145,-141
103900245,12,122,-110
103900246,15,7,8
103900247,14,64,-50
103900248,2,4,-2
103900249,2,2,0
103900250,1,5,-4
103900251,0,4,-4
103900253,16,4,12
103900254,0,2,-2
103900255,3,2,1
103900256,1,0,1
103900257,31,5,26
103900258,2,1,1
103900259,20,1,19
103900261,1,1,0
103900262,1,0,1
103900263,11,3,8
103900264,7,0,7
103900265,8,0,8
103900266,0,11,-11
103900267,1,43,-42
103900268,2,100,-98
103900269,69,22,47
103900270,5,71,-66
103900271,12,155,-143
103900272,0,0,0
103900273,0,0,0
103900274,0,0,0
103900275,0,0,0
103900276,0,0,0
103900277,0,0,0
103900278,0,0,0
103900279,0,0,0
103900280,0,0,0
104000001,1006,1489,-483
104000002,913,1530,-617
104000003,1071,1335,-264
104000004,2234,1405,829
104000005,417,964,-547
104000006,1388,1739,-351
104000007,2068,1977,91
104000008,150,440,-290
104000009,54,112,-58
104000010,21,69,-48
104000011,507,446,61
104000012,60,421,-361
104000013,13,36,-23
104000014,126,718,-592
104000015,73,66,7
104000016,102,354,-252
104000018,259,88,171
104000019,139,58,81
104000020,63,703,-640
104000021,154,674,-520
104000022,48,273,-225
104000023,208,165,43
104000024,80,149,-69
104000026,10,58,-48
104000027,92,329,-237
104000028,71,129,-58
104000029,170,525,-355
104000030,51,142,-91
104000031,194,143,51
104000032,82,274,-192
104000033,145,159,-14
104000034,146,355,-209
104000035,176,264,-88
104000036,180,371,-191
104000037,137,245,-108
104000038,144,140,4
104000039,72,385,-313
104000040,300,397,-97
104000041,176,168,8
104000042,103,361,-258
104000043,143,207,-64
104000044,98,554,-456
104000045,285,877,-592
104000046,731,925,-194
104000047,229,805,-576
104000048,763,1405,-642
104000049,116,167,-51
104000050,65,386,-321
104000051,36,525,-489
104000052,355,855,-500
104000053,267,363,-96
104000054,236,502,-266
104000055,2350,1643,707
104000056,815,93,722
104000057,33,452,-419
104000058,357,454,-97
104000059,169,607,-438
104000060,192,562,-370
104000061,417,683,-266
104000062,27,20,7
104000064,322,148,174
104000065,42,139,-97
104000069,1045,337,708
104000070,14,197,-183
104000071,83,296,-213
104000072,45,21,24
104000075,14,133,-119
104000076,135,23,112
104000082,814,1132,-318
104000083,339,95,244
104000084,61,332,-271
104000085,44,98,-54
104000086,76,348,-272
104000087,147,263,-116
104000090,333,1128,-795
104000092,211,1827,-1616
104000094,332,1377,-1045
104000095,788,865,-77
104000096,225,361,-136
104000097,304,499,-195
104000098,294,733,-439
104000100,228,410,-182
104000101,469,952,-483
104000106,120,241,-121
104000107,163,307,-144
104000108,104,420,-316
104000109,77,31,46
104000110,361,441,-80
104000111,3142,601,2541
104000112,1143,284,859
104000116,4,1306,-1302
104000117,7,831,-824
104000118,99,171,-72
104000119,94,152,-58
104000120,10,715,-705
104000121,100,400,-300
104000122,252,393,-141
104000123,472,538,-66
104000124,1158,1288,-130
104000125,4303,1488,2815
104000126,95,319,-224
104000127,1045,2163,-1118
104000128,197,290,-93
104000129,185,37,148
104000130,1,109,-108
104000131,838,525,313
104000132,435,822,-387
104000133,700,525,175
104000134,489,799,-310
104000135,220,512,-292
104000136,637,989,-352
104000137,1260,93,1167
104000138,946,203,743
104000139,7727,1571,6156
104000141,855,1265,-410
104000142,301,799,-498
104000143,213,697,-484
104000144,13,65,-52
104000145,95,46,49
104000146,361,339,22
104000147,52,227,-175
104000148,45,53,-8
104000149,103,347,-244
104000150,172,150,22
104000151,176,607,-431
104000152,201,847,-646
104000153,71,174,-103
104000154,832,706,126
104000155,97,179,-82
104000157,749,1361,-612
104000158,81,159,-78
104000159,194,212,-18
104000160,1141,726,415
104000161,92,29,63
104000162,12,55,-43
104000165,492,380,112
104000167,104,180,-76
104000168,135,2,133
104000169,0,0,0
104000170,1019,168,851
104000248,4,412,-408
104000251,30,241,-211
104000272,2,0,2
104000273,2,2,0
104000274,1,0,1
104000275,1,0,1
104000279,424,294,130
104000290,30,227,-197
104000291,455,445,10
104000293,190,385,-195
104000294,0,0,0
104000295,206,582,-376
104000296,105,412,-307
104000297,452,914,-462
104000298,1007,546,461
104000299,247,812,-565
104900001,6,97,-91
104900002,5,27,-22
104900003,4,292,-288
104900004,16,286,-270
104900005,32,94,-62
104900006,33,8,25
104900007,62,153,-91
104900009,17,261,-244
104900010,4,3,1
104900011,1,0,1
104900012,11,0,11
104900013,12,0,12
104900014,2122,134,1988
104900015,13,0,13
104900016,29,259,-230
104900017,7,96,-89
104900018,0,121,-121
104900019,80,195,-115
104900020,13,140,-127
104900021,0,0,0
104900022,4,89,-85
104900023,0,0,0
104900024,4,91,-87
104900025,33,240,-207
104900026,0,0,0
104900027,22,27,-5
104900028,12,87,-75
104900029,0,0,0
104900030,35,26,9
104900031,79,133,-54
104900032,3,75,-72
104900033,0,0,0
104900034,38,25,13
104900035,16,20,-4
104900036,21,18,3
104900037,22,181,-159
104900038,157,96,61
104900039,0,0,0
104900040,13,14,-1
104900041,0,0,0
104900042,25,259,-234
104900043,0,0,0
104900044,27,36,-9
104900045,0,0,0
104900046,10,48,-38
104900047,25,24,1
104900048,13,19,-6
104900049,0,0,0
104900050,32,39,-7
104900051,9,12,-3
104900052,0,0,0
104900053,55,9,46
104900054,26,2,24
104900055,0,0,0
104900056,16,1,15
104900057,11,0,11
104900058,74,29,45
104900059,0,0,0
104900060,0,234,-234
104900061,142,429,-287
104900063,1,84,-83
104900064,0,86,-86
104900065,0,54,-54
104900066,1,101,-100
104900067,3,217,-214
104900068,1,178,-177
104900070,28,254,-226
104900071,2,688,-686
104900072,3,178,-175
104900073,4,137,-133
104900074,12,171,-159
104900075,7,33,-26
104900076,75,385,-310
104900077,521,21,500
104900078,75,633,-558
104900079,76,48,28
104900080,11,413,-402
104900082,1,69,-68
104900085,2,74,-72
104900087,49,1,48
104900089,0,0,0
104900090,50,52,-2
104900091,157,526,-369
104900093,84,280,-196
104900097,1853,468,1385
104900098,14,12,2
104900099,52,203,-151
104900100,453,98,355
104900102,6,135,-129
104900103,270,60,210
104900104,1157,279,878
104900106,12,88,-76
104900107,24,279,-255
104900108,0,144,-144
104900109,5,41,-36
104900110,6,27,-21
104900111,32,31,1
104900112,86,645,-559
104900113,178,262,-84
104900114,73,524,-451
104900115,145,337,-192
104900116,29,208,-179
104900118,1,51,-50
104900119,0,14,-14
104900120,0,0,0
104900121,0,0,0
104900122,0,0,0
104900123,0,0,0
104900124,0,0,0
104900125,44,0,44
104900126,23,32,-9
104900127,5,6,-1
104900128,0,9,-9
104900129,1046,215,831
105000001,1212,1281,-69
105000002,726,1037,-311
105000003,1157,2400,-1243
105000004,243,686,-443
105000005,325,693,-368
105000006,388,748,-360
105000007,239,605,-366
105000008,285,763,-478
105000009,431,1090,-659
105000010,1768,1794,-26
105000011,749,719,30
105000012,2890,2403,487
105000013,378,416,-38
105000014,514,874,-360
105000015,3658,1522,2136
105000016,2174,913,1261
105000017,688,658,30
105000018,549,519,30
105000019,647,438,209
105000020,83,260,-177
105000021,119,91,28
105000022,56,25,31
105000023,137,78,59
105000028,29,108,-79
105000029,156,408,-252
105000030,2416,2488,-72
105000033,631,1733,-1102
105000034,47,221,-174
105000037,331,416,-85
105000038,427,445,-18
105000039,2697,1585,1112
105000040,116,273,-157
105000041,303,1325,-1022
105000042,781,461,320
105000043,1577,1996,-419
105000044,88,142,-54
105000045,151,778,-627
105000046,222,136,86
105000047,195,1178,-983
105000048,90,93,-3
105000049,199,552,-353
105000050,60,44,16
105000051,105,377,-272
105000052,81,609,-528
105000053,73,135,-62
105000054,75,676,-601
105000055,99,319,-220
105000056,205,1696,-1491
105000057,474,801,-327
105000058,611,1030,-419
105000059,95,214,-119
105000060,128,469,-341
105000061,66,154,-88
105000062,334,874,-540
105000063,105,564,-459
105000064,172,354,-182
105000065,151,793,-642
105000066,404,1586,-1182
105000067,219,246,-27
105000068,350,640,-290
105000069,1656,214,1442
105000070,437,435,2
105000071,44,101,-57
105000072,348,215,133
105000073,322,262,60
105000074,396,681,-285
105000075,209,477,-268
105000076,513,772,-259
105000077,905,511,394
105000078,554,594,-40
105000079,950,1022,-72
105000080,517,470,47
105000081,455,487,-32
105000082,146,243,-97
105000083,373,199,174
105000084,279,829,-550
105000085,417,367,50
105000086,211,667,-456
105000087,1704,1178,526
105000088,559,433,126
105000089,2050,1957,93
105000090,669,919,-250
105000091,1460,1753,-293
105000092,302,1122,-820
105000093,213,167,46
105000094,95,129,-34
105000095,45,284,-239
105000096,263,289,-26
105000097,389,409,-20
105000098,175,223,-48
105000099,246,687,-441
105000100,444,710,-266
105000101,1003,1385,-382
105000102,703,982,-279
105000103,669,1451,-782
105000104,412,572,-160
105000105,260,1213,-953
105000106,373,1035,-662
105000107,249,459,-210
105000108,375,968,-593
105000109,457,1128,-671
105000110,230,457,-227
105000111,162,330,-168
105000112,420,496,-76
105000113,102,285,-183
105000114,2213,491,1722
105000115,160,341,-181
105000116,98,163,-65
105000117,318,1093,-775
105000118,62,143,-81
105000119,230,827,-597
105000120,117,258,-141
105000121,377,801,-424
105000122,106,180,-74
105000123,435,940,-505
105000124,320,574,-254
105000125,218,1137,-919
105000126,753,1512,-759
105000127,1070,1293,-223
105000128,71,849,-778
105000129,149,185,-36
105000130,17,253,-236
105000131,235,190,45
105000132,228,190,38
105000133,167,779,-612
105000134,109,221,-112
105000135,158,495,-337
105000136,34,260,-226
105000137,33,31,2
105000138,134,311,-177
105000139,495,891,-396
105000140,22,103,-81
105000141,50,427,-377
105000142,23,133,-110
105000143,63,386,-323
105000144,137,457,-320
105000145,91,243,-152
105000146,167,420,-253
105000147,54,44,10
105000148,135,81,54
105000149,201,121,80
105000150,961,862,99
105000151,90,191,-101
105000152,40,445,-405
105000153,128,263,-135
105000154,182,709,-527
105000155,68,329,-261
105000156,391,714,-323
105000157,578,1477,-899
105000158,723,558,165
105000159,199,1087,-888
105000160,535,383,152
105000161,260,1577,-1317
105000162,121,565,-444
105000163,694,816,-122
105000164,128,194,-66
105000165,853,1233,-380
105000166,5411,193,5218
105000167,1962,700,1262
105000168,14,681,-667
105000169,92,382,-290
105000170,17,607,-590
105000171,656,282,374
105000172,1,0,1
105000173,0,1,-1
105000174,6,1,5
105000175,37,87,-50
105000176,19,22,-3
105000177,14,56,-42
105000178,32,201,-169
105000179,53,48,5
105000180,18,82,-64
105000181,4,119,-115
105000182,15,41,-26
105000183,2013,539,1474
105000184,950,437,513
105000185,295,176,119
105000186,157,900,-743
105000187,113,85,28
105000188,14,44,-30
105000189,46,468,-422
105000190,8,39,-31
105000191,117,351,-234
105000192,22,88,-66
105000193,30,84,-54
105000194,47,35,12
105000195,103,862,-759
105000196,4,46,-42
105000197,71,501,-430
105000198,303,147,156
105000199,77,57,20
105000200,49,213,-164
105000201,18,13,5
105000203,2,228,-226
105000204,77,74,3
105000205,54,132,-78
105000207,480,169,311
105000208,0,0,0
105000209,84,297,-213
105000212,301,1042,-741
105000213,76,109,-33
105000214,13,103,-90
105000215,12,177,-165
105000216,40,310,-270
105000217,63,280,-217
105000218,126,467,-341
105000221,31,224,-193
105000222,8,19,-11
105000223,35,86,-51
105000226,5,90,-85
105000227,1,59,-58
105000228,69,451,-382
105000229,8,101,-93
105000231,0,0,0
105000233,202,301,-99
105000234,298,834,-536
105000235,52,271,-219
105000237,144,10,134
105000243,10,180,-170
105000248,50,34,16
105000262,57,1281,-1224
105000269,42,118,-76
105000270,81,127,-46
105000271,0,224,-224
105000282,65,36,29
105000287,217,92,125
105000288,95,213,-118
105000289,328,329,-1
105000290,0,0,0
105000402,3338,1112,2226
105000426,115,213,-98
105000438,268,276,-8
105000446,7455,2403,5052
105000447,4368,1380,2988
105000454,36,595,-559
105000455,69,103,-34
105000474,1,0,1
105000477,25,186,-161
105000478,318,449,-131
105000479,27,84,-57
105000480,797,694,103
105000481,705,842,-137
105000482,2386,1697,689
105000483,351,569,-218
105000484,1056,1680,-624
105000485,651,887,-236
105000486,1712,1557,155
105000488,1680,1424,256
105000489,142,413,-271
105000549,0,12,-12
105000550,185,720,-535
105000551,10,46,-36
105000552,2728,1340,1388
105000555,200,308,-108
105900001,3,463,-460
105900002,1098,128,970
105900003,7,35,-28
105900004,316,78,238
105900005,4,206,-202
105900006,0,23,-23
105900007,11,9,2
105900008,21,535,-514
105900009,1,15,-14
105900011,18,45,-27
105900012,137,201,-64
105900013,1,1,0
105900014,0,53,-53
105900015,76,242,-166
105900016,18,494,-476
105900017,125,43,82
105900018,98,138,-40
105900019,15,441,-426
105900020,7,32,-25
105900021,6,281,-275
105900022,69,189,-120
105900023,1,91,-90
105900024,1,117,-116
105900025,7,31,-24
105900026,127,27,100
105900027,2288,880,1408
105900028,10,95,-85
105900029,1367,299,1068
105900030,82,225,-143
105900031,173,144,29
105900032,14,82,-68
105900033,9,88,-79
105900034,45,180,-135
105900035,53,80,-27
105900036,9,96,-87
105900037,42,66,-24
105900038,28,160,-132
105900039,7,103,-96
105900040,21,82,-61
105900041,91,289,-198
105900042,11,47,-36
105900043,1079,44,1035
105900044,0,86,-86
105900045,2,293,-291
105900046,0,110,-110
105900047,19,13,6
105900048,10,240,-230
105900050,190,357,-167
105900051,1,816,-815
105900052,65,9,56
105900053,2559,281,2278
105900054,122,169,-47
105900056,482,37,445
105900057,8,125,-117
105900058,1,12,-11
105900059,0,12,-12
106000001,971,473,498
106000002,1444,2257,-813
106000003,1605,860,745
106000004,1740,1401,339
106000005,1042,1719,-677
106000006,3692,2973,719
106000007,267,199,68
106000008,190,192,-2
106000009,221,148,73
106000010,308,420,-112
106000011,194,399,-205
106000012,349,1248,-899
106000013,613,858,-245
106000014,1145,1288,-143
106000015,403,502,-99
106000016,580,1480,-900
106000017,360,415,-55
106000018,252,422,-170
106000019,94,247,-153
106000020,67,351,-284
106000021,138,275,-137
106000022,135,314,-179
106000023,251,162,89
106000024,222,745,-523
106000025,83,103,-20
106000026,119,322,-203
106000027,113,301,-188
106000028,268,679,-411
106000029,476,1230,-754
106000030,547,158,389
106000034,194,449,-255
106000035,232,369,-137
106000036,217,236,-19
106000037,663,1012,-349
106000038,120,67,53
106000039,55,39,16
106000040,88,477,-389
106000041,327,198,129
106000043,161,47,114
106000046,132,17,115
106000047,16,207,-191
106000049,88,54,34
106000050,113,593,-480
106000051,76,109,-33
106000052,46,587,-541
106000053,0,2,-2
106000054,210,315,-105
106000055,111,255,-144
106000056,172,407,-235
106000057,0,1,-1
106000058,77,169,-92
106000059,31,81,-50
106000060,378,506,-128
106000061,57,162,-105
106000062,150,473,-323
106000063,140,168,-28
106000064,45,337,-292
106000065,25,56,-31
106000066,70,293,-223
106000067,23,36,-13
106000068,20,521,-501
106000069,26,34,-8
106000070,95,581,-486
106000071,94,130,-36
106000072,2584,620,1964
106000073,882,686,196
106000074,137,364,-227
106000075,122,423,-301
106000076,405,855,-450
106000077,988,573,415
106000078,185,476,-291
106000079,198,672,-474
106000080,388,506,-118
106000081,112,560,-448
106000082,1084,537,547
106000083,128,646,-518
106000084,153,364,-211
106000085,486,504,-18
106000086,144,308,-164
106000087,125,291,-166
106000088,96,518,-422
106000089,136,288,-152
106000090,51,397,-346
106000091,157,386,-229
106000092,134,103,31
106000093,42,16,26
106000094,66,322,-256
106000095,76,929,-853
106000096,151,490,-339
106000097,155,1175,-1020
106000098,95,707,-612
106000099,33,709,-676
106000100,129,200,-71
106000101,165,128,37
106000102,11,456,-445
106000103,103,459,-356
106000104,232,199,33
106000105,122,685,-563
106000106,135,156,-21
106000107,48,398,-350
106000108,63,206,-143
106000109,26,270,-244
106000110,61,158,-97
106000111,57,466,-409
106000112,38,189,-151
106000113,858,465,393
106000114,240,193,47
106000115,93,431,-338
106000116,93,116,-23
106000117,564,581,-17
106000118,446,527,-81
106000119,1802,737,1065
106000120,408,212,196
106000121,58,93,-35
106000122,22,221,-199
106000123,65,250,-185
106000124,10,217,-207
106000125,5,272,-267
106000126,28,174,-146
106000127,99,638,-539
106000128,93,160,-67
106000129,139,530,-391
106000130,134,170,-36
106000131,39,368,-329
106000132,359,67,292
106000133,3154,510,2644
106000134,229,171,58
106000135,116,692,-576
106000136,133,133,0
106000137,43,1285,-1242
106000138,131,13,118
106000139,0,0,0
106000140,4,68,-64
106000141,23,127,-104
106000142,0,0,0
106000143,7,125,-118
106000144,0,0,0
106000145,74,319,-245
106000146,0,0,0
106000147,158,271,-113
106000148,260,416,-156
106000149,195,179,16
106000150,203,819,-616
106000151,2603,399,2204
106000152,753,386,367
106000153,50,482,-432
106000154,987,121,866
106000155,13,38,-25
106000156,206,206,0
106000157,264,1160,-896
106000158,1964,377,1587
106000159,3710,863,2847
106000160,49,487,-438
106000161,749,368,381
106000162,40,215,-175
106000163,100,436,-336
106000164,56,134,-78
106000165,46,538,-492
106000166,78,163,-85
106000167,130,1170,-1040
106000168,64,138,-74
106000169,39,613,-574
106000170,80,152,-72
106000171,31,555,-524
106000172,763,495,268
106000173,233,1671,-1438
106000174,103,142,-39
106000175,105,848,-743
106000176,251,280,-29
106000177,228,1555,-1327
106000178,998,621,377
106000179,550,1372,-822
106000180,422,1469,-1047
106000181,145,1452,-1307
106000182,154,442,-288
106000183,175,865,-690
106000184,438,753,-315
106000185,381,603,-222
106000186,321,97,224
106000187,71,483,-412
106000188,0,1,-1
106000189,4,29,-25
106000190,0,0,0
106000191,132,117,15
106000192,0,42,-42
106000193,117,68,49
106000194,74,227,-153
106000195,124,36,88
106000196,8,153,-145
106000197,98,214,-116
106000198,29,207,-178
106000199,439,184,255
106000200,236,71,165
106000201,222,456,-234
106000202,4767,256,4511
106000203,148,97,51
106000204,3,0,3
106000205,12,94,-82
106000206,15,2,13
106000207,15,684,-669
106000208,74,13,61
106000209,121,99,22
106000210,110,1012,-902
106000211,156,1266,-1110
106000212,60,54,6
106000213,355,509,-154
106000214,802,161,641
106000215,62,330,-268
106000216,117,131,-14
106000217,82,338,-256
106000218,95,156,-61
106000219,42,171,-129
106000220,116,142,-26
106000221,40,214,-174
106000222,34,74,-40
106000223,5,68,-63
106000224,63,287,-224
106000225,12,27,-15
106000226,55,248,-193
106000228,11,74,-63
106000229,15,589,-574
106000231,110,51,59
106000232,14,303,-289
106000233,71,51,20
106000234,40,161,-121
106000235,44,16,28
106000236,49,26,23
106000237,4,20,-16
106000238,2,4,-2
106000239,0,66,-66
106000240,11,1,10
106000241,9,429,-420
106000242,18,3,15
106000249,0,0,0
106000250,15,223,-208
106000251,14,15,-1
106000252,11,129,-118
106000253,3,29,-26
106000254,17,82,-65
106000255,0,59,-59
106000256,45,91,-46
106000257,40,173,-133
106000258,18,0,18
106000259,1,3,-2
106000260,0,3,-3
106000261,0,23,-23
106000262,3,2,1
106000263,1,42,-41
106000264,37,10,27
106000265,4,57,-53
106000266,40,8,32
106000267,0,72,-72
106000268,146,3,143
106000269,19,34,-15
106000270,63,322,-259
106000271,19,73,-54
106000272,53,59,-6
106000273,5,43,-38
106000274,147,42,105
106000275,34,112,-78
106000276,60,40,20
106000277,79,91,-12
106000278,92,20,72
106000279,15,61,-46
106000280,14,165,-151
106000281,31,64,-33
106000282,27,45,-18
106000283,28,74,-46
106000284,32,64,-32
106000285,44,141,-97
106000286,12,92,-80
106000287,25,113,-88
106000288,19,132,-113
106000289,25,58,-33
106000290,25,112,-87
106000291,39,66,-27
106000292,26,88,-62
106000293,41,61,-20
106000294,67,74,-7
106000295,20,34,-14
106000296,62,73,-11
106000297,81,92,-11
106000298,85,38,47
106000299,41,63,-22
106000300,15,52,-37
106000301,68,68,0
106000303,2,26,-24
106000304,12,32,-20
106000305,10,14,-4
106000306,30,76,-46
106000307,4,1,3
106000308,19,141,-122
106000309,2,48,-46
106000310,80,314,-234
106000311,129,72,57
106000312,28,101,-73
106000313,42,153,-111
106000318,79,142,-63
106000319,103,8,95
106000320,2,17,-15
106000321,138,31,107
106000322,26,172,-146
106000324,1,112,-111
106000325,402,409,-7
106000326,400,1429,-1029
106000327,14,98,-84
106000328,1,39,-38
106000329,9,171,-162
106000330,22,27,-5
106000428,40,108,-68
106000429,34,426,-392
106000430,174,1170,-996
106000431,221,152,69
106000432,643,1739,-1096
106000433,452,299,153
106000434,693,231,462
106000435,1521,1658,-137
106000436,9,247,-238
106000437,36,7,29
106000438,119,33,86
106000439,46,298,-252
106000440,75,409,-334
106000441,0,0,0
106000442,31,3,28
106000443,32,481,-449
106000450,2,146,-144
106000451,17,1,16
106000454,4,31,-27
106000455,5,157,-152
106000456,28,8,20
106000457,5,875,-870
106000458,58,54,4
106000459,16,348,-332
106000460,97,6,91
106000461,16,1602,-1586
106000462,0,10,-10
106000463,2,7,-5
106000464,4,523,-519
106000465,34,0,34
106000466,2,551,-549
106000467,519,304,215
106000468,10,120,-110
106000469,45,0,45
106000470,86,580,-494
106000471,3,411,-408
106000472,18,4,14
106000473,18,28,-10
106000474,132,661,-529
106000475,65,95,-30
106000476,147,85,62
106000477,18,119,-101
106000480,0,51,-51
106900001,0,3,-3
106900002,1,478,-477
106900003,100,485,-385
106900004,0,20,-20
106900006,0,5,-5
106900007,0,6,-6
106900008,41,101,-60
106900009,35,217,-182
106900010,57,170,-113
106900012,684,270,414
106900013,33,6,27
106900014,2,1,1
106900015,0,0,0
106900016,10,0,10
106900017,1,0,1
106900018,0,0,0
106900019,4,0,4
106900020,1835,240,1595
106900021,4,19,-15
106900022,19,0,19
106900023,1,203,-202
106900024,30,1,29
106900025,41,465,-424
106900026,1,693,-692
106900027,38,2,36
107000001,376,716,-340
107000002,1458,2422,-964
107000003,1283,2309,-1026
107000004,3219,4524,-1305
107000005,516,1190,-674
107000006,1849,5342,-3493
107000007,2293,1659,634
107000008,15487,8959,6528
107000009,1513,1677,-164
107000010,6582,9189,-2607
107000011,626,974,-348
107000012,2356,2510,-154
107000013,12,155,-143
107000014,4,196,-192
107000015,160,726,-566
107000016,136,978,-842
107000017,1085,444,641
107000018,0,177,-177
107000020,465,187,278
107000021,397,824,-427
107000022,215,1150,-935
107000023,615,355,260
107000024,192,1858,-1666
107000025,49,254,-205
107000026,49,588,-539
107000027,492,509,-17
107000028,562,883,-321
107000029,472,703,-231
107000030,1717,2000,-283
107000031,564,684,-120
107000032,67,194,-127
107000033,2654,2528,126
107000034,4318,1340,2978
107000035,155,57,98
107000036,239,546,-307
107000037,32,292,-260
107000038,123,182,-59
107000039,175,235,-60
107000040,77,247,-170
107000041,576,254,322
107000042,344,928,-584
107000043,1668,358,1310
107000044,499,345,154
107000045,40,208,-168
107000046,148,154,-6
107000047,131,611,-480
107000048,91,187,-96
107000049,165,464,-299
107000050,190,289,-99
107000051,346,171,175
107000052,364,313,51
107000053,99,48,51
107000054,29,203,-174
107000055,91,69,22
107000056,232,527,-295
107000057,938,190,748
107000058,315,506,-191
107000059,875,1933,-1058
107000060,908,1782,-874
107000061,2697,2789,-92
107000062,782,1124,-342
107000063,1850,4123,-2273
107000064,791,763,28
107000065,1746,4731,-2985
107000066,643,628,15
107000067,290,442,-152
107000068,572,253,319
107000069,207,187,20
107000070,10,0,10
107000071,209,10,199
107000072,25,2738,-2713
107000073,31,49,-18
107000074,90,646,-556
107000075,187,35,152
107000076,456,1552,-1096
107000077,389,91,298
107000078,641,2488,-1847
107000079,271,115,156
107000080,510,2520,-2010
107000081,217,179,38
107000082,201,2229,-2028
107000083,111,97,14
107000084,176,2041,-1865
107000085,1174,1626,-452
107000086,1759,1527,232
107000087,1216,1005,211
107000088,995,1852,-857
107000089,604,901,-297
107000090,551,575,-24
107000091,308,591,-283
107000092,294,731,-437
107000093,246,440,-194
107000094,357,891,-534
107000095,111,103,8
107000096,276,694,-418
107000097,165,93,72
107000098,211,637,-426
107000099,84,92,-8
107000100,153,294,-141
107000101,23,50,-27
107000102,262,272,-10
107000103,64,67,-3
107000104,140,216,-76
107000105,73,48,25
107000106,65,270,-205
107000107,96,64,32
107000108,47,669,-622
107000109,3,0,3
107000110,27,428,-401
107000111,0,0,0
107000112,3,332,-329
107000113,4,0,4
107000114,24,620,-596
107000115,1,1,0
107000116,67,862,-795
107000117,2,1,1
107000118,51,190,-139
107000119,978,178,800
107000120,2080,260,1820
107000121,113,271,-158
107000122,353,612,-259
107000123,78,418,-340
107000124,157,660,-503
107000125,125,493,-368
107000126,267,900,-633
107000129,52,914,-862
107000130,40,76,-36
107000131,141,529,-388
107000132,86,123,-37
107000133,87,62,25
107000134,32,1,31
107000135,13,140,-127
107000136,83,0,83
107000137,3,247,-244
107000138,82,8,74
107000139,16,211,-195
107000140,212,6,206
107000141,66,746,-680
107000142,102,16,86
107000143,14,700,-686
107000144,108,57,51
107000145,63,405,-342
107000146,57,43,14
107000147,1954,425,1529
107000150,586,598,-12
107000151,14,20,-6
107000152,213,206,7
107000153,211,157,54
107000154,14,22,-8
107000155,143,9,134
107000156,261,6,255
107000157,14,2386,-2372
107000158,120,5,115
107000159,12,1253,-1241
107000160,158,40,118
107000161,26,1665,-1639
107000162,69,84,-15
107000163,4,0,4
107000164,43,0,43
107000165,103,0,103
107000166,25,1173,-1148
107000167,149,184,-35
107000168,238,80,158
107000169,660,896,-236
107000170,293,180,113
107000171,174,2606,-2432
107000172,172,269,-97
107000173,375,1000,-625
107000174,363,732,-369
107000175,9075,1206,7869
107000176,0,0,0
107000177,0,0,0
107000178,1,16,-15
107000179,109,2610,-2501
107000180,286,246,40
107000181,96,1067,-971
107000182,230,436,-206
107000183,35,774,-739
107000184,152,386,-234
107000185,63,1004,-941
107000186,98,110,-12
107000187,426,587,-161
107000188,176,226,-50
107000189,136,540,-404
107000190,207,468,-261
107000191,155,371,-216
107000192,435,658,-223
107000193,135,166,-31
107000194,465,478,-13
107000197,116,108,8
107000198,96,601,-505
107000199,349,525,-176
107000200,670,238,432
107000201,135,165,-30
107000202,90,300,-210
107000203,518,363,155
107000204,526,334,192
107000205,2013,772,1241
107000206,216,185,31
107000207,526,584,-58
107000208,995,154,841
107000209,1382,257,1125
107000210,1177,118,1059
107000211,1,4,-3
107000212,2,156,-154
107000213,4,17,-13
107000214,3,98,-95
107000215,121,461,-340
107000216,30,411,-381
107000217,23,148,-125
107000219,21,68,-47
107000220,28,341,-313
107000222,97,440,-343
107000224,75,8,67
107000225,67,640,-573
107000226,63,29,34
107000227,48,541,-493
107000228,47,90,-43
107000229,94,56,38
107000230,795,346,449
107000231,136,134,2
107000232,31,22,9
107000233,117,138,-21
107000234,1,3,-2
107000235,0,1,-1
107000236,14,284,-270
107000237,1,0,1
107000238,0,1,-1
107000239,4971,266,4705
107000240,41,1153,-1112
107000241,48,47,1
107000242,423,58,365
107000243,0,23,-23
107000244,3,71,-68
107000246,2,940,-938
107000249,1,570,-569
107000251,0,228,-228
107000252,6,1248,-1242
107000255,521,70,451
107000257,1,499,-498
107000258,0,103,-103
107000259,1,252,-251
107000260,58,1,57
107000262,2,739,-737
107000263,21,1,20
107000266,5,0,5
107000267,23,155,-132
107000268,69,138,-69
107000269,44,12,32
107000270,0,5,-5
107000271,2,929,-927
107000272,3,289,-286
107000273,0,191,-191
107000274,198,127,71
107000275,22,436,-414
107000280,118,6,112
107000281,6,981,-975
107000282,3,1311,-1308
107000290,1,35,-34
107000291,3,7,-4
107000292,3,41,-38
107000293,17,1,16
107000294,1,43,-42
107000295,13,0,13
107000296,1,1,0
107000444,94,0,94
107000496,0,7,-7
107000497,563,2792,-2229
107000500,225,245,-20
107000501,32,90,-58
107000502,46,242,-196
107000505,408,463,-55
107000506,0,15,-15
107000508,2,576,-574
107000509,58,95,-37
107000510,13,8,5
107000514,4,218,-214
107000515,4,242,-238
107000516,50,65,-15
107000518,110,73,37
107000519,2625,956,1669
107000520,11,5,6
107000521,192,469,-277
107000522,90,543,-453
107900001,6,185,-179
107900002,23,0,23
107900003,55,2,53
107900004,6,2,4
107900005,150,0,150
107900006,7,0,7
107900007,61,5,56
107900008,24,33,-9
107900009,27,2,25
107900010,3,0,3
107900012,94,5,89
107900013,69,34,35
107900014,1,1,0
107900015,162,2,160
107900016,282,68,214
107900017,4,2,2
107900018,10,16,-6
107900019,2,79,-77
107900020,42,8,34
107900021,8,115,-107
107900023,1,1,0
107900024,0,5,-5
107900025,138,312,-174
107900026,8,135,-127
107900027,3,48,-45
107900028,3,78,-75
107900030,54,0,54
107900031,13,219,-206
107900032,0,1,-1
107900033,0,2,-2
107900034,40,0,40
107900035,136,3,133
107900036,15,1,14
107900037,1,5,-4
107900038,74,51,23
107900039,3,55,-52
107900040,22,17,5
107900041,0,1,-1
107900043,10,101,-91
107900044,2,1,1
107900045,14,10,4
107900046,18,8,10
107900047,2,28,-26
107900048,17,1,16
107900049,149,117,32
107900050,51,198,-147
107900051,18,55,-37
107900052,0,0,0
107900053,5,70,-65
107900055,73,57,16
107900056,21,10,11
107900057,0,0,0
107900058,11,624,-613
107900060,0,25,-25
107900061,9,1,8
107900063,14,64,-50
107900064,125,22,103
107900065,14,3,11
107900066,0,5,-5
107900067,0,0,0
107900068,56,126,-70
107900069,23,136,-113
107900070,4,5,-1
107900071,12,773,-761
107900072,5,111,-106
107900073,4,46,-42
107900074,558,65,493
107900076,28,36,-8
107900077,5,0,5
107900078,87,5,82
107900079,2,3,-1
107900080,141,109,32
107900081,1,54,-53
107900082,11,6,5
107900083,91,45,46
107900084,23,40,-17
107900086,33,29,4
107900087,167,24,143
107900088,1,3,-2
107900089,236,612,-376
107900090,188,227,-39
107900091,68,401,-333
107900092,1682,295,1387
107900093,7,12,-5
107900095,1761,547,1214
107900097,9,28,-19
107900098,16,22,-6
107900100,617,158,459
107900101,636,77,559
107900102,3,4,-1
107900103,32,132,-100
107900104,17,1,16
107900105,1,466,-465
107900106,3,1342,-1339
107900107,973,56,917
107900108,151,31,120
107900109,127,2,125
107900110,4,75,-71
107900111,14,1117,-1103
107900112,36,124,-88
107900113,7,36,-29
107900114,22,159,-137
107900115,4,26,-22
107900116,7,188,-181
107900117,94,296,-202
107900118,20,86,-66
107900119,16,23,-7
107900120,15,3,12
107900121,0,59,-59
107900122,0,34,-34
107900123,1,15,-14
107900124,1,56,-55
107900125,8,125,-117
107900126,1,19,-18
107900127,291,35,256
107900128,42,17,25
107900129,1,42,-41
107900130,3,16,-13
107900131,45,15,30
107900132,33,346,-313
107900133,0,39,-39
107900134,7,6,1
107900135,0,145,-145
107900136,36,8,28
107900137,43,55,-12
107900138,8,16,-8
107900139,3,8,-5
107900140,11,6,5
107900141,18,4,14
107900142,14,796,-782
107900143,17,27,-10
107900144,0,109,-109
107900145,6,73,-67
107900146,14,65,-51
107900147,7,1,6
107900148,65,108,-43
107900149,1806,66,1740
107900150,27,492,-465
107900151,0,92,-92
107900152,1,195,-194
107900153,45,82,-37
107900154,4,7,-3
107900155,5,13,-8
107900156,2,219,-217
107900157,25,76,-51
107900158,70,8,62
107900159,18,795,-777
107900160,17,161,-144
107900161,1,167,-166
107900162,0,91,-91
107900163,5,16,-11
107900164,2,20,-18
107900165,39,22,17
107900166,5,238,-233
107900167,1,3,-2
107900168,4,44,-40
107900169,0,183,-183
107900171,5,1343,-1338
107900172,1,229,-228
107900173,2,178,-176
107900174,21,1,20
107900175,0,2,-2
107900176,3,28,-25
107900177,0,78,-78
107900178,1,210,-209
107900179,2,77,-75
107900180,776,55,721
107900181,236,352,-116
107900182,3,1177,-1174
107900183,2,360,-358
107900184,5,180,-175
107900185,23,1,22
107900186,3,17,-14
107900187,0,87,-87
107900188,404,40,364
107900189,1,70,-69
107900190,108,22,86
107900191,9,114,-105
107900193,0,13,-13
107900194,16,1,15
107900195,3477,233,3244
107900196,16,27,-11
107900197,139,26,113
107900199,1,859,-858
107900201,41,111,-70
107900203,8,52,-44
107900204,199,155,44
107900205,75,455,-380
107900206,183,98,85
107900207,1,403,-402
107900208,2,729,-727
107900209,201,68,133
107900210,61,72,-11
107900213,101,213,-112
107900214,1,139,-138
107900215,77,262,-185
107900216,11,46,-35
107900217,14,18,-4
107900218,6,1324,-1318
107900219,4,106,-102
107900220,63,34,29
107900221,118,164,-46
107900223,19,292,-273
107900224,114,277,-163
107900225,1,557,-556
107900226,30,118,-88
107900227,63,334,-271
107900228,1,88,-87
107900229,4,244,-240
107900230,0,120,-120
107900231,1,102,-101
107900232,7,201,-194
107900233,0,110,-110
107900234,20,139,-119
107900235,23,67,-44
107900236,20,83,-63
107900237,130,351,-221
107900238,0,52,-52
107900239,907,307,600
107900240,5,137,-132
107900241,3,93,-90
107900242,3,272,-269
107900243,2,18,-16
107900244,41,1,40
107900245,52,14,38
107900246,13,3,10
107900248,48,337,-289
107900249,88,2,86
107900250,1,435,-434
107900251,3,803,-800
107900252,68,0,68
107900253,9,0,9
107900254,22,54,-32
107900255,168,12,156
107900256,110,457,-347
107900257,27,12,15
107900258,27,189,-162
107900259,41,217,-176
107900261,1,450,-449
107900262,21,60,-39
107900264,44,2,42
107900265,15,176,-161
107900267,7,5,2
107900268,17,5,12
107900269,0,2,-2
107900270,0,0,0
107900271,0,0,0
107900272,3,1,2
107900273,0,59,-59
107900274,11,0,11
107900275,15,0,15
107900276,2,57,-55
107900277,4,190,-186
107900278,40,236,-196
107900279,117,42,75
107900280,1481,562,919
107900281,1999,358,1641
107900282,9,56,-47
107900283,1061,172,889
107900284,34,541,-507
107900285,20,102,-82
107900286,47,32,15
107900287,30,29,1
107900290,0,21,-21
107900291,135,1,134
107900292,47,185,-138
107900293,18,422,-404
107900295,7,104,-97
107900297,1,170,-169
107900298,297,573,-276
107900299,2858,469,2389
107900300,19,120,-101
107900301,107,121,-14
107900302,22,14,8
107900303,26,222,-196
107900304,51,450,-399
107900305,61,1,60
107900306,6,4,2
107900307,29,282,-253
107900308,67,8,59
107900309,3,1,2
107900310,0,0,0
107900311,34,22,12
107900312,0,0,0
107900313,0,20,-20
107900314,0,28,-28
107900315,0,21,-21
107900316,4,0,4
107900317,8,1,7
107900318,1,47,-46
107900319,3,196,-193
107900320,3,179,-176
107900321,17,1,16
107900322,1,200,-199
107900323,2,127,-125
107900324,29,0,29
107900325,11,0,11
107900326,37,345,-308
107900327,0,1,-1
107900328,0,0,0
107900329,0,0,0
107900330,1,418,-417
107900331,18,8,10
107900332,45,15,30
107900333,14,5,9
107900334,7,214,-207
107900335,40,34,6
107900336,2,10,-8
107900337,919,163,756
107900338,0,77,-77
107900339,1,15,-14
107900340,1,27,-26
107900341,4,0,4
107900342,14,88,-74
107900343,5,0,5
107900344,0,67,-67
107900345,14,9,5
107900346,11,0,11
107900347,11,0,11
107900348,1,1,0
107900349,3,1,2
107900350,28,223,-195
107900351,1,231,-230
107900352,3,39,-36
107900353,2,1,1
107900354,0,51,-51
108000001,853,1003,-150
108000002,1652,2560,-908
108000003,1119,749,370
108000004,13614,10872,2742
108000005,1315,1172,143
108000006,2310,4103,-1793
108000007,1273,1313,-40
108000008,2468,3992,-1524
108000009,654,1316,-662
108000010,1208,3830,-2622
108000011,3584,2893,691
108000012,13165,11273,1892
108000014,94,191,-97
108000015,88,143,-55
108000016,91,433,-342
108000017,98,145,-47
108000018,176,199,-23
108000019,197,258,-61
108000020,131,139,-8
108000021,217,1178,-961
108000022,303,1126,-823
108000023,319,39,280
108000024,45,500,-455
108000025,28,150,-122
108000026,41,420,-379
108000027,76,390,-314
108000028,11,205,-194
108000029,58,557,-499
108000030,28,127,-99
108000031,53,523,-470
108000032,218,122,96
108000033,291,960,-669
108000034,255,148,107
108000035,535,1950,-1415
108000036,155,1271,-1116
108000037,385,83,302
108000038,392,90,302
108000039,145,1974,-1829
108000040,354,149,205
108000041,332,2093,-1761
108000042,12,138,-126
108000043,26,269,-243
108000044,15,94,-79
108000045,46,660,-614
108000046,118,84,34
108000047,160,954,-794
108000048,35,384,-349
108000049,73,56,17
108000050,48,297,-249
108000051,32,21,11
108000052,201,505,-304
108000053,59,46,13
108000054,294,598,-304
108000055,235,204,31
108000056,554,677,-123
108000057,172,299,-127
108000058,619,700,-81
108000059,2187,975,1212
108000060,25,185,-160
108000061,67,288,-221
108000062,140,155,-15
108000063,119,628,-509
108000064,31,98,-67
108000065,174,406,-232
108000066,504,245,259
108000067,332,144,188
108000068,126,100,26
108000069,85,918,-833
108000070,175,144,31
108000071,247,1386,-1139
108000072,236,191,45
108000073,624,1444,-820
108000074,52,96,-44
108000075,102,565,-463
108000076,98,96,2
108000077,373,761,-388
108000078,519,497,22
108000079,674,1367,-693
108000080,165,204,-39
108000081,199,2387,-2188
108000082,682,1170,-488
108000083,490,226,264
108000084,189,849,-660
108000085,79,77,2
108000086,469,499,-30
108000087,57,442,-385
108000088,18,1,17
108000089,149,144,5
108000090,54,28,26
108000091,39,424,-385
108000092,20,29,-9
108000093,60,720,-660
108000094,94,34,60
108000095,55,440,-385
108000096,36,29,7
108000097,34,417,-383
108000098,120,401,-281
108000099,3,3,0
108000100,2,9,-7
108000101,109,216,-107
108000102,268,591,-323
108000106,96,0,96
108000107,3,543,-540
108000108,91,5,86
108000109,1,538,-537
108000110,24,88,-64
108000111,55,409,-354
108000112,13,18,-5
108000113,284,251,33
108000115,312,210,102
108000117,459,183,276
108000118,30,53,-23
108000119,310,359,-49
108000120,19,245,-226
108000121,38,477,-439
108000122,44,150,-106
108000123,74,217,-143
108000124,45,440,-395
108000125,47,291,-244
108000126,34,545,-511
108000127,54,270,-216
108000128,106,683,-577
108000129,52,1186,-1134
108000130,42,208,-166
108000131,124,104,20
108000132,529,714,-185
108000133,181,183,-2
108000134,399,699,-300
108000135,162,148,14
108000136,485,858,-373
108000137,113,295,-182
108000138,142,818,-676
108000139,26,251,-225
108000140,12,20,-8
108000141,4,152,-148
108000142,23,102,-79
108000143,15,14,1
108000144,11,5,6
108000145,4,22,-18
108000146,10,2,8
108000147,15,39,-24
108000148,9,2,7
108000149,3,15,-12
108000150,8,0,8
108000151,0,4,-4
108000152,31,518,-487
108000153,53,54,-1
108000154,20,15,5
108000155,3,3,0
108000156,197,49,148
108000157,33,159,-126
108000158,50,181,-131
108000159,501,78,423
108000160,3922,348,3574
108000161,3177,474,2703
108000165,5,83,-78
108000172,3,81,-78
108000173,2086,753,1333
108000175,10,50,-40
108000178,251,311,-60
108000179,107,227,-120
108000181,21,29,-8
108000182,75,9,66
108000183,0,8,-8
108000184,609,526,83
108000185,31,725,-694
108000186,27,34,-7
108000187,22,792,-770
108000188,59,132,-73
108000189,111,300,-189
108000190,9,78,-69
108000192,22,507,-485
108000193,356,29,327
108000194,0,1,-1
108000195,4,822,-818
108000196,19,46,-27
108000198,89,240,-151
108000199,1,76,-75
108000200,81,383,-302
108000202,0,43,-43
108000203,31,1020,-989
108000204,56,19,37
108000205,367,507,-140
108000339,741,146,595
108000364,107,65,42
108000365,28,232,-204
108000367,27,143,-116
108000368,7,45,-38
108000369,1677,57,1620
108000371,1,445,-444
108000372,42,2,40
108000373,0,1,-1
108000376,36,4,32
108000377,100,196,-96
108000378,4521,2577,1944
108000379,13,87,-74
108000381,6,2,4
108000382,21,0,21
108000383,0,58,-58
108900001,85,805,-720
108900002,100,27,73
108900003,277,800,-523
108900004,317,76,241
108900005,7,57,-50
108900006,204,126,78
108900007,38,98,-60
108900008,16,109,-93
108900009,4,68,-64
108900010,26,90,-64
108900011,60,274,-214
108900012,56,478,-422
108900013,17,199,-182
108900014,4,41,-37
108900015,0,18,-18
108900016,1,120,-119
108900017,60,82,-22
108900018,23,490,-467
108900019,8,1034,-1026
108900020,31,242,-211
108900021,39,227,-188
108900022,2,2,0
108900023,0,20,-20
108900024,1,105,-104
108900025,8,70,-62
108900026,13,59,-46
108900027,0,115,-115
108900028,28,518,-490
108900029,6,141,-135
108900030,0,101,-101
108900031,10,579,-569
108900032,2,227,-225
108900033,0,42,-42
108900034,1,237,-236
108900035,80,1845,-1765
108900036,80,281,-201
108900037,14,403,-389
108900038,0,253,-253
108900039,2,510,-508
108900040,1,83,-82
108900041,4443,748,3695
108900042,2,141,-139
108900043,10,346,-336
108900044,2,679,-677
108900045,4,493,-489
108900046,20,793,-773
108900047,0,53,-53
108900048,16,597,-581
108900049,3854,264,3590
108900050,4,210,-206
108900051,0,185,-185
108900052,1,225,-224
108900053,43,43,0
108900054,16,165,-149
108900055,33,426,-393
108900056,0,171,-171
108900057,1,156,-155
108900058,4,475,-471
108900059,96,3,93
108900060,52,26,26
108900061,30,16,14
108900062,1,426,-425
108900063,3,357,-354
108900064,21,26,-5
108900065,2,257,-255
108900066,54,51,3
108900067,6,266,-260
108900068,2,258,-256
108900069,5,115,-110
108900070,17,161,-144
108900071,16,23,-7
108900072,1701,77,1624
108900073,6,454,-448
108900074,7,370,-363
108900075,18,61,-43
108900076,48,25,23
108900077,76,598,-522
108900078,6,163,-157
108900079,386,159,227
108900080,9,86,-77
108900081,27,169,-142
108900082,2,75,-73
108900083,10,73,-63
108900084,271,48,223
108900085,1634,69,1565
108900086,10,254,-244
108900087,90,113,-23
108900088,133,75,58
108900089,1,35,-34
108900090,7,342,-335
108900091,101,62,39
108900092,62,97,-35
108900093,23,8,15
108900094,62,24,38
108900095,25,577,-552
108900096,365,14,351
108900097,75,205,-130
108900098,2034,35,1999
108900099,97,375,-278
108900100,19,46,-27
108900101,51,16,35
108900102,67,209,-142
108900103,14,17,-3
108900104,203,190,13
108900105,1,133,-132
108900106,62,520,-458
108900108,26,13,13
108900109,60,15,45
108900110,35,377,-342
108900111,62,619,-557
108900112,44,3,41
108900113,9,4,5
108900114,2,6,-4
108900115,4,12,-8
108900116,4,0,4
108900117,17,5,12
108900118,77,2,75
108900119,45,6,39
108900120,44,25,19
108900121,46,7,39
108900122,7,3,4
108900123,13,5,8
108900124,80,29,51
108900125,15,0,15
108900126,17,2,15
108900127,17,14,3
108900128,9,3,6
108900129,82,27,55
108900130,19,0,19
108900131,70,2,68
108900132,46,17,29
108900133,44,24,20
108900134,21,92,-71
108900135,22,0,22
108900136,4,1,3
108900137,6,0,6
108900138,116,4,112
108900139,25,21,4
108900140,40,120,-80
108900141,17,1,16
108900142,5,0,5
108900143,0,0,0
108900144,4,0,4
108900145,15,1,14
108900146,2,0,2
108900147,29,0,29
108900148,27,12,15
108900149,200,226,-26
108900150,118,2,116
108900151,12,2,10
108900152,26,4,22
108900153,17,407,-390
108900154,852,107,745
108900155,29,49,-20
108900156,52,49,3
108900157,3,460,-457
108900158,27,4,23
108900159,3,223,-220
108900160,12,179,-167
108900161,4,359,-355
108900162,22,0,22
108900163,3,39,-36
108900164,22,77,-55
108900165,65,36,29
108900167,997,604,393
108900168,8958,829,8129
108900169,15,54,-39
108900171,4936,522,4414
108900172,22,7,15
108900173,120,189,-69
108900174,92,202,-110
108900176,58,583,-525
108900177,7465,724,6741
108900178,4249,435,3814
108900179,161,279,-118
108900180,9,58,-49
108900182,3,59,-56
108900183,58,121,-63
108900184,78,59,19
108900185,13,197,-184
108900186,8,218,-210
108900187,45,40,5
108900188,49,28,21
108900189,34,71,-37
108900190,13,2191,-2178
108900191,31,2,29
108900192,14,224,-210
108900193,2,20,-18
108900194,1,246,-245
108900195,13,321,-308
108900196,4,467,-463
108900198,2,438,-436
108900199,24,265,-241
108900200,121,183,-62
108900201,79,730,-651
108900203,40,7,33
108900204,44,2,42
108900205,48,2,46
108900206,42,3,39
108900207,32,4,28
108900208,24,269,-245
108900209,130,487,-357
108900210,56,127,-71
108900211,19,78,-59
108900212,392,250,142
108900215,45,487,-442
108900216,127,26,101
108900217,19,0,19
108900218,21,1,20
108900219,15,1,14
108900220,11,1,10
108900221,15,21,-6
108900222,24,1,23
108900223,1,27,-26
108900224,20,57,-37
108900225,1,106,-105
108900226,50,0,50
108900227,31,36,-5
108900230,271,264,7
108900231,26,196,-170
108900232,2,340,-338
108900233,60,27,33
108900234,56,23,33
108900235,124,431,-307
108900236,26,268,-242
108900237,6,184,-178
108900240,5,40,-35
108900241,4,2,2
108900245,0,129,-129
108900249,9,0,9
108900250,50,68,-18
108900257,9,271,-262
108900258,2,173,-171
108900259,3,23,-20
108900260,4,81,-77
108900261,63,90,-27
108900262,264,67,197
108900263,23,259,-236
108900264,155,164,-9
108900265,953,122,831
108900266,672,80,592
108900267,3,16,-13
108900268,0,1,-1
108900269,8,3,5
108900270,7,3,4
108900271,1,0,1
108900272,20,0,20
108900273,560,149,411
108900274,3,33,-30
109000001,1317,412,905
109000002,3455,900,2555
109000003,722,275,447
109000004,281,2409,-2128
109000005,485,384,101
109000006,473,1649,-1176
109000007,253,325,-72
109000008,234,1580,-1346
109000009,1050,446,604
109000010,888,3073,-2185
109000011,518,568,-50
109000012,853,3334,-2481
109000013,920,530,390
109000014,739,3263,-2524
109000015,991,994,-3
109000016,8038,3330,4708
109000017,582,434,148
109000018,440,2648,-2208
109000019,666,458,208
109000020,881,1718,-837
109000023,3,0,3
109000024,8,86,-78
109000025,222,155,67
109000026,288,177,111
109000027,53,153,-100
109000028,28,74,-46
109000029,116,53,63
109000030,30,355,-325
109000031,0,0,0
109000032,30,332,-302
109000033,22,9,13
109000034,21,13,8
109000035,0,2,-2
109000036,46,268,-222
109000037,55,304,-249
109000038,460,276,184
109000039,262,142,120
109000040,3345,1059,2286
109000041,5093,569,4524
109000042,529,504,25
109000044,22,44,-22
109000045,15,368,-353
109000046,23,33,-10
109000047,16,351,-335
109000048,87,30,57
109000049,108,377,-269
109000050,30,29,1
109000051,106,250,-144
109000052,130,1519,-1389
109000053,37,30,7
109000054,42,590,-548
109000055,43,92,-49
109000056,81,494,-413
109000057,67,68,-1
109000058,346,157,189
109000059,195,511,-316
109000060,166,25,141
109000061,1155,224,931
109000062,42,58,-16
109000063,125,188,-63
109000064,28,63,-35
109000065,34,336,-302
109000066,61,47,14
109000067,10,319,-309
109000068,4,1,3
109000069,4,1,3
109000070,2,548,-546
109000071,135,43,92
109000072,32,282,-250
109000073,23,52,-29
109000074,14,230,-216
109000075,10,368,-358
109000076,24,78,-54
109000077,157,158,-1
109000078,10,56,-46
109000079,28,173,-145
109000080,26,79,-53
109000081,16,394,-378
109000082,124,243,-119
109000083,38,685,-647
109000088,39,346,-307
109000089,62,12,50
109000090,139,479,-340
109000091,123,28,95
109000092,207,654,-447
109000093,78,19,59
109000094,51,2,49
109000095,43,622,-579
109000096,135,17,118
109000097,30,65,-35
109000098,2,6,-4
109000099,92,212,-120
109000100,48,413,-365
109000101,192,475,-283
109000102,91,676,-585
109000103,107,411,-304
109000104,266,306,-40
109000105,174,1261,-1087
109000106,244,262,-18
109000107,175,1431,-1256
109000108,192,221,-29
109000109,213,1389,-1176
109000110,235,164,71
109000111,449,1812,-1363
109000112,121,125,-4
109000113,72,124,-52
109000114,48,204,-156
109000115,367,19,348
109000116,2,134,-132
109000117,14,43,-29
109000118,2,236,-234
109000119,121,162,-41
109000120,28,1165,-1137
109000121,27,18,9
109000122,20,1115,-1095
109000123,15,67,-52
109000124,108,282,-174
109000125,62,175,-113
109000126,112,950,-838
109000127,107,102,5
109000128,119,2373,-2254
109000129,337,116,221
109000130,275,2271,-1996
109000131,194,89,105
109000132,391,1327,-936
109000133,96,618,-522
109000134,255,1303,-1048
109000135,358,896,-538
109000136,111,278,-167
109000137,52,118,-66
109000138,97,385,-288
109000139,138,220,-82
109000140,29,407,-378
109000141,53,271,-218
109000142,57,442,-385
109000143,25,17,8
109000145,33,41,-8
109000146,16,40,-24
109000148,3310,324,2986
109000149,21,11,10
109000150,22,81,-59
109000155,128,295,-167
109000156,599,753,-154
109000158,11,164,-153
109000159,27,417,-390
109000160,168,190,-22
109000161,93,978,-885
109000162,617,838,-221
109000163,255,983,-728
109000164,371,1661,-1290
109000165,375,414,-39
109000166,104,100,4
109000167,41,719,-678
109000170,6,29,-23
109000171,34,23,11
109000172,19,19,0
109000173,7,22,-15
109000174,15,54,-39
109000175,11,84,-73
109000176,95,290,-195
109000177,17,84,-67
109000178,138,262,-124
109000179,6400,950,5450
109000180,3437,1474,1963
109000181,0,38,-38
109000182,5,55,-50
109000183,4,44,-40
109000184,23,19,4
109000185,6,54,-48
109000188,74,2141,-2067
109000189,319,590,-271
109000190,137,416,-279
109000191,40,328,-288
109000192,56,173,-117
109000193,59,335,-276
109000194,25,89,-64
109000195,13,332,-319
109000196,40,63,-23
109000197,46,402,-356
109000198,33,43,-10
109000199,57,354,-297
109000206,33,44,-11
109000207,19,23,-4
109000208,92,30,62
109000209,89,22,67
109000210,140,306,-166
109000211,69,145,-76
109000214,114,533,-419
109000215,13,16,-3
109000216,16,29,-13
109000217,80,32,48
109000218,55,50,5
109000221,52,800,-748
109000222,125,3,122
109000223,105,170,-65
109000224,36,305,-269
109000225,15,42,-27
109000226,17,246,-229
109000227,202,1116,-914
109000228,1,235,-234
109000231,4,453,-449
109000232,48,411,-363
109000236,89,635,-546
109000241,411,1265,-854
109000242,271,655,-384
109000293,3,16,-13
109000361,37,171,-134
109000364,63,522,-459
109000396,11,849,-838
109000397,90,2,88
109000399,83,379,-296
109000400,16,343,-327
109000403,23,77,-54
109000406,0,0,0
109000407,70,219,-149
109000408,3,326,-323
109000410,312,98,214
109000411,20,16,4
109900001,6,0,6
109900002,124,1,123
109900003,45,0,45
109900004,150,206,-56
109900005,7,0,7
109900006,37,250,-213
109900007,85,849,-764
109900008,0,30,-30
109900009,42,1032,-990
109900010,117,2,115
109900011,17,18,-1
109900012,28,43,-15
109900013,92,43,49
109900014,50,28,22
109900015,81,35,46
109900016,47,30,17
109900017,21,15,6
109900018,29,139,-110
109900019,30,72,-42
109900020,1,7,-6
109900021,1,0,1
109900022,23,299,-276
109900023,22,0,22
109900024,6,0,6
109900025,4,67,-63
109900026,1,137,-136
109900027,26,2,24
109900028,2126,186,1940
109900029,6,517,-511
109900030,1,0,1
109900031,0,27,-27
109900032,1,210,-209
109900033,0,277,-277
109900034,5,0,5
109900035,7,8,-1
109900036,11,50,-39
109900037,4,394,-390
109900038,7,162,-155
109900039,2,0,2
109900040,4,620,-616
109900041,14,306,-292
109900042,5,370,-365
109900044,13,207,-194
109900045,2,26,-24
109900046,11,29,-18
109900047,160,179,-19
109900048,13,44,-31
109900049,2,20,-18
109900050,2,266,-264
109900051,0,29,-29
109900052,27,208,-181
109900053,3,421,-418
109900054,77,33,44
109900055,17,225,-208
109900056,1,19,-18
109900057,4,197,-193
109900058,1,103,-102
109900059,86,43,43
109900060,31,60,-29
109900061,54,219,-165
109900062,1,232,-231
109900063,0,119,-119
109900064,54,105,-51
109900065,72,91,-19
109900066,113,779,-666
109900067,3,387,-384
109900068,4,1,3
109900069,0,21,-21
109900070,30,194,-164
109900071,0,17,-17
109900072,7,79,-72
109900073,34,607,-573
109900074,1,43,-42
109900075,3,15,-12
109900076,7,207,-200
109900077,13,37,-24
109900078,24,180,-156
109900080,36,248,-212
109900081,6,41,-35
109900082,17,403,-386
109900083,0,14,-14
109900084,7,104,-97
109900085,39,915,-876
109900086,12,55,-43
109900087,58,207,-149
109900089,87,46,41
109900090,226,678,-452
109900091,16,26,-10
109900092,93,2,91
109900093,145,45,100
109900094,15,32,-17
109900095,22,144,-122
109900096,0,1,-1
109900097,4,0,4
109900098,34,5,29
109900099,9,0,9
109900100,2,0,2
109900101,37,2,35
109900102,115,9,106
109900103,0,20,-20
109900104,48,949,-901
109900105,139,14,125
109900106,47,47,0
109900107,83,51,32
109900108,21,947,-926
109900109,9,313,-304
109900110,14,388,-374
109900111,94,853,-759
109900112,124,740,-616
109900113,112,105,7
109900114,323,61,262
109900115,7,27,-20
109900117,110,67,43
109900118,112,272,-160
109900119,339,142,197
109900120,3,1,2
109900121,103,51,52
109900122,55,0,55
109900123,2,138,-136
109900124,19,700,-681
109900125,2,169,-167
109900126,14,151,-137
109900128,21,25,-4
109900130,8562,432,8130
109900131,32,59,-27
109900132,16,89,-73
109900133,8,338,-330
109900134,3,8,-5
109900135,193,20,173
109900136,11,59,-48
109900137,4,264,-260
109900140,25,319,-294
109900142,139,113,26
109900145,2,50,-48
109900146,87,14,73
109900148,14,40,-26
109900149,27,25,2
109900150,5,26,-21
109900151,3,27,-24
109900152,2,15,-13
109900153,0,20,-20
109900154,4,0,4
109900155,1,4,-3
109900157,16,195,-179
109900158,56,56,0
109900159,41,9,32
109900160,24,20,4
109900161,19,34,-15
109900162,24,34,-10
109900163,471,148,323
109900164,28,110,-82
109900165,32,1,31
109900166,0,148,-148
109900167,36,527,-491
109900168,54,403,-349
109900169,26,76,-50
109900170,114,125,-11
109900171,20,35,-15
109900172,26,65,-39
109900173,3234,358,2876
109900174,18,109,-91
109900175,4,52,-48
109900176,27,156,-129
109900177,8,276,-268
109900178,1,75,-74
109900179,0,30,-30
109900180,0,3,-3
110000001,262,351,-89
110000002,139,221,-82
110000003,549,430,119
110000004,322,239,83
110000005,643,553,90
110000006,387,253,134
110000007,29,134,-105
110000008,8,43,-35
110000009,3,27,-24
110000010,3,60,-57
110000011,7,62,-55
110000012,426,354,72
110000013,15,122,-107
110000014,573,247,326
110000015,235,259,-24
110000016,151,326,-175
110000017,2928,180,2748
110000018,2886,306,2580
110000019,5,143,-138
110000020,350,118,232
110000021,205,187,18
110000022,267,90,177
110000023,9,120,-111
110000024,484,305,179
110000025,35,1,34
110000026,1,480,-479
110000027,246,98,148
110000028,332,382,-50
110000029,236,718,-482
110000030,83,171,-88
110000031,65,464,-399
110000032,252,211,41
110000033,64,68,-4
110000034,84,555,-471
110000035,144,877,-733
110000036,166,602,-436
110000037,30,762,-732
110000038,102,381,-279
110000039,155,390,-235
110000040,202,353,-151
110000041,20,67,-47
110000042,46,379,-333
110000043,56,11,45
110000044,11,67,-56
110000045,24,7,17
110000046,1,5,-4
110000047,0,0,0
110000048,1,4,-3
110000049,1,1,0
110000050,0,3,-3
110000051,0,1,-1
110000052,7,32,-25
110000053,0,0,0
110000054,28,144,-116
110000055,18,5,13
110000056,9,12,-3
110000057,197,614,-417
110000058,247,453,-206
110000059,311,438,-127
110000060,178,353,-175
110000061,713,772,-59
110000062,315,325,-10
110000063,22,56,-34
110000064,24,101,-77
110000065,20,36,-16
110000066,17,22,-5
110000067,23,304,-281
110000068,64,517,-453
110000069,40,49,-9
110000071,16,60,-44
110000073,0,13,-13
110000075,2,55,-53
110000076,178,109,69
110000077,314,202,112
110000078,17,53,-36
110000080,101,401,-300
110000081,1,110,-109
110000082,12,124,-112
110000083,140,370,-230
110000084,159,235,-76
110000085,2577,818,1759
110000086,817,466,351
110000087,1,14,-13
110000088,7,164,-157
110000089,31,127,-96
110000090,6,173,-167
110000091,1460,190,1270
110000092,12,99,-87
110000093,16,4,12
110000094,266,151,115
110000095,43,216,-173
110000096,3258,969,2289
110000097,490,384,106
110000098,471,162,309
110000099,457,893,-436
110000100,74,652,-578
110000101,10,538,-528
110000102,24,13,11
110000104,35,33,2
110000105,21,233,-212
110000106,123,95,28
110000107,226,317,-91
110000108,12,10,2
110000109,142,229,-87
110000110,3230,1239,1991
110000111,8436,1149,7287
110000112,911,176,735
110000113,629,323,306
110000114,37,165,-128
110000115,87,128,-41
110000116,13,15,-2
110000117,65,475,-410
110000118,167,204,-37
110000119,93,360,-267
110000120,120,118,2
110000121,39,181,-142
110000122,135,354,-219
110000123,150,182,-32
110000124,1,655,-654
110000125,311,0,311
110000126,99,4,95
110000127,141,7,134
110000128,7,1444,-1437
110000129,5,464,-459
110000130,30,46,-16
110000131,54,254,-200
110000132,2,502,-500
110000133,35,134,-99
110000134,15,154,-139
110000135,63,13,50
110000136,12,279,-267
110000137,99,528,-429
110000138,142,717,-575
110000139,190,1165,-975
110000140,309,118,191
110000143,221,236,-15
110000144,1895,354,1541
110000145,594,307,287
110000146,1489,352,1137
110000147,58,413,-355
110000148,52,125,-73
110000151,426,211,215
110000152,323,164,159
110000153,35,54,-19
110000154,23,6,17
110000155,863,871,-8
110000156,373,588,-215
110000157,1419,745,674
110000160,212,287,-75
110000161,58,415,-357
110000166,39,70,-31
110000167,164,196,-32
110000168,254,121,133
110000169,91,141,-50
110000170,37,69,-32
110000171,138,85,53
110000172,54,603,-549
110000173,604,719,-115
110000174,22,1069,-1047
110000175,67,35,32
110000176,8,74,-66
110000177,47,348,-301
110000178,504,304,200
110000179,860,181,679
110000180,17,264,-247
110000181,108,223,-115
110000182,203,195,8
110000183,8507,1855,6652
110000184,248,731,-483
110000185,457,429,28
110000186,410,282,128
110000191,115,357,-242
110000192,53,0,53
110000193,102,1,101
110000194,1,960,-959
110000195,76,289,-213
110000196,61,494,-433
110000197,8,142,-134
110000198,24,55,-31
110000199,12,99,-87
110000200,880,603,277
110000201,193,244,-51
110000202,267,204,63
110000203,246,813,-567
110000204,1,267,-266
110000205,17,58,-41
110000206,324,1452,-1128
110000207,161,171,-10
110000208,30,75,-45
110000209,56,674,-618
110000210,2,5,-3
110000211,2,5,-3
110000212,59,448,-389
110000213,24,27,-3
110000214,27,45,-18
110000215,20,538,-518
110000216,12,487,-475
110000217,60,134,-74
110000218,23,447,-424
110000219,47,27,20
110000220,16,405,-389
110000221,82,27,55
110000222,11,256,-245
110000223,1,21,-20
110000224,7,4,3
110000225,64,355,-291
110000226,6,11,-5
110000227,176,209,-33
110000228,53,8,45
110000229,0,188,-188
110000230,154,490,-336
110000231,51,92,-41
110000232,58,174,-116
110000233,21,158,-137
110000234,214,249,-35
110000235,511,520,-9
110000236,120,645,-525
110000237,476,677,-201
110000238,291,728,-437
110000239,506,839,-333
110000240,0,76,-76
110000242,0,23,-23
110000243,38,202,-164
110000244,42,204,-162
110000245,19,281,-262
110000246,167,511,-344
110000247,738,2752,-2014
110000248,837,966,-129
110000249,22,1,21
110000250,11,161,-150
110000251,33,389,-356
110000252,53,259,-206
110000253,322,223,99
110000254,289,1272,-983
110000255,88,1060,-972
110000256,177,75,102
110000257,133,196,-63
110000258,4,368,-364
110000259,25,11,14
110000260,12,316,-304
110000263,235,103,132
110000264,49,433,-384
110000265,424,655,-231
110000266,740,1077,-337
110000267,7,165,-158
110000268,48,321,-273
110000269,1,62,-61
110000270,1,0,1
110000271,849,168,681
110000272,273,530,-257
110000273,921,780,141
110000274,137,496,-359
110000275,2238,292,1946
110000276,70,116,-46
110000277,39,230,-191
110000278,122,672,-550
110000279,113,394,-281
110000280,63,292,-229
110000281,3,128,-125
110000282,25,27,-2
110000283,8,15,-7
110000284,8,22,-14
110000285,1,113,-112
110000286,0,0,0
110000287,9,0,9
110000288,0,69,-69
110000289,230,563,-333
110000290,1090,379,711
110000291,4559,847,3712
110000292,830,1239,-409
110000293,125,881,-756
110000294,253,347,-94
110000295,22,628,-606
110000296,51,227,-176
110000297,1028,217,811
110000298,167,337,-170
110000299,213,16,197
110000301,58,3,55
110000302,65,1017,-952
110000303,47,3,44
110000304,28,167,-139
110000305,153,4,149
110000306,53,1954,-1901
110000307,307,0,307
110000308,67,2,65
110000309,3,1418,-1415
110000310,112,39,73
110000311,6,840,-834
110000312,149,16,133
110000313,1150,1038,112
110000314,3,199,-196
110000315,1472,996,476
110000316,277,750,-473
110000317,292,256,36
110000318,1,81,-80
110000319,5,10,-5
110000320,17,69,-52
110000321,10,16,-6
110000322,59,507,-448
110000323,71,353,-282
110000324,4301,802,3499
110000325,288,670,-382
110000327,85,130,-45
110000328,74,467,-393
110000333,120,138,-18
110000334,198,1078,-880
110000335,210,396,-186
110000336,118,1128,-1010
110000337,183,294,-111
110000338,45,217,-172
110000339,53,212,-159
110000340,6,139,-133
110000341,70,432,-362
110000342,43,4,39
110000343,0,15,-15
110000344,8,106,-98
110000345,8,39,-31
110000346,1326,700,626
110000347,547,350,197
110000348,0,23,-23
110000349,3,7,-4
110000350,0,2,-2
110000351,124,538,-414
110000352,149,1058,-909
110000353,1877,494,1383
110000354,426,1118,-692
110000355,12,65,-53
110000356,6,0,6
110000357,113,4,109
110000361,17,75,-58
110000362,13,78,-65
110000363,96,63,33
110000364,24,221,-197
110000365,29,0,29
110000366,0,72,-72
110000367,117,190,-73
110000368,1,38,-37
110000369,6,2,4
110000373,2,227,-225
110000374,4,0,4
110000375,34,471,-437
110000376,25,100,-75
110000377,1,1,0
110000378,24,194,-170
110000379,2394,659,1735
110000380,17,6,11
110000383,0,235,-235
110000384,305,48,257
110000385,0,158,-158
110000387,0,5,-5
110000388,11,205,-194
110000389,71,1,70
110000391,9,279,-270
110000396,13,118,-105
110000397,8,178,-170
110000398,3,12,-9
110000399,3,2,1
110000587,14,32,-18
110000589,37,109,-72
110000640,57,92,-35
110000652,1,75,-74
110000653,51,361,-310
110000654,0,3,-3
110000656,1,444,-443
110000674,6,9,-3
110000675,0,15,-15
110000676,0,31,-31
110000679,692,205,487
110000682,24,21,3
110000683,242,234,8
110000684,0,56,-56
110000685,0,1,-1
110000686,1,19,-18
110000687,1,0,1
110000688,16,200,-184
110000689,8,38,-30
110000692,33,224,-191
110000693,26,130,-104
110000694,0,74,-74
110000695,77,617,-540
110000696,122,121,1
110900001,11,18,-7
110900002,13,195,-182
110900003,66,965,-899
110900004,73,287,-214
110900005,3317,446,2871
110900006,19,2,17
110900007,3,5,-2
110900008,1,39,-38
110900009,53,17,36
110900010,2,70,-68
110900011,3,53,-50
110900012,1,117,-116
110900013,264,111,153
110900014,19,9,10
110900015,409,82,327
110900016,4,146,-142
110900017,61,17,44
110900018,83,14,69
110900019,15,9,6
110900020,7,401,-394
110900021,27,606,-579
110900022,38,368,-330
110900023,44,402,-358
110900024,14,488,-474
110900025,3,64,-61
110900027,17,231,-214
110900028,12,154,-142
110900029,30,500,-470
110900030,15,254,-239
110900031,0,145,-145
110900032,0,101,-101
110900033,17,239,-222
110900035,16,264,-248
110900036,24,17,7
110900037,5,12,-7
110900038,894,90,804
110900039,4,156,-152
110900040,59,18,41
110900041,3,169,-166
110900042,24,48,-24
110900043,1,179,-178
110900044,176,26,150
110900045,30,626,-596
110900046,121,234,-113
110900047,533,35,498
110900049,25,14,11
110900050,3,0,3
110900051,37,157,-120
110900052,4,192,-188
110900053,13,64,-51
110900054,12,223,-211
110900055,16,1,15
110900056,45,90,-45
110900057,2,261,-259
110900058,57,306,-249
110900059,277,756,-479
110900060,81,31,50
110900061,15,15,0
110900062,15,328,-313
110900063,5,54,-49
110900064,3,0,3
110900065,362,51,311
110900066,0,52,-52
110900067,629,228,401
110900068,122,201,-79
110900069,0,17,-17
110900070,65,34,31
110900071,166,73,93
110900073,0,14,-14
110900074,68,31,37
110900075,68,35,33
110900077,75,190,-115
110900078,0,115,-115
110900079,1317,209,1108
110900080,12,31,-19
110900081,0,102,-102
110900082,5,144,-139
110900083,35,25,10
110900084,4,159,-155
110900085,36,282,-246
110900086,17,48,-31
110900087,59,34,25
110900088,1,0,1
110900090,5,34,-29
110900091,0,64,-64
110900093,55,33,22
110900095,17,45,-28
110900097,1,8,-7
110900098,7,68,-61
110900099,44,476,-432
110900100,1,17,-16
110900102,8,14,-6
110900105,488,310,178
110900108,1,87,-86
110900111,165,40,125
110900112,112,1,111
110900113,331,6,325
110900115,2,58,-56
110900116,96,2125,-2029
110900118,96,355,-259
110900119,5315,176,5139
110900120,3,93,-90
110900121,13,0,13
110900122,46,53,-7
110900125,64,92,-28
110900127,263,299,-36
110900128,85,65,20
110900129,164,117,47
110900130,614,130,484
110900131,16,38,-22
110900132,64,16,48
110900133,8,224,-216
110900135,69,468,-399
110900136,63,3,60
110900137,9,0,9
110900138,127,367,-240
110900139,3,19,-16
110900140,13,1,12
110900141,0,32,-32
110900142,11,144,-133
110900143,29,22,7
110900144,5,414,-409
110900145,40,7,33
110900146,190,17,173
110900147,79,108,-29
110900148,2,206,-204
110900149,0,49,-49
110900150,2,7,-5
110900151,1,69,-68
110900152,10,285,-275
110900153,26,6,20
111000001,190,208,-18
111000002,267,486,-219
111000003,138,119,19
111000004,261,797,-536
111000005,284,273,11
111000006,489,826,-337
111000007,1653,586,1067
111000008,2540,1991,549
111000009,139,663,-524
111000010,161,79,82
111000011,364,567,-203
111000012,297,145,152
111000013,174,866,-692
111000014,351,201,150
111000017,52,169,-117
111000018,117,213,-96
111000020,2112,1240,872
111000021,42,51,-9
111000023,19,34,-15
111000025,5579,969,4610
111000029,25,66,-41
111000030,16,41,-25
111000031,1316,263,1053
111000032,228,113,115
111000033,77,44,33
111000034,257,112,145
111000037,2049,725,1324
111000038,1142,1356,-214
111000039,524,1526,-1002
111000040,589,1492,-903
111000041,808,704,104
111000042,5244,1650,3594
111000043,370,230,140
111000044,246,61,185
111000045,458,467,-9
111000046,321,431,-110
111000047,515,653,-138
111000049,147,321,-174
111000050,1229,1315,-86
111000051,176,736,-560
111000052,229,868,-639
111000053,153,631,-478
111000054,166,670,-504
111000055,708,1496,-788
111000056,33,575,-542
111000057,37,761,-724
111000058,17,61,-44
111000059,39,109,-70
111000060,211,172,39
111000061,120,197,-77
111000062,98,128,-30
111000063,298,366,-68
111000064,124,232,-108
111000065,249,303,-54
111000066,29,110,-81
111000067,133,466,-333
111000068,124,371,-247
111000069,1035,1148,-113
111000070,1930,887,1043
111000071,179,654,-475
111000072,61,21,40
111000073,7,23,-16
111000074,245,212,33
111000075,93,169,-76
111000076,45,220,-175
111000077,493,587,-94
111000078,853,849,4
111000079,584,374,210
111000080,160,404,-244
111000081,1436,1351,85
111000082,241,470,-229
111000084,293,317,-24
111000085,345,750,-405
111000086,1184,571,613
111000087,367,467,-100
111000088,2329,709,1620
111000089,229,548,-319
111000090,820,749,71
111000091,261,605,-344
111000092,387,998,-611
111000093,102,446,-344
111000094,360,542,-182
111000095,141,898,-757
111000096,1999,3065,-1066
111000097,5231,679,4552
111000098,205,1080,-875
111000099,165,2060,-1895
111000100,129,2085,-1956
111000101,214,701,-487
111000102,24,734,-710
111000104,44,47,-3
111000107,27,629,-602
111000109,20,56,-36
111000110,176,148,28
111000111,275,127,148
111000112,218,63,155
111000113,149,125,24
111000114,399,344,55
111000115,5890,501,5389
111000116,381,414,-33
111000117,192,420,-228
111000118,692,669,23
111000119,372,1081,-709
111000120,168,389,-221
111000121,89,313,-224
111000122,181,724,-543
111000123,286,2816,-2530
111000124,177,3258,-3081
111000125,60,1763,-1703
111000126,29,857,-828
111000127,58,26,32
111000128,104,21,83
111000129,166,53,113
111000130,169,309,-140
111000131,163,221,-58
111000132,67,58,9
111000133,47,74,-27
111000134,57,72,-15
111000135,7,74,-67
111000136,73,88,-15
111000138,3,3,0
111000140,1,1,0
111000141,32,186,-154
111000142,7,87,-80
111000143,0,67,-67
111000144,0,102,-102
111000145,0,0,0
111000146,0,0,0
111000147,1,0,1
111000148,21,84,-63
111000149,3,23,-20
111000150,5,4,1
111000151,4,12,-8
111000153,249,200,49
111000154,272,108,164
111000155,22,101,-79
111000156,124,59,65
111000157,28,115,-87
111000158,290,159,131
111000159,982,204,778
111000160,48,190,-142
111000161,2,138,-136
111000162,4,103,-99
111000163,127,496,-369
111000164,452,1035,-583
111000165,718,235,483
111000166,571,164,407
111000167,85,338,-253
111000168,91,187,-96
111000169,60,138,-78
111000170,167,178,-11
111000171,203,627,-424
111000172,49,426,-377
111000173,70,923,-853
111000174,39,399,-360
111000175,19,181,-162
111000176,36,172,-136
111000177,45,234,-189
111000178,122,258,-136
111000179,17,141,-124
111000180,89,126,-37
111000181,186,146,40
111000182,15,62,-47
111000183,21,84,-63
111000184,84,66,18
111000185,110,381,-271
111000186,53,256,-203
111000187,18,209,-191
111000188,42,265,-223
111000189,1227,399,828
111000190,130,433,-303
111000191,73,463,-390
111000192,77,546,-469
111000193,233,298,-65
111000194,9,350,-341
111000195,23,356,-333
111000196,14,297,-283
111000197,33,52,-19
111000198,34,22,12
111000199,16,51,-35
111000200,19,89,-70
111000201,98,83,15
111000202,35,80,-45
111000203,46,61,-15
111000204,79,89,-10
111000213,33,246,-213
111000214,472,958,-486
111000215,482,903,-421
111000217,366,470,-104
111000218,316,537,-221
111000219,124,204,-80
111000220,1988,346,1642
111000221,343,75,268
111000224,69,195,-126
111000225,42,101,-59
111000226,7,0,7
111000227,1,1,0
111000228,21,84,-63
111000229,30,208,-178
111000230,69,323,-254
111000231,86,1034,-948
111000232,85,580,-495
111000233,95,469,-374
111000234,26,74,-48
111000239,143,152,-9
111000240,7,8,-1
111000241,15,400,-385
111000242,2,7,-5
111000243,21,740,-719
111000244,18,9,9
111000245,119,427,-308
111000246,37,407,-370
111000247,46,1128,-1082
111000248,67,221,-154
111000249,176,713,-537
111000250,22,117,-95
111000251,9,93,-84
111000253,0,0,0
111000255,0,0,0
111000257,0,0,0
111000260,17,1108,-1091
111000261,170,8,162
111000271,12,262,-250
111000273,4577,681,3896
111000274,582,927,-345
111000275,28,17,11
111000276,140,1948,-1808
111000277,97,420,-323
111000278,139,122,17
111000291,94,874,-780
111000298,204,159,45
111000299,118,17,101
111000300,40,380,-340
111000302,57,79,-22
111000303,50,196,-146
111000312,28,27,1
111000315,14,166,-152
111000320,155,414,-259
111000321,84,19,65
111000322,47,355,-308
111000323,38,5,33
111000324,83,151,-68
111000325,8,59,-51
111000326,20,240,-220
111000327,132,287,-155
111000328,63,176,-113
111000329,2,17,-15
111000330,5,4,1
111000331,1,3,-2
111000332,186,769,-583
111000334,212,1273,-1061
111000335,109,74,35
111000337,107,334,-227
111000338,4,134,-130
111000339,71,784,-713
111000340,28,670,-642
111000341,268,58,210
111000342,16,172,-156
111000344,342,374,-32
111000345,8,6,2
111000346,3,58,-55
111000347,20,1,19
111000350,56,26,30
111000351,45,158,-113
111000352,27,19,8
111000353,22,217,-195
111000354,63,23,40
111000355,66,444,-378
111000358,33,1432,-1399
111000360,41,854,-813
111000361,14,368,-354
111000546,85,567,-482
111000547,25,336,-311
111000548,46,131,-85
111000549,20,257,-237
111000550,38,144,-106
111000551,279,45,234
111000552,42,12,30
111000907,18,5,13
111000908,0,0,0
111000916,175,149,26
111000917,8,240,-232
111000918,33,873,-840
111000920,69,2,67
111000921,0,426,-426
111000922,79,330,-251
111000924,6,954,-948
111000925,555,667,-112
111000926,444,2185,-1741
111000927,1933,1233,700
111000928,5729,2582,3147
111000929,260,401,-141
111000930,301,1786,-1485
111000931,533,687,-154
111000932,2371,1619,752
111000933,1259,624,635
111000934,1416,1832,-416
111000935,303,543,-240
111000936,313,1555,-1242
111000937,291,447,-156
111000938,972,1811,-839
111000939,6,1,5
111000940,78,190,-112
111000941,61,367,-306
111000943,41,127,-86
111000944,36,448,-412
111000945,2,1541,-1539
111001109,40,19,21
111001110,57,525,-468
111001111,7,1,6
111001112,16,0,16
111001113,44,79,-35
111001114,228,32,196
111001115,62,260,-198
111001116,2349,262,2087
111001117,533,336,197
111001120,45,195,-150
111001121,56,267,-211
111001122,131,743,-612
111001123,10,42,-32
111001124,29,382,-353
111001125,0,4,-4
111900001,0,127,-127
111900002,4,738,-734
111900003,3,331,-328
111900004,10,117,-107
111900006,3,6,-3
111900007,4,1,3
111900008,11,1,10
111900009,25,193,-168
111900010,71,449,-378
111900012,95,80,15
111900013,11,39,-28
111900014,6391,626,5765
111900015,0,41,-41
111900016,0,151,-151
111900017,0,129,-129
111900018,27,1,26
111900019,0,39,-39
111900020,1,18,-17
111900021,24,35,-11
111900022,8,37,-29
111900023,85,28,57
111900024,2,104,-102
111900025,0,40,-40
111900026,1,43,-42
111900027,2,106,-104
111900028,3,425,-422
111900029,1,67,-66
111900030,22,224,-202
111900031,0,47,-47
111900032,3,458,-455
111900033,4,75,-71
111900034,35,321,-286
111900035,2,130,-128
111900036,1,360,-359
111900038,139,328,-189
111900039,12,271,-259
111900040,2,668,-666
111900042,24,21,3
111900043,2,483,-481
111900044,67,139,-72
111900046,33,185,-152
111900048,30,789,-759
111900049,12,330,-318
111900050,23,4,19
111900051,2,176,-174
111900052,274,620,-346
111900053,865,113,752
111900054,19,1,18
111900055,14,736,-722
111900056,68,73,-5
111900057,26,13,13
111900058,51,706,-655
111900059,1018,74,944
111900060,62,4,58
111900061,4,279,-275
111900062,7,7,0
111900063,37,130,-93
111900064,66,221,-155
111900065,7,3,4
111900066,9,34,-25
111900067,0,216,-216
111900068,8,13,-5
111900069,5,3,2
111900070,16,87,-71
111900071,2,224,-222
111900072,18,5,13
111900073,94,13,81
111900074,2,160,-158
111900075,13,2,11
111900076,29,4,25
111900077,5,1,4
111900078,25,1,24
111900079,4,4,0
111900080,63,9,54
111900082,15,2,13
111900083,12,0,12
111900084,11,1,10
111900085,6,9,-3
111900086,6,2,4
111900087,12,0,12
111900088,54,1,53
111900089,17,2,15
111900090,26,8,18
111900091,17,1,16
111900092,4,0,4
111900093,32,0,32
111900094,15,0,15
111900095,57,3,54
111900096,24,0,24
111900097,12,0,12
111900098,19,0,19
111900099,6,0,6
111900100,8,1,7
111900101,11,0,11
111900102,58,682,-624
111900103,21,11,10
111900104,4,23,-19
111900105,56,43,13
111900106,1334,18,1316
111900110,3016,91,2925
111900111,12,157,-145
111900112,604,324,280
111900113,155,35,120
111900118,28,5,23
111900119,53,14,39
111900122,13,4,9
111900123,4,4,0
111900124,14,88,-74
111900125,36,1,35
111900126,18,0,18
111900127,0,443,-443
111900128,5,373,-368
111900129,28,4,24
111900130,23,5,18
111900131,33,0,33
111900132,15,815,-800
111900133,1,181,-180
111900134,24,297,-273
111900135,0,5,-5
111900136,32,37,-5
111900137,19,4,15
111900138,6,44,-38
111900139,14,104,-90
111900140,11,10,1
111900141,4,3,1
111900142,34,12,22
111900143,9,268,-259
111900144,1,154,-153
111900145,3,657,-654
111900146,0,393,-393
111900147,91,456,-365
111900148,12,788,-776
111900149,9,356,-347
111900150,1,189,-188
111900151,2,11,-9
111900152,54,17,37
111900153,807,45,762
111900154,7,48,-41
111900155,5,38,-33
111900156,1,8,-7
111900157,9,4,5
111900158,28,2,26
111900159,42,4,38
111900160,35,2,33
111900161,14,0,14
111900162,43,23,20
111900163,31,131,-100
111900164,22,3,19
111901113,36,144,-108
111901114,12,359,-347
111901115,7,1,6
111901116,4,0,4
111901117,6,2,4
111901118,46,10,36
111901119,956,41,915
111901121,80,235,-155
111901122,2,447,-445
111901123,14,307,-293
111901124,37,0,37
111901125,34,23,11
111901127,765,118,647
111901128,11,95,-84
111901129,1,134,-133
111901130,9,224,-215
111901131,1,156,-155
111901132,16,1,15
111901133,4,0,4
111901134,6,1,5
111901135,0,0,0
111901136,2,1,1
111901137,0,6,-6
111901138,15,52,-37
111901139,11,24,-13
111901140,9,103,-94
111901141,0,144,-144
111901142,3,123,-120
111901143,1,73,-72
111901144,27,10,17
111901145,26,72,-46
111901146,48,1,47
112000001,446,345,101
112000002,468,1721,-1253
112000003,218,370,-152
112000004,287,1269,-982
112000005,538,509,29
112000006,800,1391,-591
112000007,470,475,-5
112000008,868,1559,-691
112000009,1998,2112,-114
112000010,844,1050,-206
112000011,968,1800,-832
112000012,3566,644,2922
112000013,5354,2216,3138
112000014,1180,296,884
112000015,1499,1142,357
112000016,1055,578,477
112000017,627,700,-73
112000024,1258,422,836
112000026,3260,3827,-567
112000027,125,120,5
112000028,1039,1403,-364
112000029,138,171,-33
112000030,192,108,84
112000031,1006,1056,-50
112000032,763,33,730
112000033,1740,372,1368
112000034,248,17,231
112000035,68,215,-147
112000036,242,252,-10
112000037,312,961,-649
112000038,270,502,-232
112000039,3,36,-33
112000040,66,282,-216
112000041,205,418,-213
112000042,484,224,260
112000050,94,363,-269
112000051,168,251,-83
112000054,1076,1565,-489
112000057,454,206,248
112000058,280,318,-38
112000059,523,155,368
112000061,5912,1011,4901
112000062,3378,249,3129
112000063,1362,307,1055
112000064,4877,4561,316
112000065,1853,2388,-535
112000066,1118,290,828
112000067,370,536,-166
112000068,449,256,193
112000069,269,2370,-2101
112000070,354,210,144
112000071,340,3049,-2709
112000072,297,428,-131
112000073,507,1370,-863
112000074,151,360,-209
112000075,203,341,-138
112000076,1671,1856,-185
112000077,164,576,-412
112000078,252,421,-169
112000079,501,1105,-604
112000080,136,559,-423
112000081,612,1137,-525
112000082,293,237,56
112000083,221,1236,-1015
112000084,326,173,153
112000085,279,879,-600
112000086,323,538,-215
112000087,67,503,-436
112000088,111,400,-289
112000089,43,298,-255
112000090,52,299,-247
112000091,325,1077,-752
112000092,416,400,16
112000093,680,980,-300
112000094,152,378,-226
112000095,239,649,-410
112000096,94,354,-260
112000097,144,214,-70
112000098,312,1414,-1102
112000099,138,137,1
112000100,237,433,-196
112000101,146,875,-729
112000102,160,234,-74
112000103,77,1302,-1225
112000105,256,1434,-1178
112000106,198,207,-9
112000107,3,43,-40
112000108,69,1254,-1185
112000109,9,11,-2
112000110,349,141,208
112000111,601,4481,-3880
112000112,969,183,786
112000113,715,2349,-1634
112000114,433,344,89
112000115,36,450,-414
112000116,147,717,-570
112000117,132,396,-264
112000118,306,698,-392
112000119,136,763,-627
112000120,18,339,-321
112000121,25,408,-383
112000122,52,50,2
112000123,56,46,10
112000124,46,21,25
112000125,15,62,-47
112000126,47,473,-426
112000127,1325,371,954
112000128,671,272,399
112000129,14,56,-42
112000130,13,25,-12
112000131,4,212,-208
112000132,20,244,-224
112000133,46,142,-96
112000134,94,340,-246
112000135,90,197,-107
112000136,275,973,-698
112000137,220,340,-120
112000138,397,1132,-735
112000139,241,100,141
112000140,312,943,-631
112000141,171,133,38
112000142,62,928,-866
112000143,224,113,111
112000144,119,1535,-1416
112000145,490,367,123
112000146,389,2044,-1655
112000147,417,732,-315
112000148,709,1619,-910
112000149,42,262,-220
112000150,20,473,-453
112000151,69,245,-176
112000152,61,217,-156
112000153,62,127,-65
112000154,20,62,-42
112000155,80,33,47
112000157,181,171,10
112000158,62,401,-339
112000159,76,199,-123
112000167,81,8,73
112000169,85,166,-81
112000173,143,187,-44
112000175,42,206,-164
112000176,4297,1253,3044
112000177,67,38,29
112000178,35,389,-354
112000179,44,147,-103
112000180,97,157,-60
112000181,428,1396,-968
112000182,135,1489,-1354
112000183,15,69,-54
112000184,60,204,-144
112000185,82,380,-298
112000187,1057,1386,-329
112000195,5,2,3
112000196,42,1,41
112000197,42,50,-8
112000198,15,423,-408
112000199,311,932,-621
112000202,0,0,0
112000216,27,75,-48
112000230,12,0,12
112000231,6,391,-385
112000256,1,16,-15
112000313,68,161,-93
112000314,0,4,-4
112000337,62,436,-374
112000352,69,91,-22
112000392,1394,650,744
112000398,273,343,-70
112000399,508,408,100
112000400,1163,2676,-1513
112000401,1237,1895,-658
112000402,472,758,-286
112000403,508,545,-37
112000404,100,261,-161
112000405,471,931,-460
112000406,1822,2108,-286
112000407,1510,2244,-734
112000408,6029,4546,1483
112000409,813,3267,-2454
112000410,40,66,-26
112000411,3701,187,3514
112000412,628,87,541
112000413,6188,527,5661
112000414,29,64,-35
112000415,21,13,8
112000416,502,569,-67
112000417,61,21,40
112000421,19,95,-76
112000422,95,324,-229
112000424,1346,600,746
112000425,190,769,-579
112000426,42,128,-86
112000427,0,3,-3
112000428,15,254,-239
112000429,686,1727,-1041
112000430,681,2081,-1400
112000431,3,24,-21
112000432,274,1780,-1506
112000433,328,215,113
112000437,6,240,-234
112900001,5,2,3
112900002,32,1014,-982
112900003,4,147,-143
112900004,8,288,-280
112900005,19,214,-195
112900006,9,431,-422
112900007,1,132,-131
112900008,0,3,-3
112900009,54,9,45
112900010,18,493,-475
112900011,225,191,34
112900012,0,32,-32
112900013,0,74,-74
112900014,0,213,-213
112900015,175,772,-597
112900016,0,181,-181
112900017,11,112,-101
112900018,2,339,-337
112900019,28,86,-58
112900020,388,1441,-1053
112900021,1,204,-203
112900022,0,38,-38
112900023,5,214,-209
112900024,11,148,-137
112900025,21,78,-57
112900026,2,196,-194
112900027,2,1139,-1137
112900028,9,60,-51
112900029,5,368,-363
112900030,178,125,53
112900031,0,437,-437
112900032,45,162,-117
112900034,0,38,-38
112900035,1,372,-371
112900036,21,81,-60
112900037,38,18,20
112900038,73,91,-18
112900039,8,267,-259
112900040,4,237,-233
112900041,716,229,487
112900042,6,304,-298
112900043,2,33,-31
112900044,285,238,47
112900045,388,203,185
112900046,143,24,119
112900047,5,4,1
112900049,14,70,-56
112900050,64,644,-580
112900051,202,642,-440
112900052,9,896,-887
112900053,175,81,94
112900054,162,18,144
112900055,88,3,85
112900056,36,36,0
112900057,4,631,-627
112900058,109,19,90
112900059,32,80,-48
112900060,2,200,-198
112900061,11,109,-98
112900062,15,125,-110
112900063,19,0,19
112900064,64,46,18
112900065,2,4,-2
112900066,30,25,5
112900067,344,34,310
112900068,10,8,2
112900069,2047,141,1906
112900071,10,0,10
112900072,122,217,-95
112900073,72,13,59
112900074,9,13,-4
112900075,1634,116,1518
112900076,20,0,20
112900078,31,70,-39
112900079,17,1,16
112900080,1,0,1
112900081,10,36,-26
112900082,49,3,46
112900083,7,11,-4
112900084,25,9,16
112900086,1,0,1
112900087,117,20,97
112900088,7,0,7
112900089,118,4,114
112900090,3,1,2
112900091,14,0,14
112900092,46,35,11
112900093,90,4,86
112900095,1,0,1
112900096,95,16,79
112900097,3,281,-278
112900098,1,0,1
112900099,82,2,80
112900100,5,0,5
112900101,23,0,23
112900102,19,2,17
112900103,31,1,30
112900104,9,1,8
112900105,1,0,1
112900106,62,38,24
112900107,0,0,0
112900108,0,0,0
112900109,5,0,5
112900110,105,34,71
112900111,93,0,93
112900112,17,0,17
112900113,0,5,-5
112900114,7,22,-15
112900115,118,2,116
112900116,12,32,-20
112900117,69,66,3
112900118,9,41,-32
112900119,8,1,7
112900120,406,86,320
112900121,107,54,53
112900122,11,91,-80
112900123,60,6,54
112900124,1,98,-97
112900125,23,135,-112
112900126,39,216,-177
112900127,61,10,51
112900128,243,498,-255
112900129,3,911,-908
112900130,45,20,25
112900131,27,173,-146
112900132,27,413,-386
112900133,13,1140,-1127
112900134,1,284,-283
112900135,32,7,25
112900137,2,709,-707
112900138,3,451,-448
112900139,92,890,-798
112900141,149,87,62
112900142,23,15,8
112900143,9,455,-446
112900144,1,300,-299
112900145,18,380,-362
112900146,4,1157,-1153
112900147,6,1999,-1993
112900148,8,1,7
112900149,82,292,-210
112900151,9,17,-8
112900152,4000,612,3388
112900153,545,217,328
112900154,1,37,-36
112900155,7,0,7
112900156,15,1609,-1594
112900157,31,95,-64
112900158,4,7,-3
112900159,40,23,17
112900160,10,196,-186
112900161,7,5,2
112900162,13,8,5
112900163,27,8,19
112900164,5,26,-21
112900165,16,34,-18
112900166,8,5,3
112900167,4,7,-3
112900168,1,1,0
112900169,3,3,0
112900170,6,26,-20
112900172,71,3,68
112900173,104,60,44
112900174,84,5,79
112900175,70,14,56
112900176,10,5,5
112900177,28,6,22
112900178,124,216,-92
112900179,13,493,-480
112900180,249,2463,-2214
112900181,83,13,70
112900182,18,1182,-1164
112900183,58,55,3
112900184,187,155,32
112900185,99,166,-67
112900186,1026,298,728
112900187,8,58,-50
112900188,631,194,437
112900189,0,15,-15
112900190,0,53,-53
112900192,132,60,72
112900193,353,99,254
112900194,9,119,-110
112900195,63,4,59
112900196,160,656,-496
112900197,65,367,-302
112900199,36,350,-314
112900200,57,135,-78
112900201,37,23,14
112900202,54,611,-557
112900203,21,132,-111
112900204,265,133,132
112900205,0,3,-3
112900206,0,22,-22
112900207,0,0,0
112900208,15,25,-10
112900209,143,284,-141
112900210,0,11,-11
112900211,11,16,-5
112900212,0,48,-48
112900213,1,7,-6
112900214,1,7,-6
112900215,0,173,-173
112900216,18,20,-2
112900217,0,56,-56
112900218,0,12,-12
112900219,3,0,3
112900220,0,0,0
112900221,3,69,-66
112900222,0,14,-14
112900223,159,2,157
112900224,24,652,-628
112900225,48,549,-501
112900226,103,80,23
112900227,47,1231,-1184
112900228,6,8,-2
112900229,9,42,-33
112900230,6855,979,5876
112900232,75,45,30
112900233,2,181,-179
112900234,1,86,-85
112900235,7,2,5
112900236,22,8,14
112900237,17,337,-320
112900238,1,32,-31
112900239,221,180,41
113000001,2518,2379,139
113000002,1548,1804,-256
113000003,1173,748,425
113000004,1171,1020,151
113000005,473,566,-93
113000006,286,604,-318
113000007,626,827,-201
113000008,489,983,-494
113000009,245,583,-338
113000010,321,819,-498
113000011,308,1340,-1032
113000012,291,211,80
113000013,298,157,141
113000014,745,710,35
113000015,173,81,92
113000016,115,181,-66
113000017,11,207,-196
113000018,31,27,4
113000019,15,174,-159
113000020,4,6,-2
113000021,137,423,-286
113000022,170,999,-829
113000025,23,166,-143
113000026,36,216,-180
113000027,100,196,-96
113000028,436,271,165
113000029,521,214,307
113000030,514,403,111
113000031,378,148,230
113000032,144,87,57
113000033,269,221,48
113000034,400,178,222
113000035,7,15,-8
113000036,9,30,-21
113000037,23,16,7
113000038,12,31,-19
113000039,49,253,-204
113000040,55,60,-5
113000042,294,173,121
113000051,299,822,-523
113000052,1441,678,763
113000053,74,495,-421
113000054,87,350,-263
113000055,254,564,-310
113000056,354,1198,-844
113000058,531,756,-225
113000059,387,333,54
113000060,37,436,-399
113000061,376,832,-456
113000062,804,73,731
113000063,37,182,-145
113000064,7,193,-186
113000065,66,963,-897
113000066,66,100,-34
113000067,462,567,-105
113000068,141,1566,-1425
113000069,117,985,-868
113000070,306,406,-100
113000071,85,555,-470
113000072,120,198,-78
113000073,390,1125,-735
113000074,499,130,369
113000075,866,169,697
113000076,905,965,-60
113000077,757,185,572
113000078,487,897,-410
113000079,621,423,198
113000080,422,255,167
113000081,352,444,-92
113000082,643,602,41
113000083,146,325,-179
113000084,781,739,42
113000085,227,293,-66
113000086,413,686,-273
113000087,359,385,-26
113000088,1277,791,486
113000089,346,835,-489
113000090,52,137,-85
113000091,654,150,504
113000094,221,50,171
113000095,119,976,-857
113000096,94,700,-606
113000097,148,129,19
113000098,27,22,5
113000099,684,88,596
113000100,76,252,-176
113000101,191,400,-209
113000102,103,82,21
113000103,1245,445,800
113000104,158,1233,-1075
113000105,157,209,-52
113000106,108,423,-315
113000107,179,486,-307
113000108,461,987,-526
113000109,232,1128,-896
113000110,697,141,556
113000111,42,227,-185
113000112,130,133,-3
113000113,1399,124,1275
113000114,246,491,-245
113000116,414,162,252
113000117,502,129,373
113000118,44,107,-63
113000119,65,290,-225
113000120,13,130,-117
113000121,200,671,-471
113000124,41,87,-46
113000125,2,149,-147
113000127,2954,389,2565
113000128,299,336,-37
113000129,669,523,146
113000133,3342,443,2899
113000134,4,332,-328
113000135,1043,687,356
113000137,1123,394,729
113000139,292,77,215
113000140,177,213,-36
113000141,275,32,243
113000142,439,542,-103
113000143,146,52,94
113000144,209,343,-134
113000145,50,68,-18
113000146,37,52,-15
113000147,47,94,-47
113000148,41,129,-88
113000149,50,114,-64
113000150,279,243,36
113000151,63,36,27
113000152,33,110,-77
113000153,1134,345,789
113000154,294,465,-171
113000155,188,140,48
113000156,122,301,-179
113000157,205,561,-356
113000158,316,102,214
113000159,459,247,212
113000160,344,941,-597
113000161,109,661,-552
113000162,317,203,114
113000163,19,24,-5
113000164,25,61,-36
113000166,20,18,2
113000167,26,206,-180
113000168,27,226,-199
113000169,37,17,20
113000170,27,17,10
113000171,40,93,-53
113000172,38,19,19
113000173,13,2,11
113000174,73,488,-415
113000175,83,18,65
113000176,93,21,72
113000177,53,396,-343
113000178,77,342,-265
113000179,41,19,22
113000180,221,818,-597
113000181,290,666,-376
113000182,111,95,16
113000183,78,400,-322
113000184,22,75,-53
113000189,230,356,-126
113000190,1592,219,1373
113000192,1249,750,499
113000193,1787,490,1297
113000194,714,769,-55
113000195,679,289,390
113000196,30,46,-16
113000197,303,374,-71
113000198,21,156,-135
113000199,219,302,-83
113000201,60,95,-35
113000202,2221,469,1752
113000203,51,20,31
113000204,580,735,-155
113000205,9,17,-8
113000206,9,21,-12
113000207,17,14,3
113000208,15,34,-19
113000209,5,9,-4
113000210,1,12,-11
113000211,212,91,121
113000212,196,8,188
113000213,1,39,-38
113000214,28,108,-80
113000234,66,1252,-1186
113000410,12,38,-26
113000411,1449,2251,-802
113000412,8308,1089,7219
113000413,3974,1383,2591
113000414,10132,4052,6080
113000415,1994,1321,673
113000416,7531,1805,5726
113000417,2191,1624,567
113000418,1689,1546,143
113000419,1064,903,161
113000420,2818,1506,1312
113000421,2013,1660,353
113000422,15941,2852,13089
113000423,2791,1847,944
113000424,3793,2756,1037
113000425,9,46,-37
113000428,12,1,11
113000430,2,4,-2
113000432,256,12,244
113000433,92,766,-674
113000434,3,367,-364
113000435,6,850,-844
113000436,40,1167,-1127
113000437,45,1,44
113000438,31,1,30
113000439,19,165,-146
113000440,24,12,12
113000441,33,169,-136
113000442,38,285,-247
113000443,27,149,-122
113000444,26,344,-318
113000445,20,75,-55
113000446,6,96,-90
113000448,152,57,95
113000449,148,171,-23
113000450,335,374,-39
113000451,1072,56,1016
113000452,91,95,-4
113000453,135,127,8
113000454,123,23,100
113000455,63,93,-30
113000456,2396,1055,1341
113000468,1991,208,1783
113000469,176,71,105
113000470,391,60,331
113000471,7,133,-126
113000472,33,202,-169
113000474,114,432,-318
113000475,652,1086,-434
113000476,344,1448,-1104
113000477,783,1645,-862
113000478,1704,3618,-1914
113000479,4,200,-196
113000480,38,52,-14
113000484,0,0,0
113000485,0,0,0
113000486,0,0,0
113000487,0,0,0
113000488,0,0,0
113000489,0,0,0
113000490,0,0,0
113000491,0,0,0
113000492,0,0,0
113000493,0,0,0
113000495,139,192,-53
113000496,45,41,4
113000499,0,0,0
113900001,0,6,-6
113900002,0,43,-43
113900003,0,18,-18
113900004,0,12,-12
113900005,0,7,-7
113900006,0,0,0
113900007,1,2,-1
113900008,2,0,2
113900009,4,0,4
113900010,4,0,4
113900011,0,1,-1
113900012,1,0,1
113900013,33,0,33
113900014,162,0,162
113900015,2,40,-38
113900016,4,0,4
113900017,0,29,-29
113900018,241,31,210
113900019,16,37,-21
113900020,8,0,8
113900022,1,0,1
113900023,3,0,3
113900024,24,49,-25
113900025,159,17,142
113900026,16,0,16
113900027,4,22,-18
113900028,11,242,-231
113900029,10,213,-203
113900030,43,1,42
113900031,0,0,0
113900032,7,1,6
113900033,33,38,-5
113900035,13,0,13
113900036,6,53,-47
113900037,22,363,-341
113900038,39,11,28
113900039,16,0,16
113900040,0,2,-2
113900041,2,1,1
113900042,9,22,-13
113900043,110,68,42
113900044,40,8,32
113900045,12,0,12
113900046,333,687,-354
113900047,6,91,-85
113900048,281,17,264
113900049,777,64,713
113900050,86,234,-148
113900051,68,284,-216
113900052,68,62,6
113900053,129,43,86
113900054,4,0,4
113900055,58,551,-493
113900056,7,65,-58
113900057,11,91,-80
113900058,14,134,-120
113900059,47,277,-230
113900060,65,177,-112
113900061,441,14,427
113900062,6,3,3
113900063,7,69,-62
113900064,2,124,-122
113900065,84,6,78
113900066,54,419,-365
113900067,13,314,-301
113900068,113,127,-14
113900069,57,7,50
113900070,45,376,-331
113900071,5,37,-32
113900072,13,136,-123
113900073,65,341,-276
113900074,7,290,-283
113900075,336,231,105
113900076,26,13,13
113900077,12,250,-238
113900078,12,34,-22
113900079,0,36,-36
113900080,121,50,71
113900081,16,182,-166
113900082,37,171,-134
113900083,41,490,-449
113900084,85,30,55
113900085,19,360,-341
113900086,7,6,1
113900087,4,186,-182
113900088,6,18,-12
113900089,113,21,92
113900090,182,105,77
113900091,7,13,-6
113900092,4,53,-49
113900093,25,258,-233
113900094,47,374,-327
113900095,27,33,-6
113900096,48,3,45
113900097,2,124,-122
113900098,113,23,90
113900099,1,30,-29
113900100,2,0,2
113900101,6,27,-21
113900102,27,46,-19
113900103,114,130,-16
113900104,21,49,-28
113900105,1,324,-323
113900106,0,78,-78
113900107,0,15,-15
113900108,65,118,-53
113900109,199,63,136
113900110,11,14,-3
113900111,24,74,-50
113900112,25,64,-39
113900113,266,175,91
113900114,0,102,-102
113900115,0,68,-68
113900116,15,55,-40
113900117,13,11,2
113900118,23,87,-64
113900119,170,104,66
113900120,13,8,5
113900121,8,37,-29
113900122,120,326,-206
113900123,122,68,54
113900124,0,49,-49
113900125,956,98,858
113900126,39,16,23
113900127,86,167,-81
113900128,26,29,-3
113900129,2,36,-34
113900130,0,6,-6
113900131,46,28,18
113900132,24,20,4
113900133,10,14,-4
113900135,105,320,-215
113900136,24,56,-32
113900137,113,57,56
113900138,27,52,-25
113900139,446,49,397
113900140,357,57,300
113900141,52,275,-223
113900142,18,50,-32
113900143,8,3,5
113900144,169,42,127
113900145,72,127,-55
113900146,12,29,-17
113900148,46,65,-19
113900149,27,17,10
113900150,1419,428,991
113900151,64,128,-64
113900152,10,44,-34
113900153,531,290,241
113900154,1,79,-78
113900155,170,34,136
113900156,126,512,-386
113900157,6,87,-81
113900158,230,78,152
113900159,6,80,-74
113900160,170,515,-345
113900161,11,91,-80
113900162,368,246,122
113900163,84,119,-35
113900164,38,15,23
113900165,475,368,107
113900166,141,56,85
113900167,71,21,50
113900168,62,78,-16
113900169,63,402,-339
113900171,20,6,14
113900172,3,168,-165
113900173,86,536,-450
113900174,113,700,-587
113900175,49,16,33
113900176,43,625,-582
113900177,102,90,12
113900178,49,18,31
113900179,9,548,-539
113900180,71,91,-20
113900181,122,24,98
113900182,111,660,-549
113900183,26,52,-26
113900184,9,448,-439
113900185,85,90,-5
113900186,13,26,-13
113900187,31,160,-129
113900188,6,93,-87
113900189,55,24,31
113900190,210,80,130
113900191,43,154,-111
113900192,21,173,-152
113900193,7,223,-216
113900194,1501,644,857
113900195,221,322,-101
113900196,1,81,-80
113900197,2,314,-312
113900198,4,64,-60
113900199,139,598,-459
113900200,2,174,-172
113900201,1,239,-238
113900202,15,125,-110
113900203,1,212,-211
113900204,12,569,-557
113900205,10,49,-39
113900206,0,53,-53
113900207,0,21,-21
113900208,0,52,-52
113900209,1,42,-41
113900210,298,167,131
113900211,49,12,37
113900212,11,497,-486
113900214,334,193,141
113900215,19,69,-50
113900216,4,941,-937
113900217,28,312,-284
113900218,19,4,15
113900219,48,374,-326
113900220,32,15,17
113900221,111,76,35
113900222,71,110,-39
113900223,15,1085,-1070
113900224,88,43,45
113900225,423,118,305
113900226,94,74,20
113900227,85,79,6
113900228,215,147,68
113900229,11,248,-237
113900230,3164,543,2621
113900231,51,145,-94
113900232,15,73,-58
113900233,7,22,-15
113900234,78,127,-49
113900235,9,12,-3
113900236,4,231,-227
113900237,7,5,2
113900238,102,187,-85
113900239,12,27,-15
113900240,1,32,-31
113900241,47,30,17
113900242,38,101,-63
113900243,56,248,-192
113900244,405,78,327
113900245,1266,124,1142
113900246,7,2,5
113900247,155,145,10
113900248,2937,466,2471
113900249,594,51,543
113900250,16,31,-15
113900251,111,167,-56
113900252,157,1,156
113900253,145,10,135
113900254,66,24,42
113900255,48,11,37
113900256,61,13,48
113900257,32,661,-629
113900258,11,528,-517
113900259,74,202,-128
113900260,57,34,23
113900261,4,84,-80
113900262,34,615,-581
113900263,43,379,-336
113900264,1,554,-553
113900265,52,271,-219
113900266,12,249,-237
113900267,57,369,-312
113900268,87,142,-55
113900269,19,74,-55
113900270,65,117,-52
113900271,107,1058,-951
113900273,5,0,5
113900274,3,1,2
113900275,7,35,-28
113900276,3,220,-217
113900277,2,0,2
113900278,169,154,15
113900279,61,65,-4
113900280,495,287,208
113900281,148,559,-411
113900282,486,140,346
113900283,145,212,-67
113900284,140,34,106
113900285,42,9,33
113900286,3,117,-114
113900287,6,57,-51
113900288,0,56,-56
113900289,1252,26,1226
113900290,403,29,374
113900291,122,185,-63
113900292,0,7,-7
113900293,1,152,-151
113900294,70,12,58
113900295,150,119,31
113900296,1922,212,1710
113900297,108,17,91
113900298,5,1084,-1079
113900299,2,133,-131
113900300,5379,1022,4357
113900301,258,57,201
113900302,1392,287,1105
113900303,390,49,341
113900304,1,152,-151
113900305,6,0,6
113900306,0,0,0
113900307,18,2,16
113900308,30,95,-65
113900309,2,763,-761
113900310,0,13,-13
113900311,0,1,-1
113900312,14,67,-53
113900313,13,4,9
114000001,627,2263,-1636
114000002,72,329,-257
114000003,19,202,-183
114000004,97,427,-330
114000005,96,195,-99
114000006,1570,1621,-51
114000007,305,1110,-805
114000008,903,572,331
114000009,81,79,2
114000011,1199,2010,-811
114000012,538,1917,-1379
114000013,391,1465,-1074
114000014,178,284,-106
114000015,366,432,-66
114000016,139,300,-161
114000017,47,101,-54
114000018,239,68,171
114000026,268,1181,-913
114000027,595,1216,-621
114000028,643,1051,-408
114000038,39,121,-82
114000039,58,79,-21
114000040,53,85,-32
114000042,40,131,-91
114000043,6,179,-173
114000044,26,41,-15
114000045,16,117,-101
114000046,1262,3652,-2390
114000047,4,52,-48
114000048,11,21,-10
114000049,609,543,66
114000050,452,508,-56
114000051,1622,856,766
114000052,1253,525,728
114000053,10,246,-236
114000054,27,1037,-1010
114000055,85,10,75
114000056,372,352,20
114000057,6618,1706,4912
114000058,218,216,2
114000059,108,71,37
114000060,165,513,-348
114000061,1671,459,1212
114000062,763,227,536
114000063,1877,1076,801
114000064,6263,1439,4824
114000065,1101,1219,-118
114000066,81,359,-278
114000067,3,86,-83
114000068,253,224,29
114000069,358,285,73
114000070,954,439,515
114000071,144,734,-590
114000072,70,382,-312
114000073,1,48,-47
114000074,6,12,-6
114000075,5,119,-114
114000076,2,68,-66
114000077,0,17,-17
114000078,46,1343,-1297
114000079,34,24,10
114000080,19,26,-7
114000081,0,0,0
114000082,61,448,-387
114000083,16,214,-198
114000084,44,49,-5
114000085,26,662,-636
114000086,58,600,-542
114000087,20,250,-230
114000088,7,17,-10
114000089,915,260,655
114000090,73,91,-18
114000091,418,211,207
114000092,353,165,188
114000093,328,412,-84
114000094,136,198,-62
114000095,31,16,15
114000096,44,530,-486
114000097,24,849,-825
114000098,48,13,35
114000099,58,948,-890
114000100,203,461,-258
114000101,188,1204,-1016
114000102,31,107,-76
114000103,53,434,-381
114000104,4,241,-237
114000105,24,59,-35
114000106,731,219,512
114000107,40,102,-62
114000108,1704,966,738
114000109,31,89,-58
114000110,235,1160,-925
114000111,132,108,24
114000112,111,1181,-1070
114000113,124,109,15
114000114,645,1124,-479
114000115,253,103,150
114000116,126,202,-76
114000117,254,123,131
114000118,227,108,119
114000119,168,65,103
114000120,310,759,-449
114000121,208,326,-118
114000122,158,199,-41
114000123,140,84,56
114000124,49,126,-77
114000125,467,1339,-872
114000126,199,66,133
114000127,12,54,-42
114000128,91,184,-93
114000130,35,23,12
114000131,27,14,13
114000132,258,631,-373
114000133,563,1020,-457
114000134,32,145,-113
114000138,31,158,-127
114000139,90,92,-2
114000144,143,124,19
114000145,27,119,-92
114000146,61,278,-217
114000147,391,354,37
114000148,971,123,848
114000149,39,29,10
114000150,507,309,198
114000151,448,350,98
114000152,33,7,26
114000153,375,686,-311
114000154,417,360,57
114000155,468,648,-180
114000156,248,188,60
114000157,111,307,-196
114000158,1995,452,1543
114000159,118,261,-143
114000160,54,163,-109
114000161,429,315,114
114000162,221,224,-3
114000163,4,168,-164
114000165,79,72,7
114000166,150,51,99
114000167,2597,665,1932
114000168,445,426,19
114000169,440,154,286
114000170,206,176,30
114000171,153,196,-43
114000174,78,293,-215
114000176,262,266,-4
114000177,1574,449,1125
114000178,9,25,-16
114000179,274,75,199
114000180,138,377,-239
114000181,540,1023,-483
114000182,3353,1349,2004
114000183,745,662,83
114000184,5052,1358,3694
114000185,144,176,-32
114000189,42,21,21
114000190,315,74,241
114000191,6,23,-17
114000192,205,1211,-1006
114000193,728,2873,-2145
114000194,535,884,-349
114000195,10,8,2
114000196,6,288,-282
114000197,182,2,180
114000198,892,333,559
114000199,1256,616,640
114000200,282,2080,-1798
114000201,57,843,-786
114000202,479,609,-130
114000203,121,564,-443
114000204,64,361,-297
114000205,99,1259,-1160
114000206,166,899,-733
114000207,377,1941,-1564
114000208,196,2535,-2339
114000209,316,2713,-2397
114000210,201,1453,-1252
114000211,293,924,-631
114000212,290,492,-202
114000213,414,366,48
114000214,43,187,-144
114000215,18,39,-21
114000216,108,8,100
114000217,13,216,-203
114000218,22,218,-196
114000219,192,206,-14
114000220,9,1121,-1112
114000221,72,47,25
114000222,80,872,-792
114000223,96,13,83
114000224,85,521,-436
114000225,55,406,-351
114000226,22,240,-218
114000227,198,272,-74
114000228,193,609,-416
114000229,276,898,-622
114000230,578,1000,-422
114000231,264,782,-518
114000232,100,54,46
114000233,390,49,341
114000234,292,679,-387
114000235,295,1040,-745
114000236,1,570,-569
114000237,35,882,-847
114000238,6,71,-65
114000239,89,1233,-1144
114000240,229,467,-238
114000241,141,797,-656
114000242,550,636,-86
114000243,317,354,-37
114000244,70,74,-4
114000245,193,572,-379
114000246,68,25,43
114000247,167,459,-292
114000248,211,253,-42
114000249,142,235,-93
114000250,52,342,-290
114000251,37,281,-244
114000252,35,105,-70
114000253,7,56,-49
114000254,3,101,-98
114000255,256,94,162
114000256,562,210,352
114000257,325,1812,-1487
114000258,45,396,-351
114000259,8,246,-238
114000260,0,16,-16
114000261,0,2,-2
114000262,17,186,-169
114000263,0,0,0
114000264,175,660,-485
114000265,0,1,-1
114000267,2,574,-572
114000268,3,1696,-1693
114000270,1,0,1
114000271,104,56,48
114000283,121,277,-156
114000285,43,267,-224
114000288,22,373,-351
114000289,396,50,346
114000293,22,229,-207
114000294,39,116,-77
114000395,109,17,92
114000396,73,102,-29
114000402,79,255,-176
114000403,116,348,-232
114000405,40,494,-454
114000423,23,424,-401
114000424,61,179,-118
114000425,78,574,-496
114000426,21,31,-10
114000427,11,114,-103
114000428,138,42,96
114000429,5,165,-160
114000432,26,80,-54
114000434,22,91,-69
114000435,3,172,-169
114900001,109,1018,-909
114900002,194,13,181
114900003,65,1532,-1467
114900004,46,46,0
114900005,82,632,-550
114900006,9,8,1
114900007,17,2,15
114900008,47,30,17
114900010,2269,562,1707
114900011,21,46,-25
114900013,55,52,3
114900015,22,65,-43
114900018,270,16,254
114900020,11,16,-5
114900022,1,324,-323
114900024,25,67,-42
114900025,52,184,-132
114900026,26,19,7
114900027,32,121,-89
114900029,19,8,11
114900030,31,139,-108
114900031,31,16,15
114900032,34,19,15
114900033,993,151,842
114900034,49,307,-258
114900035,85,170,-85
114900036,77,1118,-1041
114900037,39,206,-167
114900038,64,1188,-1124
114900039,166,879,-713
114900040,16,179,-163
114900041,105,781,-676
114900042,161,913,-752
114900043,608,187,421
114900044,33,5,28
114900046,19,125,-106
114900047,46,513,-467
114900048,19,141,-122
114900049,9,172,-163
114900050,10,549,-539
114900051,10,503,-493
114900052,72,144,-72
114900053,45,171,-126
114900054,24,104,-80
114900057,29,0,29
114900058,0,78,-78
114900059,5,15,-10
114900060,779,234,545
114900061,42,262,-220
114900062,148,160,-12
114900063,27,189,-162
114900064,218,665,-447
114900065,65,440,-375
114900067,7,189,-182
114900068,33,157,-124
114900069,113,108,5
114900070,97,393,-296
114900072,2,162,-160
114900073,0,192,-192
114900074,41,606,-565
114900075,26,2,24
114900076,3,344,-341
114900080,2038,217,1821
114900082,2070,656,1414
114900083,114,308,-194
114900090,47,77,-30
114900091,52,87,-35
114900095,277,86,191
114900096,243,367,-124
114900097,25,0,25
114900098,1,92,-91
114900099,17,2,15
115000001,6815,5188,1627
115000002,1187,1012,175
115000003,2343,3594,-1251
115000004,663,1598,-935
115000005,659,2318,-1659
115000006,180,537,-357
115000007,12,94,-82
115000008,152,140,12
115000009,62,216,-154
115000010,75,28,47
115000013,53,97,-44
115000015,67,76,-9
115000016,212,104,108
115000019,5,151,-146
115000020,119,87,32
115000021,181,228,-47
115000022,319,274,45
115000023,24,69,-45
115000024,774,410,364
115000025,108,121,-13
115000026,72,262,-190
115000027,17,40,-23
115000028,81,496,-415
115000029,17,35,-18
115000030,112,587,-475
115000031,129,49,80
115000032,5,160,-155
115000033,13,4,9
115000034,71,643,-572
115000035,99,28,71
115000036,1,331,-330
115000037,13,0,13
115000038,41,92,-51
115000039,1239,958,281
115000040,3589,1068,2521
115000041,357,999,-642
115000042,223,318,-95
115000043,1708,1363,345
115000044,2949,3520,-571
115000045,946,2005,-1059
115000046,417,1053,-636
115000047,494,859,-365
115000048,699,2638,-1939
115000049,841,2176,-1335
115000050,978,602,376
115000051,1207,531,676
115000052,2824,1365,1459
115000053,582,473,109
115000054,588,898,-310
115000055,18,297,-279
115000056,22,52,-30
115000057,109,283,-174
115000058,27,66,-39
115000059,21,181,-160
115000061,14,19,-5
115000062,30,236,-206
115000063,39,338,-299
115000064,10,23,-13
115000065,2,102,-100
115000067,0,0,0
115000069,5,149,-144
115000070,15,220,-205
115000071,2,1,1
115000072,41,33,8
115000073,252,20,232
115000075,5,37,-32
115000076,1921,2268,-347
115000077,470,3302,-2832
115000078,238,1570,-1332
115000079,465,1766,-1301
115000080,572,2145,-1573
115000081,184,652,-468
115000082,1249,1653,-404
115000083,771,2813,-2042
115000084,224,496,-272
115000085,197,828,-631
115000086,113,498,-385
115000087,281,1022,-741
115000088,592,227,365
115000089,1274,1195,79
115000090,443,63,380
115000091,245,886,-641
115000092,80,217,-137
115000093,0,0,0
115000094,4803,1757,3046
115000095,4218,2079,2139
115000096,186,1391,-1205
115000097,122,474,-352
115000098,165,701,-536
115000099,306,2006,-1700
115000100,104,208,-104
115000101,184,1200,-1016
115000102,112,94,18
115000103,183,788,-605
115000105,23,169,-146
115000106,66,107,-41
115000107,55,564,-509
115000108,2814,2228,586
115000109,3332,656,2676
115000110,605,392,213
115000111,305,684,-379
115000112,261,256,5
115000113,297,357,-60
115000114,771,425,346
115000116,1533,642,891
115000117,1639,683,956
115000118,528,747,-219
115000119,659,708,-49
115000120,328,325,3
115000121,985,347,638
115000122,2044,381,1663
115000123,1058,494,564
115000124,246,327,-81
115000125,176,394,-218
115000126,50,155,-105
115000127,91,84,7
115000128,631,392,239
115000129,41,54,-13
115000130,109,598,-489
115000131,64,158,-94
115000132,29,383,-354
115000133,46,203,-157
115000134,28,143,-115
115000135,23,127,-104
115000136,30,90,-60
115000137,18,142,-124
115000138,19,78,-59
115000139,90,259,-169
115000140,53,67,-14
115000141,58,251,-193
115000142,25,273,-248
115000143,88,234,-146
115000144,91,36,55
115000145,76,484,-408
115000146,36,84,-48
115000147,58,467,-409
115000148,178,1057,-879
115000149,188,142,46
115000150,302,1135,-833
115000151,143,248,-105
115000152,201,1585,-1384
115000153,104,213,-109
115000154,177,226,-49
115000155,212,992,-780
115000156,270,254,16
115000157,490,500,-10
115000158,277,137,140
115000159,341,197,144
115000160,324,246,78
115000161,325,362,-37
115000162,204,177,27
115000163,422,442,-20
115000164,301,345,-44
115000165,134,123,11
115000167,15,17,-2
115000168,107,78,29
115000169,234,289,-55
115000170,55,111,-56
115000171,38,36,2
115000172,1240,331,909
115000173,19,59,-40
115000174,5,38,-33
115000175,26,42,-16
115000176,13,2,11
115000177,1,39,-38
115000178,5,198,-193
115000179,4,5,-1
115000180,15,504,-489
115000181,80,58,22
115000182,86,139,-53
115000183,55,787,-732
115000186,123,174,-51
115000187,30,455,-425
115000188,132,171,-39
115000189,116,293,-177
115000190,160,95,65
115000191,112,184,-72
115000194,64,77,-13
115000195,89,24,65
115000196,31,53,-22
115000197,42,383,-341
115000198,53,80,-27
115000199,65,322,-257
115000200,40,29,11
115000201,23,367,-344
115000206,0,0,0
115000207,14,261,-247
115000208,439,587,-148
115000209,54,78,-24
115000210,10,44,-34
115000211,112,152,-40
115000212,771,221,550
115000224,28,11,17
115000225,21,14,7
115000229,96,53,43
115000230,13,216,-203
115000231,146,1947,-1801
115000232,213,269,-56
115000233,31,229,-198
115000234,7,164,-157
115000241,19,110,-91
115000242,19,114,-95
115000243,1,149,-148
115000244,0,54,-54
115000246,7,2,5
115000247,0,5,-5
115000248,3,4,-1
115000249,12,1,11
115000250,36,21,15
115000251,10,45,-35
115000252,5,49,-44
115000253,0,42,-42
115000258,44,51,-7
115000259,97,35,62
115000261,0,1,-1
115000262,2,5,-3
115000263,2,5,-3
115000264,7,4,3
115000267,9,17,-8
115000268,26,70,-44
115000269,8,15,-7
115000270,0,3,-3
115000272,14,60,-46
115000273,50,3,47
115000280,441,5,436
115000281,658,50,608
115000282,478,92,386
115000284,136,12,124
115000296,52,1,51
115000297,4,2,2
115000298,68,21,47
115000300,22,220,-198
115000302,24,37,-13
115000303,34,34,0
115000304,65,11,54
115000305,22,1152,-1130
115000306,39,606,-567
115000307,9,305,-296
115000308,29,8,21
115000309,4,5,-1
115000310,257,983,-726
115000311,82,659,-577
115000313,89,616,-527
115000314,14,12,2
115000315,957,172,785
115000316,11,14,-3
115000317,75,473,-398
115000318,133,106,27
115000319,27,275,-248
115000320,3,74,-71
115000321,43,5,38
115000322,16,170,-154
115000449,97,40,57
115000557,1,121,-120
115000558,16,28,-12
115000587,78,173,-95
115000588,1377,3367,-1990
115000589,1169,1090,79
115000590,382,1164,-782
115000591,196,189,7
115000592,348,1001,-653
115000593,212,137,75
115000594,539,745,-206
115000609,53,76,-23
115000617,289,268,21
115000624,21,52,-31
115000633,79,914,-835
115000634,683,304,379
115000635,39,26,13
115000638,675,263,412
115000641,37,81,-44
115000642,97,77,20
115000643,33,332,-299
115000644,84,261,-177
115000646,338,495,-157
115000647,72,295,-223
115000648,233,1079,-846
115000893,617,103,514
115000894,36,855,-819
115000895,124,625,-501
115000896,153,61,92
115000897,92,18,74
115000898,231,20,211
115000899,733,474,259
115000900,29,210,-181
115000901,54,40,14
115000912,27,5,22
115000913,2,22,-20
115000915,4,0,4
115000916,0,0,0
115000917,0,0,0
115000918,0,0,0
115000919,0,0,0
115000920,3,17,-14
115000921,1211,29,1182
115000922,127,48,79
115000923,252,414,-162
115000925,20,37,-17
115000927,4,9,-5
115000933,151,73,78
115000934,19,107,-88
115000935,16,45,-29
115000936,0,0,0
115000937,645,39,606
115000938,21,50,-29
115000939,33,50,-17
115900001,2,63,-61
115900002,40,91,-51
115900003,16,36,-20
115900004,0,23,-23
115900005,12,3,9
115900006,20,250,-230
115900008,3,4,-1
115900009,22,194,-172
115900010,22,56,-34
115900011,33,171,-138
115900012,1,69,-68
115900013,94,56,38
115900014,66,127,-61
115900015,1,44,-43
115900016,10,4,6
115900017,0,0,0
115900018,128,40,88
115900019,167,13,154
115900020,5,0,5
115900021,1207,42,1165
115900022,1382,3,1379
115900023,0,0,0
115900025,59,56,3
115900026,697,167,530
115900027,0,378,-378
115900028,377,39,338
115900029,3,371,-368
115900030,2,0,2
115900031,124,43,81
115900032,120,299,-179
115900033,0,37,-37
115900034,8,432,-424
115900035,10,48,-38
115900036,94,87,7
115900037,4,379,-375
115900038,0,0,0
115900039,33,215,-182
115900041,77,102,-25
115900042,4,1,3
115900043,13,102,-89
115900044,50,62,-12
115900046,28,181,-153
115900047,12,3,9
115900049,26,99,-73
115900051,0,30,-30
115900052,10,289,-279
115900053,23,185,-162
115900054,8,40,-32
115900055,7,150,-143
115900056,17,265,-248
115900057,0,0,0
115900058,43,65,-22
115900060,49,55,-6
115900061,9,0,9
115900062,4,241,-237
115900063,35,5,30
115900064,113,96,17
115900065,5,75,-70
115900066,127,128,-1
115900067,2,697,-695
115900068,3545,32,3513
115900069,35,93,-58
115900070,23,137,-114
115900071,2,655,-653
115900072,58,179,-121
115900073,2,7,-5
115900074,2,373,-371
115900075,23,249,-226
115900076,0,51,-51
115900077,3,272,-269
115900078,6,100,-94
115900079,15,6,9
115900080,137,67,70
115900081,5,85,-80
115900082,35,120,-85
115900084,29,10,19
115900085,33,14,19
115900086,956,246,710
115900088,6,3,3
115900089,33,783,-750
115900090,56,16,40
115900091,1,14,-13
115900092,5,193,-188
115900093,0,34,-34
115900094,3,408,-405
115900096,0,7,-7
115900097,2,494,-492
115900098,27,397,-370
115900099,3,67,-64
115900100,0,355,-355
115900101,43,288,-245
115900102,0,43,-43
115900103,63,183,-120
115900104,7,106,-99
115900105,27,399,-372
115900106,4,6,-2
115900107,3,128,-125
115900108,11,6,5
115900109,18,253,-235
115900110,1,6,-5
115900111,1,132,-131
115900112,10,583,-573
115900113,4,2,2
115900114,0,167,-167
115900115,8,60,-52
115900116,34,758,-724
115900117,8,3,5
115900118,0,382,-382
115900119,6,37,-31
115900120,3,246,-243
115900121,20,134,-114
115900124,17,72,-55
115900125,64,4,60
115900126,118,7,111
115900127,101,8,93
115900128,1,42,-41
115900129,126,6,120
115900130,56,108,-52
115900131,19,5,14
115900132,20,4,16
115900134,29,3,26
115900135,377,214,163
115900137,2,0,2
115900139,69,17,52
115900140,12,23,-11
115900141,9,22,-13
115900142,7,6,1
115900143,12,138,-126
115900144,8,110,-102
115900146,2,104,-102
115900147,61,56,5
115900148,0,2,-2
115900149,5,22,-17
115900150,0,46,-46
115900151,2,30,-28
115900152,15,229,-214
115900153,19,141,-122
115900154,235,124,111
115900155,0,47,-47
115900156,210,351,-141
115900157,6,175,-169
115900158,16,3,13
115900159,4,120,-116
115900160,2,0,2
115900161,10,76,-66
115900163,22,43,-21
115900164,24,48,-24
115900166,63,117,-54
115900168,13,103,-90
115900171,8,157,-149
115900172,5,75,-70
115900173,40,44,-4
115900174,117,67,50
115900175,23,80,-57
115900178,6,576,-570
115900179,17,8,9
115900180,16,188,-172
115900181,11,263,-252
115900182,56,224,-168
115900183,41,3,38
115900184,223,4,219
115900187,6,74,-68
115900189,0,34,-34
115900190,167,129,38
115900191,29,306,-277
115900192,3,40,-37
115900193,19,6,13
115900194,90,7,83
115900195,134,181,-47
115900198,49,124,-75
115900199,42,132,-90
115900200,117,165,-48
115900201,34,233,-199
115900202,0,4,-4
115900203,1,1,0
115900204,0,0,0
115900205,1,1,0
115900206,7,107,-100
115900207,6,5,1
115900208,8,202,-194
115900209,0,72,-72
115900210,3,109,-106
115900211,1,128,-127
115900212,21,146,-125
115900213,3,4,-1
115900214,72,235,-163
115900215,9,3,6
115900216,1,124,-123
115900217,0,104,-104
115900218,2,60,-58
115900219,3,3,0
115900220,5,11,-6
115900221,4,1,3
115900222,4,0,4
115900223,2,16,-14
115900224,575,30,545
115900225,53,12,41
115900226,3,21,-18
115900227,2,10,-8
115900228,2,16,-14
115900229,6,13,-7
115900230,16,42,-26
115900231,9,2,7
115900232,4,1,3
115900233,8,0,8
115900234,13,5,8
115900235,0,5,-5
115900236,0,9,-9
115900237,0,57,-57
115900238,3,21,-18
115900239,0,43,-43
115900240,1,77,-76
115900241,14,43,-29
115900242,46,20,26
115900243,0,2,-2
115900244,0,8,-8
115900245,4,10,-6
115900246,1,0,1
115900247,7,2,5
115900248,2,0,2
115900249,4,0,4
115900250,0,4,-4
115900251,0,0,0
115900252,0,2,-2
115900253,4,3,1
115900254,5,8,-3
115900255,1,11,-10
115900256,13,8,5
115900257,0,2,-2
115900258,0,0,0
115900259,1,1,0
115900260,8,1,7
115900261,2,1,1
115900262,1,0,1
115900263,1,2,-1
115900264,0,3,-3
115900265,0,5,-5
115900266,1,1,0
115900267,0,0,0
115900268,1,1,0
115900269,53,266,-213
115900270,38,556,-518
115900271,8,0,8
115900272,1,0,1
115900273,2,5,-3
115900274,1,11,-10
115900275,1,17,-16
115900276,1,77,-76
115900277,0,127,-127
115900278,2,59,-57
115900279,5,64,-59
115900280,7,40,-33
115900281,273,40,233
115900282,8,4,4
115900283,0,0,0
115900284,1,5,-4
116000001,16821,3098,13723
116000002,1529,1540,-11
116000003,951,1476,-525
116000004,551,719,-168
116000005,1026,1762,-736
116000006,610,462,148
116000007,2121,3014,-893
116000008,1586,723,863
116000009,832,2050,-1218
116000010,408,396,12
116000011,345,1165,-820
116000012,221,312,-91
116000013,13584,2611,10973
116000014,16400,2438,13962
116000015,316,291,25
116000016,5770,614,5156
116000017,41,257,-216
116000018,450,263,187
116000019,112,166,-54
116000020,147,923,-776
116000021,62,119,-57
116000022,76,241,-165
116000023,215,250,-35
116000024,274,1058,-784
116000025,193,305,-112
116000026,735,1475,-740
116000027,408,324,84
116000028,105,104,1
116000029,677,308,369
116000030,36,42,-6
116000031,90,96,-6
116000032,22,252,-230
116000033,16,178,-162
116000034,48,286,-238
116000035,80,393,-313
116000036,734,158,576
116000037,132,85,47
116000038,82,51,31
116000039,371,202,169
116000040,252,52,200
116000041,91,450,-359
116000042,112,60,52
116000043,35,369,-334
116000044,3,39,-36
116000045,185,226,-41
116000046,593,479,114
116000047,1051,1124,-73
116000048,426,551,-125
116000049,204,581,-377
116000050,595,901,-306
116000051,473,460,13
116000052,1535,1864,-329
116000053,342,208,134
116000054,306,1311,-1005
116000055,118,920,-802
116000056,95,297,-202
116000057,1802,1277,525
116000058,1539,830,709
116000059,1022,1218,-196
116000060,2112,484,1628
116000061,254,296,-42
116000062,248,132,116
116000063,136,370,-234
116000066,9,55,-46
116000067,147,556,-409
116000068,24,22,2
116000069,111,333,-222
116000078,46,340,-294
116000080,423,705,-282
116000082,3,88,-85
116000083,419,188,231
116000084,1046,2216,-1170
116000085,998,434,564
116000086,972,924,48
116000087,616,499,117
116000088,448,809,-361
116000089,43,65,-22
116000090,45,55,-10
116000091,71,65,6
116000093,1251,332,919
116000094,166,510,-344
116000095,233,376,-143
116000096,214,803,-589
116000097,143,498,-355
116000098,173,2136,-1963
116000099,5301,221,5080
116000100,43,17,26
116000101,160,1095,-935
116000102,65,882,-817
116000103,74,122,-48
116000104,32,1125,-1093
116000105,158,122,36
116000106,43,937,-894
116000107,215,395,-180
116000108,25,84,-59
116000111,17,7,10
116000113,29,27,2
116000114,19,91,-72
116000115,92,20,72
116000116,130,534,-404
116000117,318,701,-383
116000118,423,1313,-890
116000119,459,659,-200
116000120,1203,3839,-2636
116000121,235,198,37
116000122,739,2372,-1633
116000123,156,198,-42
116000124,143,1003,-860
116000125,376,277,99
116000126,180,1175,-995
116000127,610,1311,-701
116000128,506,311,195
116000129,158,121,37
116000130,60,93,-33
116000133,115,623,-508
116000134,331,2083,-1752
116000135,390,836,-446
116000136,263,1505,-1242
116000137,156,350,-194
116000138,1248,205,1043
116000139,678,1272,-594
116000140,35,177,-142
116000141,160,625,-465
116000142,2475,2574,-99
116000143,817,648,169
116000144,686,2296,-1610
116000145,521,960,-439
116000146,48,170,-122
116000147,75,32,43
116000148,91,275,-184
116000149,110,302,-192
116000151,238,917,-679
116000153,14,77,-63
116000155,20,91,-71
116000156,1262,721,541
116000157,3,12,-9
116000158,36,320,-284
116000159,1,2,-1
116000160,5,111,-106
116000161,11,80,-69
116000162,44,26,18
116000163,4,3,1
116000164,1,9,-8
116000177,5,64,-59
116000194,29,310,-281
116000195,424,365,59
116000196,4,0,4
116000197,0,7,-7
116000198,646,391,255
116000200,398,99,299
116000201,286,441,-155
116000202,1,212,-211
116000203,1,75,-74
116000204,9,23,-14
116000205,1,167,-166
116000206,0,102,-102
116000207,0,41,-41
116000233,70,731,-661
116000287,30,437,-407
116000288,42,163,-121
116000292,6,221,-215
116000296,2,140,-138
116000297,17,1,16
116000304,19,26,-7
116000305,1,65,-64
116000346,33,227,-194
116000352,9,56,-47
116000354,5,7,-2
116000357,1,3,-2
116000358,28,7,21
116000361,84,7,77
116000372,7712,1138,6574
116000381,48,20,28
116000388,0,35,-35
116000389,122,319,-197
116000445,60,816,-756
116000446,74,563,-489
116000447,5,284,-279
116000448,286,149,137
116000563,121,107,14
116000565,113,378,-265
116000568,8,40,-32
116000579,9,107,-98
116000584,2,12,-10
116000585,12,13,-1
116000586,146,38,108
116000587,2,233,-231
116000589,8,96,-88
116000590,6,4,2
116000591,23,175,-152
116000592,14,87,-73
116000593,0,17,-17
116000594,73,531,-458
116000595,117,173,-56
116000596,17,9,8
116000597,49,23,26
116000598,2,249,-247
116000602,56,44,12
116000605,58,116,-58
116000606,4,34,-30
116000607,3,43,-40
116000609,64,306,-242
116000611,10,534,-524
116000612,237,1008,-771
116000613,97,200,-103
116000614,284,825,-541
116000615,0,69,-69
116000616,20,117,-97
116000617,17,103,-86
116000618,1,199,-198
116000619,6,31,-25
116000620,0,0,0
116000621,0,7,-7
116000622,0,2,-2
116000624,7,47,-40
116000627,8,38,-30
116000628,15,926,-911
116000629,17,539,-522
116000630,44,94,-50
116000631,18,60,-42
116000632,62,612,-550
116000633,6,533,-527
116000634,66,21,45
116000635,954,393,561
116000636,409,415,-6
116000637,41,15,26
116000638,4,430,-426
116900001,38,82,-44
116900002,160,0,160
116900003,2,77,-75
116900004,13,2,11
116900005,21,49,-28
116900006,102,57,45
116900007,39,99,-60
116900008,73,470,-397
116900009,7,0,7
116900010,2,1537,-1535
116900011,11,14,-3
116900012,67,131,-64
116900013,3,141,-138
116900014,5,266,-261
116900015,27,38,-11
116900016,22,0,22
116900017,3,562,-559
116900018,9,9,0
116900019,0,343,-343
116900020,1266,88,1178
116900023,11,5,6
116900024,31,61,-30
116900025,40,801,-761
116900026,68,455,-387
116900027,5,16,-11
116900028,2,85,-83
116900029,0,9,-9
116900031,2,3,-1
116900032,0,218,-218
116900033,0,3,-3
116900034,4,66,-62
116900035,40,161,-121
116900036,1,64,-63
116900038,0,1,-1
116900041,5,8,-3
116900042,828,133,695
116900043,1,49,-48
116900047,84,24,60
116900049,26,177,-151
116900050,25,258,-233
116900051,5,191,-186
116900052,39,31,8
116900055,0,2,-2
116900057,4,248,-244
116900058,23,302,-279
116900059,0,99,-99
116900060,45,232,-187
116900062,0,0,0
116900064,19,873,-854
116900065,4,70,-66
116900067,17,48,-31
116900068,50,441,-391
116900070,0,2,-2
116900072,7,397,-390
116900073,2,165,-163
116900074,0,38,-38
116900076,1,12,-11
116900077,4,144,-140
116900078,155,85,70
116900079,1,256,-255
116900080,0,9,-9
116900081,93,885,-792
116900082,145,586,-441
116900083,5,47,-42
116900084,31,19,12
116900085,11,115,-104
116900086,24,190,-166
116900088,129,19,110
116900090,105,25,80
116900091,31,95,-64
116900092,22,594,-572
116900093,1558,679,879
116900094,4581,923,3658
116900095,25,149,-124
116900096,39,37,2
116900097,1876,420,1456
116900098,879,54,825
116900099,228,203,25
116900100,114,4,110
116900101,135,535,-400
116900103,0,0,0
116900104,17,61,-44
116900105,88,15,73
116900106,180,304,-124
116900107,3049,366,2683
116900110,1,1,0
116900111,55,930,-875
116900112,19,522,-503
116900113,1902,359,1543
116900116,28,80,-52
116900117,9,53,-44
116900118,955,256,699
116900120,44,44,0
116900121,10,25,-15
116900122,134,843,-709
116900123,35,807,-772
116900124,38,581,-543
116900125,63,136,-73
116900126,129,290,-161
116900128,0,51,-51
116900129,0,247,-247
116900130,877,873,4
116900131,25,87,-62
116900132,5,44,-39
116900133,9,63,-54
116900134,82,144,-62
116900136,22,115,-93
116900137,80,156,-76
116900138,48,145,-97
116900139,26,275,-249
116900140,68,166,-98
116900141,183,297,-114
116900142,0,7,-7
116900143,49,408,-359
116900144,8,7,1
116900145,16,288,-272
116900147,257,188,69
116900148,0,5,-5
116900149,12,32,-20
116900150,3,2,1
116900151,15,9,6
116900153,4,38,-34
116900154,58,67,-9
116900155,7,17,-10
116900157,51,186,-135
116900158,8,37,-29
116900159,16,116,-100
116900160,319,116,203
116900161,6682,1133,5549
116900162,1,74,-73
116900163,9,155,-146
116900164,10,18,-8
116900165,54,33,21
116900166,1,47,-46
116900167,59,51,8
116900168,42,60,-18
116900169,141,65,76
116900170,86,112,-26
116900171,6,162,-156
116900172,92,25,67
116900173,16,42,-26
116900174,5,7,-2
116900175,37,38,-1
116900178,0,134,-134
116900179,37,24,13
116900180,16,18,-2
116900182,121,167,-46
116900183,44,40,4
116900185,1,16,-15
116900186,48,246,-198
116900187,4,6,-2
116900188,17,21,-4
116900189,7,0,7
116900191,112,177,-65
116900192,59,79,-20
116900194,9,178,-169
116900195,7,8,-1
116900196,3,123,-120
116900197,15,1,14
116900198,213,69,144
116900200,5,71,-66
116900201,6,2,4
116900202,38,30,8
116900203,39,2,37
116900204,4,22,-18
116900205,0,0,0
116900206,1,26,-25
116900207,1,21,-20
116900208,4,84,-80
116900209,2,90,-88
116900210,140,137,3
116900211,75,6,69
116900212,2,65,-63
116900213,44,86,-42
116900214,14,99,-85
116900215,3,46,-43
116900216,58,323,-265
116900218,6,250,-244
116900219,488,291,197
116900220,16,130,-114
116900221,21,169,-148
116900222,114,123,-9
116900223,29,102,-73
116900226,3,56,-53
116900227,33,50,-17
116900228,102,260,-158
116900230,8,284,-276
116900231,5,345,-340
116900232,3,285,-282
116900233,24,25,-1
116900234,0,0,0
116900235,44,230,-186
116900238,812,194,618
116900239,4,271,-267
116900240,4313,786,3527
116900241,7,232,-225
116900242,220,81,139
116900243,3,36,-33
116900245,15,4,11
116900246,6,2,4
116900247,49,9,40
116900248,17,16,1
116900249,17,32,-15
116900250,34,27,7
116900251,147,32,115
116900252,9,704,-695
116900253,9,31,-22
116900254,2,56,-54
116900255,20,8,12
116900256,31,48,-17
116900257,2,522,-520
116900258,1,354,-353
116900259,10,4,6
116900260,1,116,-115
116900261,5,0,5
116900262,32,106,-74
116900263,0,1,-1
116900264,2,0,2
116900265,3,0,3
116900266,0,42,-42
116900267,0,0,0
116900268,0,0,0
116900269,84,192,-108
116900271,2250,48,2202
116900272,271,435,-164
116900273,112,14,98
116900274,6,36,-30
116900275,14,67,-53
116900276,835,16,819
116900277,295,4,291
116900278,1,7,-6
116900279,0,9,-9
116900280,4,12,-8
116900281,5294,751,4543
116900282,0,86,-86
116900283,3,68,-65
116900284,3,137,-134
116900285,166,28,138
116900286,88,1,87
116900287,3,68,-65
116900288,12,69,-57
116900289,4,35,-31
116900290,0,33,-33
116900291,0,12,-12
116900292,0,0,0
116900293,5,87,-82
116900294,12,55,-43
116900295,94,4,90
116900296,3,6,-3
116900297,4,13,-9
116900298,18,11,7
116900299,6,17,-11
116900300,8,56,-48
116900301,5,27,-22
116900302,27,16,11
116900303,325,17,308
116900304,0,72,-72
116900305,3,10,-7
116900306,10,73,-63
117000001,402,545,-143
117000002,720,2934,-2214
117000003,1750,1009,741
117000004,2242,3196,-954
117000005,383,655,-272
117000006,378,3111,-2733
117000007,793,434,359
117000008,760,3198,-2438
117000009,1507,558,949
117000010,1308,2523,-1215
117000011,293,680,-387
117000012,453,1590,-1137
117000013,314,527,-213
117000014,279,1712,-1433
117000015,1160,502,658
117000016,131,45,86
117000017,96,97,-1
117000018,44,187,-143
117000019,0,0,0
117000020,403,558,-155
117000021,1899,120,1779
117000022,124,36,88
117000023,148,57,91
117000024,187,82,105
117000025,342,453,-111
117000026,329,123,206
117000027,950,768,182
117000028,37,89,-52
117000030,231,281,-50
117000031,61,16,45
117000032,953,715,238
117000033,427,362,65
117000034,70,184,-114
117000035,33,33,0
117000036,83,186,-103
117000037,17,37,-20
117000038,23,215,-192
117000039,69,134,-65
117000040,34,1331,-1297
117000041,110,49,61
117000044,14,1105,-1091
117000045,73,18,55
117000046,177,777,-600
117000047,69,103,-34
117000048,1324,965,359
117000049,74,229,-155
117000050,41,2522,-2481
117000051,539,140,399
117000052,5,595,-590
117000053,55,60,-5
117000054,288,1,287
117000055,8,3011,-3003
117000056,113,2,111
117000057,429,1414,-985
117000060,220,1542,-1322
117000061,260,220,40
117000062,68,371,-303
117000063,235,165,70
117000064,566,594,-28
117000066,735,382,353
117000067,18,172,-154
117000074,44,48,-4
117000076,33,17,16
117000077,43,36,7
117000078,22,281,-259
117000079,17,61,-44
117000080,0,295,-295
117000081,166,46,120
117000082,10,36,-26
117000083,6,1,5
117000084,4,0,4
117000085,38,243,-205
117000086,290,458,-168
117000087,73,297,-224
117000088,51,45,6
117000089,444,118,326
117000090,93,1488,-1395
117000091,132,97,35
117000092,148,1740,-1592
117000093,181,172,9
117000094,303,2056,-1753
117000095,384,269,115
117000096,301,2358,-2057
117000097,274,434,-160
117000098,1725,4649,-2924
117000099,611,269,342
117000100,57,100,-43
117000101,166,1023,-857
117000102,271,181,90
117000103,583,1433,-850
117000104,239,190,49
117000105,390,1716,-1326
117000106,157,155,2
117000107,234,1982,-1748
117000108,217,255,-38
117000109,964,2801,-1837
117000110,272,214,58
117000111,989,1592,-603
117000112,654,763,-109
117000113,41,265,-224
117000114,7,22,-15
117000115,32,160,-128
117000116,22,77,-55
117000117,495,98,397
117000118,48,102,-54
117000119,12,15,-3
117000120,26,10,16
117000121,16,64,-48
117000122,231,176,55
117000123,541,11,530
117000124,57,3,54
117000125,90,20,70
117000126,19,19,0
117000127,65,196,-131
117000128,147,249,-102
117000129,123,107,16
117000130,0,1,-1
117000131,0,192,-192
117000132,283,152,131
117000133,238,151,87
117000134,0,78,-78
117000135,6,22,-16
117000136,0,39,-39
117000137,12,24,-12
117000138,3,216,-213
117000140,217,1459,-1242
117000141,289,169,120
117000181,664,140,524
117000182,78,54,24
117000195,70,1127,-1057
117000196,23,20,3
117000225,37,0,37
117000226,6,41,-35
117000276,38,3,35
117000277,1,487,-486
117000310,1606,1359,247
117000315,7,132,-125
117000320,0,0,0
117000906,27,1,26
117000907,3,430,-427
117000908,18,10,8
117000909,15,15,0
117000910,110,94,16
117000911,84,112,-28
117000915,9,513,-504
117000916,3,0,3
117000917,134,5,129
117000918,10,12,-2
117000919,3,84,-81
117000920,2,1478,-1476
117000921,7,2239,-2232
117000922,0,0,0
117000924,108,200,-92
117000926,831,52,779
117000927,46,112,-66
117000928,3,265,-262
117000929,40,447,-407
117000930,34,28,6
117000931,101,27,74
117900002,77,269,-192
117900003,535,99,436
117900005,1,24,-23
117900006,0,24,-24
117900007,18,150,-132
117900008,0,27,-27
117900010,38,143,-105
117900011,3,12,-9
117900012,7,184,-177
117900013,0,269,-269
117900014,70,307,-237
117900015,6,231,-225
117900016,633,153,480
117900017,72,444,-372
117900018,102,13,89
117900019,57,518,-461
117900020,25,52,-27
117900021,14,113,-99
117900022,6,5,1
117900023,472,26,446
117900024,44,159,-115
117900025,16,7,9
117900026,60,440,-380
117900028,8,0,8
117900029,53,840,-787
117900030,67,83,-16
117900031,21,35,-14
117900032,71,78,-7
117900033,37,840,-803
117900034,29,43,-14
117900035,46,10,36
117900036,58,675,-617
117900037,11,83,-72
117900038,4,400,-396
117900039,6,78,-72
117900040,60,464,-404
117900041,0,49,-49
117900042,3447,318,3129
117900043,17,46,-29
117900044,22,471,-449
117900045,20,26,-6
117900048,64,267,-203
117900049,27,572,-545
117900050,3,15,-12
117900051,3,0,3
117900052,11,72,-61
117900053,324,583,-259
117900054,1,25,-24
117900055,61,38,23
117900056,121,8,113
117900057,411,853,-442
117900058,30,5,25
117900059,41,23,18
117900060,217,4224,-4007
117900061,0,56,-56
117900063,33,126,-93
117900065,375,716,-341
117900066,1,17,-16
117900067,61,262,-201
117900069,131,391,-260
117900070,26,0,26
117900071,31,98,-67
117900073,87,338,-251
117900074,14,2,12
117900075,4,69,-65
117900076,3,20,-17
117900077,34,30,4
117900078,87,168,-81
117900080,15,30,-15
117900081,321,246,75
117900082,88,110,-22
117900083,39,602,-563
117900086,12,33,-21
117900087,2,23,-21
117900088,1811,1045,766
117900089,450,103,347
117900090,56,640,-584
117900091,50,49,1
117900092,7,19,-12
117900093,9,30,-21
117900094,20,0,20
117900095,46,552,-506
117900096,25,124,-99
117900097,10,19,-9
117900098,10,2,8
117900099,15,351,-336
117900100,20,0,20
117900101,258,410,-152
117900102,7,22,-15
117900103,5,0,5
117900104,2,64,-62
117900105,34,74,-40
117900106,6,14,-8
117900107,12,0,12
117900109,71,166,-95
117900110,10,0,10
117900111,20,3,17
117900112,6,1,5
117900113,2182,580,1602
117900114,0,0,0
117900115,54,15,39
117900116,494,366,128
117900117,174,216,-42
117900118,7,0,7
117900119,19,326,-307
117900120,14,64,-50
117900121,3,19,-16
117900122,518,351,167
117900123,110,792,-682
117900124,180,295,-115
117900125,488,417,71
117900126,147,379,-232
117900127,148,496,-348
117900128,87,772,-685
117900129,5,0,5
117900130,246,182,64
117900131,0,58,-58
117900132,2,73,-71
117900133,1,136,-135
117900134,13,145,-132
117900135,7,197,-190
117900136,0,34,-34
117900137,14,305,-291
117900138,0,47,-47
117900139,8,75,-67
117900140,4045,47,3998
117900141,70,200,-130
117900142,6,2,4
117900144,19,28,-9
117900145,11,1,10
117900146,68,52,16
117900147,4,28,-24
117900148,1543,525,1018
117900149,10,89,-79
117900150,9,110,-101
117900151,7,191,-184
117900152,19,62,-43
117900153,4,79,-75
117900154,95,447,-352
117900156,302,273,29
117900157,9,140,-131
117900158,20,23,-3
117900160,214,160,54
117900161,1900,1671,229
117900162,27,143,-116
117900163,40,1,39
117900165,0,14,-14
117900166,17,42,-25
117900168,47,103,-56
117900169,2,82,-80
117900170,1,20,-19
117900171,0,11,-11
117900172,2,17,-15
117900173,116,27,89
117900174,6,19,-13
117900175,2,23,-21
117900176,3,34,-31
117900177,6,62,-56
117900178,42,28,14
117900180,222,22,200
117900181,55,36,19
117900182,0,7,-7
117900183,4,48,-44
117900184,0,9,-9
117900185,2,14,-12
117900186,3,17,-14
117900187,2,3,-1
117900188,28,12,16
117900189,19,4,15
117900190,0,0,0
117900191,2,0,2
117900192,15,6,9
117900193,4,49,-45
117900194,0,0,0
117900195,0,2,-2
117900196,2,6,-4
117900207,26,13,13
117900208,12,24,-12
117900209,44,43,1
117900210,58,78,-20
117900211,4,143,-139
117900212,31,86,-55
117900213,1,2,-1
117900214,3,69,-66
117900215,0,4,-4
117900216,5,2,3
117900217,18,28,-10
117900218,161,21,140
117900219,0,26,-26
117900220,11,6,5
117900222,73,175,-102
117900223,51,95,-44
118000001,204,181,23
118000002,803,1109,-306
118000003,417,448,-31
118000004,1291,1006,285
118000005,1833,779,1054
118000006,6055,2464,3591
118000007,2200,1083,1117
118000008,1816,1267,549
118000009,999,1606,-607
118000010,1802,2260,-458
118000011,279,1939,-1660
118000012,323,2096,-1773
118000013,2018,1919,99
118000014,874,2357,-1483
118000016,174,349,-175
118000017,58,136,-78
118000018,148,348,-200
118000019,849,562,287
118000020,1030,629,401
118000021,576,961,-385
118000022,1515,241,1274
118000023,741,134,607
118000024,870,279,591
118000027,11916,1961,9955
118000029,909,207,702
118000032,559,469,90
118000033,1021,837,184
118000034,2762,1095,1667
118000035,514,652,-138
118000036,300,611,-311
118000037,223,510,-287
118000038,58,165,-107
118000039,34,175,-141
118000040,354,1770,-1416
118000041,557,897,-340
118000045,325,39,286
118000046,653,315,338
118000047,739,216,523
118000048,1535,565,970
118000051,608,284,324
118000052,374,289,85
118000053,118,153,-35
118000054,611,448,163
118000055,388,371,17
118000056,25,80,-55
118000057,56,103,-47
118000058,767,342,425
118000059,436,395,41
118000060,180,546,-366
118000061,216,634,-418
118000062,163,108,55
118000063,137,244,-107
118000064,391,635,-244
118000065,2375,598,1777
118000066,398,331,67
118000067,655,408,247
118000068,922,1339,-417
118000069,1338,563,775
118000070,4857,653,4204
118000071,2109,1747,362
118000072,869,671,198
118000073,1072,185,887
118000074,68,175,-107
118000075,208,215,-7
118000076,372,530,-158
118000077,708,682,26
118000078,535,794,-259
118000079,157,149,8
118000080,619,526,93
118000081,512,507,5
118000082,126,456,-330
118000083,1638,586,1052
118000084,1460,712,748
118000086,80,303,-223
118000087,4494,1278,3216
118000088,1004,979,25
118000089,2756,1461,1295
118000090,1601,924,677
118000091,1203,740,463
118000092,1020,202,818
118000093,81,385,-304
118000096,216,305,-89
118000097,178,311,-133
118000098,112,122,-10
118000099,106,716,-610
118000101,234,198,36
118000102,87,901,-814
118000107,2701,158,2543
118000108,62,174,-112
118000110,0,6,-6
118000111,3,521,-518
118000112,0,0,0
118000113,9,1014,-1005
118000114,0,0,0
118000115,1,1,0
118000116,8,0,8
118000117,545,509,36
118000118,205,299,-94
118000119,220,569,-349
118000120,742,1079,-337
118000121,15,256,-241
118000122,283,77,206
118000123,20,204,-184
118000125,765,872,-107
118000126,185,787,-602
118000127,532,239,293
118000128,294,735,-441
118000129,161,106,55
118000130,2004,3027,-1023
118000131,214,765,-551
118000132,598,456,142
118000133,163,331,-168
118000135,41,38,3
118000136,58,399,-341
118000137,263,42,221
118000138,57,420,-363
118000139,67,83,-16
118000140,1082,1187,-105
118000141,456,802,-346
118000142,577,1474,-897
118000143,317,411,-94
118000144,732,558,174
118000145,636,2030,-1394
118000146,451,1026,-575
118000147,347,1421,-1074
118000148,94,780,-686
118000149,268,807,-539
118000150,82,63,19
118000151,38,171,-133
118000153,245,524,-279
118000154,176,758,-582
118000155,239,531,-292
118000156,1279,1140,139
118000157,154,220,-66
118000158,43,319,-276
118000159,0,3,-3
118000160,54,118,-64
118000161,145,712,-567
118000162,280,412,-132
118000163,156,413,-257
118000164,809,604,205
118000168,1247,129,1118
118000169,494,1384,-890
118000170,1899,4350,-2451
118000171,39,150,-111
118000172,5,52,-47
118000173,299,616,-317
118000175,77,115,-38
118000176,56,108,-52
118000177,47,164,-117
118000178,26,15,11
118000179,564,160,404
118000180,213,262,-49
118000181,367,201,166
118000182,118,158,-40
118000183,96,111,-15
118000184,89,421,-332
118000185,829,361,468
118000186,389,420,-31
118000187,277,797,-520
118000188,85,187,-102
118000189,76,648,-572
118000190,1,2,-1
118000191,13,16,-3
118000192,14,55,-41
118000193,11,81,-70
118000194,1056,324,732
118000195,375,245,130
118000196,72,37,35
118000197,59,53,6
118000198,222,132,90
118000199,178,141,37
118000200,6,25,-19
118000201,159,149,10
118000202,2,4,-2
118000203,632,116,516
118000204,141,65,76
118000205,221,112,109
118000206,38,73,-35
118000207,0,85,-85
118000208,287,599,-312
118000209,755,1186,-431
118000210,1,7,-6
118000211,1,8,-7
118000213,156,282,-126
118000214,318,155,163
118000215,101,195,-94
118000216,5,469,-464
118000217,5,56,-51
118000218,9,59,-50
118000219,149,144,5
118000220,0,7,-7
118000221,38,139,-101
118000222,110,23,87
118000223,4,12,-8
118000224,95,68,27
118000225,28,732,-704
118000226,75,24,51
118000227,452,93,359
118000228,80,61,19
118000229,9,3,6
118000230,19,180,-161
118000231,17,159,-142
118000232,175,732,-557
118000233,233,395,-162
118000234,59,217,-158
118000236,94,481,-387
118000237,22,626,-604
118000238,58,321,-263
118000239,46,131,-85
118000240,381,40,341
118000241,20,206,-186
118000242,92,552,-460
118000243,50,172,-122
118000244,8,155,-147
118000246,0,7,-7
118000255,8,136,-128
118000256,25,115,-90
118000259,1,22,-21
118000260,19,47,-28
118000261,8,58,-50
118000263,14,152,-138
118000266,82,339,-257
118000267,0,88,-88
118000268,6,5,1
118000270,5,19,-14
118000271,33,192,-159
118000272,29,16,13
118000273,25,109,-84
118000274,60,295,-235
118000276,90,198,-108
118000295,3,45,-42
118000298,55,370,-315
118000299,29,143,-114
118000301,0,27,-27
118000302,14,44,-30
118000311,24,121,-97
118000312,31,208,-177
118000313,10,139,-129
118000314,7,67,-60
118000315,20,48,-28
118000316,112,379,-267
118000325,8,61,-53
118000326,2,15,-13
118000331,4,62,-58
118000332,2,47,-45
118000333,3,60,-57
118000335,0,0,0
118000336,0,382,-382
118000407,20,39,-19
118000457,9,24,-15
118000465,2034,1057,977
118000480,3,97,-94
118000489,3,39,-36
118000490,32,309,-277
118000492,48,148,-100
118000510,23,17,6
118000514,51,210,-159
118000515,92,73,19
118000517,295,125,170
118000524,539,75,464
118000525,454,530,-76
118000530,12,74,-62
118000531,45,132,-87
118000532,49,239,-190
118000533,112,104,8
118000534,125,253,-128
118000535,47,61,-14
118000536,123,125,-2
118000537,6,31,-25
118000538,3,94,-91
118000539,1,48,-47
118000540,63,250,-187
118000541,45,104,-59
118000542,13,92,-79
118000543,39,102,-63
118000546,17,31,-14
118000553,0,0,0
118000557,0,0,0
118000560,2623,262,2361
118000562,6,203,-197
118000563,886,646,240
118000576,76,165,-89
118000577,111,72,39
118000578,60,80,-20
118000579,406,418,-12
118000583,0,0,0
118000595,63,39,24
118000596,0,50,-50
118000597,31,85,-54
118000598,1,0,1
118000599,10,19,-9
118000600,1,2,-1
118000601,0,0,0
118000602,1,2,-1
118000603,0,47,-47
118900001,553,215,338
118900002,673,211,462
118900003,17,11,6
118900004,1,51,-50
118900005,13,0,13
118900006,1,0,1
118900007,2,5,-3
118900008,620,24,596
118900009,1,1,0
118900010,1,0,1
118900011,23,10,13
118900012,93,113,-20
118900013,109,5,104
118900015,25,10,15
118900016,0,16,-16
118900017,6,12,-6
118900018,258,2,256
118900019,34,2,32
118900020,15,37,-22
118900021,46,212,-166
118900022,73,75,-2
118900023,16,23,-7
118900024,7,56,-49
118900025,3,1,2
118900026,27,61,-34
118900027,98,41,57
118900028,37,127,-90
118900029,25,159,-134
118900030,4,1,3
118900031,48,101,-53
118900032,3,59,-56
118900033,95,258,-163
118900034,1,0,1
118900035,43,245,-202
118900036,225,420,-195
118900037,24,76,-52
118900038,57,320,-263
118900039,61,71,-10
118900040,48,93,-45
118900041,25,57,-32
118900042,32,60,-28
118900045,40,73,-33
118900046,747,82,665
118900047,546,127,419
118900048,16,56,-40
118900049,14,4,10
118900050,3,172,-169
118900051,1,20,-19
118900052,12,120,-108
118900053,5,10,-5
118900054,13,76,-63
118900055,8,98,-90
118900056,2,38,-36
118900057,40,151,-111
118900058,64,271,-207
118900059,2,10,-8
118900060,5,71,-66
118900062,25,130,-105
118900064,352,100,252
118900065,8,52,-44
118900066,10,18,-8
118900067,6889,1076,5813
118900068,1,25,-24
118900069,51,168,-117
118900071,0,26,-26
118900072,96,179,-83
118900073,29,52,-23
118900074,27,55,-28
118900075,10,35,-25
118900076,53,29,24
118900077,45,70,-25
118900078,6,1,5
118900079,32,74,-42
118900080,7,46,-39
118900081,18,8,10
118900082,106,68,38
118900083,14,10,4
118900084,0,5,-5
118900085,156,620,-464
118900086,2,18,-16
118900087,10,56,-46
118900088,0,19,-19
118900089,11,4,7
118900090,133,274,-141
118900091,50,25,25
118900092,26,81,-55
118900093,27,1,26
118900096,8,2,6
118900097,70,660,-590
118900099,9,188,-179
118900100,43,98,-55
118900101,23,575,-552
118900102,2,65,-63
118900103,16,34,-18
118900104,24,144,-120
118900105,105,63,42
118900107,124,71,53
118900108,24,79,-55
118900110,225,111,114
118900111,48,325,-277
118900112,2,49,-47
118900113,8,314,-306
118900114,3,45,-42
118900115,46,213,-167
118900116,26,100,-74
118900117,9,114,-105
118900118,49,396,-347
118900119,15,225,-210
118900120,37,201,-164
118900121,0,154,-154
118900122,2,124,-122
118900123,64,188,-124
118900124,7,115,-108
118900126,2,125,-123
118900129,19,94,-75
118900130,5,27,-22
118900131,23,246,-223
118900132,29,84,-55
118900133,6,17,-11
118900135,36,134,-98
118900136,62,635,-573
118900137,0,2,-2
118900139,42,450,-408
118900140,117,835,-718
118900141,11,166,-155
118900144,22,865,-843
118900145,5,104,-99
118900146,98,562,-464
118900147,18,35,-17
118900148,6,19,-13
118900150,10,65,-55
118900152,120,529,-409
118900157,18,19,-1
118900158,4,26,-22
118900159,0,82,-82
118900161,3,0,3
118900163,73,22,51
118900164,0,36,-36
118900165,17,251,-234
118900166,9,7,2
118900167,4,111,-107
118900168,0,35,-35
118900169,30,377,-347
118900170,8,60,-52
118900171,3,25,-22
118900174,16,44,-28
118900175,32,261,-229
118900176,9,117,-108
118900177,9,40,-31
118900178,10,59,-49
118900179,0,33,-33
118900181,64,67,-3
118900182,13,25,-12
118900183,0,32,-32
118900184,59,13,46
118900185,5,105,-100
118900186,28,45,-17
118900187,44,164,-120
118900188,48,181,-133
118900189,4,119,-115
118900190,2,368,-366
118900191,18,13,5
118900192,9,2,7
118900193,15,3,12
118900195,56,446,-390
118900196,22,194,-172
118900197,6,20,-14
118900198,2,45,-43
118900199,2,39,-37
118900200,4,1,3
118900201,2,3,-1
118900202,8,68,-60
118900203,3,40,-37
118900204,1,33,-32
118900205,0,10,-10
118900206,2,37,-35
119000001,370,481,-111
119000002,1303,1414,-111
119000003,462,1330,-868
119000004,437,698,-261
119000005,528,884,-356
119000006,445,907,-462
119000007,822,1154,-332
119000008,693,1640,-947
119000009,2046,1356,690
119000010,6273,2684,3589
119000011,4911,881,4030
119000012,4866,1603,3263
119000013,1340,706,634
119000014,1152,1974,-822
119000019,59,154,-95
119000020,337,959,-622
119000021,1247,1187,60
119000022,1778,509,1269
119000023,26,71,-45
119000024,1519,2151,-632
119000025,10189,725,9464
119000026,237,134,103
119000027,409,179,230
119000028,849,724,125
119000029,99,152,-53
119000030,296,812,-516
119000031,285,497,-212
119000032,1732,1478,254
119000033,979,880,99
119000034,479,915,-436
119000035,8,216,-208
119000036,321,884,-563
119000037,328,1923,-1595
119000038,39,875,-836
119000039,106,215,-109
119000040,619,236,383
119000041,709,603,106
119000048,3044,3265,-221
119000049,714,3189,-2475
119000050,586,1171,-585
119000051,854,611,243
119000052,866,1516,-650
119000053,893,793,100
119000054,1053,2538,-1485
119000055,837,2197,-1360
119000056,545,1291,-746
119000057,501,1816,-1315
119000058,771,1446,-675
119000059,328,736,-408
119000060,390,518,-128
119000061,255,447,-192
119000062,494,952,-458
119000063,97,111,-14
119000064,510,1030,-520
119000065,960,2583,-1623
119000066,488,466,22
119000067,731,1950,-1219
119000068,423,746,-323
119000069,481,1906,-1425
119000070,577,820,-243
119000071,249,541,-292
119000072,3856,2609,1247
119000073,2241,2928,-687
119000074,353,2813,-2460
119000075,259,1900,-1641
119000076,230,586,-356
119000077,292,259,33
119000078,116,231,-115
119000079,21,390,-369
119000080,46,200,-154
119000081,35,263,-228
119000082,154,219,-65
119000083,128,229,-101
119000084,64,350,-286
119000085,209,113,96
119000086,93,290,-197
119000087,759,488,271
119000088,174,168,6
119000089,25,100,-75
119000090,53,44,9
119000091,126,167,-41
119000092,320,42,278
119000093,2597,2609,-12
119000094,966,2813,-1847
119000095,398,1940,-1542
119000097,2187,843,1344
119000098,329,757,-428
119000099,1052,1129,-77
119000100,1044,1201,-157
119000101,1410,2184,-774
119000102,320,332,-12
119000103,572,343,229
119000104,2253,1201,1052
119000105,202,376,-174
119000106,81,1868,-1787
119000107,177,244,-67
119000108,99,1221,-1122
119000109,32,368,-336
119000110,276,465,-189
119000111,18,325,-307
119000112,175,167,8
119000113,1558,224,1334
119000114,391,203,188
119000115,110,41,69
119000116,40,43,-3
119000117,29,215,-186
119000118,3,6,-3
119000123,961,293,668
119000124,85,163,-78
119000125,501,661,-160
119000126,153,665,-512
119000127,97,781,-684
119000128,39,12,27
119000131,196,1037,-841
119000132,5,8,-3
119000133,0,3,-3
119000134,671,197,474
119000135,25,198,-173
119000136,33,330,-297
119000137,26,464,-438
119000138,66,411,-345
119000139,30,256,-226
119000140,27,147,-120
119000284,1135,1673,-538
119000285,2148,1525,623
119000286,4107,2474,1633
119000287,587,1258,-671
119000288,707,1168,-461
119000289,945,2444,-1499
119000290,103,386,-283
119000291,7,208,-201
119000293,47,148,-101
119000294,3,7,-4
119000295,1531,411,1120
119000296,72,86,-14
119000299,0,0,0
119000302,4255,903,3352
119000303,1,20,-19
119000314,1208,2357,-1149
119000315,3,713,-710
119000316,17,105,-88
119000317,5,448,-443
119900001,56,284,-228
119900002,13,126,-113
119900003,13,1123,-1110
119900004,169,102,67
119900005,14,93,-79
119900006,31,156,-125
119900007,119,25,94
119900008,4,12,-8
119900009,142,330,-188
119900010,503,859,-356
119900011,5,21,-16
119900012,6,19,-13
119900013,674,393,281
119900014,399,215,184
119900015,20,8,12
119900016,6,66,-60
119900017,8,19,-11
119900018,461,48,413
119900019,1,6,-5
119900020,12,66,-54
119900021,16,20,-4
119900022,29,82,-53
119900023,369,134,235
119900025,17,24,-7
119900026,550,43,507
119900027,2,6,-4
119900028,35,15,20
119900029,1,4,-3
119900030,83,206,-123
119900031,5,52,-47
119900033,1361,106,1255
119900034,24,135,-111
119900037,16,16,0
119900038,5,36,-31
119900039,14,1,13
119900040,9,0,9
119900041,19,93,-74
119900042,8,67,-59
119900043,8,135,-127
119900044,93,102,-9
119900046,11,73,-62
119900047,45,20,25
119900048,16,27,-11
119900049,9,2,7
119900050,16,8,8
119900051,60,13,47
119900052,7,102,-95
119900053,74,160,-86
119900054,4,4,0
119900055,219,105,114
119900057,54,84,-30
119900058,44,0,44
119900059,45,28,17
119900060,29,5,24
119900062,4,52,-48
119900063,4,30,-26
119900065,31,1,30
119900066,0,0,0
119900067,6,52,-46
119900068,77,0,77
119900069,6,19,-13
119900070,72,1,71
119900071,62,6,56
119900073,889,233,656
119900074,1,15,-14
119900075,4941,1179,3762
119900076,38,328,-290
119900077,87,1293,-1206
119900078,55,541,-486
119900079,8,219,-211
119900080,249,967,-718
119900081,47,65,-18
119900082,128,191,-63
119900083,0,24,-24
119900084,57,51,6
119900085,112,42,70
119900087,103,106,-3
119900088,39,65,-26
119900089,0,510,-510
119900090,122,37,85
119900091,4,952,-948
119900092,48,442,-394
119900093,312,32,280
119900094,12,183,-171
119900095,97,72,25
119900096,29,61,-32
119900097,178,78,100
119900098,12,29,-17
119900099,15,388,-373
119900100,1972,689,1283
119900101,122,538,-416
119900102,18,351,-333
119900103,10,453,-443
119900104,14,238,-224
119900105,194,1436,-1242
119900106,3,202,-199
119900107,140,2595,-2455
119900108,1317,642,675
119900109,11,139,-128
119900110,104,644,-540
119900111,11,297,-286
119900112,2028,268,1760
119900113,26,552,-526
119900114,45,1754,-1709
119900115,35,1177,-1142
119900116,44,119,-75
119900117,58,934,-876
119900118,8,983,-975
119900119,28,205,-177
119900120,431,603,-172
119900121,46,1332,-1286
119900122,92,367,-275
119900123,48,154,-106
119900124,20,961,-941
119900125,21,386,-365
119900126,5522,101,5421
119900127,1880,564,1316
119900128,40,811,-771
119900129,18,748,-730
119900130,29,178,-149
119900131,6,372,-366
119900132,5,310,-305
119900133,3,11,-8
119900134,1614,155,1459
119900135,6,388,-382
119900136,77,511,-434
119900138,197,533,-336
119900139,0,42,-42
119900140,1,104,-103
119900141,83,113,-30
119900142,3,17,-14
119900143,2,254,-252
119900144,1887,123,1764
119900145,33,189,-156
119900146,44,80,-36
119900147,1,51,-50
119900148,41,12,29
119900149,1098,826,272
119900150,44,108,-64
119900151,632,510,122
119900152,21,270,-249
119900153,11,25,-14
119900154,6,417,-411
119900155,12,14,-2
119900156,2,2,0
119900157,11,201,-190
119900158,16,31,-15
119900159,6,1597,-1591
119900160,3,296,-293
119900161,101,244,-143
119900162,292,254,38
119900163,66,62,4
119900164,0,0,0
119900165,17,168,-151
119900166,20,16,4
119900167,28,145,-117
119900168,147,195,-48
119900169,79,106,-27
119900170,30,65,-35
119900171,246,481,-235
119900172,48,12,36
119900173,4,595,-591
119900174,2,352,-350
119900175,128,341,-213
119900177,8,210,-202
119900178,3,223,-220
119900179,15,72,-57
119900180,274,337,-63
119900181,37,7,30
119900182,2,391,-389
119900183,74,837,-763
119900184,2339,296,2043
119900185,3,43,-40
119900186,13,78,-65
119900187,7,599,-592
119900188,7,170,-163
119900189,92,69,23
119900190,16,47,-31
119900191,80,84,-4
119900192,2,129,-127
119900193,43,102,-59
119900194,6,28,-22
119900195,13,204,-191
119900196,1662,263,1399
119900197,33,52,-19
119900198,13,383,-370
119900199,103,6,97
119900200,71,243,-172
119900201,224,117,107
119900202,99,31,68
119900203,19,66,-47
119900204,40,166,-126
119900205,58,285,-227
119900206,6,125,-119
119900208,22,59,-37
119900209,92,170,-78
119900210,2,24,-22
119900211,35,7,28
119900212,25,293,-268
119900213,3,29,-26
119900214,4,79,-75
119900215,12,73,-61
119900216,1,81,-80
119900217,0,74,-74
119900218,7,67,-60
119900219,2,173,-171
119900220,7,154,-147
119900221,7,489,-482
119900222,6,256,-250
119900223,8,109,-101
119900224,24,26,-2
119900225,1194,17,1177
119900226,749,359,390
119900227,1557,227,1330
119900228,23,181,-158
119900229,120,259,-139
119900230,673,336,337
119900231,10,129,-119
119900232,47,17,30
119900233,7,0,7
119900234,0,12,-12
119900235,6,11,-5
119900236,8,197,-189
119900237,17,399,-382
119900238,1,64,-63
119900240,5,113,-108
119900241,46,214,-168
119900242,1256,337,919
119900244,348,704,-356
119900245,14,70,-56
119900246,26,51,-25
119900247,8,8,0
119900248,11,23,-12
119900249,71,9,62
119900253,2716,143,2573
119900254,11,62,-51
119900255,36,496,-460
119900256,31,1427,-1396
119900257,4,0,4
119900258,9,41,-32
119900259,3,203,-200
119900260,7,4,3
119900261,30,115,-85
119900262,0,318,-318
119900263,472,380,92
119900264,17,193,-176
119900265,54,185,-131
119900266,31,215,-184
119900267,26,384,-358
119900268,8,262,-254
119900269,70,847,-777
119900271,9,56,-47
119900272,46,28,18
119900275,9,0,9
119900276,1,0,1
119900277,0,1,-1
119900278,148,19,129
119900279,63,78,-15
119900280,716,151,565
119900281,1,40,-39
119900282,9,1,8
119900283,3,298,-295
119900284,30,143,-113
119900285,11,21,-10
119900286,4,5,-1
119900288,0,14,-14
119900289,0,17,-17
119900290,0,23,-23
119900291,0,29,-29
119900292,7,1,6
119900293,2,1,1
119900294,2,1,1
119900295,0,0,0
119900296,2,0,2
119900299,15,307,-292
119900300,40,331,-291
119900301,2,5,-3
119900302,1,36,-35
119900303,13,141,-128
119900304,18,20,-2
119900305,14,57,-43
119900306,11,5,6
119900307,6,118,-112
119900308,2,6,-4
119900309,7,15,-8
119900310,78,209,-131
119900311,4,125,-121
119900312,21,42,-21
119900313,84,309,-225
119900314,9,87,-78
119900315,125,2459,-2334
119900318,0,3,-3
119900319,2,419,-417
119900320,7,803,-796
119900321,9,0,9
119900322,26,72,-46
119900323,1,75,-74
119900324,1,36,-35
119900325,15,327,-312
119900326,152,32,120
120000001,5237,3039,2198
120000002,1378,2742,-1364
120000003,2625,1702,923
120000004,2231,2074,157
120000005,3902,1816,2086
120000006,829,926,-97
120000007,1925,1448,477
120000008,553,1070,-517
120000009,4375,712,3663
120000010,681,2929,-2248
120000011,419,1717,-1298
120000012,1205,2528,-1323
120000013,860,2372,-1512
120000014,272,1125,-853
120000015,972,1177,-205
120000016,1070,767,303
120000017,372,613,-241
120000018,2481,2797,-316
120000019,266,431,-165
120000020,957,1088,-131
120000021,889,932,-43
120000022,1815,1562,253
120000023,328,886,-558
120000024,790,1110,-320
120000025,728,1350,-622
120000026,286,1327,-1041
120000027,628,980,-352
120000028,327,207,120
120000029,1600,325,1275
120000030,43,435,-392
120000031,1293,2443,-1150
120000032,8901,2049,6852
120000033,908,1147,-239
120000034,469,1751,-1282
120000035,650,1686,-1036
120000036,1008,2409,-1401
120000037,244,339,-95
120000038,8500,2482,6018
120000039,171,775,-604
120000040,24,90,-66
120000041,155,1919,-1764
120000042,725,5034,-4309
120000043,2351,2296,55
120000044,1177,930,247
120000045,1435,829,606
120000046,717,1076,-359
120000047,1393,1511,-118
120000048,6661,1695,4966
120000049,1029,1956,-927
120000050,1211,2936,-1725
120000051,3082,2456,626
120000052,14099,1504,12595
120000053,474,3802,-3328
120000054,1015,6599,-5584
120000055,489,3691,-3202
120000056,2018,4272,-2254
120000057,785,993,-208
120000058,76,133,-57
120000059,83,954,-871
120000061,49,595,-546
120000062,144,292,-148
120000063,1561,3226,-1665
120000064,154,1632,-1478
120000065,172,1751,-1579
120000066,52,417,-365
120000067,17,436,-419
120000068,54,1064,-1010
120000069,238,1433,-1195
120000070,13,1019,-1006
120000071,51,170,-119
120000072,125,320,-195
120000073,102,63,39
120000074,63,31,32
120000075,54,161,-107
120000076,312,144,168
120000077,331,248,83
120000078,2085,293,1792
120000079,14,31,-17
120000080,19,22,-3
120000081,26,12,14
120000082,21,16,5
120000083,5,30,-25
120000084,212,516,-304
120000085,199,445,-246
120000086,98,689,-591
120000087,61,1207,-1146
120000088,213,800,-587
120000089,152,158,-6
120000090,79,152,-73
120000091,171,304,-133
120000092,151,188,-37
120000093,36,202,-166
120000094,14,142,-128
120000095,292,690,-398
120000096,124,1252,-1128
120000098,303,930,-627
120000099,85,627,-542
120000100,243,643,-400
120000101,146,440,-294
120000102,77,198,-121
120000103,156,170,-14
120000104,294,114,180
120000105,327,95,232
120000106,383,103,280
120000107,486,163,323
120000108,149,46,103
120000109,207,23,184
120000110,50,901,-851
120000111,39,1292,-1253
120000112,311,4125,-3814
120000113,278,2799,-2521
120000114,212,2056,-1844
120000115,158,1839,-1681
120000116,221,1722,-1501
120000117,821,1586,-765
120000118,3,8,-5
120000119,5,15,-10
120000120,9,11,-2
120000121,9,32,-23
120000122,37,31,6
120000123,5360,834,4526
120000124,117,197,-80
120000125,127,460,-333
120000126,64,288,-224
120000127,483,248,235
120000128,1021,1186,-165
120000129,46,69,-23
120000130,251,233,18
120000131,144,333,-189
120000134,164,1074,-910
120000135,34,253,-219
120000137,34,2002,-1968
120000138,87,469,-382
120000139,32,915,-883
120000140,89,670,-581
120000141,36,480,-444
120000142,45,545,-500
120000143,0,86,-86
120000144,11,1,10
120000145,24,3,21
120000146,1095,343,752
120000149,255,769,-514
120000150,3990,3290,700
120000151,158,203,-45
120000152,56,186,-130
120000153,34,575,-541
120000154,187,272,-85
120000155,45,127,-82
120000156,789,144,645
120000157,281,377,-96
120000158,276,724,-448
120000159,1035,1948,-913
120000160,864,675,189
120000161,398,2162,-1764
120000162,21,85,-64
120000163,110,1284,-1174
120000164,91,407,-316
120000165,65,975,-910
120000166,141,504,-363
120000167,2,7,-5
120000168,2,29,-27
120000169,127,68,59
120000170,158,43,115
120000171,52,18,34
120000172,10,10,0
120000173,1546,30,1516
120000174,175,1,174
120000175,326,5,321
120000176,98,65,33
120000177,809,511,298
120000178,38,5,33
120000179,142,17,125
120000180,251,42,209
120000181,36,33,3
120000182,40,16,24
120000183,0,72,-72
120000184,37,1605,-1568
120000186,6,20,-14
120000187,16,9,7
120000188,63,17,46
120000190,405,1,404
120000191,735,1,734
120000192,880,0,880
120000193,345,1,344
120000195,24,0,24
120000196,87,12,75
120000197,26,55,-29
120000198,18,184,-166
120000199,13,0,13
120000200,11,0,11
120000201,3,6,-3
120000202,15,55,-40
120000203,11,360,-349
120000207,0,86,-86
120000208,7,302,-295
120000209,3,104,-101
120000210,186,67,119
120000211,27,4,23
120000212,14,0,14
120000213,25,516,-491
120000214,1,576,-575
120000215,7,130,-123
120000216,16,2,14
120000217,684,1487,-803
120000218,211,1818,-1607
120000219,16,1080,-1064
120000220,10,3502,-3492
120000225,132,1,131
120000226,22,0,22
120000227,202,5,197
120000228,8939,1112,7827
120000230,38,1,37
120000231,183,2296,-2113
120000233,15,4,11
120000235,64,599,-535
120000236,26,22,4
120000237,2,2525,-2523
120000238,0,25,-25
120000241,369,711,-342
120000412,917,2,915
120000413,33,337,-304
120000414,11,5,6
120000415,1,154,-153
120000416,2,14,-12
120000417,0,87,-87
120000418,10,2,8
120000419,7,403,-396
120000420,17,9,8
120000421,14027,4895,9132
120000422,242,256,-14
120000423,1,41,-40
120000424,9,217,-208
120000436,71,107,-36
120000437,126,138,-12
120000438,4809,358,4451
120000439,27,94,-67
120000443,65,1,64
120000444,89,414,-325
120000445,436,366,70
120000446,597,128,469
120000447,3,5,-2
120000449,5,4,1
120000450,2,385,-383
120000451,5,123,-118
120000452,1,0,1
120000453,1,362,-361
120000454,11,4,7
120000455,12,39,-27
120000456,2781,1552,1229
120000457,989,809,180
120000458,291,618,-327
120000459,27,34,-7
120000665,347,91,256
120000668,43,85,-42
120000669,13,383,-370
120000670,168,251,-83
120000671,142,105,37
120000672,42,422,-380
120900001,8,15,-7
120900002,29,149,-120
120900003,65,13,52
120900004,2,25,-23
120900005,9,1668,-1659
120900006,44,78,-34
120900007,28,138,-110
120900008,34,909,-875
120900009,106,54,52
120900010,73,15,58
120900011,187,36,151
120900012,778,257,521
120900013,70,11,59
120900014,2,651,-649
120900015,87,57,30
120900016,94,43,51
120900017,2655,121,2534
120900018,21,459,-438
120900019,112,29,83
120900020,176,168,8
120900021,60,20,40
120900022,12,318,-306
120900023,31,22,9
120900024,883,339,544
120900025,1546,432,1114
120900026,11,137,-126
120900027,281,75,206
120900028,45,9,36
120900029,3,70,-67
120900030,277,258,19
120900031,29,9,20
120900032,153,96,57
120900033,145,10,135
120900034,39,768,-729
120900035,10,71,-61
120900037,28,1,27
120900038,10,42,-32
120900039,17,9,8
120900040,26,1,25
120900041,64,33,31
120900042,30,31,-1
120900043,10,4,6
120900044,1,287,-286
120900045,53,121,-68
120900046,79,3,76
120900047,20,8,12
120900048,10,8,2
120900049,44,0,44
120900050,3002,368,2634
120900051,86,50,36
120900052,43,0,43
120900053,28,42,-14
120900054,670,617,53
120900055,37,0,37
120900056,52,4,48
120900057,25,10,15
120900058,50,0,50
120900059,13,1,12
120900060,13,18,-5
120900061,108,217,-109
120900062,27,0,27
120900063,50,0,50
120900064,59,0,59
120900065,41,0,41
120900066,28,301,-273
120900067,30,4,26
120900068,27,0,27
120900069,26,85,-59
120900071,5,0,5
120900072,85,0,85
120900073,41,220,-179
120900074,73,1,72
120900076,27,0,27
120900077,2681,131,2550
120900078,92,772,-680
120900079,107,82,25
120900080,64,2895,-2831
120900081,148,803,-655
120900082,323,137,186
120900083,8,4,4
120900084,25,76,-51
120900085,55,27,28
120900086,89,55,34
120900087,63,44,19
120900088,117,76,41
120900089,4685,448,4237
120900090,21,183,-162
120900091,139,77,62
120900092,262,662,-400
120900093,4493,183,4310
120900094,262,197,65
120900095,42,6,36
120900096,11,57,-46
120900097,457,1473,-1016
120900098,181,165,16
120900099,26,96,-70
120900100,31,461,-430
120900101,120,306,-186
120900102,3,86,-83
120900103,19,87,-68
120900104,13,48,-35
120900105,12,991,-979
120900106,961,620,341
120900107,396,154,242
120900108,3,1099,-1096
120900109,13,897,-884
120900110,9,358,-349
120900111,85,434,-349
120900112,7,1515,-1508
120900113,3,967,-964
120900114,15,328,-313
120900115,89,65,24
120900116,20,734,-714
120900117,5,668,-663
120900118,5,950,-945
120900119,4056,2151,1905
120900120,11,733,-722
120900121,56,354,-298
120900122,36,750,-714
120900123,3,533,-530
120900124,1,711,-710
120900125,1,961,-960
120900126,640,555,85
120900127,4,677,-673
120900128,668,838,-170
120900129,26,439,-413
120900130,0,379,-379
120900131,10,60,-50
120900132,95,339,-244
120900133,150,1169,-1019
120900134,139,444,-305
120900135,4,768,-764
120900136,3,10,-7
120900137,26,68,-42
120900138,0,211,-211
120900139,7,952,-945
120900140,0,22,-22
120900141,18,65,-47
120900142,9,985,-976
120900143,7,1086,-1079
120900144,2,301,-299
120900145,14,968,-954
120900146,3,1035,-1032
120900147,2,182,-180
120900148,15,53,-38
120900149,2,421,-419
120900150,4,518,-514
120900151,0,733,-733
120900152,1,66,-65
120900153,2,79,-77
120900154,1,322,-321
120900155,41,1247,-1206
120900156,1,473,-472
120900157,6,287,-281
120900158,4,612,-608
120900159,7,826,-819
120900160,28,340,-312
120900161,1,1856,-1855
120900162,10,1766,-1756
120900163,5,28,-23
120900164,3,0,3
120900165,10,2,8
120900166,7,42,-35
120900167,41,50,-9
120900169,28,535,-507
120900170,2058,613,1445
120900171,1117,221,896
120900172,653,43,610
120900173,1,50,-49
120900174,7,121,-114
120900175,232,144,88
120900176,1,98,-97
120900177,0,131,-131
120900178,0,123,-123
120900179,336,326,10
120900180,72,51,21
120900181,3,90,-87
120900182,13,284,-271
120900183,519,56,463
120900184,88,82,6
120900185,1,361,-360
120900186,3,477,-474
120900187,122,344,-222
120900188,15,4,11
120900189,51,94,-43
120900190,3,25,-22
120900191,0,16,-16
120900192,14415,911,13504
120900194,19,92,-73
120900195,63,312,-249
120900196,230,31,199
120900197,59,16,43
120900198,90,560,-470
120900199,89,58,31
120900200,53,37,16
120900201,540,101,439
120900202,2,230,-228
120900203,7,20,-13
120900204,344,374,-30
120900205,51,87,-36
120900206,4,5,-1
120900207,36,1151,-1115
121000001,552,1001,-449
121000002,717,630,87
121000003,4105,1590,2515
121000004,1826,1206,620
121000005,1536,1880,-344
121000006,1812,700,1112
121000007,2035,2443,-408
121000008,2058,1062,996
121000009,6884,3260,3624
121000010,6220,1652,4568
121000011,14058,5905,8153
121000012,15516,3296,12220
121000013,5617,4119,1498
121000014,6257,3901,2356
121000015,3125,3868,-743
121000016,2989,2740,249
121000017,861,2579,-1718
121000018,1085,1035,50
121000019,10003,4282,5721
121000020,6883,3191,3692
121000021,1227,2029,-802
121000022,863,1062,-199
121000023,1916,2093,-177
121000024,1180,2010,-830
121000025,407,365,42
121000026,110,66,44
121000027,1250,670,580
121000028,429,278,151
121000029,194,488,-294
121000030,67,146,-79
121000031,220,533,-313
121000032,86,54,32
121000034,20,8,12
121000035,28,55,-27
121000036,353,313,40
121000037,224,444,-220
121000038,297,257,40
121000039,135,166,-31
121000041,114,254,-140
121000042,61,166,-105
121000043,545,282,263
121000044,830,212,618
121000045,145,302,-157
121000046,50,218,-168
121000047,20,48,-28
121000049,1215,559,656
121000050,129,582,-453
121000051,225,187,38
121000052,116,368,-252
121000053,88,6,82
121000054,14,173,-159
121000055,1336,840,496
121000056,481,604,-123
121000057,93,148,-55
121000058,360,64,296
121000059,796,671,125
121000060,205,303,-98
121000061,19,104,-85
121000062,49,75,-26
121000063,430,344,86
121000064,167,330,-163
121000065,181,223,-42
121000066,213,383,-170
121000067,681,142,539
121000068,192,238,-46
121000069,1033,106,927
121000070,633,781,-148
121000071,291,435,-144
121000072,462,427,35
121000073,302,448,-146
121000074,58,156,-98
121000075,130,17,113
121000076,1349,231,1118
121000077,53,7,46
121000078,221,77,144
121000080,2028,385,1643
121000081,774,578,196
121000082,100,170,-70
121000083,88,65,23
121000084,119,58,61
121000085,342,365,-23
121000086,133,497,-364
121000087,32,103,-71
121000088,234,306,-72
121000089,127,115,12
121000090,125,213,-88
121000091,2106,524,1582
121000092,88,90,-2
121000093,75,177,-102
121000094,246,133,113
121000095,118,178,-60
121000096,2304,1460,844
121000097,1579,1061,518
121000098,135,836,-701
121000099,200,730,-530
121000100,145,441,-296
121000101,10,38,-28
121000102,30,392,-362
121000103,5,45,-40
121000104,28,124,-96
121000105,118,298,-180
121000106,21,25,-4
121000107,1551,2749,-1198
121000109,1442,902,540
121000110,173,263,-90
121000114,1648,1422,226
121000115,821,537,284
121000116,471,580,-109
121000117,1073,132,941
121000118,809,171,638
121000119,85,225,-140
121000120,126,271,-145
121000121,112,292,-180
121000123,314,247,67
121000126,90,222,-132
121000127,30,70,-40
121000128,95,457,-362
121000129,112,297,-185
121000130,196,657,-461
121000131,372,404,-32
121000132,338,385,-47
121000135,289,323,-34
121000136,887,260,627
121000137,282,67,215
121000138,371,286,85
121000139,261,54,207
121000141,106,76,30
121000142,551,302,249
121000143,101,19,82
121000144,547,823,-276
121000145,145,864,-719
121000146,364,518,-154
121000147,325,348,-23
121000148,288,581,-293
121000149,780,768,12
121000152,166,239,-73
121000153,1462,409,1053
121000154,440,414,26
121000155,651,484,167
121000156,387,498,-111
121000157,1565,958,607
121000158,247,374,-127
121000159,112,608,-496
121000160,133,679,-546
121000161,48,257,-209
121000162,11,256,-245
121000165,1072,521,551
121000166,43,220,-177
121000168,75,175,-100
121000169,16,189,-173
121000170,57,50,7
121000171,42,132,-90
121000172,239,367,-128
121000173,945,514,431
121000174,93,331,-238
121000175,199,305,-106
121000176,234,165,69
121000177,285,492,-207
121000178,33,66,-33
121000179,25,59,-34
121000181,153,252,-99
121000182,47,90,-43
121000183,22,51,-29
121000184,5,37,-32
121000185,6,103,-97
121000186,86,292,-206
121000187,112,235,-123
121000188,32,199,-167
121000192,259,319,-60
121000193,216,230,-14
121000194,1824,1551,273
121000195,219,662,-443
121000196,221,98,123
121000197,59,556,-497
121000198,34,85,-51
121000199,24,587,-563
121000200,126,72,54
121000201,1,240,-239
121000202,47,28,19
121000203,149,1819,-1670
121000204,350,183,167
121000205,64,323,-259
121000206,47,77,-30
121000207,314,302,12
121000208,4,449,-445
121000209,36,523,-487
121000210,116,594,-478
121000211,22,111,-89
121000212,122,624,-502
121000213,5194,1143,4051
121000214,410,509,-99
121000215,930,459,471
121000216,169,266,-97
121000217,1854,821,1033
121000218,296,1387,-1091
121000219,431,223,208
121000220,203,74,129
121000221,62,158,-96
121000222,1420,2081,-661
121000223,200,314,-114
121000224,46,46,0
121000225,532,390,142
121000226,748,271,477
121000227,10,178,-168
121000228,6,826,-820
121000229,26,472,-446
121000230,65,1678,-1613
121000231,1,0,1
121000232,96,43,53
121000233,114,260,-146
121000234,2,12,-10
121000235,6,5,1
121000236,0,33,-33
121000237,2,0,2
121000238,0,58,-58
121000239,6,2,4
121000240,1,131,-130
121000241,26,5,21
121000242,4,114,-110
121000243,21,4,17
121000244,0,54,-54
121000245,2,0,2
121000246,0,61,-61
121000247,14,0,14
121000248,59,266,-207
121000249,16,175,-159
121000250,56,39,17
121000251,8,476,-468
121000252,18,13,5
121000253,84,604,-520
121000254,186,174,12
121000255,67,114,-47
121000256,38,118,-80
121000257,19,39,-20
121000258,22,23,-1
121000259,15,22,-7
121000260,23,114,-91
121000261,9,20,-11
121000262,990,392,598
121000263,347,419,-72
121000271,202,1075,-873
121000273,21,11,10
121000274,1,13,-12
121000275,1,25,-24
121000276,0,0,0
121000278,10,46,-36
121000279,7,13,-6
121000280,6,52,-46
121000289,29,7,22
121000290,603,428,175
121000294,18,189,-171
121000297,488,289,199
121000299,124,107,17
121000300,568,303,265
121000302,13,148,-135
121000303,116,161,-45
121000304,62,2,60
121000305,12,16,-4
121000306,3,39,-36
121000308,109,194,-85
121000309,172,412,-240
121000310,19,327,-308
121000311,39,481,-442
121000312,82,38,44
121000313,457,214,243
121000314,48,45,3
121000315,17,35,-18
121000530,398,1024,-626
121000531,464,1066,-602
121000532,3428,1994,1434
121000533,1182,1082,100
121000918,8,207,-199
121000919,5,10,-5
121000938,68,61,7
121000939,71,37,34
121000956,195,1093,-898
121000957,0,11,-11
121000958,7,55,-48
121000959,90,923,-833
121000960,322,1625,-1303
121000961,102,6,96
121000962,163,337,-174
121000973,0,160,-160
121000976,2,41,-39
121000979,6,3,3
121000981,111,7,104
121000982,52,95,-43
121000983,55,380,-325
121000984,6,11,-5
121000985,100,458,-358
121000986,21,444,-423
121000987,85,1300,-1215
121000988,238,84,154
121001302,168,72,96
121001308,2,5,-3
121001309,26,25,1
121001311,0,0,0
121001313,37,473,-436
121001314,4410,2669,1741
121001315,3080,1148,1932
121001318,0,0,0
121900001,37,121,-84
121900002,2,10,-8
121900003,5,0,5
121900004,12,130,-118
121900005,0,0,0
121900006,1,4,-3
121900007,25,213,-188
121900008,830,28,802
121900009,4,0,4
121900010,43,1,42
121900011,26,114,-88
121900012,0,0,0
121900013,51,1,50
121900014,91,31,60
121900015,4,13,-9
121900016,0,0,0
121900017,24,33,-9
121900018,36,0,36
121900019,25,88,-63
121900020,0,0,0
121900021,143,1,142
121900022,8,15,-7
121900023,0,53,-53
121900024,130,18,112
121900025,40,42,-2
121900026,1,3,-2
121900027,30,25,5
121900028,35,0,35
121900029,0,6,-6
121900030,99,118,-19
121900031,194,468,-274
121900032,13,33,-20
121900033,22,25,-3
121900034,17,18,-1
121900035,286,120,166
121900036,2,23,-21
121900037,8,146,-138
121900038,2,50,-48
121900039,12,4,8
121900040,0,9,-9
121900041,12,23,-11
121900042,13,31,-18
121900043,0,0,0
121900044,195,9,186
121900046,0,0,0
121900047,42,5,37
121900048,2,48,-46
121900050,0,3,-3
121900051,14,37,-23
121900052,2,10,-8
121900053,35,77,-42
121900054,35,102,-67
121900055,0,0,0
121900058,14,66,-52
121900059,6,7,-1
121900060,2,81,-79
121900061,15,10,5
121900062,1,1,0
121900063,57,66,-9
121900064,7,135,-128
121900066,0,0,0
121900067,0,0,0
121900069,113,89,24
121900070,12,40,-28
121900071,21,89,-68
121900072,3,35,-32
121900073,19,19,0
121900074,17,29,-12
121900075,41,49,-8
121900076,8,104,-96
121900077,1,10,-9
121900078,0,0,0
121900079,0,0,0
121900080,65,76,-11
121900082,4,35,-31
121900084,2,154,-152
121900085,0,1,-1
121900086,0,0,0
121900087,23,19,4
121900088,538,553,-15
121900089,13,87,-74
121900090,0,71,-71
121900091,0,30,-30
121900092,0,0,0
121900093,3,14,-11
121900094,6,2,4
121900095,42,38,4
121900096,186,14,172
121900097,11,8,3
121900098,0,0,0
121900099,0,0,0
121900100,4,16,-12
121900101,19,30,-11
121900102,1,16,-15
121900103,37,13,24
121900104,137,54,83
121900105,10,4,6
121900106,0,0,0
121900107,0,0,0
121900108,0,0,0
121900109,51,49,2
121900110,27,398,-371
121900111,305,82,223
121900112,10,8,2
121900113,1,13,-12
121900114,0,0,0
121900117,10,2,8
121900118,546,66,480
121900119,8,169,-161
121900120,1,500,-499
121900121,0,0,0
121900122,0,0,0
121900123,42,90,-48
121900124,11,69,-58
121900125,295,358,-63
121900127,3,16,-13
121900128,6,82,-76
121900129,744,51,693
121900130,9,46,-37
121900131,30,51,-21
121900132,5,35,-30
121900133,1,13,-12
121900134,0,17,-17
121900135,529,52,477
121900136,4,192,-188
121900137,13,80,-67
121900138,16,35,-19
121900139,136,140,-4
121900140,4,15,-11
121900141,3,0,3
121900142,1,13,-12
121900143,0,22,-22
121900144,279,253,26
121900145,12,22,-10
121900146,79,185,-106
121900147,35,131,-96
121900148,31,88,-57
121900149,42,212,-170
121900150,19,109,-90
121900151,27,60,-33
121900152,14,25,-11
121900153,12,100,-88
121900154,0,29,-29
121900155,0,21,-21
121900156,95,71,24
121900157,1,171,-170
121900158,17,35,-18
121900159,0,60,-60
121900160,0,73,-73
121900161,121,54,67
121900162,30,48,-18
121900163,18,409,-391
121900164,41,54,-13
121900165,6,62,-56
121900166,30,71,-41
121900167,20,25,-5
121900168,25,38,-13
121900169,0,250,-250
121900170,0,36,-36
121900171,74,80,-6
121900172,28,81,-53
121900173,133,8,125
121900174,0,0,0
121900175,8,47,-39
121900176,156,987,-831
121900177,34,27,7
121900178,1,18,-17
121900179,18,21,-3
121900180,4231,1019,3212
121900182,35,80,-45
121900183,80,98,-18
121900184,3,145,-142
121900186,2,174,-172
121900187,8,49,-41
121900188,193,52,141
121900189,7,31,-24
121900190,23,97,-74
121900191,0,3,-3
121900192,245,72,173
121900193,0,34,-34
121900194,0,78,-78
121900195,6,30,-24
121900196,31,139,-108
121900197,117,1090,-973
121900198,415,95,320
121900199,0,8,-8
121900200,13,29,-16
121900201,130,97,33
121900202,24,42,-18
121900203,20,36,-16
121900204,309,91,218
121900205,0,11,-11
121900206,0,4,-4
121900207,30,6,24
121900208,22,50,-28
121900209,11,5,6
121900210,72,63,9
121900211,6,14,-8
121900212,7,22,-15
121900213,6,25,-19
121900214,2,120,-118
121900215,7,16,-9
121900216,5,9,-4
121900217,42,8,34
121900218,13,28,-15
121900220,42,2,40
121900221,47,93,-46
121900222,6,29,-23
121900223,2,2,0
121900224,2,6,-4
121900225,6,4,2
121900226,16,1270,-1254
121900227,9,57,-48
121900228,22,24,-2
121900230,13,6,7
121900231,160,24,136
121900232,72,57,15
121900233,89,92,-3
121900234,14,57,-43
121900235,12,53,-41
121900236,7,24,-17
121900237,57,158,-101
121900238,39,52,-13
121900239,22,7,15
121900240,28,29,-1
121900241,0,10,-10
121900242,0,0,0
121900243,0,0,0
121900244,0,0,0
121900245,21,23,-2
121900246,10,6,4
121900247,69,80,-11
121900248,187,104,83
121900250,38,64,-26
121900251,3,1,2
121900252,322,30,292
121900253,17,259,-242
121900254,117,38,79
121900255,6,10,-4
121900258,192,37,155
121900259,48,41,7
121900260,5,48,-43
121900261,22,68,-46
121900262,93,99,-6
121900263,12,48,-36
121900264,711,252,459
121900265,49,106,-57
121900266,19,33,-14
121900267,0,0,0
121900269,9,44,-35
121900270,4,44,-40
121900271,7,47,-40
121900273,73,248,-175
121900274,16,82,-66
121900277,46,639,-593
121900278,9,333,-324
121900279,44,202,-158
121900280,20,103,-83
121900281,110,8,102
121900284,18,1,17
121900286,6,105,-99
121900287,0,6,-6
121900288,0,0,0
121900290,57,67,-10
121900291,114,208,-94
121900292,14,18,-4
121900293,444,1861,-1417
121900294,75,2,73
121900295,6,69,-63
121900296,1,1,0
121900298,15,74,-59
121900299,0,0,0
121900300,0,1,-1
121900301,0,0,0
121900302,0,30,-30
121900303,24,68,-44
121900304,0,0,0
121900305,0,0,0
121900306,0,0,0
121900307,0,11,-11
121900308,2,186,-184
121900309,6,178,-172
121900310,3,293,-290
121900311,27,2,25
121900312,14,0,14
121900313,35,2,33
121900314,2,39,-37
121900315,0,0,0
121900316,0,1,-1
121900317,0,0,0
121900318,1,0,1
121900319,0,0,0
121900320,6,12,-6
121900321,0,0,0
121900322,0,7,-7
121900323,2,5,-3
121900324,0,0,0
121900325,0,0,0
121900326,0,7,-7
121900327,0,15,-15
121900328,0,4,-4
121900329,0,53,-53
121900330,0,12,-12
121900331,0,0,0
121900332,3,1,2
121900333,0,0,0
121900334,0,0,0
122000001,1117,1433,-316
122000002,2256,719,1537
122000003,1044,588,456
122000004,1426,528,898
122000005,1269,413,856
122000006,842,200,642
122000007,504,416,88
122000008,3195,1302,1893
122000009,424,96,328
122000010,1386,1574,-188
122000011,1914,566,1348
122000012,627,665,-38
122000013,624,660,-36
122000014,688,644,44
122000015,617,532,85
122000016,275,376,-101
122000017,654,609,45
122000018,678,781,-103
122000019,335,1101,-766
122000020,138,118,20
122000021,490,177,313
122000022,448,327,121
122000023,162,588,-426
122000024,445,528,-83
122000025,515,624,-109
122000026,1032,363,669
122000027,349,1703,-1354
122000028,399,152,247
122000029,103,97,6
122000030,239,50,189
122000031,74,62,12
122000032,471,863,-392
122000033,313,394,-81
122000034,303,275,28
122000035,184,288,-104
122000036,193,364,-171
122000037,186,143,43
122000038,113,215,-102
122000039,186,234,-48
122000040,222,114,108
122000041,147,244,-97
122000042,66,187,-121
122000043,57,39,18
122000044,44,77,-33
122000045,585,295,290
122000046,262,449,-187
122000047,192,96,96
122000048,1544,1437,107
122000049,2455,1221,1234
122000050,533,343,190
122000051,149,116,33
122000052,180,94,86
122000053,32,226,-194
122000054,1106,917,189
122000055,875,1101,-226
122000056,2178,1592,586
122000057,2112,1296,816
122000058,2077,868,1209
122000059,1885,1162,723
122000060,544,353,191
122000061,386,106,280
122000062,622,150,472
122000063,263,231,32
122000064,1812,2000,-188
122000065,2279,1685,594
122000066,507,631,-124
122000067,452,641,-189
122000068,325,477,-152
122000069,288,541,-253
122000070,128,782,-654
122000071,335,507,-172
122000072,150,221,-71
122000073,166,237,-71
122000074,432,365,67
122000075,155,310,-155
122000076,659,544,115
122000077,440,403,37
122000078,1579,1569,10
122000079,409,368,41
122000080,209,165,44
122000081,34,101,-67
122000082,452,299,153
122000083,541,1405,-864
122000084,380,386,-6
122000085,117,1027,-910
122000086,1009,1351,-342
122000087,210,90,120
122000088,192,125,67
122000089,2829,1396,1433
122000090,134,180,-46
122000091,97,55,42
122000092,32,2,30
122000093,750,955,-205
122000094,3118,949,2169
122000095,1314,545,769
122000096,861,295,566
122000098,1246,894,352
122000099,537,447,90
122000100,434,283,151
122000101,109,257,-148
122000102,938,676,262
122000103,414,739,-325
122000104,114,111,3
122000105,79,154,-75
122000106,252,222,30
122000107,249,256,-7
122000108,141,474,-333
122000109,60,86,-26
122000110,154,230,-76
122000111,1550,645,905
122000112,324,517,-193
122000113,157,353,-196
122000114,1223,1176,47
122000115,1164,622,542
122000116,275,233,42
122000117,426,143,283
122000118,178,173,5
122000119,1597,943,654
122000120,1556,1519,37
122000121,2268,1172,1096
122000122,399,669,-270
122000123,926,406,520
122000124,299,193,106
122000125,250,407,-157
122000126,247,395,-148
122000127,649,579,70
122000128,353,524,-171
122000129,154,127,27
122000130,877,210,667
122000131,775,247,528
122000132,752,313,439
122000133,431,1699,-1268
122000134,222,265,-43
122000135,282,787,-505
122000136,93,106,-13
122000137,280,341,-61
122000139,629,1159,-530
122000140,561,246,315
122000141,3112,382,2730
122000142,109,433,-324
122000143,239,124,115
122000144,966,388,578
122000145,409,365,44
122000146,99,267,-168
122000147,298,128,170
122000148,1178,527,651
122000149,935,387,548
122000150,600,264,336
122000151,113,240,-127
122000152,243,187,56
122000153,69,55,14
122000154,147,29,118
122000155,793,743,50
122000156,1838,1413,425
122000157,1023,894,129
122000158,100,279,-179
122000159,464,791,-327
122000160,1793,394,1399
122000161,421,270,151
122000162,801,551,250
122000163,294,66,228
122000164,26,85,-59
122000165,312,232,80
122000166,344,416,-72
122000167,140,199,-59
122000168,90,247,-157
122000169,236,112,124
122000170,101,200,-99
122000171,17,53,-36
122000172,734,695,39
122000173,645,1048,-403
122000174,838,551,287
122000175,696,227,469
122000176,155,315,-160
122000177,864,1145,-281
122000178,1583,646,937
122000179,1398,941,457
122000180,982,611,371
122000181,1167,1246,-79
122000182,1837,262,1575
122000183,784,148,636
122000184,3567,978,2589
122000185,1115,842,273
122000186,384,429,-45
122000187,289,584,-295
122000188,232,116,116
122000189,99,72,27
122000190,219,681,-462
122000191,330,160,170
122000192,303,103,200
122000193,74,259,-185
122000194,290,100,190
122000195,102,257,-155
122000196,414,259,155
122000197,137,73,64
122000198,263,626,-363
122000199,229,96,133
122000200,511,142,369
122000201,994,1463,-469
122000202,612,729,-117
122000203,1388,925,463
122000204,786,1277,-491
122000205,679,616,63
122000206,1175,342,833
122000207,477,611,-134
122000208,520,804,-284
122000209,766,99,667
122000210,516,1594,-1078
122000211,341,849,-508
122000212,169,304,-135
122000213,483,512,-29
122000214,666,684,-18
122000215,739,625,114
122000217,850,948,-98
122000218,26,8,18
122000219,1241,901,340
122000220,146,680,-534
122000221,54,283,-229
122000222,365,34,331
122000223,382,414,-32
122000225,294,158,136
122000226,415,1383,-968
122000227,112,904,-792
122000228,129,365,-236
122000229,7,266,-259
122000230,46,614,-568
122000231,80,415,-335
122000232,147,630,-483
122000233,0,81,-81
122000234,28,149,-121
122000235,160,166,-6
122000236,195,138,57
122000237,15,50,-35
122000238,37,58,-21
122000239,103,57,46
122000240,207,87,120
122000241,259,156,103
122000242,131,52,79
122000243,39,25,14
122000244,24,425,-401
122000245,46,210,-164
122000246,48,65,-17
122000247,206,738,-532
122000248,1103,1320,-217
122000249,145,183,-38
122000250,543,180,363
122000251,140,217,-77
122000252,311,22,289
122000253,19,256,-237
122000254,44,35,9
122000255,304,925,-621
122000256,174,1071,-897
122000257,74,231,-157
122000258,39,157,-118
122000259,1,623,-622
122000260,24,125,-101
122000261,0,94,-94
122000262,0,45,-45
122000263,32,105,-73
122000264,48,81,-33
122000265,244,172,72
122000266,861,108,753
122000267,21,41,-20
122000268,32,143,-111
122000269,163,151,12
122000270,148,72,76
122000271,127,838,-711
122000272,144,883,-739
122000273,130,413,-283
122000274,41,148,-107
122000275,8,101,-93
122000276,66,297,-231
122000277,271,539,-268
122000278,213,689,-476
122000279,61,380,-319
122000280,413,562,-149
122000281,202,582,-380
122000282,34,64,-30
122000283,394,30,364
122000284,46,66,-20
122000285,213,99,114
122000286,80,90,-10
122000287,201,402,-201
122000288,131,100,31
122000291,286,192,94
122000293,258,187,71
122000294,26,31,-5
122000295,384,74,310
122000296,42,208,-166
122000297,1995,875,1120
122000299,78,316,-238
122000300,95,250,-155
122000301,9777,907,8870
122000302,817,400,417
122000303,3546,591,2955
122000304,9,84,-75
122000305,484,111,373
122000306,13,706,-693
122000307,38,129,-91
122000309,10,57,-47
122000310,4,7,-3
122000311,15,21,-6
122000312,52,15,37
122000313,5,28,-23
122000314,55,84,-29
122000315,29,4,25
122000316,105,77,28
122000317,269,92,177
122000318,57,100,-43
122000319,210,411,-201
122000320,120,2082,-1962
122000321,15,299,-284
122000322,1382,656,726
122000323,969,694,275
122000324,605,562,43
122000325,328,512,-184
122000326,1,31,-30
122000327,85,282,-197
122000328,388,598,-210
122000330,866,260,606
122000332,114,288,-174
122000333,9,166,-157
122000337,208,1652,-1444
122000338,56,325,-269
122000340,149,127,22
122000342,1750,685,1065
122000343,139,1257,-1118
122000344,2,2,0
122000345,19,44,-25
122000346,139,319,-180
122000348,149,617,-468
122000349,41,550,-509
122000351,5,66,-61
122000352,122,46,76
122000353,14,97,-83
122000355,60,106,-46
122000356,735,491,244
122000357,8,13,-5
122000358,0,32,-32
122000359,0,31,-31
122000360,1,51,-50
122000362,9,66,-57
122000364,13,301,-288
122000365,2,9,-7
122000366,2,2,0
122000368,155,447,-292
122000370,4,54,-50
122000371,1,0,1
122000372,0,0,0
122000381,15,201,-186
122000382,25,128,-103
122000384,1773,895,878
122000385,0,0,0
122000386,37,278,-241
122000387,139,356,-217
122000388,353,164,189
122000389,155,662,-507
122000390,94,100,-6
122000391,20,19,1
122000392,82,210,-128
122000393,6,214,-208
122000394,52,262,-210
122000395,46,165,-119
122000396,85,116,-31
122000397,11,58,-47
122000398,4,6,-2
122000399,16,76,-60
122000400,47,91,-44
122000401,72,98,-26
122000402,5,5,0
122000403,118,1212,-1094
122000404,42,118,-76
122000408,309,633,-324
122000503,1,19,-18
122000524,119,41,78
122000544,6,328,-322
122000616,739,6,733
122000640,19,145,-126
122000641,20,400,-380
122000642,676,990,-314
122000643,0,13,-13
122000644,82,19,63
122000645,82,94,-12
122000651,669,365,304
122000664,72,22,50
122000665,686,369,317
122000666,326,565,-239
122000673,18,314,-296
122000674,92,34,58
122000675,359,1002,-643
122000686,107,804,-697
122000687,101,381,-280
122000688,73,487,-414
122000689,138,635,-497
122000690,173,723,-550
122000691,117,1739,-1622
122000692,357,405,-48
122000693,162,1298,-1136
122000695,65,588,-523
122000696,50,158,-108
122000698,48,1042,-994
122000699,108,31,77
122000701,353,290,63
122000702,243,1021,-778
122000703,9,2,7
122000712,0,1,-1
122000717,318,35,283
122000718,443,82,361
122000719,4,26,-22
122000720,25,106,-81
122000724,156,16,140
122900001,2,1,1
122900002,290,233,57
122900003,24,12,12
122900004,130,3,127
122900005,29,8,21
122900006,206,32,174
122900007,20,3,17
122900008,188,12,176
122900009,81,21,60
122900010,0,0,0
122900012,4,5,-1
122900014,25,169,-144
122900015,700,57,643
122900016,26,256,-230
122900017,113,419,-306
122900018,46,5,41
122900019,6,107,-101
122900020,284,212,72
122900021,18,188,-170
122900022,106,732,-626
122900023,136,201,-65
122900024,58,28,30
122900025,3,72,-69
122900026,79,201,-122
122900027,12,451,-439
122900028,28,63,-35
122900029,1648,318,1330
122900030,1210,120,1090
122900031,33,36,-3
122900032,45,137,-92
122900033,35,60,-25
122900034,771,688,83
122900035,0,0,0
122900036,1,26,-25
122900037,69,34,35
122900038,43,486,-443
122900039,35,83,-48
122900040,10,22,-12
122900041,12,9,3
122900042,8,26,-18
122900043,26,45,-19
122900044,6,38,-32
122900045,13,15,-2
122900046,15,19,-4
122900047,33,32,1
122900048,3,34,-31
122900049,1150,61,1089
122900051,32,60,-28
122900052,12,34,-22
122900053,7,16,-9
122900055,20,28,-8
122900057,27,5,22
122900061,268,57,211
122900062,209,198,11
122900063,32,281,-249
122900064,484,346,138
122900065,76,92,-16
122900066,154,129,25
122900067,1118,328,790
122900068,200,262,-62
122900069,74,322,-248
122900070,23,9,14
122900071,41,411,-370
122900072,18,504,-486
122900073,30,115,-85
122900074,26,448,-422
122900075,0,47,-47
122900076,5,124,-119
122900077,0,240,-240
122900078,7,160,-153
122900080,15,1,14
122900081,30,0,30
122900082,36,1,35
122900083,1,0,1
122900084,5,104,-99
122900086,0,2,-2
122900087,25,544,-519
122900088,3,18,-15
122900089,0,51,-51
122900090,5,506,-501
122900091,0,0,0
122900092,0,80,-80
122900093,1,155,-154
122900094,1,96,-95
122900095,0,0,0
122900096,0,126,-126
122900097,0,0,0
122900098,14,23,-9
122900099,0,5,-5
122900100,80,30,50
122900101,75,8,67
122900102,0,4,-4
122900103,6,0,6
122900104,3,1,2
122900105,1,0,1
122900106,0,40,-40
122900107,0,111,-111
122900108,3,101,-98
123000001,868,214,654
123000002,3197,964,2233
123000003,1973,1218,755
123000004,2558,2965,-407
123000005,767,1008,-241
123000006,2242,2022,220
123000007,711,879,-168
123000008,1290,3108,-1818
123000009,1966,1433,533
123000010,2974,3033,-59
123000011,659,477,182
123000012,504,1819,-1315
123000013,1315,396,919
123000014,1119,3000,-1881
123000015,771,211,560
123000016,5801,1782,4019
123000017,2037,933,1104
123000018,27,74,-47
123000019,59,280,-221
123000020,32,116,-84
123000021,8,82,-74
123000022,189,551,-362
123000023,691,790,-99
123000024,392,341,51
123000025,11,53,-42
123000026,4,61,-57
123000027,70,225,-155
123000028,399,43,356
123000029,735,216,519
123000030,29,771,-742
123000031,52,313,-261
123000032,76,180,-104
123000033,35,53,-18
123000034,408,297,111
123000035,72,107,-35
123000036,119,175,-56
123000037,70,208,-138
123000038,34,175,-141
123000039,716,620,96
123000040,740,309,431
123000041,342,185,157
123000042,234,333,-99
123000043,1657,1898,-241
123000044,3287,1123,2164
123000045,7754,966,6788
123000046,443,372,71
123000047,2776,619,2157
123000048,10,119,-109
123000049,4375,1588,2787
123000050,401,463,-62
123000051,51,95,-44
123000052,304,821,-517
123000053,2130,1270,860
123000054,863,611,252
123000055,380,408,-28
123000056,641,1287,-646
123000057,12436,2612,9824
123000058,256,315,-59
123000059,129,240,-111
123000060,238,213,25
123000061,81,361,-280
123000063,244,257,-13
123000064,445,126,319
123000065,5207,2011,3196
123000066,899,473,426
123000067,178,341,-163
123000068,2195,1887,308
123000069,9793,2099,7694
123000070,129,510,-381
123000071,291,659,-368
123000072,554,1248,-694
123000073,261,525,-264
123000074,497,1817,-1320
123000075,153,363,-210
123000076,270,754,-484
123000077,1273,2740,-1467
123000078,355,727,-372
123000079,412,965,-553
123000080,974,2012,-1038
123000081,140,514,-374
123000082,153,901,-748
123000083,234,63,171
123000084,117,429,-312
123000085,33,112,-79
123000086,70,500,-430
123000087,28,523,-495
123000088,421,1152,-731
123000089,150,524,-374
123000090,600,813,-213
123000091,867,734,133
123000092,937,692,245
123000094,174,128,46
123000095,80,305,-225
123000096,141,279,-138
123000097,111,1015,-904
123000098,212,276,-64
123000099,270,780,-510
123000100,282,253,29
123000101,399,203,196
123000102,209,238,-29
123000104,177,218,-41
123000105,437,385,52
123000106,263,177,86
123000107,235,363,-128
123000108,757,881,-124
123000111,219,122,97
123000112,319,329,-10
123000113,344,1523,-1179
123000114,289,291,-2
123000115,76,148,-72
123000116,18,117,-99
123000117,603,2052,-1449
123000118,216,980,-764
123000119,85,835,-750
123000120,213,677,-464
123000121,191,450,-259
123000122,150,226,-76
123000123,331,422,-91
123000124,364,388,-24
123000125,352,323,29
123000126,1411,998,413
123000127,1954,678,1276
123000128,138,307,-169
123000129,17,46,-29
123000130,71,17,54
123000131,210,238,-28
123000132,157,402,-245
123000133,170,273,-103
123000134,285,96,189
123000135,466,779,-313
123000136,118,1201,-1083
123000137,44,349,-305
123000138,40,459,-419
123000139,8,17,-9
123000140,54,665,-611
123000141,83,9,74
123000142,548,800,-252
123000143,716,2018,-1302
123000144,10,5,5
123000145,131,69,62
123000146,16,84,-68
123000147,31,75,-44
123000149,106,138,-32
123000150,49,114,-65
123000151,108,253,-145
123000152,39,245,-206
123000153,133,193,-60
123000154,1278,697,581
123000155,1602,523,1079
123000156,25,74,-49
123000157,210,656,-446
123000158,378,268,110
123000159,1554,781,773
123000160,267,155,112
123000161,468,269,199
123000162,185,436,-251
123000163,75,22,53
123000164,235,74,161
123000165,153,1618,-1465
123000166,9,126,-117
123000167,32,218,-186
123000168,104,402,-298
123000169,84,28,56
123000170,0,380,-380
123000171,9,54,-45
123000172,116,659,-543
123000173,75,16,59
123000174,110,33,77
123000175,760,1190,-430
123000176,226,43,183
123000177,271,905,-634
123000178,160,25,135
123000179,11,736,-725
123000180,574,171,403
123000181,168,1206,-1038
123000182,36,363,-327
123000183,58,82,-24
123000184,26,691,-665
123000185,54,146,-92
123000186,4,550,-546
123000187,55,0,55
123000188,23,1,22
123000189,49,210,-161
123000190,6,62,-56
123000192,6,306,-300
123000193,28,390,-362
123000194,285,172,113
123000195,43,4,39
123000196,38,0,38
123000197,7,67,-60
123000198,6,153,-147
123000199,2,463,-461
123000200,51,0,51
123000201,219,7,212
123000202,18,1117,-1099
123000203,148,13,135
123000204,39,1200,-1161
123000205,190,1796,-1606
123000206,332,45,287
123000207,53,790,-737
123000208,82,44,38
123000209,439,104,335
123000210,269,1368,-1099
123000211,478,2568,-2090
123000212,523,95,428
123000213,92,14,78
123000215,47,38,9
123000216,50,58,-8
123000217,70,5,65
123000218,85,167,-82
123000219,222,11,211
123000220,93,9,84
123000221,65,57,8
123000222,87,308,-221
123000223,56,279,-223
123000224,110,430,-320
123000225,22,59,-37
123000226,6,351,-345
123000227,24,324,-300
123000228,25,36,-11
123000229,604,1501,-897
123000232,59,430,-371
123000233,109,30,79
123000234,83,545,-462
123000235,44,103,-59
123000236,90,873,-783
123000237,56,11,45
123000238,35,651,-616
123000239,252,1984,-1732
123000240,7,144,-137
123000241,362,38,324
123000242,43,188,-145
123000243,233,747,-514
123000244,480,325,155
123000245,27,123,-96
123000249,353,488,-135
123000252,116,57,59
123000253,140,106,34
123000254,181,834,-653
123000255,274,298,-24
123000256,16,179,-163
123000257,2280,1831,449
123000258,479,1014,-535
123000259,103,273,-170
123000260,119,467,-348
123000261,45,199,-154
123000262,46,229,-183
123000263,116,61,55
123000264,113,22,91
123000265,27,123,-96
123000266,165,508,-343
123000267,89,113,-24
123000268,9,67,-58
123000269,11,18,-7
123000270,2,9,-7
123000271,27,59,-32
123000272,279,32,247
123000273,32,198,-166
123000274,216,129,87
123000275,149,837,-688
123000278,2245,1780,465
123000279,16,40,-24
123000280,96,300,-204
123000281,75,44,31
123000282,26,164,-138
123000283,16,32,-16
123000284,9,95,-86
123000286,199,124,75
123000287,342,176,166
123000288,144,113,31
123000289,115,196,-81
123000291,255,615,-360
123000294,123,200,-77
123000295,357,481,-124
123000296,104,207,-103
123000297,109,643,-534
123000298,108,722,-614
123000299,7,107,-100
123000300,264,261,3
123000301,19,120,-101
123000302,45,158,-113
123000303,11,68,-57
123000305,661,600,61
123000306,21,301,-280
123000309,13,82,-69
123000310,37,29,8
123000311,0,142,-142
123000312,504,822,-318
123000313,62,117,-55
123000315,21,273,-252
123000316,446,17,429
123000317,32,39,-7
123000318,11,229,-218
123000329,33,14,19
123000337,20,162,-142
123000338,201,41,160
123000339,35,463,-428
123000340,61,235,-174
123000342,2,98,-96
123000343,0,0,0
123000344,526,224,302
123000345,168,430,-262
123000346,26,18,8
123000352,1794,552,1242
123000353,12,92,-80
123000354,53,1,52
123000355,0,297,-297
123000356,35,1,34
123000357,2,241,-239
123000359,0,205,-205
123000360,0,0,0
123000361,422,179,243
123000362,20,99,-79
123000363,2,220,-218
123000364,212,137,75
123000365,14,138,-124
123000366,122,537,-415
123000367,140,844,-704
123000370,6,281,-275
123000371,15,2,13
123000372,17,0,17
123000373,0,299,-299
123000374,3,158,-155
123000375,60,7,53
123000376,248,361,-113
123000377,36,9,27
123000378,4,393,-389
123000379,2,142,-140
123000380,29,133,-104
123000381,21,8,13
123000382,203,10,193
123000383,132,414,-282
123000384,172,17,155
123000385,323,547,-224
123000436,36,604,-568
123000507,82,104,-22
123000508,18,139,-121
123000517,208,19,189
123000518,20,195,-175
123000519,107,63,44
123000520,47,145,-98
123000521,189,87,102
123000522,168,469,-301
123000541,0,0,0
123000542,0,55,-55
123000565,151,6,145
123000566,23,782,-759
123000567,78,202,-124
123000573,34,973,-939
123000574,83,25,58
123000575,475,1098,-623
123000576,117,2017,-1900
123000577,68,322,-254
123000578,288,28,260
123000579,2570,954,1616
123000580,84,6,78
123000582,35,10,25
123000583,9,457,-448
123000584,28,66,-38
123000585,0,66,-66
123000586,0,0,0
123000596,67,100,-33
123000597,18,30,-12
123000602,0,0,0
123000603,58,531,-473
123000604,153,991,-838
123000605,213,44,169
123000606,1,386,-385
123000609,7,258,-251
123000610,18,40,-22
123000613,54,136,-82
123000614,29,9,20
123000615,54,170,-116
123000616,67,2,65
123000617,33,676,-643
123000618,23,662,-639
123000619,75,8,67
123000620,29,553,-524
123000622,101,3,98
123000624,34,0,34
123000630,209,235,-26
123000631,88,1640,-1552
123000632,846,975,-129
123000633,0,78,-78
123000634,11,6,5
123000635,206,78,128
123000636,29,569,-540
123000637,43,48,-5
123000638,99,57,42
123000639,262,424,-162
123000640,1,1035,-1034
123000648,57,28,29
123000649,20,534,-514
123900001,1211,50,1161
123900002,2,555,-553
123900003,140,307,-167
123900005,31,19,12
123900006,25,8,17
124000001,530,25,505
124000002,88,1196,-1108
124000003,79,50,29
124000004,39,584,-545
124000005,167,61,106
124000006,147,1363,-1216
124000007,155,23,132
124000008,13,262,-249
124000009,63,121,-58
124000010,61,500,-439
124000011,98,79,19
124000012,119,957,-838
124000017,0,0,0
124000018,91,104,-13
124000019,0,0,0
124000020,21,199,-178
124000021,0,0,0
124000022,57,151,-94
124000023,777,668,109
124000024,707,470,237
124000025,558,591,-33
124000026,862,815,47
124000027,3701,1344,2357
124000028,2948,2291,657
124000030,2740,812,1928
124000031,172,163,9
124000032,4100,719,3381
124000033,182,70,112
124000034,1875,586,1289
124000035,63,13,50
124000036,55,570,-515
124000037,115,78,37
124000038,6,101,-95
124000039,401,97,304
124000040,312,323,-11
124000041,71,29,42
124000042,31,299,-268
124000043,17,22,-5
124000044,19,313,-294
124000045,149,207,-58
124000046,92,688,-596
124000047,215,357,-142
124000048,164,1795,-1631
124000049,333,319,14
124000050,261,2161,-1900
124000051,118,227,-109
124000052,177,1331,-1154
124000053,178,354,-176
124000054,404,663,-259
124000055,563,432,131
124000056,3014,1099,1915
124000057,273,181,92
124000058,208,1219,-1011
124000059,167,256,-89
124000060,518,673,-155
124000061,702,1256,-554
124000062,7536,1235,6301
124000063,993,1079,-86
124000064,1623,1381,242
124000065,51,135,-84
124000066,130,41,89
124000067,16,90,-74
124000068,12,87,-75
124000069,78,100,-22
124000070,69,595,-526
124000071,21,40,-19
124000072,80,471,-391
124000073,166,20,146
124000074,76,958,-882
124000075,0,0,0
124000076,3,204,-201
124000077,769,474,295
124000078,1104,72,1032
124000079,326,522,-196
124000080,22,45,-23
124000081,47,767,-720
124000082,1,16,-15
124000083,6,127,-121
124000084,12,56,-44
124000085,15,44,-29
124000086,23,38,-15
124000087,24,19,5
124000088,87,126,-39
124000089,180,206,-26
124000090,55,451,-396
124000091,79,80,-1
124000092,55,666,-611
124000093,38,18,20
124000094,29,223,-194
124000095,40,28,12
124000096,57,240,-183
124000097,26,40,-14
124000098,29,112,-83
124000099,18,27,-9
124000100,23,117,-94
124000101,14,83,-69
124000102,72,67,5
124000103,15,43,-28
124000104,21,78,-57
124000105,8,27,-19
124000106,44,93,-49
124000107,15,46,-31
124000108,19,35,-16
124000109,58,42,16
124000110,66,103,-37
124000111,89,140,-51
124000112,201,545,-344
124000113,24,24,0
124000114,94,516,-422
124000115,195,601,-406
124000116,29,64,-35
124000117,54,52,2
124000118,12,24,-12
124000119,224,463,-239
124000120,82,270,-188
124000121,869,283,586
124000122,575,618,-43
124000123,288,169,119
124000124,229,642,-413
124000125,186,187,-1
124000126,231,444,-213
124000127,219,194,25
124000128,237,925,-688
124000129,1038,739,299
124000130,690,452,238
124000131,543,278,265
124000132,593,647,-54
124000133,192,360,-168
124000134,431,520,-89
124000135,779,633,146
124000136,677,754,-77
124000137,581,274,307
124000138,1099,695,404
124000139,144,9,135
124000140,15,222,-207
124000141,33,5,28
124000142,4,119,-115
124000143,15,9,6
124000144,7,64,-57
124000145,18,9,9
124000146,4,145,-141
124000148,14,13,1
124000149,248,113,135
124000150,160,408,-248
124000151,246,58,188
124000152,320,834,-514
124000153,146,143,3
124000154,212,671,-459
124000155,390,270,120
124000156,957,669,288
124000169,51,87,-36
124000170,442,282,160
124000171,55,60,-5
124000172,185,539,-354
124000173,49,188,-139
124000174,108,667,-559
124000175,2,131,-129
124000176,0,0,0
124000177,11,52,-41
124000178,0,0,0
124000190,67,21,46
124000191,188,47,141
124000192,275,62,213
124000193,222,1025,-803
124000194,275,485,-210
124000195,82,355,-273
124000196,373,976,-603
124000197,37,27,10
124000198,15,18,-3
124000201,52,773,-721
124000202,2,67,-65
124000203,46,827,-781
124000204,9,363,-354
124000205,31,555,-524
124000206,16,322,-306
124000207,0,68,-68
124000209,64,449,-385
124000210,32,178,-146
124000211,23,1,22
124000212,0,504,-504
124000213,60,294,-234
124000214,14,616,-602
124000215,0,0,0
124000216,2,461,-459
124000329,36,2181,-2145
124000338,20,1138,-1118
124000339,101,18,83
124000341,140,43,97
124000344,9,2,7
124000357,360,429,-69
124000358,554,494,60
124000359,273,142,131
124000360,139,108,31
124000361,443,329,114
124000362,971,1747,-776
124000363,152,577,-425
124000364,293,1081,-788
124000365,529,1166,-637
124000366,1850,909,941
124000367,65,461,-396
124000368,51,30,21
124000369,41,20,21
124000370,41,510,-469
124000402,4,2,2
124000403,23,5,18
124000404,8,117,-109
124000405,527,346,181
124000406,613,760,-147
124000407,0,15,-15
124000411,0,307,-307
124000412,54,16,38
124000413,26,43,-17
124000414,31,99,-68
124000415,21,143,-122
124000416,51,289,-238
124000417,44,65,-21
124000418,17,94,-77
124000419,35,199,-164
124000420,9,58,-49
124000421,13,280,-267
124000422,5,7,-2
124000423,33,21,12
124000424,0,134,-134
124000425,8,5,3
124000426,0,142,-142
124000427,22,30,-8
124000428,10,26,-16
124000429,3,91,-88
124000430,204,564,-360
124000431,109,679,-570
124000432,77,595,-518
124000439,1,1,0
124000443,5,13,-8
124000445,156,89,67
124000446,2020,63,1957
124900001,93,89,4
124900002,55,340,-285
124900003,137,253,-116
124900004,97,176,-79
124900005,98,177,-79
124900006,116,183,-67
124900008,500,210,290
124900009,13,35,-22
124900010,21,9,12
124900011,64,31,33
124900012,62,15,47
124900013,59,38,21
124900014,34,45,-11
124900015,18,37,-19
124900016,0,3,-3
124900017,142,64,78
124900018,5,2,3
124900020,7,9,-2
124900021,5,6,-1
124900022,13,0,13
124900024,20,0,20
124900026,7,15,-8
124900027,23,88,-65
124900028,394,71,323
124900029,5,118,-113
124900030,3,118,-115
124900031,10,251,-241
124900032,159,84,75
124900033,41,280,-239
124900034,4,68,-64
124900035,56,280,-224
124900036,0,42,-42
124900037,67,171,-104
124900038,313,286,27
124900039,0,17,-17
124900040,21,69,-48
124900041,133,1158,-1025
124900042,6,2,4
124900043,162,969,-807
124900044,15,1,14
124900045,353,560,-207
124900046,1207,212,995
124900047,80,160,-80
124900048,68,84,-16
124900050,66,147,-81
124900052,32,329,-297
124900053,17,328,-311
124900054,2516,204,2312
124900055,1,56,-55
124900057,3,62,-59
124900060,21,166,-145
124900061,0,1,-1
124900062,11,1,10
124900066,1,32,-31
124900067,1,122,-121
124900068,96,92,4
124900070,1,1,0
124900072,7,5,2
124900075,31,115,-84
124900076,19,133,-114
124900077,14,71,-57
124900078,6,4,2
124900079,350,16,334
124900080,72,806,-734
124900081,210,90,120
124900082,186,830,-644
124900083,89,587,-498
124900085,1099,114,985
124900086,14,239,-225
124900087,230,33,197
124900088,768,59,709
124900089,882,29,853
124900090,21,51,-30
124900091,77,367,-290
124900092,50,274,-224
124900093,33,43,-10
124900094,19,67,-48
124900095,32,108,-76
124900096,131,37,94
124900097,59,21,38
124900098,66,189,-123
124900099,194,130,64
124900100,17,0,17
124900101,3,23,-20
124900102,14,0,14
124900103,34,191,-157
124900104,13,182,-169
124900105,13,116,-103
124900106,33,4,29
124900107,6,3,3
124900108,61,11,50
124900111,0,31,-31
124900112,33,639,-606
124900113,1,58,-57
124900114,10,17,-7
124900115,0,3,-3
124900116,26,17,9
124900117,393,36,357
124900118,26,6,20
124900119,73,23,50
124900120,16,322,-306
124900121,35,45,-10
124900122,663,152,511
124900123,228,13,215
124900124,95,80,15
204000001,3,2,1
204000002,3,3,0
204000003,0,1,-1
204000004,0,1,-1
204000005,128,97,31
204000006,257,157,100
204000011,10,45,-35
204000012,5,173,-168
204000019,224,250,-26
204000020,144,430,-286
204000021,872,426,446
204000022,126,252,-126
204000023,196,975,-779
204000031,10,7,3
204000032,130,12,118
204000034,47,449,-402
204000035,1,12,-11
204000036,8,33,-25
204000037,2,12,-10
204000038,0,53,-53
204000039,1,62,-61
204000040,1,44,-43
204000041,3,51,-48
204000042,1,4,-3
204000043,0,1,-1
204000044,2,1,1
204000045,6,1,5
204000046,2,0,2
204000057,1,93,-92
204000062,13,252,-239
204000068,41,125,-84
204000069,21,124,-103
204000070,18,46,-28
204000080,30,49,-19
204000085,654,1137,-483
204000086,2183,1249,934
204000087,54,21,33
204000088,11,75,-64
204000090,37,572,-535
204000093,25,1,24
204000096,188,155,33
204000097,20,0,20
204000099,327,285,42
204000100,192,229,-37
204000105,860,973,-113
204000110,398,920,-522
204000111,244,631,-387
204000112,224,777,-553
204000113,188,698,-510
204000114,149,127,22
204000115,72,166,-94
204000116,156,269,-113
204000119,295,328,-33
204000132,197,75,122
204000133,222,81,141
204000134,115,36,79
204000135,67,56,11
204000136,62,64,-2
204000138,115,121,-6
204000140,71,52,19
204000141,76,39,37
204000144,0,3,-3
204000145,157,3,154
204000146,127,353,-226
204000147,20,145,-125
204000148,161,7,154
204000154,0,0,0
204000155,0,28,-28
204000177,15,23,-8
204000179,0,0,0
204000180,0,78,-78
204000222,1,19,-18
204000235,26,14,12
204000236,19,304,-285
204000238,6,2,4
204000240,117,41,76
204000263,296,948,-652
204000268,396,191,205
204000308,11,0,11
204000317,18,41,-23
204000322,7,24,-17
204000323,1,0,1
204000328,20,6,14
204000329,55,127,-72
204000330,13,2,11
204000331,63,153,-90
204010341,23,185,-162
205000001,915,846,69
205000013,6,113,-107
205000014,15,164,-149
205000015,26,328,-302
205000016,18,277,-259
205000017,69,105,-36
205000022,245,511,-266
205000025,1688,717,971
205000029,74,9,65
205000045,41,125,-84
205000046,14,351,-337
205000047,31,390,-359
205000048,55,660,-605
205000049,62,521,-459
205000050,921,176,745
205000059,0,300,-300
205000060,1,57,-56
205000061,2,47,-45
205000062,0,42,-42
205000063,7,45,-38
205000064,31,131,-100
205000065,61,698,-637
205000066,42,887,-845
205000067,38,1164,-1126
205000069,291,44,247
205000082,29,21,8
205000110,20,140,-120
205000111,94,189,-95
205000112,7,32,-25
205000113,270,111,159
205000121,2,2,0
205000123,58,186,-128
205000126,0,0,0
205000127,0,0,0
205000128,0,0,0
205000129,0,0,0
205000130,0,0,0
205000131,0,0,0
205000132,0,0,0
205000133,0,0,0
205000134,0,0,0
205000137,171,148,23
205000138,240,198,42
205000139,17,48,-31
205000144,3,4,-1
205000145,38,8,30
205000151,0,0,0
205000152,0,0,0
205000153,0,0,0
205000154,0,0,0
205000155,0,0,0
205000207,101,122,-21
205000233,0,0,0
205000234,0,0,0
205000243,0,0,0
205000244,0,3,-3
205000245,15,331,-316
205000249,0,29,-29
205000250,0,0,0
205000264,6,99,-93
206000027,0,0,0
206000028,1,0,1
206000043,33,219,-186
206000053,14,14,0
206000054,15,29,-14
206000055,7,69,-62
206000075,3,16,-13
206000076,11,20,-9
206000077,26,18,8
206000078,13,20,-7
206000079,11,5,6
206000082,263,25,238
206000100,84,706,-622
206000103,8,23,-15
206000104,9,43,-34
206000105,14,34,-20
206000106,23,57,-34
206000108,436,38,398
206000125,19,0,19
206000157,357,836,-479
206000170,6,377,-371
206000171,1,294,-293
206000172,5,1378,-1373
206000173,3,406,-403
206000174,16,291,-275
206000175,9,367,-358
206000176,23,581,-558
206000177,5,357,-352
206000178,1,253,-252
206000179,7,196,-189
206000180,64,377,-313
206000181,23,467,-444
206000182,98,437,-339
206000183,47,1370,-1323
206000184,14,576,-562
206000185,20,461,-441
206000186,159,1958,-1799
206000223,7,389,-382
206000226,1,0,1
206000227,0,0,0
206000237,54,523,-469
206000238,96,861,-765
206000239,1037,2466,-1429
206000240,1,54,-53
206000241,1,200,-199
206000242,13,678,-665
206000243,7,607,-600
206000244,97,1427,-1330
206000245,177,40,137
206000246,24,6,18
206000247,35,9,26
206000248,52,11,41
206000252,86,42,44
206000258,15,40,-25
206000315,26,7,19
206000317,94,28,66
206000318,54,17,37
206000319,173,60,113
206000320,19,10,9
206000321,22,5,17
206000322,86,10,76
206000323,56,23,33
206000324,23,6,17
206000325,28,13,15
206000326,23,5,18
206000327,36,9,27
206000328,40,4,36
206000329,57,6,51
206000330,25,3,22
206000331,43,2,41
206000332,9,3,6
206000333,90,1,89
206000334,50,1,49
206000335,0,36,-36
206000361,10,297,-287
206000392,4,84,-80
206000405,57,0,57
206000441,0,2,-2
206000498,16,5,11
206000515,338,42,296
206000530,32,13,19
206000531,19,16,3
206000532,324,32,292
206000535,351,1737,-1386
206000536,25,277,-252
206000537,8,166,-158
206000613,354,29,325
207000001,77,373,-296
207000002,40,301,-261
207000003,93,279,-186
207000007,156,59,97
207000008,25,14,11
207000009,38,41,-3
207000010,423,661,-238
207000012,15,18,-3
207000015,418,1818,-1400
207000019,116,56,60
207000021,221,116,105
207000022,31,60,-29
207000023,40,32,8
207000024,6,6,0
207000025,17,47,-30
207000026,60,71,-11
207000027,18,76,-58
207000028,30,248,-218
207000029,182,423,-241
207000033,179,163,16
207000034,103,19,84
207000039,2,3,-1
207000040,3,2,1
207000041,0,0,0
207000042,0,0,0
207000043,0,0,0
207000051,65,342,-277
207000052,4,214,-210
207000053,307,746,-439
207000054,33,135,-102
207000055,46,216,-170
207000056,155,436,-281
207000057,84,283,-199
207000058,75,541,-466
207000059,31,961,-930
207000060,46,261,-215
207000061,44,55,-11
207000062,69,33,36
207000063,83,163,-80
207000064,208,151,57
207000065,113,192,-79
207000066,45,157,-112
207000067,7,100,-93
207000068,49,50,-1
207000069,537,376,161
207000082,48,422,-374
207000083,70,471,-401
207000084,34,22,12
207000085,87,9,78
207000086,44,14,30
207000106,0,0,0
207000107,0,0,0
207000108,0,0,0
207000109,0,0,0
207000110,0,0,0
207000111,0,0,0
207000112,0,0,0
207000114,29,33,-4
207000115,15,81,-66
207000116,18,161,-143
207000117,1,137,-136
207000118,0,93,-93
207000119,11,104,-93
207000123,0,0,0
207000124,0,0,0
207000125,0,0,0
207000126,0,0,0
207000134,26,321,-295
207000135,37,285,-248
207000148,0,0,0
207000149,53,33,20
207000152,86,406,-320
207000153,1075,856,219
207000154,257,96,161
207000159,49,322,-273
207000160,61,793,-732
207000238,0,49,-49
207000242,1,122,-121
207000248,36,29,7
207000249,72,69,3
207000250,394,66,328
207000251,53,70,-17
207000252,27,62,-35
207000278,1,0,1
207000279,13,248,-235
207000280,58,13,45
207000281,59,1219,-1160
207000282,10,9,1
207000283,77,157,-80
207000284,7,39,-32
207000285,137,24,113
207000291,6,112,-106
207000304,89,70,19
207000306,30,382,-352
207000310,0,0,0
207000353,0,0,0
207000356,3,12,-9
207000357,0,3,-3
207000358,1,1,0
207000415,3,149,-146
207000417,0,0,0
207000418,93,138,-45
207000438,0,3,-3
207000439,1277,254,1023
207000446,0,0,0
207000460,2,12,-10
207000466,98,166,-68
207000467,1,3,-2
207000468,18,632,-614
207000476,0,69,-69
207000477,78,104,-26
207000478,2,14,-12
207000523,0,10,-10
207000524,0,0,0
207000527,55,96,-41
207000530,0,0,0
207000531,0,0,0
207000532,0,0,0
207000534,0,0,0
207000535,69,144,-75
207000537,18,112,-94
207000540,7,162,-155
207000541,0,306,-306
207000548,5,258,-253
207000549,0,0,0
207000561,0,0,0
207000562,31,148,-117
207000567,143,279,-136
207000568,27,107,-80
207000569,59,1178,-1119
207000584,393,100,293
207000585,0,0,0
207000587,0,0,0
207000616,1,239,-238
207000617,5,0,5
207000624,0,0,0
207000631,0,0,0
207900008,45,301,-256
208000001,176,174,2
208000002,86,150,-64
208000003,274,169,105
208000004,247,204,43
208000005,0,21,-21
208000019,60,268,-208
208000020,17,117,-100
208000021,37,394,-357
208000022,272,551,-279
208000028,644,367,277
208000033,174,536,-362
208000034,600,921,-321
208000037,6,0,6
208000040,20,105,-85
208000041,120,209,-89
208000042,102,194,-92
208000047,39,273,-234
208000064,926,265,661
208000066,311,125,186
208000070,79,293,-214
208000071,87,427,-340
208000072,91,505,-414
208000080,69,115,-46
208000081,46,99,-53
208000082,65,196,-131
208000083,38,289,-251
208000084,2,7,-5
208000085,435,480,-45
208000086,201,750,-549
208000087,112,607,-495
208000089,393,465,-72
208000090,255,830,-575
208000093,17,89,-72
208000094,183,459,-276
208000095,479,281,198
208000104,238,319,-81
208000105,175,328,-153
208000114,0,1,-1
208000115,80,220,-140
208000116,49,517,-468
208000117,3,84,-81
208000118,16,68,-52
208000155,222,677,-455
208000158,1489,1503,-14
208000186,1271,279,992
208000204,136,647,-511
208000205,475,1024,-549
208000282,3417,774,2643
209000004,37,92,-55
209000005,8,15,-7
209000006,109,90,19
209000007,106,147,-41
209000010,213,113,100
209000011,62,170,-108
209000012,71,219,-148
209000013,98,719,-621
209000014,412,1762,-1350
209000025,99,27,72
209000026,267,44,223
209000027,185,1191,-1006
209000028,226,1418,-1192
209000029,270,1148,-878
209000030,193,1856,-1663
209000031,4070,2266,1804
209000034,123,210,-87
209000035,65,132,-67
209000036,59,112,-53
209000037,67,246,-179
209000038,73,149,-76
209000039,38,130,-92
209000040,216,509,-293
209000041,147,423,-276
209000042,217,508,-291
209000043,341,521,-180
209000044,301,415,-114
209000045,166,196,-30
209000046,48,267,-219
209000047,36,123,-87
209000048,29,148,-119
209000049,49,178,-129
209000050,112,262,-150
209000051,93,381,-288
209000052,58,334,-276
209000062,8,172,-164
209000063,9,130,-121
209000064,9,135,-126
209000065,21,22,-1
209000066,23,44,-21
209000067,21,69,-48
209000080,8,148,-140
209000082,48,34,14
209000091,26,65,-39
209000093,75,44,31
209000094,144,88,56
209000110,33,42,-9
209000111,172,434,-262
209000112,177,182,-5
209000113,234,209,25
209000114,134,94,40
209000115,39,196,-157
209000116,852,558,294
209000118,8,27,-19
209000119,18,12,6
209000121,65,747,-682
209000135,76,58,18
209000142,622,366,256
209000143,12,51,-39
209000144,7,24,-17
209000229,24,135,-111
209000240,12,419,-407
209000259,86,187,-101
209000260,34,833,-799
209000261,2,502,-500
209000262,0,469,-469
209000263,0,75,-75
209000264,0,28,-28
209000265,0,1,-1
209000266,0,0,0
209000267,0,0,0
209000268,0,0,0
210000037,23,11,12
210000047,1,7,-6
210000048,5,11,-6
210000049,16,9,7
210000052,9,154,-145
210000053,13,56,-43
210000054,36,54,-18
210000070,0,0,0
210000071,0,0,0
210000072,0,0,0
210000073,0,32,-32
210000074,1,70,-69
210000075,3,39,-36
210000076,2,158,-156
210000077,22,29,-7
210000078,30,22,8
210000079,4,2,2
210000080,11,14,-3
210000081,10,0,10
210000082,4,0,4
210000083,11,0,11
210000084,0,0,0
210000085,0,62,-62
210000086,4,108,-104
210000099,29,209,-180
210000100,35,213,-178
210000101,50,170,-120
210000105,47,104,-57
210000159,0,81,-81
210000163,186,185,1
210000164,101,54,47
210000168,54,10,44
210000187,0,2,-2
210000188,0,19,-19
210000214,0,0,0
210000219,0,19,-19
210000220,4,12,-8
210000232,1,23,-22
210000233,6,21,-15
210000234,14,121,-107
210000235,14,131,-117
210000245,0,18,-18
210000246,2,1,1
210000258,4,145,-141
210000259,18,0,18
210000282,26,160,-134
210000285,0,87,-87
210000286,9,119,-110
210000290,0,1,-1
210000295,20,76,-56
210000296,47,39,8
210000320,34,30,4
210000321,6,14,-8
210000338,26,98,-72
210000339,694,489,205
210000340,77,152,-75
210000341,88,146,-58
210000342,76,107,-31
210000343,66,164,-98
210000344,85,60,25
210000345,109,54,55
210000346,12,27,-15
210000347,6,17,-11
210000348,24,6,18
210000349,8,12,-4
210000350,44,56,-12
210000351,39,92,-53
210000352,27,87,-60
210000353,11,84,-73
210000354,28,76,-48
210000355,15,64,-49
210000356,10,41,-31
210000357,6,17,-11
210000358,152,52,100
210000359,38,33,5
210000360,81,33,48
210000361,41,66,-25
210000362,52,49,3
210000363,284,17,267
210000364,15,9,6
210000365,17,11,6
210000366,20,6,14
210000367,10,4,6
210000368,19,3,16
210000369,4,17,-13
210000370,9,19,-10
210000372,10,8,2
210000373,2,4,-2
210000374,10,3,7
210000375,12,83,-71
210000376,23,84,-61
210000404,94,138,-44
210000439,14,13,1
210000472,43,2,41
210000482,30,19,11
210000564,257,22,235
210000567,0,4,-4
210000568,117,1,116
211000092,26,51,-25
211000094,0,14,-14
211000169,83,3,80
211000172,6,101,-95
211000209,0,10,-10
211000226,4,8,-4
211000270,0,8,-8
211000275,15,16,-1
211000276,21,11,10
211000279,1,37,-36
211000281,3,43,-40
211507980,2,9,-7
211977296,1,2,-1
212000003,26,27,-1
212000004,11,13,-2
212000005,14,18,-4
212000006,17,49,-32
212000008,74,268,-194
212000009,10,176,-166
212000012,26,55,-29
212000013,9,42,-33
212000014,139,135,4
212000015,132,171,-39
212000016,319,448,-129
212000027,246,206,40
212000028,75,159,-84
212000029,39,76,-37
212000030,10,12,-2
212000031,20,62,-42
212000048,10,67,-57
212000049,9,51,-42
212000050,20,9,11
212000051,120,250,-130
212000052,113,349,-236
212000053,298,619,-321
212000054,31,111,-80
212000055,53,131,-78
212000056,2,13,-11
212000057,2,15,-13
212000058,67,10,57
212000070,79,298,-219
212000077,130,561,-431
212000099,57,131,-74
212000108,59,93,-34
212000111,36,72,-36
212000120,73,149,-76
212000138,47,20,27
212000156,7,81,-74
212000158,0,9,-9
212000159,66,35,31
212000160,151,152,-1
212000161,6,9,-3
212000310,12,19,-7
212000311,1,7,-6
212000374,5,11,-6
213000001,39,593,-554
213000005,92,30,62
213000006,322,41,281
213000007,6,0,6
213000009,74,41,33
213000010,38,21,17
213000011,39,41,-2
213000012,75,260,-185
213000014,7,2,5
213000015,15,0,15
213000016,19,0,19
213000017,0,0,0
213000018,1,147,-146
213000019,0,140,-140
213000020,70,293,-223
213000021,3,65,-62
213000023,1,0,1
213000033,127,435,-308
213000034,110,101,9
213000035,31,25,6
213000045,71,210,-139
213000046,76,152,-76
213000047,406,377,29
213000056,6,2,4
213000069,6,0,6
213000073,0,6,-6
213000074,75,434,-359
213000075,28,0,28
213000076,1,0,1
213000085,2,35,-33
213000086,15,170,-155
213000091,2,0,2
213000092,0,0,0
213000099,71,564,-493
213000100,195,5,190
213000101,8,161,-153
213000102,8,454,-446
213000103,133,533,-400
213000104,43,437,-394
213000105,1,31,-30
213000106,5,213,-208
213000107,51,737,-686
213000108,17,471,-454
213000109,1,209,-208
213000110,0,53,-53
213000111,0,59,-59
213000112,107,142,-35
213000115,1,0,1
213000116,57,466,-409
213000117,3,751,-748
213000118,103,193,-90
213000119,38,660,-622
213000120,31,624,-593
213000122,125,603,-478
213000123,639,924,-285
213000124,36,1277,-1241
213000125,0,0,0
213000126,30,70,-40
213000127,100,87,13
213000128,639,344,295
213000129,0,0,0
213000130,11,4,7
213000132,6,1,5
213000133,10,1,9
213000134,30,8,22
213000136,54,7,47
213000137,110,28,82
213000139,43,3,40
213000147,5,0,5
213000148,2,3,-1
213000149,3,2,1
213000150,0,72,-72
213000151,0,60,-60
213000152,0,58,-58
213000153,1,36,-35
213000154,8,226,-218
213000155,22,329,-307
213000156,48,439,-391
213000157,599,505,94
213000158,125,479,-354
213000159,137,212,-75
213000163,32,6,26
213000165,82,9,73
213000171,1,138,-137
213000172,1,352,-351
213000173,3,319,-316
213000174,0,253,-253
213000175,6,129,-123
213000176,1,1,0
213000177,0,0,0
213000178,0,0,0
213000179,0,0,0
213000180,1,0,1
213000184,53,337,-284
213000188,50,25,25
213000189,41,6,35
213000190,242,432,-190
213000191,25,451,-426
213000192,38,511,-473
213000193,1348,119,1229
213000194,1,25,-24
213000195,15,391,-376
213000196,73,562,-489
213000197,67,26,41
213000198,0,0,0
213000200,69,1027,-958
213000201,119,41,78
213000202,5,586,-581
213000203,857,97,760
213000204,99,2,97
213000205,25,6,19
213000206,32,5,27
213000207,7,0,7
213000208,1,0,1
213000209,1,0,1
213000210,9,0,9
213000211,0,5,-5
213000212,1,20,-19
213000213,0,13,-13
213000218,55,798,-743
213000219,0,0,0
213000220,0,0,0
213000223,77,36,41
213000224,3,5,-2
213000225,11,0,11
213000226,6,2,4
213000227,97,50,47
213000228,26,18,8
213000229,52,10,42
213000230,56,2,54
213000232,21,239,-218
213000233,1,19,-18
213000234,0,22,-22
213000293,1,31,-30
213000294,10,0,10
213000295,2,58,-56
213000296,43,3,40
213000297,20,49,-29
213000298,9,55,-46
213000299,18,4,14
213000300,4,1,3
213000303,2,32,-30
213000304,0,2,-2
213000305,0,7,-7
213000306,20,15,5
213000307,13,36,-23
213000308,41,193,-152
213000309,38,7,31
213000310,70,3,67
213000311,166,502,-336
213000315,25,142,-117
213000316,18,17,1
213000322,21,126,-105
213000323,12,49,-37
213000324,7,76,-69
213000325,14,95,-81
213000326,19,25,-6
213000327,2,57,-55
213000328,6,79,-73
213000329,31,28,3
213000340,62,859,-797
213000341,11,2,9
213000346,59,11,48
213000347,336,27,309
213000348,5,105,-100
213000349,1,9,-8
213000350,127,1392,-1265
213000366,17,180,-163
213000367,31,9,22
213000379,21,73,-52
213000386,2,177,-175
213000406,65,316,-251
213000417,259,106,153
213000425,40,35,5
213000426,30,44,-14
213000427,12,302,-290
213000428,13,222,-209
213000429,5,1,4
213000430,17,684,-667
213000431,48,0,48
213000432,0,2,-2
213000433,1,96,-95
213000434,23,31,-8
213000435,33,54,-21
213000436,0,44,-44
213000437,0,36,-36
213000438,29,62,-33
213000439,21,2,19
213000440,2,134,-132
213000441,1,1,0
213000442,0,23,-23
213000443,151,115,36
213000444,19,49,-30
213000445,0,83,-83
213000446,0,6,-6
213000447,1,8,-7
213000448,0,11,-11
213000449,40,3,37
213000450,2,12,-10
213000451,17,17,0
213000452,1,11,-10
213000453,14,165,-151
213000455,13,1,12
213000456,0,44,-44
213000481,7,3,4
213000482,25,4,21
213000489,229,8,221
213000491,0,41,-41
213000492,5,0,5
213000493,1,12,-11
213000494,6,3,3
213000495,0,126,-126
213000496,2,0,2
213000497,17,320,-303
213000498,43,246,-203
213000499,65,716,-651
213000500,23,3,20
213000501,5,1,4
213000502,28,4,24
213000503,1,55,-54
213000504,5,177,-172
213000505,0,4,-4
213000506,0,8,-8
213000507,1,175,-174
213900244,0,0,0
213900245,1,42,-41
218000003,2,9,-7
218000004,14,16,-2
218000005,4,3,1
218000006,12,33,-21
218000007,6,17,-11
218000012,247,45,202
218000013,52,100,-48
218000014,441,230,211
218000019,734,301,433
218000020,182,256,-74
218000021,17,109,-92
218000022,9,42,-33
218000023,0,65,-65
218000024,0,37,-37
218000025,5,52,-47
218000026,11,70,-59
218000027,0,29,-29
218000028,0,21,-21
218000029,0,8,-8
218000030,16,42,-26
218000031,0,74,-74
218000032,2,35,-33
218000040,4,5,-1
218000046,27,195,-168
218000047,4,174,-170
218000048,45,220,-175
218000049,45,139,-94
218000050,158,278,-120
218000051,27,315,-288
218000052,0,33,-33
218000053,0,16,-16
218000054,16,20,-4
218000055,0,7,-7
218000056,3,30,-27
218000057,0,35,-35
218000064,0,8,-8
218000065,56,44,12
218000066,5,35,-30
218000067,14,71,-57
218000068,32,119,-87
218000069,60,206,-146
218000070,101,275,-174
218000071,124,201,-77
218000072,323,211,112
218000078,308,1116,-808
218000079,41,40,1
218000080,32,59,-27
218000081,163,177,-14
218000082,4,117,-113
218000083,16,58,-42
218000084,67,228,-161
218000085,133,481,-348
218000086,17,162,-145
218000087,105,261,-156
218000090,5,53,-48
218000091,301,172,129
218000092,32,121,-89
218000093,41,127,-86
218000094,355,703,-348
218000099,298,317,-19
218000100,125,213,-88
218000101,141,109,32
218000102,103,237,-134
218000103,25,186,-161
218000104,28,56,-28
218000105,6,7,-1
218000106,16,15,1
218000107,17,110,-93
218000108,2,67,-65
218000112,14,12,2
218000117,18,68,-50
218000134,299,652,-353
218000135,16,72,-56
218000136,52,35,17
218000137,43,177,-134
218000138,2,72,-70
218000139,27,293,-266
218000140,71,154,-83
218000141,12,45,-33
218000142,57,101,-44
218000143,11,104,-93
218000144,4,42,-38
218000145,111,356,-245
218000146,25,77,-52
218000151,3,24,-21
218000152,41,77,-36
218000153,1,14,-13
218000154,5,1,4
218000155,2,3,-1
218000156,39,42,-3
218000157,5,30,-25
218000158,0,11,-11
218000159,2,11,-9
218000160,1,2,-1
218000161,20,5,15
218000162,24,16,8
218000163,8,2,6
218000164,17,6,11
218000165,41,44,-3
218000170,0,41,-41
218000171,26,19,7
218000172,4,9,-5
218000173,30,15,15
218000174,2,5,-3
218000176,94,10,84
218000177,297,57,240
218000178,109,53,56
218000179,102,29,73
218000180,64,14,50
218000181,109,17,92
218000187,0,5,-5
218000188,1,23,-22
218000189,2,40,-38
218000190,2,22,-20
218000191,27,56,-29
218000192,48,515,-467
218000193,226,449,-223
218000194,27,334,-307
218000195,66,104,-38
218000196,130,216,-86
218000197,126,280,-154
218000198,1,108,-107
218000199,13,18,-5
218000200,6,22,-16
218000201,8,22,-14
218000202,111,133,-22
218000207,3,27,-24
218000208,17,42,-25
218000211,6,15,-9
218000212,0,8,-8
218000213,54,35,19
218000214,2,17,-15
218000215,48,130,-82
218000217,6,97,-91
218000218,319,71,248
218000219,4,10,-6
218000220,37,213,-176
218000221,91,71,20
218000222,17,17,0
218000223,29,147,-118
218000224,9,97,-88
218000225,171,32,139
218000226,59,88,-29
218000230,1,2,-1
218000232,19,42,-23
218000239,1,0,1
218000240,0,0,0
218000241,0,0,0
218000242,0,0,0
218000243,0,0,0
218000244,0,0,0
218000245,0,0,0
218000246,0,0,0
218000247,0,0,0
218000248,0,32,-32
218000249,0,1,-1
218000250,0,8,-8
218000251,0,15,-15
218000252,0,17,-17
218000253,1,7,-6
218000254,1,14,-13
218000255,0,4,-4
218000256,2,37,-35
218000267,619,679,-60
218000268,1,23,-22
218000269,0,9,-9
218000270,29,83,-54
218000271,20,59,-39
218000273,11,4,7
218000274,3,4,-1
218000275,12,23,-11
218000276,11,39,-28
218000278,47,24,23
218000279,26,82,-56
218000280,3,9,-6
218000281,2,19,-17
218000282,153,61,92
218000284,46,6,40
218000301,14,103,-89
218000302,29,34,-5
218000303,6,26,-20
218000316,444,787,-343
218000317,344,863,-519
218000318,195,777,-582
218000319,402,1411,-1009
218000320,303,638,-335
218000338,9,35,-26
218000345,57,72,-15
218000346,4,19,-15
218000459,86,344,-258
218000490,3,41,-38
218000501,34,21,13
218000502,8,95,-87
218000503,43,10,33
218000504,115,8,107
218000505,22,128,-106
218000506,40,107,-67
218000508,0,3,-3
218000510,166,11,155
218000520,69,106,-37
218000521,2,46,-44
218000522,3,118,-115
218000523,0,0,0
218000524,31,48,-17
218000525,2,7,-5
218000526,33,68,-35
218000529,24,234,-210
218000530,4,4,0
218000531,3,22,-19
218000532,2,35,-33
218000534,8,5,3
218000537,6,8,-2
218000538,49,110,-61
218000540,185,78,107
218000543,41,49,-8
218000544,22,118,-96
218000545,20,48,-28
218000546,26,128,-102
218000547,24,65,-41
218000548,43,165,-122
218000549,229,60,169
218000550,244,635,-391
218000551,186,159,27
218000552,210,15,195
218000553,7,31,-24
218000554,36,27,9
218000555,7,33,-26
218000556,35,337,-302
218000557,112,64,48
218000558,1,1,0
218000559,0,12,-12
218000560,1,13,-12
218000561,0,0,0
218000562,9,109,-100
218000563,39,12,27
218000564,5,126,-121
218000565,18,6,12
218000566,57,8,49
218000567,2,26,-24
218000568,0,0,0
218000569,0,55,-55
218000570,4,4,0
218000571,1,64,-63
218000572,0,0,0
218000573,2,16,-14
218000574,2,27,-25
218000575,0,0,0
218000576,4,43,-39
218000577,0,0,0
218000578,1,56,-55
218000579,11,0,11
218000581,1,71,-70
218000582,2,5,-3
218000583,1,0,1
218000584,0,17,-17
218000585,7,1,6
218000586,0,33,-33
218000587,0,0,0
218000588,0,0,0
218000589,0,4,-4
218000590,0,0,0
218000591,0,25,-25
218000592,0,0,0
218000593,0,0,0
218000594,0,1,-1
218000597,0,1,-1
218000598,0,0,0
218000599,0,0,0
218000600,0,0,0
218000601,0,0,0
218000602,0,0,0
218000603,0,4,-4
218000604,1,0,1
218000605,0,16,-16
218000606,9,1,8
218000607,5,28,-23
218000608,8,4,4
218000609,1,31,-30
218000610,11,2,9
218000611,0,0,0
218000612,0,29,-29
218000613,4,1,3
218000614,0,31,-31
218000615,19,0,19
218000616,0,102,-102
218000617,8,0,8
218000618,0,19,-19
218000619,4,1,3
218000620,3,17,-14
218000621,0,0,0
218000622,0,2,-2
218000623,2,0,2
218000624,0,5,-5
218000625,2,0,2
218000626,0,9,-9
218000628,13,10,3
218000631,1,5,-4
218000632,2,42,-40
218000633,0,0,0
218000634,1,12,-11
218000635,1,4,-3
218000636,382,1291,-909
218000637,361,450,-89
218000638,15,13,2
218000639,19,246,-227
218000640,36,17,19
218000641,9,293,-284
218000652,114,143,-29
218000653,118,87,31
218000663,2,68,-66
218000675,1,13,-12
218000676,2,45,-43
218000677,4,12,-8
218000680,92,459,-367
218000681,5,10,-5
218000691,45,414,-369
218000693,1,5,-4
218000703,12,86,-74
218000718,75,146,-71
218000719,32,16,16
218000720,3,8,-5
218000721,2,4,-2
218000725,5,17,-12
218001147,4,161,-157
218001214,22,14,8
218001258,11,1,10
218001329,0,1,-1
218001330,80,91,-11
218001351,1,0,1
218001352,4,8,-4
218001353,1,2,-1
218001354,2,7,-5
218001355,10,424,-414
218001356,46,2,44
218001357,8,269,-261
218001358,26,0,26
218001361,11,0,11
218001362,6,257,-251
219000001,8,74,-66
219000002,28,97,-69
219000003,77,37,40
219000004,69,64,5
219000017,39,11,28
219000020,64,11,53
219000022,36,3,33
219000023,49,1,48
219000029,1,72,-71
219000034,3,3,0
219000039,50,64,-14
219000040,8,32,-24
219000041,52,34,18
219000051,1,72,-71
219000052,0,31,-31
219000053,0,260,-260
219000054,12,99,-87
219000055,27,1,26
219000056,3,1,2
219000057,21,0,21
219000062,5,210,-205
219000063,11,9,2
219000064,2,26,-24
219000110,135,9,126
219000111,65,21,44
219000112,152,33,119
219000113,61,23,38
219000114,185,17,168
219000116,70,30,40
219000117,155,60,95
219000118,28,48,-20
219000123,159,78,81
219000124,27,30,-3
219000125,4,17,-13
219000126,21,65,-44
219000127,0,6,-6
219000128,21,63,-42
219000129,22,111,-89
219000130,1436,676,760
219000131,1525,809,716
219000133,32,23,9
219000134,9,12,-3
219000135,31,75,-44
219000136,143,162,-19
219000138,15,20,-5
219000139,16,62,-46
219000140,9,0,9
219000141,7,131,-124
219000142,9,106,-97
219000143,2,83,-81
219000145,1,22,-21
219000146,14,57,-43
219000147,0,71,-71
219000148,0,68,-68
219000149,21,191,-170
219000150,7,148,-141
219000151,0,109,-109
219000157,96,97,-1
219000158,91,216,-125
219000161,117,16,101
219000163,1108,298,810
219000166,35,130,-95
219000167,48,307,-259
219000168,142,26,116
219000174,120,50,70
219000175,36,0,36
219000176,42,3,39
219000177,1,1,0
219000178,1,0,1
219000179,17,9,8
219000180,17,26,-9
219000182,10,2,8
219000183,4,57,-53
219000184,6,0,6
219000185,21,131,-110
219000186,2,48,-46
219000187,8,113,-105
219000189,110,107,3
219000190,160,147,13
219000191,1226,511,715
219000192,134,143,-9
219000193,506,175,331
219000195,1,50,-49
219000196,4,99,-95
219000198,24,164,-140
219000199,51,173,-122
219000200,24,169,-145
219000201,93,243,-150
219000203,6,81,-75
219000204,47,173,-126
219000205,26,182,-156
219000207,53,164,-111
219000209,13,119,-106
219000210,18,117,-99
219000213,6,182,-176
219000239,87,106,-19
219000240,74,202,-128
219000241,25,209,-184
219000242,20,148,-128
219000243,36,255,-219
219000244,3,84,-81
219000245,6,31,-25
219000246,7,3,4
219000247,34,8,26
219000248,176,49,127
219000249,40,9,31
219000250,18,4,14
219000251,130,12,118
219000252,0,0,0
219000253,0,0,0
219000255,8,37,-29
219000256,32,62,-30
219000257,0,0,0
219000262,42,257,-215
219000263,29,243,-214
219000267,4,133,-129
219000268,0,6,-6
219000269,1,1,0
219000270,9,1,8
219000271,94,2,92
219000278,0,9,-9
219000279,0,5,-5
219000283,0,6,-6
219000295,8,109,-101
219000296,55,577,-522
219000297,9,125,-116
219000298,10,232,-222
219000299,128,10,118
219000300,12,358,-346
219000301,78,271,-193
219000302,16,162,-146
219000307,9,68,-59
219000308,47,21,26
219000311,33,15,18
219000312,101,14,87
219000313,48,10,38
219000314,110,514,-404
219000315,11,5,6
219000316,57,4,53
219000317,11,0,11
219000320,0,44,-44
219000321,0,11,-11
219000323,4,72,-68
219000325,2,41,-39
219000326,45,138,-93
219000327,43,52,-9
219000328,20,50,-30
219000329,339,80,259
219000330,18,27,-9
219000331,29,32,-3
219000332,22,44,-22
219000333,6,5,1
219000335,12,0,12
219000337,0,0,0
219000338,0,0,0
219000344,17,52,-35
219000345,73,216,-143
219000346,16,186,-170
219000348,53,164,-111
219000349,15,243,-228
219000350,56,68,-12
219000351,0,3,-3
219000352,176,43,133
219000353,57,35,22
219000354,54,98,-44
219000355,50,21,29
219000356,1394,282,1112
219000363,225,40,185
219000364,81,26,55
219000365,75,12,63
219000366,359,99,260
219000368,453,204,249
219000370,622,155,467
219000371,12,9,3
219000382,3,16,-13
219000383,566,515,51
219000385,515,434,81
219000386,876,831,45
219000387,0,3,-3
219000390,5,0,5
219000391,3,1,2
219000397,42,117,-75
219000398,76,40,36
219000401,8,61,-53
219000402,8,52,-44
219000403,31,77,-46
219000404,30,23,7
219000407,3,14,-11
219000409,0,0,0
219000410,0,0,0
219000411,0,0,0
219000446,234,370,-136
219000447,1,15,-14
219000448,0,0,0
219000452,29,27,2
219000453,52,63,-11
219000454,173,100,73
219000556,33,12,21
219000558,54,230,-176
219000590,11,130,-119
219000591,9,4,5
219000592,82,378,-296
219000595,4,53,-49
219000635,8,2,6
219000636,19,102,-83
219000657,17,17,0
219000658,6,32,-26
219000673,0,50,-50
219000676,12,2,10
219000679,14,11,3
219000684,21,1,20
219000685,0,87,-87
219000686,1,1,0
219000688,0,132,-132
219000689,90,112,-22
219000690,0,0,0
219000691,49,36,13
219000692,3,27,-24
219000693,0,40,-40
219000694,0,0,0
219000695,1,0,1
219000698,0,0,0
219000699,0,15,-15
219000727,5,154,-149
219000728,86,1,85
219000770,0,0,0
219000771,1,30,-29
219000788,173,143,30
219001150,1,8,-7
219001151,0,3,-3
219001166,0,0,0
219001167,3,52,-49
219001178,20,1,19
220000001,3,19,-16
220000002,4,117,-113
220000003,183,305,-122
220000004,387,541,-154
220000005,1062,1172,-110
220000006,86,626,-540
220000007,145,842,-697
220000008,78,990,-912
220000009,94,508,-414
220000010,30,104,-74
220000011,351,625,-274
220000012,45,80,-35
220000014,19,67,-48
220000015,6,50,-44
220000017,10,246,-236
220000018,2754,312,2442
220000019,28,146,-118
220000020,25,160,-135
220000021,209,132,77
220000022,277,414,-137
220000023,61,105,-44
220000024,1058,227,831
220000025,779,271,508
220000026,147,83,64
220000027,6,67,-61
220000028,23,36,-13
220000029,25,116,-91
220000030,24,53,-29
220000031,82,189,-107
220000064,1,496,-495
221000046,2,1,1
221000047,0,0,0
221000048,0,0,0
221000049,0,8,-8
221000050,8,0,8
221000055,45,44,1
221000057,51,4,47
221000068,184,68,116
221000069,144,32,112
221000070,76,10,66
221000071,48,5,43
221000072,100,15,85
221000073,49,41,8
221000074,0,6,-6
221000075,1,11,-10
221000076,6,59,-53
221000077,17,92,-75
221000081,3,2,1
221000082,18,4,14
221000083,7,4,3
221000084,2,2,0
221000085,19,48,-29
221000086,20,169,-149
221000087,1,174,-173
221000088,26,144,-118
221000089,50,178,-128
221000090,209,268,-59
221000098,57,10,47
221000099,137,13,124
221000100,37,9,28
221000101,143,11,132
221000102,61,13,48
221000109,5,97,-92
221000110,8,169,-161
221000111,24,163,-139
221000112,7,134,-127
221000113,19,203,-184
221000114,10,180,-170
221000120,11,19,-8
221000121,1,10,-9
221000122,7,8,-1
221000123,7,32,-25
221000124,11,237,-226
221000155,26,2,24
221000156,10,6,4
221000175,0,3,-3
221000176,0,2,-2
221000182,12,2,10
221000241,504,138,366
221000242,353,234,119
221000243,212,62,150
221000244,133,239,-106
221000245,29,55,-26
221000246,10,131,-121
221000247,33,111,-78
221000248,21,153,-132
221000267,16,441,-425
221000325,21,36,-15
221000331,0,45,-45
221000338,1,5,-4
221000378,48,13,35
221000381,31,86,-55
222000282,0,0,0
222000296,0,7,-7
222000568,77,2,75
222000569,20,8,12
222000570,20,1,19
222000571,21,3,18
222000577,3,203,-200
222000578,5,174,-169
222000579,34,78,-44
222000580,91,489,-398
222000599,0,88,-88
222000600,0,192,-192
222000601,5,646,-641
222000603,4,14,-10
222000604,0,16,-16
222000605,1,4,-3
222000606,1,8,-7
222000607,0,6,-6
222000608,1,13,-12
222000609,25,312,-287
222000616,0,4,-4
222000617,0,0,0
222000618,0,0,0
222000620,0,0,0
222000621,0,0,0
222000623,0,0,0
222000624,0,0,0
222000625,1,41,-40
222000636,6,0,6
222000686,0,0,0
222000687,0,0,0
222001066,29,0,29
222001067,0,2,-2
222001068,3,8,-5
222001069,13,12,1
222001082,3,42,-39
222001083,3,52,-49
222001084,1,53,-52
222001085,0,128,-128
222001111,6,220,-214
222001112,5,2,3
222001313,0,0,0
222001314,1,45,-44
222001464,2,9,-7
222001465,5,101,-96
222001484,0,1,-1
222001485,16,75,-59
222001494,19,22,-3
222001495,47,384,-337
222001496,14,8,6
222001497,33,526,-493
222001502,16,110,-94
222001503,0,0,0
222001504,12,243,-231
222001505,5,0,5
222001506,21,169,-148
222001507,0,0,0
222001510,3,0,3
222001511,24,302,-278
222001514,5,0,5
222001515,113,598,-485
222001518,1,1,0
222001519,24,321,-297
222001527,0,0,0
222001528,52,90,-38
222001529,0,3,-3
222001530,19,193,-174
222001533,94,368,-274
222001534,0,2,-2
222001535,5,28,-23
222001536,39,292,-253
222001537,1,0,1
222001538,49,382,-333
222001563,1,1,0
222001564,17,674,-657
222001568,6,34,-28
222001576,0,2,-2
222001579,0,3,-3
222001583,3,280,-277
222001584,2,0,2
222001596,173,1127,-954
222001597,41,13,28
222001626,0,122,-122
222001650,0,26,-26
222001651,3,46,-43
222001914,0,0,0
222001915,45,136,-91
222001968,67,16,51
222001969,284,668,-384
222001970,37,125,-88
222001971,2,4,-2
222001972,1,19,-18
225000001,53,14,39
225000002,75,8,67
225000003,61,8,53
225000004,54,25,29
225000005,7,1,6
225000006,1,107,-106
225000007,3127,702,2425
225000010,46,1,45
225000011,119,137,-18
225000012,10,75,-65
225000013,4,25,-21
225000014,50,7,43
225000015,44,137,-93
225000021,55,11,44
225000027,145,344,-199
225000032,116,9,107
225000042,33,490,-457
225000049,7,41,-34
225000050,37,9,28
225000053,0,114,-114
225000058,52,14,38
225000067,64,195,-131
225000068,39,457,-418
225000069,88,436,-348
225000070,41,382,-341
225000071,11,228,-217
225000075,19,555,-536
225000076,28,70,-42
225000078,14,9,5
225000085,0,0,0
225000086,0,0,0
225000087,0,0,0
225000088,4,91,-87
225000089,332,329,3
225000090,9,214,-205
225000091,29,212,-183
225000092,4,40,-36
225000093,51,365,-314
225000094,10,459,-449
225000095,162,467,-305
225000096,53,314,-261
225000098,104,65,39
225000099,73,29,44
225000100,60,31,29
225000104,20,338,-318
225000110,11,371,-360
225000111,69,836,-767
225000112,95,720,-625
225000113,34,464,-430
225000114,21,230,-209
225000115,2369,309,2060
225000116,170,14,156
225000117,70,55,15
225000118,123,18,105
225000119,22,11,11
225000120,32,4,28
225000121,37,2,35
225000123,55,1,54
225000125,80,120,-40
225000126,468,81,387
225000127,548,126,422
225000128,91,67,24
225000132,155,21,134
225000133,102,15,87
225000134,275,57,218
225000135,7,10,-3
225000136,45,10,35
225000137,21,19,2
225000138,170,9,161
225000143,54,106,-52
225000144,0,218,-218
225000145,0,0,0
225000146,18,88,-70
225000147,5,268,-263
225000148,1,143,-142
225000149,20,295,-275
225000151,14,223,-209
225000155,104,232,-128
225000156,108,348,-240
225000157,77,237,-160
225000158,38,377,-339
225000171,2,179,-177
225000180,16,0,16
225000181,0,34,-34
225000182,3,0,3
225000185,6,170,-164
225000187,44,336,-292
225000191,0,1,-1
225000194,0,7,-7
225000208,0,36,-36
225000209,0,0,0
225000210,0,115,-115
225000217,0,15,-15
225000218,1,0,1
225000223,0,22,-22
225000224,1,0,1
225000225,0,2,-2
225000226,9,0,9
225000227,18,30,-12
225000228,0,0,0
225000229,0,71,-71
225000230,0,0,0
225000231,0,68,-68
225000232,15,0,15
225000241,2,1,1
225000242,0,29,-29
225000249,0,0,0
225000250,24,626,-602
225000251,141,15,126
225000254,0,2,-2
225000256,0,0,0
225000257,0,2,-2
226000042,270,342,-72
226000043,27,172,-145
226000044,48,579,-531
226000045,64,420,-356
226000046,109,34,75
226000047,129,30,99
226000048,170,28,142
226000049,90,43,47
226000070,2,33,-31
226000071,0,43,-43
226000072,0,8,-8
226000073,0,2,-2
226000074,1,5,-4
226000084,2,32,-30
226000085,2,3,-1
226000086,2,24,-22
226000087,1,26,-25
226000088,29,12,17
226000090,29,5,24
226000091,1,1,0
226000092,1,0,1
226000093,3,0,3
226000094,2,1,1
226000095,6,1,5
226000105,2,1,1
226000106,7,0,7
226000107,1,0,1
226000108,5,0,5
226000109,37,0,37
226000124,110,18,92
226000134,191,208,-17
226000135,337,282,55
226000136,81,150,-69
226000137,2,328,-326
226000138,6,215,-209
226000139,0,10,-10
226000156,38,3,35
226000157,96,9,87
226000163,10,33,-23
226000202,3,314,-311
226000231,85,5,80
226000232,12,4,8
227000033,149,37,112
227000036,131,7,124
227000037,82,8,74
227000038,40,8,32
227000084,0,39,-39
227000085,0,31,-31
227000088,8,2,6
227000089,34,0,34
227000090,22,2,20
227000091,10,1,9
227000092,11,0,11
227000093,14,2,12
227000094,8,2,6
227000130,12,53,-41
227000131,6,320,-314
227000132,7,311,-304
227000133,8,315,-307
227000134,11,445,-434
227000152,0,3,-3
227000153,0,53,-53
227000154,0,22,-22
227000155,1,27,-26
227000156,0,23,-23
227000165,0,19,-19
227000196,53,345,-292
227000199,17,405,-388
227000230,10,487,-477
227000232,18,0,18
227000242,81,450,-369
227000243,435,65,370
227000245,18,429,-411
227000246,75,445,-370
227000247,129,72,57
227000248,93,30,63
227000249,14,288,-274
227000250,446,125,321
227000251,140,302,-162
227000252,15,369,-354
227000253,54,32,22
227000262,236,19,217
227000266,37,0,37
227000267,22,1977,-1955
227000282,7,249,-242
227000284,17,5,12
227000286,7,91,-84
227000287,15,143,-128
227000291,17,505,-488
227000296,97,119,-22
227000484,117,3,114
227000485,21,516,-495
227000655,26,2,24
227000656,154,10,144
227000657,11,2,9
227000661,5,0,5
227000680,40,22,18
229000265,2,10,-8
229000296,1,2,-1
229000297,1,20,-19
229000298,6,40,-34
229000320,2,0,2
229000321,3,0,3
229000412,1,21,-20
229000414,0,50,-50
229000415,2,0,2
229000416,0,0,0
229000417,0,17,-17
229000419,35,109,-74
229000440,97,34,63
229000442,1,1,0
229000443,0,1,-1
229000444,0,26,-26
229000445,7,1,6
229000446,17,2,15
229000491,4,32,-28
229000492,13,149,-136
229000493,1,81,-80
229000494,29,27,2
229000495,76,88,-12
229000496,7,81,-74
229000507,0,24,-24
229000508,0,15,-15
229000509,0,43,-43
229000510,2,21,-19
229000511,4,73,-69
229000512,0,37,-37
229000513,0,2,-2
229000514,0,5,-5
229000517,1,12,-11
229000518,3,32,-29
229000519,1,13,-12
229000520,1,37,-36
229000521,15,65,-50
229000522,0,19,-19
229000523,4,19,-15
229000524,2,18,-16
229000527,2,5,-3
229000528,2,4,-2
229000529,17,0,17
229000530,74,19,55
229000531,23,23,0
229000532,18,15,3
229000533,203,41,162
229000534,50,13,37
229000564,44,14,30
229000565,10,3,7
229000566,1,50,-49
229000567,1,111,-110
229000582,250,10,240
229000583,3,11,-8
229000584,2,39,-37
229000585,12,36,-24
229000718,0,1,-1
229000719,0,1,-1
229000720,0,15,-15
229000721,0,14,-14
229000722,0,41,-41
229000723,0,21,-21
229000724,0,2,-2
229000725,0,3,-3
229000738,5,0,5
229000739,4,0,4
229000740,3,0,3
229000741,25,2,23
229000742,13,0,13
229000743,29,1,28
229000744,2,3,-1
229000745,2,0,2
229000746,91,4,87
229000847,13,1,12
229000848,10,0,10
229000849,107,1,106
229000851,6,1,5
229000854,0,42,-42
229000856,5,116,-111
229000857,0,35,-35
229000858,0,137,-137
229000919,7,77,-70
229000930,1,153,-152
229000937,165,34,131
229000966,50,30,20
229000981,5,41,-36
229000985,0,12,-12
229000986,0,6,-6
229000987,0,0,0
229000988,0,0,0
229000989,1,2,-1
229000990,0,2,-2
229000991,0,1,-1
229000992,4,0,4
229000993,64,1,63
229000998,19,14,5
229000999,24,0,24
229001034,0,11,-11
229001035,0,0,0
229001037,5,7,-2
229001042,9,5,4
229001047,0,15,-15
229001050,8,24,-16
229001168,0,4,-4
229001200,3,0,3
229001338,0,15,-15
229001394,289,4,285
229001422,201,31,170
229001423,19,142,-123
229001431,93,66,27
229001432,21,50,-29
229001444,33,21,12
229001445,6,118,-112
229001479,2,6,-4
229001503,158,70,88
229001504,49,156,-107
229001505,176,69,107
229001506,45,189,-144
229001509,6,20,-14
229001545,73,10,63
229001546,4,82,-78
229001553,40,27,13
229001554,8,88,-80
229001559,0,4,-4
229001560,0,6,-6
229001630,20,1,19
229001631,3,24,-21
229001635,1,3,-2
229001636,0,0,0
229001658,0,64,-64
229001659,117,6,111
229001660,0,2,-2
229001661,0,5,-5
229001662,27,0,27
229001663,0,8,-8
229002584,72,45,27
229002831,67,43,24
229002841,0,22,-22
229002842,2,8,-6
229002843,7,15,-8
229002844,10,70,-60
229002845,1,46,-45
229002846,1,4,-3
229002847,0,7,-7
229002848,0,2,-2
229002849,1,59,-58
229002850,1,0,1
229002851,2,44,-42
229002852,8,11,-3
229002853,17,7,10
229002854,1,37,-36
229002855,1,53,-52
229002856,3,6,-3
229002857,0,50,-50
229002858,0,6,-6
229002859,7,18,-11
229002860,3,1,2
229002861,6,9,-3
229002862,3,26,-23
229002863,0,31,-31
229002864,1,17,-16
229002865,0,5,-5
229002866,0,8,-8
229002867,0,11,-11
229002868,2,10,-8
229002869,3,82,-79
229002870,2,12,-10
235000066,106,198,-92
235000067,52,199,-147
235000072,31,41,-10
235000073,67,196,-129
235000074,14,106,-92
235000080,1,55,-54
235000081,53,156,-103
235000082,19,25,-6
235000083,33,36,-3
235000084,9,23,-14
235000085,20,15,5
235000089,11,74,-63
235000092,14,133,-119
235000093,0,2,-2
235000097,0,2,-2
235000098,22,43,-21
235000099,3,33,-30
235000116,13,35,-22
235000117,764,7,757
235000133,12,174,-162
235000134,5,73,-68
235000206,2,2,0
235000207,0,0,0
235000208,1,1,0
235000209,1,0,1
235000210,3,6,-3
235000212,2,8,-6
235000213,0,5,-5
235000220,0,0,0
235000221,16,11,5
235000238,5,10,-5
235000239,1,0,1
235000242,133,109,24
235000245,788,135,653
235000246,0,45,-45
235000284,1,36,-35
235000295,0,0,0
235000305,0,0,0
235000306,0,0,0
235000307,0,0,0
235000308,0,0,0
235000309,0,0,0
235000310,0,0,0
235000311,1,4,-3
235000322,0,16,-16
235000323,0,37,-37
235000324,0,9,-9
235000325,1,10,-9
235000326,7,228,-221
235000351,0,19,-19
235000352,2,27,-25
235000353,1,33,-32
235000354,1,21,-20
235000355,1,91,-90
235000356,0,0,0
235000357,0,0,0
235000358,0,0,0
235000359,0,0,0
235000360,0,0,0
235000361,0,0,0
235000381,29,280,-251
235000382,39,20,19
235000390,14,4,10
235000391,54,19,35
235000392,38,59,-21
235000393,36,31,5
235000395,35,28,7
235000396,110,43,67
235000400,15,10,5
235000401,6,146,-140
235000405,39,460,-421
235000406,10,307,-297
235000407,50,109,-59
235000409,199,160,39
235000410,23,199,-176
235000411,0,69,-69
235000485,0,6,-6
235000486,1,0,1
235000549,30,33,-3
235000550,43,167,-124
235000599,48,111,-63
235000600,2,3,-1
235000601,3,10,-7
235000602,29,79,-50
235000614,1,2,-1
235000648,0,24,-24
235000649,5,1,4
235000685,0,3,-3
235000815,1,21,-20
235000834,0,2,-2
235000855,10,8,2
235000862,1,140,-139
235000891,0,8,-8
235000892,5,1,4
235000901,72,107,-35
235000907,1,4,-3
235001010,12,31,-19
235001029,560,297,263
235001030,579,121,458
235001078,36,41,-5
235001079,38,110,-72
235001147,2,28,-26
235001166,2,38,-36
235001167,5,65,-60
235001169,4,224,-220
235001188,0,5,-5
235001189,0,2,-2
235001197,1,7,-6
235001200,28,16,12
235001207,33,1,32
235001210,4,97,-93
235001215,12,120,-108
235001239,1,30,-29
235001244,0,2,-2
235016267,0,7,-7
277101746,0,23,-23
277102712,0,0,0
277103813,0,1,-1
277103814,0,1,-1
277103898,0,0,0
277104249,0,1,-1
277104250,0,3,-3
277104251,0,2,-2
277104252,0,0,0
990011530,0,217,-217
990014944,2,448,-446
990015176,4,8,-4
990015618,0,79,-79
990016032,0,257,-257
990032570,11,27,-16
990070001,0,3,-3
990070103,0,1,-1
990070601,0,57,-57
990070751,73,48,25
990070766,0,827,-827
990071180,3,78,-75
990071343,0,0,0
990071387,0,3,-3
990071823,23,1,22
990072600,0,364,-364
990072964,0,445,-445
990073285,0,2,-2
990074393,2,931,-929
990074870,105,24,81
990075106,40,1,39
990075746,29,0,29
990076437,75,2,73
990076458,3,949,-946
997000007,28,6,22
997000041,0,106,-106
997000058,0,1,-1
997000062,1,1,0
997000069,0,5,-5
997000070,0,30,-30
997000100,0,0,0
997000141,0,20,-20
997000198,79,22,57
998000475,0,17,-17
998000736,0,242,-242
998000965,0,0,0
998001031,0,39,-39
998001700,2,22,-20
998001899,0,0,0
998001900,32,29,3
998003073,3,0,3
998101900,0,0,0
998102850,0,78,-78
998501927,0,186,-186
998501929,47,1,46
998501930,29,0,29
998501931,10,3,7
998501932,23,0,23
998501933,0,0,0
998501937,0,0,0
998501944,1,1,0
998501950,0,34,-34
998501970,0,2,-2
998501971,0,65,-65
998501973,0,83,-83
998501974,0,177,-177
998501975,10,0,10
998501976,2,0,2
998501977,1,27,-26
998501978,0,0,0
998501979,0,10,-10
998501980,0,0,0
998501981,0,0,0
998501982,0,73,-73
998501983,0,9,-9
998502006,0,0,0
998502024,0,0,0
998502032,0,0,0
998502062,6,2,4
998502063,0,0,0
998502173,11,0,11
998502269,0,1,-1
998502546,0,65,-65
998502578,0,1,-1
998601159,1,235,-234
998601292,0,15,-15
999033574,2,531,-529
999800001,2,0,2
999800002,0,0,0
999800003,1,1,0
999800004,0,7,-7
999800005,0,5,-5
