ID,insum,outsum,diff
100000001,236,224,12
100000002,55,85,-30
100000003,409,293,116
100000004,81,34,47
100000005,139,398,-259
100000006,1,1,0
100000007,14,1,13
100000008,16,58,-42
100000009,0,0,0
100000010,0,0,0
100000011,0,0,0
100000012,2,88,-86
100000013,2,15,-13
100000014,10,39,-29
100000015,14,3,11
100000016,45,137,-92
100000017,27,99,-72
100000018,125,67,58
100000019,743,251,492
100000020,30,20,10
100000021,518,132,386
100000022,61,47,14
100000023,354,53,301
100000025,697,57,640
100000028,456,332,124
100000029,60,80,-20
100000030,0,0,0
100000031,332,220,112
100000032,535,221,314
100000033,78,284,-206
100000034,483,411,72
100000035,89,54,35
100000036,252,151,101
100000037,2,0,2
100000038,10,2,8
100000039,3,6,-3
100000040,0,0,0
100000041,4,0,4
100000042,0,3,-3
100000043,0,1,-1
100000044,20,104,-84
100000045,63,205,-142
100000046,29,164,-135
100000047,18,180,-162
100000048,67,210,-143
100000049,206,520,-314
100000051,59,199,-140
100000053,1,1,0
100000054,7,1,6
100000055,98,84,14
100000056,0,0,0
100000057,4,0,4
100000058,93,236,-143
100000059,0,11,-11
100000060,32,29,3
100000061,76,50,26
100000062,78,58,20
100000063,27,43,-16
100000064,38,70,-32
100000065,59,209,-150
100000066,41,165,-124
100000067,47,121,-74
100000068,66,176,-110
100000069,47,200,-153
100000072,79,72,7
100000073,170,435,-265
100000075,78,90,-12
100000076,83,154,-71
100000077,0,0,0
100000078,0,0,0
100000079,0,0,0
100000080,0,1,-1
100000081,0,0,0
100000102,40,105,-65
100000103,459,129,330
100000104,367,160,207
100000105,522,80,442
100000106,59,52,7
100000107,30,29,1
100000108,242,399,-157
100000109,973,589,384
100000116,277,117,160
100000117,0,0,0
100000118,598,1273,-675
100000119,61,367,-306
100000121,0,0,0
100000122,44,181,-137
100000123,583,661,-78
100000124,1976,1196,780
100000125,259,25,234
100000126,46,14,32
100000127,51,19,32
100000128,88,154,-66
100000129,27,123,-96
100000130,0,2,-2
100000131,1040,562,478
100000132,198,95,103
100000133,3388,1538,1850
100000135,0,2,-2
100000139,7,168,-161
100000140,60,114,-54
100000142,0,1,-1
100000143,208,407,-199
100000144,575,334,241
100000147,61,196,-135
100000150,0,75,-75
100000151,0,0,0
100000153,0,0,0
100000154,0,1,-1
100000155,1,1,0
100000156,0,0,0
100000157,0,0,0
100000158,0,0,0
100000159,31,25,6
100000165,292,138,154
100000169,0,0,0
100000174,12,29,-17
100000179,0,0,0
100000180,1,10,-9
100000181,4,18,-14
100000188,0,1,-1
100000189,0,1,-1
100000190,323,126,197
100000191,46,34,12
100000192,0,0,0
100000193,0,0,0
100000330,181,70,111
100000355,22,62,-40
100000362,945,827,118
100000363,131,138,-7
100000364,21,33,-12
100000365,1439,1365,74
100000366,1964,1252,712
100000367,844,1179,-335
100000368,674,684,-10
100000369,2,6,-4
100000370,2,7,-5
100000376,2,10,-8
100000379,197,136,61
100000380,431,584,-153
100000384,1725,867,858
100000385,898,833,65
100000386,1553,1024,529
100000387,1813,670,1143
100000388,5219,1812,3407
100000389,3745,935,2810
100000390,4743,1538,3205
100000391,3192,748,2444
100000392,1311,461,850
100000393,382,255,127
100000394,1751,1404,347
100000395,885,381,504
100000396,1130,941,189
100000397,820,303,517
100000398,4682,3901,781
100000413,0,0,0
100900002,0,0,0
100900003,0,0,0
100900004,4,92,-88
100900005,0,0,0
100900006,0,0,0
100900007,0,0,0
100900008,0,59,-59
100900009,0,0,0
100900010,0,0,0
100900011,0,0,0
100900012,0,20,-20
100900013,0,0,0
100900014,0,0,0
100900015,0,0,0
100900016,0,0,0
100900017,0,0,0
100900018,0,0,0
100900019,0,0,0
100900020,0,0,0
100900021,0,0,0
100900022,0,0,0
100900023,0,0,0
100900024,0,0,0
100900025,0,0,0
100900026,0,0,0
100900027,0,0,0
100900028,0,0,0
100900029,0,0,0
100900030,0,0,0
100900031,0,0,0
100900032,0,0,0
100900033,0,0,0
100900034,0,0,0
100900035,0,0,0
100900036,0,0,0
100900037,0,0,0
100900038,0,0,0
100900039,12,43,-31
100900040,0,101,-101
100900041,0,64,-64
100900042,0,0,0
100900043,0,0,0
100900044,0,0,0
100900045,0,0,0
100900046,0,0,0
100900047,0,0,0
100900048,0,0,0
100900049,0,0,0
100900050,0,0,0
100900051,0,0,0
100900052,0,0,0
100900053,0,0,0
100900054,0,0,0
100900055,0,0,0
100900056,0,0,0
100900057,0,0,0
100900058,0,0,0
100900059,0,0,0
100900060,0,0,0
100900061,0,0,0
100900062,0,0,0
100900063,0,0,0
100900064,0,0,0
100900065,0,0,0
100900066,0,0,0
100900067,0,0,0
100900068,0,0,0
100900069,0,0,0
100900070,0,0,0
100900071,0,0,0
100900072,0,0,0
100900073,0,0,0
100900074,0,0,0
100900075,123,10,113
100900076,0,0,0
100900077,0,0,0
100900078,0,0,0
100900079,0,0,0
100900080,0,0,0
100900081,0,0,0
100900082,0,0,0
100900083,0,0,0
100900085,0,0,0
100900086,0,0,0
100900088,0,0,0
100900089,0,0,0
100900090,0,0,0
100900091,0,0,0
100900092,0,0,0
100900093,0,0,0
100900094,0,0,0
100900095,0,0,0
100900096,0,0,0
100900097,0,0,0
100900098,0,0,0
100900099,0,6,-6
100900100,0,0,0
100900101,0,0,0
100900102,0,0,0
100900103,0,0,0
100900104,0,2,-2
100900105,0,0,0
100900106,0,0,0
100900107,0,0,0
100900108,0,0,0
100900109,0,0,0
100900110,0,0,0
100900111,0,1,-1
100900112,0,0,0
100900113,0,0,0
100900114,0,0,0
100900115,0,0,0
100900116,0,0,0
100900117,0,0,0
100900118,0,0,0
100900119,0,0,0
100900120,0,0,0
100900121,0,0,0
100900122,6,10,-4
100900123,0,0,0
100900124,0,0,0
100900125,0,0,0
100900126,0,0,0
100900127,0,0,0
100900128,1,5,-4
100900129,0,0,0
100900131,0,0,0
100900133,0,0,0
100900134,0,0,0
100900135,0,0,0
100900137,0,0,0
100900138,0,0,0
100900139,0,0,0
100900140,0,35,-35
100900141,0,0,0
100900142,0,0,0
100900143,0,0,0
100900144,0,0,0
100900145,0,0,0
100900146,0,0,0
100900147,0,0,0
100900148,0,70,-70
100900149,0,0,0
100900150,0,0,0
100900151,1,25,-24
100900152,0,0,0
100900153,0,0,0
100900154,0,0,0
100900155,0,0,0
100900156,0,0,0
100900157,0,0,0
100900159,0,0,0
100900160,0,0,0
100900161,0,0,0
100900162,0,0,0
100900163,6,16,-10
100900164,0,0,0
100900165,0,0,0
100900166,0,0,0
100900167,0,0,0
100900168,0,0,0
100900169,4,80,-76
100900170,0,0,0
100900171,0,52,-52
100900172,0,0,0
100900173,0,59,-59
100900174,0,0,0
100900176,0,0,0
100900177,0,0,0
100900178,0,0,0
100900179,0,0,0
100900180,0,0,0
100900181,0,0,0
100900182,0,0,0
100900184,0,0,0
100900186,0,0,0
100900187,0,0,0
100900188,0,0,0
100900189,0,0,0
100900191,0,0,0
100900192,0,0,0
100900195,0,0,0
100900197,0,0,0
100900198,0,0,0
100900199,0,0,0
100900200,42,12,30
100900201,0,69,-69
100900202,0,0,0
100900203,0,0,0
100900204,0,0,0
100900205,0,0,0
100900206,0,0,0
100900207,0,0,0
100900210,4,43,-39
100900211,0,0,0
100900213,0,0,0
100900214,114,11,103
100900215,0,0,0
100900217,0,0,0
101000001,561,177,384
101000002,954,367,587
101000003,125,67,58
101000004,3338,341,2997
101000005,750,383,367
101000006,1327,914,413
101000007,2043,914,1129
101000008,1097,649,448
101000009,89,208,-119
101000010,78,65,13
101000011,302,23,279
101000012,0,0,0
101000013,124,63,61
101000014,33,24,9
101000015,177,158,19
101000016,9,18,-9
101000017,113,91,22
101000018,494,404,90
101000020,506,135,371
101000021,49,15,34
101000022,139,43,96
101000023,483,427,56
101000025,0,3,-3
101000026,23,1,22
101000027,531,129,402
101000028,223,50,173
101000029,1,88,-87
101000030,102,11,91
101000031,46,4,42
101000032,427,438,-11
101000033,654,400,254
101000034,669,305,364
101000035,166,26,140
101000036,320,121,199
101000037,712,110,602
101000039,311,207,104
101000040,1190,318,872
101000041,599,133,466
101000042,15,123,-108
101000043,738,358,380
101000045,115,33,82
101000046,313,107,206
101000047,58,45,13
101000048,56,49,7
101000049,66,136,-70
101000050,58,47,11
101000051,326,122,204
101000052,564,67,497
101000053,60,30,30
101000054,237,44,193
101000055,432,70,362
101000056,23,8,15
101000057,1179,225,954
101000058,630,40,590
101000059,240,36,204
101000060,460,140,320
101000061,75,24,51
101000062,1166,125,1041
101000063,7,8,-1
101000064,495,141,354
101000065,13,17,-4
101000066,6,20,-14
101000067,113,168,-55
101000068,46,31,15
101000069,153,23,130
101000070,398,673,-275
101000071,558,261,297
101000072,311,291,20
101000073,45,23,22
101000074,1204,463,741
101000075,3449,1173,2276
101000077,315,275,40
101000078,153,117,36
101000079,116,143,-27
101000080,537,351,186
101000081,150,113,37
101000082,372,218,154
101000083,125,89,36
101000084,231,242,-11
101000085,59,9,50
101000086,416,311,105
101000087,233,217,16
101000088,37,9,28
101000089,49,27,22
101000090,600,235,365
101000091,29,75,-46
101000092,323,112,211
101000093,142,24,118
101000094,159,407,-248
101000095,51,249,-198
101000096,31,25,6
101000097,45,72,-27
101000098,16,23,-7
101000099,154,180,-26
101000100,214,171,43
101000101,10,31,-21
101000102,241,91,150
101000103,73,23,50
101000104,45,45,0
101000105,2,0,2
101000106,20,50,-30
101000107,6,37,-31
101000108,0,0,0
101000109,4,7,-3
101000110,0,1,-1
101000111,5,31,-26
101000113,0,0,0
101000114,747,336,411
101000115,0,0,0
101000116,0,0,0
101000117,0,0,0
101000119,56,5,51
101000120,89,8,81
101000121,50,6,44
101000122,30,23,7
101000123,18,22,-4
101000124,354,213,141
101000125,52,126,-74
101000128,38,42,-4
101000130,234,81,153
101000131,47,24,23
101000132,96,345,-249
101000135,44,5,39
101000136,83,44,39
101000137,3,36,-33
101000141,202,144,58
101000147,206,169,37
101000148,168,1,167
101000149,0,0,0
101000150,0,1,-1
101000151,3,4,-1
101000152,34,62,-28
101000153,52,13,39
101000154,0,100,-100
101000155,11,27,-16
101000156,22,90,-68
101000157,1,0,1
101000160,0,0,0
101000163,0,1,-1
101000164,57,124,-67
101000165,104,44,60
101000166,26,19,7
101000168,28,57,-29
101000252,39,105,-66
101000254,215,31,184
101000258,0,0,0
101000261,0,0,0
101000262,25,154,-129
101000263,20,11,9
101000265,3,112,-109
101000266,47,35,12
101000269,148,37,111
101000290,207,26,181
101000293,0,0,0
101000294,189,111,78
101000295,9,26,-17
101000301,178,56,122
101000304,697,882,-185
101000305,395,431,-36
101000328,19,53,-34
101900001,0,0,0
101900002,0,0,0
101900003,7,16,-9
101900004,0,0,0
101900005,181,28,153
101900006,0,0,0
101900007,0,0,0
101900008,0,0,0
101900009,0,0,0
101900010,0,0,0
101900011,0,0,0
101900012,0,0,0
101900013,55,0,55
101900017,0,0,0
101900018,0,0,0
101900019,0,3,-3
101900020,0,0,0
101900021,0,0,0
101900022,0,0,0
101900023,0,1,-1
101900026,0,0,0
101900027,0,0,0
102000001,240,425,-185
102000002,170,139,31
102000003,1341,719,622
102000004,1012,193,819
102000005,700,387,313
102000006,457,225,232
102000007,595,667,-72
102000008,687,269,418
102000009,1229,1231,-2
102000010,1251,740,511
102000011,655,580,75
102000012,393,469,-76
102000018,149,46,103
102000019,26,24,2
102000026,1,0,1
102000029,2,0,2
102000030,8,7,1
102000031,0,0,0
102000032,9,7,2
102000033,0,1,-1
102000034,11,7,4
102000035,0,0,0
102000036,1,1,0
102000037,1,4,-3
102000038,4,7,-3
102000039,0,1,-1
102000040,21,1,20
102000041,0,0,0
102000042,0,2,-2
102000043,5,3,2
102000044,0,1,-1
102000045,43,53,-10
102000046,48,12,36
102000047,39,74,-35
102000048,7,36,-29
102000049,31,10,21
102000050,28,90,-62
102000051,36,17,19
102000052,102,58,44
102000053,32,48,-16
102000054,47,100,-53
102000055,178,154,24
102000056,56,105,-49
102000057,122,32,90
102000058,201,193,8
102000059,301,277,24
102000060,84,38,46
102000061,185,355,-170
102000062,39,59,-20
102000063,192,242,-50
102000064,98,142,-44
102000065,2,11,-9
102000066,668,155,513
102000067,361,430,-69
102000068,1032,381,651
102000069,1,3,-2
102000070,231,17,214
102000071,1706,1658,48
102000072,945,1488,-543
102000073,16,167,-151
102000074,40,139,-99
102000075,10,77,-67
102000076,13,134,-121
102000077,49,321,-272
102000078,77,319,-242
102000079,5,39,-34
102000080,12,53,-41
102000081,46,161,-115
102000082,93,79,14
102000083,28,104,-76
102000084,0,0,0
102000085,128,187,-59
102000086,53,23,30
102000087,83,283,-200
102000088,38,13,25
102000089,0,0,0
102000090,113,182,-69
102000091,370,96,274
102000092,269,82,187
102000093,53,136,-83
102000094,1,0,1
102000095,150,307,-157
102000096,11,0,11
102000097,427,351,76
102000098,17,36,-19
102000099,169,65,104
102000100,27,14,13
102000101,102,28,74
102000102,46,3,43
102000103,145,55,90
102000104,55,12,43
102000105,2,28,-26
102000106,8,33,-25
102000107,1,1,0
102000108,20,14,6
102000109,0,3,-3
102000110,0,1,-1
102000111,0,1,-1
102000112,7,2,5
102000113,0,0,0
102000114,5,1,4
102000115,18,5,13
102000116,5,11,-6
102000117,14,97,-83
102000118,18,81,-63
102000119,691,68,623
102000120,27,2,25
102000121,54,52,2
102000122,22,5,17
102000123,126,68,58
102000124,67,15,52
102000125,57,29,28
102000126,53,24,29
102000127,74,35,39
102000128,53,39,14
102000129,40,67,-27
102000130,42,42,0
102000131,46,34,12
102000132,37,30,7
102000133,106,313,-207
102000134,41,74,-33
102000135,0,1,-1
102000136,10,17,-7
102000137,17,9,8
102000138,2,0,2
102000139,0,1,-1
102000140,8,9,-1
102000141,1,25,-24
102000142,4,23,-19
102000143,2,28,-26
102000144,6,49,-43
102000145,4,30,-26
102000146,1,1,0
102000147,8,9,-1
102000148,0,0,0
102000149,2,3,-1
102000150,3,3,0
102000151,0,1,-1
102000152,1,0,1
102000153,0,3,-3
102000154,8,17,-9
102000155,22,14,8
102000156,47,7,40
102000157,0,6,-6
102000158,17,11,6
102000159,51,4,47
102000161,590,152,438
102000162,35,29,6
102000163,0,0,0
102000164,3,2,1
102000165,87,57,30
102000166,13,48,-35
102000167,52,130,-78
102000168,38,31,7
102000169,38,100,-62
102000170,362,84,278
102000171,21,34,-13
102000172,6,36,-30
102000173,66,41,25
102000174,15,6,9
102000175,7,2,5
102000176,1,0,1
102000178,23,75,-52
102000179,14,45,-31
102000180,46,73,-27
102000181,16,100,-84
102000182,121,134,-13
102000183,78,145,-67
102000184,130,223,-93
102000185,48,106,-58
102000186,82,400,-318
102000187,63,399,-336
102000188,21,91,-70
102000189,539,176,363
102000190,148,187,-39
102000191,211,22,189
102000192,187,267,-80
102000193,0,0,0
102000194,1,0,1
102000195,15,47,-32
102000196,0,2,-2
102000197,18,54,-36
102000198,0,3,-3
102000199,5,43,-38
102000200,1,1,0
102000201,13,48,-35
102000202,0,0,0
102000203,19,47,-28
102000204,0,4,-4
102000205,1,6,-5
102000206,72,74,-2
102000207,5,3,2
102000208,20,74,-54
102000209,9,6,3
102000210,0,142,-142
102000211,1,29,-28
102000212,1,0,1
102000213,0,23,-23
102000214,0,0,0
102000215,1,49,-48
102000216,0,0,0
102000217,0,21,-21
102000218,0,0,0
102000219,22,32,-10
102000225,0,0,0
102000226,0,0,0
102000227,0,0,0
102000228,0,7,-7
102000229,4,8,-4
102000230,16,47,-31
102000231,20,13,7
102000232,0,0,0
102000233,12,40,-28
102000234,0,5,-5
102000236,17,9,8
102000237,10,9,1
102000238,3,4,-1
102000240,290,366,-76
102000241,34,10,24
102000243,1,4,-3
102000245,8,23,-15
102000246,0,0,0
102000247,145,154,-9
102000248,112,122,-10
102000249,7,46,-39
102000250,6,93,-87
102000254,0,0,0
102000266,1,4,-3
102000271,0,0,0
102000286,1,0,1
102000297,29,19,10
102000299,0,0,0
102000301,0,1,-1
102000303,0,0,0
102000305,0,0,0
102000307,0,3,-3
102900001,0,0,0
102900002,0,0,0
102900003,1,15,-14
102900005,0,0,0
102900006,0,0,0
102900007,0,0,0
102900008,0,0,0
102900009,0,0,0
102900010,0,0,0
102900011,0,0,0
102900012,0,0,0
102900013,0,0,0
102900015,0,0,0
102900016,0,0,0
102900017,0,0,0
102900018,0,0,0
102900019,0,0,0
102900020,0,0,0
102900021,0,0,0
102900022,17,12,5
102900023,0,0,0
102900024,0,0,0
102900025,0,0,0
102900026,0,0,0
102900027,0,0,0
102900028,0,0,0
102900029,0,5,-5
102900030,0,0,0
102900031,0,0,0
102900032,0,6,-6
102900033,0,0,0
102900034,0,0,0
102900035,1,24,-23
102900036,0,0,0
102900037,0,0,0
102900038,0,0,0
102900039,0,0,0
102900040,0,0,0
102900041,0,0,0
102900042,0,0,0
102900043,0,0,0
102900044,0,0,0
102900045,0,0,0
102900046,0,0,0
102900047,0,0,0
102900048,0,0,0
102900049,0,0,0
102900050,0,0,0
102900051,0,0,0
102900053,0,0,0
102900054,0,0,0
102900055,0,0,0
102900056,0,0,0
102900057,0,0,0
102900058,0,0,0
102900059,0,0,0
102900060,0,0,0
102900061,0,0,0
102900062,0,0,0
102900063,0,0,0
102900064,0,0,0
102900065,0,0,0
102900066,0,0,0
102900068,0,0,0
102900070,0,33,-33
102900072,0,4,-4
102900073,4,0,4
102900075,0,0,0
102900076,0,0,0
102900077,0,0,0
102900078,0,0,0
102900079,0,0,0
102900080,0,0,0
102900081,0,0,0
102900082,0,0,0
102900083,0,0,0
102900084,0,0,0
102900085,0,0,0
102900086,0,0,0
102900087,0,0,0
102900088,0,0,0
102900089,0,0,0
102900090,1,82,-81
102900091,3,0,3
102900092,6,79,-73
102900094,0,0,0
102900095,0,0,0
102900096,0,5,-5
102900097,0,7,-7
103000001,530,660,-130
103000002,250,332,-82
103000003,622,506,116
103000004,123,131,-8
103000005,79,112,-33
103000006,57,102,-45
103000007,20,48,-28
103000008,93,170,-77
103000009,0,0,0
103000010,18,31,-13
103000011,360,186,174
103000012,157,96,61
103000013,1775,439,1336
103000014,48,33,15
103000015,364,198,166
103000016,63,9,54
103000017,0,0,0
103000018,0,1,-1
103000019,1,0,1
103000020,213,326,-113
103000021,16,19,-3
103000022,191,290,-99
103000023,11,35,-24
103000024,0,0,0
103000025,0,0,0
103000026,6,0,6
103000027,0,1,-1
103000028,3,0,3
103000029,30,2,28
103000030,494,87,407
103000031,90,72,18
103000032,322,322,0
103000033,114,57,57
103000034,640,305,335
103000035,141,142,-1
103000036,96,42,54
103000037,249,107,142
103000038,105,78,27
103000039,29,80,-51
103000040,11,31,-20
103000041,386,706,-320
103000042,138,98,40
103000043,12,52,-40
103000044,17,2,15
103000046,42,14,28
103000047,2,0,2
103000048,9,7,2
103000049,1,2,-1
103000050,9,41,-32
103000051,15,18,-3
103000052,10,5,5
103000053,1,6,-5
103000054,257,176,81
103000055,73,48,25
103000056,55,208,-153
103000057,60,66,-6
103000058,63,123,-60
103000059,28,54,-26
103000060,208,177,31
103000061,30,30,0
103000062,156,198,-42
103000063,44,35,9
103000064,61,100,-39
103000065,0,0,0
103000066,1,1,0
103000069,0,1,-1
103000070,69,256,-187
103000071,17,17,0
103000072,27,159,-132
103000073,0,0,0
103000074,0,0,0
103000075,42,142,-100
103000076,0,0,0
103000077,7,67,-60
103000078,1,0,1
103000079,139,38,101
103000080,3,0,3
103000081,59,96,-37
103000082,2,0,2
103000083,6,50,-44
103000084,0,0,0
103000085,0,22,-22
103000086,42,13,29
103000087,19,95,-76
103000088,91,55,36
103000089,25,13,12
103000090,308,183,125
103000091,73,63,10
103000092,0,1,-1
103000093,57,156,-99
103000094,0,0,0
103000095,4,63,-59
103000096,0,0,0
103000097,5,68,-63
103000098,2,0,2
103000099,10,61,-51
103000100,7,162,-155
103000101,0,0,0
103000102,23,128,-105
103000103,0,10,-10
103000104,1,35,-34
103000105,0,16,-16
103000106,0,52,-52
103000107,6,17,-11
103000108,48,49,-1
103000109,114,46,68
103000110,217,87,130
103000111,155,91,64
103000112,6,9,-3
103000113,54,125,-71
103000114,10,7,3
103000115,9,49,-40
103000116,15,20,-5
103000117,10,18,-8
103000118,90,274,-184
103000119,312,268,44
103000120,4,33,-29
103000121,65,143,-78
103000122,8,6,2
103000125,0,0,0
103000126,5,0,5
103000127,0,0,0
103000128,0,0,0
103000129,0,0,0
103000130,0,0,0
103000131,0,0,0
103000132,7,1,6
103000133,0,0,0
103000134,175,92,83
103000135,51,25,26
103000136,232,124,108
103000137,111,69,42
103000138,292,52,240
103000139,0,13,-13
103000140,0,0,0
103000141,2,17,-15
103000142,0,0,0
103000143,2,40,-38
103000144,0,0,0
103000145,0,0,0
103000150,15,2,13
103000152,55,39,16
103000153,3,4,-1
103000156,0,0,0
103000157,2,0,2
103000159,0,0,0
103000162,0,0,0
103000163,1,1,0
103000164,0,0,0
103000165,0,1,-1
103000166,0,2,-2
103000167,3,8,-5
103000168,19,30,-11
103000169,0,0,0
103000170,72,43,29
103000171,0,0,0
103000172,0,0,0
103000173,21,125,-104
103000174,0,0,0
103000175,98,214,-116
103000176,0,0,0
103000177,101,102,-1
103000178,140,98,42
103000179,0,1,-1
103000183,0,5,-5
103000185,0,5,-5
103000186,1,1,0
103000187,37,109,-72
103000188,1,13,-12
103000189,100,269,-169
103000191,0,1,-1
103000292,312,12,300
103000293,0,0,0
103000295,0,0,0
103000296,0,0,0
103000297,0,0,0
103000504,0,0,0
103000505,0,0,0
103000506,0,1,-1
103000507,1,0,1
103000508,18,10,8
103000509,35,131,-96
103900001,0,0,0
103900002,0,0,0
103900003,0,6,-6
103900004,0,0,0
103900005,0,0,0
103900006,0,0,0
103900007,0,0,0
103900008,0,0,0
103900010,3,27,-24
103900012,0,0,0
103900014,0,0,0
103900015,0,0,0
103900017,2,11,-9
103900018,47,5,42
103900019,0,0,0
103900020,0,0,0
103900021,0,0,0
103900022,1,41,-40
103900023,0,0,0
103900024,0,0,0
103900025,0,0,0
103900026,0,0,0
103900027,0,0,0
103900028,1,20,-19
103900029,10,17,-7
103900030,0,0,0
103900031,0,0,0
103900032,0,0,0
103900033,0,0,0
103900034,1,23,-22
103900035,0,8,-8
103900036,0,0,0
103900037,0,0,0
103900038,0,0,0
103900039,2,96,-94
103900040,0,8,-8
103900041,0,0,0
103900042,0,91,-91
103900043,0,0,0
103900044,0,0,0
103900045,0,0,0
103900047,1,5,-4
103900048,0,0,0
103900049,0,0,0
103900050,0,49,-49
103900051,0,13,-13
103900053,1,66,-65
103900054,0,0,0
103900055,2,1,1
103900056,0,9,-9
103900057,0,0,0
103900058,0,48,-48
103900059,0,0,0
103900060,0,0,0
103900061,0,0,0
103900062,0,3,-3
103900063,0,0,0
103900064,0,0,0
103900065,33,15,18
103900066,0,0,0
103900067,0,0,0
103900068,0,0,0
103900069,0,0,0
103900070,0,0,0
103900071,3,11,-8
103900072,0,49,-49
103900073,0,0,0
103900074,0,0,0
103900075,0,0,0
103900076,7,30,-23
103900077,0,0,0
103900078,0,0,0
103900079,0,0,0
103900080,0,0,0
103900081,0,0,0
103900082,0,0,0
103900083,0,0,0
103900084,0,0,0
103900085,0,0,0
103900086,0,0,0
103900088,0,0,0
103900089,0,0,0
103900090,0,0,0
103900091,0,0,0
103900092,1,21,-20
103900093,0,0,0
103900094,0,0,0
103900095,3,13,-10
103900096,0,0,0
103900097,0,0,0
103900098,7,7,0
103900099,0,0,0
103900100,4,34,-30
103900101,0,0,0
103900102,0,0,0
103900104,0,0,0
103900105,2,4,-2
103900106,0,0,0
103900107,0,0,0
103900108,11,79,-68
103900109,0,0,0
103900110,7,4,3
103900111,0,63,-63
103900112,0,0,0
103900113,1,0,1
103900114,22,27,-5
103900115,3,4,-1
103900116,126,4,122
103900117,50,12,38
103900119,0,0,0
103900120,0,0,0
103900122,1,35,-34
103900123,12,17,-5
103900124,5,75,-70
103900125,3,13,-10
103900126,0,0,0
103900127,8,41,-33
103900128,10,49,-39
103900131,1,9,-8
103900133,0,0,0
103900134,0,0,0
103900135,0,0,0
103900137,0,0,0
103900138,0,0,0
103900139,0,36,-36
103900140,0,0,0
103900141,0,0,0
103900142,0,0,0
103900143,0,0,0
103900144,0,0,0
103900145,0,1,-1
103900146,0,0,0
103900147,4,13,-9
103900148,3,46,-43
103900149,0,0,0
103900150,0,33,-33
103900151,0,0,0
103900152,0,0,0
103900153,0,0,0
103900154,59,7,52
103900155,0,0,0
103900156,0,0,0
103900157,0,0,0
103900158,0,0,0
103900159,0,0,0
103900160,0,0,0
103900161,0,0,0
103900162,36,31,5
103900163,0,0,0
103900167,0,0,0
103900168,0,0,0
103900169,0,0,0
103900170,0,0,0
103900171,0,0,0
103900172,0,0,0
103900173,0,0,0
103900174,0,0,0
103900175,0,0,0
103900176,0,1,-1
103900177,0,0,0
103900178,0,0,0
103900179,0,0,0
103900180,0,0,0
103900181,0,0,0
103900182,0,0,0
103900184,0,0,0
103900185,0,0,0
103900187,4,0,4
103900188,0,1,-1
103900189,6,0,6
103900190,0,0,0
103900191,0,0,0
103900192,0,0,0
103900193,0,0,0
103900194,0,0,0
103900195,0,0,0
103900196,0,0,0
103900197,0,0,0
103900198,0,0,0
103900199,0,0,0
103900200,0,0,0
103900201,0,0,0
103900202,0,0,0
103900203,1,0,1
103900204,0,0,0
103900207,0,0,0
103900208,0,0,0
103900209,0,0,0
103900210,0,0,0
103900211,3,0,3
103900212,1,73,-72
103900213,58,193,-135
103900214,70,15,55
103900215,817,203,614
103900216,0,2,-2
103900217,0,0,0
103900218,0,0,0
103900219,0,0,0
103900233,0,0,0
103900235,0,0,0
103900236,0,0,0
103900242,0,0,0
103900243,0,0,0
103900244,0,0,0
103900245,0,0,0
103900246,2,1,1
103900247,0,0,0
103900248,0,0,0
103900249,0,0,0
103900250,0,0,0
103900251,0,0,0
103900253,0,0,0
103900254,0,0,0
103900255,0,0,0
103900256,0,0,0
103900257,0,0,0
103900258,0,0,0
103900259,0,0,0
103900261,0,0,0
103900262,0,0,0
103900263,0,0,0
103900264,0,0,0
103900265,0,0,0
103900266,0,0,0
103900267,0,5,-5
103900268,0,4,-4
103900269,1,0,1
103900270,0,3,-3
103900271,0,3,-3
103900272,0,0,0
103900273,0,0,0
103900274,0,0,0
103900275,0,0,0
103900276,0,0,0
103900277,0,0,0
103900278,0,0,0
103900279,0,0,0
103900280,0,0,0
104000001,509,513,-4
104000002,499,727,-228
104000003,421,649,-228
104000004,2161,695,1466
104000005,111,301,-190
104000006,457,689,-232
104000007,807,980,-173
104000008,419,514,-95
104000009,24,49,-25
104000010,0,0,0
104000011,271,352,-81
104000012,30,203,-173
104000013,0,0,0
104000014,70,339,-269
104000015,0,2,-2
104000016,65,206,-141
104000018,20,2,18
104000019,36,6,30
104000020,1,13,-12
104000021,19,26,-7
104000022,4,16,-12
104000023,49,32,17
104000024,12,8,4
104000026,3,2,1
104000027,83,258,-175
104000028,56,29,27
104000029,151,374,-223
104000030,20,46,-26
104000031,5,7,-2
104000032,16,183,-167
104000033,8,8,0
104000034,55,243,-188
104000035,7,15,-8
104000036,11,7,4
104000037,36,125,-89
104000038,44,32,12
104000039,5,20,-15
104000040,14,24,-10
104000041,40,19,21
104000042,24,84,-60
104000043,36,51,-15
104000044,50,91,-41
104000045,62,131,-69
104000046,164,143,21
104000047,1,20,-19
104000048,33,65,-32
104000049,3,6,-3
104000050,0,7,-7
104000051,34,235,-201
104000052,138,308,-170
104000053,89,170,-81
104000054,12,49,-37
104000055,537,317,220
104000056,84,81,3
104000057,37,230,-193
104000058,194,152,42
104000059,34,254,-220
104000060,101,210,-109
104000061,84,156,-72
104000062,0,4,-4
104000064,76,30,46
104000065,0,10,-10
104000069,140,40,100
104000070,1,2,-1
104000071,28,162,-134
104000072,5,2,3
104000075,0,0,0
104000076,0,0,0
104000082,298,465,-167
104000083,29,24,5
104000084,6,57,-51
104000085,11,12,-1
104000086,22,32,-10
104000087,21,26,-5
104000090,41,207,-166
104000092,26,427,-401
104000094,51,376,-325
104000095,412,457,-45
104000096,0,16,-16
104000097,0,0,0
104000098,0,1,-1
104000100,0,0,0
104000101,99,280,-181
104000106,0,8,-8
104000107,40,149,-109
104000108,23,34,-11
104000109,0,0,0
104000110,59,64,-5
104000111,70,129,-59
104000112,144,41,103
104000116,0,354,-354
104000117,3,126,-123
104000118,12,24,-12
104000119,8,22,-14
104000120,5,78,-73
104000121,10,30,-20
104000122,52,111,-59
104000123,170,322,-152
104000124,354,448,-94
104000125,328,151,177
104000126,3,79,-76
104000127,482,857,-375
104000128,31,49,-18
104000129,13,12,1
104000130,0,45,-45
104000131,900,704,196
104000132,425,709,-284
104000133,202,191,11
104000134,202,182,20
104000135,83,115,-32
104000136,452,331,121
104000137,798,105,693
104000138,385,113,272
104000139,2385,539,1846
104000141,262,372,-110
104000142,89,380,-291
104000143,118,487,-369
104000144,1,1,0
104000145,0,1,-1
104000146,172,533,-361
104000147,44,224,-180
104000148,1,1,0
104000149,50,162,-112
104000150,0,0,0
104000151,57,214,-157
104000152,79,285,-206
104000153,0,1,-1
104000154,341,220,121
104000155,0,1,-1
104000157,139,420,-281
104000158,54,68,-14
104000159,65,50,15
104000160,758,232,526
104000161,0,0,0
104000162,0,0,0
104000165,4,10,-6
104000167,12,88,-76
104000168,0,0,0
104000169,0,0,0
104000170,216,24,192
104000248,0,107,-107
104000251,28,83,-55
104000272,4,0,4
104000273,7,2,5
104000274,3,1,2
104000275,7,3,4
104000279,74,35,39
104000290,12,98,-86
104000291,97,175,-78
104000293,11,31,-20
104000294,0,0,0
104000295,121,336,-215
104000296,27,128,-101
104000297,422,616,-194
104000298,401,162,239
104000299,122,431,-309
104000302,2,0,2
104000303,120,123,-3
104900001,0,0,0
104900002,0,0,0
104900003,0,0,0
104900004,0,0,0
104900005,0,2,-2
104900006,0,0,0
104900007,0,6,-6
104900009,0,0,0
104900010,0,0,0
104900011,0,0,0
104900012,0,0,0
104900013,0,0,0
104900014,0,0,0
104900015,0,0,0
104900016,0,0,0
104900017,0,0,0
104900018,0,0,0
104900019,0,0,0
104900020,0,0,0
104900021,0,0,0
104900022,0,0,0
104900023,0,0,0
104900024,0,0,0
104900025,0,0,0
104900026,0,0,0
104900027,0,0,0
104900028,0,0,0
104900029,0,0,0
104900030,0,0,0
104900031,0,0,0
104900032,0,0,0
104900033,0,0,0
104900034,0,0,0
104900035,0,0,0
104900036,0,0,0
104900037,0,0,0
104900038,0,0,0
104900039,0,0,0
104900040,0,0,0
104900041,0,0,0
104900042,0,0,0
104900043,0,0,0
104900044,0,0,0
104900045,0,0,0
104900046,0,0,0
104900047,0,0,0
104900048,0,0,0
104900049,0,0,0
104900050,0,0,0
104900051,0,0,0
104900052,0,0,0
104900053,0,0,0
104900054,0,0,0
104900055,0,0,0
104900056,0,0,0
104900057,0,0,0
104900058,0,0,0
104900059,0,0,0
104900061,0,0,0
104900063,0,0,0
104900064,0,0,0
104900065,0,0,0
104900066,0,0,0
104900067,0,0,0
104900068,0,0,0
104900070,0,0,0
104900071,0,50,-50
104900072,0,0,0
104900073,0,0,0
104900074,0,0,0
104900075,0,0,0
104900076,0,0,0
104900077,0,0,0
104900078,0,0,0
104900079,0,0,0
104900080,0,0,0
104900082,0,0,0
104900085,0,0,0
104900089,0,0,0
104900091,0,0,0
104900093,0,0,0
104900097,0,0,0
104900098,0,0,0
104900099,0,0,0
104900100,0,0,0
104900102,0,0,0
104900103,0,0,0
104900106,0,0,0
104900107,0,0,0
104900108,0,0,0
104900109,0,0,0
104900110,0,0,0
104900111,0,0,0
104900112,0,0,0
104900113,7,6,1
104900114,0,0,0
104900115,0,7,-7
104900116,0,0,0
104900118,0,0,0
104900119,0,0,0
104900120,0,0,0
104900121,0,0,0
104900122,0,0,0
104900123,0,0,0
104900124,0,0,0
104900125,0,1,-1
104900126,0,0,0
104900127,0,0,0
104900128,0,0,0
104900129,0,0,0
105000001,313,478,-165
105000002,169,341,-172
105000003,328,475,-147
105000004,108,242,-134
105000005,132,252,-120
105000006,78,180,-102
105000007,45,190,-145
105000008,34,391,-357
105000009,89,179,-90
105000010,598,862,-264
105000011,154,171,-17
105000012,936,1352,-416
105000013,121,111,10
105000014,137,118,19
105000015,959,309,650
105000016,734,435,299
105000017,307,163,144
105000018,135,174,-39
105000019,12,2,10
105000020,7,101,-94
105000021,0,0,0
105000022,0,0,0
105000023,1,0,1
105000028,18,39,-21
105000029,68,101,-33
105000030,938,1283,-345
105000031,0,0,0
105000033,310,992,-682
105000034,0,1,-1
105000037,40,24,16
105000038,57,65,-8
105000039,957,968,-11
105000040,15,35,-20
105000041,149,621,-472
105000042,126,74,52
105000043,480,1001,-521
105000044,34,29,5
105000045,38,354,-316
105000046,39,11,28
105000047,53,494,-441
105000048,5,3,2
105000049,82,219,-137
105000050,0,0,0
105000051,68,179,-111
105000052,4,48,-44
105000053,9,79,-70
105000054,5,65,-60
105000055,14,56,-42
105000056,15,139,-124
105000057,108,166,-58
105000058,141,209,-68
105000059,14,35,-21
105000060,41,88,-47
105000061,14,14,0
105000062,111,233,-122
105000063,51,165,-114
105000064,44,48,-4
105000065,47,199,-152
105000066,122,272,-150
105000067,45,32,13
105000068,94,116,-22
105000069,297,133,164
105000070,39,64,-25
105000071,0,0,0
105000072,67,11,56
105000073,26,7,19
105000074,96,292,-196
105000075,80,155,-75
105000076,247,235,12
105000077,559,211,348
105000078,164,147,17
105000079,372,721,-349
105000080,52,47,5
105000081,292,234,58
105000082,32,67,-35
105000083,17,7,10
105000084,77,286,-209
105000085,34,47,-13
105000086,100,220,-120
105000087,165,522,-357
105000088,30,7,23
105000089,729,880,-151
105000090,367,474,-107
105000091,630,709,-79
105000092,103,280,-177
105000093,27,40,-13
105000094,2,7,-5
105000095,7,55,-48
105000096,1,1,0
105000097,113,160,-47
105000098,1,2,-1
105000099,91,182,-91
105000100,154,205,-51
105000101,172,247,-75
105000102,107,234,-127
105000103,73,201,-128
105000104,97,132,-35
105000105,16,173,-157
105000106,63,215,-152
105000107,50,23,27
105000108,126,66,60
105000109,88,177,-89
105000110,36,14,22
105000111,18,50,-32
105000112,165,29,136
105000113,15,31,-16
105000114,3,0,3
105000115,38,34,4
105000116,5,10,-5
105000117,100,128,-28
105000118,5,6,-1
105000119,43,118,-75
105000120,13,10,3
105000121,85,118,-33
105000122,13,45,-32
105000123,87,160,-73
105000124,75,114,-39
105000125,50,220,-170
105000126,148,329,-181
105000127,107,149,-42
105000128,15,158,-143
105000129,36,91,-55
105000130,0,5,-5
105000131,34,84,-50
105000132,0,1,-1
105000133,37,167,-130
105000134,0,0,0
105000135,55,112,-57
105000136,14,104,-90
105000137,0,0,0
105000138,57,82,-25
105000139,84,147,-63
105000140,0,0,0
105000141,9,127,-118
105000142,1,1,0
105000143,35,148,-113
105000144,40,182,-142
105000145,0,0,0
105000146,90,200,-110
105000147,0,0,0
105000148,0,0,0
105000149,0,0,0
105000150,349,336,13
105000151,25,7,18
105000152,6,99,-93
105000153,16,21,-5
105000154,34,135,-101
105000155,17,33,-16
105000156,41,128,-87
105000157,70,250,-180
105000158,62,46,16
105000159,27,206,-179
105000160,41,27,14
105000161,61,268,-207
105000162,16,45,-29
105000163,91,152,-61
105000164,50,32,18
105000165,43,134,-91
105000166,784,44,740
105000167,172,126,46
105000168,12,127,-115
105000169,36,120,-84
105000170,0,0,0
105000171,80,19,61
105000172,0,0,0
105000173,0,0,0
105000174,0,0,0
105000175,4,35,-31
105000176,5,8,-3
105000177,3,35,-32
105000178,0,0,0
105000179,16,18,-2
105000180,1,30,-29
105000181,0,0,0
105000182,1,12,-11
105000183,8,7,1
105000184,435,315,120
105000185,195,100,95
105000186,42,360,-318
105000187,67,70,-3
105000188,18,14,4
105000189,25,176,-151
105000190,0,0,0
105000191,72,205,-133
105000192,13,53,-40
105000193,36,45,-9
105000194,29,31,-2
105000195,23,210,-187
105000196,4,27,-23
105000197,26,128,-102
105000198,112,79,33
105000199,40,36,4
105000200,1,26,-25
105000201,9,7,2
105000203,0,34,-34
105000204,49,21,28
105000205,8,26,-18
105000207,155,66,89
105000208,0,0,0
105000209,47,152,-105
105000211,0,2,-2
105000212,73,153,-80
105000213,0,0,0
105000214,0,0,0
105000215,8,40,-32
105000216,35,155,-120
105000217,16,177,-161
105000218,10,112,-102
105000221,15,23,-8
105000222,1,5,-4
105000223,6,20,-14
105000226,0,0,0
105000227,0,0,0
105000228,3,40,-37
105000229,0,0,0
105000231,0,0,0
105000233,71,44,27
105000234,164,603,-439
105000235,3,13,-10
105000237,0,0,0
105000243,1,2,-1
105000248,32,49,-17
105000262,11,135,-124
105000269,1,9,-8
105000270,12,27,-15
105000271,0,22,-22
105000282,3,3,0
105000287,10,1,9
105000288,9,48,-39
105000289,116,161,-45
105000290,0,0,0
105000402,291,100,191
105000426,36,33,3
105000438,83,75,8
105000440,0,0,0
105000446,1042,946,96
105000447,1132,645,487
105000454,4,31,-27
105000455,0,2,-2
105000474,0,0,0
105000477,0,0,0
105000478,86,148,-62
105000479,1,19,-18
105000480,348,322,26
105000481,564,318,246
105000482,1171,996,175
105000483,305,327,-22
105000484,385,986,-601
105000485,505,656,-151
105000486,888,970,-82
105000488,427,686,-259
105000489,64,89,-25
105000549,0,0,0
105000550,129,291,-162
105000551,0,0,0
105000552,1539,678,861
105000555,51,22,29
105000556,0,2,-2
105000557,0,4,-4
105900001,0,0,0
105900002,1,10,-9
105900003,1,9,-8
105900004,74,17,57
105900005,0,26,-26
105900006,0,0,0
105900007,0,0,0
105900008,2,83,-81
105900009,0,0,0
105900011,0,0,0
105900012,0,0,0
105900013,0,0,0
105900014,0,0,0
105900015,2,24,-22
105900016,0,0,0
105900017,0,0,0
105900018,27,13,14
105900019,0,0,0
105900020,0,1,-1
105900021,0,0,0
105900022,6,9,-3
105900023,0,0,0
105900024,0,0,0
105900025,0,0,0
105900026,1,1,0
105900027,0,0,0
105900028,0,16,-16
105900029,5,37,-32
105900030,12,11,1
105900031,15,36,-21
105900032,6,10,-4
105900033,0,22,-22
105900034,2,23,-21
105900035,6,17,-11
105900036,2,6,-4
105900037,13,9,4
105900038,2,15,-13
105900039,3,13,-10
105900040,10,41,-31
105900041,5,8,-3
105900042,1,24,-23
105900043,12,0,12
105900044,0,10,-10
105900045,0,43,-43
105900046,0,39,-39
105900047,0,9,-9
105900048,0,34,-34
105900050,0,0,0
105900051,0,0,0
105900052,0,0,0
105900053,217,5,212
105900054,6,12,-6
105900056,0,0,0
105900057,0,0,0
105900058,0,0,0
105900059,0,0,0
106000001,270,146,124
106000002,578,970,-392
106000003,448,275,173
106000004,446,571,-125
106000005,340,411,-71
106000006,1193,1173,20
106000007,142,58,84
106000008,161,181,-20
106000009,96,30,66
106000010,139,249,-110
106000011,32,75,-43
106000012,191,509,-318
106000013,164,114,50
106000014,530,621,-91
106000015,63,133,-70
106000016,486,750,-264
106000017,238,140,98
106000018,343,441,-98
106000019,32,59,-27
106000020,36,200,-164
106000021,72,50,22
106000022,141,128,13
106000023,60,48,12
106000024,126,260,-134
106000025,42,33,9
106000026,108,262,-154
106000027,55,56,-1
106000028,185,448,-263
106000029,412,757,-345
106000030,54,69,-15
106000034,140,139,1
106000035,55,105,-50
106000036,32,104,-72
106000037,254,313,-59
106000038,4,0,4
106000039,0,2,-2
106000040,30,235,-205
106000041,47,61,-14
106000043,1,0,1
106000046,0,0,0
106000047,5,49,-44
106000049,8,10,-2
106000050,39,318,-279
106000051,2,15,-13
106000052,19,309,-290
106000053,0,0,0
106000054,72,233,-161
106000055,0,0,0
106000056,85,278,-193
106000057,0,0,0
106000058,28,129,-101
106000059,1,5,-4
106000060,106,329,-223
106000061,4,0,4
106000062,57,288,-231
106000063,0,2,-2
106000064,14,127,-113
106000065,4,6,-2
106000066,11,125,-114
106000067,0,1,-1
106000068,2,220,-218
106000069,2,2,0
106000070,20,215,-195
106000071,12,13,-1
106000072,390,430,-40
106000073,356,215,141
106000074,39,155,-116
106000075,56,164,-108
106000076,92,266,-174
106000077,289,344,-55
106000078,120,315,-195
106000079,36,189,-153
106000080,124,353,-229
106000081,28,179,-151
106000082,357,359,-2
106000083,32,266,-234
106000084,63,324,-261
106000085,59,189,-130
106000086,34,178,-144
106000087,78,192,-114
106000088,10,200,-190
106000089,58,156,-98
106000090,1,203,-202
106000091,93,119,-26
106000092,1,21,-20
106000093,0,0,0
106000094,30,85,-55
106000095,22,146,-124
106000096,10,150,-140
106000097,76,222,-146
106000098,3,223,-220
106000099,7,227,-220
106000100,11,26,-15
106000101,10,19,-9
106000102,1,117,-116
106000103,8,90,-82
106000104,57,52,5
106000105,37,93,-56
106000106,60,46,14
106000107,12,71,-59
106000108,40,55,-15
106000109,8,78,-70
106000110,13,30,-17
106000111,6,82,-76
106000112,30,33,-3
106000113,84,66,18
106000114,81,14,67
106000115,26,71,-45
106000116,21,35,-14
106000117,158,167,-9
106000118,59,99,-40
106000119,354,210,144
106000120,2,2,0
106000121,3,6,-3
106000122,1,23,-22
106000123,2,10,-8
106000124,1,38,-37
106000125,3,42,-39
106000126,0,6,-6
106000127,10,80,-70
106000128,9,4,5
106000129,43,120,-77
106000130,5,0,5
106000131,18,110,-92
106000132,2,0,2
106000133,417,172,245
106000134,0,0,0
106000135,50,232,-182
106000136,0,0,0
106000137,9,328,-319
106000138,0,0,0
106000139,0,0,0
106000140,24,108,-84
106000141,12,98,-86
106000142,0,0,0
106000143,7,128,-121
106000144,0,0,0
106000145,26,182,-156
106000146,0,0,0
106000147,85,108,-23
106000148,48,186,-138
106000149,44,104,-60
106000150,61,290,-229
106000151,508,117,391
106000152,76,70,6
106000153,11,109,-98
106000154,93,17,76
106000155,1,8,-7
106000156,42,33,9
106000157,61,324,-263
106000158,243,70,173
106000159,469,227,242
106000160,17,177,-160
106000161,169,110,59
106000162,4,55,-51
106000163,32,103,-71
106000164,17,27,-10
106000165,16,180,-164
106000166,48,57,-9
106000167,36,320,-284
106000168,13,33,-20
106000169,22,101,-79
106000170,30,35,-5
106000171,6,146,-140
106000172,219,159,60
106000173,93,407,-314
106000174,11,61,-50
106000175,40,192,-152
106000176,47,46,1
106000177,71,453,-382
106000178,93,123,-30
106000179,163,406,-243
106000180,204,431,-227
106000181,55,440,-385
106000182,27,118,-91
106000183,25,114,-89
106000184,44,97,-53
106000185,36,185,-149
106000186,77,29,48
106000187,19,237,-218
106000188,0,3,-3
106000189,0,0,0
106000190,0,0,0
106000191,33,27,6
106000192,0,23,-23
106000193,20,19,1
106000194,14,99,-85
106000195,13,14,-1
106000196,0,60,-60
106000197,23,34,-11
106000198,8,88,-80
106000199,111,53,58
106000200,36,48,-12
106000201,42,45,-3
106000202,660,98,562
106000203,3,59,-56
106000204,0,0,0
106000205,15,44,-29
106000206,0,0,0
106000207,22,285,-263
106000208,15,1,14
106000209,22,19,3
106000210,34,408,-374
106000211,116,548,-432
106000212,3,3,0
106000213,58,283,-225
106000214,206,22,184
106000215,9,50,-41
106000216,54,38,16
106000217,24,41,-17
106000218,30,50,-20
106000219,9,41,-32
106000220,20,26,-6
106000221,1,72,-71
106000222,0,0,0
106000223,0,0,0
106000224,8,45,-37
106000225,1,0,1
106000226,12,90,-78
106000228,1,118,-117
106000229,6,244,-238
106000231,3,4,-1
106000232,5,122,-117
106000233,2,3,-1
106000234,3,60,-57
106000235,0,0,0
106000236,4,25,-21
106000237,0,2,-2
106000238,0,0,0
106000239,0,1,-1
106000240,0,0,0
106000241,8,268,-260
106000242,1,0,1
106000249,0,0,0
106000250,8,109,-101
106000251,0,0,0
106000252,0,48,-48
106000253,0,0,0
106000254,4,17,-13
106000255,0,0,0
106000256,17,19,-2
106000257,19,48,-29
106000258,0,0,0
106000259,0,16,-16
106000260,0,0,0
106000261,0,20,-20
106000262,0,0,0
106000263,0,9,-9
106000264,0,0,0
106000265,0,16,-16
106000266,0,0,0
106000267,2,25,-23
106000268,0,0,0
106000269,18,8,10
106000270,15,158,-143
106000271,0,0,0
106000272,7,6,1
106000273,0,1,-1
106000274,21,6,15
106000275,1,2,-1
106000276,8,3,5
106000277,1,3,-2
106000278,17,9,8
106000279,0,11,-11
106000280,0,22,-22
106000281,26,8,18
106000282,20,12,8
106000283,1,1,0
106000284,3,11,-8
106000285,4,17,-13
106000286,4,12,-8
106000287,3,6,-3
106000288,6,15,-9
106000289,1,7,-6
106000290,4,6,-2
106000291,2,5,-3
106000292,4,19,-15
106000293,1,8,-7
106000294,14,17,-3
106000295,4,3,1
106000296,5,8,-3
106000297,9,13,-4
106000298,9,2,7
106000299,9,7,2
106000300,2,20,-18
106000301,2,35,-33
106000303,0,0,0
106000304,0,9,-9
106000305,0,0,0
106000306,6,6,0
106000307,0,0,0
106000308,7,15,-8
106000309,1,7,-6
106000310,17,81,-64
106000311,21,7,14
106000312,20,31,-11
106000313,18,11,7
106000318,4,30,-26
106000319,54,0,54
106000320,0,2,-2
106000321,0,1,-1
106000322,9,41,-32
106000324,0,0,0
106000325,68,41,27
106000326,197,603,-406
106000327,0,0,0
106000328,0,0,0
106000329,3,16,-13
106000330,7,24,-17
106000428,18,46,-28
106000429,19,92,-73
106000430,63,242,-179
106000431,44,36,8
106000432,263,613,-350
106000433,138,106,32
106000434,220,49,171
106000435,553,762,-209
106000436,3,82,-79
106000437,0,0,0
106000438,0,0,0
106000439,10,81,-71
106000440,27,73,-46
106000441,0,0,0
106000442,0,0,0
106000443,6,18,-12
106000450,6,63,-57
106000451,0,0,0
106000454,0,11,-11
106000455,2,77,-75
106000456,1,0,1
106000457,0,294,-294
106000458,0,0,0
106000459,5,131,-126
106000460,0,0,0
106000461,14,433,-419
106000462,0,12,-12
106000463,0,0,0
106000464,6,179,-173
106000465,0,0,0
106000466,1,224,-223
106000467,196,177,19
106000468,0,0,0
106000469,0,0,0
106000470,73,164,-91
106000471,3,124,-121
106000472,0,0,0
106000473,6,4,2
106000474,198,277,-79
106000475,48,38,10
106000476,8,15,-7
106000477,19,102,-83
106000480,2,41,-39
106900001,0,0,0
106900002,0,0,0
106900003,0,0,0
106900004,0,2,-2
106900006,0,0,0
106900007,0,0,0
106900008,0,0,0
106900009,0,0,0
106900010,0,0,0
106900012,0,0,0
106900013,0,0,0
106900014,0,0,0
106900015,0,0,0
106900016,0,0,0
106900017,0,0,0
106900018,0,0,0
106900019,0,0,0
106900020,0,0,0
106900021,0,0,0
106900022,0,0,0
106900023,0,0,0
106900024,0,0,0
106900025,0,0,0
106900026,0,0,0
106900027,0,0,0
107000001,319,369,-50
107000002,932,1744,-812
107000003,639,754,-115
107000004,1508,2501,-993
107000005,188,414,-226
107000006,973,2367,-1394
107000007,683,696,-13
107000008,7325,5809,1516
107000009,409,563,-154
107000010,7045,4127,2918
107000011,365,328,37
107000012,611,780,-169
107000013,12,112,-100
107000014,11,116,-105
107000015,99,391,-292
107000016,59,455,-396
107000017,251,110,141
107000018,0,69,-69
107000020,66,41,25
107000021,124,247,-123
107000022,47,386,-339
107000023,258,116,142
107000024,59,631,-572
107000025,20,57,-37
107000026,38,196,-158
107000027,290,105,185
107000028,219,294,-75
107000029,222,153,69
107000030,298,668,-370
107000031,161,150,11
107000032,11,46,-35
107000033,410,827,-417
107000034,596,434,162
107000035,10,9,1
107000036,31,116,-85
107000037,1,7,-6
107000038,77,134,-57
107000039,1,0,1
107000040,42,137,-95
107000041,143,71,72
107000042,116,440,-324
107000043,187,92,95
107000044,138,223,-85
107000045,22,113,-91
107000046,42,21,21
107000047,52,259,-207
107000048,70,54,16
107000049,33,204,-171
107000050,16,63,-47
107000051,77,95,-18
107000052,118,68,50
107000053,14,19,-5
107000054,14,113,-99
107000055,75,18,57
107000056,108,297,-189
107000057,244,63,181
107000058,0,1,-1
107000059,282,1050,-768
107000060,31,36,-5
107000061,918,1241,-323
107000062,21,27,-6
107000063,684,1386,-702
107000064,31,39,-8
107000065,783,1701,-918
107000066,9,29,-20
107000067,24,37,-13
107000068,1,0,1
107000069,0,0,0
107000070,0,0,0
107000071,0,0,0
107000072,12,885,-873
107000073,0,0,0
107000074,28,270,-242
107000075,1,0,1
107000076,200,940,-740
107000077,1,0,1
107000078,199,1091,-892
107000079,0,0,0
107000080,179,900,-721
107000081,10,5,5
107000082,73,786,-713
107000083,4,12,-8
107000084,100,746,-646
107000085,416,436,-20
107000086,357,661,-304
107000087,268,284,-16
107000088,255,681,-426
107000089,74,94,-20
107000090,191,350,-159
107000091,87,119,-32
107000092,169,333,-164
107000093,55,192,-137
107000094,169,312,-143
107000095,0,0,0
107000096,192,343,-151
107000097,0,0,0
107000098,114,275,-161
107000099,0,0,0
107000100,53,139,-86
107000101,0,0,0
107000102,105,154,-49
107000103,0,0,0
107000104,62,129,-67
107000105,6,0,6
107000106,15,110,-95
107000107,8,3,5
107000108,37,263,-226
107000109,0,0,0
107000110,6,130,-124
107000111,0,0,0
107000112,3,96,-93
107000113,0,0,0
107000114,12,194,-182
107000115,1,0,1
107000116,13,225,-212
107000117,0,1,-1
107000118,25,58,-33
107000119,90,49,41
107000120,254,203,51
107000121,20,10,10
107000122,133,296,-163
107000123,19,17,2
107000124,36,302,-266
107000125,30,12,18
107000126,61,387,-326
107000129,35,355,-320
107000130,0,0,0
107000131,69,213,-144
107000132,0,0,0
107000133,3,2,1
107000134,4,0,4
107000135,0,12,-12
107000136,6,0,6
107000137,0,13,-13
107000138,12,0,12
107000139,0,29,-29
107000140,48,2,46
107000141,22,52,-30
107000142,6,2,4
107000143,5,46,-41
107000144,7,3,4
107000145,10,15,-5
107000146,5,0,5
107000147,446,47,399
107000150,35,16,19
107000151,1,6,-5
107000152,3,45,-42
107000153,15,32,-17
107000154,30,2,28
107000155,35,0,35
107000156,46,1,45
107000157,0,222,-222
107000158,18,1,17
107000159,3,94,-91
107000160,10,1,9
107000161,7,115,-108
107000162,13,19,-6
107000163,0,0,0
107000164,0,0,0
107000165,0,0,0
107000166,7,214,-207
107000167,16,27,-11
107000168,81,3,78
107000169,82,433,-351
107000170,45,18,27
107000171,37,725,-688
107000172,27,22,5
107000173,97,275,-178
107000174,84,144,-60
107000175,1094,433,661
107000176,0,0,0
107000177,0,0,0
107000178,0,0,0
107000179,34,752,-718
107000180,0,0,0
107000181,79,381,-302
107000182,4,59,-55
107000183,26,250,-224
107000184,11,71,-60
107000185,21,348,-327
107000186,0,0,0
107000187,60,31,29
107000188,58,47,11
107000189,12,30,-18
107000190,56,115,-59
107000191,26,68,-42
107000192,113,140,-27
107000193,2,1,1
107000194,108,146,-38
107000197,0,0,0
107000198,54,237,-183
107000199,169,213,-44
107000200,1,2,-1
107000201,64,83,-19
107000202,1,1,0
107000203,164,143,21
107000204,18,7,11
107000205,998,422,576
107000206,0,0,0
107000207,15,23,-8
107000208,32,6,26
107000209,33,11,22
107000210,141,30,111
107000211,0,0,0
107000212,0,61,-61
107000213,0,0,0
107000214,2,18,-16
107000215,0,3,-3
107000216,2,26,-24
107000217,2,4,-2
107000219,1,1,0
107000220,1,27,-26
107000222,31,167,-136
107000224,0,0,0
107000225,8,93,-85
107000226,0,0,0
107000227,9,87,-78
107000228,20,17,3
107000229,4,5,-1
107000230,292,237,55
107000231,7,20,-13
107000232,0,0,0
107000233,15,24,-9
107000234,0,0,0
107000235,0,2,-2
107000236,6,246,-240
107000237,0,0,0
107000238,0,1,-1
107000239,39,4,35
107000240,3,194,-191
107000243,0,36,-36
107000244,0,50,-50
107000246,5,447,-442
107000249,0,233,-233
107000251,0,40,-40
107000252,1,329,-328
107000255,33,7,26
107000257,0,57,-57
107000258,1,7,-6
107000259,0,13,-13
107000260,0,0,0
107000262,0,74,-74
107000263,0,0,0
107000266,0,0,0
107000267,5,9,-4
107000268,7,7,0
107000269,0,1,-1
107000270,0,0,0
107000271,0,110,-110
107000272,0,55,-55
107000273,0,43,-43
107000274,0,3,-3
107000275,11,79,-68
107000280,18,1,17
107000281,2,84,-82
107000282,4,189,-185
107000290,0,9,-9
107000291,0,0,0
107000292,1,18,-17
107000293,0,0,0
107000294,0,18,-18
107000295,0,0,0
107000296,0,0,0
107000444,20,0,20
107000496,0,0,0
107000497,181,923,-742
107000500,0,0,0
107000501,0,0,0
107000502,0,0,0
107000505,44,215,-171
107000506,0,2,-2
107000508,0,132,-132
107000509,18,6,12
107000510,0,0,0
107000514,1,11,-10
107000515,1,14,-13
107000516,0,0,0
107000518,0,0,0
107000519,185,462,-277
107000520,0,0,0
107000521,159,231,-72
107000522,0,51,-51
107900001,0,8,-8
107900002,0,0,0
107900003,2,2,0
107900004,0,0,0
107900005,18,0,18
107900006,0,0,0
107900007,8,0,8
107900008,3,5,-2
107900009,0,0,0
107900010,0,0,0
107900012,7,0,7
107900013,14,2,12
107900014,0,0,0
107900015,36,0,36
107900016,8,1,7
107900017,0,0,0
107900018,0,2,-2
107900019,0,8,-8
107900020,0,0,0
107900021,0,5,-5
107900023,0,0,0
107900024,0,0,0
107900025,4,7,-3
107900026,0,12,-12
107900027,0,0,0
107900028,0,2,-2
107900030,4,0,4
107900031,3,21,-18
107900032,0,0,0
107900033,2,0,2
107900034,22,0,22
107900035,16,1,15
107900036,0,0,0
107900037,0,0,0
107900038,4,1,3
107900039,1,8,-7
107900040,0,0,0
107900041,0,0,0
107900043,0,18,-18
107900044,2,0,2
107900045,3,0,3
107900046,3,2,1
107900047,0,0,0
107900048,9,0,9
107900049,15,14,1
107900050,9,19,-10
107900051,2,4,-2
107900052,0,0,0
107900053,1,3,-2
107900055,4,15,-11
107900056,1,0,1
107900057,0,0,0
107900058,0,71,-71
107900060,0,0,0
107900061,0,0,0
107900063,0,2,-2
107900064,13,1,12
107900065,18,1,17
107900066,0,0,0
107900067,0,0,0
107900068,0,8,-8
107900069,0,1,-1
107900070,0,0,0
107900071,2,96,-94
107900072,0,5,-5
107900073,0,0,0
107900074,2,0,2
107900076,8,2,6
107900077,0,0,0
107900079,2,1,1
107900080,10,2,8
107900081,0,0,0
107900082,0,0,0
107900083,4,6,-2
107900084,0,5,-5
107900086,8,8,0
107900087,31,4,27
107900088,0,0,0
107900089,14,24,-10
107900090,33,18,15
107900091,6,41,-35
107900093,0,0,0
107900095,172,40,132
107900097,1,2,-1
107900098,0,4,-4
107900100,117,54,63
107900101,118,22,96
107900102,0,0,0
107900103,0,9,-9
107900104,0,0,0
107900105,0,85,-85
107900106,1,230,-229
107900107,82,28,54
107900108,7,0,7
107900109,0,0,0
107900110,1,9,-8
107900111,1,157,-156
107900112,3,35,-32
107900113,0,0,0
107900114,2,21,-19
107900115,0,0,0
107900116,0,13,-13
107900117,11,36,-25
107900118,5,17,-12
107900119,1,2,-1
107900120,0,0,0
107900121,0,6,-6
107900122,0,1,-1
107900123,0,3,-3
107900124,0,0,0
107900125,2,23,-21
107900126,0,2,-2
107900127,66,7,59
107900128,2,1,1
107900129,0,3,-3
107900130,0,0,0
107900131,10,2,8
107900132,8,55,-47
107900133,0,2,-2
107900134,0,0,0
107900135,1,24,-23
107900136,1,5,-4
107900137,2,2,0
107900138,0,3,-3
107900139,0,0,0
107900141,1,1,0
107900142,15,78,-63
107900143,2,2,0
107900144,0,29,-29
107900145,0,3,-3
107900146,0,2,-2
107900147,0,1,-1
107900148,13,22,-9
107900149,204,11,193
107900150,3,59,-56
107900151,0,26,-26
107900152,3,18,-15
107900153,4,5,-1
107900154,0,1,-1
107900155,0,0,0
107900156,0,9,-9
107900157,0,18,-18
107900158,18,2,16
107900159,9,116,-107
107900160,4,23,-19
107900161,0,39,-39
107900162,0,9,-9
107900163,0,0,0
107900164,0,0,0
107900165,1,2,-1
107900166,1,77,-76
107900167,0,0,0
107900168,0,6,-6
107900169,0,33,-33
107900171,1,226,-225
107900172,0,41,-41
107900173,0,49,-49
107900174,3,2,1
107900175,0,0,0
107900176,0,2,-2
107900177,0,3,-3
107900178,0,29,-29
107900179,0,30,-30
107900180,8,1,7
107900181,59,60,-1
107900182,12,254,-242
107900183,2,74,-72
107900184,0,0,0
107900185,5,0,5
107900186,3,4,-1
107900187,0,25,-25
107900188,48,3,45
107900189,2,12,-10
107900190,9,0,9
107900191,4,24,-20
107900193,1,22,-21
107900194,8,1,7
107900195,338,16,322
107900196,0,0,0
107900197,5,1,4
107900199,1,151,-150
107900201,4,22,-18
107900203,1,20,-19
107900204,45,48,-3
107900206,8,4,4
107900207,0,163,-163
107900208,0,101,-101
107900209,27,16,11
107900210,2,8,-6
107900213,26,60,-34
107900214,2,29,-27
107900215,25,68,-43
107900216,1,3,-2
107900217,0,0,0
107900218,0,128,-128
107900219,0,15,-15
107900220,5,14,-9
107900221,58,43,15
107900223,0,0,0
107900224,9,55,-46
107900225,1,53,-52
107900226,0,11,-11
107900227,11,59,-48
107900228,0,21,-21
107900229,1,70,-69
107900230,3,13,-10
107900231,0,0,0
107900232,1,30,-29
107900233,0,10,-10
107900234,9,47,-38
107900235,2,25,-23
107900236,3,57,-54
107900237,8,131,-123
107900238,0,0,0
107900239,111,82,29
107900240,0,12,-12
107900241,1,8,-7
107900242,1,83,-82
107900243,0,0,0
107900244,0,0,0
107900245,6,0,6
107900246,0,0,0
107900248,7,43,-36
107900249,0,0,0
107900250,0,72,-72
107900251,1,145,-144
107900252,0,0,0
107900253,0,0,0
107900254,1,4,-3
107900255,51,5,46
107900256,7,46,-39
107900257,1,1,0
107900258,0,17,-17
107900259,1,7,-6
107900261,0,61,-61
107900262,0,0,0
107900264,0,0,0
107900265,0,5,-5
107900267,1,0,1
107900268,0,0,0
107900269,0,0,0
107900270,0,0,0
107900271,0,0,0
107900272,0,0,0
107900273,0,6,-6
107900274,0,0,0
107900275,0,0,0
107900276,0,4,-4
107900277,0,33,-33
107900278,1,38,-37
107900279,8,1,7
107900280,10,46,-36
107900281,122,50,72
107900282,2,26,-24
107900283,25,22,3
107900284,5,82,-77
107900285,1,3,-2
107900286,4,0,4
107900287,6,7,-1
107900290,0,23,-23
107900291,9,0,9
107900292,4,19,-15
107900293,2,40,-38
107900295,2,27,-25
107900297,0,52,-52
107900298,44,85,-41
107900299,557,73,484
107900301,14,36,-22
107900302,4,0,4
107900303,0,32,-32
107900304,6,107,-101
107900305,7,0,7
107900306,0,0,0
107900307,9,76,-67
107900308,25,3,22
107900309,0,0,0
107900310,0,0,0
107900311,4,4,0
107900312,0,0,0
107900313,0,3,-3
107900314,1,1,0
107900315,0,1,-1
107900316,0,0,0
107900317,1,0,1
107900318,3,11,-8
107900319,0,13,-13
107900320,0,16,-16
107900321,2,0,2
107900322,0,32,-32
107900323,1,21,-20
107900324,2,0,2
107900325,0,0,0
107900326,0,87,-87
107900327,0,0,0
107900328,0,0,0
107900329,0,0,0
107900330,0,52,-52
107900331,1,2,-1
107900332,0,2,-2
107900333,1,1,0
107900334,0,37,-37
107900335,4,16,-12
107900336,0,1,-1
107900337,157,29,128
107900338,0,15,-15
107900339,0,10,-10
107900340,0,9,-9
107900341,0,0,0
107900342,4,16,-12
107900343,1,0,1
107900344,1,29,-28
107900345,0,4,-4
107900346,0,1,-1
107900347,0,0,0
107900348,0,0,0
107900349,0,0,0
107900350,10,40,-30
107900351,0,17,-17
107900352,0,12,-12
107900353,0,0,0
107900354,0,5,-5
108000001,427,346,81
108000002,1039,1716,-677
108000003,364,265,99
108000004,5166,6826,-1660
108000005,357,280,77
108000006,1101,2599,-1498
108000007,403,378,25
108000008,1161,2379,-1218
108000009,181,477,-296
108000010,656,2105,-1449
108000011,1374,853,521
108000012,5737,6125,-388
108000014,11,53,-42
108000015,8,25,-17
108000016,64,338,-274
108000017,6,32,-26
108000018,3,39,-36
108000019,3,60,-57
108000020,2,0,2
108000021,107,697,-590
108000022,93,365,-272
108000023,0,0,0
108000024,9,153,-144
108000025,16,59,-43
108000026,19,138,-119
108000027,20,247,-227
108000028,7,71,-64
108000029,8,245,-237
108000030,6,53,-47
108000031,12,258,-246
108000032,0,0,0
108000033,120,438,-318
108000034,0,0,0
108000035,109,1017,-908
108000036,63,416,-353
108000037,75,27,48
108000038,62,22,40
108000039,87,600,-513
108000040,22,12,10
108000041,210,812,-602
108000042,0,74,-74
108000043,8,128,-120
108000044,5,68,-63
108000045,16,338,-322
108000046,0,0,0
108000047,60,391,-331
108000048,30,223,-193
108000049,27,20,7
108000050,6,144,-138
108000051,9,8,1
108000052,57,175,-118
108000053,21,21,0
108000054,42,178,-136
108000055,27,24,3
108000056,165,326,-161
108000057,14,46,-32
108000058,14,183,-169
108000059,569,365,204
108000060,1,18,-17
108000061,69,132,-63
108000062,22,4,18
108000063,48,153,-105
108000064,0,0,0
108000065,81,97,-16
108000066,192,55,137
108000067,42,22,20
108000068,0,0,0
108000069,70,500,-430
108000070,0,0,0
108000071,80,699,-619
108000072,0,0,0
108000073,142,590,-448
108000074,0,0,0
108000075,46,306,-260
108000076,1,1,0
108000077,126,336,-210
108000078,16,15,1
108000079,375,709,-334
108000080,2,5,-3
108000081,84,790,-706
108000082,192,466,-274
108000083,10,7,3
108000084,88,341,-253
108000085,2,2,0
108000086,121,185,-64
108000087,0,20,-20
108000088,16,0,16
108000089,18,17,1
108000091,15,235,-220
108000092,0,0,0
108000093,43,239,-196
108000094,0,0,0
108000095,48,198,-150
108000096,0,0,0
108000097,52,216,-164
108000098,33,78,-45
108000099,40,28,12
108000100,10,18,-8
108000101,2,2,0
108000102,52,142,-90
108000106,0,0,0
108000107,0,154,-154
108000108,0,0,0
108000109,0,166,-166
108000110,13,37,-24
108000111,47,425,-378
108000112,0,0,0
108000113,27,16,11
108000115,36,37,-1
108000117,77,50,27
108000118,14,100,-86
108000119,28,187,-159
108000120,6,87,-81
108000121,3,174,-171
108000122,20,29,-9
108000123,12,1,11
108000124,22,299,-277
108000125,1,0,1
108000126,14,231,-217
108000127,0,3,-3
108000128,33,340,-307
108000129,27,662,-635
108000130,2,1,1
108000131,3,3,0
108000132,224,342,-118
108000133,2,0,2
108000134,146,487,-341
108000135,10,1,9
108000136,53,674,-621
108000137,0,0,0
108000138,17,91,-74
108000139,0,4,-4
108000140,28,3,25
108000141,7,45,-38
108000142,31,62,-31
108000143,4,74,-70
108000144,6,2,4
108000145,5,47,-42
108000146,0,4,-4
108000147,4,44,-40
108000148,4,1,3
108000149,5,24,-19
108000150,2,0,2
108000151,6,2,4
108000152,25,47,-22
108000153,2,6,-4
108000154,6,17,-11
108000155,3,1,2
108000156,82,31,51
108000157,3,9,-6
108000158,14,84,-70
108000159,23,0,23
108000160,305,155,150
108000161,171,132,39
108000165,0,0,0
108000172,0,0,0
108000173,198,9,189
108000175,2,50,-48
108000178,114,135,-21
108000179,0,0,0
108000181,3,3,0
108000182,15,8,7
108000183,2,47,-45
108000184,62,140,-78
108000185,6,145,-139
108000186,9,34,-25
108000187,2,87,-85
108000188,5,16,-11
108000189,39,66,-27
108000190,4,37,-33
108000192,13,118,-105
108000193,110,2,108
108000194,0,0,0
108000195,2,537,-535
108000196,0,29,-29
108000198,52,72,-20
108000199,0,60,-60
108000200,11,40,-29
108000203,3,178,-175
108000204,19,2,17
108000205,80,30,50
108000339,29,14,15
108000364,34,26,8
108000365,1,31,-30
108000367,2,22,-20
108000368,2,10,-8
108000369,112,26,86
108000371,0,166,-166
108000372,0,0,0
108000373,0,0,0
108000376,15,3,12
108000377,18,4,14
108000378,1797,844,953
108000379,4,40,-36
108000381,0,0,0
108000382,0,0,0
108000383,0,20,-20
108900001,22,36,-14
108900002,3,1,2
108900003,24,72,-48
108900004,84,27,57
108900007,4,11,-7
108900008,0,9,-9
108900009,1,3,-2
108900010,1,14,-13
108900011,2,26,-24
108900012,6,49,-43
108900013,4,18,-14
108900014,0,4,-4
108900015,0,0,0
108900016,0,21,-21
108900017,2,6,-4
108900018,4,44,-40
108900019,2,110,-108
108900020,1,19,-18
108900021,4,17,-13
108900022,0,0,0
108900023,0,1,-1
108900024,0,15,-15
108900025,0,0,0
108900026,0,4,-4
108900027,0,26,-26
108900028,0,34,-34
108900029,0,18,-18
108900030,0,18,-18
108900031,2,48,-46
108900032,0,17,-17
108900033,0,9,-9
108900034,0,11,-11
108900035,3,200,-197
108900038,0,37,-37
108900039,1,26,-25
108900040,0,4,-4
108900041,301,64,237
108900042,1,32,-31
108900043,1,15,-14
108900044,0,79,-79
108900045,0,27,-27
108900046,0,51,-51
108900047,0,19,-19
108900048,3,35,-32
108900049,186,30,156
108900050,0,21,-21
108900051,0,32,-32
108900052,0,29,-29
108900053,6,5,1
108900054,1,14,-13
108900055,2,27,-25
108900056,0,30,-30
108900057,0,40,-40
108900058,0,42,-42
108900059,14,1,13
108900060,0,0,0
108900061,3,0,3
108900062,2,62,-60
108900063,0,20,-20
108900064,1,0,1
108900065,0,6,-6
108900066,0,0,0
108900067,1,33,-32
108900068,0,11,-11
108900069,0,7,-7
108900070,3,4,-1
108900071,0,0,0
108900072,1,0,1
108900073,1,17,-16
108900074,1,14,-13
108900075,1,5,-4
108900076,0,0,0
108900077,8,22,-14
108900078,0,5,-5
108900079,12,3,9
108900080,0,0,0
108900081,7,43,-36
108900082,1,7,-6
108900083,0,0,0
108900085,67,3,64
108900086,0,20,-20
108900087,0,4,-4
108900088,0,0,0
108900089,0,0,0
108900090,0,20,-20
108900091,5,3,2
108900092,0,0,0
108900093,0,0,0
108900094,2,2,0
108900095,6,27,-21
108900096,13,0,13
108900097,0,63,-63
108900098,2,0,2
108900099,3,59,-56
108900100,3,5,-2
108900101,0,0,0
108900102,4,1,3
108900103,0,0,0
108900105,0,0,0
108900106,1,66,-65
108900108,0,0,0
108900109,0,0,0
108900110,1,45,-44
108900111,0,54,-54
108900113,0,1,-1
108900114,0,0,0
108900115,0,0,0
108900116,0,0,0
108900117,0,0,0
108900118,0,0,0
108900119,0,0,0
108900120,0,0,0
108900121,0,0,0
108900122,0,0,0
108900123,0,0,0
108900124,0,1,-1
108900125,0,0,0
108900126,0,0,0
108900127,0,0,0
108900128,0,0,0
108900129,0,0,0
108900130,0,0,0
108900131,0,0,0
108900132,0,0,0
108900133,0,0,0
108900134,0,0,0
108900135,0,0,0
108900136,0,0,0
108900137,1,0,1
108900138,0,0,0
108900140,0,0,0
108900141,0,0,0
108900142,0,0,0
108900143,0,0,0
108900144,0,0,0
108900145,0,0,0
108900146,0,0,0
108900147,4,0,4
108900148,0,0,0
108900150,0,0,0
108900151,0,0,0
108900152,0,0,0
108900153,0,28,-28
108900154,0,1,-1
108900156,0,0,0
108900157,0,16,-16
108900158,0,2,-2
108900159,0,11,-11
108900160,0,24,-24
108900161,1,22,-21
108900162,0,0,0
108900163,0,0,0
108900164,1,9,-8
108900168,362,26,336
108900169,4,5,-1
108900171,139,90,49
108900172,0,0,0
108900173,3,10,-7
108900174,0,0,0
108900176,5,36,-31
108900177,499,72,427
108900178,157,18,139
108900180,0,1,-1
108900183,10,14,-4
108900184,1,2,-1
108900185,1,28,-27
108900186,1,21,-20
108900189,0,0,0
108900190,0,211,-211
108900192,0,28,-28
108900195,1,24,-23
108900196,2,35,-33
108900199,4,30,-26
108900200,19,28,-9
108900201,7,86,-79
108900203,5,2,3
108900204,3,0,3
108900205,0,0,0
108900206,0,0,0
108900207,0,0,0
108900208,16,32,-16
108900209,21,55,-34
108900210,1,7,-6
108900211,3,1,2
108900212,12,8,4
108900215,9,51,-42
108900216,0,9,-9
108900217,0,0,0
108900218,0,0,0
108900221,0,2,-2
108900224,0,3,-3
108900225,0,12,-12
108900227,0,0,0
108900230,10,6,4
108900232,0,24,-24
108900233,0,0,0
108900234,0,0,0
108900235,1,23,-22
108900236,0,25,-25
108900240,0,3,-3
108900241,0,0,0
108900245,0,3,-3
108900250,0,14,-14
108900258,0,5,-5
108900259,0,0,0
108900260,0,3,-3
108900261,2,5,-3
108900262,0,1,-1
108900263,0,0,0
108900264,0,0,0
108900265,0,0,0
108900266,0,0,0
108900267,0,0,0
108900268,0,0,0
108900269,0,0,0
108900270,0,0,0
108900271,0,0,0
108900272,0,0,0
108900273,0,1,-1
108900274,4,6,-2
109000001,368,74,294
109000002,1571,425,1146
109000003,210,75,135
109000004,232,1127,-895
109000005,154,117,37
109000006,248,1044,-796
109000007,103,75,28
109000008,142,755,-613
109000009,473,167,306
109000010,575,1631,-1056
109000011,309,186,123
109000012,597,1714,-1117
109000013,419,168,251
109000014,353,1745,-1392
109000015,658,377,281
109000016,1521,2265,-744
109000017,229,187,42
109000018,358,2029,-1671
109000019,274,128,146
109000020,517,969,-452
109000023,0,0,0
109000024,1,14,-13
109000025,149,45,104
109000026,41,43,-2
109000027,15,43,-28
109000028,7,15,-8
109000029,51,21,30
109000030,9,125,-116
109000031,0,0,0
109000032,5,112,-107
109000033,0,0,0
109000034,2,2,0
109000035,0,0,0
109000036,33,99,-66
109000037,12,31,-19
109000038,221,88,133
109000039,73,13,60
109000040,0,0,0
109000041,858,212,646
109000042,44,157,-113
109000044,7,21,-14
109000045,31,164,-133
109000046,0,5,-5
109000047,22,252,-230
109000048,50,31,19
109000049,89,388,-299
109000050,8,27,-19
109000051,124,162,-38
109000052,20,210,-190
109000053,17,40,-23
109000054,4,70,-66
109000055,6,14,-8
109000056,11,61,-50
109000057,20,27,-7
109000058,153,41,112
109000059,16,170,-154
109000060,40,6,34
109000061,150,49,101
109000062,6,7,-1
109000063,19,37,-18
109000064,8,3,5
109000065,10,35,-25
109000066,5,1,4
109000067,4,44,-40
109000068,0,1,-1
109000069,0,0,0
109000070,1,216,-215
109000071,112,9,103
109000072,16,65,-49
109000073,6,44,-38
109000074,1,33,-32
109000075,21,267,-246
109000076,1,22,-21
109000077,29,68,-39
109000078,1,11,-10
109000079,7,49,-42
109000080,6,25,-19
109000081,2,77,-75
109000082,2,55,-53
109000083,4,144,-140
109000088,8,34,-26
109000089,6,2,4
109000090,43,81,-38
109000091,23,11,12
109000092,47,169,-122
109000093,44,13,31
109000094,7,2,5
109000095,7,139,-132
109000096,39,0,39
109000097,10,11,-1
109000098,0,0,0
109000099,32,39,-7
109000100,12,180,-168
109000101,73,78,-5
109000102,21,322,-301
109000103,42,69,-27
109000104,98,65,33
109000105,32,518,-486
109000106,86,58,28
109000107,54,519,-465
109000108,87,62,25
109000109,64,478,-414
109000110,101,80,21
109000111,211,547,-336
109000112,21,13,8
109000113,39,91,-52
109000114,7,61,-54
109000115,41,18,23
109000116,1,95,-94
109000117,5,16,-11
109000118,0,87,-87
109000119,25,24,1
109000120,7,345,-338
109000121,7,14,-7
109000122,6,340,-334
109000123,5,23,-18
109000124,36,75,-39
109000125,52,94,-42
109000126,55,476,-421
109000127,22,39,-17
109000128,31,666,-635
109000129,11,21,-10
109000130,127,819,-692
109000131,64,43,21
109000132,150,405,-255
109000133,31,340,-309
109000134,80,643,-563
109000135,170,414,-244
109000136,17,14,3
109000137,35,38,-3
109000138,13,9,4
109000139,26,92,-66
109000140,2,31,-29
109000141,12,114,-102
109000142,9,41,-32
109000143,10,3,7
109000145,43,21,22
109000146,0,0,0
109000148,711,57,654
109000149,15,12,3
109000150,0,0,0
109000155,39,146,-107
109000156,176,108,68
109000158,5,79,-74
109000159,7,72,-65
109000160,93,86,7
109000161,4,266,-262
109000162,178,223,-45
109000163,43,237,-194
109000164,122,480,-358
109000165,50,98,-48
109000166,35,40,-5
109000167,18,111,-93
109000170,0,0,0
109000171,0,0,0
109000172,0,0,0
109000173,1,3,-2
109000174,1,2,-1
109000175,0,0,0
109000176,12,67,-55
109000177,0,0,0
109000178,18,15,3
109000179,597,88,509
109000180,841,360,481
109000181,2,9,-7
109000182,4,11,-7
109000183,1,10,-9
109000184,5,12,-7
109000185,0,3,-3
109000188,4,98,-94
109000189,60,101,-41
109000190,83,217,-134
109000191,0,0,0
109000192,3,13,-10
109000193,8,102,-94
109000194,4,4,0
109000195,9,72,-63
109000196,1,7,-6
109000197,6,105,-99
109000198,0,5,-5
109000199,10,85,-75
109000206,6,7,-1
109000207,9,12,-3
109000208,27,7,20
109000209,3,7,-4
109000210,29,50,-21
109000211,5,8,-3
109000214,17,59,-42
109000215,0,2,-2
109000216,8,13,-5
109000217,14,7,7
109000218,18,8,10
109000221,9,138,-129
109000222,35,0,35
109000223,25,50,-25
109000224,3,7,-4
109000225,4,9,-5
109000226,3,55,-52
109000227,44,79,-35
109000228,0,99,-99
109000231,0,93,-93
109000232,8,91,-83
109000236,21,363,-342
109000241,123,256,-133
109000242,31,131,-100
109000293,2,30,-28
109000361,6,23,-17
109000364,3,56,-53
109000396,0,179,-179
109000397,30,0,30
109000399,33,77,-44
109000400,7,70,-63
109000403,12,62,-50
109000406,14,4,10
109000407,8,18,-10
109000408,2,79,-77
109000410,146,39,107
109000411,0,0,0
109900001,0,0,0
109900002,0,0,0
109900003,0,0,0
109900005,0,0,0
109900006,0,12,-12
109900007,0,91,-91
109900008,0,3,-3
109900009,3,128,-125
109900010,0,0,0
109900011,4,2,2
109900012,7,10,-3
109900013,11,5,6
109900015,8,7,1
109900017,1,0,1
109900018,5,12,-7
109900019,5,13,-8
109900020,0,0,0
109900021,0,0,0
109900022,0,11,-11
109900023,0,0,0
109900024,0,0,0
109900025,0,14,-14
109900027,0,0,0
109900028,169,17,152
109900029,0,23,-23
109900030,0,0,0
109900031,0,0,0
109900032,0,55,-55
109900033,0,1,-1
109900034,0,0,0
109900035,1,0,1
109900036,0,9,-9
109900037,0,78,-78
109900038,0,2,-2
109900039,0,0,0
109900040,1,100,-99
109900041,0,34,-34
109900042,0,47,-47
109900044,4,7,-3
109900045,0,2,-2
109900046,0,3,-3
109900047,20,34,-14
109900048,0,10,-10
109900049,0,1,-1
109900050,0,24,-24
109900051,0,3,-3
109900052,1,27,-26
109900053,0,49,-49
109900054,0,0,0
109900055,0,22,-22
109900056,0,0,0
109900057,0,11,-11
109900058,0,5,-5
109900060,0,0,0
109900061,11,43,-32
109900062,0,18,-18
109900064,7,6,1
109900065,10,15,-5
109900066,12,113,-101
109900067,0,43,-43
109900068,0,0,0
109900069,0,4,-4
109900071,0,4,-4
109900072,0,21,-21
109900073,1,21,-20
109900074,0,11,-11
109900075,0,0,0
109900076,1,168,-167
109900077,0,5,-5
109900078,2,29,-27
109900080,4,16,-12
109900081,0,0,0
109900082,1,39,-38
109900083,0,10,-10
109900084,0,8,-8
109900085,1,56,-55
109900086,0,0,0
109900087,3,25,-22
109900089,0,0,0
109900092,0,0,0
109900093,0,0,0
109900094,1,5,-4
109900095,1,4,-3
109900096,0,0,0
109900097,0,0,0
109900098,0,0,0
109900099,0,0,0
109900100,0,0,0
109900101,0,0,0
109900102,0,0,0
109900103,3,10,-7
109900104,0,190,-190
109900105,0,0,0
109900106,0,0,0
109900107,0,0,0
109900108,6,69,-63
109900109,1,30,-29
109900111,4,35,-31
109900114,0,1,-1
109900115,0,0,0
109900117,0,0,0
109900121,21,17,4
109900123,0,3,-3
109900125,0,13,-13
109900126,1,5,-4
109900130,211,2,209
109900131,0,0,0
109900132,0,0,0
109900134,0,0,0
109900135,28,4,24
109900137,0,0,0
109900140,6,40,-34
109900149,3,2,1
109900150,0,9,-9
109900151,0,3,-3
109900152,0,5,-5
109900153,0,1,-1
109900154,0,0,0
109900155,0,0,0
109900157,1,13,-12
109900159,9,9,0
109900161,0,1,-1
109900162,8,14,-6
109900163,10,3,7
109900164,1,45,-44
109900165,3,0,3
109900166,0,15,-15
109900167,4,87,-83
109900168,2,103,-101
109900169,10,29,-19
109900170,21,18,3
109900171,2,8,-6
109900172,15,9,6
109900173,369,68,301
109900174,3,3,0
109900175,18,15,3
109900176,18,14,4
109900177,6,53,-47
109900178,0,7,-7
109900179,0,0,0
109900180,0,0,0
110000001,139,267,-128
110000002,78,78,0
110000003,1302,424,878
110000004,196,100,96
110000005,435,182,253
110000006,98,149,-51
110000007,4,14,-10
110000008,0,20,-20
110000009,0,0,0
110000010,9,37,-28
110000011,0,16,-16
110000012,240,155,85
110000013,3,35,-32
110000014,199,68,131
110000015,4,11,-7
110000016,44,82,-38
110000017,51,21,30
110000018,240,51,189
110000019,1,32,-31
110000020,51,70,-19
110000021,20,11,9
110000022,23,5,18
110000023,1,32,-31
110000024,127,179,-52
110000025,8,1,7
110000026,1,76,-75
110000027,68,38,30
110000028,11,21,-10
110000029,73,214,-141
110000030,1,7,-6
110000031,46,172,-126
110000032,7,14,-7
110000033,7,4,3
110000034,91,241,-150
110000035,14,57,-43
110000036,35,107,-72
110000037,10,41,-31
110000038,46,92,-46
110000039,69,70,-1
110000040,40,63,-23
110000041,0,0,0
110000042,9,57,-48
110000043,0,0,0
110000044,1,10,-9
110000045,0,0,0
110000046,0,1,-1
110000047,0,0,0
110000048,0,0,0
110000049,0,0,0
110000050,1,0,1
110000051,0,0,0
110000052,0,0,0
110000053,0,0,0
110000054,5,23,-18
110000055,0,0,0
110000056,0,0,0
110000057,64,242,-178
110000058,32,23,9
110000059,133,263,-130
110000060,76,108,-32
110000061,374,515,-141
110000062,239,185,54
110000063,20,23,-3
110000064,0,0,0
110000065,3,21,-18
110000066,1,11,-10
110000067,0,0,0
110000068,0,0,0
110000069,5,21,-16
110000071,6,11,-5
110000073,0,0,0
110000075,2,27,-25
110000076,19,4,15
110000077,13,11,2
110000078,1,4,-3
110000080,40,261,-221
110000081,2,58,-56
110000082,3,58,-55
110000083,72,197,-125
110000084,35,88,-53
110000085,1041,403,638
110000086,68,200,-132
110000087,2,24,-22
110000088,0,124,-124
110000089,3,16,-13
110000090,7,49,-42
110000091,241,57,184
110000092,2,9,-7
110000093,65,0,65
110000094,43,170,-127
110000095,9,94,-85
110000096,670,545,125
110000097,182,141,41
110000098,77,89,-12
110000099,107,345,-238
110000100,5,115,-110
110000101,4,87,-83
110000102,12,9,3
110000104,5,1,4
110000105,6,37,-31
110000106,26,21,5
110000107,37,27,10
110000108,83,0,83
110000109,20,231,-211
110000110,698,155,543
110000111,1863,513,1350
110000112,154,30,124
110000113,71,43,28
110000114,4,28,-24
110000115,2,11,-9
110000116,11,6,5
110000117,6,115,-109
110000118,30,16,14
110000119,12,85,-73
110000120,14,15,-1
110000121,6,53,-47
110000122,36,191,-155
110000123,21,46,-25
110000124,3,350,-347
110000125,0,0,0
110000126,0,0,0
110000127,0,0,0
110000128,8,426,-418
110000129,3,223,-220
110000130,0,0,0
110000131,34,233,-199
110000132,0,316,-316
110000133,20,65,-45
110000134,2,58,-56
110000135,0,0,0
110000136,5,69,-64
110000137,6,62,-56
110000138,30,152,-122
110000139,23,84,-61
110000140,0,0,0
110000143,17,21,-4
110000144,737,239,498
110000145,179,85,94
110000146,293,78,215
110000147,32,189,-157
110000148,0,0,0
110000151,48,34,14
110000152,59,82,-23
110000153,3,24,-21
110000154,0,6,-6
110000155,374,732,-358
110000156,85,421,-336
110000157,216,526,-310
110000160,51,47,4
110000161,29,65,-36
110000166,5,3,2
110000167,57,95,-38
110000168,94,38,56
110000169,24,26,-2
110000170,5,6,-1
110000171,39,25,14
110000172,26,279,-253
110000173,176,334,-158
110000174,11,256,-245
110000175,0,0,0
110000176,0,0,0
110000177,1,33,-32
110000178,286,109,177
110000179,231,83,148
110000180,21,59,-38
110000181,21,76,-55
110000182,89,68,21
110000183,855,522,333
110000184,62,123,-61
110000185,58,206,-148
110000186,135,108,27
110000191,8,102,-94
110000192,4,0,4
110000193,13,1,12
110000194,0,264,-264
110000195,0,14,-14
110000196,14,63,-49
110000197,1,16,-15
110000198,0,1,-1
110000199,5,20,-15
110000200,60,151,-91
110000201,28,61,-33
110000202,98,67,31
110000203,27,191,-164
110000204,0,61,-61
110000205,2,10,-8
110000206,16,227,-211
110000207,18,63,-45
110000208,2,13,-11
110000209,34,220,-186
110000210,1,0,1
110000211,1,6,-5
110000212,35,71,-36
110000213,3,8,-5
110000214,3,10,-7
110000215,8,102,-94
110000216,3,111,-108
110000217,3,19,-16
110000218,11,115,-104
110000219,10,4,6
110000220,8,89,-81
110000221,12,10,2
110000222,3,50,-47
110000223,2,7,-5
110000224,2,1,1
110000225,20,114,-94
110000226,3,1,2
110000227,41,58,-17
110000228,12,1,11
110000229,1,65,-64
110000230,70,85,-15
110000231,14,25,-11
110000232,7,80,-73
110000233,2,25,-23
110000234,3,69,-66
110000235,21,110,-89
110000236,116,386,-270
110000237,280,336,-56
110000238,31,152,-121
110000239,89,335,-246
110000240,0,26,-26
110000242,0,27,-27
110000243,8,39,-31
110000244,1,85,-84
110000245,6,147,-141
110000246,25,59,-34
110000247,134,443,-309
110000248,8,200,-192
110000249,0,0,0
110000250,0,15,-15
110000251,6,26,-20
110000252,15,30,-15
110000253,22,11,11
110000254,102,291,-189
110000255,10,226,-216
110000256,11,6,5
110000257,55,194,-139
110000258,0,43,-43
110000259,5,3,2
110000260,2,61,-59
110000263,66,21,45
110000264,19,68,-49
110000265,327,245,82
110000266,253,358,-105
110000267,4,62,-58
110000268,0,33,-33
110000269,0,13,-13
110000270,0,0,0
110000271,8,10,-2
110000272,103,368,-265
110000273,227,425,-198
110000274,11,114,-103
110000275,394,63,331
110000276,24,72,-48
110000277,18,50,-32
110000278,54,118,-64
110000279,5,89,-84
110000280,2,46,-44
110000281,1,34,-33
110000282,3,8,-5
110000283,0,23,-23
110000284,2,2,0
110000285,1,61,-60
110000286,0,0,0
110000287,0,0,0
110000288,1,15,-14
110000289,28,396,-368
110000290,236,236,0
110000291,356,316,40
110000292,231,329,-98
110000293,21,175,-154
110000294,36,192,-156
110000295,5,123,-118
110000296,10,137,-127
110000297,243,116,127
110000298,77,86,-9
110000299,0,0,0
110000301,0,0,0
110000302,28,227,-199
110000303,0,0,0
110000304,27,78,-51
110000305,6,0,6
110000306,13,541,-528
110000307,2,0,2
110000308,1,2,-1
110000309,2,335,-333
110000310,15,7,8
110000311,2,230,-228
110000312,22,2,20
110000313,317,477,-160
110000314,0,58,-58
110000315,499,424,75
110000316,242,557,-315
110000317,103,100,3
110000318,0,31,-31
110000319,0,0,0
110000320,0,20,-20
110000321,0,1,-1
110000322,2,8,-6
110000323,13,108,-95
110000324,1022,733,289
110000325,18,20,-2
110000327,0,44,-44
110000328,42,188,-146
110000333,0,0,0
110000334,60,306,-246
110000335,31,67,-36
110000336,42,367,-325
110000337,19,52,-33
110000338,2,20,-18
110000339,9,44,-35
110000340,0,36,-36
110000341,21,251,-230
110000342,0,0,0
110000343,0,9,-9
110000344,1,34,-33
110000345,1,1,0
110000346,435,312,123
110000347,207,26,181
110000348,0,9,-9
110000349,1,3,-2
110000350,0,0,0
110000351,24,141,-117
110000352,29,514,-485
110000353,287,186,101
110000354,62,594,-532
110000355,0,19,-19
110000356,0,0,0
110000357,26,3,23
110000361,1,13,-12
110000362,2,8,-6
110000363,4,14,-10
110000364,1,44,-43
110000365,0,0,0
110000366,0,24,-24
110000367,23,41,-18
110000368,0,21,-21
110000369,0,0,0
110000373,2,89,-87
110000374,1,0,1
110000375,6,194,-188
110000376,18,55,-37
110000377,1,1,0
110000378,0,144,-144
110000379,491,217,274
110000380,0,4,-4
110000383,0,96,-96
110000384,0,31,-31
110000385,0,42,-42
110000387,1,17,-16
110000388,7,83,-76
110000389,2,0,2
110000391,0,88,-88
110000396,4,38,-34
110000397,1,4,-3
110000398,1,4,-3
110000399,0,0,0
110000587,1,1,0
110000589,0,2,-2
110000640,31,13,18
110000652,1,8,-7
110000653,27,127,-100
110000654,0,3,-3
110000656,1,175,-174
110000674,1,0,1
110000675,1,0,1
110000676,0,5,-5
110000679,280,128,152
110000682,0,0,0
110000683,7,13,-6
110000684,0,15,-15
110000685,0,0,0
110000686,1,4,-3
110000687,0,0,0
110000688,25,8,17
110000689,1,5,-4
110000692,0,9,-9
110000693,7,81,-74
110000694,0,151,-151
110000695,24,167,-143
110000696,0,0,0
110900001,0,0,0
110900002,0,9,-9
110900003,0,149,-149
110900004,0,43,-43
110900005,175,22,153
110900006,0,0,0
110900007,0,0,0
110900008,0,4,-4
110900009,0,0,0
110900010,1,9,-8
110900011,0,11,-11
110900012,0,5,-5
110900013,0,0,0
110900014,0,0,0
110900015,0,0,0
110900016,0,15,-15
110900017,0,0,0
110900018,0,0,0
110900019,0,0,0
110900020,0,57,-57
110900021,7,96,-89
110900022,5,63,-58
110900023,2,57,-55
110900024,0,109,-109
110900025,0,8,-8
110900027,0,31,-31
110900028,3,12,-9
110900029,3,91,-88
110900030,0,25,-25
110900031,1,24,-23
110900032,0,8,-8
110900033,6,35,-29
110900035,1,55,-54
110900036,3,3,0
110900037,0,1,-1
110900038,12,2,10
110900039,3,24,-21
110900040,11,0,11
110900041,0,25,-25
110900042,0,0,0
110900043,1,27,-26
110900044,0,0,0
110900045,2,74,-72
110900046,10,47,-37
110900047,0,0,0
110900049,0,0,0
110900050,0,0,0
110900051,4,17,-13
110900052,0,28,-28
110900053,0,0,0
110900054,1,32,-31
110900055,0,0,0
110900056,5,7,-2
110900057,1,34,-33
110900058,0,0,0
110900059,36,104,-68
110900060,2,1,1
110900061,3,0,3
110900062,0,0,0
110900063,0,1,-1
110900064,0,0,0
110900065,20,2,18
110900066,0,0,0
110900067,0,0,0
110900068,12,19,-7
110900069,1,8,-7
110900070,4,1,3
110900071,0,0,0
110900073,1,0,1
110900074,0,6,-6
110900075,4,8,-4
110900077,1,0,1
110900078,0,20,-20
110900079,117,21,96
110900080,0,0,0
110900081,0,23,-23
110900082,0,0,0
110900083,0,0,0
110900084,0,44,-44
110900085,2,51,-49
110900086,0,0,0
110900087,0,0,0
110900088,0,0,0
110900090,0,0,0
110900091,0,0,0
110900093,0,0,0
110900095,3,3,0
110900097,0,1,-1
110900098,0,11,-11
110900099,3,32,-29
110900100,0,3,-3
110900102,0,0,0
110900105,27,26,1
110900108,0,10,-10
110900111,8,4,4
110900112,0,0,0
110900113,0,0,0
110900115,0,0,0
110900116,10,365,-355
110900118,2,11,-9
110900119,620,10,610
110900120,0,23,-23
110900121,0,0,0
110900122,0,3,-3
110900125,1,3,-2
110900127,49,94,-45
110900128,19,43,-24
110900129,0,0,0
110900130,49,9,40
110900131,0,0,0
110900132,4,0,4
110900133,1,35,-34
110900135,4,51,-47
110900136,0,0,0
110900138,0,0,0
110900139,0,0,0
110900140,0,0,0
110900141,1,37,-36
110900142,0,17,-17
110900143,0,0,0
110900144,0,161,-161
110900145,1,0,1
110900146,9,1,8
110900147,38,78,-40
110900148,0,67,-67
110900149,0,7,-7
110900150,0,1,-1
110900151,2,15,-13
110900152,0,46,-46
110900153,0,0,0
111000001,348,131,217
111000002,343,293,50
111000003,58,60,-2
111000004,140,429,-289
111000005,77,133,-56
111000006,315,607,-292
111000007,446,383,63
111000008,1022,664,358
111000009,240,429,-189
111000010,111,110,1
111000011,697,671,26
111000012,271,109,162
111000013,124,517,-393
111000014,154,140,14
111000017,45,141,-96
111000018,64,104,-40
111000020,378,1153,-775
111000021,0,0,0
111000023,0,0,0
111000025,680,504,176
111000029,9,37,-28
111000030,3,24,-21
111000031,63,25,38
111000032,15,15,0
111000033,0,0,0
111000034,20,149,-129
111000037,236,264,-28
111000038,257,384,-127
111000039,133,249,-116
111000040,168,318,-150
111000041,102,187,-85
111000042,538,277,261
111000043,4,6,-2
111000044,2,0,2
111000045,17,24,-7
111000046,7,38,-31
111000047,84,180,-96
111000049,53,204,-151
111000050,303,682,-379
111000051,97,429,-332
111000052,215,493,-278
111000053,124,287,-163
111000054,90,277,-187
111000055,187,609,-422
111000056,40,132,-92
111000057,17,145,-128
111000058,8,29,-21
111000059,29,71,-42
111000060,88,101,-13
111000061,47,56,-9
111000062,27,51,-24
111000063,74,86,-12
111000064,38,49,-11
111000065,53,128,-75
111000066,61,80,-19
111000067,51,163,-112
111000068,46,143,-97
111000069,466,558,-92
111000070,496,296,200
111000071,38,228,-190
111000072,1,0,1
111000073,0,0,0
111000074,4,2,2
111000075,0,3,-3
111000076,0,0,0
111000077,77,104,-27
111000078,340,497,-157
111000079,215,153,62
111000080,53,119,-66
111000081,356,345,11
111000082,99,122,-23
111000084,96,149,-53
111000085,86,133,-47
111000086,66,92,-26
111000087,50,98,-48
111000088,459,155,304
111000089,117,240,-123
111000090,261,386,-125
111000091,114,228,-114
111000092,144,320,-176
111000093,36,165,-129
111000094,115,198,-83
111000095,37,440,-403
111000096,314,1782,-1468
111000097,1199,261,938
111000098,84,324,-240
111000099,66,712,-646
111000100,58,551,-493
111000101,78,191,-113
111000102,22,214,-192
111000104,0,1,-1
111000107,11,211,-200
111000109,1,0,1
111000110,6,3,3
111000111,10,3,7
111000112,29,3,26
111000113,13,6,7
111000114,13,15,-2
111000115,777,82,695
111000116,54,76,-22
111000117,28,156,-128
111000118,152,50,102
111000119,82,126,-44
111000120,29,59,-30
111000121,23,77,-54
111000122,48,293,-245
111000123,60,606,-546
111000124,57,756,-699
111000125,21,445,-424
111000126,5,217,-212
111000127,2,0,2
111000128,1,2,-1
111000129,1,0,1
111000130,26,87,-61
111000131,30,49,-19
111000132,1,1,0
111000133,4,6,-2
111000134,4,3,1
111000135,1,33,-32
111000136,8,26,-18
111000138,0,0,0
111000140,0,2,-2
111000141,20,100,-80
111000142,0,24,-24
111000143,1,19,-18
111000144,0,29,-29
111000145,4,0,4
111000146,0,0,0
111000147,0,0,0
111000148,2,8,-6
111000149,3,17,-14
111000150,0,0,0
111000151,2,16,-14
111000153,62,81,-19
111000154,17,53,-36
111000155,10,36,-26
111000156,0,0,0
111000157,0,1,-1
111000158,0,0,0
111000159,2,0,2
111000160,0,0,0
111000161,0,0,0
111000162,0,40,-40
111000163,57,178,-121
111000164,213,437,-224
111000165,208,191,17
111000166,132,60,72
111000167,84,134,-50
111000168,24,51,-27
111000169,9,49,-40
111000170,21,65,-44
111000171,61,89,-28
111000172,11,92,-81
111000173,36,226,-190
111000174,5,75,-70
111000175,4,36,-32
111000176,8,29,-21
111000177,13,56,-43
111000178,39,91,-52
111000179,7,56,-49
111000180,14,85,-71
111000181,30,35,-5
111000182,7,13,-6
111000183,28,20,8
111000184,23,25,-2
111000185,46,156,-110
111000186,26,99,-73
111000187,2,96,-94
111000188,5,98,-93
111000189,271,124,147
111000190,35,115,-80
111000191,38,138,-100
111000192,42,168,-126
111000193,100,111,-11
111000194,2,125,-123
111000195,10,105,-95
111000196,7,82,-75
111000197,0,0,0
111000198,0,0,0
111000199,0,0,0
111000200,0,0,0
111000201,0,0,0
111000202,0,0,0
111000203,0,0,0
111000204,0,0,0
111000213,2,16,-14
111000214,99,221,-122
111000215,90,225,-135
111000217,123,120,3
111000218,97,224,-127
111000219,131,193,-62
111000220,8,179,-171
111000221,0,0,0
111000224,147,157,-10
111000225,30,51,-21
111000226,0,0,0
111000227,0,0,0
111000228,1,51,-50
111000229,14,104,-90
111000230,0,0,0
111000231,0,0,0
111000232,42,252,-210
111000233,59,253,-194
111000234,5,106,-101
111000239,53,47,6
111000240,1,0,1
111000241,6,79,-73
111000242,1,0,1
111000243,8,287,-279
111000244,0,0,0
111000245,0,0,0
111000246,0,9,-9
111000247,34,354,-320
111000248,4,5,-1
111000249,101,198,-97
111000250,1,13,-12
111000251,0,19,-19
111000253,0,0,0
111000255,0,0,0
111000257,0,0,0
111000260,17,303,-286
111000261,11,2,9
111000271,2,111,-109
111000273,422,192,230
111000274,171,334,-163
111000275,0,0,0
111000276,26,361,-335
111000277,26,62,-36
111000278,78,29,49
111000291,57,129,-72
111000298,15,11,4
111000299,0,0,0
111000300,3,54,-51
111000302,9,3,6
111000303,10,29,-19
111000312,5,5,0
111000315,33,129,-96
111000320,10,78,-68
111000321,15,7,8
111000322,6,62,-56
111000323,3,3,0
111000324,0,0,0
111000325,1,27,-26
111000326,4,56,-52
111000327,34,39,-5
111000328,29,92,-63
111000329,6,16,-10
111000330,1,0,1
111000331,0,0,0
111000332,37,138,-101
111000334,73,490,-417
111000335,36,30,6
111000337,42,181,-139
111000338,0,27,-27
111000339,10,107,-97
111000340,19,190,-171
111000341,88,33,55
111000342,22,86,-64
111000344,133,108,25
111000345,1,0,1
111000346,7,24,-17
111000347,3,0,3
111000350,4,2,2
111000351,14,53,-39
111000352,1,2,-1
111000353,8,36,-28
111000354,1,0,1
111000355,23,85,-62
111000358,5,335,-330
111000360,2,231,-229
111000361,3,86,-83
111000546,49,261,-212
111000547,1,42,-41
111000548,19,86,-67
111000549,7,29,-22
111000550,15,97,-82
111000551,53,8,45
111000552,8,4,4
111000907,0,3,-3
111000908,0,0,0
111000916,94,96,-2
111000917,17,100,-83
111000918,3,247,-244
111000920,0,0,0
111000921,2,150,-148
111000922,40,155,-115
111000924,8,276,-268
111000925,135,365,-230
111000926,304,1015,-711
111000927,880,846,34
111000928,1821,1386,435
111000929,84,193,-109
111000930,174,1095,-921
111000931,193,387,-194
111000932,894,1092,-198
111000933,244,168,76
111000934,586,1220,-634
111000935,71,122,-51
111000936,214,891,-677
111000937,160,58,102
111000938,309,1268,-959
111000939,0,0,0
111000940,22,65,-43
111000941,3,63,-60
111000943,7,57,-50
111000944,11,54,-43
111000945,4,635,-631
111001109,3,0,3
111001110,33,308,-275
111001111,1,1,0
111001112,17,2,15
111001113,0,89,-89
111001114,0,0,0
111001115,19,92,-73
111001116,451,57,394
111001117,223,270,-47
111001120,7,53,-46
111001121,24,50,-26
111001122,13,139,-126
111001123,0,0,0
111001124,2,30,-28
111001125,0,0,0
111001126,0,0,0
111001127,0,0,0
111001128,25,162,-137
111900001,0,12,-12
111900002,0,39,-39
111900003,0,19,-19
111900004,3,6,-3
111900006,0,0,0
111900007,0,0,0
111900008,0,0,0
111900009,0,0,0
111900010,17,29,-12
111900012,21,5,16
111900013,0,11,-11
111900014,426,34,392
111900015,0,13,-13
111900016,0,24,-24
111900017,0,12,-12
111900018,0,0,0
111900019,0,7,-7
111900020,0,4,-4
111900021,1,3,-2
111900022,1,9,-8
111900023,14,3,11
111900024,0,20,-20
111900025,0,4,-4
111900026,0,7,-7
111900027,0,24,-24
111900028,2,75,-73
111900029,0,4,-4
111900030,0,0,0
111900032,0,38,-38
111900033,0,2,-2
111900034,0,0,0
111900035,0,12,-12
111900036,1,41,-40
111900038,0,0,0
111900039,4,14,-10
111900040,0,84,-84
111900042,0,1,-1
111900043,0,51,-51
111900044,0,0,0
111900046,6,31,-25
111900048,2,132,-130
111900049,2,30,-28
111900050,0,0,0
111900051,0,43,-43
111900052,23,47,-24
111900053,0,0,0
111900054,0,0,0
111900055,1,109,-108
111900056,0,0,0
111900057,0,1,-1
111900058,0,102,-102
111900059,0,0,0
111900060,0,0,0
111900061,2,31,-29
111900062,0,0,0
111900063,1,24,-23
111900064,17,24,-7
111900065,0,0,0
111900066,0,0,0
111900067,1,49,-48
111900068,0,0,0
111900069,0,0,0
111900070,0,0,0
111900071,0,19,-19
111900072,0,0,0
111900073,0,0,0
111900074,0,4,-4
111900075,0,0,0
111900076,0,0,0
111900077,0,0,0
111900078,0,0,0
111900079,0,0,0
111900080,0,0,0
111900082,1,0,1
111900083,0,0,0
111900084,0,0,0
111900085,0,0,0
111900086,1,1,0
111900087,0,0,0
111900088,1,0,1
111900089,0,0,0
111900090,1,0,1
111900091,0,0,0
111900092,0,0,0
111900093,0,0,0
111900094,0,0,0
111900095,6,0,6
111900096,2,0,2
111900097,0,0,0
111900098,0,0,0
111900099,0,0,0
111900100,2,1,1
111900101,0,0,0
111900102,2,77,-75
111900103,0,0,0
111900104,0,0,0
111900105,0,0,0
111900106,71,1,70
111900110,146,1,145
111900111,0,7,-7
111900112,14,5,9
111900113,1,0,1
111900118,0,0,0
111900119,0,0,0
111900122,0,0,0
111900123,0,0,0
111900124,3,1,2
111900125,0,0,0
111900126,0,0,0
111900127,0,0,0
111900128,0,0,0
111900129,1,1,0
111900130,0,0,0
111900131,0,0,0
111900132,0,0,0
111900133,0,0,0
111900134,6,35,-29
111900135,0,0,0
111900136,0,0,0
111900137,11,1,10
111900138,0,9,-9
111900139,0,13,-13
111900140,0,0,0
111900141,0,0,0
111900142,0,0,0
111900143,0,29,-29
111900144,1,19,-18
111900145,0,51,-51
111900146,0,23,-23
111900147,7,54,-47
111900148,1,47,-46
111900149,0,27,-27
111900150,1,11,-10
111900151,0,1,-1
111900152,7,0,7
111900153,6,0,6
111900154,0,0,0
111900155,0,0,0
111900156,0,0,0
111900157,0,0,0
111900158,0,0,0
111900159,0,0,0
111900160,0,0,0
111900161,0,0,0
111900162,0,0,0
111900163,0,0,0
111900164,0,0,0
111901113,0,11,-11
111901114,0,0,0
111901115,0,0,0
111901116,0,0,0
111901117,0,0,0
111901118,0,0,0
111901119,0,0,0
111901121,6,11,-5
111901122,0,44,-44
111901123,0,63,-63
111901124,0,0,0
111901125,0,0,0
111901127,0,0,0
111901129,0,0,0
111901130,0,0,0
111901131,0,21,-21
111901132,0,0,0
111901133,0,0,0
111901134,0,0,0
111901135,0,0,0
111901136,0,0,0
111901138,0,0,0
111901139,0,0,0
111901140,0,0,0
111901141,0,0,0
111901142,0,0,0
111901143,0,0,0
111901144,0,0,0
111901145,0,0,0
111901146,4,0,4
111901147,14,0,14
111901148,0,0,0
111901149,0,0,0
111901150,0,0,0
111901151,0,0,0
111901152,0,0,0
112000001,203,113,90
112000002,195,768,-573
112000003,101,130,-29
112000004,137,465,-328
112000005,287,246,41
112000006,314,651,-337
112000007,118,135,-17
112000008,200,403,-203
112000009,669,853,-184
112000010,168,259,-91
112000011,318,787,-469
112000012,217,368,-151
112000013,1577,1047,530
112000014,62,107,-45
112000015,360,685,-325
112000016,74,75,-1
112000017,183,416,-233
112000024,479,175,304
112000026,1024,1583,-559
112000027,10,17,-7
112000028,492,679,-187
112000029,0,15,-15
112000030,42,26,16
112000031,274,156,118
112000032,263,8,255
112000033,351,74,277
112000034,72,5,67
112000035,20,55,-35
112000036,51,29,22
112000037,18,104,-86
112000038,37,55,-18
112000039,0,0,0
112000040,6,36,-30
112000041,18,30,-12
112000042,82,68,14
112000050,0,0,0
112000051,22,47,-25
112000054,657,445,212
112000057,42,84,-42
112000058,83,69,14
112000059,0,2,-2
112000061,1320,572,748
112000062,487,67,420
112000063,44,66,-22
112000064,1764,1813,-49
112000065,553,556,-3
112000066,1,4,-3
112000067,126,150,-24
112000068,3,1,2
112000069,71,491,-420
112000070,6,11,-5
112000071,79,666,-587
112000072,5,16,-11
112000073,136,351,-215
112000074,3,70,-67
112000075,15,35,-20
112000076,212,349,-137
112000077,34,177,-143
112000078,46,127,-81
112000079,92,332,-240
112000080,35,148,-113
112000081,295,387,-92
112000082,11,17,-6
112000083,97,266,-169
112000084,23,12,11
112000085,137,282,-145
112000086,19,40,-21
112000087,13,194,-181
112000088,5,7,-2
112000089,5,84,-79
112000090,5,7,-2
112000091,109,518,-409
112000092,59,79,-20
112000093,307,442,-135
112000094,33,133,-100
112000095,91,284,-193
112000096,12,69,-57
112000097,11,1,10
112000098,127,356,-229
112000099,13,3,10
112000100,28,14,14
112000101,45,283,-238
112000102,13,10,3
112000103,44,377,-333
112000105,119,629,-510
112000106,19,6,13
112000107,0,0,0
112000108,14,223,-209
112000109,0,0,0
112000110,49,34,15
112000111,198,1536,-1338
112000112,53,35,18
112000113,265,781,-516
112000114,19,23,-4
112000115,11,73,-62
112000116,6,59,-53
112000117,6,39,-33
112000118,68,245,-177
112000119,69,218,-149
112000120,20,113,-93
112000121,0,0,0
112000122,0,1,-1
112000123,0,0,0
112000124,0,0,0
112000125,1,1,0
112000126,0,0,0
112000127,189,70,119
112000128,163,63,100
112000129,2,40,-38
112000130,15,10,5
112000131,1,59,-58
112000132,17,98,-81
112000133,0,39,-39
112000134,23,119,-96
112000135,12,13,-1
112000136,85,269,-184
112000137,11,13,-2
112000138,118,308,-190
112000139,2,1,1
112000140,77,238,-161
112000141,0,0,0
112000142,15,216,-201
112000143,2,0,2
112000144,36,385,-349
112000145,4,0,4
112000146,101,702,-601
112000147,1,2,-1
112000148,124,648,-524
112000149,0,0,0
112000150,12,82,-70
112000151,5,2,3
112000152,13,37,-24
112000153,5,11,-6
112000154,9,11,-2
112000155,23,20,3
112000157,70,62,8
112000158,15,23,-8
112000159,24,48,-24
112000167,13,0,13
112000169,17,33,-16
112000173,3,20,-17
112000175,0,21,-21
112000176,831,610,221
112000177,2,7,-5
112000178,0,5,-5
112000179,6,13,-7
112000180,59,67,-8
112000181,165,520,-355
112000182,13,252,-239
112000183,0,0,0
112000184,0,0,0
112000185,12,83,-71
112000187,265,508,-243
112000195,0,0,0
112000196,0,0,0
112000197,0,0,0
112000198,0,2,-2
112000199,64,24,40
112000202,0,2,-2
112000216,6,10,-4
112000230,0,0,0
112000231,0,1,-1
112000256,0,0,0
112000313,7,7,0
112000314,0,0,0
112000337,8,91,-83
112000352,2,7,-5
112000392,141,177,-36
112000398,81,62,19
112000399,17,45,-28
112000400,187,1011,-824
112000401,2487,756,1731
112000402,149,221,-72
112000403,13,77,-64
112000404,36,35,1
112000405,58,163,-105
112000406,684,1009,-325
112000407,455,380,75
112000408,1914,1976,-62
112000409,277,1644,-1367
112000410,0,0,0
112000411,35,1,34
112000412,57,17,40
112000413,71,4,67
112000414,3,14,-11
112000415,0,0,0
112000416,149,107,42
112000417,0,0,0
112000421,3,24,-21
112000422,16,27,-11
112000424,69,158,-89
112000425,56,431,-375
112000426,7,55,-48
112000427,0,0,0
112000428,0,13,-13
112000429,403,689,-286
112000430,510,1015,-505
112000431,0,0,0
112000432,82,585,-503
112000433,94,72,22
112000437,6,52,-46
112900001,0,0,0
112900002,0,0,0
112900003,0,32,-32
112900004,0,54,-54
112900005,1,21,-20
112900007,0,0,0
112900008,0,0,0
112900009,0,0,0
112900010,1,35,-34
112900011,20,30,-10
112900012,0,14,-14
112900013,0,0,0
112900014,0,22,-22
112900015,29,113,-84
112900016,2,16,-14
112900017,0,0,0
112900018,0,83,-83
112900019,1,6,-5
112900020,66,199,-133
112900021,1,54,-53
112900022,0,0,0
112900023,0,36,-36
112900024,4,19,-15
112900025,0,0,0
112900026,1,28,-27
112900027,0,0,0
112900028,1,15,-14
112900029,0,0,0
112900030,50,33,17
112900031,0,0,0
112900032,3,12,-9
112900034,0,0,0
112900035,0,0,0
112900036,0,11,-11
112900037,0,0,0
112900038,0,9,-9
112900039,0,0,0
112900040,0,2,-2
112900041,41,29,12
112900042,3,20,-17
112900043,0,0,0
112900044,17,40,-23
112900045,0,0,0
112900046,12,1,11
112900047,1,1,0
112900049,0,2,-2
112900050,16,57,-41
112900051,49,79,-30
112900052,0,71,-71
112900053,9,84,-75
112900054,1,0,1
112900055,1,0,1
112900056,0,0,0
112900057,0,45,-45
112900058,10,1,9
112900059,3,5,-2
112900060,2,13,-11
112900061,3,11,-8
112900062,0,7,-7
112900063,0,0,0
112900064,5,3,2
112900065,0,0,0
112900066,3,0,3
112900067,21,3,18
112900068,0,0,0
112900069,141,8,133
112900071,0,0,0
112900072,0,0,0
112900073,1,0,1
112900074,0,0,0
112900075,2,0,2
112900076,0,0,0
112900078,0,0,0
112900079,0,0,0
112900080,0,0,0
112900081,0,0,0
112900082,9,0,9
112900083,0,2,-2
112900084,0,0,0
112900086,0,0,0
112900087,0,0,0
112900088,0,0,0
112900089,6,2,4
112900090,0,0,0
112900091,0,0,0
112900092,0,0,0
112900093,0,0,0
112900095,0,0,0
112900096,6,0,6
112900097,3,22,-19
112900098,0,0,0
112900099,5,1,4
112900100,0,0,0
112900101,0,0,0
112900102,0,0,0
112900103,0,0,0
112900104,0,0,0
112900105,0,0,0
112900106,0,1,-1
112900107,0,0,0
112900108,0,0,0
112900109,0,0,0
112900110,0,0,0
112900111,0,0,0
112900112,0,0,0
112900113,0,4,-4
112900114,0,0,0
112900115,12,0,12
112900116,0,1,-1
112900117,8,5,3
112900118,1,5,-4
112900119,0,0,0
112900120,124,43,81
112900121,15,6,9
112900122,1,11,-10
112900123,0,0,0
112900124,0,19,-19
112900125,1,10,-9
112900126,13,21,-8
112900127,0,0,0
112900128,59,183,-124
112900129,0,146,-146
112900130,0,0,0
112900131,10,74,-64
112900132,12,99,-87
112900133,1,121,-120
112900134,0,31,-31
112900135,0,0,0
112900137,0,97,-97
112900138,0,83,-83
112900139,43,245,-202
112900141,1,7,-6
112900142,0,0,0
112900143,4,153,-149
112900144,0,80,-80
112900145,16,118,-102
112900146,0,122,-122
112900147,2,643,-641
112900148,1,0,1
112900149,3,17,-14
112900151,0,0,0
112900152,368,70,298
112900153,13,0,13
112900154,0,0,0
112900155,0,0,0
112900156,0,103,-103
112900157,4,0,4
112900158,0,1,-1
112900159,2,18,-16
112900160,2,14,-12
112900161,0,0,0
112900162,0,2,-2
112900163,0,0,0
112900164,0,0,0
112900165,1,2,-1
112900166,0,0,0
112900167,0,0,0
112900168,0,0,0
112900169,0,0,0
112900170,0,0,0
112900172,0,0,0
112900173,6,3,3
112900174,0,0,0
112900175,0,0,0
112900176,0,0,0
112900177,0,0,0
112900178,0,0,0
112900179,3,54,-51
112900180,0,226,-226
112900181,0,0,0
112900182,0,25,-25
112900183,5,0,5
112900184,17,19,-2
112900185,0,6,-6
112900186,88,23,65
112900187,0,0,0
112900188,91,10,81
112900189,0,0,0
112900190,0,1,-1
112900192,3,3,0
112900193,10,3,7
112900194,0,2,-2
112900195,0,0,0
112900196,31,83,-52
112900197,14,51,-37
112900199,0,0,0
112900200,0,0,0
112900201,0,0,0
112900202,0,60,-60
112900203,0,0,0
112900204,37,14,23
112900205,0,5,-5
112900206,0,4,-4
112900207,0,0,0
112900208,1,3,-2
112900209,23,63,-40
112900210,0,1,-1
112900211,0,0,0
112900212,0,0,0
112900213,0,0,0
112900214,0,0,0
112900215,0,7,-7
112900216,0,0,0
112900217,0,9,-9
112900218,0,0,0
112900219,0,4,-4
112900220,0,0,0
112900221,0,0,0
112900222,0,0,0
112900223,0,0,0
112900224,2,84,-82
112900225,2,116,-114
112900226,9,2,7
112900227,0,233,-233
112900228,0,0,0
112900229,0,0,0
112900230,420,104,316
112900232,2,5,-3
112900233,2,28,-26
112900234,0,6,-6
112900235,1,1,0
112900236,0,1,-1
112900237,0,15,-15
112900238,0,1,-1
112900239,69,38,31
112900240,0,8,-8
112900241,0,3,-3
112900242,0,7,-7
112900243,0,15,-15
112900244,0,20,-20
112900245,0,11,-11
112900246,0,1,-1
112900247,0,3,-3
112900248,0,0,0
112900249,0,0,0
112900250,0,0,0
112900251,0,0,0
112900252,0,0,0
112900253,0,0,0
112900254,0,0,0
112900255,0,0,0
112900256,0,0,0
112900257,0,0,0
112900258,0,0,0
113000001,1119,1056,63
113000002,511,208,303
113000003,667,328,339
113000004,748,234,514
113000005,260,211,49
113000006,91,138,-47
113000007,210,264,-54
113000008,250,131,119
113000009,398,306,92
113000010,211,112,99
113000011,84,501,-417
113000012,146,62,84
113000013,367,185,182
113000014,102,328,-226
113000015,12,34,-22
113000016,52,143,-91
113000017,5,82,-77
113000018,5,2,3
113000019,2,91,-89
113000020,2,0,2
113000021,59,231,-172
113000022,60,434,-374
113000025,13,36,-23
113000026,3,26,-23
113000027,4,26,-22
113000028,97,74,23
113000029,7,2,5
113000030,296,265,31
113000031,234,139,95
113000032,2,0,2
113000033,8,3,5
113000034,242,163,79
113000035,4,22,-18
113000036,0,1,-1
113000037,37,15,22
113000038,0,1,-1
113000039,13,25,-12
113000040,22,14,8
113000042,122,52,70
113000051,177,163,14
113000052,415,74,341
113000053,25,68,-43
113000054,21,55,-34
113000055,72,101,-29
113000056,76,259,-183
113000058,185,280,-95
113000059,0,0,0
113000060,11,116,-105
113000061,96,63,33
113000062,43,0,43
113000063,0,0,0
113000064,0,0,0
113000065,24,261,-237
113000066,30,16,14
113000067,36,66,-30
113000068,41,473,-432
113000069,72,261,-189
113000070,39,47,-8
113000071,42,151,-109
113000072,23,29,-6
113000073,88,316,-228
113000074,64,41,23
113000075,116,47,69
113000076,277,327,-50
113000077,1,0,1
113000078,120,490,-370
113000079,172,186,-14
113000080,6,3,3
113000081,2,0,2
113000082,234,209,25
113000083,3,0,3
113000084,178,250,-72
113000085,35,31,4
113000086,209,236,-27
113000087,27,13,14
113000088,701,272,429
113000089,32,66,-34
113000090,0,36,-36
113000091,256,89,167
113000094,38,10,28
113000095,67,336,-269
113000096,46,228,-182
113000097,15,11,4
113000098,0,0,0
113000099,14,28,-14
113000100,46,105,-59
113000101,60,88,-28
113000102,4,7,-3
113000103,238,207,31
113000104,0,4,-4
113000105,3,1,2
113000106,21,202,-181
113000107,47,40,7
113000108,122,411,-289
113000109,80,204,-124
113000110,2,1,1
113000111,14,40,-26
113000112,4,1,3
113000113,8,1,7
113000114,99,155,-56
113000116,37,1,36
113000117,33,5,28
113000118,0,10,-10
113000119,5,6,-1
113000120,0,3,-3
113000121,14,37,-23
113000124,0,0,0
113000125,0,0,0
113000127,483,114,369
113000128,3,1,2
113000129,600,182,418
113000133,736,220,516
113000134,2,84,-82
113000135,36,38,-2
113000137,3,2,1
113000139,4,1,3
113000140,116,183,-67
113000141,0,0,0
113000142,84,199,-115
113000143,1,0,1
113000144,90,81,9
113000145,0,3,-3
113000146,42,41,1
113000147,20,50,-30
113000148,0,2,-2
113000149,0,1,-1
113000150,96,60,36
113000151,85,22,63
113000152,2,1,1
113000153,248,36,212
113000154,137,136,1
113000155,49,44,5
113000156,40,64,-24
113000157,51,112,-61
113000158,137,57,80
113000159,232,189,43
113000160,125,215,-90
113000161,3,37,-34
113000162,200,119,81
113000163,0,0,0
113000164,21,27,-6
113000166,0,1,-1
113000167,8,146,-138
113000168,12,180,-168
113000169,0,1,-1
113000170,0,1,-1
113000171,23,91,-68
113000172,0,0,0
113000173,0,0,0
113000174,64,270,-206
113000175,0,1,-1
113000176,0,1,-1
113000177,44,222,-178
113000178,26,238,-212
113000179,0,0,0
113000180,26,117,-91
113000181,117,247,-130
113000182,29,31,-2
113000183,61,216,-155
113000184,14,40,-26
113000189,38,39,-1
113000190,152,24,128
113000192,461,249,212
113000193,415,201,214
113000194,232,186,46
113000195,110,66,44
113000196,24,15,9
113000197,67,61,6
113000198,4,51,-47
113000199,6,7,-1
113000201,9,31,-22
113000202,289,74,215
113000203,0,0,0
113000204,202,214,-12
113000205,4,16,-12
113000206,0,0,0
113000207,15,9,6
113000208,3,0,3
113000209,11,8,3
113000210,0,0,0
113000211,34,5,29
113000212,43,1,42
113000213,3,11,-8
113000214,4,59,-55
113000234,24,394,-370
113000410,18,12,6
113000411,587,1302,-715
113000412,2755,702,2053
113000413,1054,558,496
113000414,2617,590,2027
113000415,769,1044,-275
113000416,2737,1348,1389
113000417,543,929,-386
113000418,753,676,77
113000419,314,341,-27
113000420,1413,630,783
113000421,536,330,206
113000422,4910,876,4034
113000423,1690,875,815
113000424,1638,1168,470
113000425,0,25,-25
113000428,2,4,-2
113000430,2,3,-1
113000432,66,1,65
113000433,25,223,-198
113000434,9,123,-114
113000435,4,231,-227
113000436,8,265,-257
113000437,0,0,0
113000438,0,0,0
113000439,12,75,-63
113000440,0,0,0
113000441,0,0,0
113000442,20,103,-83
113000443,0,0,0
113000444,20,112,-92
113000445,1,0,1
113000446,7,44,-37
113000448,42,48,-6
113000449,0,0,0
113000450,23,7,16
113000451,283,44,239
113000452,0,0,0
113000453,41,76,-35
113000454,0,0,0
113000455,19,33,-14
113000456,155,112,43
113000468,120,5,115
113000469,4,4,0
113000470,1,0,1
113000471,0,0,0
113000472,1,3,-2
113000474,60,146,-86
113000475,247,505,-258
113000476,137,552,-415
113000477,323,747,-424
113000478,660,1233,-573
113000479,1,158,-157
113000484,0,0,0
113000485,0,0,0
113000486,0,0,0
113000487,0,0,0
113000488,0,0,0
113000489,0,0,0
113000490,0,0,0
113000491,0,0,0
113000492,0,0,0
113000493,0,0,0
113000495,42,89,-47
113000496,0,1,-1
113000499,0,0,0
113900001,0,0,0
113900002,0,0,0
113900003,0,0,0
113900004,0,0,0
113900005,0,0,0
113900006,0,0,0
113900007,0,0,0
113900008,0,0,0
113900009,0,0,0
113900010,0,0,0
113900011,0,0,0
113900012,0,0,0
113900013,0,0,0
113900014,0,0,0
113900015,0,6,-6
113900016,0,0,0
113900017,0,0,0
113900018,9,1,8
113900019,0,0,0
113900020,0,0,0
113900022,0,0,0
113900023,0,0,0
113900024,2,3,-1
113900025,0,0,0
113900026,0,0,0
113900027,0,0,0
113900028,0,0,0
113900029,1,42,-41
113900030,0,0,0
113900031,0,0,0
113900032,0,0,0
113900033,2,1,1
113900035,0,0,0
113900036,0,0,0
113900037,0,0,0
113900038,6,1,5
113900039,0,0,0
113900040,0,0,0
113900041,0,0,0
113900042,0,1,-1
113900043,1,7,-6
113900044,0,0,0
113900045,0,0,0
113900046,22,59,-37
113900047,0,0,0
113900048,26,3,23
113900049,53,1,52
113900050,9,13,-4
113900051,7,28,-21
113900052,0,0,0
113900053,0,0,0
113900054,0,0,0
113900055,3,37,-34
113900056,0,0,0
113900057,0,2,-2
113900058,2,7,-5
113900059,0,28,-28
113900060,0,0,0
113900061,0,0,0
113900062,0,0,0
113900063,0,0,0
113900064,1,8,-7
113900065,0,0,0
113900066,4,42,-38
113900067,0,0,0
113900068,0,0,0
113900069,0,0,0
113900070,3,60,-57
113900071,0,0,0
113900072,1,3,-2
113900073,6,14,-8
113900074,0,0,0
113900075,0,0,0
113900076,0,0,0
113900077,2,33,-31
113900078,0,0,0
113900079,0,2,-2
113900080,0,0,0
113900081,1,13,-12
113900082,3,18,-15
113900083,0,0,0
113900084,0,0,0
113900085,0,48,-48
113900086,0,0,0
113900087,0,0,0
113900088,0,0,0
113900089,0,0,0
113900090,0,0,0
113900091,0,0,0
113900092,0,8,-8
113900093,1,41,-40
113900094,0,0,0
113900095,0,0,0
113900096,0,0,0
113900097,0,9,-9
113900098,0,0,0
113900099,0,0,0
113900100,0,0,0
113900101,0,1,-1
113900102,0,9,-9
113900103,0,0,0
113900104,0,0,0
113900105,0,23,-23
113900106,0,0,0
113900107,0,0,0
113900108,0,20,-20
113900109,1,4,-3
113900110,0,0,0
113900111,0,0,0
113900112,6,4,2
113900113,8,6,2
113900114,0,0,0
113900115,0,0,0
113900116,0,11,-11
113900117,8,1,7
113900118,0,0,0
113900119,0,2,-2
113900120,0,0,0
113900121,0,0,0
113900122,0,0,0
113900123,6,4,2
113900124,0,0,0
113900125,1,5,-4
113900126,2,2,0
113900127,5,19,-14
113900128,0,0,0
113900129,0,0,0
113900130,0,0,0
113900131,1,3,-2
113900132,0,0,0
113900133,0,3,-3
113900135,21,72,-51
113900136,4,3,1
113900137,5,1,4
113900138,0,0,0
113900139,89,7,82
113900140,2,0,2
113900141,4,20,-16
113900142,0,2,-2
113900143,0,1,-1
113900144,1,0,1
113900145,0,5,-5
113900146,0,0,0
113900148,2,5,-3
113900149,0,0,0
113900150,182,70,112
113900151,1,15,-14
113900152,0,2,-2
113900153,35,26,9
113900154,0,0,0
113900155,18,10,8
113900156,20,83,-63
113900157,0,0,0
113900158,25,8,17
113900159,0,0,0
113900160,40,94,-54
113900161,0,5,-5
113900162,27,37,-10
113900163,21,15,6
113900164,0,0,0
113900165,53,74,-21
113900166,5,0,5
113900167,0,0,0
113900168,17,11,6
113900169,6,64,-58
113900171,0,0,0
113900172,0,26,-26
113900173,2,52,-50
113900174,13,120,-107
113900175,0,0,0
113900176,13,102,-89
113900177,8,5,3
113900178,0,0,0
113900179,0,76,-76
113900180,4,6,-2
113900181,0,0,0
113900182,25,114,-89
113900183,1,6,-5
113900184,1,63,-62
113900185,3,8,-5
113900186,0,0,0
113900187,0,10,-10
113900188,1,5,-4
113900189,0,0,0
113900190,58,17,41
113900191,4,18,-14
113900192,85,7,78
113900193,0,27,-27
113900194,75,52,23
113900195,35,55,-20
113900196,1,12,-11
113900197,0,36,-36
113900198,0,15,-15
113900199,28,73,-45
113900200,1,21,-20
113900201,0,40,-40
113900202,2,30,-28
113900203,1,33,-32
113900204,3,45,-42
113900205,1,3,-2
113900206,0,2,-2
113900207,0,6,-6
113900208,0,10,-10
113900209,0,5,-5
113900210,12,12,0
113900211,5,0,5
113900212,0,56,-56
113900214,25,14,11
113900215,0,28,-28
113900216,0,77,-77
113900217,0,0,0
113900218,0,0,0
113900219,4,30,-26
113900220,0,0,0
113900221,0,0,0
113900222,11,6,5
113900223,3,67,-64
113900224,16,0,16
113900225,0,0,0
113900226,0,0,0
113900227,1,0,1
113900228,13,6,7
113900229,1,2,-1
113900230,116,28,88
113900231,12,9,3
113900232,0,9,-9
113900233,0,1,-1
113900234,9,14,-5
113900235,0,0,0
113900236,0,0,0
113900237,0,0,0
113900238,2,8,-6
113900239,0,2,-2
113900240,0,6,-6
113900241,12,2,10
113900242,5,9,-4
113900243,9,17,-8
113900244,74,14,60
113900245,91,10,81
113900246,0,0,0
113900247,0,0,0
113900248,214,17,197
113900249,1,1,0
113900250,0,0,0
113900251,0,19,-19
113900252,0,0,0
113900253,0,0,0
113900254,0,0,0
113900255,0,0,0
113900256,0,0,0
113900257,10,88,-78
113900258,0,55,-55
113900259,0,22,-22
113900260,0,2,-2
113900261,0,19,-19
113900262,0,70,-70
113900263,4,38,-34
113900264,0,40,-40
113900265,9,32,-23
113900266,2,52,-50
113900267,6,33,-27
113900268,0,0,0
113900269,1,25,-24
113900270,8,61,-53
113900271,39,223,-184
113900273,0,0,0
113900274,0,0,0
113900275,0,5,-5
113900276,0,20,-20
113900277,0,0,0
113900278,1,8,-7
113900279,3,6,-3
113900280,72,18,54
113900281,25,57,-32
113900282,53,13,40
113900283,0,0,0
113900284,0,6,-6
113900285,0,5,-5
113900286,0,0,0
113900287,0,1,-1
113900288,0,10,-10
113900289,107,0,107
113900290,31,3,28
113900291,12,22,-10
113900292,0,0,0
113900293,0,15,-15
113900294,0,0,0
113900295,4,6,-2
113900296,8,1,7
113900297,0,0,0
113900298,1,194,-193
113900299,0,0,0
113900300,176,12,164
113900301,0,0,0
113900302,0,4,-4
113900303,21,6,15
113900304,0,24,-24
113900305,0,0,0
113900306,0,0,0
113900307,0,0,0
113900308,1,2,-1
113900309,0,72,-72
113900310,0,0,0
113900311,0,0,0
113900312,0,1,-1
113900313,0,0,0
113900314,0,0,0
113900315,0,0,0
114000001,200,455,-255
114000002,0,2,-2
114000003,11,120,-109
114000004,6,36,-30
114000005,7,3,4
114000006,292,328,-36
114000007,50,232,-182
114000008,175,181,-6
114000009,8,13,-5
114000011,375,455,-80
114000012,170,394,-224
114000013,178,331,-153
114000014,84,63,21
114000015,82,57,25
114000016,5,83,-78
114000017,20,12,8
114000018,22,6,16
114000026,76,291,-215
114000027,171,361,-190
114000028,228,402,-174
114000038,1,5,-4
114000039,19,25,-6
114000040,8,11,-3
114000042,19,63,-44
114000043,1,14,-13
114000044,5,25,-20
114000045,1,9,-8
114000046,295,732,-437
114000047,0,1,-1
114000048,10,20,-10
114000049,28,46,-18
114000050,29,64,-35
114000051,164,75,89
114000052,121,63,58
114000053,0,1,-1
114000054,2,3,-1
114000055,9,1,8
114000056,97,156,-59
114000057,875,481,394
114000058,14,16,-2
114000059,20,35,-15
114000060,66,221,-155
114000061,145,26,119
114000062,38,18,20
114000063,588,647,-59
114000064,1350,517,833
114000065,295,652,-357
114000066,42,163,-121
114000067,0,0,0
114000068,27,17,10
114000069,31,32,-1
114000070,80,26,54
114000071,8,37,-29
114000072,6,48,-42
114000073,0,0,0
114000074,2,7,-5
114000075,0,0,0
114000076,0,0,0
114000077,0,0,0
114000078,0,57,-57
114000079,2,12,-10
114000080,0,1,-1
114000081,0,0,0
114000082,25,143,-118
114000083,9,46,-37
114000084,1,1,0
114000085,13,84,-71
114000086,17,96,-79
114000087,0,19,-19
114000088,0,0,0
114000089,68,35,33
114000090,26,15,11
114000091,93,45,48
114000092,82,51,31
114000093,19,119,-100
114000094,35,26,9
114000095,0,0,0
114000096,6,160,-154
114000097,12,149,-137
114000098,0,0,0
114000099,6,75,-69
114000100,4,30,-26
114000101,38,197,-159
114000102,0,0,0
114000103,5,49,-44
114000104,0,29,-29
114000105,3,13,-10
114000106,59,25,34
114000107,13,8,5
114000108,424,284,140
114000109,0,1,-1
114000110,48,307,-259
114000111,0,0,0
114000112,56,470,-414
114000113,0,0,0
114000114,184,435,-251
114000115,2,1,1
114000116,63,33,30
114000117,55,10,45
114000118,60,9,51
114000119,58,5,53
114000120,124,237,-113
114000121,67,137,-70
114000122,63,98,-35
114000123,5,8,-3
114000124,4,9,-5
114000125,190,499,-309
114000126,16,4,12
114000127,6,90,-84
114000128,26,95,-69
114000130,0,0,0
114000131,0,0,0
114000132,124,166,-42
114000133,179,193,-14
114000134,2,29,-27
114000138,5,24,-19
114000139,0,0,0
114000144,0,0,0
114000145,3,12,-9
114000146,5,26,-21
114000147,1,0,1
114000148,64,9,55
114000149,2,10,-8
114000150,258,177,81
114000151,20,8,12
114000152,3,1,2
114000153,127,184,-57
114000154,37,109,-72
114000155,42,108,-66
114000156,23,27,-4
114000157,14,109,-95
114000158,200,84,116
114000159,15,46,-31
114000160,7,28,-21
114000161,54,26,28
114000162,6,12,-6
114000163,0,7,-7
114000165,0,0,0
114000166,60,9,51
114000167,242,272,-30
114000168,140,160,-20
114000169,215,103,112
114000170,103,93,10
114000171,80,52,28
114000174,58,95,-37
114000176,81,131,-50
114000177,263,179,84
114000178,0,0,0
114000179,37,2,35
114000180,54,126,-72
114000181,147,256,-109
114000182,451,714,-263
114000183,301,408,-107
114000184,404,690,-286
114000185,18,15,3
114000189,0,0,0
114000190,0,0,0
114000191,0,0,0
114000192,79,340,-261
114000193,143,683,-540
114000194,272,283,-11
114000195,0,0,0
114000196,1,65,-64
114000197,0,28,-28
114000198,168,71,97
114000199,251,115,136
114000200,51,489,-438
114000201,17,259,-242
114000202,131,169,-38
114000203,109,281,-172
114000204,12,59,-47
114000205,9,321,-312
114000206,49,390,-341
114000207,152,625,-473
114000208,71,633,-562
114000209,110,815,-705
114000210,67,454,-387
114000211,29,134,-105
114000212,31,96,-65
114000213,179,27,152
114000214,8,15,-7
114000215,2,23,-21
114000216,69,2,67
114000217,5,108,-103
114000218,5,46,-41
114000219,36,67,-31
114000220,6,475,-469
114000221,37,25,12
114000222,18,308,-290
114000223,0,0,0
114000224,32,139,-107
114000225,46,140,-94
114000226,13,62,-49
114000227,46,68,-22
114000228,20,82,-62
114000229,102,282,-180
114000230,42,109,-67
114000231,133,330,-197
114000232,15,9,6
114000233,39,6,33
114000234,17,95,-78
114000235,142,395,-253
114000236,1,356,-355
114000237,31,234,-203
114000238,0,6,-6
114000239,4,300,-296
114000240,142,208,-66
114000241,61,297,-236
114000242,196,225,-29
114000243,96,110,-14
114000244,0,0,0
114000245,55,246,-191
114000246,65,9,56
114000247,29,56,-27
114000248,66,79,-13
114000249,21,47,-26
114000250,22,107,-85
114000251,6,86,-80
114000252,21,13,8
114000253,0,0,0
114000254,1,8,-7
114000255,11,30,-19
114000256,16,17,-1
114000257,123,776,-653
114000258,19,70,-51
114000259,8,90,-82
114000260,0,57,-57
114000261,23,0,23
114000262,1,32,-31
114000263,0,0,0
114000264,3,36,-33
114000265,0,2,-2
114000267,5,383,-378
114000268,0,407,-407
114000270,0,0,0
114000271,42,27,15
114000283,33,65,-32
114000285,11,77,-66
114000288,9,83,-74
114000289,37,8,29
114000293,19,132,-113
114000294,2,4,-2
114000395,74,2,72
114000396,0,0,0
114000402,13,27,-14
114000403,5,24,-19
114000405,11,133,-122
114000423,11,140,-129
114000424,10,32,-22
114000425,23,153,-130
114000426,0,0,0
114000427,11,37,-26
114000428,0,0,0
114000429,3,38,-35
114000432,0,0,0
114000434,7,11,-4
114000435,0,37,-37
114900001,0,0,0
114900002,0,0,0
114900003,0,0,0
114900004,0,0,0
114900005,0,0,0
114900006,0,0,0
114900007,0,0,0
114900008,0,0,0
114900010,87,8,79
114900011,0,0,0
114900013,0,0,0
114900018,0,0,0
114900020,0,0,0
114900022,0,12,-12
114900025,0,0,0
114900026,0,0,0
114900029,0,0,0
114900030,0,0,0
114900031,0,0,0
114900032,0,0,0
114900034,1,27,-26
114900035,0,12,-12
114900036,21,119,-98
114900039,23,113,-90
114900040,4,14,-10
114900041,9,119,-110
114900042,22,193,-171
114900044,0,0,0
114900047,3,78,-75
114900048,5,18,-13
114900049,12,57,-45
114900050,8,58,-50
114900051,1,52,-51
114900052,4,12,-8
114900053,5,19,-14
114900054,4,5,-1
114900057,0,0,0
114900058,0,36,-36
114900059,0,0,0
114900063,7,33,-26
114900064,25,100,-75
114900065,3,65,-62
114900067,1,41,-40
114900068,22,25,-3
114900069,9,8,1
114900070,0,0,0
114900072,1,24,-23
114900073,0,49,-49
114900074,0,0,0
114900075,0,0,0
114900076,0,55,-55
114900080,0,0,0
114900082,0,117,-117
114900083,0,79,-79
114900090,0,0,0
114900091,10,5,5
114900097,0,0,0
114900098,0,0,0
114900099,0,0,0
115000001,1575,2402,-827
115000002,472,273,199
115000003,829,1633,-804
115000004,318,320,-2
115000005,395,1345,-950
115000006,73,141,-68
115000007,0,0,0
115000008,28,32,-4
115000009,7,13,-6
115000010,1,3,-2
115000013,14,34,-20
115000015,18,71,-53
115000016,123,43,80
115000019,1,36,-35
115000020,0,0,0
115000021,63,98,-35
115000022,117,128,-11
115000023,64,4,60
115000024,148,171,-23
115000025,25,6,19
115000026,26,84,-58
115000027,17,8,9
115000028,18,148,-130
115000029,26,1,25
115000030,74,256,-182
115000031,97,1,96
115000032,2,101,-99
115000033,0,0,0
115000034,14,297,-283
115000035,1,0,1
115000036,1,129,-128
115000037,0,0,0
115000038,0,0,0
115000039,110,138,-28
115000040,447,300,147
115000041,38,199,-161
115000042,42,45,-3
115000043,135,606,-471
115000044,837,1093,-256
115000045,237,861,-624
115000046,62,291,-229
115000047,127,209,-82
115000048,298,1058,-760
115000049,398,928,-530
115000050,231,153,78
115000051,451,163,288
115000052,641,568,73
115000053,206,140,66
115000054,147,219,-72
115000055,17,153,-136
115000056,0,16,-16
115000057,17,87,-70
115000058,0,24,-24
115000059,0,71,-71
115000061,0,0,0
115000062,5,94,-89
115000063,9,71,-62
115000064,0,0,0
115000065,1,51,-50
115000067,0,0,0
115000069,4,76,-72
115000070,4,100,-96
115000071,0,0,0
115000072,8,4,4
115000073,191,6,185
115000075,1,10,-9
115000076,330,426,-96
115000077,90,510,-420
115000078,68,288,-220
115000079,116,416,-300
115000080,90,551,-461
115000081,31,97,-66
115000082,234,471,-237
115000083,196,600,-404
115000084,1,2,-1
115000085,44,269,-225
115000086,0,0,0
115000087,71,399,-328
115000088,1,1,0
115000089,508,499,9
115000090,24,28,-4
115000091,25,230,-205
115000092,14,97,-83
115000093,0,0,0
115000094,764,596,168
115000095,573,1155,-582
115000096,51,318,-267
115000097,28,242,-214
115000098,41,274,-233
115000099,50,443,-393
115000100,12,33,-21
115000101,89,519,-430
115000102,12,17,-5
115000103,76,243,-167
115000105,0,0,0
115000106,3,23,-20
115000107,16,201,-185
115000108,976,1156,-180
115000109,270,109,161
115000110,294,118,176
115000111,86,288,-202
115000112,64,82,-18
115000113,68,126,-58
115000114,210,199,11
115000116,183,122,61
115000117,112,208,-96
115000118,93,223,-130
115000119,201,205,-4
115000120,102,210,-108
115000121,557,180,377
115000122,525,225,300
115000123,118,161,-43
115000124,76,119,-43
115000125,17,85,-68
115000126,0,63,-63
115000127,59,34,25
115000128,24,73,-49
115000129,2,28,-26
115000130,6,138,-132
115000131,5,58,-53
115000132,2,38,-36
115000133,3,55,-52
115000134,8,33,-25
115000135,5,40,-35
115000136,1,0,1
115000137,3,31,-28
115000138,0,1,-1
115000139,22,92,-70
115000140,0,0,0
115000141,15,71,-56
115000142,10,107,-97
115000143,3,3,0
115000144,6,5,1
115000145,21,138,-117
115000146,1,0,1
115000147,11,103,-92
115000148,74,181,-107
115000149,6,2,4
115000150,89,137,-48
115000151,20,10,10
115000152,36,304,-268
115000153,7,3,4
115000154,6,2,4
115000155,67,158,-91
115000156,9,1,8
115000157,68,115,-47
115000158,14,29,-15
115000159,3,0,3
115000160,0,0,0
115000161,25,78,-53
115000162,0,0,0
115000163,131,220,-89
115000164,99,136,-37
115000165,0,0,0
115000167,0,0,0
115000168,0,0,0
115000169,159,123,36
115000170,55,58,-3
115000171,0,0,0
115000172,73,90,-17
115000173,0,0,0
115000174,0,0,0
115000175,30,36,-6
115000176,0,0,0
115000177,1,17,-16
115000178,10,64,-54
115000179,0,0,0
115000180,5,108,-103
115000181,0,0,0
115000182,1,3,-2
115000183,14,145,-131
115000186,24,29,-5
115000187,9,178,-169
115000188,170,58,112
115000189,62,114,-52
115000190,82,39,43
115000191,11,99,-88
115000194,12,25,-13
115000195,0,0,0
115000196,0,0,0
115000197,4,56,-52
115000198,0,0,0
115000199,2,46,-44
115000200,0,0,0
115000201,16,91,-75
115000206,0,0,0
115000207,0,101,-101
115000208,38,198,-160
115000209,49,27,22
115000210,2,11,-9
115000211,64,57,7
115000212,170,128,42
115000224,0,0,0
115000225,0,0,0
115000229,0,0,0
115000230,0,0,0
115000231,16,433,-417
115000232,14,54,-40
115000233,12,87,-75
115000234,0,0,0
115000241,0,0,0
115000242,0,0,0
115000243,0,0,0
115000244,0,0,0
115000246,0,0,0
115000247,0,0,0
115000248,0,0,0
115000249,0,0,0
115000250,5,8,-3
115000251,0,0,0
115000252,0,0,0
115000253,0,0,0
115000258,0,0,0
115000259,0,0,0
115000261,0,0,0
115000262,0,0,0
115000263,0,0,0
115000264,0,0,0
115000267,0,0,0
115000268,3,1,2
115000269,0,0,0
115000270,0,0,0
115000272,0,0,0
115000273,0,0,0
115000280,1,1,0
115000281,117,42,75
115000282,26,21,5
115000284,140,53,87
115000296,0,0,0
115000297,0,0,0
115000298,24,11,13
115000300,0,56,-56
115000302,0,0,0
115000303,0,0,0
115000304,0,0,0
115000305,13,190,-177
115000306,5,85,-80
115000307,1,48,-47
115000308,0,0,0
115000310,65,270,-205
115000311,0,2,-2
115000313,35,100,-65
115000314,0,0,0
115000315,223,144,79
115000316,0,0,0
115000317,8,105,-97
115000318,41,59,-18
115000319,4,60,-56
115000320,2,57,-55
115000321,72,4,68
115000322,7,70,-63
115000449,0,0,0
115000557,0,8,-8
115000558,0,0,0
115000587,9,7,2
115000588,793,1623,-830
115000589,672,380,292
115000590,133,509,-376
115000591,56,122,-66
115000592,116,589,-473
115000593,94,60,34
115000594,194,728,-534
115000609,1,2,-1
115000617,329,50,279
115000624,0,0,0
115000633,14,525,-511
115000634,451,130,321
115000635,42,11,31
115000638,0,0,0
115000641,0,0,0
115000642,13,34,-21
115000643,1,124,-123
115000644,8,67,-59
115000646,153,136,17
115000647,11,90,-79
115000648,36,363,-327
115000893,423,145,278
115000894,27,569,-542
115000895,101,568,-467
115000896,147,23,124
115000897,76,4,72
115000898,111,18,93
115000899,172,109,63
115000900,25,44,-19
115000901,35,14,21
115000912,26,8,18
115000913,0,0,0
115000915,0,0,0
115000916,0,0,0
115000917,0,1,-1
115000918,0,0,0
115000919,0,0,0
115000920,0,3,-3
115000921,92,3,89
115000922,82,64,18
115000923,99,411,-312
115000925,3,17,-14
115000927,0,0,0
115000933,46,37,9
115000934,0,0,0
115000935,0,0,0
115000936,0,0,0
115000937,254,14,240
115000938,56,17,39
115000939,38,27,11
115000940,0,0,0
115000941,0,0,0
115000942,0,0,0
115000943,12,9,3
115000944,1,7,-6
115900001,0,0,0
115900002,0,0,0
115900003,0,0,0
115900004,0,0,0
115900005,0,0,0
115900006,0,0,0
115900008,0,0,0
115900009,0,0,0
115900010,0,0,0
115900011,4,10,-6
115900012,0,0,0
115900013,0,0,0
115900014,3,5,-2
115900015,0,0,0
115900016,0,0,0
115900017,0,0,0
115900018,20,1,19
115900019,0,0,0
115900020,0,0,0
115900021,55,3,52
115900022,0,0,0
115900023,0,0,0
115900025,0,0,0
115900026,0,0,0
115900027,0,5,-5
115900028,31,0,31
115900029,0,56,-56
115900030,0,0,0
115900031,0,0,0
115900032,0,0,0
115900033,0,0,0
115900034,1,30,-29
115900035,0,0,0
115900036,3,2,1
115900037,2,47,-45
115900038,0,0,0
115900039,0,0,0
115900041,2,1,1
115900042,0,0,0
115900043,0,0,0
115900044,0,0,0
115900046,1,5,-4
115900047,0,0,0
115900049,0,0,0
115900051,0,28,-28
115900052,1,35,-34
115900053,0,0,0
115900054,0,6,-6
115900055,0,17,-17
115900056,0,0,0
115900057,0,0,0
115900058,5,7,-2
115900060,0,0,0
115900061,0,0,0
115900062,0,43,-43
115900063,1,0,1
115900064,0,0,0
115900065,0,0,0
115900066,7,11,-4
115900067,0,82,-82
115900068,254,1,253
115900069,0,0,0
115900070,0,0,0
115900071,0,14,-14
115900072,12,19,-7
115900073,0,0,0
115900074,0,35,-35
115900075,0,0,0
115900076,0,0,0
115900077,0,32,-32
115900078,0,0,0
115900079,0,0,0
115900080,0,0,0
115900081,0,10,-10
115900082,0,0,0
115900084,0,0,0
115900085,0,7,-7
115900086,0,0,0
115900088,0,0,0
115900089,1,43,-42
115900090,0,0,0
115900091,0,0,0
115900092,0,14,-14
115900093,0,9,-9
115900094,0,25,-25
115900096,0,3,-3
115900097,0,29,-29
115900098,3,38,-35
115900099,0,0,0
115900100,0,0,0
115900101,0,14,-14
115900102,0,0,0
115900103,2,7,-5
115900104,0,0,0
115900105,0,0,0
115900106,0,0,0
115900107,0,0,0
115900108,0,0,0
115900109,0,0,0
115900110,0,0,0
115900111,0,9,-9
115900112,0,0,0
115900113,0,0,0
115900114,0,40,-40
115900115,0,1,-1
115900116,0,0,0
115900117,0,0,0
115900118,0,72,-72
115900119,0,1,-1
115900120,0,0,0
115900121,0,0,0
115900124,0,0,0
115900125,0,0,0
115900126,0,0,0
115900127,0,0,0
115900128,0,1,-1
115900129,0,0,0
115900130,0,0,0
115900131,0,0,0
115900132,0,0,0
115900134,0,0,0
115900135,0,0,0
115900137,0,0,0
115900139,5,1,4
115900140,0,0,0
115900141,0,1,-1
115900142,0,0,0
115900143,0,11,-11
115900144,1,19,-18
115900146,0,0,0
115900147,0,0,0
115900148,0,0,0
115900149,0,2,-2
115900150,0,0,0
115900151,0,0,0
115900152,0,0,0
115900153,0,0,0
115900154,0,0,0
115900155,0,1,-1
115900156,0,0,0
115900157,0,0,0
115900158,0,0,0
115900159,0,0,0
115900160,0,0,0
115900161,0,0,0
115900163,0,0,0
115900164,0,1,-1
115900166,0,0,0
115900168,0,2,-2
115900171,0,0,0
115900172,0,0,0
115900173,0,0,0
115900174,0,0,0
115900175,1,3,-2
115900178,0,109,-109
115900179,0,0,0
115900180,0,0,0
115900181,5,17,-12
115900182,27,11,16
115900183,6,0,6
115900184,0,0,0
115900187,0,0,0
115900189,0,0,0
115900190,0,0,0
115900191,0,0,0
115900192,0,0,0
115900193,0,0,0
115900194,0,0,0
115900195,0,0,0
115900198,0,0,0
115900199,0,0,0
115900200,0,0,0
115900201,0,0,0
115900202,0,0,0
115900203,0,0,0
115900204,0,0,0
115900205,0,0,0
115900206,0,4,-4
115900207,0,0,0
115900208,0,0,0
115900209,0,0,0
115900210,0,0,0
115900211,0,0,0
115900212,1,3,-2
115900213,0,0,0
115900214,0,24,-24
115900215,0,0,0
115900216,1,14,-13
115900217,0,8,-8
115900218,0,13,-13
115900219,0,0,0
115900220,0,0,0
115900221,0,0,0
115900222,0,0,0
115900223,0,0,0
115900224,0,0,0
115900225,0,0,0
115900226,0,0,0
115900227,0,0,0
115900228,0,0,0
115900229,0,0,0
115900230,0,0,0
115900231,0,0,0
115900232,0,0,0
115900233,0,0,0
115900234,0,0,0
115900235,0,0,0
115900236,0,0,0
115900237,0,13,-13
115900238,0,3,-3
115900239,0,9,-9
115900240,0,6,-6
115900241,0,7,-7
115900242,2,2,0
115900243,0,0,0
115900244,0,0,0
115900245,0,0,0
115900246,0,0,0
115900247,0,0,0
115900248,0,0,0
115900249,0,0,0
115900250,0,0,0
115900251,0,0,0
115900252,0,0,0
115900253,0,0,0
115900254,0,0,0
115900255,0,0,0
115900256,0,0,0
115900257,0,0,0
115900258,0,0,0
115900259,0,0,0
115900260,0,0,0
115900261,0,0,0
115900262,0,0,0
115900263,0,0,0
115900264,0,0,0
115900265,0,0,0
115900266,0,0,0
115900267,0,0,0
115900268,0,0,0
115900269,1,6,-5
115900270,0,0,0
115900271,0,0,0
115900272,0,0,0
115900273,0,0,0
115900274,0,0,0
115900275,0,0,0
115900276,0,0,0
115900277,0,0,0
115900278,0,8,-8
115900279,3,13,-10
115900280,4,12,-8
115900281,0,14,-14
115900282,0,0,0
115900283,0,0,0
115900284,0,0,0
116000001,4487,951,3536
116000002,1053,202,851
116000003,412,530,-118
116000004,719,87,632
116000005,267,590,-323
116000006,244,172,72
116000007,556,876,-320
116000008,457,398,59
116000009,159,446,-287
116000010,186,53,133
116000011,81,153,-72
116000012,132,130,2
116000013,2686,1094,1592
116000014,448,87,361
116000015,24,147,-123
116000016,227,42,185
116000017,3,80,-77
116000018,38,9,29
116000019,29,62,-33
116000020,16,42,-26
116000021,12,92,-80
116000022,10,25,-15
116000023,22,41,-19
116000024,24,57,-33
116000025,33,64,-31
116000026,66,412,-346
116000027,27,99,-72
116000028,0,2,-2
116000029,112,129,-17
116000030,2,1,1
116000031,45,78,-33
116000032,16,87,-71
116000033,5,138,-133
116000034,29,186,-157
116000035,24,141,-117
116000036,46,45,1
116000037,0,0,0
116000038,0,0,0
116000039,49,40,9
116000040,0,0,0
116000041,11,49,-38
116000042,1,0,1
116000043,15,71,-56
116000044,7,13,-6
116000045,10,1,9
116000046,202,364,-162
116000047,221,410,-189
116000048,39,60,-21
116000049,40,117,-77
116000050,223,361,-138
116000051,68,77,-9
116000052,272,585,-313
116000053,2,5,-3
116000054,53,370,-317
116000055,63,217,-154
116000056,0,1,-1
116000057,666,319,347
116000058,528,156,372
116000059,265,70,195
116000060,708,104,604
116000061,95,69,26
116000062,67,64,3
116000063,25,106,-81
116000066,1,1,0
116000067,68,120,-52
116000068,7,2,5
116000069,63,108,-45
116000078,0,1,-1
116000080,221,298,-77
116000082,1,37,-36
116000083,92,67,25
116000084,77,314,-237
116000085,223,86,137
116000086,115,141,-26
116000087,187,71,116
116000088,123,160,-37
116000089,8,12,-4
116000090,0,1,-1
116000091,3,38,-35
116000093,64,37,27
116000094,14,169,-155
116000095,64,52,12
116000096,29,150,-121
116000097,44,87,-43
116000098,7,244,-237
116000099,801,26,775
116000100,3,0,3
116000101,10,46,-36
116000102,8,148,-140
116000103,3,25,-22
116000104,5,183,-178
116000105,3,32,-29
116000106,15,153,-138
116000107,14,72,-58
116000108,1,34,-33
116000111,0,0,0
116000113,0,0,0
116000114,8,3,5
116000115,0,0,0
116000116,9,16,-7
116000117,1,1,0
116000118,49,326,-277
116000119,6,27,-21
116000120,214,873,-659
116000121,1,0,1
116000122,322,769,-447
116000123,1,0,1
116000124,68,412,-344
116000125,14,13,1
116000126,49,510,-461
116000127,157,450,-293
116000128,6,8,-2
116000129,6,8,-2
116000130,3,5,-2
116000133,121,266,-145
116000134,99,686,-587
116000135,66,152,-86
116000136,92,500,-408
116000137,21,110,-89
116000138,165,47,118
116000139,139,504,-365
116000140,13,60,-47
116000141,20,122,-102
116000142,700,1173,-473
116000143,421,50,371
116000144,212,809,-597
116000145,243,107,136
116000146,25,36,-11
116000147,56,10,46
116000148,9,32,-23
116000149,3,42,-39
116000151,84,306,-222
116000153,0,0,0
116000155,0,1,-1
116000156,26,154,-128
116000157,0,0,0
116000158,15,116,-101
116000159,0,0,0
116000160,0,6,-6
116000161,0,7,-7
116000162,38,2,36
116000163,0,2,-2
116000164,1,13,-12
116000177,2,20,-18
116000194,0,90,-90
116000195,88,95,-7
116000196,0,0,0
116000197,0,0,0
116000198,71,73,-2
116000200,0,0,0
116000201,85,95,-10
116000202,0,2,-2
116000203,0,6,-6
116000204,0,5,-5
116000205,0,40,-40
116000206,0,11,-11
116000207,0,6,-6
116000233,2,20,-18
116000287,9,147,-138
116000288,0,0,0
116000292,0,17,-17
116000296,0,0,0
116000297,4,10,-6
116000304,0,0,0
116000305,0,0,0
116000346,4,34,-30
116000352,0,2,-2
116000354,1,0,1
116000357,0,0,0
116000358,0,0,0
116000361,0,0,0
116000372,480,319,161
116000381,0,0,0
116000388,0,19,-19
116000389,22,31,-9
116000445,17,277,-260
116000446,0,0,0
116000447,5,215,-210
116000448,0,0,0
116000563,0,0,0
116000565,30,32,-2
116000568,0,6,-6
116000579,1,22,-21
116000583,0,0,0
116000584,1,0,1
116000585,2,1,1
116000586,20,7,13
116000587,0,74,-74
116000589,29,7,22
116000590,0,0,0
116000591,0,0,0
116000592,0,0,0
116000593,0,0,0
116000594,3,100,-97
116000595,2,19,-17
116000596,0,3,-3
116000597,0,0,0
116000598,2,34,-32
116000605,2,9,-7
116000606,0,0,0
116000607,0,6,-6
116000609,0,36,-36
116000611,8,183,-175
116000612,139,133,6
116000613,0,0,0
116000614,51,292,-241
116000615,0,98,-98
116000616,5,20,-15
116000617,1,9,-8
116000618,0,19,-19
116000619,3,6,-3
116000620,1,39,-38
116000621,3,0,3
116000622,0,1,-1
116000624,0,1,-1
116000627,0,0,0
116000628,0,0,0
116000629,0,0,0
116000630,0,0,0
116000631,0,0,0
116000632,1,0,1
116000633,0,0,0
116000634,28,132,-104
116000635,192,186,6
116000636,487,185,302
116000637,20,68,-48
116000638,1,0,1
116000639,0,0,0
116000640,0,0,0
116000641,33,118,-85
116000643,0,49,-49
116000644,18,515,-497
116000645,0,0,0
116900001,0,0,0
116900002,0,0,0
116900003,0,0,0
116900004,0,0,0
116900005,3,0,3
116900006,0,0,0
116900007,0,0,0
116900008,1,68,-67
116900009,0,0,0
116900010,0,112,-112
116900011,0,2,-2
116900012,0,0,0
116900013,0,29,-29
116900014,0,0,0
116900015,0,0,0
116900016,0,0,0
116900017,0,38,-38
116900018,0,0,0
116900019,0,38,-38
116900020,15,0,15
116900023,0,0,0
116900024,0,0,0
116900025,0,39,-39
116900026,2,28,-26
116900027,0,0,0
116900028,0,4,-4
116900029,0,0,0
116900031,0,0,0
116900032,0,8,-8
116900033,0,0,0
116900034,2,5,-3
116900035,1,19,-18
116900036,0,11,-11
116900038,0,0,0
116900041,0,0,0
116900042,89,18,71
116900043,0,8,-8
116900047,0,0,0
116900049,0,22,-22
116900050,2,10,-8
116900051,0,0,0
116900052,0,0,0
116900055,0,0,0
116900057,1,27,-26
116900058,0,11,-11
116900059,0,0,0
116900060,2,34,-32
116900062,0,0,0
116900064,3,114,-111
116900065,0,2,-2
116900067,0,0,0
116900068,14,19,-5
116900070,0,0,0
116900072,0,46,-46
116900073,0,2,-2
116900074,0,0,0
116900076,0,0,0
116900077,2,8,-6
116900078,8,14,-6
116900079,0,4,-4
116900080,0,0,0
116900081,7,47,-40
116900082,2,46,-44
116900083,0,0,0
116900084,1,4,-3
116900085,1,4,-3
116900086,0,12,-12
116900088,0,0,0
116900090,0,0,0
116900091,0,13,-13
116900092,1,44,-43
116900093,6,0,6
116900094,145,31,114
116900095,0,23,-23
116900096,0,5,-5
116900097,6,2,4
116900098,83,1,82
116900099,18,8,10
116900100,0,0,0
116900101,5,34,-29
116900103,0,0,0
116900104,1,5,-4
116900105,0,0,0
116900106,0,7,-7
116900107,10,3,7
116900110,0,0,0
116900111,0,4,-4
116900112,0,0,0
116900113,0,0,0
116900116,0,0,0
116900117,0,10,-10
116900118,7,294,-287
116900120,0,0,0
116900121,0,0,0
116900122,5,138,-133
116900123,2,132,-130
116900124,0,22,-22
116900125,0,8,-8
116900126,3,31,-28
116900128,0,9,-9
116900129,0,56,-56
116900130,117,127,-10
116900131,0,36,-36
116900132,0,9,-9
116900133,0,27,-27
116900134,2,15,-13
116900136,2,11,-9
116900137,5,17,-12
116900138,6,23,-17
116900139,9,31,-22
116900140,5,7,-2
116900141,13,7,6
116900142,0,0,0
116900143,0,29,-29
116900144,0,0,0
116900145,0,17,-17
116900147,12,16,-4
116900148,0,0,0
116900149,0,0,0
116900150,0,2,-2
116900151,0,0,0
116900153,0,0,0
116900154,1,8,-7
116900155,0,5,-5
116900157,0,0,0
116900158,0,5,-5
116900159,1,71,-70
116900160,0,1,-1
116900161,841,105,736
116900162,0,0,0
116900163,0,0,0
116900164,0,1,-1
116900165,0,0,0
116900166,0,0,0
116900167,0,0,0
116900168,1,6,-5
116900169,0,0,0
116900170,0,0,0
116900171,0,0,0
116900172,0,0,0
116900173,0,0,0
116900174,0,4,-4
116900175,0,0,0
116900178,0,0,0
116900179,0,0,0
116900180,0,0,0
116900182,0,0,0
116900183,0,0,0
116900185,0,0,0
116900186,0,0,0
116900187,0,0,0
116900188,3,0,3
116900189,0,0,0
116900191,0,0,0
116900192,0,0,0
116900194,0,0,0
116900195,0,0,0
116900196,0,0,0
116900197,0,0,0
116900198,10,6,4
116900200,0,0,0
116900201,0,0,0
116900202,0,0,0
116900203,0,0,0
116900204,2,1,1
116900206,0,0,0
116900207,0,0,0
116900208,0,0,0
116900209,0,0,0
116900210,0,4,-4
116900211,0,0,0
116900212,0,0,0
116900213,0,0,0
116900214,2,9,-7
116900215,0,0,0
116900216,1,0,1
116900218,0,63,-63
116900219,50,20,30
116900220,0,0,0
116900221,6,30,-24
116900222,0,0,0
116900223,0,0,0
116900226,0,8,-8
116900227,3,1,2
116900228,4,13,-9
116900230,0,8,-8
116900231,0,15,-15
116900232,0,14,-14
116900233,0,0,0
116900234,0,0,0
116900235,14,73,-59
116900238,20,15,5
116900239,0,10,-10
116900240,88,17,71
116900241,0,0,0
116900242,33,5,28
116900243,0,0,0
116900245,0,0,0
116900246,1,2,-1
116900247,0,0,0
116900248,1,1,0
116900249,0,0,0
116900250,4,3,1
116900251,0,0,0
116900252,0,0,0
116900254,0,0,0
116900255,7,1,6
116900256,10,8,2
116900257,3,51,-48
116900258,1,68,-67
116900259,0,0,0
116900260,0,9,-9
116900261,0,0,0
116900262,0,24,-24
116900263,0,0,0
116900264,0,0,0
116900265,0,0,0
116900266,0,2,-2
116900267,0,0,0
116900268,0,0,0
116900269,0,12,-12
116900271,0,0,0
116900272,26,41,-15
116900273,3,1,2
116900274,0,0,0
116900275,0,0,0
116900276,0,0,0
116900277,0,0,0
116900278,0,0,0
116900279,0,0,0
116900280,0,0,0
116900281,71,18,53
116900282,0,8,-8
116900283,0,3,-3
116900284,0,3,-3
116900285,0,0,0
116900286,0,0,0
116900287,0,0,0
116900288,0,0,0
116900289,0,0,0
116900290,0,0,0
116900291,0,0,0
116900292,0,0,0
116900293,0,0,0
116900294,1,14,-13
116900295,0,0,0
116900296,0,0,0
116900297,0,0,0
116900298,0,0,0
116900299,0,0,0
116900300,0,0,0
116900301,0,0,0
116900302,0,14,-14
116900303,0,4,-4
116900304,0,10,-10
116900305,0,0,0
116900306,0,0,0
116900307,0,0,0
116900308,0,0,0
116900309,0,0,0
116900310,0,0,0
117000001,99,122,-23
117000002,366,719,-353
117000003,300,85,215
117000004,704,919,-215
117000005,79,33,46
117000006,167,1074,-907
117000007,160,13,147
117000008,223,915,-692
117000009,8,0,8
117000010,551,1045,-494
117000011,1,9,-8
117000012,177,521,-344
117000013,1,2,-1
117000014,139,656,-517
117000015,5,3,2
117000016,10,13,-3
117000017,9,22,-13
117000018,10,70,-60
117000019,1,0,1
117000020,66,247,-181
117000021,348,55,293
117000022,13,6,7
117000023,17,49,-32
117000024,30,48,-18
117000025,139,157,-18
117000026,38,16,22
117000027,289,648,-359
117000028,0,1,-1
117000030,23,50,-27
117000031,2,0,2
117000032,225,219,6
117000033,165,160,5
117000034,15,40,-25
117000035,0,0,0
117000036,32,39,-7
117000037,0,2,-2
117000038,8,57,-49
117000039,1,11,-10
117000040,10,267,-257
117000041,0,0,0
117000044,8,203,-195
117000045,0,0,0
117000046,48,179,-131
117000047,1,1,0
117000048,300,218,82
117000049,16,20,-4
117000050,8,481,-473
117000051,94,27,67
117000052,0,11,-11
117000053,4,8,-4
117000054,22,0,22
117000055,25,640,-615
117000056,17,0,17
117000057,46,451,-405
117000060,22,135,-113
117000061,3,5,-2
117000062,8,39,-31
117000063,0,0,0
117000064,69,98,-29
117000066,91,47,44
117000067,2,28,-26
117000074,0,0,0
117000076,0,0,0
117000077,23,14,9
117000078,4,96,-92
117000079,2,10,-8
117000080,3,149,-146
117000081,6,8,-2
117000082,3,24,-21
117000083,2,14,-12
117000084,0,0,0
117000085,14,84,-70
117000086,10,128,-118
117000087,34,143,-109
117000088,0,0,0
117000089,33,25,8
117000090,54,467,-413
117000091,12,4,8
117000092,45,460,-415
117000093,9,15,-6
117000094,91,647,-556
117000095,14,29,-15
117000096,119,800,-681
117000097,11,46,-35
117000098,382,1201,-819
117000099,20,18,2
117000100,3,13,-10
117000101,28,118,-90
117000102,2,1,1
117000103,272,474,-202
117000104,2,1,1
117000105,114,493,-379
117000106,1,0,1
117000107,121,586,-465
117000108,3,4,-1
117000109,405,830,-425
117000110,1,3,-2
117000111,380,387,-7
117000112,90,148,-58
117000113,4,36,-32
117000114,1,0,1
117000115,3,18,-15
117000116,0,13,-13
117000117,25,16,9
117000118,9,22,-13
117000119,1,1,0
117000120,0,0,0
117000121,0,0,0
117000122,0,0,0
117000123,1,0,1
117000124,0,0,0
117000125,1,0,1
117000126,0,0,0
117000127,5,10,-5
117000128,3,12,-9
117000129,0,1,-1
117000130,0,0,0
117000131,1,55,-54
117000132,47,41,6
117000133,3,26,-23
117000134,0,25,-25
117000135,1,24,-23
117000136,0,11,-11
117000137,0,0,0
117000138,2,112,-110
117000140,56,331,-275
117000141,1,2,-1
117000181,55,8,47
117000182,0,0,0
117000195,4,122,-118
117000196,0,0,0
117000225,0,0,0
117000226,2,1,1
117000276,0,0,0
117000277,0,55,-55
117000310,345,449,-104
117000315,0,0,0
117000320,0,0,0
117000906,0,0,0
117000907,1,96,-95
117000909,9,3,6
117000910,36,14,22
117000911,9,20,-11
117000915,1,90,-89
117000916,0,0,0
117000917,0,0,0
117000918,0,0,0
117000919,0,9,-9
117000920,4,514,-510
117000921,0,253,-253
117000922,0,2,-2
117000924,20,18,2
117000926,190,12,178
117000927,3,27,-24
117000928,0,53,-53
117000929,9,83,-74
117000930,10,2,8
117000931,50,9,41
117900002,10,30,-20
117900003,14,7,7
117900005,0,1,-1
117900006,0,13,-13
117900007,1,22,-21
117900008,0,5,-5
117900010,0,21,-21
117900011,0,0,0
117900012,1,12,-11
117900013,0,34,-34
117900014,0,49,-49
117900015,0,31,-31
117900016,59,13,46
117900017,4,46,-42
117900018,7,3,4
117900019,1,59,-58
117900020,0,13,-13
117900021,2,13,-11
117900023,1,0,1
117900024,10,21,-11
117900025,2,0,2
117900026,0,40,-40
117900028,0,0,0
117900029,1,111,-110
117900031,0,0,0
117900032,14,4,10
117900033,0,76,-76
117900034,0,0,0
117900035,3,3,0
117900036,5,77,-72
117900037,0,0,0
117900038,2,43,-41
117900039,1,9,-8
117900040,6,47,-41
117900041,0,9,-9
117900042,95,13,82
117900043,1,5,-4
117900044,0,20,-20
117900045,0,0,0
117900048,6,42,-36
117900049,2,44,-42
117900050,0,0,0
117900051,0,0,0
117900052,0,0,0
117900053,36,67,-31
117900054,0,0,0
117900055,0,0,0
117900056,0,0,0
117900057,19,143,-124
117900058,0,0,0
117900059,0,0,0
117900060,5,382,-377
117900061,0,0,0
117900063,1,21,-20
117900065,116,57,59
117900066,0,0,0
117900067,0,23,-23
117900069,0,28,-28
117900070,0,0,0
117900071,0,0,0
117900073,1,24,-23
117900074,0,0,0
117900075,0,0,0
117900076,2,12,-10
117900077,0,0,0
117900078,2,19,-17
117900080,0,0,0
117900081,32,30,2
117900082,10,11,-1
117900083,0,48,-48
117900086,0,0,0
117900087,0,0,0
117900088,97,42,55
117900089,30,2,28
117900090,2,66,-64
117900091,9,4,5
117900092,0,0,0
117900093,0,0,0
117900094,0,0,0
117900095,3,88,-85
117900096,0,0,0
117900097,0,0,0
117900098,0,0,0
117900099,0,37,-37
117900100,0,0,0
117900101,33,35,-2
117900102,0,0,0
117900103,0,0,0
117900104,0,6,-6
117900105,4,16,-12
117900106,0,0,0
117900107,0,0,0
117900109,4,16,-12
117900110,0,0,0
117900111,0,0,0
117900112,0,0,0
117900113,1,3,-2
117900114,0,0,0
117900115,1,0,1
117900116,22,42,-20
117900117,23,18,5
117900118,0,0,0
117900119,0,48,-48
117900120,0,2,-2
117900121,0,3,-3
117900122,17,19,-2
117900123,26,73,-47
117900124,21,31,-10
117900125,126,69,57
117900126,20,41,-21
117900127,6,37,-31
117900128,0,44,-44
117900129,0,0,0
117900130,1,25,-24
117900131,0,12,-12
117900132,2,20,-18
117900133,0,14,-14
117900134,5,20,-15
117900135,1,32,-31
117900136,0,8,-8
117900137,0,38,-38
117900138,0,17,-17
117900139,0,6,-6
117900140,7,2,5
117900141,8,34,-26
117900142,0,0,0
117900144,0,0,0
117900145,1,0,1
117900146,0,0,0
117900147,0,0,0
117900148,108,91,17
117900149,0,4,-4
117900150,0,7,-7
117900151,1,26,-25
117900152,2,3,-1
117900153,1,7,-6
117900154,0,31,-31
117900156,14,34,-20
117900157,0,6,-6
117900158,0,0,0
117900160,22,14,8
117900161,125,130,-5
117900162,0,18,-18
117900163,0,2,-2
117900165,0,0,0
117900166,0,6,-6
117900168,0,0,0
117900169,0,0,0
117900170,0,0,0
117900171,0,0,0
117900172,0,0,0
117900173,0,0,0
117900174,0,0,0
117900175,0,0,0
117900176,0,0,0
117900177,0,0,0
117900178,0,0,0
117900180,0,0,0
117900181,0,0,0
117900182,0,0,0
117900183,0,0,0
117900184,0,0,0
117900185,0,0,0
117900186,0,0,0
117900187,0,0,0
117900188,0,0,0
117900189,0,0,0
117900190,0,0,0
117900191,0,0,0
117900192,0,0,0
117900193,0,0,0
117900194,0,0,0
117900195,0,0,0
117900196,0,0,0
117900207,0,0,0
117900208,0,0,0
117900209,0,3,-3
117900210,0,0,0
117900211,0,0,0
117900212,2,15,-13
117900213,0,0,0
117900214,0,0,0
117900215,0,0,0
117900216,0,0,0
117900217,0,19,-19
117900218,0,0,0
117900219,0,10,-10
117900220,0,0,0
117900222,18,33,-15
117900223,3,2,1
118000001,95,106,-11
118000002,220,349,-129
118000003,166,234,-68
118000004,328,318,10
118000005,978,603,375
118000006,1394,1331,63
118000007,670,470,200
118000008,531,569,-38
118000009,208,528,-320
118000010,236,586,-350
118000011,94,292,-198
118000012,122,306,-184
118000013,413,364,49
118000014,120,528,-408
118000016,29,61,-32
118000017,0,0,0
118000018,23,88,-65
118000019,662,149,513
118000020,266,404,-138
118000021,253,473,-220
118000022,147,41,106
118000023,118,249,-131
118000024,137,207,-70
118000027,2775,666,2109
118000029,122,28,94
118000032,68,83,-15
118000033,152,163,-11
118000034,613,326,287
118000035,57,456,-399
118000036,46,152,-106
118000037,126,171,-45
118000038,0,0,0
118000039,2,23,-21
118000040,68,436,-368
118000041,209,283,-74
118000045,15,2,13
118000046,120,34,86
118000047,112,61,51
118000048,280,202,78
118000051,16,7,9
118000052,9,7,2
118000053,10,12,-2
118000054,168,70,98
118000055,108,18,90
118000056,6,2,4
118000057,7,3,4
118000058,33,15,18
118000059,16,36,-20
118000060,10,24,-14
118000061,9,43,-34
118000062,15,3,12
118000063,6,19,-13
118000064,22,24,-2
118000065,210,30,180
118000066,23,20,3
118000067,356,216,140
118000068,149,314,-165
118000069,204,93,111
118000070,731,75,656
118000071,347,408,-61
118000072,231,139,92
118000073,88,18,70
118000074,5,7,-2
118000075,37,48,-11
118000076,188,220,-32
118000077,395,220,175
118000078,118,86,32
118000079,41,168,-127
118000080,321,220,101
118000081,172,81,91
118000082,14,12,2
118000083,34,23,11
118000084,255,100,155
118000086,22,28,-6
118000087,2313,476,1837
118000088,120,188,-68
118000089,400,777,-377
118000090,889,319,570
118000091,231,665,-434
118000092,172,25,147
118000093,22,17,5
118000096,4,26,-22
118000097,15,27,-12
118000098,0,3,-3
118000099,17,138,-121
118000101,98,109,-11
118000102,16,101,-85
118000107,165,87,78
118000108,2,21,-19
118000110,1,1,0
118000111,0,168,-168
118000112,0,0,0
118000113,3,235,-232
118000114,0,0,0
118000115,0,0,0
118000116,0,0,0
118000117,211,203,8
118000118,18,37,-19
118000119,24,59,-35
118000120,272,464,-192
118000121,0,74,-74
118000122,172,9,163
118000123,1,62,-61
118000125,181,211,-30
118000126,8,31,-23
118000127,19,8,11
118000128,125,330,-205
118000129,49,50,-1
118000130,779,1047,-268
118000131,105,350,-245
118000132,51,58,-7
118000133,47,45,2
118000135,0,0,0
118000136,11,76,-65
118000137,129,16,113
118000138,3,53,-50
118000139,20,22,-2
118000140,494,291,203
118000141,111,129,-18
118000142,165,374,-209
118000143,19,41,-22
118000144,24,30,-6
118000145,258,431,-173
118000146,128,271,-143
118000147,137,357,-220
118000148,38,226,-188
118000149,16,116,-100
118000150,8,12,-4
118000151,0,12,-12
118000153,13,50,-37
118000154,10,63,-53
118000155,16,39,-23
118000156,307,248,59
118000157,26,40,-14
118000158,4,58,-54
118000159,0,0,0
118000160,0,1,-1
118000161,55,139,-84
118000162,4,50,-46
118000163,22,18,4
118000164,77,41,36
118000168,5,17,-12
118000169,254,524,-270
118000170,318,470,-152
118000171,0,3,-3
118000172,0,0,0
118000173,116,162,-46
118000175,20,19,1
118000176,4,49,-45
118000177,3,39,-36
118000178,1,2,-1
118000179,3,9,-6
118000180,4,1,3
118000181,176,61,115
118000182,52,57,-5
118000183,42,92,-50
118000184,2,1,1
118000185,335,149,186
118000186,168,223,-55
118000187,64,149,-85
118000188,4,36,-32
118000189,18,104,-86
118000190,1,0,1
118000191,0,0,0
118000192,4,30,-26
118000193,10,45,-35
118000194,382,64,318
118000195,6,2,4
118000196,0,0,0
118000197,33,20,13
118000198,11,4,7
118000199,114,87,27
118000200,0,0,0
118000201,25,1,24
118000202,0,0,0
118000203,57,16,41
118000204,132,62,70
118000205,64,13,51
118000206,2,0,2
118000207,0,5,-5
118000208,67,129,-62
118000209,170,384,-214
118000210,0,0,0
118000211,0,0,0
118000213,8,7,1
118000214,137,34,103
118000215,62,115,-53
118000216,0,0,0
118000217,0,7,-7
118000218,2,6,-4
118000219,1,8,-7
118000220,0,0,0
118000221,3,20,-17
118000222,80,11,69
118000223,0,0,0
118000224,1,4,-3
118000225,3,148,-145
118000226,0,0,0
118000227,85,20,65
118000228,75,41,34
118000229,0,0,0
118000230,0,28,-28
118000231,0,11,-11
118000232,63,174,-111
118000233,13,32,-19
118000234,4,6,-2
118000236,5,40,-35
118000237,0,0,0
118000238,5,20,-15
118000239,0,1,-1
118000240,37,4,33
118000241,5,7,-2
118000242,9,131,-122
118000243,4,13,-9
118000244,1,11,-10
118000246,0,1,-1
118000255,0,16,-16
118000256,1,12,-11
118000259,0,2,-2
118000260,0,0,0
118000261,0,3,-3
118000263,2,9,-7
118000266,14,21,-7
118000267,0,25,-25
118000268,0,2,-2
118000270,0,0,0
118000271,0,12,-12
118000272,0,0,0
118000273,4,21,-17
118000274,10,54,-44
118000276,5,10,-5
118000295,0,9,-9
118000298,20,122,-102
118000299,20,77,-57
118000301,0,10,-10
118000302,2,3,-1
118000311,1,21,-20
118000312,0,28,-28
118000313,2,19,-17
118000314,2,4,-2
118000315,0,7,-7
118000316,3,49,-46
118000325,0,0,0
118000326,0,0,0
118000331,0,0,0
118000332,0,0,0
118000333,0,0,0
118000335,0,0,0
118000336,1,83,-82
118000407,0,0,0
118000457,0,24,-24
118000465,441,252,189
118000480,0,3,-3
118000489,0,0,0
118000490,16,128,-112
118000492,4,14,-10
118000510,2,0,2
118000514,8,80,-72
118000515,4,24,-20
118000517,118,63,55
118000524,494,162,332
118000525,181,333,-152
118000530,0,0,0
118000531,0,0,0
118000532,48,76,-28
118000533,64,59,5
118000534,33,125,-92
118000535,2,0,2
118000536,21,16,5
118000537,1,11,-10
118000538,7,8,-1
118000539,1,0,1
118000540,13,24,-11
118000541,11,24,-13
118000542,0,1,-1
118000543,0,1,-1
118000546,4,11,-7
118000553,0,1,-1
118000560,301,36,265
118000562,0,0,0
118000563,147,52,95
118000576,3,21,-18
118000577,29,9,20
118000578,15,9,6
118000579,54,98,-44
118000583,0,1,-1
118000595,0,0,0
118000596,0,9,-9
118000597,12,12,0
118000598,0,0,0
118000599,0,0,0
118000600,0,0,0
118000601,0,0,0
118000602,0,0,0
118000603,0,24,-24
118000605,0,0,0
118000606,0,0,0
118900001,0,0,0
118900002,2,21,-19
118900003,0,0,0
118900004,0,0,0
118900005,0,0,0
118900006,0,0,0
118900007,0,0,0
118900008,0,0,0
118900009,0,0,0
118900010,0,0,0
118900011,4,0,4
118900012,0,0,0
118900013,0,0,0
118900015,0,0,0
118900016,1,0,1
118900017,0,0,0
118900018,0,0,0
118900019,1,0,1
118900020,0,0,0
118900021,0,0,0
118900022,0,5,-5
118900023,0,0,0
118900024,0,0,0
118900025,0,0,0
118900026,0,4,-4
118900027,0,0,0
118900028,0,0,0
118900029,0,0,0
118900030,0,0,0
118900031,9,6,3
118900032,0,0,0
118900033,0,0,0
118900034,0,0,0
118900035,3,17,-14
118900036,10,26,-16
118900037,0,0,0
118900038,5,19,-14
118900039,0,0,0
118900040,5,3,2
118900041,0,0,0
118900042,0,4,-4
118900045,1,8,-7
118900046,95,2,93
118900047,39,9,30
118900048,0,0,0
118900049,0,0,0
118900050,0,12,-12
118900051,0,0,0
118900052,0,0,0
118900053,0,0,0
118900054,1,10,-9
118900055,2,20,-18
118900056,0,0,0
118900057,8,28,-20
118900058,0,0,0
118900059,0,0,0
118900060,3,6,-3
118900062,0,0,0
118900064,0,0,0
118900065,0,0,0
118900066,0,0,0
118900067,149,18,131
118900068,0,0,0
118900069,9,43,-34
118900071,0,0,0
118900072,0,0,0
118900073,1,9,-8
118900074,0,0,0
118900075,0,0,0
118900076,0,0,0
118900077,0,3,-3
118900078,0,0,0
118900079,0,0,0
118900080,0,0,0
118900081,0,0,0
118900082,0,7,-7
118900083,0,2,-2
118900084,0,0,0
118900085,11,49,-38
118900086,0,0,0
118900087,0,1,-1
118900088,0,0,0
118900089,0,0,0
118900090,11,22,-11
118900091,0,0,0
118900092,1,10,-9
118900093,0,0,0
118900096,10,21,-11
118900097,6,55,-49
118900099,0,21,-21
118900100,0,0,0
118900101,0,30,-30
118900102,1,9,-8
118900103,3,0,3
118900104,0,13,-13
118900105,15,5,10
118900107,7,8,-1
118900108,3,9,-6
118900110,0,0,0
118900111,0,0,0
118900112,0,0,0
118900113,0,0,0
118900114,0,0,0
118900115,0,0,0
118900116,1,42,-41
118900117,3,49,-46
118900118,2,70,-68
118900119,1,27,-26
118900120,1,30,-29
118900121,0,0,0
118900122,0,17,-17
118900123,12,54,-42
118900124,0,0,0
118900126,0,24,-24
118900129,0,11,-11
118900130,0,0,0
118900131,2,49,-47
118900132,0,7,-7
118900133,0,0,0
118900135,10,18,-8
118900136,3,94,-91
118900137,0,0,0
118900139,0,0,0
118900140,15,78,-63
118900141,0,0,0
118900144,8,96,-88
118900145,0,0,0
118900146,1,39,-38
118900147,0,0,0
118900148,0,0,0
118900150,0,0,0
118900152,10,94,-84
118900157,0,0,0
118900158,0,0,0
118900159,0,0,0
118900161,0,0,0
118900163,0,0,0
118900164,0,0,0
118900165,2,22,-20
118900166,15,1,14
118900167,2,9,-7
118900168,0,3,-3
118900169,7,38,-31
118900170,0,7,-7
118900171,0,2,-2
118900174,1,2,-1
118900175,6,27,-21
118900176,0,12,-12
118900177,0,2,-2
118900178,0,7,-7
118900179,2,12,-10
118900181,6,5,1
118900182,2,12,-10
118900183,0,3,-3
118900184,2,1,1
118900185,2,12,-10
118900186,6,40,-34
118900187,0,0,0
118900188,0,0,0
118900189,0,21,-21
118900190,0,0,0
118900191,0,0,0
118900192,0,0,0
118900193,0,0,0
118900195,0,0,0
118900196,1,23,-22
118900197,0,0,0
118900198,0,8,-8
118900199,1,6,-5
118900200,0,0,0
118900201,1,0,1
118900202,1,3,-2
118900203,0,3,-3
118900204,0,1,-1
118900205,0,2,-2
118900206,0,8,-8
119000001,84,57,27
119000002,171,168,3
119000003,64,203,-139
119000004,86,150,-64
119000005,109,189,-80
119000006,143,126,17
119000007,158,306,-148
119000008,239,617,-378
119000009,474,552,-78
119000010,1421,1207,214
119000011,870,383,487
119000012,1060,937,123
119000013,553,371,182
119000014,439,1080,-641
119000019,5,16,-11
119000020,75,147,-72
119000021,217,172,45
119000022,76,137,-61
119000023,3,3,0
119000024,171,283,-112
119000025,1439,269,1170
119000026,4,0,4
119000027,67,82,-15
119000028,233,274,-41
119000029,3,3,0
119000030,78,211,-133
119000031,120,242,-122
119000032,123,302,-179
119000033,400,296,104
119000034,180,294,-114
119000035,2,180,-178
119000036,117,230,-113
119000037,112,414,-302
119000038,56,170,-114
119000039,15,35,-20
119000040,456,44,412
119000041,526,100,426
119000048,1839,659,1180
119000049,129,531,-402
119000050,89,59,30
119000051,68,62,6
119000052,79,71,8
119000053,113,49,64
119000054,122,484,-362
119000055,277,362,-85
119000056,193,311,-118
119000057,63,292,-229
119000058,101,244,-143
119000059,31,34,-3
119000060,45,193,-148
119000061,28,14,14
119000062,155,299,-144
119000063,54,73,-19
119000064,68,85,-17
119000065,26,151,-125
119000066,128,129,-1
119000067,82,105,-23
119000068,127,204,-77
119000069,40,129,-89
119000070,210,219,-9
119000071,0,1,-1
119000072,616,209,407
119000073,305,451,-146
119000074,54,433,-379
119000075,72,655,-583
119000076,2,3,-1
119000077,0,0,0
119000078,0,2,-2
119000079,0,2,-2
119000080,0,2,-2
119000081,0,1,-1
119000082,0,1,-1
119000083,1,0,1
119000084,0,3,-3
119000085,0,3,-3
119000086,0,4,-4
119000087,31,27,4
119000088,2,4,-2
119000089,1,5,-4
119000090,1,1,0
119000091,3,9,-6
119000092,3,4,-1
119000093,634,372,262
119000094,343,577,-234
119000095,80,317,-237
119000097,424,163,261
119000098,117,220,-103
119000099,147,287,-140
119000100,278,311,-33
119000101,380,645,-265
119000102,6,25,-19
119000103,55,1,54
119000104,353,507,-154
119000105,0,0,0
119000106,39,391,-352
119000107,0,0,0
119000108,70,407,-337
119000109,1,2,-1
119000110,31,77,-46
119000111,1,17,-16
119000112,12,8,4
119000113,101,4,97
119000114,0,9,-9
119000115,38,23,15
119000116,0,0,0
119000117,5,20,-15
119000118,0,4,-4
119000123,26,12,14
119000124,0,3,-3
119000125,0,0,0
119000126,0,0,0
119000127,67,245,-178
119000128,20,8,12
119000131,64,301,-237
119000132,15,6,9
119000133,0,0,0
119000134,8,3,5
119000135,0,3,-3
119000136,3,37,-34
119000137,0,0,0
119000138,11,72,-61
119000139,0,0,0
119000140,4,19,-15
119000284,500,1365,-865
119000285,744,1197,-453
119000286,1071,1315,-244
119000287,189,665,-476
119000288,142,351,-209
119000289,309,772,-463
119000290,10,24,-14
119000291,11,152,-141
119000293,59,45,14
119000294,0,0,0
119000295,242,55,187
119000296,1,1,0
119000297,0,0,0
119000302,1211,106,1105
119000303,0,0,0
119000310,0,0,0
119000314,214,174,40
119000315,0,4,-4
119000316,1,27,-26
119000317,0,0,0
119000319,0,1,-1
119900001,1,20,-19
119900002,0,0,0
119900003,0,60,-60
119900004,0,0,0
119900005,0,0,0
119900006,3,18,-15
119900007,0,0,0
119900008,0,0,0
119900009,0,22,-22
119900010,2,60,-58
119900011,0,0,0
119900012,0,0,0
119900013,49,42,7
119900014,1,3,-2
119900015,0,0,0
119900016,0,0,0
119900017,0,0,0
119900018,0,0,0
119900019,0,0,0
119900020,0,0,0
119900021,0,0,0
119900022,0,0,0
119900023,0,0,0
119900025,0,0,0
119900026,0,0,0
119900027,0,0,0
119900028,0,0,0
119900029,0,1,-1
119900030,0,6,-6
119900031,0,0,0
119900033,72,0,72
119900034,0,0,0
119900037,0,1,-1
119900038,0,0,0
119900039,0,0,0
119900040,0,0,0
119900041,0,0,0
119900042,0,0,0
119900043,0,0,0
119900044,0,0,0
119900046,0,1,-1
119900047,0,0,0
119900049,0,0,0
119900050,0,0,0
119900051,0,0,0
119900052,0,0,0
119900053,0,0,0
119900054,0,0,0
119900055,3,14,-11
119900057,0,0,0
119900058,0,0,0
119900059,0,0,0
119900060,0,0,0
119900061,0,0,0
119900062,0,0,0
119900063,0,0,0
119900065,0,0,0
119900067,0,0,0
119900068,0,0,0
119900069,0,0,0
119900070,0,0,0
119900071,0,0,0
119900073,0,0,0
119900074,0,2,-2
119900075,247,60,187
119900076,0,40,-40
119900077,0,99,-99
119900078,0,5,-5
119900079,0,0,0
119900080,0,1,-1
119900081,1,12,-11
119900082,1,8,-7
119900083,0,0,0
119900084,1,10,-9
119900085,4,6,-2
119900086,0,179,-179
119900087,0,5,-5
119900088,1,2,-1
119900089,0,163,-163
119900090,4,6,-2
119900091,1,191,-190
119900092,1,53,-52
119900093,14,2,12
119900094,6,35,-29
119900095,0,0,0
119900096,1,4,-3
119900097,51,23,28
119900098,0,0,0
119900099,1,37,-36
119900100,431,141,290
119900101,25,87,-62
119900102,1,36,-35
119900103,0,43,-43
119900104,0,14,-14
119900105,43,206,-163
119900106,0,16,-16
119900107,13,134,-121
119900108,127,106,21
119900109,0,2,-2
119900110,16,103,-87
119900111,0,0,0
119900112,77,13,64
119900113,0,0,0
119900114,4,175,-171
119900115,0,0,0
119900116,0,0,0
119900117,12,93,-81
119900118,0,0,0
119900119,0,0,0
119900120,36,57,-21
119900121,2,31,-29
119900122,0,0,0
119900123,0,0,0
119900124,0,19,-19
119900125,0,0,0
119900126,235,7,228
119900127,0,0,0
119900128,0,0,0
119900129,0,11,-11
119900130,0,0,0
119900131,0,5,-5
119900132,0,0,0
119900133,0,2,-2
119900134,8,0,8
119900135,0,0,0
119900136,0,0,0
119900138,0,0,0
119900139,0,1,-1
119900140,0,0,0
119900141,0,0,0
119900142,0,0,0
119900143,0,0,0
119900144,0,0,0
119900145,0,0,0
119900146,10,4,6
119900147,0,0,0
119900148,0,0,0
119900149,0,3,-3
119900150,0,0,0
119900151,39,28,11
119900152,0,0,0
119900153,0,0,0
119900154,1,169,-168
119900155,2,3,-1
119900156,0,1,-1
119900157,0,0,0
119900158,0,0,0
119900159,1,186,-185
119900160,0,15,-15
119900161,0,0,0
119900162,0,0,0
119900163,0,3,-3
119900164,0,0,0
119900165,0,0,0
119900166,0,0,0
119900167,0,8,-8
119900168,0,0,0
119900169,0,3,-3
119900170,3,0,3
119900171,0,0,0
119900172,0,0,0
119900173,1,63,-62
119900174,0,0,0
119900175,0,0,0
119900177,1,28,-27
119900178,0,1,-1
119900179,0,1,-1
119900180,0,0,0
119900181,0,0,0
119900182,0,27,-27
119900183,0,83,-83
119900184,4,0,4
119900185,0,0,0
119900186,0,0,0
119900187,0,58,-58
119900188,0,14,-14
119900189,20,4,16
119900190,0,0,0
119900191,0,0,0
119900192,0,14,-14
119900193,0,0,0
119900194,0,0,0
119900195,0,10,-10
119900196,0,0,0
119900197,0,0,0
119900198,0,72,-72
119900199,0,0,0
119900200,0,0,0
119900201,15,14,1
119900202,0,0,0
119900203,0,0,0
119900204,0,0,0
119900205,0,0,0
119900206,0,0,0
119900208,0,0,0
119900209,0,26,-26
119900210,0,0,0
119900211,0,0,0
119900212,0,34,-34
119900213,1,1,0
119900214,0,24,-24
119900215,0,23,-23
119900216,1,24,-23
119900217,0,3,-3
119900218,0,1,-1
119900219,0,0,0
119900220,0,0,0
119900221,0,0,0
119900222,0,0,0
119900223,0,0,0
119900224,0,0,0
119900225,0,0,0
119900226,0,0,0
119900227,199,11,188
119900228,0,0,0
119900229,0,0,0
119900230,0,0,0
119900231,0,0,0
119900232,0,0,0
119900233,0,0,0
119900234,0,0,0
119900235,0,0,0
119900236,0,0,0
119900237,0,0,0
119900238,0,6,-6
119900240,1,22,-21
119900241,0,36,-36
119900242,0,6,-6
119900244,0,0,0
119900245,0,2,-2
119900246,0,0,0
119900247,0,0,0
119900248,0,0,0
119900249,0,0,0
119900253,0,0,0
119900254,0,0,0
119900255,4,101,-97
119900256,0,87,-87
119900257,0,0,0
119900258,0,1,-1
119900259,0,10,-10
119900260,0,0,0
119900261,0,0,0
119900262,0,31,-31
119900263,45,33,12
119900264,0,0,0
119900265,0,0,0
119900266,0,0,0
119900267,0,0,0
119900268,0,0,0
119900269,0,14,-14
119900271,0,0,0
119900272,0,0,0
119900275,0,2,-2
119900276,0,0,0
119900277,0,0,0
119900278,5,0,5
119900279,0,2,-2
119900280,54,25,29
119900281,0,7,-7
119900282,0,0,0
119900283,0,0,0
119900284,2,11,-9
119900285,0,1,-1
119900286,0,0,0
119900288,1,13,-12
119900289,0,6,-6
119900290,1,16,-15
119900291,0,1,-1
119900292,0,0,0
119900293,0,3,-3
119900294,0,3,-3
119900295,0,4,-4
119900296,0,20,-20
119900297,0,8,-8
119900298,0,2,-2
119900299,0,0,0
119900300,0,0,0
119900301,0,0,0
119900302,0,4,-4
119900303,0,14,-14
119900304,1,2,-1
119900305,0,0,0
119900306,0,0,0
119900307,0,0,0
119900308,0,0,0
119900309,0,0,0
119900310,8,7,1
119900311,0,0,0
119900312,0,0,0
119900313,0,0,0
119900314,0,0,0
119900315,0,187,-187
119900318,0,0,0
119900319,0,28,-28
119900320,0,47,-47
119900321,0,0,0
120000001,872,308,564
120000002,352,868,-516
120000003,584,611,-27
120000004,701,826,-125
120000005,3780,893,2887
120000006,350,461,-111
120000007,520,1152,-632
120000008,181,619,-438
120000009,585,332,253
120000010,295,870,-575
120000011,153,637,-484
120000012,320,1016,-696
120000013,243,678,-435
120000014,37,383,-346
120000015,372,569,-197
120000016,276,70,206
120000017,57,66,-9
120000018,501,361,140
120000019,114,115,-1
120000020,383,255,128
120000021,277,301,-24
120000022,1749,389,1360
120000023,153,224,-71
120000024,230,414,-184
120000025,198,445,-247
120000026,56,498,-442
120000027,333,830,-497
120000028,56,224,-168
120000029,211,59,152
120000030,2,40,-38
120000031,222,149,73
120000032,1745,368,1377
120000033,107,262,-155
120000034,56,359,-303
120000035,67,198,-131
120000036,111,313,-202
120000037,2,2,0
120000038,1404,231,1173
120000039,24,87,-63
120000040,3,19,-16
120000041,14,141,-127
120000042,62,635,-573
120000043,115,235,-120
120000044,208,132,76
120000045,195,116,79
120000046,91,148,-57
120000047,100,206,-106
120000048,930,290,640
120000049,265,367,-102
120000050,194,712,-518
120000051,632,640,-8
120000052,1795,197,1598
120000053,68,448,-380
120000054,165,1249,-1084
120000055,114,700,-586
120000056,86,867,-781
120000057,39,166,-127
120000058,12,40,-28
120000059,1,20,-19
120000061,41,196,-155
120000062,13,32,-19
120000063,353,700,-347
120000064,47,418,-371
120000065,24,357,-333
120000066,11,90,-79
120000067,2,79,-77
120000068,9,263,-254
120000069,56,372,-316
120000070,3,150,-147
120000071,8,49,-41
120000072,47,173,-126
120000073,40,27,13
120000074,2,19,-17
120000075,12,48,-36
120000076,66,100,-34
120000077,57,170,-113
120000078,312,148,164
120000079,0,1,-1
120000080,0,0,0
120000081,0,0,0
120000082,0,2,-2
120000083,0,8,-8
120000084,29,58,-29
120000085,43,66,-23
120000086,16,150,-134
120000087,4,305,-301
120000088,15,65,-50
120000089,0,0,0
120000090,0,0,0
120000091,0,0,0
120000092,0,0,0
120000093,0,0,0
120000094,0,0,0
120000095,22,53,-31
120000096,11,113,-102
120000098,25,96,-71
120000099,9,75,-66
120000100,41,100,-59
120000101,20,64,-44
120000102,21,29,-8
120000103,40,47,-7
120000104,43,16,27
120000105,45,19,26
120000106,35,20,15
120000107,53,26,27
120000108,29,1,28
120000109,76,5,71
120000110,24,252,-228
120000111,49,320,-271
120000112,143,874,-731
120000113,71,607,-536
120000114,76,529,-453
120000115,45,572,-527
120000116,109,540,-431
120000117,281,508,-227
120000118,0,0,0
120000119,0,0,0
120000120,0,0,0
120000121,0,0,0
120000122,0,0,0
120000123,71,63,8
120000124,10,14,-4
120000125,24,75,-51
120000126,12,31,-19
120000127,36,42,-6
120000128,133,120,13
120000129,3,4,-1
120000130,0,0,0
120000131,43,39,4
120000134,0,0,0
120000135,3,18,-15
120000137,0,0,0
120000138,3,25,-22
120000139,1,0,1
120000140,5,26,-21
120000141,0,1,-1
120000142,4,17,-13
120000143,0,0,0
120000144,1,0,1
120000145,0,0,0
120000146,216,72,144
120000149,33,78,-45
120000150,39,75,-36
120000151,2,6,-4
120000152,0,0,0
120000153,15,185,-170
120000154,73,310,-237
120000155,0,0,0
120000156,0,2,-2
120000157,0,3,-3
120000158,90,317,-227
120000159,371,1733,-1362
120000160,504,165,339
120000161,97,391,-294
120000162,5,22,-17
120000163,22,413,-391
120000164,48,132,-84
120000165,21,230,-209
120000166,18,159,-141
120000167,0,6,-6
120000168,1,3,-2
120000169,74,13,61
120000170,89,8,81
120000171,38,8,30
120000172,3,3,0
120000173,139,2,137
120000174,37,4,33
120000175,34,0,34
120000176,7,33,-26
120000177,98,193,-95
120000178,11,0,11
120000179,22,5,17
120000180,33,13,20
120000181,9,12,-3
120000182,9,3,6
120000183,0,37,-37
120000184,8,659,-651
120000186,0,3,-3
120000187,0,2,-2
120000188,2,4,-2
120000190,0,0,0
120000191,0,0,0
120000192,0,0,0
120000193,0,0,0
120000195,0,0,0
120000196,0,0,0
120000197,0,0,0
120000198,0,3,-3
120000199,0,0,0
120000200,0,0,0
120000201,0,0,0
120000202,0,12,-12
120000203,0,59,-59
120000207,0,0,0
120000208,0,0,0
120000209,0,0,0
120000210,0,0,0
120000211,0,0,0
120000212,0,0,0
120000213,0,0,0
120000214,0,0,0
120000215,0,0,0
120000216,0,0,0
120000217,36,94,-58
120000218,20,159,-139
120000219,3,83,-80
120000220,1,267,-266
120000225,0,0,0
120000226,0,0,0
120000227,0,0,0
120000228,657,151,506
120000230,0,0,0
120000231,0,0,0
120000233,2,4,-2
120000235,45,194,-149
120000236,0,0,0
120000237,1,289,-288
120000238,0,19,-19
120000241,4,6,-2
120000412,0,0,0
120000413,0,0,0
120000414,0,0,0
120000415,0,0,0
120000416,0,0,0
120000417,0,0,0
120000418,0,0,0
120000419,0,0,0
120000420,0,0,0
120000421,2417,3054,-637
120000422,33,26,7
120000423,0,16,-16
120000424,0,13,-13
120000436,17,13,4
120000437,37,30,7
120000438,287,69,218
120000439,11,62,-51
120000443,0,0,0
120000444,11,99,-88
120000445,40,45,-5
120000446,57,8,49
120000447,0,0,0
120000449,0,0,0
120000450,0,0,0
120000451,3,15,-12
120000452,0,0,0
120000453,1,253,-252
120000454,0,0,0
120000455,8,10,-2
120000456,306,363,-57
120000457,103,47,56
120000458,105,158,-53
120000459,0,0,0
120000665,35,6,29
120000668,4,39,-35
120000669,0,0,0
120000670,4,18,-14
120000671,77,73,4
120000672,20,151,-131
120900001,0,0,0
120900002,0,0,0
120900003,0,0,0
120900004,0,0,0
120900005,0,0,0
120900006,0,0,0
120900007,2,5,-3
120900008,0,0,0
120900009,0,0,0
120900010,2,0,2
120900011,0,0,0
120900012,21,7,14
120900013,0,0,0
120900014,0,0,0
120900015,0,0,0
120900016,0,0,0
120900017,190,10,180
120900018,0,0,0
120900019,3,0,3
120900020,2,3,-1
120900021,0,0,0
120900022,0,0,0
120900023,0,0,0
120900024,27,38,-11
120900025,3,1,2
120900026,0,0,0
120900027,0,0,0
120900028,3,0,3
120900029,0,0,0
120900030,0,0,0
120900031,0,0,0
120900032,0,0,0
120900033,0,0,0
120900034,0,0,0
120900035,0,0,0
120900037,0,0,0
120900038,0,0,0
120900039,0,0,0
120900040,0,0,0
120900041,0,0,0
120900042,0,0,0
120900043,0,0,0
120900044,0,0,0
120900045,0,0,0
120900046,0,0,0
120900047,0,0,0
120900048,0,0,0
120900049,0,0,0
120900050,0,0,0
120900051,0,0,0
120900052,0,0,0
120900053,0,0,0
120900054,0,0,0
120900055,0,0,0
120900056,0,0,0
120900057,0,0,0
120900058,0,0,0
120900059,0,0,0
120900060,0,0,0
120900061,0,0,0
120900062,0,0,0
120900063,0,0,0
120900064,0,0,0
120900065,0,0,0
120900066,1,48,-47
120900067,0,0,0
120900068,0,0,0
120900069,0,0,0
120900071,0,3,-3
120900072,0,0,0
120900073,0,0,0
120900074,0,0,0
120900076,0,0,0
120900077,0,0,0
120900078,2,97,-95
120900079,0,0,0
120900080,0,159,-159
120900081,0,0,0
120900082,0,9,-9
120900083,0,2,-2
120900084,0,0,0
120900085,0,0,0
120900086,9,3,6
120900087,0,0,0
120900088,0,0,0
120900089,194,43,151
120900090,0,3,-3
120900091,0,0,0
120900092,16,17,-1
120900093,0,0,0
120900094,44,19,25
120900095,0,0,0
120900096,1,0,1
120900097,35,76,-41
120900098,0,0,0
120900099,1,6,-5
120900100,0,3,-3
120900101,0,0,0
120900102,0,0,0
120900103,2,0,2
120900104,2,1,1
120900105,0,0,0
120900106,136,57,79
120900107,39,16,23
120900108,0,0,0
120900109,4,71,-67
120900110,0,0,0
120900111,0,20,-20
120900112,0,0,0
120900113,2,106,-104
120900114,1,30,-29
120900115,22,29,-7
120900116,0,35,-35
120900117,0,0,0
120900118,0,121,-121
120900119,0,0,0
120900120,1,97,-96
120900121,18,50,-32
120900122,0,51,-51
120900123,0,0,0
120900124,1,105,-104
120900125,0,77,-77
120900126,84,69,15
120900127,0,2,-2
120900128,106,118,-12
120900129,2,48,-46
120900130,0,73,-73
120900131,0,0,0
120900132,0,0,0
120900133,19,148,-129
120900134,25,37,-12
120900135,1,89,-88
120900136,0,0,0
120900137,0,1,-1
120900138,0,21,-21
120900139,0,128,-128
120900140,0,0,0
120900141,0,3,-3
120900142,1,103,-102
120900143,0,162,-162
120900144,0,35,-35
120900145,2,136,-134
120900146,0,95,-95
120900147,0,3,-3
120900148,0,4,-4
120900149,0,54,-54
120900150,0,71,-71
120900151,1,64,-63
120900152,0,1,-1
120900153,0,0,0
120900154,1,36,-35
120900155,6,184,-178
120900156,0,86,-86
120900157,0,2,-2
120900158,2,91,-89
120900159,1,25,-24
120900160,14,58,-44
120900161,0,55,-55
120900162,0,85,-85
120900163,0,0,0
120900164,0,0,0
120900165,0,0,0
120900166,0,3,-3
120900167,0,1,-1
120900169,1,50,-49
120900170,47,23,24
120900171,60,4,56
120900172,0,0,0
120900173,0,11,-11
120900174,0,9,-9
120900175,0,0,0
120900176,0,3,-3
120900177,0,6,-6
120900178,0,2,-2
120900179,38,24,14
120900180,0,0,0
120900181,0,0,0
120900182,0,0,0
120900183,0,0,0
120900184,0,0,0
120900185,0,7,-7
120900186,0,91,-91
120900187,0,9,-9
120900188,0,0,0
120900189,0,0,0
120900190,0,0,0
120900191,0,0,0
120900192,314,35,279
120900194,0,0,0
120900195,7,21,-14
120900196,0,0,0
120900197,0,0,0
120900198,19,74,-55
120900199,0,0,0
120900200,0,0,0
120900201,66,12,54
120900202,1,25,-24
120900203,0,0,0
120900204,97,54,43
120900205,0,0,0
120900206,0,0,0
120900207,3,84,-81
121000001,230,406,-176
121000002,227,156,71
121000003,1643,703,940
121000004,479,251,228
121000005,817,751,66
121000006,891,389,502
121000007,1053,1172,-119
121000008,1024,417,607
121000009,2785,1770,1015
121000010,2829,570,2259
121000011,5523,1808,3715
121000012,4730,888,3842
121000013,2861,1979,882
121000014,2915,1488,1427
121000015,1412,2257,-845
121000016,2993,1815,1178
121000017,249,585,-336
121000018,633,342,291
121000019,3662,1504,2158
121000020,3234,1305,1929
121000021,581,842,-261
121000022,511,513,-2
121000023,902,814,88
121000024,655,1106,-451
121000025,170,52,118
121000026,60,30,30
121000027,898,149,749
121000028,106,95,11
121000029,6,58,-52
121000030,39,40,-1
121000031,55,74,-19
121000032,31,36,-5
121000034,0,0,0
121000035,8,27,-19
121000036,33,71,-38
121000037,147,111,36
121000038,140,172,-32
121000039,20,33,-13
121000041,20,21,-1
121000042,1,1,0
121000043,30,17,13
121000044,100,101,-1
121000045,5,27,-22
121000046,5,82,-77
121000047,2,28,-26
121000049,333,182,151
121000050,90,572,-482
121000051,33,45,-12
121000052,32,139,-107
121000053,0,0,0
121000054,11,82,-71
121000055,360,208,152
121000056,206,241,-35
121000057,36,49,-13
121000058,120,89,31
121000059,89,111,-22
121000060,89,93,-4
121000061,0,34,-34
121000062,32,9,23
121000063,159,197,-38
121000064,35,38,-3
121000065,18,41,-23
121000066,68,42,26
121000067,155,39,116
121000068,1,0,1
121000069,0,0,0
121000070,184,150,34
121000071,125,178,-53
121000072,92,115,-23
121000073,160,165,-5
121000074,24,46,-22
121000075,4,20,-16
121000076,64,18,46
121000077,0,0,0
121000078,39,60,-21
121000080,414,150,264
121000081,223,296,-73
121000082,83,116,-33
121000083,0,0,0
121000084,39,65,-26
121000085,254,161,93
121000086,2,3,-1
121000087,0,0,0
121000088,103,217,-114
121000089,0,1,-1
121000090,76,241,-165
121000091,662,595,67
121000092,82,32,50
121000093,25,45,-20
121000094,116,78,38
121000095,0,0,0
121000096,1708,831,877
121000097,373,390,-17
121000098,86,186,-100
121000099,113,166,-53
121000100,53,190,-137
121000101,0,1,-1
121000102,3,104,-101
121000103,0,1,-1
121000104,9,59,-50
121000105,22,90,-68
121000106,0,2,-2
121000107,976,1015,-39
121000109,590,705,-115
121000110,46,71,-25
121000114,932,968,-36
121000115,234,318,-84
121000116,151,249,-98
121000117,38,1,37
121000118,79,5,74
121000119,21,14,7
121000120,0,0,0
121000121,0,1,-1
121000123,0,1,-1
121000127,3,15,-12
121000128,48,188,-140
121000129,32,158,-126
121000130,117,149,-32
121000131,206,192,14
121000132,234,146,88
121000135,25,11,14
121000136,107,28,79
121000137,76,3,73
121000138,55,34,21
121000139,99,52,47
121000141,24,32,-8
121000142,178,59,119
121000143,0,0,0
121000144,30,53,-23
121000145,35,121,-86
121000146,60,69,-9
121000147,76,81,-5
121000148,42,116,-74
121000149,310,231,79
121000152,87,70,17
121000153,249,94,155
121000154,218,20,198
121000155,207,162,45
121000156,105,163,-58
121000157,210,54,156
121000158,43,71,-28
121000159,7,75,-68
121000160,14,70,-56
121000161,0,0,0
121000162,0,0,0
121000165,6,3,3
121000166,6,26,-20
121000168,39,59,-20
121000169,6,72,-66
121000170,82,25,57
121000171,28,64,-36
121000172,128,124,4
121000173,264,170,94
121000174,42,193,-151
121000175,49,73,-24
121000176,255,77,178
121000177,58,60,-2
121000178,33,5,28
121000179,3,12,-9
121000181,65,104,-39
121000182,100,32,68
121000183,16,8,8
121000184,3,4,-1
121000185,0,0,0
121000186,16,43,-27
121000187,0,0,0
121000188,0,0,0
121000192,58,39,19
121000193,45,108,-63
121000194,1085,644,441
121000195,61,249,-188
121000196,1,1,0
121000197,28,91,-63
121000198,5,29,-24
121000199,16,208,-192
121000200,41,22,19
121000201,0,34,-34
121000202,17,1,16
121000203,4,92,-88
121000204,43,5,38
121000205,21,175,-154
121000206,23,30,-7
121000207,81,70,11
121000208,1,72,-71
121000209,19,241,-222
121000210,55,125,-70
121000211,8,35,-27
121000212,67,159,-92
121000213,96,166,-70
121000214,77,126,-49
121000215,174,157,17
121000216,24,105,-81
121000217,524,172,352
121000218,102,490,-388
121000219,137,52,85
121000220,127,89,38
121000221,27,15,12
121000222,573,814,-241
121000223,24,106,-82
121000224,0,0,0
121000225,126,119,7
121000226,73,78,-5
121000227,0,57,-57
121000228,7,447,-440
121000229,5,190,-185
121000230,32,980,-948
121000231,0,0,0
121000232,0,0,0
121000233,9,13,-4
121000234,0,0,0
121000235,0,0,0
121000236,0,0,0
121000237,0,0,0
121000238,0,0,0
121000239,0,1,-1
121000240,0,0,0
121000241,4,1,3
121000242,0,0,0
121000243,2,0,2
121000244,0,0,0
121000245,0,0,0
121000246,0,0,0
121000247,2,0,2
121000248,3,2,1
121000249,17,40,-23
121000250,17,6,11
121000251,8,156,-148
121000252,4,3,1
121000253,48,320,-272
121000254,102,37,65
121000255,19,40,-21
121000256,14,10,4
121000257,7,17,-10
121000258,6,7,-1
121000259,8,11,-3
121000260,13,50,-37
121000261,3,4,-1
121000262,291,134,157
121000263,124,151,-27
121000271,60,249,-189
121000273,5,8,-3
121000274,0,1,-1
121000275,0,18,-18
121000276,1,0,1
121000278,0,0,0
121000279,2,4,-2
121000280,0,1,-1
121000289,3,0,3
121000290,196,234,-38
121000294,3,27,-24
121000297,71,84,-13
121000299,1,108,-107
121000300,133,80,53
121000302,27,83,-56
121000303,104,52,52
121000304,0,0,0
121000305,0,0,0
121000306,0,0,0
121000308,55,73,-18
121000309,258,124,134
121000310,11,100,-89
121000311,34,343,-309
121000312,0,0,0
121000313,68,150,-82
121000314,62,43,19
121000315,41,22,19
121000530,83,155,-72
121000531,94,186,-92
121000532,860,285,575
121000533,680,281,399
121000918,1,69,-68
121000919,0,0,0
121000938,31,28,3
121000939,14,7,7
121000956,83,217,-134
121000957,3,74,-71
121000958,4,72,-68
121000959,44,307,-263
121000960,92,421,-329
121000961,12,0,12
121000962,0,0,0
121000963,0,0,0
121000973,1,71,-70
121000976,0,0,0
121000979,0,0,0
121000981,23,0,23
121000982,0,0,0
121000983,11,126,-115
121000984,0,6,-6
121000985,44,57,-13
121000986,1,10,-9
121000987,30,562,-532
121000988,84,10,74
121001302,98,57,41
121001308,1,4,-3
121001309,4,2,2
121001311,0,0,0
121001313,6,137,-131
121001314,2708,1952,756
121001315,1143,594,549
121001326,9,11,-2
121900001,0,0,0
121900002,0,5,-5
121900003,0,0,0
121900004,0,0,0
121900005,0,0,0
121900006,0,0,0
121900007,0,0,0
121900008,0,0,0
121900009,0,0,0
121900010,0,0,0
121900011,0,0,0
121900012,0,0,0
121900013,0,0,0
121900014,0,0,0
121900015,0,0,0
121900016,0,0,0
121900017,0,0,0
121900018,0,0,0
121900019,0,0,0
121900020,0,0,0
121900021,0,0,0
121900022,0,0,0
121900023,0,0,0
121900024,0,0,0
121900025,0,0,0
121900026,0,0,0
121900027,0,0,0
121900028,0,0,0
121900029,0,0,0
121900030,0,0,0
121900031,0,0,0
121900032,0,0,0
121900033,0,0,0
121900034,0,0,0
121900035,0,0,0
121900036,0,0,0
121900037,0,0,0
121900038,0,0,0
121900039,0,0,0
121900040,0,0,0
121900041,0,0,0
121900042,0,0,0
121900043,0,0,0
121900044,0,0,0
121900046,0,0,0
121900047,0,0,0
121900048,0,0,0
121900050,0,0,0
121900051,0,0,0
121900052,0,0,0
121900053,26,45,-19
121900054,0,0,0
121900055,0,0,0
121900058,0,0,0
121900059,0,0,0
121900060,0,0,0
121900062,0,0,0
121900063,0,0,0
121900064,0,0,0
121900066,0,0,0
121900067,0,0,0
121900069,0,0,0
121900070,0,0,0
121900071,0,0,0
121900072,0,0,0
121900073,0,0,0
121900074,0,0,0
121900075,0,0,0
121900076,0,0,0
121900078,0,0,0
121900079,0,0,0
121900080,0,0,0
121900082,0,0,0
121900084,0,0,0
121900086,0,0,0
121900087,0,0,0
121900088,0,0,0
121900089,0,0,0
121900090,0,0,0
121900091,0,0,0
121900092,0,0,0
121900093,0,0,0
121900094,0,0,0
121900095,0,0,0
121900096,0,0,0
121900097,0,0,0
121900098,0,0,0
121900099,0,0,0
121900100,0,0,0
121900101,0,0,0
121900102,0,0,0
121900103,0,0,0
121900104,0,0,0
121900105,0,0,0
121900106,0,0,0
121900107,0,0,0
121900108,0,0,0
121900109,0,0,0
121900110,0,0,0
121900111,0,0,0
121900112,0,0,0
121900113,0,0,0
121900114,0,0,0
121900117,0,0,0
121900118,0,0,0
121900119,0,0,0
121900120,0,0,0
121900121,0,0,0
121900122,0,0,0
121900123,0,0,0
121900124,0,0,0
121900125,0,0,0
121900127,0,0,0
121900128,0,0,0
121900129,0,0,0
121900130,0,0,0
121900131,0,0,0
121900132,0,0,0
121900133,0,0,0
121900134,0,0,0
121900135,0,0,0
121900136,0,0,0
121900137,0,0,0
121900138,0,0,0
121900139,0,0,0
121900140,0,0,0
121900141,0,0,0
121900142,0,0,0
121900143,0,0,0
121900144,0,0,0
121900145,0,0,0
121900146,0,0,0
121900147,0,0,0
121900148,0,0,0
121900149,0,0,0
121900150,0,0,0
121900151,0,0,0
121900152,0,0,0
121900153,0,0,0
121900154,0,0,0
121900155,0,0,0
121900156,1,0,1
121900157,0,0,0
121900158,0,1,-1
121900159,0,0,0
121900160,0,0,0
121900161,0,0,0
121900162,1,2,-1
121900163,0,0,0
121900164,0,0,0
121900165,0,0,0
121900166,0,0,0
121900167,0,0,0
121900168,0,0,0
121900169,1,45,-44
121900170,0,0,0
121900171,0,0,0
121900172,0,0,0
121900173,0,0,0
121900174,0,0,0
121900175,0,0,0
121900176,3,71,-68
121900177,0,1,-1
121900178,0,0,0
121900179,0,0,0
121900180,11,2,9
121900182,0,0,0
121900183,0,0,0
121900184,0,0,0
121900186,0,0,0
121900187,0,1,-1
121900188,0,0,0
121900189,0,0,0
121900190,0,0,0
121900191,0,0,0
121900192,0,0,0
121900193,0,0,0
121900194,0,0,0
121900195,0,0,0
121900196,0,0,0
121900197,6,35,-29
121900198,0,0,0
121900199,0,0,0
121900200,0,0,0
121900201,0,0,0
121900202,0,5,-5
121900203,0,0,0
121900204,0,0,0
121900205,0,0,0
121900206,0,0,0
121900207,0,0,0
121900208,0,0,0
121900209,0,0,0
121900210,0,0,0
121900211,0,0,0
121900212,0,0,0
121900213,0,0,0
121900214,0,0,0
121900215,0,0,0
121900216,0,0,0
121900217,0,0,0
121900218,0,0,0
121900220,0,0,0
121900221,0,0,0
121900222,0,0,0
121900223,0,0,0
121900224,0,0,0
121900225,0,0,0
121900226,0,0,0
121900227,0,0,0
121900228,0,0,0
121900230,0,0,0
121900231,0,0,0
121900232,0,0,0
121900233,0,0,0
121900234,0,0,0
121900235,0,0,0
121900236,0,0,0
121900237,0,0,0
121900238,0,0,0
121900239,0,0,0
121900240,0,0,0
121900241,0,0,0
121900242,0,0,0
121900243,0,0,0
121900244,0,0,0
121900245,0,0,0
121900246,0,0,0
121900248,0,0,0
121900250,0,0,0
121900251,0,0,0
121900252,0,0,0
121900253,2,25,-23
121900254,0,0,0
121900255,0,0,0
121900258,0,0,0
121900259,0,0,0
121900260,0,0,0
121900261,0,0,0
121900262,0,0,0
121900263,0,0,0
121900264,0,0,0
121900265,0,0,0
121900266,0,0,0
121900267,0,0,0
121900269,0,0,0
121900270,0,0,0
121900271,0,0,0
121900273,0,0,0
121900274,0,0,0
121900277,0,0,0
121900278,0,0,0
121900279,0,0,0
121900280,0,0,0
121900281,0,0,0
121900284,0,0,0
121900286,1,7,-6
121900287,0,0,0
121900288,0,0,0
121900290,0,0,0
121900291,9,19,-10
121900292,0,0,0
121900293,18,142,-124
121900294,0,0,0
121900295,0,0,0
121900296,0,0,0
121900298,0,0,0
121900299,0,0,0
121900300,0,0,0
121900301,0,0,0
121900302,0,0,0
121900303,0,0,0
121900304,0,0,0
121900305,0,0,0
121900306,0,0,0
121900307,0,0,0
121900308,1,12,-11
121900309,0,20,-20
121900310,0,33,-33
121900311,0,0,0
121900312,0,0,0
121900313,0,0,0
121900314,0,0,0
121900315,0,0,0
121900316,0,0,0
121900317,0,0,0
121900318,0,0,0
121900319,0,0,0
121900320,0,0,0
121900321,0,0,0
121900322,0,0,0
121900323,0,0,0
121900324,0,0,0
121900325,0,0,0
121900326,0,0,0
121900327,0,0,0
121900328,0,0,0
121900329,0,0,0
121900330,0,0,0
121900331,0,0,0
121900332,0,0,0
121900333,0,0,0
121900334,0,0,0
122000001,540,673,-133
122000002,705,244,461
122000003,438,357,81
122000004,524,221,303
122000005,110,156,-46
122000006,117,87,30
122000007,141,115,26
122000008,768,437,331
122000009,121,28,93
122000010,339,186,153
122000011,291,103,188
122000012,125,172,-47
122000013,150,158,-8
122000014,143,112,31
122000015,119,41,78
122000016,132,118,14
122000017,270,180,90
122000018,263,245,18
122000019,116,211,-95
122000020,17,18,-1
122000021,114,44,70
122000022,191,29,162
122000023,94,22,72
122000024,78,81,-3
122000025,86,141,-55
122000026,51,44,7
122000027,193,316,-123
122000028,0,0,0
122000029,0,1,-1
122000030,113,46,67
122000031,0,0,0
122000032,31,22,9
122000033,15,35,-20
122000034,241,208,33
122000035,203,155,48
122000036,38,226,-188
122000037,111,31,80
122000038,72,47,25
122000039,172,89,83
122000040,102,84,18
122000041,0,0,0
122000042,1,1,0
122000043,0,0,0
122000044,0,0,0
122000045,13,9,4
122000046,5,10,-5
122000047,101,31,70
122000048,572,316,256
122000049,793,681,112
122000050,137,200,-63
122000051,0,0,0
122000052,8,8,0
122000053,17,125,-108
122000054,375,249,126
122000055,380,493,-113
122000056,676,638,38
122000057,1064,803,261
122000058,575,599,-24
122000059,761,572,189
122000060,238,131,107
122000061,108,32,76
122000062,260,82,178
122000063,72,85,-13
122000064,714,756,-42
122000065,933,694,239
122000066,289,192,97
122000067,153,310,-157
122000068,189,111,78
122000069,636,169,467
122000070,16,20,-4
122000071,44,26,18
122000072,160,55,105
122000073,82,99,-17
122000074,12,3,9
122000075,13,8,5
122000076,90,92,-2
122000077,183,217,-34
122000078,282,586,-304
122000079,162,196,-34
122000080,50,65,-15
122000081,8,17,-9
122000082,1,0,1
122000083,176,222,-46
122000084,146,155,-9
122000085,131,123,8
122000086,329,362,-33
122000087,7,8,-1
122000088,48,88,-40
122000089,570,284,286
122000090,23,20,3
122000091,35,8,27
122000092,7,1,6
122000093,155,592,-437
122000094,1015,190,825
122000095,604,286,318
122000096,135,27,108
122000098,1064,612,452
122000099,58,135,-77
122000100,68,49,19
122000101,1,46,-45
122000102,482,189,293
122000103,147,161,-14
122000104,18,21,-3
122000105,7,23,-16
122000106,45,55,-10
122000107,18,15,3
122000108,99,162,-63
122000109,4,12,-8
122000110,106,124,-18
122000111,282,62,220
122000112,17,36,-19
122000113,31,52,-21
122000114,572,868,-296
122000115,845,352,493
122000116,193,46,147
122000117,100,10,90
122000118,32,25,7
122000119,452,377,75
122000120,384,557,-173
122000121,606,317,289
122000122,118,242,-124
122000123,295,70,225
122000124,97,49,48
122000125,624,165,459
122000126,67,127,-60
122000127,207,324,-117
122000128,63,167,-104
122000129,18,5,13
122000130,49,16,33
122000131,36,11,25
122000132,282,62,220
122000133,73,368,-295
122000134,117,90,27
122000135,88,363,-275
122000136,4,10,-6
122000137,22,24,-2
122000139,347,291,56
122000140,342,67,275
122000141,654,103,551
122000142,43,183,-140
122000143,61,16,45
122000144,52,20,32
122000145,61,70,-9
122000146,0,1,-1
122000147,15,5,10
122000148,1032,430,602
122000149,229,80,149
122000150,57,35,22
122000151,84,89,-5
122000152,42,40,2
122000153,0,0,0
122000154,0,0,0
122000155,137,78,59
122000156,1570,970,600
122000157,678,574,104
122000158,28,61,-33
122000159,48,45,3
122000160,206,43,163
122000161,64,18,46
122000162,90,44,46
122000163,0,0,0
122000164,0,0,0
122000165,39,76,-37
122000166,10,8,2
122000167,131,79,52
122000168,1,7,-6
122000169,92,61,31
122000170,58,98,-40
122000171,24,59,-35
122000172,138,298,-160
122000173,117,340,-223
122000174,457,335,122
122000175,283,97,186
122000176,2,0,2
122000177,391,645,-254
122000178,37,2,35
122000179,163,192,-29
122000180,296,656,-360
122000181,711,1461,-750
122000182,156,19,137
122000183,241,16,225
122000184,4173,705,3468
122000185,1076,582,494
122000186,73,106,-33
122000187,16,112,-96
122000188,87,73,14
122000189,0,0,0
122000190,4,183,-179
122000191,53,11,42
122000192,89,9,80
122000193,1,9,-8
122000194,52,25,27
122000195,0,0,0
122000196,22,39,-17
122000197,17,14,3
122000198,75,80,-5
122000199,27,18,9
122000200,51,23,28
122000201,902,1002,-100
122000202,590,553,37
122000203,385,359,26
122000204,142,393,-251
122000205,110,215,-105
122000206,96,30,66
122000207,28,56,-28
122000208,26,103,-77
122000209,6,2,4
122000210,193,535,-342
122000211,167,319,-152
122000212,85,68,17
122000213,145,162,-17
122000214,155,253,-98
122000215,244,226,18
122000217,389,522,-133
122000218,0,0,0
122000219,438,391,47
122000220,77,238,-161
122000221,30,33,-3
122000222,77,6,71
122000223,118,137,-19
122000225,176,41,135
122000226,107,573,-466
122000227,40,342,-302
122000228,45,185,-140
122000229,7,141,-134
122000230,2,140,-138
122000231,15,143,-128
122000232,9,149,-140
122000233,0,0,0
122000234,6,6,0
122000235,28,1,27
122000236,24,4,20
122000237,7,3,4
122000238,9,2,7
122000239,2,23,-21
122000240,8,1,7
122000241,3,0,3
122000242,7,0,7
122000243,1,1,0
122000244,3,105,-102
122000245,33,80,-47
122000246,10,10,0
122000247,73,261,-188
122000248,222,433,-211
122000249,30,24,6
122000250,49,15,34
122000251,64,93,-29
122000252,56,3,53
122000253,7,112,-105
122000254,9,2,7
122000255,22,38,-16
122000256,130,865,-735
122000257,38,163,-125
122000258,45,30,15
122000259,1,201,-200
122000260,9,75,-66
122000261,0,2,-2
122000262,0,29,-29
122000263,8,40,-32
122000264,0,0,0
122000265,2,0,2
122000266,0,0,0
122000267,0,0,0
122000268,0,0,0
122000269,0,0,0
122000270,0,0,0
122000271,0,0,0
122000272,0,0,0
122000273,8,5,3
122000274,1,3,-2
122000275,3,2,1
122000276,33,56,-23
122000277,115,187,-72
122000278,63,48,15
122000279,33,217,-184
122000280,169,285,-116
122000281,102,288,-186
122000282,12,23,-11
122000283,105,21,84
122000284,42,37,5
122000285,90,116,-26
122000286,39,111,-72
122000287,9,3,6
122000288,11,7,4
122000291,117,51,66
122000293,18,15,3
122000294,0,1,-1
122000295,16,4,12
122000296,6,71,-65
122000297,279,129,150
122000299,21,36,-15
122000300,115,245,-130
122000301,891,265,626
122000302,64,30,34
122000303,1009,421,588
122000304,2,37,-35
122000305,144,73,71
122000306,9,246,-237
122000307,41,50,-9
122000309,7,78,-71
122000310,3,6,-3
122000311,5,16,-11
122000312,8,2,6
122000313,2,3,-1
122000314,9,18,-9
122000315,5,0,5
122000316,12,9,3
122000317,33,2,31
122000318,3,6,-3
122000319,36,74,-38
122000320,40,369,-329
122000321,13,124,-111
122000322,517,95,422
122000323,212,141,71
122000324,135,171,-36
122000325,23,118,-95
122000326,0,0,0
122000327,18,57,-39
122000328,134,175,-41
122000330,162,31,131
122000333,1,80,-79
122000337,84,794,-710
122000338,47,168,-121
122000340,47,37,10
122000342,164,228,-64
122000343,21,292,-271
122000344,0,0,0
122000345,6,0,6
122000346,16,13,3
122000348,36,58,-22
122000349,2,143,-141
122000351,1,5,-4
122000352,38,11,27
122000353,2,38,-36
122000355,0,0,0
122000356,978,368,610
122000357,0,0,0
122000358,0,0,0
122000359,0,0,0
122000360,0,0,0
122000362,5,31,-26
122000364,7,70,-63
122000365,0,0,0
122000366,0,0,0
122000368,87,95,-8
122000370,0,23,-23
122000371,0,0,0
122000372,0,0,0
122000381,7,65,-58
122000382,4,41,-37
122000384,353,221,132
122000385,0,0,0
122000386,3,55,-52
122000387,46,38,8
122000388,43,13,30
122000389,94,156,-62
122000390,10,29,-19
122000391,0,0,0
122000392,6,22,-16
122000393,2,12,-10
122000394,10,23,-13
122000395,4,14,-10
122000396,10,16,-6
122000397,2,23,-21
122000398,0,0,0
122000399,2,1,1
122000400,0,0,0
122000401,10,26,-16
122000402,0,0,0
122000403,74,568,-494
122000404,20,28,-8
122000408,279,288,-9
122000503,0,0,0
122000524,0,0,0
122000544,0,0,0
122000614,54,20,34
122000616,378,5,373
122000640,0,1,-1
122000641,1,7,-6
122000642,1,11,-10
122000643,0,1,-1
122000644,13,44,-31
122000645,68,145,-77
122000651,122,193,-71
122000664,21,10,11
122000665,251,167,84
122000666,47,102,-55
122000673,12,130,-118
122000674,73,11,62
122000675,147,273,-126
122000686,6,3,3
122000687,36,156,-120
122000688,0,3,-3
122000689,82,271,-189
122000690,87,369,-282
122000691,0,6,-6
122000692,107,120,-13
122000693,1,6,-5
122000695,36,144,-108
122000696,2,9,-7
122000698,12,325,-313
122000699,29,5,24
122000701,93,112,-19
122000702,2,5,-3
122000703,0,0,0
122000712,0,0,0
122000717,90,17,73
122000718,39,11,28
122000719,0,0,0
122000720,3,4,-1
122000724,54,11,43
122900001,0,0,0
122900002,0,0,0
122900003,0,0,0
122900004,0,0,0
122900005,0,0,0
122900006,0,0,0
122900007,0,0,0
122900008,0,0,0
122900009,0,0,0
122900010,0,0,0
122900012,0,0,0
122900014,0,0,0
122900015,0,0,0
122900016,0,0,0
122900017,0,0,0
122900018,0,0,0
122900020,0,0,0
122900021,1,0,1
122900022,5,52,-47
122900023,6,11,-5
122900024,3,6,-3
122900025,0,0,0
122900026,0,0,0
122900027,1,38,-37
122900028,0,0,0
122900029,0,0,0
122900030,124,6,118
122900031,0,0,0
122900032,2,10,-8
122900033,0,0,0
122900034,0,0,0
122900035,0,0,0
122900036,0,0,0
122900037,0,0,0
122900038,0,21,-21
122900039,0,0,0
122900040,0,0,0
122900041,0,0,0
122900042,0,0,0
122900043,0,0,0
122900044,0,0,0
122900045,0,0,0
122900046,0,0,0
122900047,0,0,0
122900048,0,0,0
122900049,0,0,0
122900051,0,0,0
122900052,0,4,-4
122900053,0,0,0
122900055,0,0,0
122900057,0,0,0
122900061,0,0,0
122900062,8,12,-4
122900063,0,0,0
122900064,0,0,0
122900065,5,6,-1
122900066,5,12,-7
122900067,0,0,0
122900069,2,6,-4
122900070,0,1,-1
122900071,1,7,-6
122900073,0,0,0
122900074,0,0,0
122900075,0,12,-12
122900076,0,6,-6
122900077,0,38,-38
122900078,0,33,-33
122900080,0,0,0
122900081,0,0,0
122900082,0,0,0
122900083,0,0,0
122900084,0,0,0
122900086,0,0,0
122900087,0,0,0
122900088,0,0,0
122900089,0,0,0
122900090,0,37,-37
122900091,0,0,0
122900092,0,0,0
122900093,0,0,0
122900094,0,0,0
122900095,0,0,0
122900096,0,0,0
122900097,0,0,0
122900098,0,0,0
122900099,0,0,0
122900100,0,0,0
122900101,0,0,0
122900102,0,0,0
122900103,0,0,0
122900104,0,0,0
122900105,0,0,0
122900106,0,0,0
122900107,0,0,0
122900108,0,0,0
122900109,1,9,-8
123000001,449,185,264
123000002,1616,617,999
123000003,896,637,259
123000004,1274,1650,-376
123000005,227,358,-131
123000006,557,1202,-645
123000007,279,281,-2
123000008,692,1878,-1186
123000009,1022,590,432
123000010,2190,2439,-249
123000011,485,224,261
123000012,400,1344,-944
123000013,548,124,424
123000014,612,1698,-1086
123000015,827,146,681
123000016,1258,1507,-249
123000017,321,125,196
123000018,2,29,-27
123000019,3,7,-4
123000020,0,1,-1
123000021,0,0,0
123000022,6,21,-15
123000023,84,85,-1
123000024,40,35,5
123000025,2,4,-2
123000026,1,22,-21
123000027,5,35,-30
123000028,11,1,10
123000029,60,49,11
123000030,6,163,-157
123000031,8,18,-10
123000032,2,13,-11
123000033,1,1,0
123000034,38,26,12
123000035,19,4,15
123000036,15,1,14
123000037,54,131,-77
123000038,24,91,-67
123000039,173,196,-23
123000040,239,191,48
123000041,38,22,16
123000042,133,191,-58
123000043,306,290,16
123000044,727,541,186
123000045,1643,621,1022
123000046,34,9,25
123000047,248,181,67
123000048,0,0,0
123000049,888,144,744
123000050,128,61,67
123000051,8,14,-6
123000052,107,211,-104
123000053,828,309,519
123000054,361,164,197
123000055,124,91,33
123000056,298,824,-526
123000057,1856,1311,545
123000058,88,34,54
123000059,24,16,8
123000060,111,59,52
123000061,13,25,-12
123000063,142,135,7
123000064,233,81,152
123000065,1281,1076,205
123000066,192,125,67
123000067,43,75,-32
123000068,920,1312,-392
123000069,2862,1519,1343
123000070,30,14,16
123000071,69,30,39
123000072,253,368,-115
123000073,28,37,-9
123000074,114,361,-247
123000075,22,69,-47
123000076,57,248,-191
123000077,1317,874,443
123000078,31,63,-32
123000079,21,44,-23
123000080,376,727,-351
123000081,19,40,-21
123000082,49,126,-77
123000083,230,58,172
123000084,250,257,-7
123000085,255,44,211
123000086,27,61,-34
123000087,12,48,-36
123000088,115,228,-113
123000089,1,4,-3
123000090,263,604,-341
123000091,5,1,4
123000092,249,461,-212
123000094,30,61,-31
123000095,2,11,-9
123000096,8,11,-3
123000097,33,271,-238
123000098,8,11,-3
123000099,106,168,-62
123000100,84,82,2
123000101,2,4,-2
123000102,40,74,-34
123000104,23,55,-32
123000105,140,157,-17
123000106,52,58,-6
123000107,76,138,-62
123000108,219,231,-12
123000111,21,7,14
123000112,36,17,19
123000113,199,256,-57
123000114,7,9,-2
123000115,3,48,-45
123000116,7,25,-18
123000117,285,286,-1
123000118,80,138,-58
123000119,61,185,-124
123000120,120,158,-38
123000121,56,58,-2
123000122,278,142,136
123000123,170,33,137
123000124,202,283,-81
123000125,66,22,44
123000126,38,97,-59
123000127,896,584,312
123000128,49,106,-57
123000129,0,1,-1
123000130,0,0,0
123000131,46,116,-70
123000132,76,124,-48
123000133,34,130,-96
123000134,92,25,67
123000135,57,91,-34
123000136,33,326,-293
123000137,11,71,-60
123000138,15,120,-105
123000139,0,0,0
123000140,41,192,-151
123000141,0,0,0
123000142,251,315,-64
123000143,302,851,-549
123000144,3,2,1
123000145,12,11,1
123000146,3,8,-5
123000147,3,13,-10
123000149,0,0,0
123000150,0,0,0
123000151,48,67,-19
123000152,25,102,-77
123000153,27,34,-7
123000154,126,77,49
123000155,266,170,96
123000156,9,18,-9
123000157,128,214,-86
123000158,1,0,1
123000159,200,126,74
123000160,49,15,34
123000161,179,16,163
123000162,43,33,10
123000163,0,0,0
123000164,0,0,0
123000165,43,255,-212
123000166,3,55,-52
123000167,3,75,-72
123000168,17,65,-48
123000169,0,0,0
123000170,0,76,-76
123000171,0,17,-17
123000172,32,193,-161
123000173,0,0,0
123000174,2,3,-1
123000175,209,410,-201
123000176,0,0,0
123000177,28,239,-211
123000178,0,0,0
123000179,1,67,-66
123000180,196,22,174
123000181,54,386,-332
123000182,4,81,-77
123000183,41,19,22
123000184,12,184,-172
123000185,0,0,0
123000186,1,310,-309
123000187,0,0,0
123000188,1,1,0
123000189,1,53,-52
123000190,0,18,-18
123000192,8,212,-204
123000193,7,131,-124
123000194,86,80,6
123000195,0,0,0
123000196,0,0,0
123000197,0,8,-8
123000198,1,43,-42
123000199,1,63,-62
123000200,0,0,0
123000201,0,0,0
123000202,2,223,-221
123000203,0,0,0
123000204,5,186,-181
123000205,56,530,-474
123000206,63,1,62
123000207,6,172,-166
123000208,19,3,16
123000209,97,15,82
123000210,61,332,-271
123000211,87,636,-549
123000212,4,0,4
123000213,0,0,0
123000215,167,27,140
123000216,0,0,0
123000217,0,0,0
123000218,31,75,-44
123000219,1,0,1
123000220,0,0,0
123000221,0,0,0
123000222,2,7,-5
123000223,0,7,-7
123000224,10,25,-15
123000225,6,22,-16
123000226,0,99,-99
123000227,5,97,-92
123000228,8,13,-5
123000229,278,723,-445
123000232,12,187,-175
123000233,0,0,0
123000234,33,241,-208
123000235,0,0,0
123000236,23,206,-183
123000237,0,0,0
123000238,10,163,-153
123000239,70,545,-475
123000240,1,49,-48
123000241,0,0,0
123000242,2,36,-34
123000243,141,288,-147
123000244,218,225,-7
123000245,16,120,-104
123000249,736,298,438
123000252,0,0,0
123000253,0,0,0
123000254,34,180,-146
123000255,37,67,-30
123000256,25,204,-179
123000257,402,575,-173
123000258,120,460,-340
123000259,18,64,-46
123000260,19,85,-66
123000261,15,34,-19
123000262,12,41,-29
123000263,4,2,2
123000264,2,2,0
123000265,4,21,-17
123000266,50,146,-96
123000267,0,0,0
123000268,4,15,-11
123000269,0,0,0
123000270,0,0,0
123000271,11,18,-7
123000272,0,3,-3
123000273,1,0,1
123000274,0,0,0
123000275,24,321,-297
123000278,538,434,104
123000279,0,0,0
123000280,10,57,-47
123000281,0,0,0
123000282,10,66,-56
123000283,0,3,-3
123000284,4,40,-36
123000286,31,34,-3
123000287,29,34,-5
123000288,1,0,1
123000289,0,1,-1
123000291,46,381,-335
123000294,8,14,-6
123000295,134,26,108
123000296,44,22,22
123000297,3,17,-14
123000298,6,28,-22
123000299,5,10,-5
123000300,66,103,-37
123000301,7,37,-30
123000302,1,9,-8
123000303,0,4,-4
123000305,222,213,9
123000306,0,72,-72
123000309,9,15,-6
123000310,0,0,0
123000311,1,142,-141
123000312,119,224,-105
123000313,0,0,0
123000315,0,8,-8
123000316,94,207,-113
123000317,0,0,0
123000318,2,67,-65
123000329,221,24,197
123000337,1,19,-18
123000338,2,4,-2
123000339,1,194,-193
123000340,5,17,-12
123000342,0,35,-35
123000343,0,0,0
123000344,118,84,34
123000345,51,108,-57
123000346,0,0,0
123000352,251,314,-63
123000353,4,30,-26
123000354,9,1,8
123000355,0,63,-63
123000356,0,0,0
123000357,0,63,-63
123000359,0,45,-45
123000360,0,0,0
123000361,22,56,-34
123000362,2,20,-18
123000363,2,66,-64
123000364,20,13,7
123000365,5,68,-63
123000366,90,147,-57
123000367,87,380,-293
123000370,4,57,-53
123000371,0,0,0
123000372,1,0,1
123000373,2,106,-104
123000374,0,68,-68
123000375,2,3,-1
123000376,34,43,-9
123000377,0,0,0
123000378,0,59,-59
123000379,1,81,-80
123000380,1,31,-30
123000381,2,0,2
123000382,60,5,55
123000383,15,118,-103
123000384,15,2,13
123000385,3,158,-155
123000436,15,314,-299
123000507,21,14,7
123000508,9,101,-92
123000517,102,14,88
123000518,12,68,-56
123000519,171,53,118
123000520,14,49,-35
123000521,84,65,19
123000522,25,116,-91
123000541,0,0,0
123000542,0,10,-10
123000565,40,2,38
123000566,10,225,-215
123000567,16,64,-48
123000573,24,352,-328
123000574,0,0,0
123000575,69,483,-414
123000576,14,517,-503
123000577,29,310,-281
123000578,0,0,0
123000579,249,38,211
123000580,46,1,45
123000582,0,0,0
123000583,3,112,-109
123000584,0,2,-2
123000585,0,26,-26
123000586,0,0,0
123000596,23,40,-17
123000597,0,0,0
123000602,0,0,0
123000603,9,146,-137
123000604,7,340,-333
123000605,342,6,336
123000606,2,708,-706
123000609,2,131,-129
123000610,3,2,1
123000613,78,66,12
123000614,0,0,0
123000615,90,93,-3
123000616,0,0,0
123000617,28,183,-155
123000618,24,138,-114
123000619,0,0,0
123000620,29,191,-162
123000622,0,0,0
123000624,1,0,1
123000630,19,58,-39
123000631,31,519,-488
123000632,316,412,-96
123000633,1,88,-87
123000634,0,0,0
123000635,57,24,33
123000636,41,131,-90
123000637,0,0,0
123000638,0,0,0
123000639,3,1,2
123000640,1,303,-302
123000648,0,0,0
123000649,39,360,-321
123000650,0,0,0
123000651,0,39,-39
123000652,0,0,0
123000653,0,1,-1
123900001,10,0,10
123900002,0,0,0
123900003,0,0,0
123900005,0,0,0
123900006,0,0,0
124000001,190,1,189
124000002,39,457,-418
124000003,23,0,23
124000004,10,192,-182
124000005,18,1,17
124000006,66,414,-348
124000007,1,0,1
124000008,5,206,-201
124000009,0,0,0
124000010,33,239,-206
124000011,0,0,0
124000012,44,325,-281
124000017,0,0,0
124000018,51,30,21
124000019,0,0,0
124000020,21,77,-56
124000021,0,0,0
124000022,29,111,-82
124000023,244,96,148
124000024,199,221,-22
124000025,259,47,212
124000026,241,232,9
124000027,304,60,244
124000028,990,615,375
124000031,72,1,71
124000032,863,444,419
124000033,116,3,113
124000034,262,567,-305
124000035,14,1,13
124000036,25,319,-294
124000037,15,1,14
124000038,9,51,-42
124000039,68,51,17
124000040,114,141,-27
124000041,31,10,21
124000042,19,156,-137
124000043,7,15,-8
124000044,22,108,-86
124000045,0,0,0
124000046,51,324,-273
124000047,0,0,0
124000048,119,537,-418
124000049,0,0,0
124000050,136,739,-603
124000051,0,0,0
124000052,90,482,-392
124000053,0,0,0
124000054,196,219,-23
124000055,0,0,0
124000056,663,667,-4
124000057,0,0,0
124000058,97,579,-482
124000059,28,43,-15
124000060,307,255,52
124000061,10,83,-73
124000062,1711,575,1136
124000063,541,816,-275
124000064,432,810,-378
124000065,28,51,-23
124000066,0,0,0
124000067,0,0,0
124000068,3,9,-6
124000069,0,0,0
124000070,17,150,-133
124000071,0,0,0
124000072,21,98,-77
124000073,0,0,0
124000074,52,145,-93
124000075,0,0,0
124000076,10,53,-43
124000077,265,143,122
124000078,17,2,15
124000079,154,141,13
124000080,0,0,0
124000081,17,152,-135
124000082,0,4,-4
124000083,7,38,-31
124000084,0,1,-1
124000085,8,13,-5
124000086,0,0,0
124000087,0,0,0
124000088,0,0,0
124000089,7,4,3
124000090,21,172,-151
124000091,12,11,1
124000092,8,311,-303
124000093,0,0,0
124000094,4,35,-31
124000095,0,0,0
124000096,26,44,-18
124000097,0,0,0
124000098,11,69,-58
124000099,2,1,1
124000100,5,67,-62
124000101,0,5,-5
124000102,21,39,-18
124000103,0,4,-4
124000104,7,39,-32
124000105,3,1,2
124000106,26,43,-17
124000107,1,7,-6
124000108,26,9,17
124000109,0,0,0
124000110,10,36,-26
124000111,13,36,-23
124000112,25,57,-32
124000113,0,0,0
124000114,8,26,-18
124000115,33,55,-22
124000116,0,0,0
124000117,31,24,7
124000118,0,1,-1
124000119,46,79,-33
124000120,0,6,-6
124000121,142,28,114
124000122,390,251,139
124000123,139,43,96
124000124,86,235,-149
124000125,68,72,-4
124000126,69,186,-117
124000127,65,75,-10
124000128,88,385,-297
124000129,139,324,-185
124000130,287,215,72
124000131,144,77,67
124000132,406,377,29
124000133,36,41,-5
124000134,112,187,-75
124000135,96,62,34
124000136,109,255,-146
124000137,54,43,11
124000138,180,197,-17
124000139,3,0,3
124000140,31,130,-99
124000141,9,0,9
124000142,18,149,-131
124000143,0,0,0
124000144,0,62,-62
124000145,0,0,0
124000146,8,34,-26
124000148,0,0,0
124000149,9,1,8
124000150,93,128,-35
124000151,2,0,2
124000152,91,209,-118
124000153,5,2,3
124000154,82,272,-190
124000155,13,13,0
124000156,317,275,42
124000169,2,13,-11
124000170,73,117,-44
124000171,1,6,-5
124000172,34,122,-88
124000173,3,13,-10
124000174,27,143,-116
124000175,6,50,-44
124000176,0,0,0
124000177,12,33,-21
124000178,0,0,0
124000185,1,0,1
124000186,1,13,-12
124000187,0,26,-26
124000188,2,1,1
124000190,6,0,6
124000191,20,11,9
124000192,0,0,0
124000193,78,363,-285
124000194,99,231,-132
124000195,17,90,-73
124000196,255,512,-257
124000197,19,11,8
124000198,0,0,0
124000201,6,269,-263
124000202,0,10,-10
124000203,9,264,-255
124000204,10,79,-69
124000205,2,193,-191
124000206,2,87,-85
124000207,0,57,-57
124000209,29,160,-131
124000210,3,65,-62
124000211,0,0,0
124000212,2,153,-151
124000213,4,114,-110
124000214,3,125,-122
124000215,0,0,0
124000216,0,151,-151
124000329,20,619,-599
124000338,11,241,-230
124000339,0,0,0
124000341,0,0,0
124000344,0,4,-4
124000357,127,55,72
124000358,71,74,-3
124000359,40,25,15
124000360,18,20,-2
124000361,3,3,0
124000362,383,802,-419
124000363,119,295,-176
124000364,203,652,-449
124000365,453,1247,-794
124000366,624,1037,-413
124000367,44,188,-144
124000368,0,0,0
124000369,1,3,-2
124000370,24,189,-165
124000402,0,0,0
124000403,0,0,0
124000404,2,29,-27
124000405,183,106,77
124000406,184,327,-143
124000407,1,17,-16
124000411,1,99,-98
124000412,0,0,0
124000413,0,0,0
124000414,4,14,-10
124000415,6,53,-47
124000416,21,60,-39
124000417,3,22,-19
124000418,1,19,-18
124000419,8,59,-51
124000420,1,9,-8
124000421,4,78,-74
124000422,2,3,-1
124000423,3,7,-4
124000424,2,65,-63
124000425,0,0,0
124000426,4,53,-49
124000427,0,0,0
124000428,0,10,-10
124000429,1,117,-116
124000430,26,71,-45
124000431,19,94,-75
124000432,40,142,-102
124000439,0,0,0
124000443,2,6,-4
124000445,11,0,11
124000446,216,15,201
124000447,0,0,0
124000448,2,2,0
124000449,0,1,-1
124000450,1,52,-51
124000451,0,36,-36
124000452,92,13,79
124000453,751,203,548
124000454,685,1686,-1001
124900001,0,0,0
124900002,0,0,0
124900003,0,0,0
124900004,0,0,0
124900005,0,0,0
124900006,0,0,0
124900008,0,0,0
124900009,0,0,0
124900010,0,0,0
124900011,0,0,0
124900012,0,0,0
124900013,0,0,0
124900014,0,0,0
124900015,0,0,0
124900016,0,0,0
124900017,0,0,0
124900018,0,0,0
124900020,0,0,0
124900021,0,0,0
124900022,0,0,0
124900024,0,0,0
124900026,0,0,0
124900027,0,0,0
124900028,0,0,0
124900029,0,0,0
124900030,0,0,0
124900031,0,0,0
124900032,0,0,0
124900033,0,0,0
124900034,0,1,-1
124900035,0,0,0
124900036,0,0,0
124900037,0,0,0
124900038,0,0,0
124900039,0,0,0
124900040,0,0,0
124900041,0,23,-23
124900042,0,0,0
124900043,21,67,-46
124900044,0,0,0
124900045,14,36,-22
124900047,8,9,-1
124900048,4,3,1
124900050,5,9,-4
124900052,4,23,-19
124900053,3,47,-44
124900054,497,45,452
124900055,0,11,-11
124900057,3,32,-29
124900060,4,34,-30
124900061,0,0,0
124900062,0,0,0
124900066,0,12,-12
124900067,2,29,-27
124900068,0,0,0
124900070,0,0,0
124900072,0,0,0
124900075,0,0,0
124900076,0,0,0
124900077,0,0,0
124900078,0,0,0
124900079,8,1,7
124900080,5,68,-63
124900081,0,0,0
124900082,0,1,-1
124900083,6,31,-25
124900085,0,0,0
124900086,0,0,0
124900087,0,0,0
124900088,0,0,0
124900089,56,0,56
124900090,0,0,0
124900091,0,0,0
124900092,0,0,0
124900093,0,0,0
124900094,0,0,0
124900095,0,0,0
124900096,0,0,0
124900097,0,0,0
124900098,0,0,0
124900099,0,0,0
124900100,0,0,0
124900101,0,0,0
124900102,0,0,0
124900103,0,0,0
124900104,1,1,0
124900105,1,0,1
124900106,0,0,0
124900107,0,0,0
124900108,0,0,0
124900111,0,26,-26
124900112,1,58,-57
124900113,0,5,-5
124900114,0,1,-1
124900115,0,0,0
124900116,0,0,0
124900117,0,0,0
124900118,0,0,0
124900119,0,0,0
124900120,1,24,-23
124900121,0,0,0
124900122,97,20,77
124900123,0,0,0
124900124,13,8,5
124900125,0,0,0
124900126,0,35,-35
204000001,1,0,1
204000002,0,0,0
204000003,0,0,0
204000004,0,0,0
204000005,1,2,-1
204000006,1,1,0
204000011,33,55,-22
204000012,10,171,-161
204000019,139,119,20
204000020,65,116,-51
204000021,184,122,62
204000022,79,87,-8
204000023,168,806,-638
204000031,0,0,0
204000032,0,0,0
204000034,83,240,-157
204000035,10,2,8
204000036,16,9,7
204000037,21,34,-13
204000038,0,24,-24
204000039,8,22,-14
204000040,9,20,-11
204000041,2,14,-12
204000042,0,0,0
204000043,1,0,1
204000044,0,0,0
204000045,0,0,0
204000046,0,0,0
204000057,4,11,-7
204000062,50,154,-104
204000068,58,142,-84
204000069,13,66,-53
204000070,0,0,0
204000080,51,95,-44
204000085,281,551,-270
204000086,1023,871,152
204000087,50,125,-75
204000088,20,91,-71
204000090,44,268,-224
204000093,0,0,0
204000096,2,4,-2
204000097,0,0,0
204000099,13,15,-2
204000100,3,5,-2
204000105,493,565,-72
204000110,297,623,-326
204000111,158,360,-202
204000112,180,412,-232
204000113,106,309,-203
204000114,37,33,4
204000115,20,35,-15
204000116,68,76,-8
204000119,3,3,0
204000132,4,1,3
204000133,1,0,1
204000134,0,0,0
204000135,1,0,1
204000136,1,0,1
204000138,1,0,1
204000140,0,0,0
204000141,1,0,1
204000144,0,0,0
204000145,0,0,0
204000146,45,161,-116
204000147,22,79,-57
204000148,0,0,0
204000154,0,0,0
204000155,3,7,-4
204000177,0,0,0
204000179,0,0,0
204000180,1,75,-74
204000222,2,1,1
204000235,17,2,15
204000236,15,154,-139
204000238,0,0,0
204000240,27,19,8
204000263,206,492,-286
204000268,0,0,0
204000308,0,0,0
204000317,23,33,-10
204000322,4,21,-17
204000323,0,0,0
204000328,0,0,0
204000329,53,67,-14
204000330,0,0,0
204000331,123,117,6
205000001,615,536,79
205000013,2,84,-82
205000014,13,138,-125
205000015,33,189,-156
205000016,12,128,-116
205000017,23,31,-8
205000022,179,360,-181
205000025,756,622,134
205000029,52,16,36
205000045,26,91,-65
205000046,20,192,-172
205000047,25,226,-201
205000048,71,422,-351
205000049,58,380,-322
205000050,286,246,40
205000059,0,170,-170
205000060,0,15,-15
205000061,0,12,-12
205000062,2,14,-12
205000063,4,20,-16
205000064,5,58,-53
205000065,22,251,-229
205000066,18,416,-398
205000067,11,703,-692
205000069,377,212,165
205000082,0,0,0
205000110,37,134,-97
205000111,83,165,-82
205000112,0,0,0
205000113,106,99,7
205000121,0,0,0
205000123,91,123,-32
205000126,0,0,0
205000127,0,0,0
205000128,0,0,0
205000129,0,0,0
205000130,0,0,0
205000131,0,0,0
205000132,0,0,0
205000133,0,0,0
205000134,0,0,0
205000137,41,90,-49
205000138,127,142,-15
205000139,24,54,-30
205000144,0,0,0
205000145,0,0,0
205000151,0,0,0
205000152,0,0,0
205000153,0,0,0
205000154,0,0,0
205000155,0,0,0
205000207,174,177,-3
205000233,0,0,0
205000234,0,0,0
205000243,0,0,0
205000244,0,5,-5
205000245,18,215,-197
205000249,0,20,-20
205000250,0,0,0
205000264,6,74,-68
206000027,0,0,0
206000028,0,0,0
206000043,9,119,-110
206000053,20,21,-1
206000054,19,31,-12
206000055,4,51,-47
206000075,2,6,-4
206000076,10,29,-19
206000077,10,9,1
206000078,14,11,3
206000079,32,7,25
206000082,0,0,0
206000100,54,477,-423
206000103,11,52,-41
206000104,14,40,-26
206000105,9,25,-16
206000106,24,58,-34
206000125,0,0,0
206000157,241,608,-367
206000170,1,269,-268
206000171,6,207,-201
206000172,7,567,-560
206000173,4,176,-172
206000174,4,161,-157
206000175,2,194,-192
206000176,10,298,-288
206000177,2,195,-193
206000178,6,128,-122
206000179,4,101,-97
206000180,21,155,-134
206000181,12,158,-146
206000182,49,216,-167
206000183,46,412,-366
206000184,8,288,-280
206000185,14,203,-189
206000186,59,712,-653
206000223,8,169,-161
206000226,0,0,0
206000227,0,0,0
206000237,11,228,-217
206000238,28,334,-306
206000239,411,907,-496
206000240,1,53,-52
206000241,1,190,-189
206000242,15,320,-305
206000243,3,256,-253
206000244,80,637,-557
206000245,51,9,42
206000246,7,3,4
206000247,11,0,11
206000248,9,1,8
206000252,27,56,-29
206000258,11,39,-28
206000315,14,4,10
206000317,53,13,40
206000318,48,20,28
206000319,77,11,66
206000320,7,3,4
206000321,15,4,11
206000322,0,0,0
206000323,0,0,0
206000324,0,0,0
206000325,0,0,0
206000326,0,0,0
206000327,2,1,1
206000328,17,0,17
206000329,16,1,15
206000330,3,0,3
206000331,3,0,3
206000332,3,0,3
206000333,13,0,13
206000334,8,0,8
206000335,1,38,-37
206000361,15,268,-253
206000392,5,51,-46
206000405,16,0,16
206000441,0,0,0
206000498,3,4,-1
206000515,225,26,199
206000530,1,1,0
206000531,0,0,0
206000532,2,0,2
206000535,93,430,-337
206000536,14,118,-104
206000537,6,44,-38
206000613,3,1,2
206000784,485,110,375
207000001,101,348,-247
207000002,35,270,-235
207000003,56,198,-142
207000007,28,5,23
207000008,1,3,-2
207000009,9,3,6
207000010,130,197,-67
207000012,0,0,0
207000015,228,481,-253
207000019,46,14,32
207000021,32,19,13
207000022,4,12,-8
207000023,17,8,9
207000024,3,0,3
207000025,1,9,-8
207000026,48,87,-39
207000027,6,62,-56
207000028,25,134,-109
207000029,100,262,-162
207000033,36,49,-13
207000034,23,4,19
207000039,0,0,0
207000040,0,0,0
207000041,0,0,0
207000042,0,0,0
207000043,0,0,0
207000051,30,234,-204
207000052,1,151,-150
207000053,283,450,-167
207000054,12,96,-84
207000055,46,107,-61
207000056,93,220,-127
207000057,117,207,-90
207000058,59,290,-231
207000059,32,454,-422
207000060,7,88,-81
207000061,6,20,-14
207000062,29,24,5
207000063,32,80,-48
207000064,97,63,34
207000065,32,65,-33
207000066,30,62,-32
207000067,5,45,-40
207000068,18,14,4
207000069,238,100,138
207000082,0,10,-10
207000083,27,134,-107
207000084,8,3,5
207000085,20,1,19
207000086,13,1,12
207000106,0,0,0
207000107,0,0,0
207000108,0,0,0
207000109,0,0,0
207000110,0,0,0
207000111,0,0,0
207000112,0,0,0
207000114,18,27,-9
207000115,10,60,-50
207000116,21,161,-140
207000117,4,64,-60
207000118,1,82,-81
207000119,6,108,-102
207000123,0,0,0
207000124,0,0,0
207000125,0,0,0
207000126,0,0,0
207000134,2,5,-3
207000135,3,9,-6
207000148,0,0,0
207000149,20,18,2
207000152,63,255,-192
207000153,920,671,249
207000154,51,20,31
207000159,41,135,-94
207000160,50,367,-317
207000238,0,48,-48
207000242,1,64,-63
207000248,18,10,8
207000249,62,53,9
207000250,138,38,100
207000251,23,38,-15
207000252,21,47,-26
207000278,0,0,0
207000279,40,147,-107
207000280,15,4,11
207000281,33,304,-271
207000282,0,1,-1
207000283,12,57,-45
207000284,8,9,-1
207000285,0,0,0
207000291,7,74,-67
207000304,21,12,9
207000306,32,245,-213
207000310,0,0,0
207000353,0,0,0
207000356,9,28,-19
207000357,0,0,0
207000358,0,0,0
207000415,3,82,-79
207000417,0,0,0
207000418,55,59,-4
207000438,0,4,-4
207000439,249,76,173
207000446,0,0,0
207000460,2,4,-2
207000466,84,149,-65
207000467,0,0,0
207000468,26,271,-245
207000476,2,1,1
207000477,3,17,-14
207000478,0,11,-11
207000523,0,19,-19
207000524,0,0,0
207000527,27,22,5
207000530,0,0,0
207000531,0,0,0
207000532,0,0,0
207000534,0,0,0
207000535,44,132,-88
207000537,15,47,-32
207000540,2,75,-73
207000541,2,167,-165
207000548,5,139,-134
207000549,0,0,0
207000561,0,0,0
207000562,9,124,-115
207000567,144,179,-35
207000568,8,19,-11
207000569,16,296,-280
207000584,110,67,43
207000585,0,0,0
207000587,0,0,0
207000616,0,177,-177
207000617,0,0,0
207000624,0,0,0
207000631,0,0,0
207900008,2,28,-26
208000001,20,61,-41
208000002,22,51,-29
208000003,54,53,1
208000004,64,52,12
208000005,0,16,-16
208000019,2,2,0
208000020,0,2,-2
208000021,26,132,-106
208000022,186,182,4
208000028,48,16,32
208000033,84,163,-79
208000034,228,376,-148
208000037,1,0,1
208000040,0,2,-2
208000041,0,0,0
208000042,1,2,-1
208000047,23,164,-141
208000064,5,0,5
208000066,1,0,1
208000070,0,0,0
208000071,0,0,0
208000072,0,0,0
208000080,9,29,-20
208000081,6,24,-18
208000082,37,118,-81
208000083,33,230,-197
208000084,0,0,0
208000085,292,251,41
208000086,187,412,-225
208000087,106,304,-198
208000089,169,179,-10
208000090,148,302,-154
208000093,19,45,-26
208000094,134,207,-73
208000095,198,207,-9
208000104,4,1,3
208000105,1,1,0
208000114,0,2,-2
208000115,31,132,-101
208000116,0,2,-2
208000117,0,0,0
208000118,0,0,0
208000155,144,430,-286
208000158,790,855,-65
208000186,7,2,5
208000204,112,306,-194
208000205,206,383,-177
208000282,1310,333,977
209000004,42,51,-9
209000005,16,14,2
209000006,100,125,-25
209000007,86,106,-20
209000010,119,68,51
209000011,35,90,-55
209000012,48,221,-173
209000013,59,240,-181
209000014,226,689,-463
209000025,39,27,12
209000026,124,36,88
209000027,86,572,-486
209000028,92,606,-514
209000029,182,575,-393
209000030,150,890,-740
209000031,1581,1807,-226
209000034,92,282,-190
209000035,45,152,-107
209000036,55,70,-15
209000037,54,93,-39
209000038,58,164,-106
209000039,61,93,-32
209000040,93,232,-139
209000041,104,250,-146
209000042,131,232,-101
209000043,89,194,-105
209000044,155,214,-59
209000045,32,96,-64
209000046,26,153,-127
209000047,26,68,-42
209000048,23,76,-53
209000049,48,107,-59
209000050,99,182,-83
209000051,97,196,-99
209000052,63,157,-94
209000062,10,84,-74
209000063,10,58,-48
209000064,7,65,-58
209000065,0,0,0
209000066,0,0,0
209000067,0,0,0
209000080,14,68,-54
209000082,0,0,0
209000091,15,41,-26
209000093,39,12,27
209000094,185,46,139
209000110,0,0,0
209000111,136,528,-392
209000112,99,174,-75
209000113,160,167,-7
209000114,80,106,-26
209000115,52,61,-9
209000116,552,280,272
209000118,0,0,0
209000119,10,6,4
209000121,92,357,-265
209000135,0,0,0
209000142,450,291,159
209000143,8,23,-15
209000144,7,14,-7
209000229,15,86,-71
209000240,15,160,-145
209000259,76,88,-12
209000260,11,375,-364
209000261,0,145,-145
209000262,0,134,-134
209000263,0,30,-30
209000264,0,11,-11
209000265,0,0,0
209000266,0,0,0
209000267,0,0,0
209000268,2,0,2
210000037,0,0,0
210000047,0,0,0
210000048,0,0,0
210000049,0,0,0
210000052,5,56,-51
210000053,7,27,-20
210000054,27,42,-15
210000070,0,0,0
210000071,0,0,0
210000072,0,0,0
210000073,0,20,-20
210000074,0,64,-64
210000075,1,36,-35
210000076,1,71,-70
210000077,7,21,-14
210000078,8,22,-14
210000079,0,0,0
210000080,0,0,0
210000081,0,0,0
210000082,0,0,0
210000083,2,0,2
210000084,0,0,0
210000085,0,34,-34
210000086,1,44,-43
210000099,21,133,-112
210000100,21,141,-120
210000101,54,155,-101
210000105,28,56,-28
210000159,0,49,-49
210000163,69,136,-67
210000164,0,0,0
210000168,0,0,0
210000187,0,8,-8
210000188,1,12,-11
210000214,0,0,0
210000219,0,0,0
210000220,0,0,0
210000232,4,14,-10
210000233,3,12,-9
210000234,6,38,-32
210000235,15,55,-40
210000245,0,22,-22
210000246,0,2,-2
210000258,3,66,-63
210000259,0,0,0
210000282,12,86,-74
210000285,2,37,-35
210000286,3,54,-51
210000290,0,0,0
210000295,6,21,-15
210000296,5,14,-9
210000320,0,0,0
210000321,0,0,0
210000338,23,65,-42
210000339,277,221,56
210000340,73,70,3
210000341,43,68,-25
210000342,31,71,-40
210000343,47,101,-54
210000344,46,34,12
210000345,40,28,12
210000346,9,31,-22
210000347,1,10,-9
210000348,21,5,16
210000349,6,10,-4
210000350,32,44,-12
210000351,32,51,-19
210000352,1,2,-1
210000353,1,3,-2
210000354,4,3,1
210000355,1,1,0
210000356,0,2,-2
210000357,0,0,0
210000358,6,1,5
210000359,0,3,-3
210000360,4,7,-3
210000361,2,2,0
210000362,1,1,0
210000363,6,2,4
210000364,0,0,0
210000365,0,1,-1
210000366,0,0,0
210000367,2,0,2
210000368,0,0,0
210000369,0,0,0
210000370,0,0,0
210000372,0,0,0
210000373,0,0,0
210000374,0,0,0
210000375,0,0,0
210000376,1,5,-4
210000404,66,85,-19
210000439,0,0,0
210000472,0,0,0
210000482,0,0,0
210000564,11,0,11
210000567,0,0,0
210000568,0,0,0
211000092,0,0,0
211000094,0,0,0
211000169,0,0,0
211000172,0,0,0
211000209,0,0,0
211000226,0,0,0
211000270,0,1,-1
211000275,0,0,0
211000276,0,0,0
211000279,0,0,0
211000281,0,0,0
211000302,0,0,0
211507980,0,0,0
211977296,0,0,0
212000003,0,0,0
212000004,0,6,-6
212000005,16,14,2
212000006,16,33,-17
212000008,61,140,-79
212000009,8,71,-63
212000012,14,41,-27
212000013,9,45,-36
212000014,113,89,24
212000015,81,100,-19
212000016,257,267,-10
212000027,5,4,1
212000028,7,4,3
212000029,0,3,-3
212000030,0,2,-2
212000031,0,0,0
212000048,10,28,-18
212000049,15,13,2
212000050,4,2,2
212000051,45,128,-83
212000052,57,164,-107
212000053,151,270,-119
212000054,0,1,-1
212000055,3,1,2
212000056,0,0,0
212000057,0,0,0
212000058,0,0,0
212000070,35,148,-113
212000077,46,356,-310
212000099,1,3,-2
212000108,0,0,0
212000111,0,0,0
212000120,59,61,-2
212000138,18,26,-8
212000156,9,54,-45
212000158,0,0,0
212000159,1,0,1
212000160,6,3,3
212000161,0,0,0
212000310,2,16,-14
212000311,0,0,0
212000374,8,5,3
213000001,3,127,-124
213000005,6,5,1
213000006,5,3,2
213000007,0,0,0
213000009,0,0,0
213000010,0,0,0
213000011,0,0,0
213000012,28,111,-83
213000014,0,0,0
213000015,0,0,0
213000016,0,0,0
213000017,0,0,0
213000018,0,72,-72
213000019,1,59,-58
213000020,9,45,-36
213000021,0,23,-23
213000023,0,0,0
213000033,25,151,-126
213000034,1,0,1
213000035,0,0,0
213000045,21,46,-25
213000046,12,19,-7
213000047,122,49,73
213000056,0,0,0
213000069,0,0,0
213000073,0,1,-1
213000074,36,176,-140
213000075,0,0,0
213000076,0,0,0
213000085,1,17,-16
213000086,2,127,-125
213000091,0,0,0
213000092,0,0,0
213000099,64,217,-153
213000100,0,1,-1
213000101,2,45,-43
213000102,2,101,-99
213000103,42,135,-93
213000104,18,95,-77
213000105,0,33,-33
213000106,6,88,-82
213000107,29,215,-186
213000108,6,153,-147
213000109,0,88,-88
213000110,3,15,-12
213000111,1,11,-10
213000112,78,28,50
213000115,0,0,0
213000116,15,72,-57
213000117,0,132,-132
213000118,43,43,0
213000119,16,285,-269
213000120,32,287,-255
213000122,69,209,-140
213000123,199,226,-27
213000124,21,358,-337
213000125,0,0,0
213000126,21,25,-4
213000127,14,38,-24
213000128,108,117,-9
213000129,1,0,1
213000130,0,1,-1
213000132,2,0,2
213000133,3,0,3
213000134,0,0,0
213000136,2,0,2
213000137,4,0,4
213000139,0,0,0
213000147,0,0,0
213000148,0,0,0
213000149,0,0,0
213000150,0,37,-37
213000151,0,41,-41
213000152,0,15,-15
213000153,0,7,-7
213000154,4,98,-94
213000155,9,110,-101
213000156,14,142,-128
213000157,141,260,-119
213000158,44,125,-81
213000159,0,1,-1
213000163,3,0,3
213000165,1,0,1
213000171,0,47,-47
213000172,1,70,-69
213000173,0,43,-43
213000174,0,39,-39
213000175,2,30,-28
213000176,1,33,-32
213000177,1,7,-6
213000178,1,1,0
213000179,3,0,3
213000180,6,5,1
213000184,30,73,-43
213000188,0,0,0
213000189,0,0,0
213000190,11,251,-240
213000191,6,177,-171
213000192,11,175,-164
213000193,648,66,582
213000194,1,14,-13
213000195,3,149,-146
213000196,30,334,-304
213000197,1,0,1
213000198,0,0,0
213000200,72,351,-279
213000201,29,12,17
213000202,1,279,-278
213000203,5,0,5
213000204,2,0,2
213000205,0,0,0
213000206,0,0,0
213000207,0,0,0
213000208,0,0,0
213000209,0,0,0
213000210,0,0,0
213000211,1,3,-2
213000212,0,11,-11
213000213,0,19,-19
213000218,56,269,-213
213000219,0,0,0
213000220,0,0,0
213000223,0,2,-2
213000224,0,0,0
213000225,0,0,0
213000226,0,0,0
213000227,0,0,0
213000228,0,0,0
213000229,0,0,0
213000230,0,0,0
213000232,12,233,-221
213000233,2,13,-11
213000234,2,25,-23
213000293,2,24,-22
213000294,0,0,0
213000295,1,19,-18
213000296,0,0,0
213000297,10,24,-14
213000298,33,31,2
213000299,0,0,0
213000300,0,0,0
213000303,18,20,-2
213000304,3,0,3
213000305,0,0,0
213000306,10,7,3
213000307,0,0,0
213000308,27,79,-52
213000309,0,0,0
213000310,0,0,0
213000311,61,140,-79
213000315,13,55,-42
213000316,0,0,0
213000322,3,27,-24
213000323,0,0,0
213000340,31,461,-430
213000341,0,1,-1
213000346,0,0,0
213000347,0,0,0
213000348,1,30,-29
213000349,2,5,-3
213000350,51,377,-326
213000366,6,79,-73
213000367,3,0,3
213000379,9,61,-52
213000386,1,73,-72
213000406,30,143,-113
213000417,48,18,30
213000425,0,0,0
213000426,0,0,0
213000427,4,36,-32
213000428,0,37,-37
213000429,0,1,-1
213000430,0,56,-56
213000431,24,0,24
213000432,0,1,-1
213000433,0,7,-7
213000434,0,0,0
213000435,0,0,0
213000439,0,0,0
213000441,0,0,0
213000443,3,19,-16
213000445,0,7,-7
213000446,0,0,0
213000447,0,0,0
213000448,0,0,0
213000449,0,0,0
213000450,0,0,0
213000451,0,0,0
213000452,0,0,0
213000453,15,86,-71
213000455,0,2,-2
213000456,0,31,-31
213000481,0,0,0
213000482,0,0,0
213000489,0,0,0
213000491,0,27,-27
213000492,0,0,0
213000493,0,14,-14
213000494,0,1,-1
213000495,0,19,-19
213000496,0,0,0
213000497,9,91,-82
213000498,12,57,-45
213000499,12,158,-146
213000500,0,1,-1
213000501,0,0,0
213000502,0,0,0
213000503,0,38,-38
213000504,12,69,-57
213000505,0,4,-4
213000506,0,4,-4
213000507,3,106,-103
213900244,0,0,0
213900245,0,16,-16
218000003,5,3,2
218000004,1,17,-16
218000005,0,0,0
218000006,6,34,-28
218000007,0,9,-9
218000012,134,23,111
218000013,48,118,-70
218000014,317,242,75
218000019,636,241,395
218000020,223,212,11
218000040,4,1,3
218000046,11,118,-107
218000047,2,104,-102
218000048,23,169,-146
218000049,22,82,-60
218000050,72,176,-104
218000051,31,212,-181
218000052,0,19,-19
218000053,0,9,-9
218000054,1,15,-14
218000055,0,9,-9
218000056,3,10,-7
218000057,2,11,-9
218000064,0,0,0
218000065,5,0,5
218000066,0,0,0
218000067,5,64,-59
218000068,25,69,-44
218000069,34,172,-138
218000070,41,224,-183
218000071,118,170,-52
218000072,227,164,63
218000078,252,516,-264
218000079,14,51,-37
218000080,55,107,-52
218000081,117,114,3
218000082,11,54,-43
218000083,7,40,-33
218000084,42,129,-87
218000085,130,239,-109
218000086,25,99,-74
218000087,87,107,-20
218000090,30,55,-25
218000091,204,143,61
218000092,34,117,-83
218000093,60,70,-10
218000094,233,575,-342
218000099,114,284,-170
218000100,84,237,-153
218000101,34,118,-84
218000102,84,167,-83
218000103,19,106,-87
218000104,6,15,-9
218000105,8,5,3
218000106,10,15,-5
218000107,10,133,-123
218000108,0,59,-59
218000112,10,4,6
218000117,0,0,0
218000134,136,314,-178
218000135,16,21,-5
218000136,43,13,30
218000137,28,60,-32
218000138,4,31,-27
218000139,17,93,-76
218000140,23,61,-38
218000141,2,12,-10
218000142,28,99,-71
218000143,8,70,-62
218000144,3,18,-15
218000145,58,156,-98
218000146,31,105,-74
218000151,0,3,-3
218000152,14,39,-25
218000170,0,18,-18
218000171,14,5,9
218000172,1,4,-3
218000173,4,10,-6
218000174,8,7,1
218000176,38,11,27
218000177,146,16,130
218000178,41,19,22
218000179,51,17,34
218000180,25,10,15
218000181,29,2,27
218000187,1,6,-5
218000188,8,13,-5
218000189,4,36,-32
218000190,0,5,-5
218000191,33,59,-26
218000192,44,211,-167
218000193,268,212,56
218000194,26,305,-279
218000195,106,60,46
218000196,153,188,-35
218000197,59,169,-110
218000198,1,67,-66
218000199,25,21,4
218000200,5,15,-10
218000201,3,10,-7
218000202,88,38,50
218000207,3,35,-32
218000208,9,16,-7
218000211,5,26,-21
218000213,44,8,36
218000214,0,2,-2
218000215,15,29,-14
218000217,0,22,-22
218000218,66,32,34
218000219,4,8,-4
218000220,59,124,-65
218000221,69,95,-26
218000222,11,31,-20
218000223,147,49,98
218000224,1,19,-18
218000225,111,16,95
218000226,37,40,-3
218000232,30,40,-10
218000239,0,0,0
218000240,0,0,0
218000241,0,0,0
218000242,0,0,0
218000243,0,0,0
218000244,0,0,0
218000245,0,0,0
218000246,0,0,0
218000247,0,0,0
218000248,0,9,-9
218000249,0,0,0
218000250,0,6,-6
218000251,0,11,-11
218000252,1,11,-10
218000253,0,2,-2
218000254,0,4,-4
218000255,0,1,-1
218000256,1,24,-23
218000267,78,521,-443
218000268,0,42,-42
218000269,5,8,-3
218000270,27,134,-107
218000271,80,280,-200
218000273,0,0,0
218000274,0,0,0
218000275,10,36,-26
218000276,12,118,-106
218000278,40,35,5
218000279,25,62,-37
218000280,4,20,-16
218000281,2,10,-8
218000282,38,25,13
218000284,0,0,0
218000301,8,33,-25
218000302,7,16,-9
218000303,15,28,-13
218000316,343,278,65
218000317,188,437,-249
218000318,82,309,-227
218000319,269,722,-453
218000320,274,465,-191
218000338,3,13,-10
218000345,32,57,-25
218000346,0,0,0
218000459,37,72,-35
218000490,6,26,-20
218000501,5,3,2
218000502,7,67,-60
218000503,17,10,7
218000504,9,4,5
218000505,10,115,-105
218000506,31,97,-66
218000508,0,1,-1
218000510,34,14,20
218000520,57,82,-25
218000521,1,5,-4
218000522,0,26,-26
218000523,3,6,-3
218000524,6,16,-10
218000525,2,3,-1
218000526,4,20,-16
218000529,10,20,-10
218000531,0,0,0
218000532,5,19,-14
218000534,0,0,0
218000537,0,0,0
218000538,24,32,-8
218000540,106,25,81
218000543,60,29,31
218000544,49,206,-157
218000545,6,20,-14
218000546,21,127,-106
218000547,30,35,-5
218000548,35,79,-44
218000549,66,45,21
218000550,111,259,-148
218000551,181,213,-32
218000552,69,26,43
218000553,1,30,-29
218000554,5,13,-8
218000555,1,15,-14
218000556,60,284,-224
218000557,137,53,84
218000558,0,1,-1
218000559,0,9,-9
218000560,0,1,-1
218000561,0,0,0
218000562,4,74,-70
218000563,8,5,3
218000564,4,43,-39
218000565,6,0,6
218000566,8,6,2
218000567,0,9,-9
218000568,0,0,0
218000569,1,12,-11
218000570,5,1,4
218000571,0,8,-8
218000572,0,0,0
218000573,1,5,-4
218000574,0,10,-10
218000575,0,0,0
218000576,1,11,-10
218000577,0,0,0
218000578,0,6,-6
218000579,0,0,0
218000581,1,23,-22
218000582,0,0,0
218000583,0,0,0
218000584,1,6,-5
218000585,1,1,0
218000586,0,12,-12
218000587,0,0,0
218000588,0,0,0
218000589,0,0,0
218000590,0,0,0
218000591,0,3,-3
218000592,0,0,0
218000593,0,0,0
218000594,0,0,0
218000597,0,0,0
218000598,0,0,0
218000599,0,0,0
218000600,0,0,0
218000601,0,0,0
218000602,0,0,0
218000603,0,0,0
218000604,0,0,0
218000605,0,9,-9
218000606,0,0,0
218000607,0,4,-4
218000608,0,0,0
218000609,0,9,-9
218000610,3,0,3
218000611,0,0,0
218000612,1,8,-7
218000613,2,0,2
218000614,1,17,-16
218000615,5,0,5
218000616,0,34,-34
218000617,0,0,0
218000618,0,8,-8
218000619,2,1,1
218000620,1,5,-4
218000621,0,1,-1
218000622,0,3,-3
218000623,0,0,0
218000624,0,2,-2
218000625,0,3,-3
218000626,0,5,-5
218000628,10,4,6
218000631,0,0,0
218000632,1,9,-8
218000633,0,0,0
218000634,0,7,-7
218000635,1,3,-2
218000636,294,629,-335
218000637,206,162,44
218000638,0,0,0
218000639,12,356,-344
218000640,0,0,0
218000641,6,268,-262
218000652,43,29,14
218000653,112,83,29
218000663,0,10,-10
218000675,1,5,-4
218000680,19,75,-56
218000681,0,0,0
218000691,14,88,-74
218000693,0,0,0
218000718,72,133,-61
218000719,13,21,-8
218000720,0,5,-5
218000721,0,0,0
218001147,3,218,-215
218001214,0,3,-3
218001258,0,0,0
218001329,0,0,0
218001330,18,23,-5
218001351,0,0,0
218001352,0,0,0
218001353,0,0,0
218001354,0,4,-4
218001355,35,170,-135
218001356,0,4,-4
218001357,7,135,-128
218001358,4,0,4
218001361,1,1,0
218001362,1,243,-242
219000001,9,58,-49
219000002,13,64,-51
219000003,115,34,81
219000004,188,88,100
219000017,30,19,11
219000020,20,1,19
219000022,13,1,12
219000023,15,1,14
219000029,0,45,-45
219000034,0,0,0
219000039,14,26,-12
219000040,10,28,-18
219000041,37,46,-9
219000051,1,74,-73
219000052,0,17,-17
219000053,1,134,-133
219000055,16,1,15
219000056,0,0,0
219000057,11,0,11
219000062,11,91,-80
219000063,26,21,5
219000064,1,14,-13
219000110,48,11,37
219000111,28,9,19
219000112,50,17,33
219000113,51,17,34
219000114,84,5,79
219000116,58,43,15
219000117,165,144,21
219000118,53,157,-104
219000123,134,57,77
219000124,19,47,-28
219000125,7,18,-11
219000126,20,49,-29
219000127,0,10,-10
219000128,16,113,-97
219000129,18,153,-135
219000130,1404,728,676
219000131,1241,1234,7
219000133,16,58,-42
219000134,16,25,-9
219000135,141,88,53
219000136,255,177,78
219000138,7,36,-29
219000139,10,64,-54
219000140,0,0,0
219000141,0,68,-68
219000142,1,60,-59
219000143,16,77,-61
219000145,0,15,-15
219000146,8,53,-45
219000147,2,28,-26
219000148,1,50,-49
219000149,28,115,-87
219000150,3,61,-58
219000151,1,57,-56
219000157,61,63,-2
219000158,41,162,-121
219000161,92,38,54
219000163,727,170,557
219000166,41,77,-36
219000167,49,180,-131
219000168,93,15,78
219000174,0,0,0
219000175,0,0,0
219000176,0,0,0
219000177,0,0,0
219000178,0,0,0
219000179,0,0,0
219000180,24,22,2
219000182,0,0,0
219000183,0,23,-23
219000184,0,0,0
219000185,3,103,-100
219000186,0,19,-19
219000187,2,50,-48
219000189,67,154,-87
219000190,133,177,-44
219000191,927,524,403
219000192,174,349,-175
219000193,366,239,127
219000195,1,32,-31
219000196,1,58,-57
219000198,15,71,-56
219000199,50,111,-61
219000200,17,115,-98
219000201,42,75,-33
219000203,8,87,-79
219000204,9,132,-123
219000205,30,123,-93
219000207,75,115,-40
219000209,16,46,-30
219000210,14,68,-54
219000213,6,114,-108
219000239,44,59,-15
219000240,54,120,-66
219000241,14,91,-77
219000242,22,81,-59
219000243,10,141,-131
219000244,24,71,-47
219000245,1,29,-28
219000246,0,0,0
219000247,1,0,1
219000248,2,0,2
219000249,0,0,0
219000250,0,0,0
219000251,0,0,0
219000252,0,0,0
219000253,0,0,0
219000255,0,0,0
219000256,0,0,0
219000257,0,0,0
219000262,27,182,-155
219000263,28,114,-86
219000267,2,100,-98
219000268,4,7,-3
219000269,0,0,0
219000270,0,0,0
219000271,77,0,77
219000278,0,15,-15
219000279,3,3,0
219000283,0,8,-8
219000295,16,62,-46
219000296,26,267,-241
219000297,4,68,-64
219000298,9,105,-96
219000299,0,0,0
219000300,10,222,-212
219000301,49,169,-120
219000302,12,142,-130
219000307,21,61,-40
219000308,44,57,-13
219000311,0,0,0
219000312,0,0,0
219000313,0,0,0
219000314,84,295,-211
219000315,0,0,0
219000316,0,0,0
219000317,0,0,0
219000320,0,24,-24
219000321,2,7,-5
219000323,2,49,-47
219000325,1,31,-30
219000326,30,106,-76
219000327,34,27,7
219000328,11,23,-12
219000329,312,166,146
219000330,12,32,-20
219000331,28,39,-11
219000332,0,0,0
219000333,0,0,0
219000335,0,0,0
219000337,0,0,0
219000338,0,0,0
219000344,32,59,-27
219000345,88,95,-7
219000346,35,117,-82
219000348,39,73,-34
219000349,7,98,-91
219000350,31,52,-21
219000351,0,7,-7
219000352,52,20,32
219000353,35,70,-35
219000354,71,137,-66
219000355,37,12,25
219000356,752,349,403
219000363,210,58,152
219000364,115,49,66
219000365,111,9,102
219000366,386,102,284
219000368,180,61,119
219000370,297,136,161
219000371,5,13,-8
219000382,10,15,-5
219000383,353,365,-12
219000385,408,285,123
219000386,568,725,-157
219000387,2,1,1
219000390,0,0,0
219000391,0,0,0
219000397,57,80,-23
219000398,74,28,46
219000401,7,25,-18
219000402,4,33,-29
219000403,17,46,-29
219000404,5,21,-16
219000407,6,5,1
219000409,0,0,0
219000410,0,0,0
219000411,0,0,0
219000446,121,322,-201
219000447,0,31,-31
219000448,0,0,0
219000452,0,0,0
219000453,38,40,-2
219000454,91,53,38
219000556,0,0,0
219000558,45,124,-79
219000590,5,47,-42
219000591,0,0,0
219000592,47,286,-239
219000595,1,17,-16
219000635,0,0,0
219000636,13,87,-74
219000657,9,8,1
219000658,8,33,-25
219000673,1,33,-32
219000676,0,3,-3
219000679,9,20,-11
219000684,10,1,9
219000685,0,42,-42
219000686,0,0,0
219000688,1,125,-124
219000689,59,84,-25
219000690,0,0,0
219000691,26,19,7
219000692,6,26,-20
219000693,0,21,-21
219000694,0,0,0
219000695,0,0,0
219000698,0,0,0
219000699,0,10,-10
219000727,1,134,-133
219000728,26,1,25
219000770,0,0,0
219000771,0,25,-25
219000788,145,170,-25
219001150,4,2,2
219001151,0,1,-1
219001166,0,0,0
219001167,1,25,-24
219001178,11,1,10
220000001,4,22,-18
220000002,13,61,-48
220000003,127,177,-50
220000004,143,243,-100
220000005,643,716,-73
220000006,75,473,-398
220000007,181,538,-357
220000008,124,513,-389
220000009,157,240,-83
220000010,29,28,1
220000011,117,58,59
220000012,7,7,0
220000014,3,16,-13
220000015,0,0,0
220000017,1,48,-47
220000018,218,111,107
220000019,10,59,-49
220000020,38,122,-84
220000021,107,74,33
220000022,196,285,-89
220000023,58,109,-51
220000024,501,290,211
220000025,108,228,-120
220000026,84,51,33
220000027,7,30,-23
220000028,12,25,-13
220000029,29,47,-18
220000030,10,48,-38
220000031,30,86,-56
220000064,0,0,0
221000046,2,1,1
221000047,0,1,-1
221000048,0,1,-1
221000049,0,6,-6
221000050,1,0,1
221000055,13,19,-6
221000068,56,27,29
221000069,53,7,46
221000070,33,3,30
221000071,5,2,3
221000072,29,2,27
221000073,13,26,-13
221000074,0,13,-13
221000075,2,19,-17
221000076,7,36,-29
221000077,13,70,-57
221000081,6,1,5
221000082,6,0,6
221000083,0,1,-1
221000084,2,0,2
221000085,6,33,-27
221000086,5,105,-100
221000087,2,70,-68
221000088,26,84,-58
221000089,26,80,-54
221000090,183,204,-21
221000098,4,2,2
221000099,31,3,28
221000100,4,0,4
221000101,52,16,36
221000103,4,41,-37
221000104,3,75,-72
221000107,2,4,-2
221000108,5,3,2
221000111,5,108,-103
221000112,2,98,-96
221000113,9,104,-95
221000114,13,143,-130
221000120,0,1,-1
221000121,0,0,0
221000122,0,0,0
221000123,0,5,-5
221000124,2,21,-19
221000155,0,0,0
221000156,0,0,0
221000175,0,0,0
221000176,0,1,-1
221000182,40,0,40
221000241,302,38,264
221000242,248,220,28
221000243,85,23,62
221000244,44,199,-155
221000245,11,70,-59
221000246,19,107,-88
221000247,7,55,-48
221000248,11,84,-73
221000267,3,147,-144
221000325,1,6,-5
221000331,0,11,-11
221000338,0,0,0
221000378,0,0,0
221000381,3,10,-7
222000282,0,0,0
222000296,0,0,0
222000568,0,0,0
222000569,0,0,0
222000570,0,0,0
222000571,0,0,0
222000577,1,31,-30
222000578,0,22,-22
222000579,7,13,-6
222000580,12,61,-49
222000599,0,8,-8
222000600,0,23,-23
222000601,1,57,-56
222000603,0,2,-2
222000604,0,0,0
222000605,0,0,0
222000606,0,0,0
222000607,0,0,0
222000608,0,0,0
222000609,0,1,-1
222000616,0,0,0
222000617,0,0,0
222000618,0,0,0
222000620,0,0,0
222000621,0,0,0
222000623,0,0,0
222000624,0,0,0
222000625,0,1,-1
222000636,0,0,0
222000686,0,0,0
222000687,0,0,0
222001066,0,0,0
222001067,0,0,0
222001068,0,0,0
222001069,0,0,0
222001082,0,8,-8
222001083,0,9,-9
222001084,0,3,-3
222001085,0,25,-25
222001111,0,29,-29
222001112,0,0,0
222001313,0,0,0
222001314,0,4,-4
222001464,0,0,0
222001465,0,0,0
222001484,0,0,0
222001485,0,0,0
222001494,0,0,0
222001495,0,0,0
222001496,0,0,0
222001497,0,0,0
222001502,24,72,-48
222001503,0,0,0
222001504,7,113,-106
222001505,0,0,0
222001506,12,162,-150
222001507,0,0,0
222001510,0,0,0
222001511,10,132,-122
222001514,1,0,1
222001515,64,205,-141
222001518,1,0,1
222001519,9,120,-111
222001527,0,0,0
222001528,12,77,-65
222001529,0,0,0
222001530,11,77,-66
222001533,59,243,-184
222001534,0,0,0
222001535,0,0,0
222001536,0,0,0
222001537,0,0,0
222001538,12,153,-141
222001563,0,0,0
222001564,15,271,-256
222001568,0,33,-33
222001576,0,0,0
222001579,0,0,0
222001583,0,0,0
222001584,0,0,0
222001596,19,259,-240
222001597,0,0,0
222001626,0,11,-11
222001650,0,10,-10
222001651,0,1,-1
222001914,0,0,0
222001915,7,72,-65
222001968,0,0,0
222001969,0,0,0
222001970,0,0,0
222001971,0,0,0
222001972,0,4,-4
225000001,26,3,23
225000002,11,2,9
225000003,15,2,13
225000004,14,15,-1
225000005,0,0,0
225000006,0,58,-58
225000007,1224,394,830
225000010,81,0,81
225000011,0,0,0
225000012,0,0,0
225000013,0,0,0
225000014,0,0,0
225000015,43,85,-42
225000021,0,0,0
225000027,84,236,-152
225000032,0,0,0
225000042,25,280,-255
225000049,10,40,-30
225000050,29,2,27
225000053,4,128,-124
225000058,0,0,0
225000067,33,126,-93
225000068,27,233,-206
225000069,44,227,-183
225000070,57,185,-128
225000071,9,133,-124
225000075,22,278,-256
225000076,29,42,-13
225000078,0,0,0
225000085,0,0,0
225000086,0,0,0
225000087,0,0,0
225000088,3,70,-67
225000089,396,270,126
225000090,5,107,-102
225000091,17,94,-77
225000092,10,36,-26
225000093,19,220,-201
225000094,4,220,-216
225000095,125,240,-115
225000096,59,135,-76
225000098,28,4,24
225000099,7,2,5
225000100,12,3,9
225000104,8,192,-184
225000110,3,175,-172
225000111,63,338,-275
225000112,56,395,-339
225000113,16,231,-215
225000114,30,79,-49
225000115,804,160,644
225000116,0,0,0
225000117,0,0,0
225000118,0,0,0
225000119,0,0,0
225000120,0,0,0
225000121,0,0,0
225000123,0,0,0
225000125,17,24,-7
225000126,215,5,210
225000127,300,28,272
225000128,22,4,18
225000132,65,17,48
225000133,66,18,48
225000134,190,16,174
225000135,43,3,40
225000136,48,0,48
225000137,20,4,16
225000138,104,1,103
225000143,19,79,-60
225000144,3,138,-135
225000145,0,0,0
225000146,10,66,-56
225000147,6,194,-188
225000148,0,100,-100
225000149,61,256,-195
225000151,25,149,-124
225000155,70,108,-38
225000156,49,196,-147
225000157,16,171,-155
225000158,17,187,-170
225000171,1,92,-91
225000180,4,1,3
225000181,0,17,-17
225000182,0,0,0
225000185,12,96,-84
225000187,25,140,-115
225000191,0,2,-2
225000194,0,30,-30
225000208,0,29,-29
225000209,0,0,0
225000210,1,65,-64
225000217,0,14,-14
225000218,0,0,0
225000223,1,43,-42
225000224,0,0,0
225000225,0,2,-2
225000226,0,0,0
225000227,36,31,5
225000228,0,0,0
225000229,1,28,-27
225000230,0,0,0
225000231,0,77,-77
225000232,0,0,0
225000241,0,0,0
225000242,0,67,-67
225000249,0,0,0
225000250,27,377,-350
225000251,126,18,108
226000042,77,219,-142
226000043,23,129,-106
226000044,31,387,-356
226000045,25,302,-277
226000046,81,19,62
226000047,62,31,31
226000048,84,31,53
226000049,72,27,45
226000070,0,24,-24
226000071,1,24,-23
226000072,0,0,0
226000073,0,4,-4
226000074,0,5,-5
226000084,2,25,-23
226000085,0,5,-5
226000086,3,1,2
226000087,1,4,-3
226000088,0,3,-3
226000090,17,9,8
226000091,0,0,0
226000092,0,1,-1
226000093,3,0,3
226000094,3,0,3
226000095,1,2,-1
226000105,1,0,1
226000106,0,0,0
226000107,1,0,1
226000108,1,0,1
226000109,5,0,5
226000124,66,19,47
226000134,165,134,31
226000135,277,163,114
226000136,44,51,-7
226000137,2,172,-170
226000138,7,114,-107
226000139,1,9,-8
226000156,13,2,11
226000157,38,4,34
226000163,19,57,-38
226000202,1,130,-129
226000231,76,2,74
226000232,3,0,3
227000033,0,0,0
227000036,0,0,0
227000037,0,0,0
227000038,0,0,0
227000049,0,6,-6
227000050,1,34,-33
227000055,0,0,0
227000056,0,0,0
227000084,0,23,-23
227000085,0,18,-18
227000088,0,0,0
227000089,0,0,0
227000090,0,0,0
227000091,0,0,0
227000093,0,0,0
227000094,0,0,0
227000130,10,57,-47
227000131,4,198,-194
227000132,7,173,-166
227000133,4,170,-166
227000134,6,205,-199
227000152,0,1,-1
227000153,0,31,-31
227000155,0,9,-9
227000156,0,17,-17
227000165,0,21,-21
227000196,17,82,-65
227000199,9,117,-108
227000230,18,133,-115
227000232,0,0,0
227000242,61,251,-190
227000243,0,0,0
227000245,30,322,-292
227000246,59,394,-335
227000247,0,0,0
227000248,0,0,0
227000249,21,233,-212
227000250,1,0,1
227000251,130,281,-151
227000252,21,328,-307
227000253,0,0,0
227000262,0,0,0
227000266,0,0,0
227000267,15,501,-486
227000282,13,58,-45
227000284,0,0,0
227000286,12,21,-9
227000287,21,59,-38
227000291,13,147,-134
227000484,0,0,0
227000485,18,212,-194
227000655,0,0,0
227000656,0,0,0
227000657,0,0,0
227000661,0,0,0
227000680,0,0,0
229000265,0,11,-11
229000296,0,7,-7
229000297,3,4,-1
229000298,9,17,-8
229000320,1,0,1
229000321,0,0,0
229000412,2,12,-10
229000414,0,14,-14
229000415,0,0,0
229000416,0,0,0
229000417,0,1,-1
229000419,6,47,-41
229000440,29,4,25
229000442,0,0,0
229000443,0,0,0
229000444,0,9,-9
229000445,1,0,1
229000446,0,5,-5
229000847,18,3,15
229000848,24,1,23
229000849,269,0,269
229000851,12,0,12
229000854,0,37,-37
229000856,0,80,-80
229000857,0,17,-17
229000858,1,78,-77
229000919,6,62,-56
229000930,2,114,-112
229000937,171,25,146
229000966,68,26,42
229000981,2,54,-52
229000985,0,1,-1
229000986,0,1,-1
229000987,0,0,0
229000988,0,0,0
229000989,0,0,0
229000990,0,0,0
229000991,0,0,0
229000992,0,0,0
229000993,4,2,2
229000998,10,6,4
229000999,6,0,6
229001034,0,3,-3
229001035,0,0,0
229001037,2,13,-11
229001042,11,0,11
229001047,0,8,-8
229001050,1,17,-16
229001200,1,0,1
229001338,0,11,-11
229001394,221,2,219
229001422,343,24,319
229001423,24,113,-89
229001431,192,26,166
229001432,29,61,-32
229001444,10,3,7
229001445,0,72,-72
229001503,280,42,238
229001504,36,91,-55
229001505,376,83,293
229001506,51,141,-90
229001509,2,13,-11
229001545,66,7,59
229001546,7,71,-64
229001553,78,5,73
229001554,4,81,-77
229001559,0,3,-3
229001560,2,1,1
229001630,5,0,5
229001631,6,5,1
229001635,0,1,-1
229001636,0,0,0
229001658,1,43,-42
229001659,137,4,133
229001660,0,0,0
229001661,0,6,-6
229001662,45,3,42
229001663,0,9,-9
229002584,15,8,7
229002831,17,24,-7
229002841,0,15,-15
229002842,1,10,-9
229002843,0,0,0
229002844,0,6,-6
229002845,0,34,-34
229002846,6,0,6
229002847,0,2,-2
229002848,0,1,-1
229002849,0,9,-9
229002850,0,0,0
229002851,3,17,-14
229002852,6,2,4
229002853,7,5,2
229002854,0,19,-19
229002855,1,14,-13
229002856,3,4,-1
229002857,0,9,-9
229002858,0,0,0
229002859,0,4,-4
229002860,2,1,1
229002861,4,2,2
229002862,0,1,-1
229002863,0,12,-12
229002864,1,3,-2
229002865,0,3,-3
229002866,0,4,-4
229002867,0,1,-1
229002868,0,2,-2
229002869,8,23,-15
229002870,1,0,1
235000066,0,0,0
235000067,0,0,0
235000072,17,38,-21
235000073,29,131,-102
235000074,10,43,-33
235000080,1,27,-26
235000081,15,69,-54
235000082,0,0,0
235000083,0,0,0
235000084,0,0,0
235000085,0,0,0
235000089,0,0,0
235000092,8,98,-90
235000093,1,2,-1
235000097,0,0,0
235000098,0,0,0
235000099,0,0,0
235000116,0,0,0
235000117,0,0,0
235000133,5,103,-98
235000134,3,34,-31
235000206,0,0,0
235000207,0,0,0
235000208,0,0,0
235000209,0,0,0
235000210,0,0,0
235000212,1,5,-4
235000213,2,6,-4
235000220,2,3,-1
235000221,11,15,-4
235000238,0,1,-1
235000239,0,0,0
235000242,19,19,0
235000245,570,103,467
235000246,0,40,-40
235000284,0,37,-37
235000295,0,0,0
235000305,0,0,0
235000306,0,0,0
235000307,0,0,0
235000308,0,0,0
235000309,0,0,0
235000310,0,0,0
235000311,0,6,-6
235000322,0,12,-12
235000323,0,12,-12
235000324,0,1,-1
235000325,0,7,-7
235000326,2,79,-77
235000351,0,19,-19
235000352,0,29,-29
235000353,0,5,-5
235000354,0,6,-6
235000355,0,13,-13
235000356,0,0,0
235000357,0,0,0
235000358,0,0,0
235000359,0,0,0
235000360,0,0,0
235000361,0,0,0
235000381,17,200,-183
235000382,0,0,0
235000390,0,0,0
235000391,0,0,0
235000392,0,0,0
235000393,0,0,0
235000395,0,0,0
235000396,0,0,0
235000400,0,0,0
235000401,8,114,-106
235000405,32,231,-199
235000406,13,127,-114
235000407,15,95,-80
235000409,118,106,12
235000410,16,109,-93
235000411,1,43,-42
235000485,0,23,-23
235000486,0,0,0
235000549,0,0,0
235000550,40,87,-47
235000599,38,42,-4
235000600,2,4,-2
235000601,0,0,0
235000602,0,0,0
235000614,0,1,-1
235000648,1,39,-38
235000649,0,0,0
235000685,0,3,-3
235000815,1,8,-7
235000834,0,3,-3
235000855,0,0,0
235000862,21,114,-93
235000891,0,8,-8
235000892,0,3,-3
235000901,65,48,17
235000907,0,6,-6
235001010,0,0,0
235001029,293,201,92
235001030,0,0,0
235001078,0,0,0
235001079,6,61,-55
235001147,0,0,0
235001166,0,0,0
235001167,5,26,-21
235001169,1,110,-109
235001188,0,4,-4
235001189,0,0,0
235001197,4,11,-7
235001200,20,33,-13
235001207,0,0,0
235001210,24,222,-198
235001215,9,144,-135
235001239,0,28,-28
235001244,0,0,0
235016267,0,7,-7
277102712,0,0,0
277103813,0,0,0
277103814,0,0,0
277104249,0,2,-2
277104250,0,0,0
277104251,0,2,-2
277104252,0,0,0
990011530,0,137,-137
990014944,1,259,-258
990015176,0,0,0
990015618,3,72,-69
990016032,0,63,-63
990032570,2,23,-21
990070001,0,3,-3
990070103,0,2,-2
990070601,0,7,-7
990070751,0,0,0
990070766,0,71,-71
990071180,1,61,-60
990071343,0,0,0
990071387,1,6,-5
990071823,0,0,0
990072600,2,252,-250
990072964,0,179,-179
990073285,0,1,-1
990074393,0,127,-127
990074870,11,8,3
990075106,0,1,-1
990075746,0,1,-1
990076437,0,3,-3
990076458,1,304,-303
997000007,0,3,-3
997000041,0,64,-64
997000058,0,0,0
997000062,0,0,0
997000069,0,3,-3
997000070,0,20,-20
997000100,0,1,-1
997000141,0,0,0
997000198,0,0,0
998000475,0,14,-14
998000736,0,43,-43
998000965,0,0,0
998001031,0,16,-16
998001700,0,27,-27
998001899,0,3,-3
998001900,31,0,31
998003073,0,0,0
998101900,0,0,0
998102850,0,2,-2
998501927,0,152,-152
998501929,7,1,6
998501930,9,0,9
998501931,2,2,0
998501932,4,1,3
998501933,0,0,0
998501937,0,0,0
998501944,0,0,0
998501950,0,2,-2
998501970,8,4,4
998501971,0,57,-57
998501973,0,30,-30
998501974,1,96,-95
998501975,0,0,0
998501976,4,0,4
998501977,0,24,-24
998501978,0,0,0
998501979,0,17,-17
998501980,0,1,-1
998501981,0,0,0
998501982,0,111,-111
998501983,0,2,-2
998502006,0,0,0
998502024,0,3,-3
998502032,0,1,-1
998502062,1,0,1
998502063,0,0,0
998502173,0,0,0
998502269,0,1,-1
998502546,0,12,-12
998502578,0,0,0
998502599,1,6,-5
998502621,0,0,0
998601159,0,43,-43
998601292,0,2,-2
999033574,0,259,-259
999800001,1,2,-1
999800002,0,0,0
999800003,1,3,-2
999800004,0,20,-20
999800005,0,9,-9
