dong,insum,outsum,diff
강남구 개포1동,704,717,-13
강남구 개포2동,10430,7540,2890
강남구 개포4동,6144,4307,1837
강남구 논현1동,19399,18943,456
강남구 논현2동,10588,13894,-3306
강남구 대치1동,7499,9921,-2422
강남구 대치2동,14089,17752,-3663
강남구 대치4동,12670,13439,-769
강남구 도곡1동,11565,11813,-248
강남구 도곡2동,3870,3615,255
강남구 삼성1동,17387,17515,-128
강남구 삼성2동,10609,10408,201
강남구 세곡동,16761,10255,6506
강남구 수서동,9432,12289,-2857
강남구 신사동,9712,13663,-3951
강남구 압구정동,18589,24622,-6033
강남구 역삼1동,38397,37010,1387
강남구 역삼2동,13430,12435,995
강남구 일원1동,5411,4513,898
강남구 일원2동,2044,1475,569
강남구 일원본동,7203,4912,2291
강남구 청담동,16370,18650,-2280
강동구 강일동,9926,5620,4306
강동구 고덕제1동,3766,2972,794
강동구 고덕제2동,5953,7277,-1324
강동구 길동,8883,6529,2354
강동구 둔촌제1동,135,257,-122
강동구 둔촌제2동,5404,5316,88
강동구 명일제1동,7710,7561,149
강동구 명일제2동,6519,5441,1078
강동구 상일동,8595,7281,1314
강동구 성내제1동,4594,3485,1109
강동구 성내제2동,4789,6278,-1489
강동구 성내제3동,6803,6539,264
강동구 암사제1동,6541,3775,2766
강동구 암사제2동,1836,3298,-1462
강동구 암사제3동,1383,482,901
강동구 천호제1동,3142,3374,-232
강동구 천호제2동,10188,13001,-2813
강동구 천호제3동,5520,6272,-752
강북구 미아동,12945,11645,1300
강북구 번1동,21486,22591,-1105
강북구 번2동,9206,7051,2155
강북구 번3동,14223,8968,5255
강북구 삼각산동,4387,3509,878
강북구 삼양동,12071,8491,3580
강북구 송중동,33691,38225,-4534
강북구 송천동,21757,20282,1475
강북구 수유1동,14681,11596,3085
강북구 수유2동,9728,6511,3217
강북구 수유3동,21589,28952,-7363
강북구 우이동,11875,11024,851
강북구 월곡제1동,1339,1810,-471
강북구 인수동,11929,8595,3334
강서구 가양제1동,8209,7632,577
강서구 가양제2동,2357,1790,567
강서구 가양제3동,2429,1707,722
강서구 공항동,8086,7389,697
강서구 등촌제1동,10583,11663,-1080
강서구 등촌제2동,5999,3838,2161
강서구 등촌제3동,11250,14987,-3737
강서구 발산제1동,15868,14267,1601
강서구 방화제1동,7447,7641,-194
강서구 방화제2동,5585,6168,-583
강서구 방화제3동,1621,1272,349
강서구 염창동,6533,4647,1886
강서구 우장산동,10753,10595,158
강서구 화곡본동,7345,4913,2432
강서구 화곡제1동,19966,20606,-640
강서구 화곡제2동,6002,3550,2452
강서구 화곡제3동,5842,6326,-484
강서구 화곡제4동,5973,4450,1523
강서구 화곡제6동,14966,10207,4759
강서구 화곡제8동,8277,8430,-153
관악구 낙성대동,16413,23260,-6847
관악구 난곡동,13107,6972,6135
관악구 난향동,6768,3678,3090
관악구 남현동,8122,7852,270
관악구 대학동,19277,28451,-9174
관악구 미성동,15757,12664,3093
관악구 보라매동,11840,10085,1755
관악구 삼성동,14077,13416,661
관악구 서림동,15680,6568,9112
관악구 서원동,21395,29691,-8296
관악구 성현동,9986,6906,3080
관악구 신림동,20967,26593,-5626
관악구 신사동,8229,6700,1529
관악구 신원동,3407,2606,801
관악구 은천동,12435,11990,445
관악구 인헌동,6003,4967,1036
관악구 조원동,13319,24867,-11548
관악구 중앙동,4455,3257,1198
관악구 청룡동,17807,13096,4711
관악구 청림동,3589,2359,1230
관악구 행운동,19996,17680,2316
광진구 광장동,3973,3490,483
광진구 구의제1동,7686,6912,774
광진구 구의제2동,8652,9041,-389
광진구 구의제3동,4696,7049,-2353
광진구 군자동,8991,7996,995
광진구 능동,6360,7409,-1049
광진구 자양제1동,2881,2009,872
광진구 자양제2동,12013,9171,2842
광진구 자양제3동,3380,2670,710
광진구 자양제4동,9991,10356,-365
광진구 중곡제1동,5181,3363,1818
광진구 중곡제2동,7076,6404,672
광진구 중곡제3동,6500,3699,2801
광진구 중곡제4동,4790,3594,1196
광진구 화양동,7521,9318,-1797
구로구 가리봉동,6239,8180,-1941
구로구 개봉제1동,19217,18355,862
구로구 개봉제2동,11761,11408,353
구로구 개봉제3동,5130,3582,1548
구로구 고척제1동,12993,10280,2713
구로구 고척제2동,12712,8021,4691
구로구 구로제1동,6766,5095,1671
구로구 구로제2동,21610,20145,1465
구로구 구로제3동,19380,24770,-5390
구로구 구로제4동,13736,12974,762
구로구 구로제5동,13089,15364,-2275
구로구 수궁동,11677,11095,582
구로구 신도림동,13542,19283,-5741
구로구 오류제1동,8708,6986,1722
구로구 오류제2동,6687,6080,607
구로구 항동,3127,1483,1644
금천구 가산동,20697,25189,-4492
금천구 독산제1동,20835,21602,-767
금천구 독산제2동,11469,7772,3697
금천구 독산제3동,14536,11653,2883
금천구 독산제4동,9071,5511,3560
금천구 미성동,83,109,-26
금천구 시흥제1동,19239,22767,-3528
금천구 시흥제2동,8649,6671,1978
금천구 시흥제3동,6192,5967,225
금천구 시흥제4동,7720,2878,4842
금천구 시흥제5동,13468,7928,5540
노원구 공릉1동,10313,10559,-246
노원구 공릉2동,11066,11441,-375
노원구 상계10동,4521,4228,293
노원구 상계1동,9054,8206,848
노원구 상계2동,7020,12884,-5864
노원구 상계3.4동,2929,2347,582
노원구 상계5동,6941,6240,701
노원구 상계6.7동,14131,14037,94
노원구 상계8동,4438,2605,1833
노원구 상계9동,4105,3220,885
노원구 월계1동,18028,17698,330
노원구 월계2동,8738,6032,2706
노원구 월계3동,7248,6788,460
노원구 중계1동,5727,4867,860
노원구 중계2.3동,7891,8989,-1098
노원구 중계4동,4445,5442,-997
노원구 중계본동,6978,4943,2035
노원구 하계1동,10067,8236,1831
노원구 하계2동,6826,7057,-231
도봉구 도봉제1동,11343,10496,847
도봉구 도봉제2동,7827,10891,-3064
도봉구 방학제1동,11788,10280,1508
도봉구 방학제2동,5494,4239,1255
도봉구 방학제3동,9732,5094,4638
도봉구 쌍문제1동,8480,6670,1810
도봉구 쌍문제2동,10707,8927,1780
도봉구 쌍문제3동,7292,10987,-3695
도봉구 쌍문제4동,6883,3717,3166
도봉구 창제1동,12873,14073,-1200
도봉구 창제2동,6970,5778,1192
도봉구 창제3동,7740,5315,2425
도봉구 창제4동,10478,11828,-1350
도봉구 창제5동,8413,8539,-126
동대문구 답십리제1동,10503,10138,365
동대문구 답십리제2동,12339,9148,3191
동대문구 면목제5동,354,121,233
동대문구 용신동,37325,40707,-3382
동대문구 이문제1동,6364,6116,248
동대문구 이문제2동,3532,2911,621
동대문구 장안제1동,15825,15953,-128
동대문구 장안제2동,12481,10032,2449
동대문구 전농제1동,13285,16077,-2792
동대문구 전농제2동,10954,6887,4067
동대문구 제기동,30015,28184,1831
동대문구 청량리동,21839,27595,-5756
동대문구 회기동,7749,7485,264
동대문구 휘경제1동,14299,13504,795
동대문구 휘경제2동,9824,7930,1894
동작구 노량진제1동,21397,28967,-7570
동작구 노량진제2동,14331,11459,2872
동작구 대방동,24810,19891,4919
동작구 사당제1동,7193,7391,-198
동작구 사당제2동,11823,10679,1144
동작구 사당제3동,5865,3603,2262
동작구 사당제4동,1349,1397,-48
동작구 사당제5동,5429,3542,1887
동작구 상도제1동,26481,24711,1770
동작구 상도제2동,13267,12478,789
동작구 상도제3동,10820,7493,3327
동작구 상도제4동,10342,5683,4659
동작구 신대방제1동,5297,5024,273
동작구 신대방제2동,16719,12187,4532
동작구 흑석동,18082,13737,4345
마포구 공덕동,10510,8612,1898
마포구 대흥동,12841,12791,50
마포구 도화동,4253,4521,-268
마포구 망원제1동,7191,4891,2300
마포구 망원제2동,4535,3599,936
마포구 상암동,22221,24067,-1846
마포구 서강동,5961,5377,584
마포구 서교동,37627,56978,-19351
마포구 성산제1동,8180,6493,1687
마포구 성산제2동,16038,11537,4501
마포구 신수동,3301,2536,765
마포구 아현동,15619,12598,3021
마포구 연남동,7231,6409,822
마포구 염리동,2043,2080,-37
마포구 용강동,9598,8368,1230
마포구 합정동,6498,12046,-5548
서대문구 남가좌제1동,9737,6829,2908
서대문구 남가좌제2동,13513,8566,4947
서대문구 북가좌제1동,3951,4418,-467
서대문구 북가좌제2동,12559,7712,4847
서대문구 북아현동,7512,7532,-20
서대문구 신촌동,39322,45542,-6220
서대문구 연희동,30732,30298,434
서대문구 천연동,17939,15118,2821
서대문구 충현동,17586,18485,-899
서대문구 홍은제1동,12278,9272,3006
서대문구 홍은제2동,20901,14686,6215
서대문구 홍제제1동,18378,19535,-1157
서대문구 홍제제2동,9202,7320,1882
서대문구 홍제제3동,10698,8574,2124
서초구 내곡동,9671,7930,1741
서초구 반포1동,14168,10992,3176
서초구 반포2동,3422,3581,-159
서초구 반포3동,10961,12385,-1424
서초구 반포4동,15163,19371,-4208
서초구 반포본동,6024,6310,-286
서초구 방배1동,8791,7965,826
서초구 방배2동,9595,10479,-884
서초구 방배3동,8165,6206,1959
서초구 방배4동,10251,10629,-378
서초구 방배본동,7228,5625,1603
서초구 서초1동,8648,8841,-193
서초구 서초2동,14879,20288,-5409
서초구 서초3동,16758,18068,-1310
서초구 서초4동,14031,17430,-3399
서초구 양재1동,34407,30935,3472
서초구 양재2동,17310,17386,-76
서초구 잠원동,11096,12371,-1275
성동구 금호1가동,5909,4285,1624
성동구 금호2.3가동,9577,8950,627
성동구 금호4가동,4901,3792,1109
성동구 마장동,7186,7271,-85
성동구 사근동,3685,3786,-101
성동구 성수1가제1동,3923,4634,-711
성동구 성수1가제2동,2683,4045,-1362
성동구 성수2가제1동,4006,3578,428
성동구 성수2가제3동,3797,4391,-594
성동구 송정동,3816,1984,1832
성동구 옥수동,8361,8230,131
성동구 왕십리도선동,7278,6546,732
성동구 왕십리제2동,6818,6880,-62
성동구 용답동,6467,5993,474
성동구 응봉동,5378,3517,1861
성동구 행당제1동,7455,10524,-3069
성동구 행당제2동,7757,5998,1759
성북구 길음제1동,14650,13826,824
성북구 길음제2동,8188,12492,-4304
성북구 돈암제1동,12853,9847,3006
성북구 돈암제2동,6215,3332,2883
성북구 동선동,14422,19206,-4784
성북구 보문동,7410,5605,1805
성북구 삼선동,21641,21145,496
성북구 석관동,7814,7149,665
성북구 성북동,16740,16351,389
성북구 안암동,9823,10102,-279
성북구 월곡제1동,11736,10785,951
성북구 월곡제2동,6500,6110,390
성북구 장위제1동,10782,7334,3448
성북구 장위제2동,8418,7048,1370
성북구 장위제3동,5330,3673,1657
성북구 정릉제1동,10147,8313,1834
성북구 정릉제2동,15116,10026,5090
성북구 정릉제3동,5357,6149,-792
성북구 정릉제4동,15377,12620,2757
성북구 종암동,22269,16579,5690
송파구 가락1동,2571,2457,114
송파구 가락2동,9941,7465,2476
송파구 가락본동,10956,10484,472
송파구 거여1동,2743,2036,707
송파구 거여2동,856,372,484
송파구 마천1동,4734,4196,538
송파구 마천2동,8106,5699,2407
송파구 문정1동,3059,2933,126
송파구 문정2동,9544,15058,-5514
송파구 방이1동,4374,2844,1530
송파구 방이2동,7967,9312,-1345
송파구 삼전동,9317,5641,3676
송파구 석촌동,12074,12133,-59
송파구 송파1동,8060,8797,-737
송파구 송파2동,4121,3104,1017
송파구 오금동,10150,8192,1958
송파구 오륜동,3774,4551,-777
송파구 위례동,6958,5164,1794
송파구 잠실2동,2559,5009,-2450
송파구 잠실3동,15514,22471,-6957
송파구 잠실4동,516,625,-109
송파구 잠실6동,6328,12513,-6185
송파구 잠실7동,2884,3253,-369
송파구 잠실본동,12756,10020,2736
송파구 장지동,7197,3822,3375
송파구 풍납1동,3769,2562,1207
송파구 풍납2동,7091,5679,1412
양천구 목1동,14934,20942,-6008
양천구 목2동,13435,11090,2345
양천구 목3동,13380,11964,1416
양천구 목4동,10608,6625,3983
양천구 목5동,11785,10057,1728
양천구 신월1동,4633,2073,2560
양천구 신월2동,5858,5510,348
양천구 신월3동,4360,3230,1130
양천구 신월4동,5507,4528,979
양천구 신월5동,4536,3996,540
양천구 신월6동,4426,2698,1728
양천구 신월7동,9308,6500,2808
양천구 신정1동,5944,7077,-1133
양천구 신정2동,3763,2143,1620
양천구 신정3동,18313,12681,5632
양천구 신정4동,13854,16763,-2909
양천구 신정6동,3269,2443,826
양천구 신정7동,4973,3949,1024
영등포구 당산제1동,7301,8453,-1152
영등포구 당산제2동,14561,17135,-2574
영등포구 대림제1동,8592,5907,2685
영등포구 대림제2동,3139,3625,-486
영등포구 대림제3동,8669,7420,1249
영등포구 도림동,6500,4452,2048
영등포구 문래동,9334,11715,-2381
영등포구 신길제1동,6805,4271,2534
영등포구 신길제3동,9092,6541,2551
영등포구 신길제4동,3290,2231,1059
영등포구 신길제5동,5052,5369,-317
영등포구 신길제6동,7159,5349,1810
영등포구 신길제7동,6511,4894,1617
영등포구 양평제1동,5945,5406,539
영등포구 양평제2동,9021,7799,1222
영등포구 여의동,32006,38698,-6692
영등포구 영등포동,28044,39824,-11780
영등포구 영등포본동,9145,11771,-2626
용산구 남영동,19723,20784,-1061
용산구 보광동,7102,3442,3660
용산구 서빙고동,7167,4975,2192
용산구 용문동,2956,2306,650
용산구 용산2가동,8101,7815,286
용산구 원효로제1동,7782,7430,352
용산구 원효로제2동,5487,3471,2016
용산구 이촌제1동,6839,6004,835
용산구 이촌제2동,2915,1494,1421
용산구 이태원제1동,6846,8182,-1336
용산구 이태원제2동,5171,3809,1362
용산구 청파동,8711,7862,849
용산구 필동,840,920,-80
용산구 한강로동,20076,26207,-6131
용산구 한남동,24280,24889,-609
용산구 효창동,5055,3339,1716
용산구 후암동,7534,5205,2329
은평구 갈현제1동,8275,5843,2432
은평구 갈현제2동,9797,7307,2490
은평구 구산동,10690,4348,6342
은평구 녹번동,14992,12228,2764
은평구 대조동,17526,25469,-7943
은평구 불광제1동,17421,13628,3793
은평구 불광제2동,13861,13250,611
은평구 수색동,6645,6122,523
은평구 신사제1동,10733,10556,177
은평구 신사제2동,9407,8017,1390
은평구 역촌동,15005,9954,5051
은평구 응암제1동,15143,18241,-3098
은평구 응암제2동,6809,3965,2844
은평구 응암제3동,10465,9284,1181
은평구 증산동,9808,9525,283
은평구 진관동,23212,23484,-272
종로구 가회동,2088,2347,-259
종로구 교남동,4798,3093,1705
종로구 무악동,2434,1956,478
종로구 부암동,9458,8786,672
종로구 사직동,23185,31623,-8438
종로구 삼청동,2824,4786,-1962
종로구 숭인제1동,885,907,-22
종로구 숭인제2동,9244,12072,-2828
종로구 이화동,10030,10237,-207
종로구 종로1.2.3.4가동,56724,87466,-30742
종로구 종로5.6가동,14365,18781,-4416
종로구 창신제1동,10205,8446,1759
종로구 창신제2동,4565,8500,-3935
종로구 창신제3동,2568,2040,528
종로구 청운효자동,6308,7176,-868
종로구 충현동,2078,814,1264
종로구 평창동,10835,9016,1819
종로구 혜화동,13672,17323,-3651
중구 광희동,11214,16593,-5379
중구 다산동,5102,4361,741
중구 동화동,1167,1027,140
중구 명동,16987,25285,-8298
중구 소공동,23566,37289,-13723
중구 신당동,6584,5005,1579
중구 신당제5동,6428,6633,-205
중구 약수동,3879,2961,918
중구 을지로동,4008,6898,-2890
중구 장충동,4304,4507,-203
중구 중림동,4788,3947,841
중구 청구동,2848,2277,571
중구 필동,3896,3744,152
중구 황학동,5214,5046,168
중구 회현동,24733,33317,-8584
중랑구 망우본동,16245,12931,3314
중랑구 망우제3동,4883,3250,1633
중랑구 면목본동,13138,14614,-1476
중랑구 면목제2동,5585,3927,1658
중랑구 면목제3.8동,11447,10865,582
중랑구 면목제4동,5388,4290,1098
중랑구 면목제5동,4681,2698,1983
중랑구 면목제7동,4168,4191,-23
중랑구 묵제1동,6880,7483,-603
중랑구 묵제2동,3624,2277,1347
중랑구 상봉제1동,7316,6556,760
중랑구 상봉제2동,11692,13806,-2114
중랑구 신내1동,13585,9885,3700
중랑구 신내2동,10982,8785,2197
중랑구 중화제1동,4030,5140,-1110
중랑구 중화제2동,11019,9276,1743
NA,287768,247947,39821
