ID,insum,outsum,diff
100000001,487,201,286
100000002,1432,3410,-1978
100000003,2034,2958,-924
100000004,121,651,-530
100000005,1579,1860,-281
100000006,216,174,42
100000007,781,1201,-420
100000008,26,168,-142
100000009,112,503,-391
100000010,25,112,-87
100000011,142,52,90
100000012,39,92,-53
100000013,0,45,-45
100000014,32,122,-90
100000015,572,899,-327
100000016,57,747,-690
100000017,86,896,-810
100000018,230,203,27
100000019,1096,1158,-62
100000020,584,2332,-1748
100000021,1607,534,1073
100000022,209,1466,-1257
100000023,1178,628,550
100000025,165,808,-643
100000028,283,861,-578
100000029,5,395,-390
100000030,61,17,44
100000031,980,3592,-2612
100000032,819,2210,-1391
100000033,464,1512,-1048
100000034,38,729,-691
100000035,167,435,-268
100000036,214,686,-472
100000037,400,225,175
100000038,1531,569,962
100000039,120,98,22
100000040,185,131,54
100000041,735,293,442
100000042,593,178,415
100000043,325,114,211
100000044,39,40,-1
100000045,65,215,-150
100000046,94,212,-118
100000047,25,130,-105
100000048,100,199,-99
100000049,591,389,202
100000051,227,202,25
100000053,45,1,44
100000054,84,15,69
100000055,189,158,31
100000056,205,219,-14
100000057,1183,196,987
100000058,423,272,151
100000059,16,67,-51
100000060,331,157,174
100000061,1507,364,1143
100000062,712,443,269
100000063,492,192,300
100000064,776,241,535
100000065,220,268,-48
100000066,55,199,-144
100000067,129,230,-101
100000068,175,588,-413
100000069,82,531,-449
100000072,121,207,-86
100000073,397,483,-86
100000075,386,83,303
100000076,520,2698,-2178
100000077,36,326,-290
100000078,5,32,-27
100000079,3,50,-47
100000080,3,41,-38
100000081,1,23,-22
100000102,1106,2397,-1291
100000103,708,1643,-935
100000104,1378,1040,338
100000105,606,539,67
100000106,313,1596,-1283
100000107,60,570,-510
100000108,145,283,-138
100000109,231,597,-366
100000116,139,191,-52
100000117,9,89,-80
100000118,334,446,-112
100000119,383,511,-128
100000121,45,237,-192
100000122,246,819,-573
100000123,589,1070,-481
100000124,789,1179,-390
100000125,2440,1496,944
100000126,203,221,-18
100000127,408,393,15
100000128,104,1761,-1657
100000129,75,274,-199
100000130,435,122,313
100000131,375,519,-144
100000132,334,758,-424
100000133,772,293,479
100000135,358,717,-359
100000139,114,340,-226
100000140,47,73,-26
100000142,299,183,116
100000143,230,111,119
100000144,620,239,381
100000147,751,2743,-1992
100000150,31,196,-165
100000151,46,699,-653
100000153,42,224,-182
100000154,2,380,-378
100000155,0,22,-22
100000156,18,169,-151
100000157,94,159,-65
100000158,65,99,-34
100000159,45,711,-666
100000165,493,204,289
100000169,36,817,-781
100000174,192,459,-267
100000179,10,303,-293
100000180,142,352,-210
100000181,140,113,27
100000188,20,26,-6
100000189,361,148,213
100000190,196,474,-278
100000191,402,290,112
100000192,6,113,-107
100000193,133,70,63
100000330,112,523,-411
100000355,109,231,-122
100000362,998,416,582
100000363,3852,4032,-180
100000364,76,157,-81
100000365,3218,4117,-899
100000366,932,444,488
100000367,3040,3281,-241
100000368,592,663,-71
100000369,143,1135,-992
100000370,40,642,-602
100000376,8,328,-320
100000379,227,1917,-1690
100000380,1224,3998,-2774
100000384,2549,3288,-739
100000385,520,2553,-2033
100000386,770,2576,-1806
100000387,1430,3070,-1640
100000388,1016,1908,-892
100000389,2088,3020,-932
100000390,1297,1248,49
100000391,1517,3522,-2005
100000392,302,947,-645
100000393,227,1888,-1661
100000394,713,2158,-1445
100000395,402,1826,-1424
100000396,489,797,-308
100000397,607,2616,-2009
100000398,3596,1885,1711
100000413,0,0,0
100900002,6,0,6
100900003,356,218,138
100900004,1,149,-148
100900005,100,5,95
100900006,20,1,19
100900007,52,1,51
100900008,0,39,-39
100900009,3,7,-4
100900010,24,4,20
100900011,125,87,38
100900012,0,17,-17
100900013,572,10,562
100900014,0,0,0
100900015,24,25,-1
100900016,0,17,-17
100900017,531,25,506
100900018,0,3,-3
100900019,0,2,-2
100900020,146,0,146
100900021,216,4,212
100900022,0,0,0
100900023,0,1,-1
100900024,168,1,167
100900025,0,1,-1
100900026,100,26,74
100900027,122,1235,-1113
100900028,47,125,-78
100900029,58,0,58
100900030,1,43,-42
100900031,580,24,556
100900032,210,0,210
100900033,67,162,-95
100900034,526,0,526
100900035,85,0,85
100900036,0,0,0
100900037,104,20,84
100900038,6,5,1
100900039,166,68,98
100900040,407,196,211
100900041,1058,59,999
100900042,36,1375,-1339
100900043,0,18,-18
100900044,351,241,110
100900045,0,0,0
100900046,660,4,656
100900047,360,52,308
100900048,56,2,54
100900049,22,33,-11
100900050,0,0,0
100900051,32,39,-7
100900052,61,2,59
100900053,481,0,481
100900054,0,1,-1
100900055,47,602,-555
100900056,4,41,-37
100900057,730,58,672
100900058,152,41,111
100900059,94,0,94
100900060,177,3,174
100900061,30,46,-16
100900062,0,0,0
100900063,129,430,-301
100900064,303,8,295
100900065,36,107,-71
100900066,76,13,63
100900067,1,0,1
100900068,71,38,33
100900069,54,0,54
100900070,382,3,379
100900071,131,29,102
100900072,2,2,0
100900073,60,139,-79
100900074,1,20,-19
100900075,517,54,463
100900076,0,14,-14
100900077,8,7,1
100900078,21,69,-48
100900079,0,0,0
100900080,32,27,5
100900081,6,72,-66
100900082,111,88,23
100900083,4,1,3
100900085,3,186,-183
100900086,17,200,-183
100900088,68,144,-76
100900089,0,45,-45
100900090,22,258,-236
100900091,0,1,-1
100900092,60,144,-84
100900093,163,128,35
100900094,93,44,49
100900095,0,5,-5
100900096,12,33,-21
100900097,0,0,0
100900098,14,1,13
100900099,0,48,-48
100900100,0,41,-41
100900101,102,2,100
100900102,1,19,-18
100900103,0,2,-2
100900104,0,37,-37
100900105,2,21,-19
100900106,1,3,-2
100900107,552,220,332
100900108,0,13,-13
100900109,16,1,15
100900110,3,11,-8
100900111,1,30,-29
100900112,0,6,-6
100900113,4,25,-21
100900114,0,14,-14
100900115,3,1,2
100900116,257,153,104
100900117,63,748,-685
100900118,4,38,-34
100900119,0,1,-1
100900120,2,0,2
100900121,251,183,68
100900122,3,30,-27
100900123,97,0,97
100900124,0,0,0
100900125,0,15,-15
100900126,166,4,162
100900127,0,0,0
100900128,14,85,-71
100900129,0,71,-71
100900131,6,20,-14
100900133,24,3,21
100900134,4,0,4
100900135,0,99,-99
100900137,52,13,39
100900138,76,76,0
100900139,2,0,2
100900140,0,29,-29
100900141,1,124,-123
100900142,0,3,-3
100900143,138,89,49
100900144,5,16,-11
100900145,5,68,-63
100900146,0,32,-32
100900147,0,391,-391
100900148,13,61,-48
100900149,0,203,-203
100900150,0,22,-22
100900151,5,130,-125
100900152,12,3,9
100900153,0,182,-182
100900154,14,39,-25
100900155,9,12,-3
100900156,0,0,0
100900157,9,172,-163
100900159,0,1,-1
100900160,9,0,9
100900161,3,1,2
100900162,2,77,-75
100900163,5,11,-6
100900164,75,1,74
100900165,60,54,6
100900166,1,1,0
100900167,4,25,-21
100900168,2,27,-25
100900169,9,244,-235
100900170,6,0,6
100900171,1,174,-173
100900172,0,106,-106
100900173,0,11,-11
100900174,1,3,-2
100900176,282,28,254
100900177,82,13,69
100900178,151,216,-65
100900179,51,40,11
100900180,0,0,0
100900181,3,5,-2
100900182,1,7,-6
100900184,2,32,-30
100900186,224,66,158
100900187,11,44,-33
100900188,50,5,45
100900189,696,196,500
100900191,89,508,-419
100900192,34,148,-114
100900195,52,89,-37
100900197,18,17,1
100900198,11,12,-1
100900199,6,3,3
100900200,425,58,367
100900201,8,379,-371
100900202,12,0,12
100900203,0,17,-17
100900204,7,21,-14
100900205,24,415,-391
100900206,48,86,-38
100900207,92,93,-1
100900210,4,56,-52
100900211,29,43,-14
100900213,40,13,27
100900214,46,50,-4
100900215,9,3,6
100900217,24,31,-7
101000001,730,1302,-572
101000002,2568,3038,-470
101000003,78,626,-548
101000004,2693,4593,-1900
101000005,2233,4137,-1904
101000006,2304,6673,-4369
101000007,775,2900,-2125
101000008,993,1521,-528
101000009,1039,240,799
101000010,398,334,64
101000011,245,96,149
101000012,117,310,-193
101000013,246,721,-475
101000014,196,278,-82
101000015,1957,602,1355
101000016,106,386,-280
101000017,135,209,-74
101000018,676,1795,-1119
101000020,527,553,-26
101000021,153,209,-56
101000022,57,285,-228
101000023,309,506,-197
101000025,131,362,-231
101000026,175,20,155
101000027,836,2006,-1170
101000028,475,208,267
101000029,8,540,-532
101000030,302,186,116
101000031,22,505,-483
101000032,939,2254,-1315
101000033,346,1705,-1359
101000034,214,1276,-1062
101000035,176,131,45
101000036,98,868,-770
101000037,320,1340,-1020
101000039,634,1237,-603
101000040,935,2338,-1403
101000041,912,3241,-2329
101000042,13,403,-390
101000043,1495,3076,-1581
101000045,89,409,-320
101000046,356,1178,-822
101000047,540,2538,-1998
101000048,181,283,-102
101000049,191,519,-328
101000050,217,750,-533
101000051,337,1345,-1008
101000052,492,839,-347
101000053,229,443,-214
101000054,477,199,278
101000055,483,778,-295
101000056,9,97,-88
101000057,278,1096,-818
101000058,225,1024,-799
101000059,636,1876,-1240
101000060,589,494,95
101000061,132,1271,-1139
101000062,87,283,-196
101000063,62,766,-704
101000064,124,562,-438
101000065,37,414,-377
101000066,116,710,-594
101000067,165,346,-181
101000068,70,212,-142
101000069,97,14,83
101000070,238,270,-32
101000071,1524,772,752
101000072,171,963,-792
101000073,188,982,-794
101000074,911,1626,-715
101000075,1261,897,364
101000077,949,991,-42
101000078,500,440,60
101000079,488,522,-34
101000080,483,282,201
101000081,672,839,-167
101000082,1040,738,302
101000083,1605,972,633
101000084,395,208,187
101000085,831,617,214
101000086,387,307,80
101000087,266,395,-129
101000088,846,601,245
101000089,348,667,-319
101000090,689,314,375
101000091,224,186,38
101000092,1055,382,673
101000093,558,225,333
101000094,295,225,70
101000095,272,287,-15
101000096,307,171,136
101000097,124,182,-58
101000098,183,298,-115
101000099,222,390,-168
101000100,722,836,-114
101000101,70,309,-239
101000102,306,468,-162
101000103,222,231,-9
101000104,93,382,-289
101000105,206,404,-198
101000106,153,1328,-1175
101000107,111,153,-42
101000108,168,50,118
101000109,243,33,210
101000110,1,101,-100
101000111,19,75,-56
101000113,57,440,-383
101000114,768,2497,-1729
101000115,13,0,13
101000116,20,0,20
101000117,113,14,99
101000119,6,63,-57
101000120,7,25,-18
101000121,5,37,-32
101000122,33,81,-48
101000123,17,64,-47
101000124,489,289,200
101000125,38,93,-55
101000128,73,757,-684
101000130,104,123,-19
101000131,842,226,616
101000132,295,246,49
101000135,0,31,-31
101000136,30,64,-34
101000137,10,224,-214
101000141,321,2392,-2071
101000147,534,175,359
101000148,365,7,358
101000149,20,38,-18
101000150,75,86,-11
101000151,204,15,189
101000152,152,115,37
101000153,170,92,78
101000154,389,241,148
101000155,451,64,387
101000156,15,105,-90
101000157,24,45,-21
101000160,6,0,6
101000163,39,442,-403
101000164,162,75,87
101000165,132,220,-88
101000166,54,128,-74
101000168,562,194,368
101000252,1464,352,1112
101000254,7,14,-7
101000258,43,2,41
101000261,84,34,50
101000262,738,2925,-2187
101000263,175,809,-634
101000265,20,377,-357
101000266,122,161,-39
101000269,1,11,-10
101000290,85,1609,-1524
101000293,12,2,10
101000294,141,151,-10
101000295,91,94,-3
101000301,177,539,-362
101000304,892,1784,-892
101000305,1210,762,448
101000328,34,590,-556
101900001,3,8,-5
101900002,0,2,-2
101900003,31,35,-4
101900004,1,36,-35
101900005,624,1751,-1127
101900006,361,34,327
101900007,66,75,-9
101900008,16,91,-75
101900009,22,192,-170
101900010,163,350,-187
101900011,42,444,-402
101900012,92,36,56
101900013,128,27,101
101900017,8,40,-32
101900018,164,49,115
101900019,15,15,0
101900020,59,35,24
101900021,0,2,-2
101900022,57,130,-73
101900023,28,27,1
101900026,38,16,22
101900027,19,69,-50
102000001,1412,3618,-2206
102000002,1290,604,686
102000003,911,4017,-3106
102000004,1316,1601,-285
102000005,476,2188,-1712
102000006,240,929,-689
102000007,558,2763,-2205
102000008,2262,892,1370
102000009,3508,3881,-373
102000010,1759,1141,618
102000011,2175,2520,-345
102000012,1852,1351,501
102000018,1063,1525,-462
102000019,765,660,105
102000026,189,206,-17
102000029,148,102,46
102000030,73,245,-172
102000031,47,87,-40
102000032,374,192,182
102000033,167,208,-41
102000034,195,189,6
102000035,286,149,137
102000036,10,155,-145
102000037,87,20,67
102000038,34,70,-36
102000039,39,13,26
102000040,55,95,-40
102000041,15,230,-215
102000042,25,184,-159
102000043,4,156,-152
102000044,159,479,-320
102000045,133,361,-228
102000046,798,191,607
102000047,310,221,89
102000048,294,241,53
102000049,476,307,169
102000050,279,504,-225
102000051,123,198,-75
102000052,430,393,37
102000053,473,729,-256
102000054,537,298,239
102000055,563,112,451
102000056,663,111,552
102000057,692,230,462
102000058,311,242,69
102000059,358,1074,-716
102000060,439,1042,-603
102000061,800,773,27
102000062,1170,476,694
102000063,613,639,-26
102000064,366,405,-39
102000065,8,109,-101
102000066,289,269,20
102000067,1220,2026,-806
102000068,3288,1361,1927
102000069,21,868,-847
102000070,915,17,898
102000071,2992,5780,-2788
102000072,1080,1492,-412
102000073,202,144,58
102000074,313,226,87
102000075,57,66,-9
102000076,200,97,103
102000077,410,120,290
102000078,857,154,703
102000079,65,46,19
102000080,210,81,129
102000081,94,356,-262
102000082,300,382,-82
102000083,273,61,212
102000084,612,42,570
102000085,581,224,357
102000086,1045,278,767
102000087,197,530,-333
102000088,252,109,143
102000089,899,185,714
102000090,176,650,-474
102000091,688,508,180
102000092,66,309,-243
102000093,319,544,-225
102000094,273,145,128
102000095,230,431,-201
102000096,691,166,525
102000097,439,182,257
102000098,203,197,6
102000099,565,270,295
102000100,73,387,-314
102000101,103,256,-153
102000102,65,430,-365
102000103,950,290,660
102000104,229,171,58
102000105,139,190,-51
102000106,348,96,252
102000107,1135,95,1040
102000108,272,114,158
102000109,204,148,56
102000110,817,235,582
102000111,1,127,-126
102000112,42,108,-66
102000113,0,17,-17
102000114,260,232,28
102000115,91,133,-42
102000116,119,464,-345
102000117,64,236,-172
102000118,483,1222,-739
102000119,381,810,-429
102000120,127,338,-211
102000121,547,272,275
102000122,272,517,-245
102000123,403,473,-70
102000124,629,536,93
102000125,285,276,9
102000126,244,224,20
102000127,550,222,328
102000128,369,328,41
102000129,604,269,335
102000130,251,421,-170
102000131,1315,526,789
102000132,425,818,-393
102000133,2022,471,1551
102000134,742,300,442
102000135,127,410,-283
102000136,240,264,-24
102000137,169,119,50
102000138,103,32,71
102000139,24,88,-64
102000140,48,111,-63
102000141,20,190,-170
102000142,148,68,80
102000143,131,92,39
102000144,196,49,147
102000145,131,104,27
102000146,193,89,104
102000147,152,188,-36
102000148,77,119,-42
102000149,187,67,120
102000150,407,33,374
102000151,58,25,33
102000152,101,63,38
102000153,299,273,26
102000154,114,240,-126
102000155,23,239,-216
102000156,120,69,51
102000157,16,140,-124
102000158,103,343,-240
102000159,524,594,-70
102000161,703,743,-40
102000162,58,71,-13
102000163,12,180,-168
102000164,139,397,-258
102000165,59,60,-1
102000166,14,60,-46
102000167,42,49,-7
102000168,75,66,9
102000169,30,343,-313
102000170,166,33,133
102000171,0,24,-24
102000172,2,141,-139
102000173,206,119,87
102000174,65,45,20
102000175,80,27,53
102000176,10,22,-12
102000178,65,166,-101
102000179,172,97,75
102000180,442,162,280
102000181,789,152,637
102000182,358,130,228
102000183,1072,404,668
102000184,740,314,426
102000185,1660,272,1388
102000186,631,472,159
102000187,382,274,108
102000188,647,501,146
102000189,1097,158,939
102000190,374,1075,-701
102000191,437,138,299
102000192,567,577,-10
102000193,18,80,-62
102000194,27,86,-59
102000195,324,149,175
102000196,136,142,-6
102000197,684,109,575
102000198,114,124,-10
102000199,914,71,843
102000200,84,243,-159
102000201,1076,157,919
102000202,1,17,-16
102000203,151,102,49
102000204,388,137,251
102000205,670,152,518
102000206,103,73,30
102000207,388,229,159
102000208,174,137,37
102000209,22,28,-6
102000210,274,48,226
102000211,277,29,248
102000212,332,12,320
102000213,0,44,-44
102000214,271,3,268
102000215,2,86,-84
102000216,137,53,84
102000217,1,36,-35
102000218,104,77,27
102000219,31,18,13
102000225,190,468,-278
102000226,15,77,-62
102000227,48,1,47
102000228,0,4,-4
102000229,39,38,1
102000230,139,179,-40
102000231,205,228,-23
102000232,11,77,-66
102000233,300,124,176
102000234,31,864,-833
102000236,71,12,59
102000237,236,84,152
102000238,66,138,-72
102000240,49,201,-152
102000241,93,4,89
102000243,0,27,-27
102000245,0,24,-24
102000246,19,85,-66
102000247,53,164,-111
102000248,180,365,-185
102000249,50,8,42
102000250,26,72,-46
102000254,361,49,312
102000266,3,63,-60
102000271,17,1,16
102000286,157,235,-78
102000297,780,214,566
102000299,0,0,0
102000301,0,0,0
102000305,0,0,0
102000307,0,7,-7
102900001,642,162,480
102900002,123,12,111
102900003,43,62,-19
102900005,197,93,104
102900006,207,24,183
102900007,392,3,389
102900008,138,5,133
102900009,92,74,18
102900010,157,430,-273
102900011,374,116,258
102900012,196,27,169
102900013,16,20,-4
102900015,485,133,352
102900016,51,1,50
102900017,104,36,68
102900018,22,9,13
102900019,76,137,-61
102900020,92,15,77
102900021,31,6,25
102900022,16,4,12
102900023,3,3,0
102900024,13,15,-2
102900025,23,6,17
102900026,121,1038,-917
102900027,7,9,-2
102900028,50,584,-534
102900029,24,70,-46
102900030,130,222,-92
102900031,115,14,101
102900032,31,20,11
102900033,24,20,4
102900034,431,18,413
102900035,75,89,-14
102900036,162,45,117
102900037,52,68,-16
102900038,139,55,84
102900039,62,259,-197
102900040,61,94,-33
102900041,28,36,-8
102900042,99,51,48
102900043,160,37,123
102900044,175,298,-123
102900045,88,120,-32
102900046,145,65,80
102900047,21,87,-66
102900048,171,74,97
102900049,28,100,-72
102900050,35,34,1
102900051,54,54,0
102900052,9,4,5
102900053,90,85,5
102900054,45,357,-312
102900055,13,134,-121
102900056,6,69,-63
102900057,1,17,-16
102900058,163,58,105
102900059,3,4,-1
102900060,18,49,-31
102900061,91,34,57
102900062,200,108,92
102900063,1084,73,1011
102900064,18,152,-134
102900065,360,111,249
102900066,102,3,99
102900068,18,71,-53
102900070,110,73,37
102900072,0,8,-8
102900073,4,0,4
102900075,1,31,-30
102900076,6,14,-8
102900077,2,4,-2
102900078,5,3,2
102900079,51,3,48
102900080,214,15,199
102900081,5,84,-79
102900082,19,24,-5
102900083,22,3,19
102900084,1,7,-6
102900085,15,3,12
102900086,0,3,-3
102900087,119,30,89
102900088,16,13,3
102900089,73,36,37
102900090,0,15,-15
102900091,168,3,165
102900092,186,51,135
102900093,75,88,-13
102900094,0,37,-37
102900095,42,1,41
102900096,15,7,8
102900097,26,18,8
102900098,5,0,5
103000001,1491,953,538
103000002,1701,1466,235
103000003,1715,1431,284
103000004,354,235,119
103000005,820,1466,-646
103000006,750,680,70
103000007,256,189,67
103000008,424,314,110
103000009,834,783,51
103000010,99,24,75
103000011,568,233,335
103000012,540,828,-288
103000013,1219,847,372
103000014,704,1300,-596
103000015,738,230,508
103000016,282,773,-491
103000017,138,544,-406
103000018,221,124,97
103000019,85,316,-231
103000020,928,897,31
103000021,1520,2237,-717
103000022,269,751,-482
103000023,557,1403,-846
103000024,35,55,-20
103000025,84,753,-669
103000026,81,55,26
103000027,38,482,-444
103000028,154,119,35
103000029,88,113,-25
103000030,921,618,303
103000031,513,1499,-986
103000032,964,546,418
103000033,2441,2119,322
103000034,677,455,222
103000035,73,715,-642
103000036,77,196,-119
103000037,387,209,178
103000038,225,474,-249
103000039,299,109,190
103000040,555,316,239
103000041,898,735,163
103000042,669,147,522
103000043,558,427,131
103000044,165,59,106
103000046,111,192,-81
103000047,323,128,195
103000048,189,58,131
103000049,58,62,-4
103000050,331,46,285
103000051,473,209,264
103000052,416,69,347
103000053,127,95,32
103000054,829,183,646
103000055,880,497,383
103000056,402,462,-60
103000057,823,76,747
103000058,413,152,261
103000059,426,255,171
103000060,391,145,246
103000061,482,321,161
103000062,263,47,216
103000063,594,366,228
103000064,40,43,-3
103000065,1,62,-61
103000066,76,3,73
103000069,146,54,92
103000070,358,110,248
103000071,630,387,243
103000072,99,208,-109
103000073,519,22,497
103000074,458,50,408
103000075,82,167,-85
103000076,153,464,-311
103000077,3,157,-154
103000078,300,405,-105
103000079,211,424,-213
103000080,190,238,-48
103000081,152,809,-657
103000082,300,58,242
103000083,39,133,-94
103000084,42,2,40
103000085,1,46,-45
103000086,299,298,1
103000087,127,457,-330
103000088,202,263,-61
103000089,145,511,-366
103000090,2700,1054,1646
103000091,481,454,27
103000092,169,110,59
103000093,157,259,-102
103000094,169,58,111
103000095,44,172,-128
103000096,323,1,322
103000097,2,261,-259
103000098,251,6,245
103000099,42,187,-145
103000100,66,149,-83
103000101,817,35,782
103000102,121,110,11
103000103,447,52,395
103000104,87,48,39
103000105,150,67,83
103000106,2,59,-57
103000107,139,8,131
103000108,734,908,-174
103000109,243,463,-220
103000110,252,630,-378
103000111,168,312,-144
103000112,139,210,-71
103000113,82,627,-545
103000114,761,289,472
103000115,512,672,-160
103000116,578,334,244
103000117,341,311,30
103000118,188,223,-35
103000119,389,180,209
103000120,30,114,-84
103000121,20,132,-112
103000122,275,646,-371
103000125,4,31,-27
103000126,356,0,356
103000127,0,61,-61
103000128,73,0,73
103000129,0,59,-59
103000130,49,15,34
103000131,42,47,-5
103000132,21,41,-20
103000133,15,104,-89
103000134,170,354,-184
103000135,248,162,86
103000136,157,131,26
103000137,128,410,-282
103000138,204,400,-196
103000139,0,10,-10
103000140,11,2,9
103000141,8,31,-23
103000142,49,22,27
103000143,17,82,-65
103000144,126,11,115
103000145,5,100,-95
103000150,27,28,-1
103000152,78,262,-184
103000153,145,212,-67
103000156,4,103,-99
103000157,339,2,337
103000159,193,37,156
103000162,28,3,25
103000163,3,9,-6
103000164,3,6,-3
103000165,19,111,-92
103000166,145,367,-222
103000167,91,115,-24
103000168,73,28,45
103000169,209,412,-203
103000170,1177,165,1012
103000171,6,26,-20
103000172,563,68,495
103000173,462,103,359
103000174,303,119,184
103000175,186,72,114
103000176,440,435,5
103000177,105,208,-103
103000178,40,165,-125
103000179,26,3,23
103000183,169,3,166
103000185,151,68,83
103000186,189,35,154
103000187,558,51,507
103000188,10,65,-55
103000189,399,697,-298
103000191,234,177,57
103000292,244,896,-652
103000293,282,1579,-1297
103000295,46,29,17
103000296,47,0,47
103000297,4,32,-28
103000504,55,5,50
103000505,1,4,-3
103000506,0,38,-38
103000507,98,1,97
103000508,12,43,-31
103000509,157,178,-21
103900001,28,50,-22
103900002,205,36,169
103900003,308,74,234
103900004,40,0,40
103900005,1,16,-15
103900006,0,0,0
103900007,93,0,93
103900008,2,0,2
103900009,205,48,157
103900010,142,16,126
103900011,256,11,245
103900012,2,41,-39
103900013,8,3,5
103900014,54,2,52
103900015,44,5,39
103900016,23,16,7
103900017,35,19,16
103900018,83,18,65
103900019,5,225,-220
103900020,117,248,-131
103900021,89,7,82
103900022,304,137,167
103900023,286,1,285
103900024,13,54,-41
103900025,1,3,-2
103900026,1,0,1
103900027,152,51,101
103900028,27,141,-114
103900029,589,93,496
103900030,140,72,68
103900031,47,0,47
103900032,81,103,-22
103900033,17,0,17
103900034,22,12,10
103900035,30,29,1
103900036,31,30,1
103900037,32,6,26
103900038,13,122,-109
103900039,87,68,19
103900040,8,118,-110
103900041,71,5,66
103900042,143,60,83
103900043,235,8,227
103900044,11,239,-228
103900045,140,96,44
103900047,104,1,103
103900048,4,5,-1
103900049,13,345,-332
103900050,20,108,-88
103900051,1,48,-47
103900052,110,164,-54
103900053,204,89,115
103900054,96,46,50
103900055,183,47,136
103900056,9,7,2
103900057,78,21,57
103900058,273,65,208
103900059,0,4,-4
103900060,38,30,8
103900061,200,3,197
103900062,237,89,148
103900063,1,0,1
103900064,122,0,122
103900065,95,78,17
103900066,177,62,115
103900067,180,7,173
103900068,0,0,0
103900069,16,0,16
103900070,55,47,8
103900071,5,20,-15
103900072,6,61,-55
103900073,13,14,-1
103900074,60,3,57
103900075,225,24,201
103900076,399,187,212
103900077,11,82,-71
103900078,122,25,97
103900079,45,18,27
103900080,1,2,-1
103900081,5,5,0
103900082,24,35,-11
103900083,1171,887,284
103900084,5,37,-32
103900085,26,25,1
103900086,640,80,560
103900088,118,177,-59
103900089,13,79,-66
103900090,2,21,-19
103900091,306,31,275
103900092,311,180,131
103900093,22,80,-58
103900094,2,34,-32
103900095,30,173,-143
103900096,54,17,37
103900097,7,99,-92
103900098,96,41,55
103900099,192,20,172
103900100,236,20,216
103900101,25,249,-224
103900102,0,4,-4
103900104,0,4,-4
103900105,3,7,-4
103900106,0,21,-21
103900107,124,41,83
103900108,10,50,-40
103900109,136,16,120
103900110,122,10,112
103900111,186,99,87
103900112,4,25,-21
103900113,36,74,-38
103900114,270,109,161
103900115,53,73,-20
103900116,457,738,-281
103900117,29,4,25
103900119,9,214,-205
103900120,8,40,-32
103900122,185,33,152
103900123,101,352,-251
103900124,10,40,-30
103900125,80,12,68
103900126,359,35,324
103900127,44,22,22
103900128,70,5,65
103900131,6,10,-4
103900133,446,2,444
103900134,0,2,-2
103900135,5,0,5
103900137,0,2,-2
103900138,166,28,138
103900139,68,1567,-1499
103900140,2,263,-261
103900141,73,34,39
103900142,299,15,284
103900143,138,1,137
103900144,15,14,1
103900145,58,31,27
103900146,186,67,119
103900147,193,40,153
103900148,152,22,130
103900149,157,64,93
103900150,1152,2353,-1201
103900151,0,30,-30
103900152,458,62,396
103900153,2,10,-8
103900154,54,1099,-1045
103900155,20,34,-14
103900156,25,23,2
103900157,113,17,96
103900158,181,10,171
103900159,155,3,152
103900160,22,13,9
103900161,8,58,-50
103900162,15,12,3
103900163,1,102,-101
103900167,2,47,-45
103900168,32,6,26
103900169,25,31,-6
103900170,1,15,-14
103900171,1,2,-1
103900172,0,0,0
103900173,7,7,0
103900174,164,6,158
103900175,0,75,-75
103900176,2,20,-18
103900177,3,1,2
103900178,40,3,37
103900179,56,3,53
103900180,11,12,-1
103900181,12,9,3
103900182,2,14,-12
103900184,42,18,24
103900185,38,316,-278
103900187,22,55,-33
103900188,63,46,17
103900189,76,0,76
103900190,55,4,51
103900191,9,39,-30
103900192,17,14,3
103900193,9,6,3
103900194,5,12,-7
103900195,1,52,-51
103900196,2,3,-1
103900197,0,7,-7
103900198,0,10,-10
103900199,99,5,94
103900200,159,29,130
103900201,16,24,-8
103900202,1,7,-6
103900203,32,23,9
103900204,0,9,-9
103900207,0,4,-4
103900208,72,0,72
103900209,3,9,-6
103900210,34,6,28
103900211,392,76,316
103900212,52,33,19
103900213,2,38,-36
103900214,120,135,-15
103900215,32,98,-66
103900216,2,42,-40
103900217,106,15,91
103900218,0,64,-64
103900219,151,16,135
103900233,22,2,20
103900235,11,21,-10
103900236,2,17,-15
103900242,0,1,-1
103900243,0,2,-2
103900244,66,32,34
103900245,27,9,18
103900246,5,13,-8
103900247,6,16,-10
103900248,0,8,-8
103900249,1,38,-37
103900250,8,9,-1
103900251,1,25,-24
103900253,1,10,-9
103900254,0,10,-10
103900255,1,1,0
103900256,2,16,-14
103900257,17,75,-58
103900258,1,0,1
103900259,1,1,0
103900261,8,0,8
103900262,5,1,4
103900263,1,3,-2
103900264,4,1,3
103900265,0,1,-1
103900266,1,30,-29
103900267,0,11,-11
103900268,7,12,-5
103900269,60,6,54
103900270,8,13,-5
103900271,18,7,11
103900272,49,5,44
103900273,37,0,37
103900274,48,4,44
103900275,62,1,61
103900276,0,1,-1
103900277,2,11,-9
103900278,0,7,-7
103900279,0,22,-22
103900280,2,4,-2
104000001,1307,792,515
104000002,1239,1212,27
104000003,1300,861,439
104000004,1564,1128,436
104000005,1152,1013,139
104000006,1267,1112,155
104000007,2816,2218,598
104000008,223,151,72
104000009,290,169,121
104000010,84,228,-144
104000011,117,92,25
104000012,70,144,-74
104000013,161,299,-138
104000014,78,163,-85
104000015,262,51,211
104000016,79,83,-4
104000018,490,91,399
104000019,549,137,412
104000020,49,182,-133
104000021,168,111,57
104000022,121,201,-80
104000023,849,188,661
104000024,110,72,38
104000026,26,34,-8
104000027,160,99,61
104000028,480,134,346
104000029,161,161,0
104000030,315,253,62
104000031,873,92,781
104000032,123,89,34
104000033,722,116,606
104000034,161,93,68
104000035,885,85,800
104000036,654,175,479
104000037,92,93,-1
104000038,305,139,166
104000039,158,68,90
104000040,41,316,-275
104000041,427,137,290
104000042,202,148,54
104000043,65,72,-7
104000044,158,166,-8
104000045,248,167,81
104000046,202,333,-131
104000047,196,355,-159
104000048,391,371,20
104000049,285,191,94
104000050,32,258,-226
104000051,72,262,-190
104000052,1199,858,341
104000053,532,247,285
104000054,356,102,254
104000055,1394,701,693
104000056,289,59,230
104000057,119,101,18
104000058,531,487,44
104000059,335,518,-183
104000060,671,636,35
104000061,508,392,116
104000062,221,29,192
104000064,383,88,295
104000065,60,334,-274
104000069,240,860,-620
104000070,15,337,-322
104000071,58,48,10
104000072,351,69,282
104000075,7,96,-89
104000076,208,21,187
104000082,1303,1736,-433
104000083,285,71,214
104000084,24,209,-185
104000085,228,73,155
104000086,204,183,21
104000087,122,344,-222
104000090,364,245,119
104000092,820,378,442
104000094,326,324,2
104000095,1368,610,758
104000096,1349,10,1339
104000097,1437,229,1208
104000098,2379,201,2178
104000100,1564,210,1354
104000101,731,593,138
104000106,64,384,-320
104000107,351,103,248
104000108,64,112,-48
104000109,158,33,125
104000110,253,648,-395
104000111,826,1632,-806
104000112,215,149,66
104000116,4,310,-306
104000117,221,143,78
104000118,610,42,568
104000119,376,103,273
104000120,289,128,161
104000121,96,224,-128
104000122,360,316,44
104000123,432,311,121
104000124,150,417,-267
104000125,695,1858,-1163
104000126,264,262,2
104000127,804,845,-41
104000128,344,77,267
104000129,180,6,174
104000130,0,266,-266
104000131,203,269,-66
104000132,299,206,93
104000133,763,653,110
104000134,469,961,-492
104000135,184,740,-556
104000136,305,1283,-978
104000137,1104,189,915
104000138,609,354,255
104000139,1474,1178,296
104000141,236,269,-33
104000142,342,193,149
104000143,392,105,287
104000144,55,109,-54
104000145,185,90,95
104000146,102,169,-67
104000147,82,117,-35
104000148,239,127,112
104000149,93,53,40
104000150,531,249,282
104000151,181,187,-6
104000152,178,179,-1
104000153,441,284,157
104000154,331,169,162
104000155,316,603,-287
104000157,776,552,224
104000158,47,228,-181
104000159,343,207,136
104000160,1130,1554,-424
104000161,60,54,6
104000162,67,55,12
104000165,298,279,19
104000167,365,974,-609
104000168,568,4,564
104000169,157,38,119
104000170,97,174,-77
104000248,239,205,34
104000251,15,52,-37
104000272,0,0,0
104000273,0,0,0
104000274,0,0,0
104000275,0,0,0
104000279,344,337,7
104000290,14,326,-312
104000291,412,558,-146
104000293,611,461,150
104000294,54,0,54
104000295,651,870,-219
104000296,317,307,10
104000297,741,1660,-919
104000298,1154,436,718
104000299,532,554,-22
104900001,15,30,-15
104900002,31,193,-162
104900003,12,50,-38
104900004,10,52,-42
104900005,231,59,172
104900006,369,18,351
104900007,267,71,196
104900009,86,115,-29
104900010,45,4,41
104900011,2,1,1
104900012,66,8,58
104900013,49,6,43
104900014,815,89,726
104900015,30,2,28
104900016,86,33,53
104900017,41,32,9
104900018,0,24,-24
104900019,33,2896,-2863
104900020,23,28,-5
104900021,2,39,-37
104900022,3,126,-123
104900023,0,13,-13
104900024,9,481,-472
104900025,43,82,-39
104900026,0,16,-16
104900027,506,193,313
104900028,5,293,-288
104900029,16,39,-23
104900030,243,168,75
104900031,5,80,-75
104900032,13,19,-6
104900033,114,78,36
104900034,309,58,251
104900035,302,137,165
104900036,425,18,407
104900037,67,63,4
104900038,22,724,-702
104900039,170,714,-544
104900040,463,85,378
104900041,159,38,121
104900042,119,83,36
104900043,22,258,-236
104900044,689,68,621
104900045,148,30,118
104900046,384,32,352
104900047,335,36,299
104900048,301,41,260
104900049,39,69,-30
104900050,500,15,485
104900051,189,26,163
104900052,141,0,141
104900053,265,11,254
104900054,164,14,150
104900055,330,1,329
104900056,223,3,220
104900057,35,1,34
104900058,126,13,113
104900059,59,40,19
104900060,0,46,-46
104900061,51,80,-29
104900063,0,45,-45
104900064,0,47,-47
104900065,21,44,-23
104900066,0,24,-24
104900067,1,26,-25
104900068,4,22,-18
104900070,6,32,-26
104900071,0,47,-47
104900072,3,79,-76
104900073,55,11,44
104900074,31,25,6
104900075,11,2,9
104900076,34,24,10
104900077,34,32,2
104900078,27,56,-29
104900079,58,446,-388
104900080,29,175,-146
104900082,2,23,-21
104900085,0,38,-38
104900087,169,1,168
104900089,461,0,461
104900090,809,287,522
104900091,137,168,-31
104900093,34,104,-70
104900097,299,964,-665
104900098,85,20,65
104900099,95,555,-460
104900100,175,34,141
104900102,5,53,-48
104900103,23,8,15
104900104,527,1170,-643
104900106,88,14,74
104900107,39,21,18
104900108,1,41,-40
104900109,20,85,-65
104900110,0,39,-39
104900111,121,65,56
104900112,218,68,150
104900113,287,45,242
104900114,242,90,152
104900115,473,28,445
104900116,215,10,205
104900118,2,4,-2
104900119,0,19,-19
104900120,13,180,-167
104900121,0,22,-22
104900122,0,14,-14
104900123,171,25,146
104900124,65,0,65
104900125,148,0,148
104900126,6,12,-6
104900127,1,0,1
104900128,49,31,18
104900129,393,1466,-1073
105000001,1496,585,911
105000002,1049,699,350
105000003,1088,1457,-369
105000004,630,433,197
105000005,900,747,153
105000006,642,986,-344
105000007,731,906,-175
105000008,285,1209,-924
105000009,1921,1850,71
105000010,1124,507,617
105000011,1897,1694,203
105000012,760,878,-118
105000013,493,566,-73
105000014,1858,1554,304
105000015,4260,7542,-3282
105000016,633,668,-35
105000017,905,618,287
105000018,378,603,-225
105000019,534,482,52
105000020,35,297,-262
105000021,150,76,74
105000022,34,43,-9
105000023,408,111,297
105000028,4,39,-35
105000029,328,559,-231
105000030,1507,929,578
105000033,436,585,-149
105000034,45,625,-580
105000037,282,79,203
105000038,398,671,-273
105000039,328,402,-74
105000040,522,492,30
105000041,208,324,-116
105000042,993,577,416
105000043,351,357,-6
105000044,319,149,170
105000045,69,183,-114
105000046,529,87,442
105000047,167,271,-104
105000048,770,180,590
105000049,122,182,-60
105000050,619,290,329
105000051,134,153,-19
105000052,307,314,-7
105000053,51,58,-7
105000054,219,229,-10
105000055,321,119,202
105000056,1117,787,330
105000057,936,179,757
105000058,596,437,159
105000059,702,400,302
105000060,225,233,-8
105000061,1035,266,769
105000062,240,251,-11
105000063,150,206,-56
105000064,1797,254,1543
105000065,214,202,12
105000066,413,376,37
105000067,1205,374,831
105000068,207,325,-118
105000069,656,1430,-774
105000070,236,691,-455
105000071,114,1243,-1129
105000072,580,2695,-2115
105000073,779,463,316
105000074,124,250,-126
105000075,290,252,38
105000076,555,412,143
105000077,876,236,640
105000078,327,416,-89
105000079,412,1026,-614
105000080,1072,1095,-23
105000081,584,533,51
105000082,459,863,-404
105000083,1431,1449,-18
105000084,198,416,-218
105000085,1680,1156,524
105000086,328,337,-9
105000087,537,671,-134
105000088,1051,1243,-192
105000089,796,460,336
105000090,107,153,-46
105000091,282,266,16
105000092,259,228,31
105000093,142,147,-5
105000094,72,70,2
105000095,109,214,-105
105000096,466,915,-449
105000097,275,225,50
105000098,797,693,104
105000099,287,409,-122
105000100,1079,413,666
105000101,1064,454,610
105000102,919,541,378
105000103,525,489,36
105000104,1226,366,860
105000105,671,445,226
105000106,909,261,648
105000107,1001,240,761
105000108,962,324,638
105000109,1460,249,1211
105000110,585,128,457
105000111,1082,166,916
105000112,509,180,329
105000113,427,365,62
105000114,536,796,-260
105000115,189,1184,-995
105000116,826,364,462
105000117,489,277,212
105000118,710,194,516
105000119,205,192,13
105000120,1313,231,1082
105000121,571,297,274
105000122,294,209,85
105000123,332,246,86
105000124,1250,272,978
105000125,582,398,184
105000126,1191,595,596
105000127,1628,506,1122
105000128,357,520,-163
105000129,676,96,580
105000130,107,1999,-1892
105000131,128,119,9
105000132,867,589,278
105000133,125,294,-169
105000134,1016,199,817
105000135,168,94,74
105000136,19,13,6
105000137,332,53,279
105000138,30,22,8
105000139,354,132,222
105000140,462,101,361
105000141,207,109,98
105000142,300,143,157
105000143,100,175,-75
105000144,180,145,35
105000145,535,202,333
105000146,208,145,63
105000147,464,135,329
105000148,469,338,131
105000149,1651,875,776
105000150,440,187,253
105000151,419,169,250
105000152,130,122,8
105000153,662,211,451
105000154,196,194,2
105000155,276,194,82
105000156,58,188,-130
105000157,305,321,-16
105000158,1397,281,1116
105000159,172,370,-198
105000160,2228,282,1946
105000161,371,314,57
105000162,457,1733,-1276
105000163,426,307,119
105000164,32,106,-74
105000165,205,5032,-4827
105000166,1435,1015,420
105000167,683,1742,-1059
105000168,188,125,63
105000169,481,88,393
105000170,261,526,-265
105000171,591,71,520
105000172,164,1,163
105000173,436,3,433
105000174,64,11,53
105000175,54,57,-3
105000176,510,42,468
105000177,232,170,62
105000178,191,76,115
105000179,1009,31,978
105000180,242,28,214
105000181,110,84,26
105000182,19,13,6
105000183,758,1513,-755
105000184,96,118,-22
105000185,128,520,-392
105000186,200,214,-14
105000187,391,159,232
105000188,113,179,-66
105000189,18,162,-144
105000190,116,101,15
105000191,144,106,38
105000192,200,60,140
105000193,116,54,62
105000194,459,29,430
105000195,117,165,-48
105000196,26,102,-76
105000197,111,137,-26
105000198,66,79,-13
105000199,29,225,-196
105000200,66,243,-177
105000201,78,18,60
105000203,15,59,-44
105000204,27,27,0
105000205,34,38,-4
105000207,59,42,17
105000208,84,176,-92
105000209,97,12,85
105000212,609,300,309
105000213,17,64,-47
105000214,80,79,1
105000215,90,51,39
105000216,61,50,11
105000217,46,43,3
105000218,1717,362,1355
105000221,90,63,27
105000222,125,35,90
105000223,235,28,207
105000226,58,47,11
105000227,29,47,-18
105000228,27,752,-725
105000229,69,298,-229
105000231,270,97,173
105000233,559,416,143
105000234,249,457,-208
105000235,504,230,274
105000237,720,47,673
105000243,31,75,-44
105000248,4,24,-20
105000262,181,123,58
105000269,91,55,36
105000270,458,15,443
105000271,0,92,-92
105000282,13,7,6
105000287,116,73,43
105000288,620,205,415
105000289,490,840,-350
105000290,22,7,15
105000402,631,1588,-957
105000426,118,203,-85
105000438,513,606,-93
105000446,1988,1788,200
105000447,1067,778,289
105000454,400,74,326
105000455,105,57,48
105000474,31,1,30
105000477,706,287,419
105000478,1131,2981,-1850
105000479,22,37,-15
105000480,2835,3531,-696
105000481,2090,1713,377
105000482,1018,1744,-726
105000483,698,811,-113
105000484,646,911,-265
105000485,605,1361,-756
105000486,626,621,5
105000488,1113,1276,-163
105000489,859,217,642
105000549,140,31,109
105000550,133,297,-164
105000551,3,46,-43
105000552,750,362,388
105000555,153,548,-395
105900001,2,470,-468
105900002,767,429,338
105900003,1,30,-29
105900004,29,13,16
105900005,9,57,-48
105900006,18,39,-21
105900007,5,21,-16
105900008,25,88,-63
105900009,63,18,45
105900011,113,17,96
105900012,344,77,267
105900013,0,16,-16
105900014,0,18,-18
105900015,62,76,-14
105900016,336,134,202
105900017,995,8,987
105900018,39,79,-40
105900019,34,55,-21
105900020,17,40,-23
105900021,22,181,-159
105900022,54,80,-26
105900023,22,63,-41
105900024,3,89,-86
105900025,226,4,222
105900026,100,5,95
105900027,2661,1134,1527
105900028,97,48,49
105900029,648,141,507
105900030,92,49,43
105900031,143,23,120
105900032,49,19,30
105900033,21,32,-11
105900034,83,31,52
105900035,112,61,51
105900036,78,13,65
105900037,49,22,27
105900038,71,72,-1
105900039,64,20,44
105900040,31,13,18
105900041,55,81,-26
105900042,19,28,-9
105900043,378,15,363
105900044,0,75,-75
105900045,0,294,-294
105900046,0,24,-24
105900047,0,0,0
105900048,73,81,-8
105900050,278,1143,-865
105900051,21,243,-222
105900052,226,10,216
105900053,658,1765,-1107
105900054,59,108,-49
105900056,240,303,-63
105900057,4,36,-32
105900058,7,9,-2
105900059,0,65,-65
106000001,1064,902,162
106000002,406,1188,-782
106000003,1681,1925,-244
106000004,1426,1367,59
106000005,2755,2100,655
106000006,1951,996,955
106000007,392,62,330
106000008,116,158,-42
106000009,284,72,212
106000010,175,251,-76
106000011,989,429,560
106000012,452,287,165
106000013,1460,634,826
106000014,491,584,-93
106000015,1792,516,1276
106000016,590,710,-120
106000017,817,297,520
106000018,271,276,-5
106000019,408,157,251
106000020,139,120,19
106000021,277,154,123
106000022,180,129,51
106000023,934,197,737
106000024,226,243,-17
106000025,150,133,17
106000026,70,86,-16
106000027,1726,601,1125
106000028,250,64,186
106000029,256,230,26
106000030,63,175,-112
106000034,13,89,-76
106000035,671,853,-182
106000036,27,366,-339
106000037,246,423,-177
106000038,14,39,-25
106000039,40,81,-41
106000040,36,750,-714
106000041,480,286,194
106000043,184,114,70
106000046,194,29,165
106000047,36,248,-212
106000049,740,36,704
106000050,76,131,-55
106000051,661,311,350
106000052,0,0,0
106000053,541,41,500
106000054,0,0,0
106000055,616,161,455
106000056,0,0,0
106000057,473,118,355
106000058,0,0,0
106000059,500,132,368
106000060,15,64,-49
106000061,135,488,-353
106000062,49,65,-16
106000063,577,486,91
106000064,0,0,0
106000065,436,123,313
106000066,17,15,2
106000067,335,24,311
106000068,49,29,20
106000069,341,10,331
106000070,110,22,88
106000071,567,121,446
106000072,858,568,290
106000073,656,2691,-2035
106000074,369,391,-22
106000075,229,412,-183
106000076,627,373,254
106000077,888,337,551
106000078,832,225,607
106000079,607,141,466
106000080,767,253,514
106000081,575,302,273
106000082,853,253,600
106000083,276,457,-181
106000084,391,253,138
106000085,689,419,270
106000086,252,88,164
106000087,511,338,173
106000088,278,127,151
106000089,610,97,513
106000090,311,141,170
106000091,153,228,-75
106000092,441,146,295
106000093,272,46,226
106000094,49,56,-7
106000095,830,312,518
106000096,1056,127,929
106000097,995,305,690
106000098,726,108,618
106000099,55,118,-63
106000100,908,65,843
106000101,589,36,553
106000102,37,129,-92
106000103,179,175,4
106000104,755,197,558
106000105,255,169,86
106000106,559,114,445
106000107,55,124,-69
106000108,433,69,364
106000109,70,64,6
106000110,365,48,317
106000111,102,76,26
106000112,166,511,-345
106000113,176,195,-19
106000114,208,436,-228
106000115,125,271,-146
106000116,252,100,152
106000117,350,188,162
106000118,733,674,59
106000119,457,244,213
106000120,481,740,-259
106000121,123,73,50
106000122,202,99,103
106000123,658,55,603
106000124,82,43,39
106000125,39,86,-47
106000126,334,47,287
106000127,917,240,677
106000128,709,81,628
106000129,328,201,127
106000130,691,158,533
106000131,27,442,-415
106000132,372,95,277
106000133,649,907,-258
106000134,175,1651,-1476
106000135,68,317,-249
106000136,585,950,-365
106000137,36,316,-280
106000138,1414,46,1368
106000139,93,53,40
106000140,6,13,-7
106000141,11,12,-1
106000142,192,84,108
106000143,4,11,-7
106000144,27,59,-32
106000145,109,41,68
106000146,388,35,353
106000147,177,377,-200
106000148,160,429,-269
106000149,552,268,284
106000150,597,1086,-489
106000151,1401,274,1127
106000152,475,774,-299
106000153,61,670,-609
106000154,492,63,429
106000155,90,183,-93
106000156,953,59,894
106000157,255,727,-472
106000158,678,426,252
106000159,898,1053,-155
106000160,310,1774,-1464
106000161,351,101,250
106000162,396,1001,-605
106000163,180,94,86
106000164,511,50,461
106000165,127,175,-48
106000166,713,43,670
106000167,265,223,42
106000168,555,56,499
106000169,86,139,-53
106000170,609,67,542
106000171,107,356,-249
106000172,1257,322,935
106000173,470,651,-181
106000174,794,89,705
106000175,116,111,5
106000176,1543,284,1259
106000177,420,381,39
106000178,1901,387,1514
106000179,401,276,125
106000180,515,366,149
106000181,1220,702,518
106000182,1242,186,1056
106000183,1147,167,980
106000184,682,272,410
106000185,745,729,16
106000186,131,27,104
106000187,12,465,-453
106000188,0,1,-1
106000189,2,14,-12
106000190,38,0,38
106000191,289,19,270
106000192,0,1,-1
106000193,54,99,-45
106000194,34,113,-79
106000195,133,50,83
106000196,85,214,-129
106000197,333,72,261
106000198,140,27,113
106000199,281,775,-494
106000200,118,136,-18
106000201,103,3828,-3725
106000202,1104,325,779
106000203,2,87,-85
106000204,43,0,43
106000205,1,102,-101
106000206,61,3,58
106000207,4,80,-76
106000208,1149,49,1100
106000209,1545,113,1432
106000210,90,249,-159
106000211,200,356,-156
106000212,1155,197,958
106000213,123,688,-565
106000214,616,170,446
106000215,251,183,68
106000216,441,104,337
106000217,142,186,-44
106000218,195,63,132
106000219,91,109,-18
106000220,429,90,339
106000221,168,28,140
106000222,44,47,-3
106000223,248,66,182
106000224,125,58,67
106000225,32,83,-51
106000226,36,70,-34
106000228,5,2,3
106000229,82,104,-22
106000231,793,19,774
106000232,40,50,-10
106000233,269,40,229
106000234,9,106,-97
106000235,89,58,31
106000236,35,133,-98
106000237,0,162,-162
106000238,19,40,-21
106000239,1,54,-53
106000240,2,6,-4
106000241,5,259,-254
106000242,108,16,92
106000249,102,52,50
106000250,35,319,-284
106000251,66,9,57
106000252,10,5,5
106000253,90,12,78
106000254,29,7,22
106000255,41,32,9
106000256,13,0,13
106000257,35,105,-70
106000258,22,9,13
106000259,6,20,-14
106000260,8,1,7
106000261,5,11,-6
106000262,47,1,46
106000263,7,12,-5
106000264,43,7,36
106000265,5,6,-1
106000266,121,8,113
106000267,7,33,-26
106000268,118,1,117
106000269,5,9,-4
106000270,61,58,3
106000271,26,32,-6
106000272,37,15,22
106000273,4,49,-45
106000274,63,1,62
106000275,140,66,74
106000276,13,9,4
106000277,112,85,27
106000278,50,1,49
106000279,0,6,-6
106000280,66,5,61
106000281,20,21,-1
106000282,67,9,58
106000283,39,7,32
106000284,127,26,101
106000285,16,39,-23
106000286,47,13,34
106000287,20,14,6
106000288,100,16,84
106000289,65,46,19
106000290,85,10,75
106000291,34,16,18
106000292,12,8,4
106000293,50,22,28
106000294,52,20,32
106000295,30,13,17
106000296,17,8,9
106000297,13,46,-33
106000298,11,20,-9
106000299,19,16,3
106000300,12,13,-1
106000301,22,40,-18
106000303,39,12,27
106000304,6,5,1
106000305,54,24,30
106000306,10,10,0
106000307,137,2,135
106000308,6,39,-33
106000309,2,42,-40
106000310,191,187,4
106000311,270,64,206
106000312,116,59,57
106000313,176,65,111
106000318,4,91,-87
106000319,464,132,332
106000320,0,89,-89
106000321,40,225,-185
106000322,119,25,94
106000324,29,206,-177
106000325,1423,318,1105
106000326,264,508,-244
106000327,247,27,220
106000328,12,13,-1
106000329,30,80,-50
106000330,7,48,-41
106000428,71,145,-74
106000429,95,272,-177
106000430,310,503,-193
106000431,1547,169,1378
106000432,467,780,-313
106000433,1747,671,1076
106000434,2313,723,1590
106000435,692,824,-132
106000436,3,89,-86
106000437,372,51,321
106000438,119,281,-162
106000439,5,287,-282
106000440,171,146,25
106000441,0,0,0
106000442,147,4,143
106000443,143,79,64
106000450,1,75,-74
106000451,38,55,-17
106000454,2,33,-31
106000455,0,65,-65
106000456,60,15,45
106000457,8,115,-107
106000458,900,227,673
106000459,75,95,-20
106000460,1518,18,1500
106000461,50,180,-130
106000462,5,20,-15
106000463,2,54,-52
106000464,2,674,-672
106000465,669,0,669
106000466,1,215,-214
106000467,118,171,-53
106000468,89,70,19
106000469,296,2,294
106000470,36,876,-840
106000471,0,133,-133
106000472,78,6,72
106000473,2,2,0
106000474,205,251,-46
106000475,231,133,98
106000476,101,259,-158
106000477,0,10,-10
106000480,0,110,-110
106900001,0,2,-2
106900002,0,93,-93
106900003,43,316,-273
106900004,0,8,-8
106900006,0,8,-8
106900007,0,2,-2
106900008,411,17,394
106900009,304,62,242
106900010,229,86,143
106900012,312,1628,-1316
106900013,288,163,125
106900014,73,1,72
106900015,12,0,12
106900016,255,10,245
106900017,1,1,0
106900018,22,0,22
106900019,151,0,151
106900020,506,1184,-678
106900021,182,50,132
106900022,1164,7,1157
106900023,26,31,-5
106900024,413,16,397
106900025,7,109,-102
106900026,0,111,-111
106900027,713,6,707
107000001,1735,2184,-449
107000002,732,691,41
107000003,4949,4583,366
107000004,1501,722,779
107000005,5155,3118,2037
107000006,1262,690,572
107000007,3007,3207,-200
107000008,1934,1103,831
107000009,5446,3392,2054
107000010,2376,1855,521
107000011,238,314,-76
107000012,975,674,301
107000013,35,11,24
107000014,33,21,12
107000015,126,59,67
107000016,260,165,95
107000017,384,353,31
107000018,1,294,-293
107000020,372,428,-56
107000021,429,222,207
107000022,426,641,-215
107000023,652,107,545
107000024,612,695,-83
107000025,113,144,-31
107000026,321,180,141
107000027,782,271,511
107000028,685,301,384
107000029,2463,1560,903
107000030,1026,818,208
107000031,2937,1227,1710
107000032,125,318,-193
107000033,867,1378,-511
107000034,1240,355,885
107000035,115,121,-6
107000036,195,678,-483
107000037,44,347,-303
107000038,74,71,3
107000039,443,448,-5
107000040,98,68,30
107000041,518,250,268
107000042,173,998,-825
107000043,623,240,383
107000044,146,60,86
107000045,26,92,-66
107000046,301,123,178
107000047,180,305,-125
107000048,294,72,222
107000049,157,228,-71
107000050,246,186,60
107000051,178,206,-28
107000052,496,1077,-581
107000053,207,261,-54
107000054,10,75,-65
107000055,149,131,18
107000056,269,293,-24
107000057,641,125,516
107000058,1558,1319,239
107000059,695,1073,-378
107000060,4106,2757,1349
107000061,1703,974,729
107000062,4605,1397,3208
107000063,1177,1181,-4
107000064,3259,2019,1240
107000065,1106,1352,-246
107000066,726,1398,-672
107000067,618,435,183
107000068,454,374,80
107000069,712,495,217
107000070,755,2,753
107000071,2359,30,2329
107000072,6,545,-539
107000073,520,356,164
107000074,39,202,-163
107000075,1199,83,1116
107000076,101,428,-327
107000077,2136,290,1846
107000078,196,450,-254
107000079,2129,416,1713
107000080,170,536,-366
107000081,2789,330,2459
107000082,271,288,-17
107000083,976,531,445
107000084,108,219,-111
107000085,1331,1139,192
107000086,1062,718,344
107000087,1394,981,413
107000088,901,890,11
107000089,1002,863,139
107000090,367,271,96
107000091,991,482,509
107000092,324,210,114
107000093,846,539,307
107000094,276,296,-20
107000095,939,377,562
107000096,268,278,-10
107000097,1149,195,954
107000098,177,340,-163
107000099,244,285,-41
107000100,117,190,-73
107000101,78,170,-92
107000102,132,226,-94
107000103,246,152,94
107000104,89,177,-88
107000105,432,106,326
107000106,65,89,-24
107000107,663,135,528
107000108,98,169,-71
107000109,652,106,546
107000110,6,200,-194
107000111,356,18,338
107000112,25,231,-206
107000113,694,40,654
107000114,24,383,-359
107000115,589,242,347
107000116,16,211,-195
107000117,145,949,-804
107000118,19,39,-20
107000119,559,1335,-776
107000120,756,428,328
107000121,532,247,285
107000122,351,252,99
107000123,392,274,118
107000124,335,169,166
107000125,784,148,636
107000126,824,202,622
107000129,169,183,-14
107000130,725,331,394
107000131,213,415,-202
107000132,363,142,221
107000133,188,25,163
107000134,150,0,150
107000135,0,161,-161
107000136,296,1,295
107000137,1,103,-102
107000138,26,6,20
107000139,4,229,-225
107000140,793,48,745
107000141,50,227,-177
107000142,282,29,253
107000143,29,235,-206
107000144,190,470,-280
107000145,35,110,-75
107000146,142,195,-53
107000147,1769,278,1491
107000150,104,2417,-2313
107000151,1,10,-9
107000152,219,1991,-1772
107000153,37,103,-66
107000154,4,59,-55
107000155,733,3,730
107000156,898,2,896
107000157,11,255,-244
107000158,684,2,682
107000159,10,165,-155
107000160,1301,82,1219
107000161,14,332,-318
107000162,116,398,-282
107000163,105,3,102
107000164,772,0,772
107000165,1237,6,1231
107000166,3,102,-99
107000167,480,98,382
107000168,539,186,353
107000169,131,176,-45
107000170,2748,371,2377
107000171,160,204,-44
107000172,1085,1395,-310
107000173,219,163,56
107000174,782,3785,-3003
107000175,1367,251,1116
107000176,0,0,0
107000177,0,0,0
107000178,38,2,36
107000179,219,520,-301
107000180,1519,94,1425
107000181,179,248,-69
107000182,1392,206,1186
107000183,80,220,-140
107000184,1049,185,864
107000185,151,323,-172
107000186,542,108,434
107000187,577,559,18
107000188,441,111,330
107000189,507,203,304
107000190,476,207,269
107000191,548,237,311
107000192,741,138,603
107000193,212,114,98
107000194,234,94,140
107000197,544,72,472
107000198,164,332,-168
107000199,174,180,-6
107000200,470,298,172
107000201,145,95,50
107000202,90,236,-146
107000203,130,322,-192
107000204,135,817,-682
107000205,295,97,198
107000206,72,442,-370
107000207,119,207,-88
107000208,92,171,-79
107000209,234,249,-15
107000210,68,104,-36
107000211,19,2,17
107000212,91,33,58
107000213,2,12,-10
107000214,4,14,-10
107000215,380,65,315
107000216,289,69,220
107000217,116,28,88
107000219,47,107,-60
107000220,55,41,14
107000222,72,90,-18
107000224,250,41,209
107000225,98,162,-64
107000226,370,22,348
107000227,34,73,-39
107000228,27,155,-128
107000229,36,71,-35
107000230,307,168,139
107000231,236,495,-259
107000232,29,4,25
107000233,69,254,-185
107000234,1,46,-45
107000235,48,10,38
107000236,1,129,-128
107000237,16,0,16
107000238,19,8,11
107000239,916,224,692
107000240,50,112,-62
107000241,14,2,12
107000242,85,15,70
107000243,0,44,-44
107000244,6,12,-6
107000246,0,181,-181
107000249,2,280,-278
107000251,0,10,-10
107000252,0,71,-71
107000255,73,76,-3
107000257,0,308,-308
107000258,1,154,-153
107000259,0,66,-66
107000260,1264,7,1257
107000262,0,63,-63
107000263,359,2,357
107000266,4,3,1
107000267,4,32,-28
107000268,70,17,53
107000269,5,1,4
107000270,114,24,90
107000271,0,0,0
107000272,51,0,51
107000273,1,73,-72
107000274,219,30,189
107000275,8,292,-284
107000280,1074,7,1067
107000281,8,155,-147
107000282,18,222,-204
107000290,18,8,10
107000291,18,3,15
107000292,0,37,-37
107000293,3,2,1
107000294,0,39,-39
107000295,20,10,10
107000296,0,18,-18
107000444,150,0,150
107000496,0,5,-5
107000497,350,445,-95
107000500,201,57,144
107000501,43,104,-61
107000502,129,82,47
107000505,142,220,-78
107000506,0,4,-4
107000508,0,44,-44
107000509,42,316,-274
107000510,2,6,-4
107000514,61,475,-414
107000515,2,41,-39
107000516,440,146,294
107000518,1010,1430,-420
107000519,330,154,176
107000520,143,10,133
107000521,708,85,623
107000522,880,330,550
107900001,40,4,36
107900002,17,3,14
107900003,286,2,284
107900004,44,1,43
107900005,1981,5,1976
107900006,52,10,42
107900007,247,8,239
107900008,36,4,32
107900009,143,3,140
107900010,13,0,13
107900012,275,28,247
107900013,134,10,124
107900014,68,1,67
107900015,1333,14,1319
107900016,101,36,65
107900017,13,0,13
107900018,53,391,-338
107900019,21,12,9
107900020,2,52,-50
107900021,98,6,92
107900023,0,1,-1
107900024,0,2,-2
107900025,74,35,39
107900026,27,23,4
107900027,0,246,-246
107900028,105,8,97
107900030,199,1,198
107900031,93,26,67
107900032,34,0,34
107900033,22,1,21
107900034,115,7,108
107900035,1214,36,1178
107900036,34,26,8
107900037,3,1,2
107900038,7,162,-155
107900039,5,5,0
107900040,22,512,-490
107900041,0,0,0
107900043,80,14,66
107900044,1,3,-2
107900045,36,30,6
107900046,500,143,357
107900047,62,10,52
107900048,186,11,175
107900049,60,520,-460
107900050,5,77,-72
107900051,37,12,25
107900052,0,88,-88
107900053,72,11,61
107900055,156,87,69
107900056,27,75,-48
107900057,1,0,1
107900058,12,73,-61
107900060,2,12,-10
107900061,0,23,-23
107900063,86,34,52
107900064,101,276,-175
107900065,475,7,468
107900066,4,3,1
107900067,0,0,0
107900068,26,310,-284
107900069,2,1929,-1927
107900070,126,112,14
107900071,1,116,-115
107900072,159,26,133
107900073,72,11,61
107900074,66,106,-40
107900076,121,10,111
107900077,100,1,99
107900078,46,7,39
107900079,7,1,6
107900080,13,196,-183
107900081,7,22,-15
107900082,2,1,1
107900083,378,68,310
107900084,80,99,-19
107900086,27,131,-104
107900087,78,25,53
107900088,27,2,25
107900089,42,152,-110
107900090,76,1120,-1044
107900091,41,88,-47
107900092,469,80,389
107900093,24,9,15
107900095,410,726,-316
107900097,19,15,4
107900098,83,110,-27
107900100,149,906,-757
107900101,89,20,69
107900102,27,0,27
107900103,6,49,-43
107900104,345,1,344
107900105,0,63,-63
107900106,0,136,-136
107900107,147,141,6
107900108,40,3,37
107900109,1422,9,1413
107900110,79,4,75
107900111,1,109,-108
107900112,34,200,-166
107900113,115,12,103
107900114,314,34,280
107900115,0,11,-11
107900116,220,30,190
107900117,126,78,48
107900118,1,56,-55
107900119,40,62,-22
107900120,38,2,36
107900121,0,31,-31
107900122,0,14,-14
107900123,4,41,-37
107900124,6,12,-6
107900125,4,24,-20
107900126,19,6,13
107900127,97,88,9
107900128,60,12,48
107900129,101,0,101
107900130,138,3,135
107900131,10,28,-18
107900132,12,71,-59
107900133,0,28,-28
107900134,5,21,-16
107900135,0,22,-22
107900136,4,7,-3
107900137,18,14,4
107900138,75,5,70
107900139,91,6,85
107900140,9,7,2
107900141,14,4,10
107900142,18,149,-131
107900143,2,16,-14
107900144,1,30,-29
107900145,0,7,-7
107900146,17,47,-30
107900147,18,6,12
107900148,96,46,50
107900149,186,23,163
107900150,1,96,-95
107900151,57,13,44
107900152,0,10,-10
107900153,39,103,-64
107900154,33,14,19
107900155,59,5,54
107900156,6,38,-32
107900157,4,12,-8
107900158,785,50,735
107900159,1,95,-94
107900160,100,50,50
107900161,31,36,-5
107900162,0,5,-5
107900163,2,20,-18
107900164,10,2,8
107900165,5,127,-122
107900166,28,26,2
107900167,11,73,-62
107900168,30,1,29
107900169,0,6,-6
107900171,0,109,-109
107900172,1,40,-39
107900173,73,19,54
107900174,127,6,121
107900175,4,38,-34
107900176,34,0,34
107900177,0,7,-7
107900178,0,6,-6
107900179,1,21,-20
107900180,56,835,-779
107900181,100,127,-27
107900182,0,88,-88
107900183,21,27,-6
107900184,43,10,33
107900185,31,1,30
107900186,6,8,-2
107900187,0,7,-7
107900188,99,23,76
107900189,5,15,-10
107900190,25,37,-12
107900191,16,19,-3
107900193,0,55,-55
107900194,97,14,83
107900195,216,92,124
107900196,35,11,24
107900197,60,79,-19
107900199,1,114,-113
107900201,51,23,28
107900203,11,3,8
107900204,48,55,-7
107900205,65,100,-35
107900206,37,277,-240
107900207,0,82,-82
107900208,2,99,-97
107900209,76,22,54
107900210,10,2,8
107900213,65,77,-12
107900214,1,16,-15
107900215,65,127,-62
107900216,0,15,-15
107900217,28,27,1
107900218,0,127,-127
107900219,1,5,-4
107900220,4,31,-27
107900221,16,51,-35
107900223,31,20,11
107900224,29,166,-137
107900225,0,48,-48
107900226,11,56,-45
107900227,16,67,-51
107900228,7,32,-25
107900229,3,22,-19
107900230,29,21,8
107900231,15,21,-6
107900232,105,10,95
107900233,1,23,-22
107900234,137,22,115
107900235,3,32,-29
107900236,194,11,183
107900237,14,105,-91
107900238,13,2,11
107900239,79,137,-58
107900240,10,21,-11
107900241,0,43,-43
107900242,6,14,-8
107900243,0,17,-17
107900244,320,1,319
107900245,744,24,720
107900246,166,18,148
107900248,320,15,305
107900249,633,57,576
107900250,0,82,-82
107900251,2,126,-124
107900252,437,47,390
107900253,112,9,103
107900254,8,76,-68
107900255,28,20,8
107900256,78,175,-97
107900257,219,66,153
107900258,110,30,80
107900259,12,1781,-1769
107900261,0,69,-69
107900262,38,42,-4
107900264,291,5,286
107900265,10,37,-27
107900267,263,10,253
107900268,2,1,1
107900269,0,3,-3
107900270,0,2,-2
107900271,0,13,-13
107900272,26,32,-6
107900273,11,18,-7
107900274,92,0,92
107900275,2,0,2
107900276,0,37,-37
107900277,0,11,-11
107900278,233,105,128
107900279,12,33,-21
107900280,637,250,387
107900281,359,4258,-3899
107900282,31,648,-617
107900283,404,358,46
107900284,468,181,287
107900285,80,28,52
107900286,8,5,3
107900287,320,39,281
107900290,1,215,-214
107900291,348,4,344
107900292,63,32,31
107900293,35,183,-148
107900295,20,14,6
107900297,1,116,-115
107900298,249,372,-123
107900299,1155,1917,-762
107900300,84,189,-105
107900301,217,279,-62
107900302,67,3,64
107900303,248,135,113
107900304,348,70,278
107900305,155,2,153
107900306,0,21,-21
107900307,4,86,-82
107900308,142,42,100
107900309,13,0,13
107900310,12,0,12
107900311,243,230,13
107900312,30,0,30
107900313,0,71,-71
107900314,2,115,-113
107900315,3,43,-40
107900316,38,0,38
107900317,50,1,49
107900318,1,175,-174
107900319,1,21,-20
107900320,4,25,-21
107900321,97,1,96
107900322,1,24,-23
107900323,6,42,-36
107900324,45,1,44
107900325,146,0,146
107900326,250,43,207
107900327,2,59,-57
107900328,1,0,1
107900329,5,30,-25
107900330,11,45,-34
107900331,388,1,387
107900332,378,0,378
107900333,107,1,106
107900334,6,34,-28
107900335,36,9,27
107900336,40,9,31
107900337,212,738,-526
107900338,0,74,-74
107900339,0,27,-27
107900340,0,98,-98
107900341,30,0,30
107900342,115,74,41
107900343,23,0,23
107900344,0,34,-34
107900345,20,4,16
107900346,3,0,3
107900347,16,0,16
107900348,0,2,-2
107900349,18,15,3
107900350,5,64,-59
107900351,0,16,-16
107900352,0,4,-4
107900353,4,1,3
107900354,2,242,-240
108000001,2857,1610,1247
108000002,514,803,-289
108000003,1756,1204,552
108000004,4106,3967,139
108000005,5392,2477,2915
108000006,1425,1390,35
108000007,3331,1756,1575
108000008,1235,1208,27
108000009,3767,1889,1878
108000010,993,1320,-327
108000011,8189,4824,3365
108000012,3329,3495,-166
108000014,226,670,-444
108000015,429,103,326
108000016,90,245,-155
108000017,796,164,632
108000018,1101,281,820
108000019,201,183,18
108000020,546,199,347
108000021,103,326,-223
108000022,233,332,-99
108000023,998,94,904
108000024,191,101,90
108000025,319,62,257
108000026,500,74,426
108000027,617,85,532
108000028,532,119,413
108000029,361,83,278
108000030,316,123,193
108000031,119,133,-14
108000032,1627,281,1346
108000033,282,252,30
108000034,1471,183,1288
108000035,244,464,-220
108000036,169,372,-203
108000037,1501,151,1350
108000038,2602,140,2462
108000039,178,356,-178
108000040,1552,347,1205
108000041,176,540,-364
108000042,399,50,349
108000043,62,62,0
108000044,656,52,604
108000045,54,75,-21
108000046,1250,93,1157
108000047,119,179,-60
108000048,48,61,-13
108000049,710,70,640
108000050,17,132,-115
108000051,247,151,96
108000052,32,177,-145
108000053,200,111,89
108000054,156,333,-177
108000055,447,205,242
108000056,183,418,-235
108000057,497,768,-271
108000058,864,2468,-1604
108000059,935,508,427
108000060,106,217,-111
108000061,49,94,-45
108000062,736,219,517
108000063,378,184,194
108000064,200,142,58
108000065,300,192,108
108000066,750,281,469
108000067,1353,386,967
108000068,820,92,728
108000069,77,239,-162
108000070,1756,170,1586
108000071,219,338,-119
108000072,1004,206,798
108000073,398,412,-14
108000074,540,152,388
108000075,203,161,42
108000076,706,159,547
108000077,202,168,34
108000078,2034,393,1641
108000079,171,267,-96
108000080,1454,158,1296
108000081,153,336,-183
108000082,230,262,-32
108000083,1228,383,845
108000084,92,233,-141
108000085,822,186,636
108000086,164,124,40
108000087,136,1456,-1320
108000088,174,7,167
108000089,112,134,-22
108000090,606,52,554
108000091,30,221,-191
108000092,329,27,302
108000093,166,178,-12
108000094,938,21,917
108000095,105,140,-35
108000096,547,85,462
108000097,40,132,-92
108000098,1499,410,1089
108000099,245,24,221
108000100,93,125,-32
108000101,1032,580,452
108000102,832,1932,-1100
108000106,340,1,339
108000107,1,581,-580
108000108,693,64,629
108000109,6,187,-181
108000110,396,86,310
108000111,127,261,-134
108000112,11,79,-68
108000113,124,170,-46
108000115,178,95,83
108000117,198,196,2
108000118,23,130,-107
108000119,274,59,215
108000120,116,571,-455
108000121,235,162,73
108000122,629,178,451
108000123,444,126,318
108000124,184,114,70
108000125,422,109,313
108000126,127,115,12
108000127,356,99,257
108000128,638,41,597
108000129,100,123,-23
108000130,342,78,264
108000131,538,98,440
108000132,115,181,-66
108000133,1096,93,1003
108000134,156,84,72
108000135,1175,293,882
108000136,67,87,-20
108000137,478,86,392
108000138,184,149,35
108000139,464,94,370
108000140,487,11,476
108000141,18,11,7
108000142,17,12,5
108000143,9,11,-2
108000144,86,7,79
108000145,42,3,39
108000146,126,7,119
108000147,55,8,47
108000148,106,2,104
108000149,4,10,-6
108000150,63,5,58
108000151,0,28,-28
108000152,31,33,-2
108000153,722,37,685
108000154,29,5,24
108000155,53,27,26
108000156,134,48,86
108000157,57,1274,-1217
108000158,20,448,-428
108000159,79,103,-24
108000160,852,845,7
108000161,657,2436,-1779
108000165,0,230,-230
108000172,9,112,-103
108000173,369,1115,-746
108000175,419,39,380
108000178,185,90,95
108000179,38,525,-487
108000181,100,3,97
108000182,40,1,39
108000183,1,4,-3
108000184,161,1774,-1613
108000185,162,114,48
108000186,401,18,383
108000187,48,99,-51
108000188,954,48,906
108000189,156,1078,-922
108000190,3,32,-29
108000192,114,96,18
108000193,144,12,132
108000194,3,2,1
108000195,1,260,-259
108000196,61,34,27
108000198,228,28,200
108000199,0,40,-40
108000200,810,44,766
108000202,0,53,-53
108000203,45,81,-36
108000204,191,63,128
108000205,80,77,3
108000339,263,195,68
108000364,49,85,-36
108000365,13,104,-91
108000367,39,104,-65
108000368,6,20,-14
108000369,116,89,27
108000371,4,371,-367
108000372,430,0,430
108000373,133,56,77
108000376,121,10,111
108000377,508,55,453
108000378,5764,7397,-1633
108000379,6,60,-54
108000381,241,9,232
108000382,58,0,58
108000383,0,72,-72
108900001,13,168,-155
108900002,74,16,58
108900003,23,226,-203
108900004,6,268,-262
108900005,43,146,-103
108900006,487,54,433
108900007,238,46,192
108900008,163,37,126
108900009,58,76,-18
108900010,332,50,282
108900011,838,70,768
108900012,417,119,298
108900013,143,72,71
108900014,2,47,-45
108900015,1,182,-181
108900016,1,112,-111
108900017,30,68,-38
108900018,153,186,-33
108900019,6,102,-96
108900020,27,54,-27
108900021,43,78,-35
108900022,107,45,62
108900023,8,27,-19
108900024,22,39,-17
108900025,168,17,151
108900026,16,40,-24
108900027,0,23,-23
108900028,69,97,-28
108900029,30,62,-32
108900030,0,4,-4
108900031,94,57,37
108900032,1,33,-32
108900033,0,25,-25
108900034,0,27,-27
108900035,114,303,-189
108900036,70,134,-64
108900037,12,80,-68
108900038,0,26,-26
108900039,0,64,-64
108900040,3,42,-39
108900041,1660,1448,212
108900042,0,197,-197
108900043,24,258,-234
108900044,0,111,-111
108900045,96,60,36
108900046,7,93,-86
108900047,0,53,-53
108900048,16,160,-144
108900049,498,1182,-684
108900050,1,77,-76
108900051,0,31,-31
108900052,4,35,-31
108900053,7,194,-187
108900054,59,44,15
108900055,9,67,-58
108900056,1,27,-26
108900057,1,38,-37
108900058,16,94,-78
108900059,553,40,513
108900060,37,48,-11
108900061,11,1,10
108900062,3,70,-67
108900063,19,64,-45
108900064,230,12,218
108900065,5,85,-80
108900066,319,37,282
108900067,1,87,-86
108900068,21,37,-16
108900069,57,17,40
108900070,10,23,-13
108900071,115,9,106
108900072,722,127,595
108900073,8,34,-26
108900074,282,52,230
108900075,4,15,-11
108900076,484,4,480
108900077,57,97,-40
108900078,60,19,41
108900079,142,25,117
108900080,11,489,-478
108900081,18,111,-93
108900082,45,22,23
108900083,5,143,-138
108900084,85,57,28
108900085,265,34,231
108900086,112,22,90
108900087,30,60,-30
108900088,238,77,161
108900089,0,46,-46
108900090,61,65,-4
108900091,60,9,51
108900092,226,68,158
108900093,52,20,32
108900094,98,22,76
108900095,6,55,-49
108900096,42,1,41
108900097,50,62,-12
108900098,513,718,-205
108900099,150,41,109
108900100,31,19,12
108900101,93,104,-11
108900102,6,917,-911
108900103,217,89,128
108900104,19,70,-51
108900105,2,1397,-1395
108900106,205,54,151
108900108,151,8,143
108900109,547,45,502
108900110,54,40,14
108900111,143,119,24
108900112,205,23,182
108900113,62,18,44
108900114,66,3,63
108900115,171,88,83
108900116,37,4,33
108900117,171,3,168
108900118,532,14,518
108900119,357,7,350
108900120,355,122,233
108900121,184,23,161
108900122,162,14,148
108900123,298,26,272
108900124,511,29,482
108900125,523,4,519
108900126,68,35,33
108900127,277,38,239
108900128,173,3,170
108900129,818,55,763
108900130,294,4,290
108900131,445,2,443
108900132,328,14,314
108900133,269,15,254
108900134,486,28,458
108900135,217,1,216
108900136,19,4,15
108900137,189,1,188
108900138,456,7,449
108900139,486,21,465
108900140,425,47,378
108900141,410,15,395
108900142,63,0,63
108900143,89,0,89
108900144,61,0,61
108900145,215,5,210
108900146,66,0,66
108900147,261,1,260
108900148,30,2,28
108900149,148,32,116
108900150,184,15,169
108900151,15,2,13
108900152,51,1,50
108900153,130,67,63
108900154,3204,169,3035
108900155,48,15,33
108900156,77,3,74
108900157,6,87,-81
108900158,401,18,383
108900159,4,68,-64
108900160,3,114,-111
108900161,4,95,-91
108900162,154,18,136
108900163,4,315,-311
108900164,37,5,32
108900165,38,11,27
108900167,256,6997,-6741
108900168,1759,1189,570
108900169,40,39,1
108900171,1291,2430,-1139
108900172,145,34,111
108900173,96,74,22
108900174,780,84,696
108900176,18,86,-68
108900177,1192,4851,-3659
108900178,1005,2708,-1703
108900179,102,891,-789
108900180,65,157,-92
108900182,37,145,-108
108900183,55,51,4
108900184,197,136,61
108900185,20,132,-112
108900186,10,95,-85
108900187,472,7,465
108900188,676,19,657
108900189,149,12,137
108900190,3,367,-364
108900191,37,145,-108
108900192,20,111,-91
108900193,12,21,-9
108900194,0,51,-51
108900195,65,32,33
108900196,6,86,-80
108900198,0,103,-103
108900199,50,79,-29
108900200,442,164,278
108900201,119,310,-191
108900203,351,21,330
108900204,269,2,267
108900205,148,9,139
108900206,326,19,307
108900207,140,149,-9
108900208,6,63,-57
108900209,78,148,-70
108900210,129,43,86
108900211,32,267,-235
108900212,57,710,-653
108900215,36,129,-93
108900216,97,111,-14
108900217,34,2,32
108900218,37,1,36
108900219,25,5,20
108900220,9,16,-7
108900221,12,34,-22
108900222,142,12,130
108900223,5,104,-99
108900224,84,126,-42
108900225,1,86,-85
108900226,319,11,308
108900227,87,114,-27
108900230,46,50,-4
108900231,4,54,-50
108900232,1,74,-73
108900233,250,79,171
108900234,140,65,75
108900235,109,154,-45
108900236,15,181,-166
108900237,34,47,-13
108900240,85,26,59
108900241,41,33,8
108900245,6,959,-953
108900249,63,10,53
108900250,207,53,154
108900257,123,54,69
108900258,0,12,-12
108900259,0,14,-14
108900260,4,3,1
108900261,3,6,-3
108900262,44,10,34
108900263,35,16,19
108900264,20,41,-21
108900265,140,265,-125
108900266,88,543,-455
108900267,1,157,-156
108900268,5,11,-6
108900269,19,13,6
108900270,68,4,64
108900271,21,1,20
108900272,165,1,164
108900273,105,207,-102
108900274,9,5,4
109000001,2012,2452,-440
109000002,270,887,-617
109000003,2017,253,1764
109000004,268,725,-457
109000005,1608,222,1386
109000006,259,488,-229
109000007,1536,218,1318
109000008,297,433,-136
109000009,2692,411,2281
109000010,272,697,-425
109000011,3557,1047,2510
109000012,540,866,-326
109000013,3802,2992,810
109000014,611,560,51
109000015,2366,7060,-4694
109000016,1127,627,500
109000017,2695,463,2232
109000018,277,631,-354
109000019,1802,540,1262
109000020,525,390,135
109000023,110,4,106
109000024,2,127,-125
109000025,201,279,-78
109000026,172,88,84
109000027,72,265,-193
109000028,40,30,10
109000029,53,205,-152
109000030,8,76,-68
109000031,339,53,286
109000032,9,63,-54
109000033,548,72,476
109000034,5,33,-28
109000035,0,9,-9
109000036,13,262,-249
109000037,228,2470,-2242
109000038,138,164,-26
109000039,818,539,279
109000040,1428,11100,-9672
109000041,536,1917,-1381
109000042,308,1295,-987
109000044,395,14,381
109000045,37,11,26
109000046,524,5,519
109000047,14,23,-9
109000048,323,85,238
109000049,62,31,31
109000050,290,81,209
109000051,33,2,31
109000052,322,302,20
109000053,238,78,160
109000054,39,197,-158
109000055,162,188,-26
109000056,52,94,-42
109000057,659,285,374
109000058,102,86,16
109000059,50,562,-512
109000060,62,273,-211
109000061,87,1050,-963
109000062,58,234,-176
109000063,104,13,91
109000064,468,28,440
109000065,171,22,149
109000066,351,37,314
109000067,11,32,-21
109000068,237,8,229
109000069,158,5,153
109000070,10,232,-222
109000071,222,33,189
109000072,41,145,-104
109000073,47,71,-24
109000074,6,118,-112
109000075,24,29,-5
109000076,45,125,-80
109000077,134,126,8
109000078,57,79,-22
109000079,92,151,-59
109000080,140,33,107
109000081,102,169,-67
109000082,472,65,407
109000083,184,181,3
109000088,94,71,23
109000089,399,46,353
109000090,59,125,-66
109000091,409,47,362
109000092,48,84,-36
109000093,439,95,344
109000094,875,5,870
109000095,73,140,-67
109000096,769,41,728
109000097,14,49,-35
109000098,15,84,-69
109000099,539,69,470
109000100,152,205,-53
109000101,1380,202,1178
109000102,283,151,132
109000103,443,154,289
109000104,2060,110,1950
109000105,201,231,-30
109000106,1198,133,1065
109000107,275,259,16
109000108,1903,170,1733
109000109,168,213,-45
109000110,853,262,591
109000111,397,304,93
109000112,31,41,-10
109000113,123,61,62
109000114,105,104,1
109000115,316,1,315
109000116,9,131,-122
109000117,108,7,101
109000118,1,141,-140
109000119,1558,19,1539
109000120,137,200,-63
109000121,682,2,680
109000122,94,209,-115
109000123,20,57,-37
109000124,603,75,528
109000125,792,92,700
109000126,209,156,53
109000127,1054,43,1011
109000128,258,307,-49
109000129,2819,105,2714
109000130,175,341,-166
109000131,484,487,-3
109000132,206,553,-347
109000133,104,305,-201
109000134,221,389,-168
109000135,109,242,-133
109000136,103,129,-26
109000137,232,100,132
109000138,196,105,91
109000139,495,99,396
109000140,92,85,7
109000141,338,180,158
109000142,53,179,-126
109000143,67,20,47
109000145,25,47,-22
109000146,46,14,32
109000148,710,784,-74
109000149,27,54,-27
109000150,14,70,-56
109000155,571,445,126
109000156,459,72,387
109000158,9,129,-120
109000159,38,122,-84
109000160,1167,72,1095
109000161,343,214,129
109000162,1362,142,1220
109000163,737,315,422
109000164,721,708,13
109000165,957,220,737
109000166,782,54,728
109000167,72,139,-67
109000170,27,20,7
109000171,51,6,45
109000172,3,18,-15
109000173,0,103,-103
109000174,167,21,146
109000175,46,34,12
109000176,256,72,184
109000177,12,30,-18
109000178,886,68,818
109000179,1436,4061,-2625
109000180,1228,1648,-420
109000181,39,2,37
109000182,56,3,53
109000183,61,6,55
109000184,28,7,21
109000185,9,4,5
109000188,157,331,-174
109000189,1967,191,1776
109000190,482,169,313
109000191,204,147,57
109000192,440,40,400
109000193,254,41,213
109000194,105,14,91
109000195,106,46,60
109000196,150,4,146
109000197,140,76,64
109000198,250,15,235
109000199,16,47,-31
109000206,125,15,110
109000207,89,3,86
109000208,73,55,18
109000209,110,32,78
109000210,47,113,-66
109000211,889,200,689
109000214,129,115,14
109000215,113,40,73
109000216,290,297,-7
109000217,41,54,-13
109000218,118,106,12
109000221,53,180,-127
109000222,389,22,367
109000223,382,279,103
109000224,84,44,40
109000225,169,12,157
109000226,35,35,0
109000227,1565,161,1404
109000228,0,189,-189
109000231,0,49,-49
109000232,477,41,436
109000236,61,235,-174
109000241,734,250,484
109000242,726,192,534
109000293,38,29,9
109000361,31,64,-33
109000364,44,130,-86
109000396,0,141,-141
109000397,593,2,591
109000399,33,147,-114
109000400,69,71,-2
109000403,4,658,-654
109000406,311,2,309
109000407,37,35,2
109000408,0,1,-1
109000410,460,53,407
109000411,97,20,77
109900001,41,0,41
109900002,419,5,414
109900003,603,6,597
109900004,88,67,21
109900005,12,0,12
109900006,402,23,379
109900007,1020,83,937
109900008,0,6,-6
109900009,61,130,-69
109900010,485,4,481
109900011,46,36,10
109900012,302,55,247
109900013,239,34,205
109900014,165,62,103
109900015,108,25,83
109900016,88,11,77
109900017,179,70,109
109900018,140,5,135
109900019,45,17,28
109900020,45,10,35
109900021,38,6,32
109900022,39,39,0
109900023,49,5,44
109900024,4,0,4
109900025,1,16,-15
109900026,0,84,-84
109900027,34,33,1
109900028,316,1573,-1257
109900029,1,46,-45
109900030,5,5,0
109900031,0,200,-200
109900032,7,50,-43
109900033,2,163,-161
109900034,27,11,16
109900035,46,64,-18
109900036,3,3,0
109900037,11,141,-130
109900038,68,48,20
109900039,2,0,2
109900040,26,143,-117
109900041,5,47,-42
109900042,0,63,-63
109900044,31,34,-3
109900045,60,27,33
109900046,79,11,68
109900047,56,79,-23
109900048,6,13,-7
109900049,9,13,-4
109900050,0,10,-10
109900051,0,3,-3
109900052,16,84,-68
109900053,0,65,-65
109900054,910,44,866
109900055,157,194,-37
109900056,1,100,-99
109900057,0,30,-30
109900058,0,6,-6
109900059,1400,31,1369
109900060,582,29,553
109900061,34,28,6
109900062,0,33,-33
109900063,10,212,-202
109900064,404,49,355
109900065,46,33,13
109900066,52,125,-73
109900067,0,78,-78
109900068,85,4,81
109900069,0,1,-1
109900070,24,72,-48
109900071,0,3,-3
109900072,3,22,-19
109900073,436,86,350
109900074,2,8,-6
109900075,5,4,1
109900076,7,34,-27
109900077,12,9,3
109900078,50,44,6
109900080,55,43,12
109900081,0,91,-91
109900082,30,46,-16
109900083,0,11,-11
109900084,11,69,-58
109900085,56,92,-36
109900086,41,538,-497
109900087,46,91,-45
109900089,431,35,396
109900090,186,202,-16
109900091,572,9,563
109900092,70,10,60
109900093,823,67,756
109900094,9,24,-15
109900095,15,54,-39
109900096,25,5,20
109900097,120,0,120
109900098,436,6,430
109900099,335,0,335
109900100,28,0,28
109900101,1045,3,1042
109900102,190,14,176
109900103,9,49,-40
109900104,853,118,735
109900105,496,22,474
109900106,249,23,226
109900107,525,17,508
109900108,73,78,-5
109900109,18,21,-3
109900110,12,85,-73
109900111,74,75,-1
109900112,107,89,18
109900113,682,208,474
109900114,177,691,-514
109900115,96,43,53
109900117,1322,47,1275
109900118,85,66,19
109900119,62,89,-27
109900120,36,12,24
109900121,105,69,36
109900122,545,2,543
109900123,0,20,-20
109900124,10,64,-54
109900125,1,54,-53
109900126,400,8,392
109900128,288,2,286
109900130,1274,2102,-828
109900131,4,68,-64
109900132,9,65,-56
109900133,46,95,-49
109900134,16,10,6
109900135,36,14,22
109900136,4,11,-7
109900137,93,48,45
109900140,53,26,27
109900142,1807,130,1677
109900145,1,397,-396
109900146,42,20,22
109900148,2,12,-10
109900149,3,8,-5
109900150,1,19,-18
109900151,16,14,2
109900152,0,10,-10
109900153,0,6,-6
109900154,7,1,6
109900155,9,7,2
109900157,112,44,68
109900158,45,12,33
109900159,62,8,54
109900160,50,18,32
109900161,313,18,295
109900162,188,24,164
109900163,185,50,135
109900164,64,145,-81
109900165,59,2,57
109900166,1,26,-25
109900167,62,149,-87
109900168,73,184,-111
109900169,135,34,101
109900170,78,743,-665
109900171,217,75,142
109900172,130,150,-20
109900173,540,1284,-744
109900174,10,40,-30
109900175,16,21,-5
109900176,17,38,-21
109900177,11,25,-14
109900178,2,9,-7
109900179,1,40,-39
109900180,0,4,-4
110000001,156,150,6
110000002,543,330,213
110000003,180,353,-173
110000004,342,320,22
110000005,158,1608,-1450
110000006,94,288,-194
110000007,87,30,57
110000008,9,83,-74
110000009,7,3,4
110000010,8,69,-61
110000011,7,12,-5
110000012,227,114,113
110000013,34,291,-257
110000014,313,291,22
110000015,93,349,-256
110000016,194,890,-696
110000017,1308,172,1136
110000018,980,192,788
110000019,6,26,-20
110000020,208,100,108
110000021,73,89,-16
110000022,818,33,785
110000023,1,32,-31
110000024,170,124,46
110000025,757,2,755
110000026,14,112,-98
110000027,197,323,-126
110000028,589,186,403
110000029,173,272,-99
110000030,320,251,69
110000031,111,161,-50
110000032,699,106,593
110000033,42,50,-8
110000034,659,172,487
110000035,220,341,-121
110000036,1139,225,914
110000037,38,214,-176
110000038,126,524,-398
110000039,426,3533,-3107
110000040,241,84,157
110000041,306,2146,-1840
110000042,46,112,-66
110000043,572,229,343
110000044,33,76,-43
110000045,55,49,6
110000046,8,24,-16
110000047,26,30,-4
110000048,0,87,-87
110000049,4,11,-7
110000050,4,73,-69
110000051,7,7,0
110000052,22,28,-6
110000053,10,13,-3
110000054,34,148,-114
110000055,85,30,55
110000056,46,23,23
110000057,160,295,-135
110000058,325,164,161
110000059,238,207,31
110000060,624,311,313
110000061,246,307,-61
110000062,493,267,226
110000063,34,125,-91
110000064,21,15,6
110000065,156,86,70
110000066,77,8,69
110000067,14,46,-32
110000068,123,42,81
110000069,567,7,560
110000071,394,4,390
110000073,5,1,4
110000075,42,2,40
110000076,282,347,-65
110000077,152,681,-529
110000078,107,14,93
110000080,50,117,-67
110000081,15,60,-45
110000082,3,137,-134
110000083,123,191,-68
110000084,753,641,112
110000085,519,365,154
110000086,386,1173,-787
110000087,12,3,9
110000088,139,82,57
110000089,156,29,127
110000090,81,83,-2
110000091,198,80,118
110000092,1,32,-31
110000093,10,3,7
110000094,109,44,65
110000095,69,647,-578
110000096,526,1431,-905
110000097,393,1153,-760
110000098,892,176,716
110000099,545,860,-315
110000100,1304,57,1247
110000101,117,73,44
110000102,57,27,30
110000104,196,139,57
110000105,49,113,-64
110000106,142,394,-252
110000107,108,138,-30
110000108,47,108,-61
110000109,83,115,-32
110000110,788,1658,-870
110000111,1297,1637,-340
110000112,60,288,-228
110000113,45,1623,-1578
110000114,297,479,-182
110000115,413,96,317
110000116,21,22,-1
110000117,355,62,293
110000118,743,63,680
110000119,580,90,490
110000120,157,29,128
110000121,30,312,-282
110000122,130,192,-62
110000123,258,185,73
110000124,0,285,-285
110000125,276,5,271
110000126,106,3,103
110000127,407,5,402
110000128,2,308,-306
110000129,1,116,-115
110000130,219,46,173
110000131,59,64,-5
110000132,0,151,-151
110000133,7,132,-125
110000134,18,151,-133
110000135,116,12,104
110000136,23,67,-44
110000137,459,130,329
110000138,633,204,429
110000139,886,154,732
110000140,474,254,220
110000143,204,164,40
110000144,787,734,53
110000145,640,394,246
110000146,420,191,229
110000147,143,394,-251
110000148,439,74,365
110000151,220,404,-184
110000152,176,268,-92
110000153,344,8,336
110000154,14,45,-31
110000155,386,699,-313
110000156,344,483,-139
110000157,285,1131,-846
110000160,133,84,49
110000161,74,105,-31
110000166,677,12,665
110000167,1360,317,1043
110000168,414,420,-6
110000169,363,274,89
110000170,144,63,81
110000171,300,45,255
110000172,184,171,13
110000173,184,173,11
110000174,79,130,-51
110000175,1202,54,1148
110000176,27,616,-589
110000177,83,990,-907
110000178,169,2042,-1873
110000179,474,152,322
110000180,176,110,66
110000181,738,181,557
110000182,74,62,12
110000183,2677,4886,-2209
110000184,170,2058,-1888
110000185,191,351,-160
110000186,253,544,-291
110000191,1093,238,855
110000192,558,8,550
110000193,1110,1,1109
110000194,19,148,-129
110000195,338,16,322
110000196,399,46,353
110000197,51,13,38
110000198,34,21,13
110000199,14,40,-26
110000200,265,135,130
110000201,492,514,-22
110000202,699,232,467
110000203,99,126,-27
110000204,3,77,-74
110000205,297,10,287
110000206,128,245,-117
110000207,1270,61,1209
110000208,59,210,-151
110000209,79,155,-76
110000210,1153,176,977
110000211,662,318,344
110000212,211,977,-766
110000213,182,15,167
110000214,298,12,286
110000215,38,102,-64
110000216,50,64,-14
110000217,303,12,291
110000218,59,31,28
110000219,328,9,319
110000220,6,41,-35
110000221,469,4,465
110000222,31,80,-49
110000223,3,27,-24
110000224,0,0,0
110000225,110,263,-153
110000226,179,27,152
110000227,90,288,-198
110000228,203,27,176
110000229,2,98,-96
110000230,355,262,93
110000231,142,212,-70
110000232,70,103,-33
110000233,75,162,-87
110000234,266,158,108
110000235,476,285,191
110000236,274,152,122
110000237,1360,423,937
110000238,601,291,310
110000239,895,270,625
110000240,0,9,-9
110000242,0,9,-9
110000243,111,32,79
110000244,31,81,-50
110000245,6,167,-161
110000246,704,121,583
110000247,487,555,-68
110000248,612,217,395
110000249,78,12,66
110000250,16,64,-48
110000251,262,75,187
110000252,432,61,371
110000253,1370,155,1215
110000254,712,184,528
110000255,92,187,-95
110000256,363,108,255
110000257,114,76,38
110000258,3,61,-58
110000259,126,17,109
110000260,83,21,62
110000263,466,25,441
110000264,514,76,438
110000265,649,651,-2
110000266,690,774,-84
110000267,31,11,20
110000268,167,58,109
110000269,0,18,-18
110000270,78,1,77
110000271,530,60,470
110000272,417,477,-60
110000273,343,385,-42
110000274,126,1718,-1592
110000275,391,318,73
110000276,85,481,-396
110000277,231,75,156
110000278,147,232,-85
110000279,550,155,395
110000280,483,125,358
110000281,88,37,51
110000282,81,1,80
110000283,5,39,-34
110000284,2,14,-12
110000285,4,84,-80
110000286,9,0,9
110000287,57,0,57
110000288,0,12,-12
110000289,192,1808,-1616
110000290,217,548,-331
110000291,943,458,485
110000292,205,4574,-4369
110000293,438,175,263
110000294,1317,1411,-94
110000295,58,164,-106
110000296,477,104,373
110000297,1778,84,1694
110000298,23,124,-101
110000299,123,19,104
110000301,347,4,343
110000302,286,217,69
110000303,439,2,437
110000304,116,50,66
110000305,1370,4,1366
110000306,296,232,64
110000307,1796,23,1773
110000308,331,1,330
110000309,0,204,-204
110000310,845,26,819
110000311,0,166,-166
110000312,488,21,467
110000313,1306,481,825
110000314,0,43,-43
110000315,613,888,-275
110000316,107,391,-284
110000317,96,105,-9
110000318,0,17,-17
110000319,3,11,-8
110000320,2,20,-18
110000321,22,13,9
110000322,41,112,-71
110000323,557,62,495
110000324,794,392,402
110000325,781,2631,-1850
110000327,202,92,110
110000328,45,161,-116
110000333,673,747,-74
110000334,172,311,-139
110000335,453,158,295
110000336,166,240,-74
110000337,1351,164,1187
110000338,262,119,143
110000339,414,46,368
110000340,43,53,-10
110000341,325,100,225
110000342,48,0,48
110000343,0,0,0
110000344,12,35,-23
110000345,30,69,-39
110000346,517,733,-216
110000347,707,286,421
110000348,30,4,26
110000349,7,4,3
110000350,36,1,35
110000351,1145,213,932
110000352,173,945,-772
110000353,1404,185,1219
110000354,333,1890,-1557
110000355,232,25,207
110000356,118,3,115
110000357,498,10,488
110000361,33,11,22
110000362,122,13,109
110000363,494,12,482
110000364,238,89,149
110000365,73,3,70
110000366,0,72,-72
110000367,209,74,135
110000368,0,62,-62
110000369,41,2,39
110000373,3,132,-129
110000374,46,11,35
110000375,39,391,-352
110000376,15,40,-25
110000377,39,218,-179
110000378,4,319,-315
110000379,981,1921,-940
110000380,105,5,100
110000383,1,165,-164
110000384,421,32,389
110000385,0,46,-46
110000387,139,1,138
110000388,11,50,-39
110000389,251,14,237
110000391,647,106,541
110000396,155,10,145
110000397,48,16,32
110000398,1,5,-4
110000399,68,3,65
110000587,133,36,97
110000589,174,15,159
110000640,85,21,64
110000652,6,128,-122
110000653,168,123,45
110000654,1,298,-297
110000656,0,92,-92
110000674,85,20,65
110000675,0,9,-9
110000676,0,9,-9
110000679,22,383,-361
110000682,97,118,-21
110000683,120,105,15
110000684,0,11,-11
110000685,6,17,-11
110000686,1,32,-31
110000687,5,0,5
110000688,25,1133,-1108
110000689,31,18,13
110000692,10,48,-38
110000693,1,163,-162
110000694,0,32,-32
110000695,20,215,-195
110000696,23,31,-8
110900001,240,14,226
110900002,180,72,108
110900003,1321,78,1243
110900004,453,21,432
110900005,675,2813,-2138
110900006,66,60,6
110900007,189,94,95
110900008,1,4,-3
110900009,214,416,-202
110900010,0,8,-8
110900011,1,20,-19
110900012,0,74,-74
110900013,861,42,819
110900014,215,0,215
110900015,69,403,-334
110900016,23,62,-39
110900017,306,8,298
110900018,443,5,438
110900019,347,5,342
110900020,223,17,206
110900021,92,114,-22
110900022,64,52,12
110900023,16,76,-60
110900024,51,49,2
110900025,0,14,-14
110900027,12,36,-24
110900028,1,24,-23
110900029,1,65,-64
110900030,2,24,-22
110900031,0,49,-49
110900032,0,17,-17
110900033,30,59,-29
110900035,14,256,-242
110900036,66,6,60
110900037,40,8,32
110900038,141,30,111
110900039,1,143,-142
110900040,152,5,147
110900041,4,21,-17
110900042,42,18,24
110900043,19,10,9
110900044,20,1,19
110900045,57,99,-42
110900046,5,19,-14
110900047,47,216,-169
110900049,108,42,66
110900050,37,0,37
110900051,4,38,-34
110900052,0,50,-50
110900053,74,8,66
110900054,12,61,-49
110900055,12,1,11
110900056,8,78,-70
110900057,2,79,-77
110900058,197,31,166
110900059,195,180,15
110900060,200,15,185
110900061,0,15,-15
110900062,66,48,18
110900063,6,42,-36
110900064,2,0,2
110900065,54,25,29
110900066,12,16,-4
110900067,100,446,-346
110900068,112,38,74
110900069,3,2,1
110900070,70,9,61
110900071,52,936,-884
110900073,0,14,-14
110900074,501,45,456
110900075,478,25,453
110900077,1052,89,963
110900078,96,8,88
110900079,347,151,196
110900080,133,28,105
110900081,2,9,-7
110900082,123,26,97
110900083,119,51,68
110900084,75,24,51
110900085,33,73,-40
110900086,37,151,-114
110900087,239,23,216
110900088,16,1,15
110900090,28,80,-52
110900091,0,23,-23
110900093,127,42,85
110900095,18,8,10
110900097,15,2,13
110900098,0,7,-7
110900099,21,64,-43
110900100,0,8,-8
110900102,21,66,-45
110900105,258,71,187
110900108,15,69,-54
110900111,60,20,40
110900112,462,4,458
110900113,116,28,88
110900115,0,2,-2
110900116,1186,287,899
110900118,28,2906,-2878
110900119,897,71,826
110900120,109,24,85
110900121,52,0,52
110900122,325,74,251
110900125,179,515,-336
110900127,45,407,-362
110900128,35,96,-61
110900129,64,410,-346
110900130,68,133,-65
110900131,177,4,173
110900132,507,6,501
110900133,42,29,13
110900135,33,40,-7
110900136,331,2,329
110900137,4,0,4
110900138,105,206,-101
110900139,1,46,-45
110900140,7,0,7
110900141,1,52,-51
110900142,20,10,10
110900143,263,23,240
110900144,1,104,-103
110900145,142,91,51
110900146,81,173,-92
110900147,17,24,-7
110900148,0,30,-30
110900149,0,21,-21
110900150,52,2,50
110900151,0,17,-17
110900152,28,21,7
110900153,158,12,146
111000001,499,316,183
111000002,363,459,-96
111000003,1448,807,641
111000004,325,617,-292
111000005,561,806,-245
111000006,500,1045,-545
111000007,2299,2022,277
111000008,1727,2187,-460
111000009,230,366,-136
111000010,1010,274,736
111000011,87,495,-408
111000012,205,320,-115
111000013,223,701,-478
111000014,1356,218,1138
111000017,3,376,-373
111000018,44,143,-99
111000020,153,428,-275
111000021,10,43,-33
111000023,77,54,23
111000025,1125,1759,-634
111000029,66,21,45
111000030,29,14,15
111000031,765,482,283
111000032,312,93,219
111000033,101,54,47
111000034,174,72,102
111000037,411,322,89
111000038,849,610,239
111000039,582,486,96
111000040,543,400,143
111000041,88,133,-45
111000042,1021,944,77
111000043,1129,2318,-1189
111000044,1252,221,1031
111000045,2096,965,1131
111000046,1322,822,500
111000047,1638,4492,-2854
111000049,84,116,-32
111000050,263,296,-33
111000051,225,218,7
111000052,163,207,-44
111000053,72,159,-87
111000054,181,151,30
111000055,334,383,-49
111000056,83,174,-91
111000057,38,179,-141
111000058,512,71,441
111000059,465,158,307
111000060,3094,370,2724
111000061,595,122,473
111000062,994,195,799
111000063,916,572,344
111000064,771,202,569
111000065,1049,334,715
111000066,592,172,420
111000067,774,181,593
111000068,524,87,437
111000069,457,667,-210
111000070,297,167,130
111000071,74,132,-58
111000072,949,447,502
111000073,143,818,-675
111000074,838,534,304
111000075,453,145,308
111000076,457,234,223
111000077,633,376,257
111000078,778,255,523
111000079,476,177,299
111000080,375,142,233
111000081,969,3249,-2280
111000082,731,151,580
111000084,463,250,213
111000085,493,504,-11
111000086,819,304,515
111000087,477,180,297
111000088,1784,2091,-307
111000089,349,329,20
111000090,327,333,-6
111000091,336,176,160
111000092,1287,356,931
111000093,658,385,273
111000094,795,420,375
111000095,449,1512,-1063
111000096,456,4194,-3738
111000097,1221,459,762
111000098,157,242,-85
111000099,194,532,-338
111000100,298,438,-140
111000101,171,270,-99
111000102,98,85,13
111000104,865,31,834
111000107,35,83,-48
111000109,696,47,649
111000110,866,256,610
111000111,2803,84,2719
111000112,1687,51,1636
111000113,662,1771,-1109
111000114,565,2744,-2179
111000115,1555,376,1179
111000116,436,243,193
111000117,226,222,4
111000118,542,194,348
111000119,1046,279,767
111000120,554,307,247
111000121,266,316,-50
111000122,126,220,-94
111000123,493,649,-156
111000124,216,794,-578
111000125,152,275,-123
111000126,41,144,-103
111000127,709,27,682
111000128,2121,79,2042
111000129,2242,83,2159
111000130,2066,203,1863
111000131,2153,184,1969
111000132,1691,1222,469
111000133,73,14,59
111000134,43,12,31
111000135,58,102,-44
111000136,292,107,185
111000138,25,10,15
111000140,1,7,-6
111000141,63,126,-63
111000142,0,78,-78
111000143,1,83,-82
111000144,0,168,-168
111000145,47,2,45
111000146,114,2,112
111000147,37,7,30
111000148,50,36,14
111000149,0,96,-96
111000150,53,2,51
111000151,0,2,-2
111000153,149,86,63
111000154,188,61,127
111000155,124,51,73
111000156,308,136,172
111000157,157,225,-68
111000158,564,327,237
111000159,1236,321,915
111000160,303,76,227
111000161,0,232,-232
111000162,3,43,-40
111000163,519,346,173
111000164,172,994,-822
111000165,270,86,184
111000166,87,58,29
111000167,45,123,-78
111000168,108,124,-16
111000169,126,70,56
111000170,109,109,0
111000171,243,138,105
111000172,59,211,-152
111000173,76,349,-273
111000174,260,47,213
111000175,76,45,31
111000176,430,47,383
111000177,789,108,681
111000178,2095,110,1985
111000179,366,29,337
111000180,257,181,76
111000181,1479,88,1391
111000182,280,47,233
111000183,121,102,19
111000184,184,73,111
111000185,92,23,69
111000186,153,47,106
111000187,160,65,95
111000188,191,109,82
111000189,98,157,-59
111000190,88,66,22
111000191,85,48,37
111000192,46,105,-59
111000193,109,34,75
111000194,35,28,7
111000195,25,56,-31
111000196,21,41,-20
111000197,421,39,382
111000198,293,25,268
111000199,312,98,214
111000200,473,167,306
111000201,638,33,605
111000202,375,30,345
111000203,269,59,210
111000204,180,892,-712
111000213,104,182,-78
111000214,476,370,106
111000215,715,360,355
111000217,1151,322,829
111000218,1407,296,1111
111000219,83,61,22
111000220,355,272,83
111000221,47,54,-7
111000224,1,70,-69
111000225,362,325,37
111000226,12,1,11
111000227,22,4,18
111000228,4,625,-621
111000229,9,1501,-1492
111000230,61,63,-2
111000231,419,85,334
111000232,543,135,408
111000233,1168,153,1015
111000234,136,207,-71
111000239,10,18,-8
111000240,24,271,-247
111000241,42,75,-33
111000242,186,41,145
111000243,96,76,20
111000244,683,33,650
111000245,254,55,199
111000246,549,78,471
111000247,445,95,350
111000248,411,75,336
111000249,354,87,267
111000250,32,14,18
111000251,32,36,-4
111000253,22,4,18
111000255,9,2,7
111000257,16,3,13
111000260,33,360,-327
111000261,1174,9,1165
111000271,16,101,-85
111000273,944,439,505
111000274,948,1164,-216
111000275,21,6,15
111000276,105,381,-276
111000277,104,82,22
111000278,223,72,151
111000291,697,7398,-6701
111000298,376,72,304
111000299,468,79,389
111000300,30,77,-47
111000302,257,31,226
111000303,121,61,60
111000312,29,10,19
111000315,2,78,-76
111000320,111,88,23
111000321,224,66,158
111000322,301,107,194
111000323,269,17,252
111000324,208,52,156
111000325,25,26,-1
111000326,119,73,46
111000327,174,151,23
111000328,344,260,84
111000329,0,9,-9
111000330,13,5,8
111000331,6,7,-1
111000332,234,283,-49
111000334,142,299,-157
111000335,771,42,729
111000337,1482,94,1388
111000338,44,17,27
111000339,594,74,520
111000340,23,175,-152
111000341,1204,621,583
111000342,11,332,-321
111000344,673,259,414
111000345,43,114,-71
111000346,13,77,-64
111000347,76,0,76
111000350,74,78,-4
111000351,38,188,-150
111000352,143,45,98
111000353,65,110,-45
111000354,245,20,225
111000355,168,132,36
111000358,69,273,-204
111000360,68,162,-94
111000361,186,102,84
111000546,546,74,472
111000547,392,75,317
111000548,83,39,44
111000549,146,27,119
111000550,13,545,-532
111000551,82,17,65
111000552,179,93,86
111000907,671,4,667
111000908,56,0,56
111000916,2245,25,2220
111000917,38,159,-121
111000918,65,163,-98
111000920,448,4,444
111000921,0,32,-32
111000922,630,37,593
111000924,5,144,-139
111000925,2846,1161,1685
111000926,707,471,236
111000927,1700,2207,-507
111000928,1969,582,1387
111000929,1690,376,1314
111000930,598,562,36
111000931,1316,756,560
111000932,1324,631,693
111000933,2063,1570,493
111000934,458,547,-89
111000935,1825,576,1249
111000936,378,438,-60
111000937,1025,667,358
111000938,398,348,50
111000939,655,5,650
111000940,938,27,911
111000941,322,50,272
111000943,793,116,677
111000944,41,93,-52
111000945,78,303,-225
111001109,318,558,-240
111001110,37,126,-89
111001111,132,0,132
111001112,187,10,177
111001113,0,126,-126
111001114,199,65,134
111001115,10,153,-143
111001116,641,4194,-3553
111001117,96,1313,-1217
111001120,75,45,30
111001121,48,108,-60
111001122,159,53,106
111001123,472,31,441
111001124,122,34,88
111001125,1,289,-288
111900001,38,7,31
111900002,27,16,11
111900003,1,23,-22
111900004,0,9,-9
111900006,15,19,-4
111900007,214,0,214
111900008,185,0,185
111900009,271,11,260
111900010,27,115,-88
111900012,54,23,31
111900013,23,9,14
111900014,1095,4318,-3223
111900015,0,33,-33
111900016,0,19,-19
111900017,0,11,-11
111900018,142,2,140
111900019,3,87,-84
111900020,1,23,-22
111900021,8,4,4
111900022,13,0,13
111900023,90,1,89
111900024,50,4,46
111900025,0,18,-18
111900026,0,23,-23
111900027,1,6,-5
111900028,1,50,-49
111900029,0,19,-19
111900030,4,113,-109
111900031,57,23,34
111900032,0,64,-64
111900033,5,10,-5
111900034,7,127,-120
111900035,37,16,21
111900036,0,44,-44
111900038,50,112,-62
111900039,9,56,-47
111900040,0,135,-135
111900042,3,20,-17
111900043,0,76,-76
111900044,25,43,-18
111900046,9,68,-59
111900048,303,144,159
111900049,10,94,-84
111900050,137,6,131
111900051,0,73,-73
111900052,78,96,-18
111900053,315,1697,-1382
111900054,254,0,254
111900055,0,62,-62
111900056,27,198,-171
111900057,112,2,110
111900058,499,88,411
111900059,503,515,-12
111900060,221,1,220
111900061,1,64,-63
111900062,49,29,20
111900063,121,47,74
111900064,30,81,-51
111900065,175,11,164
111900066,148,65,83
111900067,0,27,-27
111900068,37,31,6
111900069,20,7,13
111900070,210,14,196
111900071,0,41,-41
111900072,17,23,-6
111900073,942,123,819
111900074,0,26,-26
111900075,27,0,27
111900076,238,32,206
111900077,20,0,20
111900078,358,42,316
111900079,18,34,-16
111900080,52,39,13
111900082,133,27,106
111900083,195,16,179
111900084,60,1,59
111900085,21,38,-17
111900086,126,5,121
111900087,101,0,101
111900088,572,2,570
111900089,42,0,42
111900090,41,37,4
111900091,712,5,707
111900092,207,0,207
111900093,432,8,424
111900094,93,0,93
111900095,332,15,317
111900096,222,4,218
111900097,147,0,147
111900098,375,5,370
111900099,79,1,78
111900100,56,2,54
111900101,219,7,212
111900102,641,90,551
111900103,15,14,1
111900104,57,12,45
111900105,69,115,-46
111900106,71,10,61
111900110,417,67,350
111900111,236,9,227
111900112,166,3113,-2947
111900113,123,40,83
111900118,340,29,311
111900119,82,46,36
111900122,13,32,-19
111900123,17,5,12
111900124,16,28,-12
111900125,226,95,131
111900126,310,4,306
111900127,1,87,-86
111900128,0,85,-85
111900129,308,21,287
111900130,143,40,103
111900131,404,0,404
111900132,3,133,-130
111900133,1,85,-84
111900134,5,72,-67
111900135,0,11,-11
111900136,3,60,-57
111900137,58,5,53
111900138,27,29,-2
111900139,13,15,-2
111900140,86,4,82
111900141,87,0,87
111900142,60,3,57
111900143,67,17,50
111900144,0,28,-28
111900145,0,59,-59
111900146,0,41,-41
111900147,10,73,-63
111900148,2,126,-124
111900149,7,58,-51
111900150,0,18,-18
111900151,1,4,-3
111900152,15,32,-17
111900153,217,510,-293
111900154,14,566,-552
111900155,32,69,-37
111900156,81,48,33
111900157,172,10,162
111900158,420,47,373
111900159,439,62,377
111900160,213,3,210
111900161,310,0,310
111900162,33,250,-217
111900163,2,33,-31
111900164,73,13,60
111901113,661,12,649
111901114,241,63,178
111901115,232,0,232
111901116,31,0,31
111901117,13,57,-44
111901118,6,349,-343
111901119,164,4,160
111901121,4,27,-23
111901122,0,99,-99
111901123,363,65,298
111901124,348,3,345
111901125,966,129,837
111901127,126,1166,-1040
111901128,6,12,-6
111901129,0,29,-29
111901130,0,17,-17
111901131,0,238,-238
111901132,60,23,37
111901133,115,0,115
111901134,190,2,188
111901135,42,4,38
111901136,62,46,16
111901137,1,10,-9
111901138,24,3,21
111901139,0,18,-18
111901140,2,48,-46
111901141,1,29,-28
111901142,2,39,-37
111901143,1,57,-56
111901144,38,7,31
111901145,34,107,-73
111901146,1,0,1
112000001,2218,711,1507
112000002,687,1604,-917
112000003,2600,446,2154
112000004,484,187,297
112000005,2853,2411,442
112000006,287,212,75
112000007,3148,1976,1172
112000008,1949,2695,-746
112000009,1485,740,745
112000010,1906,2835,-929
112000011,743,648,95
112000012,2083,2573,-490
112000013,1123,1029,94
112000014,604,1962,-1358
112000015,821,1609,-788
112000016,1102,2043,-941
112000017,369,1747,-1378
112000024,240,186,54
112000026,1297,1106,191
112000027,371,215,156
112000028,350,355,-5
112000029,347,502,-155
112000030,109,12,97
112000031,450,1582,-1132
112000032,115,6,109
112000033,651,1692,-1041
112000034,98,12,86
112000035,55,257,-202
112000036,148,517,-369
112000037,246,360,-114
112000038,395,470,-75
112000039,55,21,34
112000040,7,85,-78
112000041,59,210,-151
112000042,251,53,198
112000050,761,332,429
112000051,468,956,-488
112000054,594,476,118
112000057,213,66,147
112000058,81,125,-44
112000059,295,174,121
112000061,1009,358,651
112000062,310,470,-160
112000063,143,920,-777
112000064,1198,1066,132
112000065,543,513,30
112000066,1152,569,583
112000067,212,173,39
112000068,1426,902,524
112000069,204,666,-462
112000070,668,415,253
112000071,343,690,-347
112000072,1700,405,1295
112000073,446,864,-418
112000074,531,311,220
112000075,590,609,-19
112000076,1300,743,557
112000077,686,249,437
112000078,1369,406,963
112000079,1060,731,329
112000080,473,370,103
112000081,311,622,-311
112000082,655,178,477
112000083,389,613,-224
112000084,843,183,660
112000085,890,391,499
112000086,1425,309,1116
112000087,649,102,547
112000088,449,169,280
112000089,99,112,-13
112000090,75,124,-49
112000091,201,158,43
112000092,1991,271,1720
112000093,720,279,441
112000094,407,251,156
112000095,521,156,365
112000096,674,168,506
112000097,1520,248,1272
112000098,80,198,-118
112000099,432,1404,-972
112000100,1586,220,1366
112000101,209,155,54
112000102,1360,173,1187
112000103,214,160,54
112000105,189,182,7
112000106,1858,105,1753
112000107,62,42,20
112000108,297,279,18
112000109,173,27,146
112000110,1689,235,1454
112000111,258,792,-534
112000112,1344,125,1219
112000113,331,360,-29
112000114,1392,216,1176
112000115,206,71,135
112000116,386,146,240
112000117,428,200,228
112000118,184,261,-77
112000119,107,163,-56
112000120,33,64,-31
112000121,55,146,-91
112000122,386,27,359
112000123,674,28,646
112000124,432,13,419
112000125,161,120,41
112000126,438,121,317
112000127,927,1178,-251
112000128,259,244,15
112000129,75,35,40
112000130,89,38,51
112000131,27,39,-12
112000132,105,36,69
112000133,327,21,306
112000134,295,99,196
112000135,813,149,664
112000136,379,358,21
112000137,970,532,438
112000138,618,344,274
112000139,259,281,-22
112000140,100,254,-154
112000141,624,127,497
112000142,58,175,-117
112000143,961,41,920
112000144,172,295,-123
112000145,1975,155,1820
112000146,430,405,25
112000147,1535,565,970
112000148,444,452,-8
112000149,325,101,224
112000150,218,129,89
112000151,188,92,96
112000152,568,85,483
112000153,39,67,-28
112000154,50,115,-65
112000155,81,54,27
112000157,131,332,-201
112000158,141,96,45
112000159,820,127,693
112000167,139,114,25
112000169,65,571,-506
112000173,927,63,864
112000175,228,78,150
112000176,595,528,67
112000177,767,181,586
112000178,11,98,-87
112000179,285,40,245
112000180,276,81,195
112000181,457,286,171
112000182,1642,211,1431
112000183,39,4,35
112000184,281,86,195
112000185,615,100,515
112000187,1720,1036,684
112000195,62,5,57
112000196,48,0,48
112000197,19,95,-76
112000198,10,56,-46
112000199,165,207,-42
112000202,472,4,468
112000216,15,44,-29
112000230,129,0,129
112000231,0,38,-38
112000256,49,150,-101
112000313,27,31,-4
112000314,5,33,-28
112000337,66,269,-203
112000352,38,73,-35
112000392,649,224,425
112000398,1225,200,1025
112000399,348,2840,-2492
112000400,440,396,44
112000401,555,448,107
112000402,2675,2550,125
112000403,704,3278,-2574
112000404,927,488,439
112000405,2145,1694,451
112000406,924,636,288
112000407,5768,4651,1117
112000408,2295,901,1394
112000409,517,737,-220
112000410,47,179,-132
112000411,1080,875,205
112000412,187,136,51
112000413,1414,3826,-2412
112000414,83,11,72
112000415,64,9,55
112000416,2391,358,2033
112000417,174,26,148
112000421,85,10,75
112000422,194,87,107
112000424,309,1203,-894
112000425,175,187,-12
112000426,157,206,-49
112000427,0,6,-6
112000428,271,109,162
112000429,869,731,138
112000430,1433,1400,33
112000431,45,71,-26
112000432,226,396,-170
112000433,193,211,-18
112000437,41,68,-27
112900001,80,0,80
112900002,542,173,369
112900003,68,15,53
112900004,97,136,-39
112900005,242,3,239
112900006,15,30,-15
112900007,90,17,73
112900008,0,12,-12
112900009,189,134,55
112900010,192,94,98
112900011,69,18,51
112900012,0,7,-7
112900013,5,128,-123
112900014,6,38,-32
112900015,65,163,-98
112900016,3,30,-27
112900017,31,48,-17
112900018,2,59,-57
112900019,5,47,-42
112900020,143,194,-51
112900021,3,108,-105
112900022,19,6,13
112900023,0,41,-41
112900024,1,23,-22
112900025,15,64,-49
112900026,2,30,-28
112900027,2,131,-129
112900028,13,22,-9
112900029,9,50,-41
112900030,36,29,7
112900031,0,73,-73
112900032,63,47,16
112900034,2,5,-3
112900035,1,26,-25
112900036,2,26,-24
112900037,14,129,-115
112900038,562,24,538
112900039,0,36,-36
112900040,2,113,-111
112900041,61,418,-357
112900042,63,255,-192
112900043,30,5,25
112900044,46,51,-5
112900045,42,33,9
112900046,64,5,59
112900047,4,9,-5
112900049,156,4,152
112900050,5,156,-151
112900051,41,110,-69
112900052,6,180,-174
112900053,30,63,-33
112900054,23,61,-38
112900055,43,1,42
112900056,99,120,-21
112900057,5,76,-71
112900058,146,143,3
112900059,46,50,-4
112900060,5,23,-18
112900061,28,15,13
112900062,27,28,-1
112900063,5,1,4
112900064,2,15,-13
112900065,2,6,-4
112900066,193,220,-27
112900067,100,18,82
112900068,28,36,-8
112900069,358,488,-130
112900071,11,7,4
112900072,20,2189,-2169
112900073,218,110,108
112900074,40,272,-232
112900075,293,676,-383
112900076,4,30,-26
112900078,157,486,-329
112900079,201,3,198
112900080,121,7,114
112900081,28,244,-216
112900082,442,5,437
112900083,104,73,31
112900084,155,189,-34
112900086,79,0,79
112900087,859,55,804
112900088,99,3,96
112900089,653,2,651
112900090,53,38,15
112900091,216,7,209
112900092,32,468,-436
112900093,784,20,764
112900095,96,0,96
112900096,394,68,326
112900097,9,41,-32
112900098,44,3,41
112900099,914,3,911
112900100,64,4,60
112900101,235,0,235
112900102,54,43,11
112900103,172,0,172
112900104,172,0,172
112900105,4,0,4
112900106,151,44,107
112900107,7,0,7
112900108,0,1,-1
112900109,115,0,115
112900110,1264,11,1253
112900111,482,1,481
112900112,276,0,276
112900113,0,1,-1
112900114,278,13,265
112900115,1569,7,1562
112900116,95,9,86
112900117,100,4,96
112900118,3,5,-2
112900119,66,0,66
112900120,149,83,66
112900121,289,10,279
112900122,1,10,-9
112900123,89,15,74
112900124,0,11,-11
112900125,2,35,-33
112900126,16,50,-34
112900127,196,7,189
112900128,8,92,-84
112900129,0,181,-181
112900130,71,6,65
112900131,0,125,-125
112900132,15,288,-273
112900133,3,329,-326
112900134,1,49,-48
112900135,34,16,18
112900137,1,114,-113
112900138,0,27,-27
112900139,15,226,-211
112900141,465,33,432
112900142,21,63,-42
112900143,6,290,-284
112900144,1,1000,-999
112900145,3,94,-91
112900146,2,38,-36
112900147,0,170,-170
112900148,4,0,4
112900149,40,95,-55
112900151,0,7,-7
112900152,2403,146,2257
112900153,127,1102,-975
112900154,0,5,-5
112900155,49,5,44
112900156,338,291,47
112900157,417,24,393
112900158,30,0,30
112900159,84,78,6
112900160,2,54,-52
112900161,39,4,35
112900162,0,8,-8
112900163,3,31,-28
112900164,2,33,-31
112900165,7,32,-25
112900166,2,43,-41
112900167,0,10,-10
112900168,20,0,20
112900169,14,5,9
112900170,125,3,122
112900172,19,9,10
112900173,59,10,49
112900174,175,27,148
112900175,76,50,26
112900176,3,47,-44
112900177,289,57,232
112900178,173,1727,-1554
112900179,6,144,-138
112900180,1169,815,354
112900181,736,2,734
112900182,17,158,-141
112900183,31,47,-16
112900184,100,132,-32
112900185,14,109,-95
112900186,337,280,57
112900187,20,246,-226
112900188,305,644,-339
112900189,2,0,2
112900190,1,0,1
112900192,201,107,94
112900193,327,69,258
112900194,24,0,24
112900195,259,7,252
112900196,133,118,15
112900197,16,122,-106
112900199,307,42,265
112900200,289,26,263
112900201,162,17,145
112900202,207,132,75
112900203,148,17,131
112900204,64,46,18
112900205,8,0,8
112900206,16,6,10
112900207,57,0,57
112900208,43,84,-41
112900209,24,87,-63
112900210,1,1,0
112900211,23,2,21
112900212,0,5,-5
112900213,53,0,53
112900214,0,2,-2
112900215,44,13,31
112900216,22,18,4
112900217,0,6,-6
112900218,35,9,26
112900219,74,6,68
112900220,2,0,2
112900221,19,26,-7
112900222,0,7,-7
112900223,328,0,328
112900224,527,46,481
112900225,345,33,312
112900226,55,66,-11
112900227,683,226,457
112900228,97,29,68
112900229,257,19,238
112900230,2438,988,1450
112900232,174,238,-64
112900233,14,21,-7
112900234,61,0,61
112900235,2,4,-2
112900236,479,1,478
112900237,335,144,191
112900238,20,0,20
112900239,131,309,-178
113000001,2106,1626,480
113000002,2036,1391,645
113000003,648,652,-4
113000004,720,875,-155
113000005,717,373,344
113000006,549,628,-79
113000007,1293,341,952
113000008,948,354,594
113000009,607,249,358
113000010,791,358,433
113000011,327,411,-84
113000012,684,259,425
113000013,255,260,-5
113000014,266,583,-317
113000015,38,77,-39
113000016,69,403,-334
113000017,100,164,-64
113000018,348,39,309
113000019,147,59,88
113000020,131,19,112
113000021,646,238,408
113000022,636,768,-132
113000025,14,343,-329
113000026,393,332,61
113000027,378,251,127
113000028,343,308,35
113000029,273,279,-6
113000030,32,138,-106
113000031,63,90,-27
113000032,89,83,6
113000033,137,67,70
113000034,74,27,47
113000035,6,2,4
113000036,18,23,-5
113000037,9,5,4
113000038,6,27,-21
113000039,6,114,-108
113000040,43,20,23
113000042,218,203,15
113000051,487,906,-419
113000052,856,179,677
113000053,227,127,100
113000054,237,408,-171
113000055,911,100,811
113000056,1133,326,807
113000058,167,299,-132
113000059,562,91,471
113000060,162,295,-133
113000061,252,338,-86
113000062,216,163,53
113000063,203,51,152
113000064,136,94,42
113000065,181,178,3
113000066,663,56,607
113000067,1661,228,1433
113000068,246,181,65
113000069,292,144,148
113000070,1662,144,1518
113000071,215,135,80
113000072,547,75,472
113000073,152,304,-152
113000074,355,161,194
113000075,984,356,628
113000076,164,708,-544
113000077,297,269,28
113000078,182,505,-323
113000079,100,279,-179
113000080,208,328,-120
113000081,459,410,49
113000082,329,168,161
113000083,395,333,62
113000084,597,219,378
113000085,695,159,536
113000086,260,272,-12
113000087,672,457,215
113000088,365,389,-24
113000089,371,646,-275
113000090,59,292,-233
113000091,113,59,54
113000094,682,108,574
113000095,124,134,-10
113000096,44,192,-148
113000097,465,119,346
113000098,30,0,30
113000099,500,69,431
113000100,90,90,0
113000101,60,118,-58
113000102,289,112,177
113000103,1250,175,1075
113000104,420,1098,-678
113000105,514,116,398
113000106,203,88,115
113000107,600,441,159
113000108,539,252,287
113000109,185,601,-416
113000110,1481,325,1156
113000111,97,234,-137
113000112,492,150,342
113000113,791,176,615
113000114,119,338,-219
113000116,149,89,60
113000117,210,148,62
113000118,32,211,-179
113000119,125,233,-108
113000120,29,290,-261
113000121,212,288,-76
113000124,126,37,89
113000125,4,774,-770
113000127,539,69,470
113000128,577,131,446
113000129,78,356,-278
113000133,634,76,558
113000134,1,700,-699
113000135,1977,1750,227
113000137,441,1520,-1079
113000139,116,65,51
113000140,37,19,18
113000141,116,36,80
113000142,157,120,37
113000143,123,31,92
113000144,68,42,26
113000145,81,30,51
113000146,17,4,13
113000147,65,7,58
113000148,198,24,174
113000149,87,54,33
113000150,122,125,-3
113000151,3,5,-2
113000152,33,127,-94
113000153,255,84,171
113000154,161,736,-575
113000155,135,306,-171
113000156,79,51,28
113000157,125,89,36
113000158,141,17,124
113000159,397,87,310
113000160,200,153,47
113000161,140,124,16
113000162,312,32,280
113000163,52,7,45
113000164,4,12,-8
113000166,119,14,105
113000167,42,20,22
113000168,115,13,102
113000169,132,3,129
113000170,40,45,-5
113000171,7,22,-15
113000172,190,19,171
113000173,29,14,15
113000174,51,58,-7
113000175,337,31,306
113000176,499,32,467
113000177,85,53,32
113000178,21,53,-32
113000179,184,18,166
113000180,626,884,-258
113000181,902,476,426
113000182,24,94,-70
113000183,161,309,-148
113000184,2,6,-4
113000189,75,180,-105
113000190,248,197,51
113000192,324,1443,-1119
113000193,786,846,-60
113000194,379,988,-609
113000195,769,699,70
113000196,312,98,214
113000197,681,1175,-494
113000198,33,142,-109
113000199,600,197,403
113000201,94,145,-51
113000202,2241,679,1562
113000203,24,89,-65
113000204,148,1324,-1176
113000205,1,3,-2
113000206,16,5,11
113000207,19,4,15
113000208,19,13,6
113000209,8,16,-8
113000210,1,24,-23
113000211,14,22,-8
113000212,13,5,8
113000213,8,37,-29
113000214,66,55,11
113000234,87,136,-49
113000410,21,115,-94
113000411,469,981,-512
113000412,2057,645,1412
113000413,1135,958,177
113000414,1776,5076,-3300
113000415,643,560,83
113000416,1109,817,292
113000417,273,523,-250
113000418,2166,1786,380
113000419,688,716,-28
113000420,1417,2049,-632
113000421,2091,3279,-1188
113000422,3994,3624,370
113000423,627,1509,-882
113000424,703,3714,-3011
113000425,3,23,-20
113000428,4,16,-12
113000430,0,136,-136
113000432,1836,70,1766
113000433,73,329,-256
113000434,16,50,-34
113000435,2,86,-84
113000436,2,349,-347
113000437,802,41,761
113000438,171,17,154
113000439,16,8,8
113000440,71,25,46
113000441,94,68,26
113000442,75,14,61
113000443,306,44,262
113000444,192,18,174
113000445,105,27,78
113000446,8,34,-26
113000448,87,105,-18
113000449,40,602,-562
113000450,200,1581,-1381
113000451,641,148,493
113000452,22,323,-301
113000453,25,181,-156
113000454,37,80,-43
113000455,5,204,-199
113000456,417,801,-384
113000468,395,104,291
113000469,34,214,-180
113000470,105,15,90
113000471,2,184,-182
113000472,24,36,-12
113000474,914,349,565
113000475,633,550,83
113000476,1176,936,240
113000477,3436,831,2605
113000478,1531,1312,219
113000479,44,43,1
113000480,66,114,-48
113000484,0,0,0
113000485,0,0,0
113000486,0,0,0
113000487,0,0,0
113000488,0,0,0
113000489,0,0,0
113000490,0,0,0
113000491,0,0,0
113000492,0,0,0
113000493,0,0,0
113000495,62,18,44
113000496,40,65,-25
113000499,0,1,-1
113900001,0,115,-115
113900002,0,25,-25
113900003,0,31,-31
113900004,1,54,-53
113900005,0,71,-71
113900006,0,18,-18
113900007,3,144,-141
113900008,12,0,12
113900009,33,0,33
113900010,6,0,6
113900011,59,0,59
113900012,16,0,16
113900013,9,0,9
113900014,292,3,289
113900015,0,5,-5
113900016,22,0,22
113900017,0,4,-4
113900018,20,109,-89
113900019,94,5,89
113900020,167,0,167
113900022,18,0,18
113900023,5,0,5
113900024,26,4,22
113900025,91,27,64
113900026,13,1,12
113900027,6,26,-20
113900028,7,105,-98
113900029,30,48,-18
113900030,385,1,384
113900031,6,2,4
113900032,18,0,18
113900033,26,3,23
113900035,3,0,3
113900036,24,14,10
113900037,74,182,-108
113900038,28,82,-54
113900039,159,10,149
113900040,2,6,-4
113900041,0,0,0
113900042,17,5,12
113900043,52,16,36
113900044,13,124,-111
113900045,28,0,28
113900046,25,167,-142
113900047,85,12,73
113900048,21,12,9
113900049,80,198,-118
113900050,27,52,-25
113900051,72,14,58
113900052,7,9,-2
113900053,124,368,-244
113900054,3,2,1
113900055,10,76,-66
113900056,30,14,16
113900057,2,20,-18
113900058,40,8,32
113900059,67,27,40
113900060,33,29,4
113900061,174,45,129
113900062,54,1,53
113900063,34,12,22
113900064,2,10,-8
113900065,335,2,333
113900066,274,34,240
113900067,158,24,134
113900068,199,326,-127
113900069,9,1,8
113900070,43,65,-22
113900071,50,4,46
113900072,4,16,-12
113900073,252,115,137
113900074,117,31,86
113900075,155,767,-612
113900076,65,0,65
113900077,24,49,-25
113900078,30,16,14
113900079,3,12,-9
113900080,124,58,66
113900081,11,9,2
113900082,21,64,-43
113900083,284,64,220
113900084,72,10,62
113900085,0,39,-39
113900086,55,4,51
113900087,60,56,4
113900088,62,126,-64
113900089,208,4,204
113900090,89,98,-9
113900091,2,0,2
113900092,0,5,-5
113900093,5,411,-406
113900094,292,90,202
113900095,69,7,62
113900096,83,19,64
113900097,8,28,-20
113900098,488,68,420
113900099,0,3,-3
113900100,2,1,1
113900101,1,22,-21
113900102,5,64,-59
113900103,87,189,-102
113900104,28,35,-7
113900105,127,14,113
113900106,1,4,-3
113900107,0,1,-1
113900108,24,33,-9
113900109,31,46,-15
113900110,4,0,4
113900111,39,16,23
113900112,88,6,82
113900113,300,56,244
113900114,0,4,-4
113900115,0,6,-6
113900116,4,43,-39
113900117,16,3,13
113900118,39,336,-297
113900119,76,113,-37
113900120,54,20,34
113900121,52,8,44
113900122,100,1992,-1892
113900123,187,22,165
113900124,0,31,-31
113900125,222,18,204
113900126,1,19,-18
113900127,87,308,-221
113900128,105,27,78
113900129,2,62,-60
113900130,0,7,-7
113900131,53,4,49
113900132,5,7,-2
113900133,1,19,-18
113900135,164,75,89
113900136,19,7,12
113900137,169,65,104
113900138,11,60,-49
113900139,47,59,-12
113900140,59,125,-66
113900141,246,88,158
113900142,25,9,16
113900143,0,35,-35
113900144,43,53,-10
113900145,90,6,84
113900146,121,13,108
113900148,21,56,-35
113900149,28,45,-17
113900150,477,86,391
113900151,252,36,216
113900152,9,35,-26
113900153,121,57,64
113900154,0,37,-37
113900155,10,17,-7
113900156,34,57,-23
113900157,11,229,-218
113900158,74,59,15
113900159,0,70,-70
113900160,96,52,44
113900161,56,66,-10
113900162,44,56,-12
113900163,157,50,107
113900164,225,11,214
113900165,89,54,35
113900166,12,8,4
113900167,175,32,143
113900168,7,6,1
113900169,39,88,-49
113900171,101,17,84
113900172,2,13,-11
113900173,9,72,-63
113900174,53,125,-72
113900175,89,65,24
113900176,31,34,-3
113900177,49,56,-7
113900178,99,30,69
113900179,10,180,-170
113900180,15,9,6
113900181,501,45,456
113900182,176,36,140
113900183,12,17,-5
113900184,2,176,-174
113900185,20,5,15
113900186,6,18,-12
113900187,3,10,-7
113900188,0,24,-24
113900189,144,22,122
113900190,66,10,56
113900191,4,33,-29
113900192,2,185,-183
113900193,1,80,-79
113900194,368,73,295
113900195,40,88,-48
113900196,0,14,-14
113900197,0,41,-41
113900198,0,39,-39
113900199,13,69,-56
113900200,0,13,-13
113900201,0,38,-38
113900202,1,31,-30
113900203,0,29,-29
113900204,0,56,-56
113900205,1,5,-4
113900206,0,24,-24
113900207,0,4,-4
113900208,0,4,-4
113900209,0,2,-2
113900210,87,124,-37
113900211,77,10,67
113900212,324,86,238
113900214,66,64,2
113900215,154,26,128
113900216,25,55,-30
113900217,88,48,40
113900218,33,35,-2
113900219,55,140,-85
113900220,30,55,-25
113900221,57,153,-96
113900222,24,172,-148
113900223,85,70,15
113900224,2,7,-5
113900225,130,33,97
113900226,87,37,50
113900227,92,53,39
113900228,35,122,-87
113900229,4,308,-304
113900230,503,769,-266
113900231,17,28,-11
113900232,18,4,14
113900233,36,19,17
113900234,63,100,-37
113900235,53,7,46
113900236,302,18,284
113900237,114,12,102
113900238,99,166,-67
113900239,19,34,-15
113900240,0,59,-59
113900241,7,3,4
113900242,2,14,-12
113900243,1,31,-30
113900244,119,44,75
113900245,186,30,156
113900246,3,13,-10
113900247,17,205,-188
113900248,378,660,-282
113900249,80,226,-146
113900250,11,69,-58
113900251,597,22,575
113900252,368,2,366
113900253,204,18,186
113900254,142,28,114
113900255,589,6,583
113900256,309,23,286
113900257,13,115,-102
113900258,10,170,-160
113900259,345,50,295
113900260,141,8,133
113900261,20,14,6
113900262,164,96,68
113900263,1,46,-45
113900264,0,84,-84
113900265,14,67,-53
113900266,11,27,-16
113900267,21,100,-79
113900268,28,74,-46
113900269,22,31,-9
113900270,33,110,-77
113900271,123,110,13
113900273,3,0,3
113900274,20,1,19
113900275,1,10,-9
113900276,0,67,-67
113900277,173,1,172
113900278,20,23,-3
113900279,15,14,1
113900280,209,110,99
113900281,48,420,-372
113900282,110,63,47
113900283,60,184,-124
113900284,458,72,386
113900285,37,3,34
113900286,25,16,9
113900287,17,7,10
113900288,0,32,-32
113900289,73,62,11
113900290,47,105,-58
113900291,24,28,-4
113900292,7,1,6
113900293,0,61,-61
113900294,412,21,391
113900295,116,41,75
113900296,592,189,403
113900297,929,17,912
113900298,4,171,-167
113900299,112,56,56
113900300,1206,1997,-791
113900301,97,337,-240
113900302,655,205,450
113900303,50,352,-302
113900304,0,24,-24
113900305,74,0,74
113900306,30,0,30
113900307,3,0,3
113900308,6,12,-6
113900309,0,155,-155
113900310,0,5,-5
113900311,6,0,6
113900312,23,39,-16
113900313,0,0,0
114000001,419,594,-175
114000002,138,119,19
114000003,29,82,-53
114000004,382,74,308
114000005,335,60,275
114000006,438,291,147
114000007,452,361,91
114000008,796,568,228
114000009,1039,110,929
114000011,1864,634,1230
114000012,2361,431,1930
114000013,1347,433,914
114000014,122,33,89
114000015,1236,66,1170
114000016,155,26,129
114000017,80,510,-430
114000018,69,11,58
114000026,2006,415,1591
114000027,3020,989,2031
114000028,1027,1611,-584
114000038,276,52,224
114000039,49,28,21
114000040,155,279,-124
114000042,40,87,-47
114000043,19,43,-24
114000044,345,11,334
114000045,6,6,0
114000046,581,1082,-501
114000047,0,30,-30
114000048,70,21,49
114000049,1347,658,689
114000050,1115,370,745
114000051,1637,945,692
114000052,1749,1549,200
114000053,21,337,-316
114000054,82,307,-225
114000055,150,7,143
114000056,39,175,-136
114000057,1410,748,662
114000058,25,298,-273
114000059,12,327,-315
114000060,136,225,-89
114000061,853,905,-52
114000062,98,430,-332
114000063,365,392,-27
114000064,656,1473,-817
114000065,414,595,-181
114000066,392,358,34
114000067,6,624,-618
114000068,133,409,-276
114000069,641,122,519
114000070,1078,867,211
114000071,639,70,569
114000072,630,79,551
114000073,16,35,-19
114000074,56,4,52
114000075,110,12,98
114000076,6,35,-29
114000077,0,9,-9
114000078,154,100,54
114000079,240,9,231
114000080,30,48,-18
114000081,33,27,6
114000082,9,79,-70
114000083,42,13,29
114000084,140,75,65
114000085,27,134,-107
114000086,238,48,190
114000087,120,4,116
114000088,50,29,21
114000089,246,112,134
114000090,443,325,118
114000091,368,348,20
114000092,164,204,-40
114000093,696,165,531
114000094,359,104,255
114000095,137,107,30
114000096,34,161,-127
114000097,31,147,-116
114000098,784,35,749
114000099,530,57,473
114000100,1575,198,1377
114000101,223,174,49
114000102,666,139,527
114000103,67,87,-20
114000104,7,41,-34
114000105,183,57,126
114000106,314,1162,-848
114000107,375,71,304
114000108,542,301,241
114000109,450,850,-400
114000110,324,234,90
114000111,1408,582,826
114000112,199,617,-418
114000113,992,276,716
114000114,145,504,-359
114000115,1033,519,514
114000116,721,2861,-2140
114000117,3139,237,2902
114000118,2730,173,2557
114000119,2154,214,1940
114000120,656,527,129
114000121,184,196,-12
114000122,268,125,143
114000123,1866,128,1738
114000124,974,131,843
114000125,629,615,14
114000126,1072,101,971
114000127,76,48,28
114000128,669,83,586
114000130,297,500,-203
114000131,321,34,287
114000132,392,127,265
114000133,349,220,129
114000134,20,3,17
114000138,2,3,-1
114000139,154,69,85
114000144,360,217,143
114000145,15,3,12
114000146,44,18,26
114000147,492,1261,-769
114000148,371,726,-355
114000149,148,130,18
114000150,51,58,-7
114000151,133,1087,-954
114000152,26,7,19
114000153,96,518,-422
114000154,223,83,140
114000155,444,1789,-1345
114000156,360,266,94
114000157,99,573,-474
114000158,258,253,5
114000159,66,95,-29
114000160,12,93,-81
114000161,414,787,-373
114000162,648,957,-309
114000163,6,3,3
114000165,147,93,54
114000166,137,133,4
114000167,1213,694,519
114000168,202,87,115
114000169,381,551,-170
114000170,521,463,58
114000171,861,5961,-5100
114000174,49,103,-54
114000176,108,87,21
114000177,368,179,189
114000178,27,9,18
114000179,520,403,117
114000180,163,148,15
114000181,703,2842,-2139
114000182,493,957,-464
114000183,284,193,91
114000184,1135,229,906
114000185,657,395,262
114000189,1196,77,1119
114000190,2497,335,2162
114000191,61,284,-223
114000192,59,355,-296
114000193,166,441,-275
114000194,916,555,361
114000195,232,120,112
114000196,1,97,-96
114000197,1806,10,1796
114000198,168,163,5
114000199,361,648,-287
114000200,314,400,-86
114000201,178,222,-44
114000202,581,364,217
114000203,513,444,69
114000204,51,99,-48
114000205,103,494,-391
114000206,336,495,-159
114000207,219,468,-249
114000208,308,371,-63
114000209,168,417,-249
114000210,119,339,-220
114000211,1410,462,948
114000212,886,708,178
114000213,1743,296,1447
114000214,42,16,26
114000215,53,29,24
114000216,1190,280,910
114000217,310,134,176
114000218,190,53,137
114000219,1163,106,1057
114000220,20,284,-264
114000221,1170,115,1055
114000222,133,231,-98
114000223,461,83,378
114000224,54,172,-118
114000225,146,175,-29
114000226,245,82,163
114000227,933,309,624
114000228,823,285,538
114000229,1309,756,553
114000230,1162,419,743
114000231,749,709,40
114000232,862,123,739
114000233,1598,37,1561
114000234,979,330,649
114000235,1211,694,517
114000236,0,191,-191
114000237,67,251,-184
114000238,60,205,-145
114000239,53,263,-210
114000240,621,612,9
114000241,217,324,-107
114000242,466,243,223
114000243,1312,868,444
114000244,306,159,147
114000245,359,529,-170
114000246,38,14,24
114000247,273,281,-8
114000248,1111,457,654
114000249,779,230,549
114000250,548,126,422
114000251,130,53,77
114000252,35,14,21
114000253,21,21,0
114000254,19,5,14
114000255,171,96,75
114000256,142,339,-197
114000257,229,448,-219
114000258,214,114,100
114000259,106,138,-32
114000260,0,5,-5
114000261,68,28,40
114000262,159,25,134
114000263,6,0,6
114000264,1187,78,1109
114000265,0,0,0
114000267,2,1279,-1277
114000268,0,478,-478
114000270,142,1,141
114000271,137,105,32
114000283,1227,121,1106
114000285,3,96,-93
114000288,61,42,19
114000289,1305,98,1207
114000293,220,90,130
114000294,130,223,-93
114000395,1053,97,956
114000396,441,156,285
114000402,635,190,445
114000403,376,84,292
114000405,216,156,60
114000423,305,105,200
114000424,553,90,463
114000425,1006,72,934
114000426,364,740,-376
114000427,69,4,65
114000428,64,61,3
114000429,28,49,-21
114000432,97,14,83
114000434,26,18,8
114000435,3,22,-19
114900001,455,106,349
114900002,162,17,145
114900003,363,178,185
114900004,52,276,-224
114900005,207,164,43
114900006,23,64,-41
114900007,61,2,59
114900008,352,8,344
114900010,363,947,-584
114900011,388,46,342
114900013,180,32,148
114900015,48,337,-289
114900018,392,9,383
114900020,54,25,29
114900022,39,166,-127
114900024,55,111,-56
114900025,462,44,418
114900026,44,49,-5
114900027,169,88,81
114900029,11,11,0
114900030,258,55,203
114900031,300,0,300
114900032,444,6,438
114900033,184,1250,-1066
114900034,4,33,-29
114900035,20,75,-55
114900036,65,80,-15
114900037,38,14,24
114900038,121,107,14
114900039,465,55,410
114900040,126,9,117
114900041,799,35,764
114900042,699,80,619
114900043,233,49,184
114900044,70,26,44
114900046,22,43,-21
114900047,15,1838,-1823
114900048,12,63,-51
114900049,0,23,-23
114900050,22,60,-38
114900051,9,59,-50
114900052,21,58,-37
114900053,3,65,-62
114900054,8,14,-6
114900057,44,7,37
114900058,0,30,-30
114900059,120,33,87
114900060,64,185,-121
114900061,4,13,-9
114900062,34,87,-53
114900063,43,9,34
114900064,1319,55,1264
114900065,207,406,-199
114900067,4,39,-35
114900068,7,58,-51
114900069,74,22,52
114900070,494,59,435
114900072,7,34,-27
114900073,0,27,-27
114900074,849,56,793
114900075,162,1,161
114900076,15,32,-17
114900080,256,94,162
114900082,1013,944,69
114900083,41,241,-200
114900090,496,46,450
114900091,42,84,-42
114900095,13,15,-2
114900096,18,88,-70
114900097,143,1,142
114900098,0,58,-58
114900099,207,38,169
115000001,1496,1092,404
115000002,2279,3827,-1548
115000003,1593,684,909
115000004,2643,3762,-1119
115000005,783,979,-196
115000006,851,699,152
115000007,27,133,-106
115000008,183,257,-74
115000009,128,78,50
115000010,96,95,1
115000013,13,77,-64
115000015,3,72,-69
115000016,34,120,-86
115000019,9,415,-406
115000020,36,472,-436
115000021,71,185,-114
115000022,109,96,13
115000023,275,296,-21
115000024,197,67,130
115000025,604,277,327
115000026,157,65,92
115000027,250,120,130
115000028,175,84,91
115000029,640,35,605
115000030,210,202,8
115000031,456,60,396
115000032,1,47,-46
115000033,59,2,57
115000034,40,182,-142
115000035,439,62,377
115000036,0,129,-129
115000037,397,59,338
115000038,44,88,-44
115000039,962,1611,-649
115000040,1458,1166,292
115000041,749,2353,-1604
115000042,173,259,-86
115000043,1790,1158,632
115000044,1561,1309,252
115000045,1389,480,909
115000046,2360,1066,1294
115000047,1858,767,1091
115000048,1098,796,302
115000049,740,980,-240
115000050,2039,701,1338
115000051,881,2493,-1612
115000052,618,813,-195
115000053,1569,1935,-366
115000054,398,501,-103
115000055,108,437,-329
115000056,93,114,-21
115000057,387,795,-408
115000058,52,294,-242
115000059,77,206,-129
115000061,90,146,-56
115000062,178,390,-212
115000063,363,128,235
115000064,101,51,50
115000065,30,410,-380
115000067,128,13,115
115000069,96,123,-27
115000070,25,649,-624
115000071,84,10,74
115000072,3,4,-1
115000073,780,54,726
115000075,48,40,8
115000076,890,781,109
115000077,1120,499,621
115000078,777,329,448
115000079,773,470,303
115000080,2001,572,1429
115000081,131,266,-135
115000082,3009,2311,698
115000083,1402,507,895
115000084,2485,294,2191
115000085,569,294,275
115000086,700,210,490
115000087,215,774,-559
115000088,881,298,583
115000089,679,498,181
115000090,239,480,-241
115000091,216,250,-34
115000092,609,386,223
115000093,590,1,589
115000094,2160,4503,-2343
115000095,1499,3690,-2191
115000096,674,354,320
115000097,1165,990,175
115000098,1126,227,899
115000099,1486,691,795
115000100,1116,270,846
115000101,365,372,-7
115000102,375,87,288
115000103,227,318,-91
115000105,50,35,15
115000106,667,270,397
115000107,99,163,-64
115000108,856,669,187
115000109,1567,3958,-2391
115000110,521,1252,-731
115000111,129,271,-142
115000112,354,290,64
115000113,176,218,-42
115000114,290,161,129
115000116,740,737,3
115000117,555,682,-127
115000118,809,677,132
115000119,534,722,-188
115000120,262,722,-460
115000121,219,299,-80
115000122,367,704,-337
115000123,221,734,-513
115000124,337,620,-283
115000125,186,445,-259
115000126,42,268,-226
115000127,174,70,104
115000128,157,426,-269
115000129,146,280,-134
115000130,179,157,22
115000131,501,114,387
115000132,184,73,111
115000133,443,56,387
115000134,199,49,150
115000135,79,37,42
115000136,77,74,3
115000137,18,32,-14
115000138,205,83,122
115000139,69,37,32
115000140,391,75,316
115000141,103,75,28
115000142,35,37,-2
115000143,541,206,335
115000144,280,19,261
115000145,106,71,35
115000146,252,100,152
115000147,156,114,42
115000148,119,226,-107
115000149,396,122,274
115000150,236,122,114
115000151,663,146,517
115000152,260,236,24
115000153,699,192,507
115000154,569,153,416
115000155,392,250,142
115000156,266,402,-136
115000157,126,159,-33
115000158,115,100,15
115000159,152,188,-36
115000160,178,287,-109
115000161,287,170,117
115000162,303,628,-325
115000163,101,182,-81
115000164,152,180,-28
115000165,89,294,-205
115000167,9,10,-1
115000168,301,98,203
115000169,168,255,-87
115000170,25,120,-95
115000171,169,168,1
115000172,350,443,-93
115000173,95,602,-507
115000174,19,262,-243
115000175,94,112,-18
115000176,9,95,-86
115000177,12,224,-212
115000178,0,99,-99
115000179,21,64,-43
115000180,43,128,-85
115000181,522,57,465
115000182,863,139,724
115000183,255,142,113
115000186,210,28,182
115000187,222,86,136
115000188,240,141,99
115000189,157,208,-51
115000190,382,250,132
115000191,78,319,-241
115000194,95,20,75
115000195,39,34,5
115000196,205,15,190
115000197,146,89,57
115000198,426,30,396
115000199,423,44,379
115000200,297,28,269
115000201,113,52,61
115000206,417,6,411
115000207,100,40,60
115000208,99,218,-119
115000209,425,132,293
115000210,122,65,57
115000211,55,80,-25
115000212,353,249,104
115000224,179,19,160
115000225,42,12,30
115000229,78,52,26
115000230,16,123,-107
115000231,259,267,-8
115000232,1683,201,1482
115000233,48,39,9
115000234,32,82,-50
115000241,39,48,-9
115000242,145,25,120
115000243,22,54,-32
115000244,1,29,-28
115000246,23,8,15
115000247,17,9,8
115000248,32,5,27
115000249,2,0,2
115000250,114,9,105
115000251,254,20,234
115000252,35,47,-12
115000253,3,241,-238
115000258,121,28,93
115000259,32,10,22
115000261,27,1,26
115000262,1,25,-24
115000263,5,7,-2
115000264,0,0,0
115000267,6,11,-5
115000268,11,34,-23
115000269,40,29,11
115000270,3,25,-22
115000272,28,30,-2
115000273,244,15,229
115000280,498,418,80
115000281,100,886,-786
115000282,335,1634,-1299
115000284,42,85,-43
115000296,184,13,171
115000297,38,441,-403
115000298,8,483,-475
115000300,93,99,-6
115000302,326,22,304
115000303,752,26,726
115000304,739,46,693
115000305,46,120,-74
115000306,219,56,163
115000307,180,57,123
115000308,3,3,0
115000309,4,81,-77
115000310,1233,252,981
115000311,865,393,472
115000313,55,121,-66
115000314,237,117,120
115000315,135,434,-299
115000316,15,71,-56
115000317,62,167,-105
115000318,685,164,521
115000319,44,57,-13
115000320,3,236,-233
115000321,271,22,249
115000322,31,59,-28
115000449,58,83,-25
115000557,1,1560,-1559
115000558,38,33,5
115000587,537,146,391
115000588,978,1080,-102
115000589,2227,1235,992
115000590,255,542,-287
115000591,664,370,294
115000592,332,423,-91
115000593,1055,384,671
115000594,332,792,-460
115000609,124,140,-16
115000617,165,1698,-1533
115000624,250,6,244
115000633,411,699,-288
115000634,1428,280,1148
115000635,336,56,280
115000638,181,229,-48
115000641,10,102,-92
115000642,189,45,144
115000643,44,111,-67
115000644,62,97,-35
115000646,350,494,-144
115000647,40,170,-130
115000648,1557,253,1304
115000893,717,369,348
115000894,119,378,-259
115000895,163,405,-242
115000896,470,188,282
115000897,122,36,86
115000898,117,77,40
115000899,66,574,-508
115000900,10,76,-66
115000901,12,144,-132
115000912,238,26,212
115000913,1,0,1
115000915,2,0,2
115000916,3,1,2
115000917,0,8,-8
115000918,13,514,-501
115000919,0,26,-26
115000920,1,14,-13
115000921,97,31,66
115000922,124,348,-224
115000923,35,632,-597
115000925,86,87,-1
115000927,25,37,-12
115000933,18,207,-189
115000934,58,103,-45
115000935,122,54,68
115000936,26,547,-521
115000937,114,122,-8
115000938,4,34,-30
115000939,5,42,-37
115900001,259,3,256
115900002,19,18,1
115900003,89,16,73
115900004,0,5,-5
115900005,264,1,263
115900006,59,50,9
115900008,141,1,140
115900009,24,32,-8
115900010,415,9,406
115900011,175,31,144
115900012,223,1,222
115900013,239,27,212
115900014,79,26,53
115900015,121,13,108
115900016,28,6,22
115900017,50,36,14
115900018,66,6,60
115900019,23,5,18
115900020,136,2,134
115900021,245,133,112
115900022,233,7,226
115900023,6,17,-11
115900025,6,31,-25
115900026,323,58,265
115900027,0,31,-31
115900028,103,14,89
115900029,1,79,-78
115900030,49,22,27
115900031,16,159,-143
115900032,65,162,-97
115900033,0,9,-9
115900034,17,69,-52
115900035,18,7,11
115900036,8,747,-739
115900037,17,111,-94
115900038,12,11,1
115900039,92,27,65
115900041,108,512,-404
115900042,41,2,39
115900043,45,14,31
115900044,39,237,-198
115900046,414,38,376
115900047,73,123,-50
115900049,96,36,60
115900051,0,5,-5
115900052,8,105,-97
115900053,178,25,153
115900054,430,9,421
115900055,0,48,-48
115900056,87,40,47
115900057,2,25,-23
115900058,7,17,-10
115900060,11,58,-47
115900061,167,0,167
115900062,18,55,-37
115900063,17,1,16
115900064,78,95,-17
115900065,121,36,85
115900066,53,49,4
115900067,28,90,-62
115900068,818,1191,-373
115900069,43,89,-46
115900070,150,17,133
115900071,0,27,-27
115900072,8,40,-32
115900073,189,101,88
115900074,0,66,-66
115900075,7,56,-49
115900076,1,14,-13
115900077,0,54,-54
115900078,7,28,-21
115900079,336,1,335
115900080,69,15,54
115900081,48,25,23
115900082,86,29,57
115900084,603,3,600
115900085,11,45,-34
115900086,421,62,359
115900088,0,61,-61
115900089,342,125,217
115900090,487,0,487
115900091,0,2,-2
115900092,56,31,25
115900093,2,4,-2
115900094,8,51,-43
115900096,0,2,-2
115900097,1,121,-120
115900098,228,67,161
115900099,70,45,25
115900100,4,155,-151
115900101,144,30,114
115900102,82,26,56
115900103,199,32,167
115900104,83,32,51
115900105,237,84,153
115900106,99,0,99
115900107,62,26,36
115900108,71,1,70
115900109,6,131,-125
115900110,16,0,16
115900111,0,13,-13
115900112,49,205,-156
115900113,49,0,49
115900114,0,33,-33
115900115,66,23,43
115900116,20,115,-95
115900117,31,1,30
115900118,0,92,-92
115900119,130,43,87
115900120,18,56,-38
115900121,146,21,125
115900124,106,578,-472
115900125,261,22,239
115900126,672,4,668
115900127,569,11,558
115900128,1,77,-76
115900129,221,9,212
115900130,3,343,-340
115900131,335,28,307
115900132,428,1,427
115900134,204,2,202
115900135,215,281,-66
115900137,12,3,9
115900139,6,52,-46
115900140,424,19,405
115900141,1,15,-14
115900142,0,17,-17
115900143,134,105,29
115900144,110,67,43
115900146,6,36,-30
115900147,34,206,-172
115900148,12,5,7
115900149,59,6,53
115900150,107,5,102
115900151,41,17,24
115900152,38,50,-12
115900153,92,50,42
115900154,74,186,-112
115900155,0,6,-6
115900156,233,258,-25
115900157,186,169,17
115900158,2,3,-1
115900159,146,50,96
115900160,0,1,-1
115900161,4,33,-29
115900163,225,27,198
115900164,618,7,611
115900166,29,32,-3
115900168,271,9,262
115900171,50,53,-3
115900172,30,36,-6
115900173,75,50,25
115900174,37,58,-21
115900175,144,22,122
115900178,26,98,-72
115900179,279,14,265
115900180,25,62,-37
115900181,120,47,73
115900182,562,44,518
115900183,9,62,-53
115900184,101,1,100
115900187,4,207,-203
115900189,0,70,-70
115900190,76,312,-236
115900191,18,61,-43
115900192,11,63,-52
115900193,25,32,-7
115900194,631,16,615
115900195,112,1684,-1572
115900198,107,66,41
115900199,118,30,88
115900200,80,81,-1
115900201,91,180,-89
115900202,0,130,-130
115900203,0,8,-8
115900204,0,10,-10
115900205,1,5,-4
115900206,389,10,379
115900207,21,9,12
115900208,43,24,19
115900209,20,37,-17
115900210,0,115,-115
115900211,2,17,-15
115900212,180,28,152
115900213,31,159,-128
115900214,341,27,314
115900215,14,110,-96
115900216,0,39,-39
115900217,4,16,-12
115900218,0,9,-9
115900219,133,1,132
115900220,245,12,233
115900221,205,2,203
115900222,84,21,63
115900223,0,273,-273
115900224,189,1247,-1058
115900225,64,14,50
115900226,2,4,-2
115900227,4,6,-2
115900228,2,14,-12
115900229,2,5,-3
115900230,23,10,13
115900231,70,0,70
115900232,16,0,16
115900233,95,1,94
115900234,11,26,-15
115900235,8,8,0
115900236,2,7,-5
115900237,29,4,25
115900238,8,7,1
115900239,7,20,-13
115900240,7,5,2
115900241,243,17,226
115900242,110,235,-125
115900243,2,5,-3
115900244,1,4,-3
115900245,75,1,74
115900246,1,0,1
115900247,1,0,1
115900248,0,1,-1
115900249,1,3,-2
115900250,7,0,7
115900251,0,1,-1
115900252,2,0,2
115900253,4,1,3
115900254,4,20,-16
115900255,0,7,-7
115900256,0,15,-15
115900257,0,0,0
115900258,0,0,0
115900259,0,0,0
115900260,3,0,3
115900261,1,1,0
115900262,4,0,4
115900263,5,0,5
115900264,2,0,2
115900265,1,0,1
115900266,3,11,-8
115900267,0,1,-1
115900268,0,2,-2
115900269,832,67,765
115900270,219,61,158
115900271,263,1,262
115900272,23,0,23
115900273,8,43,-35
115900274,0,0,0
115900275,0,3,-3
115900276,0,3,-3
115900277,0,3,-3
115900278,51,20,31
115900279,30,168,-138
115900280,5,357,-352
115900281,52,160,-108
115900282,2,29,-27
115900283,39,0,39
115900284,1,0,1
116000001,2335,829,1506
116000002,2162,9737,-7575
116000003,371,418,-47
116000004,2373,4562,-2189
116000005,437,1291,-854
116000006,1278,2292,-1014
116000007,801,1086,-285
116000008,2891,1346,1545
116000009,430,898,-468
116000010,1966,826,1140
116000011,340,571,-231
116000012,1118,569,549
116000013,2381,1348,1033
116000014,5083,12162,-7079
116000015,27,429,-402
116000016,1812,3670,-1858
116000017,22,269,-247
116000018,94,137,-43
116000019,578,162,416
116000020,214,308,-94
116000021,464,128,336
116000022,249,133,116
116000023,620,575,45
116000024,338,229,109
116000025,519,327,192
116000026,536,922,-386
116000027,221,358,-137
116000028,288,591,-303
116000029,157,136,21
116000030,446,373,73
116000031,9,15,-6
116000032,235,15,220
116000033,555,151,404
116000034,482,437,45
116000035,151,75,76
116000036,95,444,-349
116000037,100,221,-121
116000038,40,236,-196
116000039,120,202,-82
116000040,238,425,-187
116000041,23,149,-126
116000042,348,242,106
116000043,39,218,-179
116000044,1,67,-66
116000045,816,704,112
116000046,677,502,175
116000047,971,1232,-261
116000048,1576,617,959
116000049,1218,983,235
116000050,798,530,268
116000051,1895,771,1124
116000052,1468,871,597
116000053,2010,242,1768
116000054,661,644,17
116000055,484,252,232
116000056,1466,856,610
116000057,890,151,739
116000058,1218,1416,-198
116000059,1049,3126,-2077
116000060,789,587,202
116000061,116,970,-854
116000062,161,219,-58
116000063,326,980,-654
116000066,121,416,-295
116000067,102,211,-109
116000068,82,192,-110
116000069,107,95,12
116000078,268,667,-399
116000080,818,261,557
116000082,16,12,4
116000083,1239,243,996
116000084,614,973,-359
116000085,1018,1183,-165
116000086,293,269,24
116000087,2285,1207,1078
116000088,578,296,282
116000089,191,55,136
116000090,110,134,-24
116000091,109,526,-417
116000093,598,125,473
116000094,633,182,451
116000095,586,137,449
116000096,850,1292,-442
116000097,619,253,366
116000098,50,5141,-5091
116000099,2096,220,1876
116000100,142,6,136
116000101,1043,83,960
116000102,172,285,-113
116000103,218,178,40
116000104,145,269,-124
116000105,918,57,861
116000106,265,221,44
116000107,1537,124,1413
116000108,1,143,-142
116000111,115,38,77
116000113,77,28,49
116000114,4,46,-42
116000115,252,44,208
116000116,150,96,54
116000117,895,663,232
116000118,908,438,470
116000119,2716,781,1935
116000120,1241,1089,152
116000121,909,206,703
116000122,511,288,223
116000123,1518,163,1355
116000124,355,202,153
116000125,2253,124,2129
116000126,147,256,-109
116000127,376,305,71
116000128,1925,221,1704
116000129,724,83,641
116000130,480,219,261
116000133,1288,138,1150
116000134,670,398,272
116000135,2122,431,1691
116000136,409,636,-227
116000137,916,264,652
116000138,370,111,259
116000139,1201,2390,-1189
116000140,245,173,72
116000141,260,331,-71
116000142,2436,1506,930
116000143,1566,1256,310
116000144,1713,1051,662
116000145,2246,677,1569
116000146,696,73,623
116000147,97,131,-34
116000148,556,369,187
116000149,227,233,-6
116000151,516,334,182
116000153,82,262,-180
116000155,145,267,-122
116000156,435,290,145
116000157,64,0,64
116000158,214,51,163
116000159,2,3,-1
116000160,52,31,21
116000161,0,51,-51
116000162,21,137,-116
116000163,40,14,26
116000164,9,10,-1
116000177,18,90,-72
116000194,50,105,-55
116000195,955,146,809
116000196,32,6,26
116000197,17,38,-21
116000198,960,560,400
116000200,253,591,-338
116000201,404,148,256
116000202,8,66,-58
116000203,0,22,-22
116000204,2,22,-20
116000205,0,64,-64
116000206,0,52,-52
116000207,4,25,-21
116000233,61,165,-104
116000287,190,59,131
116000288,281,145,136
116000292,59,56,3
116000296,3,79,-76
116000297,117,2,115
116000304,340,1,339
116000305,12,18,-6
116000346,361,46,315
116000352,89,14,75
116000354,45,7,38
116000357,2,10,-8
116000358,313,105,208
116000361,15,0,15
116000372,1770,3621,-1851
116000381,150,6,144
116000388,8,12,-4
116000389,470,86,384
116000445,775,113,662
116000446,549,44,505
116000447,3,350,-347
116000448,275,25,250
116000563,308,647,-339
116000565,120,114,6
116000568,32,422,-390
116000579,4,147,-143
116000584,35,4,31
116000585,8,34,-26
116000586,28,35,-7
116000587,287,136,151
116000589,19,88,-69
116000590,91,45,46
116000591,244,83,161
116000592,2,17,-15
116000593,0,17,-17
116000594,846,138,708
116000595,502,24,478
116000596,171,2,169
116000597,443,140,303
116000598,3,105,-102
116000602,12,402,-390
116000605,90,46,44
116000606,61,261,-200
116000607,1,34,-33
116000609,29,815,-786
116000611,215,109,106
116000612,1187,1928,-741
116000613,544,230,314
116000614,299,117,182
116000615,0,0,0
116000616,44,13,31
116000617,80,10,70
116000618,0,13,-13
116000619,21,71,-50
116000620,295,78,217
116000621,72,32,40
116000622,43,43,0
116000624,62,21,41
116000627,155,3,152
116000628,197,95,102
116000629,73,158,-85
116000630,831,8,823
116000631,426,7,419
116000632,920,114,806
116000633,4,72,-68
116000634,979,3,976
116000635,977,835,142
116000636,181,624,-443
116000637,679,7,672
116000638,2,130,-128
116900001,48,38,10
116900002,118,0,118
116900003,50,2,48
116900004,18,32,-14
116900005,184,6,178
116900006,22,75,-53
116900007,23,12,11
116900008,471,55,416
116900009,19,25,-6
116900010,1,185,-184
116900011,1,15,-14
116900012,72,48,24
116900013,0,20,-20
116900014,242,32,210
116900015,559,24,535
116900016,287,14,273
116900017,0,101,-101
116900018,81,43,38
116900019,0,40,-40
116900020,440,1543,-1103
116900023,16,9,7
116900024,584,11,573
116900025,1101,303,798
116900026,53,136,-83
116900027,52,9,43
116900028,0,18,-18
116900029,0,162,-162
116900031,0,0,0
116900032,2,65,-63
116900033,48,1,47
116900034,2,9,-7
116900035,81,48,33
116900036,5,41,-36
116900038,8,0,8
116900041,101,5,96
116900042,51,56,-5
116900043,38,43,-5
116900047,7,184,-177
116900049,6,40,-34
116900050,58,58,0
116900051,317,14,303
116900052,83,42,41
116900055,0,8,-8
116900057,24,22,2
116900058,6,75,-69
116900059,2,13,-11
116900060,81,89,-8
116900062,0,24,-24
116900064,26,67,-41
116900065,1,24,-23
116900067,33,16,17
116900068,87,105,-18
116900070,13,0,13
116900072,8,59,-51
116900073,0,31,-31
116900074,3,11,-8
116900076,4,10,-6
116900077,1,30,-29
116900078,43,16,27
116900079,8,140,-132
116900080,1,6,-5
116900081,64,210,-146
116900082,61,432,-371
116900083,7,3,4
116900084,36,11,25
116900085,17,37,-20
116900086,17,229,-212
116900088,68,5,63
116900090,7,9,-2
116900091,242,4,238
116900092,34,134,-100
116900093,711,602,109
116900094,1566,3380,-1814
116900095,174,10,164
116900096,216,181,35
116900097,605,2208,-1603
116900098,108,101,7
116900099,59,520,-461
116900100,918,34,884
116900101,40,136,-96
116900103,0,0,0
116900104,5,721,-716
116900105,276,118,158
116900106,2481,40,2441
116900107,774,2492,-1718
116900110,3,1,2
116900111,459,273,186
116900112,257,140,117
116900113,503,1795,-1292
116900116,5,128,-123
116900117,101,31,70
116900118,401,653,-252
116900120,482,35,447
116900121,76,2,74
116900122,1295,127,1168
116900123,204,173,31
116900124,74,97,-23
116900125,402,66,336
116900126,22,319,-297
116900128,0,5,-5
116900129,0,46,-46
116900130,186,3019,-2833
116900131,12,62,-50
116900132,45,67,-22
116900133,99,36,63
116900134,126,124,2
116900136,123,35,88
116900137,43,9,34
116900138,96,14,82
116900139,5,47,-42
116900140,65,18,47
116900141,207,47,160
116900142,1,15,-14
116900143,158,42,116
116900144,14,2,12
116900145,27,46,-19
116900147,50,238,-188
116900148,0,3,-3
116900149,58,128,-70
116900150,11,0,11
116900151,6,13,-7
116900153,101,28,73
116900154,58,272,-214
116900155,18,41,-23
116900157,956,15,941
116900158,134,207,-73
116900159,51,163,-112
116900160,571,397,174
116900161,1210,5424,-4214
116900162,6,38,-32
116900163,346,5,341
116900164,94,32,62
116900165,416,135,281
116900166,80,53,27
116900167,386,5,381
116900168,402,10,392
116900169,56,170,-114
116900170,408,110,298
116900171,88,102,-14
116900172,68,302,-234
116900173,482,29,453
116900174,59,146,-87
116900175,138,114,24
116900178,16,46,-30
116900179,22,354,-332
116900180,71,6,65
116900182,339,121,218
116900183,168,41,127
116900185,27,17,10
116900186,128,73,55
116900187,40,46,-6
116900188,117,20,97
116900189,76,0,76
116900191,90,67,23
116900192,241,54,187
116900194,50,515,-465
116900195,69,0,69
116900196,11,35,-24
116900197,121,1,120
116900198,18,392,-374
116900200,51,5,46
116900201,237,0,237
116900202,33,10,23
116900203,114,0,114
116900204,67,133,-66
116900205,0,0,0
116900206,10,0,10
116900207,8,4,4
116900208,1,41,-40
116900209,33,24,9
116900210,116,31,85
116900211,224,1,223
116900212,80,3,77
116900213,86,8,78
116900214,197,94,103
116900215,37,10,27
116900216,76,54,22
116900218,0,110,-110
116900219,226,107,119
116900220,54,105,-51
116900221,85,181,-96
116900222,123,84,39
116900223,30,33,-3
116900226,156,10,146
116900227,290,20,270
116900228,235,52,183
116900230,31,65,-34
116900231,25,102,-77
116900232,2,97,-95
116900233,211,55,156
116900234,22,0,22
116900235,26,45,-19
116900238,273,93,180
116900239,28,1136,-1108
116900240,2508,2701,-193
116900241,74,54,20
116900242,170,546,-376
116900243,0,6,-6
116900245,11,24,-13
116900246,80,23,57
116900247,848,5,843
116900248,59,2,57
116900249,552,177,375
116900250,201,15,186
116900251,118,507,-389
116900252,178,132,46
116900253,83,35,48
116900254,26,79,-53
116900255,97,82,15
116900256,474,138,336
116900257,16,40,-24
116900258,0,17,-17
116900259,194,3,191
116900260,4,15,-11
116900261,46,0,46
116900262,89,48,41
116900263,1,4,-3
116900264,2,0,2
116900265,48,0,48
116900266,3,1,2
116900267,0,0,0
116900268,7,163,-156
116900269,212,350,-138
116900271,184,313,-129
116900272,162,131,31
116900273,7,39,-32
116900274,142,9,133
116900275,147,45,102
116900276,345,162,183
116900277,228,110,118
116900278,0,0,0
116900279,5,10,-5
116900280,3,3,0
116900281,1490,4373,-2883
116900282,1,13,-12
116900283,7,10,-3
116900284,18,53,-35
116900285,31,210,-179
116900286,20,0,20
116900287,1,8,-7
116900288,210,38,172
116900289,24,0,24
116900290,9,1,8
116900291,38,7,31
116900292,0,22,-22
116900293,34,7,27
116900294,4,44,-40
116900295,49,225,-176
116900296,64,53,11
116900297,0,26,-26
116900298,22,101,-79
116900299,0,181,-181
116900300,0,19,-19
116900301,51,20,31
116900302,6,42,-36
116900303,59,24,35
116900304,0,45,-45
116900305,1,6,-5
116900306,181,42,139
117000001,2270,1527,743
117000002,1013,1575,-562
117000003,3763,1418,2345
117000004,1339,1810,-471
117000005,2345,832,1513
117000006,733,1180,-447
117000007,4129,820,3309
117000008,703,1395,-692
117000009,2510,781,1729
117000010,745,800,-55
117000011,2115,554,1561
117000012,1241,485,756
117000013,1768,348,1420
117000014,1087,1639,-552
117000015,1604,984,620
117000016,104,182,-78
117000017,53,228,-175
117000018,28,944,-916
117000019,13,1,12
117000020,276,2190,-1914
117000021,1027,128,899
117000022,80,227,-147
117000023,35,127,-92
117000024,76,274,-198
117000025,182,1443,-1261
117000026,817,1529,-712
117000027,385,1003,-618
117000028,278,379,-101
117000030,119,230,-111
117000031,219,111,108
117000032,824,1068,-244
117000033,793,467,326
117000034,148,133,15
117000035,204,158,46
117000036,172,167,5
117000037,182,99,83
117000038,138,324,-186
117000039,120,126,-6
117000040,36,304,-268
117000041,1043,19,1024
117000044,4,242,-238
117000045,416,155,261
117000046,175,490,-315
117000047,537,556,-19
117000048,647,484,163
117000049,12,189,-177
117000050,172,492,-320
117000051,2251,22,2229
117000052,65,101,-36
117000053,980,7,973
117000054,1184,13,1171
117000055,2,563,-561
117000056,516,24,492
117000057,261,744,-483
117000060,234,555,-321
117000061,1652,834,818
117000062,162,381,-219
117000063,981,602,379
117000064,334,204,130
117000066,230,244,-14
117000067,37,340,-303
117000074,3,66,-63
117000076,0,14,-14
117000077,24,25,-1
117000078,145,184,-39
117000079,163,43,120
117000080,0,221,-221
117000081,233,42,191
117000082,29,49,-20
117000083,47,2,45
117000084,109,2,107
117000085,266,313,-47
117000086,324,123,201
117000087,45,242,-197
117000088,297,44,253
117000089,2134,85,2049
117000090,251,347,-96
117000091,1078,57,1021
117000092,302,381,-79
117000093,1516,136,1380
117000094,416,536,-120
117000095,2296,145,2151
117000096,355,625,-270
117000097,1267,347,920
117000098,790,1164,-374
117000099,4051,371,3680
117000100,163,190,-27
117000101,68,240,-172
117000102,1713,155,1558
117000103,166,451,-285
117000104,1471,143,1328
117000105,245,474,-229
117000106,1762,141,1621
117000107,176,543,-367
117000108,1957,580,1377
117000109,440,751,-311
117000110,1486,1181,305
117000111,2423,2382,41
117000112,2433,803,1630
117000113,46,63,-17
117000114,256,43,213
117000115,22,19,3
117000116,236,64,172
117000117,922,630,292
117000118,212,259,-47
117000119,48,274,-226
117000120,21,336,-315
117000121,8,391,-383
117000122,518,587,-69
117000123,362,43,319
117000124,19,42,-23
117000125,6,177,-171
117000126,4,10,-6
117000127,99,127,-28
117000128,57,175,-118
117000129,77,444,-367
117000130,122,0,122
117000131,0,47,-47
117000132,2641,39,2602
117000133,2793,53,2740
117000134,0,0,0
117000135,0,43,-43
117000136,0,22,-22
117000137,245,53,192
117000138,2,0,2
117000140,149,354,-205
117000141,1779,132,1647
117000181,76,44,32
117000182,1010,1114,-104
117000195,97,296,-199
117000196,465,167,298
117000225,18,77,-59
117000226,0,93,-93
117000276,378,9,369
117000277,0,118,-118
117000310,565,2139,-1574
117000315,15,332,-317
117000320,23,0,23
117000906,652,28,624
117000907,1,69,-68
117000908,6,133,-127
117000909,43,63,-20
117000910,252,103,149
117000911,31,104,-73
117000915,0,138,-138
117000916,46,2,44
117000917,997,13,984
117000918,130,56,74
117000919,0,12,-12
117000920,1,376,-375
117000921,0,344,-344
117000922,2,24,-22
117000924,747,578,169
117000926,346,166,180
117000927,105,317,-212
117000928,0,41,-41
117000929,326,72,254
117000930,369,8,361
117000931,67,77,-10
117900002,34,379,-345
117900003,35,22,13
117900005,0,71,-71
117900006,0,42,-42
117900007,99,47,52
117900008,0,27,-27
117900010,271,81,190
117900011,0,158,-158
117900012,60,33,27
117900013,1,72,-71
117900014,468,77,391
117900015,12,94,-82
117900016,438,1148,-710
117900017,497,531,-34
117900018,145,151,-6
117900019,582,225,357
117900020,38,117,-79
117900021,19,27,-8
117900022,20,5,15
117900023,675,20,655
117900024,48,43,5
117900025,2,3,-1
117900026,445,96,349
117900028,10,2,8
117900029,213,196,17
117900030,124,255,-131
117900031,144,80,64
117900032,744,245,499
117900033,424,188,236
117900034,8,2,6
117900035,153,38,115
117900036,205,168,37
117900037,232,19,213
117900038,31,43,-12
117900039,2,10,-8
117900040,55,36,19
117900041,1,18,-17
117900042,874,157,717
117900043,0,11,-11
117900044,55,2899,-2844
117900045,107,52,55
117900048,192,38,154
117900049,176,251,-75
117900050,0,93,-93
117900051,7,1,6
117900052,15,652,-637
117900053,1569,106,1463
117900054,0,11,-11
117900055,239,74,165
117900056,8,51,-43
117900057,327,439,-112
117900058,2,45,-43
117900059,51,66,-15
117900060,1868,763,1105
117900061,1,189,-188
117900063,291,115,176
117900065,142,317,-175
117900066,4,180,-176
117900067,527,93,434
117900069,600,51,549
117900070,64,267,-203
117900071,109,54,55
117900073,586,59,527
117900074,20,144,-124
117900075,126,30,96
117900076,3,37,-34
117900077,483,15,468
117900078,389,243,146
117900080,125,21,104
117900081,146,84,62
117900082,633,184,449
117900083,663,215,448
117900086,142,47,95
117900087,104,23,81
117900088,388,354,34
117900089,1839,383,1456
117900090,282,600,-318
117900091,260,21,239
117900092,142,20,122
117900093,166,3,163
117900094,25,57,-32
117900095,307,1156,-849
117900096,69,135,-66
117900097,186,30,156
117900098,159,8,151
117900099,203,1389,-1186
117900100,352,2,350
117900101,505,1846,-1341
117900102,85,15,70
117900103,120,0,120
117900104,5,501,-496
117900105,54,42,12
117900106,84,20,64
117900107,87,0,87
117900109,913,560,353
117900110,177,0,177
117900111,680,50,630
117900112,40,0,40
117900113,533,1603,-1070
117900114,32,0,32
117900115,24,41,-17
117900116,380,229,151
117900117,650,232,418
117900118,112,1,111
117900119,349,16,333
117900120,318,3,315
117900121,93,23,70
117900122,246,3597,-3351
117900123,436,229,207
117900124,100,215,-115
117900125,1046,447,599
117900126,37,169,-132
117900127,239,77,162
117900128,224,155,69
117900129,90,0,90
117900130,313,101,212
117900131,0,27,-27
117900132,0,5,-5
117900133,3,15,-12
117900134,26,200,-174
117900135,20,77,-57
117900136,0,3,-3
117900137,3,40,-37
117900138,0,6,-6
117900139,34,18,16
117900140,4670,217,4453
117900141,44,160,-116
117900142,35,282,-247
117900144,5,122,-117
117900145,0,69,-69
117900146,29,219,-190
117900147,89,68,21
117900148,998,1447,-449
117900149,40,21,19
117900150,63,33,30
117900151,29,74,-45
117900152,3,16,-13
117900153,19,121,-102
117900154,402,280,122
117900156,265,200,65
117900157,109,104,5
117900158,340,38,302
117900160,569,372,197
117900161,466,422,44
117900162,460,233,227
117900163,20,352,-332
117900165,6,9,-3
117900166,5,70,-65
117900168,167,75,92
117900169,0,44,-44
117900170,0,6,-6
117900171,0,0,0
117900172,1,6,-5
117900173,36,10,26
117900174,4,9,-5
117900175,10,11,-1
117900176,3,7,-4
117900177,3,1,2
117900178,20,6,14
117900180,91,63,28
117900181,15,581,-566
117900182,1,68,-67
117900183,112,76,36
117900184,56,20,36
117900185,98,2,96
117900186,60,0,60
117900187,22,1,21
117900188,85,15,70
117900189,58,10,48
117900190,22,0,22
117900191,46,1,45
117900192,80,0,80
117900193,48,37,11
117900194,0,0,0
117900195,3,9,-6
117900196,9,3,6
117900207,4,72,-68
117900208,26,20,6
117900209,118,64,54
117900210,40,17,23
117900211,2,41,-39
117900212,105,66,39
117900213,44,0,44
117900214,1,5,-4
117900215,9,78,-69
117900216,7,42,-35
117900217,17,44,-27
117900218,20,52,-32
117900219,0,69,-69
117900220,0,80,-80
117900222,111,38,73
117900223,52,183,-131
118000001,332,761,-429
118000002,349,829,-480
118000003,1059,1941,-882
118000004,678,1184,-506
118000005,1648,1695,-47
118000006,1077,2092,-1015
118000007,2804,5307,-2503
118000008,730,2925,-2195
118000009,807,1820,-1013
118000010,1515,1900,-385
118000011,1261,529,732
118000012,439,514,-75
118000013,882,917,-35
118000014,753,577,176
118000016,105,126,-21
118000017,374,268,106
118000018,128,140,-12
118000019,643,1242,-599
118000020,242,1194,-952
118000021,240,1386,-1146
118000022,638,343,295
118000023,275,172,103
118000024,413,412,1
118000027,3590,3627,-37
118000029,307,536,-229
118000032,131,959,-828
118000033,1164,2078,-914
118000034,1242,1096,146
118000035,767,914,-147
118000036,383,388,-5
118000037,293,517,-224
118000038,297,37,260
118000039,82,53,29
118000040,832,647,185
118000041,1333,687,646
118000045,79,194,-115
118000046,206,555,-349
118000047,213,755,-542
118000048,605,1151,-546
118000051,1363,1632,-269
118000052,790,933,-143
118000053,90,679,-589
118000054,1544,854,690
118000055,821,701,120
118000056,40,224,-184
118000057,73,267,-194
118000058,729,2140,-1411
118000059,434,1909,-1475
118000060,628,263,365
118000061,553,605,-52
118000062,372,117,255
118000063,153,696,-543
118000064,275,668,-393
118000065,1005,640,365
118000066,590,1523,-933
118000067,229,298,-69
118000068,251,5896,-5645
118000069,590,611,-21
118000070,1799,1250,549
118000071,1361,5581,-4220
118000072,324,2674,-2350
118000073,250,1298,-1048
118000074,272,733,-461
118000075,378,706,-328
118000076,763,3256,-2493
118000077,463,478,-15
118000078,1109,1198,-89
118000079,65,261,-196
118000080,227,190,37
118000081,707,668,39
118000082,105,569,-464
118000083,486,814,-328
118000084,524,864,-340
118000086,179,296,-117
118000087,1644,1480,164
118000088,724,712,12
118000089,1651,1865,-214
118000090,601,1574,-973
118000091,549,2337,-1788
118000092,269,263,6
118000093,75,457,-382
118000096,404,356,48
118000097,166,193,-27
118000098,156,54,102
118000099,361,123,238
118000101,1180,158,1022
118000102,179,326,-147
118000107,672,142,530
118000108,143,2284,-2141
118000110,0,5,-5
118000111,1,66,-65
118000112,667,0,667
118000113,1,103,-102
118000114,634,3,631
118000115,1,1,0
118000116,12,1,11
118000117,313,275,38
118000118,625,589,36
118000119,771,765,6
118000120,536,435,101
118000121,11,106,-95
118000122,104,128,-24
118000123,51,123,-72
118000125,416,681,-265
118000126,342,1207,-865
118000127,429,494,-65
118000128,161,1110,-949
118000129,381,332,49
118000130,766,1304,-538
118000131,182,483,-301
118000132,1601,1391,210
118000133,932,424,508
118000135,242,361,-119
118000136,39,206,-167
118000137,164,61,103
118000138,178,109,69
118000139,230,67,163
118000140,1558,5060,-3502
118000141,2261,967,1294
118000142,1607,890,717
118000143,2234,792,1442
118000144,484,206,278
118000145,563,415,148
118000146,826,190,636
118000147,432,420,12
118000148,552,1169,-617
118000149,473,196,277
118000150,527,64,463
118000151,564,88,476
118000153,1289,463,826
118000154,928,594,334
118000155,1662,504,1158
118000156,903,1583,-680
118000157,255,164,91
118000158,66,346,-280
118000159,92,113,-21
118000160,448,194,254
118000161,392,163,229
118000162,572,526,46
118000163,729,780,-51
118000164,1277,1103,174
118000168,312,300,12
118000169,302,407,-105
118000170,1125,1197,-72
118000171,215,186,29
118000172,54,106,-52
118000173,483,849,-366
118000175,68,129,-61
118000176,222,180,42
118000177,194,195,-1
118000178,6,15,-9
118000179,485,365,120
118000180,416,244,172
118000181,254,88,166
118000182,89,38,51
118000183,151,65,86
118000184,882,222,660
118000185,261,785,-524
118000186,119,591,-472
118000187,1163,169,994
118000188,647,21,626
118000189,743,50,693
118000190,2,1,1
118000191,3,0,3
118000192,2,128,-126
118000193,9,166,-157
118000194,752,603,149
118000195,103,726,-623
118000196,18,150,-132
118000197,16,949,-933
118000198,195,1377,-1182
118000199,164,1099,-935
118000200,12,237,-225
118000201,81,237,-156
118000202,15,123,-108
118000203,60,653,-593
118000204,12,185,-173
118000205,17,81,-64
118000206,167,75,92
118000207,0,19,-19
118000208,914,970,-56
118000209,1382,504,878
118000210,138,13,125
118000211,76,24,52
118000213,384,1361,-977
118000214,80,206,-126
118000215,381,31,350
118000216,3749,826,2923
118000217,5,12,-7
118000218,39,14,25
118000219,160,59,101
118000220,9,23,-14
118000221,438,451,-13
118000222,35,2,33
118000223,29,31,-2
118000224,104,17,87
118000225,73,338,-265
118000226,816,63,753
118000227,156,138,18
118000228,6,151,-145
118000229,10,76,-66
118000230,27,87,-60
118000231,13,100,-87
118000232,365,164,201
118000233,883,288,595
118000234,230,36,194
118000236,190,112,78
118000237,145,77,68
118000238,181,23,158
118000239,230,107,123
118000240,59,84,-25
118000241,116,48,68
118000242,271,79,192
118000243,98,72,26
118000244,73,15,58
118000246,0,4,-4
118000255,14,131,-117
118000256,83,91,-8
118000259,8,84,-76
118000260,160,29,131
118000261,15,12,3
118000263,70,63,7
118000266,70,103,-33
118000267,0,47,-47
118000268,50,2,48
118000270,106,2,104
118000271,170,45,125
118000272,73,1,72
118000273,173,32,141
118000274,55,83,-28
118000276,225,54,171
118000295,35,61,-26
118000298,90,50,40
118000299,30,62,-32
118000301,0,31,-31
118000302,25,14,11
118000311,947,45,902
118000312,225,49,176
118000313,68,14,54
118000314,128,19,109
118000315,14,5,9
118000316,696,151,545
118000325,50,4,46
118000326,9,24,-15
118000331,37,2,35
118000332,30,7,23
118000333,27,10,17
118000335,515,4,511
118000336,0,58,-58
118000407,273,58,215
118000457,0,42,-42
118000465,350,1247,-897
118000480,16,30,-14
118000489,2,299,-297
118000490,3,121,-118
118000492,595,15,580
118000510,4,0,4
118000514,8,102,-94
118000515,270,528,-258
118000517,103,92,11
118000524,110,176,-66
118000525,92,273,-181
118000530,40,117,-77
118000531,311,88,223
118000532,65,91,-26
118000533,140,109,31
118000534,289,131,158
118000535,326,13,313
118000536,57,180,-123
118000537,21,27,-6
118000538,4,44,-40
118000539,5,73,-68
118000540,120,70,50
118000541,42,46,-4
118000542,46,184,-138
118000543,152,107,45
118000546,73,3,70
118000553,0,0,0
118000557,0,0,0
118000560,388,991,-603
118000562,29,32,-3
118000563,971,514,457
118000576,67,31,36
118000577,51,40,11
118000578,26,18,8
118000579,228,773,-545
118000583,0,0,0
118000595,142,34,108
118000596,0,24,-24
118000597,51,28,23
118000598,2,0,2
118000599,168,6,162
118000600,0,1,-1
118000601,0,0,0
118000602,0,0,0
118000603,0,4,-4
118900001,384,397,-13
118900002,272,326,-54
118900003,433,2,431
118900004,37,7,30
118900005,37,1,36
118900006,63,2,61
118900007,0,2,-2
118900008,396,16,380
118900009,90,139,-49
118900010,40,1,39
118900011,43,9,34
118900012,122,33,89
118900013,129,229,-100
118900015,220,4,216
118900016,0,4,-4
118900017,2,47,-45
118900018,524,47,477
118900019,1,1,0
118900020,19,27,-8
118900021,86,141,-55
118900022,79,37,42
118900023,29,35,-6
118900024,37,34,3
118900025,7,37,-30
118900026,23,16,7
118900027,218,85,133
118900028,124,54,70
118900029,100,72,28
118900030,536,10,526
118900031,60,11,49
118900032,154,23,131
118900033,187,224,-37
118900034,183,16,167
118900035,49,55,-6
118900036,840,161,679
118900037,104,236,-132
118900038,421,36,385
118900039,357,43,314
118900040,159,36,123
118900041,274,86,188
118900042,52,25,27
118900045,79,98,-19
118900046,209,275,-66
118900047,96,249,-153
118900048,33,231,-198
118900049,8,5,3
118900050,30,10,20
118900051,30,36,-6
118900052,71,233,-162
118900053,1,24,-23
118900054,85,28,57
118900055,98,26,72
118900056,9,38,-29
118900057,533,249,284
118900058,186,158,28
118900059,0,30,-30
118900060,77,43,34
118900062,103,48,55
118900064,98,314,-216
118900065,5,119,-114
118900066,27,8,19
118900067,1248,3281,-2033
118900068,0,74,-74
118900069,441,20,421
118900071,0,20,-20
118900072,104,118,-14
118900073,207,31,176
118900074,61,23,38
118900075,56,4,52
118900076,112,18,94
118900077,190,39,151
118900078,6,1,5
118900079,25,13,12
118900080,51,14,37
118900081,18,1,17
118900082,957,93,864
118900083,16,21,-5
118900084,2,1,1
118900085,207,123,84
118900086,9,29,-20
118900087,50,347,-297
118900088,0,0,0
118900089,4,8,-4
118900090,79,60,19
118900091,109,55,54
118900092,134,8,126
118900093,4,8,-4
118900096,1,1,0
118900097,114,80,34
118900099,25,37,-12
118900100,6,37,-31
118900101,174,74,100
118900102,3,12,-9
118900103,5,68,-63
118900104,173,30,143
118900105,59,17,42
118900107,43,35,8
118900108,23,33,-10
118900110,310,544,-234
118900111,233,72,161
118900112,74,30,44
118900113,25,52,-27
118900114,0,14,-14
118900115,26,110,-84
118900116,58,51,7
118900117,57,38,19
118900118,172,53,119
118900119,37,87,-50
118900120,24,141,-117
118900121,37,327,-290
118900122,0,324,-324
118900123,59,44,15
118900124,70,22,48
118900126,9,57,-48
118900129,109,13,96
118900130,0,30,-30
118900131,131,116,15
118900132,136,42,94
118900133,0,30,-30
118900135,121,71,50
118900136,212,98,114
118900137,2,16,-14
118900139,92,115,-23
118900140,219,162,57
118900141,35,33,2
118900144,94,111,-17
118900145,1,44,-43
118900146,145,155,-10
118900147,40,125,-85
118900148,34,10,24
118900150,41,226,-185
118900152,261,175,86
118900157,9,65,-56
118900158,72,11,61
118900159,2,36,-34
118900161,29,27,2
118900163,14,5,9
118900164,0,11,-11
118900165,28,26,2
118900166,24,0,24
118900167,15,37,-22
118900168,6,88,-82
118900169,121,97,24
118900170,145,12,133
118900171,35,0,35
118900174,45,4,41
118900175,458,130,328
118900176,98,94,4
118900177,123,8,115
118900178,22,44,-22
118900179,0,2,-2
118900181,39,12,27
118900182,6,19,-13
118900183,2,75,-73
118900184,92,5,87
118900185,57,2,55
118900186,55,33,22
118900187,71,113,-42
118900188,166,90,76
118900189,10,223,-213
118900190,16,38,-22
118900191,233,3,230
118900192,252,11,241
118900193,858,1,857
118900195,96,112,-16
118900196,23,25,-2
118900197,237,5,232
118900198,32,12,20
118900199,51,12,39
118900200,13,24,-11
118900201,4,20,-16
118900202,2,8,-6
118900203,40,0,40
118900204,2,2,0
118900205,0,7,-7
118900206,0,29,-29
119000001,1101,708,393
119000002,2088,1525,563
119000003,2452,387,2065
119000004,1619,1098,521
119000005,1241,1234,7
119000006,2245,834,1411
119000007,2498,2318,180
119000008,843,679,164
119000009,1577,3949,-2372
119000010,2214,2643,-429
119000011,1527,1454,73
119000012,615,1864,-1249
119000013,2155,1108,1047
119000014,797,1299,-502
119000019,156,87,69
119000020,1764,1114,650
119000021,3303,2264,1039
119000022,558,1648,-1090
119000023,98,134,-36
119000024,914,10666,-9752
119000025,1646,654,992
119000026,20,269,-249
119000027,60,309,-249
119000028,976,258,718
119000029,35,113,-78
119000030,386,373,13
119000031,525,352,173
119000032,524,833,-309
119000033,1082,554,528
119000034,710,263,447
119000035,9,89,-80
119000036,1633,183,1450
119000037,976,401,575
119000038,103,272,-169
119000039,561,198,363
119000040,175,462,-287
119000041,446,878,-432
119000048,1009,883,126
119000049,1293,809,484
119000050,560,813,-253
119000051,1036,449,587
119000052,902,941,-39
119000053,1320,438,882
119000054,1684,540,1144
119000055,3181,731,2450
119000056,2767,657,2110
119000057,863,432,431
119000058,501,416,85
119000059,485,332,153
119000060,1103,214,889
119000061,332,191,141
119000062,697,329,368
119000063,437,258,179
119000064,180,349,-169
119000065,596,996,-400
119000066,1219,563,656
119000067,733,537,196
119000068,1019,229,790
119000069,1011,491,520
119000070,1942,270,1672
119000071,145,184,-39
119000072,1792,1052,740
119000073,2174,3986,-1812
119000074,1015,665,350
119000075,3044,924,2120
119000076,96,295,-199
119000077,406,188,218
119000078,189,76,113
119000079,96,306,-210
119000080,378,53,325
119000081,165,116,49
119000082,405,43,362
119000083,290,106,184
119000084,158,118,40
119000085,282,60,222
119000086,209,170,39
119000087,307,161,146
119000088,268,23,245
119000089,19,53,-34
119000090,55,59,-4
119000091,43,130,-87
119000092,105,129,-24
119000093,1587,1163,424
119000094,3006,2086,920
119000095,1507,1408,99
119000097,600,501,99
119000098,618,2772,-2154
119000099,967,434,533
119000100,2787,1347,1440
119000101,1566,862,704
119000102,119,830,-711
119000103,425,248,177
119000104,436,199,237
119000105,517,1368,-851
119000106,161,264,-103
119000107,989,314,675
119000108,314,319,-5
119000109,72,129,-57
119000110,93,91,2
119000111,9,295,-286
119000112,77,31,46
119000113,315,69,246
119000114,367,708,-341
119000115,28,108,-80
119000116,11,71,-60
119000117,27,134,-107
119000118,8,0,8
119000123,526,1609,-1083
119000124,636,76,560
119000125,3016,396,2620
119000126,1090,349,741
119000127,618,88,530
119000128,36,1,35
119000131,779,100,679
119000132,3,1,2
119000133,0,5,-5
119000134,535,320,215
119000135,193,58,135
119000136,208,34,174
119000137,212,73,139
119000138,497,33,464
119000139,62,27,35
119000140,103,106,-3
119000284,456,954,-498
119000285,690,447,243
119000286,1650,1108,542
119000287,844,676,168
119000288,1099,319,780
119000289,539,559,-20
119000290,118,139,-21
119000291,8,147,-139
119000293,76,146,-70
119000294,10,14,-4
119000295,537,130,407
119000296,263,52,211
119000299,0,0,0
119000302,860,770,90
119000303,9,49,-40
119000314,795,8405,-7610
119000315,0,47,-47
119000316,153,26,127
119000317,36,69,-33
119900001,79,384,-305
119900002,68,32,36
119900003,0,106,-106
119900004,33,1099,-1066
119900005,127,35,92
119900006,69,187,-118
119900007,179,111,68
119900008,16,11,5
119900009,196,119,77
119900010,295,250,45
119900011,15,214,-199
119900012,5,86,-81
119900013,724,669,55
119900014,263,92,171
119900015,247,18,229
119900016,26,20,6
119900017,44,23,21
119900018,465,816,-351
119900019,24,5,19
119900020,46,33,13
119900021,33,5,28
119900022,59,804,-745
119900023,114,1359,-1245
119900025,276,4,272
119900026,135,52,83
119900027,2,10,-8
119900028,153,157,-4
119900029,4,0,4
119900030,250,82,168
119900031,55,522,-467
119900033,319,166,153
119900034,388,12,376
119900037,136,12,124
119900038,5,160,-155
119900039,50,19,31
119900040,52,27,25
119900041,66,6,60
119900042,36,18,18
119900043,82,14,68
119900044,91,485,-394
119900046,124,9,115
119900047,171,134,37
119900048,42,7,35
119900049,86,1,85
119900050,90,105,-15
119900051,735,10,725
119900052,73,18,55
119900053,187,34,153
119900054,147,12,135
119900055,826,159,667
119900057,388,30,358
119900058,257,1,256
119900059,28,9,19
119900060,435,11,424
119900062,91,6,85
119900063,7,59,-52
119900065,259,1,258
119900066,0,0,0
119900067,32,11,21
119900068,520,2,518
119900069,81,1,80
119900070,556,2,554
119900071,878,18,860
119900073,383,61,322
119900074,27,43,-16
119900075,813,959,-146
119900076,634,157,477
119900077,994,113,881
119900078,682,365,317
119900079,329,54,275
119900080,1270,327,943
119900081,366,16,350
119900082,1608,142,1466
119900083,113,23,90
119900084,146,25,121
119900085,13,34,-21
119900087,63,148,-85
119900088,15,29,-14
119900089,6,85,-79
119900090,49,7,42
119900091,43,154,-111
119900092,16,133,-117
119900093,504,89,415
119900094,0,45,-45
119900095,50,10,40
119900096,39,29,10
119900097,40,67,-27
119900098,19,5,14
119900099,15,51,-36
119900100,427,1238,-811
119900101,35,284,-249
119900102,20,44,-24
119900103,42,57,-15
119900104,46,43,3
119900105,260,674,-414
119900106,0,60,-60
119900107,50,628,-578
119900108,1197,271,926
119900109,8,82,-74
119900110,220,60,160
119900111,83,64,19
119900112,511,481,30
119900113,8,70,-62
119900114,97,137,-40
119900115,306,130,176
119900116,34,174,-140
119900117,104,114,-10
119900118,70,122,-52
119900119,101,33,68
119900120,208,168,40
119900121,379,144,235
119900122,9,47,-38
119900123,34,49,-15
119900124,149,151,-2
119900125,1,61,-60
119900126,843,107,736
119900127,348,154,194
119900128,229,149,80
119900129,188,80,108
119900130,1,21,-20
119900131,19,55,-36
119900132,3,14,-11
119900133,55,17,38
119900134,194,33,161
119900135,0,34,-34
119900136,18,48,-30
119900138,33,57,-24
119900139,10,46,-36
119900140,2,14,-12
119900141,19,372,-353
119900142,9,11,-2
119900143,1,80,-79
119900144,375,57,318
119900145,7,22,-15
119900146,30,34,-4
119900147,1,93,-92
119900148,362,6,356
119900149,135,3019,-2884
119900150,46,26,20
119900151,472,477,-5
119900152,56,28,28
119900153,173,9,164
119900154,9,73,-64
119900155,14,6,8
119900156,3,1,2
119900157,122,37,85
119900158,138,25,113
119900159,2,163,-161
119900160,18,41,-23
119900161,70,47,23
119900162,649,395,254
119900163,12,58,-46
119900164,0,1,-1
119900165,180,20,160
119900166,96,10,86
119900167,0,20,-20
119900168,668,121,547
119900169,8,110,-102
119900170,79,59,20
119900171,229,129,100
119900172,16,0,16
119900173,0,85,-85
119900174,0,12,-12
119900175,1285,81,1204
119900177,5,39,-34
119900178,0,26,-26
119900179,79,641,-562
119900180,647,204,443
119900181,11,32,-21
119900182,6,49,-43
119900183,21,188,-167
119900184,254,98,156
119900185,37,236,-199
119900186,0,764,-764
119900187,7,91,-84
119900188,71,70,1
119900189,25,63,-38
119900190,40,190,-150
119900191,61,97,-36
119900192,9,44,-35
119900193,526,82,444
119900194,23,8,15
119900195,2,46,-44
119900196,115,104,11
119900197,240,37,203
119900198,75,59,16
119900199,111,5,106
119900200,440,129,311
119900201,74,52,22
119900202,10,122,-112
119900203,65,228,-163
119900204,101,84,17
119900205,743,62,681
119900206,336,42,294
119900208,67,26,41
119900209,297,804,-507
119900210,17,8,9
119900211,10,0,10
119900212,220,101,119
119900213,0,28,-28
119900214,23,4,19
119900215,37,6,31
119900216,4,6,-2
119900217,1,6,-5
119900218,4,3,1
119900219,2,7,-5
119900220,1,11,-10
119900221,5,23,-18
119900222,1,31,-30
119900223,3,2,1
119900224,1,3,-2
119900225,87,19,68
119900226,68,1041,-973
119900227,250,87,163
119900228,15,118,-103
119900229,26,72,-46
119900230,300,91,209
119900231,281,17,264
119900232,93,16,77
119900233,149,3,146
119900234,0,28,-28
119900235,10,7,3
119900236,5,31,-26
119900237,30,99,-69
119900238,1,25,-24
119900240,48,37,11
119900241,82,50,32
119900242,677,495,182
119900244,174,335,-161
119900245,73,71,2
119900246,72,139,-67
119900247,7,6,1
119900248,23,188,-165
119900249,171,21,150
119900253,477,233,244
119900254,43,578,-535
119900255,82,167,-85
119900256,821,252,569
119900257,136,3,133
119900258,214,30,184
119900259,14,19,-5
119900260,203,2,201
119900261,219,17,202
119900262,0,27,-27
119900263,460,58,402
119900264,137,41,96
119900265,344,61,283
119900266,286,27,259
119900267,65,115,-50
119900268,74,23,51
119900269,439,142,297
119900271,3,15,-12
119900272,17,52,-35
119900275,53,0,53
119900276,71,1,70
119900277,19,1,18
119900278,122,35,87
119900279,39,150,-111
119900280,146,30,116
119900281,0,165,-165
119900282,6,41,-35
119900283,2,41,-39
119900284,15,64,-49
119900285,0,110,-110
119900286,0,10,-10
119900288,0,1,-1
119900289,9,0,9
119900290,1,0,1
119900291,0,11,-11
119900292,18,61,-43
119900293,5,5,0
119900294,11,0,11
119900295,0,0,0
119900296,0,0,0
119900299,14,50,-36
119900300,169,68,101
119900301,16,163,-147
119900302,11,60,-49
119900303,283,33,250
119900304,142,0,142
119900305,0,12,-12
119900306,4,1,3
119900307,94,11,83
119900308,0,4,-4
119900309,14,101,-87
119900310,66,47,19
119900311,81,19,62
119900312,84,10,74
119900313,30,91,-61
119900314,118,190,-72
119900315,1505,385,1120
119900318,3,66,-63
119900319,136,118,18
119900320,110,135,-25
119900321,126,2,124
119900322,1,22,-21
119900323,0,90,-90
119900324,0,20,-20
119900325,240,110,130
119900326,58,30,28
120000001,4231,15390,-11159
120000002,1629,991,638
120000003,1009,525,484
120000004,1349,593,756
120000005,1423,511,912
120000006,677,338,339
120000007,1085,1843,-758
120000008,462,342,120
120000009,924,417,507
120000010,1183,847,336
120000011,515,504,11
120000012,968,770,198
120000013,2061,1298,763
120000014,431,607,-176
120000015,1607,772,835
120000016,2720,1410,1310
120000017,2407,2052,355
120000018,2067,10551,-8484
120000019,644,669,-25
120000020,1430,1858,-428
120000021,975,861,114
120000022,2309,3082,-773
120000023,1028,881,147
120000024,724,938,-214
120000025,1880,735,1145
120000026,2839,1124,1715
120000027,1543,1333,210
120000028,483,391,92
120000029,377,590,-213
120000030,57,349,-292
120000031,1068,2676,-1608
120000032,2156,1023,1133
120000033,2234,512,1722
120000034,2063,415,1648
120000035,1983,483,1500
120000036,1590,2168,-578
120000037,358,1204,-846
120000038,1329,1287,42
120000039,230,575,-345
120000040,11,570,-559
120000041,338,475,-137
120000042,1259,646,613
120000043,3115,514,2601
120000044,4833,1167,3666
120000045,6251,461,5790
120000046,4163,2814,1349
120000047,246,3959,-3713
120000048,4038,1848,2190
120000049,2523,1117,1406
120000050,1555,1537,18
120000051,1282,1919,-637
120000052,3712,617,3095
120000053,604,990,-386
120000054,579,1694,-1115
120000055,728,1359,-631
120000056,2245,1523,722
120000057,2182,432,1750
120000058,798,480,318
120000059,27,1490,-1463
120000061,30,226,-196
120000062,71,146,-75
120000063,360,980,-620
120000064,242,469,-227
120000065,245,452,-207
120000066,130,165,-35
120000067,42,190,-148
120000068,119,168,-49
120000069,384,159,225
120000070,128,284,-156
120000071,815,47,768
120000072,956,179,777
120000073,759,40,719
120000074,100,35,65
120000075,993,94,899
120000076,1909,158,1751
120000077,1839,145,1694
120000078,1378,383,995
120000079,340,75,265
120000080,73,82,-9
120000081,260,23,237
120000082,298,103,195
120000083,31,505,-474
120000084,149,135,14
120000085,72,170,-98
120000086,105,147,-42
120000087,170,124,46
120000088,400,380,20
120000089,626,133,493
120000090,414,139,275
120000091,918,213,705
120000092,781,183,598
120000093,652,243,409
120000094,228,258,-30
120000095,293,159,134
120000096,213,200,13
120000098,404,258,146
120000099,135,243,-108
120000100,420,262,158
120000101,376,93,283
120000102,472,814,-342
120000103,926,588,338
120000104,1847,178,1669
120000105,2187,85,2102
120000106,2762,159,2603
120000107,4495,156,4339
120000108,1575,66,1509
120000109,870,23,847
120000110,8,327,-319
120000111,45,337,-292
120000112,194,848,-654
120000113,129,672,-543
120000114,144,459,-315
120000115,101,424,-323
120000116,101,539,-438
120000117,262,363,-101
120000118,32,8,24
120000119,1,20,-19
120000120,116,93,23
120000121,3,3,0
120000122,66,390,-324
120000123,1194,7143,-5949
120000124,289,186,103
120000125,655,262,393
120000126,137,409,-272
120000127,326,194,132
120000128,893,1346,-453
120000129,77,103,-26
120000130,384,166,218
120000131,443,224,219
120000134,103,117,-14
120000135,842,371,471
120000137,149,115,34
120000138,1119,91,1028
120000139,98,103,-5
120000140,1150,113,1037
120000141,236,173,63
120000142,579,187,392
120000143,1,38,-37
120000144,66,4,62
120000145,410,0,410
120000146,521,750,-229
120000149,212,256,-44
120000150,505,6853,-6348
120000151,424,113,311
120000152,769,73,696
120000153,308,115,193
120000154,265,291,-26
120000155,138,148,-10
120000156,237,1175,-938
120000157,704,148,556
120000158,476,174,302
120000159,812,607,205
120000160,1172,1478,-306
120000161,2243,1550,693
120000162,139,269,-130
120000163,513,165,348
120000164,489,56,433
120000165,853,145,708
120000166,1437,153,1284
120000167,11,82,-71
120000168,5,194,-189
120000169,3,435,-432
120000170,9,351,-342
120000171,5,148,-143
120000172,1,98,-97
120000173,123,169,-46
120000174,32,49,-17
120000175,32,21,11
120000176,21,29,-8
120000177,298,44,254
120000178,54,39,15
120000179,33,25,8
120000180,52,51,1
120000181,4,266,-262
120000182,23,375,-352
120000183,0,225,-225
120000184,32,344,-312
120000186,11,255,-244
120000187,20,89,-69
120000188,47,40,7
120000190,109,22,87
120000191,126,31,95
120000192,76,3,73
120000193,44,1,43
120000195,1,1,0
120000196,69,3,66
120000197,11,26,-15
120000198,206,2,204
120000199,271,0,271
120000200,247,0,247
120000201,54,63,-9
120000202,1,19,-18
120000203,68,23,45
120000207,0,31,-31
120000208,0,27,-27
120000209,0,6,-6
120000210,12,10,2
120000211,247,0,247
120000212,239,1,238
120000213,172,68,104
120000214,0,28,-28
120000215,0,15,-15
120000216,142,14,128
120000217,158,202,-44
120000218,24,235,-211
120000219,3,185,-182
120000220,0,510,-510
120000225,2479,2,2477
120000226,442,3,439
120000227,751,111,640
120000228,3677,2476,1201
120000230,277,25,252
120000231,1036,268,768
120000233,434,30,404
120000235,79,108,-29
120000236,1099,2,1097
120000237,1,285,-284
120000238,0,162,-162
120000241,874,2327,-1453
120000412,233,6,227
120000413,331,86,245
120000414,268,0,268
120000415,0,7,-7
120000416,103,1,102
120000417,6,61,-55
120000418,301,6,295
120000419,8,52,-44
120000420,13,3,10
120000421,3875,2176,1699
120000422,70,1441,-1371
120000423,0,37,-37
120000424,79,9,70
120000436,97,1168,-1071
120000437,16,60,-44
120000438,760,134,626
120000439,97,402,-305
120000443,180,1,179
120000444,1467,176,1291
120000445,1135,619,516
120000446,214,85,129
120000447,355,1,354
120000449,145,1,144
120000450,2,28,-26
120000451,140,43,97
120000452,133,0,133
120000453,0,17,-17
120000454,17,22,-5
120000455,60,22,38
120000456,562,2332,-1770
120000457,191,180,11
120000458,254,127,127
120000459,135,22,113
120000665,85,146,-61
120000668,34,436,-402
120000669,150,61,89
120000670,71,194,-123
120000671,865,425,440
120000672,9,123,-114
120900001,184,6,178
120900002,49,93,-44
120900003,90,3,87
120900004,15,78,-63
120900005,95,198,-103
120900006,458,31,427
120900007,57,25,32
120900008,702,494,208
120900009,160,8,152
120900010,640,75,565
120900011,5,130,-125
120900012,26,940,-914
120900013,366,75,291
120900014,0,126,-126
120900015,1007,11,996
120900016,1492,36,1456
120900017,690,41,649
120900018,114,135,-21
120900019,316,249,67
120900020,333,390,-57
120900021,471,31,440
120900022,4,61,-57
120900023,625,20,605
120900024,646,147,499
120900025,453,320,133
120900026,15,43,-28
120900027,241,9,232
120900028,672,99,573
120900029,8,812,-804
120900030,1880,265,1615
120900031,452,88,364
120900032,1494,65,1429
120900033,971,29,942
120900034,6,1476,-1470
120900035,19,24,-5
120900037,352,2,350
120900038,31,518,-487
120900039,89,38,51
120900040,493,1,492
120900041,4,14,-10
120900042,420,27,393
120900043,90,20,70
120900044,4,188,-184
120900045,16,17,-1
120900046,676,3,673
120900047,139,231,-92
120900048,145,19,126
120900049,708,1,707
120900050,461,2275,-1814
120900051,238,59,179
120900052,1003,6,997
120900053,379,22,357
120900054,329,79,250
120900055,618,2,616
120900056,716,18,698
120900057,203,18,185
120900058,843,0,843
120900059,82,2,80
120900060,29,4,25
120900061,94,23,71
120900062,300,0,300
120900063,833,17,816
120900064,879,1,878
120900065,885,3,882
120900066,648,80,568
120900067,156,39,117
120900068,449,0,449
120900069,283,4,279
120900071,32,0,32
120900072,913,1,912
120900073,869,49,820
120900074,815,18,797
120900076,367,0,367
120900077,611,231,380
120900078,685,95,590
120900079,1061,70,991
120900080,1225,296,929
120900081,1951,233,1718
120900082,166,164,2
120900083,92,0,92
120900084,350,437,-87
120900085,2,14,-12
120900086,11,373,-362
120900087,460,73,387
120900088,71,787,-716
120900089,830,3003,-2173
120900090,162,20,142
120900091,174,550,-376
120900092,79,132,-53
120900093,659,71,588
120900094,108,63,45
120900095,111,2,109
120900096,39,94,-55
120900097,229,259,-30
120900098,104,43,61
120900099,5,12,-7
120900100,22,33,-11
120900101,24,62,-38
120900102,14,16,-2
120900103,58,78,-20
120900104,3,6,-3
120900105,1,92,-91
120900106,231,107,124
120900107,152,49,103
120900108,4,111,-107
120900109,10,156,-146
120900110,3,105,-102
120900111,45,80,-35
120900112,0,204,-204
120900113,5,181,-176
120900114,28,76,-48
120900115,80,129,-49
120900116,529,107,422
120900117,0,114,-114
120900118,10,121,-111
120900119,2455,1356,1099
120900120,11,183,-172
120900121,5,116,-111
120900122,706,114,592
120900123,1,118,-117
120900124,4,121,-117
120900125,2,175,-173
120900126,208,167,41
120900127,4,78,-74
120900128,111,315,-204
120900129,38,103,-65
120900130,14,146,-132
120900131,9,20,-11
120900132,891,79,812
120900133,44,225,-181
120900134,26,122,-96
120900135,42,219,-177
120900136,8,34,-26
120900137,319,34,285
120900138,2,118,-116
120900139,0,225,-225
120900140,1,79,-78
120900141,133,47,86
120900142,2,165,-163
120900143,0,250,-250
120900144,0,116,-116
120900145,27,186,-159
120900146,1,140,-139
120900147,3,0,3
120900148,74,49,25
120900149,0,95,-95
120900150,29,80,-51
120900151,0,52,-52
120900152,0,0,0
120900153,21,0,21
120900154,0,46,-46
120900155,150,174,-24
120900156,137,56,81
120900157,0,0,0
120900158,39,107,-68
120900159,0,23,-23
120900160,20,156,-136
120900161,3,314,-311
120900162,7,183,-176
120900163,17,204,-187
120900164,0,38,-38
120900165,2,105,-103
120900166,9,303,-294
120900167,36,29,7
120900169,54,95,-41
120900170,151,3473,-3322
120900171,288,70,218
120900172,69,415,-346
120900173,0,16,-16
120900174,3,30,-27
120900175,108,19,89
120900176,1,266,-265
120900177,0,984,-984
120900178,2,527,-525
120900179,84,52,32
120900180,39,97,-58
120900181,2,11,-9
120900182,4,37,-33
120900183,263,50,213
120900184,31,11,20
120900185,70,512,-442
120900186,1,105,-104
120900187,504,138,366
120900188,260,21,239
120900189,25,2080,-2055
120900190,141,3,138
120900191,59,0,59
120900192,3283,9051,-5768
120900194,76,11,65
120900195,12,33,-21
120900196,277,20,257
120900197,673,26,647
120900198,51,261,-210
120900199,123,309,-186
120900200,17,74,-57
120900201,224,37,187
120900202,0,50,-50
120900203,43,14,29
120900204,31,96,-65
120900205,17,17,0
120900206,44,24,20
120900207,8,221,-213
121000001,542,514,28
121000002,792,1096,-304
121000003,2515,1170,1345
121000004,766,1871,-1105
121000005,1635,2072,-437
121000006,1053,1607,-554
121000007,1272,2113,-841
121000008,1803,2254,-451
121000009,2629,3449,-820
121000010,2248,2013,235
121000011,3159,3898,-739
121000012,5475,2219,3256
121000013,2946,2772,174
121000014,2577,1670,907
121000015,2686,3775,-1089
121000016,1794,1608,186
121000017,1261,1503,-242
121000018,1640,824,816
121000019,2989,4262,-1273
121000020,4377,8135,-3758
121000021,675,631,44
121000022,942,1869,-927
121000023,951,374,577
121000024,2250,2291,-41
121000025,149,489,-340
121000026,40,68,-28
121000027,861,753,108
121000028,325,406,-81
121000029,336,384,-48
121000030,245,252,-7
121000031,173,257,-84
121000032,50,83,-33
121000034,93,149,-56
121000035,45,144,-99
121000036,527,462,65
121000037,191,867,-676
121000038,154,568,-414
121000039,41,163,-122
121000041,113,309,-196
121000042,117,300,-183
121000043,176,435,-259
121000044,381,322,59
121000045,185,196,-11
121000046,357,360,-3
121000047,21,137,-116
121000049,457,608,-151
121000050,71,1223,-1152
121000051,317,127,190
121000052,291,1185,-894
121000053,126,111,15
121000054,8,190,-182
121000055,331,668,-337
121000056,478,797,-319
121000057,64,99,-35
121000058,103,40,63
121000059,2498,548,1950
121000060,561,665,-104
121000061,11,429,-418
121000062,32,183,-151
121000063,537,690,-153
121000064,422,437,-15
121000065,122,235,-113
121000066,203,354,-151
121000067,220,215,5
121000068,175,411,-236
121000069,89,867,-778
121000070,430,447,-17
121000071,762,965,-203
121000072,314,195,119
121000073,420,582,-162
121000074,62,117,-55
121000075,4,51,-47
121000076,184,92,92
121000077,59,87,-28
121000078,35,194,-159
121000080,624,220,404
121000081,821,1852,-1031
121000082,60,114,-54
121000083,55,27,28
121000084,103,155,-52
121000085,121,142,-21
121000086,252,238,14
121000087,25,88,-63
121000088,240,171,69
121000089,48,234,-186
121000090,71,281,-210
121000091,560,600,-40
121000092,113,17,96
121000093,172,64,108
121000094,162,267,-105
121000095,134,434,-300
121000096,2685,622,2063
121000097,200,764,-564
121000098,116,214,-98
121000099,398,173,225
121000100,535,116,419
121000101,169,43,126
121000102,157,26,131
121000103,36,129,-93
121000104,105,25,80
121000105,152,37,115
121000106,76,117,-41
121000107,909,1186,-277
121000109,551,798,-247
121000110,69,304,-235
121000114,1391,1030,361
121000115,294,194,100
121000116,144,173,-29
121000117,221,97,124
121000118,1034,67,967
121000119,192,133,59
121000120,145,362,-217
121000121,403,1866,-1463
121000123,224,125,99
121000126,14,272,-258
121000127,41,105,-64
121000128,659,87,572
121000129,590,107,483
121000130,244,663,-419
121000131,555,559,-4
121000132,131,562,-431
121000135,138,457,-319
121000136,279,991,-712
121000137,180,249,-69
121000138,272,2256,-1984
121000139,38,405,-367
121000141,159,78,81
121000142,231,358,-127
121000143,9,17,-8
121000144,182,603,-421
121000145,275,395,-120
121000146,460,619,-159
121000147,620,243,377
121000148,331,327,4
121000149,1087,900,187
121000152,175,119,56
121000153,980,221,759
121000154,618,233,385
121000155,1238,354,884
121000156,168,396,-228
121000157,366,479,-113
121000158,199,184,15
121000159,160,267,-107
121000160,235,153,82
121000161,194,193,1
121000162,72,93,-21
121000165,430,1415,-985
121000166,13,287,-274
121000168,211,299,-88
121000169,19,68,-49
121000170,136,29,107
121000171,52,54,-2
121000172,427,345,82
121000173,1024,633,391
121000174,347,373,-26
121000175,766,228,538
121000176,245,158,87
121000177,351,238,113
121000178,93,16,77
121000179,60,24,36
121000181,82,222,-140
121000182,163,381,-218
121000183,17,300,-283
121000184,22,304,-282
121000185,30,389,-359
121000186,112,495,-383
121000187,122,45,77
121000188,138,26,112
121000192,428,243,185
121000193,340,145,195
121000194,819,948,-129
121000195,169,549,-380
121000196,236,130,106
121000197,51,154,-103
121000198,98,189,-91
121000199,184,116,68
121000200,438,84,354
121000201,5,183,-178
121000202,386,46,340
121000203,371,597,-226
121000204,1943,326,1617
121000205,247,182,65
121000206,89,64,25
121000207,1524,636,888
121000208,0,277,-277
121000209,882,75,807
121000210,545,185,360
121000211,138,44,94
121000212,191,232,-41
121000213,4913,1371,3542
121000214,303,1065,-762
121000215,523,559,-36
121000216,175,422,-247
121000217,1543,2140,-597
121000218,284,737,-453
121000219,683,250,433
121000220,137,37,100
121000221,416,360,56
121000222,3228,2168,1060
121000223,166,524,-358
121000224,109,261,-152
121000225,187,4462,-4275
121000226,620,1507,-887
121000227,33,81,-48
121000228,20,153,-133
121000229,38,205,-167
121000230,63,581,-518
121000231,1237,30,1207
121000232,143,82,61
121000233,336,232,104
121000234,0,29,-29
121000235,21,131,-110
121000236,0,11,-11
121000237,0,16,-16
121000238,0,27,-27
121000239,43,8,35
121000240,3,61,-58
121000241,78,3,75
121000242,3,73,-70
121000243,96,26,70
121000244,0,28,-28
121000245,16,3,13
121000246,0,51,-51
121000247,62,0,62
121000248,181,185,-4
121000249,26,101,-75
121000250,472,559,-87
121000251,4,243,-239
121000252,61,56,5
121000253,207,398,-191
121000254,666,191,475
121000255,14,525,-511
121000256,176,333,-157
121000257,6,90,-84
121000258,12,203,-191
121000259,11,64,-53
121000260,3,89,-86
121000261,18,164,-146
121000262,369,236,133
121000263,169,169,0
121000271,185,544,-359
121000273,18,11,7
121000274,9,159,-150
121000275,2,7,-5
121000276,3,102,-99
121000278,66,29,37
121000279,3,54,-51
121000280,9,183,-174
121000289,125,32,93
121000290,286,536,-250
121000294,189,41,148
121000297,136,488,-352
121000299,67,852,-785
121000300,541,413,128
121000302,1,316,-315
121000303,172,38,134
121000304,199,20,179
121000305,132,17,115
121000306,90,50,40
121000308,35,55,-20
121000309,90,92,-2
121000310,69,71,-2
121000311,32,130,-98
121000312,262,142,120
121000313,77,87,-10
121000314,1,10,-9
121000315,5,38,-33
121000530,1147,649,498
121000531,1057,748,309
121000532,2299,3595,-1296
121000533,1812,1347,465
121000918,42,113,-71
121000919,48,68,-20
121000938,16,93,-77
121000939,8,117,-109
121000956,1113,696,417
121000957,11,12,-1
121000958,5,57,-52
121000959,792,260,532
121000960,821,556,265
121000961,218,11,207
121000962,86,110,-24
121000973,0,170,-170
121000976,0,36,-36
121000979,101,199,-98
121000981,226,19,207
121000982,339,186,153
121000983,281,69,212
121000984,1,22,-21
121000985,659,273,386
121000986,496,108,388
121000987,84,209,-125
121000988,789,49,740
121001302,32,30,2
121001308,0,9,-9
121001309,26,291,-265
121001311,0,0,0
121001313,130,197,-67
121001314,662,1038,-376
121001315,2780,1922,858
121001318,0,0,0
121900001,34,153,-119
121900002,27,1,26
121900003,80,0,80
121900004,39,222,-183
121900005,20,6,14
121900006,42,1,41
121900007,1806,706,1100
121900008,53,31,22
121900009,485,81,404
121900010,32,0,32
121900011,223,71,152
121900012,20,1,19
121900013,47,32,15
121900014,740,144,596
121900015,100,54,46
121900016,3,1,2
121900017,109,227,-118
121900018,162,0,162
121900019,153,38,115
121900020,10,0,10
121900021,609,11,598
121900022,53,46,7
121900023,48,272,-224
121900024,117,65,52
121900025,225,116,109
121900026,66,16,50
121900027,201,123,78
121900028,69,2,67
121900029,40,425,-385
121900030,98,169,-71
121900031,213,2926,-2713
121900032,65,7,58
121900033,84,95,-11
121900034,196,74,122
121900035,1244,710,534
121900036,93,267,-174
121900037,67,884,-817
121900038,29,10,19
121900039,83,7,76
121900040,37,42,-5
121900041,69,175,-106
121900042,266,66,200
121900043,0,0,0
121900044,11,37,-26
121900046,40,50,-10
121900047,35,84,-49
121900048,11,31,-20
121900050,28,7,21
121900051,148,163,-15
121900052,69,19,50
121900053,322,197,125
121900054,122,378,-256
121900055,0,12,-12
121900058,95,12,83
121900059,52,38,14
121900060,57,163,-106
121900061,69,1446,-1377
121900062,114,62,52
121900063,1015,183,832
121900064,195,198,-3
121900066,13,41,-28
121900067,3,4,-1
121900069,74,38,36
121900070,187,133,54
121900071,372,109,263
121900072,16,30,-14
121900073,25,115,-90
121900074,157,326,-169
121900075,164,356,-192
121900076,191,168,23
121900077,2,9,-7
121900078,55,54,1
121900079,0,0,0
121900080,228,75,153
121900082,59,31,28
121900084,20,4,16
121900085,1,7,-6
121900086,4,36,-32
121900087,15,42,-27
121900088,478,546,-68
121900089,105,95,10
121900090,22,3,19
121900091,14,2,12
121900092,55,73,-18
121900093,76,34,42
121900094,0,2,-2
121900095,137,61,76
121900096,444,304,140
121900097,218,50,168
121900098,0,0,0
121900099,129,28,101
121900100,17,84,-67
121900101,42,19,23
121900102,1,19,-18
121900103,175,132,43
121900104,780,114,666
121900105,73,66,7
121900106,1,1,0
121900107,38,19,19
121900108,0,1,-1
121900109,102,24,78
121900110,349,122,227
121900111,77,74,3
121900112,10,22,-12
121900113,13,110,-97
121900114,12,3,9
121900117,0,11,-11
121900118,320,50,270
121900119,149,10,139
121900120,8,195,-187
121900121,38,6,32
121900122,19,28,-9
121900123,88,107,-19
121900124,40,23,17
121900125,693,278,415
121900127,5,116,-111
121900128,18,4,14
121900129,94,21,73
121900130,33,1287,-1254
121900131,46,14,32
121900132,8,25,-17
121900133,4,289,-285
121900134,3,162,-159
121900135,3944,301,3643
121900136,53,37,16
121900137,2,86,-84
121900138,31,47,-16
121900139,177,766,-589
121900140,7,8,-1
121900141,28,4,24
121900142,13,8,5
121900143,1,26,-25
121900144,75,98,-23
121900145,36,49,-13
121900146,59,44,15
121900147,14,22,-8
121900148,33,48,-15
121900149,28,10,18
121900150,46,18,28
121900151,14,45,-31
121900152,13,3,10
121900153,0,90,-90
121900154,0,32,-32
121900155,0,37,-37
121900156,4,17,-13
121900157,0,19,-19
121900158,4,8,-4
121900159,0,11,-11
121900160,6,28,-22
121900161,24,76,-52
121900162,7,19,-12
121900163,194,100,94
121900164,48,144,-96
121900165,62,65,-3
121900166,108,38,70
121900167,69,6,63
121900168,28,14,14
121900169,0,2,-2
121900170,3,12,-9
121900171,334,111,223
121900172,143,42,101
121900173,135,94,41
121900174,53,7,46
121900175,9,54,-45
121900176,160,452,-292
121900177,16,27,-11
121900178,5,2,3
121900179,56,173,-117
121900180,634,3633,-2999
121900182,256,191,65
121900183,111,1053,-942
121900184,47,826,-779
121900186,0,214,-214
121900187,2,18,-16
121900188,618,61,557
121900189,13,12,1
121900190,35,340,-305
121900191,28,69,-41
121900192,109,613,-504
121900193,2,62,-60
121900194,12,76,-64
121900195,2,2,0
121900196,78,460,-382
121900197,78,321,-243
121900198,2658,575,2083
121900199,0,21,-21
121900200,2,67,-65
121900201,147,302,-155
121900202,8,219,-211
121900203,45,434,-389
121900204,211,386,-175
121900205,18,46,-28
121900206,0,18,-18
121900207,6,9,-3
121900208,14,172,-158
121900209,14,20,-6
121900210,660,374,286
121900211,67,86,-19
121900212,21,39,-18
121900213,180,8,172
121900214,1,209,-208
121900215,10,98,-88
121900216,8,117,-109
121900217,47,70,-23
121900218,64,178,-114
121900220,60,1,59
121900221,133,131,2
121900222,63,15,48
121900223,8,9,-1
121900224,35,13,22
121900225,24,73,-49
121900226,52,12,40
121900227,72,225,-153
121900228,22,23,-1
121900230,33,101,-68
121900231,48,174,-126
121900232,43,94,-51
121900233,50,48,2
121900234,75,61,14
121900235,267,51,216
121900236,121,7,114
121900237,27,96,-69
121900238,24,94,-70
121900239,44,14,30
121900240,92,38,54
121900241,4,9,-5
121900242,0,0,0
121900243,1,0,1
121900244,0,0,0
121900245,68,24,44
121900246,1815,116,1699
121900247,156,37,119
121900248,328,231,97
121900250,56,219,-163
121900251,153,14,139
121900252,143,44,99
121900253,17,218,-201
121900254,56,99,-43
121900255,197,52,145
121900258,2165,804,1361
121900259,40,153,-113
121900260,66,38,28
121900261,11,107,-96
121900262,52,124,-72
121900263,32,66,-34
121900264,225,154,71
121900265,102,23,79
121900266,251,41,210
121900267,60,20,40
121900269,116,262,-146
121900270,44,130,-86
121900271,0,350,-350
121900273,205,968,-763
121900274,212,98,114
121900277,53,252,-199
121900278,48,348,-300
121900279,45,44,1
121900280,31,104,-73
121900281,33,127,-94
121900284,21,2,19
121900286,143,35,108
121900287,2,20,-18
121900288,0,0,0
121900290,52,140,-88
121900291,259,239,20
121900292,41,61,-20
121900293,384,1116,-732
121900294,112,1,111
121900295,35,19,16
121900296,50,109,-59
121900298,57,392,-335
121900299,0,63,-63
121900300,14,20,-6
121900301,5,0,5
121900302,25,84,-59
121900303,20,74,-54
121900304,0,4,-4
121900305,0,1,-1
121900306,172,1,171
121900307,110,4,106
121900308,1,26,-25
121900309,3,22,-19
121900310,2,77,-75
121900311,255,5,250
121900312,164,1,163
121900313,237,3,234
121900314,0,6,-6
121900315,4,1,3
121900316,0,0,0
121900317,10,12,-2
121900318,0,0,0
121900319,30,84,-54
121900320,0,0,0
121900321,37,0,37
121900322,0,0,0
121900323,4,4,0
121900324,0,0,0
121900325,3,0,3
121900326,0,0,0
121900327,0,8,-8
121900328,0,2,-2
121900329,0,19,-19
121900330,0,50,-50
121900331,16,118,-102
121900332,36,23,13
121900333,12,1,11
121900334,8,10,-2
122000001,442,985,-543
122000002,1071,287,784
122000003,377,662,-285
122000004,440,398,42
122000005,1521,1432,89
122000006,272,561,-289
122000007,219,718,-499
122000008,484,992,-508
122000009,78,160,-82
122000010,1132,1240,-108
122000011,877,541,336
122000012,306,624,-318
122000013,206,658,-452
122000014,1667,440,1227
122000015,443,393,50
122000016,281,279,2
122000017,376,734,-358
122000018,678,771,-93
122000019,422,701,-279
122000020,111,188,-77
122000021,74,151,-77
122000022,298,511,-213
122000023,176,436,-260
122000024,226,597,-371
122000025,323,541,-218
122000026,236,385,-149
122000027,185,304,-119
122000028,373,264,109
122000029,119,197,-78
122000030,107,29,78
122000031,30,317,-287
122000032,983,717,266
122000033,173,592,-419
122000034,105,384,-279
122000035,122,157,-35
122000036,172,164,8
122000037,146,130,16
122000038,76,167,-91
122000039,178,182,-4
122000040,146,77,69
122000041,299,662,-363
122000042,248,518,-270
122000043,51,39,12
122000044,43,79,-36
122000045,420,276,144
122000046,353,294,59
122000047,48,40,8
122000048,903,1617,-714
122000049,2388,1239,1149
122000050,270,457,-187
122000051,96,433,-337
122000052,186,444,-258
122000053,151,1182,-1031
122000054,1050,926,124
122000055,1209,1848,-639
122000056,1380,1125,255
122000057,882,1806,-924
122000058,321,697,-376
122000059,324,911,-587
122000060,188,207,-19
122000061,163,148,15
122000062,353,138,215
122000063,138,392,-254
122000064,1590,2645,-1055
122000065,1178,1294,-116
122000066,259,531,-272
122000067,465,1012,-547
122000068,802,787,15
122000069,345,247,98
122000070,358,587,-229
122000071,1319,644,675
122000072,206,178,28
122000073,27,285,-258
122000074,939,626,313
122000075,312,369,-57
122000076,1258,530,728
122000077,338,830,-492
122000078,381,857,-476
122000079,149,820,-671
122000080,135,153,-18
122000081,44,147,-103
122000082,168,480,-312
122000083,1326,478,848
122000084,1276,566,710
122000085,90,241,-151
122000086,1044,3266,-2222
122000087,170,220,-50
122000088,79,224,-145
122000089,1823,1325,498
122000090,112,468,-356
122000091,76,274,-198
122000092,27,43,-16
122000093,632,1682,-1050
122000094,2567,1180,1387
122000095,406,1464,-1058
122000096,344,789,-445
122000098,1273,1958,-685
122000099,168,647,-479
122000100,338,214,124
122000101,110,173,-63
122000102,775,431,344
122000103,425,670,-245
122000104,374,142,232
122000105,149,178,-29
122000106,216,485,-269
122000107,533,358,175
122000108,141,229,-88
122000109,137,141,-4
122000110,126,245,-119
122000111,842,640,202
122000112,469,812,-343
122000113,210,165,45
122000114,442,1458,-1016
122000115,786,956,-170
122000116,65,175,-110
122000117,248,171,77
122000118,493,89,404
122000119,454,404,50
122000120,309,552,-243
122000121,378,547,-169
122000122,138,395,-257
122000123,350,712,-362
122000124,189,154,35
122000125,44,253,-209
122000126,87,262,-175
122000127,134,126,8
122000128,147,188,-41
122000129,108,834,-726
122000130,912,367,545
122000131,317,113,204
122000132,160,69,91
122000133,422,304,118
122000134,416,504,-88
122000135,372,177,195
122000136,240,271,-31
122000137,846,269,577
122000139,442,1008,-566
122000140,84,341,-257
122000141,1841,573,1268
122000142,54,642,-588
122000143,207,127,80
122000144,736,189,547
122000145,315,239,76
122000146,130,765,-635
122000147,150,171,-21
122000148,165,447,-282
122000149,608,216,392
122000150,779,283,496
122000151,21,86,-65
122000152,73,59,14
122000153,90,95,-5
122000154,92,54,38
122000155,478,732,-254
122000156,2580,1849,731
122000157,397,2636,-2239
122000158,124,261,-137
122000159,480,406,74
122000160,884,409,475
122000161,507,286,221
122000162,259,524,-265
122000163,147,31,116
122000164,9,32,-23
122000165,208,574,-366
122000166,254,968,-714
122000167,81,155,-74
122000168,56,768,-712
122000169,196,76,120
122000170,95,113,-18
122000171,9,21,-12
122000172,899,662,237
122000173,942,1031,-89
122000174,437,1202,-765
122000175,287,81,206
122000176,102,1284,-1182
122000177,467,884,-417
122000178,1737,1187,550
122000179,1299,1576,-277
122000180,260,516,-256
122000181,356,975,-619
122000182,342,594,-252
122000183,603,335,268
122000184,1271,1128,143
122000185,307,931,-624
122000186,157,399,-242
122000187,937,369,568
122000188,151,82,69
122000189,86,97,-11
122000190,389,851,-462
122000191,300,251,49
122000192,437,189,248
122000193,401,354,47
122000194,149,67,82
122000195,38,581,-543
122000196,541,143,398
122000197,228,406,-178
122000198,134,891,-757
122000199,207,85,122
122000200,360,240,120
122000201,518,1299,-781
122000202,406,1195,-789
122000203,852,473,379
122000204,404,470,-66
122000205,198,254,-56
122000206,1589,566,1023
122000207,1227,732,495
122000208,1176,647,529
122000209,554,139,415
122000210,712,537,175
122000211,265,576,-311
122000212,322,364,-42
122000213,298,675,-377
122000214,747,900,-153
122000215,1301,1366,-65
122000217,617,508,109
122000218,247,55,192
122000219,722,304,418
122000220,92,429,-337
122000221,99,283,-184
122000222,152,49,103
122000223,149,344,-195
122000225,315,105,210
122000226,590,508,82
122000227,29,462,-433
122000228,82,113,-31
122000229,8,209,-201
122000230,9,200,-191
122000231,136,385,-249
122000232,191,232,-41
122000233,0,50,-50
122000234,335,67,268
122000235,207,72,135
122000236,888,33,855
122000237,60,42,18
122000238,95,276,-181
122000239,304,49,255
122000240,489,119,370
122000241,901,150,751
122000242,194,10,184
122000243,167,42,125
122000244,29,89,-60
122000245,63,16,47
122000246,198,87,111
122000247,179,135,44
122000248,622,244,378
122000249,625,477,148
122000250,654,403,251
122000251,9,30,-21
122000252,116,44,72
122000253,15,34,-19
122000254,168,78,90
122000255,228,475,-247
122000256,186,329,-143
122000257,153,126,27
122000258,103,257,-154
122000259,11,305,-294
122000260,22,211,-189
122000261,17,94,-77
122000262,0,57,-57
122000263,43,175,-132
122000264,965,101,864
122000265,1110,427,683
122000266,1778,229,1549
122000267,52,226,-174
122000268,137,41,96
122000269,531,123,408
122000270,213,38,175
122000271,123,371,-248
122000272,80,111,-31
122000273,211,73,138
122000274,47,110,-63
122000275,9,145,-136
122000276,645,435,210
122000277,347,1077,-730
122000278,857,94,763
122000279,91,129,-38
122000280,233,178,55
122000281,335,171,164
122000282,30,568,-538
122000283,14,185,-171
122000284,67,36,31
122000285,300,34,266
122000286,20,109,-89
122000287,971,1422,-451
122000288,154,167,-13
122000291,1124,330,794
122000293,96,63,33
122000294,48,220,-172
122000295,819,141,678
122000296,25,631,-606
122000297,1005,3309,-2304
122000299,251,220,31
122000300,105,326,-221
122000301,2984,2595,389
122000302,236,1894,-1658
122000303,655,479,176
122000304,18,139,-121
122000305,1035,146,889
122000306,47,242,-195
122000307,48,50,-2
122000309,12,104,-92
122000310,4,99,-95
122000311,58,65,-7
122000312,81,195,-114
122000313,10,144,-134
122000314,116,303,-187
122000315,192,26,166
122000316,814,189,625
122000317,1608,170,1438
122000318,276,1456,-1180
122000319,68,188,-120
122000320,87,258,-171
122000321,42,75,-33
122000322,670,573,97
122000323,268,706,-438
122000324,558,915,-357
122000325,317,674,-357
122000326,128,82,46
122000327,103,262,-159
122000328,291,212,79
122000330,762,557,205
122000332,147,875,-728
122000333,45,57,-12
122000337,641,188,453
122000338,273,145,128
122000340,25,675,-650
122000342,651,324,327
122000343,324,218,106
122000344,76,10,66
122000345,24,75,-51
122000346,44,12,32
122000348,340,481,-141
122000349,16,62,-46
122000351,201,134,67
122000352,185,30,155
122000353,31,18,13
122000355,94,202,-108
122000356,114,559,-445
122000357,37,2,35
122000358,0,4,-4
122000359,0,1,-1
122000360,0,2,-2
122000362,2,3,-1
122000364,247,84,163
122000365,0,19,-19
122000366,14,1,13
122000368,266,172,94
122000370,3,0,3
122000371,50,1,49
122000372,6,0,6
122000381,143,123,20
122000382,11,162,-151
122000384,526,487,39
122000385,34,0,34
122000386,79,745,-666
122000387,59,612,-553
122000388,534,339,195
122000389,62,229,-167
122000390,87,225,-138
122000391,39,324,-285
122000392,71,46,25
122000393,4,509,-505
122000394,318,129,189
122000395,94,79,15
122000396,157,16,141
122000397,13,49,-36
122000398,6,91,-85
122000399,88,33,55
122000400,7,283,-276
122000401,34,6,28
122000402,340,124,216
122000403,169,231,-62
122000404,206,47,159
122000408,160,564,-404
122000503,2,81,-79
122000524,21,87,-66
122000544,6,952,-946
122000616,106,0,106
122000640,89,24,65
122000641,82,119,-37
122000642,787,245,542
122000643,17,167,-150
122000644,51,20,31
122000645,17,74,-57
122000651,153,614,-461
122000664,74,16,58
122000665,252,131,121
122000666,91,194,-103
122000673,6,88,-82
122000674,358,91,267
122000675,1233,457,776
122000686,245,422,-177
122000687,1299,190,1109
122000688,217,234,-17
122000689,850,106,744
122000690,2356,94,2262
122000691,748,376,372
122000692,1105,82,1023
122000693,262,375,-113
122000695,204,169,35
122000696,485,35,450
122000698,175,111,64
122000699,252,71,181
122000701,1199,179,1020
122000702,288,523,-235
122000703,42,29,13
122000712,0,0,0
122000717,5,82,-77
122000718,31,868,-837
122000719,2,35,-33
122000720,619,51,568
122000724,76,40,36
122900001,7,35,-28
122900002,304,3915,-3611
122900003,163,10,153
122900004,2807,116,2691
122900005,21,205,-184
122900006,79,1377,-1298
122900007,17,103,-86
122900008,104,310,-206
122900009,80,63,17
122900010,164,74,90
122900012,163,196,-33
122900014,35,22,13
122900015,633,222,411
122900016,53,48,5
122900017,109,334,-225
122900018,53,0,53
122900019,0,153,-153
122900020,55,524,-469
122900021,8,183,-175
122900022,680,611,69
122900023,329,83,246
122900024,35,45,-10
122900025,0,91,-91
122900026,1,14,-13
122900027,2,401,-399
122900028,56,40,16
122900029,2111,982,1129
122900030,306,63,243
122900031,3,207,-204
122900032,99,129,-30
122900033,99,82,17
122900034,1126,1758,-632
122900035,21,30,-9
122900036,37,12,25
122900037,101,45,56
122900038,28,963,-935
122900039,29,183,-154
122900040,179,345,-166
122900041,52,291,-239
122900042,128,75,53
122900043,191,131,60
122900044,65,212,-147
122900045,27,66,-39
122900046,72,169,-97
122900047,45,47,-2
122900048,3,190,-187
122900049,1158,54,1104
122900051,10,123,-113
122900052,68,29,39
122900053,1,28,-27
122900055,65,13,52
122900057,164,5,159
122900061,279,4,275
122900062,191,384,-193
122900063,159,87,72
122900064,494,281,213
122900065,138,155,-17
122900066,199,74,125
122900067,303,141,162
122900068,14,38,-24
122900069,115,715,-600
122900070,210,12,198
122900071,21,71,-50
122900072,14,114,-100
122900073,35,43,-8
122900074,1137,85,1052
122900075,0,10,-10
122900076,0,61,-61
122900077,0,6,-6
122900078,226,34,192
122900080,1,20,-19
122900081,76,40,36
122900082,893,46,847
122900083,4,43,-39
122900084,2,62,-60
122900086,1,83,-82
122900087,244,391,-147
122900088,15,117,-102
122900089,10,242,-232
122900090,0,81,-81
122900091,278,3,275
122900092,0,47,-47
122900093,0,31,-31
122900094,0,66,-66
122900095,160,4,156
122900096,475,25,450
122900097,17,21,-4
122900098,19,36,-17
122900099,94,45,49
122900100,8,500,-492
122900101,100,87,13
122900102,20,39,-19
122900103,266,1,265
122900104,146,0,146
122900105,17,4,13
122900106,0,3,-3
122900107,1,18,-17
122900108,6,27,-21
123000001,411,273,138
123000002,1319,3657,-2338
123000003,2209,1735,474
123000004,1274,2186,-912
123000005,1825,1138,687
123000006,1028,968,60
123000007,1794,1065,729
123000008,1070,1612,-542
123000009,2055,2024,31
123000010,1621,1991,-370
123000011,771,594,177
123000012,188,1029,-841
123000013,2260,506,1754
123000014,260,1361,-1101
123000015,1251,589,662
123000016,1333,1311,22
123000017,3638,1723,1915
123000018,107,51,56
123000019,450,21,429
123000020,333,26,307
123000021,254,261,-7
123000022,724,1157,-433
123000023,1679,1306,373
123000024,962,460,502
123000025,171,55,116
123000026,15,109,-94
123000027,5,655,-650
123000028,92,2764,-2672
123000029,109,1221,-1112
123000030,191,73,118
123000031,444,95,349
123000032,676,128,548
123000033,199,64,135
123000034,511,415,96
123000035,148,304,-156
123000036,89,508,-419
123000037,69,77,-8
123000038,13,143,-130
123000039,279,913,-634
123000040,222,58,164
123000041,236,505,-269
123000042,181,413,-232
123000043,687,6291,-5604
123000044,1827,994,833
123000045,1684,813,871
123000046,95,435,-340
123000047,279,342,-63
123000048,18,1276,-1258
123000049,2248,4293,-2045
123000050,1016,704,312
123000051,12,76,-64
123000052,289,936,-647
123000053,1010,1094,-84
123000054,847,1182,-335
123000055,1149,2269,-1120
123000056,406,382,24
123000057,1867,2029,-162
123000058,164,736,-572
123000059,46,179,-133
123000060,674,199,475
123000061,134,277,-143
123000063,547,296,251
123000064,834,74,760
123000065,1498,1229,269
123000066,158,193,-35
123000067,361,209,152
123000068,634,550,84
123000069,1582,506,1076
123000070,131,126,5
123000071,1036,288,748
123000072,485,210,275
123000073,1065,459,606
123000074,478,317,161
123000075,175,766,-591
123000076,380,156,224
123000077,759,556,203
123000078,1249,482,767
123000079,1471,644,827
123000080,1305,276,1029
123000081,57,123,-66
123000082,106,358,-252
123000083,599,102,497
123000084,395,244,151
123000085,292,63,229
123000086,519,48,471
123000087,305,80,225
123000088,592,197,395
123000089,532,336,196
123000090,577,368,209
123000091,703,679,24
123000092,416,448,-32
123000094,389,35,354
123000095,532,236,296
123000096,594,133,461
123000097,336,85,251
123000098,548,110,438
123000099,393,135,258
123000100,171,536,-365
123000101,183,81,102
123000102,247,621,-374
123000104,127,115,12
123000105,171,52,119
123000106,215,99,116
123000107,191,70,121
123000108,262,369,-107
123000111,644,76,568
123000112,703,129,574
123000113,317,252,65
123000114,143,306,-163
123000115,157,245,-88
123000116,67,79,-12
123000117,1218,624,594
123000118,440,151,289
123000119,110,148,-38
123000120,140,215,-75
123000121,360,214,146
123000122,118,63,55
123000123,308,190,118
123000124,173,91,82
123000125,667,541,126
123000126,547,1900,-1353
123000127,401,209,192
123000128,77,63,14
123000129,811,29,782
123000130,735,13,722
123000131,954,324,630
123000132,126,220,-94
123000133,97,51,46
123000134,198,27,171
123000135,1296,159,1137
123000136,119,164,-45
123000137,62,66,-4
123000138,27,103,-76
123000139,487,72,415
123000140,37,172,-135
123000141,183,38,145
123000142,660,440,220
123000143,349,659,-310
123000144,0,33,-33
123000145,106,434,-328
123000146,7,194,-187
123000147,22,284,-262
123000149,139,222,-83
123000150,35,142,-107
123000151,55,310,-255
123000152,9,98,-89
123000153,30,563,-533
123000154,452,1344,-892
123000155,835,973,-138
123000156,13,30,-17
123000157,218,503,-285
123000158,196,373,-177
123000159,845,2020,-1175
123000160,334,507,-173
123000161,660,540,120
123000162,737,1223,-486
123000163,469,105,364
123000164,1452,91,1361
123000165,93,422,-329
123000166,14,26,-12
123000167,86,59,27
123000168,167,68,99
123000169,660,43,617
123000170,77,53,24
123000171,736,9,727
123000172,65,170,-105
123000173,342,95,247
123000174,400,242,158
123000175,172,262,-90
123000176,486,143,343
123000177,126,291,-165
123000178,544,80,464
123000179,5,281,-276
123000180,978,114,864
123000181,221,403,-182
123000182,209,172,37
123000183,74,226,-152
123000184,35,186,-151
123000185,561,379,182
123000186,9,130,-121
123000187,379,5,374
123000188,219,0,219
123000189,792,95,697
123000190,64,267,-203
123000192,4,153,-149
123000193,7,160,-153
123000194,132,91,41
123000195,226,4,222
123000196,301,8,293
123000197,55,43,12
123000198,33,493,-460
123000199,11,286,-275
123000200,472,2,470
123000201,932,20,912
123000202,34,276,-242
123000203,762,12,750
123000204,57,358,-301
123000205,59,396,-337
123000206,2296,117,2179
123000207,42,275,-233
123000208,411,32,379
123000209,1255,203,1052
123000210,105,480,-375
123000211,180,597,-417
123000212,2756,218,2538
123000213,242,35,207
123000215,64,116,-52
123000216,98,496,-398
123000217,154,14,140
123000218,81,226,-145
123000219,384,75,309
123000220,193,65,128
123000221,71,40,31
123000222,185,149,36
123000223,332,125,207
123000224,325,143,182
123000225,169,29,140
123000226,121,70,51
123000227,38,49,-11
123000228,281,40,241
123000229,285,170,115
123000232,17,105,-88
123000233,521,50,471
123000234,126,170,-44
123000235,710,183,527
123000236,178,228,-50
123000237,426,86,340
123000238,33,78,-45
123000239,194,269,-75
123000240,34,459,-425
123000241,190,12,178
123000242,128,76,52
123000243,406,439,-33
123000244,422,155,267
123000245,2,31,-29
123000249,170,301,-131
123000252,530,104,426
123000253,1088,241,847
123000254,507,259,248
123000255,337,371,-34
123000256,6,61,-55
123000257,689,638,51
123000258,473,215,258
123000259,330,164,166
123000260,390,82,308
123000261,278,113,165
123000262,31,29,2
123000263,339,7,332
123000264,194,28,166
123000265,9,22,-13
123000266,213,195,18
123000267,634,126,508
123000268,11,12,-1
123000269,15,46,-31
123000270,25,41,-16
123000271,24,24,0
123000272,417,153,264
123000273,120,698,-578
123000274,784,383,401
123000275,112,225,-113
123000278,714,1588,-874
123000279,133,28,105
123000280,173,152,21
123000281,177,43,134
123000282,16,106,-90
123000283,214,17,197
123000284,15,22,-7
123000286,58,174,-116
123000287,81,122,-41
123000288,486,793,-307
123000289,47,898,-851
123000291,44,218,-174
123000294,122,149,-27
123000295,575,1229,-654
123000296,565,656,-91
123000297,540,182,358
123000298,935,139,796
123000299,109,66,43
123000300,675,337,338
123000301,68,175,-107
123000302,201,37,164
123000303,37,520,-483
123000305,196,294,-98
123000306,178,31,147
123000309,32,20,12
123000310,80,1,79
123000311,1,61,-60
123000312,253,236,17
123000313,402,297,105
123000315,260,66,194
123000316,864,15,849
123000317,142,189,-47
123000318,30,143,-113
123000329,6,2,4
123000337,156,807,-651
123000338,95,416,-321
123000339,320,41,279
123000340,32,133,-101
123000342,1,9,-8
123000343,97,1,96
123000344,205,80,125
123000345,122,212,-90
123000346,337,50,287
123000352,356,269,87
123000353,75,13,62
123000354,402,10,392
123000355,1,795,-794
123000356,252,2,250
123000357,1,43,-42
123000359,0,30,-30
123000360,65,161,-96
123000361,512,126,386
123000362,277,30,247
123000363,96,60,36
123000364,224,162,62
123000365,15,134,-119
123000366,150,991,-841
123000367,107,150,-43
123000370,7,37,-30
123000371,479,14,465
123000372,199,20,179
123000373,2,26,-24
123000374,5,16,-11
123000375,324,37,287
123000376,571,332,239
123000377,566,9,557
123000378,0,88,-88
123000379,0,145,-145
123000380,0,61,-61
123000381,41,179,-138
123000382,517,95,422
123000383,23,220,-197
123000384,610,129,481
123000385,40,65,-25
123000436,52,1084,-1032
123000507,27,70,-43
123000508,58,890,-832
123000517,92,3,89
123000518,11,42,-31
123000519,37,20,17
123000520,18,32,-14
123000521,254,36,218
123000522,79,120,-41
123000541,12,1,11
123000542,0,0,0
123000565,471,16,455
123000566,201,247,-46
123000567,229,151,78
123000573,2,23,-21
123000574,689,44,645
123000575,2045,63,1982
123000576,590,272,318
123000577,12,185,-173
123000578,252,177,75
123000579,618,3079,-2461
123000580,83,55,28
123000582,363,6,357
123000583,7,119,-112
123000584,121,128,-7
123000585,0,10,-10
123000586,42,1,41
123000596,52,15,37
123000597,73,67,6
123000602,82,19,63
123000603,1015,127,888
123000604,507,195,312
123000605,256,66,190
123000606,0,56,-56
123000609,13,182,-169
123000610,48,86,-38
123000613,21,54,-33
123000614,273,24,249
123000615,26,24,2
123000616,687,30,657
123000617,60,82,-22
123000618,4,254,-250
123000619,373,13,360
123000620,1,85,-84
123000622,572,12,560
123000624,181,18,163
123000630,1242,408,834
123000631,89,292,-203
123000632,296,216,80
123000633,0,134,-134
123000634,1,162,-161
123000635,31,48,-17
123000636,33,277,-244
123000637,85,24,61
123000638,292,158,134
123000639,646,3966,-3320
123000640,16,216,-200
123000648,307,19,288
123000649,9,167,-158
123900001,712,33,679
123900002,37,670,-633
123900003,17,129,-112
123900005,182,165,17
123900006,260,50,210
124000001,1209,117,1092
124000002,7,493,-486
124000003,905,110,795
124000004,9,131,-122
124000005,835,974,-139
124000006,54,180,-126
124000007,462,58,404
124000008,61,220,-159
124000009,710,307,403
124000010,105,302,-197
124000011,695,344,351
124000012,79,353,-274
124000017,179,88,91
124000018,8,7,1
124000019,164,39,125
124000020,18,6,12
124000021,79,40,39
124000022,13,24,-11
124000023,583,833,-250
124000024,511,187,324
124000025,672,847,-175
124000026,864,849,15
124000027,1990,1344,646
124000028,1055,3199,-2144
124000030,921,461,460
124000031,503,5725,-5222
124000032,1154,228,926
124000033,443,543,-100
124000034,408,300,108
124000035,292,223,69
124000036,35,225,-190
124000037,187,426,-239
124000038,0,10,-10
124000039,159,133,26
124000040,54,262,-208
124000041,448,30,418
124000042,151,51,100
124000043,88,35,53
124000044,24,21,3
124000045,780,91,689
124000046,103,176,-73
124000047,1576,129,1447
124000048,362,134,228
124000049,1329,167,1162
124000050,329,431,-102
124000051,1115,175,940
124000052,309,311,-2
124000053,382,1293,-911
124000054,194,88,106
124000055,579,2245,-1666
124000056,635,211,424
124000057,847,264,583
124000058,234,319,-85
124000059,676,648,28
124000060,156,349,-193
124000061,583,3108,-2525
124000062,1600,643,957
124000063,590,374,216
124000064,682,350,332
124000065,4,143,-139
124000066,84,48,36
124000067,75,68,7
124000068,5,45,-40
124000069,326,73,253
124000070,118,74,44
124000071,67,42,25
124000072,50,74,-24
124000073,536,39,497
124000074,57,53,4
124000075,503,21,482
124000076,0,0,0
124000077,147,576,-429
124000078,492,471,21
124000079,50,511,-461
124000080,546,57,489
124000081,94,63,31
124000082,44,83,-39
124000083,9,14,-5
124000084,26,560,-534
124000085,20,10,10
124000086,9,265,-256
124000087,20,134,-114
124000088,99,217,-118
124000089,339,40,299
124000090,95,133,-38
124000091,344,24,320
124000092,153,186,-33
124000093,123,102,21
124000094,79,156,-77
124000095,100,48,52
124000096,106,78,28
124000097,96,61,35
124000098,130,51,79
124000099,157,14,143
124000100,32,91,-59
124000101,118,91,27
124000102,36,24,12
124000103,118,44,74
124000104,32,31,1
124000105,89,53,36
124000106,53,26,27
124000107,13,148,-135
124000108,12,6,6
124000109,167,40,127
124000110,36,15,21
124000111,126,67,59
124000112,542,199,343
124000113,85,100,-15
124000114,226,187,39
124000115,185,465,-280
124000116,57,158,-101
124000117,18,28,-10
124000118,4,23,-19
124000119,450,256,194
124000120,289,134,155
124000121,427,237,190
124000122,185,657,-472
124000123,252,109,143
124000124,202,203,-1
124000125,304,102,202
124000126,144,127,17
124000127,740,108,632
124000128,350,195,155
124000129,827,423,404
124000130,217,80,137
124000131,420,356,64
124000132,200,243,-43
124000133,668,341,327
124000134,311,187,124
124000135,874,807,67
124000136,145,254,-109
124000137,405,371,34
124000138,231,399,-168
124000139,179,23,156
124000140,17,371,-354
124000141,155,28,127
124000142,7,164,-157
124000143,51,2,49
124000144,2,44,-42
124000145,129,11,118
124000146,8,39,-31
124000148,3,16,-13
124000149,467,97,370
124000150,145,204,-59
124000151,777,275,502
124000152,286,349,-63
124000153,782,660,122
124000154,518,335,183
124000155,607,271,336
124000156,291,390,-99
124000169,73,204,-131
124000170,203,183,20
124000171,221,217,4
124000172,149,186,-37
124000173,439,105,334
124000174,315,198,117
124000175,0,0,0
124000176,30,17,13
124000177,0,0,0
124000178,23,73,-50
124000190,22,56,-34
124000191,49,284,-235
124000192,741,454,287
124000193,49,1125,-1076
124000194,117,90,27
124000195,374,194,180
124000196,226,350,-124
124000197,26,17,9
124000198,44,16,28
124000201,23,575,-552
124000202,459,21,438
124000203,410,108,302
124000204,1061,63,998
124000205,117,37,80
124000206,938,121,817
124000207,0,23,-23
124000209,172,17,155
124000210,967,143,824
124000211,901,1,900
124000212,0,69,-69
124000213,441,91,350
124000214,479,27,452
124000215,499,36,463
124000216,11,601,-590
124000329,1,514,-513
124000338,7,228,-221
124000339,1705,13,1692
124000341,1755,24,1731
124000344,52,17,35
124000357,824,1536,-712
124000358,507,1460,-953
124000359,930,370,560
124000360,1031,286,745
124000361,1690,927,763
124000362,786,1610,-824
124000363,246,115,131
124000364,294,369,-75
124000365,408,498,-90
124000366,853,431,422
124000367,12,166,-154
124000368,192,875,-683
124000369,74,61,13
124000370,17,479,-462
124000402,2,3,-1
124000403,132,29,103
124000404,5,39,-34
124000405,434,207,227
124000406,242,106,136
124000407,1,12,-11
124000411,4,115,-111
124000412,374,0,374
124000413,28,45,-17
124000414,104,22,82
124000415,66,57,9
124000416,137,61,76
124000417,118,61,57
124000418,211,26,185
124000419,66,29,37
124000420,110,12,98
124000421,25,57,-32
124000422,24,16,8
124000423,81,33,48
124000424,1,10,-9
124000425,46,42,4
124000426,1,46,-45
124000427,59,1,58
124000428,0,163,-163
124000429,120,34,86
124000430,388,166,222
124000431,138,77,61
124000432,205,475,-270
124000439,2,18,-16
124000443,0,0,0
124000445,40,1360,-1320
124000446,474,169,305
124900001,421,38,383
124900002,90,70,20
124900003,561,122,439
124900004,425,83,342
124900005,77,37,40
124900006,485,74,411
124900008,146,136,10
124900009,14,256,-242
124900010,136,50,86
124900011,516,60,456
124900012,162,21,141
124900013,389,29,360
124900014,197,35,162
124900015,66,263,-197
124900016,97,147,-50
124900017,127,1900,-1773
124900018,107,10,97
124900020,128,9,119
124900021,290,13,277
124900022,61,0,61
124900024,303,2,301
124900026,23,0,23
124900027,35,101,-66
124900028,209,10,199
124900029,12,270,-258
124900030,0,22,-22
124900031,3,102,-99
124900032,77,26,51
124900033,12,57,-45
124900034,24,86,-62
124900035,25,50,-25
124900036,0,41,-41
124900037,79,62,17
124900038,54,41,13
124900039,1,43,-42
124900040,22,11,11
124900041,144,192,-48
124900042,9,1,8
124900043,226,205,21
124900044,25,0,25
124900045,82,234,-152
124900046,129,61,68
124900047,13,26,-13
124900048,143,9,134
124900050,100,35,65
124900052,30,74,-44
124900053,45,29,16
124900054,338,47,291
124900055,0,9,-9
124900057,0,0,0
124900060,3,40,-37
124900061,78,0,78
124900062,134,3,131
124900066,0,2,-2
124900067,0,2,-2
124900068,78,382,-304
124900070,3,1,2
124900072,126,7,119
124900075,180,69,111
124900076,30,539,-509
124900077,1,37,-36
124900078,6,1,5
124900079,34,30,4
124900080,189,68,121
124900081,697,45,652
124900082,111,98,13
124900083,67,84,-17
124900085,159,126,33
124900086,2,298,-296
124900087,29,31,-2
124900088,68,18,50
124900089,215,2,213
124900090,387,53,334
124900091,138,88,50
124900092,142,41,101
124900093,414,57,357
124900094,446,58,388
124900095,113,324,-211
124900096,171,90,81
124900097,398,11,387
124900098,50,77,-27
124900099,61,129,-68
124900100,148,5,143
124900101,73,14,59
124900102,273,1,272
124900103,20,9,11
124900104,7,36,-29
124900105,20,21,-1
124900106,183,13,170
124900107,208,4,204
124900108,19,27,-8
124900111,0,0,0
124900112,35,93,-58
124900113,1,39,-38
124900114,4,21,-17
124900115,0,5,-5
124900116,245,177,68
124900117,55,125,-70
124900118,10,503,-493
124900119,178,140,38
124900120,3,54,-51
124900121,4,199,-195
124900122,36,43,-7
124900123,47,29,18
124900124,9,9,0
204000001,151,5,146
204000002,5,4,1
204000003,16,0,16
204000004,8,19,-11
204000005,194,148,46
204000006,729,826,-97
204000011,0,0,0
204000012,2,5,-3
204000019,951,259,692
204000020,551,179,372
204000021,504,450,54
204000022,904,293,611
204000023,96,333,-237
204000031,29,4,25
204000032,104,11,93
204000034,1,12,-11
204000035,2,6,-4
204000036,5,3,2
204000037,0,27,-27
204000038,0,11,-11
204000039,4,13,-9
204000040,3,4,-1
204000041,2,16,-14
204000042,12,13,-1
204000043,15,11,4
204000044,48,1,47
204000045,19,0,19
204000046,15,2,13
204000057,4,42,-38
204000062,4,123,-119
204000068,10,50,-40
204000069,17,63,-46
204000070,68,21,47
204000080,22,13,9
204000085,343,232,111
204000086,455,433,22
204000087,18,14,4
204000088,0,0,0
204000090,0,13,-13
204000093,423,10,413
204000096,838,223,615
204000097,351,5,346
204000099,675,1397,-722
204000100,1110,478,632
204000105,341,109,232
204000110,95,299,-204
204000111,140,219,-79
204000112,131,156,-25
204000113,95,200,-105
204000114,673,787,-114
204000115,527,194,333
204000116,321,80,241
204000119,1818,555,1263
204000132,414,341,73
204000133,530,52,478
204000134,132,36,96
204000135,377,13,364
204000136,423,118,305
204000138,198,411,-213
204000140,141,70,71
204000141,124,27,97
204000144,0,37,-37
204000145,202,4,198
204000146,0,7,-7
204000147,0,25,-25
204000148,57,9,48
204000154,21,2,19
204000155,0,6,-6
204000177,57,23,34
204000179,20,8,12
204000180,0,2,-2
204000222,15,29,-14
204000235,3,5,-2
204000236,11,9,2
204000238,22,17,5
204000240,184,23,161
204000263,115,167,-52
204000268,471,117,354
204000308,34,5,29
204000317,0,29,-29
204000322,12,9,3
204000323,2,19,-17
204000328,265,12,253
204000329,9,30,-21
204000330,122,2,120
204000331,0,2,-2
204010341,14,162,-148
205000001,129,195,-66
205000013,1,30,-29
205000014,5,5,0
205000015,7,8,-1
205000016,4,13,-9
205000017,37,11,26
205000022,53,162,-109
205000025,232,134,98
205000029,539,1,538
205000045,76,55,21
205000046,27,33,-6
205000047,5,20,-15
205000048,176,65,111
205000049,44,52,-8
205000050,91,31,60
205000059,0,17,-17
205000060,0,20,-20
205000061,2,64,-62
205000062,0,52,-52
205000063,13,145,-132
205000064,4,71,-67
205000065,12,144,-132
205000066,41,87,-46
205000067,21,135,-114
205000069,68,8,60
205000082,78,73,5
205000110,22,24,-2
205000111,17,18,-1
205000112,78,49,29
205000113,35,49,-14
205000121,93,89,4
205000123,16,16,0
205000126,518,93,425
205000127,434,47,387
205000128,251,39,212
205000129,503,83,420
205000130,106,31,75
205000131,15,28,-13
205000132,58,24,34
205000133,54,0,54
205000134,303,1,302
205000137,25,12,13
205000138,12,22,-10
205000139,0,13,-13
205000144,67,23,44
205000145,110,45,65
205000151,59,62,-3
205000152,21,9,12
205000153,112,39,73
205000154,16,33,-17
205000155,67,11,56
205000207,0,0,0
205000233,23,1,22
205000234,0,0,0
205000243,0,0,0
205000244,0,6,-6
205000245,2,9,-7
205000249,1,11,-10
205000250,2,1,1
205000264,0,10,-10
206000027,1,9,-8
206000028,0,0,0
206000043,4,21,-17
206000053,0,1,-1
206000054,0,5,-5
206000055,1,4,-3
206000075,5,19,-14
206000076,12,1,11
206000077,35,0,35
206000078,24,0,24
206000079,31,2,29
206000082,274,85,189
206000100,3,162,-159
206000103,0,0,0
206000104,0,0,0
206000105,0,0,0
206000106,0,0,0
206000108,411,37,374
206000125,121,0,121
206000157,0,45,-45
206000170,1,129,-128
206000171,1,114,-113
206000172,17,54,-37
206000173,0,31,-31
206000174,11,13,-2
206000175,3,26,-23
206000176,13,59,-46
206000177,0,20,-20
206000178,0,74,-74
206000179,0,20,-20
206000180,7,26,-19
206000181,1,45,-44
206000182,10,36,-26
206000183,3,58,-55
206000184,1,36,-35
206000185,4,17,-13
206000186,30,151,-121
206000223,2,73,-71
206000226,57,3,54
206000227,19,3,16
206000237,6,40,-34
206000238,2,106,-104
206000239,63,470,-407
206000240,0,0,0
206000241,0,62,-62
206000242,1,33,-32
206000243,2,25,-23
206000244,7,57,-50
206000245,2243,24,2219
206000246,544,1,543
206000247,726,3,723
206000248,834,7,827
206000252,6,36,-30
206000258,0,0,0
206000315,18,1,17
206000317,590,157,433
206000318,557,52,505
206000319,3349,33,3316
206000320,1037,30,1007
206000321,1058,1,1057
206000322,1380,6,1374
206000323,489,1,488
206000324,542,2,540
206000325,288,9,279
206000326,379,7,372
206000327,48,4,44
206000328,382,3,379
206000329,743,4,739
206000330,183,1,182
206000331,527,0,527
206000332,112,3,109
206000333,1473,4,1469
206000334,926,2,924
206000335,0,16,-16
206000361,0,14,-14
206000392,0,4,-4
206000405,254,0,254
206000441,83,28,55
206000498,53,4,49
206000515,43,30,13
206000530,484,33,451
206000531,295,152,143
206000532,771,141,630
206000535,17,688,-671
206000536,1,54,-53
206000537,1,52,-51
206000613,807,335,472
207000001,16,116,-100
207000002,19,124,-105
207000003,17,97,-80
207000007,1812,135,1677
207000008,287,3,284
207000009,48,11,37
207000010,46,114,-68
207000012,460,73,387
207000015,48,281,-233
207000019,276,23,253
207000021,271,131,140
207000022,139,102,37
207000023,262,19,243
207000024,0,8,-8
207000025,8,34,-26
207000026,0,0,0
207000027,1,0,1
207000028,1,47,-46
207000029,31,106,-75
207000033,160,195,-35
207000034,97,45,52
207000039,679,36,643
207000040,859,11,848
207000041,194,10,184
207000042,394,11,383
207000043,258,101,157
207000051,12,20,-8
207000052,0,16,-16
207000053,99,210,-111
207000054,25,40,-15
207000055,25,36,-11
207000056,69,129,-60
207000057,52,86,-34
207000058,69,146,-77
207000059,38,161,-123
207000060,20,282,-262
207000061,83,1116,-1033
207000062,636,44,592
207000063,603,21,582
207000064,408,22,386
207000065,266,61,205
207000066,538,88,450
207000067,98,25,73
207000068,163,40,123
207000069,523,156,367
207000082,5,100,-95
207000083,43,144,-101
207000084,506,90,416
207000085,307,54,253
207000086,459,11,448
207000106,149,5,144
207000107,154,3,151
207000108,161,2,159
207000109,77,4,73
207000110,48,3,45
207000111,60,30,30
207000112,73,194,-121
207000114,0,0,0
207000115,0,0,0
207000116,0,4,-4
207000117,0,0,0
207000118,0,1,-1
207000119,0,0,0
207000123,206,4,202
207000124,117,11,106
207000125,48,5,43
207000126,99,16,83
207000134,232,52,180
207000135,59,155,-96
207000148,50,160,-110
207000149,0,0,0
207000152,7,126,-119
207000153,38,260,-222
207000154,217,58,159
207000159,9,12,-3
207000160,20,16,4
207000238,0,0,0
207000242,0,0,0
207000248,0,0,0
207000249,0,0,0
207000250,0,0,0
207000251,0,0,0
207000252,0,0,0
207000278,159,59,100
207000279,1,23,-22
207000280,1113,21,1092
207000281,48,163,-115
207000282,21,410,-389
207000283,7,60,-53
207000284,11,1194,-1183
207000285,36,70,-34
207000291,0,4,-4
207000304,37,9,28
207000306,26,185,-159
207000310,150,62,88
207000353,60,1,59
207000356,0,10,-10
207000357,0,20,-20
207000358,2,31,-29
207000415,0,0,0
207000417,46,5,41
207000418,72,38,34
207000438,0,5,-5
207000439,293,86,207
207000446,82,5,77
207000460,98,9,89
207000466,4,4,0
207000467,669,20,649
207000468,17,14,3
207000476,0,26,-26
207000477,270,25,245
207000478,0,7,-7
207000523,0,0,0
207000524,14,1,13
207000527,268,42,226
207000530,344,6,338
207000531,137,0,137
207000532,24,41,-17
207000534,118,37,81
207000535,0,1,-1
207000537,0,0,0
207000540,0,0,0
207000541,0,0,0
207000548,0,0,0
207000549,144,8,136
207000561,142,77,65
207000562,0,0,0
207000567,19,75,-56
207000568,199,9,190
207000569,713,105,608
207000584,0,0,0
207000585,7,98,-91
207000587,160,4,156
207000616,0,27,-27
207000617,162,0,162
207000624,2,11,-9
207000631,0,2,-2
207900008,555,39,516
208000001,335,552,-217
208000002,513,518,-5
208000003,575,263,312
208000004,608,331,277
208000005,0,0,0
208000019,897,294,603
208000020,228,154,74
208000021,192,171,21
208000022,412,208,204
208000028,385,860,-475
208000033,177,142,35
208000034,310,461,-151
208000037,197,12,185
208000040,177,38,139
208000041,393,281,112
208000042,808,282,526
208000047,59,68,-9
208000064,1220,806,414
208000066,649,610,39
208000070,548,343,205
208000071,552,130,422
208000072,771,267,504
208000080,193,221,-28
208000081,259,45,214
208000082,67,68,-1
208000083,64,54,10
208000084,5,71,-66
208000085,173,74,99
208000086,296,147,149
208000087,187,286,-99
208000089,473,97,376
208000090,342,208,134
208000093,4,51,-47
208000094,132,161,-29
208000095,388,229,159
208000104,1133,225,908
208000105,623,348,275
208000114,52,236,-184
208000115,355,206,149
208000116,1021,898,123
208000117,7,70,-63
208000118,58,149,-91
208000155,277,380,-103
208000158,648,1096,-448
208000186,552,1073,-521
208000204,495,536,-41
208000205,761,394,367
208000282,479,343,136
209000004,490,99,391
209000005,33,25,8
209000006,316,89,227
209000007,328,271,57
209000010,0,0,0
209000011,0,0,0
209000012,14,19,-5
209000013,19,24,-5
209000014,32,66,-34
209000025,557,47,510
209000026,1168,144,1024
209000027,40,51,-11
209000028,37,51,-14
209000029,82,50,32
209000030,81,133,-52
209000031,373,147,226
209000034,182,190,-8
209000035,239,202,37
209000036,393,48,345
209000037,598,123,475
209000038,285,94,191
209000039,124,60,64
209000040,316,184,132
209000041,159,153,6
209000042,225,110,115
209000043,422,330,92
209000044,358,396,-38
209000045,375,167,208
209000046,405,161,244
209000047,268,123,145
209000048,432,332,100
209000049,24,32,-8
209000050,103,45,58
209000051,67,41,26
209000052,38,25,13
209000062,0,0,0
209000063,2,0,2
209000064,1,3,-2
209000065,305,33,272
209000066,250,20,230
209000067,187,21,166
209000080,3,27,-24
209000082,100,38,62
209000091,0,1,-1
209000093,0,0,0
209000094,0,0,0
209000110,59,106,-47
209000111,401,1639,-1238
209000112,1385,305,1080
209000113,2047,303,1744
209000114,968,335,633
209000115,15,25,-10
209000116,77,70,7
209000118,2,56,-54
209000119,0,0,0
209000121,9,45,-36
209000135,60,69,-9
209000142,588,1682,-1094
209000143,0,0,0
209000144,50,162,-112
209000229,166,63,103
209000240,15,21,-6
209000259,6,8,-2
209000260,4,119,-115
209000261,4,86,-82
209000262,1,62,-61
209000263,0,56,-56
209000264,0,37,-37
209000265,200,1,199
209000266,65,0,65
209000267,989,14,975
209000268,325,71,254
210000037,162,18,144
210000047,50,16,34
210000048,64,32,32
210000049,59,4,55
210000052,19,5,14
210000053,7,5,2
210000054,3,23,-20
210000070,89,17,72
210000071,161,9,152
210000072,45,0,45
210000073,0,0,0
210000074,0,0,0
210000075,0,0,0
210000076,0,14,-14
210000077,0,26,-26
210000078,5,41,-36
210000079,15,23,-8
210000080,55,107,-52
210000081,61,2,59
210000082,5,1,4
210000083,21,0,21
210000084,49,0,49
210000085,0,0,0
210000086,0,1,-1
210000099,1,9,-8
210000100,8,13,-5
210000101,2,9,-7
210000105,1,25,-24
210000159,0,2,-2
210000163,4,23,-19
210000164,314,162,152
210000168,143,18,125
210000187,0,0,0
210000188,0,0,0
210000214,46,0,46
210000219,160,64,96
210000220,232,5,227
210000232,0,1,-1
210000233,0,1,-1
210000234,1,1,0
210000235,11,4,7
210000245,0,0,0
210000246,8,1,7
210000258,0,1,-1
210000259,146,20,126
210000282,0,9,-9
210000285,0,1,-1
210000286,0,5,-5
210000290,0,2,-2
210000295,9,29,-20
210000296,7,2,5
210000320,245,14,231
210000321,141,5,136
210000338,21,5,16
210000339,23,79,-56
210000340,10,24,-14
210000341,51,29,22
210000342,73,16,57
210000343,32,47,-15
210000344,9,27,-18
210000345,11,78,-67
210000346,4,22,-18
210000347,1,18,-17
210000348,21,40,-19
210000349,7,24,-17
210000350,23,19,4
210000351,46,9,37
210000352,37,26,11
210000353,35,36,-1
210000354,29,26,3
210000355,17,61,-44
210000356,53,76,-23
210000357,20,93,-73
210000358,239,199,40
210000359,75,158,-83
210000360,184,171,13
210000361,168,67,101
210000362,285,44,241
210000363,338,133,205
210000364,111,48,63
210000365,124,7,117
210000366,246,9,237
210000367,77,7,70
210000368,94,14,80
210000369,30,28,2
210000370,151,38,113
210000372,24,12,12
210000373,4,21,-17
210000374,63,18,45
210000375,5,25,-20
210000376,10,121,-111
210000404,4,6,-2
210000439,60,8,52
210000472,28,3,25
210000482,121,70,51
210000564,225,95,130
210000567,0,89,-89
210000568,201,0,201
211000092,17,25,-8
211000094,24,0,24
211000169,305,1,304
211000172,21,74,-53
211000209,0,46,-46
211000226,8,3,5
211000270,21,27,-6
211000275,47,4,43
211000276,160,4,156
211000279,24,8,16
211000281,107,5,102
211507980,0,33,-33
211977296,2,0,2
212000003,215,41,174
212000004,1,26,-25
212000005,4,40,-36
212000006,10,69,-59
212000008,56,108,-52
212000009,32,53,-21
212000012,17,18,-1
212000013,5,11,-6
212000014,68,19,49
212000015,110,61,49
212000016,134,143,-9
212000027,516,146,370
212000028,296,144,152
212000029,207,146,61
212000030,55,20,35
212000031,31,23,8
212000048,4,101,-97
212000049,1,82,-81
212000050,2,2,0
212000051,112,37,75
212000052,72,65,7
212000053,68,94,-26
212000054,614,32,582
212000055,542,75,467
212000056,32,15,17
212000057,11,39,-28
212000058,120,31,89
212000070,53,38,15
212000077,81,104,-23
212000099,386,66,320
212000108,311,147,164
212000111,479,31,448
212000120,19,76,-57
212000138,38,21,17
212000156,8,29,-21
212000158,2,49,-47
212000159,560,53,507
212000160,521,45,476
212000161,117,1,116
212000310,13,2,11
212000311,11,33,-22
212000374,6,3,3
213000001,11,184,-173
213000005,565,24,541
213000006,471,84,387
213000007,22,10,12
213000009,66,82,-16
213000010,209,63,146
213000011,109,18,91
213000012,231,119,112
213000014,61,11,50
213000015,163,4,159
213000016,219,1,218
213000017,15,0,15
213000018,0,11,-11
213000019,0,40,-40
213000020,119,67,52
213000021,0,20,-20
213000023,317,139,178
213000033,212,510,-298
213000034,304,63,241
213000035,132,302,-170
213000045,99,129,-30
213000046,66,69,-3
213000047,94,588,-494
213000056,116,2,114
213000069,70,17,53
213000073,0,27,-27
213000074,54,140,-86
213000075,506,1,505
213000076,4,0,4
213000085,0,2,-2
213000086,0,34,-34
213000091,203,5,198
213000092,37,4,33
213000099,101,576,-475
213000100,485,124,361
213000101,626,57,569
213000102,493,108,385
213000103,239,185,54
213000104,21,162,-141
213000105,41,489,-448
213000106,22,45,-23
213000107,78,236,-158
213000108,19,162,-143
213000109,4,102,-98
213000110,21,44,-23
213000111,2,76,-74
213000112,26,227,-201
213000115,21,0,21
213000116,20,200,-180
213000117,1,149,-148
213000118,851,278,573
213000119,5,185,-180
213000120,7,88,-81
213000122,81,200,-119
213000123,30,246,-216
213000124,59,337,-278
213000125,134,50,84
213000126,19,20,-1
213000127,6,62,-56
213000128,76,292,-216
213000129,187,1016,-829
213000130,956,371,585
213000132,850,80,770
213000133,706,68,638
213000134,788,5,783
213000136,410,6,404
213000137,481,31,450
213000139,146,10,136
213000147,4,10,-6
213000148,18,23,-5
213000149,4,6,-2
213000150,0,150,-150
213000151,0,117,-117
213000152,0,109,-109
213000153,1,76,-75
213000154,28,133,-105
213000155,24,150,-126
213000156,28,387,-359
213000157,733,115,618
213000158,245,220,25
213000159,773,104,669
213000163,1889,190,1699
213000165,353,156,197
213000171,0,14,-14
213000172,0,24,-24
213000173,0,25,-25
213000174,0,14,-14
213000175,1,25,-24
213000176,96,44,52
213000177,159,7,152
213000178,293,1,292
213000179,306,1,305
213000180,372,0,372
213000184,64,149,-85
213000188,611,55,556
213000189,664,27,637
213000190,533,80,453
213000191,605,44,561
213000192,205,53,152
213000193,230,98,132
213000194,1,66,-65
213000195,19,257,-238
213000196,224,509,-285
213000197,429,390,39
213000198,1,0,1
213000200,73,287,-214
213000201,3,95,-92
213000202,9,197,-188
213000203,913,168,745
213000204,934,15,919
213000205,308,3,305
213000206,470,1,469
213000207,13,1,12
213000208,22,0,22
213000209,42,1,41
213000210,62,0,62
213000211,1,25,-24
213000212,1,41,-40
213000213,0,24,-24
213000218,285,370,-85
213000219,720,28,692
213000220,892,9,883
213000223,202,147,55
213000224,29,61,-32
213000225,61,5,56
213000226,9,9,0
213000227,1127,63,1064
213000228,537,23,514
213000229,103,7,96
213000230,356,2,354
213000232,30,773,-743
213000233,4,58,-54
213000234,0,62,-62
213000293,1,117,-116
213000294,69,7,62
213000295,1,123,-122
213000296,98,35,63
213000297,4,15,-11
213000298,0,29,-29
213000299,28,30,-2
213000300,1,12,-11
213000303,1,4,-3
213000304,0,7,-7
213000305,0,22,-22
213000306,10,25,-15
213000307,60,114,-54
213000308,11,29,-18
213000309,77,9,68
213000310,127,59,68
213000311,75,347,-272
213000315,24,47,-23
213000316,265,47,218
213000322,117,14,103
213000323,142,20,122
213000324,85,1,84
213000325,76,34,42
213000326,73,24,49
213000327,52,16,36
213000328,18,46,-28
213000329,35,2,33
213000340,24,312,-288
213000341,1002,27,975
213000346,61,222,-161
213000347,129,280,-151
213000348,1,40,-39
213000349,1,5,-4
213000350,142,257,-115
213000366,44,119,-75
213000367,279,5,274
213000379,28,61,-33
213000386,15,102,-87
213000406,66,192,-126
213000417,1162,285,877
213000425,284,14,270
213000426,179,27,152
213000427,78,47,31
213000428,39,12,27
213000429,2,7,-5
213000430,29,98,-69
213000431,12,4,8
213000432,1,262,-261
213000433,36,22,14
213000434,109,30,79
213000435,49,16,33
213000436,53,25,28
213000437,0,6,-6
213000438,136,12,124
213000439,54,6,48
213000440,0,129,-129
213000441,0,0,0
213000442,1,9,-8
213000443,298,326,-28
213000444,21,6,15
213000445,0,82,-82
213000446,1,259,-258
213000447,1,54,-53
213000448,6,72,-66
213000449,841,7,834
213000450,24,11,13
213000451,235,35,200
213000452,0,4,-4
213000453,0,17,-17
213000455,61,2,59
213000456,1,118,-117
213000481,5,1,4
213000482,38,1,37
213000489,82,38,44
213000491,3,226,-223
213000492,74,37,37
213000493,1,207,-206
213000494,299,38,261
213000495,0,9,-9
213000496,367,105,262
213000497,20,325,-305
213000498,61,226,-165
213000499,75,187,-112
213000500,599,37,562
213000501,150,8,142
213000502,82,48,34
213000503,0,56,-56
213000504,10,78,-68
213000505,29,2,27
213000506,0,0,0
213000507,4,44,-40
213900244,85,0,85
213900245,0,6,-6
218000003,73,7,66
218000004,15,3,12
218000005,6,30,-24
218000006,41,45,-4
218000007,3,11,-8
218000012,40,124,-84
218000013,53,77,-24
218000014,48,52,-4
218000019,268,131,137
218000020,182,166,16
218000021,15,24,-9
218000022,3,6,-3
218000023,1,6,-5
218000024,3,4,-1
218000025,10,6,4
218000026,15,11,4
218000027,27,7,20
218000028,4,1,3
218000029,11,1,10
218000030,9,2,7
218000031,4,2,2
218000032,1,4,-3
218000040,5,0,5
218000046,95,96,-1
218000047,3,56,-53
218000048,147,69,78
218000049,41,78,-37
218000050,223,90,133
218000051,74,108,-34
218000052,0,32,-32
218000053,0,1,-1
218000054,7,9,-2
218000055,3,6,-3
218000056,6,21,-15
218000057,0,21,-21
218000064,0,1,-1
218000065,29,4,25
218000066,9,26,-17
218000067,93,41,52
218000068,93,49,44
218000069,379,42,337
218000070,246,117,129
218000071,209,111,98
218000072,95,83,12
218000078,503,257,246
218000079,276,8,268
218000080,124,8,116
218000081,542,50,492
218000082,185,24,161
218000083,19,1,18
218000084,47,37,10
218000085,29,22,7
218000086,2,16,-14
218000087,34,10,24
218000090,29,167,-138
218000091,958,239,719
218000092,102,85,17
218000093,72,11,61
218000094,308,121,187
218000099,89,85,4
218000100,102,43,59
218000101,74,31,43
218000102,161,34,127
218000103,31,42,-11
218000104,35,9,26
218000105,27,4,23
218000106,60,7,53
218000107,97,17,80
218000108,0,30,-30
218000112,15,5,10
218000117,56,48,8
218000134,299,149,150
218000135,11,84,-73
218000136,120,84,36
218000137,122,60,62
218000138,14,41,-27
218000139,83,123,-40
218000140,338,110,228
218000141,35,39,-4
218000142,89,66,23
218000143,28,122,-94
218000144,11,99,-88
218000145,390,130,260
218000146,88,29,59
218000151,1,33,-32
218000152,37,38,-1
218000153,2,11,-9
218000154,8,0,8
218000155,45,0,45
218000156,78,2,76
218000157,28,0,28
218000158,5,0,5
218000159,9,3,6
218000160,0,3,-3
218000161,37,1,36
218000162,62,2,60
218000163,24,1,23
218000164,91,1,90
218000165,146,11,135
218000170,0,34,-34
218000171,37,4,33
218000172,1,1,0
218000173,19,3,16
218000174,13,3,10
218000176,185,12,173
218000177,304,42,262
218000178,93,20,73
218000179,106,51,55
218000180,54,4,50
218000181,243,21,222
218000187,16,4,12
218000188,4,5,-1
218000189,0,17,-17
218000190,32,3,29
218000191,28,2,26
218000192,72,29,43
218000193,67,47,20
218000194,29,32,-3
218000195,152,29,123
218000196,284,56,228
218000197,710,79,631
218000198,46,15,31
218000199,24,6,18
218000200,12,6,6
218000201,1,0,1
218000202,8,148,-140
218000207,24,5,19
218000208,22,53,-31
218000211,30,28,2
218000212,0,1,-1
218000213,118,130,-12
218000214,5,66,-61
218000215,96,50,46
218000217,2,46,-44
218000218,345,92,253
218000219,0,38,-38
218000220,48,301,-253
218000221,459,237,222
218000222,3,25,-22
218000223,25,151,-126
218000224,5,139,-134
218000225,91,13,78
218000226,285,25,260
218000230,0,8,-8
218000232,35,38,-3
218000239,59,6,53
218000240,3,2,1
218000241,3,1,2
218000242,0,1,-1
218000243,5,1,4
218000244,2,0,2
218000245,2,1,1
218000246,0,3,-3
218000247,0,0,0
218000248,0,13,-13
218000249,0,2,-2
218000250,0,3,-3
218000251,0,5,-5
218000252,1,5,-4
218000253,0,1,-1
218000254,0,0,0
218000255,1,5,-4
218000256,3,72,-69
218000267,334,383,-49
218000268,1,13,-12
218000269,0,3,-3
218000270,30,7,23
218000271,4,17,-13
218000273,80,1,79
218000274,7,1,6
218000275,94,79,15
218000276,17,30,-13
218000278,2,39,-37
218000279,48,19,29
218000280,0,8,-8
218000281,2,4,-2
218000282,294,410,-116
218000284,11,3,8
218000301,7,65,-58
218000302,17,13,4
218000303,2,43,-41
218000316,1123,398,725
218000317,1966,205,1761
218000318,1161,169,992
218000319,504,285,219
218000320,276,109,167
218000338,17,10,7
218000345,105,25,80
218000346,31,48,-17
218000459,37,125,-88
218000490,1,16,-15
218000501,47,13,34
218000502,33,13,20
218000503,108,5,103
218000504,49,4,45
218000505,25,38,-13
218000506,7,83,-76
218000508,0,1,-1
218000510,47,13,34
218000520,116,68,48
218000521,0,5,-5
218000522,7,195,-188
218000523,44,0,44
218000524,1,136,-135
218000525,21,3,18
218000526,0,75,-75
218000529,11,23,-12
218000530,21,1,20
218000531,3,6,-3
218000532,72,11,61
218000534,376,2,374
218000537,2,57,-55
218000538,43,112,-69
218000540,32,38,-6
218000543,153,7,146
218000544,7,32,-25
218000545,205,47,158
218000546,4,9,-5
218000547,91,121,-30
218000548,89,71,18
218000549,613,53,560
218000550,45,156,-111
218000551,32,81,-49
218000552,268,55,213
218000553,27,40,-13
218000554,15,10,5
218000555,9,26,-17
218000556,109,38,71
218000557,520,76,444
218000558,8,1,7
218000559,0,25,-25
218000560,0,6,-6
218000561,1,0,1
218000562,0,41,-41
218000563,56,8,48
218000564,1,58,-57
218000565,66,14,52
218000566,68,8,60
218000567,0,55,-55
218000568,1,0,1
218000569,0,93,-93
218000570,35,4,31
218000571,0,52,-52
218000572,16,6,10
218000573,0,122,-122
218000574,24,21,3
218000575,58,0,58
218000576,0,50,-50
218000577,51,1,50
218000578,0,19,-19
218000579,4,9,-5
218000581,2,4,-2
218000582,91,3,88
218000583,11,0,11
218000584,0,21,-21
218000585,5,0,5
218000586,3,25,-22
218000587,0,0,0
218000588,0,8,-8
218000589,1,11,-10
218000590,1,0,1
218000591,0,43,-43
218000592,0,7,-7
218000593,1,75,-74
218000594,0,11,-11
218000597,0,6,-6
218000598,0,6,-6
218000599,0,34,-34
218000600,0,12,-12
218000601,0,30,-30
218000602,1,1,0
218000603,0,1,-1
218000604,31,0,31
218000605,0,141,-141
218000606,119,3,116
218000607,2,46,-44
218000608,27,4,23
218000609,0,15,-15
218000610,68,0,68
218000611,1,0,1
218000612,1,26,-25
218000613,30,0,30
218000614,24,11,13
218000615,134,0,134
218000616,7,140,-133
218000617,9,0,9
218000618,1,15,-14
218000619,27,4,23
218000620,0,28,-28
218000621,0,5,-5
218000622,0,69,-69
218000623,2,0,2
218000624,0,70,-70
218000625,7,0,7
218000626,2,31,-29
218000628,162,75,87
218000631,81,15,66
218000632,0,71,-71
218000633,23,4,19
218000634,1,3,-2
218000635,13,1,12
218000636,275,163,112
218000637,919,73,846
218000638,297,3,294
218000639,23,28,-5
218000640,482,1,481
218000641,127,63,64
218000652,40,22,18
218000653,194,17,177
218000663,3,25,-22
218000675,9,41,-32
218000676,3,8,-5
218000677,29,1,28
218000680,124,101,23
218000681,677,20,657
218000691,138,111,27
218000693,638,25,613
218000703,8,2,6
218000718,4,44,-40
218000719,13,102,-89
218000720,3,82,-79
218000721,4,6,-2
218000725,2,0,2
218001147,0,13,-13
218001214,50,67,-17
218001258,187,4,183
218001329,42,131,-89
218001330,35,111,-76
218001351,9,1,8
218001352,1,5,-4
218001353,1,1,0
218001354,0,22,-22
218001355,1,19,-18
218001356,781,34,747
218001357,0,27,-27
218001358,593,3,590
218001361,706,25,681
218001362,0,4,-4
219000001,0,0,0
219000002,0,0,0
219000003,14,14,0
219000004,17,60,-43
219000017,14,13,1
219000020,153,17,136
219000022,115,0,115
219000023,42,1,41
219000029,0,0,0
219000034,34,25,9
219000039,0,5,-5
219000040,19,21,-2
219000041,81,28,53
219000051,0,0,0
219000052,0,1,-1
219000053,0,2,-2
219000054,0,0,0
219000055,337,0,337
219000056,2,0,2
219000057,26,0,26
219000062,9,25,-16
219000063,254,3,251
219000064,0,12,-12
219000110,186,163,23
219000111,74,47,27
219000112,139,8,131
219000113,156,15,141
219000114,107,11,96
219000116,68,39,29
219000117,80,12,68
219000118,20,10,10
219000123,73,1,72
219000124,5,0,5
219000125,0,0,0
219000126,0,1,-1
219000127,0,0,0
219000128,2,6,-4
219000129,2,6,-4
219000130,55,56,-1
219000131,519,635,-116
219000133,20,44,-24
219000134,10,24,-14
219000135,1,7,-6
219000136,21,88,-67
219000138,79,3,76
219000139,19,2,17
219000140,84,0,84
219000141,68,1,67
219000142,2,0,2
219000143,8,3,5
219000145,3,8,-5
219000146,0,0,0
219000147,0,0,0
219000148,0,0,0
219000149,0,0,0
219000150,0,0,0
219000151,0,0,0
219000157,215,51,164
219000158,149,27,122
219000161,163,5,158
219000163,504,156,348
219000166,49,63,-14
219000167,47,58,-11
219000168,177,15,162
219000174,533,65,468
219000175,102,2,100
219000176,194,10,184
219000177,72,6,66
219000178,109,0,109
219000179,65,50,15
219000180,31,0,31
219000182,81,3,78
219000183,46,1,45
219000184,41,0,41
219000185,0,0,0
219000186,34,7,27
219000187,38,14,24
219000189,2,1,1
219000190,1,6,-5
219000191,22,117,-95
219000192,203,177,26
219000193,29,6,23
219000195,0,0,0
219000196,0,2,-2
219000198,0,0,0
219000199,0,0,0
219000200,4,1,3
219000201,1,2,-1
219000203,1,0,1
219000204,0,14,-14
219000205,4,26,-22
219000207,10,28,-18
219000209,0,1,-1
219000210,0,3,-3
219000213,3,36,-33
219000239,37,85,-48
219000240,42,168,-126
219000241,43,37,6
219000242,5,51,-46
219000243,90,325,-235
219000244,2,169,-167
219000245,12,94,-82
219000246,10,11,-1
219000247,245,28,217
219000248,296,357,-61
219000249,153,138,15
219000250,170,89,81
219000251,371,60,311
219000252,213,55,158
219000253,109,3,106
219000255,133,154,-21
219000256,375,21,354
219000257,94,0,94
219000262,22,6,16
219000263,27,9,18
219000267,0,1,-1
219000268,0,0,0
219000269,0,0,0
219000270,3,0,3
219000271,119,0,119
219000278,0,0,0
219000279,0,0,0
219000283,0,1,-1
219000295,0,11,-11
219000296,1,26,-25
219000297,0,2,-2
219000298,0,2,-2
219000299,210,26,184
219000300,5,9,-4
219000301,1,26,-25
219000302,1,12,-11
219000307,0,0,0
219000308,56,35,21
219000311,90,22,68
219000312,244,68,176
219000313,249,65,184
219000314,5,12,-7
219000315,228,7,221
219000316,455,30,425
219000317,116,21,95
219000320,0,0,0
219000321,0,0,0
219000323,0,0,0
219000325,0,0,0
219000326,2,10,-8
219000327,0,0,0
219000328,0,0,0
219000329,185,85,100
219000330,8,5,3
219000331,31,3,28
219000332,133,19,114
219000333,27,16,11
219000335,76,0,76
219000337,3,0,3
219000338,10,0,10
219000344,0,0,0
219000345,0,0,0
219000346,0,0,0
219000348,2,4,-2
219000349,0,23,-23
219000350,0,3,-3
219000351,0,0,0
219000352,29,94,-65
219000353,98,41,57
219000354,609,46,563
219000355,110,10,100
219000356,267,542,-275
219000363,137,26,111
219000364,119,7,112
219000365,99,11,88
219000366,123,503,-380
219000368,143,274,-131
219000370,372,354,18
219000371,0,0,0
219000382,5,3,2
219000383,40,187,-147
219000385,41,146,-105
219000386,55,386,-331
219000387,0,4,-4
219000390,2,0,2
219000391,0,0,0
219000397,0,0,0
219000398,35,40,-5
219000401,7,22,-15
219000402,9,24,-15
219000403,12,42,-30
219000404,2,14,-12
219000407,5,7,-2
219000409,33,9,24
219000410,55,0,55
219000411,82,2,80
219000446,12,38,-26
219000447,0,0,0
219000448,2,14,-12
219000452,45,83,-38
219000453,6,82,-76
219000454,154,246,-92
219000556,466,18,448
219000558,26,64,-38
219000590,2,146,-144
219000591,180,28,152
219000592,1,25,-24
219000595,0,0,0
219000635,28,28,0
219000636,0,1,-1
219000657,6,0,6
219000658,1,3,-2
219000673,0,0,0
219000676,21,3,18
219000679,5,0,5
219000684,119,1,118
219000685,0,11,-11
219000686,0,0,0
219000688,0,1,-1
219000689,4,58,-54
219000690,96,14,82
219000691,7,9,-2
219000692,75,3,72
219000693,0,0,0
219000694,14,0,14
219000695,98,1,97
219000698,3,0,3
219000699,0,0,0
219000727,0,2,-2
219000728,78,0,78
219000770,1,2,-1
219000771,0,0,0
219000788,45,269,-224
219001150,2,92,-90
219001151,0,0,0
219001166,1,17,-16
219001167,0,9,-9
219001178,60,0,60
220000001,1,64,-63
220000002,0,45,-45
220000003,24,38,-14
220000004,89,79,10
220000005,142,281,-139
220000006,48,153,-105
220000007,126,74,52
220000008,65,160,-95
220000009,23,66,-43
220000010,11,39,-28
220000011,126,2184,-2058
220000012,5,295,-290
220000014,83,28,55
220000015,38,296,-258
220000017,20,109,-89
220000018,3662,671,2991
220000019,85,307,-222
220000020,328,130,198
220000021,674,123,551
220000022,894,108,786
220000023,152,125,27
220000024,431,381,50
220000025,458,1218,-760
220000026,207,591,-384
220000027,4,143,-139
220000028,16,323,-307
220000029,6,20,-14
220000030,1,45,-44
220000031,582,295,287
220000064,22,385,-363
221000046,2,0,2
221000047,0,0,0
221000048,0,3,-3
221000049,0,3,-3
221000050,12,0,12
221000055,6,42,-36
221000057,119,2,117
221000068,206,72,134
221000069,271,17,254
221000070,161,5,156
221000071,86,1,85
221000072,229,8,221
221000073,179,8,171
221000074,0,1,-1
221000075,1,27,-26
221000076,0,10,-10
221000077,4,3,1
221000081,2,1,1
221000082,48,2,46
221000083,2,2,0
221000084,5,4,1
221000085,6,76,-70
221000086,1,115,-114
221000087,2,54,-52
221000088,3,62,-59
221000089,11,77,-66
221000090,8,119,-111
221000098,122,13,109
221000099,151,9,142
221000100,120,1,119
221000101,111,6,105
221000102,105,4,101
221000109,2,13,-11
221000110,0,23,-23
221000111,2,16,-14
221000112,0,16,-16
221000113,1,35,-34
221000114,1,45,-44
221000120,11,58,-47
221000121,1,24,-23
221000122,9,42,-33
221000123,2,35,-33
221000124,14,165,-151
221000155,25,11,14
221000156,100,22,78
221000175,20,8,12
221000176,5,24,-19
221000182,81,1,80
221000241,284,242,42
221000242,27,115,-88
221000243,219,117,102
221000244,32,278,-246
221000245,45,18,27
221000246,5,200,-195
221000247,119,32,87
221000248,62,114,-52
221000267,37,213,-176
221000325,40,44,-4
221000331,0,51,-51
221000338,1,34,-33
221000378,337,12,325
221000381,17,21,-4
222000282,1,1,0
222000296,0,24,-24
222000568,226,28,198
222000569,58,22,36
222000570,174,7,167
222000571,356,2,354
222000577,1,37,-36
222000578,1,48,-47
222000579,39,61,-22
222000580,14,594,-580
222000599,0,50,-50
222000600,0,37,-37
222000601,1,139,-138
222000603,5,12,-7
222000604,0,32,-32
222000605,0,25,-25
222000606,0,1,-1
222000607,1,2,-1
222000608,2,2,0
222000609,35,24,11
222000616,613,17,596
222000617,2,3,-1
222000618,0,0,0
222000620,22,3,19
222000621,18,13,5
222000623,372,15,357
222000624,299,5,294
222000625,834,16,818
222000636,15,0,15
222000686,8,20,-12
222000687,8,6,2
222001066,384,1,383
222001067,88,0,88
222001068,273,3,270
222001069,188,30,158
222001082,20,27,-7
222001083,77,4,73
222001084,0,35,-35
222001085,8,185,-177
222001111,85,21,64
222001112,352,25,327
222001313,4,1,3
222001314,0,26,-26
222001464,190,14,176
222001465,24,42,-18
222001484,217,23,194
222001485,7,12,-5
222001494,704,133,571
222001495,21,52,-31
222001496,409,56,353
222001497,37,124,-87
222001502,0,8,-8
222001503,166,9,157
222001504,6,28,-22
222001505,399,19,380
222001506,1,9,-8
222001507,157,13,144
222001510,668,18,650
222001511,4,57,-53
222001514,704,5,699
222001515,21,83,-62
222001518,572,22,550
222001519,3,59,-56
222001527,132,22,110
222001528,0,21,-21
222001529,527,8,519
222001530,24,65,-41
222001533,8,32,-24
222001534,585,11,574
222001535,303,80,223
222001536,7,118,-111
222001537,357,14,343
222001538,5,66,-61
222001563,893,26,867
222001564,7,94,-87
222001568,111,20,91
222001576,0,1,-1
222001579,0,23,-23
222001583,2,39,-37
222001584,209,22,187
222001596,103,248,-145
222001597,1104,95,1009
222001626,0,43,-43
222001650,3,15,-12
222001651,13,101,-88
222001914,245,9,236
222001915,0,35,-35
222001968,443,63,380
222001969,85,212,-127
222001970,35,138,-103
222001971,76,1,75
222001972,13,2,11
225000001,360,74,286
225000002,434,60,374
225000003,794,40,754
225000004,503,42,461
225000005,41,27,14
225000006,0,1,-1
225000007,115,376,-261
225000010,179,32,147
225000011,99,938,-839
225000012,190,624,-434
225000013,43,50,-7
225000014,461,42,419
225000015,47,41,6
225000021,415,51,364
225000027,65,70,-5
225000032,484,53,431
225000042,32,87,-55
225000049,12,7,5
225000050,71,25,46
225000053,0,0,0
225000058,294,80,214
225000067,21,15,6
225000068,14,8,6
225000069,1,36,-35
225000070,7,48,-41
225000071,1,55,-54
225000075,28,209,-181
225000076,0,0,0
225000078,23,23,0
225000085,98,22,76
225000086,261,27,234
225000087,78,8,70
225000088,2,15,-13
225000089,0,0,0
225000090,0,0,0
225000091,0,0,0
225000092,4,25,-21
225000093,40,23,17
225000094,0,13,-13
225000095,25,16,9
225000096,9,23,-14
225000098,666,35,631
225000099,434,17,417
225000100,521,64,457
225000104,35,102,-67
225000110,1,23,-22
225000111,170,88,82
225000112,218,188,30
225000113,36,231,-195
225000114,11,149,-138
225000115,461,278,183
225000116,139,52,87
225000117,395,220,175
225000118,662,155,507
225000119,253,45,208
225000120,417,22,395
225000121,86,11,75
225000123,530,8,522
225000125,454,93,361
225000126,334,132,202
225000127,282,1573,-1291
225000128,320,1089,-769
225000132,502,19,483
225000133,154,14,140
225000134,382,58,324
225000135,78,12,66
225000136,393,9,384
225000137,292,26,266
225000138,349,67,282
225000143,0,1,-1
225000144,0,1,-1
225000145,60,21,39
225000146,0,0,0
225000147,0,0,0
225000148,0,0,0
225000149,0,0,0
225000151,0,0,0
225000155,2,17,-15
225000156,28,324,-296
225000157,103,96,7
225000158,4,25,-21
225000171,5,36,-31
225000180,23,8,15
225000181,0,2,-2
225000182,24,2,22
225000185,0,69,-69
225000187,9,42,-33
225000191,12,0,12
225000194,0,3,-3
225000208,0,3,-3
225000209,81,13,68
225000210,0,0,0
225000217,0,2,-2
225000218,19,0,19
225000223,1,136,-135
225000224,6,0,6
225000225,0,54,-54
225000226,28,3,25
225000227,8,34,-26
225000228,4,11,-7
225000229,0,14,-14
225000230,0,0,0
225000231,0,4,-4
225000232,91,0,91
225000241,47,0,47
225000242,0,3,-3
225000249,9,0,9
225000250,0,0,0
225000251,379,29,350
225000254,1,68,-67
225000256,1,173,-172
225000257,1,77,-76
226000042,11,15,-4
226000043,1,26,-25
226000044,10,64,-54
226000045,6,56,-50
226000046,782,38,744
226000047,393,32,361
226000048,409,112,297
226000049,231,155,76
226000070,0,0,0
226000071,0,0,0
226000072,0,0,0
226000073,0,0,0
226000074,0,0,0
226000084,0,0,0
226000085,0,0,0
226000086,0,0,0
226000087,0,0,0
226000088,0,1,-1
226000090,15,51,-36
226000091,2,23,-21
226000092,11,14,-3
226000093,6,32,-26
226000094,9,2,7
226000095,12,12,0
226000105,7,1,6
226000106,2,0,2
226000107,34,0,34
226000108,12,0,12
226000109,152,0,152
226000124,214,61,153
226000134,1020,211,809
226000135,1834,225,1609
226000136,729,119,610
226000137,0,3,-3
226000138,0,1,-1
226000139,0,0,0
226000156,246,4,242
226000157,244,1,243
226000163,0,1,-1
226000202,0,1,-1
226000231,488,6,482
226000232,57,8,49
227000033,385,10,375
227000036,683,13,670
227000037,544,7,537
227000038,151,8,143
227000084,0,0,0
227000085,0,0,0
227000088,56,0,56
227000089,62,0,62
227000090,64,0,64
227000091,79,0,79
227000092,10,0,10
227000093,56,0,56
227000094,13,0,13
227000130,0,0,0
227000131,0,0,0
227000132,0,0,0
227000133,0,1,-1
227000134,0,0,0
227000152,0,0,0
227000153,0,0,0
227000154,0,0,0
227000155,0,0,0
227000156,0,0,0
227000165,0,0,0
227000196,687,64,623
227000199,620,38,582
227000230,0,67,-67
227000232,841,75,766
227000242,1,0,1
227000243,378,30,348
227000245,0,13,-13
227000246,2,14,-12
227000247,631,8,623
227000248,141,82,59
227000249,4,12,-8
227000250,235,229,6
227000251,6,71,-65
227000252,3,8,-5
227000253,310,46,264
227000262,675,12,663
227000266,1701,25,1676
227000267,3,174,-171
227000282,0,0,0
227000284,721,22,699
227000286,0,0,0
227000287,0,0,0
227000291,0,0,0
227000296,133,145,-12
227000484,220,5,215
227000485,0,3,-3
227000655,386,10,376
227000656,730,12,718
227000657,252,4,248
227000661,507,12,495
227000680,56,131,-75
229000265,45,18,27
229000296,0,11,-11
229000297,0,10,-10
229000298,2,112,-110
229000320,13,1,12
229000321,9,0,9
229000412,8,26,-18
229000414,11,22,-11
229000415,6,0,6
229000416,4,0,4
229000417,2,1,1
229000419,86,90,-4
229000440,232,27,205
229000442,5,3,2
229000443,13,0,13
229000444,0,22,-22
229000445,26,0,26
229000446,42,12,30
229000491,1,2,-1
229000492,0,5,-5
229000493,0,6,-6
229000494,63,2,61
229000495,104,1,103
229000496,156,0,156
229000507,0,2,-2
229000508,0,0,0
229000509,0,0,0
229000510,0,0,0
229000511,0,1,-1
229000512,0,1,-1
229000513,0,0,0
229000514,0,0,0
229000517,0,0,0
229000518,2,7,-5
229000519,0,5,-5
229000520,4,18,-14
229000521,80,9,71
229000522,5,1,4
229000523,7,0,7
229000524,6,0,6
229000527,0,0,0
229000528,0,2,-2
229000529,14,0,14
229000530,88,0,88
229000531,30,0,30
229000532,2,0,2
229000533,78,0,78
229000534,19,0,19
229000564,77,0,77
229000565,35,0,35
229000566,0,0,0
229000567,0,0,0
229000582,56,1,55
229000583,18,0,18
229000584,0,0,0
229000585,0,1,-1
229000718,0,1,-1
229000719,0,0,0
229000720,0,0,0
229000721,0,0,0
229000722,0,0,0
229000723,0,0,0
229000724,0,0,0
229000725,0,0,0
229000738,2,0,2
229000739,4,0,4
229000740,2,0,2
229000741,36,0,36
229000742,2,0,2
229000743,43,0,43
229000744,0,0,0
229000745,0,0,0
229000746,17,0,17
229000847,119,0,119
229000848,145,0,145
229000849,186,7,179
229000851,263,0,263
229000854,0,0,0
229000856,0,0,0
229000857,0,0,0
229000858,0,0,0
229000919,0,0,0
229000930,0,0,0
229000937,69,12,57
229000966,17,26,-9
229000981,0,0,0
229000985,0,2,-2
229000986,0,0,0
229000987,0,0,0
229000988,2,9,-7
229000989,3,0,3
229000990,0,13,-13
229000991,0,3,-3
229000992,24,0,24
229000993,105,18,87
229000998,12,53,-41
229000999,53,2,51
229001034,0,18,-18
229001035,19,1,18
229001037,18,0,18
229001042,8,2,6
229001047,0,23,-23
229001050,38,10,28
229001168,0,0,0
229001200,48,1,47
229001338,0,3,-3
229001394,180,2,178
229001422,148,8,140
229001423,0,0,0
229001431,13,34,-21
229001432,0,0,0
229001444,126,2,124
229001445,66,26,40
229001479,63,0,63
229001503,184,28,156
229001504,0,0,0
229001505,99,5,94
229001506,0,0,0
229001509,23,8,15
229001545,59,8,51
229001546,0,0,0
229001553,40,4,36
229001554,0,0,0
229001559,1,4,-3
229001560,2,17,-15
229001630,109,0,109
229001631,16,13,3
229001635,0,13,-13
229001636,0,0,0
229001658,0,0,0
229001659,35,7,28
229001660,0,1,-1
229001661,0,6,-6
229001662,32,0,32
229001663,0,0,0
229002584,213,67,146
229002831,124,49,75
229002841,0,13,-13
229002842,5,10,-5
229002843,54,25,29
229002844,7,47,-40
229002845,7,42,-35
229002846,1,1,0
229002847,0,3,-3
229002848,4,15,-11
229002849,0,51,-51
229002850,3,2,1
229002851,4,120,-116
229002852,34,7,27
229002853,18,2,16
229002854,1,9,-8
229002855,0,6,-6
229002856,32,3,29
229002857,31,35,-4
229002858,41,3,38
229002859,5,4,1
229002860,33,26,7
229002861,16,56,-40
229002862,0,1,-1
229002863,0,10,-10
229002864,47,26,21
229002865,1,24,-23
229002866,13,20,-7
229002867,0,15,-15
229002868,2,0,2
229002869,0,28,-28
229002870,33,0,33
235000066,117,9,108
235000067,55,21,34
235000072,0,0,0
235000073,0,0,0
235000074,0,0,0
235000080,0,0,0
235000081,0,0,0
235000082,270,10,260
235000083,173,28,145
235000084,21,28,-7
235000085,248,52,196
235000089,24,5,19
235000092,0,0,0
235000093,0,0,0
235000097,0,0,0
235000098,55,3,52
235000099,5,1,4
235000116,1,16,-15
235000117,316,14,302
235000133,0,0,0
235000134,0,0,0
235000206,1,3,-2
235000207,0,1,-1
235000208,0,0,0
235000209,3,0,3
235000210,14,0,14
235000212,0,0,0
235000213,0,0,0
235000220,0,0,0
235000221,0,0,0
235000238,2,292,-290
235000239,1,23,-22
235000242,173,959,-786
235000245,0,0,0
235000246,0,0,0
235000284,18,36,-18
235000295,31,0,31
235000305,157,2,155
235000306,356,1,355
235000307,11,2,9
235000308,9,0,9
235000309,28,0,28
235000310,28,0,28
235000311,6,22,-16
235000322,0,4,-4
235000323,0,37,-37
235000324,0,12,-12
235000325,0,12,-12
235000326,7,61,-54
235000351,21,30,-9
235000352,6,32,-26
235000353,10,7,3
235000354,0,5,-5
235000355,3,68,-65
235000356,32,1,31
235000357,30,1,29
235000358,15,0,15
235000359,2,3,-1
235000360,36,0,36
235000361,21,2,19
235000381,0,0,0
235000382,209,19,190
235000390,0,0,0
235000391,151,10,141
235000392,131,64,67
235000393,165,79,86
235000395,133,6,127
235000396,575,7,568
235000400,27,11,16
235000401,0,0,0
235000405,0,0,0
235000406,0,0,0
235000407,0,0,0
235000409,0,0,0
235000410,0,0,0
235000411,0,0,0
235000485,0,0,0
235000486,18,0,18
235000549,80,94,-14
235000550,0,0,0
235000599,0,0,0
235000600,0,0,0
235000601,34,11,23
235000602,107,10,97
235000614,0,0,0
235000648,0,0,0
235000649,19,17,2
235000685,0,0,0
235000815,21,5,16
235000834,0,2,-2
235000855,11,34,-23
235000862,0,0,0
235000891,0,0,0
235000892,1,0,1
235000901,0,0,0
235000907,0,0,0
235001010,28,39,-11
235001029,0,0,0
235001030,203,32,171
235001078,133,39,94
235001079,0,0,0
235001147,4,10,-6
235001166,2,10,-8
235001167,0,0,0
235001169,6,69,-63
235001188,0,0,0
235001189,0,1,-1
235001197,0,0,0
235001200,0,0,0
235001207,165,28,137
235001210,0,0,0
235001215,0,0,0
235001239,0,0,0
235001244,0,0,0
235016267,0,45,-45
277101746,0,0,0
277102712,3,0,3
277103813,0,0,0
277103814,0,0,0
277103898,0,0,0
277104249,0,1,-1
277104250,0,1,-1
277104251,0,2,-2
277104252,0,0,0
990011530,0,57,-57
990014944,0,45,-45
990015176,18,17,1
990015618,0,48,-48
990016032,1,59,-58
990032570,6,28,-22
990070001,50,2,48
990070103,0,0,0
990070601,0,18,-18
990070751,1532,98,1434
990070766,0,64,-64
990071180,315,29,286
990071343,3,0,3
990071387,0,0,0
990071823,336,7,329
990072600,2,529,-527
990072964,0,144,-144
990073285,0,0,0
990074393,0,228,-228
990074870,1306,74,1232
990075106,223,13,210
990075746,580,6,574
990076437,2462,9,2453
990076458,0,288,-288
997000007,155,2,153
997000041,0,268,-268
997000058,90,20,70
997000062,73,7,66
997000069,0,0,0
997000070,0,11,-11
997000100,36,0,36
997000141,1,134,-133
997000198,2,172,-170
998000475,0,0,0
998000736,0,31,-31
998000965,0,40,-40
998001031,0,25,-25
998001700,0,10,-10
998001899,0,1,-1
998001900,19,12,7
998003073,1607,18,1589
998101900,0,0,0
998102850,1,69,-68
998501927,162,67,95
998501929,123,8,115
998501930,67,0,67
998501931,73,7,66
998501932,1,1,0
998501933,33,2,31
998501937,12,1,11
998501944,1,0,1
998501950,0,3,-3
998501970,70,6,64
998501971,0,2,-2
998501973,0,5,-5
998501974,2,86,-84
998501975,122,9,113
998501976,75,13,62
998501977,0,45,-45
998501978,5,1,4
998501979,0,1,-1
998501980,82,0,82
998501981,38,1,37
998501982,0,70,-70
998501983,0,31,-31
998502006,0,0,0
998502024,0,1,-1
998502032,0,0,0
998502062,4,0,4
998502063,0,0,0
998502173,1,0,1
998502269,0,0,0
998502546,0,78,-78
998502578,0,0,0
998601159,0,17,-17
998601292,0,11,-11
999033574,0,277,-277
999800001,92,64,28
999800002,0,3,-3
999800003,13,7,6
999800004,0,4,-4
999800005,0,0,0
