ID,insum,outsum,diff
100000001,101,174,-73
100000002,41,68,-27
100000003,243,224,19
100000004,54,36,18
100000005,112,268,-156
100000006,0,3,-3
100000007,4,1,3
100000008,1,35,-34
100000009,0,0,0
100000010,0,0,0
100000011,0,0,0
100000012,2,60,-58
100000013,3,14,-11
100000014,21,22,-1
100000015,4,2,2
100000016,21,72,-51
100000017,19,48,-29
100000018,90,41,49
100000019,420,164,256
100000020,17,12,5
100000021,274,88,186
100000022,39,18,21
100000023,201,37,164
100000025,394,57,337
100000028,206,162,44
100000029,18,45,-27
100000030,0,0,0
100000031,231,184,47
100000032,290,180,110
100000033,70,205,-135
100000034,276,342,-66
100000035,66,33,33
100000036,125,95,30
100000037,1,0,1
100000038,3,1,2
100000039,7,2,5
100000040,0,0,0
100000041,0,0,0
100000042,0,0,0
100000043,0,0,0
100000044,15,62,-47
100000045,50,94,-44
100000046,22,108,-86
100000047,13,115,-102
100000048,41,114,-73
100000049,151,356,-205
100000051,42,136,-94
100000053,0,1,-1
100000054,8,0,8
100000055,83,38,45
100000056,0,0,0
100000057,5,0,5
100000058,69,159,-90
100000059,0,3,-3
100000060,16,30,-14
100000061,44,30,14
100000062,68,57,11
100000063,23,32,-9
100000064,37,41,-4
100000065,47,126,-79
100000066,25,101,-76
100000067,32,73,-41
100000068,35,99,-64
100000069,41,144,-103
100000072,39,37,2
100000073,122,305,-183
100000075,69,55,14
100000076,43,113,-70
100000077,0,0,0
100000078,0,0,0
100000079,0,0,0
100000080,0,0,0
100000081,0,0,0
100000102,32,70,-38
100000103,234,78,156
100000104,215,71,144
100000105,282,52,230
100000106,37,30,7
100000107,13,19,-6
100000108,142,255,-113
100000109,584,385,199
100000116,193,95,98
100000117,0,0,0
100000118,467,1100,-633
100000119,43,330,-287
100000121,0,0,0
100000122,35,122,-87
100000123,381,439,-58
100000124,1372,730,642
100000125,139,8,131
100000126,25,9,16
100000127,35,8,27
100000128,58,97,-39
100000129,13,76,-63
100000130,0,0,0
100000131,541,380,161
100000132,103,76,27
100000133,1927,964,963
100000135,1,0,1
100000139,7,125,-118
100000140,36,88,-52
100000142,0,0,0
100000143,152,296,-144
100000144,432,183,249
100000147,53,113,-60
100000150,0,39,-39
100000151,0,0,0
100000153,0,0,0
100000154,0,3,-3
100000155,0,0,0
100000156,0,0,0
100000157,0,0,0
100000158,0,0,0
100000159,23,24,-1
100000165,187,83,104
100000169,0,0,0
100000174,9,34,-25
100000179,0,0,0
100000180,0,2,-2
100000181,5,15,-10
100000188,0,1,-1
100000189,0,0,0
100000190,170,52,118
100000191,32,28,4
100000192,0,0,0
100000193,0,0,0
100000330,87,44,43
100000355,11,67,-56
100000362,483,508,-25
100000363,68,105,-37
100000364,12,17,-5
100000365,1309,1215,94
100000366,1495,798,697
100000367,560,922,-362
100000368,378,426,-48
100000369,1,1,0
100000370,2,11,-9
100000376,1,7,-6
100000379,112,76,36
100000380,278,440,-162
100000384,1387,619,768
100000385,508,553,-45
100000386,874,675,199
100000387,964,388,576
100000388,2464,1213,1251
100000389,1931,604,1327
100000390,2542,1067,1475
100000391,1519,451,1068
100000392,845,341,504
100000393,240,201,39
100000394,1151,850,301
100000395,602,244,358
100000396,602,579,23
100000397,564,225,339
100000398,3454,2704,750
100000413,0,0,0
100900002,0,0,0
100900003,0,0,0
100900004,1,37,-36
100900005,0,0,0
100900006,0,0,0
100900007,0,0,0
100900008,0,65,-65
100900009,0,0,0
100900010,0,0,0
100900011,0,0,0
100900012,0,17,-17
100900013,0,0,0
100900014,0,0,0
100900015,0,0,0
100900016,0,0,0
100900017,0,0,0
100900018,0,0,0
100900019,0,0,0
100900020,0,0,0
100900021,0,0,0
100900022,0,0,0
100900023,0,0,0
100900024,0,0,0
100900025,0,0,0
100900026,0,0,0
100900027,0,0,0
100900028,0,0,0
100900029,0,0,0
100900030,0,0,0
100900031,0,0,0
100900032,0,0,0
100900033,0,0,0
100900034,0,0,0
100900035,0,0,0
100900036,0,0,0
100900037,0,0,0
100900038,0,0,0
100900039,3,38,-35
100900040,0,51,-51
100900041,0,36,-36
100900042,0,0,0
100900043,0,0,0
100900044,0,0,0
100900045,0,0,0
100900046,0,0,0
100900047,0,0,0
100900048,0,0,0
100900049,0,0,0
100900050,0,0,0
100900051,0,0,0
100900052,0,0,0
100900053,0,0,0
100900054,0,0,0
100900055,0,0,0
100900056,0,0,0
100900057,0,0,0
100900058,0,0,0
100900059,0,0,0
100900060,0,0,0
100900061,0,0,0
100900062,0,0,0
100900063,0,0,0
100900064,0,0,0
100900065,0,0,0
100900066,0,0,0
100900067,0,0,0
100900068,0,0,0
100900069,0,0,0
100900070,0,0,0
100900071,0,0,0
100900072,0,0,0
100900073,0,0,0
100900074,0,0,0
100900075,77,8,69
100900076,0,0,0
100900077,0,0,0
100900078,0,0,0
100900079,0,0,0
100900080,0,0,0
100900081,0,0,0
100900082,0,0,0
100900083,0,0,0
100900085,0,0,0
100900086,0,0,0
100900088,0,0,0
100900089,0,0,0
100900090,0,0,0
100900091,0,0,0
100900092,0,0,0
100900093,0,0,0
100900094,0,0,0
100900095,0,0,0
100900096,0,0,0
100900097,0,0,0
100900098,0,0,0
100900099,0,3,-3
100900100,0,0,0
100900101,0,0,0
100900102,0,0,0
100900103,0,0,0
100900104,0,0,0
100900105,0,0,0
100900106,0,0,0
100900107,0,0,0
100900108,0,0,0
100900109,0,0,0
100900110,0,0,0
100900111,0,0,0
100900112,0,0,0
100900113,0,0,0
100900114,0,0,0
100900115,0,0,0
100900116,0,0,0
100900117,0,0,0
100900118,0,0,0
100900119,0,0,0
100900120,0,0,0
100900121,0,0,0
100900122,9,6,3
100900123,0,0,0
100900124,0,0,0
100900125,0,0,0
100900126,0,0,0
100900127,0,0,0
100900128,0,2,-2
100900129,0,0,0
100900131,0,0,0
100900133,0,0,0
100900134,0,0,0
100900135,0,0,0
100900137,0,0,0
100900138,0,0,0
100900139,0,0,0
100900140,0,1,-1
100900141,0,0,0
100900142,0,0,0
100900143,0,0,0
100900144,0,0,0
100900145,0,0,0
100900146,0,0,0
100900147,0,0,0
100900148,0,29,-29
100900149,0,0,0
100900150,0,0,0
100900151,0,20,-20
100900152,0,0,0
100900153,0,0,0
100900154,0,0,0
100900155,0,0,0
100900156,0,0,0
100900157,0,0,0
100900159,0,0,0
100900160,0,0,0
100900161,0,0,0
100900162,0,0,0
100900163,1,14,-13
100900164,0,0,0
100900165,0,0,0
100900166,0,0,0
100900167,0,0,0
100900168,0,0,0
100900169,2,73,-71
100900170,0,0,0
100900171,0,43,-43
100900172,0,0,0
100900173,0,38,-38
100900174,0,0,0
100900176,0,0,0
100900177,0,6,-6
100900178,0,0,0
100900179,0,0,0
100900180,0,0,0
100900181,0,0,0
100900182,0,0,0
100900184,0,0,0
100900186,0,0,0
100900187,0,0,0
100900188,0,0,0
100900189,0,0,0
100900191,0,0,0
100900192,0,0,0
100900195,0,0,0
100900197,0,0,0
100900198,0,0,0
100900199,0,0,0
100900200,24,12,12
100900201,1,47,-46
100900202,0,0,0
100900203,0,0,0
100900204,0,0,0
100900205,1,0,1
100900206,0,0,0
100900207,0,0,0
100900210,6,24,-18
100900211,0,0,0
100900213,0,0,0
100900214,77,10,67
100900215,0,0,0
100900217,0,0,0
101000001,318,126,192
101000002,550,238,312
101000003,57,26,31
101000004,1890,195,1695
101000005,338,189,149
101000006,783,562,221
101000007,1197,605,592
101000008,668,350,318
101000009,31,108,-77
101000010,52,53,-1
101000011,167,8,159
101000012,0,0,0
101000013,96,48,48
101000014,20,5,15
101000015,105,89,16
101000016,6,5,1
101000017,86,69,17
101000018,240,216,24
101000020,406,155,251
101000021,37,2,35
101000022,101,41,60
101000023,215,301,-86
101000025,0,0,0
101000026,7,0,7
101000027,283,103,180
101000028,128,43,85
101000029,2,65,-63
101000030,67,10,57
101000031,16,1,15
101000032,224,288,-64
101000033,320,275,45
101000034,344,180,164
101000035,79,15,64
101000036,134,77,57
101000037,318,58,260
101000039,188,147,41
101000040,631,205,426
101000041,313,99,214
101000042,3,68,-65
101000043,470,215,255
101000045,95,33,62
101000046,184,81,103
101000047,20,40,-20
101000048,10,26,-16
101000049,35,72,-37
101000050,34,26,8
101000051,170,84,86
101000052,280,59,221
101000053,45,11,34
101000054,129,23,106
101000055,242,55,187
101000056,13,2,11
101000057,613,115,498
101000058,310,27,283
101000059,109,26,83
101000060,233,85,148
101000061,22,8,14
101000062,521,71,450
101000063,5,15,-10
101000064,266,78,188
101000065,17,4,13
101000066,1,13,-12
101000067,78,107,-29
101000068,46,35,11
101000069,87,11,76
101000070,270,397,-127
101000071,421,198,223
101000072,266,212,54
101000073,14,15,-1
101000074,966,336,630
101000075,2534,763,1771
101000077,279,207,72
101000078,125,61,64
101000079,78,137,-59
101000080,467,318,149
101000081,108,68,40
101000082,276,136,140
101000083,86,48,38
101000084,167,149,18
101000085,34,5,29
101000086,320,189,131
101000087,214,121,93
101000088,24,6,18
101000089,12,13,-1
101000090,375,204,171
101000091,36,38,-2
101000092,176,41,135
101000093,76,22,54
101000094,138,239,-101
101000095,61,151,-90
101000096,11,17,-6
101000097,20,42,-22
101000098,10,20,-10
101000099,95,109,-14
101000100,140,126,14
101000101,7,16,-9
101000102,132,58,74
101000103,35,19,16
101000104,25,27,-2
101000105,0,0,0
101000106,16,20,-4
101000107,11,32,-21
101000108,0,0,0
101000109,7,3,4
101000110,0,0,0
101000111,0,19,-19
101000113,0,0,0
101000114,480,235,245
101000115,0,0,0
101000116,0,0,0
101000117,0,0,0
101000119,15,7,8
101000120,50,7,43
101000121,33,4,29
101000122,31,10,21
101000123,16,17,-1
101000124,241,175,66
101000125,42,83,-41
101000128,32,36,-4
101000130,194,33,161
101000131,32,23,9
101000132,72,240,-168
101000135,19,4,15
101000136,77,36,41
101000137,2,15,-13
101000141,106,90,16
101000147,143,145,-2
101000148,89,2,87
101000149,0,0,0
101000150,0,0,0
101000151,0,2,-2
101000152,20,30,-10
101000153,37,14,23
101000154,2,67,-65
101000155,7,15,-8
101000156,7,45,-38
101000157,0,0,0
101000160,0,0,0
101000163,0,0,0
101000164,49,88,-39
101000165,86,28,58
101000166,13,15,-2
101000168,18,30,-12
101000252,40,83,-43
101000254,144,24,120
101000258,2,0,2
101000261,0,1,-1
101000262,11,123,-112
101000263,8,12,-4
101000265,3,69,-66
101000266,31,12,19
101000269,105,15,90
101000290,82,14,68
101000293,0,0,0
101000294,153,61,92
101000295,7,33,-26
101000301,84,29,55
101000304,460,527,-67
101000305,269,217,52
101000328,3,24,-21
101900001,0,0,0
101900002,0,0,0
101900003,4,26,-22
101900004,0,0,0
101900005,101,14,87
101900006,0,0,0
101900007,0,0,0
101900008,0,0,0
101900009,0,0,0
101900010,0,0,0
101900011,0,0,0
101900012,0,0,0
101900013,46,1,45
101900017,0,0,0
101900018,0,0,0
101900019,0,0,0
101900020,0,0,0
101900021,0,0,0
101900022,0,0,0
101900023,0,0,0
101900026,0,0,0
101900027,0,0,0
102000001,198,301,-103
102000002,125,93,32
102000003,834,464,370
102000004,599,102,497
102000005,416,260,156
102000006,210,93,117
102000007,382,382,0
102000008,454,145,309
102000009,706,851,-145
102000010,613,385,228
102000011,475,492,-17
102000012,251,260,-9
102000018,92,35,57
102000019,16,10,6
102000026,0,0,0
102000029,0,0,0
102000030,2,5,-3
102000031,0,0,0
102000032,2,3,-1
102000033,0,0,0
102000034,6,0,6
102000035,0,0,0
102000036,0,0,0
102000037,6,3,3
102000038,2,3,-1
102000039,0,0,0
102000040,8,5,3
102000041,0,0,0
102000042,0,0,0
102000043,2,4,-2
102000044,0,0,0
102000045,22,22,0
102000046,59,3,56
102000047,18,51,-33
102000048,4,5,-1
102000049,16,4,12
102000050,28,45,-17
102000051,10,13,-3
102000052,45,40,5
102000053,14,34,-20
102000054,15,98,-83
102000055,82,117,-35
102000056,18,75,-57
102000057,86,15,71
102000058,95,142,-47
102000059,153,157,-4
102000060,54,26,28
102000061,133,235,-102
102000062,25,36,-11
102000063,119,199,-80
102000064,79,102,-23
102000065,5,16,-11
102000066,302,83,219
102000067,215,244,-29
102000068,586,218,368
102000069,0,0,0
102000070,154,14,140
102000071,968,1060,-92
102000072,558,883,-325
102000073,11,134,-123
102000074,21,87,-66
102000075,1,52,-51
102000076,9,90,-81
102000077,27,198,-171
102000078,58,186,-128
102000079,4,28,-24
102000080,6,37,-31
102000081,29,85,-56
102000082,55,39,16
102000083,13,61,-48
102000084,0,0,0
102000085,83,122,-39
102000086,40,15,25
102000087,61,143,-82
102000088,20,9,11
102000089,0,0,0
102000090,93,103,-10
102000091,156,55,101
102000092,136,55,81
102000093,33,54,-21
102000094,0,0,0
102000095,88,161,-73
102000096,0,0,0
102000097,186,130,56
102000098,6,18,-12
102000099,63,29,34
102000100,11,5,6
102000101,42,17,25
102000102,6,6,0
102000103,73,33,40
102000104,23,4,19
102000105,2,14,-12
102000106,2,21,-19
102000107,0,0,0
102000108,17,8,9
102000109,0,0,0
102000110,0,0,0
102000111,0,0,0
102000112,3,0,3
102000113,0,0,0
102000114,0,0,0
102000115,16,2,14
102000116,2,7,-5
102000117,20,60,-40
102000118,10,55,-45
102000119,432,50,382
102000120,8,12,-4
102000121,24,36,-12
102000122,9,3,6
102000123,61,47,14
102000124,44,8,36
102000125,41,20,21
102000126,25,7,18
102000127,53,21,32
102000128,30,29,1
102000129,31,25,6
102000130,28,20,8
102000131,20,26,-6
102000132,12,7,5
102000133,84,203,-119
102000134,33,41,-8
102000135,0,0,0
102000136,2,1,1
102000137,10,5,5
102000138,0,0,0
102000139,0,0,0
102000140,1,4,-3
102000141,0,18,-18
102000142,4,7,-3
102000143,2,25,-23
102000144,4,32,-28
102000145,1,9,-8
102000146,0,0,0
102000147,4,6,-2
102000148,0,0,0
102000149,2,0,2
102000150,0,0,0
102000151,0,0,0
102000152,0,0,0
102000153,0,0,0
102000154,7,9,-2
102000155,20,14,6
102000156,28,0,28
102000157,1,3,-2
102000158,8,6,2
102000159,30,2,28
102000161,352,84,268
102000162,34,16,18
102000163,0,0,0
102000164,0,0,0
102000165,59,34,25
102000166,10,26,-16
102000167,20,66,-46
102000168,21,29,-8
102000169,29,62,-33
102000170,203,58,145
102000171,19,13,6
102000172,5,34,-29
102000173,36,24,12
102000174,6,7,-1
102000175,2,0,2
102000176,1,0,1
102000178,26,38,-12
102000179,11,36,-25
102000180,18,32,-14
102000181,11,65,-54
102000182,101,78,23
102000183,37,82,-45
102000184,88,147,-59
102000185,31,80,-49
102000186,69,282,-213
102000187,64,245,-181
102000188,8,60,-52
102000189,366,77,289
102000190,62,73,-11
102000191,139,18,121
102000192,166,171,-5
102000193,0,0,0
102000194,0,0,0
102000195,7,26,-19
102000196,0,0,0
102000197,13,34,-21
102000198,0,0,0
102000199,10,21,-11
102000200,0,0,0
102000201,19,34,-15
102000202,0,0,0
102000203,15,36,-21
102000204,1,1,0
102000205,0,3,-3
102000206,59,40,19
102000207,0,0,0
102000208,13,43,-30
102000209,5,5,0
102000210,0,69,-69
102000211,2,27,-25
102000212,0,0,0
102000213,1,24,-23
102000214,0,0,0
102000215,0,37,-37
102000216,0,0,0
102000217,0,18,-18
102000218,0,0,0
102000219,16,14,2
102000225,0,0,0
102000226,0,0,0
102000227,0,0,0
102000228,0,7,-7
102000229,1,2,-1
102000230,8,19,-11
102000231,18,3,15
102000232,0,0,0
102000233,9,13,-4
102000234,0,0,0
102000236,0,2,-2
102000237,2,4,-2
102000238,5,0,5
102000240,128,225,-97
102000241,19,5,14
102000243,0,0,0
102000245,1,16,-15
102000246,0,0,0
102000247,138,82,56
102000248,91,121,-30
102000249,7,20,-13
102000250,7,63,-56
102000254,0,0,0
102000266,0,2,-2
102000271,0,0,0
102000286,0,0,0
102000297,21,11,10
102000301,0,0,0
102000303,0,0,0
102000305,0,0,0
102000307,0,4,-4
102900001,0,0,0
102900002,0,0,0
102900003,0,17,-17
102900005,0,0,0
102900006,0,0,0
102900007,0,0,0
102900008,0,0,0
102900009,0,0,0
102900010,0,0,0
102900011,0,0,0
102900012,0,0,0
102900013,0,0,0
102900015,0,0,0
102900016,0,0,0
102900017,0,0,0
102900018,0,0,0
102900019,0,0,0
102900020,0,0,0
102900021,0,0,0
102900022,9,5,4
102900023,0,0,0
102900024,0,0,0
102900025,0,0,0
102900026,0,0,0
102900027,0,0,0
102900028,0,0,0
102900029,1,0,1
102900030,0,0,0
102900031,0,0,0
102900032,0,3,-3
102900033,0,0,0
102900034,0,0,0
102900035,0,20,-20
102900036,0,0,0
102900037,0,0,0
102900038,0,0,0
102900039,0,0,0
102900040,0,0,0
102900041,0,0,0
102900042,0,0,0
102900043,0,0,0
102900044,0,0,0
102900045,0,0,0
102900046,0,0,0
102900047,0,0,0
102900048,0,0,0
102900049,0,0,0
102900050,0,0,0
102900051,0,0,0
102900053,0,0,0
102900054,0,0,0
102900055,0,0,0
102900056,0,0,0
102900057,0,0,0
102900058,0,0,0
102900059,0,0,0
102900060,0,0,0
102900061,0,0,0
102900062,0,0,0
102900063,0,0,0
102900064,0,0,0
102900065,0,0,0
102900066,0,0,0
102900068,0,0,0
102900070,0,19,-19
102900072,0,1,-1
102900073,2,1,1
102900075,0,0,0
102900076,0,0,0
102900077,0,0,0
102900078,0,0,0
102900079,0,0,0
102900080,0,0,0
102900081,0,0,0
102900082,0,0,0
102900083,0,0,0
102900084,0,0,0
102900085,0,0,0
102900086,0,0,0
102900087,0,0,0
102900088,0,0,0
102900089,0,0,0
102900090,0,36,-36
102900091,0,0,0
102900092,13,51,-38
102900094,0,0,0
102900095,0,0,0
102900096,1,4,-3
102900097,1,11,-10
103000001,370,400,-30
103000002,199,274,-75
103000003,449,376,73
103000004,67,137,-70
103000005,66,77,-11
103000006,40,83,-43
103000007,9,30,-21
103000008,62,105,-43
103000009,0,0,0
103000010,12,20,-8
103000011,219,117,102
103000012,113,99,14
103000013,933,228,705
103000014,22,35,-13
103000015,224,127,97
103000016,47,13,34
103000017,0,0,0
103000018,0,0,0
103000019,0,0,0
103000020,138,160,-22
103000021,10,15,-5
103000022,116,186,-70
103000023,3,25,-22
103000024,0,0,0
103000025,0,0,0
103000026,0,0,0
103000027,0,0,0
103000028,0,0,0
103000029,3,1,2
103000030,347,75,272
103000031,60,60,0
103000032,361,221,140
103000033,51,30,21
103000034,410,221,189
103000035,114,95,19
103000036,38,18,20
103000037,140,90,50
103000038,51,65,-14
103000039,7,46,-39
103000040,4,12,-8
103000041,258,363,-105
103000042,82,83,-1
103000043,6,21,-15
103000044,9,0,9
103000046,50,7,43
103000047,0,0,0
103000048,7,2,5
103000049,0,0,0
103000050,2,2,0
103000051,7,7,0
103000052,10,0,10
103000053,1,8,-7
103000054,167,112,55
103000055,54,17,37
103000056,60,100,-40
103000057,40,33,7
103000058,45,90,-45
103000059,17,32,-15
103000060,132,102,30
103000061,7,6,1
103000062,121,144,-23
103000063,26,16,10
103000064,43,65,-22
103000065,0,0,0
103000066,0,0,0
103000069,2,0,2
103000070,49,170,-121
103000071,7,3,4
103000072,12,93,-81
103000073,0,0,0
103000074,0,0,0
103000075,35,102,-67
103000076,0,0,0
103000077,7,37,-30
103000078,0,0,0
103000079,82,31,51
103000080,0,0,0
103000081,33,57,-24
103000082,0,0,0
103000083,1,47,-46
103000084,0,0,0
103000085,0,17,-17
103000086,30,9,21
103000087,15,57,-42
103000088,67,31,36
103000089,17,10,7
103000090,215,115,100
103000091,61,50,11
103000092,0,0,0
103000093,20,80,-60
103000094,0,0,0
103000095,5,49,-44
103000096,0,0,0
103000097,2,62,-60
103000098,0,0,0
103000099,7,34,-27
103000100,8,107,-99
103000101,0,0,0
103000102,20,99,-79
103000103,0,4,-4
103000104,0,26,-26
103000105,1,5,-4
103000106,0,32,-32
103000107,1,16,-15
103000108,25,42,-17
103000109,73,24,49
103000110,157,62,95
103000111,89,50,39
103000112,9,10,-1
103000113,29,70,-41
103000114,10,0,10
103000115,10,39,-29
103000116,9,19,-10
103000117,6,23,-17
103000118,49,158,-109
103000119,200,168,32
103000120,8,23,-15
103000121,75,124,-49
103000122,7,3,4
103000125,0,0,0
103000126,1,0,1
103000127,0,0,0
103000128,0,0,0
103000129,0,0,0
103000130,0,0,0
103000131,0,0,0
103000132,1,0,1
103000133,0,0,0
103000134,117,66,51
103000135,32,21,11
103000136,147,89,58
103000137,76,35,41
103000138,144,31,113
103000139,0,1,-1
103000140,0,0,0
103000141,3,10,-7
103000142,0,0,0
103000143,0,21,-21
103000144,0,0,0
103000145,0,0,0
103000150,7,11,-4
103000152,31,34,-3
103000153,1,3,-2
103000156,0,0,0
103000157,1,0,1
103000159,0,0,0
103000162,0,0,0
103000163,0,0,0
103000164,0,0,0
103000165,0,0,0
103000166,0,0,0
103000167,1,6,-5
103000168,7,16,-9
103000169,0,0,0
103000170,38,24,14
103000171,0,0,0
103000172,1,0,1
103000173,19,70,-51
103000174,0,0,0
103000175,70,162,-92
103000176,0,0,0
103000177,66,72,-6
103000178,119,79,40
103000179,0,0,0
103000183,0,9,-9
103000185,0,4,-4
103000186,0,0,0
103000187,34,66,-32
103000188,0,8,-8
103000189,61,189,-128
103000191,0,0,0
103000292,142,6,136
103000293,0,0,0
103000295,0,0,0
103000296,0,0,0
103000297,0,0,0
103000504,0,0,0
103000505,0,0,0
103000506,0,0,0
103000507,2,0,2
103000508,16,6,10
103000509,15,79,-64
103900001,0,0,0
103900002,0,0,0
103900003,1,12,-11
103900004,0,0,0
103900005,0,0,0
103900006,0,0,0
103900007,0,0,0
103900008,0,0,0
103900009,2,24,-22
103900010,2,24,-22
103900011,0,20,-20
103900012,0,0,0
103900013,0,4,-4
103900014,0,0,0
103900015,0,0,0
103900016,2,16,-14
103900017,0,8,-8
103900018,22,4,18
103900019,0,0,0
103900020,0,0,0
103900021,0,0,0
103900022,0,16,-16
103900023,0,0,0
103900024,0,0,0
103900025,0,0,0
103900026,0,0,0
103900027,0,0,0
103900028,0,19,-19
103900029,10,14,-4
103900030,0,0,0
103900031,0,0,0
103900032,0,0,0
103900033,0,0,0
103900034,0,10,-10
103900035,0,2,-2
103900036,0,0,0
103900037,0,0,0
103900038,0,0,0
103900039,0,61,-61
103900040,0,3,-3
103900041,0,0,0
103900042,0,65,-65
103900043,0,0,0
103900044,0,0,0
103900045,0,0,0
103900047,0,2,-2
103900048,0,0,0
103900049,0,0,0
103900050,0,21,-21
103900051,0,13,-13
103900052,12,9,3
103900053,2,39,-37
103900054,0,0,0
103900055,5,11,-6
103900056,0,6,-6
103900057,0,0,0
103900058,1,64,-63
103900059,0,0,0
103900060,0,0,0
103900061,0,0,0
103900062,0,4,-4
103900063,0,0,0
103900064,0,0,0
103900065,53,16,37
103900066,0,0,0
103900067,0,0,0
103900068,0,0,0
103900069,0,0,0
103900070,0,0,0
103900071,1,2,-1
103900072,0,31,-31
103900073,0,0,0
103900074,0,0,0
103900075,0,0,0
103900076,6,16,-10
103900077,0,0,0
103900078,0,0,0
103900079,0,0,0
103900080,0,0,0
103900081,0,0,0
103900082,0,0,0
103900083,0,0,0
103900084,0,0,0
103900085,0,0,0
103900086,0,0,0
103900088,0,0,0
103900089,0,0,0
103900090,0,0,0
103900091,0,0,0
103900092,0,11,-11
103900093,0,0,0
103900094,0,0,0
103900095,1,2,-1
103900096,0,0,0
103900097,0,0,0
103900098,5,1,4
103900099,0,0,0
103900100,4,21,-17
103900101,0,0,0
103900102,0,0,0
103900104,0,0,0
103900105,1,9,-8
103900106,0,0,0
103900107,0,0,0
103900108,10,77,-67
103900109,0,0,0
103900110,1,3,-2
103900111,3,31,-28
103900112,0,0,0
103900113,3,5,-2
103900114,12,6,6
103900115,11,0,11
103900116,131,4,127
103900117,23,9,14
103900119,0,0,0
103900120,0,0,0
103900122,3,23,-20
103900123,6,6,0
103900124,0,46,-46
103900125,1,5,-4
103900126,0,0,0
103900127,1,30,-29
103900128,0,10,-10
103900131,0,7,-7
103900133,0,0,0
103900134,0,0,0
103900135,0,0,0
103900137,0,0,0
103900138,0,0,0
103900139,0,22,-22
103900140,0,0,0
103900141,0,0,0
103900142,0,0,0
103900143,0,0,0
103900144,0,0,0
103900145,0,0,0
103900146,0,0,0
103900147,8,14,-6
103900148,1,14,-13
103900149,0,0,0
103900150,0,24,-24
103900151,0,0,0
103900152,0,0,0
103900153,0,0,0
103900154,20,6,14
103900155,0,0,0
103900156,0,0,0
103900157,0,0,0
103900158,0,0,0
103900159,0,0,0
103900160,0,0,0
103900161,0,0,0
103900162,4,3,1
103900163,0,0,0
103900167,0,0,0
103900168,0,0,0
103900169,0,0,0
103900170,0,0,0
103900171,0,0,0
103900172,0,0,0
103900173,0,0,0
103900174,0,0,0
103900175,0,0,0
103900176,0,0,0
103900177,0,0,0
103900178,0,0,0
103900179,0,0,0
103900180,0,0,0
103900181,0,0,0
103900182,0,0,0
103900184,0,0,0
103900185,0,0,0
103900187,0,0,0
103900188,0,0,0
103900189,4,1,3
103900190,0,0,0
103900191,0,0,0
103900192,0,0,0
103900193,0,0,0
103900194,0,0,0
103900195,0,0,0
103900196,0,0,0
103900197,0,0,0
103900198,0,0,0
103900199,1,1,0
103900200,0,0,0
103900201,0,0,0
103900202,0,0,0
103900203,1,0,1
103900204,0,0,0
103900207,0,0,0
103900208,0,0,0
103900209,0,0,0
103900210,0,1,-1
103900211,4,2,2
103900212,1,23,-22
103900213,55,112,-57
103900214,57,5,52
103900215,481,126,355
103900216,0,3,-3
103900217,0,0,0
103900218,0,0,0
103900219,0,0,0
103900233,0,0,0
103900235,0,0,0
103900236,0,0,0
103900242,0,0,0
103900243,0,0,0
103900244,0,0,0
103900245,0,0,0
103900246,5,1,4
103900247,0,0,0
103900248,0,0,0
103900249,0,0,0
103900250,0,0,0
103900251,0,0,0
103900253,0,0,0
103900254,0,0,0
103900255,0,0,0
103900256,0,0,0
103900257,0,0,0
103900258,0,0,0
103900259,0,0,0
103900261,0,0,0
103900262,0,0,0
103900263,0,0,0
103900264,0,0,0
103900265,0,0,0
103900266,0,0,0
103900267,0,3,-3
103900268,0,0,0
103900269,0,0,0
103900270,0,2,-2
103900271,2,11,-9
103900272,0,0,0
103900273,0,0,0
103900274,0,0,0
103900275,0,0,0
103900276,0,0,0
103900277,0,0,0
103900278,0,0,0
103900279,0,0,0
103900280,0,0,0
104000001,162,207,-45
104000002,383,467,-84
104000003,290,525,-235
104000004,1518,482,1036
104000005,82,234,-152
104000006,360,540,-180
104000007,611,707,-96
104000008,320,271,49
104000009,9,48,-39
104000010,0,0,0
104000011,181,221,-40
104000012,24,133,-109
104000013,0,0,0
104000014,50,224,-174
104000015,0,0,0
104000016,31,124,-93
104000018,11,2,9
104000019,28,4,24
104000020,2,1,1
104000021,12,12,0
104000022,1,4,-3
104000023,36,34,2
104000024,6,7,-1
104000026,0,4,-4
104000027,51,143,-92
104000028,56,27,29
104000029,109,299,-190
104000030,12,46,-34
104000031,7,4,3
104000032,20,102,-82
104000033,7,4,3
104000034,49,154,-105
104000035,2,7,-5
104000036,9,7,2
104000037,33,102,-69
104000038,26,46,-20
104000039,7,8,-1
104000040,9,6,3
104000041,29,28,1
104000042,13,51,-38
104000043,16,32,-16
104000044,24,59,-35
104000045,46,96,-50
104000046,125,112,13
104000047,2,11,-9
104000048,30,27,3
104000049,2,2,0
104000050,1,3,-2
104000051,24,102,-78
104000052,91,200,-109
104000053,74,92,-18
104000054,8,24,-16
104000055,335,205,130
104000056,68,59,9
104000057,20,138,-118
104000058,100,128,-28
104000059,27,164,-137
104000060,78,140,-62
104000061,63,127,-64
104000062,1,2,-1
104000064,23,3,20
104000065,0,7,-7
104000069,73,20,53
104000070,6,8,-2
104000071,24,126,-102
104000072,5,5,0
104000075,0,0,0
104000076,0,0,0
104000082,194,298,-104
104000083,13,6,7
104000084,9,42,-33
104000085,1,7,-6
104000086,13,25,-12
104000087,8,20,-12
104000090,26,171,-145
104000092,23,274,-251
104000094,22,216,-194
104000095,361,340,21
104000096,0,6,-6
104000097,0,0,0
104000098,0,0,0
104000100,0,0,0
104000101,92,200,-108
104000106,3,17,-14
104000107,21,100,-79
104000108,11,24,-13
104000109,0,0,0
104000110,59,49,10
104000111,60,84,-24
104000112,85,28,57
104000116,0,252,-252
104000117,3,72,-69
104000118,5,19,-14
104000119,9,25,-16
104000120,1,50,-49
104000121,4,24,-20
104000122,24,80,-56
104000123,111,170,-59
104000124,182,237,-55
104000125,188,117,71
104000126,8,63,-55
104000127,299,553,-254
104000128,23,56,-33
104000129,19,10,9
104000130,3,42,-39
104000131,526,471,55
104000132,310,487,-177
104000133,140,135,5
104000134,140,133,7
104000135,36,85,-49
104000136,303,210,93
104000137,418,60,358
104000138,179,77,102
104000139,1277,314,963
104000141,141,273,-132
104000142,97,268,-171
104000143,104,405,-301
104000144,0,0,0
104000145,0,0,0
104000146,138,330,-192
104000147,47,119,-72
104000148,0,0,0
104000149,39,107,-68
104000150,0,0,0
104000151,37,171,-134
104000152,42,233,-191
104000153,0,0,0
104000154,232,168,64
104000155,0,0,0
104000157,113,237,-124
104000158,39,43,-4
104000159,59,15,44
104000160,406,172,234
104000161,0,0,0
104000162,0,0,0
104000165,0,0,0
104000167,15,79,-64
104000168,0,0,0
104000169,0,0,0
104000170,126,18,108
104000248,0,58,-58
104000251,20,50,-30
104000272,2,1,1
104000273,8,0,8
104000274,3,0,3
104000275,20,1,19
104000279,50,20,30
104000290,10,76,-66
104000291,86,140,-54
104000293,8,12,-4
104000294,0,0,0
104000295,70,225,-155
104000296,31,105,-74
104000297,332,404,-72
104000298,308,117,191
104000299,90,266,-176
104000302,2,1,1
104000303,93,72,21
104900001,0,0,0
104900002,0,0,0
104900003,0,0,0
104900004,0,0,0
104900005,0,1,-1
104900006,0,0,0
104900007,0,1,-1
104900009,0,0,0
104900010,0,0,0
104900011,0,0,0
104900012,0,0,0
104900013,0,0,0
104900014,0,0,0
104900015,0,0,0
104900016,0,0,0
104900017,0,0,0
104900018,0,0,0
104900019,0,0,0
104900020,0,0,0
104900021,0,0,0
104900022,0,0,0
104900023,0,0,0
104900024,0,0,0
104900025,0,0,0
104900026,0,0,0
104900027,0,0,0
104900028,0,0,0
104900029,0,0,0
104900030,0,0,0
104900031,0,0,0
104900032,0,0,0
104900033,0,0,0
104900034,0,0,0
104900035,0,0,0
104900036,0,0,0
104900037,0,0,0
104900038,0,0,0
104900039,0,0,0
104900040,0,0,0
104900041,0,0,0
104900042,0,0,0
104900043,0,0,0
104900044,0,0,0
104900045,0,0,0
104900046,0,0,0
104900047,0,0,0
104900048,0,0,0
104900049,0,0,0
104900050,0,0,0
104900051,0,0,0
104900052,0,0,0
104900053,0,0,0
104900054,0,0,0
104900055,0,0,0
104900056,0,0,0
104900057,0,0,0
104900058,0,0,0
104900059,0,0,0
104900060,0,1,-1
104900061,0,0,0
104900063,0,0,0
104900064,0,0,0
104900065,0,0,0
104900066,0,0,0
104900067,0,0,0
104900068,0,0,0
104900070,0,0,0
104900071,0,36,-36
104900072,0,0,0
104900073,0,0,0
104900074,0,0,0
104900075,0,0,0
104900076,0,0,0
104900077,0,0,0
104900078,0,0,0
104900079,0,0,0
104900080,0,0,0
104900082,0,0,0
104900085,0,0,0
104900087,0,0,0
104900089,0,0,0
104900090,0,0,0
104900091,0,0,0
104900093,0,0,0
104900097,0,0,0
104900098,0,0,0
104900099,0,0,0
104900100,0,0,0
104900102,0,0,0
104900103,0,0,0
104900104,0,0,0
104900106,0,0,0
104900107,0,0,0
104900108,0,0,0
104900109,0,0,0
104900110,0,0,0
104900111,0,0,0
104900112,0,0,0
104900113,2,5,-3
104900114,0,0,0
104900115,0,1,-1
104900116,0,0,0
104900118,0,0,0
104900119,0,0,0
104900120,0,0,0
104900121,0,0,0
104900122,0,0,0
104900123,0,0,0
104900124,0,0,0
104900125,0,0,0
104900126,0,0,0
104900127,0,0,0
104900128,0,0,0
104900129,0,0,0
105000001,115,163,-48
105000002,153,242,-89
105000003,386,475,-89
105000004,53,150,-97
105000005,133,286,-153
105000006,55,154,-99
105000007,35,203,-168
105000008,20,255,-235
105000009,54,156,-102
105000010,377,562,-185
105000011,146,99,47
105000012,650,933,-283
105000013,91,103,-12
105000014,109,77,32
105000015,748,243,505
105000016,451,272,179
105000017,208,109,99
105000018,71,130,-59
105000019,9,0,9
105000020,6,79,-73
105000021,0,0,0
105000022,0,0,0
105000023,0,0,0
105000028,17,20,-3
105000029,45,51,-6
105000030,610,958,-348
105000031,0,0,0
105000033,206,790,-584
105000034,0,0,0
105000037,24,12,12
105000038,42,69,-27
105000039,573,640,-67
105000040,13,24,-11
105000041,78,463,-385
105000042,87,52,35
105000043,312,672,-360
105000044,29,10,19
105000045,17,222,-205
105000046,26,9,17
105000047,52,309,-257
105000048,4,0,4
105000049,47,158,-111
105000050,0,0,0
105000051,56,94,-38
105000052,3,36,-33
105000053,19,58,-39
105000054,5,44,-39
105000055,20,51,-31
105000056,4,103,-99
105000057,81,97,-16
105000058,110,121,-11
105000059,13,36,-23
105000060,27,69,-42
105000061,7,10,-3
105000062,71,135,-64
105000063,40,103,-63
105000064,46,47,-1
105000065,34,137,-103
105000066,53,170,-117
105000067,44,40,4
105000068,61,62,-1
105000069,190,106,84
105000070,20,42,-22
105000071,0,0,0
105000072,42,13,29
105000073,13,2,11
105000074,82,176,-94
105000075,42,105,-63
105000076,186,166,20
105000077,418,130,288
105000078,133,89,44
105000079,214,431,-217
105000080,34,27,7
105000081,214,294,-80
105000082,19,49,-30
105000083,10,4,6
105000084,118,141,-23
105000085,28,58,-30
105000086,59,157,-98
105000087,111,269,-158
105000088,17,6,11
105000089,498,637,-139
105000090,258,324,-66
105000091,442,450,-8
105000092,90,187,-97
105000093,30,29,1
105000094,4,5,-1
105000095,7,43,-36
105000096,0,2,-2
105000097,64,106,-42
105000098,0,0,0
105000099,45,111,-66
105000100,112,153,-41
105000101,92,136,-44
105000102,88,145,-57
105000103,36,158,-122
105000104,78,104,-26
105000105,19,112,-93
105000106,48,124,-76
105000107,33,16,17
105000108,66,37,29
105000109,51,120,-69
105000110,21,14,7
105000111,10,42,-32
105000112,101,24,77
105000113,14,21,-7
105000114,0,0,0
105000115,35,20,15
105000116,1,9,-8
105000117,53,78,-25
105000118,4,3,1
105000119,23,81,-58
105000120,7,4,3
105000121,39,67,-28
105000122,9,35,-26
105000123,52,118,-66
105000124,61,96,-35
105000125,34,143,-109
105000126,116,195,-79
105000127,69,128,-59
105000128,18,131,-113
105000129,27,50,-23
105000130,0,0,0
105000131,34,52,-18
105000132,0,0,0
105000133,30,106,-76
105000134,0,0,0
105000135,48,53,-5
105000136,15,64,-49
105000137,0,0,0
105000138,38,63,-25
105000139,53,107,-54
105000140,0,0,0
105000141,15,91,-76
105000142,0,0,0
105000143,26,96,-70
105000144,42,132,-90
105000145,0,0,0
105000146,62,151,-89
105000147,0,0,0
105000148,0,0,0
105000149,0,0,0
105000150,213,213,0
105000151,20,9,11
105000152,2,83,-81
105000153,4,17,-13
105000154,21,84,-63
105000155,11,16,-5
105000156,22,65,-43
105000157,62,141,-79
105000158,40,29,11
105000159,14,123,-109
105000160,30,26,4
105000161,44,177,-133
105000162,8,38,-30
105000163,73,93,-20
105000164,37,17,20
105000165,27,102,-75
105000166,448,19,429
105000167,77,83,-6
105000168,7,94,-87
105000169,39,101,-62
105000170,0,0,0
105000171,63,12,51
105000172,0,0,0
105000173,0,0,0
105000174,0,0,0
105000175,3,22,-19
105000176,1,12,-11
105000177,4,21,-17
105000178,0,0,0
105000179,9,15,-6
105000180,5,9,-4
105000181,0,0,0
105000182,2,15,-13
105000183,8,0,8
105000184,245,193,52
105000185,128,84,44
105000186,45,294,-249
105000187,56,49,7
105000188,9,5,4
105000189,25,121,-96
105000190,0,0,0
105000191,55,121,-66
105000192,6,36,-30
105000193,14,19,-5
105000194,21,25,-4
105000195,35,134,-99
105000196,5,23,-18
105000197,9,105,-96
105000198,87,55,32
105000199,24,27,-3
105000200,2,25,-23
105000201,2,1,1
105000203,0,25,-25
105000204,30,17,13
105000205,5,25,-20
105000207,99,45,54
105000208,0,0,0
105000209,32,99,-67
105000211,0,0,0
105000212,57,98,-41
105000213,0,0,0
105000214,0,0,0
105000215,6,22,-16
105000216,25,82,-57
105000217,7,119,-112
105000218,8,71,-63
105000221,11,7,4
105000222,0,6,-6
105000223,8,25,-17
105000226,0,0,0
105000227,0,0,0
105000228,4,26,-22
105000229,0,0,0
105000231,0,0,0
105000233,42,46,-4
105000234,96,430,-334
105000235,2,3,-1
105000237,0,0,0
105000243,0,0,0
105000248,25,23,2
105000262,10,82,-72
105000269,4,6,-2
105000270,9,11,-2
105000271,0,5,-5
105000282,2,0,2
105000287,6,1,5
105000288,5,30,-25
105000289,75,129,-54
105000290,0,0,0
105000402,228,57,171
105000426,26,33,-7
105000438,70,98,-28
105000440,0,0,0
105000446,646,641,5
105000447,763,488,275
105000454,3,10,-7
105000455,0,0,0
105000474,0,0,0
105000477,0,0,0
105000478,64,141,-77
105000479,0,10,-10
105000480,223,220,3
105000481,461,233,228
105000482,895,672,223
105000483,238,286,-48
105000484,321,621,-300
105000485,392,497,-105
105000486,613,520,93
105000488,273,485,-212
105000489,32,62,-30
105000549,0,0,0
105000550,110,202,-92
105000551,0,0,0
105000552,1099,447,652
105000555,34,13,21
105000556,0,2,-2
105000557,0,4,-4
105900001,0,0,0
105900002,0,5,-5
105900003,0,5,-5
105900004,38,12,26
105900005,0,23,-23
105900006,0,0,0
105900007,0,0,0
105900008,1,54,-53
105900009,0,0,0
105900011,0,0,0
105900012,0,0,0
105900013,0,0,0
105900014,0,0,0
105900015,2,17,-15
105900016,0,0,0
105900017,0,0,0
105900018,16,6,10
105900019,0,0,0
105900020,1,4,-3
105900021,0,0,0
105900022,3,6,-3
105900023,0,0,0
105900024,0,0,0
105900025,0,0,0
105900026,0,0,0
105900027,0,0,0
105900028,0,17,-17
105900029,2,26,-24
105900030,10,4,6
105900031,14,34,-20
105900032,2,8,-6
105900033,2,21,-19
105900034,3,22,-19
105900035,4,6,-2
105900036,0,7,-7
105900037,6,7,-1
105900038,2,9,-7
105900039,1,8,-7
105900040,8,26,-18
105900041,6,4,2
105900042,2,17,-15
105900043,12,0,12
105900044,1,6,-5
105900045,0,28,-28
105900046,0,28,-28
105900047,0,7,-7
105900048,0,10,-10
105900050,0,0,0
105900051,0,0,0
105900052,0,0,0
105900053,127,9,118
105900054,9,2,7
105900056,0,0,0
105900057,0,0,0
105900058,0,1,-1
105900059,0,0,0
106000001,186,86,100
106000002,398,684,-286
106000003,334,193,141
106000004,262,372,-110
106000005,295,296,-1
106000006,859,799,60
106000007,100,46,54
106000008,118,129,-11
106000009,64,27,37
106000010,96,206,-110
106000011,41,50,-9
106000012,136,356,-220
106000013,149,104,45
106000014,400,354,46
106000015,62,106,-44
106000016,368,574,-206
106000017,161,170,-9
106000018,228,303,-75
106000019,20,45,-25
106000020,27,175,-148
106000021,64,43,21
106000022,83,105,-22
106000023,33,37,-4
106000024,77,135,-58
106000025,28,41,-13
106000026,71,96,-25
106000027,51,50,1
106000028,131,300,-169
106000029,357,539,-182
106000030,51,49,2
106000034,132,82,50
106000035,43,77,-34
106000036,29,45,-16
106000037,221,245,-24
106000038,0,0,0
106000039,0,0,0
106000040,31,143,-112
106000041,45,33,12
106000043,0,0,0
106000046,0,0,0
106000047,8,49,-41
106000049,13,4,9
106000050,17,235,-218
106000051,6,17,-11
106000052,18,204,-186
106000053,0,0,0
106000054,52,131,-79
106000055,0,0,0
106000056,80,220,-140
106000057,0,0,0
106000058,24,64,-40
106000059,0,0,0
106000060,76,257,-181
106000061,1,4,-3
106000062,38,195,-157
106000063,2,2,0
106000064,9,128,-119
106000065,3,7,-4
106000066,10,80,-70
106000067,0,4,-4
106000068,5,157,-152
106000069,0,6,-6
106000070,22,183,-161
106000071,4,7,-3
106000072,240,305,-65
106000073,216,159,57
106000074,39,146,-107
106000075,24,120,-96
106000076,56,187,-131
106000077,212,224,-12
106000078,72,238,-166
106000079,30,149,-119
106000080,92,236,-144
106000081,26,107,-81
106000082,254,258,-4
106000083,13,150,-137
106000084,51,221,-170
106000085,38,130,-92
106000086,17,108,-91
106000087,64,152,-88
106000088,5,146,-141
106000089,45,90,-45
106000090,1,190,-189
106000091,66,95,-29
106000092,0,9,-9
106000093,0,0,0
106000094,12,19,-7
106000095,17,78,-61
106000096,1,94,-93
106000097,46,110,-64
106000098,5,170,-165
106000099,5,146,-141
106000100,12,15,-3
106000101,10,8,2
106000102,0,88,-88
106000103,7,49,-42
106000104,40,43,-3
106000105,24,57,-33
106000106,56,41,15
106000107,7,58,-51
106000108,33,14,19
106000109,5,59,-54
106000110,19,11,8
106000111,13,65,-52
106000112,26,16,10
106000113,59,52,7
106000114,52,11,41
106000115,19,38,-19
106000116,32,21,11
106000117,118,110,8
106000118,48,52,-4
106000119,235,149,86
106000120,0,0,0
106000121,0,5,-5
106000122,2,15,-13
106000123,2,5,-3
106000124,1,18,-17
106000125,1,16,-15
106000126,1,2,-1
106000127,6,53,-47
106000128,3,3,0
106000129,37,80,-43
106000130,0,0,0
106000131,19,89,-70
106000132,0,0,0
106000133,236,142,94
106000134,0,0,0
106000135,21,156,-135
106000136,0,0,0
106000137,35,303,-268
106000138,0,0,0
106000139,0,0,0
106000140,14,79,-65
106000141,9,62,-53
106000142,0,0,0
106000143,4,85,-81
106000144,0,0,0
106000145,24,141,-117
106000146,0,0,0
106000147,77,80,-3
106000148,45,124,-79
106000149,29,63,-34
106000150,25,181,-156
106000151,341,90,251
106000152,68,63,5
106000153,10,87,-77
106000154,62,10,52
106000155,1,5,-4
106000156,22,27,-5
106000157,67,195,-128
106000158,159,40,119
106000159,313,193,120
106000160,10,125,-115
106000161,134,84,50
106000162,7,36,-29
106000163,23,85,-62
106000164,12,29,-17
106000165,11,116,-105
106000166,52,48,4
106000167,27,220,-193
106000168,7,31,-24
106000169,14,78,-64
106000170,13,23,-10
106000171,7,101,-94
106000172,140,112,28
106000173,42,248,-206
106000174,12,50,-38
106000175,16,173,-157
106000176,21,35,-14
106000177,66,363,-297
106000178,75,105,-30
106000179,55,300,-245
106000180,100,315,-215
106000181,20,324,-304
106000182,21,60,-39
106000183,26,111,-85
106000184,33,56,-23
106000185,19,111,-92
106000186,68,27,41
106000187,14,144,-130
106000188,0,1,-1
106000189,0,0,0
106000190,0,0,0
106000191,21,25,-4
106000192,0,7,-7
106000193,20,15,5
106000194,13,51,-38
106000195,8,7,1
106000196,4,36,-32
106000197,12,21,-9
106000198,4,61,-57
106000199,104,51,53
106000200,32,36,-4
106000201,30,33,-3
106000202,473,60,413
106000203,5,39,-34
106000204,0,0,0
106000205,9,34,-25
106000206,0,0,0
106000207,11,167,-156
106000208,11,1,10
106000209,17,16,1
106000210,27,245,-218
106000211,69,433,-364
106000212,2,5,-3
106000213,43,210,-167
106000214,152,12,140
106000215,16,41,-25
106000216,42,27,15
106000217,10,27,-17
106000218,38,43,-5
106000219,7,25,-18
106000220,22,22,0
106000221,9,56,-47
106000222,0,0,0
106000223,0,0,0
106000224,4,27,-23
106000225,0,0,0
106000226,7,53,-46
106000228,1,70,-69
106000229,5,149,-144
106000231,3,3,0
106000232,4,96,-92
106000233,2,1,1
106000234,7,44,-37
106000235,0,0,0
106000236,5,14,-9
106000237,0,1,-1
106000238,0,0,0
106000239,0,9,-9
106000240,0,0,0
106000241,7,145,-138
106000242,8,0,8
106000249,0,0,0
106000250,7,62,-55
106000251,0,0,0
106000252,2,20,-18
106000253,0,0,0
106000254,4,12,-8
106000255,0,0,0
106000256,6,12,-6
106000257,20,35,-15
106000258,0,0,0
106000259,0,9,-9
106000260,0,0,0
106000261,0,4,-4
106000262,0,0,0
106000263,0,5,-5
106000264,0,0,0
106000265,1,17,-16
106000266,0,0,0
106000267,0,15,-15
106000268,0,0,0
106000269,12,13,-1
106000270,9,91,-82
106000271,0,0,0
106000272,2,4,-2
106000273,0,2,-2
106000274,18,4,14
106000275,0,1,-1
106000276,5,8,-3
106000277,0,1,-1
106000278,20,2,18
106000279,0,10,-10
106000280,0,8,-8
106000281,16,7,9
106000282,3,11,-8
106000283,5,3,2
106000284,0,5,-5
106000285,7,11,-4
106000286,0,5,-5
106000287,7,2,5
106000288,3,14,-11
106000289,4,6,-2
106000290,1,13,-12
106000291,10,6,4
106000292,1,9,-8
106000293,2,8,-6
106000294,6,20,-14
106000295,3,4,-1
106000296,7,9,-2
106000297,5,18,-13
106000298,11,7,4
106000299,5,11,-6
106000300,2,29,-27
106000301,2,25,-23
106000303,0,0,0
106000304,0,2,-2
106000305,0,0,0
106000306,9,5,4
106000307,0,0,0
106000308,3,10,-7
106000309,3,3,0
106000310,12,55,-43
106000311,9,8,1
106000312,20,11,9
106000313,7,15,-8
106000318,10,24,-14
106000319,41,0,41
106000320,0,0,0
106000321,1,0,1
106000322,4,22,-18
106000324,0,0,0
106000325,73,32,41
106000326,153,435,-282
106000327,0,0,0
106000328,0,0,0
106000329,3,12,-9
106000330,2,22,-20
106000428,16,33,-17
106000429,14,50,-36
106000430,46,172,-126
106000431,32,39,-7
106000432,193,396,-203
106000433,116,87,29
106000434,133,37,96
106000435,398,549,-151
106000436,2,74,-72
106000437,0,0,0
106000438,0,0,0
106000439,2,54,-52
106000440,34,42,-8
106000441,0,0,0
106000442,0,0,0
106000443,3,22,-19
106000450,2,48,-46
106000451,0,0,0
106000454,1,7,-6
106000455,1,75,-74
106000456,0,0,0
106000457,2,218,-216
106000458,0,0,0
106000459,8,86,-78
106000460,0,0,0
106000461,3,280,-277
106000462,0,3,-3
106000463,0,0,0
106000464,7,102,-95
106000465,0,0,0
106000466,2,138,-136
106000467,124,112,12
106000468,0,0,0
106000469,0,2,-2
106000470,40,125,-85
106000471,1,86,-85
106000472,0,0,0
106000473,0,1,-1
106000474,157,241,-84
106000475,37,32,5
106000476,7,8,-1
106000477,12,67,-55
106000480,0,31,-31
106900001,0,0,0
106900002,0,0,0
106900003,0,0,0
106900004,0,0,0
106900006,0,0,0
106900007,0,0,0
106900008,0,0,0
106900009,0,0,0
106900010,0,0,0
106900012,0,0,0
106900013,0,0,0
106900014,0,0,0
106900015,0,0,0
106900016,0,0,0
106900017,0,0,0
106900018,0,0,0
106900019,0,0,0
106900020,0,0,0
106900021,0,0,0
106900022,0,0,0
106900023,0,0,0
106900024,0,0,0
106900025,0,0,0
106900026,0,0,0
106900027,0,0,0
107000001,209,294,-85
107000002,739,1152,-413
107000003,461,527,-66
107000004,949,1493,-544
107000005,133,314,-181
107000006,669,1463,-794
107000007,450,452,-2
107000008,4456,3643,813
107000009,287,371,-84
107000010,4531,2408,2123
107000011,193,224,-31
107000012,407,515,-108
107000013,9,73,-64
107000014,4,71,-67
107000015,72,250,-178
107000016,48,290,-242
107000017,166,59,107
107000018,0,36,-36
107000020,32,27,5
107000021,101,154,-53
107000022,24,212,-188
107000023,175,69,106
107000024,51,456,-405
107000025,26,48,-22
107000026,23,140,-117
107000027,208,70,138
107000028,135,169,-34
107000029,191,109,82
107000030,208,418,-210
107000031,100,127,-27
107000032,4,15,-11
107000033,276,568,-292
107000034,357,234,123
107000035,5,0,5
107000036,48,89,-41
107000037,3,6,-3
107000038,67,94,-27
107000039,0,0,0
107000040,39,105,-66
107000041,138,60,78
107000042,79,244,-165
107000043,115,41,74
107000044,84,161,-77
107000045,10,74,-64
107000046,21,21,0
107000047,44,185,-141
107000048,40,36,4
107000049,31,188,-157
107000050,18,42,-24
107000051,45,58,-13
107000052,93,45,48
107000053,8,14,-6
107000054,11,91,-80
107000055,57,21,36
107000056,65,174,-109
107000057,162,38,124
107000058,0,0,0
107000059,138,518,-380
107000060,26,24,2
107000061,599,812,-213
107000062,18,25,-7
107000063,513,945,-432
107000064,28,33,-5
107000065,640,1208,-568
107000066,22,20,2
107000067,16,20,-4
107000068,0,0,0
107000069,0,0,0
107000070,0,1,-1
107000071,0,0,0
107000072,6,575,-569
107000073,0,0,0
107000074,42,217,-175
107000075,0,0,0
107000076,117,592,-475
107000077,1,1,0
107000078,110,644,-534
107000079,0,0,0
107000080,93,574,-481
107000081,7,1,6
107000082,58,547,-489
107000083,2,7,-5
107000084,71,477,-406
107000085,219,308,-89
107000086,286,449,-163
107000087,187,162,25
107000088,212,469,-257
107000089,52,54,-2
107000090,140,264,-124
107000091,66,67,-1
107000092,132,236,-104
107000093,44,102,-58
107000094,103,194,-91
107000095,0,0,0
107000096,134,221,-87
107000097,0,0,0
107000098,82,229,-147
107000099,0,0,0
107000100,54,124,-70
107000101,0,0,0
107000102,72,107,-35
107000103,0,0,0
107000104,26,105,-79
107000105,4,0,4
107000106,25,78,-53
107000107,3,5,-2
107000108,20,165,-145
107000109,0,0,0
107000110,6,81,-75
107000111,0,0,0
107000112,2,73,-71
107000113,0,0,0
107000114,15,106,-91
107000115,0,0,0
107000116,8,189,-181
107000117,0,0,0
107000118,16,39,-23
107000119,77,29,48
107000120,171,116,55
107000121,23,4,19
107000122,64,177,-113
107000123,11,12,-1
107000124,41,205,-164
107000125,29,9,20
107000126,50,256,-206
107000129,15,188,-173
107000130,0,0,0
107000131,35,126,-91
107000132,0,0,0
107000133,2,2,0
107000134,0,0,0
107000135,1,4,-3
107000136,4,0,4
107000137,0,14,-14
107000138,5,0,5
107000139,0,13,-13
107000140,40,0,40
107000141,17,25,-8
107000142,10,1,9
107000143,1,43,-42
107000144,4,3,1
107000145,6,18,-12
107000146,1,2,-1
107000147,306,28,278
107000150,7,10,-3
107000151,0,8,-8
107000152,1,27,-26
107000153,13,34,-21
107000154,3,2,1
107000155,15,0,15
107000156,36,0,36
107000157,1,110,-109
107000158,17,0,17
107000159,1,64,-63
107000160,12,6,6
107000161,0,55,-55
107000162,6,18,-12
107000163,0,0,0
107000164,0,0,0
107000165,0,0,0
107000166,9,163,-154
107000167,14,16,-2
107000168,39,5,34
107000169,41,235,-194
107000170,30,7,23
107000171,28,494,-466
107000172,18,18,0
107000173,59,182,-123
107000174,50,70,-20
107000175,636,261,375
107000176,0,0,0
107000177,0,0,0
107000178,0,0,0
107000179,30,494,-464
107000180,0,0,0
107000181,38,250,-212
107000182,3,39,-36
107000183,14,167,-153
107000184,9,39,-30
107000185,23,235,-212
107000186,0,0,0
107000187,46,31,15
107000188,42,36,6
107000189,14,25,-11
107000190,45,110,-65
107000191,11,47,-36
107000192,85,76,9
107000193,0,3,-3
107000194,80,110,-30
107000197,0,0,0
107000198,43,179,-136
107000199,135,158,-23
107000200,0,0,0
107000201,36,36,0
107000202,0,0,0
107000203,111,80,31
107000204,17,6,11
107000205,583,286,297
107000206,0,0,0
107000207,19,10,9
107000208,32,9,23
107000209,26,0,26
107000210,89,20,69
107000211,0,0,0
107000212,1,47,-46
107000213,0,0,0
107000214,0,11,-11
107000215,1,8,-7
107000216,0,18,-18
107000217,1,3,-2
107000219,2,4,-2
107000220,1,22,-21
107000222,18,89,-71
107000224,0,0,0
107000225,24,62,-38
107000226,0,0,0
107000227,9,52,-43
107000228,8,18,-10
107000229,2,6,-4
107000230,187,161,26
107000231,6,6,0
107000232,0,0,0
107000233,12,11,1
107000234,0,0,0
107000235,0,1,-1
107000236,1,156,-155
107000237,0,0,0
107000238,0,0,0
107000239,33,3,30
107000240,4,122,-118
107000243,0,27,-27
107000244,1,36,-35
107000246,1,307,-306
107000249,0,133,-133
107000251,0,31,-31
107000252,0,224,-224
107000255,18,13,5
107000257,0,47,-47
107000258,0,9,-9
107000259,0,9,-9
107000260,0,0,0
107000262,0,55,-55
107000263,0,0,0
107000266,0,0,0
107000267,3,3,0
107000268,5,8,-3
107000269,0,5,-5
107000270,0,0,0
107000271,0,67,-67
107000272,0,32,-32
107000273,0,29,-29
107000274,1,0,1
107000275,14,40,-26
107000280,11,1,10
107000281,1,37,-36
107000282,2,113,-111
107000290,0,6,-6
107000291,0,0,0
107000292,0,7,-7
107000293,0,0,0
107000294,0,12,-12
107000295,0,0,0
107000296,0,0,0
107000444,14,0,14
107000496,0,0,0
107000497,130,626,-496
107000500,0,0,0
107000501,0,0,0
107000502,0,0,0
107000505,40,158,-118
107000506,0,0,0
107000508,0,99,-99
107000509,4,3,1
107000510,0,0,0
107000514,0,7,-7
107000515,1,13,-12
107000516,0,2,-2
107000518,0,0,0
107000519,125,304,-179
107000520,0,0,0
107000521,100,132,-32
107000522,0,35,-35
107900001,0,11,-11
107900002,0,0,0
107900003,0,1,-1
107900004,0,0,0
107900005,33,1,32
107900006,0,0,0
107900007,2,0,2
107900008,2,1,1
107900009,0,0,0
107900010,0,0,0
107900012,2,0,2
107900013,3,3,0
107900014,0,0,0
107900015,43,0,43
107900016,3,1,2
107900017,0,0,0
107900018,0,0,0
107900019,0,4,-4
107900020,0,0,0
107900021,2,4,-2
107900023,0,0,0
107900024,0,0,0
107900025,2,1,1
107900026,0,12,-12
107900027,0,0,0
107900028,0,6,-6
107900030,3,0,3
107900031,1,13,-12
107900032,0,0,0
107900033,0,0,0
107900034,11,0,11
107900035,16,0,16
107900036,0,0,0
107900037,0,0,0
107900038,6,5,1
107900039,0,6,-6
107900040,0,0,0
107900041,0,0,0
107900043,1,2,-1
107900044,0,0,0
107900045,4,0,4
107900046,1,3,-2
107900047,0,0,0
107900048,1,0,1
107900049,8,6,2
107900050,5,14,-9
107900051,1,2,-1
107900052,0,0,0
107900053,0,3,-3
107900055,7,3,4
107900056,3,0,3
107900057,0,0,0
107900058,2,37,-35
107900060,0,0,0
107900061,0,0,0
107900063,0,1,-1
107900064,4,1,3
107900065,2,0,2
107900066,0,0,0
107900067,0,0,0
107900068,1,0,1
107900069,0,1,-1
107900070,0,0,0
107900071,2,65,-63
107900072,2,7,-5
107900073,0,0,0
107900074,1,0,1
107900076,2,2,0
107900077,0,0,0
107900079,0,0,0
107900080,2,4,-2
107900081,0,0,0
107900082,0,1,-1
107900083,5,3,2
107900084,0,5,-5
107900086,9,4,5
107900087,34,1,33
107900088,0,0,0
107900089,13,18,-5
107900090,16,16,0
107900091,1,13,-12
107900093,0,0,0
107900095,107,31,76
107900097,0,2,-2
107900098,3,2,1
107900100,91,33,58
107900101,78,4,74
107900102,0,0,0
107900103,3,9,-6
107900104,0,0,0
107900105,0,52,-52
107900106,0,144,-144
107900107,38,17,21
107900108,5,0,5
107900109,0,0,0
107900110,1,6,-5
107900111,0,115,-115
107900112,9,31,-22
107900113,0,0,0
107900114,5,14,-9
107900115,0,1,-1
107900116,2,20,-18
107900117,5,10,-5
107900118,4,10,-6
107900119,0,3,-3
107900120,0,0,0
107900121,0,0,0
107900122,0,1,-1
107900123,0,3,-3
107900124,0,2,-2
107900125,2,16,-14
107900126,0,1,-1
107900127,35,9,26
107900128,2,1,1
107900129,0,2,-2
107900130,0,0,0
107900131,10,2,8
107900132,1,29,-28
107900133,0,7,-7
107900134,0,0,0
107900135,0,14,-14
107900136,2,2,0
107900137,0,1,-1
107900138,2,3,-1
107900139,0,0,0
107900141,0,2,-2
107900142,9,58,-49
107900143,1,4,-3
107900144,0,28,-28
107900145,4,4,0
107900146,0,0,0
107900147,1,1,0
107900148,17,17,0
107900149,108,8,100
107900150,1,50,-49
107900151,0,15,-15
107900152,1,12,-11
107900153,2,5,-3
107900154,0,0,0
107900155,0,0,0
107900156,0,10,-10
107900157,2,10,-8
107900158,11,1,10
107900159,3,67,-64
107900160,1,42,-41
107900161,0,42,-42
107900162,0,4,-4
107900163,0,0,0
107900164,0,2,-2
107900165,4,3,1
107900166,0,51,-51
107900167,0,0,0
107900168,0,5,-5
107900169,0,11,-11
107900171,1,171,-170
107900172,0,29,-29
107900173,0,29,-29
107900174,2,0,2
107900175,0,0,0
107900176,0,2,-2
107900177,0,4,-4
107900178,0,17,-17
107900179,0,24,-24
107900180,8,2,6
107900181,64,38,26
107900182,1,116,-115
107900183,0,31,-31
107900184,0,0,0
107900185,1,3,-2
107900186,0,2,-2
107900187,0,14,-14
107900188,32,2,30
107900189,0,7,-7
107900190,6,1,5
107900191,1,6,-5
107900193,0,18,-18
107900194,7,0,7
107900195,235,30,205
107900196,0,0,0
107900197,3,0,3
107900199,1,109,-108
107900201,3,10,-7
107900203,2,9,-7
107900204,23,29,-6
107900206,2,7,-5
107900207,0,98,-98
107900208,1,58,-57
107900209,29,16,13
107900210,1,4,-3
107900213,21,22,-1
107900214,2,24,-22
107900215,17,44,-27
107900216,0,4,-4
107900217,0,0,0
107900218,1,107,-106
107900219,0,7,-7
107900220,8,14,-6
107900221,30,28,2
107900223,0,0,0
107900224,16,31,-15
107900225,0,37,-37
107900226,0,8,-8
107900227,6,42,-36
107900228,0,8,-8
107900229,1,57,-56
107900230,1,10,-9
107900231,0,0,0
107900232,1,25,-24
107900233,0,6,-6
107900234,8,26,-18
107900235,6,15,-9
107900236,0,14,-14
107900237,2,83,-81
107900238,0,0,0
107900239,72,56,16
107900240,0,15,-15
107900241,0,4,-4
107900242,2,37,-35
107900243,0,0,0
107900244,0,0,0
107900245,3,0,3
107900246,0,0,0
107900248,6,14,-8
107900249,0,0,0
107900250,1,54,-53
107900251,0,72,-72
107900252,0,0,0
107900253,0,0,0
107900254,1,0,1
107900255,31,0,31
107900256,3,25,-22
107900257,0,1,-1
107900258,0,11,-11
107900259,0,5,-5
107900261,0,62,-62
107900262,0,0,0
107900264,0,0,0
107900265,0,12,-12
107900267,0,0,0
107900268,0,0,0
107900269,0,0,0
107900270,0,0,0
107900271,0,0,0
107900272,0,0,0
107900273,0,24,-24
107900274,0,0,0
107900275,0,0,0
107900276,0,1,-1
107900277,0,20,-20
107900278,0,25,-25
107900279,2,2,0
107900280,6,21,-15
107900281,114,63,51
107900282,1,29,-28
107900283,18,24,-6
107900284,4,96,-92
107900285,0,2,-2
107900286,4,3,1
107900287,0,2,-2
107900290,0,13,-13
107900291,4,1,3
107900292,3,18,-15
107900293,3,30,-27
107900295,1,15,-14
107900297,1,43,-42
107900298,31,36,-5
107900299,294,40,254
107900301,4,27,-23
107900302,3,0,3
107900303,2,24,-22
107900304,3,81,-78
107900305,0,1,-1
107900306,0,0,0
107900307,1,52,-51
107900308,16,1,15
107900309,0,0,0
107900310,0,0,0
107900311,2,0,2
107900312,0,0,0
107900313,0,1,-1
107900314,0,4,-4
107900315,0,4,-4
107900316,0,0,0
107900317,4,0,4
107900318,0,2,-2
107900319,0,7,-7
107900320,0,10,-10
107900321,0,0,0
107900322,0,11,-11
107900323,0,10,-10
107900324,0,0,0
107900325,0,0,0
107900326,3,56,-53
107900327,0,0,0
107900328,0,0,0
107900329,0,0,0
107900330,1,27,-26
107900331,0,0,0
107900332,2,3,-1
107900333,2,2,0
107900334,0,17,-17
107900335,5,8,-3
107900336,1,5,-4
107900337,112,20,92
107900338,0,17,-17
107900339,0,2,-2
107900340,0,7,-7
107900341,0,0,0
107900342,3,6,-3
107900343,1,0,1
107900344,0,7,-7
107900345,3,1,2
107900346,0,0,0
107900347,0,0,0
107900348,0,0,0
107900349,0,0,0
107900350,3,29,-26
107900351,0,6,-6
107900352,0,2,-2
107900353,0,0,0
107900354,0,5,-5
108000001,324,286,38
108000002,533,906,-373
108000003,257,195,62
108000004,3311,4533,-1222
108000005,283,218,65
108000006,854,1974,-1120
108000007,300,250,50
108000008,855,1690,-835
108000009,133,287,-154
108000010,500,1604,-1104
108000011,986,607,379
108000012,3828,4251,-423
108000014,13,29,-16
108000015,3,34,-31
108000016,68,236,-168
108000017,8,44,-36
108000018,4,28,-24
108000019,0,64,-64
108000020,0,0,0
108000021,96,407,-311
108000022,65,237,-172
108000023,0,0,0
108000024,6,82,-76
108000025,5,35,-30
108000026,16,77,-61
108000027,8,173,-165
108000028,6,37,-31
108000029,9,178,-169
108000030,2,25,-23
108000031,8,167,-159
108000032,0,0,0
108000033,74,291,-217
108000034,0,0,0
108000035,92,695,-603
108000036,37,280,-243
108000037,57,23,34
108000038,31,14,17
108000039,63,407,-344
108000040,18,18,0
108000041,103,597,-494
108000042,0,27,-27
108000043,2,98,-96
108000044,0,43,-43
108000045,15,226,-211
108000046,0,0,0
108000047,52,313,-261
108000048,23,157,-134
108000049,23,16,7
108000050,9,123,-114
108000051,11,13,-2
108000052,41,141,-100
108000053,24,11,13
108000054,29,138,-109
108000055,15,17,-2
108000056,134,187,-53
108000057,18,55,-37
108000058,12,164,-152
108000059,398,279,119
108000060,1,13,-12
108000061,43,81,-38
108000062,25,5,20
108000063,37,99,-62
108000064,0,0,0
108000065,72,75,-3
108000066,111,27,84
108000067,46,26,20
108000068,0,0,0
108000069,44,343,-299
108000070,0,0,0
108000071,46,500,-454
108000072,0,0,0
108000073,130,425,-295
108000074,0,0,0
108000075,33,221,-188
108000076,0,0,0
108000077,77,245,-168
108000078,11,18,-7
108000079,229,402,-173
108000080,1,7,-6
108000081,69,523,-454
108000082,126,254,-128
108000083,5,5,0
108000084,44,196,-152
108000085,1,1,0
108000086,79,143,-64
108000087,0,17,-17
108000088,9,0,9
108000089,15,16,-1
108000091,17,212,-195
108000092,0,1,-1
108000093,33,185,-152
108000094,0,0,0
108000095,32,144,-112
108000096,0,0,0
108000097,23,177,-154
108000098,27,40,-13
108000099,42,15,27
108000100,5,37,-32
108000101,0,1,-1
108000102,35,134,-99
108000106,0,0,0
108000107,0,106,-106
108000108,0,0,0
108000109,0,135,-135
108000110,11,38,-27
108000111,51,278,-227
108000112,0,0,0
108000113,17,17,0
108000115,28,24,4
108000117,35,33,2
108000118,9,75,-66
108000119,18,123,-105
108000120,2,57,-55
108000121,2,121,-119
108000122,14,29,-15
108000123,6,1,5
108000124,13,216,-203
108000125,1,0,1
108000126,13,176,-163
108000127,0,3,-3
108000128,25,245,-220
108000129,28,441,-413
108000130,3,1,2
108000131,1,1,0
108000132,102,229,-127
108000133,1,2,-1
108000134,78,384,-306
108000135,2,1,1
108000136,34,494,-460
108000137,0,1,-1
108000138,13,56,-43
108000139,0,5,-5
108000140,26,2,24
108000141,1,24,-23
108000142,31,36,-5
108000143,6,42,-36
108000144,7,2,5
108000145,7,17,-10
108000146,9,4,5
108000147,2,21,-19
108000148,2,2,0
108000149,1,12,-11
108000150,4,0,4
108000151,8,4,4
108000152,13,29,-16
108000153,2,4,-2
108000154,10,7,3
108000155,3,4,-1
108000156,53,14,39
108000157,1,5,-4
108000158,8,54,-46
108000159,24,1,23
108000160,199,130,69
108000161,87,89,-2
108000165,0,0,0
108000172,0,0,0
108000173,122,15,107
108000175,1,34,-33
108000178,92,71,21
108000179,0,0,0
108000181,0,3,-3
108000182,9,4,5
108000183,12,16,-4
108000184,25,104,-79
108000185,2,94,-92
108000186,0,26,-26
108000187,3,67,-64
108000188,3,1,2
108000189,22,38,-16
108000190,3,37,-34
108000192,13,52,-39
108000193,87,8,79
108000194,0,0,0
108000195,0,367,-367
108000196,0,15,-15
108000198,49,27,22
108000199,0,48,-48
108000200,3,11,-8
108000203,6,138,-132
108000204,13,0,13
108000205,62,27,35
108000339,14,26,-12
108000364,24,20,4
108000365,0,17,-17
108000367,5,10,-5
108000368,1,10,-9
108000369,113,13,100
108000371,0,108,-108
108000372,0,0,0
108000373,0,0,0
108000376,6,3,3
108000377,7,0,7
108000378,1098,566,532
108000379,0,27,-27
108000381,0,0,0
108000382,0,0,0
108000383,0,12,-12
108900001,21,22,-1
108900002,5,0,5
108900003,14,61,-47
108900004,52,32,20
108900007,3,9,-6
108900008,0,5,-5
108900009,2,4,-2
108900010,1,5,-4
108900011,0,14,-14
108900012,8,30,-22
108900013,1,22,-21
108900014,1,6,-5
108900015,0,0,0
108900016,0,24,-24
108900017,0,3,-3
108900018,3,16,-13
108900019,0,70,-70
108900020,1,13,-12
108900021,0,13,-13
108900022,0,0,0
108900023,0,1,-1
108900024,0,9,-9
108900025,0,0,0
108900026,2,1,1
108900027,0,19,-19
108900028,0,26,-26
108900029,0,5,-5
108900030,0,15,-15
108900031,3,29,-26
108900032,0,13,-13
108900033,0,3,-3
108900034,0,11,-11
108900035,2,156,-154
108900038,1,18,-17
108900039,0,9,-9
108900040,0,0,0
108900041,169,40,129
108900042,0,7,-7
108900043,1,10,-9
108900044,0,50,-50
108900045,1,19,-18
108900046,1,45,-44
108900047,0,16,-16
108900048,2,36,-34
108900049,118,20,98
108900050,0,10,-10
108900051,0,12,-12
108900052,0,11,-11
108900053,1,4,-3
108900054,0,12,-12
108900055,3,26,-23
108900056,0,17,-17
108900057,1,13,-12
108900058,6,24,-18
108900059,10,0,10
108900060,0,0,0
108900061,2,2,0
108900062,0,51,-51
108900063,0,18,-18
108900064,0,3,-3
108900065,0,13,-13
108900066,0,0,0
108900067,0,25,-25
108900068,0,9,-9
108900069,0,4,-4
108900070,1,3,-2
108900071,0,0,0
108900072,0,0,0
108900073,1,10,-9
108900074,0,9,-9
108900075,2,2,0
108900076,0,0,0
108900077,2,21,-19
108900078,0,2,-2
108900079,11,0,11
108900080,0,0,0
108900081,9,28,-19
108900082,0,1,-1
108900083,0,0,0
108900085,29,0,29
108900086,0,8,-8
108900087,2,4,-2
108900088,0,0,0
108900089,0,0,0
108900090,0,16,-16
108900091,7,0,7
108900092,0,0,0
108900093,0,0,0
108900094,4,0,4
108900095,4,17,-13
108900096,6,0,6
108900097,2,47,-45
108900098,0,0,0
108900099,0,24,-24
108900100,0,3,-3
108900101,0,0,0
108900102,0,3,-3
108900103,0,0,0
108900105,0,0,0
108900106,0,42,-42
108900108,0,0,0
108900109,0,0,0
108900110,0,41,-41
108900111,0,47,-47
108900113,0,1,-1
108900114,0,0,0
108900115,0,0,0
108900116,0,0,0
108900117,0,0,0
108900118,0,0,0
108900119,0,0,0
108900120,0,0,0
108900121,0,0,0
108900122,0,0,0
108900123,0,0,0
108900124,0,0,0
108900125,0,0,0
108900126,0,1,-1
108900127,0,0,0
108900128,0,0,0
108900129,0,0,0
108900130,0,0,0
108900131,4,0,4
108900132,0,0,0
108900133,0,0,0
108900134,0,0,0
108900135,0,0,0
108900136,0,0,0
108900137,0,0,0
108900138,0,0,0
108900140,0,0,0
108900141,0,0,0
108900142,0,0,0
108900143,0,0,0
108900144,0,0,0
108900145,0,0,0
108900146,0,0,0
108900147,3,1,2
108900148,0,0,0
108900150,0,0,0
108900151,0,0,0
108900152,0,2,-2
108900153,0,23,-23
108900154,0,0,0
108900156,0,0,0
108900157,0,24,-24
108900158,0,0,0
108900159,0,14,-14
108900160,0,17,-17
108900161,0,31,-31
108900162,0,0,0
108900163,0,0,0
108900164,1,3,-2
108900168,250,16,234
108900169,0,4,-4
108900171,46,69,-23
108900172,0,0,0
108900173,2,2,0
108900174,0,0,0
108900176,5,13,-8
108900177,298,46,252
108900178,89,12,77
108900180,0,0,0
108900183,6,9,-3
108900184,0,9,-9
108900185,1,6,-5
108900186,0,16,-16
108900189,0,0,0
108900190,2,129,-127
108900192,1,10,-9
108900195,1,23,-22
108900196,1,32,-31
108900199,3,17,-14
108900200,22,20,2
108900201,3,64,-61
108900203,1,2,-1
108900204,1,0,1
108900205,0,0,0
108900206,0,0,0
108900207,0,0,0
108900208,1,21,-20
108900209,9,34,-25
108900210,7,7,0
108900211,0,2,-2
108900212,12,16,-4
108900215,4,34,-30
108900216,0,2,-2
108900217,0,0,0
108900218,0,0,0
108900221,3,1,2
108900224,3,10,-7
108900225,0,14,-14
108900227,1,4,-3
108900230,11,8,3
108900232,0,25,-25
108900233,0,0,0
108900234,0,0,0
108900235,6,24,-18
108900236,0,17,-17
108900240,0,0,0
108900241,0,0,0
108900245,0,2,-2
108900250,0,4,-4
108900258,0,4,-4
108900259,0,1,-1
108900260,0,1,-1
108900261,1,4,-3
108900262,1,2,-1
108900263,0,0,0
108900264,0,0,0
108900265,0,0,0
108900266,0,0,0
108900267,0,0,0
108900268,0,0,0
108900269,0,0,0
108900270,0,0,0
108900271,0,0,0
108900272,0,0,0
108900273,0,0,0
108900274,3,4,-1
109000001,257,49,208
109000002,1015,290,725
109000003,136,52,84
109000004,167,714,-547
109000005,110,68,42
109000006,175,826,-651
109000007,86,53,33
109000008,109,539,-430
109000009,370,109,261
109000010,382,1192,-810
109000011,277,138,139
109000012,300,904,-604
109000013,248,121,127
109000014,282,1252,-970
109000015,310,182,128
109000016,984,1415,-431
109000017,173,176,-3
109000018,446,1625,-1179
109000019,259,117,142
109000020,314,684,-370
109000023,0,0,0
109000024,0,27,-27
109000025,78,28,50
109000026,32,23,9
109000027,7,30,-23
109000028,3,10,-7
109000029,28,13,15
109000030,46,89,-43
109000031,0,0,0
109000032,7,177,-170
109000033,0,0,0
109000034,0,3,-3
109000035,0,0,0
109000036,18,84,-66
109000037,14,21,-7
109000038,159,50,109
109000039,60,16,44
109000040,95,59,36
109000041,467,137,330
109000042,47,116,-69
109000044,3,10,-7
109000045,22,103,-81
109000046,0,1,-1
109000047,15,210,-195
109000048,27,15,12
109000049,61,321,-260
109000050,6,16,-10
109000051,116,114,2
109000052,9,130,-121
109000053,23,37,-14
109000054,3,50,-47
109000055,1,19,-18
109000056,12,37,-25
109000057,17,22,-5
109000058,104,27,77
109000059,16,101,-85
109000060,30,2,28
109000061,98,29,69
109000062,12,4,8
109000063,14,23,-9
109000064,5,0,5
109000065,3,20,-17
109000066,6,0,6
109000067,2,27,-25
109000068,0,0,0
109000069,0,0,0
109000070,0,170,-170
109000071,80,9,71
109000072,14,35,-21
109000073,2,15,-13
109000074,3,18,-15
109000075,21,184,-163
109000076,1,20,-19
109000077,18,37,-19
109000078,0,6,-6
109000079,5,36,-31
109000080,6,21,-15
109000081,5,64,-59
109000082,6,36,-30
109000083,15,87,-72
109000088,4,30,-26
109000089,5,2,3
109000090,33,58,-25
109000091,23,5,18
109000092,36,89,-53
109000093,26,7,19
109000094,13,2,11
109000095,3,83,-80
109000096,25,1,24
109000097,6,9,-3
109000098,0,0,0
109000099,27,20,7
109000100,10,142,-132
109000101,47,68,-21
109000102,15,211,-196
109000103,22,58,-36
109000104,61,37,24
109000105,22,335,-313
109000106,44,53,-9
109000107,40,355,-315
109000108,61,47,14
109000109,47,336,-289
109000110,70,46,24
109000111,244,572,-328
109000112,17,12,5
109000113,18,68,-50
109000114,1,40,-39
109000115,32,7,25
109000116,1,43,-42
109000117,1,7,-6
109000118,0,50,-50
109000119,18,23,-5
109000120,2,193,-191
109000121,8,14,-6
109000122,3,202,-199
109000123,4,19,-15
109000124,21,60,-39
109000125,37,56,-19
109000126,37,295,-258
109000127,17,34,-17
109000128,22,385,-363
109000129,7,13,-6
109000130,76,613,-537
109000131,39,33,6
109000132,95,295,-200
109000133,19,209,-190
109000134,69,410,-341
109000135,133,319,-186
109000136,9,12,-3
109000137,21,32,-11
109000138,5,10,-5
109000139,22,49,-27
109000140,5,25,-20
109000141,16,88,-72
109000142,9,40,-31
109000143,14,1,13
109000145,22,17,5
109000146,0,0,0
109000148,416,61,355
109000149,6,10,-4
109000150,0,0,0
109000155,26,118,-92
109000156,115,53,62
109000158,1,66,-65
109000159,8,59,-51
109000160,78,64,14
109000161,6,171,-165
109000162,140,154,-14
109000163,27,120,-93
109000164,74,319,-245
109000165,15,78,-63
109000166,36,32,4
109000167,7,69,-62
109000170,0,0,0
109000171,0,1,-1
109000172,0,0,0
109000173,2,2,0
109000174,0,0,0
109000175,0,0,0
109000176,8,43,-35
109000177,0,0,0
109000178,13,9,4
109000179,378,77,301
109000180,584,221,363
109000181,0,7,-7
109000182,2,6,-4
109000183,1,2,-1
109000184,5,8,-3
109000185,0,0,0
109000188,16,77,-61
109000189,46,95,-49
109000190,55,156,-101
109000191,0,0,0
109000192,3,4,-1
109000193,11,48,-37
109000194,1,6,-5
109000195,0,42,-42
109000196,0,1,-1
109000197,6,58,-52
109000198,1,0,1
109000199,3,51,-48
109000206,11,9,2
109000207,7,10,-3
109000208,12,4,8
109000209,7,8,-1
109000210,31,39,-8
109000211,5,9,-4
109000214,13,50,-37
109000215,0,0,0
109000216,12,20,-8
109000217,12,4,8
109000218,21,7,14
109000221,7,103,-96
109000222,23,0,23
109000223,24,34,-10
109000224,0,7,-7
109000225,0,4,-4
109000226,9,19,-10
109000227,24,54,-30
109000228,0,81,-81
109000231,1,57,-56
109000232,3,45,-42
109000236,13,283,-270
109000241,89,201,-112
109000242,25,68,-43
109000293,3,15,-12
109000361,1,22,-21
109000364,5,41,-36
109000396,0,124,-124
109000397,15,0,15
109000399,29,56,-27
109000400,1,55,-54
109000403,5,20,-15
109000406,10,1,9
109000407,7,7,0
109000408,0,74,-74
109000410,122,39,83
109000411,0,0,0
109900001,0,0,0
109900002,0,0,0
109900003,0,0,0
109900004,2,1,1
109900005,0,0,0
109900006,0,7,-7
109900007,0,88,-88
109900008,0,2,-2
109900009,6,100,-94
109900010,0,0,0
109900011,1,0,1
109900012,10,4,6
109900013,8,5,3
109900014,3,4,-1
109900015,7,4,3
109900016,1,6,-5
109900017,2,6,-4
109900018,1,14,-13
109900019,3,2,1
109900020,0,2,-2
109900021,0,0,0
109900022,0,19,-19
109900023,0,0,0
109900024,0,0,0
109900025,1,4,-3
109900026,0,0,0
109900027,0,0,0
109900028,128,17,111
109900029,0,15,-15
109900030,2,0,2
109900031,0,3,-3
109900032,0,29,-29
109900033,0,0,0
109900034,0,0,0
109900035,0,0,0
109900036,1,10,-9
109900037,0,47,-47
109900038,0,0,0
109900039,0,0,0
109900040,0,38,-38
109900041,0,34,-34
109900042,0,28,-28
109900044,1,9,-8
109900045,0,0,0
109900046,2,7,-5
109900047,5,13,-8
109900048,0,3,-3
109900049,0,2,-2
109900050,0,26,-26
109900051,1,2,-1
109900052,0,14,-14
109900053,0,36,-36
109900054,0,0,0
109900055,0,17,-17
109900056,0,0,0
109900057,0,8,-8
109900058,0,2,-2
109900059,0,0,0
109900060,0,0,0
109900061,7,33,-26
109900062,0,8,-8
109900063,0,0,0
109900064,5,0,5
109900065,9,7,2
109900066,7,69,-62
109900067,1,28,-27
109900068,0,0,0
109900069,0,8,-8
109900070,0,1,-1
109900071,1,2,-1
109900072,0,13,-13
109900073,0,23,-23
109900074,0,16,-16
109900075,0,0,0
109900076,3,95,-92
109900077,0,0,0
109900078,4,14,-10
109900080,1,12,-11
109900081,0,1,-1
109900082,0,27,-27
109900083,0,4,-4
109900084,0,8,-8
109900085,0,43,-43
109900086,0,0,0
109900087,3,19,-16
109900089,0,0,0
109900090,0,2,-2
109900091,0,0,0
109900092,0,0,0
109900093,0,0,0
109900094,0,4,-4
109900095,0,5,-5
109900096,0,0,0
109900097,0,0,0
109900098,0,0,0
109900099,0,0,0
109900100,0,0,0
109900101,0,0,0
109900102,0,0,0
109900103,0,2,-2
109900104,0,140,-140
109900105,0,0,0
109900106,0,0,0
109900107,0,0,0
109900108,4,53,-49
109900109,2,15,-13
109900110,0,1,-1
109900111,2,43,-41
109900112,0,3,-3
109900113,0,0,0
109900114,0,0,0
109900115,0,0,0
109900117,0,0,0
109900118,0,3,-3
109900119,1,0,1
109900120,0,0,0
109900121,5,4,1
109900122,0,0,0
109900123,0,5,-5
109900124,0,6,-6
109900125,0,10,-10
109900126,0,5,-5
109900128,0,0,0
109900130,230,3,227
109900131,0,0,0
109900132,0,0,0
109900133,0,0,0
109900134,0,0,0
109900135,21,5,16
109900136,0,1,-1
109900137,0,0,0
109900140,1,22,-21
109900142,1,5,-4
109900145,0,0,0
109900146,0,0,0
109900148,0,0,0
109900149,1,0,1
109900150,0,2,-2
109900151,0,1,-1
109900152,0,1,-1
109900153,0,2,-2
109900154,0,0,0
109900155,1,0,1
109900157,0,10,-10
109900158,0,0,0
109900159,8,2,6
109900160,0,1,-1
109900161,2,0,2
109900162,3,7,-4
109900163,9,0,9
109900164,3,22,-19
109900165,5,0,5
109900166,0,10,-10
109900167,3,54,-51
109900168,3,69,-66
109900169,11,28,-17
109900170,19,8,11
109900171,1,1,0
109900172,14,10,4
109900173,250,51,199
109900174,0,5,-5
109900175,15,12,3
109900176,14,15,-1
109900177,4,19,-15
109900178,0,8,-8
109900179,0,0,0
109900180,0,0,0
110000001,118,188,-70
110000002,71,47,24
110000003,901,335,566
110000004,147,70,77
110000005,282,94,188
110000006,43,73,-30
110000007,1,3,-2
110000008,2,10,-8
110000009,0,0,0
110000010,5,23,-18
110000011,0,7,-7
110000012,149,121,28
110000013,5,19,-14
110000014,122,40,82
110000015,0,6,-6
110000016,30,47,-17
110000017,48,15,33
110000018,146,21,125
110000019,8,26,-18
110000020,32,35,-3
110000021,8,4,4
110000022,17,6,11
110000023,0,17,-17
110000024,78,141,-63
110000025,11,0,11
110000026,0,47,-47
110000027,57,38,19
110000028,3,12,-9
110000029,49,150,-101
110000030,4,4,0
110000031,15,139,-124
110000032,4,0,4
110000033,2,1,1
110000034,47,136,-89
110000035,7,30,-23
110000036,23,69,-46
110000037,1,30,-29
110000038,23,49,-26
110000039,59,37,22
110000040,21,64,-43
110000041,0,0,0
110000042,8,36,-28
110000043,0,0,0
110000044,4,7,-3
110000045,0,0,0
110000046,2,1,1
110000047,0,0,0
110000048,0,1,-1
110000049,0,0,0
110000050,0,2,-2
110000051,0,0,0
110000052,0,0,0
110000053,0,0,0
110000054,1,20,-19
110000055,0,0,0
110000056,0,0,0
110000057,35,172,-137
110000058,20,13,7
110000059,104,223,-119
110000060,56,89,-33
110000061,288,398,-110
110000062,163,110,53
110000063,6,17,-11
110000064,0,0,0
110000065,3,11,-8
110000066,6,5,1
110000067,0,0,0
110000068,0,0,0
110000069,6,12,-6
110000071,1,12,-11
110000073,1,1,0
110000075,1,26,-25
110000076,7,7,0
110000077,15,11,4
110000078,1,4,-3
110000080,31,184,-153
110000081,1,34,-33
110000082,2,43,-41
110000083,47,172,-125
110000084,28,44,-16
110000085,604,290,314
110000086,35,110,-75
110000087,0,20,-20
110000088,1,103,-102
110000089,0,8,-8
110000090,2,41,-39
110000091,209,42,167
110000092,0,3,-3
110000093,59,0,59
110000094,47,120,-73
110000095,7,57,-50
110000096,473,330,143
110000097,108,143,-35
110000098,57,56,1
110000099,70,250,-180
110000100,2,49,-47
110000101,1,40,-39
110000102,1,4,-3
110000104,6,2,4
110000105,0,16,-16
110000106,9,10,-1
110000107,9,10,-1
110000108,57,0,57
110000109,22,154,-132
110000110,484,109,375
110000111,979,348,631
110000112,55,18,37
110000113,32,20,12
110000114,7,19,-12
110000115,12,11,1
110000116,10,3,7
110000117,3,60,-57
110000118,12,5,7
110000119,2,56,-54
110000120,22,7,15
110000121,5,37,-32
110000122,35,111,-76
110000123,17,22,-5
110000124,0,198,-198
110000125,0,0,0
110000126,0,0,0
110000127,0,0,0
110000128,3,283,-280
110000129,0,166,-166
110000130,0,0,0
110000131,16,138,-122
110000132,0,168,-168
110000133,11,45,-34
110000134,3,49,-46
110000135,0,0,0
110000136,2,46,-44
110000137,4,38,-34
110000138,24,110,-86
110000139,10,39,-29
110000140,0,0,0
110000143,13,24,-11
110000144,511,174,337
110000145,146,61,85
110000146,195,72,123
110000147,21,119,-98
110000148,0,0,0
110000151,21,18,3
110000152,46,51,-5
110000153,1,10,-9
110000154,1,4,-3
110000155,252,519,-267
110000156,38,321,-283
110000157,166,376,-210
110000160,20,34,-14
110000161,26,32,-6
110000166,3,2,1
110000167,39,62,-23
110000168,59,33,26
110000169,9,17,-8
110000170,2,15,-13
110000171,30,12,18
110000172,16,184,-168
110000173,128,289,-161
110000174,10,227,-217
110000175,0,0,0
110000176,0,0,0
110000177,0,23,-23
110000178,201,84,117
110000179,124,49,75
110000180,5,43,-38
110000181,12,48,-36
110000182,46,56,-10
110000183,439,337,102
110000184,69,81,-12
110000185,55,187,-132
110000186,94,61,33
110000191,3,44,-41
110000192,2,0,2
110000193,1,0,1
110000194,1,138,-137
110000195,4,9,-5
110000196,11,46,-35
110000197,2,7,-5
110000198,1,0,1
110000199,6,13,-7
110000200,47,117,-70
110000201,17,39,-22
110000202,51,45,6
110000203,21,121,-100
110000204,1,50,-49
110000205,1,1,0
110000206,8,156,-148
110000207,14,31,-17
110000208,8,8,0
110000209,16,123,-107
110000210,0,0,0
110000211,0,0,0
110000212,38,63,-25
110000213,0,4,-4
110000214,2,3,-1
110000215,6,67,-61
110000216,1,70,-69
110000217,5,26,-21
110000218,5,62,-57
110000219,5,4,1
110000220,4,49,-45
110000221,4,12,-8
110000222,2,34,-32
110000223,2,5,-3
110000224,0,1,-1
110000225,16,67,-51
110000226,0,3,-3
110000227,34,55,-21
110000228,7,2,5
110000229,0,37,-37
110000230,28,67,-39
110000231,2,5,-3
110000232,4,73,-69
110000233,1,13,-12
110000234,5,48,-43
110000235,20,58,-38
110000236,85,281,-196
110000237,187,208,-21
110000238,27,101,-74
110000239,67,193,-126
110000240,1,24,-23
110000242,0,16,-16
110000243,10,21,-11
110000244,4,64,-60
110000245,5,98,-93
110000246,18,44,-26
110000247,82,258,-176
110000248,7,92,-85
110000249,0,0,0
110000250,0,8,-8
110000251,3,22,-19
110000252,7,26,-19
110000253,14,5,9
110000254,66,160,-94
110000255,14,139,-125
110000256,5,2,3
110000257,37,157,-120
110000258,0,31,-31
110000259,9,0,9
110000260,0,29,-29
110000263,44,7,37
110000264,1,42,-41
110000265,278,187,91
110000266,161,191,-30
110000267,0,26,-26
110000268,2,19,-17
110000269,0,14,-14
110000270,0,0,0
110000271,5,6,-1
110000272,99,308,-209
110000273,190,315,-125
110000274,4,78,-74
110000275,200,55,145
110000276,24,32,-8
110000277,6,20,-14
110000278,20,71,-51
110000279,3,54,-51
110000280,1,36,-35
110000281,0,24,-24
110000282,2,7,-5
110000283,0,6,-6
110000284,1,1,0
110000285,0,48,-48
110000286,0,0,0
110000287,0,0,0
110000288,0,13,-13
110000289,21,272,-251
110000290,133,179,-46
110000291,241,192,49
110000292,162,277,-115
110000293,10,122,-112
110000294,29,114,-85
110000295,2,81,-79
110000296,5,82,-77
110000297,144,80,64
110000298,37,59,-22
110000299,0,0,0
110000301,0,0,0
110000302,13,180,-167
110000303,0,0,0
110000304,14,63,-49
110000305,7,0,7
110000306,4,360,-356
110000307,7,0,7
110000308,0,0,0
110000309,2,202,-200
110000310,19,3,16
110000311,2,135,-133
110000312,11,1,10
110000313,152,314,-162
110000314,0,52,-52
110000315,403,305,98
110000316,230,454,-224
110000317,56,64,-8
110000318,2,20,-18
110000319,0,0,0
110000320,1,15,-14
110000321,0,0,0
110000322,4,6,-2
110000323,10,51,-41
110000324,751,523,228
110000325,8,11,-3
110000327,0,25,-25
110000328,19,118,-99
110000333,0,0,0
110000334,34,216,-182
110000335,14,39,-25
110000336,30,234,-204
110000337,14,32,-18
110000338,2,13,-11
110000339,7,28,-21
110000340,0,20,-20
110000341,18,180,-162
110000342,0,0,0
110000343,0,5,-5
110000344,7,20,-13
110000345,0,3,-3
110000346,371,202,169
110000347,164,26,138
110000348,0,3,-3
110000349,0,0,0
110000350,0,0,0
110000351,25,91,-66
110000352,29,336,-307
110000353,157,110,47
110000354,45,380,-335
110000355,0,5,-5
110000356,0,0,0
110000357,17,1,16
110000361,0,9,-9
110000362,4,7,-3
110000363,4,23,-19
110000364,0,26,-26
110000365,0,0,0
110000366,1,23,-22
110000367,19,49,-30
110000368,0,21,-21
110000369,0,0,0
110000373,0,68,-68
110000374,0,0,0
110000375,5,143,-138
110000376,6,20,-14
110000377,0,0,0
110000378,3,64,-61
110000379,349,134,215
110000380,2,0,2
110000383,0,62,-62
110000384,1,17,-16
110000385,0,30,-30
110000387,0,6,-6
110000388,6,60,-54
110000389,0,0,0
110000391,0,49,-49
110000396,2,19,-17
110000397,0,5,-5
110000398,0,5,-5
110000399,0,0,0
110000587,0,0,0
110000589,2,2,0
110000640,9,13,-4
110000652,0,5,-5
110000653,20,102,-82
110000654,0,3,-3
110000656,1,98,-97
110000674,2,0,2
110000675,0,2,-2
110000676,0,6,-6
110000679,137,81,56
110000682,0,0,0
110000683,0,5,-5
110000684,0,15,-15
110000685,0,0,0
110000686,1,4,-3
110000687,0,0,0
110000688,38,6,32
110000689,0,6,-6
110000692,1,1,0
110000693,5,49,-44
110000694,0,141,-141
110000695,7,147,-140
110000696,0,0,0
110900001,0,3,-3
110900002,0,8,-8
110900003,1,109,-108
110900004,0,34,-34
110900005,116,8,108
110900006,0,0,0
110900007,0,0,0
110900008,0,1,-1
110900009,0,0,0
110900010,1,5,-4
110900011,0,6,-6
110900012,0,4,-4
110900013,0,0,0
110900014,0,0,0
110900015,0,0,0
110900016,0,11,-11
110900017,0,0,0
110900018,0,0,0
110900019,0,0,0
110900020,0,44,-44
110900021,2,51,-49
110900022,8,16,-8
110900023,2,21,-19
110900024,3,37,-34
110900025,1,3,-2
110900027,1,12,-11
110900028,3,7,-4
110900029,7,30,-23
110900030,0,6,-6
110900031,0,11,-11
110900032,0,2,-2
110900033,2,17,-15
110900035,0,34,-34
110900036,1,0,1
110900037,0,0,0
110900038,9,0,9
110900039,0,17,-17
110900040,9,1,8
110900041,0,20,-20
110900042,0,0,0
110900043,1,19,-18
110900044,0,0,0
110900045,4,33,-29
110900046,11,41,-30
110900047,0,0,0
110900049,0,0,0
110900050,0,0,0
110900051,2,17,-15
110900052,0,11,-11
110900053,0,0,0
110900054,1,24,-23
110900055,0,0,0
110900056,5,4,1
110900057,0,17,-17
110900058,0,0,0
110900059,25,59,-34
110900060,2,1,1
110900061,1,2,-1
110900062,0,0,0
110900063,1,3,-2
110900064,0,0,0
110900065,7,1,6
110900066,0,2,-2
110900067,0,0,0
110900068,7,10,-3
110900069,0,0,0
110900070,6,4,2
110900071,0,0,0
110900073,0,5,-5
110900074,0,2,-2
110900075,4,1,3
110900077,0,0,0
110900078,0,7,-7
110900079,51,10,41
110900080,0,0,0
110900081,0,22,-22
110900082,0,0,0
110900083,0,0,0
110900084,0,34,-34
110900085,0,32,-32
110900086,0,0,0
110900087,0,0,0
110900088,0,0,0
110900090,0,0,0
110900091,0,0,0
110900093,0,0,0
110900095,1,0,1
110900097,0,1,-1
110900098,0,4,-4
110900099,0,18,-18
110900100,0,1,-1
110900102,0,0,0
110900105,18,19,-1
110900108,1,4,-3
110900111,4,1,3
110900112,0,0,0
110900113,0,0,0
110900115,0,0,0
110900116,12,293,-281
110900118,2,13,-11
110900119,369,9,360
110900120,0,11,-11
110900121,0,0,0
110900122,1,2,-1
110900125,0,1,-1
110900127,23,76,-53
110900128,15,33,-18
110900129,0,0,0
110900130,35,4,31
110900131,0,0,0
110900132,0,0,0
110900133,3,24,-21
110900135,2,18,-16
110900136,0,0,0
110900138,0,0,0
110900139,0,0,0
110900140,0,0,0
110900141,0,15,-15
110900142,0,7,-7
110900143,0,0,0
110900144,0,101,-101
110900145,1,0,1
110900146,5,0,5
110900147,30,72,-42
110900148,0,56,-56
110900149,0,7,-7
110900150,2,0,2
110900151,2,19,-17
110900152,1,41,-40
110900153,0,0,0
111000001,216,84,132
111000002,261,174,87
111000003,50,46,4
111000004,133,290,-157
111000005,90,107,-17
111000006,221,421,-200
111000007,310,258,52
111000008,707,412,295
111000009,209,312,-103
111000010,93,87,6
111000011,475,466,9
111000012,174,91,83
111000013,101,309,-208
111000014,88,110,-22
111000017,7,111,-104
111000018,44,72,-28
111000020,251,759,-508
111000021,0,0,0
111000023,0,0,0
111000025,413,318,95
111000029,10,26,-16
111000030,3,17,-14
111000031,35,12,23
111000032,20,10,10
111000033,0,0,0
111000034,24,100,-76
111000037,103,45,58
111000038,189,233,-44
111000039,85,206,-121
111000040,121,213,-92
111000041,72,112,-40
111000042,350,190,160
111000043,0,0,0
111000044,0,0,0
111000045,9,23,-14
111000046,6,17,-11
111000047,68,124,-56
111000049,54,140,-86
111000050,163,416,-253
111000051,99,295,-196
111000052,138,301,-163
111000053,98,207,-109
111000054,70,175,-105
111000055,120,404,-284
111000056,34,98,-64
111000057,9,106,-97
111000058,6,24,-18
111000059,12,52,-40
111000060,66,86,-20
111000061,38,41,-3
111000062,16,61,-45
111000063,56,85,-29
111000064,24,45,-21
111000065,48,86,-38
111000066,44,71,-27
111000067,22,102,-80
111000068,18,73,-55
111000069,293,349,-56
111000070,340,190,150
111000071,28,134,-106
111000072,0,0,0
111000073,0,0,0
111000074,0,0,0
111000075,0,0,0
111000076,0,0,0
111000077,42,68,-26
111000078,191,277,-86
111000079,132,104,28
111000080,39,79,-40
111000081,224,268,-44
111000082,66,98,-32
111000084,70,88,-18
111000085,62,105,-43
111000086,67,61,6
111000087,42,45,-3
111000088,322,103,219
111000089,125,139,-14
111000090,171,250,-79
111000091,84,173,-89
111000092,96,228,-132
111000093,20,113,-93
111000094,95,146,-51
111000095,26,268,-242
111000096,181,1163,-982
111000097,703,193,510
111000098,61,228,-167
111000099,51,493,-442
111000100,45,297,-252
111000101,43,119,-76
111000102,20,145,-125
111000104,0,0,0
111000107,8,137,-129
111000109,0,0,0
111000110,4,2,2
111000111,11,3,8
111000112,10,2,8
111000113,14,6,8
111000114,15,9,6
111000115,414,66,348
111000116,42,51,-9
111000117,37,89,-52
111000118,81,39,42
111000119,55,84,-29
111000120,25,44,-19
111000121,13,45,-32
111000122,29,210,-181
111000123,40,428,-388
111000124,24,535,-511
111000125,11,275,-264
111000126,9,130,-121
111000127,0,0,0
111000128,0,0,0
111000129,0,0,0
111000130,19,59,-40
111000131,15,23,-8
111000132,0,0,0
111000133,7,7,0
111000134,1,7,-6
111000135,6,22,-16
111000136,6,24,-18
111000138,0,1,-1
111000140,2,0,2
111000141,14,68,-54
111000142,1,11,-10
111000143,0,9,-9
111000144,0,13,-13
111000145,0,0,0
111000146,0,0,0
111000147,0,0,0
111000148,8,3,5
111000149,4,9,-5
111000150,0,0,0
111000151,2,17,-15
111000153,37,54,-17
111000154,11,38,-27
111000155,2,41,-39
111000156,0,0,0
111000157,0,0,0
111000158,0,0,0
111000159,0,0,0
111000160,0,0,0
111000161,0,0,0
111000162,1,21,-20
111000163,37,174,-137
111000164,163,330,-167
111000165,123,126,-3
111000166,91,39,52
111000167,57,92,-35
111000168,16,27,-11
111000169,8,17,-9
111000170,19,31,-12
111000171,24,52,-28
111000172,10,68,-58
111000173,39,119,-80
111000174,3,55,-52
111000175,3,25,-22
111000176,5,25,-20
111000177,7,37,-30
111000178,41,69,-28
111000179,7,27,-20
111000180,7,43,-36
111000181,36,26,10
111000182,8,29,-21
111000183,7,14,-7
111000184,10,9,1
111000185,36,95,-59
111000186,17,71,-54
111000187,4,69,-65
111000188,3,86,-83
111000189,133,98,35
111000190,23,67,-44
111000191,14,86,-72
111000192,33,134,-101
111000193,68,72,-4
111000194,4,91,-87
111000195,14,81,-67
111000196,8,49,-41
111000197,0,0,0
111000198,0,0,0
111000199,0,0,0
111000200,0,0,0
111000201,0,0,0
111000202,0,0,0
111000203,0,0,0
111000204,0,0,0
111000213,0,11,-11
111000214,58,137,-79
111000215,50,149,-99
111000217,81,98,-17
111000218,48,142,-94
111000219,53,133,-80
111000220,7,133,-126
111000221,0,0,0
111000224,94,108,-14
111000225,16,55,-39
111000226,0,0,0
111000227,0,0,0
111000228,2,35,-33
111000229,10,61,-51
111000230,0,0,0
111000231,0,1,-1
111000232,47,169,-122
111000233,38,135,-97
111000234,3,85,-82
111000239,28,33,-5
111000240,0,0,0
111000241,8,65,-57
111000242,0,0,0
111000243,8,176,-168
111000244,0,0,0
111000245,0,1,-1
111000246,3,3,0
111000247,18,220,-202
111000248,2,7,-5
111000249,65,126,-61
111000250,3,8,-5
111000251,2,11,-9
111000253,0,0,0
111000255,0,0,0
111000257,0,0,0
111000260,24,180,-156
111000261,9,0,9
111000271,3,56,-53
111000273,295,82,213
111000274,131,188,-57
111000275,0,0,0
111000276,17,271,-254
111000277,8,55,-47
111000278,34,13,21
111000291,28,76,-48
111000298,12,12,0
111000299,2,2,0
111000300,2,45,-43
111000302,0,5,-5
111000303,7,22,-15
111000312,4,6,-2
111000315,31,76,-45
111000320,16,63,-47
111000321,9,6,3
111000322,5,53,-48
111000323,0,1,-1
111000324,0,0,0
111000325,1,13,-12
111000326,3,39,-36
111000327,31,24,7
111000328,25,43,-18
111000329,0,10,-10
111000330,1,0,1
111000331,0,0,0
111000332,32,101,-69
111000334,27,354,-327
111000335,37,33,4
111000337,33,156,-123
111000338,0,23,-23
111000339,15,69,-54
111000340,8,124,-116
111000341,63,27,36
111000342,5,51,-46
111000344,94,82,12
111000345,0,0,0
111000346,1,15,-14
111000347,0,0,0
111000350,2,0,2
111000351,11,37,-26
111000352,3,0,3
111000353,5,24,-19
111000354,0,0,0
111000355,17,74,-57
111000358,1,224,-223
111000360,2,110,-108
111000361,0,64,-64
111000546,35,195,-160
111000547,1,22,-21
111000548,18,51,-33
111000549,1,22,-21
111000550,8,91,-83
111000551,31,10,21
111000552,0,1,-1
111000907,0,2,-2
111000908,0,0,0
111000916,60,73,-13
111000917,6,78,-72
111000918,2,150,-148
111000920,0,0,0
111000921,1,91,-90
111000922,26,116,-90
111000924,8,157,-149
111000925,119,300,-181
111000926,258,696,-438
111000927,571,554,17
111000928,1205,889,316
111000929,47,172,-125
111000930,142,754,-612
111000931,152,288,-136
111000932,624,802,-178
111000933,200,115,85
111000934,445,746,-301
111000935,46,69,-23
111000936,153,622,-469
111000937,117,31,86
111000938,238,820,-582
111000939,0,0,0
111000940,21,40,-19
111000941,1,51,-50
111000943,5,37,-32
111000944,4,29,-25
111000945,1,446,-445
111001109,1,0,1
111001110,35,269,-234
111001111,0,0,0
111001112,18,1,17
111001113,2,61,-59
111001114,0,0,0
111001115,10,44,-34
111001116,298,34,264
111001117,190,194,-4
111001120,8,44,-36
111001121,26,39,-13
111001122,20,67,-47
111001123,0,0,0
111001124,4,30,-26
111001125,0,0,0
111001126,0,0,0
111001127,0,0,0
111001128,24,116,-92
111900001,0,10,-10
111900002,0,19,-19
111900003,0,11,-11
111900004,1,2,-1
111900006,0,0,0
111900007,0,0,0
111900008,0,0,0
111900009,0,0,0
111900010,19,29,-10
111900012,11,2,9
111900013,0,4,-4
111900014,309,26,283
111900015,0,0,0
111900016,0,25,-25
111900017,0,23,-23
111900018,0,0,0
111900019,0,1,-1
111900020,0,3,-3
111900021,0,5,-5
111900022,0,6,-6
111900023,9,1,8
111900024,0,5,-5
111900025,0,0,0
111900026,0,11,-11
111900027,0,8,-8
111900028,0,49,-49
111900029,0,0,0
111900030,0,0,0
111900031,0,0,0
111900032,0,22,-22
111900033,2,0,2
111900034,0,0,0
111900035,1,10,-9
111900036,0,30,-30
111900038,0,0,0
111900039,0,14,-14
111900040,0,50,-50
111900042,0,0,0
111900043,0,17,-17
111900044,0,0,0
111900046,3,17,-14
111900048,3,98,-95
111900049,0,29,-29
111900050,0,0,0
111900051,2,34,-32
111900052,21,27,-6
111900053,0,0,0
111900054,0,0,0
111900055,1,65,-64
111900056,0,0,0
111900057,0,2,-2
111900058,2,72,-70
111900059,0,0,0
111900060,0,0,0
111900061,1,24,-23
111900062,0,0,0
111900063,0,17,-17
111900064,14,36,-22
111900065,0,0,0
111900066,0,0,0
111900067,0,39,-39
111900068,0,0,0
111900069,0,0,0
111900070,0,0,0
111900071,0,16,-16
111900072,0,0,0
111900073,0,1,-1
111900074,0,7,-7
111900075,0,0,0
111900076,0,1,-1
111900077,0,0,0
111900078,0,0,0
111900079,0,0,0
111900080,0,0,0
111900082,0,0,0
111900083,0,0,0
111900084,0,0,0
111900085,0,0,0
111900086,1,0,1
111900087,0,0,0
111900088,4,0,4
111900089,0,0,0
111900090,5,0,5
111900091,0,0,0
111900092,0,0,0
111900093,0,0,0
111900094,0,0,0
111900095,0,1,-1
111900096,0,0,0
111900097,0,0,0
111900098,0,0,0
111900099,0,0,0
111900100,5,0,5
111900101,0,0,0
111900102,2,51,-49
111900103,0,0,0
111900104,0,0,0
111900105,0,0,0
111900106,41,1,40
111900110,60,0,60
111900111,0,3,-3
111900112,13,1,12
111900113,1,0,1
111900118,0,0,0
111900119,0,0,0
111900122,0,0,0
111900123,0,0,0
111900124,0,2,-2
111900125,0,0,0
111900126,0,0,0
111900127,0,0,0
111900128,0,0,0
111900129,0,0,0
111900130,0,0,0
111900131,0,0,0
111900132,0,0,0
111900133,0,0,0
111900134,4,23,-19
111900135,0,0,0
111900136,0,0,0
111900137,7,4,3
111900138,0,4,-4
111900139,4,20,-16
111900140,0,0,0
111900141,0,0,0
111900142,0,0,0
111900143,0,15,-15
111900144,0,7,-7
111900145,0,26,-26
111900146,0,13,-13
111900147,2,22,-20
111900148,0,15,-15
111900149,0,20,-20
111900150,0,4,-4
111900151,0,0,0
111900152,1,1,0
111900153,2,0,2
111900154,0,0,0
111900155,0,0,0
111900156,0,0,0
111900157,0,0,0
111900158,0,0,0
111900159,0,0,0
111900160,0,0,0
111900161,0,0,0
111900162,0,0,0
111900163,0,0,0
111900164,0,0,0
111901113,0,6,-6
111901114,0,0,0
111901115,0,0,0
111901116,0,0,0
111901117,0,0,0
111901118,0,0,0
111901119,0,0,0
111901121,2,4,-2
111901122,0,18,-18
111901123,0,22,-22
111901124,0,0,0
111901125,0,0,0
111901127,0,0,0
111901128,0,0,0
111901129,0,0,0
111901130,0,0,0
111901131,0,15,-15
111901132,0,0,0
111901133,0,0,0
111901134,0,0,0
111901135,0,0,0
111901136,0,0,0
111901138,0,0,0
111901139,0,0,0
111901140,0,0,0
111901141,0,0,0
111901142,0,0,0
111901143,0,0,0
111901144,0,0,0
111901145,0,0,0
111901146,0,0,0
111901147,18,0,18
111901148,0,0,0
111901149,0,0,0
111901150,0,0,0
111901151,0,0,0
112000001,163,93,70
112000002,171,506,-335
112000003,62,104,-42
112000004,85,308,-223
112000005,148,181,-33
112000006,207,429,-222
112000007,109,95,14
112000008,178,232,-54
112000009,483,532,-49
112000010,123,191,-68
112000011,202,471,-269
112000012,130,253,-123
112000013,873,567,306
112000014,56,79,-23
112000015,222,408,-186
112000016,45,58,-13
112000017,108,228,-120
112000024,298,115,183
112000026,709,940,-231
112000027,5,15,-10
112000028,354,513,-159
112000029,0,6,-6
112000030,34,14,20
112000031,185,100,85
112000032,149,10,139
112000033,235,40,195
112000034,35,3,32
112000035,13,32,-19
112000036,37,20,17
112000037,10,54,-44
112000038,31,53,-22
112000039,0,0,0
112000040,7,21,-14
112000041,12,33,-21
112000042,45,31,14
112000050,0,0,0
112000051,3,40,-37
112000054,442,236,206
112000057,30,50,-20
112000058,35,51,-16
112000059,0,0,0
112000061,752,297,455
112000062,276,35,241
112000063,31,39,-8
112000064,1040,1132,-92
112000065,382,384,-2
112000066,1,0,1
112000067,67,120,-53
112000068,0,0,0
112000069,55,273,-218
112000070,4,6,-2
112000071,64,427,-363
112000072,5,9,-4
112000073,93,223,-130
112000074,1,22,-21
112000075,10,21,-11
112000076,156,242,-86
112000077,26,115,-89
112000078,26,70,-44
112000079,57,166,-109
112000080,18,78,-60
112000081,172,265,-93
112000082,15,9,6
112000083,86,147,-61
112000084,19,6,13
112000085,66,175,-109
112000086,14,6,8
112000087,15,146,-131
112000088,4,10,-6
112000089,6,43,-37
112000090,2,8,-6
112000091,63,287,-224
112000092,42,59,-17
112000093,210,298,-88
112000094,20,92,-72
112000095,81,199,-118
112000096,13,56,-43
112000097,4,1,3
112000098,84,267,-183
112000099,2,6,-4
112000100,30,15,15
112000101,38,163,-125
112000102,9,2,7
112000103,34,264,-230
112000105,101,348,-247
112000106,8,3,5
112000107,0,0,0
112000108,4,100,-96
112000109,0,0,0
112000110,40,33,7
112000111,101,962,-861
112000112,31,46,-15
112000113,149,451,-302
112000114,9,13,-4
112000115,2,38,-36
112000116,1,34,-33
112000117,2,22,-20
112000118,45,139,-94
112000119,36,120,-84
112000120,10,85,-75
112000121,0,0,0
112000122,0,0,0
112000123,0,0,0
112000124,0,0,0
112000125,0,0,0
112000126,0,0,0
112000127,93,39,54
112000128,75,24,51
112000129,2,35,-33
112000130,6,6,0
112000131,0,33,-33
112000132,12,51,-39
112000133,0,17,-17
112000134,10,67,-57
112000135,5,2,3
112000136,69,173,-104
112000137,17,10,7
112000138,99,201,-102
112000139,0,0,0
112000140,61,139,-78
112000141,0,0,0
112000142,20,131,-111
112000143,0,0,0
112000144,38,228,-190
112000145,0,0,0
112000146,75,405,-330
112000147,0,0,0
112000148,86,408,-322
112000149,0,0,0
112000150,10,72,-62
112000151,1,2,-1
112000152,11,27,-16
112000153,0,6,-6
112000154,8,8,0
112000155,12,3,9
112000157,33,35,-2
112000158,2,14,-12
112000159,8,23,-15
112000167,3,0,3
112000169,5,19,-14
112000173,0,17,-17
112000175,1,13,-12
112000176,465,378,87
112000177,1,4,-3
112000178,1,4,-3
112000179,1,6,-5
112000180,25,49,-24
112000181,117,327,-210
112000182,20,159,-139
112000183,0,0,0
112000184,0,0,0
112000185,7,85,-78
112000187,170,297,-127
112000195,0,0,0
112000196,0,0,0
112000197,0,0,0
112000198,0,0,0
112000199,51,34,17
112000202,0,1,-1
112000216,4,4,0
112000230,0,0,0
112000231,0,0,0
112000256,0,0,0
112000313,3,3,0
112000314,0,0,0
112000337,3,41,-38
112000352,1,6,-5
112000392,123,131,-8
112000398,69,50,19
112000399,9,24,-15
112000400,127,512,-385
112000401,1517,506,1011
112000402,99,139,-40
112000403,9,37,-28
112000404,23,43,-20
112000405,51,115,-64
112000406,422,623,-201
112000407,341,262,79
112000408,1323,1268,55
112000409,235,1101,-866
112000410,0,0,0
112000411,15,0,15
112000412,45,14,31
112000413,44,9,35
112000414,4,4,0
112000415,0,0,0
112000416,89,60,29
112000417,0,0,0
112000421,2,14,-12
112000422,8,22,-14
112000424,33,125,-92
112000425,39,237,-198
112000426,2,48,-46
112000427,0,0,0
112000428,0,13,-13
112000429,271,427,-156
112000430,321,655,-334
112000431,0,0,0
112000432,58,383,-325
112000433,51,41,10
112000437,5,34,-29
112900001,0,0,0
112900002,0,0,0
112900003,1,19,-18
112900004,1,27,-26
112900005,0,15,-15
112900007,0,0,0
112900008,0,0,0
112900009,0,0,0
112900010,2,16,-14
112900011,6,10,-4
112900012,0,7,-7
112900013,0,0,0
112900014,0,13,-13
112900015,17,60,-43
112900016,0,26,-26
112900017,0,0,0
112900018,0,37,-37
112900019,2,7,-5
112900020,48,126,-78
112900021,1,32,-31
112900022,0,0,0
112900023,0,21,-21
112900024,2,22,-20
112900025,0,0,0
112900026,0,11,-11
112900027,0,0,0
112900028,2,7,-5
112900029,0,0,0
112900030,28,18,10
112900031,0,0,0
112900032,0,6,-6
112900034,0,0,0
112900035,0,0,0
112900036,3,6,-3
112900037,0,0,0
112900038,0,8,-8
112900039,0,0,0
112900040,0,2,-2
112900041,29,7,22
112900042,2,16,-14
112900043,0,0,0
112900044,18,24,-6
112900045,0,0,0
112900046,3,1,2
112900047,0,1,-1
112900049,0,3,-3
112900050,5,41,-36
112900051,16,58,-42
112900052,0,37,-37
112900053,3,28,-25
112900054,1,0,1
112900055,0,0,0
112900056,0,0,0
112900057,0,35,-35
112900058,3,3,0
112900059,1,5,-4
112900060,0,2,-2
112900061,0,1,-1
112900062,0,4,-4
112900063,0,0,0
112900064,1,5,-4
112900065,0,0,0
112900066,0,2,-2
112900067,14,1,13
112900068,0,0,0
112900069,75,8,67
112900071,0,0,0
112900072,0,0,0
112900073,5,1,4
112900074,0,0,0
112900075,1,2,-1
112900076,0,0,0
112900078,0,0,0
112900079,0,0,0
112900080,0,0,0
112900081,0,0,0
112900082,0,0,0
112900083,0,0,0
112900084,0,0,0
112900086,0,0,0
112900087,0,0,0
112900088,0,0,0
112900089,11,1,10
112900090,0,0,0
112900091,0,0,0
112900092,0,0,0
112900093,0,0,0
112900095,0,0,0
112900096,3,0,3
112900097,0,22,-22
112900098,0,0,0
112900099,8,0,8
112900100,0,0,0
112900101,0,0,0
112900102,0,0,0
112900103,0,0,0
112900104,0,0,0
112900105,0,0,0
112900106,3,1,2
112900107,0,0,0
112900108,0,0,0
112900109,0,0,0
112900110,0,0,0
112900111,0,0,0
112900112,0,0,0
112900113,0,0,0
112900114,0,0,0
112900115,14,0,14
112900116,0,3,-3
112900117,5,9,-4
112900118,1,3,-2
112900119,0,0,0
112900120,71,36,35
112900121,7,2,5
112900122,2,7,-5
112900123,0,0,0
112900124,0,13,-13
112900125,0,7,-7
112900126,6,16,-10
112900127,0,0,0
112900128,30,135,-105
112900129,1,95,-94
112900130,0,0,0
112900131,9,60,-51
112900132,19,45,-26
112900133,0,60,-60
112900134,0,25,-25
112900135,0,0,0
112900137,0,54,-54
112900138,0,50,-50
112900139,30,131,-101
112900141,0,1,-1
112900142,0,0,0
112900143,6,93,-87
112900144,0,51,-51
112900145,4,56,-52
112900146,1,70,-69
112900147,0,387,-387
112900148,0,0,0
112900149,2,16,-14
112900151,0,0,0
112900152,270,35,235
112900153,16,0,16
112900154,0,0,0
112900155,0,0,0
112900156,1,70,-69
112900157,3,4,-1
112900158,0,0,0
112900159,0,2,-2
112900160,1,4,-3
112900161,0,0,0
112900162,1,0,1
112900163,0,0,0
112900164,0,0,0
112900165,0,20,-20
112900166,0,0,0
112900167,0,0,0
112900168,0,0,0
112900169,0,0,0
112900170,0,0,0
112900172,0,0,0
112900173,2,5,-3
112900174,1,0,1
112900175,0,0,0
112900176,0,0,0
112900177,0,0,0
112900178,0,0,0
112900179,2,55,-53
112900180,1,181,-180
112900181,0,0,0
112900182,0,15,-15
112900183,0,0,0
112900184,23,13,10
112900185,0,0,0
112900186,36,17,19
112900187,0,0,0
112900188,72,21,51
112900189,0,0,0
112900190,0,0,0
112900192,5,2,3
112900193,7,5,2
112900194,0,3,-3
112900195,0,0,0
112900196,16,69,-53
112900197,10,36,-26
112900199,0,0,0
112900200,0,0,0
112900201,0,0,0
112900202,0,27,-27
112900203,0,0,0
112900204,16,0,16
112900205,1,0,1
112900206,0,1,-1
112900207,0,0,0
112900208,3,1,2
112900209,13,33,-20
112900210,0,1,-1
112900211,0,0,0
112900212,0,0,0
112900213,2,2,0
112900214,1,0,1
112900215,1,8,-7
112900216,0,0,0
112900217,0,11,-11
112900218,0,0,0
112900219,0,9,-9
112900220,0,0,0
112900221,0,0,0
112900222,0,0,0
112900223,0,0,0
112900224,0,59,-59
112900225,1,54,-53
112900226,1,0,1
112900227,1,134,-133
112900228,0,0,0
112900229,0,0,0
112900230,199,53,146
112900232,2,6,-4
112900233,2,19,-17
112900234,0,2,-2
112900235,0,1,-1
112900236,0,0,0
112900237,0,13,-13
112900238,0,0,0
112900239,71,23,48
112900240,0,6,-6
112900241,0,4,-4
112900242,0,13,-13
112900243,0,8,-8
112900244,0,16,-16
112900245,0,7,-7
112900246,0,1,-1
112900247,0,2,-2
112900248,0,0,0
112900249,0,0,0
112900250,0,0,0
112900251,0,0,0
112900252,0,0,0
112900253,0,0,0
112900254,0,0,0
112900255,0,0,0
112900256,0,0,0
112900257,0,0,0
112900258,0,0,0
113000001,707,685,22
113000002,428,159,269
113000003,444,210,234
113000004,481,130,351
113000005,162,124,38
113000006,59,60,-1
113000007,138,212,-74
113000008,112,78,34
113000009,266,200,66
113000010,130,74,56
113000011,56,260,-204
113000012,120,57,63
113000013,235,125,110
113000014,73,177,-104
113000015,8,28,-20
113000016,65,115,-50
113000017,2,55,-53
113000018,6,1,5
113000019,5,61,-56
113000020,0,0,0
113000021,48,165,-117
113000022,52,293,-241
113000025,11,32,-21
113000026,9,14,-5
113000027,6,16,-10
113000028,64,28,36
113000029,0,0,0
113000030,154,147,7
113000031,94,63,31
113000032,0,0,0
113000033,0,0,0
113000034,119,77,42
113000035,2,15,-13
113000036,0,0,0
113000037,15,5,10
113000038,0,0,0
113000039,13,20,-7
113000040,15,13,2
113000042,72,29,43
113000051,83,72,11
113000052,270,50,220
113000053,15,51,-36
113000054,5,35,-30
113000055,37,59,-22
113000056,47,170,-123
113000058,140,183,-43
113000059,0,0,0
113000060,6,93,-87
113000061,46,44,2
113000062,45,0,45
113000063,0,0,0
113000064,0,0,0
113000065,15,139,-124
113000066,29,14,15
113000067,25,48,-23
113000068,22,253,-231
113000069,38,148,-110
113000070,22,25,-3
113000071,48,96,-48
113000072,21,13,8
113000073,61,194,-133
113000074,56,27,29
113000075,52,44,8
113000076,167,230,-63
113000077,0,0,0
113000078,85,322,-237
113000079,115,96,19
113000080,3,2,1
113000081,0,0,0
113000082,129,140,-11
113000083,0,0,0
113000084,141,150,-9
113000085,28,16,12
113000086,97,170,-73
113000087,9,9,0
113000088,411,198,213
113000089,39,35,4
113000090,0,13,-13
113000091,105,62,43
113000094,21,14,7
113000095,60,175,-115
113000096,40,134,-94
113000097,28,8,20
113000098,0,0,0
113000099,12,14,-2
113000100,26,61,-35
113000101,26,76,-50
113000102,1,9,-8
113000103,172,129,43
113000104,2,0,2
113000105,0,0,0
113000106,23,120,-97
113000107,58,23,35
113000108,92,258,-166
113000109,54,99,-45
113000110,1,0,1
113000111,11,29,-18
113000112,4,1,3
113000113,0,0,0
113000114,81,89,-8
113000116,24,4,20
113000117,15,2,13
113000118,0,4,-4
113000119,5,14,-9
113000120,1,1,0
113000121,10,19,-9
113000124,0,0,0
113000125,0,0,0
113000127,289,39,250
113000128,0,0,0
113000129,351,127,224
113000133,370,107,263
113000134,1,83,-82
113000135,13,26,-13
113000137,0,0,0
113000139,0,0,0
113000140,57,122,-65
113000141,0,0,0
113000142,48,105,-57
113000143,0,0,0
113000144,47,52,-5
113000145,0,0,0
113000146,12,30,-18
113000147,10,25,-15
113000148,0,0,0
113000149,0,0,0
113000150,69,35,34
113000151,47,10,37
113000152,0,0,0
113000153,116,11,105
113000154,80,87,-7
113000155,23,29,-6
113000156,18,30,-12
113000157,16,69,-53
113000158,144,57,87
113000159,114,112,2
113000160,61,109,-48
113000161,5,9,-4
113000162,139,97,42
113000163,0,0,0
113000164,18,31,-13
113000166,0,0,0
113000167,12,84,-72
113000168,9,74,-65
113000169,0,0,0
113000170,0,0,0
113000171,15,58,-43
113000172,0,0,0
113000173,0,0,0
113000174,30,125,-95
113000175,0,0,0
113000176,0,0,0
113000177,12,129,-117
113000178,27,170,-143
113000179,0,0,0
113000180,26,74,-48
113000181,101,135,-34
113000182,11,18,-7
113000183,35,115,-80
113000184,8,20,-12
113000189,12,43,-31
113000190,62,14,48
113000192,402,150,252
113000193,366,135,231
113000194,254,123,131
113000195,76,44,32
113000196,15,9,6
113000197,54,42,12
113000198,5,26,-21
113000199,3,0,3
113000201,7,26,-19
113000202,200,44,156
113000203,0,0,0
113000204,137,134,3
113000205,5,9,-4
113000206,0,0,0
113000207,8,6,2
113000208,0,0,0
113000209,2,9,-7
113000210,0,0,0
113000211,14,3,11
113000212,34,0,34
113000213,0,5,-5
113000214,5,36,-31
113000234,6,201,-195
113000410,10,5,5
113000411,343,818,-475
113000412,1614,420,1194
113000413,535,295,240
113000414,1305,319,986
113000415,481,647,-166
113000416,1401,788,613
113000417,337,554,-217
113000418,479,427,52
113000419,183,198,-15
113000420,810,365,445
113000421,370,244,126
113000422,2691,599,2092
113000423,1050,485,565
113000424,1014,686,328
113000425,2,15,-13
113000428,3,5,-2
113000430,2,1,1
113000432,54,8,46
113000433,25,154,-129
113000434,6,106,-100
113000435,3,112,-109
113000436,9,188,-179
113000437,0,0,0
113000438,0,0,0
113000439,2,41,-39
113000440,0,0,0
113000441,0,0,0
113000442,17,61,-44
113000443,0,0,0
113000444,6,63,-57
113000445,0,0,0
113000446,6,24,-18
113000448,26,16,10
113000449,0,0,0
113000450,12,7,5
113000451,182,13,169
113000452,0,0,0
113000453,30,56,-26
113000454,0,0,0
113000455,7,22,-15
113000456,68,52,16
113000468,83,1,82
113000469,1,3,-2
113000470,0,0,0
113000471,0,0,0
113000472,0,0,0
113000474,45,124,-79
113000475,169,326,-157
113000476,107,392,-285
113000477,266,447,-181
113000478,390,700,-310
113000479,0,135,-135
113000485,0,0,0
113000486,0,0,0
113000487,0,0,0
113000488,0,0,0
113000489,0,0,0
113000490,0,0,0
113000491,0,0,0
113000492,0,0,0
113000493,0,0,0
113000495,21,62,-41
113000496,0,0,0
113000499,1,0,1
113900001,0,0,0
113900002,0,0,0
113900003,0,0,0
113900004,0,0,0
113900005,0,0,0
113900006,0,0,0
113900007,0,0,0
113900008,0,0,0
113900009,0,0,0
113900010,0,0,0
113900011,0,0,0
113900012,0,0,0
113900013,0,0,0
113900014,0,0,0
113900015,0,1,-1
113900016,0,0,0
113900017,0,0,0
113900018,9,0,9
113900019,1,0,1
113900020,0,0,0
113900022,0,0,0
113900023,0,0,0
113900024,1,1,0
113900025,0,0,0
113900026,0,0,0
113900027,0,0,0
113900028,0,0,0
113900029,1,24,-23
113900030,0,0,0
113900031,0,0,0
113900032,0,0,0
113900033,0,0,0
113900035,0,0,0
113900036,0,0,0
113900037,0,0,0
113900038,0,1,-1
113900039,0,0,0
113900040,0,0,0
113900041,0,0,0
113900042,0,1,-1
113900043,5,1,4
113900044,0,0,0
113900045,0,0,0
113900046,15,24,-9
113900047,0,0,0
113900048,16,4,12
113900049,29,1,28
113900050,1,6,-5
113900051,2,17,-15
113900052,0,0,0
113900053,0,0,0
113900054,0,0,0
113900055,1,17,-16
113900056,0,0,0
113900057,2,12,-10
113900058,4,9,-5
113900059,0,16,-16
113900060,0,0,0
113900061,0,0,0
113900062,0,0,0
113900063,0,0,0
113900064,0,10,-10
113900065,0,0,0
113900066,5,22,-17
113900067,0,0,0
113900068,0,0,0
113900069,0,0,0
113900070,15,22,-7
113900071,0,0,0
113900072,1,5,-4
113900073,2,12,-10
113900074,0,0,0
113900075,0,0,0
113900076,0,0,0
113900077,0,22,-22
113900078,0,0,0
113900079,0,0,0
113900080,0,0,0
113900081,0,4,-4
113900082,0,10,-10
113900083,0,0,0
113900084,0,0,0
113900085,4,38,-34
113900086,0,0,0
113900087,0,0,0
113900088,0,0,0
113900089,0,0,0
113900090,4,2,2
113900091,0,0,0
113900092,1,1,0
113900093,1,23,-22
113900094,0,0,0
113900095,0,0,0
113900096,0,0,0
113900097,0,8,-8
113900098,0,0,0
113900099,0,0,0
113900100,0,0,0
113900101,1,1,0
113900102,1,1,0
113900103,0,0,0
113900104,0,0,0
113900105,0,18,-18
113900106,0,0,0
113900107,0,0,0
113900108,1,13,-12
113900109,0,3,-3
113900110,0,0,0
113900111,0,0,0
113900112,0,4,-4
113900113,2,3,-1
113900114,0,0,0
113900115,0,0,0
113900116,0,5,-5
113900117,1,3,-2
113900118,0,0,0
113900119,0,0,0
113900120,0,0,0
113900121,0,0,0
113900122,0,0,0
113900123,8,1,7
113900124,0,0,0
113900125,1,10,-9
113900126,2,1,1
113900127,2,10,-8
113900128,0,0,0
113900129,0,0,0
113900130,0,0,0
113900131,0,0,0
113900132,0,0,0
113900133,0,0,0
113900135,9,43,-34
113900136,4,1,3
113900137,4,5,-1
113900138,0,0,0
113900139,43,1,42
113900140,0,0,0
113900141,6,7,-1
113900142,0,8,-8
113900143,0,0,0
113900144,0,0,0
113900145,4,3,1
113900146,0,0,0
113900148,8,4,4
113900149,1,0,1
113900150,87,31,56
113900151,4,9,-5
113900152,0,0,0
113900153,19,10,9
113900154,0,0,0
113900155,14,6,8
113900156,21,63,-42
113900157,0,1,-1
113900158,5,1,4
113900159,0,0,0
113900160,15,72,-57
113900161,0,4,-4
113900162,21,19,2
113900163,13,1,12
113900164,0,0,0
113900165,37,64,-27
113900166,0,1,-1
113900167,0,0,0
113900168,7,5,2
113900169,15,66,-51
113900171,0,0,0
113900172,0,14,-14
113900173,1,38,-37
113900174,9,84,-75
113900175,0,0,0
113900176,12,63,-51
113900177,4,4,0
113900178,0,0,0
113900179,0,51,-51
113900180,2,2,0
113900181,0,0,0
113900182,12,115,-103
113900183,1,1,0
113900184,3,50,-47
113900185,6,7,-1
113900186,2,0,2
113900187,1,12,-11
113900188,1,3,-2
113900189,0,0,0
113900190,33,11,22
113900191,2,2,0
113900192,0,0,0
113900193,0,22,-22
113900194,42,45,-3
113900195,18,28,-10
113900196,0,13,-13
113900197,0,19,-19
113900198,0,8,-8
113900199,12,27,-15
113900200,0,19,-19
113900201,0,21,-21
113900202,4,13,-9
113900203,0,27,-27
113900204,0,20,-20
113900205,1,2,-1
113900206,0,4,-4
113900207,0,5,-5
113900208,0,2,-2
113900209,0,3,-3
113900210,19,12,7
113900211,4,0,4
113900212,0,31,-31
113900214,13,8,5
113900215,0,11,-11
113900216,0,65,-65
113900217,0,0,0
113900218,0,0,0
113900219,3,17,-14
113900220,0,0,0
113900221,0,0,0
113900222,0,4,-4
113900223,1,36,-35
113900224,12,3,9
113900225,0,0,0
113900226,1,2,-1
113900227,0,0,0
113900228,8,2,6
113900229,0,1,-1
113900230,56,20,36
113900231,7,7,0
113900232,1,2,-1
113900233,1,3,-2
113900234,6,9,-3
113900235,0,0,0
113900236,0,0,0
113900237,0,0,0
113900238,0,10,-10
113900239,0,2,-2
113900240,0,0,0
113900241,3,0,3
113900242,1,5,-4
113900243,0,13,-13
113900244,29,3,26
113900245,56,8,48
113900246,0,0,0
113900247,0,0,0
113900248,175,14,161
113900249,0,0,0
113900250,0,0,0
113900251,0,14,-14
113900252,0,0,0
113900253,0,0,0
113900254,0,0,0
113900255,0,0,0
113900256,0,0,0
113900257,11,52,-41
113900258,0,50,-50
113900259,0,13,-13
113900260,0,2,-2
113900261,0,10,-10
113900262,0,29,-29
113900263,7,25,-18
113900264,0,27,-27
113900265,3,26,-23
113900266,3,34,-31
113900267,0,15,-15
113900268,2,4,-2
113900269,5,19,-14
113900270,8,38,-30
113900271,36,116,-80
113900273,0,0,0
113900274,0,0,0
113900275,1,8,-7
113900276,0,24,-24
113900277,0,0,0
113900278,6,9,-3
113900279,6,3,3
113900280,63,12,51
113900281,5,22,-17
113900282,21,5,16
113900283,0,0,0
113900284,0,5,-5
113900285,0,0,0
113900286,0,0,0
113900287,0,5,-5
113900288,0,11,-11
113900289,75,1,74
113900290,15,0,15
113900291,7,13,-6
113900292,0,0,0
113900293,0,11,-11
113900294,0,0,0
113900295,0,3,-3
113900296,3,0,3
113900297,0,0,0
113900298,0,134,-134
113900299,0,0,0
113900300,190,8,182
113900301,0,0,0
113900302,0,1,-1
113900303,21,2,19
113900304,0,23,-23
113900305,0,0,0
113900306,0,0,0
113900307,0,0,0
113900308,3,1,2
113900309,0,55,-55
113900310,0,0,0
113900311,0,0,0
113900312,0,2,-2
113900313,0,0,0
113900314,0,0,0
113900315,0,0,0
114000001,157,335,-178
114000002,0,0,0
114000003,8,81,-73
114000004,9,17,-8
114000005,3,2,1
114000006,223,200,23
114000007,23,142,-119
114000008,132,102,30
114000009,6,2,4
114000011,278,281,-3
114000012,108,266,-158
114000013,134,228,-94
114000014,52,47,5
114000015,66,32,34
114000016,16,62,-46
114000017,11,4,7
114000018,13,5,8
114000026,51,178,-127
114000027,139,259,-120
114000028,154,230,-76
114000038,0,2,-2
114000039,18,15,3
114000040,9,13,-4
114000042,12,38,-26
114000043,0,22,-22
114000044,5,9,-4
114000045,0,6,-6
114000046,180,403,-223
114000047,0,2,-2
114000048,3,10,-7
114000049,20,37,-17
114000050,15,36,-21
114000051,90,59,31
114000052,60,51,9
114000053,0,0,0
114000054,0,1,-1
114000055,1,0,1
114000056,89,117,-28
114000057,568,310,258
114000058,26,10,16
114000059,6,8,-2
114000060,55,163,-108
114000061,64,10,54
114000062,20,13,7
114000063,366,367,-1
114000064,760,300,460
114000065,215,416,-201
114000066,27,89,-62
114000067,0,0,0
114000068,15,9,6
114000069,20,10,10
114000070,49,35,14
114000071,5,19,-14
114000072,1,27,-26
114000073,0,0,0
114000074,0,6,-6
114000075,0,0,0
114000076,0,0,0
114000077,0,0,0
114000078,1,36,-35
114000079,5,13,-8
114000080,1,0,1
114000081,0,0,0
114000082,6,105,-99
114000083,3,35,-32
114000084,0,1,-1
114000085,17,69,-52
114000086,9,60,-51
114000087,0,15,-15
114000088,0,0,0
114000089,59,22,37
114000090,7,7,0
114000091,60,30,30
114000092,43,25,18
114000093,17,60,-43
114000094,21,21,0
114000095,0,0,0
114000096,0,0,0
114000097,0,0,0
114000098,0,0,0
114000099,2,56,-54
114000100,8,30,-22
114000101,13,90,-77
114000102,0,0,0
114000103,4,83,-79
114000104,1,21,-20
114000105,0,4,-4
114000106,43,27,16
114000107,7,9,-2
114000108,272,191,81
114000109,0,0,0
114000110,33,219,-186
114000111,0,0,0
114000112,40,379,-339
114000113,0,0,0
114000114,130,297,-167
114000115,0,0,0
114000116,49,31,18
114000117,44,11,33
114000118,26,14,12
114000119,49,3,46
114000120,109,188,-79
114000121,39,75,-36
114000122,36,64,-28
114000123,6,7,-1
114000124,3,8,-5
114000125,101,345,-244
114000126,11,3,8
114000127,6,44,-38
114000128,24,85,-61
114000130,0,0,0
114000131,0,0,0
114000132,54,110,-56
114000133,77,120,-43
114000134,5,9,-4
114000138,2,12,-10
114000139,0,0,0
114000144,0,0,0
114000145,0,7,-7
114000146,6,11,-5
114000147,0,0,0
114000148,50,0,50
114000149,6,7,-1
114000150,122,79,43
114000151,13,6,7
114000152,2,3,-1
114000153,86,141,-55
114000154,22,74,-52
114000155,35,61,-26
114000156,11,20,-9
114000157,17,76,-59
114000158,106,63,43
114000159,17,34,-17
114000160,4,26,-22
114000161,71,19,52
114000162,5,7,-2
114000163,0,1,-1
114000165,0,0,0
114000166,43,6,37
114000167,166,178,-12
114000168,98,99,-1
114000169,196,48,148
114000170,70,73,-3
114000171,63,47,16
114000174,32,59,-27
114000176,38,80,-42
114000177,182,127,55
114000178,0,0,0
114000179,26,5,21
114000180,40,90,-50
114000181,98,173,-75
114000182,309,466,-157
114000183,185,302,-117
114000184,213,441,-228
114000185,21,16,5
114000189,0,0,0
114000190,0,0,0
114000191,0,0,0
114000192,57,150,-93
114000193,161,455,-294
114000194,219,222,-3
114000195,0,0,0
114000196,2,38,-36
114000197,0,15,-15
114000198,112,65,47
114000199,160,94,66
114000200,44,271,-227
114000201,11,147,-136
114000202,114,118,-4
114000203,73,184,-111
114000204,11,53,-42
114000205,10,277,-267
114000206,45,241,-196
114000207,107,434,-327
114000208,56,463,-407
114000209,100,509,-409
114000210,60,396,-336
114000211,29,95,-66
114000212,22,70,-48
114000213,156,22,134
114000214,3,11,-8
114000215,0,15,-15
114000216,56,1,55
114000217,2,65,-63
114000218,3,40,-37
114000219,37,31,6
114000220,2,268,-266
114000221,24,21,3
114000222,10,192,-182
114000223,0,0,0
114000224,30,99,-69
114000225,37,105,-68
114000226,8,40,-32
114000227,35,62,-27
114000228,20,43,-23
114000229,58,153,-95
114000230,19,68,-49
114000231,98,229,-131
114000232,8,12,-4
114000233,17,3,14
114000234,42,60,-18
114000235,103,278,-175
114000236,1,253,-252
114000237,21,189,-168
114000238,1,3,-2
114000239,3,241,-238
114000240,110,180,-70
114000241,55,234,-179
114000242,175,164,11
114000243,67,102,-35
114000244,0,0,0
114000245,72,189,-117
114000246,64,18,46
114000247,22,36,-14
114000248,36,43,-7
114000249,18,47,-29
114000250,20,84,-64
114000251,8,26,-18
114000252,17,8,9
114000253,0,0,0
114000254,0,5,-5
114000255,17,19,-2
114000256,8,11,-3
114000257,79,536,-457
114000258,11,51,-40
114000259,3,56,-53
114000260,2,33,-31
114000261,22,1,21
114000262,0,15,-15
114000263,0,0,0
114000264,8,14,-6
114000265,0,0,0
114000267,2,318,-316
114000268,0,332,-332
114000270,0,0,0
114000271,30,16,14
114000283,34,40,-6
114000285,17,68,-51
114000288,6,56,-50
114000289,17,12,5
114000293,6,124,-118
114000294,3,0,3
114000395,65,2,63
114000396,0,0,0
114000402,7,8,-1
114000403,10,13,-3
114000405,7,101,-94
114000423,1,102,-101
114000424,8,15,-7
114000425,13,94,-81
114000426,0,0,0
114000427,8,18,-10
114000428,0,0,0
114000429,1,31,-30
114000432,0,0,0
114000434,4,6,-2
114000435,0,30,-30
114900001,0,0,0
114900002,0,0,0
114900003,0,0,0
114900004,0,0,0
114900005,0,0,0
114900006,0,0,0
114900007,0,0,0
114900008,0,0,0
114900010,70,12,58
114900011,0,0,0
114900013,0,0,0
114900020,0,0,0
114900025,0,0,0
114900026,0,0,0
114900029,0,0,0
114900030,0,0,0
114900031,0,0,0
114900032,0,0,0
114900034,0,14,-14
114900035,1,7,-6
114900036,5,91,-86
114900039,11,70,-59
114900040,0,5,-5
114900041,10,76,-66
114900042,17,104,-87
114900044,0,0,0
114900047,2,48,-46
114900048,0,15,-15
114900049,4,18,-14
114900050,5,43,-38
114900051,1,44,-43
114900052,1,10,-9
114900053,2,10,-8
114900054,1,12,-11
114900057,0,0,0
114900058,0,20,-20
114900059,0,0,0
114900063,6,9,-3
114900064,18,75,-57
114900065,0,59,-59
114900067,0,29,-29
114900068,13,23,-10
114900069,3,3,0
114900070,0,0,0
114900072,2,19,-17
114900073,1,28,-27
114900074,0,0,0
114900075,0,0,0
114900076,1,31,-30
114900080,0,0,0
114900082,0,76,-76
114900083,1,48,-47
114900090,0,0,0
114900091,9,3,6
114900097,0,0,0
114900098,0,0,0
114900099,0,0,0
115000001,1100,1465,-365
115000002,322,137,185
115000003,518,984,-466
115000004,226,217,9
115000005,282,943,-661
115000006,54,103,-49
115000007,0,0,0
115000008,20,35,-15
115000009,10,6,4
115000010,0,0,0
115000013,8,26,-18
115000015,5,49,-44
115000016,88,28,60
115000019,0,35,-35
115000020,0,0,0
115000021,33,80,-47
115000022,73,115,-42
115000023,54,3,51
115000024,83,108,-25
115000025,16,5,11
115000026,24,72,-48
115000027,11,4,7
115000028,13,125,-112
115000029,21,3,18
115000030,55,180,-125
115000031,75,0,75
115000032,1,89,-88
115000033,0,0,0
115000034,5,215,-210
115000035,0,0,0
115000036,1,78,-77
115000037,0,0,0
115000038,0,0,0
115000039,93,93,0
115000040,375,258,117
115000041,33,183,-150
115000042,33,64,-31
115000043,137,384,-247
115000044,542,775,-233
115000045,233,509,-276
115000046,39,145,-106
115000047,79,128,-49
115000048,220,721,-501
115000049,310,645,-335
115000050,167,112,55
115000051,259,96,163
115000052,435,471,-36
115000053,124,115,9
115000054,106,178,-72
115000055,11,127,-116
115000056,0,7,-7
115000057,9,99,-90
115000058,0,24,-24
115000059,0,73,-73
115000061,0,0,0
115000062,5,44,-39
115000063,6,57,-51
115000064,0,0,0
115000065,0,34,-34
115000067,0,0,0
115000069,0,66,-66
115000070,1,72,-71
115000071,0,0,0
115000072,2,2,0
115000073,138,1,137
115000075,0,1,-1
115000076,217,276,-59
115000077,90,351,-261
115000078,49,190,-141
115000079,72,299,-227
115000080,68,403,-335
115000081,31,54,-23
115000082,146,316,-170
115000083,138,381,-243
115000084,0,0,0
115000085,34,236,-202
115000086,0,0,0
115000087,40,234,-194
115000088,0,0,0
115000089,418,346,72
115000090,20,38,-18
115000091,15,171,-156
115000092,17,58,-41
115000093,0,0,0
115000094,579,433,146
115000095,388,820,-432
115000096,30,210,-180
115000097,25,160,-135
115000098,33,201,-168
115000099,43,338,-295
115000100,11,15,-4
115000101,74,339,-265
115000102,12,12,0
115000103,61,178,-117
115000105,0,0,0
115000106,4,12,-8
115000107,16,127,-111
115000108,699,764,-65
115000109,148,83,65
115000110,192,97,95
115000111,68,248,-180
115000112,42,63,-21
115000113,59,120,-61
115000114,128,133,-5
115000116,119,109,10
115000117,80,144,-64
115000118,67,161,-94
115000119,117,138,-21
115000120,58,156,-98
115000121,490,124,366
115000122,337,142,195
115000123,77,104,-27
115000124,77,120,-43
115000125,4,50,-46
115000126,4,53,-49
115000127,31,18,13
115000128,18,52,-34
115000129,3,13,-10
115000130,8,55,-47
115000131,5,52,-47
115000132,2,28,-26
115000133,3,45,-42
115000134,5,21,-16
115000135,5,17,-12
115000136,0,0,0
115000137,6,23,-17
115000138,0,0,0
115000139,18,59,-41
115000140,0,0,0
115000141,18,59,-41
115000142,5,70,-65
115000143,0,0,0
115000144,5,5,0
115000145,20,89,-69
115000146,0,0,0
115000147,10,54,-44
115000148,54,106,-52
115000149,4,5,-1
115000150,70,82,-12
115000151,10,6,4
115000152,27,161,-134
115000153,5,2,3
115000154,7,1,6
115000155,39,117,-78
115000156,8,0,8
115000157,51,84,-33
115000158,11,21,-10
115000159,3,0,3
115000160,0,0,0
115000161,18,34,-16
115000162,0,0,0
115000163,96,164,-68
115000164,73,102,-29
115000165,0,0,0
115000167,0,0,0
115000168,0,0,0
115000169,114,99,15
115000170,34,67,-33
115000171,0,0,0
115000172,44,51,-7
115000173,0,0,0
115000174,0,0,0
115000175,30,22,8
115000176,0,0,0
115000177,3,13,-10
115000178,8,36,-28
115000179,0,0,0
115000180,3,79,-76
115000181,0,0,0
115000182,0,0,0
115000183,6,103,-97
115000186,31,24,7
115000187,2,145,-143
115000188,137,42,95
115000189,49,75,-26
115000190,86,24,62
115000191,16,110,-94
115000194,16,18,-2
115000195,0,0,0
115000196,0,0,0
115000197,2,49,-47
115000198,0,0,0
115000199,0,33,-33
115000200,0,0,0
115000201,20,64,-44
115000206,0,0,0
115000207,6,75,-69
115000208,42,134,-92
115000209,43,26,17
115000210,3,8,-5
115000211,46,44,2
115000212,137,91,46
115000224,0,0,0
115000225,0,0,0
115000229,0,0,0
115000230,0,0,0
115000231,13,311,-298
115000232,30,54,-24
115000233,5,57,-52
115000234,0,0,0
115000241,0,0,0
115000242,0,0,0
115000243,0,0,0
115000244,0,0,0
115000246,0,0,0
115000247,0,0,0
115000248,0,0,0
115000249,0,0,0
115000250,2,1,1
115000251,0,0,0
115000252,0,0,0
115000253,0,0,0
115000258,0,0,0
115000259,0,0,0
115000261,0,0,0
115000262,0,0,0
115000263,0,0,0
115000264,0,0,0
115000267,0,0,0
115000268,0,1,-1
115000269,0,0,0
115000270,0,0,0
115000272,0,0,0
115000273,0,0,0
115000280,0,0,0
115000281,107,39,68
115000282,32,8,24
115000284,124,49,75
115000296,0,0,0
115000297,0,0,0
115000298,10,7,3
115000300,2,25,-23
115000302,0,0,0
115000303,0,0,0
115000304,0,0,0
115000305,12,100,-88
115000306,1,54,-53
115000307,2,35,-33
115000308,0,0,0
115000310,58,203,-145
115000311,0,0,0
115000313,16,63,-47
115000314,0,0,0
115000315,137,93,44
115000316,0,0,0
115000317,1,76,-75
115000318,57,47,10
115000319,5,34,-29
115000320,4,23,-19
115000321,83,0,83
115000322,4,52,-48
115000449,0,0,0
115000557,0,4,-4
115000558,0,0,0
115000587,7,1,6
115000588,618,1110,-492
115000589,511,283,228
115000590,75,302,-227
115000591,46,88,-42
115000592,90,433,-343
115000593,71,38,33
115000594,133,451,-318
115000609,2,3,-1
115000617,226,35,191
115000624,0,0,0
115000633,12,355,-343
115000634,391,94,297
115000635,28,7,21
115000638,0,0,0
115000641,0,0,0
115000642,15,15,0
115000643,2,72,-70
115000644,8,48,-40
115000646,117,96,21
115000647,11,73,-62
115000648,20,235,-215
115000893,309,104,205
115000894,16,421,-405
115000895,37,376,-339
115000896,118,15,103
115000897,52,5,47
115000898,62,12,50
115000899,108,75,33
115000900,9,24,-15
115000901,18,19,-1
115000912,15,2,13
115000913,0,0,0
115000915,0,0,0
115000916,0,0,0
115000917,0,1,-1
115000918,0,0,0
115000919,0,0,0
115000920,0,1,-1
115000921,46,1,45
115000922,73,48,25
115000923,56,323,-267
115000925,3,10,-7
115000927,0,0,0
115000933,25,17,8
115000934,0,0,0
115000935,0,0,0
115000936,0,0,0
115000937,166,8,158
115000938,50,18,32
115000939,55,27,28
115000940,0,0,0
115000941,0,0,0
115000942,0,0,0
115000943,7,4,3
115000944,0,5,-5
115900001,0,0,0
115900002,0,0,0
115900003,0,0,0
115900004,0,0,0
115900005,0,0,0
115900006,0,0,0
115900008,0,0,0
115900009,0,0,0
115900010,0,0,0
115900011,7,1,6
115900012,0,0,0
115900013,0,0,0
115900014,2,8,-6
115900015,0,0,0
115900016,0,0,0
115900017,0,0,0
115900018,10,1,9
115900019,0,0,0
115900020,0,0,0
115900021,31,1,30
115900022,0,0,0
115900023,0,0,0
115900025,0,0,0
115900026,0,0,0
115900027,0,3,-3
115900028,26,0,26
115900029,0,21,-21
115900030,0,0,0
115900031,0,0,0
115900032,0,0,0
115900033,0,0,0
115900034,0,20,-20
115900035,0,0,0
115900036,1,1,0
115900037,1,24,-23
115900038,0,0,0
115900039,0,0,0
115900041,1,0,1
115900042,0,0,0
115900043,0,0,0
115900044,0,0,0
115900046,1,12,-11
115900047,0,0,0
115900049,0,0,0
115900051,1,25,-24
115900052,0,12,-12
115900053,0,0,0
115900054,0,14,-14
115900055,0,7,-7
115900056,0,0,0
115900057,0,0,0
115900058,1,3,-2
115900060,0,0,0
115900061,0,0,0
115900062,0,38,-38
115900063,4,1,3
115900064,0,0,0
115900065,0,0,0
115900066,8,4,4
115900067,1,74,-73
115900068,169,1,168
115900069,0,0,0
115900070,0,0,0
115900071,0,5,-5
115900072,4,12,-8
115900073,0,1,-1
115900074,0,30,-30
115900075,0,0,0
115900076,0,0,0
115900077,1,17,-16
115900078,0,0,0
115900079,0,0,0
115900080,0,0,0
115900081,0,2,-2
115900082,0,0,0
115900084,0,0,0
115900085,0,1,-1
115900086,0,0,0
115900088,0,0,0
115900089,0,38,-38
115900090,0,0,0
115900091,0,0,0
115900092,0,10,-10
115900093,0,4,-4
115900094,1,13,-12
115900096,0,0,0
115900097,0,24,-24
115900098,1,13,-12
115900099,0,0,0
115900100,0,0,0
115900101,1,11,-10
115900102,0,0,0
115900103,3,6,-3
115900104,0,0,0
115900105,0,0,0
115900106,0,0,0
115900107,0,0,0
115900108,0,0,0
115900109,0,0,0
115900110,0,0,0
115900111,0,5,-5
115900112,0,0,0
115900113,0,0,0
115900114,0,20,-20
115900115,1,2,-1
115900116,0,0,0
115900117,0,0,0
115900118,0,45,-45
115900119,0,1,-1
115900120,0,0,0
115900121,0,0,0
115900124,0,0,0
115900125,0,0,0
115900126,0,0,0
115900127,0,0,0
115900128,0,0,0
115900129,0,0,0
115900130,0,0,0
115900131,0,0,0
115900132,0,0,0
115900134,0,0,0
115900135,0,0,0
115900137,0,0,0
115900139,0,0,0
115900140,0,0,0
115900141,0,0,0
115900142,0,0,0
115900143,0,8,-8
115900144,1,4,-3
115900146,0,0,0
115900147,0,0,0
115900148,0,0,0
115900149,0,2,-2
115900150,0,0,0
115900151,0,0,0
115900152,0,0,0
115900153,0,0,0
115900154,0,0,0
115900155,0,0,0
115900156,0,0,0
115900157,0,0,0
115900158,0,0,0
115900159,0,0,0
115900160,0,0,0
115900161,0,0,0
115900163,0,0,0
115900164,0,0,0
115900166,0,0,0
115900168,0,3,-3
115900171,0,0,0
115900172,0,0,0
115900173,0,0,0
115900174,0,0,0
115900175,1,3,-2
115900178,0,52,-52
115900179,0,0,0
115900180,0,0,0
115900181,0,14,-14
115900182,22,3,19
115900183,0,0,0
115900184,0,0,0
115900187,0,0,0
115900189,0,0,0
115900190,0,0,0
115900191,0,0,0
115900192,0,0,0
115900193,0,0,0
115900194,0,0,0
115900195,0,0,0
115900198,0,0,0
115900199,0,0,0
115900200,0,0,0
115900201,0,0,0
115900202,0,0,0
115900203,0,0,0
115900204,0,0,0
115900205,0,0,0
115900206,0,3,-3
115900207,0,0,0
115900208,0,0,0
115900209,0,0,0
115900210,0,0,0
115900211,0,0,0
115900212,0,0,0
115900213,0,0,0
115900214,0,18,-18
115900215,0,0,0
115900216,0,16,-16
115900217,0,12,-12
115900218,0,3,-3
115900219,0,0,0
115900220,0,0,0
115900221,0,0,0
115900222,0,0,0
115900223,0,0,0
115900224,0,0,0
115900225,0,0,0
115900226,0,0,0
115900227,0,0,0
115900228,0,0,0
115900229,0,0,0
115900230,0,0,0
115900231,0,0,0
115900232,0,0,0
115900233,0,0,0
115900234,0,0,0
115900235,0,0,0
115900236,0,0,0
115900237,0,4,-4
115900238,0,1,-1
115900239,0,3,-3
115900240,0,8,-8
115900241,0,1,-1
115900242,0,0,0
115900243,0,0,0
115900244,0,0,0
115900245,0,0,0
115900246,0,0,0
115900247,0,0,0
115900248,0,0,0
115900249,0,0,0
115900250,0,0,0
115900251,0,0,0
115900252,0,0,0
115900253,0,0,0
115900254,0,0,0
115900255,0,0,0
115900256,0,0,0
115900257,0,0,0
115900258,0,0,0
115900259,0,0,0
115900260,0,0,0
115900261,0,0,0
115900262,0,0,0
115900263,0,0,0
115900264,0,0,0
115900265,0,0,0
115900266,0,0,0
115900267,0,0,0
115900268,0,0,0
115900269,0,6,-6
115900270,0,0,0
115900271,0,0,0
115900272,0,0,0
115900273,0,0,0
115900274,0,0,0
115900275,0,0,0
115900276,0,0,0
115900277,0,0,0
115900278,1,5,-4
115900279,3,3,0
115900280,0,3,-3
115900281,0,5,-5
115900282,0,0,0
115900283,0,0,0
115900284,0,0,0
116000001,2452,576,1876
116000002,599,151,448
116000003,258,295,-37
116000004,538,51,487
116000005,195,352,-157
116000006,190,113,77
116000007,412,521,-109
116000008,268,268,0
116000009,107,296,-189
116000010,119,49,70
116000011,61,103,-42
116000012,95,111,-16
116000013,1657,738,919
116000014,261,69,192
116000015,16,97,-81
116000016,158,36,122
116000017,0,56,-56
116000018,13,13,0
116000019,19,54,-35
116000020,16,22,-6
116000021,11,57,-46
116000022,15,5,10
116000023,11,33,-22
116000024,23,41,-18
116000025,15,40,-25
116000026,53,298,-245
116000027,22,52,-30
116000028,0,0,0
116000029,85,100,-15
116000030,0,0,0
116000031,11,42,-31
116000032,11,43,-32
116000033,1,73,-72
116000034,15,120,-105
116000035,11,123,-112
116000036,50,36,14
116000037,0,0,0
116000038,0,0,0
116000039,49,23,26
116000040,0,0,0
116000041,9,35,-26
116000042,0,0,0
116000043,10,51,-41
116000044,1,13,-12
116000045,0,0,0
116000046,161,265,-104
116000047,199,283,-84
116000048,26,32,-6
116000049,22,53,-31
116000050,126,250,-124
116000051,50,51,-1
116000052,171,409,-238
116000053,0,0,0
116000054,48,262,-214
116000055,51,108,-57
116000056,0,0,0
116000057,430,216,214
116000058,382,119,263
116000059,167,37,130
116000060,616,114,502
116000061,60,62,-2
116000062,56,97,-41
116000063,29,70,-41
116000066,0,0,0
116000067,43,46,-3
116000068,0,0,0
116000069,45,46,-1
116000078,0,0,0
116000080,141,196,-55
116000082,1,36,-35
116000083,68,35,33
116000084,60,205,-145
116000085,164,42,122
116000086,62,93,-31
116000087,148,55,93
116000088,95,72,23
116000089,6,5,1
116000090,0,0,0
116000091,5,26,-21
116000093,29,25,4
116000094,12,117,-105
116000095,36,18,18
116000096,19,117,-98
116000097,21,59,-38
116000098,7,146,-139
116000099,473,13,460
116000100,2,0,2
116000101,5,20,-15
116000102,4,99,-95
116000103,1,24,-23
116000104,2,137,-135
116000105,9,19,-10
116000106,10,88,-78
116000107,9,72,-63
116000108,1,27,-26
116000111,0,0,0
116000113,0,0,0
116000114,0,4,-4
116000115,0,0,0
116000116,1,7,-6
116000117,0,0,0
116000118,53,216,-163
116000119,6,18,-12
116000120,181,575,-394
116000121,0,0,0
116000122,183,516,-333
116000123,0,0,0
116000124,37,262,-225
116000125,3,2,1
116000126,47,359,-312
116000127,100,318,-218
116000128,10,4,6
116000129,1,4,-3
116000130,2,4,-2
116000133,86,198,-112
116000134,73,403,-330
116000135,38,115,-77
116000136,73,327,-254
116000137,11,60,-49
116000138,89,26,63
116000139,100,359,-259
116000140,13,47,-34
116000141,10,84,-74
116000142,475,883,-408
116000143,308,43,265
116000144,130,547,-417
116000145,208,94,114
116000146,9,21,-12
116000147,33,5,28
116000148,3,23,-20
116000149,1,46,-45
116000151,61,213,-152
116000153,0,0,0
116000155,0,0,0
116000156,12,87,-75
116000157,0,0,0
116000158,9,77,-68
116000159,0,0,0
116000160,0,4,-4
116000161,2,12,-10
116000162,24,1,23
116000163,1,2,-1
116000164,0,5,-5
116000177,2,11,-9
116000194,0,56,-56
116000195,64,51,13
116000196,0,0,0
116000197,0,0,0
116000198,67,51,16
116000200,0,0,0
116000201,61,62,-1
116000202,0,3,-3
116000203,0,6,-6
116000204,1,7,-6
116000205,0,15,-15
116000206,0,11,-11
116000207,0,3,-3
116000233,2,16,-14
116000287,8,108,-100
116000288,0,0,0
116000292,0,11,-11
116000296,0,0,0
116000297,2,11,-9
116000304,0,0,0
116000305,0,0,0
116000346,2,26,-24
116000352,0,2,-2
116000354,0,1,-1
116000357,0,0,0
116000358,0,0,0
116000361,0,0,0
116000372,239,230,9
116000381,0,0,0
116000388,0,6,-6
116000389,8,13,-5
116000445,13,166,-153
116000446,0,0,0
116000447,2,127,-125
116000448,0,0,0
116000563,0,0,0
116000565,21,26,-5
116000568,4,1,3
116000579,0,7,-7
116000584,0,1,-1
116000585,0,1,-1
116000586,12,10,2
116000587,0,31,-31
116000589,35,6,29
116000590,0,0,0
116000591,0,0,0
116000592,0,0,0
116000593,0,0,0
116000594,4,66,-62
116000595,3,12,-9
116000596,1,1,0
116000597,0,0,0
116000598,1,28,-27
116000605,1,4,-3
116000606,0,0,0
116000607,1,10,-9
116000609,0,44,-44
116000611,9,120,-111
116000612,93,91,2
116000613,0,0,0
116000614,36,175,-139
116000615,0,72,-72
116000616,0,12,-12
116000617,1,6,-5
116000618,0,21,-21
116000619,0,1,-1
116000620,0,51,-51
116000621,0,0,0
116000622,0,0,0
116000624,1,0,1
116000627,0,0,0
116000628,0,0,0
116000629,0,0,0
116000630,0,0,0
116000631,0,0,0
116000632,0,0,0
116000633,0,0,0
116000634,10,101,-91
116000635,145,144,1
116000636,348,129,219
116000637,9,33,-24
116000638,0,0,0
116000639,0,0,0
116000640,0,0,0
116000641,19,75,-56
116000643,1,36,-35
116000644,9,299,-290
116000645,0,0,0
116900001,0,0,0
116900002,0,0,0
116900003,0,0,0
116900004,0,0,0
116900005,2,1,1
116900006,0,0,0
116900007,0,0,0
116900008,0,66,-66
116900009,0,0,0
116900010,0,53,-53
116900011,0,2,-2
116900012,0,0,0
116900013,0,22,-22
116900014,0,0,0
116900015,0,0,0
116900016,0,0,0
116900017,0,16,-16
116900019,0,24,-24
116900020,12,2,10
116900023,0,0,0
116900024,0,0,0
116900025,1,38,-37
116900026,3,18,-15
116900027,0,0,0
116900028,0,4,-4
116900029,0,0,0
116900031,0,0,0
116900032,0,3,-3
116900033,0,0,0
116900034,2,4,-2
116900035,3,4,-1
116900036,0,4,-4
116900038,0,0,0
116900041,0,0,0
116900042,52,12,40
116900043,0,1,-1
116900047,0,0,0
116900049,1,16,-15
116900050,0,5,-5
116900051,0,0,0
116900052,0,0,0
116900055,0,0,0
116900057,1,10,-9
116900058,0,5,-5
116900059,0,0,0
116900060,0,8,-8
116900062,0,0,0
116900064,2,67,-65
116900065,0,0,0
116900067,0,0,0
116900068,26,14,12
116900070,0,0,0
116900072,0,32,-32
116900073,1,0,1
116900074,0,0,0
116900076,0,0,0
116900077,0,4,-4
116900078,8,19,-11
116900079,0,2,-2
116900080,0,0,0
116900081,6,20,-14
116900082,5,21,-16
116900083,0,0,0
116900084,2,2,0
116900085,0,2,-2
116900086,0,12,-12
116900088,0,0,0
116900090,0,0,0
116900091,0,2,-2
116900092,1,31,-30
116900093,1,0,1
116900094,98,5,93
116900095,0,14,-14
116900096,2,3,-1
116900097,8,1,7
116900098,48,4,44
116900099,9,6,3
116900100,0,0,0
116900101,8,11,-3
116900103,0,0,0
116900104,2,0,2
116900105,0,0,0
116900106,0,1,-1
116900107,7,0,7
116900110,0,0,0
116900111,0,1,-1
116900112,0,0,0
116900113,0,0,0
116900116,0,0,0
116900117,0,6,-6
116900118,2,179,-177
116900120,0,0,0
116900121,0,0,0
116900122,5,101,-96
116900123,3,73,-70
116900124,4,10,-6
116900125,2,4,-2
116900126,1,32,-31
116900128,0,4,-4
116900129,0,22,-22
116900130,64,92,-28
116900131,1,14,-13
116900132,0,6,-6
116900133,0,14,-14
116900134,4,9,-5
116900136,1,4,-3
116900137,0,7,-7
116900138,3,13,-10
116900139,5,18,-13
116900140,1,4,-3
116900141,7,5,2
116900142,0,1,-1
116900143,1,18,-17
116900144,0,0,0
116900145,2,17,-15
116900147,7,19,-12
116900148,1,2,-1
116900149,0,0,0
116900150,0,1,-1
116900151,0,0,0
116900153,0,0,0
116900154,0,5,-5
116900155,0,5,-5
116900157,0,0,0
116900158,0,0,0
116900159,0,51,-51
116900160,0,0,0
116900161,584,61,523
116900163,0,0,0
116900164,0,1,-1
116900165,0,0,0
116900166,0,0,0
116900167,0,0,0
116900168,2,1,1
116900169,0,0,0
116900170,0,0,0
116900171,0,0,0
116900172,0,0,0
116900173,0,1,-1
116900174,0,4,-4
116900175,0,0,0
116900178,0,0,0
116900179,0,0,0
116900180,1,0,1
116900182,0,0,0
116900183,0,0,0
116900185,0,0,0
116900186,0,0,0
116900187,0,0,0
116900188,1,3,-2
116900189,0,0,0
116900191,0,0,0
116900192,0,0,0
116900194,0,0,0
116900195,0,0,0
116900196,0,0,0
116900197,0,0,0
116900198,9,6,3
116900200,0,0,0
116900201,0,0,0
116900202,0,0,0
116900203,0,0,0
116900204,0,3,-3
116900206,0,0,0
116900207,0,2,-2
116900208,0,0,0
116900209,0,0,0
116900210,1,4,-3
116900211,0,0,0
116900212,0,0,0
116900213,0,0,0
116900214,0,8,-8
116900215,0,0,0
116900216,3,1,2
116900218,1,20,-19
116900219,30,12,18
116900220,0,0,0
116900221,2,14,-12
116900222,0,0,0
116900223,0,0,0
116900226,2,5,-3
116900227,0,1,-1
116900228,4,23,-19
116900230,1,13,-12
116900231,1,9,-8
116900232,0,2,-2
116900233,1,8,-7
116900234,0,0,0
116900235,11,68,-57
116900238,10,5,5
116900239,1,10,-9
116900240,56,13,43
116900241,0,0,0
116900242,19,3,16
116900243,0,0,0
116900245,0,0,0
116900246,0,2,-2
116900247,0,0,0
116900248,0,0,0
116900249,0,0,0
116900250,0,4,-4
116900251,0,0,0
116900252,0,0,0
116900254,0,0,0
116900255,2,1,1
116900256,5,6,-1
116900257,0,40,-40
116900258,0,37,-37
116900259,0,0,0
116900260,0,6,-6
116900261,0,0,0
116900262,0,7,-7
116900263,0,0,0
116900264,0,0,0
116900265,0,0,0
116900266,0,3,-3
116900267,0,0,0
116900268,0,0,0
116900269,0,5,-5
116900271,0,0,0
116900272,19,24,-5
116900273,8,0,8
116900274,0,0,0
116900275,0,0,0
116900276,0,0,0
116900277,0,0,0
116900278,0,0,0
116900279,0,2,-2
116900280,0,1,-1
116900281,40,4,36
116900282,0,2,-2
116900283,0,0,0
116900284,1,3,-2
116900285,0,0,0
116900286,0,0,0
116900287,0,0,0
116900288,0,0,0
116900289,0,0,0
116900290,0,0,0
116900291,0,0,0
116900292,0,0,0
116900293,0,0,0
116900294,0,10,-10
116900295,0,0,0
116900296,0,0,0
116900297,0,0,0
116900298,0,0,0
116900299,0,0,0
116900300,0,0,0
116900301,0,0,0
116900302,0,8,-8
116900303,0,0,0
116900304,0,8,-8
116900305,0,0,0
116900306,0,0,0
116900307,0,0,0
116900308,0,0,0
116900309,0,0,0
116900310,0,0,0
117000001,94,108,-14
117000002,242,539,-297
117000003,230,48,182
117000004,524,563,-39
117000005,74,23,51
117000006,128,691,-563
117000007,90,6,84
117000008,154,699,-545
117000009,0,0,0
117000010,330,676,-346
117000011,0,0,0
117000012,138,340,-202
117000013,0,0,0
117000014,72,397,-325
117000015,0,0,0
117000016,8,14,-6
117000017,16,12,4
117000018,1,45,-44
117000019,0,0,0
117000020,45,152,-107
117000021,224,39,185
117000022,11,3,8
117000023,18,39,-21
117000024,19,55,-36
117000025,107,110,-3
117000026,29,6,23
117000027,234,367,-133
117000028,0,0,0
117000030,10,38,-28
117000031,0,0,0
117000032,164,146,18
117000033,127,130,-3
117000034,16,18,-2
117000035,0,0,0
117000036,45,23,22
117000037,0,0,0
117000038,6,59,-53
117000039,2,3,-1
117000040,6,159,-153
117000041,0,0,0
117000044,4,134,-130
117000045,0,0,0
117000046,39,108,-69
117000047,0,0,0
117000048,228,141,87
117000049,22,17,5
117000050,2,311,-309
117000051,63,12,51
117000052,0,9,-9
117000053,6,4,2
117000054,19,1,18
117000055,34,421,-387
117000056,6,0,6
117000057,20,286,-266
117000060,13,69,-56
117000061,1,8,-7
117000062,6,14,-8
117000063,0,0,0
117000064,67,91,-24
117000066,70,40,30
117000067,1,29,-28
117000074,0,0,0
117000076,0,0,0
117000077,8,5,3
117000078,1,62,-61
117000079,1,12,-11
117000080,0,110,-110
117000081,9,0,9
117000082,4,19,-15
117000083,1,2,-1
117000084,0,0,0
117000085,9,63,-54
117000086,9,55,-46
117000087,23,112,-89
117000088,0,0,0
117000089,29,17,12
117000090,28,285,-257
117000091,17,9,8
117000092,34,288,-254
117000093,5,8,-3
117000094,72,435,-363
117000095,15,21,-6
117000096,72,570,-498
117000097,12,39,-27
117000098,259,822,-563
117000099,12,11,1
117000100,0,9,-9
117000101,21,98,-77
117000102,0,0,0
117000103,161,286,-125
117000104,0,0,0
117000105,95,321,-226
117000106,0,0,0
117000107,76,376,-300
117000108,0,0,0
117000109,341,559,-218
117000110,0,0,0
117000111,301,258,43
117000112,66,108,-42
117000113,4,16,-12
117000114,0,0,0
117000115,2,9,-7
117000116,1,11,-10
117000117,22,20,2
117000118,3,15,-12
117000119,0,0,0
117000120,0,1,-1
117000121,0,1,-1
117000122,0,0,0
117000123,0,0,0
117000124,0,0,0
117000125,0,0,0
117000126,0,0,0
117000127,0,7,-7
117000128,7,15,-8
117000129,0,0,0
117000130,4,5,-1
117000131,0,26,-26
117000132,50,31,19
117000133,1,21,-20
117000134,0,29,-29
117000135,1,10,-9
117000136,0,8,-8
117000137,0,0,0
117000138,1,99,-98
117000140,59,199,-140
117000141,0,0,0
117000181,48,5,43
117000182,0,0,0
117000195,9,101,-92
117000196,0,0,0
117000225,0,0,0
117000226,1,0,1
117000276,0,0,0
117000277,0,48,-48
117000310,249,290,-41
117000315,0,0,0
117000320,0,0,0
117000906,0,0,0
117000907,2,47,-45
117000909,10,5,5
117000910,30,19,11
117000911,9,10,-1
117000915,0,59,-59
117000916,0,0,0
117000917,0,0,0
117000918,0,0,0
117000919,0,6,-6
117000920,1,328,-327
117000921,0,129,-129
117000922,0,0,0
117000924,11,12,-1
117000926,123,7,116
117000927,2,20,-18
117000928,0,53,-53
117000929,2,34,-32
117000930,6,0,6
117000931,29,3,26
117900002,15,21,-6
117900003,17,9,8
117900005,0,1,-1
117900006,0,10,-10
117900007,0,14,-14
117900008,0,0,0
117900010,0,6,-6
117900011,0,0,0
117900012,1,9,-8
117900013,0,12,-12
117900014,2,27,-25
117900015,1,14,-13
117900016,49,10,39
117900017,2,43,-41
117900018,4,0,4
117900019,0,22,-22
117900020,0,17,-17
117900021,0,6,-6
117900023,1,0,1
117900024,7,14,-7
117900025,0,0,0
117900026,0,32,-32
117900028,0,0,0
117900029,0,63,-63
117900031,0,0,0
117900032,1,3,-2
117900033,0,44,-44
117900034,0,0,0
117900035,2,1,1
117900036,3,60,-57
117900037,0,0,0
117900038,0,26,-26
117900039,0,10,-10
117900040,3,42,-39
117900041,0,6,-6
117900042,55,9,46
117900043,1,9,-8
117900044,0,13,-13
117900045,0,0,0
117900048,13,23,-10
117900049,1,22,-21
117900050,0,0,0
117900051,0,0,0
117900052,0,0,0
117900053,17,58,-41
117900054,0,0,0
117900055,0,0,0
117900056,0,0,0
117900057,8,80,-72
117900058,0,0,0
117900059,0,0,0
117900060,9,206,-197
117900061,0,0,0
117900063,3,10,-7
117900065,50,36,14
117900066,0,1,-1
117900067,1,18,-17
117900069,2,25,-23
117900070,0,0,0
117900071,0,0,0
117900073,0,16,-16
117900074,0,0,0
117900075,0,1,-1
117900076,0,9,-9
117900077,0,0,0
117900078,2,27,-25
117900080,0,0,0
117900081,22,24,-2
117900082,4,2,2
117900083,0,32,-32
117900086,0,0,0
117900087,0,0,0
117900088,53,27,26
117900089,11,2,9
117900090,0,37,-37
117900091,4,3,1
117900092,0,0,0
117900093,0,0,0
117900094,0,0,0
117900095,1,48,-47
117900096,0,0,0
117900097,0,0,0
117900098,0,0,0
117900099,2,21,-19
117900100,0,0,0
117900101,17,20,-3
117900102,0,0,0
117900103,0,0,0
117900104,0,2,-2
117900105,0,7,-7
117900106,0,0,0
117900107,0,0,0
117900109,2,10,-8
117900110,0,0,0
117900111,0,0,0
117900112,0,0,0
117900113,0,0,0
117900114,0,0,0
117900115,1,0,1
117900116,14,34,-20
117900117,10,23,-13
117900118,0,0,0
117900119,0,42,-42
117900120,0,4,-4
117900121,0,2,-2
117900122,22,14,8
117900123,22,51,-29
117900124,3,15,-12
117900125,100,45,55
117900126,8,24,-16
117900127,4,26,-22
117900128,3,28,-25
117900129,0,0,0
117900130,0,30,-30
117900131,0,11,-11
117900132,0,12,-12
117900133,0,7,-7
117900134,1,21,-20
117900135,0,22,-22
117900136,0,7,-7
117900137,2,28,-26
117900138,0,6,-6
117900139,0,2,-2
117900140,2,0,2
117900141,8,25,-17
117900142,0,0,0
117900144,0,0,0
117900145,0,1,-1
117900146,0,0,0
117900147,0,0,0
117900148,94,42,52
117900149,0,10,-10
117900150,0,1,-1
117900151,1,3,-2
117900152,1,1,0
117900153,0,9,-9
117900154,0,13,-13
117900156,12,27,-15
117900157,1,7,-6
117900158,0,0,0
117900160,22,5,17
117900161,59,108,-49
117900162,0,16,-16
117900163,1,0,1
117900165,0,0,0
117900166,1,8,-7
117900168,0,0,0
117900169,0,0,0
117900170,0,0,0
117900171,0,0,0
117900172,0,0,0
117900173,0,0,0
117900174,0,0,0
117900175,0,0,0
117900176,0,0,0
117900177,0,0,0
117900178,0,0,0
117900180,0,0,0
117900181,0,0,0
117900182,0,0,0
117900183,0,0,0
117900184,0,0,0
117900185,0,0,0
117900186,0,0,0
117900187,0,0,0
117900188,0,0,0
117900189,0,0,0
117900190,0,0,0
117900191,0,0,0
117900192,0,0,0
117900193,0,0,0
117900194,0,0,0
117900195,0,0,0
117900196,0,0,0
117900207,0,0,0
117900208,0,1,-1
117900209,0,3,-3
117900210,0,0,0
117900211,0,0,0
117900212,6,7,-1
117900213,0,0,0
117900214,0,0,0
117900215,0,0,0
117900216,0,0,0
117900217,0,20,-20
117900218,0,0,0
117900219,0,13,-13
117900220,0,0,0
117900222,5,17,-12
117900223,0,5,-5
118000001,62,58,4
118000002,143,220,-77
118000003,149,119,30
118000004,265,226,39
118000005,683,355,328
118000006,801,843,-42
118000007,454,281,173
118000008,411,425,-14
118000009,146,349,-203
118000010,150,333,-183
118000011,73,194,-121
118000012,94,187,-93
118000013,283,233,50
118000014,96,285,-189
118000016,19,51,-32
118000017,0,0,0
118000018,20,40,-20
118000019,387,94,293
118000020,79,186,-107
118000021,102,336,-234
118000022,62,21,41
118000023,61,131,-70
118000024,51,125,-74
118000027,1658,422,1236
118000029,56,29,27
118000032,29,46,-17
118000033,112,102,10
118000034,339,228,111
118000035,35,320,-285
118000036,35,106,-71
118000037,111,88,23
118000038,0,0,0
118000039,2,9,-7
118000040,50,237,-187
118000041,135,168,-33
118000045,14,0,14
118000046,63,20,43
118000047,101,23,78
118000048,193,142,51
118000051,17,6,11
118000052,11,4,7
118000053,13,6,7
118000054,149,45,104
118000055,97,15,82
118000056,10,3,7
118000057,3,9,-6
118000058,32,24,8
118000059,11,16,-5
118000060,6,14,-8
118000061,13,16,-3
118000062,9,10,-1
118000063,2,14,-12
118000064,17,12,5
118000065,123,41,82
118000066,10,12,-2
118000067,230,121,109
118000068,81,186,-105
118000069,139,49,90
118000070,482,47,435
118000071,193,271,-78
118000072,149,91,58
118000073,51,12,39
118000074,1,5,-4
118000075,25,21,4
118000076,180,127,53
118000077,332,173,159
118000078,73,65,8
118000079,26,106,-80
118000080,219,159,60
118000081,75,40,35
118000082,7,8,-1
118000083,12,17,-5
118000084,155,60,95
118000086,14,25,-11
118000087,1396,311,1085
118000088,71,99,-28
118000089,264,549,-285
118000090,578,193,385
118000091,150,346,-196
118000092,98,17,81
118000093,14,13,1
118000096,3,7,-4
118000097,21,23,-2
118000098,0,0,0
118000099,18,87,-69
118000101,54,44,10
118000102,7,65,-58
118000107,97,60,37
118000108,1,19,-18
118000110,0,2,-2
118000111,1,92,-91
118000112,0,0,0
118000113,2,116,-114
118000114,0,0,0
118000115,0,0,0
118000116,0,0,0
118000117,149,130,19
118000118,17,29,-12
118000119,10,34,-24
118000120,265,364,-99
118000121,2,47,-45
118000122,134,4,130
118000123,2,39,-37
118000125,132,142,-10
118000126,8,15,-7
118000127,15,9,6
118000128,119,184,-65
118000129,37,31,6
118000130,495,674,-179
118000131,86,206,-120
118000132,42,50,-8
118000133,43,49,-6
118000135,0,0,0
118000136,8,61,-53
118000137,98,10,88
118000138,2,32,-30
118000139,11,5,6
118000140,280,231,49
118000141,73,79,-6
118000142,135,233,-98
118000143,15,28,-13
118000144,25,17,8
118000145,196,311,-115
118000146,114,168,-54
118000147,64,271,-207
118000148,28,140,-112
118000149,23,50,-27
118000150,2,18,-16
118000151,4,6,-2
118000153,6,36,-30
118000154,12,31,-19
118000155,9,36,-27
118000156,228,182,46
118000157,13,20,-7
118000158,4,25,-21
118000159,0,0,0
118000160,0,0,0
118000161,37,115,-78
118000162,10,24,-14
118000163,10,18,-8
118000164,49,27,22
118000168,2,18,-16
118000169,167,289,-122
118000170,201,294,-93
118000171,0,0,0
118000172,0,0,0
118000173,78,79,-1
118000175,36,19,17
118000176,8,40,-32
118000177,0,17,-17
118000178,1,3,-2
118000179,0,0,0
118000180,0,0,0
118000181,121,56,65
118000182,51,31,20
118000183,32,51,-19
118000184,0,0,0
118000185,173,113,60
118000186,89,183,-94
118000187,39,98,-59
118000188,8,27,-19
118000189,3,57,-54
118000190,1,0,1
118000191,0,0,0
118000192,9,15,-6
118000193,2,23,-21
118000194,235,32,203
118000195,0,0,0
118000196,0,0,0
118000197,33,15,18
118000198,10,2,8
118000199,65,60,5
118000200,0,0,0
118000201,12,3,9
118000202,0,0,0
118000203,55,17,38
118000204,54,39,15
118000205,130,5,125
118000206,0,0,0
118000207,0,1,-1
118000208,48,77,-29
118000209,111,246,-135
118000210,0,0,0
118000211,0,0,0
118000213,1,6,-5
118000214,105,12,93
118000215,42,80,-38
118000216,0,0,0
118000217,0,7,-7
118000218,0,2,-2
118000219,3,5,-2
118000220,0,0,0
118000221,1,19,-18
118000222,45,3,42
118000223,0,0,0
118000224,1,2,-1
118000225,1,103,-102
118000226,0,0,0
118000227,79,28,51
118000228,34,23,11
118000229,0,0,0
118000230,1,22,-21
118000231,0,3,-3
118000232,40,105,-65
118000233,11,11,0
118000234,0,4,-4
118000236,2,17,-15
118000237,0,0,0
118000238,2,14,-12
118000239,0,0,0
118000240,23,0,23
118000241,2,5,-3
118000242,2,96,-94
118000243,2,3,-1
118000244,0,6,-6
118000246,0,2,-2
118000255,0,8,-8
118000256,0,6,-6
118000259,0,1,-1
118000260,0,0,0
118000261,0,2,-2
118000263,0,8,-8
118000266,9,19,-10
118000267,0,17,-17
118000268,0,3,-3
118000270,0,0,0
118000271,0,10,-10
118000272,0,0,0
118000273,2,9,-7
118000274,2,30,-28
118000276,3,6,-3
118000295,0,4,-4
118000298,18,62,-44
118000299,7,40,-33
118000301,0,8,-8
118000302,0,3,-3
118000311,1,14,-13
118000312,3,20,-17
118000313,0,9,-9
118000314,1,4,-3
118000315,0,1,-1
118000316,0,27,-27
118000325,0,0,0
118000326,0,0,0
118000331,0,0,0
118000332,0,0,0
118000333,0,0,0
118000335,0,0,0
118000336,0,37,-37
118000407,0,0,0
118000457,0,10,-10
118000465,227,187,40
118000480,0,3,-3
118000489,0,0,0
118000490,17,87,-70
118000492,2,1,1
118000510,4,3,1
118000514,4,65,-61
118000515,0,14,-14
118000517,73,29,44
118000524,394,143,251
118000525,150,195,-45
118000530,0,0,0
118000531,0,0,0
118000532,29,55,-26
118000533,40,47,-7
118000534,21,89,-68
118000535,1,2,-1
118000536,10,15,-5
118000537,2,9,-7
118000538,1,10,-9
118000539,0,0,0
118000540,2,14,-12
118000541,5,22,-17
118000542,0,0,0
118000543,0,0,0
118000546,3,7,-4
118000553,0,2,-2
118000560,199,37,162
118000562,0,0,0
118000563,143,45,98
118000576,16,20,-4
118000577,23,19,4
118000578,12,4,8
118000579,35,81,-46
118000583,0,0,0
118000595,0,0,0
118000596,0,7,-7
118000597,11,15,-4
118000598,0,0,0
118000599,0,0,0
118000600,0,0,0
118000601,0,0,0
118000602,0,0,0
118000603,0,16,-16
118000605,0,0,0
118000606,0,0,0
118900001,0,0,0
118900002,5,5,0
118900003,0,0,0
118900004,0,0,0
118900005,0,0,0
118900006,0,0,0
118900007,0,0,0
118900008,0,0,0
118900009,0,0,0
118900010,0,0,0
118900011,0,0,0
118900012,0,0,0
118900013,0,0,0
118900015,0,0,0
118900016,0,0,0
118900017,0,0,0
118900018,0,0,0
118900019,0,1,-1
118900020,0,0,0
118900021,0,0,0
118900022,3,7,-4
118900023,0,0,0
118900024,0,0,0
118900025,0,0,0
118900026,1,0,1
118900027,0,0,0
118900028,1,0,1
118900029,0,0,0
118900030,0,0,0
118900031,0,2,-2
118900032,0,0,0
118900033,0,0,0
118900034,0,0,0
118900035,0,6,-6
118900036,10,36,-26
118900037,0,0,0
118900038,0,4,-4
118900039,0,0,0
118900040,0,0,0
118900041,0,0,0
118900042,2,2,0
118900045,1,3,-2
118900046,35,2,33
118900047,24,2,22
118900048,0,0,0
118900049,0,0,0
118900050,0,16,-16
118900051,0,0,0
118900052,0,0,0
118900053,0,0,0
118900054,0,4,-4
118900055,5,14,-9
118900056,0,0,0
118900057,1,16,-15
118900058,0,0,0
118900059,0,0,0
118900060,0,6,-6
118900062,0,0,0
118900064,0,0,0
118900065,0,0,0
118900066,0,0,0
118900067,64,6,58
118900068,0,0,0
118900069,3,12,-9
118900071,0,0,0
118900072,0,0,0
118900073,0,5,-5
118900074,0,0,0
118900075,0,0,0
118900076,0,0,0
118900077,0,6,-6
118900078,0,1,-1
118900079,0,0,0
118900080,0,0,0
118900081,0,0,0
118900082,0,9,-9
118900083,0,0,0
118900084,0,0,0
118900085,2,37,-35
118900086,0,0,0
118900087,0,14,-14
118900088,0,1,-1
118900089,0,0,0
118900090,3,17,-14
118900091,0,0,0
118900092,0,4,-4
118900093,0,0,0
118900096,19,16,3
118900097,2,33,-31
118900099,0,20,-20
118900100,0,0,0
118900101,0,18,-18
118900102,0,3,-3
118900103,1,3,-2
118900104,3,3,0
118900105,18,10,8
118900107,0,1,-1
118900108,0,3,-3
118900110,0,0,0
118900111,0,0,0
118900112,0,0,0
118900113,0,0,0
118900114,0,0,0
118900115,0,0,0
118900116,5,28,-23
118900117,3,32,-29
118900118,10,50,-40
118900119,0,18,-18
118900120,3,51,-48
118900121,0,0,0
118900122,0,15,-15
118900123,7,30,-23
118900124,0,0,0
118900126,0,13,-13
118900129,0,3,-3
118900130,0,0,0
118900131,0,34,-34
118900132,0,7,-7
118900133,0,0,0
118900135,4,13,-9
118900136,4,41,-37
118900137,0,0,0
118900139,0,0,0
118900140,15,60,-45
118900141,0,0,0
118900144,6,61,-55
118900145,0,0,0
118900146,2,28,-26
118900147,0,0,0
118900148,0,0,0
118900150,0,0,0
118900152,9,44,-35
118900157,0,0,0
118900158,0,0,0
118900159,0,0,0
118900161,0,0,0
118900163,0,0,0
118900164,0,0,0
118900165,2,13,-11
118900166,9,0,9
118900167,2,11,-9
118900168,0,3,-3
118900169,6,34,-28
118900170,0,5,-5
118900171,0,6,-6
118900174,1,2,-1
118900175,3,19,-16
118900176,0,11,-11
118900177,0,1,-1
118900178,0,1,-1
118900179,1,4,-3
118900181,5,2,3
118900182,2,1,1
118900183,0,7,-7
118900184,2,1,1
118900185,1,7,-6
118900186,7,43,-36
118900187,0,0,0
118900188,0,0,0
118900189,0,8,-8
118900190,0,0,0
118900191,0,0,0
118900192,0,0,0
118900193,0,0,0
118900195,0,0,0
118900196,1,13,-12
118900197,0,0,0
118900198,1,1,0
118900199,1,4,-3
118900200,0,0,0
118900201,0,0,0
118900202,2,1,1
118900203,0,4,-4
118900204,0,3,-3
118900205,0,0,0
118900206,0,1,-1
119000001,61,50,11
119000002,100,111,-11
119000003,41,124,-83
119000004,64,90,-26
119000005,69,102,-33
119000006,85,78,7
119000007,105,212,-107
119000008,156,371,-215
119000009,285,397,-112
119000010,872,825,47
119000011,543,297,246
119000012,559,565,-6
119000013,427,285,142
119000014,281,698,-417
119000019,4,8,-4
119000020,64,117,-53
119000021,163,109,54
119000022,50,60,-10
119000023,0,0,0
119000024,129,171,-42
119000025,813,154,659
119000026,0,0,0
119000027,37,46,-9
119000028,141,151,-10
119000029,1,0,1
119000030,39,140,-101
119000031,81,163,-82
119000032,96,189,-93
119000033,312,228,84
119000034,118,151,-33
119000035,2,104,-102
119000036,100,132,-32
119000037,68,285,-217
119000038,34,109,-75
119000039,16,34,-18
119000040,322,30,292
119000041,280,54,226
119000048,973,349,624
119000049,112,356,-244
119000050,62,29,33
119000051,42,26,16
119000052,59,47,12
119000053,76,37,39
119000054,74,302,-228
119000055,206,261,-55
119000056,157,197,-40
119000057,42,173,-131
119000058,76,142,-66
119000059,23,19,4
119000060,39,86,-47
119000061,17,3,14
119000062,96,174,-78
119000063,41,21,20
119000064,33,55,-22
119000065,11,101,-90
119000066,65,92,-27
119000067,45,64,-19
119000068,95,119,-24
119000069,25,67,-42
119000070,106,106,0
119000071,0,1,-1
119000072,363,177,186
119000073,217,302,-85
119000074,44,263,-219
119000075,42,396,-354
119000076,0,0,0
119000077,0,0,0
119000078,0,0,0
119000079,0,0,0
119000080,0,0,0
119000081,0,0,0
119000082,0,0,0
119000083,0,0,0
119000084,0,0,0
119000085,0,0,0
119000086,0,0,0
119000087,20,15,5
119000088,0,0,0
119000090,0,0,0
119000091,0,0,0
119000092,0,0,0
119000093,348,227,121
119000094,267,328,-61
119000095,37,177,-140
119000097,245,99,146
119000098,76,186,-110
119000099,95,146,-51
119000100,180,252,-72
119000101,266,393,-127
119000102,7,25,-18
119000103,40,3,37
119000104,215,350,-135
119000105,0,0,0
119000106,27,254,-227
119000107,0,0,0
119000108,30,275,-245
119000109,0,3,-3
119000110,40,25,15
119000111,0,29,-29
119000112,13,9,4
119000113,64,3,61
119000114,0,1,-1
119000115,32,17,15
119000116,0,0,0
119000117,4,22,-18
119000118,0,1,-1
119000123,16,1,15
119000124,0,0,0
119000125,0,0,0
119000126,0,0,0
119000127,34,122,-88
119000128,12,0,12
119000131,42,176,-134
119000132,8,0,8
119000133,0,0,0
119000134,0,0,0
119000135,0,3,-3
119000136,1,31,-30
119000137,0,0,0
119000138,5,70,-65
119000139,0,0,0
119000140,3,15,-12
119000284,295,898,-603
119000285,489,795,-306
119000286,619,791,-172
119000287,124,404,-280
119000288,102,314,-212
119000289,160,475,-315
119000290,3,12,-9
119000291,12,116,-104
119000293,37,31,6
119000294,0,0,0
119000295,181,34,147
119000296,1,1,0
119000302,762,78,684
119000303,0,0,0
119000310,0,0,0
119000314,117,121,-4
119000315,0,2,-2
119000316,0,15,-15
119000317,0,1,-1
119000319,0,0,0
119900001,1,13,-12
119900002,0,0,0
119900003,0,37,-37
119900004,0,4,-4
119900005,0,0,0
119900006,0,5,-5
119900007,0,0,0
119900008,0,0,0
119900009,0,8,-8
119900010,1,30,-29
119900011,0,0,0
119900012,0,0,0
119900013,40,26,14
119900014,5,5,0
119900015,2,0,2
119900016,0,0,0
119900017,0,0,0
119900018,0,0,0
119900019,0,0,0
119900020,0,0,0
119900021,0,0,0
119900022,0,0,0
119900023,0,0,0
119900025,0,0,0
119900026,0,0,0
119900027,0,0,0
119900028,0,0,0
119900029,0,0,0
119900030,0,0,0
119900031,0,0,0
119900033,34,0,34
119900034,0,0,0
119900037,0,0,0
119900038,0,0,0
119900039,0,0,0
119900040,0,0,0
119900041,0,0,0
119900042,0,0,0
119900043,0,0,0
119900044,0,0,0
119900046,0,0,0
119900047,0,0,0
119900048,0,2,-2
119900049,0,0,0
119900050,0,0,0
119900051,0,0,0
119900052,0,0,0
119900053,0,0,0
119900054,0,0,0
119900055,3,4,-1
119900057,0,0,0
119900058,0,0,0
119900059,0,1,-1
119900060,0,0,0
119900061,0,0,0
119900062,0,0,0
119900063,0,0,0
119900065,0,0,0
119900067,0,0,0
119900068,0,0,0
119900069,0,0,0
119900070,0,1,-1
119900071,0,0,0
119900073,0,0,0
119900074,0,0,0
119900075,161,47,114
119900076,0,26,-26
119900077,0,57,-57
119900078,0,0,0
119900079,0,0,0
119900080,0,1,-1
119900081,1,11,-10
119900082,0,4,-4
119900083,0,0,0
119900084,4,0,4
119900085,7,2,5
119900086,1,84,-83
119900087,0,7,-7
119900088,0,6,-6
119900089,1,89,-88
119900090,7,4,3
119900091,5,87,-82
119900092,0,34,-34
119900093,4,2,2
119900094,2,23,-21
119900095,0,0,0
119900096,0,3,-3
119900097,30,10,20
119900098,0,0,0
119900099,0,13,-13
119900100,182,108,74
119900101,15,45,-30
119900102,2,19,-17
119900103,0,21,-21
119900104,1,12,-11
119900105,18,134,-116
119900106,1,11,-10
119900107,6,78,-72
119900108,88,62,26
119900109,1,2,-1
119900110,16,53,-37
119900111,0,0,0
119900112,44,3,41
119900113,0,0,0
119900114,1,129,-128
119900115,0,0,0
119900116,0,0,0
119900117,3,63,-60
119900118,0,0,0
119900119,0,0,0
119900120,20,40,-20
119900121,0,9,-9
119900122,0,0,0
119900123,0,0,0
119900124,0,16,-16
119900125,0,0,0
119900126,148,5,143
119900127,0,0,0
119900128,0,0,0
119900129,0,5,-5
119900130,0,0,0
119900131,1,3,-2
119900132,0,0,0
119900133,0,1,-1
119900134,9,0,9
119900135,0,0,0
119900136,0,0,0
119900138,0,0,0
119900139,0,6,-6
119900140,0,1,-1
119900141,0,0,0
119900142,0,0,0
119900143,0,0,0
119900144,0,0,0
119900145,0,0,0
119900146,6,3,3
119900147,0,0,0
119900148,0,0,0
119900149,0,1,-1
119900150,0,0,0
119900151,18,4,14
119900152,0,0,0
119900153,0,0,0
119900154,2,105,-103
119900155,0,3,-3
119900156,0,0,0
119900157,0,0,0
119900158,0,0,0
119900159,0,115,-115
119900160,0,9,-9
119900161,0,0,0
119900162,0,0,0
119900163,1,2,-1
119900164,0,0,0
119900165,0,0,0
119900166,0,0,0
119900167,0,5,-5
119900168,0,0,0
119900169,1,1,0
119900170,4,3,1
119900171,0,0,0
119900172,0,0,0
119900173,0,33,-33
119900174,0,1,-1
119900175,0,0,0
119900177,0,15,-15
119900178,0,0,0
119900179,0,0,0
119900180,0,0,0
119900181,0,0,0
119900182,0,18,-18
119900183,1,51,-50
119900184,2,0,2
119900185,0,0,0
119900186,0,0,0
119900187,1,43,-42
119900188,0,10,-10
119900189,3,0,3
119900190,0,0,0
119900191,0,0,0
119900192,0,10,-10
119900193,0,0,0
119900194,0,0,0
119900195,0,9,-9
119900196,0,0,0
119900197,0,0,0
119900198,1,49,-48
119900199,0,0,0
119900200,0,0,0
119900201,6,1,5
119900202,0,0,0
119900203,0,0,0
119900204,0,0,0
119900205,0,0,0
119900206,0,0,0
119900208,0,0,0
119900209,0,15,-15
119900210,0,0,0
119900211,0,0,0
119900212,0,10,-10
119900213,0,4,-4
119900214,0,9,-9
119900215,0,12,-12
119900216,2,10,-8
119900217,0,4,-4
119900218,0,0,0
119900219,0,0,0
119900220,0,0,0
119900221,0,0,0
119900222,0,0,0
119900223,0,0,0
119900224,0,0,0
119900225,0,0,0
119900226,0,0,0
119900227,90,12,78
119900228,0,0,0
119900229,0,0,0
119900230,0,0,0
119900231,0,0,0
119900232,0,0,0
119900233,0,0,0
119900234,0,8,-8
119900235,0,2,-2
119900236,0,0,0
119900237,0,0,0
119900238,0,5,-5
119900240,0,12,-12
119900241,1,30,-29
119900242,0,8,-8
119900244,0,0,0
119900245,0,1,-1
119900246,0,0,0
119900247,0,0,0
119900248,0,0,0
119900249,0,0,0
119900253,0,0,0
119900254,0,0,0
119900255,2,38,-36
119900256,0,51,-51
119900257,0,0,0
119900258,0,0,0
119900259,0,7,-7
119900260,0,0,0
119900261,0,0,0
119900262,1,25,-24
119900263,26,31,-5
119900264,0,0,0
119900265,0,0,0
119900266,0,0,0
119900267,0,0,0
119900268,0,0,0
119900269,0,10,-10
119900271,0,0,0
119900272,0,0,0
119900275,0,0,0
119900276,0,0,0
119900277,0,0,0
119900278,4,0,4
119900279,0,1,-1
119900280,41,10,31
119900281,0,6,-6
119900282,0,0,0
119900283,0,0,0
119900284,3,14,-11
119900285,0,0,0
119900286,0,0,0
119900288,1,3,-2
119900289,0,6,-6
119900290,0,1,-1
119900291,0,1,-1
119900292,0,2,-2
119900293,0,5,-5
119900294,0,8,-8
119900295,0,1,-1
119900296,0,6,-6
119900297,0,0,0
119900298,0,3,-3
119900299,0,0,0
119900300,0,0,0
119900301,0,0,0
119900302,0,2,-2
119900303,0,2,-2
119900304,0,0,0
119900305,0,0,0
119900306,0,0,0
119900307,0,0,0
119900308,0,1,-1
119900309,0,0,0
119900310,11,8,3
119900311,0,0,0
119900312,0,0,0
119900313,0,0,0
119900314,0,0,0
119900315,0,113,-113
119900318,0,0,0
119900319,0,15,-15
119900320,0,29,-29
119900321,0,0,0
120000001,539,203,336
120000002,236,598,-362
120000003,385,396,-11
120000004,441,529,-88
120000005,2331,610,1721
120000006,200,364,-164
120000007,371,763,-392
120000008,162,475,-313
120000009,351,229,122
120000010,240,598,-358
120000011,121,380,-259
120000012,245,643,-398
120000013,188,424,-236
120000014,26,266,-240
120000015,265,386,-121
120000016,191,46,145
120000017,55,47,8
120000018,324,283,41
120000019,72,87,-15
120000020,284,219,65
120000021,222,222,0
120000022,1140,282,858
120000023,95,141,-46
120000024,159,300,-141
120000025,148,344,-196
120000026,36,324,-288
120000027,234,532,-298
120000028,52,189,-137
120000029,126,57,69
120000030,7,26,-19
120000031,163,95,68
120000032,1121,266,855
120000033,99,199,-100
120000034,30,229,-199
120000035,36,114,-78
120000036,78,189,-111
120000037,0,0,0
120000038,955,129,826
120000039,15,79,-64
120000040,9,9,0
120000041,9,112,-103
120000042,46,438,-392
120000043,66,171,-105
120000044,115,92,23
120000045,151,89,62
120000046,64,93,-29
120000047,55,116,-61
120000048,552,200,352
120000049,187,227,-40
120000050,134,403,-269
120000051,460,462,-2
120000052,1097,116,981
120000053,67,317,-250
120000054,97,834,-737
120000055,79,459,-380
120000056,43,582,-539
120000057,35,111,-76
120000058,9,16,-7
120000059,0,0,0
120000061,23,113,-90
120000062,6,30,-24
120000063,184,541,-357
120000064,27,298,-271
120000065,33,218,-185
120000066,9,68,-59
120000067,9,58,-49
120000068,3,195,-192
120000069,37,255,-218
120000070,1,89,-88
120000071,2,35,-33
120000072,22,118,-96
120000073,42,18,24
120000074,5,15,-10
120000075,12,46,-34
120000076,48,108,-60
120000077,38,124,-86
120000078,222,104,118
120000079,0,3,-3
120000080,0,1,-1
120000081,0,3,-3
120000082,0,0,0
120000083,0,6,-6
120000084,13,39,-26
120000085,37,42,-5
120000086,21,87,-66
120000087,11,196,-185
120000088,17,36,-19
120000089,0,0,0
120000090,0,0,0
120000091,0,0,0
120000092,0,0,0
120000093,0,0,0
120000094,0,0,0
120000095,27,31,-4
120000096,8,65,-57
120000098,26,77,-51
120000099,6,49,-43
120000100,37,67,-30
120000101,21,50,-29
120000102,4,33,-29
120000103,27,44,-17
120000104,34,9,25
120000105,44,11,33
120000106,27,11,16
120000107,59,16,43
120000108,11,6,5
120000109,48,3,45
120000110,17,155,-138
120000111,26,251,-225
120000112,72,589,-517
120000113,42,399,-357
120000114,37,353,-316
120000115,35,375,-340
120000116,80,375,-295
120000117,232,374,-142
120000118,0,0,0
120000119,0,0,0
120000120,0,0,0
120000121,0,0,0
120000122,0,0,0
120000123,33,41,-8
120000124,8,7,1
120000125,17,37,-20
120000126,4,19,-15
120000127,40,19,21
120000128,79,75,4
120000129,2,3,-1
120000130,0,0,0
120000131,13,51,-38
120000134,0,0,0
120000135,2,27,-25
120000137,0,0,0
120000138,5,10,-5
120000139,0,0,0
120000140,2,16,-14
120000141,0,0,0
120000142,3,5,-2
120000143,0,0,0
120000144,0,0,0
120000145,0,0,0
120000146,112,45,67
120000149,25,53,-28
120000150,20,45,-25
120000151,1,1,0
120000152,0,0,0
120000153,8,141,-133
120000154,39,207,-168
120000155,0,0,0
120000156,0,0,0
120000157,0,0,0
120000158,56,203,-147
120000159,303,1024,-721
120000160,327,126,201
120000161,85,204,-119
120000162,3,17,-14
120000163,11,248,-237
120000164,40,93,-53
120000165,12,152,-140
120000166,14,103,-89
120000167,0,2,-2
120000168,1,4,-3
120000169,59,8,51
120000170,111,13,98
120000171,27,6,21
120000172,3,0,3
120000173,129,2,127
120000174,41,1,40
120000175,19,0,19
120000176,6,44,-38
120000177,74,185,-111
120000178,1,4,-3
120000179,15,3,12
120000180,38,6,32
120000181,9,5,4
120000182,8,3,5
120000183,0,14,-14
120000184,2,370,-368
120000186,0,2,-2
120000187,0,2,-2
120000188,0,3,-3
120000190,0,0,0
120000191,0,0,0
120000192,0,0,0
120000193,0,0,0
120000195,0,0,0
120000196,0,0,0
120000197,0,0,0
120000198,0,11,-11
120000199,0,0,0
120000200,0,0,0
120000201,0,0,0
120000202,0,3,-3
120000203,0,30,-30
120000207,0,0,0
120000208,0,0,0
120000209,0,0,0
120000210,0,0,0
120000211,0,0,0
120000212,0,0,0
120000213,0,0,0
120000214,0,0,0
120000215,0,0,0
120000216,0,0,0
120000217,33,65,-32
120000218,11,145,-134
120000219,0,92,-92
120000220,3,240,-237
120000225,0,0,0
120000226,0,0,0
120000227,0,0,0
120000228,434,80,354
120000230,0,0,0
120000231,0,0,0
120000233,0,0,0
120000235,37,117,-80
120000236,0,1,-1
120000237,0,162,-162
120000238,0,9,-9
120000241,0,0,0
120000412,0,0,0
120000413,0,0,0
120000414,0,0,0
120000415,0,0,0
120000416,0,0,0
120000417,0,0,0
120000418,0,0,0
120000419,0,0,0
120000420,0,0,0
120000421,1381,1904,-523
120000422,30,16,14
120000423,0,4,-4
120000424,2,9,-7
120000436,11,2,9
120000437,19,14,5
120000438,152,34,118
120000439,2,48,-46
120000443,0,0,0
120000444,13,62,-49
120000445,28,15,13
120000446,31,5,26
120000447,0,0,0
120000449,0,0,0
120000450,0,0,0
120000451,3,16,-13
120000452,0,0,0
120000453,0,221,-221
120000454,0,0,0
120000455,4,6,-2
120000456,217,203,14
120000457,68,21,47
120000458,68,96,-28
120000459,0,0,0
120000665,32,5,27
120000668,7,23,-16
120000669,0,0,0
120000670,6,10,-4
120000671,60,52,8
120000672,12,75,-63
120900001,0,0,0
120900002,0,0,0
120900003,0,0,0
120900004,0,0,0
120900005,0,0,0
120900006,0,0,0
120900007,0,13,-13
120900008,0,6,-6
120900009,0,0,0
120900010,1,1,0
120900011,0,0,0
120900012,9,8,1
120900013,0,0,0
120900014,0,0,0
120900015,0,0,0
120900016,0,0,0
120900017,119,8,111
120900018,0,0,0
120900019,8,2,6
120900020,1,1,0
120900021,0,0,0
120900022,0,0,0
120900023,0,0,0
120900024,17,20,-3
120900025,7,0,7
120900026,0,0,0
120900027,0,0,0
120900028,1,1,0
120900029,0,0,0
120900030,0,1,-1
120900031,0,0,0
120900032,0,0,0
120900033,0,0,0
120900034,5,0,5
120900035,0,0,0
120900037,0,0,0
120900038,0,0,0
120900039,0,0,0
120900040,0,0,0
120900041,0,0,0
120900042,0,0,0
120900043,0,0,0
120900044,0,0,0
120900045,0,0,0
120900046,0,0,0
120900047,0,0,0
120900048,0,0,0
120900049,0,0,0
120900050,0,0,0
120900051,0,0,0
120900052,0,0,0
120900053,0,0,0
120900054,0,0,0
120900055,3,0,3
120900056,0,0,0
120900057,0,0,0
120900058,0,0,0
120900059,0,0,0
120900060,0,0,0
120900061,0,0,0
120900062,1,0,1
120900063,0,0,0
120900064,0,0,0
120900065,0,0,0
120900066,0,27,-27
120900067,0,0,0
120900068,0,0,0
120900069,0,0,0
120900071,0,0,0
120900072,0,0,0
120900073,0,0,0
120900074,0,0,0
120900076,0,0,0
120900077,0,0,0
120900078,1,37,-36
120900079,0,1,-1
120900080,1,120,-119
120900081,0,0,0
120900082,0,16,-16
120900083,0,0,0
120900084,0,0,0
120900085,0,0,0
120900086,5,1,4
120900087,0,0,0
120900088,0,0,0
120900089,107,24,83
120900090,0,0,0
120900091,0,0,0
120900092,8,17,-9
120900093,0,0,0
120900094,40,10,30
120900095,0,0,0
120900096,0,1,-1
120900097,39,31,8
120900098,0,0,0
120900099,2,1,1
120900100,0,1,-1
120900101,0,0,0
120900102,0,0,0
120900103,0,2,-2
120900104,1,1,0
120900105,0,0,0
120900106,78,27,51
120900107,21,7,14
120900108,0,0,0
120900109,3,48,-45
120900110,0,0,0
120900111,0,15,-15
120900112,0,0,0
120900113,2,89,-87
120900114,0,25,-25
120900115,7,21,-14
120900116,1,22,-21
120900117,0,0,0
120900118,0,94,-94
120900119,0,0,0
120900120,0,58,-58
120900121,1,37,-36
120900122,0,21,-21
120900123,0,1,-1
120900124,0,55,-55
120900125,0,57,-57
120900126,33,49,-16
120900127,0,1,-1
120900128,48,95,-47
120900129,4,29,-25
120900130,0,72,-72
120900131,0,0,0
120900132,1,1,0
120900133,13,82,-69
120900134,11,46,-35
120900135,0,65,-65
120900136,0,0,0
120900137,0,0,0
120900138,0,14,-14
120900139,1,102,-101
120900140,0,0,0
120900141,1,0,1
120900142,0,57,-57
120900143,0,114,-114
120900144,0,39,-39
120900145,2,105,-103
120900146,0,56,-56
120900147,0,1,-1
120900148,1,3,-2
120900149,0,32,-32
120900150,0,41,-41
120900151,0,26,-26
120900152,0,0,0
120900153,0,0,0
120900154,0,27,-27
120900155,3,121,-118
120900156,0,60,-60
120900157,0,0,0
120900158,2,44,-42
120900159,0,8,-8
120900160,18,33,-15
120900161,0,20,-20
120900162,0,56,-56
120900163,0,4,-4
120900164,0,0,0
120900165,0,0,0
120900166,0,1,-1
120900167,0,0,0
120900169,1,32,-31
120900170,42,16,26
120900171,56,5,51
120900172,0,0,0
120900173,0,8,-8
120900174,0,10,-10
120900175,0,0,0
120900176,0,4,-4
120900177,0,7,-7
120900178,0,2,-2
120900179,32,15,17
120900180,0,1,-1
120900181,0,0,0
120900182,0,0,0
120900183,0,0,0
120900184,0,0,0
120900185,1,1,0
120900186,0,81,-81
120900187,0,5,-5
120900188,0,0,0
120900189,0,0,0
120900190,0,0,0
120900191,0,0,0
120900192,158,28,130
120900194,0,0,0
120900195,3,11,-8
120900196,0,0,0
120900197,0,0,0
120900198,17,51,-34
120900199,0,0,0
120900200,0,0,0
120900201,57,8,49
120900202,0,14,-14
120900203,0,0,0
120900204,63,28,35
120900205,0,0,0
120900206,0,0,0
120900207,2,58,-56
121000001,163,271,-108
121000002,186,78,108
121000003,1012,401,611
121000004,344,149,195
121000005,618,513,105
121000006,624,239,385
121000007,784,778,6
121000008,651,272,379
121000009,1711,1244,467
121000010,1799,379,1420
121000011,2841,1015,1826
121000012,2569,571,1998
121000013,1655,1415,240
121000014,1798,953,845
121000015,814,1396,-582
121000016,1975,1091,884
121000017,160,408,-248
121000018,363,244,119
121000019,2106,974,1132
121000020,2238,948,1290
121000021,489,519,-30
121000022,423,336,87
121000023,783,522,261
121000024,410,779,-369
121000025,103,37,66
121000026,47,15,32
121000027,618,93,525
121000028,77,43,34
121000029,2,43,-41
121000030,18,30,-12
121000031,35,49,-14
121000032,40,22,18
121000034,0,0,0
121000035,6,10,-4
121000036,16,34,-18
121000037,130,93,37
121000038,95,100,-5
121000039,13,24,-11
121000041,10,25,-15
121000042,0,0,0
121000043,16,8,8
121000044,62,83,-21
121000045,0,12,-12
121000046,6,49,-43
121000047,0,5,-5
121000049,181,112,69
121000050,58,378,-320
121000051,32,20,12
121000052,23,134,-111
121000053,0,0,0
121000054,8,51,-43
121000055,195,103,92
121000056,159,188,-29
121000057,33,28,5
121000058,71,38,33
121000059,57,45,12
121000060,68,50,18
121000061,0,25,-25
121000062,28,8,20
121000063,118,128,-10
121000064,25,21,4
121000065,14,30,-16
121000066,39,28,11
121000067,96,20,76
121000068,0,2,-2
121000069,0,1,-1
121000070,152,103,49
121000071,76,127,-51
121000072,65,58,7
121000073,101,119,-18
121000074,19,30,-11
121000075,5,21,-16
121000076,45,8,37
121000077,0,0,0
121000078,20,30,-10
121000080,301,89,212
121000081,145,199,-54
121000082,63,97,-34
121000083,0,0,0
121000084,34,36,-2
121000085,172,130,42
121000086,0,0,0
121000087,0,0,0
121000088,59,142,-83
121000089,0,0,0
121000090,39,132,-93
121000091,495,413,82
121000092,36,15,21
121000093,15,24,-9
121000094,106,47,59
121000095,0,0,0
121000096,1005,433,572
121000097,166,223,-57
121000098,56,131,-75
121000099,67,118,-51
121000100,27,97,-70
121000101,0,0,0
121000102,7,66,-59
121000103,0,0,0
121000104,3,25,-22
121000105,8,49,-41
121000106,0,0,0
121000107,570,552,18
121000109,322,401,-79
121000110,19,47,-28
121000114,570,657,-87
121000115,148,188,-40
121000116,91,150,-59
121000117,31,5,26
121000118,32,0,32
121000119,130,16,114
121000120,0,0,0
121000121,0,0,0
121000123,0,0,0
121000127,0,12,-12
121000128,40,117,-77
121000129,26,79,-53
121000130,58,108,-50
121000131,176,116,60
121000132,161,94,67
121000135,19,17,2
121000136,45,9,36
121000137,80,8,72
121000138,45,35,10
121000139,63,45,18
121000141,11,22,-11
121000142,130,42,88
121000143,0,0,0
121000144,20,45,-25
121000145,53,112,-59
121000146,54,47,7
121000147,60,26,34
121000148,27,59,-32
121000149,193,186,7
121000152,68,50,18
121000153,138,76,62
121000154,145,16,129
121000155,124,111,13
121000156,66,112,-46
121000157,133,38,95
121000158,20,39,-19
121000159,3,24,-21
121000160,22,53,-31
121000161,0,1,-1
121000162,0,0,0
121000165,0,0,0
121000166,8,29,-21
121000168,20,40,-20
121000169,7,42,-35
121000170,47,20,27
121000171,12,46,-34
121000172,117,119,-2
121000173,155,127,28
121000174,38,143,-105
121000175,41,59,-18
121000176,171,50,121
121000177,40,51,-11
121000178,16,10,6
121000179,4,7,-3
121000181,51,68,-17
121000182,68,11,57
121000183,9,2,7
121000184,4,2,2
121000185,0,0,0
121000186,12,43,-31
121000187,0,0,0
121000188,0,0,0
121000192,50,29,21
121000193,34,62,-28
121000194,674,351,323
121000195,34,157,-123
121000196,0,0,0
121000197,21,66,-45
121000198,9,42,-33
121000199,15,142,-127
121000200,37,19,18
121000201,0,17,-17
121000202,6,0,6
121000203,1,77,-76
121000204,31,5,26
121000205,13,135,-122
121000206,8,15,-7
121000207,47,37,10
121000208,0,48,-48
121000209,16,186,-170
121000210,39,71,-32
121000211,3,27,-24
121000212,34,124,-90
121000213,56,90,-34
121000214,63,60,3
121000215,154,97,57
121000216,27,82,-55
121000217,381,109,272
121000218,71,335,-264
121000219,79,51,28
121000220,66,88,-22
121000221,16,24,-8
121000222,425,589,-164
121000223,36,90,-54
121000224,0,0,0
121000225,99,63,36
121000226,67,54,13
121000227,0,37,-37
121000228,2,275,-273
121000229,2,130,-128
121000230,18,638,-620
121000231,0,0,0
121000232,0,0,0
121000233,2,13,-11
121000234,0,0,0
121000235,0,0,0
121000236,0,0,0
121000237,0,0,0
121000238,0,0,0
121000239,0,0,0
121000240,0,0,0
121000241,0,0,0
121000242,0,0,0
121000243,0,0,0
121000244,0,0,0
121000245,0,0,0
121000246,0,0,0
121000247,2,1,1
121000248,2,3,-1
121000249,7,41,-34
121000250,6,8,-2
121000251,2,94,-92
121000252,2,0,2
121000253,35,188,-153
121000254,44,26,18
121000255,13,23,-10
121000256,3,8,-5
121000257,5,23,-18
121000258,6,6,0
121000259,15,13,2
121000260,11,27,-16
121000261,2,2,0
121000262,181,75,106
121000263,87,114,-27
121000271,30,152,-122
121000273,3,4,-1
121000274,0,0,0
121000275,0,13,-13
121000276,0,0,0
121000278,0,0,0
121000279,3,9,-6
121000280,0,0,0
121000289,0,0,0
121000290,141,163,-22
121000294,1,29,-28
121000297,55,66,-11
121000299,6,56,-50
121000300,73,35,38
121000302,16,45,-29
121000303,100,29,71
121000304,0,0,0
121000305,0,0,0
121000306,0,0,0
121000308,34,58,-24
121000309,161,95,66
121000310,4,78,-74
121000311,15,255,-240
121000312,0,0,0
121000313,61,104,-43
121000314,49,18,31
121000315,43,21,22
121000530,56,107,-51
121000531,61,120,-59
121000532,543,216,327
121000533,525,205,320
121000918,1,44,-43
121000919,0,0,0
121000938,35,22,13
121000939,16,4,12
121000956,43,149,-106
121000957,2,36,-34
121000958,2,41,-39
121000959,54,170,-116
121000960,62,261,-199
121000961,2,0,2
121000962,0,0,0
121000963,0,0,0
121000973,0,73,-73
121000976,0,0,0
121000979,0,0,0
121000981,10,0,10
121000982,0,0,0
121000983,11,87,-76
121000984,0,0,0
121000985,25,43,-18
121000986,0,5,-5
121000987,28,330,-302
121000988,54,13,41
121001302,59,22,37
121001308,2,3,-1
121001309,6,0,6
121001313,6,87,-81
121001314,1575,1254,321
121001315,863,428,435
121001326,1,5,-4
121900001,0,0,0
121900002,0,3,-3
121900003,0,0,0
121900004,0,0,0
121900005,0,0,0
121900006,0,0,0
121900007,0,0,0
121900008,0,0,0
121900009,0,0,0
121900010,0,0,0
121900011,0,0,0
121900012,0,0,0
121900013,0,0,0
121900014,0,0,0
121900015,0,0,0
121900016,0,0,0
121900017,0,0,0
121900018,0,0,0
121900019,0,0,0
121900020,0,0,0
121900021,0,0,0
121900022,0,0,0
121900023,0,0,0
121900024,0,0,0
121900025,0,0,0
121900026,0,0,0
121900027,0,0,0
121900028,0,0,0
121900029,0,0,0
121900030,0,0,0
121900031,0,0,0
121900032,0,0,0
121900033,0,0,0
121900034,0,0,0
121900035,0,0,0
121900036,0,0,0
121900037,0,0,0
121900038,0,0,0
121900039,0,0,0
121900040,0,0,0
121900041,0,0,0
121900042,0,0,0
121900043,0,0,0
121900044,0,0,0
121900046,0,0,0
121900047,0,0,0
121900048,0,0,0
121900050,0,0,0
121900051,0,0,0
121900052,0,0,0
121900053,9,38,-29
121900054,0,0,0
121900055,0,0,0
121900058,0,0,0
121900059,0,0,0
121900060,0,0,0
121900062,0,0,0
121900063,0,0,0
121900064,0,0,0
121900066,0,0,0
121900067,0,0,0
121900069,0,0,0
121900070,0,0,0
121900071,0,0,0
121900072,0,0,0
121900073,0,0,0
121900074,0,0,0
121900075,0,0,0
121900076,0,0,0
121900078,0,0,0
121900079,0,0,0
121900080,0,0,0
121900082,0,0,0
121900084,0,0,0
121900086,0,0,0
121900087,0,0,0
121900088,0,0,0
121900089,0,0,0
121900090,0,0,0
121900091,0,0,0
121900092,0,0,0
121900093,0,0,0
121900094,0,0,0
121900095,0,0,0
121900096,0,0,0
121900097,0,0,0
121900098,0,0,0
121900099,0,0,0
121900100,0,0,0
121900101,0,0,0
121900102,0,0,0
121900103,0,0,0
121900104,0,0,0
121900105,0,0,0
121900106,0,0,0
121900107,0,0,0
121900108,0,0,0
121900109,0,0,0
121900110,0,0,0
121900111,0,0,0
121900112,0,0,0
121900113,0,0,0
121900114,0,0,0
121900117,0,0,0
121900118,0,0,0
121900119,0,0,0
121900120,0,0,0
121900121,0,0,0
121900122,0,0,0
121900123,0,0,0
121900124,0,0,0
121900125,0,0,0
121900127,0,0,0
121900128,0,0,0
121900129,0,0,0
121900130,0,0,0
121900131,0,0,0
121900132,0,0,0
121900133,0,0,0
121900134,0,0,0
121900135,0,0,0
121900136,0,0,0
121900137,0,0,0
121900138,0,0,0
121900139,0,0,0
121900140,0,0,0
121900141,0,0,0
121900142,0,0,0
121900143,0,0,0
121900144,0,0,0
121900145,0,0,0
121900146,0,0,0
121900147,0,0,0
121900148,0,0,0
121900149,0,0,0
121900150,0,6,-6
121900151,0,0,0
121900152,0,0,0
121900153,0,0,0
121900154,0,0,0
121900155,0,0,0
121900156,2,0,2
121900157,0,0,0
121900158,0,0,0
121900159,0,0,0
121900160,0,0,0
121900161,0,0,0
121900162,1,0,1
121900163,0,0,0
121900164,0,0,0
121900165,0,0,0
121900166,0,0,0
121900167,0,0,0
121900168,0,0,0
121900169,1,39,-38
121900170,0,0,0
121900171,0,0,0
121900172,0,0,0
121900173,0,0,0
121900174,0,0,0
121900175,0,0,0
121900176,6,55,-49
121900177,0,2,-2
121900178,0,0,0
121900179,0,0,0
121900180,5,2,3
121900182,0,0,0
121900183,0,0,0
121900184,0,0,0
121900186,0,0,0
121900187,0,2,-2
121900188,0,0,0
121900189,0,0,0
121900190,0,0,0
121900191,0,0,0
121900192,0,0,0
121900193,0,0,0
121900194,0,0,0
121900195,0,0,0
121900196,0,0,0
121900197,3,19,-16
121900198,0,0,0
121900199,0,0,0
121900200,0,0,0
121900201,0,0,0
121900202,1,1,0
121900203,0,0,0
121900204,0,0,0
121900205,0,0,0
121900206,0,0,0
121900207,0,0,0
121900208,0,0,0
121900209,0,0,0
121900210,0,0,0
121900211,0,0,0
121900212,0,0,0
121900213,0,0,0
121900214,0,0,0
121900215,0,0,0
121900216,0,0,0
121900217,0,0,0
121900218,0,0,0
121900220,0,0,0
121900221,0,0,0
121900222,0,0,0
121900223,0,0,0
121900224,0,0,0
121900225,0,0,0
121900226,0,0,0
121900227,0,0,0
121900228,0,0,0
121900230,0,0,0
121900231,0,0,0
121900232,0,0,0
121900233,0,0,0
121900234,0,0,0
121900235,0,0,0
121900236,0,0,0
121900237,0,0,0
121900238,0,0,0
121900239,0,0,0
121900240,0,0,0
121900241,0,0,0
121900242,0,0,0
121900243,0,0,0
121900244,0,0,0
121900245,0,0,0
121900246,0,0,0
121900248,0,0,0
121900250,0,0,0
121900251,0,0,0
121900252,0,0,0
121900253,1,8,-7
121900254,0,0,0
121900255,0,0,0
121900258,0,0,0
121900259,0,0,0
121900260,0,0,0
121900261,0,0,0
121900262,0,0,0
121900263,0,0,0
121900264,0,0,0
121900265,0,0,0
121900266,0,0,0
121900267,0,0,0
121900269,0,0,0
121900270,0,0,0
121900271,0,0,0
121900273,0,0,0
121900274,0,0,0
121900277,0,0,0
121900278,0,0,0
121900279,0,0,0
121900280,0,0,0
121900281,0,0,0
121900284,0,0,0
121900286,0,2,-2
121900287,0,0,0
121900288,0,0,0
121900290,0,0,0
121900291,3,12,-9
121900292,0,0,0
121900293,13,90,-77
121900294,0,0,0
121900295,0,0,0
121900296,0,0,0
121900298,0,0,0
121900299,0,0,0
121900300,0,0,0
121900301,0,0,0
121900302,0,0,0
121900303,0,0,0
121900304,0,0,0
121900305,0,0,0
121900306,0,0,0
121900307,0,0,0
121900308,0,12,-12
121900309,0,14,-14
121900310,0,21,-21
121900311,0,0,0
121900312,0,0,0
121900313,0,0,0
121900314,0,0,0
121900315,0,0,0
121900316,0,0,0
121900317,0,0,0
121900318,0,0,0
121900319,0,0,0
121900320,0,0,0
121900321,0,0,0
121900322,0,0,0
121900323,0,0,0
121900324,0,0,0
121900325,0,0,0
121900326,0,0,0
121900327,0,0,0
121900328,0,0,0
121900329,0,0,0
121900330,0,0,0
121900331,0,0,0
121900332,0,0,0
121900333,0,0,0
121900334,0,0,0
122000001,323,430,-107
122000002,397,158,239
122000003,254,252,2
122000004,256,156,100
122000005,82,113,-31
122000006,71,62,9
122000007,111,87,24
122000008,392,211,181
122000009,47,12,35
122000010,185,138,47
122000011,154,82,72
122000012,77,130,-53
122000013,63,90,-27
122000014,84,74,10
122000015,80,38,42
122000016,72,85,-13
122000017,195,122,73
122000018,177,144,33
122000019,52,137,-85
122000020,11,10,1
122000021,51,21,30
122000022,102,24,78
122000023,40,15,25
122000024,40,76,-36
122000025,46,107,-61
122000026,22,11,11
122000027,149,197,-48
122000028,0,0,0
122000029,0,0,0
122000031,0,0,0
122000032,15,6,9
122000033,13,9,4
122000034,24,121,-97
122000035,132,103,29
122000036,26,124,-98
122000037,58,14,44
122000038,49,22,27
122000039,71,39,32
122000040,206,92,114
122000041,0,0,0
122000042,0,0,0
122000043,0,0,0
122000044,0,0,0
122000045,0,3,-3
122000046,4,6,-2
122000047,69,17,52
122000048,377,218,159
122000049,530,435,95
122000050,87,106,-19
122000051,0,0,0
122000052,8,6,2
122000053,4,65,-61
122000054,220,155,65
122000055,267,319,-52
122000056,397,362,35
122000057,611,431,180
122000058,306,352,-46
122000059,395,259,136
122000060,136,81,55
122000061,69,21,48
122000062,168,62,106
122000063,47,58,-11
122000064,392,489,-97
122000065,478,457,21
122000066,200,174,26
122000067,132,264,-132
122000068,138,81,57
122000069,419,119,300
122000070,14,16,-2
122000071,29,16,13
122000072,20,23,-3
122000073,317,120,197
122000074,8,2,6
122000075,7,2,5
122000076,66,49,17
122000077,122,130,-8
122000078,167,349,-182
122000079,89,120,-31
122000080,35,36,-1
122000081,11,6,5
122000082,0,0,0
122000083,118,132,-14
122000084,111,124,-13
122000085,109,87,22
122000086,176,218,-42
122000087,2,3,-1
122000088,32,37,-5
122000089,388,175,213
122000090,8,9,-1
122000091,22,4,18
122000092,0,0,0
122000093,89,370,-281
122000094,651,137,514
122000095,405,196,209
122000096,69,17,52
122000098,781,469,312
122000099,34,78,-44
122000100,38,36,2
122000101,5,28,-23
122000102,319,96,223
122000103,182,144,38
122000104,25,9,16
122000105,9,7,2
122000106,15,32,-17
122000107,11,6,5
122000108,62,65,-3
122000109,3,10,-7
122000110,39,68,-29
122000111,165,43,122
122000112,24,38,-14
122000113,27,51,-24
122000114,497,533,-36
122000115,499,234,265
122000116,138,26,112
122000117,36,5,31
122000118,13,15,-2
122000119,265,278,-13
122000120,283,347,-64
122000121,309,188,121
122000122,76,166,-90
122000123,208,36,172
122000124,48,51,-3
122000125,386,80,306
122000126,40,93,-53
122000127,92,163,-71
122000128,53,111,-58
122000129,38,3,35
122000130,21,7,14
122000131,25,12,13
122000132,178,47,131
122000133,73,240,-167
122000134,78,54,24
122000135,69,224,-155
122000136,1,6,-5
122000137,8,9,-1
122000139,236,214,22
122000140,211,45,166
122000141,376,76,300
122000142,26,110,-84
122000143,15,8,7
122000144,37,13,24
122000145,42,59,-17
122000146,0,0,0
122000147,4,7,-3
122000148,611,260,351
122000149,155,43,112
122000150,19,31,-12
122000151,50,60,-10
122000152,37,32,5
122000153,0,0,0
122000154,0,0,0
122000155,90,54,36
122000156,1022,628,394
122000157,442,390,52
122000158,25,39,-14
122000159,17,21,-4
122000160,122,34,88
122000161,40,19,21
122000162,69,19,50
122000163,0,0,0
122000164,0,0,0
122000165,25,48,-23
122000166,2,2,0
122000167,61,45,16
122000168,0,4,-4
122000169,67,32,35
122000170,33,57,-24
122000171,17,40,-23
122000172,79,220,-141
122000173,74,237,-163
122000174,271,219,52
122000175,56,56,0
122000176,2,0,2
122000177,154,393,-239
122000178,5,1,4
122000179,78,126,-48
122000180,172,375,-203
122000181,548,930,-382
122000182,75,18,57
122000183,111,19,92
122000184,2452,436,2016
122000185,533,341,192
122000186,41,77,-36
122000187,17,58,-41
122000188,126,51,75
122000189,0,0,0
122000190,5,107,-102
122000191,25,13,12
122000192,0,0,0
122000193,2,5,-3
122000194,187,39,148
122000195,0,7,-7
122000196,21,39,-18
122000197,14,10,4
122000198,65,66,-1
122000199,0,0,0
122000200,34,19,15
122000201,659,653,6
122000202,390,320,70
122000203,207,262,-55
122000204,99,250,-151
122000205,73,152,-79
122000206,47,18,29
122000207,19,36,-17
122000208,15,81,-66
122000209,0,2,-2
122000210,115,417,-302
122000211,111,186,-75
122000212,70,48,22
122000213,92,116,-24
122000214,101,180,-79
122000215,210,169,41
122000217,310,385,-75
122000218,0,0,0
122000219,260,228,32
122000220,42,151,-109
122000221,16,16,0
122000222,4,4,0
122000223,84,71,13
122000225,121,19,102
122000226,60,360,-300
122000227,28,209,-181
122000228,29,80,-51
122000229,13,107,-94
122000230,2,89,-87
122000231,7,85,-78
122000232,4,140,-136
122000233,0,0,0
122000234,0,5,-5
122000235,2,2,0
122000236,51,5,46
122000237,0,0,0
122000238,30,15,15
122000239,0,0,0
122000240,3,17,-14
122000241,4,0,4
122000242,0,0,0
122000243,0,0,0
122000244,2,69,-67
122000245,21,53,-32
122000246,17,8,9
122000247,51,172,-121
122000248,133,254,-121
122000249,25,21,4
122000250,41,14,27
122000251,52,48,4
122000252,48,2,46
122000253,11,76,-65
122000254,11,3,8
122000255,25,38,-13
122000256,74,515,-441
122000257,18,116,-98
122000258,33,26,7
122000259,2,95,-93
122000261,1,2,-1
122000262,0,8,-8
122000263,2,33,-31
122000264,0,0,0
122000265,0,0,0
122000266,0,0,0
122000267,0,0,0
122000268,0,0,0
122000269,0,0,0
122000270,0,0,0
122000271,0,0,0
122000272,0,0,0
122000273,0,0,0
122000274,3,0,3
122000275,0,0,0
122000276,23,38,-15
122000277,93,116,-23
122000278,53,37,16
122000279,24,138,-114
122000280,114,183,-69
122000281,76,178,-102
122000282,3,15,-12
122000283,85,22,63
122000284,36,15,21
122000285,96,57,39
122000286,31,66,-35
122000287,8,2,6
122000288,12,1,11
122000291,77,38,39
122000293,15,10,5
122000294,0,0,0
122000295,1,0,1
122000296,12,55,-43
122000297,175,87,88
122000299,16,26,-10
122000300,83,170,-87
122000301,568,147,421
122000302,2,3,-1
122000303,547,293,254
122000304,0,17,-17
122000305,83,48,35
122000306,3,174,-171
122000307,39,20,19
122000309,11,59,-48
122000310,0,6,-6
122000311,3,11,-8
122000312,4,0,4
122000313,1,3,-2
122000314,11,15,-4
122000315,0,0,0
122000316,8,0,8
122000317,0,0,0
122000318,9,15,-6
122000319,22,43,-21
122000320,37,249,-212
122000321,7,77,-70
122000322,344,52,292
122000323,122,61,61
122000324,85,90,-5
122000325,16,61,-45
122000326,0,0,0
122000327,13,33,-20
122000328,94,115,-21
122000330,80,19,61
122000332,5,27,-22
122000333,0,41,-41
122000337,73,450,-377
122000338,35,123,-88
122000340,25,28,-3
122000342,110,128,-18
122000343,31,178,-147
122000344,0,0,0
122000345,11,2,9
122000346,21,8,13
122000348,26,39,-13
122000349,9,100,-91
122000351,0,3,-3
122000352,95,7,88
122000353,3,36,-33
122000355,0,0,0
122000356,580,232,348
122000357,0,0,0
122000358,0,0,0
122000359,0,0,0
122000360,0,0,0
122000362,5,24,-19
122000364,3,36,-33
122000365,0,0,0
122000366,1,0,1
122000368,49,63,-14
122000370,0,14,-14
122000371,0,0,0
122000372,0,0,0
122000381,2,35,-33
122000382,0,16,-16
122000384,199,167,32
122000385,0,0,0
122000386,4,33,-29
122000387,35,43,-8
122000388,28,15,13
122000389,46,77,-31
122000390,27,40,-13
122000391,0,0,0
122000392,3,35,-32
122000393,0,8,-8
122000394,4,17,-13
122000395,9,14,-5
122000396,19,14,5
122000397,7,30,-23
122000398,0,0,0
122000399,4,2,2
122000400,0,0,0
122000401,13,27,-14
122000402,0,0,0
122000403,60,374,-314
122000404,9,27,-18
122000408,189,155,34
122000503,0,0,0
122000524,0,0,0
122000544,0,0,0
122000614,40,11,29
122000616,193,3,190
122000640,0,0,0
122000641,0,0,0
122000642,1,0,1
122000643,0,0,0
122000644,12,27,-15
122000645,26,104,-78
122000651,68,96,-28
122000664,8,6,2
122000665,154,106,48
122000666,23,66,-43
122000673,15,84,-69
122000674,36,8,28
122000675,121,206,-85
122000686,0,0,0
122000687,13,79,-66
122000688,0,0,0
122000689,62,171,-109
122000690,53,211,-158
122000691,0,0,0
122000692,59,69,-10
122000693,0,0,0
122000695,28,121,-93
122000696,2,8,-6
122000698,8,189,-181
122000699,25,3,22
122000701,55,100,-45
122000702,0,0,0
122000703,0,0,0
122000712,0,1,-1
122000717,42,10,32
122000718,39,11,28
122000719,6,1,5
122000720,1,6,-5
122000724,41,9,32
122900001,0,0,0
122900002,0,0,0
122900003,0,0,0
122900004,0,0,0
122900005,0,0,0
122900006,0,0,0
122900007,0,0,0
122900008,0,0,0
122900009,0,0,0
122900010,0,0,0
122900012,0,0,0
122900014,0,0,0
122900015,0,0,0
122900016,0,0,0
122900017,0,0,0
122900018,0,0,0
122900019,0,0,0
122900020,0,0,0
122900021,0,0,0
122900024,1,5,-4
122900025,0,0,0
122900026,0,0,0
122900027,2,17,-15
122900028,0,0,0
122900029,0,0,0
122900030,63,5,58
122900031,0,0,0
122900032,3,12,-9
122900033,0,0,0
122900034,0,0,0
122900035,0,0,0
122900036,0,0,0
122900037,0,0,0
122900038,0,13,-13
122900039,0,0,0
122900040,0,0,0
122900041,0,0,0
122900042,0,0,0
122900043,0,0,0
122900044,0,0,0
122900045,0,0,0
122900046,0,0,0
122900047,0,0,0
122900048,0,0,0
122900049,0,0,0
122900051,0,0,0
122900052,1,15,-14
122900053,0,0,0
122900055,0,0,0
122900057,0,0,0
122900061,0,0,0
122900062,4,0,4
122900063,0,0,0
122900064,0,0,0
122900065,0,0,0
122900066,4,6,-2
122900067,0,0,0
122900069,5,7,-2
122900070,0,8,-8
122900071,0,1,-1
122900073,0,0,0
122900074,0,0,0
122900075,0,0,0
122900076,0,6,-6
122900077,0,38,-38
122900078,0,1,-1
122900080,0,0,0
122900081,0,0,0
122900082,0,0,0
122900083,0,0,0
122900084,0,0,0
122900086,0,0,0
122900087,0,0,0
122900088,0,0,0
122900089,0,0,0
122900090,0,30,-30
122900091,0,0,0
122900092,0,0,0
122900093,0,0,0
122900094,0,0,0
122900095,0,0,0
122900096,0,0,0
122900097,0,0,0
122900098,0,0,0
122900099,0,0,0
122900100,0,0,0
122900101,0,0,0
122900102,0,0,0
122900103,0,0,0
122900104,0,0,0
122900105,0,0,0
122900106,0,0,0
122900107,0,0,0
122900108,0,0,0
122900109,3,24,-21
123000001,308,141,167
123000002,1114,471,643
123000003,656,453,203
123000004,1023,1097,-74
123000005,165,307,-142
123000006,478,860,-382
123000007,211,221,-10
123000008,558,1398,-840
123000009,727,470,257
123000010,1547,2037,-490
123000011,318,182,136
123000012,294,904,-610
123000013,406,94,312
123000014,428,1199,-771
123000015,732,131,601
123000016,903,1126,-223
123000017,220,99,121
123000018,4,23,-19
123000019,0,7,-7
123000020,1,1,0
123000021,0,1,-1
123000022,1,10,-9
123000023,41,69,-28
123000024,45,36,9
123000025,1,1,0
123000026,1,18,-17
123000027,3,18,-15
123000028,10,1,9
123000029,26,34,-8
123000030,3,77,-74
123000031,4,8,-4
123000032,0,1,-1
123000033,9,7,2
123000034,24,24,0
123000035,14,3,11
123000036,14,8,6
123000037,36,82,-46
123000038,19,64,-45
123000039,80,123,-43
123000040,187,84,103
123000041,26,20,6
123000042,74,109,-35
123000043,209,238,-29
123000044,503,316,187
123000045,1264,418,846
123000046,15,12,3
123000047,267,143,124
123000048,0,0,0
123000049,661,107,554
123000050,81,42,39
123000051,3,6,-3
123000052,84,119,-35
123000053,560,225,335
123000054,198,125,73
123000055,82,79,3
123000056,252,449,-197
123000057,1530,801,729
123000058,28,40,-12
123000059,8,21,-13
123000060,27,30,-3
123000061,13,29,-16
123000063,89,121,-32
123000064,63,70,-7
123000065,821,616,205
123000066,144,91,53
123000067,17,52,-35
123000068,561,846,-285
123000069,1718,932,786
123000070,33,34,-1
123000071,6,19,-13
123000072,172,241,-69
123000073,5,19,-14
123000074,114,276,-162
123000075,8,31,-23
123000076,61,169,-108
123000077,852,580,272
123000078,13,33,-20
123000079,19,32,-13
123000080,275,425,-150
123000081,15,26,-11
123000082,35,74,-39
123000083,14,5,9
123000084,42,144,-102
123000085,0,3,-3
123000086,0,15,-15
123000087,0,10,-10
123000088,85,153,-68
123000089,0,3,-3
123000090,188,389,-201
123000091,0,2,-2
123000092,197,299,-102
123000094,18,22,-4
123000095,2,6,-4
123000096,4,6,-2
123000097,30,200,-170
123000098,1,3,-2
123000099,72,111,-39
123000100,57,62,-5
123000101,0,0,0
123000102,23,52,-29
123000104,22,41,-19
123000105,118,114,4
123000106,37,50,-13
123000107,47,122,-75
123000108,150,188,-38
123000111,8,2,6
123000112,10,17,-7
123000113,78,196,-118
123000114,7,6,1
123000115,27,41,-14
123000116,3,11,-8
123000117,129,247,-118
123000118,45,99,-54
123000119,29,139,-110
123000120,35,64,-29
123000121,58,30,28
123000122,236,95,141
123000123,110,28,82
123000124,143,162,-19
123000125,35,10,25
123000126,25,50,-25
123000127,506,338,168
123000128,28,83,-55
123000129,0,0,0
123000130,0,0,0
123000131,23,73,-50
123000132,59,119,-60
123000133,34,84,-50
123000134,68,23,45
123000135,33,41,-8
123000136,28,219,-191
123000137,7,58,-51
123000138,8,82,-74
123000139,0,0,0
123000140,25,163,-138
123000141,0,0,0
123000142,184,168,16
123000143,274,622,-348
123000144,3,1,2
123000147,3,8,-5
123000149,0,0,0
123000150,0,0,0
123000151,46,20,26
123000152,10,75,-65
123000153,17,10,7
123000154,83,26,57
123000155,220,95,125
123000156,6,8,-2
123000157,82,152,-70
123000158,0,0,0
123000159,135,74,61
123000160,34,18,16
123000161,113,12,101
123000162,29,12,17
123000163,0,0,0
123000164,0,0,0
123000165,14,180,-166
123000167,2,50,-48
123000168,8,43,-35
123000169,0,0,0
123000170,0,54,-54
123000171,0,7,-7
123000172,35,157,-122
123000173,0,0,0
123000174,0,0,0
123000175,111,323,-212
123000176,0,0,0
123000177,22,154,-132
123000178,0,0,0
123000179,2,91,-89
123000180,130,5,125
123000181,14,264,-250
123000182,7,72,-65
123000183,23,7,16
123000184,8,102,-94
123000185,0,0,0
123000186,1,235,-234
123000187,0,1,-1
123000188,0,3,-3
123000189,1,30,-29
123000190,0,5,-5
123000192,0,116,-116
123000193,4,83,-79
123000194,29,14,15
123000195,0,0,0
123000196,0,0,0
123000197,1,32,-31
123000198,0,44,-44
123000199,0,90,-90
123000200,0,0,0
123000201,0,0,0
123000202,9,268,-259
123000203,0,0,0
123000204,5,301,-296
123000205,23,302,-279
123000206,31,4,27
123000207,27,171,-144
123000208,10,3,7
123000209,64,11,53
123000210,78,355,-277
123000211,69,350,-281
123000212,0,0,0
123000213,0,0,0
123000215,118,43,75
123000216,0,0,0
123000217,0,0,0
123000218,29,47,-18
123000219,0,0,0
123000220,0,0,0
123000221,0,0,0
123000222,3,2,1
123000223,3,2,1
123000224,8,26,-18
123000225,4,17,-13
123000226,0,82,-82
123000227,2,69,-67
123000228,3,8,-5
123000229,147,432,-285
123000232,11,116,-105
123000233,0,0,0
123000234,25,172,-147
123000235,0,0,0
123000236,21,166,-145
123000237,0,0,0
123000238,9,138,-129
123000239,61,414,-353
123000240,2,44,-42
123000241,0,0,0
123000242,3,26,-23
123000243,173,255,-82
123000244,234,182,52
123000245,11,76,-65
123000249,519,216,303
123000252,0,0,0
123000253,0,0,0
123000254,21,124,-103
123000255,18,41,-23
123000256,13,43,-30
123000257,335,354,-19
123000258,73,189,-116
123000259,26,34,-8
123000260,16,52,-36
123000261,10,23,-13
123000263,6,1,5
123000264,2,0,2
123000265,4,16,-12
123000266,31,80,-49
123000267,0,0,0
123000268,1,5,-4
123000269,0,0,0
123000270,0,0,0
123000271,5,6,-1
123000272,0,0,0
123000273,0,0,0
123000274,0,0,0
123000275,35,237,-202
123000278,326,230,96
123000279,0,0,0
123000280,5,28,-23
123000281,0,0,0
123000282,6,35,-29
123000283,0,0,0
123000284,3,24,-21
123000286,21,29,-8
123000287,43,38,5
123000288,0,0,0
123000289,0,0,0
123000291,43,241,-198
123000294,6,13,-7
123000295,110,31,79
123000296,47,13,34
123000297,0,3,-3
123000298,7,45,-38
123000299,0,14,-14
123000300,18,90,-72
123000301,3,19,-16
123000302,1,1,0
123000303,1,5,-4
123000305,180,134,46
123000306,1,65,-64
123000309,0,11,-11
123000310,0,0,0
123000311,1,113,-112
123000312,62,143,-81
123000313,0,0,0
123000315,0,6,-6
123000316,98,112,-14
123000317,0,0,0
123000318,9,52,-43
123000329,137,22,115
123000337,0,25,-25
123000338,5,1,4
123000339,0,107,-107
123000340,18,49,-31
123000342,1,26,-25
123000343,0,0,0
123000344,90,46,44
123000345,32,80,-48
123000346,0,0,0
123000352,167,210,-43
123000353,0,15,-15
123000354,7,0,7
123000355,0,60,-60
123000356,0,0,0
123000357,0,45,-45
123000359,0,37,-37
123000360,0,0,0
123000361,17,26,-9
123000362,8,21,-13
123000363,0,51,-51
123000364,14,11,3
123000365,2,53,-51
123000366,45,100,-55
123000367,37,101,-64
123000370,3,56,-53
123000371,0,0,0
123000372,0,0,0
123000373,0,71,-71
123000374,0,38,-38
123000375,11,0,11
123000376,34,42,-8
123000377,0,0,0
123000378,0,54,-54
123000379,1,50,-49
123000380,1,36,-35
123000381,3,0,3
123000382,48,6,42
123000383,4,99,-95
123000384,8,2,6
123000385,3,134,-131
123000436,17,185,-168
123000507,19,16,3
123000508,26,69,-43
123000517,58,9,49
123000518,1,36,-35
123000519,106,56,50
123000520,4,22,-18
123000521,44,35,9
123000522,10,69,-59
123000541,0,0,0
123000542,0,7,-7
123000565,37,0,37
123000566,6,140,-134
123000567,11,47,-36
123000573,22,229,-207
123000574,0,0,0
123000575,50,330,-280
123000576,10,340,-330
123000577,35,201,-166
123000578,0,0,0
123000579,175,24,151
123000580,37,1,36
123000582,0,0,0
123000583,3,67,-64
123000584,0,0,0
123000585,0,9,-9
123000586,0,0,0
123000596,54,56,-2
123000597,0,0,0
123000602,0,0,0
123000603,5,91,-86
123000604,17,245,-228
123000605,275,3,272
123000606,0,487,-487
123000609,6,152,-146
123000610,1,2,-1
123000613,55,52,3
123000614,0,0,0
123000615,56,81,-25
123000616,0,0,0
123000617,37,136,-99
123000618,14,68,-54
123000619,0,0,0
123000620,23,99,-76
123000622,0,0,0
123000624,0,0,0
123000630,17,32,-15
123000631,14,391,-377
123000632,169,150,19
123000633,0,73,-73
123000634,0,0,0
123000635,35,21,14
123000636,6,85,-79
123000637,0,0,0
123000638,0,0,0
123000639,0,0,0
123000640,0,200,-200
123000648,0,0,0
123000649,3,74,-71
123000650,0,0,0
123000651,0,19,-19
123900001,14,1,13
123900002,0,0,0
123900003,0,0,0
123900005,0,0,0
123900006,0,0,0
124000001,149,0,149
124000002,44,319,-275
124000003,10,2,8
124000004,10,147,-137
124000005,17,1,16
124000006,53,298,-245
124000007,0,0,0
124000008,2,130,-128
124000009,1,0,1
124000010,37,181,-144
124000011,0,0,0
124000012,32,255,-223
124000017,0,0,0
124000018,33,17,16
124000019,0,0,0
124000020,13,63,-50
124000021,0,0,0
124000022,37,107,-70
124000023,213,82,131
124000024,32,132,-100
124000025,212,52,160
124000026,44,150,-106
124000027,280,25,255
124000028,586,494,92
124000031,43,2,41
124000032,544,264,280
124000033,79,5,74
124000034,201,354,-153
124000035,13,0,13
124000036,17,229,-212
124000037,12,4,8
124000038,0,34,-34
124000039,53,39,14
124000040,47,96,-49
124000041,24,4,20
124000042,6,74,-68
124000043,7,6,1
124000044,10,72,-62
124000045,0,0,0
124000046,30,255,-225
124000047,0,0,0
124000048,85,391,-306
124000049,0,0,0
124000050,118,509,-391
124000051,0,0,0
124000052,54,297,-243
124000053,0,0,0
124000054,135,173,-38
124000055,0,0,0
124000056,423,458,-35
124000057,0,0,0
124000058,109,411,-302
124000059,14,42,-28
124000060,249,177,72
124000061,10,48,-38
124000062,955,406,549
124000063,413,581,-168
124000064,377,585,-208
124000065,3,14,-11
124000066,0,0,0
124000067,0,0,0
124000068,1,13,-12
124000069,0,0,0
124000070,13,115,-102
124000071,0,0,0
124000072,9,16,-7
124000073,0,0,0
124000074,32,108,-76
124000075,0,0,0
124000076,3,61,-58
124000077,133,107,26
124000078,9,1,8
124000079,104,91,13
124000080,0,0,0
124000081,18,117,-99
124000082,0,2,-2
124000083,4,23,-19
124000084,0,0,0
124000085,7,3,4
124000086,0,0,0
124000088,2,3,-1
124000089,6,4,2
124000090,12,111,-99
124000091,8,7,1
124000092,8,183,-175
124000093,0,0,0
124000094,3,18,-15
124000095,0,0,0
124000096,11,44,-33
124000097,0,0,0
124000098,10,48,-38
124000099,0,0,0
124000100,5,39,-34
124000101,2,6,-4
124000102,14,33,-19
124000103,3,4,-1
124000104,12,32,-20
124000105,0,0,0
124000106,28,37,-9
124000107,0,4,-4
124000108,34,14,20
124000109,0,0,0
124000110,9,29,-20
124000111,9,22,-13
124000112,17,42,-25
124000113,0,0,0
124000114,7,38,-31
124000115,23,37,-14
124000116,0,0,0
124000117,10,16,-6
124000118,0,1,-1
124000119,37,54,-17
124000120,0,11,-11
124000121,53,16,37
124000122,295,194,101
124000123,101,35,66
124000124,44,157,-113
124000125,44,47,-3
124000126,50,124,-74
124000127,48,39,9
124000128,62,283,-221
124000129,96,205,-109
124000130,145,117,28
124000131,79,44,35
124000132,329,293,36
124000133,79,26,53
124000134,83,124,-41
124000135,185,69,116
124000136,78,176,-98
124000137,61,54,7
124000138,107,148,-41
124000139,0,0,0
124000140,14,104,-90
124000141,11,1,10
124000142,18,74,-56
124000143,0,0,0
124000144,1,59,-58
124000145,0,0,0
124000146,1,25,-24
124000148,0,0,0
124000149,6,1,5
124000150,44,92,-48
124000151,1,1,0
124000152,75,133,-58
124000153,2,3,-1
124000154,55,188,-133
124000155,8,10,-2
124000156,165,194,-29
124000169,2,5,-3
124000170,67,81,-14
124000171,3,5,-2
124000172,19,97,-78
124000173,3,12,-9
124000174,21,129,-108
124000175,2,39,-37
124000176,0,0,0
124000177,9,19,-10
124000178,0,0,0
124000185,0,0,0
124000186,2,8,-6
124000187,1,14,-13
124000188,0,0,0
124000190,5,0,5
124000191,11,6,5
124000192,0,0,0
124000193,47,271,-224
124000194,65,188,-123
124000195,18,76,-58
124000196,205,413,-208
124000197,14,7,7
124000198,0,0,0
124000201,4,181,-177
124000202,0,0,0
124000203,6,186,-180
124000204,0,0,0
124000205,1,142,-141
124000206,0,9,-9
124000207,0,27,-27
124000209,13,98,-85
124000210,2,63,-61
124000211,0,0,0
124000212,4,115,-111
124000213,3,106,-103
124000214,6,115,-109
124000215,0,0,0
124000216,2,102,-100
124000329,11,247,-236
124000338,16,322,-306
124000339,0,0,0
124000341,0,0,0
124000344,0,2,-2
124000357,77,37,40
124000358,59,54,5
124000359,15,26,-11
124000360,7,13,-6
124000361,8,4,4
124000362,291,518,-227
124000363,107,228,-121
124000364,156,499,-343
124000365,317,997,-680
124000366,490,676,-186
124000367,27,118,-91
124000368,0,0,0
124000369,1,5,-4
124000370,10,114,-104
124000402,0,0,0
124000403,0,0,0
124000404,1,27,-26
124000405,146,80,66
124000406,168,208,-40
124000407,0,12,-12
124000411,2,48,-46
124000412,0,0,0
124000413,0,0,0
124000414,1,12,-11
124000415,2,30,-28
124000416,20,40,-20
124000417,6,19,-13
124000418,1,13,-12
124000419,2,28,-26
124000420,2,1,1
124000421,7,64,-57
124000422,0,1,-1
124000423,1,8,-7
124000424,1,22,-21
124000425,0,0,0
124000426,2,51,-49
124000427,0,0,0
124000428,3,6,-3
124000429,0,73,-73
124000430,10,34,-24
124000431,23,56,-33
124000432,18,113,-95
124000439,0,0,0
124000443,0,8,-8
124000445,3,3,0
124000446,162,10,152
124000447,0,0,0
124000448,2,1,1
124000449,1,0,1
124000450,5,37,-32
124000451,0,17,-17
124000452,41,20,21
124000453,478,121,357
124000454,355,1125,-770
124900001,0,0,0
124900002,0,0,0
124900003,0,0,0
124900004,0,8,-8
124900005,0,0,0
124900006,0,0,0
124900008,0,0,0
124900009,0,0,0
124900010,0,0,0
124900011,0,0,0
124900012,0,0,0
124900013,0,0,0
124900014,0,0,0
124900015,0,0,0
124900016,0,0,0
124900017,0,0,0
124900018,0,0,0
124900020,0,0,0
124900021,0,0,0
124900024,0,0,0
124900026,0,0,0
124900027,0,0,0
124900028,0,0,0
124900030,0,0,0
124900031,0,0,0
124900033,0,0,0
124900035,1,0,1
124900036,0,0,0
124900037,0,0,0
124900039,0,0,0
124900040,0,0,0
124900042,0,0,0
124900043,5,23,-18
124900044,0,0,0
124900045,14,22,-8
124900047,34,9,25
124900050,10,18,-8
124900052,3,15,-12
124900053,7,89,-82
124900054,125,58,67
124900055,0,18,-18
124900057,2,32,-30
124900060,211,48,163
124900061,0,0,0
124900062,0,0,0
124900066,0,8,-8
124900067,5,41,-36
124900068,0,0,0
124900070,0,0,0
124900072,0,0,0
124900075,0,0,0
124900076,0,0,0
124900077,0,0,0
124900078,0,0,0
124900080,8,62,-54
124900081,0,0,0
124900082,1,3,-2
124900083,10,72,-62
124900085,0,0,0
124900086,0,0,0
124900087,0,0,0
124900088,0,0,0
124900089,45,0,45
124900090,0,0,0
124900091,0,0,0
124900092,0,0,0
124900093,0,0,0
124900094,0,0,0
124900095,0,0,0
124900096,0,0,0
124900097,0,0,0
124900098,0,0,0
124900099,0,0,0
124900100,0,0,0
124900101,0,0,0
124900102,0,0,0
124900103,1,0,1
124900104,0,0,0
124900105,0,3,-3
124900106,0,0,0
124900107,0,0,0
124900108,0,0,0
124900111,1,23,-22
124900112,17,63,-46
124900113,0,1,-1
124900114,1,6,-5
124900115,0,0,0
124900116,0,0,0
124900117,0,0,0
124900118,0,0,0
124900119,0,0,0
124900120,3,13,-10
124900121,0,0,0
124900122,51,11,40
124900123,0,0,0
124900124,15,13,2
124900125,0,0,0
124900126,0,7,-7
204000001,0,0,0
204000002,0,0,0
204000003,0,0,0
204000004,0,0,0
204000005,0,0,0
204000006,0,0,0
204000011,28,50,-22
204000012,4,105,-101
204000019,106,86,20
204000020,41,95,-54
204000021,122,83,39
204000022,105,54,51
204000023,143,547,-404
204000031,0,0,0
204000032,0,0,0
204000034,60,171,-111
204000035,8,4,4
204000036,14,17,-3
204000037,7,8,-1
204000038,0,7,-7
204000039,5,14,-9
204000040,5,11,-6
204000041,2,7,-5
204000042,0,0,0
204000043,0,0,0
204000044,0,0,0
204000045,0,0,0
204000046,0,0,0
204000057,2,14,-12
204000062,30,71,-41
204000068,33,87,-54
204000069,12,42,-30
204000070,0,0,0
204000080,34,63,-29
204000085,182,393,-211
204000086,635,630,5
204000087,46,60,-14
204000088,19,74,-55
204000090,37,154,-117
204000093,0,0,0
204000096,0,0,0
204000097,0,0,0
204000099,0,4,-4
204000100,0,1,-1
204000105,319,362,-43
204000110,221,480,-259
204000111,114,263,-149
204000112,109,321,-212
204000113,75,218,-143
204000114,32,34,-2
204000115,16,29,-13
204000116,51,39,12
204000119,0,0,0
204000132,0,0,0
204000133,0,0,0
204000134,0,0,0
204000135,0,0,0
204000136,0,0,0
204000138,0,0,0
204000140,0,0,0
204000141,0,0,0
204000144,0,0,0
204000145,0,0,0
204000146,31,113,-82
204000147,17,61,-44
204000148,0,0,0
204000154,0,0,0
204000155,1,5,-4
204000177,0,0,0
204000179,0,0,0
204000180,1,78,-77
204000222,0,0,0
204000235,14,11,3
204000236,6,118,-112
204000238,0,0,0
204000240,15,30,-15
204000263,144,299,-155
204000268,0,0,0
204000308,0,0,0
204000317,21,24,-3
204000322,6,13,-7
204000323,0,0,0
204000328,0,0,0
204000329,50,42,8
204000330,0,0,0
204000331,82,84,-2
205000001,416,364,52
205000013,1,51,-50
205000014,9,65,-56
205000015,24,134,-110
205000016,12,70,-58
205000017,7,20,-13
205000022,92,278,-186
205000025,463,432,31
205000029,40,23,17
205000045,9,67,-58
205000046,24,150,-126
205000047,23,147,-124
205000048,59,290,-231
205000049,33,273,-240
205000050,223,138,85
205000059,0,131,-131
205000060,0,11,-11
205000061,0,17,-17
205000062,0,7,-7
205000063,7,10,-3
205000064,5,49,-44
205000065,12,158,-146
205000066,24,245,-221
205000067,4,488,-484
205000069,217,135,82
205000082,0,0,0
205000110,26,136,-110
205000111,46,115,-69
205000112,0,0,0
205000113,65,81,-16
205000121,0,0,0
205000123,44,84,-40
205000126,0,0,0
205000127,0,0,0
205000128,0,0,0
205000129,0,0,0
205000130,0,0,0
205000131,0,0,0
205000132,0,0,0
205000133,0,0,0
205000134,0,0,0
205000137,26,53,-27
205000138,64,123,-59
205000139,18,32,-14
205000144,0,0,0
205000145,0,0,0
205000151,0,0,0
205000152,0,0,0
205000153,0,0,0
205000154,0,0,0
205000155,0,0,0
205000207,161,137,24
205000233,0,0,0
205000234,0,0,0
205000243,0,0,0
205000244,0,1,-1
205000245,8,120,-112
205000249,0,9,-9
205000250,0,0,0
205000264,5,62,-57
206000027,0,0,0
206000028,0,0,0
206000043,8,91,-83
206000053,19,17,2
206000054,16,27,-11
206000055,2,34,-32
206000075,6,3,3
206000076,9,20,-11
206000077,5,6,-1
206000078,8,6,2
206000079,16,11,5
206000082,0,0,0
206000100,15,278,-263
206000103,5,37,-32
206000104,10,27,-17
206000105,2,26,-24
206000106,16,46,-30
206000125,0,0,0
206000157,164,489,-325
206000170,2,203,-201
206000171,3,158,-155
206000172,3,360,-357
206000173,2,105,-103
206000174,1,114,-113
206000175,2,111,-109
206000176,8,190,-182
206000177,0,123,-123
206000178,0,71,-71
206000179,1,51,-50
206000180,21,88,-67
206000181,8,68,-60
206000182,23,127,-104
206000183,25,259,-234
206000184,7,172,-165
206000185,9,129,-120
206000186,41,389,-348
206000223,3,99,-96
206000226,0,0,0
206000227,0,0,0
206000237,9,162,-153
206000238,20,203,-183
206000239,265,479,-214
206000240,0,46,-46
206000241,0,125,-125
206000242,18,171,-153
206000243,2,189,-187
206000244,52,352,-300
206000245,26,3,23
206000246,7,0,7
206000247,6,0,6
206000248,6,0,6
206000252,14,35,-21
206000258,17,17,0
206000315,26,10,16
206000317,40,10,30
206000318,40,6,34
206000319,72,1,71
206000320,12,3,9
206000321,11,4,7
206000322,0,0,0
206000323,0,0,0
206000324,0,0,0
206000325,0,0,0
206000326,0,0,0
206000327,2,1,1
206000328,16,0,16
206000329,18,2,16
206000330,5,1,4
206000331,1,0,1
206000332,0,0,0
206000333,9,0,9
206000334,2,0,2
206000335,1,19,-18
206000361,9,174,-165
206000392,2,33,-31
206000405,22,0,22
206000441,0,0,0
206000498,0,2,-2
206000515,125,25,100
206000530,0,0,0
206000531,0,0,0
206000532,0,0,0
206000535,68,243,-175
206000536,9,62,-53
206000537,4,28,-24
206000613,0,0,0
206000784,300,57,243
207000001,57,253,-196
207000002,22,208,-186
207000003,36,166,-130
207000007,38,2,36
207000008,1,1,0
207000009,10,2,8
207000010,96,128,-32
207000012,0,0,0
207000015,168,302,-134
207000019,34,11,23
207000021,19,22,-3
207000022,7,18,-11
207000023,10,3,7
207000024,1,4,-3
207000025,2,6,-4
207000026,29,69,-40
207000027,6,53,-47
207000028,20,116,-96
207000029,79,200,-121
207000033,25,22,3
207000034,21,7,14
207000039,0,0,0
207000040,0,0,0
207000041,0,0,0
207000042,0,0,0
207000043,0,0,0
207000051,28,222,-194
207000052,1,118,-117
207000053,211,293,-82
207000054,7,71,-64
207000055,29,76,-47
207000056,83,175,-92
207000057,97,145,-48
207000058,48,210,-162
207000059,17,339,-322
207000060,13,61,-48
207000061,3,6,-3
207000062,17,25,-8
207000063,30,49,-19
207000064,71,46,25
207000065,40,57,-17
207000066,18,61,-43
207000067,7,46,-39
207000068,18,10,8
207000069,181,67,114
207000082,1,5,-4
207000083,8,64,-56
207000084,4,0,4
207000085,7,1,6
207000086,4,1,3
207000106,0,0,0
207000107,0,0,0
207000108,0,0,0
207000109,0,0,0
207000110,0,0,0
207000111,0,0,0
207000112,0,0,0
207000114,9,13,-4
207000115,7,39,-32
207000116,10,151,-141
207000117,4,52,-48
207000118,1,48,-47
207000119,5,56,-51
207000123,0,0,0
207000124,0,0,0
207000125,0,0,0
207000126,0,0,0
207000134,2,11,-9
207000135,1,5,-4
207000148,0,0,0
207000149,10,16,-6
207000152,68,195,-127
207000153,581,528,53
207000154,47,24,23
207000159,13,94,-81
207000160,32,218,-186
207000238,0,31,-31
207000242,1,37,-36
207000248,13,7,6
207000249,37,39,-2
207000250,85,29,56
207000251,27,33,-6
207000252,23,38,-15
207000278,0,0,0
207000279,32,110,-78
207000280,11,3,8
207000281,24,249,-225
207000282,3,1,2
207000283,14,33,-19
207000284,8,6,2
207000285,0,0,0
207000291,6,54,-48
207000304,21,8,13
207000306,34,203,-169
207000310,0,0,0
207000353,0,0,0
207000356,15,6,9
207000357,0,0,0
207000358,0,0,0
207000415,3,58,-55
207000417,0,0,0
207000418,37,31,6
207000438,0,3,-3
207000439,143,54,89
207000446,0,0,0
207000460,1,2,-1
207000466,81,111,-30
207000467,0,0,0
207000468,22,177,-155
207000476,4,3,1
207000477,0,5,-5
207000478,2,2,0
207000523,1,29,-28
207000524,0,2,-2
207000527,18,17,1
207000530,0,0,0
207000531,0,0,0
207000532,0,0,0
207000534,0,0,0
207000535,25,83,-58
207000537,12,25,-13
207000540,9,66,-57
207000541,2,118,-116
207000548,5,77,-72
207000549,0,0,0
207000561,0,0,0
207000562,6,95,-89
207000567,76,111,-35
207000568,0,7,-7
207000569,11,162,-151
207000584,69,50,19
207000585,0,0,0
207000587,0,0,0
207000616,0,140,-140
207000617,0,0,0
207000624,0,0,0
207000631,0,0,0
207900008,0,27,-27
208000001,13,64,-51
208000002,17,44,-27
208000003,22,38,-16
208000004,54,55,-1
208000005,0,9,-9
208000019,0,0,0
208000020,0,0,0
208000021,33,90,-57
208000022,94,109,-15
208000028,22,8,14
208000033,56,115,-59
208000034,154,236,-82
208000037,0,0,0
208000040,0,0,0
208000041,0,0,0
208000042,0,0,0
208000047,16,89,-73
208000064,0,0,0
208000066,0,0,0
208000070,0,0,0
208000071,0,0,0
208000072,0,0,0
208000080,6,17,-11
208000081,6,15,-9
208000082,18,87,-69
208000083,18,143,-125
208000084,0,0,0
208000085,193,153,40
208000086,131,310,-179
208000087,72,192,-120
208000089,116,129,-13
208000090,123,206,-83
208000093,5,27,-22
208000094,79,121,-42
208000095,135,127,8
208000104,0,0,0
208000105,0,0,0
208000114,0,0,0
208000115,21,118,-97
208000116,0,0,0
208000117,0,0,0
208000118,0,0,0
208000155,90,318,-228
208000158,438,578,-140
208000186,0,0,0
208000204,96,235,-139
208000205,155,258,-103
208000282,757,260,497
209000004,20,42,-22
209000005,4,13,-9
209000006,75,77,-2
209000007,61,57,4
209000010,101,43,58
209000011,28,61,-33
209000012,43,134,-91
209000013,43,207,-164
209000014,175,496,-321
209000025,22,28,-6
209000026,101,16,85
209000027,84,339,-255
209000028,53,415,-362
209000029,155,355,-200
209000030,73,621,-548
209000031,1100,1193,-93
209000034,45,194,-149
209000035,44,137,-93
209000036,31,70,-39
209000037,30,82,-52
209000038,31,108,-77
209000039,38,69,-31
209000040,67,194,-127
209000041,77,158,-81
209000042,107,149,-42
209000043,88,124,-36
209000044,125,181,-56
209000045,29,66,-37
209000046,16,108,-92
209000047,31,59,-28
209000048,24,36,-12
209000049,28,84,-56
209000050,85,137,-52
209000051,74,125,-51
209000052,46,113,-67
209000062,16,48,-32
209000063,12,47,-35
209000064,8,44,-36
209000065,0,0,0
209000066,0,0,0
209000067,0,0,0
209000080,12,54,-42
209000082,0,0,0
209000091,11,29,-18
209000093,33,14,19
209000094,122,41,81
209000110,0,0,0
209000111,65,379,-314
209000112,77,132,-55
209000113,126,116,10
209000114,57,61,-4
209000115,42,66,-24
209000116,440,205,235
209000118,0,0,0
209000119,11,0,11
209000121,59,243,-184
209000135,0,0,0
209000142,302,171,131
209000143,6,21,-15
209000144,11,16,-5
209000229,10,55,-45
209000240,13,132,-119
209000259,40,54,-14
209000260,8,272,-264
209000261,0,139,-139
209000262,0,105,-105
209000263,1,25,-24
209000264,0,11,-11
209000265,0,0,0
209000266,0,0,0
209000267,0,0,0
209000268,0,0,0
210000037,0,0,0
210000047,0,0,0
210000048,0,0,0
210000049,0,0,0
210000052,0,43,-43
210000053,7,25,-18
210000054,27,19,8
210000070,0,0,0
210000071,0,0,0
210000072,0,0,0
210000073,0,7,-7
210000074,0,35,-35
210000075,1,25,-24
210000076,2,47,-45
210000077,3,19,-16
210000078,8,13,-5
210000079,0,0,0
210000080,0,0,0
210000081,0,0,0
210000082,0,0,0
210000083,0,0,0
210000084,0,0,0
210000085,1,17,-16
210000086,2,31,-29
210000099,16,103,-87
210000100,11,106,-95
210000101,24,131,-107
210000105,14,39,-25
210000159,0,29,-29
210000163,54,103,-49
210000164,0,0,0
210000168,0,0,0
210000187,0,8,-8
210000188,0,5,-5
210000214,0,0,0
210000219,0,0,0
210000220,0,0,0
210000232,1,17,-16
210000233,0,13,-13
210000234,4,31,-27
210000235,24,32,-8
210000245,0,20,-20
210000246,0,0,0
210000258,2,54,-52
210000259,0,0,0
210000282,18,78,-60
210000285,1,33,-32
210000286,3,53,-50
210000290,0,0,0
210000295,9,22,-13
210000296,9,16,-7
210000320,0,0,0
210000321,0,0,0
210000338,20,45,-25
210000339,158,220,-62
210000340,49,59,-10
210000341,43,68,-25
210000342,46,77,-31
210000343,41,79,-38
210000344,31,34,-3
210000345,40,32,8
210000346,8,23,-15
210000347,3,3,0
210000348,11,4,7
210000349,3,10,-7
210000350,14,28,-14
210000351,23,35,-12
210000352,0,0,0
210000353,0,0,0
210000354,0,0,0
210000355,0,0,0
210000356,0,0,0
210000357,0,0,0
210000358,0,0,0
210000359,0,0,0
210000360,0,0,0
210000361,0,0,0
210000362,0,0,0
210000363,0,0,0
210000364,0,0,0
210000365,0,0,0
210000366,0,0,0
210000367,0,0,0
210000368,0,0,0
210000369,0,0,0
210000370,0,0,0
210000372,0,0,0
210000373,0,0,0
210000374,0,0,0
210000375,0,0,0
210000376,0,0,0
210000404,36,70,-34
210000439,0,0,0
210000472,0,0,0
210000482,0,0,0
210000564,0,0,0
210000567,0,0,0
210000568,0,0,0
211000092,0,0,0
211000094,0,0,0
211000169,0,0,0
211000172,0,0,0
211000209,0,0,0
211000226,0,0,0
211000270,0,2,-2
211000275,0,0,0
211000276,0,0,0
211000279,0,0,0
211000281,0,0,0
211000302,0,0,0
211507980,0,0,0
211977296,0,0,0
212000003,0,0,0
212000004,1,13,-12
212000005,6,10,-4
212000006,14,17,-3
212000008,49,76,-27
212000009,7,48,-41
212000012,14,35,-21
212000013,5,28,-23
212000014,91,78,13
212000015,56,78,-22
212000016,187,210,-23
212000027,0,0,0
212000028,0,0,0
212000029,0,0,0
212000030,0,0,0
212000031,0,0,0
212000048,4,18,-14
212000049,18,4,14
212000050,6,3,3
212000051,37,73,-36
212000052,47,143,-96
212000053,128,213,-85
212000054,0,0,0
212000055,0,0,0
212000056,0,0,0
212000057,0,0,0
212000058,0,0,0
212000070,33,95,-62
212000077,33,254,-221
212000099,0,0,0
212000108,0,0,0
212000111,0,0,0
212000120,20,58,-38
212000138,9,20,-11
212000156,5,49,-44
212000158,0,1,-1
212000159,2,1,1
212000160,0,0,0
212000161,0,0,0
212000310,2,11,-9
212000311,0,0,0
212000374,2,7,-5
213000001,4,89,-85
213000005,3,3,0
213000006,6,1,5
213000007,0,0,0
213000009,0,0,0
213000010,0,0,0
213000011,0,0,0
213000012,32,115,-83
213000014,0,0,0
213000015,0,0,0
213000016,0,0,0
213000017,0,0,0
213000018,1,32,-31
213000019,0,35,-35
213000020,6,37,-31
213000021,4,15,-11
213000023,0,0,0
213000033,26,94,-68
213000034,0,0,0
213000035,0,0,0
213000045,16,31,-15
213000046,10,15,-5
213000047,94,44,50
213000056,0,0,0
213000069,0,0,0
213000073,0,0,0
213000074,15,121,-106
213000075,0,0,0
213000076,0,0,0
213000085,1,14,-13
213000086,1,60,-59
213000091,0,0,0
213000092,0,0,0
213000099,51,142,-91
213000100,0,0,0
213000101,1,33,-32
213000102,7,73,-66
213000103,28,97,-69
213000104,9,58,-49
213000105,0,21,-21
213000106,4,78,-74
213000107,17,166,-149
213000108,4,109,-105
213000109,0,48,-48
213000110,4,13,-9
213000111,1,3,-2
213000112,52,22,30
213000115,0,0,0
213000116,15,58,-43
213000117,0,80,-80
213000118,39,30,9
213000119,13,219,-206
213000120,22,202,-180
213000122,48,149,-101
213000123,103,164,-61
213000124,9,248,-239
213000125,0,0,0
213000126,8,11,-3
213000127,7,26,-19
213000128,60,72,-12
213000129,0,0,0
213000130,0,0,0
213000132,0,0,0
213000133,0,0,0
213000134,0,0,0
213000136,0,0,0
213000137,0,0,0
213000139,0,0,0
213000147,0,0,0
213000148,0,0,0
213000149,0,0,0
213000150,0,19,-19
213000151,0,33,-33
213000152,0,14,-14
213000153,1,6,-5
213000154,5,52,-47
213000155,5,75,-70
213000156,11,105,-94
213000157,92,183,-91
213000158,18,115,-97
213000159,0,0,0
213000163,0,0,0
213000165,0,0,0
213000171,1,30,-29
213000172,1,55,-54
213000173,0,43,-43
213000174,1,35,-34
213000175,2,37,-35
213000176,0,15,-15
213000177,1,4,-3
213000178,2,6,-4
213000179,0,3,-3
213000180,6,7,-1
213000184,12,46,-34
213000188,0,0,0
213000189,0,0,0
213000190,17,174,-157
213000191,11,100,-89
213000192,13,97,-84
213000193,409,41,368
213000194,0,6,-6
213000195,3,105,-102
213000196,15,227,-212
213000197,0,0,0
213000198,0,0,0
213000200,43,234,-191
213000201,21,21,0
213000202,1,236,-235
213000203,0,0,0
213000204,0,0,0
213000205,0,0,0
213000206,0,0,0
213000207,0,0,0
213000208,0,0,0
213000209,0,0,0
213000210,0,0,0
213000211,0,3,-3
213000212,1,5,-4
213000213,0,11,-11
213000218,29,181,-152
213000219,0,0,0
213000220,0,0,0
213000223,0,0,0
213000224,0,0,0
213000225,0,0,0
213000226,0,0,0
213000227,0,0,0
213000228,0,0,0
213000229,0,0,0
213000230,0,0,0
213000232,18,149,-131
213000233,2,7,-5
213000234,1,23,-22
213000293,0,24,-24
213000294,0,0,0
213000295,3,16,-13
213000296,0,0,0
213000297,4,16,-12
213000298,17,26,-9
213000299,0,0,0
213000300,0,0,0
213000303,7,17,-10
213000304,7,10,-3
213000305,0,0,0
213000306,10,6,4
213000307,0,0,0
213000308,19,47,-28
213000309,0,0,0
213000310,0,0,0
213000311,50,76,-26
213000315,7,29,-22
213000316,0,0,0
213000322,0,18,-18
213000323,0,0,0
213000340,27,293,-266
213000341,0,0,0
213000346,0,0,0
213000347,0,0,0
213000348,0,32,-32
213000349,5,4,1
213000350,14,236,-222
213000366,4,53,-49
213000367,1,0,1
213000379,5,28,-23
213000386,3,58,-55
213000406,20,106,-86
213000417,27,7,20
213000425,0,0,0
213000426,0,0,0
213000427,1,24,-23
213000428,0,30,-30
213000429,0,0,0
213000430,1,35,-34
213000431,24,0,24
213000432,0,0,0
213000433,0,4,-4
213000435,0,0,0
213000439,0,1,-1
213000441,0,0,0
213000443,3,13,-10
213000445,0,7,-7
213000446,0,0,0
213000447,0,1,-1
213000448,0,0,0
213000449,0,0,0
213000450,0,0,0
213000451,0,0,0
213000452,0,0,0
213000453,7,70,-63
213000455,0,1,-1
213000456,1,18,-17
213000481,0,0,0
213000482,0,0,0
213000489,0,0,0
213000491,1,14,-13
213000492,0,0,0
213000493,0,8,-8
213000494,0,0,0
213000495,0,12,-12
213000496,0,0,0
213000497,8,75,-67
213000498,5,46,-41
213000499,5,108,-103
213000500,0,0,0
213000501,0,0,0
213000502,0,0,0
213000503,2,27,-25
213000504,12,45,-33
213000505,0,3,-3
213000506,0,3,-3
213000507,0,90,-90
213900244,0,0,0
213900245,1,6,-5
218000003,6,6,0
218000004,2,2,0
218000005,0,0,0
218000006,2,39,-37
218000007,0,11,-11
218000012,75,12,63
218000013,32,100,-68
218000014,183,191,-8
218000019,352,215,137
218000020,173,185,-12
218000040,3,2,1
218000046,4,80,-76
218000047,0,58,-58
218000048,7,104,-97
218000049,7,61,-54
218000050,58,115,-57
218000051,24,130,-106
218000052,0,23,-23
218000053,1,6,-5
218000054,2,15,-13
218000055,0,12,-12
218000056,3,12,-9
218000057,1,10,-9
218000064,0,0,0
218000065,1,0,1
218000066,0,0,0
218000067,5,50,-45
218000068,14,35,-21
218000069,40,88,-48
218000070,21,122,-101
218000071,78,104,-26
218000072,160,108,52
218000078,180,332,-152
218000079,15,53,-38
218000080,38,57,-19
218000081,59,98,-39
218000082,3,54,-51
218000083,5,40,-35
218000084,29,66,-37
218000085,104,142,-38
218000086,28,77,-49
218000087,72,103,-31
218000090,15,49,-34
218000091,190,124,66
218000092,33,96,-63
218000093,46,68,-22
218000094,134,390,-256
218000099,76,172,-96
218000100,61,175,-114
218000101,29,53,-24
218000102,50,109,-59
218000103,12,75,-63
218000104,5,19,-14
218000105,1,6,-5
218000106,7,7,0
218000107,7,98,-91
218000108,1,46,-45
218000112,23,7,16
218000117,0,0,0
218000134,106,196,-90
218000135,11,15,-4
218000136,25,10,15
218000137,15,57,-42
218000138,1,10,-9
218000139,24,72,-48
218000140,19,52,-33
218000141,1,3,-2
218000142,18,42,-24
218000143,5,44,-39
218000144,4,7,-3
218000145,36,110,-74
218000146,13,84,-71
218000151,7,7,0
218000152,9,23,-14
218000170,1,15,-14
218000171,10,6,4
218000172,1,0,1
218000173,2,5,-3
218000174,2,2,0
218000176,24,14,10
218000177,121,22,99
218000178,22,12,10
218000179,33,17,16
218000180,19,13,6
218000181,32,5,27
218000187,2,2,0
218000188,6,3,3
218000189,4,18,-14
218000190,1,3,-2
218000191,24,44,-20
218000192,39,165,-126
218000193,183,164,19
218000194,12,205,-193
218000195,65,43,22
218000196,89,142,-53
218000197,58,124,-66
218000198,7,51,-44
218000199,26,10,16
218000200,3,21,-18
218000201,2,2,0
218000202,51,28,23
218000207,0,24,-24
218000208,6,11,-5
218000211,5,39,-34
218000213,19,7,12
218000214,1,3,-2
218000215,11,34,-23
218000217,2,20,-18
218000218,56,15,41
218000219,3,4,-1
218000220,53,94,-41
218000221,43,89,-46
218000222,25,21,4
218000223,118,37,81
218000224,3,18,-15
218000225,74,11,63
218000226,29,19,10
218000232,21,46,-25
218000239,0,0,0
218000240,0,0,0
218000241,0,0,0
218000242,0,0,0
218000243,0,0,0
218000244,0,0,0
218000245,0,0,0
218000246,0,0,0
218000247,0,0,0
218000248,0,5,-5
218000249,0,0,0
218000250,0,5,-5
218000251,0,7,-7
218000252,0,24,-24
218000253,0,2,-2
218000254,0,0,0
218000255,0,2,-2
218000256,0,12,-12
218000267,54,356,-302
218000268,0,36,-36
218000269,0,10,-10
218000270,27,139,-112
218000271,55,217,-162
218000273,0,0,0
218000274,0,0,0
218000275,10,23,-13
218000276,1,75,-74
218000278,27,27,0
218000279,15,27,-12
218000280,3,24,-21
218000281,0,11,-11
218000282,39,20,19
218000284,0,0,0
218000301,9,12,-3
218000302,3,10,-7
218000303,9,16,-7
218000316,220,241,-21
218000317,134,339,-205
218000318,74,248,-174
218000319,208,477,-269
218000320,149,270,-121
218000338,2,6,-4
218000345,14,33,-19
218000346,0,0,0
218000459,12,61,-49
218000490,1,25,-24
218000501,0,3,-3
218000502,9,65,-56
218000503,12,7,5
218000504,6,4,2
218000505,9,75,-66
218000506,23,66,-43
218000508,0,3,-3
218000510,46,4,42
218000520,36,59,-23
218000521,0,5,-5
218000522,0,30,-30
218000523,1,4,-3
218000524,7,10,-3
218000525,1,2,-1
218000526,6,11,-5
218000529,5,15,-10
218000531,0,0,0
218000532,6,15,-9
218000534,0,0,0
218000537,0,0,0
218000538,11,30,-19
218000540,78,14,64
218000543,63,9,54
218000544,49,131,-82
218000545,10,9,1
218000546,19,86,-67
218000547,9,35,-26
218000548,17,57,-40
218000549,40,27,13
218000550,95,172,-77
218000551,135,143,-8
218000552,42,13,29
218000553,3,26,-23
218000554,1,9,-8
218000555,0,10,-10
218000556,56,173,-117
218000557,141,40,101
218000558,0,0,0
218000559,0,8,-8
218000560,0,3,-3
218000561,0,0,0
218000562,12,41,-29
218000563,8,4,4
218000564,0,17,-17
218000565,7,7,0
218000566,9,2,7
218000567,0,7,-7
218000568,0,0,0
218000569,1,6,-5
218000570,1,1,0
218000571,1,1,0
218000572,0,0,0
218000573,2,6,-4
218000574,2,8,-6
218000575,0,0,0
218000576,0,9,-9
218000577,0,0,0
218000578,0,9,-9
218000579,4,0,4
218000581,0,20,-20
218000582,5,0,5
218000583,0,0,0
218000584,0,15,-15
218000585,2,0,2
218000586,0,6,-6
218000587,0,0,0
218000588,0,1,-1
218000589,0,1,-1
218000590,0,0,0
218000591,0,6,-6
218000592,0,0,0
218000593,0,3,-3
218000594,0,0,0
218000597,0,0,0
218000598,0,0,0
218000599,0,0,0
218000600,0,0,0
218000601,0,0,0
218000602,0,0,0
218000603,0,0,0
218000604,0,0,0
218000605,0,7,-7
218000606,0,0,0
218000607,3,13,-10
218000608,0,0,0
218000609,0,8,-8
218000610,5,0,5
218000611,0,0,0
218000612,0,5,-5
218000613,1,0,1
218000614,3,20,-17
218000615,3,0,3
218000616,0,26,-26
218000617,0,0,0
218000618,0,2,-2
218000619,1,3,-2
218000620,0,1,-1
218000621,0,0,0
218000622,0,0,0
218000623,0,0,0
218000624,0,1,-1
218000625,2,0,2
218000626,0,1,-1
218000628,16,8,8
218000631,0,0,0
218000632,0,7,-7
218000633,0,0,0
218000634,0,5,-5
218000635,4,10,-6
218000636,159,425,-266
218000637,126,104,22
218000638,0,0,0
218000639,7,225,-218
218000640,0,0,0
218000641,9,166,-157
218000652,25,31,-6
218000653,80,45,35
218000663,0,9,-9
218000675,0,4,-4
218000680,14,58,-44
218000681,0,0,0
218000691,14,55,-41
218000693,0,0,0
218000718,45,78,-33
218000719,2,13,-11
218000720,0,5,-5
218000721,1,0,1
218001147,0,158,-158
218001214,2,0,2
218001258,0,0,0
218001329,0,0,0
218001330,11,9,2
218001351,0,0,0
218001352,1,0,1
218001353,0,0,0
218001354,0,4,-4
218001355,20,92,-72
218001356,0,1,-1
218001357,1,67,-66
218001358,0,0,0
218001361,0,1,-1
218001362,1,106,-105
219000001,6,28,-22
219000002,27,54,-27
219000003,70,12,58
219000004,129,60,69
219000017,25,11,14
219000020,15,1,14
219000022,17,1,16
219000023,12,0,12
219000029,0,33,-33
219000034,0,0,0
219000039,14,23,-9
219000040,3,10,-7
219000041,18,32,-14
219000051,0,49,-49
219000052,0,15,-15
219000053,1,103,-102
219000055,8,0,8
219000056,0,0,0
219000057,14,0,14
219000062,4,77,-73
219000063,24,17,7
219000064,0,16,-16
219000110,30,10,20
219000111,20,10,10
219000112,35,8,27
219000113,33,12,21
219000114,60,4,56
219000116,42,46,-4
219000117,92,88,4
219000118,44,114,-70
219000123,58,55,3
219000124,25,31,-6
219000125,8,18,-10
219000126,16,44,-28
219000127,0,6,-6
219000128,13,79,-66
219000129,23,128,-105
219000130,981,506,475
219000131,897,824,73
219000133,6,24,-18
219000134,17,11,6
219000135,113,63,50
219000136,167,124,43
219000138,5,29,-24
219000139,3,35,-32
219000140,0,0,0
219000141,2,42,-40
219000142,0,54,-54
219000143,2,34,-32
219000145,1,17,-16
219000146,1,31,-30
219000147,0,25,-25
219000148,1,42,-41
219000149,15,83,-68
219000150,3,63,-60
219000151,2,34,-32
219000157,28,31,-3
219000158,44,140,-96
219000161,65,21,44
219000163,544,117,427
219000166,29,72,-43
219000167,49,125,-76
219000168,84,8,76
219000174,0,0,0
219000175,0,0,0
219000176,0,0,0
219000177,0,0,0
219000178,0,0,0
219000179,0,0,0
219000180,16,14,2
219000182,0,0,0
219000183,0,26,-26
219000184,0,0,0
219000185,1,71,-70
219000186,1,16,-15
219000187,0,35,-35
219000189,38,93,-55
219000190,74,139,-65
219000191,638,361,277
219000192,145,261,-116
219000193,274,155,119
219000195,0,13,-13
219000196,2,39,-37
219000198,9,46,-37
219000199,31,69,-38
219000200,5,51,-46
219000201,16,58,-42
219000203,10,72,-62
219000204,9,93,-84
219000205,16,81,-65
219000207,42,74,-32
219000209,10,26,-16
219000210,12,41,-29
219000213,7,79,-72
219000239,35,44,-9
219000240,25,71,-46
219000241,10,49,-39
219000242,20,77,-57
219000243,3,102,-99
219000244,10,44,-34
219000245,2,20,-18
219000246,0,0,0
219000247,0,0,0
219000248,0,0,0
219000249,0,0,0
219000250,0,0,0
219000251,0,0,0
219000252,0,0,0
219000253,0,0,0
219000255,0,0,0
219000256,0,0,0
219000257,0,0,0
219000262,32,141,-109
219000263,24,95,-71
219000267,1,85,-84
219000268,1,3,-2
219000269,0,0,0
219000270,0,0,0
219000271,59,1,58
219000278,2,7,-5
219000279,1,4,-3
219000283,0,3,-3
219000295,7,40,-33
219000296,22,203,-181
219000297,9,54,-45
219000298,6,82,-76
219000299,0,0,0
219000300,6,136,-130
219000301,46,130,-84
219000302,3,94,-91
219000307,25,39,-14
219000308,41,26,15
219000311,0,0,0
219000312,0,0,0
219000313,0,0,0
219000314,42,215,-173
219000315,0,0,0
219000316,0,0,0
219000317,0,0,0
219000320,1,12,-11
219000321,1,5,-4
219000323,0,42,-42
219000325,0,26,-26
219000326,18,72,-54
219000327,21,23,-2
219000328,16,21,-5
219000329,245,125,120
219000330,10,43,-33
219000331,22,29,-7
219000332,0,0,0
219000333,0,0,0
219000335,0,0,0
219000337,0,0,0
219000338,0,0,0
219000344,21,42,-21
219000345,49,75,-26
219000346,16,80,-64
219000348,43,79,-36
219000349,6,91,-85
219000350,30,30,0
219000351,3,2,1
219000352,35,23,12
219000353,50,48,2
219000354,38,84,-46
219000355,21,4,17
219000356,544,253,291
219000363,146,41,105
219000364,94,29,65
219000365,61,5,56
219000366,260,84,176
219000368,117,29,88
219000370,190,69,121
219000371,6,11,-5
219000382,8,17,-9
219000383,241,228,13
219000385,308,171,137
219000386,383,547,-164
219000387,0,3,-3
219000390,0,0,0
219000391,0,0,0
219000397,54,57,-3
219000398,62,34,28
219000401,0,16,-16
219000402,2,19,-17
219000403,15,37,-22
219000404,4,4,0
219000407,0,5,-5
219000409,0,0,0
219000410,0,0,0
219000411,0,0,0
219000446,83,206,-123
219000447,1,19,-18
219000448,0,0,0
219000452,0,0,0
219000453,20,39,-19
219000454,82,41,41
219000556,0,0,0
219000558,36,65,-29
219000590,11,35,-24
219000591,0,0,0
219000592,34,216,-182
219000595,0,13,-13
219000635,0,0,0
219000636,14,74,-60
219000657,10,6,4
219000658,6,37,-31
219000673,0,24,-24
219000676,0,0,0
219000679,9,8,1
219000684,4,1,3
219000685,1,38,-37
219000686,0,0,0
219000688,0,93,-93
219000689,35,58,-23
219000690,0,0,0
219000691,22,16,6
219000692,5,17,-12
219000693,0,21,-21
219000694,0,0,0
219000695,0,0,0
219000698,0,1,-1
219000699,0,10,-10
219000727,1,77,-76
219000728,52,1,51
219000770,0,0,0
219000771,0,17,-17
219000788,79,78,1
219001150,2,4,-2
219001151,1,2,-1
219001166,0,0,0
219001167,1,12,-11
219001178,9,1,8
220000001,3,10,-7
220000002,4,30,-26
220000003,126,104,22
220000004,102,130,-28
220000005,454,531,-77
220000006,73,298,-225
220000007,122,347,-225
220000008,72,346,-274
220000009,140,162,-22
220000010,26,25,1
220000011,98,34,64
220000012,7,9,-2
220000014,1,13,-12
220000015,0,0,0
220000017,3,29,-26
220000018,170,68,102
220000019,11,58,-47
220000020,35,82,-47
220000021,93,50,43
220000022,134,196,-62
220000023,62,67,-5
220000024,305,168,137
220000025,92,189,-97
220000026,67,50,17
220000027,3,24,-21
220000028,5,13,-8
220000029,20,48,-28
220000030,6,26,-20
220000031,31,55,-24
220000064,0,0,0
221000046,2,0,2
221000047,0,0,0
221000048,0,0,0
221000049,0,8,-8
221000050,3,0,3
221000055,22,27,-5
221000068,39,21,18
221000069,28,5,23
221000070,23,1,22
221000071,5,1,4
221000072,21,2,19
221000073,7,16,-9
221000074,0,4,-4
221000075,1,11,-10
221000076,7,36,-29
221000077,9,34,-25
221000081,7,0,7
221000082,2,1,1
221000083,1,0,1
221000084,0,3,-3
221000085,4,27,-23
221000086,2,91,-89
221000087,0,93,-93
221000088,10,69,-59
221000089,18,68,-50
221000090,125,173,-48
221000098,14,3,11
221000099,26,3,23
221000100,5,0,5
221000101,25,0,25
221000102,0,0,0
221000107,4,0,4
221000108,1,0,1
221000109,1,7,-6
221000110,2,101,-99
221000111,9,85,-76
221000112,3,69,-66
221000113,8,87,-79
221000114,9,111,-102
221000120,0,0,0
221000121,0,0,0
221000122,0,0,0
221000123,1,4,-3
221000124,1,22,-21
221000155,0,0,0
221000156,0,0,0
221000175,0,0,0
221000176,0,0,0
221000182,9,0,9
221000241,182,23,159
221000242,219,146,73
221000243,80,23,57
221000244,35,170,-135
221000245,10,33,-23
221000246,19,95,-76
221000247,10,35,-25
221000248,4,62,-58
221000267,3,108,-105
221000325,0,0,0
221000331,0,3,-3
221000338,0,0,0
221000378,0,0,0
221000381,3,9,-6
222000282,0,0,0
222000296,0,0,0
222000568,0,0,0
222000569,0,0,0
222000570,0,0,0
222000571,0,0,0
222000577,0,26,-26
222000578,0,13,-13
222000579,2,6,-4
222000580,10,57,-47
222000599,0,10,-10
222000600,0,10,-10
222000601,0,18,-18
222000603,1,1,0
222000604,0,0,0
222000605,0,0,0
222000606,0,1,-1
222000607,0,0,0
222000608,0,0,0
222000609,1,1,0
222000616,0,0,0
222000617,0,0,0
222000618,0,0,0
222000620,0,0,0
222000621,0,0,0
222000623,0,0,0
222000624,0,0,0
222000625,0,2,-2
222000636,0,0,0
222000686,0,0,0
222000687,0,0,0
222001066,0,0,0
222001067,0,0,0
222001068,0,0,0
222001069,0,0,0
222001082,0,2,-2
222001083,0,4,-4
222001084,0,3,-3
222001085,0,19,-19
222001111,0,18,-18
222001112,0,0,0
222001313,0,0,0
222001314,0,0,0
222001464,0,0,0
222001465,0,0,0
222001484,0,0,0
222001485,0,0,0
222001494,0,0,0
222001495,0,0,0
222001496,0,0,0
222001497,0,0,0
222001502,11,49,-38
222001503,0,0,0
222001504,0,77,-77
222001505,0,0,0
222001506,4,93,-89
222001507,0,0,0
222001510,0,0,0
222001511,2,86,-84
222001514,0,0,0
222001515,32,114,-82
222001518,0,0,0
222001519,15,58,-43
222001527,0,0,0
222001528,9,61,-52
222001529,0,0,0
222001530,14,50,-36
222001533,48,161,-113
222001534,0,0,0
222001535,0,0,0
222001536,0,0,0
222001537,0,0,0
222001538,5,117,-112
222001563,0,0,0
222001564,6,159,-153
222001568,0,22,-22
222001576,0,0,0
222001579,0,0,0
222001583,0,0,0
222001584,0,0,0
222001596,7,185,-178
222001597,0,0,0
222001626,0,8,-8
222001650,0,6,-6
222001651,0,0,0
222001914,0,0,0
222001915,3,39,-36
222001968,0,0,0
222001969,0,0,0
222001970,0,0,0
222001971,0,0,0
222001972,0,4,-4
225000001,16,2,14
225000002,10,2,8
225000003,11,3,8
225000004,5,14,-9
225000005,4,3,1
225000006,0,38,-38
225000007,909,300,609
225000010,64,1,63
225000011,0,0,0
225000012,0,0,0
225000013,0,0,0
225000014,0,0,0
225000015,22,66,-44
225000021,0,0,0
225000027,61,173,-112
225000032,0,0,0
225000042,14,195,-181
225000049,9,28,-19
225000050,19,3,16
225000053,2,84,-82
225000058,0,0,0
225000067,23,88,-65
225000068,26,184,-158
225000069,34,156,-122
225000070,45,128,-83
225000071,6,98,-92
225000075,16,201,-185
225000076,21,42,-21
225000078,0,0,0
225000085,0,0,0
225000086,0,0,0
225000087,0,0,0
225000088,3,56,-53
225000089,230,184,46
225000090,8,58,-50
225000091,11,55,-44
225000092,11,28,-17
225000093,23,135,-112
225000094,4,159,-155
225000095,96,180,-84
225000096,46,130,-84
225000098,20,3,17
225000099,3,0,3
225000100,6,0,6
225000104,22,228,-206
225000110,10,204,-194
225000111,76,464,-388
225000112,100,542,-442
225000113,26,338,-312
225000114,46,136,-90
225000115,1020,186,834
225000116,0,0,0
225000117,0,0,0
225000118,0,0,0
225000119,0,0,0
225000120,0,0,0
225000121,0,0,0
225000123,0,0,0
225000125,24,50,-26
225000126,330,12,318
225000127,520,38,482
225000128,30,6,24
225000132,60,26,34
225000133,64,30,34
225000134,268,50,218
225000135,70,6,64
225000136,78,6,72
225000137,38,12,26
225000138,198,4,194
225000143,38,100,-62
225000144,0,214,-214
225000145,0,0,0
225000146,4,90,-86
225000147,6,296,-290
225000148,0,172,-172
225000149,68,352,-284
225000151,48,204,-156
225000155,92,196,-104
225000156,72,288,-216
225000157,44,220,-176
225000158,36,234,-198
225000171,4,116,-112
225000180,18,0,18
225000181,0,18,-18
225000182,0,0,0
225000185,24,172,-148
225000187,54,160,-106
225000191,0,0,0
225000194,0,42,-42
225000208,2,32,-30
225000209,0,0,0
225000210,2,124,-122
225000217,0,18,-18
225000218,0,0,0
225000223,0,50,-50
225000224,0,0,0
225000225,0,2,-2
225000226,0,0,0
225000227,28,62,-34
225000228,0,0,0
225000229,0,50,-50
225000230,0,0,0
225000231,0,104,-104
225000232,0,0,0
225000241,0,0,0
225000242,2,68,-66
225000249,0,2,-2
225000250,36,560,-524
225000251,110,20,90
226000042,126,318,-192
226000043,24,214,-190
226000044,88,456,-368
226000045,54,376,-322
226000046,116,24,92
226000047,62,46,16
226000048,110,30,80
226000049,106,44,62
226000070,0,32,-32
226000071,0,32,-32
226000072,0,4,-4
226000073,0,4,-4
226000074,0,10,-10
226000084,2,34,-32
226000085,0,2,-2
226000086,4,6,-2
226000087,0,2,-2
226000088,2,20,-18
226000090,14,8,6
226000091,0,2,-2
226000092,0,0,0
226000093,4,0,4
226000094,2,0,2
226000095,0,0,0
226000105,4,0,4
226000106,2,0,2
226000107,2,0,2
226000108,2,0,2
226000109,8,0,8
226000124,104,18,86
226000134,234,130,104
226000135,384,218,166
226000136,78,96,-18
226000137,0,254,-254
226000138,10,132,-122
226000139,0,10,-10
226000156,10,4,6
226000157,50,2,48
226000163,34,102,-68
226000202,2,236,-234
226000231,112,2,110
226000232,6,0,6
227000033,0,0,0
227000036,0,0,0
227000037,0,0,0
227000038,0,0,0
227000049,0,4,-4
227000050,2,54,-52
227000055,0,0,0
227000056,0,0,0
227000084,0,22,-22
227000085,0,20,-20
227000088,0,0,0
227000089,0,0,0
227000090,0,0,0
227000091,0,0,0
227000093,0,0,0
227000094,0,0,0
227000130,10,80,-70
227000131,6,272,-266
227000132,4,224,-220
227000133,2,260,-258
227000134,14,316,-302
227000152,0,2,-2
227000153,2,38,-36
227000155,0,14,-14
227000156,2,18,-16
227000165,0,38,-38
227000196,28,120,-92
227000199,12,222,-210
227000230,26,142,-116
227000232,0,0,0
227000242,62,396,-334
227000243,0,0,0
227000245,22,502,-480
227000246,52,572,-520
227000247,0,0,0
227000248,0,0,0
227000249,48,330,-282
227000250,12,4,8
227000251,162,372,-210
227000252,52,502,-450
227000253,0,0,0
227000262,0,0,0
227000266,0,0,0
227000267,26,668,-642
227000282,22,80,-58
227000284,0,0,0
227000286,26,52,-26
227000287,16,110,-94
227000291,30,208,-178
227000484,0,0,0
227000485,26,300,-274
227000655,0,0,0
227000656,0,0,0
227000657,0,0,0
227000661,0,0,0
227000680,0,0,0
229000265,2,12,-10
229000296,0,10,-10
229000297,2,8,-6
229000298,8,64,-56
229000320,0,0,0
229000321,0,4,-4
229000412,0,24,-24
229000414,0,18,-18
229000415,2,0,2
229000416,0,2,-2
229000417,2,2,0
229000419,16,98,-82
229000440,46,6,40
229000442,0,0,0
229000443,0,0,0
229000444,0,8,-8
229000445,2,0,2
229000446,2,8,-6
229000847,32,4,28
229000848,34,2,32
229000849,324,2,322
229000851,18,0,18
229000854,0,36,-36
229000856,4,118,-114
229000857,0,24,-24
229000858,0,118,-118
229000919,6,100,-94
229000930,8,142,-134
229000937,278,40,238
229000966,144,32,112
229000981,16,62,-46
229000985,0,4,-4
229000986,0,2,-2
229000987,0,0,0
229000988,0,0,0
229000989,0,0,0
229000990,0,0,0
229000991,0,0,0
229000992,4,0,4
229000993,12,0,12
229000998,4,12,-8
229000999,4,2,2
229001034,0,6,-6
229001035,0,0,0
229001037,2,32,-30
229001042,4,0,4
229001047,0,6,-6
229001050,0,20,-20
229001200,0,0,0
229001338,0,22,-22
229001394,324,4,320
229001422,386,18,368
229001423,24,162,-138
229001431,242,46,196
229001432,30,66,-36
229001444,6,8,-2
229001445,4,118,-114
229001503,332,54,278
229001504,28,122,-94
229001505,506,72,434
229001506,62,140,-78
229001509,4,20,-16
229001545,86,8,78
229001546,4,104,-100
229001553,72,6,66
229001554,6,96,-90
229001559,0,0,0
229001560,0,4,-4
229001630,6,0,6
229001631,12,12,0
229001635,0,0,0
229001636,0,0,0
229001658,0,62,-62
229001659,154,6,148
229001660,0,0,0
229001661,0,12,-12
229001662,20,0,20
229001663,0,22,-22
229002584,18,24,-6
229002831,24,42,-18
229002841,0,16,-16
229002842,0,8,-8
229002843,4,2,2
229002844,10,14,-4
229002845,0,52,-52
229002846,14,4,10
229002847,0,6,-6
229002848,0,0,0
229002849,0,22,-22
229002850,0,0,0
229002851,2,24,-22
229002852,4,8,-4
229002853,8,2,6
229002854,6,16,-10
229002855,0,22,-22
229002856,2,6,-4
229002857,0,8,-8
229002858,4,0,4
229002859,2,12,-10
229002860,2,0,2
229002861,0,2,-2
229002862,0,12,-12
229002863,0,2,-2
229002864,0,2,-2
229002865,0,2,-2
229002866,0,6,-6
229002867,0,0,0
229002868,0,2,-2
229002869,4,22,-18
229002870,2,2,0
235000066,0,0,0
235000067,0,0,0
235000072,14,54,-40
235000073,34,220,-186
235000074,12,56,-44
235000080,0,36,-36
235000081,38,90,-52
235000082,0,0,0
235000083,0,0,0
235000084,0,0,0
235000085,0,0,0
235000089,0,0,0
235000092,6,152,-146
235000093,0,2,-2
235000097,0,0,0
235000098,0,0,0
235000099,0,0,0
235000116,0,0,0
235000117,0,0,0
235000133,0,136,-136
235000134,4,62,-58
235000206,0,0,0
235000207,0,0,0
235000208,0,0,0
235000209,0,0,0
235000210,0,0,0
235000212,2,14,-12
235000213,0,0,0
235000220,0,2,-2
235000221,22,8,14
235000238,0,0,0
235000239,0,0,0
235000242,34,4,30
235000245,662,140,522
235000246,2,72,-70
235000284,0,44,-44
235000295,0,0,0
235000305,0,0,0
235000306,0,0,0
235000307,0,0,0
235000308,0,0,0
235000309,0,0,0
235000310,0,0,0
235000311,0,0,0
235000322,0,24,-24
235000323,0,4,-4
235000324,0,6,-6
235000325,0,2,-2
235000326,4,112,-108
235000351,0,28,-28
235000352,4,24,-20
235000353,0,12,-12
235000354,6,10,-4
235000355,0,14,-14
235000356,0,0,0
235000357,0,0,0
235000358,0,0,0
235000359,0,0,0
235000360,0,0,0
235000361,0,0,0
235000381,48,268,-220
235000382,0,0,0
235000390,0,0,0
235000391,0,0,0
235000392,0,0,0
235000393,0,0,0
235000395,0,0,0
235000396,0,0,0
235000400,0,0,0
235000401,6,152,-146
235000405,58,266,-208
235000406,8,170,-162
235000407,32,108,-76
235000409,160,104,56
235000410,22,138,-116
235000411,0,66,-66
235000485,0,16,-16
235000486,0,0,0
235000549,0,0,0
235000550,56,96,-40
235000599,68,50,18
235000600,4,12,-8
235000601,0,0,0
235000602,0,0,0
235000614,0,0,0
235000648,0,60,-60
235000649,0,0,0
235000685,0,2,-2
235000815,2,20,-18
235000834,0,2,-2
235000855,0,0,0
235000862,28,140,-112
235000891,0,0,0
235000892,0,0,0
235000901,86,80,6
235000907,16,18,-2
235001010,0,0,0
235001029,326,234,92
235001030,0,0,0
235001078,0,0,0
235001079,34,72,-38
235001147,0,0,0
235001166,0,0,0
235001167,14,32,-18
235001169,2,106,-104
235001188,0,6,-6
235001189,0,0,0
235001197,2,30,-28
235001200,22,52,-30
235001207,0,0,0
235001210,32,226,-194
235001215,8,214,-206
235001239,2,34,-32
235001244,0,0,0
235016267,2,6,-4
277102712,0,0,0
277103813,2,0,2
277103814,0,0,0
277104249,0,0,0
277104250,0,0,0
277104251,0,2,-2
277104252,0,0,0
990011530,0,176,-176
990014944,0,276,-276
990015176,0,0,0
990015618,0,22,-22
990016032,0,94,-94
990032570,0,16,-16
990070001,2,18,-16
990070103,0,2,-2
990070601,0,12,-12
990070751,0,0,0
990070766,0,120,-120
990071180,0,42,-42
990071343,0,2,-2
990071387,0,8,-8
990071823,0,0,0
990072600,2,360,-358
990072964,2,202,-200
990073285,0,0,0
990074393,2,206,-204
990074870,0,6,-6
990075106,0,0,0
990075746,0,2,-2
990076437,0,2,-2
990076458,4,636,-632
997000007,0,0,0
997000041,0,64,-64
997000058,0,0,0
997000062,0,0,0
997000069,0,6,-6
997000070,0,38,-38
997000100,0,0,0
997000141,0,0,0
997000198,0,0,0
998000475,0,12,-12
998000736,0,72,-72
998000965,0,0,0
998001031,0,24,-24
998001700,0,16,-16
998001899,0,2,-2
998001900,46,6,40
998003073,0,2,-2
998101900,0,0,0
998102850,0,0,0
998501927,0,236,-236
998501929,18,0,18
998501930,12,0,12
998501931,4,4,0
998501932,10,0,10
998501933,0,0,0
998501937,2,4,-2
998501944,0,0,0
998501950,0,2,-2
998501970,2,0,2
998501971,0,88,-88
998501973,0,34,-34
998501974,0,140,-140
998501975,0,0,0
998501976,2,0,2
998501977,0,14,-14
998501978,0,0,0
998501979,0,14,-14
998501980,0,2,-2
998501981,0,0,0
998501982,0,120,-120
998501983,0,0,0
998502006,0,0,0
998502024,0,14,-14
998502032,0,0,0
998502062,4,0,4
998502063,0,0,0
998502173,0,0,0
998502269,0,0,0
998502546,0,14,-14
998502578,0,0,0
998502599,0,12,-12
998502621,0,0,0
998601159,0,42,-42
998601292,0,2,-2
999033574,2,348,-346
999800001,0,0,0
999800002,0,2,-2
999800003,0,2,-2
999800004,0,12,-12
999800005,0,6,-6
