ID,insum,outsum,diff
100000001,87,91,-4
100000002,1380,2264,-884
100000003,1028,2007,-979
100000004,89,607,-518
100000005,935,1345,-410
100000006,3,32,-29
100000007,83,86,-3
100000008,0,0,0
100000009,0,26,-26
100000010,0,24,-24
100000011,43,15,28
100000012,0,0,0
100000013,0,0,0
100000014,0,0,0
100000015,124,223,-99
100000016,1,0,1
100000017,0,0,0
100000018,139,84,55
100000019,169,275,-106
100000020,63,283,-220
100000021,3,0,3
100000022,92,135,-43
100000023,17,0,17
100000025,1,5,-4
100000028,11,27,-16
100000029,0,0,0
100000030,0,0,0
100000031,160,534,-374
100000032,175,188,-13
100000033,149,92,57
100000034,0,0,0
100000035,32,89,-57
100000036,45,77,-32
100000037,36,40,-4
100000038,262,60,202
100000039,111,9,102
100000040,1,18,-17
100000041,84,71,13
100000042,83,48,35
100000043,28,32,-4
100000044,0,0,0
100000045,0,0,0
100000046,0,0,0
100000047,0,0,0
100000048,0,0,0
100000049,0,0,0
100000051,0,0,0
100000053,1,0,1
100000054,13,7,6
100000055,0,0,0
100000056,7,42,-35
100000057,171,94,77
100000058,0,0,0
100000059,7,0,7
100000060,77,25,52
100000061,100,38,62
100000062,101,55,46
100000063,127,52,75
100000064,144,9,135
100000065,17,5,12
100000066,0,6,-6
100000067,12,17,-5
100000068,21,25,-4
100000069,9,15,-6
100000072,0,0,0
100000073,0,0,0
100000075,0,0,0
100000076,181,928,-747
100000077,34,39,-5
100000078,19,218,-199
100000079,4,106,-102
100000080,0,48,-48
100000081,2,40,-38
100000102,268,1195,-927
100000103,97,119,-22
100000104,81,122,-41
100000105,0,0,0
100000106,92,1368,-1276
100000107,16,388,-372
100000108,1,6,-5
100000109,75,17,58
100000116,36,48,-12
100000117,1,80,-79
100000118,349,44,305
100000119,198,41,157
100000121,23,17,6
100000122,139,138,1
100000123,280,75,205
100000124,147,166,-19
100000125,33,41,-8
100000126,2,8,-6
100000127,2,5,-3
100000128,1,20,-19
100000129,7,5,2
100000130,0,0,0
100000131,1,1,0
100000132,9,164,-155
100000133,265,117,148
100000135,96,100,-4
100000139,58,76,-18
100000140,0,0,0
100000142,103,41,62
100000143,0,0,0
100000144,0,0,0
100000147,220,1029,-809
100000150,8,17,-9
100000151,85,454,-369
100000153,0,0,0
100000154,0,0,0
100000155,0,60,-60
100000156,14,110,-96
100000157,250,68,182
100000158,40,76,-36
100000159,6,44,-38
100000165,40,5,35
100000169,0,0,0
100000174,0,0,0
100000179,6,19,-13
100000180,0,0,0
100000181,4,0,4
100000188,0,0,0
100000189,126,49,77
100000190,60,231,-171
100000191,2,174,-172
100000192,7,288,-281
100000193,51,33,18
100000330,0,0,0
100000355,6,4,2
100000362,187,87,100
100000363,1641,2450,-809
100000364,0,0,0
100000365,2992,1214,1778
100000366,348,334,14
100000367,2163,1609,554
100000368,56,62,-6
100000369,115,762,-647
100000370,0,39,-39
100000376,1,3,-2
100000379,96,527,-431
100000380,676,1479,-803
100000384,1246,2446,-1200
100000385,110,578,-468
100000386,510,1113,-603
100000387,287,1182,-895
100000388,1413,946,467
100000389,1138,1982,-844
100000390,682,286,396
100000391,578,1947,-1369
100000392,99,189,-90
100000393,76,814,-738
100000394,120,361,-241
100000395,83,195,-112
100000396,316,305,11
100000397,435,632,-197
100000398,2271,897,1374
100000413,0,0,0
100900002,0,0,0
100900003,0,0,0
100900004,0,0,0
100900005,0,0,0
100900006,0,0,0
100900007,0,0,0
100900008,0,0,0
100900009,0,0,0
100900010,0,0,0
100900011,0,0,0
100900012,0,0,0
100900013,0,0,0
100900014,0,0,0
100900015,0,0,0
100900016,0,0,0
100900017,0,0,0
100900018,0,0,0
100900019,0,0,0
100900020,0,0,0
100900021,0,0,0
100900022,0,0,0
100900023,0,0,0
100900024,0,0,0
100900025,0,0,0
100900026,0,0,0
100900027,0,0,0
100900028,0,0,0
100900029,0,0,0
100900030,0,0,0
100900031,0,0,0
100900032,0,0,0
100900033,0,0,0
100900034,0,0,0
100900035,0,0,0
100900036,0,0,0
100900037,0,0,0
100900038,0,0,0
100900039,0,0,0
100900040,0,0,0
100900041,0,0,0
100900042,0,12,-12
100900043,0,0,0
100900044,0,0,0
100900045,0,0,0
100900046,0,0,0
100900047,0,0,0
100900048,0,0,0
100900049,0,0,0
100900050,0,0,0
100900051,0,0,0
100900052,0,0,0
100900053,0,0,0
100900054,0,0,0
100900055,0,0,0
100900056,0,0,0
100900057,0,0,0
100900058,0,0,0
100900059,0,0,0
100900060,0,0,0
100900061,0,0,0
100900062,0,0,0
100900063,0,0,0
100900064,0,0,0
100900065,0,0,0
100900066,0,0,0
100900067,0,0,0
100900068,0,0,0
100900069,0,0,0
100900070,0,0,0
100900071,0,0,0
100900072,0,0,0
100900073,0,0,0
100900074,0,0,0
100900075,0,0,0
100900076,0,0,0
100900077,0,0,0
100900078,0,0,0
100900079,0,0,0
100900080,0,0,0
100900081,0,0,0
100900082,0,0,0
100900083,0,0,0
100900085,0,0,0
100900086,0,0,0
100900088,0,0,0
100900089,0,0,0
100900090,0,0,0
100900091,0,0,0
100900092,0,0,0
100900093,0,0,0
100900094,0,0,0
100900095,0,0,0
100900096,0,0,0
100900097,0,0,0
100900098,0,0,0
100900099,0,0,0
100900100,0,0,0
100900101,0,0,0
100900102,0,0,0
100900103,0,0,0
100900104,0,0,0
100900105,0,0,0
100900106,0,0,0
100900107,0,0,0
100900108,0,0,0
100900109,0,0,0
100900110,0,0,0
100900111,0,0,0
100900112,0,0,0
100900113,0,0,0
100900114,0,0,0
100900115,0,0,0
100900116,0,0,0
100900117,0,0,0
100900118,0,0,0
100900119,0,0,0
100900120,0,0,0
100900121,0,0,0
100900122,0,0,0
100900123,0,0,0
100900124,0,0,0
100900125,0,0,0
100900126,0,0,0
100900127,0,0,0
100900128,0,0,0
100900129,0,0,0
100900131,0,0,0
100900133,0,0,0
100900134,0,0,0
100900135,0,0,0
100900137,0,0,0
100900138,0,0,0
100900139,0,0,0
100900140,0,0,0
100900141,0,0,0
100900142,0,0,0
100900143,0,0,0
100900144,0,0,0
100900145,0,0,0
100900146,0,0,0
100900147,0,0,0
100900148,0,0,0
100900149,0,0,0
100900150,0,0,0
100900151,0,0,0
100900152,0,0,0
100900153,0,0,0
100900154,0,0,0
100900155,0,0,0
100900156,0,0,0
100900157,0,0,0
100900159,0,0,0
100900160,0,0,0
100900161,0,0,0
100900162,0,0,0
100900163,0,0,0
100900164,0,0,0
100900165,0,0,0
100900166,0,0,0
100900167,0,0,0
100900168,0,0,0
100900169,0,0,0
100900170,0,0,0
100900171,0,0,0
100900172,0,0,0
100900173,0,0,0
100900174,0,0,0
100900176,0,0,0
100900177,0,0,0
100900178,0,0,0
100900179,0,0,0
100900180,0,0,0
100900181,0,0,0
100900182,0,0,0
100900184,0,0,0
100900186,0,0,0
100900187,0,0,0
100900188,0,0,0
100900189,0,0,0
100900191,0,0,0
100900192,0,0,0
100900195,0,0,0
100900197,0,0,0
100900198,0,0,0
100900199,0,0,0
100900200,0,0,0
100900201,0,0,0
100900202,0,0,0
100900203,0,0,0
100900204,0,0,0
100900205,0,0,0
100900206,0,0,0
100900207,0,0,0
100900210,0,0,0
100900211,0,0,0
100900213,0,0,0
100900214,0,0,0
100900215,0,0,0
100900217,0,0,0
101000001,142,315,-173
101000002,78,119,-41
101000003,1,85,-84
101000004,1131,1335,-204
101000005,775,1249,-474
101000006,340,51,289
101000007,30,250,-220
101000008,189,677,-488
101000009,182,74,108
101000010,53,38,15
101000011,18,58,-40
101000012,0,0,0
101000013,17,148,-131
101000014,40,143,-103
101000015,17,23,-6
101000016,0,0,0
101000017,0,0,0
101000018,112,18,94
101000020,126,53,73
101000021,39,125,-86
101000022,0,0,0
101000023,70,214,-144
101000025,0,0,0
101000026,0,0,0
101000027,93,191,-98
101000028,0,0,0
101000029,0,0,0
101000030,0,0,0
101000031,0,32,-32
101000032,668,959,-291
101000033,8,18,-10
101000034,54,104,-50
101000035,0,0,0
101000036,21,39,-18
101000037,71,352,-281
101000039,0,0,0
101000040,47,123,-76
101000041,1016,1870,-854
101000042,18,213,-195
101000043,56,170,-114
101000045,59,208,-149
101000046,343,407,-64
101000047,418,293,125
101000048,45,109,-64
101000049,0,10,-10
101000050,67,203,-136
101000051,89,647,-558
101000052,87,581,-494
101000053,204,166,38
101000054,185,34,151
101000055,410,616,-206
101000056,0,0,0
101000057,46,8,38
101000058,38,358,-320
101000059,278,1368,-1090
101000060,34,4,30
101000061,67,1153,-1086
101000062,13,0,13
101000063,70,614,-544
101000064,60,0,60
101000065,96,285,-189
101000066,91,231,-140
101000067,34,3,31
101000068,30,8,22
101000069,107,1,106
101000070,203,8,195
101000071,82,51,31
101000072,691,501,190
101000073,165,112,53
101000074,1577,432,1145
101000075,1477,349,1128
101000077,348,39,309
101000078,158,73,85
101000079,367,215,152
101000080,27,6,21
101000081,209,83,126
101000082,42,16,26
101000083,396,130,266
101000084,35,13,22
101000085,442,302,140
101000086,0,0,0
101000087,0,0,0
101000088,374,200,174
101000089,127,149,-22
101000090,0,0,0
101000091,30,5,25
101000092,244,59,185
101000093,168,57,111
101000094,18,41,-23
101000095,1,19,-18
101000096,106,29,77
101000097,2,9,-7
101000098,0,17,-17
101000099,69,143,-74
101000100,3,6,-3
101000101,123,56,67
101000102,76,99,-23
101000103,58,61,-3
101000104,42,185,-143
101000105,5,26,-21
101000106,0,0,0
101000107,0,0,0
101000108,0,0,0
101000109,0,0,0
101000110,0,0,0
101000111,0,0,0
101000113,0,0,0
101000114,225,121,104
101000115,0,0,0
101000116,0,0,0
101000117,0,0,0
101000119,0,0,0
101000120,0,0,0
101000121,0,0,0
101000122,0,0,0
101000123,0,0,0
101000124,0,0,0
101000125,3,1,2
101000128,0,0,0
101000130,32,12,20
101000131,95,25,70
101000132,10,9,1
101000135,0,0,0
101000136,0,0,0
101000137,0,8,-8
101000141,227,1772,-1545
101000147,6,6,0
101000148,0,0,0
101000149,0,0,0
101000150,0,0,0
101000151,0,0,0
101000152,8,3,5
101000153,31,15,16
101000154,43,7,36
101000155,0,0,0
101000156,0,0,0
101000157,0,0,0
101000160,0,0,0
101000163,43,146,-103
101000164,1,0,1
101000165,115,78,37
101000166,20,23,-3
101000168,0,0,0
101000252,332,88,244
101000254,0,0,0
101000258,0,0,0
101000261,0,0,0
101000262,285,2074,-1789
101000263,40,296,-256
101000265,0,0,0
101000266,0,0,0
101000269,0,0,0
101000290,78,139,-61
101000293,0,0,0
101000294,16,18,-2
101000295,1,26,-25
101000301,1,12,-11
101000304,189,518,-329
101000305,262,288,-26
101000328,20,170,-150
101900001,0,0,0
101900002,0,0,0
101900003,0,0,0
101900004,0,0,0
101900005,0,0,0
101900006,0,0,0
101900007,0,0,0
101900008,0,0,0
101900009,0,0,0
101900010,0,0,0
101900011,0,0,0
101900012,0,0,0
101900013,0,0,0
101900017,0,0,0
101900018,0,0,0
101900019,0,0,0
101900020,0,0,0
101900021,0,0,0
101900022,0,0,0
101900023,0,0,0
101900026,0,0,0
101900027,0,0,0
102000001,284,412,-128
102000002,64,65,-1
102000003,71,285,-214
102000004,104,303,-199
102000005,39,343,-304
102000006,27,243,-216
102000007,41,437,-396
102000008,359,263,96
102000009,443,585,-142
102000010,246,311,-65
102000011,167,575,-408
102000012,378,486,-108
102000018,90,132,-42
102000019,0,0,0
102000026,0,0,0
102000029,0,0,0
102000030,0,0,0
102000031,0,0,0
102000032,0,0,0
102000033,0,0,0
102000034,0,0,0
102000035,0,0,0
102000036,0,0,0
102000037,0,0,0
102000038,0,0,0
102000039,0,0,0
102000040,0,0,0
102000041,0,0,0
102000042,0,0,0
102000043,0,0,0
102000044,0,0,0
102000045,96,87,9
102000046,0,0,0
102000047,32,83,-51
102000048,0,0,0
102000049,0,0,0
102000050,102,77,25
102000051,0,0,0
102000052,164,76,88
102000053,0,0,0
102000054,109,34,75
102000055,54,1,53
102000056,303,39,264
102000057,15,94,-79
102000058,28,3,25
102000059,22,18,4
102000060,460,305,155
102000061,1,44,-43
102000062,172,170,2
102000063,6,5,1
102000064,8,64,-56
102000065,0,0,0
102000066,57,30,27
102000067,24,187,-163
102000068,343,287,56
102000069,0,0,0
102000070,0,0,0
102000071,656,495,161
102000072,449,500,-51
102000073,0,0,0
102000074,0,0,0
102000075,0,0,0
102000076,0,0,0
102000077,0,0,0
102000078,0,0,0
102000079,0,1,-1
102000080,0,0,0
102000081,1,1,0
102000082,0,0,0
102000083,0,0,0
102000084,126,29,97
102000085,1,1,0
102000086,116,65,51
102000087,2,9,-7
102000088,7,28,-21
102000089,149,59,90
102000090,33,157,-124
102000091,230,197,33
102000092,66,143,-77
102000093,147,133,14
102000094,95,39,56
102000095,0,0,0
102000096,639,155,484
102000097,0,0,0
102000098,127,116,11
102000099,31,5,26
102000100,47,36,11
102000101,24,41,-17
102000102,21,49,-28
102000103,19,34,-15
102000104,0,0,0
102000105,0,0,0
102000106,0,0,0
102000107,0,0,0
102000108,0,0,0
102000109,0,0,0
102000110,0,0,0
102000111,0,0,0
102000112,0,0,0
102000113,0,0,0
102000114,0,0,0
102000115,0,0,0
102000116,10,81,-71
102000117,0,0,0
102000118,38,335,-297
102000119,0,0,0
102000120,0,0,0
102000121,0,0,0
102000122,0,0,0
102000123,0,0,0
102000124,0,0,0
102000125,0,0,0
102000126,0,0,0
102000127,0,0,0
102000128,0,0,0
102000129,0,0,0
102000130,0,0,0
102000131,0,0,0
102000132,0,0,0
102000133,225,51,174
102000134,63,90,-27
102000135,0,0,0
102000136,0,0,0
102000137,0,0,0
102000138,0,0,0
102000139,0,0,0
102000140,0,0,0
102000141,0,0,0
102000142,0,0,0
102000143,0,0,0
102000144,0,0,0
102000145,0,0,0
102000146,0,0,0
102000147,0,0,0
102000148,0,0,0
102000149,0,0,0
102000150,0,0,0
102000151,0,0,0
102000152,0,0,0
102000153,0,0,0
102000154,0,0,0
102000155,0,0,0
102000156,0,0,0
102000157,0,3,-3
102000158,0,0,0
102000159,0,0,0
102000161,0,0,0
102000162,0,0,0
102000163,0,1,-1
102000164,1,2,-1
102000165,0,0,0
102000166,0,2,-2
102000167,0,0,0
102000168,2,4,-2
102000169,1,11,-10
102000170,0,0,0
102000171,0,0,0
102000172,1,1,0
102000173,1,7,-6
102000174,0,0,0
102000175,8,6,2
102000176,1,0,1
102000178,5,0,5
102000179,12,25,-13
102000180,41,1,40
102000181,90,11,79
102000182,44,4,40
102000183,173,110,63
102000184,35,4,31
102000185,256,74,182
102000186,35,15,20
102000187,42,29,13
102000188,216,100,116
102000189,77,19,58
102000190,223,258,-35
102000191,83,36,47
102000192,0,0,0
102000193,0,0,0
102000194,0,0,0
102000195,0,0,0
102000196,0,0,0
102000197,0,0,0
102000198,0,0,0
102000199,0,0,0
102000200,0,0,0
102000201,0,0,0
102000202,0,0,0
102000203,0,0,0
102000204,0,0,0
102000205,0,0,0
102000206,0,0,0
102000207,0,0,0
102000208,0,0,0
102000209,0,0,0
102000210,0,0,0
102000211,0,0,0
102000212,0,0,0
102000213,0,0,0
102000214,0,0,0
102000215,0,0,0
102000216,0,0,0
102000217,0,0,0
102000218,0,0,0
102000219,0,0,0
102000225,183,138,45
102000226,0,0,0
102000227,0,0,0
102000228,0,0,0
102000229,0,0,0
102000230,19,60,-41
102000231,0,0,0
102000232,0,0,0
102000233,56,65,-9
102000234,16,263,-247
102000236,0,0,0
102000237,0,0,0
102000238,0,0,0
102000240,0,0,0
102000241,0,0,0
102000243,0,0,0
102000245,0,0,0
102000246,0,0,0
102000247,5,68,-63
102000248,21,133,-112
102000249,0,0,0
102000250,0,2,-2
102000254,30,35,-5
102000266,0,0,0
102000271,0,0,0
102000286,0,9,-9
102000297,0,0,0
102000301,0,0,0
102000303,0,0,0
102000307,0,0,0
102900001,0,0,0
102900002,0,0,0
102900003,0,0,0
102900005,0,0,0
102900006,0,0,0
102900007,0,0,0
102900008,0,0,0
102900009,0,0,0
102900010,0,0,0
102900011,0,0,0
102900012,0,0,0
102900013,0,0,0
102900015,0,0,0
102900016,0,0,0
102900017,0,0,0
102900018,0,0,0
102900019,0,0,0
102900020,0,0,0
102900021,0,0,0
102900022,0,0,0
102900023,0,0,0
102900024,0,0,0
102900025,0,0,0
102900026,0,0,0
102900027,0,0,0
102900028,0,0,0
102900029,0,0,0
102900030,0,0,0
102900031,0,0,0
102900032,0,0,0
102900033,0,0,0
102900034,0,0,0
102900035,0,0,0
102900036,0,0,0
102900037,0,0,0
102900038,0,0,0
102900039,0,0,0
102900040,0,0,0
102900041,0,0,0
102900042,0,0,0
102900043,0,0,0
102900044,0,0,0
102900045,0,0,0
102900046,0,0,0
102900047,0,0,0
102900048,0,0,0
102900049,0,0,0
102900050,0,0,0
102900051,0,0,0
102900052,0,0,0
102900053,0,0,0
102900054,0,0,0
102900055,0,0,0
102900056,0,0,0
102900057,0,0,0
102900058,0,0,0
102900059,0,0,0
102900060,0,0,0
102900061,0,0,0
102900062,0,0,0
102900063,0,0,0
102900064,0,0,0
102900065,0,0,0
102900066,0,0,0
102900068,0,0,0
102900070,0,0,0
102900072,0,0,0
102900073,0,0,0
102900075,0,0,0
102900076,0,0,0
102900077,0,0,0
102900078,0,0,0
102900079,0,0,0
102900080,0,0,0
102900081,0,0,0
102900082,0,0,0
102900083,0,0,0
102900084,0,0,0
102900085,0,0,0
102900086,0,0,0
102900087,0,0,0
102900088,0,0,0
102900089,0,0,0
102900090,0,0,0
102900091,0,0,0
102900092,0,0,0
102900093,0,0,0
102900094,0,0,0
102900095,0,0,0
102900096,0,0,0
102900097,0,0,0
102900098,0,0,0
103000001,127,83,44
103000002,62,65,-3
103000003,64,110,-46
103000004,4,31,-27
103000005,541,323,218
103000006,190,115,75
103000007,2,4,-2
103000008,0,0,0
103000009,168,108,60
103000010,0,0,0
103000011,22,27,-5
103000012,417,427,-10
103000013,112,11,101
103000014,469,630,-161
103000015,0,0,0
103000016,43,81,-38
103000017,127,83,44
103000018,0,0,0
103000019,140,114,26
103000020,25,68,-43
103000021,893,676,217
103000022,34,47,-13
103000023,356,649,-293
103000024,0,0,0
103000025,15,89,-74
103000026,0,0,0
103000027,57,52,5
103000028,8,31,-23
103000029,52,50,2
103000030,73,49,24
103000031,105,270,-165
103000032,202,158,44
103000033,1728,807,921
103000034,16,34,-18
103000035,41,164,-123
103000036,13,193,-180
103000037,8,11,-3
103000038,147,243,-96
103000039,6,34,-28
103000040,21,52,-31
103000041,153,200,-47
103000042,95,17,78
103000043,74,94,-20
103000044,0,0,0
103000046,0,0,0
103000047,0,0,0
103000048,0,0,0
103000049,0,0,0
103000050,0,0,0
103000051,0,0,0
103000052,0,0,0
103000053,0,0,0
103000054,211,33,178
103000055,484,72,412
103000056,42,22,20
103000057,355,129,226
103000058,171,16,155
103000059,26,58,-32
103000060,84,19,65
103000061,98,112,-14
103000062,0,0,0
103000063,121,70,51
103000064,0,0,0
103000065,0,0,0
103000066,0,0,0
103000069,0,0,0
103000070,0,0,0
103000071,44,38,6
103000072,0,0,0
103000073,91,3,88
103000074,95,6,89
103000075,0,0,0
103000076,15,34,-19
103000077,0,0,0
103000078,85,70,15
103000079,0,70,-70
103000080,211,55,156
103000081,8,162,-154
103000082,155,36,119
103000083,0,0,0
103000084,3,1,2
103000085,0,0,0
103000086,154,97,57
103000087,61,210,-149
103000088,0,0,0
103000089,55,89,-34
103000090,391,362,29
103000091,76,178,-102
103000092,228,20,208
103000093,0,0,0
103000094,96,10,86
103000095,0,0,0
103000096,185,10,175
103000097,0,0,0
103000098,180,23,157
103000099,0,0,0
103000100,0,0,0
103000101,169,9,160
103000102,0,0,0
103000103,94,7,87
103000104,1,0,1
103000105,26,1,25
103000106,0,0,0
103000107,61,4,57
103000108,73,25,48
103000109,29,12,17
103000110,82,52,30
103000111,0,0,0
103000112,28,24,4
103000113,0,0,0
103000114,241,106,135
103000115,96,16,80
103000116,60,6,54
103000117,112,8,104
103000118,0,0,0
103000119,0,0,0
103000120,0,0,0
103000121,12,25,-13
103000122,255,820,-565
103000125,0,15,-15
103000126,75,1,74
103000127,0,10,-10
103000128,17,0,17
103000129,0,9,-9
103000130,53,0,53
103000131,10,22,-12
103000132,2,2,0
103000133,0,22,-22
103000134,189,77,112
103000135,98,30,68
103000136,280,115,165
103000137,34,159,-125
103000138,69,150,-81
103000139,0,0,0
103000140,19,29,-10
103000141,0,0,0
103000142,5,16,-11
103000143,0,0,0
103000144,17,12,5
103000145,0,1,-1
103000150,0,0,0
103000152,0,0,0
103000153,75,47,28
103000156,0,14,-14
103000157,47,0,47
103000159,0,0,0
103000162,4,0,4
103000163,1,32,-31
103000164,0,0,0
103000165,0,0,0
103000166,50,76,-26
103000167,11,7,4
103000168,0,0,0
103000169,58,20,38
103000170,461,265,196
103000171,16,1,15
103000172,131,16,115
103000173,0,0,0
103000174,163,2,161
103000175,0,0,0
103000176,9,26,-17
103000177,0,0,0
103000178,0,0,0
103000179,0,0,0
103000183,65,0,65
103000185,24,0,24
103000186,7,8,-1
103000187,0,0,0
103000188,0,0,0
103000189,0,0,0
103000191,0,0,0
103000292,3,58,-55
103000293,30,164,-134
103000295,58,10,48
103000296,0,0,0
103000297,4,0,4
103000504,0,0,0
103000505,0,1,-1
103000506,0,0,0
103000507,0,0,0
103000508,0,0,0
103000509,0,0,0
103900001,0,0,0
103900002,0,0,0
103900003,0,0,0
103900004,0,0,0
103900005,0,0,0
103900006,0,0,0
103900007,0,0,0
103900008,0,0,0
103900009,0,0,0
103900010,0,0,0
103900011,0,0,0
103900012,0,0,0
103900013,0,0,0
103900014,0,0,0
103900015,0,0,0
103900016,0,0,0
103900017,0,0,0
103900018,0,0,0
103900019,0,0,0
103900020,0,0,0
103900021,0,0,0
103900022,0,0,0
103900023,0,0,0
103900024,0,0,0
103900025,0,0,0
103900026,0,0,0
103900027,0,0,0
103900028,0,0,0
103900029,0,0,0
103900030,0,0,0
103900031,0,0,0
103900032,0,0,0
103900033,0,0,0
103900034,0,0,0
103900035,0,0,0
103900036,0,0,0
103900037,0,0,0
103900038,0,0,0
103900039,0,0,0
103900040,0,0,0
103900041,0,0,0
103900042,0,0,0
103900043,0,0,0
103900044,0,0,0
103900045,0,0,0
103900047,0,0,0
103900048,0,0,0
103900049,0,0,0
103900050,0,0,0
103900051,0,0,0
103900052,0,0,0
103900053,0,0,0
103900054,0,0,0
103900055,0,0,0
103900056,0,0,0
103900057,0,0,0
103900058,0,0,0
103900059,0,0,0
103900060,0,0,0
103900061,0,0,0
103900062,0,0,0
103900063,0,0,0
103900064,0,0,0
103900065,0,0,0
103900066,0,0,0
103900067,0,0,0
103900068,0,0,0
103900069,0,0,0
103900070,0,0,0
103900071,0,0,0
103900072,0,0,0
103900073,0,0,0
103900074,0,0,0
103900075,0,0,0
103900076,0,0,0
103900077,0,0,0
103900078,0,0,0
103900079,0,0,0
103900080,0,0,0
103900081,0,0,0
103900082,0,0,0
103900083,0,0,0
103900084,0,0,0
103900085,0,0,0
103900086,0,0,0
103900088,0,0,0
103900089,0,0,0
103900090,0,0,0
103900091,0,0,0
103900092,0,0,0
103900093,0,0,0
103900094,0,0,0
103900095,0,0,0
103900096,0,0,0
103900097,0,0,0
103900098,0,0,0
103900099,0,0,0
103900100,0,0,0
103900101,0,0,0
103900102,0,0,0
103900104,0,0,0
103900105,0,0,0
103900106,0,0,0
103900107,0,0,0
103900108,0,0,0
103900109,0,0,0
103900110,0,0,0
103900111,0,0,0
103900112,0,0,0
103900113,0,0,0
103900114,0,0,0
103900115,0,0,0
103900116,0,0,0
103900117,0,0,0
103900119,0,0,0
103900120,0,0,0
103900122,0,0,0
103900123,0,0,0
103900124,0,0,0
103900125,0,0,0
103900126,0,0,0
103900127,0,0,0
103900128,0,0,0
103900131,0,0,0
103900133,0,0,0
103900134,0,0,0
103900135,0,0,0
103900137,0,0,0
103900138,0,0,0
103900139,0,0,0
103900140,0,0,0
103900141,0,0,0
103900142,0,0,0
103900143,0,0,0
103900144,0,0,0
103900145,0,0,0
103900146,0,0,0
103900147,0,0,0
103900148,0,0,0
103900149,0,0,0
103900150,0,0,0
103900151,0,0,0
103900152,0,0,0
103900153,0,0,0
103900154,0,0,0
103900155,0,0,0
103900156,0,0,0
103900157,0,0,0
103900158,0,0,0
103900159,0,0,0
103900160,0,0,0
103900161,0,0,0
103900162,0,0,0
103900163,0,0,0
103900167,0,0,0
103900168,0,0,0
103900169,0,0,0
103900170,0,0,0
103900171,0,0,0
103900172,0,0,0
103900173,0,0,0
103900174,0,0,0
103900175,0,0,0
103900176,0,0,0
103900177,0,0,0
103900178,0,0,0
103900179,0,0,0
103900180,0,0,0
103900181,0,0,0
103900182,0,0,0
103900184,0,0,0
103900185,0,0,0
103900187,0,0,0
103900188,0,0,0
103900189,0,0,0
103900190,0,0,0
103900191,0,0,0
103900192,0,0,0
103900193,0,0,0
103900194,0,0,0
103900195,0,0,0
103900196,0,0,0
103900197,0,0,0
103900198,0,0,0
103900199,0,0,0
103900200,0,0,0
103900201,0,0,0
103900202,0,0,0
103900203,0,0,0
103900204,0,0,0
103900207,0,0,0
103900208,0,0,0
103900209,0,0,0
103900210,0,0,0
103900211,0,0,0
103900212,0,0,0
103900213,4,98,-94
103900214,43,128,-85
103900215,32,56,-24
103900216,0,0,0
103900217,0,0,0
103900218,0,0,0
103900219,0,0,0
103900233,0,0,0
103900235,0,0,0
103900236,0,0,0
103900242,0,0,0
103900243,0,0,0
103900244,0,0,0
103900245,0,0,0
103900246,0,0,0
103900247,0,0,0
103900248,0,0,0
103900249,0,0,0
103900250,0,0,0
103900251,0,0,0
103900253,0,0,0
103900254,0,0,0
103900255,0,0,0
103900256,0,0,0
103900257,0,0,0
103900258,0,0,0
103900259,0,0,0
103900261,0,0,0
103900262,0,0,0
103900263,0,0,0
103900264,0,0,0
103900265,0,0,0
103900266,0,0,0
103900267,0,0,0
103900268,0,0,0
103900269,0,0,0
103900270,0,0,0
103900271,0,0,0
103900272,0,0,0
103900273,0,0,0
103900274,0,0,0
103900275,0,0,0
103900276,0,0,0
103900277,0,0,0
103900278,0,0,0
103900279,0,0,0
103900280,0,0,0
104000001,532,282,250
104000002,49,85,-36
104000003,822,420,402
104000004,829,300,529
104000005,541,571,-30
104000006,993,320,673
104000007,772,190,582
104000008,109,105,4
104000009,133,71,62
104000010,106,57,49
104000011,0,0,0
104000012,0,0,0
104000013,134,43,91
104000014,0,0,0
104000015,150,28,122
104000016,0,0,0
104000018,183,78,105
104000019,274,202,72
104000020,74,127,-53
104000021,125,93,32
104000022,26,24,2
104000023,175,23,152
104000024,0,0,0
104000026,0,0,0
104000027,15,34,-19
104000028,220,53,167
104000029,11,45,-34
104000030,186,65,121
104000031,113,37,76
104000032,0,0,0
104000033,266,19,247
104000034,0,0,0
104000035,243,45,198
104000036,282,93,189
104000037,0,0,0
104000038,197,58,139
104000039,145,63,82
104000040,74,81,-7
104000041,70,39,31
104000042,60,16,44
104000043,68,44,24
104000044,78,28,50
104000045,126,38,88
104000046,64,86,-22
104000047,31,262,-231
104000048,207,438,-231
104000049,6,4,2
104000050,1,19,-18
104000051,0,0,0
104000052,247,104,143
104000053,42,35,7
104000054,3,0,3
104000055,244,103,141
104000056,0,0,0
104000057,0,0,0
104000058,264,57,207
104000059,132,146,-14
104000060,207,75,132
104000061,47,48,-1
104000062,34,1,33
104000064,0,0,0
104000065,0,1,-1
104000069,0,0,0
104000070,0,0,0
104000071,0,0,0
104000072,31,5,26
104000075,0,0,0
104000076,0,0,0
104000082,196,217,-21
104000083,6,27,-21
104000084,7,24,-17
104000085,28,16,12
104000086,2,21,-19
104000087,1,6,-5
104000090,0,0,0
104000092,0,0,0
104000094,0,0,0
104000095,58,275,-217
104000096,281,1,280
104000097,610,50,560
104000098,815,78,737
104000100,900,84,816
104000101,136,156,-20
104000106,7,22,-15
104000107,134,16,118
104000108,36,1,35
104000109,53,0,53
104000110,46,10,36
104000111,135,15,120
104000112,2,14,-12
104000116,0,0,0
104000117,93,13,80
104000118,23,0,23
104000119,14,1,13
104000120,24,6,18
104000121,3,41,-38
104000122,230,44,186
104000123,49,121,-72
104000124,365,506,-141
104000125,67,46,21
104000126,221,95,126
104000127,61,379,-318
104000128,223,34,189
104000129,105,1,104
104000130,0,2,-2
104000131,0,0,0
104000132,0,0,0
104000133,47,15,32
104000134,105,86,19
104000135,59,137,-78
104000136,294,238,56
104000137,348,93,255
104000138,0,0,0
104000139,602,525,77
104000141,112,188,-76
104000142,0,0,0
104000143,0,0,0
104000144,0,0,0
104000145,250,37,213
104000146,0,0,0
104000147,0,0,0
104000148,57,39,18
104000149,0,0,0
104000150,300,147,153
104000151,0,0,0
104000152,0,0,0
104000153,123,84,39
104000154,0,0,0
104000155,89,73,16
104000157,74,13,61
104000158,21,8,13
104000159,7,7,0
104000160,261,71,190
104000161,25,48,-23
104000162,43,105,-62
104000165,168,265,-97
104000167,121,184,-63
104000168,99,0,99
104000169,54,3,51
104000170,0,0,0
104000248,0,0,0
104000251,0,0,0
104000272,0,0,0
104000273,0,0,0
104000274,0,0,0
104000275,0,0,0
104000279,1,4,-3
104000290,0,0,0
104000291,126,158,-32
104000293,104,112,-8
104000294,0,0,0
104000295,34,81,-47
104000296,154,154,0
104000297,53,147,-94
104000298,405,55,350
104000299,159,131,28
104900001,0,0,0
104900002,0,0,0
104900003,0,0,0
104900004,0,0,0
104900005,0,0,0
104900006,0,0,0
104900007,0,0,0
104900009,0,0,0
104900010,0,0,0
104900011,0,0,0
104900012,0,0,0
104900013,0,0,0
104900014,0,0,0
104900015,0,0,0
104900016,0,0,0
104900017,0,0,0
104900018,0,0,0
104900019,0,0,0
104900020,0,0,0
104900021,0,0,0
104900022,0,0,0
104900023,0,0,0
104900024,0,0,0
104900025,0,0,0
104900026,0,0,0
104900027,0,0,0
104900028,0,0,0
104900029,0,0,0
104900030,0,0,0
104900031,0,0,0
104900032,0,0,0
104900033,0,0,0
104900034,0,0,0
104900035,0,0,0
104900036,0,0,0
104900037,0,0,0
104900038,0,0,0
104900039,0,0,0
104900040,0,0,0
104900041,0,0,0
104900042,0,0,0
104900043,0,0,0
104900044,0,0,0
104900045,0,0,0
104900046,0,0,0
104900047,0,0,0
104900048,0,0,0
104900049,0,0,0
104900050,0,0,0
104900051,0,0,0
104900052,0,0,0
104900053,0,0,0
104900054,0,0,0
104900055,0,0,0
104900056,0,0,0
104900057,0,0,0
104900058,0,0,0
104900059,0,0,0
104900060,0,0,0
104900061,0,0,0
104900063,0,0,0
104900064,0,0,0
104900065,0,0,0
104900066,0,0,0
104900067,0,0,0
104900068,0,0,0
104900070,0,0,0
104900071,0,0,0
104900072,0,0,0
104900073,0,0,0
104900074,0,0,0
104900075,0,0,0
104900076,0,0,0
104900077,0,0,0
104900078,0,0,0
104900079,0,0,0
104900080,0,0,0
104900082,0,0,0
104900085,0,0,0
104900087,0,0,0
104900089,0,0,0
104900090,0,0,0
104900091,0,0,0
104900093,0,0,0
104900097,0,0,0
104900098,0,0,0
104900099,0,0,0
104900100,0,0,0
104900102,0,0,0
104900103,0,0,0
104900104,0,0,0
104900106,0,0,0
104900107,0,0,0
104900108,0,0,0
104900109,0,0,0
104900110,0,0,0
104900111,0,0,0
104900112,0,0,0
104900113,0,0,0
104900114,0,0,0
104900115,0,0,0
104900116,0,0,0
104900118,0,0,0
104900119,0,0,0
104900120,0,0,0
104900121,0,0,0
104900122,0,0,0
104900123,0,0,0
104900124,0,0,0
104900125,0,0,0
104900126,0,0,0
104900127,0,0,0
104900128,0,0,0
104900129,0,0,0
105000001,848,197,651
105000002,331,280,51
105000003,367,296,71
105000004,22,63,-41
105000005,38,195,-157
105000006,146,335,-189
105000007,72,166,-94
105000008,4,371,-367
105000009,1692,969,723
105000010,29,152,-123
105000011,742,616,126
105000012,37,66,-29
105000013,294,581,-287
105000014,2232,931,1301
105000015,1523,2082,-559
105000016,97,145,-48
105000017,16,25,-9
105000018,70,141,-71
105000019,0,0,0
105000020,0,0,0
105000021,0,0,0
105000022,11,18,-7
105000023,0,0,0
105000028,0,0,0
105000029,0,12,-12
105000030,231,190,41
105000033,50,76,-26
105000034,0,0,0
105000037,0,0,0
105000038,259,313,-54
105000039,90,190,-100
105000040,185,274,-89
105000041,28,93,-65
105000042,931,353,578
105000043,98,75,23
105000044,148,84,64
105000045,6,66,-60
105000046,382,39,343
105000047,11,54,-43
105000048,371,132,239
105000049,10,0,10
105000050,364,171,193
105000051,0,0,0
105000052,59,54,5
105000053,1,44,-43
105000054,79,35,44
105000055,1,1,0
105000056,398,206,192
105000057,30,2,28
105000058,36,24,12
105000059,417,182,235
105000060,0,0,0
105000061,456,80,376
105000062,0,0,0
105000063,0,0,0
105000064,337,85,252
105000065,0,0,0
105000066,93,14,79
105000067,397,184,213
105000068,8,44,-36
105000069,53,102,-49
105000070,40,25,15
105000071,233,84,149
105000072,385,61,324
105000073,288,76,212
105000074,0,0,0
105000075,7,17,-10
105000076,18,16,2
105000077,54,8,46
105000078,46,102,-56
105000079,0,43,-43
105000080,459,491,-32
105000081,20,0,20
105000082,170,522,-352
105000083,884,614,270
105000084,0,0,0
105000085,643,813,-170
105000086,0,0,0
105000087,0,0,0
105000088,285,385,-100
105000089,37,87,-50
105000090,16,26,-10
105000091,0,0,0
105000092,0,0,0
105000093,0,0,0
105000094,42,8,34
105000095,0,0,0
105000096,175,151,24
105000097,0,0,0
105000098,233,61,172
105000099,0,0,0
105000100,0,0,0
105000101,148,56,92
105000102,0,0,0
105000103,165,57,108
105000104,0,0,0
105000105,218,51,167
105000106,18,0,18
105000107,36,4,32
105000108,19,22,-3
105000109,11,0,11
105000110,37,27,10
105000111,5,0,5
105000112,65,25,40
105000113,0,0,0
105000114,28,93,-65
105000115,0,0,0
105000116,85,41,44
105000117,0,0,0
105000118,13,11,2
105000119,0,0,0
105000120,245,34,211
105000121,0,0,0
105000122,16,13,3
105000123,128,11,117
105000124,102,57,45
105000125,159,55,104
105000126,42,29,13
105000127,172,54,118
105000128,29,9,20
105000129,22,48,-26
105000130,10,417,-407
105000131,0,0,0
105000132,105,72,33
105000133,0,0,0
105000134,255,15,240
105000135,0,0,0
105000136,0,0,0
105000137,230,21,209
105000138,0,0,0
105000139,0,0,0
105000140,406,42,364
105000141,0,0,0
105000142,168,48,120
105000143,0,0,0
105000144,0,0,0
105000145,110,79,31
105000146,0,0,0
105000147,312,107,205
105000148,225,53,172
105000149,647,110,537
105000150,0,0,0
105000151,0,0,0
105000152,0,0,0
105000153,0,0,0
105000154,1,0,1
105000155,0,0,0
105000156,7,1,6
105000157,19,18,1
105000158,69,15,54
105000159,11,15,-4
105000160,53,49,4
105000161,51,17,34
105000162,21,45,-24
105000163,52,11,41
105000164,3,7,-4
105000165,29,62,-33
105000166,19,81,-62
105000167,19,140,-121
105000168,149,113,36
105000169,18,6,12
105000170,0,0,0
105000171,0,0,0
105000172,2,0,2
105000173,2,4,-2
105000174,0,2,-2
105000175,0,0,0
105000176,1,3,-2
105000177,69,37,32
105000178,4,0,4
105000179,27,1,26
105000180,0,0,0
105000181,2,0,2
105000182,0,0,0
105000183,0,0,0
105000184,0,0,0
105000185,34,339,-305
105000186,0,0,0
105000187,84,33,51
105000188,10,43,-33
105000189,0,0,0
105000190,143,100,43
105000191,5,1,4
105000192,70,44,26
105000193,0,20,-20
105000194,110,20,90
105000195,0,23,-23
105000196,28,37,-9
105000197,1,0,1
105000198,0,0,0
105000199,1,73,-72
105000200,47,119,-72
105000201,19,0,19
105000203,0,2,-2
105000204,1,17,-16
105000205,0,0,0
105000207,0,0,0
105000208,10,160,-150
105000209,0,0,0
105000212,79,8,71
105000213,53,16,37
105000214,9,7,2
105000215,114,54,60
105000216,10,0,10
105000217,0,0,0
105000218,193,45,148
105000221,15,3,12
105000222,92,0,92
105000223,30,0,30
105000226,1,4,-3
105000227,0,2,-2
105000228,0,1,-1
105000229,6,253,-247
105000231,183,28,155
105000233,182,390,-208
105000234,56,287,-231
105000235,188,107,81
105000237,38,1,37
105000243,0,0,0
105000248,0,0,0
105000262,0,0,0
105000269,0,0,0
105000270,74,0,74
105000271,0,0,0
105000282,5,0,5
105000287,0,0,0
105000288,0,15,-15
105000289,375,301,74
105000290,0,0,0
105000402,23,51,-28
105000426,0,1,-1
105000438,25,102,-77
105000446,418,347,71
105000447,88,35,53
105000454,0,0,0
105000455,0,0,0
105000474,3,0,3
105000477,0,0,0
105000478,450,1190,-740
105000479,0,0,0
105000480,1591,1359,232
105000481,917,383,534
105000482,154,209,-55
105000483,189,813,-624
105000484,98,307,-209
105000485,216,1243,-1027
105000486,203,323,-120
105000488,56,133,-77
105000489,342,81,261
105000549,0,41,-41
105000550,0,0,0
105000551,31,16,15
105000552,114,99,15
105000555,164,237,-73
105900001,0,0,0
105900002,0,0,0
105900003,0,0,0
105900004,0,0,0
105900005,0,0,0
105900006,0,0,0
105900007,0,0,0
105900008,0,0,0
105900009,0,0,0
105900011,0,0,0
105900012,0,0,0
105900013,0,0,0
105900014,0,0,0
105900015,0,0,0
105900016,0,0,0
105900017,0,0,0
105900018,0,0,0
105900019,0,0,0
105900020,0,0,0
105900021,0,0,0
105900022,0,0,0
105900023,0,0,0
105900024,0,0,0
105900025,0,0,0
105900026,0,0,0
105900027,0,0,0
105900028,0,0,0
105900029,0,0,0
105900030,0,0,0
105900031,0,0,0
105900032,0,0,0
105900033,0,0,0
105900034,0,0,0
105900035,0,0,0
105900036,0,0,0
105900037,0,0,0
105900038,0,0,0
105900039,0,0,0
105900040,0,0,0
105900041,0,0,0
105900042,0,0,0
105900043,0,0,0
105900044,0,0,0
105900045,0,0,0
105900046,0,0,0
105900047,0,0,0
105900048,29,8,21
105900050,0,0,0
105900051,0,0,0
105900052,0,0,0
105900053,0,0,0
105900054,0,0,0
105900056,0,0,0
105900057,0,0,0
105900058,0,0,0
105900059,0,0,0
106000001,676,437,239
106000002,8,147,-139
106000003,1134,639,495
106000004,45,304,-259
106000005,1806,1258,548
106000006,88,298,-210
106000007,647,50,597
106000008,32,107,-75
106000009,437,190,247
106000010,29,103,-74
106000011,679,345,334
106000012,14,44,-30
106000013,1065,389,676
106000014,55,55,0
106000015,1159,371,788
106000016,77,90,-13
106000017,530,116,414
106000018,88,156,-68
106000019,200,141,59
106000020,7,59,-52
106000021,262,91,171
106000022,24,31,-7
106000023,385,37,348
106000024,29,58,-29
106000025,184,130,54
106000026,25,35,-10
106000027,865,545,320
106000028,6,34,-28
106000029,43,51,-8
106000030,0,0,0
106000034,0,0,0
106000035,142,252,-110
106000036,0,0,0
106000037,0,0,0
106000038,0,0,0
106000039,0,0,0
106000040,0,0,0
106000041,225,54,171
106000043,58,12,46
106000046,0,0,0
106000047,0,0,0
106000049,192,4,188
106000050,0,0,0
106000051,92,123,-31
106000052,0,0,0
106000053,243,18,225
106000054,0,0,0
106000055,154,4,150
106000056,0,0,0
106000057,194,55,139
106000058,0,0,0
106000059,211,99,112
106000060,0,0,0
106000061,7,138,-131
106000062,0,0,0
106000063,483,147,336
106000064,0,0,0
106000065,204,25,179
106000066,2,3,-1
106000067,154,9,145
106000068,1,1,0
106000069,16,4,12
106000070,15,1,14
106000071,195,18,177
106000072,230,189,41
106000073,300,144,156
106000074,141,117,24
106000075,106,118,-12
106000076,530,94,436
106000077,540,37,503
106000078,280,27,253
106000079,430,47,383
106000080,305,33,272
106000081,479,158,321
106000082,302,20,282
106000083,368,142,226
106000084,413,12,401
106000085,528,210,318
106000086,577,73,504
106000087,234,21,213
106000088,183,27,156
106000089,360,23,337
106000090,466,36,430
106000091,2,0,2
106000092,205,42,163
106000093,116,7,109
106000094,0,0,0
106000095,206,33,173
106000096,249,21,228
106000097,222,37,185
106000098,303,10,293
106000099,4,5,-1
106000100,541,7,534
106000101,342,3,339
106000102,1,5,-4
106000103,2,116,-114
106000104,104,45,59
106000105,22,91,-69
106000106,117,7,110
106000107,21,106,-85
106000108,87,3,84
106000109,10,41,-31
106000110,80,6,74
106000111,16,62,-46
106000112,112,7,105
106000113,23,42,-19
106000114,46,15,31
106000115,75,66,9
106000116,78,58,20
106000117,0,0,0
106000118,315,82,233
106000119,0,0,0
106000120,229,174,55
106000121,2,5,-3
106000122,0,0,0
106000123,34,17,17
106000124,0,0,0
106000125,0,0,0
106000126,42,2,40
106000127,0,0,0
106000128,137,19,118
106000129,0,0,0
106000130,250,46,204
106000131,0,0,0
106000132,186,11,175
106000133,0,0,0
106000134,197,37,160
106000135,0,0,0
106000136,313,79,234
106000137,0,0,0
106000138,204,6,198
106000139,119,18,101
106000140,0,0,0
106000141,0,0,0
106000142,22,6,16
106000143,0,0,0
106000144,119,16,103
106000145,0,0,0
106000146,264,136,128
106000147,66,3,63
106000148,90,107,-17
106000149,182,6,176
106000150,13,61,-48
106000151,266,63,203
106000152,100,189,-89
106000153,0,21,-21
106000154,40,3,37
106000155,14,24,-10
106000156,283,43,240
106000157,156,46,110
106000158,492,115,377
106000159,156,53,103
106000160,182,146,36
106000161,97,4,93
106000162,250,35,215
106000163,46,8,38
106000164,165,6,159
106000165,58,17,41
106000166,266,13,253
106000167,77,57,20
106000168,174,21,153
106000169,24,22,2
106000170,170,28,142
106000171,21,121,-100
106000172,344,55,289
106000173,76,161,-85
106000174,267,11,256
106000175,75,6,69
106000176,295,57,238
106000177,0,0,0
106000178,411,21,390
106000179,0,0,0
106000180,114,49,65
106000181,43,75,-32
106000182,480,28,452
106000183,502,62,440
106000184,230,46,184
106000185,17,30,-13
106000186,37,8,29
106000187,6,13,-7
106000188,0,0,0
106000189,0,1,-1
106000190,13,0,13
106000191,100,18,82
106000192,0,0,0
106000193,78,26,52
106000194,0,9,-9
106000195,21,0,21
106000196,0,36,-36
106000197,140,0,140
106000198,0,16,-16
106000199,114,13,101
106000200,9,47,-38
106000201,33,28,5
106000202,36,24,12
106000203,0,0,0
106000204,7,11,-4
106000205,0,0,0
106000206,7,1,6
106000207,1,44,-43
106000208,359,43,316
106000209,613,70,543
106000210,1,17,-16
106000211,7,55,-48
106000212,808,76,732
106000213,0,0,0
106000214,268,25,243
106000215,1,42,-41
106000216,134,9,125
106000217,5,71,-66
106000218,72,30,42
106000219,2,69,-67
106000220,99,11,88
106000221,0,0,0
106000222,56,10,46
106000223,111,33,78
106000224,0,0,0
106000225,3,153,-150
106000226,0,0,0
106000228,0,0,0
106000229,0,0,0
106000231,195,0,195
106000232,0,0,0
106000233,33,6,27
106000234,0,0,0
106000235,35,27,8
106000236,0,0,0
106000237,0,0,0
106000238,0,0,0
106000239,0,0,0
106000240,0,0,0
106000241,0,44,-44
106000242,39,27,12
106000249,123,24,99
106000250,0,46,-46
106000251,0,0,0
106000252,0,0,0
106000253,0,0,0
106000254,0,0,0
106000255,0,0,0
106000256,0,0,0
106000257,20,20,0
106000258,0,0,0
106000259,0,0,0
106000260,0,0,0
106000261,0,0,0
106000262,0,0,0
106000263,0,0,0
106000264,0,0,0
106000265,0,0,0
106000266,0,0,0
106000267,0,0,0
106000268,0,0,0
106000269,0,0,0
106000270,24,0,24
106000271,0,0,0
106000272,0,0,0
106000273,0,0,0
106000274,0,0,0
106000275,0,0,0
106000276,0,0,0
106000277,0,0,0
106000278,0,0,0
106000279,0,0,0
106000280,0,0,0
106000281,0,0,0
106000282,0,0,0
106000283,0,0,0
106000284,0,0,0
106000285,0,0,0
106000286,0,0,0
106000287,0,0,0
106000288,0,0,0
106000289,0,0,0
106000290,0,0,0
106000291,0,0,0
106000292,0,0,0
106000293,0,0,0
106000294,0,0,0
106000295,0,0,0
106000296,0,0,0
106000297,0,0,0
106000298,0,0,0
106000299,0,0,0
106000300,0,0,0
106000301,0,0,0
106000303,0,0,0
106000304,0,0,0
106000305,0,0,0
106000306,0,0,0
106000307,0,0,0
106000308,0,0,0
106000309,0,0,0
106000310,23,14,9
106000311,85,9,76
106000312,0,15,-15
106000313,11,2,9
106000318,0,0,0
106000319,321,23,298
106000320,0,0,0
106000321,0,0,0
106000322,0,0,0
106000324,0,0,0
106000325,1223,288,935
106000326,61,105,-44
106000327,143,9,134
106000328,0,0,0
106000329,1,8,-7
106000330,0,5,-5
106000428,28,129,-101
106000429,0,0,0
106000430,0,0,0
106000431,268,260,8
106000432,2,151,-149
106000433,815,463,352
106000434,1030,315,715
106000435,3,92,-89
106000436,0,0,0
106000437,18,11,7
106000438,9,5,4
106000439,0,0,0
106000440,6,52,-46
106000441,0,0,0
106000442,39,0,39
106000443,59,24,35
106000450,0,0,0
106000451,19,23,-4
106000454,0,0,0
106000455,0,24,-24
106000456,31,0,31
106000457,0,0,0
106000458,135,2,133
106000459,0,0,0
106000460,187,7,180
106000461,0,0,0
106000462,0,0,0
106000463,1,0,1
106000464,0,0,0
106000465,118,0,118
106000466,0,0,0
106000467,0,55,-55
106000468,40,11,29
106000469,14,0,14
106000470,0,0,0
106000471,0,0,0
106000472,24,2,22
106000473,0,0,0
106000474,18,67,-49
106000475,122,89,33
106000476,7,5,2
106000477,0,0,0
106000480,0,0,0
106900001,0,0,0
106900002,0,0,0
106900003,0,0,0
106900004,0,0,0
106900006,0,0,0
106900007,0,0,0
106900008,0,0,0
106900009,0,0,0
106900010,0,0,0
106900012,0,0,0
106900013,0,0,0
106900014,0,0,0
106900015,0,0,0
106900016,0,0,0
106900017,0,0,0
106900018,0,0,0
106900019,0,0,0
106900020,0,0,0
106900021,0,0,0
106900022,0,0,0
106900023,0,0,0
106900024,0,0,0
106900025,0,0,0
106900026,0,0,0
106900027,188,0,188
107000001,1496,2153,-657
107000002,178,341,-163
107000003,4216,3857,359
107000004,418,259,159
107000005,4209,2733,1476
107000006,290,210,80
107000007,1467,2141,-674
107000008,398,293,105
107000009,4078,3218,860
107000010,406,359,47
107000011,0,0,0
107000012,0,0,0
107000013,0,0,0
107000014,0,0,0
107000015,0,0,0
107000016,0,0,0
107000017,10,8,2
107000018,0,0,0
107000020,39,370,-331
107000021,24,2,22
107000022,51,353,-302
107000023,170,3,167
107000024,97,178,-81
107000025,45,12,33
107000026,54,46,8
107000027,186,30,156
107000028,30,86,-56
107000029,862,82,780
107000030,55,110,-55
107000031,809,270,539
107000032,86,114,-28
107000033,163,58,105
107000034,0,0,0
107000035,25,41,-16
107000036,0,0,0
107000037,23,102,-79
107000038,1,7,-6
107000039,137,302,-165
107000040,15,0,15
107000041,438,75,363
107000042,26,56,-30
107000043,240,87,153
107000044,38,23,15
107000045,5,4,1
107000046,375,73,302
107000047,18,52,-34
107000048,273,56,217
107000049,9,57,-48
107000050,333,70,263
107000051,18,153,-135
107000052,259,89,170
107000053,277,41,236
107000054,12,127,-115
107000055,211,63,148
107000056,26,50,-24
107000057,69,173,-104
107000058,787,874,-87
107000059,0,0,0
107000060,1921,1645,276
107000061,11,3,8
107000062,1711,1014,697
107000063,24,36,-12
107000064,1245,1008,237
107000065,5,14,-9
107000066,729,612,117
107000067,170,148,22
107000068,71,147,-76
107000069,136,368,-232
107000070,142,0,142
107000071,727,1,726
107000072,0,0,0
107000073,175,33,142
107000074,0,0,0
107000075,1329,37,1292
107000076,0,0,0
107000077,1120,34,1086
107000078,0,0,0
107000079,960,46,914
107000080,0,0,0
107000081,986,159,827
107000082,0,0,0
107000083,364,444,-80
107000084,0,0,0
107000085,734,588,146
107000086,85,293,-208
107000087,459,236,223
107000088,77,102,-25
107000089,356,218,138
107000090,51,46,5
107000091,336,137,199
107000092,62,57,5
107000093,228,295,-67
107000094,38,62,-24
107000095,1113,497,616
107000096,0,0,0
107000097,295,111,184
107000098,0,0,0
107000099,274,139,135
107000100,0,0,0
107000101,117,67,50
107000102,0,1,-1
107000103,211,36,175
107000104,0,0,0
107000105,225,43,182
107000106,0,0,0
107000107,269,107,162
107000108,0,1,-1
107000109,172,47,125
107000110,0,0,0
107000111,82,5,77
107000112,0,0,0
107000113,315,31,284
107000114,0,0,0
107000115,452,28,424
107000116,0,0,0
107000117,155,42,113
107000118,0,0,0
107000119,672,196,476
107000120,0,0,0
107000121,408,59,349
107000122,3,114,-111
107000123,417,58,359
107000124,7,64,-57
107000125,622,26,596
107000126,50,60,-10
107000129,0,0,0
107000130,256,128,128
107000131,0,0,0
107000132,286,150,136
107000133,3,0,3
107000134,35,0,35
107000135,0,0,0
107000136,112,0,112
107000137,0,0,0
107000138,0,0,0
107000139,0,0,0
107000140,98,0,98
107000141,0,10,-10
107000142,46,0,46
107000143,0,2,-2
107000144,39,1,38
107000145,0,9,-9
107000146,0,0,0
107000147,3,32,-29
107000150,0,0,0
107000151,0,0,0
107000152,16,92,-76
107000153,0,0,0
107000154,0,0,0
107000155,60,0,60
107000156,129,0,129
107000157,0,0,0
107000158,54,0,54
107000159,0,0,0
107000160,120,75,45
107000161,2,1,1
107000162,26,78,-52
107000163,41,0,41
107000164,0,0,0
107000165,0,0,0
107000166,0,0,0
107000167,0,0,0
107000168,533,70,463
107000169,10,9,1
107000170,564,103,461
107000171,1,12,-11
107000172,305,92,213
107000173,7,2,5
107000174,176,183,-7
107000175,22,10,12
107000176,13,0,13
107000177,0,0,0
107000178,0,0,0
107000179,0,0,0
107000180,515,23,492
107000181,0,0,0
107000182,429,25,404
107000183,0,0,0
107000184,351,33,318
107000185,0,0,0
107000186,447,38,409
107000187,70,17,53
107000188,0,0,0
107000189,27,20,7
107000190,0,0,0
107000191,88,109,-21
107000192,0,0,0
107000193,42,40,2
107000194,0,0,0
107000197,256,45,211
107000198,0,0,0
107000199,74,77,-3
107000200,4,15,-11
107000201,78,41,37
107000202,74,70,4
107000203,57,197,-140
107000204,86,557,-471
107000205,73,39,34
107000206,23,377,-354
107000207,21,71,-50
107000208,4,38,-34
107000209,0,0,0
107000210,0,0,0
107000211,0,0,0
107000212,0,0,0
107000213,0,0,0
107000214,0,0,0
107000215,0,0,0
107000216,0,0,0
107000217,0,0,0
107000219,0,0,0
107000220,0,0,0
107000222,11,19,-8
107000224,20,3,17
107000225,0,0,0
107000226,109,11,98
107000227,0,0,0
107000228,0,0,0
107000229,0,0,0
107000230,26,1,25
107000231,72,80,-8
107000232,0,0,0
107000233,0,0,0
107000234,0,0,0
107000235,168,0,168
107000236,0,0,0
107000237,1,0,1
107000238,17,0,17
107000239,0,0,0
107000240,0,0,0
107000243,0,2,-2
107000244,8,0,8
107000246,0,0,0
107000249,0,0,0
107000251,0,0,0
107000252,0,0,0
107000255,0,0,0
107000257,0,0,0
107000258,0,0,0
107000259,0,0,0
107000260,0,0,0
107000262,0,0,0
107000263,0,0,0
107000266,0,0,0
107000267,0,0,0
107000268,0,0,0
107000269,0,0,0
107000270,0,0,0
107000271,0,0,0
107000272,0,0,0
107000273,0,0,0
107000274,0,0,0
107000275,0,0,0
107000280,54,5,49
107000281,0,2,-2
107000282,0,0,0
107000290,0,0,0
107000291,0,0,0
107000292,0,0,0
107000293,0,0,0
107000294,0,0,0
107000295,0,0,0
107000296,0,2,-2
107000444,49,0,49
107000496,0,0,0
107000497,0,0,0
107000500,0,0,0
107000501,0,0,0
107000502,0,0,0
107000505,0,25,-25
107000506,0,0,0
107000508,0,0,0
107000509,21,74,-53
107000510,0,0,0
107000514,0,0,0
107000515,0,0,0
107000516,78,87,-9
107000518,365,33,332
107000519,0,0,0
107000520,0,0,0
107000521,0,0,0
107000522,290,99,191
107900001,0,0,0
107900002,0,0,0
107900003,0,0,0
107900004,0,0,0
107900005,0,0,0
107900006,0,0,0
107900007,0,0,0
107900008,0,0,0
107900009,0,0,0
107900010,0,0,0
107900012,0,0,0
107900013,0,0,0
107900014,0,0,0
107900015,0,0,0
107900016,0,0,0
107900017,0,0,0
107900018,0,0,0
107900019,0,0,0
107900020,0,0,0
107900021,0,0,0
107900023,0,0,0
107900024,0,0,0
107900025,0,0,0
107900026,0,0,0
107900027,0,0,0
107900028,0,0,0
107900030,0,0,0
107900031,0,0,0
107900032,0,0,0
107900033,0,0,0
107900034,0,0,0
107900035,0,0,0
107900036,0,0,0
107900037,0,0,0
107900038,0,0,0
107900039,0,0,0
107900040,0,0,0
107900041,0,0,0
107900043,0,0,0
107900044,0,0,0
107900045,0,0,0
107900046,0,0,0
107900047,0,0,0
107900048,0,0,0
107900049,0,0,0
107900050,0,0,0
107900051,0,0,0
107900052,0,0,0
107900053,0,0,0
107900055,0,0,0
107900056,0,0,0
107900057,0,0,0
107900058,0,0,0
107900060,0,0,0
107900061,0,0,0
107900063,0,0,0
107900064,0,0,0
107900065,0,0,0
107900066,0,0,0
107900067,0,0,0
107900068,0,0,0
107900069,0,0,0
107900070,0,0,0
107900071,0,0,0
107900072,0,0,0
107900073,0,0,0
107900074,0,0,0
107900076,0,0,0
107900077,0,0,0
107900078,0,0,0
107900079,0,0,0
107900080,0,0,0
107900081,0,0,0
107900082,0,0,0
107900083,0,0,0
107900084,0,0,0
107900086,0,0,0
107900087,0,0,0
107900088,0,0,0
107900089,0,0,0
107900090,0,0,0
107900091,0,0,0
107900092,0,0,0
107900093,0,0,0
107900095,0,0,0
107900097,0,0,0
107900098,0,0,0
107900100,0,0,0
107900101,0,0,0
107900102,0,0,0
107900103,0,0,0
107900104,0,0,0
107900105,0,0,0
107900106,0,0,0
107900107,0,0,0
107900108,0,0,0
107900109,0,0,0
107900110,0,0,0
107900111,0,0,0
107900112,0,0,0
107900113,0,0,0
107900114,0,0,0
107900115,0,0,0
107900116,0,0,0
107900117,0,0,0
107900118,0,0,0
107900119,0,0,0
107900120,0,0,0
107900121,0,0,0
107900122,0,0,0
107900123,0,0,0
107900124,0,0,0
107900125,0,0,0
107900126,0,0,0
107900127,0,0,0
107900128,0,0,0
107900129,0,0,0
107900130,0,0,0
107900131,0,0,0
107900132,0,0,0
107900133,0,0,0
107900134,0,0,0
107900135,0,0,0
107900136,0,0,0
107900137,0,0,0
107900138,0,0,0
107900139,0,0,0
107900141,0,0,0
107900142,0,0,0
107900143,0,0,0
107900144,0,0,0
107900145,0,0,0
107900146,0,0,0
107900147,0,0,0
107900148,0,0,0
107900149,0,0,0
107900150,0,0,0
107900151,0,0,0
107900152,0,0,0
107900153,0,0,0
107900154,0,0,0
107900155,0,0,0
107900156,0,0,0
107900157,0,0,0
107900158,0,0,0
107900159,0,0,0
107900160,0,0,0
107900161,0,0,0
107900162,0,0,0
107900163,0,0,0
107900164,0,0,0
107900165,0,0,0
107900166,0,0,0
107900167,0,0,0
107900168,0,0,0
107900169,0,0,0
107900171,0,0,0
107900172,0,0,0
107900173,0,0,0
107900174,0,0,0
107900175,0,0,0
107900176,0,0,0
107900177,0,0,0
107900178,0,0,0
107900179,0,0,0
107900180,0,0,0
107900181,0,0,0
107900182,0,0,0
107900183,0,0,0
107900184,0,0,0
107900185,0,0,0
107900186,0,0,0
107900187,0,0,0
107900188,0,0,0
107900189,0,0,0
107900190,0,0,0
107900191,0,0,0
107900193,0,0,0
107900194,0,0,0
107900195,0,0,0
107900196,0,0,0
107900197,0,0,0
107900199,0,0,0
107900201,0,0,0
107900203,0,0,0
107900204,0,0,0
107900205,0,0,0
107900206,0,0,0
107900207,0,0,0
107900208,0,0,0
107900209,0,0,0
107900210,0,0,0
107900213,0,0,0
107900214,0,0,0
107900215,0,0,0
107900216,0,0,0
107900217,0,0,0
107900218,0,0,0
107900219,0,0,0
107900220,0,0,0
107900221,0,0,0
107900223,0,0,0
107900224,0,0,0
107900225,0,0,0
107900226,0,0,0
107900227,0,0,0
107900228,0,0,0
107900229,0,0,0
107900230,0,0,0
107900231,0,0,0
107900232,0,0,0
107900233,0,0,0
107900234,0,0,0
107900235,0,0,0
107900236,0,0,0
107900237,0,0,0
107900238,0,0,0
107900239,0,0,0
107900240,0,0,0
107900241,0,0,0
107900242,0,0,0
107900243,0,0,0
107900244,0,0,0
107900245,0,0,0
107900246,0,0,0
107900248,0,0,0
107900249,0,0,0
107900250,0,0,0
107900251,0,0,0
107900252,0,0,0
107900253,0,0,0
107900254,0,0,0
107900255,0,0,0
107900256,0,0,0
107900257,0,0,0
107900258,0,0,0
107900259,0,0,0
107900261,0,0,0
107900262,0,0,0
107900264,0,0,0
107900265,0,0,0
107900267,0,0,0
107900268,0,0,0
107900269,0,0,0
107900270,0,0,0
107900271,0,0,0
107900272,0,0,0
107900273,0,0,0
107900274,0,0,0
107900275,0,0,0
107900276,0,0,0
107900277,0,0,0
107900278,0,0,0
107900279,0,0,0
107900280,0,0,0
107900281,0,0,0
107900282,0,0,0
107900283,0,0,0
107900284,0,0,0
107900285,0,0,0
107900286,0,0,0
107900287,0,0,0
107900290,0,0,0
107900291,0,0,0
107900292,0,0,0
107900293,0,0,0
107900295,0,0,0
107900297,0,0,0
107900298,0,0,0
107900299,0,0,0
107900300,29,29,0
107900301,1,55,-54
107900302,0,0,0
107900303,3,3,0
107900304,0,0,0
107900305,0,0,0
107900306,0,0,0
107900307,0,0,0
107900308,0,0,0
107900309,0,0,0
107900310,0,0,0
107900311,0,0,0
107900312,0,0,0
107900313,0,0,0
107900314,0,0,0
107900315,0,0,0
107900316,0,0,0
107900317,0,0,0
107900318,0,0,0
107900319,0,0,0
107900320,0,0,0
107900321,0,0,0
107900322,0,0,0
107900323,0,0,0
107900324,0,0,0
107900325,0,0,0
107900326,0,0,0
107900327,0,0,0
107900328,0,0,0
107900329,0,0,0
107900330,0,0,0
107900331,0,0,0
107900332,0,0,0
107900333,0,0,0
107900334,0,0,0
107900335,0,0,0
107900336,0,0,0
107900337,0,0,0
107900338,0,0,0
107900339,0,0,0
107900340,0,0,0
107900341,0,0,0
107900342,0,0,0
107900343,0,0,0
107900344,0,0,0
107900345,1,1,0
107900346,0,0,0
107900347,0,0,0
107900348,0,0,0
107900349,0,0,0
107900350,0,0,0
107900351,0,0,0
107900352,0,0,0
107900353,0,0,0
107900354,0,0,0
108000001,2042,1068,974
108000002,119,181,-62
108000003,1426,711,715
108000004,401,1365,-964
108000005,4293,1563,2730
108000006,80,575,-495
108000007,3806,890,2916
108000008,398,269,129
108000009,2528,1080,1448
108000010,154,277,-123
108000011,4523,1506,3017
108000012,398,678,-280
108000014,130,0,130
108000015,450,3,447
108000016,0,0,0
108000017,599,13,586
108000018,1335,61,1274
108000019,235,60,175
108000020,422,105,317
108000021,0,0,0
108000022,37,37,0
108000023,604,76,528
108000024,112,12,100
108000025,42,8,34
108000026,460,33,427
108000027,83,2,81
108000028,456,6,450
108000029,91,2,89
108000030,310,11,299
108000031,9,1,8
108000032,1147,83,1064
108000033,0,0,0
108000034,951,72,879
108000035,0,0,0
108000036,25,11,14
108000037,449,71,378
108000038,894,50,844
108000039,20,13,7
108000040,1194,151,1043
108000041,10,15,-5
108000042,235,5,230
108000043,37,0,37
108000044,579,6,573
108000045,21,0,21
108000046,1052,184,868
108000047,0,0,0
108000048,0,0,0
108000049,279,52,227
108000050,0,1,-1
108000051,138,29,109
108000052,5,6,-1
108000053,252,44,208
108000054,10,23,-13
108000055,398,121,277
108000056,37,30,7
108000057,304,397,-93
108000058,451,678,-227
108000059,1,133,-132
108000060,149,144,5
108000061,0,0,0
108000062,243,99,144
108000063,0,0,0
108000064,138,82,56
108000065,0,0,0
108000066,354,44,310
108000067,726,14,712
108000068,558,84,474
108000069,0,0,0
108000070,1416,93,1323
108000071,0,0,0
108000072,1568,143,1425
108000073,0,0,0
108000074,432,95,337
108000075,0,0,0
108000076,806,253,553
108000077,0,0,0
108000078,1726,566,1160
108000079,0,0,0
108000080,986,241,745
108000081,0,0,0
108000082,0,0,0
108000083,109,32,77
108000084,0,0,0
108000085,71,53,18
108000086,0,0,0
108000087,7,206,-199
108000088,115,1,114
108000089,0,0,0
108000090,409,39,370
108000091,0,0,0
108000092,433,23,410
108000093,0,0,0
108000094,681,71,610
108000095,0,0,0
108000096,404,283,121
108000097,0,0,0
108000098,1115,119,996
108000099,72,5,67
108000100,115,47,68
108000101,998,173,825
108000102,414,564,-150
108000106,202,0,202
108000107,0,0,0
108000108,84,2,82
108000109,0,0,0
108000110,21,9,12
108000111,0,0,0
108000112,0,14,-14
108000113,92,29,63
108000115,46,25,21
108000117,127,6,121
108000118,2,0,2
108000119,63,8,55
108000120,520,116,404
108000121,48,23,25
108000122,548,27,521
108000123,359,49,310
108000124,0,0,0
108000125,403,48,355
108000126,0,0,0
108000127,462,46,416
108000128,0,0,0
108000129,0,0,0
108000130,273,24,249
108000131,307,58,249
108000132,0,0,0
108000133,748,35,713
108000134,0,0,0
108000135,1268,9,1259
108000136,0,0,0
108000137,60,26,34
108000138,21,24,-3
108000139,83,38,45
108000140,0,0,0
108000141,0,0,0
108000142,0,0,0
108000143,0,0,0
108000144,0,0,0
108000145,0,0,0
108000146,0,0,0
108000147,0,0,0
108000148,0,0,0
108000149,0,0,0
108000150,0,0,0
108000151,0,0,0
108000152,0,0,0
108000153,0,0,0
108000154,0,0,0
108000155,0,0,0
108000156,0,0,0
108000157,0,0,0
108000158,0,0,0
108000159,27,9,18
108000160,82,14,68
108000161,202,69,133
108000165,0,0,0
108000172,0,0,0
108000173,0,0,0
108000175,292,21,271
108000178,0,0,0
108000179,76,522,-446
108000181,0,0,0
108000182,0,0,0
108000183,0,0,0
108000184,45,174,-129
108000185,0,0,0
108000186,0,0,0
108000187,0,0,0
108000188,0,0,0
108000189,73,37,36
108000190,0,0,0
108000192,0,0,0
108000193,0,122,-122
108000194,8,0,8
108000195,0,0,0
108000196,25,1,24
108000198,0,0,0
108000199,0,0,0
108000200,0,0,0
108000203,0,0,0
108000204,0,0,0
108000205,0,0,0
108000339,183,9,174
108000364,27,9,18
108000365,6,25,-19
108000367,0,0,0
108000368,0,0,0
108000369,0,0,0
108000371,0,0,0
108000372,143,0,143
108000373,38,18,20
108000376,0,0,0
108000377,68,74,-6
108000378,5295,2759,2536
108000379,0,0,0
108000381,0,0,0
108000382,63,0,63
108000383,0,0,0
108900001,0,0,0
108900002,0,0,0
108900003,0,0,0
108900004,74,25,49
108900005,0,8,-8
108900006,0,2,-2
108900007,66,27,39
108900008,1,6,-5
108900009,6,0,6
108900010,0,0,0
108900011,79,19,60
108900012,35,3,32
108900013,88,18,70
108900014,0,0,0
108900015,0,0,0
108900016,0,0,0
108900017,0,0,0
108900018,0,0,0
108900019,0,0,0
108900020,0,0,0
108900021,0,0,0
108900022,0,0,0
108900023,0,0,0
108900024,0,0,0
108900025,0,0,0
108900026,0,0,0
108900027,0,0,0
108900028,0,0,0
108900029,0,0,0
108900030,0,0,0
108900031,0,0,0
108900032,0,0,0
108900033,0,0,0
108900034,0,0,0
108900035,0,0,0
108900036,0,0,0
108900037,0,0,0
108900038,0,0,0
108900039,0,0,0
108900040,0,0,0
108900041,252,58,194
108900042,0,0,0
108900043,0,0,0
108900044,0,0,0
108900045,0,0,0
108900046,0,0,0
108900047,0,0,0
108900048,0,0,0
108900049,0,0,0
108900050,0,0,0
108900051,0,0,0
108900052,0,0,0
108900053,0,0,0
108900054,0,0,0
108900055,0,0,0
108900056,0,0,0
108900057,0,0,0
108900058,0,0,0
108900059,0,0,0
108900060,0,9,-9
108900061,0,0,0
108900062,0,0,0
108900063,0,0,0
108900064,0,0,0
108900065,0,0,0
108900066,28,2,26
108900067,0,0,0
108900068,0,0,0
108900069,0,0,0
108900070,0,0,0
108900071,4,0,4
108900072,0,0,0
108900073,0,0,0
108900074,0,0,0
108900075,0,0,0
108900076,12,1,11
108900077,0,0,0
108900078,0,0,0
108900079,0,0,0
108900080,0,0,0
108900081,0,0,0
108900082,0,0,0
108900083,0,0,0
108900084,0,0,0
108900085,0,0,0
108900086,0,0,0
108900087,0,0,0
108900088,50,6,44
108900089,0,0,0
108900090,0,0,0
108900091,0,0,0
108900092,41,4,37
108900093,0,0,0
108900094,0,0,0
108900095,0,0,0
108900096,0,0,0
108900097,6,2,4
108900098,0,0,0
108900099,27,0,27
108900100,0,0,0
108900101,0,0,0
108900102,0,0,0
108900103,0,0,0
108900104,0,0,0
108900105,0,0,0
108900106,19,0,19
108900108,0,0,0
108900109,0,0,0
108900110,16,9,7
108900111,9,0,9
108900112,0,0,0
108900113,0,0,0
108900114,0,0,0
108900115,0,0,0
108900116,0,0,0
108900117,0,0,0
108900118,0,0,0
108900119,0,0,0
108900120,0,0,0
108900121,0,0,0
108900122,0,0,0
108900123,0,0,0
108900124,0,0,0
108900125,0,0,0
108900126,0,0,0
108900127,0,0,0
108900128,0,0,0
108900129,0,0,0
108900130,0,0,0
108900131,0,0,0
108900132,0,0,0
108900133,0,0,0
108900134,0,0,0
108900135,0,0,0
108900136,0,0,0
108900137,0,0,0
108900138,0,0,0
108900139,0,0,0
108900140,0,0,0
108900141,0,0,0
108900142,0,0,0
108900143,0,0,0
108900144,0,0,0
108900145,0,0,0
108900146,0,0,0
108900147,0,0,0
108900148,0,0,0
108900149,0,0,0
108900150,0,0,0
108900151,0,0,0
108900152,0,0,0
108900153,0,0,0
108900154,2,0,2
108900155,0,0,0
108900156,0,0,0
108900157,0,0,0
108900158,0,0,0
108900159,0,0,0
108900160,0,0,0
108900161,0,0,0
108900162,0,0,0
108900163,0,0,0
108900164,0,0,0
108900165,0,0,0
108900167,0,0,0
108900168,0,0,0
108900169,0,0,0
108900171,15,83,-68
108900172,0,0,0
108900173,0,0,0
108900174,0,0,0
108900176,0,0,0
108900177,0,0,0
108900178,0,0,0
108900179,1,48,-47
108900180,0,13,-13
108900182,0,7,-7
108900183,0,0,0
108900184,34,3,31
108900185,0,0,0
108900186,0,0,0
108900187,0,0,0
108900188,0,0,0
108900189,5,1,4
108900190,0,0,0
108900191,0,0,0
108900192,0,0,0
108900193,0,0,0
108900194,0,0,0
108900195,2,0,2
108900196,0,0,0
108900198,0,0,0
108900199,0,0,0
108900200,10,1,9
108900201,0,0,0
108900203,0,0,0
108900204,0,0,0
108900205,0,0,0
108900206,0,0,0
108900207,0,0,0
108900208,0,0,0
108900209,0,0,0
108900210,0,0,0
108900211,0,0,0
108900212,0,0,0
108900215,0,0,0
108900216,0,0,0
108900217,0,0,0
108900218,0,0,0
108900219,0,0,0
108900220,0,0,0
108900221,0,0,0
108900222,0,0,0
108900223,0,0,0
108900224,0,0,0
108900225,0,0,0
108900226,0,0,0
108900227,0,0,0
108900230,0,0,0
108900231,0,0,0
108900232,0,0,0
108900233,0,0,0
108900234,0,0,0
108900235,0,0,0
108900236,0,0,0
108900237,0,0,0
108900240,0,0,0
108900241,0,0,0
108900245,0,0,0
108900249,0,0,0
108900250,0,0,0
108900257,0,0,0
108900258,0,0,0
108900259,0,0,0
108900260,0,0,0
108900261,0,0,0
108900262,0,0,0
108900263,0,0,0
108900264,0,0,0
108900265,0,0,0
108900266,0,0,0
108900267,0,0,0
108900268,0,0,0
108900269,0,0,0
108900270,0,0,0
108900271,0,0,0
108900272,0,0,0
108900273,0,0,0
108900274,0,0,0
109000001,805,508,297
109000002,1,268,-267
109000003,1719,265,1454
109000004,1,161,-160
109000005,1416,196,1220
109000006,2,123,-121
109000007,1423,216,1207
109000008,5,84,-79
109000009,1775,284,1491
109000010,24,204,-180
109000011,2158,446,1712
109000012,45,212,-167
109000013,2605,715,1890
109000014,52,195,-143
109000015,3264,489,2775
109000016,91,274,-183
109000017,1937,408,1529
109000018,74,302,-228
109000019,1582,277,1305
109000020,9,128,-119
109000023,14,1,13
109000024,0,0,0
109000025,0,0,0
109000026,42,1,41
109000027,0,0,0
109000028,10,1,9
109000029,0,0,0
109000030,0,0,0
109000031,252,35,217
109000032,0,0,0
109000033,182,37,145
109000034,0,0,0
109000035,0,0,0
109000036,1,21,-20
109000037,0,0,0
109000038,36,26,10
109000039,0,0,0
109000040,0,0,0
109000041,48,82,-34
109000042,23,37,-14
109000044,101,22,79
109000045,0,0,0
109000046,191,19,172
109000047,0,0,0
109000048,282,52,230
109000049,0,0,0
109000050,252,87,165
109000051,0,0,0
109000052,0,0,0
109000053,0,0,0
109000054,0,0,0
109000055,0,0,0
109000056,0,0,0
109000057,0,0,0
109000058,0,0,0
109000059,0,0,0
109000060,6,7,-1
109000061,0,0,0
109000062,5,20,-15
109000063,0,0,0
109000064,1,49,-48
109000065,0,0,0
109000066,29,3,26
109000067,0,0,0
109000068,109,0,109
109000069,263,40,223
109000070,0,0,0
109000071,0,0,0
109000072,0,0,0
109000073,0,0,0
109000074,0,0,0
109000075,0,0,0
109000076,24,33,-9
109000077,26,6,20
109000078,2,7,-5
109000079,2,0,2
109000080,10,0,10
109000081,27,3,24
109000082,24,10,14
109000083,28,4,24
109000088,0,24,-24
109000089,1,0,1
109000090,1,23,-22
109000091,0,0,0
109000092,2,24,-22
109000093,0,0,0
109000094,4,0,4
109000095,0,13,-13
109000096,10,3,7
109000097,0,0,0
109000098,27,7,20
109000099,221,11,210
109000100,9,20,-11
109000101,358,16,342
109000102,2,27,-25
109000103,18,25,-7
109000104,461,17,444
109000105,13,56,-43
109000106,399,5,394
109000107,3,51,-48
109000108,400,23,377
109000109,7,49,-42
109000110,76,96,-20
109000111,37,191,-154
109000112,0,0,0
109000113,9,15,-6
109000114,131,103,28
109000115,193,2,191
109000116,0,0,0
109000117,113,3,110
109000118,0,0,0
109000119,356,2,354
109000120,0,0,0
109000121,183,15,168
109000122,0,0,0
109000123,0,0,0
109000124,61,0,61
109000125,575,18,557
109000126,0,0,0
109000127,596,27,569
109000128,0,0,0
109000129,470,75,395
109000130,0,0,0
109000131,100,202,-102
109000132,4,33,-29
109000133,0,0,0
109000134,0,0,0
109000135,0,0,0
109000136,24,25,-1
109000137,100,1,99
109000138,18,7,11
109000139,88,30,58
109000140,29,8,21
109000141,89,5,84
109000142,0,0,0
109000143,0,0,0
109000145,0,0,0
109000146,7,32,-25
109000148,0,0,0
109000149,0,0,0
109000150,8,96,-88
109000155,0,0,0
109000156,287,26,261
109000158,0,0,0
109000159,43,17,26
109000160,0,0,0
109000161,471,60,411
109000162,66,9,57
109000163,426,25,401
109000164,64,17,47
109000165,413,127,286
109000166,63,6,57
109000167,14,6,8
109000170,0,0,0
109000171,0,0,0
109000172,0,0,0
109000173,0,0,0
109000174,0,0,0
109000175,0,0,0
109000176,28,6,22
109000177,0,0,0
109000178,11,0,11
109000179,0,0,0
109000180,0,0,0
109000181,0,0,0
109000182,0,0,0
109000183,1,1,0
109000184,0,0,0
109000185,10,7,3
109000188,20,29,-9
109000189,57,0,57
109000190,0,0,0
109000191,368,43,325
109000192,0,1,-1
109000193,0,0,0
109000194,0,0,0
109000195,0,0,0
109000196,0,0,0
109000197,0,0,0
109000198,0,0,0
109000199,0,0,0
109000206,0,0,0
109000207,0,0,0
109000208,0,0,0
109000209,0,0,0
109000210,0,0,0
109000211,0,0,0
109000214,65,65,0
109000215,240,29,211
109000216,40,222,-182
109000217,0,0,0
109000218,0,0,0
109000221,0,14,-14
109000222,5,5,0
109000223,2,45,-43
109000224,0,0,0
109000225,2,1,1
109000226,26,1,25
109000227,37,9,28
109000228,0,0,0
109000231,1,1,0
109000232,73,0,73
109000236,0,0,0
109000241,41,40,1
109000242,316,46,270
109000293,0,0,0
109000361,0,0,0
109000364,0,0,0
109000396,0,1,-1
109000397,5,0,5
109000399,3,20,-17
109000400,0,0,0
109000403,0,0,0
109000406,107,1,106
109000407,0,0,0
109000408,0,83,-83
109000410,0,0,0
109000411,20,1,19
109900001,0,0,0
109900002,0,0,0
109900003,0,0,0
109900004,0,0,0
109900005,0,0,0
109900006,0,0,0
109900007,0,0,0
109900008,0,0,0
109900009,0,0,0
109900010,0,0,0
109900011,0,0,0
109900012,0,0,0
109900013,0,0,0
109900014,0,0,0
109900015,0,0,0
109900016,0,0,0
109900017,0,0,0
109900018,0,0,0
109900019,0,0,0
109900020,0,0,0
109900021,0,0,0
109900022,4,2,2
109900023,0,0,0
109900024,0,0,0
109900025,0,0,0
109900026,0,0,0
109900027,0,0,0
109900028,0,0,0
109900029,0,0,0
109900030,0,0,0
109900031,0,0,0
109900032,0,0,0
109900033,0,0,0
109900034,0,0,0
109900035,0,0,0
109900036,0,0,0
109900037,0,0,0
109900038,0,0,0
109900039,0,0,0
109900040,0,0,0
109900041,0,0,0
109900042,0,0,0
109900044,0,0,0
109900045,0,0,0
109900046,0,0,0
109900047,0,0,0
109900048,0,0,0
109900049,0,0,0
109900050,0,0,0
109900051,0,0,0
109900052,0,0,0
109900053,0,0,0
109900054,0,0,0
109900055,0,0,0
109900056,0,0,0
109900057,0,0,0
109900058,0,0,0
109900059,0,0,0
109900060,0,0,0
109900061,0,0,0
109900062,0,0,0
109900063,0,0,0
109900064,16,0,16
109900065,0,0,0
109900066,0,0,0
109900067,0,0,0
109900068,0,0,0
109900069,0,0,0
109900070,0,0,0
109900071,0,0,0
109900072,0,0,0
109900073,0,0,0
109900074,0,0,0
109900075,0,0,0
109900076,0,0,0
109900077,0,0,0
109900078,0,0,0
109900080,0,0,0
109900081,0,0,0
109900082,0,0,0
109900083,0,0,0
109900084,0,0,0
109900085,0,0,0
109900086,0,0,0
109900087,0,0,0
109900089,0,0,0
109900090,0,0,0
109900091,0,0,0
109900092,0,0,0
109900093,0,0,0
109900094,0,0,0
109900095,0,0,0
109900096,0,0,0
109900097,0,0,0
109900098,0,0,0
109900099,0,0,0
109900100,0,0,0
109900101,0,0,0
109900102,0,0,0
109900103,0,0,0
109900104,0,0,0
109900105,0,0,0
109900106,0,0,0
109900107,0,0,0
109900108,0,0,0
109900109,0,0,0
109900110,0,0,0
109900111,0,0,0
109900112,0,0,0
109900113,0,0,0
109900114,0,0,0
109900115,0,0,0
109900117,0,0,0
109900118,0,0,0
109900119,0,0,0
109900120,0,0,0
109900121,0,0,0
109900122,0,0,0
109900123,0,0,0
109900124,0,0,0
109900125,0,0,0
109900126,0,0,0
109900128,0,0,0
109900130,0,0,0
109900131,0,0,0
109900132,0,0,0
109900133,0,0,0
109900134,0,0,0
109900135,0,0,0
109900136,0,0,0
109900137,0,0,0
109900140,0,0,0
109900142,0,0,0
109900145,0,0,0
109900146,0,0,0
109900148,0,0,0
109900149,0,0,0
109900150,0,0,0
109900151,0,0,0
109900152,0,0,0
109900153,0,0,0
109900154,0,0,0
109900155,0,0,0
109900157,0,0,0
109900158,0,0,0
109900159,0,0,0
109900160,0,0,0
109900161,0,0,0
109900162,0,0,0
109900163,0,0,0
109900164,0,0,0
109900165,0,0,0
109900166,0,0,0
109900167,0,0,0
109900168,0,0,0
109900169,0,0,0
109900170,0,0,0
109900171,0,0,0
109900172,0,0,0
109900173,0,0,0
109900174,0,0,0
109900175,0,0,0
109900176,0,0,0
109900177,0,0,0
109900178,0,0,0
109900179,0,0,0
109900180,0,0,0
110000001,78,79,-1
110000002,633,336,297
110000003,89,193,-104
110000004,653,223,430
110000005,22,61,-39
110000006,0,36,-36
110000007,1,3,-2
110000008,0,0,0
110000009,2,0,2
110000010,0,0,0
110000011,7,0,7
110000012,0,0,0
110000013,2,20,-18
110000014,33,21,12
110000015,7,8,-1
110000016,53,36,17
110000017,67,39,28
110000018,10,26,-16
110000019,0,0,0
110000020,0,0,0
110000021,45,5,40
110000022,0,0,0
110000023,0,0,0
110000024,0,0,0
110000025,0,0,0
110000026,0,0,0
110000027,16,48,-32
110000028,121,18,103
110000029,0,0,0
110000030,71,8,63
110000031,0,0,0
110000032,129,4,125
110000033,5,11,-6
110000034,3,0,3
110000035,17,35,-18
110000036,42,0,42
110000037,5,11,-6
110000038,25,0,25
110000039,177,64,113
110000040,0,0,0
110000041,178,126,52
110000042,0,0,0
110000043,101,100,1
110000044,0,0,0
110000045,0,33,-33
110000046,0,0,0
110000047,1,13,-12
110000048,0,0,0
110000049,1,0,1
110000050,0,0,0
110000051,4,6,-2
110000052,3,14,-11
110000053,1,0,1
110000054,0,0,0
110000055,22,3,19
110000056,104,34,70
110000057,0,0,0
110000058,70,111,-41
110000059,19,62,-43
110000060,707,184,523
110000061,54,125,-71
110000062,613,164,449
110000063,0,0,0
110000064,5,5,0
110000065,0,0,0
110000066,0,0,0
110000067,5,0,5
110000068,0,3,-3
110000069,0,0,0
110000071,0,0,0
110000073,0,0,0
110000075,0,0,0
110000076,0,0,0
110000077,0,0,0
110000078,0,0,0
110000080,38,16,22
110000081,0,0,0
110000082,0,0,0
110000083,26,90,-64
110000084,367,169,198
110000085,273,352,-79
110000086,408,217,191
110000087,0,32,-32
110000088,1,100,-99
110000089,297,3,294
110000090,0,0,0
110000091,0,0,0
110000092,0,0,0
110000093,72,5,67
110000094,6,1,5
110000095,364,65,299
110000096,96,57,39
110000097,648,74,574
110000098,432,50,382
110000099,24,56,-32
110000100,54,3,51
110000101,0,0,0
110000102,0,0,0
110000104,0,0,0
110000105,16,11,5
110000106,0,0,0
110000107,2,42,-40
110000108,403,2,401
110000109,0,0,0
110000110,1022,165,857
110000111,0,0,0
110000112,0,0,0
110000113,0,0,0
110000114,2,5,-3
110000115,9,23,-14
110000116,4,12,-8
110000117,0,0,0
110000118,173,17,156
110000119,0,0,0
110000120,49,24,25
110000121,0,0,0
110000122,27,3,24
110000123,76,99,-23
110000124,0,0,0
110000125,293,22,271
110000126,98,8,90
110000127,300,4,296
110000128,0,0,0
110000129,0,0,0
110000130,59,15,44
110000131,0,0,0
110000132,0,0,0
110000133,0,0,0
110000134,0,0,0
110000135,36,3,33
110000136,0,0,0
110000137,100,2,98
110000138,0,0,0
110000139,104,4,100
110000140,618,20,598
110000143,129,7,122
110000144,1111,326,785
110000145,251,67,184
110000146,698,45,653
110000147,0,0,0
110000148,100,14,86
110000151,9,84,-75
110000152,0,0,0
110000153,0,0,0
110000154,0,5,-5
110000155,117,366,-249
110000156,30,147,-117
110000157,75,321,-246
110000160,0,0,0
110000161,0,0,0
110000166,0,0,0
110000167,353,47,306
110000168,465,90,375
110000169,207,109,98
110000170,29,28,1
110000171,176,3,173
110000172,7,38,-31
110000173,27,14,13
110000174,0,0,0
110000175,19,0,19
110000176,15,16,-1
110000177,20,46,-26
110000178,137,82,55
110000179,70,88,-18
110000180,75,48,27
110000181,91,27,64
110000182,80,8,72
110000183,252,135,117
110000184,93,83,10
110000185,0,0,0
110000186,0,0,0
110000191,100,0,100
110000192,0,0,0
110000193,0,0,0
110000194,0,0,0
110000195,0,0,0
110000196,0,0,0
110000197,0,0,0
110000198,0,0,0
110000199,0,0,0
110000200,10,0,10
110000201,0,0,0
110000202,0,0,0
110000203,0,0,0
110000204,0,0,0
110000205,0,0,0
110000206,0,0,0
110000207,0,0,0
110000208,0,0,0
110000209,0,0,0
110000210,714,170,544
110000211,579,235,344
110000212,100,36,64
110000213,8,0,8
110000214,5,1,4
110000215,0,0,0
110000216,0,0,0
110000217,134,0,134
110000218,0,0,0
110000219,53,0,53
110000220,0,0,0
110000221,4,0,4
110000222,0,0,0
110000223,0,0,0
110000224,0,0,0
110000225,0,0,0
110000226,347,20,327
110000227,0,0,0
110000228,30,1,29
110000229,0,0,0
110000230,376,53,323
110000231,60,70,-10
110000232,0,0,0
110000233,58,17,41
110000234,121,21,100
110000235,122,78,44
110000236,0,0,0
110000237,0,0,0
110000238,335,92,243
110000239,0,0,0
110000240,0,0,0
110000242,0,0,0
110000243,0,0,0
110000244,0,0,0
110000245,0,0,0
110000246,13,7,6
110000247,90,72,18
110000248,48,39,9
110000249,0,0,0
110000250,0,4,-4
110000251,3,13,-10
110000252,58,4,54
110000253,54,35,19
110000254,0,0,0
110000255,0,0,0
110000256,30,23,7
110000257,24,0,24
110000258,0,6,-6
110000259,0,0,0
110000260,0,1,-1
110000263,0,0,0
110000264,8,5,3
110000265,858,134,724
110000266,408,335,73
110000267,0,0,0
110000268,7,1,6
110000269,0,0,0
110000270,70,0,70
110000271,103,17,86
110000272,142,141,1
110000273,116,176,-60
110000274,30,182,-152
110000275,96,40,56
110000276,30,57,-27
110000277,427,65,362
110000278,0,143,-143
110000279,284,119,165
110000280,266,28,238
110000281,0,0,0
110000282,16,0,16
110000283,0,0,0
110000284,0,0,0
110000285,0,0,0
110000286,22,4,18
110000287,0,0,0
110000288,0,0,0
110000289,0,0,0
110000290,0,0,0
110000291,178,5,173
110000292,0,0,0
110000293,158,16,142
110000294,0,0,0
110000295,97,5,92
110000296,0,0,0
110000297,0,0,0
110000298,0,0,0
110000299,0,0,0
110000301,0,0,0
110000302,0,0,0
110000303,0,0,0
110000304,0,0,0
110000305,101,0,101
110000306,0,0,0
110000307,100,0,100
110000308,152,2,150
110000309,0,0,0
110000310,67,0,67
110000311,0,0,0
110000312,20,1,19
110000313,0,0,0
110000314,0,0,0
110000315,32,189,-157
110000316,2,133,-131
110000317,0,0,0
110000318,0,0,0
110000319,0,0,0
110000320,0,0,0
110000321,0,0,0
110000322,1,12,-11
110000323,0,0,0
110000324,0,0,0
110000325,568,315,253
110000327,133,15,118
110000328,0,0,0
110000333,56,108,-52
110000334,2,12,-10
110000335,35,10,25
110000336,4,11,-7
110000337,604,154,450
110000338,46,3,43
110000339,12,33,-21
110000340,1,1,0
110000341,40,0,40
110000342,0,0,0
110000343,0,0,0
110000344,0,0,0
110000345,0,0,0
110000346,290,186,104
110000347,654,182,472
110000348,0,0,0
110000349,0,0,0
110000350,14,0,14
110000351,430,92,338
110000352,0,0,0
110000353,778,59,719
110000354,1,5,-4
110000355,0,0,0
110000356,176,0,176
110000357,0,0,0
110000361,0,0,0
110000362,1,14,-13
110000363,97,0,97
110000364,108,60,48
110000365,23,0,23
110000366,0,0,0
110000367,0,0,0
110000368,0,0,0
110000369,6,0,6
110000373,0,0,0
110000374,0,0,0
110000375,93,8,85
110000376,0,0,0
110000377,52,136,-84
110000378,0,0,0
110000379,437,173,264
110000380,89,0,89
110000383,0,0,0
110000384,191,1,190
110000385,0,0,0
110000387,9,0,9
110000388,0,0,0
110000389,587,4,583
110000391,233,11,222
110000396,0,0,0
110000397,1,0,1
110000398,0,0,0
110000399,525,1,524
110000587,5,1,4
110000589,0,1,-1
110000640,0,0,0
110000652,0,0,0
110000653,0,0,0
110000654,0,0,0
110000656,0,0,0
110000674,0,0,0
110000675,0,0,0
110000676,0,0,0
110000679,0,0,0
110000682,5,22,-17
110000683,49,49,0
110000684,0,0,0
110000685,16,6,10
110000686,0,0,0
110000687,7,0,7
110000688,27,0,27
110000689,0,0,0
110000692,0,2,-2
110000693,0,0,0
110000694,0,0,0
110000695,0,0,0
110000696,40,11,29
110900001,0,0,0
110900002,0,0,0
110900003,0,0,0
110900004,0,0,0
110900005,0,0,0
110900006,0,0,0
110900007,0,0,0
110900008,0,0,0
110900009,0,0,0
110900010,0,0,0
110900011,0,0,0
110900012,0,0,0
110900013,0,0,0
110900014,0,0,0
110900015,0,0,0
110900016,0,0,0
110900017,0,0,0
110900018,0,0,0
110900019,0,0,0
110900020,0,0,0
110900021,0,0,0
110900022,0,0,0
110900023,0,0,0
110900024,0,0,0
110900025,0,0,0
110900027,0,0,0
110900028,0,0,0
110900029,0,0,0
110900030,0,0,0
110900031,0,0,0
110900032,0,0,0
110900033,0,0,0
110900035,0,0,0
110900036,0,0,0
110900037,0,0,0
110900038,0,0,0
110900039,0,0,0
110900040,0,0,0
110900041,0,0,0
110900042,0,0,0
110900043,0,0,0
110900044,0,0,0
110900045,0,0,0
110900046,0,0,0
110900047,0,0,0
110900049,0,0,0
110900050,0,0,0
110900051,0,0,0
110900052,0,0,0
110900053,0,0,0
110900054,0,0,0
110900055,0,0,0
110900056,0,0,0
110900057,0,0,0
110900058,0,0,0
110900059,0,0,0
110900060,0,0,0
110900061,0,0,0
110900062,0,0,0
110900063,0,0,0
110900064,0,0,0
110900065,0,0,0
110900066,0,0,0
110900067,0,0,0
110900068,0,0,0
110900069,0,0,0
110900070,0,0,0
110900071,0,0,0
110900073,0,0,0
110900074,0,0,0
110900075,0,0,0
110900077,0,0,0
110900078,0,0,0
110900079,0,0,0
110900080,0,0,0
110900081,0,0,0
110900082,0,0,0
110900083,0,0,0
110900084,0,0,0
110900085,0,0,0
110900086,0,0,0
110900087,0,0,0
110900088,0,0,0
110900090,0,0,0
110900091,0,0,0
110900093,0,0,0
110900095,0,0,0
110900097,0,0,0
110900098,0,0,0
110900099,0,0,0
110900100,0,0,0
110900102,0,0,0
110900105,0,0,0
110900108,0,0,0
110900111,0,0,0
110900112,0,0,0
110900113,0,0,0
110900115,0,0,0
110900116,0,0,0
110900118,0,0,0
110900119,0,0,0
110900120,0,0,0
110900121,0,0,0
110900122,0,0,0
110900125,0,0,0
110900127,0,0,0
110900128,0,0,0
110900129,0,0,0
110900130,0,0,0
110900131,0,0,0
110900132,0,0,0
110900133,0,0,0
110900135,0,0,0
110900136,0,0,0
110900137,0,0,0
110900138,0,0,0
110900139,0,0,0
110900140,0,0,0
110900141,0,0,0
110900142,0,0,0
110900143,0,0,0
110900144,0,0,0
110900145,0,0,0
110900146,0,0,0
110900147,0,0,0
110900148,0,0,0
110900149,0,0,0
110900150,0,0,0
110900151,0,0,0
110900152,0,0,0
110900153,0,0,0
111000001,29,43,-14
111000002,0,0,0
111000003,458,62,396
111000004,0,0,0
111000005,449,62,387
111000006,0,0,0
111000007,658,98,560
111000008,0,0,0
111000009,9,151,-142
111000010,567,107,460
111000011,46,40,6
111000012,329,60,269
111000013,3,81,-78
111000014,586,98,488
111000017,0,0,0
111000018,0,0,0
111000020,0,0,0
111000021,29,6,23
111000023,56,1,55
111000025,103,161,-58
111000029,0,0,0
111000030,0,0,0
111000031,484,119,365
111000032,54,8,46
111000033,39,7,32
111000034,6,22,-16
111000037,0,0,0
111000038,46,14,32
111000039,10,2,8
111000040,4,6,-2
111000041,0,0,0
111000042,0,0,0
111000043,864,128,736
111000044,806,107,699
111000045,983,297,686
111000046,472,153,319
111000047,569,198,371
111000049,88,9,79
111000050,0,0,0
111000051,0,0,0
111000052,0,0,0
111000053,0,0,0
111000054,0,0,0
111000055,4,1,3
111000056,0,0,0
111000057,0,0,0
111000058,117,2,115
111000059,278,55,223
111000060,1644,98,1546
111000061,204,25,179
111000062,301,15,286
111000063,630,33,597
111000064,617,41,576
111000065,659,25,634
111000066,190,11,179
111000067,0,0,0
111000068,0,0,0
111000069,0,0,0
111000070,0,0,0
111000071,0,0,0
111000072,893,182,711
111000073,482,182,300
111000074,976,233,743
111000075,211,23,188
111000076,292,39,253
111000077,752,186,566
111000078,210,31,179
111000079,333,37,296
111000080,125,44,81
111000081,89,83,6
111000082,116,25,91
111000084,70,136,-66
111000085,75,18,57
111000086,102,22,80
111000087,107,16,91
111000088,119,30,89
111000089,127,19,108
111000090,40,44,-4
111000091,0,0,0
111000092,0,0,0
111000093,0,0,0
111000094,20,3,17
111000095,6,23,-17
111000096,50,24,26
111000097,0,0,0
111000098,0,0,0
111000099,0,0,0
111000100,0,0,0
111000101,0,0,0
111000102,0,0,0
111000104,110,20,90
111000107,0,0,0
111000109,75,35,40
111000110,354,90,264
111000111,1122,30,1092
111000112,871,12,859
111000113,466,169,297
111000114,249,146,103
111000115,1359,137,1222
111000116,225,52,173
111000117,97,18,79
111000118,235,35,200
111000119,261,66,195
111000120,318,48,270
111000121,125,40,85
111000122,4,4,0
111000123,8,3,5
111000124,0,0,0
111000125,0,0,0
111000126,0,0,0
111000127,255,3,252
111000128,860,9,851
111000129,1155,14,1141
111000130,1243,63,1180
111000131,827,18,809
111000132,405,62,343
111000133,4,6,-2
111000134,27,16,11
111000135,0,0,0
111000136,236,13,223
111000138,6,0,6
111000140,0,0,0
111000141,1,5,-4
111000142,0,0,0
111000143,0,0,0
111000144,0,0,0
111000145,0,0,0
111000146,2,0,2
111000147,21,0,21
111000148,43,8,35
111000149,0,0,0
111000150,25,1,24
111000151,0,0,0
111000153,128,2,126
111000154,28,1,27
111000155,51,4,47
111000156,183,25,158
111000157,99,101,-2
111000158,197,147,50
111000159,265,152,113
111000160,93,30,63
111000161,2,70,-68
111000162,0,0,0
111000163,0,0,0
111000164,0,0,0
111000165,176,5,171
111000166,0,0,0
111000167,0,0,0
111000168,17,23,-6
111000169,34,28,6
111000170,40,2,38
111000171,50,8,42
111000172,4,10,-6
111000173,25,10,15
111000174,8,6,2
111000175,1,4,-3
111000176,0,0,0
111000177,0,0,0
111000178,0,0,0
111000179,0,0,0
111000180,0,0,0
111000181,113,0,113
111000182,54,1,53
111000183,59,6,53
111000184,86,24,62
111000185,10,17,-7
111000186,13,0,13
111000187,7,0,7
111000188,13,5,8
111000189,0,0,0
111000190,0,0,0
111000191,0,0,0
111000192,0,0,0
111000193,0,0,0
111000194,0,0,0
111000195,0,0,0
111000196,0,0,0
111000197,87,14,73
111000198,145,0,145
111000199,81,8,73
111000200,336,25,311
111000201,98,3,95
111000202,96,7,89
111000203,116,25,91
111000204,43,228,-185
111000213,78,49,29
111000214,141,54,87
111000215,228,55,173
111000217,226,23,203
111000218,108,159,-51
111000219,0,0,0
111000220,157,40,117
111000221,13,34,-21
111000224,0,0,0
111000225,35,6,29
111000226,4,1,3
111000227,13,0,13
111000228,0,0,0
111000229,0,0,0
111000230,5,7,-2
111000231,181,13,168
111000232,0,0,0
111000233,0,0,0
111000234,0,0,0
111000239,0,0,0
111000240,46,16,30
111000241,0,0,0
111000242,52,6,46
111000243,0,0,0
111000244,63,11,52
111000245,213,37,176
111000246,106,45,61
111000247,0,0,0
111000248,76,41,35
111000249,0,0,0
111000250,0,0,0
111000251,0,0,0
111000253,0,0,0
111000255,0,0,0
111000257,0,0,0
111000260,0,0,0
111000261,90,14,76
111000271,0,0,0
111000273,113,37,76
111000274,232,158,74
111000275,73,1,72
111000276,0,0,0
111000277,0,0,0
111000278,148,7,141
111000291,180,418,-238
111000298,1,0,1
111000299,142,0,142
111000300,0,0,0
111000302,0,0,0
111000303,0,0,0
111000312,0,0,0
111000315,0,0,0
111000320,5,15,-10
111000321,7,17,-10
111000322,76,11,65
111000323,1,2,-1
111000324,4,6,-2
111000325,0,0,0
111000326,3,2,1
111000327,67,18,49
111000328,11,74,-63
111000329,0,0,0
111000330,7,0,7
111000331,26,0,26
111000332,121,98,23
111000334,8,26,-18
111000335,38,1,37
111000337,123,2,121
111000338,2,1,1
111000339,0,0,0
111000340,8,4,4
111000341,175,14,161
111000342,0,0,0
111000344,248,20,228
111000345,7,9,-2
111000346,0,0,0
111000347,0,0,0
111000350,11,6,5
111000351,0,0,0
111000352,42,1,41
111000353,0,0,0
111000354,21,2,19
111000355,0,0,0
111000358,51,11,40
111000360,34,8,26
111000361,64,3,61
111000546,4,0,4
111000547,114,5,109
111000548,2,1,1
111000549,123,3,120
111000550,0,2,-2
111000551,65,3,62
111000552,1,3,-2
111000907,306,0,306
111000908,7,0,7
111000916,126,3,123
111000917,0,0,0
111000918,9,12,-3
111000920,62,0,62
111000921,0,0,0
111000922,1,0,1
111000924,0,0,0
111000925,1932,233,1699
111000926,168,89,79
111000927,1926,401,1525
111000928,379,369,10
111000929,1485,216,1269
111000930,35,167,-132
111000931,1425,353,1072
111000932,164,158,6
111000933,1767,530,1237
111000934,17,93,-76
111000935,821,113,708
111000936,13,54,-41
111000937,547,239,308
111000938,6,166,-160
111000939,130,1,129
111000940,0,0,0
111000941,36,7,29
111000943,0,0,0
111000944,22,3,19
111000945,12,0,12
111001109,153,17,136
111001110,0,0,0
111001111,1,0,1
111001112,242,3,239
111001113,3,158,-155
111001114,3,1,2
111001115,0,0,0
111001116,476,53,423
111001117,0,0,0
111001120,22,28,-6
111001121,0,0,0
111001122,0,0,0
111001123,6,11,-5
111001124,0,0,0
111001125,1,79,-78
111900001,0,0,0
111900002,0,0,0
111900003,0,0,0
111900004,0,0,0
111900006,0,0,0
111900007,0,0,0
111900008,0,0,0
111900009,0,0,0
111900010,0,0,0
111900012,0,0,0
111900013,0,0,0
111900014,20,1,19
111900015,0,0,0
111900016,0,0,0
111900017,0,0,0
111900018,0,0,0
111900019,0,0,0
111900020,0,0,0
111900021,0,0,0
111900022,0,0,0
111900023,0,0,0
111900024,0,0,0
111900025,0,0,0
111900026,0,0,0
111900027,0,0,0
111900028,0,0,0
111900029,0,0,0
111900030,0,0,0
111900031,0,0,0
111900032,0,0,0
111900033,0,0,0
111900034,0,0,0
111900035,0,0,0
111900036,0,0,0
111900038,0,0,0
111900039,0,0,0
111900040,0,0,0
111900042,0,0,0
111900043,0,0,0
111900044,0,0,0
111900046,0,0,0
111900048,0,0,0
111900049,0,0,0
111900050,0,0,0
111900051,0,0,0
111900052,0,0,0
111900053,0,0,0
111900054,0,0,0
111900055,0,0,0
111900056,0,0,0
111900057,23,0,23
111900058,0,0,0
111900059,34,20,14
111900060,0,0,0
111900061,0,0,0
111900062,0,0,0
111900063,0,0,0
111900064,0,0,0
111900065,0,0,0
111900066,0,0,0
111900067,0,0,0
111900068,0,0,0
111900069,0,0,0
111900070,0,0,0
111900071,0,0,0
111900072,0,0,0
111900073,0,0,0
111900074,0,0,0
111900075,0,0,0
111900076,0,0,0
111900077,0,0,0
111900078,0,0,0
111900079,0,0,0
111900080,0,0,0
111900082,0,0,0
111900083,0,0,0
111900084,0,0,0
111900085,0,0,0
111900086,0,0,0
111900087,0,0,0
111900088,0,0,0
111900089,0,0,0
111900090,0,0,0
111900091,0,0,0
111900092,0,0,0
111900093,0,0,0
111900094,0,0,0
111900095,0,0,0
111900096,0,0,0
111900097,0,0,0
111900098,0,0,0
111900099,0,0,0
111900100,0,0,0
111900101,0,0,0
111900102,0,0,0
111900103,0,0,0
111900104,0,0,0
111900105,0,0,0
111900106,0,0,0
111900110,0,0,0
111900111,3,0,3
111900112,0,0,0
111900113,0,0,0
111900118,0,0,0
111900119,0,0,0
111900122,0,0,0
111900123,0,0,0
111900124,0,0,0
111900125,0,0,0
111900126,0,0,0
111900127,0,0,0
111900128,0,0,0
111900129,0,0,0
111900130,0,0,0
111900131,0,0,0
111900132,0,0,0
111900133,0,0,0
111900134,0,0,0
111900135,0,0,0
111900136,0,0,0
111900137,0,0,0
111900138,0,0,0
111900139,0,0,0
111900140,0,0,0
111900141,0,0,0
111900142,0,0,0
111900143,0,0,0
111900144,0,0,0
111900145,0,0,0
111900146,0,0,0
111900147,0,0,0
111900148,0,0,0
111900149,0,0,0
111900150,0,0,0
111900151,0,0,0
111900152,0,0,0
111900153,0,0,0
111900154,0,0,0
111900155,0,0,0
111900156,0,0,0
111900157,0,0,0
111900158,0,0,0
111900159,0,0,0
111900160,0,0,0
111900161,0,0,0
111900162,0,0,0
111900163,0,0,0
111900164,0,0,0
111901113,0,0,0
111901114,0,0,0
111901115,0,0,0
111901116,0,0,0
111901117,0,0,0
111901118,0,0,0
111901119,0,0,0
111901121,0,0,0
111901122,0,0,0
111901123,0,0,0
111901124,0,0,0
111901125,27,42,-15
111901127,0,0,0
111901128,0,0,0
111901129,0,0,0
111901130,0,0,0
111901131,0,0,0
111901132,0,0,0
111901133,0,0,0
111901134,0,0,0
111901135,0,0,0
111901136,0,0,0
111901137,0,0,0
111901138,0,0,0
111901139,0,0,0
111901140,0,0,0
111901141,0,0,0
111901142,0,0,0
111901143,0,0,0
111901144,0,0,0
111901145,0,0,0
111901146,0,0,0
111901147,0,0,0
111901148,0,0,0
112000001,1102,300,802
112000002,0,0,0
112000003,620,112,508
112000004,0,0,0
112000005,2807,1200,1607
112000006,0,0,0
112000007,976,819,157
112000008,1661,1727,-66
112000009,592,56,536
112000010,285,770,-485
112000011,117,45,72
112000012,675,1394,-719
112000013,76,91,-15
112000014,209,670,-461
112000015,0,0,0
112000016,68,254,-186
112000017,0,0,0
112000024,0,0,0
112000026,0,0,0
112000027,562,456,106
112000028,0,0,0
112000029,0,0,0
112000030,0,0,0
112000031,0,39,-39
112000032,0,0,0
112000033,0,21,-21
112000034,0,0,0
112000035,0,0,0
112000036,0,0,0
112000037,0,0,0
112000038,0,0,0
112000039,23,12,11
112000040,0,0,0
112000041,0,0,0
112000042,0,0,0
112000050,684,439,245
112000051,661,885,-224
112000054,23,139,-116
112000057,0,0,0
112000058,0,2,-2
112000059,0,0,0
112000061,0,0,0
112000062,24,80,-56
112000063,0,0,0
112000064,0,0,0
112000065,0,0,0
112000066,116,314,-198
112000067,0,0,0
112000068,69,225,-156
112000069,0,0,0
112000070,15,51,-36
112000071,0,0,0
112000072,208,13,195
112000073,0,0,0
112000074,105,22,83
112000075,336,81,255
112000076,75,49,26
112000077,85,9,76
112000078,183,27,156
112000079,110,13,97
112000080,69,33,36
112000081,24,136,-112
112000082,137,139,-2
112000083,78,45,33
112000084,160,77,83
112000085,278,27,251
112000086,336,76,260
112000087,82,8,74
112000088,108,40,68
112000089,1,8,-7
112000090,12,5,7
112000091,46,35,11
112000092,1009,91,918
112000093,112,22,90
112000094,398,124,274
112000095,161,10,151
112000096,373,66,307
112000097,511,284,227
112000098,0,0,0
112000099,56,1015,-959
112000100,674,134,540
112000101,0,0,0
112000102,364,57,307
112000103,0,0,0
112000105,0,0,0
112000106,451,76,375
112000107,0,2,-2
112000108,0,0,0
112000109,14,2,12
112000110,260,28,232
112000111,2,34,-32
112000112,232,5,227
112000113,2,23,-21
112000114,300,22,278
112000115,0,0,0
112000116,0,0,0
112000117,0,0,0
112000118,0,0,0
112000119,0,0,0
112000120,0,0,0
112000121,0,0,0
112000122,50,7,43
112000123,163,11,152
112000124,46,3,43
112000125,67,2,65
112000126,0,0,0
112000127,50,89,-39
112000128,0,0,0
112000129,96,2,94
112000130,0,0,0
112000131,0,0,0
112000132,0,0,0
112000133,41,1,40
112000134,86,11,75
112000135,209,42,167
112000136,2,8,-6
112000137,227,84,143
112000138,0,1,-1
112000139,7,23,-16
112000140,0,0,0
112000141,43,5,38
112000142,0,0,0
112000143,146,1,145
112000144,0,0,0
112000145,359,14,345
112000146,0,0,0
112000147,161,16,145
112000148,0,0,0
112000149,14,4,10
112000150,0,0,0
112000151,18,1,17
112000152,0,0,0
112000153,8,2,6
112000154,43,0,43
112000155,0,0,0
112000157,35,301,-266
112000158,29,4,25
112000159,0,0,0
112000167,0,0,0
112000169,0,0,0
112000173,0,0,0
112000175,18,5,13
112000176,0,0,0
112000177,0,0,0
112000178,0,0,0
112000179,0,0,0
112000180,0,0,0
112000181,73,21,52
112000182,177,25,152
112000183,51,0,51
112000184,26,0,26
112000185,0,0,0
112000187,0,0,0
112000195,0,0,0
112000196,0,0,0
112000197,0,0,0
112000198,0,0,0
112000199,0,0,0
112000202,332,2,330
112000216,0,0,0
112000230,0,0,0
112000231,0,0,0
112000256,9,34,-25
112000313,0,0,0
112000314,0,0,0
112000337,0,0,0
112000352,0,0,0
112000392,112,155,-43
112000398,197,83,114
112000399,357,1767,-1410
112000400,5,40,-35
112000401,42,41,1
112000402,590,1602,-1012
112000403,125,921,-796
112000404,123,307,-184
112000405,1062,663,399
112000406,15,108,-93
112000407,2638,493,2145
112000408,86,100,-14
112000409,6,104,-98
112000410,0,0,0
112000411,0,0,0
112000412,0,0,0
112000413,0,0,0
112000414,0,0,0
112000415,0,0,0
112000416,851,164,687
112000417,19,10,9
112000421,0,0,0
112000422,18,0,18
112000424,0,0,0
112000425,0,0,0
112000426,0,0,0
112000427,0,0,0
112000428,0,0,0
112000429,304,377,-73
112000430,347,652,-305
112000431,8,28,-20
112000432,0,0,0
112000433,20,76,-56
112000437,0,22,-22
112900001,0,0,0
112900002,1,1,0
112900003,0,0,0
112900004,0,0,0
112900005,0,0,0
112900006,0,0,0
112900007,0,0,0
112900008,0,0,0
112900009,0,0,0
112900010,0,0,0
112900011,0,0,0
112900012,0,0,0
112900013,0,0,0
112900014,0,0,0
112900015,0,0,0
112900016,0,0,0
112900017,0,0,0
112900018,0,0,0
112900019,0,0,0
112900020,0,0,0
112900021,0,0,0
112900022,0,0,0
112900023,0,0,0
112900024,0,0,0
112900025,0,0,0
112900026,0,0,0
112900027,0,0,0
112900028,0,0,0
112900029,0,0,0
112900030,0,0,0
112900031,0,0,0
112900032,0,0,0
112900034,0,0,0
112900035,0,0,0
112900036,0,0,0
112900037,0,0,0
112900038,0,0,0
112900039,0,0,0
112900040,0,0,0
112900041,0,0,0
112900042,0,0,0
112900043,0,0,0
112900044,0,0,0
112900045,0,0,0
112900046,0,0,0
112900047,0,0,0
112900049,0,0,0
112900050,0,0,0
112900051,0,0,0
112900052,0,0,0
112900053,0,0,0
112900054,0,0,0
112900055,0,0,0
112900056,0,0,0
112900057,0,0,0
112900058,0,0,0
112900059,0,0,0
112900060,0,0,0
112900061,0,0,0
112900062,0,0,0
112900063,0,0,0
112900064,0,0,0
112900065,0,0,0
112900066,0,0,0
112900067,0,0,0
112900068,0,0,0
112900069,0,0,0
112900071,0,0,0
112900072,0,0,0
112900073,0,0,0
112900074,0,0,0
112900075,0,0,0
112900076,0,0,0
112900078,0,0,0
112900079,0,0,0
112900080,0,0,0
112900081,0,0,0
112900082,0,0,0
112900083,0,0,0
112900084,0,0,0
112900086,0,0,0
112900087,0,0,0
112900088,0,0,0
112900089,0,0,0
112900090,0,0,0
112900091,0,0,0
112900092,0,0,0
112900093,0,0,0
112900095,0,0,0
112900096,0,0,0
112900097,0,0,0
112900098,0,0,0
112900099,0,0,0
112900100,0,0,0
112900101,0,0,0
112900102,0,0,0
112900103,0,0,0
112900104,0,0,0
112900105,0,0,0
112900106,0,0,0
112900107,0,0,0
112900108,0,0,0
112900109,0,0,0
112900110,0,0,0
112900111,0,0,0
112900112,0,0,0
112900113,0,0,0
112900114,0,0,0
112900115,0,0,0
112900116,0,0,0
112900117,0,0,0
112900118,0,0,0
112900119,0,0,0
112900120,0,0,0
112900121,0,0,0
112900122,0,0,0
112900123,0,0,0
112900124,0,0,0
112900125,0,0,0
112900126,0,0,0
112900127,0,0,0
112900128,0,0,0
112900129,0,0,0
112900130,0,0,0
112900131,0,0,0
112900132,0,0,0
112900133,0,0,0
112900134,0,0,0
112900135,0,0,0
112900137,0,0,0
112900138,0,0,0
112900139,0,0,0
112900141,0,0,0
112900142,0,0,0
112900143,0,0,0
112900144,0,0,0
112900145,0,0,0
112900146,0,0,0
112900147,0,0,0
112900148,0,0,0
112900149,0,0,0
112900151,0,0,0
112900152,0,0,0
112900153,0,0,0
112900154,0,0,0
112900155,0,0,0
112900156,0,0,0
112900157,0,0,0
112900158,0,0,0
112900159,0,0,0
112900160,0,0,0
112900161,0,0,0
112900162,0,0,0
112900163,0,0,0
112900164,0,0,0
112900165,0,0,0
112900166,0,0,0
112900167,0,0,0
112900168,0,0,0
112900169,0,0,0
112900170,0,0,0
112900172,0,0,0
112900173,0,0,0
112900174,0,0,0
112900175,0,0,0
112900176,0,0,0
112900177,0,0,0
112900178,0,0,0
112900179,0,0,0
112900180,0,0,0
112900181,0,0,0
112900182,0,0,0
112900183,0,0,0
112900184,0,0,0
112900185,0,0,0
112900186,0,0,0
112900187,0,0,0
112900188,0,0,0
112900189,0,0,0
112900190,0,0,0
112900192,0,0,0
112900193,0,0,0
112900194,0,0,0
112900195,0,0,0
112900196,0,0,0
112900197,0,0,0
112900199,0,0,0
112900200,0,0,0
112900201,0,0,0
112900202,0,0,0
112900203,0,0,0
112900204,0,0,0
112900205,0,0,0
112900206,0,0,0
112900207,0,0,0
112900208,0,0,0
112900209,0,0,0
112900210,0,0,0
112900211,0,0,0
112900212,0,0,0
112900213,0,0,0
112900214,0,0,0
112900215,0,0,0
112900216,0,0,0
112900217,0,0,0
112900218,0,0,0
112900219,0,0,0
112900220,0,0,0
112900221,0,0,0
112900222,0,0,0
112900223,0,0,0
112900224,0,0,0
112900225,0,0,0
112900226,0,0,0
112900227,0,0,0
112900228,0,0,0
112900229,0,0,0
112900230,0,0,0
112900232,0,0,0
112900233,0,0,0
112900234,0,0,0
112900235,0,0,0
112900236,0,0,0
112900237,0,0,0
112900238,0,0,0
112900239,0,0,0
112900240,0,0,0
112900241,0,0,0
112900242,0,0,0
112900243,0,0,0
112900244,0,0,0
112900245,0,0,0
112900246,0,0,0
112900247,0,0,0
112900248,0,0,0
112900249,0,0,0
112900250,0,0,0
112900251,0,0,0
112900252,0,0,0
112900253,0,0,0
112900254,0,0,0
112900255,0,0,0
112900256,0,0,0
112900257,0,0,0
113000001,239,270,-31
113000002,256,310,-54
113000003,166,150,16
113000004,78,132,-54
113000005,61,61,0
113000006,52,89,-37
113000007,56,37,19
113000008,70,44,26
113000009,49,23,26
113000010,177,57,120
113000011,0,0,0
113000012,678,53,625
113000013,6,37,-31
113000014,21,7,14
113000015,3,1,2
113000016,1,0,1
113000017,0,0,0
113000018,58,16,42
113000019,0,0,0
113000020,146,5,141
113000021,216,28,188
113000022,64,1,63
113000025,0,0,0
113000026,26,7,19
113000027,108,1,107
113000028,2,0,2
113000029,39,26,13
113000030,0,0,0
113000031,0,0,0
113000032,64,52,12
113000033,77,24,53
113000034,0,0,0
113000035,0,0,0
113000036,0,0,0
113000037,0,0,0
113000038,0,0,0
113000039,0,0,0
113000040,0,0,0
113000042,0,0,0
113000051,153,108,45
113000052,106,77,29
113000053,22,17,5
113000054,30,37,-7
113000055,148,33,115
113000056,141,43,98
113000058,0,0,0
113000059,220,64,156
113000060,1,1,0
113000061,107,65,42
113000062,0,0,0
113000063,0,0,0
113000064,0,0,0
113000065,4,15,-11
113000066,150,3,147
113000067,38,3,35
113000068,21,49,-28
113000069,31,40,-9
113000070,51,18,33
113000071,18,20,-2
113000072,118,4,114
113000073,7,78,-71
113000074,112,13,99
113000075,212,12,200
113000076,0,195,-195
113000077,91,88,3
113000078,0,0,0
113000079,0,0,0
113000080,79,35,44
113000081,148,111,37
113000082,0,0,0
113000083,161,202,-41
113000084,11,0,11
113000085,172,157,15
113000086,6,7,-1
113000087,103,486,-383
113000088,10,4,6
113000089,163,399,-236
113000090,3,28,-25
113000091,30,1,29
113000094,114,4,110
113000095,0,0,0
113000096,0,0,0
113000097,55,2,53
113000098,0,0,0
113000099,53,4,49
113000100,0,1,-1
113000101,0,0,0
113000102,27,34,-7
113000103,0,0,0
113000104,246,126,120
113000105,665,137,528
113000106,0,0,0
113000107,227,384,-157
113000108,71,19,52
113000109,0,0,0
113000110,68,104,-36
113000111,0,0,0
113000112,3,53,-50
113000113,41,38,3
113000114,0,0,0
113000116,0,0,0
113000117,0,0,0
113000118,0,0,0
113000119,0,0,0
113000120,0,2,-2
113000121,0,0,0
113000124,14,8,6
113000125,0,0,0
113000127,0,0,0
113000128,0,0,0
113000129,0,0,0
113000133,25,0,25
113000134,7,95,-88
113000135,1120,1052,68
113000137,299,269,30
113000139,55,47,8
113000140,0,0,0
113000141,53,7,46
113000142,0,0,0
113000143,2,14,-12
113000144,0,0,0
113000145,0,0,0
113000146,0,0,0
113000147,0,0,0
113000148,0,0,0
113000149,0,0,0
113000150,0,0,0
113000151,0,0,0
113000152,0,0,0
113000153,0,0,0
113000154,20,58,-38
113000155,35,51,-16
113000156,0,0,0
113000157,0,0,0
113000158,0,0,0
113000159,0,0,0
113000160,0,0,0
113000161,0,0,0
113000162,0,0,0
113000163,0,0,0
113000164,0,0,0
113000166,83,1,82
113000167,0,0,0
113000168,0,0,0
113000169,110,2,108
113000170,132,4,128
113000171,0,0,0
113000172,65,10,55
113000173,10,4,6
113000174,0,0,0
113000175,74,8,66
113000176,296,12,284
113000177,0,0,0
113000178,0,0,0
113000179,100,30,70
113000180,60,0,60
113000181,57,24,33
113000182,1,8,-7
113000183,0,49,-49
113000184,0,0,0
113000189,0,0,0
113000190,0,0,0
113000192,65,255,-190
113000193,84,16,68
113000194,26,31,-5
113000195,55,47,8
113000196,85,5,80
113000197,19,3,16
113000198,0,0,0
113000199,4,2,2
113000201,0,0,0
113000202,0,0,0
113000203,10,6,4
113000204,8,129,-121
113000205,0,0,0
113000206,0,0,0
113000207,0,0,0
113000208,0,0,0
113000209,0,0,0
113000210,0,0,0
113000211,0,0,0
113000212,0,0,0
113000213,6,0,6
113000214,0,0,0
113000234,0,0,0
113000410,1,12,-11
113000411,39,153,-114
113000412,545,295,250
113000413,314,426,-112
113000414,293,357,-64
113000415,17,74,-57
113000416,70,76,-6
113000417,19,79,-60
113000418,373,208,165
113000419,71,125,-54
113000420,427,206,221
113000421,1784,1193,591
113000422,397,530,-133
113000423,368,390,-22
113000424,784,479,305
113000425,0,0,0
113000428,0,0,0
113000430,0,0,0
113000432,228,4,224
113000433,0,0,0
113000434,0,0,0
113000435,0,0,0
113000436,0,0,0
113000437,26,0,26
113000438,2,0,2
113000439,0,0,0
113000440,0,0,0
113000441,0,0,0
113000442,0,0,0
113000443,0,0,0
113000444,0,0,0
113000445,2,0,2
113000446,0,0,0
113000448,0,0,0
113000449,0,1,-1
113000450,0,2,-2
113000451,0,0,0
113000452,2,3,-1
113000453,0,0,0
113000454,0,14,-14
113000455,0,0,0
113000456,0,0,0
113000468,0,0,0
113000469,0,0,0
113000470,0,0,0
113000471,0,0,0
113000472,0,0,0
113000474,7,35,-28
113000475,76,77,-1
113000476,163,293,-130
113000477,880,328,552
113000478,466,164,302
113000479,0,0,0
113000483,0,0,0
113000484,0,0,0
113000485,0,0,0
113000486,0,0,0
113000487,0,0,0
113000488,0,0,0
113000489,0,0,0
113000490,0,0,0
113000491,0,0,0
113000492,0,0,0
113000493,0,0,0
113000495,0,0,0
113000496,0,0,0
113000497,0,0,0
113000499,0,0,0
113900001,0,0,0
113900002,0,0,0
113900003,0,0,0
113900004,0,0,0
113900005,0,0,0
113900006,0,0,0
113900007,0,0,0
113900008,0,0,0
113900009,0,0,0
113900010,0,0,0
113900011,0,0,0
113900012,0,0,0
113900013,0,0,0
113900014,0,0,0
113900015,0,0,0
113900016,0,0,0
113900017,0,0,0
113900018,0,0,0
113900019,0,0,0
113900020,0,0,0
113900022,0,0,0
113900023,0,0,0
113900024,0,0,0
113900025,0,0,0
113900026,0,0,0
113900027,0,0,0
113900028,0,0,0
113900029,0,0,0
113900030,0,0,0
113900031,0,0,0
113900032,0,0,0
113900033,0,0,0
113900035,0,0,0
113900036,0,0,0
113900037,0,0,0
113900038,0,0,0
113900039,0,0,0
113900040,0,0,0
113900041,0,0,0
113900042,0,0,0
113900043,0,0,0
113900044,0,0,0
113900045,0,0,0
113900046,0,0,0
113900047,0,0,0
113900048,0,0,0
113900049,0,0,0
113900050,0,0,0
113900051,0,0,0
113900052,0,0,0
113900053,0,0,0
113900054,0,0,0
113900055,0,0,0
113900056,0,0,0
113900057,0,0,0
113900058,0,0,0
113900059,0,0,0
113900060,0,0,0
113900061,0,0,0
113900062,0,0,0
113900063,0,0,0
113900064,0,0,0
113900065,0,0,0
113900066,0,0,0
113900067,0,0,0
113900068,0,0,0
113900069,0,0,0
113900070,0,0,0
113900071,0,0,0
113900072,0,0,0
113900073,0,0,0
113900074,0,0,0
113900075,0,0,0
113900076,0,0,0
113900077,0,0,0
113900078,0,0,0
113900079,0,0,0
113900080,0,0,0
113900081,0,0,0
113900082,0,0,0
113900083,0,0,0
113900084,0,0,0
113900085,0,0,0
113900086,0,0,0
113900087,0,0,0
113900088,0,0,0
113900089,0,0,0
113900090,0,0,0
113900091,0,0,0
113900092,0,0,0
113900093,0,0,0
113900094,0,0,0
113900095,0,0,0
113900096,0,0,0
113900097,0,0,0
113900098,0,0,0
113900099,0,0,0
113900100,0,0,0
113900101,0,0,0
113900102,0,0,0
113900103,0,0,0
113900104,0,0,0
113900105,0,0,0
113900106,0,0,0
113900107,0,0,0
113900108,0,0,0
113900109,0,0,0
113900110,0,0,0
113900111,0,0,0
113900112,0,0,0
113900113,0,0,0
113900114,0,0,0
113900115,0,0,0
113900116,0,0,0
113900117,0,0,0
113900118,0,0,0
113900119,0,0,0
113900120,0,0,0
113900121,0,0,0
113900122,0,0,0
113900123,0,0,0
113900124,0,0,0
113900125,0,0,0
113900126,0,0,0
113900127,0,0,0
113900128,0,0,0
113900129,0,0,0
113900130,0,0,0
113900131,0,0,0
113900132,0,0,0
113900133,0,0,0
113900135,0,0,0
113900136,0,0,0
113900137,0,0,0
113900138,0,0,0
113900139,0,0,0
113900140,0,0,0
113900141,0,0,0
113900142,0,0,0
113900143,0,0,0
113900144,0,0,0
113900145,0,0,0
113900146,0,0,0
113900148,0,0,0
113900149,0,0,0
113900150,0,0,0
113900151,0,0,0
113900152,0,0,0
113900153,0,0,0
113900154,0,0,0
113900155,0,0,0
113900156,0,0,0
113900157,0,0,0
113900158,0,0,0
113900159,0,0,0
113900160,0,0,0
113900161,0,0,0
113900162,0,0,0
113900163,0,0,0
113900164,0,0,0
113900165,0,0,0
113900166,0,0,0
113900167,0,0,0
113900168,0,0,0
113900169,0,0,0
113900171,0,0,0
113900172,0,0,0
113900173,0,0,0
113900174,0,0,0
113900175,0,0,0
113900176,0,0,0
113900177,0,0,0
113900178,0,0,0
113900179,0,0,0
113900180,0,0,0
113900181,0,0,0
113900182,0,0,0
113900183,0,0,0
113900184,0,0,0
113900185,0,0,0
113900186,0,0,0
113900187,0,0,0
113900188,0,0,0
113900189,0,0,0
113900190,0,0,0
113900191,0,0,0
113900192,0,0,0
113900193,0,0,0
113900194,0,0,0
113900195,0,0,0
113900196,0,0,0
113900197,0,0,0
113900198,0,0,0
113900199,0,0,0
113900200,0,0,0
113900201,0,0,0
113900202,0,0,0
113900203,0,0,0
113900204,0,0,0
113900205,0,0,0
113900206,0,0,0
113900207,0,0,0
113900208,0,0,0
113900209,0,0,0
113900210,0,0,0
113900211,0,0,0
113900212,0,0,0
113900214,0,0,0
113900215,0,0,0
113900216,0,0,0
113900217,0,0,0
113900218,0,0,0
113900219,0,0,0
113900220,0,0,0
113900221,0,0,0
113900222,0,0,0
113900223,0,0,0
113900224,0,0,0
113900225,0,0,0
113900226,0,0,0
113900227,0,0,0
113900228,0,0,0
113900229,0,0,0
113900230,0,0,0
113900231,0,0,0
113900232,0,0,0
113900233,0,0,0
113900234,0,0,0
113900235,0,0,0
113900236,0,0,0
113900237,0,0,0
113900238,0,0,0
113900239,0,0,0
113900240,0,0,0
113900241,0,0,0
113900242,0,0,0
113900243,0,0,0
113900244,0,0,0
113900245,0,0,0
113900246,0,0,0
113900247,0,0,0
113900248,0,0,0
113900249,0,0,0
113900250,0,0,0
113900251,0,0,0
113900252,0,0,0
113900253,0,0,0
113900254,0,0,0
113900255,0,0,0
113900256,0,0,0
113900257,0,0,0
113900258,0,0,0
113900259,0,0,0
113900260,1,0,1
113900261,0,0,0
113900262,0,0,0
113900263,0,0,0
113900264,0,0,0
113900265,0,0,0
113900266,0,0,0
113900267,0,0,0
113900268,0,0,0
113900269,0,0,0
113900270,0,0,0
113900271,0,0,0
113900273,0,0,0
113900274,0,0,0
113900275,0,0,0
113900276,0,0,0
113900277,0,0,0
113900278,0,0,0
113900279,0,0,0
113900280,0,0,0
113900281,0,0,0
113900282,0,0,0
113900283,0,0,0
113900284,0,0,0
113900285,0,0,0
113900286,0,0,0
113900287,0,0,0
113900288,0,0,0
113900289,0,0,0
113900290,0,0,0
113900291,0,0,0
113900292,0,0,0
113900293,0,0,0
113900294,0,0,0
113900295,3,12,-9
113900296,0,0,0
113900297,0,0,0
113900298,0,0,0
113900299,0,0,0
113900300,0,0,0
113900301,0,0,0
113900302,0,0,0
113900303,0,0,0
113900304,0,0,0
113900305,0,0,0
113900306,0,0,0
113900307,0,0,0
113900308,0,0,0
113900309,0,0,0
113900310,0,0,0
113900311,0,0,0
113900312,0,0,0
113900313,0,0,0
114000001,183,97,86
114000002,26,38,-12
114000003,0,0,0
114000004,0,0,0
114000005,0,0,0
114000006,0,0,0
114000007,0,0,0
114000008,3,88,-85
114000009,17,16,1
114000011,611,132,479
114000012,419,73,346
114000013,314,90,224
114000014,0,0,0
114000015,0,0,0
114000016,0,0,0
114000017,36,11,25
114000018,0,0,0
114000026,254,107,147
114000027,314,145,169
114000028,234,170,64
114000038,0,0,0
114000039,0,0,0
114000040,10,0,10
114000042,0,0,0
114000043,0,0,0
114000044,11,13,-2
114000045,0,0,0
114000046,0,0,0
114000047,0,0,0
114000048,2,23,-21
114000049,40,68,-28
114000050,12,113,-101
114000051,18,208,-190
114000052,42,162,-120
114000053,0,0,0
114000054,0,0,0
114000055,0,0,0
114000056,0,0,0
114000057,233,136,97
114000058,0,0,0
114000059,0,0,0
114000060,0,0,0
114000061,117,148,-31
114000062,54,155,-101
114000063,1,6,-5
114000064,18,4,14
114000065,18,27,-9
114000066,32,46,-14
114000067,29,6,23
114000068,18,14,4
114000069,63,0,63
114000070,611,357,254
114000071,0,0,0
114000072,0,0,0
114000073,1,0,1
114000074,0,0,0
114000075,59,0,59
114000076,6,0,6
114000077,18,0,18
114000078,1,1,0
114000079,0,0,0
114000080,1,17,-16
114000081,14,25,-11
114000082,0,0,0
114000083,0,0,0
114000084,0,0,0
114000085,0,0,0
114000086,0,0,0
114000087,0,0,0
114000088,1,1,0
114000089,9,20,-11
114000090,62,55,7
114000091,26,38,-12
114000092,53,34,19
114000093,87,39,48
114000094,54,42,12
114000095,3,18,-15
114000096,0,0,0
114000097,0,0,0
114000098,51,4,47
114000099,0,0,0
114000100,852,4,848
114000101,0,0,0
114000102,90,13,77
114000103,0,0,0
114000104,0,0,0
114000105,0,0,0
114000106,0,0,0
114000107,0,0,0
114000108,0,0,0
114000109,404,147,257
114000110,0,0,0
114000111,447,100,347
114000112,0,0,0
114000113,373,25,348
114000114,0,0,0
114000115,633,127,506
114000116,385,119,266
114000117,922,88,834
114000118,545,56,489
114000119,678,51,627
114000120,127,8,119
114000121,0,0,0
114000122,122,18,104
114000123,367,50,317
114000124,70,63,7
114000125,14,156,-142
114000126,272,24,248
114000127,3,0,3
114000128,32,16,16
114000130,9,10,-1
114000131,6,23,-17
114000132,0,0,0
114000133,0,0,0
114000134,0,0,0
114000138,0,0,0
114000139,14,50,-36
114000144,133,52,81
114000145,0,0,0
114000146,0,0,0
114000147,277,32,245
114000148,25,22,3
114000149,29,43,-14
114000150,0,0,0
114000151,62,78,-16
114000152,0,11,-11
114000153,0,0,0
114000154,41,3,38
114000155,258,129,129
114000156,84,53,31
114000157,28,38,-10
114000158,0,0,0
114000159,0,0,0
114000160,0,0,0
114000161,329,389,-60
114000162,825,755,70
114000163,0,0,0
114000165,13,45,-32
114000166,46,16,30
114000167,299,72,227
114000168,0,0,0
114000169,325,314,11
114000170,497,239,258
114000171,975,148,827
114000174,0,0,0
114000176,0,0,0
114000177,0,0,0
114000178,10,4,6
114000179,222,45,177
114000180,0,0,0
114000181,169,600,-431
114000182,141,193,-52
114000183,130,93,37
114000184,49,151,-102
114000185,327,89,238
114000189,226,16,210
114000190,832,23,809
114000191,0,0,0
114000192,1,45,-44
114000193,0,0,0
114000194,162,10,152
114000195,0,0,0
114000196,0,0,0
114000197,309,1,308
114000198,0,0,0
114000199,0,0,0
114000200,19,1,18
114000201,1,0,1
114000202,225,90,135
114000203,37,27,10
114000204,0,0,0
114000205,0,1,-1
114000206,0,0,0
114000207,4,128,-124
114000208,5,46,-41
114000209,5,68,-63
114000210,2,65,-63
114000211,556,218,338
114000212,85,259,-174
114000213,410,175,235
114000214,4,0,4
114000215,0,0,0
114000216,300,78,222
114000217,83,18,65
114000218,30,2,28
114000219,333,3,330
114000220,0,23,-23
114000221,259,21,238
114000222,35,40,-5
114000223,209,40,169
114000224,34,23,11
114000225,14,6,8
114000226,147,28,119
114000227,228,121,107
114000228,262,45,217
114000229,136,24,112
114000230,407,60,347
114000231,108,56,52
114000232,392,94,298
114000233,732,54,678
114000234,561,136,425
114000235,136,26,110
114000236,0,0,0
114000237,0,0,0
114000238,2,184,-182
114000239,0,0,0
114000240,105,47,58
114000241,20,52,-32
114000242,97,41,56
114000243,533,214,319
114000244,453,104,349
114000245,0,0,0
114000246,0,0,0
114000247,276,80,196
114000248,349,126,223
114000249,233,199,34
114000250,83,9,74
114000251,100,13,87
114000252,0,0,0
114000253,18,4,14
114000254,0,0,0
114000255,0,0,0
114000256,7,109,-102
114000257,0,135,-135
114000258,82,4,78
114000259,0,15,-15
114000260,0,0,0
114000261,101,9,92
114000262,0,0,0
114000263,28,1,27
114000264,0,0,0
114000265,0,0,0
114000267,1,290,-289
114000268,0,0,0
114000270,66,0,66
114000271,131,0,131
114000283,271,12,259
114000285,0,0,0
114000288,2,9,-7
114000289,0,0,0
114000293,18,6,12
114000294,0,14,-14
114000395,345,5,340
114000396,85,31,54
114000402,0,0,0
114000403,16,18,-2
114000405,62,33,29
114000423,146,34,112
114000424,57,12,45
114000425,137,36,101
114000426,58,16,42
114000427,0,0,0
114000428,0,0,0
114000429,2,21,-19
114000432,0,0,0
114000434,0,0,0
114000435,0,0,0
114900001,0,0,0
114900002,0,0,0
114900003,0,0,0
114900004,0,0,0
114900005,0,0,0
114900006,0,0,0
114900007,0,0,0
114900008,0,0,0
114900010,0,0,0
114900011,0,0,0
114900013,0,0,0
114900015,0,0,0
114900018,0,0,0
114900020,0,0,0
114900022,0,0,0
114900024,0,0,0
114900025,0,0,0
114900026,0,0,0
114900027,0,0,0
114900029,0,0,0
114900030,0,0,0
114900031,0,0,0
114900032,0,0,0
114900033,0,0,0
114900034,0,0,0
114900035,0,0,0
114900036,0,0,0
114900037,0,0,0
114900038,0,0,0
114900039,0,0,0
114900040,0,0,0
114900041,0,0,0
114900042,0,0,0
114900043,0,0,0
114900044,0,0,0
114900046,0,0,0
114900047,0,0,0
114900048,0,0,0
114900049,0,0,0
114900050,0,0,0
114900051,0,0,0
114900052,0,0,0
114900053,0,0,0
114900054,0,0,0
114900057,0,0,0
114900058,0,0,0
114900059,0,0,0
114900060,0,0,0
114900061,0,0,0
114900062,0,0,0
114900063,0,0,0
114900064,0,0,0
114900065,0,0,0
114900067,0,0,0
114900068,0,0,0
114900069,0,0,0
114900070,0,0,0
114900072,0,0,0
114900073,0,0,0
114900074,0,0,0
114900075,0,0,0
114900076,0,0,0
114900080,0,0,0
114900082,0,0,0
114900083,0,0,0
114900090,0,0,0
114900091,0,0,0
114900095,0,0,0
114900096,0,0,0
114900097,0,0,0
114900098,0,0,0
114900099,0,0,0
115000001,121,184,-63
115000002,1477,467,1010
115000003,135,109,26
115000004,1236,1011,225
115000005,7,100,-93
115000006,455,456,-1
115000007,0,0,0
115000008,172,111,61
115000009,0,0,0
115000010,147,199,-52
115000013,0,0,0
115000015,0,0,0
115000016,0,0,0
115000019,21,116,-95
115000020,0,0,0
115000021,2,221,-219
115000022,3,47,-44
115000023,546,257,289
115000024,4,60,-56
115000025,431,104,327
115000026,0,0,0
115000027,209,57,152
115000028,0,0,0
115000029,496,6,490
115000030,0,61,-61
115000031,629,38,591
115000032,0,0,0
115000033,103,10,93
115000034,0,0,0
115000035,510,5,505
115000036,0,0,0
115000037,297,3,294
115000038,15,51,-36
115000039,15,52,-37
115000040,152,39,113
115000041,30,72,-42
115000042,54,48,6
115000043,904,515,389
115000044,580,90,490
115000045,89,18,71
115000046,712,254,458
115000047,970,142,828
115000048,105,65,40
115000049,123,182,-59
115000050,1106,275,831
115000051,501,231,270
115000052,122,138,-16
115000053,403,203,200
115000054,72,66,6
115000055,0,0,0
115000056,34,23,11
115000057,0,0,0
115000058,23,30,-7
115000059,0,0,0
115000061,25,4,21
115000062,0,0,0
115000063,0,0,0
115000064,85,12,73
115000065,0,0,0
115000067,7,2,5
115000069,0,0,0
115000070,0,16,-16
115000071,19,0,19
115000072,0,0,0
115000073,312,11,301
115000075,0,0,0
115000076,515,286,229
115000077,244,199,45
115000078,133,88,45
115000079,257,168,89
115000080,507,239,268
115000081,0,0,0
115000082,932,497,435
115000083,0,0,0
115000084,668,152,516
115000085,0,0,0
115000086,481,56,425
115000087,0,0,0
115000088,752,139,613
115000089,0,0,0
115000090,37,74,-37
115000091,93,32,61
115000092,404,4,400
115000093,430,1,429
115000094,1427,285,1142
115000095,1076,194,882
115000096,278,12,266
115000097,250,55,195
115000098,278,31,247
115000099,632,280,352
115000100,644,103,541
115000101,0,11,-11
115000102,347,104,243
115000103,0,0,0
115000105,9,11,-2
115000106,206,52,154
115000107,1,26,-25
115000108,75,59,16
115000109,814,838,-24
115000110,182,162,20
115000111,19,66,-47
115000112,46,48,-2
115000113,24,66,-42
115000114,60,42,18
115000116,127,70,57
115000117,65,4,61
115000118,88,250,-162
115000119,72,50,22
115000120,21,285,-264
115000121,75,56,19
115000122,38,25,13
115000123,126,361,-235
115000124,47,69,-22
115000125,138,43,95
115000126,47,36,11
115000127,20,8,12
115000128,14,42,-28
115000129,55,3,52
115000130,66,7,59
115000131,73,27,46
115000132,87,15,72
115000133,50,7,43
115000134,64,1,63
115000135,41,4,37
115000136,43,25,18
115000137,0,0,0
115000138,138,21,117
115000139,0,0,0
115000140,137,30,107
115000141,0,0,0
115000142,0,0,0
115000143,233,54,179
115000144,0,0,0
115000145,0,0,0
115000146,130,45,85
115000147,0,0,0
115000148,0,0,0
115000149,1,15,-14
115000150,0,0,0
115000151,48,8,40
115000152,0,0,0
115000153,59,22,37
115000154,6,14,-8
115000155,0,0,0
115000156,7,29,-22
115000157,0,0,0
115000158,0,0,0
115000159,0,0,0
115000160,4,0,4
115000161,0,0,0
115000162,316,58,258
115000163,0,0,0
115000164,0,0,0
115000165,55,58,-3
115000167,7,0,7
115000168,89,48,41
115000169,0,0,0
115000170,0,0,0
115000171,118,75,43
115000172,0,0,0
115000173,5,19,-14
115000174,38,35,3
115000175,0,0,0
115000176,1,0,1
115000177,0,0,0
115000178,0,0,0
115000179,11,2,9
115000180,0,0,0
115000181,105,4,101
115000182,228,17,211
115000183,0,0,0
115000186,161,4,157
115000187,45,27,18
115000188,159,39,120
115000189,9,41,-32
115000190,470,33,437
115000191,9,26,-17
115000194,0,0,0
115000195,3,13,-10
115000196,1,0,1
115000197,0,0,0
115000198,59,0,59
115000199,0,0,0
115000200,9,1,8
115000201,0,0,0
115000206,209,1,208
115000207,0,0,0
115000208,17,48,-31
115000209,376,2,374
115000210,23,50,-27
115000211,3,3,0
115000212,34,4,30
115000224,0,0,0
115000225,0,0,0
115000229,0,0,0
115000230,7,6,1
115000231,102,1,101
115000232,351,1,350
115000233,0,0,0
115000234,0,0,0
115000241,0,0,0
115000242,0,0,0
115000243,0,0,0
115000244,0,0,0
115000246,0,0,0
115000247,0,0,0
115000248,0,0,0
115000249,0,0,0
115000250,0,0,0
115000251,0,0,0
115000252,0,0,0
115000253,0,0,0
115000258,0,0,0
115000259,0,0,0
115000261,0,0,0
115000262,0,0,0
115000263,0,0,0
115000264,0,0,0
115000267,0,0,0
115000268,0,0,0
115000269,0,0,0
115000270,0,0,0
115000272,1,2,-1
115000273,0,0,0
115000280,21,436,-415
115000281,0,0,0
115000282,228,314,-86
115000284,0,0,0
115000296,298,1,297
115000297,7,267,-260
115000298,0,0,0
115000300,0,0,0
115000302,88,14,74
115000303,136,7,129
115000304,93,17,76
115000305,0,0,0
115000306,0,0,0
115000307,0,0,0
115000308,0,0,0
115000309,0,0,0
115000310,0,0,0
115000311,341,62,279
115000313,0,0,0
115000314,30,31,-1
115000315,7,52,-45
115000316,0,0,0
115000317,84,16,68
115000318,345,4,341
115000319,3,22,-19
115000320,0,61,-61
115000321,47,0,47
115000322,0,38,-38
115000449,0,0,0
115000557,0,0,0
115000558,103,3,100
115000587,2,6,-4
115000588,85,196,-111
115000589,1896,1012,884
115000590,26,64,-38
115000591,441,380,61
115000592,10,74,-64
115000593,683,169,514
115000594,76,95,-19
115000609,0,13,-13
115000617,129,85,44
115000624,0,0,0
115000633,215,98,117
115000634,1085,193,892
115000635,296,45,251
115000638,0,0,0
115000641,0,0,0
115000642,116,2,114
115000643,0,18,-18
115000644,2,8,-6
115000646,88,65,23
115000647,48,23,25
115000648,281,6,275
115000893,1377,378,999
115000894,1,90,-89
115000895,10,86,-76
115000896,782,185,597
115000897,51,24,27
115000898,49,7,42
115000899,7,21,-14
115000900,0,36,-36
115000901,0,13,-13
115000912,65,4,61
115000913,0,0,0
115000915,1,0,1
115000916,4,0,4
115000917,0,0,0
115000918,0,0,0
115000919,0,0,0
115000920,0,0,0
115000921,0,0,0
115000922,185,337,-152
115000923,6,83,-77
115000925,0,0,0
115000927,0,0,0
115000933,4,11,-7
115000934,0,0,0
115000935,0,0,0
115000936,0,0,0
115000937,11,32,-21
115000938,3,8,-5
115000939,0,3,-3
115000940,0,1,-1
115000941,1,3,-2
115000942,0,4,-4
115000943,0,0,0
115000944,0,0,0
115900001,0,0,0
115900002,0,0,0
115900003,0,0,0
115900004,0,0,0
115900005,0,0,0
115900006,0,0,0
115900008,0,0,0
115900009,0,0,0
115900010,0,0,0
115900011,0,0,0
115900012,0,0,0
115900013,0,0,0
115900014,0,0,0
115900015,0,0,0
115900016,0,0,0
115900017,0,0,0
115900018,0,0,0
115900019,0,0,0
115900020,0,0,0
115900021,0,0,0
115900022,0,0,0
115900023,0,0,0
115900025,0,0,0
115900026,0,0,0
115900027,0,0,0
115900028,0,0,0
115900029,0,0,0
115900030,0,0,0
115900031,0,0,0
115900032,0,0,0
115900033,0,0,0
115900034,0,0,0
115900035,0,0,0
115900036,0,0,0
115900037,0,0,0
115900038,0,0,0
115900039,0,0,0
115900041,0,0,0
115900042,0,0,0
115900043,0,0,0
115900044,0,0,0
115900046,0,0,0
115900047,0,0,0
115900049,0,0,0
115900051,0,0,0
115900052,0,0,0
115900053,0,0,0
115900054,0,0,0
115900055,0,0,0
115900056,0,0,0
115900057,0,0,0
115900058,0,0,0
115900060,0,0,0
115900061,0,0,0
115900062,0,0,0
115900063,0,0,0
115900064,0,0,0
115900065,0,0,0
115900066,0,0,0
115900067,0,0,0
115900068,0,0,0
115900069,0,0,0
115900070,0,0,0
115900071,0,0,0
115900072,0,0,0
115900073,0,0,0
115900074,0,0,0
115900075,0,0,0
115900076,0,0,0
115900077,0,0,0
115900078,0,0,0
115900079,0,0,0
115900080,0,0,0
115900081,0,0,0
115900082,0,0,0
115900084,0,0,0
115900085,0,0,0
115900086,0,0,0
115900088,0,0,0
115900089,0,0,0
115900090,0,0,0
115900091,0,0,0
115900092,0,0,0
115900093,0,0,0
115900094,0,0,0
115900096,0,0,0
115900097,0,0,0
115900098,0,0,0
115900099,0,0,0
115900100,0,0,0
115900101,0,0,0
115900102,0,0,0
115900103,0,0,0
115900104,0,0,0
115900105,0,0,0
115900106,0,0,0
115900107,0,0,0
115900108,0,0,0
115900109,0,0,0
115900110,0,0,0
115900111,0,0,0
115900112,0,0,0
115900113,0,0,0
115900114,0,0,0
115900115,0,0,0
115900116,0,0,0
115900117,0,0,0
115900118,0,0,0
115900119,0,0,0
115900120,0,0,0
115900121,0,0,0
115900124,0,0,0
115900125,0,0,0
115900126,0,0,0
115900127,0,0,0
115900128,0,0,0
115900129,0,0,0
115900130,0,0,0
115900131,0,0,0
115900132,0,0,0
115900134,0,0,0
115900135,0,0,0
115900137,0,0,0
115900139,0,0,0
115900140,0,0,0
115900141,0,0,0
115900142,0,0,0
115900143,0,0,0
115900144,0,0,0
115900146,0,0,0
115900147,0,0,0
115900148,0,0,0
115900149,0,0,0
115900150,0,0,0
115900151,0,0,0
115900152,0,0,0
115900153,0,0,0
115900154,0,0,0
115900155,0,0,0
115900156,0,0,0
115900157,0,0,0
115900158,0,0,0
115900159,0,0,0
115900160,0,0,0
115900161,0,0,0
115900163,0,0,0
115900164,0,0,0
115900166,0,0,0
115900168,0,0,0
115900171,0,0,0
115900172,0,0,0
115900173,0,0,0
115900174,0,0,0
115900175,0,0,0
115900178,0,0,0
115900179,0,0,0
115900180,0,0,0
115900181,0,0,0
115900182,0,0,0
115900183,0,0,0
115900184,0,0,0
115900187,0,0,0
115900189,0,0,0
115900190,0,0,0
115900191,0,0,0
115900192,0,0,0
115900193,0,0,0
115900194,0,0,0
115900195,0,0,0
115900198,0,0,0
115900199,0,0,0
115900200,0,0,0
115900201,0,0,0
115900202,0,0,0
115900203,0,0,0
115900204,0,0,0
115900205,0,0,0
115900206,0,0,0
115900207,0,0,0
115900208,0,0,0
115900209,0,0,0
115900210,0,0,0
115900211,0,0,0
115900212,0,0,0
115900213,0,0,0
115900214,0,0,0
115900215,0,0,0
115900216,0,0,0
115900217,0,0,0
115900218,0,0,0
115900219,0,0,0
115900220,0,0,0
115900221,0,0,0
115900222,0,0,0
115900223,0,0,0
115900224,0,0,0
115900225,0,0,0
115900226,0,0,0
115900227,0,0,0
115900228,0,0,0
115900229,0,0,0
115900230,0,0,0
115900231,0,0,0
115900232,0,0,0
115900233,0,0,0
115900234,0,0,0
115900235,0,0,0
115900236,0,0,0
115900237,0,0,0
115900238,0,0,0
115900239,0,0,0
115900240,0,0,0
115900241,0,0,0
115900242,0,1,-1
115900243,0,0,0
115900244,0,0,0
115900245,0,0,0
115900246,0,0,0
115900247,0,0,0
115900248,0,0,0
115900249,0,0,0
115900250,0,0,0
115900251,0,0,0
115900252,0,0,0
115900253,0,0,0
115900254,0,0,0
115900255,0,0,0
115900256,0,0,0
115900257,0,0,0
115900258,0,0,0
115900259,0,0,0
115900260,0,0,0
115900261,0,0,0
115900262,0,0,0
115900263,0,0,0
115900264,0,0,0
115900265,0,0,0
115900266,0,0,0
115900267,0,0,0
115900268,0,0,0
115900269,0,0,0
115900270,0,0,0
115900271,0,0,0
115900272,0,0,0
115900273,0,0,0
115900274,0,0,0
115900275,0,0,0
115900276,0,0,0
115900277,0,0,0
115900278,0,0,0
115900279,0,0,0
115900280,0,0,0
115900281,0,0,0
115900282,0,0,0
115900283,0,0,0
115900284,0,0,0
116000001,131,200,-69
116000002,1425,2144,-719
116000003,34,75,-41
116000004,558,1747,-1189
116000005,42,82,-40
116000006,187,532,-345
116000007,130,141,-11
116000008,641,448,193
116000009,17,103,-86
116000010,510,433,77
116000011,50,212,-162
116000012,635,162,473
116000013,208,447,-239
116000014,0,0,0
116000015,2,1,1
116000016,783,54,729
116000017,52,4,48
116000018,112,16,96
116000019,48,0,48
116000020,288,62,226
116000021,115,3,112
116000022,111,72,39
116000023,9,11,-2
116000024,157,36,121
116000025,12,38,-26
116000026,376,59,317
116000027,224,94,130
116000028,455,409,46
116000029,0,0,0
116000030,368,256,112
116000031,0,0,0
116000032,118,2,116
116000033,521,179,342
116000034,1334,1138,196
116000035,333,76,257
116000036,0,0,0
116000037,11,52,-41
116000038,23,108,-85
116000039,0,0,0
116000040,95,162,-67
116000041,0,0,0
116000042,258,232,26
116000043,0,0,0
116000044,0,0,0
116000045,1288,1644,-356
116000046,98,55,43
116000047,168,47,121
116000048,1374,777,597
116000049,995,563,432
116000050,369,210,159
116000051,1457,365,1092
116000052,509,163,346
116000053,538,264,274
116000054,0,0,0
116000055,0,0,0
116000056,351,778,-427
116000057,0,0,0
116000058,40,96,-56
116000059,514,1488,-974
116000060,88,86,2
116000061,58,280,-222
116000062,32,21,11
116000063,86,371,-285
116000066,56,386,-330
116000067,0,0,0
116000068,30,109,-79
116000069,0,0,0
116000078,159,288,-129
116000080,0,0,0
116000082,0,0,0
116000083,170,118,52
116000084,38,372,-334
116000085,238,59,179
116000086,30,115,-85
116000087,712,179,533
116000088,52,40,12
116000089,0,0,0
116000090,0,3,-3
116000091,0,0,0
116000093,196,235,-39
116000094,0,37,-37
116000095,313,32,281
116000096,47,151,-104
116000097,494,45,449
116000098,8,271,-263
116000099,390,11,379
116000100,51,0,51
116000101,15,2,13
116000102,115,31,84
116000103,75,35,40
116000104,5,14,-9
116000105,76,5,71
116000106,39,3,36
116000107,157,3,154
116000108,0,10,-10
116000111,12,0,12
116000113,27,8,19
116000114,0,0,0
116000115,90,12,78
116000116,0,0,0
116000117,203,272,-69
116000118,0,0,0
116000119,924,297,627
116000120,0,0,0
116000121,208,198,10
116000122,0,0,0
116000123,852,112,740
116000124,0,0,0
116000125,813,63,750
116000126,0,0,0
116000127,0,0,0
116000128,679,71,608
116000129,0,0,0
116000130,0,0,0
116000133,326,6,320
116000134,161,18,143
116000135,692,155,537
116000136,95,38,57
116000137,343,106,237
116000138,0,0,0
116000139,382,765,-383
116000140,0,0,0
116000141,23,9,14
116000142,303,696,-393
116000143,479,159,320
116000144,83,203,-120
116000145,1372,261,1111
116000146,153,2,151
116000147,105,191,-86
116000148,0,2,-2
116000149,0,0,0
116000151,34,67,-33
116000153,112,490,-378
116000155,133,424,-291
116000156,3,35,-32
116000157,80,0,80
116000158,414,31,383
116000159,39,0,39
116000160,0,0,0
116000161,0,0,0
116000162,0,0,0
116000163,0,0,0
116000164,0,0,0
116000177,11,0,11
116000194,0,0,0
116000195,787,138,649
116000196,0,0,0
116000197,0,0,0
116000198,387,306,81
116000200,0,30,-30
116000201,0,0,0
116000202,0,0,0
116000203,0,0,0
116000204,0,0,0
116000205,0,0,0
116000206,0,0,0
116000207,0,0,0
116000233,0,0,0
116000287,0,0,0
116000288,148,77,71
116000292,0,0,0
116000296,2,1,1
116000297,0,0,0
116000304,0,0,0
116000305,0,0,0
116000346,0,0,0
116000352,0,0,0
116000354,0,0,0
116000357,0,0,0
116000358,0,0,0
116000361,0,0,0
116000372,0,0,0
116000381,0,0,0
116000388,0,0,0
116000389,107,12,95
116000445,0,0,0
116000446,361,48,313
116000447,0,0,0
116000448,470,327,143
116000563,145,744,-599
116000565,0,0,0
116000568,0,0,0
116000579,0,0,0
116000584,0,0,0
116000585,0,0,0
116000586,0,0,0
116000587,336,2,334
116000589,0,0,0
116000590,1,4,-3
116000591,110,19,91
116000592,0,1,-1
116000593,0,0,0
116000594,0,0,0
116000595,0,0,0
116000596,0,0,0
116000597,132,1,131
116000598,0,0,0
116000602,0,0,0
116000605,0,0,0
116000606,31,6,25
116000607,0,0,0
116000609,0,0,0
116000611,0,0,0
116000612,1047,342,705
116000613,379,127,252
116000614,0,0,0
116000615,0,0,0
116000616,0,0,0
116000617,0,0,0
116000618,0,0,0
116000619,0,10,-10
116000620,651,57,594
116000621,2,44,-42
116000622,86,38,48
116000624,1,0,1
116000627,0,0,0
116000628,0,0,0
116000629,0,0,0
116000630,4,0,4
116000631,0,1,-1
116000632,68,0,68
116000633,29,1,28
116000634,0,0,0
116000635,964,1063,-99
116000636,101,235,-134
116000637,0,0,0
116000638,35,16,19
116000640,7,1,6
116000641,0,0,0
116000644,0,0,0
116900001,0,0,0
116900002,0,0,0
116900003,0,0,0
116900004,0,0,0
116900005,0,0,0
116900006,1,0,1
116900007,0,0,0
116900008,0,0,0
116900009,0,0,0
116900010,0,0,0
116900011,0,0,0
116900012,0,0,0
116900013,0,0,0
116900014,0,0,0
116900015,0,0,0
116900016,0,0,0
116900017,0,0,0
116900018,0,0,0
116900019,0,0,0
116900020,0,0,0
116900023,0,0,0
116900024,0,0,0
116900025,0,0,0
116900026,0,0,0
116900027,0,0,0
116900028,0,0,0
116900029,0,0,0
116900031,0,0,0
116900032,0,0,0
116900033,0,0,0
116900034,0,0,0
116900035,0,0,0
116900036,0,0,0
116900038,0,0,0
116900041,0,0,0
116900042,0,0,0
116900043,0,0,0
116900047,0,0,0
116900049,0,0,0
116900050,0,0,0
116900051,0,0,0
116900052,0,0,0
116900055,0,0,0
116900057,0,0,0
116900058,0,0,0
116900059,0,0,0
116900060,0,0,0
116900062,0,0,0
116900064,0,0,0
116900065,0,0,0
116900067,0,0,0
116900068,0,0,0
116900070,0,0,0
116900072,0,0,0
116900073,0,0,0
116900074,0,0,0
116900076,0,0,0
116900077,0,0,0
116900078,0,0,0
116900079,0,0,0
116900080,0,0,0
116900081,0,0,0
116900082,0,0,0
116900083,0,0,0
116900084,0,0,0
116900085,0,0,0
116900086,0,0,0
116900088,0,0,0
116900090,0,0,0
116900091,0,0,0
116900092,0,0,0
116900093,0,0,0
116900094,0,0,0
116900095,0,0,0
116900096,0,0,0
116900097,0,0,0
116900098,0,0,0
116900099,0,0,0
116900100,0,0,0
116900101,0,0,0
116900103,0,0,0
116900104,0,0,0
116900105,0,0,0
116900106,0,0,0
116900107,0,0,0
116900110,0,0,0
116900111,312,2,310
116900112,125,20,105
116900113,67,10,57
116900116,0,0,0
116900117,0,0,0
116900118,0,0,0
116900120,0,0,0
116900121,0,0,0
116900122,0,0,0
116900123,0,0,0
116900124,0,0,0
116900125,0,0,0
116900126,0,0,0
116900128,0,0,0
116900129,0,0,0
116900130,0,0,0
116900131,0,0,0
116900132,0,0,0
116900133,0,0,0
116900134,0,0,0
116900136,0,0,0
116900137,0,0,0
116900138,0,0,0
116900139,0,0,0
116900140,0,0,0
116900141,0,0,0
116900142,0,0,0
116900143,0,0,0
116900144,0,0,0
116900145,0,0,0
116900147,0,0,0
116900148,0,0,0
116900149,0,0,0
116900150,0,0,0
116900151,0,0,0
116900153,0,0,0
116900154,0,0,0
116900155,0,0,0
116900157,0,0,0
116900158,0,0,0
116900159,0,0,0
116900160,0,0,0
116900161,0,0,0
116900162,0,0,0
116900163,0,0,0
116900164,0,0,0
116900165,0,0,0
116900166,0,0,0
116900167,0,0,0
116900168,0,0,0
116900169,0,0,0
116900170,0,0,0
116900171,0,0,0
116900172,0,0,0
116900173,0,0,0
116900174,0,0,0
116900175,0,0,0
116900178,0,0,0
116900179,0,0,0
116900180,0,0,0
116900182,0,0,0
116900183,0,0,0
116900185,0,0,0
116900186,0,0,0
116900187,0,0,0
116900188,0,0,0
116900189,0,0,0
116900191,0,0,0
116900192,0,0,0
116900194,0,0,0
116900195,0,0,0
116900196,0,0,0
116900197,0,0,0
116900198,0,0,0
116900200,0,0,0
116900201,0,0,0
116900202,0,0,0
116900203,0,0,0
116900204,0,0,0
116900206,0,0,0
116900207,0,0,0
116900208,15,1,14
116900209,0,0,0
116900210,0,0,0
116900211,0,0,0
116900212,0,0,0
116900213,0,0,0
116900214,0,0,0
116900215,0,0,0
116900216,0,0,0
116900218,0,0,0
116900219,0,0,0
116900220,0,0,0
116900221,0,0,0
116900222,163,53,110
116900223,0,0,0
116900226,0,0,0
116900227,0,0,0
116900228,0,0,0
116900230,0,0,0
116900231,0,0,0
116900232,0,0,0
116900233,0,0,0
116900234,0,0,0
116900235,0,0,0
116900238,0,0,0
116900239,0,0,0
116900240,0,0,0
116900241,0,0,0
116900242,0,0,0
116900243,0,0,0
116900245,0,0,0
116900246,0,0,0
116900247,0,0,0
116900248,0,0,0
116900249,0,0,0
116900250,0,0,0
116900251,0,0,0
116900252,139,1,138
116900253,0,0,0
116900254,0,0,0
116900255,0,0,0
116900256,0,0,0
116900257,0,0,0
116900258,0,0,0
116900259,0,0,0
116900260,0,0,0
116900261,0,0,0
116900262,0,0,0
116900263,0,0,0
116900264,57,1,56
116900265,0,0,0
116900266,0,0,0
116900267,0,0,0
116900268,0,0,0
116900269,106,80,26
116900271,0,0,0
116900272,0,0,0
116900273,0,0,0
116900274,0,0,0
116900275,0,0,0
116900276,57,1,56
116900277,0,0,0
116900278,0,0,0
116900279,0,0,0
116900280,0,0,0
116900281,0,0,0
116900282,0,0,0
116900283,0,0,0
116900284,0,0,0
116900285,0,0,0
116900286,0,0,0
116900287,0,0,0
116900288,0,0,0
116900289,0,0,0
116900290,0,0,0
116900291,0,0,0
116900292,0,0,0
116900293,0,0,0
116900294,0,0,0
116900295,0,0,0
116900296,0,0,0
116900297,0,0,0
116900298,0,0,0
116900299,0,0,0
116900300,0,0,0
116900301,0,0,0
116900302,0,0,0
116900303,0,0,0
116900304,0,0,0
116900305,0,0,0
116900306,2,8,-6
116900307,0,0,0
116900308,0,0,0
116900309,0,0,0
117000001,719,515,204
117000002,8,43,-35
117000003,1978,967,1011
117000004,215,177,38
117000005,1298,600,698
117000006,61,183,-122
117000007,2585,695,1890
117000008,68,160,-92
117000009,1583,333,1250
117000010,144,107,37
117000011,999,313,686
117000012,163,72,91
117000013,874,155,719
117000014,18,256,-238
117000015,385,218,167
117000016,39,4,35
117000017,30,16,14
117000018,1,16,-15
117000019,18,26,-8
117000020,43,9,34
117000021,65,2,63
117000022,124,10,114
117000023,22,49,-27
117000024,0,0,0
117000025,0,0,0
117000026,816,985,-169
117000027,0,0,0
117000028,273,185,88
117000030,179,45,134
117000031,152,144,8
117000032,370,409,-39
117000033,287,199,88
117000034,173,69,104
117000035,340,66,274
117000036,130,120,10
117000037,469,43,426
117000038,148,105,43
117000039,416,72,344
117000040,0,0,0
117000041,457,28,429
117000044,0,0,0
117000045,27,34,-7
117000046,0,0,0
117000047,589,308,281
117000048,0,0,0
117000049,4,37,-33
117000050,2,5,-3
117000051,537,183,354
117000052,0,0,0
117000053,0,0,0
117000054,1170,42,1128
117000055,0,40,-40
117000056,386,59,327
117000057,1,14,-13
117000060,0,0,0
117000061,402,319,83
117000062,0,0,0
117000063,162,149,13
117000064,0,0,0
117000066,4,1,3
117000067,15,71,-56
117000074,0,15,-15
117000076,0,0,0
117000077,93,39,54
117000078,0,0,0
117000079,44,28,16
117000080,0,0,0
117000081,174,8,166
117000082,0,0,0
117000083,58,0,58
117000084,46,0,46
117000085,17,25,-8
117000086,203,289,-86
117000087,18,85,-67
117000088,286,117,169
117000089,1163,267,896
117000090,2,49,-47
117000091,715,120,595
117000092,0,29,-29
117000093,1067,178,889
117000094,73,85,-12
117000095,2004,146,1858
117000096,31,97,-66
117000097,1173,173,1000
117000098,66,83,-17
117000099,1401,173,1228
117000100,0,0,0
117000101,0,0,0
117000102,706,274,432
117000103,31,49,-18
117000104,715,185,530
117000105,24,35,-11
117000106,856,198,658
117000107,118,32,86
117000108,664,481,183
117000109,204,9,195
117000110,742,715,27
117000111,2036,1394,642
117000112,703,542,161
117000113,0,0,0
117000114,0,2,-2
117000115,0,0,0
117000116,1,2,-1
117000117,105,104,1
117000118,7,21,-14
117000119,0,58,-58
117000120,0,27,-27
117000121,0,81,-81
117000122,0,66,-66
117000123,118,85,33
117000124,0,0,0
117000125,2,1,1
117000126,15,1,14
117000127,14,2,12
117000128,1,1,0
117000129,129,460,-331
117000130,36,0,36
117000131,0,0,0
117000132,1609,20,1589
117000133,0,0,0
117000134,0,0,0
117000135,0,0,0
117000136,0,0,0
117000137,0,0,0
117000138,2,0,2
117000140,29,45,-16
117000141,1000,185,815
117000181,0,0,0
117000182,0,0,0
117000195,0,0,0
117000196,0,0,0
117000225,0,0,0
117000226,0,0,0
117000276,0,0,0
117000277,0,0,0
117000310,0,277,-277
117000315,0,0,0
117000320,131,1,130
117000906,141,2,139
117000907,0,0,0
117000909,9,9,0
117000910,0,0,0
117000911,1,45,-44
117000915,0,0,0
117000916,20,25,-5
117000917,331,25,306
117000918,39,38,1
117000919,0,0,0
117000920,0,29,-29
117000921,0,0,0
117000922,2,26,-24
117000924,57,237,-180
117000926,41,4,37
117000927,135,490,-355
117000928,0,0,0
117000929,0,0,0
117000930,0,0,0
117000931,0,0,0
117900002,0,0,0
117900003,0,0,0
117900005,0,0,0
117900006,0,0,0
117900007,0,0,0
117900008,0,0,0
117900010,0,0,0
117900011,0,0,0
117900012,0,0,0
117900013,0,0,0
117900014,0,0,0
117900015,0,0,0
117900016,0,0,0
117900017,0,0,0
117900018,0,0,0
117900019,0,0,0
117900020,0,0,0
117900021,0,0,0
117900022,0,0,0
117900023,0,0,0
117900024,0,0,0
117900025,0,0,0
117900026,0,0,0
117900028,0,0,0
117900029,0,0,0
117900030,0,0,0
117900031,0,0,0
117900032,0,0,0
117900033,0,0,0
117900034,0,0,0
117900035,0,0,0
117900036,0,0,0
117900037,0,0,0
117900038,0,0,0
117900039,0,0,0
117900040,0,0,0
117900041,0,0,0
117900042,0,0,0
117900043,0,0,0
117900044,0,0,0
117900045,0,0,0
117900048,0,0,0
117900049,0,0,0
117900050,0,0,0
117900051,0,0,0
117900052,0,0,0
117900053,0,0,0
117900054,0,0,0
117900055,0,0,0
117900056,0,0,0
117900057,0,0,0
117900058,0,0,0
117900059,0,0,0
117900060,0,0,0
117900061,0,0,0
117900063,0,0,0
117900065,0,0,0
117900066,0,0,0
117900067,0,0,0
117900069,0,0,0
117900070,0,0,0
117900071,0,0,0
117900073,0,0,0
117900074,0,0,0
117900075,0,0,0
117900076,0,0,0
117900077,0,0,0
117900078,0,0,0
117900080,0,0,0
117900081,0,0,0
117900082,0,0,0
117900083,0,0,0
117900086,0,0,0
117900087,0,0,0
117900088,0,0,0
117900089,0,0,0
117900090,0,0,0
117900091,0,0,0
117900092,0,0,0
117900093,0,0,0
117900094,0,0,0
117900095,0,0,0
117900096,0,0,0
117900097,0,0,0
117900098,0,0,0
117900099,0,0,0
117900100,0,0,0
117900101,0,0,0
117900102,0,0,0
117900103,0,0,0
117900104,0,0,0
117900105,0,0,0
117900106,0,0,0
117900107,0,0,0
117900109,0,0,0
117900110,0,0,0
117900111,0,0,0
117900112,0,0,0
117900113,0,0,0
117900114,0,0,0
117900115,0,0,0
117900116,0,0,0
117900117,0,0,0
117900118,0,0,0
117900119,0,0,0
117900120,1,0,1
117900121,4,0,4
117900122,0,0,0
117900123,0,0,0
117900124,0,0,0
117900125,0,0,0
117900126,0,0,0
117900127,0,0,0
117900128,0,0,0
117900129,0,0,0
117900130,0,0,0
117900131,0,0,0
117900132,0,0,0
117900133,0,0,0
117900134,0,0,0
117900135,0,0,0
117900136,0,0,0
117900137,0,0,0
117900138,0,0,0
117900139,0,0,0
117900140,0,0,0
117900141,0,0,0
117900142,0,0,0
117900144,0,0,0
117900145,0,0,0
117900146,0,0,0
117900147,0,0,0
117900148,0,0,0
117900149,0,0,0
117900150,0,0,0
117900151,0,0,0
117900152,0,0,0
117900153,0,0,0
117900154,0,0,0
117900156,0,0,0
117900157,0,0,0
117900158,0,0,0
117900160,0,0,0
117900161,0,0,0
117900162,0,0,0
117900163,0,0,0
117900165,0,0,0
117900166,0,0,0
117900168,0,0,0
117900169,0,0,0
117900170,0,0,0
117900171,0,0,0
117900172,0,0,0
117900173,0,0,0
117900174,0,0,0
117900175,0,0,0
117900176,0,0,0
117900177,0,0,0
117900178,0,0,0
117900180,0,0,0
117900181,0,0,0
117900182,0,0,0
117900183,0,0,0
117900184,0,0,0
117900185,0,0,0
117900186,0,0,0
117900187,0,0,0
117900188,0,0,0
117900189,0,0,0
117900190,0,0,0
117900191,0,0,0
117900192,0,0,0
117900193,0,0,0
117900194,0,0,0
117900195,0,0,0
117900196,0,0,0
117900207,0,0,0
117900208,0,0,0
117900209,0,0,0
117900210,0,0,0
117900211,0,0,0
117900212,0,0,0
117900213,0,0,0
117900214,0,0,0
117900215,0,0,0
117900216,0,0,0
117900217,0,0,0
117900218,0,0,0
117900219,0,0,0
117900220,0,0,0
117900222,0,0,0
117900223,0,0,0
118000001,253,615,-362
118000002,14,79,-65
118000003,710,1673,-963
118000004,42,53,-11
118000005,1750,1742,8
118000006,116,279,-163
118000007,148,690,-542
118000008,110,341,-231
118000009,50,210,-160
118000010,136,393,-257
118000011,0,0,0
118000012,0,0,0
118000013,0,0,0
118000014,0,2,-2
118000016,0,0,0
118000017,61,112,-51
118000018,0,0,0
118000019,2,2,0
118000020,0,0,0
118000021,0,0,0
118000022,90,27,63
118000023,235,87,148
118000024,281,252,29
118000027,154,82,72
118000029,31,367,-336
118000032,226,771,-545
118000033,596,1208,-612
118000034,43,84,-41
118000035,76,384,-308
118000036,67,232,-165
118000037,0,1,-1
118000038,42,117,-75
118000039,0,0,0
118000040,154,249,-95
118000041,0,0,0
118000045,1,54,-53
118000046,0,313,-313
118000047,0,0,0
118000048,76,140,-64
118000051,19,334,-315
118000052,11,51,-40
118000053,19,48,-29
118000054,25,104,-79
118000055,4,35,-31
118000056,0,0,0
118000057,0,2,-2
118000058,2,4,-2
118000059,5,83,-78
118000060,7,1,6
118000061,17,91,-74
118000062,0,1,-1
118000063,0,37,-37
118000064,10,139,-129
118000065,132,62,70
118000066,2,233,-231
118000067,6,41,-35
118000068,20,217,-197
118000069,3,48,-45
118000070,27,67,-40
118000071,100,172,-72
118000072,295,467,-172
118000073,44,99,-55
118000074,0,17,-17
118000075,4,77,-73
118000076,632,2138,-1506
118000077,0,0,0
118000078,621,804,-183
118000079,23,64,-41
118000080,0,0,0
118000081,413,617,-204
118000082,0,0,0
118000083,0,0,0
118000084,0,0,0
118000086,0,0,0
118000087,60,33,27
118000088,133,466,-333
118000089,409,221,188
118000090,0,53,-53
118000091,69,194,-125
118000092,0,0,0
118000093,0,0,0
118000096,0,0,0
118000097,0,0,0
118000098,0,0,0
118000099,0,0,0
118000101,415,237,178
118000102,88,33,55
118000107,13,5,8
118000108,35,21,14
118000110,0,0,0
118000111,0,0,0
118000112,127,0,127
118000113,0,0,0
118000114,101,1,100
118000115,1,0,1
118000116,0,0,0
118000117,15,13,2
118000118,280,390,-110
118000119,256,340,-84
118000120,37,6,31
118000121,0,1,-1
118000122,0,0,0
118000123,0,0,0
118000125,0,0,0
118000126,12,11,1
118000127,73,254,-181
118000128,0,0,0
118000129,90,62,28
118000130,9,36,-27
118000131,23,49,-26
118000132,195,294,-99
118000133,98,138,-40
118000135,185,224,-39
118000136,0,29,-29
118000137,0,0,0
118000138,2,0,2
118000139,0,0,0
118000140,8,49,-41
118000141,1075,926,149
118000142,0,0,0
118000143,416,449,-33
118000144,69,86,-17
118000145,279,128,151
118000146,280,61,219
118000147,314,56,258
118000148,37,63,-26
118000149,1,3,-2
118000150,349,150,199
118000151,47,29,18
118000153,730,579,151
118000154,385,370,15
118000155,660,584,76
118000156,215,136,79
118000157,278,73,205
118000158,1,0,1
118000159,45,134,-89
118000160,664,188,476
118000161,0,0,0
118000162,208,61,147
118000163,238,176,62
118000164,708,191,517
118000168,0,0,0
118000169,0,0,0
118000170,27,20,7
118000171,7,21,-14
118000172,2,0,2
118000173,195,133,62
118000175,174,342,-168
118000176,291,398,-107
118000177,139,227,-88
118000178,0,0,0
118000179,645,628,17
118000180,606,319,287
118000181,14,30,-16
118000182,30,43,-13
118000183,53,90,-37
118000184,831,246,585
118000185,0,0,0
118000186,0,0,0
118000187,0,0,0
118000188,0,0,0
118000189,0,0,0
118000190,0,0,0
118000191,0,0,0
118000192,0,30,-30
118000193,0,0,0
118000194,678,792,-114
118000195,10,43,-33
118000196,0,0,0
118000197,1,6,-5
118000198,0,61,-61
118000199,171,197,-26
118000200,0,0,0
118000201,0,0,0
118000202,0,0,0
118000203,0,0,0
118000204,0,13,-13
118000205,49,25,24
118000206,62,14,48
118000207,0,0,0
118000208,196,439,-243
118000209,279,21,258
118000210,77,12,65
118000211,56,12,44
118000213,0,36,-36
118000214,79,23,56
118000215,0,0,0
118000216,0,0,0
118000217,0,0,0
118000218,0,0,0
118000219,0,0,0
118000220,46,23,23
118000221,0,0,0
118000222,0,0,0
118000223,7,18,-11
118000224,0,0,0
118000225,0,0,0
118000226,34,0,34
118000227,22,41,-19
118000228,0,0,0
118000229,0,0,0
118000230,0,0,0
118000231,0,0,0
118000232,0,0,0
118000233,113,38,75
118000234,0,0,0
118000236,0,0,0
118000237,0,0,0
118000238,0,0,0
118000239,137,25,112
118000240,0,0,0
118000241,0,0,0
118000242,0,0,0
118000243,0,0,0
118000244,0,0,0
118000246,0,0,0
118000255,1,1,0
118000256,2,4,-2
118000259,0,0,0
118000260,0,0,0
118000261,0,0,0
118000263,0,0,0
118000266,0,0,0
118000267,0,0,0
118000268,8,0,8
118000270,0,0,0
118000271,0,3,-3
118000272,0,0,0
118000273,0,0,0
118000274,0,0,0
118000276,0,0,0
118000295,0,0,0
118000298,0,0,0
118000299,0,0,0
118000301,0,0,0
118000302,0,0,0
118000311,0,0,0
118000312,0,0,0
118000313,0,0,0
118000314,0,0,0
118000315,0,0,0
118000316,0,0,0
118000325,0,0,0
118000326,0,0,0
118000331,0,0,0
118000332,0,0,0
118000333,0,0,0
118000335,97,0,97
118000336,0,0,0
118000407,0,0,0
118000457,0,0,0
118000465,93,129,-36
118000480,0,0,0
118000489,20,92,-72
118000490,0,0,0
118000492,123,24,99
118000510,0,0,0
118000514,3,2,1
118000515,53,2,51
118000517,0,0,0
118000524,0,0,0
118000525,0,0,0
118000530,6,54,-48
118000531,106,42,64
118000532,0,0,0
118000533,0,0,0
118000534,0,0,0
118000535,57,42,15
118000536,0,0,0
118000537,0,0,0
118000538,0,0,0
118000539,1,55,-54
118000540,0,0,0
118000541,0,0,0
118000542,51,36,15
118000543,19,22,-3
118000546,0,0,0
118000553,0,0,0
118000560,0,0,0
118000562,0,0,0
118000563,315,642,-327
118000576,56,8,48
118000577,12,33,-21
118000578,15,6,9
118000579,4,8,-4
118000583,0,0,0
118000595,57,110,-53
118000596,0,0,0
118000597,2,17,-15
118000598,0,0,0
118000599,0,0,0
118000600,0,0,0
118000601,0,0,0
118000602,0,0,0
118000603,0,0,0
118000605,0,0,0
118900001,0,0,0
118900002,0,0,0
118900003,0,0,0
118900004,0,0,0
118900005,0,0,0
118900006,0,0,0
118900007,0,0,0
118900008,0,0,0
118900009,0,0,0
118900010,0,0,0
118900011,0,0,0
118900012,0,0,0
118900013,0,0,0
118900015,0,0,0
118900016,0,0,0
118900017,0,0,0
118900018,0,0,0
118900019,0,0,0
118900020,0,0,0
118900021,0,0,0
118900022,0,0,0
118900023,0,0,0
118900024,0,0,0
118900025,0,0,0
118900026,0,0,0
118900027,0,0,0
118900028,0,0,0
118900029,0,0,0
118900030,0,0,0
118900031,0,0,0
118900032,0,0,0
118900033,0,0,0
118900034,0,0,0
118900035,0,0,0
118900036,0,0,0
118900037,0,0,0
118900038,0,0,0
118900039,0,0,0
118900040,0,0,0
118900041,0,0,0
118900042,0,0,0
118900045,0,0,0
118900046,0,0,0
118900047,0,0,0
118900048,0,0,0
118900049,0,0,0
118900050,0,0,0
118900051,2,24,-22
118900052,0,0,0
118900053,0,0,0
118900054,0,0,0
118900055,0,0,0
118900056,2,2,0
118900057,0,0,0
118900058,0,0,0
118900059,0,0,0
118900060,0,0,0
118900062,0,0,0
118900064,0,0,0
118900065,0,0,0
118900066,0,0,0
118900067,0,0,0
118900068,0,0,0
118900069,0,0,0
118900071,0,0,0
118900072,0,0,0
118900073,0,0,0
118900074,0,0,0
118900075,0,0,0
118900076,0,0,0
118900077,0,0,0
118900078,0,0,0
118900079,0,0,0
118900080,0,0,0
118900081,0,0,0
118900082,0,0,0
118900083,0,0,0
118900084,0,0,0
118900085,0,0,0
118900086,0,0,0
118900087,0,0,0
118900088,0,0,0
118900089,0,0,0
118900090,0,0,0
118900091,0,0,0
118900092,0,0,0
118900093,0,0,0
118900096,0,47,-47
118900097,0,0,0
118900099,0,0,0
118900100,0,0,0
118900101,0,0,0
118900102,0,0,0
118900103,0,0,0
118900104,0,0,0
118900105,0,0,0
118900107,0,0,0
118900108,0,0,0
118900110,0,0,0
118900111,0,0,0
118900112,0,0,0
118900113,0,0,0
118900114,0,0,0
118900115,0,0,0
118900116,0,0,0
118900117,0,0,0
118900118,0,0,0
118900119,0,0,0
118900120,0,0,0
118900121,0,0,0
118900122,0,0,0
118900123,0,0,0
118900124,0,0,0
118900126,0,0,0
118900129,0,0,0
118900130,0,0,0
118900131,0,0,0
118900132,0,0,0
118900133,0,0,0
118900135,0,0,0
118900136,0,0,0
118900137,0,0,0
118900139,0,0,0
118900140,0,0,0
118900141,0,0,0
118900144,0,0,0
118900145,0,0,0
118900146,0,0,0
118900147,0,0,0
118900148,0,0,0
118900150,0,0,0
118900152,0,0,0
118900157,0,0,0
118900158,0,0,0
118900159,0,0,0
118900161,0,0,0
118900163,0,0,0
118900164,0,0,0
118900165,0,0,0
118900166,0,0,0
118900167,0,0,0
118900168,0,0,0
118900169,0,0,0
118900170,0,0,0
118900171,0,0,0
118900174,0,0,0
118900175,0,0,0
118900176,0,0,0
118900177,0,0,0
118900178,0,0,0
118900179,0,0,0
118900181,0,0,0
118900182,0,0,0
118900183,0,0,0
118900184,0,0,0
118900185,0,0,0
118900186,0,0,0
118900187,0,0,0
118900188,0,0,0
118900189,0,0,0
118900190,0,0,0
118900191,0,0,0
118900192,0,0,0
118900193,0,0,0
118900195,0,0,0
118900196,0,0,0
118900197,0,0,0
118900198,0,0,0
118900199,0,0,0
118900200,0,0,0
118900201,0,0,0
118900202,0,0,0
118900203,0,0,0
118900204,0,0,0
118900205,0,0,0
118900206,0,0,0
119000001,410,389,21
119000002,585,216,369
119000003,45,80,-35
119000004,9,93,-84
119000005,232,67,165
119000006,113,39,74
119000007,800,555,245
119000008,0,0,0
119000009,245,364,-119
119000010,0,0,0
119000011,355,403,-48
119000012,24,70,-46
119000013,1475,416,1059
119000014,25,61,-36
119000019,0,0,0
119000020,38,41,-3
119000021,79,65,14
119000022,0,0,0
119000023,115,125,-10
119000024,159,1045,-886
119000025,28,101,-73
119000026,0,0,0
119000027,3,35,-32
119000028,68,33,35
119000029,0,0,0
119000030,31,76,-45
119000031,0,0,0
119000032,0,43,-43
119000033,334,87,247
119000034,14,1,13
119000035,0,4,-4
119000036,132,20,112
119000037,7,12,-5
119000038,0,16,-16
119000039,25,24,1
119000040,6,203,-197
119000041,13,39,-26
119000048,292,118,174
119000049,17,43,-26
119000050,24,5,19
119000051,33,170,-137
119000052,1,6,-5
119000053,52,140,-88
119000054,215,105,110
119000055,1269,118,1151
119000056,521,333,188
119000057,68,51,17
119000058,41,51,-10
119000059,660,197,463
119000060,0,0,0
119000061,98,87,11
119000062,0,0,0
119000063,19,31,-12
119000064,23,78,-55
119000065,50,15,35
119000066,112,89,23
119000067,216,81,135
119000068,93,30,63
119000069,290,106,184
119000070,55,18,37
119000071,0,0,0
119000072,244,129,115
119000073,127,62,65
119000074,291,125,166
119000075,277,58,219
119000076,0,0,0
119000077,0,0,0
119000078,0,0,0
119000079,0,0,0
119000080,0,0,0
119000081,0,0,0
119000082,0,0,0
119000083,0,0,0
119000084,0,0,0
119000085,0,0,0
119000086,0,0,0
119000087,0,0,0
119000088,0,0,0
119000089,0,0,0
119000090,0,0,0
119000091,0,0,0
119000092,0,0,0
119000093,368,79,289
119000094,817,187,630
119000095,59,110,-51
119000097,78,85,-7
119000098,176,396,-220
119000099,470,105,365
119000100,426,278,148
119000101,0,0,0
119000102,0,0,0
119000103,16,13,3
119000104,0,0,0
119000105,43,88,-45
119000106,0,0,0
119000107,138,93,45
119000108,0,0,0
119000109,0,0,0
119000110,0,0,0
119000111,0,0,0
119000112,0,0,0
119000113,0,0,0
119000114,1,28,-27
119000115,0,0,0
119000116,4,47,-43
119000117,0,0,0
119000118,0,0,0
119000123,0,0,0
119000124,90,18,72
119000125,308,26,282
119000126,272,26,246
119000127,0,0,0
119000128,0,0,0
119000131,0,0,0
119000132,0,0,0
119000133,0,0,0
119000134,209,206,3
119000135,0,0,0
119000136,0,0,0
119000137,0,0,0
119000138,0,0,0
119000139,0,0,0
119000140,0,0,0
119000284,0,0,0
119000285,0,0,0
119000286,2,1,1
119000287,0,0,0
119000288,0,0,0
119000289,0,1,-1
119000290,57,4,53
119000291,0,0,0
119000293,0,8,-8
119000294,107,54,53
119000295,0,0,0
119000296,0,0,0
119000302,0,0,0
119000303,1,26,-25
119000310,0,0,0
119000314,0,0,0
119000315,0,0,0
119000316,0,0,0
119000317,0,0,0
119900001,0,0,0
119900002,0,0,0
119900003,0,0,0
119900004,0,0,0
119900005,0,0,0
119900006,0,0,0
119900007,0,0,0
119900008,0,0,0
119900009,0,0,0
119900010,0,0,0
119900011,0,0,0
119900012,0,0,0
119900013,0,0,0
119900014,0,0,0
119900015,0,0,0
119900016,0,0,0
119900017,0,0,0
119900018,0,0,0
119900019,0,0,0
119900020,0,0,0
119900021,0,0,0
119900022,0,0,0
119900023,0,0,0
119900025,0,0,0
119900026,0,0,0
119900027,0,0,0
119900028,0,0,0
119900029,0,0,0
119900030,0,0,0
119900031,0,0,0
119900033,0,0,0
119900034,0,0,0
119900037,0,0,0
119900038,0,0,0
119900039,0,0,0
119900040,0,0,0
119900041,0,0,0
119900042,0,0,0
119900043,0,0,0
119900044,0,0,0
119900046,0,0,0
119900047,0,0,0
119900048,0,0,0
119900049,0,0,0
119900050,0,0,0
119900051,0,0,0
119900052,0,0,0
119900053,0,0,0
119900054,0,0,0
119900055,0,0,0
119900057,0,0,0
119900058,0,0,0
119900059,0,0,0
119900060,0,0,0
119900062,0,0,0
119900063,0,0,0
119900065,0,0,0
119900066,0,0,0
119900067,0,0,0
119900068,0,0,0
119900069,0,0,0
119900070,0,0,0
119900071,0,0,0
119900073,0,0,0
119900074,0,0,0
119900075,0,0,0
119900076,0,0,0
119900077,0,0,0
119900078,0,0,0
119900079,0,0,0
119900080,0,0,0
119900081,0,0,0
119900082,2,0,2
119900083,0,0,0
119900084,0,0,0
119900085,0,0,0
119900087,0,0,0
119900088,0,0,0
119900089,0,0,0
119900090,0,0,0
119900091,0,0,0
119900092,0,0,0
119900093,0,0,0
119900094,0,0,0
119900095,0,0,0
119900096,0,0,0
119900097,0,0,0
119900098,0,0,0
119900099,0,0,0
119900100,0,0,0
119900101,0,0,0
119900102,0,0,0
119900103,0,0,0
119900104,0,0,0
119900105,0,0,0
119900106,0,0,0
119900107,0,0,0
119900108,0,0,0
119900109,0,0,0
119900110,0,0,0
119900111,0,0,0
119900112,0,0,0
119900113,0,0,0
119900114,0,0,0
119900115,0,0,0
119900116,0,0,0
119900117,0,0,0
119900118,0,0,0
119900119,0,0,0
119900120,0,0,0
119900121,0,0,0
119900122,0,0,0
119900123,0,0,0
119900124,0,0,0
119900125,0,0,0
119900126,0,0,0
119900127,0,0,0
119900128,0,0,0
119900129,0,0,0
119900130,0,0,0
119900131,0,0,0
119900132,0,0,0
119900133,0,0,0
119900134,0,0,0
119900135,0,0,0
119900136,0,0,0
119900138,0,0,0
119900139,0,0,0
119900140,0,0,0
119900141,0,0,0
119900142,0,0,0
119900143,0,0,0
119900144,0,0,0
119900145,0,0,0
119900146,0,0,0
119900147,0,0,0
119900148,0,0,0
119900149,0,0,0
119900150,0,0,0
119900151,0,0,0
119900152,0,0,0
119900153,0,0,0
119900154,0,0,0
119900155,0,0,0
119900156,0,0,0
119900157,0,0,0
119900158,0,0,0
119900159,0,0,0
119900160,0,0,0
119900161,0,0,0
119900162,0,0,0
119900163,0,0,0
119900164,0,0,0
119900165,0,0,0
119900166,0,0,0
119900167,0,0,0
119900168,0,0,0
119900169,0,0,0
119900170,0,0,0
119900171,0,0,0
119900172,0,0,0
119900173,0,0,0
119900174,0,0,0
119900175,0,0,0
119900177,0,0,0
119900178,0,0,0
119900179,0,0,0
119900180,0,0,0
119900181,0,0,0
119900182,0,0,0
119900183,0,0,0
119900184,0,0,0
119900185,0,0,0
119900186,0,0,0
119900187,0,0,0
119900188,0,0,0
119900189,0,0,0
119900190,0,0,0
119900191,0,0,0
119900192,0,0,0
119900193,0,0,0
119900194,0,0,0
119900195,0,0,0
119900196,0,0,0
119900197,0,0,0
119900198,0,0,0
119900199,0,0,0
119900200,0,0,0
119900201,0,0,0
119900202,0,0,0
119900203,0,0,0
119900204,0,0,0
119900205,0,0,0
119900206,0,0,0
119900208,0,0,0
119900209,0,0,0
119900210,0,0,0
119900211,0,0,0
119900212,0,0,0
119900213,0,0,0
119900214,0,0,0
119900215,0,0,0
119900216,0,0,0
119900217,0,0,0
119900218,0,0,0
119900219,0,0,0
119900220,0,0,0
119900221,0,0,0
119900222,0,0,0
119900223,0,0,0
119900224,0,0,0
119900225,0,0,0
119900226,0,0,0
119900227,0,0,0
119900228,0,0,0
119900229,0,0,0
119900230,0,0,0
119900231,0,0,0
119900232,0,0,0
119900233,0,0,0
119900234,0,0,0
119900235,0,0,0
119900236,0,0,0
119900237,0,0,0
119900238,0,0,0
119900240,0,0,0
119900241,0,0,0
119900242,0,0,0
119900244,0,0,0
119900245,0,0,0
119900246,0,0,0
119900247,0,0,0
119900248,0,0,0
119900249,0,0,0
119900253,0,0,0
119900254,0,0,0
119900255,0,0,0
119900256,0,0,0
119900257,0,0,0
119900258,0,0,0
119900259,0,0,0
119900260,0,0,0
119900261,0,0,0
119900262,0,0,0
119900263,0,0,0
119900264,0,0,0
119900265,0,0,0
119900266,0,0,0
119900267,0,0,0
119900268,0,0,0
119900269,0,0,0
119900271,0,0,0
119900272,0,0,0
119900275,0,0,0
119900276,0,0,0
119900277,0,0,0
119900278,0,0,0
119900279,0,0,0
119900280,0,0,0
119900281,0,0,0
119900282,0,0,0
119900283,0,0,0
119900284,0,0,0
119900285,0,0,0
119900286,0,0,0
119900288,0,0,0
119900289,0,0,0
119900290,0,0,0
119900291,0,0,0
119900292,0,0,0
119900293,0,0,0
119900294,0,0,0
119900295,0,0,0
119900296,0,0,0
119900299,0,0,0
119900300,0,0,0
119900301,0,0,0
119900302,0,0,0
119900303,0,0,0
119900304,0,0,0
119900305,0,0,0
119900306,0,0,0
119900307,0,0,0
119900308,0,0,0
119900309,0,0,0
119900310,0,0,0
119900311,0,0,0
119900312,0,0,0
119900313,0,0,0
119900314,0,0,0
119900315,0,0,0
119900318,0,0,0
119900319,0,0,0
119900320,0,0,0
119900321,0,0,0
119900322,0,0,0
119900323,0,0,0
119900324,0,0,0
119900325,0,0,0
119900326,0,0,0
120000001,1885,1949,-64
120000002,143,119,24
120000003,49,88,-39
120000004,45,145,-100
120000005,186,225,-39
120000006,64,69,-5
120000007,99,96,3
120000008,38,91,-53
120000009,24,12,12
120000010,27,72,-45
120000011,20,90,-70
120000012,35,231,-196
120000013,493,215,278
120000014,221,293,-72
120000015,827,436,391
120000016,2033,632,1401
120000017,698,425,273
120000018,1459,515,944
120000019,352,175,177
120000020,904,397,507
120000021,306,881,-575
120000022,2172,1328,844
120000023,420,309,111
120000024,241,310,-69
120000025,892,335,557
120000026,385,587,-202
120000027,618,648,-30
120000028,0,1,-1
120000029,9,261,-252
120000030,0,176,-176
120000031,628,568,60
120000032,448,117,331
120000033,193,96,97
120000034,305,50,255
120000035,534,95,439
120000036,1070,961,109
120000037,326,700,-374
120000038,267,629,-362
120000039,2,44,-42
120000040,0,18,-18
120000041,26,16,10
120000042,50,29,21
120000043,144,72,72
120000044,23,8,15
120000045,11,2,9
120000046,75,25,50
120000047,14,28,-14
120000048,632,249,383
120000049,527,242,285
120000050,83,242,-159
120000051,24,264,-240
120000052,0,0,0
120000053,182,31,151
120000054,162,22,140
120000055,114,25,89
120000056,371,183,188
120000057,390,94,296
120000058,60,76,-16
120000059,3,294,-291
120000061,0,8,-8
120000062,0,0,0
120000063,136,13,123
120000064,43,14,29
120000065,124,3,121
120000066,58,2,56
120000067,2,10,-8
120000068,11,52,-41
120000069,82,28,54
120000070,3,12,-9
120000071,393,208,185
120000072,470,174,296
120000073,229,178,51
120000074,87,72,15
120000075,627,76,551
120000076,829,104,725
120000077,327,158,169
120000078,574,245,329
120000079,0,0,0
120000080,0,0,0
120000081,0,0,0
120000082,0,0,0
120000083,0,0,0
120000084,30,9,21
120000085,1,3,-2
120000086,36,20,16
120000087,2,7,-5
120000088,353,52,301
120000089,656,66,590
120000090,295,48,247
120000091,577,171,406
120000092,682,164,518
120000093,113,124,-11
120000094,97,337,-240
120000095,0,0,0
120000096,0,0,0
120000098,159,1,158
120000099,34,7,27
120000100,121,1,120
120000101,55,4,51
120000102,101,660,-559
120000103,538,730,-192
120000104,1252,66,1186
120000105,1718,64,1654
120000106,1516,53,1463
120000107,1704,28,1676
120000108,959,17,942
120000109,307,23,284
120000110,0,35,-35
120000111,0,12,-12
120000112,0,16,-16
120000113,4,21,-17
120000114,30,12,18
120000115,4,17,-13
120000116,35,30,5
120000117,0,0,0
120000118,0,0,0
120000119,4,73,-69
120000120,0,0,0
120000121,13,55,-42
120000122,87,59,28
120000123,342,198,144
120000124,198,135,63
120000125,11,12,-1
120000126,94,166,-72
120000127,208,101,107
120000128,90,6,84
120000129,143,37,106
120000130,548,103,445
120000131,54,89,-35
120000134,0,0,0
120000135,0,0,0
120000137,0,0,0
120000138,0,0,0
120000139,0,0,0
120000140,0,0,0
120000141,0,0,0
120000142,0,0,0
120000143,0,0,0
120000144,0,0,0
120000145,0,0,0
120000146,380,655,-275
120000149,0,0,0
120000150,0,0,0
120000151,68,61,7
120000152,150,29,121
120000153,0,0,0
120000154,52,1,51
120000155,109,30,79
120000156,75,24,51
120000157,155,74,81
120000158,0,0,0
120000159,76,298,-222
120000160,589,278,311
120000161,277,190,87
120000162,25,177,-152
120000163,0,0,0
120000164,0,0,0
120000165,75,6,69
120000166,128,88,40
120000167,0,0,0
120000168,0,0,0
120000169,0,0,0
120000170,0,0,0
120000171,0,0,0
120000172,0,0,0
120000173,0,0,0
120000174,0,0,0
120000175,0,0,0
120000176,0,0,0
120000177,0,0,0
120000178,0,0,0
120000179,0,0,0
120000180,0,0,0
120000181,0,0,0
120000182,0,0,0
120000183,0,0,0
120000184,0,0,0
120000186,0,0,0
120000187,0,0,0
120000188,0,0,0
120000190,0,0,0
120000191,0,0,0
120000192,0,0,0
120000193,0,0,0
120000195,0,0,0
120000196,0,0,0
120000197,0,0,0
120000198,0,0,0
120000199,0,0,0
120000200,0,0,0
120000201,0,0,0
120000202,0,0,0
120000203,0,0,0
120000207,0,0,0
120000208,0,0,0
120000209,0,0,0
120000210,0,0,0
120000211,0,0,0
120000212,0,0,0
120000213,0,0,0
120000214,0,0,0
120000215,0,0,0
120000216,0,0,0
120000217,0,0,0
120000218,0,0,0
120000219,0,0,0
120000220,0,0,0
120000225,0,0,0
120000226,0,0,0
120000227,0,0,0
120000228,0,0,0
120000230,0,0,0
120000231,0,0,0
120000233,274,1,273
120000235,1,34,-33
120000236,811,15,796
120000237,0,0,0
120000238,0,0,0
120000241,561,385,176
120000412,0,0,0
120000413,0,0,0
120000414,0,0,0
120000415,0,0,0
120000416,0,0,0
120000417,0,0,0
120000418,0,0,0
120000419,0,0,0
120000420,20,3,17
120000421,450,418,32
120000422,0,0,0
120000423,0,0,0
120000424,0,0,0
120000436,122,30,92
120000437,0,0,0
120000438,0,0,0
120000439,252,147,105
120000443,3,0,3
120000444,444,121,323
120000445,302,250,52
120000446,188,57,131
120000447,407,2,405
120000449,0,0,0
120000450,0,0,0
120000451,59,54,5
120000452,10,0,10
120000453,0,0,0
120000454,32,0,32
120000455,17,112,-95
120000456,36,161,-125
120000457,40,26,14
120000458,0,0,0
120000459,34,25,9
120000665,3,162,-159
120000668,0,32,-32
120000669,30,8,22
120000670,2,21,-19
120000671,74,23,51
120000672,0,9,-9
120900001,0,0,0
120900002,0,0,0
120900003,0,0,0
120900004,0,0,0
120900005,0,0,0
120900006,0,0,0
120900007,0,0,0
120900008,0,0,0
120900009,0,0,0
120900010,0,0,0
120900011,0,0,0
120900012,0,0,0
120900013,0,0,0
120900014,0,0,0
120900015,0,0,0
120900016,0,0,0
120900017,0,0,0
120900018,0,0,0
120900019,0,0,0
120900020,0,0,0
120900021,0,0,0
120900022,0,0,0
120900023,0,0,0
120900024,0,0,0
120900025,0,0,0
120900026,0,0,0
120900027,0,0,0
120900028,0,0,0
120900029,0,0,0
120900030,0,0,0
120900031,0,0,0
120900032,0,0,0
120900033,0,0,0
120900034,0,0,0
120900035,0,0,0
120900037,0,0,0
120900038,0,0,0
120900039,0,0,0
120900040,0,0,0
120900041,0,0,0
120900042,0,0,0
120900043,0,0,0
120900044,0,0,0
120900045,0,0,0
120900046,0,0,0
120900047,0,0,0
120900048,0,0,0
120900049,0,0,0
120900050,0,0,0
120900051,0,0,0
120900052,0,0,0
120900053,0,0,0
120900054,0,0,0
120900055,0,0,0
120900056,0,0,0
120900057,0,0,0
120900058,0,0,0
120900059,0,0,0
120900060,0,0,0
120900061,0,0,0
120900062,0,0,0
120900063,0,0,0
120900064,0,0,0
120900065,0,0,0
120900066,0,0,0
120900067,0,0,0
120900068,0,0,0
120900069,0,0,0
120900071,0,0,0
120900072,0,0,0
120900073,0,0,0
120900074,0,0,0
120900076,0,0,0
120900077,0,0,0
120900078,0,0,0
120900079,0,0,0
120900080,0,0,0
120900081,0,0,0
120900082,0,0,0
120900083,0,0,0
120900084,0,0,0
120900085,0,0,0
120900086,0,0,0
120900087,0,0,0
120900088,0,0,0
120900089,0,0,0
120900090,0,0,0
120900091,0,0,0
120900092,0,0,0
120900093,0,0,0
120900094,0,0,0
120900095,0,0,0
120900096,0,0,0
120900097,0,0,0
120900098,0,0,0
120900099,0,0,0
120900100,0,0,0
120900101,0,0,0
120900102,0,0,0
120900103,0,0,0
120900104,0,0,0
120900105,0,0,0
120900106,0,0,0
120900107,0,0,0
120900108,0,0,0
120900109,0,0,0
120900110,0,0,0
120900111,0,0,0
120900112,0,0,0
120900113,0,0,0
120900114,0,0,0
120900115,111,34,77
120900116,0,0,0
120900117,0,0,0
120900118,0,0,0
120900119,0,0,0
120900120,0,0,0
120900121,0,0,0
120900122,0,0,0
120900123,0,0,0
120900124,0,0,0
120900125,0,0,0
120900126,0,0,0
120900127,0,0,0
120900128,0,0,0
120900129,0,0,0
120900130,0,0,0
120900131,0,0,0
120900132,0,0,0
120900133,0,0,0
120900134,0,0,0
120900135,0,0,0
120900136,0,0,0
120900137,0,0,0
120900138,0,0,0
120900139,0,0,0
120900140,0,0,0
120900141,0,0,0
120900142,0,0,0
120900143,0,0,0
120900144,0,0,0
120900145,0,0,0
120900146,0,0,0
120900147,0,0,0
120900148,0,0,0
120900149,0,0,0
120900150,0,0,0
120900151,0,0,0
120900152,0,0,0
120900153,0,0,0
120900154,0,0,0
120900155,0,0,0
120900156,0,0,0
120900157,0,0,0
120900158,0,0,0
120900159,0,0,0
120900160,0,0,0
120900161,0,0,0
120900162,0,0,0
120900163,0,0,0
120900164,0,0,0
120900165,0,0,0
120900166,0,0,0
120900167,0,0,0
120900169,0,0,0
120900170,0,0,0
120900171,0,0,0
120900172,0,0,0
120900173,0,0,0
120900174,0,0,0
120900175,0,0,0
120900176,0,0,0
120900177,0,0,0
120900178,0,0,0
120900179,0,0,0
120900180,0,0,0
120900181,0,0,0
120900182,0,0,0
120900183,0,0,0
120900184,0,0,0
120900185,0,0,0
120900186,0,0,0
120900187,0,0,0
120900188,0,0,0
120900189,0,0,0
120900190,0,0,0
120900191,0,0,0
120900192,0,0,0
120900194,0,0,0
120900195,0,0,0
120900196,0,0,0
120900197,0,0,0
120900198,0,0,0
120900199,0,0,0
120900200,0,0,0
120900201,0,0,0
120900202,0,0,0
120900203,0,0,0
120900204,0,0,0
120900205,0,0,0
120900206,0,0,0
120900207,0,0,0
121000001,0,0,0
121000002,190,114,76
121000003,0,0,0
121000004,239,178,61
121000005,7,25,-18
121000006,160,282,-122
121000007,5,38,-33
121000008,481,443,38
121000009,40,59,-19
121000010,576,246,330
121000011,278,191,87
121000012,1575,686,889
121000013,283,356,-73
121000014,1770,630,1140
121000015,614,941,-327
121000016,895,665,230
121000017,68,170,-102
121000018,141,194,-53
121000019,234,249,-15
121000020,585,898,-313
121000021,33,30,3
121000022,61,311,-250
121000023,43,19,24
121000024,661,562,99
121000025,23,70,-47
121000026,64,99,-35
121000027,59,93,-34
121000028,5,69,-64
121000029,62,11,51
121000030,0,0,0
121000031,1,1,0
121000032,0,0,0
121000034,20,11,9
121000035,0,0,0
121000036,29,46,-17
121000037,61,27,34
121000038,14,144,-130
121000039,0,0,0
121000041,0,0,0
121000042,1,66,-65
121000043,37,3,34
121000044,2,50,-48
121000045,3,32,-29
121000046,0,0,0
121000047,0,0,0
121000049,150,45,105
121000050,50,235,-185
121000051,8,26,-18
121000052,6,71,-65
121000053,6,5,1
121000054,0,0,0
121000055,0,0,0
121000056,256,275,-19
121000057,0,0,0
121000058,0,0,0
121000059,11,21,-10
121000060,78,19,59
121000061,0,20,-20
121000062,0,13,-13
121000063,9,18,-9
121000064,24,19,5
121000065,20,11,9
121000066,0,0,0
121000067,0,0,0
121000068,39,1,38
121000069,0,3,-3
121000070,64,132,-68
121000071,29,198,-169
121000072,11,31,-20
121000073,15,166,-151
121000074,0,0,0
121000075,0,0,0
121000076,0,2,-2
121000077,7,6,1
121000078,0,0,0
121000080,117,55,62
121000081,243,283,-40
121000082,10,31,-21
121000083,16,5,11
121000084,0,0,0
121000085,74,31,43
121000086,1,68,-67
121000087,1,89,-88
121000088,0,0,0
121000089,2,137,-135
121000090,0,0,0
121000091,498,61,437
121000092,18,8,10
121000093,6,58,-52
121000094,41,41,0
121000095,0,5,-5
121000096,0,0,0
121000097,0,0,0
121000098,19,33,-14
121000099,12,27,-15
121000100,0,0,0
121000101,12,8,4
121000102,0,0,0
121000103,2,6,-4
121000104,0,0,0
121000105,0,0,0
121000106,3,5,-2
121000107,196,270,-74
121000109,80,279,-199
121000110,0,4,-4
121000114,246,329,-83
121000115,0,0,0
121000116,0,0,0
121000117,67,0,67
121000118,1,0,1
121000119,0,0,0
121000120,3,57,-54
121000121,8,8,0
121000123,1,0,1
121000127,0,0,0
121000128,0,0,0
121000129,0,0,0
121000130,8,36,-28
121000131,0,0,0
121000132,8,63,-55
121000135,0,0,0
121000136,43,101,-58
121000137,0,0,0
121000138,10,27,-17
121000139,0,0,0
121000141,0,0,0
121000142,0,0,0
121000143,0,0,0
121000144,0,0,0
121000145,0,2,-2
121000146,45,16,29
121000147,45,77,-32
121000148,0,0,0
121000149,210,345,-135
121000152,14,17,-3
121000153,88,12,76
121000154,141,14,127
121000155,103,51,52
121000156,103,59,44
121000157,39,30,9
121000158,32,27,5
121000159,14,28,-14
121000160,3,9,-6
121000161,0,0,0
121000162,0,0,0
121000165,110,688,-578
121000166,4,22,-18
121000168,8,87,-79
121000169,2,6,-4
121000170,85,57,28
121000171,21,39,-18
121000172,29,77,-48
121000173,0,4,-4
121000174,1,6,-5
121000175,13,15,-2
121000176,6,10,-4
121000177,2,0,2
121000178,0,0,0
121000179,7,8,-1
121000181,65,122,-57
121000182,49,67,-18
121000183,3,17,-14
121000184,8,31,-23
121000185,1,21,-20
121000186,0,2,-2
121000187,0,0,0
121000188,0,0,0
121000192,13,12,1
121000193,0,0,0
121000194,43,175,-132
121000195,0,0,0
121000196,0,0,0
121000197,2,0,2
121000198,0,0,0
121000199,4,1,3
121000200,0,0,0
121000201,0,0,0
121000202,0,0,0
121000203,0,0,0
121000204,0,0,0
121000205,12,8,4
121000206,0,0,0
121000207,0,0,0
121000208,0,0,0
121000209,58,8,50
121000210,0,0,0
121000211,1,0,1
121000212,0,0,0
121000213,50,145,-95
121000214,12,112,-100
121000215,65,82,-17
121000216,45,41,4
121000217,566,198,368
121000218,4,14,-10
121000219,156,116,40
121000220,0,0,0
121000221,6,62,-56
121000222,13,51,-38
121000223,0,0,0
121000224,0,0,0
121000225,2,46,-44
121000226,16,249,-233
121000227,0,0,0
121000228,0,0,0
121000229,0,0,0
121000230,0,0,0
121000231,149,2,147
121000232,0,0,0
121000233,133,5,128
121000234,1,16,-15
121000235,1,14,-13
121000236,0,1,-1
121000237,23,1,22
121000238,0,0,0
121000239,0,0,0
121000240,0,10,-10
121000241,29,0,29
121000242,0,4,-4
121000243,48,1,47
121000244,0,0,0
121000245,3,0,3
121000246,0,1,-1
121000247,24,0,24
121000248,41,7,34
121000249,0,0,0
121000250,29,82,-53
121000251,0,0,0
121000252,0,34,-34
121000253,0,0,0
121000254,151,5,146
121000255,0,0,0
121000256,28,34,-6
121000257,0,0,0
121000258,23,48,-25
121000259,0,0,0
121000260,0,0,0
121000261,0,43,-43
121000262,0,0,0
121000263,11,50,-39
121000271,0,0,0
121000273,0,0,0
121000274,0,13,-13
121000275,0,0,0
121000276,0,2,-2
121000278,26,0,26
121000279,0,0,0
121000280,6,20,-14
121000289,6,0,6
121000290,34,63,-29
121000294,0,0,0
121000297,59,49,10
121000299,0,0,0
121000300,0,0,0
121000302,0,77,-77
121000303,5,16,-11
121000304,212,84,128
121000305,30,57,-27
121000306,24,42,-18
121000308,0,0,0
121000309,0,0,0
121000310,0,0,0
121000311,0,0,0
121000312,65,44,21
121000313,0,0,0
121000314,0,0,0
121000315,0,0,0
121000530,243,228,15
121000531,404,231,173
121000532,854,307,547
121000533,3389,1000,2389
121000918,0,0,0
121000919,0,0,0
121000938,0,0,0
121000939,16,24,-8
121000956,0,0,0
121000957,0,0,0
121000958,0,2,-2
121000959,22,14,8
121000960,31,31,0
121000961,98,0,98
121000962,0,14,-14
121000973,0,0,0
121000976,0,0,0
121000979,0,0,0
121000981,42,19,23
121000982,0,0,0
121000983,4,0,4
121000984,0,0,0
121000985,0,0,0
121000986,0,0,0
121000987,0,0,0
121000988,225,31,194
121001302,0,0,0
121001308,0,0,0
121001309,0,0,0
121001313,0,0,0
121001314,0,0,0
121001315,1376,77,1299
121900001,3,85,-82
121900002,0,0,0
121900003,0,0,0
121900004,0,0,0
121900005,0,0,0
121900006,0,0,0
121900007,4,0,4
121900008,0,0,0
121900009,0,0,0
121900010,0,0,0
121900011,0,0,0
121900012,0,0,0
121900013,0,0,0
121900014,0,0,0
121900015,0,0,0
121900016,0,0,0
121900017,0,0,0
121900018,0,0,0
121900019,0,0,0
121900020,0,0,0
121900021,0,0,0
121900022,0,0,0
121900023,0,0,0
121900024,0,0,0
121900025,0,0,0
121900026,0,0,0
121900027,0,0,0
121900028,0,0,0
121900029,0,0,0
121900030,0,0,0
121900031,0,0,0
121900032,0,0,0
121900033,0,0,0
121900034,0,0,0
121900035,0,0,0
121900036,0,0,0
121900037,0,0,0
121900038,0,0,0
121900039,0,0,0
121900040,0,0,0
121900041,0,0,0
121900042,0,0,0
121900043,0,0,0
121900044,0,0,0
121900046,0,0,0
121900047,0,0,0
121900048,0,0,0
121900050,0,0,0
121900051,0,0,0
121900052,0,0,0
121900053,0,0,0
121900054,0,0,0
121900055,0,0,0
121900058,0,0,0
121900059,0,0,0
121900060,0,0,0
121900061,0,0,0
121900062,0,0,0
121900063,0,0,0
121900064,0,0,0
121900066,0,0,0
121900067,0,0,0
121900069,0,0,0
121900070,0,0,0
121900071,0,0,0
121900072,0,0,0
121900073,0,0,0
121900074,0,0,0
121900075,0,0,0
121900076,0,0,0
121900077,0,0,0
121900078,0,0,0
121900079,0,0,0
121900080,0,0,0
121900082,0,0,0
121900084,0,0,0
121900085,0,0,0
121900086,0,0,0
121900087,0,0,0
121900088,0,0,0
121900089,0,0,0
121900090,0,0,0
121900091,0,0,0
121900092,0,0,0
121900093,0,0,0
121900094,0,0,0
121900095,0,0,0
121900096,0,0,0
121900097,0,0,0
121900098,0,0,0
121900099,0,0,0
121900100,0,0,0
121900101,0,0,0
121900102,0,0,0
121900103,0,0,0
121900104,0,0,0
121900105,0,0,0
121900106,0,0,0
121900107,0,0,0
121900108,0,0,0
121900109,0,0,0
121900110,0,0,0
121900111,0,0,0
121900112,0,0,0
121900113,0,0,0
121900114,0,0,0
121900117,0,0,0
121900118,0,0,0
121900119,0,0,0
121900120,0,0,0
121900121,0,0,0
121900122,0,0,0
121900123,0,0,0
121900124,0,0,0
121900125,0,0,0
121900127,0,0,0
121900128,0,0,0
121900129,0,0,0
121900130,0,0,0
121900131,0,0,0
121900132,0,0,0
121900133,0,0,0
121900134,0,0,0
121900135,0,0,0
121900136,0,0,0
121900137,0,0,0
121900138,0,0,0
121900139,0,0,0
121900140,0,0,0
121900141,0,0,0
121900142,0,0,0
121900143,0,0,0
121900144,0,0,0
121900145,0,0,0
121900146,0,0,0
121900147,0,0,0
121900148,0,0,0
121900149,0,0,0
121900150,0,0,0
121900151,0,0,0
121900152,0,0,0
121900153,0,0,0
121900154,0,0,0
121900155,0,0,0
121900156,0,0,0
121900157,0,0,0
121900158,0,0,0
121900159,0,0,0
121900160,0,0,0
121900161,0,0,0
121900162,0,0,0
121900163,0,0,0
121900164,0,0,0
121900165,0,0,0
121900166,0,0,0
121900167,0,0,0
121900168,0,0,0
121900169,0,0,0
121900170,0,0,0
121900171,0,0,0
121900172,0,0,0
121900173,0,0,0
121900174,0,0,0
121900175,0,0,0
121900176,0,0,0
121900177,0,0,0
121900178,0,0,0
121900179,0,0,0
121900180,0,0,0
121900182,0,0,0
121900183,0,0,0
121900184,0,0,0
121900186,0,0,0
121900187,0,0,0
121900188,0,0,0
121900189,0,0,0
121900190,0,0,0
121900191,0,0,0
121900192,0,0,0
121900193,0,0,0
121900194,0,0,0
121900195,0,0,0
121900196,0,0,0
121900197,0,0,0
121900198,0,0,0
121900199,0,0,0
121900200,0,0,0
121900201,0,0,0
121900202,0,0,0
121900203,0,0,0
121900204,0,0,0
121900205,0,0,0
121900206,0,0,0
121900207,0,0,0
121900208,0,0,0
121900209,0,0,0
121900210,0,0,0
121900211,0,0,0
121900212,0,0,0
121900213,0,0,0
121900214,0,0,0
121900215,0,0,0
121900216,0,0,0
121900217,0,0,0
121900218,0,0,0
121900220,0,0,0
121900221,0,0,0
121900222,0,0,0
121900223,0,0,0
121900224,0,0,0
121900225,0,0,0
121900226,0,0,0
121900227,0,0,0
121900228,0,0,0
121900230,0,0,0
121900231,0,0,0
121900232,0,0,0
121900233,0,0,0
121900234,0,0,0
121900235,0,0,0
121900236,0,0,0
121900237,0,0,0
121900238,0,0,0
121900239,0,0,0
121900240,0,0,0
121900241,0,0,0
121900242,0,0,0
121900243,0,0,0
121900244,0,0,0
121900245,0,0,0
121900246,0,0,0
121900247,0,0,0
121900248,0,0,0
121900250,0,0,0
121900251,0,0,0
121900252,0,0,0
121900253,0,0,0
121900254,0,0,0
121900255,0,0,0
121900258,0,0,0
121900259,0,0,0
121900260,0,0,0
121900261,0,0,0
121900262,0,0,0
121900263,0,0,0
121900264,0,0,0
121900265,0,0,0
121900266,0,0,0
121900267,0,0,0
121900269,0,0,0
121900270,0,0,0
121900271,0,0,0
121900273,0,0,0
121900274,0,0,0
121900277,0,0,0
121900278,0,0,0
121900279,0,0,0
121900280,0,0,0
121900281,0,0,0
121900284,0,0,0
121900286,0,0,0
121900287,0,0,0
121900288,0,0,0
121900290,0,0,0
121900291,0,0,0
121900292,0,0,0
121900293,0,0,0
121900294,0,0,0
121900295,0,0,0
121900296,0,0,0
121900298,0,0,0
121900299,0,0,0
121900300,0,0,0
121900301,0,0,0
121900302,0,0,0
121900303,0,0,0
121900304,0,0,0
121900305,0,0,0
121900306,0,0,0
121900307,0,0,0
121900308,0,0,0
121900309,0,0,0
121900310,0,0,0
121900311,0,0,0
121900312,0,0,0
121900313,0,0,0
121900314,0,0,0
121900315,0,0,0
121900316,0,0,0
121900317,0,0,0
121900318,0,0,0
121900319,0,0,0
121900320,0,0,0
121900321,0,0,0
121900322,0,0,0
121900323,0,0,0
121900324,0,0,0
121900325,0,0,0
121900326,0,0,0
121900327,0,0,0
121900328,0,0,0
121900329,0,0,0
121900330,0,0,0
121900331,0,0,0
121900332,0,0,0
121900333,0,0,0
121900334,0,0,0
122000001,74,90,-16
122000002,85,56,29
122000003,62,84,-22
122000004,184,78,106
122000005,429,668,-239
122000006,84,202,-118
122000007,36,234,-198
122000008,120,220,-100
122000009,32,50,-18
122000010,651,300,351
122000011,141,181,-40
122000012,149,90,59
122000013,19,50,-31
122000014,0,10,-10
122000015,43,56,-13
122000016,3,96,-93
122000017,0,0,0
122000018,0,0,0
122000019,0,7,-7
122000020,0,0,0
122000021,0,0,0
122000022,94,17,77
122000023,20,23,-3
122000024,284,160,124
122000025,63,136,-73
122000026,386,209,177
122000027,0,0,0
122000028,83,18,65
122000029,19,15,4
122000030,0,0,0
122000031,1,32,-31
122000032,67,55,12
122000033,78,168,-90
122000034,0,0,0
122000035,0,0,0
122000036,0,0,0
122000037,2,3,-1
122000038,13,3,10
122000039,0,0,0
122000040,0,0,0
122000041,0,11,-11
122000042,1,15,-14
122000043,4,0,4
122000044,0,2,-2
122000045,82,33,49
122000046,118,41,77
122000047,0,0,0
122000048,283,640,-357
122000049,439,129,310
122000050,18,22,-4
122000051,2,49,-47
122000052,2,23,-21
122000053,26,500,-474
122000054,71,138,-67
122000055,413,735,-322
122000056,273,136,137
122000057,104,223,-119
122000058,73,78,-5
122000059,84,88,-4
122000060,0,0,0
122000061,0,0,0
122000062,32,7,25
122000063,0,20,-20
122000064,87,120,-33
122000065,157,219,-62
122000066,94,78,16
122000067,151,381,-230
122000068,50,252,-202
122000069,41,32,9
122000070,256,46,210
122000071,25,74,-49
122000072,0,0,0
122000073,0,0,0
122000074,35,63,-28
122000075,28,57,-29
122000076,105,126,-21
122000077,0,0,0
122000078,383,214,169
122000079,2,40,-38
122000080,0,0,0
122000081,0,0,0
122000082,109,116,-7
122000083,0,0,0
122000084,0,0,0
122000085,3,14,-11
122000086,18,285,-267
122000087,13,52,-39
122000088,0,0,0
122000089,143,239,-96
122000090,0,0,0
122000091,0,0,0
122000092,0,0,0
122000093,302,621,-319
122000094,347,336,11
122000095,12,56,-44
122000096,1,236,-235
122000098,365,415,-50
122000099,2,16,-14
122000100,8,0,8
122000101,2,9,-7
122000102,0,0,0
122000103,0,0,0
122000104,1,0,1
122000105,1,8,-7
122000106,7,25,-18
122000107,5,7,-2
122000108,0,0,0
122000109,1,9,-8
122000110,0,0,0
122000111,341,80,261
122000112,72,38,34
122000113,77,10,67
122000114,387,667,-280
122000115,517,391,126
122000116,4,94,-90
122000117,100,6,94
122000118,22,35,-13
122000119,0,0,0
122000120,0,0,0
122000121,49,5,44
122000122,3,4,-1
122000123,66,68,-2
122000124,7,71,-64
122000125,6,61,-55
122000126,1,35,-34
122000127,10,20,-10
122000128,4,8,-4
122000129,69,5,64
122000130,158,55,103
122000131,9,14,-5
122000132,0,0,0
122000133,0,0,0
122000134,64,40,24
122000135,4,21,-17
122000136,41,41,0
122000137,11,33,-22
122000139,6,129,-123
122000140,0,0,0
122000141,5,5,0
122000142,0,0,0
122000143,0,0,0
122000144,30,29,1
122000145,2,0,2
122000146,38,40,-2
122000147,7,70,-63
122000148,178,179,-1
122000149,105,52,53
122000150,111,53,58
122000151,0,0,0
122000152,0,0,0
122000153,55,62,-7
122000154,96,20,76
122000155,171,59,112
122000156,408,451,-43
122000157,190,236,-46
122000158,0,0,0
122000159,51,10,41
122000160,170,36,134
122000161,68,46,22
122000162,54,51,3
122000163,0,0,0
122000164,0,0,0
122000165,0,6,-6
122000166,71,55,16
122000167,0,0,0
122000168,0,5,-5
122000169,0,0,0
122000170,0,0,0
122000171,0,0,0
122000172,0,0,0
122000173,0,0,0
122000174,342,385,-43
122000175,0,0,0
122000176,0,0,0
122000177,377,416,-39
122000178,441,102,339
122000179,0,0,0
122000180,198,368,-170
122000181,645,459,186
122000182,110,98,12
122000183,17,2,15
122000184,572,413,159
122000185,175,188,-13
122000186,0,0,0
122000187,83,49,34
122000188,0,0,0
122000189,11,10,1
122000190,189,89,100
122000191,37,7,30
122000192,0,0,0
122000193,0,0,0
122000194,0,0,0
122000195,0,0,0
122000196,0,0,0
122000197,1,3,-2
122000198,0,0,0
122000199,39,49,-10
122000200,31,17,14
122000201,259,201,58
122000202,171,174,-3
122000203,0,0,0
122000204,0,0,0
122000205,0,0,0
122000206,156,29,127
122000207,69,40,29
122000208,114,28,86
122000209,231,30,201
122000210,18,3,15
122000211,0,37,-37
122000212,24,54,-30
122000213,42,156,-114
122000214,174,176,-2
122000215,42,92,-50
122000217,5,34,-29
122000218,53,24,29
122000219,58,56,2
122000220,21,72,-51
122000221,0,0,0
122000222,25,0,25
122000223,28,55,-27
122000225,74,13,61
122000226,1,15,-14
122000227,3,6,-3
122000228,0,3,-3
122000229,0,0,0
122000230,0,16,-16
122000231,0,23,-23
122000232,0,7,-7
122000233,0,0,0
122000234,12,2,10
122000235,21,1,20
122000236,13,2,11
122000237,0,0,0
122000238,7,15,-8
122000239,19,1,18
122000240,65,3,62
122000241,71,23,48
122000242,0,0,0
122000243,0,0,0
122000244,0,0,0
122000245,1,0,1
122000246,34,61,-27
122000247,16,1,15
122000248,2,6,-4
122000249,95,103,-8
122000250,175,65,110
122000251,0,0,0
122000252,8,4,4
122000253,0,0,0
122000254,7,1,6
122000255,0,0,0
122000256,3,38,-35
122000257,5,18,-13
122000258,19,27,-8
122000259,0,0,0
122000260,0,0,0
122000261,1,0,1
122000262,0,0,0
122000263,0,0,0
122000264,146,23,123
122000265,163,13,150
122000266,134,4,130
122000267,0,0,0
122000268,0,0,0
122000269,0,0,0
122000270,0,0,0
122000271,0,0,0
122000272,0,0,0
122000273,0,0,0
122000274,0,0,0
122000275,0,0,0
122000276,41,86,-45
122000277,125,114,11
122000278,175,67,108
122000279,6,24,-18
122000280,2,15,-13
122000281,6,9,-3
122000282,18,11,7
122000283,0,0,0
122000284,0,0,0
122000285,0,0,0
122000286,0,0,0
122000287,429,78,351
122000288,45,3,42
122000291,900,66,834
122000293,0,0,0
122000294,98,10,88
122000295,120,4,116
122000296,35,101,-66
122000297,706,329,377
122000299,97,5,92
122000300,1,17,-16
122000301,61,37,24
122000302,5,6,-1
122000303,27,88,-61
122000304,0,0,0
122000305,326,58,268
122000306,0,24,-24
122000307,0,0,0
122000309,0,0,0
122000310,0,0,0
122000311,0,0,0
122000312,2,65,-63
122000313,25,48,-23
122000314,28,41,-13
122000315,0,0,0
122000316,25,18,7
122000317,64,12,52
122000318,22,24,-2
122000319,12,5,7
122000320,0,0,0
122000321,0,0,0
122000322,58,72,-14
122000323,70,58,12
122000324,1,6,-5
122000325,53,180,-127
122000326,1,0,1
122000327,0,20,-20
122000328,0,0,0
122000330,43,128,-85
122000332,0,0,0
122000333,0,0,0
122000337,16,19,-3
122000338,0,2,-2
122000340,0,0,0
122000342,18,28,-10
122000343,0,6,-6
122000344,18,0,18
122000345,2,2,0
122000346,0,0,0
122000348,20,28,-8
122000349,0,0,0
122000351,4,0,4
122000352,0,0,0
122000353,0,0,0
122000355,0,0,0
122000356,18,16,2
122000357,0,2,-2
122000358,0,0,0
122000359,0,0,0
122000360,0,0,0
122000362,0,0,0
122000364,0,0,0
122000365,0,0,0
122000366,0,0,0
122000368,0,0,0
122000370,0,0,0
122000371,0,0,0
122000372,0,0,0
122000381,0,0,0
122000382,0,0,0
122000384,0,0,0
122000385,0,0,0
122000386,6,160,-154
122000387,0,0,0
122000388,29,47,-18
122000389,0,0,0
122000390,9,39,-30
122000391,0,0,0
122000392,0,0,0
122000393,0,0,0
122000394,0,0,0
122000395,0,0,0
122000396,0,0,0
122000397,0,0,0
122000398,23,56,-33
122000399,0,0,0
122000400,11,66,-55
122000401,0,0,0
122000402,13,5,8
122000403,0,0,0
122000404,113,13,100
122000408,223,250,-27
122000503,0,0,0
122000524,0,0,0
122000544,0,0,0
122000616,0,0,0
122000640,0,0,0
122000641,0,0,0
122000642,0,0,0
122000643,26,13,13
122000644,0,0,0
122000645,0,0,0
122000651,16,15,1
122000664,15,5,10
122000665,0,0,0
122000666,45,55,-10
122000673,0,0,0
122000674,31,6,25
122000675,17,8,9
122000686,58,26,32
122000687,40,15,25
122000688,75,23,52
122000689,155,23,132
122000690,242,4,238
122000691,347,59,288
122000692,37,0,37
122000693,17,19,-2
122000695,0,0,0
122000696,74,12,62
122000698,0,0,0
122000699,8,3,5
122000701,108,10,98
122000702,68,68,0
122000703,17,14,3
122000712,0,0,0
122000717,0,0,0
122000718,70,133,-63
122000719,1,24,-23
122000720,29,13,16
122000724,0,0,0
122900001,0,0,0
122900002,0,0,0
122900003,0,0,0
122900004,0,0,0
122900005,0,0,0
122900006,0,0,0
122900007,0,0,0
122900008,0,0,0
122900009,0,0,0
122900010,0,0,0
122900012,0,0,0
122900014,0,0,0
122900015,0,0,0
122900016,0,0,0
122900017,0,0,0
122900018,0,0,0
122900019,0,0,0
122900020,0,0,0
122900021,0,0,0
122900022,0,0,0
122900023,0,0,0
122900024,0,0,0
122900025,0,0,0
122900026,0,0,0
122900027,0,0,0
122900028,0,0,0
122900029,0,0,0
122900030,0,0,0
122900031,0,0,0
122900032,0,0,0
122900033,0,0,0
122900034,0,0,0
122900035,0,0,0
122900036,0,0,0
122900037,0,0,0
122900038,0,0,0
122900039,0,0,0
122900040,0,0,0
122900041,0,0,0
122900042,0,0,0
122900043,0,0,0
122900044,0,0,0
122900045,0,0,0
122900046,0,0,0
122900047,0,0,0
122900048,0,0,0
122900049,0,0,0
122900051,0,0,0
122900052,0,0,0
122900053,1,1,0
122900055,0,0,0
122900057,0,0,0
122900061,0,0,0
122900062,0,0,0
122900063,0,0,0
122900064,0,0,0
122900065,0,0,0
122900066,0,0,0
122900067,0,0,0
122900068,0,0,0
122900069,0,0,0
122900070,0,0,0
122900071,0,0,0
122900072,0,0,0
122900073,0,0,0
122900074,0,0,0
122900075,0,0,0
122900076,0,0,0
122900077,0,0,0
122900078,0,0,0
122900080,0,0,0
122900081,0,0,0
122900082,0,0,0
122900083,0,0,0
122900084,0,0,0
122900086,0,0,0
122900087,0,0,0
122900088,0,0,0
122900089,0,0,0
122900090,0,0,0
122900091,0,0,0
122900092,0,0,0
122900093,0,0,0
122900094,0,0,0
122900095,0,0,0
122900096,0,0,0
122900097,0,0,0
122900098,0,0,0
122900099,0,0,0
122900100,0,0,0
122900101,0,0,0
122900102,0,0,0
122900103,0,0,0
122900104,0,0,0
122900105,0,0,0
122900106,0,0,0
122900107,0,0,0
122900108,0,0,0
123000001,65,28,37
123000002,177,1039,-862
123000003,713,279,434
123000004,119,368,-249
123000005,870,332,538
123000006,207,386,-179
123000007,678,350,328
123000008,67,162,-95
123000009,2187,1520,667
123000010,76,284,-208
123000011,676,669,7
123000012,30,187,-157
123000013,708,323,385
123000014,8,133,-125
123000015,1208,342,866
123000016,17,173,-156
123000017,885,248,637
123000018,135,3,132
123000019,126,1,125
123000020,44,0,44
123000021,70,11,59
123000022,342,31,311
123000023,143,66,77
123000024,103,64,39
123000025,4,24,-20
123000026,0,0,0
123000027,0,0,0
123000028,127,153,-26
123000029,0,0,0
123000030,0,0,0
123000031,44,2,42
123000032,43,13,30
123000033,3,17,-14
123000034,191,77,114
123000035,68,123,-55
123000036,7,474,-467
123000037,0,0,0
123000038,0,0,0
123000039,0,0,0
123000040,0,0,0
123000041,20,461,-441
123000042,0,0,0
123000043,178,144,34
123000044,59,31,28
123000045,0,0,0
123000046,0,0,0
123000047,0,0,0
123000048,0,153,-153
123000049,2510,893,1617
123000050,162,136,26
123000051,3,1,2
123000052,117,278,-161
123000053,668,325,343
123000054,99,370,-271
123000055,659,834,-175
123000056,15,45,-30
123000057,65,116,-51
123000058,0,0,0
123000059,0,3,-3
123000060,12,0,12
123000061,0,28,-28
123000063,19,23,-4
123000064,2,1,1
123000065,5,32,-27
123000066,1,31,-30
123000067,2,7,-5
123000068,38,99,-61
123000069,112,79,33
123000070,1,0,1
123000071,137,28,109
123000072,0,0,0
123000073,149,32,117
123000074,0,0,0
123000075,24,111,-87
123000076,0,0,0
123000077,4,0,4
123000078,238,117,121
123000079,439,161,278
123000080,0,0,0
123000081,0,0,0
123000082,0,0,0
123000083,3,1,2
123000084,0,0,0
123000085,0,0,0
123000086,0,0,0
123000087,0,0,0
123000088,0,0,0
123000089,245,117,128
123000090,0,0,0
123000091,170,45,125
123000092,0,0,0
123000094,5,1,4
123000095,50,41,9
123000096,64,8,56
123000097,0,0,0
123000098,42,10,32
123000099,0,0,0
123000100,0,0,0
123000101,50,21,29
123000102,80,59,21
123000104,0,0,0
123000105,0,0,0
123000106,0,0,0
123000107,0,0,0
123000108,0,0,0
123000111,12,8,4
123000112,13,3,10
123000113,0,0,0
123000114,2,10,-8
123000115,17,22,-5
123000116,0,0,0
123000117,0,1,-1
123000118,1,3,-2
123000119,1,8,-7
123000120,1,37,-36
123000121,0,0,0
123000122,0,0,0
123000123,0,0,0
123000124,0,0,0
123000125,59,113,-54
123000126,148,281,-133
123000127,0,0,0
123000128,0,0,0
123000129,215,10,205
123000130,82,5,77
123000131,39,18,21
123000132,0,0,0
123000133,0,0,0
123000134,0,0,0
123000135,42,40,2
123000136,0,0,0
123000137,0,0,0
123000138,0,0,0
123000139,120,11,109
123000140,0,0,0
123000141,58,5,53
123000142,0,0,0
123000143,0,0,0
123000144,0,0,0
123000145,0,0,0
123000146,0,0,0
123000147,0,0,0
123000149,15,54,-39
123000150,25,17,8
123000151,25,35,-10
123000152,0,0,0
123000153,0,26,-26
123000154,17,75,-58
123000155,8,19,-11
123000156,0,0,0
123000157,16,16,0
123000158,62,65,-3
123000159,71,151,-80
123000160,49,63,-14
123000161,98,23,75
123000162,185,101,84
123000163,71,2,69
123000164,297,12,285
123000165,0,0,0
123000166,0,0,0
123000167,23,8,15
123000168,59,0,59
123000169,124,13,111
123000170,1,0,1
123000171,188,0,188
123000172,0,0,0
123000173,56,47,9
123000174,89,9,80
123000175,0,0,0
123000176,94,18,76
123000177,0,0,0
123000178,152,11,141
123000179,0,0,0
123000180,460,69,391
123000181,0,0,0
123000182,0,0,0
123000183,82,33,49
123000184,0,0,0
123000185,228,10,218
123000186,0,0,0
123000187,402,9,393
123000188,282,1,281
123000189,179,0,179
123000190,44,0,44
123000192,0,0,0
123000193,0,0,0
123000194,0,0,0
123000195,231,2,229
123000196,298,5,293
123000197,73,0,73
123000198,0,0,0
123000199,0,0,0
123000200,235,24,211
123000201,383,8,375
123000202,0,0,0
123000203,506,12,494
123000204,0,0,0
123000205,0,0,0
123000206,580,11,569
123000207,0,0,0
123000208,109,6,103
123000209,255,21,234
123000210,0,0,0
123000211,0,0,0
123000212,525,17,508
123000213,232,3,229
123000215,125,108,17
123000216,10,89,-79
123000217,66,1,65
123000218,0,0,0
123000219,81,14,67
123000220,134,8,126
123000221,3,10,-7
123000222,6,7,-1
123000223,31,25,6
123000224,70,55,15
123000225,16,2,14
123000226,67,1,66
123000227,1,1,0
123000228,42,0,42
123000229,0,0,0
123000232,0,0,0
123000233,173,26,147
123000234,0,0,0
123000235,106,38,68
123000236,0,1,-1
123000237,41,12,29
123000238,0,0,0
123000239,0,0,0
123000240,0,0,0
123000241,26,25,1
123000242,0,0,0
123000243,3,70,-67
123000244,7,47,-40
123000245,0,0,0
123000249,0,0,0
123000252,252,123,129
123000253,342,130,212
123000254,15,25,-10
123000255,88,105,-17
123000256,0,0,0
123000257,0,0,0
123000258,0,0,0
123000259,24,2,22
123000260,5,24,-19
123000261,0,0,0
123000262,0,0,0
123000263,57,6,51
123000264,25,1,24
123000265,0,0,0
123000266,6,4,2
123000267,66,119,-53
123000268,0,0,0
123000269,0,27,-27
123000270,15,2,13
123000271,0,0,0
123000272,299,32,267
123000273,81,474,-393
123000274,213,88,125
123000275,0,0,0
123000278,0,36,-36
123000279,1,27,-26
123000280,9,3,6
123000281,94,3,91
123000282,0,0,0
123000283,1,3,-2
123000284,0,0,0
123000286,0,0,0
123000287,6,47,-41
123000288,214,121,93
123000289,73,68,5
123000291,0,0,0
123000294,0,0,0
123000295,284,160,124
123000296,121,140,-19
123000297,0,0,0
123000298,19,31,-12
123000299,10,74,-64
123000300,40,26,14
123000301,0,0,0
123000302,138,23,115
123000303,0,115,-115
123000305,0,0,0
123000306,0,0,0
123000309,0,0,0
123000310,24,0,24
123000311,0,0,0
123000312,0,0,0
123000313,102,12,90
123000315,132,26,106
123000316,543,6,537
123000317,0,0,0
123000318,0,0,0
123000329,0,0,0
123000337,61,9,52
123000338,67,3,64
123000339,0,0,0
123000340,2,34,-32
123000342,0,0,0
123000343,1,0,1
123000344,15,1,14
123000345,4,0,4
123000346,100,65,35
123000352,0,0,0
123000353,0,0,0
123000354,423,2,421
123000355,0,0,0
123000356,93,3,90
123000357,0,0,0
123000359,0,0,0
123000360,154,29,125
123000361,0,0,0
123000362,113,2,111
123000363,53,1,52
123000364,20,10,10
123000365,0,0,0
123000366,7,55,-48
123000367,0,10,-10
123000370,0,0,0
123000371,98,17,81
123000372,79,2,77
123000373,0,0,0
123000374,0,0,0
123000375,112,3,109
123000376,103,48,55
123000377,122,1,121
123000378,0,0,0
123000379,0,0,0
123000380,0,0,0
123000381,12,22,-10
123000382,68,11,57
123000383,0,0,0
123000384,25,1,24
123000385,0,0,0
123000436,2,339,-337
123000507,1,22,-21
123000508,264,690,-426
123000517,0,0,0
123000518,0,0,0
123000519,0,0,0
123000520,0,0,0
123000521,0,0,0
123000522,0,0,0
123000541,1,1,0
123000542,0,0,0
123000565,29,1,28
123000566,6,1,5
123000567,2,0,2
123000573,0,0,0
123000574,57,5,52
123000575,164,6,158
123000576,66,0,66
123000577,0,0,0
123000578,36,14,22
123000579,490,239,251
123000580,7,0,7
123000582,52,0,52
123000583,0,0,0
123000584,47,55,-8
123000585,0,0,0
123000586,40,1,39
123000596,0,0,0
123000597,3,2,1
123000602,0,0,0
123000603,155,3,152
123000604,10,1,9
123000605,751,325,426
123000606,0,0,0
123000609,0,0,0
123000610,91,76,15
123000613,0,0,0
123000614,47,8,39
123000615,0,0,0
123000616,50,11,39
123000617,0,0,0
123000618,0,0,0
123000619,7,3,4
123000620,0,0,0
123000622,59,6,53
123000624,81,20,61
123000630,391,40,351
123000631,77,35,42
123000632,0,0,0
123000633,0,145,-145
123000634,2,1,1
123000635,0,0,0
123000636,0,0,0
123000637,2,0,2
123000638,13,1,12
123000639,316,215,101
123000640,0,0,0
123000648,6,1,5
123000649,0,0,0
123900001,0,0,0
123900002,0,0,0
123900003,0,0,0
123900005,0,0,0
123900006,0,0,0
124000001,419,102,317
124000002,1,142,-141
124000003,168,15,153
124000004,0,19,-19
124000005,186,9,177
124000006,17,37,-20
124000007,40,23,17
124000008,0,0,0
124000009,159,56,103
124000010,0,0,0
124000011,235,81,154
124000012,0,0,0
124000017,187,79,108
124000018,0,0,0
124000019,153,29,124
124000020,0,0,0
124000021,246,28,218
124000022,0,0,0
124000023,431,47,384
124000024,0,0,0
124000025,344,55,289
124000026,0,0,0
124000027,1249,220,1029
124000028,96,563,-467
124000030,0,0,0
124000031,237,66,171
124000032,0,21,-21
124000033,201,8,193
124000034,1,42,-41
124000035,36,4,32
124000036,1,25,-24
124000037,20,37,-17
124000038,0,2,-2
124000039,58,4,54
124000040,77,76,1
124000041,77,2,75
124000042,2,13,-11
124000043,20,0,20
124000044,1,14,-13
124000045,96,6,90
124000046,0,0,0
124000047,193,19,174
124000048,0,0,0
124000049,226,12,214
124000050,0,0,0
124000051,208,15,193
124000052,0,0,0
124000053,153,50,103
124000054,0,0,0
124000055,383,60,323
124000056,0,0,0
124000057,113,56,57
124000058,0,0,0
124000059,106,85,21
124000060,0,0,0
124000061,63,111,-48
124000062,0,0,0
124000063,0,0,0
124000064,0,0,0
124000065,0,0,0
124000066,13,21,-8
124000067,27,23,4
124000068,0,0,0
124000069,215,10,205
124000070,0,0,0
124000071,49,10,39
124000072,0,0,0
124000073,209,8,201
124000074,0,0,0
124000075,95,49,46
124000076,0,0,0
124000077,0,0,0
124000078,129,211,-82
124000079,0,0,0
124000080,184,45,139
124000081,0,0,0
124000082,3,89,-86
124000083,0,0,0
124000084,0,108,-108
124000085,0,0,0
124000086,0,0,0
124000087,0,0,0
124000088,4,21,-17
124000089,134,10,124
124000090,0,0,0
124000091,121,28,93
124000092,0,0,0
124000093,1,19,-18
124000094,0,0,0
124000095,61,1,60
124000096,0,0,0
124000097,65,1,64
124000098,0,0,0
124000099,4,1,3
124000100,0,0,0
124000101,6,10,-4
124000102,0,0,0
124000103,15,7,8
124000104,0,0,0
124000105,7,2,5
124000106,0,0,0
124000107,2,2,0
124000108,0,0,0
124000109,46,0,46
124000110,0,0,0
124000111,132,7,125
124000112,0,0,0
124000113,36,60,-24
124000114,0,0,0
124000115,0,0,0
124000116,42,42,0
124000117,0,0,0
124000118,6,16,-10
124000119,0,0,0
124000120,54,13,41
124000121,104,36,68
124000122,0,0,0
124000123,158,27,131
124000124,20,34,-14
124000125,72,8,64
124000126,2,31,-29
124000127,267,19,248
124000128,33,57,-24
124000129,126,80,46
124000130,76,32,44
124000131,87,57,30
124000132,65,142,-77
124000133,259,42,217
124000134,0,0,0
124000135,357,78,279
124000136,0,0,0
124000137,58,38,20
124000138,0,0,0
124000139,26,11,15
124000140,0,0,0
124000141,12,0,12
124000142,0,0,0
124000143,11,0,11
124000144,0,0,0
124000145,41,0,41
124000146,0,0,0
124000148,0,4,-4
124000149,79,51,28
124000150,0,0,0
124000151,68,23,45
124000152,0,0,0
124000153,75,31,44
124000154,0,0,0
124000155,145,35,110
124000156,0,0,0
124000169,4,13,-9
124000170,0,0,0
124000171,22,9,13
124000172,0,0,0
124000173,24,24,0
124000174,0,0,0
124000175,0,0,0
124000176,122,29,93
124000177,0,0,0
124000178,39,7,32
124000190,0,5,-5
124000191,0,0,0
124000192,165,101,64
124000193,0,0,0
124000194,21,33,-12
124000195,96,18,78
124000196,0,0,0
124000197,0,0,0
124000198,0,5,-5
124000201,0,0,0
124000202,208,4,204
124000203,0,0,0
124000204,234,11,223
124000205,53,1,52
124000206,326,0,326
124000207,0,0,0
124000209,33,2,31
124000210,87,32,55
124000211,362,0,362
124000212,0,0,0
124000213,0,0,0
124000214,247,4,243
124000215,16,4,12
124000216,0,0,0
124000329,0,0,0
124000338,0,0,0
124000339,150,0,150
124000341,103,0,103
124000344,44,0,44
124000357,305,196,109
124000358,682,257,425
124000359,374,87,287
124000360,170,96,74
124000361,558,164,394
124000362,0,0,0
124000363,0,0,0
124000364,0,0,0
124000365,41,204,-163
124000366,25,155,-130
124000367,0,0,0
124000368,8,30,-22
124000369,9,57,-48
124000370,0,0,0
124000402,0,0,0
124000403,5,0,5
124000404,0,0,0
124000405,251,47,204
124000406,13,54,-41
124000407,0,0,0
124000411,0,0,0
124000412,34,1,33
124000413,0,27,-27
124000414,18,3,15
124000415,0,0,0
124000416,0,0,0
124000417,27,15,12
124000418,25,5,20
124000419,0,0,0
124000420,63,8,55
124000421,0,0,0
124000422,0,0,0
124000423,0,0,0
124000424,0,0,0
124000425,20,1,19
124000426,0,0,0
124000427,2,0,2
124000428,0,0,0
124000429,49,0,49
124000430,0,0,0
124000431,0,0,0
124000432,0,0,0
124000439,0,0,0
124000443,0,0,0
124000445,1,95,-94
124000446,0,0,0
124900001,0,0,0
124900002,0,0,0
124900003,0,0,0
124900004,0,0,0
124900005,0,0,0
124900006,0,0,0
124900008,0,0,0
124900009,0,0,0
124900010,0,0,0
124900011,0,0,0
124900012,0,0,0
124900013,0,0,0
124900014,0,0,0
124900015,0,0,0
124900016,0,0,0
124900017,0,0,0
124900018,0,0,0
124900020,0,0,0
124900021,0,0,0
124900022,0,0,0
124900024,0,0,0
124900026,0,0,0
124900027,0,0,0
124900028,0,0,0
124900029,0,0,0
124900030,0,0,0
124900031,0,0,0
124900032,0,0,0
124900033,0,0,0
124900034,0,0,0
124900035,0,0,0
124900036,0,0,0
124900037,0,0,0
124900038,0,0,0
124900039,0,0,0
124900040,0,0,0
124900041,0,0,0
124900042,0,0,0
124900043,0,0,0
124900044,0,0,0
124900045,0,0,0
124900046,0,0,0
124900047,0,0,0
124900048,0,0,0
124900050,0,0,0
124900052,0,0,0
124900053,0,0,0
124900054,0,0,0
124900055,0,0,0
124900057,0,0,0
124900060,0,0,0
124900061,0,0,0
124900062,0,0,0
124900066,0,0,0
124900067,0,0,0
124900068,0,0,0
124900070,0,0,0
124900072,0,0,0
124900075,0,0,0
124900076,0,0,0
124900077,0,0,0
124900078,0,0,0
124900079,0,0,0
124900080,0,0,0
124900081,0,0,0
124900082,0,0,0
124900083,0,0,0
124900085,0,0,0
124900086,0,0,0
124900087,0,0,0
124900088,0,0,0
124900089,0,0,0
124900090,0,0,0
124900091,0,0,0
124900092,0,0,0
124900093,0,0,0
124900094,0,0,0
124900095,0,0,0
124900096,0,0,0
124900097,0,0,0
124900098,0,0,0
124900099,0,0,0
124900100,0,0,0
124900101,0,0,0
124900102,0,0,0
124900103,0,0,0
124900104,0,0,0
124900105,0,0,0
124900106,0,0,0
124900107,0,0,0
124900108,0,0,0
124900111,0,0,0
124900112,0,0,0
124900113,0,0,0
124900114,0,0,0
124900115,0,0,0
124900116,0,0,0
124900117,0,0,0
124900118,0,0,0
124900119,0,0,0
124900120,0,0,0
124900121,0,0,0
124900122,0,0,0
124900123,0,0,0
124900124,0,0,0
204000001,43,2,41
204000002,8,1,7
204000003,2,19,-17
204000004,1,2,-1
204000005,454,203,251
204000006,1525,886,639
204000011,0,0,0
204000012,0,0,0
204000019,512,309,203
204000020,100,58,42
204000021,134,42,92
204000022,556,173,383
204000023,0,0,0
204000031,3,15,-12
204000032,190,1,189
204000034,0,0,0
204000035,0,0,0
204000036,0,0,0
204000037,0,0,0
204000038,0,0,0
204000039,0,0,0
204000040,0,0,0
204000041,0,0,0
204000042,3,5,-2
204000043,1,0,1
204000044,2,0,2
204000045,3,1,2
204000046,2,1,1
204000057,0,0,0
204000062,0,0,0
204000068,0,0,0
204000069,0,0,0
204000070,371,179,192
204000080,0,0,0
204000085,0,0,0
204000086,0,0,0
204000087,0,0,0
204000088,0,0,0
204000090,0,0,0
204000093,332,12,320
204000096,463,267,196
204000097,92,6,86
204000099,740,485,255
204000100,702,450,252
204000105,0,0,0
204000110,0,0,0
204000111,0,0,0
204000112,0,0,0
204000113,0,0,0
204000114,91,211,-120
204000115,46,91,-45
204000116,70,71,-1
204000119,1253,501,752
204000132,530,54,476
204000133,648,59,589
204000134,133,63,70
204000135,475,13,462
204000136,344,225,119
204000138,422,87,335
204000140,219,146,73
204000141,226,66,160
204000144,0,28,-28
204000145,40,5,35
204000146,0,0,0
204000147,0,0,0
204000148,153,7,146
204000154,2,1,1
204000155,0,0,0
204000177,93,29,64
204000179,18,2,16
204000180,0,0,0
204000222,0,0,0
204000235,0,0,0
204000236,11,25,-14
204000238,4,5,-1
204000240,42,1,41
204000263,0,0,0
204000268,682,154,528
204000308,28,14,14
204000317,0,0,0
204000322,0,0,0
204000323,1,7,-6
204000328,141,24,117
204000329,0,0,0
204000330,71,5,66
204000331,0,0,0
205000001,0,0,0
205000013,0,0,0
205000014,0,0,0
205000015,0,0,0
205000016,0,0,0
205000017,0,0,0
205000022,0,0,0
205000025,0,0,0
205000029,61,15,46
205000045,0,0,0
205000046,0,0,0
205000047,0,0,0
205000048,0,0,0
205000049,0,0,0
205000050,0,0,0
205000059,0,0,0
205000060,0,0,0
205000061,0,0,0
205000062,0,0,0
205000063,0,0,0
205000064,0,0,0
205000065,0,0,0
205000066,0,0,0
205000067,0,0,0
205000069,0,0,0
205000082,173,65,108
205000110,0,0,0
205000111,0,0,0
205000112,117,95,22
205000113,0,0,0
205000121,179,72,107
205000123,0,0,0
205000126,737,117,620
205000127,872,43,829
205000128,349,15,334
205000129,459,25,434
205000130,93,5,88
205000131,11,1,10
205000132,16,3,13
205000133,9,0,9
205000134,241,0,241
205000137,0,0,0
205000138,0,0,0
205000139,0,0,0
205000144,80,27,53
205000145,105,29,76
205000151,59,9,50
205000152,88,6,82
205000153,218,18,200
205000154,88,59,29
205000155,81,9,72
205000207,0,0,0
205000233,17,0,17
205000234,0,0,0
205000243,0,2,-2
205000244,0,0,0
205000245,0,0,0
205000249,0,0,0
205000250,6,7,-1
205000264,0,0,0
206000027,20,2,18
206000028,5,2,3
206000043,0,0,0
206000053,0,0,0
206000054,0,0,0
206000055,0,0,0
206000075,0,0,0
206000076,0,0,0
206000077,0,0,0
206000078,0,0,0
206000079,0,0,0
206000082,160,5,155
206000100,0,0,0
206000103,0,0,0
206000104,0,0,0
206000105,0,0,0
206000106,0,0,0
206000108,304,67,237
206000125,97,0,97
206000157,0,0,0
206000170,0,0,0
206000171,0,0,0
206000172,0,0,0
206000173,0,0,0
206000174,0,0,0
206000175,0,0,0
206000176,0,0,0
206000177,0,0,0
206000178,0,0,0
206000179,0,0,0
206000180,0,0,0
206000181,0,0,0
206000182,0,0,0
206000183,0,0,0
206000184,0,0,0
206000185,0,0,0
206000186,0,0,0
206000223,0,0,0
206000226,2,0,2
206000227,16,0,16
206000237,0,0,0
206000238,0,0,0
206000239,0,0,0
206000240,0,0,0
206000241,0,0,0
206000242,0,0,0
206000243,0,0,0
206000244,0,0,0
206000245,110,5,105
206000246,59,0,59
206000247,25,0,25
206000248,31,0,31
206000252,0,0,0
206000258,0,0,0
206000315,0,0,0
206000317,66,6,60
206000318,66,3,63
206000319,115,1,114
206000320,69,1,68
206000321,17,0,17
206000322,34,11,23
206000323,36,0,36
206000324,31,0,31
206000325,25,2,23
206000326,10,8,2
206000327,7,7,0
206000328,102,2,100
206000329,51,1,50
206000330,11,0,11
206000331,68,1,67
206000332,3,0,3
206000333,186,2,184
206000334,67,0,67
206000335,0,0,0
206000361,0,0,0
206000392,0,0,0
206000405,112,0,112
206000441,54,42,12
206000498,10,0,10
206000515,0,0,0
206000530,7,3,4
206000531,6,1,5
206000532,76,3,73
206000535,0,0,0
206000536,0,0,0
206000537,0,0,0
206000613,99,7,92
207000001,0,0,0
207000002,0,0,0
207000003,0,0,0
207000007,241,75,166
207000008,0,0,0
207000009,0,0,0
207000010,0,9,-9
207000012,140,128,12
207000015,11,28,-17
207000019,262,5,257
207000021,309,56,253
207000022,154,26,128
207000023,206,21,185
207000024,0,6,-6
207000025,1,20,-19
207000026,0,0,0
207000027,0,0,0
207000028,0,0,0
207000029,0,0,0
207000033,246,187,59
207000034,55,24,31
207000039,139,15,124
207000040,235,2,233
207000041,50,1,49
207000042,187,48,139
207000043,139,65,74
207000051,0,0,0
207000052,0,0,0
207000053,0,0,0
207000054,0,0,0
207000055,0,0,0
207000056,0,0,0
207000057,0,0,0
207000058,0,0,0
207000059,0,0,0
207000060,0,0,0
207000061,38,313,-275
207000062,170,103,67
207000063,86,135,-49
207000064,234,67,167
207000065,288,56,232
207000066,192,59,133
207000067,27,17,10
207000068,84,4,80
207000069,489,140,349
207000082,0,2,-2
207000083,3,10,-7
207000084,85,34,51
207000085,0,0,0
207000086,0,0,0
207000106,19,4,15
207000107,71,2,69
207000108,153,19,134
207000109,35,1,34
207000110,60,10,50
207000111,210,6,204
207000112,68,52,16
207000114,0,0,0
207000115,0,0,0
207000116,0,0,0
207000117,0,0,0
207000118,0,0,0
207000119,0,0,0
207000123,65,1,64
207000124,69,3,66
207000125,22,2,20
207000126,52,9,43
207000134,0,0,0
207000135,0,0,0
207000148,203,19,184
207000149,0,0,0
207000152,0,0,0
207000153,0,0,0
207000154,261,21,240
207000159,0,0,0
207000160,0,0,0
207000238,0,0,0
207000242,0,0,0
207000248,0,0,0
207000249,0,0,0
207000250,0,0,0
207000251,0,0,0
207000252,0,0,0
207000278,39,32,7
207000279,0,0,0
207000280,146,17,129
207000281,32,18,14
207000282,0,7,-7
207000283,1,0,1
207000284,0,0,0
207000285,0,4,-4
207000291,0,0,0
207000304,28,17,11
207000306,0,0,0
207000310,89,75,14
207000353,49,0,49
207000356,0,0,0
207000357,0,30,-30
207000358,0,6,-6
207000415,0,0,0
207000417,38,0,38
207000418,97,41,56
207000438,0,0,0
207000439,660,105,555
207000446,48,0,48
207000460,0,0,0
207000466,0,0,0
207000467,126,6,120
207000468,0,0,0
207000476,0,0,0
207000477,0,0,0
207000478,0,0,0
207000523,0,0,0
207000524,8,0,8
207000527,297,70,227
207000530,208,0,208
207000531,109,0,109
207000532,57,0,57
207000534,193,11,182
207000535,0,0,0
207000537,0,0,0
207000540,0,0,0
207000541,0,0,0
207000548,0,0,0
207000549,77,1,76
207000561,92,5,87
207000562,0,0,0
207000567,0,0,0
207000568,0,0,0
207000569,0,0,0
207000584,0,0,0
207000585,33,50,-17
207000587,58,1,57
207000616,0,0,0
207000617,84,5,79
207000624,1,1,0
207000631,1,5,-4
207900008,0,0,0
208000001,80,124,-44
208000002,101,81,20
208000003,196,107,89
208000004,233,147,86
208000005,0,0,0
208000019,279,163,116
208000020,335,90,245
208000021,0,0,0
208000022,0,0,0
208000028,0,0,0
208000033,0,0,0
208000034,0,0,0
208000037,47,1,46
208000040,26,68,-42
208000041,308,75,233
208000042,242,69,173
208000047,0,0,0
208000064,518,313,205
208000066,369,238,131
208000070,63,39,24
208000071,101,58,43
208000072,57,92,-35
208000080,106,112,-6
208000081,81,12,69
208000082,0,0,0
208000083,0,0,0
208000084,0,5,-5
208000085,0,0,0
208000086,0,0,0
208000087,0,0,0
208000089,0,0,0
208000090,0,0,0
208000093,0,0,0
208000094,0,0,0
208000095,1,0,1
208000104,443,119,324
208000105,325,118,207
208000114,123,107,16
208000115,117,89,28
208000116,231,250,-19
208000117,1,12,-11
208000118,10,5,5
208000155,0,0,0
208000158,0,0,0
208000186,509,404,105
208000204,0,0,0
208000205,0,0,0
208000282,0,0,0
209000004,4,46,-42
209000005,22,1,21
209000006,182,13,169
209000007,0,0,0
209000010,0,0,0
209000011,0,0,0
209000012,0,0,0
209000013,0,0,0
209000014,0,0,0
209000025,59,14,45
209000026,214,20,194
209000027,0,0,0
209000028,0,0,0
209000029,0,0,0
209000030,0,0,0
209000031,0,0,0
209000034,0,0,0
209000035,0,0,0
209000036,0,0,0
209000037,0,0,0
209000038,0,0,0
209000039,0,0,0
209000040,0,0,0
209000041,0,0,0
209000042,0,0,0
209000043,0,0,0
209000044,0,0,0
209000045,185,43,142
209000046,160,55,105
209000047,316,15,301
209000048,288,30,258
209000049,0,0,0
209000050,0,0,0
209000051,0,0,0
209000052,0,0,0
209000062,0,0,0
209000063,0,0,0
209000064,0,0,0
209000065,3,5,-2
209000066,5,2,3
209000067,42,6,36
209000080,0,0,0
209000082,12,2,10
209000091,0,0,0
209000093,0,0,0
209000094,0,0,0
209000110,34,63,-29
209000111,148,83,65
209000112,146,14,132
209000113,139,41,98
209000114,26,1,25
209000115,0,0,0
209000116,0,0,0
209000118,2,10,-8
209000119,0,0,0
209000121,0,0,0
209000135,11,42,-31
209000142,124,22,102
209000143,0,0,0
209000144,0,0,0
209000229,63,7,56
209000240,0,0,0
209000259,0,0,0
209000260,0,0,0
209000261,0,0,0
209000262,0,0,0
209000263,0,0,0
209000264,0,0,0
209000265,31,0,31
209000266,10,0,10
209000267,238,8,230
209000268,471,6,465
210000037,24,0,24
210000047,67,0,67
210000048,31,1,30
210000049,3,0,3
210000052,0,0,0
210000053,0,0,0
210000054,0,0,0
210000070,16,0,16
210000071,59,0,59
210000072,4,0,4
210000073,0,0,0
210000074,0,0,0
210000075,0,0,0
210000076,0,0,0
210000077,0,0,0
210000078,0,0,0
210000079,16,0,16
210000080,62,5,57
210000081,20,1,19
210000082,5,0,5
210000083,48,0,48
210000084,75,0,75
210000085,0,0,0
210000086,0,0,0
210000099,0,0,0
210000100,0,0,0
210000101,0,0,0
210000105,0,0,0
210000159,0,0,0
210000163,0,0,0
210000164,79,30,49
210000168,3,1,2
210000187,0,0,0
210000188,0,0,0
210000214,29,0,29
210000219,58,17,41
210000220,7,0,7
210000232,0,0,0
210000233,0,0,0
210000234,0,0,0
210000235,0,0,0
210000245,0,0,0
210000246,11,0,11
210000258,0,0,0
210000259,91,1,90
210000282,0,0,0
210000285,0,0,0
210000286,0,0,0
210000290,0,0,0
210000295,0,0,0
210000296,0,0,0
210000320,58,1,57
210000321,30,1,29
210000338,0,0,0
210000339,0,0,0
210000340,0,0,0
210000341,0,0,0
210000342,0,0,0
210000343,0,0,0
210000344,0,0,0
210000345,0,0,0
210000346,0,0,0
210000347,0,0,0
210000348,0,0,0
210000349,0,0,0
210000350,0,0,0
210000351,0,0,0
210000352,4,20,-16
210000353,62,20,42
210000354,45,25,20
210000355,35,13,22
210000356,1,9,-8
210000357,3,31,-28
210000358,25,3,22
210000359,42,9,33
210000360,98,57,41
210000361,88,59,29
210000362,36,34,2
210000363,266,63,203
210000364,91,39,52
210000365,87,17,70
210000366,144,6,138
210000367,63,0,63
210000368,59,2,57
210000369,15,2,13
210000370,34,8,26
210000372,1,12,-11
210000373,0,8,-8
210000374,121,0,121
210000375,7,2,5
210000376,63,12,51
210000404,0,0,0
210000439,17,0,17
210000472,20,0,20
210000482,19,6,13
210000564,309,43,266
210000567,0,0,0
210000568,22,0,22
211000092,0,0,0
211000094,0,0,0
211000169,0,0,0
211000172,0,0,0
211000209,0,0,0
211000226,1,2,-1
211000270,0,0,0
211000275,0,0,0
211000276,0,0,0
211000279,0,0,0
211000281,0,0,0
211507980,0,0,0
211977296,0,0,0
212000003,67,13,54
212000004,0,0,0
212000005,0,0,0
212000006,0,0,0
212000008,0,0,0
212000009,0,0,0
212000012,0,0,0
212000013,0,0,0
212000014,0,0,0
212000015,0,0,0
212000016,0,0,0
212000027,390,53,337
212000028,208,144,64
212000029,186,151,35
212000030,15,26,-11
212000031,17,3,14
212000048,0,0,0
212000049,0,0,0
212000050,0,0,0
212000051,0,0,0
212000052,0,0,0
212000053,0,0,0
212000054,162,13,149
212000055,231,36,195
212000056,9,7,2
212000057,0,18,-18
212000058,3,7,-4
212000070,0,0,0
212000077,0,0,0
212000099,121,31,90
212000108,183,33,150
212000111,47,6,41
212000120,0,0,0
212000138,0,0,0
212000156,0,0,0
212000158,0,30,-30
212000159,500,70,430
212000160,336,59,277
212000161,1,7,-6
212000310,0,0,0
212000311,5,31,-26
212000374,0,0,0
213000001,0,0,0
213000005,174,12,162
213000006,145,51,94
213000007,1,1,0
213000009,211,36,175
213000010,198,13,185
213000011,76,5,71
213000012,0,0,0
213000014,29,32,-3
213000015,161,0,161
213000016,89,0,89
213000017,22,0,22
213000018,0,0,0
213000019,0,0,0
213000020,0,0,0
213000021,0,0,0
213000023,894,13,881
213000033,0,0,0
213000034,278,30,248
213000035,215,24,191
213000045,0,0,0
213000046,0,0,0
213000047,0,0,0
213000056,128,5,123
213000069,7,0,7
213000073,0,0,0
213000074,0,0,0
213000075,249,9,240
213000076,1,0,1
213000085,0,0,0
213000086,0,0,0
213000091,229,0,229
213000092,3,2,1
213000099,0,0,0
213000100,276,42,234
213000101,387,8,379
213000102,429,5,424
213000103,301,6,295
213000104,0,0,0
213000105,0,0,0
213000106,0,0,0
213000107,0,0,0
213000108,0,0,0
213000109,0,0,0
213000110,0,0,0
213000111,0,0,0
213000112,0,0,0
213000115,16,0,16
213000116,0,0,0
213000117,0,0,0
213000118,93,178,-85
213000119,0,0,0
213000120,0,0,0
213000122,0,0,0
213000123,0,0,0
213000124,0,0,0
213000125,151,105,46
213000126,0,0,0
213000127,0,0,0
213000128,0,0,0
213000129,252,112,140
213000130,382,55,327
213000132,238,60,178
213000133,384,82,302
213000134,383,1,382
213000136,169,1,168
213000137,523,4,519
213000139,68,0,68
213000147,2,0,2
213000148,0,0,0
213000149,0,0,0
213000150,0,0,0
213000151,0,0,0
213000152,0,0,0
213000153,0,0,0
213000154,0,0,0
213000155,0,0,0
213000156,0,0,0
213000157,0,0,0
213000158,0,0,0
213000159,419,49,370
213000163,230,104,126
213000165,349,68,281
213000171,0,0,0
213000172,0,0,0
213000173,0,0,0
213000174,0,0,0
213000175,0,0,0
213000176,279,52,227
213000177,92,4,88
213000178,290,0,290
213000179,100,0,100
213000180,172,0,172
213000184,0,0,0
213000188,98,2,96
213000189,149,3,146
213000190,184,0,184
213000191,125,1,124
213000192,61,0,61
213000193,0,0,0
213000194,0,0,0
213000195,0,0,0
213000196,0,0,0
213000197,415,64,351
213000198,0,0,0
213000200,0,0,0
213000201,0,0,0
213000202,0,0,0
213000203,723,89,634
213000204,570,29,541
213000205,216,27,189
213000206,558,1,557
213000207,15,1,14
213000208,0,0,0
213000209,3,0,3
213000210,83,2,81
213000211,0,0,0
213000212,0,0,0
213000213,0,0,0
213000218,11,173,-162
213000219,282,24,258
213000220,105,26,79
213000223,17,71,-54
213000224,1,4,-3
213000225,34,3,31
213000226,27,1,26
213000227,459,22,437
213000228,304,16,288
213000229,8,1,7
213000230,92,0,92
213000232,0,0,0
213000233,0,0,0
213000234,0,0,0
213000293,0,0,0
213000294,35,0,35
213000295,0,0,0
213000296,16,6,10
213000297,0,0,0
213000298,0,0,0
213000299,19,2,17
213000300,0,6,-6
213000303,0,0,0
213000304,0,0,0
213000305,0,26,-26
213000306,0,0,0
213000307,2,6,-4
213000308,0,0,0
213000309,63,13,50
213000310,129,18,111
213000311,0,0,0
213000315,0,0,0
213000316,48,4,44
213000322,0,0,0
213000323,0,0,0
213000324,0,0,0
213000325,0,0,0
213000326,0,0,0
213000327,0,0,0
213000328,0,0,0
213000329,0,0,0
213000340,0,0,0
213000341,235,23,212
213000346,4,35,-31
213000347,127,30,97
213000348,0,0,0
213000349,0,0,0
213000350,0,0,0
213000366,0,0,0
213000367,52,4,48
213000379,0,0,0
213000386,0,0,0
213000406,0,0,0
213000417,525,122,403
213000425,0,0,0
213000426,0,0,0
213000427,0,0,0
213000428,0,0,0
213000429,0,0,0
213000430,0,0,0
213000431,0,0,0
213000432,0,0,0
213000433,0,0,0
213000434,0,0,0
213000435,0,0,0
213000436,0,0,0
213000437,0,0,0
213000438,0,0,0
213000439,0,0,0
213000440,0,0,0
213000441,0,0,0
213000442,0,0,0
213000443,0,0,0
213000444,0,0,0
213000445,0,0,0
213000446,0,0,0
213000447,0,0,0
213000448,0,0,0
213000449,0,0,0
213000450,0,0,0
213000451,0,0,0
213000452,0,0,0
213000453,0,0,0
213000455,70,12,58
213000456,0,0,0
213000481,2,0,2
213000482,5,0,5
213000489,42,0,42
213000491,0,0,0
213000492,53,1,52
213000493,0,0,0
213000494,133,14,119
213000495,0,0,0
213000496,435,71,364
213000497,0,0,0
213000498,0,0,0
213000499,0,0,0
213000500,191,9,182
213000501,27,8,19
213000502,35,10,25
213000503,0,0,0
213000504,0,0,0
213000505,83,2,81
213000506,0,0,0
213000507,0,0,0
213900244,66,1,65
213900245,0,0,0
218000003,0,0,0
218000004,0,0,0
218000005,1,4,-3
218000006,0,0,0
218000007,0,0,0
218000012,0,0,0
218000013,16,37,-21
218000014,56,72,-16
218000019,0,0,0
218000020,0,0,0
218000021,0,0,0
218000022,0,0,0
218000023,0,0,0
218000024,0,0,0
218000025,0,0,0
218000026,0,0,0
218000027,0,0,0
218000028,0,0,0
218000029,0,0,0
218000030,0,0,0
218000031,0,0,0
218000032,0,0,0
218000040,1,2,-1
218000046,8,1,7
218000047,0,6,-6
218000048,0,27,-27
218000049,3,10,-7
218000050,15,45,-30
218000051,0,51,-51
218000052,0,9,-9
218000053,0,0,0
218000054,0,7,-7
218000055,0,2,-2
218000056,2,25,-23
218000057,1,1,0
218000064,0,1,-1
218000065,110,1,109
218000066,20,9,11
218000067,0,0,0
218000068,0,0,0
218000069,0,0,0
218000070,0,0,0
218000071,0,0,0
218000072,0,0,0
218000078,0,0,0
218000079,0,0,0
218000080,0,0,0
218000081,0,0,0
218000082,0,0,0
218000083,0,0,0
218000084,0,0,0
218000085,0,0,0
218000086,0,0,0
218000087,0,0,0
218000090,0,0,0
218000091,103,54,49
218000092,0,0,0
218000093,27,1,26
218000094,0,0,0
218000099,44,41,3
218000100,12,28,-16
218000101,4,9,-5
218000102,104,27,77
218000103,30,2,28
218000104,29,2,27
218000105,0,0,0
218000106,0,0,0
218000107,0,0,0
218000108,0,0,0
218000112,0,0,0
218000117,28,5,23
218000134,0,0,0
218000135,0,0,0
218000136,0,0,0
218000137,0,0,0
218000138,0,0,0
218000139,0,0,0
218000140,0,0,0
218000141,0,0,0
218000142,0,0,0
218000143,0,0,0
218000144,0,0,0
218000145,0,0,0
218000146,0,0,0
218000151,0,0,0
218000152,40,4,36
218000153,0,0,0
218000154,0,0,0
218000155,0,0,0
218000156,0,0,0
218000157,0,0,0
218000158,0,0,0
218000159,0,0,0
218000160,0,0,0
218000161,0,0,0
218000162,0,0,0
218000163,0,0,0
218000164,0,0,0
218000165,0,0,0
218000170,1,1,0
218000171,48,11,37
218000172,0,1,-1
218000173,1,15,-14
218000174,18,14,4
218000176,128,14,114
218000177,214,25,189
218000178,108,19,89
218000179,266,28,238
218000180,12,1,11
218000181,114,4,110
218000187,0,0,0
218000188,0,0,0
218000189,0,0,0
218000190,0,0,0
218000191,0,0,0
218000192,0,0,0
218000193,0,0,0
218000194,0,0,0
218000195,0,0,0
218000196,0,0,0
218000197,0,0,0
218000198,1,0,1
218000199,0,0,0
218000200,1,1,0
218000201,0,0,0
218000202,0,0,0
218000207,0,0,0
218000208,0,0,0
218000211,0,0,0
218000212,0,0,0
218000213,8,10,-2
218000214,1,5,-4
218000215,1,5,-4
218000217,0,4,-4
218000218,21,94,-73
218000219,1,35,-34
218000220,11,33,-22
218000221,163,120,43
218000222,1,11,-10
218000223,25,82,-57
218000224,27,109,-82
218000225,142,64,78
218000226,83,7,76
218000230,0,0,0
218000232,0,0,0
218000239,18,0,18
218000240,0,0,0
218000241,0,0,0
218000242,0,0,0
218000243,0,0,0
218000244,0,0,0
218000245,1,0,1
218000246,0,0,0
218000247,0,0,0
218000248,0,0,0
218000249,0,0,0
218000250,0,0,0
218000251,0,0,0
218000252,0,0,0
218000253,0,0,0
218000254,0,0,0
218000255,0,0,0
218000256,0,0,0
218000267,0,0,0
218000268,0,0,0
218000269,0,0,0
218000270,0,0,0
218000271,0,0,0
218000273,57,8,49
218000274,36,2,34
218000275,0,0,0
218000276,0,0,0
218000278,0,0,0
218000279,0,0,0
218000280,0,0,0
218000281,0,0,0
218000282,34,5,29
218000284,86,27,59
218000301,0,0,0
218000302,0,0,0
218000303,0,0,0
218000316,15,38,-23
218000317,0,2,-2
218000318,0,0,0
218000319,0,0,0
218000320,0,0,0
218000338,0,0,0
218000345,0,0,0
218000346,34,34,0
218000459,21,25,-4
218000490,0,0,0
218000501,21,0,21
218000502,0,0,0
218000503,1,1,0
218000504,48,2,46
218000505,0,0,0
218000506,0,0,0
218000508,0,0,0
218000510,65,2,63
218000520,0,0,0
218000521,0,0,0
218000522,0,0,0
218000523,23,0,23
218000524,0,0,0
218000525,16,0,16
218000526,0,0,0
218000529,0,0,0
218000530,0,0,0
218000531,28,0,28
218000532,0,0,0
218000534,5,0,5
218000537,10,15,-5
218000538,0,0,0
218000540,0,0,0
218000543,0,0,0
218000544,0,0,0
218000545,0,0,0
218000546,0,0,0
218000547,0,0,0
218000548,0,0,0
218000549,111,19,92
218000550,0,0,0
218000551,0,0,0
218000552,54,10,44
218000553,0,0,0
218000554,0,0,0
218000555,2,1,1
218000556,0,0,0
218000557,14,6,8
218000558,35,0,35
218000559,0,0,0
218000560,0,0,0
218000561,0,0,0
218000562,0,0,0
218000563,71,0,71
218000564,0,0,0
218000565,9,0,9
218000566,6,1,5
218000567,0,0,0
218000568,0,0,0
218000569,0,0,0
218000570,0,0,0
218000571,0,0,0
218000572,1,1,0
218000573,0,0,0
218000574,0,1,-1
218000575,46,1,45
218000576,0,0,0
218000577,24,0,24
218000578,0,0,0
218000579,0,0,0
218000581,0,0,0
218000582,0,0,0
218000583,0,0,0
218000584,0,0,0
218000585,0,0,0
218000586,0,0,0
218000587,0,0,0
218000588,0,0,0
218000589,0,0,0
218000590,0,0,0
218000591,0,0,0
218000592,0,0,0
218000593,0,0,0
218000594,0,0,0
218000597,0,0,0
218000598,0,0,0
218000599,0,0,0
218000600,0,0,0
218000601,0,0,0
218000602,0,0,0
218000603,0,0,0
218000604,0,0,0
218000605,0,0,0
218000606,0,0,0
218000607,0,0,0
218000608,0,0,0
218000609,0,0,0
218000610,0,0,0
218000611,0,0,0
218000612,0,0,0
218000613,0,0,0
218000614,0,0,0
218000615,0,0,0
218000616,0,0,0
218000617,0,0,0
218000618,0,0,0
218000619,1,4,-3
218000620,0,1,-1
218000621,0,3,-3
218000622,0,0,0
218000623,0,0,0
218000624,0,0,0
218000625,0,0,0
218000626,0,0,0
218000628,46,4,42
218000631,1,0,1
218000632,0,0,0
218000633,2,0,2
218000634,0,0,0
218000635,0,1,-1
218000636,0,0,0
218000637,0,0,0
218000638,184,47,137
218000639,0,0,0
218000640,89,16,73
218000641,0,0,0
218000652,5,3,2
218000653,244,31,213
218000663,0,0,0
218000675,0,0,0
218000676,0,0,0
218000677,0,0,0
218000680,0,0,0
218000681,45,8,37
218000691,0,0,0
218000693,155,14,141
218000703,0,0,0
218000718,0,0,0
218000719,24,17,7
218000720,0,0,0
218000721,1,0,1
218000725,0,0,0
218001147,0,0,0
218001214,0,0,0
218001258,43,0,43
218001329,28,7,21
218001330,0,0,0
218001351,1,0,1
218001352,0,0,0
218001353,5,2,3
218001354,0,0,0
218001355,0,0,0
218001356,69,26,43
218001357,0,0,0
218001358,8,9,-1
218001361,147,4,143
218001362,0,0,0
219000001,0,0,0
219000002,0,0,0
219000003,27,2,25
219000004,10,48,-38
219000017,0,0,0
219000020,60,0,60
219000022,87,0,87
219000023,42,0,42
219000029,0,0,0
219000034,6,29,-23
219000039,0,0,0
219000040,0,0,0
219000041,0,0,0
219000051,0,0,0
219000052,0,0,0
219000053,0,0,0
219000054,0,0,0
219000055,0,0,0
219000056,0,0,0
219000057,0,0,0
219000062,0,0,0
219000063,0,0,0
219000064,0,0,0
219000110,37,15,22
219000111,28,18,10
219000112,78,11,67
219000113,90,4,86
219000114,70,0,70
219000116,0,0,0
219000117,3,1,2
219000118,11,2,9
219000123,54,0,54
219000124,2,0,2
219000125,0,0,0
219000126,0,0,0
219000127,0,0,0
219000128,0,0,0
219000129,0,0,0
219000130,0,0,0
219000131,167,86,81
219000133,1,1,0
219000134,3,9,-6
219000135,11,4,7
219000136,16,25,-9
219000138,0,1,-1
219000139,0,0,0
219000140,10,0,10
219000141,0,0,0
219000142,0,0,0
219000143,0,0,0
219000145,26,0,26
219000146,0,0,0
219000147,0,0,0
219000148,0,0,0
219000149,0,0,0
219000150,0,0,0
219000151,0,0,0
219000157,2,7,-5
219000158,1,5,-4
219000161,0,0,0
219000163,23,4,19
219000166,6,21,-15
219000167,0,0,0
219000168,31,10,21
219000174,39,4,35
219000175,0,0,0
219000176,0,0,0
219000177,0,0,0
219000178,0,0,0
219000179,0,0,0
219000180,0,0,0
219000182,29,0,29
219000183,37,0,37
219000184,14,1,13
219000185,0,0,0
219000186,10,0,10
219000187,3,0,3
219000189,0,0,0
219000190,0,0,0
219000191,0,0,0
219000192,8,3,5
219000193,0,0,0
219000195,0,0,0
219000196,0,0,0
219000198,0,0,0
219000199,0,0,0
219000200,0,0,0
219000201,0,0,0
219000203,0,0,0
219000204,0,0,0
219000205,0,0,0
219000207,0,0,0
219000209,0,0,0
219000210,0,0,0
219000213,0,0,0
219000239,0,0,0
219000240,0,0,0
219000241,0,0,0
219000242,0,0,0
219000243,0,0,0
219000244,0,0,0
219000245,0,0,0
219000246,5,5,0
219000247,34,9,25
219000248,85,89,-4
219000249,38,27,11
219000250,20,22,-2
219000251,95,77,18
219000252,92,99,-7
219000253,63,2,61
219000255,1,12,-11
219000256,20,3,17
219000257,53,0,53
219000262,0,0,0
219000263,0,0,0
219000267,0,0,0
219000268,0,0,0
219000269,0,0,0
219000270,0,0,0
219000271,0,0,0
219000278,0,0,0
219000279,0,0,0
219000283,0,0,0
219000295,0,0,0
219000296,0,0,0
219000297,0,0,0
219000298,0,0,0
219000299,143,2,141
219000300,0,0,0
219000301,0,0,0
219000302,0,0,0
219000307,0,0,0
219000308,0,0,0
219000311,51,2,49
219000312,48,2,46
219000313,74,2,72
219000314,0,0,0
219000315,172,1,171
219000316,121,3,118
219000317,47,0,47
219000320,0,0,0
219000321,0,0,0
219000323,0,0,0
219000325,0,0,0
219000326,0,0,0
219000327,0,0,0
219000328,0,0,0
219000329,0,0,0
219000330,0,0,0
219000331,0,0,0
219000332,11,6,5
219000333,0,0,0
219000335,0,0,0
219000337,0,0,0
219000338,5,0,5
219000344,0,0,0
219000345,0,0,0
219000346,0,0,0
219000348,0,0,0
219000349,0,0,0
219000350,0,0,0
219000351,0,0,0
219000352,5,9,-4
219000353,2,6,-4
219000354,13,8,5
219000355,15,11,4
219000356,24,20,4
219000363,70,3,67
219000364,43,4,39
219000365,31,0,31
219000366,57,1,56
219000368,44,13,31
219000370,62,44,18
219000371,0,0,0
219000382,0,0,0
219000383,0,0,0
219000385,0,0,0
219000386,0,0,0
219000387,0,0,0
219000390,0,0,0
219000391,0,0,0
219000397,0,0,0
219000398,0,0,0
219000401,0,0,0
219000402,0,0,0
219000403,0,0,0
219000404,0,0,0
219000407,0,0,0
219000409,16,31,-15
219000410,61,2,59
219000411,17,3,14
219000446,0,0,0
219000447,0,0,0
219000448,16,1,15
219000452,0,0,0
219000453,0,0,0
219000454,12,17,-5
219000556,47,7,40
219000558,0,0,0
219000590,0,0,0
219000591,21,10,11
219000592,0,0,0
219000595,0,0,0
219000635,52,0,52
219000636,0,0,0
219000657,1,0,1
219000658,0,0,0
219000673,0,0,0
219000676,0,0,0
219000679,2,0,2
219000684,0,0,0
219000685,0,0,0
219000686,0,0,0
219000688,0,0,0
219000689,0,0,0
219000690,266,2,264
219000691,0,0,0
219000692,51,0,51
219000693,0,0,0
219000694,0,0,0
219000695,0,0,0
219000698,21,0,21
219000699,0,0,0
219000727,0,0,0
219000728,0,0,0
219000770,2,0,2
219000771,0,0,0
219000788,0,0,0
219001150,0,0,0
219001151,0,0,0
219001166,8,1,7
219001167,0,0,0
219001178,68,0,68
220000001,0,9,-9
220000002,0,0,0
220000003,0,0,0
220000004,0,0,0
220000005,0,0,0
220000006,0,0,0
220000007,0,0,0
220000008,0,0,0
220000009,0,0,0
220000010,0,1,-1
220000011,2,6,-4
220000012,0,0,0
220000014,0,0,0
220000015,0,0,0
220000017,0,0,0
220000018,0,0,0
220000019,0,0,0
220000020,13,7,6
220000021,0,0,0
220000022,1,0,1
220000023,2,0,2
220000024,7,1,6
220000025,7,11,-4
220000026,2,19,-17
220000027,0,2,-2
220000028,0,4,-4
220000029,0,0,0
220000030,0,0,0
220000031,31,32,-1
220000064,0,0,0
221000046,6,0,6
221000047,0,0,0
221000048,0,0,0
221000049,0,0,0
221000050,37,0,37
221000055,31,1,30
221000057,130,1,129
221000068,243,56,187
221000069,167,23,144
221000070,94,6,88
221000071,77,0,77
221000072,141,1,140
221000073,105,3,102
221000074,0,0,0
221000075,0,0,0
221000076,0,0,0
221000077,0,0,0
221000081,10,0,10
221000082,33,0,33
221000083,17,18,-1
221000084,13,1,12
221000085,5,1,4
221000086,0,0,0
221000087,0,0,0
221000088,0,0,0
221000089,0,0,0
221000090,0,0,0
221000098,53,20,33
221000099,60,0,60
221000100,129,2,127
221000101,118,21,97
221000102,71,0,71
221000109,0,0,0
221000110,0,0,0
221000111,0,0,0
221000112,0,0,0
221000113,0,0,0
221000114,0,0,0
221000120,0,0,0
221000121,0,7,-7
221000122,1,0,1
221000123,0,0,0
221000124,0,0,0
221000155,26,11,15
221000156,2,1,1
221000175,0,0,0
221000176,0,0,0
221000182,6,0,6
221000241,712,36,676
221000242,0,0,0
221000243,301,22,279
221000244,0,0,0
221000245,138,11,127
221000246,0,0,0
221000247,195,25,170
221000248,0,0,0
221000267,0,0,0
221000325,0,0,0
221000331,0,0,0
221000338,0,4,-4
221000378,74,8,66
221000381,0,0,0
222000282,0,0,0
222000296,0,0,0
222000568,76,2,74
222000569,89,7,82
222000570,43,0,43
222000571,219,25,194
222000577,0,0,0
222000578,0,0,0
222000579,0,0,0
222000580,0,0,0
222000599,0,0,0
222000600,0,0,0
222000601,0,0,0
222000603,0,0,0
222000604,0,0,0
222000605,0,0,0
222000606,0,0,0
222000607,0,0,0
222000608,0,0,0
222000609,0,0,0
222000616,83,0,83
222000617,1,0,1
222000618,1,1,0
222000620,0,0,0
222000621,18,1,17
222000623,225,1,224
222000624,218,0,218
222000625,208,0,208
222000636,6,0,6
222000686,0,0,0
222000687,5,0,5
222001066,160,2,158
222001067,27,0,27
222001068,57,0,57
222001069,2,0,2
222001082,0,0,0
222001083,0,0,0
222001084,0,0,0
222001085,0,0,0
222001111,0,0,0
222001112,43,25,18
222001313,0,0,0
222001314,0,0,0
222001464,15,3,12
222001465,0,0,0
222001484,11,0,11
222001485,0,0,0
222001494,81,4,77
222001495,0,0,0
222001496,53,5,48
222001497,0,0,0
222001502,0,0,0
222001503,51,7,44
222001504,0,0,0
222001505,130,0,130
222001506,0,0,0
222001507,161,1,160
222001510,156,4,152
222001511,0,0,0
222001514,277,32,245
222001515,0,0,0
222001518,87,6,81
222001519,0,0,0
222001527,19,14,5
222001528,0,0,0
222001529,122,0,122
222001530,0,0,0
222001533,0,0,0
222001534,299,4,295
222001535,24,19,5
222001536,0,0,0
222001537,14,1,13
222001538,0,0,0
222001563,403,6,397
222001564,0,0,0
222001568,4,3,1
222001576,0,0,0
222001579,0,0,0
222001583,0,0,0
222001584,12,0,12
222001596,0,0,0
222001597,186,18,168
222001626,0,0,0
222001650,0,6,-6
222001651,1,0,1
222001914,35,7,28
222001915,0,0,0
222001968,64,9,55
222001969,0,0,0
222001970,12,0,12
222001971,1,0,1
222001972,0,0,0
225000001,102,43,59
225000002,158,36,122
225000003,98,7,91
225000004,67,24,43
225000005,66,24,42
225000006,0,0,0
225000007,0,0,0
225000010,11,0,11
225000011,87,232,-145
225000012,46,141,-95
225000013,47,22,25
225000014,68,11,57
225000015,0,0,0
225000021,177,31,146
225000027,0,0,0
225000032,167,68,99
225000042,0,0,0
225000049,0,0,0
225000050,17,0,17
225000053,0,0,0
225000058,188,28,160
225000067,0,0,0
225000068,0,0,0
225000069,0,0,0
225000070,0,0,0
225000071,0,0,0
225000075,0,0,0
225000076,0,0,0
225000078,4,26,-22
225000085,0,3,-3
225000086,17,0,17
225000087,43,2,41
225000088,0,0,0
225000089,0,0,0
225000090,0,0,0
225000091,0,0,0
225000092,0,0,0
225000093,0,0,0
225000094,0,0,0
225000095,0,0,0
225000096,0,0,0
225000098,179,68,111
225000099,193,12,181
225000100,24,32,-8
225000104,0,0,0
225000110,0,0,0
225000111,0,0,0
225000112,0,0,0
225000113,0,0,0
225000114,0,0,0
225000115,0,0,0
225000116,123,66,57
225000117,242,157,85
225000118,314,69,245
225000119,29,1,28
225000120,156,4,152
225000121,95,5,90
225000123,838,7,831
225000125,109,46,63
225000126,156,36,120
225000127,311,102,209
225000128,287,107,180
225000132,0,0,0
225000133,0,0,0
225000134,105,65,40
225000135,18,0,18
225000136,13,0,13
225000137,5,0,5
225000138,152,0,152
225000143,0,0,0
225000144,0,0,0
225000145,81,24,57
225000146,0,0,0
225000147,0,0,0
225000148,0,0,0
225000149,0,0,0
225000151,0,0,0
225000155,0,0,0
225000156,0,0,0
225000157,0,0,0
225000158,0,0,0
225000171,0,0,0
225000180,4,0,4
225000181,0,0,0
225000182,19,2,17
225000185,0,0,0
225000187,0,0,0
225000191,19,2,17
225000194,0,0,0
225000208,0,0,0
225000209,95,11,84
225000210,0,0,0
225000217,0,0,0
225000218,30,0,30
225000223,0,0,0
225000224,4,1,3
225000225,0,0,0
225000226,487,16,471
225000227,0,0,0
225000228,4,3,1
225000229,0,0,0
225000230,2,0,2
225000231,0,0,0
225000232,49,0,49
225000241,89,0,89
225000242,0,0,0
225000249,36,0,36
225000250,0,0,0
225000251,0,0,0
225000256,0,0,0
225000257,0,0,0
226000042,0,0,0
226000043,0,0,0
226000044,0,0,0
226000045,0,0,0
226000046,131,14,117
226000047,61,14,47
226000048,116,6,110
226000049,75,64,11
226000070,0,0,0
226000071,0,0,0
226000072,0,0,0
226000073,0,0,0
226000074,0,0,0
226000084,0,0,0
226000085,0,0,0
226000086,0,0,0
226000087,0,0,0
226000088,0,0,0
226000090,1,4,-3
226000091,0,0,0
226000092,0,0,0
226000093,1,0,1
226000094,0,7,-7
226000095,2,53,-51
226000105,0,0,0
226000106,1,0,1
226000107,0,0,0
226000108,2,0,2
226000109,17,0,17
226000124,31,28,3
226000134,102,36,66
226000135,84,19,65
226000136,9,12,-3
226000137,0,0,0
226000138,0,0,0
226000139,0,0,0
226000156,64,0,64
226000157,113,0,113
226000163,0,0,0
226000202,0,0,0
226000231,169,1,168
226000232,1,0,1
227000033,68,3,65
227000036,97,0,97
227000037,89,1,88
227000038,23,0,23
227000084,0,0,0
227000085,0,0,0
227000088,4,0,4
227000089,1,0,1
227000090,0,0,0
227000091,7,0,7
227000092,16,0,16
227000093,3,0,3
227000094,0,0,0
227000130,0,0,0
227000131,0,0,0
227000132,0,0,0
227000133,0,0,0
227000134,0,0,0
227000152,0,0,0
227000153,0,0,0
227000154,0,0,0
227000155,0,0,0
227000156,0,0,0
227000165,0,0,0
227000196,36,1,35
227000199,156,6,150
227000230,0,0,0
227000232,41,2,39
227000242,0,0,0
227000243,184,6,178
227000245,0,0,0
227000246,0,0,0
227000247,161,6,155
227000248,5,10,-5
227000249,0,0,0
227000250,21,48,-27
227000251,0,0,0
227000252,0,0,0
227000253,84,2,82
227000262,291,1,290
227000266,132,1,131
227000267,0,0,0
227000282,0,0,0
227000284,132,2,130
227000286,0,0,0
227000287,0,0,0
227000291,0,0,0
227000484,119,0,119
227000485,0,0,0
227000655,29,0,29
227000656,88,2,86
227000657,5,0,5
227000661,44,0,44
227000680,0,0,0
229000265,25,0,25
229000296,0,0,0
229000297,0,0,0
229000298,0,0,0
229000320,0,0,0
229000321,0,0,0
229000412,0,0,0
229000414,0,0,0
229000415,0,0,0
229000416,0,0,0
229000417,0,0,0
229000419,0,0,0
229000440,61,3,58
229000442,0,0,0
229000443,0,0,0
229000444,0,0,0
229000445,0,0,0
229000446,20,0,20
229000491,0,0,0
229000492,0,0,0
229000493,0,0,0
229000494,0,0,0
229000495,0,0,0
229000496,0,0,0
229000507,0,0,0
229000508,0,0,0
229000509,0,0,0
229000510,0,0,0
229000511,0,0,0
229000512,0,0,0
229000513,0,0,0
229000514,0,0,0
229000517,0,0,0
229000518,0,0,0
229000519,0,0,0
229000520,0,0,0
229000521,0,0,0
229000522,0,0,0
229000523,0,0,0
229000524,0,0,0
229000527,0,0,0
229000528,0,0,0
229000529,0,0,0
229000530,0,0,0
229000531,0,0,0
229000532,0,0,0
229000533,3,0,3
229000534,3,0,3
229000564,48,5,43
229000565,36,1,35
229000566,0,0,0
229000567,0,0,0
229000582,26,4,22
229000583,9,17,-8
229000584,0,0,0
229000585,0,0,0
229000718,0,0,0
229000719,0,0,0
229000720,0,0,0
229000721,0,0,0
229000722,0,0,0
229000723,0,0,0
229000724,0,0,0
229000725,0,0,0
229000738,0,0,0
229000739,0,0,0
229000740,2,0,2
229000741,38,0,38
229000742,37,0,37
229000743,3,0,3
229000744,0,0,0
229000745,0,0,0
229000746,29,0,29
229000847,0,0,0
229000848,0,0,0
229000849,0,0,0
229000851,0,0,0
229000854,0,0,0
229000856,0,0,0
229000857,0,0,0
229000858,0,0,0
229000919,0,0,0
229000930,0,1,-1
229000937,99,2,97
229000966,21,0,21
229000981,0,0,0
229000985,0,0,0
229000986,0,0,0
229000987,0,0,0
229000988,0,0,0
229000989,0,0,0
229000990,0,0,0
229000991,1,0,1
229000992,1,0,1
229000993,5,0,5
229000998,0,0,0
229000999,2,0,2
229001034,0,0,0
229001035,0,0,0
229001037,8,0,8
229001042,4,0,4
229001047,0,0,0
229001050,22,0,22
229001168,0,0,0
229001200,1,0,1
229001338,0,0,0
229001394,171,0,171
229001422,89,5,84
229001423,0,0,0
229001431,43,7,36
229001432,0,0,0
229001444,61,2,59
229001445,0,0,0
229001479,0,0,0
229001503,86,16,70
229001504,0,0,0
229001505,107,21,86
229001506,0,0,0
229001509,3,0,3
229001545,37,0,37
229001546,0,0,0
229001553,20,0,20
229001554,0,0,0
229001559,0,0,0
229001560,0,0,0
229001630,3,0,3
229001631,0,0,0
229001635,0,0,0
229001636,0,0,0
229001658,0,0,0
229001659,48,1,47
229001660,0,0,0
229001661,0,0,0
229001662,7,0,7
229001663,0,0,0
229002584,17,2,15
229002831,0,0,0
229002841,0,0,0
229002842,0,1,-1
229002843,4,0,4
229002844,0,0,0
229002845,0,0,0
229002846,1,0,1
229002847,0,0,0
229002848,2,1,1
229002849,0,0,0
229002850,23,0,23
229002851,0,0,0
229002852,17,4,13
229002853,22,0,22
229002854,0,0,0
229002855,0,0,0
229002856,0,0,0
229002857,0,0,0
229002858,0,1,-1
229002859,0,0,0
229002860,0,0,0
229002861,2,9,-7
229002862,0,0,0
229002863,0,0,0
229002864,1,1,0
229002865,0,0,0
229002866,3,2,1
229002867,0,0,0
229002868,11,0,11
229002869,0,0,0
229002870,1,0,1
235000066,215,2,213
235000067,130,3,127
235000072,0,0,0
235000073,0,0,0
235000074,0,0,0
235000080,0,0,0
235000081,0,0,0
235000082,102,0,102
235000083,132,2,130
235000084,13,4,9
235000085,212,3,209
235000089,29,0,29
235000092,0,0,0
235000093,0,0,0
235000097,0,0,0
235000098,78,4,74
235000099,4,5,-1
235000116,4,0,4
235000117,84,0,84
235000133,0,0,0
235000134,0,0,0
235000206,0,1,-1
235000207,0,1,-1
235000208,0,0,0
235000209,2,0,2
235000210,1,0,1
235000212,0,0,0
235000213,0,0,0
235000220,0,0,0
235000221,0,0,0
235000238,1,167,-166
235000239,0,4,-4
235000242,20,365,-345
235000245,0,0,0
235000246,0,0,0
235000284,0,0,0
235000295,20,1,19
235000305,59,28,31
235000306,55,1,54
235000307,43,0,43
235000308,0,0,0
235000309,3,0,3
235000310,0,0,0
235000311,3,0,3
235000322,0,0,0
235000323,0,0,0
235000324,0,0,0
235000325,0,0,0
235000326,0,0,0
235000351,0,0,0
235000352,0,0,0
235000353,0,0,0
235000354,0,0,0
235000355,0,0,0
235000356,2,0,2
235000357,3,0,3
235000358,5,1,4
235000359,0,0,0
235000360,1,0,1
235000361,24,0,24
235000381,0,0,0
235000382,65,2,63
235000390,0,0,0
235000391,102,1,101
235000392,189,11,178
235000393,81,13,68
235000395,67,5,62
235000396,246,8,238
235000400,11,16,-5
235000401,0,0,0
235000405,0,0,0
235000406,0,0,0
235000407,0,0,0
235000409,0,0,0
235000410,0,0,0
235000411,0,0,0
235000485,0,0,0
235000486,47,0,47
235000549,43,8,35
235000550,0,0,0
235000599,0,0,0
235000600,0,0,0
235000601,15,0,15
235000602,66,9,57
235000614,0,0,0
235000648,0,0,0
235000649,38,0,38
235000685,0,0,0
235000815,0,0,0
235000834,0,0,0
235000855,42,7,35
235000862,0,0,0
235000891,0,0,0
235000892,1,0,1
235000901,0,0,0
235000907,0,0,0
235001010,23,2,21
235001029,0,0,0
235001030,215,10,205
235001078,90,10,80
235001079,0,0,0
235001147,0,6,-6
235001166,5,4,1
235001167,0,0,0
235001169,0,0,0
235001188,0,0,0
235001189,4,0,4
235001197,0,0,0
235001200,0,0,0
235001207,47,8,39
235001210,0,0,0
235001215,0,0,0
235001239,0,0,0
235001244,0,0,0
235016267,0,0,0
277101746,0,0,0
277102712,3,0,3
277103813,0,0,0
277103898,0,0,0
277104249,0,0,0
277104250,0,0,0
277104251,0,0,0
277104252,0,0,0
990011530,0,0,0
990014944,0,2,-2
990015176,10,0,10
990015618,0,0,0
990016032,0,0,0
990032570,0,2,-2
990070001,41,3,38
990070103,0,0,0
990070601,0,0,0
990070751,0,0,0
990070766,0,0,0
990071180,351,1,350
990071343,11,0,11
990071387,0,0,0
990071823,88,6,82
990072600,0,0,0
990072964,0,0,0
990073285,0,0,0
990074393,0,0,0
990074870,378,6,372
990075106,205,0,205
990075746,170,1,169
990076437,1201,17,1184
990076458,0,0,0
997000007,162,0,162
997000041,0,0,0
997000058,38,0,38
997000062,31,2,29
997000069,0,0,0
997000070,0,0,0
997000100,1,0,1
997000141,0,0,0
997000198,0,0,0
998000475,0,0,0
998000736,0,0,0
998000965,0,0,0
998001031,0,0,0
998001700,0,0,0
998001899,0,0,0
998001900,24,138,-114
998003073,452,31,421
998101900,0,33,-33
998102850,0,0,0
998501927,136,0,136
998501929,392,8,384
998501930,48,1,47
998501931,105,1,104
998501932,1,1,0
998501933,303,0,303
998501937,12,3,9
998501944,3,0,3
998501950,0,0,0
998501970,69,8,61
998501971,0,125,-125
998501973,0,0,0
998501974,0,0,0
998501975,33,0,33
998501976,15,0,15
998501977,0,4,-4
998501978,7,0,7
998501979,0,0,0
998501980,122,0,122
998501981,126,0,126
998501982,0,0,0
998501983,0,0,0
998502006,0,0,0
998502024,0,0,0
998502032,0,2,-2
998502062,7,0,7
998502063,0,0,0
998502173,3,0,3
998502269,0,0,0
998502546,0,0,0
998502578,0,0,0
998502599,0,0,0
998601159,0,0,0
998601292,0,0,0
999033574,0,0,0
999800001,43,11,32
999800002,0,0,0
999800003,2,0,2
999800004,0,0,0
999800005,0,0,0
