ID,insum,outsum,diff
100000001,883,611,272
100000002,5992,12161,-6169
100000003,4997,8420,-3423
100000004,343,1339,-996
100000005,3488,4554,-1066
100000006,482,362,120
100000007,2963,929,2034
100000008,38,664,-626
100000009,424,560,-136
100000010,10,116,-106
100000011,374,110,264
100000012,56,385,-329
100000013,9,163,-154
100000014,155,809,-654
100000015,1597,2286,-689
100000016,330,2903,-2573
100000017,241,4002,-3761
100000018,909,744,165
100000019,4042,4269,-227
100000020,1668,6896,-5228
100000021,6712,1665,5047
100000022,887,6610,-5723
100000023,5509,4105,1404
100000025,707,2779,-2072
100000028,413,4422,-4009
100000029,18,1616,-1598
100000030,47,57,-10
100000031,2247,10300,-8053
100000032,3024,7424,-4400
100000033,1039,5392,-4353
100000034,261,2408,-2147
100000035,778,2018,-1240
100000036,611,2367,-1756
100000037,873,506,367
100000038,2966,1016,1950
100000039,232,557,-325
100000040,643,206,437
100000041,1671,530,1141
100000042,1480,334,1146
100000043,556,261,295
100000044,172,307,-135
100000045,228,638,-410
100000046,303,861,-558
100000047,170,321,-151
100000048,129,632,-503
100000049,1662,1294,368
100000051,712,588,124
100000053,36,5,31
100000054,237,23,214
100000055,577,282,295
100000056,357,745,-388
100000057,1845,671,1174
100000058,831,649,182
100000059,23,339,-316
100000060,866,445,421
100000061,2268,741,1527
100000062,1487,1005,482
100000063,881,465,416
100000064,1415,895,520
100000065,337,853,-516
100000066,205,512,-307
100000067,207,936,-729
100000068,475,1402,-927
100000069,215,1185,-970
100000072,154,327,-173
100000073,1115,1053,62
100000075,1233,227,1006
100000076,1953,7173,-5220
100000077,95,918,-823
100000078,10,54,-44
100000079,5,78,-73
100000080,4,87,-83
100000081,9,159,-150
100000102,3825,12523,-8698
100000103,2480,2928,-448
100000104,7134,2424,4710
100000105,1150,3205,-2055
100000106,834,6272,-5438
100000107,63,1835,-1772
100000108,318,1976,-1658
100000109,557,3127,-2570
100000116,235,739,-504
100000117,64,177,-113
100000118,482,1988,-1506
100000119,1036,1695,-659
100000121,136,848,-712
100000122,706,6559,-5853
100000123,927,3206,-2279
100000124,2077,2956,-879
100000125,13990,3463,10527
100000126,605,2417,-1812
100000127,1287,2543,-1256
100000128,355,5500,-5145
100000129,400,1413,-1013
100000130,917,202,715
100000131,827,1747,-920
100000132,1558,1623,-65
100000133,1381,643,738
100000135,805,1478,-673
100000139,131,614,-483
100000140,130,237,-107
100000142,597,1050,-453
100000143,1595,445,1150
100000144,1699,554,1145
100000147,2430,6013,-3583
100000150,109,783,-674
100000151,330,3502,-3172
100000153,42,848,-806
100000154,18,1694,-1676
100000155,2,116,-114
100000156,129,218,-89
100000157,143,236,-93
100000158,212,189,23
100000159,117,2927,-2810
100000165,832,757,75
100000169,15,2866,-2851
100000174,188,1808,-1620
100000179,76,1608,-1532
100000180,483,2506,-2023
100000181,261,552,-291
100000188,48,233,-185
100000189,782,470,312
100000190,507,2666,-2159
100000191,1360,871,489
100000192,18,107,-89
100000193,385,189,196
100000330,619,1434,-815
100000355,319,684,-365
100000362,2345,966,1379
100000363,6878,9910,-3032
100000364,86,280,-194
100000365,7383,11888,-4505
100000366,1693,1284,409
100000367,7189,8825,-1636
100000368,2094,1555,539
100000369,672,3018,-2346
100000370,245,1204,-959
100000376,28,418,-390
100000379,829,6375,-5546
100000380,3218,14246,-11028
100000384,6905,11120,-4215
100000385,1800,7599,-5799
100000386,1838,9305,-7467
100000387,5290,12070,-6780
100000388,1582,4811,-3229
100000389,5275,9123,-3848
100000390,3108,4521,-1413
100000391,2553,9462,-6909
100000392,710,3639,-2929
100000393,662,6009,-5347
100000394,2125,7755,-5630
100000395,946,8126,-7180
100000396,1098,2537,-1439
100000397,1806,10345,-8539
100000398,5901,4840,1061
100000413,2,7,-5
100900002,14,19,-5
100900003,550,330,220
100900004,10,993,-983
100900005,151,19,132
100900006,55,11,44
100900007,253,1,252
100900008,1,518,-517
100900009,34,50,-16
100900010,39,8,31
100900011,289,50,239
100900012,0,205,-205
100900013,1167,6,1161
100900014,3,4,-1
100900015,22,63,-41
100900016,0,9,-9
100900017,1455,49,1406
100900018,2,9,-7
100900019,52,105,-53
100900020,516,6,510
100900021,522,1,521
100900022,9,26,-17
100900023,1,58,-57
100900024,446,1,445
100900025,7,10,-3
100900026,82,122,-40
100900027,592,2984,-2392
100900028,73,564,-491
100900029,23,0,23
100900030,0,499,-499
100900031,1103,30,1073
100900032,480,0,480
100900033,74,699,-625
100900034,1914,1,1913
100900035,201,0,201
100900036,6,0,6
100900037,119,62,57
100900038,116,461,-345
100900039,237,101,136
100900040,680,219,461
100900041,1867,195,1672
100900042,347,4427,-4080
100900043,1,94,-93
100900044,1208,1005,203
100900045,8,2,6
100900046,1284,10,1274
100900047,580,122,458
100900048,170,4,166
100900049,42,82,-40
100900050,16,56,-40
100900051,19,327,-308
100900052,309,10,299
100900053,892,28,864
100900054,6,21,-15
100900055,857,1904,-1047
100900056,38,56,-18
100900057,3739,509,3230
100900058,78,34,44
100900059,124,2,122
100900060,199,4,195
100900061,118,230,-112
100900062,0,7,-7
100900063,229,1129,-900
100900064,640,12,628
100900065,40,185,-145
100900066,206,70,136
100900067,1,6,-5
100900068,149,35,114
100900069,132,5,127
100900070,802,16,786
100900071,172,129,43
100900072,1,28,-27
100900073,199,508,-309
100900074,0,7,-7
100900075,2097,81,2016
100900076,4,31,-27
100900077,66,1,65
100900078,311,188,123
100900079,2,20,-18
100900080,118,43,75
100900081,22,101,-79
100900082,339,89,250
100900083,9,66,-57
100900085,3,730,-727
100900086,28,375,-347
100900088,306,93,213
100900089,0,14,-14
100900090,78,1575,-1497
100900091,0,1,-1
100900092,85,160,-75
100900093,418,612,-194
100900094,174,110,64
100900095,0,30,-30
100900096,7,759,-752
100900097,1,1,0
100900098,9,31,-22
100900099,7,515,-508
100900100,3,354,-351
100900101,211,52,159
100900102,1,39,-38
100900103,4,3,1
100900104,3,213,-210
100900105,11,607,-596
100900106,6,7,-1
100900107,3145,867,2278
100900108,4,8,-4
100900109,4,77,-73
100900110,0,35,-35
100900111,21,294,-273
100900112,4,8,-4
100900113,6,14,-8
100900114,6,41,-35
100900115,5,51,-46
100900116,1154,395,759
100900117,263,1165,-902
100900118,8,66,-58
100900119,3,6,-3
100900120,11,20,-9
100900121,517,386,131
100900122,28,78,-50
100900123,214,40,174
100900124,2,3,-1
100900125,9,24,-15
100900126,739,33,706
100900127,6,0,6
100900128,79,1019,-940
100900129,1,296,-295
100900131,6,87,-81
100900133,64,14,50
100900134,12,2,10
100900135,5,971,-966
100900137,424,214,210
100900138,305,627,-322
100900139,2,2,0
100900140,1,188,-187
100900141,2,1019,-1017
100900142,0,1,-1
100900143,295,1079,-784
100900144,2,5,-3
100900145,37,248,-211
100900146,6,17,-11
100900147,18,3813,-3795
100900148,73,169,-96
100900149,10,662,-652
100900150,2,47,-45
100900151,55,335,-280
100900152,162,14,148
100900153,2,312,-310
100900154,3,281,-278
100900155,3,2,1
100900156,14,0,14
100900157,0,290,-290
100900159,2,102,-100
100900160,71,2,69
100900161,34,0,34
100900162,6,117,-111
100900163,89,51,38
100900164,278,27,251
100900165,22,89,-67
100900166,10,1,9
100900167,5,47,-42
100900168,7,42,-35
100900169,42,1319,-1277
100900170,29,4,25
100900171,8,587,-579
100900172,0,185,-185
100900173,4,101,-97
100900174,32,22,10
100900176,1776,624,1152
100900177,451,357,94
100900178,95,183,-88
100900179,364,422,-58
100900180,5,1,4
100900181,34,39,-5
100900182,41,10,31
100900184,33,51,-18
100900186,512,276,236
100900187,54,70,-16
100900188,2,12,-10
100900189,2825,121,2704
100900191,584,1235,-651
100900192,171,558,-387
100900195,84,922,-838
100900197,52,97,-45
100900198,26,23,3
100900199,5,4,1
100900200,920,316,604
100900201,89,845,-756
100900202,66,0,66
100900203,0,57,-57
100900204,46,728,-682
100900205,227,691,-464
100900206,223,222,1
100900207,282,107,175
100900210,87,148,-61
100900211,670,72,598
100900213,130,15,115
100900214,321,130,191
100900215,102,17,85
100900217,100,185,-85
101000001,1758,2039,-281
101000002,7444,9779,-2335
101000003,482,802,-320
101000004,7662,5829,1833
101000005,3991,6065,-2074
101000006,11752,11337,415
101000007,4902,5785,-883
101000008,1912,2971,-1059
101000009,3364,952,2412
101000010,1348,990,358
101000011,1846,440,1406
101000012,317,794,-477
101000013,479,1612,-1133
101000014,351,502,-151
101000015,2624,2198,426
101000016,228,1098,-870
101000017,406,849,-443
101000018,1508,13429,-11921
101000020,1416,2199,-783
101000021,619,1561,-942
101000022,55,376,-321
101000023,1190,1198,-8
101000025,403,895,-492
101000026,217,32,185
101000027,1792,5370,-3578
101000028,1133,422,711
101000029,78,1608,-1530
101000030,804,131,673
101000031,66,672,-606
101000032,1873,5179,-3306
101000033,1389,8676,-7287
101000034,634,4520,-3886
101000035,265,802,-537
101000036,406,4075,-3669
101000037,1235,6151,-4916
101000039,1661,5744,-4083
101000040,2791,8226,-5435
101000041,2058,7623,-5565
101000042,37,1367,-1330
101000043,3322,9862,-6540
101000045,230,1137,-907
101000046,947,2290,-1343
101000047,918,5249,-4331
101000048,571,760,-189
101000049,528,3258,-2730
101000050,508,2423,-1915
101000051,395,2493,-2098
101000052,1537,2564,-1027
101000053,398,2030,-1632
101000054,2555,1179,1376
101000055,1040,2238,-1198
101000056,32,281,-249
101000057,551,4069,-3518
101000058,662,3187,-2525
101000059,2410,3694,-1284
101000060,2571,2232,339
101000061,289,2872,-2583
101000062,205,993,-788
101000063,223,2475,-2252
101000064,308,2097,-1789
101000065,134,1835,-1701
101000066,273,2511,-2238
101000067,196,922,-726
101000068,75,434,-359
101000069,210,145,65
101000070,306,855,-549
101000071,5324,2316,3008
101000072,633,2952,-2319
101000073,379,1448,-1069
101000074,1800,3874,-2074
101000075,1735,3200,-1465
101000077,1999,1726,273
101000078,704,1288,-584
101000079,779,1298,-519
101000080,715,930,-215
101000081,1918,1647,271
101000082,2256,2234,22
101000083,3906,2730,1176
101000084,1099,525,574
101000085,1808,1792,16
101000086,920,1431,-511
101000087,1047,1142,-95
101000088,1985,1523,462
101000089,1141,2163,-1022
101000090,1848,671,1177
101000091,898,510,388
101000092,2860,682,2178
101000093,2111,565,1546
101000094,1172,832,340
101000095,753,505,248
101000096,812,312,500
101000097,511,1610,-1099
101000098,410,1994,-1584
101000099,625,1509,-884
101000100,777,2243,-1466
101000101,199,1641,-1442
101000102,313,2405,-2092
101000103,422,1723,-1301
101000104,442,1164,-722
101000105,174,970,-796
101000106,97,3107,-3010
101000107,316,793,-477
101000108,707,119,588
101000109,1233,229,1004
101000110,26,160,-134
101000111,35,225,-190
101000113,165,1393,-1228
101000114,1698,7470,-5772
101000115,22,10,12
101000116,7,36,-29
101000117,1415,307,1108
101000119,7,94,-87
101000120,49,155,-106
101000121,14,49,-35
101000122,77,68,9
101000123,14,62,-48
101000124,375,492,-117
101000125,101,192,-91
101000128,107,2318,-2211
101000130,166,168,-2
101000131,1851,389,1462
101000132,1146,547,599
101000135,7,49,-42
101000136,97,144,-47
101000137,18,937,-919
101000141,611,7064,-6453
101000147,1724,380,1344
101000148,1101,9,1092
101000149,18,99,-81
101000150,214,258,-44
101000151,410,60,350
101000152,549,554,-5
101000153,354,213,141
101000154,556,679,-123
101000155,623,221,402
101000156,54,836,-782
101000157,58,431,-373
101000160,9,17,-8
101000163,30,941,-911
101000164,302,114,188
101000165,359,741,-382
101000166,175,311,-136
101000168,1033,820,213
101000252,3264,1318,1946
101000254,22,66,-44
101000258,84,1,83
101000261,46,70,-24
101000262,3047,8273,-5226
101000263,411,1549,-1138
101000265,117,659,-542
101000266,358,193,165
101000269,11,31,-20
101000290,244,4277,-4033
101000293,6,44,-38
101000294,980,967,13
101000295,519,175,344
101000301,202,1068,-866
101000304,3024,5738,-2714
101000305,3403,2627,776
101000328,157,1150,-993
101900001,37,46,-9
101900002,0,0,0
101900003,16,395,-379
101900004,1,326,-325
101900005,1320,5129,-3809
101900006,2622,216,2406
101900007,611,434,177
101900008,67,634,-567
101900009,30,537,-507
101900010,509,875,-366
101900011,64,1822,-1758
101900012,631,86,545
101900013,692,89,603
101900017,17,132,-115
101900018,1164,421,743
101900019,18,134,-116
101900020,86,45,41
101900021,0,48,-48
101900022,177,679,-502
101900023,227,73,154
101900026,137,63,74
101900027,21,113,-92
102000001,4209,9563,-5354
102000002,2443,7319,-4876
102000003,2315,6727,-4412
102000004,7163,5020,2143
102000005,2003,5185,-3182
102000006,934,1822,-888
102000007,3073,5472,-2399
102000008,7201,2145,5056
102000009,10878,10412,466
102000010,4685,3151,1534
102000011,6527,6628,-101
102000012,4507,3198,1309
102000018,4694,3811,883
102000019,3512,2041,1471
102000026,1154,487,667
102000029,407,497,-90
102000030,147,442,-295
102000031,91,197,-106
102000032,801,685,116
102000033,507,279,228
102000034,768,524,244
102000035,1150,554,596
102000036,52,239,-187
102000037,214,74,140
102000038,155,669,-514
102000039,74,315,-241
102000040,259,408,-149
102000041,34,1120,-1086
102000042,37,644,-607
102000043,75,966,-891
102000044,581,1915,-1334
102000045,1047,1568,-521
102000046,1945,1088,857
102000047,1182,1118,64
102000048,861,480,381
102000049,1084,1649,-565
102000050,2556,1963,593
102000051,263,1084,-821
102000052,1376,1927,-551
102000053,1016,2235,-1219
102000054,1128,1063,65
102000055,1580,224,1356
102000056,2568,274,2294
102000057,2511,577,1934
102000058,907,692,215
102000059,1087,1770,-683
102000060,1118,934,184
102000061,2033,2016,17
102000062,2760,915,1845
102000063,1256,1735,-479
102000064,649,556,93
102000065,23,91,-68
102000066,1004,739,265
102000067,8497,5235,3262
102000068,9751,3927,5824
102000069,109,2726,-2617
102000070,2316,22,2294
102000071,7752,12995,-5243
102000072,2977,4763,-1786
102000073,919,606,313
102000074,1057,1115,-58
102000075,203,215,-12
102000076,483,146,337
102000077,905,184,721
102000078,1645,317,1328
102000079,255,43,212
102000080,605,146,459
102000081,257,867,-610
102000082,580,380,200
102000083,1361,309,1052
102000084,937,166,771
102000085,2272,804,1468
102000086,2262,919,1343
102000087,735,1554,-819
102000088,662,365,297
102000089,1850,333,1517
102000090,342,1380,-1038
102000091,1265,610,655
102000092,337,568,-231
102000093,1153,622,531
102000094,528,308,220
102000095,651,1478,-827
102000096,408,400,8
102000097,719,411,308
102000098,307,411,-104
102000099,705,904,-199
102000100,262,1021,-759
102000101,294,365,-71
102000102,360,1338,-978
102000103,4301,490,3811
102000104,964,591,373
102000105,315,624,-309
102000106,1064,591,473
102000107,3140,270,2870
102000108,1011,409,602
102000109,1683,570,1113
102000110,1986,735,1251
102000111,50,749,-699
102000112,163,214,-51
102000113,43,95,-52
102000114,1597,466,1131
102000115,265,555,-290
102000116,285,714,-429
102000117,75,1186,-1111
102000118,1056,1974,-918
102000119,830,1527,-697
102000120,211,780,-569
102000121,1041,335,706
102000122,374,938,-564
102000123,1135,636,499
102000124,1413,1358,55
102000125,366,543,-177
102000126,405,588,-183
102000127,1335,356,979
102000128,676,934,-258
102000129,1365,471,894
102000130,484,750,-266
102000131,520,604,-84
102000132,132,662,-530
102000133,4546,2448,2098
102000134,1070,994,76
102000135,767,724,43
102000136,1055,561,494
102000137,415,495,-80
102000138,334,232,102
102000139,104,597,-493
102000140,94,574,-480
102000141,187,392,-205
102000142,496,416,80
102000143,564,255,309
102000144,432,220,212
102000145,554,369,185
102000146,492,367,125
102000147,705,520,185
102000148,443,983,-540
102000149,598,144,454
102000150,1023,108,915
102000151,105,131,-26
102000152,382,216,166
102000153,760,943,-183
102000154,146,370,-224
102000155,59,714,-655
102000156,250,186,64
102000157,53,1788,-1735
102000158,237,438,-201
102000159,3002,1699,1303
102000161,3797,2619,1178
102000162,175,262,-87
102000163,152,491,-339
102000164,883,903,-20
102000165,224,276,-52
102000166,31,246,-215
102000167,194,390,-196
102000168,318,202,116
102000169,129,653,-524
102000170,1177,276,901
102000171,83,173,-90
102000172,10,383,-373
102000173,499,335,164
102000174,198,68,130
102000175,33,78,-45
102000176,27,81,-54
102000178,237,833,-596
102000179,525,361,164
102000180,1474,228,1246
102000181,1236,411,825
102000182,531,305,226
102000183,2348,1114,1234
102000184,2476,638,1838
102000185,3619,590,3029
102000186,2442,1016,1426
102000187,1191,915,276
102000188,1827,1606,221
102000189,2221,336,1885
102000190,561,2677,-2116
102000191,969,353,616
102000192,2778,2014,764
102000193,246,185,61
102000194,57,546,-489
102000195,759,750,9
102000196,372,464,-92
102000197,1423,175,1248
102000198,347,504,-157
102000199,1630,130,1500
102000200,482,669,-187
102000201,1706,490,1216
102000202,16,137,-121
102000203,865,214,651
102000204,1142,756,386
102000205,1525,686,839
102000206,731,417,314
102000207,1084,612,472
102000208,583,1024,-441
102000209,74,317,-243
102000210,892,488,404
102000211,855,192,663
102000212,658,19,639
102000213,7,157,-150
102000214,648,14,634
102000215,9,241,-232
102000216,176,164,12
102000217,29,75,-46
102000218,237,271,-34
102000219,175,84,91
102000225,308,617,-309
102000226,118,252,-134
102000227,137,0,137
102000228,0,201,-201
102000229,99,51,48
102000230,440,269,171
102000231,375,245,130
102000232,142,263,-121
102000233,2177,488,1689
102000234,119,1180,-1061
102000236,388,55,333
102000237,1434,985,449
102000238,252,441,-189
102000240,386,1027,-641
102000241,263,74,189
102000243,18,56,-38
102000245,4,84,-80
102000246,3,158,-155
102000247,218,331,-113
102000248,205,974,-769
102000249,139,86,53
102000250,109,127,-18
102000254,426,156,270
102000266,3,412,-409
102000271,59,0,59
102000286,515,385,130
102000297,3239,1342,1897
102000301,0,0,0
102000303,0,0,0
102000307,0,3,-3
102900001,771,330,441
102900002,223,36,187
102900003,142,114,28
102900005,697,139,558
102900006,513,52,461
102900007,946,3,943
102900008,296,48,248
102900009,211,378,-167
102900010,128,956,-828
102900011,919,736,183
102900012,356,194,162
102900013,83,8,75
102900015,971,680,291
102900016,64,7,57
102900017,420,97,323
102900018,102,45,57
102900019,490,1004,-514
102900020,377,52,325
102900021,54,24,30
102900022,76,66,10
102900023,23,17,6
102900024,79,31,48
102900025,41,30,11
102900026,821,2489,-1668
102900027,67,61,6
102900028,209,1431,-1222
102900029,107,596,-489
102900030,397,526,-129
102900031,487,123,364
102900032,167,30,137
102900033,99,172,-73
102900034,962,26,936
102900035,261,308,-47
102900036,719,194,525
102900037,584,244,340
102900038,495,161,334
102900039,21,1183,-1162
102900040,220,344,-124
102900041,170,144,26
102900042,441,93,348
102900043,559,150,409
102900044,578,1111,-533
102900045,428,200,228
102900046,138,56,82
102900047,161,353,-192
102900048,683,281,402
102900049,78,216,-138
102900050,152,412,-260
102900051,141,506,-365
102900052,27,50,-23
102900053,391,772,-381
102900054,192,1759,-1567
102900055,285,520,-235
102900056,91,315,-224
102900057,5,93,-88
102900058,474,83,391
102900059,31,8,23
102900060,137,468,-331
102900061,343,233,110
102900062,479,489,-10
102900063,2367,338,2029
102900064,90,576,-486
102900065,777,177,600
102900066,516,12,504
102900068,77,320,-243
102900070,341,593,-252
102900072,28,84,-56
102900073,40,3,37
102900075,4,61,-57
102900076,71,131,-60
102900077,17,20,-3
102900078,37,24,13
102900079,443,4,439
102900080,430,15,415
102900081,55,184,-129
102900082,14,221,-207
102900083,90,11,79
102900084,4,49,-45
102900085,90,40,50
102900086,14,127,-113
102900087,200,121,79
102900088,81,78,3
102900089,266,248,18
102900090,0,277,-277
102900091,407,1,406
102900092,841,104,737
102900093,271,217,54
102900094,0,203,-203
102900095,42,0,42
102900096,83,9,74
102900097,2,61,-59
102900098,9,0,9
103000001,2863,4500,-1637
103000002,2952,5403,-2451
103000003,3716,4145,-429
103000004,903,861,42
103000005,1879,6146,-4267
103000006,1719,2257,-538
103000007,730,539,191
103000008,1255,1891,-636
103000009,3465,2654,811
103000010,159,88,71
103000011,1568,835,733
103000012,1438,2622,-1184
103000013,4149,2910,1239
103000014,1246,5116,-3870
103000015,3239,1686,1553
103000016,676,3426,-2750
103000017,267,1179,-912
103000018,658,249,409
103000019,449,798,-349
103000020,1735,2233,-498
103000021,2143,5235,-3092
103000022,955,1995,-1040
103000023,1599,4653,-3054
103000024,96,98,-2
103000025,70,1540,-1470
103000026,435,83,352
103000027,164,614,-450
103000028,242,226,16
103000029,83,257,-174
103000030,2700,1676,1024
103000031,755,3442,-2687
103000032,2692,1389,1303
103000033,3081,3284,-203
103000034,1489,984,505
103000035,211,1718,-1507
103000036,289,242,47
103000037,976,405,571
103000038,559,901,-342
103000039,1166,417,749
103000040,700,534,166
103000041,3917,1325,2592
103000042,2995,190,2805
103000043,1297,624,673
103000044,454,72,382
103000046,389,760,-371
103000047,854,294,560
103000048,387,251,136
103000049,72,105,-33
103000050,1038,219,819
103000051,787,594,193
103000052,1160,243,917
103000053,196,268,-72
103000054,2639,433,2206
103000055,1848,1651,197
103000056,1266,628,638
103000057,2003,120,1883
103000058,893,386,507
103000059,874,547,327
103000060,1139,139,1000
103000061,848,779,69
103000062,799,173,626
103000063,1092,813,279
103000064,230,95,135
103000065,14,241,-227
103000066,321,12,309
103000069,477,251,226
103000070,729,343,386
103000071,1880,769,1111
103000072,129,675,-546
103000073,1835,126,1709
103000074,1384,105,1279
103000075,110,668,-558
103000076,467,1333,-866
103000077,18,245,-227
103000078,1314,2256,-942
103000079,762,1254,-492
103000080,693,567,126
103000081,359,910,-551
103000082,846,323,523
103000083,209,642,-433
103000084,71,7,64
103000085,1,110,-109
103000086,423,759,-336
103000087,170,804,-634
103000088,311,784,-473
103000089,501,1173,-672
103000090,5494,1368,4126
103000091,1632,729,903
103000092,394,310,84
103000093,506,882,-376
103000094,479,217,262
103000095,146,610,-464
103000096,790,38,752
103000097,94,980,-886
103000098,775,281,494
103000099,86,1146,-1060
103000100,186,524,-338
103000101,1938,99,1839
103000102,82,320,-238
103000103,1082,162,920
103000104,164,102,62
103000105,415,76,339
103000106,6,174,-168
103000107,398,215,183
103000108,2105,2012,93
103000109,1043,1391,-348
103000110,970,1130,-160
103000111,353,1565,-1212
103000112,363,1104,-741
103000113,188,2984,-2796
103000114,2227,3375,-1148
103000115,1309,1361,-52
103000116,883,453,430
103000117,426,544,-118
103000118,504,469,35
103000119,1617,569,1048
103000120,69,733,-664
103000121,121,171,-50
103000122,484,434,50
103000125,12,79,-67
103000126,1254,1,1253
103000127,0,69,-69
103000128,218,0,218
103000129,0,55,-55
103000130,129,44,85
103000131,35,149,-114
103000132,37,84,-47
103000133,10,81,-71
103000134,323,1585,-1262
103000135,861,232,629
103000136,593,898,-305
103000137,446,944,-498
103000138,534,1042,-508
103000139,0,80,-80
103000140,275,23,252
103000141,44,152,-108
103000142,119,149,-30
103000143,119,257,-138
103000144,244,199,45
103000145,1,189,-188
103000150,65,45,20
103000152,222,794,-572
103000153,273,477,-204
103000156,8,75,-67
103000157,554,0,554
103000159,577,106,471
103000162,61,11,50
103000163,6,9,-3
103000164,20,16,4
103000165,107,259,-152
103000166,559,1298,-739
103000167,457,465,-8
103000168,279,145,134
103000169,224,1000,-776
103000170,1522,223,1299
103000171,6,157,-151
103000172,1214,86,1128
103000173,1681,207,1474
103000174,515,224,291
103000175,577,77,500
103000176,825,1252,-427
103000177,234,644,-410
103000178,106,332,-226
103000179,168,39,129
103000183,475,5,470
103000185,355,42,313
103000186,382,95,287
103000187,1703,166,1537
103000188,52,98,-46
103000189,819,882,-63
103000191,646,529,117
103000292,702,2569,-1867
103000293,859,4653,-3794
103000295,80,284,-204
103000296,31,0,31
103000297,0,20,-20
103000504,41,24,17
103000505,1,8,-7
103000506,1,121,-120
103000507,236,1,235
103000508,81,39,42
103000509,468,798,-330
103900001,0,25,-25
103900002,723,47,676
103900003,970,482,488
103900004,160,1,159
103900005,2,109,-107
103900006,0,2,-2
103900007,223,1,222
103900008,10,0,10
103900009,534,174,360
103900010,368,122,246
103900011,713,46,667
103900012,5,69,-64
103900013,178,20,158
103900014,105,39,66
103900015,194,7,187
103900016,153,123,30
103900017,163,101,62
103900018,300,37,263
103900019,29,407,-378
103900020,583,519,64
103900021,92,41,51
103900022,612,483,129
103900023,342,0,342
103900024,84,288,-204
103900025,5,27,-22
103900026,0,0,0
103900027,252,348,-96
103900028,83,423,-340
103900029,1705,128,1577
103900030,374,207,167
103900031,138,0,138
103900032,162,174,-12
103900033,58,71,-13
103900034,81,11,70
103900035,131,13,118
103900036,35,35,0
103900037,224,12,212
103900038,93,265,-172
103900039,408,156,252
103900040,13,94,-81
103900041,109,26,83
103900042,208,66,142
103900043,300,45,255
103900044,45,970,-925
103900045,313,134,179
103900047,209,27,182
103900048,13,121,-108
103900049,106,1311,-1205
103900050,25,306,-281
103900051,1,88,-87
103900052,208,595,-387
103900053,545,165,380
103900054,374,141,233
103900055,799,210,589
103900056,139,49,90
103900057,432,60,372
103900058,716,157,559
103900059,0,55,-55
103900060,123,105,18
103900061,366,23,343
103900062,1146,429,717
103900063,3,0,3
103900064,307,1,306
103900065,198,250,-52
103900066,231,96,135
103900067,305,10,295
103900068,1,0,1
103900069,131,3,128
103900070,207,89,118
103900071,20,56,-36
103900072,102,100,2
103900073,14,56,-42
103900074,224,12,212
103900075,584,56,528
103900076,1154,138,1016
103900077,27,242,-215
103900078,407,51,356
103900079,97,238,-141
103900080,4,21,-17
103900081,6,26,-20
103900082,145,79,66
103900083,2795,2963,-168
103900084,23,477,-454
103900085,81,143,-62
103900086,1984,385,1599
103900088,276,469,-193
103900089,30,315,-285
103900090,1,119,-118
103900091,606,146,460
103900092,958,1532,-574
103900093,115,711,-596
103900094,22,49,-27
103900095,276,603,-327
103900096,272,47,225
103900097,46,208,-162
103900098,546,173,373
103900099,605,53,552
103900100,465,77,388
103900101,199,1055,-856
103900102,1,17,-16
103900104,0,15,-15
103900105,28,74,-46
103900106,0,234,-234
103900107,262,36,226
103900108,21,107,-86
103900109,318,11,307
103900110,439,41,398
103900111,346,141,205
103900112,25,107,-82
103900113,151,266,-115
103900114,1430,315,1115
103900115,122,250,-128
103900116,1884,3558,-1674
103900117,27,46,-19
103900119,7,190,-183
103900120,171,34,137
103900122,564,102,462
103900123,508,1302,-794
103900124,41,259,-218
103900125,176,59,117
103900126,797,104,693
103900127,81,146,-65
103900128,173,40,133
103900131,50,80,-30
103900133,935,28,907
103900134,0,40,-40
103900135,4,6,-2
103900137,0,6,-6
103900138,483,12,471
103900139,142,4699,-4557
103900140,4,616,-612
103900141,191,29,162
103900142,432,41,391
103900143,369,1,368
103900144,0,32,-32
103900145,139,319,-180
103900146,239,96,143
103900147,596,117,479
103900148,425,89,336
103900149,362,160,202
103900150,4229,7323,-3094
103900151,8,171,-163
103900152,1813,270,1543
103900153,15,10,5
103900154,311,3653,-3342
103900155,38,108,-70
103900156,56,53,3
103900157,268,50,218
103900158,397,44,353
103900159,480,16,464
103900160,65,24,41
103900161,30,161,-131
103900162,58,39,19
103900163,21,375,-354
103900167,2,118,-116
103900168,100,161,-61
103900169,9,58,-49
103900170,1,70,-69
103900171,10,32,-22
103900172,0,9,-9
103900173,20,68,-48
103900174,563,34,529
103900175,46,194,-148
103900176,22,29,-7
103900177,23,14,9
103900178,86,6,80
103900179,108,10,98
103900180,3,51,-48
103900181,5,172,-167
103900182,3,53,-50
103900184,342,63,279
103900185,70,1093,-1023
103900187,21,229,-208
103900188,236,140,96
103900189,152,7,145
103900190,213,29,184
103900191,38,56,-18
103900192,3,91,-88
103900193,39,132,-93
103900194,58,143,-85
103900195,2,177,-175
103900196,103,30,73
103900197,11,6,5
103900198,6,26,-20
103900199,153,85,68
103900200,270,83,187
103900201,71,83,-12
103900202,1,14,-13
103900203,45,61,-16
103900204,0,35,-35
103900207,2,28,-26
103900208,147,2,145
103900209,2,50,-48
103900210,13,43,-30
103900211,1304,204,1100
103900212,285,98,187
103900213,11,676,-665
103900214,275,957,-682
103900215,226,809,-583
103900216,18,141,-123
103900217,488,159,329
103900218,1,405,-404
103900219,380,175,205
103900233,382,40,342
103900235,19,411,-392
103900236,16,7,9
103900242,2,0,2
103900243,1,3,-2
103900244,151,202,-51
103900245,233,135,98
103900246,34,54,-20
103900247,54,73,-19
103900248,2,63,-61
103900249,6,70,-64
103900250,237,118,119
103900251,4,126,-122
103900253,14,189,-175
103900254,0,82,-82
103900255,4,68,-64
103900256,40,68,-28
103900257,472,537,-65
103900258,64,27,37
103900259,38,123,-85
103900261,101,1,100
103900262,66,6,60
103900263,12,162,-150
103900264,20,3,17
103900265,11,0,11
103900266,1,57,-56
103900267,0,49,-49
103900268,46,45,1
103900269,258,15,243
103900270,84,68,16
103900271,76,84,-8
103900272,114,14,100
103900273,264,2,262
103900274,428,10,418
103900275,286,12,274
103900276,8,13,-5
103900277,7,38,-31
103900278,0,17,-17
103900279,12,112,-100
103900280,0,14,-14
104000001,4790,3282,1508
104000002,2496,2745,-249
104000003,3786,2455,1331
104000004,3590,2728,862
104000005,3978,2763,1215
104000006,4439,2704,1735
104000007,5197,3928,1269
104000008,253,336,-83
104000009,270,294,-24
104000010,198,897,-699
104000011,417,207,210
104000012,249,260,-11
104000013,371,767,-396
104000014,289,298,-9
104000015,780,301,479
104000016,388,239,149
104000018,1086,439,647
104000019,695,571,124
104000020,106,283,-177
104000021,637,330,307
104000022,527,486,41
104000023,1535,769,766
104000024,373,458,-85
104000026,128,194,-66
104000027,410,330,80
104000028,621,620,1
104000029,650,408,242
104000030,520,653,-133
104000031,1718,395,1323
104000032,202,128,74
104000033,1292,656,636
104000034,264,131,133
104000035,1495,431,1064
104000036,1822,493,1329
104000037,218,111,107
104000038,449,525,-76
104000039,346,114,232
104000040,155,868,-713
104000041,841,605,236
104000042,242,236,6
104000043,248,227,21
104000044,450,373,77
104000045,959,613,346
104000046,731,942,-211
104000047,1008,918,90
104000048,1093,917,176
104000049,1297,511,786
104000050,149,1079,-930
104000051,381,876,-495
104000052,3267,2970,297
104000053,2083,467,1616
104000054,1133,228,905
104000055,3416,2818,598
104000056,615,175,440
104000057,438,224,214
104000058,1818,1118,700
104000059,1294,1122,172
104000060,1401,1889,-488
104000061,1460,779,681
104000062,385,201,184
104000064,1163,361,802
104000065,104,785,-681
104000069,579,2703,-2124
104000070,79,935,-856
104000071,346,274,72
104000072,796,164,632
104000075,161,351,-190
104000076,891,76,815
104000082,2641,6419,-3778
104000083,821,292,529
104000084,183,351,-168
104000085,805,477,328
104000086,353,441,-88
104000087,414,2111,-1697
104000090,1695,824,871
104000092,2411,1198,1213
104000094,1113,769,344
104000095,5069,1967,3102
104000096,4319,186,4133
104000097,4040,640,3400
104000098,5519,577,4942
104000100,3227,967,2260
104000101,2793,1923,870
104000106,48,682,-634
104000107,801,189,612
104000108,333,219,114
104000109,470,233,237
104000110,732,1469,-737
104000111,2854,6072,-3218
104000112,679,415,264
104000116,2,719,-717
104000117,442,332,110
104000118,2485,143,2342
104000119,1384,249,1135
104000120,302,305,-3
104000121,347,504,-157
104000122,1048,679,369
104000123,1246,805,441
104000124,390,1155,-765
104000125,2746,7406,-4660
104000126,655,655,0
104000127,1673,1547,126
104000128,848,169,679
104000129,652,8,644
104000130,1,334,-333
104000131,404,573,-169
104000132,474,864,-390
104000133,1929,735,1194
104000134,1440,1491,-51
104000135,822,1454,-632
104000136,920,3234,-2314
104000137,3099,506,2593
104000138,2103,344,1759
104000139,2718,2678,40
104000141,1137,533,604
104000142,1177,349,828
104000143,1403,392,1011
104000144,212,417,-205
104000145,465,266,199
104000146,188,559,-371
104000147,187,384,-197
104000148,459,235,224
104000149,337,76,261
104000150,1048,674,374
104000151,375,162,213
104000152,899,236,663
104000153,924,828,96
104000154,765,241,524
104000155,518,1128,-610
104000157,2413,923,1490
104000158,143,676,-533
104000159,1157,961,196
104000160,2239,3411,-1172
104000161,272,153,119
104000162,180,123,57
104000165,1293,796,497
104000167,889,2288,-1399
104000168,1190,11,1179
104000169,237,103,134
104000170,277,311,-34
104000248,661,905,-244
104000251,88,189,-101
104000272,0,0,0
104000273,0,0,0
104000274,0,0,0
104000275,0,0,0
104000279,607,546,61
104000290,74,493,-419
104000291,636,2232,-1596
104000293,2342,1798,544
104000294,174,2,172
104000295,1143,1055,88
104000296,877,813,64
104000297,1594,2222,-628
104000298,1962,1036,926
104000299,1773,1023,750
104900001,88,293,-205
104900002,77,431,-354
104900003,148,113,35
104900004,78,83,-5
104900005,746,303,443
104900006,1142,99,1043
104900007,1057,83,974
104900009,127,123,4
104900010,168,38,130
104900011,5,11,-6
104900012,185,16,169
104900013,73,2,71
104900014,1526,449,1077
104900015,140,2,138
104900016,259,183,76
104900017,86,146,-60
104900018,2,119,-117
104900019,216,7663,-7447
104900020,56,339,-283
104900021,10,13,-3
104900022,17,609,-592
104900023,1,6,-5
104900024,32,509,-477
104900025,71,141,-70
104900026,0,17,-17
104900027,742,497,245
104900028,47,240,-193
104900029,25,13,12
104900030,796,206,590
104900031,48,297,-249
104900032,127,54,73
104900033,346,239,107
104900034,387,223,164
104900035,506,371,135
104900036,626,52,574
104900037,226,140,86
104900038,156,2288,-2132
104900039,289,425,-136
104900040,754,54,700
104900041,599,160,439
104900042,200,272,-72
104900043,51,536,-485
104900044,1317,156,1161
104900045,354,58,296
104900046,714,155,559
104900047,629,102,527
104900048,734,63,671
104900049,112,31,81
104900050,742,86,656
104900051,574,65,509
104900052,223,0,223
104900053,765,96,669
104900054,377,52,325
104900055,370,4,366
104900056,410,17,393
104900057,99,4,95
104900058,543,434,109
104900059,242,124,118
104900060,0,358,-358
104900061,121,148,-27
104900063,2,537,-535
104900064,0,139,-139
104900065,2,485,-483
104900066,0,35,-35
104900067,1,326,-325
104900068,202,168,34
104900070,160,217,-57
104900071,0,564,-564
104900072,87,148,-61
104900073,100,68,32
104900074,111,127,-16
104900075,49,31,18
104900076,116,148,-32
104900077,329,157,172
104900078,201,151,50
104900079,223,1865,-1642
104900080,169,170,-1
104900082,1,327,-326
104900085,8,162,-154
104900087,528,3,525
104900089,542,1,541
104900090,1727,837,890
104900091,560,446,114
104900093,136,244,-108
104900097,1516,5020,-3504
104900098,482,40,442
104900099,128,1235,-1107
104900100,400,127,273
104900102,59,86,-27
104900103,223,72,151
104900104,1808,1706,102
104900106,707,86,621
104900107,117,211,-94
104900108,26,138,-112
104900109,217,256,-39
104900110,46,47,-1
104900111,737,56,681
104900112,631,351,280
104900113,1230,248,982
104900114,890,336,554
104900115,1563,135,1428
104900116,1100,98,1002
104900118,11,72,-61
104900119,2,46,-44
104900120,13,1496,-1483
104900121,0,10,-10
104900122,0,6,-6
104900123,189,15,174
104900124,195,0,195
104900125,437,2,435
104900126,11,22,-11
104900127,33,18,15
104900128,144,135,9
104900129,1056,3925,-2869
105000001,5297,1483,3814
105000002,3534,3206,328
105000003,3671,7150,-3479
105000004,1721,1515,206
105000005,2388,2475,-87
105000006,1459,3703,-2244
105000007,2413,4399,-1986
105000008,1155,5724,-4569
105000009,3963,5217,-1254
105000010,3471,1458,2013
105000011,4277,4976,-699
105000012,2628,1936,692
105000013,1675,2286,-611
105000014,5686,5218,468
105000015,10138,19813,-9675
105000016,1089,839,250
105000017,2300,1207,1093
105000018,731,2869,-2138
105000019,1520,1753,-233
105000020,136,887,-751
105000021,456,368,88
105000022,119,234,-115
105000023,1545,248,1297
105000028,40,103,-63
105000029,969,1892,-923
105000030,4231,2307,1924
105000033,1633,1132,501
105000034,185,1722,-1537
105000037,779,321,458
105000038,1154,1914,-760
105000039,919,815,104
105000040,806,1347,-541
105000041,205,559,-354
105000042,1694,1356,338
105000043,785,723,62
105000044,821,360,461
105000045,261,283,-22
105000046,1459,393,1066
105000047,680,371,309
105000048,1645,441,1204
105000049,254,445,-191
105000050,1202,674,528
105000051,187,353,-166
105000052,935,1230,-295
105000053,231,230,1
105000054,462,1009,-547
105000055,963,182,781
105000056,2601,2103,498
105000057,2338,414,1924
105000058,1815,960,855
105000059,1674,1157,517
105000060,678,516,162
105000061,2627,1111,1516
105000062,759,633,126
105000063,408,648,-240
105000064,3911,1344,2567
105000065,566,738,-172
105000066,1129,2180,-1051
105000067,2409,2080,329
105000068,476,1358,-882
105000069,1961,4498,-2537
105000070,901,1927,-1026
105000071,273,3343,-3070
105000072,2250,10613,-8363
105000073,1814,1583,231
105000074,641,779,-138
105000075,992,1034,-42
105000076,1721,1542,179
105000077,3713,1221,2492
105000078,884,1775,-891
105000079,1120,3163,-2043
105000080,2600,3139,-539
105000081,1336,1749,-413
105000082,974,2522,-1548
105000083,2259,3151,-892
105000084,817,931,-114
105000085,2985,2840,145
105000086,1159,1217,-58
105000087,3846,3257,589
105000088,2831,4268,-1437
105000089,2097,1474,623
105000090,664,466,198
105000091,661,901,-240
105000092,633,1259,-626
105000093,423,601,-178
105000094,331,240,91
105000095,402,1322,-920
105000096,1991,3606,-1615
105000097,415,760,-345
105000098,1887,2570,-683
105000099,677,1416,-739
105000100,2661,1248,1413
105000101,4410,1453,2957
105000102,2340,1418,922
105000103,1727,1957,-230
105000104,3307,1160,2147
105000105,1974,1797,177
105000106,2744,1299,1445
105000107,2566,700,1866
105000108,2184,1203,981
105000109,4268,1253,3015
105000110,1323,620,703
105000111,2318,643,1675
105000112,1370,838,532
105000113,890,1264,-374
105000114,2159,2304,-145
105000115,506,3061,-2555
105000116,1787,1112,675
105000117,1122,709,413
105000118,1598,551,1047
105000119,773,535,238
105000120,2322,678,1644
105000121,1448,592,856
105000122,585,747,-162
105000123,666,663,3
105000124,3264,953,2311
105000125,1479,1482,-3
105000126,2925,2149,776
105000127,4259,2151,2108
105000128,1051,2273,-1222
105000129,2093,362,1731
105000130,268,4515,-4247
105000131,426,196,230
105000132,1950,982,968
105000133,602,841,-239
105000134,1870,632,1238
105000135,404,554,-150
105000136,176,160,16
105000137,912,252,660
105000138,234,125,109
105000139,1086,395,691
105000140,667,362,305
105000141,689,304,385
105000142,455,543,-88
105000143,212,610,-398
105000144,429,865,-436
105000145,1104,377,727
105000146,506,893,-387
105000147,878,727,151
105000148,1082,1544,-462
105000149,3720,2701,1019
105000150,1410,842,568
105000151,1239,557,682
105000152,284,802,-518
105000153,1649,741,908
105000154,742,816,-74
105000155,1051,741,310
105000156,278,1028,-750
105000157,928,1498,-570
105000158,3960,1034,2926
105000159,473,848,-375
105000160,4888,1062,3826
105000161,1098,981,117
105000162,1010,4513,-3503
105000163,1370,1364,6
105000164,143,703,-560
105000165,1834,15961,-14127
105000166,6429,2229,4200
105000167,1617,4764,-3147
105000168,323,635,-312
105000169,1831,187,1644
105000170,483,1334,-851
105000171,1715,181,1534
105000172,572,39,533
105000173,763,52,711
105000174,169,59,110
105000175,193,56,137
105000176,749,96,653
105000177,652,497,155
105000178,461,224,237
105000179,1398,73,1325
105000180,508,116,392
105000181,332,167,165
105000182,125,71,54
105000183,2766,3476,-710
105000184,367,1020,-653
105000185,741,1254,-513
105000186,555,672,-117
105000187,820,399,421
105000188,102,508,-406
105000189,88,694,-606
105000190,251,561,-310
105000191,470,534,-64
105000192,589,121,468
105000193,120,287,-167
105000194,1040,67,973
105000195,609,813,-204
105000196,85,340,-255
105000197,167,466,-299
105000198,415,159,256
105000199,80,596,-516
105000200,135,620,-485
105000201,140,66,74
105000203,59,104,-45
105000204,57,73,-16
105000205,115,102,13
105000207,294,81,213
105000208,164,360,-196
105000209,314,159,155
105000212,1659,574,1085
105000213,59,128,-69
105000214,97,156,-59
105000215,249,149,100
105000216,433,90,343
105000217,348,151,197
105000218,2907,1453,1454
105000221,186,524,-338
105000222,684,222,462
105000223,847,197,650
105000226,327,120,207
105000227,89,150,-61
105000228,78,1780,-1702
105000229,287,1423,-1136
105000231,418,269,149
105000233,1472,965,507
105000234,467,636,-169
105000235,694,1164,-470
105000237,2327,227,2100
105000243,135,42,93
105000248,54,172,-118
105000262,935,369,566
105000269,219,142,77
105000270,872,59,813
105000271,0,204,-204
105000282,80,106,-26
105000287,235,115,120
105000288,1234,561,673
105000289,652,1886,-1234
105000290,35,9,26
105000402,1796,6026,-4230
105000426,325,523,-198
105000438,697,1211,-514
105000446,7442,3243,4199
105000447,1623,1090,533
105000454,1282,174,1108
105000455,162,139,23
105000474,295,1,294
105000477,1510,749,761
105000478,3261,7692,-4431
105000479,84,304,-220
105000480,5018,9743,-4725
105000481,6663,7281,-618
105000482,2357,2964,-607
105000483,3491,5570,-2079
105000484,1791,2063,-272
105000485,1530,4634,-3104
105000486,2021,2520,-499
105000488,3205,1712,1493
105000489,2577,1709,868
105000549,130,351,-221
105000550,356,1015,-659
105000551,26,131,-105
105000552,3003,1359,1644
105000555,958,2681,-1723
105000556,30,14,16
105000557,6,23,-17
105900001,10,2913,-2903
105900002,695,2171,-1476
105900003,37,267,-230
105900004,242,78,164
105900005,6,330,-324
105900006,6,57,-51
105900007,46,9,37
105900008,338,206,132
105900009,79,6,73
105900011,156,49,107
105900012,444,57,387
105900013,3,23,-20
105900014,0,56,-56
105900015,88,250,-162
105900016,833,147,686
105900017,2302,14,2288
105900018,97,138,-41
105900019,150,150,0
105900020,74,109,-35
105900021,47,243,-196
105900022,250,212,38
105900023,7,107,-100
105900024,2,263,-261
105900025,475,2,473
105900026,227,16,211
105900027,13788,4040,9748
105900028,97,262,-165
105900029,2350,361,1989
105900030,280,442,-162
105900031,507,178,329
105900032,208,111,97
105900033,196,138,58
105900034,743,243,500
105900035,585,296,289
105900036,169,80,89
105900037,203,67,136
105900038,133,255,-122
105900039,284,51,233
105900040,192,133,59
105900041,115,148,-33
105900042,208,429,-221
105900043,1223,58,1165
105900044,16,688,-672
105900045,3,2099,-2096
105900046,11,291,-280
105900047,26,121,-95
105900048,194,525,-331
105900050,1151,7720,-6569
105900051,36,1377,-1341
105900052,1360,126,1234
105900053,2289,4894,-2605
105900054,196,197,-1
105900056,319,764,-445
105900057,2,72,-70
105900058,44,24,20
105900059,1,200,-199
106000001,2598,3658,-1060
106000002,1162,3274,-2112
106000003,5212,6804,-1592
106000004,2114,2399,-285
106000005,5624,5683,-59
106000006,5175,1848,3327
106000007,720,540,180
106000008,461,313,148
106000009,510,314,196
106000010,290,435,-145
106000011,2727,1285,1442
106000012,1181,1082,99
106000013,2900,2078,822
106000014,1563,1228,335
106000015,3569,1507,2062
106000016,1549,1541,8
106000017,950,1412,-462
106000018,703,661,42
106000019,597,614,-17
106000020,492,484,8
106000021,559,758,-199
106000022,420,266,154
106000023,1158,719,439
106000024,595,662,-67
106000025,228,361,-133
106000026,149,233,-84
106000027,2498,2408,90
106000028,1112,306,806
106000029,995,835,160
106000030,334,757,-423
106000034,158,480,-322
106000035,1113,2670,-1557
106000036,172,436,-264
106000037,1738,1488,250
106000038,68,210,-142
106000039,37,219,-182
106000040,122,1148,-1026
106000041,1028,539,489
106000043,512,312,200
106000046,642,109,533
106000047,58,517,-459
106000049,1942,263,1679
106000050,376,794,-418
106000051,1355,733,622
106000052,343,432,-89
106000053,706,200,506
106000054,343,427,-84
106000055,1375,1005,370
106000056,451,327,124
106000057,878,517,361
106000058,194,169,25
106000059,707,448,259
106000060,668,373,295
106000061,317,1079,-762
106000062,226,425,-199
106000063,1569,1273,296
106000064,22,465,-443
106000065,715,256,459
106000066,146,456,-310
106000067,949,202,747
106000068,140,839,-699
106000069,666,205,461
106000070,547,783,-236
106000071,1199,352,847
106000072,4165,1635,2530
106000073,2244,8415,-6171
106000074,1205,962,243
106000075,581,1475,-894
106000076,1884,1838,46
106000077,1952,1018,934
106000078,2086,829,1257
106000079,1317,1013,304
106000080,1975,696,1279
106000081,1203,1105,98
106000082,2127,782,1345
106000083,568,1243,-675
106000084,1088,493,595
106000085,2054,1342,712
106000086,693,848,-155
106000087,1051,417,634
106000088,758,766,-8
106000089,1670,282,1388
106000090,533,714,-181
106000091,239,527,-288
106000092,2316,529,1787
106000093,899,186,713
106000094,52,286,-234
106000095,1699,1280,419
106000096,2007,745,1262
106000097,1896,1267,629
106000098,1910,819,1091
106000099,231,537,-306
106000100,2231,269,1962
106000101,1662,335,1327
106000102,134,544,-410
106000103,381,678,-297
106000104,1742,430,1312
106000105,672,704,-32
106000106,1307,332,975
106000107,149,240,-91
106000108,897,181,716
106000109,364,151,213
106000110,835,178,657
106000111,164,199,-35
106000112,446,1379,-933
106000113,803,457,346
106000114,968,1754,-786
106000115,507,388,119
106000116,674,222,452
106000117,1077,513,564
106000118,2018,1608,410
106000119,1066,537,529
106000120,1454,2411,-957
106000121,676,312,364
106000122,448,124,324
106000123,1455,211,1244
106000124,382,137,245
106000125,120,228,-108
106000126,757,61,696
106000127,2779,720,2059
106000128,2143,240,1903
106000129,1349,563,786
106000130,1772,448,1324
106000131,202,1219,-1017
106000132,1389,353,1036
106000133,2921,3054,-133
106000134,513,5555,-5042
106000135,227,984,-757
106000136,1274,2570,-1296
106000137,138,1290,-1152
106000138,4446,165,4281
106000139,218,124,94
106000140,92,112,-20
106000141,185,65,120
106000142,203,113,90
106000143,53,46,7
106000144,152,170,-18
106000145,890,115,775
106000146,745,253,492
106000147,633,539,94
106000148,602,580,22
106000149,1214,426,788
106000150,1344,3251,-1907
106000151,4173,646,3527
106000152,1095,3608,-2513
106000153,145,2441,-2296
106000154,1388,141,1247
106000155,353,444,-91
106000156,2423,226,2197
106000157,922,2235,-1313
106000158,1576,822,754
106000159,4257,3832,425
106000160,956,6485,-5529
106000161,1349,214,1135
106000162,456,2092,-1636
106000163,485,243,242
106000164,1096,303,793
106000165,393,627,-234
106000166,1929,413,1516
106000167,534,1472,-938
106000168,1440,418,1022
106000169,362,431,-69
106000170,1614,192,1422
106000171,265,1112,-847
106000172,3175,1922,1253
106000173,843,4181,-3338
106000174,2131,493,1638
106000175,259,652,-393
106000176,3756,1044,2712
106000177,1160,1868,-708
106000178,3819,1546,2273
106000179,751,1760,-1009
106000180,978,662,316
106000181,2349,1294,1055
106000182,2875,545,2330
106000183,3112,344,2768
106000184,1988,743,1245
106000185,2421,2052,369
106000186,418,33,385
106000187,73,2121,-2048
106000188,2,1,1
106000189,11,55,-44
106000190,55,0,55
106000191,874,187,687
106000192,0,16,-16
106000193,398,299,99
106000194,124,426,-302
106000195,163,122,41
106000196,24,289,-265
106000197,1012,134,878
106000198,215,107,108
106000199,720,1587,-867
106000200,519,230,289
106000201,410,8789,-8379
106000202,4453,961,3492
106000203,53,298,-245
106000204,136,2,134
106000205,26,100,-74
106000206,206,20,186
106000207,15,247,-232
106000208,2741,152,2589
106000209,3043,482,2561
106000210,447,676,-229
106000211,215,1166,-951
106000212,2129,647,1482
106000213,323,1153,-830
106000214,1820,540,1280
106000215,543,562,-19
106000216,1096,638,458
106000217,240,405,-165
106000218,405,316,89
106000219,260,300,-40
106000220,947,301,646
106000221,518,128,390
106000222,219,131,88
106000223,700,146,554
106000224,412,139,273
106000225,186,163,23
106000226,159,242,-83
106000228,102,180,-78
106000229,305,597,-292
106000231,2029,134,1895
106000232,138,373,-235
106000233,839,210,629
106000234,87,386,-299
106000235,318,223,95
106000236,87,148,-61
106000237,5,41,-36
106000238,17,46,-29
106000239,0,206,-206
106000240,42,0,42
106000241,4,810,-806
106000242,474,30,444
106000249,169,110,59
106000250,68,1139,-1071
106000251,158,7,151
106000252,42,46,-4
106000253,86,98,-12
106000254,194,16,178
106000255,60,190,-130
106000256,185,18,167
106000257,199,179,20
106000258,109,58,51
106000259,37,141,-104
106000260,91,0,91
106000261,2,86,-84
106000262,135,16,119
106000263,43,54,-11
106000264,271,27,244
106000265,101,132,-31
106000266,195,75,120
106000267,7,162,-155
106000268,315,87,228
106000269,26,50,-24
106000270,125,247,-122
106000271,100,100,0
106000272,119,41,78
106000273,27,281,-254
106000274,149,16,133
106000275,251,235,16
106000276,34,33,1
106000277,151,189,-38
106000278,93,22,71
106000279,37,5,32
106000280,139,31,108
106000281,161,30,131
106000282,61,60,1
106000283,217,58,159
106000284,250,57,193
106000285,158,125,33
106000286,252,90,162
106000287,51,114,-63
106000288,216,108,108
106000289,195,84,111
106000290,136,68,68
106000291,143,119,24
106000292,326,90,236
106000293,118,67,51
106000294,116,78,38
106000295,34,81,-47
106000296,53,73,-20
106000297,41,270,-229
106000298,124,193,-69
106000299,59,47,12
106000300,84,107,-23
106000301,83,160,-77
106000303,47,59,-12
106000304,84,13,71
106000305,98,53,45
106000306,33,54,-21
106000307,155,11,144
106000308,59,56,3
106000309,44,35,9
106000310,473,474,-1
106000311,697,164,533
106000312,181,231,-50
106000313,669,136,533
106000318,126,394,-268
106000319,2578,513,2065
106000320,0,81,-81
106000321,410,155,255
106000322,520,42,478
106000324,80,108,-28
106000325,2882,1007,1875
106000326,1017,1450,-433
106000327,521,83,438
106000328,11,93,-82
106000329,68,215,-147
106000330,23,83,-60
106000428,110,497,-387
106000429,138,338,-200
106000430,422,1386,-964
106000431,3394,686,2708
106000432,1163,2949,-1786
106000433,3249,1858,1391
106000434,4965,1397,3568
106000435,1313,2261,-948
106000436,10,164,-154
106000437,808,90,718
106000438,287,515,-228
106000439,64,1598,-1534
106000440,295,485,-190
106000441,9,0,9
106000442,665,8,657
106000443,555,168,387
106000450,0,105,-105
106000451,34,228,-194
106000454,2,245,-243
106000455,2,176,-174
106000456,253,56,197
106000457,54,493,-439
106000458,1765,121,1644
106000459,554,96,458
106000460,2416,69,2347
106000461,409,277,132
106000462,0,75,-75
106000463,1,17,-16
106000464,4,288,-284
106000465,1401,4,1397
106000466,0,281,-281
106000467,174,328,-154
106000468,201,169,32
106000469,210,0,210
106000470,149,3592,-3443
106000471,8,243,-235
106000472,323,12,311
106000473,93,3,90
106000474,521,776,-255
106000475,721,254,467
106000476,325,404,-79
106000477,77,81,-4
106000480,0,1026,-1026
106900001,0,3,-3
106900002,1,182,-181
106900003,101,1167,-1066
106900004,0,27,-27
106900006,0,26,-26
106900007,0,7,-7
106900008,1451,86,1365
106900009,940,142,798
106900010,670,352,318
106900012,1564,5059,-3495
106900013,1141,390,751
106900014,181,2,179
106900015,63,1,62
106900016,708,20,688
106900017,26,1,25
106900018,23,1,22
106900019,331,0,331
106900020,1749,4702,-2953
106900021,255,201,54
106900022,2381,4,2377
106900023,60,164,-104
106900024,1018,67,951
106900025,13,428,-415
106900026,2,154,-152
106900027,1507,0,1507
107000001,4023,5615,-1592
107000002,1560,1624,-64
107000003,12024,8922,3102
107000004,3709,1752,1957
107000005,12272,8131,4141
107000006,3761,1468,2293
107000007,8006,9797,-1791
107000008,3864,2705,1159
107000009,12288,8495,3793
107000010,5424,3252,2172
107000011,649,1131,-482
107000012,2665,2304,361
107000013,159,35,124
107000014,242,104,138
107000015,625,351,274
107000016,1391,455,936
107000017,574,2549,-1975
107000018,3,2360,-2357
107000020,643,1852,-1209
107000021,879,442,437
107000022,1155,1933,-778
107000023,2219,231,1988
107000024,476,1981,-1505
107000025,567,269,298
107000026,354,490,-136
107000027,2518,748,1770
107000028,1340,634,706
107000029,5934,3416,2518
107000030,2424,1582,842
107000031,7985,3169,4816
107000032,318,657,-339
107000033,2763,4427,-1664
107000034,4665,1260,3405
107000035,693,327,366
107000036,437,1872,-1435
107000037,137,890,-753
107000038,485,181,304
107000039,1399,1289,110
107000040,446,184,262
107000041,1305,904,401
107000042,408,2881,-2473
107000043,1642,1122,520
107000044,399,490,-91
107000045,63,483,-420
107000046,903,563,340
107000047,847,992,-145
107000048,983,596,387
107000049,492,941,-449
107000050,976,694,282
107000051,313,402,-89
107000052,1509,2780,-1271
107000053,472,831,-359
107000054,68,211,-143
107000055,676,267,409
107000056,466,412,54
107000057,1384,141,1243
107000058,2320,4288,-1968
107000059,2865,2746,119
107000060,7638,8164,-526
107000061,4479,2847,1632
107000062,8842,4850,3992
107000063,4724,3480,1244
107000064,7563,5494,2069
107000065,3076,5708,-2632
107000066,2154,3704,-1550
107000067,1998,1968,30
107000068,731,1611,-880
107000069,1493,1064,429
107000070,1257,3,1254
107000071,5906,39,5867
107000072,14,1163,-1149
107000073,1739,1028,711
107000074,111,529,-418
107000075,2768,318,2450
107000076,212,665,-453
107000077,4209,817,3392
107000078,673,1427,-754
107000079,3982,1011,2971
107000080,406,1562,-1156
107000081,4114,874,3240
107000082,881,639,242
107000083,1813,1080,733
107000084,223,840,-617
107000085,4164,3850,314
107000086,2990,2142,848
107000087,5036,4043,993
107000088,3351,4417,-1066
107000089,3251,4243,-992
107000090,1919,1089,830
107000091,2578,1902,676
107000092,1311,875,436
107000093,1819,1761,58
107000094,1254,1172,82
107000095,1939,877,1062
107000096,972,527,445
107000097,2043,493,1550
107000098,700,463,237
107000099,639,782,-143
107000100,319,344,-25
107000101,205,381,-176
107000102,327,386,-59
107000103,722,382,340
107000104,175,424,-249
107000105,1097,201,896
107000106,239,286,-47
107000107,1358,319,1039
107000108,200,562,-362
107000109,1735,424,1311
107000110,165,241,-76
107000111,1088,98,990
107000112,27,175,-148
107000113,1961,115,1846
107000114,61,364,-303
107000115,1562,1203,359
107000116,76,668,-592
107000117,187,5503,-5316
107000118,108,160,-52
107000119,1808,1735,73
107000120,926,1706,-780
107000121,1239,939,300
107000122,1090,689,401
107000123,858,637,221
107000124,998,312,686
107000125,1622,538,1084
107000126,2603,304,2299
107000129,299,417,-118
107000130,1262,306,956
107000131,354,412,-58
107000132,810,489,321
107000133,352,225,127
107000134,245,2,243
107000135,0,322,-322
107000136,658,3,655
107000137,2,492,-490
107000138,95,9,86
107000139,3,648,-645
107000140,2111,57,2054
107000141,94,878,-784
107000142,609,51,558
107000143,33,865,-832
107000144,941,781,160
107000145,109,431,-322
107000146,201,368,-167
107000147,4951,620,4331
107000150,539,6249,-5710
107000151,2,65,-63
107000152,1268,3630,-2362
107000153,149,199,-50
107000154,18,198,-180
107000155,1460,6,1454
107000156,1493,5,1488
107000157,21,457,-436
107000158,1838,12,1826
107000159,14,398,-384
107000160,3021,211,2810
107000161,60,344,-284
107000162,527,1047,-520
107000163,271,2,269
107000164,1313,2,1311
107000165,2042,5,2037
107000166,19,278,-259
107000167,1281,314,967
107000168,1747,682,1065
107000169,422,332,90
107000170,5262,743,4519
107000171,616,809,-193
107000172,2134,2746,-612
107000173,475,423,52
107000174,1758,9508,-7750
107000175,3460,698,2762
107000176,0,1,-1
107000177,2,0,2
107000178,36,3,33
107000179,362,1078,-716
107000180,3077,164,2913
107000181,429,645,-216
107000182,3312,683,2629
107000183,352,562,-210
107000184,2106,682,1424
107000185,364,1067,-703
107000186,1372,738,634
107000187,1664,1482,182
107000188,761,340,421
107000189,1127,971,156
107000190,831,563,268
107000191,1452,1467,-15
107000192,2200,750,1450
107000193,432,808,-376
107000194,881,632,249
107000197,1163,366,797
107000198,393,550,-157
107000199,1397,915,482
107000200,1594,956,638
107000201,650,475,175
107000202,389,585,-196
107000203,487,1642,-1155
107000204,493,2066,-1573
107000205,842,750,92
107000206,283,1282,-999
107000207,462,1036,-574
107000208,441,534,-93
107000209,500,831,-331
107000210,127,158,-31
107000211,2,86,-84
107000212,6,140,-134
107000213,13,11,2
107000214,36,70,-34
107000215,823,111,712
107000216,720,305,415
107000217,229,83,146
107000219,95,309,-214
107000220,198,88,110
107000222,399,266,133
107000224,637,84,553
107000225,230,330,-100
107000226,679,80,599
107000227,238,183,55
107000228,336,826,-490
107000229,75,211,-136
107000230,2337,935,1402
107000231,517,1317,-800
107000232,191,39,152
107000233,291,676,-385
107000234,3,96,-93
107000235,47,59,-12
107000236,16,684,-668
107000237,110,0,110
107000238,56,9,47
107000239,2183,834,1349
107000240,192,428,-236
107000243,0,109,-109
107000244,4,59,-55
107000246,2,511,-509
107000249,3,580,-577
107000251,3,179,-176
107000252,1,312,-311
107000255,269,431,-162
107000257,0,615,-615
107000258,0,270,-270
107000259,2,279,-277
107000260,2990,10,2980
107000262,3,255,-252
107000263,649,9,640
107000266,16,36,-20
107000267,3,87,-84
107000268,285,62,223
107000269,100,25,75
107000270,323,52,271
107000271,8,0,8
107000272,172,2,170
107000273,2,212,-210
107000274,441,246,195
107000275,11,1279,-1268
107000280,1985,12,1973
107000281,14,350,-336
107000282,13,423,-410
107000290,6,58,-52
107000291,66,24,42
107000292,2,458,-456
107000293,5,10,-5
107000294,0,44,-44
107000295,41,15,26
107000296,0,28,-28
107000444,394,2,392
107000496,24,4,20
107000497,802,1256,-454
107000500,581,538,43
107000501,121,402,-281
107000502,364,1064,-700
107000505,529,1059,-530
107000506,0,18,-18
107000508,1,152,-151
107000509,136,780,-644
107000510,58,74,-16
107000514,21,648,-627
107000515,8,54,-46
107000516,871,547,324
107000518,2783,3848,-1065
107000519,1203,497,706
107000520,208,53,155
107000521,1537,216,1321
107000522,2351,450,1901
107900001,208,38,170
107900002,106,7,99
107900003,693,4,689
107900004,172,0,172
107900005,4064,12,4052
107900006,258,6,252
107900007,423,28,395
107900008,18,3,15
107900009,134,12,122
107900010,79,7,72
107900012,506,102,404
107900013,317,38,279
107900014,146,1,145
107900015,2762,8,2754
107900016,568,38,530
107900017,109,1,108
107900018,97,475,-378
107900019,29,26,3
107900020,35,38,-3
107900021,392,48,344
107900023,6,0,6
107900024,0,11,-11
107900025,372,50,322
107900026,141,20,121
107900027,2,105,-103
107900028,425,11,414
107900030,278,23,255
107900031,108,70,38
107900032,45,1,44
107900033,41,15,26
107900034,236,8,228
107900035,2615,120,2495
107900036,32,16,16
107900037,1,21,-20
107900038,50,391,-341
107900039,21,9,12
107900040,2,207,-205
107900041,0,4,-4
107900043,134,79,55
107900044,6,32,-26
107900045,108,64,44
107900046,634,471,163
107900047,57,8,49
107900048,424,42,382
107900049,393,1398,-1005
107900050,45,199,-154
107900051,42,17,25
107900052,10,109,-99
107900053,203,61,142
107900055,559,265,294
107900056,122,215,-93
107900057,5,0,5
107900058,20,392,-372
107900060,2,76,-74
107900061,0,11,-11
107900063,85,158,-73
107900064,198,781,-583
107900065,805,20,785
107900066,14,4,10
107900067,1,0,1
107900068,142,1084,-942
107900069,13,4392,-4379
107900070,121,194,-73
107900071,9,374,-365
107900072,336,73,263
107900073,99,160,-61
107900074,201,547,-346
107900076,227,38,189
107900077,217,1,216
107900079,67,25,42
107900080,96,1066,-970
107900081,46,55,-9
107900082,3,10,-7
107900083,730,164,566
107900084,257,191,66
107900086,17,274,-257
107900087,239,51,188
107900088,167,5,162
107900089,332,844,-512
107900090,290,1878,-1588
107900091,100,119,-19
107900092,1,1,0
107900093,45,33,12
107900095,995,1085,-90
107900097,54,103,-49
107900098,157,250,-93
107900100,366,1801,-1435
107900101,378,41,337
107900102,51,13,38
107900103,63,153,-90
107900104,295,0,295
107900105,1,70,-69
107900106,2,299,-297
107900107,761,314,447
107900108,223,28,195
107900109,2501,83,2418
107900110,86,12,74
107900111,0,271,-271
107900112,46,936,-890
107900113,268,41,227
107900114,305,51,254
107900115,0,17,-17
107900116,401,44,357
107900117,235,203,32
107900118,25,121,-96
107900119,79,282,-203
107900120,61,30,31
107900121,1,148,-147
107900122,0,198,-198
107900123,27,185,-158
107900124,4,74,-70
107900125,23,186,-163
107900126,43,34,9
107900127,372,204,168
107900128,39,67,-28
107900129,139,8,131
107900130,163,8,155
107900131,62,176,-114
107900132,5,207,-202
107900133,1,28,-27
107900134,20,75,-55
107900135,9,37,-28
107900136,10,5,5
107900137,45,106,-61
107900138,177,11,166
107900139,223,39,184
107900141,21,25,-4
107900142,10,476,-466
107900143,16,9,7
107900144,0,23,-23
107900145,9,47,-38
107900146,44,66,-22
107900147,28,11,17
107900148,239,102,137
107900149,611,53,558
107900150,2,264,-262
107900151,48,15,33
107900152,2,82,-80
107900153,39,244,-205
107900154,43,36,7
107900155,101,37,64
107900156,4,80,-76
107900157,38,53,-15
107900158,2135,67,2068
107900159,14,312,-298
107900160,153,36,117
107900161,256,52,204
107900162,0,61,-61
107900163,4,61,-57
107900164,30,32,-2
107900165,6,265,-259
107900166,54,46,8
107900167,5,72,-67
107900168,202,12,190
107900169,1,286,-285
107900171,3,411,-408
107900172,0,139,-139
107900173,67,49,18
107900174,197,2,195
107900175,1,106,-105
107900176,132,14,118
107900177,0,65,-65
107900178,0,18,-18
107900179,20,84,-64
107900180,305,1231,-926
107900181,229,218,11
107900182,1,318,-317
107900183,99,58,41
107900184,196,134,62
107900185,185,0,185
107900186,64,15,49
107900187,0,96,-96
107900188,362,77,285
107900189,33,95,-62
107900190,14,122,-108
107900191,52,254,-202
107900193,9,116,-107
107900194,218,7,211
107900195,817,137,680
107900196,193,31,162
107900197,174,336,-162
107900199,0,518,-518
107900201,216,143,73
107900203,26,33,-7
107900204,185,257,-72
107900206,175,779,-604
107900207,1,305,-304
107900208,3,260,-257
107900209,228,99,129
107900210,18,64,-46
107900213,330,406,-76
107900214,1,72,-71
107900215,238,560,-322
107900216,23,34,-11
107900217,62,44,18
107900218,6,951,-945
107900219,57,21,36
107900220,19,139,-120
107900221,84,242,-158
107900223,256,113,143
107900224,127,458,-331
107900225,12,272,-260
107900226,36,60,-24
107900227,39,378,-339
107900228,110,143,-33
107900229,2,47,-45
107900230,34,7,27
107900231,36,64,-28
107900232,368,58,310
107900233,22,28,-6
107900234,305,109,196
107900235,8,181,-173
107900236,858,159,699
107900237,12,337,-325
107900238,90,10,80
107900239,261,900,-639
107900240,136,21,115
107900241,2,14,-12
107900242,11,82,-71
107900243,3,25,-22
107900244,408,0,408
107900245,1313,33,1280
107900246,253,17,236
107900248,700,153,547
107900249,1386,193,1193
107900250,0,227,-227
107900251,13,713,-700
107900252,906,36,870
107900253,221,25,196
107900254,75,245,-170
107900255,80,25,55
107900256,353,800,-447
107900257,406,182,224
107900258,97,49,48
107900259,24,5381,-5357
107900261,0,194,-194
107900262,32,44,-12
107900264,497,32,465
107900265,193,96,97
107900267,643,20,623
107900268,10,1,9
107900269,0,4,-4
107900270,1,0,1
107900271,1,47,-46
107900272,39,18,21
107900273,94,78,16
107900274,123,0,123
107900275,99,0,99
107900276,2,10,-8
107900277,1,38,-37
107900278,687,50,637
107900279,22,60,-38
107900280,2593,1110,1483
107900281,1100,10692,-9592
107900282,26,1409,-1383
107900283,716,1213,-497
107900284,1015,419,596
107900285,156,38,118
107900286,15,34,-19
107900287,679,114,565
107900290,1,897,-896
107900291,675,16,659
107900292,342,115,227
107900293,100,208,-108
107900295,91,57,34
107900297,2,344,-342
107900298,587,699,-112
107900299,2586,3880,-1294
107900300,24,210,-186
107900301,1359,909,450
107900302,128,28,100
107900303,628,192,436
107900304,693,87,606
107900305,322,7,315
107900306,2,86,-84
107900307,9,268,-259
107900308,217,160,57
107900309,62,0,62
107900310,31,0,31
107900311,1,204,-203
107900312,63,1,62
107900313,1,154,-153
107900314,2,91,-89
107900315,0,18,-18
107900316,18,0,18
107900317,79,4,75
107900318,2,245,-243
107900319,4,24,-20
107900320,0,52,-52
107900321,286,7,279
107900322,1,39,-38
107900323,14,62,-48
107900324,201,0,201
107900325,280,0,280
107900326,1000,84,916
107900327,4,168,-164
107900328,13,0,13
107900329,33,427,-394
107900330,2,108,-106
107900331,831,41,790
107900332,628,5,623
107900333,86,22,64
107900334,22,37,-15
107900335,38,25,13
107900336,21,56,-35
107900337,389,1157,-768
107900338,1,186,-185
107900339,1,4,-3
107900340,0,113,-113
107900341,115,0,115
107900342,133,66,67
107900343,58,0,58
107900344,18,43,-25
107900345,100,27,73
107900346,16,0,16
107900347,22,1,21
107900348,1,13,-12
107900349,24,11,13
107900350,13,207,-194
107900351,12,37,-25
107900352,0,8,-8
107900353,52,7,45
107900354,6,21,-15
108000001,6699,5522,1177
108000002,1817,1562,255
108000003,3847,4137,-290
108000004,10455,10367,88
108000005,8879,7091,1788
108000006,3658,3890,-232
108000007,7563,7911,-348
108000008,3420,4391,-971
108000009,7799,7449,350
108000010,2386,4679,-2293
108000011,16675,12995,3680
108000012,9457,8658,799
108000014,711,1734,-1023
108000015,1295,280,1015
108000016,376,533,-157
108000017,1830,430,1400
108000018,2554,824,1730
108000019,933,675,258
108000020,1500,419,1081
108000021,310,1367,-1057
108000022,348,713,-365
108000023,2709,364,2345
108000024,648,226,422
108000025,567,166,401
108000026,1220,256,964
108000027,1326,220,1106
108000028,1319,242,1077
108000029,762,411,351
108000030,549,302,247
108000031,220,701,-481
108000032,3922,897,3025
108000033,562,689,-127
108000034,2700,583,2117
108000035,585,1485,-900
108000036,283,779,-496
108000037,3480,398,3082
108000038,5123,373,4750
108000039,323,1302,-979
108000040,3427,1273,2154
108000041,285,2078,-1793
108000042,763,88,675
108000043,336,188,148
108000044,935,102,833
108000045,336,143,193
108000046,2948,442,2506
108000047,318,520,-202
108000048,91,110,-19
108000049,1046,194,852
108000050,193,262,-69
108000051,573,370,203
108000052,130,374,-244
108000053,441,413,28
108000054,204,1038,-834
108000055,1521,771,750
108000056,675,1384,-709
108000057,894,1791,-897
108000058,2474,6534,-4060
108000059,1950,1353,597
108000060,313,1094,-781
108000061,211,329,-118
108000062,1819,765,1054
108000063,511,465,46
108000064,417,323,94
108000065,623,363,260
108000066,2581,1507,1074
108000067,3627,1029,2598
108000068,1381,729,652
108000069,285,668,-383
108000070,3247,1054,2193
108000071,604,1319,-715
108000072,1746,1016,730
108000073,983,1040,-57
108000074,1027,1019,8
108000075,479,436,43
108000076,1283,758,525
108000077,625,491,134
108000078,3253,877,2376
108000079,535,621,-86
108000080,2815,452,2363
108000081,827,631,196
108000082,635,1255,-620
108000083,3062,1064,1998
108000084,416,821,-405
108000085,1936,698,1238
108000086,413,454,-41
108000087,222,3262,-3040
108000088,1052,377,675
108000089,345,480,-135
108000090,401,237,164
108000091,151,582,-431
108000092,504,227,277
108000093,500,418,82
108000094,1588,198,1390
108000095,253,457,-204
108000096,802,269,533
108000097,239,504,-265
108000098,3465,1519,1946
108000099,973,297,676
108000100,148,594,-446
108000101,1709,1895,-186
108000102,1880,3796,-1916
108000106,1140,4,1136
108000107,1,882,-881
108000108,797,95,702
108000109,0,357,-357
108000110,884,396,488
108000111,356,1058,-702
108000112,114,261,-147
108000113,412,231,181
108000115,360,368,-8
108000117,363,481,-118
108000118,142,2008,-1866
108000119,816,269,547
108000120,365,1406,-1041
108000121,420,393,27
108000122,1310,628,682
108000123,994,229,765
108000124,542,319,223
108000125,1099,352,747
108000126,337,228,109
108000127,1110,202,908
108000128,1357,139,1218
108000129,411,254,157
108000130,888,280,608
108000131,924,210,714
108000132,388,761,-373
108000133,1697,408,1289
108000134,395,289,106
108000135,1505,966,539
108000136,363,297,66
108000137,715,186,529
108000138,606,631,-25
108000139,1025,253,772
108000140,886,16,870
108000141,114,17,97
108000142,72,58,14
108000143,73,109,-36
108000144,755,11,744
108000145,101,4,97
108000146,935,38,897
108000147,27,12,15
108000148,785,64,721
108000149,61,18,43
108000150,87,16,71
108000151,29,31,-2
108000152,236,211,25
108000153,1590,203,1387
108000154,65,1,64
108000155,113,48,65
108000156,534,287,247
108000157,465,3381,-2916
108000158,181,1745,-1564
108000159,226,240,-14
108000160,1927,2012,-85
108000161,1856,6484,-4628
108000165,4,591,-587
108000172,7,340,-333
108000173,505,3098,-2593
108000175,1349,139,1210
108000178,421,274,147
108000179,180,1372,-1192
108000181,97,18,79
108000182,166,36,130
108000183,24,104,-80
108000184,692,4796,-4104
108000185,490,234,256
108000186,527,236,291
108000187,192,220,-28
108000188,1215,88,1127
108000189,1018,12366,-11348
108000190,3,89,-86
108000192,402,118,284
108000193,263,19,244
108000194,19,31,-12
108000195,0,824,-824
108000196,285,191,94
108000198,915,81,834
108000199,1,437,-436
108000200,853,219,634
108000203,352,264,88
108000204,186,63,123
108000205,113,259,-146
108000339,1157,528,629
108000364,128,431,-303
108000365,55,263,-208
108000367,375,217,158
108000368,12,59,-47
108000369,501,86,415
108000371,1,313,-312
108000372,1032,2,1030
108000373,267,87,180
108000376,209,22,187
108000377,1424,105,1319
108000378,11097,18523,-7426
108000379,21,294,-273
108000381,220,10,210
108000382,131,0,131
108000383,0,393,-393
108900001,25,292,-267
108900002,321,39,282
108900003,71,628,-557
108900004,505,592,-87
108900005,32,225,-193
108900006,421,124,297
108900007,392,141,251
108900008,207,126,81
108900009,177,187,-10
108900010,589,152,437
108900011,1424,348,1076
108900012,653,330,323
108900013,144,419,-275
108900014,20,91,-71
108900015,0,186,-186
108900016,1,125,-124
108900017,251,592,-341
108900018,213,447,-234
108900019,33,329,-296
108900020,28,143,-115
108900021,156,123,33
108900022,143,36,107
108900023,12,96,-84
108900024,40,13,27
108900025,590,46,544
108900026,26,32,-6
108900027,0,32,-32
108900028,53,63,-10
108900029,113,255,-142
108900030,0,18,-18
108900031,189,123,66
108900032,0,79,-79
108900033,0,33,-33
108900034,0,40,-40
108900035,298,353,-55
108900036,123,119,4
108900037,16,60,-44
108900038,0,61,-61
108900039,0,40,-40
108900040,4,33,-29
108900041,5166,3214,1952
108900042,3,414,-411
108900043,21,688,-667
108900044,1,105,-104
108900045,50,57,-7
108900046,11,168,-157
108900047,1,134,-133
108900048,167,236,-69
108900049,1151,4847,-3696
108900050,1,44,-43
108900051,0,61,-61
108900052,39,39,0
108900053,162,1062,-900
108900054,35,74,-39
108900055,7,215,-208
108900056,0,23,-23
108900057,1,42,-41
108900058,109,73,36
108900059,2176,72,2104
108900060,60,167,-107
108900061,114,3,111
108900062,3,202,-199
108900063,22,70,-48
108900064,758,4,754
108900065,4,78,-74
108900066,692,253,439
108900067,1,198,-197
108900068,3,53,-50
108900069,195,15,180
108900070,34,28,6
108900071,206,53,153
108900072,1157,159,998
108900073,36,188,-152
108900074,771,63,708
108900075,13,12,1
108900076,641,21,620
108900077,47,300,-253
108900078,94,45,49
108900079,222,237,-15
108900080,8,1462,-1454
108900081,59,325,-266
108900082,136,39,97
108900083,22,393,-371
108900084,118,53,65
108900085,1584,108,1476
108900086,336,81,255
108900087,25,226,-201
108900088,633,435,198
108900089,19,135,-116
108900090,147,54,93
108900091,39,58,-19
108900092,544,349,195
108900093,95,47,48
108900094,463,212,251
108900095,60,220,-160
108900096,248,9,239
108900097,342,80,262
108900098,1344,1391,-47
108900099,536,229,307
108900100,46,82,-36
108900101,350,689,-339
108900102,7,2144,-2137
108900103,284,242,42
108900104,32,135,-103
108900105,11,3940,-3929
108900106,769,183,586
108900108,401,29,372
108900109,1234,101,1133
108900110,230,153,77
108900111,681,194,487
108900112,246,3,243
108900113,51,103,-52
108900114,337,23,314
108900115,227,259,-32
108900116,109,6,103
108900117,541,28,513
108900118,1406,25,1381
108900119,672,18,654
108900120,622,342,280
108900121,274,114,160
108900122,449,41,408
108900123,623,156,467
108900124,1859,149,1710
108900125,1355,6,1349
108900126,230,59,171
108900127,390,56,334
108900128,369,88,281
108900129,2312,193,2119
108900130,1371,2,1369
108900131,935,9,926
108900132,1122,83,1039
108900133,594,56,538
108900134,1260,176,1084
108900135,599,25,574
108900136,20,0,20
108900137,405,5,400
108900138,1937,118,1819
108900139,524,47,477
108900140,1219,32,1187
108900141,894,14,880
108900142,92,14,78
108900143,109,0,109
108900144,166,4,162
108900145,604,59,545
108900146,257,0,257
108900147,697,1,696
108900148,98,13,85
108900149,248,104,144
108900150,301,12,289
108900151,28,5,23
108900152,177,17,160
108900153,380,56,324
108900154,7908,319,7589
108900155,190,26,164
108900156,276,6,270
108900157,21,323,-302
108900158,986,31,955
108900159,144,55,89
108900160,9,53,-44
108900161,104,96,8
108900162,317,9,308
108900163,3,501,-498
108900164,123,63,60
108900165,58,11,47
108900167,509,8682,-8173
108900168,4093,2456,1637
108900169,45,90,-45
108900171,2645,4124,-1479
108900172,212,101,111
108900173,62,371,-309
108900174,1365,571,794
108900176,64,365,-301
108900177,3175,13815,-10640
108900178,2253,7597,-5344
108900179,101,1108,-1007
108900180,61,280,-219
108900182,36,282,-246
108900183,180,387,-207
108900184,378,119,259
108900185,54,580,-526
108900186,44,373,-329
108900187,498,24,474
108900188,651,35,616
108900189,548,73,475
108900190,87,1578,-1491
108900191,45,82,-37
108900192,120,202,-82
108900193,14,20,-6
108900194,3,89,-86
108900195,71,108,-37
108900196,31,239,-208
108900198,1,75,-74
108900199,168,350,-182
108900200,757,708,49
108900201,331,940,-609
108900203,551,99,452
108900204,565,36,529
108900205,379,23,356
108900206,830,99,731
108900207,350,554,-204
108900208,11,347,-336
108900209,97,455,-358
108900210,53,162,-109
108900211,242,799,-557
108900212,70,2698,-2628
108900215,30,285,-255
108900216,199,671,-472
108900217,99,0,99
108900218,43,34,9
108900219,16,0,16
108900220,37,13,24
108900221,38,27,11
108900222,156,5,151
108900223,0,16,-16
108900224,64,73,-9
108900225,0,150,-150
108900227,290,425,-135
108900230,57,186,-129
108900231,8,46,-38
108900232,0,118,-118
108900233,687,221,466
108900234,318,211,107
108900235,130,303,-173
108900236,16,350,-334
108900237,17,22,-5
108900240,121,135,-14
108900241,105,25,80
108900245,4,2726,-2722
108900249,58,5,53
108900250,452,71,381
108900257,150,92,58
108900258,5,147,-142
108900259,22,24,-2
108900260,6,17,-11
108900261,19,55,-36
108900262,110,238,-128
108900263,76,257,-181
108900264,193,388,-195
108900265,719,608,111
108900266,152,2524,-2372
108900267,4,614,-610
108900268,10,58,-48
108900269,279,103,176
108900270,422,15,407
108900271,108,17,91
108900272,814,32,782
108900273,306,1334,-1028
108900274,200,17,183
109000001,5326,4238,1088
109000002,981,4175,-3194
109000003,5263,701,4562
109000004,976,2356,-1380
109000005,3252,918,2334
109000006,1282,1945,-663
109000007,3475,1271,2204
109000008,1050,1497,-447
109000009,6045,1890,4155
109000010,1064,3226,-2162
109000011,7125,3206,3919
109000012,1877,3341,-1464
109000013,7978,7115,863
109000014,2305,2378,-73
109000015,4623,18600,-13977
109000016,5218,2227,2991
109000017,4927,1938,2989
109000018,1954,2182,-228
109000019,4299,2083,2216
109000020,1637,2628,-991
109000023,372,18,354
109000024,7,142,-135
109000025,231,908,-677
109000026,985,230,755
109000027,139,446,-307
109000028,156,83,73
109000029,66,690,-624
109000030,18,423,-405
109000031,629,118,511
109000032,128,586,-458
109000033,603,262,341
109000034,96,77,19
109000035,13,49,-36
109000036,71,283,-212
109000037,480,4057,-3577
109000038,286,287,-1
109000039,1136,882,254
109000040,3981,21944,-17963
109000041,1499,3880,-2381
109000042,615,2352,-1737
109000044,689,128,561
109000045,112,349,-237
109000046,716,186,530
109000047,154,351,-197
109000048,443,689,-246
109000049,224,695,-471
109000050,362,431,-69
109000051,176,159,17
109000052,669,552,117
109000053,556,54,502
109000054,84,347,-263
109000055,493,247,246
109000056,434,312,122
109000057,957,439,518
109000058,401,93,308
109000059,253,1561,-1308
109000060,143,664,-521
109000061,279,2176,-1897
109000062,143,394,-251
109000063,291,107,184
109000064,684,136,548
109000065,360,114,246
109000066,724,50,674
109000067,128,101,27
109000068,722,26,696
109000069,783,27,756
109000070,102,1104,-1002
109000071,683,78,605
109000072,73,232,-159
109000073,43,120,-77
109000074,6,185,-179
109000075,64,360,-296
109000076,160,355,-195
109000077,302,185,117
109000078,167,141,26
109000079,230,126,104
109000080,497,80,417
109000081,200,575,-375
109000082,1378,238,1140
109000083,648,603,45
109000088,257,182,75
109000089,496,78,418
109000090,118,194,-76
109000091,639,114,525
109000092,287,251,36
109000093,389,197,192
109000094,1477,6,1471
109000095,247,426,-179
109000096,1644,252,1392
109000097,72,99,-27
109000098,164,128,36
109000099,1013,99,914
109000100,727,359,368
109000101,2544,464,2080
109000102,1102,429,673
109000103,1060,577,483
109000104,3986,322,3664
109000105,844,606,238
109000106,2633,484,2149
109000107,836,997,-161
109000108,3326,655,2671
109000109,559,947,-388
109000110,1696,638,1058
109000111,886,1626,-740
109000112,371,123,248
109000113,330,280,50
109000114,232,407,-175
109000115,1000,55,945
109000116,16,286,-270
109000117,365,14,351
109000118,8,242,-234
109000119,2740,60,2680
109000120,547,305,242
109000121,794,16,778
109000122,327,217,110
109000123,37,33,4
109000124,1515,274,1241
109000125,1522,278,1244
109000126,637,339,298
109000127,2086,76,2010
109000128,784,652,132
109000129,5092,489,4603
109000130,411,698,-287
109000131,898,748,150
109000132,372,1214,-842
109000133,213,386,-173
109000134,726,791,-65
109000135,470,1057,-587
109000136,365,282,83
109000137,454,459,-5
109000138,691,172,519
109000139,911,406,505
109000140,363,166,197
109000141,906,389,517
109000142,209,532,-323
109000143,180,66,114
109000145,109,411,-302
109000146,17,61,-44
109000148,2388,1873,515
109000149,39,131,-92
109000150,68,333,-265
109000155,1386,998,388
109000156,1247,284,963
109000158,64,258,-194
109000159,90,544,-454
109000160,2199,258,1941
109000161,1030,1380,-350
109000162,3007,495,2512
109000163,1924,1444,480
109000164,2181,1840,341
109000165,2403,716,1687
109000166,2030,113,1917
109000167,211,493,-282
109000170,25,37,-12
109000171,142,41,101
109000172,14,90,-76
109000173,37,195,-158
109000174,325,23,302
109000175,67,106,-39
109000176,748,189,559
109000177,90,119,-29
109000178,1562,173,1389
109000179,2777,8199,-5422
109000180,3661,3601,60
109000181,24,3,21
109000182,144,4,140
109000183,80,40,40
109000184,61,9,52
109000185,41,14,27
109000188,326,964,-638
109000189,4091,619,3472
109000190,1087,380,707
109000191,343,349,-6
109000192,742,177,565
109000193,342,121,221
109000194,516,74,442
109000195,331,125,206
109000196,324,35,289
109000197,166,240,-74
109000198,448,51,397
109000199,187,340,-153
109000206,226,40,186
109000207,344,43,301
109000208,147,249,-102
109000209,145,101,44
109000210,185,388,-203
109000211,1497,386,1111
109000214,448,220,228
109000215,117,65,52
109000216,504,463,41
109000217,103,97,6
109000218,343,349,-6
109000221,108,755,-647
109000222,829,217,612
109000223,721,548,173
109000224,89,54,35
109000225,337,46,291
109000226,133,148,-15
109000227,3069,480,2589
109000228,2,801,-799
109000231,2,104,-102
109000232,1298,90,1208
109000236,308,474,-166
109000241,2174,1025,1149
109000242,1633,680,953
109000293,130,98,32
109000361,29,151,-122
109000364,81,288,-207
109000396,0,398,-398
109000397,975,32,943
109000399,134,367,-233
109000400,167,98,69
109000403,20,1285,-1265
109000406,1203,8,1195
109000407,285,136,149
109000408,0,461,-461
109000410,918,278,640
109000411,520,74,446
109900001,222,0,222
109900002,1321,7,1314
109900003,961,7,954
109900004,311,82,229
109900005,42,1,41
109900006,499,41,458
109900007,2390,79,2311
109900008,0,31,-31
109900009,118,288,-170
109900010,1019,45,974
109900011,24,76,-52
109900012,593,218,375
109900013,562,138,424
109900014,444,103,341
109900015,183,65,118
109900016,220,4,216
109900017,260,222,38
109900018,251,34,217
109900019,314,32,282
109900020,132,45,87
109900021,45,15,30
109900022,207,243,-36
109900023,27,2,25
109900024,35,2,33
109900025,5,22,-17
109900026,0,85,-85
109900027,64,40,24
109900028,426,3415,-2989
109900029,1,140,-139
109900030,54,37,17
109900031,1,414,-413
109900032,7,139,-132
109900033,2,565,-563
109900034,88,7,81
109900035,98,45,53
109900036,7,32,-25
109900037,22,224,-202
109900038,101,237,-136
109900039,5,0,5
109900040,15,186,-171
109900041,35,174,-139
109900042,11,488,-477
109900044,111,120,-9
109900045,167,14,153
109900046,189,32,157
109900047,145,116,29
109900048,0,29,-29
109900049,27,4,23
109900050,1,44,-43
109900051,0,4,-4
109900052,29,119,-90
109900053,4,87,-83
109900054,1649,93,1556
109900055,123,139,-16
109900056,16,396,-380
109900057,4,54,-50
109900058,0,30,-30
109900059,2154,55,2099
109900060,1277,86,1191
109900061,40,95,-55
109900062,2,77,-75
109900063,20,505,-485
109900064,1254,172,1082
109900065,124,81,43
109900066,139,408,-269
109900067,0,141,-141
109900068,90,4,86
109900069,11,20,-9
109900070,27,85,-58
109900071,2,27,-25
109900072,10,88,-78
109900073,876,146,730
109900074,4,24,-20
109900075,45,52,-7
109900076,25,70,-45
109900077,56,23,33
109900078,48,152,-104
109900080,156,84,72
109900081,5,267,-262
109900082,61,150,-89
109900083,3,19,-16
109900084,35,131,-96
109900085,63,275,-212
109900086,131,1042,-911
109900087,27,389,-362
109900089,1123,154,969
109900090,237,560,-323
109900091,709,70,639
109900092,278,33,245
109900093,1655,112,1543
109900094,110,135,-25
109900095,62,152,-90
109900096,228,7,221
109900097,267,1,266
109900098,626,25,601
109900099,592,5,587
109900100,76,0,76
109900101,1346,9,1337
109900102,791,36,755
109900103,38,86,-48
109900104,1641,105,1536
109900105,839,29,810
109900106,611,40,571
109900107,721,44,677
109900108,95,214,-119
109900109,60,201,-141
109900110,88,143,-55
109900111,70,333,-263
109900112,166,261,-95
109900113,1030,447,583
109900114,783,2057,-1274
109900115,178,103,75
109900117,2120,94,2026
109900118,85,207,-122
109900119,108,433,-325
109900120,127,17,110
109900121,165,416,-251
109900122,1234,7,1227
109900123,15,45,-30
109900124,22,175,-153
109900125,0,99,-99
109900126,661,37,624
109900128,523,45,478
109900130,2694,4922,-2228
109900131,9,90,-81
109900132,5,63,-58
109900133,67,190,-123
109900134,52,107,-55
109900135,181,22,159
109900136,39,42,-3
109900137,402,265,137
109900140,289,93,196
109900142,2933,141,2792
109900145,7,799,-792
109900146,152,49,103
109900148,6,51,-45
109900149,17,28,-11
109900150,0,44,-44
109900151,9,29,-20
109900152,0,12,-12
109900153,0,31,-31
109900154,36,0,36
109900155,104,60,44
109900157,29,86,-57
109900158,16,133,-117
109900159,181,52,129
109900160,149,28,121
109900161,309,51,258
109900162,316,94,222
109900163,362,169,193
109900164,52,209,-157
109900165,345,3,342
109900166,2,75,-73
109900167,187,303,-116
109900168,128,438,-310
109900169,231,163,68
109900170,286,1906,-1620
109900171,520,85,435
109900172,326,451,-125
109900173,1522,3214,-1692
109900174,73,87,-14
109900175,112,142,-30
109900176,256,64,192
109900177,26,110,-84
109900178,3,188,-185
109900179,6,33,-27
109900180,5,15,-10
110000001,669,586,83
110000002,568,861,-293
110000003,623,963,-340
110000004,401,805,-404
110000005,326,2403,-2077
110000006,315,371,-56
110000007,155,87,68
110000008,22,392,-370
110000009,44,48,-4
110000010,58,132,-74
110000011,26,39,-13
110000012,576,270,306
110000013,75,1249,-1174
110000014,723,469,254
110000015,276,901,-625
110000016,503,2318,-1815
110000017,3133,352,2781
110000018,2269,207,2062
110000019,15,101,-86
110000020,1474,380,1094
110000021,138,513,-375
110000022,1335,92,1243
110000023,19,150,-131
110000024,402,314,88
110000025,1599,7,1592
110000026,5,278,-273
110000027,514,2783,-2269
110000028,1564,526,1038
110000029,405,488,-83
110000030,472,568,-96
110000031,143,266,-123
110000032,1595,256,1339
110000033,197,281,-84
110000034,811,590,221
110000035,644,366,278
110000036,2040,549,1491
110000037,248,556,-308
110000038,477,844,-367
110000039,1449,8358,-6909
110000040,272,263,9
110000041,305,3379,-3074
110000042,98,645,-547
110000043,652,435,217
110000044,32,656,-624
110000045,83,184,-101
110000046,10,114,-104
110000047,8,145,-137
110000048,4,152,-148
110000049,14,5,9
110000050,6,273,-267
110000051,28,15,13
110000052,73,34,39
110000053,25,5,20
110000054,113,1026,-913
110000055,82,157,-75
110000056,50,241,-191
110000057,246,552,-306
110000058,953,439,514
110000059,853,488,365
110000060,1718,1189,529
110000061,506,641,-135
110000062,628,1090,-462
110000063,119,310,-191
110000064,32,43,-11
110000065,302,239,63
110000066,134,19,115
110000067,17,122,-105
110000068,375,50,325
110000069,865,54,811
110000071,890,32,858
110000073,56,5,51
110000075,20,58,-38
110000076,494,622,-128
110000077,310,1813,-1503
110000078,197,26,171
110000080,232,412,-180
110000081,65,225,-160
110000082,34,400,-366
110000083,361,306,55
110000084,1856,1328,528
110000085,897,896,1
110000086,798,3083,-2285
110000087,45,60,-15
110000088,185,215,-30
110000089,573,42,531
110000090,104,114,-10
110000091,1038,134,904
110000092,26,16,10
110000093,67,41,26
110000094,601,219,382
110000095,170,642,-472
110000096,1260,2745,-1485
110000097,864,2166,-1302
110000098,2499,906,1593
110000099,1049,1715,-666
110000100,2230,184,2046
110000101,194,113,81
110000102,137,36,101
110000104,460,228,232
110000105,44,223,-179
110000106,741,590,151
110000107,212,293,-81
110000108,174,221,-47
110000109,168,410,-242
110000110,1729,3657,-1928
110000111,3469,3358,111
110000112,225,1302,-1077
110000113,94,3536,-3442
110000114,708,956,-248
110000115,838,298,540
110000116,103,62,41
110000117,462,237,225
110000118,1057,93,964
110000119,739,240,499
110000120,534,141,393
110000121,159,398,-239
110000122,291,362,-71
110000123,757,324,433
110000124,1,430,-429
110000125,877,1,876
110000126,296,3,293
110000127,1438,39,1399
110000128,36,568,-532
110000129,0,256,-256
110000130,467,214,253
110000131,26,291,-265
110000132,1,393,-392
110000133,35,508,-473
110000134,6,390,-384
110000135,259,26,233
110000136,85,334,-249
110000137,863,365,498
110000138,1449,720,729
110000139,2178,385,1793
110000140,1038,815,223
110000143,368,288,80
110000144,1797,1840,-43
110000145,1473,1230,243
110000146,1381,770,611
110000147,394,866,-472
110000148,1042,160,882
110000151,420,2157,-1737
110000152,456,817,-361
110000153,419,19,400
110000154,29,20,9
110000155,596,2237,-1641
110000156,876,1640,-764
110000157,1017,2164,-1147
110000160,448,225,223
110000161,280,200,80
110000166,1185,56,1129
110000167,2698,841,1857
110000168,861,936,-75
110000169,860,349,511
110000170,359,84,275
110000171,949,84,865
110000172,526,583,-57
110000173,665,718,-53
110000174,164,370,-206
110000175,1394,31,1363
110000176,29,919,-890
110000177,371,2079,-1708
110000178,495,4258,-3763
110000179,763,361,402
110000180,415,330,85
110000181,1742,402,1340
110000182,196,115,81
110000183,5325,11072,-5747
110000184,381,4988,-4607
110000185,427,733,-306
110000186,572,1307,-735
110000191,1454,105,1349
110000192,785,28,757
110000193,1908,12,1896
110000194,2,538,-536
110000195,931,70,861
110000196,780,68,712
110000197,214,59,155
110000198,90,51,39
110000199,71,137,-66
110000200,607,458,149
110000201,1100,1434,-334
110000202,1278,522,756
110000203,277,438,-161
110000204,2,173,-171
110000205,620,10,610
110000206,508,605,-97
110000207,2304,249,2055
110000208,295,332,-37
110000209,31,525,-494
110000210,2337,534,1803
110000211,1329,638,691
110000212,542,1778,-1236
110000213,504,47,457
110000214,516,77,439
110000215,186,144,42
110000216,106,108,-2
110000217,1053,118,935
110000218,424,170,254
110000219,645,67,578
110000220,56,41,15
110000221,1091,16,1075
110000222,121,88,33
110000223,17,103,-86
110000224,3,1,2
110000225,230,675,-445
110000226,532,53,479
110000227,875,1033,-158
110000228,493,139,354
110000229,0,107,-107
110000230,714,632,82
110000231,520,530,-10
110000232,134,78,56
110000233,166,219,-53
110000234,398,959,-561
110000235,1133,893,240
110000236,992,383,609
110000237,3694,1625,2069
110000238,855,1471,-616
110000239,2473,981,1492
110000240,0,14,-14
110000242,0,15,-15
110000243,177,49,128
110000244,157,211,-54
110000245,44,239,-195
110000246,1302,289,1013
110000247,1033,2485,-1452
110000248,860,984,-124
110000249,159,6,153
110000250,26,98,-72
110000251,535,163,372
110000252,564,157,407
110000253,2249,318,1931
110000254,674,411,263
110000255,119,637,-518
110000256,412,185,227
110000257,430,200,230
110000258,3,268,-265
110000259,356,9,347
110000260,101,65,36
110000263,571,10,561
110000264,1043,197,846
110000265,1711,1802,-91
110000266,864,1957,-1093
110000267,24,55,-31
110000268,271,238,33
110000269,2,23,-21
110000270,177,1,176
110000271,2102,232,1870
110000272,1300,845,455
110000273,1266,923,343
110000274,275,4248,-3973
110000275,1379,932,447
110000276,303,1131,-828
110000277,301,216,85
110000278,469,603,-134
110000279,682,628,54
110000280,891,502,389
110000281,96,198,-102
110000282,119,18,101
110000283,23,43,-20
110000284,7,18,-11
110000285,1,359,-358
110000286,3,0,3
110000287,179,0,179
110000288,2,79,-77
110000289,524,3743,-3219
110000290,402,860,-458
110000291,3237,867,2370
110000292,1021,8900,-7879
110000293,695,247,448
110000294,1886,1811,75
110000295,215,510,-295
110000296,1086,258,828
110000297,2685,188,2497
110000298,115,388,-273
110000299,119,50,69
110000301,576,26,550
110000302,664,1217,-553
110000303,644,19,625
110000304,309,258,51
110000305,1805,25,1780
110000306,410,1127,-717
110000307,2907,3,2904
110000308,614,3,611
110000309,2,741,-739
110000310,1150,29,1121
110000311,2,498,-496
110000312,529,42,487
110000313,1857,1493,364
110000314,0,173,-173
110000315,1597,1414,183
110000316,464,871,-407
110000317,103,1356,-1253
110000318,0,29,-29
110000319,9,14,-5
110000320,22,31,-9
110000321,62,18,44
110000322,336,225,111
110000323,796,189,607
110000324,2616,1423,1193
110000325,1418,5708,-4290
110000327,393,147,246
110000328,65,399,-334
110000333,1516,1597,-81
110000334,370,1108,-738
110000335,613,353,260
110000336,586,1374,-788
110000337,2341,618,1723
110000338,640,293,347
110000339,600,295,305
110000340,37,266,-229
110000341,887,326,561
110000342,125,0,125
110000343,0,6,-6
110000344,16,156,-140
110000345,152,196,-44
110000346,1422,1773,-351
110000347,1687,696,991
110000348,45,9,36
110000349,3,18,-15
110000350,135,2,133
110000351,1665,537,1128
110000352,886,2437,-1551
110000353,2682,319,2363
110000354,1039,6260,-5221
110000355,236,31,205
110000356,603,0,603
110000357,971,5,966
110000361,64,28,36
110000362,134,14,120
110000363,1481,80,1401
110000364,539,203,336
110000365,147,0,147
110000366,0,116,-116
110000367,723,61,662
110000368,0,49,-49
110000369,204,4,200
110000373,4,272,-268
110000374,113,16,97
110000375,67,1041,-974
110000376,13,39,-26
110000377,144,427,-283
110000378,8,576,-568
110000379,2140,3581,-1441
110000380,218,19,199
110000383,1,600,-599
110000384,1225,332,893
110000385,0,133,-133
110000387,212,1,211
110000388,61,126,-65
110000389,1013,0,1013
110000391,1278,213,1065
110000396,241,75,166
110000397,187,60,127
110000398,36,28,8
110000399,438,1,437
110000587,275,67,208
110000589,358,101,257
110000640,184,32,152
110000652,19,630,-611
110000653,515,237,278
110000654,0,337,-337
110000656,0,208,-208
110000674,42,3,39
110000675,48,22,26
110000676,0,19,-19
110000679,59,1085,-1026
110000682,161,292,-131
110000683,274,321,-47
110000684,0,16,-16
110000685,3,23,-20
110000686,2,131,-129
110000687,7,2,5
110000688,30,1644,-1614
110000689,95,23,72
110000692,35,150,-115
110000693,41,712,-671
110000694,8,114,-106
110000695,187,467,-280
110000696,36,51,-15
110900001,605,23,582
110900002,546,540,6
110900003,1824,256,1568
110900004,759,40,719
110900005,1280,7399,-6119
110900006,183,103,80
110900007,362,128,234
110900008,6,41,-35
110900009,323,693,-370
110900010,5,20,-15
110900011,47,125,-78
110900012,20,26,-6
110900013,1536,107,1429
110900014,384,4,380
110900015,307,736,-429
110900016,98,66,32
110900017,917,21,896
110900018,412,41,371
110900019,666,11,655
110900020,290,150,140
110900021,138,270,-132
110900022,59,107,-48
110900023,37,496,-459
110900024,97,169,-72
110900025,9,71,-62
110900027,58,75,-17
110900028,54,56,-2
110900029,36,100,-64
110900030,39,178,-139
110900031,7,200,-193
110900032,0,32,-32
110900033,46,225,-179
110900035,45,760,-715
110900036,218,13,205
110900037,368,29,339
110900038,504,168,336
110900039,5,303,-298
110900040,376,7,369
110900041,3,39,-36
110900042,219,70,149
110900043,0,21,-21
110900044,225,11,214
110900045,80,160,-80
110900046,8,104,-96
110900047,219,840,-621
110900049,181,115,66
110900050,38,3,35
110900051,32,131,-99
110900052,0,76,-76
110900053,269,12,257
110900054,23,65,-42
110900055,28,0,28
110900056,29,147,-118
110900057,7,37,-30
110900058,602,92,510
110900059,403,126,277
110900060,387,176,211
110900061,1,43,-42
110900062,259,78,181
110900063,32,54,-22
110900064,23,1,22
110900065,83,112,-29
110900066,23,43,-20
110900067,148,987,-839
110900068,247,151,96
110900069,1,4,-3
110900070,263,47,216
110900071,136,1428,-1292
110900073,0,18,-18
110900074,837,42,795
110900075,699,58,641
110900077,1964,492,1472
110900078,227,11,216
110900079,806,1308,-502
110900080,226,92,134
110900081,15,7,8
110900082,330,86,244
110900083,158,28,130
110900084,170,25,145
110900085,80,140,-60
110900086,81,316,-235
110900087,666,47,619
110900088,5,0,5
110900090,103,168,-65
110900091,2,27,-25
110900093,277,138,139
110900095,72,23,49
110900097,71,8,63
110900098,38,99,-61
110900099,11,239,-228
110900100,0,3,-3
110900102,103,23,80
110900105,1330,99,1231
110900108,41,15,26
110900111,352,54,298
110900112,748,2,746
110900113,356,172,184
110900115,17,87,-70
110900116,1954,582,1372
110900118,82,5294,-5212
110900119,1311,164,1147
110900120,230,40,190
110900121,89,0,89
110900122,763,260,503
110900125,534,1315,-781
110900127,170,1478,-1308
110900128,102,496,-394
110900129,162,1209,-1047
110900130,378,667,-289
110900131,496,25,471
110900132,732,83,649
110900133,73,67,6
110900135,46,156,-110
110900136,539,10,529
110900139,9,0,9
110900140,1,0,1
110900141,370,858,-488
110900142,35,133,-98
110900143,368,60,308
110900144,0,155,-155
110900145,306,189,117
110900146,213,478,-265
110900147,84,354,-270
110900148,0,239,-239
110900149,4,52,-48
110900150,18,2,16
110900151,1,35,-34
110900152,47,27,20
110900153,281,60,221
111000001,1695,1163,532
111000002,752,386,366
111000003,3358,1939,1419
111000004,1493,1638,-145
111000005,1039,2672,-1633
111000006,1168,2864,-1696
111000007,5398,8130,-2732
111000008,4319,4530,-211
111000009,471,1455,-984
111000010,1610,314,1296
111000011,164,732,-568
111000012,535,360,175
111000013,817,853,-36
111000014,2923,476,2447
111000017,21,826,-805
111000018,69,501,-432
111000020,581,993,-412
111000021,37,99,-62
111000023,103,79,24
111000025,3542,4158,-616
111000029,175,93,82
111000030,24,92,-68
111000031,1697,565,1132
111000032,529,254,275
111000033,175,94,81
111000034,51,338,-287
111000037,1441,434,1007
111000038,1602,2141,-539
111000039,1904,2330,-426
111000040,1513,1509,4
111000041,379,498,-119
111000042,2635,2620,15
111000043,2541,8223,-5682
111000044,2464,827,1637
111000045,4220,2372,1848
111000046,3328,2003,1325
111000047,3361,8150,-4789
111000049,271,430,-159
111000050,977,615,362
111000051,646,717,-71
111000052,544,1189,-645
111000053,183,680,-497
111000054,296,653,-357
111000055,1125,1037,88
111000056,266,333,-67
111000057,202,321,-119
111000058,1039,36,1003
111000059,1114,258,856
111000060,7780,1203,6577
111000061,1159,557,602
111000062,1549,699,850
111000063,1700,1586,114
111000064,1460,571,889
111000065,1865,1043,822
111000066,1396,458,938
111000067,1933,361,1572
111000068,1159,377,782
111000069,1304,1512,-208
111000070,882,585,297
111000071,122,278,-156
111000072,2157,858,1299
111000073,225,1858,-1633
111000074,2219,1439,780
111000075,797,511,286
111000076,1199,621,578
111000077,1058,1037,21
111000078,1533,582,951
111000079,788,756,32
111000080,968,478,490
111000081,1618,7864,-6246
111000082,1503,536,967
111000084,1556,510,1046
111000085,1179,889,290
111000086,1726,1080,646
111000087,984,474,510
111000088,4598,5702,-1104
111000089,1048,567,481
111000090,553,830,-277
111000091,623,305,318
111000092,2831,694,2137
111000093,1215,1115,100
111000094,2631,1562,1069
111000095,1359,3649,-2290
111000096,868,10193,-9325
111000097,2515,837,1678
111000098,284,593,-309
111000099,445,967,-522
111000100,591,934,-343
111000101,310,749,-439
111000102,185,310,-125
111000104,1104,176,928
111000107,64,475,-411
111000109,999,227,772
111000110,1956,820,1136
111000111,5649,348,5301
111000112,3842,241,3601
111000113,877,3191,-2314
111000114,1318,7533,-6215
111000115,3451,1152,2299
111000116,987,812,175
111000117,244,771,-527
111000118,821,615,206
111000119,2256,848,1408
111000120,769,815,-46
111000121,406,1042,-636
111000122,456,623,-167
111000123,1290,1245,45
111000124,425,1898,-1473
111000125,334,750,-416
111000126,93,332,-239
111000127,1671,105,1566
111000128,4680,274,4406
111000129,4968,453,4515
111000130,5027,434,4593
111000131,4704,431,4273
111000132,2817,2435,382
111000133,186,82,104
111000134,264,54,210
111000135,103,91,12
111000136,516,248,268
111000138,40,9,31
111000140,2,3,-1
111000141,118,498,-380
111000142,2,124,-122
111000143,6,312,-306
111000144,26,1248,-1222
111000145,73,6,67
111000146,140,12,128
111000147,133,42,91
111000148,195,135,60
111000149,4,16,-12
111000150,126,14,112
111000151,32,7,25
111000153,502,435,67
111000154,406,288,118
111000155,135,129,6
111000156,885,347,538
111000157,291,548,-257
111000158,857,637,220
111000159,2705,1187,1518
111000160,351,308,43
111000161,2,427,-425
111000162,2,66,-64
111000163,1301,782,519
111000164,493,3277,-2784
111000165,641,208,433
111000166,397,94,303
111000167,151,242,-91
111000168,232,369,-137
111000169,440,411,29
111000170,318,189,129
111000171,537,482,55
111000172,211,331,-120
111000173,379,1095,-716
111000174,462,184,278
111000175,29,214,-185
111000176,795,25,770
111000177,1534,175,1359
111000178,2885,152,2733
111000179,536,78,458
111000180,340,313,27
111000181,3169,169,3000
111000182,357,104,253
111000183,296,205,91
111000184,470,150,320
111000185,566,287,279
111000186,290,184,106
111000187,473,95,378
111000188,835,288,547
111000189,293,344,-51
111000190,304,142,162
111000191,191,92,99
111000192,121,222,-101
111000193,377,66,311
111000194,49,102,-53
111000195,71,77,-6
111000196,84,58,26
111000197,1356,130,1226
111000198,1005,73,932
111000199,589,457,132
111000200,959,690,269
111000201,1272,98,1174
111000202,1078,126,952
111000203,852,310,542
111000204,469,2821,-2352
111000213,355,519,-164
111000214,1602,1145,457
111000215,1448,1000,448
111000217,2567,598,1969
111000218,2886,863,2023
111000219,317,199,118
111000220,787,574,213
111000221,363,103,260
111000224,26,187,-161
111000225,1083,484,599
111000226,150,1,149
111000227,8,2,6
111000228,7,888,-881
111000229,12,1969,-1957
111000230,248,95,153
111000231,940,273,667
111000232,1100,527,573
111000233,2588,634,1954
111000234,440,1106,-666
111000239,82,67,15
111000240,117,525,-408
111000241,129,128,1
111000242,548,43,505
111000243,259,254,5
111000244,1296,94,1202
111000245,1016,262,754
111000246,829,185,644
111000247,945,241,704
111000248,871,225,646
111000249,638,201,437
111000250,130,47,83
111000251,74,49,25
111000253,72,14,58
111000255,65,4,61
111000257,71,15,56
111000260,41,653,-612
111000261,1960,60,1900
111000271,32,245,-213
111000273,4583,1235,3348
111000274,1927,3918,-1991
111000275,299,36,263
111000276,206,976,-770
111000277,429,224,205
111000278,461,190,271
111000291,2137,18894,-16757
111000298,565,267,298
111000299,1013,202,811
111000300,51,519,-468
111000302,528,51,477
111000303,253,166,87
111000312,89,41,48
111000315,4,65,-61
111000320,211,272,-61
111000321,558,100,458
111000322,919,193,726
111000323,546,44,502
111000324,323,125,198
111000325,15,36,-21
111000326,262,181,81
111000327,455,252,203
111000328,556,826,-270
111000329,17,77,-60
111000330,117,3,114
111000331,29,4,25
111000332,493,878,-385
111000334,170,784,-614
111000335,1662,128,1534
111000337,2527,199,2328
111000338,213,75,138
111000339,1094,201,893
111000340,110,461,-351
111000341,2535,1217,1318
111000342,59,669,-610
111000344,1805,530,1275
111000345,94,60,34
111000346,23,171,-148
111000347,238,1,237
111000350,245,151,94
111000351,144,313,-169
111000352,329,177,152
111000353,103,147,-44
111000354,543,229,314
111000355,428,494,-66
111000358,189,688,-499
111000360,285,273,12
111000361,270,142,128
111000546,1430,223,1207
111000547,493,140,353
111000548,278,179,99
111000549,247,158,89
111000550,34,1215,-1181
111000551,165,72,93
111000552,525,197,328
111000907,2520,9,2511
111000908,300,4,296
111000916,3388,183,3205
111000917,33,217,-184
111000918,263,364,-101
111000920,1566,22,1544
111000921,63,107,-44
111000922,1108,157,951
111000924,18,313,-295
111000925,7512,2655,4857
111000926,1543,1005,538
111000927,2921,6803,-3882
111000928,3159,1300,1859
111000929,2523,1229,1294
111000930,1083,1327,-244
111000931,2366,1958,408
111000932,2193,1070,1123
111000933,4124,4286,-162
111000934,1346,1604,-258
111000935,4319,1548,2771
111000936,1112,1240,-128
111000937,1729,1829,-100
111000938,1030,859,171
111000939,1327,26,1301
111000940,1086,28,1058
111000941,399,241,158
111000943,891,126,765
111000944,230,165,65
111000945,394,489,-95
111001109,796,1554,-758
111001110,179,347,-168
111001111,233,6,227
111001112,103,3,100
111001113,2,1267,-1265
111001114,713,339,374
111001115,27,2306,-2279
111001116,1815,7481,-5666
111001117,495,3801,-3306
111001120,111,145,-34
111001121,77,83,-6
111001122,358,152,206
111001123,623,160,463
111001124,238,60,178
111001125,0,393,-393
111900001,51,24,27
111900002,213,148,65
111900003,0,128,-128
111900004,16,26,-10
111900006,54,161,-107
111900007,552,14,538
111900008,682,0,682
111900009,519,11,508
111900010,59,373,-314
111900012,32,79,-47
111900013,56,30,26
111900014,1752,10493,-8741
111900015,1,16,-15
111900016,0,23,-23
111900017,0,19,-19
111900018,162,0,162
111900019,1,108,-107
111900020,0,10,-10
111900021,6,54,-48
111900022,9,42,-33
111900023,61,40,21
111900024,47,50,-3
111900025,0,154,-154
111900026,0,24,-24
111900027,4,31,-27
111900028,1,63,-62
111900029,1,11,-10
111900030,22,363,-341
111900031,0,10,-10
111900032,2,42,-40
111900033,10,16,-6
111900034,62,281,-219
111900035,79,162,-83
111900036,0,82,-82
111900038,70,199,-129
111900039,18,78,-60
111900040,1,69,-68
111900042,5,34,-29
111900043,0,71,-71
111900044,56,187,-131
111900046,19,75,-56
111900048,749,127,622
111900049,3,128,-125
111900050,259,26,233
111900051,0,48,-48
111900052,77,181,-104
111900053,441,3620,-3179
111900054,385,6,379
111900055,0,106,-106
111900056,112,497,-385
111900057,356,11,345
111900058,1013,239,774
111900059,1383,1034,349
111900060,416,3,413
111900061,3,53,-50
111900062,63,89,-26
111900063,450,108,342
111900064,32,43,-11
111900065,362,27,335
111900066,122,187,-65
111900067,1,124,-123
111900068,34,162,-128
111900069,99,17,82
111900070,384,52,332
111900071,0,101,-101
111900072,60,102,-42
111900073,2621,252,2369
111900074,3,104,-101
111900075,98,16,82
111900076,670,71,599
111900077,45,2,43
111900078,801,74,727
111900079,61,73,-12
111900080,128,127,1
111900082,344,61,283
111900083,490,61,429
111900084,217,1,216
111900085,88,92,-4
111900086,134,17,117
111900087,87,1,86
111900088,1415,76,1339
111900089,187,4,183
111900090,88,125,-37
111900091,1314,17,1297
111900092,172,2,170
111900093,1245,28,1217
111900094,273,10,263
111900095,788,32,756
111900096,487,6,481
111900097,131,0,131
111900098,772,9,763
111900099,119,0,119
111900100,172,13,159
111900101,315,15,300
111900102,1283,209,1074
111900103,89,176,-87
111900104,157,55,102
111900105,110,352,-242
111900106,280,23,257
111900110,1292,322,970
111900111,355,63,292
111900112,273,7921,-7648
111900113,228,95,133
111900118,799,68,731
111900119,341,128,213
111900122,49,59,-10
111900123,37,32,5
111900124,13,10,3
111900125,921,101,820
111900126,644,7,637
111900127,1,152,-151
111900128,14,158,-144
111900129,334,0,334
111900130,393,92,301
111900131,838,3,835
111900132,3,346,-343
111900133,7,64,-57
111900134,1,100,-99
111900135,6,52,-46
111900136,24,98,-74
111900137,20,15,5
111900138,28,46,-18
111900139,15,30,-15
111900140,209,26,183
111900141,170,2,168
111900142,152,15,137
111900143,114,58,56
111900144,0,38,-38
111900145,0,95,-95
111900146,0,50,-50
111900147,24,269,-245
111900148,21,305,-284
111900149,8,142,-134
111900150,27,58,-31
111900151,10,84,-74
111900152,92,54,38
111900153,428,617,-189
111900154,31,1183,-1152
111900155,70,345,-275
111900156,73,65,8
111900157,222,21,201
111900158,1093,89,1004
111900159,883,83,800
111900160,634,2,632
111900161,662,2,660
111900162,253,542,-289
111900163,6,174,-168
111900164,236,29,207
111901113,1120,41,1079
111901114,604,188,416
111901115,405,1,404
111901116,79,7,72
111901117,23,90,-67
111901118,13,987,-974
111901119,287,54,233
111901121,30,79,-49
111901122,5,68,-63
111901123,908,59,849
111901124,729,25,704
111901125,1602,241,1361
111901127,585,2885,-2300
111901128,2,69,-67
111901129,1,263,-262
111901130,1,48,-47
111901131,1,220,-219
111901132,148,42,106
111901133,284,0,284
111901134,281,0,281
111901135,59,1,58
111901136,118,14,104
111901137,0,39,-39
111901138,26,19,7
111901139,0,6,-6
111901140,0,59,-59
111901141,6,115,-109
111901142,6,35,-29
111901143,0,182,-182
111901144,31,53,-22
111901145,37,821,-784
111901146,42,0,42
111901147,105,466,-361
111901148,0,105,-105
112000001,3072,1075,1997
112000002,1140,2246,-1106
112000003,4503,1428,3075
112000004,1247,267,980
112000005,4691,5683,-992
112000006,718,534,184
112000007,6295,4234,2061
112000008,4968,5508,-540
112000009,3260,1196,2064
112000010,5510,6609,-1099
112000011,1903,1140,763
112000012,4090,6164,-2074
112000013,1661,2751,-1090
112000014,880,4584,-3704
112000015,1080,3904,-2824
112000016,2636,4727,-2091
112000017,365,5693,-5328
112000024,609,279,330
112000026,1684,1323,361
112000027,815,792,23
112000028,825,1165,-340
112000029,706,786,-80
112000030,295,36,259
112000031,1823,4596,-2773
112000032,92,6,86
112000033,1512,5402,-3890
112000034,87,50,37
112000035,22,1162,-1140
112000036,141,2157,-2016
112000037,602,997,-395
112000038,943,1771,-828
112000039,113,66,47
112000040,39,171,-132
112000041,391,306,85
112000042,1090,191,899
112000050,1576,1444,132
112000051,1728,4397,-2669
112000054,1656,1527,129
112000057,691,183,508
112000058,136,258,-122
112000059,703,524,179
112000061,3043,846,2197
112000062,509,1522,-1013
112000063,216,4025,-3809
112000064,2568,2763,-195
112000065,922,1935,-1013
112000066,3114,1386,1728
112000067,430,540,-110
112000068,3565,2934,631
112000069,521,1520,-999
112000070,1302,814,488
112000071,1166,1691,-525
112000072,2943,809,2134
112000073,1021,3424,-2403
112000074,952,2123,-1171
112000075,1426,1974,-548
112000076,3109,2451,658
112000077,1574,376,1198
112000078,2916,619,2297
112000079,2828,1294,1534
112000080,952,641,311
112000081,1016,1496,-480
112000082,1286,480,806
112000083,931,906,25
112000084,1384,526,858
112000085,2334,764,1570
112000086,3032,1070,1962
112000087,967,152,815
112000088,1332,193,1139
112000089,341,312,29
112000090,205,219,-14
112000091,718,365,353
112000092,3301,792,2509
112000093,1933,415,1518
112000094,858,683,175
112000095,1206,330,876
112000096,837,634,203
112000097,3566,660,2906
112000098,299,390,-91
112000099,737,2876,-2139
112000100,3242,777,2465
112000101,684,229,455
112000102,2220,607,1613
112000103,458,260,198
112000105,626,492,134
112000106,3932,337,3595
112000107,327,125,202
112000108,1362,703,659
112000109,531,97,434
112000110,2890,795,2095
112000111,397,2200,-1803
112000112,2427,599,1828
112000113,828,659,169
112000114,2944,1009,1935
112000115,495,270,225
112000116,602,436,166
112000117,1307,502,805
112000118,589,800,-211
112000119,392,588,-196
112000120,34,119,-85
112000121,336,198,138
112000122,790,76,714
112000123,1372,165,1207
112000124,760,167,593
112000125,597,427,170
112000126,1061,107,954
112000127,2764,2567,197
112000128,783,473,310
112000129,256,56,200
112000130,531,102,429
112000131,41,150,-109
112000132,266,166,100
112000133,550,78,472
112000134,652,360,292
112000135,1805,736,1069
112000136,790,509,281
112000137,2047,1424,623
112000138,1263,731,532
112000139,728,837,-109
112000140,173,728,-555
112000141,1221,537,684
112000142,152,236,-84
112000143,1796,170,1626
112000144,498,425,73
112000145,3828,311,3517
112000146,695,902,-207
112000147,3213,1527,1686
112000148,880,1046,-166
112000149,484,480,4
112000150,928,232,696
112000151,477,123,354
112000152,1298,390,908
112000153,146,147,-1
112000154,212,702,-490
112000155,194,128,66
112000157,406,1574,-1168
112000158,317,201,116
112000159,1730,297,1433
112000167,497,280,217
112000169,323,2153,-1830
112000173,1776,166,1610
112000175,672,235,437
112000176,833,1096,-263
112000177,1071,446,625
112000178,99,191,-92
112000179,577,32,545
112000180,551,209,342
112000181,1190,826,364
112000182,2854,385,2469
112000183,39,3,36
112000184,596,235,361
112000185,1984,289,1695
112000187,5779,3032,2747
112000195,214,8,206
112000196,162,2,160
112000197,116,110,6
112000198,20,318,-298
112000199,599,496,103
112000202,1216,12,1204
112000216,46,191,-145
112000230,214,2,212
112000231,1,69,-68
112000256,62,675,-613
112000313,48,60,-12
112000314,58,87,-29
112000337,218,1064,-846
112000352,107,317,-210
112000392,3028,610,2418
112000398,3255,656,2599
112000399,1193,11366,-10173
112000400,1173,831,342
112000401,1092,944,148
112000402,5372,5940,-568
112000403,1401,11685,-10284
112000404,2088,1492,596
112000405,5014,3939,1075
112000406,2680,1067,1613
112000407,12563,8246,4317
112000408,4653,1859,2794
112000409,1436,1383,53
112000410,220,236,-16
112000411,1550,1618,-68
112000412,324,162,162
112000413,3239,7094,-3855
112000414,236,13,223
112000415,161,25,136
112000416,5564,1250,4314
112000417,363,134,229
112000421,207,43,164
112000422,346,194,152
112000424,1111,4450,-3339
112000425,382,407,-25
112000426,453,417,36
112000427,0,8,-8
112000428,579,147,432
112000429,2786,2890,-104
112000430,3225,6065,-2840
112000431,219,249,-30
112000432,486,657,-171
112000433,356,432,-76
112000437,38,71,-33
112900001,52,0,52
112900002,1049,116,933
112900003,81,53,28
112900004,72,78,-6
112900005,535,90,445
112900006,16,29,-13
112900007,58,36,22
112900008,0,117,-117
112900009,652,233,419
112900010,623,149,474
112900011,25,310,-285
112900012,1,6,-5
112900013,15,264,-249
112900014,5,93,-88
112900015,90,346,-256
112900016,0,39,-39
112900017,88,110,-22
112900018,1,47,-46
112900019,23,129,-106
112900020,241,553,-312
112900021,3,81,-78
112900022,13,39,-26
112900023,0,15,-15
112900024,5,42,-37
112900025,86,98,-12
112900026,1,18,-17
112900027,2,334,-332
112900028,5,76,-71
112900029,2,34,-32
112900030,12,22,-10
112900031,2,157,-155
112900032,187,170,17
112900034,0,11,-11
112900035,0,85,-85
112900036,4,56,-52
112900037,612,325,287
112900038,954,82,872
112900039,3,132,-129
112900040,1,613,-612
112900041,533,993,-460
112900042,31,164,-133
112900043,41,37,4
112900044,191,179,12
112900045,97,78,19
112900046,114,45,69
112900047,10,24,-14
112900049,542,35,507
112900050,40,269,-229
112900051,69,169,-100
112900052,1,299,-298
112900053,119,198,-79
112900054,129,112,17
112900055,89,49,40
112900056,332,224,108
112900057,78,232,-154
112900058,241,595,-354
112900059,126,1044,-918
112900060,83,43,40
112900061,112,204,-92
112900062,103,56,47
112900063,16,11,5
112900064,10,79,-69
112900065,12,36,-24
112900066,176,403,-227
112900067,425,49,376
112900068,39,192,-153
112900069,1963,1772,191
112900071,29,17,12
112900072,57,7373,-7316
112900073,341,339,2
112900074,144,531,-387
112900075,1021,2436,-1415
112900076,27,37,-10
112900078,189,733,-544
112900079,321,5,316
112900080,246,1,245
112900081,47,596,-549
112900082,534,27,507
112900083,313,184,129
112900084,461,367,94
112900086,228,2,226
112900087,2187,162,2025
112900088,450,7,443
112900089,764,20,744
112900090,92,75,17
112900091,520,17,503
112900092,65,1278,-1213
112900093,1327,34,1293
112900095,100,0,100
112900096,973,166,807
112900097,74,108,-34
112900098,93,1,92
112900099,1564,14,1550
112900100,130,1,129
112900101,661,5,656
112900102,82,76,6
112900103,370,11,359
112900104,249,1,248
112900105,34,0,34
112900106,839,117,722
112900107,4,1,3
112900108,2,1,1
112900109,297,0,297
112900110,2062,23,2039
112900111,1252,12,1240
112900112,388,0,388
112900113,0,0,0
112900114,852,6,846
112900115,2673,1,2672
112900116,173,6,167
112900117,34,17,17
112900118,13,36,-23
112900119,551,18,533
112900120,433,199,234
112900121,47,43,4
112900122,2,53,-51
112900123,610,46,564
112900124,1,22,-21
112900125,15,228,-213
112900126,52,34,18
112900127,558,67,491
112900128,77,265,-188
112900129,0,568,-568
112900130,388,56,332
112900131,4,361,-357
112900132,71,236,-165
112900133,3,699,-696
112900134,0,411,-411
112900135,130,86,44
112900137,0,358,-358
112900138,11,37,-26
112900139,29,307,-278
112900141,809,23,786
112900142,52,567,-515
112900143,3,253,-250
112900144,0,210,-210
112900145,7,296,-289
112900146,4,214,-210
112900147,0,399,-399
112900148,37,2,35
112900149,157,242,-85
112900151,1,29,-28
112900152,2645,206,2439
112900153,123,7382,-7259
112900154,0,10,-10
112900155,177,10,167
112900156,1152,334,818
112900157,942,44,898
112900158,127,2,125
112900159,129,430,-301
112900160,64,233,-169
112900161,226,25,201
112900162,2,20,-18
112900163,38,54,-16
112900164,51,149,-98
112900165,21,86,-65
112900166,19,77,-58
112900167,2,265,-263
112900168,10,5,5
112900169,11,15,-4
112900170,172,43,129
112900172,70,9,61
112900173,58,66,-8
112900174,361,28,333
112900175,173,347,-174
112900176,6,68,-62
112900177,233,74,159
112900178,511,4125,-3614
112900179,7,247,-240
112900180,2378,1444,934
112900181,1582,3,1579
112900182,85,296,-211
112900183,49,163,-114
112900184,319,361,-42
112900185,77,556,-479
112900186,706,785,-79
112900187,31,339,-308
112900188,606,3291,-2685
112900189,10,1,9
112900190,13,17,-4
112900192,540,465,75
112900193,631,225,406
112900194,98,7,91
112900195,457,50,407
112900196,652,301,351
112900197,73,284,-211
112900199,1110,145,965
112900200,629,41,588
112900201,150,201,-51
112900202,773,297,476
112900203,511,40,471
112900204,344,313,31
112900205,8,0,8
112900206,14,11,3
112900207,23,0,23
112900208,39,1074,-1035
112900209,98,139,-41
112900210,0,4,-4
112900211,37,1,36
112900212,3,21,-18
112900213,56,0,56
112900214,14,14,0
112900215,2,32,-30
112900216,32,32,0
112900217,0,13,-13
112900218,157,17,140
112900219,208,6,202
112900220,1,1,0
112900221,39,57,-18
112900222,0,50,-50
112900223,973,27,946
112900224,1066,190,876
112900225,884,145,739
112900226,148,238,-90
112900227,1669,166,1503
112900228,170,42,128
112900229,602,15,587
112900230,9101,2391,6710
112900232,449,272,177
112900233,119,144,-25
112900234,63,1,62
112900235,23,4,19
112900236,1226,27,1199
112900237,673,116,557
112900238,18,2,16
112900239,329,670,-341
112900240,2,11,-9
112900241,18,23,-5
112900242,3,31,-28
112900243,2,19,-17
112900244,11,20,-9
112900245,0,11,-11
112900246,0,3,-3
112900247,35,2,33
112900248,1,0,1
112900249,11,0,11
112900250,81,2,79
112900251,126,8,118
112900252,137,1,136
112900253,48,0,48
112900254,47,3,44
112900255,4,7,-3
112900256,0,13,-13
112900257,2,34,-32
113000001,6105,5037,1068
113000002,7705,4010,3695
113000003,3428,2021,1407
113000004,3463,2085,1378
113000005,2920,1990,930
113000006,1797,1712,85
113000007,3917,2055,1862
113000008,3259,2294,965
113000009,2115,614,1501
113000010,2359,1464,895
113000011,2117,1105,1012
113000012,1735,803,932
113000013,630,493,137
113000014,1330,1742,-412
113000015,99,174,-75
113000016,298,479,-181
113000017,70,541,-471
113000018,578,41,537
113000019,72,294,-222
113000020,210,87,123
113000021,1983,1148,835
113000022,1157,5480,-4323
113000025,244,364,-120
113000026,645,957,-312
113000027,704,1871,-1167
113000028,454,2272,-1818
113000029,921,728,193
113000030,119,647,-528
113000031,235,246,-11
113000032,158,360,-202
113000033,229,409,-180
113000034,334,160,174
113000035,11,21,-10
113000036,10,96,-86
113000037,35,21,14
113000038,8,29,-21
113000039,73,313,-240
113000040,59,129,-70
113000042,1068,789,279
113000051,2998,4150,-1152
113000052,3452,418,3034
113000053,927,499,428
113000054,1285,1320,-35
113000055,3206,443,2763
113000056,2942,1148,1794
113000058,449,1381,-932
113000059,809,354,455
113000060,500,715,-215
113000061,734,911,-177
113000062,489,440,49
113000063,591,48,543
113000064,155,108,47
113000065,165,460,-295
113000066,1467,179,1288
113000067,4283,519,3764
113000068,603,318,285
113000069,911,390,521
113000070,2968,571,2397
113000071,913,344,569
113000072,1465,354,1111
113000073,496,1534,-1038
113000074,1022,482,540
113000075,2067,777,1290
113000076,431,4333,-3902
113000077,712,746,-34
113000078,387,1479,-1092
113000079,399,953,-554
113000080,631,885,-254
113000081,1100,1161,-61
113000082,902,536,366
113000083,689,1214,-525
113000084,1874,914,960
113000085,1100,742,358
113000086,969,1640,-671
113000087,1152,1723,-571
113000088,2579,1777,802
113000089,845,1971,-1126
113000090,106,813,-707
113000091,266,721,-455
113000094,1674,545,1129
113000095,281,999,-718
113000096,170,1319,-1149
113000097,1859,670,1189
113000098,83,26,57
113000099,1308,493,815
113000100,198,712,-514
113000101,145,1182,-1037
113000102,914,685,229
113000103,6184,427,5757
113000104,978,4512,-3534
113000105,1419,680,739
113000106,1058,273,785
113000107,1872,1486,386
113000108,1627,995,632
113000109,438,1595,-1157
113000110,9094,975,8119
113000111,387,456,-69
113000112,1128,408,720
113000113,3111,362,2749
113000114,217,994,-777
113000116,428,327,101
113000117,651,118,533
113000118,42,1098,-1056
113000119,365,330,35
113000120,84,460,-376
113000121,363,769,-406
113000124,505,273,232
113000125,66,1691,-1625
113000127,2026,272,1754
113000128,2913,312,2601
113000129,421,914,-493
113000133,4000,508,3492
113000134,4,1932,-1928
113000135,5307,4976,331
113000137,821,2704,-1883
113000139,209,126,83
113000140,55,94,-39
113000141,53,45,8
113000142,91,322,-231
113000143,335,132,203
113000144,245,177,68
113000145,86,81,5
113000146,131,36,95
113000147,259,46,213
113000148,277,100,177
113000149,169,164,5
113000150,432,483,-51
113000151,40,36,4
113000152,65,229,-164
113000153,1229,197,1032
113000154,552,2470,-1918
113000155,513,953,-440
113000156,232,256,-24
113000157,250,390,-140
113000158,691,175,516
113000159,1381,204,1177
113000160,689,350,339
113000161,433,210,223
113000162,1204,86,1118
113000163,153,12,141
113000164,39,26,13
113000166,381,95,286
113000167,109,75,34
113000168,314,68,246
113000169,294,61,233
113000170,97,106,-9
113000171,20,80,-60
113000172,327,24,303
113000173,82,10,72
113000174,356,158,198
113000175,879,65,814
113000176,760,69,691
113000177,302,127,175
113000178,188,275,-87
113000179,382,65,317
113000180,937,2227,-1290
113000181,1347,815,532
113000182,154,684,-530
113000183,292,727,-435
113000184,44,96,-52
113000189,317,633,-316
113000190,184,185,-1
113000192,378,6843,-6465
113000193,1387,4635,-3248
113000194,1065,7201,-6136
113000195,1265,4244,-2979
113000196,435,132,303
113000197,1395,5115,-3720
113000198,132,381,-249
113000199,2501,244,2257
113000201,897,969,-72
113000202,20477,3832,16645
113000203,79,1204,-1125
113000204,379,8682,-8303
113000205,42,34,8
113000206,1,43,-42
113000207,60,44,16
113000208,53,144,-91
113000209,13,31,-18
113000210,1,19,-18
113000211,62,419,-357
113000212,32,57,-25
113000213,16,131,-115
113000214,249,532,-283
113000234,366,773,-407
113000410,37,177,-140
113000411,1076,1742,-666
113000412,8981,1455,7526
113000413,1012,3108,-2096
113000414,4685,13612,-8927
113000415,2377,1368,1009
113000416,2117,1987,130
113000417,832,1129,-297
113000418,6163,3954,2209
113000419,1997,1750,247
113000420,3178,5208,-2030
113000421,5807,7192,-1385
113000422,8257,9953,-1696
113000423,1192,5888,-4696
113000424,2032,14187,-12155
113000425,11,137,-126
113000428,22,54,-32
113000430,1,162,-161
113000432,2940,190,2750
113000433,96,1063,-967
113000434,19,113,-94
113000435,15,123,-108
113000436,1,966,-965
113000437,2128,81,2047
113000438,647,55,592
113000439,52,40,12
113000440,228,55,173
113000441,362,236,126
113000442,479,32,447
113000443,528,125,403
113000444,805,29,776
113000445,120,62,58
113000446,118,211,-93
113000448,1358,489,869
113000449,290,1377,-1087
113000450,2402,4063,-1661
113000451,5468,669,4799
113000452,124,766,-642
113000453,32,1255,-1223
113000454,283,391,-108
113000455,19,3159,-3140
113000456,1415,1990,-575
113000468,774,116,658
113000469,47,75,-28
113000470,1091,12,1079
113000471,29,545,-516
113000472,91,285,-194
113000474,2291,1136,1155
113000475,1643,861,782
113000476,4373,2573,1800
113000477,6077,2061,4016
113000478,2743,2530,213
113000479,276,163,113
113000483,0,0,0
113000484,0,0,0
113000485,0,0,0
113000486,0,0,0
113000487,0,0,0
113000488,0,0,0
113000489,0,0,0
113000490,0,0,0
113000491,0,0,0
113000492,0,0,0
113000493,0,0,0
113000495,442,87,355
113000496,210,174,36
113000499,0,0,0
113900001,37,4176,-4139
113900002,38,144,-106
113900003,2,520,-518
113900004,8,906,-898
113900005,11,1361,-1350
113900006,2,108,-106
113900007,73,155,-82
113900008,73,0,73
113900009,147,0,147
113900010,88,3,85
113900011,408,2,406
113900012,113,2,111
113900013,129,12,117
113900014,1201,2,1199
113900015,0,27,-27
113900016,17,0,17
113900017,1,33,-32
113900018,78,164,-86
113900019,239,27,212
113900020,236,7,229
113900022,86,2,84
113900023,45,0,45
113900024,81,34,47
113900025,321,14,307
113900026,137,0,137
113900027,6,75,-69
113900028,21,146,-125
113900029,250,55,195
113900030,721,8,713
113900031,27,1,26
113900032,50,0,50
113900033,72,23,49
113900035,47,0,47
113900036,108,114,-6
113900037,183,288,-105
113900038,12,185,-173
113900039,377,22,355
113900040,9,28,-19
113900041,19,0,19
113900042,197,23,174
113900043,305,26,279
113900044,77,187,-110
113900045,134,4,130
113900046,135,1475,-1340
113900047,281,66,215
113900048,324,135,189
113900049,113,541,-428
113900050,272,266,6
113900051,340,99,241
113900052,79,18,61
113900053,328,1066,-738
113900054,43,6,37
113900055,75,499,-424
113900056,141,48,93
113900057,10,39,-29
113900058,110,30,80
113900059,463,233,230
113900060,23,104,-81
113900061,783,83,700
113900062,137,45,92
113900063,204,38,166
113900064,15,29,-14
113900065,782,37,745
113900066,1196,131,1065
113900067,422,75,347
113900068,357,1278,-921
113900069,31,26,5
113900070,112,265,-153
113900071,201,9,192
113900072,48,34,14
113900073,823,383,440
113900074,422,232,190
113900075,1173,3173,-2000
113900076,168,16,152
113900077,50,48,2
113900078,55,4,51
113900079,0,11,-11
113900080,589,153,436
113900081,194,53,141
113900082,345,284,61
113900083,593,45,548
113900084,235,89,146
113900085,18,112,-94
113900086,114,47,67
113900087,141,34,107
113900088,140,87,53
113900089,632,28,604
113900090,574,281,293
113900091,10,10,0
113900092,9,99,-90
113900093,71,2329,-2258
113900094,1008,273,735
113900095,130,348,-218
113900096,363,63,300
113900097,40,123,-83
113900098,1055,316,739
113900099,1,31,-30
113900100,1,1,0
113900101,11,126,-115
113900102,67,201,-134
113900103,149,574,-425
113900104,163,404,-241
113900105,484,19,465
113900106,0,18,-18
113900107,0,1,-1
113900108,48,353,-305
113900109,170,378,-208
113900110,49,16,33
113900111,243,45,198
113900112,291,52,239
113900113,1407,371,1036
113900114,1,8,-7
113900115,0,5,-5
113900116,11,227,-216
113900117,29,59,-30
113900118,68,1175,-1107
113900119,41,218,-177
113900120,108,38,70
113900121,243,86,157
113900122,498,5545,-5047
113900123,684,173,511
113900124,0,107,-107
113900125,1574,211,1363
113900126,38,49,-11
113900127,482,642,-160
113900128,379,66,313
113900129,1,245,-244
113900130,1,130,-129
113900131,269,57,212
113900132,64,140,-76
113900133,2,16,-14
113900135,485,712,-227
113900136,33,38,-5
113900137,399,328,71
113900138,8,124,-116
113900139,441,442,-1
113900140,29,209,-180
113900141,1033,163,870
113900142,83,16,67
113900143,11,58,-47
113900144,73,321,-248
113900145,343,237,106
113900146,280,14,266
113900148,24,293,-269
113900149,167,274,-107
113900150,246,154,92
113900151,317,177,140
113900152,43,93,-50
113900153,71,337,-266
113900154,2,135,-133
113900155,30,162,-132
113900156,397,220,177
113900157,45,569,-524
113900158,65,203,-138
113900159,7,196,-189
113900160,446,345,101
113900161,163,239,-76
113900162,120,392,-272
113900163,225,115,110
113900164,599,53,546
113900165,500,590,-90
113900166,15,51,-36
113900167,510,24,486
113900168,31,46,-15
113900169,240,271,-31
113900171,401,31,370
113900172,4,121,-117
113900173,9,228,-219
113900174,567,438,129
113900175,233,167,66
113900176,268,237,31
113900177,189,163,26
113900178,276,221,55
113900179,6,183,-177
113900180,164,83,81
113900181,1217,232,985
113900182,641,380,261
113900183,89,33,56
113900184,38,227,-189
113900185,91,41,50
113900186,0,5,-5
113900187,4,58,-54
113900188,23,70,-47
113900189,341,245,96
113900190,204,84,120
113900191,51,74,-23
113900192,1,801,-800
113900193,3,110,-107
113900194,1301,344,957
113900195,308,225,83
113900196,1,164,-163
113900197,0,43,-43
113900198,5,777,-772
113900199,15,287,-272
113900200,0,41,-41
113900201,0,62,-62
113900202,32,59,-27
113900203,0,27,-27
113900204,10,327,-317
113900205,0,16,-16
113900206,2,75,-73
113900207,0,40,-40
113900208,0,8,-8
113900209,0,26,-26
113900210,1324,755,569
113900211,160,33,127
113900212,404,243,161
113900214,159,244,-85
113900215,234,165,69
113900216,250,209,41
113900217,201,42,159
113900218,62,44,18
113900219,162,809,-647
113900220,115,298,-183
113900221,160,502,-342
113900222,189,1015,-826
113900223,315,209,106
113900224,82,54,28
113900225,368,90,278
113900226,325,91,234
113900227,208,339,-131
113900228,193,690,-497
113900229,48,1486,-1438
113900230,1503,3544,-2041
113900231,193,71,122
113900232,176,38,138
113900233,95,28,67
113900234,472,419,53
113900235,150,28,122
113900236,357,68,289
113900237,190,10,180
113900238,103,675,-572
113900239,95,211,-116
113900240,2,159,-157
113900241,35,132,-97
113900242,11,357,-346
113900243,26,118,-92
113900244,113,138,-25
113900245,422,284,138
113900246,37,18,19
113900247,55,645,-590
113900248,2212,2573,-361
113900249,335,651,-316
113900250,32,842,-810
113900251,1378,51,1327
113900252,1373,23,1350
113900253,904,31,873
113900254,660,166,494
113900255,1140,8,1132
113900256,690,26,664
113900257,25,289,-264
113900258,15,165,-150
113900259,1041,80,961
113900260,536,15,521
113900261,43,58,-15
113900262,248,163,85
113900263,14,294,-280
113900264,0,122,-122
113900265,105,211,-106
113900266,28,179,-151
113900267,29,977,-948
113900268,269,500,-231
113900269,237,123,114
113900270,237,340,-103
113900271,543,299,244
113900273,1,32,-31
113900274,55,110,-55
113900275,10,226,-216
113900276,1,63,-62
113900277,315,7,308
113900278,79,116,-37
113900279,56,12,44
113900280,777,385,392
113900281,74,1026,-952
113900282,155,248,-93
113900283,514,667,-153
113900284,1593,184,1409
113900285,94,2,92
113900286,24,21,3
113900287,146,12,134
113900288,1,127,-126
113900289,267,174,93
113900290,513,777,-264
113900291,50,47,3
113900292,6,2,4
113900293,4,226,-222
113900294,1199,19,1180
113900295,448,198,250
113900296,2024,266,1758
113900297,2487,45,2442
113900298,66,2208,-2142
113900299,201,7,194
113900300,5123,5263,-140
113900301,439,1033,-594
113900302,1146,1063,83
113900303,157,1776,-1619
113900304,1,180,-179
113900305,306,5,301
113900306,226,0,226
113900307,2,0,2
113900308,19,60,-41
113900309,3,305,-302
113900310,0,3,-3
113900311,15,1,14
113900312,132,201,-69
113900313,4,1,3
114000001,993,1510,-517
114000002,510,245,265
114000003,172,159,13
114000004,678,195,483
114000005,523,111,412
114000006,1280,1413,-133
114000007,798,882,-84
114000008,1818,1804,14
114000009,1551,373,1178
114000011,3641,1690,1951
114000012,5782,1514,4268
114000013,2657,1068,1589
114000014,650,90,560
114000015,2776,161,2615
114000016,445,59,386
114000017,153,1106,-953
114000018,62,66,-4
114000026,3857,1058,2799
114000027,4763,2503,2260
114000028,2336,5416,-3080
114000038,388,137,251
114000039,38,13,25
114000040,142,378,-236
114000042,283,212,71
114000043,44,21,23
114000044,507,17,490
114000045,19,68,-49
114000046,1502,3478,-1976
114000047,23,163,-140
114000048,148,61,87
114000049,2063,1394,669
114000050,1968,1665,303
114000051,3506,1990,1516
114000052,3619,2872,747
114000053,18,776,-758
114000054,227,682,-455
114000055,604,19,585
114000056,136,1132,-996
114000057,3419,1522,1897
114000058,71,1196,-1125
114000059,37,1559,-1522
114000060,674,1075,-401
114000061,2522,3520,-998
114000062,337,1263,-926
114000063,924,1063,-139
114000064,1331,5112,-3781
114000065,1081,1923,-842
114000066,742,992,-250
114000067,43,1732,-1689
114000068,277,971,-694
114000069,1052,526,526
114000070,3084,1735,1349
114000071,1044,737,307
114000072,843,172,671
114000073,29,22,7
114000074,174,5,169
114000075,100,31,69
114000076,16,69,-53
114000077,0,8,-8
114000078,476,273,203
114000079,341,28,313
114000080,60,68,-8
114000081,85,100,-15
114000082,37,249,-212
114000083,99,31,68
114000084,280,126,154
114000085,73,181,-108
114000086,269,138,131
114000087,308,46,262
114000088,28,11,17
114000089,402,142,260
114000090,848,1488,-640
114000091,1031,1095,-64
114000092,464,553,-89
114000093,1488,533,955
114000094,723,461,262
114000095,327,160,167
114000096,59,287,-228
114000097,124,160,-36
114000098,653,189,464
114000099,1369,108,1261
114000100,1965,471,1494
114000101,643,247,396
114000102,876,376,500
114000103,148,102,46
114000104,50,120,-70
114000105,450,178,272
114000106,728,2978,-2250
114000107,703,164,539
114000108,939,583,356
114000109,1044,3331,-2287
114000110,361,672,-311
114000111,3301,1647,1654
114000112,350,1037,-687
114000113,1542,390,1152
114000114,293,961,-668
114000115,2372,657,1715
114000116,1216,6973,-5757
114000117,6397,849,5548
114000118,5588,344,5244
114000119,4746,394,4352
114000120,805,944,-139
114000121,630,584,46
114000122,491,428,63
114000123,3166,501,2665
114000124,2463,657,1806
114000125,1353,1198,155
114000126,2772,347,2425
114000127,241,79,162
114000128,1306,212,1094
114000130,757,506,251
114000131,691,126,565
114000132,688,208,480
114000133,516,1072,-556
114000134,129,18,111
114000138,26,106,-80
114000139,518,743,-225
114000144,757,805,-48
114000145,40,15,25
114000146,74,27,47
114000147,1307,2706,-1399
114000148,708,2192,-1484
114000149,384,554,-170
114000150,239,658,-419
114000151,598,2758,-2160
114000152,103,30,73
114000153,560,3187,-2627
114000154,529,754,-225
114000155,874,4319,-3445
114000156,877,1131,-254
114000157,421,2461,-2040
114000158,1163,600,563
114000159,107,342,-235
114000160,86,915,-829
114000161,967,2289,-1322
114000162,1624,2705,-1081
114000163,2,30,-28
114000165,546,600,-54
114000166,349,615,-266
114000167,2739,1113,1626
114000168,430,175,255
114000169,1088,1076,12
114000170,1213,952,261
114000171,1868,18867,-16999
114000174,124,236,-112
114000176,221,625,-404
114000177,584,358,226
114000178,119,37,82
114000179,957,1101,-144
114000180,164,222,-58
114000181,1403,10599,-9196
114000182,880,2840,-1960
114000183,711,609,102
114000184,2611,414,2197
114000185,1735,947,788
114000189,2234,104,2130
114000190,4934,436,4498
114000191,122,754,-632
114000192,204,724,-520
114000193,196,918,-722
114000194,2059,1050,1009
114000195,350,372,-22
114000196,0,157,-157
114000197,3539,47,3492
114000198,771,302,469
114000199,1294,1248,46
114000200,581,1219,-638
114000201,232,1007,-775
114000202,1220,733,487
114000203,718,821,-103
114000204,127,538,-411
114000205,276,996,-720
114000206,896,1436,-540
114000207,544,691,-147
114000208,560,1154,-594
114000209,328,1572,-1244
114000210,251,766,-515
114000211,1463,1713,-250
114000212,610,1262,-652
114000213,1705,355,1350
114000214,79,123,-44
114000215,133,151,-18
114000216,2671,430,2241
114000217,489,174,315
114000218,501,89,412
114000219,2491,186,2305
114000220,40,705,-665
114000221,1866,164,1702
114000222,152,580,-428
114000223,1026,134,892
114000224,68,319,-251
114000225,580,247,333
114000226,303,178,125
114000227,741,537,204
114000228,1026,599,427
114000229,2162,1416,746
114000230,2050,992,1058
114000231,1452,1780,-328
114000232,1731,273,1458
114000233,3603,121,3482
114000234,1523,855,668
114000235,2192,1703,489
114000236,1,401,-400
114000237,277,677,-400
114000238,168,512,-344
114000239,166,1020,-854
114000240,1050,1747,-697
114000241,403,892,-489
114000242,887,967,-80
114000243,3417,1266,2151
114000244,1049,535,514
114000245,789,1399,-610
114000246,228,30,198
114000247,724,732,-8
114000248,2814,751,2063
114000249,617,615,2
114000250,1070,219,851
114000251,457,283,174
114000252,81,9,72
114000253,42,63,-21
114000254,36,3,33
114000255,754,234,520
114000256,359,2044,-1685
114000257,546,952,-406
114000258,704,140,564
114000259,239,280,-41
114000260,1,27,-26
114000261,109,70,39
114000262,434,86,348
114000263,31,7,24
114000264,1858,477,1381
114000265,0,0,0
114000267,6,3012,-3006
114000268,1,737,-736
114000270,486,21,465
114000271,399,90,309
114000283,2381,382,1999
114000285,42,86,-44
114000288,193,325,-132
114000289,2227,140,2087
114000293,363,543,-180
114000294,493,400,93
114000395,2118,49,2069
114000396,664,615,49
114000402,1506,223,1283
114000403,471,153,318
114000405,313,210,103
114000423,578,184,394
114000424,633,117,516
114000425,1743,134,1609
114000426,391,1075,-684
114000427,77,62,15
114000428,76,161,-85
114000429,19,124,-105
114000432,235,72,163
114000434,43,31,12
114000435,0,43,-43
114900001,999,218,781
114900002,266,50,216
114900003,1266,265,1001
114900004,221,474,-253
114900005,693,207,486
114900006,90,117,-27
114900007,216,26,190
114900008,377,100,277
114900010,1058,2150,-1092
114900011,418,71,347
114900013,399,105,294
114900015,105,1093,-988
114900018,1009,76,933
114900020,113,42,71
114900022,2,558,-556
114900024,135,147,-12
114900025,665,65,600
114900026,110,75,35
114900027,130,171,-41
114900029,44,20,24
114900030,267,136,131
114900031,809,17,792
114900032,688,10,678
114900033,770,2435,-1665
114900034,19,21,-2
114900035,82,490,-408
114900036,301,297,4
114900037,126,63,63
114900038,399,244,155
114900039,1024,124,900
114900040,116,19,97
114900041,1794,146,1648
114900042,2372,209,2163
114900043,310,90,220
114900044,217,55,162
114900046,30,13,17
114900047,209,5453,-5244
114900048,7,135,-128
114900049,2,74,-72
114900050,76,97,-21
114900051,12,83,-71
114900052,11,96,-85
114900053,40,124,-84
114900054,22,45,-23
114900057,190,27,163
114900058,0,22,-22
114900059,182,54,128
114900060,234,610,-376
114900061,59,36,23
114900062,114,426,-312
114900063,131,36,95
114900064,2906,139,2767
114900065,359,948,-589
114900067,26,208,-182
114900068,6,74,-68
114900069,170,13,157
114900070,738,100,638
114900072,2,157,-155
114900073,1,38,-37
114900074,1340,239,1101
114900075,173,9,164
114900076,1,151,-150
114900080,678,108,570
114900082,1831,3272,-1441
114900083,325,581,-256
114900090,765,148,617
114900091,77,69,8
114900095,202,83,119
114900096,164,357,-193
114900097,209,4,205
114900098,1,293,-292
114900099,338,12,326
115000001,5580,3045,2535
115000002,6555,7494,-939
115000003,4500,2586,1914
115000004,6253,8233,-1980
115000005,2538,3338,-800
115000006,2203,2614,-411
115000007,819,412,407
115000008,769,923,-154
115000009,777,562,215
115000010,441,386,55
115000013,43,208,-165
115000015,62,406,-344
115000016,16,290,-274
115000019,55,809,-754
115000020,186,1440,-1254
115000021,281,423,-142
115000022,478,191,287
115000023,566,471,95
115000024,739,205,534
115000025,985,646,339
115000026,162,229,-67
115000027,579,292,287
115000028,168,399,-231
115000029,1433,116,1317
115000030,515,798,-283
115000031,772,179,593
115000032,11,162,-151
115000033,205,21,184
115000034,172,1254,-1082
115000035,1081,89,992
115000036,0,316,-316
115000037,626,45,581
115000038,72,196,-124
115000039,3578,5213,-1635
115000040,4191,2808,1383
115000041,2877,5421,-2544
115000042,570,571,-1
115000043,4646,3492,1154
115000044,3068,3049,19
115000045,3467,997,2470
115000046,4589,3450,1139
115000047,4190,2049,2141
115000048,3734,2005,1729
115000049,1400,3927,-2527
115000050,4243,1313,2930
115000051,2372,7134,-4762
115000052,1401,1067,334
115000053,3862,3745,117
115000054,646,984,-338
115000055,180,1422,-1242
115000056,141,417,-276
115000057,671,2150,-1479
115000058,65,538,-473
115000059,122,457,-335
115000061,230,362,-132
115000062,348,598,-250
115000063,775,486,289
115000064,426,150,276
115000065,74,557,-483
115000067,561,27,534
115000069,172,315,-143
115000070,27,1681,-1654
115000071,168,24,144
115000072,2,41,-39
115000073,2296,100,2196
115000075,109,73,36
115000076,2287,2204,83
115000077,2952,1325,1627
115000078,2636,923,1713
115000079,2803,1184,1619
115000080,6060,1159,4901
115000081,316,413,-97
115000082,9046,6830,2216
115000083,2889,1001,1888
115000084,4386,1043,3343
115000085,1824,809,1015
115000086,1841,1024,817
115000087,523,2194,-1671
115000088,1909,850,1059
115000089,1586,1175,411
115000090,526,1076,-550
115000091,431,444,-13
115000092,1216,1492,-276
115000093,1063,11,1052
115000094,4896,10166,-5270
115000095,4315,11430,-7115
115000096,1642,843,799
115000097,3088,2457,631
115000098,2837,675,2162
115000099,3587,1424,2163
115000100,2544,338,2206
115000101,800,1149,-349
115000102,760,202,558
115000103,533,510,23
115000105,202,145,57
115000106,1622,791,831
115000107,319,288,31
115000108,2344,1635,709
115000109,3584,6266,-2682
115000110,1569,2283,-714
115000111,509,816,-307
115000112,865,562,303
115000113,480,542,-62
115000114,766,354,412
115000116,2316,1684,632
115000117,1795,2550,-755
115000118,2320,1856,464
115000119,1694,1992,-298
115000120,719,1328,-609
115000121,537,545,-8
115000122,661,1919,-1258
115000123,2037,2284,-247
115000124,1104,1513,-409
115000125,607,1910,-1303
115000126,160,810,-650
115000127,544,192,352
115000128,434,1720,-1286
115000129,233,1028,-795
115000130,591,662,-71
115000131,997,322,675
115000132,707,411,296
115000133,1274,159,1115
115000134,404,544,-140
115000135,182,141,41
115000136,392,426,-34
115000137,90,290,-200
115000138,473,263,210
115000139,319,233,86
115000140,853,299,554
115000141,323,80,243
115000142,405,93,312
115000143,1333,1471,-138
115000144,635,84,551
115000145,346,277,69
115000146,664,1384,-720
115000147,465,794,-329
115000148,492,946,-454
115000149,992,333,659
115000150,718,828,-110
115000151,1898,393,1505
115000152,891,2005,-1114
115000153,2128,456,1672
115000154,1426,225,1201
115000155,845,1805,-960
115000156,909,1208,-299
115000157,276,2295,-2019
115000158,201,855,-654
115000159,677,1225,-548
115000160,598,520,78
115000161,124,373,-249
115000162,470,1222,-752
115000163,654,783,-129
115000164,580,1031,-451
115000165,249,978,-729
115000167,119,358,-239
115000168,482,1331,-849
115000169,295,1781,-1486
115000170,101,319,-218
115000171,241,902,-661
115000172,1089,1168,-79
115000173,505,1550,-1045
115000174,73,924,-851
115000175,180,323,-143
115000176,65,147,-82
115000177,40,249,-209
115000178,17,202,-185
115000179,41,125,-84
115000180,105,304,-199
115000181,1154,213,941
115000182,2247,405,1842
115000183,567,572,-5
115000186,1013,156,857
115000187,214,451,-237
115000188,881,537,344
115000189,473,401,72
115000190,1247,1043,204
115000191,369,848,-479
115000194,81,118,-37
115000195,196,471,-275
115000196,331,77,254
115000197,442,137,305
115000198,994,211,783
115000199,998,91,907
115000200,632,281,351
115000201,356,116,240
115000206,683,22,661
115000207,630,146,484
115000208,417,572,-155
115000209,1015,570,445
115000210,299,198,101
115000211,477,207,270
115000212,1537,527,1010
115000224,218,126,92
115000225,182,45,137
115000229,254,73,181
115000230,211,340,-129
115000231,433,1291,-858
115000232,4117,503,3614
115000233,72,406,-334
115000234,20,495,-475
115000241,183,83,100
115000242,307,92,215
115000243,303,84,219
115000244,13,486,-473
115000246,90,19,71
115000247,47,47,0
115000248,133,29,104
115000249,39,11,28
115000250,328,28,300
115000251,715,61,654
115000252,186,326,-140
115000253,21,727,-706
115000258,804,73,731
115000259,276,73,203
115000261,65,37,28
115000262,28,34,-6
115000263,11,50,-39
115000264,7,23,-16
115000267,52,93,-41
115000268,50,69,-19
115000269,78,34,44
115000270,28,18,10
115000272,163,129,34
115000273,829,9,820
115000280,1396,407,989
115000281,316,656,-340
115000282,650,1481,-831
115000284,157,359,-202
115000296,493,10,483
115000297,137,491,-354
115000298,46,808,-762
115000300,243,140,103
115000302,1166,148,1018
115000303,1790,92,1698
115000304,1515,149,1366
115000305,108,455,-347
115000306,317,264,53
115000307,181,287,-106
115000308,34,50,-16
115000309,62,101,-39
115000310,3034,472,2562
115000311,2089,1262,827
115000313,229,416,-187
115000314,991,392,599
115000315,1411,1445,-34
115000316,189,201,-12
115000317,333,526,-193
115000318,1197,482,715
115000319,281,233,48
115000320,39,575,-536
115000321,617,45,572
115000322,86,105,-19
115000449,143,178,-35
115000557,2,3018,-3016
115000558,218,238,-20
115000587,1341,307,1034
115000588,2764,3516,-752
115000589,6538,4344,2194
115000590,1021,2184,-1163
115000591,1490,1282,208
115000592,544,2418,-1874
115000593,2013,1504,509
115000594,243,3518,-3275
115000609,430,321,109
115000617,522,2808,-2286
115000624,563,42,521
115000633,418,1389,-971
115000634,3831,903,2928
115000635,978,227,751
115000638,470,316,154
115000641,58,576,-518
115000642,341,188,153
115000643,102,207,-105
115000644,127,352,-225
115000646,747,1183,-436
115000647,193,525,-332
115000648,4848,966,3882
115000893,3025,1554,1471
115000894,139,883,-744
115000895,308,1667,-1359
115000896,1735,906,829
115000897,464,188,276
115000898,532,471,61
115000899,275,1973,-1698
115000900,81,893,-812
115000901,102,282,-180
115000912,548,81,467
115000913,0,16,-16
115000915,30,0,30
115000916,11,0,11
115000917,0,30,-30
115000918,51,884,-833
115000919,2,97,-95
115000920,9,164,-155
115000921,395,162,233
115000922,553,1507,-954
115000923,69,3397,-3328
115000925,157,170,-13
115000927,78,122,-44
115000933,59,926,-867
115000934,126,186,-60
115000935,319,84,235
115000936,114,1314,-1200
115000937,1531,582,949
115000938,21,305,-284
115000939,26,211,-185
115000940,1,73,-72
115000941,2,113,-111
115000942,23,273,-250
115000943,4,271,-267
115000944,3,6,-3
115900001,366,32,334
115900002,117,133,-16
115900003,188,147,41
115900004,0,26,-26
115900005,288,28,260
115900006,122,128,-6
115900008,243,3,240
115900009,58,679,-621
115900010,565,102,463
115900011,488,315,173
115900012,417,6,411
115900013,431,141,290
115900014,187,91,96
115900015,311,34,277
115900016,136,67,69
115900017,71,15,56
115900018,158,13,145
115900019,100,26,74
115900020,200,1,199
115900021,605,506,99
115900022,1236,5,1231
115900023,11,36,-25
115900025,43,237,-194
115900026,467,102,365
115900027,0,194,-194
115900028,237,26,211
115900029,22,148,-126
115900030,43,28,15
115900031,85,432,-347
115900032,328,830,-502
115900033,0,95,-95
115900034,10,110,-100
115900035,69,21,48
115900036,68,4614,-4546
115900037,29,113,-84
115900038,119,28,91
115900039,324,106,218
115900041,127,1146,-1019
115900042,52,14,38
115900043,257,38,219
115900044,142,595,-453
115900046,1129,69,1060
115900047,69,251,-182
115900049,256,125,131
115900051,4,17,-13
115900052,70,72,-2
115900053,445,74,371
115900054,529,10,519
115900055,25,56,-31
115900056,227,94,133
115900057,6,27,-21
115900058,24,25,-1
115900060,69,41,28
115900061,433,0,433
115900062,52,76,-24
115900063,57,1,56
115900064,346,352,-6
115900065,328,46,282
115900066,38,41,-3
115900067,9,54,-45
115900068,786,2024,-1238
115900069,34,237,-203
115900070,278,47,231
115900071,0,140,-140
115900072,12,102,-90
115900073,253,150,103
115900074,1,58,-57
115900075,44,126,-82
115900076,0,9,-9
115900077,0,62,-62
115900078,84,65,19
115900079,622,19,603
115900080,154,73,81
115900081,66,24,42
115900082,223,47,176
115900084,903,6,897
115900085,91,95,-4
115900086,1019,233,786
115900088,0,115,-115
115900089,726,324,402
115900090,964,18,946
115900091,7,26,-19
115900092,78,40,38
115900093,7,13,-6
115900094,2,25,-23
115900096,1,5,-4
115900097,8,77,-69
115900098,494,212,282
115900099,108,53,55
115900100,48,213,-165
115900101,506,116,390
115900102,152,13,139
115900103,494,78,416
115900104,129,40,89
115900105,295,189,106
115900106,218,3,215
115900107,112,43,69
115900108,326,5,321
115900109,8,231,-223
115900110,33,2,31
115900111,0,52,-52
115900112,35,469,-434
115900113,114,36,78
115900114,4,33,-29
115900115,87,93,-6
115900116,95,575,-480
115900117,248,11,237
115900118,0,42,-42
115900119,195,114,81
115900120,18,180,-162
115900121,413,100,313
115900124,185,1080,-895
115900125,854,27,827
115900126,1348,53,1295
115900127,1386,73,1313
115900128,5,339,-334
115900129,628,30,598
115900130,18,1504,-1486
115900131,656,21,635
115900132,1073,4,1069
115900134,444,17,427
115900135,1273,950,323
115900137,18,12,6
115900139,8,114,-106
115900140,668,32,636
115900141,0,81,-81
115900142,10,81,-71
115900143,343,292,51
115900144,419,148,271
115900146,21,135,-114
115900147,274,402,-128
115900148,35,11,24
115900149,340,27,313
115900150,113,10,103
115900151,165,57,108
115900152,331,184,147
115900153,352,95,257
115900154,397,480,-83
115900155,0,25,-25
115900156,1081,1004,77
115900157,458,683,-225
115900158,9,7,2
115900159,313,281,32
115900160,0,15,-15
115900161,12,64,-52
115900163,540,84,456
115900164,1238,21,1217
115900166,106,110,-4
115900168,473,79,394
115900171,132,277,-145
115900172,99,197,-98
115900173,273,132,141
115900174,175,395,-220
115900175,322,79,243
115900178,19,86,-67
115900179,609,6,603
115900180,240,70,170
115900181,540,78,462
115900182,1060,56,1004
115900183,7,132,-125
115900184,648,41,607
115900187,12,448,-436
115900189,1,217,-216
115900190,204,1530,-1326
115900191,44,143,-99
115900192,62,194,-132
115900193,101,77,24
115900194,1528,51,1477
115900195,631,4197,-3566
115900198,301,269,32
115900199,507,20,487
115900200,343,111,232
115900201,164,471,-307
115900202,1,328,-327
115900203,0,24,-24
115900204,0,25,-25
115900205,24,11,13
115900206,465,71,394
115900207,107,8,99
115900208,180,67,113
115900209,4,162,-158
115900210,3,205,-202
115900211,2,115,-113
115900212,305,190,115
115900213,96,226,-130
115900214,1193,112,1081
115900215,32,278,-246
115900216,1,36,-35
115900217,8,24,-16
115900218,2,23,-21
115900219,330,8,322
115900220,550,2,548
115900221,167,7,160
115900222,111,31,80
115900223,7,600,-593
115900224,640,2778,-2138
115900225,125,35,90
115900226,34,85,-51
115900227,19,128,-109
115900228,8,107,-99
115900229,3,106,-103
115900230,32,47,-15
115900231,187,6,181
115900232,156,8,148
115900233,173,16,157
115900234,117,80,37
115900235,65,49,16
115900236,37,54,-17
115900237,24,26,-2
115900238,22,50,-28
115900239,14,48,-34
115900240,8,27,-19
115900241,372,16,356
115900242,648,714,-66
115900243,13,18,-5
115900244,44,16,28
115900245,122,32,90
115900246,3,1,2
115900247,6,4,2
115900248,7,3,4
115900249,8,4,4
115900250,47,0,47
115900251,14,1,13
115900252,7,0,7
115900253,43,2,41
115900254,16,25,-9
115900255,3,89,-86
115900256,112,98,14
115900257,10,88,-78
115900258,0,2,-2
115900259,2,8,-6
115900260,30,9,21
115900261,3,1,2
115900262,0,4,-4
115900263,3,4,-1
115900264,38,3,35
115900265,0,12,-12
115900266,3,19,-16
115900267,2,14,-12
115900268,1,24,-23
115900269,1323,254,1069
115900270,529,110,419
115900271,370,0,370
115900272,63,9,54
115900273,7,56,-49
115900274,1,2,-1
115900275,0,5,-5
115900276,0,3,-3
115900277,0,59,-59
115900278,54,88,-34
115900279,28,379,-351
115900280,15,1292,-1277
115900281,211,454,-243
115900282,43,43,0
115900283,56,2,54
115900284,15,3,12
116000001,9218,2183,7035
116000002,7876,20980,-13104
116000003,1363,1940,-577
116000004,5160,7907,-2747
116000005,1041,5954,-4913
116000006,5032,9162,-4130
116000007,1895,2809,-914
116000008,7812,4015,3797
116000009,942,1039,-97
116000010,4911,1921,2990
116000011,709,899,-190
116000012,3502,1462,2040
116000013,5483,7603,-2120
116000014,15986,32351,-16365
116000015,209,2722,-2513
116000016,6876,7770,-894
116000017,52,723,-671
116000018,480,578,-98
116000019,2464,334,2130
116000020,786,1760,-974
116000021,1711,349,1362
116000022,968,542,426
116000023,2673,1555,1118
116000024,952,1220,-268
116000025,1344,1212,132
116000026,1521,6031,-4510
116000027,503,1232,-729
116000028,615,1089,-474
116000029,476,367,109
116000030,585,894,-309
116000031,40,200,-160
116000032,623,142,481
116000033,1016,692,324
116000034,853,1079,-226
116000035,946,287,659
116000036,425,3862,-3437
116000037,165,513,-348
116000038,91,2029,-1938
116000039,341,1693,-1352
116000040,475,2213,-1738
116000041,130,1346,-1216
116000042,1388,1466,-78
116000043,205,488,-283
116000044,5,36,-31
116000045,1194,1582,-388
116000046,911,2555,-1644
116000047,3203,4268,-1065
116000048,4338,1239,3099
116000049,2294,2853,-559
116000050,2092,1417,675
116000051,3389,3596,-207
116000052,3374,3176,198
116000053,3066,1148,1918
116000054,1499,2946,-1447
116000055,1455,1305,150
116000056,1958,1101,857
116000057,3562,1254,2308
116000058,7098,4149,2949
116000059,3216,5378,-2162
116000060,3994,2319,1675
116000061,701,1517,-816
116000062,777,705,72
116000063,772,2856,-2084
116000066,583,786,-203
116000067,509,487,22
116000068,210,464,-254
116000069,523,239,284
116000078,706,938,-232
116000080,2138,427,1711
116000082,4,16,-12
116000083,3046,386,2660
116000084,1064,1962,-898
116000085,2195,2356,-161
116000086,959,736,223
116000087,4426,2157,2269
116000088,1846,792,1054
116000089,218,133,85
116000090,269,239,30
116000091,234,903,-669
116000093,870,296,574
116000094,1488,412,1076
116000095,958,556,402
116000096,2781,3715,-934
116000097,1175,623,552
116000098,116,17105,-16989
116000099,5797,481,5316
116000100,509,30,479
116000101,1987,715,1272
116000102,289,571,-282
116000103,533,310,223
116000104,240,776,-536
116000105,2230,157,2073
116000106,450,768,-318
116000107,3719,322,3397
116000108,8,200,-192
116000111,200,19,181
116000113,152,67,85
116000114,14,87,-73
116000115,350,113,237
116000116,261,156,105
116000117,1597,1459,138
116000118,3030,1124,1906
116000119,5169,1409,3760
116000120,3482,1999,1483
116000121,1184,637,547
116000122,758,563,195
116000123,1907,453,1454
116000124,592,265,327
116000125,4486,456,4030
116000126,432,444,-12
116000127,1117,559,558
116000128,2894,818,2076
116000129,1925,90,1835
116000130,1576,737,839
116000133,2892,877,2015
116000134,1867,1097,770
116000135,4010,1502,2508
116000136,1045,1557,-512
116000137,1628,859,769
116000138,1832,902,930
116000139,3020,8040,-5020
116000140,205,532,-327
116000141,756,509,247
116000142,4105,1854,2251
116000143,3471,1274,2197
116000144,2708,2225,483
116000145,3388,1059,2329
116000146,1572,172,1400
116000147,453,537,-84
116000148,1736,2692,-956
116000149,1151,1340,-189
116000151,838,977,-139
116000153,175,367,-192
116000155,226,798,-572
116000156,1053,560,493
116000157,154,10,144
116000158,663,161,502
116000159,5,16,-11
116000160,80,36,44
116000161,8,154,-146
116000162,161,457,-296
116000163,140,58,82
116000164,65,109,-44
116000177,152,405,-253
116000194,101,467,-366
116000195,1796,862,934
116000196,108,4,104
116000197,28,28,0
116000198,2099,1376,723
116000200,1200,1144,56
116000201,702,735,-33
116000202,18,132,-114
116000203,0,21,-21
116000204,1,9,-8
116000205,0,67,-67
116000206,1,81,-80
116000207,4,72,-68
116000233,160,622,-462
116000287,533,107,426
116000288,561,238,323
116000292,97,134,-37
116000296,21,87,-66
116000297,167,17,150
116000304,291,30,261
116000305,30,86,-56
116000346,280,228,52
116000352,186,179,7
116000354,85,55,30
116000357,11,17,-6
116000358,591,156,435
116000361,152,0,152
116000372,4860,11806,-6946
116000381,291,1,290
116000388,1,22,-21
116000389,1075,339,736
116000445,1509,206,1303
116000446,892,242,650
116000447,73,836,-763
116000448,628,87,541
116000563,686,818,-132
116000565,58,223,-165
116000568,76,804,-728
116000579,12,128,-116
116000584,74,2,72
116000585,146,47,99
116000586,111,130,-19
116000587,369,283,86
116000589,42,52,-10
116000590,255,68,187
116000591,439,185,254
116000592,21,28,-7
116000593,0,18,-18
116000594,2328,126,2202
116000595,1126,63,1063
116000596,312,5,307
116000597,959,421,538
116000598,10,100,-90
116000605,155,103,52
116000606,68,664,-596
116000607,2,134,-132
116000609,71,2151,-2080
116000611,359,177,182
116000612,2952,2133,819
116000613,1022,382,640
116000614,924,253,671
116000615,3,988,-985
116000616,121,85,36
116000617,264,40,224
116000618,4,102,-98
116000619,28,104,-76
116000620,599,143,456
116000621,111,70,41
116000622,244,72,172
116000624,105,108,-3
116000627,109,50,59
116000628,140,323,-183
116000629,44,240,-196
116000630,1841,24,1817
116000631,1425,54,1371
116000632,2441,43,2398
116000633,452,181,271
116000634,710,78,632
116000635,2979,6146,-3167
116000636,676,2948,-2272
116000637,1102,23,1079
116000638,157,182,-25
116000640,35,106,-71
116000641,12,51,-39
116000644,98,175,-77
116900001,599,111,488
116900002,284,1,283
116900003,73,9,64
116900004,59,128,-69
116900005,450,36,414
116900006,112,163,-51
116900007,281,453,-172
116900008,1255,86,1169
116900009,12,11,1
116900010,0,334,-334
116900011,5,20,-15
116900012,221,414,-193
116900013,5,29,-24
116900014,304,19,285
116900015,908,54,854
116900016,296,2,294
116900017,1,306,-305
116900018,136,151,-15
116900019,1,56,-55
116900020,432,2775,-2343
116900023,24,5,19
116900024,1414,31,1383
116900025,2317,441,1876
116900026,38,602,-564
116900027,93,101,-8
116900028,0,21,-21
116900029,0,292,-292
116900031,0,2,-2
116900032,0,59,-59
116900033,43,8,35
116900034,1,9,-8
116900035,168,320,-152
116900036,16,95,-79
116900038,6,3,3
116900041,275,22,253
116900042,80,173,-93
116900043,9,106,-97
116900047,29,394,-365
116900049,8,248,-240
116900050,46,312,-266
116900051,560,22,538
116900052,259,40,219
116900055,0,19,-19
116900057,7,116,-109
116900058,14,312,-298
116900059,2,28,-26
116900060,111,681,-570
116900062,0,31,-31
116900064,74,190,-116
116900065,12,156,-144
116900067,149,27,122
116900068,222,109,113
116900070,20,24,-4
116900072,33,81,-48
116900073,14,95,-81
116900074,0,31,-31
116900076,4,116,-112
116900077,1,24,-23
116900078,135,16,119
116900079,61,155,-94
116900080,18,19,-1
116900081,145,595,-450
116900082,126,1245,-1119
116900083,5,10,-5
116900084,49,83,-34
116900085,2,102,-100
116900086,56,255,-199
116900088,378,12,366
116900090,8,16,-8
116900091,788,23,765
116900092,152,327,-175
116900093,4419,1456,2963
116900094,5267,8309,-3042
116900095,465,785,-320
116900096,101,425,-324
116900097,1283,5508,-4225
116900098,1287,433,854
116900099,192,1591,-1399
116900100,1529,152,1377
116900101,266,998,-732
116900103,124,0,124
116900104,10,479,-469
116900105,607,224,383
116900106,4241,98,4143
116900107,1199,4194,-2995
116900110,20,3,17
116900111,1390,210,1180
116900112,304,418,-114
116900113,1105,5482,-4377
116900116,23,1218,-1195
116900117,304,75,229
116900118,1929,967,962
116900120,534,63,471
116900121,411,17,394
116900122,1599,191,1408
116900123,1035,303,732
116900124,50,363,-313
116900125,837,89,748
116900126,121,794,-673
116900128,0,59,-59
116900129,1,164,-163
116900130,1768,5449,-3681
116900131,57,325,-268
116900132,132,67,65
116900133,266,195,71
116900134,378,339,39
116900136,386,54,332
116900137,325,160,165
116900138,148,118,30
116900139,78,230,-152
116900140,125,60,65
116900141,461,130,331
116900142,6,33,-27
116900143,406,132,274
116900144,69,20,49
116900145,131,528,-397
116900147,169,2682,-2513
116900148,6,10,-4
116900149,73,299,-226
116900150,4,1,3
116900151,156,99,57
116900153,166,132,34
116900154,164,662,-498
116900155,67,121,-54
116900157,1279,25,1254
116900158,147,439,-292
116900159,136,675,-539
116900160,1104,877,227
116900161,4876,13468,-8592
116900162,29,128,-99
116900163,341,19,322
116900164,103,50,53
116900165,778,452,326
116900166,182,44,138
116900167,587,25,562
116900168,990,10,980
116900169,186,2963,-2777
116900170,736,433,303
116900171,89,75,14
116900172,122,837,-715
116900173,584,13,571
116900174,77,192,-115
116900175,474,867,-393
116900178,138,102,36
116900179,15,522,-507
116900180,51,2,49
116900182,1564,456,1108
116900183,284,134,150
116900185,32,35,-3
116900186,146,54,92
116900187,68,125,-57
116900188,102,6,96
116900189,58,1,57
116900191,118,390,-272
116900192,560,140,420
116900194,137,2100,-1963
116900195,94,9,85
116900196,67,19,48
116900197,244,8,236
116900198,28,592,-564
116900200,119,1,118
116900201,399,4,395
116900202,91,43,48
116900203,174,5,169
116900204,20,496,-476
116900206,12,0,12
116900207,31,79,-48
116900208,9,86,-77
116900209,32,34,-2
116900210,872,484,388
116900211,290,3,287
116900212,187,8,179
116900213,403,140,263
116900214,494,379,115
116900215,102,50,52
116900216,479,339,140
116900218,2,192,-190
116900219,314,176,138
116900220,100,382,-282
116900221,321,283,38
116900222,531,302,229
116900223,60,139,-79
116900226,300,20,280
116900227,406,24,382
116900228,447,244,203
116900230,60,95,-35
116900231,140,195,-55
116900232,41,207,-166
116900233,385,103,282
116900234,13,1,12
116900235,265,175,90
116900238,552,153,399
116900239,1,782,-781
116900240,5176,4970,206
116900241,72,13,59
116900242,647,1789,-1142
116900243,0,16,-16
116900245,59,78,-19
116900246,135,30,105
116900247,1054,19,1035
116900248,55,23,32
116900249,774,88,686
116900250,795,61,734
116900251,422,1950,-1528
116900252,371,615,-244
116900253,220,73,147
116900254,82,170,-88
116900255,187,234,-47
116900256,1208,202,1006
116900257,16,79,-63
116900258,1,54,-53
116900259,429,15,414
116900260,4,29,-25
116900261,106,2,104
116900262,227,87,140
116900263,3,8,-5
116900264,103,178,-75
116900265,279,0,279
116900266,48,7,41
116900267,18,0,18
116900268,32,118,-86
116900269,426,2172,-1746
116900271,856,900,-44
116900272,896,435,461
116900273,49,1174,-1125
116900274,245,73,172
116900275,514,67,447
116900276,353,686,-333
116900277,141,100,41
116900278,3,4,-1
116900279,1,25,-24
116900280,98,9,89
116900281,3398,9117,-5719
116900282,1,8,-7
116900283,1,18,-17
116900284,5,89,-84
116900285,96,675,-579
116900286,39,7,32
116900287,3,10,-7
116900288,135,29,106
116900289,25,0,25
116900290,34,1,33
116900291,35,6,29
116900292,0,38,-38
116900293,156,3,153
116900294,4,125,-121
116900295,347,746,-399
116900296,73,484,-411
116900297,2,150,-148
116900298,132,202,-70
116900299,18,317,-299
116900300,1,194,-193
116900301,45,1124,-1079
116900302,24,301,-277
116900303,276,181,95
116900304,1,340,-339
116900305,57,80,-23
116900306,529,41,488
116900307,125,1,124
116900308,1,58,-57
116900309,412,34,378
117000001,3638,6340,-2702
117000002,2395,6886,-4491
117000003,8081,6838,1243
117000004,2536,10670,-8134
117000005,6168,4747,1421
117000006,1200,3493,-2293
117000007,10983,2079,8904
117000008,1373,3938,-2565
117000009,6695,2430,4265
117000010,1256,2782,-1526
117000011,5346,2036,3310
117000012,2328,1356,972
117000013,4555,2271,2284
117000014,2027,2834,-807
117000015,5393,2745,2648
117000016,467,1161,-694
117000017,171,3175,-3004
117000018,122,1482,-1360
117000019,72,179,-107
117000020,1398,2936,-1538
117000021,4615,1193,3422
117000022,327,971,-644
117000023,129,1382,-1253
117000024,170,1889,-1719
117000025,142,8394,-8252
117000026,2147,6117,-3970
117000027,2342,4747,-2405
117000028,1063,4520,-3457
117000030,546,678,-132
117000031,687,652,35
117000032,2034,3083,-1049
117000033,2794,1647,1147
117000034,357,274,83
117000035,463,799,-336
117000036,739,699,40
117000037,494,458,36
117000038,535,1144,-609
117000039,394,681,-287
117000040,153,715,-562
117000041,1583,107,1476
117000044,8,864,-856
117000045,2065,454,1611
117000046,595,2036,-1441
117000047,1420,1458,-38
117000048,1773,1692,81
117000049,18,396,-378
117000050,679,1373,-694
117000051,3781,55,3726
117000052,86,181,-95
117000053,1452,16,1436
117000054,2757,5,2752
117000055,0,1173,-1173
117000056,874,25,849
117000057,428,1430,-1002
117000060,694,1813,-1119
117000061,3602,2740,862
117000062,294,1877,-1583
117000063,2487,1319,1168
117000064,971,1070,-99
117000066,586,1589,-1003
117000067,113,696,-583
117000074,27,290,-263
117000076,16,42,-26
117000077,303,124,179
117000078,245,831,-586
117000079,566,255,311
117000080,3,844,-841
117000081,1206,187,1019
117000082,34,138,-104
117000083,242,18,224
117000084,340,1,339
117000085,824,1066,-242
117000086,1444,261,1183
117000087,230,740,-510
117000088,648,244,404
117000089,4395,330,4065
117000090,406,801,-395
117000091,2245,367,1878
117000092,570,955,-385
117000093,3058,686,2372
117000094,1034,1568,-534
117000095,4837,727,4110
117000096,1063,1187,-124
117000097,3863,1150,2713
117000098,1677,2249,-572
117000099,6834,1444,5390
117000100,294,287,7
117000101,125,631,-506
117000102,3309,839,2470
117000103,800,1253,-453
117000104,2525,998,1527
117000105,408,1266,-858
117000106,3309,951,2358
117000107,721,1412,-691
117000108,3248,1421,1827
117000109,1283,2272,-989
117000110,2678,2882,-204
117000111,5843,6724,-881
117000112,5435,1666,3769
117000113,219,92,127
117000114,433,146,287
117000115,85,57,28
117000116,292,293,-1
117000117,2921,1717,1204
117000118,706,939,-233
117000119,124,1619,-1495
117000120,27,3130,-3103
117000121,60,1692,-1632
117000122,2863,2880,-17
117000123,6036,138,5898
117000124,86,567,-481
117000125,63,1670,-1607
117000126,25,148,-123
117000127,149,1789,-1640
117000128,145,3653,-3508
117000129,466,2713,-2247
117000130,396,0,396
117000131,0,282,-282
117000132,8137,135,8002
117000133,5268,12,5256
117000134,2,635,-633
117000135,6,400,-394
117000136,0,167,-167
117000137,265,145,120
117000138,3,1653,-1650
117000140,543,1066,-523
117000141,2639,724,1915
117000181,605,161,444
117000182,4550,1710,2840
117000195,172,505,-333
117000196,618,210,408
117000225,26,464,-438
117000226,7,632,-625
117000276,546,39,507
117000277,0,122,-122
117000310,1512,3715,-2203
117000315,607,1188,-581
117000320,173,2,171
117000906,912,14,898
117000907,2,175,-173
117000909,137,153,-16
117000910,294,114,180
117000911,47,83,-36
117000915,5,137,-132
117000916,122,18,104
117000917,2459,81,2378
117000918,397,86,311
117000919,11,36,-25
117000920,2,913,-911
117000921,0,242,-242
117000922,22,124,-102
117000924,1771,1666,105
117000926,1521,1163,358
117000927,224,773,-549
117000928,0,189,-189
117000929,1287,155,1132
117000930,1155,25,1130
117000931,145,170,-25
117900002,56,1618,-1562
117900003,59,265,-206
117900005,8,385,-377
117900006,1,129,-128
117900007,314,88,226
117900008,0,16,-16
117900010,723,182,541
117900011,19,2278,-2259
117900012,144,51,93
117900013,1,295,-294
117900014,1512,369,1143
117900015,20,153,-133
117900016,1506,1830,-324
117900017,1827,818,1009
117900018,741,1401,-660
117900019,1770,405,1365
117900020,66,333,-267
117900021,37,389,-352
117900022,14,4,10
117900023,5391,237,5154
117900024,216,233,-17
117900025,12,1,11
117900026,1055,415,640
117900028,245,6,239
117900029,681,891,-210
117900030,687,772,-85
117900031,843,1428,-585
117900032,975,591,384
117900033,1266,704,562
117900034,203,91,112
117900035,419,122,297
117900036,693,235,458
117900037,330,94,236
117900038,73,67,6
117900039,0,52,-52
117900040,206,113,93
117900041,0,24,-24
117900042,2908,795,2113
117900043,0,24,-24
117900044,47,7946,-7899
117900045,511,101,410
117900048,358,67,291
117900049,695,741,-46
117900050,24,1551,-1527
117900051,12,64,-52
117900052,117,994,-877
117900053,2324,140,2184
117900054,8,21,-13
117900055,4195,498,3697
117900056,130,507,-377
117900057,1323,754,569
117900058,64,329,-265
117900059,159,404,-245
117900060,3535,1594,1941
117900061,56,588,-532
117900063,1000,236,764
117900065,301,1047,-746
117900066,15,188,-173
117900067,1609,278,1331
117900069,2007,222,1785
117900070,51,745,-694
117900071,445,127,318
117900073,1629,276,1353
117900074,40,1304,-1264
117900075,201,136,65
117900076,116,316,-200
117900077,997,148,849
117900078,668,585,83
117900080,333,85,248
117900081,231,316,-85
117900082,1013,309,704
117900083,1022,1030,-8
117900086,458,214,244
117900087,240,29,211
117900088,588,1093,-505
117900089,3413,579,2834
117900090,1311,964,347
117900091,188,57,131
117900092,296,168,128
117900093,116,33,83
117900094,123,56,67
117900095,1091,2031,-940
117900096,274,1157,-883
117900097,163,36,127
117900098,104,14,90
117900099,633,1621,-988
117900100,1057,3,1054
117900101,1619,3463,-1844
117900102,139,42,97
117900103,175,2,173
117900104,9,559,-550
117900105,112,228,-116
117900106,120,21,99
117900107,129,0,129
117900109,1282,383,899
117900110,373,2,371
117900111,1828,243,1585
117900112,73,9,64
117900113,1148,3613,-2465
117900114,67,1,66
117900115,31,582,-551
117900116,609,605,4
117900117,933,173,760
117900118,325,9,316
117900119,481,52,429
117900120,1526,42,1484
117900121,210,65,145
117900122,1072,7952,-6880
117900123,2036,843,1193
117900124,234,703,-469
117900125,1831,1096,735
117900126,108,271,-163
117900127,1013,267,746
117900128,626,161,465
117900129,208,5,203
117900130,965,330,635
117900131,1,135,-134
117900132,2,48,-46
117900133,27,35,-8
117900134,7,202,-195
117900135,23,26,-3
117900136,0,25,-25
117900137,52,183,-131
117900138,0,2,-2
117900139,103,73,30
117900140,10189,1846,8343
117900141,49,798,-749
117900142,12,1052,-1040
117900144,27,2663,-2636
117900145,20,516,-496
117900146,188,789,-601
117900147,213,220,-7
117900148,5988,5366,622
117900149,99,142,-43
117900150,106,90,16
117900151,41,446,-405
117900152,139,162,-23
117900153,38,329,-291
117900154,974,1129,-155
117900156,384,611,-227
117900157,98,723,-625
117900158,460,122,338
117900160,962,794,168
117900161,790,852,-62
117900162,1274,590,684
117900163,44,1640,-1596
117900165,0,10,-10
117900166,12,557,-545
117900168,43,123,-80
117900169,6,43,-37
117900170,2,16,-14
117900171,0,10,-10
117900172,15,11,4
117900173,29,76,-47
117900174,13,35,-22
117900175,1,33,-32
117900176,26,16,10
117900177,39,36,3
117900178,64,16,48
117900180,237,93,144
117900181,40,613,-573
117900182,2,73,-71
117900183,127,185,-58
117900184,53,45,8
117900185,87,28,59
117900186,94,54,40
117900187,17,3,14
117900188,168,21,147
117900189,138,22,116
117900190,12,0,12
117900191,128,0,128
117900192,360,0,360
117900193,0,58,-58
117900194,6,1,5
117900195,15,68,-53
117900196,22,16,6
117900207,57,191,-134
117900208,48,60,-12
117900209,239,106,133
117900210,93,50,43
117900211,1,48,-47
117900212,210,226,-16
117900213,92,9,83
117900214,1,8,-7
117900215,98,24,74
117900216,29,223,-194
117900217,90,329,-239
117900218,225,265,-40
117900219,10,351,-341
117900220,5,750,-745
117900222,206,103,103
117900223,81,492,-411
118000001,858,5335,-4477
118000002,454,1342,-888
118000003,2935,10118,-7183
118000004,1469,13863,-12394
118000005,5957,3463,2494
118000006,10989,7170,3819
118000007,6679,17265,-10586
118000008,1093,10291,-9198
118000009,1943,4715,-2772
118000010,4535,4763,-228
118000011,3392,1299,2093
118000012,1442,1993,-551
118000013,4353,4500,-147
118000014,2530,2206,324
118000016,485,156,329
118000017,1058,418,640
118000018,581,169,412
118000019,1292,2821,-1529
118000020,663,2732,-2069
118000021,898,4621,-3723
118000022,1269,918,351
118000023,545,572,-27
118000024,535,1219,-684
118000027,18569,8632,9937
118000029,902,588,314
118000032,231,2642,-2411
118000033,2088,6174,-4086
118000034,4022,5560,-1538
118000035,2735,3095,-360
118000036,1195,1803,-608
118000037,1275,3939,-2664
118000038,1132,104,1028
118000039,238,53,185
118000040,2384,2685,-301
118000041,5789,2475,3314
118000045,233,369,-136
118000046,1360,2017,-657
118000047,830,4801,-3971
118000048,2050,7898,-5848
118000051,886,6439,-5553
118000052,313,2174,-1861
118000053,725,1999,-1274
118000054,5273,1008,4265
118000055,4946,2080,2866
118000056,69,690,-621
118000057,147,344,-197
118000058,2031,8677,-6646
118000059,1613,4648,-3035
118000060,1677,802,875
118000061,1360,2411,-1051
118000062,451,242,209
118000063,489,1168,-679
118000064,779,2054,-1275
118000065,1970,2957,-987
118000066,2605,6053,-3448
118000067,545,840,-295
118000068,1039,16796,-15757
118000069,1323,2071,-748
118000070,10028,3289,6739
118000071,6329,16217,-9888
118000072,723,5979,-5256
118000073,463,2919,-2456
118000074,533,1487,-954
118000075,709,465,244
118000076,2960,13416,-10456
118000077,1608,3712,-2104
118000078,2386,4665,-2279
118000079,361,672,-311
118000080,537,2858,-2321
118000081,2123,3082,-959
118000082,547,1895,-1348
118000083,1569,3076,-1507
118000084,2383,3225,-842
118000086,231,1006,-775
118000087,7526,3819,3707
118000088,1480,3066,-1586
118000089,5619,5296,323
118000090,1287,5627,-4340
118000091,1817,6995,-5178
118000092,1245,966,279
118000093,202,1002,-800
118000096,1130,1231,-101
118000097,912,1215,-303
118000098,194,528,-334
118000099,1350,413,937
118000101,2906,653,2253
118000102,711,612,99
118000107,4433,730,3703
118000108,1592,6550,-4958
118000110,2,79,-77
118000111,1,208,-207
118000112,1839,10,1829
118000113,12,342,-330
118000114,1420,23,1397
118000115,4,29,-25
118000116,98,0,98
118000117,818,2493,-1675
118000118,1868,3374,-1506
118000119,1636,3435,-1799
118000120,1457,1620,-163
118000121,28,934,-906
118000122,756,440,316
118000123,110,442,-332
118000125,1190,3550,-2360
118000126,663,4004,-3341
118000127,1469,2171,-702
118000128,447,3637,-3190
118000129,2800,1483,1317
118000130,3434,5339,-1905
118000131,631,1763,-1132
118000132,4321,3859,462
118000133,2717,1675,1042
118000135,727,1720,-993
118000136,211,2620,-2409
118000137,724,391,333
118000138,550,703,-153
118000139,851,307,544
118000140,6910,13494,-6584
118000141,4748,2458,2290
118000142,5072,2036,3036
118000143,4674,1815,2859
118000144,899,464,435
118000145,1866,1110,756
118000146,2011,444,1567
118000147,1803,882,921
118000148,1515,1914,-399
118000149,1282,360,922
118000150,1096,342,754
118000151,971,264,707
118000153,2647,901,1746
118000154,2303,1476,827
118000155,3600,1028,2572
118000156,2919,5441,-2522
118000157,1211,370,841
118000158,450,843,-393
118000159,31,148,-117
118000160,995,388,607
118000161,884,383,501
118000162,1606,1194,412
118000163,1628,1427,201
118000164,3109,2271,838
118000168,611,1782,-1171
118000169,1478,891,587
118000170,3733,3011,722
118000171,486,689,-203
118000172,103,176,-73
118000173,1215,1753,-538
118000175,316,308,8
118000176,555,496,59
118000177,536,738,-202
118000178,73,28,45
118000179,1025,646,379
118000180,745,646,99
118000181,642,151,491
118000182,373,189,184
118000183,280,360,-80
118000184,1849,613,1236
118000185,588,2418,-1830
118000186,444,1780,-1336
118000187,3923,539,3384
118000188,1291,40,1251
118000189,1615,432,1183
118000190,19,34,-15
118000191,10,33,-23
118000192,25,320,-295
118000193,4,176,-172
118000194,3199,1034,2165
118000195,383,9627,-9244
118000196,69,1662,-1593
118000197,61,356,-295
118000198,365,2773,-2408
118000199,315,2769,-2454
118000200,197,1563,-1366
118000201,76,1670,-1594
118000202,60,1046,-986
118000203,396,2063,-1667
118000204,43,1065,-1022
118000205,146,565,-419
118000206,273,601,-328
118000207,0,75,-75
118000208,2314,2127,187
118000209,3914,876,3038
118000210,188,43,145
118000211,148,69,79
118000213,415,8740,-8325
118000214,432,1642,-1210
118000215,606,185,421
118000216,13744,3024,10720
118000217,20,70,-50
118000218,154,34,120
118000219,258,390,-132
118000220,107,40,67
118000221,1001,1004,-3
118000222,90,8,82
118000223,105,48,57
118000224,271,69,202
118000225,277,2676,-2399
118000226,1548,220,1328
118000227,1653,785,868
118000228,81,588,-507
118000229,34,1430,-1396
118000230,78,472,-394
118000231,88,810,-722
118000232,1606,258,1348
118000233,1820,785,1035
118000234,766,86,680
118000236,237,781,-544
118000237,297,253,44
118000238,402,167,235
118000239,562,876,-314
118000240,126,113,13
118000241,495,162,333
118000242,691,280,411
118000243,462,110,352
118000244,171,46,125
118000246,1,32,-31
118000255,57,508,-451
118000256,267,332,-65
118000259,9,140,-131
118000260,340,109,231
118000261,158,31,127
118000263,205,294,-89
118000266,335,244,91
118000267,0,991,-991
118000268,502,16,486
118000270,453,4,449
118000271,405,191,214
118000272,86,33,53
118000273,542,40,502
118000274,86,519,-433
118000276,407,149,258
118000295,62,142,-80
118000298,126,106,20
118000299,64,78,-14
118000301,0,340,-340
118000302,152,30,122
118000311,2025,47,1978
118000312,714,93,621
118000313,92,40,52
118000314,245,17,228
118000315,77,23,54
118000316,1387,521,866
118000325,102,47,55
118000326,98,46,52
118000331,66,25,41
118000332,23,16,7
118000333,28,38,-10
118000335,1010,0,1010
118000336,0,237,-237
118000407,432,56,376
118000457,18,263,-245
118000465,684,3417,-2733
118000480,145,83,62
118000489,7,1018,-1011
118000490,6,461,-455
118000492,809,201,608
118000510,50,16,34
118000514,118,1104,-986
118000515,667,1589,-922
118000517,756,247,509
118000524,181,818,-637
118000525,602,730,-128
118000530,24,329,-305
118000531,589,214,375
118000532,365,253,112
118000533,355,151,204
118000534,1245,424,821
118000535,523,160,363
118000536,67,619,-552
118000537,14,234,-220
118000538,27,176,-149
118000539,43,141,-98
118000540,238,444,-206
118000541,70,215,-145
118000542,177,732,-555
118000543,233,598,-365
118000546,46,47,-1
118000553,0,0,0
118000560,1459,3538,-2079
118000562,78,181,-103
118000563,1713,852,861
118000576,321,56,265
118000577,223,258,-35
118000578,187,86,101
118000579,584,2931,-2347
118000583,0,0,0
118000595,234,53,181
118000596,1,967,-966
118000597,234,94,140
118000598,11,0,11
118000599,337,45,292
118000600,3,2,1
118000601,18,0,18
118000602,0,6,-6
118000603,0,17,-17
118000605,94,141,-47
118900001,875,1475,-600
118900002,1338,1131,207
118900003,1017,9,1008
118900004,197,71,126
118900005,167,10,157
118900006,258,1,257
118900007,1,1,0
118900008,1779,66,1713
118900009,182,144,38
118900010,59,18,41
118900011,200,12,188
118900012,349,420,-71
118900013,2514,797,1717
118900015,277,15,262
118900016,3,2,1
118900017,20,425,-405
118900018,1816,44,1772
118900019,5,3,2
118900020,11,360,-349
118900021,85,1393,-1308
118900022,80,18,62
118900023,58,412,-354
118900024,93,226,-133
118900025,33,45,-12
118900026,54,19,35
118900027,747,213,534
118900028,254,144,110
118900029,246,638,-392
118900030,783,76,707
118900031,150,63,87
118900032,356,65,291
118900033,470,1296,-826
118900034,273,35,238
118900035,173,129,44
118900036,1597,419,1178
118900037,351,1260,-909
118900038,678,93,585
118900039,1038,145,893
118900040,317,137,180
118900041,1090,479,611
118900042,99,44,55
118900045,201,157,44
118900046,383,452,-69
118900047,523,493,30
118900048,318,1239,-921
118900049,157,21,136
118900050,106,6,100
118900051,72,445,-373
118900052,322,1018,-696
118900053,31,132,-101
118900054,203,12,191
118900055,320,5,315
118900056,38,872,-834
118900057,1009,519,490
118900058,903,978,-75
118900059,24,213,-189
118900060,167,72,95
118900062,405,217,188
118900064,373,781,-408
118900065,102,322,-220
118900066,113,91,22
118900067,4351,5228,-877
118900068,10,891,-881
118900069,611,377,234
118900071,7,5,2
118900072,1625,1111,514
118900073,425,165,260
118900074,429,108,321
118900075,363,22,341
118900076,283,220,63
118900077,719,115,604
118900078,3,1,2
118900079,77,219,-142
118900080,157,45,112
118900081,46,72,-26
118900082,2715,278,2437
118900083,43,2,41
118900084,14,44,-30
118900085,306,438,-132
118900086,27,85,-58
118900087,165,1211,-1046
118900088,4,3,1
118900089,27,57,-30
118900090,300,201,99
118900091,234,357,-123
118900092,462,46,416
118900093,58,38,20
118900096,78,320,-242
118900097,352,691,-339
118900099,46,149,-103
118900100,105,336,-231
118900101,232,111,121
118900102,32,96,-64
118900103,11,110,-99
118900104,500,94,406
118900105,170,77,93
118900107,41,34,7
118900108,106,267,-161
118900110,2207,1511,696
118900111,1317,484,833
118900112,351,690,-339
118900113,101,368,-267
118900114,4,249,-245
118900115,101,274,-173
118900116,85,192,-107
118900117,113,110,3
118900118,405,318,87
118900119,279,264,15
118900120,82,286,-204
118900121,5,232,-227
118900122,4,1187,-1183
118900123,160,249,-89
118900124,263,372,-109
118900126,54,235,-181
118900129,323,126,197
118900130,28,313,-285
118900131,820,83,737
118900132,427,208,219
118900133,37,256,-219
118900135,465,229,236
118900136,447,242,205
118900137,4,148,-144
118900139,500,195,305
118900140,749,467,282
118900141,183,137,46
118900144,501,222,279
118900145,30,239,-209
118900146,665,411,254
118900147,243,1529,-1286
118900148,122,40,82
118900150,193,796,-603
118900152,605,328,277
118900157,79,516,-437
118900158,428,29,399
118900159,1,251,-250
118900161,79,35,44
118900163,76,27,49
118900164,2,54,-52
118900165,74,38,36
118900166,3,13,-10
118900167,50,17,33
118900168,37,120,-83
118900169,212,90,122
118900170,452,65,387
118900171,129,65,64
118900174,92,46,46
118900175,733,222,511
118900176,291,178,113
118900177,122,1,121
118900178,103,48,55
118900179,4,26,-22
118900181,245,72,173
118900182,25,20,5
118900183,34,244,-210
118900184,214,34,180
118900185,159,32,127
118900186,72,319,-247
118900187,147,1049,-902
118900188,406,430,-24
118900189,69,780,-711
118900190,132,188,-56
118900191,866,67,799
118900192,746,73,673
118900193,1247,3,1244
118900195,309,543,-234
118900196,38,175,-137
118900197,445,114,331
118900198,50,0,50
118900199,122,3,119
118900200,48,28,20
118900201,47,85,-38
118900202,2,48,-46
118900203,55,0,55
118900204,38,2,36
118900205,1,1,0
118900206,2,2,0
119000001,2009,2238,-229
119000002,4084,3555,529
119000003,4713,1196,3517
119000004,3064,3407,-343
119000005,2965,3728,-763
119000006,6553,2145,4408
119000007,5866,5434,432
119000008,2988,2570,418
119000009,2659,9536,-6877
119000010,4457,5620,-1163
119000011,2466,3244,-778
119000012,1209,4175,-2966
119000013,4291,2158,2133
119000014,2534,2494,40
119000019,338,206,132
119000020,3800,2008,1792
119000021,7339,4637,2702
119000022,1336,5615,-4279
119000023,222,505,-283
119000024,2457,33561,-31104
119000025,4750,1543,3207
119000026,55,651,-596
119000027,150,576,-426
119000028,2292,624,1668
119000029,23,229,-206
119000030,740,865,-125
119000031,1570,569,1001
119000032,1359,1716,-357
119000033,2591,1015,1576
119000034,2072,757,1315
119000035,30,253,-223
119000036,4368,438,3930
119000037,2502,826,1676
119000038,410,327,83
119000039,1167,725,442
119000040,1310,1391,-81
119000041,1344,2472,-1128
119000048,2294,1766,528
119000049,5216,3091,2125
119000050,1661,1719,-58
119000051,3899,1552,2347
119000052,5423,2897,2526
119000053,2724,1239,1485
119000054,4509,1294,3215
119000055,8573,1510,7063
119000056,6030,1686,4344
119000057,2754,821,1933
119000058,1884,1312,572
119000059,1129,1424,-295
119000060,2641,735,1906
119000061,1058,533,525
119000062,1066,901,165
119000063,1075,875,200
119000064,1054,783,271
119000065,1321,3368,-2047
119000066,2430,1378,1052
119000067,2239,1341,898
119000068,2948,875,2073
119000069,2427,1371,1056
119000070,3882,521,3361
119000071,364,423,-59
119000072,4973,2813,2160
119000073,4253,15591,-11338
119000074,2324,1417,907
119000075,5561,2712,2849
119000076,135,832,-697
119000077,968,403,565
119000078,611,213,398
119000079,148,424,-276
119000080,1353,216,1137
119000081,418,698,-280
119000082,1179,218,961
119000083,931,581,350
119000084,315,356,-41
119000085,689,108,581
119000086,227,1065,-838
119000087,893,237,656
119000088,236,110,126
119000089,106,186,-80
119000090,82,45,37
119000091,88,170,-82
119000092,299,207,92
119000093,5843,3114,2729
119000094,6577,7515,-938
119000095,3423,7972,-4549
119000097,1962,1007,955
119000098,1674,8823,-7149
119000099,2244,900,1344
119000100,7346,4300,3046
119000101,3593,1625,1968
119000102,366,2127,-1761
119000103,661,475,186
119000104,1514,939,575
119000105,1292,4766,-3474
119000106,644,733,-89
119000107,1881,729,1152
119000108,1066,901,165
119000109,194,429,-235
119000110,254,258,-4
119000111,57,794,-737
119000112,126,66,60
119000113,688,180,508
119000114,1894,1645,249
119000115,108,262,-154
119000116,152,135,17
119000117,80,453,-373
119000118,27,0,27
119000123,1978,4522,-2544
119000124,1998,280,1718
119000125,8084,528,7556
119000126,3316,592,2724
119000127,1157,252,905
119000128,25,1,24
119000131,1785,167,1618
119000132,0,1,-1
119000133,2,9,-7
119000134,1270,996,274
119000135,269,105,164
119000136,586,109,477
119000137,393,106,287
119000138,1258,48,1210
119000139,175,60,115
119000140,373,379,-6
119000284,1141,1600,-459
119000285,1772,1062,710
119000286,3464,2804,660
119000287,1326,1330,-4
119000288,2703,918,1785
119000289,1480,3452,-1972
119000290,272,289,-17
119000291,110,408,-298
119000293,154,197,-43
119000294,118,56,62
119000295,2663,285,2378
119000296,382,155,227
119000299,0,0,0
119000302,3338,1232,2106
119000303,16,535,-519
119000310,0,0,0
119000314,2420,18443,-16023
119000315,0,75,-75
119000316,529,80,449
119000317,225,57,168
119900001,86,2479,-2393
119900002,470,208,262
119900003,1,324,-323
119900004,127,4162,-4035
119900005,541,75,466
119900006,75,490,-415
119900007,538,326,212
119900008,11,26,-15
119900009,517,292,225
119900010,720,300,420
119900011,43,485,-442
119900012,24,202,-178
119900013,1486,1368,118
119900014,533,59,474
119900015,690,70,620
119900016,97,106,-9
119900017,75,47,28
119900018,909,1962,-1053
119900019,61,3,58
119900020,75,176,-101
119900021,248,35,213
119900022,116,758,-642
119900023,514,5384,-4870
119900025,755,25,730
119900026,905,76,829
119900027,4,19,-15
119900028,372,260,112
119900029,8,0,8
119900030,540,202,338
119900031,42,1460,-1418
119900033,712,227,485
119900034,1326,16,1310
119900037,255,3,252
119900038,46,702,-656
119900039,65,18,47
119900040,176,27,149
119900041,382,19,363
119900042,64,99,-35
119900043,250,18,232
119900044,247,856,-609
119900046,452,11,441
119900047,471,252,219
119900048,136,48,88
119900049,198,2,196
119900050,121,145,-24
119900051,1985,17,1968
119900052,252,24,228
119900053,487,106,381
119900054,758,6,752
119900055,1378,361,1017
119900057,535,16,519
119900058,677,3,674
119900059,74,38,36
119900060,275,47,228
119900061,270,5,265
119900062,250,7,243
119900063,9,105,-96
119900065,177,3,174
119900066,0,0,0
119900067,172,21,151
119900068,1305,1,1304
119900069,111,29,82
119900070,923,4,919
119900071,966,27,939
119900073,1090,199,891
119900074,7,68,-61
119900075,1482,1181,301
119900076,1772,145,1627
119900077,1430,317,1113
119900078,993,463,530
119900079,1134,49,1085
119900080,749,386,363
119900081,1028,99,929
119900082,2287,236,2051
119900083,880,51,829
119900084,420,781,-361
119900085,27,8,19
119900086,473,367,106
119900087,163,998,-835
119900088,24,4,20
119900089,10,126,-116
119900090,46,7,39
119900091,40,168,-128
119900092,13,276,-263
119900093,2868,137,2731
119900094,30,176,-146
119900095,118,61,57
119900096,41,49,-8
119900097,121,195,-74
119900098,48,8,40
119900099,31,89,-58
119900100,507,2729,-2222
119900101,121,996,-875
119900102,53,98,-45
119900103,32,93,-61
119900104,26,50,-24
119900105,519,1634,-1115
119900106,2,52,-50
119900107,191,978,-787
119900108,2866,555,2311
119900109,13,75,-62
119900110,598,413,185
119900111,358,74,284
119900112,715,1324,-609
119900113,37,227,-190
119900114,269,504,-235
119900115,762,251,511
119900116,70,533,-463
119900117,571,287,284
119900118,197,114,83
119900119,538,112,426
119900120,532,308,224
119900121,927,335,592
119900122,26,154,-128
119900123,236,298,-62
119900124,426,216,210
119900125,16,224,-208
119900126,1881,172,1709
119900127,613,282,331
119900128,706,251,455
119900129,308,141,167
119900130,1,86,-85
119900131,80,63,17
119900132,12,36,-24
119900133,128,42,86
119900134,363,94,269
119900135,0,115,-115
119900136,46,172,-126
119900138,125,331,-206
119900139,11,178,-167
119900140,3,40,-37
119900141,36,1391,-1355
119900142,3,22,-19
119900143,14,210,-196
119900144,1080,184,896
119900145,49,169,-120
119900146,211,65,146
119900147,0,256,-256
119900148,387,14,373
119900149,455,9473,-9018
119900150,54,139,-85
119900151,2186,1217,969
119900152,373,83,290
119900153,206,36,170
119900154,32,273,-241
119900155,31,15,16
119900156,18,17,1
119900157,406,212,194
119900158,212,66,146
119900159,0,397,-397
119900160,11,181,-170
119900161,127,155,-28
119900162,1552,685,867
119900163,77,157,-80
119900164,0,2,-2
119900165,234,80,154
119900166,87,38,49
119900167,2,50,-48
119900168,2213,293,1920
119900169,34,298,-264
119900170,128,231,-103
119900171,717,184,533
119900172,19,7,12
119900173,1,100,-99
119900174,6,106,-100
119900175,2986,301,2685
119900177,17,136,-119
119900178,0,70,-70
119900179,399,1429,-1030
119900180,1936,587,1349
119900181,14,124,-110
119900182,2,92,-90
119900183,107,651,-544
119900184,718,400,318
119900185,124,521,-397
119900186,33,2668,-2635
119900187,1,180,-179
119900188,276,300,-24
119900189,93,475,-382
119900190,82,386,-304
119900191,176,533,-357
119900192,21,157,-136
119900193,617,116,501
119900194,14,44,-30
119900195,6,177,-171
119900196,230,78,152
119900197,518,243,275
119900198,159,265,-106
119900199,261,20,241
119900200,1037,339,698
119900201,178,159,19
119900202,84,374,-290
119900203,206,1168,-962
119900204,417,331,86
119900205,1648,220,1428
119900206,571,96,475
119900208,132,66,66
119900209,726,3198,-2472
119900210,122,15,107
119900211,37,2,35
119900212,705,250,455
119900213,2,41,-39
119900214,81,10,71
119900215,55,10,45
119900216,5,14,-9
119900217,2,5,-3
119900218,6,54,-48
119900219,23,43,-20
119900220,5,14,-9
119900221,38,42,-4
119900222,14,82,-68
119900223,11,23,-12
119900224,12,9,3
119900225,222,28,194
119900226,142,2457,-2315
119900227,255,168,87
119900228,9,172,-163
119900229,66,156,-90
119900230,716,190,526
119900231,422,75,347
119900232,147,70,77
119900233,69,0,69
119900234,3,135,-132
119900235,3,55,-52
119900236,15,136,-121
119900237,21,257,-236
119900238,3,47,-44
119900240,89,34,55
119900241,238,110,128
119900242,1436,1409,27
119900244,850,1021,-171
119900245,389,259,130
119900246,149,469,-320
119900247,9,58,-49
119900248,35,795,-760
119900249,466,69,397
119900253,1257,243,1014
119900254,104,1958,-1854
119900255,78,665,-587
119900256,790,301,489
119900257,113,4,109
119900258,92,4,88
119900259,12,56,-44
119900260,232,7,225
119900261,737,96,641
119900262,0,128,-128
119900263,2134,141,1993
119900264,354,22,332
119900265,452,270,182
119900266,873,109,764
119900267,115,188,-73
119900268,658,41,617
119900269,1358,400,958
119900271,8,82,-74
119900272,123,180,-57
119900275,194,1,193
119900276,217,5,212
119900277,27,12,15
119900278,618,92,526
119900279,156,391,-235
119900280,712,42,670
119900281,0,426,-426
119900282,34,128,-94
119900283,54,89,-35
119900284,57,111,-54
119900285,9,86,-77
119900286,0,5,-5
119900288,2,9,-7
119900289,0,9,-9
119900290,11,5,6
119900291,0,22,-22
119900292,28,106,-78
119900293,18,20,-2
119900294,36,4,32
119900295,17,3,14
119900296,14,9,5
119900297,0,1,-1
119900298,0,1,-1
119900299,35,56,-21
119900300,226,138,88
119900301,36,331,-295
119900302,32,455,-423
119900303,369,125,244
119900304,181,1,180
119900305,3,120,-117
119900306,14,5,9
119900307,39,63,-24
119900308,1,54,-53
119900309,46,559,-513
119900310,289,201,88
119900311,241,38,203
119900312,311,15,296
119900313,166,175,-9
119900314,233,519,-286
119900315,3278,1039,2239
119900318,31,152,-121
119900319,0,76,-76
119900320,531,205,326
119900321,278,12,266
119900322,7,34,-27
119900323,0,24,-24
119900324,1,21,-20
119900325,171,36,135
119900326,30,32,-2
120000001,10717,49051,-38334
120000002,3460,3148,312
120000003,2731,1140,1591
120000004,4034,1374,2660
120000005,2825,1497,1328
120000006,2279,1192,1087
120000007,3671,6332,-2661
120000008,1743,1225,518
120000009,2071,985,1086
120000010,3541,3429,112
120000011,1943,1732,211
120000012,2786,2168,618
120000013,6520,4021,2499
120000014,1675,2920,-1245
120000015,4645,3077,1568
120000016,5596,3016,2580
120000017,6329,6437,-108
120000018,4281,26364,-22083
120000019,1535,1909,-374
120000020,2757,4429,-1672
120000021,2345,2750,-405
120000022,2934,4028,-1094
120000023,2015,2102,-87
120000024,1429,2283,-854
120000025,4005,1949,2056
120000026,5102,2839,2263
120000027,3490,2551,939
120000028,1027,2665,-1638
120000029,1434,1929,-495
120000030,147,1399,-1252
120000031,2370,6851,-4481
120000032,4983,3174,1809
120000033,5036,1505,3531
120000034,5137,1182,3955
120000035,4812,1945,2867
120000036,4742,6179,-1437
120000037,817,2303,-1486
120000038,4519,4272,247
120000039,644,1672,-1028
120000040,55,1298,-1243
120000041,449,1123,-674
120000042,3111,1051,2060
120000043,6794,869,5925
120000044,9249,1210,8039
120000045,11714,710,11004
120000046,6359,4841,1518
120000047,810,16728,-15918
120000048,12746,5313,7433
120000049,6142,6503,-361
120000050,4939,8305,-3366
120000051,2804,5693,-2889
120000052,5874,1246,4628
120000053,1632,1484,148
120000054,1559,2115,-556
120000055,1724,2706,-982
120000056,5170,2872,2298
120000057,4765,910,3855
120000058,1417,1703,-286
120000059,11,2267,-2256
120000061,258,641,-383
120000062,190,339,-149
120000063,523,1953,-1430
120000064,506,557,-51
120000065,404,692,-288
120000066,128,252,-124
120000067,5,102,-97
120000068,377,245,132
120000069,1100,320,780
120000070,316,366,-50
120000071,1498,87,1411
120000072,1603,570,1033
120000073,1547,68,1479
120000074,62,113,-51
120000075,1609,286,1323
120000076,3864,312,3552
120000077,3997,785,3212
120000078,2516,1217,1299
120000079,592,284,308
120000080,208,291,-83
120000081,455,151,304
120000082,561,370,191
120000083,68,1273,-1205
120000084,273,306,-33
120000085,327,289,38
120000086,248,258,-10
120000087,361,243,118
120000088,1009,941,68
120000089,1215,442,773
120000090,1019,507,512
120000091,1388,629,759
120000092,1046,339,707
120000093,1089,408,681
120000094,463,910,-447
120000095,1101,203,898
120000096,669,382,287
120000098,1195,521,674
120000099,533,545,-12
120000100,976,449,527
120000101,1223,277,946
120000102,1401,1512,-111
120000103,2562,1262,1300
120000104,3597,427,3170
120000105,4607,279,4328
120000106,5725,396,5329
120000107,10325,538,9787
120000108,3859,103,3756
120000109,1987,77,1910
120000110,57,706,-649
120000111,139,525,-386
120000112,487,1215,-728
120000113,604,1055,-451
120000114,477,1154,-677
120000115,384,1001,-617
120000116,419,1370,-951
120000117,563,834,-271
120000118,112,122,-10
120000119,41,53,-12
120000120,233,355,-122
120000121,23,38,-15
120000122,458,1664,-1206
120000123,2087,15441,-13354
120000124,719,884,-165
120000125,1995,662,1333
120000126,665,4244,-3579
120000127,1069,2263,-1194
120000128,3062,6818,-3756
120000129,517,277,240
120000130,1271,640,631
120000131,643,708,-65
120000134,297,354,-57
120000135,1768,717,1051
120000137,318,260,58
120000138,3450,163,3287
120000139,552,180,372
120000140,2479,152,2327
120000141,416,210,206
120000142,1267,264,1003
120000143,0,31,-31
120000144,208,7,201
120000145,1256,4,1252
120000146,1396,2392,-996
120000149,759,538,221
120000150,1726,16685,-14959
120000151,1033,491,542
120000152,1650,188,1462
120000153,762,452,310
120000154,1153,857,296
120000155,448,681,-233
120000156,611,4254,-3643
120000157,1796,646,1150
120000158,1522,572,950
120000159,3273,1665,1608
120000160,2460,1947,513
120000161,5381,3161,2220
120000162,255,458,-203
120000163,1279,785,494
120000164,783,160,623
120000165,1434,504,930
120000166,2134,363,1771
120000167,308,220,88
120000168,4,690,-686
120000169,48,2175,-2127
120000170,20,2036,-2016
120000171,3,746,-743
120000172,7,476,-469
120000173,155,1342,-1187
120000174,16,36,-20
120000175,52,165,-113
120000176,33,142,-109
120000177,437,121,316
120000178,6,46,-40
120000179,10,54,-44
120000180,2,14,-12
120000181,57,1171,-1114
120000182,11,1079,-1068
120000183,1,189,-188
120000184,157,1247,-1090
120000186,16,1923,-1907
120000187,19,768,-749
120000188,27,808,-781
120000190,34,87,-53
120000191,83,83,0
120000192,56,16,40
120000193,31,3,28
120000195,9,0,9
120000196,35,2,33
120000197,5,6,-1
120000198,483,7,476
120000199,752,12,740
120000200,500,0,500
120000201,107,99,8
120000202,0,56,-56
120000203,405,197,208
120000207,1,33,-32
120000208,7,36,-29
120000209,11,12,-1
120000210,32,10,22
120000211,720,2,718
120000212,665,1,664
120000213,626,65,561
120000214,1,88,-87
120000215,3,54,-51
120000216,726,30,696
120000217,210,722,-512
120000218,28,374,-346
120000219,0,192,-192
120000220,0,612,-612
120000225,4186,1,4185
120000226,967,20,947
120000227,1695,134,1561
120000228,8962,5922,3040
120000230,810,39,771
120000231,2692,545,2147
120000233,1205,25,1180
120000235,579,452,127
120000236,2379,2,2377
120000237,1,517,-516
120000238,2,428,-426
120000241,1708,6571,-4863
120000412,215,21,194
120000413,1358,281,1077
120000414,519,9,510
120000415,3,43,-40
120000416,259,7,252
120000417,28,74,-46
120000418,742,19,723
120000419,26,23,3
120000420,90,2,88
120000421,10132,4970,5162
120000422,165,5523,-5358
120000423,9,244,-235
120000424,781,86,695
120000436,148,1794,-1646
120000437,76,191,-115
120000438,1932,280,1652
120000439,543,1243,-700
120000443,191,0,191
120000444,2752,657,2095
120000445,3645,2243,1402
120000446,3430,263,3167
120000447,994,4,990
120000449,499,11,488
120000450,41,81,-40
120000451,336,311,25
120000452,452,2,450
120000453,0,43,-43
120000454,61,102,-41
120000455,226,82,144
120000456,1960,7606,-5646
120000457,360,413,-53
120000458,292,671,-379
120000459,288,161,127
120000665,71,397,-326
120000668,93,2727,-2634
120000669,678,126,552
120000670,82,770,-688
120000671,5227,1111,4116
120000672,70,424,-354
120900001,122,57,65
120900002,98,738,-640
120900003,245,28,217
120900004,10,260,-250
120900005,287,454,-167
120900006,1456,173,1283
120900007,424,84,340
120900008,710,317,393
120900009,212,15,197
120900010,1047,230,817
120900011,15,275,-260
120900012,14,1802,-1788
120900013,552,96,456
120900014,0,305,-305
120900015,1513,74,1439
120900016,3256,154,3102
120900017,2170,62,2108
120900018,289,148,141
120900019,519,509,10
120900020,332,765,-433
120900021,523,122,401
120900022,87,264,-177
120900023,489,61,428
120900024,1678,346,1332
120900025,1336,857,479
120900026,77,121,-44
120900027,306,27,279
120900028,994,226,768
120900029,17,1398,-1381
120900030,4198,654,3544
120900031,476,116,360
120900032,2216,98,2118
120900033,2326,83,2243
120900034,28,5478,-5450
120900035,63,82,-19
120900037,689,14,675
120900038,236,587,-351
120900039,241,43,198
120900040,687,9,678
120900041,109,123,-14
120900042,872,15,857
120900043,135,46,89
120900044,8,764,-756
120900045,108,30,78
120900046,1346,7,1339
120900047,318,288,30
120900048,416,21,395
120900049,932,3,929
120900050,907,3720,-2813
120900051,384,52,332
120900052,2116,11,2105
120900053,878,14,864
120900054,728,345,383
120900055,1390,9,1381
120900056,1479,45,1434
120900057,629,8,621
120900058,1214,3,1211
120900059,363,11,352
120900060,92,4,88
120900061,251,207,44
120900062,692,2,690
120900063,2266,23,2243
120900064,1623,4,1619
120900065,1374,6,1368
120900066,1548,96,1452
120900067,353,133,220
120900068,614,1,613
120900069,1184,12,1172
120900071,21,0,21
120900072,1993,35,1958
120900073,2124,35,2089
120900074,1277,112,1165
120900076,1061,1,1060
120900077,1537,773,764
120900078,1268,248,1020
120900079,2343,82,2261
120900080,2646,302,2344
120900081,3152,695,2457
120900082,262,561,-299
120900083,169,1,168
120900084,1265,655,610
120900085,33,88,-55
120900086,66,1073,-1007
120900087,666,248,418
120900088,324,1234,-910
120900089,1646,5872,-4226
120900090,612,21,591
120900091,204,949,-745
120900092,102,235,-133
120900093,876,101,775
120900094,228,210,18
120900095,389,7,382
120900096,166,122,44
120900097,751,483,268
120900098,89,133,-44
120900099,58,96,-38
120900100,85,120,-35
120900101,55,74,-19
120900102,71,24,47
120900103,178,221,-43
120900104,8,34,-26
120900105,46,283,-237
120900106,234,191,43
120900107,69,141,-72
120900108,68,178,-110
120900109,30,338,-308
120900110,11,136,-125
120900111,182,143,39
120900112,49,214,-165
120900113,42,347,-305
120900114,52,197,-145
120900115,183,222,-39
120900116,1358,120,1238
120900117,16,80,-64
120900118,46,131,-85
120900119,8879,1952,6927
120900120,125,810,-685
120900121,17,232,-215
120900122,1550,170,1380
120900123,36,81,-45
120900124,9,95,-86
120900125,3,253,-250
120900126,161,461,-300
120900127,36,115,-79
120900128,244,533,-289
120900129,9,114,-105
120900130,3,186,-183
120900131,134,230,-96
120900132,2103,140,1963
120900133,77,465,-388
120900134,153,117,36
120900135,12,158,-146
120900136,34,135,-101
120900137,566,93,473
120900138,4,116,-112
120900139,0,117,-117
120900140,2,165,-163
120900141,249,215,34
120900142,1,132,-131
120900143,0,155,-155
120900144,0,25,-25
120900145,192,477,-285
120900146,0,115,-115
120900147,1,5,-4
120900148,291,94,197
120900149,0,168,-168
120900150,88,233,-145
120900151,0,90,-90
120900152,34,5,29
120900153,0,0,0
120900154,28,133,-105
120900155,309,259,50
120900156,520,159,361
120900157,0,0,0
120900158,100,246,-146
120900159,0,36,-36
120900160,40,285,-245
120900161,18,290,-272
120900162,35,419,-384
120900163,91,797,-706
120900164,0,45,-45
120900165,0,114,-114
120900166,59,927,-868
120900167,111,100,11
120900169,265,225,40
120900170,175,7284,-7109
120900171,302,77,225
120900172,43,1863,-1820
120900173,34,29,5
120900174,10,102,-92
120900175,259,165,94
120900176,17,566,-549
120900177,4,2749,-2745
120900178,1,1043,-1042
120900179,107,216,-109
120900180,46,399,-353
120900181,41,12,29
120900182,78,68,10
120900183,740,64,676
120900184,232,86,146
120900185,789,2075,-1286
120900186,0,91,-91
120900187,1137,483,654
120900188,561,35,526
120900189,66,7040,-6974
120900190,517,0,517
120900191,328,19,309
120900192,5168,25158,-19990
120900194,131,225,-94
120900195,61,183,-122
120900196,208,86,122
120900197,1044,72,972
120900198,87,204,-117
120900199,460,387,73
120900200,11,80,-69
120900201,186,62,124
120900202,0,69,-69
120900203,25,45,-20
120900204,130,147,-17
120900205,55,11,44
120900206,107,27,80
120900207,39,590,-551
121000001,915,4153,-3238
121000002,2833,3326,-493
121000003,10052,3041,7011
121000004,2442,4526,-2084
121000005,3003,4307,-1304
121000006,3344,4198,-854
121000007,3733,9158,-5425
121000008,3904,6611,-2707
121000009,6266,12456,-6190
121000010,7162,7908,-746
121000011,7631,9612,-1981
121000012,11925,5697,6228
121000013,7749,7134,615
121000014,5736,4886,850
121000015,6868,9631,-2763
121000016,4335,5202,-867
121000017,2959,1695,1264
121000018,4061,2256,1805
121000019,8485,6991,1494
121000020,10136,14665,-4529
121000021,1967,1620,347
121000022,2539,3021,-482
121000023,2573,861,1712
121000024,4859,5106,-247
121000025,584,1756,-1172
121000026,321,274,47
121000027,1707,1680,27
121000028,967,947,20
121000029,950,1103,-153
121000030,895,1032,-137
121000031,474,1214,-740
121000032,143,191,-48
121000034,499,2035,-1536
121000035,497,1086,-589
121000036,1126,1865,-739
121000037,675,2479,-1804
121000038,346,1302,-956
121000039,198,685,-487
121000041,608,581,27
121000042,159,506,-347
121000043,679,669,10
121000044,1738,1585,153
121000045,484,329,155
121000046,793,1219,-426
121000047,69,143,-74
121000049,1166,946,220
121000050,361,2862,-2501
121000051,715,585,130
121000052,482,1826,-1344
121000053,825,424,401
121000054,78,872,-794
121000055,1156,5353,-4197
121000056,1147,1697,-550
121000057,172,527,-355
121000058,213,83,130
121000059,3824,1870,1954
121000060,573,1628,-1055
121000061,43,587,-544
121000062,133,1887,-1754
121000063,1089,1808,-719
121000064,515,1142,-627
121000065,162,988,-826
121000066,800,2220,-1420
121000067,558,1260,-702
121000068,491,728,-237
121000069,92,1784,-1692
121000070,1239,2254,-1015
121000071,2029,2520,-491
121000072,663,2583,-1920
121000073,1054,2247,-1193
121000074,113,517,-404
121000075,14,163,-149
121000076,400,533,-133
121000077,113,218,-105
121000078,187,418,-231
121000080,3806,922,2884
121000081,5707,4962,745
121000082,59,541,-482
121000083,43,301,-258
121000084,219,299,-80
121000085,574,693,-119
121000086,1753,471,1282
121000087,90,274,-184
121000088,749,551,198
121000089,166,672,-506
121000090,189,577,-388
121000091,1455,1020,435
121000092,224,111,113
121000093,338,358,-20
121000094,337,964,-627
121000095,148,1011,-863
121000096,7880,2470,5410
121000097,652,3354,-2702
121000098,673,593,80
121000099,1014,595,419
121000100,1235,267,968
121000101,351,179,172
121000102,354,198,156
121000103,231,127,104
121000104,410,65,345
121000105,578,111,467
121000106,382,168,214
121000107,1786,3348,-1562
121000109,1597,971,626
121000110,193,942,-749
121000114,4944,3263,1681
121000115,5304,953,4351
121000116,538,1218,-680
121000117,300,472,-172
121000118,1741,482,1259
121000119,365,246,119
121000120,604,416,188
121000121,386,3092,-2706
121000123,604,565,39
121000127,91,207,-116
121000128,1325,113,1212
121000129,1223,102,1121
121000130,572,691,-119
121000131,1235,681,554
121000132,500,858,-358
121000135,196,152,44
121000136,1056,2300,-1244
121000137,1741,441,1300
121000138,473,1649,-1176
121000139,191,493,-302
121000141,248,449,-201
121000142,618,731,-113
121000143,137,24,113
121000144,625,619,6
121000145,729,1049,-320
121000146,1207,1874,-667
121000147,1158,632,526
121000148,1077,1109,-32
121000149,3078,3318,-240
121000152,372,369,3
121000153,1893,718,1175
121000154,1960,676,1284
121000155,5033,2068,2965
121000156,511,1421,-910
121000157,1164,1394,-230
121000158,284,412,-128
121000159,386,516,-130
121000160,315,677,-362
121000161,367,376,-9
121000162,179,41,138
121000165,1520,2267,-747
121000166,77,674,-597
121000168,403,284,119
121000169,201,254,-53
121000170,333,82,251
121000171,207,327,-120
121000172,1590,2218,-628
121000173,2149,2133,16
121000174,1105,946,159
121000175,2391,1222,1169
121000176,913,492,421
121000177,896,1035,-139
121000178,80,157,-77
121000179,89,65,24
121000181,435,445,-10
121000182,316,610,-294
121000183,44,179,-135
121000184,17,395,-378
121000185,27,645,-618
121000186,485,1219,-734
121000187,373,77,296
121000188,482,68,414
121000192,894,457,437
121000193,982,478,504
121000194,2643,3050,-407
121000195,443,2313,-1870
121000196,873,786,87
121000197,107,2245,-2138
121000198,216,396,-180
121000199,156,486,-330
121000200,839,286,553
121000201,2,498,-496
121000202,602,200,402
121000203,759,2388,-1629
121000204,3849,812,3037
121000205,87,296,-209
121000206,111,139,-28
121000207,2726,732,1994
121000208,4,309,-305
121000209,1341,69,1272
121000210,899,489,410
121000211,566,126,440
121000212,487,968,-481
121000213,24768,4430,20338
121000214,2026,3026,-1000
121000215,629,4141,-3512
121000216,765,1029,-264
121000217,5600,5151,449
121000218,572,4185,-3613
121000219,2366,1559,807
121000220,358,173,185
121000221,303,1167,-864
121000222,8508,5603,2905
121000223,418,1696,-1278
121000224,328,1040,-712
121000225,755,7804,-7049
121000226,1011,3481,-2470
121000227,13,188,-175
121000228,41,1296,-1255
121000229,660,904,-244
121000230,96,5256,-5160
121000231,2841,11,2830
121000232,864,379,485
121000233,1059,500,559
121000234,33,76,-43
121000235,50,72,-22
121000236,9,38,-29
121000237,12,30,-18
121000238,4,81,-77
121000239,97,9,88
121000240,13,182,-169
121000241,112,6,106
121000242,47,377,-330
121000243,232,61,171
121000244,3,48,-45
121000245,16,27,-11
121000246,0,92,-92
121000247,93,11,82
121000248,619,616,3
121000249,151,755,-604
121000250,732,928,-196
121000251,17,414,-397
121000252,201,268,-67
121000253,698,1436,-738
121000254,1083,635,448
121000255,183,938,-755
121000256,393,637,-244
121000257,34,263,-229
121000258,53,327,-274
121000259,36,324,-288
121000260,28,437,-409
121000261,29,436,-407
121000262,4280,396,3884
121000263,492,535,-43
121000271,1807,2398,-591
121000273,71,50,21
121000274,13,352,-339
121000275,10,37,-27
121000276,19,120,-101
121000278,101,118,-17
121000279,44,183,-139
121000280,29,170,-141
121000289,768,38,730
121000290,2642,2594,48
121000294,477,65,412
121000297,376,1560,-1184
121000299,130,8154,-8024
121000300,2663,1038,1625
121000302,17,694,-677
121000303,657,262,395
121000304,509,114,395
121000305,407,156,251
121000306,356,605,-249
121000308,27,339,-312
121000309,204,573,-369
121000310,94,379,-285
121000311,38,396,-358
121000312,796,586,210
121000313,432,297,135
121000314,21,36,-15
121000315,12,42,-30
121000530,2530,3370,-840
121000531,2901,2170,731
121000532,6213,5362,851
121000533,3973,4429,-456
121000918,6,91,-85
121000919,27,218,-191
121000938,113,56,57
121000939,41,318,-277
121000956,1786,2351,-565
121000957,9,52,-43
121000958,6,388,-382
121000959,1969,406,1563
121000960,2154,1493,661
121000961,583,54,529
121000962,332,470,-138
121000963,0,0,0
121000973,0,606,-606
121000976,5,78,-73
121000979,656,177,479
121000981,613,94,519
121000982,659,383,276
121000983,875,195,680
121000984,3,84,-81
121000985,1160,784,376
121000986,940,498,442
121000987,334,868,-534
121000988,1608,173,1435
121001302,378,182,196
121001308,0,74,-74
121001309,50,403,-353
121001313,345,89,256
121001314,2239,1727,512
121001315,6656,4317,2339
121900001,175,459,-284
121900002,61,303,-242
121900003,360,22,338
121900004,29,1647,-1618
121900005,15,14,1
121900006,139,17,122
121900007,4174,1920,2254
121900008,56,137,-81
121900009,1392,25,1367
121900010,271,2,269
121900011,214,110,104
121900012,1,2,-1
121900013,152,145,7
121900014,5325,525,4800
121900015,115,236,-121
121900016,24,72,-48
121900017,683,924,-241
121900018,685,5,680
121900019,800,164,636
121900020,91,0,91
121900021,1508,99,1409
121900022,204,298,-94
121900023,189,734,-545
121900024,873,33,840
121900025,845,865,-20
121900026,599,168,431
121900027,408,318,90
121900028,379,13,366
121900029,71,1296,-1225
121900030,317,688,-371
121900031,2443,7681,-5238
121900032,184,145,39
121900033,147,414,-267
121900034,137,571,-434
121900035,11529,4974,6555
121900036,156,632,-476
121900037,59,1803,-1744
121900038,48,143,-95
121900039,248,36,212
121900040,52,81,-29
121900041,16,273,-257
121900042,525,251,274
121900043,0,3,-3
121900044,89,26,63
121900046,134,286,-152
121900047,171,149,22
121900048,85,101,-16
121900050,42,104,-62
121900051,144,335,-191
121900052,213,95,118
121900053,416,322,94
121900054,319,2746,-2427
121900055,0,22,-22
121900058,515,642,-127
121900059,339,185,154
121900060,128,676,-548
121900061,228,120,108
121900062,91,58,33
121900063,1798,555,1243
121900064,450,1063,-613
121900066,73,20,53
121900067,67,31,36
121900069,175,381,-206
121900070,104,304,-200
121900071,993,524,469
121900072,39,274,-235
121900073,136,526,-390
121900074,428,544,-116
121900075,326,1234,-908
121900076,407,2335,-1928
121900077,62,13,49
121900078,218,36,182
121900079,0,1,-1
121900080,995,398,597
121900082,106,107,-1
121900084,17,35,-18
121900085,1,4,-3
121900086,20,54,-34
121900087,56,181,-125
121900088,1909,2262,-353
121900089,469,318,151
121900090,7,13,-6
121900091,111,61,50
121900092,160,94,66
121900093,67,54,13
121900094,17,29,-12
121900095,466,117,349
121900096,992,915,77
121900097,779,172,607
121900098,9,4,5
121900099,269,36,233
121900100,39,131,-92
121900101,94,138,-44
121900102,0,115,-115
121900103,422,439,-17
121900104,2852,528,2324
121900105,247,149,98
121900106,2,3,-1
121900107,152,22,130
121900108,0,6,-6
121900109,162,174,-12
121900110,1102,621,481
121900111,909,503,406
121900112,97,273,-176
121900113,79,681,-602
121900114,7,18,-11
121900117,153,452,-299
121900118,4084,1057,3027
121900119,158,43,115
121900120,196,1007,-811
121900121,657,21,636
121900122,50,30,20
121900123,517,410,107
121900124,271,201,70
121900125,5275,1895,3380
121900127,5,173,-168
121900128,100,69,31
121900129,376,89,287
121900130,104,838,-734
121900131,475,117,358
121900132,83,91,-8
121900133,14,633,-619
121900134,7,654,-647
121900135,6976,626,6350
121900136,326,360,-34
121900137,30,402,-372
121900138,54,472,-418
121900139,496,4566,-4070
121900140,44,79,-35
121900141,55,104,-49
121900142,73,66,7
121900143,21,82,-61
121900144,174,1036,-862
121900145,141,125,16
121900146,461,787,-326
121900147,46,720,-674
121900148,373,726,-353
121900149,375,399,-24
121900150,64,526,-462
121900151,16,552,-536
121900152,193,35,158
121900153,7,165,-158
121900154,24,625,-601
121900155,8,659,-651
121900156,183,284,-101
121900157,4,434,-430
121900158,125,141,-16
121900159,2,144,-142
121900160,25,266,-241
121900161,110,654,-544
121900162,47,335,-288
121900163,629,158,471
121900164,148,317,-169
121900165,177,318,-141
121900166,115,205,-90
121900167,35,53,-18
121900168,119,64,55
121900169,43,576,-533
121900170,23,93,-70
121900171,952,1078,-126
121900172,913,519,394
121900173,1016,663,353
121900174,58,31,27
121900175,41,1563,-1522
121900176,784,3130,-2346
121900177,171,95,76
121900178,38,114,-76
121900179,426,562,-136
121900180,2014,6979,-4965
121900182,841,1399,-558
121900183,287,1855,-1568
121900184,7,1542,-1535
121900186,8,602,-594
121900187,12,132,-120
121900188,2039,121,1918
121900189,179,34,145
121900190,264,652,-388
121900191,25,689,-664
121900192,297,3752,-3455
121900193,53,461,-408
121900194,11,199,-188
121900195,10,23,-13
121900196,1453,1113,340
121900197,413,1371,-958
121900198,5019,4202,817
121900199,2,37,-35
121900200,18,369,-351
121900201,1610,811,799
121900202,413,1418,-1005
121900203,91,1930,-1839
121900204,2856,1515,1341
121900205,10,174,-164
121900206,9,161,-152
121900207,70,97,-27
121900208,85,1085,-1000
121900209,39,98,-59
121900210,3324,1660,1664
121900211,1116,632,484
121900212,26,168,-142
121900213,650,39,611
121900214,6,506,-500
121900215,61,409,-348
121900216,13,398,-385
121900217,428,299,129
121900218,154,984,-830
121900220,38,19,19
121900221,1008,500,508
121900222,452,69,383
121900223,194,235,-41
121900224,156,189,-33
121900225,212,1326,-1114
121900226,326,30,296
121900227,325,4497,-4172
121900228,208,134,74
121900230,52,490,-438
121900231,29,1549,-1520
121900232,200,928,-728
121900233,976,240,736
121900234,289,684,-395
121900235,856,138,718
121900236,359,320,39
121900237,311,1619,-1308
121900238,342,733,-391
121900239,78,86,-8
121900240,138,303,-165
121900241,33,24,9
121900242,50,51,-1
121900243,1,0,1
121900244,0,0,0
121900245,692,71,621
121900246,11092,709,10383
121900247,625,224,401
121900248,2395,785,1610
121900250,89,422,-333
121900251,883,20,863
121900252,361,150,211
121900253,120,1874,-1754
121900254,180,537,-357
121900255,795,243,552
121900258,6965,1782,5183
121900259,92,601,-509
121900260,205,246,-41
121900261,76,979,-903
121900262,973,1971,-998
121900263,294,183,111
121900264,1159,821,338
121900265,588,218,370
121900266,787,121,666
121900267,314,39,275
121900269,581,1164,-583
121900270,79,244,-165
121900271,26,238,-212
121900273,418,2568,-2150
121900274,567,329,238
121900277,302,1323,-1021
121900278,49,3149,-3100
121900279,205,341,-136
121900280,58,359,-301
121900281,148,554,-406
121900284,52,1,51
121900286,178,114,64
121900287,2,75,-73
121900288,0,1,-1
121900290,228,2839,-2611
121900291,425,2706,-2281
121900292,205,236,-31
121900293,988,11916,-10928
121900294,473,13,460
121900295,235,127,108
121900296,101,256,-155
121900298,153,1853,-1700
121900299,0,10,-10
121900300,51,3,48
121900301,38,0,38
121900302,0,111,-111
121900303,113,1236,-1123
121900304,89,65,24
121900305,20,46,-26
121900306,596,1,595
121900307,317,7,310
121900308,15,210,-195
121900309,4,354,-350
121900310,19,173,-154
121900311,873,22,851
121900312,677,15,662
121900313,736,69,667
121900314,0,13,-13
121900315,64,0,64
121900316,0,2,-2
121900317,18,16,2
121900318,1,1,0
121900319,64,285,-221
121900320,82,23,59
121900321,40,0,40
121900322,7,14,-7
121900323,90,16,74
121900324,3,108,-105
121900325,36,0,36
121900326,3,2,1
121900327,3,31,-28
121900328,2,31,-29
121900329,3,58,-55
121900330,2,88,-86
121900331,41,10,31
121900332,66,13,53
121900333,140,5,135
121900334,100,39,61
122000001,1310,4174,-2864
122000002,2382,1049,1333
122000003,851,2283,-1432
122000004,1122,1146,-24
122000005,8992,2587,6405
122000006,452,1638,-1186
122000007,609,2050,-1441
122000008,1139,3531,-2392
122000009,489,519,-30
122000010,2759,3280,-521
122000011,7475,2760,4715
122000012,847,5073,-4226
122000013,525,2730,-2205
122000014,7788,2577,5211
122000015,1341,1142,199
122000016,390,775,-385
122000017,1624,1878,-254
122000018,4584,3169,1415
122000019,922,3958,-3036
122000020,198,833,-635
122000021,80,346,-266
122000022,1488,2437,-949
122000023,1439,3035,-1596
122000024,351,3790,-3439
122000025,636,4309,-3673
122000026,308,1337,-1029
122000027,1164,953,211
122000028,3495,1274,2221
122000029,226,2621,-2395
122000030,165,349,-184
122000031,308,896,-588
122000032,7410,3987,3423
122000033,383,5262,-4879
122000034,205,1739,-1534
122000035,269,572,-303
122000036,402,1626,-1224
122000037,1462,337,1125
122000038,265,728,-463
122000039,567,1187,-620
122000040,155,568,-413
122000041,2185,1464,721
122000042,542,1188,-646
122000043,66,310,-244
122000044,64,206,-142
122000045,2964,1402,1562
122000046,1045,2442,-1397
122000047,76,516,-440
122000048,1796,4554,-2758
122000049,8520,4470,4050
122000050,664,1027,-363
122000051,232,719,-487
122000052,600,561,39
122000053,316,1384,-1068
122000054,1865,2905,-1040
122000055,1633,4102,-2469
122000056,3450,2260,1190
122000057,5345,3450,1895
122000058,674,1976,-1302
122000059,670,3794,-3124
122000060,279,1228,-949
122000061,125,671,-546
122000062,687,300,387
122000063,217,1526,-1309
122000064,2583,7799,-5216
122000065,2260,5257,-2997
122000066,792,4279,-3487
122000067,1536,2736,-1200
122000068,7033,1948,5085
122000069,2238,2104,134
122000070,2353,2042,311
122000071,5585,1528,4057
122000072,2015,1126,889
122000073,133,2071,-1938
122000074,2716,2741,-25
122000075,1390,1255,135
122000076,10451,2917,7534
122000077,598,3108,-2510
122000078,332,3098,-2766
122000079,158,3682,-3524
122000080,537,840,-303
122000081,123,405,-282
122000082,269,1852,-1583
122000083,13445,1106,12339
122000084,6198,2293,3905
122000085,355,1191,-836
122000086,4562,11088,-6526
122000087,257,213,44
122000088,44,274,-230
122000089,9443,3801,5642
122000090,1122,2505,-1383
122000091,117,2114,-1997
122000092,57,185,-128
122000093,2101,8118,-6017
122000094,10018,3774,6244
122000095,879,7030,-6151
122000096,373,4073,-3700
122000098,5301,4977,324
122000099,405,2814,-2409
122000100,717,806,-89
122000101,342,620,-278
122000102,5894,1747,4147
122000103,1256,3262,-2006
122000104,2372,196,2176
122000105,219,709,-490
122000106,739,2339,-1600
122000107,1648,565,1083
122000108,792,1012,-220
122000109,460,250,210
122000110,805,764,41
122000111,4220,2016,2204
122000112,2371,2405,-34
122000113,629,1262,-633
122000114,1379,5535,-4156
122000115,2932,1716,1216
122000116,234,579,-345
122000117,1631,399,1232
122000118,857,357,500
122000119,2446,929,1517
122000120,835,2083,-1248
122000121,586,1353,-767
122000122,285,583,-298
122000123,1054,1766,-712
122000124,546,377,169
122000125,363,615,-252
122000126,277,424,-147
122000127,253,463,-210
122000128,164,355,-191
122000129,463,2628,-2165
122000130,3192,988,2204
122000131,1032,908,124
122000132,264,423,-159
122000133,931,808,123
122000134,1227,817,410
122000135,498,204,294
122000136,783,571,212
122000137,3040,1223,1817
122000139,1022,4817,-3795
122000140,165,2532,-2367
122000141,8995,4811,4184
122000142,142,6370,-6228
122000143,213,277,-64
122000144,2085,1877,208
122000145,974,1360,-386
122000146,469,5658,-5189
122000147,368,1573,-1205
122000148,324,1558,-1234
122000149,2140,1094,1046
122000150,1708,1185,523
122000151,73,456,-383
122000152,403,526,-123
122000153,582,852,-270
122000154,370,276,94
122000155,1383,3097,-1714
122000156,12993,5632,7361
122000157,554,13161,-12607
122000158,320,2478,-2158
122000159,851,1600,-749
122000160,2101,1497,604
122000161,1262,937,325
122000162,1299,1069,230
122000163,675,196,479
122000164,37,335,-298
122000165,1248,2110,-862
122000166,889,3894,-3005
122000167,429,1142,-713
122000168,329,1895,-1566
122000169,545,366,179
122000170,279,519,-240
122000171,22,151,-129
122000172,3180,2052,1128
122000173,2270,4386,-2116
122000174,1157,3114,-1957
122000175,789,576,213
122000176,531,2388,-1857
122000177,868,2256,-1388
122000178,8072,5260,2812
122000179,4680,4617,63
122000180,643,1298,-655
122000181,766,1733,-967
122000182,1908,1379,529
122000183,3485,1116,2369
122000184,3662,4070,-408
122000185,1296,3995,-2699
122000186,1089,3577,-2488
122000187,2196,2823,-627
122000188,408,492,-84
122000189,298,490,-192
122000190,708,2563,-1855
122000191,966,1070,-104
122000192,1242,696,546
122000193,563,1519,-956
122000194,673,487,186
122000195,153,2208,-2055
122000196,918,379,539
122000197,410,946,-536
122000198,522,4060,-3538
122000199,486,615,-129
122000200,1051,925,126
122000201,1499,4095,-2596
122000202,809,2992,-2183
122000203,2261,1716,545
122000204,1074,1390,-316
122000205,761,667,94
122000206,10221,1673,8548
122000207,1763,3580,-1817
122000208,2511,5674,-3163
122000209,2676,1281,1395
122000210,1862,5457,-3595
122000211,1239,3133,-1894
122000212,985,489,496
122000213,1139,2668,-1529
122000214,2226,2528,-302
122000215,3869,2406,1463
122000217,1593,4327,-2734
122000218,1072,121,951
122000219,2233,1426,807
122000220,326,1028,-702
122000221,180,547,-367
122000222,652,152,500
122000223,709,764,-55
122000225,539,497,42
122000226,1058,1489,-431
122000227,180,1594,-1414
122000228,161,190,-29
122000229,7,259,-252
122000230,34,401,-367
122000231,293,685,-392
122000232,620,673,-53
122000233,3,85,-82
122000234,733,105,628
122000235,890,83,807
122000236,1858,56,1802
122000237,141,57,84
122000238,222,442,-220
122000239,804,183,621
122000240,1290,633,657
122000241,3020,787,2233
122000242,681,136,545
122000243,613,60,553
122000244,66,443,-377
122000245,142,75,67
122000246,464,236,228
122000247,749,276,473
122000248,1875,813,1062
122000249,2110,1454,656
122000250,3022,1478,1544
122000251,71,260,-189
122000252,202,49,153
122000253,50,134,-84
122000254,497,69,428
122000255,535,738,-203
122000256,308,508,-200
122000257,523,92,431
122000258,245,284,-39
122000259,58,376,-318
122000260,15,42,-27
122000261,17,514,-497
122000262,0,19,-19
122000263,381,432,-51
122000264,2413,697,1716
122000265,4439,1980,2459
122000266,5311,1176,4135
122000267,116,123,-7
122000268,216,510,-294
122000269,1166,504,662
122000270,700,649,51
122000271,157,5661,-5504
122000272,493,1756,-1263
122000273,566,687,-121
122000274,335,297,38
122000275,19,238,-219
122000276,1547,556,991
122000277,1064,2101,-1037
122000278,2196,263,1933
122000279,203,258,-55
122000280,641,537,104
122000281,502,413,89
122000282,135,431,-296
122000283,309,237,72
122000284,111,136,-25
122000285,497,87,410
122000286,125,160,-35
122000287,2232,1472,760
122000288,583,323,260
122000291,4097,976,3121
122000293,261,152,109
122000294,197,468,-271
122000295,1501,164,1337
122000296,57,1646,-1589
122000297,2388,4438,-2050
122000299,828,394,434
122000300,540,413,127
122000301,12028,4216,7812
122000302,656,6048,-5392
122000303,2808,1084,1724
122000304,16,327,-311
122000305,2298,656,1642
122000306,206,376,-170
122000307,141,133,8
122000309,58,63,-5
122000310,41,145,-104
122000311,51,132,-81
122000312,180,298,-118
122000313,34,165,-131
122000314,231,744,-513
122000315,366,49,317
122000316,1641,449,1192
122000317,3734,344,3390
122000318,355,2320,-1965
122000319,126,376,-250
122000320,425,1266,-841
122000321,115,309,-194
122000322,2105,2547,-442
122000323,632,3214,-2582
122000324,2278,3808,-1530
122000325,857,4684,-3827
122000326,149,112,37
122000327,302,2044,-1742
122000328,585,1269,-684
122000330,3994,3395,599
122000332,279,620,-341
122000333,29,29,0
122000337,1149,378,771
122000338,626,216,410
122000340,227,4694,-4467
122000342,2702,860,1842
122000343,610,532,78
122000344,216,6,210
122000345,14,30,-16
122000346,144,133,11
122000348,437,708,-271
122000349,52,545,-493
122000351,362,394,-32
122000352,194,182,12
122000353,229,142,87
122000355,187,358,-171
122000356,228,3464,-3236
122000357,57,8,49
122000358,0,12,-12
122000359,0,19,-19
122000360,2,6,-4
122000362,13,28,-15
122000364,324,157,167
122000365,4,62,-58
122000366,24,19,5
122000368,504,965,-461
122000370,25,5,20
122000371,53,0,53
122000372,5,0,5
122000381,212,619,-407
122000382,87,265,-178
122000384,1370,1577,-207
122000385,124,0,124
122000386,134,2599,-2465
122000387,351,2995,-2644
122000388,1499,2388,-889
122000389,335,2505,-2170
122000390,322,1380,-1058
122000391,66,1863,-1797
122000392,168,249,-81
122000393,55,207,-152
122000394,997,247,750
122000395,196,204,-8
122000396,478,154,324
122000397,47,46,1
122000398,15,147,-132
122000399,107,64,43
122000400,19,1888,-1869
122000401,152,105,47
122000402,591,258,333
122000403,760,394,366
122000404,401,254,147
122000408,401,591,-190
122000503,2,138,-136
122000524,50,847,-797
122000544,51,3404,-3353
122000616,212,1,211
122000640,205,68,137
122000641,283,257,26
122000642,2097,494,1603
122000643,26,374,-348
122000644,232,60,172
122000645,19,181,-162
122000651,389,4057,-3668
122000664,252,246,6
122000665,2675,1049,1626
122000666,480,1049,-569
122000673,60,202,-142
122000674,914,434,480
122000675,3361,764,2597
122000686,335,3622,-3287
122000687,2648,310,2338
122000688,359,829,-470
122000689,1613,353,1260
122000690,4694,275,4419
122000691,1302,1230,72
122000692,1199,294,905
122000693,307,930,-623
122000695,492,290,202
122000696,1123,274,849
122000698,495,299,196
122000699,764,64,700
122000701,4013,224,3789
122000702,676,1562,-886
122000703,299,165,134
122000712,0,1,-1
122000717,88,91,-3
122000718,245,3051,-2806
122000719,27,297,-270
122000720,1067,149,918
122000724,101,14,87
122900001,17,26,-9
122900002,850,9758,-8908
122900003,719,24,695
122900004,1920,149,1771
122900005,24,117,-93
122900006,354,734,-380
122900007,52,126,-74
122900008,220,103,117
122900009,1493,350,1143
122900010,243,128,115
122900012,208,534,-326
122900014,53,130,-77
122900015,1389,1000,389
122900016,242,203,39
122900017,297,2894,-2597
122900018,254,15,239
122900019,10,133,-123
122900020,295,406,-111
122900021,106,467,-361
122900022,1832,1184,648
122900023,1113,252,861
122900024,59,139,-80
122900025,7,237,-230
122900026,11,157,-146
122900027,47,824,-777
122900028,61,62,-1
122900029,12894,2560,10334
122900030,6249,602,5647
122900031,13,544,-531
122900032,1491,566,925
122900033,159,272,-113
122900034,6006,5142,864
122900035,55,5,50
122900036,64,65,-1
122900037,551,861,-310
122900038,86,3569,-3483
122900039,61,577,-516
122900040,274,2048,-1774
122900041,160,628,-468
122900042,215,272,-57
122900043,499,530,-31
122900044,162,414,-252
122900045,172,579,-407
122900046,130,523,-393
122900047,69,159,-90
122900048,11,281,-270
122900049,6899,195,6704
122900051,61,2108,-2047
122900052,184,64,120
122900053,11,37,-26
122900055,295,63,232
122900057,458,40,418
122900061,574,44,530
122900062,554,1070,-516
122900063,269,175,94
122900064,907,473,434
122900065,744,236,508
122900066,768,283,485
122900067,816,418,398
122900068,85,309,-224
122900069,488,2487,-1999
122900070,378,57,321
122900071,105,431,-326
122900072,14,387,-373
122900073,17,117,-100
122900074,1330,177,1153
122900075,1,440,-439
122900076,3,712,-709
122900077,4,49,-45
122900078,385,67,318
122900080,27,52,-25
122900081,125,439,-314
122900082,1139,108,1031
122900083,61,48,13
122900084,2,160,-158
122900086,19,106,-87
122900087,463,540,-77
122900088,29,761,-732
122900089,46,730,-684
122900090,3,318,-315
122900091,540,0,540
122900092,1,221,-220
122900093,1,83,-82
122900094,2,161,-159
122900095,271,21,250
122900096,496,247,249
122900097,27,39,-12
122900098,16,123,-107
122900099,144,33,111
122900100,87,1008,-921
122900101,619,273,346
122900102,42,50,-8
122900103,470,11,459
122900104,322,3,319
122900105,30,4,26
122900106,1,42,-41
122900107,3,75,-72
122900108,5,150,-145
123000001,809,1774,-965
123000002,2838,8775,-5937
123000003,6736,5670,1066
123000004,4405,4366,39
123000005,4753,2873,1880
123000006,4362,2430,1932
123000007,5006,2729,2277
123000008,3655,3745,-90
123000009,5096,4850,246
123000010,3786,7139,-3353
123000011,2024,3623,-1599
123000012,838,8854,-8016
123000013,7565,2355,5210
123000014,1000,4481,-3481
123000015,3817,1683,2134
123000016,3457,3273,184
123000017,6564,2833,3731
123000018,178,163,15
123000019,1101,44,1057
123000020,727,28,699
123000021,357,519,-162
123000022,1091,2796,-1705
123000023,3320,4713,-1393
123000024,2770,1918,852
123000025,416,83,333
123000026,21,257,-236
123000027,44,1452,-1408
123000028,374,2924,-2550
123000029,409,1612,-1203
123000030,345,303,42
123000031,610,222,388
123000032,1149,282,867
123000033,742,384,358
123000034,1688,1149,539
123000035,327,723,-396
123000036,208,1874,-1666
123000037,356,174,182
123000038,48,609,-561
123000039,839,2134,-1295
123000040,644,274,370
123000041,677,2425,-1748
123000042,426,1886,-1460
123000043,2050,21350,-19300
123000044,3392,2855,537
123000045,5745,2622,3123
123000046,266,1711,-1445
123000047,488,1736,-1248
123000048,74,2198,-2124
123000049,6312,12693,-6381
123000050,3022,2111,911
123000051,85,366,-281
123000052,1062,3777,-2715
123000053,3174,3196,-22
123000054,3437,2297,1140
123000055,2765,7048,-4283
123000056,1556,751,805
123000057,4320,7119,-2799
123000058,767,2168,-1401
123000059,249,437,-188
123000060,1607,456,1151
123000061,295,516,-221
123000063,2062,1605,457
123000064,2318,277,2041
123000065,5093,2903,2190
123000066,614,710,-96
123000067,1626,638,988
123000068,2097,2532,-435
123000069,3459,1392,2067
123000070,251,535,-284
123000071,3396,1014,2382
123000072,1588,732,856
123000073,4049,1060,2989
123000074,2068,1770,298
123000075,643,2781,-2138
123000076,1375,638,737
123000077,3360,1617,1743
123000078,4739,1802,2937
123000079,4121,2120,2001
123000080,4286,1304,2982
123000081,307,552,-245
123000082,407,968,-561
123000083,2087,237,1850
123000084,1489,672,817
123000085,934,157,777
123000086,2111,176,1935
123000087,698,207,491
123000088,2079,529,1550
123000089,2147,1686,461
123000090,2573,1077,1496
123000091,3281,1951,1330
123000092,1496,1786,-290
123000094,1335,225,1110
123000095,1681,895,786
123000096,2038,507,1531
123000097,1410,420,990
123000098,1837,634,1203
123000099,1505,414,1091
123000100,418,1125,-707
123000101,484,482,2
123000102,870,1466,-596
123000104,559,585,-26
123000105,607,329,278
123000106,846,523,323
123000107,463,367,96
123000108,858,1242,-384
123000111,1972,436,1536
123000112,2027,653,1374
123000113,846,1066,-220
123000114,495,774,-279
123000115,409,530,-121
123000116,73,161,-88
123000117,3446,1648,1798
123000118,757,532,225
123000119,377,562,-185
123000120,435,821,-386
123000121,821,1340,-519
123000122,596,514,82
123000123,950,843,107
123000124,770,461,309
123000125,2224,1414,810
123000126,1539,7274,-5735
123000127,654,577,77
123000128,386,445,-59
123000129,1605,260,1345
123000130,1710,102,1608
123000131,2373,1434,939
123000132,546,1098,-552
123000133,196,513,-317
123000134,335,135,200
123000135,3780,1298,2482
123000136,299,530,-231
123000137,228,248,-20
123000138,224,353,-129
123000139,1101,408,693
123000140,43,564,-521
123000141,1148,189,959
123000142,1401,953,448
123000143,1213,2891,-1678
123000144,2,11,-9
123000145,229,240,-11
123000146,28,339,-311
123000147,67,386,-319
123000149,473,609,-136
123000150,153,357,-204
123000151,215,695,-480
123000152,11,255,-244
123000153,125,936,-811
123000154,1607,2590,-983
123000155,2141,1955,186
123000156,40,126,-86
123000157,1029,1241,-212
123000158,679,1282,-603
123000159,4240,6800,-2560
123000160,1875,2051,-176
123000161,1898,1629,269
123000162,2806,2590,216
123000163,1350,321,1029
123000164,3525,312,3213
123000165,344,1245,-901
123000166,22,111,-89
123000167,259,385,-126
123000168,584,235,349
123000169,1739,166,1573
123000170,206,80,126
123000171,2143,6,2137
123000172,83,684,-601
123000173,984,336,648
123000174,1220,620,600
123000175,525,1077,-552
123000176,1296,414,882
123000177,564,710,-146
123000178,1561,218,1343
123000179,36,874,-838
123000180,2357,518,1839
123000181,354,708,-354
123000182,336,197,139
123000183,261,610,-349
123000184,38,707,-669
123000185,1695,869,826
123000186,9,349,-340
123000187,884,17,867
123000188,535,2,533
123000189,323,192,131
123000190,120,36,84
123000192,7,316,-309
123000193,14,699,-685
123000194,324,235,89
123000195,761,29,732
123000196,834,53,781
123000197,136,186,-50
123000198,198,312,-114
123000199,34,371,-337
123000200,1216,9,1207
123000201,2396,14,2382
123000202,22,333,-311
123000203,2047,46,2001
123000204,36,392,-356
123000205,129,596,-467
123000206,4172,185,3987
123000207,34,755,-721
123000208,1286,171,1115
123000209,2908,803,2105
123000210,99,1500,-1401
123000211,450,1714,-1264
123000212,6781,428,6353
123000213,880,28,852
123000215,79,345,-266
123000216,258,2194,-1936
123000217,364,31,333
123000218,28,657,-629
123000219,728,134,594
123000220,961,147,814
123000221,231,378,-147
123000222,620,359,261
123000223,905,253,652
123000224,694,364,330
123000225,414,63,351
123000226,136,301,-165
123000227,132,152,-20
123000228,487,24,463
123000229,722,1361,-639
123000232,124,545,-421
123000233,1331,180,1151
123000234,147,669,-522
123000235,1951,355,1596
123000236,416,537,-121
123000237,640,212,428
123000238,61,369,-308
123000239,392,649,-257
123000240,145,1694,-1549
123000241,538,220,318
123000242,166,361,-195
123000243,1128,1249,-121
123000244,924,582,342
123000245,59,250,-191
123000249,700,997,-297
123000252,1062,544,518
123000253,2355,932,1423
123000254,1091,611,480
123000255,1300,870,430
123000256,45,121,-76
123000257,3189,1257,1932
123000258,1216,576,640
123000259,908,573,335
123000260,891,303,588
123000261,570,241,329
123000262,48,177,-129
123000263,738,104,634
123000264,230,73,157
123000265,44,132,-88
123000266,600,489,111
123000267,936,431,505
123000268,54,31,23
123000269,60,110,-50
123000270,86,118,-32
123000271,18,36,-18
123000272,896,444,452
123000273,416,1565,-1149
123000274,1614,1444,170
123000275,246,1120,-874
123000278,2126,6038,-3912
123000279,349,96,253
123000280,454,420,34
123000281,420,304,116
123000282,172,544,-372
123000283,269,145,124
123000284,58,68,-10
123000286,107,867,-760
123000287,501,715,-214
123000288,839,1986,-1147
123000289,236,2432,-2196
123000291,151,1765,-1614
123000294,172,318,-146
123000295,828,1823,-995
123000296,1056,845,211
123000297,1275,478,797
123000298,1965,464,1501
123000299,176,116,60
123000300,2426,1499,927
123000301,159,541,-382
123000302,347,137,210
123000303,48,743,-695
123000305,1586,1196,390
123000306,386,69,317
123000309,67,169,-102
123000310,98,64,34
123000311,0,267,-267
123000312,605,388,217
123000313,919,783,136
123000315,257,377,-120
123000316,1405,759,646
123000317,363,191,172
123000318,114,366,-252
123000329,7,16,-9
123000337,378,352,26
123000338,116,322,-206
123000339,543,35,508
123000340,134,342,-208
123000342,3,151,-148
123000343,349,40,309
123000344,575,193,382
123000345,532,434,98
123000346,1015,76,939
123000352,1460,1256,204
123000353,206,136,70
123000354,580,8,572
123000355,0,351,-351
123000356,684,25,659
123000357,5,99,-94
123000359,24,66,-42
123000360,267,374,-107
123000361,345,367,-22
123000362,509,130,379
123000363,178,178,0
123000364,696,671,25
123000365,20,495,-475
123000366,410,5161,-4751
123000367,370,564,-194
123000370,59,180,-121
123000371,824,66,758
123000372,542,59,483
123000373,34,338,-304
123000374,8,71,-63
123000375,809,66,743
123000376,1615,1725,-110
123000377,1100,26,1074
123000378,4,202,-198
123000379,14,239,-225
123000380,15,359,-344
123000381,74,304,-230
123000382,880,167,713
123000383,164,1087,-923
123000384,1155,329,826
123000385,288,1160,-872
123000436,93,2264,-2171
123000507,70,129,-59
123000508,188,1991,-1803
123000517,264,13,251
123000518,16,99,-83
123000519,225,98,127
123000520,41,88,-47
123000521,925,110,815
123000522,231,212,19
123000541,7,1,6
123000542,0,12,-12
123000565,1062,71,991
123000566,660,131,529
123000567,199,82,117
123000573,62,670,-608
123000574,1177,32,1145
123000575,2922,524,2398
123000576,985,1008,-23
123000577,70,1258,-1188
123000578,788,366,422
123000579,1054,10337,-9283
123000580,195,95,100
123000582,864,13,851
123000583,7,385,-378
123000584,305,366,-61
123000585,0,45,-45
123000586,272,3,269
123000596,71,108,-37
123000597,157,283,-126
123000602,225,20,205
123000603,2364,447,1917
123000604,1421,328,1093
123000605,1301,72,1229
123000606,1,947,-946
123000609,42,543,-501
123000610,88,67,21
123000613,111,95,16
123000614,435,61,374
123000615,127,112,15
123000616,1112,52,1060
123000617,111,186,-75
123000618,20,682,-662
123000619,519,33,486
123000620,33,348,-315
123000622,772,9,763
123000624,373,58,315
123000630,3827,730,3097
123000631,359,738,-379
123000632,992,934,58
123000633,3,276,-273
123000634,97,837,-740
123000635,120,177,-57
123000636,77,553,-476
123000637,261,24,237
123000638,977,65,912
123000639,1123,10111,-8988
123000640,15,461,-446
123000648,943,128,815
123000649,54,636,-582
123900001,1406,74,1332
123900002,20,2167,-2147
123900003,122,808,-686
123900005,425,390,35
123900006,871,215,656
124000001,2826,232,2594
124000002,64,1172,-1108
124000003,1923,218,1705
124000004,44,426,-382
124000005,1544,2047,-503
124000006,172,478,-306
124000007,1635,168,1467
124000008,10,649,-639
124000009,1038,798,240
124000010,466,527,-61
124000011,1558,1441,117
124000012,272,409,-137
124000017,410,196,214
124000018,97,88,9
124000019,518,206,312
124000020,29,141,-112
124000021,225,178,47
124000022,53,209,-156
124000023,2276,1916,360
124000024,1339,544,795
124000025,1909,1990,-81
124000026,1158,1239,-81
124000027,4309,4136,173
124000028,1769,4170,-2401
124000030,2167,1368,799
124000031,1293,13702,-12409
124000032,1928,727,1201
124000033,894,1727,-833
124000034,1139,1085,54
124000035,563,173,390
124000036,188,618,-430
124000037,360,868,-508
124000038,1,162,-161
124000039,375,209,166
124000040,205,822,-617
124000041,902,138,764
124000042,180,225,-45
124000043,210,149,61
124000044,59,98,-39
124000045,2538,441,2097
124000046,207,451,-244
124000047,3838,554,3284
124000048,1013,554,459
124000049,2840,319,2521
124000050,913,957,-44
124000051,1804,394,1410
124000052,677,566,111
124000053,385,3349,-2964
124000054,612,265,347
124000055,1322,8485,-7163
124000056,1604,859,745
124000057,2791,442,2349
124000058,1025,1151,-126
124000059,1838,1697,141
124000060,525,627,-102
124000061,2280,9424,-7144
124000062,3388,1337,2051
124000063,1399,950,449
124000064,1732,1122,610
124000065,53,1324,-1271
124000066,228,178,50
124000067,214,238,-24
124000068,173,277,-104
124000069,787,149,638
124000070,757,236,521
124000071,202,145,57
124000072,349,343,6
124000073,1242,175,1067
124000074,333,565,-232
124000075,570,25,545
124000076,37,60,-23
124000077,277,692,-415
124000078,1249,1071,178
124000079,246,1469,-1223
124000080,1367,163,1204
124000081,302,491,-189
124000082,85,269,-184
124000083,50,83,-33
124000084,44,1640,-1596
124000085,99,58,41
124000086,5,415,-410
124000087,67,199,-132
124000088,130,415,-285
124000089,963,330,633
124000090,308,248,60
124000091,1188,287,901
124000092,557,911,-354
124000093,177,88,89
124000094,124,396,-272
124000095,169,101,68
124000096,217,51,166
124000097,268,188,80
124000098,150,97,53
124000099,248,109,139
124000100,60,82,-22
124000101,206,240,-34
124000102,112,50,62
124000103,305,325,-20
124000104,155,49,106
124000105,290,287,3
124000106,129,37,92
124000107,43,357,-314
124000108,70,9,61
124000109,128,172,-44
124000110,44,79,-35
124000111,568,148,420
124000112,1293,678,615
124000113,319,161,158
124000114,552,493,59
124000115,314,923,-609
124000116,206,322,-116
124000117,44,120,-76
124000118,30,124,-94
124000119,1398,1373,25
124000120,953,984,-31
124000121,1438,1178,260
124000122,450,1594,-1144
124000123,733,403,330
124000124,483,406,77
124000125,569,353,216
124000126,418,423,-5
124000127,1227,531,696
124000128,770,656,114
124000129,2037,1317,720
124000130,331,435,-104
124000131,844,844,0
124000132,531,803,-272
124000133,1855,1186,669
124000134,1075,790,285
124000135,1976,2505,-529
124000136,764,1111,-347
124000137,1152,1563,-411
124000138,1033,1101,-68
124000139,401,102,299
124000140,6,509,-503
124000141,658,40,618
124000142,22,439,-417
124000143,139,11,128
124000144,3,173,-170
124000145,172,29,143
124000146,6,41,-35
124000148,5,50,-45
124000149,1501,278,1223
124000150,280,705,-425
124000151,1701,408,1293
124000152,842,872,-30
124000153,985,562,423
124000154,511,391,120
124000155,1293,916,377
124000156,728,710,18
124000169,205,1145,-940
124000170,1146,948,198
124000171,351,865,-514
124000172,427,818,-391
124000173,1132,396,736
124000174,651,671,-20
124000175,3,61,-58
124000176,75,22,53
124000177,3,21,-18
124000178,52,49,3
124000190,150,44,106
124000191,134,463,-329
124000192,1778,873,905
124000193,258,7521,-7263
124000194,321,468,-147
124000195,586,589,-3
124000196,674,979,-305
124000197,110,49,61
124000198,72,110,-38
124000201,40,429,-389
124000202,911,167,744
124000203,1351,117,1234
124000204,2853,185,2668
124000205,165,230,-65
124000206,1841,231,1610
124000207,0,19,-19
124000209,229,190,39
124000210,1422,266,1156
124000211,1477,7,1470
124000212,0,124,-124
124000213,1115,81,1034
124000214,1036,225,811
124000215,830,11,819
124000216,1,190,-189
124000329,27,795,-768
124000338,40,418,-378
124000339,3346,40,3306
124000341,3875,62,3813
124000344,64,1,63
124000357,1598,5133,-3535
124000358,799,2638,-1839
124000359,1636,1227,409
124000360,1677,931,746
124000361,4041,1480,2561
124000362,2229,4855,-2626
124000363,699,383,316
124000364,809,722,87
124000365,1143,1490,-347
124000366,4057,932,3125
124000367,56,370,-314
124000368,368,1995,-1627
124000369,68,178,-110
124000370,49,1524,-1475
124000402,34,18,16
124000403,271,27,244
124000404,21,31,-10
124000405,839,683,156
124000406,504,504,0
124000407,2,16,-14
124000411,2,359,-357
124000412,700,2,698
124000413,201,512,-311
124000414,180,72,108
124000415,163,52,111
124000416,172,129,43
124000417,596,134,462
124000418,557,41,516
124000419,138,19,119
124000420,362,9,353
124000421,106,28,78
124000422,55,16,39
124000423,126,74,52
124000424,9,35,-26
124000425,197,153,44
124000426,10,148,-138
124000427,235,5,230
124000428,6,792,-786
124000429,259,16,243
124000430,1191,591,600
124000431,411,355,56
124000432,628,1087,-459
124000439,11,1,10
124000443,2,10,-8
124000445,237,5062,-4825
124000446,2170,897,1273
124000447,0,43,-43
124900001,1728,339,1389
124900002,280,172,108
124900003,2076,338,1738
124900004,1765,288,1477
124900005,210,60,150
124900006,1548,323,1225
124900008,703,390,313
124900009,165,562,-397
124900010,247,128,119
124900011,1105,320,785
124900012,331,131,200
124900013,767,129,638
124900014,367,27,340
124900015,157,394,-237
124900016,176,231,-55
124900017,256,5225,-4969
124900018,236,14,222
124900020,183,39,144
124900021,603,23,580
124900022,72,2,70
124900024,907,3,904
124900026,65,45,20
124900027,173,430,-257
124900028,259,64,195
124900029,35,1000,-965
124900030,1,58,-57
124900031,29,198,-169
124900032,310,276,34
124900033,88,102,-14
124900034,9,230,-221
124900035,57,139,-82
124900036,0,139,-139
124900037,114,89,25
124900038,216,211,5
124900039,0,101,-101
124900040,212,65,147
124900041,400,899,-499
124900042,20,0,20
124900043,612,589,23
124900044,99,1,98
124900045,311,909,-598
124900047,42,92,-50
124900048,358,87,271
124900050,199,106,93
124900052,110,292,-182
124900053,209,178,31
124900054,1034,565,469
124900055,0,106,-106
124900057,2,119,-117
124900060,14,264,-250
124900061,236,4,232
124900062,322,10,312
124900066,0,11,-11
124900067,6,53,-47
124900068,195,833,-638
124900070,46,30,16
124900072,272,25,247
124900075,1383,120,1263
124900076,21,4055,-4034
124900077,29,115,-86
124900078,92,14,78
124900079,224,316,-92
124900080,607,213,394
124900081,2674,279,2395
124900082,421,544,-123
124900083,360,302,58
124900085,689,528,161
124900086,38,1488,-1450
124900087,320,163,157
124900088,112,119,-7
124900089,524,5,519
124900090,879,267,612
124900091,372,229,143
124900092,321,237,84
124900093,952,209,743
124900094,1292,315,977
124900095,248,939,-691
124900096,343,74,269
124900097,903,60,843
124900098,175,222,-47
124900099,140,730,-590
124900100,658,39,619
124900101,39,234,-195
124900102,620,7,613
124900103,222,97,125
124900104,89,130,-41
124900105,141,75,66
124900106,522,16,506
124900107,236,27,209
124900108,205,129,76
124900111,0,167,-167
124900112,219,320,-101
124900113,68,305,-237
124900114,53,211,-158
124900115,72,47,25
124900116,420,587,-167
124900117,136,218,-82
124900118,144,2068,-1924
124900119,481,257,224
124900120,39,303,-264
124900121,45,655,-610
124900122,221,173,48
124900123,82,97,-15
124900124,33,263,-230
204000001,262,33,229
204000002,37,47,-10
204000003,15,10,5
204000004,10,5,5
204000005,627,483,144
204000006,1309,1155,154
204000011,17,19,-2
204000012,36,49,-13
204000019,1718,463,1255
204000020,1704,1149,555
204000021,2819,1384,1435
204000022,2102,666,1436
204000023,902,471,431
204000031,47,2,45
204000032,278,16,262
204000034,115,169,-54
204000035,0,0,0
204000036,3,52,-49
204000037,1,39,-38
204000038,0,11,-11
204000039,10,5,5
204000040,8,30,-22
204000041,11,55,-44
204000042,47,32,15
204000043,53,17,36
204000044,78,16,62
204000045,135,6,129
204000046,12,5,7
204000057,20,3,17
204000062,16,31,-15
204000068,44,928,-884
204000069,251,786,-535
204000070,75,85,-10
204000080,167,100,67
204000085,1075,979,96
204000086,2757,1228,1529
204000087,112,24,88
204000088,9,100,-91
204000090,146,377,-231
204000093,939,54,885
204000096,2800,971,1829
204000097,646,17,629
204000099,1301,3904,-2603
204000100,2512,1837,675
204000105,1737,920,817
204000110,522,1358,-836
204000111,991,861,130
204000112,734,877,-143
204000113,309,877,-568
204000114,1448,1821,-373
204000115,2362,934,1428
204000116,1049,1444,-395
204000119,3564,2409,1155
204000132,998,769,229
204000133,1417,108,1309
204000134,375,45,330
204000135,1020,43,977
204000136,679,394,285
204000138,337,1504,-1167
204000140,380,135,245
204000141,281,82,199
204000144,0,17,-17
204000145,819,58,761
204000146,23,182,-159
204000147,14,337,-323
204000148,267,92,175
204000154,11,7,4
204000155,1,4,-3
204000177,70,69,1
204000179,28,22,6
204000180,0,66,-66
204000222,4,1,3
204000235,133,22,111
204000236,72,197,-125
204000238,3,38,-35
204000240,457,75,382
204000263,814,1285,-471
204000268,819,374,445
204000308,202,67,135
204000317,40,158,-118
204000322,96,103,-7
204000323,10,4,6
204000328,336,69,267
204000329,185,121,64
204000330,279,28,251
204000331,288,206,82
205000001,954,1114,-160
205000013,146,221,-75
205000014,155,147,8
205000015,279,64,215
205000016,127,131,-4
205000017,123,121,2
205000022,417,533,-116
205000025,2279,707,1572
205000029,815,40,775
205000045,354,241,113
205000046,294,411,-117
205000047,155,294,-139
205000048,464,452,12
205000049,173,485,-312
205000050,808,292,516
205000059,2,960,-958
205000060,4,1188,-1184
205000061,19,2545,-2526
205000062,9,2424,-2415
205000063,87,2515,-2428
205000064,177,605,-428
205000065,940,769,171
205000066,437,474,-37
205000067,271,530,-259
205000069,183,20,163
205000082,228,249,-21
205000110,95,198,-103
205000111,197,192,5
205000112,193,147,46
205000113,158,124,34
205000121,211,120,91
205000123,275,184,91
205000126,891,92,799
205000127,1099,123,976
205000128,480,61,419
205000129,1004,71,933
205000130,84,36,48
205000131,19,39,-20
205000132,92,20,72
205000133,78,5,73
205000134,357,1,356
205000137,651,62,589
205000138,497,119,378
205000139,79,20,59
205000144,106,76,30
205000145,293,152,141
205000151,218,47,171
205000152,204,52,152
205000153,278,107,171
205000154,77,85,-8
205000155,140,15,125
205000207,4,163,-159
205000233,20,3,17
205000234,0,2,-2
205000243,0,0,0
205000244,0,3,-3
205000245,9,354,-345
205000249,0,33,-33
205000250,2,1,1
205000264,42,94,-52
206000027,16,17,-1
206000028,4,8,-4
206000043,2,85,-83
206000053,8,5,3
206000054,0,46,-46
206000055,1,14,-13
206000075,32,19,13
206000076,29,21,8
206000077,22,17,5
206000078,24,24,0
206000079,28,13,15
206000082,273,117,156
206000100,32,680,-648
206000103,5,21,-16
206000104,5,21,-16
206000105,16,20,-4
206000106,1,24,-23
206000125,190,0,190
206000157,21,510,-489
206000170,2,180,-178
206000171,26,235,-209
206000172,28,192,-164
206000173,1,163,-162
206000174,31,44,-13
206000175,11,58,-47
206000176,21,70,-49
206000177,3,36,-33
206000178,2,564,-562
206000179,5,391,-386
206000180,15,58,-43
206000181,31,17,14
206000182,2,43,-41
206000183,20,65,-45
206000184,4,73,-69
206000185,14,33,-19
206000186,89,222,-133
206000223,41,577,-536
206000226,79,4,75
206000227,38,15,23
206000237,47,170,-123
206000238,52,274,-222
206000239,322,1787,-1465
206000240,0,45,-45
206000241,0,96,-96
206000242,19,171,-152
206000243,45,53,-8
206000244,124,169,-45
206000245,1688,84,1604
206000246,717,8,709
206000247,723,6,717
206000248,778,32,746
206000252,111,84,27
206000258,3,60,-57
206000315,78,14,64
206000317,665,167,498
206000318,1032,72,960
206000319,2863,105,2758
206000320,690,50,640
206000321,645,22,623
206000322,1090,9,1081
206000323,540,6,534
206000324,617,5,612
206000325,330,16,314
206000326,319,58,261
206000327,68,43,25
206000328,451,45,406
206000329,456,14,442
206000330,88,4,84
206000331,499,4,495
206000332,90,9,81
206000333,1668,1,1667
206000334,897,0,897
206000335,0,47,-47
206000361,6,148,-142
206000392,4,12,-8
206000405,273,0,273
206000441,142,29,113
206000498,55,6,49
206000515,65,51,14
206000530,559,73,486
206000531,270,402,-132
206000532,1182,555,627
206000535,107,4114,-4007
206000536,30,45,-15
206000537,55,144,-89
206000613,1197,252,945
206000784,724,119,605
207000001,187,413,-226
207000002,209,458,-249
207000003,254,227,27
207000007,2488,233,2255
207000008,525,25,500
207000009,89,50,39
207000010,449,330,119
207000012,683,166,517
207000015,450,714,-264
207000019,536,158,378
207000021,463,263,200
207000022,378,193,185
207000023,331,146,185
207000024,4,91,-87
207000025,38,126,-88
207000026,185,54,131
207000027,25,99,-74
207000028,106,201,-95
207000029,221,532,-311
207000033,355,333,22
207000034,458,117,341
207000039,885,62,823
207000040,816,74,742
207000041,112,16,96
207000042,473,42,431
207000043,459,225,234
207000051,101,300,-199
207000052,18,110,-92
207000053,448,421,27
207000054,88,68,20
207000055,249,153,96
207000056,345,321,24
207000057,191,192,-1
207000058,237,223,14
207000059,194,241,-47
207000060,69,391,-322
207000061,86,1503,-1417
207000062,1160,62,1098
207000063,1129,92,1037
207000064,611,109,502
207000065,470,245,225
207000066,781,211,570
207000067,136,89,47
207000068,215,67,148
207000069,1233,372,861
207000082,52,173,-121
207000083,123,215,-92
207000084,821,396,425
207000085,374,54,320
207000086,582,12,570
207000106,109,31,78
207000107,140,22,118
207000108,176,0,176
207000109,129,4,125
207000110,30,75,-45
207000111,56,121,-65
207000112,72,2044,-1972
207000114,68,27,41
207000115,60,81,-21
207000116,9,477,-468
207000117,18,140,-122
207000118,3,56,-53
207000119,23,71,-48
207000123,290,10,280
207000124,179,15,164
207000125,56,17,39
207000126,48,31,17
207000134,361,194,167
207000135,74,323,-249
207000148,82,655,-573
207000149,69,16,53
207000152,202,598,-396
207000153,361,753,-392
207000154,510,345,165
207000159,165,131,34
207000160,260,217,43
207000238,1,214,-213
207000242,2,51,-49
207000248,22,30,-8
207000249,164,11,153
207000250,558,165,393
207000251,72,155,-83
207000252,23,52,-29
207000278,233,184,49
207000279,44,110,-66
207000280,1407,71,1336
207000281,313,336,-23
207000282,29,537,-508
207000283,44,206,-162
207000284,33,2051,-2018
207000285,106,106,0
207000291,21,77,-56
207000304,60,81,-21
207000306,88,377,-289
207000310,208,136,72
207000353,94,7,87
207000356,17,124,-107
207000357,3,24,-21
207000358,1,33,-32
207000415,8,148,-140
207000417,65,4,61
207000418,150,78,72
207000438,0,1,-1
207000439,552,377,175
207000446,288,9,279
207000460,257,17,240
207000466,198,128,70
207000467,760,102,658
207000468,126,137,-11
207000476,2,11,-9
207000477,638,16,622
207000478,0,40,-40
207000523,0,16,-16
207000524,86,1,85
207000527,430,138,292
207000530,1004,1,1003
207000531,569,5,564
207000532,120,56,64
207000534,171,41,130
207000535,12,567,-555
207000537,12,53,-41
207000540,4,94,-90
207000541,3,179,-176
207000548,11,138,-127
207000549,787,15,772
207000561,366,300,66
207000562,19,125,-106
207000567,94,128,-34
207000568,573,40,533
207000569,1503,99,1404
207000584,35,260,-225
207000585,22,191,-169
207000587,376,27,349
207000616,0,113,-113
207000617,140,0,140
207000624,110,40,70
207000631,7,84,-77
207900008,706,105,601
208000001,942,1786,-844
208000002,1283,1062,221
208000003,1080,584,496
208000004,1250,1729,-479
208000005,3,147,-144
208000019,1512,523,989
208000020,474,208,266
208000021,385,415,-30
208000022,777,293,484
208000028,989,1655,-666
208000033,433,283,150
208000034,774,1293,-519
208000037,994,74,920
208000040,435,136,299
208000041,1210,651,559
208000042,2274,668,1606
208000047,157,247,-90
208000064,2675,1862,813
208000066,1458,1448,10
208000070,959,710,249
208000071,1331,340,991
208000072,1358,866,492
208000080,483,1163,-680
208000081,585,184,401
208000082,1144,264,880
208000083,338,307,31
208000084,9,109,-100
208000085,1037,801,236
208000086,1040,1627,-587
208000087,699,906,-207
208000089,1442,422,1020
208000090,1119,583,536
208000093,28,223,-195
208000094,626,246,380
208000095,1014,682,332
208000104,2171,535,1636
208000105,1366,941,425
208000114,167,415,-248
208000115,605,467,138
208000116,1994,1855,139
208000117,39,167,-128
208000118,308,480,-172
208000155,1419,1744,-325
208000158,2103,2941,-838
208000186,1161,2543,-1382
208000204,1245,1001,244
208000205,2410,873,1537
208000282,1125,1392,-267
209000004,1077,202,875
209000005,128,77,51
209000006,413,177,236
209000007,571,827,-256
209000010,378,670,-292
209000011,167,398,-231
209000012,286,152,134
209000013,460,106,354
209000014,733,384,349
209000025,809,104,705
209000026,1494,288,1206
209000027,622,316,306
209000028,505,285,220
209000029,591,3184,-2593
209000030,666,2601,-1935
209000031,6468,2169,4299
209000034,376,563,-187
209000035,370,596,-226
209000036,609,473,136
209000037,655,389,266
209000038,343,195,148
209000039,153,177,-24
209000040,405,710,-305
209000041,157,436,-279
209000042,260,270,-10
209000043,518,821,-303
209000044,214,909,-695
209000045,781,320,461
209000046,815,393,422
209000047,666,288,378
209000048,760,610,150
209000049,211,94,117
209000050,336,127,209
209000051,400,177,223
209000052,280,275,5
209000062,153,55,98
209000063,109,26,83
209000064,143,32,111
209000065,237,31,206
209000066,178,20,158
209000067,360,47,313
209000080,23,264,-241
209000082,98,82,16
209000091,113,116,-3
209000093,80,153,-73
209000094,115,245,-130
209000110,48,278,-230
209000111,524,2761,-2237
209000112,1514,1111,403
209000113,2874,2466,408
209000114,1138,1515,-377
209000115,111,152,-41
209000116,912,477,435
209000118,20,183,-163
209000119,34,194,-160
209000121,197,598,-401
209000135,55,150,-95
209000142,921,3876,-2955
209000143,65,222,-157
209000144,91,927,-836
209000229,267,98,169
209000240,91,304,-213
209000259,54,186,-132
209000260,33,595,-562
209000261,2,195,-193
209000262,3,123,-120
209000263,1,339,-338
209000264,0,184,-184
209000265,443,41,402
209000266,185,0,185
209000267,1442,5,1437
209000268,536,61,475
210000037,162,203,-41
210000047,154,8,146
210000048,130,25,105
210000049,207,16,191
210000052,118,89,29
210000053,68,56,12
210000054,22,96,-74
210000070,195,6,189
210000071,158,0,158
210000072,47,0,47
210000073,0,14,-14
210000074,0,142,-142
210000075,1,326,-325
210000076,7,282,-275
210000077,12,454,-442
210000078,19,386,-367
210000079,35,117,-82
210000080,51,488,-437
210000081,326,6,320
210000082,36,1,35
210000083,73,0,73
210000084,142,0,142
210000085,1,44,-43
210000086,1,72,-71
210000099,89,196,-107
210000100,92,117,-25
210000101,153,138,15
210000105,27,412,-385
210000159,1,309,-308
210000163,81,262,-181
210000164,393,274,119
210000168,863,127,736
210000187,0,52,-52
210000188,0,54,-54
210000214,13,2,11
210000219,97,65,32
210000220,203,52,151
210000232,5,21,-16
210000233,21,20,1
210000234,48,54,-6
210000235,68,74,-6
210000245,1,45,-44
210000246,26,3,23
210000258,12,72,-60
210000259,402,62,340
210000282,29,248,-219
210000285,1,154,-153
210000286,23,81,-58
210000290,0,3,-3
210000295,118,268,-150
210000296,140,102,38
210000320,383,60,323
210000321,388,13,375
210000338,112,190,-78
210000339,193,914,-721
210000340,160,320,-160
210000341,281,311,-30
210000342,331,234,97
210000343,216,329,-113
210000344,127,347,-220
210000345,204,646,-442
210000346,96,294,-198
210000347,85,545,-460
210000348,215,386,-171
210000349,134,176,-42
210000350,193,173,20
210000351,330,61,269
210000352,50,48,2
210000353,37,59,-22
210000354,72,77,-5
210000355,57,508,-451
210000356,24,832,-808
210000357,66,890,-824
210000358,1302,769,533
210000359,147,1019,-872
210000360,459,836,-377
210000361,513,318,195
210000362,701,292,409
210000363,1207,325,882
210000364,461,174,287
210000365,459,65,394
210000366,428,66,362
210000367,319,39,280
210000368,243,39,204
210000369,50,336,-286
210000370,139,462,-323
210000372,43,116,-73
210000373,31,325,-294
210000374,84,482,-398
210000375,49,64,-15
210000376,44,717,-673
210000404,79,98,-19
210000439,115,10,105
210000472,74,6,68
210000482,92,134,-42
210000564,374,228,146
210000567,2,79,-77
210000568,319,1,318
211000092,91,22,69
211000094,23,1,22
211000169,303,9,294
211000172,37,125,-88
211000209,1,58,-57
211000226,47,40,7
211000270,83,13,70
211000275,24,26,-2
211000276,241,19,222
211000279,24,46,-22
211000281,212,20,192
211000302,1,4,-3
211507980,1,149,-148
211977296,4,0,4
212000003,442,250,192
212000004,2,232,-230
212000005,23,248,-225
212000006,91,275,-184
212000008,292,383,-91
212000009,99,174,-75
212000012,219,25,194
212000013,96,22,74
212000014,474,86,388
212000015,494,117,377
212000016,700,357,343
212000027,679,278,401
212000028,490,279,211
212000029,282,222,60
212000030,63,20,43
212000031,70,41,29
212000048,86,630,-544
212000049,11,294,-283
212000050,26,13,13
212000051,423,97,326
212000052,359,138,221
212000053,290,205,85
212000054,761,81,680
212000055,646,117,529
212000056,17,51,-34
212000057,4,46,-42
212000058,257,71,186
212000070,249,121,128
212000077,232,148,84
212000099,536,242,294
212000108,375,617,-242
212000111,472,107,365
212000120,302,361,-59
212000138,311,143,168
212000156,0,28,-28
212000158,4,47,-43
212000159,940,60,880
212000160,837,117,720
212000161,118,8,110
212000310,64,10,54
212000311,29,80,-51
212000374,57,5,52
213000001,18,564,-546
213000005,734,175,559
213000006,872,301,571
213000007,65,28,37
213000009,435,229,206
213000010,576,249,327
213000011,324,172,152
213000012,319,281,38
213000014,185,55,130
213000015,478,15,463
213000016,618,4,614
213000017,204,0,204
213000018,11,28,-17
213000019,2,53,-51
213000020,125,135,-10
213000021,5,79,-74
213000023,519,554,-35
213000033,432,1633,-1201
213000034,486,248,238
213000035,241,491,-250
213000045,254,384,-130
213000046,123,84,39
213000047,386,985,-599
213000056,215,33,182
213000069,426,85,341
213000073,0,59,-59
213000074,102,617,-515
213000075,975,1,974
213000076,18,1,17
213000085,4,25,-21
213000086,13,159,-146
213000091,385,7,378
213000092,30,7,23
213000099,353,1367,-1014
213000100,1055,435,620
213000101,1208,74,1134
213000102,1231,103,1128
213000103,803,420,383
213000104,56,219,-163
213000105,106,2211,-2105
213000106,51,113,-62
213000107,240,267,-27
213000108,29,246,-217
213000109,3,150,-147
213000110,7,73,-66
213000111,7,64,-57
213000112,34,103,-69
213000115,77,3,74
213000116,70,491,-421
213000117,2,504,-502
213000118,1769,501,1268
213000119,61,426,-365
213000120,89,222,-133
213000122,232,292,-60
213000123,163,440,-277
213000124,433,477,-44
213000125,170,80,90
213000126,22,250,-228
213000127,31,266,-235
213000128,105,671,-566
213000129,229,2574,-2345
213000130,1437,1268,169
213000132,1215,360,855
213000133,1772,132,1640
213000134,3339,12,3327
213000136,755,9,746
213000137,815,51,764
213000139,649,62,587
213000147,11,55,-44
213000148,22,112,-90
213000149,12,119,-107
213000150,5,1097,-1092
213000151,7,341,-334
213000152,1,593,-592
213000153,6,244,-238
213000154,217,402,-185
213000155,33,328,-295
213000156,247,418,-171
213000157,1403,241,1162
213000158,641,670,-29
213000159,1052,480,572
213000163,2163,255,1908
213000165,782,390,392
213000171,1,34,-33
213000172,0,79,-79
213000173,0,75,-75
213000174,0,63,-63
213000175,8,12,-4
213000176,263,51,212
213000177,192,0,192
213000178,480,8,472
213000179,432,1,431
213000180,519,0,519
213000184,51,476,-425
213000188,721,66,655
213000189,994,60,934
213000190,614,430,184
213000191,636,230,406
213000192,459,123,336
213000193,863,230,633
213000194,12,364,-352
213000195,58,338,-280
213000196,469,2681,-2212
213000197,698,1332,-634
213000198,43,7,36
213000200,166,490,-324
213000201,23,87,-64
213000202,10,663,-653
213000203,1930,330,1600
213000204,1602,30,1572
213000205,569,32,537
213000206,1082,42,1040
213000207,54,4,50
213000208,25,6,19
213000209,160,23,137
213000210,257,13,244
213000211,12,89,-77
213000212,47,165,-118
213000213,14,106,-92
213000218,586,542,44
213000219,1621,84,1537
213000220,1636,7,1629
213000223,426,354,72
213000224,41,125,-84
213000225,62,28,34
213000226,56,5,51
213000227,2010,219,1791
213000228,1368,62,1306
213000229,112,25,87
213000230,783,11,772
213000232,173,12,161
213000233,61,280,-219
213000234,0,68,-68
213000293,21,91,-70
213000294,138,81,57
213000295,46,126,-80
213000296,213,11,202
213000297,0,45,-45
213000298,7,71,-64
213000299,169,25,144
213000300,1,3,-2
213000303,3,13,-10
213000304,0,5,-5
213000305,2,59,-57
213000306,22,889,-867
213000307,112,783,-671
213000308,91,182,-91
213000309,341,54,287
213000310,263,174,89
213000311,131,791,-660
213000315,100,296,-196
213000316,501,196,305
213000322,191,12,179
213000323,142,86,56
213000324,91,5,86
213000325,102,37,65
213000326,92,9,83
213000327,72,9,63
213000328,56,67,-11
213000329,160,10,150
213000340,202,318,-116
213000341,1399,73,1326
213000346,106,487,-381
213000347,335,1284,-949
213000348,4,167,-163
213000349,0,15,-15
213000350,196,1076,-880
213000366,81,139,-58
213000367,819,14,805
213000379,26,134,-108
213000386,44,21,23
213000406,481,83,398
213000417,2680,728,1952
213000425,588,82,506
213000426,340,26,314
213000427,89,52,37
213000428,65,253,-188
213000429,18,10,8
213000430,143,394,-251
213000431,12,1,11
213000432,0,47,-47
213000433,22,41,-19
213000434,230,127,103
213000435,132,69,63
213000436,138,56,82
213000437,1,4,-3
213000438,152,19,133
213000439,85,61,24
213000440,11,154,-143
213000441,0,1,-1
213000442,3,8,-5
213000443,877,483,394
213000444,98,4,94
213000445,0,47,-47
213000446,1,33,-32
213000447,3,146,-143
213000448,4,205,-201
213000449,1360,30,1330
213000450,39,40,-1
213000451,392,27,365
213000452,13,7,6
213000453,26,220,-194
213000455,79,0,79
213000456,0,233,-233
213000481,1,2,-1
213000482,38,0,38
213000489,158,41,117
213000491,36,524,-488
213000492,117,29,88
213000493,1,361,-360
213000494,377,86,291
213000495,0,50,-50
213000496,735,199,536
213000497,156,144,12
213000498,143,105,38
213000499,299,136,163
213000500,987,65,922
213000501,333,82,251
213000502,181,186,-5
213000503,0,80,-80
213000504,35,32,3
213000505,12,2,10
213000506,0,3,-3
213000507,20,83,-63
213900244,97,0,97
213900245,0,31,-31
218000003,53,95,-42
218000004,60,83,-23
218000005,45,92,-47
218000006,108,84,24
218000007,23,36,-13
218000012,314,307,7
218000013,414,240,174
218000014,496,273,223
218000019,560,456,104
218000020,449,352,97
218000021,28,41,-13
218000022,16,8,8
218000023,21,6,15
218000024,2,8,-6
218000025,14,10,4
218000026,4,13,-9
218000027,2,4,-2
218000028,1,2,-1
218000029,0,0,0
218000030,10,9,1
218000031,5,14,-9
218000032,3,16,-13
218000040,0,12,-12
218000046,110,64,46
218000047,6,49,-43
218000048,59,47,12
218000049,42,31,11
218000050,189,100,89
218000051,77,93,-16
218000052,1,47,-46
218000053,2,29,-27
218000054,9,54,-45
218000055,13,46,-33
218000056,16,69,-53
218000057,0,55,-55
218000064,0,14,-14
218000065,126,67,59
218000066,6,110,-104
218000067,205,113,92
218000068,211,86,125
218000069,503,119,384
218000070,310,275,35
218000071,278,279,-1
218000072,193,384,-191
218000078,2050,333,1717
218000079,521,93,428
218000080,265,50,215
218000081,800,89,711
218000082,195,47,148
218000083,166,103,63
218000084,324,79,245
218000085,312,120,192
218000086,212,35,177
218000087,372,74,298
218000090,72,259,-187
218000091,1769,873,896
218000092,202,201,1
218000093,166,137,29
218000094,594,709,-115
218000099,375,439,-64
218000100,558,249,309
218000101,510,246,264
218000102,739,230,509
218000103,131,137,-6
218000104,180,41,139
218000105,34,31,3
218000106,52,16,36
218000107,104,61,43
218000108,3,32,-29
218000112,121,36,85
218000117,47,136,-89
218000134,873,397,476
218000135,24,108,-84
218000136,118,133,-15
218000137,172,166,6
218000138,63,134,-71
218000139,162,308,-146
218000140,978,580,398
218000141,100,182,-82
218000142,222,266,-44
218000143,33,463,-430
218000144,30,293,-263
218000145,838,422,416
218000146,207,139,68
218000151,10,45,-35
218000152,56,42,14
218000153,11,22,-11
218000154,13,3,10
218000155,57,0,57
218000156,137,5,132
218000157,76,6,70
218000158,2,11,-9
218000159,4,10,-6
218000160,14,13,1
218000161,97,1,96
218000162,55,9,46
218000163,28,12,16
218000164,151,8,143
218000165,128,48,80
218000170,0,40,-40
218000171,98,9,89
218000172,7,26,-19
218000173,9,12,-3
218000174,23,12,11
218000176,389,48,341
218000177,325,171,154
218000178,108,144,-36
218000179,198,79,119
218000180,113,30,83
218000181,347,33,314
218000187,12,100,-88
218000188,21,41,-20
218000189,43,106,-63
218000190,40,37,3
218000191,265,18,247
218000192,357,171,186
218000193,700,354,346
218000194,255,303,-48
218000195,183,33,150
218000196,505,196,309
218000197,789,268,521
218000198,176,109,67
218000199,76,12,64
218000200,22,60,-38
218000201,1,13,-12
218000202,54,800,-746
218000207,9,5,4
218000208,63,197,-134
218000211,46,38,8
218000212,0,7,-7
218000213,179,83,96
218000214,4,14,-10
218000215,71,68,3
218000217,10,43,-33
218000218,144,38,106
218000219,5,334,-329
218000220,47,1901,-1854
218000221,732,375,357
218000222,0,293,-293
218000223,59,521,-462
218000224,8,225,-217
218000225,298,12,286
218000226,336,80,256
218000230,0,17,-17
218000232,104,59,45
218000239,96,20,76
218000240,7,22,-15
218000241,11,5,6
218000242,1,2,-1
218000243,20,13,7
218000244,34,10,24
218000245,53,2,51
218000246,0,11,-11
218000247,0,2,-2
218000248,0,17,-17
218000249,0,0,0
218000250,1,7,-6
218000251,0,20,-20
218000252,0,136,-136
218000253,0,137,-137
218000254,0,61,-61
218000255,3,5,-2
218000256,4,53,-49
218000267,594,1407,-813
218000268,7,75,-68
218000269,4,48,-44
218000270,278,44,234
218000271,15,23,-8
218000273,127,1,126
218000274,9,6,3
218000275,114,69,45
218000276,22,12,10
218000278,7,126,-119
218000279,105,62,43
218000280,0,26,-26
218000281,9,69,-60
218000282,706,1353,-647
218000284,74,8,66
218000301,61,114,-53
218000302,39,47,-8
218000303,8,114,-106
218000316,1898,1022,876
218000317,3089,1008,2081
218000318,1922,705,1217
218000319,2190,584,1606
218000320,2028,694,1334
218000338,9,217,-208
218000345,170,372,-202
218000346,10,412,-402
218000459,28,112,-84
218000490,12,83,-71
218000501,125,20,105
218000502,143,75,68
218000503,143,14,129
218000504,218,39,179
218000505,47,124,-77
218000506,23,475,-452
218000508,0,2,-2
218000510,76,5,71
218000520,142,81,61
218000521,15,47,-32
218000522,1,564,-563
218000523,135,5,130
218000524,3,399,-396
218000525,122,37,85
218000526,38,278,-240
218000529,81,73,8
218000530,46,12,34
218000531,27,16,11
218000532,50,5,45
218000534,407,18,389
218000537,14,190,-176
218000538,84,476,-392
218000540,69,81,-12
218000543,219,117,102
218000544,43,99,-56
218000545,197,137,60
218000546,68,62,6
218000547,183,238,-55
218000548,141,142,-1
218000549,1142,134,1008
218000550,190,128,62
218000551,102,245,-143
218000552,361,232,129
218000553,15,258,-243
218000554,61,62,-1
218000555,20,48,-28
218000556,343,99,244
218000557,765,315,450
218000558,68,0,68
218000559,0,73,-73
218000560,0,15,-15
218000561,6,0,6
218000562,58,151,-93
218000563,157,70,87
218000564,2,181,-179
218000565,53,70,-17
218000566,50,21,29
218000567,1,95,-94
218000568,1,0,1
218000569,3,288,-285
218000570,16,14,2
218000571,1,168,-167
218000572,166,14,152
218000573,3,149,-146
218000574,30,40,-10
218000575,122,1,121
218000576,1,83,-82
218000577,148,0,148
218000578,0,280,-280
218000579,45,22,23
218000581,2,79,-77
218000582,43,11,32
218000583,1,0,1
218000584,0,11,-11
218000585,37,6,31
218000586,28,24,4
218000587,1,1,0
218000588,1,29,-28
218000589,0,5,-5
218000590,0,1,-1
218000591,0,3,-3
218000592,4,1,3
218000593,1,11,-10
218000594,0,0,0
218000597,0,0,0
218000598,0,5,-5
218000599,1,1,0
218000600,0,1,-1
218000601,0,1,-1
218000602,0,0,0
218000603,0,8,-8
218000604,8,0,8
218000605,0,73,-73
218000606,48,0,48
218000607,39,102,-63
218000608,99,22,77
218000609,24,128,-104
218000610,66,3,63
218000611,57,2,55
218000612,2,39,-37
218000613,36,0,36
218000614,0,50,-50
218000615,202,10,192
218000616,8,329,-321
218000617,0,6,-6
218000618,0,27,-27
218000619,33,4,29
218000620,20,62,-42
218000621,0,0,0
218000622,0,91,-91
218000623,3,5,-2
218000624,0,140,-140
218000625,0,3,-3
218000626,0,26,-26
218000628,280,411,-131
218000631,15,25,-10
218000632,1,161,-160
218000633,114,0,114
218000634,6,29,-23
218000635,5,16,-11
218000636,1508,457,1051
218000637,1689,395,1294
218000638,400,25,375
218000639,33,81,-48
218000640,687,20,667
218000641,157,123,34
218000652,47,29,18
218000653,304,67,237
218000663,11,50,-39
218000675,9,109,-100
218000676,2,11,-9
218000677,39,4,35
218000680,403,253,150
218000681,660,235,425
218000691,407,220,187
218000693,587,168,419
218000703,9,19,-10
218000718,12,115,-103
218000719,70,148,-78
218000720,5,237,-232
218000721,20,13,7
218000725,11,8,3
218001147,1,49,-48
218001214,17,89,-72
218001258,200,0,200
218001329,194,157,37
218001330,81,114,-33
218001351,29,4,25
218001352,28,33,-5
218001353,3,7,-4
218001354,22,20,2
218001355,1,69,-68
218001356,721,132,589
218001357,10,54,-44
218001358,672,1,671
218001361,730,2,728
218001362,1,61,-60
219000001,19,29,-10
219000002,50,63,-13
219000003,66,37,29
219000004,46,101,-55
219000017,94,389,-295
219000020,366,6,360
219000022,177,0,177
219000023,54,0,54
219000029,0,249,-249
219000034,79,58,21
219000039,45,368,-323
219000040,57,79,-22
219000041,224,88,136
219000051,0,395,-395
219000052,0,209,-209
219000053,8,98,-90
219000054,13,87,-74
219000055,457,0,457
219000056,4,0,4
219000057,72,0,72
219000062,10,386,-376
219000063,210,33,177
219000064,0,48,-48
219000110,254,226,28
219000111,126,43,83
219000112,285,60,225
219000113,360,79,281
219000114,264,29,235
219000116,214,38,176
219000117,215,44,171
219000118,156,46,110
219000123,264,92,172
219000124,83,33,50
219000125,48,8,40
219000126,61,234,-173
219000127,0,13,-13
219000128,67,198,-131
219000129,44,164,-120
219000130,215,854,-639
219000131,1195,1557,-362
219000133,36,93,-57
219000134,10,54,-44
219000135,9,100,-91
219000136,122,262,-140
219000138,169,20,149
219000139,117,9,108
219000140,107,6,101
219000141,51,63,-12
219000142,4,41,-37
219000143,16,34,-18
219000145,26,32,-6
219000146,5,25,-20
219000147,0,24,-24
219000148,1,25,-24
219000149,34,41,-7
219000150,2,65,-63
219000151,3,20,-17
219000157,383,146,237
219000158,261,282,-21
219000161,313,13,300
219000163,1257,424,833
219000166,221,185,36
219000167,165,179,-14
219000168,272,139,133
219000174,880,188,692
219000175,318,3,315
219000176,297,23,274
219000177,132,10,122
219000178,104,3,101
219000179,146,18,128
219000180,91,23,68
219000182,270,11,259
219000183,171,37,134
219000184,145,3,142
219000185,0,62,-62
219000186,175,50,125
219000187,17,115,-98
219000189,77,192,-115
219000190,48,265,-217
219000191,173,2317,-2144
219000192,249,208,41
219000193,414,202,212
219000195,1,69,-68
219000196,1,146,-145
219000198,12,37,-25
219000199,48,102,-54
219000200,98,144,-46
219000201,77,149,-72
219000203,54,99,-45
219000204,108,420,-312
219000205,10,210,-200
219000207,100,185,-85
219000209,108,22,86
219000210,29,789,-760
219000213,11,312,-301
219000239,161,267,-106
219000240,128,569,-441
219000241,123,441,-318
219000242,59,302,-243
219000243,175,327,-152
219000244,21,170,-149
219000245,13,186,-173
219000246,34,38,-4
219000247,279,59,220
219000248,655,731,-76
219000249,196,224,-28
219000250,304,141,163
219000251,822,409,413
219000252,307,178,129
219000253,265,31,234
219000255,237,128,109
219000256,520,82,438
219000257,166,1,165
219000262,68,91,-23
219000263,57,124,-67
219000267,27,65,-38
219000268,19,51,-32
219000269,2,1,1
219000270,45,0,45
219000271,517,8,509
219000278,1,16,-15
219000279,0,16,-16
219000283,0,5,-5
219000295,15,88,-73
219000296,156,300,-144
219000297,45,50,-5
219000298,64,54,10
219000299,402,78,324
219000300,111,63,48
219000301,50,167,-117
219000302,36,112,-76
219000307,25,28,-3
219000308,116,51,65
219000311,274,63,211
219000312,514,122,392
219000313,635,45,590
219000314,131,160,-29
219000315,551,34,517
219000316,1005,78,927
219000317,185,10,175
219000320,1,179,-178
219000321,1,33,-32
219000323,7,70,-63
219000325,0,8,-8
219000326,36,84,-48
219000327,11,17,-6
219000328,36,12,24
219000329,234,135,99
219000330,28,21,7
219000331,42,75,-33
219000332,287,153,134
219000333,33,12,21
219000335,106,1,105
219000337,18,2,16
219000338,48,18,30
219000344,6,85,-79
219000345,101,10,91
219000346,50,9,41
219000348,241,87,154
219000349,105,135,-30
219000350,38,444,-406
219000351,1,11,-10
219000352,128,157,-29
219000353,231,92,139
219000354,435,126,309
219000355,261,76,185
219000356,505,2311,-1806
219000363,114,95,19
219000364,218,86,132
219000365,175,47,128
219000366,204,831,-627
219000368,465,716,-251
219000370,609,921,-312
219000371,5,12,-7
219000382,7,32,-25
219000383,279,1599,-1320
219000385,232,1110,-878
219000386,841,2631,-1790
219000387,0,14,-14
219000390,7,14,-7
219000391,7,2,5
219000397,37,28,9
219000398,31,42,-11
219000401,14,110,-96
219000402,14,59,-45
219000403,30,156,-126
219000404,40,95,-55
219000407,16,40,-24
219000409,122,59,63
219000410,197,18,179
219000411,160,14,146
219000446,152,402,-250
219000447,32,10,22
219000448,6,9,-3
219000452,161,89,72
219000453,62,367,-305
219000454,249,597,-348
219000556,524,179,345
219000558,67,218,-151
219000590,22,259,-237
219000591,263,137,126
219000592,57,339,-282
219000595,5,11,-6
219000635,305,64,241
219000636,152,73,79
219000657,46,15,31
219000658,8,160,-152
219000673,0,37,-37
219000676,15,1,14
219000679,15,45,-30
219000684,99,1,98
219000685,1,35,-34
219000686,1,14,-13
219000688,0,72,-72
219000689,14,145,-131
219000690,208,13,195
219000691,41,110,-69
219000692,219,16,203
219000693,2,11,-9
219000694,15,0,15
219000695,93,2,91
219000698,12,1,11
219000699,1,196,-195
219000727,6,160,-154
219000728,156,1,155
219000770,20,0,20
219000771,1,118,-117
219000788,267,365,-98
219001150,11,42,-31
219001151,0,4,-4
219001166,21,56,-35
219001167,15,46,-31
219001178,66,1,65
220000001,15,251,-236
220000002,4,210,-206
220000003,295,184,111
220000004,450,772,-322
220000005,498,2363,-1865
220000006,119,708,-589
220000007,475,121,354
220000008,373,418,-45
220000009,311,423,-112
220000010,85,106,-21
220000011,518,4750,-4232
220000012,40,478,-438
220000014,144,159,-15
220000015,74,733,-659
220000017,32,552,-520
220000018,10329,3299,7030
220000019,321,910,-589
220000020,611,245,366
220000021,1480,408,1072
220000022,1745,378,1367
220000023,387,195,192
220000024,949,693,256
220000025,796,2163,-1367
220000026,424,971,-547
220000027,4,359,-355
220000028,53,169,-116
220000029,40,58,-18
220000030,83,197,-114
220000031,911,853,58
220000064,66,2248,-2182
221000046,1,0,1
221000047,0,0,0
221000048,0,3,-3
221000049,0,5,-5
221000050,8,0,8
221000055,65,80,-15
221000057,87,4,83
221000068,247,94,153
221000069,319,53,266
221000070,324,33,291
221000071,114,4,110
221000072,434,15,419
221000073,247,53,194
221000074,1,14,-13
221000075,13,85,-72
221000076,18,30,-12
221000077,14,54,-40
221000081,33,12,21
221000082,74,7,67
221000083,21,11,10
221000084,2,10,-8
221000085,32,97,-65
221000086,4,79,-75
221000087,4,119,-115
221000088,13,232,-219
221000089,19,311,-292
221000090,61,491,-430
221000098,226,24,202
221000099,489,12,477
221000100,261,5,256
221000101,305,12,293
221000102,134,35,99
221000109,5,65,-60
221000110,2,37,-35
221000111,10,114,-104
221000112,2,129,-127
221000113,2,128,-126
221000114,11,167,-156
221000120,19,178,-159
221000121,7,20,-13
221000122,30,30,0
221000123,29,75,-46
221000124,15,60,-45
221000155,126,90,36
221000156,125,82,43
221000175,4,54,-50
221000176,0,18,-18
221000182,50,5,45
221000241,579,310,269
221000242,109,265,-156
221000243,821,247,574
221000244,220,777,-557
221000245,305,272,33
221000246,50,507,-457
221000247,237,245,-8
221000248,173,286,-113
221000267,34,541,-507
221000325,51,118,-67
221000331,5,96,-91
221000338,11,90,-79
221000378,405,77,328
221000381,33,47,-14
222000282,0,6,-6
222000296,2,33,-31
222000568,451,11,440
222000569,163,33,130
222000570,244,28,216
222000571,475,34,441
222000577,3,83,-80
222000578,0,109,-109
222000579,1,62,-61
222000580,24,575,-551
222000599,0,40,-40
222000600,1,107,-106
222000601,3,592,-589
222000603,10,226,-216
222000604,4,249,-245
222000605,5,113,-108
222000606,2,27,-25
222000607,6,9,-3
222000608,10,24,-14
222000609,53,95,-42
222000616,666,129,537
222000617,16,105,-89
222000618,0,27,-27
222000620,77,59,18
222000621,57,56,1
222000623,928,7,921
222000624,534,3,531
222000625,1492,5,1487
222000636,59,12,47
222000686,38,73,-35
222000687,53,92,-39
222001066,507,1,506
222001067,43,1,42
222001068,195,27,168
222001069,132,19,113
222001082,35,4,31
222001083,46,1,45
222001084,0,42,-42
222001085,0,181,-181
222001111,127,47,80
222001112,270,24,246
222001313,6,47,-41
222001314,1,92,-91
222001464,425,112,313
222001465,43,151,-108
222001484,338,168,170
222001485,60,81,-21
222001494,833,304,529
222001495,186,96,90
222001496,538,146,392
222001497,172,226,-54
222001502,6,33,-27
222001503,279,45,234
222001504,20,168,-148
222001505,453,18,435
222001506,11,244,-233
222001507,280,7,273
222001510,1151,8,1143
222001511,56,158,-102
222001514,958,61,897
222001515,35,255,-220
222001518,553,13,540
222001519,60,48,12
222001527,169,17,152
222001528,24,175,-151
222001529,445,6,439
222001530,59,55,4
222001533,135,88,47
222001534,685,39,646
222001535,474,308,166
222001536,98,120,-22
222001537,509,19,490
222001538,77,317,-240
222001563,1548,35,1513
222001564,76,251,-175
222001568,180,238,-58
222001576,0,12,-12
222001579,1,7,-6
222001583,64,64,0
222001584,197,83,114
222001596,405,602,-197
222001597,1709,164,1545
222001626,0,29,-29
222001650,4,73,-69
222001651,87,345,-258
222001914,244,17,227
222001915,28,140,-112
222001968,834,327,507
222001969,334,442,-108
222001970,72,335,-263
222001971,80,4,76
222001972,12,2,10
225000001,672,136,536
225000002,1229,267,962
225000003,1233,98,1135
225000004,813,245,568
225000005,81,70,11
225000006,0,516,-516
225000007,2176,1683,493
225000010,679,15,664
225000011,430,2998,-2568
225000012,376,1108,-732
225000013,168,269,-101
225000014,1381,408,973
225000015,255,260,-5
225000021,1302,168,1134
225000027,518,721,-203
225000032,998,159,839
225000042,178,518,-340
225000049,141,71,70
225000050,261,37,224
225000053,0,325,-325
225000058,1127,425,702
225000067,535,155,380
225000068,197,248,-51
225000069,95,457,-362
225000070,200,457,-257
225000071,89,102,-13
225000075,91,3186,-3095
225000076,90,505,-415
225000078,140,159,-19
225000085,254,84,170
225000086,731,94,637
225000087,230,8,222
225000088,62,337,-275
225000089,87,610,-523
225000090,45,1189,-1144
225000091,99,177,-78
225000092,104,167,-63
225000093,494,228,266
225000094,20,189,-169
225000095,442,491,-49
225000096,87,417,-330
225000098,1106,204,902
225000099,834,207,627
225000100,857,241,616
225000104,188,607,-419
225000110,15,375,-360
225000111,469,594,-125
225000112,675,1183,-508
225000113,386,2696,-2310
225000114,263,970,-707
225000115,2196,771,1425
225000116,507,328,179
225000117,965,463,502
225000118,2020,409,1611
225000119,569,192,377
225000120,1508,36,1472
225000121,287,21,266
225000123,994,48,946
225000125,929,429,500
225000126,1475,598,877
225000127,681,3741,-3060
225000128,509,1450,-941
225000132,786,47,739
225000133,510,43,467
225000134,991,161,830
225000135,160,7,153
225000136,1124,27,1097
225000137,741,150,591
225000138,836,254,582
225000143,258,355,-97
225000144,17,375,-358
225000145,46,35,11
225000146,214,56,158
225000147,93,101,-8
225000148,3,77,-74
225000149,108,147,-39
225000151,56,143,-87
225000155,272,304,-32
225000156,324,1443,-1119
225000157,1064,642,422
225000158,74,308,-234
225000171,1,212,-211
225000180,24,1,23
225000181,0,192,-192
225000182,96,23,73
225000185,8,492,-484
225000187,199,318,-119
225000191,99,0,99
225000194,0,20,-20
225000208,0,81,-81
225000209,178,5,173
225000210,13,340,-327
225000217,0,19,-19
225000218,58,0,58
225000223,0,1025,-1025
225000224,255,11,244
225000225,1,816,-815
225000226,10,8,2
225000227,335,585,-250
225000228,2,38,-36
225000229,0,51,-51
225000230,27,1,26
225000231,0,104,-104
225000232,257,0,257
225000241,84,1,83
225000242,1,109,-108
225000249,7,0,7
225000250,37,425,-388
225000251,804,285,519
226000042,301,535,-234
226000043,34,465,-431
226000044,213,1108,-895
226000045,161,611,-450
226000046,941,402,539
226000047,967,372,595
226000048,792,232,560
226000049,653,515,138
226000070,0,16,-16
226000071,1,118,-117
226000072,1,102,-101
226000073,0,12,-12
226000074,1,27,-26
226000084,0,30,-30
226000085,3,85,-82
226000086,1,68,-67
226000087,0,73,-73
226000088,6,38,-32
226000090,78,498,-420
226000091,9,126,-117
226000092,0,20,-20
226000093,31,0,31
226000094,3,1,2
226000095,8,17,-9
226000105,30,4,26
226000106,24,0,24
226000107,12,0,12
226000108,35,0,35
226000109,272,0,272
226000124,273,256,17
226000134,1177,738,439
226000135,2367,834,1533
226000136,1100,700,400
226000137,5,193,-188
226000138,41,92,-51
226000139,4,95,-91
226000156,706,4,702
226000157,506,22,484
226000163,44,482,-438
226000202,8,158,-150
226000231,1646,6,1640
226000232,69,6,63
227000033,763,41,722
227000036,1180,37,1143
227000037,953,24,929
227000038,278,35,243
227000049,0,235,-235
227000050,4,183,-179
227000055,80,0,80
227000056,14,0,14
227000084,22,230,-208
227000085,1,278,-277
227000088,35,13,22
227000089,40,1,39
227000090,12,1,11
227000091,63,2,61
227000092,11,0,11
227000093,163,0,163
227000094,2,0,2
227000130,143,340,-197
227000131,80,221,-141
227000132,81,141,-60
227000133,57,103,-46
227000134,111,192,-81
227000152,0,16,-16
227000153,1,324,-323
227000154,1,29,-28
227000155,3,69,-66
227000156,0,38,-38
227000165,2,209,-207
227000196,837,86,751
227000199,806,277,529
227000230,23,273,-250
227000232,1499,20,1479
227000242,52,694,-642
227000243,387,58,329
227000245,39,310,-271
227000246,113,314,-201
227000247,976,42,934
227000248,250,191,59
227000249,52,714,-662
227000250,840,666,174
227000251,323,1280,-957
227000252,99,239,-140
227000253,411,88,323
227000262,1010,57,953
227000266,2633,20,2613
227000267,17,883,-866
227000282,5,123,-118
227000284,1157,18,1139
227000286,9,47,-38
227000287,33,31,2
227000291,6,405,-399
227000484,345,5,340
227000485,5,798,-793
227000655,357,2,355
227000656,857,23,834
227000657,293,3,290
227000661,1524,32,1492
227000680,195,120,75
229000265,56,11,45
229000296,0,31,-31
229000297,0,31,-31
229000298,4,77,-73
229000320,20,1,19
229000321,31,0,31
229000412,3,83,-80
229000414,7,60,-53
229000415,9,12,-3
229000416,0,1,-1
229000417,0,1,-1
229000419,104,166,-62
229000440,223,120,103
229000442,25,9,16
229000443,4,21,-17
229000444,1,77,-76
229000445,120,11,109
229000446,41,43,-2
229000491,0,7,-7
229000492,8,29,-21
229000493,2,39,-37
229000494,68,1,67
229000495,144,1,143
229000496,77,1,76
229000507,0,32,-32
229000508,1,33,-32
229000509,1,58,-57
229000510,2,57,-55
229000511,7,15,-8
229000512,0,16,-16
229000513,0,5,-5
229000514,0,7,-7
229000517,3,2,1
229000518,22,10,12
229000519,0,5,-5
229000520,18,15,3
229000521,83,13,70
229000522,3,10,-7
229000523,4,7,-3
229000524,3,11,-8
229000527,2,1,1
229000528,0,1,-1
229000529,31,0,31
229000530,22,2,20
229000531,54,2,52
229000532,10,0,10
229000533,46,1,45
229000534,17,0,17
229000564,46,0,46
229000565,23,0,23
229000566,0,1,-1
229000567,0,4,-4
229000582,33,10,23
229000583,1,7,-6
229000584,0,9,-9
229000585,1,41,-40
229000718,0,2,-2
229000719,0,2,-2
229000720,0,19,-19
229000721,0,13,-13
229000722,0,3,-3
229000723,0,5,-5
229000724,0,1,-1
229000725,1,0,1
229000738,3,0,3
229000739,1,0,1
229000740,0,0,0
229000741,25,0,25
229000742,29,0,29
229000743,23,0,23
229000744,1,0,1
229000745,0,0,0
229000746,5,0,5
229000847,133,0,133
229000848,80,0,80
229000849,203,1,202
229000851,103,0,103
229000854,1,16,-15
229000856,0,87,-87
229000857,0,16,-16
229000858,1,39,-38
229000919,3,60,-57
229000930,10,181,-171
229000937,136,6,130
229000966,82,12,70
229000981,26,7,19
229000985,7,5,2
229000986,1,2,-1
229000987,0,4,-4
229000988,0,27,-27
229000989,2,28,-26
229000990,0,0,0
229000991,1,2,-1
229000992,18,1,17
229000993,205,5,200
229000998,0,22,-22
229000999,104,1,103
229001034,0,13,-13
229001035,8,2,6
229001037,43,2,41
229001042,39,8,31
229001047,3,51,-48
229001050,40,18,22
229001168,0,35,-35
229001200,28,1,27
229001338,1,13,-12
229001394,241,2,239
229001422,175,10,165
229001423,8,92,-84
229001431,40,34,6
229001432,17,65,-48
229001444,273,52,221
229001445,81,77,4
229001479,52,5,47
229001503,317,97,220
229001504,136,96,40
229001505,156,49,107
229001506,85,121,-36
229001509,63,3,60
229001545,143,6,137
229001546,5,59,-54
229001553,141,10,131
229001554,5,104,-99
229001559,22,5,17
229001560,3,39,-36
229001630,72,7,65
229001631,2,17,-15
229001635,0,59,-59
229001636,0,0,0
229001658,1,67,-66
229001659,83,2,81
229001660,0,46,-46
229001661,1,50,-49
229001662,21,3,18
229001663,0,212,-212
229002584,215,251,-36
229002831,83,84,-1
229002841,6,23,-17
229002842,19,82,-63
229002843,32,25,7
229002844,25,83,-58
229002845,0,138,-138
229002846,9,16,-7
229002847,0,23,-23
229002848,3,63,-60
229002849,0,15,-15
229002850,2,0,2
229002851,18,82,-64
229002852,129,40,89
229002853,97,26,71
229002854,51,44,7
229002855,25,140,-115
229002856,53,15,38
229002857,11,160,-149
229002858,8,4,4
229002859,7,74,-67
229002860,42,61,-19
229002861,21,38,-17
229002862,13,53,-40
229002863,13,19,-6
229002864,23,46,-23
229002865,2,9,-7
229002866,14,22,-8
229002867,0,16,-16
229002868,25,18,7
229002869,15,81,-66
229002870,50,53,-3
235000066,184,61,123
235000067,139,93,46
235000072,34,58,-24
235000073,96,397,-301
235000074,97,55,42
235000080,3,51,-48
235000081,224,150,74
235000082,279,34,245
235000083,370,78,292
235000084,44,44,0
235000085,253,90,163
235000089,64,30,34
235000092,44,88,-44
235000093,6,25,-19
235000097,6,3,3
235000098,192,2,190
235000099,50,44,6
235000116,20,20,0
235000117,799,23,776
235000133,34,967,-933
235000134,14,246,-232
235000206,21,6,15
235000207,3,0,3
235000208,3,0,3
235000209,4,1,3
235000210,10,1,9
235000212,1,3,-2
235000213,1,7,-6
235000220,1,5,-4
235000221,20,161,-141
235000238,14,369,-355
235000239,0,148,-148
235000242,383,994,-611
235000245,467,238,229
235000246,21,74,-53
235000284,20,115,-95
235000295,146,47,99
235000305,294,42,252
235000306,428,15,413
235000307,50,1,49
235000308,40,0,40
235000309,111,0,111
235000310,66,0,66
235000311,82,144,-62
235000322,1,48,-47
235000323,1,67,-66
235000324,0,37,-37
235000325,24,20,4
235000326,21,30,-9
235000351,1,88,-87
235000352,15,45,-30
235000353,1,35,-34
235000354,8,21,-13
235000355,14,25,-11
235000356,60,1,59
235000357,61,3,58
235000358,57,2,55
235000359,19,7,12
235000360,35,5,30
235000361,94,27,67
235000381,160,92,68
235000382,254,128,126
235000390,8,1,7
235000391,192,22,170
235000392,272,249,23
235000393,153,134,19
235000395,198,72,126
235000396,555,93,462
235000400,27,361,-334
235000401,3,278,-275
235000405,108,123,-15
235000406,53,118,-65
235000407,72,93,-21
235000409,227,95,132
235000410,65,203,-138
235000411,1,68,-67
235000485,0,23,-23
235000486,0,0,0
235000549,87,145,-58
235000550,117,174,-57
235000599,345,88,257
235000600,4,18,-14
235000601,16,25,-9
235000602,246,99,147
235000614,1,16,-15
235000648,0,2,-2
235000649,85,0,85
235000685,0,5,-5
235000815,2,26,-24
235000834,0,34,-34
235000855,67,36,31
235000862,23,48,-25
235000891,0,80,-80
235000892,43,11,32
235000901,73,28,45
235000907,0,8,-8
235001010,153,94,59
235001029,191,250,-59
235001030,251,170,81
235001078,132,141,-9
235001079,139,75,64
235001147,3,129,-126
235001166,29,107,-78
235001167,99,35,64
235001169,107,203,-96
235001188,0,39,-39
235001189,1,1,0
235001197,5,32,-27
235001200,111,78,33
235001207,363,103,260
235001210,29,218,-189
235001215,27,143,-116
235001239,0,41,-41
235001244,4,32,-28
235016267,3,372,-369
277101746,0,2,-2
277102712,16,2,14
277103813,0,1,-1
277103814,0,0,0
277103898,0,2,-2
277104249,0,3,-3
277104250,0,16,-16
277104251,0,2,-2
277104252,0,2,-2
990011530,2,648,-646
990014944,2,225,-223
990015176,184,0,184
990015618,2,172,-170
990016032,0,204,-204
990032570,1,20,-19
990070001,63,6,57
990070103,0,3,-3
990070601,0,21,-21
990070751,2985,8,2977
990070766,0,126,-126
990071180,810,499,311
990071343,220,76,144
990071387,0,12,-12
990071823,549,5,544
990072600,0,493,-493
990072964,0,128,-128
990073285,0,1,-1
990074393,1,528,-527
990074870,2600,16,2584
990075106,752,2,750
990075746,952,8,944
990076437,5994,6,5988
990076458,1,396,-395
997000007,428,11,417
997000041,4,313,-309
997000058,212,117,95
997000062,7,0,7
997000069,0,0,0
997000070,0,20,-20
997000100,180,0,180
997000141,0,169,-169
997000198,13,170,-157
998000475,0,1,-1
998000736,0,52,-52
998000965,0,48,-48
998001031,0,52,-52
998001700,0,62,-62
998001899,0,0,0
998001900,5,2,3
998003073,1197,7,1190
998101900,0,0,0
998102850,1,82,-81
998501927,490,1479,-989
998501929,235,2,233
998501930,96,2,94
998501931,222,34,188
998501932,31,1,30
998501933,82,0,82
998501937,16,0,16
998501944,5,0,5
998501950,0,4,-4
998501970,292,1,291
998501971,0,54,-54
998501973,0,8,-8
998501974,9,111,-102
998501975,165,2,163
998501976,927,8,919
998501977,0,62,-62
998501978,7,0,7
998501979,0,1,-1
998501980,156,0,156
998501981,95,3,92
998501982,0,159,-159
998501983,0,4,-4
998502024,0,51,-51
998502032,2,1,1
998502062,16,2,14
998502063,0,0,0
998502173,76,0,76
998502269,0,12,-12
998502546,0,579,-579
998502578,1,0,1
998502599,18,800,-782
998601159,1,48,-47
998601292,0,17,-17
999033574,0,157,-157
999800001,20,1,19
999800002,1,1,0
999800003,3,3,0
999800004,0,5,-5
999800005,0,45,-45
