ID,insum,outsum,diff
100000001,422,604,-182
100000002,2152,1845,307
100000003,3377,3217,160
100000004,691,659,32
100000005,1557,3183,-1626
100000006,339,110,229
100000007,1081,449,632
100000008,111,310,-199
100000009,230,166,64
100000010,31,28,3
100000011,539,116,423
100000012,116,638,-522
100000013,11,158,-147
100000014,128,227,-99
100000015,921,1381,-460
100000016,543,777,-234
100000017,300,507,-207
100000018,789,397,392
100000019,2332,1389,943
100000020,956,3134,-2178
100000021,2557,1350,1207
100000022,523,1318,-795
100000023,2462,969,1493
100000025,526,810,-284
100000028,621,638,-17
100000029,67,171,-104
100000030,83,25,58
100000031,1817,3559,-1742
100000032,1064,2281,-1217
100000033,643,1554,-911
100000034,155,525,-370
100000035,666,812,-146
100000036,780,847,-67
100000037,514,334,180
100000038,1543,697,846
100000039,301,143,158
100000040,182,100,82
100000041,997,398,599
100000042,708,385,323
100000043,534,411,123
100000044,261,548,-287
100000045,351,679,-328
100000046,429,431,-2
100000047,163,240,-77
100000048,185,404,-219
100000049,896,985,-89
100000051,340,517,-177
100000053,101,4,97
100000054,241,22,219
100000055,756,261,495
100000056,375,350,25
100000057,1290,403,887
100000058,543,700,-157
100000059,12,108,-96
100000060,337,220,117
100000061,1713,401,1312
100000062,1220,426,794
100000063,708,211,497
100000064,936,250,686
100000065,248,500,-252
100000066,149,413,-264
100000067,213,404,-191
100000068,360,911,-551
100000069,285,689,-404
100000072,205,427,-222
100000073,625,630,-5
100000075,523,205,318
100000076,857,1790,-933
100000077,99,179,-80
100000078,21,22,-1
100000079,17,30,-13
100000080,17,45,-28
100000081,73,182,-109
100000102,1779,2297,-518
100000103,1160,1056,104
100000104,1745,1621,124
100000105,1186,997,189
100000106,1016,1704,-688
100000107,184,724,-540
100000108,286,562,-276
100000109,1248,783,465
100000116,772,632,140
100000117,43,109,-66
100000118,903,941,-38
100000119,462,663,-201
100000121,189,299,-110
100000122,487,723,-236
100000123,1114,2244,-1130
100000124,2341,3325,-984
100000125,2150,1125,1025
100000126,419,330,89
100000127,657,273,384
100000128,998,1561,-563
100000129,231,370,-139
100000130,371,270,101
100000131,1114,1565,-451
100000132,677,1879,-1202
100000133,2011,1279,732
100000135,442,893,-451
100000139,252,319,-67
100000140,339,283,56
100000142,393,398,-5
100000143,910,462,448
100000144,2548,502,2046
100000147,812,2538,-1726
100000150,34,325,-291
100000151,621,1137,-516
100000153,109,355,-246
100000154,26,175,-149
100000155,17,34,-17
100000156,286,495,-209
100000157,254,107,147
100000158,266,97,169
100000159,233,400,-167
100000165,864,676,188
100000169,92,459,-367
100000174,220,446,-226
100000179,55,338,-283
100000180,501,886,-385
100000181,316,215,101
100000188,38,100,-62
100000189,637,277,360
100000190,601,992,-391
100000191,587,471,116
100000192,41,67,-26
100000193,291,160,131
100000330,644,563,81
100000355,160,490,-330
100000362,2458,1529,929
100000363,3184,3222,-38
100000364,116,190,-74
100000365,4323,5816,-1493
100000366,3199,1889,1310
100000367,3509,4803,-1294
100000368,1569,747,822
100000369,482,1360,-878
100000370,106,636,-530
100000376,37,75,-38
100000379,1071,1031,40
100000380,2608,3000,-392
100000384,3251,3855,-604
100000385,1798,2568,-770
100000386,3451,3550,-99
100000387,2637,3718,-1081
100000388,3418,4320,-902
100000389,3762,4444,-682
100000390,4605,4692,-87
100000391,3592,5759,-2167
100000392,2043,3083,-1040
100000393,1669,3811,-2142
100000394,4390,6139,-1749
100000395,3077,3779,-702
100000396,5250,2709,2541
100000397,3469,5964,-2495
100000398,8387,5242,3145
100000413,1,2,-1
100900002,6,23,-17
100900003,253,154,99
100900004,12,447,-435
100900005,84,17,67
100900006,22,50,-28
100900007,116,5,111
100900008,0,260,-260
100900009,71,96,-25
100900010,55,43,12
100900011,87,140,-53
100900012,0,123,-123
100900013,513,6,507
100900014,6,12,-6
100900015,58,58,0
100900016,2,14,-12
100900017,516,29,487
100900018,0,5,-5
100900019,20,70,-50
100900020,154,2,152
100900021,283,0,283
100900022,3,15,-12
100900023,1,10,-9
100900024,341,0,341
100900025,11,7,4
100900026,64,56,8
100900027,376,1483,-1107
100900028,76,131,-55
100900029,17,2,15
100900030,2,60,-58
100900031,413,17,396
100900032,218,0,218
100900033,94,142,-48
100900034,348,1,347
100900035,160,0,160
100900036,6,1,5
100900037,80,96,-16
100900038,63,28,35
100900039,188,317,-129
100900040,359,368,-9
100900041,819,348,471
100900042,701,888,-187
100900043,0,15,-15
100900044,935,340,595
100900045,14,3,11
100900046,700,13,687
100900047,492,146,346
100900048,87,28,59
100900049,35,75,-40
100900050,3,3,0
100900051,38,53,-15
100900052,151,16,135
100900053,421,22,399
100900054,11,25,-14
100900055,122,497,-375
100900056,34,53,-19
100900057,857,642,215
100900058,98,12,86
100900059,84,3,81
100900060,151,6,145
100900061,298,133,165
100900062,6,15,-9
100900063,143,497,-354
100900064,430,13,417
100900065,50,100,-50
100900066,115,88,27
100900067,0,9,-9
100900068,55,47,8
100900069,186,0,186
100900070,353,0,353
100900071,440,119,321
100900072,0,16,-16
100900073,90,201,-111
100900074,13,4,9
100900075,946,196,750
100900076,2,19,-17
100900077,31,40,-9
100900078,33,154,-121
100900079,9,8,1
100900080,29,68,-39
100900081,20,61,-41
100900082,142,345,-203
100900083,8,15,-7
100900085,11,161,-150
100900086,75,316,-241
100900088,72,240,-168
100900089,2,11,-9
100900090,67,278,-211
100900091,4,16,-12
100900092,95,115,-20
100900093,219,164,55
100900094,102,213,-111
100900095,6,18,-12
100900096,13,78,-65
100900097,1,2,-1
100900098,14,7,7
100900099,21,314,-293
100900100,2,255,-253
100900101,156,42,114
100900102,8,29,-21
100900103,7,13,-6
100900104,7,93,-86
100900105,17,166,-149
100900106,26,1,25
100900107,1025,503,522
100900108,1,5,-4
100900109,14,14,0
100900110,5,27,-22
100900111,24,113,-89
100900112,4,9,-5
100900113,9,17,-8
100900114,3,5,-2
100900115,1,22,-21
100900116,442,262,180
100900117,231,708,-477
100900118,15,29,-14
100900119,10,4,6
100900120,19,3,16
100900121,237,244,-7
100900122,92,91,1
100900123,87,92,-5
100900124,3,13,-10
100900125,12,64,-52
100900126,133,76,57
100900127,2,4,-2
100900128,54,118,-64
100900129,0,100,-100
100900131,135,112,23
100900133,50,33,17
100900134,0,3,-3
100900135,0,150,-150
100900137,211,126,85
100900138,237,251,-14
100900139,5,3,2
100900140,1,268,-267
100900141,0,352,-352
100900142,5,6,-1
100900143,255,304,-49
100900144,1,3,-2
100900145,24,124,-100
100900146,3,42,-39
100900147,12,529,-517
100900148,29,319,-290
100900149,22,202,-180
100900150,2,16,-14
100900151,67,242,-175
100900152,84,12,72
100900153,5,81,-76
100900154,1,26,-25
100900155,2,6,-4
100900156,18,0,18
100900157,2,102,-100
100900159,2,13,-11
100900160,31,5,26
100900161,40,2,38
100900162,12,112,-100
100900163,99,103,-4
100900164,40,25,15
100900165,15,17,-2
100900166,7,1,6
100900167,6,28,-22
100900168,47,79,-32
100900169,92,535,-443
100900170,12,9,3
100900171,7,264,-257
100900172,0,20,-20
100900173,3,172,-169
100900174,49,11,38
100900176,903,101,802
100900177,343,161,182
100900178,142,75,67
100900179,114,61,53
100900180,2,5,-3
100900181,60,72,-12
100900182,33,29,4
100900184,14,88,-74
100900186,297,249,48
100900187,7,56,-49
100900188,17,6,11
100900189,771,138,633
100900191,612,685,-73
100900192,222,318,-96
100900195,70,114,-44
100900197,14,37,-23
100900198,13,70,-57
100900199,2,11,-9
100900200,496,214,282
100900201,34,302,-268
100900202,54,0,54
100900203,0,123,-123
100900204,72,219,-147
100900205,142,424,-282
100900206,164,55,109
100900207,220,133,87
100900210,71,256,-185
100900211,326,94,232
100900213,61,28,33
100900214,350,108,242
100900215,25,28,-3
100900217,48,90,-42
101000001,1733,1264,469
101000002,3270,3668,-398
101000003,296,584,-288
101000004,4017,3543,474
101000005,2284,2830,-546
101000006,3180,4047,-867
101000007,1596,2320,-724
101000008,1612,1372,240
101000009,1558,646,912
101000010,672,541,131
101000011,716,278,438
101000012,644,420,224
101000013,486,638,-152
101000014,264,357,-93
101000015,915,586,329
101000016,207,277,-70
101000017,311,277,34
101000018,1396,1514,-118
101000020,1245,610,635
101000021,481,246,235
101000022,136,80,56
101000023,700,388,312
101000025,199,370,-171
101000026,168,17,151
101000027,1421,1852,-431
101000028,541,150,391
101000029,112,1108,-996
101000030,976,77,899
101000031,394,633,-239
101000032,3536,3097,439
101000033,1005,2125,-1120
101000034,954,1099,-145
101000035,489,233,256
101000036,902,752,150
101000037,1285,1213,72
101000039,1085,1737,-652
101000040,1508,2846,-1338
101000041,3450,4599,-1149
101000042,169,705,-536
101000043,3112,4432,-1320
101000045,661,626,35
101000046,1692,1446,246
101000047,1192,2504,-1312
101000048,353,412,-59
101000049,328,1192,-864
101000050,852,1250,-398
101000051,828,1843,-1015
101000052,903,833,70
101000053,626,909,-283
101000054,1238,606,632
101000055,840,973,-133
101000056,19,74,-55
101000057,874,823,51
101000058,575,843,-268
101000059,1126,1483,-357
101000060,1029,504,525
101000061,383,949,-566
101000062,296,483,-187
101000063,378,747,-369
101000064,755,860,-105
101000065,222,386,-164
101000066,645,892,-247
101000067,799,768,31
101000068,165,307,-142
101000069,124,44,80
101000070,549,693,-144
101000071,1204,573,631
101000072,477,2088,-1611
101000073,520,836,-316
101000074,2866,2596,270
101000075,2276,3206,-930
101000077,993,842,151
101000078,497,1226,-729
101000079,1312,370,942
101000080,1384,533,851
101000081,1291,1233,58
101000082,2057,2122,-65
101000083,1988,1744,244
101000084,849,569,280
101000085,994,867,127
101000086,681,736,-55
101000087,687,661,26
101000088,1010,889,121
101000089,763,1107,-344
101000090,1232,802,430
101000091,298,495,-197
101000092,956,552,404
101000093,1096,565,531
101000094,716,653,63
101000095,357,366,-9
101000096,364,292,72
101000097,351,320,31
101000098,290,421,-131
101000099,478,696,-218
101000100,668,623,45
101000101,179,261,-82
101000102,379,376,3
101000103,540,360,180
101000104,229,461,-232
101000105,281,363,-82
101000106,422,759,-337
101000107,209,279,-70
101000108,519,170,349
101000109,294,59,235
101000110,34,198,-164
101000111,59,143,-84
101000113,134,416,-282
101000114,4560,4875,-315
101000115,96,57,39
101000116,42,60,-18
101000117,870,146,724
101000119,43,47,-4
101000120,85,44,41
101000121,35,55,-20
101000122,65,78,-13
101000123,72,84,-12
101000124,1338,236,1102
101000125,154,376,-222
101000128,206,340,-134
101000130,137,182,-45
101000131,627,378,249
101000132,659,469,190
101000135,26,45,-19
101000136,367,138,229
101000137,20,292,-272
101000141,665,2113,-1448
101000147,651,346,305
101000148,492,9,483
101000149,158,233,-75
101000150,70,354,-284
101000151,190,37,153
101000152,175,161,14
101000153,268,206,62
101000154,234,611,-377
101000155,181,121,60
101000156,15,248,-233
101000157,26,21,5
101000160,36,25,11
101000163,118,297,-179
101000164,257,226,31
101000165,201,265,-64
101000166,168,167,1
101000168,601,387,214
101000252,1554,710,844
101000254,140,71,69
101000258,92,5,87
101000261,138,37,101
101000262,792,1905,-1113
101000263,152,630,-478
101000265,41,468,-427
101000266,182,130,52
101000269,13,13,0
101000290,488,1401,-913
101000293,30,27,3
101000294,436,268,168
101000295,125,241,-116
101000301,269,289,-20
101000304,1402,1636,-234
101000305,1981,813,1168
101000328,52,283,-231
101900001,21,42,-21
101900002,0,11,-11
101900003,39,76,-37
101900004,1,29,-28
101900005,1966,2019,-53
101900006,547,36,511
101900007,465,139,326
101900008,51,146,-95
101900009,22,233,-211
101900010,525,466,59
101900011,116,542,-426
101900012,113,62,51
101900013,429,122,307
101900017,9,68,-59
101900018,696,205,491
101900019,151,95,56
101900020,54,28,26
101900021,0,48,-48
101900022,86,581,-495
101900023,83,99,-16
101900026,66,30,36
101900027,14,85,-71
102000001,1590,2965,-1375
102000002,1494,640,854
102000003,1705,4260,-2555
102000004,2670,1664,1006
102000005,831,1747,-916
102000006,661,1155,-494
102000007,1032,3125,-2093
102000008,2245,1004,1241
102000009,4179,5353,-1174
102000010,3110,2125,985
102000011,2233,1872,361
102000012,2217,1802,415
102000018,1669,1800,-131
102000019,1276,1001,275
102000026,128,321,-193
102000029,208,147,61
102000030,76,166,-90
102000031,28,87,-59
102000032,436,184,252
102000033,188,239,-51
102000034,242,214,28
102000035,529,422,107
102000036,9,178,-169
102000037,101,39,62
102000038,99,280,-181
102000039,116,44,72
102000040,318,155,163
102000041,134,332,-198
102000042,97,233,-136
102000043,143,129,14
102000044,239,370,-131
102000045,388,485,-97
102000046,778,433,345
102000047,565,524,41
102000048,177,476,-299
102000049,716,537,179
102000050,626,722,-96
102000051,334,466,-132
102000052,824,435,389
102000053,538,679,-141
102000054,520,747,-227
102000055,894,395,499
102000056,757,600,157
102000057,896,325,571
102000058,621,821,-200
102000059,804,820,-16
102000060,728,646,82
102000061,1108,912,196
102000062,1351,717,634
102000063,768,885,-117
102000064,411,517,-106
102000065,53,108,-55
102000066,524,568,-44
102000067,1452,1729,-277
102000068,5322,1773,3549
102000069,32,1569,-1537
102000070,882,27,855
102000071,4431,5365,-934
102000072,1911,2532,-621
102000073,467,444,23
102000074,407,432,-25
102000075,101,176,-75
102000076,158,193,-35
102000077,412,517,-105
102000078,616,376,240
102000079,128,164,-36
102000080,178,172,6
102000081,144,670,-526
102000082,386,243,143
102000083,507,186,321
102000084,337,161,176
102000085,1315,571,744
102000086,944,623,321
102000087,544,915,-371
102000088,297,180,117
102000089,898,261,637
102000090,285,645,-360
102000091,932,387,545
102000092,256,391,-135
102000093,327,413,-86
102000094,574,499,75
102000095,602,797,-195
102000096,442,625,-183
102000097,406,563,-157
102000098,330,531,-201
102000099,460,519,-59
102000100,317,936,-619
102000101,432,569,-137
102000102,192,778,-586
102000103,786,278,508
102000104,356,184,172
102000105,162,279,-117
102000106,623,270,353
102000107,1021,298,723
102000108,376,87,289
102000109,412,337,75
102000110,960,575,385
102000111,21,178,-157
102000112,107,85,22
102000113,17,13,4
102000114,451,240,211
102000115,192,199,-7
102000116,177,283,-106
102000117,99,297,-198
102000118,635,992,-357
102000119,852,569,283
102000120,139,319,-180
102000121,571,284,287
102000122,400,586,-186
102000123,762,548,214
102000124,725,786,-61
102000125,520,484,36
102000126,392,459,-67
102000127,800,332,468
102000128,470,490,-20
102000129,938,408,530
102000130,523,326,197
102000131,755,303,452
102000132,247,329,-82
102000133,1537,1107,430
102000134,544,475,69
102000135,383,500,-117
102000136,525,361,164
102000137,453,543,-90
102000138,190,298,-108
102000139,48,333,-285
102000140,143,314,-171
102000141,154,234,-80
102000142,250,214,36
102000143,166,203,-37
102000144,240,210,30
102000145,203,276,-73
102000146,335,181,154
102000147,384,290,94
102000148,145,334,-189
102000149,96,145,-49
102000150,280,58,222
102000151,83,103,-20
102000152,136,61,75
102000153,780,378,402
102000154,157,362,-205
102000155,60,200,-140
102000156,173,110,63
102000157,81,299,-218
102000158,372,340,32
102000159,466,362,104
102000161,1638,1184,454
102000162,110,97,13
102000163,63,339,-276
102000164,465,706,-241
102000165,117,84,33
102000166,19,89,-70
102000167,156,105,51
102000168,154,92,62
102000169,90,318,-228
102000170,253,108,145
102000171,80,73,7
102000172,19,196,-177
102000173,269,151,118
102000174,46,40,6
102000175,51,49,2
102000176,81,25,56
102000178,242,270,-28
102000179,308,177,131
102000180,730,225,505
102000181,548,348,200
102000182,417,349,68
102000183,1185,909,276
102000184,1342,424,918
102000185,2021,705,1316
102000186,905,846,59
102000187,574,776,-202
102000188,710,836,-126
102000189,1258,423,835
102000190,428,1894,-1466
102000191,658,234,424
102000192,802,904,-102
102000193,45,78,-33
102000194,42,94,-52
102000195,237,263,-26
102000196,216,190,26
102000197,538,203,335
102000198,151,351,-200
102000199,688,151,537
102000200,225,499,-274
102000201,733,216,517
102000202,6,51,-45
102000203,334,113,221
102000204,355,374,-19
102000205,763,212,551
102000206,493,232,261
102000207,486,277,209
102000208,290,266,24
102000209,53,30,23
102000210,325,221,104
102000211,342,127,215
102000212,193,3,190
102000213,9,122,-113
102000214,184,6,178
102000215,19,177,-158
102000216,42,63,-21
102000217,6,55,-49
102000218,183,101,82
102000219,227,133,94
102000225,368,422,-54
102000226,842,803,39
102000227,111,1,110
102000228,2,54,-52
102000229,31,41,-10
102000230,234,236,-2
102000231,127,199,-72
102000232,34,113,-79
102000233,291,308,-17
102000234,83,666,-583
102000236,135,62,73
102000237,327,72,255
102000238,93,145,-52
102000240,354,449,-95
102000241,85,86,-1
102000243,31,43,-12
102000245,27,75,-48
102000246,11,53,-42
102000247,287,368,-81
102000248,378,656,-278
102000249,109,77,32
102000250,54,246,-192
102000254,132,159,-27
102000266,10,226,-216
102000271,13,1,12
102000286,230,182,48
102000297,1227,568,659
102000301,0,0,0
102000303,0,0,0
102000307,0,2,-2
102900001,903,561,342
102900002,312,18,294
102900003,49,117,-68
102900005,321,185,136
102900006,457,67,390
102900007,321,21,300
102900008,173,34,139
102900009,310,181,129
102900010,195,607,-412
102900011,1093,250,843
102900012,381,59,322
102900013,30,41,-11
102900015,382,275,107
102900016,34,85,-51
102900017,112,207,-95
102900018,38,59,-21
102900019,266,238,28
102900020,95,28,67
102900021,26,68,-42
102900022,418,139,279
102900023,9,31,-22
102900024,19,26,-7
102900025,114,41,73
102900026,204,1429,-1225
102900027,73,40,33
102900028,108,490,-382
102900029,110,142,-32
102900030,202,215,-13
102900031,196,84,112
102900032,76,39,37
102900033,78,79,-1
102900034,420,36,384
102900035,106,138,-32
102900036,187,238,-51
102900037,204,236,-32
102900038,262,237,25
102900039,8,404,-396
102900040,144,225,-81
102900041,77,127,-50
102900042,219,168,51
102900043,138,112,26
102900044,362,1180,-818
102900045,89,354,-265
102900046,113,166,-53
102900047,98,383,-285
102900048,458,280,178
102900049,119,198,-79
102900050,122,163,-41
102900051,127,141,-14
102900052,28,47,-19
102900053,273,338,-65
102900054,309,836,-527
102900055,72,153,-81
102900056,75,258,-183
102900057,1,43,-42
102900058,207,46,161
102900059,21,33,-12
102900060,69,254,-185
102900061,106,245,-139
102900062,158,451,-293
102900063,857,310,547
102900064,71,223,-152
102900065,829,247,582
102900066,238,9,229
102900068,93,44,49
102900070,139,311,-172
102900072,1,37,-36
102900073,59,7,52
102900075,15,28,-13
102900076,64,100,-36
102900077,28,15,13
102900078,24,27,-3
102900079,134,3,131
102900080,284,27,257
102900081,81,172,-91
102900082,5,101,-96
102900083,97,4,93
102900084,4,26,-22
102900085,257,80,177
102900086,10,30,-20
102900087,93,68,25
102900088,36,22,14
102900089,198,76,122
102900090,0,179,-179
102900091,97,1,96
102900092,288,400,-112
102900093,149,167,-18
102900094,1,75,-74
102900095,64,1,63
102900096,40,12,28
102900097,6,48,-42
102900098,13,9,4
103000001,1873,1665,208
103000002,1464,1565,-101
103000003,2275,1858,417
103000004,602,574,28
103000005,1391,2106,-715
103000006,648,966,-318
103000007,323,470,-147
103000008,659,448,211
103000009,986,711,275
103000010,97,44,53
103000011,1053,861,192
103000012,1155,893,262
103000013,1998,1066,932
103000014,966,1804,-838
103000015,875,408,467
103000016,368,1000,-632
103000017,154,309,-155
103000018,347,208,139
103000019,244,214,30
103000020,1485,871,614
103000021,1478,1530,-52
103000022,536,662,-126
103000023,495,1351,-856
103000024,69,112,-43
103000025,77,504,-427
103000026,475,85,390
103000027,207,382,-175
103000028,153,210,-57
103000029,122,159,-37
103000030,894,787,107
103000031,755,1249,-494
103000032,1415,870,545
103000033,2178,1951,227
103000034,937,758,179
103000035,312,880,-568
103000036,279,356,-77
103000037,429,367,62
103000038,396,642,-246
103000039,343,228,115
103000040,320,577,-257
103000041,1137,1136,1
103000042,1032,282,750
103000043,496,738,-242
103000044,189,96,93
103000046,317,331,-14
103000047,449,342,107
103000048,148,100,48
103000049,49,75,-26
103000050,518,225,293
103000051,340,288,52
103000052,520,187,333
103000053,148,446,-298
103000054,1884,832,1052
103000055,1608,1417,191
103000056,571,754,-183
103000057,621,147,474
103000058,432,500,-68
103000059,358,486,-128
103000060,478,333,145
103000061,345,681,-336
103000062,779,249,530
103000063,558,567,-9
103000064,94,111,-17
103000065,1,252,-251
103000066,102,10,92
103000069,294,241,53
103000070,639,405,234
103000071,869,344,525
103000072,95,357,-262
103000073,455,85,370
103000074,390,72,318
103000075,72,417,-345
103000076,160,275,-115
103000077,13,180,-167
103000078,492,467,25
103000079,329,458,-129
103000080,515,259,256
103000081,305,840,-535
103000082,363,151,212
103000083,78,225,-147
103000084,72,7,65
103000085,0,103,-103
103000086,339,266,73
103000087,100,412,-312
103000088,140,229,-89
103000089,195,349,-154
103000090,1656,711,945
103000091,541,325,216
103000092,155,136,19
103000093,177,285,-108
103000094,184,67,117
103000095,44,228,-184
103000096,451,53,398
103000097,48,462,-414
103000098,564,107,457
103000099,159,344,-185
103000100,103,381,-278
103000101,727,86,641
103000102,76,252,-176
103000103,517,104,413
103000104,35,77,-42
103000105,120,76,44
103000106,19,111,-92
103000107,147,34,113
103000108,774,487,287
103000109,344,354,-10
103000110,375,347,28
103000111,270,284,-14
103000112,173,137,36
103000113,272,398,-126
103000114,748,281,467
103000115,524,381,143
103000116,433,317,116
103000117,339,317,22
103000118,346,371,-25
103000119,576,281,295
103000120,38,69,-31
103000121,145,408,-263
103000122,254,480,-226
103000125,17,91,-74
103000126,488,3,485
103000127,1,93,-92
103000128,106,1,105
103000129,0,57,-57
103000130,54,12,42
103000131,60,64,-4
103000132,64,123,-59
103000133,16,62,-46
103000134,260,593,-333
103000135,358,241,117
103000136,361,374,-13
103000137,339,494,-155
103000138,503,528,-25
103000139,0,49,-49
103000140,100,22,78
103000141,17,91,-74
103000142,76,43,33
103000143,60,88,-28
103000144,106,25,81
103000145,7,53,-46
103000150,29,22,7
103000152,101,232,-131
103000153,130,108,22
103000156,1,163,-162
103000157,280,0,280
103000159,135,42,93
103000162,60,21,39
103000163,6,24,-18
103000164,9,11,-2
103000165,53,126,-73
103000166,151,241,-90
103000167,197,79,118
103000168,89,112,-23
103000169,108,313,-205
103000170,781,255,526
103000171,15,75,-60
103000172,353,167,186
103000173,512,247,265
103000174,139,187,-48
103000175,260,166,94
103000176,609,440,169
103000177,308,189,119
103000178,116,191,-75
103000179,131,22,109
103000183,144,14,130
103000185,86,23,63
103000186,99,97,2
103000187,520,184,336
103000188,7,71,-64
103000189,524,430,94
103000191,405,358,47
103000292,655,983,-328
103000293,512,1607,-1095
103000295,47,74,-27
103000296,100,6,94
103000297,3,36,-33
103000504,37,11,26
103000505,8,17,-9
103000506,0,137,-137
103000507,139,0,139
103000508,37,39,-2
103000509,166,424,-258
103900001,9,142,-133
103900002,545,104,441
103900003,872,116,756
103900004,85,1,84
103900005,0,79,-79
103900006,0,3,-3
103900007,62,2,60
103900008,7,1,6
103900009,182,320,-138
103900010,109,231,-122
103900011,235,64,171
103900012,23,23,0
103900013,55,40,15
103900014,27,22,5
103900015,82,9,73
103900016,193,100,93
103900017,38,45,-7
103900018,323,124,199
103900019,47,268,-221
103900020,142,340,-198
103900021,252,41,211
103900022,772,460,312
103900023,127,2,125
103900024,40,223,-183
103900025,13,19,-6
103900026,15,0,15
103900027,666,121,545
103900028,14,171,-157
103900029,855,101,754
103900030,178,70,108
103900031,29,1,28
103900032,79,61,18
103900033,49,12,37
103900034,22,72,-50
103900035,93,21,72
103900036,34,29,5
103900037,53,44,9
103900038,94,194,-100
103900039,84,151,-67
103900040,10,139,-129
103900041,36,34,2
103900042,54,170,-116
103900043,126,26,100
103900044,69,188,-119
103900045,276,115,161
103900047,70,25,45
103900048,25,17,8
103900049,137,639,-502
103900050,10,82,-72
103900051,0,21,-21
103900052,141,184,-43
103900053,201,305,-104
103900054,82,196,-114
103900055,376,129,247
103900056,32,22,10
103900057,44,89,-45
103900058,227,348,-121
103900059,0,7,-7
103900060,50,119,-69
103900061,142,28,114
103900062,213,67,146
103900063,2,0,2
103900064,112,1,111
103900065,579,268,311
103900066,153,37,116
103900067,128,7,121
103900068,1,0,1
103900069,29,8,21
103900070,118,119,-1
103900071,20,74,-54
103900072,16,130,-114
103900073,16,22,-6
103900074,74,48,26
103900075,137,32,105
103900076,452,267,185
103900077,23,107,-84
103900078,163,66,97
103900079,94,105,-11
103900080,6,19,-13
103900081,42,15,27
103900082,10,90,-80
103900083,696,757,-61
103900084,32,59,-27
103900085,54,92,-38
103900086,515,258,257
103900088,201,395,-194
103900089,27,104,-77
103900090,0,48,-48
103900091,835,147,688
103900092,453,202,251
103900093,39,149,-110
103900094,11,60,-49
103900095,142,113,29
103900096,17,102,-85
103900097,8,273,-265
103900098,168,78,90
103900099,68,59,9
103900100,218,179,39
103900101,38,703,-665
103900102,2,15,-13
103900104,1,29,-28
103900105,58,106,-48
103900106,0,17,-17
103900107,119,98,21
103900108,46,122,-76
103900109,104,55,49
103900110,139,43,96
103900111,67,309,-242
103900112,20,54,-34
103900113,61,147,-86
103900114,226,215,11
103900115,154,104,50
103900116,2114,1933,181
103900117,71,33,38
103900119,17,75,-58
103900120,41,38,3
103900122,71,138,-67
103900123,715,381,334
103900124,57,213,-156
103900125,97,37,60
103900126,397,207,190
103900127,133,173,-40
103900128,72,58,14
103900131,26,55,-29
103900133,594,12,582
103900134,2,1,1
103900135,13,9,4
103900137,0,15,-15
103900138,78,114,-36
103900139,109,1292,-1183
103900140,3,120,-117
103900141,173,62,111
103900142,150,62,88
103900143,93,1,92
103900144,1,32,-31
103900145,186,144,42
103900146,173,145,28
103900147,234,101,133
103900148,140,113,27
103900149,232,279,-47
103900150,2641,2501,140
103900151,29,95,-66
103900152,476,218,258
103900153,8,0,8
103900154,348,1173,-825
103900155,49,146,-97
103900156,72,87,-15
103900157,32,67,-35
103900158,80,59,21
103900159,145,27,118
103900160,36,28,8
103900161,78,125,-47
103900162,42,76,-34
103900163,2,269,-267
103900167,9,61,-52
103900168,65,48,17
103900169,34,33,1
103900170,1,65,-64
103900171,0,20,-20
103900172,0,11,-11
103900173,10,10,0
103900174,165,34,131
103900175,33,53,-20
103900176,9,30,-21
103900177,9,69,-60
103900178,35,27,8
103900179,40,43,-3
103900180,8,35,-27
103900181,38,29,9
103900182,14,14,0
103900184,259,88,171
103900185,90,294,-204
103900187,8,56,-48
103900188,47,18,29
103900189,88,6,82
103900190,51,47,4
103900191,14,27,-13
103900192,16,38,-22
103900193,71,89,-18
103900194,46,81,-35
103900195,3,80,-77
103900196,31,25,6
103900197,7,7,0
103900198,8,18,-10
103900199,99,25,74
103900200,109,65,44
103900201,49,89,-40
103900202,4,16,-12
103900203,25,24,1
103900204,1,56,-55
103900207,0,43,-43
103900208,91,1,90
103900209,4,38,-34
103900210,35,7,28
103900211,409,153,256
103900212,76,162,-86
103900213,32,155,-123
103900214,191,167,24
103900215,174,225,-51
103900216,5,137,-132
103900217,288,48,240
103900218,0,152,-152
103900219,110,138,-28
103900233,31,3,28
103900235,22,23,-1
103900236,2,12,-10
103900242,4,3,1
103900243,7,4,3
103900244,90,99,-9
103900245,87,83,4
103900246,27,28,-1
103900247,18,67,-49
103900248,2,51,-49
103900249,12,33,-21
103900250,8,7,1
103900251,7,20,-13
103900253,12,82,-70
103900254,1,9,-8
103900255,9,10,-1
103900256,9,26,-17
103900257,105,74,31
103900258,17,3,14
103900259,23,6,17
103900261,4,3,1
103900262,6,0,6
103900263,19,10,9
103900264,18,14,4
103900265,28,8,20
103900266,0,54,-54
103900267,2,45,-43
103900268,5,30,-25
103900269,93,27,66
103900270,60,48,12
103900271,4,28,-24
103900272,65,43,22
103900273,24,18,6
103900274,58,6,52
103900275,27,6,21
103900276,13,18,-5
103900277,0,28,-28
103900278,5,22,-17
103900279,2,23,-21
103900280,1,27,-26
104000001,1678,1079,599
104000002,1161,1441,-280
104000003,1512,1251,261
104000004,1852,1708,144
104000005,1206,1157,49
104000006,2061,1697,364
104000007,2685,3090,-405
104000008,156,136,20
104000009,199,98,101
104000010,136,179,-43
104000011,259,147,112
104000012,101,157,-56
104000013,175,141,34
104000014,196,330,-134
104000015,226,102,124
104000016,395,179,216
104000018,600,125,475
104000019,526,151,375
104000020,101,263,-162
104000021,181,297,-116
104000022,91,176,-85
104000023,559,249,310
104000024,170,239,-69
104000026,34,199,-165
104000027,193,115,78
104000028,360,192,168
104000029,256,231,25
104000030,267,193,74
104000031,1008,265,743
104000032,179,114,65
104000033,529,394,135
104000034,218,154,64
104000035,710,285,425
104000036,739,306,433
104000037,205,113,92
104000038,386,193,193
104000039,165,98,67
104000040,146,251,-105
104000041,348,233,115
104000042,135,220,-85
104000043,136,205,-69
104000044,193,297,-104
104000045,687,487,200
104000046,615,891,-276
104000047,449,660,-211
104000048,722,842,-120
104000049,365,183,182
104000050,105,385,-280
104000051,105,372,-267
104000052,1009,969,40
104000053,576,267,309
104000054,408,195,213
104000055,2207,1328,879
104000056,688,146,542
104000057,114,252,-138
104000058,444,556,-112
104000059,331,651,-320
104000060,658,784,-126
104000061,856,570,286
104000062,246,73,173
104000064,372,208,164
104000065,93,410,-317
104000069,545,872,-327
104000070,53,353,-300
104000071,83,242,-159
104000072,391,111,280
104000075,23,140,-117
104000076,365,41,324
104000082,1635,2353,-718
104000083,531,110,421
104000084,87,309,-222
104000085,252,192,60
104000086,99,263,-164
104000087,224,1085,-861
104000090,547,602,-55
104000092,916,1091,-175
104000094,546,669,-123
104000095,1263,969,294
104000096,1025,122,903
104000097,1335,493,842
104000098,1808,451,1357
104000100,1172,377,795
104000101,884,813,71
104000106,46,414,-368
104000107,395,285,110
104000108,180,259,-79
104000109,248,65,183
104000110,550,630,-80
104000111,1657,1368,289
104000112,962,315,647
104000116,1,555,-554
104000117,153,287,-134
104000118,434,97,337
104000119,389,169,220
104000120,164,357,-193
104000121,128,411,-283
104000122,473,488,-15
104000123,499,501,-2
104000124,415,1088,-673
104000125,1571,2835,-1264
104000126,279,232,47
104000127,891,1240,-349
104000128,327,188,139
104000129,244,12,232
104000130,8,149,-141
104000131,285,293,-8
104000132,258,265,-7
104000133,1094,512,582
104000134,687,1176,-489
104000135,325,1138,-813
104000136,567,2637,-2070
104000137,1122,250,872
104000138,599,185,414
104000139,2619,1779,840
104000141,650,705,-55
104000142,471,322,149
104000143,398,233,165
104000144,75,103,-28
104000145,360,144,216
104000146,164,282,-118
104000147,88,191,-103
104000148,274,96,178
104000149,125,157,-32
104000150,623,253,370
104000151,211,235,-24
104000152,328,281,47
104000153,450,329,121
104000154,499,323,176
104000155,310,345,-35
104000157,634,790,-156
104000158,192,342,-150
104000159,641,360,281
104000160,1281,1328,-47
104000161,118,123,-5
104000162,51,98,-47
104000165,530,589,-59
104000167,444,781,-337
104000168,386,5,381
104000169,81,32,49
104000170,213,367,-154
104000248,189,312,-123
104000251,53,135,-82
104000272,0,0,0
104000273,0,0,0
104000274,0,0,0
104000275,0,0,0
104000279,376,272,104
104000290,41,167,-126
104000291,451,744,-293
104000293,594,463,131
104000294,51,0,51
104000295,374,509,-135
104000296,298,477,-179
104000297,535,1318,-783
104000298,1202,793,409
104000299,465,1003,-538
104900001,122,173,-51
104900002,34,111,-77
104900003,35,222,-187
104900004,47,167,-120
104900005,172,166,6
104900006,251,32,219
104900007,212,133,79
104900009,113,159,-46
104900010,42,35,7
104900011,10,7,3
104900012,132,22,110
104900013,82,11,71
104900014,1403,174,1229
104900015,46,2,44
104900016,173,98,75
104900017,104,107,-3
104900018,13,96,-83
104900019,179,2353,-2174
104900020,27,146,-119
104900021,5,76,-71
104900022,11,58,-47
104900023,3,31,-28
104900024,16,50,-34
104900025,34,77,-43
104900026,3,29,-26
104900027,368,198,170
104900028,37,74,-37
104900029,31,41,-10
104900030,358,120,238
104900031,50,121,-71
104900032,37,50,-13
104900033,95,174,-79
104900034,269,136,133
104900035,263,128,135
104900036,166,55,111
104900037,87,95,-8
104900038,168,444,-276
104900039,268,267,1
104900040,424,71,353
104900041,180,116,64
104900042,120,111,9
104900043,9,82,-73
104900044,525,160,365
104900045,369,38,331
104900046,145,50,95
104900047,269,56,213
104900048,292,50,242
104900049,19,16,3
104900050,135,47,88
104900051,216,30,186
104900052,59,2,57
104900053,292,58,234
104900054,101,14,87
104900055,66,2,64
104900056,173,8,165
104900057,26,0,26
104900058,265,69,196
104900059,233,132,101
104900060,3,172,-169
104900061,112,294,-182
104900063,0,44,-44
104900064,0,48,-48
104900065,3,125,-122
104900066,3,59,-56
104900067,0,210,-210
104900068,9,121,-112
104900070,93,112,-19
104900071,2,201,-199
104900072,34,160,-126
104900073,26,67,-41
104900074,39,89,-50
104900075,28,25,3
104900076,62,144,-82
104900077,323,138,185
104900078,113,283,-170
104900079,51,339,-288
104900080,97,392,-295
104900082,11,203,-192
104900085,2,105,-103
104900087,223,2,221
104900089,165,0,165
104900090,560,499,61
104900091,344,231,113
104900093,142,253,-111
104900097,1265,1380,-115
104900098,64,19,45
104900099,72,318,-246
104900100,191,162,29
104900102,23,67,-44
104900103,232,34,198
104900104,1372,1251,121
104900106,65,68,-3
104900107,95,112,-17
104900108,6,106,-100
104900109,63,87,-24
104900110,6,25,-19
104900111,69,35,34
104900112,193,332,-139
104900113,447,201,246
104900114,208,219,-11
104900115,432,189,243
104900116,227,95,132
104900118,10,17,-7
104900119,0,27,-27
104900120,19,139,-120
104900121,0,56,-56
104900122,4,16,-12
104900123,38,12,26
104900124,27,0,27
104900125,320,5,315
104900126,37,16,21
104900127,17,44,-27
104900128,102,135,-33
104900129,740,1388,-648
105000001,1832,936,896
105000002,1645,1014,631
105000003,1986,2154,-168
105000004,407,444,-37
105000005,649,723,-74
105000006,928,1201,-273
105000007,913,1112,-199
105000008,979,2330,-1351
105000009,1787,2071,-284
105000010,1925,1119,806
105000011,2431,1789,642
105000012,2547,1635,912
105000013,744,759,-15
105000014,1381,1784,-403
105000015,5954,9112,-3158
105000016,1425,1295,130
105000017,1069,545,524
105000018,771,994,-223
105000019,747,580,167
105000020,100,314,-214
105000021,158,65,93
105000022,181,76,105
105000023,395,250,145
105000028,31,95,-64
105000029,393,756,-363
105000030,2434,1458,976
105000033,629,1088,-459
105000034,75,440,-365
105000037,391,116,275
105000038,1009,1124,-115
105000039,1338,945,393
105000040,567,736,-169
105000041,238,647,-409
105000042,1770,1159,611
105000043,865,1109,-244
105000044,479,319,160
105000045,292,389,-97
105000046,852,172,680
105000047,429,693,-264
105000048,450,161,289
105000049,168,279,-111
105000050,515,288,227
105000051,113,286,-173
105000052,375,439,-64
105000053,78,85,-7
105000054,266,393,-127
105000055,380,138,242
105000056,979,1058,-79
105000057,952,392,560
105000058,787,659,128
105000059,663,523,140
105000060,291,373,-82
105000061,521,352,169
105000062,405,507,-102
105000063,213,221,-8
105000064,1169,497,672
105000065,273,290,-17
105000066,640,750,-110
105000067,1017,479,538
105000068,301,444,-143
105000069,965,1255,-290
105000070,412,625,-213
105000071,152,619,-467
105000072,774,1587,-813
105000073,601,404,197
105000074,557,460,97
105000075,283,495,-212
105000076,729,663,66
105000077,1574,792,782
105000078,767,828,-61
105000079,831,2370,-1539
105000080,1299,929,370
105000081,2440,1071,1369
105000082,728,1346,-618
105000083,3187,2619,568
105000084,459,596,-137
105000085,1289,1527,-238
105000086,436,615,-179
105000087,802,1096,-294
105000088,997,1034,-37
105000089,1478,1187,291
105000090,689,533,156
105000091,668,906,-238
105000092,362,532,-170
105000093,193,190,3
105000094,186,126,60
105000095,68,271,-203
105000096,742,702,40
105000097,489,484,5
105000098,686,494,192
105000099,480,544,-64
105000100,948,597,351
105000101,1296,1090,206
105000102,914,822,92
105000103,931,1184,-253
105000104,1393,547,846
105000105,704,1054,-350
105000106,971,898,73
105000107,996,501,495
105000108,1064,795,269
105000109,1172,860,312
105000110,604,345,259
105000111,698,412,286
105000112,849,441,408
105000113,372,481,-109
105000114,1482,830,652
105000115,297,868,-571
105000116,613,296,317
105000117,495,454,41
105000118,459,232,227
105000119,393,377,16
105000120,776,332,444
105000121,435,457,-22
105000122,339,408,-69
105000123,654,654,0
105000124,1229,528,701
105000125,600,1019,-419
105000126,1432,776,656
105000127,1566,959,607
105000128,356,539,-183
105000129,627,189,438
105000130,254,2207,-1953
105000131,434,197,237
105000132,661,423,238
105000133,298,603,-305
105000134,568,345,223
105000135,274,327,-53
105000136,107,148,-41
105000137,412,117,295
105000138,123,219,-96
105000139,615,533,82
105000140,318,304,14
105000141,268,264,4
105000142,177,291,-114
105000143,164,336,-172
105000144,210,543,-333
105000145,492,238,254
105000146,300,499,-199
105000147,516,248,268
105000148,788,389,399
105000149,1706,1308,398
105000150,1096,730,366
105000151,365,211,154
105000152,140,271,-131
105000153,413,369,44
105000154,375,244,131
105000155,278,385,-107
105000156,365,306,59
105000157,470,764,-294
105000158,1203,405,798
105000159,161,543,-382
105000160,1604,446,1158
105000161,380,548,-168
105000162,379,1250,-871
105000163,675,480,195
105000164,168,154,14
105000165,420,3606,-3186
105000166,2439,541,1898
105000167,766,1127,-361
105000168,321,386,-65
105000169,373,152,221
105000170,202,760,-558
105000171,631,91,540
105000172,112,18,94
105000173,152,17,135
105000174,44,28,16
105000175,46,67,-21
105000176,335,51,284
105000177,235,119,116
105000178,161,218,-57
105000179,436,82,354
105000180,112,62,50
105000181,106,130,-24
105000182,30,21,9
105000183,1035,1258,-223
105000184,674,597,77
105000185,782,609,173
105000186,267,402,-135
105000187,621,125,496
105000188,122,85,37
105000189,70,220,-150
105000190,233,225,8
105000191,218,185,33
105000192,178,38,140
105000193,51,80,-29
105000194,301,66,235
105000195,182,370,-188
105000196,29,161,-132
105000197,221,293,-72
105000198,353,192,161
105000199,147,371,-224
105000200,106,217,-111
105000201,79,22,57
105000203,9,137,-128
105000204,47,54,-7
105000205,79,150,-71
105000207,263,128,135
105000208,140,312,-172
105000209,152,213,-61
105000212,854,577,277
105000213,99,108,-9
105000214,87,110,-23
105000215,204,129,75
105000216,138,141,-3
105000217,151,121,30
105000218,939,666,273
105000221,97,106,-9
105000222,143,21,122
105000223,207,79,128
105000226,66,105,-39
105000227,42,71,-29
105000228,113,1217,-1104
105000229,108,332,-224
105000231,269,204,65
105000233,533,396,137
105000234,279,681,-402
105000235,257,445,-188
105000237,442,37,405
105000243,28,18,10
105000248,49,32,17
105000262,280,561,-281
105000269,65,120,-55
105000270,337,38,299
105000271,0,99,-99
105000282,37,28,9
105000287,358,61,297
105000288,370,207,163
105000289,1926,1303,623
105000290,14,2,12
105000402,1752,2483,-731
105000426,341,390,-49
105000438,2761,1171,1590
105000446,5133,3222,1911
105000447,3066,1456,1610
105000454,412,335,77
105000455,127,105,22
105000474,21,0,21
105000477,290,293,-3
105000478,1301,3123,-1822
105000479,58,94,-36
105000480,6370,5056,1314
105000481,3300,2222,1078
105000482,2734,4973,-2239
105000483,1177,1444,-267
105000484,1302,2157,-855
105000485,1079,2292,-1213
105000486,1917,1655,262
105000488,6435,2939,3496
105000489,660,578,82
105000549,50,112,-62
105000550,269,911,-642
105000551,15,75,-60
105000552,1506,964,542
105000555,689,778,-89
105000556,17,9,8
105000557,4,20,-16
105900001,4,721,-717
105900002,575,401,174
105900003,8,68,-60
105900004,100,93,7
105900005,11,71,-60
105900006,7,62,-55
105900007,18,8,10
105900008,56,316,-260
105900009,11,4,7
105900011,77,20,57
105900012,335,53,282
105900013,1,23,-22
105900014,5,32,-27
105900015,114,228,-114
105900016,301,165,136
105900017,778,17,761
105900018,111,106,5
105900019,37,132,-95
105900020,26,30,-4
105900021,17,101,-84
105900022,100,83,17
105900023,5,37,-32
105900024,0,55,-55
105900025,113,5,108
105900026,127,8,119
105900027,3788,3209,579
105900028,74,64,10
105900029,968,233,735
105900030,156,132,24
105900031,213,111,102
105900032,52,78,-26
105900033,62,81,-19
105900034,88,86,2
105900035,117,83,34
105900036,70,64,6
105900037,73,46,27
105900038,124,119,5
105900039,105,55,50
105900040,47,45,2
105900041,64,113,-49
105900042,54,78,-24
105900043,713,27,686
105900044,8,162,-154
105900045,1,451,-450
105900046,1,170,-169
105900047,1,32,-31
105900048,93,247,-154
105900050,2264,1604,660
105900051,37,540,-503
105900052,362,110,252
105900053,890,1278,-388
105900054,159,73,86
105900056,314,265,49
105900057,10,46,-36
105900058,8,6,2
105900059,1,35,-34
106000001,2623,1644,979
106000002,1124,3287,-2163
106000003,2035,2458,-423
106000004,1044,1707,-663
106000005,2529,3127,-598
106000006,3478,2101,1377
106000007,404,333,71
106000008,258,203,55
106000009,448,255,193
106000010,407,391,16
106000011,862,689,173
106000012,637,706,-69
106000013,1192,1240,-48
106000014,1156,939,217
106000015,1470,740,730
106000016,878,1118,-240
106000017,456,441,15
106000018,405,229,176
106000019,282,289,-7
106000020,247,197,50
106000021,202,271,-69
106000022,247,125,122
106000023,485,156,329
106000024,412,279,133
106000025,110,142,-32
106000026,98,121,-23
106000027,1108,812,296
106000028,438,232,206
106000029,464,553,-89
106000030,222,300,-78
106000034,139,331,-192
106000035,639,1264,-625
106000036,97,249,-152
106000037,1186,797,389
106000038,151,103,48
106000039,73,92,-19
106000040,82,500,-418
106000041,474,321,153
106000043,386,180,206
106000046,249,36,213
106000047,20,213,-193
106000049,754,122,632
106000050,186,362,-176
106000051,484,314,170
106000052,60,366,-306
106000053,305,68,237
106000054,197,234,-37
106000055,741,520,221
106000056,198,198,0
106000057,292,202,90
106000058,95,59,36
106000059,253,182,71
106000060,225,275,-50
106000061,204,350,-146
106000062,116,311,-195
106000063,585,407,178
106000064,21,198,-177
106000065,280,190,90
106000066,84,178,-94
106000067,247,73,174
106000068,39,355,-316
106000069,194,35,159
106000070,357,415,-58
106000071,761,196,565
106000072,1385,1047,338
106000073,925,2078,-1153
106000074,513,416,97
106000075,223,912,-689
106000076,1324,1382,-58
106000077,2150,940,1210
106000078,804,580,224
106000079,547,438,109
106000080,891,392,499
106000081,566,700,-134
106000082,1541,570,971
106000083,332,882,-550
106000084,811,453,358
106000085,890,1007,-117
106000086,410,566,-156
106000087,694,393,301
106000088,349,476,-127
106000089,686,259,427
106000090,265,353,-88
106000091,181,301,-120
106000092,468,177,291
106000093,265,55,210
106000094,57,112,-55
106000095,590,400,190
106000096,704,467,237
106000097,745,465,280
106000098,473,573,-100
106000099,188,340,-152
106000100,791,162,629
106000101,587,170,417
106000102,102,279,-177
106000103,160,282,-122
106000104,570,286,284
106000105,332,333,-1
106000106,503,265,238
106000107,133,202,-69
106000108,250,190,60
106000109,128,157,-29
106000110,202,202,0
106000111,157,249,-92
106000112,162,378,-216
106000113,348,354,-6
106000114,302,396,-94
106000115,160,259,-99
106000116,309,145,164
106000117,603,415,188
106000118,789,814,-25
106000119,788,553,235
106000120,648,848,-200
106000121,163,64,99
106000122,88,90,-2
106000123,360,69,291
106000124,31,115,-84
106000125,20,134,-114
106000126,236,50,186
106000127,622,466,156
106000128,643,93,550
106000129,316,245,71
106000130,600,193,407
106000131,126,430,-304
106000132,411,123,288
106000133,773,643,130
106000134,382,1181,-799
106000135,168,329,-161
106000136,401,780,-379
106000137,30,356,-326
106000138,922,76,846
106000139,47,70,-23
106000140,35,24,11
106000141,65,30,35
106000142,83,41,42
106000143,25,36,-11
106000144,36,63,-27
106000145,160,167,-7
106000146,321,89,232
106000147,238,249,-11
106000148,308,546,-238
106000149,370,222,148
106000150,333,1213,-880
106000151,2030,448,1582
106000152,752,1186,-434
106000153,70,1030,-960
106000154,786,107,679
106000155,102,214,-112
106000156,631,151,480
106000157,346,945,-599
106000158,1129,529,600
106000159,1389,1250,139
106000160,313,1807,-1494
106000161,856,207,649
106000162,272,744,-472
106000163,302,173,129
106000164,333,179,154
106000165,153,223,-70
106000166,606,170,436
106000167,286,462,-176
106000168,422,157,265
106000169,166,304,-138
106000170,588,157,431
106000171,154,681,-527
106000172,1679,818,861
106000173,598,1292,-694
106000174,852,263,589
106000175,228,458,-230
106000176,1111,376,735
106000177,421,1152,-731
106000178,1991,926,1065
106000179,624,1169,-545
106000180,516,574,-58
106000181,691,839,-148
106000182,1049,383,666
106000183,925,330,595
106000184,1070,279,791
106000185,677,560,117
106000186,598,80,518
106000187,158,772,-614
106000188,0,0,0
106000189,7,14,-7
106000190,15,2,13
106000191,490,111,379
106000192,5,22,-17
106000193,235,107,128
106000194,86,152,-66
106000195,203,61,142
106000196,66,182,-116
106000197,338,131,207
106000198,103,116,-13
106000199,415,399,16
106000200,152,174,-22
106000201,293,1963,-1670
106000202,1724,346,1378
106000203,21,80,-59
106000204,85,4,81
106000205,8,102,-94
106000206,86,17,69
106000207,31,368,-337
106000208,975,116,859
106000209,1076,246,830
106000210,163,448,-285
106000211,242,701,-459
106000212,654,341,313
106000213,395,1062,-667
106000214,1411,423,988
106000215,198,272,-74
106000216,306,220,86
106000217,216,213,3
106000218,410,192,218
106000219,88,199,-111
106000220,336,109,227
106000221,210,142,68
106000222,36,43,-7
106000223,231,45,186
106000224,159,84,75
106000225,63,67,-4
106000226,81,140,-59
106000228,58,47,11
106000229,69,381,-312
106000231,623,62,561
106000232,55,183,-128
106000233,384,74,310
106000234,28,94,-66
106000235,135,63,72
106000236,23,62,-39
106000237,0,25,-25
106000238,17,16,1
106000239,4,47,-43
106000240,15,5,10
106000241,7,381,-374
106000242,198,25,173
106000249,69,46,23
106000250,50,455,-405
106000251,107,44,63
106000252,5,28,-23
106000253,45,52,-7
106000254,14,14,0
106000255,8,90,-82
106000256,35,29,6
106000257,104,110,-6
106000258,74,8,66
106000259,2,23,-21
106000260,31,5,26
106000261,3,29,-26
106000262,42,4,38
106000263,6,18,-12
106000264,167,10,157
106000265,8,48,-40
106000266,79,18,61
106000267,6,26,-20
106000268,222,51,171
106000269,27,20,7
106000270,90,255,-165
106000271,42,85,-43
106000272,110,20,90
106000273,7,113,-106
106000274,99,18,81
106000275,85,144,-59
106000276,105,29,76
106000277,85,157,-72
106000278,100,17,83
106000279,4,18,-14
106000280,49,34,15
106000281,83,27,56
106000282,39,39,0
106000283,111,27,84
106000284,61,61,0
106000285,80,45,35
106000286,74,72,2
106000287,83,39,44
106000288,50,100,-50
106000289,59,47,12
106000290,32,44,-12
106000291,64,65,-1
106000292,61,51,10
106000293,78,86,-8
106000294,104,64,40
106000295,25,32,-7
106000296,25,38,-13
106000297,36,131,-95
106000298,68,41,27
106000299,63,79,-16
106000300,47,66,-19
106000301,47,92,-45
106000303,21,32,-11
106000304,24,9,15
106000305,23,23,0
106000306,22,23,-1
106000307,30,6,24
106000308,21,40,-19
106000309,13,32,-19
106000310,182,355,-173
106000311,229,98,131
106000312,65,95,-30
106000313,165,134,31
106000318,28,267,-239
106000319,782,137,645
106000320,1,40,-39
106000321,147,74,73
106000322,132,75,57
106000324,9,75,-66
106000325,1310,649,661
106000326,660,961,-301
106000327,136,41,95
106000328,42,63,-21
106000329,29,131,-102
106000330,32,34,-2
106000428,96,124,-28
106000429,119,323,-204
106000430,248,698,-450
106000431,1592,293,1299
106000432,1407,1667,-260
106000433,1807,1055,752
106000434,2252,1069,1183
106000435,884,1459,-575
106000436,4,72,-68
106000437,219,16,203
106000438,180,124,56
106000439,43,199,-156
106000440,126,264,-138
106000441,1,0,1
106000442,116,5,111
106000443,182,172,10
106000450,0,82,-82
106000451,34,49,-15
106000454,2,58,-56
106000455,5,111,-106
106000456,75,23,52
106000457,24,449,-425
106000458,639,67,572
106000459,136,174,-38
106000460,1076,22,1054
106000461,110,484,-374
106000462,1,25,-24
106000463,2,10,-8
106000464,3,169,-166
106000465,504,3,501
106000466,7,208,-201
106000467,199,263,-64
106000468,77,78,-1
106000469,108,0,108
106000470,183,1095,-912
106000471,9,277,-268
106000472,104,6,98
106000473,34,5,29
106000474,172,312,-140
106000475,260,160,100
106000476,90,187,-97
106000477,36,89,-53
106000480,0,249,-249
106900001,0,3,-3
106900002,2,247,-245
106900003,135,553,-418
106900004,0,5,-5
106900006,0,8,-8
106900007,0,8,-8
106900008,332,111,221
106900009,290,131,159
106900010,175,162,13
106900012,722,1294,-572
106900013,367,119,248
106900014,29,0,29
106900015,7,0,7
106900016,256,7,249
106900017,3,0,3
106900018,1,0,1
106900019,28,1,27
106900020,1110,1137,-27
106900021,108,117,-9
106900022,614,7,607
106900023,43,152,-109
106900024,353,44,309
106900025,56,283,-227
106900026,2,288,-286
106900027,541,4,537
107000001,2529,2290,239
107000002,1662,2254,-592
107000003,4777,4564,213
107000004,2777,2380,397
107000005,3969,3970,-1
107000006,2426,1929,497
107000007,4112,6615,-2503
107000008,5594,4183,1411
107000009,5908,5685,223
107000010,5368,4546,822
107000011,713,760,-47
107000012,2749,1801,948
107000013,65,79,-14
107000014,39,155,-116
107000015,342,393,-51
107000016,509,507,2
107000017,1071,1052,19
107000018,9,748,-739
107000020,732,982,-250
107000021,809,266,543
107000022,516,948,-432
107000023,1145,164,981
107000024,396,849,-453
107000025,196,262,-66
107000026,190,276,-86
107000027,1037,635,402
107000028,1020,759,261
107000029,2438,1973,465
107000030,1822,1507,315
107000031,3404,1786,1618
107000032,352,607,-255
107000033,1766,2126,-360
107000034,2038,871,1167
107000035,272,213,59
107000036,243,826,-583
107000037,69,593,-524
107000038,172,158,14
107000039,480,439,41
107000040,140,221,-81
107000041,817,476,341
107000042,541,1395,-854
107000043,1576,746,830
107000044,315,234,81
107000045,47,209,-162
107000046,520,326,194
107000047,282,618,-336
107000048,478,174,304
107000049,415,582,-167
107000050,773,396,377
107000051,236,230,6
107000052,847,770,77
107000053,224,136,88
107000054,55,193,-138
107000055,275,76,199
107000056,342,485,-143
107000057,953,166,787
107000058,1572,1585,-13
107000059,1198,1924,-726
107000060,3434,3598,-164
107000061,3240,1983,1257
107000062,3793,1960,1833
107000063,2999,2772,227
107000064,3635,1650,1985
107000065,2008,2583,-575
107000066,1320,2090,-770
107000067,882,890,-8
107000068,765,602,163
107000069,683,427,256
107000070,928,10,918
107000071,2942,42,2900
107000072,33,1567,-1534
107000073,653,321,332
107000074,149,605,-456
107000075,1531,411,1120
107000076,413,788,-375
107000077,3031,1232,1799
107000078,2028,1797,231
107000079,2148,817,1331
107000080,837,1846,-1009
107000081,1442,463,979
107000082,438,841,-403
107000083,1033,377,656
107000084,199,764,-565
107000085,2119,2317,-198
107000086,2234,2183,51
107000087,2064,1421,643
107000088,2133,2452,-319
107000089,1234,1260,-26
107000090,858,704,154
107000091,1079,608,471
107000092,616,654,-38
107000093,1001,581,420
107000094,673,803,-130
107000095,610,489,121
107000096,383,467,-84
107000097,536,225,311
107000098,371,308,63
107000099,323,239,84
107000100,135,154,-19
107000101,59,124,-65
107000102,157,184,-27
107000103,259,143,116
107000104,171,201,-30
107000105,388,105,283
107000106,141,191,-50
107000107,575,141,434
107000108,81,319,-238
107000109,482,114,368
107000110,43,272,-229
107000111,267,28,239
107000112,35,182,-147
107000113,556,108,448
107000114,77,294,-217
107000115,636,128,508
107000116,75,434,-359
107000117,143,539,-396
107000118,122,124,-2
107000119,879,1152,-273
107000120,686,377,309
107000121,776,478,298
107000122,916,576,340
107000123,443,360,83
107000124,438,521,-83
107000125,809,350,459
107000126,721,449,272
107000129,162,306,-144
107000130,450,163,287
107000131,331,299,32
107000132,437,249,188
107000133,397,80,317
107000134,179,2,177
107000135,0,214,-214
107000136,562,4,558
107000137,4,370,-366
107000138,150,28,122
107000139,14,382,-368
107000140,886,77,809
107000141,96,501,-405
107000142,313,68,245
107000143,49,398,-349
107000144,385,309,76
107000145,122,315,-193
107000146,150,189,-39
107000147,2760,729,2031
107000150,436,1851,-1415
107000151,23,66,-43
107000152,219,930,-711
107000153,101,193,-92
107000154,175,175,0
107000155,642,24,618
107000156,905,12,893
107000157,23,748,-725
107000158,614,14,600
107000159,30,621,-591
107000160,1080,103,977
107000161,77,579,-502
107000162,159,372,-213
107000163,162,3,159
107000164,682,4,678
107000165,1070,14,1056
107000166,26,683,-657
107000167,531,152,379
107000168,787,412,375
107000169,434,513,-79
107000170,1746,520,1226
107000171,499,837,-338
107000172,785,1024,-239
107000173,464,476,-12
107000174,867,3603,-2736
107000175,3368,867,2501
107000176,0,1,-1
107000177,5,2,3
107000178,19,20,-1
107000179,215,1171,-956
107000180,1182,205,977
107000181,338,682,-344
107000182,1568,651,917
107000183,120,455,-335
107000184,822,489,333
107000185,374,785,-411
107000186,1008,281,727
107000187,832,800,32
107000188,413,339,74
107000189,393,669,-276
107000190,414,409,5
107000191,672,809,-137
107000192,1089,417,672
107000193,266,332,-66
107000194,592,431,161
107000197,763,205,558
107000198,227,396,-169
107000199,484,469,15
107000200,431,482,-51
107000201,368,182,186
107000202,245,381,-136
107000203,611,612,-1
107000204,705,722,-17
107000205,1126,605,521
107000206,523,1042,-519
107000207,388,684,-296
107000208,522,359,163
107000209,1004,962,42
107000210,336,218,118
107000211,2,22,-20
107000212,10,201,-191
107000213,3,28,-25
107000214,7,93,-86
107000215,299,164,135
107000216,347,215,132
107000217,121,91,30
107000219,53,131,-78
107000220,147,68,79
107000222,159,341,-182
107000224,315,57,258
107000225,103,167,-64
107000226,353,82,271
107000227,67,110,-43
107000228,69,242,-173
107000229,95,65,30
107000230,728,369,359
107000231,706,1051,-345
107000232,67,22,45
107000233,613,515,98
107000234,0,38,-38
107000235,67,8,59
107000236,16,304,-288
107000237,22,0,22
107000238,35,0,35
107000239,1376,292,1084
107000240,65,427,-362
107000243,0,45,-45
107000244,4,47,-43
107000246,2,878,-876
107000249,6,1041,-1035
107000251,0,309,-309
107000252,1,417,-416
107000255,195,67,128
107000257,1,186,-185
107000258,0,83,-83
107000259,2,98,-96
107000260,552,3,549
107000262,4,275,-271
107000263,234,2,232
107000266,2,17,-15
107000267,47,52,-5
107000268,87,71,16
107000269,503,63,440
107000270,4,8,-4
107000271,7,316,-309
107000272,12,74,-62
107000273,2,115,-113
107000274,530,136,394
107000275,18,584,-566
107000280,709,30,679
107000281,31,420,-389
107000282,14,361,-347
107000290,7,20,-13
107000291,36,7,29
107000292,0,56,-56
107000293,29,2,27
107000294,0,28,-28
107000295,12,3,9
107000296,0,20,-20
107000444,224,3,221
107000496,7,9,-2
107000497,1024,1099,-75
107000500,257,165,92
107000501,60,117,-57
107000502,105,195,-90
107000505,226,526,-300
107000506,0,10,-10
107000508,1,273,-272
107000509,159,466,-307
107000510,8,14,-6
107000514,20,248,-228
107000515,8,98,-90
107000516,363,140,223
107000518,805,1130,-325
107000519,820,544,276
107000520,62,14,48
107000521,473,182,291
107000522,677,304,373
107900001,67,88,-21
107900002,41,3,38
107900003,232,15,217
107900004,26,0,26
107900005,1057,1,1056
107900006,136,2,134
107900007,195,29,166
107900008,44,4,40
107900009,59,11,48
107900010,41,16,25
107900012,205,44,161
107900013,118,18,100
107900014,20,2,18
107900015,780,6,774
107900016,221,75,146
107900017,20,0,20
107900018,43,106,-63
107900019,9,13,-4
107900020,17,9,8
107900021,68,61,7
107900023,3,4,-1
107900024,0,14,-14
107900025,153,176,-23
107900026,47,22,25
107900027,6,15,-9
107900028,68,43,25
107900030,161,28,133
107900031,42,35,7
107900032,37,13,24
107900033,10,3,7
107900034,223,13,210
107900035,656,25,631
107900036,61,21,40
107900037,0,23,-23
107900038,117,203,-86
107900039,28,26,2
107900040,12,75,-63
107900041,0,1,-1
107900043,21,50,-29
107900044,12,3,9
107900045,73,36,37
107900046,115,117,-2
107900047,47,31,16
107900048,152,9,143
107900049,189,603,-414
107900050,89,115,-26
107900051,86,44,42
107900052,19,35,-16
107900053,50,50,0
107900055,376,155,221
107900056,66,48,18
107900057,0,0,0
107900058,31,260,-229
107900060,7,28,-21
107900061,9,8,1
107900063,82,80,2
107900064,197,114,83
107900065,139,10,129
107900066,26,6,20
107900067,0,0,0
107900068,63,294,-231
107900069,28,1649,-1621
107900070,86,25,61
107900071,20,280,-260
107900072,81,76,5
107900073,79,42,37
107900074,474,271,203
107900076,91,33,58
107900077,100,3,97
107900079,9,11,-2
107900080,125,419,-294
107900081,44,27,17
107900082,13,16,-3
107900083,236,102,134
107900084,86,117,-31
107900086,45,131,-86
107900087,366,110,256
107900088,32,4,28
107900089,134,610,-476
107900090,329,1345,-1016
107900091,111,172,-61
107900092,5,0,5
107900093,33,33,0
107900095,1928,1392,536
107900097,18,42,-24
107900098,54,111,-57
107900100,512,930,-418
107900101,515,114,401
107900102,37,10,27
107900103,23,81,-58
107900104,119,3,116
107900105,2,170,-168
107900106,1,554,-553
107900107,579,313,266
107900108,104,114,-10
107900109,1141,24,1117
107900110,36,35,1
107900111,5,370,-365
107900112,73,260,-187
107900113,183,36,147
107900114,137,83,54
107900115,5,35,-30
107900116,111,75,36
107900117,183,142,41
107900118,51,81,-30
107900119,66,158,-92
107900120,50,32,18
107900121,0,101,-101
107900122,0,50,-50
107900123,3,48,-45
107900124,7,12,-5
107900125,18,130,-112
107900126,1,31,-30
107900127,260,227,33
107900128,41,65,-24
107900129,57,17,40
107900130,73,8,65
107900131,302,165,137
107900132,66,141,-75
107900133,2,46,-44
107900134,39,98,-59
107900135,5,105,-100
107900136,21,18,3
107900137,62,73,-11
107900138,45,25,20
107900139,43,26,17
107900141,31,20,11
107900142,34,322,-288
107900143,41,14,27
107900144,0,105,-105
107900145,3,29,-26
107900146,20,72,-52
107900147,41,25,16
107900148,122,51,71
107900149,464,127,337
107900150,53,298,-245
107900151,24,50,-26
107900152,1,81,-80
107900153,117,203,-86
107900154,46,17,29
107900155,54,40,14
107900156,2,178,-176
107900157,24,25,-1
107900158,614,22,592
107900159,24,418,-394
107900160,88,127,-39
107900161,47,84,-37
107900162,0,42,-42
107900163,28,21,7
107900164,10,18,-8
107900165,9,69,-60
107900166,15,105,-90
107900167,3,29,-26
107900168,40,23,17
107900169,1,101,-100
107900171,4,592,-588
107900172,0,202,-202
107900173,9,87,-78
107900174,86,2,84
107900175,11,28,-17
107900176,35,38,-3
107900177,0,70,-70
107900178,0,88,-88
107900179,22,60,-38
107900180,316,536,-220
107900181,195,160,35
107900182,1,416,-415
107900183,46,133,-87
107900184,80,163,-83
107900185,100,4,96
107900186,17,28,-11
107900187,1,84,-83
107900188,335,75,260
107900189,10,51,-41
107900190,41,71,-30
107900191,57,59,-2
107900193,3,41,-38
107900194,151,4,147
107900195,1024,220,804
107900196,67,55,12
107900197,335,180,155
107900199,1,442,-441
107900201,64,36,28
107900203,12,46,-34
107900204,172,147,25
107900206,616,182,434
107900207,1,341,-340
107900208,0,291,-291
107900209,260,85,175
107900210,58,56,2
107900213,404,264,140
107900214,7,55,-48
107900215,90,283,-193
107900216,132,39,93
107900217,17,42,-25
107900218,15,849,-834
107900219,21,41,-20
107900220,153,146,7
107900221,84,123,-39
107900223,68,251,-183
107900224,76,251,-175
107900225,3,293,-290
107900226,67,61,6
107900227,79,228,-149
107900228,9,46,-37
107900229,0,112,-112
107900230,11,35,-24
107900231,10,128,-118
107900232,49,74,-25
107900233,5,59,-54
107900234,78,56,22
107900235,13,43,-30
107900236,88,41,47
107900237,53,250,-197
107900238,14,63,-49
107900239,492,287,205
107900240,15,45,-30
107900241,10,42,-32
107900242,16,105,-89
107900243,1,28,-27
107900244,198,1,197
107900245,587,38,549
107900246,205,19,186
107900248,360,211,149
107900249,590,24,566
107900250,2,230,-228
107900251,57,616,-559
107900252,718,15,703
107900253,160,3,157
107900254,28,122,-94
107900255,153,57,96
107900256,453,542,-89
107900257,145,97,48
107900258,68,122,-54
107900259,63,1541,-1478
107900261,3,161,-158
107900262,13,57,-44
107900264,278,3,275
107900265,60,53,7
107900267,283,5,278
107900268,10,3,7
107900269,0,10,-10
107900270,1,0,1
107900271,4,22,-18
107900272,75,26,49
107900273,40,89,-49
107900274,92,0,92
107900275,17,0,17
107900276,0,63,-63
107900277,1,143,-142
107900278,254,200,54
107900279,56,135,-79
107900280,1182,1130,52
107900281,434,2119,-1685
107900282,25,331,-306
107900283,513,442,71
107900284,436,352,84
107900285,84,37,47
107900286,76,54,22
107900287,139,115,24
107900290,0,110,-110
107900291,338,15,323
107900292,98,113,-15
107900293,77,191,-114
107900295,40,40,0
107900297,2,154,-152
107900298,434,408,26
107900299,1379,1731,-352
107900300,38,96,-58
107900301,346,504,-158
107900302,53,28,25
107900303,171,217,-46
107900304,263,200,63
107900305,239,6,233
107900306,4,27,-23
107900307,32,147,-115
107900308,132,99,33
107900309,52,0,52
107900310,150,2,148
107900311,0,161,-161
107900312,49,2,47
107900313,2,86,-84
107900314,1,20,-19
107900315,1,16,-15
107900316,15,0,15
107900317,47,5,42
107900318,3,82,-79
107900319,5,58,-53
107900320,0,61,-61
107900321,119,2,117
107900322,0,57,-57
107900323,7,99,-92
107900324,105,1,104
107900325,100,0,100
107900326,264,130,134
107900327,0,48,-48
107900328,51,0,51
107900329,46,29,17
107900330,1,158,-157
107900331,189,21,168
107900332,261,13,248
107900333,39,6,33
107900334,5,90,-85
107900335,44,23,21
107900336,24,27,-3
107900337,557,628,-71
107900338,2,124,-122
107900339,0,6,-6
107900340,0,40,-40
107900341,50,0,50
107900342,94,52,42
107900343,21,0,21
107900344,5,25,-20
107900345,35,14,21
107900346,22,0,22
107900347,10,1,9
107900348,0,1,-1
107900349,8,6,2
107900350,11,123,-112
107900351,4,83,-79
107900352,1,12,-11
107900353,5,7,-2
107900354,4,18,-14
108000001,2384,2757,-373
108000002,1506,1596,-90
108000003,2458,2429,29
108000004,7825,8894,-1069
108000005,6067,4487,1580
108000006,4974,4531,443
108000007,3935,3105,830
108000008,2904,3534,-630
108000009,2818,3150,-332
108000010,1795,2695,-900
108000011,8631,8485,146
108000012,9863,8698,1165
108000014,557,701,-144
108000015,630,193,437
108000016,237,700,-463
108000017,983,317,666
108000018,1273,434,839
108000019,1199,715,484
108000020,1015,332,683
108000021,271,1100,-829
108000022,294,804,-510
108000023,1005,169,836
108000024,224,300,-76
108000025,236,290,-54
108000026,649,230,419
108000027,644,383,261
108000028,565,171,394
108000029,409,422,-13
108000030,444,171,273
108000031,132,367,-235
108000032,1332,537,795
108000033,600,611,-11
108000034,1149,305,844
108000035,453,1125,-672
108000036,274,539,-265
108000037,1317,288,1029
108000038,2020,366,1654
108000039,352,1112,-760
108000040,1401,698,703
108000041,517,1253,-736
108000042,266,159,107
108000043,192,148,44
108000044,522,137,385
108000045,268,219,49
108000046,1114,204,910
108000047,274,455,-181
108000048,99,201,-102
108000049,682,208,474
108000050,107,292,-185
108000051,300,113,187
108000052,128,361,-233
108000053,316,171,145
108000054,271,559,-288
108000055,800,409,391
108000056,687,651,36
108000057,504,855,-351
108000058,1405,2602,-1197
108000059,2000,1180,820
108000060,146,365,-219
108000061,149,249,-100
108000062,625,355,270
108000063,301,274,27
108000064,169,154,15
108000065,348,236,112
108000066,1171,505,666
108000067,1441,571,870
108000068,673,260,413
108000069,177,595,-418
108000070,1525,471,1054
108000071,482,828,-346
108000072,1397,704,693
108000073,873,957,-84
108000074,526,303,223
108000075,205,427,-222
108000076,682,425,257
108000077,454,336,118
108000078,2126,765,1361
108000079,583,742,-159
108000080,1066,393,673
108000081,373,795,-422
108000082,683,1005,-322
108000083,1441,640,801
108000084,345,602,-257
108000085,639,315,324
108000086,479,386,93
108000087,85,1531,-1446
108000088,382,52,330
108000089,231,210,21
108000090,189,25,164
108000091,129,300,-171
108000092,105,60,45
108000093,170,270,-100
108000094,482,79,403
108000095,155,197,-42
108000096,261,145,116
108000097,135,206,-71
108000098,1404,810,594
108000099,528,136,392
108000100,68,260,-192
108000101,914,1075,-161
108000102,1103,2105,-1002
108000106,595,0,595
108000107,1,593,-592
108000108,589,43,546
108000109,7,624,-617
108000110,176,274,-98
108000111,144,348,-204
108000112,28,98,-70
108000113,312,143,169
108000115,183,164,19
108000117,483,188,295
108000118,188,722,-534
108000119,445,221,224
108000120,126,589,-463
108000121,144,244,-100
108000122,431,230,201
108000123,504,141,363
108000124,204,261,-57
108000125,393,172,221
108000126,140,261,-121
108000127,425,151,274
108000128,463,219,244
108000129,170,519,-349
108000130,295,138,157
108000131,695,343,352
108000132,1275,663,612
108000133,817,400,417
108000134,359,307,52
108000135,858,310,548
108000136,163,438,-275
108000137,356,157,199
108000138,306,491,-185
108000139,475,246,229
108000140,121,13,108
108000141,12,26,-14
108000142,46,46,0
108000143,23,125,-102
108000144,206,25,181
108000145,26,3,23
108000146,323,15,308
108000147,24,4,20
108000148,265,33,232
108000149,9,6,3
108000150,29,6,23
108000151,78,64,14
108000152,102,279,-177
108000153,474,118,356
108000154,44,2,42
108000155,29,9,20
108000156,321,157,164
108000157,127,762,-635
108000158,58,577,-519
108000159,292,155,137
108000160,1388,800,588
108000161,1264,1623,-359
108000165,4,106,-102
108000172,1,162,-161
108000173,828,1385,-557
108000175,489,81,408
108000178,297,161,136
108000179,102,611,-509
108000181,45,25,20
108000182,157,47,110
108000183,30,185,-155
108000184,558,1712,-1154
108000185,141,187,-46
108000186,212,114,98
108000187,98,260,-162
108000188,478,105,373
108000189,728,3726,-2998
108000190,29,83,-54
108000192,163,300,-137
108000193,435,24,411
108000194,14,10,4
108000195,2,511,-509
108000196,132,81,51
108000198,506,173,333
108000199,1,246,-245
108000200,298,212,86
108000203,90,229,-139
108000204,94,38,56
108000205,99,173,-74
108000339,625,239,386
108000364,121,258,-137
108000365,35,190,-155
108000367,114,182,-68
108000368,8,16,-8
108000369,396,147,249
108000371,8,449,-441
108000372,516,3,513
108000373,191,162,29
108000376,82,29,53
108000377,414,112,302
108000378,6860,7668,-808
108000379,15,154,-139
108000381,45,5,40
108000382,112,1,111
108000383,1,124,-123
108900001,53,550,-497
108900002,115,39,76
108900003,208,416,-208
108900004,848,307,541
108900005,17,111,-94
108900006,231,61,170
108900007,240,118,122
108900008,143,130,13
108900009,81,100,-19
108900010,238,132,106
108900011,533,340,193
108900012,258,267,-9
108900013,115,185,-70
108900014,13,77,-64
108900015,0,130,-130
108900016,1,184,-183
108900017,118,323,-205
108900018,94,187,-93
108900019,23,245,-222
108900020,50,116,-66
108900021,103,152,-49
108900022,96,2,94
108900023,7,15,-8
108900024,24,50,-26
108900025,136,81,55
108900026,11,97,-86
108900027,0,54,-54
108900028,77,171,-94
108900029,45,146,-101
108900030,0,64,-64
108900031,99,156,-57
108900032,9,103,-94
108900033,0,64,-64
108900034,0,110,-110
108900035,184,706,-522
108900036,70,72,-2
108900037,18,86,-68
108900038,1,173,-172
108900039,4,251,-247
108900040,4,59,-55
108900041,2997,2346,651
108900042,9,344,-335
108900043,34,299,-265
108900044,2,227,-225
108900045,67,264,-197
108900046,27,333,-306
108900047,0,105,-105
108900048,80,477,-397
108900049,1320,1111,209
108900050,5,104,-99
108900051,1,75,-74
108900052,31,125,-94
108900053,55,153,-98
108900054,68,98,-30
108900055,27,167,-140
108900056,1,56,-55
108900057,3,84,-81
108900058,23,208,-185
108900059,464,21,443
108900060,52,80,-28
108900061,78,23,55
108900062,5,148,-143
108900063,18,140,-122
108900064,166,33,133
108900065,10,110,-100
108900066,347,89,258
108900067,9,72,-63
108900068,2,77,-75
108900069,55,40,15
108900070,28,51,-23
108900071,69,39,30
108900072,1150,304,846
108900073,28,170,-142
108900074,180,111,69
108900075,47,28,19
108900076,297,38,259
108900077,90,208,-118
108900078,14,84,-70
108900079,514,123,391
108900080,23,534,-511
108900081,42,132,-90
108900082,86,66,20
108900083,8,166,-158
108900084,102,36,66
108900085,999,88,911
108900086,132,146,-14
108900087,56,112,-56
108900088,721,283,438
108900089,18,86,-68
108900090,57,142,-85
108900091,105,28,77
108900092,322,232,90
108900093,86,59,27
108900094,166,69,97
108900095,15,194,-179
108900096,253,3,250
108900097,184,133,51
108900098,1031,528,503
108900099,303,133,170
108900100,83,70,13
108900101,123,148,-25
108900102,48,636,-588
108900103,74,94,-20
108900104,41,99,-58
108900105,1,925,-924
108900106,415,171,244
108900108,174,40,134
108900109,330,60,270
108900110,167,192,-25
108900111,381,294,87
108900112,107,5,102
108900113,27,59,-32
108900114,46,6,40
108900115,53,46,7
108900116,43,10,33
108900117,137,7,130
108900118,458,20,438
108900119,272,15,257
108900120,262,152,110
108900121,201,83,118
108900122,121,25,96
108900123,105,79,26
108900124,306,147,159
108900125,334,14,320
108900126,102,31,71
108900127,140,19,121
108900128,93,41,52
108900129,670,103,567
108900130,300,2,298
108900131,330,9,321
108900132,400,57,343
108900133,204,65,139
108900134,295,127,168
108900135,128,12,116
108900136,40,2,38
108900137,162,1,161
108900138,674,70,604
108900139,195,17,178
108900140,320,118,202
108900141,248,4,244
108900142,80,2,78
108900143,101,0,101
108900144,113,0,113
108900145,200,18,182
108900146,40,1,39
108900147,210,0,210
108900148,50,20,30
108900149,137,61,76
108900150,200,13,187
108900151,98,17,81
108900152,159,3,156
108900153,206,197,9
108900154,3407,310,3097
108900155,93,38,55
108900156,50,9,41
108900157,16,232,-216
108900158,310,16,294
108900159,7,106,-99
108900160,12,130,-118
108900161,3,240,-237
108900162,85,1,84
108900163,1,160,-159
108900164,38,30,8
108900165,55,21,34
108900167,319,2607,-2288
108900168,4158,1898,2260
108900169,58,86,-28
108900171,1915,2070,-155
108900172,143,20,123
108900173,110,206,-96
108900174,721,362,359
108900176,76,240,-164
108900177,2400,3802,-1402
108900178,1900,2471,-571
108900179,129,504,-375
108900180,83,162,-79
108900182,5,115,-110
108900183,147,135,12
108900184,324,111,213
108900185,49,185,-136
108900186,29,236,-207
108900187,179,15,164
108900188,230,8,222
108900189,234,92,142
108900190,32,1184,-1152
108900191,57,9,48
108900192,76,116,-40
108900193,49,22,27
108900194,8,100,-92
108900195,97,176,-79
108900196,17,144,-127
108900198,0,79,-79
108900199,199,175,24
108900200,421,276,145
108900201,372,934,-562
108900203,285,115,170
108900204,209,19,190
108900205,126,12,114
108900206,332,65,267
108900207,162,87,75
108900208,24,174,-150
108900209,141,290,-149
108900210,143,116,27
108900211,120,378,-258
108900212,415,970,-555
108900215,58,215,-157
108900216,245,231,14
108900217,73,2,71
108900218,58,14,44
108900219,34,3,31
108900220,19,9,10
108900221,33,156,-123
108900222,87,9,78
108900223,7,38,-31
108900224,17,140,-123
108900225,3,117,-114
108900227,81,195,-114
108900230,112,144,-32
108900231,12,63,-51
108900232,5,133,-128
108900233,232,74,158
108900234,192,78,114
108900235,136,307,-171
108900236,37,149,-112
108900237,29,31,-2
108900240,75,42,33
108900241,18,22,-4
108900245,12,936,-924
108900249,66,13,53
108900250,155,60,95
108900257,67,89,-22
108900258,17,121,-104
108900259,14,28,-14
108900260,2,35,-33
108900261,57,72,-15
108900262,92,80,12
108900263,23,104,-81
108900264,361,170,191
108900265,403,300,103
108900266,425,530,-105
108900267,6,143,-137
108900268,4,12,-8
108900269,69,25,44
108900270,92,11,81
108900271,24,23,1
108900272,185,20,165
108900273,519,603,-84
108900274,48,37,11
109000001,1838,1555,283
109000002,864,1623,-759
109000003,2019,315,1704
109000004,441,1404,-963
109000005,1590,478,1112
109000006,537,1371,-834
109000007,1290,415,875
109000008,422,1130,-708
109000009,2957,986,1971
109000010,1024,2100,-1076
109000011,2693,1278,1415
109000012,1271,1717,-446
109000013,2935,2179,756
109000014,1290,1650,-360
109000015,2829,6013,-3184
109000016,3578,2093,1485
109000017,1989,883,1106
109000018,746,1646,-900
109000019,2142,993,1149
109000020,889,1176,-287
109000023,196,15,181
109000024,5,134,-129
109000025,222,338,-116
109000026,413,235,178
109000027,60,251,-191
109000028,91,45,46
109000029,95,123,-28
109000030,42,356,-314
109000031,191,129,62
109000032,128,315,-187
109000033,285,123,162
109000034,39,12,27
109000035,9,41,-32
109000036,46,179,-133
109000037,199,945,-746
109000038,268,199,69
109000039,649,484,165
109000040,2050,6954,-4904
109000041,1381,1132,249
109000042,354,799,-445
109000044,294,39,255
109000045,65,165,-100
109000046,317,54,263
109000047,53,289,-236
109000048,568,125,443
109000049,142,368,-226
109000050,264,166,98
109000051,167,127,40
109000052,462,423,39
109000053,121,28,93
109000054,64,176,-112
109000055,91,114,-23
109000056,278,172,106
109000057,411,327,84
109000058,578,149,429
109000059,514,1057,-543
109000060,234,243,-9
109000061,452,635,-183
109000062,69,232,-163
109000063,167,69,98
109000064,173,86,87
109000065,117,110,7
109000066,233,56,177
109000067,47,148,-101
109000068,1307,12,1295
109000069,478,15,463
109000070,9,1506,-1497
109000071,274,46,228
109000072,71,240,-169
109000073,43,56,-13
109000074,28,112,-84
109000075,45,183,-138
109000076,92,197,-105
109000077,253,143,110
109000078,114,91,23
109000079,119,82,37
109000080,199,88,111
109000081,142,242,-100
109000082,609,125,484
109000083,233,336,-103
109000088,95,259,-164
109000089,174,40,134
109000090,111,216,-105
109000091,236,149,87
109000092,223,235,-12
109000093,177,120,57
109000094,479,4,475
109000095,75,205,-130
109000096,512,225,287
109000097,79,83,-4
109000098,33,101,-68
109000099,732,257,475
109000100,238,520,-282
109000101,1110,397,713
109000102,355,534,-179
109000103,402,387,15
109000104,1296,361,935
109000105,374,642,-268
109000106,1364,519,845
109000107,456,1119,-663
109000108,1321,339,982
109000109,381,908,-527
109000110,866,352,514
109000111,634,1015,-381
109000112,199,67,132
109000113,245,89,156
109000114,95,227,-132
109000115,799,67,732
109000116,9,171,-162
109000117,206,51,155
109000118,16,210,-194
109000119,938,156,782
109000120,140,354,-214
109000121,447,25,422
109000122,137,313,-176
109000123,41,43,-2
109000124,494,258,236
109000125,572,235,337
109000126,344,409,-65
109000127,766,132,634
109000128,394,685,-291
109000129,1771,469,1302
109000130,376,716,-340
109000131,567,396,171
109000132,428,859,-431
109000133,263,583,-320
109000134,596,854,-258
109000135,630,1043,-413
109000136,186,211,-25
109000137,208,295,-87
109000138,301,152,149
109000139,349,231,118
109000140,115,198,-83
109000141,369,208,161
109000142,116,297,-181
109000143,83,40,43
109000145,66,226,-160
109000146,58,64,-6
109000148,1701,903,798
109000149,16,57,-41
109000150,52,182,-130
109000155,644,423,221
109000156,650,359,291
109000158,57,162,-105
109000159,48,206,-158
109000160,707,111,596
109000161,278,492,-214
109000162,1405,403,1002
109000163,851,1015,-164
109000164,939,1442,-503
109000165,993,288,705
109000166,559,86,473
109000167,92,292,-200
109000170,27,39,-12
109000171,52,36,16
109000172,39,43,-4
109000173,6,67,-61
109000174,87,30,57
109000175,31,36,-5
109000176,207,136,71
109000177,40,70,-30
109000178,518,187,331
109000179,2244,3420,-1176
109000180,2452,1981,471
109000181,8,15,-7
109000182,19,19,0
109000183,36,10,26
109000184,33,15,18
109000185,17,16,1
109000188,344,866,-522
109000189,1581,488,1093
109000190,465,292,173
109000191,286,251,35
109000192,372,118,254
109000193,126,127,-1
109000194,198,28,170
109000195,115,157,-42
109000196,206,63,143
109000197,158,171,-13
109000198,281,48,233
109000199,93,223,-130
109000206,155,21,134
109000207,98,18,80
109000208,71,68,3
109000209,99,97,2
109000210,137,290,-153
109000211,405,308,97
109000214,251,177,74
109000215,102,41,61
109000216,238,173,65
109000217,109,71,38
109000218,153,111,42
109000221,381,604,-223
109000222,673,174,499
109000223,253,238,15
109000224,39,69,-30
109000225,66,23,43
109000226,43,89,-46
109000227,781,454,327
109000228,6,1849,-1843
109000231,3,144,-141
109000232,319,188,131
109000236,191,532,-341
109000241,1521,1156,365
109000242,1337,770,567
109000293,12,40,-28
109000361,72,116,-44
109000364,110,294,-184
109000396,2,295,-293
109000397,409,5,404
109000399,87,195,-108
109000400,78,173,-95
109000403,82,629,-547
109000406,246,6,240
109000407,246,152,94
109000408,0,211,-211
109000410,622,126,496
109000411,191,17,174
109900001,117,0,117
109900002,607,12,595
109900003,255,0,255
109900004,595,72,523
109900005,20,0,20
109900006,235,63,172
109900007,663,190,473
109900008,0,11,-11
109900009,77,281,-204
109900010,385,6,379
109900011,52,26,26
109900012,154,109,45
109900013,279,81,198
109900014,271,29,242
109900015,321,126,195
109900016,91,13,78
109900017,134,139,-5
109900018,141,28,113
109900019,218,22,196
109900020,27,51,-24
109900021,44,25,19
109900022,103,112,-9
109900023,19,4,15
109900024,39,7,32
109900025,19,27,-8
109900026,1,106,-105
109900027,43,23,20
109900028,493,955,-462
109900029,0,106,-106
109900030,50,3,47
109900031,1,85,-84
109900032,10,173,-163
109900033,1,225,-224
109900034,35,3,32
109900035,15,23,-8
109900036,8,32,-24
109900037,26,224,-198
109900038,65,174,-109
109900039,6,1,5
109900040,29,251,-222
109900041,37,153,-116
109900042,24,282,-258
109900044,36,124,-88
109900045,155,118,37
109900046,27,39,-12
109900047,143,206,-63
109900048,2,79,-77
109900049,10,29,-19
109900050,0,65,-65
109900051,0,23,-23
109900052,26,140,-114
109900053,1,150,-149
109900054,549,124,425
109900055,67,174,-107
109900056,28,124,-96
109900057,3,90,-87
109900058,0,55,-55
109900059,601,79,522
109900060,379,75,304
109900061,39,187,-148
109900062,0,61,-61
109900063,12,243,-231
109900064,344,110,234
109900065,30,102,-72
109900066,172,433,-261
109900067,0,103,-103
109900068,53,16,37
109900069,2,17,-15
109900070,18,151,-133
109900071,3,14,-11
109900072,21,90,-69
109900073,260,227,33
109900074,6,32,-26
109900075,15,10,5
109900076,9,106,-97
109900077,18,34,-16
109900078,79,113,-34
109900080,93,136,-43
109900081,13,149,-136
109900082,25,146,-121
109900083,24,58,-34
109900084,40,82,-42
109900085,143,311,-168
109900086,87,249,-162
109900087,199,301,-102
109900089,468,152,316
109900090,323,614,-291
109900091,283,45,238
109900092,267,10,257
109900093,823,75,748
109900094,57,40,17
109900095,65,139,-74
109900096,26,2,24
109900097,111,1,110
109900098,383,17,366
109900099,190,1,189
109900100,27,0,27
109900101,481,6,475
109900102,328,24,304
109900103,31,21,10
109900104,581,316,265
109900105,364,11,353
109900106,248,33,215
109900107,419,22,397
109900108,82,127,-45
109900109,41,77,-36
109900110,46,138,-92
109900111,195,439,-244
109900112,186,258,-72
109900113,531,413,118
109900114,507,463,44
109900115,116,44,72
109900117,823,83,740
109900118,120,246,-126
109900119,360,160,200
109900120,36,19,17
109900121,199,329,-130
109900122,399,4,395
109900123,5,84,-79
109900124,32,181,-149
109900125,0,112,-112
109900126,207,54,153
109900128,280,19,261
109900130,3078,1661,1417
109900131,22,88,-66
109900132,24,78,-54
109900133,56,157,-101
109900134,41,50,-9
109900135,190,32,158
109900136,25,92,-67
109900137,87,160,-73
109900140,119,86,33
109900142,911,173,738
109900145,6,385,-379
109900146,258,40,218
109900148,30,51,-21
109900149,22,43,-21
109900150,5,53,-48
109900151,10,38,-28
109900152,0,22,-22
109900153,0,39,-39
109900154,23,0,23
109900155,86,17,69
109900157,41,121,-80
109900158,54,66,-12
109900159,80,20,60
109900160,128,54,74
109900161,148,60,88
109900162,170,84,86
109900163,356,190,166
109900164,39,208,-169
109900165,216,14,202
109900166,1,91,-90
109900167,133,254,-121
109900168,174,309,-135
109900169,159,92,67
109900170,142,623,-481
109900171,155,47,108
109900172,158,156,2
109900173,1259,1725,-466
109900174,26,53,-27
109900175,35,23,12
109900176,73,74,-1
109900177,25,117,-92
109900178,6,83,-77
109900179,23,7,16
109900180,4,14,-10
110000001,579,323,256
110000002,432,526,-94
110000003,549,450,99
110000004,399,474,-75
110000005,289,1059,-770
110000006,165,253,-88
110000007,68,51,17
110000008,21,39,-18
110000009,37,8,29
110000010,20,48,-28
110000011,62,42,20
110000012,317,178,139
110000013,27,330,-303
110000014,394,267,127
110000015,152,441,-289
110000016,175,1089,-914
110000017,1570,113,1457
110000018,1287,234,1053
110000019,7,45,-38
110000020,250,165,85
110000021,220,313,-93
110000022,446,111,335
110000023,7,108,-101
110000024,436,223,213
110000025,334,8,326
110000026,4,125,-121
110000027,468,498,-30
110000028,668,332,336
110000029,333,388,-55
110000030,178,250,-72
110000031,157,244,-87
110000032,586,212,374
110000033,185,65,120
110000034,305,357,-52
110000035,536,253,283
110000036,631,308,323
110000037,195,231,-36
110000038,159,365,-206
110000039,457,2143,-1686
110000040,230,223,7
110000041,222,1111,-889
110000042,102,279,-177
110000043,512,223,289
110000044,35,239,-204
110000045,277,60,217
110000046,4,10,-6
110000047,13,16,-3
110000048,7,17,-10
110000049,18,4,14
110000050,15,25,-10
110000051,23,4,19
110000052,55,33,22
110000053,28,2,26
110000054,175,393,-218
110000055,301,93,208
110000056,101,136,-35
110000057,272,345,-73
110000058,810,254,556
110000059,672,369,303
110000060,703,658,45
110000061,520,530,-10
110000062,511,622,-111
110000063,24,86,-62
110000064,64,34,30
110000065,60,45,15
110000066,47,9,38
110000067,48,64,-16
110000068,253,69,184
110000069,215,30,185
110000071,167,62,105
110000073,17,7,10
110000075,13,27,-14
110000076,186,203,-17
110000077,195,460,-265
110000078,25,16,9
110000080,195,381,-186
110000081,19,167,-148
110000082,25,253,-228
110000083,106,381,-275
110000084,979,587,392
110000085,967,1032,-65
110000086,723,1525,-802
110000087,13,42,-29
110000088,51,132,-81
110000089,179,46,133
110000090,39,127,-88
110000091,513,126,387
110000092,15,16,-1
110000093,41,13,28
110000094,418,117,301
110000095,115,395,-280
110000096,1072,1284,-212
110000097,824,1065,-241
110000098,1480,459,1021
110000099,558,1069,-511
110000100,841,237,604
110000101,21,172,-151
110000102,68,16,52
110000104,266,115,151
110000105,50,170,-120
110000106,415,386,29
110000107,196,197,-1
110000108,82,58,24
110000109,175,134,41
110000110,1348,2661,-1313
110000111,2962,1891,1071
110000112,553,803,-250
110000113,168,1519,-1351
110000114,169,368,-199
110000115,238,167,71
110000116,33,32,1
110000117,170,159,11
110000118,393,67,326
110000119,189,154,35
110000120,234,94,140
110000121,60,221,-161
110000122,247,273,-26
110000123,417,362,55
110000124,4,494,-490
110000125,741,3,738
110000126,217,17,200
110000127,871,41,830
110000128,23,683,-660
110000129,5,329,-324
110000130,233,150,83
110000131,52,202,-150
110000132,0,418,-418
110000133,16,260,-244
110000134,9,242,-233
110000135,158,19,139
110000136,46,174,-128
110000137,373,323,50
110000138,559,380,179
110000139,760,458,302
110000140,700,503,197
110000143,418,259,159
110000144,3060,1045,2015
110000145,1270,640,630
110000146,1011,370,641
110000147,257,347,-90
110000148,356,120,236
110000151,511,669,-158
110000152,452,255,197
110000153,88,7,81
110000154,12,17,-5
110000155,914,2491,-1577
110000156,825,1583,-758
110000157,913,1257,-344
110000160,272,156,116
110000161,175,123,52
110000166,379,77,302
110000167,693,354,339
110000168,745,420,325
110000169,722,259,463
110000170,73,40,33
110000171,549,104,445
110000172,132,465,-333
110000173,652,634,18
110000174,91,430,-339
110000175,474,28,446
110000176,29,264,-235
110000177,145,629,-484
110000178,324,885,-561
110000179,473,186,287
110000180,114,136,-22
110000181,373,198,175
110000182,182,61,121
110000183,4155,4140,15
110000184,171,1515,-1344
110000185,429,423,6
110000186,501,465,36
110000191,916,127,789
110000192,382,8,374
110000193,783,4,779
110000194,8,394,-386
110000195,303,183,120
110000196,279,143,136
110000197,65,66,-1
110000198,92,50,42
110000199,45,106,-61
110000200,544,215,329
110000201,565,760,-195
110000202,869,431,438
110000203,398,340,58
110000204,0,106,-106
110000205,123,28,95
110000206,375,600,-225
110000207,902,224,678
110000208,147,124,23
110000209,109,398,-289
110000210,1001,329,672
110000211,636,409,227
110000212,345,685,-340
110000213,199,41,158
110000214,242,49,193
110000215,118,166,-48
110000216,94,175,-81
110000217,233,57,176
110000218,121,155,-34
110000219,329,30,299
110000220,56,144,-88
110000221,288,46,242
110000222,42,130,-88
110000223,3,101,-98
110000224,19,5,14
110000225,126,460,-334
110000226,216,43,173
110000227,458,506,-48
110000228,193,61,132
110000229,0,128,-128
110000230,346,322,24
110000231,131,133,-2
110000232,164,103,61
110000233,117,133,-16
110000234,410,381,29
110000235,568,615,-47
110000236,403,380,23
110000237,1285,827,458
110000238,877,921,-44
110000239,1376,690,686
110000240,0,30,-30
110000242,0,6,-6
110000243,87,69,18
110000244,83,198,-115
110000245,44,203,-159
110000246,568,280,288
110000247,649,2894,-2245
110000248,1145,975,170
110000249,66,2,64
110000250,11,130,-119
110000251,253,318,-65
110000252,158,93,65
110000253,989,473,516
110000254,400,533,-133
110000255,121,548,-427
110000256,260,216,44
110000257,355,282,73
110000258,7,179,-172
110000259,136,11,125
110000260,29,80,-51
110000263,270,74,196
110000264,212,174,38
110000265,774,1005,-231
110000266,904,1498,-594
110000267,20,66,-46
110000268,147,226,-79
110000269,0,29,-29
110000270,48,3,45
110000271,749,135,614
110000272,722,536,186
110000273,1621,871,750
110000274,138,986,-848
110000275,1050,386,664
110000276,147,232,-85
110000277,241,193,48
110000278,186,421,-235
110000279,583,572,11
110000280,411,269,142
110000281,36,208,-172
110000282,122,14,108
110000283,21,56,-35
110000284,33,18,15
110000285,3,308,-305
110000286,8,3,5
110000287,43,1,42
110000288,7,54,-47
110000289,327,1352,-1025
110000290,478,374,104
110000291,2639,801,1838
110000292,961,3340,-2379
110000293,442,332,110
110000294,778,614,164
110000295,73,416,-343
110000296,284,212,72
110000297,1465,229,1236
110000298,146,329,-183
110000299,122,49,73
110000301,192,14,178
110000302,345,442,-97
110000303,247,4,243
110000304,157,121,36
110000305,827,6,821
110000306,158,613,-455
110000307,1370,5,1365
110000308,439,6,433
110000309,2,427,-425
110000310,470,36,434
110000311,11,362,-351
110000312,288,79,209
110000313,1548,2172,-624
110000314,0,174,-174
110000315,1738,1652,86
110000316,344,862,-518
110000317,184,277,-93
110000318,10,33,-23
110000319,7,11,-4
110000320,34,19,15
110000321,18,20,-2
110000322,199,162,37
110000323,273,106,167
110000324,1835,1065,770
110000325,1500,2186,-686
110000327,254,129,125
110000328,151,213,-62
110000333,562,427,135
110000334,488,725,-237
110000335,536,274,262
110000336,541,655,-114
110000337,1097,342,755
110000338,375,203,172
110000339,249,113,136
110000340,10,105,-95
110000341,297,341,-44
110000342,151,4,147
110000343,1,17,-16
110000344,15,68,-53
110000345,70,86,-16
110000346,1341,1277,64
110000347,847,422,425
110000348,28,8,20
110000349,8,2,6
110000350,39,2,37
110000351,691,462,229
110000352,433,945,-512
110000353,1552,495,1057
110000354,746,1850,-1104
110000355,80,43,37
110000356,373,7,366
110000357,268,14,254
110000361,29,23,6
110000362,42,11,31
110000363,382,51,331
110000364,204,179,25
110000365,86,1,85
110000366,0,49,-49
110000367,288,104,184
110000368,1,36,-35
110000369,54,0,54
110000373,3,125,-122
110000374,55,13,42
110000375,43,512,-469
110000376,13,51,-38
110000377,43,356,-313
110000378,9,205,-196
110000379,1261,1304,-43
110000380,41,10,31
110000383,1,800,-799
110000384,905,470,435
110000385,0,118,-118
110000387,66,7,59
110000388,20,129,-109
110000389,494,0,494
110000391,558,168,390
110000396,141,83,58
110000397,105,75,30
110000398,5,18,-13
110000399,77,0,77
110000587,131,21,110
110000589,154,68,86
110000640,137,27,110
110000652,15,168,-153
110000653,282,181,101
110000654,132,729,-597
110000656,0,259,-259
110000674,21,19,2
110000675,3,16,-13
110000676,0,18,-18
110000679,129,680,-551
110000682,83,102,-19
110000683,127,268,-141
110000684,1,26,-25
110000685,7,9,-2
110000686,3,32,-29
110000687,4,0,4
110000688,36,627,-591
110000689,20,23,-3
110000692,25,64,-39
110000693,29,142,-113
110000694,1,89,-88
110000695,90,289,-199
110000696,50,50,0
110900001,218,14,204
110900002,249,109,140
110900003,553,250,303
110900004,283,79,204
110900005,1240,1629,-389
110900006,26,8,18
110900007,83,33,50
110900008,10,55,-45
110900009,330,86,244
110900010,18,37,-19
110900011,21,23,-2
110900012,21,59,-38
110900013,661,64,597
110900014,110,7,103
110900015,281,532,-251
110900016,64,74,-10
110900017,308,27,281
110900018,276,20,256
110900019,117,15,102
110900020,86,121,-35
110900021,64,233,-169
110900022,72,133,-61
110900023,61,266,-205
110900024,24,166,-142
110900025,0,26,-26
110900027,25,127,-102
110900028,33,84,-51
110900029,10,141,-131
110900030,28,105,-77
110900031,0,90,-90
110900032,1,62,-61
110900033,27,75,-48
110900035,14,384,-370
110900036,61,8,53
110900037,51,10,41
110900038,444,122,322
110900039,12,205,-193
110900040,154,27,127
110900041,10,56,-46
110900042,95,56,39
110900043,1,31,-30
110900044,123,8,115
110900045,59,215,-156
110900046,13,79,-66
110900047,270,172,98
110900049,53,43,10
110900050,12,3,9
110900051,23,101,-78
110900052,4,93,-89
110900053,52,11,41
110900054,25,84,-59
110900055,18,0,18
110900056,30,62,-32
110900057,6,33,-27
110900058,158,79,79
110900059,397,235,162
110900060,327,68,259
110900061,13,31,-18
110900062,109,96,13
110900063,35,47,-12
110900064,7,0,7
110900065,184,56,128
110900066,5,43,-38
110900067,164,518,-354
110900068,155,142,13
110900069,3,14,-11
110900070,66,43,23
110900071,148,409,-261
110900073,1,24,-23
110900074,292,61,231
110900075,259,51,208
110900077,516,308,208
110900078,24,13,11
110900079,1044,818,226
110900080,96,49,47
110900081,6,34,-28
110900082,89,58,31
110900083,92,43,49
110900084,50,32,18
110900085,38,165,-127
110900086,37,195,-158
110900087,215,32,183
110900088,6,3,3
110900090,34,40,-6
110900091,0,37,-37
110900093,174,45,129
110900095,34,20,14
110900097,10,14,-4
110900098,21,41,-20
110900099,29,234,-205
110900100,0,8,-8
110900102,30,9,21
110900105,279,147,132
110900108,4,31,-27
110900111,248,66,182
110900112,649,6,643
110900113,240,41,199
110900115,1,29,-28
110900116,568,768,-200
110900118,55,1873,-1818
110900119,1407,145,1262
110900120,13,44,-31
110900121,101,1,100
110900122,319,130,189
110900125,282,285,-3
110900127,307,776,-469
110900128,182,231,-49
110900129,220,615,-395
110900130,564,440,124
110900131,94,27,67
110900132,252,15,237
110900133,45,113,-68
110900135,39,132,-93
110900136,219,15,204
110900139,8,0,8
110900140,0,0,0
110900141,248,200,48
110900142,47,70,-23
110900143,108,42,66
110900144,1,351,-350
110900145,130,44,86
110900146,157,149,8
110900147,70,229,-159
110900148,4,124,-120
110900149,3,29,-26
110900150,10,12,-2
110900151,1,30,-29
110900152,41,116,-75
110900153,132,23,109
111000001,453,358,95
111000002,552,386,166
111000003,1058,472,586
111000004,336,637,-301
111000005,823,863,-40
111000006,733,1162,-429
111000007,2797,2284,513
111000008,1367,1972,-605
111000009,264,515,-251
111000010,635,164,471
111000011,200,681,-481
111000012,372,230,142
111000013,310,595,-285
111000014,883,331,552
111000017,62,691,-629
111000018,159,240,-81
111000020,510,1447,-937
111000021,63,66,-3
111000023,56,61,-5
111000025,2564,2205,359
111000029,76,83,-7
111000030,32,73,-41
111000031,1312,670,642
111000032,392,195,197
111000033,215,192,23
111000034,68,193,-125
111000037,762,411,351
111000038,1861,1167,694
111000039,1079,1104,-25
111000040,1384,1257,127
111000041,1092,860,232
111000042,1627,1346,281
111000043,1234,2602,-1368
111000044,1365,784,581
111000045,1955,1354,601
111000046,1148,1038,110
111000047,1535,2420,-885
111000049,285,258,27
111000050,847,752,95
111000051,299,539,-240
111000052,339,977,-638
111000053,228,565,-337
111000054,198,428,-230
111000055,938,1061,-123
111000056,123,254,-131
111000057,117,301,-184
111000058,384,36,348
111000059,328,218,110
111000060,2952,735,2217
111000061,414,202,212
111000062,656,235,421
111000063,1095,622,473
111000064,567,340,227
111000065,810,569,241
111000066,426,237,189
111000067,416,397,19
111000068,460,583,-123
111000069,1098,1120,-22
111000070,733,570,163
111000071,187,337,-150
111000072,1020,462,558
111000073,222,707,-485
111000074,1156,1028,128
111000075,800,359,441
111000076,492,344,148
111000077,1327,1141,186
111000078,1878,1005,873
111000079,967,480,487
111000080,404,397,7
111000081,1108,2784,-1676
111000082,594,367,227
111000084,733,390,343
111000085,561,633,-72
111000086,1428,611,817
111000087,521,300,221
111000088,2435,1497,938
111000089,613,431,182
111000090,536,846,-310
111000091,623,287,336
111000092,1089,508,581
111000093,472,676,-204
111000094,1210,774,436
111000095,425,1530,-1105
111000096,895,5295,-4400
111000097,2679,1073,1606
111000098,576,741,-165
111000099,422,984,-562
111000100,306,823,-517
111000101,245,450,-205
111000102,208,252,-44
111000104,498,93,405
111000107,56,307,-251
111000109,322,104,218
111000110,1033,367,666
111000111,1814,321,1493
111000112,1388,482,906
111000113,749,1116,-367
111000114,1634,2458,-824
111000115,3099,797,2302
111000116,719,574,145
111000117,235,522,-287
111000118,896,505,391
111000119,978,572,406
111000120,420,408,12
111000121,250,495,-245
111000122,339,601,-262
111000123,767,1336,-569
111000124,287,1240,-953
111000125,225,708,-483
111000126,89,454,-365
111000127,633,113,520
111000128,1604,213,1391
111000129,2040,279,1761
111000130,1687,340,1347
111000131,1409,278,1131
111000132,1232,634,598
111000133,116,92,24
111000134,96,71,25
111000135,23,70,-47
111000136,293,200,93
111000138,11,2,9
111000140,0,6,-6
111000141,128,281,-153
111000142,32,162,-130
111000143,4,255,-251
111000144,44,1197,-1153
111000145,457,11,446
111000146,82,13,69
111000147,154,24,130
111000148,120,58,62
111000149,5,30,-25
111000150,23,5,18
111000151,1,16,-15
111000153,419,432,-13
111000154,457,158,299
111000155,65,128,-63
111000156,356,386,-30
111000157,150,590,-440
111000158,548,517,31
111000159,1728,537,1191
111000160,360,291,69
111000161,14,255,-241
111000162,47,82,-35
111000163,545,454,91
111000164,374,1755,-1381
111000165,579,246,333
111000166,934,215,719
111000167,121,234,-113
111000168,130,303,-173
111000169,203,362,-159
111000170,291,227,64
111000171,370,314,56
111000172,102,217,-115
111000173,321,417,-96
111000174,205,161,44
111000175,29,167,-138
111000176,244,68,176
111000177,287,138,149
111000178,947,164,783
111000179,174,74,100
111000180,134,273,-139
111000181,860,131,729
111000182,186,121,65
111000183,129,183,-54
111000184,236,152,84
111000185,194,237,-43
111000186,149,120,29
111000187,143,72,71
111000188,243,186,57
111000189,555,334,221
111000190,187,128,59
111000191,143,153,-10
111000192,89,277,-188
111000193,182,158,24
111000194,26,202,-176
111000195,76,199,-123
111000196,55,116,-61
111000197,353,81,272
111000198,418,57,361
111000199,186,74,112
111000200,357,186,171
111000201,477,139,338
111000202,230,124,106
111000203,292,171,121
111000204,314,934,-620
111000213,151,257,-106
111000214,980,759,221
111000215,924,757,167
111000217,1163,593,570
111000218,871,654,217
111000219,226,123,103
111000220,749,370,379
111000221,315,52,263
111000224,23,142,-119
111000225,366,234,132
111000226,82,2,80
111000227,19,3,16
111000228,24,332,-308
111000229,20,645,-625
111000230,162,179,-17
111000231,715,360,355
111000232,457,442,15
111000233,788,396,392
111000234,101,318,-217
111000239,58,68,-10
111000240,48,132,-84
111000241,14,134,-120
111000242,145,65,80
111000243,141,257,-116
111000244,329,49,280
111000245,651,205,446
111000246,460,176,284
111000247,318,397,-79
111000248,493,249,244
111000249,328,345,-17
111000250,37,38,-1
111000251,31,52,-21
111000253,20,13,7
111000255,61,5,56
111000257,42,9,33
111000260,79,571,-492
111000261,985,51,934
111000271,33,189,-156
111000273,1614,622,992
111000274,1045,1549,-504
111000275,119,31,88
111000276,282,761,-479
111000277,104,161,-57
111000278,434,137,297
111000291,471,4444,-3973
111000298,344,87,257
111000299,431,81,350
111000300,74,336,-262
111000302,213,39,174
111000303,54,108,-54
111000312,31,47,-16
111000315,4,68,-64
111000320,170,356,-186
111000321,320,85,235
111000322,242,198,44
111000323,185,26,159
111000324,246,127,119
111000325,21,37,-16
111000326,166,151,15
111000327,271,196,75
111000328,237,336,-99
111000329,2,23,-21
111000330,52,7,45
111000331,27,1,26
111000332,404,783,-379
111000334,200,591,-391
111000335,682,161,521
111000337,1000,279,721
111000338,31,35,-4
111000339,452,92,360
111000340,68,246,-178
111000341,998,388,610
111000342,123,644,-521
111000344,663,404,259
111000345,146,57,89
111000346,29,144,-115
111000347,111,7,104
111000350,112,62,50
111000351,96,138,-42
111000352,140,41,99
111000353,107,136,-29
111000354,254,45,209
111000355,211,293,-82
111000358,103,482,-379
111000360,145,264,-119
111000361,136,92,44
111000546,441,286,155
111000547,310,214,96
111000548,76,183,-107
111000549,237,98,139
111000550,46,576,-530
111000551,454,81,373
111000552,538,105,433
111000907,433,14,419
111000908,33,0,33
111000916,1267,180,1087
111000917,17,263,-246
111000918,176,313,-137
111000920,415,13,402
111000921,2,46,-44
111000922,313,169,144
111000924,19,355,-336
111000925,2053,1181,872
111000926,731,955,-224
111000927,2057,2930,-873
111000928,2943,1760,1183
111000929,1126,747,379
111000930,492,1245,-753
111000931,1505,1710,-205
111000932,2616,1231,1385
111000933,2308,1554,754
111000934,1231,1886,-655
111000935,1194,585,609
111000936,767,1138,-371
111000937,934,886,48
111000938,905,848,57
111000939,462,46,416
111000940,311,55,256
111000941,213,173,40
111000943,437,135,302
111000944,124,152,-28
111000945,72,608,-536
111001109,453,338,115
111001110,140,307,-167
111001111,54,6,48
111001112,76,12,64
111001113,0,84,-84
111001114,380,133,247
111001115,53,457,-404
111001116,2033,2402,-369
111001117,282,1716,-1434
111001120,126,109,17
111001121,167,146,21
111001122,205,219,-14
111001123,263,61,202
111001124,76,92,-16
111001125,6,107,-101
111900001,1,65,-64
111900002,20,281,-261
111900003,3,129,-126
111900004,52,43,9
111900006,22,31,-9
111900007,130,7,123
111900008,129,4,125
111900009,132,92,40
111900010,242,258,-16
111900012,39,52,-13
111900013,3,14,-11
111900014,2367,3252,-885
111900015,1,34,-33
111900016,0,49,-49
111900017,0,33,-33
111900018,136,0,136
111900019,2,35,-33
111900020,1,19,-18
111900021,18,40,-22
111900022,7,27,-20
111900023,43,46,-3
111900024,16,25,-9
111900025,0,37,-37
111900026,0,32,-32
111900027,1,60,-59
111900028,1,177,-176
111900029,3,50,-47
111900030,26,177,-151
111900031,0,17,-17
111900032,1,174,-173
111900033,4,34,-30
111900034,232,246,-14
111900035,32,101,-69
111900036,0,134,-134
111900038,234,328,-94
111900039,18,203,-185
111900040,2,250,-248
111900042,9,72,-63
111900043,1,126,-125
111900044,201,116,85
111900046,18,78,-60
111900048,123,258,-135
111900049,22,101,-79
111900050,78,27,51
111900051,3,114,-111
111900052,261,207,54
111900053,425,876,-451
111900054,110,2,108
111900055,10,148,-138
111900056,89,159,-70
111900057,80,21,59
111900058,386,242,144
111900059,741,390,351
111900060,261,0,261
111900061,4,64,-60
111900062,22,26,-4
111900063,250,171,79
111900064,72,85,-13
111900065,45,16,29
111900066,99,123,-24
111900067,3,223,-220
111900068,37,38,-1
111900069,46,13,33
111900070,112,83,29
111900071,4,95,-91
111900072,46,47,-1
111900073,900,127,773
111900074,13,91,-78
111900075,49,19,30
111900076,153,56,97
111900077,28,2,26
111900078,254,13,241
111900079,45,24,21
111900080,182,183,-1
111900082,86,28,58
111900083,140,11,129
111900084,104,12,92
111900085,21,96,-75
111900086,19,3,16
111900087,45,0,45
111900088,478,10,468
111900089,82,1,81
111900090,45,13,32
111900091,128,1,127
111900092,87,0,87
111900093,371,8,363
111900094,93,0,93
111900095,205,20,185
111900096,92,3,89
111900097,44,0,44
111900098,228,1,227
111900099,92,0,92
111900100,82,2,80
111900101,60,16,44
111900102,393,206,187
111900103,37,37,0
111900104,84,34,50
111900105,167,97,70
111900106,353,26,327
111900110,844,269,575
111900111,118,50,68
111900112,250,1991,-1741
111900113,135,72,63
111900118,240,59,181
111900119,203,120,83
111900122,50,41,9
111900123,11,11,0
111900124,9,30,-21
111900125,410,29,381
111900126,191,7,184
111900127,1,422,-421
111900128,0,228,-228
111900129,180,3,177
111900130,124,16,108
111900131,353,0,353
111900132,14,413,-399
111900133,5,193,-188
111900134,5,124,-119
111900135,8,13,-5
111900136,48,99,-51
111900137,43,23,20
111900138,11,31,-20
111900139,17,42,-25
111900140,88,5,83
111900141,40,5,35
111900142,52,42,10
111900143,7,102,-95
111900144,0,44,-44
111900145,0,179,-179
111900146,3,109,-106
111900147,69,192,-123
111900148,7,267,-260
111900149,3,110,-107
111900150,6,80,-74
111900151,10,25,-15
111900152,57,34,23
111900153,637,405,232
111900154,12,232,-220
111900155,32,59,-27
111900156,70,49,21
111900157,84,6,78
111900158,372,56,316
111900159,217,7,210
111900160,251,0,251
111900161,158,2,156
111900162,73,116,-43
111900163,23,120,-97
111900164,75,38,37
111901113,343,85,258
111901114,146,132,14
111901115,39,0,39
111901116,21,0,21
111901117,12,13,-1
111901118,23,145,-122
111901119,337,27,310
111901121,86,81,5
111901122,1,240,-239
111901123,180,111,69
111901124,177,1,176
111901125,355,135,220
111901127,261,513,-252
111901128,2,21,-19
111901129,5,52,-47
111901130,2,75,-73
111901131,1,153,-152
111901132,35,8,27
111901133,18,0,18
111901134,34,0,34
111901135,13,3,10
111901136,19,33,-14
111901137,1,14,-13
111901138,173,21,152
111901139,13,15,-2
111901140,4,50,-46
111901141,9,64,-55
111901142,3,79,-76
111901143,1,58,-57
111901144,22,23,-1
111901145,105,180,-75
111901146,249,14,235
111901147,120,108,12
111901148,14,35,-21
112000001,1383,468,915
112000002,539,1254,-715
112000003,1165,820,345
112000004,486,435,51
112000005,2773,2671,102
112000006,1453,908,545
112000007,2639,1636,1003
112000008,1543,2938,-1395
112000009,1946,1635,311
112000010,2027,2566,-539
112000011,958,898,60
112000012,2557,3873,-1316
112000013,2164,2088,76
112000014,1449,1916,-467
112000015,1863,2350,-487
112000016,1971,1025,946
112000017,793,2011,-1218
112000024,1363,568,795
112000026,1587,1963,-376
112000027,568,504,64
112000028,691,895,-204
112000029,395,512,-117
112000030,91,38,53
112000031,846,3544,-2698
112000032,151,22,129
112000033,1002,1457,-455
112000034,128,32,96
112000035,26,244,-218
112000036,363,637,-274
112000037,542,488,54
112000038,790,752,38
112000039,71,40,31
112000040,42,127,-85
112000041,303,299,4
112000042,634,257,377
112000050,901,890,11
112000051,803,968,-165
112000054,864,786,78
112000057,319,199,120
112000058,144,362,-218
112000059,356,443,-87
112000061,1690,1177,513
112000062,1042,731,311
112000063,619,1439,-820
112000064,1948,2964,-1016
112000065,1093,1415,-322
112000066,2671,1150,1521
112000067,545,517,28
112000068,2579,2140,439
112000069,383,1005,-622
112000070,1285,688,597
112000071,598,1404,-806
112000072,1897,579,1318
112000073,790,1296,-506
112000074,981,689,292
112000075,1187,817,370
112000076,2112,1382,730
112000077,560,290,270
112000078,1277,316,961
112000079,967,775,192
112000080,583,456,127
112000081,993,1359,-366
112000082,1050,494,556
112000083,540,635,-95
112000084,1057,516,541
112000085,897,474,423
112000086,1333,681,652
112000087,422,246,176
112000088,681,219,462
112000089,138,188,-50
112000090,169,113,56
112000091,410,517,-107
112000092,1644,760,884
112000093,1234,553,681
112000094,641,575,66
112000095,531,511,20
112000096,453,405,48
112000097,1017,463,554
112000098,653,481,172
112000099,542,1187,-645
112000100,1433,537,896
112000101,322,411,-89
112000102,993,359,634
112000103,268,428,-160
112000105,436,693,-257
112000106,1368,268,1100
112000107,62,94,-32
112000108,286,811,-525
112000109,145,49,96
112000110,1513,508,1005
112000111,525,1691,-1166
112000112,1955,458,1497
112000113,502,879,-377
112000114,1561,645,916
112000115,292,264,28
112000116,419,408,11
112000117,782,473,309
112000118,662,395,267
112000119,309,424,-115
112000120,58,181,-123
112000121,105,179,-74
112000122,216,119,97
112000123,589,131,458
112000124,325,60,265
112000125,217,186,31
112000126,211,181,30
112000127,1320,1591,-271
112000128,504,460,44
112000129,122,51,71
112000130,184,60,124
112000131,46,180,-134
112000132,120,144,-24
112000133,350,99,251
112000134,238,233,5
112000135,772,409,363
112000136,531,634,-103
112000137,959,882,77
112000138,688,727,-39
112000139,483,476,7
112000140,485,758,-273
112000141,665,291,374
112000142,122,262,-140
112000143,994,180,814
112000144,249,517,-268
112000145,2031,381,1650
112000146,424,914,-490
112000147,2041,1275,766
112000148,1109,1153,-44
112000149,313,324,-11
112000150,217,293,-76
112000151,279,162,117
112000152,384,245,139
112000153,148,139,9
112000154,93,134,-41
112000155,102,107,-5
112000157,354,329,25
112000158,209,161,48
112000159,469,181,288
112000167,343,80,263
112000169,190,344,-154
112000173,646,127,519
112000175,301,209,92
112000176,1434,1348,86
112000177,532,147,385
112000178,55,137,-82
112000179,221,69,152
112000180,194,228,-34
112000181,821,951,-130
112000182,976,675,301
112000183,22,15,7
112000184,310,178,132
112000185,440,285,155
112000187,2952,1602,1350
112000195,109,4,105
112000196,166,1,165
112000197,129,110,19
112000198,37,190,-153
112000199,590,481,109
112000202,376,1,375
112000216,47,143,-96
112000230,87,3,84
112000231,0,128,-128
112000256,42,147,-105
112000313,42,65,-23
112000314,42,20,22
112000337,149,375,-226
112000352,135,269,-134
112000392,920,1004,-84
112000398,1208,528,680
112000399,863,1319,-456
112000400,1114,1260,-146
112000401,1591,923,668
112000402,2331,2349,-18
112000403,1012,2182,-1170
112000404,783,581,202
112000405,1491,1995,-504
112000406,1843,1087,756
112000407,5811,5656,155
112000408,4732,2788,1944
112000409,1046,1989,-943
112000410,313,196,117
112000411,1822,1060,762
112000412,943,329,614
112000413,3983,4578,-595
112000414,58,31,27
112000415,83,23,60
112000416,2017,893,1124
112000417,260,50,210
112000421,68,35,33
112000422,201,157,44
112000424,921,1727,-806
112000425,294,407,-113
112000426,107,196,-89
112000427,0,13,-13
112000428,153,226,-73
112000429,1394,1251,143
112000430,1487,1702,-215
112000431,86,68,18
112000432,411,550,-139
112000433,224,517,-293
112000437,46,78,-32
112900001,52,0,52
112900002,442,463,-21
112900003,80,264,-184
112900004,36,138,-102
112900005,154,124,30
112900006,5,184,-179
112900007,46,117,-71
112900008,0,48,-48
112900009,318,110,208
112900010,345,463,-118
112900011,67,128,-61
112900012,0,39,-39
112900013,4,75,-71
112900014,0,110,-110
112900015,276,378,-102
112900016,6,151,-145
112900017,16,85,-69
112900018,1,101,-100
112900019,14,72,-58
112900020,223,608,-385
112900021,1,137,-136
112900022,10,32,-22
112900023,0,67,-67
112900024,18,121,-103
112900025,49,153,-104
112900026,4,113,-109
112900027,2,573,-571
112900028,23,60,-37
112900029,10,306,-296
112900030,45,74,-29
112900031,6,227,-221
112900032,90,153,-63
112900034,0,17,-17
112900035,5,177,-172
112900036,10,79,-69
112900037,61,146,-85
112900038,454,75,379
112900039,10,219,-209
112900040,11,226,-215
112900041,365,645,-280
112900042,60,154,-94
112900043,21,17,4
112900044,310,274,36
112900045,157,196,-39
112900046,89,42,47
112900047,5,13,-8
112900049,211,38,173
112900050,32,272,-240
112900051,111,304,-193
112900052,0,375,-375
112900053,120,75,45
112900054,130,29,101
112900055,92,28,64
112900056,228,138,90
112900057,30,256,-226
112900058,210,269,-59
112900059,76,75,1
112900060,24,81,-57
112900061,74,73,1
112900062,63,71,-8
112900063,77,20,57
112900064,80,161,-81
112900065,14,19,-5
112900066,127,167,-40
112900067,190,78,112
112900068,34,50,-16
112900069,946,654,292
112900071,42,6,36
112900072,52,1499,-1447
112900073,262,88,174
112900074,71,208,-137
112900075,610,648,-38
112900076,63,36,27
112900078,234,270,-36
112900079,209,17,192
112900080,54,1,53
112900081,34,150,-116
112900082,447,20,427
112900083,68,83,-15
112900084,233,108,125
112900086,88,1,87
112900087,570,116,454
112900088,116,18,98
112900089,750,55,695
112900090,51,6,45
112900091,201,5,196
112900092,53,244,-191
112900093,756,11,745
112900095,49,0,49
112900096,330,116,214
112900097,47,168,-121
112900098,41,3,38
112900099,661,26,635
112900100,49,1,48
112900101,243,1,242
112900102,90,13,77
112900103,165,8,157
112900104,138,2,136
112900105,22,0,22
112900106,259,96,163
112900107,3,0,3
112900108,8,0,8
112900109,88,0,88
112900110,1089,6,1083
112900111,590,3,587
112900112,247,0,247
112900113,0,7,-7
112900114,147,9,138
112900115,1272,1,1271
112900116,115,31,84
112900117,56,33,23
112900118,12,56,-44
112900119,108,0,108
112900120,509,193,316
112900121,39,101,-62
112900122,14,60,-46
112900123,62,10,52
112900124,9,37,-28
112900125,29,234,-205
112900126,94,108,-14
112900127,273,64,209
112900128,121,402,-281
112900129,2,397,-395
112900130,179,62,117
112900131,25,137,-112
112900132,64,176,-112
112900133,26,526,-500
112900134,1,110,-109
112900135,41,16,25
112900137,1,276,-275
112900138,2,120,-118
112900139,141,697,-556
112900141,516,15,501
112900142,44,130,-86
112900143,17,259,-242
112900144,0,116,-116
112900145,20,270,-250
112900146,3,442,-439
112900147,1,816,-815
112900148,33,1,32
112900149,173,269,-96
112900151,27,52,-25
112900152,2061,481,1580
112900153,1089,1664,-575
112900154,0,94,-94
112900155,122,8,114
112900156,284,592,-308
112900157,375,59,316
112900158,58,5,53
112900159,157,103,54
112900160,48,154,-106
112900161,87,35,52
112900162,17,10,7
112900163,39,39,0
112900164,17,114,-97
112900165,57,10,47
112900166,11,55,-44
112900167,6,33,-27
112900168,3,4,-1
112900169,8,11,-3
112900170,63,50,13
112900172,41,15,26
112900173,136,64,72
112900174,168,58,110
112900175,86,91,-5
112900176,6,23,-17
112900177,181,40,141
112900178,496,1634,-1138
112900179,23,251,-228
112900180,1289,926,363
112900181,440,4,436
112900182,43,430,-387
112900183,86,162,-76
112900184,283,277,6
112900185,132,399,-267
112900186,630,666,-36
112900187,72,364,-292
112900188,407,684,-277
112900189,12,6,6
112900190,4,7,-3
112900192,469,546,-77
112900193,919,274,645
112900194,57,38,19
112900195,657,35,622
112900196,167,219,-52
112900197,179,241,-62
112900199,513,269,244
112900200,417,151,266
112900201,109,53,56
112900202,326,385,-59
112900203,189,135,54
112900204,561,349,212
112900205,4,18,-14
112900206,19,114,-95
112900207,11,1,10
112900208,66,209,-143
112900209,281,244,37
112900210,1,17,-16
112900211,57,7,50
112900212,1,91,-90
112900213,49,11,38
112900214,14,5,9
112900215,10,98,-88
112900216,9,41,-32
112900217,0,47,-47
112900218,28,7,21
112900219,89,13,76
112900220,1,0,1
112900221,40,53,-13
112900222,0,19,-19
112900223,769,11,758
112900224,263,234,29
112900225,303,206,97
112900226,137,157,-20
112900227,551,548,3
112900228,47,26,21
112900229,159,29,130
112900230,3618,2224,1394
112900232,186,187,-1
112900233,24,85,-61
112900234,14,58,-44
112900235,79,22,57
112900236,204,6,198
112900237,193,107,86
112900238,2,12,-10
112900239,367,365,2
112900240,7,29,-22
112900241,4,34,-30
112900242,11,35,-24
112900243,2,50,-48
112900244,1,27,-26
112900245,4,24,-20
112900246,0,1,-1
112900247,34,23,11
112900248,2,1,1
112900249,37,4,33
112900250,31,2,29
112900251,35,9,26
112900252,40,18,22
112900253,26,8,18
112900254,10,6,4
112900255,6,14,-8
112900256,2,21,-19
112900257,11,20,-9
113000001,3760,2637,1123
113000002,2459,2117,342
113000003,1160,934,226
113000004,1030,1372,-342
113000005,1269,579,690
113000006,733,807,-74
113000007,1406,677,729
113000008,1131,1112,19
113000009,840,430,410
113000010,847,759,88
113000011,561,948,-387
113000012,1457,426,1031
113000013,851,541,310
113000014,902,1051,-149
113000015,219,118,101
113000016,362,757,-395
113000017,15,182,-167
113000018,248,25,223
113000019,54,256,-202
113000020,264,67,197
113000021,758,370,388
113000022,551,793,-242
113000025,105,270,-165
113000026,243,337,-94
113000027,340,523,-183
113000028,429,370,59
113000029,643,451,192
113000030,197,330,-133
113000031,167,178,-11
113000032,194,210,-16
113000033,207,360,-153
113000034,253,274,-21
113000035,25,21,4
113000036,23,39,-16
113000037,37,14,23
113000038,18,45,-27
113000039,39,178,-139
113000040,45,42,3
113000042,437,381,56
113000051,635,1450,-815
113000052,1317,440,877
113000053,295,191,104
113000054,296,492,-196
113000055,969,356,613
113000056,846,594,252
113000058,506,533,-27
113000059,857,349,508
113000060,206,329,-123
113000061,367,489,-122
113000062,425,202,223
113000063,183,44,139
113000064,54,129,-75
113000065,122,430,-308
113000066,674,60,614
113000067,1806,685,1121
113000068,311,628,-317
113000069,432,569,-137
113000070,2036,670,1366
113000071,338,339,-1
113000072,771,333,438
113000073,271,866,-595
113000074,765,255,510
113000075,1341,543,798
113000076,426,1616,-1190
113000077,776,491,285
113000078,482,1527,-1045
113000079,365,541,-176
113000080,496,540,-44
113000081,491,577,-86
113000082,659,475,184
113000083,435,677,-242
113000084,1080,765,315
113000085,656,526,130
113000086,633,813,-180
113000087,663,726,-63
113000088,1379,756,623
113000089,631,1093,-462
113000090,138,401,-263
113000091,255,276,-21
113000094,823,123,700
113000095,164,422,-258
113000096,95,367,-272
113000097,768,278,490
113000098,84,19,65
113000099,643,315,328
113000100,100,240,-140
113000101,262,349,-87
113000102,414,371,43
113000103,1261,264,997
113000104,386,1569,-1183
113000105,637,274,363
113000106,175,188,-13
113000107,718,463,255
113000108,629,633,-4
113000109,429,985,-556
113000110,1282,239,1043
113000111,94,428,-334
113000112,268,189,79
113000113,903,218,685
113000114,185,967,-782
113000116,434,176,258
113000117,525,56,469
113000118,86,279,-193
113000119,241,182,59
113000120,53,155,-102
113000121,323,516,-193
113000124,156,74,82
113000125,30,653,-623
113000127,1283,179,1104
113000128,546,361,185
113000129,339,474,-135
113000133,1037,867,170
113000134,2,687,-685
113000135,2717,3072,-355
113000137,1078,2562,-1484
113000139,236,167,69
113000140,58,155,-97
113000141,127,149,-22
113000142,225,601,-376
113000143,154,171,-17
113000144,216,488,-272
113000145,45,89,-44
113000146,114,48,66
113000147,126,57,69
113000148,128,74,54
113000149,81,64,17
113000150,386,207,179
113000151,35,42,-7
113000152,29,65,-36
113000153,839,395,444
113000154,578,1087,-509
113000155,211,443,-232
113000156,108,292,-184
113000157,223,555,-332
113000158,495,201,294
113000159,704,457,247
113000160,519,634,-115
113000161,252,296,-44
113000162,702,191,511
113000163,68,45,23
113000164,19,39,-20
113000166,140,86,54
113000167,15,54,-39
113000168,62,56,6
113000169,155,52,103
113000170,71,70,1
113000171,43,50,-7
113000172,191,42,149
113000173,53,25,28
113000174,93,282,-189
113000175,288,84,204
113000176,384,117,267
113000177,142,277,-135
113000178,159,177,-18
113000179,193,163,30
113000180,377,721,-344
113000181,850,562,288
113000182,75,208,-133
113000183,94,376,-282
113000184,3,66,-63
113000189,200,516,-316
113000190,406,277,129
113000192,648,2225,-1577
113000193,1662,1822,-160
113000194,680,808,-128
113000195,1032,937,95
113000196,118,59,59
113000197,771,882,-111
113000198,58,140,-82
113000199,793,197,596
113000201,192,268,-76
113000202,2891,607,2284
113000203,136,129,7
113000204,597,1837,-1240
113000205,7,10,-3
113000206,5,23,-18
113000207,53,4,49
113000208,24,37,-13
113000209,8,19,-11
113000210,2,11,-9
113000211,106,163,-57
113000212,59,19,40
113000213,17,106,-89
113000214,125,165,-40
113000234,137,448,-311
113000410,86,154,-68
113000411,1543,2520,-977
113000412,3311,1617,1694
113000413,1233,2047,-814
113000414,3033,8515,-5482
113000415,1419,1613,-194
113000416,4488,2513,1975
113000417,1570,1738,-168
113000418,3069,2322,747
113000419,1129,1263,-134
113000420,2615,4075,-1460
113000421,2791,4852,-2061
113000422,6388,7184,-796
113000423,1173,3771,-2598
113000424,1731,7381,-5650
113000425,5,61,-56
113000428,15,43,-28
113000430,2,61,-59
113000432,1530,98,1432
113000433,58,436,-378
113000434,21,99,-78
113000435,30,254,-224
113000436,31,492,-461
113000437,812,13,799
113000438,217,7,210
113000439,8,61,-53
113000440,97,29,68
113000441,185,85,100
113000442,88,86,2
113000443,185,97,88
113000444,140,61,79
113000445,103,52,51
113000446,36,66,-30
113000448,166,114,52
113000449,100,553,-453
113000450,310,1168,-858
113000451,875,143,732
113000452,157,297,-140
113000453,52,265,-213
113000454,299,92,207
113000455,21,282,-261
113000456,1962,1495,467
113000468,850,108,742
113000469,28,49,-21
113000470,244,7,237
113000471,6,226,-220
113000472,57,177,-120
113000474,545,341,204
113000475,933,953,-20
113000476,1133,1279,-146
113000477,2393,1270,1123
113000478,2360,2672,-312
113000479,41,95,-54
113000483,0,0,0
113000484,0,0,0
113000485,0,0,0
113000486,0,0,0
113000487,0,0,0
113000488,0,0,0
113000489,0,5,-5
113000490,0,1,-1
113000491,4,0,4
113000492,0,0,0
113000493,0,0,0
113000495,113,67,46
113000496,119,80,39
113000499,0,0,0
113900001,0,104,-104
113900002,0,15,-15
113900003,0,35,-35
113900004,0,103,-103
113900005,2,60,-58
113900006,1,15,-14
113900007,45,20,25
113900008,11,0,11
113900009,36,0,36
113900010,42,0,42
113900011,35,0,35
113900012,29,1,28
113900013,82,1,81
113900014,319,0,319
113900015,0,54,-54
113900016,23,0,23
113900017,6,20,-14
113900018,227,173,54
113900019,102,30,72
113900020,97,0,97
113900022,20,1,19
113900023,21,0,21
113900024,31,10,21
113900025,156,9,147
113900026,45,0,45
113900027,2,25,-23
113900028,20,231,-211
113900029,51,117,-66
113900030,230,1,229
113900031,16,0,16
113900032,19,0,19
113900033,64,41,23
113900035,41,0,41
113900036,11,33,-22
113900037,144,253,-109
113900038,55,99,-44
113900039,141,10,131
113900040,15,11,4
113900041,5,9,-4
113900042,56,21,35
113900043,94,60,34
113900044,179,197,-18
113900045,64,2,62
113900046,192,394,-202
113900047,25,62,-37
113900048,94,73,21
113900049,303,220,83
113900050,115,159,-44
113900051,154,216,-62
113900052,64,99,-35
113900053,345,269,76
113900054,21,1,20
113900055,81,240,-159
113900056,30,110,-80
113900057,12,68,-56
113900058,39,57,-18
113900059,199,136,63
113900060,137,162,-25
113900061,421,93,328
113900062,74,5,69
113900063,46,57,-11
113900064,19,70,-51
113900065,345,16,329
113900066,326,123,203
113900067,60,61,-1
113900068,327,323,4
113900069,49,21,28
113900070,105,274,-169
113900071,30,45,-15
113900072,60,92,-32
113900073,250,183,67
113900074,44,97,-53
113900075,836,868,-32
113900076,81,12,69
113900077,32,105,-73
113900078,16,32,-16
113900079,0,15,-15
113900080,326,121,205
113900081,59,87,-28
113900082,78,131,-53
113900083,201,105,96
113900084,156,78,78
113900085,41,156,-115
113900086,25,12,13
113900087,79,64,15
113900088,48,68,-20
113900089,227,44,183
113900090,427,206,221
113900091,13,7,6
113900092,7,37,-30
113900093,46,641,-595
113900094,185,124,61
113900095,95,92,3
113900096,165,42,123
113900097,21,57,-36
113900098,502,68,434
113900099,0,17,-17
113900100,0,1,-1
113900101,5,46,-41
113900102,51,93,-42
113900103,122,137,-15
113900104,75,159,-84
113900105,89,113,-24
113900106,0,20,-20
113900107,0,9,-9
113900108,143,157,-14
113900109,213,156,57
113900110,24,17,7
113900111,102,61,41
113900112,81,29,52
113900113,555,305,250
113900114,2,31,-29
113900115,0,45,-45
113900116,49,78,-29
113900117,33,14,19
113900118,103,163,-60
113900119,101,306,-205
113900120,30,36,-6
113900121,65,52,13
113900122,258,1494,-1236
113900123,348,124,224
113900124,0,38,-38
113900125,487,99,388
113900126,105,19,86
113900127,193,420,-227
113900128,112,49,63
113900129,4,99,-95
113900130,0,44,-44
113900131,198,38,160
113900132,73,43,30
113900133,13,49,-36
113900135,184,190,-6
113900136,69,47,22
113900137,246,199,47
113900138,34,111,-77
113900139,132,111,21
113900140,97,229,-132
113900141,340,138,202
113900142,89,56,33
113900143,10,42,-32
113900144,116,154,-38
113900145,275,84,191
113900146,107,33,74
113900148,63,226,-163
113900149,115,62,53
113900150,278,348,-70
113900151,277,103,174
113900152,24,32,-8
113900153,154,355,-201
113900154,4,63,-59
113900155,133,140,-7
113900156,159,230,-71
113900157,22,220,-198
113900158,159,212,-53
113900159,21,172,-151
113900160,286,274,12
113900161,32,180,-148
113900162,173,417,-244
113900163,116,137,-21
113900164,244,32,212
113900165,370,234,136
113900166,71,104,-33
113900167,221,26,195
113900168,64,47,17
113900169,156,202,-46
113900171,136,41,95
113900172,10,73,-63
113900173,24,261,-237
113900174,368,328,40
113900175,272,109,163
113900176,144,279,-135
113900177,219,77,142
113900178,172,105,67
113900179,16,215,-199
113900180,78,57,21
113900181,448,94,354
113900182,476,537,-61
113900183,19,47,-28
113900184,5,246,-241
113900185,93,60,33
113900186,38,16,22
113900187,27,86,-59
113900188,43,70,-27
113900189,164,98,66
113900190,149,77,72
113900191,70,76,-6
113900192,3,325,-322
113900193,18,114,-96
113900194,858,509,349
113900195,195,212,-17
113900196,3,60,-57
113900197,2,76,-74
113900198,23,205,-182
113900199,88,411,-323
113900200,14,110,-96
113900201,0,91,-91
113900202,15,162,-147
113900203,0,42,-42
113900204,19,266,-247
113900205,7,86,-79
113900206,4,94,-90
113900207,0,34,-34
113900208,0,28,-28
113900209,1,44,-43
113900210,344,458,-114
113900211,115,39,76
113900212,156,256,-100
113900214,245,279,-34
113900215,126,67,59
113900216,103,332,-229
113900217,48,114,-66
113900218,108,53,55
113900219,59,219,-160
113900220,103,79,24
113900221,181,94,87
113900222,161,347,-186
113900223,109,391,-282
113900224,41,31,10
113900225,172,153,19
113900226,240,57,183
113900227,210,105,105
113900228,167,335,-168
113900229,53,447,-394
113900230,1840,1935,-95
113900231,89,90,-1
113900232,67,55,12
113900233,57,49,8
113900234,215,287,-72
113900235,94,23,71
113900236,186,161,25
113900237,106,5,101
113900238,117,359,-242
113900239,33,61,-28
113900240,1,118,-117
113900241,69,27,42
113900242,27,105,-78
113900243,48,206,-158
113900244,179,119,60
113900245,689,164,525
113900246,6,27,-21
113900247,96,306,-210
113900248,1282,1215,67
113900249,433,333,100
113900250,44,129,-85
113900251,494,80,414
113900252,373,12,361
113900253,441,59,382
113900254,516,102,414
113900255,389,17,372
113900256,295,24,271
113900257,21,227,-206
113900258,13,212,-199
113900259,386,88,298
113900260,133,7,126
113900261,19,47,-28
113900262,108,257,-149
113900263,95,324,-229
113900264,3,233,-230
113900265,65,164,-99
113900266,28,124,-96
113900267,77,279,-202
113900268,184,240,-56
113900269,69,78,-9
113900270,148,404,-256
113900271,413,515,-102
113900273,22,13,9
113900274,28,34,-6
113900275,28,49,-21
113900276,1,64,-63
113900277,109,3,106
113900278,187,94,93
113900279,31,35,-4
113900280,951,260,691
113900281,434,881,-447
113900282,352,386,-34
113900283,260,294,-34
113900284,588,100,488
113900285,90,39,51
113900286,24,49,-25
113900287,50,34,16
113900288,0,55,-55
113900289,376,60,316
113900290,106,129,-23
113900291,82,100,-18
113900292,2,5,-3
113900293,0,112,-112
113900294,384,17,367
113900295,213,283,-70
113900296,1140,322,818
113900297,1256,27,1229
113900298,21,1051,-1030
113900299,98,74,24
113900300,2369,2115,254
113900301,445,196,249
113900302,1221,663,558
113900303,261,322,-61
113900304,0,79,-79
113900305,97,1,96
113900306,51,1,50
113900307,9,0,9
113900308,53,88,-35
113900309,0,368,-368
113900310,2,3,-1
113900311,6,0,6
113900312,124,180,-56
113900313,4,3,1
114000001,601,1236,-635
114000002,208,157,51
114000003,25,143,-118
114000004,286,209,77
114000005,144,134,10
114000006,1370,1246,124
114000007,383,635,-252
114000008,693,1422,-729
114000009,520,161,359
114000011,2111,1345,766
114000012,2171,951,1220
114000013,1291,874,417
114000014,217,110,107
114000015,1141,157,984
114000016,153,175,-22
114000017,55,172,-117
114000018,106,17,89
114000026,1565,668,897
114000027,2370,1281,1089
114000028,1741,1802,-61
114000038,169,80,89
114000039,70,7,63
114000040,105,108,-3
114000042,135,102,33
114000043,50,43,7
114000044,175,15,160
114000045,27,37,-10
114000046,1658,2758,-1100
114000047,5,69,-64
114000048,32,19,13
114000049,888,1048,-160
114000050,1030,1281,-251
114000051,1984,1213,771
114000052,2384,1212,1172
114000053,47,568,-521
114000054,102,459,-357
114000055,98,11,87
114000056,378,784,-406
114000057,2735,1182,1553
114000058,241,885,-644
114000059,125,192,-67
114000060,318,483,-165
114000061,1802,1886,-84
114000062,916,1212,-296
114000063,1316,838,478
114000064,2576,2359,217
114000065,958,1320,-362
114000066,263,421,-158
114000067,12,417,-405
114000068,296,410,-114
114000069,569,303,266
114000070,1382,1132,250
114000071,511,245,266
114000072,290,104,186
114000073,7,27,-20
114000074,45,8,37
114000075,31,32,-1
114000076,17,40,-23
114000077,1,9,-8
114000078,170,236,-66
114000079,101,8,93
114000080,49,49,0
114000081,73,49,24
114000082,20,198,-178
114000083,75,93,-18
114000084,203,38,165
114000085,46,233,-187
114000086,149,166,-17
114000087,89,73,16
114000088,32,7,25
114000089,273,164,109
114000090,552,654,-102
114000091,620,592,28
114000092,533,310,223
114000093,843,459,384
114000094,263,235,28
114000095,135,99,36
114000096,67,191,-124
114000097,124,288,-164
114000098,499,86,413
114000099,482,201,281
114000100,1168,301,867
114000101,337,291,46
114000102,486,250,236
114000103,102,196,-94
114000104,11,96,-85
114000105,63,38,25
114000106,373,722,-349
114000107,308,66,242
114000108,619,513,106
114000109,437,779,-342
114000110,427,657,-230
114000111,1388,523,865
114000112,409,1028,-619
114000113,868,368,500
114000114,848,695,153
114000115,1467,755,712
114000116,550,1313,-763
114000117,2220,301,1919
114000118,1970,285,1685
114000119,1346,293,1053
114000120,422,419,3
114000121,274,435,-161
114000122,243,196,47
114000123,1519,170,1349
114000124,578,171,407
114000125,586,653,-67
114000126,1202,171,1031
114000127,128,74,54
114000128,633,186,447
114000130,352,321,31
114000131,200,69,131
114000132,418,238,180
114000133,440,652,-212
114000134,68,41,27
114000138,35,98,-63
114000139,309,198,111
114000144,598,348,250
114000145,58,90,-32
114000146,70,107,-37
114000147,932,1402,-470
114000148,1092,1139,-47
114000149,269,222,47
114000150,254,405,-151
114000151,436,1099,-663
114000152,55,31,24
114000153,347,1299,-952
114000154,262,343,-81
114000155,809,1498,-689
114000156,474,459,15
114000157,191,745,-554
114000158,658,375,283
114000159,87,257,-170
114000160,56,207,-151
114000161,842,2098,-1256
114000162,789,1768,-979
114000163,4,35,-31
114000165,292,210,82
114000166,283,279,4
114000167,1606,916,690
114000168,439,369,70
114000169,1000,969,31
114000170,820,725,95
114000171,848,3098,-2250
114000174,112,259,-147
114000176,217,260,-43
114000177,963,450,513
114000178,24,31,-7
114000179,879,494,385
114000180,261,410,-149
114000181,953,2466,-1513
114000182,1293,1431,-138
114000183,486,509,-23
114000184,1300,521,779
114000185,762,436,326
114000189,918,77,841
114000190,2443,304,2139
114000191,39,88,-49
114000192,90,626,-536
114000193,408,1275,-867
114000194,954,492,462
114000195,124,32,92
114000196,0,107,-107
114000197,1075,26,1049
114000198,460,254,206
114000199,1150,1105,45
114000200,333,751,-418
114000201,85,389,-304
114000202,539,233,306
114000203,380,308,72
114000204,108,199,-91
114000205,99,647,-548
114000206,391,776,-385
114000207,369,745,-376
114000208,336,1009,-673
114000209,343,945,-602
114000210,121,541,-420
114000211,819,781,38
114000212,464,431,33
114000213,1028,392,636
114000214,32,96,-64
114000215,134,46,88
114000216,1020,202,818
114000217,303,118,185
114000218,89,114,-25
114000219,979,85,894
114000220,27,441,-414
114000221,558,100,458
114000222,94,496,-402
114000223,406,91,315
114000224,54,280,-226
114000225,241,340,-99
114000226,133,146,-13
114000227,544,301,243
114000228,642,358,284
114000229,1010,658,352
114000230,1090,592,498
114000231,656,750,-94
114000232,551,135,416
114000233,1482,105,1377
114000234,784,489,295
114000235,732,840,-108
114000236,0,222,-222
114000237,89,455,-366
114000238,48,144,-96
114000239,112,514,-402
114000240,529,460,69
114000241,180,465,-285
114000242,429,431,-2
114000243,1100,530,570
114000244,392,181,211
114000245,284,592,-308
114000246,52,42,10
114000247,340,300,40
114000248,839,337,502
114000249,349,268,81
114000250,409,395,14
114000251,302,137,165
114000252,40,28,12
114000253,35,49,-14
114000254,41,28,13
114000255,344,150,194
114000256,616,1544,-928
114000257,156,606,-450
114000258,182,182,0
114000259,59,155,-96
114000260,0,15,-15
114000261,25,17,8
114000262,125,65,60
114000263,2,0,2
114000264,784,237,547
114000265,0,1,-1
114000267,2,792,-790
114000268,2,726,-724
114000270,209,13,196
114000271,186,22,164
114000283,868,252,616
114000285,21,102,-81
114000288,88,196,-108
114000289,910,76,834
114000293,134,268,-134
114000294,111,163,-52
114000395,828,23,805
114000396,520,364,156
114000402,353,160,193
114000403,235,167,68
114000405,121,215,-94
114000423,213,157,56
114000424,277,44,233
114000425,611,109,502
114000426,224,566,-342
114000427,37,41,-4
114000428,119,118,1
114000429,4,95,-91
114000432,91,39,52
114000434,28,60,-32
114000435,1,35,-34
114900001,421,392,29
114900002,308,60,248
114900003,585,540,45
114900004,178,266,-88
114900005,419,358,61
114900006,46,37,9
114900007,198,15,183
114900008,113,69,44
114900010,897,1108,-211
114900011,171,64,107
114900013,139,111,28
114900015,74,296,-222
114900018,586,32,554
114900020,122,59,63
114900022,19,330,-311
114900024,230,124,106
114900025,328,121,207
114900026,51,79,-28
114900027,152,106,46
114900029,24,9,15
114900030,255,102,153
114900031,308,20,288
114900032,308,10,298
114900033,409,583,-174
114900034,57,92,-35
114900035,72,180,-108
114900036,115,292,-177
114900037,91,98,-7
114900038,129,262,-133
114900039,321,218,103
114900040,44,46,-2
114900041,582,240,342
114900042,663,287,376
114900043,278,95,183
114900044,118,32,86
114900046,13,47,-34
114900047,152,1430,-1278
114900048,78,141,-63
114900049,7,87,-80
114900050,47,147,-100
114900051,11,217,-206
114900052,17,126,-109
114900053,50,191,-141
114900054,22,71,-49
114900057,124,9,115
114900058,0,33,-33
114900059,78,41,37
114900060,587,577,10
114900061,88,71,17
114900062,114,180,-66
114900063,56,60,-4
114900064,1169,221,948
114900065,256,461,-205
114900067,27,212,-185
114900068,36,81,-45
114900069,125,58,67
114900070,394,152,242
114900072,2,155,-153
114900073,0,51,-51
114900074,481,267,214
114900075,206,3,203
114900076,3,135,-132
114900080,877,207,670
114900082,1878,1510,368
114900083,643,659,-16
114900090,225,109,116
114900091,72,102,-30
114900095,133,101,32
114900096,196,305,-109
114900097,136,1,135
114900098,2,87,-85
114900099,121,3,118
115000001,2887,1968,919
115000002,3225,3275,-50
115000003,2719,1523,1196
115000004,3425,3991,-566
115000005,1119,1243,-124
115000006,887,959,-72
115000007,209,125,84
115000008,273,357,-84
115000009,176,159,17
115000010,206,148,58
115000013,46,162,-116
115000015,71,243,-172
115000016,28,132,-104
115000019,28,312,-284
115000020,84,496,-412
115000021,161,310,-149
115000022,417,233,184
115000023,251,457,-206
115000024,608,242,366
115000025,546,419,127
115000026,153,234,-81
115000027,221,173,48
115000028,166,536,-370
115000029,471,53,418
115000030,598,728,-130
115000031,999,180,819
115000032,12,214,-202
115000033,144,36,108
115000034,33,776,-743
115000035,753,66,687
115000036,0,235,-235
115000037,414,11,403
115000038,47,130,-83
115000039,2356,2269,87
115000040,2986,1759,1227
115000041,966,2567,-1601
115000042,333,348,-15
115000043,2844,1459,1385
115000044,2233,2059,174
115000045,1617,799,818
115000046,1927,1387,540
115000047,1863,919,944
115000048,1178,1180,-2
115000049,1096,1563,-467
115000050,2360,989,1371
115000051,1108,2314,-1206
115000052,1230,969,261
115000053,1343,1192,151
115000054,442,708,-266
115000055,147,845,-698
115000056,224,409,-185
115000057,338,956,-618
115000058,183,304,-121
115000059,198,124,74
115000061,110,128,-18
115000062,139,137,2
115000063,315,141,174
115000064,176,56,120
115000065,69,285,-216
115000067,142,16,126
115000069,44,168,-124
115000070,26,590,-564
115000071,85,14,71
115000072,11,35,-24
115000073,978,44,934
115000075,85,45,40
115000076,1838,1366,472
115000077,1258,1035,223
115000078,896,634,262
115000079,993,907,86
115000080,1753,1138,615
115000081,319,467,-148
115000082,2963,2433,530
115000083,1400,1017,383
115000084,1939,640,1299
115000085,523,483,40
115000086,918,419,499
115000087,258,850,-592
115000088,1311,375,936
115000089,941,845,96
115000090,419,561,-142
115000091,187,537,-350
115000092,465,220,245
115000093,379,5,374
115000094,3483,3998,-515
115000095,2630,4047,-1417
115000096,563,644,-81
115000097,752,475,277
115000098,843,414,429
115000099,1907,1348,559
115000100,979,222,757
115000101,271,730,-459
115000102,431,169,262
115000103,175,368,-193
115000105,43,71,-28
115000106,513,182,331
115000107,93,215,-122
115000108,1805,1366,439
115000109,2428,3218,-790
115000110,969,950,19
115000111,412,864,-452
115000112,468,427,41
115000113,345,444,-99
115000114,986,363,623
115000116,2318,1444,874
115000117,2092,1751,341
115000118,1274,1145,129
115000119,1147,1426,-279
115000120,404,948,-544
115000121,645,542,103
115000122,1269,1032,237
115000123,737,1463,-726
115000124,562,736,-174
115000125,269,428,-159
115000126,103,174,-71
115000127,247,67,180
115000128,277,519,-242
115000129,191,237,-46
115000130,303,392,-89
115000131,643,168,475
115000132,219,167,52
115000133,431,177,254
115000134,141,116,25
115000135,109,74,35
115000136,205,243,-38
115000137,90,76,14
115000138,267,184,83
115000139,217,117,100
115000140,356,150,206
115000141,165,152,13
115000142,134,162,-28
115000143,721,414,307
115000144,354,51,303
115000145,191,178,13
115000146,279,196,83
115000147,178,272,-94
115000148,132,453,-321
115000149,499,156,343
115000150,397,305,92
115000151,937,262,675
115000152,478,448,30
115000153,801,284,517
115000154,686,177,509
115000155,420,441,-21
115000156,686,441,245
115000157,355,489,-134
115000158,285,320,-35
115000159,406,452,-46
115000160,279,254,25
115000161,87,285,-198
115000162,496,541,-45
115000163,314,449,-135
115000164,467,426,41
115000165,215,347,-132
115000167,104,46,58
115000168,297,263,34
115000169,278,216,62
115000170,80,112,-32
115000171,201,181,20
115000172,656,449,207
115000173,224,345,-121
115000174,62,256,-194
115000175,108,44,64
115000176,51,60,-9
115000177,36,45,-9
115000178,6,129,-123
115000179,25,20,5
115000180,71,300,-229
115000181,533,112,421
115000182,751,150,601
115000183,286,447,-161
115000186,619,183,436
115000187,165,407,-242
115000188,284,313,-29
115000189,142,301,-159
115000190,503,278,225
115000191,104,427,-323
115000194,97,124,-27
115000195,208,201,7
115000196,136,65,71
115000197,138,108,30
115000198,254,88,166
115000199,283,89,194
115000200,270,69,201
115000201,102,167,-65
115000206,279,43,236
115000207,151,215,-64
115000208,199,303,-104
115000209,375,188,187
115000210,77,80,-3
115000211,116,159,-43
115000212,852,249,603
115000224,314,48,266
115000225,37,55,-18
115000229,122,87,35
115000230,64,187,-123
115000231,178,809,-631
115000232,1335,188,1147
115000233,84,89,-5
115000234,32,196,-164
115000241,45,85,-40
115000242,95,97,-2
115000243,44,92,-48
115000244,1,36,-35
115000246,44,7,37
115000247,15,5,10
115000248,17,9,8
115000249,20,10,10
115000250,258,23,235
115000251,162,50,112
115000252,66,103,-37
115000253,9,248,-239
115000258,228,95,133
115000259,167,63,104
115000261,14,20,-6
115000262,4,16,-12
115000263,36,26,10
115000264,30,25,5
115000267,68,41,27
115000268,31,86,-55
115000269,101,47,54
115000270,6,9,-3
115000272,53,91,-38
115000273,269,20,249
115000280,1109,329,780
115000281,280,850,-570
115000282,459,615,-156
115000284,214,111,103
115000296,915,8,907
115000297,86,188,-102
115000298,34,393,-359
115000300,172,128,44
115000302,436,75,361
115000303,579,71,508
115000304,568,40,528
115000305,72,228,-156
115000306,114,128,-14
115000307,81,149,-68
115000308,16,13,3
115000309,9,25,-16
115000310,817,428,389
115000311,815,693,122
115000313,62,301,-239
115000314,308,109,199
115000315,556,420,136
115000316,38,73,-35
115000317,119,256,-137
115000318,527,190,337
115000319,59,164,-105
115000320,23,223,-200
115000321,183,9,174
115000322,43,107,-64
115000449,135,157,-22
115000557,3,928,-925
115000558,215,65,150
115000587,416,159,257
115000588,1313,1386,-73
115000589,2657,1516,1141
115000590,700,802,-102
115000591,884,415,469
115000592,386,1162,-776
115000593,956,343,613
115000594,451,1870,-1419
115000609,159,167,-8
115000617,654,1924,-1270
115000624,210,46,164
115000633,284,1166,-882
115000634,1940,516,1424
115000635,369,96,273
115000638,421,414,7
115000641,39,105,-66
115000642,259,192,67
115000643,105,276,-171
115000644,85,207,-122
115000646,505,1062,-557
115000647,139,318,-179
115000648,1505,870,635
115000893,1698,1095,603
115000894,71,671,-600
115000895,323,610,-287
115000896,842,330,512
115000897,353,121,232
115000898,373,165,208
115000899,255,782,-527
115000900,39,262,-223
115000901,42,89,-47
115000912,290,69,221
115000913,0,20,-20
115000915,8,0,8
115000916,3,0,3
115000917,0,2,-2
115000918,19,310,-291
115000919,3,10,-7
115000920,15,70,-55
115000921,305,41,264
115000922,633,588,45
115000923,250,839,-589
115000925,92,62,30
115000927,29,46,-17
115000933,148,216,-68
115000934,93,118,-25
115000935,111,55,56
115000936,13,467,-454
115000937,505,117,388
115000938,90,151,-61
115000939,72,107,-35
115000940,11,15,-4
115000941,0,15,-15
115000942,6,78,-72
115000943,12,23,-11
115000944,6,5,1
115900001,90,24,66
115900002,66,65,1
115900003,179,42,137
115900004,1,28,-27
115900005,143,15,128
115900006,78,93,-15
115900008,63,4,59
115900009,70,69,1
115900010,239,90,149
115900011,279,126,153
115900012,151,37,114
115900013,213,90,123
115900014,87,73,14
115900015,89,40,49
115900016,40,18,22
115900017,15,2,13
115900018,119,38,81
115900019,82,10,72
115900020,66,0,66
115900021,596,165,431
115900022,518,2,516
115900023,23,7,16
115900025,13,169,-156
115900026,522,120,402
115900027,0,125,-125
115900028,329,41,288
115900029,19,181,-162
115900030,21,19,2
115900031,199,179,20
115900032,251,352,-101
115900033,0,33,-33
115900034,4,134,-130
115900035,33,14,19
115900036,26,504,-478
115900037,12,138,-126
115900038,53,11,42
115900039,146,109,37
115900041,257,498,-241
115900042,24,7,17
115900043,96,43,53
115900044,150,176,-26
115900046,232,120,112
115900047,117,108,9
115900049,123,124,-1
115900051,2,28,-26
115900052,3,79,-76
115900053,153,95,58
115900054,203,23,180
115900055,17,54,-37
115900056,114,129,-15
115900057,10,5,5
115900058,18,43,-25
115900060,59,68,-9
115900061,200,0,200
115900062,40,139,-99
115900063,63,9,54
115900064,118,128,-10
115900065,113,34,79
115900066,94,38,56
115900067,4,283,-279
115900068,1556,566,990
115900069,26,122,-96
115900070,113,54,59
115900071,0,172,-172
115900072,29,84,-55
115900073,49,83,-34
115900074,5,162,-157
115900075,14,104,-90
115900076,0,22,-22
115900077,6,123,-117
115900078,23,55,-32
115900079,136,10,126
115900080,180,107,73
115900081,20,46,-26
115900082,117,75,42
115900084,343,11,332
115900085,23,48,-25
115900086,870,287,583
115900088,25,54,-29
115900089,248,378,-130
115900090,291,5,286
115900091,3,45,-42
115900092,22,73,-51
115900093,22,12,10
115900094,4,137,-133
115900096,6,3,3
115900097,3,141,-138
115900098,173,165,8
115900099,22,39,-17
115900100,17,221,-204
115900101,171,139,32
115900102,46,28,18
115900103,177,87,90
115900104,50,46,4
115900105,160,221,-61
115900106,55,19,36
115900107,47,59,-12
115900108,117,17,100
115900109,35,189,-154
115900110,3,7,-4
115900111,0,57,-57
115900112,25,489,-464
115900113,22,8,14
115900114,5,59,-54
115900115,61,112,-51
115900116,56,403,-347
115900117,72,2,70
115900118,1,163,-162
115900119,86,74,12
115900120,22,128,-106
115900121,149,108,41
115900124,189,430,-241
115900125,224,18,206
115900126,494,40,454
115900127,519,33,486
115900128,1,46,-45
115900129,464,39,425
115900130,17,163,-146
115900131,145,12,133
115900132,418,7,411
115900134,274,8,266
115900135,263,770,-507
115900137,11,1,10
115900139,35,62,-27
115900140,165,13,152
115900141,5,45,-40
115900142,2,26,-24
115900143,168,161,7
115900144,89,118,-29
115900146,12,45,-33
115900147,151,212,-61
115900148,42,8,34
115900149,83,11,72
115900150,38,16,22
115900151,10,71,-61
115900152,115,153,-38
115900153,106,84,22
115900154,247,240,7
115900155,0,6,-6
115900156,406,430,-24
115900157,148,280,-132
115900158,13,2,11
115900159,100,145,-45
115900160,4,11,-7
115900161,30,73,-43
115900163,140,53,87
115900164,409,7,402
115900166,93,62,31
115900168,101,89,12
115900171,69,193,-124
115900172,36,107,-71
115900173,148,80,68
115900174,134,139,-5
115900175,100,137,-37
115900178,3,306,-303
115900179,234,3,231
115900180,19,50,-31
115900181,164,74,90
115900182,320,81,239
115900183,19,47,-28
115900184,732,7,725
115900187,14,87,-73
115900189,0,117,-117
115900190,77,796,-719
115900191,16,150,-134
115900192,9,135,-126
115900193,83,69,14
115900194,485,39,446
115900195,369,1417,-1048
115900198,140,171,-31
115900199,122,110,12
115900200,170,164,6
115900201,298,223,75
115900202,0,40,-40
115900203,5,8,-3
115900204,0,12,-12
115900205,34,15,19
115900206,171,84,87
115900207,42,10,32
115900208,74,57,17
115900209,5,122,-117
115900210,5,89,-84
115900211,1,114,-113
115900212,124,96,28
115900213,60,91,-31
115900214,454,119,335
115900215,21,134,-113
115900216,5,61,-56
115900217,0,13,-13
115900218,1,24,-23
115900219,93,8,85
115900220,187,2,185
115900221,37,5,32
115900222,42,19,23
115900223,7,289,-282
115900224,439,831,-392
115900225,61,27,34
115900226,17,29,-12
115900227,4,41,-37
115900228,7,19,-12
115900229,21,28,-7
115900230,31,67,-36
115900231,78,0,78
115900232,50,5,45
115900233,45,7,38
115900234,33,16,17
115900235,10,19,-9
115900236,12,14,-2
115900237,11,19,-8
115900238,10,6,4
115900239,13,11,2
115900240,7,42,-35
115900241,156,35,121
115900242,163,206,-43
115900243,8,3,5
115900244,11,4,7
115900245,44,7,37
115900246,3,12,-9
115900247,44,19,25
115900248,11,3,8
115900249,14,5,9
115900250,9,15,-6
115900251,0,12,-12
115900252,3,2,1
115900253,11,19,-8
115900254,2,22,-20
115900255,0,16,-16
115900256,6,13,-7
115900257,10,8,2
115900258,0,1,-1
115900259,4,2,2
115900260,10,3,7
115900261,2,1,1
115900262,3,0,3
115900263,13,0,13
115900264,5,1,4
115900265,3,4,-1
115900266,0,3,-3
115900267,11,13,-2
115900268,3,6,-3
115900269,349,142,207
115900270,276,121,155
115900271,92,0,92
115900272,15,10,5
115900273,5,18,-13
115900274,3,2,1
115900275,2,6,-4
115900276,1,15,-14
115900277,0,37,-37
115900278,21,55,-34
115900279,9,122,-113
115900280,16,312,-296
115900281,194,188,6
115900282,8,13,-5
115900283,18,26,-8
115900284,15,10,5
116000001,4554,2078,2476
116000002,3206,7705,-4499
116000003,847,752,95
116000004,1816,2230,-414
116000005,1104,1679,-575
116000006,1646,1688,-42
116000007,1459,1586,-127
116000008,2519,1434,1085
116000009,751,1033,-282
116000010,1795,953,842
116000011,541,1022,-481
116000012,1142,625,517
116000013,4124,2072,2052
116000014,5446,8252,-2806
116000015,116,812,-696
116000016,2610,1941,669
116000017,9,434,-425
116000018,351,125,226
116000019,470,162,308
116000020,314,331,-17
116000021,329,149,180
116000022,177,178,-1
116000023,750,398,352
116000024,318,406,-88
116000025,545,435,110
116000026,986,1317,-331
116000027,372,364,8
116000028,323,481,-158
116000029,289,383,-94
116000030,463,266,197
116000031,98,183,-85
116000032,224,108,116
116000033,215,247,-32
116000034,378,524,-146
116000035,184,421,-237
116000036,796,816,-20
116000037,312,280,32
116000038,198,355,-157
116000039,256,299,-43
116000040,409,283,126
116000041,104,251,-147
116000042,435,234,201
116000043,47,323,-276
116000044,7,50,-43
116000045,997,775,222
116000046,607,896,-289
116000047,965,1214,-249
116000048,1096,1051,45
116000049,812,1750,-938
116000050,959,777,182
116000051,3816,1493,2323
116000052,3476,2773,703
116000053,1273,406,867
116000054,572,1409,-837
116000055,455,484,-29
116000056,646,485,161
116000057,1349,755,594
116000058,1497,1324,173
116000059,1461,2243,-782
116000060,1283,689,594
116000061,458,613,-155
116000062,422,140,282
116000063,391,820,-429
116000066,172,369,-197
116000067,133,207,-74
116000068,127,156,-29
116000069,142,160,-18
116000078,407,767,-360
116000080,1144,519,625
116000082,3,32,-29
116000083,1264,261,1003
116000084,1266,1987,-721
116000085,1417,1310,107
116000086,1095,664,431
116000087,1550,1136,414
116000088,557,589,-32
116000089,133,54,79
116000090,72,87,-15
116000091,158,228,-70
116000093,612,411,201
116000094,453,339,114
116000095,558,338,220
116000096,572,947,-375
116000097,602,351,251
116000098,79,4137,-4058
116000099,2868,193,2675
116000100,152,6,146
116000101,620,321,299
116000102,217,492,-275
116000103,334,176,158
116000104,139,558,-419
116000105,851,96,755
116000106,286,314,-28
116000107,1334,154,1180
116000108,47,82,-35
116000111,128,44,84
116000113,67,66,1
116000114,29,74,-45
116000115,234,62,172
116000116,170,214,-44
116000117,1036,1157,-121
116000118,1024,574,450
116000119,2440,1192,1248
116000120,1949,1932,17
116000121,632,338,294
116000122,718,712,6
116000123,709,261,448
116000124,231,448,-217
116000125,1946,478,1468
116000126,161,753,-592
116000127,782,623,159
116000128,1242,556,686
116000129,893,138,755
116000130,435,346,89
116000133,819,482,337
116000134,1239,866,373
116000135,1808,858,950
116000136,632,1014,-382
116000137,738,393,345
116000138,528,431,97
116000139,1104,1368,-264
116000140,116,138,-22
116000141,209,312,-103
116000142,2134,1563,571
116000143,1374,1097,277
116000144,1080,1188,-108
116000145,1403,716,687
116000146,519,100,419
116000147,134,72,62
116000148,346,362,-16
116000149,348,340,8
116000151,359,276,83
116000153,75,228,-153
116000155,114,217,-103
116000156,491,679,-188
116000157,48,8,40
116000158,208,195,13
116000159,14,13,1
116000160,5,15,-10
116000161,5,36,-31
116000162,28,60,-32
116000163,18,13,5
116000164,8,7,1
116000177,77,46,31
116000194,74,262,-188
116000195,859,378,481
116000196,11,6,5
116000197,11,17,-6
116000198,1254,509,745
116000200,338,336,2
116000201,359,381,-22
116000202,3,173,-170
116000203,0,75,-75
116000204,16,36,-20
116000205,0,81,-81
116000206,2,54,-52
116000207,6,42,-36
116000233,116,179,-63
116000287,156,206,-50
116000288,171,72,99
116000292,34,46,-12
116000296,15,143,-128
116000297,111,31,80
116000304,81,15,66
116000305,7,37,-30
116000346,89,46,43
116000352,76,15,61
116000354,16,14,2
116000357,19,39,-20
116000358,290,46,244
116000361,135,4,131
116000372,2493,3249,-756
116000381,119,1,118
116000388,3,23,-20
116000389,440,337,103
116000445,347,253,94
116000446,390,263,127
116000447,18,374,-356
116000448,314,106,208
116000563,469,445,24
116000565,23,156,-133
116000568,51,262,-211
116000579,12,67,-55
116000584,11,4,7
116000585,9,11,-2
116000586,20,24,-4
116000587,268,271,-3
116000589,40,24,16
116000590,54,31,23
116000591,202,108,94
116000592,9,42,-33
116000593,0,14,-14
116000594,467,165,302
116000595,361,61,300
116000596,46,3,43
116000597,299,52,247
116000598,10,54,-44
116000605,134,74,60
116000606,69,180,-111
116000607,0,15,-15
116000609,88,670,-582
116000611,136,235,-99
116000612,760,1356,-596
116000613,484,210,274
116000614,320,243,77
116000615,2,195,-193
116000616,36,23,13
116000617,57,10,47
116000618,1,36,-35
116000619,17,52,-35
116000620,128,91,37
116000621,43,60,-17
116000622,42,82,-40
116000624,91,53,38
116000627,47,23,24
116000628,28,167,-139
116000629,26,182,-156
116000630,323,10,313
116000631,223,35,188
116000632,790,43,747
116000633,141,111,30
116000634,373,64,309
116000635,1575,1562,13
116000636,458,643,-185
116000637,397,26,371
116000638,112,174,-62
116000640,16,26,-10
116000641,55,67,-12
116000644,12,245,-233
116900001,130,73,57
116900002,140,1,139
116900003,27,27,0
116900004,23,33,-10
116900005,218,28,190
116900006,49,105,-56
116900007,79,78,1
116900008,239,153,86
116900009,8,3,5
116900010,1,446,-445
116900011,5,6,-1
116900012,91,86,5
116900013,2,94,-92
116900014,68,107,-39
116900015,300,22,278
116900016,170,3,167
116900017,1,220,-219
116900018,46,36,10
116900019,2,101,-99
116900020,396,692,-296
116900023,41,13,28
116900024,442,26,416
116900025,708,447,261
116900026,61,297,-236
116900027,20,22,-2
116900028,7,62,-55
116900029,1,36,-35
116900031,1,1,0
116900032,1,139,-138
116900033,22,7,15
116900034,4,34,-30
116900035,98,87,11
116900036,5,64,-59
116900038,10,0,10
116900041,10,5,5
116900042,230,156,74
116900043,13,24,-11
116900047,13,91,-78
116900049,14,168,-154
116900050,64,202,-138
116900051,101,61,40
116900052,107,25,82
116900055,0,6,-6
116900057,17,105,-88
116900058,20,191,-171
116900059,1,104,-103
116900060,74,82,-8
116900062,1,5,-4
116900064,58,274,-216
116900065,13,53,-40
116900067,40,43,-3
116900068,95,112,-17
116900070,0,0,0
116900072,22,167,-145
116900073,12,58,-46
116900074,6,35,-29
116900076,3,20,-17
116900077,7,64,-57
116900078,133,42,91
116900079,23,79,-56
116900080,3,10,-7
116900081,228,610,-382
116900082,246,432,-186
116900083,24,11,13
116900084,76,32,44
116900085,36,89,-53
116900086,32,119,-87
116900088,167,49,118
116900090,67,16,51
116900091,224,14,210
116900092,77,344,-267
116900093,1025,1049,-24
116900094,1781,2587,-806
116900095,139,57,82
116900096,35,169,-134
116900097,1202,1841,-639
116900098,490,204,286
116900099,303,350,-47
116900100,710,23,687
116900101,157,236,-79
116900103,2,0,2
116900104,59,56,3
116900105,172,80,92
116900106,1314,87,1227
116900107,1517,1584,-67
116900110,13,0,13
116900111,366,227,139
116900112,155,419,-264
116900113,738,1106,-368
116900116,43,420,-377
116900117,113,52,61
116900118,344,537,-193
116900120,275,28,247
116900121,63,12,51
116900122,529,321,208
116900123,113,316,-203
116900124,114,453,-339
116900125,288,90,198
116900126,74,394,-320
116900128,0,14,-14
116900129,0,176,-176
116900130,291,2097,-1806
116900131,65,137,-72
116900132,21,52,-31
116900133,86,74,12
116900134,126,157,-31
116900136,94,108,-14
116900137,158,85,73
116900138,105,78,27
116900139,75,226,-151
116900140,91,115,-24
116900141,395,230,165
116900142,1,44,-43
116900143,173,163,10
116900144,17,58,-41
116900145,103,100,3
116900147,293,355,-62
116900148,2,24,-22
116900149,36,156,-120
116900150,10,11,-1
116900151,31,6,25
116900153,84,42,42
116900154,192,302,-110
116900155,56,37,19
116900157,402,133,269
116900158,83,171,-88
116900159,20,199,-179
116900160,615,501,114
116900161,2174,4188,-2014
116900162,17,79,-62
116900163,104,67,37
116900164,67,58,9
116900165,127,160,-33
116900166,43,18,25
116900167,301,29,272
116900168,273,48,225
116900169,266,390,-124
116900170,234,360,-126
116900171,29,64,-35
116900172,126,258,-132
116900173,138,12,126
116900174,45,57,-12
116900175,105,150,-45
116900178,26,66,-40
116900179,42,234,-192
116900180,48,11,37
116900182,332,122,210
116900183,106,34,72
116900185,18,32,-14
116900186,63,94,-31
116900187,24,35,-11
116900188,96,21,75
116900189,50,1,49
116900191,283,343,-60
116900192,193,69,124
116900194,99,979,-880
116900195,36,18,18
116900196,4,62,-58
116900197,86,11,75
116900198,58,192,-134
116900200,73,6,67
116900201,74,5,69
116900202,77,15,62
116900203,111,4,107
116900204,40,64,-24
116900206,9,7,2
116900207,20,11,9
116900208,11,46,-35
116900209,13,54,-41
116900210,316,181,135
116900211,109,2,107
116900212,67,22,45
116900213,120,76,44
116900214,100,80,20
116900215,38,41,-3
116900216,160,86,74
116900218,2,95,-93
116900219,894,170,724
116900220,96,124,-28
116900221,75,167,-92
116900222,261,219,42
116900223,75,121,-46
116900226,66,23,43
116900227,108,43,65
116900228,188,75,113
116900230,45,135,-90
116900231,34,164,-130
116900232,7,226,-219
116900233,185,75,110
116900234,8,2,6
116900235,99,116,-17
116900238,993,204,789
116900239,9,719,-710
116900240,2422,1722,700
116900241,50,60,-10
116900242,363,336,27
116900243,2,5,-3
116900245,22,9,13
116900246,91,10,81
116900247,479,19,460
116900248,61,28,33
116900249,232,53,179
116900250,263,29,234
116900251,212,338,-126
116900252,74,411,-337
116900253,95,21,74
116900254,19,67,-48
116900255,68,37,31
116900256,225,51,174
116900257,11,141,-130
116900258,0,100,-100
116900259,149,12,137
116900260,0,52,-52
116900261,36,1,35
116900262,127,91,36
116900263,0,7,-7
116900264,68,33,35
116900265,17,0,17
116900266,15,9,6
116900267,4,0,4
116900268,25,6,19
116900269,177,313,-136
116900271,554,206,348
116900272,187,167,20
116900273,55,38,17
116900274,91,27,64
116900275,122,54,68
116900276,284,90,194
116900277,262,14,248
116900278,8,5,3
116900279,1,8,-7
116900280,15,7,8
116900281,2350,2907,-557
116900282,1,38,-37
116900283,14,41,-27
116900284,6,100,-94
116900285,120,105,15
116900286,93,11,82
116900287,3,9,-6
116900288,86,55,31
116900289,16,2,14
116900290,6,6,0
116900291,17,25,-8
116900292,0,16,-16
116900293,39,14,25
116900294,15,70,-55
116900295,94,35,59
116900296,34,49,-15
116900297,2,71,-69
116900298,51,44,7
116900299,17,28,-11
116900300,2,69,-67
116900301,30,72,-42
116900302,26,46,-20
116900303,101,38,63
116900304,1,117,-116
116900305,10,24,-14
116900306,115,42,73
116900307,24,0,24
116900308,1,35,-34
116900309,61,76,-15
117000001,1481,906,575
117000002,1258,2437,-1179
117000003,4132,2114,2018
117000004,2218,3058,-840
117000005,1614,1200,414
117000006,706,1818,-1112
117000007,2959,692,2267
117000008,749,1796,-1047
117000009,3327,1280,2047
117000010,1664,2111,-447
117000011,1501,1097,404
117000012,786,775,11
117000013,1497,535,962
117000014,981,1423,-442
117000015,1581,844,737
117000016,145,119,26
117000017,137,83,54
117000018,82,433,-351
117000019,72,26,46
117000020,440,1023,-583
117000021,862,438,424
117000022,200,149,51
117000023,94,235,-141
117000024,122,202,-80
117000025,280,1091,-811
117000026,1188,1083,105
117000027,916,2441,-1525
117000028,1051,1118,-67
117000030,235,249,-14
117000031,244,140,104
117000032,921,733,188
117000033,833,441,392
117000034,159,180,-21
117000035,240,150,90
117000036,342,165,177
117000037,179,107,72
117000038,136,339,-203
117000039,302,158,144
117000040,167,586,-419
117000041,726,118,608
117000044,7,486,-479
117000045,407,88,319
117000046,270,496,-226
117000047,708,514,194
117000048,1146,542,604
117000049,61,309,-248
117000050,112,851,-739
117000051,1679,58,1621
117000052,29,210,-181
117000053,518,18,500
117000054,1290,8,1282
117000055,2,1510,-1508
117000056,501,14,487
117000057,357,1372,-1015
117000060,291,609,-318
117000061,1109,536,573
117000062,209,416,-207
117000063,1187,616,571
117000064,379,447,-68
117000066,468,541,-73
117000067,88,398,-310
117000074,64,157,-93
117000076,24,37,-13
117000077,80,133,-53
117000078,98,391,-293
117000079,194,165,29
117000080,0,201,-201
117000081,738,81,657
117000082,10,75,-65
117000083,97,8,89
117000084,122,0,122
117000085,179,529,-350
117000086,476,250,226
117000087,85,334,-249
117000088,156,85,71
117000089,1332,157,1175
117000090,173,626,-453
117000091,683,174,509
117000092,249,679,-430
117000093,955,464,491
117000094,955,1560,-605
117000095,2648,475,2173
117000096,427,1232,-805
117000097,1240,695,545
117000098,1581,2139,-558
117000099,2589,764,1825
117000100,148,214,-66
117000101,144,518,-374
117000102,1687,463,1224
117000103,437,828,-391
117000104,1053,408,645
117000105,590,733,-143
117000106,919,439,480
117000107,356,797,-441
117000108,1317,732,585
117000109,969,1173,-204
117000110,1112,842,270
117000111,2388,2455,-67
117000112,2381,951,1430
117000113,77,107,-30
117000114,211,68,143
117000115,55,62,-7
117000116,116,150,-34
117000117,916,679,237
117000118,240,107,133
117000119,124,172,-48
117000120,95,397,-302
117000121,27,562,-535
117000122,239,482,-243
117000123,945,23,922
117000124,211,58,153
117000125,112,92,20
117000126,33,11,22
117000127,80,278,-198
117000128,195,657,-462
117000129,242,606,-364
117000130,107,0,107
117000131,1,85,-84
117000132,2095,14,2081
117000133,1306,21,1285
117000134,1,65,-64
117000135,1,97,-96
117000136,0,17,-17
117000137,110,80,30
117000138,2,324,-322
117000140,302,768,-466
117000141,1246,373,873
117000181,246,144,102
117000182,375,376,-1
117000195,119,476,-357
117000196,140,76,64
117000225,63,52,11
117000226,3,73,-70
117000276,262,9,253
117000277,1,212,-211
117000310,954,1409,-455
117000315,34,485,-451
117000320,61,0,61
117000906,366,7,359
117000907,5,209,-204
117000909,46,30,16
117000910,126,115,11
117000911,39,142,-103
117000915,2,246,-244
117000916,30,3,27
117000917,1074,24,1050
117000918,69,28,41
117000919,3,37,-34
117000920,1,632,-631
117000921,0,658,-658
117000922,36,31,5
117000924,298,483,-185
117000926,372,64,308
117000927,608,636,-28
117000928,0,80,-80
117000929,188,171,17
117000930,167,8,159
117000931,113,96,17
117900002,79,229,-150
117900003,352,231,121
117900005,14,37,-23
117900006,0,5,-5
117900007,70,36,34
117900008,0,7,-7
117900010,200,46,154
117900011,25,133,-108
117900012,38,33,5
117900013,0,79,-79
117900014,438,68,370
117900015,18,59,-41
117900016,505,449,56
117900017,363,171,192
117900018,100,134,-34
117900019,316,145,171
117900020,41,358,-317
117900021,11,48,-37
117900022,38,10,28
117900023,649,49,600
117900024,44,24,20
117900025,36,9,27
117900026,352,138,214
117900028,34,6,28
117900029,175,218,-43
117900030,293,136,157
117900031,84,80,4
117900032,609,385,224
117900033,215,259,-44
117900034,41,12,29
117900035,139,45,94
117900036,163,153,10
117900037,147,50,97
117900038,8,125,-117
117900039,0,37,-37
117900040,121,154,-33
117900041,2,23,-21
117900042,1387,117,1270
117900043,18,19,-1
117900044,3,2076,-2073
117900045,84,53,31
117900048,252,129,123
117900049,110,242,-132
117900050,1,92,-91
117900051,11,0,11
117900052,28,220,-192
117900053,1171,305,866
117900054,0,37,-37
117900055,257,128,129
117900056,57,38,19
117900057,590,672,-82
117900058,25,20,5
117900059,145,68,77
117900060,1564,2791,-1227
117900061,11,161,-150
117900063,260,110,150
117900065,361,633,-272
117900066,8,46,-38
117900067,356,75,281
117900069,541,115,426
117900070,81,30,51
117900071,70,78,-8
117900073,354,148,206
117900074,80,49,31
117900075,46,46,0
117900076,18,29,-11
117900077,337,61,276
117900078,185,485,-300
117900080,84,19,65
117900081,297,171,126
117900082,271,270,1
117900083,302,233,69
117900086,123,17,106
117900087,72,26,46
117900088,1918,833,1085
117900089,1490,507,983
117900090,360,233,127
117900091,97,103,-6
117900092,61,14,47
117900093,54,19,35
117900094,41,44,-3
117900095,267,197,70
117900096,62,114,-52
117900097,64,17,47
117900098,54,7,47
117900099,92,117,-25
117900100,176,0,176
117900101,246,1101,-855
117900102,46,11,35
117900103,47,5,42
117900104,7,84,-77
117900105,102,128,-26
117900106,56,13,43
117900107,34,0,34
117900109,467,257,210
117900110,95,0,95
117900111,256,28,228
117900112,29,7,22
117900113,995,950,45
117900114,31,0,31
117900115,150,41,109
117900116,467,368,99
117900117,346,157,189
117900118,51,0,51
117900119,197,82,115
117900120,193,16,177
117900121,40,3,37
117900122,514,2178,-1664
117900123,443,256,187
117900124,393,439,-46
117900125,1145,1246,-101
117900126,137,294,-157
117900127,285,180,105
117900128,201,249,-48
117900129,57,1,56
117900130,412,221,191
117900131,0,58,-58
117900132,9,43,-34
117900133,11,69,-58
117900134,35,112,-77
117900135,16,114,-98
117900136,0,31,-31
117900137,20,145,-125
117900138,2,14,-12
117900139,129,53,76
117900140,1619,139,1480
117900141,89,119,-30
117900142,33,45,-12
117900144,31,164,-133
117900145,25,42,-17
117900146,113,103,10
117900147,36,36,0
117900148,1406,1000,406
117900149,111,102,9
117900150,23,15,8
117900151,20,41,-21
117900152,54,37,17
117900153,9,58,-49
117900154,310,266,44
117900156,605,423,182
117900157,81,377,-296
117900158,170,49,121
117900160,390,492,-102
117900161,1596,1024,572
117900162,292,230,62
117900163,25,146,-121
117900165,0,8,-8
117900166,69,284,-215
117900168,21,91,-70
117900169,0,64,-64
117900170,0,12,-12
117900171,0,9,-9
117900172,15,17,-2
117900173,108,39,69
117900174,11,37,-26
117900175,1,11,-10
117900176,2,20,-18
117900177,15,21,-6
117900178,45,25,20
117900180,120,20,100
117900181,34,209,-175
117900182,6,19,-13
117900183,23,132,-109
117900184,4,30,-26
117900185,54,38,16
117900186,31,13,18
117900187,17,8,9
117900188,140,40,100
117900189,39,18,21
117900190,14,0,14
117900191,78,0,78
117900192,173,0,173
117900193,3,39,-36
117900194,8,5,3
117900195,2,27,-25
117900196,18,13,5
117900207,98,122,-24
117900208,14,15,-1
117900209,97,68,29
117900210,60,85,-25
117900211,4,75,-71
117900212,73,75,-2
117900213,24,7,17
117900214,5,26,-21
117900215,10,16,-6
117900216,19,24,-5
117900217,44,192,-148
117900218,66,82,-16
117900219,4,77,-73
117900220,65,98,-33
117900222,132,160,-28
117900223,112,199,-87
118000001,551,717,-166
118000002,382,914,-532
118000003,1412,2162,-750
118000004,1242,1347,-105
118000005,2730,3035,-305
118000006,2274,4697,-2423
118000007,2801,2837,-36
118000008,1917,2580,-663
118000009,969,1511,-542
118000010,2920,2014,906
118000011,998,954,44
118000012,572,964,-392
118000013,1313,1284,29
118000014,1242,1152,90
118000016,119,147,-28
118000017,326,222,104
118000018,198,216,-18
118000019,1367,958,409
118000020,770,2036,-1266
118000021,463,1948,-1485
118000022,1000,500,500
118000023,464,164,300
118000024,685,651,34
118000027,6524,6626,-102
118000029,540,486,54
118000032,538,2195,-1657
118000033,1791,3585,-1794
118000034,2737,1641,1096
118000035,1163,1741,-578
118000036,551,800,-249
118000037,540,490,50
118000038,232,47,185
118000039,58,112,-54
118000040,898,854,44
118000041,1700,711,989
118000045,201,97,104
118000046,620,421,199
118000047,537,745,-208
118000048,1328,1346,-18
118000051,704,1139,-435
118000052,428,389,39
118000053,163,359,-196
118000054,758,869,-111
118000055,651,1178,-527
118000056,65,254,-189
118000057,103,282,-179
118000058,1374,1099,275
118000059,979,638,341
118000060,632,316,316
118000061,692,674,18
118000062,379,180,199
118000063,202,368,-166
118000064,533,715,-182
118000065,1692,1040,652
118000066,468,1088,-620
118000067,440,448,-8
118000068,797,3009,-2212
118000069,1313,678,635
118000070,2556,1163,1393
118000071,1741,4279,-2538
118000072,765,1030,-265
118000073,664,503,161
118000074,284,437,-153
118000075,421,186,235
118000076,730,2030,-1300
118000077,817,828,-11
118000078,1126,1517,-391
118000079,159,274,-115
118000080,615,609,6
118000081,1207,898,309
118000082,220,742,-522
118000083,929,1059,-130
118000084,1611,1019,592
118000086,168,339,-171
118000087,2743,1792,951
118000088,1118,1091,27
118000089,2251,1495,756
118000090,877,1784,-907
118000091,582,1656,-1074
118000092,609,337,272
118000093,51,395,-344
118000096,340,412,-72
118000097,586,471,115
118000098,227,102,125
118000099,374,340,34
118000101,879,244,635
118000102,306,548,-242
118000107,721,289,432
118000108,364,1414,-1050
118000110,0,13,-13
118000111,1,101,-100
118000112,359,9,350
118000113,2,224,-222
118000114,246,11,235
118000115,3,4,-1
118000116,7,2,5
118000117,574,418,156
118000118,651,733,-82
118000119,579,905,-326
118000120,1160,671,489
118000121,76,463,-387
118000122,1010,247,763
118000123,34,213,-179
118000125,987,538,449
118000126,503,908,-405
118000127,992,434,558
118000128,317,736,-419
118000129,762,336,426
118000130,1354,1809,-455
118000131,280,489,-209
118000132,2214,1633,581
118000133,740,344,396
118000135,336,331,5
118000136,101,354,-253
118000137,399,65,334
118000138,185,331,-146
118000139,347,90,257
118000140,1510,2898,-1388
118000141,1625,1092,533
118000142,1258,855,403
118000143,1544,660,884
118000144,612,392,220
118000145,1069,926,143
118000146,777,430,347
118000147,673,740,-67
118000148,321,733,-412
118000149,612,450,162
118000150,251,179,72
118000151,354,220,134
118000153,984,672,312
118000154,1026,821,205
118000155,985,830,155
118000156,1040,1405,-365
118000157,334,254,80
118000158,157,295,-138
118000159,28,76,-48
118000160,367,201,166
118000161,350,427,-77
118000162,861,517,344
118000163,585,487,98
118000164,1243,760,483
118000168,447,355,92
118000169,648,588,60
118000170,2140,2122,18
118000171,204,297,-93
118000172,71,145,-74
118000173,592,609,-17
118000175,208,232,-24
118000176,186,265,-79
118000177,143,409,-266
118000178,20,34,-14
118000179,566,699,-133
118000180,519,382,137
118000181,480,147,333
118000182,230,197,33
118000183,177,170,7
118000184,725,377,348
118000185,536,667,-131
118000186,486,554,-68
118000187,859,316,543
118000188,400,57,343
118000189,328,242,86
118000190,1,8,-7
118000191,22,8,14
118000192,76,195,-119
118000193,51,255,-204
118000194,821,537,284
118000195,293,667,-374
118000196,160,137,23
118000197,66,77,-11
118000198,220,664,-444
118000199,206,260,-54
118000200,54,152,-98
118000201,263,310,-47
118000202,38,50,-12
118000203,305,402,-97
118000204,90,321,-231
118000205,98,172,-74
118000206,115,111,4
118000207,0,32,-32
118000208,989,979,10
118000209,1300,717,583
118000210,58,33,25
118000211,14,36,-22
118000213,305,1051,-746
118000214,298,414,-116
118000215,246,87,159
118000216,1470,996,474
118000217,10,56,-46
118000218,49,25,24
118000219,254,135,119
118000220,3,24,-21
118000221,163,205,-42
118000222,50,6,44
118000223,35,26,9
118000224,75,55,20
118000225,109,331,-222
118000226,507,116,391
118000227,372,294,78
118000228,58,157,-99
118000229,71,57,14
118000230,62,115,-53
118000231,79,117,-38
118000232,511,333,178
118000233,712,347,365
118000234,278,74,204
118000236,173,161,12
118000237,70,207,-137
118000238,147,78,69
118000239,179,147,32
118000240,145,81,64
118000241,138,62,76
118000242,197,220,-23
118000243,152,79,73
118000244,38,47,-9
118000246,2,9,-7
118000255,65,143,-78
118000256,106,149,-43
118000259,4,42,-38
118000260,118,31,87
118000261,35,21,14
118000263,48,78,-30
118000266,88,99,-11
118000267,0,86,-86
118000268,158,16,142
118000270,59,8,51
118000271,111,167,-56
118000272,47,16,31
118000273,88,25,63
118000274,41,117,-76
118000276,346,168,178
118000295,18,72,-54
118000298,63,129,-66
118000299,27,71,-44
118000301,0,31,-31
118000302,48,22,26
118000311,382,55,327
118000312,197,88,109
118000313,29,57,-28
118000314,50,32,18
118000315,17,11,6
118000316,438,234,204
118000325,25,24,1
118000326,13,28,-15
118000331,16,8,8
118000332,2,13,-11
118000333,7,23,-16
118000335,281,1,280
118000336,0,109,-109
118000407,134,42,92
118000457,5,16,-11
118000465,1236,2129,-893
118000480,30,32,-2
118000489,14,300,-286
118000490,29,148,-119
118000492,186,107,79
118000510,20,14,6
118000514,51,144,-93
118000515,381,387,-6
118000517,236,87,149
118000524,162,239,-77
118000525,430,431,-1
118000530,17,80,-63
118000531,251,189,62
118000532,144,123,21
118000533,165,64,101
118000534,275,199,76
118000535,248,97,151
118000536,198,728,-530
118000537,13,87,-74
118000538,16,56,-40
118000539,9,71,-62
118000540,148,103,45
118000541,122,45,77
118000542,74,125,-51
118000543,104,101,3
118000546,31,11,20
118000553,0,0,0
118000560,833,1198,-365
118000562,21,53,-32
118000563,795,675,120
118000576,130,83,47
118000577,117,107,10
118000578,140,80,60
118000579,326,748,-422
118000583,0,0,0
118000595,160,56,104
118000596,0,47,-47
118000597,103,70,33
118000598,4,2,2
118000599,48,28,20
118000600,1,2,-1
118000601,4,1,3
118000602,4,0,4
118000603,1,12,-11
118000605,49,94,-45
118900001,248,716,-468
118900002,437,516,-79
118900003,260,6,254
118900004,27,31,-4
118900005,37,4,33
118900006,100,1,99
118900007,4,1,3
118900008,725,20,705
118900009,38,33,5
118900010,33,1,32
118900011,111,18,93
118900012,271,124,147
118900013,281,136,145
118900015,118,20,98
118900016,3,10,-7
118900017,153,186,-33
118900018,537,18,519
118900019,12,17,-5
118900020,89,71,18
118900021,91,208,-117
118900022,84,46,38
118900023,62,45,17
118900024,62,51,11
118900025,29,21,8
118900026,43,49,-6
118900027,214,118,96
118900028,117,59,58
118900029,161,150,11
118900030,273,38,235
118900031,107,43,64
118900032,127,112,15
118900033,252,334,-82
118900034,88,17,71
118900035,77,70,7
118900036,673,352,321
118900037,217,176,41
118900038,284,58,226
118900039,426,87,339
118900040,142,119,23
118900041,289,66,223
118900042,115,48,67
118900045,165,100,65
118900046,551,223,328
118900047,206,220,-14
118900048,111,147,-36
118900049,42,29,13
118900050,22,26,-4
118900051,45,64,-19
118900052,185,142,43
118900053,22,65,-43
118900054,53,19,34
118900055,52,26,26
118900056,37,193,-156
118900057,426,300,126
118900058,298,164,134
118900059,21,58,-37
118900060,30,49,-19
118900062,132,93,39
118900064,281,267,14
118900065,52,80,-28
118900066,45,51,-6
118900067,2191,2194,-3
118900068,6,143,-137
118900069,355,154,201
118900071,5,34,-29
118900072,355,171,184
118900073,150,54,96
118900074,92,59,33
118900075,45,30,15
118900076,144,63,81
118900077,158,131,27
118900078,27,3,24
118900079,34,57,-23
118900080,20,54,-34
118900081,38,28,10
118900082,642,85,557
118900083,15,3,12
118900084,14,17,-3
118900085,371,386,-15
118900086,13,64,-51
118900087,9,124,-115
118900088,0,4,-4
118900089,24,17,7
118900090,301,177,124
118900091,87,95,-8
118900092,112,44,68
118900093,67,19,48
118900096,45,52,-7
118900097,163,173,-10
118900099,35,74,-39
118900100,86,114,-28
118900101,48,113,-65
118900102,19,47,-28
118900103,13,78,-65
118900104,125,51,74
118900105,118,42,76
118900107,60,24,36
118900108,69,61,8
118900110,804,598,206
118900111,341,222,119
118900112,76,139,-63
118900113,64,153,-89
118900114,10,41,-31
118900115,61,177,-116
118900116,79,102,-23
118900117,68,104,-36
118900118,196,125,71
118900119,82,96,-14
118900120,56,135,-79
118900121,9,94,-85
118900122,6,470,-464
118900123,109,93,16
118900124,80,117,-37
118900126,17,212,-195
118900129,137,102,35
118900130,38,153,-115
118900131,139,110,29
118900132,195,123,72
118900133,10,75,-65
118900135,98,90,8
118900136,147,172,-25
118900137,4,31,-27
118900139,132,132,0
118900140,212,218,-6
118900141,66,60,6
118900144,117,199,-82
118900145,13,49,-36
118900146,250,324,-74
118900147,123,103,20
118900148,51,22,29
118900150,89,344,-255
118900152,320,348,-28
118900157,41,102,-61
118900158,91,33,58
118900159,2,56,-54
118900161,46,5,41
118900163,50,43,7
118900164,0,54,-54
118900165,47,70,-23
118900166,15,1,14
118900167,37,64,-27
118900168,8,68,-60
118900169,66,93,-27
118900170,89,60,29
118900171,31,20,11
118900174,15,48,-33
118900175,240,269,-29
118900176,105,151,-46
118900177,29,18,11
118900178,33,74,-41
118900179,2,15,-13
118900181,54,89,-35
118900182,32,12,20
118900183,20,56,-36
118900184,170,53,117
118900185,46,54,-8
118900186,45,76,-31
118900187,126,127,-1
118900188,154,88,66
118900189,15,421,-406
118900190,22,133,-111
118900191,172,30,142
118900192,188,9,179
118900193,325,4,321
118900195,181,270,-89
118900196,27,56,-29
118900197,100,12,88
118900198,13,6,7
118900199,34,16,18
118900200,11,9,2
118900201,13,14,-1
118900202,6,23,-17
118900203,3,12,-9
118900204,6,12,-6
118900205,0,2,-2
118900206,0,6,-6
119000001,863,989,-126
119000002,2630,1564,1066
119000003,1791,557,1234
119000004,1384,838,546
119000005,1154,1171,-17
119000006,2000,945,1055
119000007,2288,2179,109
119000008,1279,1014,265
119000009,2260,3319,-1059
119000010,3350,2728,622
119000011,2253,2176,77
119000012,1667,2116,-449
119000013,1923,1218,705
119000014,1004,1556,-552
119000019,218,89,129
119000020,1436,933,503
119000021,2968,1503,1465
119000022,940,1478,-538
119000023,185,168,17
119000024,1199,8021,-6822
119000025,3084,762,2322
119000026,100,350,-250
119000027,179,264,-85
119000028,1074,448,626
119000029,59,205,-146
119000030,410,537,-127
119000031,492,387,105
119000032,1009,1354,-345
119000033,1488,857,631
119000034,639,473,166
119000035,17,165,-148
119000036,1527,431,1096
119000037,891,822,69
119000038,94,411,-317
119000039,337,269,68
119000040,622,514,108
119000041,473,976,-503
119000048,1904,1436,468
119000049,1491,1032,459
119000050,938,1117,-179
119000051,1308,617,691
119000052,1029,1507,-478
119000053,1291,697,594
119000054,2257,1596,661
119000055,3347,1677,1670
119000056,2064,1144,920
119000057,1116,1072,44
119000058,1210,945,265
119000059,930,834,96
119000060,1064,751,313
119000061,780,418,362
119000062,723,744,-21
119000063,361,300,61
119000064,498,617,-119
119000065,1281,1770,-489
119000066,1460,660,800
119000067,1264,1113,151
119000068,1169,648,521
119000069,1154,1140,14
119000070,1756,608,1148
119000071,368,386,-18
119000072,2756,1661,1095
119000073,2606,4593,-1987
119000074,945,1084,-139
119000075,1668,1262,406
119000076,242,773,-531
119000077,414,316,98
119000078,249,117,132
119000079,97,405,-308
119000080,346,97,249
119000081,171,286,-115
119000082,542,200,342
119000083,387,264,123
119000084,194,313,-119
119000085,404,131,273
119000086,248,344,-96
119000087,923,455,468
119000088,379,155,224
119000089,75,151,-76
119000090,116,83,33
119000091,88,217,-129
119000092,256,113,143
119000093,2174,1469,705
119000094,2542,3104,-562
119000095,1326,1466,-140
119000097,1184,742,442
119000098,673,1677,-1004
119000099,1625,766,859
119000100,2716,1942,774
119000101,2288,1056,1232
119000102,482,704,-222
119000103,797,348,449
119000104,1344,588,756
119000105,601,1441,-840
119000106,277,541,-264
119000107,637,294,343
119000108,230,499,-269
119000109,61,263,-202
119000110,231,212,19
119000111,16,452,-436
119000112,123,42,81
119000113,990,140,850
119000114,548,533,15
119000115,90,78,12
119000116,55,55,0
119000117,84,180,-96
119000118,1,0,1
119000123,2046,1092,954
119000124,554,106,448
119000125,2895,385,2510
119000126,943,456,487
119000127,387,222,165
119000128,8,1,7
119000131,753,323,430
119000132,2,1,1
119000133,0,1,-1
119000134,992,332,660
119000135,125,116,9
119000136,158,105,53
119000137,193,171,22
119000138,394,133,261
119000139,154,98,56
119000140,223,190,33
119000284,707,1513,-806
119000285,1276,1122,154
119000286,4247,3060,1187
119000287,860,1086,-226
119000288,1224,720,504
119000289,990,1495,-505
119000290,130,215,-85
119000291,12,146,-134
119000293,129,128,1
119000294,40,24,16
119000295,585,146,439
119000296,223,82,141
119000299,0,0,0
119000302,1136,720,416
119000303,19,101,-82
119000310,0,0,0
119000314,955,7278,-6323
119000315,0,153,-153
119000316,75,38,37
119000317,65,125,-60
119900001,116,723,-607
119900002,97,155,-58
119900003,38,449,-411
119900004,227,818,-591
119900005,145,63,82
119900006,120,220,-100
119900007,857,164,693
119900008,28,21,7
119900009,435,409,26
119900010,542,579,-37
119900011,25,71,-46
119900012,10,63,-53
119900013,1175,744,431
119900014,275,113,162
119900015,74,13,61
119900016,16,37,-21
119900017,21,19,2
119900018,1188,551,637
119900019,18,0,18
119900020,98,155,-57
119900021,127,31,96
119900022,50,504,-454
119900023,283,1145,-862
119900025,122,14,108
119900026,415,71,344
119900027,19,13,6
119900028,153,94,59
119900029,1,6,-5
119900030,366,242,124
119900031,29,319,-290
119900033,1143,213,930
119900034,265,57,208
119900037,153,25,128
119900038,27,209,-182
119900039,13,4,9
119900040,61,6,55
119900041,65,17,48
119900042,60,84,-24
119900043,34,67,-33
119900044,128,544,-416
119900046,111,39,72
119900047,228,88,140
119900048,46,15,31
119900049,121,1,120
119900050,66,76,-10
119900051,633,8,625
119900052,39,33,6
119900053,142,63,79
119900054,111,9,102
119900055,859,263,596
119900057,175,39,136
119900058,188,5,183
119900059,58,20,38
119900060,201,18,183
119900061,81,3,78
119900062,58,8,50
119900063,10,39,-29
119900065,152,14,138
119900066,2,5,-3
119900067,63,13,50
119900068,378,2,376
119900069,88,10,78
119900070,566,5,561
119900071,449,13,436
119900073,1080,318,762
119900074,15,24,-9
119900075,2127,1442,685
119900076,569,174,395
119900077,591,369,222
119900078,484,553,-69
119900079,204,94,110
119900080,291,236,55
119900081,311,42,269
119900082,1038,167,871
119900083,280,85,195
119900084,312,178,134
119900085,44,33,11
119900086,252,433,-181
119900087,245,197,48
119900088,38,22,16
119900089,19,267,-248
119900090,77,19,58
119900091,30,433,-403
119900092,16,224,-208
119900093,606,120,486
119900094,17,95,-78
119900095,115,81,34
119900096,19,68,-49
119900097,332,125,207
119900098,40,32,8
119900099,25,107,-82
119900100,1154,1742,-588
119900101,80,885,-805
119900102,32,108,-76
119900103,26,158,-132
119900104,26,74,-48
119900105,633,1144,-511
119900106,8,67,-59
119900107,245,1248,-1003
119900108,1717,378,1339
119900109,16,96,-80
119900110,473,292,181
119900111,75,172,-97
119900112,618,274,344
119900113,49,130,-81
119900114,157,531,-374
119900115,256,529,-273
119900116,76,219,-143
119900117,214,297,-83
119900118,88,392,-304
119900119,171,91,80
119900120,386,281,105
119900121,233,379,-146
119900122,366,251,115
119900123,113,157,-44
119900124,130,319,-189
119900125,34,176,-142
119900126,1693,231,1462
119900127,1112,572,540
119900128,252,283,-31
119900129,179,236,-57
119900130,17,124,-107
119900131,36,119,-83
119900132,17,106,-89
119900133,33,41,-8
119900134,633,127,506
119900135,0,161,-161
119900136,127,193,-66
119900138,206,241,-35
119900139,0,57,-57
119900140,1,72,-71
119900141,57,393,-336
119900142,7,19,-12
119900143,11,96,-85
119900144,750,119,631
119900145,55,94,-39
119900146,88,85,3
119900147,0,92,-92
119900148,120,37,83
119900149,441,2672,-2231
119900150,106,96,10
119900151,990,436,554
119900152,74,115,-41
119900153,115,38,77
119900154,22,156,-134
119900155,27,31,-4
119900156,11,3,8
119900157,99,76,23
119900158,168,52,116
119900159,5,586,-581
119900160,12,56,-44
119900161,83,110,-27
119900162,648,662,-14
119900163,34,68,-34
119900164,1,2,-1
119900165,94,82,12
119900166,56,42,14
119900167,58,39,19
119900168,669,275,394
119900169,19,148,-129
119900170,120,185,-65
119900171,430,184,246
119900172,75,13,62
119900173,4,168,-164
119900174,9,67,-58
119900175,1006,353,653
119900177,17,114,-97
119900178,12,76,-64
119900179,66,300,-234
119900180,694,599,95
119900181,51,68,-17
119900182,1,125,-124
119900183,76,421,-345
119900184,985,281,704
119900185,28,164,-136
119900186,14,544,-530
119900187,4,130,-126
119900188,94,189,-95
119900189,245,326,-81
119900190,67,177,-110
119900191,119,89,30
119900192,28,70,-42
119900193,238,105,133
119900194,28,45,-17
119900195,18,83,-65
119900196,531,198,333
119900197,162,102,60
119900198,79,127,-48
119900199,93,7,86
119900200,370,343,27
119900201,216,82,134
119900202,60,162,-102
119900203,129,344,-215
119900204,207,145,62
119900205,537,230,307
119900206,168,95,73
119900208,146,87,59
119900209,300,821,-521
119900210,27,7,20
119900211,40,3,37
119900212,161,138,23
119900213,6,43,-37
119900214,31,42,-11
119900215,41,40,1
119900216,5,34,-29
119900217,8,29,-21
119900218,5,46,-41
119900219,5,34,-29
119900220,4,37,-33
119900221,10,109,-99
119900222,5,87,-82
119900223,17,29,-12
119900224,3,9,-6
119900225,458,18,440
119900226,318,1240,-922
119900227,534,192,342
119900228,17,141,-124
119900229,251,209,42
119900230,695,236,459
119900231,177,60,117
119900232,135,90,45
119900233,22,1,21
119900234,3,19,-16
119900235,7,13,-6
119900236,13,88,-75
119900237,28,150,-122
119900238,5,39,-34
119900240,55,84,-29
119900241,84,130,-46
119900242,552,855,-303
119900244,335,682,-347
119900245,70,103,-33
119900246,205,395,-190
119900247,28,62,-34
119900248,59,145,-86
119900249,143,68,75
119900253,1058,270,788
119900254,88,501,-413
119900255,60,427,-367
119900256,463,431,32
119900257,64,10,54
119900258,115,12,103
119900259,6,66,-60
119900260,69,3,66
119900261,220,66,154
119900262,2,110,-108
119900263,811,193,618
119900264,61,75,-14
119900265,227,203,24
119900266,212,111,101
119900267,152,220,-68
119900268,92,52,40
119900269,624,468,156
119900271,10,46,-36
119900272,154,80,74
119900275,81,2,79
119900276,41,2,39
119900277,4,2,2
119900278,112,53,59
119900279,85,115,-30
119900280,359,85,274
119900281,0,194,-194
119900282,45,69,-24
119900283,11,114,-103
119900284,47,99,-52
119900285,18,72,-54
119900286,1,8,-7
119900288,4,10,-6
119900289,0,13,-13
119900290,5,4,1
119900291,0,45,-45
119900292,36,21,15
119900293,11,17,-6
119900294,20,5,15
119900295,12,6,6
119900296,13,26,-13
119900297,1,3,-2
119900298,1,0,1
119900299,28,84,-56
119900300,109,58,51
119900301,17,11,6
119900302,10,33,-23
119900303,148,57,91
119900304,87,13,74
119900305,7,63,-56
119900306,7,1,6
119900307,30,52,-22
119900308,1,14,-13
119900309,27,91,-64
119900310,119,143,-24
119900311,98,60,38
119900312,69,39,30
119900313,148,151,-3
119900314,95,273,-178
119900315,1369,1012,357
119900318,10,27,-17
119900319,1,105,-104
119900320,110,260,-150
119900321,45,0,45
119900322,2,32,-30
119900323,1,56,-55
119900324,0,17,-17
119900325,87,75,12
119900326,18,14,4
120000001,3642,11848,-8206
120000002,1781,1795,-14
120000003,1756,1006,750
120000004,1727,1134,593
120000005,2302,1324,978
120000006,916,863,53
120000007,2061,2189,-128
120000008,700,782,-82
120000009,1288,725,563
120000010,1286,1312,-26
120000011,698,860,-162
120000012,1162,1481,-319
120000013,2098,1637,461
120000014,503,874,-371
120000015,1725,903,822
120000016,2624,1559,1065
120000017,2020,1636,384
120000018,2567,8569,-6002
120000019,794,1022,-228
120000020,2160,2409,-249
120000021,1529,1609,-80
120000022,2113,2765,-652
120000023,870,1213,-343
120000024,1024,1771,-747
120000025,1873,1259,614
120000026,1643,1210,433
120000027,1716,1728,-12
120000028,480,1325,-845
120000029,1043,811,232
120000030,100,624,-524
120000031,1271,3171,-1900
120000032,4629,2394,2235
120000033,3411,1050,2361
120000034,1544,1016,528
120000035,1618,1148,470
120000036,2083,2928,-845
120000037,517,1038,-521
120000038,3172,2307,865
120000039,470,471,-1
120000040,49,268,-219
120000041,737,879,-142
120000042,1323,1232,91
120000043,3458,907,2551
120000044,3834,1025,2809
120000045,4758,636,4122
120000046,2752,1824,928
120000047,578,4177,-3599
120000048,4126,2702,1424
120000049,2278,1901,377
120000050,2427,2375,52
120000051,1929,2381,-452
120000052,4852,1482,3370
120000053,1146,1203,-57
120000054,1047,2003,-956
120000055,1339,2574,-1235
120000056,3272,2325,947
120000057,2432,917,1515
120000058,1635,1310,325
120000059,6,1146,-1140
120000061,54,341,-287
120000062,130,275,-145
120000063,1045,1568,-523
120000064,192,596,-404
120000065,367,842,-475
120000066,152,382,-230
120000067,75,314,-239
120000068,148,432,-284
120000069,399,504,-105
120000070,69,365,-296
120000071,493,89,404
120000072,676,300,376
120000073,846,69,777
120000074,174,90,84
120000075,784,195,589
120000076,1661,331,1330
120000077,1530,572,958
120000078,2536,1055,1481
120000079,326,203,123
120000080,140,194,-54
120000081,332,145,187
120000082,272,232,40
120000083,87,552,-465
120000084,270,190,80
120000085,222,216,6
120000086,220,275,-55
120000087,193,256,-63
120000088,614,678,-64
120000089,851,362,489
120000090,503,270,233
120000091,547,641,-94
120000092,762,330,432
120000093,345,262,83
120000094,141,404,-263
120000095,623,235,388
120000096,225,335,-110
120000098,613,439,174
120000099,251,468,-217
120000100,534,559,-25
120000101,436,270,166
120000102,399,673,-274
120000103,1016,698,318
120000104,1536,291,1245
120000105,2618,502,2116
120000106,1971,559,1412
120000107,3071,451,2620
120000108,1075,87,988
120000109,955,61,894
120000110,58,550,-492
120000111,90,584,-494
120000112,532,1282,-750
120000113,521,1016,-495
120000114,771,1255,-484
120000115,241,1182,-941
120000116,438,1089,-651
120000117,603,735,-132
120000118,43,18,25
120000119,12,39,-27
120000120,68,69,-1
120000121,8,44,-36
120000122,161,289,-128
120000123,1959,4429,-2470
120000124,332,224,108
120000125,435,301,134
120000126,260,658,-398
120000127,1118,564,554
120000128,1722,2341,-619
120000129,137,201,-64
120000130,561,326,235
120000131,268,390,-122
120000134,208,408,-200
120000135,373,308,65
120000137,131,504,-373
120000138,836,207,629
120000139,200,291,-91
120000140,666,291,375
120000141,198,220,-22
120000142,427,315,112
120000143,0,69,-69
120000144,72,5,67
120000145,338,1,337
120000146,669,550,119
120000149,440,496,-56
120000150,1662,7658,-5996
120000151,329,270,59
120000152,425,103,322
120000153,132,261,-129
120000154,344,312,32
120000155,101,188,-87
120000156,403,920,-517
120000157,727,347,380
120000158,600,471,129
120000159,1409,1378,31
120000160,1862,1038,824
120000161,1693,1437,256
120000162,63,214,-151
120000163,562,660,-98
120000164,481,194,287
120000165,479,395,84
120000166,1216,313,903
120000167,96,97,-1
120000168,13,308,-295
120000169,42,1433,-1391
120000170,27,868,-841
120000171,9,308,-299
120000172,21,308,-287
120000173,979,1215,-236
120000174,170,64,106
120000175,158,39,119
120000176,132,34,98
120000177,863,128,735
120000178,20,14,6
120000179,66,38,28
120000180,108,54,54
120000181,38,698,-660
120000182,31,360,-329
120000183,4,207,-203
120000184,120,843,-723
120000186,49,546,-497
120000187,30,270,-240
120000188,33,370,-337
120000190,313,42,271
120000191,290,61,229
120000192,399,11,388
120000193,117,1,116
120000195,23,0,23
120000196,102,17,85
120000197,34,50,-16
120000198,154,52,102
120000199,87,1,86
120000200,70,0,70
120000201,21,28,-7
120000202,0,42,-42
120000203,79,139,-60
120000207,0,30,-30
120000208,6,123,-117
120000209,6,39,-33
120000210,52,45,7
120000211,166,1,165
120000212,218,0,218
120000213,158,147,11
120000214,3,124,-121
120000215,2,107,-105
120000216,89,11,78
120000217,354,693,-339
120000218,101,436,-335
120000219,1,271,-270
120000220,2,666,-664
120000225,1351,1,1350
120000226,337,6,331
120000227,812,54,758
120000228,6831,2249,4582
120000230,291,4,287
120000231,984,1263,-279
120000233,317,8,309
120000235,206,388,-182
120000236,757,1,756
120000237,0,617,-617
120000238,2,737,-735
120000241,798,2316,-1518
120000412,376,6,370
120000413,215,126,89
120000414,90,3,87
120000415,2,53,-51
120000416,43,5,38
120000417,4,56,-52
120000418,153,4,149
120000419,3,91,-88
120000420,48,15,33
120000421,5366,3529,1837
120000422,74,1029,-955
120000423,4,51,-47
120000424,96,80,16
120000436,73,494,-421
120000437,90,59,31
120000438,1173,96,1077
120000439,194,391,-197
120000443,155,0,155
120000444,1007,251,756
120000445,1346,688,658
120000446,426,119,307
120000447,148,1,147
120000449,121,0,121
120000450,15,98,-83
120000451,73,78,-5
120000452,292,2,290
120000453,1,143,-142
120000454,64,47,17
120000455,61,33,28
120000456,1574,2464,-890
120000457,564,291,273
120000458,260,317,-57
120000459,51,43,8
120000665,380,157,223
120000668,84,703,-619
120000669,62,132,-70
120000670,99,954,-855
120000671,986,292,694
120000672,70,345,-275
120900001,50,107,-57
120900002,164,304,-140
120900003,130,11,119
120900004,9,62,-53
120900005,128,463,-335
120900006,357,189,168
120900007,129,61,68
120900008,195,596,-401
120900009,457,25,432
120900010,372,74,298
120900011,115,117,-2
120900012,78,795,-717
120900013,244,64,180
120900014,27,240,-213
120900015,582,45,537
120900016,708,48,660
120900017,1231,59,1172
120900018,78,158,-80
120900019,462,273,189
120900020,505,871,-366
120900021,656,163,493
120900022,63,205,-142
120900023,224,11,213
120900024,1142,307,835
120900025,954,580,374
120900026,62,70,-8
120900027,667,19,648
120900028,350,110,240
120900029,65,436,-371
120900030,1087,470,617
120900031,168,90,78
120900032,942,87,855
120900033,847,67,780
120900034,16,1739,-1723
120900035,23,32,-9
120900037,173,14,159
120900038,40,254,-214
120900039,70,37,33
120900040,288,2,286
120900041,60,17,43
120900042,397,26,371
120900043,53,31,22
120900044,13,215,-202
120900045,59,51,8
120900046,422,7,415
120900047,113,95,18
120900048,109,28,81
120900049,444,1,443
120900050,930,859,71
120900051,258,65,193
120900052,447,3,444
120900053,280,32,248
120900054,984,252,732
120900055,372,5,367
120900056,379,11,368
120900057,156,7,149
120900058,481,1,480
120900059,51,1,50
120900060,34,25,9
120900061,145,120,25
120900062,168,1,167
120900063,564,13,551
120900064,604,0,604
120900065,454,0,454
120900066,269,115,154
120900067,145,63,82
120900068,237,0,237
120900069,182,22,160
120900071,15,0,15
120900072,772,9,763
120900073,511,55,456
120900074,340,22,318
120900076,325,0,325
120900077,1204,177,1027
120900078,689,441,248
120900079,605,47,558
120900080,680,843,-163
120900081,829,493,336
120900082,316,259,57
120900083,38,1,37
120900084,290,346,-56
120900085,50,119,-69
120900086,42,218,-176
120900087,316,269,47
120900088,129,317,-188
120900089,1394,2180,-786
120900090,218,49,169
120900091,496,677,-181
120900092,760,246,514
120900093,967,83,884
120900094,276,95,181
120900095,165,3,162
120900096,38,94,-56
120900097,398,334,64
120900098,171,91,80
120900099,50,33,17
120900100,59,107,-48
120900101,358,127,231
120900102,38,50,-12
120900103,57,122,-65
120900104,15,31,-16
120900105,28,202,-174
120900106,862,249,613
120900107,175,64,111
120900108,13,259,-246
120900109,29,280,-251
120900110,13,365,-352
120900111,147,190,-43
120900112,6,421,-415
120900113,6,435,-429
120900114,22,92,-70
120900115,94,189,-95
120900116,266,153,113
120900117,0,256,-256
120900118,5,363,-358
120900119,3969,2370,1599
120900120,43,265,-222
120900121,66,278,-212
120900122,401,211,190
120900123,0,187,-187
120900124,0,294,-294
120900125,1,302,-301
120900126,1207,547,660
120900127,8,246,-238
120900128,914,760,154
120900129,31,119,-88
120900130,11,269,-258
120900131,84,57,27
120900132,752,113,639
120900133,75,337,-262
120900134,667,234,433
120900135,7,275,-268
120900136,33,42,-9
120900137,177,52,125
120900138,17,139,-122
120900139,2,344,-342
120900140,5,33,-28
120900141,73,94,-21
120900142,13,226,-213
120900143,2,375,-373
120900144,0,62,-62
120900145,47,414,-367
120900146,1,525,-524
120900147,4,301,-297
120900148,73,94,-21
120900149,0,123,-123
120900150,35,315,-280
120900151,0,316,-316
120900152,2,10,-8
120900153,56,69,-13
120900154,0,91,-91
120900155,143,554,-411
120900156,45,321,-276
120900157,64,276,-212
120900158,60,320,-260
120900159,168,354,-186
120900160,22,501,-479
120900161,57,339,-282
120900162,85,370,-285
120900163,106,491,-385
120900164,2,72,-70
120900165,18,334,-316
120900166,40,270,-230
120900167,149,64,85
120900169,59,192,-133
120900170,560,2086,-1526
120900171,480,189,291
120900172,244,790,-546
120900173,0,46,-46
120900174,8,52,-44
120900175,150,52,98
120900176,9,244,-235
120900177,1,815,-814
120900178,0,312,-312
120900179,554,235,319
120900180,45,128,-83
120900181,27,13,14
120900182,14,248,-234
120900183,443,43,400
120900184,235,32,203
120900185,2,159,-157
120900186,0,177,-177
120900187,385,439,-54
120900188,153,4,149
120900189,58,1116,-1058
120900190,54,7,47
120900191,10,8,2
120900192,4065,5594,-1529
120900194,48,50,-2
120900195,58,157,-99
120900196,678,26,652
120900197,520,96,424
120900198,191,315,-124
120900199,251,311,-60
120900200,77,119,-42
120900201,349,50,299
120900202,0,63,-63
120900203,18,58,-40
120900204,100,136,-36
120900205,32,24,8
120900206,12,21,-9
120900207,47,552,-505
121000001,538,671,-133
121000002,1432,797,635
121000003,1892,1055,837
121000004,1553,2055,-502
121000005,1130,1653,-523
121000006,1768,1219,549
121000007,1457,1926,-469
121000008,3155,2444,711
121000009,2812,3679,-867
121000010,4726,3605,1121
121000011,4687,7107,-2420
121000012,9214,6332,2882
121000013,3414,4416,-1002
121000014,4223,3548,675
121000015,2520,4996,-2476
121000016,2924,2247,677
121000017,1468,2188,-720
121000018,1879,1089,790
121000019,8284,6789,1495
121000020,8060,9851,-1791
121000021,1469,1599,-130
121000022,1404,1781,-377
121000023,2144,1557,587
121000024,3103,3800,-697
121000025,335,842,-507
121000026,277,130,147
121000027,1061,903,158
121000028,604,315,289
121000029,659,423,236
121000030,470,277,193
121000031,368,459,-91
121000032,162,68,94
121000034,188,127,61
121000035,79,105,-26
121000036,622,501,121
121000037,342,305,37
121000038,298,562,-264
121000039,141,191,-50
121000041,312,301,11
121000042,196,253,-57
121000043,429,345,84
121000044,842,581,261
121000045,273,187,86
121000046,455,495,-40
121000047,41,59,-18
121000049,803,370,433
121000050,228,772,-544
121000051,400,147,253
121000052,228,408,-180
121000053,199,99,100
121000054,28,248,-220
121000055,720,782,-62
121000056,541,656,-115
121000057,130,288,-158
121000058,282,175,107
121000059,1372,757,615
121000060,350,651,-301
121000061,59,186,-127
121000062,88,274,-186
121000063,537,579,-42
121000064,402,496,-94
121000065,217,265,-48
121000066,442,354,88
121000067,268,321,-53
121000068,337,283,54
121000069,200,478,-278
121000070,1048,708,340
121000071,866,864,2
121000072,581,394,187
121000073,625,630,-5
121000074,61,79,-18
121000075,19,152,-133
121000076,325,204,121
121000077,66,133,-67
121000078,74,101,-27
121000080,1095,341,754
121000081,1391,1983,-592
121000082,95,178,-83
121000083,104,61,43
121000084,110,133,-23
121000085,196,289,-93
121000086,196,397,-201
121000087,43,123,-80
121000088,362,320,42
121000089,212,273,-61
121000090,242,238,4
121000091,868,694,174
121000092,151,42,109
121000093,148,150,-2
121000094,331,440,-109
121000095,215,335,-120
121000096,1845,1583,262
121000097,445,1512,-1067
121000098,444,585,-141
121000099,573,435,138
121000100,661,219,442
121000101,339,191,148
121000102,207,152,55
121000103,158,149,9
121000104,165,67,98
121000105,270,149,121
121000106,266,201,65
121000107,1265,1928,-663
121000109,870,808,62
121000110,229,493,-264
121000114,1982,1398,584
121000115,858,376,482
121000116,212,595,-383
121000117,389,163,226
121000118,939,158,781
121000119,204,226,-22
121000120,179,314,-135
121000121,276,820,-544
121000123,675,457,218
121000127,71,54,17
121000128,634,222,412
121000129,900,285,615
121000130,495,461,34
121000131,1096,994,102
121000132,861,1360,-499
121000135,148,225,-77
121000136,739,603,136
121000137,269,201,68
121000138,589,705,-116
121000139,271,255,16
121000141,139,59,80
121000142,421,509,-88
121000143,91,21,70
121000144,452,998,-546
121000145,366,522,-156
121000146,859,702,157
121000147,713,272,441
121000148,584,642,-58
121000149,1411,920,491
121000152,300,226,74
121000153,1054,371,683
121000154,650,316,334
121000155,955,634,321
121000156,311,650,-339
121000157,578,890,-312
121000158,314,296,18
121000159,192,215,-23
121000160,229,192,37
121000161,182,196,-14
121000162,100,95,5
121000165,826,1364,-538
121000166,4,278,-274
121000168,264,120,144
121000169,46,96,-50
121000170,210,42,168
121000171,35,102,-67
121000172,462,350,112
121000173,783,774,9
121000174,290,319,-29
121000175,837,240,597
121000176,238,192,46
121000177,445,288,157
121000178,53,33,20
121000179,44,40,4
121000181,381,197,184
121000182,71,134,-63
121000183,29,75,-46
121000184,25,88,-63
121000185,31,175,-144
121000186,161,369,-208
121000187,159,103,56
121000188,128,60,68
121000192,641,212,429
121000193,451,277,174
121000194,1235,1177,58
121000195,141,576,-435
121000196,409,162,247
121000197,81,354,-273
121000198,126,75,51
121000199,64,154,-90
121000200,357,58,299
121000201,6,96,-90
121000202,509,75,434
121000203,531,1054,-523
121000204,1917,412,1505
121000205,73,109,-36
121000206,75,22,53
121000207,1319,290,1029
121000208,3,165,-162
121000209,293,124,169
121000210,513,200,313
121000211,192,60,132
121000212,318,264,54
121000213,5295,1610,3685
121000214,459,1191,-732
121000215,640,505,135
121000216,342,359,-17
121000217,2520,1888,632
121000218,299,1048,-749
121000219,921,370,551
121000220,114,54,60
121000221,70,193,-123
121000222,1628,1487,141
121000223,295,346,-51
121000224,255,211,44
121000225,777,1721,-944
121000226,1336,954,382
121000227,9,119,-110
121000228,18,386,-368
121000229,218,179,39
121000230,70,999,-929
121000231,763,34,729
121000232,254,193,61
121000233,448,252,196
121000234,25,57,-32
121000235,74,58,16
121000236,12,39,-27
121000237,43,18,25
121000238,3,50,-47
121000239,26,3,23
121000240,9,125,-116
121000241,71,8,63
121000242,61,580,-519
121000243,387,125,262
121000244,7,111,-104
121000245,64,31,33
121000246,1,132,-131
121000247,72,4,68
121000248,622,565,57
121000249,57,131,-74
121000250,327,154,173
121000251,12,239,-227
121000252,74,42,32
121000253,252,270,-18
121000254,523,151,372
121000255,64,185,-121
121000256,143,152,-9
121000257,26,66,-40
121000258,72,75,-3
121000259,33,34,-1
121000260,66,63,3
121000261,50,44,6
121000262,633,314,319
121000263,282,205,77
121000271,166,849,-683
121000273,34,3,31
121000274,11,45,-34
121000275,2,21,-19
121000276,8,29,-21
121000278,48,21,27
121000279,36,18,18
121000280,16,48,-32
121000289,174,19,155
121000290,658,603,55
121000294,110,53,57
121000297,471,705,-234
121000299,100,461,-361
121000300,378,271,107
121000302,21,523,-502
121000303,296,189,107
121000304,362,45,317
121000305,162,35,127
121000306,101,110,-9
121000308,107,177,-70
121000309,219,273,-54
121000310,59,170,-111
121000311,58,409,-351
121000312,225,159,66
121000313,179,286,-107
121000314,60,100,-40
121000315,16,72,-56
121000530,1234,851,383
121000531,1098,1019,79
121000532,4210,5016,-806
121000533,2236,2207,29
121000918,52,89,-37
121000919,41,90,-49
121000938,74,251,-177
121000939,77,289,-212
121000956,968,552,416
121000957,4,11,-7
121000958,18,15,3
121000959,578,319,259
121000960,813,1017,-204
121000961,190,52,138
121000962,258,393,-135
121000963,0,0,0
121000973,1,175,-174
121000976,7,95,-88
121000979,309,83,226
121000981,269,99,170
121000982,316,88,228
121000983,308,143,165
121000984,13,41,-28
121000985,485,273,212
121000986,237,87,150
121000987,157,456,-299
121000988,605,74,531
121001302,165,81,84
121001308,1,15,-14
121001309,13,116,-103
121001313,164,75,89
121001314,1023,1633,-610
121001315,3614,1884,1730
121900001,61,62,-1
121900002,40,59,-19
121900003,251,5,246
121900004,65,196,-131
121900005,18,6,12
121900006,123,16,107
121900007,1203,1021,182
121900008,225,231,-6
121900009,319,10,309
121900010,148,1,147
121900011,76,128,-52
121900012,4,0,4
121900013,632,41,591
121900014,697,282,415
121900015,115,105,10
121900016,6,32,-26
121900017,296,211,85
121900018,267,10,257
121900019,244,120,124
121900020,27,1,26
121900021,626,14,612
121900022,173,154,19
121900023,78,171,-93
121900024,203,58,145
121900025,419,268,151
121900026,234,33,201
121900027,192,69,123
121900028,109,4,105
121900029,41,127,-86
121900030,271,349,-78
121900031,540,3497,-2957
121900032,54,34,20
121900033,116,179,-63
121900034,172,38,134
121900035,1566,1296,270
121900036,51,210,-159
121900037,64,586,-522
121900038,15,98,-83
121900039,207,23,184
121900040,50,57,-7
121900041,68,183,-115
121900042,235,83,152
121900043,1,4,-3
121900044,54,29,25
121900046,129,100,29
121900047,99,37,62
121900048,46,96,-50
121900050,15,29,-14
121900051,82,168,-86
121900052,92,17,75
121900053,224,160,64
121900054,242,596,-354
121900055,7,9,-2
121900058,195,80,115
121900059,238,107,131
121900060,89,272,-183
121900061,127,97,30
121900062,70,64,6
121900063,806,226,580
121900064,187,284,-97
121900066,24,11,13
121900067,21,37,-16
121900069,131,71,60
121900070,85,76,9
121900071,256,136,120
121900072,29,86,-57
121900073,183,158,25
121900074,327,483,-156
121900075,247,360,-113
121900076,274,388,-114
121900077,13,17,-4
121900078,42,19,23
121900079,0,0,0
121900080,420,244,176
121900082,39,61,-22
121900084,16,55,-39
121900085,0,8,-8
121900086,9,39,-30
121900087,107,105,2
121900088,974,1525,-551
121900089,109,130,-21
121900090,12,44,-32
121900091,51,25,26
121900092,32,39,-7
121900093,46,35,11
121900094,28,2,26
121900095,195,86,109
121900096,679,356,323
121900097,395,120,275
121900098,7,6,1
121900099,135,27,108
121900100,104,233,-129
121900101,122,87,35
121900102,1,85,-84
121900103,228,165,63
121900104,998,213,785
121900105,148,106,42
121900106,2,13,-11
121900107,27,16,11
121900108,0,11,-11
121900109,162,88,74
121900110,375,474,-99
121900111,330,126,204
121900112,94,75,19
121900113,40,257,-217
121900114,3,6,-3
121900117,77,66,11
121900118,1073,427,646
121900119,130,43,87
121900120,22,621,-599
121900121,270,24,246
121900122,27,28,-1
121900123,86,191,-105
121900124,96,112,-16
121900125,765,508,257
121900127,6,36,-30
121900128,46,62,-16
121900129,307,108,199
121900130,61,119,-58
121900131,154,96,58
121900132,19,41,-22
121900133,52,859,-807
121900134,15,83,-68
121900135,1744,251,1493
121900136,229,150,79
121900137,24,185,-161
121900138,26,67,-41
121900139,213,511,-298
121900140,55,81,-26
121900141,42,12,30
121900142,78,60,18
121900143,11,71,-60
121900144,94,173,-79
121900145,199,165,34
121900146,350,397,-47
121900147,36,120,-84
121900148,95,141,-46
121900149,174,310,-136
121900150,26,74,-48
121900151,63,199,-136
121900152,47,62,-15
121900153,40,324,-284
121900154,17,138,-121
121900155,0,86,-86
121900156,144,75,69
121900157,2,213,-211
121900158,52,77,-25
121900159,0,144,-144
121900160,14,130,-116
121900161,194,180,14
121900162,51,94,-43
121900163,184,224,-40
121900164,215,132,83
121900165,111,118,-7
121900166,121,48,73
121900167,58,67,-9
121900168,85,178,-93
121900169,7,109,-102
121900170,5,119,-114
121900171,452,411,41
121900172,406,118,288
121900173,403,142,261
121900174,23,31,-8
121900175,88,103,-15
121900176,331,823,-492
121900177,128,45,83
121900178,14,25,-11
121900179,220,177,43
121900180,1481,2770,-1289
121900182,390,209,181
121900183,373,665,-292
121900184,34,306,-272
121900186,8,186,-178
121900187,10,92,-82
121900188,220,183,37
121900189,28,53,-25
121900190,139,239,-100
121900191,33,110,-77
121900192,178,523,-345
121900193,26,95,-69
121900194,2,101,-99
121900195,25,47,-22
121900196,321,497,-176
121900197,160,725,-565
121900198,799,719,80
121900199,4,27,-23
121900200,52,141,-89
121900201,553,385,168
121900202,63,452,-389
121900203,109,616,-507
121900204,417,782,-365
121900205,9,63,-54
121900206,11,19,-8
121900207,111,51,60
121900208,98,187,-89
121900209,47,28,19
121900210,891,611,280
121900211,197,245,-48
121900212,80,82,-2
121900213,182,43,139
121900214,11,270,-259
121900215,42,73,-31
121900216,14,105,-91
121900217,164,86,78
121900218,93,243,-150
121900220,86,13,73
121900221,154,269,-115
121900222,97,80,17
121900223,135,28,107
121900224,56,28,28
121900225,57,90,-33
121900226,188,74,114
121900227,135,322,-187
121900228,98,150,-52
121900230,60,130,-70
121900231,170,505,-335
121900232,85,159,-74
121900233,121,121,0
121900234,201,92,109
121900235,312,65,247
121900236,177,71,106
121900237,98,165,-67
121900238,108,165,-57
121900239,97,19,78
121900240,126,78,48
121900241,33,52,-19
121900242,25,31,-6
121900243,2,0,2
121900244,2,0,2
121900245,203,37,166
121900246,1882,220,1662
121900247,117,130,-13
121900248,580,675,-95
121900250,121,210,-89
121900251,260,28,232
121900252,292,71,221
121900253,115,623,-508
121900254,309,161,148
121900255,252,58,194
121900258,2374,1171,1203
121900259,262,350,-88
121900260,85,103,-18
121900261,132,376,-244
121900262,263,551,-288
121900263,178,141,37
121900264,993,670,323
121900265,225,161,64
121900266,371,69,302
121900267,67,36,31
121900269,114,488,-374
121900270,25,119,-94
121900271,17,53,-36
121900273,299,941,-642
121900274,199,140,59
121900277,211,529,-318
121900278,50,523,-473
121900279,84,103,-19
121900280,47,183,-136
121900281,160,217,-57
121900284,51,6,45
121900286,60,54,6
121900287,6,16,-10
121900288,2,0,2
121900290,139,226,-87
121900291,243,424,-181
121900292,78,73,5
121900293,689,1742,-1053
121900294,170,1,169
121900295,118,125,-7
121900296,31,53,-22
121900298,124,615,-491
121900299,0,5,-5
121900300,74,8,66
121900301,84,1,83
121900302,0,20,-20
121900303,225,155,70
121900304,0,18,-18
121900305,1,17,-16
121900306,147,4,143
121900307,93,5,88
121900308,12,144,-132
121900309,2,105,-103
121900310,17,191,-174
121900311,355,13,342
121900312,165,9,156
121900313,255,16,239
121900314,6,37,-31
121900315,3,0,3
121900316,0,12,-12
121900317,3,2,1
121900318,2,9,-7
121900319,25,33,-8
121900320,24,54,-30
121900321,14,0,14
121900322,1,13,-12
121900323,11,6,5
121900324,0,44,-44
121900325,6,0,6
121900326,3,8,-5
121900327,1,36,-35
121900328,0,14,-14
121900329,0,57,-57
121900330,0,54,-54
121900331,5,5,0
121900332,36,29,7
121900333,31,0,31
121900334,44,42,2
122000001,1025,3251,-2226
122000002,1860,918,942
122000003,1017,1848,-831
122000004,1655,966,689
122000005,1518,1423,95
122000006,1036,701,335
122000007,531,1095,-564
122000008,1482,2671,-1189
122000009,241,245,-4
122000010,1530,1968,-438
122000011,2153,1090,1063
122000012,664,1212,-548
122000013,642,706,-64
122000014,1414,741,673
122000015,851,675,176
122000016,328,581,-253
122000017,787,792,-5
122000018,994,943,51
122000019,554,737,-183
122000020,112,188,-76
122000021,166,287,-121
122000022,785,623,162
122000023,526,941,-415
122000024,436,885,-449
122000025,562,1290,-728
122000026,499,989,-490
122000027,375,969,-594
122000028,672,315,357
122000029,223,299,-76
122000030,160,112,48
122000031,94,207,-113
122000032,1385,1465,-80
122000033,367,1020,-653
122000034,322,434,-112
122000035,161,478,-317
122000036,367,325,42
122000037,229,158,71
122000038,120,188,-68
122000039,391,251,140
122000040,158,163,-5
122000041,342,376,-34
122000042,250,300,-50
122000043,93,88,5
122000044,96,119,-23
122000045,962,410,552
122000046,523,423,100
122000047,114,101,13
122000048,1884,2646,-762
122000049,3159,2180,979
122000050,796,541,255
122000051,124,306,-182
122000052,264,326,-62
122000053,107,638,-531
122000054,1329,1094,235
122000055,1259,2206,-947
122000056,2438,2118,320
122000057,1829,2456,-627
122000058,1111,1153,-42
122000059,1210,1682,-472
122000060,324,494,-170
122000061,222,381,-159
122000062,533,197,336
122000063,569,545,24
122000064,2063,2119,-56
122000065,1920,1491,429
122000066,700,633,67
122000067,848,743,105
122000068,1010,631,379
122000069,474,487,-13
122000070,555,707,-152
122000071,1151,539,612
122000072,238,305,-67
122000073,204,550,-346
122000074,1656,940,716
122000075,475,669,-194
122000076,2336,877,1459
122000077,545,881,-336
122000078,987,2241,-1254
122000079,558,912,-354
122000080,380,262,118
122000081,109,132,-23
122000082,347,694,-347
122000083,1066,900,166
122000084,1026,488,538
122000085,157,528,-371
122000086,1250,2990,-1740
122000087,182,165,17
122000088,113,247,-134
122000089,2656,1274,1382
122000090,98,364,-266
122000091,98,67,31
122000092,73,10,63
122000093,1072,1536,-464
122000094,2727,1399,1328
122000095,849,2033,-1184
122000096,673,964,-291
122000098,1622,1577,45
122000099,861,512,349
122000100,486,303,183
122000101,194,309,-115
122000102,1102,710,392
122000103,990,912,78
122000104,360,82,278
122000105,317,183,134
122000106,322,404,-82
122000107,756,284,472
122000108,317,502,-185
122000109,297,205,92
122000110,306,394,-88
122000111,1956,848,1108
122000112,777,889,-112
122000113,500,400,100
122000114,1636,1101,535
122000115,1300,853,447
122000116,321,410,-89
122000117,678,275,403
122000118,377,513,-136
122000119,1688,1215,473
122000120,938,2393,-1455
122000121,853,1535,-682
122000122,406,824,-418
122000123,1045,1155,-110
122000124,578,343,235
122000125,406,492,-86
122000126,378,583,-205
122000127,665,687,-22
122000128,258,408,-150
122000129,350,814,-464
122000130,1839,917,922
122000131,700,778,-78
122000132,274,342,-68
122000133,617,654,-37
122000134,634,551,83
122000135,439,392,47
122000136,518,421,97
122000137,987,607,380
122000139,702,1898,-1196
122000140,448,453,-5
122000141,1913,564,1349
122000142,158,453,-295
122000143,247,261,-14
122000144,733,817,-84
122000145,424,395,29
122000146,266,783,-517
122000147,355,317,38
122000148,863,1157,-294
122000149,1303,984,319
122000150,760,590,170
122000151,99,316,-217
122000152,203,252,-49
122000153,256,235,21
122000154,184,207,-23
122000155,964,1476,-512
122000156,1579,1826,-247
122000157,782,1473,-691
122000158,235,464,-229
122000159,402,1139,-737
122000160,1652,1516,136
122000161,777,633,144
122000162,992,1141,-149
122000163,147,47,100
122000164,28,59,-31
122000165,489,436,53
122000166,627,591,36
122000167,215,198,17
122000168,123,398,-275
122000169,199,142,57
122000170,231,139,92
122000171,48,69,-21
122000172,1206,871,335
122000173,880,1487,-607
122000174,1551,687,864
122000175,682,177,505
122000176,192,611,-419
122000177,981,1066,-85
122000178,1756,1430,326
122000179,999,1730,-731
122000180,950,1055,-105
122000181,1001,2165,-1164
122000182,1153,1079,74
122000183,1191,671,520
122000184,1854,1645,209
122000185,786,1289,-503
122000186,294,623,-329
122000187,1177,576,601
122000188,271,174,97
122000189,160,236,-76
122000190,581,726,-145
122000191,548,409,139
122000192,634,220,414
122000193,242,405,-163
122000194,308,102,206
122000195,118,371,-253
122000196,605,407,198
122000197,314,451,-137
122000198,300,656,-356
122000199,199,228,-29
122000200,557,393,164
122000201,758,1259,-501
122000202,786,1025,-239
122000203,1539,1053,486
122000204,740,1209,-469
122000205,686,770,-84
122000206,1607,603,1004
122000207,1308,766,542
122000208,1295,768,527
122000209,1265,298,967
122000210,1269,1028,241
122000211,776,734,42
122000212,547,330,217
122000213,618,821,-203
122000214,1387,1125,262
122000215,1353,1181,172
122000217,1069,987,82
122000218,490,49,441
122000219,672,480,192
122000220,202,449,-247
122000221,40,263,-223
122000222,348,83,265
122000223,814,366,448
122000225,464,168,296
122000226,917,977,-60
122000227,162,1272,-1110
122000228,214,195,19
122000229,9,281,-272
122000230,43,210,-167
122000231,127,366,-239
122000232,398,411,-13
122000233,0,64,-64
122000234,259,41,218
122000235,288,62,226
122000236,779,34,745
122000237,59,67,-8
122000238,204,222,-18
122000239,384,88,296
122000240,792,374,418
122000241,1080,288,792
122000242,347,46,301
122000243,199,23,176
122000244,67,179,-112
122000245,64,111,-47
122000246,243,110,133
122000247,288,299,-11
122000248,583,728,-145
122000249,746,581,165
122000250,1498,732,766
122000251,114,308,-194
122000252,336,67,269
122000253,38,153,-115
122000254,217,58,159
122000255,405,736,-331
122000256,189,469,-280
122000257,135,164,-29
122000258,240,142,98
122000259,13,254,-241
122000260,5,39,-34
122000261,19,112,-93
122000262,1,12,-11
122000263,127,84,43
122000264,888,150,738
122000265,1368,660,708
122000266,2500,522,1978
122000267,90,67,23
122000268,93,206,-113
122000269,578,200,378
122000270,344,114,230
122000271,195,753,-558
122000272,280,519,-239
122000273,324,213,111
122000274,161,82,79
122000275,32,119,-87
122000276,564,318,246
122000277,791,1049,-258
122000278,1207,331,876
122000279,152,208,-56
122000280,571,301,270
122000281,532,376,156
122000282,126,296,-170
122000283,149,88,61
122000284,129,35,94
122000285,261,57,204
122000286,49,95,-46
122000287,974,977,-3
122000288,388,163,225
122000291,1343,423,920
122000293,120,127,-7
122000294,130,193,-63
122000295,868,116,752
122000296,11,358,-347
122000297,1206,2223,-1017
122000299,424,205,219
122000300,324,373,-49
122000301,4357,1965,2392
122000302,432,1175,-743
122000303,1780,759,1021
122000304,65,130,-65
122000305,947,134,813
122000306,20,284,-264
122000307,68,78,-10
122000309,22,43,-21
122000310,29,110,-81
122000311,193,114,79
122000312,109,150,-41
122000313,166,61,105
122000314,82,153,-71
122000315,196,33,163
122000316,616,117,499
122000317,985,191,794
122000318,205,593,-388
122000319,112,208,-96
122000320,183,577,-394
122000321,54,85,-31
122000322,1118,1304,-186
122000323,732,1563,-831
122000324,784,838,-54
122000325,536,1291,-755
122000326,81,70,11
122000327,264,530,-266
122000328,409,252,157
122000330,1200,574,626
122000332,160,271,-111
122000333,15,75,-60
122000337,756,669,87
122000338,268,150,118
122000340,226,395,-169
122000342,753,538,215
122000343,335,514,-179
122000344,85,20,65
122000345,24,15,9
122000346,200,171,29
122000348,414,366,48
122000349,68,222,-154
122000351,140,140,0
122000352,231,109,122
122000353,88,52,36
122000355,112,270,-158
122000356,698,726,-28
122000357,74,11,63
122000358,0,36,-36
122000359,0,27,-27
122000360,0,26,-26
122000362,7,32,-25
122000364,100,136,-36
122000365,0,23,-23
122000366,10,4,6
122000368,261,367,-106
122000370,17,21,-4
122000371,21,0,21
122000372,18,0,18
122000381,100,210,-110
122000382,48,98,-50
122000384,1249,736,513
122000385,31,0,31
122000386,150,773,-623
122000387,271,402,-131
122000388,670,410,260
122000389,114,546,-432
122000390,188,169,19
122000391,187,187,0
122000392,99,116,-17
122000393,27,101,-74
122000394,351,130,221
122000395,89,88,1
122000396,177,73,104
122000397,20,20,0
122000398,11,21,-10
122000399,83,55,28
122000400,76,405,-329
122000401,128,37,91
122000402,193,83,110
122000403,251,367,-116
122000404,119,103,16
122000408,472,677,-205
122000503,9,86,-77
122000524,90,116,-26
122000544,47,1131,-1084
122000616,218,1,217
122000640,64,41,23
122000641,116,139,-23
122000642,803,453,350
122000643,46,92,-46
122000644,78,17,61
122000645,55,125,-70
122000651,637,821,-184
122000664,99,24,75
122000665,817,362,455
122000666,379,771,-392
122000673,33,125,-92
122000674,147,55,92
122000675,1280,428,852
122000686,218,557,-339
122000687,831,189,642
122000688,153,269,-116
122000689,672,219,453
122000690,1768,220,1548
122000691,516,751,-235
122000692,831,198,633
122000693,238,728,-490
122000695,230,169,61
122000696,314,97,217
122000698,247,202,45
122000699,142,33,109
122000701,1162,184,978
122000702,325,599,-274
122000703,131,37,94
122000712,0,0,0
122000717,39,29,10
122000718,181,511,-330
122000719,73,46,27
122000720,346,95,251
122000724,60,13,47
122900001,34,3,31
122900002,678,3590,-2912
122900003,260,27,233
122900004,772,38,734
122900005,51,41,10
122900006,237,339,-102
122900007,101,43,58
122900008,191,153,38
122900009,341,258,83
122900010,108,71,37
122900012,133,245,-112
122900014,95,116,-21
122900015,646,501,145
122900016,81,143,-62
122900017,221,317,-96
122900018,88,16,72
122900019,7,79,-72
122900020,122,240,-118
122900021,25,226,-201
122900022,656,550,106
122900023,407,122,285
122900024,75,72,3
122900025,3,190,-187
122900026,23,153,-130
122900027,35,423,-388
122900028,77,82,-5
122900029,2662,1678,984
122900030,587,333,254
122900031,74,152,-78
122900032,68,177,-109
122900033,155,73,82
122900034,2476,2706,-230
122900035,9,18,-9
122900036,31,55,-24
122900037,237,66,171
122900038,38,1605,-1567
122900039,72,350,-278
122900040,153,235,-82
122900041,235,227,8
122900042,98,162,-64
122900043,166,165,1
122900044,71,197,-126
122900045,91,64,27
122900046,109,194,-85
122900047,67,134,-67
122900048,26,113,-87
122900049,891,105,786
122900051,59,86,-27
122900052,96,115,-19
122900053,19,19,0
122900055,156,80,76
122900057,167,33,134
122900061,289,101,188
122900062,377,379,-2
122900063,113,137,-24
122900064,540,284,256
122900065,310,148,162
122900066,393,231,162
122900067,554,301,253
122900068,81,167,-86
122900069,184,718,-534
122900070,262,31,231
122900071,93,157,-64
122900072,10,230,-220
122900073,16,98,-82
122900074,544,312,232
122900075,3,21,-18
122900076,7,77,-70
122900077,2,68,-66
122900078,119,30,89
122900080,24,36,-12
122900081,100,84,16
122900082,557,88,469
122900083,92,65,27
122900084,2,108,-106
122900086,6,88,-82
122900087,197,295,-98
122900088,30,149,-119
122900089,4,129,-125
122900090,3,166,-163
122900091,180,1,179
122900092,0,63,-63
122900093,1,100,-99
122900094,2,75,-73
122900095,124,11,113
122900096,131,41,90
122900097,9,20,-11
122900098,43,66,-23
122900099,77,17,60
122900100,69,151,-82
122900101,397,161,236
122900102,29,18,11
122900103,124,8,116
122900104,128,3,125
122900105,32,4,28
122900106,5,28,-23
122900107,6,86,-80
122900108,2,88,-86
123000001,806,285,521
123000002,1876,3459,-1583
123000003,2553,2791,-238
123000004,2077,2702,-625
123000005,1984,1856,128
123000006,1607,1392,215
123000007,2648,1808,840
123000008,1758,1953,-195
123000009,3047,1854,1193
123000010,2073,2239,-166
123000011,1502,614,888
123000012,452,1418,-966
123000013,2496,617,1879
123000014,612,2125,-1513
123000015,1429,592,837
123000016,1944,2456,-512
123000017,2464,1345,1119
123000018,93,57,36
123000019,319,85,234
123000020,178,30,148
123000021,131,134,-3
123000022,288,1007,-719
123000023,1215,1228,-13
123000024,1210,447,763
123000025,209,71,138
123000026,14,41,-27
123000027,89,400,-311
123000028,708,732,-24
123000029,383,854,-471
123000030,188,105,83
123000031,180,104,76
123000032,368,61,307
123000033,215,54,161
123000034,807,487,320
123000035,235,230,5
123000036,188,559,-371
123000037,132,128,4
123000038,43,178,-135
123000039,289,910,-621
123000040,471,163,308
123000041,760,786,-26
123000042,505,408,97
123000043,1445,6892,-5447
123000044,2461,1492,969
123000045,2944,1512,1432
123000046,383,935,-552
123000047,825,666,159
123000048,38,662,-624
123000049,3675,6182,-2507
123000050,1101,989,112
123000051,89,145,-56
123000052,507,2332,-1825
123000053,1855,1864,-9
123000054,947,886,61
123000055,911,1718,-807
123000056,776,956,-180
123000057,4319,3869,450
123000058,408,715,-307
123000059,249,321,-72
123000060,619,249,370
123000061,170,455,-285
123000063,613,635,-22
123000064,685,183,502
123000065,2050,1387,663
123000066,362,327,35
123000067,603,316,287
123000068,1389,1612,-223
123000069,3827,1599,2228
123000070,173,427,-254
123000071,832,522,310
123000072,729,445,284
123000073,1128,548,580
123000074,830,577,253
123000075,287,778,-491
123000076,545,351,194
123000077,1380,1333,47
123000078,1331,1028,303
123000079,1307,1137,170
123000080,1369,859,510
123000081,99,188,-89
123000082,188,544,-356
123000083,735,207,528
123000084,469,352,117
123000085,279,44,235
123000086,522,58,464
123000087,225,131,94
123000088,669,406,263
123000089,632,717,-85
123000090,821,542,279
123000091,1031,932,99
123000092,685,729,-44
123000094,357,147,210
123000095,430,410,20
123000096,632,191,441
123000097,447,355,92
123000098,598,247,351
123000099,475,332,143
123000100,318,483,-165
123000101,420,391,29
123000102,322,465,-143
123000104,208,312,-104
123000105,316,329,-13
123000106,361,325,36
123000107,273,329,-56
123000108,384,708,-324
123000111,727,224,503
123000112,915,302,613
123000113,400,522,-122
123000114,195,419,-224
123000115,190,136,54
123000116,30,79,-49
123000117,1072,885,187
123000118,272,414,-142
123000119,162,420,-258
123000120,229,465,-236
123000121,398,346,52
123000122,241,187,54
123000123,364,409,-45
123000124,287,290,-3
123000125,828,849,-21
123000126,900,2400,-1500
123000127,444,420,24
123000128,175,200,-25
123000129,602,165,437
123000130,481,51,430
123000131,714,520,194
123000132,186,348,-162
123000133,121,223,-102
123000134,170,88,82
123000135,1454,658,796
123000136,123,368,-245
123000137,68,135,-67
123000138,93,185,-92
123000139,353,52,301
123000140,64,360,-296
123000141,474,85,389
123000142,716,606,110
123000143,699,1067,-368
123000144,14,17,-3
123000145,91,69,22
123000146,20,52,-32
123000147,50,65,-15
123000149,192,248,-56
123000150,104,177,-73
123000151,149,317,-168
123000152,21,231,-210
123000153,92,425,-333
123000154,884,1226,-342
123000155,1104,789,315
123000156,12,82,-70
123000157,376,469,-93
123000158,400,546,-146
123000159,1984,1801,183
123000160,681,488,193
123000161,1255,764,491
123000162,681,1053,-372
123000163,313,47,266
123000164,1040,246,794
123000165,278,691,-413
123000166,29,68,-39
123000167,128,135,-7
123000168,229,147,82
123000169,589,83,506
123000170,104,60,44
123000171,471,9,462
123000172,104,237,-133
123000173,404,171,233
123000174,698,271,427
123000175,397,605,-208
123000176,598,131,467
123000177,141,345,-204
123000178,562,105,457
123000179,23,338,-315
123000180,1151,196,955
123000181,192,644,-452
123000182,129,137,-8
123000183,107,347,-240
123000184,51,241,-190
123000185,507,252,255
123000186,3,227,-224
123000187,510,3,507
123000188,131,0,131
123000189,121,105,16
123000190,32,59,-27
123000192,29,203,-174
123000193,72,484,-412
123000194,288,183,105
123000195,231,23,208
123000196,230,14,216
123000197,52,69,-17
123000198,28,817,-789
123000199,12,554,-542
123000200,463,8,455
123000201,919,15,904
123000202,23,533,-510
123000203,806,55,751
123000204,50,604,-554
123000205,367,802,-435
123000206,1662,185,1477
123000207,61,444,-383
123000208,371,129,242
123000209,1651,503,1148
123000210,333,1136,-803
123000211,408,1097,-689
123000212,2218,338,1880
123000213,467,63,404
123000215,66,135,-69
123000216,140,419,-279
123000217,144,22,122
123000218,27,356,-329
123000219,292,35,257
123000220,368,51,317
123000221,99,48,51
123000222,294,182,112
123000223,263,132,131
123000224,342,183,159
123000225,193,33,160
123000226,52,157,-105
123000227,53,147,-94
123000228,159,34,125
123000229,586,823,-237
123000232,60,321,-261
123000233,449,76,373
123000234,67,335,-268
123000235,772,159,613
123000236,149,387,-238
123000237,267,55,212
123000238,48,230,-182
123000239,299,590,-291
123000240,40,322,-282
123000241,311,60,251
123000242,103,86,17
123000243,484,632,-148
123000244,569,485,84
123000245,29,103,-74
123000249,211,333,-122
123000252,578,183,395
123000253,922,384,538
123000254,539,403,136
123000255,771,527,244
123000256,15,92,-77
123000257,1531,932,599
123000258,598,435,163
123000259,262,308,-46
123000260,372,237,135
123000261,160,59,101
123000262,99,99,0
123000263,348,60,288
123000264,151,58,93
123000265,35,92,-57
123000266,345,333,12
123000267,449,257,192
123000268,36,45,-9
123000269,35,42,-7
123000270,20,47,-27
123000271,39,36,3
123000272,462,172,290
123000273,234,442,-208
123000274,843,327,516
123000275,157,448,-291
123000278,1278,1444,-166
123000279,83,51,32
123000280,221,223,-2
123000281,221,56,165
123000282,47,163,-116
123000283,105,27,78
123000284,50,51,-1
123000286,133,242,-109
123000287,252,180,72
123000288,770,576,194
123000289,234,658,-424
123000291,123,591,-468
123000294,167,164,3
123000295,784,684,100
123000296,532,320,212
123000297,543,302,241
123000298,534,211,323
123000299,45,119,-74
123000300,683,605,78
123000301,106,158,-52
123000302,82,78,4
123000303,68,156,-88
123000305,537,599,-62
123000306,115,71,44
123000309,49,44,5
123000310,42,26,16
123000311,0,48,-48
123000312,321,286,35
123000313,376,200,176
123000315,140,157,-17
123000316,531,143,388
123000317,146,92,54
123000318,41,132,-91
123000329,7,11,-4
123000337,702,499,203
123000338,215,93,122
123000339,181,27,154
123000340,73,171,-98
123000342,7,72,-65
123000343,28,7,21
123000344,750,235,515
123000345,192,342,-150
123000346,390,47,343
123000352,667,564,103
123000353,26,65,-39
123000354,135,1,134
123000355,4,149,-145
123000356,201,1,200
123000357,2,52,-50
123000359,4,68,-64
123000360,116,38,78
123000361,93,153,-60
123000362,252,70,182
123000363,72,74,-2
123000364,358,364,-6
123000365,23,217,-194
123000366,240,1353,-1113
123000367,191,407,-216
123000370,11,78,-67
123000371,235,15,220
123000372,245,14,231
123000373,7,144,-137
123000374,2,75,-73
123000375,209,21,188
123000376,658,426,232
123000377,278,10,268
123000378,9,109,-100
123000379,0,72,-72
123000380,30,207,-177
123000381,90,75,15
123000382,463,51,412
123000383,47,668,-621
123000384,330,73,257
123000385,109,292,-183
123000436,21,649,-628
123000507,148,207,-59
123000508,111,629,-518
123000517,171,23,148
123000518,18,139,-121
123000519,98,46,52
123000520,26,117,-91
123000521,233,65,168
123000522,119,207,-88
123000541,5,0,5
123000542,0,4,-4
123000565,548,28,520
123000566,224,225,-1
123000567,54,118,-64
123000573,11,368,-357
123000574,459,28,431
123000575,1038,552,486
123000576,643,685,-42
123000577,50,325,-275
123000578,326,45,281
123000579,1136,3646,-2510
123000580,112,18,94
123000582,310,27,283
123000583,17,219,-202
123000584,120,221,-101
123000585,1,37,-36
123000586,50,1,49
123000596,53,38,15
123000597,55,128,-73
123000602,24,2,22
123000603,541,290,251
123000604,346,314,32
123000605,573,88,485
123000606,1,292,-291
123000609,10,170,-160
123000610,104,80,24
123000613,29,148,-119
123000614,113,27,86
123000615,37,103,-66
123000616,448,19,429
123000617,62,118,-56
123000618,49,362,-313
123000619,334,25,309
123000620,8,225,-217
123000622,279,6,273
123000624,93,48,45
123000630,1072,261,811
123000631,183,551,-368
123000632,437,397,40
123000633,0,134,-134
123000634,25,114,-89
123000635,61,70,-9
123000636,29,277,-248
123000637,146,21,125
123000638,343,28,315
123000639,503,2744,-2241
123000640,29,337,-308
123000648,302,74,228
123000649,23,215,-192
123900001,649,48,601
123900002,17,832,-815
123900003,188,198,-10
123900005,163,125,38
123900006,243,39,204
124000001,1388,147,1241
124000002,60,832,-772
124000003,693,95,598
124000004,38,265,-227
124000005,764,377,387
124000006,126,465,-339
124000007,316,74,242
124000008,3,293,-290
124000009,576,150,426
124000010,146,247,-101
124000011,722,187,535
124000012,167,266,-99
124000017,138,95,43
124000018,84,37,47
124000019,100,64,36
124000020,31,83,-52
124000021,115,48,67
124000022,51,138,-87
124000023,936,990,-54
124000024,671,303,368
124000025,776,1117,-341
124000026,660,672,-12
124000027,3413,3179,234
124000028,1041,2835,-1794
124000030,1660,879,781
124000031,994,2801,-1807
124000032,1226,473,753
124000033,770,373,397
124000034,465,578,-113
124000035,237,116,121
124000036,106,336,-230
124000037,162,839,-677
124000038,13,72,-59
124000039,540,343,197
124000040,361,741,-380
124000041,302,50,252
124000042,70,222,-152
124000043,57,49,8
124000044,47,110,-63
124000045,583,276,307
124000046,180,377,-197
124000047,1139,440,699
124000048,679,542,137
124000049,1213,300,913
124000050,457,728,-271
124000051,752,268,484
124000052,396,437,-41
124000053,301,1049,-748
124000054,505,231,274
124000055,993,1771,-778
124000056,1133,767,366
124000057,803,300,503
124000058,270,647,-377
124000059,484,810,-326
124000060,607,334,273
124000061,1079,4439,-3360
124000062,2815,1072,1743
124000063,840,931,-91
124000064,1026,740,286
124000065,80,383,-303
124000066,203,60,143
124000067,195,99,96
124000068,80,99,-19
124000069,600,147,453
124000070,222,325,-103
124000071,108,61,47
124000072,117,258,-141
124000073,633,108,525
124000074,140,390,-250
124000075,217,25,192
124000076,6,72,-66
124000077,849,418,431
124000078,1506,892,614
124000079,226,701,-475
124000080,469,117,352
124000081,116,295,-179
124000082,57,116,-59
124000083,59,49,10
124000084,70,378,-308
124000085,86,33,53
124000086,23,84,-61
124000087,51,90,-39
124000088,58,162,-104
124000089,543,160,383
124000090,86,168,-82
124000091,403,81,322
124000092,108,375,-267
124000093,90,37,53
124000094,62,306,-244
124000095,94,60,34
124000096,96,119,-23
124000097,71,94,-23
124000098,54,66,-12
124000099,152,55,97
124000100,31,80,-49
124000101,54,70,-16
124000102,49,27,22
124000103,74,92,-18
124000104,43,23,20
124000105,79,64,15
124000106,57,44,13
124000107,17,111,-94
124000108,47,20,27
124000109,95,77,18
124000110,120,47,73
124000111,148,100,48
124000112,498,306,192
124000113,86,61,25
124000114,215,235,-20
124000115,209,294,-85
124000116,96,106,-10
124000117,32,56,-24
124000118,29,56,-27
124000119,512,200,312
124000120,321,203,118
124000121,1228,538,690
124000122,322,767,-445
124000123,640,293,347
124000124,312,568,-256
124000125,293,334,-41
124000126,198,355,-157
124000127,684,217,467
124000128,416,482,-66
124000129,1413,930,483
124000130,471,316,155
124000131,623,375,248
124000132,473,402,71
124000133,725,515,210
124000134,544,309,235
124000135,1024,1130,-106
124000136,562,541,21
124000137,620,466,154
124000138,663,675,-12
124000139,303,23,280
124000140,14,219,-205
124000141,332,10,322
124000142,31,184,-153
124000143,84,8,76
124000144,8,85,-77
124000145,84,14,70
124000146,16,43,-27
124000148,11,65,-54
124000149,728,310,418
124000150,189,413,-224
124000151,643,233,410
124000152,413,727,-314
124000153,444,408,36
124000154,195,323,-128
124000155,867,645,222
124000156,948,561,387
124000169,163,294,-131
124000170,270,271,-1
124000171,214,146,68
124000172,156,268,-112
124000173,299,135,164
124000174,286,276,10
124000175,8,38,-30
124000176,36,9,27
124000177,4,18,-14
124000178,31,45,-14
124000190,25,32,-7
124000191,50,138,-88
124000192,1089,320,769
124000193,174,633,-459
124000194,223,220,3
124000195,234,462,-228
124000196,560,538,22
124000197,26,28,-2
124000198,31,31,0
124000201,217,326,-109
124000202,430,165,265
124000203,291,239,52
124000204,697,175,522
124000205,49,174,-125
124000206,602,175,427
124000207,0,27,-27
124000209,170,182,-12
124000210,401,124,277
124000211,588,2,586
124000212,0,142,-142
124000213,375,142,233
124000214,343,255,88
124000215,315,25,290
124000216,4,191,-187
124000329,71,615,-544
124000338,76,303,-227
124000339,793,66,727
124000341,1156,37,1119
124000344,16,2,14
124000357,887,1695,-808
124000358,660,1003,-343
124000359,873,424,449
124000360,630,296,334
124000361,1562,852,710
124000362,814,1027,-213
124000363,211,226,-15
124000364,348,421,-73
124000365,448,637,-189
124000366,942,563,379
124000367,72,253,-181
124000368,284,371,-87
124000369,111,64,47
124000370,56,406,-350
124000402,8,2,6
124000403,88,9,79
124000404,6,46,-40
124000405,724,522,202
124000406,412,443,-31
124000407,0,21,-21
124000411,3,115,-112
124000412,372,5,367
124000413,124,26,98
124000414,41,45,-4
124000415,30,65,-35
124000416,68,59,9
124000417,107,69,38
124000418,133,46,87
124000419,74,30,44
124000420,81,29,52
124000421,41,69,-28
124000422,3,11,-8
124000423,80,25,55
124000424,1,69,-68
124000425,105,20,85
124000426,15,86,-71
124000427,89,7,82
124000428,6,49,-43
124000429,58,20,38
124000430,491,224,267
124000431,125,208,-83
124000432,181,424,-243
124000439,12,4,8
124000443,1,6,-5
124000445,243,928,-685
124000446,726,161,565
124000447,0,3,-3
124900001,561,298,263
124900002,90,130,-40
124900003,961,404,557
124900004,641,211,430
124900005,159,104,55
124900006,576,220,356
124900008,730,393,337
124900009,134,263,-129
124900010,107,72,35
124900011,405,181,224
124900012,306,104,202
124900013,377,111,266
124900014,224,42,182
124900015,104,228,-124
124900016,68,49,19
124900017,296,1030,-734
124900018,41,6,35
124900020,52,32,20
124900021,218,19,199
124900022,21,2,19
124900024,197,0,197
124900026,99,18,81
124900027,150,339,-189
124900028,203,72,131
124900029,6,359,-353
124900030,0,55,-55
124900031,32,117,-85
124900032,90,138,-48
124900033,103,140,-37
124900034,0,70,-70
124900035,131,197,-66
124900036,1,36,-35
124900037,118,123,-5
124900038,174,188,-14
124900039,1,36,-35
124900040,78,65,13
124900041,222,636,-414
124900042,90,1,89
124900043,405,560,-155
124900044,74,3,71
124900045,390,763,-373
124900047,116,108,8
124900048,134,53,81
124900050,95,118,-23
124900052,53,244,-191
124900053,90,205,-115
124900054,607,293,314
124900055,1,84,-83
124900057,5,41,-36
124900060,27,70,-43
124900061,74,7,67
124900062,139,17,122
124900066,0,5,-5
124900067,5,65,-60
124900068,145,331,-186
124900070,43,13,30
124900072,103,15,88
124900075,194,130,64
124900076,20,851,-831
124900077,19,44,-25
124900078,61,8,53
124900079,272,108,164
124900080,202,307,-105
124900081,1008,231,777
124900082,298,483,-185
124900083,167,283,-116
124900085,579,411,168
124900086,39,950,-911
124900087,386,69,317
124900088,376,78,298
124900089,738,26,712
124900090,269,154,115
124900091,181,165,16
124900092,130,107,23
124900093,231,108,123
124900094,325,133,192
124900095,80,294,-214
124900096,288,149,139
124900097,260,44,216
124900098,77,160,-83
124900099,286,279,7
124900100,181,20,161
124900101,30,199,-169
124900102,155,1,154
124900103,98,75,23
124900104,94,80,14
124900105,66,42,24
124900106,246,31,215
124900107,66,14,52
124900108,125,67,58
124900111,0,88,-88
124900112,54,211,-157
124900113,59,255,-196
124900114,63,85,-22
124900115,16,29,-13
124900116,176,150,26
124900117,132,119,13
124900118,126,210,-84
124900119,263,111,152
124900120,34,184,-150
124900121,56,257,-201
124900122,154,124,30
124900123,197,81,116
124900124,69,174,-105
204000001,136,8,128
204000002,12,9,3
204000003,12,3,9
204000004,4,2,2
204000005,463,383,80
204000006,948,942,6
204000011,7,35,-28
204000012,28,78,-50
204000019,576,273,303
204000020,531,361,170
204000021,777,521,256
204000022,480,313,167
204000023,461,439,22
204000031,47,5,42
204000032,227,26,201
204000034,37,72,-35
204000035,0,1,-1
204000036,4,8,-4
204000037,1,2,-1
204000038,2,4,-2
204000039,6,11,-5
204000040,3,14,-11
204000041,10,14,-4
204000042,21,9,12
204000043,28,1,27
204000044,22,3,19
204000045,48,0,48
204000046,10,4,6
204000057,5,4,1
204000062,38,30,8
204000068,26,150,-124
204000069,56,208,-152
204000070,80,74,6
204000080,46,51,-5
204000085,1479,891,588
204000086,1657,987,670
204000087,33,4,29
204000088,5,57,-52
204000090,39,137,-98
204000093,305,44,261
204000096,785,677,108
204000097,379,8,371
204000099,747,1083,-336
204000100,1013,1321,-308
204000105,1542,693,849
204000110,299,584,-285
204000111,364,427,-63
204000112,360,356,4
204000113,252,354,-102
204000114,448,410,38
204000115,412,181,231
204000116,378,276,102
204000119,1326,1918,-592
204000132,502,256,246
204000133,819,124,695
204000134,174,83,91
204000135,522,33,489
204000136,675,160,515
204000138,328,413,-85
204000140,212,129,83
204000141,166,73,93
204000144,5,26,-21
204000145,351,32,319
204000146,32,239,-207
204000147,23,102,-79
204000148,154,18,136
204000154,7,1,6
204000155,4,4,0
204000177,51,59,-8
204000179,20,4,16
204000180,0,22,-22
204000222,0,7,-7
204000235,30,3,27
204000236,38,101,-63
204000238,9,18,-9
204000240,258,50,208
204000263,433,556,-123
204000268,686,446,240
204000308,82,9,73
204000317,9,45,-36
204000322,7,26,-19
204000323,3,2,1
204000328,149,46,103
204000329,64,57,7
204000330,130,21,109
204000331,49,67,-18
205000001,575,1015,-440
205000013,9,42,-33
205000014,6,55,-49
205000015,26,98,-72
205000016,16,101,-85
205000017,29,40,-11
205000022,230,575,-345
205000025,841,723,118
205000029,154,7,147
205000045,86,519,-433
205000046,88,453,-365
205000047,32,280,-248
205000048,293,516,-223
205000049,128,528,-400
205000050,342,222,120
205000059,0,161,-161
205000060,0,90,-90
205000061,1,175,-174
205000062,2,131,-129
205000063,22,110,-88
205000064,14,48,-34
205000065,62,349,-287
205000066,163,418,-255
205000067,51,567,-516
205000069,165,20,145
205000082,82,94,-12
205000110,69,181,-112
205000111,119,185,-66
205000112,120,126,-6
205000113,157,289,-132
205000121,153,48,105
205000123,41,116,-75
205000126,352,51,301
205000127,603,123,480
205000128,316,64,252
205000129,556,46,510
205000130,134,18,116
205000131,61,9,52
205000132,100,2,98
205000133,82,0,82
205000134,193,0,193
205000137,33,96,-63
205000138,84,188,-104
205000139,25,68,-43
205000144,65,62,3
205000145,176,97,79
205000151,110,17,93
205000152,98,13,85
205000153,174,25,149
205000154,57,32,25
205000155,103,13,90
205000207,8,88,-80
205000233,18,1,17
205000234,0,0,0
205000243,0,0,0
205000244,0,3,-3
205000245,4,64,-60
205000249,0,23,-23
205000250,3,0,3
205000264,3,48,-45
206000027,3,2,1
206000028,1,0,1
206000043,4,27,-23
206000053,0,3,-3
206000054,1,12,-11
206000055,1,9,-8
206000075,7,11,-4
206000076,9,19,-10
206000077,13,3,10
206000078,8,7,1
206000079,29,3,26
206000082,289,22,267
206000100,16,270,-254
206000103,2,11,-9
206000104,14,11,3
206000105,8,5,3
206000106,1,17,-16
206000125,44,0,44
206000157,18,285,-267
206000170,0,72,-72
206000171,1,106,-105
206000172,10,106,-96
206000173,2,98,-96
206000174,2,26,-24
206000175,3,41,-38
206000176,7,71,-64
206000177,1,58,-57
206000178,5,117,-112
206000179,5,27,-22
206000180,10,63,-53
206000181,4,50,-46
206000182,3,54,-51
206000183,19,155,-136
206000184,7,122,-115
206000185,3,48,-45
206000186,59,321,-262
206000223,3,88,-85
206000226,6,1,5
206000227,7,1,6
206000237,13,145,-132
206000238,14,218,-204
206000239,127,797,-670
206000240,0,29,-29
206000241,0,36,-36
206000242,4,92,-88
206000243,4,55,-51
206000244,44,150,-106
206000245,570,41,529
206000246,183,3,180
206000247,228,12,216
206000248,320,6,314
206000252,30,13,17
206000258,11,45,-34
206000315,22,6,16
206000317,395,62,333
206000318,576,42,534
206000319,1247,54,1193
206000320,173,23,150
206000321,163,4,159
206000322,445,18,427
206000323,194,6,188
206000324,145,3,142
206000325,138,16,122
206000326,154,2,152
206000327,110,3,107
206000328,161,5,156
206000329,240,4,236
206000330,54,0,54
206000331,178,0,178
206000332,43,1,42
206000333,544,0,544
206000334,225,0,225
206000335,0,4,-4
206000361,5,97,-92
206000392,1,7,-6
206000405,81,0,81
206000441,32,10,22
206000498,20,1,19
206000515,44,31,13
206000530,257,59,198
206000531,167,135,32
206000532,1122,212,910
206000535,86,897,-811
206000536,10,59,-49
206000537,20,107,-87
206000613,1268,189,1079
206000784,369,20,349
207000001,134,496,-362
207000002,96,270,-174
207000003,156,111,45
207000007,989,243,746
207000008,102,9,93
207000009,51,41,10
207000010,264,215,49
207000012,406,170,236
207000015,159,542,-383
207000019,244,87,157
207000021,492,154,338
207000022,157,89,68
207000023,198,26,172
207000024,2,18,-16
207000025,28,56,-28
207000026,93,37,56
207000027,9,68,-59
207000028,55,109,-54
207000029,214,257,-43
207000033,145,354,-209
207000034,235,77,158
207000039,408,77,331
207000040,369,39,330
207000041,68,26,42
207000042,183,47,136
207000043,209,138,71
207000051,97,128,-31
207000052,7,56,-49
207000053,378,294,84
207000054,43,74,-31
207000055,161,104,57
207000056,245,222,23
207000057,106,172,-66
207000058,211,205,6
207000059,90,258,-168
207000060,64,137,-73
207000061,158,591,-433
207000062,332,36,296
207000063,345,65,280
207000064,303,80,223
207000065,303,146,157
207000066,175,139,36
207000067,29,45,-16
207000068,136,45,91
207000069,524,228,296
207000082,4,116,-112
207000083,57,132,-75
207000084,304,180,124
207000085,186,21,165
207000086,182,3,179
207000106,38,33,5
207000107,84,17,67
207000108,45,9,36
207000109,53,10,43
207000110,45,53,-8
207000111,56,66,-10
207000112,109,483,-374
207000114,17,20,-3
207000115,14,23,-9
207000116,19,224,-205
207000117,6,48,-42
207000118,5,25,-20
207000119,31,38,-7
207000123,180,20,160
207000124,52,21,31
207000125,80,37,43
207000126,56,33,23
207000134,97,63,34
207000135,33,122,-89
207000148,58,264,-206
207000149,59,25,34
207000152,118,313,-195
207000153,534,1097,-563
207000154,297,113,184
207000159,99,76,23
207000160,79,191,-112
207000238,0,109,-109
207000242,0,95,-95
207000248,9,9,0
207000249,73,16,57
207000250,305,39,266
207000251,60,43,17
207000252,45,46,-1
207000278,100,57,43
207000279,13,92,-79
207000280,583,63,520
207000281,90,386,-296
207000282,103,114,-11
207000283,44,159,-115
207000284,34,247,-213
207000285,45,69,-24
207000291,11,59,-48
207000304,81,45,36
207000306,74,284,-210
207000310,84,79,5
207000353,234,2,232
207000356,6,34,-28
207000357,12,9,3
207000358,2,9,-7
207000415,4,117,-113
207000417,39,2,37
207000418,89,90,-1
207000438,0,1,-1
207000439,630,504,126
207000446,163,7,156
207000460,29,8,21
207000466,109,75,34
207000467,250,58,192
207000468,35,120,-85
207000476,3,25,-22
207000477,514,30,484
207000478,1,16,-15
207000523,0,11,-11
207000524,66,1,65
207000527,129,114,15
207000530,520,14,506
207000531,311,8,303
207000532,54,16,38
207000534,203,39,164
207000535,18,225,-207
207000537,9,34,-25
207000540,6,87,-81
207000541,5,176,-171
207000548,12,117,-105
207000549,244,12,232
207000561,157,164,-7
207000562,17,112,-95
207000567,113,164,-51
207000568,154,28,126
207000569,430,226,204
207000584,155,83,72
207000585,29,251,-222
207000587,90,8,82
207000616,0,80,-80
207000617,113,0,113
207000624,26,22,4
207000631,4,62,-58
207900008,199,31,168
208000001,478,691,-213
208000002,528,328,200
208000003,902,236,666
208000004,779,489,290
208000005,2,12,-10
208000019,483,685,-202
208000020,150,360,-210
208000021,200,152,48
208000022,714,286,428
208000028,576,798,-222
208000033,487,319,168
208000034,631,997,-366
208000037,168,8,160
208000040,131,130,1
208000041,545,406,139
208000042,727,403,324
208000047,116,155,-39
208000064,1581,994,587
208000066,1086,1534,-448
208000070,298,249,49
208000071,343,419,-76
208000072,395,728,-333
208000080,205,265,-60
208000081,346,96,250
208000082,267,151,116
208000083,121,220,-99
208000084,7,10,-3
208000085,531,434,97
208000086,368,682,-314
208000087,243,497,-254
208000089,850,227,623
208000090,779,336,443
208000093,193,162,31
208000094,396,260,136
208000095,583,332,251
208000104,779,512,267
208000105,548,665,-117
208000114,95,234,-139
208000115,370,197,173
208000116,524,749,-225
208000117,164,149,15
208000118,78,137,-59
208000155,487,585,-98
208000158,934,2554,-1620
208000186,2327,3070,-743
208000204,506,677,-171
208000205,881,529,352
208000282,3107,1978,1129
209000004,256,128,128
209000005,32,43,-11
209000006,264,120,144
209000007,174,212,-38
209000010,256,56,200
209000011,72,116,-44
209000012,78,71,7
209000013,174,126,48
209000014,316,450,-134
209000025,270,45,225
209000026,499,79,420
209000027,264,397,-133
209000028,199,278,-79
209000029,299,338,-39
209000030,278,551,-273
209000031,1321,935,386
209000034,160,198,-38
209000035,100,156,-56
209000036,209,90,119
209000037,270,164,106
209000038,103,89,14
209000039,58,101,-43
209000040,186,371,-185
209000041,144,275,-131
209000042,222,258,-36
209000043,479,556,-77
209000044,172,601,-429
209000045,934,275,659
209000046,435,313,122
209000047,329,152,177
209000048,469,234,235
209000049,67,58,9
209000050,175,72,103
209000051,155,134,21
209000052,110,101,9
209000062,35,49,-14
209000063,29,31,-2
209000064,33,41,-8
209000065,78,15,63
209000066,95,10,85
209000067,54,15,39
209000080,40,91,-51
209000082,57,21,36
209000091,36,52,-16
209000093,54,12,42
209000094,89,87,2
209000110,46,75,-29
209000111,336,860,-524
209000112,815,308,507
209000113,1031,282,749
209000114,529,240,289
209000115,75,62,13
209000116,296,193,103
209000118,7,13,-6
209000119,16,7,9
209000121,120,259,-139
209000135,53,119,-66
209000142,465,956,-491
209000143,31,37,-6
209000144,35,93,-58
209000229,270,107,163
209000240,26,136,-110
209000259,49,57,-8
209000260,37,514,-477
209000261,5,273,-268
209000262,9,217,-208
209000263,1,120,-119
209000264,0,198,-198
209000265,287,15,272
209000266,90,0,90
209000267,749,5,744
209000268,397,50,347
210000037,71,41,30
210000047,56,7,49
210000048,73,6,67
210000049,58,5,53
210000052,47,44,3
210000053,18,24,-6
210000054,31,48,-17
210000070,71,2,69
210000071,53,0,53
210000072,15,0,15
210000073,0,13,-13
210000074,0,71,-71
210000075,1,93,-92
210000076,9,77,-68
210000077,9,30,-21
210000078,28,32,-4
210000079,20,17,3
210000080,62,58,4
210000081,116,10,106
210000082,64,1,63
210000083,65,1,64
210000084,33,0,33
210000085,0,24,-24
210000086,0,35,-35
210000099,22,174,-152
210000100,33,133,-100
210000101,48,106,-58
210000105,22,135,-113
210000159,1,128,-127
210000163,71,154,-83
210000164,226,162,64
210000168,84,23,61
210000187,0,10,-10
210000188,0,8,-8
210000214,21,0,21
210000219,24,46,-22
210000220,92,29,63
210000232,2,18,-16
210000233,26,43,-17
210000234,14,67,-53
210000235,38,43,-5
210000245,1,17,-16
210000246,13,0,13
210000258,8,68,-60
210000259,237,39,198
210000282,55,118,-63
210000285,2,104,-102
210000286,10,83,-73
210000290,3,4,-1
210000295,27,69,-42
210000296,24,15,9
210000320,145,39,106
210000321,93,36,57
210000338,41,33,8
210000339,206,850,-644
210000340,87,265,-178
210000341,130,183,-53
210000342,134,132,2
210000343,96,156,-60
210000344,91,107,-16
210000345,104,165,-61
210000346,63,81,-18
210000347,47,33,14
210000348,102,28,74
210000349,38,19,19
210000350,116,50,66
210000351,140,54,86
210000352,48,37,11
210000353,41,67,-26
210000354,53,41,12
210000355,33,59,-26
210000356,17,46,-29
210000357,36,58,-22
210000358,169,107,62
210000359,52,52,0
210000360,138,70,68
210000361,119,66,53
210000362,233,110,123
210000363,456,134,322
210000364,62,121,-59
210000365,80,38,42
210000366,140,34,106
210000367,64,25,39
210000368,104,27,77
210000369,16,28,-12
210000370,41,34,7
210000372,29,22,7
210000373,20,8,12
210000374,42,24,18
210000375,39,31,8
210000376,40,77,-37
210000404,43,60,-17
210000439,35,25,10
210000472,82,1,81
210000482,44,82,-38
210000564,165,187,-22
210000567,2,32,-30
210000568,191,1,190
211000092,21,22,-1
211000094,12,3,9
211000169,140,5,135
211000172,4,122,-118
211000209,0,31,-31
211000226,7,6,1
211000270,24,9,15
211000275,9,13,-4
211000276,62,13,49
211000279,18,11,7
211000281,79,20,59
211000302,1,9,-8
211507980,0,42,-42
211977296,30,1,29
212000003,145,51,94
212000004,20,40,-20
212000005,23,36,-13
212000006,36,25,11
212000008,122,65,57
212000009,17,65,-48
212000012,59,43,16
212000013,21,37,-16
212000014,207,107,100
212000015,277,167,110
212000016,359,380,-21
212000027,360,221,139
212000028,278,206,72
212000029,175,139,36
212000030,44,27,17
212000031,48,25,23
212000048,27,138,-111
212000049,22,110,-88
212000050,17,9,8
212000051,175,98,77
212000052,162,138,24
212000053,313,268,45
212000054,207,74,133
212000055,211,131,80
212000056,11,23,-12
212000057,14,14,0
212000058,104,35,69
212000070,95,128,-33
212000077,91,280,-189
212000099,190,176,14
212000108,188,97,91
212000111,209,80,129
212000120,88,46,42
212000138,113,25,88
212000156,13,78,-65
212000158,2,14,-12
212000159,378,35,343
212000160,600,145,455
212000161,65,5,60
212000310,46,8,38
212000311,16,30,-14
212000374,25,9,16
213000001,29,220,-191
213000005,283,87,196
213000006,654,239,415
213000007,97,3,94
213000009,465,305,160
213000010,168,226,-58
213000011,129,74,55
213000012,73,159,-86
213000014,50,9,41
213000015,191,4,187
213000016,213,0,213
213000017,43,0,43
213000018,2,72,-70
213000019,0,75,-75
213000020,67,191,-124
213000021,6,80,-74
213000023,275,139,136
213000033,251,998,-747
213000034,565,138,427
213000035,107,178,-71
213000045,119,226,-107
213000046,137,105,32
213000047,402,874,-472
213000056,89,25,64
213000069,80,3,77
213000073,1,48,-47
213000074,41,248,-207
213000075,425,13,412
213000076,29,1,28
213000085,8,23,-15
213000086,11,92,-81
213000091,137,4,133
213000092,49,5,44
213000099,157,700,-543
213000100,801,178,623
213000101,315,96,219
213000102,351,137,214
213000103,583,474,109
213000104,60,225,-165
213000105,1,129,-128
213000106,28,54,-26
213000107,143,310,-167
213000108,24,230,-206
213000109,2,120,-118
213000110,10,48,-38
213000111,11,48,-37
213000112,98,86,12
213000115,42,7,35
213000116,35,210,-175
213000117,10,403,-393
213000118,430,144,286
213000119,27,396,-369
213000120,94,235,-141
213000122,95,312,-217
213000123,227,578,-351
213000124,89,626,-537
213000125,101,25,76
213000126,13,57,-44
213000127,63,91,-28
213000128,202,656,-454
213000129,203,571,-368
213000130,505,234,271
213000132,357,77,280
213000133,477,70,407
213000134,730,16,714
213000136,488,27,461
213000137,520,66,454
213000139,223,18,205
213000147,53,10,43
213000148,26,17,9
213000149,33,3,30
213000150,0,157,-157
213000151,15,123,-108
213000152,3,62,-59
213000153,0,115,-115
213000154,48,115,-67
213000155,34,117,-83
213000156,112,291,-179
213000157,382,213,169
213000158,264,598,-334
213000159,458,287,171
213000163,679,82,597
213000165,617,171,446
213000171,0,36,-36
213000172,0,100,-100
213000173,0,120,-120
213000174,0,64,-64
213000175,8,28,-20
213000176,50,28,22
213000177,54,4,50
213000178,167,8,159
213000179,195,0,195
213000180,138,0,138
213000184,36,219,-183
213000188,179,72,107
213000189,294,40,254
213000190,647,435,212
213000191,287,238,49
213000192,214,209,5
213000193,475,153,322
213000194,4,99,-95
213000195,17,237,-220
213000196,182,753,-571
213000197,307,341,-34
213000198,33,3,30
213000200,91,500,-409
213000201,34,30,4
213000202,14,375,-361
213000203,1864,460,1404
213000204,611,40,571
213000205,224,64,160
213000206,347,33,314
213000207,122,11,111
213000208,83,5,78
213000209,99,2,97
213000210,213,3,210
213000211,2,21,-19
213000212,21,24,-3
213000213,17,42,-25
213000218,208,286,-78
213000219,440,8,432
213000220,368,10,358
213000223,129,195,-66
213000224,39,37,2
213000225,46,7,39
213000226,37,7,30
213000227,755,202,553
213000228,331,68,263
213000229,93,17,76
213000230,398,33,365
213000232,33,692,-659
213000233,6,88,-82
213000234,8,43,-35
213000293,9,72,-63
213000294,97,20,77
213000295,8,81,-73
213000296,25,10,15
213000297,5,50,-45
213000298,13,55,-42
213000299,21,25,-4
213000300,11,2,9
213000303,2,27,-25
213000304,1,10,-9
213000305,1,6,-5
213000306,36,20,16
213000307,96,38,58
213000308,66,78,-12
213000309,145,45,100
213000310,236,80,156
213000311,188,452,-264
213000315,83,53,30
213000316,124,26,98
213000322,71,67,4
213000323,115,42,73
213000324,36,15,21
213000325,43,43,0
213000326,22,11,11
213000327,18,23,-5
213000328,15,77,-62
213000329,82,19,63
213000340,152,280,-128
213000341,421,69,352
213000346,103,163,-60
213000347,399,255,144
213000348,3,86,-83
213000349,33,13,20
213000350,223,561,-338
213000366,70,216,-146
213000367,178,16,162
213000379,54,26,28
213000386,7,180,-173
213000406,59,252,-193
213000417,912,296,616
213000425,201,24,177
213000426,98,35,63
213000427,34,134,-100
213000428,27,116,-89
213000429,7,1,6
213000430,85,328,-243
213000431,34,1,33
213000432,0,20,-20
213000433,12,72,-60
213000434,57,58,-1
213000435,104,41,63
213000436,23,49,-26
213000437,0,3,-3
213000438,182,33,149
213000439,33,6,27
213000440,8,179,-171
213000441,0,1,-1
213000442,0,15,-15
213000443,252,220,32
213000444,42,29,13
213000445,1,66,-65
213000446,0,22,-22
213000447,5,38,-33
213000448,5,82,-77
213000449,336,3,333
213000450,16,17,-1
213000451,164,39,125
213000452,7,11,-4
213000453,55,157,-102
213000455,220,1,219
213000456,0,232,-232
213000481,7,4,3
213000482,49,1,48
213000489,148,52,96
213000491,2,182,-180
213000492,113,1,112
213000493,0,86,-86
213000494,188,78,110
213000495,0,37,-37
213000496,305,99,206
213000497,40,157,-117
213000498,91,96,-5
213000499,152,204,-52
213000500,357,45,312
213000501,109,12,97
213000502,97,44,53
213000503,1,47,-46
213000504,15,41,-26
213000505,13,10,3
213000506,0,5,-5
213000507,2,98,-96
213900244,31,0,31
213900245,0,11,-11
218000003,20,14,6
218000004,17,21,-4
218000005,28,29,-1
218000006,46,41,5
218000007,12,11,1
218000012,105,87,18
218000013,79,124,-45
218000014,291,265,26
218000019,502,376,126
218000020,184,276,-92
218000021,7,17,-10
218000022,6,6,0
218000023,3,6,-3
218000024,0,5,-5
218000025,5,5,0
218000026,7,14,-7
218000027,1,6,-5
218000028,4,1,3
218000029,1,2,-1
218000030,7,8,-1
218000031,1,10,-9
218000032,0,14,-14
218000040,1,5,-4
218000046,30,63,-33
218000047,6,104,-98
218000048,64,67,-3
218000049,68,63,5
218000050,200,169,31
218000051,70,156,-86
218000052,3,74,-71
218000053,0,10,-10
218000054,7,59,-52
218000055,2,12,-10
218000056,11,14,-3
218000057,2,14,-12
218000064,0,5,-5
218000065,93,9,84
218000066,14,18,-4
218000067,34,80,-46
218000068,89,39,50
218000069,207,80,127
218000070,170,121,49
218000071,204,99,105
218000072,157,129,28
218000078,703,399,304
218000079,104,56,48
218000080,84,43,41
218000081,384,114,270
218000082,60,54,6
218000083,33,37,-4
218000084,122,81,41
218000085,127,174,-47
218000086,95,64,31
218000087,145,102,43
218000090,10,65,-55
218000091,816,349,467
218000092,57,117,-60
218000093,82,27,55
218000094,327,305,22
218000099,198,500,-302
218000100,244,132,112
218000101,269,85,184
218000102,320,128,192
218000103,83,71,12
218000104,60,38,22
218000105,8,19,-11
218000106,12,6,6
218000107,42,45,-3
218000108,7,10,-3
218000112,35,36,-1
218000117,32,60,-28
218000134,446,279,167
218000135,29,68,-39
218000136,120,113,7
218000137,126,86,40
218000138,29,83,-54
218000139,189,229,-40
218000140,364,164,200
218000141,75,46,29
218000142,192,126,66
218000143,65,246,-181
218000144,42,87,-45
218000145,372,261,111
218000146,94,109,-15
218000151,1,10,-9
218000152,66,29,37
218000153,0,3,-3
218000154,5,1,4
218000155,6,0,6
218000156,43,5,38
218000157,14,5,9
218000158,5,4,1
218000159,1,4,-3
218000160,5,6,-1
218000161,24,6,18
218000162,21,2,19
218000163,8,3,5
218000164,34,7,27
218000165,40,12,28
218000170,3,25,-22
218000171,32,3,29
218000172,5,6,-1
218000173,11,4,7
218000174,17,3,14
218000176,144,33,111
218000177,194,126,68
218000178,46,106,-60
218000179,71,60,11
218000180,53,24,29
218000181,133,34,99
218000187,8,21,-13
218000188,21,37,-16
218000189,16,54,-38
218000190,10,11,-1
218000191,125,25,100
218000192,149,95,54
218000193,256,181,75
218000194,86,136,-50
218000195,116,53,63
218000196,266,142,124
218000197,305,201,104
218000198,28,77,-49
218000199,36,15,21
218000200,34,17,17
218000201,17,5,12
218000202,52,201,-149
218000207,2,3,-1
218000208,20,39,-19
218000211,39,31,8
218000212,2,8,-6
218000213,101,86,15
218000214,4,27,-23
218000215,26,38,-12
218000217,2,74,-72
218000218,89,49,40
218000219,13,12,1
218000220,42,317,-275
218000221,362,101,261
218000222,3,25,-22
218000223,23,161,-138
218000224,13,105,-92
218000225,133,5,128
218000226,94,30,64
218000230,0,3,-3
218000232,25,29,-4
218000239,131,16,115
218000240,10,3,7
218000241,34,4,30
218000242,16,4,12
218000243,32,4,28
218000244,53,2,51
218000245,33,1,32
218000246,2,0,2
218000247,5,3,2
218000248,0,17,-17
218000249,1,6,-5
218000250,1,12,-11
218000251,1,37,-36
218000252,5,67,-62
218000253,2,63,-61
218000254,0,35,-35
218000255,3,23,-20
218000256,7,52,-45
218000267,246,575,-329
218000268,4,22,-18
218000269,1,8,-7
218000270,89,26,63
218000271,20,26,-6
218000273,26,1,25
218000274,15,2,13
218000275,20,34,-14
218000276,14,19,-5
218000278,6,14,-8
218000279,108,37,71
218000280,2,18,-16
218000281,11,15,-4
218000282,396,410,-14
218000284,42,7,35
218000301,70,95,-25
218000302,59,37,22
218000303,15,30,-15
218000316,696,540,156
218000317,1131,533,598
218000318,697,438,259
218000319,948,549,399
218000320,583,384,199
218000338,45,18,27
218000345,72,46,26
218000346,13,135,-122
218000459,33,134,-101
218000490,16,46,-30
218000501,110,29,81
218000502,43,50,-7
218000503,114,18,96
218000504,171,19,152
218000505,49,116,-67
218000506,22,196,-174
218000508,2,1,1
218000510,158,12,146
218000520,81,75,6
218000521,10,33,-23
218000522,1,114,-113
218000523,86,4,82
218000524,18,269,-251
218000525,69,17,52
218000526,10,161,-151
218000529,37,86,-49
218000530,10,4,6
218000531,2,8,-6
218000532,18,8,10
218000534,189,11,178
218000537,13,59,-46
218000538,81,210,-129
218000540,79,89,-10
218000543,153,44,109
218000544,11,32,-21
218000545,70,52,18
218000546,21,35,-14
218000547,60,128,-68
218000548,74,55,19
218000549,284,317,-33
218000550,126,159,-33
218000551,67,524,-457
218000552,211,41,170
218000553,18,81,-63
218000554,26,25,1
218000555,32,49,-17
218000556,151,97,54
218000557,215,118,97
218000558,36,0,36
218000559,0,43,-43
218000560,0,35,-35
218000561,8,0,8
218000562,39,162,-123
218000563,126,22,104
218000564,4,111,-107
218000565,121,29,92
218000566,212,57,155
218000567,0,61,-61
218000568,18,7,11
218000569,12,195,-183
218000570,72,11,61
218000571,0,79,-79
218000572,135,3,132
218000573,6,223,-217
218000574,66,21,45
218000575,128,0,128
218000576,1,85,-84
218000577,55,1,54
218000578,0,68,-68
218000579,12,13,-1
218000581,1,23,-22
218000582,15,4,11
218000583,8,0,8
218000584,0,24,-24
218000585,36,1,35
218000586,7,28,-21
218000587,0,1,-1
218000588,3,3,0
218000589,0,4,-4
218000590,5,1,4
218000591,1,2,-1
218000592,5,0,5
218000593,1,4,-3
218000594,0,0,0
218000597,0,0,0
218000598,0,3,-3
218000599,2,1,1
218000600,0,2,-2
218000601,0,0,0
218000602,0,4,-4
218000603,0,9,-9
218000604,18,10,8
218000605,0,12,-12
218000606,39,1,38
218000607,4,29,-25
218000608,52,2,50
218000609,8,25,-17
218000610,50,5,45
218000611,19,2,17
218000612,0,25,-25
218000613,45,1,44
218000614,0,31,-31
218000615,106,0,106
218000616,1,136,-135
218000617,30,0,30
218000618,1,13,-12
218000619,3,12,-9
218000620,4,10,-6
218000621,0,2,-2
218000622,0,3,-3
218000623,31,1,30
218000624,4,4,0
218000625,11,1,10
218000626,0,8,-8
218000628,127,27,100
218000631,28,13,15
218000632,2,78,-76
218000633,93,2,91
218000634,1,22,-21
218000635,9,2,7
218000636,608,554,54
218000637,817,291,526
218000638,134,19,115
218000639,17,65,-48
218000640,158,7,151
218000641,42,111,-69
218000652,25,37,-12
218000653,87,38,49
218000663,8,137,-129
218000675,47,78,-31
218000676,0,5,-5
218000677,12,3,9
218000680,125,223,-98
218000681,274,123,151
218000691,154,107,47
218000693,308,95,213
218000703,2,19,-17
218000718,110,490,-380
218000719,187,378,-191
218000720,22,271,-249
218000721,158,27,131
218000725,3,1,2
218001147,0,51,-51
218001214,2,29,-27
218001258,99,5,94
218001329,108,76,32
218001330,68,52,16
218001351,26,13,13
218001352,12,20,-8
218001353,10,4,6
218001354,4,17,-13
218001355,15,100,-85
218001356,319,20,299
218001357,34,60,-26
218001358,259,15,244
218001361,308,1,307
218001362,1,56,-55
219000001,13,21,-8
219000002,52,29,23
219000003,39,11,28
219000004,33,29,4
219000017,54,21,33
219000020,109,28,81
219000022,146,2,144
219000023,57,5,52
219000029,3,45,-42
219000034,41,12,29
219000039,48,73,-25
219000040,22,43,-21
219000041,118,19,99
219000051,0,62,-62
219000052,0,11,-11
219000053,1,51,-50
219000054,4,44,-40
219000055,180,4,176
219000056,6,0,6
219000057,51,0,51
219000062,12,73,-61
219000063,61,9,52
219000064,0,35,-35
219000110,267,136,131
219000111,127,81,46
219000112,162,44,118
219000113,192,48,144
219000114,173,53,120
219000116,79,52,27
219000117,100,33,67
219000118,140,28,112
219000123,127,57,70
219000124,73,38,35
219000125,19,6,13
219000126,56,92,-36
219000127,0,13,-13
219000128,2,64,-62
219000129,20,70,-50
219000130,209,364,-155
219000131,422,670,-248
219000133,32,35,-3
219000134,20,30,-10
219000135,15,50,-35
219000136,74,141,-67
219000138,46,17,29
219000139,39,28,11
219000140,67,3,64
219000141,28,55,-27
219000142,8,29,-21
219000143,9,44,-35
219000145,19,28,-9
219000146,2,7,-5
219000147,4,10,-6
219000148,1,8,-7
219000149,9,37,-28
219000150,2,27,-25
219000151,0,17,-17
219000157,186,88,98
219000158,135,153,-18
219000161,67,14,53
219000163,857,360,497
219000166,98,101,-3
219000167,98,95,3
219000168,236,113,123
219000174,394,96,298
219000175,67,0,67
219000176,84,0,84
219000177,33,0,33
219000178,29,0,29
219000179,18,2,16
219000180,35,31,4
219000182,87,7,80
219000183,50,20,30
219000184,70,18,52
219000185,0,17,-17
219000186,60,14,46
219000187,17,33,-16
219000189,35,91,-56
219000190,56,122,-66
219000191,344,1001,-657
219000192,143,114,29
219000193,148,97,51
219000195,0,45,-45
219000196,3,56,-53
219000198,19,46,-27
219000199,39,164,-125
219000200,49,122,-73
219000201,63,102,-39
219000203,19,92,-73
219000204,56,203,-147
219000205,48,143,-95
219000207,145,162,-17
219000209,32,49,-17
219000210,52,73,-21
219000213,9,95,-86
219000239,144,156,-12
219000240,179,196,-17
219000241,106,110,-4
219000242,33,90,-57
219000243,84,170,-86
219000244,11,44,-33
219000245,16,33,-17
219000246,12,13,-1
219000247,145,23,122
219000248,397,283,114
219000249,93,75,18
219000250,136,89,47
219000251,336,166,170
219000252,153,111,42
219000253,373,90,283
219000255,107,75,32
219000256,178,61,117
219000257,94,0,94
219000262,46,70,-24
219000263,54,65,-11
219000267,4,39,-35
219000268,0,1,-1
219000269,3,3,0
219000270,10,0,10
219000271,102,3,99
219000278,1,7,-6
219000279,0,0,0
219000283,0,5,-5
219000295,4,50,-46
219000296,47,208,-161
219000297,5,56,-51
219000298,9,68,-59
219000299,330,34,296
219000300,15,84,-69
219000301,141,203,-62
219000302,34,108,-74
219000307,21,21,0
219000308,45,32,13
219000311,140,42,98
219000312,425,95,330
219000313,279,25,254
219000314,50,215,-165
219000315,216,17,199
219000316,467,41,426
219000317,94,7,87
219000320,4,30,-26
219000321,0,10,-10
219000323,5,49,-44
219000325,1,7,-6
219000326,26,21,5
219000327,42,24,18
219000328,32,40,-8
219000329,196,102,94
219000330,32,43,-11
219000331,40,30,10
219000332,105,69,36
219000333,13,1,12
219000335,63,0,63
219000337,35,0,35
219000338,36,2,34
219000344,11,47,-36
219000345,29,42,-13
219000346,18,30,-12
219000348,96,46,50
219000349,62,78,-16
219000350,48,172,-124
219000351,3,10,-7
219000352,243,63,180
219000353,82,34,48
219000354,174,53,121
219000355,111,43,68
219000356,529,976,-447
219000363,145,36,109
219000364,104,39,65
219000365,100,17,83
219000366,148,206,-58
219000368,283,406,-123
219000370,634,466,168
219000371,7,22,-15
219000382,4,11,-7
219000383,288,780,-492
219000385,318,307,11
219000386,500,1201,-701
219000387,1,11,-10
219000390,5,1,4
219000391,4,0,4
219000397,34,25,9
219000398,67,39,28
219000401,8,75,-67
219000402,24,65,-41
219000403,119,194,-75
219000404,14,92,-78
219000407,4,22,-18
219000409,63,34,29
219000410,50,41,9
219000411,58,15,43
219000446,90,213,-123
219000447,1,11,-10
219000448,5,7,-2
219000452,75,65,10
219000453,55,132,-77
219000454,157,202,-45
219000556,220,54,166
219000558,70,76,-6
219000590,13,64,-51
219000591,67,56,11
219000592,77,185,-108
219000595,1,6,-5
219000635,140,57,83
219000636,26,27,-1
219000657,46,12,34
219000658,14,70,-56
219000673,0,5,-5
219000676,10,0,10
219000679,28,9,19
219000684,81,1,80
219000685,1,27,-26
219000686,2,3,-1
219000688,1,27,-26
219000689,14,129,-115
219000690,103,9,94
219000691,23,101,-78
219000692,148,24,124
219000693,0,11,-11
219000694,7,0,7
219000695,27,1,26
219000698,8,0,8
219000699,0,31,-31
219000727,0,49,-49
219000728,27,2,25
219000770,55,0,55
219000771,0,25,-25
219000788,202,145,57
219001150,0,14,-14
219001151,0,2,-2
219001166,29,23,6
219001167,0,38,-38
219001178,44,0,44
220000001,27,51,-24
220000002,14,70,-56
220000003,201,96,105
220000004,259,169,90
220000005,443,753,-310
220000006,114,363,-249
220000007,305,224,81
220000008,200,327,-127
220000009,141,221,-80
220000010,94,62,32
220000011,286,1712,-1426
220000012,41,119,-78
220000014,92,40,52
220000015,47,243,-196
220000017,49,131,-82
220000018,2301,903,1398
220000019,77,196,-119
220000020,281,132,149
220000021,548,116,432
220000022,654,238,416
220000023,246,82,164
220000024,868,218,650
220000025,443,553,-110
220000026,238,180,58
220000027,15,54,-39
220000028,38,27,11
220000029,24,52,-28
220000030,38,48,-10
220000031,317,243,74
220000064,11,524,-513
221000046,3,0,3
221000047,0,2,-2
221000048,0,1,-1
221000049,0,6,-6
221000050,13,2,11
221000055,30,33,-3
221000057,55,3,52
221000068,242,91,151
221000069,250,41,209
221000070,163,15,148
221000071,41,3,38
221000072,156,5,151
221000073,94,31,63
221000074,0,14,-14
221000075,21,18,3
221000076,4,25,-21
221000077,23,61,-38
221000081,13,4,9
221000082,71,5,66
221000083,17,3,14
221000084,7,1,6
221000085,7,60,-53
221000086,19,50,-31
221000087,5,72,-67
221000088,12,100,-88
221000089,36,178,-142
221000090,102,335,-233
221000098,112,9,103
221000099,127,9,118
221000100,95,1,94
221000101,195,8,187
221000102,108,10,98
221000109,0,47,-47
221000110,1,43,-42
221000111,13,136,-123
221000112,8,110,-102
221000113,17,101,-84
221000114,12,91,-79
221000120,43,19,24
221000121,3,34,-31
221000122,44,51,-7
221000123,7,23,-16
221000124,34,80,-46
221000155,87,28,59
221000156,48,36,12
221000175,0,7,-7
221000176,0,0,0
221000182,41,7,34
221000241,497,212,285
221000242,102,350,-248
221000243,527,108,419
221000244,213,389,-176
221000245,109,78,31
221000246,44,233,-189
221000247,116,108,8
221000248,154,104,50
221000267,26,321,-295
221000325,34,43,-9
221000331,9,29,-20
221000338,3,36,-33
221000378,164,25,139
221000381,61,50,11
222000282,5,4,1
222000296,2,30,-28
222000568,318,34,284
222000569,178,46,132
222000570,158,16,142
222000571,250,4,246
222000577,8,89,-81
222000578,23,109,-86
222000579,25,86,-61
222000580,81,492,-411
222000599,0,71,-71
222000600,3,178,-175
222000601,5,564,-559
222000603,18,28,-10
222000604,3,52,-49
222000605,15,19,-4
222000606,0,15,-15
222000607,0,4,-4
222000608,17,23,-6
222000609,77,94,-17
222000616,301,24,277
222000617,8,18,-10
222000618,6,4,2
222000620,16,22,-6
222000621,22,14,8
222000623,410,3,407
222000624,339,6,333
222000625,397,5,392
222000636,31,3,28
222000686,7,17,-10
222000687,32,14,18
222001066,206,2,204
222001067,21,0,21
222001068,48,11,37
222001069,42,13,29
222001082,13,19,-6
222001083,12,25,-13
222001084,0,19,-19
222001085,0,91,-91
222001111,38,70,-32
222001112,101,10,91
222001313,5,4,1
222001314,11,67,-56
222001464,153,58,95
222001465,29,77,-48
222001484,126,33,93
222001485,37,19,18
222001494,492,123,369
222001495,101,98,3
222001496,307,99,208
222001497,74,169,-95
222001502,15,60,-45
222001503,85,32,53
222001504,22,178,-156
222001505,211,20,191
222001506,35,204,-169
222001507,210,16,194
222001510,423,22,401
222001511,27,181,-154
222001514,457,100,357
222001515,127,210,-83
222001518,247,46,201
222001519,62,77,-15
222001527,91,33,58
222001528,36,85,-49
222001529,217,36,181
222001530,25,92,-67
222001533,69,141,-72
222001534,255,59,196
222001535,140,198,-58
222001536,48,91,-43
222001537,240,41,199
222001538,60,171,-111
222001563,769,56,713
222001564,45,222,-177
222001568,176,112,64
222001576,2,3,-1
222001579,1,40,-39
222001583,19,64,-45
222001584,89,15,74
222001596,234,517,-283
222001597,811,166,645
222001626,0,49,-49
222001650,20,69,-49
222001651,107,257,-150
222001914,118,42,76
222001915,23,135,-112
222001968,354,257,97
222001969,278,292,-14
222001970,119,117,2
222001971,11,5,6
222001972,2,5,-3
225000001,292,115,177
225000002,422,97,325
225000003,462,59,403
225000004,247,117,130
225000005,55,52,3
225000006,0,78,-78
225000007,660,796,-136
225000010,239,10,229
225000011,203,745,-542
225000012,126,343,-217
225000013,68,55,13
225000014,576,42,534
225000015,66,76,-10
225000021,475,122,353
225000027,152,266,-114
225000032,433,65,368
225000042,48,361,-313
225000049,41,53,-12
225000050,78,6,72
225000053,2,183,-181
225000058,435,87,348
225000067,112,91,21
225000068,85,160,-75
225000069,79,252,-173
225000070,65,232,-167
225000071,38,52,-14
225000075,15,516,-501
225000076,48,77,-29
225000078,39,25,14
225000085,59,100,-41
225000086,231,41,190
225000087,142,5,137
225000088,2,138,-136
225000089,155,703,-548
225000090,26,241,-215
225000091,134,66,68
225000092,24,43,-19
225000093,157,149,8
225000094,6,144,-138
225000095,226,139,87
225000096,214,184,30
225000098,600,199,401
225000099,245,117,128
225000100,274,86,188
225000104,99,250,-151
225000110,7,214,-207
225000111,159,518,-359
225000112,246,671,-425
225000113,148,326,-178
225000114,34,169,-135
225000115,755,370,385
225000116,682,98,584
225000117,461,185,276
225000118,676,183,493
225000119,179,63,116
225000120,382,20,362
225000121,104,9,95
225000123,430,24,406
225000125,310,108,202
225000126,385,130,255
225000127,446,788,-342
225000128,426,526,-100
225000132,203,14,189
225000133,131,33,98
225000134,440,91,349
225000135,43,17,26
225000136,191,10,181
225000137,148,22,126
225000138,344,60,284
225000143,22,108,-86
225000144,3,179,-176
225000145,38,34,4
225000146,41,37,4
225000147,30,111,-81
225000148,4,69,-65
225000149,29,189,-160
225000151,14,82,-68
225000155,235,190,45
225000156,84,486,-402
225000157,161,223,-62
225000158,44,139,-95
225000171,6,89,-83
225000180,21,3,18
225000181,0,34,-34
225000182,55,6,49
225000185,5,276,-271
225000187,28,201,-173
225000191,32,3,29
225000194,0,9,-9
225000208,2,26,-24
225000209,72,3,69
225000210,2,111,-109
225000217,0,10,-10
225000218,16,6,10
225000223,1,36,-35
225000224,49,0,49
225000225,1,18,-17
225000226,59,2,57
225000227,22,52,-30
225000228,12,1,11
225000229,0,48,-48
225000230,5,1,4
225000231,0,23,-23
225000232,144,0,144
225000241,36,3,33
225000242,0,27,-27
225000249,13,0,13
225000250,31,302,-271
225000251,237,28,209
226000042,211,228,-17
226000043,41,180,-139
226000044,123,253,-130
226000045,56,161,-105
226000046,284,43,241
226000047,269,72,197
226000048,259,71,188
226000049,158,124,34
226000070,0,30,-30
226000071,0,40,-40
226000072,0,6,-6
226000073,0,4,-4
226000074,2,30,-28
226000084,2,32,-30
226000085,1,9,-8
226000086,2,11,-9
226000087,0,13,-13
226000088,15,5,10
226000090,57,117,-60
226000091,21,36,-15
226000092,6,1,5
226000093,25,1,24
226000094,0,2,-2
226000095,9,0,9
226000105,15,3,12
226000106,6,0,6
226000107,6,0,6
226000108,19,0,19
226000109,81,0,81
226000124,101,72,29
226000134,484,276,208
226000135,987,429,558
226000136,332,289,43
226000137,3,201,-198
226000138,9,78,-69
226000139,0,20,-20
226000156,161,5,156
226000157,135,18,117
226000163,64,36,28
226000202,19,173,-154
226000231,423,10,413
226000232,26,8,18
227000033,285,51,234
227000036,428,24,404
227000037,311,23,288
227000038,168,35,133
227000049,0,14,-14
227000050,2,38,-36
227000055,43,0,43
227000056,29,0,29
227000084,3,68,-65
227000085,0,52,-52
227000088,53,8,45
227000089,121,4,117
227000090,36,4,32
227000091,19,1,18
227000092,5,0,5
227000093,98,1,97
227000094,9,0,9
227000130,16,114,-98
227000131,12,147,-135
227000132,13,143,-130
227000133,20,129,-109
227000134,12,209,-197
227000152,0,6,-6
227000153,0,43,-43
227000154,0,2,-2
227000155,1,17,-16
227000156,0,5,-5
227000165,11,80,-69
227000196,207,92,115
227000199,240,189,51
227000230,7,189,-182
227000232,442,14,428
227000242,83,323,-240
227000243,415,80,335
227000245,16,226,-210
227000246,114,233,-119
227000247,397,57,340
227000248,133,33,100
227000249,23,104,-81
227000250,340,171,169
227000251,97,183,-86
227000252,18,151,-133
227000253,160,13,147
227000262,388,44,344
227000266,1047,32,1015
227000267,23,768,-745
227000282,3,58,-55
227000284,414,8,406
227000286,0,31,-31
227000287,12,33,-21
227000291,3,218,-215
227000484,154,9,145
227000485,12,468,-456
227000655,131,4,127
227000656,436,21,415
227000657,65,7,58
227000661,287,17,270
227000680,109,41,68
229000265,7,28,-21
229000296,0,4,-4
229000297,6,15,-9
229000298,2,74,-72
229000320,9,1,8
229000321,24,0,24
229000412,6,33,-27
229000414,5,29,-24
229000415,11,3,8
229000416,0,5,-5
229000417,5,1,4
229000419,43,251,-208
229000440,220,50,170
229000442,6,1,5
229000443,0,1,-1
229000444,1,20,-19
229000445,47,4,43
229000446,43,9,34
229000491,1,7,-6
229000492,4,23,-19
229000493,1,26,-25
229000494,18,0,18
229000495,72,1,71
229000496,39,4,35
229000507,0,24,-24
229000508,0,22,-22
229000509,0,24,-24
229000510,1,7,-6
229000511,1,13,-12
229000512,0,20,-20
229000513,1,0,1
229000514,0,1,-1
229000517,1,1,0
229000518,8,4,4
229000519,1,0,1
229000520,7,9,-2
229000521,29,5,24
229000522,3,5,-2
229000523,7,2,5
229000524,1,0,1
229000527,0,0,0
229000528,2,0,2
229000529,2,0,2
229000530,29,1,28
229000531,37,0,37
229000532,18,1,17
229000533,22,0,22
229000534,9,0,9
229000564,57,1,56
229000565,33,1,32
229000566,0,6,-6
229000567,0,19,-19
229000582,24,0,24
229000583,3,3,0
229000584,0,10,-10
229000585,2,25,-23
229000718,0,0,0
229000719,0,0,0
229000720,0,3,-3
229000721,0,1,-1
229000722,0,3,-3
229000723,0,1,-1
229000724,0,1,-1
229000725,0,1,-1
229000738,0,0,0
229000739,0,0,0
229000740,1,0,1
229000741,17,0,17
229000742,12,0,12
229000743,2,0,2
229000744,2,0,2
229000745,0,0,0
229000746,6,0,6
229000847,43,0,43
229000848,8,0,8
229000849,87,3,84
229000851,31,0,31
229000854,0,5,-5
229000856,1,15,-14
229000857,0,14,-14
229000858,1,20,-19
229000919,13,50,-37
229000930,6,133,-127
229000937,76,6,70
229000966,34,12,22
229000981,25,18,7
229000985,17,17,0
229000986,1,2,-1
229000987,0,0,0
229000988,0,3,-3
229000989,1,7,-6
229000990,0,1,-1
229000991,0,2,-2
229000992,15,3,12
229000993,107,4,103
229000998,12,32,-20
229000999,40,2,38
229001034,0,6,-6
229001035,0,1,-1
229001037,21,3,18
229001042,6,5,1
229001047,3,32,-29
229001050,25,31,-6
229001168,0,5,-5
229001200,9,2,7
229001338,2,8,-6
229001394,152,4,148
229001422,99,12,87
229001423,16,78,-62
229001431,37,29,8
229001432,17,37,-20
229001444,110,23,87
229001445,11,103,-92
229001479,19,5,14
229001503,206,56,150
229001504,67,85,-18
229001505,87,16,71
229001506,26,53,-27
229001509,29,9,20
229001545,71,1,70
229001546,4,49,-45
229001553,55,3,52
229001554,27,39,-12
229001559,2,8,-6
229001560,6,13,-7
229001630,38,8,30
229001631,6,14,-8
229001635,0,10,-10
229001636,0,1,-1
229001658,10,60,-50
229001659,44,1,43
229001660,17,3,14
229001661,1,18,-17
229001662,19,0,19
229001663,0,21,-21
229002584,145,106,39
229002831,91,76,15
229002841,18,10,8
229002842,7,5,2
229002843,15,11,4
229002844,31,41,-10
229002845,8,29,-21
229002846,20,9,11
229002847,1,5,-4
229002848,3,9,-6
229002849,1,41,-40
229002850,16,0,16
229002851,46,96,-50
229002852,135,35,100
229002853,104,7,97
229002854,31,25,6
229002855,6,17,-11
229002856,39,12,27
229002857,5,102,-97
229002858,9,9,0
229002859,18,51,-33
229002860,92,7,85
229002861,29,17,12
229002862,20,8,12
229002863,14,10,4
229002864,25,18,7
229002865,11,10,1
229002866,10,12,-2
229002867,0,13,-13
229002868,10,1,9
229002869,19,108,-89
229002870,43,13,30
235000066,288,72,216
235000067,95,73,22
235000072,25,65,-40
235000073,75,288,-213
235000074,28,31,-3
235000080,16,70,-54
235000081,114,68,46
235000082,167,23,144
235000083,169,34,135
235000084,41,40,1
235000085,155,66,89
235000089,18,27,-9
235000092,23,92,-69
235000093,9,8,1
235000097,0,5,-5
235000098,76,6,70
235000099,45,15,30
235000116,58,15,43
235000117,453,7,446
235000133,15,419,-404
235000134,7,137,-130
235000206,10,15,-5
235000207,3,4,-1
235000208,2,4,-2
235000209,2,2,0
235000210,11,1,10
235000212,5,16,-11
235000213,2,8,-6
235000220,7,11,-4
235000221,47,22,25
235000238,8,93,-85
235000239,1,31,-30
235000242,206,595,-389
235000245,468,113,355
235000246,10,55,-45
235000284,12,114,-102
235000295,50,17,33
235000305,151,18,133
235000306,168,7,161
235000307,22,0,22
235000308,8,0,8
235000309,25,0,25
235000310,28,0,28
235000311,50,5,45
235000322,0,16,-16
235000323,0,44,-44
235000324,0,12,-12
235000325,0,16,-16
235000326,2,85,-83
235000351,8,59,-51
235000352,15,22,-7
235000353,5,13,-8
235000354,7,27,-20
235000355,9,55,-46
235000356,66,4,62
235000357,29,9,20
235000358,74,12,62
235000359,10,3,7
235000360,10,3,7
235000361,39,3,36
235000381,76,94,-18
235000382,149,26,123
235000390,12,12,0
235000391,182,11,171
235000392,200,237,-37
235000393,118,111,7
235000395,138,36,102
235000396,401,53,348
235000400,45,48,-3
235000401,15,84,-69
235000405,67,182,-115
235000406,54,176,-122
235000407,42,74,-32
235000409,146,78,68
235000410,49,231,-182
235000411,2,40,-38
235000485,0,9,-9
235000486,7,0,7
235000549,63,69,-6
235000550,160,117,43
235000599,160,48,112
235000600,13,36,-23
235000601,13,22,-9
235000602,99,64,35
235000614,4,6,-2
235000648,2,16,-14
235000649,50,5,45
235000685,0,7,-7
235000815,30,76,-46
235000834,0,4,-4
235000855,19,40,-21
235000862,18,84,-66
235000891,0,16,-16
235000892,13,2,11
235000901,58,47,11
235000907,10,10,0
235001010,72,49,23
235001029,365,300,65
235001030,409,201,208
235001078,87,91,-4
235001079,54,60,-6
235001147,4,28,-24
235001166,14,40,-26
235001167,62,32,30
235001169,17,218,-201
235001188,0,5,-5
235001189,3,1,2
235001197,7,34,-27
235001200,39,38,1
235001207,137,53,84
235001210,35,78,-43
235001215,18,82,-64
235001239,1,33,-32
235001244,1,13,-12
235016267,0,22,-22
277101746,0,0,0
277102712,15,3,12
277103813,0,0,0
277103814,0,0,0
277103898,0,1,-1
277104249,0,1,-1
277104250,0,6,-6
277104251,0,7,-7
277104252,0,1,-1
990011530,0,126,-126
990014944,1,234,-233
990015176,67,0,67
990015618,0,90,-90
990016032,1,155,-154
990032570,1,17,-16
990070001,46,3,43
990070103,0,3,-3
990070601,0,22,-22
990070751,895,7,888
990070766,1,192,-191
990071180,344,82,262
990071343,8,0,8
990071387,0,8,-8
990071823,274,3,271
990072600,1,837,-836
990072964,0,189,-189
990073285,0,2,-2
990074393,1,399,-398
990074870,1102,2,1100
990075106,776,4,772
990075746,456,3,453
990076437,1187,8,1179
990076458,8,296,-288
997000007,530,15,515
997000041,0,142,-142
997000058,31,0,31
997000062,18,0,18
997000069,0,1,-1
997000070,0,9,-9
997000100,33,0,33
997000141,0,450,-450
997000198,167,812,-645
998000475,3,28,-25
998000736,0,92,-92
998000965,0,5,-5
998001031,0,49,-49
998001700,0,1,-1
998001899,0,0,0
998001900,9,1,8
998003073,563,4,559
998101900,0,0,0
998102850,1,169,-168
998501927,586,733,-147
998501929,73,4,69
998501930,39,14,25
998501931,78,5,73
998501932,2,0,2
998501933,19,2,17
998501937,14,1,13
998501944,1,2,-1
998501950,0,7,-7
998501970,25,2,23
998501971,1,51,-50
998501973,0,19,-19
998501974,1,146,-145
998501975,72,2,70
998501976,125,0,125
998501977,0,13,-13
998501978,11,0,11
998501979,0,6,-6
998501980,27,3,24
998501981,14,0,14
998501982,0,61,-61
998501983,1,3,-2
998502024,0,4,-4
998502032,0,6,-6
998502062,18,13,5
998502063,0,0,0
998502173,41,0,41
998502269,0,3,-3
998502546,1,116,-115
998502578,5,5,0
998502599,26,227,-201
998601159,5,48,-43
998601292,0,23,-23
999033574,0,204,-204
999800001,48,15,33
999800002,0,4,-4
999800003,0,0,0
999800004,0,1,-1
999800005,0,5,-5
