ID,insum,outsum,diff
100000001,589,352,237
100000002,930,340,590
100000003,6370,1343,5027
100000004,1699,460,1239
100000005,1611,1642,-31
100000006,123,87,36
100000007,382,256,126
100000008,81,457,-376
100000009,153,86,67
100000010,15,39,-24
100000011,290,62,228
100000012,63,550,-487
100000013,15,146,-131
100000014,189,339,-150
100000015,646,533,113
100000016,711,1002,-291
100000017,325,846,-521
100000018,1025,378,647
100000019,4367,1157,3210
100000020,1326,1296,30
100000021,5522,1256,4266
100000022,896,456,440
100000023,5618,597,5021
100000025,2127,292,1835
100000028,1112,504,608
100000029,256,128,128
100000030,477,20,457
100000031,4174,2365,1809
100000032,2327,1855,472
100000033,396,1199,-803
100000034,707,189,518
100000035,1104,495,609
100000036,1760,616,1144
100000037,220,304,-84
100000038,547,514,33
100000039,276,119,157
100000040,68,57,11
100000041,210,212,-2
100000042,271,254,17
100000043,291,160,131
100000044,304,636,-332
100000045,395,1201,-806
100000046,343,1119,-776
100000047,158,679,-521
100000048,208,634,-426
100000049,1221,2279,-1058
100000051,237,1016,-779
100000053,5,1,4
100000054,64,13,51
100000055,257,244,13
100000056,130,369,-239
100000057,983,543,440
100000058,405,1312,-907
100000059,1,81,-80
100000060,209,188,21
100000061,889,358,531
100000062,822,288,534
100000063,310,186,124
100000064,406,257,149
100000065,332,1028,-696
100000066,155,865,-710
100000067,280,781,-501
100000068,280,1206,-926
100000069,156,1401,-1245
100000072,375,1236,-861
100000073,663,1097,-434
100000075,326,307,19
100000076,1265,1113,152
100000077,567,37,530
100000078,120,16,104
100000079,59,24,35
100000080,14,9,5
100000081,19,26,-7
100000102,1233,693,540
100000103,2327,517,1810
100000104,3170,651,2519
100000105,3081,338,2743
100000106,1502,684,818
100000107,323,162,161
100000108,700,1036,-336
100000109,2462,837,1625
100000116,873,306,567
100000117,12,18,-6
100000118,808,406,402
100000119,356,323,33
100000121,86,543,-457
100000122,575,534,41
100000123,3459,3194,265
100000124,7603,3490,4113
100000125,3088,553,2535
100000126,526,183,343
100000127,1282,308,974
100000128,710,566,144
100000129,335,272,63
100000130,254,468,-214
100000131,3992,1744,2248
100000132,2262,919,1343
100000133,8505,2214,6291
100000135,268,427,-159
100000139,143,270,-127
100000140,172,277,-105
100000142,181,448,-267
100000143,1505,953,552
100000144,3204,860,2344
100000147,628,1332,-704
100000150,13,358,-345
100000151,369,262,107
100000153,270,165,105
100000154,67,26,41
100000155,7,32,-25
100000156,37,58,-21
100000157,101,128,-27
100000158,62,64,-2
100000159,195,282,-87
100000165,893,735,158
100000169,441,230,211
100000174,1475,241,1234
100000179,62,481,-419
100000180,429,674,-245
100000181,66,244,-178
100000188,48,249,-201
100000189,325,191,134
100000190,247,143,104
100000191,279,308,-29
100000192,61,65,-4
100000193,105,121,-16
100000330,1893,301,1592
100000355,243,435,-192
100000362,3701,2641,1060
100000363,1325,2188,-863
100000364,298,158,140
100000365,2539,3850,-1311
100000366,3316,1935,1381
100000367,1557,2491,-934
100000368,1347,1480,-133
100000369,491,830,-339
100000370,47,197,-150
100000376,50,41,9
100000379,1550,706,844
100000380,2137,1016,1121
100000384,4569,1488,3081
100000385,4229,1952,2277
100000386,7332,1626,5706
100000387,6709,1941,4768
100000388,12373,1871,10502
100000389,10515,1997,8518
100000390,10913,1525,9388
100000391,7064,1975,5089
100000392,2700,655,2045
100000393,1035,744,291
100000394,4993,1683,3310
100000395,2187,535,1652
100000396,3149,949,2200
100000397,1528,695,833
100000398,9183,5974,3209
100000413,32,1,31
100900002,1,38,-37
100900003,116,51,65
100900004,10,698,-688
100900005,37,11,26
100900006,4,205,-201
100900007,95,2,93
100900008,0,430,-430
100900009,15,23,-8
100900010,3,118,-115
100900011,23,246,-223
100900012,0,246,-246
100900013,159,10,149
100900014,1,5,-4
100900015,74,50,24
100900016,3,33,-30
100900017,198,20,178
100900018,0,8,-8
100900019,5,21,-16
100900020,73,2,71
100900021,526,0,526
100900022,2,9,-7
100900023,0,7,-7
100900024,353,1,352
100900025,21,4,17
100900026,11,122,-111
100900027,364,1082,-718
100900028,49,65,-16
100900029,82,5,77
100900030,0,7,-7
100900031,134,41,93
100900032,43,4,39
100900033,165,75,90
100900034,115,0,115
100900035,188,0,188
100900036,12,0,12
100900037,13,254,-241
100900038,11,4,7
100900039,267,572,-305
100900040,87,818,-731
100900041,173,838,-665
100900042,155,214,-59
100900043,0,1,-1
100900044,2152,145,2007
100900045,19,0,19
100900046,349,0,349
100900047,637,35,602
100900048,37,0,37
100900049,10,196,-186
100900050,0,15,-15
100900051,7,30,-23
100900052,39,33,6
100900053,98,37,61
100900054,2,109,-107
100900055,88,115,-27
100900056,22,53,-31
100900057,251,175,76
100900058,97,26,71
100900059,11,4,7
100900060,41,35,6
100900061,204,186,18
100900062,1,44,-43
100900063,62,187,-125
100900064,216,4,212
100900065,32,28,4
100900066,22,22,0
100900067,1,9,-8
100900068,15,89,-74
100900069,107,1,106
100900070,47,10,37
100900071,428,144,284
100900072,0,37,-37
100900073,35,413,-378
100900074,0,7,-7
100900075,1853,153,1700
100900076,14,17,-3
100900077,1,124,-123
100900078,46,79,-33
100900079,0,39,-39
100900080,4,124,-120
100900081,7,30,-23
100900082,18,760,-742
100900083,0,43,-43
100900085,2,38,-36
100900086,35,215,-180
100900088,20,594,-574
100900089,0,15,-15
100900090,40,248,-208
100900091,1,12,-11
100900092,38,45,-7
100900093,29,120,-91
100900094,32,519,-487
100900095,1,17,-16
100900096,7,47,-40
100900097,0,2,-2
100900098,0,65,-65
100900099,33,380,-347
100900100,5,142,-137
100900101,235,11,224
100900102,4,14,-10
100900103,1,37,-36
100900104,9,94,-85
100900105,1,34,-33
100900106,45,0,45
100900107,1235,253,982
100900108,1,1,0
100900109,0,32,-32
100900110,0,17,-17
100900111,68,94,-26
100900112,0,7,-7
100900113,4,16,-12
100900114,0,20,-20
100900115,0,6,-6
100900116,455,171,284
100900117,137,211,-74
100900118,5,30,-25
100900119,1,25,-24
100900120,0,5,-5
100900121,132,137,-5
100900122,91,160,-69
100900123,7,64,-57
100900124,2,4,-2
100900125,3,53,-50
100900126,23,92,-69
100900127,1,4,-3
100900128,40,52,-12
100900129,0,64,-64
100900131,14,69,-55
100900133,5,36,-31
100900134,1,2,-1
100900135,0,80,-80
100900137,298,155,143
100900138,257,116,141
100900139,0,11,-11
100900140,1,794,-793
100900141,2,142,-140
100900142,0,1,-1
100900143,833,222,611
100900144,4,0,4
100900145,8,56,-48
100900146,4,8,-4
100900147,6,101,-95
100900148,54,878,-824
100900149,14,26,-12
100900150,2,3,-1
100900151,67,417,-350
100900152,56,1,55
100900153,3,86,-83
100900154,2,11,-9
100900155,0,0,0
100900156,29,2,27
100900157,1,71,-70
100900159,1,9,-8
100900160,0,12,-12
100900161,104,0,104
100900162,6,96,-90
100900163,102,163,-61
100900164,10,34,-24
100900165,25,31,-6
100900166,21,0,21
100900167,2,89,-87
100900168,6,86,-80
100900169,122,935,-813
100900170,5,0,5
100900171,9,714,-705
100900172,0,5,-5
100900173,3,577,-574
100900174,51,23,28
100900176,855,20,835
100900177,665,78,587
100900178,118,112,6
100900179,54,24,30
100900180,1,1,0
100900181,55,21,34
100900182,5,7,-2
100900184,0,91,-91
100900186,728,372,356
100900187,3,158,-155
100900188,19,5,14
100900189,463,77,386
100900191,837,314,523
100900192,144,72,72
100900195,38,92,-54
100900197,0,58,-58
100900198,9,145,-136
100900199,0,5,-5
100900200,446,243,203
100900201,22,704,-682
100900202,47,0,47
100900203,0,24,-24
100900204,174,81,93
100900205,45,143,-98
100900206,61,46,15
100900207,66,41,25
100900210,41,620,-579
100900211,203,30,173
100900213,13,7,6
100900214,688,40,648
100900215,1,28,-27
100900217,78,14,64
101000001,3656,1810,1846
101000002,2506,1891,615
101000003,603,969,-366
101000004,7658,3838,3820
101000005,4067,3177,890
101000006,5746,3894,1852
101000007,1655,1898,-243
101000008,2435,1814,621
101000009,760,1839,-1079
101000010,491,1252,-761
101000011,1810,429,1381
101000012,1287,265,1022
101000013,344,539,-195
101000014,346,398,-52
101000015,701,684,17
101000016,208,230,-22
101000017,307,315,-8
101000018,2730,1733,997
101000020,3481,535,2946
101000021,690,105,585
101000022,278,49,229
101000023,1297,487,810
101000025,65,177,-112
101000026,358,16,342
101000027,1027,1014,13
101000028,643,103,540
101000029,0,406,-406
101000030,328,52,276
101000031,123,69,54
101000032,3138,1305,1833
101000033,2008,1170,838
101000034,2063,718,1345
101000035,941,143,798
101000036,1045,188,857
101000037,3774,708,3066
101000039,3018,535,2483
101000040,3499,1447,2052
101000041,5738,1556,4182
101000042,326,251,75
101000043,4143,1160,2983
101000045,581,206,375
101000046,1250,499,751
101000047,719,777,-58
101000048,431,531,-100
101000049,427,383,44
101000050,1068,232,836
101000051,1550,523,1027
101000052,1161,246,915
101000053,654,787,-133
101000054,1245,934,311
101000055,1249,484,765
101000056,63,22,41
101000057,2272,375,1897
101000058,1530,391,1139
101000059,3014,997,2017
101000060,1787,148,1639
101000061,1341,453,888
101000062,1601,154,1447
101000063,486,202,284
101000064,989,208,781
101000065,143,173,-30
101000066,187,122,65
101000067,509,210,299
101000068,185,110,75
101000069,203,27,176
101000070,1497,405,1092
101000071,1207,468,739
101000072,821,1881,-1060
101000073,500,208,292
101000074,3047,1399,1648
101000075,4898,1858,3040
101000077,951,733,218
101000078,887,1173,-286
101000079,366,903,-537
101000080,572,541,31
101000081,736,693,43
101000082,2581,1835,746
101000083,1197,912,285
101000084,894,1114,-220
101000085,1166,798,368
101000086,1072,867,205
101000087,723,1066,-343
101000088,607,610,-3
101000089,613,908,-295
101000090,2062,1316,746
101000091,251,1452,-1201
101000092,616,878,-262
101000093,1128,521,607
101000094,325,886,-561
101000095,126,640,-514
101000096,291,498,-207
101000097,152,261,-109
101000098,279,401,-122
101000099,992,894,98
101000100,705,391,314
101000101,198,190,8
101000102,496,183,313
101000103,598,293,305
101000104,152,182,-30
101000105,841,129,712
101000106,465,247,218
101000107,98,219,-121
101000108,1350,283,1067
101000109,69,60,9
101000110,15,643,-628
101000111,79,140,-61
101000113,78,205,-127
101000114,1390,856,534
101000115,39,59,-20
101000116,13,67,-54
101000117,97,183,-86
101000119,131,12,119
101000120,222,5,217
101000121,59,12,47
101000122,45,17,28
101000123,29,20,9
101000124,352,257,95
101000125,138,306,-168
101000128,573,240,333
101000130,263,188,75
101000131,373,623,-250
101000132,170,1535,-1365
101000135,62,8,54
101000136,117,60,57
101000137,33,144,-111
101000141,1966,824,1142
101000147,838,526,312
101000148,2225,11,2214
101000149,52,10,42
101000150,23,1184,-1161
101000151,16,97,-81
101000152,332,241,91
101000153,656,369,287
101000154,83,1522,-1439
101000155,79,78,1
101000156,13,181,-168
101000157,55,18,37
101000160,14,35,-21
101000163,80,34,46
101000164,357,246,111
101000165,138,214,-76
101000166,152,251,-99
101000168,467,303,164
101000252,498,449,49
101000254,198,9,189
101000258,53,20,33
101000261,173,160,13
101000262,365,653,-288
101000263,119,355,-236
101000265,30,373,-343
101000266,203,166,37
101000269,95,7,88
101000290,1244,989,255
101000293,3,93,-90
101000294,338,410,-72
101000295,121,360,-239
101000301,781,91,690
101000304,1366,2058,-692
101000305,1562,1424,138
101000328,47,288,-241
101900001,23,107,-84
101900002,0,17,-17
101900003,63,84,-21
101900004,6,20,-14
101900005,4453,580,3873
101900006,559,2,557
101900007,258,16,242
101900008,82,103,-21
101900009,37,143,-106
101900010,753,251,502
101900011,199,421,-222
101900012,64,111,-47
101900013,988,62,926
101900017,8,54,-46
101900018,1537,65,1472
101900019,64,30,34
101900020,43,66,-23
101900021,1,24,-23
101900022,26,1315,-1289
101900023,27,211,-184
101900026,50,25,25
101900027,2,86,-84
102000001,1472,2954,-1482
102000002,2340,1083,1257
102000003,2753,2748,5
102000004,6781,1403,5378
102000005,1248,1711,-463
102000006,1729,897,832
102000007,1225,2736,-1511
102000008,5488,1197,4291
102000009,4406,5252,-846
102000010,5644,2330,3314
102000011,1609,1795,-186
102000012,2559,2617,-58
102000018,2665,1534,1131
102000019,2097,784,1313
102000026,216,264,-48
102000029,522,131,391
102000030,51,122,-71
102000031,13,212,-199
102000032,168,272,-104
102000033,96,407,-311
102000034,295,242,53
102000035,673,346,327
102000036,2,123,-121
102000037,90,58,32
102000038,34,51,-17
102000039,61,41,20
102000040,342,47,295
102000041,100,118,-18
102000042,49,51,-2
102000043,96,155,-59
102000044,201,417,-216
102000045,479,777,-298
102000046,595,327,268
102000047,478,784,-306
102000048,98,591,-493
102000049,452,399,53
102000050,510,854,-344
102000051,177,301,-124
102000052,705,631,74
102000053,273,576,-303
102000054,203,638,-435
102000055,388,843,-455
102000056,334,916,-582
102000057,765,351,414
102000058,665,1595,-930
102000059,695,987,-292
102000060,628,638,-10
102000061,970,2580,-1610
102000062,523,1043,-520
102000063,877,1168,-291
102000064,485,616,-131
102000065,40,118,-78
102000066,786,930,-144
102000067,1838,1718,120
102000068,7093,2279,4814
102000069,48,1373,-1325
102000070,2347,56,2291
102000071,5641,7571,-1930
102000072,2862,4077,-1215
102000073,258,957,-699
102000074,247,710,-463
102000075,122,286,-164
102000076,141,366,-225
102000077,203,1332,-1129
102000078,359,913,-554
102000079,55,270,-215
102000080,79,157,-78
102000081,199,720,-521
102000082,546,178,368
102000083,137,611,-474
102000084,76,441,-365
102000085,1193,1160,33
102000086,697,1026,-329
102000087,347,2006,-1659
102000088,139,235,-96
102000089,605,566,39
102000090,361,1012,-651
102000091,855,392,463
102000092,409,774,-365
102000093,506,437,69
102000094,750,312,438
102000095,564,499,65
102000096,683,389,294
102000097,749,635,114
102000098,363,479,-116
102000099,422,350,72
102000100,560,393,167
102000101,696,206,490
102000102,288,1073,-785
102000103,1111,165,946
102000104,898,281,617
102000105,90,773,-683
102000106,289,842,-553
102000107,385,470,-85
102000108,332,271,61
102000109,175,445,-270
102000110,257,1335,-1078
102000111,7,238,-231
102000112,104,86,18
102000113,2,23,-21
102000114,727,213,514
102000115,181,113,68
102000116,212,194,18
102000117,186,414,-228
102000118,1563,886,677
102000119,2277,349,1928
102000120,61,356,-295
102000121,592,367,225
102000122,157,683,-526
102000123,1078,596,482
102000124,668,814,-146
102000125,706,540,166
102000126,387,547,-160
102000127,786,502,284
102000128,341,905,-564
102000129,554,880,-326
102000130,292,485,-193
102000131,420,521,-101
102000132,253,320,-67
102000133,756,2457,-1701
102000134,284,542,-258
102000135,940,415,525
102000136,820,238,582
102000137,548,511,37
102000138,209,320,-111
102000139,47,296,-249
102000140,224,175,49
102000141,96,463,-367
102000142,104,291,-187
102000143,27,445,-418
102000144,37,399,-362
102000145,117,337,-220
102000146,130,253,-123
102000147,207,148,59
102000148,131,144,-13
102000149,98,593,-495
102000150,109,164,-55
102000151,60,351,-291
102000152,67,100,-33
102000153,527,137,390
102000154,256,448,-192
102000155,53,217,-164
102000156,264,31,233
102000157,39,100,-61
102000158,300,160,140
102000159,1296,112,1184
102000161,3589,774,2815
102000162,125,53,72
102000163,62,211,-149
102000164,937,357,580
102000165,221,73,148
102000166,23,55,-32
102000167,98,121,-23
102000168,155,77,78
102000169,51,284,-233
102000170,596,48,548
102000171,79,36,43
102000172,19,166,-147
102000173,214,157,57
102000174,21,25,-4
102000175,79,241,-162
102000176,17,47,-30
102000178,177,523,-346
102000179,145,213,-68
102000180,214,471,-257
102000181,153,751,-598
102000182,241,627,-386
102000183,606,1777,-1171
102000184,623,696,-73
102000185,837,1638,-801
102000186,373,1565,-1192
102000187,275,1584,-1309
102000188,378,1299,-921
102000189,2277,736,1541
102000190,388,1253,-865
102000191,1031,415,616
102000192,497,750,-253
102000193,18,177,-159
102000194,37,162,-125
102000195,180,536,-356
102000196,48,623,-575
102000197,144,425,-281
102000198,59,938,-879
102000199,212,356,-144
102000200,130,1056,-926
102000201,263,436,-173
102000202,0,151,-151
102000203,86,293,-207
102000204,191,995,-804
102000205,400,827,-427
102000206,260,645,-385
102000207,375,467,-92
102000208,143,510,-367
102000209,30,40,-10
102000210,88,498,-410
102000211,149,373,-224
102000212,42,13,29
102000213,2,338,-336
102000214,41,23,18
102000215,2,565,-563
102000216,12,19,-7
102000217,7,206,-199
102000218,59,25,34
102000219,249,308,-59
102000225,790,628,162
102000226,1917,127,1790
102000227,34,1,33
102000228,0,79,-79
102000229,39,13,26
102000230,213,591,-378
102000231,185,302,-117
102000232,5,99,-94
102000233,268,460,-192
102000234,64,1192,-1128
102000236,302,43,259
102000237,329,152,177
102000238,127,215,-88
102000240,660,457,203
102000241,224,80,144
102000243,10,45,-35
102000245,33,130,-97
102000246,29,23,6
102000247,1462,833,629
102000248,629,529,100
102000249,56,151,-95
102000250,37,434,-397
102000254,28,503,-475
102000266,32,100,-68
102000271,7,0,7
102000286,290,250,40
102000297,1089,666,423
102000301,0,0,0
102000303,0,0,0
102000307,0,1,-1
102900001,808,707,101
102900002,234,29,205
102900003,15,280,-265
102900005,188,243,-55
102900006,262,155,107
102900007,250,35,215
102900008,113,26,87
102900009,256,47,209
102900010,462,331,131
102900011,1800,200,1600
102900012,263,28,235
102900013,8,43,-35
102900015,424,86,338
102900016,15,105,-90
102900017,26,518,-492
102900018,6,96,-90
102900019,147,327,-180
102900020,29,34,-5
102900021,2,94,-92
102900022,201,36,165
102900023,6,40,-34
102900024,9,41,-32
102900025,151,82,69
102900026,323,815,-492
102900027,38,45,-7
102900028,70,264,-194
102900029,43,69,-26
102900030,152,125,27
102900031,85,142,-57
102900032,31,122,-91
102900033,15,97,-82
102900034,93,142,-49
102900035,22,432,-410
102900036,63,585,-522
102900037,65,606,-541
102900038,318,436,-118
102900039,8,234,-226
102900040,45,152,-107
102900041,42,106,-64
102900042,64,241,-177
102900043,91,241,-150
102900044,256,1489,-1233
102900045,36,434,-398
102900046,63,269,-206
102900047,45,594,-549
102900048,288,642,-354
102900049,41,274,-233
102900050,178,268,-90
102900051,93,111,-18
102900053,165,557,-392
102900054,451,361,90
102900055,22,43,-21
102900056,49,338,-289
102900057,0,8,-8
102900058,202,30,172
102900059,2,34,-32
102900060,28,285,-257
102900061,24,393,-369
102900062,55,1293,-1238
102900063,396,319,77
102900064,102,229,-127
102900065,1232,416,816
102900066,187,16,171
102900068,40,63,-23
102900070,62,680,-618
102900072,5,27,-22
102900073,88,7,81
102900075,5,12,-7
102900076,146,23,123
102900077,22,19,3
102900078,26,55,-29
102900079,93,6,87
102900080,145,19,126
102900081,59,160,-101
102900082,11,236,-225
102900083,226,2,224
102900084,3,12,-9
102900085,48,39,9
102900086,2,20,-18
102900087,13,87,-74
102900088,5,19,-14
102900089,169,70,99
102900090,1,394,-393
102900091,45,0,45
102900092,81,766,-685
102900094,0,41,-41
102900095,62,2,60
102900096,5,8,-3
102900097,73,195,-122
103000001,1460,2128,-668
103000002,1228,1486,-258
103000003,2057,1845,212
103000004,830,505,325
103000005,1524,1654,-130
103000006,485,1039,-554
103000007,331,706,-375
103000008,534,878,-344
103000009,467,548,-81
103000010,140,97,43
103000011,1465,760,705
103000012,760,888,-128
103000013,5724,1501,4223
103000014,936,834,102
103000015,1841,794,1047
103000016,466,555,-89
103000017,114,203,-89
103000018,787,316,471
103000019,101,107,-6
103000020,1094,1235,-141
103000021,828,940,-112
103000022,754,1047,-293
103000023,342,818,-476
103000024,90,130,-40
103000025,53,141,-88
103000026,1765,123,1642
103000027,277,198,79
103000028,674,246,428
103000029,453,98,355
103000030,1818,523,1295
103000031,1349,779,570
103000032,1873,1498,375
103000033,2348,1996,352
103000034,1373,550,823
103000035,352,595,-243
103000036,352,313,39
103000037,804,321,483
103000038,526,633,-107
103000039,95,411,-316
103000040,156,1150,-994
103000041,1097,2823,-1726
103000042,503,684,-181
103000043,222,1224,-1002
103000044,112,231,-119
103000046,125,200,-75
103000047,258,695,-437
103000048,68,74,-6
103000049,72,175,-103
103000050,377,421,-44
103000051,207,429,-222
103000052,694,381,313
103000053,139,323,-184
103000054,1012,973,39
103000055,849,1151,-302
103000056,427,2238,-1811
103000057,362,241,121
103000058,194,844,-650
103000059,248,755,-507
103000060,699,729,-30
103000061,464,673,-209
103000062,631,754,-123
103000063,514,585,-71
103000064,107,245,-138
103000065,0,332,-332
103000066,48,11,37
103000069,61,270,-209
103000070,366,1086,-720
103000071,448,276,172
103000072,67,888,-821
103000073,199,71,128
103000074,235,53,182
103000075,90,729,-639
103000076,139,88,51
103000077,29,266,-237
103000078,1049,160,889
103000079,1303,277,1026
103000080,871,120,751
103000081,354,505,-151
103000082,248,100,148
103000083,34,369,-335
103000084,140,5,135
103000085,2,90,-88
103000086,400,183,217
103000087,81,261,-180
103000088,265,255,10
103000089,98,191,-93
103000090,1020,747,273
103000091,376,313,63
103000092,167,256,-89
103000093,190,498,-308
103000094,81,82,-1
103000095,17,316,-299
103000096,567,67,500
103000097,14,626,-612
103000098,727,79,648
103000099,263,538,-275
103000100,41,722,-681
103000101,234,136,98
103000102,71,619,-548
103000103,302,198,104
103000104,17,133,-116
103000105,45,121,-76
103000106,6,75,-69
103000107,267,55,212
103000108,336,450,-114
103000109,239,296,-57
103000110,309,284,25
103000111,301,302,-1
103000112,149,168,-19
103000113,279,477,-198
103000114,497,212,285
103000115,276,347,-71
103000116,228,378,-150
103000117,104,397,-293
103000118,906,986,-80
103000119,1652,595,1057
103000120,17,76,-59
103000121,219,462,-243
103000122,201,171,30
103000125,5,497,-492
103000126,159,2,157
103000127,2,322,-320
103000128,45,3,42
103000129,1,192,-191
103000130,19,14,5
103000131,211,74,137
103000132,82,76,6
103000133,7,198,-191
103000134,604,361,243
103000135,626,167,459
103000136,530,261,269
103000137,459,419,40
103000138,673,408,265
103000139,0,52,-52
103000140,84,22,62
103000141,34,74,-40
103000142,107,25,82
103000143,18,166,-148
103000144,134,45,89
103000145,14,14,0
103000150,28,40,-12
103000152,182,169,13
103000153,93,113,-20
103000156,1,514,-513
103000157,142,0,142
103000159,80,106,-26
103000162,46,10,36
103000163,8,11,-3
103000164,15,10,5
103000165,130,420,-290
103000166,72,95,-23
103000167,89,96,-7
103000168,44,146,-102
103000169,97,201,-104
103000170,483,463,20
103000171,32,38,-6
103000172,137,271,-134
103000173,131,709,-578
103000174,123,225,-102
103000175,109,511,-402
103000176,611,143,468
103000177,683,397,286
103000178,351,229,122
103000179,75,20,55
103000183,94,68,26
103000185,36,72,-36
103000186,38,144,-106
103000187,113,764,-651
103000188,6,68,-62
103000189,458,933,-475
103000191,542,542,0
103000292,2359,381,1978
103000293,1361,580,781
103000295,58,48,10
103000296,90,4,86
103000297,55,11,44
103000504,143,4,139
103000505,8,6,2
103000506,4,204,-200
103000507,79,2,77
103000508,37,11,26
103000509,135,431,-296
103900001,1,364,-363
103900002,1645,141,1504
103900003,1321,49,1272
103900004,7,1,6
103900005,0,202,-202
103900006,0,0,0
103900007,15,48,-33
103900008,1,0,1
103900009,73,164,-91
103900010,99,190,-91
103900011,48,221,-173
103900012,5,9,-4
103900013,5,87,-82
103900014,17,26,-9
103900015,34,25,9
103900016,160,371,-211
103900017,10,54,-44
103900018,796,140,656
103900019,41,120,-79
103900020,92,166,-74
103900021,725,22,703
103900022,406,511,-105
103900023,39,0,39
103900024,58,483,-425
103900025,3,24,-21
103900026,25,0,25
103900027,195,149,46
103900028,7,150,-143
103900029,476,88,388
103900030,142,17,125
103900031,1,0,1
103900032,22,21,1
103900033,13,3,10
103900034,8,233,-225
103900035,10,51,-41
103900036,45,10,35
103900037,16,37,-21
103900038,63,37,26
103900039,10,476,-466
103900040,8,194,-186
103900041,10,13,-3
103900042,18,531,-513
103900043,34,112,-78
103900044,109,43,66
103900045,98,136,-38
103900047,11,24,-13
103900048,31,25,6
103900049,132,795,-663
103900050,3,57,-54
103900051,0,30,-30
103900052,66,663,-597
103900053,37,1020,-983
103900054,11,628,-617
103900055,119,127,-8
103900056,6,43,-37
103900057,2,260,-258
103900058,30,654,-624
103900059,0,5,-5
103900060,8,156,-148
103900061,39,77,-38
103900062,51,37,14
103900063,2,0,2
103900064,24,1,23
103900065,642,174,468
103900066,38,2,36
103900067,22,1,21
103900068,0,2,-2
103900069,9,1,8
103900070,53,209,-156
103900071,16,144,-128
103900072,1,305,-304
103900073,11,6,5
103900074,11,94,-83
103900075,47,99,-52
103900076,139,699,-560
103900077,42,30,12
103900078,43,123,-80
103900079,62,142,-80
103900080,14,25,-11
103900081,88,2,86
103900082,3,76,-73
103900083,1527,146,1381
103900084,9,57,-48
103900085,70,96,-26
103900086,118,184,-66
103900088,462,120,342
103900089,109,178,-69
103900090,2,234,-232
103900091,693,164,529
103900092,124,464,-340
103900093,64,343,-279
103900094,2,175,-173
103900095,83,144,-61
103900096,2,333,-331
103900097,4,530,-526
103900098,95,41,54
103900099,10,198,-188
103900100,37,294,-257
103900101,33,608,-575
103900102,0,12,-12
103900104,0,23,-23
103900105,51,138,-87
103900106,1,14,-13
103900107,13,153,-140
103900108,14,456,-442
103900109,10,48,-38
103900110,86,42,44
103900111,11,718,-707
103900112,5,31,-26
103900113,99,133,-34
103900114,425,310,115
103900115,114,44,70
103900116,5869,556,5313
103900117,209,124,85
103900119,7,39,-32
103900120,37,63,-26
103900122,2,315,-313
103900123,1233,318,915
103900124,12,659,-647
103900125,51,69,-18
103900126,148,383,-235
103900127,85,758,-673
103900128,16,197,-181
103900131,6,137,-131
103900133,502,26,476
103900134,0,0,0
103900135,62,8,54
103900137,1,70,-69
103900138,9,273,-264
103900139,203,648,-445
103900140,0,23,-23
103900141,96,78,18
103900142,27,172,-145
103900143,9,6,3
103900144,0,72,-72
103900145,78,242,-164
103900146,202,238,-36
103900147,136,106,30
103900148,75,170,-95
103900149,23,633,-610
103900150,5933,993,4940
103900151,14,134,-120
103900152,135,552,-417
103900153,0,1,-1
103900154,1056,394,662
103900155,10,200,-190
103900156,10,144,-134
103900157,8,166,-158
103900158,11,180,-169
103900159,16,58,-42
103900160,22,10,12
103900161,17,128,-111
103900162,68,208,-140
103900163,1,276,-275
103900167,3,44,-41
103900168,19,94,-75
103900169,4,31,-27
103900170,1,82,-81
103900171,0,99,-99
103900172,4,45,-41
103900173,2,4,-2
103900174,19,30,-11
103900175,32,28,4
103900176,3,9,-6
103900177,3,26,-23
103900178,9,65,-56
103900179,16,183,-167
103900180,3,97,-94
103900181,37,13,24
103900182,31,3,28
103900184,409,16,393
103900185,189,60,129
103900187,39,10,29
103900188,12,5,7
103900189,28,9,19
103900190,13,39,-26
103900191,13,25,-12
103900192,9,39,-30
103900193,72,93,-21
103900194,10,235,-225
103900195,0,15,-15
103900196,5,10,-5
103900197,6,24,-18
103900198,4,35,-31
103900199,35,64,-29
103900200,81,195,-114
103900201,22,212,-190
103900202,7,45,-38
103900203,18,12,6
103900204,1,133,-132
103900207,0,149,-149
103900208,16,0,16
103900209,12,95,-83
103900210,4,26,-22
103900211,147,627,-480
103900212,28,469,-441
103900213,54,181,-127
103900214,161,68,93
103900215,783,217,566
103900216,4,350,-346
103900217,208,40,168
103900218,0,183,-183
103900219,21,281,-260
103900233,61,1,60
103900235,10,21,-11
103900236,11,1,10
103900242,2,1,1
103900243,3,9,-6
103900244,30,281,-251
103900245,22,247,-225
103900246,42,26,16
103900247,19,103,-84
103900248,2,21,-19
103900249,1,8,-7
103900250,15,16,-1
103900251,2,9,-7
103900253,20,21,-1
103900254,6,10,-4
103900255,5,9,-4
103900256,7,20,-13
103900257,41,35,6
103900258,11,0,11
103900259,49,1,48
103900261,1,2,-1
103900262,11,0,11
103900263,30,22,8
103900264,48,6,42
103900265,82,2,80
103900266,1,18,-17
103900267,0,40,-40
103900268,6,129,-123
103900269,54,43,11
103900270,5,150,-145
103900271,44,188,-144
103900272,3,30,-27
103900273,0,4,-4
103900274,0,0,0
103900275,4,2,2
103900276,0,17,-17
103900277,0,22,-22
103900278,0,11,-11
103900279,1,8,-7
103900280,0,27,-27
104000001,1380,1838,-458
104000002,1048,2130,-1082
104000003,1535,1779,-244
104000004,2930,1952,978
104000005,653,1421,-768
104000006,1911,2216,-305
104000007,2668,2542,126
104000008,179,486,-307
104000009,83,138,-55
104000010,74,158,-84
104000011,614,462,152
104000012,71,432,-361
104000013,40,92,-52
104000014,131,584,-453
104000015,110,131,-21
104000016,257,369,-112
104000018,317,125,192
104000019,236,94,142
104000020,172,854,-682
104000021,226,738,-512
104000022,82,353,-271
104000023,315,238,77
104000024,104,268,-164
104000026,35,220,-185
104000027,153,405,-252
104000028,188,290,-102
104000029,280,533,-253
104000030,87,254,-167
104000031,347,181,166
104000032,153,366,-213
104000033,262,264,-2
104000034,183,377,-194
104000035,273,349,-76
104000036,256,571,-315
104000037,148,325,-177
104000038,174,214,-40
104000039,104,505,-401
104000040,340,530,-190
104000041,317,270,47
104000042,165,401,-236
104000043,209,353,-144
104000044,214,893,-679
104000045,522,1194,-672
104000046,1192,1493,-301
104000047,413,1442,-1029
104000048,947,2062,-1115
104000049,239,315,-76
104000050,130,482,-352
104000051,66,577,-511
104000052,498,1164,-666
104000053,497,614,-117
104000054,368,539,-171
104000055,3335,2500,835
104000056,1630,142,1488
104000057,60,418,-358
104000058,391,608,-217
104000059,247,1031,-784
104000060,312,813,-501
104000061,889,1171,-282
104000062,95,165,-70
104000064,687,238,449
104000065,93,292,-199
104000069,1063,466,597
104000070,65,242,-177
104000071,109,330,-221
104000072,755,239,516
104000075,23,225,-202
104000076,274,19,255
104000082,1511,1964,-453
104000083,573,146,427
104000084,60,374,-314
104000085,141,183,-42
104000086,134,319,-185
104000087,386,634,-248
104000090,397,1569,-1172
104000092,465,2660,-2195
104000094,560,2076,-1516
104000095,937,1161,-224
104000096,707,372,335
104000097,911,873,38
104000098,729,1267,-538
104000100,712,573,139
104000101,797,2406,-1609
104000106,61,433,-372
104000107,332,522,-190
104000108,306,468,-162
104000109,245,25,220
104000110,710,745,-35
104000111,4079,1126,2953
104000112,1873,431,1442
104000116,0,1359,-1359
104000117,45,948,-903
104000118,188,236,-48
104000119,334,224,110
104000120,127,816,-689
104000121,137,631,-494
104000122,340,684,-344
104000123,628,1288,-660
104000124,1355,2482,-1127
104000125,4146,2185,1961
104000126,132,377,-245
104000127,1437,4010,-2573
104000128,642,443,199
104000129,442,29,413
104000130,6,184,-178
104000131,885,695,190
104000132,498,987,-489
104000133,845,671,174
104000134,619,965,-346
104000135,338,517,-179
104000136,694,1252,-558
104000137,1505,197,1308
104000138,1079,301,778
104000139,7915,2832,5083
104000141,1352,1880,-528
104000142,447,990,-543
104000143,345,914,-569
104000144,32,154,-122
104000145,246,95,151
104000146,341,510,-169
104000147,59,320,-261
104000148,101,89,12
104000149,162,351,-189
104000150,342,294,48
104000151,209,592,-383
104000152,300,676,-376
104000153,123,306,-183
104000154,922,669,253
104000155,199,333,-134
104000157,1016,1826,-810
104000158,151,171,-20
104000159,305,261,44
104000160,1212,970,242
104000161,141,121,20
104000162,27,105,-78
104000165,1145,931,214
104000167,371,320,51
104000168,322,4,318
104000169,18,32,-14
104000170,887,239,648
104000248,84,622,-538
104000251,35,315,-280
104000272,0,0,0
104000273,0,0,0
104000274,0,0,0
104000275,0,0,0
104000279,489,414,75
104000290,30,263,-233
104000291,784,940,-156
104000293,400,560,-160
104000294,2,0,2
104000295,291,705,-414
104000296,226,756,-530
104000297,631,1114,-483
104000298,1747,762,985
104000299,460,1202,-742
104900001,62,311,-249
104900002,20,66,-46
104900003,25,411,-386
104900004,33,339,-306
104900005,133,109,24
104900006,65,63,2
104900007,128,186,-58
104900009,51,538,-487
104900010,13,5,8
104900011,1,0,1
104900012,89,4,85
104900013,37,0,37
104900014,3727,224,3503
104900015,69,2,67
104900016,50,290,-240
104900017,26,211,-185
104900018,6,195,-189
104900019,198,751,-553
104900020,24,266,-242
104900021,0,214,-214
104900022,3,93,-90
104900023,2,70,-68
104900024,11,65,-54
104900025,30,367,-337
104900026,1,90,-89
104900027,158,147,11
104900028,16,74,-58
104900029,10,37,-27
104900030,243,117,126
104900031,97,153,-56
104900032,34,166,-132
104900033,35,101,-66
104900034,140,57,83
104900035,63,53,10
104900036,52,32,20
104900037,65,236,-171
104900038,504,104,400
104900039,461,25,436
104900040,62,89,-27
104900041,83,85,-2
104900042,53,247,-194
104900043,3,13,-10
104900044,150,120,30
104900045,131,35,96
104900046,27,94,-67
104900047,118,109,9
104900048,62,43,19
104900049,3,2,1
104900050,40,50,-10
104900051,44,24,20
104900052,3,0,3
104900053,148,15,133
104900054,41,13,28
104900055,5,0,5
104900056,81,1,80
104900057,15,1,14
104900058,118,82,36
104900059,4,12,-8
104900060,0,286,-286
104900061,190,570,-380
104900063,0,89,-89
104900064,0,100,-100
104900065,0,81,-81
104900066,1,171,-170
104900067,2,200,-198
104900068,2,218,-216
104900070,39,295,-256
104900071,2,686,-684
104900072,20,192,-172
104900073,9,254,-245
104900074,27,200,-173
104900075,35,56,-21
104900076,39,386,-347
104900077,984,39,945
104900078,89,785,-696
104900079,93,143,-50
104900080,22,579,-557
104900082,15,200,-185
104900085,0,246,-246
104900087,223,1,222
104900089,20,0,20
104900090,231,292,-61
104900091,352,715,-363
104900093,149,457,-308
104900097,2344,783,1561
104900098,23,42,-19
104900099,212,321,-109
104900100,804,129,675
104900102,10,203,-193
104900103,346,68,278
104900104,2399,574,1825
104900106,15,124,-109
104900107,36,302,-266
104900108,15,233,-218
104900109,30,36,-6
104900110,10,39,-29
104900111,59,92,-33
104900112,103,903,-800
104900113,281,352,-71
104900114,135,580,-445
104900115,213,503,-290
104900116,48,333,-285
104900118,11,84,-73
104900119,0,29,-29
104900120,130,10,120
104900121,0,69,-69
104900122,0,56,-56
104900123,2,4,-2
104900124,3,0,3
104900125,152,1,151
104900126,77,71,6
104900127,16,10,6
104900128,35,105,-70
104900129,2045,545,1500
105000001,1565,1586,-21
105000002,1379,1542,-163
105000003,1868,3379,-1511
105000004,385,937,-552
105000005,535,958,-423
105000006,769,1140,-371
105000007,555,896,-341
105000008,433,1335,-902
105000009,759,2047,-1288
105000010,2315,2253,62
105000011,1097,1520,-423
105000012,2995,2768,227
105000013,459,771,-312
105000014,712,1506,-794
105000015,4519,3148,1371
105000016,2262,1416,846
105000017,1180,873,307
105000018,966,709,257
105000019,1152,730,422
105000020,132,254,-122
105000021,208,129,79
105000022,63,18,45
105000023,193,186,7
105000028,38,137,-99
105000029,274,634,-360
105000030,3328,3202,126
105000031,3,12,-9
105000033,961,1996,-1035
105000034,78,342,-264
105000037,509,450,59
105000038,1006,822,184
105000039,2799,1543,1256
105000040,425,475,-50
105000041,342,1183,-841
105000042,1564,700,864
105000043,1645,2013,-368
105000044,186,248,-62
105000045,200,969,-769
105000046,341,318,23
105000047,266,1369,-1103
105000048,287,194,93
105000049,194,723,-529
105000050,242,221,21
105000051,148,497,-349
105000052,200,752,-552
105000053,80,167,-87
105000054,116,866,-750
105000055,193,361,-168
105000056,412,2147,-1735
105000057,710,971,-261
105000058,1389,1324,65
105000059,351,351,0
105000060,353,531,-178
105000061,216,285,-69
105000062,812,922,-110
105000063,157,673,-516
105000064,348,482,-134
105000065,218,1016,-798
105000066,467,1844,-1377
105000067,326,364,-38
105000068,324,740,-416
105000069,2141,408,1733
105000070,556,617,-61
105000071,104,295,-191
105000072,559,619,-60
105000073,500,331,169
105000074,681,902,-221
105000075,336,708,-372
105000076,916,1066,-150
105000077,1565,796,769
105000078,1109,856,253
105000079,1324,1432,-108
105000080,1068,599,469
105000081,633,572,61
105000082,336,259,77
105000083,423,396,27
105000084,276,1110,-834
105000085,768,782,-14
105000086,434,874,-440
105000087,1855,1536,319
105000088,913,989,-76
105000089,2375,2252,123
105000090,873,812,61
105000091,1789,1797,-8
105000092,448,1127,-679
105000093,325,182,143
105000094,205,105,100
105000095,49,324,-275
105000096,575,421,154
105000097,941,592,349
105000098,433,367,66
105000099,533,838,-305
105000100,531,1276,-745
105000101,1190,1684,-494
105000102,845,1551,-706
105000103,1025,1812,-787
105000104,701,836,-135
105000105,497,1472,-975
105000106,584,1119,-535
105000107,603,736,-133
105000108,789,1359,-570
105000109,686,1164,-478
105000110,388,635,-247
105000111,327,498,-171
105000112,513,697,-184
105000113,169,404,-235
105000114,2918,642,2276
105000115,184,515,-331
105000116,256,353,-97
105000117,550,1373,-823
105000118,123,303,-180
105000119,281,1171,-890
105000120,276,563,-287
105000121,550,951,-401
105000122,156,372,-216
105000123,845,1306,-461
105000124,1028,803,225
105000125,477,1520,-1043
105000126,1109,1715,-606
105000127,1393,1527,-134
105000128,247,1095,-848
105000129,410,262,148
105000130,55,579,-524
105000131,247,284,-37
105000132,376,324,52
105000133,169,913,-744
105000134,190,400,-210
105000135,250,702,-452
105000136,56,337,-281
105000137,181,193,-12
105000138,209,324,-115
105000139,735,983,-248
105000140,153,376,-223
105000141,82,629,-547
105000142,66,352,-286
105000143,139,516,-377
105000144,215,579,-364
105000145,318,448,-130
105000146,352,576,-224
105000147,329,238,91
105000148,801,424,377
105000149,1065,834,231
105000150,1644,1222,422
105000151,150,192,-42
105000152,93,512,-419
105000153,299,275,24
105000154,661,713,-52
105000155,207,258,-51
105000156,652,725,-73
105000157,885,1415,-530
105000158,1273,671,602
105000159,282,1049,-767
105000160,865,522,343
105000161,503,1577,-1074
105000162,170,913,-743
105000163,936,950,-14
105000164,148,253,-105
105000165,1190,2288,-1098
105000166,6211,225,5986
105000167,2170,891,1279
105000168,132,832,-700
105000169,159,449,-290
105000170,50,1002,-952
105000171,830,237,593
105000172,30,45,-15
105000173,33,14,19
105000174,25,18,7
105000175,50,125,-75
105000176,66,50,16
105000177,26,74,-48
105000178,119,575,-456
105000179,56,97,-41
105000180,56,114,-58
105000181,35,425,-390
105000182,21,82,-61
105000183,2071,1057,1014
105000184,1300,597,703
105000185,842,381,461
105000186,295,797,-502
105000187,391,248,143
105000188,163,76,87
105000189,131,514,-383
105000190,55,258,-203
105000191,194,471,-277
105000192,60,71,-11
105000193,62,130,-68
105000194,130,49,81
105000195,118,1000,-882
105000196,32,50,-18
105000197,133,653,-520
105000198,325,192,133
105000199,131,132,-1
105000200,66,128,-62
105000201,41,15,26
105000203,2,274,-272
105000204,43,88,-45
105000205,53,207,-154
105000207,580,200,380
105000208,149,192,-43
105000209,115,361,-246
105000211,47,14,33
105000212,608,1235,-627
105000213,152,115,37
105000214,35,179,-144
105000215,82,225,-143
105000216,39,322,-283
105000217,88,283,-195
105000218,338,858,-520
105000221,78,230,-152
105000222,54,43,11
105000223,61,152,-91
105000226,15,337,-322
105000227,15,157,-142
105000228,99,464,-365
105000229,38,214,-176
105000231,80,150,-70
105000233,408,532,-124
105000234,458,972,-514
105000235,124,431,-307
105000237,310,51,259
105000243,13,36,-23
105000248,19,32,-13
105000262,111,1542,-1431
105000269,46,125,-79
105000270,144,116,28
105000271,2,288,-286
105000282,44,33,11
105000287,207,99,108
105000288,133,277,-144
105000289,477,544,-67
105000290,8,1,7
105000402,3878,980,2898
105000426,233,418,-185
105000438,310,423,-113
105000440,4,8,-4
105000446,8986,3373,5613
105000447,5141,1944,3197
105000454,85,867,-782
105000455,310,208,102
105000474,10,1,9
105000477,79,297,-218
105000478,691,1122,-431
105000479,38,95,-57
105000480,851,1187,-336
105000481,1456,1393,63
105000482,3480,2356,1124
105000483,680,842,-162
105000484,1691,2401,-710
105000485,840,973,-133
105000486,2523,1782,741
105000488,1695,1974,-279
105000489,375,664,-289
105000549,16,78,-62
105000550,420,885,-465
105000551,9,74,-65
105000552,2853,1618,1235
105000555,572,472,100
105000556,17,18,-1
105000557,31,284,-253
105900001,1,458,-457
105900002,1303,266,1037
105900003,9,58,-49
105900004,234,83,151
105900005,3,150,-147
105900006,4,34,-30
105900007,19,6,13
105900008,20,719,-699
105900009,4,4,0
105900011,49,38,11
105900012,156,108,48
105900013,2,12,-10
105900014,1,67,-66
105900015,87,264,-177
105900016,138,515,-377
105900017,381,36,345
105900018,100,261,-161
105900019,21,431,-410
105900020,8,45,-37
105900021,6,240,-234
105900022,116,217,-101
105900023,0,91,-91
105900024,2,141,-139
105900025,12,34,-22
105900026,115,18,97
105900027,3010,1544,1466
105900028,17,103,-86
105900029,1526,243,1283
105900030,86,260,-174
105900031,250,193,57
105900032,24,125,-101
105900033,17,110,-93
105900034,74,151,-77
105900035,83,92,-9
105900036,14,69,-55
105900037,32,58,-26
105900038,70,251,-181
105900039,26,147,-121
105900040,43,80,-37
105900041,163,279,-116
105900042,18,94,-76
105900043,1257,31,1226
105900044,2,104,-102
105900045,1,334,-333
105900046,1,104,-103
105900047,0,17,-17
105900048,32,359,-327
105900050,1094,324,770
105900051,2,907,-905
105900052,166,34,132
105900053,3041,792,2249
105900054,190,186,4
105900056,775,109,666
105900057,13,145,-132
105900058,4,32,-28
105900059,0,21,-21
106000001,2112,701,1411
106000002,1648,2491,-843
106000003,2018,1517,501
106000004,1829,1392,437
106000005,1451,3208,-1757
106000006,4113,3560,553
106000007,428,429,-1
106000008,273,259,14
106000009,374,255,119
106000010,317,381,-64
106000011,321,766,-445
106000012,470,1213,-743
106000013,933,1497,-564
106000014,1421,1458,-37
106000015,670,856,-186
106000016,802,2041,-1239
106000017,462,469,-7
106000018,295,434,-139
106000019,177,328,-151
106000020,228,412,-184
106000021,156,396,-240
106000022,221,422,-201
106000023,353,315,38
106000024,274,782,-508
106000025,94,169,-75
106000026,103,312,-209
106000027,429,788,-359
106000028,382,786,-404
106000029,658,1578,-920
106000030,679,170,509
106000034,96,421,-325
106000035,656,686,-30
106000036,289,196,93
106000037,986,1154,-168
106000038,284,50,234
106000039,62,26,36
106000040,133,511,-378
106000041,608,177,431
106000043,345,47,298
106000046,242,23,219
106000047,22,247,-225
106000049,281,73,208
106000050,190,716,-526
106000051,210,228,-18
106000052,52,514,-462
106000053,82,83,-1
106000054,206,376,-170
106000055,302,464,-162
106000056,153,527,-374
106000057,143,92,51
106000058,96,204,-108
106000059,88,179,-91
106000060,397,593,-196
106000061,100,242,-142
106000062,154,551,-397
106000063,320,306,14
106000064,23,351,-328
106000065,104,83,21
106000066,60,322,-262
106000067,95,61,34
106000068,44,621,-577
106000069,50,65,-15
106000070,168,687,-519
106000071,307,176,131
106000072,3604,973,2631
106000073,1221,1168,53
106000074,201,510,-309
106000075,141,713,-572
106000076,689,1127,-438
106000077,1680,855,825
106000078,285,643,-358
106000079,253,742,-489
106000080,471,784,-313
106000081,304,636,-332
106000082,1476,819,657
106000083,170,721,-551
106000084,462,499,-37
106000085,833,766,67
106000086,422,473,-51
106000087,337,454,-117
106000088,225,614,-389
106000089,337,421,-84
106000090,122,569,-447
106000091,138,505,-367
106000092,368,187,181
106000093,119,54,65
106000094,53,333,-280
106000095,196,1118,-922
106000096,294,668,-374
106000097,322,1326,-1004
106000098,205,857,-652
106000099,103,830,-727
106000100,360,241,119
106000101,583,263,320
106000102,73,502,-429
106000103,142,598,-456
106000104,363,355,8
106000105,257,887,-630
106000106,230,398,-168
106000107,55,488,-433
106000108,93,326,-233
106000109,27,440,-413
106000110,67,257,-190
106000111,101,698,-597
106000112,85,270,-185
106000113,954,689,265
106000114,351,248,103
106000115,126,618,-492
106000116,88,234,-146
106000117,593,720,-127
106000118,531,766,-235
106000119,1966,849,1117
106000120,479,560,-81
106000121,88,152,-64
106000122,35,312,-277
106000123,111,225,-114
106000124,15,300,-285
106000125,30,304,-274
106000126,83,209,-126
106000127,279,1025,-746
106000128,251,252,-1
106000129,205,697,-492
106000130,278,277,1
106000131,64,481,-417
106000132,716,127,589
106000133,3577,569,3008
106000134,454,543,-89
106000135,155,791,-636
106000136,351,281,70
106000137,42,1502,-1460
106000138,382,51,331
106000139,15,74,-59
106000140,19,93,-74
106000141,32,117,-85
106000142,20,42,-22
106000143,8,137,-129
106000144,6,64,-58
106000145,62,358,-296
106000146,65,108,-43
106000147,223,427,-204
106000148,427,585,-158
106000149,276,352,-76
106000150,290,1391,-1101
106000151,3359,382,2977
106000152,1210,769,441
106000153,73,367,-294
106000154,1383,168,1215
106000155,31,128,-97
106000156,297,230,67
106000157,275,1198,-923
106000158,2702,474,2228
106000159,4351,841,3510
106000160,92,962,-870
106000161,931,416,515
106000162,88,417,-329
106000163,150,465,-315
106000164,76,245,-169
106000165,92,633,-541
106000166,173,216,-43
106000167,127,1408,-1281
106000168,78,177,-99
106000169,64,766,-702
106000170,163,191,-28
106000171,32,679,-647
106000172,1379,586,793
106000173,466,2118,-1652
106000174,482,193,289
106000175,210,897,-687
106000176,603,459,144
106000177,466,1687,-1221
106000178,1857,1067,790
106000179,771,1298,-527
106000180,678,1565,-887
106000181,230,1560,-1330
106000182,246,462,-216
106000183,381,881,-500
106000184,591,927,-336
106000185,431,664,-233
106000186,640,120,520
106000187,90,598,-508
106000188,0,2,-2
106000189,0,30,-30
106000190,3,0,3
106000191,514,152,362
106000192,0,27,-27
106000193,198,102,96
106000194,107,396,-289
106000195,62,37,25
106000196,33,268,-235
106000197,118,192,-74
106000198,85,233,-148
106000199,702,501,201
106000200,320,140,180
106000201,318,720,-402
106000202,5552,426,5126
106000203,150,148,2
106000204,12,1,11
106000205,9,114,-105
106000206,26,10,16
106000207,46,888,-842
106000208,329,36,293
106000209,562,187,375
106000210,146,1001,-855
106000211,234,1384,-1150
106000212,247,115,132
106000213,484,771,-287
106000214,1739,296,1443
106000215,102,341,-239
106000216,176,247,-71
106000217,106,435,-329
106000218,230,202,28
106000219,50,253,-203
106000220,251,188,63
106000221,28,203,-175
106000222,23,154,-131
106000223,42,134,-92
106000224,48,312,-264
106000225,31,55,-24
106000226,86,371,-285
106000228,3,107,-104
106000229,66,773,-707
106000231,266,61,205
106000232,27,416,-389
106000233,218,69,149
106000234,81,225,-144
106000235,74,28,46
106000236,46,17,29
106000237,1,5,-4
106000238,4,3,1
106000239,5,68,-63
106000240,18,0,18
106000241,11,557,-546
106000242,120,9,111
106000249,13,25,-12
106000250,22,309,-287
106000251,8,15,-7
106000252,7,96,-89
106000253,6,52,-46
106000254,13,72,-59
106000255,8,54,-46
106000256,39,66,-27
106000257,89,225,-136
106000258,54,16,38
106000259,0,48,-48
106000260,5,5,0
106000261,0,51,-51
106000262,6,17,-11
106000263,0,99,-99
106000264,53,11,42
106000265,8,89,-81
106000266,45,14,31
106000267,2,77,-75
106000268,254,10,244
106000269,51,43,8
106000270,112,361,-249
106000271,40,180,-140
106000272,96,53,43
106000273,11,103,-92
106000274,146,51,95
106000275,55,135,-80
106000276,70,39,31
106000277,55,122,-67
106000278,126,32,94
106000279,3,52,-49
106000280,14,118,-104
106000281,63,71,-8
106000282,41,36,5
106000283,53,108,-55
106000284,17,93,-76
106000285,59,119,-60
106000286,55,91,-36
106000287,37,103,-66
106000288,26,133,-107
106000289,36,89,-53
106000290,33,118,-85
106000291,20,75,-55
106000292,35,138,-103
106000293,40,76,-36
106000294,96,137,-41
106000295,13,19,-6
106000296,41,96,-55
106000297,49,144,-95
106000298,75,50,25
106000299,41,128,-87
106000300,38,100,-62
106000301,34,62,-28
106000303,10,28,-18
106000304,23,32,-9
106000305,12,26,-14
106000306,60,45,15
106000307,13,8,5
106000308,51,123,-72
106000309,8,65,-57
106000310,103,409,-306
106000311,118,95,23
106000312,43,138,-95
106000313,48,158,-110
106000318,125,108,17
106000319,235,28,207
106000320,5,30,-25
106000321,154,30,124
106000322,47,211,-164
106000324,3,131,-128
106000325,596,817,-221
106000326,457,1587,-1130
106000327,58,174,-116
106000328,0,77,-77
106000329,30,239,-209
106000330,17,37,-20
106000428,23,147,-124
106000429,60,538,-478
106000430,204,1522,-1318
106000431,435,214,221
106000432,961,2276,-1315
106000433,629,480,149
106000434,1558,521,1037
106000435,1590,2297,-707
106000436,7,290,-283
106000437,92,14,78
106000438,173,48,125
106000439,73,321,-248
106000440,124,375,-251
106000441,0,1,-1
106000442,86,3,83
106000443,37,546,-509
106000450,2,173,-171
106000451,17,3,14
106000454,3,76,-73
106000455,4,133,-129
106000456,44,14,30
106000457,7,931,-924
106000458,90,131,-41
106000459,14,418,-404
106000460,232,29,203
106000461,17,1653,-1636
106000462,0,12,-12
106000463,2,29,-27
106000464,3,551,-548
106000465,112,1,111
106000466,1,588,-587
106000467,448,430,18
106000468,28,213,-185
106000469,207,0,207
106000470,148,932,-784
106000471,12,521,-509
106000472,42,9,33
106000473,18,18,0
106000474,225,852,-627
106000475,125,112,13
106000476,166,90,76
106000477,13,122,-109
106000480,1,39,-38
106900001,0,9,-9
106900002,6,473,-467
106900003,151,500,-349
106900004,0,51,-51
106900006,0,12,-12
106900007,0,9,-9
106900008,61,223,-162
106900009,86,327,-241
106900010,61,291,-230
106900012,1432,673,759
106900013,135,16,119
106900014,13,0,13
106900015,8,0,8
106900016,48,1,47
106900017,1,0,1
106900018,1,0,1
106900019,13,1,12
106900020,2079,257,1822
106900021,19,31,-12
106900022,58,3,55
106900023,13,272,-259
106900024,132,6,126
106900025,51,400,-349
106900026,3,787,-784
106900027,116,2,114
107000001,1793,1086,707
107000002,2290,3214,-924
107000003,2965,3522,-557
107000004,4594,5370,-776
107000005,1147,2333,-1186
107000006,2496,6305,-3809
107000007,3870,3578,292
107000008,17062,10265,6797
107000009,3155,3270,-115
107000010,8755,10685,-1930
107000011,736,1205,-469
107000012,3461,3315,146
107000013,54,162,-108
107000014,11,288,-277
107000015,305,902,-597
107000016,250,1244,-994
107000017,1732,677,1055
107000018,6,227,-221
107000020,1157,285,872
107000021,622,881,-259
107000022,634,1263,-629
107000023,977,378,599
107000024,324,2161,-1837
107000025,121,416,-295
107000026,107,706,-599
107000027,958,610,348
107000028,871,1615,-744
107000029,980,1028,-48
107000030,2523,2808,-285
107000031,1453,1207,246
107000032,173,777,-604
107000033,4009,3336,673
107000034,4759,1737,3022
107000035,343,125,218
107000036,304,702,-398
107000037,32,496,-464
107000038,255,274,-19
107000039,329,340,-11
107000040,95,282,-187
107000041,949,439,510
107000042,558,1335,-777
107000043,2278,599,1679
107000044,412,378,34
107000045,134,282,-148
107000046,339,229,110
107000047,256,824,-568
107000048,199,256,-57
107000049,300,633,-333
107000050,522,414,108
107000051,386,233,153
107000052,942,506,436
107000053,180,103,77
107000054,29,199,-170
107000055,263,157,106
107000056,430,724,-294
107000057,1604,228,1376
107000058,1186,1254,-68
107000059,1280,2403,-1123
107000060,2110,3319,-1209
107000061,3975,3282,693
107000062,1439,2025,-586
107000063,2379,4861,-2482
107000064,1589,1454,135
107000065,2583,5308,-2725
107000066,849,1450,-601
107000067,466,800,-334
107000068,1106,456,650
107000069,311,319,-8
107000070,147,7,140
107000071,655,9,646
107000072,21,3059,-3038
107000073,140,72,68
107000074,104,756,-652
107000075,520,95,425
107000076,656,1803,-1147
107000077,1200,246,954
107000078,1214,2991,-1777
107000079,903,268,635
107000080,761,2948,-2187
107000081,482,353,129
107000082,336,2893,-2557
107000083,455,190,265
107000084,373,2344,-1971
107000085,2129,2582,-453
107000086,2985,2400,585
107000087,1681,1618,63
107000088,2007,2627,-620
107000089,969,1411,-442
107000090,644,903,-259
107000091,614,909,-295
107000092,499,1036,-537
107000093,512,656,-144
107000094,606,1238,-632
107000095,246,530,-284
107000096,464,881,-417
107000097,284,301,-17
107000098,207,776,-569
107000099,225,162,63
107000100,209,346,-137
107000101,45,118,-73
107000102,288,397,-109
107000103,330,105,225
107000104,155,236,-81
107000105,149,90,59
107000106,77,269,-192
107000107,209,131,78
107000108,93,935,-842
107000109,244,82,162
107000110,43,494,-451
107000111,57,21,36
107000112,13,327,-314
107000113,186,93,93
107000114,44,596,-552
107000115,138,65,73
107000116,45,798,-753
107000117,154,155,-1
107000118,110,200,-90
107000119,1363,718,645
107000120,2112,269,1843
107000121,216,488,-272
107000122,494,605,-111
107000123,145,677,-532
107000124,280,658,-378
107000125,305,771,-466
107000126,417,1116,-699
107000129,96,1034,-938
107000130,162,169,-7
107000131,154,715,-561
107000132,232,241,-9
107000133,293,100,193
107000134,72,0,72
107000135,1,196,-195
107000136,222,1,221
107000137,8,246,-238
107000138,138,5,133
107000139,9,229,-220
107000140,489,17,472
107000141,157,720,-563
107000142,207,22,185
107000143,24,767,-743
107000144,154,142,12
107000145,93,506,-413
107000146,131,122,9
107000147,3785,812,2973
107000150,778,999,-221
107000151,28,40,-12
107000152,411,352,59
107000153,321,199,122
107000154,140,39,101
107000155,327,18,309
107000156,533,8,525
107000157,16,2645,-2629
107000158,222,6,216
107000159,32,1450,-1418
107000160,223,53,170
107000161,62,1879,-1817
107000162,79,136,-57
107000163,8,0,8
107000164,64,0,64
107000165,206,0,206
107000166,54,1365,-1311
107000167,205,275,-70
107000168,351,210,141
107000169,851,1087,-236
107000170,428,340,88
107000171,351,2773,-2422
107000172,511,491,20
107000173,763,1008,-245
107000174,822,1227,-405
107000175,10003,1312,8691
107000176,0,0,0
107000177,1,1,0
107000178,3,38,-35
107000179,133,2995,-2862
107000180,350,265,85
107000181,112,1288,-1176
107000182,505,542,-37
107000183,53,1027,-974
107000184,280,558,-278
107000185,96,1206,-1110
107000186,190,257,-67
107000187,913,807,106
107000188,394,353,41
107000189,149,615,-466
107000190,246,537,-291
107000191,427,1036,-609
107000192,773,889,-116
107000193,247,254,-7
107000194,626,649,-23
107000197,241,167,74
107000198,96,646,-550
107000199,509,688,-179
107000200,772,336,436
107000201,238,206,32
107000202,140,376,-236
107000203,433,351,82
107000204,531,597,-66
107000205,2393,1017,1376
107000206,586,552,34
107000207,561,645,-84
107000208,963,167,796
107000209,1662,323,1339
107000210,1240,148,1092
107000211,6,22,-16
107000212,15,126,-111
107000213,16,17,-1
107000214,16,78,-62
107000215,139,401,-262
107000216,63,424,-361
107000217,35,116,-81
107000219,24,135,-111
107000220,35,300,-265
107000222,258,559,-301
107000224,194,21,173
107000225,98,637,-539
107000226,110,51,59
107000227,70,491,-421
107000228,66,155,-89
107000229,173,80,93
107000230,803,534,269
107000231,757,233,524
107000232,38,62,-24
107000233,405,204,201
107000234,4,7,-3
107000235,30,1,29
107000236,14,302,-288
107000237,1,0,1
107000238,2,2,0
107000239,5423,264,5159
107000240,52,1197,-1145
107000243,0,27,-27
107000244,8,59,-51
107000246,2,1200,-1198
107000249,2,844,-842
107000251,1,320,-319
107000252,6,1575,-1569
107000255,585,75,510
107000257,1,630,-629
107000258,0,161,-161
107000259,0,181,-181
107000260,160,0,160
107000262,13,780,-767
107000263,48,1,47
107000266,6,9,-3
107000267,40,185,-145
107000268,101,155,-54
107000269,125,49,76
107000270,0,4,-4
107000271,5,1033,-1028
107000272,6,205,-199
107000273,5,314,-309
107000274,415,246,169
107000275,25,656,-631
107000280,190,5,185
107000281,11,1148,-1137
107000282,18,1606,-1588
107000290,2,54,-52
107000291,3,8,-5
107000292,9,31,-22
107000293,40,1,39
107000294,1,39,-38
107000295,17,5,12
107000296,0,10,-10
107000444,163,3,160
107000496,1,27,-26
107000497,895,3155,-2260
107000500,212,328,-116
107000501,63,159,-96
107000502,88,360,-272
107000505,485,711,-226
107000506,2,10,-8
107000508,4,913,-909
107000509,120,294,-174
107000510,24,19,5
107000514,9,196,-187
107000515,3,306,-303
107000516,66,135,-69
107000518,292,216,76
107000519,3150,1094,2056
107000520,42,1,41
107000521,200,435,-235
107000522,287,752,-465
107900001,5,257,-252
107900002,11,3,8
107900003,71,6,65
107900004,6,0,6
107900005,235,29,206
107900006,24,0,24
107900007,56,7,49
107900008,14,52,-38
107900009,21,2,19
107900010,2,1,1
107900012,138,4,134
107900013,152,36,116
107900014,8,0,8
107900015,174,1,173
107900016,324,101,223
107900017,8,7,1
107900018,13,21,-8
107900019,5,75,-70
107900020,29,5,24
107900021,10,135,-125
107900023,0,1,-1
107900024,0,39,-39
107900025,159,312,-153
107900026,14,103,-89
107900027,7,33,-26
107900028,8,93,-85
107900030,51,7,44
107900031,22,197,-175
107900032,3,0,3
107900033,2,1,1
107900034,110,7,103
107900035,275,2,273
107900036,13,1,12
107900037,1,66,-65
107900038,85,49,36
107900039,5,60,-55
107900040,48,27,21
107900041,2,0,2
107900043,13,116,-103
107900044,3,1,2
107900045,13,13,0
107900046,93,25,68
107900047,25,93,-68
107900048,42,0,42
107900049,158,188,-30
107900050,81,295,-214
107900051,20,54,-34
107900052,0,5,-5
107900053,8,75,-67
107900055,118,94,24
107900056,15,13,2
107900057,1,0,1
107900058,15,665,-650
107900060,3,40,-37
107900061,8,0,8
107900063,71,110,-39
107900064,148,17,131
107900065,29,5,24
107900066,1,6,-5
107900067,0,0,0
107900068,76,199,-123
107900069,27,320,-293
107900070,13,9,4
107900071,6,771,-765
107900072,31,175,-144
107900073,30,97,-67
107900074,737,80,657
107900076,55,41,14
107900077,20,0,20
107900079,3,15,-12
107900080,84,112,-28
107900081,1,60,-59
107900082,21,26,-5
107900083,89,71,18
107900084,27,51,-24
107900086,46,50,-4
107900087,187,35,152
107900088,0,6,-6
107900089,226,652,-426
107900090,217,362,-145
107900091,82,357,-275
107900093,41,52,-11
107900095,2708,695,2013
107900097,12,28,-16
107900098,20,82,-62
107900100,706,313,393
107900101,786,97,689
107900102,5,0,5
107900103,17,127,-110
107900104,50,2,48
107900105,1,767,-766
107900106,3,1410,-1407
107900107,902,97,805
107900108,224,43,181
107900109,181,6,175
107900110,4,84,-80
107900111,9,1315,-1306
107900112,43,186,-143
107900113,39,100,-61
107900114,36,184,-148
107900115,0,24,-24
107900116,25,216,-191
107900117,135,301,-166
107900118,35,141,-106
107900119,17,46,-29
107900120,11,4,7
107900121,1,93,-92
107900122,0,42,-42
107900123,2,8,-6
107900124,7,44,-37
107900125,15,156,-141
107900126,1,13,-12
107900127,294,40,254
107900128,66,25,41
107900129,9,45,-36
107900130,9,17,-8
107900131,118,17,101
107900132,43,322,-279
107900133,2,66,-64
107900134,8,9,-1
107900135,1,162,-161
107900136,37,22,15
107900137,39,48,-9
107900138,9,29,-20
107900139,11,23,-12
107900141,76,8,68
107900142,46,825,-779
107900143,39,44,-5
107900144,0,152,-152
107900145,3,76,-73
107900146,32,71,-39
107900147,12,13,-1
107900148,56,121,-65
107900149,1598,77,1521
107900150,49,570,-521
107900151,8,90,-82
107900152,6,176,-170
107900153,66,88,-22
107900154,9,9,0
107900155,13,5,8
107900156,1,360,-359
107900157,26,70,-44
107900158,171,5,166
107900159,32,917,-885
107900160,8,165,-157
107900161,5,231,-226
107900162,0,43,-43
107900163,16,22,-6
107900164,4,22,-18
107900165,2,29,-27
107900166,11,240,-229
107900167,5,6,-1
107900168,11,63,-52
107900169,2,161,-159
107900171,2,1529,-1527
107900172,2,290,-288
107900173,5,143,-138
107900174,22,3,19
107900175,6,9,-3
107900176,2,36,-34
107900177,1,36,-35
107900178,0,311,-311
107900179,1,115,-114
107900180,1013,125,888
107900181,168,377,-209
107900182,6,1456,-1450
107900183,6,329,-323
107900184,28,190,-162
107900185,12,0,12
107900186,5,20,-15
107900187,1,128,-127
107900188,760,49,711
107900189,4,110,-106
107900190,155,25,130
107900191,11,130,-119
107900193,1,9,-8
107900194,32,0,32
107900195,3772,281,3491
107900196,32,40,-8
107900197,344,35,309
107900199,1,1029,-1028
107900201,35,104,-69
107900203,22,79,-57
107900204,174,153,21
107900206,150,131,19
107900207,1,562,-561
107900208,6,830,-824
107900209,219,62,157
107900210,50,94,-44
107900213,153,267,-114
107900214,8,144,-136
107900215,108,200,-92
107900216,33,38,-5
107900217,16,33,-17
107900218,15,1607,-1592
107900219,6,135,-129
107900220,116,54,62
107900221,154,233,-79
107900223,22,567,-545
107900224,105,285,-180
107900225,0,710,-710
107900226,17,70,-53
107900227,53,427,-374
107900228,6,94,-88
107900229,4,259,-255
107900230,3,118,-115
107900231,2,226,-224
107900232,22,236,-214
107900233,3,112,-109
107900234,26,184,-158
107900235,28,77,-49
107900236,41,116,-75
107900237,58,348,-290
107900238,10,113,-103
107900239,1054,307,747
107900240,6,129,-123
107900241,4,56,-52
107900242,11,391,-380
107900243,5,34,-29
107900244,154,35,119
107900245,108,27,81
107900246,34,5,29
107900248,38,391,-353
107900249,134,5,129
107900250,0,438,-438
107900251,16,1004,-988
107900252,177,3,174
107900253,26,1,25
107900254,27,46,-19
107900255,377,32,345
107900256,189,343,-154
107900257,25,14,11
107900258,38,169,-131
107900259,86,349,-263
107900261,0,411,-411
107900262,27,96,-69
107900264,35,2,33
107900265,20,140,-120
107900267,20,7,13
107900268,63,5,58
107900269,0,5,-5
107900270,0,0,0
107900271,2,2,0
107900272,145,23,122
107900273,4,49,-45
107900274,17,0,17
107900275,1,0,1
107900276,0,54,-54
107900277,1,208,-207
107900278,59,338,-279
107900279,135,49,86
107900280,1637,674,963
107900281,2894,603,2291
107900282,25,143,-118
107900283,1247,218,1029
107900284,180,910,-730
107900285,36,107,-71
107900286,71,38,33
107900287,50,58,-8
107900290,0,32,-32
107900291,167,4,163
107900292,59,237,-178
107900293,13,427,-414
107900295,15,115,-100
107900297,1,222,-221
107900298,531,687,-156
107900299,3279,750,2529
107900301,288,177,111
107900302,38,10,28
107900303,50,271,-221
107900304,62,448,-386
107900305,94,4,90
107900306,5,2,3
107900307,36,268,-232
107900308,103,18,85
107900309,4,1,3
107900310,0,0,0
107900311,57,28,29
107900312,0,0,0
107900313,1,55,-54
107900314,2,45,-43
107900315,0,47,-47
107900316,7,0,7
107900317,32,1,31
107900318,1,84,-83
107900319,0,180,-180
107900320,2,139,-137
107900321,28,1,27
107900322,2,232,-230
107900323,6,99,-93
107900324,75,0,75
107900325,29,0,29
107900326,77,356,-279
107900327,1,1,0
107900328,0,0,0
107900329,0,0,0
107900330,2,448,-446
107900331,40,33,7
107900332,27,14,13
107900333,16,3,13
107900334,12,213,-201
107900335,47,54,-7
107900336,7,27,-20
107900337,1308,297,1011
107900338,1,134,-133
107900339,0,28,-28
107900340,0,40,-40
107900341,16,0,16
107900342,32,43,-11
107900343,12,0,12
107900344,2,78,-76
107900345,36,21,15
107900346,4,0,4
107900347,14,0,14
107900348,0,0,0
107900349,5,3,2
107900350,27,226,-199
107900351,2,262,-260
107900352,0,43,-43
107900353,1,2,-1
107900354,1,76,-75
108000001,1751,1828,-77
108000002,2038,2937,-899
108000003,1716,1039,677
108000004,13485,12753,732
108000005,2648,1772,876
108000006,3366,4793,-1427
108000007,2610,2377,233
108000008,3827,4843,-1016
108000009,1436,1991,-555
108000010,1674,4490,-2816
108000011,6601,4933,1668
108000012,13871,13801,70
108000014,363,391,-28
108000015,293,208,85
108000016,122,603,-481
108000017,341,285,56
108000018,526,306,220
108000019,787,429,358
108000020,493,243,250
108000021,266,1437,-1171
108000022,375,1133,-758
108000023,476,84,392
108000024,90,616,-526
108000025,82,159,-77
108000026,155,545,-390
108000027,204,542,-338
108000028,115,311,-196
108000029,108,992,-884
108000030,134,167,-33
108000031,79,475,-396
108000032,473,287,186
108000033,253,1163,-910
108000034,674,247,427
108000035,527,2171,-1644
108000036,177,1277,-1100
108000037,615,164,451
108000038,840,178,662
108000039,277,2195,-1918
108000040,701,305,396
108000041,584,2358,-1774
108000042,68,241,-173
108000043,130,240,-110
108000044,128,159,-31
108000045,91,708,-617
108000046,494,133,361
108000047,172,916,-744
108000048,75,398,-323
108000049,210,112,98
108000050,122,665,-543
108000051,96,53,43
108000052,186,656,-470
108000053,121,60,61
108000054,307,715,-408
108000055,522,184,338
108000056,946,856,90
108000057,265,407,-142
108000058,1282,1169,113
108000059,2874,1370,1504
108000060,50,349,-299
108000061,252,556,-304
108000062,193,268,-75
108000063,178,541,-363
108000064,82,187,-105
108000065,294,472,-178
108000066,901,437,464
108000067,608,186,422
108000068,260,230,30
108000069,135,1016,-881
108000070,623,406,217
108000071,301,1705,-1404
108000072,531,589,-58
108000073,876,1699,-823
108000074,166,249,-83
108000075,180,688,-508
108000076,308,237,71
108000077,439,697,-258
108000078,1044,771,273
108000079,957,1815,-858
108000080,442,340,102
108000081,302,2878,-2576
108000082,769,1170,-401
108000083,1012,419,593
108000084,232,956,-724
108000085,169,153,16
108000086,662,656,6
108000087,135,766,-631
108000088,255,82,173
108000089,105,211,-106
108000091,68,476,-408
108000092,46,54,-8
108000093,63,735,-672
108000094,195,90,105
108000095,63,389,-326
108000096,119,136,-17
108000097,51,510,-459
108000098,393,1165,-772
108000099,438,243,195
108000100,39,330,-291
108000101,472,590,-118
108000102,715,1185,-470
108000106,376,0,376
108000107,1,565,-564
108000108,211,15,196
108000109,2,573,-571
108000110,66,170,-104
108000111,57,568,-511
108000112,36,70,-34
108000113,474,257,217
108000115,309,272,37
108000117,530,165,365
108000118,317,488,-171
108000119,657,435,222
108000120,99,349,-250
108000121,89,486,-397
108000122,128,195,-67
108000123,227,309,-82
108000124,110,503,-393
108000125,47,366,-319
108000126,47,704,-657
108000127,118,417,-299
108000128,141,887,-746
108000129,86,1549,-1463
108000130,77,325,-248
108000131,370,131,239
108000132,1192,1059,133
108000133,325,208,117
108000134,659,880,-221
108000135,320,180,140
108000136,702,1247,-545
108000137,127,342,-215
108000138,133,1096,-963
108000139,41,267,-226
108000140,15,30,-15
108000141,15,162,-147
108000142,32,107,-75
108000143,20,595,-575
108000144,74,49,25
108000145,13,27,-14
108000146,118,27,91
108000147,8,35,-27
108000148,123,70,53
108000149,13,27,-14
108000150,6,0,6
108000151,169,53,116
108000152,73,691,-618
108000153,85,70,15
108000154,34,20,14
108000155,24,13,11
108000156,512,297,215
108000157,63,251,-188
108000158,34,269,-235
108000159,479,52,427
108000160,4125,384,3741
108000161,3714,631,3083
108000165,2,58,-56
108000172,5,86,-81
108000173,2296,664,1632
108000175,136,63,73
108000178,320,325,-5
108000179,171,320,-149
108000181,35,53,-18
108000182,225,42,183
108000183,33,344,-311
108000184,924,720,204
108000185,67,695,-628
108000186,72,473,-401
108000187,23,819,-796
108000188,103,206,-103
108000189,1306,1438,-132
108000190,14,73,-59
108000192,34,656,-622
108000193,506,18,488
108000194,14,3,11
108000195,1,822,-821
108000196,35,82,-47
108000198,199,372,-173
108000199,2,114,-112
108000200,107,536,-429
108000203,42,975,-933
108000204,38,20,18
108000205,484,451,33
108000339,1205,171,1034
108000364,341,298,43
108000365,30,358,-328
108000367,94,231,-137
108000368,9,45,-36
108000369,1259,46,1213
108000371,10,545,-535
108000372,148,1,147
108000373,122,175,-53
108000376,63,8,55
108000377,158,314,-156
108000378,6627,4703,1924
108000379,28,110,-82
108000381,17,5,12
108000382,73,1,72
108000383,0,106,-106
108900001,138,1036,-898
108900002,123,20,103
108900003,249,778,-529
108900004,1347,168,1179
108900007,50,112,-62
108900008,19,115,-96
108900009,12,83,-71
108900010,29,127,-98
108900011,98,284,-186
108900012,78,395,-317
108900013,36,196,-160
108900014,4,45,-41
108900015,0,12,-12
108900016,1,107,-106
108900017,70,159,-89
108900018,24,463,-439
108900019,18,1054,-1036
108900020,22,241,-219
108900021,52,235,-183
108900022,5,2,3
108900023,0,16,-16
108900024,1,150,-149
108900025,23,88,-65
108900026,17,53,-36
108900027,2,108,-106
108900028,14,432,-418
108900029,15,206,-191
108900030,1,132,-131
108900031,23,630,-607
108900032,1,270,-269
108900033,0,62,-62
108900034,1,228,-227
108900035,120,2087,-1967
108900038,0,354,-354
108900039,0,548,-548
108900040,2,71,-69
108900041,4436,1103,3333
108900042,4,163,-159
108900043,11,434,-423
108900044,3,781,-778
108900045,8,660,-652
108900046,37,1000,-963
108900047,1,89,-88
108900048,23,769,-746
108900049,4345,461,3884
108900050,1,297,-296
108900051,0,191,-191
108900052,8,204,-196
108900053,75,82,-7
108900054,16,188,-172
108900055,37,397,-360
108900056,0,165,-165
108900057,2,159,-157
108900058,15,448,-433
108900059,83,5,78
108900060,13,46,-33
108900061,28,9,19
108900062,4,304,-300
108900063,7,364,-357
108900064,32,57,-25
108900065,3,362,-359
108900066,87,72,15
108900067,8,217,-209
108900068,4,229,-225
108900069,12,138,-126
108900070,19,153,-134
108900071,11,30,-19
108900072,1899,102,1797
108900073,8,547,-539
108900074,21,454,-433
108900075,34,63,-29
108900076,73,44,29
108900077,120,599,-479
108900078,1,196,-195
108900079,640,143,497
108900080,8,156,-148
108900081,34,178,-144
108900082,25,132,-107
108900083,11,71,-60
108900085,1921,111,1810
108900086,25,318,-293
108900087,89,108,-19
108900088,292,126,166
108900089,0,44,-44
108900090,7,426,-419
108900091,109,72,37
108900092,139,150,-11
108900093,19,23,-4
108900094,112,26,86
108900095,37,733,-696
108900096,394,15,379
108900097,86,130,-44
108900098,2746,126,2620
108900099,150,275,-125
108900100,25,82,-57
108900101,61,36,25
108900102,84,224,-140
108900103,32,22,10
108900105,6,219,-213
108900106,129,398,-269
108900108,56,26,30
108900109,81,29,52
108900110,42,397,-355
108900111,101,564,-463
108900113,6,10,-4
108900114,17,7,10
108900115,14,27,-13
108900116,11,1,10
108900117,12,4,8
108900118,102,1,101
108900119,43,25,18
108900120,76,54,22
108900121,81,22,59
108900122,9,18,-9
108900123,31,11,20
108900124,104,47,57
108900125,35,0,35
108900126,21,1,20
108900127,35,14,21
108900128,17,7,10
108900129,196,20,176
108900130,50,0,50
108900131,83,1,82
108900132,103,36,67
108900133,62,19,43
108900134,37,198,-161
108900135,24,2,22
108900136,0,0,0
108900137,12,0,12
108900138,122,8,114
108900140,60,206,-146
108900141,54,3,51
108900142,14,0,14
108900143,2,0,2
108900144,16,1,15
108900145,25,0,25
108900146,12,0,12
108900147,43,0,43
108900148,32,18,14
108900150,102,0,102
108900151,12,2,10
108900152,7,9,-2
108900153,23,414,-391
108900154,1569,159,1410
108900156,23,4,19
108900157,4,622,-618
108900158,47,20,27
108900159,4,296,-292
108900160,6,218,-212
108900161,5,437,-432
108900162,24,1,23
108900163,1,52,-51
108900164,16,50,-34
108900168,9612,1010,8602
108900169,17,100,-83
108900171,4772,699,4073
108900172,48,14,34
108900173,150,205,-55
108900174,174,335,-161
108900176,123,638,-515
108900177,7002,930,6072
108900178,4370,665,3705
108900180,27,84,-57
108900183,157,142,15
108900184,114,99,15
108900185,12,213,-201
108900186,7,277,-270
108900189,49,91,-42
108900190,22,2525,-2503
108900192,20,265,-245
108900195,27,278,-251
108900196,11,431,-420
108900199,62,203,-141
108900200,175,211,-36
108900201,121,799,-678
108900203,109,6,103
108900204,71,1,70
108900205,45,4,41
108900206,64,7,57
108900207,62,18,44
108900208,18,278,-260
108900209,147,484,-337
108900210,81,137,-56
108900211,84,104,-20
108900212,395,386,9
108900215,51,547,-496
108900216,182,43,139
108900217,22,0,22
108900218,58,2,56
108900221,20,33,-13
108900224,7,38,-31
108900225,2,77,-75
108900227,28,56,-28
108900230,329,228,101
108900232,4,303,-299
108900233,75,22,53
108900234,109,31,78
108900235,79,504,-425
108900236,16,331,-315
108900240,15,32,-17
108900241,3,5,-2
108900245,0,269,-269
108900250,103,68,35
108900258,2,203,-201
108900259,26,55,-29
108900260,11,113,-102
108900261,115,93,22
108900262,236,103,133
108900263,37,299,-262
108900264,264,164,100
108900265,1190,124,1066
108900266,930,122,808
108900267,2,24,-22
108900268,5,3,2
108900269,13,5,8
108900270,19,3,16
108900271,11,0,11
108900272,31,2,29
108900273,831,220,611
108900274,6,45,-39
109000001,1973,725,1248
109000002,3011,1207,1804
109000003,1100,363,737
109000004,375,2549,-2174
109000005,808,496,312
109000006,499,1934,-1435
109000007,492,425,67
109000008,291,1779,-1488
109000009,1887,638,1249
109000010,1043,3356,-2313
109000011,1161,1008,153
109000012,1207,3612,-2405
109000013,1474,1068,406
109000014,868,3222,-2354
109000015,2036,2307,-271
109000016,8345,3732,4613
109000017,1193,720,473
109000018,558,2914,-2356
109000019,1268,689,579
109000020,1050,2148,-1098
109000023,124,4,120
109000024,3,158,-155
109000025,294,175,119
109000026,503,205,298
109000027,64,184,-120
109000028,71,73,-2
109000029,95,104,-9
109000030,43,412,-369
109000031,45,33,12
109000032,38,360,-322
109000033,94,38,56
109000034,35,22,13
109000035,5,21,-16
109000036,68,296,-228
109000037,143,383,-240
109000038,414,252,162
109000039,341,180,161
109000040,4098,1702,2396
109000041,4599,748,3851
109000042,741,719,22
109000044,119,44,75
109000045,33,482,-449
109000046,93,30,63
109000047,45,370,-325
109000048,357,80,277
109000049,154,364,-210
109000050,159,105,54
109000051,230,192,38
109000052,235,1575,-1340
109000053,60,81,-21
109000054,65,569,-504
109000055,27,114,-87
109000056,102,483,-381
109000057,89,107,-18
109000058,769,205,564
109000059,391,1020,-629
109000060,188,111,77
109000061,1365,249,1116
109000062,85,153,-68
109000063,131,162,-31
109000064,41,132,-91
109000065,44,341,-297
109000066,90,104,-14
109000067,31,357,-326
109000068,135,0,135
109000069,312,10,302
109000070,7,670,-663
109000071,194,59,135
109000072,64,365,-301
109000073,23,62,-39
109000074,17,227,-210
109000075,24,346,-322
109000076,37,75,-38
109000077,273,259,14
109000078,24,99,-75
109000079,102,230,-128
109000080,51,157,-106
109000081,38,520,-482
109000082,114,310,-196
109000083,87,858,-771
109000088,52,346,-294
109000089,46,12,34
109000090,186,439,-253
109000091,128,25,103
109000092,305,573,-268
109000093,116,59,57
109000094,72,2,70
109000095,45,741,-696
109000096,220,70,150
109000097,67,65,2
109000098,22,29,-7
109000099,402,230,172
109000100,124,544,-420
109000101,433,597,-164
109000102,198,860,-662
109000103,133,551,-418
109000104,496,438,58
109000105,256,1483,-1227
109000106,789,363,426
109000107,234,1749,-1515
109000108,552,240,312
109000109,329,1637,-1308
109000110,561,229,332
109000111,668,2057,-1389
109000112,226,134,92
109000113,95,154,-59
109000114,54,533,-479
109000115,737,85,652
109000116,2,168,-166
109000117,47,97,-50
109000118,5,291,-286
109000119,207,272,-65
109000120,63,1110,-1047
109000121,95,51,44
109000122,46,981,-935
109000123,13,69,-56
109000124,221,291,-70
109000125,257,325,-68
109000126,217,792,-575
109000127,299,197,102
109000128,257,2342,-2085
109000129,722,202,520
109000130,385,2531,-2146
109000131,316,145,171
109000132,399,1324,-925
109000133,260,714,-454
109000134,434,1278,-844
109000135,559,972,-413
109000136,158,320,-162
109000137,72,225,-153
109000138,173,391,-218
109000139,147,375,-228
109000140,36,414,-378
109000141,137,432,-295
109000142,95,399,-304
109000143,44,39,5
109000145,53,83,-30
109000146,134,43,91
109000148,3275,437,2838
109000149,12,21,-9
109000150,111,156,-45
109000155,140,373,-233
109000156,704,781,-77
109000158,11,168,-157
109000159,38,529,-491
109000160,235,225,10
109000161,174,1283,-1109
109000162,723,871,-148
109000163,430,1585,-1155
109000164,476,1840,-1364
109000165,482,691,-209
109000166,172,123,49
109000167,59,796,-737
109000170,20,46,-26
109000171,49,37,12
109000172,29,44,-15
109000173,46,31,15
109000174,19,58,-39
109000175,17,109,-92
109000176,97,265,-168
109000177,17,136,-119
109000178,260,350,-90
109000179,6303,1514,4789
109000180,4136,2467,1669
109000181,2,24,-22
109000182,14,51,-37
109000183,9,46,-37
109000184,12,22,-10
109000185,9,86,-77
109000188,274,2427,-2153
109000189,931,768,163
109000190,164,467,-303
109000191,153,668,-515
109000192,101,198,-97
109000193,50,396,-346
109000194,77,120,-43
109000195,41,341,-300
109000196,94,67,27
109000197,54,466,-412
109000198,67,53,14
109000199,75,466,-391
109000206,91,43,48
109000207,28,34,-6
109000208,72,30,42
109000209,84,63,21
109000210,181,415,-234
109000211,78,317,-239
109000214,163,628,-465
109000215,31,44,-13
109000216,95,92,3
109000217,101,58,43
109000218,57,82,-25
109000221,107,894,-787
109000222,233,45,188
109000223,109,125,-16
109000224,21,281,-260
109000225,35,50,-15
109000226,21,227,-206
109000227,327,1242,-915
109000228,0,239,-239
109000231,1,374,-373
109000232,84,433,-349
109000236,146,682,-536
109000241,585,1273,-688
109000242,608,997,-389
109000293,11,14,-3
109000361,42,180,-138
109000364,149,547,-398
109000396,1,867,-866
109000397,98,2,96
109000399,104,452,-348
109000400,25,437,-412
109000403,37,149,-112
109000406,89,14,75
109000407,81,150,-69
109000408,2,591,-589
109000410,406,123,283
109000411,29,29,0
109900001,32,3,29
109900002,141,10,131
109900003,21,1,20
109900004,392,171,221
109900005,7,2,5
109900006,101,174,-73
109900007,189,721,-532
109900008,0,21,-21
109900009,59,847,-788
109900010,125,9,116
109900011,21,10,11
109900012,89,134,-45
109900013,153,58,95
109900014,71,34,37
109900015,175,34,141
109900016,26,45,-19
109900017,34,40,-6
109900018,38,99,-61
109900019,47,62,-15
109900020,4,19,-15
109900021,2,5,-3
109900022,80,311,-231
109900023,6,1,5
109900024,2,0,2
109900025,1,65,-64
109900026,1,116,-115
109900027,14,3,11
109900028,2134,220,1914
109900029,6,450,-444
109900030,4,2,2
109900031,0,34,-34
109900032,5,215,-210
109900033,2,348,-346
109900034,1,0,1
109900035,5,18,-13
109900036,24,97,-73
109900037,9,387,-378
109900038,7,224,-217
109900039,3,0,3
109900040,11,565,-554
109900041,18,488,-470
109900042,7,504,-497
109900044,32,254,-222
109900045,39,25,14
109900046,35,70,-35
109900047,217,254,-37
109900048,1,46,-45
109900049,2,17,-15
109900050,0,252,-252
109900051,0,31,-31
109900052,18,213,-195
109900053,7,410,-403
109900054,172,69,103
109900055,19,217,-198
109900056,20,50,-30
109900057,3,188,-185
109900058,0,128,-128
109900059,144,53,91
109900060,138,110,28
109900061,58,266,-208
109900062,1,210,-209
109900063,4,206,-202
109900064,107,151,-44
109900065,70,77,-7
109900066,176,796,-620
109900067,2,374,-372
109900068,8,0,8
109900069,2,16,-14
109900070,38,241,-203
109900071,2,18,-16
109900072,7,91,-84
109900073,33,538,-505
109900074,3,46,-43
109900075,3,8,-5
109900076,13,471,-458
109900077,21,53,-32
109900078,53,184,-131
109900080,63,233,-170
109900081,6,50,-44
109900082,27,365,-338
109900083,4,40,-36
109900084,7,95,-88
109900085,96,1058,-962
109900086,33,91,-58
109900087,112,226,-114
109900089,86,31,55
109900090,267,807,-540
109900091,63,61,2
109900092,151,3,148
109900093,166,80,86
109900094,20,105,-85
109900095,40,164,-124
109900096,1,0,1
109900097,24,0,24
109900098,128,11,117
109900099,20,0,20
109900100,7,0,7
109900101,74,3,71
109900102,165,17,148
109900103,3,30,-27
109900104,117,1188,-1071
109900105,135,15,120
109900106,38,31,7
109900107,65,52,13
109900108,33,511,-478
109900109,39,158,-119
109900110,20,412,-392
109900111,110,920,-810
109900112,186,878,-692
109900113,166,115,51
109900114,558,59,499
109900115,23,36,-13
109900117,166,85,81
109900118,129,324,-195
109900119,373,218,155
109900120,7,5,2
109900121,180,67,113
109900122,132,1,131
109900123,2,135,-133
109900124,21,752,-731
109900125,1,213,-212
109900126,28,148,-120
109900128,24,23,1
109900130,10039,748,9291
109900131,44,61,-17
109900132,15,168,-153
109900133,27,395,-368
109900134,14,21,-7
109900135,372,47,325
109900136,19,96,-77
109900137,20,375,-355
109900140,91,348,-257
109900142,247,169,78
109900145,2,55,-53
109900146,164,14,150
109900148,17,53,-36
109900149,29,31,-2
109900150,1,70,-69
109900151,6,53,-47
109900152,0,29,-29
109900153,0,32,-32
109900154,6,0,6
109900155,6,0,6
109900157,21,168,-147
109900158,47,81,-34
109900159,58,14,44
109900160,20,18,2
109900161,82,21,61
109900162,40,40,0
109900163,507,176,331
109900164,32,246,-214
109900165,67,2,65
109900166,0,155,-155
109900167,68,624,-556
109900168,64,616,-552
109900169,45,161,-116
109900170,175,196,-21
109900171,35,30,5
109900172,42,64,-22
109900173,3700,474,3226
109900174,20,90,-70
109900175,15,94,-79
109900176,34,175,-141
109900177,11,240,-229
109900178,2,79,-77
109900179,5,12,-7
109900180,2,9,-7
110000001,507,373,134
110000002,320,393,-73
110000003,794,522,272
110000004,459,438,21
110000005,672,932,-260
110000006,486,295,191
110000007,86,166,-80
110000008,2,59,-57
110000009,6,37,-31
110000010,14,72,-58
110000011,7,86,-79
110000012,501,286,215
110000013,34,279,-245
110000014,569,323,246
110000015,416,416,0
110000016,252,687,-435
110000017,3778,275,3503
110000018,3220,395,2825
110000019,17,184,-167
110000020,395,162,233
110000021,361,299,62
110000022,431,66,365
110000023,9,158,-149
110000024,472,285,187
110000025,85,4,81
110000026,4,621,-617
110000027,346,251,95
110000028,460,818,-358
110000029,338,686,-348
110000030,186,301,-115
110000031,143,446,-303
110000032,448,491,-43
110000033,91,54,37
110000034,208,1137,-929
110000035,205,919,-714
110000036,259,1141,-882
110000037,81,602,-521
110000038,132,734,-602
110000039,369,1029,-660
110000040,311,392,-81
110000041,114,389,-275
110000042,69,306,-237
110000043,297,84,213
110000044,42,61,-19
110000045,168,39,129
110000046,6,4,2
110000047,0,3,-3
110000048,1,5,-4
110000049,8,1,7
110000050,14,11,3
110000051,5,2,3
110000052,16,30,-14
110000053,13,1,12
110000054,113,311,-198
110000055,206,94,112
110000056,107,88,19
110000057,231,613,-382
110000058,396,449,-53
110000059,421,456,-35
110000060,268,738,-470
110000061,809,712,97
110000062,591,630,-39
110000063,19,81,-62
110000064,33,97,-64
110000065,29,126,-97
110000066,27,63,-36
110000067,49,242,-193
110000068,60,413,-353
110000069,57,169,-112
110000071,26,276,-250
110000073,2,26,-24
110000075,2,101,-99
110000076,232,102,130
110000077,378,231,147
110000078,3,90,-87
110000080,178,573,-395
110000081,13,223,-210
110000082,10,138,-128
110000083,144,522,-378
110000084,389,316,73
110000085,3135,1255,1880
110000086,1525,465,1060
110000087,0,47,-47
110000088,12,216,-204
110000089,120,109,11
110000090,22,206,-184
110000091,1525,226,1299
110000092,17,106,-89
110000093,24,7,17
110000094,287,216,71
110000095,58,336,-278
110000096,3200,1564,1636
110000097,606,696,-90
110000098,793,289,504
110000099,750,1367,-617
110000100,107,813,-706
110000101,11,582,-571
110000102,24,19,5
110000104,32,60,-28
110000105,24,284,-260
110000106,182,145,37
110000107,255,461,-206
110000108,124,13,111
110000109,198,225,-27
110000110,4192,2398,1794
110000111,7350,1111,6239
110000112,1245,267,978
110000113,711,532,179
110000114,54,245,-191
110000115,144,276,-132
110000116,25,36,-11
110000117,74,591,-517
110000118,126,261,-135
110000119,103,335,-232
110000120,157,148,9
110000121,60,222,-162
110000122,165,442,-277
110000123,127,343,-216
110000124,6,909,-903
110000125,464,4,460
110000126,94,11,83
110000127,275,17,258
110000128,15,1582,-1567
110000129,5,772,-767
110000130,56,43,13
110000131,93,565,-472
110000132,4,674,-670
110000133,33,219,-186
110000134,24,238,-214
110000135,191,34,157
110000136,37,294,-257
110000137,185,552,-367
110000138,299,918,-619
110000139,478,1400,-922
110000140,416,219,197
110000143,631,275,356
110000144,3300,734,2566
110000145,1072,508,564
110000146,1365,420,945
110000147,121,483,-362
110000148,372,334,38
110000151,732,569,163
110000152,831,230,601
110000153,31,62,-31
110000154,3,5,-2
110000155,725,1090,-365
110000156,624,795,-171
110000157,950,1104,-154
110000160,278,336,-58
110000161,140,392,-252
110000166,102,114,-12
110000167,351,308,43
110000168,514,174,340
110000169,209,223,-14
110000170,72,96,-24
110000171,351,268,83
110000172,101,813,-712
110000173,949,1331,-382
110000174,46,1271,-1225
110000175,163,119,44
110000176,23,261,-238
110000177,120,637,-517
110000178,352,431,-79
110000179,977,263,714
110000180,55,317,-262
110000181,115,349,-234
110000182,241,226,15
110000183,9245,3258,5987
110000184,433,1289,-856
110000185,763,468,295
110000186,423,435,-12
110000191,139,356,-217
110000192,146,1,145
110000193,194,2,192
110000194,5,1102,-1097
110000195,82,416,-334
110000196,156,488,-332
110000197,6,173,-167
110000198,25,47,-22
110000199,16,86,-70
110000200,1007,607,400
110000201,287,356,-69
110000202,451,260,191
110000203,427,615,-188
110000204,2,244,-242
110000205,22,71,-49
110000206,357,1386,-1029
110000207,231,248,-17
110000208,42,121,-79
110000209,44,637,-593
110000210,172,491,-319
110000211,339,622,-283
110000212,182,758,-576
110000213,39,80,-41
110000214,40,98,-58
110000215,47,582,-535
110000216,26,586,-560
110000217,87,264,-177
110000218,66,401,-335
110000219,89,73,16
110000220,10,429,-419
110000221,135,87,48
110000222,25,311,-286
110000223,3,47,-44
110000224,102,13,89
110000225,76,438,-362
110000226,88,49,39
110000227,312,263,49
110000228,101,325,-224
110000229,0,213,-213
110000230,237,506,-269
110000231,102,128,-26
110000232,63,135,-72
110000233,66,212,-146
110000234,398,254,144
110000235,794,610,184
110000236,140,936,-796
110000237,825,880,-55
110000238,607,1148,-541
110000239,657,1034,-377
110000240,0,69,-69
110000242,0,8,-8
110000243,34,150,-116
110000244,61,322,-261
110000245,26,383,-357
110000246,352,674,-322
110000247,3173,3011,162
110000248,3566,1102,2464
110000249,81,5,76
110000250,2,163,-161
110000251,58,371,-313
110000252,152,253,-101
110000253,957,361,596
110000254,1115,1018,97
110000255,219,1032,-813
110000256,320,145,175
110000257,633,283,350
110000258,5,386,-381
110000259,48,27,21
110000260,7,389,-382
110000263,820,70,750
110000264,146,582,-436
110000265,810,1703,-893
110000266,1319,1961,-642
110000267,1,143,-142
110000268,122,320,-198
110000269,1,80,-79
110000270,8,2,6
110000271,1984,220,1764
110000272,511,761,-250
110000273,1745,974,771
110000274,117,919,-802
110000275,2624,367,2257
110000276,74,260,-186
110000277,81,270,-189
110000278,195,733,-538
110000279,432,561,-129
110000280,74,377,-303
110000281,15,176,-161
110000282,135,58,77
110000283,23,75,-52
110000284,12,18,-6
110000285,0,120,-120
110000286,13,1,12
110000287,26,3,23
110000288,0,56,-56
110000289,243,771,-528
110000290,1108,596,512
110000291,5149,1025,4124
110000292,942,4963,-4021
110000293,244,894,-650
110000294,386,999,-613
110000295,61,752,-691
110000296,168,257,-89
110000297,4073,239,3834
110000298,901,420,481
110000299,1449,18,1431
110000301,249,4,245
110000302,156,1142,-986
110000303,132,3,129
110000304,81,251,-170
110000305,350,5,345
110000306,82,2018,-1936
110000307,426,3,423
110000308,137,9,128
110000309,9,1372,-1363
110000310,255,65,190
110000311,13,817,-804
110000312,945,36,909
110000313,5271,1197,4074
110000314,2,206,-204
110000315,2189,1135,1054
110000316,496,908,-412
110000317,383,213,170
110000318,1,66,-65
110000319,7,27,-20
110000320,17,50,-33
110000321,11,56,-45
110000322,65,445,-380
110000323,225,266,-41
110000324,4293,808,3485
110000325,1820,2360,-540
110000327,333,136,197
110000328,117,433,-316
110000333,512,557,-45
110000334,436,1104,-668
110000335,880,579,301
110000336,236,1167,-931
110000337,419,437,-18
110000338,63,201,-138
110000339,77,187,-110
110000340,25,168,-143
110000341,144,493,-349
110000342,293,0,293
110000343,0,17,-17
110000344,34,132,-98
110000345,64,95,-31
110000346,1901,1204,697
110000347,1021,749,272
110000348,7,33,-26
110000349,5,33,-28
110000350,20,4,16
110000351,392,811,-419
110000352,257,1197,-940
110000353,2693,856,1837
110000354,472,1343,-871
110000355,30,73,-43
110000356,273,3,270
110000357,186,6,180
110000361,8,82,-74
110000362,11,29,-18
110000363,112,113,-1
110000364,47,295,-248
110000365,95,0,95
110000366,1,78,-77
110000367,207,231,-24
110000368,1,62,-61
110000369,11,0,11
110000373,1,275,-274
110000374,23,7,16
110000375,102,612,-510
110000376,30,100,-70
110000377,29,156,-127
110000378,10,258,-248
110000379,3188,609,2579
110000380,19,8,11
110000383,2,364,-362
110000384,2023,201,1822
110000385,1,159,-158
110000387,42,6,36
110000388,16,218,-202
110000389,157,1,156
110000391,134,408,-274
110000396,16,106,-90
110000397,24,162,-138
110000398,6,42,-36
110000399,84,0,84
110000587,37,40,-3
110000589,70,189,-119
110000640,97,199,-102
110000652,2,137,-135
110000653,83,472,-389
110000654,2,16,-14
110000656,0,523,-523
110000674,21,15,6
110000675,17,7,10
110000676,6,31,-25
110000679,848,308,540
110000682,61,52,9
110000683,236,552,-316
110000684,3,72,-69
110000685,8,2,6
110000686,0,21,-21
110000687,2,1,1
110000688,46,322,-276
110000689,22,102,-80
110000692,59,251,-192
110000693,81,249,-168
110000694,1,87,-86
110000695,79,650,-571
110000696,83,132,-49
110900001,113,16,97
110900002,726,172,554
110900003,142,963,-821
110900004,79,264,-185
110900005,3780,853,2927
110900006,33,2,31
110900007,14,8,6
110900008,7,25,-18
110900009,151,23,128
110900010,5,40,-35
110900011,1,61,-60
110900012,5,100,-95
110900013,322,102,220
110900014,53,10,43
110900015,751,173,578
110900016,4,149,-145
110900017,94,34,60
110900018,222,15,207
110900019,45,14,31
110900020,15,424,-409
110900021,40,649,-609
110900022,57,427,-370
110900023,46,409,-363
110900024,19,465,-446
110900025,2,41,-39
110900027,15,196,-181
110900028,10,104,-94
110900029,22,423,-401
110900030,10,250,-240
110900031,0,164,-164
110900032,1,76,-75
110900033,18,240,-222
110900035,14,391,-377
110900036,28,15,13
110900037,12,15,-3
110900038,822,151,671
110900039,10,223,-213
110900040,74,14,60
110900041,1,162,-161
110900042,20,32,-12
110900043,1,148,-147
110900044,159,17,142
110900045,49,658,-609
110900046,85,266,-181
110900047,699,48,651
110900049,13,31,-18
110900050,11,0,11
110900051,33,138,-105
110900052,5,240,-235
110900053,33,52,-19
110900054,7,258,-251
110900055,7,0,7
110900056,50,75,-25
110900057,2,246,-244
110900058,53,271,-218
110900059,399,791,-392
110900060,206,60,146
110900061,66,20,46
110900062,14,293,-279
110900063,6,97,-91
110900064,4,0,4
110900065,348,68,280
110900066,1,54,-53
110900067,481,283,198
110900068,179,170,9
110900069,0,20,-20
110900070,65,36,29
110900071,211,216,-5
110900073,0,15,-15
110900074,118,54,64
110900075,89,38,51
110900077,142,278,-136
110900078,2,134,-132
110900079,2169,329,1840
110900080,19,33,-14
110900081,1,141,-140
110900082,27,162,-135
110900083,42,32,10
110900084,4,180,-176
110900085,24,247,-223
110900086,24,47,-23
110900087,90,46,44
110900088,14,0,14
110900090,12,8,4
110900091,0,51,-51
110900093,136,62,74
110900095,13,44,-31
110900097,2,18,-16
110900098,5,79,-74
110900099,63,403,-340
110900100,0,12,-12
110900102,8,22,-14
110900105,394,225,169
110900108,2,70,-68
110900111,141,31,110
110900112,222,4,218
110900113,495,16,479
110900115,4,82,-78
110900116,169,2109,-1940
110900118,106,701,-595
110900119,5394,196,5198
110900120,1,140,-139
110900121,46,1,45
110900122,125,107,18
110900125,90,146,-56
110900127,435,398,37
110900128,315,148,167
110900129,172,93,79
110900130,899,123,776
110900131,42,38,4
110900132,113,34,79
110900133,21,277,-256
110900135,48,407,-359
110900136,111,1,110
110900139,28,0,28
110900140,3,0,3
110900141,125,72,53
110900142,40,188,-148
110900143,39,50,-11
110900144,2,547,-545
110900145,69,14,55
110900146,218,27,191
110900147,157,132,25
110900148,0,199,-199
110900149,3,42,-39
110900150,1,14,-13
110900151,2,38,-36
110900152,10,373,-363
110900153,12,10,2
111000001,168,331,-163
111000002,512,699,-187
111000003,243,275,-32
111000004,370,999,-629
111000005,464,438,26
111000006,591,920,-329
111000007,2729,1023,1706
111000008,3139,2780,359
111000009,251,850,-599
111000010,362,211,151
111000011,408,879,-471
111000012,560,264,296
111000013,253,1100,-847
111000014,724,444,280
111000017,92,326,-234
111000018,95,282,-187
111000020,1982,1557,425
111000021,41,116,-75
111000023,51,131,-80
111000025,5572,1361,4211
111000029,44,115,-71
111000030,33,56,-23
111000031,1655,471,1184
111000032,402,165,237
111000033,184,80,104
111000034,239,186,53
111000037,2201,1054,1147
111000038,2279,1788,491
111000039,1143,1840,-697
111000040,1013,1885,-872
111000041,1277,1109,168
111000042,5541,2340,3201
111000043,1300,947,353
111000044,723,257,466
111000045,737,1032,-295
111000046,573,831,-258
111000047,1067,1380,-313
111000049,198,455,-257
111000050,1518,1458,60
111000051,308,924,-616
111000052,492,1223,-731
111000053,362,780,-418
111000054,330,779,-449
111000055,803,1895,-1092
111000056,66,714,-648
111000057,38,893,-855
111000058,59,131,-72
111000059,145,267,-122
111000060,1517,484,1033
111000061,494,241,253
111000062,307,155,152
111000063,1724,650,1074
111000064,241,530,-289
111000065,442,586,-144
111000066,107,177,-70
111000067,203,490,-287
111000068,129,521,-392
111000069,1224,1694,-470
111000070,2155,1091,1064
111000071,191,680,-489
111000072,291,154,137
111000073,48,355,-307
111000074,998,818,180
111000075,292,453,-161
111000076,217,617,-400
111000077,546,907,-361
111000078,1170,856,314
111000079,1015,664,351
111000080,238,668,-430
111000081,1983,2639,-656
111000082,399,617,-218
111000084,407,482,-75
111000085,658,1855,-1197
111000086,2495,1463,1032
111000087,666,870,-204
111000088,5044,1390,3654
111000089,339,835,-496
111000090,1021,1254,-233
111000091,377,720,-343
111000092,471,1260,-789
111000093,396,633,-237
111000094,1380,706,674
111000095,855,1284,-429
111000096,2574,4407,-1833
111000097,5034,1021,4013
111000098,229,1317,-1088
111000099,193,2279,-2086
111000100,155,2064,-1909
111000101,334,854,-520
111000102,49,828,-779
111000104,86,147,-61
111000107,30,688,-658
111000109,122,135,-13
111000110,315,336,-21
111000111,497,282,215
111000112,580,187,393
111000113,342,229,113
111000114,826,548,278
111000115,6582,504,6078
111000116,789,451,338
111000117,500,505,-5
111000118,1569,736,833
111000119,627,1420,-793
111000120,206,389,-183
111000121,176,435,-259
111000122,261,876,-615
111000123,496,2854,-2358
111000124,250,3626,-3376
111000125,107,1968,-1861
111000126,55,1096,-1041
111000127,309,109,200
111000128,378,178,200
111000129,772,251,521
111000130,537,606,-69
111000131,401,517,-116
111000132,376,331,45
111000133,55,176,-121
111000134,57,109,-52
111000135,18,138,-120
111000136,121,245,-124
111000138,8,8,0
111000140,0,1,-1
111000141,19,162,-143
111000142,7,126,-119
111000143,3,86,-83
111000144,3,120,-117
111000145,70,4,66
111000146,16,2,14
111000147,62,9,53
111000148,33,54,-21
111000149,2,25,-23
111000150,4,9,-5
111000151,3,13,-10
111000153,543,350,193
111000154,591,131,460
111000155,45,138,-93
111000156,352,132,220
111000157,90,232,-142
111000158,560,354,206
111000159,2058,479,1579
111000160,154,462,-308
111000161,4,192,-188
111000162,3,158,-155
111000163,201,735,-534
111000164,764,1480,-716
111000165,1206,401,805
111000166,732,180,552
111000167,142,430,-288
111000168,141,379,-238
111000169,199,359,-160
111000170,373,289,84
111000171,296,818,-522
111000172,63,611,-548
111000173,155,1167,-1012
111000174,66,474,-408
111000175,21,306,-285
111000176,90,171,-81
111000177,71,341,-270
111000178,348,427,-79
111000179,52,238,-186
111000180,101,259,-158
111000181,220,234,-14
111000182,72,116,-44
111000183,138,180,-42
111000184,215,228,-13
111000185,189,512,-323
111000186,113,339,-226
111000187,48,315,-267
111000188,59,367,-308
111000189,1328,557,771
111000190,187,543,-356
111000191,81,496,-415
111000192,163,613,-450
111000193,323,320,3
111000194,6,466,-460
111000195,70,476,-406
111000196,19,329,-310
111000197,99,177,-78
111000198,137,149,-12
111000199,41,146,-105
111000200,65,314,-249
111000201,169,204,-35
111000202,74,156,-82
111000203,182,173,9
111000204,225,214,11
111000213,73,298,-225
111000214,883,1470,-587
111000215,611,1181,-570
111000217,545,831,-286
111000218,619,808,-189
111000219,297,183,114
111000220,2416,466,1950
111000221,484,88,396
111000224,103,278,-175
111000225,160,167,-7
111000226,70,3,67
111000227,34,8,26
111000228,7,119,-112
111000229,20,247,-227
111000230,94,425,-331
111000231,157,1153,-996
111000232,119,910,-791
111000233,159,776,-617
111000234,18,110,-92
111000239,136,151,-15
111000240,7,53,-46
111000241,18,416,-398
111000242,22,30,-8
111000243,37,825,-788
111000244,60,72,-12
111000245,154,571,-417
111000246,106,558,-452
111000247,46,1200,-1154
111000248,157,268,-111
111000249,279,898,-619
111000250,19,116,-97
111000251,12,97,-85
111000253,0,0,0
111000255,0,0,0
111000257,0,0,0
111000260,29,1101,-1072
111000261,229,47,182
111000271,35,336,-301
111000273,4919,1133,3786
111000274,779,1456,-677
111000275,60,79,-19
111000276,224,2325,-2101
111000277,108,471,-363
111000278,315,221,94
111000291,263,1801,-1538
111000298,150,200,-50
111000299,338,30,308
111000300,44,493,-449
111000302,88,63,25
111000303,55,196,-141
111000312,18,44,-26
111000315,26,191,-165
111000320,193,512,-319
111000321,106,21,85
111000322,71,485,-414
111000323,45,8,37
111000324,186,179,7
111000325,16,77,-61
111000326,50,441,-391
111000327,195,559,-364
111000328,111,349,-238
111000329,0,43,-43
111000330,25,16,9
111000331,19,2,17
111000332,158,853,-695
111000334,291,1638,-1347
111000335,143,79,64
111000337,206,391,-185
111000338,11,127,-116
111000339,67,635,-568
111000340,45,838,-793
111000341,370,118,252
111000342,29,192,-163
111000344,320,542,-222
111000345,91,33,58
111000346,9,85,-76
111000347,20,0,20
111000350,145,143,2
111000351,45,206,-161
111000352,52,124,-72
111000353,46,282,-236
111000354,155,184,-29
111000355,99,609,-510
111000358,40,1627,-1587
111000360,61,989,-928
111000361,47,412,-365
111000546,85,622,-537
111000547,85,493,-408
111000548,41,110,-69
111000549,94,332,-238
111000550,59,156,-97
111000551,476,64,412
111000552,146,53,93
111000907,154,5,149
111000908,8,0,8
111000916,350,178,172
111000917,21,309,-288
111000918,52,974,-922
111000920,128,29,99
111000921,2,370,-368
111000922,94,301,-207
111000924,8,984,-976
111000925,879,1099,-220
111000926,628,2648,-2020
111000927,2277,2038,239
111000928,5768,3133,2635
111000929,421,679,-258
111000930,505,2082,-1577
111000931,796,1037,-241
111000932,2759,1940,819
111000933,2022,1226,796
111000934,1785,2326,-541
111000935,555,717,-162
111000936,442,1922,-1480
111000937,434,766,-332
111000938,1310,2345,-1035
111000939,156,30,126
111000940,160,216,-56
111000941,47,498,-451
111000943,98,222,-124
111000944,60,498,-438
111000945,10,2170,-2160
111001109,140,73,67
111001110,110,669,-559
111001111,5,0,5
111001112,31,0,31
111001113,72,88,-16
111001114,803,65,738
111001115,93,272,-179
111001116,4211,843,3368
111001117,423,395,28
111001120,60,356,-296
111001121,99,330,-231
111001122,129,776,-647
111001123,45,128,-83
111001124,31,477,-446
111001125,1,14,-13
111001126,1,1,0
111001127,0,0,0
111900001,3,164,-161
111900002,2,579,-577
111900003,2,367,-365
111900004,20,111,-91
111900006,1,1,0
111900007,17,8,9
111900008,6,1,5
111900009,12,1,11
111900010,142,485,-343
111900012,55,59,-4
111900013,2,41,-39
111900014,6838,969,5869
111900015,0,71,-71
111900016,0,168,-168
111900017,0,99,-99
111900018,58,2,56
111900019,2,58,-56
111900020,4,46,-42
111900021,29,56,-27
111900022,3,42,-39
111900023,123,53,70
111900024,1,77,-76
111900025,1,40,-39
111900026,2,72,-70
111900027,6,158,-152
111900028,3,382,-379
111900029,1,68,-67
111900030,31,305,-274
111900031,0,18,-18
111900032,1,375,-374
111900033,5,87,-82
111900034,103,486,-383
111900035,2,234,-232
111900036,0,387,-387
111900038,235,438,-203
111900039,35,334,-299
111900040,9,793,-784
111900042,16,40,-24
111900043,2,427,-425
111900044,208,204,4
111900046,56,212,-156
111900048,30,827,-797
111900049,21,366,-345
111900050,16,4,12
111900051,4,228,-224
111900052,286,568,-282
111900053,1093,151,942
111900054,25,0,25
111900055,7,613,-606
111900056,97,69,28
111900057,16,27,-11
111900058,58,741,-683
111900059,1770,156,1614
111900060,92,1,91
111900061,6,269,-263
111900062,8,18,-10
111900063,44,130,-86
111900064,91,219,-128
111900065,9,7,2
111900066,20,63,-43
111900067,1,202,-201
111900068,36,12,24
111900069,9,21,-12
111900070,29,93,-64
111900071,1,218,-217
111900072,0,3,-3
111900073,188,25,163
111900074,3,117,-114
111900075,18,3,15
111900076,29,10,19
111900077,3,0,3
111900078,53,1,52
111900079,8,3,5
111900080,139,44,95
111900082,17,2,15
111900083,16,6,10
111900084,16,0,16
111900085,11,23,-12
111900086,24,3,21
111900087,7,0,7
111900088,95,3,92
111900089,10,1,9
111900090,28,14,14
111900091,17,0,17
111900092,13,0,13
111900093,58,2,56
111900094,25,0,25
111900095,48,1,47
111900096,11,0,11
111900097,9,0,9
111900098,45,0,45
111900099,3,0,3
111900100,11,0,11
111900101,46,3,43
111900102,80,762,-682
111900103,44,29,15
111900104,28,56,-28
111900105,72,88,-16
111900106,1132,17,1115
111900110,2794,89,2705
111900111,15,213,-198
111900112,513,445,68
111900113,274,70,204
111900118,51,12,39
111900119,100,18,82
111900122,69,11,58
111900123,2,26,-24
111900124,14,92,-78
111900125,92,1,91
111900126,21,0,21
111900127,3,673,-670
111900128,5,584,-579
111900129,48,1,47
111900130,77,4,73
111900131,79,2,77
111900132,21,1181,-1160
111900133,4,237,-233
111900134,14,275,-261
111900135,0,0,0
111900136,36,58,-22
111900137,37,15,22
111900138,7,43,-36
111900139,30,124,-94
111900140,27,10,17
111900141,7,1,6
111900142,40,4,36
111900143,10,257,-247
111900144,0,155,-155
111900145,1,605,-604
111900146,3,371,-368
111900147,118,516,-398
111900148,33,789,-756
111900149,10,504,-494
111900150,2,228,-226
111900151,1,24,-23
111900152,107,29,78
111900153,1270,97,1173
111900154,8,77,-69
111900155,34,21,13
111900156,4,17,-13
111900157,14,6,8
111900158,37,9,28
111900159,56,18,38
111900160,39,1,38
111900161,23,2,21
111900162,98,85,13
111900163,34,176,-142
111900164,25,11,14
111901113,55,218,-163
111901114,11,404,-393
111901115,8,0,8
111901116,20,2,18
111901117,1,1,0
111901118,67,9,58
111901119,1018,40,978
111901121,126,244,-118
111901122,7,530,-523
111901123,31,449,-418
111901124,12,0,12
111901125,67,133,-66
111901127,717,67,650
111901128,13,82,-69
111901129,15,90,-75
111901130,8,222,-214
111901131,1,298,-297
111901132,20,5,15
111901133,7,1,6
111901134,8,2,6
111901135,1,0,1
111901136,1,4,-3
111901138,34,15,19
111901139,11,38,-27
111901140,0,124,-124
111901141,0,238,-238
111901142,1,124,-123
111901143,3,83,-80
111901144,30,26,4
111901145,106,86,20
111901146,78,1,77
111901147,884,43,841
111901148,12,19,-7
111901149,0,1,-1
111901150,1,0,1
112000001,777,606,171
112000002,488,2068,-1580
112000003,381,535,-154
112000004,356,1524,-1168
112000005,776,836,-60
112000006,937,1708,-771
112000007,886,793,93
112000008,1272,2068,-796
112000009,3166,3110,56
112000010,1239,1659,-420
112000011,1377,2081,-704
112000012,5017,937,4080
112000013,5579,2918,2661
112000014,2257,312,1945
112000015,2827,1690,1137
112000016,2474,549,1925
112000017,958,700,258
112000024,1368,466,902
112000026,4560,5045,-485
112000027,462,300,162
112000028,1457,1595,-138
112000029,111,318,-207
112000030,164,91,73
112000031,1062,1278,-216
112000032,517,31,486
112000033,1803,487,1316
112000034,342,26,316
112000035,60,143,-83
112000036,446,336,110
112000037,483,828,-345
112000038,457,701,-244
112000039,14,95,-81
112000040,106,285,-179
112000041,344,469,-125
112000042,560,219,341
112000050,335,975,-640
112000051,343,534,-191
112000054,1337,2111,-774
112000057,407,289,118
112000058,265,381,-116
112000059,707,315,392
112000061,6269,1139,5130
112000062,3103,397,2706
112000063,2125,480,1645
112000064,5009,5316,-307
112000065,2249,2475,-226
112000066,2133,637,1496
112000067,480,640,-160
112000068,1127,686,441
112000069,545,2038,-1493
112000070,842,359,483
112000071,511,2885,-2374
112000072,447,688,-241
112000073,781,1663,-882
112000074,363,567,-204
112000075,499,649,-150
112000076,2530,2496,34
112000077,315,749,-434
112000078,626,636,-10
112000079,830,1238,-408
112000080,321,839,-518
112000081,745,1869,-1124
112000082,634,454,180
112000083,392,1589,-1197
112000084,505,505,0
112000085,658,1291,-633
112000086,829,1397,-568
112000087,143,564,-421
112000088,141,736,-595
112000089,179,294,-115
112000090,132,359,-227
112000091,401,1121,-720
112000092,653,563,90
112000093,1054,1175,-121
112000094,231,752,-521
112000095,262,602,-340
112000096,131,663,-532
112000097,290,333,-43
112000098,457,1521,-1064
112000099,339,325,14
112000100,536,614,-78
112000101,231,922,-691
112000102,405,481,-76
112000103,147,1288,-1141
112000105,362,2097,-1735
112000106,532,331,201
112000107,16,70,-54
112000108,145,1726,-1581
112000109,55,79,-24
112000110,681,340,341
112000111,1001,4031,-3030
112000112,1991,396,1595
112000113,842,2196,-1354
112000114,1146,588,558
112000115,121,511,-390
112000116,95,755,-660
112000117,269,431,-162
112000118,426,694,-268
112000119,241,910,-669
112000120,44,304,-260
112000121,46,768,-722
112000122,95,106,-11
112000123,185,113,72
112000124,90,60,30
112000125,31,86,-55
112000126,50,842,-792
112000127,1924,732,1192
112000128,1098,431,667
112000129,54,125,-71
112000130,21,37,-16
112000131,7,331,-324
112000132,22,298,-276
112000133,151,153,-2
112000134,235,364,-129
112000135,460,480,-20
112000136,587,1166,-579
112000137,696,943,-247
112000138,1114,1214,-100
112000139,491,160,331
112000140,737,933,-196
112000141,176,179,-3
112000142,74,881,-807
112000143,374,185,189
112000144,129,1586,-1457
112000145,798,532,266
112000146,415,2255,-1840
112000147,719,1048,-329
112000148,922,2058,-1136
112000149,79,625,-546
112000150,69,581,-512
112000151,234,536,-302
112000152,101,312,-211
112000153,193,309,-116
112000154,75,109,-34
112000155,77,44,33
112000157,338,295,43
112000158,79,658,-579
112000159,136,217,-81
112000167,86,8,78
112000169,234,263,-29
112000173,255,150,105
112000175,124,320,-196
112000176,5131,1450,3681
112000177,112,42,70
112000178,41,518,-477
112000179,67,136,-69
112000180,178,152,26
112000181,657,1522,-865
112000182,260,1766,-1506
112000183,23,39,-16
112000184,117,490,-373
112000185,116,509,-393
112000187,1382,1601,-219
112000195,62,5,57
112000196,48,2,46
112000197,25,105,-80
112000198,23,343,-320
112000199,551,1015,-464
112000202,84,0,84
112000216,49,114,-65
112000230,12,2,10
112000231,0,383,-383
112000256,23,83,-60
112000313,139,266,-127
112000314,5,4,1
112000337,99,498,-399
112000352,128,79,49
112000392,2158,859,1299
112000398,449,522,-73
112000399,1202,896,306
112000400,1270,3727,-2457
112000401,1968,2486,-518
112000402,874,1394,-520
112000403,1075,1000,75
112000404,192,374,-182
112000405,845,1838,-993
112000406,2558,2690,-132
112000407,2130,3976,-1846
112000408,6725,5872,853
112000409,1220,4236,-3016
112000410,118,57,61
112000411,3733,282,3451
112000412,566,137,429
112000413,7843,943,6900
112000414,34,84,-50
112000415,52,55,-3
112000416,947,966,-19
112000417,125,67,58
112000421,19,107,-88
112000422,212,468,-256
112000424,1793,929,864
112000425,193,1291,-1098
112000426,41,184,-143
112000427,0,15,-15
112000428,26,414,-388
112000429,1417,2589,-1172
112000430,1238,2977,-1739
112000431,32,77,-45
112000432,258,2206,-1948
112000433,556,342,214
112000437,13,372,-359
112900001,15,0,15
112900002,58,1261,-1203
112900003,16,193,-177
112900004,13,264,-251
112900005,27,241,-214
112900006,9,348,-339
112900007,3,115,-112
112900008,0,8,-8
112900009,189,55,134
112900010,37,599,-562
112900011,292,247,45
112900012,0,40,-40
112900013,0,110,-110
112900014,1,296,-295
112900015,172,792,-620
112900016,3,198,-195
112900017,13,162,-149
112900018,3,383,-380
112900019,39,131,-92
112900020,423,1344,-921
112900021,1,247,-246
112900022,3,57,-54
112900023,1,318,-317
112900024,9,130,-121
112900025,65,113,-48
112900026,3,258,-255
112900027,7,1314,-1307
112900028,12,60,-48
112900029,7,544,-537
112900030,316,173,143
112900031,3,561,-558
112900032,53,224,-171
112900034,0,38,-38
112900035,2,502,-500
112900036,11,121,-110
112900037,90,59,31
112900038,83,102,-19
112900039,12,291,-279
112900040,2,250,-248
112900041,925,369,556
112900042,19,340,-321
112900043,5,32,-27
112900044,378,233,145
112900045,543,177,366
112900046,188,50,138
112900047,8,11,-3
112900049,21,58,-37
112900050,39,615,-576
112900051,273,556,-283
112900052,4,960,-956
112900053,201,65,136
112900054,183,13,170
112900055,82,5,77
112900056,117,69,48
112900057,3,742,-739
112900058,174,60,114
112900059,33,121,-88
112900060,8,172,-164
112900061,22,121,-99
112900062,35,144,-109
112900063,38,0,38
112900064,74,92,-18
112900065,7,6,1
112900066,59,26,33
112900067,606,87,519
112900068,8,12,-4
112900069,2625,215,2410
112900071,5,0,5
112900072,121,191,-70
112900073,159,16,143
112900074,18,38,-20
112900075,1993,220,1773
112900076,22,2,20
112900078,56,123,-67
112900079,40,5,35
112900080,4,0,4
112900081,20,31,-11
112900082,110,5,105
112900083,10,28,-18
112900084,58,27,31
112900086,4,0,4
112900087,101,11,90
112900088,13,0,13
112900089,257,9,248
112900090,0,6,-6
112900091,24,1,23
112900092,57,61,-4
112900093,243,1,242
112900095,0,0,0
112900096,93,37,56
112900097,17,290,-273
112900098,0,0,0
112900099,169,6,163
112900100,8,0,8
112900101,64,0,64
112900102,73,1,72
112900103,47,1,46
112900104,28,0,28
112900105,0,1,-1
112900106,190,35,155
112900107,0,0,0
112900108,1,0,1
112900109,16,0,16
112900110,135,4,131
112900111,151,0,151
112900112,28,0,28
112900113,0,13,-13
112900114,6,7,-1
112900115,179,4,175
112900116,17,34,-17
112900117,99,92,7
112900118,8,68,-60
112900119,21,0,21
112900120,621,111,510
112900121,174,114,60
112900122,9,134,-125
112900123,124,5,119
112900124,5,91,-86
112900125,43,229,-186
112900126,74,285,-211
112900127,74,19,55
112900128,382,622,-240
112900129,0,918,-918
112900130,60,39,21
112900131,41,234,-193
112900132,36,366,-330
112900133,13,1176,-1163
112900134,1,213,-212
112900135,37,6,31
112900137,0,781,-781
112900138,4,465,-461
112900139,132,897,-765
112900141,130,13,117
112900142,38,28,10
112900143,59,558,-499
112900144,2,364,-362
112900145,45,399,-354
112900146,8,1411,-1403
112900147,3,2383,-2380
112900148,10,0,10
112900149,112,449,-337
112900151,18,24,-6
112900152,4382,770,3612
112900153,863,411,452
112900154,1,74,-73
112900155,31,0,31
112900156,32,1727,-1695
112900157,39,124,-85
112900158,13,1,12
112900159,92,18,74
112900160,13,251,-238
112900161,9,26,-17
112900162,14,13,1
112900163,76,13,63
112900164,15,57,-42
112900165,37,16,21
112900166,7,20,-13
112900167,0,12,-12
112900168,0,1,-1
112900169,1,0,1
112900170,10,69,-59
112900172,73,2,71
112900173,154,91,63
112900174,96,4,92
112900175,92,26,66
112900176,15,6,9
112900177,75,6,69
112900178,271,328,-57
112900179,22,542,-520
112900180,330,2072,-1742
112900181,117,2,115
112900182,7,1464,-1457
112900183,62,108,-46
112900184,213,149,64
112900185,178,318,-140
112900186,1011,314,697
112900187,23,106,-83
112900188,687,186,501
112900189,1,15,-14
112900190,0,53,-53
112900192,163,88,75
112900193,470,111,359
112900194,3,77,-74
112900195,130,11,119
112900196,206,525,-319
112900197,52,359,-307
112900199,103,449,-346
112900200,101,177,-76
112900201,44,74,-30
112900202,35,744,-709
112900203,14,180,-166
112900204,555,180,375
112900205,1,3,-2
112900206,0,39,-39
112900207,1,0,1
112900208,18,48,-30
112900209,219,288,-69
112900210,0,9,-9
112900211,24,8,16
112900212,0,40,-40
112900213,5,0,5
112900214,7,4,3
112900215,7,171,-164
112900216,18,28,-10
112900217,0,52,-52
112900218,2,10,-8
112900219,7,26,-19
112900220,0,0,0
112900221,0,88,-88
112900222,0,11,-11
112900223,161,0,161
112900224,60,602,-542
112900225,123,489,-366
112900226,180,130,50
112900227,103,1504,-1401
112900228,15,26,-11
112900229,20,40,-20
112900230,6153,1111,5042
112900232,107,84,23
112900233,9,117,-108
112900234,1,117,-116
112900235,15,2,13
112900236,18,4,14
112900237,22,283,-261
112900238,1,39,-38
112900239,326,178,148
112900240,3,142,-139
112900241,8,157,-149
112900242,4,236,-232
112900243,4,222,-218
112900244,4,201,-197
112900245,0,42,-42
112900246,0,16,-16
112900247,56,11,45
112900248,5,1,4
112900249,23,2,21
112900250,24,14,10
112900251,16,6,10
112900252,4,14,-10
112900253,8,10,-2
112900254,2,2,0
112900255,0,23,-23
112900256,0,19,-19
112900257,4,2,2
112900258,7,15,-8
113000001,3798,3591,207
113000002,3034,2671,363
113000003,1660,1281,379
113000004,1799,1566,233
113000005,905,843,62
113000006,587,1200,-613
113000007,1041,938,103
113000008,890,1509,-619
113000009,476,873,-397
113000010,502,1404,-902
113000011,463,1460,-997
113000012,553,449,104
113000013,870,283,587
113000014,1636,1289,347
113000015,528,285,243
113000016,132,171,-39
113000017,6,227,-221
113000018,106,25,81
113000019,32,180,-148
113000020,23,9,14
113000021,455,565,-110
113000022,309,1198,-889
113000025,42,213,-171
113000026,61,234,-173
113000027,363,209,154
113000028,558,302,256
113000029,621,454,167
113000030,533,525,8
113000031,299,158,141
113000032,233,145,88
113000033,240,277,-37
113000034,471,226,245
113000035,14,29,-15
113000036,20,40,-20
113000037,34,19,15
113000038,10,30,-20
113000039,42,419,-377
113000040,48,102,-54
113000042,765,593,172
113000051,356,1225,-869
113000052,1950,976,974
113000053,135,568,-433
113000054,118,601,-483
113000055,536,839,-303
113000056,420,1638,-1218
113000058,594,846,-252
113000059,1026,736,290
113000060,41,604,-563
113000061,831,823,8
113000062,1099,99,1000
113000063,20,165,-145
113000064,10,356,-346
113000065,189,1199,-1010
113000066,211,52,159
113000067,690,784,-94
113000068,434,1951,-1517
113000069,250,1328,-1078
113000070,565,554,11
113000071,187,728,-541
113000072,168,248,-80
113000073,378,1310,-932
113000074,626,214,412
113000075,1553,346,1207
113000076,1176,1401,-225
113000077,1485,320,1165
113000078,1135,1041,94
113000079,999,481,518
113000080,804,437,367
113000081,846,645,201
113000082,1091,734,357
113000083,513,626,-113
113000084,1546,876,670
113000085,839,451,388
113000086,877,835,42
113000087,1113,708,405
113000088,1708,1012,696
113000089,725,1263,-538
113000090,276,223,53
113000091,605,195,410
113000094,365,114,251
113000095,152,972,-820
113000096,178,716,-538
113000097,287,210,77
113000098,46,14,32
113000099,1203,161,1042
113000100,89,331,-242
113000101,248,348,-100
113000102,288,130,158
113000103,2060,569,1491
113000104,195,1852,-1657
113000105,256,366,-110
113000106,181,562,-381
113000107,356,769,-413
113000108,671,1381,-710
113000109,411,2093,-1682
113000110,1249,354,895
113000111,144,414,-270
113000112,341,397,-56
113000113,2012,296,1716
113000114,467,777,-310
113000116,583,175,408
113000117,543,150,393
113000118,76,238,-162
113000119,126,294,-168
113000120,40,186,-146
113000121,225,669,-444
113000124,96,117,-21
113000125,8,477,-469
113000127,2985,428,2557
113000128,280,319,-39
113000129,469,690,-221
113000133,3346,487,2859
113000134,4,371,-367
113000135,2075,1393,682
113000137,2378,919,1459
113000139,313,87,226
113000140,160,171,-11
113000141,271,52,219
113000142,443,414,29
113000143,328,125,203
113000144,349,445,-96
113000145,58,115,-57
113000146,48,58,-10
113000147,56,125,-69
113000148,41,117,-76
113000149,91,108,-17
113000150,412,313,99
113000151,142,61,81
113000152,28,138,-110
113000153,1251,373,878
113000154,367,647,-280
113000155,145,219,-74
113000156,108,304,-196
113000157,171,539,-368
113000158,327,141,186
113000159,478,322,156
113000160,360,910,-550
113000161,127,627,-500
113000162,300,243,57
113000163,28,30,-2
113000164,57,78,-21
113000166,75,36,39
113000167,30,220,-190
113000168,20,188,-168
113000169,49,26,23
113000170,47,50,-3
113000171,27,87,-60
113000172,176,54,122
113000173,15,7,8
113000174,103,564,-461
113000175,186,92,94
113000176,248,73,175
113000177,70,422,-352
113000178,123,352,-229
113000179,136,66,70
113000180,264,1164,-900
113000181,479,941,-462
113000182,147,144,3
113000183,141,494,-353
113000184,13,101,-88
113000189,764,405,359
113000190,1188,235,953
113000192,2140,886,1254
113000193,3231,592,2639
113000194,1384,866,518
113000195,1719,364,1355
113000196,61,52,9
113000197,842,647,195
113000198,27,261,-234
113000199,374,371,3
113000201,67,130,-63
113000202,2253,788,1465
113000203,367,9,358
113000204,1149,849,300
113000205,10,13,-3
113000206,8,25,-17
113000207,31,20,11
113000208,47,40,7
113000209,26,21,5
113000210,10,11,-1
113000211,288,125,163
113000212,297,22,275
113000213,19,112,-93
113000214,65,160,-95
113000234,86,1311,-1225
113000410,39,78,-39
113000411,1819,3522,-1703
113000412,11051,1452,9599
113000413,3755,1232,2523
113000414,10599,5447,5152
113000415,2315,1690,625
113000416,8737,2432,6305
113000417,3103,1831,1272
113000418,2567,2035,532
113000419,1581,1269,312
113000420,3382,1931,1451
113000421,3842,3107,735
113000422,14718,4575,10143
113000423,2312,1901,411
113000424,4312,4983,-671
113000425,5,44,-39
113000428,225,46,179
113000430,31,47,-16
113000432,569,76,493
113000433,151,993,-842
113000434,21,345,-324
113000435,10,844,-834
113000436,71,1367,-1296
113000437,156,13,143
113000438,96,6,90
113000439,6,176,-170
113000440,22,19,3
113000441,70,152,-82
113000442,89,290,-201
113000443,52,210,-158
113000444,79,366,-287
113000445,43,114,-71
113000446,8,103,-95
113000448,166,92,74
113000449,222,535,-313
113000450,482,845,-363
113000451,1292,114,1178
113000452,351,247,104
113000453,158,193,-35
113000454,548,41,507
113000455,43,118,-75
113000456,2530,1279,1251
113000468,2300,214,2086
113000469,187,31,156
113000470,328,52,276
113000471,6,284,-278
113000472,49,170,-121
113000474,163,613,-450
113000475,1042,1543,-501
113000476,748,1795,-1047
113000477,1362,2057,-695
113000478,2298,5100,-2802
113000479,12,307,-295
113000483,0,0,0
113000484,0,0,0
113000485,0,0,0
113000486,0,0,0
113000487,0,0,0
113000488,0,0,0
113000489,0,0,0
113000490,0,0,0
113000491,0,0,0
113000492,0,0,0
113000493,0,0,0
113000495,158,206,-48
113000496,53,73,-20
113000499,0,0,0
113900001,0,2,-2
113900002,0,2,-2
113900003,0,1,-1
113900004,0,0,0
113900005,99,9,90
113900006,0,1,-1
113900007,13,7,6
113900008,51,42,9
113900009,104,56,48
113900010,49,88,-39
113900011,6,39,-33
113900012,5,11,-6
113900013,162,10,152
113900014,916,1,915
113900015,0,52,-52
113900016,13,0,13
113900017,0,44,-44
113900018,387,31,356
113900019,13,46,-33
113900020,34,0,34
113900022,1,0,1
113900023,0,0,0
113900024,29,62,-33
113900025,236,4,232
113900026,31,0,31
113900027,0,52,-52
113900028,7,330,-323
113900029,21,273,-252
113900030,75,0,75
113900031,1,0,1
113900032,2,0,2
113900033,72,42,30
113900035,16,0,16
113900036,3,49,-46
113900037,12,572,-560
113900038,67,45,22
113900039,22,2,20
113900040,2,0,2
113900041,0,2,-2
113900042,27,26,1
113900043,137,73,64
113900044,77,19,58
113900045,16,1,15
113900046,336,539,-203
113900047,15,104,-89
113900048,253,19,234
113900049,835,70,765
113900050,83,240,-157
113900051,107,293,-186
113900052,174,91,83
113900053,289,89,200
113900054,13,0,13
113900055,94,399,-305
113900056,16,102,-86
113900057,16,138,-122
113900058,32,143,-111
113900059,70,310,-240
113900060,117,239,-122
113900061,735,28,707
113900062,66,4,62
113900063,13,97,-84
113900064,24,161,-137
113900065,698,15,683
113900066,124,473,-349
113900067,19,317,-298
113900068,237,264,-27
113900069,50,10,40
113900070,143,298,-155
113900071,38,33,5
113900072,28,150,-122
113900073,86,290,-204
113900074,11,435,-424
113900075,606,1068,-462
113900076,83,5,78
113900077,16,183,-167
113900078,33,46,-13
113900079,0,45,-45
113900080,219,144,75
113900081,26,191,-165
113900082,57,186,-129
113900083,36,666,-630
113900084,127,51,76
113900085,28,282,-254
113900086,2,18,-16
113900087,25,187,-162
113900088,19,34,-15
113900089,209,20,189
113900090,222,271,-49
113900091,15,11,4
113900092,25,71,-46
113900093,43,346,-303
113900094,83,523,-440
113900095,26,80,-54
113900096,38,41,-3
113900097,0,115,-115
113900098,177,18,159
113900099,1,43,-42
113900100,0,1,-1
113900101,4,42,-38
113900102,53,60,-7
113900103,138,223,-85
113900104,42,82,-40
113900105,11,301,-290
113900106,0,80,-80
113900107,0,15,-15
113900108,136,107,29
113900109,191,81,110
113900110,6,18,-12
113900111,28,75,-47
113900112,14,70,-56
113900113,328,274,54
113900114,0,129,-129
113900115,0,113,-113
113900116,64,78,-14
113900117,42,11,31
113900118,70,112,-42
113900119,238,167,71
113900120,33,23,10
113900121,15,41,-26
113900122,136,1170,-1034
113900123,153,108,45
113900124,0,90,-90
113900125,1176,154,1022
113900126,79,24,55
113900127,129,334,-205
113900128,60,28,32
113900129,7,51,-44
113900130,2,6,-4
113900131,58,34,24
113900132,25,35,-10
113900133,10,38,-28
113900135,147,366,-219
113900136,96,45,51
113900137,158,124,34
113900138,19,52,-33
113900139,447,44,403
113900140,290,96,194
113900141,84,364,-280
113900142,30,53,-23
113900143,9,4,5
113900144,302,57,245
113900145,84,183,-99
113900146,20,43,-23
113900148,83,94,-11
113900149,96,21,75
113900150,921,301,620
113900151,80,174,-94
113900152,10,70,-60
113900153,327,212,115
113900154,5,48,-43
113900155,222,38,184
113900156,124,472,-348
113900157,10,209,-199
113900158,205,75,130
113900159,2,153,-151
113900160,242,658,-416
113900161,10,155,-145
113900162,407,210,197
113900163,260,117,143
113900164,82,18,64
113900165,684,425,259
113900166,100,35,65
113900167,135,26,109
113900168,68,91,-23
113900169,118,340,-222
113900171,27,29,-2
113900172,8,206,-198
113900173,31,572,-541
113900174,330,775,-445
113900175,126,38,88
113900176,96,659,-563
113900177,150,102,48
113900178,109,78,31
113900179,11,585,-574
113900180,69,75,-6
113900181,178,36,142
113900182,277,854,-577
113900183,16,47,-31
113900184,12,500,-488
113900185,98,63,35
113900186,8,20,-12
113900187,22,142,-120
113900188,25,105,-80
113900189,104,48,56
113900190,237,81,156
113900191,50,166,-116
113900192,3,172,-169
113900193,21,237,-216
113900194,1572,750,822
113900195,333,381,-48
113900196,2,126,-124
113900197,4,319,-315
113900198,11,149,-138
113900199,147,522,-375
113900200,5,211,-206
113900201,3,232,-229
113900202,15,168,-153
113900203,1,236,-235
113900204,13,529,-516
113900205,6,95,-89
113900206,1,87,-86
113900207,0,65,-65
113900208,0,62,-62
113900209,1,65,-64
113900210,359,248,111
113900211,92,31,61
113900212,75,452,-377
113900214,319,219,100
113900215,9,129,-120
113900216,13,1343,-1330
113900217,8,325,-317
113900218,35,9,26
113900219,47,410,-363
113900220,64,40,24
113900221,245,86,159
113900222,193,152,41
113900223,32,1139,-1107
113900224,96,61,35
113900225,668,124,544
113900226,201,79,122
113900227,228,86,142
113900228,207,238,-31
113900229,29,407,-378
113900230,3611,734,2877
113900231,85,170,-85
113900232,27,71,-44
113900233,21,50,-29
113900234,85,320,-235
113900235,9,26,-17
113900236,20,228,-208
113900237,50,1,49
113900238,98,226,-128
113900239,36,22,14
113900240,2,45,-43
113900241,60,43,17
113900242,45,106,-61
113900243,64,349,-285
113900244,367,119,248
113900245,998,113,885
113900246,18,12,6
113900247,78,96,-18
113900248,3093,534,2559
113900249,803,114,689
113900250,19,92,-73
113900251,209,156,53
113900252,168,6,162
113900253,292,21,271
113900254,182,39,143
113900255,220,7,213
113900256,209,24,185
113900257,19,747,-728
113900258,6,433,-427
113900259,238,209,29
113900260,50,15,35
113900261,11,121,-110
113900262,29,691,-662
113900263,20,364,-344
113900264,4,511,-507
113900265,86,180,-94
113900266,16,209,-193
113900267,93,339,-246
113900268,88,175,-87
113900269,28,90,-62
113900270,171,244,-73
113900271,395,1205,-810
113900273,8,0,8
113900274,10,0,10
113900275,7,38,-31
113900276,1,252,-251
113900277,33,1,32
113900278,212,149,63
113900279,83,77,6
113900280,825,328,497
113900281,170,590,-420
113900282,587,253,334
113900283,198,274,-76
113900284,630,96,534
113900285,54,6,48
113900286,6,135,-129
113900287,6,123,-117
113900288,1,66,-65
113900289,1404,33,1371
113900290,286,40,246
113900291,151,153,-2
113900292,12,0,12
113900293,1,217,-216
113900294,136,5,131
113900295,543,168,375
113900296,2372,241,2131
113900297,354,10,344
113900298,8,1257,-1249
113900299,4,162,-158
113900300,4700,1698,3002
113900301,532,129,403
113900302,2238,510,1728
113900303,500,107,393
113900304,1,145,-144
113900305,30,1,29
113900306,4,0,4
113900307,35,0,35
113900308,55,67,-12
113900309,3,678,-675
113900310,0,14,-14
113900311,0,0,0
113900312,83,67,16
113900313,27,4,23
113900314,9,237,-228
113900315,111,111,0
114000001,821,2746,-1925
114000002,80,482,-402
114000003,106,895,-789
114000004,241,390,-149
114000005,176,252,-76
114000006,5066,1676,3390
114000007,497,1221,-724
114000008,1828,722,1106
114000009,134,115,19
114000011,1564,2762,-1198
114000012,922,2541,-1619
114000013,629,1853,-1224
114000014,372,458,-86
114000015,502,534,-32
114000016,277,419,-142
114000017,62,272,-210
114000018,255,63,192
114000026,465,1625,-1160
114000027,945,1783,-838
114000028,1094,1439,-345
114000038,58,144,-86
114000039,45,211,-166
114000040,71,192,-121
114000042,33,217,-184
114000043,42,261,-219
114000044,89,218,-129
114000045,63,156,-93
114000046,2830,4120,-1290
114000047,10,71,-61
114000048,48,114,-66
114000049,1364,895,469
114000050,2100,890,1210
114000051,5188,1228,3960
114000052,2933,819,2114
114000053,43,391,-348
114000054,40,1256,-1216
114000055,138,20,118
114000056,817,458,359
114000057,7433,1907,5526
114000058,262,290,-28
114000059,162,151,11
114000060,353,877,-524
114000061,3519,973,2546
114000062,1417,377,1040
114000063,3927,1366,2561
114000064,7163,1715,5448
114000065,1744,1778,-34
114000066,178,459,-281
114000067,32,268,-236
114000068,495,341,154
114000069,634,240,394
114000070,2410,976,1434
114000071,309,504,-195
114000072,93,299,-206
114000073,1,115,-114
114000074,5,13,-8
114000075,30,167,-137
114000076,8,147,-139
114000077,5,55,-50
114000078,77,1161,-1084
114000079,48,20,28
114000080,79,89,-10
114000081,33,73,-40
114000082,63,601,-538
114000083,15,317,-302
114000084,48,74,-26
114000085,85,830,-745
114000086,74,672,-598
114000087,10,279,-269
114000088,12,87,-75
114000089,1347,523,824
114000090,590,302,288
114000091,1470,285,1185
114000092,927,219,708
114000093,727,550,177
114000094,260,443,-183
114000095,61,44,17
114000096,75,498,-423
114000097,77,1044,-967
114000098,122,36,86
114000099,85,993,-908
114000100,294,649,-355
114000101,140,1507,-1367
114000102,103,193,-90
114000103,64,520,-456
114000104,3,376,-373
114000105,15,62,-47
114000106,617,215,402
114000107,57,107,-50
114000108,2432,1252,1180
114000109,132,390,-258
114000110,313,1865,-1552
114000111,360,216,144
114000112,170,2498,-2328
114000113,395,219,176
114000114,899,2004,-1105
114000115,870,302,568
114000116,176,368,-192
114000117,632,249,383
114000118,587,191,396
114000119,405,135,270
114000120,458,850,-392
114000121,300,459,-159
114000122,217,222,-5
114000123,361,141,220
114000124,107,172,-65
114000125,523,1620,-1097
114000126,375,119,256
114000127,41,91,-50
114000128,348,365,-17
114000130,215,244,-29
114000131,63,25,38
114000132,556,888,-332
114000133,1272,1481,-209
114000134,36,222,-186
114000138,40,202,-162
114000139,644,77,567
114000144,386,189,197
114000145,27,218,-191
114000146,47,399,-352
114000147,596,517,79
114000148,1821,585,1236
114000149,290,80,210
114000150,2129,727,1402
114000151,1196,634,562
114000152,185,17,168
114000153,1466,1220,246
114000154,976,692,284
114000155,1265,1074,191
114000156,902,314,588
114000157,263,519,-256
114000158,2185,565,1620
114000159,302,328,-26
114000160,196,198,-2
114000161,1849,672,1177
114000162,870,444,426
114000163,6,132,-126
114000165,245,80,165
114000166,687,102,585
114000167,4726,1055,3671
114000168,821,616,205
114000169,1598,300,1298
114000170,716,297,419
114000171,419,700,-281
114000174,176,405,-229
114000176,683,326,357
114000177,1608,709,899
114000178,45,66,-21
114000179,961,417,544
114000180,217,500,-283
114000181,1043,1383,-340
114000182,4905,1796,3109
114000183,843,863,-20
114000184,6124,1571,4553
114000185,465,655,-190
114000189,130,25,105
114000190,658,54,604
114000191,14,24,-10
114000192,278,1546,-1268
114000193,756,2754,-1998
114000194,645,1070,-425
114000195,16,3,13
114000196,9,266,-257
114000197,325,42,283
114000198,878,324,554
114000199,1381,813,568
114000200,472,2362,-1890
114000201,48,1025,-977
114000202,586,714,-128
114000203,364,986,-622
114000204,65,322,-257
114000205,220,1882,-1662
114000206,221,1098,-877
114000207,473,1984,-1511
114000208,334,2955,-2621
114000209,448,3361,-2913
114000210,283,1748,-1465
114000211,527,1288,-761
114000212,395,575,-180
114000213,663,458,205
114000214,31,211,-180
114000215,53,63,-10
114000216,264,110,154
114000217,40,221,-181
114000218,102,272,-170
114000219,300,186,114
114000220,12,1365,-1353
114000221,220,62,158
114000222,89,1235,-1146
114000223,184,24,160
114000224,82,674,-592
114000225,52,488,-436
114000226,20,192,-172
114000227,642,415,227
114000228,286,930,-644
114000229,291,1090,-799
114000230,741,1375,-634
114000231,293,1063,-770
114000232,201,71,130
114000233,753,100,653
114000234,577,939,-362
114000235,380,1292,-912
114000236,1,457,-456
114000237,38,1177,-1139
114000238,23,121,-98
114000239,94,1459,-1365
114000240,344,491,-147
114000241,188,1050,-862
114000242,713,839,-126
114000243,440,585,-145
114000244,250,239,11
114000245,220,509,-289
114000246,77,47,30
114000247,278,597,-319
114000248,414,382,32
114000249,309,419,-110
114000250,107,469,-362
114000251,55,255,-200
114000252,36,119,-83
114000253,28,271,-243
114000254,5,68,-63
114000255,333,133,200
114000256,1082,239,843
114000257,648,2272,-1624
114000258,68,460,-392
114000259,43,258,-215
114000260,0,19,-19
114000261,20,13,7
114000262,25,193,-168
114000263,0,0,0
114000264,204,561,-357
114000265,0,1,-1
114000267,1,968,-967
114000268,6,1968,-1962
114000270,63,1,62
114000271,191,67,124
114000283,391,387,4
114000285,35,340,-305
114000288,33,378,-345
114000289,761,141,620
114000293,45,287,-242
114000294,176,392,-216
114000395,549,51,498
114000396,106,192,-86
114000402,166,309,-143
114000403,123,529,-406
114000405,83,754,-671
114000423,52,605,-553
114000424,183,183,0
114000425,151,648,-497
114000426,159,271,-112
114000427,36,143,-107
114000428,347,53,294
114000429,7,185,-178
114000432,43,135,-92
114000434,20,111,-91
114000435,0,165,-165
114900001,175,1446,-1271
114900002,173,38,135
114900003,108,2135,-2027
114900004,82,70,12
114900005,124,909,-785
114900006,10,15,-5
114900007,40,3,37
114900008,54,29,25
114900010,2661,1712,949
114900011,22,39,-17
114900013,46,57,-11
114900015,5,61,-56
114900018,532,77,455
114900020,29,28,1
114900022,14,704,-690
114900024,34,49,-15
114900025,166,203,-37
114900026,24,27,-3
114900027,68,99,-31
114900029,63,29,34
114900030,104,170,-66
114900031,66,47,19
114900032,52,31,21
114900033,508,68,440
114900034,30,300,-270
114900035,110,182,-72
114900036,168,1116,-948
114900037,31,116,-85
114900038,59,533,-474
114900039,476,804,-328
114900040,28,212,-184
114900041,193,767,-574
114900042,268,957,-689
114900043,327,113,214
114900044,44,8,36
114900046,21,77,-56
114900047,101,815,-714
114900048,18,315,-297
114900049,27,407,-380
114900050,19,678,-659
114900051,6,525,-519
114900052,55,142,-87
114900053,37,196,-159
114900054,36,152,-116
114900057,111,1,110
114900058,2,82,-80
114900059,24,16,8
114900060,760,100,660
114900061,31,85,-54
114900062,151,105,46
114900063,33,315,-282
114900064,261,797,-536
114900065,82,611,-529
114900067,16,383,-367
114900068,39,328,-289
114900069,196,191,5
114900070,105,542,-437
114900072,5,241,-236
114900073,2,187,-185
114900074,93,1027,-934
114900075,48,0,48
114900076,3,305,-302
114900080,2547,319,2228
114900082,3376,1273,2103
114900083,262,644,-382
114900090,74,62,12
114900091,119,174,-55
114900095,165,66,99
114900096,280,214,66
114900097,55,1,54
114900098,5,222,-217
114900099,69,1,68
115000001,8283,6584,1699
115000002,1949,2418,-469
115000003,3119,4709,-1590
115000004,1296,3184,-1888
115000005,851,2863,-2012
115000006,307,967,-660
115000007,72,64,8
115000008,261,376,-115
115000009,77,329,-252
115000010,183,130,53
115000013,68,87,-19
115000015,107,132,-25
115000016,44,132,-88
115000019,15,256,-241
115000020,127,143,-16
115000021,163,413,-250
115000022,242,307,-65
115000023,253,206,47
115000024,590,464,126
115000025,427,250,177
115000026,99,298,-199
115000027,106,150,-44
115000028,58,396,-338
115000029,116,92,24
115000030,110,577,-467
115000031,385,109,276
115000032,4,264,-260
115000033,63,10,53
115000034,87,732,-645
115000035,436,16,420
115000036,0,339,-339
115000037,90,1,89
115000038,31,171,-140
115000039,2491,1429,1062
115000040,5752,2405,3347
115000041,710,1506,-796
115000042,540,428,112
115000043,2093,1810,283
115000044,2703,3996,-1293
115000045,1331,2653,-1322
115000046,867,1767,-900
115000047,849,1563,-714
115000048,946,3051,-2105
115000049,1047,2567,-1520
115000050,1403,1188,215
115000051,1754,862,892
115000052,2968,1602,1366
115000053,1034,688,346
115000054,870,1236,-366
115000055,26,304,-278
115000056,108,188,-80
115000057,180,452,-272
115000058,256,88,168
115000059,84,379,-295
115000061,96,69,27
115000062,65,253,-188
115000063,48,383,-335
115000064,88,125,-37
115000065,8,147,-139
115000067,115,17,98
115000069,37,195,-158
115000070,12,340,-328
115000071,59,1,58
115000072,12,41,-29
115000073,903,25,878
115000075,7,62,-55
115000076,2707,3163,-456
115000077,766,3787,-3021
115000078,299,1886,-1587
115000079,515,2401,-1886
115000080,986,2953,-1967
115000081,265,860,-595
115000082,1728,2015,-287
115000083,1232,3245,-2013
115000084,521,777,-256
115000085,225,1063,-838
115000086,283,956,-673
115000087,410,1353,-943
115000088,901,480,421
115000089,1349,1384,-35
115000090,700,389,311
115000091,251,1230,-979
115000092,216,223,-7
115000093,254,0,254
115000094,6300,3185,3115
115000095,5249,2894,2355
115000096,436,2038,-1602
115000097,234,624,-390
115000098,259,852,-593
115000099,782,2878,-2096
115000100,338,344,-6
115000101,236,1471,-1235
115000102,204,113,91
115000103,311,924,-613
115000105,37,213,-176
115000106,150,134,16
115000107,105,631,-526
115000108,3258,2590,668
115000109,4307,1333,2974
115000110,864,509,355
115000111,529,1131,-602
115000112,321,242,79
115000113,584,677,-93
115000114,1196,679,517
115000116,2105,758,1347
115000117,2794,1076,1718
115000118,1523,870,653
115000119,1707,1170,537
115000120,584,429,155
115000121,1577,506,1071
115000122,2902,455,2447
115000123,1329,736,593
115000124,540,407,133
115000125,240,428,-188
115000126,97,162,-65
115000127,227,62,165
115000128,802,490,312
115000129,244,111,133
115000130,152,993,-841
115000131,207,320,-113
115000132,51,418,-367
115000133,139,352,-213
115000134,39,186,-147
115000135,42,202,-160
115000136,122,188,-66
115000137,48,150,-102
115000138,90,181,-91
115000139,116,275,-159
115000140,55,125,-70
115000141,119,310,-191
115000142,34,343,-309
115000143,154,419,-265
115000144,219,62,157
115000145,97,563,-466
115000146,108,167,-59
115000147,238,513,-275
115000148,188,1484,-1296
115000149,226,154,72
115000150,363,1656,-1293
115000151,296,323,-27
115000152,375,2050,-1675
115000153,204,274,-70
115000154,265,278,-13
115000155,286,1275,-989
115000156,542,365,177
115000157,631,774,-143
115000158,439,214,225
115000159,456,204,252
115000160,381,146,235
115000161,121,447,-326
115000162,424,322,102
115000163,483,441,42
115000164,388,426,-38
115000165,214,234,-20
115000167,61,80,-19
115000168,420,227,193
115000169,312,333,-21
115000170,79,105,-26
115000171,223,164,59
115000172,1612,393,1219
115000173,180,154,26
115000174,42,123,-81
115000175,59,114,-55
115000176,61,39,22
115000177,32,89,-57
115000178,9,265,-256
115000179,7,17,-10
115000180,42,561,-519
115000181,160,69,91
115000182,277,244,33
115000183,104,907,-803
115000186,351,209,142
115000187,67,581,-514
115000188,380,271,109
115000189,162,312,-150
115000190,493,242,251
115000191,134,265,-131
115000194,132,73,59
115000195,295,153,142
115000196,74,119,-45
115000197,69,407,-338
115000198,58,209,-151
115000199,62,301,-239
115000200,178,124,54
115000201,43,392,-349
115000206,99,20,79
115000207,14,228,-214
115000208,403,564,-161
115000209,222,100,122
115000210,63,73,-10
115000211,122,134,-12
115000212,1062,191,871
115000224,59,36,23
115000225,37,45,-8
115000229,184,92,92
115000230,39,346,-307
115000231,250,2299,-2049
115000232,476,282,194
115000233,22,188,-166
115000234,18,204,-186
115000241,30,229,-199
115000242,36,247,-211
115000243,14,240,-226
115000244,10,91,-81
115000246,7,13,-6
115000247,22,5,17
115000248,8,1,7
115000249,28,2,26
115000250,88,23,65
115000251,68,127,-59
115000252,7,183,-176
115000253,6,145,-139
115000258,92,164,-72
115000259,143,98,45
115000261,8,20,-12
115000262,2,35,-33
115000263,0,31,-31
115000264,23,22,1
115000267,26,51,-25
115000268,11,70,-59
115000269,55,42,13
115000270,0,27,-27
115000272,8,119,-111
115000273,101,11,90
115000280,2499,42,2457
115000281,662,69,593
115000282,532,223,309
115000284,283,83,200
115000296,237,5,232
115000297,117,15,102
115000298,100,40,60
115000300,73,143,-70
115000302,112,130,-18
115000303,167,61,106
115000304,198,90,108
115000305,32,1098,-1066
115000306,57,648,-591
115000307,14,301,-287
115000308,51,13,38
115000309,6,2,4
115000310,390,1268,-878
115000311,202,1102,-900
115000313,110,697,-587
115000314,69,61,8
115000315,1119,218,901
115000316,14,42,-28
115000317,94,460,-366
115000318,318,126,192
115000319,9,229,-220
115000320,2,61,-59
115000321,135,6,129
115000322,25,215,-190
115000449,240,102,138
115000557,0,318,-318
115000558,145,49,96
115000587,200,220,-20
115000588,1725,3899,-2174
115000589,1871,2227,-356
115000590,512,1281,-769
115000591,933,505,428
115000592,496,1121,-625
115000593,1167,287,880
115000594,679,1087,-408
115000609,147,129,18
115000617,1189,708,481
115000624,68,85,-17
115000633,240,1419,-1179
115000634,1638,423,1215
115000635,128,83,45
115000638,1307,704,603
115000641,83,67,16
115000642,348,153,195
115000643,53,427,-374
115000644,97,376,-279
115000646,557,653,-96
115000647,57,364,-307
115000648,439,1437,-998
115000893,3422,623,2799
115000894,29,1054,-1025
115000895,195,825,-630
115000896,621,206,415
115000897,340,53,287
115000898,713,154,559
115000899,835,660,175
115000900,60,280,-220
115000901,71,68,3
115000912,121,39,82
115000913,0,37,-37
115000915,1,0,1
115000916,0,0,0
115000917,0,0,0
115000918,78,75,3
115000919,24,5,19
115000920,10,10,0
115000921,1208,36,1172
115000922,817,255,562
115000923,400,644,-244
115000925,24,42,-18
115000927,6,28,-22
115000933,246,97,149
115000934,27,217,-190
115000935,13,78,-65
115000936,36,99,-63
115000937,1166,120,1046
115000938,129,83,46
115000939,251,100,151
115000940,2,1,1
115000941,0,3,-3
115000942,19,32,-13
115000943,63,5,58
115000944,4,6,-2
115900001,8,94,-86
115900002,98,125,-27
115900003,60,90,-30
115900004,0,30,-30
115900005,26,1,25
115900006,33,418,-385
115900008,8,7,1
115900009,24,227,-203
115900010,59,172,-113
115900011,124,280,-156
115900012,13,123,-110
115900013,334,122,212
115900014,60,135,-75
115900015,10,151,-141
115900016,37,14,23
115900017,1,0,1
115900018,142,86,56
115900019,45,20,25
115900020,6,0,6
115900021,1543,57,1486
115900022,2345,7,2338
115900023,6,0,6
115900025,53,75,-22
115900026,771,366,405
115900027,2,458,-456
115900028,415,32,383
115900029,6,430,-424
115900030,3,6,-3
115900031,225,78,147
115900032,203,497,-294
115900033,1,28,-27
115900034,5,467,-462
115900035,12,38,-26
115900036,142,128,14
115900037,14,474,-460
115900038,3,3,0
115900039,39,283,-244
115900041,157,158,-1
115900042,3,2,1
115900043,12,133,-121
115900044,124,142,-18
115900046,70,220,-150
115900047,13,16,-3
115900049,52,196,-144
115900051,0,71,-71
115900052,22,336,-314
115900053,44,273,-229
115900054,28,33,-5
115900055,8,223,-215
115900056,60,369,-309
115900057,2,2,0
115900058,26,95,-69
115900060,15,88,-73
115900061,48,0,48
115900062,5,366,-361
115900063,48,11,37
115900064,136,201,-65
115900065,27,115,-88
115900066,175,184,-9
115900067,1,849,-848
115900068,3699,68,3631
115900069,18,159,-141
115900070,56,281,-225
115900071,1,689,-688
115900072,58,204,-146
115900073,10,14,-4
115900074,2,380,-378
115900075,35,321,-286
115900076,0,82,-82
115900077,6,322,-316
115900078,29,125,-96
115900079,32,4,28
115900080,281,127,154
115900081,7,77,-70
115900082,190,148,42
115900084,48,11,37
115900085,24,31,-7
115900086,1224,291,933
115900088,4,10,-6
115900089,54,826,-772
115900090,41,20,21
115900091,0,16,-16
115900092,11,232,-221
115900093,2,28,-26
115900094,4,438,-434
115900096,1,13,-12
115900097,13,575,-562
115900098,34,395,-361
115900099,5,102,-97
115900100,5,514,-509
115900101,33,307,-274
115900102,4,61,-57
115900103,72,179,-107
115900104,14,154,-140
115900105,38,700,-662
115900106,21,12,9
115900107,12,184,-172
115900108,24,17,7
115900109,13,434,-421
115900110,0,1,-1
115900111,1,59,-58
115900112,12,748,-736
115900113,5,13,-8
115900114,3,125,-122
115900115,15,105,-90
115900116,35,923,-888
115900117,6,2,4
115900118,2,378,-376
115900119,38,93,-55
115900120,9,253,-244
115900121,40,168,-128
115900124,116,127,-11
115900125,89,18,71
115900126,143,22,121
115900127,176,14,162
115900128,6,86,-80
115900129,318,16,302
115900130,19,194,-175
115900131,24,18,6
115900132,71,7,64
115900134,58,30,28
115900135,560,372,188
115900137,2,0,2
115900139,51,14,37
115900140,47,1,46
115900141,1,12,-11
115900142,5,3,2
115900143,64,145,-81
115900144,37,120,-83
115900146,1,134,-133
115900147,95,168,-73
115900148,0,10,-10
115900149,4,23,-19
115900150,16,66,-50
115900151,2,40,-38
115900152,14,277,-263
115900153,5,171,-166
115900154,256,243,13
115900155,1,68,-67
115900156,265,625,-360
115900157,57,381,-324
115900158,17,12,5
115900159,17,245,-228
115900160,9,1,8
115900161,11,127,-116
115900163,85,112,-27
115900164,80,16,64
115900166,132,174,-42
115900168,13,127,-114
115900171,36,205,-169
115900172,9,112,-103
115900173,76,177,-101
115900174,209,225,-16
115900175,28,94,-66
115900178,3,666,-663
115900179,32,13,19
115900180,11,277,-266
115900181,68,342,-274
115900182,120,289,-169
115900183,35,5,30
115900184,974,23,951
115900187,6,110,-104
115900189,1,48,-47
115900190,290,236,54
115900191,51,586,-535
115900192,5,34,-29
115900193,51,10,41
115900194,109,11,98
115900195,330,336,-6
115900198,159,186,-27
115900199,120,188,-68
115900200,387,234,153
115900201,123,177,-54
115900202,2,8,-6
115900203,1,1,0
115900204,0,0,0
115900205,22,2,20
115900206,31,119,-88
115900207,4,9,-5
115900208,46,293,-247
115900209,0,108,-108
115900210,1,118,-117
115900211,1,187,-186
115900212,53,247,-194
115900213,11,10,1
115900214,78,296,-218
115900215,5,11,-6
115900216,2,59,-57
115900217,0,51,-51
115900218,1,40,-39
115900219,13,0,13
115900220,14,2,12
115900221,5,5,0
115900222,3,7,-4
115900223,5,22,-17
115900224,1297,122,1175
115900225,86,12,74
115900226,4,18,-14
115900227,10,33,-23
115900228,0,15,-15
115900229,6,30,-24
115900230,23,52,-29
115900231,22,0,22
115900232,6,0,6
115900233,17,1,16
115900234,11,7,4
115900235,1,4,-3
115900236,4,12,-8
115900237,0,40,-40
115900238,1,10,-9
115900239,1,19,-18
115900240,3,47,-44
115900241,27,51,-24
115900242,92,99,-7
115900243,3,5,-2
115900244,5,6,-1
115900245,5,11,-6
115900246,0,1,-1
115900247,22,1,21
115900248,7,2,5
115900249,1,2,-1
115900250,2,11,-9
115900251,0,1,-1
115900252,0,4,-4
115900253,3,12,-9
115900254,5,20,-15
115900255,7,4,3
115900256,19,5,14
115900257,0,1,-1
115900258,0,0,0
115900259,1,4,-3
115900260,7,2,5
115900261,2,2,0
115900262,0,0,0
115900263,2,3,-1
115900264,0,8,-8
115900265,0,1,-1
115900266,1,1,0
115900267,0,1,-1
115900268,1,1,0
115900269,111,310,-199
115900270,81,771,-690
115900271,14,0,14
115900272,1,0,1
115900273,3,1,2
115900274,4,10,-6
115900275,1,33,-32
115900276,0,62,-62
115900277,0,120,-120
115900278,6,89,-83
115900279,3,92,-89
115900280,11,105,-94
115900281,481,101,380
115900282,6,2,4
115900283,2,1,1
115900284,2,5,-3
116000001,17269,4445,12824
116000002,2420,2618,-198
116000003,1230,1675,-445
116000004,898,1039,-141
116000005,1674,2495,-821
116000006,958,674,284
116000007,2881,3658,-777
116000008,2009,1193,816
116000009,1297,2436,-1139
116000010,674,584,90
116000011,572,1699,-1127
116000012,362,383,-21
116000013,14346,3824,10522
116000014,18961,3303,15658
116000015,341,371,-30
116000016,7225,843,6382
116000017,29,239,-210
116000018,570,268,302
116000019,226,170,56
116000020,311,1036,-725
116000021,79,192,-113
116000022,173,455,-282
116000023,341,296,45
116000024,530,1218,-688
116000025,356,277,79
116000026,969,1772,-803
116000027,185,299,-114
116000028,213,356,-143
116000029,789,449,340
116000030,201,167,34
116000031,101,148,-47
116000032,66,178,-112
116000033,118,409,-291
116000034,229,662,-433
116000035,93,433,-340
116000036,1566,221,1345
116000037,413,218,195
116000038,435,157,278
116000039,443,220,223
116000040,467,117,350
116000041,166,437,-271
116000042,213,159,54
116000043,43,459,-416
116000044,11,93,-82
116000045,805,588,217
116000046,667,688,-21
116000047,1145,1309,-164
116000048,1121,957,164
116000049,479,1141,-662
116000050,775,1217,-442
116000051,1310,1021,289
116000052,1595,2585,-990
116000053,687,789,-102
116000054,346,2156,-1810
116000055,155,1357,-1202
116000056,278,679,-401
116000057,1942,2018,-76
116000058,1935,1446,489
116000059,1426,1975,-549
116000060,2261,572,1689
116000061,451,748,-297
116000062,378,200,178
116000063,265,998,-733
116000066,95,174,-79
116000067,223,618,-395
116000068,79,75,4
116000069,213,462,-249
116000078,111,686,-575
116000080,578,904,-326
116000082,2,109,-107
116000083,729,300,429
116000084,1607,3493,-1886
116000085,1296,585,711
116000086,1904,1469,435
116000087,744,574,170
116000088,618,1087,-469
116000089,74,33,41
116000090,126,138,-12
116000091,82,65,17
116000093,549,328,221
116000094,229,578,-349
116000095,295,357,-62
116000096,301,869,-568
116000097,235,585,-350
116000098,158,2262,-2104
116000099,6633,310,6323
116000100,38,9,29
116000101,224,1379,-1155
116000102,98,1143,-1045
116000103,224,166,58
116000104,67,1418,-1351
116000105,369,171,198
116000106,144,1104,-960
116000107,604,496,108
116000108,16,128,-112
116000111,36,17,19
116000113,75,24,51
116000114,19,149,-130
116000115,86,65,21
116000116,143,513,-370
116000117,587,1326,-739
116000118,650,1323,-673
116000119,952,1100,-148
116000120,1566,4210,-2644
116000121,397,277,120
116000122,913,2246,-1333
116000123,163,228,-65
116000124,153,1046,-893
116000125,711,379,332
116000126,170,1259,-1089
116000127,600,1339,-739
116000128,649,443,206
116000129,246,177,69
116000130,91,128,-37
116000133,241,726,-485
116000134,714,2707,-1993
116000135,691,1164,-473
116000136,537,2182,-1645
116000137,241,484,-243
116000138,1044,313,731
116000139,1031,1826,-795
116000140,53,167,-114
116000141,203,985,-782
116000142,3257,3244,13
116000143,1548,1061,487
116000144,844,2795,-1951
116000145,1018,1333,-315
116000146,153,369,-216
116000147,88,63,25
116000148,155,315,-160
116000149,213,368,-155
116000151,279,756,-477
116000153,35,272,-237
116000155,115,150,-35
116000156,683,696,-13
116000157,32,20,12
116000158,83,378,-295
116000159,4,4,0
116000160,30,123,-93
116000161,5,70,-65
116000162,35,16,19
116000163,6,7,-1
116000164,1,10,-9
116000177,20,71,-51
116000194,35,295,-260
116000195,725,563,162
116000196,1,2,-1
116000197,2,2,0
116000198,1234,626,608
116000200,538,198,340
116000201,351,547,-196
116000202,7,260,-253
116000203,3,76,-73
116000204,9,39,-30
116000205,1,133,-132
116000206,0,68,-68
116000207,7,52,-45
116000233,93,711,-618
116000287,40,528,-488
116000288,43,211,-168
116000292,0,0,0
116000296,6,157,-151
116000297,51,25,26
116000304,13,60,-47
116000305,13,83,-70
116000346,23,199,-176
116000352,28,109,-81
116000354,18,19,-1
116000357,7,4,3
116000358,75,16,59
116000361,570,2,568
116000372,8783,1380,7403
116000381,30,0,30
116000388,1,38,-37
116000389,282,440,-158
116000445,85,811,-726
116000446,109,941,-832
116000447,4,320,-316
116000448,426,172,254
116000563,497,286,211
116000565,42,389,-347
116000568,29,86,-57
116000579,15,106,-91
116000583,40,92,-52
116000584,5,14,-9
116000585,12,18,-6
116000586,207,47,160
116000587,89,403,-314
116000589,36,84,-48
116000590,30,94,-64
116000591,45,215,-170
116000592,8,149,-141
116000593,0,38,-38
116000594,128,524,-396
116000595,226,168,58
116000596,6,4,2
116000597,106,49,57
116000598,18,220,-202
116000605,102,100,2
116000606,7,141,-134
116000607,2,140,-138
116000609,96,317,-221
116000611,21,508,-487
116000612,378,1508,-1130
116000613,93,264,-171
116000614,291,735,-444
116000615,1,82,-81
116000616,9,156,-147
116000617,26,156,-130
116000618,1,244,-243
116000619,6,35,-29
116000620,6,23,-17
116000621,17,41,-24
116000622,15,97,-82
116000624,28,76,-48
116000627,22,107,-85
116000628,30,1005,-975
116000629,21,464,-443
116000630,93,28,65
116000631,68,35,33
116000632,133,49,84
116000633,38,427,-389
116000634,95,309,-214
116000635,1957,849,1108
116000636,724,615,109
116000637,93,126,-33
116000638,58,552,-494
116000639,4,1,3
116000640,2,8,-6
116000641,13,31,-18
116000643,0,53,-53
116000644,6,1248,-1242
116000645,3,18,-15
116900001,50,130,-80
116900002,206,2,204
116900003,2,66,-64
116900004,7,20,-13
116900005,69,45,24
116900006,105,110,-5
116900007,65,142,-77
116900008,84,455,-371
116900009,4,2,2
116900010,2,1786,-1784
116900011,30,37,-7
116900012,48,151,-103
116900013,4,119,-115
116900014,21,348,-327
116900016,31,0,31
116900017,3,679,-676
116900018,19,16,3
116900019,5,357,-352
116900020,1111,86,1025
116900023,24,8,16
116900025,222,874,-652
116900026,102,552,-450
116900027,4,34,-30
116900028,2,78,-76
116900029,164,120,44
116900031,0,3,-3
116900032,2,316,-314
116900033,4,5,-1
116900034,3,53,-50
116900035,40,133,-93
116900036,5,72,-67
116900038,3,1,2
116900041,9,3,6
116900042,842,132,710
116900043,19,39,-20
116900047,54,22,32
116900049,32,213,-181
116900050,56,265,-209
116900051,8,229,-221
116900052,107,42,65
116900055,0,1,-1
116900057,5,221,-216
116900058,19,319,-300
116900059,0,110,-110
116900060,74,184,-110
116900062,1,2,-1
116900064,19,930,-911
116900065,8,44,-36
116900067,26,85,-59
116900068,67,480,-413
116900070,0,3,-3
116900072,11,397,-386
116900073,9,174,-165
116900074,0,23,-23
116900076,5,27,-22
116900077,6,109,-103
116900078,209,72,137
116900079,11,266,-255
116900080,7,19,-12
116900081,115,958,-843
116900082,92,1115,-1023
116900083,30,53,-23
116900084,131,37,94
116900085,1,33,-32
116900086,11,159,-148
116900088,177,33,144
116900090,105,37,68
116900091,40,76,-36
116900092,32,632,-600
116900093,1351,1045,306
116900094,5931,1262,4669
116900095,54,153,-99
116900096,31,38,-7
116900097,2404,727,1677
116900098,776,74,702
116900099,309,153,156
116900100,169,3,166
116900101,256,604,-348
116900103,1,2,-1
116900104,21,59,-38
116900105,58,17,41
116900106,369,185,184
116900107,3415,654,2761
116900110,5,0,5
116900111,111,1046,-935
116900112,100,691,-591
116900113,2309,589,1720
116900116,61,99,-38
116900117,11,58,-47
116900118,977,386,591
116900120,68,74,-6
116900121,14,23,-9
116900122,120,867,-747
116900123,30,788,-758
116900124,50,625,-575
116900125,58,166,-108
116900126,150,322,-172
116900128,0,27,-27
116900129,0,300,-300
116900130,823,1628,-805
116900131,9,61,-52
116900132,9,54,-45
116900133,19,71,-52
116900134,68,147,-79
116900136,34,156,-122
116900137,92,135,-43
116900138,45,163,-118
116900139,31,305,-274
116900140,87,163,-76
116900141,242,243,-1
116900142,0,6,-6
116900143,75,429,-354
116900144,0,0,0
116900145,27,339,-312
116900147,473,203,270
116900148,5,35,-30
116900149,11,69,-58
116900150,0,0,0
116900151,50,11,39
116900153,24,37,-13
116900154,234,95,139
116900155,21,36,-15
116900157,84,213,-129
116900158,29,34,-5
116900159,49,137,-88
116900160,257,137,120
116900161,7824,1974,5850
116900162,8,155,-147
116900163,20,105,-85
116900164,7,22,-15
116900165,35,49,-14
116900166,7,107,-100
116900167,76,50,26
116900168,39,64,-25
116900169,374,69,305
116900170,50,162,-112
116900171,12,208,-196
116900172,110,55,55
116900173,20,26,-6
116900174,21,49,-28
116900175,65,37,28
116900178,6,152,-146
116900179,48,31,17
116900180,26,23,3
116900182,123,165,-42
116900183,22,50,-28
116900185,12,8,4
116900186,51,272,-221
116900187,5,3,2
116900188,31,4,27
116900189,11,1,10
116900191,172,217,-45
116900192,96,104,-8
116900194,34,219,-185
116900195,24,6,18
116900196,17,96,-79
116900197,18,0,18
116900198,205,117,88
116900200,1,22,-21
116900201,14,5,9
116900202,61,51,10
116900203,21,0,21
116900204,22,43,-21
116900206,7,32,-25
116900207,4,9,-5
116900208,4,76,-72
116900209,8,107,-99
116900210,150,139,11
116900211,134,14,120
116900212,1,70,-69
116900213,97,137,-40
116900214,29,95,-66
116900215,8,59,-51
116900216,89,281,-192
116900218,115,464,-349
116900219,490,365,125
116900220,50,158,-108
116900221,25,181,-156
116900222,248,248,0
116900223,64,119,-55
116900226,5,64,-59
116900227,55,57,-2
116900228,72,237,-165
116900230,22,809,-787
116900233,102,138,-36
116900234,4,0,4
116900235,68,245,-177
116900238,1003,199,804
116900239,25,338,-313
116900240,4606,1074,3532
116900241,12,143,-131
116900242,1603,150,1453
116900243,2,31,-29
116900245,12,9,3
116900246,9,13,-4
116900247,121,14,107
116900248,11,18,-7
116900249,54,71,-17
116900250,77,31,46
116900251,388,97,291
116900252,18,798,-780
116900254,3,74,-71
116900255,86,12,74
116900256,80,42,38
116900257,8,628,-620
116900258,1,361,-360
116900259,18,3,15
116900260,0,141,-141
116900261,6,1,5
116900262,44,99,-55
116900263,0,4,-4
116900264,3,5,-2
116900265,7,0,7
116900266,2,28,-26
116900267,1,0,1
116900268,5,4,1
116900269,178,457,-279
116900271,1881,35,1846
116900272,325,519,-194
116900273,148,23,125
116900274,74,47,27
116900275,29,117,-88
116900276,344,33,311
116900277,467,10,457
116900278,0,9,-9
116900279,1,18,-17
116900280,4,14,-10
116900281,6046,908,5138
116900282,11,194,-183
116900283,3,106,-103
116900284,6,198,-192
116900285,276,58,218
116900286,100,6,94
116900287,4,73,-69
116900288,5,110,-105
116900289,3,53,-50
116900290,0,29,-29
116900291,1,5,-4
116900292,0,2,-2
116900293,1,81,-80
116900294,11,96,-85
116900295,68,25,43
116900296,34,48,-14
116900297,4,25,-21
116900298,75,31,44
116900299,16,40,-24
116900300,1,115,-114
116900301,18,71,-53
116900302,23,25,-2
116900303,470,20,450
116900304,0,85,-85
116900305,7,17,-10
116900306,25,103,-78
116900307,19,0,19
116900308,3,165,-162
116900309,64,185,-121
117000001,645,762,-117
117000002,1047,3710,-2663
117000003,4030,1884,2146
117000004,3257,4115,-858
117000005,669,1076,-407
117000006,610,3824,-3214
117000007,1519,994,525
117000008,947,3718,-2771
117000009,3187,881,2306
117000010,2315,3263,-948
117000011,774,1072,-298
117000012,780,1830,-1050
117000013,533,891,-358
117000014,458,2251,-1793
117000015,1857,879,978
117000016,272,85,187
117000017,253,88,165
117000018,123,247,-124
117000019,120,18,102
117000020,672,540,132
117000021,2623,382,2241
117000022,306,37,269
117000023,404,120,284
117000024,329,72,257
117000025,690,439,251
117000026,1936,519,1417
117000027,1303,805,498
117000028,669,304,365
117000030,414,535,-121
117000031,342,157,185
117000032,1367,1118,249
117000033,689,646,43
117000034,165,227,-62
117000035,71,157,-86
117000036,163,258,-95
117000037,99,156,-57
117000038,110,275,-165
117000039,142,314,-172
117000040,125,1316,-1191
117000041,416,104,312
117000044,14,1014,-1000
117000045,236,52,184
117000046,266,957,-691
117000047,290,508,-218
117000048,1572,1197,375
117000049,62,245,-183
117000050,64,2561,-2497
117000051,874,147,727
117000052,4,752,-748
117000053,77,64,13
117000054,686,2,684
117000055,150,3318,-3168
117000056,202,6,196
117000057,613,1717,-1104
117000060,241,2206,-1965
117000061,526,421,105
117000062,153,488,-335
117000063,577,470,107
117000064,778,622,156
117000066,885,479,406
117000067,75,273,-198
117000074,158,85,73
117000076,68,43,25
117000077,114,48,66
117000078,59,407,-348
117000079,149,122,27
117000080,3,396,-393
117000081,337,87,250
117000082,11,52,-41
117000083,43,11,32
117000084,173,2,171
117000085,75,328,-253
117000086,788,754,34
117000087,88,347,-259
117000088,200,133,67
117000089,797,230,567
117000090,139,1601,-1462
117000091,247,271,-24
117000092,189,1799,-1610
117000093,337,530,-193
117000094,369,2276,-1907
117000095,841,615,226
117000096,270,2421,-2151
117000097,430,840,-410
117000098,2115,5252,-3137
117000099,934,547,387
117000100,116,122,-6
117000101,225,1275,-1050
117000102,462,351,111
117000103,567,1784,-1217
117000104,454,318,136
117000105,389,2020,-1631
117000106,365,434,-69
117000107,295,2808,-2513
117000108,456,436,20
117000109,1299,2971,-1672
117000110,629,371,258
117000111,1999,3573,-1574
117000112,1372,1469,-97
117000113,48,372,-324
117000114,57,58,-1
117000115,45,209,-164
117000116,37,162,-125
117000117,926,193,733
117000118,128,159,-31
117000119,61,31,30
117000120,72,61,11
117000121,25,181,-156
117000122,355,377,-22
117000123,1021,10,1011
117000124,151,13,138
117000125,258,21,237
117000126,31,52,-21
117000127,121,227,-106
117000128,338,294,44
117000129,436,335,101
117000130,56,1,55
117000131,0,207,-207
117000132,696,37,659
117000133,316,119,197
117000134,1,58,-57
117000135,1,24,-23
117000136,0,53,-53
117000137,16,24,-8
117000138,1,370,-369
117000140,177,1798,-1621
117000141,539,315,224
117000181,775,320,455
117000182,154,67,87
117000195,134,1158,-1024
117000196,68,36,32
117000225,94,1,93
117000226,1,56,-55
117000276,60,9,51
117000277,3,524,-521
117000310,1690,2165,-475
117000315,23,288,-265
117000320,58,0,58
117000906,45,5,40
117000907,10,519,-509
117000909,48,53,-5
117000910,113,68,45
117000911,98,244,-146
117000915,6,595,-589
117000916,2,1,1
117000917,365,10,355
117000918,15,24,-9
117000919,11,119,-108
117000920,2,1596,-1594
117000921,5,2429,-2424
117000922,18,62,-44
117000924,167,452,-285
117000926,1279,48,1231
117000927,505,191,314
117000928,0,234,-234
117000929,152,530,-378
117000930,53,43,10
117000931,215,27,188
117900002,86,301,-215
117900003,636,148,488
117900005,2,3,-1
117900006,0,29,-29
117900007,41,158,-117
117900008,0,36,-36
117900010,67,137,-70
117900011,10,6,4
117900012,15,158,-143
117900013,0,259,-259
117900014,269,298,-29
117900015,13,285,-272
117900016,1000,235,765
117900017,195,592,-397
117900018,160,22,138
117900019,94,539,-445
117900020,65,113,-48
117900021,11,122,-111
117900023,650,49,601
117900024,63,201,-138
117900025,54,23,31
117900026,153,382,-229
117900028,13,1,12
117900029,55,909,-854
117900030,127,121,6
117900031,50,41,9
117900032,281,143,138
117900033,85,999,-914
117900034,11,38,-27
117900035,34,26,8
117900036,57,766,-709
117900037,20,132,-112
117900038,26,429,-403
117900039,5,65,-60
117900040,61,568,-507
117900041,3,60,-57
117900042,3949,306,3643
117900043,8,56,-48
117900044,0,1073,-1073
117900045,68,52,16
117900048,64,263,-199
117900049,63,660,-597
117900050,1,39,-38
117900051,7,3,4
117900052,38,178,-140
117900053,411,584,-173
117900054,0,27,-27
117900055,90,68,22
117900056,118,16,102
117900057,516,1128,-612
117900058,36,5,31
117900059,419,41,378
117900060,435,5036,-4601
117900061,4,58,-54
117900063,42,200,-158
117900065,674,904,-230
117900066,7,47,-40
117900067,148,254,-106
117900069,168,460,-292
117900070,86,3,83
117900071,50,94,-44
117900073,111,315,-204
117900074,119,4,115
117900075,14,62,-48
117900076,17,57,-40
117900077,61,87,-26
117900078,120,227,-107
117900080,73,43,30
117900081,409,325,84
117900082,110,130,-20
117900083,92,687,-595
117900086,43,43,0
117900087,9,35,-26
117900088,2024,1036,988
117900089,547,140,407
117900090,96,728,-632
117900091,98,100,-2
117900092,5,34,-29
117900093,31,69,-38
117900094,1,3,-2
117900095,138,667,-529
117900096,25,181,-156
117900097,32,59,-27
117900098,2,2,0
117900099,23,400,-377
117900100,21,0,21
117900101,295,572,-277
117900102,11,45,-34
117900103,11,0,11
117900104,4,101,-97
117900105,72,125,-53
117900106,20,33,-13
117900107,8,0,8
117900109,188,265,-77
117900110,5,0,5
117900111,109,0,109
117900112,14,8,6
117900113,3000,1164,1836
117900114,3,0,3
117900115,62,19,43
117900116,724,496,228
117900117,187,248,-61
117900118,30,0,30
117900119,41,260,-219
117900120,43,89,-46
117900121,8,16,-8
117900122,733,809,-76
117900123,270,752,-482
117900124,371,401,-30
117900125,709,450,259
117900126,289,419,-130
117900127,167,577,-410
117900128,69,885,-816
117900129,10,0,10
117900130,521,256,265
117900131,0,86,-86
117900132,2,98,-96
117900133,1,176,-175
117900134,30,196,-166
117900135,15,267,-252
117900136,0,51,-51
117900137,16,352,-336
117900138,0,60,-60
117900139,9,121,-112
117900140,4448,119,4329
117900141,121,245,-124
117900142,16,8,8
117900144,54,73,-19
117900145,33,4,29
117900146,64,98,-34
117900147,12,39,-27
117900148,2063,727,1336
117900149,12,140,-128
117900150,15,133,-118
117900151,11,171,-160
117900152,88,119,-31
117900153,27,71,-44
117900154,128,581,-453
117900156,443,452,-9
117900157,49,301,-252
117900158,74,52,22
117900160,178,172,6
117900161,1776,1801,-25
117900162,115,262,-147
117900163,44,11,33
117900165,0,6,-6
117900166,76,94,-18
117900168,75,156,-81
117900169,0,123,-123
117900170,0,29,-29
117900171,0,12,-12
117900172,11,25,-14
117900173,116,21,95
117900174,13,25,-12
117900175,2,22,-20
117900176,8,34,-26
117900177,7,34,-27
117900178,56,29,27
117900180,216,11,205
117900181,70,80,-10
117900182,2,13,-11
117900183,11,103,-92
117900184,2,30,-28
117900185,2,29,-27
117900186,15,11,4
117900187,11,1,10
117900188,127,4,123
117900189,31,6,25
117900190,2,1,1
117900191,26,0,26
117900192,26,0,26
117900193,0,32,-32
117900194,0,12,-12
117900195,4,15,-11
117900196,5,6,-1
117900207,57,32,25
117900208,10,23,-13
117900209,124,156,-32
117900210,150,114,36
117900211,6,117,-111
117900212,44,136,-92
117900213,2,6,-4
117900214,1,34,-33
117900215,1,47,-46
117900216,20,12,8
117900217,34,26,8
117900218,213,75,138
117900219,2,30,-28
117900220,10,60,-50
117900222,171,210,-39
117900223,104,127,-23
118000001,534,259,275
118000002,1162,1323,-161
118000003,952,737,215
118000004,2631,1858,773
118000005,4281,1017,3264
118000006,6849,5201,1648
118000007,5040,1390,3650
118000008,4684,2352,2332
118000009,1623,2241,-618
118000010,1941,3321,-1380
118000011,545,2813,-2268
118000012,667,2815,-2148
118000013,2757,2666,91
118000014,1662,3917,-2255
118000016,198,659,-461
118000017,133,271,-138
118000018,115,657,-542
118000019,1250,984,266
118000020,852,819,33
118000021,594,1208,-614
118000022,1760,493,1267
118000023,969,184,785
118000024,1238,446,792
118000027,13351,3039,10312
118000029,972,420,552
118000032,973,866,107
118000033,1861,1570,291
118000034,3657,1355,2302
118000035,1225,1086,139
118000036,753,830,-77
118000037,347,660,-313
118000038,68,120,-52
118000039,52,417,-365
118000040,1061,2090,-1029
118000041,1223,1201,22
118000045,507,90,417
118000046,1418,447,971
118000047,1321,239,1082
118000048,2761,831,1930
118000051,1971,433,1538
118000052,1341,305,1036
118000053,337,246,91
118000054,3563,889,2674
118000055,2846,1099,1747
118000056,280,173,107
118000057,258,309,-51
118000058,2203,707,1496
118000059,1502,418,1084
118000060,424,672,-248
118000061,356,955,-599
118000062,331,129,202
118000063,200,283,-83
118000064,637,799,-162
118000065,4385,1028,3357
118000066,576,618,-42
118000067,1470,863,607
118000068,1324,1963,-639
118000069,2739,1033,1706
118000070,7584,1178,6406
118000071,3160,2891,269
118000072,1577,783,794
118000073,2152,293,1859
118000074,240,364,-124
118000075,920,266,654
118000076,841,762,79
118000077,1030,841,189
118000078,1422,1759,-337
118000079,232,286,-54
118000080,827,665,162
118000081,1043,1017,26
118000082,234,499,-265
118000083,2196,700,1496
118000084,2161,1272,889
118000086,105,817,-712
118000087,5667,1934,3733
118000088,1817,1442,375
118000089,3468,1955,1513
118000090,2105,1554,551
118000091,1312,1297,15
118000092,1256,297,959
118000093,103,410,-307
118000096,298,396,-98
118000097,368,364,4
118000098,157,177,-20
118000099,137,1019,-882
118000101,391,414,-23
118000102,205,1671,-1466
118000107,2870,289,2581
118000108,316,431,-115
118000110,1,14,-13
118000111,2,775,-773
118000112,52,1,51
118000113,7,1022,-1015
118000114,69,2,67
118000115,6,5,1
118000116,8,0,8
118000117,894,687,207
118000118,526,758,-232
118000119,425,1148,-723
118000120,1051,1236,-185
118000121,38,400,-362
118000122,547,78,469
118000123,49,212,-163
118000125,1239,992,247
118000126,387,1858,-1471
118000127,1106,511,595
118000128,611,937,-326
118000129,989,268,721
118000130,3006,4122,-1116
118000131,827,1154,-327
118000132,1992,1482,510
118000133,327,383,-56
118000135,204,227,-23
118000136,77,412,-335
118000137,386,56,330
118000138,143,766,-623
118000139,105,142,-37
118000140,1499,1931,-432
118000141,1051,1866,-815
118000142,820,2095,-1275
118000143,567,678,-111
118000144,1086,762,324
118000145,726,2891,-2165
118000146,617,1707,-1090
118000147,465,1719,-1254
118000148,196,1226,-1030
118000149,381,1058,-677
118000150,119,204,-85
118000151,96,366,-270
118000153,460,956,-496
118000154,386,1225,-839
118000155,340,1133,-793
118000156,1688,1623,65
118000157,224,352,-128
118000158,152,475,-323
118000159,2,26,-24
118000160,175,405,-230
118000161,211,920,-709
118000162,552,573,-21
118000163,194,442,-248
118000164,1511,918,593
118000168,1386,131,1255
118000169,751,1919,-1168
118000170,3113,6903,-3790
118000171,223,698,-475
118000172,96,287,-191
118000173,431,968,-537
118000175,99,233,-134
118000176,112,276,-164
118000177,114,410,-296
118000178,10,29,-19
118000179,1316,378,938
118000180,550,651,-101
118000181,545,313,232
118000182,165,282,-117
118000183,139,191,-52
118000184,191,1122,-931
118000185,670,564,106
118000186,351,698,-347
118000187,465,1090,-625
118000188,103,220,-117
118000189,133,835,-702
118000190,1,7,-6
118000191,6,21,-15
118000192,166,90,76
118000193,98,191,-93
118000194,1395,888,507
118000195,779,451,328
118000196,242,35,207
118000197,141,58,83
118000198,546,178,368
118000199,475,166,309
118000200,30,135,-105
118000201,275,196,79
118000202,18,24,-6
118000203,1145,166,979
118000204,206,115,91
118000205,341,262,79
118000206,106,131,-25
118000207,0,96,-96
118000208,666,1353,-687
118000209,784,1713,-929
118000210,6,18,-12
118000211,1,16,-15
118000213,626,463,163
118000214,477,154,323
118000215,128,243,-115
118000216,547,2114,-1567
118000217,9,114,-105
118000218,25,111,-86
118000219,302,304,-2
118000220,1,9,-8
118000221,36,155,-119
118000222,71,12,59
118000223,6,23,-17
118000224,239,138,101
118000225,69,700,-631
118000226,275,76,199
118000227,881,379,502
118000228,129,66,63
118000229,85,10,75
118000230,34,212,-178
118000231,12,131,-119
118000232,311,1004,-693
118000233,364,590,-226
118000234,78,249,-171
118000236,152,373,-221
118000237,27,604,-577
118000238,55,262,-207
118000239,133,172,-39
118000240,377,59,318
118000241,27,239,-212
118000242,167,656,-489
118000243,49,120,-71
118000244,18,169,-151
118000246,0,8,-8
118000255,24,215,-191
118000256,53,209,-156
118000259,3,45,-42
118000260,26,77,-51
118000261,12,77,-65
118000263,33,178,-145
118000266,92,365,-273
118000267,0,64,-64
118000268,112,4,108
118000270,41,22,19
118000271,68,212,-144
118000272,20,23,-3
118000273,28,64,-36
118000274,82,353,-271
118000276,91,182,-91
118000295,1,82,-81
118000298,87,434,-347
118000299,45,232,-187
118000301,0,55,-55
118000302,46,102,-56
118000311,38,171,-133
118000312,87,219,-132
118000313,12,92,-80
118000314,20,69,-49
118000315,4,24,-20
118000316,218,456,-238
118000325,8,40,-32
118000326,2,32,-30
118000331,11,40,-29
118000332,9,30,-21
118000333,9,47,-38
118000335,56,0,56
118000336,0,327,-327
118000407,30,56,-26
118000457,1,33,-32
118000465,2820,1742,1078
118000480,9,118,-109
118000489,69,93,-24
118000490,123,468,-345
118000492,109,149,-40
118000510,75,11,64
118000514,94,234,-140
118000515,339,233,106
118000517,410,144,266
118000524,611,132,479
118000525,549,796,-247
118000530,6,66,-60
118000531,57,188,-131
118000532,64,271,-207
118000533,161,122,39
118000534,203,345,-142
118000535,67,84,-17
118000536,371,182,189
118000537,8,37,-29
118000538,39,87,-48
118000539,8,48,-40
118000540,142,191,-49
118000541,27,65,-38
118000542,35,95,-60
118000543,76,170,-94
118000546,22,26,-4
118000553,0,1,-1
118000557,0,0,0
118000560,3087,432,2655
118000562,5,326,-321
118000563,1744,1431,313
118000576,96,244,-148
118000577,146,153,-7
118000578,130,146,-16
118000579,639,704,-65
118000583,0,0,0
118000595,113,86,27
118000596,0,63,-63
118000597,67,181,-114
118000598,3,0,3
118000599,12,44,-32
118000600,0,9,-9
118000601,1,0,1
118000602,0,0,0
118000603,1,33,-32
118000605,16,162,-146
118000606,24,397,-373
118900001,1049,406,643
118900002,906,269,637
118900003,53,4,49
118900004,10,49,-39
118900005,41,0,41
118900006,14,0,14
118900007,6,1,5
118900008,533,22,511
118900009,12,4,8
118900010,6,0,6
118900011,63,15,48
118900012,147,196,-49
118900013,591,13,578
118900015,42,16,26
118900016,5,13,-8
118900017,63,59,4
118900018,998,2,996
118900019,27,9,18
118900020,74,106,-32
118900021,50,266,-216
118900022,79,93,-14
118900023,20,87,-67
118900024,22,146,-124
118900025,12,5,7
118900026,14,73,-59
118900027,302,174,128
118900028,19,138,-119
118900029,46,343,-297
118900030,29,33,-4
118900031,52,123,-71
118900032,75,281,-206
118900033,146,595,-449
118900034,18,1,17
118900035,45,225,-180
118900036,312,429,-117
118900037,108,248,-140
118900038,108,289,-181
118900039,83,198,-115
118900040,72,88,-16
118900041,81,143,-62
118900042,92,62,30
118900045,88,84,4
118900046,594,96,498
118900047,721,176,545
118900048,44,124,-80
118900049,25,23,2
118900050,12,122,-110
118900051,41,48,-7
118900052,96,155,-59
118900053,11,60,-49
118900054,15,84,-69
118900055,11,87,-76
118900056,37,53,-16
118900057,86,172,-86
118900058,173,284,-111
118900059,14,54,-40
118900060,7,94,-87
118900062,40,141,-101
118900064,424,244,180
118900065,23,75,-52
118900066,37,53,-16
118900067,6358,1856,4502
118900068,2,100,-98
118900069,94,207,-113
118900071,1,44,-43
118900072,166,263,-97
118900073,46,96,-50
118900074,52,84,-32
118900075,18,39,-21
118900076,72,42,30
118900077,75,123,-48
118900078,5,8,-3
118900079,24,106,-82
118900080,2,54,-52
118900081,27,7,20
118900082,193,115,78
118900083,4,11,-7
118900084,6,10,-4
118900085,267,556,-289
118900086,2,38,-36
118900087,38,86,-48
118900088,0,24,-24
118900089,8,2,6
118900090,273,354,-81
118900091,119,65,54
118900092,29,62,-33
118900093,56,3,53
118900096,31,36,-5
118900097,66,756,-690
118900099,17,170,-153
118900100,89,139,-50
118900101,8,314,-306
118900102,5,53,-48
118900103,29,27,2
118900104,19,102,-83
118900105,97,110,-13
118900107,127,181,-54
118900108,28,77,-49
118900110,1405,241,1164
118900111,111,454,-343
118900112,33,60,-27
118900113,55,563,-508
118900114,10,87,-77
118900115,30,231,-201
118900116,40,145,-105
118900117,18,152,-134
118900118,75,480,-405
118900119,42,242,-200
118900120,75,267,-192
118900121,3,223,-220
118900122,1,234,-233
118900123,86,209,-123
118900124,25,134,-109
118900126,4,153,-149
118900129,45,105,-60
118900130,31,20,11
118900131,40,210,-170
118900132,89,79,10
118900133,22,52,-30
118900135,66,146,-80
118900136,136,687,-551
118900137,0,17,-17
118900139,56,410,-354
118900140,344,838,-494
118900141,41,261,-220
118900144,90,658,-568
118900145,25,183,-158
118900146,105,540,-435
118900147,27,111,-84
118900148,22,59,-37
118900150,72,179,-107
118900152,162,772,-610
118900157,62,83,-21
118900158,5,65,-60
118900159,1,187,-186
118900161,42,4,38
118900163,103,23,80
118900164,2,45,-43
118900165,16,261,-245
118900166,31,5,26
118900167,26,140,-114
118900168,2,40,-38
118900169,28,451,-423
118900170,21,94,-73
118900171,1,39,-38
118900174,18,46,-28
118900175,74,193,-119
118900176,19,67,-48
118900177,6,36,-30
118900178,23,119,-96
118900179,2,29,-27
118900181,47,78,-31
118900182,37,27,10
118900183,7,46,-39
118900184,110,17,93
118900185,35,116,-81
118900186,43,135,-92
118900187,70,211,-141
118900188,64,212,-148
118900189,7,259,-252
118900190,7,641,-634
118900191,64,21,43
118900192,50,21,29
118900193,47,6,41
118900195,162,661,-499
118900196,11,135,-124
118900197,32,86,-54
118900198,2,43,-41
118900199,6,59,-53
118900200,24,9,15
118900201,6,4,2
118900202,6,48,-42
118900203,2,28,-26
118900204,1,26,-25
118900205,0,19,-19
118900206,0,26,-26
119000001,532,601,-69
119000002,1302,1476,-174
119000003,633,1349,-716
119000004,960,917,43
119000005,798,1005,-207
119000006,901,1200,-299
119000007,1858,2206,-348
119000008,1069,1910,-841
119000009,4404,1915,2489
119000010,11146,3412,7734
119000011,6062,1229,4833
119000012,5585,2302,3283
119000013,2338,969,1369
119000014,1930,3070,-1140
119000019,171,155,16
119000020,756,983,-227
119000021,1484,1526,-42
119000022,2485,943,1542
119000023,420,128,292
119000024,2843,3707,-864
119000025,12115,1025,11090
119000026,414,177,237
119000027,1122,295,827
119000028,1645,1038,607
119000029,115,234,-119
119000030,282,1107,-825
119000031,448,644,-196
119000032,1988,1654,334
119000033,1322,1597,-275
119000034,685,978,-293
119000035,9,369,-360
119000036,575,1230,-655
119000037,520,2453,-1933
119000038,45,1095,-1050
119000039,92,340,-248
119000040,1097,562,535
119000041,752,787,-35
119000048,3727,4035,-308
119000049,869,3678,-2809
119000050,1137,2104,-967
119000051,1151,837,314
119000052,2199,2601,-402
119000053,1410,1116,294
119000054,1571,3487,-1916
119000055,1304,3306,-2002
119000056,1018,1852,-834
119000057,779,2345,-1566
119000058,999,2156,-1157
119000059,628,1398,-770
119000060,716,655,61
119000061,563,848,-285
119000062,624,1178,-554
119000063,174,215,-41
119000064,1092,1496,-404
119000065,1439,3007,-1568
119000066,1043,849,194
119000067,1394,2665,-1271
119000068,834,926,-92
119000069,743,2386,-1643
119000070,971,1177,-206
119000071,341,975,-634
119000072,5261,3336,1925
119000073,3615,4248,-633
119000074,445,3981,-3536
119000075,463,2442,-1979
119000076,329,852,-523
119000077,491,455,36
119000078,210,415,-205
119000079,58,750,-692
119000080,114,292,-178
119000081,88,367,-279
119000082,166,220,-54
119000083,172,365,-193
119000084,161,628,-467
119000085,455,353,102
119000086,153,417,-264
119000087,1321,836,485
119000088,221,327,-106
119000089,41,122,-81
119000090,181,149,32
119000091,138,256,-118
119000092,642,232,410
119000093,3281,3595,-314
119000094,1317,3765,-2448
119000095,712,3039,-2327
119000097,4047,1368,2679
119000098,416,1069,-653
119000099,1377,1489,-112
119000100,1311,1591,-280
119000101,2009,2004,5
119000102,524,404,120
119000103,1141,395,746
119000104,2595,1397,1198
119000105,340,689,-349
119000106,119,2075,-1956
119000107,207,479,-272
119000108,119,1541,-1422
119000109,42,246,-204
119000110,376,363,13
119000111,36,411,-375
119000112,141,102,39
119000113,2311,175,2136
119000114,514,265,249
119000115,124,75,49
119000116,69,55,14
119000117,53,212,-159
119000118,0,3,-3
119000123,1617,461,1156
119000124,155,189,-34
119000125,847,1071,-224
119000126,296,1068,-772
119000127,144,1060,-916
119000128,44,3,41
119000131,283,1178,-895
119000132,0,10,-10
119000133,1,5,-4
119000134,3324,427,2897
119000135,36,181,-145
119000136,47,315,-268
119000137,55,531,-476
119000138,115,520,-405
119000139,80,292,-212
119000140,83,231,-148
119000284,1436,2386,-950
119000285,2476,2159,317
119000286,5142,4411,731
119000287,1251,2168,-917
119000288,1176,1991,-815
119000289,1992,4225,-2233
119000290,169,532,-363
119000291,2,363,-361
119000293,50,171,-121
119000294,35,22,13
119000295,1630,567,1063
119000296,72,208,-136
119000297,0,0,0
119000302,4865,1205,3660
119000303,10,72,-62
119000310,0,0,0
119000314,1177,3702,-2525
119000315,5,831,-826
119000316,28,133,-105
119000317,18,532,-514
119900001,58,398,-340
119900002,22,240,-218
119900003,44,1227,-1183
119900004,244,188,56
119900005,25,179,-154
119900006,40,289,-249
119900007,292,32,260
119900008,5,29,-24
119900009,220,475,-255
119900010,915,829,86
119900011,21,25,-4
119900012,1,34,-33
119900013,953,387,566
119900014,539,166,373
119900015,50,1,49
119900016,11,84,-73
119900017,1,25,-24
119900018,868,127,741
119900019,7,1,6
119900020,43,175,-132
119900021,33,23,10
119900022,53,142,-89
119900023,677,258,419
119900025,28,32,-4
119900026,868,34,834
119900027,2,11,-9
119900028,37,21,16
119900029,3,2,1
119900030,348,369,-21
119900031,14,109,-95
119900033,2070,72,1998
119900034,83,162,-79
119900037,31,10,21
119900038,13,64,-51
119900039,18,1,17
119900040,16,10,6
119900041,47,40,7
119900042,23,96,-73
119900043,24,161,-137
119900044,94,150,-56
119900046,34,83,-49
119900047,52,20,32
119900048,52,78,-26
119900049,16,5,11
119900050,15,32,-17
119900051,163,7,156
119900052,11,41,-30
119900053,30,176,-146
119900054,16,0,16
119900055,340,166,174
119900057,34,57,-23
119900058,40,1,39
119900059,67,61,6
119900060,92,2,90
119900061,29,2,27
119900062,8,15,-7
119900063,9,17,-8
119900065,63,2,61
119900067,31,18,13
119900068,102,2,100
119900069,26,7,19
119900070,153,1,152
119900071,69,1,68
119900073,1507,346,1161
119900074,8,16,-8
119900075,4979,1269,3710
119900076,147,505,-358
119900077,155,1532,-1377
119900078,113,865,-752
119900079,522,338,184
119900080,112,326,-214
119900081,60,93,-33
119900082,205,56,149
119900083,218,57,161
119900084,199,67,132
119900085,126,32,94
119900086,112,1105,-993
119900087,119,112,7
119900088,36,33,3
119900089,6,455,-449
119900090,173,54,119
119900091,23,1187,-1164
119900092,6,337,-331
119900093,509,33,476
119900094,22,201,-179
119900095,94,55,39
119900096,19,74,-55
119900097,158,119,39
119900098,4,22,-18
119900099,18,319,-301
119900100,2592,928,1664
119900101,145,487,-342
119900102,12,380,-368
119900103,10,540,-530
119900104,31,262,-231
119900105,251,1173,-922
119900106,13,267,-254
119900107,214,3554,-3340
119900108,1388,657,731
119900109,9,193,-184
119900110,231,692,-461
119900111,25,422,-397
119900112,2825,371,2454
119900113,63,596,-533
119900114,63,1836,-1773
119900115,45,1249,-1204
119900116,100,192,-92
119900117,146,1239,-1093
119900118,13,1232,-1219
119900119,56,254,-198
119900120,517,686,-169
119900121,83,1583,-1500
119900122,187,490,-303
119900123,97,175,-78
119900124,37,1143,-1106
119900125,22,452,-430
119900126,5538,162,5376
119900127,2488,724,1764
119900128,181,901,-720
119900129,37,872,-835
119900130,28,295,-267
119900131,8,396,-388
119900132,4,376,-372
119900133,3,15,-12
119900134,2105,213,1892
119900135,2,433,-431
119900136,121,611,-490
119900138,357,757,-400
119900139,1,71,-70
119900140,2,155,-153
119900141,61,188,-127
119900142,1,9,-8
119900143,1,274,-273
119900144,2783,209,2574
119900145,20,237,-217
119900146,111,69,42
119900147,8,72,-64
119900148,33,40,-7
119900149,1684,1402,282
119900150,167,189,-22
119900151,1113,600,513
119900152,28,504,-476
119900153,33,33,0
119900154,24,770,-746
119900155,4,14,-10
119900156,6,0,6
119900157,17,331,-314
119900158,30,57,-27
119900159,7,1758,-1751
119900160,4,264,-260
119900161,162,191,-29
119900162,272,365,-93
119900163,105,75,30
119900164,0,1,-1
119900165,19,325,-306
119900166,19,27,-8
119900167,35,129,-94
119900168,230,321,-91
119900169,89,92,-3
119900170,112,80,32
119900171,282,506,-224
119900172,67,5,62
119900173,80,648,-568
119900174,23,316,-293
119900175,304,564,-260
119900177,18,223,-205
119900178,7,212,-205
119900179,14,113,-99
119900180,346,459,-113
119900181,24,17,7
119900182,2,451,-449
119900183,85,1037,-952
119900184,2726,391,2335
119900185,7,57,-50
119900186,36,137,-101
119900187,8,574,-566
119900188,16,269,-253
119900189,207,89,118
119900190,32,73,-41
119900191,79,79,0
119900192,11,211,-200
119900193,54,153,-99
119900194,4,18,-14
119900195,10,161,-151
119900196,1631,365,1266
119900197,27,100,-73
119900198,27,484,-457
119900199,155,7,148
119900200,92,487,-395
119900201,406,144,262
119900202,168,20,148
119900203,39,172,-133
119900204,55,265,-210
119900205,106,602,-496
119900206,17,92,-75
119900208,70,87,-17
119900209,175,224,-49
119900210,6,16,-10
119900211,45,12,33
119900212,39,288,-249
119900213,4,39,-35
119900214,4,84,-80
119900215,21,97,-76
119900216,7,95,-88
119900217,3,54,-51
119900218,10,71,-61
119900219,1,126,-125
119900220,5,148,-143
119900221,5,541,-536
119900222,6,368,-362
119900223,21,150,-129
119900224,7,27,-20
119900225,1512,27,1485
119900226,910,657,253
119900227,1229,285,944
119900228,3,263,-260
119900229,233,349,-116
119900230,1058,329,729
119900231,35,169,-134
119900232,103,47,56
119900233,17,0,17
119900234,5,13,-8
119900235,6,6,0
119900236,13,198,-185
119900237,13,496,-483
119900238,1,74,-73
119900240,17,138,-121
119900241,114,302,-188
119900242,1358,427,931
119900244,560,1076,-516
119900245,29,79,-50
119900246,122,129,-7
119900247,13,20,-7
119900248,18,21,-3
119900249,49,26,23
119900253,3676,182,3494
119900254,20,123,-103
119900255,44,487,-443
119900256,100,1473,-1373
119900257,20,0,20
119900258,32,50,-18
119900259,4,225,-221
119900260,12,0,12
119900261,53,219,-166
119900262,0,284,-284
119900263,745,327,418
119900264,13,314,-301
119900265,81,396,-315
119900266,56,256,-200
119900267,67,470,-403
119900268,53,236,-183
119900269,121,1494,-1373
119900271,4,64,-60
119900272,39,17,22
119900275,26,1,25
119900276,1,3,-2
119900277,5,1,4
119900278,121,14,107
119900279,50,94,-44
119900280,1092,180,912
119900281,0,45,-45
119900282,18,8,10
119900283,2,349,-347
119900284,21,175,-154
119900285,8,23,-15
119900286,3,7,-4
119900288,4,22,-18
119900289,0,28,-28
119900290,4,19,-15
119900291,0,22,-22
119900292,18,16,2
119900293,9,60,-51
119900294,11,62,-51
119900295,4,80,-76
119900296,4,192,-188
119900297,0,21,-21
119900298,0,3,-3
119900299,18,234,-216
119900300,59,195,-136
119900301,13,11,2
119900302,0,27,-27
119900303,57,194,-137
119900304,26,8,18
119900305,20,66,-46
119900306,10,2,8
119900307,4,112,-108
119900308,2,3,-1
119900309,1,15,-14
119900310,196,258,-62
119900311,6,149,-143
119900312,16,69,-53
119900313,88,360,-272
119900314,17,170,-153
119900315,236,2907,-2671
119900318,11,9,2
119900319,5,334,-329
119900320,89,779,-690
119900321,13,0,13
120000001,6029,5052,977
120000002,1911,3289,-1378
120000003,3263,2137,1126
120000004,2966,2693,273
120000005,5361,2176,3185
120000006,1403,1336,67
120000007,2966,2139,827
120000008,901,1384,-483
120000009,5099,1064,4035
120000010,1020,3440,-2420
120000011,726,2161,-1435
120000012,1253,3005,-1752
120000013,1384,2639,-1255
120000014,398,1658,-1260
120000015,1505,1432,73
120000016,2014,1823,191
120000017,1185,1201,-16
120000018,4503,4473,30
120000019,598,765,-167
120000020,1973,1677,296
120000021,2125,1343,782
120000022,2673,2709,-36
120000023,570,1617,-1047
120000024,1128,2030,-902
120000025,1167,2309,-1142
120000026,484,1989,-1505
120000027,897,1537,-640
120000028,419,263,156
120000029,2089,372,1717
120000030,72,621,-549
120000031,1727,3933,-2206
120000032,9969,2892,7077
120000033,1800,1457,343
120000034,652,2372,-1720
120000035,942,2447,-1505
120000036,1525,3286,-1761
120000037,329,627,-298
120000038,11003,2870,8133
120000039,348,883,-535
120000040,16,77,-61
120000041,225,2133,-1908
120000042,1298,4995,-3697
120000043,3576,2659,917
120000044,2041,1039,1002
120000045,1894,798,1096
120000046,964,1507,-543
120000047,1426,2173,-747
120000048,7773,2630,5143
120000049,1723,2436,-713
120000050,1602,4275,-2673
120000051,3286,3583,-297
120000052,14389,2445,11944
120000053,768,4517,-3749
120000054,1294,6596,-5302
120000055,689,4312,-3623
120000056,3214,4640,-1426
120000057,1605,968,637
120000058,223,223,0
120000059,71,1100,-1029
120000061,70,559,-489
120000062,163,185,-22
120000063,2168,3200,-1032
120000064,289,1777,-1488
120000065,226,1976,-1750
120000066,88,487,-399
120000067,24,493,-469
120000068,101,1269,-1168
120000069,324,1839,-1515
120000070,24,1223,-1199
120000071,92,161,-69
120000072,108,367,-259
120000073,136,61,75
120000074,32,53,-21
120000075,137,210,-73
120000076,428,276,152
120000077,596,360,236
120000078,4289,390,3899
120000079,99,682,-583
120000080,72,239,-167
120000081,156,210,-54
120000082,176,237,-61
120000083,84,243,-159
120000084,411,553,-142
120000085,323,525,-202
120000086,196,854,-658
120000087,99,1415,-1316
120000088,437,983,-546
120000089,484,385,99
120000090,241,340,-99
120000091,349,681,-332
120000092,614,389,225
120000093,159,407,-248
120000094,79,286,-207
120000095,426,801,-375
120000096,188,1293,-1105
120000098,416,1149,-733
120000099,131,749,-618
120000100,294,948,-654
120000101,278,480,-202
120000102,186,296,-110
120000103,504,238,266
120000104,598,176,422
120000105,723,215,508
120000106,599,196,403
120000107,958,356,602
120000108,276,90,186
120000109,319,31,288
120000110,64,891,-827
120000111,84,1483,-1399
120000112,408,4495,-4087
120000113,384,3219,-2835
120000114,242,2257,-2015
120000115,232,2081,-1849
120000116,450,2261,-1811
120000117,982,1766,-784
120000118,20,8,12
120000119,15,32,-17
120000120,20,20,0
120000121,26,42,-16
120000122,171,184,-13
120000123,6414,1487,4927
120000124,202,492,-290
120000125,201,643,-442
120000126,246,487,-241
120000127,838,373,465
120000128,1974,1461,513
120000129,281,180,101
120000130,460,506,-46
120000131,150,375,-225
120000134,240,1433,-1193
120000135,65,289,-224
120000137,66,2467,-2401
120000138,139,490,-351
120000139,77,1178,-1101
120000140,155,778,-623
120000141,50,582,-532
120000142,79,508,-429
120000143,1,114,-113
120000144,17,1,16
120000145,58,2,56
120000146,1483,426,1057
120000149,327,972,-645
120000150,5297,6321,-1024
120000151,383,286,97
120000152,138,296,-158
120000153,95,693,-598
120000154,304,338,-34
120000155,84,110,-26
120000156,1531,254,1277
120000157,849,472,377
120000158,509,873,-364
120000159,1706,2318,-612
120000160,1578,993,585
120000161,721,2612,-1891
120000162,40,170,-130
120000163,137,1531,-1394
120000164,139,582,-443
120000165,139,1017,-878
120000166,326,519,-193
120000167,6,14,-8
120000168,1,39,-38
120000169,122,148,-26
120000170,132,80,52
120000171,11,37,-26
120000172,25,14,11
120000173,2341,139,2202
120000174,560,3,557
120000175,446,3,443
120000176,118,78,40
120000177,1174,421,753
120000178,93,3,90
120000179,303,13,290
120000180,455,29,426
120000181,98,65,33
120000182,72,28,44
120000183,6,132,-126
120000184,77,1605,-1528
120000186,36,42,-6
120000187,40,29,11
120000188,191,40,151
120000190,906,4,902
120000191,1474,10,1464
120000192,1811,7,1804
120000193,515,0,515
120000195,69,3,66
120000196,179,26,153
120000197,65,92,-27
120000198,69,174,-105
120000199,21,1,20
120000200,17,0,17
120000201,5,7,-2
120000202,1,39,-38
120000203,18,425,-407
120000207,0,64,-64
120000208,6,403,-397
120000209,0,184,-184
120000210,157,86,71
120000211,25,0,25
120000212,19,0,19
120000213,26,418,-392
120000214,1,422,-421
120000215,2,165,-163
120000216,21,5,16
120000217,812,1327,-515
120000218,275,1709,-1434
120000219,7,1010,-1003
120000220,14,3460,-3446
120000225,338,0,338
120000226,91,1,90
120000227,592,17,575
120000228,8456,1263,7193
120000230,48,2,46
120000231,294,2515,-2221
120000233,59,9,50
120000235,53,682,-629
120000236,260,1,259
120000237,5,2526,-2521
120000238,0,63,-63
120000241,887,2003,-1116
120000412,1882,14,1868
120000413,76,556,-480
120000414,10,2,8
120000415,2,251,-249
120000416,8,13,-5
120000417,5,144,-139
120000418,30,12,18
120000419,12,531,-519
120000420,41,36,5
120000421,14922,5850,9072
120000422,229,311,-82
120000423,1,45,-44
120000424,13,205,-192
120000436,96,205,-109
120000437,208,188,20
120000438,5051,282,4769
120000439,74,157,-83
120000443,49,0,49
120000444,239,485,-246
120000445,1227,992,235
120000446,856,209,647
120000447,50,4,46
120000449,24,17,7
120000450,8,417,-409
120000451,22,214,-192
120000452,64,1,63
120000453,1,334,-333
120000454,35,23,12
120000455,25,40,-15
120000456,3136,1844,1292
120000457,1009,884,125
120000458,321,671,-350
120000459,55,42,13
120000665,758,135,623
120000668,83,80,3
120000669,39,466,-427
120000670,250,338,-88
120000671,258,131,127
120000672,76,444,-368
120900001,36,12,24
120900002,74,178,-104
120900003,159,20,139
120900004,4,11,-7
120900005,4,1476,-1472
120900006,71,120,-49
120900007,85,226,-141
120900008,96,1205,-1109
120900009,226,55,171
120900010,93,25,68
120900011,222,54,168
120900012,995,380,615
120900013,67,13,54
120900014,3,725,-722
120900015,98,63,35
120900016,146,34,112
120900017,3609,124,3485
120900018,36,484,-448
120900019,146,50,96
120900020,298,252,46
120900021,166,18,148
120900022,7,471,-464
120900023,36,34,2
120900024,1019,369,650
120900025,2192,622,1570
120900026,25,101,-76
120900027,469,126,343
120900028,61,27,34
120900029,18,129,-111
120900030,365,309,56
120900031,48,11,37
120900032,185,135,50
120900033,196,14,182
120900034,44,1149,-1105
120900035,19,45,-26
120900037,25,3,22
120900038,19,59,-40
120900039,15,25,-10
120900040,67,1,66
120900041,64,13,51
120900042,90,83,7
120900043,6,6,0
120900044,54,470,-416
120900045,87,92,-5
120900046,92,5,87
120900047,44,29,15
120900048,45,3,42
120900049,89,0,89
120900050,3965,494,3471
120900051,54,108,-54
120900052,88,0,88
120900053,54,85,-31
120900054,1028,672,356
120900055,57,2,55
120900056,79,3,76
120900057,36,7,29
120900058,74,0,74
120900059,29,2,27
120900060,19,35,-16
120900061,182,268,-86
120900062,57,0,57
120900063,117,0,117
120900064,72,0,72
120900065,66,4,62
120900066,35,258,-223
120900067,83,15,68
120900068,59,0,59
120900069,77,90,-13
120900071,5,0,5
120900072,173,0,173
120900073,86,204,-118
120900074,125,3,122
120900076,39,0,39
120900077,3316,198,3118
120900078,102,700,-598
120900079,128,71,57
120900080,132,3018,-2886
120900081,241,1554,-1313
120900082,453,166,287
120900083,17,4,13
120900084,45,115,-70
120900085,93,53,40
120900086,129,80,49
120900087,101,22,79
120900088,106,162,-56
120900089,4914,579,4335
120900090,33,169,-136
120900091,236,114,122
120900092,427,703,-276
120900093,4940,250,4690
120900094,475,165,310
120900095,115,17,98
120900096,20,77,-57
120900097,486,1421,-935
120900098,239,235,4
120900099,22,73,-51
120900100,32,408,-376
120900101,191,373,-182
120900102,7,107,-100
120900103,21,123,-102
120900104,30,37,-7
120900105,17,965,-948
120900106,1087,573,514
120900107,419,217,202
120900108,3,1223,-1220
120900109,23,892,-869
120900110,3,619,-616
120900111,137,400,-263
120900112,2,1557,-1555
120900113,8,1019,-1011
120900114,34,304,-270
120900115,123,95,28
120900116,52,551,-499
120900117,3,646,-643
120900118,2,1109,-1107
120900119,3966,2953,1013
120900120,33,743,-710
120900121,71,370,-299
120900122,61,696,-635
120900123,0,656,-656
120900124,4,916,-912
120900125,3,1113,-1110
120900126,760,608,152
120900127,9,695,-686
120900128,777,816,-39
120900129,36,548,-512
120900130,3,428,-425
120900131,9,41,-32
120900132,179,329,-150
120900133,172,1288,-1116
120900134,170,481,-311
120900135,3,732,-729
120900136,7,20,-13
120900137,19,76,-57
120900138,4,300,-296
120900139,2,1015,-1013
120900140,2,40,-38
120900141,11,65,-54
120900142,15,1068,-1053
120900143,4,1263,-1259
120900144,1,271,-270
120900145,28,953,-925
120900146,5,1223,-1218
120900147,0,266,-266
120900148,47,58,-11
120900149,1,494,-493
120900150,11,535,-524
120900151,2,756,-754
120900152,0,47,-47
120900153,5,50,-45
120900154,0,349,-349
120900155,52,1319,-1267
120900156,7,503,-496
120900157,13,274,-261
120900158,12,642,-630
120900159,46,733,-687
120900160,15,370,-355
120900161,20,1185,-1165
120900162,21,1405,-1384
120900163,4,82,-78
120900164,14,3,11
120900165,0,1,-1
120900166,7,49,-42
120900167,51,56,-5
120900169,12,570,-558
120900170,2747,866,1881
120900171,1147,274,873
120900172,1132,80,1052
120900173,1,59,-58
120900174,2,113,-111
120900175,368,167,201
120900176,11,107,-96
120900177,0,210,-210
120900178,0,115,-115
120900179,461,294,167
120900180,85,74,11
120900181,20,69,-49
120900182,13,344,-331
120900183,465,74,391
120900184,123,54,69
120900185,1,353,-352
120900186,1,500,-499
120900187,113,347,-234
120900188,28,7,21
120900189,72,182,-110
120900190,3,5,-2
120900191,4,16,-12
120900192,14954,1172,13782
120900194,20,61,-41
120900195,53,264,-211
120900196,327,46,281
120900197,163,20,143
120900198,137,687,-550
120900199,138,118,20
120900200,86,44,42
120900201,698,146,552
120900202,2,233,-231
120900203,4,40,-36
120900204,293,396,-103
120900205,50,103,-53
120900206,9,13,-4
120900207,36,1223,-1187
121000001,919,1063,-144
121000002,1319,844,475
121000003,3840,1958,1882
121000004,2231,1923,308
121000005,1869,2354,-485
121000006,2413,999,1414
121000007,2932,2662,270
121000008,3832,2514,1318
121000009,9775,4209,5566
121000010,11431,2634,8797
121000011,11671,7520,4151
121000012,17960,4937,13023
121000013,5300,5063,237
121000014,6770,5100,1670
121000015,4107,4698,-591
121000016,5087,3021,2066
121000017,1208,3820,-2612
121000018,1882,1529,353
121000019,16630,7689,8941
121000020,10122,5200,4922
121000021,2848,3363,-515
121000022,1343,1259,84
121000023,4638,3516,1122
121000024,2339,2529,-190
121000025,895,651,244
121000026,270,88,182
121000027,1618,927,691
121000028,506,419,87
121000029,660,597,63
121000030,273,293,-20
121000031,297,483,-186
121000032,136,54,82
121000034,176,95,81
121000035,64,77,-13
121000036,576,803,-227
121000037,404,520,-116
121000038,491,490,1
121000039,297,392,-95
121000041,200,580,-380
121000042,182,266,-84
121000043,906,523,383
121000044,1798,512,1286
121000045,191,319,-128
121000046,180,521,-341
121000047,5,118,-113
121000049,1861,903,958
121000050,221,850,-629
121000051,341,494,-153
121000052,159,495,-336
121000053,202,69,133
121000054,31,180,-149
121000055,1905,785,1120
121000056,783,1008,-225
121000057,121,324,-203
121000058,535,69,466
121000059,1600,716,884
121000060,599,935,-336
121000061,43,117,-74
121000062,144,265,-121
121000063,486,396,90
121000064,317,616,-299
121000065,388,385,3
121000066,460,503,-43
121000067,906,227,679
121000068,373,226,147
121000069,418,161,257
121000070,1339,1254,85
121000071,657,683,-26
121000072,905,856,49
121000073,521,509,12
121000074,113,109,4
121000075,50,18,32
121000076,832,277,555
121000077,80,44,36
121000078,82,85,-3
121000080,2490,470,2020
121000081,2159,1234,925
121000082,180,275,-95
121000083,253,112,141
121000084,157,95,62
121000085,518,612,-94
121000086,162,848,-686
121000087,98,231,-133
121000088,297,400,-103
121000089,376,191,185
121000090,331,250,81
121000091,2064,465,1599
121000092,91,110,-19
121000093,123,161,-38
121000094,418,235,183
121000095,209,487,-278
121000096,2476,1679,797
121000097,1524,1166,358
121000098,327,1225,-898
121000099,327,783,-456
121000100,342,707,-365
121000101,95,237,-142
121000102,70,599,-529
121000103,53,248,-195
121000104,55,267,-212
121000105,134,430,-296
121000106,124,370,-246
121000107,2073,3682,-1609
121000109,1372,853,519
121000110,257,315,-58
121000114,1954,1871,83
121000115,793,680,113
121000116,501,640,-139
121000117,1252,255,997
121000118,1010,286,724
121000119,139,434,-295
121000120,230,464,-234
121000121,482,765,-283
121000123,1955,680,1275
121000127,46,111,-65
121000128,571,719,-148
121000129,181,513,-332
121000130,317,1043,-726
121000131,1820,948,872
121000132,868,740,128
121000135,455,166,289
121000136,1057,595,462
121000137,431,103,328
121000138,694,354,340
121000139,380,49,331
121000141,83,87,-4
121000142,1180,396,784
121000143,176,17,159
121000144,853,646,207
121000145,251,1325,-1074
121000146,686,630,56
121000147,486,351,135
121000148,567,1126,-559
121000149,1301,902,399
121000152,272,551,-279
121000153,1566,389,1177
121000154,602,351,251
121000155,799,733,66
121000156,353,751,-398
121000157,1391,1614,-223
121000158,454,643,-189
121000159,96,603,-507
121000160,188,738,-550
121000161,33,392,-359
121000162,23,339,-316
121000165,1537,1270,267
121000166,33,362,-329
121000168,99,196,-97
121000169,11,177,-166
121000170,75,43,32
121000171,21,156,-135
121000172,258,416,-158
121000173,824,558,266
121000174,134,329,-195
121000175,291,408,-117
121000176,275,210,65
121000177,484,570,-86
121000178,55,38,17
121000179,90,56,34
121000181,304,269,35
121000182,45,146,-101
121000183,32,52,-20
121000184,54,63,-9
121000185,7,124,-117
121000186,116,222,-106
121000187,110,326,-216
121000188,35,263,-228
121000192,401,269,132
121000193,408,361,47
121000194,2405,1900,505
121000195,366,852,-486
121000196,644,139,505
121000197,117,687,-570
121000198,116,61,55
121000199,63,546,-483
121000200,114,52,62
121000201,4,168,-164
121000202,161,52,109
121000203,390,2365,-1975
121000204,737,444,293
121000205,87,272,-185
121000206,64,43,21
121000207,812,372,440
121000208,5,437,-432
121000209,101,535,-434
121000210,138,467,-329
121000211,37,108,-71
121000212,177,737,-560
121000213,7541,2064,5477
121000214,561,1070,-509
121000215,1276,612,664
121000216,338,357,-19
121000217,3297,1596,1701
121000218,432,1657,-1225
121000219,835,306,529
121000220,309,72,237
121000221,120,206,-86
121000222,2139,2175,-36
121000223,403,261,142
121000224,229,65,164
121000225,1014,578,436
121000226,1102,412,690
121000227,18,261,-243
121000228,17,900,-883
121000229,48,530,-482
121000230,42,1977,-1935
121000231,168,9,159
121000232,320,158,162
121000233,241,300,-59
121000234,5,22,-17
121000235,10,15,-5
121000236,0,33,-33
121000237,3,5,-2
121000238,3,46,-43
121000239,6,7,-1
121000240,4,120,-116
121000241,24,7,17
121000242,18,115,-97
121000243,88,24,64
121000244,0,80,-80
121000245,2,23,-21
121000246,3,89,-86
121000247,13,6,7
121000248,321,460,-139
121000249,36,192,-156
121000250,80,76,4
121000251,14,526,-512
121000252,38,27,11
121000253,185,556,-371
121000254,279,214,65
121000255,126,124,2
121000256,143,119,24
121000257,13,77,-64
121000258,16,47,-31
121000259,25,30,-5
121000260,28,126,-98
121000261,19,48,-29
121000262,1180,367,813
121000263,210,432,-222
121000271,175,1722,-1547
121000273,57,11,46
121000274,1,32,-31
121000275,3,25,-22
121000276,0,13,-13
121000278,25,73,-48
121000279,19,10,9
121000280,32,53,-21
121000289,56,9,47
121000290,821,607,214
121000294,34,221,-187
121000297,691,481,210
121000299,138,202,-64
121000300,649,458,191
121000302,180,492,-312
121000303,652,260,392
121000304,305,24,281
121000305,96,36,60
121000306,32,113,-81
121000308,149,240,-91
121000309,328,504,-176
121000310,30,386,-356
121000311,71,687,-616
121000312,296,156,140
121000313,438,369,69
121000314,260,107,153
121000315,88,78,10
121000530,547,1171,-624
121000531,842,1245,-403
121000532,3941,2704,1237
121000533,1732,1765,-33
121000918,7,265,-258
121000919,4,38,-34
121000938,1109,234,875
121000939,1885,188,1697
121000956,322,1043,-721
121000957,2,15,-13
121000958,28,48,-20
121000959,174,1256,-1082
121000960,1009,2261,-1252
121000961,127,23,104
121000962,282,577,-295
121000973,1,217,-216
121000976,12,164,-152
121000979,122,30,92
121000981,199,80,119
121000982,140,220,-80
121000983,120,493,-373
121000984,21,24,-3
121000985,183,517,-334
121000986,39,474,-435
121000987,78,1400,-1322
121000988,301,97,204
121001302,303,104,199
121001308,0,8,-8
121001309,79,34,45
121001313,70,434,-364
121001314,4279,3760,519
121001315,3474,1028,2446
121001326,290,410,-120
121900001,60,152,-92
121900002,32,19,13
121900003,161,16,145
121900004,82,354,-272
121900005,2,4,-2
121900006,36,16,20
121900007,1324,1837,-513
121900008,524,51,473
121900009,215,13,202
121900010,172,0,172
121900011,75,311,-236
121900012,1,0,1
121900013,316,1,315
121900014,764,240,524
121900015,39,144,-105
121900016,2,29,-27
121900017,170,360,-190
121900018,160,8,152
121900019,138,215,-77
121900020,30,0,30
121900021,287,1,286
121900022,152,99,53
121900023,24,216,-192
121900024,237,38,199
121900025,219,122,97
121900026,113,26,87
121900027,80,51,29
121900028,66,3,63
121900029,31,84,-53
121900030,363,362,1
121900031,624,2089,-1465
121900032,28,33,-5
121900033,107,66,41
121900034,121,58,63
121900035,1853,1026,827
121900036,40,207,-167
121900037,158,478,-320
121900038,8,68,-60
121900039,241,14,227
121900040,19,43,-24
121900041,29,97,-68
121900042,157,81,76
121900043,0,1,-1
121900044,284,12,272
121900046,142,49,93
121900047,66,26,40
121900048,9,66,-57
121900050,6,32,-26
121900051,40,111,-71
121900052,32,16,16
121900053,153,154,-1
121900054,434,582,-148
121900055,8,8,0
121900058,45,194,-149
121900059,151,59,92
121900060,29,185,-156
121900061,97,69,28
121900062,56,23,33
121900063,252,128,124
121900064,91,589,-498
121900066,13,8,5
121900067,0,1,-1
121900069,214,78,136
121900070,52,55,-3
121900071,65,200,-135
121900072,18,95,-77
121900073,172,123,49
121900074,431,198,233
121900075,182,122,60
121900076,112,542,-430
121900077,0,4,-4
121900078,11,21,-10
121900079,0,0,0
121900080,330,335,-5
121900082,33,63,-30
121900084,2,216,-214
121900085,0,4,-4
121900086,4,27,-23
121900087,168,72,96
121900088,2168,1282,886
121900089,26,349,-323
121900090,5,68,-63
121900091,3,73,-70
121900092,22,68,-46
121900093,62,40,22
121900094,4,7,-3
121900095,91,75,16
121900096,1602,271,1331
121900097,74,117,-43
121900098,1,2,-1
121900099,47,49,-2
121900100,57,91,-34
121900101,60,48,12
121900102,8,63,-55
121900103,416,125,291
121900104,625,149,476
121900105,38,30,8
121900106,2,1,1
121900107,1,20,-19
121900108,0,0,0
121900109,244,80,164
121900110,64,876,-812
121900111,607,61,546
121900112,106,85,21
121900113,20,78,-58
121900114,2,0,2
121900117,26,15,11
121900118,2127,190,1937
121900119,28,113,-85
121900120,12,1012,-1000
121900121,350,37,313
121900122,6,13,-7
121900123,156,274,-118
121900124,59,195,-136
121900125,578,789,-211
121900127,3,34,-31
121900128,21,100,-79
121900129,984,47,937
121900130,36,198,-162
121900131,46,124,-78
121900132,9,74,-65
121900133,16,26,-10
121900134,6,99,-93
121900135,1781,225,1556
121900136,77,396,-319
121900137,18,155,-137
121900138,48,188,-140
121900139,291,326,-35
121900140,23,130,-107
121900141,9,6,3
121900142,18,79,-61
121900143,5,95,-90
121900144,218,288,-70
121900145,61,90,-29
121900146,264,614,-350
121900147,42,175,-133
121900148,65,227,-162
121900149,113,639,-526
121900150,58,151,-93
121900151,32,177,-145
121900152,46,97,-51
121900153,25,448,-423
121900154,11,91,-80
121900155,0,33,-33
121900156,98,93,5
121900157,1,360,-359
121900158,39,69,-30
121900159,0,256,-256
121900160,23,180,-157
121900161,372,194,178
121900162,81,74,7
121900163,42,685,-643
121900164,149,122,27
121900165,67,124,-57
121900166,62,146,-84
121900167,73,53,20
121900168,107,82,25
121900169,4,289,-285
121900170,2,145,-143
121900171,268,243,25
121900172,153,139,14
121900173,580,125,455
121900174,12,53,-41
121900175,21,121,-100
121900176,312,1461,-1149
121900177,127,28,99
121900178,9,108,-99
121900179,144,58,86
121900180,5109,1551,3558
121900182,252,218,34
121900183,299,192,107
121900184,27,446,-419
121900186,3,245,-242
121900187,4,87,-83
121900188,442,189,253
121900189,22,140,-118
121900190,123,285,-162
121900191,30,105,-75
121900192,502,318,184
121900193,23,128,-105
121900194,1,119,-118
121900195,81,72,9
121900196,388,423,-35
121900197,278,1696,-1418
121900198,748,728,20
121900199,2,14,-12
121900200,42,130,-88
121900201,711,547,164
121900202,128,260,-132
121900203,172,438,-266
121900204,850,518,332
121900205,7,111,-104
121900206,1,11,-10
121900207,113,14,99
121900208,80,178,-98
121900209,26,9,17
121900210,585,642,-57
121900211,158,358,-200
121900212,64,63,1
121900213,7,149,-142
121900214,0,226,-226
121900215,14,27,-13
121900216,13,48,-35
121900217,188,60,128
121900218,172,275,-103
121900220,117,7,110
121900221,134,460,-326
121900222,33,149,-116
121900223,34,28,6
121900224,17,27,-10
121900225,46,27,19
121900226,82,395,-313
121900227,60,244,-184
121900228,112,120,-8
121900230,67,28,39
121900231,168,128,40
121900232,99,279,-180
121900233,196,195,1
121900234,74,304,-230
121900235,144,255,-111
121900236,140,81,59
121900237,130,162,-32
121900238,95,159,-64
121900239,69,33,36
121900240,119,94,25
121900241,6,33,-27
121900242,0,0,0
121900243,0,0,0
121900244,0,0,0
121900245,96,124,-28
121900246,712,326,386
121900248,723,476,247
121900250,206,165,41
121900251,179,9,170
121900252,687,93,594
121900253,95,764,-669
121900254,408,172,236
121900255,73,29,44
121900258,1321,801,520
121900259,291,266,25
121900260,17,115,-98
121900261,77,228,-151
121900262,254,393,-139
121900263,42,199,-157
121900264,1755,700,1055
121900265,46,247,-201
121900266,70,154,-84
121900267,19,5,14
121900269,48,158,-110
121900270,5,61,-56
121900271,16,82,-66
121900273,359,613,-254
121900274,97,180,-83
121900277,103,1250,-1147
121900278,22,592,-570
121900279,69,275,-206
121900280,89,155,-66
121900281,224,39,185
121900284,24,2,22
121900286,32,163,-131
121900287,3,12,-9
121900288,2,1,1
121900290,111,138,-27
121900291,265,319,-54
121900292,114,59,55
121900293,644,2621,-1977
121900294,166,2,164
121900295,9,163,-154
121900296,11,7,4
121900298,94,250,-156
121900299,0,0,0
121900300,6,0,6
121900301,8,0,8
121900302,0,48,-48
121900303,132,377,-245
121900304,0,2,-2
121900305,0,0,0
121900306,16,0,16
121900307,7,14,-7
121900308,17,286,-269
121900309,11,239,-228
121900310,27,586,-559
121900311,124,8,116
121900312,34,2,32
121900313,125,13,112
121900314,0,25,-25
121900315,0,0,0
121900316,0,8,-8
121900317,0,0,0
121900318,0,10,-10
121900319,1,4,-3
121900320,26,85,-59
121900321,0,0,0
121900322,1,32,-31
121900323,6,4,2
121900324,0,21,-21
121900325,0,0,0
121900326,0,6,-6
121900327,0,42,-42
121900328,1,25,-24
121900329,0,217,-217
121900330,0,28,-28
121900331,8,4,4
121900332,37,11,26
121900333,10,1,9
121900334,50,35,15
122000001,2427,2369,58
122000002,5392,1109,4283
122000003,1875,1046,829
122000004,2397,831,1566
122000005,2297,681,1616
122000006,1635,320,1315
122000007,1021,667,354
122000008,5613,2324,3289
122000009,631,139,492
122000010,1938,1653,285
122000011,3063,578,2485
122000012,1026,657,369
122000013,1572,834,738
122000014,1173,1337,-164
122000015,1090,768,322
122000016,401,589,-188
122000017,879,953,-74
122000018,1001,916,85
122000019,522,1247,-725
122000020,162,143,19
122000021,505,284,221
122000022,888,1090,-202
122000023,400,2316,-1916
122000024,1014,628,386
122000025,1153,738,415
122000026,1892,622,1270
122000027,524,3398,-2874
122000028,646,185,461
122000029,285,192,93
122000030,303,60,243
122000031,90,120,-30
122000032,962,1884,-922
122000033,695,456,239
122000034,517,341,176
122000035,290,498,-208
122000036,340,540,-200
122000037,225,238,-13
122000038,223,346,-123
122000039,600,423,177
122000040,350,170,180
122000041,317,417,-100
122000042,169,311,-142
122000043,126,114,12
122000044,99,100,-1
122000045,918,402,516
122000046,362,726,-364
122000047,281,145,136
122000048,2887,2623,264
122000049,3820,1798,2022
122000050,1217,431,786
122000051,318,208,110
122000052,408,162,246
122000053,136,316,-180
122000054,2014,1560,454
122000055,1962,1649,313
122000056,4100,2337,1763
122000057,3039,1890,1149
122000058,4003,955,3048
122000059,2907,1079,1828
122000060,1044,421,623
122000061,779,163,616
122000062,1284,208,1076
122000063,695,274,421
122000064,2793,2338,455
122000065,5152,2274,2878
122000066,1111,888,223
122000067,1180,915,265
122000068,542,916,-374
122000069,411,408,3
122000070,394,2015,-1621
122000071,611,1243,-632
122000072,180,249,-69
122000073,258,257,1
122000074,986,1073,-87
122000075,300,765,-465
122000076,1029,778,251
122000077,993,443,550
122000078,2715,1348,1367
122000079,916,528,388
122000080,569,193,376
122000081,124,149,-25
122000082,1417,513,904
122000083,726,2940,-2214
122000084,614,527,87
122000085,164,1409,-1245
122000086,1650,2709,-1059
122000087,381,116,265
122000088,202,145,57
122000089,4468,2597,1871
122000090,164,282,-118
122000091,173,56,117
122000092,57,4,53
122000093,1064,941,123
122000094,5727,1219,4508
122000095,2718,1025,1693
122000096,1769,967,802
122000098,2157,1227,930
122000099,1651,637,1014
122000100,1267,584,683
122000101,198,1055,-857
122000102,1231,940,291
122000103,821,1088,-267
122000104,175,170,5
122000105,201,218,-17
122000106,553,413,140
122000107,658,299,359
122000108,303,629,-326
122000109,137,259,-122
122000110,205,430,-225
122000111,2285,1153,1132
122000112,422,1281,-859
122000113,297,596,-299
122000114,2029,1150,879
122000115,1579,698,881
122000116,453,576,-123
122000117,827,385,442
122000118,349,631,-282
122000119,2564,1338,1226
122000120,4843,1926,2917
122000121,6415,1925,4490
122000122,1078,1185,-107
122000123,4638,955,3683
122000124,1793,499,1294
122000125,448,540,-92
122000126,902,541,361
122000127,3111,747,2364
122000128,930,997,-67
122000129,309,315,-6
122000130,3035,320,2715
122000131,3116,283,2833
122000132,1479,419,1060
122000133,1076,1828,-752
122000134,424,366,58
122000135,782,1195,-413
122000136,239,107,132
122000137,814,582,232
122000139,1203,2606,-1403
122000140,935,398,537
122000141,4642,748,3894
122000142,396,431,-35
122000143,808,164,644
122000144,3188,588,2600
122000145,1313,704,609
122000146,699,649,50
122000147,867,441,426
122000148,1957,1069,888
122000149,2249,1004,1245
122000150,1335,792,543
122000151,453,366,87
122000152,610,303,307
122000153,593,227,366
122000154,427,180,247
122000155,2165,2062,103
122000156,2375,1624,751
122000157,1741,1007,734
122000158,173,364,-191
122000159,1914,1186,728
122000160,8813,578,8235
122000161,1630,621,1009
122000162,2136,1489,647
122000163,282,70,212
122000164,23,46,-23
122000165,682,560,122
122000166,663,690,-27
122000167,155,169,-14
122000168,183,384,-201
122000169,390,155,235
122000170,151,262,-111
122000171,32,62,-30
122000172,1126,1395,-269
122000173,1114,1746,-632
122000174,1303,587,716
122000175,880,393,487
122000176,241,531,-290
122000177,1315,1110,205
122000178,2293,1670,623
122000179,1531,2055,-524
122000180,1587,618,969
122000181,2400,1490,910
122000182,2792,601,2191
122000183,1346,863,483
122000184,3931,1590,2341
122000185,1501,1063,438
122000186,519,622,-103
122000187,1089,1687,-598
122000188,701,136,565
122000189,295,269,26
122000190,781,1266,-485
122000191,872,372,500
122000192,959,281,678
122000193,257,598,-341
122000194,413,161,252
122000195,98,312,-214
122000196,601,496,105
122000197,432,442,-10
122000198,381,767,-386
122000199,282,370,-88
122000200,1017,397,620
122000201,1062,1418,-356
122000202,760,874,-114
122000203,2751,1233,1518
122000204,1469,1531,-62
122000205,1383,685,698
122000206,2054,927,1127
122000207,1126,1365,-239
122000208,1202,1605,-403
122000209,1794,279,1515
122000210,973,1595,-622
122000211,746,1066,-320
122000212,428,532,-104
122000213,828,1151,-323
122000214,1408,1903,-495
122000215,1133,1368,-235
122000217,1538,1186,352
122000218,478,50,428
122000219,1354,1053,301
122000220,268,836,-568
122000221,102,333,-231
122000222,506,52,454
122000223,640,519,121
122000225,532,379,153
122000226,836,1653,-817
122000227,207,1301,-1094
122000228,346,479,-133
122000229,19,398,-379
122000230,49,927,-878
122000231,143,688,-545
122000232,348,828,-480
122000233,1,117,-116
122000234,76,203,-127
122000235,274,258,16
122000236,361,226,135
122000237,19,51,-32
122000238,63,75,-12
122000239,206,52,154
122000240,513,216,297
122000241,422,291,131
122000242,189,103,86
122000243,105,79,26
122000244,40,540,-500
122000245,95,433,-338
122000246,158,105,53
122000247,413,1262,-849
122000248,1330,2578,-1248
122000249,265,471,-206
122000250,1165,380,785
122000251,241,261,-20
122000252,422,38,384
122000253,63,315,-252
122000254,95,74,21
122000255,475,2325,-1850
122000256,346,1605,-1259
122000257,66,388,-322
122000258,41,194,-153
122000259,21,673,-652
122000260,3,90,-87
122000261,2,213,-211
122000262,0,67,-67
122000263,65,118,-53
122000264,253,532,-279
122000265,1297,627,670
122000266,3211,405,2806
122000267,51,141,-90
122000268,32,440,-408
122000269,377,241,136
122000270,380,86,294
122000271,220,892,-672
122000272,267,1056,-789
122000273,235,443,-208
122000274,59,175,-116
122000275,18,137,-119
122000276,154,459,-305
122000277,445,948,-503
122000278,465,794,-329
122000279,76,811,-735
122000280,461,1044,-583
122000281,286,874,-588
122000282,51,284,-233
122000283,237,59,178
122000284,77,128,-51
122000285,171,110,61
122000286,62,188,-126
122000287,347,1021,-674
122000288,168,215,-47
122000291,479,294,185
122000293,368,630,-262
122000294,47,107,-60
122000295,1045,145,900
122000296,58,475,-417
122000297,2493,1301,1192
122000299,163,350,-187
122000300,348,416,-68
122000301,13010,1729,11281
122000302,772,378,394
122000303,3952,867,3085
122000304,10,140,-130
122000305,635,590,45
122000306,20,836,-816
122000307,98,122,-24
122000309,51,42,9
122000310,10,9,1
122000311,29,27,2
122000312,69,23,46
122000313,13,20,-7
122000314,53,158,-105
122000315,76,12,64
122000316,171,176,-5
122000317,461,139,322
122000318,71,201,-130
122000319,225,414,-189
122000320,267,2129,-1862
122000321,45,250,-205
122000322,2436,1445,991
122000323,1538,975,563
122000324,1083,988,95
122000325,710,695,15
122000326,11,139,-128
122000327,169,473,-304
122000328,1884,1116,768
122000330,1559,570,989
122000332,148,139,9
122000333,21,166,-145
122000337,336,3326,-2990
122000338,131,557,-426
122000340,251,150,101
122000342,2335,1187,1148
122000343,350,1790,-1440
122000344,14,23,-9
122000345,8,22,-14
122000346,175,579,-404
122000348,233,606,-373
122000349,165,866,-701
122000351,56,206,-150
122000352,442,48,394
122000353,26,124,-98
122000355,123,120,3
122000356,1195,652,543
122000357,17,14,3
122000358,0,83,-83
122000359,0,57,-57
122000360,1,84,-83
122000362,5,123,-118
122000364,77,492,-415
122000365,1,28,-27
122000366,4,9,-5
122000368,321,720,-399
122000370,9,101,-92
122000371,2,0,2
122000372,3,0,3
122000381,19,302,-283
122000382,59,334,-275
122000384,3799,1771,2028
122000385,5,0,5
122000386,267,620,-353
122000387,303,522,-219
122000388,1407,295,1112
122000389,147,670,-523
122000390,251,234,17
122000391,192,64,128
122000392,174,339,-165
122000393,15,197,-182
122000394,173,341,-168
122000395,104,155,-51
122000396,177,135,42
122000397,16,128,-112
122000398,32,36,-4
122000399,44,67,-23
122000400,95,279,-184
122000401,54,106,-52
122000402,84,58,26
122000403,160,1194,-1034
122000404,76,185,-109
122000408,1122,1167,-45
122000503,2,53,-51
122000524,184,70,114
122000544,12,994,-982
122000616,692,6,686
122000640,25,312,-287
122000641,35,499,-464
122000642,774,1245,-471
122000643,7,78,-71
122000644,142,37,105
122000645,96,131,-35
122000651,1328,441,887
122000664,141,19,122
122000665,825,557,268
122000666,418,1189,-771
122000673,24,358,-334
122000674,58,40,18
122000675,972,1225,-253
122000686,159,1292,-1133
122000687,349,416,-67
122000688,136,823,-687
122000689,214,530,-316
122000690,284,703,-419
122000691,257,2497,-2240
122000692,508,362,146
122000693,328,1742,-1414
122000695,73,560,-487
122000696,114,258,-144
122000698,56,1141,-1085
122000699,93,40,53
122000701,613,342,271
122000702,322,2121,-1799
122000703,94,22,72
122000712,0,2,-2
122000717,255,45,210
122000718,751,287,464
122000719,33,41,-8
122000720,90,245,-155
122000724,267,437,-170
122900001,5,5,0
122900002,793,1100,-307
122900003,117,26,91
122900004,402,11,391
122900005,41,53,-12
122900006,488,263,225
122900007,104,10,94
122900008,396,54,342
122900009,633,124,509
122900010,119,98,21
122900012,494,203,291
122900014,91,280,-189
122900015,1569,157,1412
122900016,16,269,-253
122900017,621,561,60
122900018,148,5,143
122900019,13,141,-128
122900020,206,284,-78
122900021,39,331,-292
122900022,193,940,-747
122900024,81,108,-27
122900025,4,110,-106
122900026,111,340,-229
122900027,18,620,-602
122900028,92,94,-2
122900029,3040,774,2266
122900030,1173,324,849
122900031,55,109,-54
122900032,79,160,-81
122900033,213,147,66
122900034,2881,2740,141
122900035,0,7,-7
122900036,6,85,-79
122900037,269,155,114
122900038,156,1366,-1210
122900039,117,327,-210
122900040,110,320,-210
122900041,120,132,-12
122900042,75,236,-161
122900043,186,133,53
122900044,70,209,-139
122900045,44,90,-46
122900046,72,51,21
122900047,94,84,10
122900048,26,96,-70
122900049,1429,56,1373
122900051,61,74,-13
122900052,24,118,-94
122900053,12,10,2
122900055,108,49,59
122900057,171,11,160
122900061,382,77,305
122900062,195,280,-85
122900063,90,375,-285
122900064,573,534,39
122900065,130,19,111
122900066,247,271,-24
122900067,1493,815,678
122900069,144,648,-504
122900070,64,38,26
122900071,56,520,-464
122900072,12,295,-283
122900073,38,225,-187
122900074,112,685,-573
122900075,1,74,-73
122900076,2,152,-150
122900077,1,160,-159
122900078,42,190,-148
122900080,40,5,35
122900081,107,83,24
122900082,426,165,261
122900083,180,96,84
122900084,1,158,-157
122900086,2,28,-26
122900087,103,517,-414
122900088,16,53,-37
122900089,3,86,-83
122900090,5,616,-611
122900091,41,1,40
122900092,0,252,-252
122900093,1,376,-375
122900094,5,234,-229
122900095,50,0,50
122900096,38,272,-234
122900097,5,5,0
122900098,126,87,39
122900099,0,3,-3
122900100,62,74,-12
122900101,870,119,751
122900102,11,14,-3
122900103,15,10,5
122900104,10,2,8
122900105,2,2,0
122900106,2,80,-78
122900107,2,181,-179
122900108,5,212,-207
122900109,100,237,-137
123000001,1585,330,1255
123000002,4270,1769,2501
123000003,3360,1989,1371
123000004,3572,3708,-136
123000005,1872,1845,27
123000006,3087,2506,581
123000007,2072,1813,259
123000008,2169,3764,-1595
123000009,3405,2247,1158
123000010,3486,3469,17
123000011,2825,1038,1787
123000012,1167,2471,-1304
123000013,2903,1149,1754
123000014,1325,3524,-2199
123000015,2843,478,2365
123000016,5160,1909,3251
123000017,2402,1167,1235
123000018,19,70,-51
123000019,80,259,-179
123000020,40,100,-60
123000021,22,95,-73
123000022,274,486,-212
123000023,953,948,5
123000024,837,509,328
123000025,52,60,-8
123000026,6,129,-123
123000027,86,232,-146
123000028,327,210,117
123000029,477,307,170
123000030,64,739,-675
123000031,63,340,-277
123000032,102,240,-138
123000033,111,53,58
123000034,455,410,45
123000035,127,176,-49
123000036,145,375,-230
123000037,104,407,-303
123000038,83,183,-100
123000039,609,746,-137
123000040,911,413,498
123000041,635,352,283
123000042,673,522,151
123000043,2373,2940,-567
123000044,5031,1733,3298
123000045,9570,1062,8508
123000046,696,537,159
123000047,2406,745,1661
123000048,37,272,-235
123000049,4860,2559,2301
123000050,465,813,-348
123000051,105,119,-14
123000052,539,1370,-831
123000053,2237,1715,522
123000054,1124,913,211
123000055,527,753,-226
123000056,1083,1929,-846
123000057,13698,3957,9741
123000058,353,579,-226
123000059,255,333,-78
123000060,621,376,245
123000061,105,578,-473
123000063,832,432,400
123000064,901,190,711
123000065,7020,3404,3616
123000066,1062,626,436
123000067,281,531,-250
123000068,2698,3375,-677
123000069,8519,3995,4524
123000070,229,620,-391
123000071,415,1131,-716
123000072,717,1597,-880
123000073,435,884,-449
123000074,833,2218,-1385
123000075,331,571,-240
123000076,379,1447,-1068
123000077,1793,3398,-1605
123000078,756,1786,-1030
123000079,587,1840,-1253
123000080,1324,2311,-987
123000081,189,452,-263
123000082,431,1038,-607
123000083,643,90,553
123000084,261,865,-604
123000085,34,112,-78
123000086,96,449,-353
123000087,57,469,-412
123000088,525,1145,-620
123000089,387,1108,-721
123000090,1015,1310,-295
123000091,1564,1185,379
123000092,1144,1078,66
123000094,251,238,13
123000095,151,471,-320
123000096,187,395,-208
123000097,182,1319,-1137
123000098,343,404,-61
123000099,462,874,-412
123000100,312,408,-96
123000101,392,328,64
123000102,518,521,-3
123000104,299,250,49
123000105,553,503,50
123000106,536,227,309
123000107,511,540,-29
123000108,1127,995,132
123000111,412,167,245
123000112,441,468,-27
123000113,780,1656,-876
123000114,269,420,-151
123000115,164,312,-148
123000116,22,183,-161
123000117,1300,2348,-1048
123000118,323,967,-644
123000119,202,967,-765
123000120,276,837,-561
123000121,391,501,-110
123000122,304,340,-36
123000123,394,445,-51
123000124,666,492,174
123000125,1095,593,502
123000126,1967,1157,810
123000127,1964,707,1257
123000128,288,429,-141
123000129,206,102,104
123000130,199,41,158
123000131,338,318,20
123000132,378,485,-107
123000133,526,294,232
123000134,690,186,504
123000135,883,1010,-127
123000136,107,1216,-1109
123000137,86,393,-307
123000138,70,462,-392
123000139,170,76,94
123000140,155,705,-550
123000141,651,46,605
123000142,742,1002,-260
123000143,1013,2748,-1735
123000144,14,19,-5
123000145,146,80,66
123000146,19,83,-64
123000147,62,75,-13
123000149,325,302,23
123000150,221,191,30
123000151,247,384,-137
123000152,37,288,-251
123000153,156,393,-237
123000154,1909,1311,598
123000155,2177,741,1436
123000156,50,69,-19
123000157,631,810,-179
123000158,840,339,501
123000159,2393,1221,1172
123000160,341,249,92
123000161,785,478,307
123000162,213,782,-569
123000163,132,24,108
123000164,397,132,265
123000165,186,1955,-1769
123000166,16,178,-162
123000167,82,250,-168
123000168,96,401,-305
123000169,217,63,154
123000170,24,359,-335
123000171,79,61,18
123000172,163,814,-651
123000173,226,84,142
123000174,492,102,390
123000175,827,1421,-594
123000176,245,45,200
123000177,207,1181,-974
123000178,245,26,219
123000179,14,844,-830
123000180,745,214,531
123000181,311,1670,-1359
123000182,67,508,-441
123000183,98,114,-16
123000184,53,893,-840
123000185,121,350,-229
123000186,5,699,-694
123000187,169,4,165
123000188,62,2,60
123000189,66,213,-147
123000190,18,64,-46
123000192,6,325,-319
123000193,25,456,-431
123000194,451,295,156
123000195,167,4,163
123000196,98,2,96
123000197,39,70,-31
123000198,2,187,-185
123000199,4,515,-511
123000200,145,5,140
123000201,264,14,250
123000202,15,1282,-1267
123000203,287,20,267
123000204,39,1423,-1384
123000205,211,2182,-1971
123000206,569,73,496
123000207,55,993,-938
123000208,110,45,65
123000209,664,147,517
123000210,297,1574,-1277
123000211,494,2675,-2181
123000212,953,185,768
123000213,93,27,66
123000215,109,73,36
123000216,159,287,-128
123000217,110,24,86
123000218,66,211,-145
123000219,631,17,614
123000220,293,38,255
123000221,93,86,7
123000222,142,359,-217
123000223,47,577,-530
123000224,304,681,-377
123000225,72,55,17
123000226,52,314,-262
123000227,61,385,-324
123000228,92,35,57
123000229,1219,1949,-730
123000232,53,675,-622
123000233,290,55,235
123000234,101,743,-642
123000235,147,204,-57
123000236,88,1001,-913
123000237,150,35,115
123000238,20,641,-621
123000239,379,2116,-1737
123000240,20,143,-123
123000241,884,87,797
123000242,49,170,-121
123000243,323,959,-636
123000244,561,409,152
123000245,30,138,-108
123000249,492,546,-54
123000252,335,72,263
123000253,326,144,182
123000254,303,973,-670
123000255,514,601,-87
123000256,22,219,-197
123000257,2944,2240,704
123000258,686,1214,-528
123000259,77,312,-235
123000260,159,517,-358
123000261,52,160,-108
123000262,62,272,-210
123000263,181,81,100
123000264,121,18,103
123000265,36,185,-149
123000266,298,617,-319
123000267,96,182,-86
123000268,11,65,-54
123000269,16,43,-27
123000270,10,25,-15
123000271,46,88,-42
123000272,664,171,493
123000273,135,363,-228
123000274,611,247,364
123000275,216,894,-678
123000278,2720,2320,400
123000279,48,100,-52
123000280,224,334,-110
123000281,144,47,97
123000282,48,197,-149
123000283,41,28,13
123000284,49,149,-100
123000286,261,156,105
123000287,586,226,360
123000288,558,276,282
123000289,405,349,56
123000291,255,845,-590
123000294,194,238,-44
123000295,533,706,-173
123000296,158,363,-205
123000297,216,1073,-857
123000298,265,673,-408
123000299,43,310,-267
123000300,616,511,105
123000301,41,130,-89
123000302,31,142,-111
123000303,18,91,-73
123000305,906,866,40
123000306,16,256,-240
123000309,56,60,-4
123000310,52,20,32
123000311,0,129,-129
123000312,695,1057,-362
123000313,118,213,-95
123000315,38,290,-252
123000316,1512,168,1344
123000317,199,45,154
123000318,32,306,-274
123000329,4,26,-22
123000337,72,212,-140
123000338,231,37,194
123000339,44,330,-286
123000340,158,366,-208
123000342,6,172,-166
123000343,25,1,24
123000344,661,363,298
123000345,398,611,-213
123000346,165,93,72
123000352,1824,763,1061
123000353,23,127,-104
123000354,91,33,58
123000355,0,381,-381
123000356,71,5,66
123000357,1,253,-252
123000359,3,222,-219
123000360,47,6,41
123000361,396,217,179
123000362,78,102,-24
123000363,42,209,-167
123000364,339,225,114
123000365,31,163,-132
123000366,194,962,-768
123000367,157,1192,-1035
123000370,19,293,-274
123000371,66,3,63
123000372,102,9,93
123000373,4,303,-299
123000374,11,128,-117
123000375,89,17,72
123000376,534,519,15
123000377,106,0,106
123000378,0,425,-425
123000379,2,186,-184
123000380,39,147,-108
123000381,97,33,64
123000382,635,17,618
123000383,134,426,-292
123000384,241,61,180
123000385,290,499,-209
123000436,21,468,-447
123000507,306,356,-50
123000508,316,354,-38
123000517,267,15,252
123000518,35,210,-175
123000519,159,84,75
123000520,41,212,-171
123000521,220,88,132
123000522,132,485,-353
123000541,1,0,1
123000542,1,35,-34
123000565,181,15,166
123000566,27,1041,-1014
123000567,61,286,-225
123000573,24,1071,-1047
123000574,332,44,288
123000575,1130,1130,0
123000576,469,1619,-1150
123000577,70,384,-314
123000578,558,113,445
123000579,4721,1788,2933
123000580,56,13,43
123000582,125,25,100
123000583,14,409,-395
123000584,133,156,-23
123000585,0,113,-113
123000586,2,0,2
123000596,105,113,-8
123000597,36,83,-47
123000602,4,0,4
123000603,144,791,-647
123000604,254,1221,-967
123000605,542,30,512
123000606,0,243,-243
123000609,7,419,-412
123000610,50,102,-52
123000613,50,85,-35
123000614,189,31,158
123000615,104,236,-132
123000616,241,38,203
123000617,39,474,-435
123000618,32,554,-522
123000619,493,18,475
123000620,7,462,-455
123000622,243,17,226
123000624,173,62,111
123000630,361,319,42
123000631,144,2086,-1942
123000632,1166,1070,96
123000633,1,197,-196
123000634,70,19,51
123000635,226,117,109
123000636,21,645,-624
123000637,229,26,203
123000638,246,102,144
123000639,596,1896,-1300
123000640,44,1092,-1048
123000648,88,30,58
123000649,52,682,-630
123900001,1188,47,1141
123900002,3,710,-707
123900003,261,652,-391
123900005,101,60,41
123900006,69,31,38
124000001,1001,140,861
124000002,106,1547,-1441
124000003,200,135,65
124000004,52,689,-637
124000005,396,156,240
124000006,193,1584,-1391
124000007,385,45,340
124000008,9,417,-408
124000009,243,149,94
124000010,54,574,-520
124000011,283,191,92
124000012,142,904,-762
124000017,26,112,-86
124000018,51,123,-72
124000019,56,123,-67
124000020,53,246,-193
124000021,29,83,-54
124000022,87,272,-185
124000023,806,1028,-222
124000024,863,555,308
124000025,756,866,-110
124000026,948,932,16
124000027,4219,2217,2002
124000028,2520,2817,-297
124000030,2690,901,1789
124000031,654,768,-114
124000032,4904,1338,3566
124000033,564,304,260
124000034,1368,1416,-48
124000035,123,50,73
124000036,89,750,-661
124000037,198,231,-33
124000038,50,90,-40
124000039,1296,173,1123
124000040,681,359,322
124000041,165,65,100
124000042,59,243,-184
124000043,211,58,153
124000044,119,305,-186
124000045,376,549,-173
124000046,142,745,-603
124000047,493,869,-376
124000048,283,1810,-1527
124000049,574,630,-56
124000050,315,2446,-2131
124000051,244,507,-263
124000052,329,1518,-1189
124000053,267,664,-397
124000054,526,734,-208
124000055,689,1018,-329
124000056,3579,1378,2201
124000057,475,359,116
124000058,330,1503,-1173
124000059,249,410,-161
124000060,862,834,28
124000061,890,1860,-970
124000062,8131,1677,6454
124000063,1095,1386,-291
124000064,2261,1882,379
124000065,116,207,-91
124000066,264,63,201
124000067,17,143,-126
124000068,19,97,-78
124000069,199,196,3
124000070,87,664,-577
124000071,66,67,-1
124000072,71,595,-524
124000073,359,71,288
124000074,109,926,-817
124000075,56,22,34
124000076,5,195,-190
124000077,1930,530,1400
124000078,2931,267,2664
124000079,764,654,110
124000080,180,70,110
124000081,68,999,-931
124000082,19,108,-89
124000083,19,177,-158
124000084,18,116,-98
124000085,33,55,-22
124000086,134,92,42
124000087,43,56,-13
124000088,130,289,-159
124000089,214,237,-23
124000090,68,369,-301
124000091,131,101,30
124000092,55,662,-607
124000093,57,41,16
124000094,63,296,-233
124000095,44,46,-2
124000096,53,281,-228
124000097,59,71,-12
124000098,58,137,-79
124000099,106,105,1
124000100,13,107,-94
124000101,20,121,-101
124000102,70,126,-56
124000103,25,97,-72
124000104,45,112,-67
124000105,16,39,-23
124000106,72,93,-21
124000107,10,61,-51
124000108,32,29,3
124000109,85,31,54
124000110,88,98,-10
124000111,155,140,15
124000112,347,674,-327
124000113,25,63,-38
124000114,134,567,-433
124000115,309,740,-431
124000116,53,62,-9
124000117,93,55,38
124000118,42,64,-22
124000119,928,470,458
124000120,614,494,120
124000121,2009,1307,702
124000122,546,887,-341
124000123,652,304,348
124000124,229,633,-404
124000125,381,299,82
124000126,306,462,-156
124000127,447,338,109
124000128,680,1136,-456
124000129,1167,1004,163
124000130,489,463,26
124000131,588,507,81
124000132,914,763,151
124000133,421,688,-267
124000134,490,828,-338
124000135,1120,927,193
124000136,835,1033,-198
124000137,992,430,562
124000138,1245,811,434
124000139,303,35,268
124000140,26,339,-313
124000141,208,29,179
124000142,40,429,-389
124000143,29,4,25
124000144,17,200,-183
124000145,41,8,33
124000146,11,126,-115
124000148,9,17,-8
124000149,491,234,257
124000150,284,500,-216
124000151,436,204,232
124000152,592,1075,-483
124000153,316,330,-14
124000154,323,836,-513
124000155,679,548,131
124000156,1107,799,308
124000169,186,299,-113
124000170,596,358,238
124000171,158,246,-88
124000172,214,541,-327
124000173,210,344,-134
124000174,186,725,-539
124000175,2,119,-117
124000176,17,8,9
124000177,22,49,-27
124000178,15,4,11
124000185,1,46,-45
124000186,0,3,-3
124000187,0,5,-5
124000188,0,0,0
124000190,305,47,258
124000191,499,56,443
124000192,1262,263,999
124000193,339,1208,-869
124000194,478,681,-203
124000195,149,485,-336
124000196,746,1137,-391
124000197,39,48,-9
124000198,17,14,3
124000201,167,1018,-851
124000202,307,76,231
124000203,61,1036,-975
124000204,197,409,-212
124000205,21,613,-592
124000206,76,271,-195
124000207,0,47,-47
124000209,149,595,-446
124000210,88,143,-55
124000211,104,3,101
124000212,4,590,-586
124000213,73,344,-271
124000214,143,709,-566
124000215,46,5,41
124000216,2,592,-590
124000329,25,2347,-2322
124000338,22,1105,-1083
124000339,157,46,111
124000341,248,51,197
124000344,16,7,9
124000357,589,954,-365
124000358,610,842,-232
124000359,519,292,227
124000360,279,269,10
124000361,747,674,73
124000362,1329,2177,-848
124000363,236,400,-164
124000364,475,940,-465
124000365,649,1129,-480
124000366,1924,838,1086
124000367,78,649,-571
124000368,167,128,39
124000369,100,103,-3
124000370,63,615,-552
124000402,21,5,16
124000403,17,2,15
124000404,9,95,-86
124000405,919,623,296
124000406,1419,802,617
124000407,3,40,-37
124000411,1,384,-383
124000412,104,13,91
124000413,138,25,113
124000414,23,121,-98
124000415,35,283,-248
124000416,79,399,-320
124000417,99,143,-44
124000418,37,109,-72
124000419,65,253,-188
124000420,18,84,-66
124000421,13,407,-394
124000422,43,7,36
124000423,77,26,51
124000424,3,218,-215
124000425,23,7,16
124000426,1,295,-294
124000427,29,14,15
124000428,10,38,-28
124000429,18,83,-65
124000430,463,656,-193
124000431,475,769,-294
124000432,79,905,-826
124000439,2,5,-3
124000443,1,3,-2
124000445,368,365,3
124000446,3141,98,3043
124000447,11,46,-35
124000448,0,0,0
124000449,0,0,0
124000450,21,264,-243
124000451,6,110,-104
124900001,170,217,-47
124900002,51,488,-437
124900003,269,509,-240
124900004,154,261,-107
124900005,163,180,-17
124900006,187,305,-118
124900008,750,360,390
124900009,74,94,-20
124900010,57,18,39
124900011,121,131,-10
124900012,153,58,95
124900013,111,92,19
124900014,124,54,70
124900015,61,69,-8
124900016,9,32,-23
124900017,411,174,237
124900018,6,11,-5
124900020,8,18,-10
124900021,60,5,55
124900022,17,2,15
124900024,82,5,77
124900026,104,12,92
124900027,51,84,-33
124900028,495,82,413
124900029,0,258,-258
124900030,2,107,-105
124900031,7,296,-289
124900032,176,136,40
124900033,56,304,-248
124900034,2,103,-101
124900035,72,337,-265
124900036,1,31,-30
124900037,75,321,-246
124900038,288,373,-85
124900039,3,29,-26
124900040,32,69,-37
124900041,156,1212,-1056
124900042,26,0,26
124900043,271,1160,-889
124900044,21,0,21
124900045,405,536,-131
124900047,125,157,-32
124900048,82,142,-60
124900050,71,239,-168
124900052,50,275,-225
124900053,17,362,-345
124900054,2701,255,2446
124900055,2,67,-65
124900057,6,54,-48
124900060,60,215,-155
124900061,28,3,25
124900062,24,1,23
124900066,0,21,-21
124900067,2,138,-136
124900068,152,145,7
124900070,16,23,-7
124900072,11,25,-14
124900075,53,213,-160
124900076,19,272,-253
124900077,18,91,-73
124900078,40,6,34
124900079,534,30,504
124900080,113,703,-590
124900081,376,185,191
124900082,196,960,-764
124900083,155,491,-336
124900085,1119,148,971
124900086,44,283,-239
124900087,416,33,383
124900088,499,53,446
124900089,1230,16,1214
124900090,51,99,-48
124900091,136,480,-344
124900092,112,442,-330
124900093,76,138,-62
124900094,80,155,-75
124900095,37,185,-148
124900096,304,81,223
124900097,90,30,60
124900098,68,385,-317
124900099,358,229,129
124900100,43,25,18
124900101,18,535,-517
124900102,60,23,37
124900103,65,268,-203
124900104,31,193,-162
124900105,47,145,-98
124900106,138,16,122
124900107,19,6,13
124900108,136,25,111
124900111,0,55,-55
124900112,50,618,-568
124900113,151,87,64
124900114,324,33,291
124900115,26,29,-3
124900116,42,50,-8
124900117,674,73,601
124900118,108,70,38
124900119,194,70,124
124900120,20,434,-414
124900121,73,87,-14
124900122,573,190,383
124900123,576,37,539
124900124,156,148,8
204000001,45,47,-2
204000002,8,41,-33
204000003,1,1,0
204000004,1,2,-1
204000005,306,195,111
204000006,471,569,-98
204000012,23,110,-87
204000019,380,408,-28
204000020,269,694,-425
204000021,1481,611,870
204000022,254,366,-112
204000023,251,1366,-1115
204000031,52,32,20
204000032,526,30,496
204000034,29,316,-287
204000035,0,3,-3
204000036,4,19,-15
204000037,1,20,-19
204000038,2,40,-38
204000039,4,52,-48
204000040,7,42,-35
204000041,1,40,-39
204000042,8,14,-6
204000043,12,6,6
204000044,22,3,19
204000045,20,28,-8
204000046,13,7,6
204000057,1,62,-61
204000062,8,279,-271
204000068,47,104,-57
204000069,14,109,-95
204000070,28,169,-141
204000080,18,49,-31
204000085,695,1437,-742
204000086,2585,1725,860
204000087,22,14,8
204000088,5,95,-90
204000090,22,498,-476
204000093,175,52,123
204000096,310,511,-201
204000097,167,39,128
204000099,560,752,-192
204000100,419,662,-243
204000105,1532,1095,437
204000110,558,1236,-678
204000111,289,764,-475
204000112,540,906,-366
204000113,381,862,-481
204000114,347,276,71
204000115,265,327,-62
204000116,655,381,274
204000119,820,826,-6
204000132,250,196,54
204000133,421,263,158
204000134,173,136,37
204000135,403,114,289
204000136,180,159,21
204000138,134,336,-202
204000140,130,77,53
204000141,67,47,20
204000144,5,10,-5
204000145,586,18,568
204000146,153,372,-219
204000147,55,199,-144
204000148,438,14,424
204000154,2,1,1
204000155,0,11,-11
204000177,34,68,-34
204000179,4,2,2
204000180,0,73,-73
204000222,2,14,-12
204000235,8,10,-2
204000236,66,314,-248
204000238,20,14,6
204000240,351,51,300
204000263,401,1229,-828
204000268,646,297,349
204000308,116,7,109
204000317,23,70,-47
204000322,4,26,-22
204000323,16,13,3
204000328,233,73,160
204000329,117,80,37
204000330,123,71,52
204000331,57,145,-88
205000001,892,1117,-225
205000013,11,93,-82
205000014,7,115,-108
205000015,36,234,-198
205000016,7,208,-201
205000017,32,113,-81
205000022,282,539,-257
205000025,1542,871,671
205000029,146,4,142
205000045,36,139,-103
205000046,29,585,-556
205000047,28,561,-533
205000048,78,1047,-969
205000049,89,748,-659
205000050,1113,271,842
205000059,0,214,-214
205000060,1,38,-37
205000061,0,22,-22
205000062,0,26,-26
205000063,2,38,-36
205000064,9,102,-93
205000065,42,724,-682
205000066,39,803,-764
205000067,28,1051,-1023
205000069,150,17,133
205000082,74,108,-34
205000110,61,181,-120
205000111,125,208,-83
205000112,38,62,-24
205000113,221,147,74
205000121,64,33,31
205000123,59,187,-128
205000126,138,38,100
205000127,188,45,143
205000128,218,24,194
205000129,124,28,96
205000130,62,9,53
205000131,63,1,62
205000132,144,0,144
205000133,19,0,19
205000134,50,0,50
205000137,100,126,-26
205000138,289,276,13
205000139,29,72,-43
205000144,31,33,-2
205000145,205,76,129
205000151,23,22,1
205000152,68,19,49
205000153,105,12,93
205000154,16,14,2
205000155,40,4,36
205000207,18,152,-134
205000233,3,1,2
205000234,0,0,0
205000243,0,0,0
205000244,0,7,-7
205000245,13,379,-366
205000249,0,26,-26
205000250,4,0,4
205000264,2,109,-107
206000027,9,3,6
206000028,7,1,6
206000043,5,147,-142
206000053,2,8,-6
206000054,35,27,8
206000055,4,42,-38
206000075,7,5,2
206000076,9,14,-5
206000077,14,2,12
206000078,6,8,-2
206000079,37,7,30
206000082,334,17,317
206000100,45,613,-568
206000103,0,0,0
206000104,18,31,-13
206000105,21,29,-8
206000106,10,36,-26
206000125,30,0,30
206000157,65,495,-430
206000170,0,223,-223
206000171,2,253,-251
206000172,9,1190,-1181
206000173,2,391,-389
206000174,5,254,-249
206000175,2,297,-295
206000176,13,503,-490
206000177,2,294,-292
206000178,1,215,-214
206000179,5,158,-153
206000180,25,273,-248
206000181,9,416,-407
206000182,62,385,-323
206000183,39,1296,-1257
206000184,7,454,-447
206000185,7,410,-403
206000186,155,1786,-1631
206000223,4,291,-287
206000226,25,3,22
206000227,34,0,34
206000237,50,628,-578
206000238,58,779,-721
206000239,539,2593,-2054
206000240,114,150,-36
206000241,0,201,-201
206000242,8,554,-546
206000243,10,527,-517
206000244,99,1174,-1075
206000245,300,53,247
206000246,52,5,47
206000247,59,6,53
206000248,112,13,99
206000252,61,13,48
206000258,42,135,-93
206000315,29,9,20
206000317,210,77,133
206000318,83,53,30
206000319,453,95,358
206000320,34,49,-15
206000321,44,10,34
206000322,130,9,121
206000323,69,9,60
206000324,53,7,46
206000325,93,9,84
206000326,52,5,47
206000327,117,8,109
206000328,55,1,54
206000329,67,6,61
206000330,15,14,1
206000331,39,4,35
206000332,12,6,6
206000333,140,2,138
206000334,105,0,105
206000335,0,30,-30
206000361,47,446,-399
206000392,8,70,-62
206000405,105,0,105
206000441,11,9,2
206000498,26,20,6
206000515,170,25,145
206000530,61,39,22
206000531,59,62,-3
206000532,1386,102,1284
206000535,299,2444,-2145
206000536,18,338,-320
206000537,7,158,-151
206000613,1018,96,922
206000784,439,30,409
207000001,119,371,-252
207000002,41,306,-265
207000003,101,255,-154
207000007,549,279,270
207000008,39,11,28
207000009,46,39,7
207000010,407,547,-140
207000012,265,247,18
207000015,294,1737,-1443
207000019,131,79,52
207000021,443,138,305
207000022,53,87,-34
207000023,78,43,35
207000024,3,7,-4
207000025,8,48,-40
207000026,103,66,37
207000027,12,81,-69
207000028,39,269,-230
207000029,217,403,-186
207000033,194,177,17
207000034,177,60,117
207000039,169,156,13
207000040,124,173,-49
207000041,59,78,-19
207000042,128,86,42
207000043,128,228,-100
207000051,58,313,-255
207000052,17,159,-142
207000053,386,668,-282
207000054,43,146,-103
207000055,57,205,-148
207000056,184,456,-272
207000057,120,252,-132
207000058,75,529,-454
207000059,36,1006,-970
207000060,39,333,-294
207000061,57,155,-98
207000062,107,72,35
207000063,145,185,-40
207000064,249,165,84
207000065,144,206,-62
207000066,61,175,-114
207000067,51,133,-82
207000068,92,46,46
207000069,579,335,244
207000082,29,468,-439
207000083,55,386,-331
207000084,121,177,-56
207000085,76,4,72
207000086,61,11,50
207000106,12,41,-29
207000107,31,19,12
207000108,36,14,22
207000109,42,9,33
207000110,35,24,11
207000111,67,64,3
207000112,85,145,-60
207000114,25,19,6
207000115,24,49,-25
207000116,13,195,-182
207000117,7,110,-103
207000118,0,59,-59
207000119,7,93,-86
207000123,205,14,191
207000124,69,15,54
207000125,47,19,28
207000126,85,19,66
207000134,29,327,-298
207000135,26,339,-313
207000148,31,94,-63
207000149,90,22,68
207000152,144,363,-219
207000153,1081,846,235
207000154,351,167,184
207000159,22,290,-268
207000160,42,616,-574
207000238,0,49,-49
207000242,2,152,-150
207000248,35,7,28
207000249,127,45,82
207000250,581,63,518
207000251,80,40,40
207000252,42,46,-4
207000278,38,64,-26
207000279,12,223,-211
207000280,163,56,107
207000281,76,1404,-1328
207000282,97,23,74
207000283,122,185,-63
207000284,34,51,-17
207000285,210,43,167
207000291,6,94,-88
207000304,81,46,35
207000306,52,416,-364
207000310,17,103,-86
207000353,82,1,81
207000356,2,8,-6
207000357,3,7,-4
207000358,8,10,-2
207000415,7,216,-209
207000417,14,0,14
207000418,94,160,-66
207000438,0,2,-2
207000439,1220,294,926
207000446,54,1,53
207000460,6,9,-3
207000466,169,149,20
207000467,84,95,-11
207000468,15,509,-494
207000476,0,88,-88
207000477,159,178,-19
207000478,1,6,-5
207000523,1,14,-13
207000524,8,0,8
207000527,85,135,-50
207000530,60,2,58
207000531,83,1,82
207000532,42,8,34
207000534,721,32,689
207000535,52,122,-70
207000537,18,107,-89
207000540,3,213,-210
207000541,5,276,-271
207000548,6,320,-314
207000549,69,4,65
207000561,50,40,10
207000562,31,236,-205
207000567,125,292,-167
207000568,42,116,-74
207000569,79,1043,-964
207000584,370,98,272
207000585,48,115,-67
207000587,38,42,-4
207000616,1,273,-272
207000617,31,0,31
207000624,37,9,28
207000631,4,21,-17
207900008,54,240,-186
208000001,248,411,-163
208000002,161,405,-244
208000003,393,355,38
208000004,592,573,19
208000005,6,12,-6
208000019,335,598,-263
208000020,65,334,-269
208000021,49,398,-349
208000022,366,572,-206
208000028,905,808,97
208000033,241,557,-316
208000034,747,1219,-472
208000037,196,35,161
208000040,51,153,-102
208000041,478,399,79
208000042,508,426,82
208000047,82,357,-275
208000064,1922,1003,919
208000066,889,499,390
208000070,109,391,-282
208000071,128,620,-492
208000072,133,857,-724
208000080,84,224,-140
208000081,108,152,-44
208000082,139,272,-133
208000083,53,293,-240
208000084,5,6,-1
208000085,621,517,104
208000086,270,873,-603
208000087,143,604,-461
208000089,321,595,-274
208000090,312,949,-637
208000093,31,94,-63
208000094,248,493,-245
208000095,401,236,165
208000104,499,706,-207
208000105,395,811,-416
208000114,25,117,-92
208000115,308,286,22
208000116,133,779,-646
208000117,30,73,-43
208000118,38,59,-21
208000155,390,713,-323
208000158,1340,1550,-210
208000186,1934,1106,828
208000204,265,690,-425
208000205,530,1068,-538
208000282,2064,655,1409
209000004,69,117,-48
209000005,22,16,6
209000006,190,63,127
209000007,198,176,22
209000010,275,116,159
209000011,132,153,-21
209000012,208,229,-21
209000013,120,621,-501
209000014,630,1559,-929
209000025,129,32,97
209000026,386,52,334
209000027,228,1098,-870
209000028,258,1219,-961
209000029,466,1129,-663
209000030,375,1668,-1293
209000031,3789,2571,1218
209000034,114,193,-79
209000035,75,108,-33
209000036,73,84,-11
209000037,109,196,-87
209000038,56,125,-69
209000039,38,159,-121
209000040,202,409,-207
209000041,143,304,-161
209000042,194,306,-112
209000043,605,373,232
209000044,162,397,-235
209000045,714,250,464
209000046,183,302,-119
209000047,122,127,-5
209000048,136,178,-42
209000049,73,173,-100
209000050,182,192,-10
209000051,138,307,-169
209000052,104,321,-217
209000062,20,158,-138
209000063,12,135,-123
209000064,9,145,-136
209000065,18,23,-5
209000066,14,45,-31
209000067,31,57,-26
209000080,20,120,-100
209000082,50,38,12
209000091,36,73,-37
209000093,105,32,73
209000094,131,61,70
209000110,20,44,-24
209000111,311,692,-381
209000112,304,281,23
209000113,813,308,505
209000114,161,195,-34
209000115,71,152,-81
209000116,759,526,233
209000118,3,31,-28
209000119,11,9,2
209000121,99,686,-587
209000135,39,44,-5
209000142,651,560,91
209000143,29,38,-9
209000144,10,77,-67
209000229,76,134,-58
209000240,46,386,-340
209000259,66,110,-44
209000260,25,774,-749
209000261,1,441,-440
209000262,1,463,-462
209000263,0,93,-93
209000264,0,29,-29
209000265,107,1,106
209000266,24,0,24
209000267,135,4,131
209000268,330,8,322
210000037,50,31,19
210000047,19,23,-4
210000048,21,13,8
210000049,68,20,48
210000052,24,142,-118
210000053,18,64,-46
210000054,80,60,20
210000070,22,1,21
210000071,8,1,7
210000072,30,0,30
210000073,0,13,-13
210000074,0,82,-82
210000075,0,40,-40
210000076,1,132,-131
210000077,15,22,-7
210000078,35,20,15
210000079,8,8,0
210000080,66,24,42
210000081,45,5,40
210000082,59,0,59
210000083,83,0,83
210000084,16,0,16
210000085,0,85,-85
210000086,4,126,-122
210000099,32,185,-153
210000100,30,227,-197
210000101,49,174,-125
210000105,45,118,-73
210000159,0,101,-101
210000163,109,180,-71
210000164,265,68,197
210000168,146,17,129
210000187,0,5,-5
210000188,0,25,-25
210000214,5,0,5
210000219,12,37,-25
210000220,38,68,-30
210000232,1,22,-21
210000233,14,33,-19
210000234,23,120,-97
210000235,16,115,-99
210000245,0,30,-30
210000246,5,1,4
210000258,11,132,-121
210000259,115,7,108
210000282,36,138,-102
210000285,1,112,-111
210000286,9,157,-148
210000290,1,4,-3
210000295,20,111,-91
210000296,21,67,-46
210000320,76,84,-8
210000321,33,100,-67
210000338,53,97,-44
210000339,569,454,115
210000340,93,168,-75
210000341,89,159,-70
210000342,84,143,-59
210000343,101,171,-70
210000344,158,92,66
210000345,101,74,27
210000346,34,52,-18
210000347,45,13,32
210000348,32,7,25
210000349,26,16,10
210000350,46,68,-22
210000351,47,86,-39
210000352,43,82,-39
210000353,25,122,-97
210000354,48,108,-60
210000355,25,115,-90
210000356,28,54,-26
210000357,21,26,-5
210000358,273,93,180
210000359,41,53,-12
210000360,97,72,25
210000361,65,112,-47
210000362,168,136,32
210000363,729,88,641
210000364,69,49,20
210000365,60,42,18
210000366,81,33,48
210000367,33,28,5
210000368,93,11,82
210000369,5,37,-32
210000370,19,52,-33
210000372,17,33,-16
210000373,14,6,8
210000374,49,10,39
210000375,25,86,-61
210000376,29,120,-91
210000404,102,103,-1
210000439,12,37,-25
210000472,84,1,83
210000482,62,37,25
210000564,615,85,530
210000567,0,32,-32
210000568,383,1,382
211000092,33,65,-32
211000094,88,12,76
211000169,251,12,239
211000172,8,231,-223
211000209,5,19,-14
211000226,3,17,-14
211000270,11,20,-9
211000275,17,46,-29
211000276,52,44,8
211000279,3,78,-75
211000281,14,60,-46
211000302,11,87,-76
211507980,1,15,-14
211977296,3,1,2
212000003,82,50,32
212000004,22,19,3
212000005,12,31,-19
212000006,7,112,-105
212000008,68,240,-172
212000009,8,159,-151
212000012,21,71,-50
212000013,9,35,-26
212000014,141,126,15
212000015,119,191,-72
212000016,234,436,-202
212000027,318,373,-55
212000028,183,305,-122
212000029,65,171,-106
212000030,17,22,-5
212000031,27,62,-35
212000048,29,75,-46
212000049,8,40,-32
212000050,16,6,10
212000051,83,213,-130
212000052,75,428,-353
212000053,193,518,-325
212000054,60,113,-53
212000055,89,248,-159
212000056,9,31,-22
212000057,5,32,-27
212000058,248,40,208
212000070,57,296,-239
212000077,45,710,-665
212000099,158,156,2
212000108,77,127,-50
212000111,111,170,-59
212000120,60,120,-60
212000138,45,17,28
212000156,0,125,-125
212000158,9,8,1
212000159,115,57,58
212000160,265,174,91
212000161,18,18,0
212000310,7,13,-6
212000311,5,64,-59
212000374,9,9,0
213000001,12,523,-511
213000005,294,66,228
213000006,933,50,883
213000007,47,6,41
213000009,269,158,111
213000010,139,141,-2
213000011,122,69,53
213000012,67,342,-275
213000014,13,2,11
213000015,67,2,65
213000016,61,2,59
213000017,17,0,17
213000018,2,243,-241
213000019,1,158,-157
213000020,54,256,-202
213000021,7,75,-68
213000023,164,129,35
213000033,175,553,-378
213000034,230,245,-15
213000035,48,52,-4
213000045,37,220,-183
213000046,71,128,-57
213000047,261,544,-283
213000056,18,10,8
213000069,33,0,33
213000073,0,5,-5
213000074,161,459,-298
213000075,289,8,281
213000076,30,0,30
213000085,0,29,-29
213000086,8,210,-202
213000091,11,5,6
213000092,13,6,7
213000099,125,704,-579
213000100,998,130,868
213000101,87,146,-59
213000102,109,374,-265
213000103,430,654,-224
213000104,30,420,-390
213000105,1,76,-75
213000106,13,207,-194
213000107,60,774,-714
213000108,7,458,-451
213000109,1,236,-235
213000110,3,55,-52
213000111,6,30,-24
213000112,192,119,73
213000115,22,2,20
213000116,89,574,-485
213000117,3,683,-680
213000118,214,260,-46
213000119,45,757,-712
213000120,43,715,-672
213000122,175,799,-624
213000123,561,959,-398
213000124,30,1307,-1277
213000125,74,13,61
213000126,38,53,-15
213000127,193,87,106
213000128,633,344,289
213000129,397,175,222
213000130,166,109,57
213000132,66,74,-8
213000133,91,79,12
213000134,437,16,421
213000136,106,23,83
213000137,338,38,300
213000139,237,5,232
213000147,6,0,6
213000148,5,7,-2
213000149,13,8,5
213000150,0,70,-70
213000151,0,67,-67
213000152,0,72,-72
213000153,0,16,-16
213000154,7,262,-255
213000155,24,326,-302
213000156,61,584,-523
213000157,639,558,81
213000158,205,577,-372
213000159,318,516,-198
213000163,304,78,226
213000165,452,59,393
213000171,1,190,-189
213000172,2,282,-280
213000173,2,303,-301
213000174,2,203,-201
213000175,2,120,-118
213000176,6,12,-6
213000177,7,1,6
213000178,16,3,13
213000179,61,1,60
213000180,28,0,28
213000184,60,347,-287
213000188,143,63,80
213000189,103,15,88
213000190,740,454,286
213000191,98,414,-316
213000192,62,514,-452
213000193,1420,141,1279
213000194,0,13,-13
213000195,22,483,-461
213000196,120,665,-545
213000197,198,130,68
213000198,12,0,12
213000200,66,936,-870
213000201,169,72,97
213000202,8,583,-575
213000203,2200,311,1889
213000204,338,16,322
213000205,88,16,72
213000206,88,30,58
213000207,28,12,16
213000208,14,1,13
213000209,11,1,10
213000210,147,2,145
213000211,0,3,-3
213000212,2,34,-32
213000213,1,21,-20
213000218,68,908,-840
213000219,501,9,492
213000220,406,5,401
213000223,134,75,59
213000224,4,22,-18
213000225,21,4,17
213000226,23,2,21
213000227,327,125,202
213000228,65,75,-10
213000229,405,16,389
213000230,187,17,170
213000232,34,429,-395
213000233,3,26,-23
213000234,3,19,-16
213000293,3,39,-36
213000294,24,9,15
213000295,8,64,-56
213000296,73,14,59
213000297,5,72,-67
213000298,7,58,-51
213000299,55,43,12
213000300,4,1,3
213000303,3,32,-29
213000304,0,5,-5
213000305,3,8,-5
213000306,26,18,8
213000307,66,93,-27
213000308,60,241,-181
213000309,41,35,6
213000310,168,90,78
213000311,329,450,-121
213000315,22,122,-100
213000316,31,58,-27
213000322,33,169,-136
213000323,23,82,-59
213000324,18,35,-17
213000325,22,73,-51
213000326,3,16,-13
213000327,4,46,-42
213000328,2,80,-78
213000329,29,14,15
213000340,64,977,-913
213000341,98,80,18
213000346,172,28,144
213000347,959,47,912
213000348,20,215,-195
213000349,74,12,62
213000350,124,1188,-1064
213000366,23,232,-209
213000367,98,16,82
213000379,104,155,-51
213000386,1,115,-114
213000406,98,317,-219
213000417,474,208,266
213000425,65,51,14
213000426,88,106,-18
213000427,16,282,-266
213000428,9,229,-220
213000429,22,5,17
213000430,37,798,-761
213000431,30,0,30
213000432,0,7,-7
213000433,4,82,-78
213000434,16,100,-84
213000435,47,73,-26
213000436,3,64,-61
213000437,0,14,-14
213000438,56,28,28
213000439,7,3,4
213000440,0,145,-145
213000441,0,0,0
213000442,0,26,-26
213000443,324,187,137
213000444,9,55,-46
213000445,0,94,-94
213000446,0,5,-5
213000447,2,13,-11
213000448,1,55,-54
213000449,45,1,44
213000450,7,31,-24
213000451,42,63,-21
213000452,18,15,3
213000453,34,204,-170
213000455,273,50,223
213000456,0,223,-223
213000481,7,3,4
213000482,45,0,45
213000489,299,11,288
213000491,0,45,-45
213000492,42,0,42
213000493,0,17,-17
213000494,85,100,-15
213000495,0,119,-119
213000496,135,178,-43
213000497,18,273,-255
213000498,30,223,-193
213000499,67,658,-591
213000500,115,114,1
213000501,31,14,17
213000502,45,22,23
213000503,1,75,-74
213000504,1,195,-194
213000505,4,15,-11
213000506,1,10,-9
213000507,5,156,-151
213900244,10,0,10
213900245,0,36,-36
218000003,14,16,-2
218000004,14,3,11
218000005,16,15,1
218000006,31,52,-21
218000007,1,12,-11
218000012,255,132,123
218000013,59,118,-59
218000014,527,318,209
218000019,840,317,523
218000020,315,363,-48
218000021,16,53,-37
218000022,6,15,-9
218000023,0,23,-23
218000024,0,12,-12
218000025,4,12,-8
218000026,2,40,-38
218000027,2,10,-8
218000028,0,2,-2
218000029,3,1,2
218000030,8,23,-15
218000031,1,24,-23
218000032,1,28,-27
218000040,4,3,1
218000046,18,223,-205
218000047,5,240,-235
218000048,39,286,-247
218000049,52,202,-150
218000050,199,329,-130
218000051,45,429,-384
218000052,4,95,-91
218000053,0,10,-10
218000054,64,37,27
218000055,1,18,-17
218000056,6,51,-45
218000057,1,37,-36
218000064,1,3,-2
218000065,13,54,-41
218000066,12,70,-58
218000067,11,62,-51
218000068,46,112,-66
218000069,72,227,-155
218000070,125,331,-206
218000071,167,307,-140
218000072,275,211,64
218000078,468,1180,-712
218000079,46,35,11
218000080,51,58,-7
218000081,111,273,-162
218000082,10,144,-134
218000083,14,67,-53
218000084,38,216,-178
218000085,108,439,-331
218000086,24,156,-132
218000087,96,225,-129
218000090,5,46,-41
218000091,481,429,52
218000092,24,167,-143
218000093,43,100,-57
218000094,344,884,-540
218000099,244,306,-62
218000100,211,258,-47
218000101,109,148,-39
218000102,103,306,-203
218000103,51,239,-188
218000104,20,67,-47
218000105,25,9,16
218000106,15,4,11
218000107,24,167,-143
218000108,1,77,-76
218000112,36,8,28
218000117,18,50,-32
218000134,257,729,-472
218000135,32,83,-51
218000136,59,40,19
218000137,52,134,-82
218000138,9,73,-64
218000139,49,290,-241
218000140,107,229,-122
218000141,12,34,-22
218000142,59,155,-96
218000143,18,140,-122
218000144,29,68,-39
218000145,152,411,-259
218000146,35,90,-55
218000151,31,17,14
218000152,27,58,-31
218000153,0,0,0
218000154,0,0,0
218000155,0,0,0
218000156,0,0,0
218000157,0,0,0
218000158,0,0,0
218000159,0,0,0
218000160,0,0,0
218000161,0,0,0
218000162,0,0,0
218000163,0,0,0
218000164,0,0,0
218000165,0,0,0
218000170,0,24,-24
218000171,16,19,-3
218000172,12,16,-4
218000173,55,14,41
218000174,13,2,11
218000176,63,18,45
218000177,179,60,119
218000178,67,67,0
218000179,47,50,-3
218000180,44,19,25
218000181,74,10,64
218000187,6,8,-2
218000188,57,47,10
218000189,4,47,-43
218000190,3,12,-9
218000191,59,77,-18
218000192,84,415,-331
218000193,195,515,-320
218000194,38,446,-408
218000195,70,70,0
218000196,181,253,-72
218000197,80,357,-277
218000198,3,165,-162
218000199,15,34,-19
218000200,35,31,4
218000201,22,8,14
218000202,102,163,-61
218000207,12,61,-49
218000208,16,38,-22
218000211,37,15,22
218000212,1,4,-3
218000213,93,50,43
218000214,5,7,-2
218000215,35,107,-72
218000217,4,117,-113
218000218,162,74,88
218000219,5,5,0
218000220,73,201,-128
218000221,298,140,158
218000222,51,7,44
218000223,53,72,-19
218000224,4,34,-30
218000225,161,18,143
218000226,30,30,0
218000230,0,1,-1
218000232,36,78,-42
218000239,26,3,23
218000240,0,1,-1
218000241,11,1,10
218000242,5,1,4
218000243,6,0,6
218000244,7,0,7
218000245,3,1,2
218000246,0,0,0
218000247,0,0,0
218000248,0,25,-25
218000249,0,0,0
218000250,2,7,-5
218000251,1,15,-14
218000252,0,27,-27
218000253,0,14,-14
218000254,0,17,-17
218000255,1,11,-10
218000256,2,48,-46
218000267,873,1214,-341
218000268,5,72,-67
218000269,7,6,1
218000270,38,112,-74
218000271,41,78,-37
218000273,8,7,1
218000274,29,4,25
218000275,14,37,-23
218000276,2,39,-37
218000278,7,25,-18
218000279,26,94,-68
218000280,6,54,-48
218000281,9,12,-3
218000282,367,173,194
218000284,72,6,66
218000301,24,97,-73
218000302,34,34,0
218000303,14,52,-38
218000316,762,1377,-615
218000317,426,1351,-925
218000318,261,1115,-854
218000319,602,1446,-844
218000320,579,751,-172
218000338,12,20,-8
218000345,101,63,38
218000346,48,101,-53
218000459,54,327,-273
218000490,13,38,-25
218000501,15,39,-24
218000502,22,154,-132
218000503,42,7,35
218000504,108,8,100
218000505,34,207,-173
218000506,33,159,-126
218000508,0,3,-3
218000510,157,8,149
218000520,44,97,-53
218000521,2,67,-65
218000522,0,123,-123
218000523,51,17,34
218000524,43,99,-56
218000525,19,7,12
218000526,29,47,-18
218000529,16,244,-228
218000530,0,0,0
218000531,3,29,-26
218000532,8,33,-25
218000534,36,23,13
218000537,32,48,-16
218000538,54,188,-134
218000540,238,88,150
218000543,70,51,19
218000544,41,136,-95
218000545,12,46,-34
218000546,47,119,-72
218000547,66,81,-15
218000548,58,166,-108
218000549,426,96,330
218000550,340,492,-152
218000551,293,194,99
218000552,598,28,570
218000553,15,72,-57
218000554,32,16,16
218000555,5,36,-31
218000556,50,400,-350
218000557,149,145,4
218000558,55,0,55
218000559,0,9,-9
218000560,0,4,-4
218000561,8,1,7
218000562,14,176,-162
218000563,60,13,47
218000564,7,79,-72
218000565,220,17,203
218000566,269,13,256
218000567,16,39,-23
218000568,5,4,1
218000569,12,55,-43
218000570,172,7,165
218000571,1,88,-87
218000572,20,0,20
218000573,33,43,-10
218000574,243,78,165
218000575,22,0,22
218000576,0,71,-71
218000577,9,0,9
218000578,0,106,-106
218000579,25,1,24
218000581,2,34,-32
218000582,3,1,2
218000583,2,0,2
218000584,0,12,-12
218000585,17,1,16
218000586,0,47,-47
218000587,0,1,-1
218000588,0,0,0
218000589,0,0,0
218000590,1,0,1
218000591,0,1,-1
218000592,1,0,1
218000593,0,0,0
218000594,0,0,0
218000596,0,0,0
218000597,0,0,0
218000598,0,0,0
218000599,0,0,0
218000600,1,0,1
218000601,0,0,0
218000602,0,0,0
218000603,0,0,0
218000604,2,0,2
218000605,0,13,-13
218000606,13,0,13
218000607,13,18,-5
218000608,4,9,-5
218000609,2,47,-45
218000610,30,1,29
218000611,9,1,8
218000612,0,41,-41
218000613,6,0,6
218000614,0,49,-49
218000615,25,2,23
218000616,1,148,-147
218000617,3,0,3
218000618,0,19,-19
218000619,7,10,-3
218000620,1,26,-25
218000621,0,1,-1
218000622,0,2,-2
218000623,2,0,2
218000624,0,5,-5
218000625,8,1,7
218000626,0,13,-13
218000628,39,44,-5
218000631,9,27,-18
218000632,0,57,-57
218000633,30,0,30
218000634,8,18,-10
218000635,1,6,-5
218000636,495,1427,-932
218000637,459,637,-178
218000638,30,39,-9
218000639,4,180,-176
218000640,53,17,36
218000641,23,327,-304
218000652,84,148,-64
218000653,135,34,101
218000663,1,101,-100
218000675,24,39,-15
218000676,0,13,-13
218000677,0,0,0
218000680,145,513,-368
218000681,272,119,153
218000691,71,394,-323
218000693,62,73,-11
218000703,7,30,-23
218000718,809,196,613
218000719,994,37,957
218000720,5,33,-28
218000721,37,7,30
218000725,1,6,-5
218001147,0,280,-280
218001214,3,38,-35
218001258,47,4,43
218001329,101,109,-8
218001330,171,93,78
218001351,24,13,11
218001352,1,12,-11
218001353,8,12,-4
218001354,1,19,-18
218001355,10,394,-384
218001356,82,10,72
218001357,23,241,-218
218001358,95,2,93
218001361,41,4,37
218001362,2,242,-240
219000001,15,78,-63
219000002,27,87,-60
219000003,38,29,9
219000004,68,41,27
219000017,44,35,9
219000020,60,4,56
219000022,96,5,91
219000023,46,1,45
219000029,1,102,-101
219000034,10,4,6
219000039,12,39,-27
219000040,11,15,-4
219000041,140,24,116
219000051,0,66,-66
219000052,0,10,-10
219000053,3,299,-296
219000054,10,135,-125
219000055,25,0,25
219000056,3,0,3
219000057,24,0,24
219000062,13,236,-223
219000063,21,2,19
219000064,5,36,-31
219000110,161,23,138
219000111,129,47,82
219000112,139,68,71
219000113,119,32,87
219000114,450,16,434
219000116,73,27,46
219000117,120,183,-63
219000118,42,86,-44
219000123,221,104,117
219000124,34,76,-42
219000125,8,35,-27
219000126,62,126,-64
219000127,2,7,-5
219000128,21,78,-57
219000129,29,112,-83
219000130,1063,661,402
219000131,932,840,92
219000133,25,25,0
219000134,13,8,5
219000135,23,30,-7
219000136,59,145,-86
219000138,40,9,31
219000139,11,41,-30
219000140,11,1,10
219000141,15,168,-153
219000142,9,157,-148
219000143,14,174,-160
219000145,14,54,-40
219000146,12,50,-38
219000147,0,55,-55
219000148,1,76,-75
219000149,28,251,-223
219000150,2,139,-137
219000151,4,102,-98
219000157,141,159,-18
219000158,93,211,-118
219000161,109,10,99
219000163,1499,452,1047
219000166,57,159,-102
219000167,49,222,-173
219000168,611,109,502
219000174,174,81,93
219000175,32,3,29
219000176,27,8,19
219000177,6,2,4
219000178,9,7,2
219000179,5,2,3
219000180,57,18,39
219000182,61,11,50
219000183,11,24,-13
219000184,27,3,24
219000185,0,136,-136
219000186,11,55,-44
219000187,14,172,-158
219000189,224,137,87
219000190,160,174,-14
219000191,1666,646,1020
219000192,121,105,16
219000193,634,167,467
219000195,2,89,-87
219000196,3,133,-130
219000198,22,166,-144
219000199,101,209,-108
219000200,21,249,-228
219000201,103,232,-129
219000203,13,100,-87
219000204,151,168,-17
219000205,64,229,-165
219000207,342,208,134
219000209,17,109,-92
219000210,63,89,-26
219000213,8,268,-260
219000239,131,281,-150
219000240,179,277,-98
219000241,57,263,-206
219000242,107,220,-113
219000243,80,254,-174
219000244,2,91,-89
219000245,56,25,31
219000246,38,20,18
219000247,46,35,11
219000248,360,171,189
219000249,150,50,100
219000250,57,46,11
219000251,316,98,218
219000252,83,83,0
219000253,79,18,61
219000255,77,61,16
219000256,71,53,18
219000257,48,0,48
219000262,83,275,-192
219000263,59,285,-226
219000267,0,187,-187
219000268,4,12,-8
219000269,5,0,5
219000270,4,0,4
219000271,38,7,31
219000278,0,15,-15
219000279,0,2,-2
219000283,0,18,-18
219000295,5,161,-156
219000296,49,608,-559
219000297,12,199,-187
219000298,13,249,-236
219000299,392,34,358
219000300,26,368,-342
219000301,162,321,-159
219000302,14,146,-132
219000307,81,54,27
219000308,70,24,46
219000311,66,41,25
219000312,184,41,143
219000313,111,25,86
219000314,88,528,-440
219000315,75,18,57
219000316,139,11,128
219000317,23,2,21
219000320,1,59,-58
219000321,0,16,-16
219000323,8,113,-105
219000325,1,48,-47
219000326,73,134,-61
219000327,42,38,4
219000328,24,30,-6
219000329,203,99,104
219000330,49,24,25
219000331,21,31,-10
219000332,66,76,-10
219000333,2,4,-2
219000335,46,3,43
219000337,1,0,1
219000338,42,3,39
219000344,36,113,-77
219000345,105,163,-58
219000346,29,208,-179
219000348,57,181,-124
219000349,5,251,-246
219000350,29,65,-36
219000351,0,5,-5
219000352,143,53,90
219000353,71,53,18
219000354,80,101,-21
219000355,75,60,15
219000356,1561,261,1300
219000363,283,36,247
219000364,77,16,61
219000365,64,10,54
219000366,262,67,195
219000368,330,318,12
219000370,954,130,824
219000371,23,11,12
219000382,5,23,-18
219000383,798,495,303
219000385,624,387,237
219000386,947,1073,-126
219000387,0,4,-4
219000390,3,0,3
219000391,3,0,3
219000397,112,111,1
219000398,74,32,42
219000401,8,63,-55
219000402,12,96,-84
219000403,36,163,-127
219000404,15,47,-32
219000407,2,21,-19
219000409,26,19,7
219000410,16,21,-5
219000411,17,15,2
219000446,205,355,-150
219000447,1,17,-16
219000448,2,7,-5
219000452,100,34,66
219000453,48,71,-23
219000454,203,178,25
219000556,80,43,37
219000558,91,305,-214
219000590,15,158,-143
219000591,36,43,-7
219000592,80,422,-342
219000595,0,25,-25
219000635,28,23,5
219000636,12,109,-97
219000657,21,36,-15
219000658,8,38,-30
219000673,0,18,-18
219000676,3,0,3
219000679,8,13,-5
219000684,16,6,10
219000685,0,101,-101
219000686,3,1,2
219000688,0,89,-89
219000689,65,170,-105
219000690,149,11,138
219000691,69,99,-30
219000692,58,14,44
219000693,0,10,-10
219000694,2,0,2
219000695,8,5,3
219000698,12,0,12
219000699,0,13,-13
219000727,0,284,-284
219000728,73,11,62
219000770,8,1,7
219000771,1,31,-30
219000788,251,188,63
219001150,0,8,-8
219001151,0,5,-5
219001166,27,2,25
219001167,2,51,-49
219001178,10,0,10
220000001,13,27,-14
220000002,9,133,-124
220000003,306,295,11
220000004,420,557,-137
220000005,1295,1254,41
220000006,112,941,-829
220000007,162,932,-770
220000008,162,1242,-1080
220000009,135,568,-433
220000010,66,142,-76
220000011,460,1440,-980
220000012,21,106,-85
220000014,53,85,-32
220000015,26,152,-126
220000017,11,223,-212
220000018,3773,731,3042
220000019,47,282,-235
220000020,121,218,-97
220000021,289,161,128
220000022,376,397,-21
220000023,120,162,-42
220000024,1266,274,992
220000025,291,308,-17
220000026,171,108,63
220000027,5,59,-54
220000028,15,23,-8
220000029,40,77,-37
220000030,42,71,-29
220000031,47,286,-239
220000064,15,696,-681
221000046,0,0,0
221000047,0,2,-2
221000048,0,1,-1
221000049,0,11,-11
221000050,5,0,5
221000055,33,36,-3
221000057,51,5,46
221000068,217,61,156
221000069,142,27,115
221000070,60,13,47
221000071,41,8,33
221000072,97,21,76
221000073,106,39,67
221000074,0,11,-11
221000075,13,9,4
221000076,12,28,-16
221000077,30,72,-42
221000081,5,3,2
221000082,22,5,17
221000083,29,2,27
221000084,3,1,2
221000085,12,43,-31
221000086,10,135,-125
221000087,1,165,-164
221000088,10,133,-123
221000089,26,201,-175
221000090,78,386,-308
221000098,77,15,62
221000099,92,7,85
221000100,48,2,46
221000101,306,9,297
221000102,99,4,95
221000109,4,67,-63
221000110,7,85,-78
221000111,26,110,-84
221000112,5,141,-136
221000113,14,118,-104
221000114,7,170,-163
221000120,2,20,-18
221000121,0,25,-25
221000122,4,12,-8
221000123,3,36,-33
221000124,18,350,-332
221000155,88,2,86
221000156,25,29,-4
221000175,4,9,-5
221000176,0,10,-10
221000182,41,1,40
221000241,466,164,302
221000242,204,235,-31
221000243,297,62,235
221000244,136,312,-176
221000245,52,87,-35
221000246,6,193,-187
221000247,24,140,-116
221000248,22,168,-146
221000267,31,616,-585
221000325,74,34,40
221000331,0,51,-51
221000338,5,13,-8
221000378,90,15,75
221000381,62,122,-60
222000282,2,0,2
222000296,4,6,-2
222000568,138,8,130
222000569,64,7,57
222000570,64,3,61
222000571,61,9,52
222000577,1,187,-186
222000578,11,153,-142
222000579,17,93,-76
222000580,99,685,-586
222000599,0,128,-128
222000600,4,295,-291
222000601,5,805,-800
222000603,8,11,-3
222000604,5,14,-9
222000605,5,7,-2
222000606,0,5,-5
222000607,0,1,-1
222000608,0,14,-14
222000609,15,273,-258
222000616,40,35,5
222000617,3,3,0
222000618,4,0,4
222000620,10,4,6
222000621,8,14,-6
222000623,312,5,307
222000624,157,0,157
222000625,243,50,193
222000636,19,1,18
222000686,1,4,-3
222000687,17,37,-20
222001066,100,1,99
222001067,2,3,-1
222001068,2,22,-20
222001069,3,16,-13
222001082,1,37,-36
222001083,3,58,-55
222001084,0,60,-60
222001085,1,93,-92
222001111,10,193,-183
222001112,19,7,12
222001313,4,2,2
222001314,0,74,-74
222001464,37,61,-24
222001465,8,230,-222
222001484,43,61,-18
222001485,7,76,-69
222001494,84,96,-12
222001495,83,512,-429
222001496,125,44,81
222001497,87,629,-542
222001502,26,91,-65
222001503,3,9,-6
222001504,11,288,-277
222001505,14,1,13
222001506,48,189,-141
222001507,19,2,17
222001510,45,7,38
222001511,16,373,-357
222001514,144,17,127
222001515,140,581,-441
222001518,9,7,2
222001519,31,388,-357
222001527,38,3,35
222001528,34,140,-106
222001529,16,5,11
222001530,17,170,-153
222001533,187,355,-168
222001534,11,10,1
222001535,78,85,-7
222001536,65,448,-383
222001537,37,7,30
222001538,32,478,-446
222001563,58,22,36
222001564,27,777,-750
222001568,109,91,18
222001576,0,0,0
222001579,0,1,-1
222001583,7,232,-225
222001584,48,12,36
222001596,357,1244,-887
222001597,688,88,600
222001626,0,182,-182
222001650,43,51,-8
222001651,55,79,-24
222001914,69,4,65
222001915,61,157,-96
222001968,445,145,300
222001969,564,883,-319
222001970,50,144,-94
222001971,4,17,-13
222001972,0,24,-24
225000001,461,66,395
225000002,168,59,109
225000003,182,56,126
225000004,118,124,-6
225000005,11,47,-36
225000006,1,118,-117
225000007,2601,837,1764
225000010,59,5,54
225000011,288,419,-131
225000012,95,235,-140
225000013,36,95,-59
225000014,337,30,307
225000015,96,195,-99
225000021,378,90,288
225000027,185,390,-205
225000032,429,71,358
225000042,38,599,-561
225000049,19,58,-39
225000050,31,9,22
225000053,2,131,-129
225000058,321,82,239
225000067,94,165,-71
225000068,62,424,-362
225000069,236,399,-163
225000070,65,414,-349
225000071,11,261,-250
225000075,30,621,-591
225000076,87,88,-1
225000078,34,13,21
225000085,21,57,-36
225000086,57,28,29
225000087,90,9,81
225000088,6,138,-132
225000089,354,396,-42
225000090,21,284,-263
225000091,39,198,-159
225000092,13,67,-54
225000093,105,430,-325
225000094,8,416,-408
225000095,213,464,-251
225000096,73,346,-273
225000098,198,101,97
225000099,133,76,57
225000100,95,58,37
225000104,36,359,-323
225000110,7,415,-408
225000111,114,879,-765
225000112,136,772,-636
225000113,82,506,-424
225000114,20,273,-253
225000115,2226,324,1902
225000116,869,41,828
225000117,463,195,268
225000118,397,125,272
225000119,53,34,19
225000120,254,33,221
225000121,170,12,158
225000123,526,11,515
225000125,115,206,-91
225000126,667,194,473
225000127,786,409,377
225000128,180,246,-66
225000132,119,12,107
225000133,186,9,177
225000134,304,56,248
225000135,20,1,19
225000136,60,9,51
225000137,40,32,8
225000138,170,11,159
225000143,68,160,-92
225000144,0,307,-307
225000145,7,28,-21
225000146,24,102,-78
225000147,11,351,-340
225000148,1,198,-197
225000149,35,287,-252
225000151,12,286,-274
225000155,138,234,-96
225000156,102,435,-333
225000157,123,295,-172
225000158,47,324,-277
225000171,1,173,-172
225000180,5,1,4
225000181,0,27,-27
225000182,22,4,18
225000185,2,191,-189
225000187,43,326,-283
225000191,10,3,7
225000194,0,13,-13
225000208,1,73,-72
225000209,15,22,-7
225000210,0,166,-166
225000217,0,13,-13
225000218,3,0,3
225000223,0,41,-41
225000224,32,0,32
225000225,1,5,-4
225000226,5,0,5
225000227,31,67,-36
225000228,3,0,3
225000229,0,78,-78
225000230,4,0,4
225000231,3,103,-100
225000232,32,0,32
225000241,35,0,35
225000242,1,46,-45
225000249,1,0,1
225000250,16,755,-739
225000251,135,15,120
226000042,284,350,-66
226000043,56,227,-171
226000044,62,657,-595
226000045,64,377,-313
226000046,135,23,112
226000047,173,32,141
226000048,187,40,147
226000049,123,68,55
226000070,0,54,-54
226000071,1,48,-47
226000072,0,12,-12
226000073,0,6,-6
226000074,1,7,-6
226000084,2,53,-51
226000085,0,1,-1
226000086,3,3,0
226000087,1,5,-4
226000088,9,8,1
226000090,8,17,-9
226000091,2,5,-3
226000092,1,1,0
226000093,22,2,20
226000094,8,1,7
226000095,4,2,2
226000105,4,0,4
226000106,6,0,6
226000107,5,1,4
226000108,11,0,11
226000109,39,0,39
226000124,92,21,71
226000134,245,229,16
226000135,613,385,228
226000136,142,191,-49
226000137,12,462,-450
226000138,7,237,-230
226000139,0,13,-13
226000156,39,5,34
226000157,63,7,56
226000163,36,24,12
226000202,5,393,-388
226000231,97,5,92
226000232,23,7,16
227000033,281,33,248
227000036,155,12,143
227000037,80,14,66
227000038,99,19,80
227000049,0,5,-5
227000050,1,43,-42
227000055,6,5,1
227000056,12,0,12
227000084,1,31,-30
227000085,0,22,-22
227000088,32,1,31
227000089,67,2,65
227000090,13,1,12
227000091,7,1,6
227000093,19,0,19
227000094,28,0,28
227000130,28,49,-21
227000131,6,251,-245
227000132,16,242,-226
227000133,11,265,-254
227000134,13,432,-419
227000152,0,1,-1
227000153,0,29,-29
227000155,0,14,-14
227000156,0,15,-15
227000165,0,38,-38
227000196,118,353,-235
227000199,54,491,-437
227000230,35,597,-562
227000232,186,5,181
227000242,46,412,-366
227000243,346,53,293
227000245,12,366,-354
227000246,58,439,-381
227000247,189,58,131
227000248,66,37,29
227000249,19,243,-224
227000250,367,173,194
227000251,139,409,-270
227000252,9,424,-415
227000253,73,28,45
227000262,206,18,188
227000266,340,15,325
227000267,68,2345,-2277
227000282,4,279,-275
227000284,118,12,106
227000286,3,100,-97
227000287,8,140,-132
227000291,7,627,-620
227000484,532,13,519
227000485,18,646,-628
227000655,32,9,23
227000656,504,20,484
227000657,26,22,4
227000661,168,7,161
227000680,50,14,36
229000265,1,20,-19
229000296,0,8,-8
229000297,7,25,-18
229000298,2,79,-77
229000320,3,4,-1
229000321,4,4,0
229000412,3,36,-33
229000414,4,40,-36
229000415,0,2,-2
229000416,0,11,-11
229000417,1,13,-12
229000419,41,110,-69
229000440,83,51,32
229000442,4,4,0
229000443,0,0,0
229000444,0,29,-29
229000445,4,1,3
229000446,7,9,-2
229000491,0,7,-7
229000492,4,69,-65
229000493,0,38,-38
229000494,0,1,-1
229000495,25,0,25
229000496,6,5,1
229000507,0,1,-1
229000508,0,0,0
229000509,1,5,-4
229000510,0,5,-5
229000511,0,23,-23
229000512,1,12,-11
229000513,0,0,0
229000514,0,0,0
229000517,1,3,-2
229000518,0,13,-13
229000519,0,7,-7
229000520,2,16,-14
229000521,0,2,-2
229000522,0,0,0
229000523,0,0,0
229000524,0,0,0
229000527,0,0,0
229000528,1,0,1
229000529,2,0,2
229000530,16,2,14
229000531,5,1,4
229000532,10,0,10
229000533,46,1,45
229000534,16,1,15
229000564,4,2,2
229000565,1,0,1
229000566,0,6,-6
229000567,0,10,-10
229000582,52,1,51
229000583,2,1,1
229000584,0,3,-3
229000585,0,5,-5
229000718,0,0,0
229000719,0,0,0
229000720,0,1,-1
229000721,0,1,-1
229000722,0,2,-2
229000723,0,2,-2
229000724,0,0,0
229000725,0,0,0
229000738,0,0,0
229000739,0,1,-1
229000740,1,0,1
229000741,0,0,0
229000742,1,0,1
229000743,4,0,4
229000744,1,0,1
229000745,1,0,1
229000746,4,0,4
229000847,11,0,11
229000848,8,0,8
229000849,42,0,42
229000851,10,0,10
229000854,0,79,-79
229000856,2,138,-136
229000857,1,40,-39
229000858,0,112,-112
229000919,2,123,-121
229000930,3,195,-192
229000937,79,20,59
229000966,30,27,3
229000981,9,69,-60
229000985,0,9,-9
229000986,0,0,0
229000987,0,0,0
229000988,0,4,-4
229000989,1,0,1
229000990,0,1,-1
229000991,2,1,1
229000992,2,0,2
229000993,81,7,74
229000998,25,26,-1
229000999,50,7,43
229001034,0,11,-11
229001035,0,0,0
229001037,16,9,7
229001042,3,6,-3
229001047,0,30,-30
229001050,31,29,2
229001168,0,3,-3
229001200,3,0,3
229001338,1,11,-10
229001394,270,2,268
229001422,100,19,81
229001423,24,152,-128
229001431,40,37,3
229001432,35,62,-27
229001444,65,20,45
229001445,23,122,-99
229001479,0,1,-1
229001503,98,84,14
229001504,82,237,-155
229001505,81,58,23
229001506,44,292,-248
229001509,16,23,-7
229001545,27,6,21
229001546,7,107,-100
229001553,33,11,22
229001554,15,113,-98
229001559,2,20,-18
229001560,5,16,-11
229001630,33,8,25
229001631,4,19,-15
229001635,0,2,-2
229001636,0,0,0
229001658,6,59,-53
229001659,143,8,135
229001660,0,0,0
229001661,0,12,-12
229001662,10,1,9
229001663,0,22,-22
229002584,75,58,17
229002831,79,59,20
229002841,3,14,-11
229002842,1,10,-9
229002843,4,15,-11
229002844,5,28,-23
229002845,4,57,-53
229002846,3,11,-8
229002847,4,7,-3
229002848,0,2,-2
229002849,0,43,-43
229002850,0,0,0
229002851,5,50,-45
229002852,9,21,-12
229002853,4,8,-4
229002854,6,34,-28
229002855,2,65,-63
229002856,20,4,16
229002857,0,30,-30
229002858,4,0,4
229002859,10,21,-11
229002860,8,0,8
229002861,15,13,2
229002862,5,27,-22
229002863,1,18,-17
229002864,0,12,-12
229002865,1,7,-6
229002866,0,6,-6
229002867,1,11,-10
229002868,0,10,-10
229002869,10,69,-59
229002870,12,8,4
235000066,280,122,158
235000067,99,138,-39
235000072,22,41,-19
235000073,96,185,-89
235000074,14,86,-72
235000080,7,53,-46
235000081,68,183,-115
235000082,73,118,-45
235000083,61,94,-33
235000084,9,31,-22
235000085,25,44,-19
235000089,16,63,-47
235000092,3,132,-129
235000093,2,1,1
235000097,14,5,9
235000098,35,40,-5
235000099,34,29,5
235000116,45,36,9
235000117,732,8,724
235000133,10,172,-162
235000134,6,80,-74
235000206,3,2,1
235000207,1,2,-1
235000208,0,0,0
235000209,3,0,3
235000210,4,4,0
235000212,0,19,-19
235000213,1,13,-12
235000220,0,1,-1
235000221,15,13,2
235000238,1,13,-12
235000239,0,3,-3
235000242,143,178,-35
235000245,1251,207,1044
235000246,7,43,-36
235000284,1,69,-68
235000295,14,2,12
235000305,26,0,26
235000306,28,1,27
235000307,2,0,2
235000308,3,1,2
235000309,12,0,12
235000310,2,0,2
235000311,25,3,22
235000322,0,15,-15
235000323,0,46,-46
235000324,0,4,-4
235000325,0,13,-13
235000326,3,279,-276
235000351,2,48,-46
235000352,7,55,-48
235000353,0,20,-20
235000354,0,34,-34
235000355,7,67,-60
235000356,8,1,7
235000357,24,5,19
235000358,2,2,0
235000359,0,2,-2
235000360,8,5,3
235000361,17,0,17
235000381,21,366,-345
235000382,56,43,13
235000390,17,8,9
235000391,60,25,35
235000392,34,115,-81
235000393,66,69,-3
235000395,48,27,21
235000396,151,38,113
235000400,41,93,-52
235000401,13,191,-178
235000405,48,478,-430
235000406,53,349,-296
235000407,54,135,-81
235000409,299,188,111
235000410,32,185,-153
235000411,0,67,-67
235000485,0,10,-10
235000486,0,0,0
235000549,29,53,-24
235000550,50,165,-115
235000599,38,66,-28
235000600,8,8,0
235000601,19,12,7
235000602,15,77,-62
235000614,1,2,-1
235000648,0,23,-23
235000649,33,15,18
235000685,1,1,0
235000815,2,18,-16
235000834,0,3,-3
235000855,23,25,-2
235000862,19,248,-229
235000891,0,4,-4
235000892,3,1,2
235000901,44,74,-30
235000907,1,6,-5
235001010,11,31,-20
235001029,659,360,299
235001030,369,152,217
235001078,68,83,-15
235001079,84,145,-61
235001147,26,28,-2
235001166,8,40,-32
235001167,1,43,-42
235001169,10,207,-197
235001188,1,6,-5
235001189,0,3,-3
235001197,7,40,-33
235001200,43,27,16
235001207,140,71,69
235001210,24,378,-354
235001215,32,265,-233
235001239,2,33,-31
235001244,0,3,-3
235016267,0,11,-11
277101746,0,0,0
277102712,7,18,-11
277103813,0,0,0
277103814,0,0,0
277103898,0,1,-1
277104249,0,9,-9
277104250,0,3,-3
277104251,0,19,-19
277104252,0,2,-2
990011530,0,207,-207
990014944,3,469,-466
990015176,4,2,2
990015618,0,45,-45
990016032,1,282,-281
990032570,0,36,-36
990070001,38,28,10
990070103,0,4,-4
990070601,0,37,-37
990070751,112,0,112
990070766,2,885,-883
990071180,137,114,23
990071343,7,0,7
990071387,0,5,-5
990071823,123,3,120
990072600,0,530,-530
990072964,1,549,-548
990073285,0,1,-1
990074393,5,877,-872
990074870,195,22,173
990075106,178,2,176
990075746,58,4,54
990076437,146,6,140
990076458,1,1140,-1139
997000007,65,2,63
997000041,0,79,-79
997000058,24,1,23
997000062,23,0,23
997000069,0,13,-13
997000070,0,22,-22
997000100,2,1,1
997000141,0,99,-99
997000198,422,162,260
998000475,0,16,-16
998000736,0,266,-266
998000965,0,1,-1
998001031,0,41,-41
998001700,0,27,-27
998001899,0,2,-2
998001900,4,4,0
998003073,322,19,303
998101900,0,0,0
998102850,0,76,-76
998501927,191,261,-70
998501929,70,4,66
998501930,40,0,40
998501931,34,25,9
998501932,3,0,3
998501933,4,0,4
998501937,7,2,5
998501944,2,0,2
998501950,0,4,-4
998501970,9,4,5
998501971,0,62,-62
998501973,2,56,-54
998501974,1,216,-215
998501975,63,41,22
998501976,23,2,21
998501977,1,19,-18
998501978,15,1,14
998501979,0,6,-6
998501980,105,33,72
998501981,16,1,15
998501982,0,44,-44
998501983,0,0,0
998502006,0,0,0
998502024,0,2,-2
998502032,0,2,-2
998502062,6,0,6
998502063,0,0,0
998502173,29,0,29
998502269,0,2,-2
998502546,0,78,-78
998502578,0,0,0
998502599,125,81,44
998502621,0,0,0
998601159,0,336,-336
998601292,0,9,-9
999033574,0,586,-586
999800001,14,1,13
999800002,0,4,-4
999800003,2,5,-3
999800004,0,5,-5
999800005,0,8,-8
