ID,insum,outsum,diff
100000001,842,702,140
100000002,5752,11457,-5705
100000003,4898,8031,-3133
100000004,322,1396,-1074
100000005,3452,4544,-1092
100000006,567,446,121
100000007,2656,928,1728
100000008,83,917,-834
100000009,393,604,-211
100000010,8,160,-152
100000011,417,138,279
100000012,41,433,-392
100000013,8,201,-193
100000014,147,935,-788
100000015,1520,2230,-710
100000016,350,2804,-2454
100000017,276,4004,-3728
100000018,923,740,183
100000019,4319,4177,142
100000020,1567,7088,-5521
100000021,7016,1696,5320
100000022,752,6459,-5707
100000023,5640,4115,1525
100000025,676,2731,-2055
100000028,426,4599,-4173
100000029,35,1536,-1501
100000030,44,32,12
100000031,2272,10189,-7917
100000032,2816,7059,-4243
100000033,948,5365,-4417
100000034,221,2438,-2217
100000035,703,1753,-1050
100000036,650,2257,-1607
100000037,911,553,358
100000038,3005,1095,1910
100000039,216,537,-321
100000040,604,190,414
100000041,1693,574,1119
100000042,1552,346,1206
100000043,659,292,367
100000044,229,399,-170
100000045,217,608,-391
100000046,374,757,-383
100000047,180,359,-179
100000048,182,788,-606
100000049,1633,1440,193
100000051,735,476,259
100000053,58,6,52
100000054,221,33,188
100000055,573,313,260
100000056,332,805,-473
100000057,2053,722,1331
100000058,854,635,219
100000059,16,345,-329
100000060,893,462,431
100000061,2338,769,1569
100000062,1482,926,556
100000063,994,428,566
100000064,1574,825,749
100000065,382,862,-480
100000066,189,564,-375
100000067,199,916,-717
100000068,507,1514,-1007
100000069,286,1147,-861
100000072,239,442,-203
100000073,1255,1007,248
100000075,1249,246,1003
100000076,1885,6973,-5088
100000077,83,928,-845
100000078,12,63,-51
100000079,7,54,-47
100000080,4,69,-65
100000081,23,176,-153
100000102,3759,11523,-7764
100000103,2575,2716,-141
100000104,7159,2481,4678
100000105,1081,3398,-2317
100000106,781,6114,-5333
100000107,99,1916,-1817
100000108,315,2008,-1693
100000109,565,3110,-2545
100000116,255,778,-523
100000117,57,154,-97
100000118,499,1801,-1302
100000119,1014,1525,-511
100000121,104,853,-749
100000122,631,6644,-6013
100000123,976,3227,-2251
100000124,2092,2884,-792
100000125,13696,3092,10604
100000126,635,2496,-1861
100000127,1304,2498,-1194
100000128,431,5255,-4824
100000129,387,1417,-1030
100000130,945,208,737
100000131,850,1671,-821
100000132,1481,1576,-95
100000133,1286,606,680
100000135,729,1326,-597
100000139,150,556,-406
100000140,149,254,-105
100000142,576,1053,-477
100000143,1833,480,1353
100000144,1751,590,1161
100000147,2411,5732,-3321
100000150,121,923,-802
100000151,410,3509,-3099
100000153,33,874,-841
100000154,19,1782,-1763
100000155,5,110,-105
100000156,144,246,-102
100000157,242,215,27
100000158,213,166,47
100000159,102,2971,-2869
100000165,847,826,21
100000169,30,3285,-3255
100000174,253,1809,-1556
100000179,104,1689,-1585
100000180,564,2782,-2218
100000181,362,612,-250
100000188,79,263,-184
100000189,884,420,464
100000190,505,2584,-2079
100000191,1235,861,374
100000192,58,118,-60
100000193,354,188,166
100000330,690,1282,-592
100000355,303,687,-384
100000362,2436,1102,1334
100000363,6953,9671,-2718
100000364,120,343,-223
100000365,7606,12002,-4396
100000366,1664,1353,311
100000367,7326,8815,-1489
100000368,2035,1528,507
100000369,722,3164,-2442
100000370,260,1139,-879
100000376,34,427,-393
100000379,848,6574,-5726
100000380,3164,14904,-11740
100000384,6636,11036,-4400
100000385,1853,7492,-5639
100000386,1848,10195,-8347
100000387,5449,12478,-7029
100000388,1674,4868,-3194
100000389,5160,9478,-4318
100000390,2987,4320,-1333
100000391,2696,9394,-6698
100000392,658,3352,-2694
100000393,724,6245,-5521
100000394,2102,7821,-5719
100000395,1087,7587,-6500
100000396,1104,2555,-1451
100000397,1989,9935,-7946
100000398,6332,5139,1193
100000413,0,2,-2
100900002,12,32,-20
100900003,627,317,310
100900004,8,999,-991
100900005,191,23,168
100900006,30,13,17
100900007,274,1,273
100900008,1,509,-508
100900009,12,64,-52
100900010,44,7,37
100900011,274,45,229
100900012,1,200,-199
100900013,1040,2,1038
100900014,7,0,7
100900015,32,70,-38
100900016,0,17,-17
100900017,1393,65,1328
100900018,1,3,-2
100900019,71,58,13
100900020,571,6,565
100900021,521,1,520
100900022,3,21,-18
100900023,0,55,-55
100900024,421,1,420
100900025,2,1,1
100900026,99,67,32
100900027,585,3078,-2493
100900028,50,651,-601
100900029,21,1,20
100900030,2,523,-521
100900031,1178,39,1139
100900032,544,0,544
100900033,80,775,-695
100900034,1780,2,1778
100900035,231,0,231
100900036,4,0,4
100900037,123,61,62
100900038,11,347,-336
100900039,210,104,106
100900040,667,219,448
100900041,1931,246,1685
100900042,243,4186,-3943
100900043,1,106,-105
100900044,1245,971,274
100900045,5,0,5
100900046,1219,4,1215
100900047,595,125,470
100900048,154,17,137
100900049,34,105,-71
100900050,15,46,-31
100900051,21,291,-270
100900052,342,15,327
100900053,817,28,789
100900054,7,9,-2
100900055,838,1844,-1006
100900056,21,54,-33
100900057,3725,520,3205
100900058,135,30,105
100900059,113,0,113
100900060,208,2,206
100900061,96,253,-157
100900062,1,6,-5
100900063,250,1160,-910
100900064,682,13,669
100900065,43,207,-164
100900066,182,51,131
100900067,1,8,-7
100900068,95,79,16
100900069,149,3,146
100900070,807,4,803
100900071,146,113,33
100900072,1,22,-21
100900073,178,438,-260
100900074,0,11,-11
100900075,2141,90,2051
100900076,2,31,-29
100900077,65,3,62
100900078,296,260,36
100900079,3,6,-3
100900080,110,48,62
100900081,16,145,-129
100900082,346,81,265
100900083,4,61,-57
100900085,2,717,-715
100900086,40,408,-368
100900088,296,102,194
100900089,3,27,-24
100900090,115,1705,-1590
100900091,5,1,4
100900092,75,138,-63
100900093,335,701,-366
100900094,198,96,102
100900095,1,26,-25
100900096,24,662,-638
100900097,5,1,4
100900098,4,48,-44
100900099,21,533,-512
100900100,19,342,-323
100900101,190,49,141
100900102,2,34,-32
100900103,9,3,6
100900104,3,268,-265
100900105,21,523,-502
100900106,8,5,3
100900107,3212,782,2430
100900108,0,13,-13
100900109,5,72,-67
100900110,2,39,-37
100900111,12,267,-255
100900112,2,5,-3
100900113,5,11,-6
100900114,2,13,-11
100900115,1,71,-70
100900116,1178,407,771
100900117,250,1061,-811
100900118,29,112,-83
100900119,1,6,-5
100900120,26,21,5
100900121,428,368,60
100900122,45,94,-49
100900123,218,50,168
100900124,1,10,-9
100900125,8,24,-16
100900126,679,56,623
100900127,6,6,0
100900128,53,986,-933
100900129,0,395,-395
100900131,11,92,-81
100900133,56,11,45
100900134,1,11,-10
100900135,0,718,-718
100900137,417,202,215
100900138,302,649,-347
100900139,2,5,-3
100900140,3,192,-189
100900141,3,948,-945
100900142,0,4,-4
100900143,360,1115,-755
100900144,1,0,1
100900145,74,264,-190
100900146,12,20,-8
100900147,11,3640,-3629
100900148,82,185,-103
100900149,9,642,-633
100900150,1,30,-29
100900151,52,351,-299
100900152,199,2,197
100900153,1,272,-271
100900154,1,237,-236
100900155,2,5,-3
100900156,17,0,17
100900157,5,303,-298
100900159,5,88,-83
100900160,50,1,49
100900161,24,1,23
100900162,3,145,-142
100900163,83,57,26
100900164,220,25,195
100900165,31,111,-80
100900166,11,0,11
100900167,14,49,-35
100900168,9,51,-42
100900169,38,1289,-1251
100900170,26,8,18
100900171,9,564,-555
100900172,0,119,-119
100900173,3,129,-126
100900174,33,19,14
100900176,1755,602,1153
100900177,459,373,86
100900178,129,237,-108
100900179,260,392,-132
100900180,4,0,4
100900181,20,54,-34
100900182,37,16,21
100900184,29,53,-24
100900186,488,299,189
100900187,55,67,-12
100900188,8,4,4
100900189,2718,104,2614
100900191,562,1243,-681
100900192,180,505,-325
100900195,87,843,-756
100900197,49,101,-52
100900198,53,26,27
100900199,3,1,2
100900200,943,312,631
100900201,71,805,-734
100900202,67,0,67
100900203,1,126,-125
100900204,42,741,-699
100900205,251,609,-358
100900206,186,204,-18
100900207,229,83,146
100900210,117,146,-29
100900211,698,91,607
100900213,156,17,139
100900214,377,162,215
100900215,110,20,90
100900217,110,161,-51
101000001,1902,2137,-235
101000002,8073,10305,-2232
101000003,476,905,-429
101000004,8195,6314,1881
101000005,4517,6321,-1804
101000006,11594,12184,-590
101000007,5032,5964,-932
101000008,2011,3051,-1040
101000009,3081,947,2134
101000010,1322,1089,233
101000011,1919,442,1477
101000012,310,754,-444
101000013,488,1631,-1143
101000014,414,501,-87
101000015,2623,2075,548
101000016,169,1218,-1049
101000017,327,727,-400
101000018,1593,12794,-11201
101000020,1641,2254,-613
101000021,567,1589,-1022
101000022,67,446,-379
101000023,1088,1211,-123
101000025,386,890,-504
101000026,316,45,271
101000027,1827,4882,-3055
101000028,1039,397,642
101000029,71,1553,-1482
101000030,786,109,677
101000031,65,644,-579
101000032,1734,5481,-3747
101000033,1335,8370,-7035
101000034,674,4240,-3566
101000035,271,750,-479
101000036,442,3789,-3347
101000037,1156,5781,-4625
101000039,1739,5643,-3904
101000040,2835,8810,-5975
101000041,1999,7438,-5439
101000042,55,1184,-1129
101000043,3221,9803,-6582
101000045,239,1071,-832
101000046,1041,2389,-1348
101000047,977,4868,-3891
101000048,592,711,-119
101000049,559,3355,-2796
101000050,521,2380,-1859
101000051,432,2306,-1874
101000052,1941,2318,-377
101000053,436,1971,-1535
101000054,2755,1095,1660
101000055,1325,2094,-769
101000056,29,259,-230
101000057,639,4233,-3594
101000058,722,3043,-2321
101000059,2639,3790,-1151
101000060,2709,2118,591
101000061,273,2877,-2604
101000062,235,994,-759
101000063,206,2496,-2290
101000064,272,2114,-1842
101000065,175,1729,-1554
101000066,296,2274,-1978
101000067,239,965,-726
101000068,70,382,-312
101000069,200,132,68
101000070,340,853,-513
101000071,5076,2037,3039
101000072,704,2964,-2260
101000073,377,1390,-1013
101000074,1764,3697,-1933
101000075,1754,3444,-1690
101000077,1856,1666,190
101000078,682,1373,-691
101000079,774,1255,-481
101000080,707,1047,-340
101000081,1827,1572,255
101000082,2192,2176,16
101000083,3845,2699,1146
101000084,1228,577,651
101000085,1720,1703,17
101000086,944,1407,-463
101000087,1016,1117,-101
101000088,2065,1510,555
101000089,1222,2040,-818
101000090,1817,668,1149
101000091,836,453,383
101000092,2946,636,2310
101000093,2033,559,1474
101000094,1197,802,395
101000095,691,532,159
101000096,850,297,553
101000097,438,1470,-1032
101000098,409,1635,-1226
101000099,599,1403,-804
101000100,772,1972,-1200
101000101,180,1810,-1630
101000102,357,2471,-2114
101000103,414,1805,-1391
101000104,294,1020,-726
101000105,267,848,-581
101000106,131,3202,-3071
101000107,352,850,-498
101000108,698,109,589
101000109,1044,243,801
101000110,35,204,-169
101000111,46,220,-174
101000113,139,1300,-1161
101000114,1806,7132,-5326
101000115,47,18,29
101000116,5,40,-35
101000117,1390,324,1066
101000119,19,98,-79
101000120,84,177,-93
101000121,16,71,-55
101000122,96,89,7
101000123,33,97,-64
101000124,428,562,-134
101000125,84,185,-101
101000128,115,2443,-2328
101000130,206,156,50
101000131,1880,421,1459
101000132,1103,490,613
101000135,8,47,-39
101000136,114,182,-68
101000137,15,762,-747
101000141,586,6725,-6139
101000147,1725,372,1353
101000148,1230,14,1216
101000149,53,99,-46
101000150,215,251,-36
101000151,420,58,362
101000152,449,554,-105
101000153,474,195,279
101000154,592,757,-165
101000155,680,259,421
101000156,44,758,-714
101000157,52,429,-377
101000160,12,20,-8
101000163,55,822,-767
101000164,284,146,138
101000165,349,755,-406
101000166,218,323,-105
101000168,1132,751,381
101000252,3235,1203,2032
101000254,42,65,-23
101000258,60,3,57
101000261,39,80,-41
101000262,3281,8248,-4967
101000263,409,1562,-1153
101000265,141,890,-749
101000266,377,198,179
101000269,7,58,-51
101000290,252,4106,-3854
101000293,9,39,-30
101000294,919,914,5
101000295,467,224,243
101000301,197,1097,-900
101000304,3062,6318,-3256
101000305,3470,2657,813
101000328,158,1656,-1498
101900001,30,19,11
101900002,0,8,-8
101900003,12,354,-342
101900004,0,356,-356
101900005,1391,5219,-3828
101900006,2491,206,2285
101900007,643,453,190
101900008,80,650,-570
101900009,61,548,-487
101900010,656,960,-304
101900011,78,1865,-1787
101900012,612,106,506
101900013,640,77,563
101900017,17,156,-139
101900018,1085,348,737
101900019,13,161,-148
101900020,107,67,40
101900021,1,48,-47
101900022,225,730,-505
101900023,201,67,134
101900026,113,33,80
101900027,19,88,-69
102000001,4400,9574,-5174
102000002,2621,7616,-4995
102000003,2278,6505,-4227
102000004,7654,5054,2600
102000005,2045,4773,-2728
102000006,936,1737,-801
102000007,3196,5467,-2271
102000008,7546,2056,5490
102000009,10554,10486,68
102000010,4828,3124,1704
102000011,6501,6925,-424
102000012,4463,3356,1107
102000018,4296,3975,321
102000019,3559,2199,1360
102000026,1016,542,474
102000029,368,415,-47
102000030,164,478,-314
102000031,74,196,-122
102000032,800,581,219
102000033,516,298,218
102000034,749,481,268
102000035,1272,590,682
102000036,67,263,-196
102000037,170,62,108
102000038,100,577,-477
102000039,76,288,-212
102000040,256,380,-124
102000041,61,1002,-941
102000042,29,648,-619
102000043,103,814,-711
102000044,574,1872,-1298
102000045,1046,1386,-340
102000046,2022,951,1071
102000047,1338,1083,255
102000048,883,626,257
102000049,1099,1580,-481
102000050,2430,1784,646
102000051,181,1030,-849
102000052,1465,1704,-239
102000053,1022,1982,-960
102000054,1109,1011,98
102000055,1662,236,1426
102000056,2775,299,2476
102000057,2600,700,1900
102000058,924,803,121
102000059,1164,1758,-594
102000060,1114,1135,-21
102000061,2002,2086,-84
102000062,2846,1024,1822
102000063,1255,1719,-464
102000064,787,668,119
102000065,48,96,-48
102000066,941,852,89
102000067,8560,5544,3016
102000068,10161,4448,5713
102000069,102,2780,-2678
102000070,2469,33,2436
102000071,8154,13777,-5623
102000072,2929,4783,-1854
102000073,993,634,359
102000074,1051,1054,-3
102000075,159,214,-55
102000076,584,153,431
102000077,952,274,678
102000078,1596,339,1257
102000079,241,66,175
102000080,631,142,489
102000081,257,737,-480
102000082,601,342,259
102000083,1410,286,1124
102000084,955,166,789
102000085,2311,807,1504
102000086,2064,825,1239
102000087,750,1456,-706
102000088,592,361,231
102000089,2043,373,1670
102000090,319,1391,-1072
102000091,1203,646,557
102000092,261,563,-302
102000093,1385,824,561
102000094,464,315,149
102000095,672,1203,-531
102000096,386,412,-26
102000097,632,391,241
102000098,279,424,-145
102000099,704,877,-173
102000100,272,894,-622
102000101,298,380,-82
102000102,333,1262,-929
102000103,4193,497,3696
102000104,871,655,216
102000105,359,668,-309
102000106,1047,476,571
102000107,3118,258,2860
102000108,935,337,598
102000109,1409,571,838
102000110,1940,829,1111
102000111,26,577,-551
102000112,145,179,-34
102000113,37,47,-10
102000114,1432,438,994
102000115,262,487,-225
102000116,287,828,-541
102000117,68,1321,-1253
102000118,1169,2072,-903
102000119,948,1593,-645
102000120,264,713,-449
102000121,1110,319,791
102000122,407,974,-567
102000123,1183,651,532
102000124,1452,1411,41
102000125,393,563,-170
102000126,430,691,-261
102000127,1294,452,842
102000128,682,856,-174
102000129,1366,483,883
102000130,565,763,-198
102000131,564,647,-83
102000132,185,690,-505
102000133,4429,2489,1940
102000134,1137,1044,93
102000135,855,744,111
102000136,987,488,499
102000137,388,474,-86
102000138,364,219,145
102000139,93,751,-658
102000140,87,712,-625
102000141,159,418,-259
102000142,414,361,53
102000143,552,219,333
102000144,411,231,180
102000145,506,322,184
102000146,457,322,135
102000147,560,408,152
102000148,385,1016,-631
102000149,549,129,420
102000150,973,95,878
102000151,141,120,21
102000152,365,205,160
102000153,763,795,-32
102000154,129,349,-220
102000155,55,665,-610
102000156,264,175,89
102000157,53,1744,-1691
102000158,252,462,-210
102000159,2918,1630,1288
102000161,3421,2623,798
102000162,162,287,-125
102000163,151,449,-298
102000164,818,868,-50
102000165,225,281,-56
102000166,44,275,-231
102000167,187,319,-132
102000168,238,192,46
102000169,128,730,-602
102000170,1073,199,874
102000171,84,193,-109
102000172,20,389,-369
102000173,504,353,151
102000174,225,75,150
102000175,29,54,-25
102000176,46,74,-28
102000178,246,709,-463
102000179,575,384,191
102000180,1441,233,1208
102000181,1333,393,940
102000182,645,351,294
102000183,2355,1077,1278
102000184,2507,622,1885
102000185,3421,621,2800
102000186,2357,1043,1314
102000187,1306,863,443
102000188,1788,1522,266
102000189,2241,338,1903
102000190,536,2592,-2056
102000191,988,323,665
102000192,2861,2053,808
102000193,227,154,73
102000194,41,521,-480
102000195,814,741,73
102000196,360,432,-72
102000197,1435,168,1267
102000198,287,397,-110
102000199,1648,153,1495
102000200,422,685,-263
102000201,1759,501,1258
102000202,15,167,-152
102000203,845,212,633
102000204,1176,783,393
102000205,1709,750,959
102000206,880,407,473
102000207,1130,613,517
102000208,575,978,-403
102000209,77,296,-219
102000210,861,625,236
102000211,861,205,656
102000212,633,4,629
102000213,6,213,-207
102000214,611,8,603
102000215,19,252,-233
102000216,197,130,67
102000217,22,83,-61
102000218,294,240,54
102000219,173,87,86
102000225,270,603,-333
102000226,226,252,-26
102000227,129,1,128
102000228,0,214,-214
102000229,86,61,25
102000230,445,287,158
102000231,369,278,91
102000232,143,309,-166
102000233,1961,522,1439
102000234,114,1190,-1076
102000236,424,56,368
102000237,1438,960,478
102000238,248,432,-184
102000240,407,1074,-667
102000241,251,76,175
102000243,24,75,-51
102000245,4,100,-96
102000246,8,120,-112
102000247,223,355,-132
102000248,228,1041,-813
102000249,201,119,82
102000250,92,153,-61
102000254,523,185,338
102000266,6,423,-417
102000271,52,0,52
102000286,542,395,147
102000297,3225,1263,1962
102000299,3,22,-19
102000301,0,0,0
102000303,0,0,0
102000305,0,0,0
102000307,0,1,-1
102900001,787,322,465
102900002,297,43,254
102900003,144,124,20
102900005,686,150,536
102900006,546,56,490
102900007,1024,8,1016
102900008,284,21,263
102900009,207,350,-143
102900010,119,985,-866
102900011,983,765,218
102900012,395,183,212
102900013,59,4,55
102900015,751,752,-1
102900016,93,4,89
102900017,372,71,301
102900018,98,37,61
102900019,502,896,-394
102900020,445,44,401
102900021,54,21,33
102900022,46,52,-6
102900023,20,19,1
102900024,62,31,31
102900025,45,35,10
102900026,720,2539,-1819
102900027,59,61,-2
102900028,233,1399,-1166
102900029,96,578,-482
102900030,427,511,-84
102900031,496,106,390
102900032,186,44,142
102900033,89,201,-112
102900034,974,31,943
102900035,203,160,43
102900036,730,211,519
102900037,540,255,285
102900038,462,164,298
102900039,21,1098,-1077
102900040,227,354,-127
102900041,178,139,39
102900042,498,122,376
102900043,493,112,381
102900044,569,1062,-493
102900045,403,198,205
102900046,167,72,95
102900047,184,377,-193
102900048,589,236,353
102900049,60,228,-168
102900050,185,360,-175
102900051,132,523,-391
102900053,385,708,-323
102900054,171,1843,-1672
102900055,220,495,-275
102900056,91,315,-224
102900057,1,90,-89
102900058,470,110,360
102900059,21,9,12
102900060,114,473,-359
102900061,356,221,135
102900062,398,479,-81
102900063,2439,302,2137
102900064,118,645,-527
102900065,885,194,691
102900066,496,9,487
102900068,85,326,-241
102900070,337,600,-263
102900072,26,103,-77
102900073,50,3,47
102900075,4,50,-46
102900076,59,132,-73
102900077,18,28,-10
102900078,34,15,19
102900079,431,2,429
102900080,518,17,501
102900081,71,145,-74
102900082,34,198,-164
102900083,125,10,115
102900084,6,41,-35
102900085,120,41,79
102900086,9,91,-82
102900087,265,113,152
102900088,99,71,28
102900089,259,350,-91
102900090,1,335,-334
102900091,354,1,353
102900092,768,82,686
102900094,0,140,-140
102900095,43,0,43
102900096,116,10,106
102900097,6,53,-47
103000001,2713,4167,-1454
103000002,2825,5037,-2212
103000003,3654,3894,-240
103000004,858,734,124
103000005,1846,6172,-4326
103000006,1690,2106,-416
103000007,642,441,201
103000008,1155,1799,-644
103000009,3404,2518,886
103000010,197,68,129
103000011,1463,871,592
103000012,1279,2461,-1182
103000013,4316,2761,1555
103000014,1280,4912,-3632
103000015,3383,1512,1871
103000016,677,3402,-2725
103000017,282,1298,-1016
103000018,756,203,553
103000019,481,788,-307
103000020,1676,2235,-559
103000021,2059,5007,-2948
103000022,948,1898,-950
103000023,1600,4384,-2784
103000024,91,114,-23
103000025,73,1529,-1456
103000026,434,78,356
103000027,214,588,-374
103000028,231,195,36
103000029,88,225,-137
103000030,2545,1780,765
103000031,729,3314,-2585
103000032,2667,1469,1198
103000033,3142,3381,-239
103000034,1353,851,502
103000035,177,1609,-1432
103000036,318,236,82
103000037,774,371,403
103000038,552,943,-391
103000039,1080,403,677
103000040,762,530,232
103000041,3718,1449,2269
103000042,2799,172,2627
103000043,1227,670,557
103000044,427,82,345
103000046,306,684,-378
103000047,868,305,563
103000048,423,236,187
103000049,86,135,-49
103000050,1098,166,932
103000051,761,638,123
103000052,1130,250,880
103000053,259,253,6
103000054,2376,464,1912
103000055,1828,1430,398
103000056,1399,732,667
103000057,2099,136,1963
103000058,900,330,570
103000059,882,598,284
103000060,1015,170,845
103000061,956,829,127
103000062,735,216,519
103000063,1207,889,318
103000064,227,80,147
103000065,5,284,-279
103000066,315,11,304
103000069,458,275,183
103000070,729,331,398
103000071,1983,844,1139
103000072,109,653,-544
103000073,1661,109,1552
103000074,1303,103,1200
103000075,89,556,-467
103000076,375,1353,-978
103000077,12,241,-229
103000078,1422,2125,-703
103000079,697,1258,-561
103000080,584,501,83
103000081,330,1056,-726
103000082,828,306,522
103000083,199,563,-364
103000084,106,10,96
103000085,2,135,-133
103000086,393,707,-314
103000087,167,771,-604
103000088,224,643,-419
103000089,442,1088,-646
103000090,5278,1330,3948
103000091,1601,624,977
103000092,494,290,204
103000093,466,837,-371
103000094,434,187,247
103000095,114,592,-478
103000096,745,48,697
103000097,82,875,-793
103000098,748,197,551
103000099,84,1061,-977
103000100,122,481,-359
103000101,1818,108,1710
103000102,76,291,-215
103000103,1044,93,951
103000104,128,74,54
103000105,327,57,270
103000106,4,121,-117
103000107,410,172,238
103000108,2305,1786,519
103000109,1028,1301,-273
103000110,1038,964,74
103000111,372,1261,-889
103000112,432,995,-563
103000113,241,2777,-2536
103000114,2089,2809,-720
103000115,1295,1098,197
103000116,901,442,459
103000117,497,542,-45
103000118,446,392,54
103000119,1536,570,966
103000120,76,677,-601
103000121,128,197,-69
103000122,461,520,-59
103000125,22,61,-39
103000126,1146,1,1145
103000127,1,59,-58
103000128,198,1,197
103000129,0,57,-57
103000130,81,44,37
103000131,47,127,-80
103000132,42,78,-36
103000133,14,70,-56
103000134,295,1690,-1395
103000135,983,222,761
103000136,493,821,-328
103000137,352,853,-501
103000138,473,885,-412
103000139,0,104,-104
103000140,267,16,251
103000141,34,219,-185
103000142,85,137,-52
103000143,112,228,-116
103000144,254,162,92
103000145,3,201,-198
103000150,78,48,30
103000152,229,696,-467
103000153,285,463,-178
103000156,17,69,-52
103000157,597,2,595
103000159,612,77,535
103000162,63,15,48
103000163,3,9,-6
103000164,15,18,-3
103000165,127,192,-65
103000166,554,1261,-707
103000167,479,406,73
103000168,362,159,203
103000169,213,1073,-860
103000170,1443,249,1194
103000171,13,187,-174
103000172,1337,104,1233
103000173,1676,227,1449
103000174,546,258,288
103000175,522,78,444
103000176,1027,1301,-274
103000177,217,624,-407
103000178,103,256,-153
103000179,211,29,182
103000183,477,7,470
103000185,362,50,312
103000186,363,119,244
103000187,1627,184,1443
103000188,35,76,-41
103000189,803,818,-15
103000191,686,465,221
103000292,707,2622,-1915
103000293,755,4778,-4023
103000295,82,256,-174
103000296,76,0,76
103000297,0,31,-31
103000504,69,15,54
103000505,2,17,-15
103000506,2,111,-109
103000507,251,2,249
103000508,79,33,46
103000509,441,818,-377
103900001,18,39,-21
103900002,829,47,782
103900003,1032,371,661
103900004,158,0,158
103900005,0,111,-111
103900006,9,1,8
103900007,278,14,264
103900008,15,0,15
103900009,527,187,340
103900010,359,118,241
103900011,805,54,751
103900012,5,56,-51
103900013,142,19,123
103900014,110,37,73
103900015,172,9,163
103900016,188,103,85
103900017,141,102,39
103900018,339,63,276
103900019,30,494,-464
103900020,676,511,165
103900021,103,43,60
103900022,574,471,103
103900023,347,2,345
103900024,84,277,-193
103900025,23,17,6
103900026,1,0,1
103900027,384,316,68
103900028,102,453,-351
103900029,1734,176,1558
103900030,377,201,176
103900031,113,1,112
103900032,154,167,-13
103900033,77,79,-2
103900034,62,23,39
103900035,142,13,129
103900036,43,49,-6
103900037,238,49,189
103900038,105,267,-162
103900039,354,126,228
103900040,12,83,-71
103900041,99,41,58
103900042,230,53,177
103900043,223,78,145
103900044,31,836,-805
103900045,316,106,210
103900047,254,23,231
103900048,5,102,-97
103900049,134,1370,-1236
103900050,46,308,-262
103900051,2,68,-66
103900052,210,541,-331
103900053,579,183,396
103900054,346,186,160
103900055,795,199,596
103900056,126,55,71
103900057,437,36,401
103900058,657,175,482
103900059,0,40,-40
103900060,145,98,47
103900061,326,7,319
103900062,1206,387,819
103900063,7,0,7
103900064,272,5,267
103900065,210,303,-93
103900066,272,67,205
103900067,341,10,331
103900068,0,0,0
103900069,139,15,124
103900070,191,126,65
103900071,23,55,-32
103900072,100,117,-17
103900073,25,61,-36
103900074,221,24,197
103900075,586,82,504
103900076,1169,198,971
103900077,24,227,-203
103900078,384,53,331
103900079,104,234,-130
103900080,6,38,-32
103900081,13,29,-16
103900082,154,125,29
103900083,2612,2973,-361
103900084,41,539,-498
103900085,71,166,-95
103900086,2138,394,1744
103900088,307,525,-218
103900089,38,275,-237
103900090,0,112,-112
103900091,640,161,479
103900092,951,1266,-315
103900093,47,685,-638
103900094,17,38,-21
103900095,286,638,-352
103900096,262,30,232
103900097,63,294,-231
103900098,488,164,324
103900099,531,60,471
103900100,491,76,415
103900101,248,1063,-815
103900102,0,9,-9
103900104,2,19,-17
103900105,38,71,-33
103900106,0,437,-437
103900107,300,17,283
103900108,33,61,-28
103900109,243,20,223
103900110,439,26,413
103900111,323,154,169
103900112,15,86,-71
103900113,143,292,-149
103900114,1336,274,1062
103900115,127,246,-119
103900116,1725,3591,-1866
103900117,50,54,-4
103900119,12,182,-170
103900120,223,29,194
103900122,471,102,369
103900123,510,1224,-714
103900124,32,283,-251
103900125,169,57,112
103900126,835,97,738
103900127,131,164,-33
103900128,201,46,155
103900131,59,100,-41
103900133,1094,32,1062
103900134,0,22,-22
103900135,3,4,-1
103900137,0,3,-3
103900138,412,32,380
103900139,150,4851,-4701
103900140,8,614,-606
103900141,229,22,207
103900142,408,47,361
103900143,350,4,346
103900144,0,19,-19
103900145,135,265,-130
103900146,265,69,196
103900147,623,114,509
103900148,460,72,388
103900149,363,170,193
103900150,4432,7656,-3224
103900151,69,172,-103
103900152,1714,259,1455
103900153,24,4,20
103900154,274,3683,-3409
103900155,28,95,-67
103900156,56,60,-4
103900157,263,74,189
103900158,401,42,359
103900159,527,25,502
103900160,69,12,57
103900161,27,179,-152
103900162,50,51,-1
103900163,19,349,-330
103900167,1,92,-91
103900168,112,165,-53
103900169,6,48,-42
103900170,2,55,-53
103900171,17,14,3
103900172,3,2,1
103900173,20,47,-27
103900174,514,26,488
103900175,27,180,-153
103900176,18,26,-8
103900177,21,14,7
103900178,127,11,116
103900179,86,1,85
103900180,33,50,-17
103900181,5,195,-190
103900182,3,51,-48
103900184,333,67,266
103900185,80,1129,-1049
103900187,17,251,-234
103900188,204,132,72
103900189,124,2,122
103900190,187,20,167
103900191,49,51,-2
103900192,4,79,-75
103900193,28,117,-89
103900194,78,124,-46
103900195,0,172,-172
103900196,89,23,66
103900197,5,7,-2
103900198,6,27,-21
103900199,181,91,90
103900200,263,75,188
103900201,79,81,-2
103900202,2,32,-30
103900203,41,68,-27
103900204,0,33,-33
103900207,0,9,-9
103900208,171,2,169
103900209,5,55,-50
103900210,41,51,-10
103900211,1368,181,1187
103900212,296,77,219
103900213,6,627,-621
103900214,170,752,-582
103900215,150,656,-506
103900216,13,143,-130
103900217,523,39,484
103900218,5,488,-483
103900219,421,184,237
103900233,249,34,215
103900235,25,557,-532
103900236,8,11,-3
103900242,11,1,10
103900243,2,1,1
103900244,128,147,-19
103900245,167,133,34
103900246,40,58,-18
103900247,46,80,-34
103900248,11,74,-63
103900249,14,87,-73
103900250,176,135,41
103900251,1,124,-123
103900253,9,145,-136
103900254,36,70,-34
103900255,3,117,-114
103900256,54,62,-8
103900257,510,411,99
103900258,68,23,45
103900259,60,82,-22
103900261,89,0,89
103900262,49,6,43
103900263,9,125,-116
103900264,16,5,11
103900265,10,1,9
103900266,1,105,-104
103900267,0,44,-44
103900268,49,44,5
103900269,312,7,305
103900270,77,52,25
103900271,19,55,-36
103900272,108,14,94
103900273,294,4,290
103900274,402,1,401
103900275,269,24,245
103900276,5,25,-20
103900277,7,31,-24
103900278,1,7,-6
103900279,13,84,-71
103900280,0,15,-15
104000001,4818,3118,1700
104000002,2541,2639,-98
104000003,3426,2292,1134
104000004,3373,2724,649
104000005,3715,2513,1202
104000006,4625,2464,2161
104000007,5213,4041,1172
104000008,230,320,-90
104000009,257,265,-8
104000010,201,829,-628
104000011,335,198,137
104000012,205,241,-36
104000013,328,700,-372
104000014,377,315,62
104000015,687,299,388
104000016,318,231,87
104000018,915,432,483
104000019,690,491,199
104000020,108,284,-176
104000021,574,311,263
104000022,483,480,3
104000023,1491,748,743
104000024,324,493,-169
104000026,111,222,-111
104000027,462,297,165
104000028,608,552,56
104000029,622,359,263
104000030,528,600,-72
104000031,1645,388,1257
104000032,234,123,111
104000033,1169,644,525
104000034,253,173,80
104000035,1495,438,1057
104000036,1677,517,1160
104000037,255,120,135
104000038,498,469,29
104000039,371,120,251
104000040,141,801,-660
104000041,871,545,326
104000042,268,234,34
104000043,212,230,-18
104000044,463,436,27
104000045,992,619,373
104000046,682,963,-281
104000047,943,933,10
104000048,1078,848,230
104000049,1090,421,669
104000050,137,950,-813
104000051,393,793,-400
104000052,3203,2880,323
104000053,1962,513,1449
104000054,1079,222,857
104000055,3431,2624,807
104000056,664,144,520
104000057,438,235,203
104000058,1661,1099,562
104000059,1177,1229,-52
104000060,1554,1923,-369
104000061,1343,846,497
104000062,335,238,97
104000064,1225,364,861
104000065,98,795,-697
104000069,595,2610,-2015
104000070,70,811,-741
104000071,303,308,-5
104000072,680,161,519
104000075,159,339,-180
104000076,931,77,854
104000082,2639,6813,-4174
104000083,811,274,537
104000084,183,341,-158
104000085,827,439,388
104000086,349,456,-107
104000087,424,2135,-1711
104000090,1574,905,669
104000092,2519,1184,1335
104000094,1028,877,151
104000095,4924,2035,2889
104000096,3957,118,3839
104000097,3921,573,3348
104000098,5642,638,5004
104000100,3089,876,2213
104000101,2626,1992,634
104000106,42,613,-571
104000107,752,192,560
104000108,349,259,90
104000109,498,252,246
104000110,851,1541,-690
104000111,2719,5832,-3113
104000112,683,399,284
104000116,2,738,-736
104000117,426,346,80
104000118,2387,138,2249
104000119,1283,283,1000
104000120,354,367,-13
104000121,319,505,-186
104000122,1176,647,529
104000123,1272,666,606
104000124,400,1145,-745
104000125,2751,6960,-4209
104000126,782,607,175
104000127,1507,1465,42
104000128,782,131,651
104000129,585,15,570
104000130,7,263,-256
104000131,390,558,-168
104000132,477,677,-200
104000133,2004,783,1221
104000134,1490,1657,-167
104000135,862,1584,-722
104000136,855,3123,-2268
104000137,2986,474,2512
104000138,2104,377,1727
104000139,2537,2593,-56
104000141,1023,570,453
104000142,1189,288,901
104000143,1284,362,922
104000144,245,393,-148
104000145,552,264,288
104000146,225,586,-361
104000147,177,369,-192
104000148,475,238,237
104000149,276,72,204
104000150,1082,584,498
104000151,408,129,279
104000152,851,196,655
104000153,997,774,223
104000154,750,214,536
104000155,463,1167,-704
104000157,2289,874,1415
104000158,146,625,-479
104000159,1109,965,144
104000160,2091,3063,-972
104000161,277,173,104
104000162,172,167,5
104000165,1379,740,639
104000167,760,2176,-1416
104000168,1239,7,1232
104000169,298,108,190
104000170,239,343,-104
104000248,640,800,-160
104000251,125,184,-59
104000272,0,0,0
104000273,0,0,0
104000274,0,0,0
104000275,0,0,0
104000279,555,525,30
104000290,77,466,-389
104000291,671,2067,-1396
104000293,2275,1615,660
104000294,137,0,137
104000295,1127,1100,27
104000296,818,751,67
104000297,1334,2186,-852
104000298,1987,925,1062
104000299,1822,1032,790
104900001,99,300,-201
104900002,83,401,-318
104900003,111,133,-22
104900004,87,71,16
104900005,722,324,398
104900006,1152,114,1038
104900007,994,105,889
104900009,135,143,-8
104900010,162,35,127
104900011,9,20,-11
104900012,216,20,196
104900013,63,6,57
104900014,1628,419,1209
104900015,182,0,182
104900016,234,191,43
104900017,102,134,-32
104900018,12,85,-73
104900019,167,7900,-7733
104900020,54,346,-292
104900021,23,14,9
104900022,21,499,-478
104900023,0,5,-5
104900024,58,417,-359
104900025,59,136,-77
104900026,0,31,-31
104900027,905,459,446
104900028,35,230,-195
104900029,40,16,24
104900030,940,253,687
104900031,30,347,-317
104900032,93,45,48
104900033,342,220,122
104900034,427,256,171
104900035,549,343,206
104900036,641,38,603
104900037,281,113,168
104900038,128,2344,-2216
104900039,312,391,-79
104900040,890,84,806
104900041,597,145,452
104900042,177,261,-84
104900043,73,607,-534
104900044,1435,180,1255
104900045,390,58,332
104900046,814,108,706
104900047,654,110,544
104900048,754,55,699
104900049,112,10,102
104900050,770,115,655
104900051,522,70,452
104900052,207,0,207
104900053,830,151,679
104900054,361,60,301
104900055,390,0,390
104900056,468,16,452
104900057,94,2,92
104900058,571,398,173
104900059,154,97,57
104900060,1,319,-318
104900061,104,178,-74
104900063,0,428,-428
104900064,0,102,-102
104900065,1,436,-435
104900066,0,35,-35
104900067,2,330,-328
104900068,189,175,14
104900070,99,175,-76
104900071,3,504,-501
104900072,80,177,-97
104900073,105,98,7
104900074,105,89,16
104900075,51,24,27
104900076,170,142,28
104900077,327,195,132
104900078,172,139,33
104900079,161,1889,-1728
104900080,152,221,-69
104900082,2,383,-381
104900085,6,171,-165
104900087,552,1,551
104900089,505,0,505
104900090,1919,964,955
104900091,608,499,109
104900093,135,256,-121
104900097,1403,4513,-3110
104900098,504,41,463
104900099,295,1722,-1427
104900100,389,164,225
104900102,88,82,6
104900103,258,71,187
104900104,1701,1813,-112
104900106,686,116,570
104900107,103,250,-147
104900108,33,122,-89
104900109,199,290,-91
104900110,18,30,-12
104900111,627,67,560
104900112,558,327,231
104900113,1226,251,975
104900114,1009,353,656
104900115,1506,177,1329
104900116,944,132,812
104900118,3,73,-70
104900119,0,53,-53
104900120,13,1455,-1442
104900121,0,10,-10
104900122,1,23,-22
104900123,185,0,185
104900124,138,0,138
104900125,519,3,516
104900126,18,28,-10
104900127,26,24,2
104900128,136,120,16
104900129,998,4015,-3017
105000001,5484,1726,3758
105000002,3475,3113,362
105000003,4017,6663,-2646
105000004,1697,1343,354
105000005,2481,2445,36
105000006,1579,3708,-2129
105000007,2360,4392,-2032
105000008,1226,5507,-4281
105000009,3905,5024,-1119
105000010,3527,1462,2065
105000011,4287,4852,-565
105000012,2596,2040,556
105000013,1672,2309,-637
105000014,5771,5429,342
105000015,10111,19095,-8984
105000016,1060,868,192
105000017,2161,1045,1116
105000018,803,2696,-1893
105000019,1433,1592,-159
105000020,109,826,-717
105000021,485,341,144
105000022,101,213,-112
105000023,1393,216,1177
105000028,14,111,-97
105000029,843,1833,-990
105000030,4240,2360,1880
105000031,4,9,-5
105000033,1551,1160,391
105000034,153,1752,-1599
105000037,786,310,476
105000038,1306,2037,-731
105000039,1106,893,213
105000040,798,1524,-726
105000041,273,593,-320
105000042,2047,1375,672
105000043,851,779,72
105000044,835,420,415
105000045,317,276,41
105000046,1439,315,1124
105000047,780,452,328
105000048,1615,433,1182
105000049,248,463,-215
105000050,1269,684,585
105000051,231,358,-127
105000052,840,1299,-459
105000053,230,219,11
105000054,503,1138,-635
105000055,939,201,738
105000056,2598,2056,542
105000057,2185,597,1588
105000058,1815,1022,793
105000059,1719,1174,545
105000060,735,549,186
105000061,2446,1065,1381
105000062,710,606,104
105000063,394,530,-136
105000064,3713,1177,2536
105000065,618,665,-47
105000066,1198,1976,-778
105000067,2320,1843,477
105000068,504,1314,-810
105000069,1778,4062,-2284
105000070,864,1917,-1053
105000071,270,3192,-2922
105000072,2260,10036,-7776
105000073,1724,1437,287
105000074,557,758,-201
105000075,887,1027,-140
105000076,1654,1666,-12
105000077,3435,1175,2260
105000078,806,1525,-719
105000079,1211,3274,-2063
105000080,2583,2979,-396
105000081,1336,1764,-428
105000082,868,2317,-1449
105000083,2329,3113,-784
105000084,878,986,-108
105000085,2902,2805,97
105000086,1155,1332,-177
105000087,3497,3111,386
105000088,2717,4350,-1633
105000089,2242,1593,649
105000090,738,485,253
105000091,698,935,-237
105000092,665,1103,-438
105000093,425,598,-173
105000094,198,257,-59
105000095,283,1292,-1009
105000096,1845,3554,-1709
105000097,422,825,-403
105000098,2069,2525,-456
105000099,654,1992,-1338
105000100,2633,1194,1439
105000101,4406,1380,3026
105000102,2373,1496,877
105000103,1721,2089,-368
105000104,3242,1338,1904
105000105,1891,2045,-154
105000106,2516,1301,1215
105000107,2263,805,1458
105000108,2089,1211,878
105000109,4080,1170,2910
105000110,1343,645,698
105000111,2282,700,1582
105000112,1562,704,858
105000113,869,1359,-490
105000114,2088,1952,136
105000115,522,2964,-2442
105000116,1704,962,742
105000117,1183,684,499
105000118,1669,569,1100
105000119,739,626,113
105000120,2230,770,1460
105000121,1337,670,667
105000122,548,772,-224
105000123,790,758,32
105000124,3276,985,2291
105000125,1638,1485,153
105000126,2878,1967,911
105000127,4148,2088,2060
105000128,1154,2259,-1105
105000129,2185,481,1704
105000130,318,4741,-4423
105000131,441,160,281
105000132,2004,1094,910
105000133,585,753,-168
105000134,1992,674,1318
105000135,355,512,-157
105000136,159,122,37
105000137,956,285,671
105000138,222,151,71
105000139,1040,502,538
105000140,745,411,334
105000141,660,319,341
105000142,489,587,-98
105000143,219,599,-380
105000144,445,693,-248
105000145,949,408,541
105000146,490,724,-234
105000147,979,684,295
105000148,1116,1400,-284
105000149,3890,2584,1306
105000150,1368,930,438
105000151,1217,562,655
105000152,230,750,-520
105000153,1658,732,926
105000154,743,820,-77
105000155,1009,666,343
105000156,291,972,-681
105000157,905,1496,-591
105000158,3956,959,2997
105000159,457,763,-306
105000160,5307,968,4339
105000161,1095,905,190
105000162,1015,4435,-3420
105000163,1480,1125,355
105000164,134,575,-441
105000165,1724,16300,-14576
105000166,5947,1865,4082
105000167,1644,4578,-2934
105000168,285,574,-289
105000169,1781,165,1616
105000170,465,1384,-919
105000171,1810,174,1636
105000172,616,52,564
105000173,816,52,764
105000174,155,72,83
105000175,160,42,118
105000176,748,106,642
105000177,678,371,307
105000178,418,258,160
105000179,1346,67,1279
105000180,449,86,363
105000181,312,161,151
105000182,77,58,19
105000183,2534,3308,-774
105000184,438,954,-516
105000185,720,1261,-541
105000186,516,698,-182
105000187,909,442,467
105000188,146,488,-342
105000189,92,675,-583
105000190,252,577,-325
105000191,478,487,-9
105000192,619,136,483
105000193,88,242,-154
105000194,1101,71,1030
105000195,527,763,-236
105000196,70,472,-402
105000197,154,538,-384
105000198,368,142,226
105000199,80,908,-828
105000200,122,581,-459
105000201,101,63,38
105000203,60,101,-41
105000204,77,49,28
105000205,173,108,65
105000207,292,75,217
105000208,223,437,-214
105000209,273,191,82
105000211,344,6,338
105000212,1698,618,1080
105000213,53,160,-107
105000214,100,124,-24
105000215,248,142,106
105000216,366,84,282
105000217,357,176,181
105000218,2782,1418,1364
105000221,235,516,-281
105000222,620,310,310
105000223,780,348,432
105000226,293,109,184
105000227,80,158,-78
105000228,68,1878,-1810
105000229,320,1274,-954
105000231,444,272,172
105000233,1325,1085,240
105000234,511,734,-223
105000235,654,1103,-449
105000237,2188,189,1999
105000243,103,31,72
105000248,46,143,-97
105000262,762,369,393
105000269,181,111,70
105000270,877,25,852
105000271,0,230,-230
105000282,78,116,-38
105000287,241,100,141
105000288,1211,623,588
105000289,692,1852,-1160
105000290,30,36,-6
105000402,1813,5848,-4035
105000426,364,554,-190
105000438,830,1235,-405
105000440,9,6,3
105000446,7375,3398,3977
105000447,1721,1149,572
105000454,1148,221,927
105000455,228,118,110
105000474,247,0,247
105000477,1522,720,802
105000478,3648,7468,-3820
105000479,93,309,-216
105000480,5270,9898,-4628
105000481,6461,7307,-846
105000482,2353,2959,-606
105000483,3358,5334,-1976
105000484,1849,2225,-376
105000485,1969,4820,-2851
105000486,1967,2784,-817
105000488,3128,1909,1219
105000489,2475,1403,1072
105000549,115,393,-278
105000550,361,1039,-678
105000551,32,110,-78
105000552,2912,1357,1555
105000555,1017,2503,-1486
105000556,62,15,47
105000557,36,77,-41
105900001,14,2657,-2643
105900002,729,2041,-1312
105900003,25,254,-229
105900004,201,77,124
105900005,18,392,-374
105900006,6,82,-76
105900007,56,32,24
105900008,284,192,92
105900009,62,2,60
105900011,164,63,101
105900012,544,57,487
105900013,6,14,-8
105900014,1,47,-46
105900015,77,242,-165
105900016,847,146,701
105900017,2552,23,2529
105900018,118,145,-27
105900019,127,114,13
105900020,52,120,-68
105900021,42,193,-151
105900022,264,210,54
105900023,6,126,-120
105900024,6,255,-249
105900025,442,3,439
105900026,223,9,214
105900027,13183,4150,9033
105900028,150,524,-374
105900029,2119,334,1785
105900030,236,385,-149
105900031,467,161,306
105900032,191,145,46
105900033,212,139,73
105900034,618,250,368
105900035,615,281,334
105900036,167,53,114
105900037,203,70,133
105900038,143,246,-103
105900039,245,59,186
105900040,153,135,18
105900041,144,178,-34
105900042,195,338,-143
105900043,1289,66,1223
105900044,15,636,-621
105900045,6,1997,-1991
105900046,2,238,-236
105900047,3,96,-93
105900048,183,547,-364
105900050,1191,7461,-6270
105900051,48,1293,-1245
105900052,1411,92,1319
105900053,2670,4877,-2207
105900054,186,203,-17
105900056,317,722,-405
105900057,4,75,-71
105900058,45,23,22
105900059,2,180,-178
106000001,2309,3439,-1130
106000002,967,3169,-2202
106000003,4888,6672,-1784
106000004,1920,2322,-402
106000005,5696,5608,88
106000006,5049,1799,3250
106000007,738,604,134
106000008,498,320,178
106000009,468,300,168
106000010,313,435,-122
106000011,2706,1363,1343
106000012,1225,1135,90
106000013,2854,2018,836
106000014,1617,1252,365
106000015,3443,1528,1915
106000016,1492,1423,69
106000017,716,1287,-571
106000018,640,588,52
106000019,650,577,73
106000020,461,451,10
106000021,563,707,-144
106000022,348,285,63
106000023,1106,690,416
106000024,611,593,18
106000025,182,288,-106
106000026,174,283,-109
106000027,2387,2306,81
106000028,1069,301,768
106000029,1041,846,195
106000030,300,658,-358
106000034,175,474,-299
106000035,1075,2510,-1435
106000036,166,377,-211
106000037,1653,1362,291
106000038,59,232,-173
106000039,70,210,-140
106000040,113,1053,-940
106000041,943,566,377
106000043,472,300,172
106000046,540,78,462
106000047,59,486,-427
106000049,1837,234,1603
106000050,316,734,-418
106000051,1442,775,667
106000052,252,416,-164
106000053,705,136,569
106000054,318,392,-74
106000055,1218,829,389
106000056,391,297,94
106000057,943,502,441
106000058,176,98,78
106000059,731,395,336
106000060,528,242,286
106000061,304,991,-687
106000062,170,393,-223
106000063,1499,1163,336
106000064,28,369,-341
106000065,652,240,412
106000066,172,338,-166
106000067,955,143,812
106000068,119,724,-605
106000069,604,190,414
106000070,473,665,-192
106000071,1067,303,764
106000072,4122,1750,2372
106000073,2105,8247,-6142
106000074,1238,924,314
106000075,537,1381,-844
106000076,1815,1849,-34
106000077,1916,1024,892
106000078,1866,661,1205
106000079,1331,1041,290
106000080,1840,571,1269
106000081,1243,976,267
106000082,2016,726,1290
106000083,511,1186,-675
106000084,1144,556,588
106000085,2016,1297,719
106000086,632,768,-136
106000087,1192,412,780
106000088,708,742,-34
106000089,1467,276,1191
106000090,489,698,-209
106000091,254,489,-235
106000092,2048,425,1623
106000093,901,172,729
106000094,59,327,-268
106000095,1694,1276,418
106000096,2060,690,1370
106000097,1879,1276,603
106000098,1914,853,1061
106000099,217,691,-474
106000100,2107,245,1862
106000101,1461,328,1133
106000102,163,600,-437
106000103,396,713,-317
106000104,1559,449,1110
106000105,718,810,-92
106000106,1378,384,994
106000107,171,322,-151
106000108,874,165,709
106000109,297,143,154
106000110,806,160,646
106000111,187,176,11
106000112,452,1293,-841
106000113,782,462,320
106000114,900,1759,-859
106000115,463,390,73
106000116,622,210,412
106000117,1108,426,682
106000118,1897,1517,380
106000119,1096,414,682
106000120,1479,2317,-838
106000121,718,262,456
106000122,471,100,371
106000123,1315,164,1151
106000124,332,93,239
106000125,106,218,-112
106000126,619,84,535
106000127,2703,668,2035
106000128,2007,262,1745
106000129,1294,559,735
106000130,1725,441,1284
106000131,208,1200,-992
106000132,1245,343,902
106000133,3102,3038,64
106000134,573,5495,-4922
106000135,187,982,-795
106000136,1244,2483,-1239
106000137,150,1282,-1132
106000138,4409,124,4285
106000139,212,115,97
106000140,91,139,-48
106000141,196,95,101
106000142,185,111,74
106000143,36,51,-15
106000144,96,161,-65
106000145,878,96,782
106000146,776,221,555
106000147,552,486,66
106000148,631,616,15
106000149,1222,407,815
106000150,1294,3172,-1878
106000151,4136,653,3483
106000152,981,3985,-3004
106000153,154,2367,-2213
106000154,1525,190,1335
106000155,367,424,-57
106000156,2370,232,2138
106000157,815,2279,-1464
106000158,1619,735,884
106000159,4197,3912,285
106000160,981,6545,-5564
106000161,1197,242,955
106000162,518,2189,-1671
106000163,465,284,181
106000164,1147,281,866
106000165,398,601,-203
106000166,1936,382,1554
106000167,489,1198,-709
106000168,1472,403,1069
106000169,349,520,-171
106000170,1868,215,1653
106000171,276,1118,-842
106000172,3162,1898,1264
106000173,863,4029,-3166
106000174,1913,470,1443
106000175,269,538,-269
106000176,3556,1055,2501
106000177,1130,1815,-685
106000178,3644,1455,2189
106000179,731,1744,-1013
106000180,900,644,256
106000181,2270,1326,944
106000182,2988,609,2379
106000183,3073,362,2711
106000184,1975,560,1415
106000185,2555,2099,456
106000186,483,40,443
106000187,70,2137,-2067
106000188,0,3,-3
106000189,14,30,-16
106000190,69,0,69
106000191,820,93,727
106000192,0,27,-27
106000193,365,267,98
106000194,130,344,-214
106000195,195,115,80
106000196,36,255,-219
106000197,903,185,718
106000198,238,104,134
106000199,826,1523,-697
106000200,501,257,244
106000201,427,8297,-7870
106000202,3987,799,3188
106000203,50,276,-226
106000204,139,3,136
106000205,38,133,-95
106000206,146,20,126
106000207,10,207,-197
106000208,2552,191,2361
106000209,2968,442,2526
106000210,399,699,-300
106000211,194,1090,-896
106000212,2081,599,1482
106000213,327,1100,-773
106000214,1784,514,1270
106000215,447,525,-78
106000216,1028,625,403
106000217,200,398,-198
106000218,483,303,180
106000219,259,282,-23
106000220,952,298,654
106000221,478,122,356
106000222,190,128,62
106000223,664,167,497
106000224,428,134,294
106000225,200,149,51
106000226,137,233,-96
106000228,100,205,-105
106000229,263,607,-344
106000231,1998,161,1837
106000232,177,373,-196
106000233,951,223,728
106000234,73,447,-374
106000235,470,275,195
106000236,139,172,-33
106000237,1,53,-52
106000238,13,50,-37
106000239,2,190,-188
106000240,38,4,34
106000241,3,788,-785
106000242,543,28,515
106000249,185,78,107
106000250,69,1083,-1014
106000251,198,11,187
106000252,37,61,-24
106000253,57,55,2
106000254,173,14,159
106000255,43,195,-152
106000256,155,34,121
106000257,218,179,39
106000258,162,66,96
106000259,37,120,-83
106000260,85,3,82
106000261,7,90,-83
106000262,97,25,72
106000263,31,45,-14
106000264,272,12,260
106000265,79,156,-77
106000266,209,50,159
106000267,2,128,-126
106000268,262,113,149
106000269,35,34,1
106000270,148,194,-46
106000271,81,119,-38
106000272,140,48,92
106000273,11,216,-205
106000274,158,23,135
106000275,268,262,6
106000276,35,35,0
106000277,145,212,-67
106000278,110,19,91
106000279,37,10,27
106000280,173,43,130
106000281,116,24,92
106000282,124,57,67
106000283,183,33,150
106000284,248,44,204
106000285,137,99,38
106000286,240,65,175
106000287,75,93,-18
106000288,166,104,62
106000289,154,85,69
106000290,130,68,62
106000291,147,72,75
106000292,240,87,153
106000293,95,69,26
106000294,126,65,61
106000295,49,79,-30
106000296,30,66,-36
106000297,44,221,-177
106000298,77,171,-94
106000299,43,51,-8
106000300,79,83,-4
106000301,84,178,-94
106000303,47,82,-35
106000304,77,12,65
106000305,96,32,64
106000306,22,47,-25
106000307,156,6,150
106000308,47,56,-9
106000309,26,32,-6
106000310,440,433,7
106000311,616,173,443
106000312,162,214,-52
106000313,588,152,436
106000318,79,440,-361
106000319,2418,516,1902
106000320,3,68,-65
106000321,160,163,-3
106000322,589,48,541
106000324,53,86,-33
106000325,2629,879,1750
106000326,981,1323,-342
106000327,602,101,501
106000328,19,144,-125
106000329,72,249,-177
106000330,21,87,-66
106000428,103,452,-349
106000429,133,298,-165
106000430,394,1424,-1030
106000431,3249,684,2565
106000432,1098,2859,-1761
106000433,3181,1653,1528
106000434,4804,1326,3478
106000435,1225,2113,-888
106000436,11,165,-154
106000437,780,64,716
106000438,253,458,-205
106000439,52,1472,-1420
106000440,266,449,-183
106000441,4,0,4
106000442,697,4,693
106000443,471,171,300
106000450,0,87,-87
106000451,30,208,-178
106000454,1,296,-295
106000455,5,148,-143
106000456,200,56,144
106000457,50,659,-609
106000458,1732,145,1587
106000459,670,128,542
106000460,2513,69,2444
106000461,474,252,222
106000462,2,79,-77
106000463,7,7,0
106000464,3,230,-227
106000465,1509,4,1505
106000466,1,231,-230
106000467,164,327,-163
106000468,263,183,80
106000469,206,2,204
106000470,215,3378,-3163
106000471,6,319,-313
106000472,353,13,340
106000473,99,6,93
106000474,473,645,-172
106000475,697,235,462
106000476,262,391,-129
106000477,71,68,3
106000480,1,1183,-1182
106900001,0,6,-6
106900002,0,166,-166
106900003,104,1248,-1144
106900004,2,52,-50
106900006,0,18,-18
106900007,0,7,-7
106900008,1412,56,1356
106900009,878,130,748
106900010,615,411,204
106900012,1468,4735,-3267
106900013,1118,314,804
106900014,206,1,205
106900015,34,2,32
106900016,663,20,643
106900017,31,1,30
106900018,29,2,27
106900019,293,4,289
106900020,1973,4445,-2472
106900021,242,200,42
106900022,2220,5,2215
106900023,98,183,-85
106900024,869,61,808
106900025,20,592,-572
106900026,0,153,-153
106900027,1397,1,1396
107000001,3959,5448,-1489
107000002,1586,1726,-140
107000003,12220,9096,3124
107000004,3862,1736,2126
107000005,12496,8299,4197
107000006,3942,1765,2177
107000007,7655,9895,-2240
107000008,4480,2937,1543
107000009,12278,8620,3658
107000010,5726,3501,2225
107000011,689,1324,-635
107000012,2812,2437,375
107000013,139,42,97
107000014,175,76,99
107000015,575,496,79
107000016,1247,474,773
107000017,711,2676,-1965
107000018,2,2077,-2075
107000020,635,1857,-1222
107000021,1000,541,459
107000022,1096,2052,-956
107000023,2197,235,1962
107000024,509,2232,-1723
107000025,531,339,192
107000026,377,528,-151
107000027,2631,810,1821
107000028,1415,710,705
107000029,5951,3574,2377
107000030,2453,1636,817
107000031,7727,3086,4641
107000032,287,792,-505
107000033,2808,4459,-1651
107000034,4525,1283,3242
107000035,705,336,369
107000036,475,1783,-1308
107000037,104,837,-733
107000038,429,169,260
107000039,1382,1324,58
107000040,429,137,292
107000041,1335,980,355
107000042,488,2690,-2202
107000043,1769,1193,576
107000044,420,416,4
107000045,62,507,-445
107000046,953,538,415
107000047,886,1034,-148
107000048,978,579,399
107000049,505,997,-492
107000050,1004,775,229
107000051,336,467,-131
107000052,1508,2769,-1261
107000053,495,925,-430
107000054,73,241,-168
107000055,712,292,420
107000056,539,454,85
107000057,1517,155,1362
107000058,2230,4237,-2007
107000059,2837,2856,-19
107000060,7289,7848,-559
107000061,4600,2833,1767
107000062,8703,4843,3860
107000063,4653,3269,1384
107000064,7544,5406,2138
107000065,3143,5576,-2433
107000066,2177,3856,-1679
107000067,2009,1893,116
107000068,716,1632,-916
107000069,1493,1026,467
107000070,1307,1,1306
107000071,5966,61,5905
107000072,14,1117,-1103
107000073,1626,1090,536
107000074,176,512,-336
107000075,2789,337,2452
107000076,208,727,-519
107000077,4212,718,3494
107000078,725,1380,-655
107000079,3986,1071,2915
107000080,469,1529,-1060
107000081,4125,899,3226
107000082,820,760,60
107000083,1818,1087,731
107000084,266,778,-512
107000085,4116,3726,390
107000086,3277,2128,1149
107000087,4934,3996,938
107000088,3431,4330,-899
107000089,3105,4243,-1138
107000090,1931,1125,806
107000091,2457,1830,627
107000092,1321,814,507
107000093,2070,1587,483
107000094,1211,1153,58
107000095,1963,883,1080
107000096,897,562,335
107000097,1993,521,1472
107000098,700,517,183
107000099,682,756,-74
107000100,345,385,-40
107000101,221,402,-181
107000102,406,448,-42
107000103,801,462,339
107000104,194,528,-334
107000105,991,330,661
107000106,224,338,-114
107000107,1212,266,946
107000108,177,569,-392
107000109,1630,418,1212
107000110,188,251,-63
107000111,1053,93,960
107000112,39,254,-215
107000113,1980,143,1837
107000114,110,387,-277
107000115,1471,1321,150
107000116,62,746,-684
107000117,239,5423,-5184
107000118,103,142,-39
107000119,1873,1696,177
107000120,1020,1594,-574
107000121,1206,1000,206
107000122,1094,730,364
107000123,796,635,161
107000124,977,326,651
107000125,1666,534,1132
107000126,2715,256,2459
107000129,295,466,-171
107000130,1392,335,1057
107000131,309,391,-82
107000132,750,497,253
107000133,337,454,-117
107000134,230,0,230
107000135,0,343,-343
107000136,645,0,645
107000137,9,463,-454
107000138,132,18,114
107000139,5,759,-754
107000140,2172,47,2125
107000141,97,1001,-904
107000142,655,55,600
107000143,45,871,-826
107000144,932,898,34
107000145,152,520,-368
107000146,213,458,-245
107000147,5496,668,4828
107000150,534,6002,-5468
107000151,7,46,-39
107000152,1273,3572,-2299
107000153,110,221,-111
107000154,20,179,-159
107000155,1428,9,1419
107000156,1358,6,1352
107000157,25,510,-485
107000158,1699,25,1674
107000159,7,576,-569
107000160,2641,189,2452
107000161,84,329,-245
107000162,543,905,-362
107000163,242,4,238
107000164,1426,1,1425
107000165,2074,2,2072
107000166,31,255,-224
107000167,1223,301,922
107000168,1693,669,1024
107000169,399,400,-1
107000170,5244,755,4489
107000171,643,785,-142
107000172,2097,2795,-698
107000173,566,397,169
107000174,1594,9233,-7639
107000175,3553,690,2863
107000176,1,0,1
107000177,9,5,4
107000178,33,5,28
107000179,331,1230,-899
107000180,2978,194,2784
107000181,483,705,-222
107000182,3291,848,2443
107000183,347,571,-224
107000184,2034,687,1347
107000185,354,1100,-746
107000186,1470,703,767
107000187,1592,1565,27
107000188,894,429,465
107000189,1168,932,236
107000190,872,550,322
107000191,1377,1403,-26
107000192,2164,690,1474
107000193,505,747,-242
107000194,816,617,199
107000197,1162,415,747
107000198,283,530,-247
107000199,1429,891,538
107000200,1557,997,560
107000201,641,540,101
107000202,435,597,-162
107000203,542,1646,-1104
107000204,471,2050,-1579
107000205,839,713,126
107000206,279,1364,-1085
107000207,418,1001,-583
107000208,467,580,-113
107000209,530,842,-312
107000210,160,154,6
107000211,2,53,-51
107000212,4,123,-119
107000213,22,11,11
107000214,26,81,-55
107000215,806,169,637
107000216,702,284,418
107000217,202,194,8
107000219,94,325,-231
107000220,239,115,124
107000222,377,303,74
107000224,637,140,497
107000225,256,350,-94
107000226,742,94,648
107000227,216,126,90
107000228,441,846,-405
107000229,122,261,-139
107000230,2218,942,1276
107000231,511,1387,-876
107000232,171,36,135
107000233,254,654,-400
107000234,1,100,-99
107000235,49,26,23
107000236,33,557,-524
107000237,89,0,89
107000238,49,2,47
107000239,2187,840,1347
107000240,224,375,-151
107000243,0,102,-102
107000244,3,81,-78
107000246,1,543,-542
107000249,1,589,-588
107000251,3,363,-360
107000252,0,482,-482
107000255,352,378,-26
107000257,2,662,-660
107000258,1,243,-242
107000259,2,233,-231
107000260,2932,12,2920
107000262,4,224,-220
107000263,638,11,627
107000266,21,42,-21
107000267,11,97,-86
107000268,269,68,201
107000269,189,13,176
107000270,335,86,249
107000271,5,0,5
107000272,130,0,130
107000273,3,179,-176
107000274,350,221,129
107000275,19,1307,-1288
107000280,2016,26,1990
107000281,30,423,-393
107000282,18,405,-387
107000290,10,76,-66
107000291,49,9,40
107000292,3,506,-503
107000293,9,39,-30
107000294,0,72,-72
107000295,69,27,42
107000296,0,22,-22
107000444,439,2,437
107000496,17,4,13
107000497,910,1355,-445
107000500,570,544,26
107000501,125,413,-288
107000502,373,898,-525
107000505,541,1061,-520
107000506,0,7,-7
107000508,2,149,-147
107000509,131,730,-599
107000510,66,61,5
107000514,26,741,-715
107000515,5,63,-58
107000516,822,524,298
107000518,2948,3979,-1031
107000519,1200,558,642
107000520,183,64,119
107000521,1597,292,1305
107000522,2370,440,1930
107900001,182,48,134
107900002,123,9,114
107900003,289,8,281
107900004,65,2,63
107900005,3936,6,3930
107900006,243,4,239
107900007,548,46,502
107900008,36,5,31
107900009,123,26,97
107900010,81,5,76
107900012,528,76,452
107900013,276,10,266
107900014,193,1,192
107900015,2488,9,2479
107900016,501,40,461
107900017,82,1,81
107900018,102,466,-364
107900019,40,30,10
107900020,35,46,-11
107900021,336,49,287
107900023,8,3,5
107900024,0,44,-44
107900025,318,55,263
107900026,124,20,104
107900027,2,96,-94
107900028,448,16,432
107900030,367,28,339
107900031,97,89,8
107900032,69,1,68
107900033,45,17,28
107900034,261,12,249
107900035,2738,88,2650
107900036,25,20,5
107900037,0,17,-17
107900038,53,330,-277
107900039,12,13,-1
107900040,2,224,-222
107900041,3,3,0
107900043,151,118,33
107900044,5,25,-20
107900045,126,63,63
107900046,603,483,120
107900047,74,10,64
107900048,398,29,369
107900049,415,1369,-954
107900050,65,246,-181
107900051,32,12,20
107900052,19,156,-137
107900053,233,51,182
107900055,549,254,295
107900056,135,216,-81
107900057,0,0,0
107900058,12,394,-382
107900060,11,130,-119
107900061,3,14,-11
107900063,135,234,-99
107900064,184,782,-598
107900065,718,25,693
107900066,15,5,10
107900067,0,0,0
107900068,120,1100,-980
107900069,18,4805,-4787
107900070,185,196,-11
107900071,12,397,-385
107900072,275,35,240
107900073,100,185,-85
107900074,181,487,-306
107900076,196,50,146
107900077,183,5,178
107900079,36,35,1
107900080,87,1092,-1005
107900081,58,43,15
107900082,1,7,-6
107900083,685,169,516
107900084,262,209,53
107900086,18,325,-307
107900087,287,36,251
107900088,181,12,169
107900089,330,638,-308
107900090,312,2202,-1890
107900091,73,126,-53
107900093,25,61,-36
107900095,1060,1180,-120
107900097,44,84,-40
107900098,150,266,-116
107900100,397,1689,-1292
107900101,544,29,515
107900102,46,9,37
107900103,82,117,-35
107900104,323,4,319
107900105,0,74,-74
107900106,0,330,-330
107900107,717,329,388
107900108,201,31,170
107900109,3042,83,2959
107900110,114,9,105
107900111,3,242,-239
107900112,73,926,-853
107900113,269,28,241
107900114,347,60,287
107900115,1,1,0
107900116,428,40,388
107900117,238,220,18
107900118,22,129,-107
107900119,118,241,-123
107900120,34,26,8
107900121,2,178,-176
107900122,2,192,-190
107900123,20,135,-115
107900124,4,66,-62
107900125,16,234,-218
107900126,46,44,2
107900127,379,249,130
107900128,33,50,-17
107900129,151,7,144
107900130,145,9,136
107900131,98,188,-90
107900132,21,193,-172
107900133,0,23,-23
107900134,26,60,-34
107900135,3,39,-36
107900136,15,5,10
107900137,54,105,-51
107900138,166,11,155
107900139,203,42,161
107900141,14,28,-14
107900142,20,505,-485
107900143,10,17,-7
107900144,0,29,-29
107900145,1,41,-40
107900146,36,74,-38
107900147,34,7,27
107900148,240,85,155
107900149,701,48,653
107900150,3,348,-345
107900151,60,19,41
107900152,5,76,-71
107900153,53,249,-196
107900154,44,44,0
107900155,120,40,80
107900156,1,68,-67
107900157,26,40,-14
107900158,2078,52,2026
107900159,17,353,-336
107900160,225,38,187
107900161,223,35,188
107900162,1,40,-39
107900163,5,48,-43
107900164,37,27,10
107900165,11,257,-246
107900166,45,40,5
107900167,3,65,-62
107900168,183,12,171
107900169,0,455,-455
107900171,1,442,-441
107900172,12,164,-152
107900173,69,43,26
107900174,213,6,207
107900175,7,186,-179
107900176,139,11,128
107900177,2,69,-67
107900178,0,28,-28
107900179,12,81,-69
107900180,308,1321,-1013
107900181,264,236,28
107900182,0,453,-453
107900183,94,39,55
107900184,211,214,-3
107900185,240,3,237
107900186,50,14,36
107900187,0,94,-94
107900188,346,59,287
107900189,25,121,-96
107900190,30,138,-108
107900191,63,220,-157
107900193,7,126,-119
107900194,211,8,203
107900195,854,107,747
107900196,195,30,165
107900197,208,327,-119
107900199,0,513,-513
107900201,246,145,101
107900203,41,33,8
107900204,235,289,-54
107900206,205,664,-459
107900207,1,270,-269
107900208,4,269,-265
107900209,217,127,90
107900210,26,56,-30
107900213,302,496,-194
107900214,2,121,-119
107900215,236,609,-373
107900216,11,27,-16
107900217,75,57,18
107900218,6,1011,-1005
107900219,50,29,21
107900220,72,131,-59
107900221,100,248,-148
107900223,219,126,93
107900224,109,545,-436
107900225,0,394,-394
107900226,34,62,-28
107900227,38,407,-369
107900228,112,161,-49
107900229,0,55,-55
107900230,46,22,24
107900231,45,75,-30
107900232,367,45,322
107900233,20,27,-7
107900234,307,155,152
107900235,22,189,-167
107900236,885,113,772
107900237,8,361,-353
107900238,107,15,92
107900239,312,856,-544
107900240,80,28,52
107900241,1,11,-10
107900242,31,108,-77
107900243,0,21,-21
107900244,361,0,361
107900245,1342,30,1312
107900246,249,12,237
107900248,993,128,865
107900249,1421,216,1205
107900250,1,253,-252
107900251,12,914,-902
107900252,953,37,916
107900253,214,15,199
107900254,105,231,-126
107900255,73,14,59
107900256,393,850,-457
107900257,357,149,208
107900258,64,29,35
107900259,25,5331,-5306
107900261,0,162,-162
107900262,52,43,9
107900264,446,15,431
107900265,221,92,129
107900267,651,22,629
107900268,47,1,46
107900269,0,16,-16
107900270,1,0,1
107900271,1,65,-64
107900272,48,11,37
107900273,93,88,5
107900274,100,0,100
107900275,104,1,103
107900276,1,16,-15
107900277,0,26,-26
107900278,547,49,498
107900279,15,59,-44
107900280,2467,1050,1417
107900281,1246,10413,-9167
107900282,24,1327,-1303
107900283,788,1174,-386
107900284,1121,718,403
107900285,158,23,135
107900286,26,52,-26
107900287,691,122,569
107900290,1,913,-912
107900291,698,24,674
107900292,320,111,209
107900293,143,242,-99
107900295,88,45,43
107900297,2,382,-380
107900298,576,682,-106
107900299,2773,3825,-1052
107900301,1223,825,398
107900302,161,36,125
107900303,593,286,307
107900304,653,60,593
107900305,336,2,334
107900306,0,91,-91
107900307,6,253,-247
107900308,218,145,73
107900309,69,1,68
107900310,32,0,32
107900311,13,230,-217
107900312,63,2,61
107900313,1,164,-163
107900314,1,85,-84
107900315,1,37,-36
107900316,13,0,13
107900317,96,7,89
107900318,3,210,-207
107900319,3,30,-27
107900320,0,66,-66
107900321,291,8,283
107900322,1,43,-42
107900323,3,41,-38
107900324,174,6,168
107900325,292,4,288
107900326,1010,83,927
107900327,2,152,-150
107900328,14,0,14
107900329,42,431,-389
107900330,3,83,-80
107900331,712,26,686
107900332,546,5,541
107900333,149,17,132
107900334,7,27,-20
107900335,31,47,-16
107900336,32,51,-19
107900337,412,1306,-894
107900338,0,196,-196
107900339,0,3,-3
107900340,1,83,-82
107900341,102,1,101
107900342,151,86,65
107900343,62,0,62
107900344,10,43,-33
107900345,114,30,84
107900346,30,0,30
107900347,24,6,18
107900348,2,17,-15
107900349,36,4,32
107900350,9,200,-191
107900351,15,36,-21
107900352,0,20,-20
107900353,36,10,26
107900354,16,26,-10
108000001,6505,5344,1161
108000002,1957,1640,317
108000003,3589,4262,-673
108000004,10596,10737,-141
108000005,8658,7201,1457
108000006,4021,4101,-80
108000007,7809,7614,195
108000008,3545,4449,-904
108000009,7617,7306,311
108000010,2442,4666,-2224
108000011,16353,12982,3371
108000012,9789,8782,1007
108000014,746,2016,-1270
108000015,1234,301,933
108000016,343,611,-268
108000017,1864,408,1456
108000018,2380,809,1571
108000019,1018,714,304
108000020,1520,466,1054
108000021,236,1197,-961
108000022,356,716,-360
108000023,2531,338,2193
108000024,618,276,342
108000025,539,133,406
108000026,1265,310,955
108000027,1279,214,1065
108000028,1482,287,1195
108000029,765,588,177
108000030,635,294,341
108000031,206,836,-630
108000032,3854,800,3054
108000033,599,671,-72
108000034,2610,521,2089
108000035,526,1427,-901
108000036,293,699,-406
108000037,3638,407,3231
108000038,5188,416,4772
108000039,376,1233,-857
108000040,3412,1128,2284
108000041,307,1942,-1635
108000042,739,90,649
108000043,276,188,88
108000044,911,116,795
108000045,388,185,203
108000046,2842,387,2455
108000047,303,533,-230
108000048,89,216,-127
108000049,1058,169,889
108000050,170,429,-259
108000051,552,355,197
108000052,202,346,-144
108000053,440,421,19
108000054,294,1000,-706
108000055,1503,739,764
108000056,900,1464,-564
108000057,867,1667,-800
108000058,2451,6392,-3941
108000059,1955,1268,687
108000060,371,1353,-982
108000061,307,353,-46
108000062,1735,809,926
108000063,495,478,17
108000064,414,366,48
108000065,667,363,304
108000066,2666,1463,1203
108000067,3480,1044,2436
108000068,1463,708,755
108000069,262,667,-405
108000070,3105,1203,1902
108000071,545,1311,-766
108000072,1654,1012,642
108000073,815,1045,-230
108000074,1002,961,41
108000075,401,439,-38
108000076,1313,747,566
108000077,595,513,82
108000078,3402,910,2492
108000079,543,656,-113
108000080,2916,507,2409
108000081,883,756,127
108000082,564,1185,-621
108000083,2906,975,1931
108000084,434,969,-535
108000085,2029,646,1383
108000086,526,481,45
108000087,160,3210,-3050
108000088,1599,599,1000
108000089,358,489,-131
108000091,151,592,-441
108000092,423,212,211
108000093,512,424,88
108000094,1514,202,1312
108000095,310,531,-221
108000096,806,266,540
108000097,226,535,-309
108000098,3549,1474,2075
108000099,1333,347,986
108000100,239,807,-568
108000101,1641,1934,-293
108000102,1846,4035,-2189
108000106,1106,5,1101
108000107,3,861,-858
108000108,798,64,734
108000109,7,407,-400
108000110,841,411,430
108000111,353,951,-598
108000112,133,266,-133
108000113,478,212,266
108000115,283,370,-87
108000117,433,428,5
108000118,299,3137,-2838
108000119,854,308,546
108000120,304,1491,-1187
108000121,370,438,-68
108000122,1333,572,761
108000123,1028,414,614
108000124,584,529,55
108000125,1126,447,679
108000126,315,386,-71
108000127,975,311,664
108000128,1334,195,1139
108000129,486,356,130
108000130,894,378,516
108000131,1019,213,806
108000132,415,859,-444
108000133,1543,392,1151
108000134,445,292,153
108000135,1621,906,715
108000136,588,392,196
108000137,777,188,589
108000138,638,574,64
108000139,963,263,700
108000140,817,14,803
108000141,109,21,88
108000142,90,33,57
108000143,87,192,-105
108000144,1273,84,1189
108000145,81,2,79
108000146,1405,94,1311
108000147,41,10,31
108000148,1391,67,1324
108000149,31,23,8
108000150,74,20,54
108000151,34,20,14
108000152,197,198,-1
108000153,1570,161,1409
108000154,50,3,47
108000155,113,23,90
108000156,814,385,429
108000157,393,3297,-2904
108000158,138,1422,-1284
108000159,253,240,13
108000160,1899,1934,-35
108000161,1724,5811,-4087
108000165,3,468,-465
108000172,0,404,-404
108000173,480,2925,-2445
108000175,1256,182,1074
108000178,488,247,241
108000179,136,1311,-1175
108000181,106,26,80
108000182,195,40,155
108000183,34,249,-215
108000184,629,4575,-3946
108000185,486,200,286
108000186,620,390,230
108000187,216,224,-8
108000188,1296,127,1169
108000189,1563,20476,-18913
108000190,8,68,-60
108000192,372,107,265
108000193,285,7,278
108000194,33,10,23
108000195,0,805,-805
108000196,367,242,125
108000198,1251,84,1167
108000199,2,494,-492
108000200,864,376,488
108000203,275,463,-188
108000204,195,54,141
108000205,182,242,-60
108000339,1115,475,640
108000364,176,606,-430
108000365,46,345,-299
108000367,337,202,135
108000368,12,53,-41
108000369,434,71,363
108000371,4,349,-345
108000372,1054,1,1053
108000373,261,104,157
108000376,163,13,150
108000377,1267,69,1198
108000378,11342,18831,-7489
108000379,34,271,-237
108000381,233,12,221
108000382,102,0,102
108000383,0,435,-435
108900001,15,300,-285
108900002,379,38,341
108900003,96,601,-505
108900004,684,606,78
108900007,410,144,266
108900008,219,91,128
108900009,207,204,3
108900010,562,159,403
108900011,1341,324,1017
108900012,612,274,338
108900013,157,484,-327
108900014,25,104,-79
108900015,1,227,-226
108900016,1,155,-154
108900017,198,634,-436
108900018,188,367,-179
108900019,50,332,-282
108900020,23,115,-92
108900021,160,130,30
108900022,131,49,82
108900023,4,107,-103
108900024,48,23,25
108900025,515,28,487
108900026,20,24,-4
108900027,0,28,-28
108900028,105,69,36
108900029,88,217,-129
108900030,0,31,-31
108900031,212,92,120
108900032,3,133,-130
108900033,0,32,-32
108900034,1,25,-24
108900035,333,341,-8
108900038,0,53,-53
108900039,0,58,-58
108900040,10,53,-43
108900041,4777,3303,1474
108900042,2,328,-326
108900043,27,612,-585
108900044,1,104,-103
108900045,64,53,11
108900046,12,175,-163
108900047,0,209,-209
108900048,129,230,-101
108900049,1165,4295,-3130
108900050,1,59,-58
108900051,2,69,-67
108900052,43,47,-4
108900053,151,886,-735
108900054,42,67,-25
108900055,11,300,-289
108900056,1,25,-24
108900057,0,56,-56
108900058,100,80,20
108900059,2061,80,1981
108900060,76,192,-116
108900061,99,17,82
108900062,3,205,-202
108900063,13,83,-70
108900064,655,15,640
108900065,9,83,-74
108900066,623,220,403
108900067,4,188,-184
108900068,1,48,-47
108900069,178,12,166
108900070,40,25,15
108900071,253,48,205
108900072,1331,146,1185
108900073,40,160,-120
108900074,646,54,592
108900075,16,12,4
108900076,626,27,599
108900077,54,301,-247
108900078,104,43,61
108900079,203,211,-8
108900080,8,1494,-1486
108900081,81,367,-286
108900082,177,27,150
108900083,18,340,-322
108900085,1505,111,1394
108900086,263,69,194
108900087,38,217,-179
108900088,658,396,262
108900089,3,129,-126
108900090,185,48,137
108900091,64,33,31
108900092,581,342,239
108900093,89,48,41
108900094,455,173,282
108900095,63,214,-151
108900096,257,8,249
108900097,287,91,196
108900098,1275,1352,-77
108900099,602,172,430
108900100,60,87,-27
108900101,346,732,-386
108900102,12,2144,-2132
108900103,279,270,9
108900105,12,3889,-3877
108900106,787,174,613
108900108,426,23,403
108900109,1245,131,1114
108900110,289,171,118
108900111,688,181,507
108900113,53,106,-53
108900114,347,33,314
108900115,203,225,-22
108900116,101,2,99
108900117,522,25,497
108900118,1342,21,1321
108900119,573,24,549
108900120,581,288,293
108900121,289,108,181
108900122,442,64,378
108900123,682,154,528
108900124,1749,130,1619
108900125,1381,6,1375
108900126,226,51,175
108900127,376,77,299
108900128,405,58,347
108900129,2173,162,2011
108900130,1277,1,1276
108900131,925,6,919
108900132,1032,93,939
108900133,523,49,474
108900134,1261,158,1103
108900135,583,18,565
108900136,32,2,30
108900137,387,10,377
108900138,1808,117,1691
108900140,1290,39,1251
108900141,846,7,839
108900142,98,8,90
108900143,137,0,137
108900144,193,8,185
108900145,590,51,539
108900146,240,1,239
108900147,688,5,683
108900148,94,13,81
108900150,301,6,295
108900151,20,1,19
108900152,222,37,185
108900153,323,53,270
108900154,7977,600,7377
108900156,267,4,263
108900157,26,274,-248
108900158,1034,22,1012
108900159,30,67,-37
108900160,10,72,-62
108900161,79,161,-82
108900162,313,15,298
108900163,5,530,-525
108900164,105,68,37
108900168,4309,2596,1713
108900169,76,101,-25
108900171,2813,4019,-1206
108900172,180,79,101
108900173,78,332,-254
108900174,1358,586,772
108900176,63,292,-229
108900177,3182,13377,-10195
108900178,2449,7615,-5166
108900180,71,309,-238
108900183,206,367,-161
108900184,418,134,284
108900185,48,490,-442
108900186,19,335,-316
108900189,501,79,422
108900190,65,1586,-1521
108900192,103,189,-86
108900195,34,124,-90
108900196,24,255,-231
108900199,162,325,-163
108900200,678,735,-57
108900201,320,890,-570
108900203,578,95,483
108900204,512,25,487
108900205,379,31,348
108900206,787,88,699
108900207,328,531,-203
108900208,15,345,-330
108900209,129,476,-347
108900210,45,165,-120
108900211,256,745,-489
108900212,104,2624,-2520
108900215,15,312,-297
108900216,313,624,-311
108900217,109,1,108
108900218,56,12,44
108900221,50,44,6
108900224,49,62,-13
108900225,0,153,-153
108900227,315,431,-116
108900230,70,193,-123
108900232,0,117,-117
108900233,736,237,499
108900234,337,241,96
108900235,124,267,-143
108900236,20,360,-340
108900240,148,125,23
108900241,116,28,88
108900245,3,2735,-2732
108900250,426,71,355
108900258,2,138,-136
108900259,28,32,-4
108900260,5,14,-9
108900261,26,77,-51
108900262,161,275,-114
108900263,74,186,-112
108900264,178,351,-173
108900265,686,544,142
108900266,134,2318,-2184
108900267,0,541,-541
108900268,12,64,-52
108900269,264,70,194
108900270,376,31,345
108900271,110,44,66
108900272,774,34,740
108900273,286,1270,-984
108900274,229,20,209
109000001,5225,4320,905
109000002,1037,4251,-3214
109000003,5279,662,4617
109000004,965,2425,-1460
109000005,3176,862,2314
109000006,1244,1970,-726
109000007,3396,1307,2089
109000008,1033,1446,-413
109000009,5844,1745,4099
109000010,1022,2994,-1972
109000011,6609,3174,3435
109000012,1940,3236,-1296
109000013,7917,6853,1064
109000014,2270,2252,18
109000015,4701,18150,-13449
109000016,5374,2221,3153
109000017,5030,1851,3179
109000018,1890,2225,-335
109000019,4496,2093,2403
109000020,1588,2866,-1278
109000023,360,11,349
109000024,14,114,-100
109000025,233,814,-581
109000026,889,304,585
109000027,128,458,-330
109000028,152,76,76
109000029,73,605,-532
109000030,24,401,-377
109000031,571,114,457
109000032,130,549,-419
109000033,566,253,313
109000034,65,62,3
109000035,13,51,-38
109000036,75,241,-166
109000037,472,4011,-3539
109000038,217,271,-54
109000039,1027,938,89
109000040,3838,21284,-17446
109000041,1362,3570,-2208
109000042,660,2255,-1595
109000044,701,120,581
109000045,87,330,-243
109000046,637,171,466
109000047,248,337,-89
109000048,431,651,-220
109000049,196,678,-482
109000050,380,357,23
109000051,214,141,73
109000052,635,580,55
109000053,481,62,419
109000054,175,449,-274
109000055,525,315,210
109000056,398,345,53
109000057,1032,421,611
109000058,369,83,286
109000059,171,1415,-1244
109000060,114,705,-591
109000061,409,1881,-1472
109000062,209,396,-187
109000063,269,139,130
109000064,618,158,460
109000065,342,188,154
109000066,795,52,743
109000067,96,106,-10
109000068,687,19,668
109000069,985,7,978
109000070,89,1248,-1159
109000071,607,91,516
109000072,100,210,-110
109000073,54,149,-95
109000074,8,162,-154
109000075,72,295,-223
109000076,143,320,-177
109000077,326,255,71
109000078,159,179,-20
109000079,225,128,97
109000080,510,85,425
109000081,189,471,-282
109000082,1228,208,1020
109000083,595,554,41
109000088,191,154,37
109000089,437,86,351
109000090,114,157,-43
109000091,630,114,516
109000092,286,227,59
109000093,300,136,164
109000094,1315,4,1311
109000095,191,401,-210
109000096,1621,251,1370
109000097,75,100,-25
109000098,143,115,28
109000099,989,136,853
109000100,679,507,172
109000101,2420,429,1991
109000102,1081,475,606
109000103,983,534,449
109000104,3796,356,3440
109000105,788,605,183
109000106,2725,499,2226
109000107,747,1135,-388
109000108,3223,606,2617
109000109,622,919,-297
109000110,1711,610,1101
109000111,917,1565,-648
109000112,398,129,269
109000113,415,251,164
109000114,177,416,-239
109000115,964,71,893
109000116,27,332,-305
109000117,441,14,427
109000118,7,171,-164
109000119,2569,95,2474
109000120,538,390,148
109000121,722,21,701
109000122,333,229,104
109000123,74,43,31
109000124,1353,282,1071
109000125,1342,246,1096
109000126,715,345,370
109000127,1882,107,1775
109000128,754,550,204
109000129,5023,432,4591
109000130,468,660,-192
109000131,859,736,123
109000132,333,1164,-831
109000133,214,386,-172
109000134,676,776,-100
109000135,459,1148,-689
109000136,345,189,156
109000137,486,443,43
109000138,710,200,510
109000139,952,410,542
109000140,319,164,155
109000141,860,452,408
109000142,219,449,-230
109000143,129,67,62
109000145,110,388,-278
109000146,16,58,-42
109000148,2293,1592,701
109000149,19,146,-127
109000150,107,336,-229
109000155,1338,946,392
109000156,1160,351,809
109000158,55,258,-203
109000159,74,619,-545
109000160,2306,215,2091
109000161,920,1467,-547
109000162,3021,526,2495
109000163,1988,1534,454
109000164,2262,1808,454
109000165,2177,747,1430
109000166,1870,107,1763
109000167,182,467,-285
109000170,18,59,-41
109000171,159,45,114
109000172,14,93,-79
109000173,38,195,-157
109000174,330,25,305
109000175,57,107,-50
109000176,815,212,603
109000177,80,135,-55
109000178,1428,172,1256
109000179,2962,8301,-5339
109000180,3779,3551,228
109000181,19,1,18
109000182,128,0,128
109000183,100,32,68
109000184,70,6,64
109000185,32,27,5
109000188,346,1064,-718
109000189,4120,755,3365
109000190,1063,522,541
109000191,358,385,-27
109000192,707,159,548
109000193,377,127,250
109000194,493,68,425
109000195,271,100,171
109000196,351,38,313
109000197,161,250,-89
109000198,504,23,481
109000199,150,331,-181
109000206,227,38,189
109000207,262,29,233
109000208,141,183,-42
109000209,129,89,40
109000210,206,417,-211
109000211,1482,420,1062
109000214,489,169,320
109000215,107,53,54
109000216,533,468,65
109000217,171,143,28
109000218,324,308,16
109000221,135,691,-556
109000222,841,198,643
109000223,607,544,63
109000224,73,57,16
109000225,382,56,326
109000226,102,191,-89
109000227,2923,545,2378
109000228,2,1014,-1012
109000231,1,134,-133
109000232,1244,96,1148
109000236,300,449,-149
109000241,2097,1000,1097
109000242,1516,743,773
109000293,121,141,-20
109000361,88,182,-94
109000364,73,358,-285
109000396,1,290,-289
109000397,1013,20,993
109000399,129,331,-202
109000400,150,136,14
109000403,16,1263,-1247
109000406,1128,9,1119
109000407,297,103,194
109000408,1,502,-501
109000410,916,310,606
109000411,551,37,514
109900001,199,0,199
109900002,1305,6,1299
109900003,874,5,869
109900004,311,71,240
109900005,34,0,34
109900006,557,49,508
109900007,2292,168,2124
109900008,0,21,-21
109900009,94,260,-166
109900010,1087,46,1041
109900011,22,54,-32
109900012,536,211,325
109900013,628,178,450
109900014,484,107,377
109900015,166,70,96
109900016,261,6,255
109900017,283,247,36
109900018,234,21,213
109900019,299,18,281
109900020,117,47,70
109900021,46,17,29
109900022,194,235,-41
109900023,15,0,15
109900024,35,0,35
109900025,4,30,-26
109900026,2,86,-84
109900027,47,40,7
109900028,443,3221,-2778
109900029,1,141,-140
109900030,49,21,28
109900031,1,380,-379
109900032,3,119,-116
109900033,5,566,-561
109900034,85,3,82
109900035,112,76,36
109900036,33,32,1
109900037,24,203,-179
109900038,77,235,-158
109900039,9,1,8
109900040,13,195,-182
109900041,8,187,-179
109900042,6,588,-582
109900044,104,210,-106
109900045,151,53,98
109900046,201,72,129
109900047,144,242,-98
109900048,0,46,-46
109900049,36,15,21
109900050,1,17,-16
109900051,0,3,-3
109900052,32,114,-82
109900053,0,65,-65
109900054,1696,67,1629
109900055,78,139,-61
109900056,30,463,-433
109900057,3,67,-64
109900058,1,20,-19
109900059,2109,46,2063
109900060,1409,102,1307
109900061,36,111,-75
109900062,0,60,-60
109900063,15,521,-506
109900064,1122,156,966
109900065,96,104,-8
109900066,174,424,-250
109900067,0,127,-127
109900068,80,2,78
109900069,2,15,-13
109900070,49,64,-15
109900071,3,24,-21
109900072,14,80,-66
109900073,680,129,551
109900074,30,31,-1
109900075,14,53,-39
109900076,14,109,-95
109900077,64,32,32
109900078,43,136,-93
109900080,178,57,121
109900081,0,189,-189
109900082,73,124,-51
109900083,9,22,-13
109900084,73,140,-67
109900085,65,286,-221
109900086,126,1203,-1077
109900087,33,325,-292
109900089,1195,192,1003
109900090,191,598,-407
109900091,817,59,758
109900092,286,62,224
109900093,1755,149,1606
109900094,91,154,-63
109900095,63,133,-70
109900096,227,16,211
109900097,222,2,220
109900098,695,15,680
109900099,555,4,551
109900100,86,1,85
109900101,1401,9,1392
109900102,722,17,705
109900103,25,59,-34
109900104,1655,81,1574
109900105,833,23,810
109900106,597,24,573
109900107,806,35,771
109900108,103,212,-109
109900109,49,217,-168
109900110,87,133,-46
109900111,64,278,-214
109900112,141,241,-100
109900113,1186,503,683
109900114,810,1932,-1122
109900115,183,93,90
109900117,1999,74,1925
109900118,114,171,-57
109900119,119,419,-300
109900120,138,11,127
109900121,235,361,-126
109900122,1412,11,1401
109900123,17,40,-23
109900124,22,195,-173
109900125,0,110,-110
109900126,551,51,500
109900128,537,43,494
109900130,2846,5052,-2206
109900131,33,112,-79
109900132,6,71,-65
109900133,79,199,-120
109900134,67,95,-28
109900135,302,33,269
109900136,49,74,-25
109900137,429,288,141
109900140,287,94,193
109900142,2778,182,2596
109900145,0,783,-783
109900146,161,44,117
109900148,29,48,-19
109900149,21,32,-11
109900150,5,82,-77
109900151,9,43,-34
109900152,1,21,-20
109900153,0,92,-92
109900154,29,0,29
109900155,85,41,44
109900157,41,82,-41
109900158,26,131,-105
109900159,184,49,135
109900160,169,43,126
109900161,321,54,267
109900162,320,114,206
109900163,321,151,170
109900164,58,253,-195
109900165,325,0,325
109900166,1,77,-76
109900167,208,262,-54
109900168,211,476,-265
109900169,243,191,52
109900170,250,1968,-1718
109900171,508,87,421
109900172,331,416,-85
109900173,1429,3258,-1829
109900174,83,84,-1
109900175,111,157,-46
109900176,267,131,136
109900177,54,113,-59
109900178,5,313,-308
109900179,23,28,-5
109900180,12,14,-2
110000001,648,595,53
110000002,649,888,-239
110000003,639,1016,-377
110000004,437,818,-381
110000005,332,2159,-1827
110000006,323,363,-40
110000007,151,109,42
110000008,13,437,-424
110000009,48,43,5
110000010,53,100,-47
110000011,27,33,-6
110000012,468,247,221
110000013,71,1293,-1222
110000014,824,450,374
110000015,287,793,-506
110000016,458,2543,-2085
110000017,3829,367,3462
110000018,2772,234,2538
110000019,24,115,-91
110000020,1357,376,981
110000021,128,512,-384
110000022,1247,85,1162
110000023,12,137,-125
110000024,446,297,149
110000025,1594,16,1578
110000026,4,300,-296
110000027,537,2572,-2035
110000028,1363,555,808
110000029,465,469,-4
110000030,470,541,-71
110000031,221,276,-55
110000032,1656,213,1443
110000033,229,293,-64
110000034,719,681,38
110000035,720,406,314
110000036,1768,641,1127
110000037,280,509,-229
110000038,503,762,-259
110000039,1454,7887,-6433
110000040,309,394,-85
110000041,350,3376,-3026
110000042,108,800,-692
110000043,684,559,125
110000044,39,903,-864
110000045,88,172,-84
110000046,9,124,-115
110000047,15,182,-167
110000048,9,159,-150
110000049,7,13,-6
110000050,17,222,-205
110000051,67,10,57
110000052,71,49,22
110000053,22,5,17
110000054,122,1090,-968
110000055,128,77,51
110000056,44,145,-101
110000057,345,540,-195
110000058,1113,425,688
110000059,825,509,316
110000060,1656,1145,511
110000061,449,722,-273
110000062,651,1105,-454
110000063,124,390,-266
110000064,48,47,1
110000065,326,219,107
110000066,142,23,119
110000067,18,108,-90
110000068,357,55,302
110000069,866,36,830
110000071,902,64,838
110000073,37,4,33
110000075,13,73,-60
110000076,569,640,-71
110000077,301,1661,-1360
110000078,154,26,128
110000080,241,409,-168
110000081,67,260,-193
110000082,46,385,-339
110000083,350,340,10
110000084,1833,1306,527
110000085,1084,1072,12
110000086,952,3113,-2161
110000087,34,69,-35
110000088,168,249,-81
110000089,532,42,490
110000090,154,157,-3
110000091,951,140,811
110000092,21,28,-7
110000093,69,31,38
110000094,617,226,391
110000095,183,671,-488
110000096,1295,2891,-1596
110000097,907,1929,-1022
110000098,2462,884,1578
110000099,1058,1624,-566
110000100,2289,205,2084
110000101,216,131,85
110000102,116,31,85
110000104,538,216,322
110000105,45,296,-251
110000106,718,579,139
110000107,232,343,-111
110000108,185,192,-7
110000109,141,372,-231
110000110,1775,3701,-1926
110000111,3523,3253,270
110000112,222,1416,-1194
110000113,88,3512,-3424
110000114,731,930,-199
110000115,762,362,400
110000116,113,71,42
110000117,489,249,240
110000118,997,90,907
110000119,641,211,430
110000120,504,176,328
110000121,97,357,-260
110000122,324,351,-27
110000123,775,321,454
110000124,1,512,-511
110000125,939,1,938
110000126,248,8,240
110000127,1433,40,1393
110000128,38,718,-680
110000129,3,370,-367
110000130,528,190,338
110000131,51,266,-215
110000132,0,448,-448
110000133,40,588,-548
110000134,14,352,-338
110000135,207,41,166
110000136,91,362,-271
110000137,933,386,547
110000138,1435,646,789
110000139,2107,366,1741
110000140,1032,820,212
110000143,419,324,95
110000144,1839,1789,50
110000145,1587,1309,278
110000146,1469,819,650
110000147,459,1325,-866
110000148,1079,169,910
110000151,437,2079,-1642
110000152,482,833,-351
110000153,294,11,283
110000154,10,26,-16
110000155,420,2341,-1921
110000156,924,1786,-862
110000157,1078,2102,-1024
110000160,471,278,193
110000161,241,287,-46
110000166,1234,77,1157
110000167,2642,897,1745
110000168,948,925,23
110000169,967,398,569
110000170,352,93,259
110000171,1009,114,895
110000172,551,521,30
110000173,641,700,-59
110000174,199,348,-149
110000175,1452,58,1394
110000176,81,901,-820
110000177,399,2011,-1612
110000178,784,4098,-3314
110000179,996,380,616
110000180,417,322,95
110000181,1810,446,1364
110000182,259,107,152
110000183,5342,11012,-5670
110000184,397,4818,-4421
110000185,402,802,-400
110000186,493,1332,-839
110000191,1475,107,1368
110000192,849,6,843
110000193,1785,11,1774
110000194,3,659,-656
110000195,944,101,843
110000196,795,52,743
110000197,166,42,124
110000198,119,54,65
110000199,76,180,-104
110000200,719,481,238
110000201,1233,1472,-239
110000202,1245,571,674
110000203,270,484,-214
110000204,7,155,-148
110000205,566,20,546
110000206,478,627,-149
110000207,2128,286,1842
110000208,237,308,-71
110000209,50,598,-548
110000210,2391,635,1756
110000211,1367,677,690
110000212,530,1661,-1131
110000213,514,46,468
110000214,496,52,444
110000215,158,155,3
110000216,94,113,-19
110000217,976,119,857
110000218,431,113,318
110000219,631,60,571
110000220,36,53,-17
110000221,1008,20,988
110000222,92,93,-1
110000223,10,117,-107
110000224,2,4,-2
110000225,217,764,-547
110000226,486,65,421
110000227,840,1068,-228
110000228,533,109,424
110000229,0,132,-132
110000230,694,636,58
110000231,427,459,-32
110000232,149,91,58
110000233,187,228,-41
110000234,446,914,-468
110000235,1144,850,294
110000236,961,442,519
110000237,3794,1679,2115
110000238,1027,1495,-468
110000239,2567,992,1575
110000240,1,14,-13
110000242,0,9,-9
110000243,254,40,214
110000244,209,259,-50
110000245,65,205,-140
110000246,1274,319,955
110000247,1088,2551,-1463
110000248,882,980,-98
110000249,182,5,177
110000250,45,145,-100
110000251,596,183,413
110000252,521,174,347
110000253,2313,326,1987
110000254,712,443,269
110000255,139,614,-475
110000256,488,213,275
110000257,380,299,81
110000258,2,267,-265
110000259,345,19,326
110000260,68,67,1
110000263,528,13,515
110000264,1027,312,715
110000265,1576,1754,-178
110000266,990,1971,-981
110000267,17,62,-45
110000268,192,224,-32
110000269,2,22,-20
110000270,127,1,126
110000271,2442,226,2216
110000272,1384,940,444
110000273,1190,851,339
110000274,278,4106,-3828
110000275,1484,915,569
110000276,383,987,-604
110000277,329,239,90
110000278,488,776,-288
110000279,676,556,120
110000280,985,528,457
110000281,167,211,-44
110000282,99,25,74
110000283,12,45,-33
110000284,4,10,-6
110000285,0,272,-272
110000286,6,0,6
110000287,165,2,163
110000288,4,73,-69
110000289,564,3692,-3128
110000290,473,787,-314
110000291,3297,813,2484
110000292,819,8913,-8094
110000293,610,302,308
110000294,1949,1945,4
110000295,200,527,-327
110000296,1097,261,836
110000297,2854,223,2631
110000298,88,347,-259
110000299,111,36,75
110000301,554,17,537
110000302,662,1216,-554
110000303,626,8,618
110000304,278,266,12
110000305,1752,33,1719
110000306,394,996,-602
110000307,2972,2,2970
110000308,668,2,666
110000309,2,696,-694
110000310,1107,21,1086
110000311,5,466,-461
110000312,580,44,536
110000313,1931,1632,299
110000314,1,174,-173
110000315,1597,1383,214
110000316,526,931,-405
110000317,89,1127,-1038
110000318,4,57,-53
110000319,16,9,7
110000320,21,29,-8
110000321,60,36,24
110000322,325,206,119
110000323,688,209,479
110000324,2775,1378,1397
110000325,1468,5867,-4399
110000327,354,195,159
110000328,69,392,-323
110000333,1575,1560,15
110000334,394,1199,-805
110000335,626,384,242
110000336,632,1484,-852
110000337,2536,702,1834
110000338,621,483,138
110000339,481,297,184
110000340,97,371,-274
110000341,930,267,663
110000342,87,0,87
110000343,0,1,-1
110000344,30,305,-275
110000345,180,208,-28
110000346,1392,1605,-213
110000347,1774,728,1046
110000348,40,17,23
110000349,5,25,-20
110000350,176,1,175
110000351,1800,492,1308
110000352,915,2552,-1637
110000353,2767,371,2396
110000354,1247,6276,-5029
110000355,235,42,193
110000356,615,2,613
110000357,874,6,868
110000361,23,25,-2
110000362,166,3,163
110000363,1267,83,1184
110000364,595,238,357
110000365,185,1,184
110000366,1,100,-99
110000367,786,63,723
110000368,2,63,-61
110000369,114,2,112
110000373,2,331,-329
110000374,129,22,107
110000375,76,1217,-1141
110000376,20,37,-17
110000377,139,362,-223
110000378,16,473,-457
110000379,2346,3890,-1544
110000380,159,3,156
110000383,0,621,-621
110000384,955,214,741
110000385,0,118,-118
110000387,232,3,229
110000388,79,114,-35
110000389,1058,5,1053
110000391,1193,250,943
110000396,302,66,236
110000397,211,38,173
110000398,17,29,-12
110000399,461,2,459
110000587,328,96,232
110000589,401,98,303
110000640,227,18,209
110000652,16,699,-683
110000653,458,254,204
110000654,8,368,-360
110000656,0,214,-214
110000674,44,3,41
110000675,61,24,37
110000676,1,34,-33
110000679,137,1257,-1120
110000682,173,300,-127
110000683,276,339,-63
110000684,0,21,-21
110000685,3,32,-29
110000686,1,123,-122
110000687,5,1,4
110000688,19,1696,-1677
110000689,66,22,44
110000692,34,180,-146
110000693,25,725,-700
110000694,0,106,-106
110000695,185,533,-348
110000696,35,51,-16
110900001,534,33,501
110900002,459,864,-405
110900003,1672,389,1283
110900004,731,22,709
110900005,1315,6928,-5613
110900006,217,92,125
110900007,423,97,326
110900008,6,29,-23
110900009,399,646,-247
110900010,1,26,-25
110900011,32,104,-72
110900012,4,25,-21
110900013,1501,103,1398
110900014,406,29,377
110900015,335,739,-404
110900016,55,58,-3
110900017,982,37,945
110900018,400,49,351
110900019,570,19,551
110900020,156,135,21
110900021,135,290,-155
110900022,53,78,-25
110900023,56,475,-419
110900024,94,193,-99
110900025,22,74,-52
110900027,68,69,-1
110900028,44,88,-44
110900029,25,108,-83
110900030,42,176,-134
110900031,7,176,-169
110900032,0,52,-52
110900033,34,174,-140
110900035,54,706,-652
110900036,192,17,175
110900037,351,16,335
110900038,505,174,331
110900039,3,284,-281
110900040,363,7,356
110900041,8,41,-33
110900042,209,79,130
110900043,0,37,-37
110900044,188,12,176
110900045,121,180,-59
110900046,9,113,-104
110900047,216,834,-618
110900049,127,101,26
110900050,42,6,36
110900051,28,105,-77
110900052,0,92,-92
110900053,272,19,253
110900054,45,101,-56
110900055,29,4,25
110900056,40,106,-66
110900057,13,69,-56
110900058,567,65,502
110900059,422,169,253
110900060,395,173,222
110900061,2,43,-41
110900062,284,68,216
110900063,18,46,-28
110900064,23,0,23
110900065,60,118,-58
110900066,7,65,-58
110900067,108,1112,-1004
110900068,251,133,118
110900069,2,5,-3
110900070,238,57,181
110900071,201,1410,-1209
110900073,0,16,-16
110900074,861,30,831
110900075,639,62,577
110900077,1971,558,1413
110900078,123,4,119
110900079,925,1506,-581
110900080,235,113,122
110900081,11,8,3
110900082,334,95,239
110900083,146,44,102
110900084,66,17,49
110900085,113,169,-56
110900086,71,297,-226
110900087,623,41,582
110900088,3,0,3
110900090,90,164,-74
110900091,5,18,-13
110900093,287,126,161
110900095,88,14,74
110900097,56,5,51
110900098,40,111,-71
110900099,13,208,-195
110900100,0,2,-2
110900102,66,32,34
110900105,1322,84,1238
110900108,33,31,2
110900111,378,42,336
110900112,839,3,836
110900113,361,142,219
110900115,10,91,-81
110900116,1853,617,1236
110900118,65,5189,-5124
110900119,1394,141,1253
110900120,236,37,199
110900121,120,0,120
110900122,753,258,495
110900125,527,1161,-634
110900127,181,1493,-1312
110900128,154,540,-386
110900129,182,1126,-944
110900130,315,681,-366
110900131,505,68,437
110900132,668,79,589
110900133,81,92,-11
110900135,42,147,-105
110900136,493,12,481
110900138,0,0,0
110900139,20,0,20
110900140,1,0,1
110900141,380,902,-522
110900142,55,106,-51
110900143,426,62,364
110900144,1,172,-171
110900145,300,139,161
110900146,178,468,-290
110900147,59,367,-308
110900148,0,218,-218
110900149,1,112,-111
110900150,31,1,30
110900151,9,22,-13
110900152,39,24,15
110900153,249,49,200
111000001,1808,1273,535
111000002,812,446,366
111000003,3246,1875,1371
111000004,1452,1569,-117
111000005,1145,2717,-1572
111000006,1184,3004,-1820
111000007,5471,8139,-2668
111000008,4245,4483,-238
111000009,475,1415,-940
111000010,1464,378,1086
111000011,228,861,-633
111000012,655,455,200
111000013,765,948,-183
111000014,3085,496,2589
111000017,25,756,-731
111000018,122,461,-339
111000020,522,1112,-590
111000021,49,110,-61
111000023,148,79,69
111000025,4274,4191,83
111000029,113,103,10
111000030,20,76,-56
111000031,1830,555,1275
111000032,568,312,256
111000033,223,120,103
111000034,37,237,-200
111000037,1375,488,887
111000038,1511,2069,-558
111000039,1847,2096,-249
111000040,1518,1331,187
111000041,487,507,-20
111000042,2694,2576,118
111000043,2705,7949,-5244
111000044,2452,753,1699
111000045,4314,2249,2065
111000046,3276,2056,1220
111000047,3414,8356,-4942
111000049,253,421,-168
111000050,1017,570,447
111000051,628,756,-128
111000052,548,1206,-658
111000053,187,574,-387
111000054,248,673,-425
111000055,1194,1150,44
111000056,257,413,-156
111000057,179,297,-118
111000058,1043,46,997
111000059,1034,277,757
111000060,7637,1157,6480
111000061,1127,569,558
111000062,1466,663,803
111000063,1760,1473,287
111000064,1469,512,957
111000065,1870,1034,836
111000066,1370,406,964
111000067,1855,361,1494
111000068,1261,410,851
111000069,1397,1544,-147
111000070,848,484,364
111000071,137,262,-125
111000072,2099,872,1227
111000073,290,1680,-1390
111000074,2240,1442,798
111000075,876,544,332
111000076,1169,750,419
111000077,1005,1083,-78
111000078,1571,605,966
111000079,820,676,144
111000080,925,538,387
111000081,1651,7732,-6081
111000082,1423,552,871
111000084,1495,592,903
111000085,1228,1017,211
111000086,1723,931,792
111000087,901,506,395
111000088,5289,5662,-373
111000089,1139,568,571
111000090,604,889,-285
111000091,735,327,408
111000092,2724,784,1940
111000093,1309,1243,66
111000094,2565,1408,1157
111000095,1291,3639,-2348
111000096,869,10224,-9355
111000097,2961,872,2089
111000098,277,618,-341
111000099,412,1102,-690
111000100,526,1092,-566
111000101,363,719,-356
111000102,224,379,-155
111000104,1194,224,970
111000107,73,510,-437
111000109,1147,243,904
111000110,1987,880,1107
111000111,5690,359,5331
111000112,3895,319,3576
111000113,869,3083,-2214
111000114,1351,7535,-6184
111000115,3211,1102,2109
111000116,1028,777,251
111000117,306,772,-466
111000118,928,591,337
111000119,2238,928,1310
111000120,696,832,-136
111000121,412,1016,-604
111000122,440,619,-179
111000123,1376,1260,116
111000124,454,2151,-1697
111000125,331,878,-547
111000126,110,500,-390
111000127,1768,131,1637
111000128,4700,314,4386
111000129,4924,476,4448
111000130,4740,422,4318
111000131,4533,519,4014
111000132,3040,2337,703
111000133,225,80,145
111000134,321,60,261
111000135,98,118,-20
111000136,606,234,372
111000138,40,8,32
111000140,4,4,0
111000141,128,462,-334
111000142,0,153,-153
111000143,4,352,-348
111000144,39,1544,-1505
111000145,91,16,75
111000146,145,11,134
111000147,145,48,97
111000148,230,171,59
111000149,4,13,-9
111000150,109,18,91
111000151,26,19,7
111000153,502,400,102
111000154,322,309,13
111000155,127,134,-7
111000156,888,395,493
111000157,273,509,-236
111000158,885,720,165
111000159,2936,1159,1777
111000160,399,363,36
111000161,6,461,-455
111000162,5,60,-55
111000163,1221,812,409
111000164,508,3304,-2796
111000165,684,167,517
111000166,417,141,276
111000167,123,235,-112
111000168,275,385,-110
111000169,431,361,70
111000170,270,273,-3
111000171,453,412,41
111000172,211,403,-192
111000173,367,1017,-650
111000174,519,211,308
111000175,46,248,-202
111000176,822,21,801
111000177,1471,158,1313
111000178,2870,152,2718
111000179,579,96,483
111000180,340,316,24
111000181,3110,157,2953
111000182,374,104,270
111000183,351,264,87
111000184,456,128,328
111000185,546,306,240
111000186,319,240,79
111000187,446,93,353
111000188,742,245,497
111000189,312,372,-60
111000190,296,144,152
111000191,157,118,39
111000192,127,263,-136
111000193,490,105,385
111000194,64,150,-86
111000195,82,139,-57
111000196,69,54,15
111000197,1319,122,1197
111000198,1053,68,985
111000199,561,418,143
111000200,925,712,213
111000201,1319,88,1231
111000202,988,143,845
111000203,830,307,523
111000204,481,2738,-2257
111000213,326,506,-180
111000214,1740,1089,651
111000215,1276,914,362
111000217,2709,588,2121
111000218,3188,819,2369
111000219,340,191,149
111000220,771,597,174
111000221,419,97,322
111000224,24,212,-188
111000225,1023,459,564
111000226,145,11,134
111000227,29,2,27
111000228,7,891,-884
111000229,19,1859,-1840
111000230,217,90,127
111000231,1164,258,906
111000232,1072,661,411
111000233,2631,695,1936
111000234,393,1165,-772
111000239,72,61,11
111000240,121,495,-374
111000241,119,113,6
111000242,473,23,450
111000243,300,254,46
111000244,1318,129,1189
111000245,1105,326,779
111000246,830,177,653
111000247,1025,300,725
111000248,926,240,686
111000249,607,210,397
111000250,126,36,90
111000251,80,38,42
111000253,55,18,37
111000255,82,3,79
111000257,81,16,65
111000260,50,692,-642
111000261,2114,70,2044
111000271,46,287,-241
111000273,4339,1430,2909
111000274,1965,3717,-1752
111000275,319,44,275
111000276,235,890,-655
111000277,429,262,167
111000278,426,172,254
111000291,2243,19269,-17026
111000298,586,257,329
111000299,961,166,795
111000300,45,529,-484
111000302,539,61,478
111000303,261,157,104
111000312,92,51,41
111000315,7,57,-50
111000320,223,275,-52
111000321,598,100,498
111000322,860,168,692
111000323,538,31,507
111000324,378,137,241
111000325,15,34,-19
111000326,207,168,39
111000327,476,233,243
111000328,530,802,-272
111000329,1,53,-52
111000330,130,11,119
111000331,40,7,33
111000332,504,892,-388
111000334,223,884,-661
111000335,1857,162,1695
111000337,2616,205,2411
111000338,192,125,67
111000339,1042,196,846
111000340,173,682,-509
111000341,2609,1308,1301
111000342,61,868,-807
111000344,1710,497,1213
111000345,109,103,6
111000346,10,151,-141
111000347,299,1,298
111000350,279,149,130
111000351,176,396,-220
111000352,320,166,154
111000353,132,149,-17
111000354,555,191,364
111000355,508,546,-38
111000358,197,744,-547
111000360,258,314,-56
111000361,205,146,59
111000546,1340,318,1022
111000547,462,206,256
111000548,265,199,66
111000549,312,165,147
111000550,49,1117,-1068
111000551,241,74,167
111000552,541,244,297
111000907,2459,17,2442
111000908,325,3,322
111000916,3559,200,3359
111000917,53,253,-200
111000918,250,430,-180
111000920,1562,20,1542
111000921,56,94,-38
111000922,1031,164,867
111000924,14,356,-342
111000925,7051,2600,4451
111000926,1365,956,409
111000927,3160,6430,-3270
111000928,3438,1401,2037
111000929,2473,1247,1226
111000930,1304,1325,-21
111000931,2532,1992,540
111000932,2237,1106,1131
111000933,4151,4449,-298
111000934,1427,1685,-258
111000935,4652,1666,2986
111000936,1260,1297,-37
111000937,1807,2101,-294
111000938,1016,866,150
111000939,1151,26,1125
111000940,1295,32,1263
111000941,453,392,61
111000943,868,176,692
111000944,257,180,77
111000945,350,545,-195
111001109,763,1530,-767
111001110,223,357,-134
111001111,234,9,225
111001112,84,2,82
111001113,3,1116,-1113
111001114,777,286,491
111001115,31,2109,-2078
111001116,2001,8421,-6420
111001117,409,3030,-2621
111001120,163,167,-4
111001121,127,68,59
111001122,309,171,138
111001123,644,210,434
111001124,212,72,140
111001125,5,480,-475
111001126,46,7,39
111900001,28,16,12
111900002,88,154,-66
111900003,1,113,-112
111900004,15,30,-15
111900006,45,175,-130
111900007,521,13,508
111900008,755,2,753
111900009,477,12,465
111900010,51,336,-285
111900012,16,61,-45
111900013,78,34,44
111900014,1680,10156,-8476
111900015,0,14,-14
111900016,0,14,-14
111900017,0,26,-26
111900018,158,0,158
111900019,1,114,-113
111900020,0,20,-20
111900021,10,56,-46
111900022,5,54,-49
111900023,109,53,56
111900024,62,82,-20
111900025,1,194,-193
111900026,0,16,-16
111900027,6,30,-24
111900028,18,54,-36
111900029,11,12,-1
111900030,19,379,-360
111900031,23,16,7
111900032,2,51,-49
111900033,40,14,26
111900034,49,288,-239
111900035,73,172,-99
111900036,0,68,-68
111900038,103,205,-102
111900039,18,108,-90
111900040,0,68,-68
111900042,9,49,-40
111900043,0,79,-79
111900044,79,183,-104
111900046,15,70,-55
111900048,736,111,625
111900049,7,153,-146
111900050,227,17,210
111900051,1,30,-29
111900052,82,182,-100
111900053,439,3605,-3166
111900054,367,4,363
111900055,0,114,-114
111900056,128,495,-367
111900057,311,23,288
111900058,1084,256,828
111900059,1536,1005,531
111900060,412,4,408
111900061,4,60,-56
111900062,90,82,8
111900063,408,114,294
111900064,20,79,-59
111900065,330,24,306
111900066,163,214,-51
111900067,0,188,-188
111900068,65,152,-87
111900069,112,28,84
111900070,423,59,364
111900071,0,99,-99
111900072,68,97,-29
111900073,2592,256,2336
111900074,3,112,-109
111900075,62,10,52
111900076,667,101,566
111900077,66,1,65
111900078,879,91,788
111900079,40,98,-58
111900080,114,135,-21
111900082,363,67,296
111900083,480,88,392
111900084,206,6,200
111900085,86,85,1
111900086,136,19,117
111900087,70,4,66
111900088,1457,82,1375
111900089,179,3,176
111900090,86,89,-3
111900091,1235,17,1218
111900092,166,1,165
111900093,1075,21,1054
111900094,284,2,282
111900095,674,62,612
111900096,511,8,503
111900097,125,0,125
111900098,795,6,789
111900099,142,1,141
111900100,170,4,166
111900101,296,6,290
111900102,1313,226,1087
111900103,96,221,-125
111900104,142,60,82
111900105,119,299,-180
111900106,242,5,237
111900110,1463,283,1180
111900111,364,63,301
111900112,296,8064,-7768
111900113,300,86,214
111900118,745,49,696
111900119,334,110,224
111900122,71,60,11
111900123,40,37,3
111900124,6,9,-3
111900125,1023,85,938
111900126,702,4,698
111900127,1,196,-195
111900128,13,223,-210
111900129,467,35,432
111900130,393,80,313
111900131,785,0,785
111900132,7,382,-375
111900133,5,87,-82
111900134,2,83,-81
111900135,5,50,-45
111900136,26,158,-132
111900137,34,12,22
111900138,20,52,-32
111900139,11,35,-24
111900140,259,45,214
111900141,190,4,186
111900142,164,10,154
111900143,76,79,-3
111900144,0,43,-43
111900145,0,89,-89
111900146,0,70,-70
111900147,20,329,-309
111900148,21,308,-287
111900149,6,141,-135
111900150,38,60,-22
111900151,14,88,-74
111900152,97,67,30
111900153,398,788,-390
111900154,40,1201,-1161
111900155,116,334,-218
111900156,107,106,1
111900157,275,29,246
111900158,1359,119,1240
111900159,945,107,838
111900160,606,4,602
111900161,731,4,727
111900162,223,617,-394
111900163,2,152,-150
111900164,237,44,193
111901113,1128,73,1055
111901114,543,196,347
111901115,472,1,471
111901116,92,8,84
111901117,38,104,-66
111901118,15,1075,-1060
111901119,255,67,188
111901121,26,77,-51
111901122,1,78,-77
111901123,898,48,850
111901124,649,13,636
111901125,1538,242,1296
111901127,596,2802,-2206
111901128,15,94,-79
111901129,0,256,-256
111901130,1,50,-49
111901131,0,330,-330
111901132,130,36,94
111901133,233,2,231
111901134,326,1,325
111901135,41,6,35
111901136,45,17,28
111901137,0,11,-11
111901138,30,34,-4
111901139,1,16,-15
111901140,1,50,-49
111901141,3,94,-91
111901142,7,29,-22
111901143,1,162,-161
111901144,43,64,-21
111901145,29,850,-821
111901146,48,2,46
111901147,113,692,-579
111901148,2,113,-111
111901149,13,1,12
112000001,3063,1009,2054
112000002,1132,2006,-874
112000003,4478,1381,3097
112000004,1287,311,976
112000005,5012,5835,-823
112000006,771,495,276
112000007,6666,4312,2354
112000008,4875,5321,-446
112000009,3269,1214,2055
112000010,5749,6752,-1003
112000011,1852,1084,768
112000012,4236,6659,-2423
112000013,1736,2875,-1139
112000014,989,4627,-3638
112000015,1220,4054,-2834
112000016,2601,5008,-2407
112000017,377,5214,-4837
112000024,643,307,336
112000026,1778,1318,460
112000027,800,910,-110
112000028,807,1157,-350
112000029,734,832,-98
112000030,306,28,278
112000031,1724,4588,-2864
112000032,128,16,112
112000033,1506,5346,-3840
112000034,95,27,68
112000035,26,1246,-1220
112000036,155,2186,-2031
112000037,743,1015,-272
112000038,1099,1890,-791
112000039,145,48,97
112000040,37,230,-193
112000041,537,393,144
112000042,1022,172,850
112000050,1554,1349,205
112000051,1755,4387,-2632
112000054,1476,1543,-67
112000057,723,199,524
112000058,133,284,-151
112000059,598,530,68
112000061,2974,700,2274
112000062,544,1551,-1007
112000063,223,4184,-3961
112000064,2836,2822,14
112000065,896,1953,-1057
112000066,3137,1366,1771
112000067,458,530,-72
112000068,3607,3015,592
112000069,569,1417,-848
112000070,1442,887,555
112000071,1246,1742,-496
112000072,2995,933,2062
112000073,1114,3637,-2523
112000074,959,2249,-1290
112000075,1395,2001,-606
112000076,3260,2581,679
112000077,1531,314,1217
112000078,3214,609,2605
112000079,2744,1095,1649
112000080,1036,674,362
112000081,1032,1645,-613
112000082,1405,535,870
112000083,993,957,36
112000084,1333,520,813
112000085,2404,815,1589
112000086,2846,1012,1834
112000087,890,194,696
112000088,1131,191,940
112000089,365,266,99
112000090,240,227,13
112000091,657,356,301
112000092,3233,791,2442
112000093,1827,382,1445
112000094,912,680,232
112000095,1250,352,898
112000096,881,590,291
112000097,3637,719,2918
112000098,380,425,-45
112000099,664,2921,-2257
112000100,3143,821,2322
112000101,713,286,427
112000102,2250,556,1694
112000103,410,271,139
112000105,782,528,254
112000106,4387,401,3986
112000107,318,131,187
112000108,1476,676,800
112000109,574,100,474
112000110,2869,809,2060
112000111,403,2262,-1859
112000112,2330,517,1813
112000113,754,745,9
112000114,3020,964,2056
112000115,595,300,295
112000116,612,507,105
112000117,1279,542,737
112000118,656,785,-129
112000119,489,558,-69
112000120,35,149,-114
112000121,319,177,142
112000122,756,104,652
112000123,1312,140,1172
112000124,827,207,620
112000125,560,440,120
112000126,1165,114,1051
112000127,2761,2626,135
112000128,725,452,273
112000129,204,74,130
112000130,468,82,386
112000131,40,144,-104
112000132,323,176,147
112000133,502,67,435
112000134,697,331,366
112000135,1872,913,959
112000136,855,829,26
112000137,2043,2213,-170
112000138,1335,906,429
112000139,645,846,-201
112000140,216,779,-563
112000141,1214,490,724
112000142,140,273,-133
112000143,1788,183,1605
112000144,425,424,1
112000145,3896,383,3513
112000146,656,911,-255
112000147,3301,1527,1774
112000148,823,1028,-205
112000149,501,533,-32
112000150,979,273,706
112000151,467,109,358
112000152,1263,359,904
112000153,118,129,-11
112000154,254,626,-372
112000155,189,122,67
112000157,419,1506,-1087
112000158,344,206,138
112000159,1542,300,1242
112000167,469,241,228
112000169,279,2084,-1805
112000173,1718,189,1529
112000175,546,211,335
112000176,862,1078,-216
112000177,1074,378,696
112000178,91,164,-73
112000179,607,38,569
112000180,489,181,308
112000181,1157,827,330
112000182,2875,335,2540
112000183,42,15,27
112000184,559,184,375
112000185,1784,301,1483
112000187,5547,3134,2413
112000195,190,4,186
112000196,114,0,114
112000197,125,116,9
112000198,28,279,-251
112000199,722,542,180
112000202,1087,11,1076
112000216,37,234,-197
112000230,260,2,258
112000231,4,77,-73
112000256,41,704,-663
112000313,112,55,57
112000314,86,69,17
112000337,255,1086,-831
112000352,68,317,-249
112000392,3052,682,2370
112000398,3198,715,2483
112000399,1194,11301,-10107
112000400,1096,929,167
112000401,1162,1041,121
112000402,5259,5743,-484
112000403,1576,11375,-9799
112000404,2336,1627,709
112000405,4987,4119,868
112000406,2828,1063,1765
112000407,12483,8467,4016
112000408,4710,2075,2635
112000409,1556,1504,52
112000410,271,338,-67
112000411,1668,1605,63
112000412,336,224,112
112000413,3374,6946,-3572
112000414,221,13,208
112000415,167,18,149
112000416,5691,1300,4391
112000417,406,136,270
112000421,127,28,99
112000422,346,213,133
112000424,1208,4468,-3260
112000425,482,445,37
112000426,402,402,0
112000427,0,5,-5
112000428,462,274,188
112000429,2656,2755,-99
112000430,3456,6128,-2672
112000431,222,318,-96
112000432,502,683,-181
112000433,350,442,-92
112000437,34,68,-34
112900001,54,1,53
112900002,995,146,849
112900003,66,79,-13
112900004,80,70,10
112900005,524,100,424
112900006,21,50,-29
112900007,47,22,25
112900008,1,160,-159
112900009,634,233,401
112900010,510,185,325
112900011,41,274,-233
112900012,0,10,-10
112900013,12,307,-295
112900014,8,82,-74
112900015,78,346,-268
112900016,1,71,-70
112900017,114,123,-9
112900018,1,59,-58
112900019,22,134,-112
112900020,271,554,-283
112900021,0,133,-133
112900022,9,41,-32
112900023,0,19,-19
112900024,9,60,-51
112900025,104,116,-12
112900026,0,16,-16
112900027,1,283,-282
112900028,7,74,-67
112900029,2,49,-47
112900030,18,25,-7
112900031,6,323,-317
112900032,169,161,8
112900034,1,7,-6
112900035,0,126,-126
112900036,10,71,-61
112900037,568,315,253
112900038,840,55,785
112900039,6,96,-90
112900040,3,519,-516
112900041,553,900,-347
112900042,39,162,-123
112900043,31,38,-7
112900044,201,157,44
112900045,150,50,100
112900046,117,50,67
112900047,6,18,-12
112900049,539,39,500
112900050,44,299,-255
112900051,68,168,-100
112900052,0,302,-302
112900053,128,226,-98
112900054,139,83,56
112900055,84,59,25
112900056,359,228,131
112900057,88,215,-127
112900058,229,566,-337
112900059,67,1040,-973
112900060,81,38,43
112900061,114,176,-62
112900062,120,68,52
112900063,21,14,7
112900064,17,91,-74
112900065,9,22,-13
112900066,221,456,-235
112900067,430,36,394
112900068,27,200,-173
112900069,1963,1666,297
112900071,52,20,32
112900072,63,7092,-7029
112900073,372,287,85
112900074,154,630,-476
112900075,954,2371,-1417
112900076,20,25,-5
112900078,189,660,-471
112900079,342,14,328
112900080,213,3,210
112900081,37,583,-546
112900082,602,33,569
112900083,282,225,57
112900084,490,430,60
112900086,201,1,200
112900087,2118,155,1963
112900088,409,15,394
112900089,761,20,741
112900090,77,80,-3
112900091,547,11,536
112900092,53,1374,-1321
112900093,1437,28,1409
112900095,75,0,75
112900096,993,186,807
112900097,66,126,-60
112900098,81,0,81
112900099,1479,7,1472
112900100,147,1,146
112900101,634,8,626
112900102,78,85,-7
112900103,382,6,376
112900104,251,1,250
112900105,32,0,32
112900106,824,118,706
112900107,3,2,1
112900108,4,0,4
112900109,327,1,326
112900110,2162,17,2145
112900111,1217,13,1204
112900112,392,0,392
112900113,0,3,-3
112900114,775,8,767
112900115,2591,2,2589
112900116,206,9,197
112900117,32,17,15
112900118,8,61,-53
112900119,478,15,463
112900120,456,209,247
112900121,54,58,-4
112900122,3,67,-64
112900123,555,55,500
112900124,4,33,-29
112900125,2,215,-213
112900126,66,61,5
112900127,656,57,599
112900128,43,313,-270
112900129,0,487,-487
112900130,338,40,298
112900131,4,357,-353
112900132,82,324,-242
112900133,3,820,-817
112900134,0,373,-373
112900135,125,66,59
112900137,1,386,-385
112900138,8,52,-44
112900139,25,305,-280
112900141,910,19,891
112900142,63,546,-483
112900143,2,249,-247
112900144,1,190,-189
112900145,7,315,-308
112900146,0,254,-254
112900147,1,331,-330
112900148,56,0,56
112900149,199,319,-120
112900151,10,29,-19
112900152,2743,215,2528
112900153,157,7014,-6857
112900154,0,20,-20
112900155,180,12,168
112900156,1181,378,803
112900157,952,16,936
112900158,115,3,112
112900159,147,378,-231
112900160,51,275,-224
112900161,234,21,213
112900162,9,21,-12
112900163,17,55,-38
112900164,44,167,-123
112900165,88,82,6
112900166,10,75,-65
112900167,1,344,-343
112900168,7,1,6
112900169,6,23,-17
112900170,182,36,146
112900172,82,26,56
112900173,76,77,-1
112900174,427,22,405
112900175,193,332,-139
112900176,5,68,-63
112900177,302,82,220
112900178,504,4131,-3627
112900179,3,254,-251
112900180,2435,1377,1058
112900181,1565,11,1554
112900182,86,290,-204
112900183,58,150,-92
112900184,365,365,0
112900185,72,521,-449
112900186,701,776,-75
112900187,26,356,-330
112900188,717,2886,-2169
112900189,25,2,23
112900190,8,21,-13
112900192,490,399,91
112900193,611,240,371
112900194,79,4,75
112900195,512,34,478
112900196,598,389,209
112900197,88,283,-195
112900199,1150,134,1016
112900200,748,45,703
112900201,189,190,-1
112900202,690,256,434
112900203,497,44,453
112900204,372,322,50
112900205,30,1,29
112900206,24,17,7
112900207,47,0,47
112900208,46,1073,-1027
112900209,106,154,-48
112900210,0,3,-3
112900211,43,4,39
112900212,0,27,-27
112900213,49,1,48
112900214,9,11,-2
112900215,10,34,-24
112900216,25,26,-1
112900217,0,44,-44
112900218,134,18,116
112900219,207,7,200
112900220,3,0,3
112900221,54,63,-9
112900222,0,64,-64
112900223,1013,30,983
112900224,1003,199,804
112900225,829,126,703
112900226,144,234,-90
112900227,1518,148,1370
112900228,168,36,132
112900229,600,12,588
112900230,8615,2349,6266
112900232,474,275,199
112900233,142,122,20
112900234,55,1,54
112900235,24,5,19
112900236,1087,12,1075
112900237,668,100,568
112900238,4,2,2
112900239,421,790,-369
112900240,8,10,-2
112900241,4,16,-12
112900242,5,35,-30
112900243,12,29,-17
112900244,8,11,-3
112900245,1,11,-10
112900246,1,8,-7
112900247,38,4,34
112900248,3,0,3
112900249,11,0,11
112900250,60,5,55
112900251,168,8,160
112900252,200,1,199
112900253,83,2,81
112900254,69,3,66
112900255,4,16,-12
112900256,1,23,-22
112900257,7,29,-22
112900258,0,0,0
113000001,6343,4956,1387
113000002,7832,4139,3693
113000003,3464,2083,1381
113000004,3643,1946,1697
113000005,3212,1979,1233
113000006,1832,1829,3
113000007,4065,1925,2140
113000008,3292,2350,942
113000009,2137,659,1478
113000010,2322,1323,999
113000011,1950,1058,892
113000012,1560,750,810
113000013,715,452,263
113000014,1284,1673,-389
113000015,99,152,-53
113000016,306,481,-175
113000017,60,608,-548
113000018,472,38,434
113000019,79,309,-230
113000020,238,88,150
113000021,1937,1037,900
113000022,1206,5168,-3962
113000025,186,307,-121
113000026,629,795,-166
113000027,710,1525,-815
113000028,433,2242,-1809
113000029,906,712,194
113000030,156,506,-350
113000031,171,197,-26
113000032,210,324,-114
113000033,266,393,-127
113000034,271,133,138
113000035,13,36,-23
113000036,7,118,-111
113000037,39,17,22
113000038,20,50,-30
113000039,58,364,-306
113000040,51,124,-73
113000042,966,786,180
113000051,3031,3943,-912
113000052,3492,456,3036
113000053,993,458,535
113000054,1334,1278,56
113000055,3083,478,2605
113000056,3001,1220,1781
113000058,416,1218,-802
113000059,927,305,622
113000060,569,720,-151
113000061,773,861,-88
113000062,577,401,176
113000063,662,52,610
113000064,119,107,12
113000065,197,415,-218
113000066,1391,156,1235
113000067,4175,606,3569
113000068,623,319,304
113000069,898,374,524
113000070,3152,607,2545
113000071,966,331,635
113000072,1509,345,1164
113000073,501,1492,-991
113000074,1063,456,607
113000075,2006,726,1280
113000076,513,4185,-3672
113000077,650,685,-35
113000078,407,1517,-1110
113000079,351,999,-648
113000080,630,861,-231
113000081,1085,1011,74
113000082,929,546,383
113000083,762,1228,-466
113000084,1935,827,1108
113000085,991,806,185
113000086,879,1658,-779
113000087,1177,1679,-502
113000088,2593,1695,898
113000089,757,1883,-1126
113000090,132,770,-638
113000091,288,610,-322
113000094,1652,602,1050
113000095,294,1048,-754
113000096,176,1381,-1205
113000097,1747,684,1063
113000098,86,50,36
113000099,1341,455,886
113000100,166,610,-444
113000101,135,968,-833
113000102,861,675,186
113000103,6049,424,5625
113000104,977,4408,-3431
113000105,1417,720,697
113000106,1083,288,795
113000107,1918,1416,502
113000108,1636,1052,584
113000109,672,1563,-891
113000110,9503,1060,8443
113000111,586,469,117
113000112,1208,435,773
113000113,3097,405,2692
113000114,245,1051,-806
113000116,480,380,100
113000117,596,103,493
113000118,42,1088,-1046
113000119,328,292,36
113000120,63,396,-333
113000121,340,725,-385
113000124,530,229,301
113000125,24,1665,-1641
113000127,1984,203,1781
113000128,2376,241,2135
113000129,378,785,-407
113000133,3999,475,3524
113000134,5,1793,-1788
113000135,5515,5203,312
113000137,917,2839,-1922
113000139,234,131,103
113000140,57,86,-29
113000141,47,51,-4
113000142,83,296,-213
113000143,289,140,149
113000144,202,213,-11
113000145,131,120,11
113000146,113,35,78
113000147,209,38,171
113000148,285,102,183
113000149,200,181,19
113000150,423,399,24
113000151,62,30,32
113000152,78,254,-176
113000153,1066,146,920
113000154,515,2202,-1687
113000155,460,907,-447
113000156,179,216,-37
113000157,276,371,-95
113000158,589,139,450
113000159,1093,199,894
113000160,551,301,250
113000161,449,148,301
113000162,1016,79,937
113000163,216,16,200
113000164,83,21,62
113000166,369,106,263
113000167,132,74,58
113000168,324,99,225
113000169,308,70,238
113000170,103,125,-22
113000171,29,77,-48
113000172,357,20,337
113000173,81,11,70
113000174,324,161,163
113000175,715,63,652
113000176,766,73,693
113000177,300,105,195
113000178,192,251,-59
113000179,365,86,279
113000180,806,2044,-1238
113000181,1411,889,522
113000182,150,671,-521
113000183,302,788,-486
113000184,23,47,-24
113000189,229,620,-391
113000190,182,176,6
113000192,411,6577,-6166
113000193,1414,4446,-3032
113000194,1124,6646,-5522
113000195,1228,3838,-2610
113000196,482,119,363
113000197,1360,4717,-3357
113000198,80,390,-310
113000199,2500,258,2242
113000201,937,786,151
113000202,20782,4479,16303
113000203,84,1274,-1190
113000204,353,8056,-7703
113000205,26,12,14
113000206,4,40,-36
113000207,47,23,24
113000208,14,119,-105
113000209,10,12,-2
113000210,1,6,-5
113000211,60,404,-344
113000212,18,44,-26
113000213,19,139,-120
113000214,271,518,-247
113000234,338,803,-465
113000410,19,146,-127
113000411,1222,1789,-567
113000412,8716,1348,7368
113000413,949,2947,-1998
113000414,4798,13943,-9145
113000415,2316,1327,989
113000416,1979,1977,2
113000417,766,1152,-386
113000418,6861,3879,2982
113000419,1913,1723,190
113000420,3108,5237,-2129
113000421,5896,7089,-1193
113000422,8423,9943,-1520
113000423,1144,5783,-4639
113000424,2100,14060,-11960
113000425,7,166,-159
113000428,17,58,-41
113000430,0,175,-175
113000432,3134,219,2915
113000433,69,1002,-933
113000434,28,118,-90
113000435,21,91,-70
113000436,6,952,-946
113000437,1971,100,1871
113000438,661,48,613
113000439,59,52,7
113000440,201,80,121
113000441,347,217,130
113000442,486,37,449
113000443,494,97,397
113000444,707,41,666
113000445,75,83,-8
113000446,117,194,-77
113000448,1200,460,740
113000449,325,1360,-1035
113000450,2240,4034,-1794
113000451,4864,723,4141
113000452,113,825,-712
113000453,47,1104,-1057
113000454,329,423,-94
113000455,25,2892,-2867
113000456,1479,2162,-683
113000468,853,105,748
113000469,23,94,-71
113000470,1022,9,1013
113000471,22,463,-441
113000472,78,297,-219
113000474,2188,1015,1173
113000475,1626,935,691
113000476,4479,2596,1883
113000477,6429,2306,4123
113000478,2868,2560,308
113000479,339,155,184
113000485,0,0,0
113000486,0,0,0
113000487,0,0,0
113000488,0,0,0
113000489,0,0,0
113000490,0,0,0
113000491,0,0,0
113000492,0,0,0
113000493,0,0,0
113000495,493,94,399
113000496,253,157,96
113000497,0,0,0
113000499,0,0,0
113900001,43,3679,-3636
113900002,26,185,-159
113900003,3,503,-500
113900004,5,726,-721
113900005,17,1297,-1280
113900006,2,119,-117
113900007,50,182,-132
113900008,58,1,57
113900009,124,0,124
113900010,104,3,101
113900011,438,1,437
113900012,130,2,128
113900013,146,10,136
113900014,1201,8,1193
113900015,0,34,-34
113900016,23,0,23
113900017,2,31,-29
113900018,80,179,-99
113900019,195,30,165
113900020,223,12,211
113900022,66,0,66
113900023,28,0,28
113900024,97,37,60
113900025,277,18,259
113900026,102,0,102
113900027,6,50,-44
113900028,39,179,-140
113900029,199,66,133
113900030,642,9,633
113900031,24,2,22
113900032,52,0,52
113900033,65,43,22
113900035,35,0,35
113900036,85,103,-18
113900037,155,299,-144
113900038,14,183,-169
113900039,386,21,365
113900040,8,21,-13
113900041,12,0,12
113900042,159,25,134
113900043,254,26,228
113900044,71,232,-161
113900045,124,3,121
113900046,142,1546,-1404
113900047,214,61,153
113900048,247,120,127
113900049,97,501,-404
113900050,295,265,30
113900051,286,108,178
113900052,74,22,52
113900053,401,1089,-688
113900054,43,5,38
113900055,78,465,-387
113900056,136,48,88
113900057,6,23,-17
113900058,125,49,76
113900059,453,202,251
113900060,28,126,-98
113900061,744,120,624
113900062,159,48,111
113900063,221,25,196
113900064,31,29,2
113900065,735,34,701
113900066,1221,116,1105
113900067,360,85,275
113900068,366,1180,-814
113900069,46,21,25
113900070,106,294,-188
113900071,190,7,183
113900072,43,45,-2
113900073,889,367,522
113900074,403,200,203
113900075,1124,3260,-2136
113900076,102,5,97
113900077,49,41,8
113900078,53,5,48
113900079,0,8,-8
113900080,601,211,390
113900081,197,55,142
113900082,350,267,83
113900083,559,70,489
113900084,252,146,106
113900085,22,101,-79
113900086,126,44,82
113900087,113,39,74
113900088,130,95,35
113900089,580,23,557
113900090,567,319,248
113900091,4,5,-1
113900092,22,76,-54
113900093,40,2337,-2297
113900094,928,202,726
113900095,160,280,-120
113900096,341,89,252
113900097,41,245,-204
113900098,1040,304,736
113900099,0,24,-24
113900100,0,1,-1
113900101,5,84,-79
113900102,70,174,-104
113900103,166,512,-346
113900104,174,384,-210
113900105,414,8,406
113900106,1,12,-11
113900107,1,2,-1
113900108,44,350,-306
113900109,163,374,-211
113900110,29,16,13
113900111,295,46,249
113900112,301,46,255
113900113,1321,352,969
113900114,0,5,-5
113900115,0,5,-5
113900116,16,271,-255
113900117,22,57,-35
113900118,62,1007,-945
113900119,36,249,-213
113900120,121,28,93
113900121,233,74,159
113900122,413,5428,-5015
113900123,663,167,496
113900124,0,112,-112
113900125,1382,186,1196
113900126,47,41,6
113900127,402,663,-261
113900128,379,72,307
113900129,1,254,-253
113900130,0,132,-132
113900131,272,48,224
113900132,75,116,-41
113900133,8,28,-20
113900135,389,599,-210
113900136,37,17,20
113900137,349,358,-9
113900138,23,142,-119
113900139,491,480,11
113900140,27,182,-155
113900141,952,156,796
113900142,58,22,36
113900143,7,61,-54
113900144,53,238,-185
113900145,347,194,153
113900146,320,18,302
113900148,41,300,-259
113900149,212,289,-77
113900150,247,131,116
113900151,382,173,209
113900152,33,67,-34
113900153,61,338,-277
113900154,0,157,-157
113900155,31,161,-130
113900156,442,210,232
113900157,42,530,-488
113900158,55,267,-212
113900159,3,236,-233
113900160,454,445,9
113900161,157,232,-75
113900162,121,375,-254
113900163,270,89,181
113900164,581,44,537
113900165,550,540,10
113900166,25,42,-17
113900167,450,11,439
113900168,40,56,-16
113900169,184,356,-172
113900171,318,41,277
113900172,2,123,-121
113900173,5,222,-217
113900174,573,425,148
113900175,223,129,94
113900176,279,245,34
113900177,209,95,114
113900178,299,221,78
113900179,7,160,-153
113900180,132,70,62
113900181,1178,241,937
113900182,727,416,311
113900183,76,52,24
113900184,31,298,-267
113900185,69,49,20
113900186,10,2,8
113900187,9,59,-50
113900188,16,63,-47
113900189,413,274,139
113900190,188,90,98
113900191,44,83,-39
113900192,1,664,-663
113900193,4,120,-116
113900194,1217,300,917
113900195,311,172,139
113900196,3,180,-177
113900197,3,61,-58
113900198,6,858,-852
113900199,24,286,-262
113900200,5,67,-62
113900201,0,57,-57
113900202,45,45,0
113900203,0,23,-23
113900204,2,264,-262
113900205,2,29,-27
113900206,4,62,-58
113900207,0,53,-53
113900208,1,12,-11
113900209,0,24,-24
113900210,1296,754,542
113900211,125,30,95
113900212,408,246,162
113900214,182,383,-201
113900215,124,157,-33
113900216,210,176,34
113900217,209,73,136
113900218,102,62,40
113900219,179,812,-633
113900220,147,250,-103
113900221,131,508,-377
113900222,145,990,-845
113900223,356,193,163
113900224,105,56,49
113900225,364,98,266
113900226,330,111,219
113900227,191,338,-147
113900228,169,677,-508
113900229,45,1484,-1439
113900230,1327,3270,-1943
113900231,155,67,88
113900232,176,22,154
113900233,97,34,63
113900234,454,402,52
113900235,176,23,153
113900236,289,61,228
113900237,252,8,244
113900238,126,718,-592
113900239,70,171,-101
113900240,4,177,-173
113900241,31,118,-87
113900242,28,338,-310
113900243,28,124,-96
113900244,112,129,-17
113900245,347,314,33
113900246,28,16,12
113900247,69,667,-598
113900248,2274,2330,-56
113900249,342,477,-135
113900250,23,784,-761
113900251,1360,64,1296
113900252,1387,22,1365
113900253,902,41,861
113900254,629,144,485
113900255,1167,10,1157
113900256,728,20,708
113900257,22,345,-323
113900258,18,140,-122
113900259,989,87,902
113900260,442,15,427
113900261,38,44,-6
113900262,232,134,98
113900263,11,216,-205
113900264,0,155,-155
113900265,108,242,-134
113900266,22,153,-131
113900267,24,831,-807
113900268,182,486,-304
113900269,233,125,108
113900270,224,303,-79
113900271,503,375,128
113900273,4,18,-14
113900274,71,74,-3
113900275,4,289,-285
113900276,2,76,-74
113900277,344,4,340
113900278,88,102,-14
113900279,65,15,50
113900280,954,401,553
113900281,101,1004,-903
113900282,134,209,-75
113900283,437,646,-209
113900284,1540,135,1405
113900285,81,4,77
113900286,25,26,-1
113900287,188,7,181
113900288,1,160,-159
113900289,246,195,51
113900290,628,770,-142
113900291,65,42,23
113900292,0,2,-2
113900293,3,295,-292
113900294,1238,21,1217
113900295,407,172,235
113900296,1930,275,1655
113900297,2530,28,2502
113900298,42,2172,-2130
113900299,168,28,140
113900300,4954,5351,-397
113900301,445,976,-531
113900302,1234,1105,129
113900303,130,1703,-1573
113900304,0,182,-182
113900305,318,5,313
113900306,153,0,153
113900307,2,0,2
113900308,25,65,-40
113900309,4,343,-339
113900310,0,0,0
113900311,16,1,15
113900312,138,189,-51
113900313,10,0,10
114000001,915,1449,-534
114000002,569,226,343
114000003,155,177,-22
114000004,695,307,388
114000005,505,134,371
114000006,1262,1390,-128
114000007,861,957,-96
114000008,1812,1774,38
114000009,1516,319,1197
114000011,3563,1836,1727
114000012,5835,1415,4420
114000013,2760,1200,1560
114000014,675,82,593
114000015,2849,155,2694
114000016,538,69,469
114000017,150,1030,-880
114000018,48,40,8
114000026,3771,1167,2604
114000027,4836,2632,2204
114000028,2442,5093,-2651
114000038,305,99,206
114000039,22,8,14
114000040,164,430,-266
114000042,305,232,73
114000043,41,47,-6
114000044,482,28,454
114000045,28,58,-30
114000046,1644,3856,-2212
114000047,20,124,-104
114000048,133,58,75
114000049,2206,1434,772
114000050,2065,1697,368
114000051,3570,2151,1419
114000052,3841,2896,945
114000053,28,721,-693
114000054,246,728,-482
114000055,664,47,617
114000056,148,1115,-967
114000057,3606,1508,2098
114000058,78,1331,-1253
114000059,39,1415,-1376
114000060,607,1141,-534
114000061,2553,3462,-909
114000062,299,1171,-872
114000063,988,1057,-69
114000064,1512,5356,-3844
114000065,1020,1871,-851
114000066,781,1054,-273
114000067,19,1710,-1691
114000068,326,855,-529
114000069,928,548,380
114000070,2956,1543,1413
114000071,987,771,216
114000072,923,171,752
114000073,21,8,13
114000074,153,23,130
114000075,106,39,67
114000076,23,43,-20
114000077,0,3,-3
114000078,484,412,72
114000079,429,35,394
114000080,53,95,-42
114000081,81,95,-14
114000082,62,313,-251
114000083,98,37,61
114000084,231,136,95
114000085,60,254,-194
114000086,227,143,84
114000087,324,38,286
114000088,38,33,5
114000089,376,156,220
114000090,834,1462,-628
114000091,1036,1112,-76
114000092,427,574,-147
114000093,1384,514,870
114000094,752,505,247
114000095,317,169,148
114000096,62,231,-169
114000097,160,163,-3
114000098,583,178,405
114000099,1142,97,1045
114000100,1957,461,1496
114000101,636,207,429
114000102,907,349,558
114000103,113,90,23
114000104,40,100,-60
114000105,405,178,227
114000106,684,2738,-2054
114000107,659,153,506
114000108,978,572,406
114000109,1092,3467,-2375
114000110,452,710,-258
114000111,3291,1734,1557
114000112,354,1168,-814
114000113,1778,421,1357
114000114,312,909,-597
114000115,2630,675,1955
114000116,1348,6944,-5596
114000117,6559,837,5722
114000118,5743,382,5361
114000119,4570,427,4143
114000120,808,913,-105
114000121,625,526,99
114000122,466,427,39
114000123,3187,563,2624
114000124,2355,703,1652
114000125,1344,1349,-5
114000126,3171,374,2797
114000127,240,103,137
114000128,1198,230,968
114000130,925,565,360
114000131,667,141,526
114000132,630,233,397
114000133,552,938,-386
114000134,108,15,93
114000138,44,80,-36
114000139,523,762,-239
114000144,739,801,-62
114000145,42,26,16
114000146,119,21,98
114000147,1316,2823,-1507
114000148,796,2286,-1490
114000149,373,585,-212
114000150,206,593,-387
114000151,558,2719,-2161
114000152,123,51,72
114000153,579,3033,-2454
114000154,566,766,-200
114000155,1013,4622,-3609
114000156,906,1114,-208
114000157,454,2395,-1941
114000158,1175,546,629
114000159,135,420,-285
114000160,80,822,-742
114000161,919,2416,-1497
114000162,1554,2576,-1022
114000163,3,40,-37
114000165,560,546,14
114000166,438,506,-68
114000167,2607,1265,1342
114000168,412,160,252
114000169,1110,1114,-4
114000170,1193,917,276
114000171,1809,18812,-17003
114000174,153,266,-113
114000176,205,521,-316
114000177,648,355,293
114000178,113,50,63
114000179,955,1238,-283
114000180,162,187,-25
114000181,1321,10371,-9050
114000182,873,2691,-1818
114000183,695,608,87
114000184,2937,483,2454
114000185,1652,1046,606
114000189,2119,111,2008
114000190,4920,391,4529
114000191,143,628,-485
114000192,175,758,-583
114000193,181,930,-749
114000194,1997,847,1150
114000195,370,384,-14
114000196,1,112,-111
114000197,3288,63,3225
114000198,727,387,340
114000199,1368,1438,-70
114000200,545,1148,-603
114000201,199,979,-780
114000202,1226,740,486
114000203,840,874,-34
114000204,125,629,-504
114000205,268,1173,-905
114000206,828,1481,-653
114000207,548,941,-393
114000208,484,1183,-699
114000209,314,1637,-1323
114000210,231,692,-461
114000211,1446,1708,-262
114000212,817,1294,-477
114000213,1811,332,1479
114000214,55,129,-74
114000215,134,178,-44
114000216,2591,381,2210
114000217,471,158,313
114000218,576,69,507
114000219,2509,142,2367
114000220,44,844,-800
114000221,1675,188,1487
114000222,202,656,-454
114000223,988,131,857
114000224,47,411,-364
114000225,543,218,325
114000226,281,195,86
114000227,856,499,357
114000228,1146,613,533
114000229,2147,1339,808
114000230,1938,1031,907
114000231,1399,1725,-326
114000232,1631,235,1396
114000233,3698,88,3610
114000234,1538,928,610
114000235,2098,1748,350
114000236,0,489,-489
114000237,240,648,-408
114000238,216,597,-381
114000239,155,904,-749
114000240,1058,1718,-660
114000241,462,917,-455
114000242,822,912,-90
114000243,3333,1239,2094
114000244,1154,535,619
114000245,779,1411,-632
114000246,247,56,191
114000247,799,713,86
114000248,2746,682,2064
114000249,660,596,64
114000250,1078,228,850
114000251,395,247,148
114000252,101,18,83
114000253,38,73,-35
114000254,65,10,55
114000255,801,245,556
114000256,388,1864,-1476
114000257,580,923,-343
114000258,774,171,603
114000259,266,280,-14
114000260,2,33,-31
114000261,62,39,23
114000262,393,111,282
114000263,27,1,26
114000264,1937,469,1468
114000265,0,2,-2
114000267,3,2717,-2714
114000268,5,645,-640
114000270,400,18,382
114000271,343,81,262
114000283,2426,338,2088
114000285,28,89,-61
114000288,193,331,-138
114000289,2492,171,2321
114000293,384,544,-160
114000294,422,370,52
114000395,2082,10,2072
114000396,707,547,160
114000402,1348,168,1180
114000403,402,144,258
114000405,384,261,123
114000423,508,182,326
114000424,602,132,470
114000425,1712,113,1599
114000426,434,1087,-653
114000427,96,37,59
114000428,68,167,-99
114000429,8,102,-94
114000432,213,54,159
114000434,34,59,-25
114000435,1,70,-69
114900001,963,231,732
114900002,349,64,285
114900003,1217,270,947
114900004,251,512,-261
114900005,658,213,445
114900006,94,100,-6
114900007,241,18,223
114900008,472,92,380
114900010,987,2136,-1149
114900011,387,111,276
114900013,360,134,226
114900015,125,1186,-1061
114900018,1012,34,978
114900020,96,61,35
114900022,29,517,-488
114900024,128,126,2
114900025,612,92,520
114900026,136,105,31
114900027,154,155,-1
114900029,173,46,127
114900030,266,183,83
114900031,889,13,876
114900032,711,12,699
114900033,616,2456,-1840
114900034,22,27,-5
114900035,77,417,-340
114900036,271,251,20
114900037,107,74,33
114900038,440,300,140
114900039,998,100,898
114900040,203,23,180
114900041,1750,128,1622
114900042,2230,147,2083
114900043,350,119,231
114900044,216,51,165
114900046,28,15,13
114900047,210,5181,-4971
114900048,8,113,-105
114900049,6,108,-102
114900050,78,86,-8
114900051,16,126,-110
114900052,27,175,-148
114900053,37,148,-111
114900054,14,38,-24
114900057,219,31,188
114900058,0,26,-26
114900059,163,73,90
114900060,202,622,-420
114900061,50,58,-8
114900062,116,368,-252
114900063,118,56,62
114900064,2688,139,2549
114900065,333,1037,-704
114900067,30,239,-209
114900068,4,118,-114
114900069,197,16,181
114900070,652,155,497
114900072,2,171,-169
114900073,1,39,-38
114900074,1480,244,1236
114900075,163,3,160
114900076,4,113,-109
114900080,753,104,649
114900082,1858,3129,-1271
114900083,301,592,-291
114900090,838,132,706
114900091,85,95,-10
114900095,210,77,133
114900096,143,343,-200
114900097,230,3,227
114900098,2,306,-304
114900099,289,16,273
115000001,5389,3265,2124
115000002,6526,7696,-1170
115000003,4602,2586,2016
115000004,6309,8338,-2029
115000005,2609,3313,-704
115000006,2188,2615,-427
115000007,801,418,383
115000008,764,969,-205
115000009,860,490,370
115000010,420,376,44
115000013,30,154,-124
115000015,45,388,-343
115000016,21,295,-274
115000019,46,794,-748
115000020,133,1236,-1103
115000021,245,425,-180
115000022,456,218,238
115000023,476,450,26
115000024,629,202,427
115000025,883,539,344
115000026,128,180,-52
115000027,557,243,314
115000028,146,317,-171
115000029,1392,108,1284
115000030,452,714,-262
115000031,847,153,694
115000032,8,143,-135
115000033,257,15,242
115000034,125,1044,-919
115000035,965,133,832
115000036,1,297,-296
115000037,775,56,719
115000038,92,189,-97
115000039,3641,5192,-1551
115000040,4274,2986,1288
115000041,2994,5651,-2657
115000042,566,597,-31
115000043,4621,3212,1409
115000044,3113,3217,-104
115000045,3731,964,2767
115000046,4527,3545,982
115000047,4070,1933,2137
115000048,3702,2016,1686
115000049,1376,3980,-2604
115000050,4223,1277,2946
115000051,2306,6878,-4572
115000052,1540,977,563
115000053,3708,3539,169
115000054,704,1033,-329
115000055,154,1506,-1352
115000056,116,389,-273
115000057,657,1956,-1299
115000058,54,575,-521
115000059,140,473,-333
115000061,234,387,-153
115000062,321,624,-303
115000063,835,473,362
115000064,430,135,295
115000065,107,531,-424
115000067,555,44,511
115000069,130,281,-151
115000070,41,1525,-1484
115000071,135,38,97
115000072,11,57,-46
115000073,2116,108,2008
115000075,89,59,30
115000076,2348,2349,-1
115000077,2919,1294,1625
115000078,2665,948,1717
115000079,2696,1093,1603
115000080,5905,1198,4707
115000081,322,390,-68
115000082,8750,6787,1963
115000083,2816,1052,1764
115000084,4403,947,3456
115000085,1790,829,961
115000086,1717,1110,607
115000087,532,2151,-1619
115000088,1899,867,1032
115000089,1556,1032,524
115000090,449,1012,-563
115000091,456,421,35
115000092,1212,1436,-224
115000093,1070,4,1066
115000094,4830,9888,-5058
115000095,4255,11202,-6947
115000096,1648,811,837
115000097,3124,2429,695
115000098,2891,602,2289
115000099,3391,1501,1890
115000100,2643,369,2274
115000101,830,1117,-287
115000102,641,203,438
115000103,509,511,-2
115000105,168,156,12
115000106,1577,775,802
115000107,306,286,20
115000108,2312,1574,738
115000109,3671,6564,-2893
115000110,1481,2225,-744
115000111,541,839,-298
115000112,790,564,226
115000113,463,463,0
115000114,827,397,430
115000116,2290,1690,600
115000117,1798,2503,-705
115000118,2406,1849,557
115000119,1755,2054,-299
115000120,762,1392,-630
115000121,563,537,26
115000122,585,1763,-1178
115000123,1822,2238,-416
115000124,1030,1635,-605
115000125,583,2435,-1852
115000126,193,756,-563
115000127,564,244,320
115000128,425,1490,-1065
115000129,233,1019,-786
115000130,611,621,-10
115000131,1052,336,716
115000132,764,437,327
115000133,1378,216,1162
115000134,450,502,-52
115000135,149,148,1
115000136,399,499,-100
115000137,68,336,-268
115000138,432,269,163
115000139,294,258,36
115000140,691,276,415
115000141,287,84,203
115000142,386,74,312
115000143,1353,1311,42
115000144,634,91,543
115000145,321,243,78
115000146,741,1223,-482
115000147,486,763,-277
115000148,465,863,-398
115000149,969,352,617
115000150,701,704,-3
115000151,1901,386,1515
115000152,907,2076,-1169
115000153,2249,521,1728
115000154,1428,207,1221
115000155,878,1712,-834
115000156,1042,1155,-113
115000157,281,2240,-1959
115000158,215,766,-551
115000159,738,1157,-419
115000160,536,540,-4
115000161,151,389,-238
115000162,509,1213,-704
115000163,648,717,-69
115000164,548,1017,-469
115000165,219,930,-711
115000167,85,322,-237
115000168,500,1187,-687
115000169,279,1489,-1210
115000170,85,291,-206
115000171,269,836,-567
115000172,942,1086,-144
115000173,503,1453,-950
115000174,73,980,-907
115000175,202,266,-64
115000176,54,147,-93
115000177,31,207,-176
115000178,9,183,-174
115000179,32,96,-64
115000180,112,301,-189
115000181,1119,202,917
115000182,2166,371,1795
115000183,602,522,80
115000186,1080,141,939
115000187,207,466,-259
115000188,816,477,339
115000189,477,432,45
115000190,1063,893,170
115000191,377,694,-317
115000194,69,143,-74
115000195,170,440,-270
115000196,391,88,303
115000197,389,138,251
115000198,969,153,816
115000199,966,139,827
115000200,635,258,377
115000201,388,192,196
115000206,656,30,626
115000207,536,180,356
115000208,440,564,-124
115000209,978,713,265
115000210,271,227,44
115000211,402,218,184
115000212,1688,526,1162
115000224,191,112,79
115000225,159,39,120
115000229,283,105,178
115000230,168,341,-173
115000231,451,1222,-771
115000232,4328,431,3897
115000233,90,302,-212
115000234,15,419,-404
115000241,193,90,103
115000242,301,81,220
115000243,241,65,176
115000244,16,528,-512
115000246,105,28,77
115000247,58,41,17
115000248,107,32,75
115000249,34,18,16
115000250,328,51,277
115000251,641,58,583
115000252,158,255,-97
115000253,23,689,-666
115000258,791,76,715
115000259,237,59,178
115000261,56,27,29
115000262,33,60,-27
115000263,9,49,-40
115000264,8,15,-7
115000267,44,91,-47
115000268,40,88,-48
115000269,91,34,57
115000270,16,24,-8
115000272,125,134,-9
115000273,715,10,705
115000280,1161,333,828
115000281,205,650,-445
115000282,634,1252,-618
115000284,170,394,-224
115000296,470,12,458
115000297,100,401,-301
115000298,47,739,-692
115000300,234,119,115
115000302,1151,163,988
115000303,1793,76,1717
115000304,1455,130,1325
115000305,117,448,-331
115000306,274,284,-10
115000307,215,266,-51
115000308,23,40,-17
115000309,63,122,-59
115000310,2896,529,2367
115000311,2115,1250,865
115000313,225,408,-183
115000314,843,346,497
115000315,1395,1372,23
115000316,184,200,-16
115000317,344,532,-188
115000318,1135,422,713
115000319,222,210,12
115000320,48,576,-528
115000321,537,46,491
115000322,75,110,-35
115000449,158,180,-22
115000557,3,2923,-2920
115000558,193,328,-135
115000587,1221,361,860
115000588,2681,3369,-688
115000589,6561,4084,2477
115000590,975,2163,-1188
115000591,1586,1298,288
115000592,532,2405,-1873
115000593,1935,1540,395
115000594,250,3507,-3257
115000609,507,307,200
115000617,552,2866,-2314
115000624,545,39,506
115000633,372,1515,-1143
115000634,3861,894,2967
115000635,929,208,721
115000638,414,352,62
115000641,63,521,-458
115000642,353,224,129
115000643,121,264,-143
115000644,149,333,-184
115000646,699,1126,-427
115000647,224,505,-281
115000648,4651,1069,3582
115000893,2768,1519,1249
115000894,118,898,-780
115000895,340,1807,-1467
115000896,1797,840,957
115000897,459,148,311
115000898,502,372,130
115000899,283,1852,-1569
115000900,84,885,-801
115000901,64,217,-153
115000912,517,65,452
115000913,3,26,-23
115000915,33,0,33
115000916,10,0,10
115000917,0,26,-26
115000918,26,822,-796
115000919,1,52,-51
115000920,3,150,-147
115000921,414,137,277
115000922,566,1389,-823
115000923,58,3264,-3206
115000925,167,165,2
115000927,94,121,-27
115000933,52,878,-826
115000934,93,147,-54
115000935,254,95,159
115000936,83,1431,-1348
115000937,1681,520,1161
115000938,24,314,-290
115000939,35,195,-160
115000940,2,83,-81
115000941,0,109,-109
115000942,4,257,-253
115000943,1,251,-250
115000944,3,12,-9
115900001,357,27,330
115900002,122,104,18
115900003,228,92,136
115900004,2,25,-23
115900005,358,32,326
115900006,129,160,-31
115900008,215,1,214
115900009,49,609,-560
115900010,622,102,520
115900011,479,290,189
115900012,427,19,408
115900013,455,150,305
115900014,232,131,101
115900015,315,40,275
115900016,111,47,64
115900017,61,15,46
115900018,196,18,178
115900019,55,17,38
115900020,118,0,118
115900021,724,515,209
115900022,1165,8,1157
115900023,9,29,-20
115900025,27,205,-178
115900026,550,113,437
115900027,1,170,-169
115900028,227,35,192
115900029,34,167,-133
115900030,17,19,-2
115900031,75,414,-339
115900032,357,897,-540
115900033,0,70,-70
115900034,12,93,-81
115900035,67,20,47
115900036,67,4629,-4562
115900037,37,103,-66
115900038,108,23,85
115900039,334,82,252
115900041,124,1156,-1032
115900042,60,3,57
115900043,239,45,194
115900044,152,614,-462
115900046,1148,87,1061
115900047,56,277,-221
115900049,240,115,125
115900051,8,44,-36
115900052,52,77,-25
115900053,435,64,371
115900054,599,10,589
115900055,11,30,-19
115900056,258,90,168
115900057,5,29,-24
115900058,13,34,-21
115900060,80,67,13
115900061,401,0,401
115900062,43,74,-31
115900063,50,1,49
115900064,343,346,-3
115900065,302,59,243
115900066,40,61,-21
115900067,3,87,-84
115900068,850,2094,-1244
115900069,48,217,-169
115900070,309,44,265
115900071,0,134,-134
115900072,15,113,-98
115900073,276,142,134
115900074,0,50,-50
115900075,55,224,-169
115900076,5,15,-10
115900077,2,46,-44
115900078,73,152,-79
115900079,581,25,556
115900080,162,72,90
115900081,59,33,26
115900082,154,108,46
115900084,834,6,828
115900085,57,118,-61
115900086,1151,245,906
115900088,1,94,-93
115900089,682,280,402
115900090,1002,11,991
115900091,9,27,-18
115900092,102,46,56
115900093,6,10,-4
115900094,2,31,-29
115900096,2,5,-3
115900097,22,70,-48
115900098,528,205,323
115900099,95,26,69
115900100,37,200,-163
115900101,547,99,448
115900102,155,36,119
115900103,435,71,364
115900104,99,44,55
115900105,331,163,168
115900106,166,7,159
115900107,117,47,70
115900108,287,13,274
115900109,5,230,-225
115900110,30,1,29
115900111,1,55,-54
115900112,26,457,-431
115900113,128,41,87
115900114,1,44,-43
115900115,89,115,-26
115900116,120,515,-395
115900117,234,8,226
115900118,0,59,-59
115900119,201,91,110
115900120,18,184,-166
115900121,350,97,253
115900124,285,1116,-831
115900125,903,39,864
115900126,1263,45,1218
115900127,1365,72,1293
115900128,2,305,-303
115900129,675,37,638
115900130,22,1343,-1321
115900131,632,22,610
115900132,1133,9,1124
115900134,491,17,474
115900135,1362,947,415
115900137,29,18,11
115900139,9,107,-98
115900140,646,28,618
115900141,1,84,-83
115900142,6,76,-70
115900143,373,310,63
115900144,398,146,252
115900146,12,125,-113
115900147,324,371,-47
115900148,36,18,18
115900149,405,23,382
115900150,179,16,163
115900151,186,80,106
115900152,309,150,159
115900153,382,95,287
115900154,420,510,-90
115900155,0,15,-15
115900156,1025,940,85
115900157,480,680,-200
115900158,9,5,4
115900159,313,258,55
115900160,0,3,-3
115900161,33,87,-54
115900163,538,87,451
115900164,1305,9,1296
115900166,99,113,-14
115900168,439,108,331
115900171,145,246,-101
115900172,116,214,-98
115900173,284,161,123
115900174,138,411,-273
115900175,303,110,193
115900178,16,94,-78
115900179,655,15,640
115900180,191,67,124
115900181,530,72,458
115900182,975,38,937
115900183,14,142,-128
115900184,550,34,516
115900187,24,452,-428
115900189,0,214,-214
115900190,206,1669,-1463
115900191,32,197,-165
115900192,76,187,-111
115900193,123,78,45
115900194,1518,88,1430
115900195,530,4379,-3849
115900198,309,263,46
115900199,471,37,434
115900200,355,103,252
115900201,210,497,-287
115900202,2,256,-254
115900203,1,3,-2
115900204,0,30,-30
115900205,28,8,20
115900206,528,109,419
115900207,118,7,111
115900208,162,56,106
115900209,11,114,-103
115900210,6,257,-251
115900211,3,162,-159
115900212,291,172,119
115900213,78,243,-165
115900214,1107,130,977
115900215,30,265,-235
115900216,1,41,-40
115900217,8,18,-10
115900218,0,19,-19
115900219,334,4,330
115900220,502,7,495
115900221,163,13,150
115900222,113,31,82
115900223,3,557,-554
115900224,544,2773,-2229
115900225,79,14,65
115900226,37,62,-25
115900227,6,101,-95
115900228,14,56,-42
115900229,2,93,-91
115900230,35,39,-4
115900231,178,9,169
115900232,158,2,156
115900233,144,5,139
115900234,108,80,28
115900235,65,53,12
115900236,22,54,-32
115900237,22,13,9
115900238,21,43,-22
115900239,13,67,-54
115900240,9,40,-31
115900241,381,30,351
115900242,569,766,-197
115900243,22,14,8
115900244,33,30,3
115900245,108,21,87
115900246,15,6,9
115900247,4,0,4
115900248,29,4,25
115900249,3,4,-1
115900250,32,1,31
115900251,14,3,11
115900252,10,0,10
115900253,76,17,59
115900254,21,32,-11
115900255,0,181,-181
115900256,71,107,-36
115900257,7,53,-46
115900258,0,3,-3
115900259,2,4,-2
115900260,40,11,29
115900261,2,2,0
115900262,3,2,1
115900263,1,3,-2
115900264,27,0,27
115900265,6,13,-7
115900266,1,16,-15
115900267,0,14,-14
115900268,2,36,-34
115900269,1272,257,1015
115900270,528,84,444
115900271,384,0,384
115900272,61,3,58
115900273,17,53,-36
115900274,0,3,-3
115900275,0,1,-1
115900276,0,4,-4
115900277,0,52,-52
115900278,75,85,-10
115900279,47,353,-306
115900280,10,1384,-1374
115900281,187,480,-293
115900282,116,63,53
115900283,67,2,65
115900284,21,6,15
116000001,8908,2308,6600
116000002,7727,21047,-13320
116000003,1517,2043,-526
116000004,5507,8238,-2731
116000005,1139,5132,-3993
116000006,4938,8813,-3875
116000007,1937,2545,-608
116000008,7695,3894,3801
116000009,1022,1099,-77
116000010,5126,1920,3206
116000011,659,939,-280
116000012,3794,1391,2403
116000013,5251,7230,-1979
116000014,15415,33348,-17933
116000015,206,2663,-2457
116000016,6562,7769,-1207
116000017,42,735,-693
116000018,474,544,-70
116000019,2461,296,2165
116000020,740,1589,-849
116000021,1539,326,1213
116000022,932,491,441
116000023,2583,1667,916
116000024,907,1162,-255
116000025,1377,1086,291
116000026,1488,6091,-4603
116000027,423,1215,-792
116000028,570,1052,-482
116000029,463,347,116
116000030,670,822,-152
116000031,36,176,-140
116000032,567,109,458
116000033,993,652,341
116000034,767,1034,-267
116000035,963,310,653
116000036,370,3644,-3274
116000037,192,579,-387
116000038,81,1879,-1798
116000039,318,1570,-1252
116000040,463,2145,-1682
116000041,148,1198,-1050
116000042,1438,1525,-87
116000043,167,539,-372
116000044,10,33,-23
116000045,1232,1682,-450
116000046,838,2553,-1715
116000047,3026,3971,-945
116000048,4453,1279,3174
116000049,2178,2763,-585
116000050,2081,1400,681
116000051,3613,3582,31
116000052,3501,3230,271
116000053,3153,1110,2043
116000054,1501,2912,-1411
116000055,1411,1357,54
116000056,1956,1091,865
116000057,3523,1424,2099
116000058,7401,4259,3142
116000059,3236,5443,-2207
116000060,3989,2266,1723
116000061,839,1381,-542
116000062,841,730,111
116000063,804,2858,-2054
116000066,553,779,-226
116000067,490,546,-56
116000068,322,490,-168
116000069,555,273,282
116000078,817,930,-113
116000080,2133,447,1686
116000082,6,12,-6
116000083,3226,345,2881
116000084,1159,1850,-691
116000085,2555,2379,176
116000086,1013,786,227
116000087,4495,2246,2249
116000088,1753,721,1032
116000089,216,124,92
116000090,238,214,24
116000091,232,891,-659
116000093,845,226,619
116000094,1492,453,1039
116000095,979,557,422
116000096,2898,3900,-1002
116000097,1255,665,590
116000098,143,16303,-16160
116000099,6110,559,5551
116000100,415,33,382
116000101,1715,872,843
116000102,340,575,-235
116000103,557,385,172
116000104,243,789,-546
116000105,2210,150,2060
116000106,448,929,-481
116000107,3815,322,3493
116000108,25,275,-250
116000111,202,32,170
116000113,151,52,99
116000114,14,87,-73
116000115,377,107,270
116000116,233,153,80
116000117,1773,1477,296
116000118,2958,1059,1899
116000119,4694,1642,3052
116000120,3206,2072,1134
116000121,1200,610,590
116000122,798,667,131
116000123,1881,534,1347
116000124,547,280,267
116000125,4479,446,4033
116000126,470,464,6
116000127,1013,562,451
116000128,2847,766,2081
116000129,1883,128,1755
116000130,1302,690,612
116000133,2649,941,1708
116000134,1798,1046,752
116000135,3937,1456,2481
116000136,940,1467,-527
116000137,1699,844,855
116000138,1872,834,1038
116000139,2734,7354,-4620
116000140,199,584,-385
116000141,642,508,134
116000142,4131,1945,2186
116000143,3290,1249,2041
116000144,2758,2225,533
116000145,3263,960,2303
116000146,1631,163,1468
116000147,406,595,-189
116000148,1580,2313,-733
116000149,1158,1292,-134
116000151,875,994,-119
116000153,210,381,-171
116000155,294,763,-469
116000156,996,489,507
116000157,142,7,135
116000158,712,153,559
116000159,4,18,-14
116000160,78,42,36
116000161,4,140,-136
116000162,167,484,-317
116000163,116,47,69
116000164,64,82,-18
116000177,131,342,-211
116000194,111,472,-361
116000195,1699,733,966
116000196,3,0,3
116000197,1,5,-4
116000198,2191,1371,820
116000200,1144,932,212
116000201,717,723,-6
116000202,13,170,-157
116000203,2,17,-15
116000204,4,8,-4
116000205,1,65,-64
116000206,3,92,-89
116000207,7,112,-105
116000233,168,608,-440
116000287,484,121,363
116000288,483,256,227
116000292,350,215,135
116000296,22,92,-70
116000297,151,14,137
116000304,289,39,250
116000305,20,193,-173
116000346,0,0,0
116000352,0,0,0
116000354,0,0,0
116000357,0,0,0
116000358,620,174,446
116000361,205,2,203
116000372,4552,12170,-7618
116000381,168,3,165
116000388,1,12,-11
116000389,1133,280,853
116000445,1617,238,1379
116000446,883,277,606
116000447,66,730,-664
116000448,624,86,538
116000563,643,856,-213
116000565,32,180,-148
116000568,91,905,-814
116000579,23,140,-117
116000583,21,13,8
116000584,70,5,65
116000585,150,50,100
116000586,99,130,-31
116000587,388,307,81
116000589,34,53,-19
116000590,277,87,190
116000591,451,189,262
116000592,23,36,-13
116000593,1,22,-21
116000594,2277,160,2117
116000595,1041,69,972
116000596,305,7,298
116000597,978,423,555
116000598,11,107,-96
116000605,152,105,47
116000606,49,671,-622
116000607,13,192,-179
116000609,68,2172,-2104
116000611,414,184,230
116000612,2718,2129,589
116000613,919,369,550
116000614,866,293,573
116000615,5,933,-928
116000616,143,85,58
116000617,259,39,220
116000618,7,90,-83
116000619,23,98,-75
116000620,490,155,335
116000621,146,94,52
116000622,256,76,180
116000624,118,86,32
116000627,183,50,133
116000628,154,291,-137
116000629,54,265,-211
116000630,1859,28,1831
116000631,1252,46,1206
116000632,2388,24,2364
116000633,382,212,170
116000634,704,92,612
116000635,2998,5890,-2892
116000636,680,2720,-2040
116000637,1106,46,1060
116000638,181,187,-6
116000640,38,113,-75
116000641,52,59,-7
116000644,82,286,-204
116900001,555,116,439
116900002,361,8,353
116900003,59,8,51
116900004,82,148,-66
116900005,407,39,368
116900006,191,159,32
116900007,230,488,-258
116900008,1149,80,1069
116900009,16,19,-3
116900010,0,503,-503
116900011,2,13,-11
116900012,265,443,-178
116900013,2,23,-21
116900014,240,24,216
116900015,927,72,855
116900016,236,0,236
116900017,1,347,-346
116900018,169,179,-10
116900019,1,97,-96
116900020,412,2807,-2395
116900023,33,7,26
116900024,1324,38,1286
116900025,1992,430,1562
116900026,71,606,-535
116900027,90,83,7
116900028,2,26,-24
116900029,0,271,-271
116900031,0,3,-3
116900032,31,65,-34
116900033,54,7,47
116900034,2,20,-18
116900035,225,320,-95
116900036,10,169,-159
116900038,16,3,13
116900041,209,23,186
116900042,131,175,-44
116900043,29,73,-44
116900047,65,397,-332
116900049,8,255,-247
116900050,38,335,-297
116900051,513,17,496
116900052,333,76,257
116900055,0,36,-36
116900057,9,121,-112
116900058,6,308,-302
116900059,0,26,-26
116900060,119,719,-600
116900062,1,44,-43
116900064,96,203,-107
116900065,3,151,-148
116900067,200,37,163
116900068,229,131,98
116900070,8,7,1
116900072,34,88,-54
116900073,7,129,-122
116900074,4,27,-23
116900076,10,101,-91
116900077,28,31,-3
116900078,113,23,90
116900079,56,184,-128
116900080,12,18,-6
116900081,149,700,-551
116900082,107,1222,-1115
116900083,3,3,0
116900084,64,92,-28
116900085,4,84,-80
116900086,38,258,-220
116900088,404,18,386
116900090,8,7,1
116900091,758,57,701
116900092,166,331,-165
116900093,4250,1383,2867
116900094,5134,8168,-3034
116900095,499,860,-361
116900096,93,408,-315
116900097,1361,5532,-4171
116900098,1334,459,875
116900099,198,1354,-1156
116900100,1437,150,1287
116900101,255,990,-735
116900103,75,1,74
116900104,13,494,-481
116900105,494,203,291
116900106,4033,125,3908
116900107,1511,4210,-2699
116900110,15,1,14
116900111,1431,204,1227
116900112,290,374,-84
116900113,1209,5353,-4144
116900116,30,1225,-1195
116900117,299,100,199
116900118,1781,989,792
116900120,515,62,453
116900121,393,17,376
116900122,1555,231,1324
116900123,1118,264,854
116900124,66,373,-307
116900125,828,78,750
116900126,114,740,-626
116900128,0,64,-64
116900129,0,200,-200
116900130,1649,6135,-4486
116900131,91,333,-242
116900132,204,93,111
116900133,263,268,-5
116900134,339,370,-31
116900136,376,71,305
116900137,387,150,237
116900138,110,53,57
116900139,78,191,-113
116900140,132,85,47
116900141,440,145,295
116900142,4,36,-32
116900143,335,108,227
116900144,56,15,41
116900145,130,435,-305
116900147,167,2804,-2637
116900148,6,16,-10
116900149,50,302,-252
116900150,8,7,1
116900151,143,86,57
116900153,164,118,46
116900154,195,776,-581
116900155,79,121,-42
116900157,1314,35,1279
116900158,124,474,-350
116900159,160,726,-566
116900160,1089,850,239
116900161,4841,14244,-9403
116900162,19,114,-95
116900163,434,9,425
116900164,108,42,66
116900165,897,424,473
116900166,206,54,152
116900167,615,24,591
116900168,914,21,893
116900169,220,2771,-2551
116900170,739,493,246
116900171,105,88,17
116900172,111,790,-679
116900173,546,6,540
116900174,66,192,-126
116900175,460,814,-354
116900178,97,94,3
116900179,9,523,-514
116900180,50,5,45
116900182,1479,415,1064
116900183,320,157,163
116900185,21,49,-28
116900186,114,47,67
116900187,67,107,-40
116900188,142,6,136
116900189,37,1,36
116900191,122,317,-195
116900192,509,146,363
116900194,112,2115,-2003
116900195,100,22,78
116900196,44,14,30
116900197,208,13,195
116900198,33,634,-601
116900200,99,1,98
116900201,333,1,332
116900202,58,32,26
116900203,183,10,173
116900204,20,500,-480
116900206,10,3,7
116900207,37,80,-43
116900208,3,91,-88
116900209,47,24,23
116900210,876,534,342
116900211,329,4,325
116900212,186,11,175
116900213,378,172,206
116900214,592,362,230
116900215,103,40,63
116900216,471,422,49
116900218,1,225,-224
116900219,292,134,158
116900220,77,339,-262
116900221,306,307,-1
116900222,532,299,233
116900223,54,190,-136
116900226,280,26,254
116900227,442,20,422
116900228,462,273,189
116900230,66,85,-19
116900231,142,176,-34
116900232,31,233,-202
116900233,429,82,347
116900234,42,6,36
116900235,242,154,88
116900238,698,226,472
116900239,13,724,-711
116900240,5160,4992,168
116900241,106,18,88
116900242,726,1919,-1193
116900243,2,25,-23
116900245,83,62,21
116900246,161,32,129
116900247,1069,42,1027
116900248,56,17,39
116900249,707,48,659
116900250,775,40,735
116900251,379,1474,-1095
116900252,368,862,-494
116900253,151,72,79
116900254,81,176,-95
116900255,207,271,-64
116900256,1298,190,1108
116900257,12,182,-170
116900258,0,35,-35
116900259,438,29,409
116900260,1,24,-23
116900261,137,4,133
116900262,165,46,119
116900263,5,4,1
116900264,72,193,-121
116900265,241,0,241
116900266,33,5,28
116900267,8,1,7
116900268,53,99,-46
116900269,490,2327,-1837
116900271,853,769,84
116900272,814,460,354
116900273,34,1014,-980
116900274,245,42,203
116900275,514,108,406
116900276,315,751,-436
116900277,146,121,25
116900278,1,2,-1
116900279,1,27,-26
116900280,110,9,101
116900281,3581,8362,-4781
116900282,0,11,-11
116900283,1,11,-10
116900284,5,100,-95
116900285,102,705,-603
116900286,61,7,54
116900287,3,13,-10
116900288,128,20,108
116900289,23,0,23
116900290,35,1,34
116900291,32,8,24
116900292,0,34,-34
116900293,134,1,133
116900294,0,140,-140
116900295,322,589,-267
116900296,66,355,-289
116900297,2,140,-138
116900298,109,254,-145
116900299,17,335,-318
116900300,2,149,-147
116900301,44,975,-931
116900302,18,318,-300
116900303,271,232,39
116900304,1,269,-268
116900305,81,91,-10
116900306,598,76,522
116900307,175,2,173
116900308,1,75,-74
116900309,388,55,333
117000001,3642,6149,-2507
117000002,2399,6291,-3892
117000003,7994,6289,1705
117000004,2665,9748,-7083
117000005,6100,4314,1786
117000006,1215,3247,-2032
117000007,10757,1974,8783
117000008,1386,3931,-2545
117000009,6384,2313,4071
117000010,1279,2791,-1512
117000011,5167,2235,2932
117000012,2451,1305,1146
117000013,4252,2164,2088
117000014,2055,2824,-769
117000015,4835,2595,2240
117000016,467,950,-483
117000017,152,2679,-2527
117000018,111,1351,-1240
117000019,68,98,-30
117000020,1288,2862,-1574
117000021,4195,992,3203
117000022,295,885,-590
117000023,100,1154,-1054
117000024,110,1846,-1736
117000025,146,8017,-7871
117000026,2000,5862,-3862
117000027,2338,4834,-2496
117000028,1074,4097,-3023
117000030,474,700,-226
117000031,727,578,149
117000032,1951,2850,-899
117000033,2517,1589,928
117000034,371,351,20
117000035,447,805,-358
117000036,738,621,117
117000037,466,413,53
117000038,493,1041,-548
117000039,451,627,-176
117000040,162,718,-556
117000041,1478,152,1326
117000044,11,931,-920
117000045,2117,388,1729
117000046,648,1753,-1105
117000047,1462,1389,73
117000048,1843,1672,171
117000049,16,444,-428
117000050,660,1338,-678
117000051,3741,56,3685
117000052,91,211,-120
117000053,1488,39,1449
117000054,2724,9,2715
117000055,0,1299,-1299
117000056,924,11,913
117000057,510,1544,-1034
117000060,562,1566,-1004
117000061,3818,2883,935
117000062,310,1662,-1352
117000063,2630,1258,1372
117000064,886,1008,-122
117000066,530,1226,-696
117000067,101,708,-607
117000074,37,275,-238
117000076,32,28,4
117000077,316,109,207
117000078,234,818,-584
117000079,557,291,266
117000080,1,819,-818
117000081,1213,138,1075
117000082,33,131,-98
117000083,218,14,204
117000084,354,1,353
117000085,827,1116,-289
117000086,1467,322,1145
117000087,228,723,-495
117000088,578,208,370
117000089,4208,247,3961
117000090,356,718,-362
117000091,2106,324,1782
117000092,553,850,-297
117000093,2927,669,2258
117000094,1122,1461,-339
117000095,4605,742,3863
117000096,1152,1180,-28
117000097,3753,1221,2532
117000098,1801,2064,-263
117000099,6824,1379,5445
117000100,257,294,-37
117000101,191,574,-383
117000102,3382,821,2561
117000103,843,1101,-258
117000104,2457,836,1621
117000105,384,1194,-810
117000106,3115,821,2294
117000107,694,1214,-520
117000108,3339,1385,1954
117000109,1151,2023,-872
117000110,2887,2741,146
117000111,5756,6473,-717
117000112,5437,1621,3816
117000113,220,125,95
117000114,450,176,274
117000115,95,50,45
117000116,306,296,10
117000117,2505,1401,1104
117000118,580,804,-224
117000119,142,1355,-1213
117000120,34,3064,-3030
117000121,39,1855,-1816
117000122,2582,2954,-372
117000123,5263,115,5148
117000124,87,526,-439
117000125,95,1604,-1509
117000126,25,114,-89
117000127,111,1450,-1339
117000128,88,2917,-2829
117000129,557,2564,-2007
117000130,431,14,417
117000131,0,240,-240
117000132,7580,21,7559
117000133,5077,22,5055
117000134,0,600,-600
117000135,11,351,-340
117000136,0,161,-161
117000137,289,168,121
117000138,1,1428,-1427
117000140,555,907,-352
117000141,2697,709,1988
117000181,533,204,329
117000182,4237,1492,2745
117000195,198,599,-401
117000196,603,203,400
117000225,16,407,-391
117000226,8,601,-593
117000276,585,38,547
117000277,0,125,-125
117000310,1519,3734,-2215
117000315,571,1139,-568
117000320,148,0,148
117000906,893,12,881
117000907,3,240,-237
117000909,131,136,-5
117000910,286,116,170
117000911,50,119,-69
117000915,5,124,-119
117000916,90,5,85
117000917,2209,56,2153
117000918,325,63,262
117000919,6,18,-12
117000920,2,1041,-1039
117000921,0,224,-224
117000922,38,109,-71
117000924,1647,1522,125
117000926,1356,937,419
117000927,260,711,-451
117000928,1,207,-206
117000929,1306,190,1116
117000930,1285,27,1258
117000931,131,176,-45
117900002,48,1427,-1379
117900003,106,236,-130
117900005,8,443,-435
117900006,0,90,-90
117900007,304,87,217
117900008,0,11,-11
117900010,711,163,548
117900011,21,2110,-2089
117900012,128,78,50
117900013,4,259,-255
117900014,1573,437,1136
117900015,16,134,-118
117900016,1492,1511,-19
117900017,1674,944,730
117900018,663,1403,-740
117900019,1531,412,1119
117900020,49,333,-284
117900021,21,287,-266
117900022,7,0,7
117900023,5254,158,5096
117900024,118,179,-61
117900025,19,2,17
117900026,1005,333,672
117900028,208,7,201
117900029,610,1035,-425
117900030,677,664,13
117900031,741,1330,-589
117900032,1117,597,520
117900033,1203,708,495
117900034,165,72,93
117900035,403,178,225
117900036,748,269,479
117900037,301,91,210
117900038,61,84,-23
117900039,1,40,-39
117900040,212,98,114
117900041,5,24,-19
117900042,2967,810,2157
117900043,2,20,-18
117900044,12,8245,-8233
117900045,545,108,437
117900048,419,99,320
117900049,741,762,-21
117900050,24,1538,-1514
117900051,21,59,-38
117900052,123,908,-785
117900053,2602,115,2487
117900054,6,23,-17
117900055,4182,455,3727
117900056,112,422,-310
117900057,1440,934,506
117900058,66,283,-217
117900059,146,361,-215
117900060,3505,1709,1796
117900061,35,541,-506
117900063,1017,233,784
117900065,326,1053,-727
117900066,15,212,-197
117900067,1607,280,1327
117900069,1991,147,1844
117900070,55,676,-621
117900071,492,157,335
117900073,1735,227,1508
117900074,41,1161,-1120
117900075,195,121,74
117900076,97,297,-200
117900077,1022,202,820
117900078,681,626,55
117900080,364,63,301
117900081,205,350,-145
117900082,906,313,593
117900083,1064,938,126
117900086,532,129,403
117900087,146,33,113
117900088,699,1080,-381
117900089,3695,602,3093
117900090,1311,894,417
117900091,189,66,123
117900092,296,130,166
117900093,111,22,89
117900094,114,59,55
117900095,1158,2297,-1139
117900096,310,1134,-824
117900097,143,30,113
117900098,109,22,87
117900099,600,1616,-1016
117900100,1024,4,1020
117900101,1544,3523,-1979
117900102,141,35,106
117900103,234,2,232
117900104,10,535,-525
117900105,95,260,-165
117900106,118,37,81
117900107,108,0,108
117900109,1206,390,816
117900110,350,2,348
117900111,1717,215,1502
117900112,62,8,54
117900113,1140,3585,-2445
117900114,63,0,63
117900115,20,591,-571
117900116,648,571,77
117900117,913,233,680
117900118,355,8,347
117900119,418,54,364
117900120,1415,33,1382
117900121,182,45,137
117900122,833,8246,-7413
117900123,1954,761,1193
117900124,291,751,-460
117900125,1795,1180,615
117900126,143,279,-136
117900127,1021,273,748
117900128,618,178,440
117900129,186,4,182
117900130,995,430,565
117900131,1,108,-107
117900132,6,55,-49
117900133,30,48,-18
117900134,33,195,-162
117900135,22,44,-22
117900136,0,19,-19
117900137,93,337,-244
117900138,0,4,-4
117900139,78,94,-16
117900140,10470,1099,9371
117900141,98,774,-676
117900142,44,918,-874
117900144,57,2641,-2584
117900145,17,482,-465
117900146,184,683,-499
117900147,219,234,-15
117900148,5374,5150,224
117900149,134,154,-20
117900150,102,249,-147
117900151,51,353,-302
117900152,94,152,-58
117900153,21,231,-210
117900154,1026,1206,-180
117900156,340,543,-203
117900157,86,690,-604
117900158,405,95,310
117900160,1072,861,211
117900161,838,858,-20
117900162,1345,608,737
117900163,46,1606,-1560
117900165,0,13,-13
117900166,12,527,-515
117900168,46,139,-93
117900169,0,48,-48
117900170,2,27,-25
117900171,0,3,-3
117900172,17,12,5
117900173,40,80,-40
117900174,18,23,-5
117900175,1,16,-15
117900176,5,9,-4
117900177,14,21,-7
117900178,91,4,87
117900180,199,66,133
117900181,39,616,-577
117900182,0,76,-76
117900183,104,189,-85
117900184,27,96,-69
117900185,82,25,57
117900186,99,43,56
117900187,45,11,34
117900188,192,32,160
117900189,81,31,50
117900190,15,1,14
117900191,85,0,85
117900192,272,0,272
117900193,5,69,-64
117900194,8,2,6
117900195,16,48,-32
117900196,42,8,34
117900207,70,123,-53
117900208,43,62,-19
117900209,255,94,161
117900210,86,51,35
117900211,0,54,-54
117900212,220,208,12
117900213,54,3,51
117900214,6,9,-3
117900215,82,25,57
117900216,21,181,-160
117900217,102,322,-220
117900218,254,201,53
117900219,10,459,-449
117900220,12,611,-599
117900222,232,137,95
117900223,89,506,-417
118000001,841,5130,-4289
118000002,492,1280,-788
118000003,2979,9845,-6866
118000004,1477,12882,-11405
118000005,6256,3310,2946
118000006,10338,6871,3467
118000007,6641,17088,-10447
118000008,1202,10418,-9216
118000009,2049,4737,-2688
118000010,4382,4933,-551
118000011,3363,1296,2067
118000012,1383,2231,-848
118000013,4230,4603,-373
118000014,2607,2238,369
118000016,466,197,269
118000017,930,434,496
118000018,541,176,365
118000019,1313,2688,-1375
118000020,589,2666,-2077
118000021,844,4264,-3420
118000022,1221,853,368
118000023,570,479,91
118000024,615,1103,-488
118000027,18169,8592,9577
118000029,947,622,325
118000032,272,2344,-2072
118000033,1893,6010,-4117
118000034,3883,5463,-1580
118000035,2576,2926,-350
118000036,1168,1815,-647
118000037,1187,3909,-2722
118000038,1069,135,934
118000039,254,57,197
118000040,2482,2798,-316
118000041,5742,2455,3287
118000045,196,350,-154
118000046,1448,1833,-385
118000047,803,4783,-3980
118000048,1875,7520,-5645
118000051,1102,6531,-5429
118000052,452,2039,-1587
118000053,681,1841,-1160
118000054,4886,1014,3872
118000055,4226,1814,2412
118000056,87,728,-641
118000057,118,323,-205
118000058,2042,8613,-6571
118000059,1452,4528,-3076
118000060,1834,920,914
118000061,1343,2361,-1018
118000062,483,279,204
118000063,434,1149,-715
118000064,715,1986,-1271
118000065,2034,2828,-794
118000066,2451,5972,-3521
118000067,470,846,-376
118000068,1131,15717,-14586
118000069,1352,1968,-616
118000070,10376,3255,7121
118000071,6151,15845,-9694
118000072,782,6032,-5250
118000073,424,2921,-2497
118000074,548,1583,-1035
118000075,678,435,243
118000076,3002,13573,-10571
118000077,1497,3504,-2007
118000078,2285,4490,-2205
118000079,385,641,-256
118000080,542,2564,-2022
118000081,2045,2762,-717
118000082,549,1825,-1276
118000083,1524,2811,-1287
118000084,2318,3427,-1109
118000086,192,966,-774
118000087,7325,3840,3485
118000088,1377,2959,-1582
118000089,5365,5161,204
118000090,1256,5594,-4338
118000091,1965,6660,-4695
118000092,1207,1037,170
118000093,167,1142,-975
118000096,1189,1001,188
118000097,921,1164,-243
118000098,194,494,-300
118000099,1280,401,879
118000101,2807,552,2255
118000102,800,797,3
118000107,4064,680,3384
118000108,1279,6721,-5442
118000110,0,57,-57
118000111,1,199,-198
118000112,1935,9,1926
118000113,4,299,-295
118000114,1386,24,1362
118000115,2,15,-13
118000116,95,1,94
118000117,793,2305,-1512
118000118,1752,3235,-1483
118000119,1667,3250,-1583
118000120,1523,1677,-154
118000121,15,917,-902
118000122,892,364,528
118000123,79,386,-307
118000125,1221,3617,-2396
118000126,685,4086,-3401
118000127,1374,2091,-717
118000128,430,3725,-3295
118000129,2692,1484,1208
118000130,3468,5365,-1897
118000131,613,1769,-1156
118000132,4475,3889,586
118000133,2607,1611,996
118000135,749,1793,-1044
118000136,183,2568,-2385
118000137,753,368,385
118000138,581,592,-11
118000139,852,252,600
118000140,6593,13271,-6678
118000141,4950,2336,2614
118000142,5083,2175,2908
118000143,4560,1837,2723
118000144,895,398,497
118000145,1866,1170,696
118000146,2092,554,1538
118000147,1798,858,940
118000148,1412,1939,-527
118000149,1309,406,903
118000150,1017,329,688
118000151,1024,314,710
118000153,2623,953,1670
118000154,2331,1478,853
118000155,3534,1042,2492
118000156,2847,5234,-2387
118000157,1154,367,787
118000158,530,835,-305
118000159,44,117,-73
118000160,918,369,549
118000161,908,373,535
118000162,1604,1132,472
118000163,1544,1440,104
118000164,3152,2013,1139
118000168,503,1662,-1159
118000169,1538,804,734
118000170,4028,3169,859
118000171,555,675,-120
118000172,92,164,-72
118000173,1192,1630,-438
118000175,273,395,-122
118000176,543,577,-34
118000177,453,780,-327
118000178,56,23,33
118000179,949,705,244
118000180,702,592,110
118000181,662,126,536
118000182,417,171,246
118000183,248,327,-79
118000184,1960,508,1452
118000185,562,2330,-1768
118000186,416,1714,-1298
118000187,3695,544,3151
118000188,1289,43,1246
118000189,1555,428,1127
118000190,20,27,-7
118000191,11,29,-18
118000192,19,282,-263
118000193,8,183,-175
118000194,3356,1095,2261
118000195,391,9432,-9041
118000196,51,1626,-1575
118000197,60,310,-250
118000198,458,2936,-2478
118000199,346,2698,-2352
118000200,66,1413,-1347
118000201,105,1567,-1462
118000202,24,1000,-976
118000203,350,1857,-1507
118000204,53,932,-879
118000205,121,537,-416
118000206,278,552,-274
118000207,0,83,-83
118000208,2224,2103,121
118000209,3823,892,2931
118000210,272,53,219
118000211,159,57,102
118000213,599,8652,-8053
118000214,383,1531,-1148
118000215,606,167,439
118000216,12844,2949,9895
118000217,28,102,-74
118000218,152,33,119
118000219,228,383,-155
118000220,91,52,39
118000221,1103,1032,71
118000222,93,3,90
118000223,128,32,96
118000224,222,75,147
118000225,296,2433,-2137
118000226,1933,270,1663
118000227,1540,657,883
118000228,81,571,-490
118000229,42,1311,-1269
118000230,62,439,-377
118000231,65,752,-687
118000232,1648,268,1380
118000233,1955,726,1229
118000234,778,86,692
118000236,241,791,-550
118000237,206,186,20
118000238,353,119,234
118000239,500,831,-331
118000240,121,116,5
118000241,515,191,324
118000242,690,287,403
118000243,501,108,393
118000244,190,55,135
118000246,0,38,-38
118000255,78,506,-428
118000256,275,339,-64
118000259,7,150,-143
118000260,327,114,213
118000261,127,35,92
118000263,208,271,-63
118000266,330,197,133
118000267,1,753,-752
118000268,471,87,384
118000270,448,2,446
118000271,350,225,125
118000272,105,27,78
118000273,455,26,429
118000274,105,542,-437
118000276,453,169,284
118000295,52,145,-93
118000298,140,108,32
118000299,79,60,19
118000301,1,226,-225
118000302,162,28,134
118000311,1882,46,1836
118000312,616,126,490
118000313,127,36,91
118000314,288,27,261
118000315,77,9,68
118000316,1429,529,900
118000325,89,47,42
118000326,81,18,63
118000331,29,14,15
118000332,21,17,4
118000333,31,36,-5
118000335,1006,0,1006
118000336,0,208,-208
118000407,390,29,361
118000457,22,176,-154
118000465,631,3349,-2718
118000480,159,73,86
118000489,7,1112,-1105
118000490,9,442,-433
118000492,912,192,720
118000510,68,17,51
118000514,105,999,-894
118000515,619,1716,-1097
118000517,669,280,389
118000524,191,826,-635
118000525,582,684,-102
118000530,25,307,-282
118000531,580,228,352
118000532,365,226,139
118000533,333,168,165
118000534,1179,437,742
118000535,560,122,438
118000536,80,650,-570
118000537,18,165,-147
118000538,16,179,-163
118000539,52,203,-151
118000540,178,473,-295
118000541,67,243,-176
118000542,133,587,-454
118000543,204,632,-428
118000546,54,42,12
118000553,0,2,-2
118000557,0,0,0
118000560,1421,3383,-1962
118000562,101,179,-78
118000563,1835,892,943
118000576,300,61,239
118000577,252,207,45
118000578,183,85,98
118000579,657,3019,-2362
118000583,0,0,0
118000595,277,67,210
118000596,2,792,-790
118000597,278,90,188
118000598,12,0,12
118000599,297,96,201
118000600,8,4,4
118000601,4,0,4
118000602,1,7,-6
118000603,0,4,-4
118000605,96,151,-55
118900001,832,1448,-616
118900002,1266,1091,175
118900003,815,5,810
118900004,185,80,105
118900005,185,3,182
118900006,244,5,239
118900007,1,0,1
118900008,1680,50,1630
118900009,211,162,49
118900010,77,13,64
118900011,164,20,144
118900012,325,402,-77
118900013,2332,687,1645
118900015,332,23,309
118900016,1,0,1
118900017,28,410,-382
118900018,1911,31,1880
118900019,1,1,0
118900020,23,299,-276
118900021,85,1241,-1156
118900022,91,25,66
118900023,79,329,-250
118900024,104,249,-145
118900025,41,40,1
118900026,63,4,59
118900027,775,211,564
118900028,258,118,140
118900029,332,682,-350
118900030,921,60,861
118900031,156,31,125
118900032,381,77,304
118900033,401,1241,-840
118900034,263,37,226
118900035,163,133,30
118900036,1677,423,1254
118900037,315,1184,-869
118900038,565,73,492
118900039,1195,145,1050
118900040,302,142,160
118900041,1252,501,751
118900042,114,56,58
118900045,208,164,44
118900046,402,439,-37
118900047,552,426,126
118900048,268,1034,-766
118900049,201,26,175
118900050,89,3,86
118900051,96,347,-251
118900052,288,955,-667
118900053,23,105,-82
118900054,249,25,224
118900055,272,4,268
118900056,30,726,-696
118900057,999,530,469
118900058,856,1006,-150
118900059,22,227,-205
118900060,116,73,43
118900062,449,277,172
118900064,312,809,-497
118900065,81,268,-187
118900066,139,68,71
118900067,4509,5387,-878
118900068,9,888,-879
118900069,698,394,304
118900071,3,7,-4
118900072,1375,1176,199
118900073,432,137,295
118900074,393,98,295
118900075,352,26,326
118900076,305,218,87
118900077,725,115,610
118900078,4,1,3
118900079,77,201,-124
118900080,141,39,102
118900081,46,65,-19
118900082,2903,288,2615
118900083,41,2,39
118900084,10,41,-31
118900085,413,384,29
118900086,20,98,-78
118900087,162,1284,-1122
118900088,0,3,-3
118900089,17,58,-41
118900090,321,152,169
118900091,200,341,-141
118900092,442,45,397
118900093,79,38,41
118900096,84,320,-236
118900097,364,646,-282
118900099,84,178,-94
118900100,88,301,-213
118900101,187,132,55
118900102,21,147,-126
118900103,34,113,-79
118900104,500,100,400
118900105,187,54,133
118900107,42,50,-8
118900108,100,232,-132
118900110,2010,1429,581
118900111,1353,454,899
118900112,299,709,-410
118900113,92,373,-281
118900114,11,201,-190
118900115,92,295,-203
118900116,81,177,-96
118900117,102,119,-17
118900118,360,297,63
118900119,257,275,-18
118900120,109,278,-169
118900121,10,175,-165
118900122,2,1208,-1206
118900123,109,245,-136
118900124,234,336,-102
118900126,59,255,-196
118900129,301,160,141
118900130,17,312,-295
118900131,734,124,610
118900132,425,274,151
118900133,25,317,-292
118900135,452,219,233
118900136,466,203,263
118900137,10,130,-120
118900139,521,220,301
118900140,756,443,313
118900141,211,121,90
118900144,479,279,200
118900145,32,240,-208
118900146,693,361,332
118900147,180,1335,-1155
118900148,114,44,70
118900150,190,742,-552
118900152,603,310,293
118900157,78,621,-543
118900158,311,15,296
118900159,2,225,-223
118900161,55,34,21
118900163,74,24,50
118900164,3,47,-44
118900165,51,28,23
118900166,2,0,2
118900167,92,18,74
118900168,29,126,-97
118900169,251,85,166
118900170,434,64,370
118900171,99,70,29
118900174,132,33,99
118900175,720,273,447
118900176,304,182,122
118900177,104,4,100
118900178,83,45,38
118900179,6,20,-14
118900181,238,56,182
118900182,32,28,4
118900183,38,275,-237
118900184,203,49,154
118900185,138,32,106
118900186,72,338,-266
118900187,151,931,-780
118900188,385,446,-61
118900189,75,755,-680
118900190,159,226,-67
118900191,804,50,754
118900192,756,49,707
118900193,1445,6,1439
118900195,323,580,-257
118900196,28,193,-165
118900197,507,92,415
118900198,51,3,48
118900199,149,2,147
118900200,54,14,40
118900201,52,68,-16
118900202,3,44,-41
118900203,22,3,19
118900204,34,3,31
118900205,2,0,2
118900206,1,3,-2
119000001,1969,2282,-313
119000002,3785,3636,149
119000003,4614,1242,3372
119000004,3200,3090,110
119000005,2913,3687,-774
119000006,7042,2262,4780
119000007,5969,5694,275
119000008,2919,2393,526
119000009,2781,9729,-6948
119000010,4806,6040,-1234
119000011,2522,3167,-645
119000012,1360,4168,-2808
119000013,4330,2356,1974
119000014,2366,2683,-317
119000019,328,172,156
119000020,3595,1957,1638
119000021,7061,4668,2393
119000022,1377,5511,-4134
119000023,179,485,-306
119000024,2507,33632,-31125
119000025,4868,1485,3383
119000026,64,789,-725
119000027,162,617,-455
119000028,2317,719,1598
119000029,52,266,-214
119000030,758,830,-72
119000031,1600,717,883
119000032,1614,1627,-13
119000033,2578,1101,1477
119000034,2155,841,1314
119000035,21,272,-251
119000036,4445,500,3945
119000037,2481,855,1626
119000038,447,319,128
119000039,1223,716,507
119000040,1226,1409,-183
119000041,1133,2380,-1247
119000048,2421,1659,762
119000049,5220,2941,2279
119000050,1634,1769,-135
119000051,4057,1487,2570
119000052,5639,2871,2768
119000053,2909,1249,1660
119000054,4523,1443,3080
119000055,8555,1605,6950
119000056,5811,1772,4039
119000057,2747,871,1876
119000058,2076,1250,826
119000059,1183,1357,-174
119000060,2788,810,1978
119000061,911,526,385
119000062,1052,850,202
119000063,1023,946,77
119000064,1148,931,217
119000065,1372,3536,-2164
119000066,2558,1419,1139
119000067,2350,1378,972
119000068,2885,970,1915
119000069,2543,1465,1078
119000070,4100,584,3516
119000071,464,452,12
119000072,5030,2973,2057
119000073,4778,15970,-11192
119000074,2351,1565,786
119000075,5746,2715,3031
119000076,190,928,-738
119000077,940,477,463
119000078,638,320,318
119000079,250,585,-335
119000080,1393,262,1131
119000081,398,732,-334
119000082,1254,250,1004
119000083,875,579,296
119000084,361,457,-96
119000085,821,114,707
119000086,225,1102,-877
119000087,836,217,619
119000088,248,115,133
119000089,116,220,-104
119000090,127,31,96
119000091,101,173,-72
119000092,349,197,152
119000093,5937,3333,2604
119000094,6684,7515,-831
119000095,3570,8705,-5135
119000097,2214,1092,1122
119000098,1707,9039,-7332
119000099,2368,910,1458
119000100,7403,4047,3356
119000101,3316,1883,1433
119000102,385,2029,-1644
119000103,681,484,197
119000104,1611,921,690
119000105,1340,4652,-3312
119000106,672,737,-65
119000107,1996,723,1273
119000108,1113,945,168
119000109,219,553,-334
119000110,325,347,-22
119000111,49,843,-794
119000112,154,116,38
119000113,711,275,436
119000114,1940,1615,325
119000115,78,158,-80
119000116,152,142,10
119000117,84,429,-345
119000118,20,0,20
119000123,1907,4571,-2664
119000124,2069,298,1771
119000125,8501,543,7958
119000126,3478,607,2871
119000127,1278,303,975
119000128,33,2,31
119000131,1800,234,1566
119000132,0,0,0
119000133,2,8,-6
119000134,1252,1039,213
119000135,250,147,103
119000136,641,94,547
119000137,401,91,310
119000138,1341,63,1278
119000139,181,57,124
119000140,368,425,-57
119000284,1277,1709,-432
119000285,1899,1116,783
119000286,3674,2993,681
119000287,1402,1408,-6
119000288,2704,1007,1697
119000289,1540,3177,-1637
119000290,302,345,-43
119000291,101,418,-317
119000293,143,220,-77
119000294,92,44,48
119000295,2644,295,2349
119000296,393,127,266
119000302,3174,1216,1958
119000303,15,543,-528
119000304,0,0,0
119000310,0,0,0
119000314,2586,17634,-15048
119000315,0,127,-127
119000316,552,97,455
119000317,192,55,137
119900001,95,2656,-2561
119900002,428,229,199
119900003,4,257,-253
119900004,124,4239,-4115
119900005,515,78,437
119900006,81,533,-452
119900007,624,297,327
119900008,44,41,3
119900009,476,271,205
119900010,667,377,290
119900011,48,489,-441
119900012,9,194,-185
119900013,1712,1558,154
119900014,599,179,420
119900015,733,66,667
119900016,100,75,25
119900017,77,54,23
119900018,938,1870,-932
119900019,59,3,56
119900020,81,177,-96
119900021,230,18,212
119900022,105,727,-622
119900023,476,5198,-4722
119900025,755,34,721
119900026,842,141,701
119900027,12,23,-11
119900028,377,306,71
119900029,5,1,4
119900030,562,284,278
119900031,50,1701,-1651
119900033,832,235,597
119900034,1428,24,1404
119900037,326,6,320
119900038,25,676,-651
119900039,58,4,54
119900040,165,43,122
119900041,346,11,335
119900042,113,156,-43
119900043,201,45,156
119900044,265,916,-651
119900046,361,11,350
119900047,467,274,193
119900048,302,45,257
119900049,232,0,232
119900050,68,144,-76
119900051,1897,25,1872
119900052,217,12,205
119900053,537,122,415
119900054,782,11,771
119900055,1316,377,939
119900057,621,12,609
119900058,634,5,629
119900059,61,36,25
119900060,375,45,330
119900061,499,5,494
119900062,197,2,195
119900063,11,141,-130
119900065,202,7,195
119900066,1,0,1
119900067,222,22,200
119900068,1285,2,1283
119900069,129,23,106
119900070,1025,2,1023
119900071,1095,30,1065
119900073,1096,175,921
119900074,13,82,-69
119900075,1561,1383,178
119900076,1676,184,1492
119900077,1465,373,1092
119900078,989,551,438
119900079,1242,52,1190
119900080,614,441,173
119900081,1206,69,1137
119900082,2768,171,2597
119900083,856,45,811
119900084,402,799,-397
119900085,51,16,35
119900086,599,440,159
119900087,137,1140,-1003
119900088,28,12,16
119900089,34,107,-73
119900090,69,6,63
119900091,42,183,-141
119900092,32,322,-290
119900093,3025,179,2846
119900094,25,236,-211
119900095,119,86,33
119900096,30,65,-35
119900097,91,228,-137
119900098,42,3,39
119900099,28,79,-51
119900100,481,2691,-2210
119900101,162,1176,-1014
119900102,33,147,-114
119900103,42,98,-56
119900104,35,81,-46
119900105,535,2149,-1614
119900106,2,63,-61
119900107,185,1121,-936
119900108,3315,571,2744
119900109,29,89,-60
119900110,663,455,208
119900111,339,67,272
119900112,811,1398,-587
119900113,32,231,-199
119900114,335,484,-149
119900115,742,275,467
119900116,80,541,-461
119900117,573,244,329
119900118,197,126,71
119900119,571,143,428
119900120,486,257,229
119900121,924,352,572
119900122,47,126,-79
119900123,236,291,-55
119900124,461,284,177
119900125,24,231,-207
119900126,1963,168,1795
119900127,642,299,343
119900128,718,324,394
119900129,349,108,241
119900130,0,82,-82
119900131,62,80,-18
119900132,0,43,-43
119900133,148,46,102
119900134,428,114,314
119900135,1,172,-171
119900136,61,158,-97
119900138,122,316,-194
119900139,17,142,-125
119900140,2,36,-34
119900141,41,1315,-1274
119900142,1,29,-28
119900143,34,251,-217
119900144,1063,205,858
119900145,56,199,-143
119900146,185,81,104
119900147,3,230,-227
119900148,429,28,401
119900149,426,9465,-9039
119900150,51,115,-64
119900151,2126,1226,900
119900152,259,102,157
119900153,260,43,217
119900154,21,320,-299
119900155,33,27,6
119900156,20,10,10
119900157,381,140,241
119900158,264,78,186
119900159,0,365,-365
119900160,11,157,-146
119900161,130,137,-7
119900162,1463,707,756
119900163,60,99,-39
119900164,0,1,-1
119900165,282,78,204
119900166,101,50,51
119900167,10,49,-39
119900168,2189,283,1906
119900169,33,302,-269
119900170,119,204,-85
119900171,842,306,536
119900172,16,8,8
119900173,4,168,-164
119900174,7,114,-107
119900175,3117,281,2836
119900177,22,125,-103
119900178,0,83,-83
119900179,397,1311,-914
119900180,1849,613,1236
119900181,23,107,-84
119900182,3,74,-71
119900183,108,630,-522
119900184,615,391,224
119900185,78,477,-399
119900186,34,2629,-2595
119900187,33,173,-140
119900188,284,260,24
119900189,118,417,-299
119900190,92,378,-286
119900191,164,507,-343
119900192,53,206,-153
119900193,598,111,487
119900194,18,39,-21
119900195,7,210,-203
119900196,223,81,142
119900197,563,240,323
119900198,159,327,-168
119900199,253,30,223
119900200,1075,437,638
119900201,172,183,-11
119900202,57,383,-326
119900203,154,1094,-940
119900204,430,336,94
119900205,1721,241,1480
119900206,494,203,291
119900208,130,97,33
119900209,782,3192,-2410
119900210,99,16,83
119900211,57,7,50
119900212,698,269,429
119900213,4,51,-47
119900214,98,23,75
119900215,59,15,44
119900216,7,16,-9
119900217,3,5,-2
119900218,26,78,-52
119900219,30,56,-26
119900220,5,32,-27
119900221,44,49,-5
119900222,31,43,-12
119900223,13,25,-12
119900224,15,11,4
119900225,246,15,231
119900226,117,2649,-2532
119900227,245,177,68
119900228,55,177,-122
119900229,90,136,-46
119900230,739,147,592
119900231,401,87,314
119900232,179,60,119
119900233,55,2,53
119900234,4,159,-155
119900235,0,49,-49
119900236,17,178,-161
119900237,21,221,-200
119900238,1,57,-56
119900240,96,55,41
119900241,223,115,108
119900242,1570,1335,235
119900244,883,1004,-121
119900245,400,276,124
119900246,150,514,-364
119900247,4,66,-62
119900248,38,661,-623
119900249,458,74,384
119900253,1494,272,1222
119900254,107,2098,-1991
119900255,85,654,-569
119900256,816,222,594
119900257,134,0,134
119900258,150,1,149
119900259,7,48,-41
119900260,248,7,241
119900261,714,120,594
119900262,0,169,-169
119900263,2200,131,2069
119900264,370,34,336
119900265,488,300,188
119900266,940,135,805
119900267,124,259,-135
119900268,545,52,493
119900269,1309,481,828
119900271,7,70,-63
119900272,139,190,-51
119900275,271,17,254
119900276,202,16,186
119900277,25,14,11
119900278,546,103,443
119900279,147,423,-276
119900280,733,37,696
119900281,2,412,-410
119900282,36,127,-91
119900283,46,90,-44
119900284,12,109,-97
119900285,7,82,-75
119900286,1,13,-12
119900288,3,11,-8
119900289,0,9,-9
119900290,3,3,0
119900291,0,27,-27
119900292,37,118,-81
119900293,19,33,-14
119900294,27,18,9
119900295,63,6,57
119900296,91,20,71
119900297,0,3,-3
119900298,8,4,4
119900299,75,119,-44
119900300,262,136,126
119900301,15,281,-266
119900302,35,300,-265
119900303,336,201,135
119900304,216,9,207
119900305,6,94,-88
119900306,9,2,7
119900307,40,71,-31
119900308,3,74,-71
119900309,49,513,-464
119900310,258,247,11
119900311,252,31,221
119900312,304,16,288
119900313,185,222,-37
119900314,223,518,-295
119900315,2857,1001,1856
119900318,21,136,-115
119900319,0,58,-58
119900320,500,227,273
119900321,262,9,253
120000001,10769,47422,-36653
120000002,3321,3281,40
120000003,2564,1136,1428
120000004,3800,1435,2365
120000005,2918,1644,1274
120000006,2171,1231,940
120000007,3461,6188,-2727
120000008,1719,1069,650
120000009,1829,979,850
120000010,3477,3326,151
120000011,1751,1674,77
120000012,2700,2015,685
120000013,6227,4021,2206
120000014,1490,2532,-1042
120000015,4334,2685,1649
120000016,5676,3090,2586
120000017,6341,6461,-120
120000018,4223,25446,-21223
120000019,1578,1911,-333
120000020,2689,4207,-1518
120000021,2215,2544,-329
120000022,2934,3834,-900
120000023,1833,2061,-228
120000024,1352,2269,-917
120000025,3993,1953,2040
120000026,4766,2669,2097
120000027,3384,2416,968
120000028,1003,3361,-2358
120000029,1546,1963,-417
120000030,187,1397,-1210
120000031,2199,6801,-4602
120000032,5227,3115,2112
120000033,5263,1229,4034
120000034,5334,1275,4059
120000035,4989,1793,3196
120000036,5018,6482,-1464
120000037,804,2460,-1656
120000038,4457,4103,354
120000039,540,1768,-1228
120000040,73,1388,-1315
120000041,539,1343,-804
120000042,3008,1315,1693
120000043,6429,847,5582
120000044,9406,1158,8248
120000045,11577,833,10744
120000046,6106,4848,1258
120000047,641,16834,-16193
120000048,12846,5351,7495
120000049,6388,6550,-162
120000050,4874,8271,-3397
120000051,2737,5576,-2839
120000052,6359,1263,5096
120000053,1713,1487,226
120000054,1713,2140,-427
120000055,1619,2730,-1111
120000056,4820,3241,1579
120000057,4779,1228,3551
120000058,1427,1867,-440
120000059,18,2219,-2201
120000061,253,848,-595
120000062,168,324,-156
120000063,534,2016,-1482
120000064,610,554,56
120000065,323,871,-548
120000066,150,364,-214
120000067,7,134,-127
120000068,377,253,124
120000069,1146,306,840
120000070,288,365,-77
120000071,1370,78,1292
120000072,1653,521,1132
120000073,1521,26,1495
120000074,66,108,-42
120000075,1765,363,1402
120000076,3957,381,3576
120000077,3858,797,3061
120000078,2519,1250,1269
120000079,568,327,241
120000080,169,336,-167
120000081,545,152,393
120000082,594,327,267
120000083,83,1251,-1168
120000084,319,284,35
120000085,279,341,-62
120000086,281,236,45
120000087,355,214,141
120000088,1194,799,395
120000089,1174,449,725
120000090,1024,538,486
120000091,1410,666,744
120000092,1069,297,772
120000093,1141,407,734
120000094,376,921,-545
120000095,1131,260,871
120000096,672,371,301
120000098,1201,611,590
120000099,524,532,-8
120000100,1046,530,516
120000101,1156,319,837
120000102,1421,1540,-119
120000103,2566,1223,1343
120000104,3397,450,2947
120000105,4408,307,4101
120000106,5415,351,5064
120000107,10024,507,9517
120000108,3775,87,3688
120000109,1874,68,1806
120000110,58,770,-712
120000111,106,685,-579
120000112,507,1202,-695
120000113,649,1005,-356
120000114,457,1051,-594
120000115,386,985,-599
120000116,448,1432,-984
120000117,680,865,-185
120000118,141,103,38
120000119,30,60,-30
120000120,192,329,-137
120000121,14,30,-16
120000122,395,1638,-1243
120000123,2158,15416,-13258
120000124,692,815,-123
120000125,1762,566,1196
120000126,679,4383,-3704
120000127,945,2246,-1301
120000128,2985,6709,-3724
120000129,424,263,161
120000130,1237,559,678
120000131,649,747,-98
120000134,366,391,-25
120000135,1829,728,1101
120000137,356,325,31
120000138,3317,191,3126
120000139,559,223,336
120000140,2657,140,2517
120000141,392,440,-48
120000142,1322,326,996
120000143,0,27,-27
120000144,226,2,224
120000145,1243,3,1240
120000146,1437,2216,-779
120000149,709,568,141
120000150,1932,16353,-14421
120000151,1016,528,488
120000152,1659,186,1473
120000153,741,539,202
120000154,1125,963,162
120000155,460,683,-223
120000156,773,4244,-3471
120000157,1974,696,1278
120000158,1553,667,886
120000159,3023,1531,1492
120000160,2528,1748,780
120000161,5398,3066,2332
120000162,283,453,-170
120000163,1259,725,534
120000164,815,209,606
120000165,1292,531,761
120000166,2080,438,1642
120000167,327,182,145
120000168,7,589,-582
120000169,54,1857,-1803
120000170,10,1632,-1622
120000171,1,659,-658
120000172,2,384,-382
120000173,159,1067,-908
120000174,18,39,-21
120000175,36,173,-137
120000176,41,121,-80
120000177,430,120,310
120000178,4,28,-24
120000179,4,39,-35
120000180,21,28,-7
120000181,35,1102,-1067
120000182,14,990,-976
120000183,3,241,-238
120000184,106,1099,-993
120000186,11,1824,-1813
120000187,15,699,-684
120000188,35,751,-716
120000190,19,47,-28
120000191,84,84,0
120000192,46,2,44
120000193,26,1,25
120000195,6,0,6
120000196,24,3,21
120000197,4,5,-1
120000198,444,14,430
120000199,679,0,679
120000200,498,0,498
120000201,107,121,-14
120000202,6,33,-27
120000203,416,160,256
120000207,0,25,-25
120000208,15,40,-25
120000209,25,7,18
120000210,44,13,31
120000211,631,3,628
120000212,652,1,651
120000213,563,64,499
120000214,0,65,-65
120000215,8,52,-44
120000216,667,37,630
120000217,208,834,-626
120000218,27,358,-331
120000219,2,247,-245
120000220,3,671,-668
120000225,3973,6,3967
120000226,770,20,750
120000227,1578,129,1449
120000228,9300,6211,3089
120000230,893,24,869
120000231,2669,641,2028
120000233,1193,25,1168
120000235,517,538,-21
120000236,2403,1,2402
120000237,0,557,-557
120000238,0,357,-357
120000241,1741,7189,-5448
120000412,318,7,311
120000413,1335,243,1092
120000414,514,9,505
120000415,0,71,-71
120000416,321,8,313
120000417,32,215,-183
120000418,667,22,645
120000419,23,15,8
120000420,98,4,94
120000421,9466,4685,4781
120000422,120,4658,-4538
120000423,7,195,-188
120000424,691,86,605
120000436,152,1959,-1807
120000437,68,145,-77
120000438,2014,310,1704
120000439,499,1230,-731
120000443,241,1,240
120000444,2663,636,2027
120000445,3511,2007,1504
120000446,3360,230,3130
120000447,979,4,975
120000449,514,6,508
120000450,37,105,-68
120000451,329,278,51
120000452,754,3,751
120000453,0,72,-72
120000454,35,80,-45
120000455,224,69,155
120000456,1716,7764,-6048
120000457,465,413,52
120000458,351,795,-444
120000459,283,144,139
120000665,85,398,-313
120000668,142,2655,-2513
120000669,603,145,458
120000670,90,1001,-911
120000671,5285,1290,3995
120000672,81,445,-364
120900001,122,52,70
120900002,124,726,-602
120900003,212,16,196
120900004,18,229,-211
120900005,1,224,-223
120900006,1423,132,1291
120900007,371,119,252
120900008,676,292,384
120900009,233,14,219
120900010,1051,195,856
120900011,16,284,-268
120900012,24,1722,-1698
120900013,551,120,431
120900014,0,333,-333
120900015,1569,81,1488
120900016,3231,135,3096
120900017,2357,124,2233
120900018,277,162,115
120900019,563,594,-31
120900020,413,818,-405
120900021,576,143,433
120900022,13,292,-279
120900023,460,64,396
120900024,1586,366,1220
120900025,1329,910,419
120900026,113,145,-32
120900027,475,17,458
120900028,942,237,705
120900029,18,1520,-1502
120900030,4272,729,3543
120900031,585,103,482
120900032,2287,54,2233
120900033,2366,108,2258
120900034,29,5514,-5485
120900035,90,85,5
120900037,761,18,743
120900038,278,587,-309
120900039,247,35,212
120900040,669,6,663
120900041,20,20,0
120900042,903,14,889
120900043,128,45,83
120900044,2,739,-737
120900045,95,51,44
120900046,1221,6,1215
120900047,349,233,116
120900048,462,31,431
120900049,991,4,987
120900050,984,3945,-2961
120900051,326,48,278
120900052,2165,13,2152
120900053,839,33,806
120900054,667,371,296
120900055,1365,12,1353
120900056,1557,34,1523
120900057,668,11,657
120900058,1231,1,1230
120900059,424,13,411
120900060,109,0,109
120900061,295,203,92
120900062,793,3,790
120900063,2242,20,2222
120900064,1587,1,1586
120900065,1405,1,1404
120900066,1438,85,1353
120900067,374,159,215
120900068,658,2,656
120900069,1107,24,1083
120900071,23,0,23
120900072,2021,14,2007
120900073,2215,47,2168
120900074,1622,95,1527
120900076,1092,2,1090
120900077,1506,606,900
120900078,1352,218,1134
120900079,2273,91,2182
120900080,2469,320,2149
120900081,3023,423,2600
120900082,264,576,-312
120900083,149,3,146
120900084,1123,655,468
120900085,39,91,-52
120900086,22,986,-964
120900087,687,306,381
120900088,306,1250,-944
120900089,1651,6035,-4384
120900090,561,36,525
120900091,209,980,-771
120900092,129,218,-89
120900093,1085,121,964
120900094,227,195,32
120900095,363,11,352
120900096,156,120,36
120900097,717,531,186
120900098,82,112,-30
120900099,31,59,-28
120900100,82,123,-41
120900101,59,136,-77
120900102,71,36,35
120900103,166,212,-46
120900104,10,25,-15
120900105,38,486,-448
120900106,284,158,126
120900107,72,114,-42
120900108,50,183,-133
120900109,36,344,-308
120900110,19,124,-105
120900111,169,163,6
120900112,56,168,-112
120900113,50,379,-329
120900114,47,157,-110
120900115,197,302,-105
120900116,1261,120,1141
120900117,16,83,-67
120900118,43,179,-136
120900119,8820,2112,6708
120900120,131,694,-563
120900121,19,286,-267
120900122,1545,140,1405
120900123,23,67,-44
120900124,4,112,-108
120900125,1,271,-270
120900126,182,465,-283
120900127,35,150,-115
120900128,279,497,-218
120900129,10,115,-105
120900130,8,233,-225
120900131,112,209,-97
120900132,1977,136,1841
120900133,62,575,-513
120900134,134,166,-32
120900135,9,161,-152
120900136,46,133,-87
120900137,567,102,465
120900138,2,134,-132
120900139,2,153,-151
120900140,3,162,-159
120900141,305,275,30
120900142,21,138,-117
120900143,1,137,-136
120900144,0,17,-17
120900145,235,512,-277
120900146,1,125,-124
120900147,47,26,21
120900148,224,88,136
120900149,0,181,-181
120900150,97,216,-119
120900151,0,70,-70
120900152,16,4,12
120900153,0,0,0
120900154,0,155,-155
120900155,328,267,61
120900156,613,158,455
120900157,1,13,-12
120900158,105,203,-98
120900159,3,43,-40
120900160,40,381,-341
120900161,33,310,-277
120900162,32,433,-401
120900163,64,784,-720
120900164,0,56,-56
120900165,2,183,-181
120900166,92,973,-881
120900167,123,125,-2
120900169,256,224,32
120900170,200,7072,-6872
120900171,370,82,288
120900172,29,1710,-1681
120900173,0,41,-41
120900174,4,131,-127
120900175,253,161,92
120900176,12,540,-528
120900177,3,2675,-2672
120900178,2,1133,-1131
120900179,92,211,-119
120900180,49,369,-320
120900181,34,5,29
120900182,70,83,-13
120900183,621,50,571
120900184,211,91,120
120900185,868,2168,-1300
120900186,1,106,-105
120900187,1153,496,657
120900188,537,37,500
120900189,76,6847,-6771
120900190,469,3,466
120900191,277,39,238
120900192,5302,25259,-19957
120900194,108,232,-124
120900195,51,231,-180
120900196,215,97,118
120900197,1053,70,983
120900198,98,277,-179
120900199,483,355,128
120900200,9,74,-65
120900201,218,60,158
120900202,1,154,-153
120900203,31,47,-16
120900204,104,107,-3
120900205,69,7,62
120900206,94,46,48
120900207,40,722,-682
121000001,969,3939,-2970
121000002,2775,3151,-376
121000003,10256,2944,7312
121000004,2524,4414,-1890
121000005,3249,4263,-1014
121000006,3334,3871,-537
121000007,3687,9247,-5560
121000008,4042,6433,-2391
121000009,6198,11979,-5781
121000010,7549,8218,-669
121000011,7873,9616,-1743
121000012,12089,5763,6326
121000013,8137,7286,851
121000014,5889,5059,830
121000015,7003,9427,-2424
121000016,4620,5560,-940
121000017,3096,1769,1327
121000018,4169,2399,1770
121000019,9094,7662,1432
121000020,10234,15100,-4866
121000021,2078,2064,14
121000022,2615,3346,-731
121000023,2787,1043,1744
121000024,5224,5446,-222
121000025,613,1904,-1291
121000026,510,269,241
121000027,1698,1622,76
121000028,910,991,-81
121000029,1165,1108,57
121000030,795,821,-26
121000031,492,1207,-715
121000032,171,216,-45
121000034,524,2152,-1628
121000035,477,962,-485
121000036,1221,1844,-623
121000037,677,2080,-1403
121000038,355,1290,-935
121000039,217,576,-359
121000041,526,585,-59
121000042,127,470,-343
121000043,692,638,54
121000044,1807,1664,143
121000045,480,281,199
121000046,778,1100,-322
121000047,65,114,-49
121000049,1103,889,214
121000050,392,2886,-2494
121000051,844,569,275
121000052,513,1786,-1273
121000053,875,432,443
121000054,58,853,-795
121000055,1243,5444,-4201
121000056,1249,1916,-667
121000057,175,509,-334
121000058,224,95,129
121000059,3796,1704,2092
121000060,489,1503,-1014
121000061,44,490,-446
121000062,147,1836,-1689
121000063,1048,1678,-630
121000064,534,1096,-562
121000065,120,852,-732
121000066,801,2218,-1417
121000067,497,1107,-610
121000068,469,662,-193
121000069,121,1724,-1603
121000070,1178,2163,-985
121000071,2011,2577,-566
121000072,725,2710,-1985
121000073,1214,2195,-981
121000074,122,585,-463
121000075,11,236,-225
121000076,408,643,-235
121000077,122,210,-88
121000078,158,400,-242
121000080,3714,885,2829
121000081,6087,4969,1118
121000082,64,485,-421
121000083,35,284,-249
121000084,295,298,-3
121000085,476,701,-225
121000086,2004,526,1478
121000087,83,262,-179
121000088,774,647,127
121000089,138,697,-559
121000090,200,542,-342
121000091,1449,1058,391
121000092,208,103,105
121000093,371,307,64
121000094,358,1010,-652
121000095,158,1016,-858
121000096,8027,2583,5444
121000097,632,3502,-2870
121000098,798,631,167
121000099,1173,604,569
121000100,1234,273,961
121000101,354,220,134
121000102,410,165,245
121000103,234,153,81
121000104,406,72,334
121000105,517,130,387
121000106,437,188,249
121000107,1900,3463,-1563
121000109,1488,1004,484
121000110,214,959,-745
121000114,4934,3338,1596
121000115,5450,941,4509
121000116,560,1170,-610
121000117,301,393,-92
121000118,1960,463,1497
121000119,373,284,89
121000120,626,442,184
121000121,437,3217,-2780
121000123,680,609,71
121000127,76,197,-121
121000128,1470,130,1340
121000129,1273,124,1149
121000130,646,668,-22
121000131,1406,746,660
121000132,571,992,-421
121000135,202,215,-13
121000136,1079,2228,-1149
121000137,1637,455,1182
121000138,450,1565,-1115
121000139,141,497,-356
121000141,265,447,-182
121000142,580,680,-100
121000143,126,36,90
121000144,613,701,-88
121000145,862,1095,-233
121000146,1406,2040,-634
121000147,1278,700,578
121000148,1177,1107,70
121000149,3068,3196,-128
121000152,291,458,-167
121000153,2073,626,1447
121000154,2084,748,1336
121000155,5455,1793,3662
121000156,555,1416,-861
121000157,1160,1434,-274
121000158,315,431,-116
121000159,326,522,-196
121000160,334,687,-353
121000161,407,347,60
121000162,204,50,154
121000165,1363,2020,-657
121000166,84,714,-630
121000168,442,348,94
121000169,144,249,-105
121000170,326,101,225
121000171,184,343,-159
121000172,1610,2635,-1025
121000173,2037,2020,17
121000174,1104,927,177
121000175,2431,1164,1267
121000176,833,496,337
121000177,946,1077,-131
121000178,47,164,-117
121000179,71,109,-38
121000181,395,361,34
121000182,341,636,-295
121000183,35,207,-172
121000184,21,398,-377
121000185,44,615,-571
121000186,488,1305,-817
121000187,395,102,293
121000188,498,59,439
121000192,1070,495,575
121000193,960,446,514
121000194,2661,3092,-431
121000195,406,2247,-1841
121000196,862,761,101
121000197,137,2461,-2324
121000198,227,418,-191
121000199,164,662,-498
121000200,774,314,460
121000201,5,649,-644
121000202,668,283,385
121000203,812,2623,-1811
121000204,3626,924,2702
121000205,100,298,-198
121000206,106,159,-53
121000207,2649,683,1966
121000208,5,386,-381
121000209,1267,80,1187
121000210,844,506,338
121000211,748,151,597
121000212,496,918,-422
121000213,26633,4293,22340
121000214,2015,2919,-904
121000215,757,4022,-3265
121000216,739,946,-207
121000217,5309,5068,241
121000218,611,4247,-3636
121000219,2420,1470,950
121000220,367,167,200
121000221,295,1045,-750
121000222,8945,5481,3464
121000223,332,1671,-1339
121000224,260,995,-735
121000225,851,8860,-8009
121000226,1165,3447,-2282
121000227,12,176,-164
121000228,44,1206,-1162
121000229,624,939,-315
121000230,133,4850,-4717
121000231,2843,18,2825
121000232,853,430,423
121000233,1050,499,551
121000234,17,87,-70
121000235,51,91,-40
121000236,5,43,-38
121000237,14,48,-34
121000238,2,118,-116
121000239,102,7,95
121000240,12,182,-170
121000241,79,32,47
121000242,58,513,-455
121000243,195,60,135
121000244,7,56,-49
121000245,31,29,2
121000246,2,89,-87
121000247,147,6,141
121000248,652,758,-106
121000249,139,859,-720
121000250,728,1014,-286
121000251,16,448,-432
121000252,153,262,-109
121000253,686,1493,-807
121000254,1219,643,576
121000255,165,1017,-852
121000256,413,643,-230
121000257,40,268,-228
121000258,52,348,-296
121000259,29,310,-281
121000260,23,508,-485
121000261,18,415,-397
121000262,3602,337,3265
121000263,527,645,-118
121000271,1718,2492,-774
121000273,88,67,21
121000274,23,354,-331
121000275,7,47,-40
121000276,17,107,-90
121000278,122,158,-36
121000279,60,175,-115
121000280,27,180,-153
121000289,727,32,695
121000290,2246,2393,-147
121000294,426,61,365
121000297,395,1655,-1260
121000299,131,7430,-7299
121000300,2514,966,1548
121000302,21,741,-720
121000303,697,372,325
121000304,592,90,502
121000305,404,122,282
121000306,362,559,-197
121000308,41,333,-292
121000309,214,474,-260
121000310,102,432,-330
121000311,44,355,-311
121000312,856,581,275
121000313,449,276,173
121000314,11,33,-22
121000315,12,64,-52
121000530,2617,3229,-612
121000531,3195,2153,1042
121000532,6326,5791,535
121000533,4086,4597,-511
121000918,11,107,-96
121000919,24,221,-197
121000938,149,64,85
121000939,52,367,-315
121000956,1859,2503,-644
121000957,7,69,-62
121000958,2,580,-578
121000959,1824,363,1461
121000960,2213,1521,692
121000961,586,71,515
121000962,403,484,-81
121000963,0,0,0
121000973,1,577,-576
121000976,2,79,-77
121000979,657,166,491
121000981,685,96,589
121000982,611,406,205
121000983,894,182,712
121000984,2,137,-135
121000985,1181,781,400
121000986,878,523,355
121000987,376,895,-519
121000988,1590,181,1409
121001302,457,150,307
121001308,0,100,-100
121001309,56,385,-329
121001313,361,95,266
121001314,2428,1558,870
121001315,6612,4544,2068
121001326,90,62,28
121900001,132,596,-464
121900002,61,306,-245
121900003,298,14,284
121900004,59,1588,-1529
121900005,19,13,6
121900006,167,23,144
121900007,3905,1982,1923
121900008,54,207,-153
121900009,1760,40,1720
121900010,326,3,323
121900011,252,95,157
121900012,3,6,-3
121900013,160,174,-14
121900014,5349,466,4883
121900015,130,213,-83
121900016,23,79,-56
121900017,622,1391,-769
121900018,768,2,766
121900019,800,184,616
121900020,95,0,95
121900021,1231,101,1130
121900022,260,312,-52
121900023,219,647,-428
121900024,856,38,818
121900025,810,818,-8
121900026,599,150,449
121900027,426,344,82
121900028,386,25,361
121900029,87,1223,-1136
121900030,391,683,-292
121900031,2191,7885,-5694
121900032,250,113,137
121900033,159,398,-239
121900034,168,614,-446
121900035,12018,4952,7066
121900036,173,642,-469
121900037,86,1770,-1684
121900038,60,138,-78
121900039,304,17,287
121900040,44,88,-44
121900041,26,263,-237
121900042,503,210,293
121900043,2,0,2
121900044,88,40,48
121900046,167,282,-115
121900047,175,122,53
121900048,89,116,-27
121900050,20,89,-69
121900051,192,390,-198
121900052,209,90,119
121900053,483,356,127
121900054,359,2840,-2481
121900055,5,22,-17
121900058,478,571,-93
121900059,354,178,176
121900060,146,723,-577
121900061,218,93,125
121900062,101,71,30
121900063,1783,626,1157
121900064,434,1136,-702
121900066,69,31,38
121900067,64,46,18
121900069,219,313,-94
121900070,97,300,-203
121900071,1044,592,452
121900072,47,215,-168
121900073,139,534,-395
121900074,385,602,-217
121900075,292,1265,-973
121900076,501,2436,-1935
121900077,44,9,35
121900078,177,61,116
121900079,0,2,-2
121900080,1000,321,679
121900082,144,128,16
121900084,19,49,-30
121900085,1,6,-5
121900086,26,50,-24
121900087,67,196,-129
121900088,2019,2333,-314
121900089,425,303,122
121900090,20,19,1
121900091,108,50,58
121900092,167,125,42
121900093,82,63,19
121900094,9,16,-7
121900095,481,110,371
121900096,1090,1053,37
121900097,931,139,792
121900098,14,1,13
121900099,260,24,236
121900100,60,151,-91
121900101,74,141,-67
121900102,1,146,-145
121900103,465,433,32
121900104,2859,549,2310
121900105,223,182,41
121900106,0,2,-2
121900107,164,20,144
121900108,0,4,-4
121900109,206,161,45
121900110,1019,686,333
121900111,860,529,331
121900112,119,278,-159
121900113,108,753,-645
121900117,135,465,-330
121900118,3790,932,2858
121900119,199,74,125
121900120,208,1001,-793
121900121,643,25,618
121900122,37,22,15
121900123,456,434,22
121900124,312,210,102
121900125,5248,1986,3262
121900127,4,165,-161
121900128,114,88,26
121900129,334,65,269
121900130,95,853,-758
121900131,448,104,344
121900132,79,96,-17
121900133,7,626,-619
121900134,10,747,-737
121900135,6574,615,5959
121900136,384,476,-92
121900137,36,451,-415
121900138,40,390,-350
121900139,475,4586,-4111
121900140,57,101,-44
121900141,82,76,6
121900142,47,54,-7
121900143,17,58,-41
121900144,162,978,-816
121900145,129,161,-32
121900146,368,818,-450
121900147,36,653,-617
121900148,394,567,-173
121900149,379,413,-34
121900150,80,543,-463
121900151,47,517,-470
121900152,171,42,129
121900153,5,222,-217
121900154,20,626,-606
121900155,3,535,-532
121900156,160,273,-113
121900157,2,423,-421
121900158,139,171,-32
121900159,1,141,-140
121900160,42,276,-234
121900161,111,592,-481
121900162,84,282,-198
121900163,662,186,476
121900164,160,306,-146
121900165,182,366,-184
121900166,139,199,-60
121900167,33,62,-29
121900168,119,52,67
121900169,31,587,-556
121900170,19,123,-104
121900171,943,1077,-134
121900172,842,436,406
121900173,1123,584,539
121900174,62,27,35
121900175,34,1471,-1437
121900176,717,2827,-2110
121900177,145,101,44
121900178,53,108,-55
121900179,384,589,-205
121900180,2177,7252,-5075
121900182,850,1351,-501
121900183,279,1908,-1629
121900184,17,1336,-1319
121900186,7,623,-616
121900187,15,112,-97
121900188,1992,164,1828
121900189,189,56,133
121900190,268,641,-373
121900191,44,765,-721
121900192,270,3539,-3269
121900193,58,463,-405
121900194,18,187,-169
121900195,10,23,-13
121900196,1673,1269,404
121900197,389,1361,-972
121900198,5189,4037,1152
121900199,1,22,-21
121900200,22,389,-367
121900201,1536,901,635
121900202,355,1362,-1007
121900203,105,1939,-1834
121900204,2603,1497,1106
121900205,5,183,-178
121900206,15,215,-200
121900207,70,87,-17
121900208,100,993,-893
121900209,45,109,-64
121900210,3188,1495,1693
121900211,1252,598,654
121900212,35,179,-144
121900213,638,39,599
121900214,2,566,-564
121900215,62,366,-304
121900216,17,448,-431
121900217,444,350,94
121900218,198,985,-787
121900220,62,13,49
121900221,942,502,440
121900222,437,47,390
121900223,185,237,-52
121900224,132,185,-53
121900225,212,1250,-1038
121900226,323,26,297
121900227,363,5105,-4742
121900228,212,123,89
121900230,97,548,-451
121900231,32,1920,-1888
121900232,188,981,-793
121900233,1056,280,776
121900234,305,674,-369
121900235,847,131,716
121900236,391,403,-12
121900237,319,1417,-1098
121900238,350,743,-393
121900239,132,92,40
121900240,177,305,-128
121900241,29,40,-11
121900242,82,73,9
121900245,700,50,650
121900246,10579,672,9907
121900247,434,192,242
121900248,2359,878,1481
121900250,108,402,-294
121900251,1059,20,1039
121900252,423,180,243
121900253,155,1703,-1548
121900254,205,482,-277
121900255,886,263,623
121900258,6936,1723,5213
121900259,119,606,-487
121900260,269,214,55
121900261,74,979,-905
121900262,970,1826,-856
121900263,346,241,105
121900264,1226,845,381
121900265,602,235,367
121900266,875,140,735
121900267,288,31,257
121900269,603,1324,-721
121900270,68,304,-236
121900271,50,260,-210
121900273,450,2490,-2040
121900274,614,293,321
121900277,262,2003,-1741
121900278,67,3928,-3861
121900279,168,278,-110
121900280,62,349,-287
121900281,155,558,-403
121900284,84,1,83
121900286,148,105,43
121900287,1,98,-97
121900288,1,1,0
121900290,253,2638,-2385
121900291,438,2372,-1934
121900292,180,226,-46
121900293,988,11003,-10015
121900294,541,6,535
121900295,261,116,145
121900296,126,300,-174
121900298,151,1794,-1643
121900299,0,22,-22
121900300,50,18,32
121900301,31,2,29
121900302,2,103,-101
121900303,131,1309,-1178
121900304,88,63,25
121900305,36,31,5
121900306,544,0,544
121900307,287,16,271
121900308,9,300,-291
121900309,8,306,-298
121900310,25,177,-152
121900311,885,12,873
121900312,674,23,651
121900313,718,48,670
121900314,1,10,-9
121900315,52,0,52
121900316,0,0,0
121900317,10,5,5
121900318,0,1,-1
121900319,91,220,-129
121900320,91,32,59
121900321,44,0,44
121900322,9,18,-9
121900323,93,24,69
121900324,3,77,-74
121900325,43,0,43
121900326,3,1,2
121900327,1,26,-25
121900328,1,80,-79
121900329,0,59,-59
121900330,0,88,-88
121900331,24,6,18
121900332,79,24,55
121900333,154,5,149
121900334,67,49,18
122000001,1468,4798,-3330
122000002,2442,1107,1335
122000003,946,2385,-1439
122000004,1188,1177,11
122000005,8501,2464,6037
122000006,518,1462,-944
122000007,624,2129,-1505
122000008,1135,3463,-2328
122000009,575,591,-16
122000010,2856,3181,-325
122000011,7461,2764,4697
122000012,822,4979,-4157
122000013,490,2574,-2084
122000014,7598,2569,5029
122000015,1285,1197,88
122000016,363,683,-320
122000017,1586,1729,-143
122000018,4101,2997,1104
122000019,912,3575,-2663
122000020,208,861,-653
122000021,89,355,-266
122000022,1559,2490,-931
122000023,1347,3041,-1694
122000024,403,4012,-3609
122000025,613,4108,-3495
122000026,285,1192,-907
122000027,1097,967,130
122000028,3269,1138,2131
122000029,267,2438,-2171
122000030,147,292,-145
122000031,244,948,-704
122000032,7325,4102,3223
122000033,382,5260,-4878
122000034,217,1561,-1344
122000035,275,593,-318
122000036,435,1363,-928
122000037,1205,285,920
122000038,219,683,-464
122000039,531,1114,-583
122000040,159,581,-422
122000041,2210,1403,807
122000042,534,1132,-598
122000043,75,289,-214
122000044,58,192,-134
122000045,2897,1357,1540
122000046,1084,2346,-1262
122000047,77,376,-299
122000048,2025,4572,-2547
122000049,8914,4595,4319
122000050,603,1071,-468
122000051,274,791,-517
122000052,645,508,137
122000053,297,1315,-1018
122000054,1842,2830,-988
122000055,1674,4014,-2340
122000056,3432,2262,1170
122000057,5460,3482,1978
122000058,629,1928,-1299
122000059,721,3575,-2854
122000060,289,1313,-1024
122000061,156,658,-502
122000062,700,279,421
122000063,200,1404,-1204
122000064,2734,8742,-6008
122000065,2345,6133,-3788
122000066,792,4798,-4006
122000067,1558,3064,-1506
122000068,6594,1908,4686
122000069,2203,2291,-88
122000070,2250,2164,86
122000071,5638,1546,4092
122000072,1950,941,1009
122000073,133,2113,-1980
122000074,2589,2647,-58
122000075,1294,1195,99
122000076,10007,2679,7328
122000077,665,2913,-2248
122000078,479,3278,-2799
122000079,179,3573,-3394
122000080,533,726,-193
122000081,174,273,-99
122000082,266,1704,-1438
122000083,13178,1076,12102
122000084,6197,2128,4069
122000085,389,1253,-864
122000086,4788,10860,-6072
122000087,260,217,43
122000088,36,226,-190
122000089,10098,3988,6110
122000090,1040,2841,-1801
122000091,90,2005,-1915
122000092,59,152,-93
122000093,2076,7674,-5598
122000094,10666,4013,6653
122000095,819,7038,-6219
122000096,401,4221,-3820
122000098,5647,4851,796
122000099,422,3022,-2600
122000100,772,816,-44
122000101,364,672,-308
122000102,5994,1709,4285
122000103,1290,3439,-2149
122000104,2314,169,2145
122000105,201,690,-489
122000106,703,2228,-1525
122000107,1559,559,1000
122000108,768,1027,-259
122000109,515,296,219
122000110,868,750,118
122000111,4156,2051,2105
122000112,2436,2471,-35
122000113,591,1188,-597
122000114,1518,5304,-3786
122000115,3479,1884,1595
122000116,236,617,-381
122000117,1743,415,1328
122000118,877,381,496
122000119,2461,1100,1361
122000120,689,2336,-1647
122000121,565,1577,-1012
122000122,306,647,-341
122000123,1099,1665,-566
122000124,575,490,85
122000125,367,730,-363
122000126,341,413,-72
122000127,280,514,-234
122000128,200,366,-166
122000129,459,2704,-2245
122000130,3098,964,2134
122000131,1046,866,180
122000132,333,354,-21
122000133,1006,842,164
122000134,1390,887,503
122000135,456,202,254
122000136,773,588,185
122000137,3040,1269,1771
122000139,1009,4637,-3628
122000140,188,2589,-2401
122000141,8351,4535,3816
122000142,145,6013,-5868
122000143,234,351,-117
122000144,2065,1810,255
122000145,894,1545,-651
122000146,427,5664,-5237
122000147,451,1565,-1114
122000148,319,1808,-1489
122000149,2029,1059,970
122000150,1660,1197,463
122000151,89,401,-312
122000152,440,496,-56
122000153,535,721,-186
122000154,318,245,73
122000155,1414,3094,-1680
122000156,12892,5793,7099
122000157,548,13624,-13076
122000158,383,2071,-1688
122000159,870,1567,-697
122000160,2047,1566,481
122000161,1185,977,208
122000162,1102,1144,-42
122000163,649,221,428
122000164,64,391,-327
122000165,1338,2231,-893
122000166,845,3600,-2755
122000167,472,1127,-655
122000168,305,2212,-1907
122000169,526,356,170
122000170,239,454,-215
122000171,28,125,-97
122000172,3248,1913,1335
122000173,2318,4211,-1893
122000174,1178,3535,-2357
122000175,914,517,397
122000176,487,2337,-1850
122000177,909,2194,-1285
122000178,7922,5060,2862
122000179,4292,4636,-344
122000180,561,1202,-641
122000181,818,1827,-1009
122000182,1878,1377,501
122000183,3497,1106,2391
122000184,3744,3896,-152
122000185,1253,3875,-2622
122000186,1104,3507,-2403
122000187,2127,2369,-242
122000188,540,531,9
122000189,264,407,-143
122000190,651,2402,-1751
122000191,1059,1074,-15
122000192,1312,713,599
122000193,559,1567,-1008
122000194,618,483,135
122000195,164,2120,-1956
122000196,879,410,469
122000197,435,948,-513
122000198,421,3852,-3431
122000199,467,578,-111
122000200,1102,978,124
122000201,1565,4118,-2553
122000202,830,3181,-2351
122000203,2445,1725,720
122000204,1139,1405,-266
122000205,723,575,148
122000206,9706,1759,7947
122000207,1970,3523,-1553
122000208,2422,5075,-2653
122000209,2744,1166,1578
122000210,2130,4470,-2340
122000211,1284,3168,-1884
122000212,967,478,489
122000213,1075,2588,-1513
122000214,2410,2488,-78
122000215,3618,2303,1315
122000217,1714,4014,-2300
122000218,902,88,814
122000219,2332,1272,1060
122000220,321,975,-654
122000221,162,484,-322
122000222,612,128,484
122000223,581,818,-237
122000225,575,451,124
122000226,1147,1504,-357
122000227,185,1686,-1501
122000228,159,303,-144
122000229,21,358,-337
122000230,35,485,-450
122000231,330,686,-356
122000232,659,613,46
122000233,0,61,-61
122000234,660,103,557
122000235,870,78,792
122000236,1924,47,1877
122000237,131,65,66
122000238,272,454,-182
122000239,797,214,583
122000240,1309,665,644
122000241,3142,715,2427
122000242,671,178,493
122000243,666,50,616
122000244,83,476,-393
122000245,147,77,70
122000246,505,235,270
122000247,705,292,413
122000248,1878,774,1104
122000249,2068,1435,633
122000250,3061,1396,1665
122000251,85,247,-162
122000252,211,76,135
122000253,57,141,-84
122000254,509,85,424
122000255,577,693,-116
122000256,263,588,-325
122000257,516,128,388
122000258,288,304,-16
122000259,64,422,-358
122000260,12,54,-42
122000261,26,497,-471
122000262,0,23,-23
122000263,344,406,-62
122000264,2447,724,1723
122000265,4231,1755,2476
122000266,5098,919,4179
122000267,94,145,-51
122000268,179,508,-329
122000269,1160,486,674
122000270,685,609,76
122000271,155,5380,-5225
122000272,504,1703,-1199
122000273,627,708,-81
122000274,296,327,-31
122000275,40,257,-217
122000276,1471,623,848
122000277,1190,2189,-999
122000278,2243,318,1925
122000279,233,270,-37
122000280,550,631,-81
122000281,514,379,135
122000282,96,371,-275
122000283,350,250,100
122000284,109,171,-62
122000285,473,72,401
122000286,117,123,-6
122000287,2189,1419,770
122000288,643,374,269
122000291,4349,1031,3318
122000293,279,145,134
122000294,201,538,-337
122000295,1464,177,1287
122000296,44,1585,-1541
122000297,2303,4577,-2274
122000299,835,351,484
122000300,561,457,104
122000301,12213,4242,7971
122000302,709,5379,-4670
122000303,2677,1128,1549
122000304,40,370,-330
122000305,2385,593,1792
122000306,166,287,-121
122000307,120,176,-56
122000309,28,59,-31
122000310,37,98,-61
122000311,62,174,-112
122000312,180,286,-106
122000313,27,198,-171
122000314,275,671,-396
122000315,431,56,375
122000316,1701,484,1217
122000317,3595,390,3205
122000318,443,2465,-2022
122000319,136,391,-255
122000320,483,1384,-901
122000321,92,327,-235
122000322,1967,2677,-710
122000323,611,3190,-2579
122000324,2392,3520,-1128
122000325,864,4676,-3812
122000326,197,97,100
122000327,318,1898,-1580
122000328,520,1199,-679
122000330,3986,3512,474
122000332,335,748,-413
122000333,31,75,-44
122000337,1260,406,854
122000338,730,179,551
122000340,210,4784,-4574
122000342,2508,892,1616
122000343,633,506,127
122000344,238,8,230
122000345,16,17,-1
122000346,193,164,29
122000348,550,737,-187
122000349,41,747,-706
122000351,291,361,-70
122000352,199,217,-18
122000353,215,81,134
122000355,214,468,-254
122000356,246,3152,-2906
122000357,75,13,62
122000358,14,6,8
122000359,0,30,-30
122000360,1,10,-9
122000362,13,36,-23
122000364,303,172,131
122000365,6,36,-30
122000366,18,18,0
122000368,484,859,-375
122000370,23,20,3
122000371,26,0,26
122000372,5,0,5
122000381,223,534,-311
122000382,62,222,-160
122000384,1341,1403,-62
122000385,103,0,103
122000386,154,2642,-2488
122000387,335,2908,-2573
122000388,1485,2455,-970
122000389,278,2250,-1972
122000390,327,1332,-1005
122000391,66,2103,-2037
122000392,183,231,-48
122000393,62,199,-137
122000394,850,255,595
122000395,239,219,20
122000396,416,130,286
122000397,35,81,-46
122000398,9,212,-203
122000399,100,88,12
122000400,28,1910,-1882
122000401,180,90,90
122000402,727,310,417
122000403,705,500,205
122000404,385,293,92
122000408,535,737,-202
122000503,5,126,-121
122000524,49,787,-738
122000544,58,3329,-3271
122000616,234,1,233
122000640,190,75,115
122000641,274,265,9
122000642,2078,522,1556
122000643,36,394,-358
122000644,254,84,170
122000645,7,187,-180
122000651,393,4016,-3623
122000664,300,252,48
122000665,2382,940,1442
122000666,483,1040,-557
122000673,86,229,-143
122000674,1039,475,564
122000675,3273,760,2513
122000686,398,3946,-3548
122000687,2646,379,2267
122000688,399,868,-469
122000689,1494,310,1184
122000690,4607,358,4249
122000691,1299,1430,-131
122000692,1246,266,980
122000693,353,861,-508
122000695,426,294,132
122000696,1190,272,918
122000698,521,265,256
122000699,670,97,573
122000701,4154,292,3862
122000702,686,1629,-943
122000703,316,165,151
122000712,0,1,-1
122000717,105,107,-2
122000718,256,3542,-3286
122000719,26,305,-279
122000720,1200,153,1047
122000724,155,231,-76
122900001,24,23,1
122900002,908,10109,-9201
122900003,764,34,730
122900004,1852,137,1715
122900005,18,104,-86
122900006,308,761,-453
122900007,98,135,-37
122900008,208,94,114
122900009,1513,325,1188
122900010,232,115,117
122900012,172,524,-352
122900014,74,137,-63
122900015,1499,967,532
122900016,203,192,11
122900017,329,2808,-2479
122900018,224,10,214
122900019,18,154,-136
122900020,326,354,-28
122900021,128,558,-430
122900022,1736,1119,617
122900023,1098,242,856
122900024,76,127,-51
122900025,7,288,-281
122900026,18,135,-117
122900027,35,963,-928
122900028,42,59,-17
122900029,12288,2335,9953
122900030,5387,546,4841
122900031,22,602,-580
122900032,1729,636,1093
122900033,197,278,-81
122900034,6389,5290,1099
122900035,30,4,26
122900036,68,62,6
122900037,581,710,-129
122900038,93,3622,-3529
122900039,65,545,-480
122900040,269,1994,-1725
122900041,166,582,-416
122900042,178,324,-146
122900043,558,532,26
122900044,161,432,-271
122900045,204,564,-360
122900046,140,485,-345
122900047,61,177,-116
122900048,13,282,-269
122900049,6467,186,6281
122900051,49,1919,-1870
122900052,169,67,102
122900053,14,31,-17
122900055,294,59,235
122900057,439,37,402
122900061,605,47,558
122900062,634,1035,-401
122900063,254,181,73
122900064,1043,442,601
122900065,805,198,607
122900066,696,269,427
122900067,797,418,379
122900068,22,91,-69
122900069,453,2338,-1885
122900070,399,40,359
122900071,111,390,-279
122900072,10,345,-335
122900073,20,103,-83
122900074,1340,148,1192
122900075,0,316,-316
122900076,3,612,-609
122900077,0,44,-44
122900078,335,7,328
122900080,26,45,-19
122900081,165,432,-267
122900082,1198,156,1042
122900083,68,64,4
122900084,2,110,-108
122900086,18,116,-98
122900087,429,592,-163
122900088,24,865,-841
122900089,46,673,-627
122900090,1,269,-268
122900091,476,0,476
122900092,0,195,-195
122900093,1,76,-75
122900094,0,156,-156
122900095,218,13,205
122900096,535,273,262
122900097,36,47,-11
122900098,9,127,-118
122900099,163,38,125
122900100,67,946,-879
122900101,649,298,351
122900102,79,64,15
122900103,492,6,486
122900104,391,7,384
122900105,30,13,17
122900106,1,28,-27
122900107,0,69,-69
122900108,1,135,-134
123000001,845,1634,-789
123000002,2767,8474,-5707
123000003,6548,5884,664
123000004,4561,4297,264
123000005,4818,3003,1815
123000006,4053,2130,1923
123000007,5004,2799,2205
123000008,3518,3546,-28
123000009,5222,4649,573
123000010,3817,6738,-2921
123000011,2247,3471,-1224
123000012,930,8582,-7652
123000013,7778,2460,5318
123000014,870,4452,-3582
123000015,3685,1652,2033
123000016,3543,3391,152
123000017,6451,2592,3859
123000018,160,159,1
123000019,1051,37,1014
123000020,606,41,565
123000021,294,450,-156
123000022,931,2631,-1700
123000023,3041,4409,-1368
123000024,2777,1858,919
123000025,416,71,345
123000026,33,225,-192
123000027,47,1123,-1076
123000028,308,2553,-2245
123000029,358,1465,-1107
123000030,345,284,61
123000031,588,227,361
123000032,1104,205,899
123000033,665,282,383
123000034,1571,1065,506
123000035,382,709,-327
123000036,234,1888,-1654
123000037,335,218,117
123000038,72,547,-475
123000039,893,2237,-1344
123000040,614,265,349
123000041,634,2196,-1562
123000042,422,1708,-1286
123000043,2039,20874,-18835
123000044,3224,2772,452
123000045,5368,2635,2733
123000046,254,1703,-1449
123000047,477,1694,-1217
123000048,81,1990,-1909
123000049,6072,12855,-6783
123000050,2965,2175,790
123000051,76,370,-294
123000052,1049,3756,-2707
123000053,3117,3140,-23
123000054,3400,2330,1070
123000055,2631,6667,-4036
123000056,1490,782,708
123000057,4187,6835,-2648
123000058,839,2234,-1395
123000059,305,490,-185
123000060,1437,438,999
123000061,324,479,-155
123000063,1828,1508,320
123000064,2282,298,1984
123000065,4979,2943,2036
123000066,620,628,-8
123000067,1621,660,961
123000068,2158,2288,-130
123000069,3401,1414,1987
123000070,222,556,-334
123000071,3275,1005,2270
123000072,1628,712,916
123000073,4333,1022,3311
123000074,1840,1696,144
123000075,598,2674,-2076
123000076,1240,680,560
123000077,3310,1546,1764
123000078,4676,1735,2941
123000079,4128,2301,1827
123000080,4308,1410,2898
123000081,296,575,-279
123000082,375,1029,-654
123000083,1969,242,1727
123000084,1443,692,751
123000085,795,184,611
123000086,2057,187,1870
123000087,693,155,538
123000088,2094,562,1532
123000089,2083,1647,436
123000090,2469,1066,1403
123000091,3417,2015,1402
123000092,1420,1827,-407
123000094,1241,206,1035
123000095,1593,789,804
123000096,1985,468,1517
123000097,1471,422,1049
123000098,1799,611,1188
123000099,1388,453,935
123000100,399,1135,-736
123000101,474,439,35
123000102,844,1299,-455
123000104,592,609,-17
123000105,557,373,184
123000106,845,522,323
123000107,475,316,159
123000108,799,1285,-486
123000111,1993,509,1484
123000112,2207,578,1629
123000113,877,911,-34
123000114,494,833,-339
123000115,427,531,-104
123000116,78,171,-93
123000117,3465,1711,1754
123000118,782,544,238
123000119,323,574,-251
123000120,451,829,-378
123000121,918,1000,-82
123000122,536,466,70
123000123,1054,769,285
123000124,759,375,384
123000125,2200,1431,769
123000126,1444,7559,-6115
123000127,619,627,-8
123000128,435,440,-5
123000129,1709,240,1469
123000130,1686,103,1583
123000131,2488,1349,1139
123000132,534,973,-439
123000133,248,525,-277
123000134,302,102,200
123000135,3821,1526,2295
123000136,236,466,-230
123000137,248,200,48
123000138,255,312,-57
123000139,1112,351,761
123000140,52,546,-494
123000141,952,163,789
123000142,1247,978,269
123000143,1253,2861,-1608
123000144,1,15,-14
123000145,233,277,-44
123000146,14,334,-320
123000147,75,336,-261
123000149,437,582,-145
123000150,176,344,-168
123000151,260,733,-473
123000152,14,292,-278
123000153,154,791,-637
123000154,1588,2631,-1043
123000155,2229,2198,31
123000156,51,122,-71
123000157,1052,1198,-146
123000158,717,1284,-567
123000159,4420,6615,-2195
123000160,1740,2011,-271
123000161,1978,1509,469
123000162,2775,2384,391
123000163,1210,295,915
123000164,3589,254,3335
123000165,374,1266,-892
123000166,36,129,-93
123000167,198,305,-107
123000168,591,256,335
123000169,1687,164,1523
123000170,228,74,154
123000171,2026,10,2016
123000172,88,713,-625
123000173,957,311,646
123000174,1221,606,615
123000175,515,1114,-599
123000176,1289,322,967
123000177,527,711,-184
123000178,1619,199,1420
123000179,54,880,-826
123000180,2220,438,1782
123000181,360,750,-390
123000182,382,212,170
123000183,229,634,-405
123000184,59,577,-518
123000185,1522,819,703
123000186,8,297,-289
123000187,934,15,919
123000188,591,0,591
123000189,317,190,127
123000190,109,48,61
123000192,8,340,-332
123000193,26,713,-687
123000194,312,228,84
123000195,653,21,632
123000196,773,96,677
123000197,132,136,-4
123000198,142,478,-336
123000199,18,393,-375
123000200,1167,5,1162
123000201,2227,8,2219
123000202,23,373,-350
123000203,1915,30,1885
123000204,36,430,-394
123000205,156,630,-474
123000206,4100,177,3923
123000207,50,729,-679
123000208,1230,140,1090
123000209,2705,727,1978
123000210,119,1381,-1262
123000211,449,1644,-1195
123000212,6589,390,6199
123000213,828,26,802
123000215,103,317,-214
123000216,207,2221,-2014
123000217,359,54,305
123000218,35,584,-549
123000219,885,111,774
123000220,909,152,757
123000221,214,364,-150
123000222,485,378,107
123000223,954,201,753
123000224,706,416,290
123000225,382,48,334
123000226,125,287,-162
123000227,89,180,-91
123000228,551,26,525
123000229,697,1412,-715
123000232,115,422,-307
123000233,1275,185,1090
123000234,129,643,-514
123000235,1950,350,1600
123000236,348,487,-139
123000237,700,187,513
123000238,47,356,-309
123000239,371,655,-284
123000240,144,1348,-1204
123000241,548,162,386
123000242,105,312,-207
123000243,1089,1190,-101
123000244,928,538,390
123000245,60,239,-179
123000249,581,870,-289
123000252,1103,595,508
123000253,2196,853,1343
123000254,971,709,262
123000255,1234,753,481
123000256,46,127,-81
123000257,2949,1058,1891
123000258,1073,550,523
123000259,739,562,177
123000260,890,322,568
123000261,472,207,265
123000262,63,180,-117
123000263,757,103,654
123000264,226,66,160
123000265,54,132,-78
123000266,562,500,62
123000267,867,365,502
123000268,78,85,-7
123000269,45,125,-80
123000270,78,125,-47
123000271,25,62,-37
123000272,886,419,467
123000273,403,1572,-1169
123000274,1670,1267,403
123000275,270,1087,-817
123000278,1995,5969,-3974
123000279,302,97,205
123000280,548,446,102
123000281,480,260,220
123000282,151,498,-347
123000283,260,137,123
123000284,62,84,-22
123000286,103,858,-755
123000287,523,659,-136
123000288,790,1848,-1058
123000289,199,2288,-2089
123000291,127,1735,-1608
123000294,192,321,-129
123000295,762,1617,-855
123000296,996,876,120
123000297,1261,475,786
123000298,2077,456,1621
123000299,190,112,78
123000300,2545,1453,1092
123000301,157,445,-288
123000302,289,122,167
123000303,46,753,-707
123000305,1392,1064,328
123000306,364,71,293
123000309,62,127,-65
123000310,105,67,38
123000311,1,250,-249
123000312,593,371,222
123000313,890,880,10
123000315,223,341,-118
123000316,1373,831,542
123000317,370,161,209
123000318,83,387,-304
123000329,6,29,-23
123000337,313,398,-85
123000338,87,212,-125
123000339,532,29,503
123000340,131,325,-194
123000342,4,207,-203
123000343,290,34,256
123000344,578,189,389
123000345,443,448,-5
123000346,1039,70,969
123000352,1430,1160,270
123000353,172,174,-2
123000354,593,14,579
123000355,1,328,-327
123000356,576,20,556
123000357,10,106,-96
123000359,25,55,-30
123000360,280,384,-104
123000361,456,281,175
123000362,538,97,441
123000363,159,187,-28
123000364,731,701,30
123000365,21,464,-443
123000366,411,4730,-4319
123000367,404,593,-189
123000370,55,227,-172
123000371,709,55,654
123000372,541,54,487
123000373,13,372,-359
123000374,5,95,-90
123000375,773,58,715
123000376,1459,1725,-266
123000377,991,14,977
123000378,1,211,-210
123000379,0,362,-362
123000380,17,421,-404
123000381,91,261,-170
123000382,855,156,699
123000383,169,956,-787
123000384,1249,322,927
123000385,284,1157,-873
123000436,110,2065,-1955
123000507,49,120,-71
123000508,201,2054,-1853
123000517,294,13,281
123000518,18,93,-75
123000519,280,90,190
123000520,47,71,-24
123000521,905,113,792
123000522,200,208,-8
123000541,10,3,7
123000542,0,12,-12
123000565,1153,52,1101
123000566,636,185,451
123000567,180,65,115
123000573,82,871,-789
123000574,997,52,945
123000575,2765,522,2243
123000576,917,1054,-137
123000577,67,1165,-1098
123000578,702,316,386
123000579,1080,10105,-9025
123000580,176,111,65
123000582,869,22,847
123000583,22,416,-394
123000584,302,346,-44
123000585,0,51,-51
123000586,206,8,198
123000596,63,101,-38
123000597,144,284,-140
123000602,250,15,235
123000603,2212,537,1675
123000604,1344,407,937
123000605,1260,113,1147
123000606,1,865,-864
123000609,35,476,-441
123000610,99,65,34
123000613,121,118,3
123000614,386,68,318
123000615,107,151,-44
123000616,1193,65,1128
123000617,87,290,-203
123000618,27,691,-664
123000619,476,59,417
123000620,27,354,-327
123000622,839,19,820
123000624,338,82,256
123000630,3689,717,2972
123000631,388,689,-301
123000632,928,922,6
123000633,0,253,-253
123000634,69,830,-761
123000635,130,197,-67
123000636,56,611,-555
123000637,306,39,267
123000638,1042,48,994
123000639,1209,10028,-8819
123000640,22,446,-424
123000648,836,83,753
123000649,39,578,-539
123900001,1428,79,1349
123900002,31,2000,-1969
123900003,166,765,-599
123900005,402,386,16
123900006,845,196,649
124000001,3049,303,2746
124000002,37,1238,-1201
124000003,2092,168,1924
124000004,28,407,-379
124000005,1561,2287,-726
124000006,163,514,-351
124000007,1838,194,1644
124000008,6,729,-723
124000009,1186,850,336
124000010,471,560,-89
124000011,1538,1374,164
124000012,267,426,-159
124000017,458,173,285
124000018,144,83,61
124000019,502,229,273
124000020,45,125,-80
124000021,275,165,110
124000022,37,203,-166
124000023,2226,1962,264
124000024,1446,519,927
124000025,1786,1870,-84
124000026,1035,1225,-190
124000027,4122,4175,-53
124000028,1720,4013,-2293
124000030,1873,1255,618
124000031,1555,13742,-12187
124000032,2305,803,1502
124000033,1179,1473,-294
124000034,848,1108,-260
124000035,552,180,372
124000036,245,687,-442
124000037,329,890,-561
124000038,6,195,-189
124000039,378,278,100
124000040,185,839,-654
124000041,918,217,701
124000042,139,250,-111
124000043,228,258,-30
124000044,65,194,-129
124000045,2648,441,2207
124000046,204,654,-450
124000047,3773,709,3064
124000048,975,725,250
124000049,2856,482,2374
124000050,1103,998,105
124000051,1943,441,1502
124000052,676,633,43
124000053,405,3735,-3330
124000054,593,280,313
124000055,1248,9021,-7773
124000056,1774,903,871
124000057,2602,484,2118
124000058,1113,1085,28
124000059,1924,1660,264
124000060,613,641,-28
124000061,2236,9184,-6948
124000062,3579,1345,2234
124000063,1439,968,471
124000064,1677,1063,614
124000065,53,1255,-1202
124000066,252,193,59
124000067,211,186,25
124000068,136,212,-76
124000069,833,137,696
124000070,590,271,319
124000071,265,147,118
124000072,363,310,53
124000073,1189,161,1028
124000074,247,512,-265
124000075,588,47,541
124000076,45,68,-23
124000077,288,652,-364
124000078,1302,1302,0
124000079,296,1357,-1061
124000080,1399,182,1217
124000081,281,574,-293
124000082,103,244,-141
124000083,53,115,-62
124000084,36,1580,-1544
124000085,123,67,56
124000086,10,426,-416
124000087,113,214,-101
124000088,91,448,-357
124000089,896,332,564
124000090,318,276,42
124000091,1186,234,952
124000092,472,796,-324
124000093,184,116,68
124000094,166,503,-337
124000095,159,141,18
124000096,227,99,128
124000097,314,230,84
124000098,167,98,69
124000099,302,82,220
124000100,86,69,17
124000101,242,261,-19
124000102,123,40,83
124000103,339,274,65
124000104,199,50,149
124000105,272,209,63
124000106,106,56,50
124000107,45,344,-299
124000108,67,11,56
124000109,185,192,-7
124000110,55,82,-27
124000111,493,152,341
124000112,1234,595,639
124000113,272,227,45
124000114,539,495,44
124000115,321,907,-586
124000116,202,407,-205
124000117,31,91,-60
124000118,41,102,-61
124000119,1316,1386,-70
124000120,810,968,-158
124000121,1578,1287,291
124000122,461,1419,-958
124000123,808,420,388
124000124,491,501,-10
124000125,539,368,171
124000126,395,395,0
124000127,1196,437,759
124000128,715,616,99
124000129,1944,1300,644
124000130,373,445,-72
124000131,814,790,24
124000132,534,722,-188
124000133,1757,1014,743
124000134,1145,730,415
124000135,1858,2383,-525
124000136,788,971,-183
124000137,1212,1485,-273
124000138,947,1184,-237
124000139,416,138,278
124000140,17,563,-546
124000141,712,22,690
124000142,47,330,-283
124000143,192,21,171
124000144,3,185,-182
124000145,177,50,127
124000146,14,77,-63
124000148,16,89,-73
124000149,1616,293,1323
124000150,287,660,-373
124000151,1560,456,1104
124000152,855,949,-94
124000153,1068,764,304
124000154,570,469,101
124000155,1183,929,254
124000156,747,752,-5
124000169,191,1119,-928
124000170,1216,904,312
124000171,351,810,-459
124000172,390,744,-354
124000173,1161,399,762
124000174,574,627,-53
124000175,18,90,-72
124000176,86,33,53
124000177,7,33,-26
124000178,62,56,6
124000190,113,56,57
124000191,230,444,-214
124000192,1741,771,970
124000193,279,7211,-6932
124000194,335,472,-137
124000195,553,615,-62
124000196,630,985,-355
124000197,101,53,48
124000198,57,94,-37
124000201,57,436,-379
124000202,877,169,708
124000203,1384,142,1242
124000204,2651,219,2432
124000205,160,334,-174
124000206,1784,264,1520
124000207,0,12,-12
124000209,248,160,88
124000210,1565,263,1302
124000211,1598,6,1592
124000212,1,112,-111
124000213,1018,58,960
124000214,1068,243,825
124000215,869,7,862
124000216,1,204,-203
124000329,41,851,-810
124000338,24,574,-550
124000339,3232,36,3196
124000341,3683,58,3625
124000344,179,112,67
124000357,1476,4957,-3481
124000358,686,2786,-2100
124000359,1582,1244,338
124000360,1649,774,875
124000361,3794,1495,2299
124000362,2095,4163,-2068
124000363,637,302,335
124000364,748,664,84
124000365,1021,1360,-339
124000366,3613,923,2690
124000367,79,409,-330
124000368,445,2270,-1825
124000369,94,166,-72
124000370,51,1398,-1347
124000402,37,26,11
124000403,275,57,218
124000404,20,51,-31
124000405,831,739,92
124000406,538,481,57
124000407,2,18,-16
124000411,3,376,-373
124000412,649,4,645
124000413,208,469,-261
124000414,152,66,86
124000415,157,40,117
124000416,136,161,-25
124000417,516,145,371
124000418,561,43,518
124000419,119,29,90
124000420,308,21,287
124000421,97,45,52
124000422,50,4,46
124000423,70,85,-15
124000424,11,38,-27
124000425,205,33,172
124000426,1,110,-109
124000427,264,6,258
124000428,4,752,-748
124000429,211,15,196
124000430,1118,545,573
124000431,445,431,14
124000432,430,1319,-889
124000439,14,1,13
124000443,0,3,-3
124000445,191,5009,-4818
124000446,2321,752,1569
124000447,11,411,-400
124900001,1569,300,1269
124900002,273,189,84
124900003,1810,363,1447
124900004,1643,320,1323
124900005,198,55,143
124900006,1391,321,1070
124900008,683,403,280
124900009,142,541,-399
124900010,254,183,71
124900011,1068,397,671
124900012,342,123,219
124900013,704,140,564
124900014,344,31,313
124900015,181,383,-202
124900016,130,238,-108
124900017,278,5019,-4741
124900018,250,8,242
124900020,183,41,142
124900021,477,49,428
124900022,35,1,34
124900024,843,5,838
124900026,115,86,29
124900027,181,411,-230
124900028,278,94,184
124900029,27,809,-782
124900030,2,76,-74
124900031,20,211,-191
124900032,374,233,141
124900033,174,100,74
124900034,12,286,-274
124900035,89,181,-92
124900036,2,146,-144
124900037,102,63,39
124900038,172,209,-37
124900039,3,87,-84
124900040,200,94,106
124900041,376,881,-505
124900042,31,1,30
124900043,607,612,-5
124900044,97,0,97
124900045,266,898,-632
124900047,35,131,-96
124900048,366,74,292
124900050,217,83,134
124900052,114,261,-147
124900053,202,232,-30
124900054,1074,497,577
124900055,2,83,-81
124900057,1,72,-71
124900060,23,264,-241
124900061,216,5,211
124900062,239,15,224
124900066,0,13,-13
124900067,1,88,-87
124900068,160,810,-650
124900070,65,42,23
124900072,303,18,285
124900075,1284,118,1166
124900076,21,3728,-3707
124900077,27,93,-66
124900078,79,16,63
124900079,166,256,-90
124900080,586,220,366
124900081,2515,283,2232
124900082,414,607,-193
124900083,387,334,53
124900085,538,459,79
124900086,42,1379,-1337
124900087,323,102,221
124900088,128,107,21
124900089,531,6,525
124900090,787,239,548
124900091,426,244,182
124900092,304,236,68
124900093,841,165,676
124900094,1256,249,1007
124900095,227,852,-625
124900096,282,66,216
124900097,888,67,821
124900098,220,241,-21
124900099,204,653,-449
124900100,710,48,662
124900101,49,200,-151
124900102,664,20,644
124900103,262,130,132
124900104,104,181,-77
124900105,141,110,31
124900106,503,23,480
124900107,273,31,242
124900108,189,129,60
124900111,1,142,-141
124900112,237,239,-2
124900113,45,325,-280
124900114,79,261,-182
124900115,84,69,15
124900116,421,600,-179
124900117,198,262,-64
124900118,123,1978,-1855
124900119,515,269,246
124900120,24,223,-199
124900121,47,605,-558
124900122,205,191,14
124900123,97,86,11
124900124,41,250,-209
204000001,231,23,208
204000002,29,28,1
204000003,14,14,0
204000004,5,0,5
204000005,545,446,99
204000006,1318,1324,-6
204000011,17,42,-25
204000012,79,77,2
204000019,1725,418,1307
204000020,1754,1004,750
204000021,2704,1355,1349
204000022,1988,547,1441
204000023,893,448,445
204000031,56,1,55
204000032,338,23,315
204000034,104,128,-24
204000035,0,3,-3
204000036,5,83,-78
204000037,0,39,-39
204000038,1,12,-11
204000039,21,23,-2
204000040,3,22,-19
204000041,26,52,-26
204000042,50,29,21
204000043,62,21,41
204000044,80,42,38
204000045,96,14,82
204000046,12,2,10
204000057,11,5,6
204000062,16,42,-26
204000068,63,986,-923
204000069,192,786,-594
204000070,64,88,-24
204000080,159,118,41
204000085,1182,1049,133
204000086,2817,1409,1408
204000087,93,7,86
204000088,11,103,-92
204000090,188,349,-161
204000093,955,69,886
204000096,2616,959,1657
204000097,598,21,577
204000099,1319,3831,-2512
204000100,2405,1733,672
204000105,1590,828,762
204000110,535,1220,-685
204000111,904,770,134
204000112,708,827,-119
204000113,289,732,-443
204000114,1480,1865,-385
204000115,2398,985,1413
204000116,991,1392,-401
204000119,3597,2212,1385
204000132,966,712,254
204000133,1259,85,1174
204000134,361,45,316
204000135,958,35,923
204000136,656,410,246
204000138,385,1418,-1033
204000140,400,143,257
204000141,301,42,259
204000144,2,22,-20
204000145,827,58,769
204000146,14,191,-177
204000147,23,362,-339
204000148,252,136,116
204000154,10,14,-4
204000155,0,5,-5
204000177,68,84,-16
204000179,30,21,9
204000180,1,56,-55
204000222,3,7,-4
204000235,111,31,80
204000236,40,227,-187
204000238,9,33,-24
204000240,502,69,433
204000263,782,1115,-333
204000268,800,435,365
204000308,240,26,214
204000317,40,179,-139
204000322,98,69,29
204000323,21,3,18
204000328,335,74,261
204000329,155,76,79
204000330,272,14,258
204000331,277,166,111
205000001,890,1127,-237
205000013,123,252,-129
205000014,167,174,-7
205000015,260,54,206
205000016,135,124,11
205000017,119,81,38
205000022,434,494,-60
205000025,1976,695,1281
205000029,627,36,591
205000045,341,262,79
205000046,304,455,-151
205000047,183,245,-62
205000048,470,462,8
205000049,179,574,-395
205000050,885,298,587
205000059,1,828,-827
205000060,1,1242,-1241
205000061,17,2479,-2462
205000062,3,2265,-2262
205000063,97,2229,-2132
205000064,148,561,-413
205000065,816,752,64
205000066,459,401,58
205000067,255,540,-285
205000069,196,8,188
205000082,186,226,-40
205000110,109,234,-125
205000111,121,217,-96
205000112,177,121,56
205000113,100,109,-9
205000121,194,101,93
205000123,277,153,124
205000126,962,115,847
205000127,1124,136,988
205000128,504,50,454
205000129,992,70,922
205000130,89,38,51
205000131,15,54,-39
205000132,85,24,61
205000133,90,0,90
205000134,427,0,427
205000137,574,69,505
205000138,545,108,437
205000139,74,36,38
205000144,115,74,41
205000145,260,157,103
205000151,264,50,214
205000152,183,47,136
205000153,280,84,196
205000154,74,90,-16
205000155,143,16,127
205000207,3,141,-138
205000233,37,0,37
205000234,0,3,-3
205000243,0,0,0
205000244,0,2,-2
205000245,12,297,-285
205000249,0,32,-32
205000250,5,1,4
205000264,40,77,-37
206000027,0,25,-25
206000028,23,15,8
206000043,6,68,-62
206000053,10,10,0
206000054,1,54,-53
206000055,0,21,-21
206000075,48,22,26
206000076,36,13,23
206000077,33,23,10
206000078,7,24,-17
206000079,23,18,5
206000082,344,111,233
206000100,35,655,-620
206000103,8,17,-9
206000104,6,24,-18
206000105,16,33,-17
206000106,10,34,-24
206000125,188,0,188
206000157,26,474,-448
206000170,0,229,-229
206000171,14,243,-229
206000172,29,189,-160
206000173,2,141,-139
206000174,33,40,-7
206000175,8,62,-54
206000176,32,75,-43
206000177,2,50,-48
206000178,2,587,-585
206000179,2,547,-545
206000180,11,111,-100
206000181,23,25,-2
206000182,10,36,-26
206000183,9,82,-73
206000184,1,126,-125
206000185,19,41,-22
206000186,128,266,-138
206000223,46,705,-659
206000226,74,5,69
206000227,37,18,19
206000237,43,138,-95
206000238,62,332,-270
206000239,318,1863,-1545
206000240,1,44,-43
206000241,0,83,-83
206000242,21,214,-193
206000243,72,68,4
206000244,110,175,-65
206000245,1731,89,1642
206000246,798,10,788
206000247,751,10,741
206000248,745,69,676
206000252,67,70,-3
206000258,6,42,-36
206000315,74,5,69
206000317,779,178,601
206000318,1136,57,1079
206000319,3000,129,2871
206000320,817,72,745
206000321,666,15,651
206000322,1168,8,1160
206000323,470,7,463
206000324,551,7,544
206000325,274,37,237
206000326,344,52,292
206000327,56,52,4
206000328,458,31,427
206000329,533,19,514
206000330,107,1,106
206000331,483,8,475
206000332,88,7,81
206000333,1634,1,1633
206000334,878,0,878
206000335,0,49,-49
206000361,7,175,-168
206000392,4,3,1
206000405,235,2,233
206000441,153,23,130
206000498,60,3,57
206000515,38,51,-13
206000530,573,83,490
206000531,241,432,-191
206000532,1348,615,733
206000535,134,4564,-4430
206000536,30,51,-21
206000537,45,135,-90
206000613,1444,263,1181
206000784,757,87,670
207000001,194,425,-231
207000002,185,415,-230
207000003,254,193,61
207000007,2379,275,2104
207000008,551,29,522
207000009,125,23,102
207000010,424,313,111
207000012,637,184,453
207000015,324,731,-407
207000019,442,153,289
207000021,437,312,125
207000022,358,170,188
207000023,320,110,210
207000024,2,78,-76
207000025,19,135,-116
207000026,163,49,114
207000027,25,71,-46
207000028,81,182,-101
207000029,207,508,-301
207000033,350,299,51
207000034,439,131,308
207000039,947,64,883
207000040,809,91,718
207000041,121,19,102
207000042,450,48,402
207000043,551,229,322
207000051,127,272,-145
207000052,35,102,-67
207000053,463,419,44
207000054,75,113,-38
207000055,224,150,74
207000056,343,297,46
207000057,138,181,-43
207000058,201,255,-54
207000059,149,255,-106
207000060,60,444,-384
207000061,89,1562,-1473
207000062,1129,74,1055
207000063,1120,95,1025
207000064,563,71,492
207000065,507,244,263
207000066,883,204,679
207000067,103,84,19
207000068,268,50,218
207000069,1348,333,1015
207000082,33,200,-167
207000083,114,244,-130
207000084,798,414,384
207000085,446,58,388
207000086,532,15,517
207000106,106,37,69
207000107,182,8,174
207000108,215,0,215
207000109,125,8,117
207000110,55,59,-4
207000111,61,134,-73
207000112,92,1813,-1721
207000114,75,27,48
207000115,52,94,-42
207000116,25,447,-422
207000117,16,117,-101
207000118,5,68,-63
207000119,24,58,-34
207000123,318,10,308
207000124,165,20,145
207000125,53,22,31
207000126,50,29,21
207000134,303,160,143
207000135,60,316,-256
207000148,87,516,-429
207000149,91,17,74
207000152,148,621,-473
207000153,316,725,-409
207000154,458,247,211
207000159,153,117,36
207000160,253,208,45
207000238,0,178,-178
207000242,0,98,-98
207000248,39,28,11
207000249,196,13,183
207000250,582,151,431
207000251,92,183,-91
207000252,41,53,-12
207000278,249,166,83
207000279,39,78,-39
207000280,1315,59,1256
207000281,259,369,-110
207000282,38,617,-579
207000283,31,196,-165
207000284,33,1857,-1824
207000285,104,93,11
207000291,35,71,-36
207000304,55,85,-30
207000306,56,354,-298
207000310,195,106,89
207000353,73,3,70
207000356,26,121,-95
207000357,2,40,-38
207000358,0,35,-35
207000415,3,183,-180
207000417,61,7,54
207000418,134,70,64
207000438,0,0,0
207000439,489,340,149
207000446,323,12,311
207000460,223,3,220
207000466,211,162,49
207000467,678,104,574
207000468,119,130,-11
207000476,4,13,-9
207000477,628,16,612
207000478,0,31,-31
207000523,0,17,-17
207000524,86,0,86
207000527,397,131,266
207000530,1064,3,1061
207000531,457,4,453
207000532,104,51,53
207000534,145,49,96
207000535,24,501,-477
207000537,4,108,-104
207000540,3,115,-112
207000541,0,208,-208
207000548,9,147,-138
207000549,587,10,577
207000561,302,226,76
207000562,24,141,-117
207000567,83,130,-47
207000568,499,39,460
207000569,1279,122,1157
207000584,51,212,-161
207000585,18,147,-129
207000587,466,43,423
207000616,0,103,-103
207000617,150,0,150
207000624,81,25,56
207000631,5,51,-46
207900008,644,72,572
208000001,886,1664,-778
208000002,1093,971,122
208000003,1106,535,571
208000004,1352,1794,-442
208000005,1,119,-118
208000019,1714,660,1054
208000020,521,197,324
208000021,368,381,-13
208000022,803,318,485
208000028,1105,1773,-668
208000033,418,302,116
208000034,807,1427,-620
208000037,1145,93,1052
208000040,455,102,353
208000041,1206,568,638
208000042,2194,744,1450
208000047,129,245,-116
208000064,2525,2022,503
208000066,1459,1568,-109
208000070,863,581,282
208000071,1116,272,844
208000072,1301,772,529
208000080,433,1129,-696
208000081,560,191,369
208000082,990,237,753
208000083,322,282,40
208000084,14,99,-85
208000085,1019,757,262
208000086,942,1438,-496
208000087,612,884,-272
208000089,1400,335,1065
208000090,1175,539,636
208000093,32,221,-189
208000094,655,268,387
208000095,1016,707,309
208000104,2098,553,1545
208000105,1348,919,429
208000114,182,429,-247
208000115,644,442,202
208000116,1826,1749,77
208000117,41,159,-118
208000118,300,416,-116
208000155,1300,1711,-411
208000158,2039,2910,-871
208000186,1138,2567,-1429
208000204,1283,1157,126
208000205,2434,831,1603
208000282,1149,1352,-203
209000004,1059,285,774
209000005,135,109,26
209000006,404,248,156
209000007,560,922,-362
209000010,392,651,-259
209000011,184,346,-162
209000012,250,202,48
209000013,432,143,289
209000014,716,390,326
209000025,862,153,709
209000026,1313,276,1037
209000027,564,333,231
209000028,496,304,192
209000029,641,2974,-2333
209000030,728,2554,-1826
209000031,5824,2067,3757
209000034,473,582,-109
209000035,365,633,-268
209000036,585,419,166
209000037,822,361,461
209000038,351,178,173
209000039,175,133,42
209000040,369,758,-389
209000041,188,478,-290
209000042,278,319,-41
209000043,481,795,-314
209000044,265,826,-561
209000045,743,237,506
209000046,810,352,458
209000047,641,321,320
209000048,762,585,177
209000049,149,84,65
209000050,338,123,215
209000051,449,167,282
209000052,270,266,4
209000062,163,62,101
209000063,95,38,57
209000064,87,22,65
209000065,264,57,207
209000066,184,35,149
209000067,317,53,264
209000080,16,255,-239
209000082,119,83,36
209000091,103,121,-18
209000093,68,128,-60
209000094,83,242,-159
209000110,51,259,-208
209000111,595,2547,-1952
209000112,1458,1040,418
209000113,2756,2422,334
209000114,1152,1350,-198
209000115,108,154,-46
209000116,804,464,340
209000118,28,206,-178
209000119,31,189,-158
209000121,169,540,-371
209000135,48,145,-97
209000142,920,3987,-3067
209000143,54,236,-182
209000144,86,819,-733
209000229,233,98,135
209000240,70,257,-187
209000259,62,166,-104
209000260,40,598,-558
209000261,4,225,-221
209000262,5,126,-121
209000263,0,344,-344
209000264,1,183,-182
209000265,440,15,425
209000266,158,2,156
209000267,1587,2,1585
209000268,617,74,543
210000037,161,220,-59
210000047,170,12,158
210000048,123,26,97
210000049,192,16,176
210000052,104,96,8
210000053,64,49,15
210000054,45,92,-47
210000070,226,11,215
210000071,182,1,181
210000072,91,0,91
210000073,0,22,-22
210000074,1,148,-147
210000075,0,285,-285
210000076,4,279,-275
210000077,17,397,-380
210000078,25,353,-328
210000079,15,118,-103
210000080,68,497,-429
210000081,299,11,288
210000082,38,1,37
210000083,63,0,63
210000084,136,0,136
210000085,0,48,-48
210000086,1,81,-80
210000099,75,199,-124
210000100,85,129,-44
210000101,173,107,66
210000105,29,358,-329
210000159,1,293,-292
210000163,51,192,-141
210000164,567,308,259
210000168,625,65,560
210000187,0,67,-67
210000188,0,50,-50
210000214,13,1,12
210000219,120,57,63
210000220,197,48,149
210000232,1,20,-19
210000233,18,17,1
210000234,48,57,-9
210000235,71,57,14
210000245,0,46,-46
210000246,54,2,52
210000258,13,63,-50
210000259,461,70,391
210000282,33,238,-205
210000285,0,169,-169
210000286,28,115,-87
210000290,3,14,-11
210000295,72,242,-170
210000296,102,89,13
210000320,255,47,208
210000321,404,15,389
210000338,91,175,-84
210000339,193,840,-647
210000340,173,275,-102
210000341,308,283,25
210000342,277,205,72
210000343,153,301,-148
210000344,111,405,-294
210000345,247,599,-352
210000346,103,265,-162
210000347,63,458,-395
210000348,170,291,-121
210000349,86,164,-78
210000350,198,152,46
210000351,277,55,222
210000352,54,41,13
210000353,29,81,-52
210000354,71,88,-17
210000355,50,489,-439
210000356,15,643,-628
210000357,54,752,-698
210000358,1147,665,482
210000359,172,1033,-861
210000360,496,832,-336
210000361,489,341,148
210000362,713,296,417
210000363,1170,319,851
210000364,485,208,277
210000365,426,89,337
210000366,427,64,363
210000367,296,46,250
210000368,303,42,261
210000369,66,308,-242
210000370,145,365,-220
210000372,72,118,-46
210000373,37,317,-280
210000374,94,438,-344
210000375,28,53,-25
210000376,65,607,-542
210000404,90,108,-18
210000439,73,13,60
210000472,51,13,38
210000482,91,129,-38
210000564,347,248,99
210000567,0,115,-115
210000568,313,1,312
211000092,106,11,95
211000094,14,5,9
211000169,333,10,323
211000172,26,128,-102
211000209,0,51,-51
211000226,49,38,11
211000270,81,11,70
211000275,20,28,-8
211000276,178,22,156
211000279,17,84,-67
211000281,173,13,160
211000302,28,20,8
211507980,0,111,-111
211977296,26,0,26
212000003,441,259,182
212000004,7,207,-200
212000005,26,244,-218
212000006,81,262,-181
212000008,252,348,-96
212000009,118,200,-82
212000012,196,23,173
212000013,49,25,24
212000014,510,60,450
212000015,507,153,354
212000016,643,334,309
212000027,693,312,381
212000028,465,264,201
212000029,300,229,71
212000030,56,14,42
212000031,58,28,30
212000048,81,540,-459
212000049,21,266,-245
212000050,30,16,14
212000051,373,99,274
212000052,349,120,229
212000053,240,203,37
212000054,791,100,691
212000055,598,121,477
212000056,24,36,-12
212000057,6,40,-34
212000058,267,71,196
212000070,180,125,55
212000077,254,217,37
212000099,443,228,215
212000108,463,610,-147
212000111,533,86,447
212000120,264,352,-88
212000138,254,123,131
212000156,0,36,-36
212000158,7,61,-54
212000159,755,42,713
212000160,687,132,555
212000161,200,7,193
212000310,69,9,60
212000311,17,67,-50
212000374,76,4,72
213000001,33,484,-451
213000005,684,190,494
213000006,838,311,527
213000007,48,30,18
213000009,422,234,188
213000010,516,203,313
213000011,328,151,177
213000012,299,305,-6
213000014,169,38,131
213000015,408,18,390
213000016,552,3,549
213000017,197,0,197
213000018,0,36,-36
213000019,3,77,-74
213000020,123,131,-8
213000021,8,66,-58
213000023,506,475,31
213000033,445,1594,-1149
213000034,484,235,249
213000035,177,348,-171
213000045,299,327,-28
213000046,124,101,23
213000047,336,966,-630
213000056,191,37,154
213000069,473,84,389
213000073,1,43,-42
213000074,95,657,-562
213000075,929,0,929
213000076,23,1,22
213000085,14,32,-18
213000086,23,165,-142
213000091,343,7,336
213000092,30,9,21
213000099,388,1264,-876
213000100,947,358,589
213000101,1215,94,1121
213000102,1194,97,1097
213000103,753,426,327
213000104,45,250,-205
213000105,119,2409,-2290
213000106,65,127,-62
213000107,220,299,-79
213000108,27,299,-272
213000109,7,186,-179
213000110,8,97,-89
213000111,1,62,-61
213000112,26,98,-72
213000115,61,2,59
213000116,67,500,-433
213000117,6,483,-477
213000118,1645,474,1171
213000119,62,471,-409
213000120,88,214,-126
213000122,199,334,-135
213000123,175,466,-291
213000124,459,467,-8
213000125,195,65,130
213000126,21,306,-285
213000127,21,258,-237
213000128,132,681,-549
213000129,208,2359,-2151
213000130,1345,1262,83
213000132,1146,354,792
213000133,1761,131,1630
213000134,2846,5,2841
213000136,670,13,657
213000137,844,70,774
213000139,658,68,590
213000147,17,44,-27
213000148,23,104,-81
213000149,7,98,-91
213000150,1,1174,-1173
213000151,2,382,-380
213000152,2,548,-546
213000153,1,219,-218
213000154,208,420,-212
213000155,44,391,-347
213000156,243,425,-182
213000157,1426,266,1160
213000158,601,641,-40
213000159,1011,472,539
213000163,2144,226,1918
213000165,751,327,424
213000171,0,34,-34
213000172,0,74,-74
213000173,1,68,-67
213000174,0,61,-61
213000175,10,10,0
213000176,242,34,208
213000177,165,0,165
213000178,382,1,381
213000179,444,1,443
213000180,544,0,544
213000184,62,630,-568
213000188,657,68,589
213000189,991,53,938
213000190,666,404,262
213000191,629,212,417
213000192,448,145,303
213000193,960,212,748
213000194,8,292,-284
213000195,58,349,-291
213000196,428,2611,-2183
213000197,626,1217,-591
213000198,44,5,39
213000200,175,420,-245
213000201,21,109,-88
213000202,10,647,-637
213000203,1944,331,1613
213000204,1326,30,1296
213000205,579,44,535
213000206,878,42,836
213000207,68,13,55
213000208,22,11,11
213000209,137,17,120
213000210,267,7,260
213000211,12,89,-77
213000212,37,127,-90
213000213,32,94,-62
213000218,606,530,76
213000219,1734,65,1669
213000220,1594,4,1590
213000223,392,355,37
213000224,37,124,-87
213000225,83,24,59
213000226,55,7,48
213000227,2055,216,1839
213000228,1303,84,1219
213000229,112,34,78
213000230,909,13,896
213000232,190,37,153
213000233,59,257,-198
213000234,2,40,-38
213000293,27,120,-93
213000294,123,121,2
213000295,56,129,-73
213000296,160,18,142
213000297,6,50,-44
213000298,10,78,-68
213000299,199,21,178
213000300,0,5,-5
213000303,4,19,-15
213000304,1,8,-7
213000305,5,63,-58
213000306,26,796,-770
213000307,109,785,-676
213000308,79,126,-47
213000309,318,38,280
213000310,296,196,100
213000311,139,759,-620
213000315,93,264,-171
213000316,458,165,293
213000322,162,16,146
213000323,211,91,120
213000324,104,1,103
213000325,123,41,82
213000326,38,2,36
213000327,44,18,26
213000328,58,53,5
213000329,198,11,187
213000340,184,369,-185
213000341,1389,75,1314
213000346,128,425,-297
213000347,305,1213,-908
213000348,2,180,-178
213000349,3,16,-13
213000350,197,1021,-824
213000366,70,177,-107
213000367,766,8,758
213000379,26,138,-112
213000386,37,32,5
213000406,517,81,436
213000417,2510,663,1847
213000425,620,83,537
213000426,287,35,252
213000427,90,51,39
213000428,73,186,-113
213000429,12,8,4
213000430,130,323,-193
213000431,15,1,14
213000432,2,51,-49
213000433,11,32,-21
213000434,213,108,105
213000435,137,79,58
213000436,140,76,64
213000437,0,3,-3
213000438,164,18,146
213000439,55,41,14
213000440,10,121,-111
213000441,0,6,-6
213000442,1,20,-19
213000443,809,437,372
213000444,82,2,80
213000445,1,74,-73
213000446,1,35,-34
213000447,3,159,-156
213000448,2,226,-224
213000449,1201,7,1194
213000450,48,24,24
213000451,458,12,446
213000452,12,6,6
213000453,28,206,-178
213000455,96,1,95
213000456,1,248,-247
213000481,3,2,1
213000482,30,0,30
213000489,153,61,92
213000491,38,501,-463
213000492,121,5,116
213000493,4,403,-399
213000494,292,68,224
213000495,0,42,-42
213000496,741,198,543
213000497,125,146,-21
213000498,164,89,75
213000499,222,108,114
213000500,974,63,911
213000501,316,66,250
213000502,185,177,8
213000503,0,81,-81
213000504,35,43,-8
213000505,20,1,19
213000506,0,7,-7
213000507,19,73,-54
213900244,119,0,119
213900245,0,23,-23
218000003,38,102,-64
218000004,75,68,7
218000005,55,90,-35
218000006,108,93,15
218000007,21,37,-16
218000012,374,355,19
218000013,457,227,230
218000014,492,248,244
218000019,425,406,19
218000020,422,413,9
218000021,22,23,-1
218000022,10,10,0
218000023,14,13,1
218000024,0,7,-7
218000025,3,14,-11
218000026,11,25,-14
218000027,2,3,-1
218000028,2,4,-2
218000029,0,2,-2
218000030,10,18,-8
218000031,10,15,-5
218000032,1,11,-10
218000040,1,8,-7
218000046,119,50,69
218000047,38,54,-16
218000048,46,40,6
218000049,62,56,6
218000050,187,90,97
218000051,70,103,-33
218000052,2,31,-29
218000053,1,30,-29
218000054,4,57,-53
218000055,16,44,-28
218000056,27,69,-42
218000057,2,50,-48
218000064,0,7,-7
218000065,103,64,39
218000066,3,116,-113
218000067,162,69,93
218000068,215,60,155
218000069,486,106,380
218000070,326,394,-68
218000071,277,286,-9
218000072,236,314,-78
218000078,2017,410,1607
218000079,426,76,350
218000080,234,65,169
218000081,753,111,642
218000082,213,52,161
218000083,145,85,60
218000084,296,69,227
218000085,274,116,158
218000086,178,41,137
218000087,282,78,204
218000090,52,270,-218
218000091,1518,834,684
218000092,210,178,32
218000093,155,119,36
218000094,647,677,-30
218000099,343,438,-95
218000100,515,237,278
218000101,467,239,228
218000102,702,192,510
218000103,119,121,-2
218000104,163,49,114
218000105,30,16,14
218000106,43,4,39
218000107,97,43,54
218000108,4,47,-43
218000112,120,26,94
218000117,43,114,-71
218000134,990,411,579
218000135,24,153,-129
218000136,141,119,22
218000137,181,186,-5
218000138,90,135,-45
218000139,221,263,-42
218000140,976,593,383
218000141,91,119,-28
218000142,271,255,16
218000143,41,579,-538
218000144,33,311,-278
218000145,850,385,465
218000146,202,118,84
218000151,7,47,-40
218000152,74,53,21
218000153,2,18,-16
218000154,9,4,5
218000155,65,0,65
218000156,151,9,142
218000157,67,10,57
218000158,11,13,-2
218000159,2,12,-10
218000160,18,15,3
218000161,75,1,74
218000162,46,4,42
218000163,48,7,41
218000164,159,20,139
218000165,132,35,97
218000170,0,35,-35
218000171,68,14,54
218000172,7,21,-14
218000173,11,14,-3
218000174,23,9,14
218000176,285,34,251
218000177,298,156,142
218000178,89,153,-64
218000179,194,69,125
218000180,113,51,62
218000181,347,33,314
218000187,21,99,-78
218000188,22,53,-31
218000189,42,102,-60
218000190,44,50,-6
218000191,333,23,310
218000192,413,170,243
218000193,710,310,400
218000194,291,265,26
218000195,200,31,169
218000196,547,201,346
218000197,753,223,530
218000198,195,81,114
218000199,60,16,44
218000200,17,58,-41
218000201,13,23,-10
218000202,72,804,-732
218000207,13,20,-7
218000208,58,167,-109
218000211,61,42,19
218000212,1,7,-6
218000213,222,121,101
218000214,5,15,-10
218000215,97,66,31
218000217,4,56,-52
218000218,144,43,101
218000219,1,278,-277
218000220,49,1534,-1485
218000221,779,388,391
218000222,2,239,-237
218000223,57,470,-413
218000224,13,181,-168
218000225,265,19,246
218000226,247,67,180
218000230,0,16,-16
218000232,107,43,64
218000239,144,18,126
218000240,3,13,-10
218000241,22,17,5
218000242,0,1,-1
218000243,7,14,-7
218000244,41,9,32
218000245,56,4,52
218000246,0,8,-8
218000247,0,0,0
218000248,0,27,-27
218000249,0,4,-4
218000250,0,8,-8
218000251,1,26,-25
218000252,0,207,-207
218000253,1,220,-219
218000254,0,66,-66
218000255,5,14,-9
218000256,4,66,-62
218000267,523,1326,-803
218000268,8,90,-82
218000269,5,85,-80
218000270,266,34,232
218000271,4,16,-12
218000273,60,0,60
218000274,7,1,6
218000275,78,86,-8
218000276,33,23,10
218000278,18,132,-114
218000279,109,68,41
218000280,3,32,-29
218000281,11,57,-46
218000282,708,1236,-528
218000284,82,11,71
218000301,70,90,-20
218000302,44,72,-28
218000303,13,117,-104
218000316,2022,1082,940
218000317,3256,1008,2248
218000318,1873,640,1233
218000319,2296,643,1653
218000320,1992,678,1314
218000338,11,248,-237
218000345,186,309,-123
218000346,24,372,-348
218000459,23,101,-78
218000490,19,73,-54
218000501,124,46,78
218000502,95,79,16
218000503,143,16,127
218000504,229,41,188
218000505,46,120,-74
218000506,30,455,-425
218000508,2,3,-1
218000510,68,5,63
218000520,148,102,46
218000521,28,46,-18
218000522,0,541,-541
218000523,143,2,141
218000524,1,399,-398
218000525,106,56,50
218000526,44,311,-267
218000529,96,114,-18
218000530,58,10,48
218000531,18,17,1
218000532,41,6,35
218000534,416,27,389
218000537,13,204,-191
218000538,58,437,-379
218000540,102,71,31
218000543,192,69,123
218000544,24,57,-33
218000545,176,149,27
218000546,53,72,-19
218000547,146,194,-48
218000548,132,190,-58
218000549,1174,99,1075
218000550,235,187,48
218000551,76,274,-198
218000552,386,200,186
218000553,10,288,-278
218000554,38,78,-40
218000555,34,49,-15
218000556,296,166,130
218000557,801,321,480
218000558,51,0,51
218000559,0,62,-62
218000560,0,17,-17
218000561,6,0,6
218000562,51,206,-155
218000563,198,65,133
218000564,6,208,-202
218000565,71,44,27
218000566,35,13,22
218000567,1,119,-118
218000568,0,0,0
218000569,2,266,-264
218000570,19,15,4
218000571,1,182,-181
218000572,166,11,155
218000573,7,143,-136
218000574,19,37,-18
218000575,107,0,107
218000576,2,70,-68
218000577,153,1,152
218000578,0,316,-316
218000579,35,15,20
218000581,2,90,-88
218000582,47,9,38
218000583,6,0,6
218000584,1,15,-14
218000585,19,9,10
218000586,22,32,-10
218000587,0,3,-3
218000588,0,18,-18
218000589,0,14,-14
218000590,7,3,4
218000591,4,11,-7
218000592,8,14,-6
218000593,3,1,2
218000594,0,0,0
218000597,0,0,0
218000598,0,5,-5
218000599,5,2,3
218000600,0,0,0
218000601,0,7,-7
218000602,0,4,-4
218000603,0,8,-8
218000604,2,0,2
218000605,0,114,-114
218000606,74,0,74
218000607,20,101,-81
218000608,72,27,45
218000609,10,81,-71
218000610,82,4,78
218000611,78,0,78
218000612,0,39,-39
218000613,34,0,34
218000614,2,52,-50
218000615,239,8,231
218000616,10,313,-303
218000617,7,3,4
218000618,1,24,-23
218000619,21,35,-14
218000620,29,95,-66
218000621,0,0,0
218000622,0,92,-92
218000623,31,0,31
218000624,1,173,-172
218000625,8,6,2
218000626,0,25,-25
218000628,321,361,-40
218000631,34,20,14
218000632,0,146,-146
218000633,119,2,117
218000634,2,17,-15
218000635,9,14,-5
218000636,1420,442,978
218000637,1792,470,1322
218000638,274,12,262
218000639,55,57,-2
218000640,499,19,480
218000641,193,126,67
218000652,57,22,35
218000653,334,45,289
218000663,21,63,-42
218000675,28,97,-69
218000676,0,16,-16
218000677,35,8,27
218000680,350,291,59
218000681,658,257,401
218000691,405,219,186
218000693,555,157,398
218000703,3,18,-15
218000718,9,158,-149
218000719,69,145,-76
218000720,6,259,-253
218000721,27,25,2
218000725,8,13,-5
218001147,1,77,-76
218001214,12,93,-81
218001258,381,0,381
218001329,172,192,-20
218001330,100,127,-27
218001351,40,11,29
218001352,21,29,-8
218001353,3,11,-8
218001354,21,33,-12
218001355,3,78,-75
218001356,807,128,679
218001357,4,73,-69
218001358,666,3,663
218001361,644,7,637
218001362,1,51,-50
219000001,34,31,3
219000002,54,89,-35
219000003,49,31,18
219000004,31,87,-56
219000017,110,326,-216
219000020,228,12,216
219000022,148,0,148
219000023,97,0,97
219000029,1,246,-245
219000034,96,60,36
219000039,39,358,-319
219000040,42,87,-45
219000041,187,79,108
219000051,0,339,-339
219000052,1,187,-186
219000053,4,80,-76
219000054,19,79,-60
219000055,446,1,445
219000056,2,0,2
219000057,52,0,52
219000062,4,318,-314
219000063,243,25,218
219000064,0,58,-58
219000110,234,174,60
219000111,93,40,53
219000112,268,27,241
219000113,388,75,313
219000114,215,37,178
219000116,258,56,202
219000117,148,46,102
219000118,155,64,91
219000123,236,104,132
219000124,95,23,72
219000125,37,3,34
219000126,63,199,-136
219000127,1,22,-21
219000128,45,186,-141
219000129,57,187,-130
219000130,203,869,-666
219000131,1199,1311,-112
219000133,42,81,-39
219000134,12,63,-51
219000135,11,105,-94
219000136,121,252,-131
219000138,129,18,111
219000139,103,10,93
219000140,114,1,113
219000141,61,55,6
219000142,4,38,-34
219000143,36,27,9
219000145,7,37,-30
219000146,4,26,-22
219000147,4,23,-19
219000148,0,27,-27
219000149,30,61,-31
219000150,1,60,-59
219000151,2,39,-37
219000157,300,158,142
219000158,247,315,-68
219000161,312,27,285
219000163,1262,383,879
219000166,159,183,-24
219000167,151,225,-74
219000168,258,196,62
219000174,873,192,681
219000175,305,13,292
219000176,281,27,254
219000177,119,2,117
219000178,104,0,104
219000179,113,26,87
219000180,114,20,94
219000182,238,4,234
219000183,155,25,130
219000184,153,3,150
219000185,0,50,-50
219000186,146,43,103
219000187,13,115,-102
219000189,81,211,-130
219000190,55,240,-185
219000191,166,2409,-2243
219000192,214,156,58
219000193,462,231,231
219000195,2,75,-73
219000196,8,113,-105
219000198,10,49,-39
219000199,41,93,-52
219000200,77,134,-57
219000201,65,139,-74
219000203,37,111,-74
219000204,95,398,-303
219000205,21,199,-178
219000207,107,173,-66
219000209,99,37,62
219000210,23,599,-576
219000213,7,337,-330
219000239,194,279,-85
219000240,127,571,-444
219000241,121,421,-300
219000242,62,315,-253
219000243,218,347,-129
219000244,12,164,-152
219000245,23,123,-100
219000246,38,36,2
219000247,262,75,187
219000248,755,786,-31
219000249,261,284,-23
219000250,304,149,155
219000251,851,384,467
219000252,355,175,180
219000253,276,62,214
219000255,181,127,54
219000256,480,76,404
219000257,182,0,182
219000262,60,111,-51
219000263,53,139,-86
219000267,21,78,-57
219000268,16,36,-20
219000269,5,6,-1
219000270,63,0,63
219000271,574,1,573
219000278,0,24,-24
219000279,1,29,-28
219000283,0,5,-5
219000295,10,70,-60
219000296,149,299,-150
219000297,34,54,-20
219000298,68,27,41
219000299,434,88,346
219000300,113,56,57
219000301,44,151,-107
219000302,47,98,-51
219000307,34,20,14
219000308,105,37,68
219000311,260,65,195
219000312,502,107,395
219000313,613,35,578
219000314,147,154,-7
219000315,525,38,487
219000316,1059,61,998
219000317,228,5,223
219000320,1,251,-250
219000321,0,46,-46
219000323,7,64,-57
219000325,5,16,-11
219000326,50,95,-45
219000327,11,33,-22
219000328,30,24,6
219000329,215,116,99
219000330,9,29,-20
219000331,57,85,-28
219000332,266,149,117
219000333,38,14,24
219000335,109,3,106
219000337,44,1,43
219000338,56,13,43
219000344,15,87,-72
219000345,82,12,70
219000346,43,8,35
219000348,204,67,137
219000349,103,124,-21
219000350,53,451,-398
219000351,1,12,-11
219000352,73,148,-75
219000353,240,91,149
219000354,396,105,291
219000355,212,71,141
219000356,501,2158,-1657
219000363,122,113,9
219000364,274,113,161
219000365,135,27,108
219000366,190,811,-621
219000368,459,696,-237
219000370,665,815,-150
219000371,18,9,9
219000382,4,29,-25
219000383,278,1729,-1451
219000385,207,1147,-940
219000386,790,2470,-1680
219000387,0,16,-16
219000390,11,9,2
219000391,3,2,1
219000397,37,30,7
219000398,43,51,-8
219000401,9,116,-107
219000402,8,39,-31
219000403,23,174,-151
219000404,52,94,-42
219000407,16,25,-9
219000409,118,53,65
219000410,215,23,192
219000411,133,21,112
219000446,146,440,-294
219000447,25,12,13
219000448,5,4,1
219000452,178,92,86
219000453,55,411,-356
219000454,252,523,-271
219000556,433,138,295
219000558,66,245,-179
219000590,46,246,-200
219000591,269,111,158
219000592,35,289,-254
219000595,7,11,-4
219000635,374,67,307
219000636,171,65,106
219000657,55,12,43
219000658,1,153,-152
219000673,0,52,-52
219000676,21,19,2
219000679,29,47,-18
219000684,109,2,107
219000685,1,31,-30
219000686,0,12,-12
219000688,0,53,-53
219000689,5,135,-130
219000690,210,7,203
219000691,29,139,-110
219000692,214,15,199
219000693,13,28,-15
219000694,16,0,16
219000695,103,0,103
219000698,12,1,11
219000699,1,189,-188
219000727,1,195,-194
219000728,189,1,188
219000770,28,0,28
219000771,1,92,-91
219000788,259,393,-134
219001150,0,47,-47
219001151,0,2,-2
219001166,49,58,-9
219001167,12,79,-67
219001178,55,1,54
220000001,29,273,-244
220000002,13,203,-190
220000003,342,209,133
220000004,477,781,-304
220000005,492,2246,-1754
220000006,171,793,-622
220000007,487,184,303
220000008,384,583,-199
220000009,273,391,-118
220000010,72,79,-7
220000011,464,4562,-4098
220000012,47,555,-508
220000014,151,163,-12
220000015,67,700,-633
220000017,46,524,-478
220000018,10549,3406,7143
220000019,278,931,-653
220000020,721,249,472
220000021,1492,398,1094
220000022,1711,414,1297
220000023,397,241,156
220000024,1058,820,238
220000025,793,2354,-1561
220000026,396,1082,-686
220000027,14,368,-354
220000028,74,229,-155
220000029,46,84,-38
220000030,78,200,-122
220000031,815,857,-42
220000064,71,2534,-2463
221000046,1,0,1
221000047,0,0,0
221000048,0,6,-6
221000049,0,4,-4
221000050,12,0,12
221000055,56,91,-35
221000057,103,4,99
221000068,224,82,142
221000069,359,54,305
221000070,332,20,312
221000071,142,2,140
221000072,431,6,425
221000073,277,28,249
221000074,1,13,-12
221000075,13,67,-54
221000076,17,27,-10
221000077,10,51,-41
221000081,30,13,17
221000082,86,2,84
221000083,19,9,10
221000084,1,4,-3
221000085,27,75,-48
221000086,5,76,-71
221000087,4,108,-104
221000088,5,209,-204
221000089,21,275,-254
221000090,38,422,-384
221000098,171,28,143
221000099,362,11,351
221000100,252,3,249
221000101,242,15,227
221000102,137,22,115
221000109,6,67,-61
221000110,3,31,-28
221000111,5,111,-106
221000112,1,99,-98
221000113,4,124,-120
221000114,2,156,-154
221000120,14,154,-140
221000121,4,44,-40
221000122,24,39,-15
221000123,11,57,-46
221000124,20,57,-37
221000155,134,95,39
221000156,166,90,76
221000175,6,26,-20
221000176,0,12,-12
221000182,56,7,49
221000241,525,308,217
221000242,84,238,-154
221000243,669,256,413
221000244,211,650,-439
221000245,270,268,2
221000246,52,473,-421
221000247,200,212,-12
221000248,133,214,-81
221000267,27,685,-658
221000325,55,106,-51
221000331,1,81,-80
221000338,9,78,-69
221000378,460,77,383
221000381,46,83,-37
222000282,2,4,-2
222000296,1,56,-55
222000568,459,14,445
222000569,157,41,116
222000570,281,20,261
222000571,399,35,364
222000577,8,55,-47
222000578,2,124,-122
222000579,7,83,-76
222000580,23,649,-626
222000599,0,50,-50
222000600,0,97,-97
222000601,4,575,-571
222000603,7,228,-221
222000604,1,243,-242
222000605,5,53,-48
222000606,3,53,-50
222000607,9,13,-4
222000608,11,21,-10
222000609,60,104,-44
222000616,625,143,482
222000617,21,99,-78
222000618,0,25,-25
222000620,85,58,27
222000621,27,54,-27
222000623,931,8,923
222000624,564,6,558
222000625,1511,2,1509
222000636,37,9,28
222000686,42,54,-12
222000687,37,77,-40
222001066,435,0,435
222001067,49,1,48
222001068,215,20,195
222001069,154,16,138
222001082,17,5,12
222001083,74,6,68
222001084,0,64,-64
222001085,0,154,-154
222001111,98,64,34
222001112,288,9,279
222001313,5,38,-33
222001314,0,98,-98
222001464,488,127,361
222001465,39,159,-120
222001484,405,196,209
222001485,65,71,-6
222001494,872,333,539
222001495,177,147,30
222001496,638,137,501
222001497,159,246,-87
222001502,26,29,-3
222001503,274,35,239
222001504,29,134,-105
222001505,517,15,502
222001506,12,166,-154
222001507,275,8,267
222001510,1019,13,1006
222001511,79,183,-104
222001514,941,70,871
222001515,42,306,-264
222001518,550,10,540
222001519,39,51,-12
222001527,185,28,157
222001528,22,158,-136
222001529,512,14,498
222001530,62,51,11
222001533,92,97,-5
222001534,596,48,548
222001535,570,301,269
222001536,71,118,-47
222001537,447,25,422
222001538,45,299,-254
222001563,1449,53,1396
222001564,78,278,-200
222001568,212,233,-21
222001576,1,5,-4
222001579,0,15,-15
222001583,67,86,-19
222001584,182,93,89
222001596,449,931,-482
222001597,1619,301,1318
222001626,0,33,-33
222001650,4,137,-133
222001651,11,331,-320
222001914,252,15,237
222001915,29,157,-128
222001968,835,303,532
222001969,322,373,-51
222001970,98,421,-323
222001971,82,4,78
222001972,15,1,14
225000001,685,178,507
225000002,1345,255,1090
225000003,1231,91,1140
225000004,830,230,600
225000005,63,62,1
225000006,0,472,-472
225000007,2651,1628,1023
225000010,644,7,637
225000011,380,2647,-2267
225000012,419,1058,-639
225000013,159,222,-63
225000014,1120,423,697
225000015,231,237,-6
225000021,1159,210,949
225000027,472,607,-135
225000032,939,127,812
225000042,149,603,-454
225000049,136,67,69
225000050,239,42,197
225000053,0,334,-334
225000058,1058,328,730
225000067,445,168,277
225000068,186,740,-554
225000069,91,668,-577
225000070,161,445,-284
225000071,76,120,-44
225000075,84,2969,-2885
225000076,64,342,-278
225000078,121,157,-36
225000085,254,64,190
225000086,669,75,594
225000087,242,5,237
225000088,52,324,-272
225000089,100,637,-537
225000090,57,1065,-1008
225000091,99,194,-95
225000092,100,187,-87
225000093,533,236,297
225000094,14,186,-172
225000095,451,373,78
225000096,98,401,-303
225000098,1103,253,850
225000099,790,200,590
225000100,1014,235,779
225000104,170,592,-422
225000110,28,402,-374
225000111,414,636,-222
225000112,749,1221,-472
225000113,369,2548,-2179
225000114,226,907,-681
225000115,2166,751,1415
225000116,468,291,177
225000117,914,401,513
225000118,1873,354,1519
225000119,527,165,362
225000120,1393,37,1356
225000121,300,22,278
225000123,830,46,784
225000125,960,362,598
225000126,1424,566,858
225000127,705,3858,-3153
225000128,582,1506,-924
225000132,840,31,809
225000133,511,32,479
225000134,1171,145,1026
225000135,179,7,172
225000136,1015,24,991
225000137,625,155,470
225000138,965,244,721
225000143,237,317,-80
225000144,28,373,-345
225000145,66,57,9
225000146,186,75,111
225000147,86,136,-50
225000148,2,59,-57
225000149,122,178,-56
225000151,63,158,-95
225000155,249,296,-47
225000156,340,1322,-982
225000157,987,627,360
225000158,59,272,-213
225000171,2,198,-196
225000180,23,0,23
225000181,0,185,-185
225000182,79,27,52
225000185,12,455,-443
225000187,145,293,-148
225000191,90,0,90
225000194,0,41,-41
225000208,0,92,-92
225000209,155,9,146
225000210,7,349,-342
225000217,0,23,-23
225000218,36,2,34
225000223,1,958,-957
225000224,227,12,215
225000225,1,728,-727
225000226,11,9,2
225000227,333,565,-232
225000228,2,33,-31
225000229,0,84,-84
225000230,22,0,22
225000231,0,67,-67
225000232,235,1,234
225000241,120,0,120
225000242,0,101,-101
225000249,6,1,5
225000250,44,436,-392
225000251,824,259,565
226000042,377,521,-144
226000043,33,432,-399
226000044,230,1047,-817
226000045,131,586,-455
226000046,953,311,642
226000047,900,327,573
226000048,737,170,567
226000049,692,488,204
226000070,0,18,-18
226000071,2,133,-131
226000072,1,107,-106
226000073,0,8,-8
226000074,0,49,-49
226000084,1,43,-42
226000085,1,131,-130
226000086,0,73,-73
226000087,0,74,-74
226000088,2,52,-50
226000090,78,486,-408
226000091,8,156,-148
226000092,0,35,-35
226000093,36,0,36
226000094,6,2,4
226000095,31,21,10
226000105,26,4,22
226000106,25,2,23
226000107,15,0,15
226000108,26,0,26
226000109,293,1,292
226000124,216,199,17
226000134,1300,735,565
226000135,2542,792,1750
226000136,1101,682,419
226000137,5,233,-228
226000138,34,150,-116
226000139,5,81,-76
226000156,651,11,640
226000157,581,24,557
226000163,75,373,-298
226000202,14,203,-189
226000231,1667,7,1660
226000232,99,6,93
227000033,655,38,617
227000036,1090,36,1054
227000037,932,9,923
227000038,328,33,295
227000049,2,222,-220
227000050,13,270,-257
227000055,80,0,80
227000056,16,1,15
227000084,24,180,-156
227000085,1,207,-206
227000088,31,2,29
227000089,40,0,40
227000090,8,2,6
227000091,42,3,39
227000093,108,1,107
227000094,10,1,9
227000130,159,301,-142
227000131,87,193,-106
227000132,68,117,-49
227000133,42,98,-56
227000134,95,191,-96
227000152,0,48,-48
227000153,0,302,-302
227000155,4,48,-44
227000156,2,28,-26
227000165,1,159,-158
227000196,892,93,799
227000199,823,273,550
227000230,68,252,-184
227000232,1327,45,1282
227000242,65,543,-478
227000243,352,33,319
227000245,42,249,-207
227000246,102,281,-179
227000247,814,39,775
227000248,236,141,95
227000249,26,544,-518
227000250,769,619,150
227000251,217,1043,-826
227000252,56,205,-149
227000253,350,59,291
227000262,894,35,859
227000266,2383,29,2354
227000267,7,1053,-1046
227000282,10,167,-157
227000284,1176,18,1158
227000286,12,77,-65
227000287,28,31,-3
227000291,3,480,-477
227000484,369,3,366
227000485,8,703,-695
227000655,404,1,403
227000656,851,18,833
227000657,341,13,328
227000661,1407,45,1362
227000680,142,150,-8
229000265,40,14,26
229000296,2,22,-20
229000297,1,24,-23
229000298,0,75,-75
229000320,21,5,16
229000321,31,1,30
229000412,6,98,-92
229000414,6,44,-38
229000415,13,6,7
229000416,2,0,2
229000417,2,0,2
229000419,76,152,-76
229000440,225,114,111
229000442,36,9,27
229000443,4,21,-17
229000444,1,79,-78
229000445,115,10,105
229000446,51,34,17
229000491,2,7,-5
229000492,8,35,-27
229000493,1,43,-42
229000494,79,2,77
229000495,135,3,132
229000496,73,9,64
229000507,0,24,-24
229000508,1,38,-37
229000509,0,41,-41
229000510,2,50,-48
229000511,10,13,-3
229000512,0,18,-18
229000513,0,2,-2
229000514,0,7,-7
229000517,3,0,3
229000518,17,7,10
229000519,0,4,-4
229000520,14,15,-1
229000521,65,9,56
229000522,4,3,1
229000523,6,5,1
229000524,3,6,-3
229000527,1,0,1
229000528,3,0,3
229000529,23,0,23
229000530,28,2,26
229000531,49,6,43
229000532,5,2,3
229000533,42,0,42
229000534,12,0,12
229000564,66,1,65
229000565,25,1,24
229000566,1,5,-4
229000567,0,4,-4
229000582,31,12,19
229000583,1,15,-14
229000584,1,3,-2
229000585,1,36,-35
229000718,0,2,-2
229000719,0,2,-2
229000720,0,22,-22
229000721,0,10,-10
229000722,0,8,-8
229000723,0,10,-10
229000724,0,1,-1
229000725,0,1,-1
229000738,0,0,0
229000739,0,0,0
229000740,0,0,0
229000741,40,0,40
229000742,23,0,23
229000743,17,0,17
229000744,1,0,1
229000745,3,0,3
229000746,14,0,14
229000847,118,1,117
229000848,80,1,79
229000849,204,2,202
229000851,84,0,84
229000854,0,40,-40
229000856,3,105,-102
229000857,0,34,-34
229000858,0,82,-82
229000919,1,51,-50
229000930,9,170,-161
229000937,128,6,122
229000966,90,11,79
229000981,34,15,19
229000985,10,6,4
229000986,0,1,-1
229000987,0,11,-11
229000988,2,37,-35
229000989,6,36,-30
229000990,0,3,-3
229000991,0,2,-2
229000992,11,1,10
229000993,254,6,248
229000998,3,29,-26
229000999,111,1,110
229001034,0,19,-19
229001035,7,0,7
229001037,53,0,53
229001042,51,7,44
229001047,0,42,-42
229001050,73,16,57
229001168,0,22,-22
229001200,30,1,29
229001338,1,13,-12
229001394,242,2,240
229001422,186,24,162
229001423,8,112,-104
229001431,61,38,23
229001432,17,161,-144
229001444,204,40,164
229001445,89,82,7
229001479,49,1,48
229001503,327,80,247
229001504,147,131,16
229001505,128,49,79
229001506,97,147,-50
229001509,29,5,24
229001545,158,8,150
229001546,7,62,-55
229001553,153,3,150
229001554,12,94,-82
229001559,6,5,1
229001560,2,37,-35
229001630,85,4,81
229001631,3,6,-3
229001635,0,72,-72
229001636,1,0,1
229001658,1,60,-59
229001659,81,0,81
229001660,1,50,-49
229001661,1,40,-39
229001662,41,0,41
229001663,1,137,-136
229002584,190,192,-2
229002831,84,63,21
229002841,3,40,-37
229002842,36,49,-13
229002843,31,38,-7
229002844,26,89,-63
229002845,10,106,-96
229002846,9,18,-9
229002847,1,18,-17
229002848,7,73,-66
229002849,4,35,-31
229002850,5,1,4
229002851,17,138,-121
229002852,139,47,92
229002853,102,94,8
229002854,34,68,-34
229002855,24,145,-121
229002856,46,44,2
229002857,21,138,-117
229002858,16,7,9
229002859,9,117,-108
229002860,36,45,-9
229002861,23,42,-19
229002862,5,50,-45
229002863,22,21,1
229002864,29,51,-22
229002865,1,16,-15
229002866,7,28,-21
229002867,2,24,-22
229002868,36,13,23
229002869,21,75,-54
229002870,44,76,-32
235000066,210,88,122
235000067,125,132,-7
235000072,24,63,-39
235000073,67,406,-339
235000074,90,58,32
235000080,5,62,-57
235000081,190,146,44
235000082,404,23,381
235000083,431,72,359
235000084,49,62,-13
235000085,336,94,242
235000089,70,61,9
235000092,44,142,-98
235000093,5,8,-3
235000097,7,1,6
235000098,123,3,120
235000099,28,92,-64
235000116,20,20,0
235000117,773,20,753
235000133,35,900,-865
235000134,14,216,-202
235000206,10,10,0
235000207,1,3,-2
235000208,0,1,-1
235000209,5,4,1
235000210,7,0,7
235000212,0,13,-13
235000213,1,10,-9
235000220,0,7,-7
235000221,13,134,-121
235000238,18,486,-468
235000239,0,151,-151
235000242,371,1009,-638
235000245,442,247,195
235000246,19,75,-56
235000284,19,120,-101
235000295,149,34,115
235000305,306,41,265
235000306,392,23,369
235000307,41,1,40
235000308,47,0,47
235000309,116,0,116
235000310,74,0,74
235000311,110,151,-41
235000322,0,53,-53
235000323,2,24,-22
235000324,0,36,-36
235000325,22,17,5
235000326,9,25,-16
235000351,2,87,-85
235000352,5,54,-49
235000353,3,46,-43
235000354,4,15,-11
235000355,15,32,-17
235000356,64,1,63
235000357,60,5,55
235000358,48,2,46
235000359,15,4,11
235000360,32,6,26
235000361,130,9,121
235000381,154,67,87
235000382,226,141,85
235000390,3,2,1
235000391,173,22,151
235000392,249,274,-25
235000393,142,160,-18
235000395,139,72,67
235000396,535,101,434
235000400,48,266,-218
235000401,7,232,-225
235000405,118,94,24
235000406,45,105,-60
235000407,97,57,40
235000409,203,104,99
235000410,43,187,-144
235000411,1,67,-66
235000485,0,24,-24
235000486,1,0,1
235000549,117,130,-13
235000550,140,208,-68
235000599,267,70,197
235000600,9,20,-11
235000601,10,24,-14
235000602,150,76,74
235000614,0,18,-18
235000648,0,11,-11
235000649,61,2,59
235000685,0,10,-10
235000815,4,38,-34
235000834,0,29,-29
235000855,56,44,12
235000862,19,46,-27
235000891,0,68,-68
235000892,7,1,6
235000901,73,42,31
235000907,0,11,-11
235001010,145,42,103
235001029,176,236,-60
235001030,306,154,152
235001078,127,149,-22
235001079,97,55,42
235001147,12,100,-88
235001166,11,95,-84
235001167,129,18,111
235001169,88,233,-145
235001188,0,14,-14
235001189,0,4,-4
235001197,3,32,-29
235001200,77,64,13
235001207,633,89,544
235001210,134,214,-80
235001215,37,167,-130
235001239,0,42,-42
235001244,0,38,-38
235016267,0,369,-369
277101746,0,1,-1
277102712,10,0,10
277103813,1,0,1
277103814,0,0,0
277103898,0,0,0
277104249,0,6,-6
277104250,0,34,-34
277104251,0,9,-9
277104252,0,2,-2
990011530,0,594,-594
990014944,2,190,-188
990015176,231,1,230
990015618,1,151,-150
990016032,0,240,-240
990032570,0,24,-24
990070001,52,3,49
990070103,0,2,-2
990070601,0,17,-17
990070751,3175,3,3172
990070766,0,131,-131
990071180,875,416,459
990071343,53,1,52
990071387,0,17,-17
990071823,583,4,579
990072600,3,748,-745
990072964,0,130,-130
990073285,0,0,0
990074393,1,547,-546
990074870,2651,12,2639
990075106,797,3,794
990075746,952,7,945
990076437,5687,3,5684
990076458,0,522,-522
997000007,590,46,544
997000041,1,260,-259
997000058,62,0,62
997000062,31,20,11
997000069,0,10,-10
997000070,0,11,-11
997000100,154,0,154
997000141,0,190,-190
997000198,18,256,-238
998000475,0,1,-1
998000736,1,91,-90
998000965,0,38,-38
998001031,0,48,-48
998001700,0,65,-65
998001899,0,0,0
998001900,6,1,5
998003073,1172,43,1129
998101900,0,0,0
998102850,1,108,-107
998501927,519,1275,-756
998501929,240,50,190
998501930,90,0,90
998501931,220,2,218
998501932,20,0,20
998501933,57,0,57
998501937,66,64,2
998501944,9,1,8
998501950,0,14,-14
998501970,256,6,250
998501971,0,69,-69
998501973,0,6,-6
998501974,0,134,-134
998501975,167,7,160
998501976,782,3,779
998501977,7,42,-35
998501978,28,26,2
998501979,0,6,-6
998501980,397,14,383
998501981,128,0,128
998501982,0,168,-168
998501983,0,3,-3
998502024,0,49,-49
998502032,1,2,-1
998502062,11,2,9
998502063,0,0,0
998502173,62,0,62
998502269,0,2,-2
998502546,0,635,-635
998502578,3,0,3
998502599,20,313,-293
998601159,1,39,-38
998601292,0,18,-18
999033574,0,216,-216
999800001,37,11,26
999800002,0,4,-4
999800003,1,0,1
999800004,0,3,-3
999800005,0,52,-52
