ID,insum,outsum,diff
100000001,560,789,-229
100000002,4245,1971,2274
100000003,5640,3654,1986
100000004,1250,1009,241
100000005,2305,4135,-1830
100000006,1518,161,1357
100000007,2141,829,1312
100000008,749,672,77
100000009,1013,255,758
100000010,310,108,202
100000011,1767,166,1601
100000012,199,1135,-936
100000013,931,314,617
100000014,1153,374,779
100000015,1628,2536,-908
100000016,1267,1325,-58
100000017,1132,879,253
100000018,2313,699,1614
100000019,5008,2180,2828
100000020,2037,7214,-5177
100000021,5247,2525,2722
100000022,1859,2364,-505
100000023,5140,1631,3509
100000025,1806,1047,759
100000028,1807,993,814
100000029,246,275,-29
100000030,339,67,272
100000031,4819,6966,-2147
100000032,3126,3257,-131
100000033,1016,2373,-1357
100000034,466,477,-11
100000035,2003,1597,406
100000036,2600,1504,1096
100000037,762,479,283
100000038,2081,950,1131
100000039,700,255,445
100000040,237,139,98
100000041,1186,542,644
100000042,1919,629,1290
100000043,1662,537,1125
100000044,570,975,-405
100000045,849,1994,-1145
100000046,878,939,-61
100000047,379,684,-305
100000048,738,586,152
100000049,1707,2045,-338
100000051,587,1075,-488
100000053,437,12,425
100000054,1011,38,973
100000055,2149,401,1748
100000056,703,487,216
100000057,1909,666,1243
100000058,1057,1246,-189
100000059,29,128,-99
100000060,404,336,68
100000061,2135,486,1649
100000062,2703,519,2184
100000063,765,293,472
100000064,1659,503,1156
100000065,573,1034,-461
100000066,188,758,-570
100000067,659,753,-94
100000068,608,1831,-1223
100000069,404,1633,-1229
100000072,418,957,-539
100000073,1133,1153,-20
100000075,708,317,391
100000076,3146,2760,386
100000077,411,178,233
100000078,38,26,12
100000079,28,45,-17
100000080,39,72,-33
100000081,144,209,-65
100000102,2632,1983,649
100000103,5308,1977,3331
100000104,4834,2939,1895
100000105,3688,1557,2131
100000106,2547,2026,521
100000107,775,1003,-228
100000108,683,996,-313
100000109,3208,1368,1840
100000116,1524,933,591
100000117,86,91,-5
100000118,1918,1274,644
100000119,586,866,-280
100000121,382,471,-89
100000122,775,1024,-249
100000123,3204,3975,-771
100000124,6304,5968,336
100000125,3311,1152,2159
100000126,902,309,593
100000127,1624,442,1182
100000128,2226,2079,147
100000129,458,492,-34
100000130,453,492,-39
100000131,2638,2720,-82
100000132,1277,2575,-1298
100000133,5975,2376,3599
100000135,631,1092,-461
100000139,527,371,156
100000140,448,348,100
100000142,514,698,-184
100000143,1455,658,797
100000144,3868,1087,2781
100000147,1130,2762,-1632
100000150,56,427,-371
100000151,1107,969,138
100000153,233,380,-147
100000154,107,130,-23
100000155,22,41,-19
100000156,512,497,15
100000157,204,158,46
100000158,297,118,179
100000159,459,566,-107
100000165,2059,906,1153
100000169,413,669,-256
100000174,889,652,237
100000179,106,559,-453
100000180,2591,1692,899
100000181,932,232,700
100000188,108,228,-120
100000189,1067,392,675
100000190,974,954,20
100000191,770,552,218
100000192,51,149,-98
100000193,321,180,141
100000330,1512,829,683
100000355,379,727,-348
100000362,5586,3340,2246
100000363,3866,5048,-1182
100000364,348,291,57
100000365,5742,6387,-645
100000366,7888,3331,4557
100000367,5939,5854,85
100000368,3431,1607,1824
100000369,1292,1815,-523
100000370,329,858,-529
100000376,149,147,2
100000379,2386,1477,909
100000380,4992,3396,1596
100000384,5332,4395,937
100000385,4328,3862,466
100000386,8521,4559,3962
100000387,5354,4990,364
100000388,7854,5973,1881
100000389,7235,5769,1466
100000390,8255,6070,2185
100000391,6487,6677,-190
100000392,4494,4063,431
100000393,3362,4403,-1041
100000394,8922,7986,936
100000395,5880,4279,1601
100000396,9685,4207,5478
100000397,6385,6419,-34
100000398,11867,8766,3101
100000413,25,15,10
100900002,7,37,-30
100900003,264,167,97
100900004,34,612,-578
100900005,116,17,99
100900006,18,114,-96
100900007,400,8,392
100900008,1,338,-337
100900009,107,170,-63
100900010,76,85,-9
100900011,105,181,-76
100900012,0,242,-242
100900013,752,9,743
100900014,3,10,-7
100900015,99,78,21
100900016,0,75,-75
100900017,623,78,545
100900018,3,26,-23
100900019,28,98,-70
100900020,395,11,384
100900021,155,0,155
100900022,9,65,-56
100900023,0,46,-46
100900024,705,4,701
100900025,10,5,5
100900026,95,88,7
100900027,518,2300,-1782
100900028,107,184,-77
100900029,43,10,33
100900030,3,50,-47
100900031,586,59,527
100900032,100,0,100
100900033,281,172,109
100900034,632,3,629
100900035,527,0,527
100900036,20,0,20
100900037,83,182,-99
100900038,92,53,39
100900039,298,742,-444
100900040,1733,721,1012
100900041,580,594,-14
100900042,1442,787,655
100900043,0,17,-17
100900044,1979,538,1441
100900045,80,0,80
100900046,418,8,410
100900047,646,269,377
100900048,109,57,52
100900049,124,156,-32
100900050,2,13,-11
100900051,61,74,-13
100900052,310,43,267
100900053,358,65,293
100900054,8,95,-87
100900055,215,604,-389
100900056,189,238,-49
100900057,605,1159,-554
100900058,224,56,168
100900059,109,5,104
100900060,141,14,127
100900061,384,201,183
100900062,5,52,-47
100900063,184,548,-364
100900064,340,21,319
100900065,85,104,-19
100900066,142,180,-38
100900067,1,12,-11
100900068,211,64,147
100900069,498,14,484
100900070,325,7,318
100900071,718,238,480
100900072,2,48,-46
100900073,162,382,-220
100900074,11,7,4
100900075,1358,339,1019
100900076,20,31,-11
100900077,32,98,-66
100900078,85,284,-199
100900079,5,30,-25
100900080,34,160,-126
100900081,37,121,-84
100900082,128,563,-435
100900083,9,25,-16
100900085,11,192,-181
100900086,179,730,-551
100900088,122,560,-438
100900089,0,28,-28
100900090,124,416,-292
100900091,0,18,-18
100900092,244,190,54
100900093,244,247,-3
100900094,96,476,-380
100900095,4,27,-23
100900096,48,86,-38
100900097,3,3,0
100900098,38,31,7
100900099,31,447,-416
100900100,12,524,-512
100900101,328,57,271
100900102,402,125,277
100900103,16,26,-10
100900104,5,144,-139
100900105,33,453,-420
100900106,67,1,66
100900107,1630,670,960
100900108,9,30,-21
100900109,19,34,-15
100900110,5,31,-26
100900111,61,172,-111
100900112,4,13,-9
100900113,17,24,-7
100900114,20,23,-3
100900115,2,33,-31
100900116,729,617,112
100900117,284,682,-398
100900118,20,36,-16
100900119,21,18,3
100900120,7,4,3
100900121,274,569,-295
100900122,265,256,9
100900123,64,236,-172
100900124,30,11,19
100900125,10,70,-60
100900126,160,867,-707
100900127,3,8,-5
100900128,75,132,-57
100900129,0,193,-193
100900131,80,248,-168
100900133,54,69,-15
100900134,10,11,-1
100900135,0,142,-142
100900137,359,170,189
100900138,642,554,88
100900139,8,11,-3
100900140,2,441,-439
100900141,1,394,-393
100900142,2,6,-4
100900143,1291,392,899
100900144,37,6,31
100900145,712,259,453
100900146,2,4,-2
100900147,22,322,-300
100900148,37,636,-599
100900149,54,199,-145
100900150,0,4,-4
100900151,125,467,-342
100900152,120,6,114
100900153,7,170,-163
100900154,9,103,-94
100900155,11,22,-11
100900156,22,5,17
100900157,8,182,-174
100900159,1,28,-27
100900160,16,9,7
100900161,67,3,64
100900162,17,288,-271
100900163,233,250,-17
100900164,49,83,-34
100900165,5,28,-23
100900166,17,11,6
100900167,10,72,-62
100900168,44,114,-70
100900169,132,752,-620
100900170,58,10,48
100900171,24,495,-471
100900172,1,24,-23
100900173,14,339,-325
100900174,428,39,389
100900176,1344,182,1162
100900177,564,230,334
100900178,251,156,95
100900179,184,336,-152
100900180,32,4,28
100900181,103,108,-5
100900182,32,15,17
100900184,18,151,-133
100900186,780,428,352
100900187,16,113,-97
100900188,16,6,10
100900189,953,215,738
100900191,1053,905,148
100900192,305,351,-46
100900195,91,146,-55
100900197,29,60,-31
100900198,21,179,-158
100900199,9,19,-10
100900200,558,452,106
100900201,78,560,-482
100900202,105,0,105
100900203,1,205,-204
100900204,456,719,-263
100900205,141,556,-415
100900206,196,34,162
100900207,223,155,68
100900210,104,490,-386
100900211,483,127,356
100900213,139,60,79
100900214,735,161,574
100900215,9,38,-29
100900217,170,94,76
101000001,3835,2253,1582
101000002,4632,4728,-96
101000003,571,1563,-992
101000004,8096,6498,1598
101000005,3791,4178,-387
101000006,6498,6151,347
101000007,2931,3186,-255
101000008,3519,2660,859
101000009,2096,1497,599
101000010,908,1235,-327
101000011,1519,524,995
101000012,1852,893,959
101000013,649,1172,-523
101000014,514,709,-195
101000015,1088,836,252
101000016,291,396,-105
101000017,671,493,178
101000018,4126,2454,1672
101000020,4430,1158,3272
101000021,858,368,490
101000022,108,56,52
101000023,1662,665,997
101000025,266,391,-125
101000026,344,12,332
101000027,2041,2062,-21
101000028,1138,256,882
101000029,223,1937,-1714
101000030,2210,132,2078
101000031,1082,532,550
101000032,9446,4570,4876
101000033,2824,3576,-752
101000034,2574,1686,888
101000035,904,528,376
101000036,2214,1096,1118
101000037,3760,1855,1905
101000039,3136,2382,754
101000040,3970,3600,370
101000041,11604,7645,3959
101000042,609,1249,-640
101000043,8929,6558,2371
101000045,2009,1046,963
101000046,4481,1668,2813
101000047,2466,3250,-784
101000048,829,633,196
101000049,900,1924,-1024
101000050,2020,1712,308
101000051,2348,2554,-206
101000052,1633,930,703
101000053,1339,1840,-501
101000054,1877,1397,480
101000055,1351,1216,135
101000056,47,107,-60
101000057,2711,1150,1561
101000058,1520,1177,343
101000059,2783,2047,736
101000060,2105,585,1520
101000061,925,1412,-487
101000062,895,843,52
101000063,726,998,-272
101000064,1490,1130,360
101000065,446,420,26
101000066,1084,883,201
101000067,1391,1034,357
101000068,355,481,-126
101000069,372,103,269
101000070,1582,1110,472
101000071,2281,1006,1275
101000072,915,2925,-2010
101000073,1058,956,102
101000074,7286,3596,3690
101000075,5635,5120,515
101000077,1502,1132,370
101000078,1007,2029,-1022
101000079,888,468,420
101000080,767,483,284
101000081,1918,1551,367
101000082,3496,3359,137
101000083,2697,2343,354
101000084,1399,988,411
101000085,1415,1233,182
101000086,1132,1102,30
101000087,918,1126,-208
101000088,1089,1148,-59
101000089,965,1501,-536
101000090,2214,1243,971
101000091,533,987,-454
101000092,875,1080,-205
101000093,1492,836,656
101000094,856,932,-76
101000095,457,624,-167
101000096,422,607,-185
101000097,426,449,-23
101000098,466,507,-41
101000099,1197,1112,85
101000100,998,795,203
101000101,303,363,-60
101000102,885,526,359
101000103,896,566,330
101000104,373,550,-177
101000105,835,494,341
101000106,1206,857,349
101000107,253,287,-34
101000108,754,294,460
101000109,276,88,188
101000110,31,500,-469
101000111,161,307,-146
101000113,179,550,-371
101000114,9104,5790,3314
101000115,339,251,88
101000116,399,259,140
101000117,1581,512,1069
101000119,69,65,4
101000120,131,37,94
101000121,99,58,41
101000122,138,114,24
101000123,85,109,-24
101000124,718,243,475
101000125,342,525,-183
101000128,453,317,136
101000130,281,342,-61
101000131,723,609,114
101000132,548,1004,-456
101000135,90,44,46
101000136,559,195,364
101000137,56,325,-269
101000141,1552,2759,-1207
101000147,963,523,440
101000148,1390,27,1363
101000149,540,540,0
101000150,79,703,-624
101000151,239,40,199
101000152,320,292,28
101000153,646,316,330
101000154,262,1076,-814
101000155,222,133,89
101000156,21,303,-282
101000157,50,23,27
101000160,103,83,20
101000163,267,327,-60
101000164,520,342,178
101000165,274,426,-152
101000166,244,343,-99
101000168,865,437,428
101000252,1766,980,786
101000254,535,111,424
101000258,34,10,24
101000261,196,41,155
101000262,1066,1888,-822
101000263,303,953,-650
101000265,93,844,-751
101000266,432,397,35
101000269,36,9,27
101000290,1412,3261,-1849
101000293,16,102,-86
101000294,674,460,214
101000295,164,531,-367
101000301,1030,487,543
101000304,1875,2632,-757
101000305,3269,1336,1933
101000328,151,354,-203
101900001,47,113,-66
101900002,0,16,-16
101900003,97,88,9
101900004,8,60,-52
101900005,3639,1784,1855
101900006,960,37,923
101900007,820,196,624
101900008,87,329,-242
101900009,41,380,-339
101900010,1143,785,358
101900011,244,1213,-969
101900012,194,298,-104
101900013,1124,235,889
101900017,33,167,-134
101900018,1075,233,842
101900019,280,178,102
101900020,169,89,80
101900021,1,44,-43
101900022,269,1006,-737
101900023,196,222,-26
101900026,110,36,74
101900027,24,125,-101
102000001,2355,3824,-1469
102000002,3408,1291,2117
102000003,3829,6618,-2789
102000004,7590,3122,4468
102000005,1217,1857,-640
102000006,1362,1797,-435
102000007,1679,4024,-2345
102000008,4447,1506,2941
102000009,5900,7205,-1305
102000010,6009,3167,2842
102000011,3175,2419,756
102000012,3366,3066,300
102000018,3074,2649,425
102000019,2514,1387,1127
102000026,162,492,-330
102000029,284,257,27
102000030,113,340,-227
102000031,82,189,-107
102000032,358,291,67
102000033,248,371,-123
102000034,430,338,92
102000035,1083,629,454
102000036,25,237,-212
102000037,147,84,63
102000038,141,319,-178
102000039,235,68,167
102000040,543,239,304
102000041,211,352,-141
102000042,214,237,-23
102000043,393,177,216
102000044,239,369,-130
102000045,955,895,60
102000046,966,619,347
102000047,700,1013,-313
102000048,321,747,-426
102000049,1029,758,271
102000050,1096,1203,-107
102000051,397,627,-230
102000052,1312,841,471
102000053,817,890,-73
102000054,651,931,-280
102000055,1097,751,346
102000056,658,1192,-534
102000057,1435,595,840
102000058,1129,1573,-444
102000059,1635,1428,207
102000060,1286,1119,167
102000061,1642,2028,-386
102000062,1499,1188,311
102000063,1168,1389,-221
102000064,788,938,-150
102000065,40,179,-139
102000066,1113,1023,90
102000067,2212,3105,-893
102000068,8427,2812,5615
102000069,92,1788,-1696
102000070,1996,60,1936
102000071,7741,9233,-1492
102000072,3296,3858,-562
102000073,1411,1407,4
102000074,1048,1108,-60
102000075,140,539,-399
102000076,260,610,-350
102000077,581,1077,-496
102000078,1083,1032,51
102000079,286,263,23
102000080,302,331,-29
102000081,460,926,-466
102000082,783,380,403
102000083,471,324,147
102000084,254,326,-72
102000085,1494,1073,421
102000086,1084,940,144
102000087,806,1597,-791
102000088,327,262,65
102000089,1167,403,764
102000090,536,1200,-664
102000091,1572,601,971
102000092,445,805,-360
102000093,965,835,130
102000094,1114,774,340
102000095,1113,1196,-83
102000096,811,825,-14
102000097,821,767,54
102000098,650,818,-168
102000099,816,854,-38
102000100,1021,1385,-364
102000101,1348,997,351
102000102,537,1507,-970
102000103,1417,466,951
102000104,658,324,334
102000105,275,591,-316
102000106,853,734,119
102000107,1096,568,528
102000108,976,200,776
102000109,445,586,-141
102000110,1022,1390,-368
102000111,14,236,-222
102000112,395,117,278
102000113,25,28,-3
102000114,828,344,484
102000115,271,350,-79
102000116,464,416,48
102000117,321,587,-266
102000118,1303,1172,131
102000119,1831,851,980
102000120,205,492,-287
102000121,832,526,306
102000122,596,916,-320
102000123,1286,1164,122
102000124,1165,1197,-32
102000125,884,866,18
102000126,720,729,-9
102000127,1210,686,524
102000128,664,933,-269
102000129,1374,919,455
102000130,648,805,-157
102000131,1412,677,735
102000132,532,740,-208
102000133,1680,1662,18
102000134,659,748,-89
102000135,877,762,115
102000136,958,514,444
102000137,864,829,35
102000138,250,349,-99
102000139,138,415,-277
102000140,311,488,-177
102000141,272,434,-162
102000142,320,372,-52
102000143,143,433,-290
102000144,287,459,-172
102000145,411,545,-134
102000146,391,333,58
102000147,482,529,-47
102000148,252,638,-386
102000149,118,435,-317
102000150,304,104,200
102000151,91,299,-208
102000152,137,145,-8
102000153,1250,569,681
102000154,352,690,-338
102000155,102,308,-206
102000156,353,114,239
102000157,122,336,-214
102000158,544,462,82
102000159,972,446,526
102000161,3758,2101,1657
102000162,239,139,100
102000163,117,483,-366
102000164,1136,1136,0
102000165,478,169,309
102000166,198,203,-5
102000167,324,263,61
102000168,318,207,111
102000169,117,406,-289
102000170,578,240,338
102000171,325,289,36
102000172,287,482,-195
102000173,505,314,191
102000174,61,84,-23
102000175,318,107,211
102000176,59,32,27
102000178,326,440,-114
102000179,346,303,43
102000180,1124,459,665
102000181,564,601,-37
102000182,608,582,26
102000183,1880,1811,69
102000184,2085,843,1242
102000185,2370,1492,878
102000186,1142,1951,-809
102000187,1089,1679,-590
102000188,1403,1456,-53
102000189,2184,878,1306
102000190,657,2474,-1817
102000191,1219,505,714
102000192,992,1390,-398
102000193,90,158,-68
102000194,72,133,-61
102000195,399,477,-78
102000196,204,396,-192
102000197,614,445,169
102000198,230,707,-477
102000199,1098,335,763
102000200,284,922,-638
102000201,967,485,482
102000202,2,103,-101
102000203,346,252,94
102000204,442,631,-189
102000205,999,411,588
102000206,608,722,-114
102000207,1085,416,669
102000208,541,538,3
102000209,221,61,160
102000210,580,468,112
102000211,446,277,169
102000212,385,24,361
102000213,11,312,-301
102000214,277,8,269
102000215,3,384,-381
102000216,30,56,-26
102000217,9,120,-111
102000218,292,218,74
102000219,421,290,131
102000225,775,626,149
102000226,4775,1512,3263
102000227,169,1,168
102000228,1,102,-101
102000229,43,54,-11
102000230,212,409,-197
102000231,321,459,-138
102000232,40,144,-104
102000233,401,730,-329
102000234,128,1173,-1045
102000236,268,88,180
102000237,516,128,388
102000238,143,222,-79
102000240,623,683,-60
102000241,235,129,106
102000243,14,70,-56
102000245,37,155,-118
102000246,10,37,-27
102000247,1431,1286,145
102000248,844,1319,-475
102000249,195,166,29
102000250,102,465,-363
102000254,96,299,-203
102000266,40,330,-290
102000271,51,0,51
102000286,426,372,54
102000297,1747,1029,718
102000299,0,0,0
102000301,0,0,0
102000303,0,0,0
102000305,0,0,0
102000307,0,3,-3
102900001,1083,768,315
102900002,399,54,345
102900003,74,238,-164
102900005,189,209,-20
102900006,301,121,180
102900007,405,34,371
102900008,131,46,85
102900009,624,245,379
102900010,693,916,-223
102900011,1802,232,1570
102900012,464,81,383
102900013,24,109,-85
102900015,757,485,272
102900016,73,124,-51
102900017,178,627,-449
102900018,38,146,-108
102900019,489,385,104
102900020,149,31,118
102900021,27,141,-114
102900022,751,173,578
102900023,35,57,-22
102900024,41,55,-14
102900025,275,143,132
102900026,390,1674,-1284
102900027,77,46,31
102900028,162,684,-522
102900029,178,187,-9
102900030,490,263,227
102900031,171,176,-5
102900032,84,94,-10
102900033,139,218,-79
102900034,497,88,409
102900035,105,304,-199
102900036,249,500,-251
102900037,677,574,103
102900038,580,537,43
102900039,25,485,-460
102900040,125,255,-130
102900041,66,135,-69
102900042,157,304,-147
102900043,120,308,-188
102900044,544,2039,-1495
102900045,152,624,-472
102900046,129,260,-131
102900047,99,583,-484
102900048,606,587,19
102900049,145,418,-273
102900050,358,307,51
102900051,232,175,57
102900053,418,623,-205
102900054,634,958,-324
102900055,80,183,-103
102900056,132,419,-287
102900057,5,57,-52
102900058,297,49,248
102900059,27,73,-46
102900060,116,497,-381
102900061,207,490,-283
102900062,229,995,-766
102900063,1009,417,592
102900064,120,363,-243
102900065,2187,777,1410
102900066,198,21,177
102900068,171,92,79
102900070,252,516,-264
102900072,51,66,-15
102900073,256,11,245
102900075,34,73,-39
102900076,167,117,50
102900077,82,64,18
102900078,39,88,-49
102900079,164,8,156
102900080,381,35,346
102900081,138,342,-204
102900082,18,220,-202
102900083,253,13,240
102900084,4,22,-18
102900085,484,153,331
102900086,16,51,-35
102900087,96,138,-42
102900088,30,26,4
102900089,242,112,130
102900090,1,356,-355
102900091,193,6,187
102900092,246,894,-648
102900094,2,96,-94
102900095,128,2,126
102900096,91,24,67
102900097,2,110,-108
103000001,2260,2735,-475
103000002,2104,2518,-414
103000003,3389,2761,628
103000004,925,771,154
103000005,1613,2742,-1129
103000006,679,1416,-737
103000007,376,618,-242
103000008,1074,689,385
103000009,960,976,-16
103000010,232,162,70
103000011,1553,1428,125
103000012,1321,1592,-271
103000013,4014,2231,1783
103000014,1313,2326,-1013
103000015,1669,695,974
103000016,549,1170,-621
103000017,209,353,-144
103000018,702,441,261
103000019,308,250,58
103000020,2359,1499,860
103000021,1716,1614,102
103000022,772,1181,-409
103000023,630,1588,-958
103000024,81,205,-124
103000025,104,545,-441
103000026,1221,164,1057
103000027,401,493,-92
103000028,426,453,-27
103000029,274,264,10
103000030,1717,904,813
103000031,1556,1631,-75
103000032,2364,2116,248
103000033,3051,2626,425
103000034,1418,1215,203
103000035,331,1314,-983
103000036,412,525,-113
103000037,619,550,69
103000038,514,967,-453
103000039,425,376,49
103000040,418,965,-547
103000041,1644,2445,-801
103000042,1170,525,645
103000043,729,972,-243
103000044,283,217,66
103000046,271,463,-192
103000047,641,718,-77
103000048,221,243,-22
103000049,165,161,4
103000050,752,584,168
103000051,509,536,-27
103000052,831,391,440
103000053,216,541,-325
103000054,2614,1784,830
103000055,2108,2366,-258
103000056,712,1752,-1040
103000057,527,332,195
103000058,553,1040,-487
103000059,443,936,-493
103000060,761,634,127
103000061,406,1038,-632
103000062,1003,641,362
103000063,682,915,-233
103000064,175,222,-47
103000065,6,458,-452
103000066,212,10,202
103000069,675,385,290
103000070,1330,934,396
103000071,1057,527,530
103000072,127,730,-603
103000073,459,113,346
103000074,465,90,375
103000075,110,672,-562
103000076,283,248,35
103000077,65,431,-366
103000078,1170,600,570
103000079,831,825,6
103000080,1435,412,1023
103000081,659,1210,-551
103000082,531,188,343
103000083,121,310,-189
103000084,169,7,162
103000085,4,196,-192
103000086,731,433,298
103000087,124,526,-402
103000088,309,314,-5
103000089,224,393,-169
103000090,1719,766,953
103000091,632,383,249
103000092,229,326,-97
103000093,299,399,-100
103000094,223,118,105
103000095,51,373,-322
103000096,685,106,579
103000097,80,742,-662
103000098,882,163,719
103000099,369,593,-224
103000100,66,755,-689
103000101,666,105,561
103000102,108,642,-534
103000103,574,199,375
103000104,42,109,-67
103000105,109,90,19
103000106,4,112,-108
103000107,226,69,157
103000108,685,591,94
103000109,337,400,-63
103000110,532,396,136
103000111,442,423,19
103000112,332,225,107
103000113,588,645,-57
103000114,1265,396,869
103000115,425,499,-74
103000116,530,426,104
103000117,398,502,-104
103000118,762,684,78
103000119,1194,658,536
103000120,84,112,-28
103000121,975,1237,-262
103000122,730,938,-208
103000125,12,252,-240
103000126,595,4,591
103000127,2,178,-176
103000128,174,2,172
103000129,2,102,-100
103000130,60,37,23
103000131,158,90,68
103000132,108,142,-34
103000133,22,105,-83
103000134,652,689,-37
103000135,578,307,271
103000136,691,483,208
103000137,536,579,-43
103000138,791,742,49
103000139,1,54,-53
103000140,133,21,112
103000141,100,128,-28
103000142,243,83,160
103000143,63,200,-137
103000144,207,66,141
103000145,29,95,-66
103000150,131,65,66
103000152,221,278,-57
103000153,255,144,111
103000156,3,317,-314
103000157,410,2,408
103000159,102,24,78
103000162,139,49,90
103000163,29,86,-57
103000164,61,21,40
103000165,125,323,-198
103000166,240,281,-41
103000167,136,125,11
103000168,94,238,-144
103000169,182,368,-186
103000170,782,466,316
103000171,128,101,27
103000172,448,340,108
103000173,475,561,-86
103000174,174,354,-180
103000175,351,315,36
103000176,781,623,158
103000177,614,487,127
103000178,365,288,77
103000179,459,59,400
103000183,122,17,105
103000185,74,54,20
103000186,99,225,-126
103000187,480,381,99
103000188,11,65,-54
103000189,780,848,-68
103000191,437,404,33
103000292,1546,1306,240
103000293,885,1776,-891
103000295,150,124,26
103000296,303,3,300
103000297,12,13,-1
103000504,95,12,83
103000505,9,21,-12
103000506,0,296,-296
103000507,287,7,280
103000508,38,44,-6
103000509,231,643,-412
103900001,3,82,-79
103900002,1185,232,953
103900003,1428,361,1067
103900004,137,2,135
103900005,4,197,-193
103900006,38,56,-18
103900007,24,0,24
103900008,5,1,4
103900010,171,485,-314
103900012,7,25,-18
103900014,64,29,35
103900015,55,14,41
103900017,49,97,-48
103900018,890,210,680
103900019,102,346,-244
103900020,240,436,-196
103900021,428,201,227
103900022,1128,735,393
103900023,142,1,141
103900024,87,314,-227
103900025,14,33,-19
103900026,192,0,192
103900027,781,299,482
103900028,157,448,-291
103900029,1094,130,964
103900030,253,93,160
103900031,35,8,27
103900032,93,80,13
103900033,78,16,62
103900034,42,164,-122
103900035,86,33,53
103900036,35,35,0
103900037,82,72,10
103900038,110,207,-97
103900039,67,399,-332
103900040,9,132,-123
103900041,40,58,-18
103900042,74,376,-302
103900043,154,79,75
103900044,112,220,-108
103900045,375,159,216
103900047,65,20,45
103900048,407,49,358
103900049,274,1004,-730
103900050,13,116,-103
103900051,1,42,-41
103900053,188,648,-460
103900054,104,425,-321
103900055,170,94,76
103900056,92,70,22
103900057,30,222,-192
103900058,224,624,-400
103900059,5,36,-31
103900060,55,239,-184
103900061,141,68,73
103900062,223,87,136
103900063,15,0,15
103900064,92,9,83
103900065,657,225,432
103900066,119,23,96
103900067,140,10,130
103900068,13,7,6
103900069,66,37,29
103900070,143,237,-94
103900071,22,122,-100
103900072,10,230,-220
103900073,29,31,-2
103900074,76,70,6
103900075,222,94,128
103900076,427,622,-195
103900077,34,83,-49
103900078,247,102,145
103900079,167,182,-15
103900080,6,33,-27
103900081,147,40,107
103900082,12,150,-138
103900083,1428,789,639
103900084,76,111,-35
103900085,65,117,-52
103900086,513,323,190
103900088,449,529,-80
103900089,51,149,-98
103900090,0,102,-102
103900091,1309,318,991
103900092,427,449,-22
103900093,78,284,-206
103900094,16,135,-119
103900095,506,388,118
103900096,22,232,-210
103900097,4,483,-479
103900098,227,171,56
103900099,45,159,-114
103900100,175,336,-161
103900101,156,1008,-852
103900102,0,34,-34
103900104,6,30,-24
103900105,168,253,-85
103900106,0,104,-104
103900107,123,228,-105
103900108,47,340,-293
103900109,129,72,57
103900110,161,40,121
103900111,66,562,-496
103900112,44,106,-62
103900113,73,133,-60
103900114,470,552,-82
103900115,220,160,60
103900116,5288,2514,2774
103900117,173,62,111
103900119,32,67,-35
103900120,74,70,4
103900122,106,251,-145
103900123,1547,708,839
103900124,82,526,-444
103900125,97,76,21
103900126,387,395,-8
103900127,289,336,-47
103900128,667,314,353
103900131,37,173,-136
103900133,935,76,859
103900134,1,3,-2
103900135,0,3,-3
103900137,0,15,-15
103900138,68,161,-93
103900139,329,1612,-1283
103900140,6,88,-82
103900141,219,62,157
103900142,114,120,-6
103900143,63,3,60
103900144,0,36,-36
103900145,169,229,-60
103900146,228,216,12
103900147,265,111,154
103900148,413,759,-346
103900149,235,611,-376
103900150,5482,3272,2210
103900151,90,191,-101
103900152,462,529,-67
103900153,15,0,15
103900154,1587,1670,-83
103900155,39,255,-216
103900156,47,156,-109
103900157,34,204,-170
103900158,61,181,-120
103900159,144,72,72
103900160,73,53,20
103900161,92,169,-77
103900162,348,388,-40
103900163,11,507,-496
103900167,16,93,-77
103900168,76,122,-46
103900169,53,51,2
103900170,1,107,-106
103900171,0,43,-43
103900172,10,23,-13
103900173,20,11,9
103900174,148,58,90
103900175,45,59,-14
103900176,5,46,-41
103900177,20,89,-69
103900178,51,38,13
103900179,59,104,-45
103900180,12,78,-66
103900181,65,48,17
103900182,57,27,30
103900184,427,70,357
103900185,165,311,-146
103900187,25,58,-33
103900188,50,13,37
103900189,104,15,89
103900190,58,53,5
103900191,32,48,-16
103900192,21,165,-144
103900193,124,194,-70
103900194,61,269,-208
103900195,5,80,-75
103900196,49,49,0
103900197,14,47,-33
103900198,12,69,-57
103900199,145,73,72
103900200,170,129,41
103900201,129,221,-92
103900202,41,79,-38
103900203,35,19,16
103900204,2,80,-78
103900207,0,105,-105
103900208,59,0,59
103900209,4,118,-114
103900210,41,42,-1
103900211,438,351,87
103900212,273,538,-265
103900213,101,218,-117
103900214,307,211,96
103900215,499,335,164
103900216,17,390,-373
103900217,294,13,281
103900218,78,439,-361
103900219,178,297,-119
103900233,5,1,4
103900235,20,7,13
103900236,36,2,34
103900242,16,50,-34
103900243,12,14,-2
103900244,88,223,-135
103900245,80,212,-132
103900246,47,37,10
103900247,47,114,-67
103900248,19,82,-63
103900249,27,35,-8
103900250,50,23,27
103900251,4,41,-37
103900253,17,105,-88
103900254,2,15,-13
103900255,6,24,-18
103900256,20,48,-28
103900257,182,124,58
103900258,44,4,40
103900259,74,8,66
103900261,14,3,11
103900262,24,1,23
103900263,67,41,26
103900264,68,38,30
103900265,137,38,99
103900266,0,74,-74
103900267,7,94,-87
103900268,18,117,-99
103900269,154,48,106
103900270,75,261,-186
103900271,21,113,-92
103900272,60,68,-8
103900273,32,44,-12
103900274,75,8,67
103900275,40,5,35
103900276,9,67,-58
103900277,3,66,-63
103900278,10,34,-24
103900279,1,33,-32
103900280,1,66,-65
104000001,1983,1879,104
104000002,1455,2500,-1045
104000003,2164,2125,39
104000004,2643,2612,31
104000005,1245,1858,-613
104000006,3286,2756,530
104000007,4418,4173,245
104000008,203,309,-106
104000009,213,106,107
104000010,138,308,-170
104000011,485,288,197
104000012,159,341,-182
104000013,196,185,11
104000014,178,704,-526
104000015,266,125,141
104000016,533,494,39
104000018,851,188,663
104000019,557,182,375
104000020,191,674,-483
104000021,255,688,-433
104000022,151,333,-182
104000023,753,330,423
104000024,257,368,-111
104000026,35,390,-355
104000027,211,383,-172
104000028,365,214,151
104000029,338,404,-66
104000030,219,210,9
104000031,975,463,512
104000032,202,295,-93
104000033,539,545,-6
104000034,273,309,-36
104000035,782,436,346
104000036,666,497,169
104000037,270,194,76
104000038,528,607,-79
104000039,188,253,-65
104000040,287,432,-145
104000041,993,366,627
104000042,230,349,-119
104000043,254,393,-139
104000044,252,625,-373
104000045,1021,1132,-111
104000046,1174,1643,-469
104000047,932,1170,-238
104000048,1003,1679,-676
104000049,601,299,302
104000050,149,536,-387
104000051,101,564,-463
104000052,2384,1913,471
104000053,1551,513,1038
104000054,618,414,204
104000055,3482,2219,1263
104000056,1491,304,1187
104000057,263,694,-431
104000058,975,690,285
104000059,482,1097,-615
104000060,996,1151,-155
104000061,1221,1063,158
104000062,483,210,273
104000064,457,262,195
104000065,260,634,-374
104000069,1117,1043,74
104000070,64,500,-436
104000071,307,633,-326
104000072,722,399,323
104000075,59,210,-151
104000076,483,96,387
104000082,1943,2743,-800
104000083,830,149,681
104000084,151,553,-402
104000085,268,275,-7
104000086,167,435,-268
104000087,545,1593,-1048
104000090,639,1194,-555
104000092,1058,2162,-1104
104000094,938,1468,-530
104000095,1757,1442,315
104000096,1211,153,1058
104000097,1346,761,585
104000098,1943,970,973
104000100,1431,639,792
104000101,1124,1613,-489
104000106,131,708,-577
104000107,601,478,123
104000108,276,463,-187
104000109,281,70,211
104000110,762,931,-169
104000111,3398,1935,1463
104000112,2205,544,1661
104000116,1,961,-960
104000117,174,597,-423
104000118,484,274,210
104000119,652,276,376
104000120,261,624,-363
104000121,198,665,-467
104000122,667,756,-89
104000123,709,1004,-295
104000124,912,1909,-997
104000125,2892,3526,-634
104000126,352,353,-1
104000127,1464,3196,-1732
104000128,617,467,150
104000129,366,58,308
104000130,10,227,-217
104000131,622,496,126
104000132,449,524,-75
104000133,1330,783,547
104000134,891,1410,-519
104000135,428,1652,-1224
104000136,767,3457,-2690
104000137,1496,409,1087
104000138,845,228,617
104000139,5974,2717,3257
104000141,1069,1351,-282
104000142,602,748,-146
104000143,454,676,-222
104000144,103,180,-77
104000145,350,191,159
104000146,302,586,-284
104000147,137,309,-172
104000148,316,178,138
104000149,150,292,-142
104000150,867,414,453
104000151,382,472,-90
104000152,501,584,-83
104000153,447,505,-58
104000154,998,584,414
104000155,440,522,-82
104000157,902,1529,-627
104000158,451,473,-22
104000159,803,564,239
104000160,1620,1787,-167
104000161,168,186,-18
104000162,67,122,-55
104000165,1162,1117,45
104000167,585,889,-304
104000168,433,8,425
104000169,103,40,63
104000170,492,480,12
104000248,303,583,-280
104000251,68,282,-214
104000272,0,0,0
104000273,0,0,0
104000274,0,0,0
104000275,0,0,0
104000279,3065,2092,973
104000290,89,263,-174
104000291,589,1027,-438
104000293,656,761,-105
104000294,27,0,27
104000295,544,744,-200
104000296,372,751,-379
104000297,844,1746,-902
104000298,2062,840,1222
104000299,669,1391,-722
104000302,133,171,-38
104000303,156,154,2
104900001,195,418,-223
104900002,38,117,-79
104900003,70,373,-303
104900004,84,304,-220
104900005,155,161,-6
104900006,259,125,134
104900007,204,228,-24
104900009,121,264,-143
104900010,69,70,-1
104900011,69,14,55
104900012,248,43,205
104900013,118,9,109
104900014,2331,240,2091
104900015,111,4,107
104900016,192,169,23
104900017,125,188,-63
104900018,4,160,-156
104900019,281,2160,-1879
104900020,41,244,-203
104900021,2,152,-150
104900022,2,155,-153
104900023,0,95,-95
104900024,19,128,-109
104900025,63,216,-153
104900026,0,111,-111
104900027,375,260,115
104900028,28,120,-92
104900029,50,133,-83
104900030,507,204,303
104900031,97,194,-97
104900032,43,93,-50
104900033,119,235,-116
104900034,312,131,181
104900035,305,162,143
104900036,160,72,88
104900037,122,215,-93
104900038,397,664,-267
104900039,728,384,344
104900040,520,133,387
104900041,239,134,105
104900042,111,230,-119
104900043,23,120,-97
104900044,516,192,324
104900045,401,54,347
104900046,166,115,51
104900047,245,113,132
104900048,217,60,157
104900049,31,31,0
104900050,306,83,223
104900051,193,32,161
104900052,44,0,44
104900053,291,73,218
104900054,123,34,89
104900055,106,1,105
104900056,191,16,175
104900057,36,1,35
104900058,603,280,323
104900059,269,90,179
104900061,196,553,-357
104900063,12,128,-116
104900064,0,68,-68
104900065,0,149,-149
104900066,3,136,-133
104900067,5,212,-207
104900068,16,160,-144
104900070,139,283,-144
104900071,0,390,-390
104900072,42,299,-257
104900073,48,134,-86
104900074,38,212,-174
104900075,60,30,30
104900076,76,338,-262
104900077,671,225,446
104900078,151,597,-446
104900079,101,412,-311
104900080,93,610,-517
104900082,13,468,-455
104900085,24,238,-214
104900089,144,2,142
104900091,1745,532,1213
104900093,229,535,-306
104900097,2251,1805,446
104900098,88,47,41
104900099,50,405,-355
104900100,430,194,236
104900102,36,139,-103
104900103,379,75,304
104900106,78,109,-31
104900107,192,175,17
104900108,46,159,-113
104900109,111,152,-41
104900110,3,68,-65
104900111,141,90,51
104900112,239,638,-399
104900113,539,339,200
104900114,333,407,-74
104900115,565,412,153
104900116,203,194,9
104900118,32,63,-31
104900119,6,54,-48
104900120,82,254,-172
104900121,0,75,-75
104900122,2,96,-94
104900123,37,6,31
104900124,32,0,32
104900125,291,1,290
104900126,65,38,27
104900127,32,60,-28
104900128,108,74,34
104900129,1485,1419,66
105000001,2230,1417,813
105000002,2072,1531,541
105000003,3115,3141,-26
105000004,523,973,-450
105000005,642,1037,-395
105000006,1305,1586,-281
105000007,1235,1315,-80
105000008,1905,2647,-742
105000009,2014,2810,-796
105000010,3116,2306,810
105000011,3177,2403,774
105000012,4103,3107,996
105000013,910,1043,-133
105000014,1940,2472,-532
105000015,9475,12018,-2543
105000016,3172,2062,1110
105000017,1642,875,767
105000018,1198,1221,-23
105000019,1274,844,430
105000020,204,373,-169
105000021,276,76,200
105000022,330,96,234
105000023,540,438,102
105000028,102,129,-27
105000029,568,1113,-545
105000030,3943,2887,1056
105000031,5,33,-28
105000033,1097,1843,-746
105000034,137,890,-753
105000037,601,293,308
105000038,1736,1466,270
105000039,2640,1630,1010
105000040,1089,982,107
105000041,1018,1261,-243
105000042,2737,1575,1162
105000043,1921,1973,-52
105000044,516,453,63
105000045,291,785,-494
105000046,1032,349,683
105000047,527,1586,-1059
105000048,525,219,306
105000049,281,588,-307
105000050,598,368,230
105000051,220,468,-248
105000052,598,784,-186
105000053,149,206,-57
105000054,409,866,-457
105000055,1196,335,861
105000056,1760,1898,-138
105000057,1761,778,983
105000058,1283,1215,68
105000059,641,562,79
105000060,321,537,-216
105000061,436,526,-90
105000062,642,798,-156
105000063,297,432,-135
105000064,1090,822,268
105000065,333,634,-301
105000066,1031,1448,-417
105000067,1153,731,422
105000068,497,805,-308
105000069,1700,1540,160
105000070,646,860,-214
105000071,250,679,-429
105000072,933,1807,-874
105000073,768,537,231
105000074,1070,848,222
105000075,531,800,-269
105000076,1225,1074,151
105000077,2668,985,1683
105000078,1162,1232,-70
105000079,1580,3272,-1692
105000080,1535,1169,366
105000081,4330,1422,2908
105000082,1129,1659,-530
105000083,5118,3358,1760
105000084,697,907,-210
105000085,1784,1842,-58
105000086,665,983,-318
105000087,1431,1770,-339
105000088,1448,1559,-111
105000089,2861,2031,830
105000090,1017,896,121
105000091,1335,1522,-187
105000092,623,928,-305
105000093,318,252,66
105000094,282,187,95
105000095,107,477,-370
105000096,1244,959,285
105000097,1315,838,477
105000098,818,693,125
105000099,895,752,143
105000100,1064,993,71
105000101,2215,1889,326
105000102,1655,1330,325
105000103,1434,2078,-644
105000104,2303,839,1464
105000105,1397,2003,-606
105000106,1426,1598,-172
105000107,1139,856,283
105000108,1349,1452,-103
105000109,1321,1524,-203
105000110,615,551,64
105000111,685,791,-106
105000112,1173,714,459
105000113,367,757,-390
105000114,2507,993,1514
105000115,326,1031,-705
105000116,676,524,152
105000117,851,1096,-245
105000118,423,468,-45
105000119,665,832,-167
105000120,795,564,231
105000121,765,1038,-273
105000122,430,635,-205
105000123,1305,1238,67
105000124,1532,699,833
105000125,772,1934,-1162
105000126,1644,1754,-110
105000127,2065,1961,104
105000128,704,1078,-374
105000129,715,401,314
105000130,374,2593,-2219
105000131,731,396,335
105000132,738,589,149
105000133,452,982,-530
105000134,627,585,42
105000135,545,659,-114
105000136,121,365,-244
105000137,488,263,225
105000138,229,358,-129
105000139,996,943,53
105000140,367,526,-159
105000141,320,568,-248
105000142,201,459,-258
105000143,165,665,-500
105000144,293,881,-588
105000145,664,450,214
105000146,426,852,-426
105000147,515,337,178
105000148,1268,615,653
105000149,1946,1947,-1
105000150,1915,1486,429
105000151,398,458,-60
105000152,191,458,-267
105000153,471,688,-217
105000154,570,587,-17
105000155,350,909,-559
105000156,818,602,216
105000157,781,1297,-516
105000158,1561,699,862
105000159,248,841,-593
105000160,1471,619,852
105000161,573,855,-282
105000162,452,1318,-866
105000163,869,762,107
105000164,176,231,-55
105000165,886,3942,-3056
105000166,4363,770,3593
105000167,1919,1285,634
105000168,346,614,-268
105000169,497,544,-47
105000170,180,1412,-1232
105000171,913,203,710
105000172,128,105,23
105000173,161,344,-183
105000174,55,129,-74
105000175,75,159,-84
105000176,270,125,145
105000177,250,200,50
105000178,122,383,-261
105000179,523,255,268
105000180,126,126,0
105000181,98,203,-105
105000182,41,51,-10
105000183,2366,1735,631
105000184,1969,1150,819
105000185,1464,847,617
105000186,640,730,-90
105000187,867,176,691
105000188,266,120,146
105000189,317,532,-215
105000190,324,354,-30
105000191,381,379,2
105000192,295,58,237
105000193,103,131,-28
105000194,468,149,319
105000195,344,709,-365
105000196,118,246,-128
105000197,253,585,-332
105000198,687,318,369
105000199,347,724,-377
105000200,122,230,-108
105000201,96,36,60
105000203,15,232,-217
105000204,138,85,53
105000205,111,242,-131
105000207,503,233,270
105000208,192,464,-272
105000209,175,413,-238
105000211,246,27,219
105000212,1155,1214,-59
105000213,163,207,-44
105000214,151,220,-69
105000215,304,200,104
105000216,170,636,-466
105000217,136,415,-279
105000218,1097,1048,49
105000221,142,155,-13
105000222,1150,175,975
105000223,539,250,289
105000226,123,201,-78
105000227,60,133,-73
105000228,292,1626,-1334
105000229,116,413,-297
105000231,337,263,74
105000233,920,756,164
105000234,922,1169,-247
105000235,344,576,-232
105000237,618,90,528
105000243,22,46,-24
105000248,65,74,-9
105000262,335,1240,-905
105000269,132,189,-57
105000270,486,55,431
105000271,0,215,-215
105000282,69,49,20
105000287,413,96,317
105000288,613,489,124
105000289,3436,2056,1380
105000290,30,16,14
105000402,3378,3234,144
105000426,631,559,72
105000438,4404,1687,2717
105000440,59,24,35
105000446,10904,5544,5360
105000447,6571,2929,3642
105000454,355,753,-398
105000455,342,201,141
105000474,60,6,54
105000477,338,583,-245
105000478,1493,3620,-2127
105000479,137,123,14
105000480,9989,6283,3706
105000481,4747,2906,1841
105000482,5589,8210,-2621
105000483,1557,1664,-107
105000484,2294,3311,-1017
105000485,1528,2729,-1201
105000486,3842,2556,1286
105000488,10952,5994,4958
105000489,741,791,-50
105000549,294,159,135
105000550,514,1474,-960
105000551,26,126,-100
105000552,2972,1800,1172
105000555,1548,988,560
105000556,56,39,17
105000557,55,288,-233
105900001,7,1108,-1101
105900002,1145,601,544
105900003,10,140,-130
105900004,200,84,116
105900005,9,224,-215
105900006,20,71,-51
105900007,138,30,108
105900008,61,576,-515
105900009,9,20,-11
105900011,116,29,87
105900012,361,96,265
105900013,4,37,-33
105900014,6,58,-52
105900015,160,307,-147
105900016,386,510,-124
105900017,1258,33,1225
105900018,180,161,19
105900019,77,259,-182
105900020,37,64,-27
105900021,21,189,-168
105900022,426,150,276
105900023,6,103,-97
105900024,8,205,-197
105900025,198,61,137
105900026,206,21,185
105900027,5634,6323,-689
105900028,918,396,522
105900029,1173,323,850
105900030,158,225,-67
105900031,324,196,128
105900032,69,136,-67
105900033,92,124,-32
105900034,374,203,171
105900035,109,148,-39
105900036,96,142,-46
105900037,63,58,5
105900038,151,256,-105
105900039,149,128,21
105900040,43,102,-59
105900041,160,134,26
105900042,41,135,-94
105900043,1082,47,1035
105900044,8,215,-207
105900045,9,661,-652
105900046,5,301,-296
105900047,7,48,-41
105900048,90,487,-397
105900050,5204,2745,2459
105900051,39,755,-716
105900052,433,268,165
105900053,2646,2477,169
105900054,308,158,150
105900056,547,296,251
105900057,23,117,-94
105900058,17,23,-6
105900059,0,43,-43
106000001,4157,2444,1713
106000002,2368,5018,-2650
106000003,2660,3413,-753
106000004,1809,2691,-882
106000005,2807,5505,-2698
106000006,5280,4076,1204
106000007,502,654,-152
106000008,467,325,142
106000009,519,354,165
106000010,617,640,-23
106000011,890,991,-101
106000012,763,1272,-509
106000013,1570,1940,-370
106000014,1598,1536,62
106000015,1405,1263,142
106000016,1135,2072,-937
106000017,533,759,-226
106000018,620,518,102
106000019,325,408,-83
106000020,245,343,-98
106000021,308,478,-170
106000022,316,240,76
106000023,517,359,158
106000024,467,557,-90
106000025,111,169,-58
106000026,98,323,-225
106000027,1096,1276,-180
106000028,535,566,-31
106000029,786,1262,-476
106000030,598,408,190
106000034,217,621,-404
106000035,1166,1807,-641
106000036,169,319,-150
106000037,1917,1392,525
106000038,431,118,313
106000039,152,82,70
106000040,158,865,-707
106000041,653,454,199
106000043,561,238,323
106000046,358,101,257
106000047,54,374,-320
106000049,945,296,649
106000050,297,707,-410
106000051,633,416,217
106000052,96,549,-453
106000053,325,125,200
106000054,290,435,-145
106000055,869,950,-81
106000056,293,410,-117
106000057,315,334,-19
106000058,88,181,-93
106000059,282,319,-37
106000060,316,462,-146
106000061,188,499,-311
106000062,140,436,-296
106000063,596,478,118
106000064,30,347,-317
106000065,261,283,-22
106000066,122,298,-176
106000067,492,117,375
106000068,45,619,-574
106000069,164,89,75
106000070,407,734,-327
106000071,950,308,642
106000072,2550,1405,1145
106000073,1531,2763,-1232
106000074,623,615,8
106000075,288,1417,-1129
106000076,1711,2035,-324
106000077,3172,1418,1754
106000078,774,859,-85
106000079,536,840,-304
106000080,1046,651,395
106000081,510,1030,-520
106000082,2042,817,1225
106000083,371,1431,-1060
106000084,1097,653,444
106000085,1344,1377,-33
106000086,675,835,-160
106000087,811,570,241
106000088,366,764,-398
106000089,806,397,409
106000090,334,648,-314
106000091,239,482,-243
106000092,483,310,173
106000093,310,173,137
106000094,117,233,-116
106000095,619,773,-154
106000096,798,677,121
106000097,838,871,-33
106000098,624,971,-347
106000099,190,754,-564
106000100,1202,231,971
106000101,1939,359,1580
106000102,363,512,-149
106000103,412,573,-161
106000104,1155,488,667
106000105,443,599,-156
106000106,614,438,176
106000107,185,369,-184
106000108,362,394,-32
106000109,216,365,-149
106000110,313,391,-78
106000111,231,418,-187
106000112,225,585,-360
106000113,779,583,196
106000114,492,605,-113
106000115,212,556,-344
106000116,249,227,22
106000117,947,691,256
106000118,985,1239,-254
106000119,1443,923,520
106000120,707,1044,-337
106000121,166,122,44
106000122,111,269,-158
106000123,418,203,215
106000124,86,269,-183
106000125,35,222,-187
106000126,309,187,122
106000127,816,806,10
106000128,651,238,413
106000129,417,662,-245
106000130,581,314,267
106000131,129,782,-653
106000132,552,158,394
106000133,1773,1229,544
106000134,567,1917,-1350
106000135,240,705,-465
106000136,529,844,-315
106000137,74,728,-654
106000138,907,122,785
106000139,54,108,-54
106000140,44,68,-24
106000141,75,52,23
106000142,52,67,-15
106000143,64,70,-6
106000144,63,62,1
106000145,161,237,-76
106000146,342,185,157
106000147,738,697,41
106000148,999,1049,-50
106000149,497,583,-86
106000150,444,1798,-1354
106000151,3650,801,2849
106000152,1266,1905,-639
106000153,111,1642,-1531
106000154,1482,268,1214
106000155,99,227,-128
106000156,539,256,283
106000157,617,1508,-891
106000158,2044,897,1147
106000159,2687,1619,1068
106000160,410,1945,-1535
106000161,1405,371,1034
106000162,241,859,-618
106000163,410,373,37
106000164,324,349,-25
106000165,174,542,-368
106000166,561,294,267
106000167,367,995,-628
106000168,417,269,148
106000169,211,580,-369
106000170,844,260,584
106000171,306,1142,-836
106000172,2414,1437,977
106000173,1208,2314,-1106
106000174,785,312,473
106000175,300,801,-501
106000176,1370,736,634
106000177,724,2094,-1370
106000178,2824,1603,1221
106000179,1020,2016,-996
106000180,714,1195,-481
106000181,622,1587,-965
106000182,982,695,287
106000183,1124,593,531
106000184,1440,612,828
106000185,870,1076,-206
106000186,762,187,575
106000187,191,935,-744
106000188,6,4,2
106000189,9,49,-40
106000190,34,2,32
106000191,629,234,395
106000192,3,15,-12
106000193,415,212,203
106000194,135,300,-165
106000195,804,142,662
106000196,128,308,-180
106000197,699,271,428
106000198,173,219,-46
106000199,910,635,275
106000200,184,197,-13
106000201,417,2095,-1678
106000202,3175,535,2640
106000203,51,249,-198
106000204,102,10,92
106000205,25,156,-131
106000206,86,18,68
106000207,69,641,-572
106000208,1248,188,1060
106000209,1253,302,951
106000210,297,919,-622
106000211,289,1078,-789
106000212,705,387,318
106000213,628,1793,-1165
106000214,2379,559,1820
106000215,315,515,-200
106000216,294,342,-48
106000217,212,396,-184
106000218,497,407,90
106000219,150,311,-161
106000220,466,261,205
106000221,157,234,-77
106000222,65,123,-58
106000223,173,105,68
106000224,188,240,-52
106000225,70,129,-59
106000226,101,241,-140
106000228,33,114,-81
106000229,75,641,-566
106000231,804,143,661
106000232,167,348,-181
106000233,568,93,475
106000234,644,184,460
106000235,2275,94,2181
106000236,994,74,920
106000237,67,22,45
106000238,320,32,288
106000239,5,241,-236
106000240,34,6,28
106000241,18,634,-616
106000242,230,37,193
106000249,66,55,11
106000250,56,472,-416
106000251,149,25,124
106000252,48,72,-24
106000253,29,69,-40
106000254,47,37,10
106000255,10,121,-111
106000256,60,69,-9
106000257,174,228,-54
106000258,827,19,808
106000259,30,75,-45
106000260,43,5,38
106000261,5,60,-55
106000262,150,7,143
106000263,16,58,-42
106000264,164,8,156
106000265,15,151,-136
106000266,90,42,48
106000267,3,68,-65
106000268,593,82,511
106000269,68,44,24
106000270,126,509,-383
106000271,77,219,-142
106000272,277,36,241
106000273,8,246,-238
106000274,189,40,149
106000275,122,246,-124
106000276,143,42,101
106000277,122,304,-182
106000278,200,38,162
106000279,19,37,-18
106000280,79,85,-6
106000281,101,50,51
106000282,78,73,5
106000283,98,54,44
106000284,79,99,-20
106000285,115,89,26
106000286,109,129,-20
106000287,104,88,16
106000288,93,166,-73
106000289,86,66,20
106000290,64,103,-39
106000291,76,89,-13
106000292,75,114,-39
106000293,134,93,41
106000294,124,124,0
106000295,40,38,2
106000296,33,101,-68
106000297,57,222,-165
106000298,148,64,84
106000299,77,112,-35
106000300,49,94,-45
106000301,77,95,-18
106000303,21,72,-51
106000304,17,23,-6
106000305,45,65,-20
106000306,26,64,-38
106000307,58,36,22
106000308,32,98,-66
106000309,21,56,-35
106000310,300,464,-164
106000311,297,146,151
106000312,119,159,-40
106000313,170,218,-48
106000318,110,338,-228
106000319,852,212,640
106000320,4,69,-65
106000321,372,128,244
106000322,145,157,-12
106000324,10,129,-119
106000325,1313,939,374
106000326,870,1705,-835
106000327,135,129,6
106000328,40,122,-82
106000329,104,210,-106
106000330,160,85,75
106000428,112,184,-72
106000429,139,502,-363
106000430,339,1217,-878
106000431,2459,491,1968
106000432,1951,2878,-927
106000433,2092,1500,592
106000434,2935,1522,1413
106000435,1429,2473,-1044
106000436,16,171,-155
106000437,284,36,248
106000438,323,146,177
106000439,70,360,-290
106000440,303,508,-205
106000441,3,0,3
106000442,193,13,180
106000443,156,309,-153
106000450,7,128,-121
106000451,35,44,-9
106000454,4,600,-596
106000455,15,224,-209
106000456,113,58,55
106000457,8,966,-958
106000458,612,145,467
106000459,325,419,-94
106000460,1271,72,1199
106000461,89,1492,-1403
106000462,1,63,-62
106000463,3,35,-32
106000464,7,519,-512
106000465,596,3,593
106000466,6,531,-525
106000467,553,775,-222
106000468,70,153,-83
106000469,286,4,282
106000470,303,1500,-1197
106000471,25,530,-505
106000472,164,15,149
106000473,40,16,24
106000474,407,534,-127
106000475,398,262,136
106000476,154,211,-57
106000477,40,148,-108
106000480,1,349,-348
106900001,0,23,-23
106900002,6,380,-374
106900003,285,819,-534
106900004,0,34,-34
106900006,0,15,-15
106900007,0,8,-8
106900008,254,202,52
106900009,233,281,-48
106900010,212,239,-27
106900012,1284,1902,-618
106900013,919,156,763
106900014,24,4,20
106900015,20,3,17
106900016,207,7,200
106900017,3,0,3
106900018,1,1,0
106900019,34,1,33
106900020,2229,1208,1021
106900021,88,111,-23
106900022,431,1,430
106900023,287,275,12
106900024,545,52,493
106900025,50,552,-502
106900026,1,620,-619
106900027,735,4,731
107000001,3973,3403,570
107000002,3195,5076,-1881
107000003,4958,6490,-1532
107000004,4738,5021,-283
107000005,4230,5540,-1310
107000006,5953,4763,1190
107000007,5054,9590,-4536
107000008,11596,8418,3178
107000009,6474,7027,-553
107000010,10689,10186,503
107000011,1448,1486,-38
107000012,4852,3307,1545
107000013,67,99,-32
107000014,48,322,-274
107000015,644,844,-200
107000016,669,805,-136
107000017,3155,1373,1782
107000018,22,890,-868
107000020,1977,1073,904
107000021,1817,620,1197
107000022,863,1376,-513
107000023,2724,281,2443
107000024,527,1412,-885
107000025,290,446,-156
107000026,279,524,-245
107000027,1344,1169,175
107000028,1276,1648,-372
107000029,3070,2985,85
107000030,3292,3407,-115
107000031,3824,2454,1370
107000032,588,1069,-481
107000033,2908,4445,-1537
107000034,3134,1610,1524
107000035,276,219,57
107000036,417,1145,-728
107000037,96,806,-710
107000038,288,296,-8
107000039,906,808,98
107000040,146,359,-213
107000041,1237,698,539
107000042,659,1796,-1137
107000043,2156,1141,1015
107000044,489,385,104
107000045,102,266,-164
107000046,749,403,346
107000047,430,948,-518
107000048,680,345,335
107000049,574,769,-195
107000050,1048,611,437
107000051,457,368,89
107000052,1025,1002,23
107000053,351,205,146
107000054,78,286,-208
107000055,396,177,219
107000056,509,838,-329
107000057,1601,263,1338
107000058,2116,2110,6
107000059,1968,3348,-1380
107000060,3925,5058,-1133
107000061,4864,3720,1144
107000062,3680,3036,644
107000063,4075,5178,-1103
107000064,4359,2186,2173
107000065,4752,4898,-146
107000066,1790,2426,-636
107000067,1097,1048,49
107000068,1227,680,547
107000069,748,541,207
107000070,1786,5,1781
107000071,2785,53,2732
107000072,61,2859,-2798
107000073,728,365,363
107000074,146,912,-766
107000075,1563,501,1062
107000076,799,1573,-774
107000077,3205,1409,1796
107000078,2832,3526,-694
107000079,2643,1154,1489
107000080,1399,3128,-1729
107000081,1615,776,839
107000082,619,1987,-1368
107000083,1249,501,748
107000084,394,1932,-1538
107000085,2946,3485,-539
107000086,3518,3551,-33
107000087,2798,2084,714
107000088,3382,3654,-272
107000089,1551,1756,-205
107000090,978,1073,-95
107000091,1360,903,457
107000092,739,990,-251
107000093,1152,870,282
107000094,896,1143,-247
107000095,683,754,-71
107000096,549,952,-403
107000097,832,435,397
107000098,906,866,40
107000099,556,270,286
107000100,255,426,-171
107000101,90,153,-63
107000102,217,347,-130
107000103,264,208,56
107000104,227,296,-69
107000105,377,142,235
107000106,686,292,394
107000107,591,235,356
107000108,187,626,-439
107000109,646,196,450
107000110,75,594,-519
107000111,326,62,264
107000112,29,318,-289
107000113,611,159,452
107000114,105,550,-445
107000115,500,157,343
107000116,113,694,-581
107000117,114,582,-468
107000118,177,200,-23
107000119,1316,1490,-174
107000120,1303,435,868
107000121,862,794,68
107000122,1222,952,270
107000123,447,696,-249
107000124,536,968,-432
107000125,935,598,337
107000126,967,905,62
107000129,230,829,-599
107000130,502,224,278
107000131,356,608,-252
107000132,480,390,90
107000133,1059,105,954
107000134,336,1,335
107000135,2,285,-283
107000136,823,13,810
107000137,12,537,-525
107000138,452,34,418
107000139,17,428,-411
107000140,1970,109,1861
107000141,153,837,-684
107000142,479,101,378
107000143,83,660,-577
107000144,543,451,92
107000145,192,455,-263
107000146,180,370,-190
107000147,4520,1210,3310
107000150,762,2686,-1924
107000151,39,137,-98
107000152,454,1402,-948
107000153,209,408,-199
107000154,305,294,11
107000155,825,35,790
107000156,1082,34,1048
107000157,61,1683,-1622
107000158,568,41,527
107000159,62,1043,-981
107000160,904,111,793
107000161,114,1612,-1498
107000162,253,533,-280
107000163,356,6,350
107000164,609,4,605
107000165,936,7,929
107000166,61,1114,-1053
107000167,544,289,255
107000168,1040,555,485
107000169,774,925,-151
107000170,1724,1016,708
107000171,758,1886,-1128
107000172,980,1376,-396
107000173,690,961,-271
107000174,955,4669,-3714
107000175,6165,1745,4420
107000176,0,3,-3
107000177,1,2,-1
107000178,10,63,-53
107000179,234,2083,-1849
107000180,1191,353,838
107000181,531,1271,-740
107000182,1639,861,778
107000183,134,807,-673
107000184,966,741,225
107000185,381,1262,-881
107000186,1022,412,610
107000187,1587,1527,60
107000188,689,650,39
107000189,452,1228,-776
107000190,553,667,-114
107000191,844,1412,-568
107000192,1511,774,737
107000193,392,482,-90
107000194,878,635,243
107000197,898,269,629
107000198,265,765,-500
107000199,603,735,-132
107000200,572,728,-156
107000201,549,277,272
107000202,377,531,-154
107000203,1364,718,646
107000204,1465,866,599
107000205,2208,946,1262
107000206,849,1169,-320
107000207,605,814,-209
107000208,854,471,383
107000209,1605,1157,448
107000210,743,371,372
107000211,9,39,-30
107000212,15,263,-248
107000213,3,21,-18
107000214,14,140,-126
107000215,338,276,62
107000216,318,316,2
107000217,196,107,89
107000219,66,112,-46
107000220,198,203,-5
107000222,282,731,-449
107000224,376,70,306
107000225,312,407,-95
107000226,389,104,285
107000227,108,264,-156
107000228,107,252,-145
107000229,171,121,50
107000230,1029,477,552
107000231,1711,1726,-15
107000232,140,75,65
107000233,1722,906,816
107000234,1,59,-58
107000235,63,6,57
107000236,14,459,-445
107000237,38,2,36
107000238,89,2,87
107000239,3218,439,2779
107000240,94,924,-830
107000243,0,44,-44
107000244,2,65,-63
107000246,5,1102,-1097
107000249,1,1200,-1199
107000251,8,420,-412
107000252,4,1121,-1117
107000255,350,50,300
107000257,0,451,-451
107000258,1,137,-136
107000259,7,191,-184
107000260,614,9,605
107000262,16,511,-495
107000263,242,11,231
107000266,9,16,-7
107000267,81,126,-45
107000268,175,183,-8
107000269,786,99,687
107000270,4,16,-12
107000271,11,608,-597
107000272,23,137,-114
107000273,15,333,-318
107000274,1340,10,1330
107000275,694,1451,-757
107000280,714,45,669
107000281,66,1115,-1049
107000282,46,929,-883
107000290,26,46,-20
107000291,20,5,15
107000292,9,71,-62
107000293,58,3,55
107000294,0,46,-46
107000295,220,3,217
107000296,0,18,-18
107000444,423,13,410
107000496,13,24,-11
107000497,1461,2546,-1085
107000500,286,296,-10
107000501,101,186,-85
107000502,180,354,-174
107000505,389,798,-409
107000506,1,24,-23
107000508,6,620,-614
107000509,218,918,-700
107000510,83,20,63
107000514,51,343,-292
107000515,19,181,-162
107000516,325,254,71
107000518,1012,1289,-277
107000519,1770,991,779
107000520,76,36,40
107000521,683,441,242
107000522,962,596,366
107900001,46,178,-132
107900002,39,2,37
107900003,71,37,34
107900004,0,0,0
107900005,1003,6,997
107900006,115,0,115
107900007,241,40,201
107900008,100,15,85
107900009,162,11,151
107900010,26,1,25
107900012,217,36,181
107900013,205,42,163
107900014,14,4,10
107900015,769,8,761
107900016,273,67,206
107900017,12,1,11
107900018,44,96,-52
107900019,21,57,-36
107900020,71,22,49
107900021,50,133,-83
107900023,6,4,2
107900024,1,37,-36
107900025,146,163,-17
107900026,46,67,-21
107900027,71,60,11
107900028,57,63,-6
107900030,147,30,117
107900031,70,92,-22
107900032,16,3,13
107900033,13,11,2
107900034,290,13,277
107900035,603,32,571
107900036,63,10,53
107900037,0,38,-38
107900038,142,184,-42
107900039,27,47,-20
107900040,79,112,-33
107900041,2,3,-1
107900043,39,100,-61
107900044,5,10,-5
107900045,115,56,59
107900046,136,159,-23
107900047,24,52,-28
107900048,147,8,139
107900049,383,1049,-666
107900050,147,272,-125
107900051,68,44,24
107900052,45,39,6
107900053,43,71,-28
107900055,440,174,266
107900056,117,41,76
107900057,2,0,2
107900058,38,517,-479
107900060,121,29,92
107900061,10,13,-3
107900063,63,122,-59
107900064,249,110,139
107900065,139,17,122
107900066,25,3,22
107900067,1,0,1
107900068,95,353,-258
107900069,53,1522,-1469
107900070,91,28,63
107900071,32,659,-627
107900072,83,150,-67
107900073,354,92,262
107900074,835,255,580
107900076,91,41,50
107900077,65,1,64
107900079,30,20,10
107900080,234,476,-242
107900081,39,143,-104
107900082,18,25,-7
107900083,317,175,142
107900084,86,106,-20
107900086,172,152,20
107900087,651,176,475
107900088,30,10,20
107900089,222,702,-480
107900090,465,1871,-1406
107900091,222,436,-214
107900093,77,109,-32
107900095,3392,2020,1372
107900097,27,52,-25
107900098,35,180,-145
107900100,956,950,6
107900101,807,207,600
107900102,18,4,14
107900103,53,132,-79
107900104,288,6,282
107900105,1,418,-417
107900106,3,1094,-1091
107900107,901,417,484
107900108,280,137,143
107900109,1029,11,1018
107900110,33,103,-70
107900111,28,762,-734
107900112,69,286,-217
107900113,149,119,30
107900114,145,169,-24
107900115,5,31,-26
107900116,135,191,-56
107900117,348,393,-45
107900118,75,167,-92
107900119,66,237,-171
107900120,35,25,10
107900121,3,151,-148
107900122,5,91,-86
107900123,9,26,-17
107900124,16,30,-14
107900125,28,188,-160
107900126,7,40,-33
107900127,402,320,82
107900128,92,57,35
107900129,62,54,8
107900130,53,46,7
107900131,729,275,454
107900132,109,411,-302
107900133,0,86,-86
107900134,23,78,-55
107900135,9,136,-127
107900136,30,34,-4
107900137,163,72,91
107900138,58,68,-10
107900139,27,94,-67
107900141,80,57,23
107900142,98,760,-662
107900143,94,30,64
107900144,4,179,-175
107900145,7,92,-85
107900146,53,111,-58
107900147,44,32,12
107900148,134,107,27
107900149,788,227,561
107900150,59,577,-518
107900151,26,120,-94
107900152,9,152,-143
107900153,151,283,-132
107900154,43,28,15
107900155,58,96,-38
107900156,3,335,-332
107900157,22,61,-39
107900158,615,16,599
107900159,31,669,-638
107900160,112,200,-88
107900161,16,204,-188
107900162,1,25,-24
107900163,39,47,-8
107900164,12,51,-39
107900165,49,105,-56
107900166,15,222,-207
107900167,52,40,12
107900168,28,36,-8
107900169,128,134,-6
107900171,6,1330,-1324
107900172,3,390,-387
107900173,15,138,-123
107900174,94,9,85
107900175,47,40,7
107900176,19,42,-23
107900177,0,65,-65
107900178,0,136,-136
107900179,8,133,-125
107900180,623,382,241
107900181,457,262,195
107900182,375,1218,-843
107900183,40,213,-173
107900184,134,264,-130
107900185,90,3,87
107900186,22,42,-20
107900187,1,124,-123
107900188,633,131,502
107900189,13,95,-82
107900190,76,116,-40
107900191,47,120,-73
107900193,40,115,-75
107900194,177,12,165
107900195,2252,397,1855
107900196,69,71,-2
107900197,1033,405,628
107900199,1,1151,-1150
107900201,48,100,-52
107900203,29,75,-46
107900204,176,175,1
107900206,1028,208,820
107900207,4,650,-646
107900208,25,487,-462
107900209,376,132,244
107900210,67,117,-50
107900213,458,430,28
107900214,15,152,-137
107900215,151,299,-148
107900216,180,82,98
107900217,38,81,-43
107900218,18,1358,-1340
107900219,37,129,-92
107900220,251,234,17
107900221,139,209,-70
107900223,97,520,-423
107900224,112,302,-190
107900225,4,614,-610
107900226,148,106,42
107900227,107,403,-296
107900228,15,108,-93
107900229,2,241,-239
107900230,13,112,-99
107900231,27,162,-135
107900232,64,155,-91
107900233,5,119,-114
107900234,79,115,-36
107900235,20,97,-77
107900236,79,120,-41
107900237,41,353,-312
107900238,32,78,-46
107900239,843,468,375
107900240,25,117,-92
107900241,11,65,-54
107900242,28,192,-164
107900243,2,116,-114
107900244,266,2,264
107900245,537,53,484
107900246,163,6,157
107900248,439,357,82
107900249,480,16,464
107900250,1,448,-447
107900251,103,1211,-1108
107900252,754,40,714
107900253,121,3,118
107900254,68,446,-378
107900255,293,113,180
107900256,1688,853,835
107900257,139,97,42
107900258,112,181,-69
107900259,92,1497,-1405
107900261,1,191,-190
107900262,69,112,-43
107900264,266,7,259
107900265,369,158,211
107900267,184,25,159
107900268,33,9,24
107900269,3,8,-5
107900270,3,0,3
107900271,1,16,-15
107900272,118,16,102
107900273,40,103,-63
107900274,47,0,47
107900275,22,0,22
107900276,3,97,-94
107900277,1,234,-233
107900278,197,387,-190
107900279,102,191,-89
107900280,1839,2103,-264
107900281,1512,2092,-580
107900282,48,383,-335
107900283,845,469,376
107900284,316,398,-82
107900285,97,65,32
107900286,144,94,50
107900287,165,177,-12
107900290,2,102,-100
107900291,385,20,365
107900292,112,229,-117
107900293,68,499,-431
107900295,81,57,24
107900297,3,363,-360
107900298,827,897,-70
107900299,3049,1859,1190
107900301,1216,654,562
107900302,102,40,62
107900303,225,273,-48
107900304,208,427,-219
107900305,244,8,236
107900306,12,22,-10
107900307,63,259,-196
107900308,194,105,89
107900309,82,1,81
107900310,638,5,633
107900311,9,483,-474
107900312,57,1,56
107900313,0,162,-162
107900314,0,75,-75
107900315,6,31,-25
107900316,33,3,30
107900317,75,12,63
107900318,21,114,-93
107900319,2,124,-122
107900320,0,116,-116
107900321,120,5,115
107900322,18,157,-139
107900323,6,171,-165
107900324,142,2,140
107900325,84,0,84
107900326,242,247,-5
107900327,0,108,-108
107900328,166,3,163
107900329,107,101,6
107900330,6,286,-280
107900331,153,45,108
107900332,222,43,179
107900333,48,10,38
107900334,19,161,-142
107900335,89,35,54
107900336,76,66,10
107900337,1028,698,330
107900338,2,146,-144
107900339,3,22,-19
107900340,3,61,-58
107900341,64,2,62
107900342,167,155,12
107900343,43,1,42
107900344,13,85,-72
107900345,98,18,80
107900346,22,1,21
107900347,21,5,16
107900348,6,6,0
107900349,12,7,5
107900350,15,266,-251
107900351,3,159,-156
107900352,1,41,-40
107900353,25,6,19
107900354,10,43,-33
108000001,2898,3593,-695
108000002,2227,2669,-442
108000003,3349,3217,132
108000004,11925,15081,-3156
108000005,7980,6540,1440
108000006,8758,8267,491
108000007,5260,4351,909
108000008,4358,6648,-2290
108000009,3277,4467,-1190
108000010,3252,4541,-1289
108000011,11583,12127,-544
108000012,17784,16164,1620
108000014,1500,830,670
108000015,843,304,539
108000016,303,844,-541
108000017,924,401,523
108000018,1801,603,1198
108000019,2275,909,1366
108000020,1562,542,1020
108000021,367,1915,-1548
108000022,389,1331,-942
108000023,1159,247,912
108000024,423,500,-77
108000025,290,311,-21
108000026,883,426,457
108000027,826,888,-62
108000028,749,236,513
108000029,568,1020,-452
108000030,500,208,292
108000031,266,690,-424
108000032,1437,694,743
108000033,784,1132,-348
108000034,1498,526,972
108000035,651,2343,-1692
108000036,332,985,-653
108000037,1481,459,1022
108000038,2186,669,1517
108000039,505,1958,-1453
108000040,1660,1006,654
108000041,696,2247,-1551
108000042,271,223,48
108000043,176,308,-132
108000044,427,200,227
108000045,336,490,-154
108000046,1339,351,988
108000047,452,1013,-561
108000048,306,362,-56
108000049,1314,286,1028
108000050,142,654,-512
108000051,392,154,238
108000052,267,701,-434
108000053,432,247,185
108000054,527,996,-469
108000055,898,529,369
108000056,1492,1386,106
108000057,544,1213,-669
108000058,1957,3540,-1583
108000059,3260,2135,1125
108000060,212,594,-382
108000061,406,505,-99
108000062,709,543,166
108000063,478,496,-18
108000064,192,275,-83
108000065,582,577,5
108000066,1383,707,676
108000067,1642,634,1008
108000068,635,497,138
108000069,268,1098,-830
108000070,1660,872,788
108000071,640,1587,-947
108000072,1575,1333,242
108000073,1329,1928,-599
108000074,494,467,27
108000075,404,968,-564
108000076,786,680,106
108000077,614,685,-71
108000078,2046,1541,505
108000079,949,1752,-803
108000080,1258,649,609
108000081,802,1908,-1106
108000082,950,1776,-826
108000083,1619,1014,605
108000084,663,1081,-418
108000085,851,554,297
108000086,769,619,150
108000087,148,1958,-1810
108000088,728,174,554
108000089,256,293,-37
108000091,204,519,-315
108000092,122,83,39
108000093,184,530,-346
108000094,457,105,352
108000095,137,402,-265
108000096,231,192,39
108000097,148,427,-279
108000098,1457,1427,30
108000099,1262,390,872
108000100,134,462,-328
108000101,2219,1460,759
108000102,1677,3518,-1841
108000106,1596,2,1594
108000107,3,800,-797
108000108,1111,50,1061
108000109,11,686,-675
108000110,202,319,-117
108000111,151,678,-527
108000112,69,163,-94
108000113,446,253,193
108000115,298,287,11
108000117,633,293,340
108000118,670,1690,-1020
108000119,622,371,251
108000120,143,663,-520
108000121,177,436,-259
108000122,465,350,115
108000123,1559,242,1317
108000124,703,771,-68
108000125,356,268,88
108000126,172,368,-196
108000127,538,438,100
108000128,629,613,16
108000129,876,1209,-333
108000130,852,374,478
108000131,929,698,231
108000132,1999,1495,504
108000133,757,598,159
108000134,562,677,-115
108000135,1096,575,521
108000136,423,1015,-592
108000137,433,517,-84
108000138,411,943,-532
108000139,612,420,192
108000140,108,27,81
108000141,27,61,-34
108000142,44,94,-50
108000143,52,465,-413
108000144,387,51,336
108000145,29,20,9
108000146,451,111,340
108000147,26,27,-1
108000148,491,149,342
108000149,28,20,8
108000150,30,23,7
108000151,566,123,443
108000152,140,581,-441
108000153,452,220,232
108000154,52,16,36
108000155,42,21,21
108000156,872,482,390
108000157,145,822,-677
108000158,80,659,-579
108000159,597,259,338
108000160,2870,1039,1831
108000161,2288,2096,192
108000165,4,143,-139
108000172,6,310,-304
108000173,1910,1858,52
108000175,491,156,335
108000178,343,355,-12
108000179,161,899,-738
108000181,76,37,39
108000182,271,108,163
108000183,133,649,-516
108000184,1063,2077,-1014
108000185,214,554,-340
108000186,394,576,-182
108000187,141,612,-471
108000188,510,269,241
108000189,2104,6746,-4642
108000190,63,152,-89
108000192,248,593,-345
108000193,1043,33,1010
108000194,45,11,34
108000195,1,913,-912
108000196,702,175,527
108000198,723,436,287
108000199,0,201,-201
108000200,399,613,-214
108000203,108,754,-646
108000204,174,89,85
108000205,386,480,-94
108000339,1238,403,835
108000364,303,730,-427
108000365,83,316,-233
108000367,111,337,-226
108000368,5,68,-63
108000369,1114,249,865
108000371,8,614,-606
108000372,833,10,823
108000373,236,199,37
108000376,75,43,32
108000377,452,289,163
108000378,8728,9754,-1026
108000379,18,199,-181
108000381,47,34,13
108000382,296,1,295
108000383,0,218,-218
108900001,114,1221,-1107
108900002,193,49,144
108900003,322,640,-318
108900004,365,465,-100
108900007,242,227,15
108900008,104,187,-83
108900009,72,139,-67
108900010,215,206,9
108900011,416,440,-24
108900012,235,468,-233
108900013,139,281,-142
108900014,7,123,-116
108900015,56,92,-36
108900016,0,230,-230
108900017,415,328,87
108900018,158,349,-191
108900019,23,771,-748
108900020,35,184,-149
108900021,135,263,-128
108900022,96,7,89
108900023,15,19,-4
108900024,26,120,-94
108900025,85,106,-21
108900026,27,90,-63
108900027,0,88,-88
108900028,75,350,-275
108900029,52,384,-332
108900030,0,86,-86
108900031,100,343,-243
108900032,16,206,-190
108900033,0,101,-101
108900034,0,276,-276
108900035,355,1286,-931
108900038,1,267,-266
108900039,2,449,-447
108900040,2,122,-120
108900041,4822,2821,2001
108900042,7,392,-385
108900043,50,341,-291
108900044,2,446,-444
108900045,58,532,-474
108900046,47,717,-670
108900047,17,138,-121
108900048,158,885,-727
108900049,3094,1246,1848
108900050,1,210,-209
108900051,8,156,-148
108900052,28,250,-222
108900053,73,163,-90
108900054,57,183,-126
108900055,61,287,-226
108900056,1,163,-162
108900057,0,106,-106
108900058,29,326,-297
108900059,369,45,324
108900060,86,147,-61
108900061,92,27,65
108900062,6,201,-195
108900063,13,247,-234
108900064,170,51,119
108900065,12,249,-237
108900066,395,119,276
108900067,18,145,-127
108900068,10,156,-146
108900069,54,112,-58
108900070,34,115,-81
108900071,74,59,15
108900072,1748,670,1078
108900073,30,326,-296
108900074,199,415,-216
108900075,81,60,21
108900076,257,75,182
108900077,134,428,-294
108900078,23,117,-94
108900079,940,214,726
108900080,18,659,-641
108900081,47,174,-127
108900082,84,134,-50
108900083,18,220,-202
108900085,2259,169,2090
108900086,110,257,-147
108900087,91,157,-66
108900088,849,409,440
108900089,28,148,-120
108900090,41,280,-239
108900091,137,95,42
108900092,378,324,54
108900093,89,82,7
108900094,216,102,114
108900095,40,309,-269
108900096,311,25,286
108900097,230,215,15
108900098,2448,703,1745
108900099,361,276,85
108900100,90,129,-39
108900101,195,137,58
108900102,86,710,-624
108900103,74,167,-93
108900105,14,1018,-1004
108900106,428,315,113
108900108,378,75,303
108900109,271,74,197
108900110,270,391,-121
108900111,442,506,-64
108900113,44,62,-18
108900114,43,7,36
108900115,48,87,-39
108900116,59,28,31
108900117,163,19,144
108900118,436,15,421
108900119,207,27,180
108900120,221,178,43
108900121,226,187,39
108900122,94,34,60
108900123,88,145,-57
108900124,400,264,136
108900125,317,3,314
108900126,94,30,64
108900127,153,31,122
108900128,96,33,63
108900129,661,161,500
108900130,215,1,214
108900131,369,8,361
108900132,413,77,336
108900133,171,89,82
108900134,305,270,35
108900135,126,8,118
108900136,40,0,40
108900137,149,4,145
108900138,679,43,636
108900140,249,246,3
108900141,395,22,373
108900142,136,8,128
108900143,48,0,48
108900144,87,0,87
108900145,131,17,114
108900146,63,0,63
108900147,219,0,219
108900148,73,49,24
108900150,234,14,220
108900151,411,2,409
108900152,224,6,218
108900153,156,355,-199
108900154,4379,447,3932
108900156,61,9,52
108900157,98,416,-318
108900158,580,36,544
108900159,9,223,-214
108900160,8,278,-270
108900161,21,397,-376
108900162,102,0,102
108900163,8,219,-211
108900164,60,83,-23
108900168,7358,2327,5031
108900169,50,95,-45
108900171,6871,2711,4160
108900172,161,68,93
108900173,194,360,-166
108900174,755,637,118
108900176,92,393,-301
108900177,4650,4336,314
108900178,3335,2853,482
108900180,90,285,-195
108900183,185,241,-56
108900184,346,183,163
108900185,250,305,-55
108900186,58,333,-275
108900189,458,133,325
108900190,40,2508,-2468
108900192,60,222,-162
108900195,91,264,-173
108900196,25,310,-285
108900199,229,322,-93
108900200,619,391,228
108900201,495,1390,-895
108900203,387,102,285
108900204,298,22,276
108900205,166,26,140
108900206,416,40,376
108900207,150,50,100
108900208,15,265,-250
108900209,215,442,-227
108900210,134,169,-35
108900211,149,513,-364
108900212,665,1396,-731
108900215,109,375,-266
108900216,658,233,425
108900217,131,2,129
108900218,136,73,63
108900221,45,152,-107
108900224,26,170,-144
108900225,0,178,-178
108900227,102,239,-137
108900230,262,263,-1
108900232,1,245,-244
108900233,277,84,193
108900234,248,190,58
108900235,183,446,-263
108900236,41,213,-172
108900240,122,103,19
108900241,33,37,-4
108900245,20,1184,-1164
108900250,192,133,59
108900258,16,239,-223
108900259,111,91,20
108900260,6,110,-104
108900261,120,160,-40
108900262,140,193,-53
108900263,24,149,-125
108900264,610,292,318
108900265,1014,358,656
108900266,888,499,389
108900267,2,83,-81
108900268,20,6,14
108900269,86,39,47
108900270,48,13,35
108900271,51,22,29
108900272,211,21,190
108900273,1148,658,490
108900274,76,66,10
109000001,3707,1428,2279
109000002,1792,1766,26
109000003,2467,498,1969
109000004,464,2100,-1636
109000005,2577,751,1826
109000006,757,2105,-1348
109000007,1310,720,590
109000008,478,1592,-1114
109000009,3366,1518,1848
109000010,1580,3603,-2023
109000011,2861,2272,589
109000012,1807,3190,-1383
109000013,2839,2877,-38
109000014,1886,2723,-837
109000015,4639,8148,-3509
109000016,5974,3648,2326
109000017,2244,1457,787
109000018,886,2900,-2014
109000019,2412,1497,915
109000020,1098,1877,-779
109000023,366,63,303
109000024,15,219,-204
109000025,369,450,-81
109000026,778,402,376
109000027,74,302,-228
109000028,158,99,59
109000029,80,132,-52
109000030,66,535,-469
109000031,189,220,-31
109000032,158,379,-221
109000033,362,218,144
109000034,50,38,12
109000035,35,104,-69
109000036,208,350,-142
109000037,253,1076,-823
109000038,547,376,171
109000039,744,586,158
109000040,2292,4585,-2293
109000041,3096,1590,1506
109000042,630,1249,-619
109000044,395,219,176
109000045,166,322,-156
109000046,302,106,196
109000047,93,455,-362
109000048,1398,516,882
109000049,245,577,-332
109000050,537,698,-161
109000051,320,334,-14
109000052,498,891,-393
109000053,745,234,511
109000054,698,515,183
109000055,458,292,166
109000056,394,428,-34
109000057,482,469,13
109000058,2280,496,1784
109000059,901,1395,-494
109000060,830,408,422
109000061,923,877,46
109000062,140,360,-220
109000063,272,194,78
109000064,194,181,13
109000065,121,182,-61
109000066,296,88,208
109000067,80,313,-233
109000068,4697,24,4673
109000069,1981,53,1928
109000070,15,1384,-1369
109000071,389,95,294
109000072,171,753,-582
109000073,72,71,1
109000074,39,243,-204
109000075,85,337,-252
109000076,231,289,-58
109000077,411,398,13
109000078,104,218,-114
109000079,155,220,-65
109000080,177,104,73
109000081,95,583,-488
109000082,628,254,374
109000083,265,897,-632
109000088,112,436,-324
109000089,273,47,226
109000090,156,351,-195
109000091,260,166,94
109000092,308,496,-188
109000093,204,211,-7
109000094,438,1,437
109000095,131,430,-299
109000096,596,364,232
109000097,80,157,-77
109000098,87,164,-77
109000099,1105,314,791
109000100,244,667,-423
109000101,1369,737,632
109000102,386,760,-374
109000103,767,679,88
109000104,1358,523,835
109000105,438,1070,-632
109000106,1693,757,936
109000107,579,1905,-1326
109000108,1587,574,1013
109000109,444,1688,-1244
109000110,921,656,265
109000111,864,1832,-968
109000112,500,127,373
109000113,418,159,259
109000114,157,427,-270
109000115,1401,109,1292
109000116,23,643,-620
109000117,193,108,85
109000118,11,292,-281
109000119,1002,266,736
109000120,179,711,-532
109000121,640,129,511
109000122,117,663,-546
109000123,46,192,-146
109000124,552,474,78
109000125,778,357,421
109000126,489,758,-269
109000127,1253,376,877
109000128,450,1269,-819
109000129,1712,762,950
109000130,839,2277,-1438
109000131,1381,1005,376
109000132,1124,2577,-1453
109000133,405,974,-569
109000134,870,1460,-590
109000135,1227,1761,-534
109000136,420,270,150
109000137,338,353,-15
109000138,515,392,123
109000139,419,523,-104
109000140,287,675,-388
109000141,692,567,125
109000142,135,442,-307
109000143,98,95,3
109000145,113,392,-279
109000146,91,117,-26
109000148,2847,1355,1492
109000149,17,55,-38
109000150,169,265,-96
109000155,720,562,158
109000156,950,604,346
109000158,92,233,-141
109000159,94,505,-411
109000160,782,237,545
109000161,279,960,-681
109000162,1561,745,816
109000163,809,1690,-881
109000164,1155,2474,-1319
109000165,1104,609,495
109000166,587,126,461
109000167,138,446,-308
109000170,52,74,-22
109000171,51,48,3
109000172,72,108,-36
109000173,34,69,-35
109000174,101,50,51
109000175,146,320,-174
109000176,265,248,17
109000177,25,117,-92
109000178,578,415,163
109000179,3813,3262,551
109000180,4064,2890,1174
109000181,16,43,-27
109000182,35,31,4
109000183,41,26,15
109000184,79,30,49
109000185,20,46,-26
109000188,895,1763,-868
109000189,2663,1015,1648
109000190,590,483,107
109000191,337,444,-107
109000192,307,334,-27
109000193,175,288,-113
109000194,258,197,61
109000195,139,314,-175
109000196,266,155,111
109000197,169,406,-237
109000198,238,91,147
109000199,127,400,-273
109000206,178,31,147
109000207,90,30,60
109000208,60,65,-5
109000209,139,162,-23
109000210,211,512,-301
109000211,497,529,-32
109000214,584,900,-316
109000215,177,76,101
109000216,303,306,-3
109000217,555,107,448
109000218,416,187,229
109000221,507,1102,-595
109000222,1018,379,639
109000223,320,294,26
109000224,48,157,-109
109000225,63,45,18
109000226,56,218,-162
109000227,847,899,-52
109000228,3,1239,-1236
109000231,1,298,-297
109000232,341,329,12
109000236,243,687,-444
109000241,2038,2008,30
109000242,1899,1540,359
109000293,162,194,-32
109000361,268,274,-6
109000364,210,500,-290
109000396,3,459,-456
109000397,400,10,390
109000399,162,405,-243
109000400,89,283,-194
109000403,243,1724,-1481
109000406,417,4,413
109000407,302,234,68
109000408,1,415,-414
109000410,909,318,591
109000411,178,26,152
109900001,85,1,84
109900002,854,22,832
109900003,207,0,207
109900005,25,2,23
109900006,407,218,189
109900007,563,417,146
109900008,2,66,-64
109900009,107,481,-374
109900010,554,25,529
109900011,135,68,67
109900012,349,245,104
109900013,339,199,140
109900015,364,233,131
109900017,32,29,3
109900018,192,42,150
109900019,372,69,303
109900020,34,83,-49
109900021,21,19,2
109900022,188,210,-22
109900023,11,6,5
109900024,24,7,17
109900025,27,64,-37
109900027,30,81,-51
109900028,1597,912,685
109900029,2,300,-298
109900030,36,15,21
109900031,0,88,-88
109900032,9,410,-401
109900033,2,426,-424
109900034,71,4,67
109900035,23,14,9
109900036,23,46,-23
109900037,24,487,-463
109900038,82,249,-167
109900039,8,0,8
109900040,21,497,-476
109900041,72,309,-237
109900042,238,485,-247
109900044,225,258,-33
109900045,435,130,305
109900046,91,122,-31
109900047,491,301,190
109900048,7,119,-112
109900049,9,40,-31
109900050,1,158,-157
109900051,3,78,-75
109900052,91,311,-220
109900053,5,272,-267
109900054,470,202,268
109900055,47,301,-254
109900056,95,233,-138
109900057,3,160,-157
109900058,0,75,-75
109900060,350,153,197
109900061,41,211,-170
109900062,2,121,-119
109900064,453,263,190
109900065,123,118,5
109900066,368,815,-447
109900067,0,207,-207
109900068,40,2,38
109900069,5,36,-31
109900071,6,28,-22
109900072,28,141,-113
109900073,301,418,-117
109900074,6,63,-57
109900075,13,50,-37
109900076,19,274,-255
109900077,65,61,4
109900078,63,186,-123
109900080,120,259,-139
109900081,17,222,-205
109900082,47,282,-235
109900083,27,60,-33
109900084,42,134,-92
109900085,170,540,-370
109900086,179,468,-289
109900087,388,517,-129
109900089,639,291,348
109900092,1397,41,1356
109900093,835,184,651
109900094,82,103,-21
109900095,401,178,223
109900096,35,4,31
109900097,77,3,74
109900098,365,37,328
109900099,150,2,148
109900100,30,0,30
109900101,346,16,330
109900102,469,31,438
109900103,353,96,257
109900104,507,708,-201
109900105,490,27,463
109900106,354,71,283
109900107,492,97,395
109900108,110,287,-177
109900109,42,141,-99
109900111,280,765,-485
109900114,1185,662,523
109900115,155,123,32
109900117,751,135,616
109900121,598,740,-142
109900123,27,149,-122
109900125,2,134,-132
109900126,233,95,138
109900130,5561,2073,3488
109900131,63,184,-121
109900132,24,154,-130
109900134,153,111,42
109900135,411,69,342
109900137,117,305,-188
109900140,239,154,85
109900149,46,72,-26
109900150,14,102,-88
109900151,14,67,-53
109900152,4,25,-21
109900153,0,93,-93
109900154,48,0,48
109900155,74,34,40
109900157,47,211,-164
109900159,341,114,227
109900161,195,87,108
109900162,357,343,14
109900163,582,225,357
109900164,70,229,-159
109900165,304,4,300
109900166,1,159,-158
109900167,160,479,-319
109900168,210,709,-499
109900169,166,241,-75
109900170,253,671,-418
109900171,172,62,110
109900172,179,210,-31
109900173,2515,1950,565
109900174,50,91,-41
109900175,52,53,-1
109900176,129,203,-74
109900177,39,215,-176
109900178,79,190,-111
109900179,165,36,129
109900180,10,22,-12
110000001,1000,561,439
110000002,639,779,-140
110000003,805,706,99
110000004,476,706,-230
110000005,404,1776,-1372
110000006,366,354,12
110000007,111,108,3
110000008,30,39,-9
110000009,55,32,23
110000010,45,65,-20
110000011,40,74,-34
110000012,539,389,150
110000013,44,553,-509
110000014,863,406,457
110000015,231,1068,-837
110000016,275,1640,-1365
110000017,2666,281,2385
110000018,2277,409,1868
110000019,19,115,-96
110000020,371,207,164
110000021,730,408,322
110000022,754,163,591
110000023,7,153,-146
110000024,565,362,203
110000025,313,7,306
110000026,7,258,-251
110000027,1150,664,486
110000028,746,763,-17
110000029,426,663,-237
110000030,215,476,-261
110000031,226,473,-247
110000032,609,509,100
110000033,389,116,273
110000034,467,734,-267
110000035,961,487,474
110000036,836,719,117
110000037,206,422,-216
110000038,214,711,-497
110000039,688,2843,-2155
110000040,314,303,11
110000041,316,1263,-947
110000042,139,297,-158
110000043,801,408,393
110000044,186,184,2
110000045,1038,141,897
110000046,12,60,-48
110000047,49,40,9
110000048,34,65,-31
110000049,143,25,118
110000050,29,30,-1
110000051,82,21,61
110000052,40,53,-13
110000053,118,7,111
110000054,530,279,251
110000055,1191,64,1127
110000056,294,148,146
110000057,374,549,-175
110000058,1236,463,773
110000059,1027,526,501
110000060,814,982,-168
110000061,843,649,194
110000062,640,929,-289
110000063,27,79,-52
110000064,107,55,52
110000065,67,97,-30
110000066,55,44,11
110000067,108,146,-38
110000068,341,165,176
110000069,210,97,113
110000071,100,117,-17
110000073,13,19,-6
110000075,9,120,-111
110000076,275,342,-67
110000077,356,1125,-769
110000078,24,31,-7
110000080,380,671,-291
110000081,173,282,-109
110000082,87,358,-271
110000083,272,685,-413
110000084,1291,851,440
110000085,2187,1578,609
110000086,1429,1957,-528
110000087,12,58,-46
110000088,79,223,-144
110000089,339,152,187
110000090,997,243,754
110000091,1304,311,993
110000092,16,82,-66
110000093,39,16,23
110000094,477,291,186
110000095,159,543,-384
110000096,2238,1843,395
110000097,1076,1178,-102
110000098,1760,585,1175
110000099,729,1507,-778
110000100,795,562,233
110000101,31,360,-329
110000102,94,53,41
110000104,554,178,376
110000105,133,291,-158
110000106,579,461,118
110000107,356,471,-115
110000108,112,75,37
110000109,267,250,17
110000110,2903,3585,-682
110000111,5121,2570,2551
110000112,1374,1272,102
110000113,375,2047,-1672
110000114,171,524,-353
110000115,344,264,80
110000116,26,56,-30
110000117,194,255,-61
110000118,356,198,158
110000119,205,326,-121
110000120,313,194,119
110000121,81,379,-298
110000122,360,518,-158
110000123,396,778,-382
110000124,7,939,-932
110000125,969,13,956
110000126,285,33,252
110000127,1097,39,1058
110000128,35,1156,-1121
110000129,8,579,-571
110000130,447,166,281
110000131,111,437,-326
110000132,5,720,-715
110000133,30,833,-803
110000134,13,419,-406
110000135,171,34,137
110000136,57,300,-243
110000137,412,482,-70
110000138,716,717,-1
110000139,745,1092,-347
110000140,895,603,292
110000143,647,393,254
110000144,5681,1941,3740
110000145,2070,1113,957
110000146,1609,696,913
110000147,366,589,-223
110000148,619,236,383
110000151,868,947,-79
110000152,777,376,401
110000153,65,34,31
110000154,17,30,-13
110000155,1339,4099,-2760
110000156,1139,2459,-1320
110000157,1938,1947,-9
110000160,385,307,78
110000161,253,258,-5
110000166,468,94,374
110000167,747,561,186
110000168,1009,502,507
110000169,917,398,519
110000170,277,80,197
110000171,662,168,494
110000172,177,813,-636
110000173,1139,1255,-116
110000174,133,843,-710
110000175,465,75,390
110000176,804,294,510
110000177,370,698,-328
110000178,408,1719,-1311
110000179,1099,332,767
110000180,164,186,-22
110000181,341,564,-223
110000182,394,110,284
110000183,7596,5905,1691
110000184,382,2142,-1760
110000185,1101,553,548
110000186,658,745,-87
110000191,936,305,631
110000192,841,11,830
110000193,1626,18,1608
110000194,15,984,-969
110000195,383,366,17
110000196,312,341,-29
110000197,72,163,-91
110000198,181,71,110
110000199,136,125,11
110000200,1746,493,1253
110000201,1547,872,675
110000202,1158,595,563
110000203,749,739,10
110000204,6,185,-179
110000205,101,74,27
110000206,648,1233,-585
110000207,796,348,448
110000208,260,209,51
110000209,127,832,-705
110000210,999,602,397
110000211,977,800,177
110000212,445,1069,-624
110000213,127,87,40
110000214,244,126,118
110000215,205,334,-129
110000216,115,297,-182
110000217,232,165,67
110000218,147,293,-146
110000219,275,75,200
110000220,75,211,-136
110000221,266,121,145
110000222,59,178,-119
110000223,11,227,-216
110000224,115,5,110
110000225,303,790,-487
110000226,215,102,113
110000227,747,664,83
110000228,313,300,13
110000229,1,248,-247
110000230,627,727,-100
110000231,209,228,-19
110000232,585,212,373
110000233,354,264,90
110000234,727,704,23
110000235,920,1064,-144
110000236,624,710,-86
110000237,2281,1302,979
110000238,1103,1510,-407
110000239,1718,1141,577
110000240,1,76,-75
110000242,0,9,-9
110000243,101,135,-34
110000244,123,398,-275
110000245,45,363,-318
110000246,917,537,380
110000247,1107,4105,-2998
110000248,1759,1298,461
110000249,84,11,73
110000250,82,189,-107
110000251,296,508,-212
110000252,368,220,148
110000253,1229,725,504
110000254,687,1117,-430
110000255,250,883,-633
110000256,463,342,121
110000257,620,469,151
110000258,10,357,-347
110000259,125,14,111
110000260,22,249,-227
110000263,421,101,320
110000264,283,431,-148
110000265,1237,1728,-491
110000266,2149,2754,-605
110000267,25,170,-145
110000268,332,372,-40
110000269,3,59,-56
110000270,57,3,54
110000271,1527,263,1264
110000272,1415,1014,401
110000273,3404,1561,1843
110000274,262,1151,-889
110000275,1689,455,1234
110000276,735,300,435
110000277,385,320,65
110000278,696,621,75
110000279,952,780,172
110000280,475,421,54
110000281,34,406,-372
110000282,274,38,236
110000283,82,169,-87
110000284,76,71,5
110000285,3,531,-528
110000286,24,0,24
110000287,85,7,78
110000288,13,81,-68
110000289,476,1471,-995
110000290,949,654,295
110000291,3986,1239,2747
110000292,1213,3840,-2627
110000293,792,626,166
110000294,876,1033,-157
110000295,178,664,-486
110000296,370,288,82
110000297,2399,302,2097
110000298,307,669,-362
110000299,389,78,311
110000301,638,33,605
110000302,816,931,-115
110000303,690,4,686
110000304,257,289,-32
110000305,1102,8,1094
110000306,124,1076,-952
110000307,1465,9,1456
110000308,374,12,362
110000309,5,644,-639
110000310,749,66,683
110000311,17,487,-470
110000312,402,78,324
110000313,2487,3200,-713
110000314,1,282,-281
110000315,3204,2557,647
110000316,578,1485,-907
110000317,578,610,-32
110000318,13,81,-68
110000319,82,28,54
110000320,92,56,36
110000321,20,49,-29
110000322,292,369,-77
110000323,587,213,374
110000324,2968,1589,1379
110000325,2620,2440,180
110000327,461,261,200
110000328,167,320,-153
110000333,1050,540,510
110000334,863,1301,-438
110000335,745,474,271
110000336,828,1052,-224
110000337,1370,498,872
110000338,476,199,277
110000339,379,219,160
110000340,433,156,277
110000341,415,481,-66
110000342,456,6,450
110000343,0,38,-38
110000344,1400,160,1240
110000345,1780,163,1617
110000346,2392,1943,449
110000347,1089,728,361
110000348,10,31,-21
110000349,7,24,-17
110000350,52,3,49
110000351,848,782,66
110000352,628,1416,-788
110000353,2677,749,1928
110000354,1051,2836,-1785
110000355,105,82,23
110000356,567,5,562
110000357,265,12,253
110000361,7,37,-30
110000362,48,5,43
110000363,296,118,178
110000364,202,330,-128
110000365,221,4,217
110000366,0,52,-52
110000367,280,152,128
110000368,2,48,-46
110000369,101,2,99
110000373,2,231,-229
110000374,395,42,353
110000375,150,1292,-1142
110000376,40,118,-78
110000377,62,491,-429
110000378,29,353,-324
110000379,2738,1656,1082
110000380,67,15,52
110000383,3,1076,-1073
110000384,2546,1007,1539
110000385,0,122,-122
110000387,70,13,57
110000388,38,267,-229
110000389,761,66,695
110000391,933,321,612
110000396,173,141,32
110000397,122,152,-30
110000398,6,85,-79
110000399,167,0,167
110000587,178,67,111
110000589,203,199,4
110000640,166,57,109
110000652,35,190,-155
110000653,312,540,-228
110000654,261,339,-78
110000656,0,602,-602
110000674,34,14,20
110000675,16,17,-1
110000676,3,35,-32
110000679,483,1246,-763
110000682,125,193,-68
110000683,371,619,-248
110000684,6,27,-21
110000685,3,15,-12
110000686,2,32,-30
110000687,89,4,85
110000688,65,784,-719
110000689,46,59,-13
110000692,84,157,-73
110000693,92,301,-209
110000694,1,170,-169
110000695,425,535,-110
110000696,84,79,5
110900001,163,4,159
110900002,325,178,147
110900003,647,529,118
110900004,320,166,154
110900005,2254,2104,150
110900006,59,7,52
110900007,93,15,78
110900008,15,81,-66
110900009,357,96,261
110900010,21,64,-43
110900011,25,92,-67
110900012,15,78,-63
110900013,1130,169,961
110900014,701,15,686
110900015,484,581,-97
110900016,41,128,-87
110900017,362,51,311
110900018,424,63,361
110900019,154,14,140
110900020,63,273,-210
110900021,91,463,-372
110900022,172,259,-87
110900023,90,439,-349
110900024,23,357,-334
110900025,27,83,-56
110900027,42,196,-154
110900028,35,141,-106
110900029,16,246,-230
110900030,35,217,-182
110900031,143,161,-18
110900032,0,72,-72
110900033,44,154,-110
110900035,20,575,-555
110900036,82,24,58
110900037,54,22,32
110900038,865,221,644
110900039,11,220,-209
110900040,190,30,160
110900041,24,96,-72
110900042,135,54,81
110900043,6,69,-63
110900044,220,13,207
110900045,49,369,-320
110900046,48,218,-170
110900047,489,237,252
110900049,61,48,13
110900050,19,7,12
110900051,40,245,-205
110900052,1,125,-124
110900053,80,29,51
110900054,58,161,-103
110900055,26,6,20
110900056,52,89,-37
110900057,0,136,-136
110900058,238,236,2
110900059,656,442,214
110900060,414,110,304
110900061,24,59,-35
110900062,124,263,-139
110900063,25,195,-170
110900064,42,5,37
110900065,419,152,267
110900066,10,63,-53
110900067,262,605,-343
110900068,229,221,8
110900069,176,386,-210
110900070,111,73,38
110900071,266,524,-258
110900073,4,28,-24
110900074,298,94,204
110900075,338,60,278
110900077,910,843,67
110900078,29,47,-18
110900079,2810,1387,1423
110900080,112,91,21
110900081,5,61,-56
110900082,112,120,-8
110900083,110,47,63
110900084,30,83,-53
110900085,47,229,-182
110900086,64,253,-189
110900087,353,147,206
110900088,14,6,8
110900090,38,33,5
110900091,2,46,-44
110900093,391,110,281
110900095,45,31,14
110900097,17,24,-7
110900098,32,98,-66
110900099,43,321,-278
110900100,0,28,-28
110900102,93,19,74
110900105,733,233,500
110900108,13,44,-31
110900111,276,228,48
110900112,968,5,963
110900113,422,26,396
110900115,4,81,-77
110900116,541,1443,-902
110900118,217,2904,-2687
110900119,3255,296,2959
110900120,12,50,-38
110900121,132,0,132
110900122,344,182,162
110900125,376,440,-64
110900127,557,1215,-658
110900128,425,465,-40
110900129,390,762,-372
110900130,1066,623,443
110900131,354,68,286
110900132,218,35,183
110900133,399,188,211
110900135,60,258,-198
110900136,329,30,299
110900138,0,0,0
110900139,24,0,24
110900140,16,0,16
110900141,649,290,359
110900142,48,140,-92
110900143,148,62,86
110900144,1,755,-754
110900145,438,37,401
110900146,458,182,276
110900147,153,318,-165
110900148,2,306,-304
110900149,2,75,-73
110900150,33,20,13
110900151,5,74,-69
110900152,22,257,-235
110900153,139,48,91
111000001,587,586,1
111000002,1094,745,349
111000003,1147,717,430
111000004,537,1173,-636
111000005,1429,1158,271
111000006,869,1984,-1115
111000007,3691,2678,1013
111000008,2356,3215,-859
111000009,429,994,-565
111000010,829,266,563
111000011,560,1244,-684
111000012,1005,388,617
111000013,570,1154,-584
111000014,2259,624,1635
111000017,131,974,-843
111000018,380,386,-6
111000020,886,2403,-1517
111000021,81,64,17
111000023,125,85,40
111000025,4020,4018,2
111000029,125,128,-3
111000030,54,123,-69
111000031,2078,1485,593
111000032,732,379,353
111000033,291,447,-156
111000034,205,230,-25
111000037,1517,1404,113
111000038,3978,2406,1572
111000039,1988,2171,-183
111000040,1779,2586,-807
111000041,1999,1882,117
111000042,2985,2505,480
111000043,1804,2999,-1195
111000044,1771,1333,438
111000045,2036,2285,-249
111000046,1248,1859,-611
111000047,2155,3936,-1781
111000049,479,472,7
111000050,1413,1523,-110
111000051,498,999,-501
111000052,607,1611,-1004
111000053,400,899,-499
111000054,286,864,-578
111000055,1145,1724,-579
111000056,179,495,-316
111000057,81,521,-440
111000058,360,72,288
111000059,783,334,449
111000060,3884,1023,2861
111000061,467,412,55
111000062,725,354,371
111000063,2222,1028,1194
111000064,542,633,-91
111000065,1061,1075,-14
111000066,398,562,-164
111000067,657,706,-49
111000068,635,1075,-440
111000069,1850,2220,-370
111000070,1419,1082,337
111000071,262,743,-481
111000072,1128,438,690
111000073,276,914,-638
111000074,1468,1639,-171
111000075,1161,651,510
111000076,459,563,-104
111000077,1766,1910,-144
111000078,3142,1621,1521
111000079,1298,736,562
111000080,489,725,-236
111000081,1642,4109,-2467
111000082,734,700,34
111000084,873,697,176
111000085,950,1346,-396
111000086,2474,1185,1289
111000087,667,782,-115
111000088,3953,1778,2175
111000089,801,843,-42
111000090,955,1494,-539
111000091,736,552,184
111000092,1142,957,185
111000093,773,1122,-349
111000094,1797,1063,734
111000095,577,1966,-1389
111000096,2120,7209,-5089
111000097,4657,1973,2684
111000098,967,1310,-343
111000099,680,1737,-1057
111000100,445,1618,-1173
111000101,460,789,-329
111000102,283,547,-264
111000104,550,223,327
111000107,164,645,-481
111000109,672,353,319
111000110,1457,797,660
111000111,2006,550,1456
111000112,2016,736,1280
111000113,918,1699,-781
111000114,2510,3948,-1438
111000115,5801,1308,4493
111000116,1022,968,54
111000117,528,977,-449
111000118,1930,977,953
111000119,925,1095,-170
111000120,398,714,-316
111000121,268,723,-455
111000122,652,1255,-603
111000123,1017,2719,-1702
111000124,490,2601,-2111
111000125,291,1383,-1092
111000126,160,905,-745
111000127,1040,152,888
111000128,1987,379,1608
111000129,2561,593,1968
111000130,1875,818,1057
111000131,1431,713,718
111000132,1183,814,369
111000133,146,175,-29
111000134,207,144,63
111000135,36,168,-132
111000136,360,368,-8
111000138,13,8,5
111000140,3,10,-7
111000141,255,418,-163
111000142,22,159,-137
111000143,8,169,-161
111000144,97,429,-332
111000145,3830,45,3785
111000146,170,27,143
111000147,390,77,313
111000148,199,68,131
111000149,6,59,-53
111000150,33,17,16
111000151,17,59,-42
111000153,684,789,-105
111000154,854,223,631
111000155,92,182,-90
111000156,446,651,-205
111000157,307,1146,-839
111000158,936,900,36
111000159,2420,798,1622
111000160,487,396,91
111000161,27,321,-294
111000162,144,206,-62
111000163,847,1081,-234
111000164,748,4241,-3493
111000165,1117,701,416
111000166,2358,431,1927
111000167,195,537,-342
111000168,225,470,-245
111000169,304,678,-374
111000170,540,543,-3
111000171,559,707,-148
111000172,256,521,-265
111000173,473,988,-515
111000174,201,393,-192
111000175,57,258,-201
111000176,583,161,422
111000177,343,277,66
111000178,1179,461,718
111000179,192,296,-104
111000180,222,590,-368
111000181,964,251,713
111000182,210,160,50
111000183,869,304,565
111000184,346,190,156
111000185,472,488,-16
111000186,754,287,467
111000187,120,247,-127
111000188,214,446,-232
111000189,1120,655,465
111000190,228,402,-174
111000191,188,358,-170
111000192,198,585,-387
111000193,366,415,-49
111000194,78,290,-212
111000195,177,297,-120
111000196,70,247,-177
111000197,421,215,206
111000198,899,139,760
111000199,236,164,72
111000200,357,425,-68
111000201,610,370,240
111000202,253,249,4
111000203,306,357,-51
111000204,512,1167,-655
111000213,190,546,-356
111000214,1800,1510,290
111000215,1181,1486,-305
111000217,1276,841,435
111000218,1192,1008,184
111000219,490,233,257
111000220,1661,603,1058
111000221,845,113,732
111000224,76,450,-374
111000225,474,408,66
111000226,121,2,119
111000227,55,3,52
111000228,23,326,-303
111000229,52,709,-657
111000230,237,337,-100
111000231,1056,752,304
111000232,617,936,-319
111000233,879,872,7
111000234,141,366,-225
111000239,140,170,-30
111000240,37,153,-116
111000241,45,342,-297
111000242,147,76,71
111000243,282,609,-327
111000244,388,108,280
111000245,1663,441,1222
111000246,560,436,124
111000247,242,911,-669
111000248,639,562,77
111000249,388,701,-313
111000250,41,85,-44
111000251,56,128,-72
111000253,6,15,-9
111000255,20,11,9
111000257,51,31,20
111000260,67,1139,-1072
111000261,1249,143,1106
111000271,57,313,-256
111000273,3365,1732,1633
111000274,1233,2099,-866
111000275,167,92,75
111000276,255,1742,-1487
111000277,211,357,-146
111000278,667,279,388
111000291,928,4637,-3709
111000298,552,280,272
111000299,585,131,454
111000300,122,580,-458
111000302,248,95,153
111000303,80,204,-124
111000312,45,61,-16
111000315,11,126,-115
111000320,362,715,-353
111000321,319,122,197
111000322,314,513,-199
111000323,188,28,160
111000324,550,413,137
111000325,53,81,-28
111000326,170,340,-170
111000327,629,433,196
111000328,273,549,-276
111000329,2,37,-35
111000330,53,12,41
111000331,40,6,34
111000332,509,1403,-894
111000334,397,1395,-998
111000335,1339,336,1003
111000337,1129,438,691
111000338,73,122,-49
111000339,558,335,223
111000340,292,539,-247
111000341,1304,932,372
111000342,591,1456,-865
111000344,1087,720,367
111000345,542,128,414
111000346,26,118,-92
111000347,103,22,81
111000350,313,122,191
111000351,210,310,-100
111000352,212,113,99
111000353,97,237,-140
111000354,630,110,520
111000355,508,477,31
111000358,205,1087,-882
111000360,251,622,-371
111000361,134,299,-165
111000546,1048,630,418
111000547,377,464,-87
111000548,104,327,-223
111000549,310,348,-38
111000550,120,926,-806
111000551,766,175,591
111000552,3895,318,3577
111000907,515,13,502
111000908,15,0,15
111000916,1528,365,1163
111000917,59,372,-313
111000918,218,820,-602
111000920,493,27,466
111000921,6,211,-205
111000922,442,301,141
111000924,73,682,-609
111000925,2534,2176,358
111000926,1073,1852,-779
111000927,2988,4818,-1830
111000928,4318,3596,722
111000929,1782,1370,412
111000930,949,2432,-1483
111000931,1769,2944,-1175
111000932,4131,2372,1759
111000933,3850,2688,1162
111000934,2056,3649,-1593
111000935,1314,1359,-45
111000936,1214,2201,-987
111000937,1064,1854,-790
111000938,1505,1907,-402
111000939,413,77,336
111000940,412,153,259
111000941,502,444,58
111000943,394,454,-60
111000944,206,425,-219
111000945,96,1407,-1311
111001109,438,263,175
111001110,135,504,-369
111001111,87,7,80
111001112,164,25,139
111001113,3,219,-216
111001114,861,144,717
111001115,94,425,-331
111001116,5277,4265,1012
111001117,780,3893,-3113
111001120,127,299,-172
111001121,235,278,-43
111001122,248,472,-224
111001123,231,103,128
111001124,131,218,-87
111001125,7,162,-155
111001126,2,0,2
111001127,1,44,-43
111001128,455,654,-199
111900001,2,214,-212
111900002,4,626,-622
111900003,2,284,-282
111900004,48,105,-57
111900006,11,35,-24
111900007,62,7,55
111900008,155,3,152
111900009,120,0,120
111900010,330,430,-100
111900012,64,87,-23
111900013,8,46,-38
111900014,4620,2968,1652
111900015,0,53,-53
111900016,1,98,-97
111900017,1,98,-97
111900018,193,5,188
111900019,7,66,-59
111900020,2,51,-49
111900021,45,112,-67
111900022,12,76,-64
111900023,107,116,-9
111900024,29,74,-45
111900025,0,37,-37
111900026,0,68,-68
111900027,4,136,-132
111900028,18,329,-311
111900029,1,88,-87
111900030,75,355,-280
111900032,1,264,-263
111900033,3,98,-95
111900034,283,442,-159
111900035,80,193,-113
111900036,1,263,-262
111900038,268,586,-318
111900039,51,378,-327
111900040,4,398,-394
111900042,23,142,-119
111900043,3,320,-317
111900044,361,189,172
111900046,59,122,-63
111900048,154,692,-538
111900049,27,156,-129
111900050,78,28,50
111900051,3,210,-207
111900052,402,349,53
111900053,1132,1068,64
111900054,133,6,127
111900055,21,338,-317
111900056,215,278,-63
111900057,96,51,45
111900058,297,491,-194
111900059,1615,518,1097
111900060,366,5,361
111900061,7,175,-168
111900062,29,80,-51
111900063,415,249,166
111900064,142,206,-64
111900065,71,32,39
111900066,119,135,-16
111900067,1,321,-320
111900068,31,25,6
111900069,77,29,48
111900070,113,115,-2
111900071,1,215,-214
111900072,19,11,8
111900073,610,103,507
111900074,13,179,-166
111900075,67,6,61
111900076,144,33,111
111900077,10,2,8
111900078,212,12,200
111900079,50,28,22
111900080,212,257,-45
111900082,124,25,99
111900083,106,11,95
111900084,88,8,80
111900085,46,97,-51
111900086,28,5,23
111900087,55,0,55
111900088,362,4,358
111900089,105,2,103
111900090,43,38,5
111900091,164,0,164
111900092,77,0,77
111900093,273,4,269
111900094,140,0,140
111900095,225,24,201
111900096,96,6,90
111900097,56,0,56
111900098,127,0,127
111900099,61,0,61
111900100,168,5,163
111900101,57,22,35
111900102,688,456,232
111900103,64,60,4
111900104,124,65,59
111900105,328,142,186
111900106,834,42,792
111900110,1348,385,963
111900111,234,131,103
111900112,398,2220,-1822
111900113,249,98,151
111900118,275,76,199
111900119,329,146,183
111900122,162,90,72
111900123,22,32,-10
111900124,23,118,-95
111900125,367,36,331
111900126,253,1,252
111900127,2,492,-490
111900128,5,466,-461
111900129,231,13,218
111900130,191,18,173
111900131,396,2,394
111900132,29,803,-774
111900133,47,371,-324
111900134,5,172,-167
111900135,16,39,-23
111900136,62,125,-63
111900137,66,88,-22
111900138,10,90,-80
111900139,25,130,-105
111900140,96,22,74
111900141,125,10,115
111900142,99,25,74
111900143,30,153,-123
111900144,1,75,-74
111900145,0,400,-400
111900146,1,198,-197
111900147,145,360,-215
111900148,23,518,-495
111900149,6,254,-248
111900150,24,145,-121
111900151,4,17,-13
111900152,68,70,-2
111900153,1509,427,1082
111900154,14,176,-162
111900155,33,65,-32
111900156,29,47,-18
111900157,81,11,70
111900158,453,45,408
111900159,258,10,248
111900160,225,0,225
111900161,158,0,158
111900162,455,362,93
111900163,59,210,-151
111900164,83,74,9
111901113,324,240,84
111901114,480,166,314
111901115,51,10,41
111901116,50,3,47
111901117,21,35,-14
111901118,59,229,-170
111901119,684,95,589
111901121,205,192,13
111901122,7,526,-519
111901123,128,336,-208
111901124,116,0,116
111901125,344,185,159
111901127,467,251,216
111901129,10,59,-49
111901130,47,255,-208
111901131,1,255,-254
111901132,169,23,146
111901133,34,0,34
111901134,26,3,23
111901135,20,5,15
111901136,26,38,-12
111901138,221,42,179
111901139,81,39,42
111901140,15,57,-42
111901141,16,96,-80
111901142,19,174,-155
111901143,15,177,-162
111901144,41,43,-2
111901145,168,270,-102
111901146,398,24,374
111901147,510,217,293
111901148,29,70,-41
111901149,15,4,11
111901150,14,0,14
111901151,0,0,0
111901152,10,29,-19
112000001,1719,826,893
112000002,739,2142,-1403
112000003,1105,975,130
112000004,738,1004,-266
112000005,2789,3379,-590
112000006,2353,2001,352
112000007,2437,1846,591
112000008,2275,3624,-1349
112000009,3315,3248,67
112000010,2499,2874,-375
112000011,1651,1858,-207
112000012,3498,3409,89
112000013,4422,2985,1437
112000014,2811,1625,1186
112000015,4161,2980,1181
112000016,5129,1384,3745
112000017,2789,2212,577
112000024,2478,1196,1282
112000026,3623,4749,-1126
112000027,903,598,305
112000028,1484,1650,-166
112000029,412,622,-210
112000030,172,108,64
112000031,1251,3969,-2718
112000032,394,61,333
112000033,1855,1511,344
112000034,289,73,216
112000035,213,298,-85
112000036,1238,818,420
112000037,1613,688,925
112000038,1517,883,634
112000039,56,89,-33
112000040,110,289,-179
112000041,603,573,30
112000042,1090,424,666
112000050,1200,1486,-286
112000051,957,1136,-179
112000054,1635,1837,-202
112000057,404,394,10
112000058,350,582,-232
112000059,436,789,-353
112000061,2939,2015,924
112000062,1294,582,712
112000063,1067,1323,-256
112000064,4035,5421,-1386
112000065,1976,2307,-331
112000066,3499,1542,1957
112000067,843,729,114
112000068,3209,2393,816
112000069,842,1655,-813
112000070,1933,840,1093
112000071,981,2560,-1579
112000072,2183,958,1225
112000073,1672,2056,-384
112000074,1496,1058,438
112000075,1458,1269,189
112000076,3377,2633,744
112000077,1208,507,701
112000078,1757,696,1061
112000079,1331,1324,7
112000080,813,838,-25
112000081,1514,2262,-748
112000082,1402,945,457
112000083,654,1262,-608
112000084,1219,1071,148
112000085,1221,1144,77
112000086,1743,1636,107
112000087,423,692,-269
112000088,778,728,50
112000089,359,317,42
112000090,299,327,-28
112000091,668,954,-286
112000092,1718,1239,479
112000093,1548,962,586
112000094,629,978,-349
112000095,615,917,-302
112000096,543,687,-144
112000097,1016,801,215
112000098,948,1058,-110
112000099,559,1433,-874
112000100,1729,787,942
112000101,626,943,-317
112000102,1048,583,465
112000103,333,1067,-734
112000105,636,1662,-1026
112000106,1688,516,1172
112000107,101,310,-209
112000108,303,1694,-1391
112000109,209,188,21
112000110,2029,842,1187
112000111,1099,3096,-1997
112000112,3629,712,2917
112000113,916,1692,-776
112000114,2442,897,1545
112000115,376,460,-84
112000116,599,1049,-450
112000117,1103,1014,89
112000118,1120,1016,104
112000119,522,1067,-545
112000120,105,466,-361
112000121,115,422,-307
112000122,291,165,126
112000123,597,171,426
112000124,340,81,259
112000125,230,249,-19
112000126,198,509,-311
112000127,2115,1835,280
112000128,705,574,131
112000129,122,102,20
112000130,223,84,139
112000131,32,321,-289
112000132,130,312,-182
112000133,325,196,129
112000134,410,386,24
112000135,2446,760,1686
112000136,1741,1365,376
112000137,2546,1497,1049
112000138,2833,1304,1529
112000139,903,548,355
112000140,1191,1110,81
112000141,688,350,338
112000142,189,586,-397
112000143,1025,234,791
112000144,348,1161,-813
112000145,2350,665,1685
112000146,634,2094,-1460
112000147,2443,1872,571
112000148,1793,2119,-326
112000149,522,627,-105
112000150,309,717,-408
112000151,470,409,61
112000152,299,507,-208
112000153,183,378,-195
112000154,133,226,-93
112000155,129,86,43
112000157,853,590,263
112000158,283,432,-149
112000159,465,400,65
112000167,288,107,181
112000169,350,415,-65
112000173,601,220,381
112000175,394,430,-36
112000176,3085,1993,1092
112000177,449,147,302
112000178,67,402,-335
112000179,211,92,119
112000180,245,385,-140
112000181,1323,1877,-554
112000182,1070,1490,-420
112000183,48,44,4
112000184,406,353,53
112000185,515,629,-114
112000187,3605,2304,1301
112000195,134,30,104
112000196,263,1,262
112000197,234,167,67
112000198,51,207,-156
112000199,1195,1051,144
112000202,414,36,378
112000216,78,272,-194
112000230,74,6,68
112000231,3,228,-225
112000256,32,279,-247
112000313,97,127,-30
112000314,55,54,1
112000337,323,540,-217
112000352,347,363,-16
112000392,1115,1075,40
112000398,1158,925,233
112000399,1424,1961,-537
112000400,1682,3657,-1975
112000401,3227,2806,421
112000402,2641,2950,-309
112000403,1680,2614,-934
112000404,730,814,-84
112000405,1801,2928,-1127
112000406,3252,2571,681
112000407,6255,8089,-1834
112000408,7671,7522,149
112000409,1600,5077,-3477
112000410,457,300,157
112000411,3783,1442,2341
112000412,1529,633,896
112000413,7829,4745,3084
112000414,86,96,-10
112000415,122,45,77
112000416,2335,1659,676
112000417,234,73,161
112000421,66,151,-85
112000422,477,342,135
112000424,2069,2384,-315
112000425,458,920,-462
112000426,125,303,-178
112000427,0,24,-24
112000428,301,371,-70
112000429,2090,2498,-408
112000430,2350,2764,-414
112000431,78,143,-65
112000432,635,1368,-733
112000433,374,708,-334
112000437,59,202,-143
112900001,49,2,47
112900002,441,1021,-580
112900003,72,382,-310
112900004,67,296,-229
112900005,218,249,-31
112900007,29,241,-212
112900008,1,39,-38
112900009,343,85,258
112900010,296,856,-560
112900011,223,253,-30
112900012,0,53,-53
112900013,4,202,-198
112900014,4,322,-318
112900015,355,703,-348
112900016,6,241,-235
112900017,48,192,-144
112900018,166,618,-452
112900019,24,180,-156
112900020,340,951,-611
112900021,7,277,-270
112900022,8,80,-72
112900023,1,217,-216
112900024,34,253,-219
112900025,97,222,-125
112900026,3,230,-227
112900027,6,1108,-1102
112900028,23,105,-82
112900029,14,600,-586
112900030,150,162,-12
112900031,11,448,-437
112900032,169,301,-132
112900034,1,43,-42
112900035,4,414,-410
112900036,107,154,-47
112900037,162,248,-86
112900038,444,167,277
112900039,8,277,-269
112900040,7,340,-333
112900041,639,828,-189
112900042,60,246,-186
112900043,27,34,-7
112900044,500,402,98
112900045,367,285,82
112900046,242,62,180
112900047,11,31,-20
112900049,182,90,92
112900050,33,437,-404
112900051,320,624,-304
112900052,11,846,-835
112900053,671,129,542
112900054,213,69,144
112900055,124,45,79
112900056,332,249,83
112900057,29,571,-542
112900058,293,345,-52
112900059,148,119,29
112900060,20,146,-126
112900061,70,92,-22
112900062,91,129,-38
112900063,209,18,191
112900064,176,228,-52
112900065,34,18,16
112900066,165,143,22
112900067,444,185,259
112900068,37,43,-6
112900069,1679,682,997
112900071,30,15,15
112900072,163,1639,-1476
112900073,346,103,243
112900074,73,222,-149
112900075,1321,841,480
112900076,111,37,74
112900078,336,398,-62
112900079,319,38,281
112900080,61,8,53
112900081,44,197,-153
112900082,464,29,435
112900083,194,112,82
112900084,155,81,74
112900086,93,4,89
112900087,573,126,447
112900088,100,5,95
112900089,694,19,675
112900090,46,26,20
112900091,233,11,222
112900092,173,274,-101
112900093,1450,23,1427
112900095,70,2,68
112900096,488,162,326
112900097,90,246,-156
112900098,84,2,82
112900099,788,10,778
112900100,62,1,61
112900101,285,6,279
112900102,207,7,200
112900103,219,7,212
112900104,546,14,532
112900105,15,0,15
112900106,433,146,287
112900107,1,1,0
112900108,36,0,36
112900109,103,0,103
112900110,1069,16,1053
112900111,632,2,630
112900112,313,2,311
112900113,0,6,-6
112900114,114,64,50
112900115,1146,1,1145
112900116,154,25,129
112900117,140,61,79
112900118,25,101,-76
112900119,132,4,128
112900120,772,275,497
112900121,164,209,-45
112900122,21,92,-71
112900123,152,19,133
112900124,13,102,-89
112900125,52,364,-312
112900126,191,222,-31
112900127,311,102,209
112900128,373,708,-335
112900129,1,708,-707
112900130,281,59,222
112900131,76,272,-196
112900132,268,530,-262
112900133,35,968,-933
112900134,0,209,-209
112900135,143,45,98
112900137,14,527,-513
112900138,10,220,-210
112900139,180,980,-800
112900141,656,39,617
112900142,82,137,-55
112900143,31,547,-516
112900144,9,856,-847
112900145,54,456,-402
112900146,6,1170,-1164
112900147,4,1744,-1740
112900148,49,5,44
112900149,264,782,-518
112900151,25,68,-43
112900152,3905,865,3040
112900153,1862,1985,-123
112900154,0,120,-120
112900155,181,12,169
112900156,241,1056,-815
112900157,435,253,182
112900158,45,39,6
112900159,142,104,38
112900160,77,267,-190
112900161,137,29,108
112900162,32,24,8
112900163,101,53,48
112900164,32,230,-198
112900165,411,48,363
112900166,9,60,-51
112900167,3,72,-69
112900168,8,6,2
112900169,11,25,-14
112900170,113,88,25
112900172,68,12,56
112900173,180,79,101
112900174,202,55,147
112900175,139,121,18
112900176,11,78,-67
112900177,265,60,205
112900178,799,2386,-1587
112900179,73,400,-327
112900180,1675,1627,48
112900181,493,41,452
112900182,59,984,-925
112900183,149,256,-107
112900184,383,311,72
112900185,266,637,-371
112900186,1248,864,384
112900187,72,614,-542
112900188,648,317,331
112900189,2,22,-20
112900190,12,36,-24
112900192,508,570,-62
112900193,991,309,682
112900194,60,71,-11
112900195,848,49,799
112900196,185,246,-61
112900197,206,337,-131
112900199,370,280,90
112900200,422,210,212
112900201,113,92,21
112900202,340,784,-444
112900203,220,247,-27
112900204,977,709,268
112900205,47,50,-3
112900206,30,96,-66
112900207,19,2,17
112900208,88,311,-223
112900209,551,338,213
112900210,0,43,-43
112900211,98,58,40
112900212,3,138,-135
112900213,94,11,83
112900214,37,31,6
112900215,5,197,-192
112900216,36,68,-32
112900217,0,62,-62
112900218,74,21,53
112900219,79,26,53
112900220,7,0,7
112900221,33,152,-119
112900222,0,32,-32
112900223,867,15,852
112900224,211,412,-201
112900225,305,307,-2
112900226,195,286,-91
112900227,485,690,-205
112900228,46,21,25
112900229,145,54,91
112900230,5883,3584,2299
112900232,196,273,-77
112900233,79,134,-55
112900234,11,82,-71
112900235,117,46,71
112900236,182,7,175
112900237,317,282,35
112900238,2,42,-40
112900239,1056,391,665
112900240,4,90,-86
112900241,10,104,-94
112900242,7,108,-101
112900243,12,165,-153
112900244,11,67,-56
112900245,0,48,-48
112900246,0,15,-15
112900247,373,44,329
112900248,17,0,17
112900249,37,7,30
112900250,97,39,58
112900251,42,30,12
112900252,50,23,27
112900253,39,15,24
112900254,13,4,9
112900255,2,63,-61
112900256,6,72,-66
112900257,11,67,-56
112900258,16,55,-39
113000001,5376,4555,821
113000002,3548,3428,120
113000003,1934,1651,283
113000004,1970,2351,-381
113000005,1624,862,762
113000006,1024,1344,-320
113000007,2006,1076,930
113000008,1797,1803,-6
113000009,978,749,229
113000010,1234,1369,-135
113000011,633,1460,-827
113000012,1613,724,889
113000013,1909,875,1034
113000014,1934,1815,119
113000015,595,227,368
113000016,368,888,-520
113000017,75,426,-351
113000018,469,67,402
113000019,205,302,-97
113000020,618,91,527
113000021,1302,634,668
113000022,751,1149,-398
113000025,348,647,-299
113000026,415,418,-3
113000027,676,475,201
113000028,796,401,395
113000029,637,643,-6
113000030,471,683,-212
113000031,281,333,-52
113000032,285,300,-15
113000033,267,356,-89
113000034,398,330,68
113000035,25,30,-5
113000036,16,89,-73
113000037,48,42,6
113000038,14,57,-43
113000039,61,313,-252
113000040,85,107,-22
113000042,803,648,155
113000051,846,2210,-1364
113000052,1895,729,1166
113000053,343,411,-68
113000054,319,777,-458
113000055,1079,596,483
113000056,822,930,-108
113000058,774,838,-64
113000059,1134,665,469
113000060,212,463,-251
113000061,623,836,-213
113000062,840,208,632
113000063,162,96,66
113000064,48,307,-259
113000065,166,776,-610
113000066,611,131,480
113000067,1851,1422,429
113000068,383,1455,-1072
113000069,621,1279,-658
113000070,2300,1136,1164
113000071,439,604,-165
113000072,674,548,126
113000073,337,1387,-1050
113000074,947,396,551
113000075,1911,714,1197
113000076,609,1849,-1240
113000077,1057,652,405
113000078,675,2045,-1370
113000079,687,805,-118
113000080,735,707,28
113000081,700,824,-124
113000082,1232,760,472
113000083,569,871,-302
113000084,1554,1235,319
113000085,798,671,127
113000086,1361,1238,123
113000087,1178,838,340
113000088,2206,1193,1013
113000089,908,1500,-592
113000090,236,520,-284
113000091,551,449,102
113000094,1027,227,800
113000095,200,780,-580
113000096,162,706,-544
113000097,924,435,489
113000098,129,23,106
113000099,758,373,385
113000100,158,385,-227
113000101,359,569,-210
113000102,520,452,68
113000103,2223,490,1733
113000104,413,1935,-1522
113000105,643,434,209
113000106,312,526,-214
113000107,799,836,-37
113000108,635,1254,-619
113000109,519,1658,-1139
113000110,1378,398,980
113000111,235,579,-344
113000112,353,456,-103
113000113,1341,481,860
113000114,376,1268,-892
113000116,559,342,217
113000117,741,120,621
113000118,127,437,-310
113000119,363,273,90
113000120,72,252,-180
113000121,597,736,-139
113000124,241,146,95
113000125,57,701,-644
113000127,2801,320,2481
113000128,432,553,-121
113000129,461,651,-190
113000133,1990,1550,440
113000134,4,1104,-1100
113000135,3919,4384,-465
113000137,1733,3051,-1318
113000139,282,162,120
113000140,98,252,-154
113000141,214,199,15
113000142,526,955,-429
113000143,199,182,17
113000144,335,631,-296
113000145,71,133,-62
113000146,155,62,93
113000147,153,116,37
113000148,128,115,13
113000149,110,111,-1
113000150,487,336,151
113000151,88,64,24
113000152,48,66,-18
113000153,1347,496,851
113000154,718,1394,-676
113000155,348,563,-215
113000156,186,381,-195
113000157,318,916,-598
113000158,718,290,428
113000159,713,918,-205
113000160,696,963,-267
113000161,250,372,-122
113000162,705,544,161
113000163,146,66,80
113000164,26,82,-56
113000166,137,113,24
113000167,51,147,-96
113000168,82,147,-65
113000169,150,91,59
113000170,71,115,-44
113000171,58,118,-60
113000172,274,121,153
113000173,57,17,40
113000174,145,602,-457
113000175,431,132,299
113000176,422,184,238
113000177,210,526,-316
113000178,238,347,-109
113000179,254,216,38
113000180,622,1203,-581
113000181,1331,822,509
113000182,164,391,-227
113000183,161,589,-428
113000184,15,103,-88
113000189,412,732,-320
113000190,979,559,420
113000192,1648,1773,-125
113000193,3684,1333,2351
113000194,2027,1202,825
113000195,2378,829,1549
113000196,177,84,93
113000197,1753,994,759
113000198,70,373,-303
113000199,1217,319,898
113000201,327,240,87
113000202,2856,929,1927
113000203,213,74,139
113000204,1462,1800,-338
113000205,21,43,-22
113000206,2,27,-25
113000207,88,27,61
113000208,36,33,3
113000209,16,33,-17
113000210,9,16,-7
113000211,253,244,9
113000212,134,36,98
113000213,52,149,-97
113000214,171,266,-95
113000234,212,830,-618
113000410,397,266,131
113000411,2645,4451,-1806
113000412,7032,2596,4436
113000413,2547,2783,-236
113000414,6743,12780,-6037
113000415,2112,3085,-973
113000416,8524,4267,4257
113000417,2225,2823,-598
113000418,4437,3116,1321
113000419,1359,1671,-312
113000420,4095,5050,-955
113000421,4014,5979,-1965
113000422,11666,10659,1007
113000423,2012,4945,-2933
113000424,3456,8786,-5330
113000425,9,75,-66
113000428,112,43,69
113000430,33,185,-152
113000432,2155,205,1950
113000433,127,699,-572
113000434,34,131,-97
113000435,36,621,-585
113000436,36,1174,-1138
113000437,914,17,897
113000438,262,16,246
113000439,14,96,-82
113000440,138,42,96
113000441,263,220,43
113000442,126,155,-29
113000443,256,213,43
113000444,169,160,9
113000445,123,140,-17
113000446,32,106,-74
113000448,201,153,48
113000449,207,832,-625
113000450,433,1837,-1404
113000451,1154,229,925
113000452,324,373,-49
113000453,92,310,-218
113000454,858,118,740
113000455,134,254,-120
113000456,3483,2463,1020
113000468,1553,198,1355
113000469,89,73,16
113000470,284,25,259
113000471,20,392,-372
113000472,93,302,-209
113000474,543,566,-23
113000475,1502,1790,-288
113000476,1305,1972,-667
113000477,3272,2128,1144
113000478,4274,5857,-1583
113000479,56,213,-157
113000484,0,0,0
113000485,6,0,6
113000486,33,0,33
113000487,0,0,0
113000488,2,12,-10
113000489,2,26,-24
113000490,0,5,-5
113000491,8,15,-7
113000492,1,4,-3
113000493,2,0,2
113000495,160,171,-11
113000496,138,147,-9
113000499,0,0,0
113900001,6,111,-105
113900002,0,78,-78
113900003,0,64,-64
113900004,0,30,-30
113900005,4,48,-44
113900006,1,23,-22
113900007,10,1,9
113900008,18,1,17
113900009,151,5,146
113900010,89,3,86
113900011,53,6,47
113900012,29,4,25
113900013,198,2,196
113900014,550,2,548
113900015,10,47,-37
113900016,40,0,40
113900017,1,41,-40
113900018,405,209,196
113900019,123,71,52
113900020,124,1,123
113900022,25,5,20
113900023,14,0,14
113900024,58,40,18
113900025,222,4,218
113900026,45,0,45
113900027,6,43,-37
113900028,32,458,-426
113900029,60,165,-105
113900030,167,1,166
113900031,13,0,13
113900032,22,1,21
113900033,70,58,12
113900035,57,5,52
113900036,30,89,-59
113900037,143,515,-372
113900038,57,131,-74
113900039,116,13,103
113900040,17,6,11
113900041,7,3,4
113900042,77,37,40
113900043,118,125,-7
113900044,415,295,120
113900045,75,3,72
113900046,251,454,-203
113900047,24,97,-73
113900048,219,88,131
113900049,526,252,274
113900050,192,249,-57
113900051,291,331,-40
113900052,117,124,-7
113900053,522,527,-5
113900054,16,7,9
113900055,93,366,-273
113900056,28,148,-120
113900057,16,62,-46
113900058,26,163,-137
113900059,214,275,-61
113900060,182,145,37
113900061,862,262,600
113900062,93,4,89
113900063,68,123,-55
113900064,15,102,-87
113900065,452,13,439
113900066,361,256,105
113900067,100,171,-71
113900068,450,356,94
113900069,24,25,-1
113900070,181,500,-319
113900071,60,87,-27
113900072,40,125,-85
113900073,259,349,-90
113900074,107,257,-150
113900075,1265,972,293
113900076,155,5,150
113900077,61,128,-67
113900078,37,74,-37
113900079,1,34,-33
113900080,340,181,159
113900081,47,239,-192
113900082,119,196,-77
113900083,254,397,-143
113900084,245,94,151
113900085,27,251,-224
113900086,17,20,-3
113900087,48,137,-89
113900088,76,102,-26
113900089,362,32,330
113900090,503,420,83
113900091,15,9,6
113900092,73,82,-9
113900093,78,725,-647
113900094,359,366,-7
113900095,116,109,7
113900096,195,57,138
113900097,38,81,-43
113900098,504,62,442
113900099,0,30,-30
113900100,1,5,-4
113900101,41,53,-12
113900102,118,140,-22
113900103,282,273,9
113900104,98,204,-106
113900105,98,213,-115
113900106,1,49,-48
113900107,1,25,-24
113900108,281,187,94
113900109,390,205,185
113900110,42,24,18
113900111,177,89,88
113900112,206,159,47
113900113,872,450,422
113900114,3,75,-72
113900115,1,74,-73
113900116,96,120,-24
113900117,69,33,36
113900118,202,252,-50
113900119,192,482,-290
113900120,52,28,24
113900121,49,94,-45
113900122,281,1758,-1477
113900123,366,254,112
113900124,2,109,-107
113900125,761,113,648
113900126,183,44,139
113900127,246,642,-396
113900128,151,74,77
113900129,15,152,-137
113900130,4,29,-25
113900131,210,84,126
113900132,42,56,-14
113900133,26,87,-61
113900135,275,427,-152
113900136,105,75,30
113900137,287,215,72
113900138,42,134,-92
113900139,272,142,130
113900140,272,292,-20
113900141,604,271,333
113900142,140,70,70
113900143,21,34,-13
113900144,197,159,38
113900145,371,157,214
113900146,158,40,118
113900148,106,247,-141
113900149,111,66,45
113900150,586,377,209
113900151,388,170,218
113900152,28,39,-11
113900153,276,453,-177
113900154,3,132,-129
113900155,210,179,31
113900156,297,351,-54
113900157,33,262,-229
113900158,272,332,-60
113900159,20,227,-207
113900160,667,438,229
113900161,53,226,-173
113900162,395,626,-231
113900163,208,241,-33
113900164,212,51,161
113900165,666,356,310
113900166,202,148,54
113900167,244,46,198
113900168,105,128,-23
113900169,177,373,-196
113900171,163,71,92
113900172,8,177,-169
113900173,58,549,-491
113900174,394,574,-180
113900175,309,132,177
113900176,381,489,-108
113900177,347,216,131
113900178,241,98,143
113900179,30,391,-361
113900180,140,98,42
113900181,430,114,316
113900182,774,913,-139
113900183,42,80,-38
113900184,12,530,-518
113900185,191,64,127
113900186,27,42,-15
113900187,34,126,-92
113900188,48,125,-77
113900189,233,91,142
113900190,259,104,155
113900191,76,196,-120
113900192,1134,964,170
113900193,23,193,-170
113900194,1472,1095,377
113900195,269,324,-55
113900196,4,136,-132
113900197,1,165,-164
113900198,26,231,-205
113900199,167,564,-397
113900200,9,238,-229
113900201,0,169,-169
113900202,11,221,-210
113900203,15,118,-103
113900204,37,443,-406
113900205,21,134,-113
113900206,9,155,-146
113900207,0,65,-65
113900208,0,47,-47
113900209,0,60,-60
113900210,580,657,-77
113900211,172,80,92
113900212,169,428,-259
113900214,343,344,-1
113900215,47,120,-73
113900216,77,794,-717
113900217,54,226,-172
113900218,177,107,70
113900219,93,288,-195
113900220,121,84,37
113900221,418,191,227
113900222,998,652,346
113900223,143,975,-832
113900224,117,115,2
113900225,428,236,192
113900226,302,85,217
113900227,445,182,263
113900228,362,375,-13
113900229,81,767,-686
113900230,3286,2922,364
113900231,172,153,19
113900232,70,86,-16
113900233,77,73,4
113900234,281,398,-117
113900235,70,30,40
113900236,118,307,-189
113900237,142,13,129
113900238,203,525,-322
113900239,49,72,-23
113900240,2,172,-170
113900241,112,27,85
113900242,56,82,-26
113900243,103,380,-277
113900244,262,165,97
113900245,1216,273,943
113900246,11,17,-6
113900247,167,391,-224
113900248,2104,1602,502
113900249,830,403,427
113900250,33,118,-85
113900251,595,188,407
113900252,432,14,418
113900253,640,43,597
113900254,829,113,716
113900255,329,19,310
113900256,346,25,321
113900257,23,600,-577
113900258,14,356,-342
113900259,420,183,237
113900260,160,10,150
113900261,42,102,-60
113900262,132,517,-385
113900263,173,588,-415
113900264,6,419,-413
113900265,124,246,-122
113900266,35,149,-114
113900267,83,440,-357
113900268,268,455,-187
113900269,73,133,-60
113900270,358,693,-335
113900271,545,987,-442
113900273,59,13,46
113900274,83,22,61
113900275,46,111,-65
113900276,0,127,-127
113900277,146,3,143
113900278,300,168,132
113900279,86,84,2
113900280,1576,593,983
113900281,510,1134,-624
113900282,1012,715,297
113900283,372,498,-126
113900284,668,266,402
113900285,161,40,121
113900286,23,89,-66
113900287,45,27,18
113900288,2,191,-189
113900289,863,128,735
113900290,370,178,192
113900291,98,199,-101
113900292,22,0,22
113900293,3,205,-202
113900294,392,18,374
113900295,309,296,13
113900296,963,232,731
113900297,2297,40,2257
113900298,15,1580,-1565
113900299,96,130,-34
113900300,3002,1823,1179
113900301,579,270,309
113900302,2486,893,1593
113900303,380,391,-11
113900304,2,119,-117
113900305,71,0,71
113900306,28,0,28
113900307,20,3,17
113900308,84,93,-9
113900309,3,757,-754
113900310,0,12,-12
113900311,2,0,2
113900312,251,216,35
113900313,4,10,-6
113900314,1,22,-21
113900315,25,0,25
114000001,940,2552,-1612
114000002,247,339,-92
114000003,224,937,-713
114000004,297,425,-128
114000005,209,363,-154
114000006,2348,1770,578
114000007,589,1033,-444
114000008,1182,1553,-371
114000009,596,242,354
114000011,2519,2552,-33
114000012,2268,1704,564
114000013,1477,1559,-82
114000014,609,551,58
114000015,1673,409,1264
114000016,301,376,-75
114000017,95,226,-131
114000018,193,52,141
114000026,1584,1150,434
114000027,2581,1900,681
114000028,2293,2528,-235
114000038,231,153,78
114000039,211,233,-22
114000040,80,210,-130
114000042,137,197,-60
114000043,334,259,75
114000044,255,198,57
114000045,33,89,-56
114000046,4306,4439,-133
114000047,14,82,-68
114000048,115,149,-34
114000049,1288,1502,-214
114000050,1365,2094,-729
114000051,2629,1768,861
114000052,4746,1400,3346
114000053,127,532,-405
114000054,292,712,-420
114000055,413,38,375
114000056,1099,829,270
114000057,4713,2124,2589
114000058,484,1253,-769
114000059,252,255,-3
114000060,573,877,-304
114000061,2835,2692,143
114000062,2091,1345,746
114000063,2795,1641,1154
114000064,5820,3562,2258
114000065,1739,2364,-625
114000066,498,594,-96
114000067,24,594,-570
114000068,468,638,-170
114000069,728,605,123
114000070,2017,1711,306
114000071,564,471,93
114000072,655,305,350
114000073,9,74,-65
114000074,54,41,13
114000075,75,61,14
114000076,22,98,-76
114000077,8,27,-19
114000078,598,602,-4
114000079,162,32,130
114000080,72,81,-9
114000081,94,94,0
114000082,35,423,-388
114000083,78,250,-172
114000084,339,107,232
114000085,113,481,-368
114000086,252,392,-140
114000087,153,163,-10
114000088,32,52,-20
114000089,745,364,381
114000090,850,792,58
114000091,1094,1027,67
114000092,923,583,340
114000093,1239,822,417
114000094,404,458,-54
114000095,201,173,28
114000096,257,419,-162
114000097,139,585,-446
114000098,510,108,402
114000099,615,583,32
114000100,1204,712,492
114000101,448,720,-272
114000102,694,410,284
114000103,241,384,-143
114000104,69,201,-132
114000105,205,84,121
114000106,670,872,-202
114000107,330,138,192
114000108,1971,1271,700
114000109,573,1442,-869
114000110,583,1623,-1040
114000111,1532,904,628
114000112,631,2565,-1934
114000113,1506,564,942
114000114,1416,1694,-278
114000115,2120,1160,960
114000116,841,1279,-438
114000117,2323,443,1880
114000118,2045,510,1535
114000119,1562,414,1148
114000120,550,838,-288
114000121,419,658,-239
114000122,483,298,185
114000123,1717,487,1230
114000124,801,296,505
114000125,880,1330,-450
114000126,2576,263,2313
114000127,385,167,218
114000128,775,351,424
114000130,525,488,37
114000131,316,146,170
114000132,497,544,-47
114000133,923,1298,-375
114000134,60,151,-91
114000138,31,191,-160
114000139,400,243,157
114000144,800,438,362
114000145,76,153,-77
114000146,113,258,-145
114000147,1168,1673,-505
114000148,2129,1989,140
114000149,315,432,-117
114000150,1807,1334,473
114000151,1488,1832,-344
114000152,112,36,76
114000153,1010,2496,-1486
114000154,928,960,-32
114000155,2152,2131,21
114000156,854,521,333
114000157,408,1022,-614
114000158,1592,739,853
114000159,244,444,-200
114000160,116,418,-302
114000161,1349,2708,-1359
114000162,981,2144,-1163
114000163,11,109,-98
114000165,581,315,266
114000166,707,356,351
114000167,2921,1614,1307
114000168,887,710,177
114000169,1276,1070,206
114000170,1416,1099,317
114000171,1052,2867,-1815
114000174,213,476,-263
114000176,585,464,121
114000177,1955,896,1059
114000178,67,53,14
114000179,1189,801,388
114000180,468,843,-375
114000181,1607,3129,-1522
114000182,2685,2282,403
114000183,1078,996,82
114000184,3679,1243,2436
114000185,1143,949,194
114000189,733,126,607
114000190,2044,277,1767
114000191,50,74,-24
114000192,273,1289,-1016
114000193,713,2514,-1801
114000194,1131,1042,89
114000195,131,42,89
114000196,5,239,-234
114000197,963,68,895
114000198,755,309,446
114000199,1928,1599,329
114000200,584,1606,-1022
114000201,116,646,-530
114000202,1379,666,713
114000203,620,780,-160
114000204,156,366,-210
114000205,196,1390,-1194
114000206,478,1249,-771
114000207,672,1726,-1054
114000208,401,2328,-1927
114000209,503,2259,-1756
114000210,228,1319,-1091
114000211,893,1928,-1035
114000212,590,805,-215
114000213,1311,589,722
114000214,87,157,-70
114000215,170,57,113
114000216,1597,379,1218
114000217,319,259,60
114000218,151,265,-114
114000219,1050,189,861
114000220,38,847,-809
114000221,740,152,588
114000222,155,911,-756
114000223,407,109,298
114000224,111,584,-473
114000225,222,563,-341
114000226,135,233,-98
114000227,829,566,263
114000228,726,893,-167
114000229,1036,1267,-231
114000230,1650,1269,381
114000231,732,1222,-490
114000232,600,151,449
114000233,1717,163,1554
114000234,1111,1030,81
114000235,1013,1503,-490
114000236,1,393,-392
114000237,102,860,-758
114000238,338,147,191
114000239,238,1078,-840
114000240,763,759,4
114000241,309,974,-665
114000242,888,844,44
114000243,1484,866,618
114000244,1186,418,768
114000245,446,634,-188
114000246,153,64,89
114000247,1309,694,615
114000248,1557,507,1050
114000249,467,614,-147
114000250,499,701,-202
114000251,384,281,103
114000252,69,68,1
114000253,62,98,-36
114000254,25,55,-30
114000255,423,177,246
114000256,1603,1754,-151
114000257,635,1372,-737
114000258,381,316,65
114000259,247,190,57
114000260,0,30,-30
114000261,47,38,9
114000262,420,99,321
114000263,13,3,10
114000264,847,562,285
114000265,0,1,-1
114000267,1,1988,-1987
114000268,0,1404,-1404
114000270,139,9,130
114000271,470,68,402
114000283,1259,396,863
114000285,29,214,-185
114000288,69,286,-217
114000289,1054,245,809
114000293,141,399,-258
114000294,154,264,-110
114000395,1731,66,1665
114000396,480,420,60
114000402,429,322,107
114000403,292,310,-18
114000405,114,450,-336
114000423,374,417,-43
114000424,365,172,193
114000425,665,345,320
114000426,303,873,-570
114000427,74,69,5
114000428,297,194,103
114000429,15,207,-192
114000432,94,117,-23
114000434,47,98,-51
114000435,0,219,-219
114900001,521,984,-463
114900002,1149,92,1057
114900003,577,1304,-727
114900004,233,385,-152
114900005,545,791,-246
114900006,182,68,114
114900007,268,6,262
114900008,144,143,1
114900010,1893,1807,86
114900011,159,159,0
114900013,221,187,34
114900018,673,19,654
114900020,189,75,114
114900022,53,579,-526
114900025,368,192,176
114900026,93,138,-45
114900029,133,33,100
114900030,294,202,92
114900031,325,61,264
114900032,307,31,276
114900034,41,188,-147
114900035,140,265,-125
114900036,228,659,-431
114900039,443,420,23
114900040,113,137,-24
114900041,640,474,166
114900042,633,601,32
114900044,155,32,123
114900047,214,1609,-1395
114900048,111,275,-164
114900049,40,230,-190
114900050,44,387,-343
114900051,29,338,-309
114900052,239,207,32
114900053,133,309,-176
114900054,34,119,-85
114900057,210,10,200
114900058,0,85,-85
114900059,55,45,10
114900063,54,205,-151
114900064,1174,493,681
114900065,306,600,-294
114900067,133,401,-268
114900068,86,222,-136
114900069,193,126,67
114900070,441,362,79
114900072,6,259,-253
114900073,1,179,-178
114900074,589,562,27
114900075,282,7,275
114900076,6,305,-299
114900080,1600,435,1165
114900082,3248,1800,1448
114900083,1143,1039,104
114900090,229,256,-27
114900091,157,174,-17
114900097,182,2,180
114900098,3,246,-243
114900099,212,12,200
115000001,5907,4039,1868
115000002,3444,3776,-332
115000003,4585,3337,1248
115000004,3590,5850,-2260
115000005,1553,2112,-559
115000006,935,1599,-664
115000007,152,175,-23
115000008,857,548,309
115000009,138,219,-81
115000010,242,179,63
115000013,112,241,-129
115000015,103,426,-323
115000016,74,204,-130
115000019,50,443,-393
115000020,108,617,-509
115000021,279,547,-268
115000022,481,365,116
115000023,370,521,-151
115000024,1045,454,591
115000025,776,656,120
115000026,153,427,-274
115000027,277,273,4
115000028,223,849,-626
115000029,438,97,341
115000030,753,1166,-413
115000031,1331,241,1090
115000032,11,278,-267
115000033,239,41,198
115000034,81,1209,-1128
115000035,1206,57,1149
115000036,0,438,-438
115000037,619,11,608
115000038,70,171,-101
115000039,3770,3269,501
115000040,6607,2839,3768
115000041,1515,2968,-1453
115000042,982,567,415
115000043,3918,2039,1879
115000044,4092,3479,613
115000045,2451,1767,684
115000046,1911,2470,-559
115000047,1919,1441,478
115000048,1424,2371,-947
115000049,1506,3388,-1882
115000050,2818,2069,749
115000051,1556,2739,-1183
115000052,2310,1930,380
115000053,1561,1546,15
115000054,714,1289,-575
115000055,213,676,-463
115000056,296,566,-270
115000057,761,1146,-385
115000058,623,328,295
115000059,224,157,67
115000061,254,145,109
115000062,277,282,-5
115000063,289,361,-72
115000064,238,116,122
115000065,51,464,-413
115000067,250,25,225
115000069,83,290,-207
115000070,24,770,-746
115000071,156,24,132
115000072,14,72,-58
115000073,1120,56,1064
115000075,93,55,38
115000076,3068,2609,459
115000077,2295,2290,5
115000078,1143,1477,-334
115000079,1247,1767,-520
115000080,2339,2393,-54
115000081,504,1032,-528
115000082,3590,3457,133
115000083,1955,2428,-473
115000084,1765,1100,665
115000085,626,1062,-436
115000086,945,740,205
115000087,436,1451,-1015
115000088,1676,708,968
115000089,1318,1193,125
115000090,518,900,-382
115000091,218,960,-742
115000092,480,359,121
115000093,416,4,412
115000094,6057,4900,1157
115000095,4232,5361,-1129
115000096,599,1389,-790
115000097,739,899,-160
115000098,960,816,144
115000099,2186,2524,-338
115000100,870,400,470
115000101,410,1496,-1086
115000102,386,248,138
115000103,320,732,-412
115000105,96,193,-97
115000106,525,304,221
115000107,140,499,-359
115000108,3119,2713,406
115000109,3904,3801,103
115000110,1330,1210,120
115000111,653,1826,-1173
115000112,598,691,-93
115000113,640,865,-225
115000114,2197,802,1395
115000116,3781,1895,1886
115000117,3842,3440,402
115000118,2982,1660,1322
115000119,3226,2523,703
115000120,578,1157,-579
115000121,1678,897,781
115000122,3850,1216,2634
115000123,1373,2019,-646
115000124,1097,770,327
115000125,494,564,-70
115000126,162,313,-151
115000127,351,85,266
115000128,616,866,-250
115000129,330,337,-7
115000130,363,759,-396
115000131,827,268,559
115000132,486,359,127
115000133,787,303,484
115000134,669,320,349
115000135,425,219,206
115000136,310,408,-98
115000137,120,147,-27
115000138,341,333,8
115000139,268,235,33
115000140,347,236,111
115000141,181,224,-43
115000142,205,241,-36
115000143,676,496,180
115000144,516,246,270
115000145,211,344,-133
115000146,915,336,579
115000147,998,532,466
115000148,307,1047,-740
115000149,525,247,278
115000150,636,844,-208
115000151,984,580,404
115000152,669,1009,-340
115000153,895,667,228
115000154,673,340,333
115000155,666,902,-236
115000156,1002,696,306
115000157,753,782,-29
115000158,562,411,151
115000159,747,527,220
115000160,542,332,210
115000161,167,438,-271
115000162,799,728,71
115000163,532,697,-165
115000164,737,572,165
115000165,365,423,-58
115000167,151,90,61
115000168,563,321,242
115000169,560,304,256
115000170,244,160,84
115000171,324,204,120
115000172,1123,582,541
115000173,359,418,-59
115000174,152,288,-136
115000175,272,147,125
115000176,124,86,38
115000177,130,85,45
115000178,35,208,-173
115000179,82,17,65
115000180,154,573,-419
115000181,624,120,504
115000182,706,317,389
115000183,309,826,-517
115000186,638,271,367
115000187,209,773,-564
115000188,488,433,55
115000189,205,418,-213
115000190,610,317,293
115000191,154,522,-368
115000194,120,235,-115
115000195,187,292,-105
115000196,195,112,83
115000197,184,307,-123
115000198,295,202,93
115000199,233,224,9
115000200,366,135,231
115000201,167,307,-140
115000206,355,42,313
115000207,101,296,-195
115000208,436,669,-233
115000209,869,304,565
115000210,107,139,-32
115000211,302,224,78
115000212,1506,306,1200
115000224,424,42,382
115000225,51,94,-43
115000229,141,133,8
115000230,127,388,-261
115000231,272,1652,-1380
115000232,1258,241,1017
115000233,125,175,-50
115000234,22,321,-299
115000241,77,293,-216
115000242,110,306,-196
115000243,55,235,-180
115000244,16,118,-102
115000246,179,70,109
115000247,7,5,2
115000248,3,7,-4
115000249,8,4,4
115000250,340,97,243
115000251,514,495,19
115000252,379,432,-53
115000253,34,300,-266
115000258,366,520,-154
115000259,317,156,161
115000261,5,4,1
115000262,24,38,-14
115000263,16,67,-51
115000264,104,123,-19
115000267,75,60,15
115000268,31,126,-95
115000269,124,66,58
115000270,3,30,-27
115000272,75,125,-50
115000273,329,35,294
115000280,2825,194,2631
115000281,562,718,-156
115000282,645,519,126
115000284,426,163,263
115000296,1256,7,1249
115000297,178,92,86
115000298,92,404,-312
115000300,222,173,49
115000302,646,177,469
115000303,636,103,533
115000304,612,105,507
115000305,106,599,-493
115000306,187,283,-96
115000307,147,170,-23
115000308,44,21,23
115000310,908,1054,-146
115000311,791,1202,-411
115000313,141,553,-412
115000314,382,155,227
115000315,1143,564,579
115000316,47,106,-59
115000317,156,460,-304
115000318,661,264,397
115000319,39,280,-241
115000320,11,333,-322
115000321,321,6,315
115000322,50,186,-136
115000449,237,175,62
115000557,4,1122,-1118
115000558,507,97,410
115000587,459,360,99
115000588,2277,2592,-315
115000589,3375,2491,884
115000590,1227,1191,36
115000591,1717,784,933
115000592,682,1598,-916
115000593,1305,647,658
115000594,1088,2364,-1276
115000609,180,208,-28
115000617,1857,3128,-1271
115000624,222,70,152
115000633,416,1986,-1570
115000634,2607,768,1839
115000635,541,183,358
115000638,747,765,-18
115000641,63,96,-33
115000642,459,404,55
115000643,261,635,-374
115000644,217,501,-284
115000646,892,1531,-639
115000647,204,442,-238
115000648,1554,1962,-408
115000893,3705,1626,2079
115000894,101,1055,-954
115000895,485,960,-475
115000896,1367,454,913
115000897,513,139,374
115000898,558,202,356
115000899,656,1185,-529
115000900,148,419,-271
115000901,71,148,-77
115000912,411,109,302
115000913,2,13,-11
115000915,32,1,31
115000916,7,0,7
115000917,0,8,-8
115000918,80,281,-201
115000919,5,13,-8
115000920,85,45,40
115000921,580,86,494
115000922,1290,816,474
115000923,500,1223,-723
115000925,95,59,36
115000927,158,126,32
115000933,279,262,17
115000934,168,201,-33
115000935,94,114,-20
115000936,23,590,-567
115000937,891,164,727
115000938,192,259,-67
115000939,305,241,64
115000940,69,18,51
115000941,19,15,4
115000942,45,144,-99
115000943,46,33,13
115000944,6,29,-23
115900001,104,29,75
115900002,83,81,2
115900003,129,97,32
115900004,1,53,-52
115900005,157,9,148
115900006,124,212,-88
115900008,46,4,42
115900009,79,191,-112
115900010,233,145,88
115900011,422,264,158
115900012,150,67,83
115900013,310,127,183
115900014,114,189,-75
115900015,116,69,47
115900016,96,20,76
115900017,3,12,-9
115900018,181,87,94
115900019,69,12,57
115900020,40,1,39
115900021,1209,175,1034
115900022,1244,18,1226
115900023,63,20,43
115900025,34,193,-159
115900026,730,236,494
115900027,2,274,-272
115900028,646,58,588
115900029,31,344,-313
115900030,35,19,16
115900031,373,307,66
115900032,453,734,-281
115900033,0,51,-51
115900034,50,367,-317
115900035,22,20,2
115900036,91,559,-468
115900037,91,320,-229
115900038,54,8,46
115900039,148,165,-17
115900041,479,491,-12
115900042,23,5,18
115900043,95,60,35
115900044,326,224,102
115900046,225,332,-107
115900047,168,132,36
115900049,143,252,-109
115900051,2,70,-68
115900052,16,260,-244
115900053,161,219,-58
115900054,187,91,96
115900055,15,151,-136
115900056,174,269,-95
115900057,31,6,25
115900058,33,63,-30
115900060,72,135,-63
115900061,198,1,197
115900062,26,301,-275
115900063,76,4,72
115900064,131,314,-183
115900065,138,120,18
115900066,202,108,94
115900067,6,638,-632
115900068,2928,1066,1862
115900069,95,154,-59
115900070,196,153,43
115900071,0,366,-366
115900072,51,138,-87
115900073,58,72,-14
115900074,7,320,-313
115900075,23,212,-189
115900076,4,56,-52
115900077,9,239,-230
115900078,161,79,82
115900079,130,9,121
115900080,362,197,165
115900081,15,61,-46
115900082,147,134,13
115900084,393,45,348
115900085,47,125,-78
115900086,1269,601,668
115900088,15,44,-29
115900089,292,678,-386
115900090,300,10,290
115900091,20,28,-8
115900092,37,185,-148
115900093,5,30,-25
115900094,4,315,-311
115900096,6,15,-9
115900097,11,345,-334
115900098,145,336,-191
115900099,284,55,229
115900100,18,433,-415
115900101,147,224,-77
115900102,104,70,34
115900103,236,155,81
115900104,39,81,-42
115900105,184,550,-366
115900106,45,22,23
115900107,179,103,76
115900108,102,76,26
115900109,78,338,-260
115900110,1,24,-23
115900111,0,75,-75
115900112,40,686,-646
115900113,61,44,17
115900114,1,120,-119
115900115,73,180,-107
115900116,74,702,-628
115900117,50,28,22
115900118,5,220,-215
115900119,103,97,6
115900120,24,252,-228
115900121,134,380,-246
115900124,657,751,-94
115900125,268,78,190
115900126,539,112,427
115900127,575,77,498
115900128,13,174,-161
115900129,747,79,668
115900130,20,239,-219
115900131,826,26,800
115900132,596,11,585
115900134,308,18,290
115900135,487,946,-459
115900137,22,10,12
115900139,52,33,19
115900140,218,48,170
115900141,11,43,-32
115900142,26,26,0
115900143,178,270,-92
115900144,76,166,-90
115900146,34,97,-63
115900147,290,225,65
115900148,79,4,75
115900149,58,28,30
115900150,64,39,25
115900151,6,110,-104
115900152,104,321,-217
115900153,88,183,-95
115900154,413,313,100
115900155,0,54,-54
115900156,559,993,-434
115900157,124,522,-398
115900158,19,13,6
115900159,102,285,-183
115900160,19,8,11
115900161,70,173,-103
115900163,159,154,5
115900164,416,79,337
115900166,171,112,59
115900168,98,142,-44
115900171,75,415,-340
115900172,94,141,-47
115900173,216,114,102
115900174,214,200,14
115900175,98,232,-134
115900178,6,511,-505
115900179,193,11,182
115900180,40,185,-145
115900181,163,260,-97
115900182,382,246,136
115900183,52,24,28
115900184,1666,12,1654
115900187,11,120,-109
115900189,3,244,-241
115900190,219,1134,-915
115900191,34,359,-325
115900192,8,80,-72
115900193,896,195,701
115900194,561,78,483
115900195,636,1775,-1139
115900198,184,380,-196
115900199,192,312,-120
115900200,336,491,-155
115900201,727,487,240
115900202,6,23,-17
115900203,5,12,-7
115900204,0,15,-15
115900205,122,38,84
115900206,198,129,69
115900207,37,38,-1
115900208,150,126,24
115900209,4,143,-139
115900210,12,120,-108
115900211,2,198,-196
115900212,136,226,-90
115900213,205,76,129
115900214,407,309,98
115900215,29,96,-67
115900216,8,89,-81
115900217,12,36,-24
115900218,12,26,-14
115900219,72,10,62
115900220,90,34,56
115900221,59,32,27
115900222,33,41,-8
115900223,9,338,-329
115900224,1092,988,104
115900225,59,24,35
115900226,32,22,10
115900227,12,29,-17
115900228,9,23,-14
115900229,6,58,-52
115900230,58,90,-32
115900231,101,3,98
115900232,63,0,63
115900233,91,12,79
115900234,51,38,13
115900235,35,20,15
115900236,260,27,233
115900237,71,32,39
115900238,90,32,58
115900239,23,22,1
115900240,14,41,-27
115900241,149,119,30
115900242,241,391,-150
115900243,8,9,-1
115900244,9,7,2
115900245,54,7,47
115900246,17,4,13
115900247,37,6,31
115900248,11,8,3
115900249,3,19,-16
115900250,5,23,-18
115900251,1,16,-15
115900252,3,0,3
115900253,18,11,7
115900254,8,30,-22
115900255,2,15,-13
115900256,23,79,-56
115900257,9,11,-2
115900258,0,2,-2
115900259,1,3,-2
115900260,6,4,2
115900261,18,2,16
115900262,1,3,-2
115900263,9,2,7
115900264,7,0,7
115900265,2,5,-3
115900266,9,19,-10
115900267,11,12,-1
115900268,5,13,-8
115900269,359,355,4
115900270,365,374,-9
115900271,89,1,88
115900272,37,5,32
115900273,2,10,-8
115900274,4,14,-10
115900275,0,20,-20
115900276,1,35,-34
115900277,1,50,-49
115900278,26,100,-74
115900279,38,120,-82
115900280,14,280,-266
115900281,422,213,209
115900282,16,12,4
115900283,10,26,-16
115900284,26,3,23
116000001,11418,4904,6514
116000002,4631,8622,-3991
116000003,1542,1725,-183
116000004,2101,2904,-803
116000005,4024,3694,330
116000006,3133,2543,590
116000007,2996,3611,-615
116000008,3945,2221,1724
116000009,1989,2863,-874
116000010,2003,1400,603
116000011,944,2227,-1283
116000012,1476,1004,472
116000013,8735,4054,4681
116000014,11016,9151,1865
116000015,337,1033,-696
116000016,4758,2641,2117
116000017,33,632,-599
116000018,699,236,463
116000019,612,260,352
116000020,609,624,-15
116000021,304,268,36
116000022,400,318,82
116000023,767,656,111
116000024,706,702,4
116000025,691,787,-96
116000026,1835,2275,-440
116000027,630,609,21
116000028,467,783,-316
116000029,635,765,-130
116000030,825,445,380
116000031,141,328,-187
116000032,377,148,229
116000033,332,489,-157
116000034,561,799,-238
116000035,270,658,-388
116000036,1708,1075,633
116000037,741,503,238
116000038,376,409,-33
116000039,583,312,271
116000040,750,311,439
116000041,151,329,-178
116000042,654,256,398
116000043,69,638,-569
116000044,36,106,-70
116000045,1733,1083,650
116000046,957,1637,-680
116000047,1619,2035,-416
116000048,1748,1717,31
116000049,1196,2897,-1701
116000050,1417,1324,93
116000051,6484,2568,3916
116000052,6049,5104,945
116000053,2014,947,1067
116000054,704,2376,-1672
116000055,658,1007,-349
116000056,795,1241,-446
116000057,3015,2117,898
116000058,2985,2877,108
116000059,3960,4907,-947
116000060,2163,1024,1139
116000061,599,904,-305
116000062,750,246,504
116000063,645,931,-286
116000066,319,555,-236
116000067,218,563,-345
116000068,238,306,-68
116000069,185,451,-266
116000078,543,992,-449
116000080,1696,1174,522
116000082,8,80,-72
116000083,1553,477,1076
116000084,2080,4330,-2250
116000085,2030,1825,205
116000086,2072,1516,556
116000087,1834,1422,412
116000088,667,965,-298
116000089,223,87,136
116000090,146,202,-56
116000091,499,282,217
116000093,507,303,204
116000094,553,654,-101
116000095,777,463,314
116000096,583,1316,-733
116000097,1046,595,451
116000098,127,4923,-4796
116000099,5253,276,4977
116000100,278,30,248
116000101,780,866,-86
116000102,305,1325,-1020
116000103,524,262,262
116000104,211,1243,-1032
116000105,961,177,784
116000106,653,1036,-383
116000107,2332,371,1961
116000108,556,175,381
116000111,112,35,77
116000113,125,97,28
116000114,59,174,-115
116000115,330,97,233
116000116,249,529,-280
116000117,1262,1607,-345
116000118,1210,1258,-48
116000119,2654,2030,624
116000120,2894,4330,-1436
116000121,826,496,330
116000122,1234,1892,-658
116000123,968,451,517
116000124,373,980,-607
116000125,2373,719,1654
116000126,284,1618,-1334
116000127,949,1247,-298
116000128,1423,838,585
116000129,1118,269,849
116000130,450,431,19
116000133,904,850,54
116000134,1812,2249,-437
116000135,2059,1483,576
116000136,1226,2209,-983
116000137,1077,666,411
116000138,727,560,167
116000139,1738,2204,-466
116000140,152,220,-68
116000141,321,658,-337
116000142,3145,3043,102
116000143,1667,1650,17
116000144,1535,2209,-674
116000145,1516,1156,360
116000146,366,229,137
116000147,175,146,29
116000148,366,520,-154
116000149,603,540,63
116000151,850,513,337
116000153,115,398,-283
116000155,196,223,-27
116000156,359,1059,-700
116000157,82,10,72
116000158,357,293,64
116000159,20,10,10
116000160,15,62,-47
116000161,5,67,-62
116000162,121,92,29
116000163,33,9,24
116000164,7,23,-16
116000177,555,97,458
116000194,85,330,-245
116000195,1356,748,608
116000196,6,5,1
116000197,11,7,4
116000198,2411,1044,1367
116000200,679,401,278
116000201,616,646,-30
116000202,7,225,-218
116000203,2,124,-122
116000204,10,82,-72
116000205,1,196,-195
116000206,0,136,-136
116000207,9,65,-56
116000233,173,401,-228
116000287,119,494,-375
116000288,221,214,7
116000292,30,92,-62
116000296,35,306,-271
116000297,187,26,161
116000304,109,32,77
116000305,30,76,-46
116000346,109,80,29
116000352,54,35,19
116000354,29,12,17
116000357,4,10,-6
116000358,365,34,331
116000361,390,3,387
116000372,5479,3427,2052
116000381,115,1,114
116000388,1,40,-39
116000389,786,509,277
116000445,319,582,-263
116000446,461,591,-130
116000447,22,525,-503
116000448,527,174,353
116000563,1158,862,296
116000565,53,418,-365
116000568,62,172,-110
116000579,34,125,-91
116000583,141,70,71
116000584,25,15,10
116000585,21,11,10
116000586,112,114,-2
116000587,550,665,-115
116000589,60,96,-36
116000590,81,74,7
116000591,244,251,-7
116000592,18,82,-64
116000593,1,38,-37
116000594,451,490,-39
116000595,561,141,420
116000596,63,6,57
116000597,361,83,278
116000598,15,214,-199
116000605,462,145,317
116000606,125,205,-80
116000607,2,28,-26
116000609,188,846,-658
116000611,105,470,-365
116000612,668,1698,-1030
116000613,511,315,196
116000614,364,652,-288
116000615,9,400,-391
116000616,45,80,-35
116000617,93,71,22
116000618,2,80,-78
116000619,67,49,18
116000620,97,543,-446
116000621,43,132,-89
116000622,85,163,-78
116000624,245,86,159
116000627,99,75,24
116000628,105,376,-271
116000629,41,220,-179
116000630,354,40,314
116000631,157,59,98
116000632,569,73,496
116000633,142,181,-39
116000634,291,181,110
116000635,3026,2081,945
116000636,1250,1335,-85
116000637,531,83,448
116000638,121,311,-190
116000639,95,4,91
116000640,20,9,11
116000641,41,193,-152
116000643,13,161,-148
116000644,38,449,-411
116000645,22,11,11
116900001,200,162,38
116900002,245,0,245
116900003,23,45,-22
116900004,33,67,-34
116900005,268,70,198
116900006,133,137,-4
116900007,109,160,-51
116900008,373,252,121
116900009,25,5,20
116900010,165,1334,-1169
116900011,13,33,-20
116900012,454,174,280
116900013,5,124,-119
116900014,78,205,-127
116900015,294,45,249
116900016,235,4,231
116900017,0,495,-495
116900018,51,70,-19
116900019,4,224,-220
116900020,969,878,91
116900023,75,19,56
116900024,459,52,407
116900025,892,753,139
116900026,98,489,-391
116900027,34,48,-14
116900028,4,97,-93
116900029,0,36,-36
116900031,3,4,-1
116900032,3,361,-358
116900033,8,8,0
116900034,9,78,-69
116900035,119,177,-58
116900036,5,88,-83
116900038,46,1,45
116900041,26,26,0
116900042,552,273,279
116900043,12,77,-65
116900047,39,109,-70
116900049,18,305,-287
116900050,120,419,-299
116900051,93,159,-66
116900052,191,86,105
116900055,0,6,-6
116900057,36,213,-177
116900058,35,304,-269
116900059,2,108,-106
116900060,171,161,10
116900062,0,29,-29
116900064,112,633,-521
116900065,24,109,-85
116900067,129,94,35
116900068,114,191,-77
116900070,4,3,1
116900072,10,336,-326
116900073,21,99,-78
116900074,4,32,-28
116900076,6,66,-60
116900077,8,153,-145
116900078,277,87,190
116900079,45,230,-185
116900080,11,20,-9
116900081,348,1249,-901
116900082,372,805,-433
116900083,55,42,13
116900084,149,60,89
116900085,43,142,-99
116900086,59,154,-95
116900088,269,87,182
116900090,172,34,138
116900091,350,40,310
116900092,81,600,-519
116900093,1370,1658,-288
116900094,3599,2963,636
116900095,154,113,41
116900096,101,334,-233
116900097,2786,2219,567
116900098,745,357,388
116900099,803,522,281
116900100,668,36,632
116900101,300,442,-142
116900103,7,0,7
116900104,84,78,6
116900105,254,90,164
116900106,1345,75,1270
116900107,3143,2019,1124
116900110,11,0,11
116900111,425,529,-104
116900112,212,830,-618
116900113,1554,1318,236
116900116,166,499,-333
116900117,273,112,161
116900118,650,727,-77
116900120,376,58,318
116900121,390,21,369
116900122,719,790,-71
116900123,155,768,-613
116900124,182,884,-702
116900125,307,179,128
116900126,103,477,-374
116900128,2,49,-47
116900129,1,379,-378
116900130,551,2698,-2147
116900131,108,346,-238
116900132,44,133,-89
116900133,106,129,-23
116900134,295,261,34
116900136,469,177,292
116900137,269,125,144
116900138,188,155,33
116900139,114,348,-234
116900140,200,123,77
116900141,786,450,336
116900142,3,63,-60
116900143,285,342,-57
116900144,31,101,-70
116900145,89,195,-106
116900147,461,345,116
116900148,4,27,-23
116900149,61,223,-162
116900150,6,13,-7
116900151,38,12,26
116900153,88,66,22
116900154,482,552,-70
116900155,96,53,43
116900157,516,376,140
116900158,196,247,-51
116900159,101,225,-124
116900160,890,614,276
116900161,5822,4612,1210
116900162,7,93,-86
116900163,151,136,15
116900164,118,80,38
116900165,251,216,35
116900166,47,82,-35
116900167,391,89,302
116900168,268,89,179
116900169,447,381,66
116900170,283,578,-295
116900171,27,139,-112
116900172,189,273,-84
116900173,165,38,127
116900174,64,58,6
116900175,157,136,21
116900178,10,96,-86
116900179,87,245,-158
116900180,82,23,59
116900182,363,302,61
116900183,145,166,-21
116900185,27,67,-40
116900186,58,217,-159
116900187,51,57,-6
116900188,169,17,152
116900189,154,1,153
116900191,367,790,-423
116900192,216,156,60
116900194,108,1082,-974
116900195,42,20,22
116900196,25,68,-43
116900197,101,35,66
116900198,246,158,88
116900200,49,32,17
116900201,94,5,89
116900202,89,35,54
116900203,125,33,92
116900204,41,87,-46
116900206,9,20,-11
116900207,34,27,7
116900208,10,102,-92
116900209,31,84,-53
116900210,462,251,211
116900211,336,0,336
116900212,42,72,-30
116900213,207,123,84
116900214,154,146,8
116900215,35,75,-40
116900216,314,214,100
116900218,4,227,-223
116900219,1488,418,1070
116900220,129,167,-38
116900221,69,338,-269
116900222,369,321,48
116900223,94,350,-256
116900226,79,55,24
116900227,159,62,97
116900228,240,239,1
116900230,75,242,-167
116900231,29,298,-269
116900232,13,361,-348
116900233,214,90,124
116900234,20,7,13
116900235,498,430,68
116900238,1595,307,1288
116900239,5,852,-847
116900240,4845,3267,1578
116900241,85,139,-54
116900242,877,533,344
116900243,2,15,-13
116900245,24,29,-5
116900246,112,17,95
116900247,758,80,678
116900248,96,53,43
116900249,209,73,136
116900250,386,47,339
116900251,424,351,73
116900252,150,725,-575
116900254,22,77,-55
116900255,169,93,76
116900256,311,136,175
116900257,23,479,-456
116900258,2,217,-215
116900259,246,16,230
116900260,3,105,-102
116900261,55,5,50
116900262,353,140,213
116900263,0,13,-13
116900264,102,36,66
116900265,33,0,33
116900266,17,28,-11
116900267,2,0,2
116900268,222,89,133
116900269,308,596,-288
116900271,1090,132,958
116900272,427,233,194
116900273,178,61,117
116900274,99,62,37
116900275,116,104,12
116900276,364,97,267
116900277,445,36,409
116900278,5,10,-5
116900279,0,16,-16
116900280,33,45,-12
116900281,5047,3241,1806
116900282,2,95,-93
116900283,21,125,-104
116900284,10,208,-198
116900285,256,164,92
116900286,208,24,184
116900287,9,40,-31
116900288,62,119,-57
116900289,15,12,3
116900290,35,36,-1
116900291,32,8,24
116900292,0,14,-14
116900293,44,58,-14
116900294,35,161,-126
116900295,129,27,102
116900296,60,60,0
116900297,11,90,-79
116900298,90,43,47
116900299,32,38,-6
116900300,0,45,-45
116900301,51,99,-48
116900302,134,70,64
116900303,250,107,143
116900304,0,167,-167
116900305,34,40,-6
116900306,174,117,57
116900307,68,2,66
116900308,1,124,-123
116900309,54,81,-27
116900310,27,64,-37
117000001,1624,1367,257
117000002,2006,4374,-2368
117000003,5745,3237,2508
117000004,3731,4934,-1203
117000005,1985,1899,86
117000006,1195,3527,-2332
117000007,3348,1258,2090
117000008,1121,3829,-2708
117000009,4904,1923,2981
117000010,2890,4139,-1249
117000011,2523,1589,934
117000012,1242,1480,-238
117000013,1816,827,989
117000014,1130,2158,-1028
117000015,2269,1242,1027
117000016,299,64,235
117000017,348,99,249
117000018,118,531,-413
117000019,133,21,112
117000020,489,1047,-558
117000021,1795,536,1259
117000022,425,73,352
117000023,363,171,192
117000024,234,153,81
117000025,487,752,-265
117000026,2347,1079,1268
117000027,2870,4936,-2066
117000028,5080,1899,3181
117000030,690,426,264
117000031,360,338,22
117000032,1794,1132,662
117000033,1086,709,377
117000034,442,346,96
117000035,319,311,8
117000036,453,349,104
117000037,330,246,84
117000038,225,652,-427
117000039,419,221,198
117000040,194,950,-756
117000041,839,171,668
117000044,17,881,-864
117000045,468,109,359
117000046,381,703,-322
117000047,809,537,272
117000048,1970,1036,934
117000049,100,508,-408
117000050,127,1893,-1766
117000051,2108,190,1918
117000052,47,346,-299
117000053,667,60,607
117000054,1679,13,1666
117000055,126,2968,-2842
117000056,695,26,669
117000057,713,2206,-1493
117000060,439,1340,-901
117000061,1394,923,471
117000062,275,656,-381
117000063,1588,947,641
117000064,840,874,-34
117000066,989,938,51
117000067,178,481,-303
117000074,161,184,-23
117000076,169,34,135
117000077,181,165,16
117000078,129,704,-575
117000079,509,249,260
117000080,1,359,-358
117000081,1405,145,1260
117000082,37,76,-39
117000083,589,334,255
117000084,187,2,185
117000085,322,649,-327
117000086,1159,414,745
117000087,99,482,-383
117000088,349,225,124
117000089,1340,310,1030
117000090,252,1258,-1006
117000091,728,291,437
117000092,318,1258,-940
117000093,1038,749,289
117000094,1305,2901,-1596
117000095,3457,1067,2390
117000096,646,2322,-1676
117000097,1192,1347,-155
117000098,2522,4411,-1889
117000099,2884,1324,1560
117000100,149,302,-153
117000101,180,1048,-868
117000102,1433,725,708
117000103,742,1694,-952
117000104,1119,645,474
117000105,842,1496,-654
117000106,907,770,137
117000107,547,1875,-1328
117000108,1304,893,411
117000109,1530,2569,-1039
117000110,1309,897,412
117000111,3567,4235,-668
117000112,2672,1706,966
117000113,336,306,30
117000114,276,168,108
117000115,139,82,57
117000116,121,279,-158
117000117,1389,903,486
117000118,288,143,145
117000119,263,175,88
117000120,170,419,-249
117000121,169,1016,-847
117000122,346,778,-432
117000123,1470,52,1418
117000124,1012,54,958
117000125,328,97,231
117000126,122,31,91
117000127,154,352,-198
117000128,584,700,-116
117000129,396,711,-315
117000130,139,0,139
117000131,0,106,-106
117000132,3050,46,3004
117000133,1232,82,1150
117000134,0,54,-54
117000135,6,48,-42
117000136,5,37,-32
117000137,81,100,-19
117000138,1,613,-612
117000140,411,1487,-1076
117000141,1463,522,941
117000181,575,494,81
117000182,248,435,-187
117000195,251,980,-729
117000196,195,120,75
117000225,181,16,165
117000226,8,201,-193
117000276,241,10,231
117000277,1,352,-351
117000310,1834,2273,-439
117000315,33,663,-630
117000320,78,1,77
117000906,246,24,222
117000907,8,259,-251
117000909,55,27,28
117000910,166,177,-11
117000911,105,187,-82
117000915,3,545,-542
117000916,34,7,27
117000917,1006,30,976
117000918,79,67,12
117000919,6,114,-108
117000920,0,1288,-1288
117000921,2,1277,-1275
117000922,51,153,-102
117000924,386,773,-387
117000926,917,99,818
117000927,2254,979,1275
117000928,1,146,-145
117000929,203,465,-262
117000930,168,31,137
117000931,651,158,493
117900002,118,399,-281
117900003,779,381,398
117900005,6,35,-29
117900006,0,33,-33
117900007,187,108,79
117900008,0,38,-38
117900010,221,101,120
117900011,126,62,64
117900012,63,59,4
117900013,0,200,-200
117900014,602,135,467
117900015,33,110,-77
117900016,1122,689,433
117900017,483,333,150
117900018,225,106,119
117900019,311,261,50
117900020,62,379,-317
117900021,23,77,-54
117900023,656,112,544
117900024,63,78,-15
117900025,61,7,54
117900026,368,283,85
117900028,47,3,44
117900029,192,621,-429
117900031,174,129,45
117900032,1072,520,552
117900033,260,508,-248
117900034,55,31,24
117900035,595,99,496
117900036,155,322,-167
117900037,104,231,-127
117900038,31,337,-306
117900039,8,66,-58
117900040,162,443,-281
117900041,4,53,-49
117900042,3408,332,3076
117900043,52,46,6
117900044,61,2730,-2669
117900045,184,159,25
117900048,309,318,-9
117900049,233,372,-139
117900050,4,35,-31
117900051,18,2,16
117900052,34,296,-262
117900053,1519,831,688
117900054,0,38,-38
117900055,149,203,-54
117900056,308,56,252
117900057,1375,1438,-63
117900058,197,23,174
117900059,310,100,210
117900060,2352,6116,-3764
117900061,38,152,-114
117900063,271,199,72
117900065,1537,1322,215
117900066,4,65,-61
117900067,430,147,283
117900069,677,251,426
117900070,225,29,196
117900071,76,136,-60
117900073,393,287,106
117900074,157,24,133
117900075,54,76,-22
117900076,14,70,-56
117900077,342,269,73
117900078,357,818,-461
117900080,104,47,57
117900081,580,382,198
117900082,397,395,2
117900083,267,367,-100
117900086,139,47,92
117900087,154,129,25
117900088,3655,2090,1565
117900089,1977,776,1201
117900090,347,426,-79
117900091,164,232,-68
117900092,75,42,33
117900093,92,176,-84
117900094,41,31,10
117900095,316,492,-176
117900096,74,212,-138
117900097,275,272,3
117900098,26,10,16
117900099,148,188,-40
117900100,175,5,170
117900101,365,1661,-1296
117900102,81,133,-52
117900103,62,4,58
117900104,17,89,-72
117900105,138,225,-87
117900106,100,69,31
117900107,33,1,32
117900109,452,335,117
117900110,139,2,137
117900111,416,16,400
117900112,55,31,24
117900113,2799,1376,1423
117900114,32,0,32
117900115,303,64,239
117900116,947,856,91
117900117,499,363,136
117900118,46,0,46
117900119,116,203,-87
117900120,128,73,55
117900121,83,9,74
117900122,1282,3207,-1925
117900123,691,410,281
117900124,1097,758,339
117900125,1781,1993,-212
117900126,334,599,-265
117900127,415,526,-111
117900128,369,540,-171
117900129,63,1,62
117900130,2278,487,1791
117900131,5,123,-118
117900132,10,128,-118
117900133,14,151,-137
117900134,56,221,-165
117900135,39,223,-184
117900136,0,37,-37
117900137,43,329,-286
117900138,0,34,-34
117900139,118,114,4
117900140,3180,233,2947
117900141,297,193,104
117900142,128,18,110
117900144,64,102,-38
117900145,100,41,59
117900146,202,130,72
117900147,49,49,0
117900148,2359,1585,774
117900149,146,210,-64
117900150,47,33,14
117900151,43,93,-50
117900152,91,54,37
117900153,24,95,-71
117900154,356,634,-278
117900156,872,874,-2
117900157,91,552,-461
117900158,232,197,35
117900160,629,751,-122
117900161,2822,1952,870
117900162,346,439,-93
117900163,126,77,49
117900165,1,9,-8
117900166,118,564,-446
117900168,42,218,-176
117900169,1,126,-125
117900170,5,45,-40
117900171,2,18,-16
117900172,12,31,-19
117900173,154,82,72
117900174,28,81,-53
117900175,2,39,-37
117900176,6,30,-24
117900177,49,55,-6
117900178,178,35,143
117900180,207,48,159
117900181,92,285,-193
117900182,3,39,-36
117900183,36,170,-134
117900184,41,86,-45
117900185,30,55,-25
117900186,38,15,23
117900187,15,4,11
117900188,268,112,156
117900189,65,28,37
117900190,33,3,30
117900191,144,4,140
117900192,254,4,250
117900193,10,70,-60
117900194,26,15,11
117900195,51,98,-47
117900196,19,38,-19
117900207,146,154,-8
117900208,35,34,1
117900209,225,259,-34
117900210,149,225,-76
117900211,13,198,-185
117900212,133,167,-34
117900213,14,25,-11
117900214,7,26,-19
117900215,43,46,-3
117900216,54,29,25
117900217,139,389,-250
117900218,187,130,57
117900219,6,114,-108
117900220,90,72,18
117900222,255,332,-77
117900223,223,356,-133
118000001,737,920,-183
118000002,932,1853,-921
118000003,2074,2824,-750
118000004,3468,2657,811
118000005,5112,5351,-239
118000006,6249,9970,-3721
118000007,5489,3310,2179
118000008,5653,3692,1961
118000009,1887,2672,-785
118000010,4854,3979,875
118000011,1303,2135,-832
118000012,1200,2131,-931
118000013,3492,2377,1115
118000014,2413,3123,-710
118000016,182,481,-299
118000017,366,394,-28
118000018,433,560,-127
118000019,2456,1485,971
118000020,1345,2938,-1593
118000021,742,2734,-1992
118000022,1589,712,877
118000023,1088,348,740
118000024,1582,1065,517
118000027,15191,11545,3646
118000029,1100,714,386
118000032,1405,3611,-2206
118000033,3081,5093,-2012
118000034,5608,2508,3100
118000035,1859,2652,-793
118000036,1185,1089,96
118000037,778,861,-83
118000038,151,73,78
118000039,93,219,-126
118000040,1562,1363,199
118000041,2319,1482,837
118000045,846,125,721
118000046,1659,450,1209
118000047,986,814,172
118000048,3580,1558,2022
118000051,1716,804,912
118000052,1010,492,518
118000053,514,470,44
118000054,1619,1503,116
118000055,1308,1694,-386
118000056,1683,358,1325
118000057,356,443,-87
118000058,3388,1150,2238
118000059,1892,798,1094
118000060,922,504,418
118000061,1924,1314,610
118000062,665,273,392
118000063,284,466,-182
118000064,695,1159,-464
118000065,4076,1739,2337
118000066,620,1291,-671
118000067,1541,894,647
118000068,1907,3799,-1892
118000069,3438,953,2485
118000070,5100,1559,3541
118000071,2832,6492,-3660
118000072,2047,1211,836
118000073,2532,585,1947
118000074,515,666,-151
118000075,1185,366,819
118000076,1488,1993,-505
118000077,1453,1319,134
118000078,1762,2109,-347
118000079,277,338,-61
118000080,1181,979,202
118000081,1912,1173,739
118000082,318,1053,-735
118000083,1516,1514,2
118000084,3158,1507,1651
118000086,322,579,-257
118000087,4737,2665,2072
118000088,1761,1643,118
118000089,3153,2021,1132
118000090,1436,2544,-1108
118000091,1069,2108,-1039
118000092,1041,426,615
118000093,107,692,-585
118000096,503,695,-192
118000097,768,644,124
118000098,254,191,63
118000099,414,726,-312
118000101,994,428,566
118000102,374,1389,-1015
118000107,1526,507,1019
118000108,535,1548,-1013
118000110,0,25,-25
118000111,3,308,-305
118000112,477,2,475
118000113,7,631,-624
118000114,399,20,379
118000115,26,3,23
118000116,21,0,21
118000117,1253,796,457
118000118,872,813,59
118000119,1041,1098,-57
118000120,1500,1201,299
118000121,125,662,-537
118000122,1397,364,1033
118000123,68,302,-234
118000125,1705,868,837
118000126,704,1432,-728
118000127,1620,572,1048
118000128,652,1149,-497
118000129,1252,518,734
118000130,2161,3079,-918
118000131,1042,1207,-165
118000132,2412,1783,629
118000133,962,505,457
118000135,560,501,59
118000136,136,529,-393
118000137,552,120,432
118000138,382,461,-79
118000139,359,155,204
118000140,2832,3728,-896
118000141,1825,1846,-21
118000142,1561,1447,114
118000143,2053,1232,821
118000144,1655,843,812
118000145,1718,2119,-401
118000146,1172,939,233
118000147,784,1696,-912
118000148,560,1241,-681
118000149,858,1045,-187
118000150,423,371,52
118000151,376,454,-78
118000153,1069,1027,42
118000154,1378,1455,-77
118000155,1131,1384,-253
118000156,1979,2346,-367
118000157,496,418,78
118000158,208,427,-219
118000159,27,84,-57
118000160,380,466,-86
118000161,510,803,-293
118000162,1825,939,886
118000163,797,788,9
118000164,1709,1273,436
118000168,935,361,574
118000169,1076,1182,-106
118000170,4161,5822,-1661
118000171,344,752,-408
118000172,97,302,-205
118000173,1156,1313,-157
118000175,247,282,-35
118000176,236,376,-140
118000177,195,508,-313
118000178,74,43,31
118000179,1449,1177,272
118000180,862,747,115
118000181,740,288,452
118000182,308,263,45
118000183,228,270,-42
118000184,767,746,21
118000185,1209,1077,132
118000186,685,1065,-380
118000187,1141,722,419
118000188,427,153,274
118000189,426,636,-210
118000190,9,14,-5
118000191,15,22,-7
118000192,474,381,93
118000193,271,501,-230
118000194,1206,909,297
118000195,948,855,93
118000196,358,155,203
118000197,316,192,124
118000198,489,651,-162
118000199,457,384,73
118000200,58,172,-114
118000201,297,375,-78
118000202,27,39,-12
118000203,1354,520,834
118000204,174,358,-184
118000205,207,335,-128
118000206,185,190,-5
118000207,0,45,-45
118000208,1106,1406,-300
118000209,1775,1809,-34
118000210,58,40,18
118000211,23,36,-13
118000213,759,914,-155
118000214,634,499,135
118000215,291,212,79
118000216,1286,2329,-1043
118000217,45,170,-125
118000218,69,131,-62
118000219,486,316,170
118000220,2,37,-35
118000221,201,232,-31
118000222,56,6,50
118000223,29,34,-5
118000224,140,144,-4
118000225,129,598,-469
118000226,751,141,610
118000227,761,360,401
118000228,146,270,-124
118000229,183,46,137
118000230,161,203,-42
118000231,75,183,-108
118000232,633,827,-194
118000233,947,814,133
118000234,352,172,180
118000236,305,250,55
118000237,105,261,-156
118000238,250,186,64
118000239,258,232,26
118000240,384,156,228
118000241,95,162,-67
118000242,262,639,-377
118000243,214,169,45
118000244,40,184,-144
118000246,0,18,-18
118000255,82,259,-177
118000256,110,287,-177
118000259,6,53,-47
118000260,143,109,34
118000261,22,48,-26
118000263,55,121,-66
118000266,130,206,-76
118000267,0,90,-90
118000268,372,50,322
118000270,82,20,62
118000271,181,346,-165
118000272,173,32,141
118000273,102,79,23
118000274,99,238,-139
118000276,337,305,32
118000295,3,83,-80
118000298,138,345,-207
118000299,58,176,-118
118000301,0,44,-44
118000302,85,116,-31
118000311,369,80,289
118000312,274,168,106
118000313,54,133,-79
118000314,79,58,21
118000315,15,65,-50
118000316,551,506,45
118000325,44,36,8
118000326,27,46,-19
118000331,12,50,-38
118000332,8,37,-29
118000333,20,54,-34
118000335,225,0,225
118000336,1,189,-188
118000407,94,60,34
118000457,13,40,-27
118000465,3724,4050,-326
118000480,28,73,-45
118000489,88,314,-226
118000490,91,384,-293
118000492,388,197,191
118000510,73,14,59
118000514,162,260,-98
118000515,586,564,22
118000517,332,206,126
118000524,346,249,97
118000525,736,758,-22
118000530,10,69,-59
118000531,309,279,30
118000532,192,279,-87
118000533,302,129,173
118000534,489,490,-1
118000535,257,137,120
118000536,680,1297,-617
118000537,33,136,-103
118000538,82,51,31
118000539,9,71,-62
118000540,197,108,89
118000541,151,50,101
118000542,88,118,-30
118000543,139,168,-29
118000546,56,11,45
118000553,0,0,0
118000560,2376,1831,545
118000562,17,146,-129
118000563,1549,1279,270
118000576,214,165,49
118000577,191,192,-1
118000578,245,139,106
118000579,684,939,-255
118000583,0,0,0
118000595,215,101,114
118000596,0,54,-54
118000597,142,136,6
118000598,1,0,1
118000599,51,40,11
118000600,5,10,-5
118000601,14,0,14
118000602,4,12,-8
118000603,0,41,-41
118000605,49,287,-238
118000606,30,46,-16
118900001,561,1310,-749
118900002,757,706,51
118900003,239,13,226
118900004,81,55,26
118900005,55,8,47
118900006,90,3,87
118900007,27,1,26
118900008,1359,56,1303
118900009,37,20,17
118900010,56,7,49
118900011,181,53,128
118900012,461,174,287
118900013,332,81,251
118900015,166,99,67
118900016,10,3,7
118900017,286,350,-64
118900018,643,25,618
118900019,57,20,37
118900020,215,118,97
118900021,123,260,-137
118900022,176,112,64
118900023,114,89,25
118900024,78,123,-45
118900025,52,32,20
118900026,55,84,-29
118900027,322,211,111
118900028,185,121,64
118900029,290,301,-11
118900030,265,67,198
118900031,134,113,21
118900032,144,163,-19
118900033,313,271,42
118900034,130,26,104
118900035,109,180,-71
118900036,1043,691,352
118900037,329,186,143
118900038,285,190,95
118900039,349,131,218
118900040,184,173,11
118900041,419,170,249
118900042,183,89,94
118900045,347,185,162
118900046,787,352,435
118900047,503,222,281
118900048,193,132,61
118900049,61,43,18
118900050,18,91,-73
118900051,185,123,62
118900052,285,182,103
118900053,39,91,-52
118900054,92,53,39
118900055,70,133,-63
118900056,25,230,-205
118900057,586,392,194
118900058,314,283,31
118900059,20,81,-61
118900060,276,158,118
118900062,443,162,281
118900064,611,444,167
118900065,28,132,-104
118900066,74,112,-38
118900067,3690,2646,1044
118900068,14,162,-148
118900069,294,273,21
118900071,5,90,-85
118900072,358,282,76
118900073,121,113,8
118900074,104,161,-57
118900075,48,78,-30
118900076,189,137,52
118900077,169,166,3
118900078,49,6,43
118900079,34,167,-133
118900080,11,111,-100
118900081,89,37,52
118900082,478,179,299
118900083,45,9,36
118900084,15,19,-4
118900085,599,865,-266
118900086,30,99,-69
118900087,31,191,-160
118900088,0,10,-10
118900089,31,21,10
118900090,442,408,34
118900091,184,207,-23
118900092,86,102,-16
118900093,114,31,83
118900096,122,111,11
118900097,193,433,-240
118900099,54,155,-101
118900100,103,167,-64
118900101,72,486,-414
118900102,35,79,-44
118900103,14,95,-81
118900104,153,132,21
118900105,172,88,84
118900107,172,85,87
118900108,84,91,-7
118900110,1188,587,601
118900111,633,375,258
118900112,48,146,-98
118900113,129,365,-236
118900114,28,56,-28
118900115,73,366,-293
118900116,97,241,-144
118900117,77,180,-103
118900118,221,319,-98
118900119,119,261,-142
118900120,94,319,-225
118900121,19,176,-157
118900122,22,763,-741
118900123,190,242,-52
118900124,36,143,-107
118900126,32,361,-329
118900129,213,233,-20
118900130,40,141,-101
118900131,222,218,4
118900132,262,209,53
118900133,16,136,-120
118900135,260,200,60
118900136,180,439,-259
118900137,10,36,-26
118900139,258,272,-14
118900140,380,520,-140
118900141,166,144,22
118900144,108,331,-223
118900145,185,103,82
118900146,280,618,-338
118900147,202,123,79
118900148,75,46,29
118900150,165,468,-303
118900152,452,730,-278
118900157,110,149,-39
118900158,53,55,-2
118900159,0,193,-193
118900161,97,6,91
118900163,132,174,-42
118900164,4,160,-156
118900165,24,123,-99
118900166,28,1,27
118900167,61,113,-52
118900168,29,116,-87
118900169,87,268,-181
118900170,98,99,-1
118900171,21,37,-16
118900174,77,66,11
118900175,347,535,-188
118900176,136,213,-77
118900177,79,77,2
118900178,63,158,-95
118900179,2,27,-25
118900181,97,103,-6
118900182,95,22,73
118900183,23,110,-87
118900184,250,109,141
118900185,199,146,53
118900186,92,83,9
118900187,196,218,-22
118900188,283,239,44
118900189,31,734,-703
118900190,6,277,-271
118900191,86,40,46
118900192,135,14,121
118900193,330,12,318
118900195,234,563,-329
118900196,43,158,-115
118900197,91,28,63
118900198,23,32,-9
118900199,80,67,13
118900200,20,23,-3
118900201,22,32,-10
118900202,3,52,-49
118900203,7,21,-14
118900204,8,29,-21
118900205,2,10,-8
118900206,3,17,-14
119000001,1203,1467,-264
119000002,3314,2567,747
119000003,2033,1099,934
119000004,2601,1115,1486
119000005,1454,1570,-116
119000006,2668,1545,1123
119000007,3110,2952,158
119000008,1805,1813,-8
119000009,3638,4226,-588
119000010,6055,4108,1947
119000011,3739,2862,877
119000012,2837,3214,-377
119000013,2189,1528,661
119000014,1877,3119,-1242
119000019,293,157,136
119000020,2145,1294,851
119000021,3819,2255,1564
119000022,2184,1879,305
119000023,300,255,45
119000024,1579,8375,-6796
119000025,6355,1348,5007
119000026,152,401,-249
119000027,265,409,-144
119000028,1764,1034,730
119000029,126,348,-222
119000030,656,1105,-449
119000031,851,749,102
119000032,1706,2373,-667
119000033,2073,1543,530
119000034,879,1049,-170
119000035,30,380,-350
119000036,1494,871,623
119000037,1102,1722,-620
119000038,117,882,-765
119000039,265,291,-26
119000040,928,529,399
119000041,729,1099,-370
119000048,2991,3149,-158
119000049,1780,2537,-757
119000050,2697,1827,870
119000051,3312,1062,2250
119000052,1845,3099,-1254
119000053,1791,1212,579
119000054,2953,3238,-285
119000055,3769,3368,401
119000056,2138,2044,94
119000057,1229,1989,-760
119000058,1771,1707,64
119000059,1205,1503,-298
119000060,1271,1025,246
119000061,870,848,22
119000062,1072,1282,-210
119000063,405,487,-82
119000064,1136,1396,-260
119000065,2125,3227,-1102
119000066,1882,1314,568
119000067,1772,2102,-330
119000068,1550,1162,388
119000069,1454,2396,-942
119000070,2121,1132,989
119000071,568,692,-124
119000072,4762,2920,1842
119000073,4397,6538,-2141
119000074,1094,2556,-1462
119000075,1968,2251,-283
119000076,428,880,-452
119000077,639,485,154
119000078,381,313,68
119000079,295,735,-440
119000080,359,161,198
119000081,286,443,-157
119000082,733,239,494
119000083,614,371,243
119000084,370,450,-80
119000085,511,228,283
119000086,323,466,-143
119000087,1558,1014,544
119000088,370,284,86
119000089,68,145,-77
119000090,124,179,-55
119000091,102,393,-291
119000092,524,221,303
119000093,3385,2693,692
119000094,2729,4975,-2246
119000095,1477,2582,-1105
119000097,2149,1403,746
119000098,820,2213,-1393
119000099,2160,1610,550
119000100,2984,2637,347
119000101,3549,1893,1656
119000102,1014,1021,-7
119000103,1492,543,949
119000104,2308,1582,726
119000105,852,1606,-754
119000106,416,1477,-1061
119000107,636,459,177
119000108,354,919,-565
119000109,144,433,-289
119000110,345,334,11
119000111,58,557,-499
119000112,204,83,121
119000113,2041,286,1755
119000114,754,855,-101
119000115,122,115,7
119000116,87,94,-7
119000117,139,268,-129
119000118,5,2,3
119000123,4362,1334,3028
119000124,724,216,508
119000125,2991,821,2170
119000126,896,697,199
119000127,443,594,-151
119000128,15,4,11
119000131,851,746,105
119000132,3,5,-2
119000133,1,5,-4
119000134,1890,540,1350
119000135,117,208,-91
119000136,190,244,-54
119000137,183,367,-184
119000138,336,327,9
119000139,259,236,23
119000140,171,330,-159
119000284,1302,2572,-1270
119000285,2188,2214,-26
119000286,7501,5675,1826
119000287,1361,2377,-1016
119000288,1876,1552,324
119000289,1988,3086,-1098
119000290,197,487,-290
119000291,10,232,-222
119000293,104,170,-66
119000294,48,57,-9
119000295,1309,392,917
119000296,206,124,82
119000297,0,0,0
119000302,2602,1207,1395
119000303,61,140,-79
119000310,0,0,0
119000314,1369,8638,-7269
119000315,1,500,-499
119000316,124,108,16
119000317,64,320,-256
119000319,485,245,240
119900001,213,1107,-894
119900002,136,295,-159
119900003,58,1086,-1028
119900004,319,790,-471
119900005,126,140,-14
119900006,182,402,-220
119900007,1154,197,957
119900008,944,66,878
119900009,696,814,-118
119900010,733,977,-244
119900011,19,61,-42
119900012,17,83,-66
119900013,1667,940,727
119900014,475,205,270
119900015,88,26,62
119900016,52,78,-26
119900017,29,49,-20
119900018,1769,689,1080
119900019,19,9,10
119900020,171,206,-35
119900021,121,104,17
119900022,95,489,-394
119900023,543,1260,-717
119900025,122,13,109
119900026,664,100,564
119900027,28,19,9
119900028,572,110,462
119900029,0,3,-3
119900030,500,453,47
119900031,40,337,-297
119900033,1869,239,1630
119900034,331,93,238
119900037,183,22,161
119900038,33,254,-221
119900039,42,12,30
119900040,391,34,357
119900041,77,18,59
119900042,526,151,375
119900043,82,172,-90
119900044,159,671,-512
119900046,86,49,37
119900047,282,55,227
119900049,130,8,122
119900050,44,70,-26
119900051,799,11,788
119900052,45,23,22
119900053,190,148,42
119900054,130,7,123
119900055,1092,467,625
119900057,180,44,136
119900058,189,5,184
119900059,110,67,43
119900060,239,7,232
119900061,206,6,200
119900062,47,14,33
119900063,7,49,-42
119900065,209,9,200
119900067,203,16,187
119900068,332,2,330
119900069,109,20,89
119900070,638,4,634
119900071,573,12,561
119900073,1548,759,789
119900074,37,38,-1
119900075,4562,2601,1961
119900076,796,421,375
119900077,778,1047,-269
119900078,649,980,-331
119900079,466,254,212
119900080,433,335,98
119900081,545,181,364
119900082,972,121,851
119900083,326,143,183
119900084,573,297,276
119900085,69,59,10
119900086,404,1334,-930
119900087,677,347,330
119900088,45,38,7
119900089,23,512,-489
119900090,113,54,59
119900091,89,869,-780
119900092,116,308,-192
119900093,928,243,685
119900094,119,239,-120
119900095,207,98,109
119900096,56,105,-49
119900097,609,220,389
119900098,38,92,-54
119900099,19,219,-200
119900100,2296,2142,154
119900101,190,947,-757
119900102,61,230,-169
119900103,32,301,-269
119900104,36,149,-113
119900105,482,1551,-1069
119900106,17,181,-164
119900107,272,2532,-2260
119900108,2058,590,1468
119900109,45,133,-88
119900110,572,541,31
119900111,66,300,-234
119900112,1621,556,1065
119900113,56,204,-148
119900114,236,1299,-1063
119900115,231,1042,-811
119900116,172,606,-434
119900117,309,733,-424
119900118,66,803,-737
119900119,300,282,18
119900120,528,472,56
119900121,386,1192,-806
119900122,465,293,172
119900123,230,423,-193
119900124,208,952,-744
119900125,31,286,-255
119900126,3530,229,3301
119900127,2132,982,1150
119900128,598,719,-121
119900129,251,486,-235
119900130,35,245,-210
119900131,57,234,-177
119900132,0,253,-253
119900133,35,112,-77
119900134,1674,185,1489
119900135,0,351,-351
119900136,184,289,-105
119900138,348,442,-94
119900139,122,120,2
119900140,2,167,-165
119900141,119,689,-570
119900142,0,17,-17
119900143,31,316,-285
119900144,1534,224,1310
119900145,55,146,-91
119900146,151,254,-103
119900147,11,139,-128
119900148,139,47,92
119900149,1147,2976,-1829
119900150,184,137,47
119900151,1299,555,744
119900152,124,398,-274
119900153,120,70,50
119900154,1,572,-571
119900155,27,40,-13
119900156,27,5,22
119900157,111,261,-150
119900158,121,84,37
119900159,9,1337,-1328
119900160,19,144,-125
119900161,208,179,29
119900162,664,737,-73
119900163,226,182,44
119900164,3,3,0
119900165,135,240,-105
119900166,65,44,21
119900167,102,102,0
119900168,731,510,221
119900169,88,307,-219
119900170,184,222,-38
119900171,1714,407,1307
119900172,125,18,107
119900173,6,447,-441
119900174,3,163,-160
119900175,906,690,216
119900177,40,184,-144
119900178,8,130,-122
119900179,81,516,-435
119900180,797,753,44
119900181,42,93,-51
119900182,8,305,-297
119900183,143,684,-541
119900184,2171,516,1655
119900185,49,127,-78
119900186,69,588,-519
119900187,18,348,-330
119900188,81,405,-324
119900189,460,425,35
119900190,64,241,-177
119900191,253,148,105
119900192,31,182,-151
119900193,241,193,48
119900194,14,118,-104
119900195,30,150,-120
119900196,1138,398,740
119900197,134,162,-28
119900198,739,320,419
119900199,138,19,119
119900200,516,633,-117
119900201,349,163,186
119900202,190,180,10
119900203,166,461,-295
119900204,220,268,-48
119900205,563,557,6
119900206,123,126,-3
119900208,164,284,-120
119900209,398,1040,-642
119900210,37,33,4
119900211,71,17,54
119900212,188,369,-181
119900213,2,76,-74
119900214,18,90,-72
119900215,60,79,-19
119900216,17,75,-58
119900217,36,61,-25
119900218,50,89,-39
119900219,16,122,-106
119900220,5,65,-60
119900221,35,243,-208
119900222,29,153,-124
119900223,28,75,-47
119900224,6,30,-24
119900225,808,50,758
119900226,495,1307,-812
119900227,989,268,721
119900228,1267,298,969
119900229,310,348,-38
119900230,1422,521,901
119900231,208,229,-21
119900232,197,101,96
119900233,20,8,12
119900234,26,68,-42
119900235,28,99,-71
119900236,53,191,-138
119900237,52,367,-315
119900238,9,79,-70
119900240,88,147,-59
119900241,176,301,-125
119900242,1048,1410,-362
119900244,532,1130,-598
119900245,143,208,-65
119900246,247,537,-290
119900247,20,124,-104
119900248,97,171,-74
119900249,176,67,109
119900253,2565,398,2167
119900254,73,551,-478
119900255,101,511,-410
119900256,439,808,-369
119900257,42,1,41
119900258,95,11,84
119900259,5,144,-139
119900260,70,11,59
119900261,710,161,549
119900262,1,282,-281
119900263,936,344,592
119900264,110,196,-86
119900265,749,419,330
119900266,279,285,-6
119900267,205,423,-218
119900268,366,200,166
119900269,1060,1086,-26
119900271,18,98,-80
119900272,255,120,135
119900275,75,7,68
119900276,45,2,43
119900277,4,3,1
119900278,254,77,177
119900279,79,288,-209
119900280,807,202,605
119900281,0,146,-146
119900282,53,80,-27
119900283,15,245,-230
119900284,47,206,-159
119900285,20,43,-23
119900286,1,11,-10
119900288,4,34,-30
119900289,0,27,-27
119900290,2,20,-18
119900291,3,50,-47
119900292,35,32,3
119900293,20,96,-76
119900294,22,56,-34
119900295,33,38,-5
119900296,21,214,-193
119900297,4,23,-19
119900298,13,16,-3
119900299,224,146,78
119900300,482,93,389
119900301,37,24,13
119900302,46,53,-7
119900303,316,384,-68
119900304,173,75,98
119900305,16,90,-74
119900306,17,0,17
119900307,75,89,-14
119900308,2,26,-24
119900309,45,153,-108
119900310,250,273,-23
119900311,66,118,-52
119900312,75,101,-26
119900313,307,270,37
119900314,143,291,-148
119900315,1499,2212,-713
119900318,14,22,-8
119900319,1,265,-264
119900320,177,487,-310
119900321,72,2,70
120000001,5186,12019,-6833
120000002,2719,3233,-514
120000003,3636,1877,1759
120000004,2930,2370,560
120000005,4560,2063,2497
120000006,1199,1499,-300
120000007,3605,3002,603
120000008,980,1449,-469
120000009,3121,926,2195
120000010,1766,2751,-985
120000011,1186,1650,-464
120000012,1428,2549,-1121
120000013,2830,2766,64
120000014,709,1465,-756
120000015,2718,1458,1260
120000016,3268,2347,921
120000017,2688,2214,474
120000018,3623,9221,-5598
120000019,942,1373,-431
120000020,2993,2939,54
120000021,1620,2184,-564
120000022,2833,3805,-972
120000023,1059,1723,-664
120000024,1579,2506,-927
120000025,2531,2098,433
120000026,1692,1913,-221
120000027,1831,2158,-327
120000028,1295,1096,199
120000029,4377,889,3488
120000030,2546,1076,1470
120000031,1760,6632,-4872
120000032,8077,4834,3243
120000033,4961,2178,2783
120000034,1581,1893,-312
120000035,1786,2028,-242
120000036,2760,5054,-2294
120000037,724,1479,-755
120000038,6134,3120,3014
120000039,594,821,-227
120000040,547,301,246
120000041,2670,1573,1097
120000042,2248,2375,-127
120000043,4224,1821,2403
120000044,4426,1671,2755
120000045,4658,1243,3415
120000046,2624,2686,-62
120000047,996,3912,-2916
120000048,6502,4139,2363
120000049,2936,2803,133
120000050,3942,4159,-217
120000051,2954,4121,-1167
120000052,8082,2485,5597
120000053,1298,2707,-1409
120000054,1379,4237,-2858
120000055,1866,4641,-2775
120000056,3631,3446,185
120000057,2717,829,1888
120000058,5836,759,5077
120000059,28,1748,-1720
120000061,115,620,-505
120000062,247,259,-12
120000063,1743,2433,-690
120000064,254,1152,-898
120000065,626,1499,-873
120000066,349,492,-143
120000067,134,502,-368
120000068,201,890,-689
120000069,625,1231,-606
120000070,117,796,-679
120000071,447,208,239
120000072,634,548,86
120000073,775,110,665
120000074,240,120,120
120000075,886,357,529
120000076,1811,453,1358
120000077,1620,620,1000
120000078,2989,1114,1875
120000079,394,516,-122
120000080,316,366,-50
120000081,324,233,91
120000082,225,267,-42
120000083,174,601,-427
120000084,361,384,-23
120000085,309,365,-56
120000086,307,567,-260
120000087,191,726,-535
120000088,861,1160,-299
120000089,1102,717,385
120000090,753,571,182
120000091,1368,1100,268
120000092,1139,700,439
120000093,348,526,-178
120000094,178,707,-529
120000095,1308,569,739
120000096,268,765,-497
120000098,1297,1094,203
120000099,593,949,-356
120000100,702,1072,-370
120000101,398,481,-83
120000102,481,693,-212
120000103,1375,802,573
120000104,1561,477,1084
120000105,2793,723,2070
120000106,2448,711,1737
120000107,3085,652,2433
120000108,1120,143,977
120000109,1108,95,1013
120000110,85,958,-873
120000111,290,1074,-784
120000112,841,2979,-2138
120000113,1146,2249,-1103
120000114,995,2979,-1984
120000115,348,2316,-1968
120000116,928,2020,-1092
120000117,1161,1403,-242
120000118,48,19,29
120000119,35,71,-36
120000120,80,59,21
120000121,40,38,2
120000122,247,344,-97
120000123,5163,4639,524
120000124,432,402,30
120000125,415,670,-255
120000126,405,831,-426
120000127,2950,846,2104
120000128,3738,3625,113
120000129,278,294,-16
120000130,795,577,218
120000131,327,606,-279
120000134,398,1181,-783
120000135,459,575,-116
120000137,261,1271,-1010
120000138,869,435,434
120000139,348,815,-467
120000140,838,511,327
120000141,715,577,138
120000142,1097,665,432
120000143,1,140,-139
120000144,89,1,88
120000145,303,3,300
120000146,1329,984,345
120000149,677,1188,-511
120000150,3455,12021,-8566
120000151,411,498,-87
120000152,359,172,187
120000153,181,566,-385
120000154,552,432,120
120000155,117,237,-120
120000156,1194,762,432
120000157,933,610,323
120000158,873,880,-7
120000159,2293,2633,-340
120000160,2456,1365,1091
120000161,1909,2380,-471
120000162,98,277,-179
120000163,567,1686,-1119
120000164,441,531,-90
120000165,518,896,-378
120000166,1241,631,610
120000167,58,104,-46
120000168,12,341,-329
120000169,72,890,-818
120000170,51,620,-569
120000171,26,251,-225
120000172,83,200,-117
120000173,3832,1133,2699
120000174,521,40,481
120000175,400,31,369
120000176,400,43,357
120000177,1219,162,1057
120000178,114,16,98
120000179,301,42,259
120000180,616,114,502
120000181,154,644,-490
120000182,74,453,-379
120000183,17,313,-296
120000184,112,889,-777
120000186,71,389,-318
120000187,57,177,-120
120000188,166,301,-135
120000190,1271,46,1225
120000191,988,62,926
120000192,964,28,936
120000193,374,6,368
120000195,100,5,95
120000196,355,38,317
120000197,119,135,-16
120000198,103,78,25
120000199,100,0,100
120000200,94,1,93
120000201,14,22,-8
120000202,11,53,-42
120000203,32,161,-129
120000207,1,50,-49
120000208,13,189,-176
120000209,7,76,-69
120000210,104,77,27
120000211,85,1,84
120000212,135,1,134
120000213,92,327,-235
120000214,0,265,-265
120000215,1,124,-123
120000216,48,6,42
120000217,626,870,-244
120000218,188,752,-564
120000219,11,486,-475
120000220,10,1670,-1660
120000225,1389,26,1363
120000226,310,9,301
120000227,692,36,656
120000228,7424,2679,4745
120000230,289,16,273
120000231,1102,2058,-956
120000233,253,49,204
120000235,204,648,-444
120000236,756,2,754
120000237,2,1234,-1232
120000238,2,630,-628
120000241,1127,3061,-1934
120000412,838,11,827
120000413,346,255,91
120000414,128,3,125
120000415,0,107,-107
120000416,263,16,247
120000417,4,54,-50
120000418,114,26,88
120000419,7,307,-300
120000420,47,23,24
120000421,10195,5817,4378
120000422,111,1136,-1025
120000423,0,47,-47
120000424,40,133,-93
120000436,160,570,-410
120000437,161,162,-1
120000438,3188,341,2847
120000439,167,529,-362
120000443,216,1,215
120000444,1268,521,747
120000445,1527,1083,444
120000446,662,256,406
120000447,151,15,136
120000449,83,16,67
120000450,0,212,-212
120000451,143,258,-115
120000452,52,5,47
120000453,1,268,-267
120000454,59,43,16
120000455,106,58,48
120000456,2296,3270,-974
120000457,876,555,321
120000458,436,798,-362
120000459,72,57,15
120000665,937,270,667
120000668,118,491,-373
120000669,46,163,-117
120000670,390,550,-160
120000671,1219,451,768
120000672,114,590,-476
120900001,56,104,-48
120900002,436,438,-2
120900003,199,43,156
120900004,12,65,-53
120900005,11,1023,-1012
120900006,369,187,182
120900007,137,108,29
120900008,261,1163,-902
120900009,717,46,671
120900010,362,104,258
120900011,222,156,66
120900012,365,893,-528
120900013,247,96,151
120900014,5,489,-484
120900015,963,85,878
120900016,685,54,631
120900017,2475,119,2356
120900018,105,398,-293
120900019,485,384,101
120900020,878,1035,-157
120900021,587,161,426
120900022,38,280,-242
120900023,274,34,240
120900024,1752,499,1253
120900025,1823,1228,595
120900026,196,148,48
120900027,803,23,780
120900028,308,103,205
120900029,210,358,-148
120900030,1024,665,359
120900031,236,76,160
120900032,797,146,651
120900033,863,84,779
120900034,39,2475,-2436
120900035,22,46,-24
120900037,198,12,186
120900038,33,217,-184
120900039,85,35,50
120900040,294,12,282
120900041,138,28,110
120900042,398,42,356
120900043,59,27,32
120900044,20,364,-344
120900045,135,79,56
120900046,423,3,420
120900047,167,108,59
120900048,127,24,103
120900049,383,3,380
120900050,2123,1245,878
120900051,288,122,166
120900052,524,11,513
120900053,218,45,173
120900054,1716,497,1219
120900055,378,3,375
120900056,503,9,494
120900057,89,17,72
120900058,454,1,453
120900059,83,9,74
120900060,71,23,48
120900061,270,183,87
120900062,216,1,215
120900063,459,4,455
120900064,469,1,468
120900065,398,1,397
120900066,242,231,11
120900067,123,39,84
120900068,252,2,250
120900069,202,58,144
120900071,14,1,13
120900072,698,4,694
120900073,413,112,301
120900074,527,12,515
120900076,266,2,264
120900077,2541,305,2236
120900078,746,1090,-344
120900079,586,110,476
120900080,751,2064,-1313
120900081,894,801,93
120900082,596,371,225
120900083,123,3,120
120900084,194,360,-166
120900085,70,102,-32
120900086,119,276,-157
120900087,369,293,76
120900088,147,342,-195
120900089,3245,2116,1129
120900090,229,154,75
120900091,714,787,-73
120900092,1415,546,869
120900093,2310,209,2101
120900094,576,185,391
120900095,372,25,347
120900096,34,168,-134
120900097,638,666,-28
120900098,339,162,177
120900099,49,57,-8
120900100,85,288,-203
120900101,765,321,444
120900102,42,82,-40
120900103,60,216,-156
120900104,21,39,-18
120900105,44,485,-441
120900106,1648,576,1072
120900107,228,156,72
120900108,10,607,-597
120900109,51,599,-548
120900110,20,971,-951
120900111,208,338,-130
120900112,9,832,-823
120900113,26,879,-853
120900114,40,157,-117
120900115,177,259,-82
120900116,261,364,-103
120900117,4,495,-491
120900118,8,747,-739
120900119,3907,5086,-1179
120900120,59,571,-512
120900121,144,544,-400
120900122,399,427,-28
120900123,6,375,-369
120900124,1,652,-651
120900125,12,712,-700
120900126,1756,1220,536
120900127,10,509,-499
120900128,1310,1393,-83
120900129,53,304,-251
120900130,1,372,-371
120900131,38,55,-17
120900132,871,266,605
120900133,170,881,-711
120900134,886,418,468
120900135,14,535,-521
120900136,47,90,-43
120900137,164,80,84
120900138,25,206,-181
120900139,5,613,-608
120900140,7,66,-59
120900141,149,163,-14
120900142,18,434,-416
120900143,2,814,-812
120900144,0,154,-154
120900145,522,873,-351
120900146,2,1079,-1077
120900147,5,479,-474
120900148,99,145,-46
120900149,0,276,-276
120900150,42,571,-529
120900151,35,682,-647
120900152,0,42,-42
120900153,42,102,-60
120900154,0,252,-252
120900155,183,1044,-861
120900156,81,355,-274
120900157,65,184,-119
120900158,51,648,-597
120900159,287,394,-107
120900160,17,787,-770
120900161,114,488,-374
120900162,52,596,-544
120900163,60,508,-448
120900164,11,12,-1
120900165,40,76,-36
120900166,64,281,-217
120900167,332,131,201
120900169,66,423,-357
120900170,1444,2340,-896
120900171,1056,256,800
120900172,961,935,26
120900173,3,74,-71
120900174,8,118,-110
120900175,253,99,154
120900176,18,315,-297
120900177,1,1015,-1014
120900178,7,374,-367
120900179,1065,454,611
120900180,101,126,-25
120900181,140,69,71
120900182,16,361,-345
120900183,421,85,336
120900184,217,55,162
120900185,8,363,-355
120900186,0,501,-501
120900187,395,1275,-880
120900188,200,8,192
120900189,113,1029,-916
120900190,44,13,31
120900191,6,17,-11
120900192,10167,5832,4335
120900194,40,78,-38
120900195,118,269,-151
120900196,825,28,797
120900197,543,125,418
120900198,310,520,-210
120900199,309,361,-52
120900200,94,116,-22
120900201,517,187,330
120900202,5,159,-154
120900203,22,81,-59
120900204,148,257,-109
120900205,41,55,-14
120900206,16,33,-17
120900207,66,1232,-1166
121000001,808,1027,-219
121000002,2067,1136,931
121000003,2588,1751,837
121000004,2670,3033,-363
121000005,1830,2474,-644
121000006,3305,1565,1740
121000007,2598,2751,-153
121000008,4851,2975,1876
121000009,4581,4952,-371
121000010,7570,4583,2987
121000011,7564,11031,-3467
121000012,14861,8992,5869
121000013,4651,6510,-1859
121000014,6331,5351,980
121000015,3901,6902,-3001
121000016,4656,3148,1508
121000017,1904,3624,-1720
121000018,2175,1691,484
121000019,19071,12797,6274
121000020,13206,15100,-1894
121000021,3563,2972,591
121000022,3006,2924,82
121000023,4105,2900,1205
121000024,4986,4707,279
121000025,542,1296,-754
121000026,308,142,166
121000027,1676,1133,543
121000028,749,509,240
121000029,943,683,260
121000030,555,395,160
121000031,577,603,-26
121000032,196,128,68
121000034,487,271,216
121000035,197,163,34
121000036,1102,791,311
121000037,503,625,-122
121000038,572,792,-220
121000039,393,343,50
121000041,611,428,183
121000042,524,397,127
121000043,713,532,181
121000044,1304,869,435
121000045,486,275,211
121000046,533,841,-308
121000047,344,314,30
121000049,1478,604,874
121000050,300,1194,-894
121000051,732,286,446
121000052,367,659,-292
121000053,469,125,344
121000054,76,336,-260
121000055,1087,945,142
121000056,836,1005,-169
121000057,402,483,-81
121000058,527,200,327
121000059,2072,1251,821
121000060,643,905,-262
121000061,115,269,-154
121000062,401,363,38
121000063,849,746,103
121000064,680,821,-141
121000065,433,529,-96
121000066,733,599,134
121000067,913,572,341
121000068,826,322,504
121000069,710,720,-10
121000070,2287,1281,1006
121000071,1496,1255,241
121000072,2315,738,1577
121000073,1727,937,790
121000074,472,167,305
121000075,107,283,-176
121000076,1298,467,831
121000077,235,204,31
121000078,157,154,3
121000080,2311,578,1733
121000081,2450,2910,-460
121000082,120,289,-169
121000083,228,200,28
121000084,173,202,-29
121000085,281,391,-110
121000086,226,782,-556
121000087,78,365,-287
121000088,488,640,-152
121000089,363,377,-14
121000090,370,356,14
121000091,1389,781,608
121000092,185,96,89
121000093,195,190,5
121000094,584,637,-53
121000095,411,699,-288
121000096,2349,2209,140
121000097,879,1685,-806
121000098,625,1343,-718
121000099,754,819,-65
121000100,882,606,276
121000101,383,274,109
121000102,241,400,-159
121000103,203,238,-35
121000104,277,218,59
121000105,375,348,27
121000106,361,331,30
121000107,1919,2952,-1033
121000109,1213,1032,181
121000110,269,791,-522
121000114,2438,1923,515
121000115,792,793,-1
121000116,279,929,-650
121000117,842,213,629
121000118,1412,217,1195
121000119,365,417,-52
121000120,247,473,-226
121000121,626,1105,-479
121000123,1537,553,984
121000127,96,114,-18
121000128,1177,704,473
121000129,935,788,147
121000130,615,948,-333
121000131,2674,2159,515
121000132,1734,1725,9
121000135,365,346,19
121000136,1882,780,1102
121000137,494,288,206
121000138,1196,825,371
121000139,699,303,396
121000141,215,190,25
121000142,762,1124,-362
121000143,130,42,88
121000144,1044,1906,-862
121000145,584,1183,-599
121000146,1375,966,409
121000147,1077,645,432
121000148,909,1150,-241
121000149,2085,1361,724
121000152,806,611,195
121000153,2144,696,1448
121000154,928,610,318
121000155,1217,1065,152
121000156,437,957,-520
121000157,1024,1703,-679
121000158,633,605,28
121000159,210,451,-241
121000160,322,519,-197
121000161,153,279,-126
121000162,90,156,-66
121000165,1689,1920,-231
121000166,24,570,-546
121000168,401,322,79
121000169,95,203,-108
121000170,530,106,424
121000171,98,169,-71
121000172,895,549,346
121000173,1343,1059,284
121000174,341,440,-99
121000175,929,322,607
121000176,399,239,160
121000177,1081,708,373
121000178,113,100,13
121000179,83,92,-9
121000181,544,485,59
121000182,153,215,-62
121000183,288,72,216
121000184,62,99,-37
121000185,40,158,-118
121000186,207,487,-280
121000187,155,225,-70
121000188,126,258,-132
121000192,842,486,356
121000193,600,568,32
121000194,2053,1976,77
121000195,269,891,-622
121000196,815,275,540
121000197,212,581,-369
121000198,141,103,38
121000199,143,313,-170
121000200,520,102,418
121000201,5,193,-188
121000202,749,109,640
121000203,928,2032,-1104
121000204,2625,940,1685
121000205,210,203,7
121000206,120,44,76
121000207,2115,369,1746
121000208,8,295,-287
121000209,418,302,116
121000210,509,450,59
121000211,339,170,169
121000212,372,504,-132
121000213,8736,2636,6100
121000214,719,2292,-1573
121000215,1040,831,209
121000216,546,718,-172
121000217,4017,2720,1297
121000218,540,1582,-1042
121000219,1452,424,1028
121000220,191,59,132
121000221,121,189,-68
121000222,2363,2086,277
121000223,886,414,472
121000224,480,190,290
121000225,1885,1477,408
121000226,2894,1151,1743
121000227,11,161,-150
121000228,16,483,-467
121000229,228,284,-56
121000230,59,1377,-1318
121000231,864,42,822
121000232,423,268,155
121000233,520,360,160
121000234,25,43,-18
121000235,69,122,-53
121000236,6,52,-46
121000237,87,32,55
121000238,9,73,-64
121000239,94,18,76
121000240,6,182,-176
121000241,121,18,103
121000242,69,387,-318
121000243,858,275,583
121000244,15,86,-71
121000245,147,63,84
121000246,2,128,-126
121000247,91,7,84
121000248,2249,528,1721
121000249,125,278,-153
121000250,488,178,310
121000251,37,351,-314
121000252,106,52,54
121000253,428,367,61
121000254,679,290,389
121000255,328,184,144
121000256,411,209,202
121000257,78,88,-10
121000258,161,83,78
121000259,125,63,62
121000260,244,169,75
121000261,332,78,254
121000262,742,589,153
121000263,965,481,484
121000271,298,1331,-1033
121000273,112,9,103
121000274,18,30,-12
121000275,7,16,-9
121000276,6,8,-2
121000278,41,48,-7
121000279,48,12,36
121000280,44,31,13
121000289,213,19,194
121000290,1113,957,156
121000294,153,144,9
121000297,1090,1092,-2
121000299,222,344,-122
121000300,887,550,337
121000302,82,1098,-1016
121000303,488,494,-6
121000304,562,56,506
121000305,174,63,111
121000306,80,111,-31
121000308,185,339,-154
121000309,353,464,-111
121000310,77,362,-285
121000311,79,873,-794
121000312,264,185,79
121000313,290,440,-150
121000314,175,157,18
121000315,71,188,-117
121000530,1362,1374,-12
121000531,1958,1624,334
121000532,6283,7434,-1151
121000533,3069,3157,-88
121000918,87,143,-56
121000919,63,57,6
121000938,285,413,-128
121000939,340,311,29
121000956,1308,1228,80
121000957,7,12,-5
121000958,67,35,32
121000959,615,837,-222
121000960,2286,2132,154
121000961,286,222,64
121000962,306,652,-346
121000963,0,0,0
121000973,1,121,-120
121000976,23,176,-153
121000979,427,165,262
121000981,515,390,125
121000982,361,155,206
121000983,391,467,-76
121000984,32,75,-43
121000985,576,424,152
121000986,203,204,-1
121000987,351,975,-624
121000988,691,121,570
121001302,356,186,170
121001308,5,19,-14
121001309,63,76,-13
121001311,0,0,0
121001313,264,200,64
121001314,2200,2669,-469
121001315,4048,2129,1919
121001326,651,432,219
121900001,246,168,78
121900002,33,16,17
121900003,418,6,412
121900004,115,230,-115
121900005,25,6,19
121900006,84,18,66
121900007,1538,1892,-354
121900008,815,293,522
121900009,449,19,430
121900010,180,3,177
121900011,235,304,-69
121900012,9,0,9
121900013,1624,90,1534
121900014,1038,306,732
121900015,190,179,11
121900016,6,32,-26
121900017,1920,475,1445
121900018,294,12,282
121900019,513,252,261
121900020,29,3,26
121900021,891,21,870
121900022,225,214,11
121900023,92,202,-110
121900024,317,111,206
121900025,572,328,244
121900026,317,39,278
121900027,324,104,220
121900028,195,21,174
121900029,95,167,-72
121900030,360,462,-102
121900031,832,5144,-4312
121900032,74,62,12
121900033,193,158,35
121900034,250,87,163
121900035,2180,2071,109
121900036,60,255,-195
121900037,121,621,-500
121900038,29,115,-86
121900039,374,53,321
121900040,57,105,-48
121900041,93,144,-51
121900042,315,137,178
121900043,4,5,-1
121900044,144,85,59
121900046,243,334,-91
121900047,163,56,107
121900048,34,80,-46
121900050,28,38,-10
121900051,130,162,-32
121900052,118,46,72
121900053,788,373,415
121900054,622,976,-354
121900055,0,16,-16
121900058,210,173,37
121900059,335,155,180
121900060,108,295,-187
121900062,176,86,90
121900063,1273,416,857
121900064,221,547,-326
121900066,92,32,60
121900067,60,97,-37
121900069,183,134,49
121900070,199,82,117
121900071,315,428,-113
121900072,61,168,-107
121900073,170,199,-29
121900074,688,879,-191
121900075,407,422,-15
121900076,318,600,-282
121900078,76,31,45
121900079,0,0,0
121900080,1049,341,708
121900082,50,114,-64
121900084,38,176,-138
121900086,15,31,-16
121900087,151,78,73
121900088,1455,2435,-980
121900089,146,324,-178
121900090,205,106,99
121900091,58,109,-51
121900092,65,87,-22
121900093,82,51,31
121900094,16,16,0
121900095,284,159,125
121900096,1028,917,111
121900097,512,390,122
121900098,3,0,3
121900099,181,97,84
121900100,272,515,-243
121900101,86,142,-56
121900102,4,173,-169
121900103,463,260,203
121900104,1415,377,1038
121900105,235,208,27
121900106,3,6,-3
121900107,40,38,2
121900108,4,13,-9
121900109,302,167,135
121900110,469,900,-431
121900111,984,152,832
121900112,177,122,55
121900113,51,286,-235
121900114,48,82,-34
121900117,164,57,107
121900118,2086,804,1282
121900119,328,114,214
121900120,37,1174,-1137
121900121,438,41,397
121900122,25,69,-44
121900123,224,384,-160
121900124,335,179,156
121900125,1203,961,242
121900127,22,86,-64
121900128,57,131,-74
121900129,598,169,429
121900130,99,229,-130
121900131,392,97,295
121900132,58,108,-50
121900133,117,899,-782
121900134,35,199,-164
121900135,2084,429,1655
121900136,1212,397,815
121900137,51,348,-297
121900138,147,132,15
121900139,322,524,-202
121900140,64,225,-161
121900141,86,46,40
121900142,142,189,-47
121900143,6,148,-142
121900144,157,229,-72
121900145,217,249,-32
121900146,544,760,-216
121900147,50,141,-91
121900148,155,262,-107
121900149,325,603,-278
121900150,88,137,-49
121900151,73,284,-211
121900152,58,132,-74
121900153,118,708,-590
121900154,20,322,-302
121900155,9,153,-144
121900156,123,98,25
121900157,1,352,-351
121900158,81,108,-27
121900159,1,237,-236
121900160,30,400,-370
121900161,420,376,44
121900162,68,162,-94
121900163,276,829,-553
121900164,458,230,228
121900165,235,133,102
121900166,144,165,-21
121900167,105,122,-17
121900168,123,244,-121
121900169,2,191,-189
121900170,11,176,-165
121900171,684,443,241
121900172,748,252,496
121900173,1024,201,823
121900174,45,48,-3
121900175,113,197,-84
121900176,579,1336,-757
121900177,244,69,175
121900178,25,66,-41
121900179,890,268,622
121900180,3572,3466,106
121900182,554,247,307
121900183,608,891,-283
121900184,74,569,-495
121900186,12,241,-229
121900187,52,159,-107
121900188,467,436,31
121900189,24,129,-105
121900190,245,510,-265
121900191,243,194,49
121900192,318,636,-318
121900193,40,160,-120
121900194,6,127,-121
121900195,50,92,-42
121900196,899,914,-15
121900197,460,1426,-966
121900198,1079,914,165
121900199,2,24,-22
121900200,78,306,-228
121900201,911,683,228
121900202,100,588,-488
121900203,176,712,-536
121900204,776,1422,-646
121900205,16,100,-84
121900206,18,36,-18
121900207,106,43,63
121900208,143,250,-107
121900209,46,30,16
121900210,1118,1043,75
121900211,332,512,-180
121900212,308,129,179
121900213,207,66,141
121900214,9,368,-359
121900215,64,106,-42
121900216,49,151,-102
121900217,207,143,64
121900218,172,377,-205
121900220,167,7,160
121900221,248,479,-231
121900222,137,149,-12
121900223,153,64,89
121900224,52,35,17
121900225,143,118,25
121900226,330,364,-34
121900227,425,580,-155
121900228,271,394,-123
121900230,153,169,-16
121900231,279,846,-567
121900232,252,382,-130
121900233,179,224,-45
121900234,269,258,11
121900235,396,212,184
121900236,470,163,307
121900237,239,261,-22
121900238,163,221,-58
121900239,323,16,307
121900240,251,108,143
121900241,44,60,-16
121900242,7,0,7
121900243,16,0,16
121900244,41,0,41
121900245,193,74,119
121900246,1779,186,1593
121900248,1398,1384,14
121900250,253,255,-2
121900251,371,53,318
121900252,458,134,324
121900253,192,888,-696
121900254,554,265,289
121900255,328,72,256
121900258,2654,2148,506
121900259,356,524,-168
121900260,49,130,-81
121900261,239,662,-423
121900262,355,925,-570
121900263,365,267,98
121900264,1706,1211,495
121900265,212,240,-28
121900266,526,176,350
121900267,105,38,67
121900269,225,802,-577
121900270,24,185,-161
121900271,43,133,-90
121900273,413,1520,-1107
121900274,258,240,18
121900277,505,1104,-599
121900278,124,900,-776
121900279,100,191,-91
121900280,144,285,-141
121900281,368,318,50
121900284,98,9,89
121900286,113,139,-26
121900287,17,22,-5
121900288,9,0,9
121900290,209,356,-147
121900291,446,543,-97
121900292,159,185,-26
121900293,1094,2494,-1400
121900294,264,3,261
121900295,116,211,-95
121900296,56,100,-44
121900298,278,696,-418
121900299,0,10,-10
121900300,200,5,195
121900301,85,6,79
121900302,0,30,-30
121900303,290,243,47
121900304,0,13,-13
121900305,1,18,-17
121900306,215,12,203
121900307,89,13,76
121900308,45,293,-248
121900309,13,278,-265
121900310,63,475,-412
121900311,413,18,395
121900312,291,18,273
121900313,330,28,302
121900314,1,60,-59
121900315,41,0,41
121900316,0,31,-31
121900317,14,4,10
121900318,2,16,-14
121900319,68,119,-51
121900320,59,61,-2
121900321,8,3,5
121900322,2,8,-6
121900323,26,23,3
121900324,1,62,-61
121900325,28,3,25
121900326,2,17,-15
121900327,11,77,-66
121900328,1,37,-36
121900329,11,177,-166
121900330,0,22,-22
121900331,11,6,5
121900332,78,18,60
121900333,29,5,24
121900334,148,65,83
122000001,2208,5106,-2898
122000002,5029,1654,3375
122000003,2259,2638,-379
122000004,3317,1643,1674
122000005,2321,1644,677
122000006,1576,854,722
122000007,1157,1976,-819
122000008,4094,4790,-696
122000009,370,431,-61
122000010,2135,2730,-595
122000011,3132,1399,1733
122000012,1300,1486,-186
122000013,1169,782,387
122000014,1448,1063,385
122000015,1445,1107,338
122000016,561,912,-351
122000017,1192,953,239
122000018,1518,1210,308
122000019,701,1203,-502
122000020,220,195,25
122000021,299,415,-116
122000022,1270,882,388
122000023,735,1520,-785
122000024,721,1132,-411
122000025,1422,1607,-185
122000026,1331,1063,268
122000027,619,2277,-1658
122000028,921,467,454
122000029,485,422,63
122000030,320,114,206
122000031,324,265,59
122000032,1829,1878,-49
122000033,631,1237,-606
122000034,653,604,49
122000035,325,803,-478
122000036,662,589,73
122000037,358,234,124
122000038,263,292,-29
122000039,706,443,263
122000040,358,226,132
122000041,532,573,-41
122000042,338,613,-275
122000043,123,173,-50
122000044,155,160,-5
122000045,1201,510,691
122000046,733,676,57
122000047,332,262,70
122000048,4894,4220,674
122000049,5628,3353,2275
122000050,1287,721,566
122000051,319,283,36
122000052,581,409,172
122000053,233,756,-523
122000054,2431,1908,523
122000055,2201,2970,-769
122000056,4921,3556,1365
122000057,3620,3341,279
122000058,3028,1316,1712
122000059,3075,1634,1441
122000060,726,620,106
122000061,573,434,139
122000062,1417,355,1062
122000063,1273,635,638
122000064,3216,2735,481
122000065,4029,2274,1755
122000066,529,485,44
122000067,1570,1180,390
122000068,1064,959,105
122000069,1105,712,393
122000070,896,1547,-651
122000071,1232,1123,109
122000072,374,411,-37
122000073,406,658,-252
122000074,2842,1674,1168
122000075,788,1135,-347
122000076,2093,1134,959
122000077,1214,711,503
122000078,2673,2609,64
122000079,1619,1155,464
122000080,846,382,464
122000081,199,294,-95
122000082,849,833,16
122000083,1383,1979,-596
122000084,1311,759,552
122000085,269,853,-584
122000086,2016,4409,-2393
122000087,382,192,190
122000088,294,393,-99
122000089,4939,2076,2863
122000090,192,388,-196
122000091,140,66,74
122000092,140,20,120
122000093,1605,1532,73
122000094,5101,2138,2963
122000095,2340,2952,-612
122000096,2113,1553,560
122000098,2892,1903,989
122000099,1942,580,1362
122000100,881,579,302
122000101,462,703,-241
122000102,1753,1162,591
122000103,1856,1857,-1
122000104,449,230,219
122000105,845,304,541
122000106,372,640,-268
122000107,1058,430,628
122000108,401,746,-345
122000109,390,297,93
122000110,435,532,-97
122000111,2438,1154,1284
122000112,860,1305,-445
122000113,702,725,-23
122000114,2499,1283,1216
122000115,1901,1123,778
122000116,595,592,3
122000117,2502,515,1987
122000118,583,951,-368
122000119,3186,2511,675
122000120,1839,4135,-2296
122000121,2055,3093,-1038
122000122,812,1863,-1051
122000123,1723,1839,-116
122000124,990,606,384
122000125,879,763,116
122000126,630,1220,-590
122000127,1086,1476,-390
122000128,602,756,-154
122000129,639,1362,-723
122000130,2880,1741,1139
122000131,1256,1494,-238
122000132,534,690,-156
122000133,1064,1424,-360
122000134,873,873,0
122000135,762,944,-182
122000136,816,827,-11
122000137,1490,1292,198
122000139,1297,3000,-1703
122000140,1021,528,493
122000141,3676,886,2790
122000142,459,771,-312
122000143,480,500,-20
122000144,1224,1326,-102
122000145,1037,697,340
122000146,900,967,-67
122000147,583,498,85
122000148,2334,1953,381
122000149,1986,1889,97
122000150,1032,1008,24
122000151,216,325,-109
122000152,388,394,-6
122000153,335,319,16
122000154,253,227,26
122000155,1566,2334,-768
122000156,2288,2241,47
122000157,1731,1749,-18
122000158,388,526,-138
122000159,727,1310,-583
122000160,3121,2832,289
122000161,1011,1083,-72
122000162,2071,1793,278
122000163,222,89,133
122000164,37,106,-69
122000165,1058,608,450
122000166,1229,983,246
122000167,262,206,56
122000168,268,567,-299
122000169,507,177,330
122000170,379,195,184
122000171,54,90,-36
122000172,1447,1315,132
122000173,1364,2133,-769
122000174,2156,818,1338
122000175,1179,255,924
122000176,386,700,-314
122000177,1166,1267,-101
122000178,2425,2059,366
122000179,1377,2157,-780
122000180,1670,1189,481
122000181,1687,2528,-841
122000182,1656,1220,436
122000183,1755,863,892
122000184,2814,2000,814
122000185,1407,1460,-53
122000186,437,691,-254
122000187,1709,959,750
122000188,357,200,157
122000189,206,272,-66
122000190,845,967,-122
122000191,729,487,242
122000192,1066,316,750
122000193,368,671,-303
122000194,506,191,315
122000195,160,474,-314
122000196,1166,567,599
122000197,499,639,-140
122000198,496,896,-400
122000199,375,306,69
122000200,933,511,422
122000201,1498,1506,-8
122000202,1352,1297,55
122000203,3179,1409,1770
122000204,1753,2021,-268
122000205,1448,1462,-14
122000206,2159,983,1176
122000207,1895,1236,659
122000208,2024,1332,692
122000209,1852,368,1484
122000210,2057,1614,443
122000211,1332,1085,247
122000212,808,494,314
122000213,1073,1192,-119
122000214,2108,1655,453
122000215,1805,1607,198
122000217,1762,1282,480
122000218,695,84,611
122000219,1160,841,319
122000220,415,663,-248
122000221,113,383,-270
122000222,628,144,484
122000223,1699,505,1194
122000225,795,312,483
122000226,2198,1632,566
122000227,349,2247,-1898
122000228,484,390,94
122000229,146,524,-378
122000230,589,503,86
122000231,567,833,-266
122000232,731,1124,-393
122000233,3,119,-116
122000234,451,183,268
122000235,934,170,764
122000236,959,123,836
122000237,164,86,78
122000238,1006,292,714
122000239,786,197,589
122000240,1298,763,535
122000241,1636,552,1084
122000242,619,196,423
122000243,236,142,94
122000244,83,443,-360
122000245,144,273,-129
122000246,401,287,114
122000247,1400,677,723
122000248,1080,1605,-525
122000249,2875,869,2006
122000250,2155,1290,865
122000251,290,518,-228
122000252,562,226,336
122000253,64,240,-176
122000254,299,125,174
122000255,711,1817,-1106
122000256,526,973,-447
122000257,164,286,-122
122000258,286,349,-63
122000259,36,471,-435
122000260,232,616,-384
122000261,18,264,-246
122000262,0,65,-65
122000263,322,102,220
122000264,1133,415,718
122000265,1944,839,1105
122000266,3741,744,2997
122000267,175,156,19
122000268,146,510,-364
122000269,871,364,507
122000270,616,179,437
122000271,347,911,-564
122000272,419,955,-536
122000273,446,399,47
122000274,267,264,3
122000275,257,247,10
122000276,777,637,140
122000277,1423,1643,-220
122000278,2555,1179,1376
122000279,236,555,-319
122000280,1063,737,326
122000281,859,908,-49
122000282,494,241,253
122000283,718,135,583
122000284,356,106,250
122000285,526,120,406
122000286,174,153,21
122000287,1024,1333,-309
122000288,561,325,236
122000291,1725,898,827
122000293,503,326,177
122000294,186,202,-16
122000295,1741,226,1515
122000296,116,680,-564
122000297,2590,2742,-152
122000299,525,354,171
122000300,628,573,55
122000301,9883,3598,6285
122000302,783,1276,-493
122000303,3503,1383,2120
122000304,48,256,-208
122000305,998,741,257
122000306,69,927,-858
122000307,258,243,15
122000309,161,90,71
122000310,32,105,-73
122000311,282,153,129
122000312,194,180,14
122000313,176,77,99
122000314,134,201,-67
122000315,243,55,188
122000316,655,212,443
122000317,1316,271,1045
122000318,317,486,-169
122000319,272,402,-130
122000320,465,1389,-924
122000321,115,262,-147
122000322,2379,2347,32
122000323,1519,2062,-543
122000324,1191,1167,24
122000325,1159,1459,-300
122000326,68,152,-84
122000327,451,738,-287
122000328,901,665,236
122000330,1684,689,995
122000333,19,131,-112
122000337,1204,1436,-232
122000338,442,382,60
122000340,379,427,-48
122000342,1786,929,857
122000343,543,1323,-780
122000344,72,23,49
122000345,12,48,-36
122000346,369,572,-203
122000348,827,740,87
122000349,104,618,-514
122000351,134,236,-102
122000352,435,137,298
122000353,108,84,24
122000355,186,279,-93
122000356,1292,936,356
122000357,120,46,74
122000358,0,48,-48
122000359,0,37,-37
122000360,0,49,-49
122000362,4,97,-93
122000364,128,288,-160
122000365,2,54,-52
122000366,24,13,11
122000368,434,608,-174
122000370,49,51,-2
122000371,31,0,31
122000372,24,2,22
122000381,85,339,-254
122000382,115,364,-249
122000384,3087,1258,1829
122000385,64,0,64
122000386,410,1058,-648
122000387,483,592,-109
122000388,1509,843,666
122000389,125,514,-389
122000390,344,220,124
122000391,316,169,147
122000392,324,233,91
122000393,235,309,-74
122000394,470,263,207
122000395,143,203,-60
122000396,323,132,191
122000397,112,69,43
122000398,37,66,-29
122000399,160,68,92
122000400,153,406,-253
122000401,137,115,22
122000402,263,107,156
122000403,434,879,-445
122000404,179,279,-100
122000408,1001,1331,-330
122000503,12,77,-65
122000524,224,160,64
122000544,73,2068,-1995
122000614,364,361,3
122000616,271,5,266
122000640,89,148,-59
122000641,103,331,-228
122000642,1215,1152,63
122000643,75,148,-73
122000644,169,36,133
122000645,107,159,-52
122000651,1578,746,832
122000664,180,44,136
122000665,1078,583,495
122000666,580,1073,-493
122000673,32,239,-207
122000674,184,72,112
122000675,1781,1066,715
122000686,917,1068,-151
122000687,1884,374,1510
122000688,290,763,-473
122000689,803,452,351
122000690,1736,472,1264
122000691,1210,1657,-447
122000692,1379,402,977
122000693,430,1508,-1078
122000695,247,396,-149
122000696,318,254,64
122000698,374,831,-457
122000699,169,70,99
122000701,1271,321,950
122000702,458,1134,-676
122000703,130,56,74
122000712,0,0,0
122000717,203,60,143
122000718,1015,1605,-590
122000719,108,102,6
122000720,446,268,178
122000724,290,333,-43
122900001,34,13,21
122900002,1161,3705,-2544
122900003,301,42,259
122900004,580,27,553
122900005,151,33,118
122900006,963,281,682
122900007,381,80,301
122900008,610,47,563
122900009,667,370,297
122900010,233,123,110
122900012,193,341,-148
122900014,170,324,-154
122900015,1646,769,877
122900016,105,293,-188
122900017,433,602,-169
122900018,174,10,164
122900020,409,347,62
122900021,149,514,-365
122900022,746,679,67
122900023,272,132,140
122900024,122,123,-1
122900025,28,262,-234
122900026,68,406,-338
122900027,59,900,-841
122900028,125,175,-50
122900029,4013,2758,1255
122900030,847,539,308
122900031,105,238,-133
122900032,92,338,-246
122900033,231,138,93
122900034,4112,4314,-202
122900035,19,18,1
122900036,58,74,-16
122900037,317,144,173
122900038,123,2295,-2172
122900039,99,496,-397
122900040,318,400,-82
122900041,291,236,55
122900042,155,254,-99
122900043,398,215,183
122900044,82,324,-242
122900045,110,96,14
122900046,153,154,-1
122900047,124,167,-43
122900048,60,165,-105
122900049,1466,132,1334
122900051,89,120,-31
122900052,121,189,-68
122900053,84,39,45
122900055,314,110,204
122900057,201,80,121
122900061,456,177,279
122900062,569,549,20
122900063,145,380,-235
122900064,1016,361,655
122900065,552,260,292
122900066,609,345,264
122900067,1597,817,780
122900069,923,1186,-263
122900070,400,68,332
122900071,177,412,-235
122900073,40,273,-233
122900074,661,507,154
122900075,0,78,-78
122900076,6,244,-238
122900077,2,156,-154
122900078,167,71,96
122900080,66,42,24
122900081,209,181,28
122900082,739,467,272
122900083,179,391,-212
122900084,6,205,-199
122900086,13,85,-72
122900087,236,514,-278
122900088,52,150,-98
122900089,121,273,-152
122900090,12,525,-513
122900091,183,1,182
122900092,176,253,-77
122900093,1,267,-266
122900094,0,240,-240
122900095,133,16,117
122900096,188,135,53
122900097,24,47,-23
122900098,119,114,5
122900099,80,25,55
122900100,238,144,94
122900101,439,197,242
122900102,22,57,-35
122900103,92,5,87
122900104,126,10,116
122900105,9,6,3
122900106,5,64,-59
122900107,4,181,-177
122900108,8,216,-208
122900109,168,115,53
123000001,1652,508,1144
123000002,3905,4732,-827
123000003,3613,3522,91
123000004,3107,3831,-724
123000005,2405,2931,-526
123000006,2089,2359,-270
123000007,4930,2855,2075
123000008,3541,3264,277
123000009,4501,2955,1546
123000010,3495,3477,18
123000011,2721,795,1926
123000012,1029,2157,-1128
123000013,3454,900,2554
123000014,1358,3239,-1881
123000015,3808,1308,2500
123000016,4181,4158,23
123000017,2974,2010,964
123000018,66,111,-45
123000019,212,291,-79
123000020,123,129,-6
123000021,90,223,-133
123000022,293,2054,-1761
123000023,1601,1458,143
123000024,1466,726,740
123000025,266,169,97
123000026,284,92,192
123000027,250,343,-93
123000028,1954,454,1500
123000029,1907,878,1029
123000030,223,432,-209
123000031,160,270,-110
123000032,299,166,133
123000033,259,101,158
123000034,1248,1079,169
123000035,346,404,-58
123000036,347,912,-565
123000037,513,423,90
123000038,148,244,-96
123000039,372,1423,-1051
123000040,884,351,533
123000041,1193,1280,-87
123000042,1291,676,615
123000043,1790,5074,-3284
123000044,4811,2469,2342
123000045,6245,2539,3706
123000046,846,1561,-715
123000047,1176,602,574
123000048,100,690,-590
123000049,4186,6716,-2530
123000050,1195,1164,31
123000051,94,203,-109
123000052,705,2974,-2269
123000053,2315,3090,-775
123000054,1316,1344,-28
123000055,1098,1731,-633
123000056,1250,2061,-811
123000057,7806,4453,3353
123000058,442,295,147
123000059,134,241,-107
123000060,691,422,269
123000061,248,445,-197
123000063,672,831,-159
123000064,1913,1049,864
123000065,6208,2316,3892
123000066,508,498,10
123000067,962,627,335
123000068,2477,2661,-184
123000069,6155,3474,2681
123000070,199,128,71
123000071,1643,1002,641
123000072,1295,1118,177
123000073,1028,655,373
123000074,710,881,-171
123000075,549,971,-422
123000076,973,738,235
123000077,2639,3233,-594
123000078,1205,1647,-442
123000079,1317,1915,-598
123000080,2248,2073,175
123000081,232,634,-402
123000082,674,1436,-762
123000083,1075,434,641
123000084,2062,1048,1014
123000085,2037,1438,599
123000086,725,600,125
123000087,441,354,87
123000088,2258,943,1315
123000089,442,1207,-765
123000090,1137,997,140
123000091,1433,1447,-14
123000092,1017,1223,-206
123000094,614,539,75
123000095,483,674,-191
123000096,573,424,149
123000097,385,746,-361
123000098,670,578,92
123000099,626,715,-89
123000100,521,758,-237
123000101,517,555,-38
123000102,623,613,10
123000104,339,454,-115
123000105,526,444,82
123000106,493,423,70
123000107,426,479,-53
123000108,774,899,-125
123000111,1284,1284,0
123000112,743,704,39
123000113,878,1362,-484
123000114,461,657,-196
123000115,346,304,42
123000116,37,132,-95
123000117,1883,1454,429
123000118,526,738,-212
123000119,330,757,-427
123000120,1090,1102,-12
123000121,405,606,-201
123000122,262,287,-25
123000123,414,607,-193
123000124,503,454,49
123000125,829,905,-76
123000126,956,2543,-1587
123000127,937,697,240
123000128,333,417,-84
123000129,602,190,412
123000130,481,95,386
123000131,632,578,54
123000132,389,912,-523
123000133,290,484,-194
123000134,349,191,158
123000135,2043,3095,-1052
123000136,247,730,-483
123000137,131,313,-182
123000138,90,407,-317
123000139,423,128,295
123000140,108,623,-515
123000141,761,156,605
123000142,1140,1256,-116
123000143,1395,2125,-730
123000144,122,23,99
123000145,360,108,252
123000146,33,94,-61
123000147,125,109,16
123000149,564,561,3
123000150,284,240,44
123000151,424,514,-90
123000152,223,341,-118
123000153,555,731,-176
123000154,1864,2041,-177
123000155,2230,1094,1136
123000156,49,194,-145
123000157,726,977,-251
123000158,502,789,-287
123000159,2469,2597,-128
123000160,1230,1087,143
123000161,1132,1063,69
123000162,582,1157,-575
123000163,710,303,407
123000164,1101,404,697
123000165,370,1224,-854
123000166,58,143,-85
123000167,145,318,-173
123000168,290,213,77
123000169,621,186,435
123000170,99,208,-109
123000171,513,36,477
123000172,387,493,-106
123000173,406,265,141
123000174,887,333,554
123000175,826,1155,-329
123000176,801,392,409
123000177,365,846,-481
123000178,917,451,466
123000179,19,299,-280
123000180,1579,306,1273
123000181,349,1628,-1279
123000182,307,366,-59
123000183,200,529,-329
123000184,301,596,-295
123000185,637,362,275
123000186,10,722,-712
123000187,525,9,516
123000188,237,1,236
123000189,15,189,-174
123000190,1,59,-58
123000192,40,667,-627
123000193,87,1091,-1004
123000194,533,447,86
123000195,539,93,446
123000196,190,47,143
123000197,62,29,33
123000198,7,262,-255
123000199,1,398,-397
123000200,501,6,495
123000201,462,11,451
123000202,8,691,-683
123000203,823,51,772
123000204,32,770,-738
123000205,547,2072,-1525
123000206,2328,365,1963
123000207,116,964,-848
123000208,553,598,-45
123000209,2564,911,1653
123000210,440,2144,-1704
123000211,402,2411,-2009
123000212,3022,672,2350
123000213,1001,122,879
123000215,145,280,-135
123000216,163,1242,-1079
123000217,170,44,126
123000218,27,571,-544
123000219,839,89,750
123000220,565,104,461
123000221,566,100,466
123000222,335,312,23
123000223,203,271,-68
123000224,479,531,-52
123000225,281,69,212
123000226,74,264,-190
123000227,77,266,-189
123000228,215,64,151
123000229,1334,1600,-266
123000232,194,585,-391
123000233,803,208,595
123000234,171,716,-545
123000235,682,330,352
123000236,219,723,-504
123000237,244,85,159
123000238,103,458,-355
123000239,483,1253,-770
123000240,43,382,-339
123000241,582,83,499
123000242,114,190,-76
123000243,714,865,-151
123000244,905,756,149
123000245,45,197,-152
123000249,451,592,-141
123000252,786,216,570
123000253,888,576,312
123000254,616,1012,-396
123000255,1067,959,108
123000256,167,602,-435
123000257,2167,2287,-120
123000258,1354,1287,67
123000259,299,370,-71
123000260,416,376,40
123000261,177,89,88
123000262,132,196,-64
123000263,291,123,168
123000264,147,97,50
123000265,54,168,-114
123000266,522,750,-228
123000267,447,395,52
123000268,39,68,-29
123000269,58,65,-7
123000270,44,59,-15
123000271,73,84,-11
123000272,785,377,408
123000273,241,591,-350
123000274,1059,602,457
123000275,325,757,-432
123000278,3650,2755,895
123000279,116,145,-29
123000280,581,325,256
123000281,293,110,183
123000282,132,278,-146
123000283,96,105,-9
123000284,52,114,-62
123000286,271,285,-14
123000287,624,251,373
123000288,1360,642,718
123000289,512,877,-365
123000291,299,825,-526
123000294,229,267,-38
123000295,1020,843,177
123000296,649,411,238
123000297,684,787,-103
123000298,500,440,60
123000299,182,362,-180
123000300,1732,1196,536
123000301,150,255,-105
123000302,75,180,-105
123000303,102,141,-39
123000305,945,1069,-124
123000306,138,230,-92
123000309,43,79,-36
123000310,66,53,13
123000311,377,157,220
123000312,635,919,-284
123000313,499,396,103
123000315,86,317,-231
123000316,1208,347,861
123000317,260,69,191
123000318,60,247,-187
123000329,7,11,-4
123000337,1536,412,1124
123000338,612,47,565
123000339,164,343,-179
123000340,204,594,-390
123000342,320,126,194
123000343,44,13,31
123000344,1266,648,618
123000345,344,813,-469
123000346,373,48,325
123000352,1197,900,297
123000353,52,129,-77
123000354,568,37,531
123000355,2,452,-450
123000356,365,17,348
123000357,4,148,-144
123000359,8,132,-124
123000360,207,57,150
123000361,287,280,7
123000362,238,108,130
123000363,91,161,-70
123000364,594,580,14
123000365,19,297,-278
123000366,375,1575,-1200
123000367,492,1726,-1234
123000370,22,266,-244
123000371,624,34,590
123000372,382,22,360
123000373,9,400,-391
123000374,12,197,-185
123000375,328,44,284
123000376,825,675,150
123000377,266,20,246
123000378,9,220,-211
123000379,2,217,-215
123000380,54,402,-348
123000381,218,57,161
123000382,1140,118,1022
123000383,162,1147,-985
123000384,413,73,340
123000385,171,525,-354
123000436,31,808,-777
123000507,213,392,-179
123000508,265,922,-657
123000517,287,24,263
123000518,26,217,-191
123000519,150,73,77
123000520,63,207,-144
123000521,289,114,175
123000522,158,362,-204
123000541,6,3,3
123000542,0,19,-19
123000565,767,66,701
123000566,256,943,-687
123000567,112,314,-202
123000573,51,748,-697
123000574,601,84,517
123000575,1177,1055,122
123000576,647,1358,-711
123000577,76,518,-442
123000578,470,53,417
123000579,3121,5024,-1903
123000580,120,36,84
123000582,287,44,243
123000583,32,290,-258
123000584,224,276,-52
123000585,0,128,-128
123000586,114,3,111
123000596,89,83,6
123000597,61,156,-95
123000602,26,9,17
123000603,552,713,-161
123000604,471,766,-295
123000605,951,20,931
123000606,1,424,-423
123000609,14,344,-330
123000610,186,118,68
123000613,59,210,-151
123000614,240,46,194
123000615,172,218,-46
123000616,472,51,421
123000617,118,333,-215
123000618,53,463,-410
123000619,473,48,425
123000620,25,319,-294
123000622,328,23,305
123000624,163,44,119
123000630,1145,462,683
123000631,293,1243,-950
123000632,1563,1316,247
123000633,1,317,-316
123000634,74,97,-23
123000635,122,109,13
123000636,31,598,-567
123000637,266,27,239
123000638,483,39,444
123000639,981,3395,-2414
123000640,29,624,-595
123000648,1284,838,446
123000649,432,1166,-734
123000650,211,63,148
123000651,14,133,-119
123000652,106,2,104
123000653,0,1,-1
123900001,1034,41,993
123900002,45,1274,-1229
123900003,416,364,52
123900005,209,159,50
123900006,221,36,185
124000001,1778,138,1640
124000002,99,1461,-1362
124000003,600,131,469
124000004,97,460,-363
124000005,888,339,549
124000006,224,980,-756
124000007,474,123,351
124000008,13,484,-471
124000009,561,272,289
124000010,168,443,-275
124000011,845,289,556
124000012,284,477,-193
124000017,143,167,-24
124000018,114,69,45
124000019,141,145,-4
124000020,52,177,-125
124000021,119,123,-4
124000022,90,195,-105
124000023,758,186,572
124000024,1051,456,595
124000025,685,458,227
124000026,706,393,313
124000027,1461,889,572
124000028,2290,918,1372
124000031,1530,2161,-631
124000032,2198,1213,985
124000033,1025,600,425
124000034,650,1228,-578
124000035,345,241,104
124000036,174,654,-480
124000037,545,1058,-513
124000038,35,160,-125
124000039,1116,553,563
124000040,604,1150,-546
124000041,502,115,387
124000042,220,411,-191
124000043,119,132,-13
124000044,81,197,-116
124000045,693,579,114
124000046,316,720,-404
124000047,1279,919,360
124000048,1247,1273,-26
124000049,1877,758,1119
124000050,1088,1844,-756
124000051,939,620,319
124000052,707,916,-209
124000053,519,1443,-924
124000054,933,569,364
124000055,1435,2311,-876
124000056,1992,1556,436
124000057,939,621,318
124000058,516,1321,-805
124000059,604,1122,-518
124000060,1221,737,484
124000061,1358,4843,-3485
124000062,6074,2207,3867
124000063,1490,1892,-402
124000064,2106,1476,630
124000065,171,593,-422
124000066,372,166,206
124000067,183,140,43
124000068,39,130,-91
124000069,674,211,463
124000070,231,483,-252
124000071,427,134,293
124000072,308,371,-63
124000073,859,203,656
124000074,230,617,-387
124000075,250,43,207
124000076,22,162,-140
124000077,1726,653,1073
124000078,2816,1400,1416
124000079,464,991,-527
124000080,651,227,424
124000081,252,423,-171
124000082,79,215,-136
124000083,122,130,-8
124000084,123,371,-248
124000085,163,50,113
124000086,92,91,1
124000087,568,102,466
124000088,184,325,-141
124000089,840,361,479
124000090,125,372,-247
124000091,510,141,369
124000092,122,638,-516
124000093,137,143,-6
124000094,173,394,-221
124000095,85,113,-28
124000096,127,240,-113
124000097,81,131,-50
124000098,88,145,-57
124000099,225,123,102
124000100,47,120,-73
124000101,71,134,-63
124000102,108,66,42
124000103,81,121,-40
124000104,103,75,28
124000105,74,120,-46
124000106,142,76,66
124000107,19,142,-123
124000108,63,33,30
124000109,144,151,-7
124000110,305,144,161
124000111,147,146,1
124000112,613,728,-115
124000113,73,115,-42
124000114,221,472,-251
124000115,417,673,-256
124000116,140,184,-44
124000117,58,82,-24
124000118,53,113,-60
124000119,897,498,399
124000120,461,445,16
124000121,2182,914,1268
124000122,528,1367,-839
124000123,1046,523,523
124000124,511,1118,-607
124000125,326,465,-139
124000126,276,624,-348
124000127,779,360,419
124000128,456,907,-451
124000129,2143,1701,442
124000130,710,711,-1
124000131,998,616,382
124000132,866,794,72
124000133,790,763,27
124000134,793,799,-6
124000135,1575,1477,98
124000136,878,1174,-296
124000137,1082,657,425
124000138,1288,1261,27
124000139,1150,78,1072
124000140,141,562,-421
124000141,690,46,644
124000142,47,575,-528
124000143,144,14,130
124000144,16,201,-185
124000145,186,50,136
124000146,56,74,-18
124000148,209,174,35
124000149,1359,589,770
124000150,458,597,-139
124000151,972,475,497
124000152,868,1352,-484
124000153,652,678,-26
124000154,473,637,-164
124000155,1307,975,332
124000156,1769,1017,752
124000169,174,375,-201
124000170,493,470,23
124000171,225,176,49
124000172,341,485,-144
124000173,404,208,196
124000174,370,525,-155
124000175,10,102,-92
124000176,47,8,39
124000177,15,55,-40
124000178,80,29,51
124000185,73,12,61
124000186,10,53,-43
124000187,5,101,-96
124000188,50,12,38
124000190,107,49,58
124000191,156,138,18
124000192,1760,300,1460
124000193,539,748,-209
124000194,436,443,-7
124000195,245,602,-357
124000196,1144,1045,99
124000197,52,49,3
124000198,29,51,-22
124000201,291,815,-524
124000202,647,289,358
124000203,728,586,142
124000204,714,323,391
124000205,260,410,-150
124000206,953,314,639
124000207,1,55,-54
124000209,237,433,-196
124000210,421,160,261
124000211,619,5,614
124000212,0,405,-405
124000213,424,307,117
124000214,283,422,-139
124000215,327,20,307
124000216,4,355,-351
124000329,194,1460,-1266
124000338,109,644,-535
124000339,828,163,665
124000341,1185,310,875
124000344,38,20,18
124000357,1502,3127,-1625
124000358,1426,2513,-1087
124000359,953,814,139
124000360,788,628,160
124000361,1707,686,1021
124000362,1116,1416,-300
124000363,290,405,-115
124000364,582,899,-317
124000365,740,1206,-466
124000366,1955,1544,411
124000367,145,442,-297
124000368,493,370,123
124000369,90,146,-56
124000370,65,487,-422
124000402,30,23,7
124000403,117,68,49
124000404,10,104,-94
124000405,909,788,121
124000406,788,925,-137
124000407,8,69,-61
124000411,5,305,-300
124000412,442,20,422
124000413,291,29,262
124000414,82,127,-45
124000415,65,129,-64
124000416,129,198,-69
124000417,163,98,65
124000418,159,88,71
124000419,77,124,-47
124000420,67,70,-3
124000421,61,120,-59
124000422,36,19,17
124000423,147,37,110
124000424,13,137,-124
124000425,125,13,112
124000426,7,179,-172
124000427,155,5,150
124000428,8,36,-28
124000429,84,57,27
124000430,607,451,156
124000431,287,394,-107
124000432,219,790,-571
124000439,2,5,-3
124000443,1,6,-5
124000445,684,876,-192
124000446,1594,137,1457
124000447,28,129,-101
124000448,71,14,57
124000449,156,21,135
124000450,41,196,-155
124000451,2,152,-150
124000452,330,80,250
124000453,2455,3664,-1209
124000454,2833,5123,-2290
124900001,467,430,37
124900002,104,275,-171
124900003,948,654,294
124900004,487,358,129
124900005,244,123,121
124900006,634,407,227
124900008,1309,605,704
124900009,129,303,-174
124900010,177,135,42
124900011,419,266,153
124900012,338,197,141
124900013,400,162,238
124900014,613,119,494
124900015,116,277,-161
124900016,53,74,-21
124900017,632,1171,-539
124900018,50,13,37
124900020,121,49,72
124900021,298,45,253
124900022,87,24,63
124900024,237,16,221
124900026,199,10,189
124900027,112,358,-246
124900028,395,71,324
124900029,8,454,-446
124900030,4,53,-49
124900031,50,225,-175
124900032,201,210,-9
124900033,184,283,-99
124900034,13,109,-96
124900035,146,401,-255
124900036,2,73,-71
124900037,154,232,-78
124900038,236,341,-105
124900039,1,94,-93
124900040,157,87,70
124900041,249,1047,-798
124900042,260,7,253
124900043,549,977,-428
124900044,77,3,74
124900045,594,1093,-499
124900047,149,167,-18
124900048,202,129,73
124900050,146,232,-86
124900052,104,349,-245
124900053,283,308,-25
124900054,1441,487,954
124900055,1,164,-163
124900057,15,111,-96
124900060,46,195,-149
124900061,49,17,32
124900062,256,35,221
124900066,0,12,-12
124900067,14,130,-116
124900068,319,434,-115
124900070,75,239,-164
124900072,105,36,69
124900075,195,253,-58
124900076,30,1056,-1026
124900077,32,102,-70
124900078,92,29,63
124900079,614,213,401
124900080,217,608,-391
124900081,775,378,397
124900082,380,946,-566
124900083,233,487,-254
124900085,1265,313,952
124900086,68,1169,-1101
124900087,701,105,596
124900088,576,112,464
124900089,1277,43,1234
124900090,246,230,16
124900091,276,331,-55
124900092,222,273,-51
124900093,250,198,52
124900094,312,237,75
124900095,74,336,-262
124900096,336,209,127
124900097,255,71,184
124900098,132,301,-169
124900099,471,455,16
124900100,312,56,256
124900101,91,314,-223
124900102,180,19,161
124900103,158,226,-68
124900104,67,171,-104
124900105,102,138,-36
124900106,273,35,238
124900107,98,18,80
124900108,190,90,100
124900111,4,120,-116
124900112,77,432,-355
124900113,154,253,-99
124900114,160,141,19
124900115,186,28,158
124900116,182,118,64
124900117,385,113,272
124900118,217,255,-38
124900119,361,263,98
124900120,56,305,-249
124900121,169,306,-137
124900122,281,236,45
124900123,292,175,117
124900124,131,397,-266
124900125,195,4,191
124900126,2,154,-152
204000001,114,11,103
204000002,23,14,9
204000003,29,3,26
204000004,8,0,8
204000005,747,662,85
204000006,1330,1287,43
204000011,19,89,-70
204000012,114,137,-23
204000019,666,531,135
204000020,618,673,-55
204000021,1847,761,1086
204000022,598,416,182
204000023,559,941,-382
204000031,192,19,173
204000032,748,31,717
204000034,41,193,-152
204000035,1,1,0
204000036,7,24,-17
204000037,5,11,-6
204000038,2,18,-16
204000039,16,22,-6
204000040,7,18,-11
204000041,7,18,-11
204000042,36,12,24
204000043,46,4,42
204000044,23,1,22
204000045,25,3,22
204000046,7,4,3
204000057,19,12,7
204000062,44,69,-25
204000068,36,298,-262
204000069,42,346,-304
204000070,97,113,-16
204000080,119,78,41
204000085,2095,1917,178
204000086,2659,2117,542
204000087,56,8,48
204000088,3,111,-108
204000090,86,240,-154
204000093,264,66,198
204000096,717,1064,-347
204000097,420,36,384
204000099,1120,1356,-236
204000100,1290,2021,-731
204000105,2380,1433,947
204000110,665,1539,-874
204000111,450,796,-346
204000112,2038,813,1225
204000113,392,745,-353
204000114,829,771,58
204000115,637,344,293
204000116,2689,705,1984
204000119,1940,2729,-789
204000132,757,454,303
204000133,902,431,471
204000134,241,143,98
204000135,936,130,806
204000136,1012,225,787
204000138,425,686,-261
204000140,234,191,43
204000141,190,75,115
204000144,24,32,-8
204000145,490,22,468
204000146,19,382,-363
204000147,56,188,-132
204000148,425,35,390
204000154,7,7,0
204000155,3,4,-1
204000177,88,52,36
204000179,31,7,24
204000180,1,50,-49
204000222,5,8,-3
204000235,16,17,-1
204000236,78,271,-193
204000238,10,38,-28
204000240,389,129,260
204000263,686,1083,-397
204000268,1088,754,334
204000308,184,18,166
204000317,12,70,-58
204000322,17,36,-19
204000323,15,17,-2
204000328,207,82,125
204000329,84,152,-68
204000330,183,57,126
204000331,135,177,-42
205000001,956,1869,-913
205000013,4,59,-55
205000014,26,79,-53
205000015,27,203,-176
205000016,42,165,-123
205000017,12,72,-60
205000022,327,872,-545
205000025,1392,1227,165
205000029,206,5,201
205000045,171,424,-253
205000046,138,538,-400
205000047,48,431,-383
205000048,326,1066,-740
205000049,197,802,-605
205000050,786,330,456
205000059,1,208,-207
205000060,0,93,-93
205000061,5,59,-54
205000062,1,49,-48
205000063,22,78,-56
205000064,22,84,-62
205000065,40,501,-461
205000066,94,750,-656
205000067,28,904,-876
205000069,284,24,260
205000082,144,146,-2
205000110,70,246,-176
205000111,199,273,-74
205000112,157,192,-35
205000113,198,371,-173
205000121,238,35,203
205000123,34,218,-184
205000126,434,103,331
205000127,833,219,614
205000128,508,86,422
205000129,628,114,514
205000130,275,25,250
205000131,202,6,196
205000132,330,5,325
205000133,218,1,217
205000134,313,0,313
205000137,37,137,-100
205000138,148,267,-119
205000139,31,138,-107
205000144,102,95,7
205000145,332,159,173
205000151,141,40,101
205000152,194,20,174
205000153,191,37,154
205000154,75,49,26
205000155,105,14,91
205000207,10,228,-218
205000233,32,0,32
205000234,0,2,-2
205000243,0,1,-1
205000244,0,2,-2
205000245,7,159,-152
205000249,0,34,-34
205000250,7,2,5
205000264,9,102,-93
206000027,11,4,7
206000028,4,1,3
206000043,13,45,-32
206000053,3,3,0
206000054,6,25,-19
206000055,2,8,-6
206000075,13,21,-8
206000076,11,15,-4
206000077,26,9,17
206000078,43,7,36
206000079,14,3,11
206000082,293,42,251
206000100,38,421,-383
206000103,6,10,-4
206000104,16,35,-19
206000105,4,22,-18
206000106,13,35,-22
206000125,52,0,52
206000157,55,482,-427
206000170,1,158,-157
206000171,7,175,-168
206000172,8,316,-308
206000173,2,231,-229
206000174,7,75,-68
206000175,1,89,-88
206000176,11,161,-150
206000177,1,126,-125
206000178,0,134,-134
206000179,9,62,-53
206000180,5,114,-109
206000181,6,92,-86
206000182,8,137,-129
206000183,20,426,-406
206000184,4,286,-282
206000185,6,149,-143
206000186,99,977,-878
206000223,6,172,-166
206000226,21,3,18
206000227,27,2,25
206000237,23,374,-351
206000238,19,573,-554
206000239,276,1807,-1531
206000240,2,55,-53
206000241,0,69,-69
206000242,12,238,-226
206000243,13,177,-164
206000244,44,475,-431
206000245,563,56,507
206000246,162,10,152
206000247,173,5,168
206000248,315,11,304
206000252,66,37,29
206000258,30,24,6
206000315,24,4,20
206000317,508,94,414
206000318,500,58,442
206000319,1078,78,1000
206000320,156,29,127
206000321,142,13,129
206000322,344,19,325
206000323,109,3,106
206000324,138,4,134
206000325,164,13,151
206000326,154,11,143
206000327,280,6,274
206000328,156,6,150
206000329,192,2,190
206000330,52,5,47
206000331,148,0,148
206000332,46,2,44
206000333,454,2,452
206000334,190,1,189
206000335,0,18,-18
206000361,0,175,-175
206000392,4,29,-25
206000405,107,0,107
206000441,23,14,9
206000498,61,22,39
206000515,80,24,56
206000530,253,55,198
206000531,222,181,41
206000532,1715,274,1441
206000535,248,1752,-1504
206000536,8,154,-146
206000537,25,165,-140
206000613,1439,187,1252
206000784,467,29,438
207000001,172,585,-413
207000002,90,324,-234
207000003,136,148,-12
207000007,875,252,623
207000008,93,25,68
207000009,65,64,1
207000010,458,411,47
207000012,329,193,136
207000015,295,1186,-891
207000019,258,90,168
207000021,476,158,318
207000022,157,112,45
207000023,232,42,190
207000024,4,6,-2
207000025,15,65,-50
207000026,108,43,65
207000027,35,63,-28
207000028,41,157,-116
207000029,172,377,-205
207000033,205,414,-209
207000034,303,77,226
207000039,304,165,139
207000040,286,117,169
207000041,136,40,96
207000042,161,61,100
207000043,268,203,65
207000051,126,203,-77
207000052,99,148,-49
207000053,407,540,-133
207000054,44,123,-79
207000055,163,151,12
207000056,311,287,24
207000057,153,256,-103
207000058,147,279,-132
207000059,106,506,-400
207000060,76,169,-93
207000061,280,488,-208
207000062,291,44,247
207000063,329,164,165
207000064,351,168,183
207000065,389,197,192
207000066,208,147,61
207000067,60,110,-50
207000068,149,96,53
207000069,718,308,410
207000082,7,302,-295
207000083,68,238,-170
207000084,185,297,-112
207000085,258,16,242
207000086,128,5,123
207000106,38,26,12
207000107,73,16,57
207000108,45,12,33
207000109,56,16,40
207000110,84,88,-4
207000111,71,67,4
207000112,143,533,-390
207000114,25,51,-26
207000115,19,79,-60
207000116,16,290,-274
207000117,12,102,-90
207000118,8,72,-64
207000119,57,61,-4
207000123,171,25,146
207000124,51,38,13
207000125,45,43,2
207000126,90,68,22
207000134,88,162,-74
207000135,22,229,-207
207000148,51,293,-242
207000149,69,44,25
207000152,103,319,-216
207000153,847,1020,-173
207000154,408,143,265
207000159,95,203,-108
207000160,143,428,-285
207000238,0,242,-242
207000242,6,172,-166
207000248,33,29,4
207000249,146,32,114
207000250,660,52,608
207000251,96,53,43
207000252,205,58,147
207000278,108,85,23
207000279,14,120,-106
207000280,520,67,453
207000281,98,906,-808
207000282,256,124,132
207000283,181,281,-100
207000284,132,214,-82
207000285,140,97,43
207000291,25,88,-63
207000304,103,79,24
207000306,90,340,-250
207000310,78,95,-17
207000353,392,4,388
207000356,39,34,5
207000357,18,22,-4
207000358,8,11,-3
207000415,3,236,-233
207000417,36,6,30
207000418,113,148,-35
207000438,0,1,-1
207000439,1000,617,383
207000446,162,9,153
207000460,33,13,20
207000466,199,122,77
207000467,217,125,92
207000468,34,376,-342
207000476,9,55,-46
207000477,557,67,490
207000478,2,45,-43
207000523,0,16,-16
207000524,108,1,107
207000527,122,158,-36
207000530,446,13,433
207000531,268,12,256
207000532,144,24,120
207000534,474,53,421
207000535,47,314,-267
207000537,109,144,-35
207000540,7,162,-155
207000541,3,335,-332
207000548,10,237,-227
207000549,313,12,301
207000561,144,160,-16
207000562,47,191,-144
207000567,185,258,-73
207000568,443,61,382
207000569,607,1083,-476
207000584,290,194,96
207000585,77,321,-244
207000587,177,55,122
207000616,0,127,-127
207000617,117,0,117
207000624,71,46,25
207000631,9,69,-60
207900008,372,157,215
208000001,654,915,-261
208000002,826,481,345
208000003,1097,493,604
208000004,1506,709,797
208000005,11,19,-8
208000019,526,1142,-616
208000020,166,497,-331
208000021,249,357,-108
208000022,1171,562,609
208000028,1402,947,455
208000033,607,735,-128
208000034,938,1367,-429
208000037,266,12,254
208000040,163,185,-22
208000041,957,593,364
208000042,1866,670,1196
208000047,136,282,-146
208000064,2438,1538,900
208000066,1667,2044,-377
208000070,316,389,-73
208000071,402,780,-378
208000072,353,1258,-905
208000080,313,364,-51
208000081,381,193,188
208000082,335,296,39
208000083,131,430,-299
208000084,14,20,-6
208000085,907,675,232
208000086,481,1228,-747
208000087,390,810,-420
208000089,1030,361,669
208000090,900,709,191
208000093,215,186,29
208000094,1146,429,717
208000095,574,442,132
208000104,835,909,-74
208000105,723,1058,-335
208000114,87,323,-236
208000115,468,410,58
208000116,491,1093,-602
208000117,194,201,-7
208000118,110,129,-19
208000155,718,970,-252
208000158,1503,3203,-1700
208000186,3760,4236,-476
208000204,580,915,-335
208000205,1275,980,295
208000282,5892,2889,3003
209000004,545,134,411
209000005,76,35,41
209000006,456,189,267
209000007,249,278,-29
209000010,374,133,241
209000011,164,247,-83
209000012,269,174,95
209000013,251,317,-66
209000014,670,955,-285
209000025,230,44,186
209000026,574,125,449
209000027,577,833,-256
209000028,372,570,-198
209000029,585,595,-10
209000030,592,1176,-584
209000031,2438,1946,492
209000034,168,193,-25
209000035,153,160,-7
209000036,148,119,29
209000037,293,246,47
209000038,126,195,-69
209000039,61,167,-106
209000040,251,502,-251
209000041,167,447,-280
209000042,247,409,-162
209000043,643,869,-226
209000044,220,716,-496
209000045,1496,540,956
209000046,631,906,-275
209000047,450,206,244
209000048,524,309,215
209000049,84,120,-36
209000050,197,177,20
209000051,327,308,19
209000052,180,276,-96
209000062,39,77,-38
209000063,50,60,-10
209000064,46,76,-30
209000065,58,34,24
209000066,73,38,35
209000067,88,49,39
209000080,24,240,-216
209000082,69,28,41
209000091,41,106,-65
209000093,64,18,46
209000094,222,231,-9
209000110,35,116,-81
209000111,393,1231,-838
209000112,724,997,-273
209000113,1166,921,245
209000114,472,443,29
209000115,89,144,-55
209000116,659,408,251
209000118,15,40,-25
209000119,46,18,28
209000121,168,440,-272
209000135,71,217,-146
209000142,627,1127,-500
209000143,106,45,61
209000144,32,86,-54
209000229,248,281,-33
209000240,47,296,-249
209000259,145,125,20
209000260,51,722,-671
209000261,3,396,-393
209000262,3,443,-440
209000263,0,196,-196
209000264,0,86,-86
209000265,1093,31,1062
209000266,475,1,474
209000267,890,12,878
209000268,564,38,526
210000037,74,26,48
210000047,100,24,76
210000048,112,21,91
210000049,43,7,36
210000052,41,89,-48
210000053,43,56,-13
210000054,74,87,-13
210000070,137,8,129
210000071,94,0,94
210000072,30,1,29
210000073,0,29,-29
210000074,2,98,-96
210000075,4,132,-128
210000076,19,143,-124
210000077,20,44,-24
210000078,52,45,7
210000079,16,13,3
210000080,135,59,76
210000081,187,18,169
210000082,166,1,165
210000083,56,0,56
210000084,62,0,62
210000085,0,62,-62
210000086,1,112,-111
210000099,27,244,-217
210000100,32,152,-120
210000101,75,204,-129
210000105,37,155,-118
210000159,1,134,-133
210000163,144,204,-60
210000164,259,174,85
210000168,140,48,92
210000187,0,12,-12
210000188,0,25,-25
210000214,64,0,64
210000219,25,52,-27
210000220,79,39,40
210000232,2,18,-16
210000233,38,54,-16
210000234,15,110,-95
210000235,56,71,-15
210000245,4,35,-31
210000246,30,4,26
210000258,15,109,-94
210000259,355,51,304
210000282,127,247,-120
210000285,1,116,-115
210000286,16,145,-129
210000290,4,11,-7
210000295,40,112,-72
210000296,21,32,-11
210000320,133,45,88
210000321,124,51,73
210000338,46,51,-5
210000339,267,1018,-751
210000340,105,316,-211
210000341,199,269,-70
210000342,207,178,29
210000343,145,176,-31
210000344,273,102,171
210000345,157,161,-4
210000346,76,76,0
210000347,76,25,51
210000348,117,13,104
210000349,60,11,49
210000350,120,59,61
210000351,142,110,32
210000352,62,41,21
210000353,66,74,-8
210000354,117,63,54
210000355,36,74,-38
210000356,21,50,-29
210000357,64,26,38
210000358,168,90,78
210000359,75,64,11
210000360,134,110,24
210000361,156,120,36
210000362,236,184,52
210000363,786,228,558
210000364,127,149,-22
210000365,142,85,57
210000366,156,55,101
210000367,89,25,64
210000368,132,46,86
210000369,22,18,4
210000370,35,32,3
210000372,23,38,-15
210000373,47,25,22
210000374,56,7,49
210000375,44,55,-11
210000376,79,107,-28
210000404,63,137,-74
210000439,34,49,-15
210000472,131,1,130
210000482,99,83,16
210000564,380,280,100
210000567,1,33,-32
210000568,329,2,327
211000092,37,43,-6
211000094,23,4,19
211000169,190,8,182
211000172,6,261,-255
211000209,0,32,-32
211000226,14,46,-32
211000270,66,14,52
211000275,14,17,-3
211000276,82,20,62
211000279,12,22,-10
211000281,54,37,17
211000302,51,94,-43
211507980,8,38,-30
211977296,58,3,55
212000003,116,33,83
212000004,35,21,14
212000005,18,33,-15
212000006,34,72,-38
212000008,177,187,-10
212000009,20,78,-58
212000012,94,70,24
212000013,34,54,-20
212000014,229,172,57
212000015,324,239,85
212000016,450,513,-63
212000027,492,461,31
212000028,297,380,-83
212000029,192,255,-63
212000030,47,31,16
212000031,84,51,33
212000048,42,166,-124
212000049,25,109,-84
212000050,36,17,19
212000051,164,198,-34
212000052,170,258,-88
212000053,404,613,-209
212000054,206,135,71
212000055,255,237,18
212000056,12,34,-22
212000057,17,39,-22
212000058,208,37,171
212000070,85,206,-121
212000077,110,593,-483
212000099,204,263,-59
212000108,143,157,-14
212000111,174,129,45
212000120,117,83,34
212000138,113,35,78
212000156,22,136,-114
212000158,14,11,3
212000159,334,56,278
212000160,547,266,281
212000161,77,13,64
212000310,81,11,70
212000311,8,62,-54
212000374,40,12,28
213000001,30,313,-283
213000005,364,144,220
213000006,912,334,578
213000007,182,13,169
213000009,799,536,263
213000010,165,304,-139
213000011,225,133,92
213000012,118,337,-219
213000014,97,14,83
213000015,230,7,223
213000016,477,0,477
213000017,92,0,92
213000018,0,149,-149
213000019,1,138,-137
213000020,118,356,-238
213000021,6,109,-103
213000023,328,165,163
213000033,280,1548,-1268
213000034,774,254,520
213000035,115,259,-144
213000045,135,248,-113
213000046,201,183,18
213000047,718,1201,-483
213000056,168,37,131
213000069,120,1,119
213000073,1,43,-42
213000074,69,383,-314
213000075,581,11,570
213000076,44,3,41
213000085,10,49,-39
213000086,21,185,-164
213000091,182,22,160
213000092,96,18,78
213000099,164,1065,-901
213000100,1127,261,866
213000101,369,137,232
213000102,469,227,242
213000103,823,676,147
213000104,44,331,-287
213000105,8,208,-200
213000106,72,138,-66
213000107,143,509,-366
213000108,43,400,-357
213000109,22,252,-230
213000110,22,69,-47
213000111,12,81,-69
213000112,164,103,61
213000115,68,11,57
213000116,46,405,-359
213000117,9,666,-657
213000118,351,222,129
213000119,45,603,-558
213000120,128,493,-365
213000122,150,567,-417
213000123,349,1274,-925
213000124,120,1177,-1057
213000125,130,23,107
213000126,37,117,-80
213000127,119,143,-24
213000128,447,1001,-554
213000129,296,572,-276
213000130,481,280,201
213000132,288,87,201
213000133,413,112,301
213000134,748,30,718
213000136,483,26,457
213000137,549,104,445
213000139,464,26,438
213000147,117,5,112
213000148,37,12,25
213000149,55,5,50
213000150,2,121,-119
213000151,6,108,-102
213000152,4,93,-89
213000153,3,89,-86
213000154,44,223,-179
213000155,28,220,-192
213000156,114,552,-438
213000157,576,392,184
213000158,304,781,-477
213000159,459,546,-87
213000163,859,89,770
213000165,739,254,485
213000171,35,160,-125
213000172,45,381,-336
213000173,28,257,-229
213000174,1,110,-109
213000175,32,72,-40
213000176,15,166,-151
213000177,38,30,8
213000178,122,16,106
213000179,208,56,152
213000180,235,94,141
213000184,131,391,-260
213000188,276,100,176
213000189,271,40,231
213000190,838,827,11
213000191,278,466,-188
213000192,235,414,-179
213000193,864,235,629
213000194,4,82,-78
213000195,25,431,-406
213000196,264,1151,-887
213000197,323,551,-228
213000198,88,2,86
213000200,122,827,-705
213000201,75,38,37
213000202,7,539,-532
213000203,3276,722,2554
213000204,594,93,501
213000205,222,99,123
213000206,428,67,361
213000207,206,16,190
213000208,114,2,112
213000209,196,1,195
213000210,446,4,442
213000211,10,18,-8
213000212,25,45,-20
213000213,15,45,-30
213000218,240,571,-331
213000219,393,27,366
213000220,393,23,370
213000223,199,234,-35
213000224,50,64,-14
213000225,82,17,65
213000226,92,15,77
213000227,755,246,509
213000228,457,95,362
213000229,464,54,410
213000230,563,20,543
213000232,79,1042,-963
213000233,6,85,-79
213000234,32,39,-7
213000293,27,76,-49
213000294,135,19,116
213000295,29,84,-55
213000296,56,23,33
213000297,11,100,-89
213000298,50,123,-73
213000299,79,53,26
213000300,104,17,87
213000303,32,28,4
213000304,11,5,6
213000305,32,12,20
213000306,41,37,4
213000307,136,99,37
213000308,132,179,-47
213000309,127,63,64
213000310,445,161,284
213000311,354,623,-269
213000315,88,91,-3
213000316,124,61,63
213000322,58,42,16
213000323,30,43,-13
213000340,186,536,-350
213000341,467,128,339
213000346,227,224,3
213000347,818,371,447
213000348,21,105,-84
213000349,58,14,44
213000350,312,1017,-705
213000366,75,284,-209
213000367,305,31,274
213000379,139,64,75
213000386,38,289,-251
213000406,83,343,-260
213000417,1104,458,646
213000425,147,34,113
213000426,113,42,71
213000427,50,191,-141
213000428,25,186,-161
213000429,20,7,13
213000430,125,635,-510
213000431,284,3,281
213000432,5,102,-97
213000433,17,125,-108
213000434,80,99,-19
213000435,76,56,20
213000439,55,33,22
213000441,14,1,13
213000443,483,354,129
213000445,0,66,-66
213000446,3,139,-136
213000447,3,58,-55
213000448,10,120,-110
213000449,277,3,274
213000450,22,36,-14
213000451,205,71,134
213000452,13,12,1
213000453,45,263,-218
213000455,595,14,581
213000456,0,359,-359
213000481,48,7,41
213000482,64,2,62
213000489,430,91,339
213000491,4,205,-201
213000492,272,1,271
213000493,0,97,-97
213000494,195,116,79
213000495,0,86,-86
213000496,314,154,160
213000497,55,240,-185
213000498,93,146,-53
213000499,158,422,-264
213000500,361,107,254
213000501,86,22,64
213000502,222,118,104
213000503,2,51,-49
213000504,6,91,-85
213000505,2,13,-11
213000506,0,9,-9
213000507,5,131,-126
213900244,23,0,23
213900245,0,33,-33
218000003,38,52,-14
218000004,43,33,10
218000005,198,57,141
218000006,54,34,20
218000007,20,13,7
218000012,202,184,18
218000013,165,163,2
218000014,368,405,-37
218000019,842,558,284
218000020,282,418,-136
218000040,5,1,4
218000046,37,95,-58
218000047,16,117,-101
218000048,50,103,-53
218000049,94,100,-6
218000050,306,223,83
218000051,47,263,-216
218000052,0,95,-95
218000053,6,12,-6
218000054,11,39,-28
218000055,0,20,-20
218000056,15,25,-10
218000057,3,25,-22
218000064,14,30,-16
218000065,80,49,31
218000066,27,65,-38
218000067,38,83,-45
218000068,82,84,-2
218000069,283,114,169
218000070,281,204,77
218000071,195,166,29
218000072,265,189,76
218000078,730,827,-97
218000079,109,92,17
218000080,120,85,35
218000081,318,240,78
218000082,38,81,-43
218000083,84,43,41
218000084,88,109,-21
218000085,148,297,-149
218000086,68,130,-62
218000087,190,169,21
218000090,18,122,-104
218000091,939,516,423
218000092,74,169,-95
218000093,92,51,41
218000094,490,685,-195
218000099,246,695,-449
218000100,263,305,-42
218000101,345,154,191
218000102,365,234,131
218000103,86,120,-34
218000104,83,48,35
218000105,41,17,24
218000106,15,6,9
218000107,51,95,-44
218000108,5,43,-38
218000112,45,31,14
218000117,80,45,35
218000134,491,601,-110
218000135,28,84,-56
218000136,188,116,72
218000137,236,173,63
218000138,22,89,-67
218000139,171,387,-216
218000140,400,270,130
218000141,70,80,-10
218000142,250,165,85
218000143,93,239,-146
218000144,85,85,0
218000145,342,308,34
218000146,76,174,-98
218000151,10,27,-17
218000152,93,39,54
218000170,5,51,-46
218000171,44,5,39
218000172,23,6,17
218000173,87,12,75
218000174,47,12,35
218000176,170,28,142
218000177,263,230,33
218000178,81,207,-126
218000179,134,66,68
218000180,81,43,38
218000181,152,41,111
218000187,16,23,-7
218000188,24,51,-27
218000189,27,83,-56
218000190,10,16,-6
218000191,152,77,75
218000192,140,229,-89
218000193,402,299,103
218000194,68,267,-199
218000195,95,71,24
218000196,300,314,-14
218000197,231,339,-108
218000198,31,186,-155
218000199,68,56,12
218000200,128,37,91
218000201,24,16,8
218000202,85,225,-140
218000207,9,27,-18
218000208,53,24,29
218000211,109,32,77
218000213,78,54,24
218000214,3,16,-13
218000215,24,60,-36
218000217,2,92,-90
218000218,125,34,91
218000219,23,21,2
218000220,114,293,-179
218000221,657,203,454
218000222,22,36,-14
218000223,20,275,-255
218000224,5,131,-126
218000225,170,17,153
218000226,103,32,71
218000232,37,88,-51
218000239,417,28,389
218000240,60,6,54
218000241,131,12,119
218000242,235,6,229
218000243,666,4,662
218000244,189,18,171
218000245,23,7,16
218000246,23,5,18
218000247,11,1,10
218000248,0,11,-11
218000249,0,2,-2
218000250,3,6,-3
218000251,6,32,-26
218000252,16,50,-34
218000253,5,37,-32
218000254,0,28,-28
218000255,8,24,-16
218000256,14,80,-66
218000267,600,1078,-478
218000268,18,64,-46
218000269,7,11,-4
218000270,122,62,60
218000271,19,54,-35
218000273,10,8,2
218000274,16,5,11
218000275,12,45,-33
218000276,13,67,-54
218000278,16,40,-24
218000279,83,83,0
218000280,4,36,-32
218000281,29,28,1
218000282,531,433,98
218000284,66,3,63
218000301,63,122,-59
218000302,106,62,44
218000303,76,83,-7
218000316,718,1141,-423
218000317,1013,1095,-82
218000318,614,905,-291
218000319,1049,1017,32
218000320,801,658,143
218000338,51,40,11
218000345,86,73,13
218000346,37,148,-111
218000459,26,202,-176
218000490,80,36,44
218000501,90,109,-19
218000502,29,98,-69
218000503,90,35,55
218000504,160,51,109
218000505,65,162,-97
218000506,43,318,-275
218000508,6,13,-7
218000510,157,9,148
218000520,104,105,-1
218000521,23,55,-32
218000522,1,178,-177
218000523,117,3,114
218000524,84,200,-116
218000525,125,14,111
218000526,48,162,-114
218000529,33,170,-137
218000531,17,18,-1
218000532,13,26,-13
218000534,138,24,114
218000537,44,51,-7
218000538,180,205,-25
218000540,206,94,112
218000543,110,40,70
218000544,62,108,-46
218000545,55,41,14
218000546,37,73,-36
218000547,90,101,-11
218000548,179,95,84
218000549,379,380,-1
218000550,223,307,-84
218000551,113,1154,-1041
218000552,441,48,393
218000553,58,98,-40
218000554,46,31,15
218000555,36,41,-5
218000556,169,207,-38
218000557,254,151,103
218000558,65,1,64
218000559,0,40,-40
218000560,0,23,-23
218000561,53,0,53
218000562,35,176,-141
218000563,209,22,187
218000564,1,123,-122
218000565,278,28,250
218000566,616,37,579
218000567,9,93,-84
218000568,44,4,40
218000569,11,169,-158
218000570,167,20,147
218000571,4,136,-132
218000572,148,3,145
218000573,23,207,-184
218000574,285,54,231
218000575,103,1,102
218000576,0,81,-81
218000577,110,2,108
218000578,0,95,-95
218000579,49,15,34
218000581,5,44,-39
218000582,43,2,41
218000583,14,1,13
218000584,0,18,-18
218000585,38,3,35
218000586,13,55,-42
218000587,5,9,-4
218000588,5,4,1
218000589,0,2,-2
218000590,5,0,5
218000591,4,5,-1
218000592,23,2,21
218000593,23,4,19
218000594,7,1,6
218000597,0,2,-2
218000598,0,0,0
218000599,12,0,12
218000600,11,0,11
218000601,1,1,0
218000602,0,8,-8
218000603,0,3,-3
218000604,8,0,8
218000605,1,89,-88
218000606,189,2,187
218000607,18,45,-27
218000608,52,24,28
218000609,7,76,-69
218000610,50,3,47
218000611,23,0,23
218000612,3,18,-15
218000613,35,0,35
218000614,1,62,-61
218000615,155,1,154
218000616,12,137,-125
218000617,27,2,25
218000618,1,23,-22
218000619,28,27,1
218000620,3,7,-4
218000621,0,0,0
218000622,0,6,-6
218000623,108,2,106
218000624,8,26,-18
218000625,17,0,17
218000626,2,5,-3
218000628,157,50,107
218000631,79,34,45
218000632,1,126,-125
218000633,184,2,182
218000634,7,22,-15
218000635,29,7,22
218000636,825,1147,-322
218000637,925,585,340
218000638,150,32,118
218000639,28,172,-144
218000640,200,30,170
218000641,99,225,-126
218000652,49,85,-36
218000653,127,43,84
218000663,9,313,-304
218000675,161,54,107
218000680,256,367,-111
218000681,450,176,274
218000691,241,236,5
218000693,242,160,82
218000718,625,1294,-669
218000719,1085,679,406
218000720,36,267,-231
218000721,527,34,493
218001147,6,254,-248
218001214,8,47,-39
218001258,325,7,318
218001329,140,124,16
218001330,195,109,86
218001351,41,30,11
218001352,5,14,-9
218001353,23,25,-2
218001354,18,33,-15
218001355,33,263,-230
218001356,347,34,313
218001357,49,191,-142
218001358,351,34,317
218001361,324,5,319
218001362,3,188,-185
219000001,50,48,2
219000002,60,55,5
219000003,76,24,52
219000004,55,50,5
219000017,93,28,65
219000020,118,180,-62
219000022,138,12,126
219000023,363,1,362
219000029,0,87,-87
219000034,52,17,35
219000039,133,108,25
219000040,63,62,1
219000041,127,27,100
219000051,0,28,-28
219000052,1,16,-15
219000053,1,119,-118
219000055,192,1,191
219000056,19,1,18
219000057,62,0,62
219000062,27,90,-63
219000063,106,7,99
219000064,1,48,-47
219000110,569,85,484
219000111,228,35,193
219000112,176,64,112
219000113,143,159,-16
219000114,173,288,-115
219000116,80,69,11
219000117,159,44,115
219000118,412,61,351
219000123,272,71,201
219000124,120,47,73
219000125,11,11,0
219000126,112,130,-18
219000127,0,3,-3
219000128,25,121,-96
219000129,22,117,-95
219000130,478,464,14
219000131,810,873,-63
219000133,101,40,61
219000134,22,19,3
219000135,52,65,-13
219000136,92,233,-141
219000138,57,18,39
219000139,33,58,-25
219000140,40,2,38
219000141,17,121,-104
219000142,18,95,-77
219000143,10,84,-74
219000145,30,32,-2
219000146,4,26,-22
219000147,1,36,-35
219000148,7,21,-14
219000149,7,66,-59
219000150,4,54,-50
219000151,1,37,-36
219000157,222,191,31
219000158,293,276,17
219000161,94,10,84
219000163,1618,664,954
219000166,288,209,79
219000167,114,203,-89
219000168,298,119,179
219000174,423,134,289
219000175,57,3,54
219000176,103,11,92
219000177,34,3,31
219000178,30,8,22
219000179,16,6,10
219000180,45,21,24
219000182,144,23,121
219000183,94,27,67
219000184,132,4,128
219000185,2,24,-22
219000186,92,42,50
219000187,44,77,-33
219000189,103,177,-74
219000190,96,245,-149
219000191,1078,1164,-86
219000192,208,110,98
219000193,252,154,98
219000195,2,52,-50
219000196,11,97,-86
219000198,14,110,-96
219000199,49,225,-176
219000200,50,228,-178
219000201,83,237,-154
219000203,45,156,-111
219000204,266,252,14
219000205,104,167,-63
219000207,155,282,-127
219000209,32,56,-24
219000210,65,109,-44
219000213,20,147,-127
219000239,230,313,-83
219000240,218,362,-144
219000241,141,163,-22
219000242,105,143,-38
219000243,83,224,-141
219000244,17,91,-74
219000245,53,49,4
219000246,62,57,5
219000247,163,50,113
219000248,484,385,99
219000249,186,149,37
219000250,123,95,28
219000251,564,242,322
219000252,256,155,101
219000253,540,115,425
219000255,118,108,10
219000256,304,73,231
219000257,100,0,100
219000262,164,122,42
219000263,46,178,-132
219000267,2,85,-83
219000268,2,7,-5
219000269,7,1,6
219000270,8,0,8
219000271,145,2,143
219000278,4,8,-4
219000279,2,4,-2
219000283,0,12,-12
219000295,14,83,-69
219000296,72,423,-351
219000297,22,131,-109
219000298,19,126,-107
219000299,459,93,366
219000300,21,211,-190
219000301,276,358,-82
219000302,47,308,-261
219000307,54,40,14
219000308,53,43,10
219000311,259,66,193
219000312,698,188,510
219000313,390,63,327
219000314,64,409,-345
219000315,264,58,206
219000316,505,57,448
219000317,98,28,70
219000320,5,84,-79
219000321,0,21,-21
219000323,3,67,-64
219000325,1,16,-15
219000326,55,61,-6
219000327,37,46,-9
219000328,30,39,-9
219000329,373,137,236
219000330,53,26,27
219000331,73,39,34
219000332,114,94,20
219000333,24,7,17
219000335,33,5,28
219000337,14,1,13
219000338,56,2,54
219000344,37,61,-24
219000345,42,84,-42
219000346,46,105,-59
219000348,166,114,52
219000349,72,178,-106
219000350,173,248,-75
219000351,12,6,6
219000352,582,134,448
219000353,107,53,54
219000354,148,95,53
219000355,157,67,90
219000356,1254,1329,-75
219000363,271,83,188
219000364,108,49,59
219000365,134,24,110
219000366,263,290,-27
219000368,368,611,-243
219000370,1311,510,801
219000371,34,34,0
219000382,24,42,-18
219000383,804,933,-129
219000385,434,400,34
219000386,767,1298,-531
219000387,4,9,-5
219000390,12,0,12
219000391,10,4,6
219000397,46,45,1
219000398,55,79,-24
219000401,9,102,-93
219000402,77,105,-28
219000403,212,367,-155
219000404,42,156,-114
219000407,2,25,-23
219000409,45,53,-8
219000410,117,52,65
219000411,50,9,41
219000446,195,318,-123
219000447,15,24,-9
219000448,13,9,4
219000452,165,100,65
219000453,99,166,-67
219000454,176,353,-177
219000556,255,81,174
219000558,186,186,0
219000590,35,144,-109
219000591,85,69,16
219000592,96,361,-265
219000595,8,20,-12
219000635,288,55,233
219000636,33,89,-56
219000657,44,29,15
219000658,41,94,-53
219000673,0,31,-31
219000676,22,3,19
219000679,34,9,25
219000684,83,1,82
219000685,1,64,-63
219000686,2,2,0
219000688,0,92,-92
219000689,24,199,-175
219000690,135,20,115
219000691,53,160,-107
219000692,154,30,124
219000693,0,29,-29
219000694,13,0,13
219000695,14,3,11
219000698,22,0,22
219000699,1,26,-25
219000727,0,126,-126
219000728,133,3,130
219000770,41,0,41
219000771,0,29,-29
219000788,591,353,238
219001150,0,21,-21
219001151,2,3,-1
219001166,37,28,9
219001167,1,100,-99
219001178,36,1,35
220000001,59,49,10
220000002,20,112,-92
220000003,388,237,151
220000004,529,433,96
220000005,1437,1550,-113
220000006,297,765,-468
220000007,366,514,-148
220000008,370,905,-535
220000009,281,417,-136
220000010,215,119,96
220000011,534,3180,-2646
220000012,135,286,-151
220000014,133,53,80
220000015,64,203,-139
220000017,62,209,-147
220000018,3635,769,2866
220000019,68,263,-195
220000020,331,313,18
220000021,752,224,528
220000022,760,458,302
220000023,416,166,250
220000024,1481,451,1030
220000025,663,841,-178
220000026,227,265,-38
220000027,76,86,-10
220000028,85,60,25
220000029,90,142,-52
220000030,112,115,-3
220000031,363,336,27
220000064,14,790,-776
221000046,7,0,7
221000047,0,5,-5
221000048,0,6,-6
221000049,0,8,-8
221000050,18,0,18
221000055,48,39,9
221000068,267,164,103
221000069,281,98,183
221000070,158,33,125
221000071,58,16,42
221000072,163,26,137
221000073,241,53,188
221000074,0,26,-26
221000075,28,24,4
221000076,7,37,-30
221000077,41,169,-128
221000081,59,13,46
221000082,75,15,60
221000083,59,6,53
221000084,12,2,10
221000085,62,50,12
221000086,9,104,-95
221000087,8,166,-158
221000088,10,179,-169
221000089,35,227,-192
221000090,115,494,-379
221000098,103,15,88
221000099,187,13,174
221000100,119,8,111
221000101,301,44,257
221000103,8,38,-30
221000104,2,68,-66
221000107,50,11,39
221000108,73,11,62
221000111,30,195,-165
221000112,13,168,-155
221000113,7,156,-149
221000114,12,164,-152
221000120,55,22,33
221000121,1,43,-42
221000122,15,35,-20
221000123,16,20,-4
221000124,20,166,-146
221000155,73,11,62
221000156,87,23,64
221000175,6,8,-2
221000176,4,1,3
221000182,51,16,35
221000241,712,250,462
221000242,135,421,-286
221000243,572,179,393
221000244,290,559,-269
221000245,188,116,72
221000246,69,255,-186
221000247,118,140,-22
221000248,85,136,-51
221000267,71,565,-494
221000325,129,59,70
221000331,11,73,-62
221000338,18,17,1
221000378,166,50,116
221000381,36,54,-18
222000282,14,1,13
222000296,5,20,-15
222000568,298,23,275
222000569,166,56,110
222000570,125,21,104
222000571,236,16,220
222000577,8,180,-172
222000578,34,175,-141
222000579,40,166,-126
222000580,88,939,-851
222000599,0,123,-123
222000600,7,345,-338
222000601,6,883,-877
222000603,14,36,-22
222000604,6,53,-47
222000605,21,24,-3
222000606,11,12,-1
222000607,3,7,-4
222000608,28,22,6
222000609,61,213,-152
222000616,296,37,259
222000617,22,18,4
222000618,13,12,1
222000620,32,12,20
222000621,76,13,63
222000623,555,13,542
222000624,331,8,323
222000625,600,25,575
222000636,48,7,41
222000686,88,23,65
222000687,62,33,29
222001066,152,0,152
222001067,8,2,6
222001068,30,12,18
222001069,44,21,23
222001082,2,39,-37
222001083,20,51,-31
222001084,0,51,-51
222001085,0,84,-84
222001111,22,140,-118
222001112,79,18,61
222001313,27,4,23
222001314,6,156,-150
222001464,137,63,74
222001465,19,154,-135
222001484,95,42,53
222001485,18,62,-44
222001494,387,164,223
222001495,180,248,-68
222001496,264,95,169
222001497,147,475,-328
222001502,16,92,-76
222001503,79,36,43
222001504,29,293,-264
222001505,236,16,220
222001506,41,368,-327
222001507,253,16,237
222001510,309,28,281
222001511,48,327,-279
222001514,564,143,421
222001515,212,520,-308
222001518,305,68,237
222001519,61,246,-185
222001527,170,63,107
222001528,48,168,-120
222001529,176,43,133
222001530,32,200,-168
222001533,198,230,-32
222001534,212,63,149
222001535,183,222,-39
222001536,180,297,-117
222001537,257,44,213
222001538,70,431,-361
222001563,607,117,490
222001564,52,605,-553
222001568,574,149,425
222001576,3,0,3
222001579,0,9,-9
222001583,27,145,-118
222001584,104,35,69
222001596,869,1118,-249
222001597,2135,344,1791
222001626,3,164,-161
222001650,158,109,49
222001651,126,143,-17
222001914,177,49,128
222001915,44,180,-136
222001968,415,289,126
222001969,522,639,-117
222001970,163,216,-53
222001971,9,8,1
222001972,0,10,-10
225000001,318,148,170
225000002,490,104,386
225000003,613,39,574
225000004,392,177,215
225000005,137,47,90
225000006,0,175,-175
225000007,1197,1250,-53
225000010,322,14,308
225000011,302,858,-556
225000012,222,455,-233
225000013,96,104,-8
225000014,761,88,673
225000015,72,178,-106
225000021,458,151,307
225000027,193,415,-222
225000032,546,114,432
225000042,77,560,-483
225000049,51,77,-26
225000050,60,19,41
225000053,2,267,-265
225000058,584,134,450
225000067,297,143,154
225000068,89,254,-165
225000069,141,414,-273
225000070,69,320,-251
225000071,36,145,-109
225000075,20,736,-716
225000076,57,117,-60
225000078,53,30,23
225000085,55,150,-95
225000086,191,70,121
225000087,153,18,135
225000088,8,133,-125
225000089,232,858,-626
225000090,31,315,-284
225000091,205,121,84
225000092,170,57,113
225000093,218,251,-33
225000094,17,192,-175
225000095,279,382,-103
225000096,352,409,-57
225000098,564,349,215
225000099,244,173,71
225000100,271,140,131
225000104,124,461,-337
225000110,14,347,-333
225000111,181,890,-709
225000112,262,978,-716
225000113,186,535,-349
225000114,54,230,-176
225000115,1464,560,904
225000116,897,155,742
225000117,675,259,416
225000118,734,199,535
225000119,151,67,84
225000120,666,42,624
225000121,288,19,269
225000123,541,29,512
225000125,327,144,183
225000126,721,135,586
225000127,610,828,-218
225000128,498,504,-6
225000132,287,33,254
225000133,179,47,132
225000134,483,137,346
225000135,37,15,22
225000136,262,20,242
225000137,184,43,141
225000138,328,66,262
225000143,64,308,-244
225000144,7,377,-370
225000145,41,40,1
225000146,69,109,-40
225000147,33,243,-210
225000148,8,206,-198
225000149,61,466,-405
225000151,34,172,-138
225000155,412,497,-85
225000156,188,732,-544
225000157,186,329,-143
225000158,57,221,-164
225000171,1,166,-165
225000180,98,44,54
225000181,0,62,-62
225000182,112,17,95
225000185,7,309,-302
225000187,89,283,-194
225000191,146,2,144
225000194,0,10,-10
225000208,1,63,-62
225000209,62,7,55
225000210,5,200,-195
225000217,0,10,-10
225000218,17,0,17
225000223,1,34,-33
225000224,85,1,84
225000225,1,31,-30
225000226,28,4,24
225000227,34,100,-66
225000228,8,16,-8
225000229,1,70,-69
225000230,98,0,98
225000231,0,61,-61
225000232,126,0,126
225000241,87,0,87
225000242,0,50,-50
225000249,10,0,10
225000250,61,660,-599
225000251,307,25,282
226000042,319,508,-189
226000043,80,243,-163
226000044,115,563,-448
226000045,50,303,-253
226000046,312,71,241
226000047,336,103,233
226000048,343,114,229
226000049,236,197,39
226000070,0,45,-45
226000071,0,98,-98
226000072,0,10,-10
226000073,0,10,-10
226000074,0,2,-2
226000084,5,47,-42
226000085,1,7,-6
226000086,3,8,-5
226000087,3,10,-7
226000088,69,23,46
226000090,237,85,152
226000091,26,29,-3
226000092,3,5,-2
226000093,49,4,45
226000094,13,2,11
226000095,21,18,3
226000105,10,1,9
226000106,8,0,8
226000107,8,0,8
226000108,61,0,61
226000109,68,0,68
226000124,92,69,23
226000134,540,367,173
226000135,1181,483,698
226000136,1567,371,1196
226000137,7,338,-331
226000138,6,284,-278
226000139,4,17,-13
226000156,147,4,143
226000157,142,7,135
226000163,115,145,-30
226000202,18,215,-197
226000231,341,14,327
226000232,35,1,34
227000033,280,73,207
227000036,283,31,252
227000037,267,40,227
227000038,387,40,347
227000049,0,17,-17
227000050,2,68,-66
227000055,133,0,133
227000056,38,0,38
227000084,3,72,-69
227000085,3,41,-38
227000088,55,1,54
227000089,134,3,131
227000090,52,3,49
227000091,17,8,9
227000093,171,1,170
227000094,25,0,25
227000130,70,79,-9
227000131,34,199,-165
227000132,17,203,-186
227000133,18,189,-171
227000134,31,305,-274
227000152,0,6,-6
227000153,0,60,-60
227000155,2,25,-23
227000156,1,12,-11
227000165,3,30,-27
227000196,251,213,38
227000199,220,341,-121
227000230,22,257,-235
227000232,247,21,226
227000242,51,425,-374
227000243,458,102,356
227000245,21,323,-302
227000246,91,457,-366
227000247,261,127,134
227000248,169,37,132
227000249,29,174,-145
227000250,463,174,289
227000251,173,257,-84
227000252,10,295,-285
227000253,133,23,110
227000262,290,54,236
227000266,807,24,783
227000267,29,988,-959
227000282,8,99,-91
227000284,327,32,295
227000286,4,56,-52
227000287,10,69,-59
227000291,11,383,-372
227000484,166,7,159
227000485,13,557,-544
227000655,86,10,76
227000656,362,35,327
227000657,70,7,63
227000661,120,10,110
227000680,168,43,125
229000265,16,34,-18
229000296,8,15,-7
229000297,1,21,-20
229000298,1,124,-123
229000320,25,6,19
229000321,26,2,24
229000412,28,33,-5
229000414,8,33,-25
229000415,30,4,26
229000416,1,2,-1
229000417,3,11,-8
229000419,74,225,-151
229000440,326,71,255
229000442,20,0,20
229000443,22,2,20
229000444,4,10,-6
229000445,73,7,66
229000446,49,16,33
229000847,32,0,32
229000848,13,0,13
229000849,35,1,34
229000851,10,0,10
229000854,0,41,-41
229000856,0,85,-85
229000857,0,34,-34
229000858,0,59,-59
229000919,20,84,-64
229000930,7,278,-271
229000937,83,27,56
229000966,59,27,32
229000981,17,40,-23
229000985,3,22,-19
229000986,1,3,-2
229000987,0,0,0
229000988,1,9,-8
229000989,9,6,3
229000990,2,0,2
229000991,0,2,-2
229000992,9,14,-5
229000993,151,35,116
229000998,12,54,-42
229000999,55,17,38
229001034,0,14,-14
229001035,6,1,5
229001037,55,12,43
229001042,7,16,-9
229001047,7,28,-21
229001050,41,36,5
229001200,12,3,9
229001338,8,18,-10
229001394,219,6,213
229001422,101,20,81
229001423,29,145,-116
229001431,59,65,-6
229001432,54,77,-23
229001444,134,30,104
229001445,22,98,-76
229001503,191,101,90
229001504,190,196,-6
229001505,104,37,67
229001506,71,129,-58
229001509,47,20,27
229001545,87,7,80
229001546,14,138,-124
229001553,95,12,83
229001554,108,109,-1
229001559,6,7,-1
229001560,3,23,-20
229001630,49,8,41
229001631,10,46,-36
229001635,0,8,-8
229001636,30,6,24
229001658,1,106,-105
229001659,38,16,22
229001660,11,4,7
229001661,4,18,-14
229001662,40,0,40
229001663,0,9,-9
229002584,154,130,24
229002831,112,87,25
229002841,9,15,-6
229002842,9,19,-10
229002843,62,15,47
229002844,25,38,-13
229002845,33,63,-30
229002846,49,19,30
229002847,2,9,-7
229002848,24,12,12
229002849,1,76,-75
229002850,18,0,18
229002851,29,102,-73
229002852,220,19,201
229002853,122,17,105
229002854,27,50,-23
229002855,7,16,-9
229002856,56,35,21
229002857,12,93,-81
229002858,20,12,8
229002859,27,50,-23
229002860,348,11,337
229002861,55,20,35
229002862,25,18,7
229002863,20,16,4
229002864,24,33,-9
229002865,17,11,6
229002866,10,9,1
229002867,4,8,-4
229002868,6,13,-7
229002869,10,91,-81
229002870,50,9,41
235000066,446,90,356
235000067,158,98,60
235000072,31,63,-32
235000073,83,263,-180
235000074,28,57,-29
235000080,11,80,-69
235000081,112,98,14
235000082,192,73,119
235000083,139,145,-6
235000084,24,83,-59
235000085,147,38,109
235000089,60,33,27
235000092,23,126,-103
235000093,6,5,1
235000097,2,13,-11
235000098,61,15,46
235000099,43,21,22
235000116,71,27,44
235000117,646,11,635
235000133,11,382,-371
235000134,8,170,-162
235000206,15,7,8
235000207,12,4,8
235000208,2,0,2
235000209,11,0,11
235000210,8,1,7
235000212,7,16,-9
235000213,4,9,-5
235000220,1,4,-3
235000221,41,11,30
235000238,13,75,-62
235000239,2,13,-11
235000242,299,474,-175
235000245,651,189,462
235000246,11,59,-48
235000284,30,87,-57
235000295,155,17,138
235000305,396,16,380
235000306,207,7,200
235000307,29,2,27
235000308,32,3,29
235000309,53,0,53
235000310,18,2,16
235000311,110,28,82
235000322,0,16,-16
235000323,0,65,-65
235000324,2,16,-14
235000325,0,13,-13
235000326,3,242,-239
235000351,4,71,-67
235000352,3,28,-25
235000353,6,29,-23
235000354,11,23,-12
235000355,11,43,-32
235000356,199,12,187
235000357,48,3,45
235000358,337,10,327
235000359,9,6,3
235000360,61,22,39
235000361,60,7,53
235000381,61,198,-137
235000382,150,47,103
235000390,12,9,3
235000391,187,29,158
235000392,138,273,-135
235000393,120,143,-23
235000395,68,50,18
235000396,389,42,347
235000400,67,103,-36
235000401,25,106,-81
235000405,110,222,-112
235000406,52,209,-157
235000407,134,72,62
235000409,221,129,92
235000410,51,181,-130
235000411,2,65,-63
235000485,0,8,-8
235000486,8,0,8
235000549,91,77,14
235000550,105,171,-66
235000599,66,43,23
235000600,9,14,-5
235000601,9,24,-15
235000602,70,64,6
235000614,0,6,-6
235000648,1,28,-27
235000649,39,6,33
235000685,4,6,-2
235000815,44,38,6
235000834,1,8,-7
235000855,48,57,-9
235000862,62,146,-84
235000891,1,5,-4
235000892,20,1,19
235000901,71,76,-5
235000907,8,15,-7
235001010,61,71,-10
235001029,413,303,110
235001030,299,233,66
235001078,138,119,19
235001079,85,64,21
235001147,9,24,-15
235001166,15,60,-45
235001167,43,32,11
235001169,35,333,-298
235001188,3,11,-8
235001189,10,2,8
235001197,5,25,-20
235001200,45,36,9
235001207,396,48,348
235001210,108,198,-90
235001215,23,186,-163
235001239,0,32,-32
235001244,0,8,-8
235016267,0,32,-32
277102712,0,0,0
277103813,0,0,0
277103814,0,0,0
277104249,0,1,-1
277104250,0,2,-2
277104251,0,6,-6
277104252,0,7,-7
990011530,0,146,-146
990014944,0,507,-507
990015176,9,9,0
990015618,6,221,-215
990016032,0,214,-214
990032570,1,45,-44
990070001,100,2,98
990070103,0,2,-2
990070601,0,38,-38
990070751,691,7,684
990070766,2,443,-441
990071180,442,175,267
990071343,76,2,74
990071387,0,28,-28
990071823,14,1,13
990072600,3,907,-904
990072964,3,285,-282
990073285,0,3,-3
990074393,1,641,-640
990074870,1475,26,1449
990075106,1967,15,1952
990075746,513,36,477
990076437,882,6,876
990076458,0,669,-669
997000007,809,10,799
997000041,2,141,-139
997000058,34,1,33
997000062,69,35,34
997000069,0,3,-3
997000070,1,16,-15
997000100,21,2,19
997000141,2,2070,-2068
997000198,335,1790,-1455
998000475,0,53,-53
998000736,0,138,-138
998000965,0,10,-10
998001031,0,86,-86
998001700,0,19,-19
998001899,0,1,-1
998001900,10,1,9
998003073,796,6,790
998101900,0,0,0
998102850,0,217,-217
998501927,1411,773,638
998501929,101,3,98
998501930,63,0,63
998501931,198,6,192
998501932,3,1,2
998501933,52,3,49
998501937,11,1,10
998501944,3,0,3
998501950,0,1,-1
998501970,57,3,54
998501971,0,62,-62
998501973,1,41,-40
998501974,0,277,-277
998501975,120,5,115
998501976,148,1,147
998501977,0,18,-18
998501978,11,1,10
998501979,0,32,-32
998501980,70,1,69
998501981,53,2,51
998501982,0,69,-69
998501983,0,0,0
998502006,0,0,0
998502024,0,10,-10
998502032,0,5,-5
998502062,25,0,25
998502063,0,0,0
998502173,125,1,124
998502269,0,2,-2
998502546,0,142,-142
998502578,0,4,-4
998502599,50,223,-173
998502621,0,4,-4
998601159,3,165,-162
998601292,0,27,-27
999033574,3,436,-433
999800001,61,43,18
999800002,0,10,-10
999800003,1,3,-2
999800004,0,2,-2
999800005,0,4,-4
