dong,insum,outsum,diff
강남구 개포1동,237,158,79
강남구 개포2동,2394,2145,249
강남구 개포4동,1247,770,477
강남구 논현1동,7260,9945,-2685
강남구 논현2동,3039,5944,-2905
강남구 대치1동,1306,3108,-1802
강남구 대치2동,3551,8425,-4874
강남구 대치4동,4096,4992,-896
강남구 도곡1동,3278,4602,-1324
강남구 도곡2동,590,996,-406
강남구 삼성1동,5549,11267,-5718
강남구 삼성2동,2029,4766,-2737
강남구 세곡동,6858,3151,3707
강남구 수서동,2343,5344,-3001
강남구 신사동,3680,7562,-3882
강남구 압구정동,9841,14320,-4479
강남구 역삼1동,9594,18705,-9111
강남구 역삼2동,3389,5598,-2209
강남구 일원1동,1286,641,645
강남구 일원2동,44,145,-101
강남구 일원본동,1254,1462,-208
강남구 청담동,5970,11215,-5245
강동구 강일동,5242,1313,3929
강동구 고덕제1동,677,556,121
강동구 고덕제2동,2111,3119,-1008
강동구 길동,4423,2919,1504
강동구 둔촌제1동,67,280,-213
강동구 둔촌제2동,1017,1414,-397
강동구 명일제1동,2801,1971,830
강동구 명일제2동,1157,1119,38
강동구 상일동,3235,2069,1166
강동구 성내제1동,1648,1255,393
강동구 성내제2동,1594,5231,-3637
강동구 성내제3동,2559,2793,-234
강동구 암사제1동,816,187,629
강동구 암사제2동,1223,1333,-110
강동구 암사제3동,822,116,706
강동구 천호제1동,1760,445,1315
강동구 천호제2동,3055,2753,302
강동구 천호제3동,3739,2298,1441
강북구 미아동,5124,4540,584
강북구 번1동,6334,8041,-1707
강북구 번2동,5129,1511,3618
강북구 번3동,6804,2017,4787
강북구 삼각산동,1997,655,1342
강북구 삼양동,7154,2340,4814
강북구 송중동,10018,11896,-1878
강북구 송천동,16387,8852,7535
강북구 수유1동,10967,4778,6189
강북구 수유2동,5981,1576,4405
강북구 수유3동,12897,13300,-403
강북구 우이동,6632,1997,4635
강북구 월곡제1동,706,564,142
강북구 인수동,5517,1562,3955
강서구 가양제1동,2415,2116,299
강서구 가양제2동,690,628,62
강서구 가양제3동,1369,631,738
강서구 공항동,2685,1769,916
강서구 등촌제1동,3166,4651,-1485
강서구 등촌제2동,2685,1357,1328
강서구 등촌제3동,3397,4544,-1147
강서구 발산제1동,4792,4029,763
강서구 방화제1동,2620,1078,1542
강서구 방화제2동,2958,1759,1199
강서구 방화제3동,905,66,839
강서구 염창동,1840,1078,762
강서구 우장산동,3546,3079,467
강서구 화곡본동,3521,1146,2375
강서구 화곡제1동,10313,9257,1056
강서구 화곡제2동,3733,1118,2615
강서구 화곡제3동,1876,3847,-1971
강서구 화곡제4동,2494,1734,760
강서구 화곡제6동,5942,3328,2614
강서구 화곡제8동,3482,3814,-332
관악구 낙성대동,6466,10992,-4526
관악구 난곡동,11474,1136,10338
관악구 난향동,4633,947,3686
관악구 남현동,5751,5448,303
관악구 대학동,6960,3416,3544
관악구 미성동,9001,5316,3685
관악구 보라매동,4965,3528,1437
관악구 삼성동,7995,2871,5124
관악구 서림동,10015,2397,7618
관악구 서원동,6923,12830,-5907
관악구 성현동,4879,1393,3486
관악구 신림동,9958,15114,-5156
관악구 신사동,4600,3352,1248
관악구 신원동,909,410,499
관악구 은천동,7353,3944,3409
관악구 인헌동,2099,617,1482
관악구 조원동,8511,20666,-12155
관악구 중앙동,2170,1549,621
관악구 청룡동,4683,7107,-2424
관악구 청림동,1908,330,1578
관악구 행운동,7633,7800,-167
광진구 광장동,813,1434,-621
광진구 구의제1동,3282,2123,1159
광진구 구의제2동,3628,3253,375
광진구 구의제3동,680,1313,-633
광진구 군자동,5278,5279,-1
광진구 능동,4949,4434,515
광진구 자양제1동,1031,915,116
광진구 자양제2동,5397,1679,3718
광진구 자양제3동,1227,516,711
광진구 자양제4동,6808,6079,729
광진구 중곡제1동,3698,2138,1560
광진구 중곡제2동,3917,3698,219
광진구 중곡제3동,4195,1722,2473
광진구 중곡제4동,1190,590,600
광진구 화양동,3259,6276,-3017
구로구 가리봉동,7642,8659,-1017
구로구 개봉제1동,10092,6465,3627
구로구 개봉제2동,6209,6163,46
구로구 개봉제3동,2849,807,2042
구로구 고척제1동,5857,3739,2118
구로구 고척제2동,6134,1134,5000
구로구 구로제1동,2047,2165,-118
구로구 구로제2동,11353,9799,1554
구로구 구로제3동,8922,17325,-8403
구로구 구로제4동,11806,6543,5263
구로구 구로제5동,4959,10214,-5255
구로구 수궁동,5326,4011,1315
구로구 신도림동,5309,14915,-9606
구로구 오류제1동,3640,2279,1361
구로구 오류제2동,2638,2063,575
구로구 항동,1464,257,1207
금천구 가산동,11958,12443,-485
금천구 독산제1동,14093,9092,5001
금천구 독산제2동,12102,2893,9209
금천구 독산제3동,13023,7203,5820
금천구 독산제4동,9121,2799,6322
금천구 미성동,39,34,5
금천구 시흥제1동,7452,7115,337
금천구 시흥제2동,4165,1331,2834
금천구 시흥제3동,3393,4311,-918
금천구 시흥제4동,7934,469,7465
금천구 시흥제5동,9763,1758,8005
노원구 공릉1동,5789,5851,-62
노원구 공릉2동,4215,5560,-1345
노원구 상계10동,1836,1847,-11
노원구 상계1동,3293,2291,1002
노원구 상계2동,3575,4616,-1041
노원구 상계3.4동,1360,462,898
노원구 상계5동,2371,592,1779
노원구 상계6.7동,3587,3729,-142
노원구 상계8동,1998,1069,929
노원구 상계9동,1093,1103,-10
노원구 월계1동,7201,7282,-81
노원구 월계2동,4366,1245,3121
노원구 월계3동,2857,2335,522
노원구 중계1동,2779,1019,1760
노원구 중계2.3동,2998,3226,-228
노원구 중계4동,1713,2410,-697
노원구 중계본동,3329,772,2557
노원구 하계1동,4647,2679,1968
노원구 하계2동,3062,2424,638
도봉구 도봉제1동,5336,2136,3200
도봉구 도봉제2동,1863,3389,-1526
도봉구 방학제1동,4836,2288,2548
도봉구 방학제2동,2975,822,2153
도봉구 방학제3동,5889,1283,4606
도봉구 쌍문제1동,1900,445,1455
도봉구 쌍문제2동,6990,4274,2716
도봉구 쌍문제3동,2742,3932,-1190
도봉구 쌍문제4동,3106,610,2496
도봉구 창제1동,3466,6110,-2644
도봉구 창제2동,2834,1214,1620
도봉구 창제3동,4480,1554,2926
도봉구 창제4동,2893,4463,-1570
도봉구 창제5동,775,1338,-563
동대문구 답십리제1동,4901,4972,-71
동대문구 답십리제2동,7044,4342,2702
동대문구 면목제5동,104,23,81
동대문구 용신동,15596,19713,-4117
동대문구 이문제1동,2476,2328,148
동대문구 이문제2동,1275,1257,18
동대문구 장안제1동,5998,6908,-910
동대문구 장안제2동,6325,3060,3265
동대문구 전농제1동,6762,7964,-1202
동대문구 전농제2동,5901,1990,3911
동대문구 제기동,11871,11871,0
동대문구 청량리동,10822,13121,-2299
동대문구 회기동,1067,1580,-513
동대문구 휘경제1동,5026,5527,-501
동대문구 휘경제2동,4175,3406,769
동작구 노량진제1동,9251,16359,-7108
동작구 노량진제2동,5132,5498,-366
동작구 대방동,6774,6958,-184
동작구 사당제1동,3805,2372,1433
동작구 사당제2동,3049,3272,-223
동작구 사당제3동,1716,380,1336
동작구 사당제4동,102,6,96
동작구 사당제5동,1026,238,788
동작구 상도제1동,8883,7632,1251
동작구 상도제2동,4792,3166,1626
동작구 상도제3동,4509,1372,3137
동작구 상도제4동,3755,591,3164
동작구 신대방제1동,2910,1875,1035
동작구 신대방제2동,5370,6278,-908
동작구 흑석동,6678,4925,1753
마포구 공덕동,3454,3121,333
마포구 대흥동,4297,5029,-732
마포구 도화동,768,1089,-321
마포구 망원제1동,2543,549,1994
마포구 망원제2동,2004,1193,811
마포구 상암동,7372,8959,-1587
마포구 서강동,1176,1543,-367
마포구 서교동,9326,15956,-6630
마포구 성산제1동,2708,1270,1438
마포구 성산제2동,4434,1968,2466
마포구 신수동,155,65,90
마포구 아현동,4600,5127,-527
마포구 연남동,3594,2975,619
마포구 염리동,576,799,-223
마포구 용강동,2886,3302,-416
마포구 합정동,2105,4198,-2093
서대문구 남가좌제1동,4083,2220,1863
서대문구 남가좌제2동,6014,1452,4562
서대문구 북가좌제1동,2366,2108,258
서대문구 북가좌제2동,5860,1265,4595
서대문구 북아현동,1780,1870,-90
서대문구 신촌동,10002,21760,-11758
서대문구 연희동,12113,8598,3515
서대문구 천연동,7338,8174,-836
서대문구 충현동,4136,9534,-5398
서대문구 홍은제1동,4643,3149,1494
서대문구 홍은제2동,7780,3179,4601
서대문구 홍제제1동,4998,4372,626
서대문구 홍제제2동,3117,2322,795
서대문구 홍제제3동,3337,1421,1916
서초구 내곡동,1938,3931,-1993
서초구 반포1동,4027,6724,-2697
서초구 반포2동,575,1165,-590
서초구 반포3동,2542,4301,-1759
서초구 반포4동,3875,7623,-3748
서초구 반포본동,2374,3998,-1624
서초구 방배1동,1583,1738,-155
서초구 방배2동,5203,4950,253
서초구 방배3동,2120,4012,-1892
서초구 방배4동,3194,2506,688
서초구 방배본동,1418,1285,133
서초구 서초1동,1478,3141,-1663
서초구 서초2동,5474,13517,-8043
서초구 서초3동,3111,8806,-5695
서초구 서초4동,2926,5797,-2871
서초구 양재1동,7295,9023,-1728
서초구 양재2동,4512,3780,732
서초구 잠원동,4740,9521,-4781
성동구 금호1가동,1153,290,863
성동구 금호2.3가동,2407,1006,1401
성동구 금호4가동,2173,1121,1052
성동구 마장동,3625,5506,-1881
성동구 사근동,1383,2260,-877
성동구 성수1가제1동,2525,2398,127
성동구 성수1가제2동,1337,2356,-1019
성동구 성수2가제1동,3179,1538,1641
성동구 성수2가제3동,1350,2622,-1272
성동구 송정동,2345,1149,1196
성동구 옥수동,1433,817,616
성동구 왕십리도선동,2263,2945,-682
성동구 왕십리제2동,2620,3191,-571
성동구 용답동,4594,4185,409
성동구 응봉동,1563,802,761
성동구 행당제1동,2021,3152,-1131
성동구 행당제2동,3773,3225,548
성북구 길음제1동,7634,7111,523
성북구 길음제2동,3148,6125,-2977
성북구 돈암제1동,6531,4873,1658
성북구 돈암제2동,2130,587,1543
성북구 동선동,5163,6238,-1075
성북구 보문동,2690,2283,407
성북구 삼선동,5587,4850,737
성북구 석관동,4636,3748,888
성북구 성북동,7543,7946,-403
성북구 안암동,2210,4849,-2639
성북구 월곡제1동,4610,4296,314
성북구 월곡제2동,2184,2684,-500
성북구 장위제1동,5711,1323,4388
성북구 장위제2동,3094,2197,897
성북구 장위제3동,2966,2138,828
성북구 정릉제1동,4005,3176,829
성북구 정릉제2동,6999,2199,4800
성북구 정릉제3동,1753,1646,107
성북구 정릉제4동,6994,1693,5301
성북구 종암동,10771,8417,2354
송파구 가락1동,535,544,-9
송파구 가락2동,3738,3071,667
송파구 가락본동,4432,5573,-1141
송파구 거여1동,1547,848,699
송파구 거여2동,518,47,471
송파구 마천1동,2893,735,2158
송파구 마천2동,5124,1468,3656
송파구 문정1동,1173,606,567
송파구 문정2동,3703,5495,-1792
송파구 방이1동,1247,731,516
송파구 방이2동,3710,4045,-335
송파구 삼전동,3985,1799,2186
송파구 석촌동,4553,4892,-339
송파구 송파1동,3621,2600,1021
송파구 송파2동,1174,1056,118
송파구 오금동,4005,3240,765
송파구 오륜동,1104,1971,-867
송파구 위례동,3565,1263,2302
송파구 잠실2동,1241,1624,-383
송파구 잠실3동,6138,9831,-3693
송파구 잠실4동,115,353,-238
송파구 잠실6동,1349,5916,-4567
송파구 잠실7동,1628,2394,-766
송파구 잠실본동,4421,3952,469
송파구 장지동,3608,1360,2248
송파구 풍납1동,4292,1966,2326
송파구 풍납2동,3740,5161,-1421
양천구 목1동,3889,6220,-2331
양천구 목2동,3066,4694,-1628
양천구 목3동,4775,4920,-145
양천구 목4동,5643,1709,3934
양천구 목5동,3452,3881,-429
양천구 신월1동,3570,838,2732
양천구 신월2동,3266,2025,1241
양천구 신월3동,3935,1883,2052
양천구 신월4동,3511,769,2742
양천구 신월5동,2857,1803,1054
양천구 신월6동,3113,1002,2111
양천구 신월7동,7884,1813,6071
양천구 신정1동,1965,3014,-1049
양천구 신정2동,882,421,461
양천구 신정3동,8552,3806,4746
양천구 신정4동,5207,8639,-3432
양천구 신정6동,822,965,-143
양천구 신정7동,2047,1629,418
영등포구 당산제1동,3293,4870,-1577
영등포구 당산제2동,3116,7438,-4322
영등포구 대림제1동,3815,3166,649
영등포구 대림제2동,1887,2351,-464
영등포구 대림제3동,3141,1756,1385
영등포구 도림동,1483,565,918
영등포구 문래동,3535,5495,-1960
영등포구 신길제1동,6156,4435,1721
영등포구 신길제3동,7393,2769,4624
영등포구 신길제4동,3069,1292,1777
영등포구 신길제5동,3176,2795,381
영등포구 신길제6동,3351,2463,888
영등포구 신길제7동,1988,1819,169
영등포구 양평제1동,1702,1949,-247
영등포구 양평제2동,3353,4547,-1194
영등포구 여의동,16293,38897,-22604
영등포구 영등포동,11175,18320,-7145
영등포구 영등포본동,4500,7971,-3471
용산구 남영동,7248,9361,-2113
용산구 보광동,2481,524,1957
용산구 서빙고동,2059,2158,-99
용산구 용문동,559,540,19
용산구 용산2가동,2347,850,1497
용산구 원효로제1동,1975,2415,-440
용산구 원효로제2동,1938,1215,723
용산구 이촌제1동,1215,2673,-1458
용산구 이촌제2동,913,228,685
용산구 이태원제1동,2463,2321,142
용산구 이태원제2동,943,592,351
용산구 청파동,3072,1791,1281
용산구 필동,0,0,0
용산구 한강로동,4465,12880,-8415
용산구 한남동,7340,10468,-3128
용산구 효창동,1756,602,1154
용산구 후암동,2036,728,1308
은평구 갈현제1동,5025,1123,3902
은평구 갈현제2동,2749,1013,1736
은평구 구산동,6042,889,5153
은평구 녹번동,5389,3655,1734
은평구 대조동,7959,8637,-678
은평구 불광제1동,4018,3228,790
은평구 불광제2동,5735,4219,1516
은평구 수색동,2991,2802,189
은평구 신사제1동,5264,3395,1869
은평구 신사제2동,3735,2313,1422
은평구 역촌동,8993,3278,5715
은평구 응암제1동,7106,8385,-1279
은평구 응암제2동,2982,641,2341
은평구 응암제3동,4281,1888,2393
은평구 증산동,4164,3883,281
은평구 진관동,6501,5605,896
종로구 가회동,27,0,27
종로구 교남동,410,532,-122
종로구 무악동,619,445,174
종로구 부암동,3141,1863,1278
종로구 사직동,6456,15081,-8625
종로구 삼청동,314,1471,-1157
종로구 숭인제1동,181,65,116
종로구 숭인제2동,5304,7975,-2671
종로구 이화동,3454,6524,-3070
종로구 종로1.2.3.4가동,15192,36471,-21279
종로구 종로5.6가동,3978,4661,-683
종로구 창신제1동,7768,2680,5088
종로구 창신제2동,4463,4069,394
종로구 창신제3동,268,126,142
종로구 청운효자동,1157,1819,-662
종로구 충현동,979,729,250
종로구 평창동,2658,2492,166
종로구 혜화동,5478,7217,-1739
중구 광희동,10667,8123,2544
중구 다산동,2516,2604,-88
중구 동화동,133,219,-86
중구 명동,3114,13326,-10212
중구 소공동,6553,15472,-8919
중구 신당동,6611,2729,3882
중구 신당제5동,2161,1483,678
중구 약수동,1079,573,506
중구 을지로동,1090,4784,-3694
중구 장충동,659,1716,-1057
중구 중림동,1399,2330,-931
중구 청구동,608,463,145
중구 필동,1111,2453,-1342
중구 황학동,2551,1820,731
중구 회현동,11818,23508,-11690
중랑구 망우본동,7927,4481,3446
중랑구 망우제3동,3790,751,3039
중랑구 면목본동,6618,4761,1857
중랑구 면목제2동,3533,1163,2370
중랑구 면목제3.8동,5587,3228,2359
중랑구 면목제4동,4015,2098,1917
중랑구 면목제5동,3315,1549,1766
중랑구 면목제7동,2567,1685,882
중랑구 묵제1동,2173,2176,-3
중랑구 묵제2동,2554,985,1569
중랑구 상봉제1동,3892,3443,449
중랑구 상봉제2동,4009,6905,-2896
중랑구 신내1동,7865,1568,6297
중랑구 신내2동,4285,3122,1163
중랑구 중화제1동,1441,2017,-576
중랑구 중화제2동,6480,5595,885
NA,157024,75240,81784
