ID,insum,outsum,diff
100000001,977,617,360
100000002,5453,11119,-5666
100000003,4651,8099,-3448
100000004,215,1372,-1157
100000005,3362,4781,-1419
100000006,662,527,135
100000007,2775,883,1892
100000008,82,1266,-1184
100000009,479,740,-261
100000010,12,401,-389
100000011,486,142,344
100000012,29,446,-417
100000013,15,335,-320
100000014,200,1144,-944
100000015,1533,2295,-762
100000016,401,3427,-3026
100000017,371,4265,-3894
100000018,1083,745,338
100000019,3776,3980,-204
100000020,1562,6402,-4840
100000021,8012,1695,6317
100000022,891,6585,-5694
100000023,5889,3160,2729
100000025,589,2524,-1935
100000028,525,4269,-3744
100000029,11,1755,-1744
100000030,55,35,20
100000031,2315,10513,-8198
100000032,3160,7042,-3882
100000033,1311,5296,-3985
100000034,233,2509,-2276
100000035,838,1976,-1138
100000036,732,2322,-1590
100000037,1000,612,388
100000038,2910,1201,1709
100000039,250,520,-270
100000040,606,283,323
100000041,1621,654,967
100000042,1355,361,994
100000043,586,313,273
100000044,317,431,-114
100000045,321,544,-223
100000046,473,818,-345
100000047,126,382,-256
100000048,132,783,-651
100000049,1617,1761,-144
100000051,736,540,196
100000053,55,6,49
100000054,362,26,336
100000055,737,286,451
100000056,355,910,-555
100000057,2053,682,1371
100000058,933,634,299
100000059,22,510,-488
100000060,868,478,390
100000061,1885,774,1111
100000062,1512,983,529
100000063,878,385,493
100000064,1246,1025,221
100000065,320,889,-569
100000066,244,519,-275
100000067,213,942,-729
100000068,457,2186,-1729
100000069,288,1608,-1320
100000072,190,443,-253
100000073,1311,1103,208
100000075,1364,282,1082
100000076,1800,6736,-4936
100000077,143,800,-657
100000078,21,86,-65
100000079,5,89,-84
100000080,2,57,-55
100000081,28,222,-194
100000102,3645,11050,-7405
100000103,2493,2783,-290
100000104,7626,2587,5039
100000105,1059,3134,-2075
100000106,955,5614,-4659
100000107,93,1941,-1848
100000108,267,2139,-1872
100000109,614,2871,-2257
100000116,327,774,-447
100000117,40,174,-134
100000118,436,1554,-1118
100000119,1048,1522,-474
100000121,316,818,-502
100000122,606,6823,-6217
100000123,1148,3630,-2482
100000124,1904,3192,-1288
100000125,14231,2974,11257
100000126,533,2365,-1832
100000127,1247,2424,-1177
100000128,331,5330,-4999
100000129,338,1438,-1100
100000130,850,249,601
100000131,776,1818,-1042
100000132,1417,1718,-301
100000133,1513,894,619
100000135,915,1628,-713
100000139,124,875,-751
100000140,61,135,-74
100000142,552,1059,-507
100000143,2030,429,1601
100000144,1923,672,1251
100000147,2267,5698,-3431
100000150,73,743,-670
100000151,352,3416,-3064
100000153,49,829,-780
100000154,21,1509,-1488
100000155,3,102,-99
100000156,132,242,-110
100000157,214,213,1
100000158,225,187,38
100000159,129,3098,-2969
100000165,928,865,63
100000169,17,2905,-2888
100000174,255,1677,-1422
100000179,119,1592,-1473
100000180,622,2928,-2306
100000181,270,664,-394
100000188,79,302,-223
100000189,747,438,309
100000190,576,2615,-2039
100000191,1245,948,297
100000192,13,140,-127
100000193,343,179,164
100000330,694,1186,-492
100000355,270,783,-513
100000362,2148,795,1353
100000363,6577,9997,-3420
100000364,76,336,-260
100000365,6999,11563,-4564
100000366,1759,1374,385
100000367,7163,8918,-1755
100000368,2257,1606,651
100000369,679,2820,-2141
100000370,217,1106,-889
100000376,41,444,-403
100000379,823,6855,-6032
100000380,3182,15183,-12001
100000384,6294,10612,-4318
100000385,1777,7094,-5317
100000386,1793,9127,-7334
100000387,5677,11933,-6256
100000388,2078,4702,-2624
100000389,5042,8511,-3469
100000390,2733,3805,-1072
100000391,2348,7822,-5474
100000392,736,3546,-2810
100000393,713,5581,-4868
100000394,2356,7485,-5129
100000395,1043,7206,-6163
100000396,1093,2534,-1441
100000397,1904,9359,-7455
100000398,6550,4910,1640
100000413,3,0,3
100900002,6,43,-37
100900003,715,382,333
100900004,13,897,-884
100900005,219,9,210
100900006,26,15,11
100900007,223,2,221
100900008,1,567,-566
100900009,15,61,-46
100900010,36,7,29
100900011,302,56,246
100900012,0,169,-169
100900013,1341,10,1331
100900014,0,0,0
100900015,57,87,-30
100900016,12,59,-47
100900017,1606,66,1540
100900018,6,10,-4
100900019,48,44,4
100900020,710,2,708
100900021,437,3,434
100900022,7,19,-12
100900023,0,45,-45
100900024,432,1,431
100900025,4,3,1
100900026,119,101,18
100900027,535,3193,-2658
100900028,58,770,-712
100900029,106,19,87
100900030,4,727,-723
100900031,1100,51,1049
100900032,576,1,575
100900033,84,754,-670
100900034,1942,3,1939
100900035,250,1,249
100900036,15,0,15
100900037,154,44,110
100900038,21,401,-380
100900039,314,178,136
100900040,799,195,604
100900041,1454,243,1211
100900042,247,4373,-4126
100900043,1,109,-108
100900044,1218,1114,104
100900045,6,1,5
100900046,1213,5,1208
100900047,650,79,571
100900048,156,20,136
100900049,68,107,-39
100900050,19,39,-20
100900051,41,312,-271
100900052,385,12,373
100900053,836,23,813
100900054,24,24,0
100900055,822,1663,-841
100900056,13,43,-30
100900057,3938,477,3461
100900058,129,44,85
100900059,83,2,81
100900060,223,4,219
100900061,91,250,-159
100900062,1,29,-28
100900063,205,1199,-994
100900064,563,15,548
100900065,50,204,-154
100900066,285,135,150
100900067,4,2,2
100900068,116,132,-16
100900069,163,4,159
100900070,796,6,790
100900071,162,137,25
100900072,1,44,-43
100900073,191,347,-156
100900074,0,16,-16
100900075,1859,140,1719
100900076,6,21,-15
100900077,88,2,86
100900078,290,175,115
100900079,1,55,-54
100900080,123,120,3
100900081,33,232,-199
100900082,415,105,310
100900083,2,66,-64
100900085,5,825,-820
100900086,38,367,-329
100900088,254,110,144
100900089,5,26,-21
100900090,88,2193,-2105
100900091,0,2,-2
100900092,100,151,-51
100900093,345,755,-410
100900094,187,68,119
100900095,3,85,-82
100900096,29,617,-588
100900097,9,0,9
100900098,12,39,-27
100900099,20,604,-584
100900100,6,474,-468
100900101,226,61,165
100900102,5,51,-46
100900103,4,18,-14
100900104,6,243,-237
100900105,9,684,-675
100900106,7,8,-1
100900107,3677,952,2725
100900108,3,22,-19
100900109,15,62,-47
100900110,0,23,-23
100900111,17,320,-303
100900112,4,17,-13
100900113,16,11,5
100900114,3,21,-18
100900115,15,48,-33
100900116,1154,433,721
100900117,283,1137,-854
100900118,20,81,-61
100900119,1,17,-16
100900120,21,19,2
100900121,327,358,-31
100900122,59,113,-54
100900123,263,45,218
100900124,1,22,-21
100900125,4,28,-24
100900126,874,159,715
100900127,10,7,3
100900128,75,1227,-1152
100900129,0,354,-354
100900131,13,111,-98
100900133,101,34,67
100900134,12,12,0
100900135,0,919,-919
100900137,365,258,107
100900138,405,622,-217
100900139,1,13,-12
100900140,9,158,-149
100900141,3,782,-779
100900142,0,3,-3
100900143,409,1209,-800
100900144,7,4,3
100900145,57,426,-369
100900146,2,26,-24
100900147,20,2722,-2702
100900148,64,181,-117
100900149,30,696,-666
100900150,1,28,-27
100900151,110,472,-362
100900152,264,7,257
100900153,5,273,-268
100900154,0,347,-347
100900155,8,3,5
100900156,33,0,33
100900157,7,282,-275
100900159,4,96,-92
100900160,59,4,55
100900161,54,0,54
100900162,6,201,-195
100900163,130,98,32
100900164,187,27,160
100900165,35,32,3
100900166,13,1,12
100900167,19,28,-9
100900168,7,91,-84
100900169,54,1177,-1123
100900170,20,12,8
100900171,22,571,-549
100900172,1,93,-92
100900173,9,129,-120
100900174,82,23,59
100900176,1905,433,1472
100900177,526,288,238
100900178,130,212,-82
100900179,311,435,-124
100900180,0,0,0
100900181,20,50,-30
100900182,76,2,74
100900184,14,62,-48
100900186,452,243,209
100900187,92,106,-14
100900188,10,5,5
100900189,2726,138,2588
100900191,562,1028,-466
100900192,173,524,-351
100900195,100,1035,-935
100900197,64,70,-6
100900198,62,31,31
100900199,2,3,-1
100900200,974,374,600
100900201,126,841,-715
100900202,39,0,39
100900203,0,117,-117
100900204,92,1315,-1223
100900205,249,612,-363
100900206,182,228,-46
100900207,276,165,111
100900210,169,172,-3
100900211,752,105,647
100900213,188,12,176
100900214,343,151,192
100900215,120,26,94
100900217,188,208,-20
101000001,2106,2330,-224
101000002,8815,9910,-1095
101000003,474,813,-339
101000004,7720,6187,1533
101000005,2487,4798,-2311
101000006,12656,11411,1245
101000007,4690,5416,-726
101000008,1875,2914,-1039
101000009,3251,979,2272
101000010,1328,1194,134
101000011,1986,491,1495
101000012,392,820,-428
101000013,576,1590,-1014
101000014,347,465,-118
101000015,2701,2163,538
101000016,250,1126,-876
101000017,365,777,-412
101000018,1603,11015,-9412
101000020,1906,2881,-975
101000021,669,1386,-717
101000022,39,276,-237
101000023,1223,1147,76
101000025,496,904,-408
101000026,359,22,337
101000027,1726,4736,-3010
101000028,1174,408,766
101000029,102,1410,-1308
101000030,830,162,668
101000031,74,737,-663
101000032,1531,5021,-3490
101000033,1219,8722,-7503
101000034,679,4546,-3867
101000035,434,871,-437
101000036,489,4309,-3820
101000037,1201,6188,-4987
101000039,1908,5480,-3572
101000040,2944,8458,-5514
101000041,2157,6725,-4568
101000042,33,1168,-1135
101000043,3828,9577,-5749
101000045,257,1111,-854
101000046,1041,2322,-1281
101000047,896,4701,-3805
101000048,703,707,-4
101000049,504,3089,-2585
101000050,569,2512,-1943
101000051,553,2134,-1581
101000052,2062,2245,-183
101000053,406,2117,-1711
101000054,2832,1269,1563
101000055,1278,2114,-836
101000056,23,223,-200
101000057,722,3773,-3051
101000058,843,3114,-2271
101000059,2442,3611,-1169
101000060,2921,2076,845
101000061,269,2945,-2676
101000062,304,939,-635
101000063,134,2152,-2018
101000064,276,2117,-1841
101000065,227,1845,-1618
101000066,377,2323,-1946
101000067,279,1076,-797
101000068,92,366,-274
101000069,211,142,69
101000070,305,936,-631
101000071,5003,2044,2959
101000072,677,2806,-2129
101000073,377,1462,-1085
101000074,1671,3731,-2060
101000075,1846,3425,-1579
101000077,1897,1873,24
101000078,697,1427,-730
101000079,797,1168,-371
101000080,814,1230,-416
101000081,1901,1690,211
101000082,2442,2093,349
101000083,3685,3170,515
101000084,1091,686,405
101000085,1769,1824,-55
101000086,930,1456,-526
101000087,1165,1109,56
101000088,2186,1649,537
101000089,1391,2054,-663
101000090,1972,640,1332
101000091,729,395,334
101000092,2777,683,2094
101000093,2109,685,1424
101000094,1159,815,344
101000095,709,584,125
101000096,923,397,526
101000097,458,1489,-1031
101000098,504,1658,-1154
101000099,593,1399,-806
101000100,805,2070,-1265
101000101,264,1731,-1467
101000102,480,2437,-1957
101000103,415,1808,-1393
101000104,299,1263,-964
101000105,166,875,-709
101000106,191,3476,-3285
101000107,285,814,-529
101000108,801,128,673
101000109,1093,173,920
101000110,42,245,-203
101000111,70,190,-120
101000113,100,1278,-1178
101000114,1817,7010,-5193
101000115,35,34,1
101000116,24,52,-28
101000117,1633,357,1276
101000119,34,97,-63
101000120,86,173,-87
101000121,19,47,-28
101000122,121,60,61
101000123,22,71,-49
101000124,529,516,13
101000125,95,177,-82
101000128,127,2079,-1952
101000130,241,298,-57
101000131,1939,426,1513
101000132,1097,626,471
101000135,18,26,-8
101000136,110,188,-78
101000137,5,783,-778
101000141,538,6221,-5683
101000147,1788,467,1321
101000148,1130,15,1115
101000149,86,114,-28
101000150,252,333,-81
101000151,570,65,505
101000152,504,570,-66
101000153,383,248,135
101000154,577,718,-141
101000155,779,230,549
101000156,32,808,-776
101000157,66,360,-294
101000160,24,26,-2
101000163,39,898,-859
101000164,395,181,214
101000165,325,759,-434
101000166,175,343,-168
101000168,1281,879,402
101000252,3523,1366,2157
101000254,65,34,31
101000258,47,9,38
101000261,51,143,-92
101000262,2945,8307,-5362
101000263,411,1490,-1079
101000265,111,686,-575
101000266,523,306,217
101000269,13,54,-41
101000290,345,4233,-3888
101000293,5,73,-68
101000294,965,825,140
101000295,438,213,225
101000301,245,1136,-891
101000304,2945,6345,-3400
101000305,3557,2632,925
101000328,164,1589,-1425
101900001,87,80,7
101900002,0,5,-5
101900003,45,415,-370
101900004,0,360,-360
101900005,1461,4823,-3362
101900006,2481,161,2320
101900007,553,382,171
101900008,48,690,-642
101900009,61,538,-477
101900010,642,927,-285
101900011,92,1929,-1837
101900012,612,77,535
101900013,775,109,666
101900017,8,102,-94
101900018,1446,395,1051
101900019,48,181,-133
101900020,78,39,39
101900021,1,65,-64
101900022,279,1344,-1065
101900023,234,184,50
101900026,146,47,99
101900027,16,113,-97
102000001,4132,8935,-4803
102000002,2702,6144,-3442
102000003,3008,6610,-3602
102000004,6755,4591,2164
102000005,2141,4483,-2342
102000006,873,1799,-926
102000007,2785,5057,-2272
102000008,6652,2003,4649
102000009,10153,10223,-70
102000010,4871,2993,1878
102000011,6813,7315,-502
102000012,4496,3117,1379
102000018,4700,4223,477
102000019,3713,2312,1401
102000026,970,404,566
102000029,363,398,-35
102000030,164,452,-288
102000031,111,251,-140
102000032,883,600,283
102000033,591,321,270
102000034,633,553,80
102000035,1341,652,689
102000036,47,189,-142
102000037,217,66,151
102000038,111,595,-484
102000039,73,383,-310
102000040,234,445,-211
102000041,50,908,-858
102000042,58,432,-374
102000043,76,879,-803
102000044,458,1877,-1419
102000045,1031,1493,-462
102000046,2067,1024,1043
102000047,1320,1046,274
102000048,778,669,109
102000049,1241,1674,-433
102000050,2412,1887,525
102000051,244,1080,-836
102000052,1433,1755,-322
102000053,1066,2271,-1205
102000054,1166,1082,84
102000055,1620,235,1385
102000056,2787,312,2475
102000057,2706,692,2014
102000058,1106,886,220
102000059,1161,2013,-852
102000060,1134,1191,-57
102000061,2252,2089,163
102000062,2821,1193,1628
102000063,1653,1988,-335
102000064,706,697,9
102000065,40,131,-91
102000066,1031,910,121
102000067,7651,5436,2215
102000068,10273,4445,5828
102000069,83,2942,-2859
102000070,2442,36,2406
102000071,7911,13891,-5980
102000072,2823,4715,-1892
102000073,1147,573,574
102000074,993,1248,-255
102000075,266,225,41
102000076,621,156,465
102000077,996,236,760
102000078,1696,287,1409
102000079,217,91,126
102000080,536,145,391
102000081,205,826,-621
102000082,642,432,210
102000083,1304,341,963
102000084,902,290,612
102000085,2215,875,1340
102000086,2241,915,1326
102000087,875,1348,-473
102000088,542,467,75
102000089,1828,290,1538
102000090,406,1293,-887
102000091,1254,748,506
102000092,333,621,-288
102000093,1654,973,681
102000094,518,295,223
102000095,880,1403,-523
102000096,430,467,-37
102000097,723,371,352
102000098,320,466,-146
102000099,740,926,-186
102000100,303,953,-650
102000101,299,471,-172
102000102,385,1527,-1142
102000103,4800,585,4215
102000104,1033,550,483
102000105,334,705,-371
102000106,1084,586,498
102000107,2986,248,2738
102000108,824,387,437
102000109,1502,667,835
102000110,2000,961,1039
102000111,27,665,-638
102000112,147,193,-46
102000113,38,70,-32
102000114,1682,420,1262
102000115,261,568,-307
102000116,338,840,-502
102000117,76,1462,-1386
102000118,1056,2329,-1273
102000119,913,1916,-1003
102000120,246,709,-463
102000121,984,287,697
102000122,494,1008,-514
102000123,1062,764,298
102000124,1500,1437,63
102000125,397,693,-296
102000126,430,824,-394
102000127,1114,530,584
102000128,594,1009,-415
102000129,1540,536,1004
102000130,590,827,-237
102000131,600,684,-84
102000132,181,577,-396
102000133,4527,2602,1925
102000134,1037,952,85
102000135,638,809,-171
102000136,1026,519,507
102000137,487,553,-66
102000138,421,223,198
102000139,87,562,-475
102000140,137,666,-529
102000141,179,474,-295
102000142,519,365,154
102000143,419,238,181
102000144,438,295,143
102000145,718,414,304
102000146,653,387,266
102000147,497,417,80
102000148,416,972,-556
102000149,570,180,390
102000150,934,54,880
102000151,118,127,-9
102000152,338,269,69
102000153,849,869,-20
102000154,180,493,-313
102000155,81,828,-747
102000156,322,225,97
102000157,118,1844,-1726
102000158,282,576,-294
102000159,3228,1486,1742
102000161,4244,2810,1434
102000162,190,350,-160
102000163,161,455,-294
102000164,789,804,-15
102000165,298,475,-177
102000166,92,289,-197
102000167,182,414,-232
102000168,239,265,-26
102000169,200,729,-529
102000170,1282,211,1071
102000171,126,190,-64
102000172,4,402,-398
102000173,464,446,18
102000174,213,138,75
102000175,78,129,-51
102000176,33,91,-58
102000178,317,854,-537
102000179,541,441,100
102000180,1640,295,1345
102000181,1291,384,907
102000182,695,298,397
102000183,2448,1195,1253
102000184,2399,598,1801
102000185,3545,903,2642
102000186,2600,1113,1487
102000187,1248,1330,-82
102000188,2014,2068,-54
102000189,2730,714,2016
102000190,672,2601,-1929
102000191,1228,339,889
102000192,2828,1967,861
102000193,217,165,52
102000194,41,578,-537
102000195,903,549,354
102000196,376,505,-129
102000197,1536,234,1302
102000198,279,424,-145
102000199,1729,118,1611
102000200,430,712,-282
102000201,1801,464,1337
102000202,50,255,-205
102000203,874,231,643
102000204,1232,887,345
102000205,1608,833,775
102000206,807,532,275
102000207,994,642,352
102000208,591,1194,-603
102000209,78,305,-227
102000210,767,696,71
102000211,1019,279,740
102000212,803,8,795
102000213,10,249,-239
102000214,890,14,876
102000215,21,259,-238
102000216,170,189,-19
102000217,38,107,-69
102000218,328,340,-12
102000219,237,180,57
102000225,378,702,-324
102000226,272,247,25
102000227,106,2,104
102000228,0,231,-231
102000229,99,80,19
102000230,567,319,248
102000231,408,417,-9
102000232,190,250,-60
102000233,2035,465,1570
102000234,108,1151,-1043
102000236,451,55,396
102000237,1056,928,128
102000238,360,480,-120
102000240,441,1112,-671
102000241,261,79,182
102000243,6,46,-40
102000245,12,83,-71
102000246,7,138,-131
102000247,349,450,-101
102000248,380,1079,-699
102000249,171,120,51
102000250,121,149,-28
102000254,313,215,98
102000266,2,387,-385
102000271,91,34,57
102000286,546,358,188
102000297,3460,1412,2048
102000301,0,0,0
102000303,0,0,0
102000305,0,0,0
102000307,0,11,-11
102900001,931,485,446
102900002,319,52,267
102900003,182,231,-49
102900005,559,166,393
102900006,635,41,594
102900007,1042,9,1033
102900008,284,18,266
102900009,210,473,-263
102900010,112,1082,-970
102900011,1248,803,445
102900012,599,211,388
102900013,90,14,76
102900015,894,783,111
102900016,99,16,83
102900017,398,129,269
102900018,143,49,94
102900019,676,891,-215
102900020,417,25,392
102900021,51,37,14
102900022,109,45,64
102900023,26,66,-40
102900024,80,42,38
102900025,57,47,10
102900026,638,2827,-2189
102900027,99,98,1
102900028,163,1408,-1245
102900029,149,584,-435
102900030,437,403,34
102900031,475,177,298
102900032,223,58,165
102900033,110,215,-105
102900034,986,47,939
102900035,255,423,-168
102900036,639,211,428
102900037,468,244,224
102900038,558,222,336
102900039,15,1161,-1146
102900040,361,369,-8
102900041,165,137,28
102900042,525,115,410
102900043,555,88,467
102900044,601,1337,-736
102900045,385,354,31
102900046,199,102,97
102900047,227,982,-755
102900048,765,283,482
102900049,66,291,-225
102900050,178,424,-246
102900051,256,554,-298
102900053,393,815,-422
102900054,255,2035,-1780
102900055,215,551,-336
102900056,115,393,-278
102900057,3,88,-85
102900058,580,93,487
102900059,38,8,30
102900060,152,612,-460
102900061,383,373,10
102900062,481,524,-43
102900063,2838,393,2445
102900064,86,872,-786
102900065,1065,289,776
102900066,594,7,587
102900068,57,392,-335
102900070,290,593,-303
102900072,25,78,-53
102900073,69,4,65
102900075,5,61,-56
102900076,40,161,-121
102900077,39,21,18
102900078,40,27,13
102900079,359,3,356
102900080,537,18,519
102900081,81,162,-81
102900082,24,244,-220
102900083,122,13,109
102900084,6,37,-31
102900085,176,60,116
102900086,28,78,-50
102900087,314,143,171
102900088,113,51,62
102900089,238,331,-93
102900090,0,228,-228
102900091,383,3,380
102900092,911,125,786
102900094,2,211,-209
102900095,89,0,89
102900096,89,12,77
102900097,41,35,6
103000001,2521,4468,-1947
103000002,3218,5242,-2024
103000003,3863,4362,-499
103000004,872,782,90
103000005,2062,6538,-4476
103000006,1600,2256,-656
103000007,865,523,342
103000008,1305,2159,-854
103000009,3305,2306,999
103000010,427,156,271
103000011,1331,805,526
103000012,1399,2332,-933
103000013,3905,2586,1319
103000014,1498,4824,-3326
103000015,3849,1537,2312
103000016,1011,3431,-2420
103000017,297,1332,-1035
103000018,800,233,567
103000019,500,826,-326
103000020,1504,2503,-999
103000021,2357,5555,-3198
103000022,1275,2500,-1225
103000023,1571,4634,-3063
103000024,99,78,21
103000025,120,1709,-1589
103000026,458,150,308
103000027,166,677,-511
103000028,136,257,-121
103000029,86,245,-159
103000030,2910,1666,1244
103000031,867,3536,-2669
103000032,2990,1607,1383
103000033,3273,3513,-240
103000034,1515,940,575
103000035,230,1586,-1356
103000036,315,267,48
103000037,721,424,297
103000038,541,1059,-518
103000039,1232,382,850
103000040,587,591,-4
103000041,3447,1500,1947
103000042,2921,256,2665
103000043,1273,720,553
103000044,463,159,304
103000046,361,744,-383
103000047,894,343,551
103000048,390,312,78
103000049,51,150,-99
103000050,939,269,670
103000051,663,715,-52
103000052,1021,308,713
103000053,264,264,0
103000054,2565,495,2070
103000055,1996,1459,537
103000056,1390,702,688
103000057,1958,102,1856
103000058,1154,452,702
103000059,1234,722,512
103000060,1122,287,835
103000061,918,875,43
103000062,892,253,639
103000063,1297,815,482
103000064,270,92,178
103000065,7,367,-360
103000066,391,13,378
103000069,531,440,91
103000070,829,386,443
103000071,2343,1015,1328
103000072,150,646,-496
103000073,1880,122,1758
103000074,1232,137,1095
103000075,150,584,-434
103000076,428,1154,-726
103000077,13,329,-316
103000078,1616,2102,-486
103000079,757,1366,-609
103000080,538,507,31
103000081,383,1163,-780
103000082,806,259,547
103000083,235,704,-469
103000084,118,5,113
103000085,0,174,-174
103000086,458,879,-421
103000087,155,799,-644
103000088,264,674,-410
103000089,465,1261,-796
103000090,5365,1284,4081
103000091,1847,681,1166
103000092,520,264,256
103000093,456,910,-454
103000094,543,201,342
103000095,221,660,-439
103000096,697,87,610
103000097,151,936,-785
103000098,620,190,430
103000099,104,1155,-1051
103000100,160,504,-344
103000101,1964,135,1829
103000102,81,326,-245
103000103,1061,153,908
103000104,132,92,40
103000105,393,155,238
103000106,19,107,-88
103000107,397,184,213
103000108,2407,2219,188
103000109,1048,1132,-84
103000110,1085,957,128
103000111,435,1270,-835
103000112,337,971,-634
103000113,233,2952,-2719
103000114,2173,2755,-582
103000115,1199,1159,40
103000116,820,430,390
103000117,433,579,-146
103000118,567,364,203
103000119,2061,648,1413
103000120,77,849,-772
103000121,385,296,89
103000122,538,555,-17
103000125,27,76,-49
103000126,1369,4,1365
103000127,9,81,-72
103000128,215,3,212
103000129,2,106,-104
103000130,107,64,43
103000131,65,159,-94
103000132,57,100,-43
103000133,20,93,-73
103000134,271,1681,-1410
103000135,1075,237,838
103000136,714,982,-268
103000137,440,809,-369
103000138,467,933,-466
103000139,1,143,-142
103000140,288,31,257
103000141,44,216,-172
103000142,175,184,-9
103000143,100,246,-146
103000144,291,287,4
103000145,8,163,-155
103000150,133,87,46
103000152,254,636,-382
103000153,243,521,-278
103000156,10,103,-93
103000157,578,0,578
103000159,436,64,372
103000162,45,19,26
103000163,7,24,-17
103000164,18,12,6
103000165,121,174,-53
103000166,477,1247,-770
103000167,458,434,24
103000168,271,215,56
103000169,229,1021,-792
103000170,1563,269,1294
103000171,16,195,-179
103000172,1089,160,929
103000173,1565,236,1329
103000174,570,304,266
103000175,629,136,493
103000176,1036,1325,-289
103000177,251,602,-351
103000178,83,308,-225
103000179,202,51,151
103000183,493,6,487
103000185,290,84,206
103000186,423,121,302
103000187,1592,208,1384
103000188,47,93,-46
103000189,726,1409,-683
103000191,520,441,79
103000292,686,2944,-2258
103000293,956,5111,-4155
103000295,104,253,-149
103000296,124,0,124
103000297,1,15,-14
103000504,29,7,22
103000505,2,37,-35
103000506,1,230,-229
103000507,324,2,322
103000508,107,84,23
103000509,420,860,-440
103900001,3,31,-28
103900002,844,71,773
103900003,1159,826,333
103900004,199,0,199
103900005,3,162,-159
103900006,96,6,90
103900007,316,17,299
103900008,74,0,74
103900009,466,177,289
103900010,401,146,255
103900011,727,72,655
103900012,9,69,-60
103900013,155,19,136
103900014,135,41,94
103900015,164,6,158
103900016,220,157,63
103900017,160,153,7
103900018,308,100,208
103900019,34,569,-535
103900020,635,546,89
103900021,108,51,57
103900022,745,591,154
103900023,363,3,360
103900024,84,273,-189
103900025,31,27,4
103900026,25,0,25
103900027,460,361,99
103900028,90,519,-429
103900029,1965,217,1748
103900030,371,232,139
103900031,71,10,61
103900032,147,229,-82
103900033,88,111,-23
103900034,97,38,59
103900035,70,57,13
103900036,51,84,-33
103900037,193,58,135
103900038,147,330,-183
103900039,389,167,222
103900040,38,111,-73
103900041,75,57,18
103900042,228,61,167
103900043,404,94,310
103900044,59,1006,-947
103900045,299,134,165
103900047,294,17,277
103900048,10,144,-134
103900049,136,1516,-1380
103900050,36,274,-238
103900051,1,87,-86
103900052,270,613,-343
103900053,613,177,436
103900054,475,162,313
103900055,779,214,565
103900056,136,67,69
103900057,462,58,404
103900058,542,190,352
103900059,0,155,-155
103900060,159,99,60
103900061,468,30,438
103900062,1283,351,932
103900063,12,0,12
103900064,307,1,306
103900065,242,281,-39
103900066,279,62,217
103900067,403,7,396
103900068,2,2,0
103900069,232,54,178
103900070,238,99,139
103900071,48,46,2
103900072,111,114,-3
103900073,47,60,-13
103900074,234,25,209
103900075,480,108,372
103900076,1098,281,817
103900077,33,248,-215
103900078,522,206,316
103900079,157,266,-109
103900080,8,54,-46
103900081,28,35,-7
103900082,89,204,-115
103900083,3446,2775,671
103900084,34,600,-566
103900085,77,153,-76
103900086,2162,374,1788
103900088,293,599,-306
103900089,54,339,-285
103900090,3,160,-157
103900091,692,143,549
103900092,887,1717,-830
103900093,76,705,-629
103900094,10,40,-30
103900095,224,816,-592
103900096,189,54,135
103900097,28,287,-259
103900098,548,143,405
103900099,587,58,529
103900100,434,124,310
103900101,873,1130,-257
103900102,4,61,-57
103900104,2,20,-18
103900105,70,105,-35
103900106,2,1212,-1210
103900107,325,27,298
103900108,116,139,-23
103900109,288,26,262
103900110,501,31,470
103900111,292,216,76
103900112,40,180,-140
103900113,139,314,-175
103900114,1670,249,1421
103900115,197,300,-103
103900116,1980,4452,-2472
103900117,49,29,20
103900119,10,242,-232
103900120,230,45,185
103900122,455,86,369
103900123,628,1304,-676
103900124,74,324,-250
103900125,144,33,111
103900126,860,141,719
103900127,177,183,-6
103900128,192,44,148
103900131,61,79,-18
103900133,1270,33,1237
103900134,0,25,-25
103900135,0,3,-3
103900137,0,5,-5
103900138,288,31,257
103900139,200,4567,-4367
103900140,5,625,-620
103900141,317,53,264
103900142,580,46,534
103900143,428,24,404
103900144,0,27,-27
103900145,176,271,-95
103900146,390,145,245
103900147,659,94,565
103900148,500,116,384
103900149,360,160,200
103900150,4639,7309,-2670
103900151,3,124,-121
103900152,1693,206,1487
103900153,24,1,23
103900154,320,3675,-3355
103900155,21,110,-89
103900156,64,86,-22
103900157,319,80,239
103900158,459,83,376
103900159,641,28,613
103900160,92,14,78
103900161,48,142,-94
103900162,86,64,22
103900163,23,439,-416
103900167,2,141,-139
103900168,105,162,-57
103900169,19,50,-31
103900170,1,69,-68
103900171,14,36,-22
103900172,4,3,1
103900173,65,31,34
103900174,558,43,515
103900175,46,152,-106
103900176,35,33,2
103900177,18,8,10
103900178,138,4,134
103900179,77,22,55
103900180,24,50,-26
103900181,13,151,-138
103900182,19,42,-23
103900184,294,120,174
103900185,106,1302,-1196
103900187,9,258,-249
103900188,218,119,99
103900189,103,8,95
103900190,175,45,130
103900191,25,52,-27
103900192,18,116,-98
103900193,30,128,-98
103900194,75,97,-22
103900195,2,211,-209
103900196,98,71,27
103900197,12,36,-24
103900198,7,42,-35
103900199,246,72,174
103900200,385,57,328
103900201,61,83,-22
103900202,0,72,-72
103900203,78,82,-4
103900204,0,38,-38
103900207,2,9,-7
103900208,159,1,158
103900209,2,58,-56
103900210,32,57,-25
103900211,1443,137,1306
103900212,255,136,119
103900213,24,680,-656
103900214,218,778,-560
103900215,222,729,-507
103900216,18,171,-153
103900217,586,124,462
103900218,11,557,-546
103900219,515,214,301
103900233,376,29,347
103900235,26,323,-297
103900236,25,111,-86
103900242,2,1,1
103900243,1,5,-4
103900244,110,178,-68
103900245,216,93,123
103900246,30,88,-58
103900247,46,97,-51
103900248,2,131,-129
103900249,14,107,-93
103900250,178,181,-3
103900251,7,131,-124
103900253,6,137,-131
103900254,19,100,-81
103900255,2,104,-102
103900256,40,67,-27
103900257,560,549,11
103900258,48,17,31
103900259,38,112,-74
103900261,90,0,90
103900262,69,7,62
103900263,72,156,-84
103900264,27,3,24
103900265,36,0,36
103900266,2,166,-164
103900267,3,68,-65
103900268,58,40,18
103900269,270,27,243
103900270,98,96,2
103900271,229,53,176
103900272,128,35,93
103900273,315,19,296
103900274,528,6,522
103900275,291,16,275
103900276,16,36,-20
103900277,7,9,-2
103900278,14,34,-20
103900279,2,116,-114
103900280,5,17,-12
104000001,4124,2626,1498
104000002,2373,2644,-271
104000003,3958,2235,1723
104000004,3443,2736,707
104000005,3714,2614,1100
104000006,4466,2724,1742
104000007,5862,3970,1892
104000008,182,214,-32
104000009,232,213,19
104000010,153,831,-678
104000011,472,190,282
104000012,191,214,-23
104000013,399,701,-302
104000014,320,351,-31
104000015,614,274,340
104000016,449,306,143
104000018,926,423,503
104000019,703,605,98
104000020,104,279,-175
104000021,602,269,333
104000022,513,516,-3
104000023,1509,901,608
104000024,444,529,-85
104000026,182,169,13
104000027,369,215,154
104000028,548,496,52
104000029,725,435,290
104000030,517,506,11
104000031,1774,401,1373
104000032,162,128,34
104000033,1179,726,453
104000034,307,115,192
104000035,1616,481,1135
104000036,1699,534,1165
104000037,286,118,168
104000038,496,507,-11
104000039,318,98,220
104000040,192,874,-682
104000041,759,691,68
104000042,316,278,38
104000043,243,374,-131
104000044,575,594,-19
104000045,966,634,332
104000046,788,867,-79
104000047,841,878,-37
104000048,1169,802,367
104000049,1046,430,616
104000050,163,946,-783
104000051,335,1024,-689
104000052,3153,3245,-92
104000053,2050,523,1527
104000054,590,205,385
104000055,3367,2700,667
104000056,1089,472,617
104000057,810,485,325
104000058,1734,1119,615
104000059,1114,1385,-271
104000060,1441,1959,-518
104000061,1503,946,557
104000062,933,323,610
104000064,841,311,530
104000065,117,766,-649
104000069,230,1386,-1156
104000070,135,807,-672
104000071,580,382,198
104000072,1018,353,665
104000075,224,299,-75
104000076,950,88,862
104000082,2556,6622,-4066
104000083,846,342,504
104000084,210,428,-218
104000085,943,408,535
104000086,456,625,-169
104000087,430,2333,-1903
104000090,1677,815,862
104000092,2301,1227,1074
104000094,1192,844,348
104000095,4819,2045,2774
104000096,4063,41,4022
104000097,4033,638,3395
104000098,5523,677,4846
104000100,3353,1083,2270
104000101,2616,2066,550
104000106,125,981,-856
104000107,1031,207,824
104000108,329,328,1
104000109,583,217,366
104000110,859,1439,-580
104000111,2880,5794,-2914
104000112,742,498,244
104000116,26,655,-629
104000117,452,361,91
104000118,2304,204,2100
104000119,1136,391,745
104000120,318,491,-173
104000121,456,544,-88
104000122,1165,688,477
104000123,1160,683,477
104000124,413,1232,-819
104000125,2878,6604,-3726
104000126,708,706,2
104000127,1549,1569,-20
104000128,953,96,857
104000129,693,12,681
104000130,1,320,-319
104000131,483,676,-193
104000132,537,951,-414
104000133,1832,652,1180
104000134,1305,1718,-413
104000135,820,1704,-884
104000136,916,3005,-2089
104000137,2817,431,2386
104000138,2015,439,1576
104000139,2785,2871,-86
104000141,1242,561,681
104000142,1219,383,836
104000143,1476,405,1071
104000144,264,424,-160
104000145,357,233,124
104000146,195,605,-410
104000147,212,340,-128
104000148,489,223,266
104000149,276,76,200
104000150,1260,681,579
104000151,358,151,207
104000152,919,191,728
104000153,915,832,83
104000154,723,197,526
104000155,520,1228,-708
104000157,2414,1209,1205
104000158,95,581,-486
104000159,1243,1104,139
104000160,2237,3218,-981
104000161,473,141,332
104000162,180,148,32
104000165,1375,795,580
104000167,981,2256,-1275
104000168,1431,10,1421
104000169,256,119,137
104000170,279,345,-66
104000248,598,901,-303
104000251,124,214,-90
104000272,0,0,0
104000273,0,0,0
104000274,0,0,0
104000275,0,0,0
104000279,573,487,86
104000290,142,527,-385
104000291,824,2080,-1256
104000293,2416,1950,466
104000294,139,0,139
104000295,1096,1050,46
104000296,921,708,213
104000297,1132,2376,-1244
104000298,1738,947,791
104000299,1564,1111,453
104000302,214,112,102
104000303,176,181,-5
104900001,135,349,-214
104900002,80,376,-296
104900003,78,142,-64
104900004,96,92,4
104900005,736,285,451
104900006,1171,96,1075
104900007,832,130,702
104900009,99,122,-23
104900010,204,36,168
104900011,12,70,-58
104900012,248,27,221
104900013,83,1,82
104900014,961,315,646
104900015,156,2,154
104900016,228,238,-10
104900017,119,250,-131
104900018,24,117,-93
104900019,146,7037,-6891
104900020,115,389,-274
104900021,0,24,-24
104900022,4,521,-517
104900023,0,20,-20
104900024,47,1040,-993
104900025,88,169,-81
104900026,3,27,-24
104900027,703,355,348
104900028,16,299,-283
104900029,20,30,-10
104900030,646,228,418
104900031,51,312,-261
104900032,119,65,54
104900033,226,232,-6
104900034,380,157,223
104900035,406,265,141
104900036,446,39,407
104900037,341,147,194
104900038,191,2294,-2103
104900039,355,216,139
104900040,756,48,708
104900041,515,171,344
104900042,254,213,41
104900043,69,646,-577
104900044,1083,125,958
104900045,327,66,261
104900046,734,107,627
104900047,418,107,311
104900048,555,60,495
104900049,122,44,78
104900050,733,105,628
104900051,351,68,283
104900052,293,4,289
104900053,816,115,701
104900054,360,37,323
104900055,434,1,433
104900056,390,17,373
104900057,79,0,79
104900058,572,522,50
104900059,139,113,26
104900060,151,334,-183
104900061,110,184,-74
104900063,9,531,-522
104900064,0,130,-130
104900065,4,447,-443
104900066,1,76,-75
104900067,2,319,-317
104900068,141,174,-33
104900070,115,193,-78
104900071,1,506,-505
104900072,58,161,-103
104900073,128,97,31
104900074,70,91,-21
104900075,73,20,53
104900076,188,102,86
104900077,361,135,226
104900078,209,130,79
104900079,139,2008,-1869
104900080,164,222,-58
104900082,3,423,-420
104900085,78,318,-240
104900087,403,9,394
104900089,574,0,574
104900090,1937,1068,869
104900091,534,330,204
104900093,217,259,-42
104900097,1735,4898,-3163
104900098,490,58,432
104900099,137,1305,-1168
104900100,424,287,137
104900102,85,137,-52
104900103,289,57,232
104900104,1647,1607,40
104900106,636,168,468
104900107,90,338,-248
104900108,36,130,-94
104900109,192,241,-49
104900110,14,77,-63
104900111,679,88,591
104900112,493,386,107
104900113,1203,245,958
104900114,999,354,645
104900115,1321,156,1165
104900116,957,166,791
104900118,21,53,-32
104900119,1,58,-57
104900120,26,1698,-1672
104900121,0,20,-20
104900122,0,45,-45
104900123,196,25,171
104900124,90,2,88
104900125,423,0,423
104900126,24,29,-5
104900127,18,32,-14
104900128,85,63,22
104900129,1036,4368,-3332
105000001,4464,1360,3104
105000002,3905,3381,524
105000003,4677,7524,-2847
105000004,1587,1314,273
105000005,3287,2551,736
105000006,1504,3915,-2411
105000007,2297,4870,-2573
105000008,1220,5840,-4620
105000009,4016,5477,-1461
105000010,3504,1371,2133
105000011,3936,4638,-702
105000012,2813,2237,576
105000013,1798,2088,-290
105000014,5198,5203,-5
105000015,9458,18926,-9468
105000016,1039,871,168
105000017,2031,1135,896
105000018,892,2404,-1512
105000019,1404,1497,-93
105000020,92,658,-566
105000021,504,285,219
105000022,138,243,-105
105000023,1805,332,1473
105000028,31,107,-76
105000029,795,1946,-1151
105000030,4236,2417,1819
105000031,9,16,-7
105000033,1333,1440,-107
105000034,228,1886,-1658
105000037,867,296,571
105000038,1507,2202,-695
105000039,1115,873,242
105000040,1021,1821,-800
105000041,312,616,-304
105000042,2200,1731,469
105000043,966,983,-17
105000044,945,397,548
105000045,282,368,-86
105000046,1564,414,1150
105000047,854,476,378
105000048,1667,460,1207
105000049,281,407,-126
105000050,1421,724,697
105000051,265,394,-129
105000052,1060,1752,-692
105000053,230,266,-36
105000054,684,1846,-1162
105000055,876,336,540
105000056,2384,2327,57
105000057,2206,821,1385
105000058,1954,1249,705
105000059,1801,1275,526
105000060,667,626,41
105000061,2376,1099,1277
105000062,842,730,112
105000063,528,595,-67
105000064,3808,1151,2657
105000065,592,911,-319
105000066,1130,2058,-928
105000067,2437,2001,436
105000068,440,1269,-829
105000069,2143,3734,-1591
105000070,972,2238,-1266
105000071,231,3128,-2897
105000072,2646,10751,-8105
105000073,1814,1446,368
105000074,665,751,-86
105000075,771,999,-228
105000076,1817,1857,-40
105000077,3477,1321,2156
105000078,985,1864,-879
105000079,1069,2409,-1340
105000080,2392,3246,-854
105000081,1460,2973,-1513
105000082,909,2594,-1685
105000083,2565,3705,-1140
105000084,1069,1314,-245
105000085,3148,3219,-71
105000086,1204,1354,-150
105000087,3559,2972,587
105000088,2895,4439,-1544
105000089,2422,2087,335
105000090,634,629,5
105000091,859,1054,-195
105000092,707,1245,-538
105000093,381,639,-258
105000094,341,238,103
105000095,306,1343,-1037
105000096,1942,3829,-1887
105000097,557,970,-413
105000098,2118,2590,-472
105000099,795,2004,-1209
105000100,2677,1252,1425
105000101,4674,1548,3126
105000102,2576,1834,742
105000103,1897,2333,-436
105000104,3328,1631,1697
105000105,1965,2037,-72
105000106,2559,1365,1194
105000107,2179,861,1318
105000108,2188,1261,927
105000109,4358,1137,3221
105000110,1515,649,866
105000111,2396,666,1730
105000112,1415,652,763
105000113,916,1281,-365
105000114,2214,1913,301
105000115,461,3118,-2657
105000116,1844,1128,716
105000117,1259,870,389
105000118,1648,750,898
105000119,747,701,46
105000120,2339,730,1609
105000121,1342,608,734
105000122,645,822,-177
105000123,648,778,-130
105000124,3245,1153,2092
105000125,1608,1547,61
105000126,3109,2269,840
105000127,4043,2151,1892
105000128,1118,2473,-1355
105000129,2250,562,1688
105000130,265,4716,-4451
105000131,582,174,408
105000132,2110,1075,1035
105000133,532,799,-267
105000134,1920,712,1208
105000135,461,647,-186
105000136,115,169,-54
105000137,991,299,692
105000138,254,172,82
105000139,955,565,390
105000140,772,384,388
105000141,657,290,367
105000142,440,548,-108
105000143,206,637,-431
105000144,471,685,-214
105000145,1056,434,622
105000146,537,755,-218
105000147,935,714,221
105000148,1268,1419,-151
105000149,3909,2685,1224
105000150,1517,892,625
105000151,1030,634,396
105000152,197,959,-762
105000153,1515,693,822
105000154,750,852,-102
105000155,822,647,175
105000156,364,963,-599
105000157,939,1513,-574
105000158,4180,1118,3062
105000159,504,864,-360
105000160,5165,1267,3898
105000161,1028,917,111
105000162,1000,4639,-3639
105000163,1453,1196,257
105000164,141,644,-503
105000165,1621,15758,-14137
105000166,6513,2185,4328
105000167,1766,4420,-2654
105000168,508,624,-116
105000169,1879,134,1745
105000170,453,1527,-1074
105000171,2308,284,2024
105000172,410,74,336
105000173,528,47,481
105000174,140,43,97
105000175,213,80,133
105000176,730,134,596
105000177,814,423,391
105000178,591,276,315
105000179,1298,162,1136
105000180,439,81,358
105000181,362,178,184
105000182,107,82,25
105000183,3096,3097,-1
105000184,493,1070,-577
105000185,765,1479,-714
105000186,730,834,-104
105000187,839,505,334
105000188,137,675,-538
105000189,109,1022,-913
105000190,312,710,-398
105000191,447,734,-287
105000192,608,95,513
105000193,172,314,-142
105000194,1553,165,1388
105000195,396,750,-354
105000196,162,593,-431
105000197,253,582,-329
105000198,445,150,295
105000199,110,1276,-1166
105000200,135,595,-460
105000201,165,75,90
105000203,50,155,-105
105000204,122,61,61
105000205,157,122,35
105000207,238,105,133
105000208,240,499,-259
105000209,220,131,89
105000211,756,23,733
105000212,1691,549,1142
105000213,49,208,-159
105000214,128,217,-89
105000215,261,142,119
105000216,499,128,371
105000217,432,166,266
105000218,3055,1431,1624
105000221,208,429,-221
105000222,573,617,-44
105000223,796,599,197
105000226,224,147,77
105000227,99,154,-55
105000228,79,1841,-1762
105000229,243,1571,-1328
105000231,608,334,274
105000233,1612,1159,453
105000234,540,800,-260
105000235,749,1188,-439
105000237,2269,205,2064
105000243,99,60,39
105000248,72,140,-68
105000262,712,499,213
105000269,227,122,105
105000270,1011,21,990
105000271,2,258,-256
105000282,117,111,6
105000287,245,100,145
105000288,1260,657,603
105000289,853,1774,-921
105000290,73,25,48
105000402,2136,5397,-3261
105000426,540,558,-18
105000438,1445,1750,-305
105000440,19,24,-5
105000446,7684,3470,4214
105000447,1934,1293,641
105000454,1103,197,906
105000455,235,133,102
105000474,257,7,250
105000477,1590,711,879
105000478,3652,7698,-4046
105000479,102,311,-209
105000480,5978,10918,-4940
105000481,7051,6966,85
105000482,2375,3462,-1087
105000483,3158,5082,-1924
105000484,1881,2252,-371
105000485,1275,4755,-3480
105000486,1938,2725,-787
105000488,3835,2010,1825
105000489,2238,1634,604
105000549,63,541,-478
105000550,402,1106,-704
105000551,24,168,-144
105000552,3359,1423,1936
105000555,1358,2652,-1294
105000556,106,43,63
105000557,131,318,-187
105900001,6,3274,-3268
105900002,700,1996,-1296
105900003,21,257,-236
105900004,203,73,130
105900005,160,507,-347
105900006,21,135,-114
105900007,46,83,-37
105900008,215,235,-20
105900009,81,10,71
105900011,168,42,126
105900012,514,65,449
105900013,3,11,-8
105900014,0,60,-60
105900015,81,278,-197
105900016,775,188,587
105900017,2372,30,2342
105900018,120,174,-54
105900019,119,172,-53
105900020,59,143,-84
105900021,56,309,-253
105900022,254,231,23
105900023,11,165,-154
105900024,2,356,-354
105900025,370,3,367
105900026,288,16,272
105900027,15807,4277,11530
105900028,133,929,-796
105900029,2219,339,1880
105900030,234,377,-143
105900031,545,152,393
105900032,171,141,30
105900033,136,128,8
105900034,796,253,543
105900035,534,252,282
105900036,201,59,142
105900037,317,58,259
105900038,154,250,-96
105900039,232,63,169
105900040,132,170,-38
105900041,306,284,22
105900042,204,357,-153
105900043,1217,13,1204
105900044,11,757,-746
105900045,2,1993,-1991
105900046,5,284,-279
105900047,7,115,-108
105900048,173,599,-426
105900050,1334,9043,-7709
105900051,58,1252,-1194
105900052,1283,122,1161
105900053,3346,5202,-1856
105900054,241,224,17
105900056,443,627,-184
105900057,2,124,-122
105900058,30,20,10
105900059,0,202,-202
106000001,2152,3385,-1233
106000002,1092,3427,-2335
106000003,4718,6321,-1603
106000004,2267,2492,-225
106000005,5567,5775,-208
106000006,5371,1967,3404
106000007,767,533,234
106000008,534,308,226
106000009,648,327,321
106000010,249,398,-149
106000011,2676,1317,1359
106000012,1205,1194,11
106000013,2887,2264,623
106000014,1581,1415,166
106000015,3378,1577,1801
106000016,1557,1614,-57
106000017,798,1369,-571
106000018,597,587,10
106000019,550,778,-228
106000020,481,451,30
106000021,499,763,-264
106000022,422,236,186
106000023,1048,744,304
106000024,668,496,172
106000025,213,237,-24
106000026,181,213,-32
106000027,2257,2259,-2
106000028,890,403,487
106000029,1349,918,431
106000030,265,809,-544
106000034,147,539,-392
106000035,1225,2458,-1233
106000036,302,475,-173
106000037,1556,1635,-79
106000038,73,261,-188
106000039,65,244,-179
106000040,147,1123,-976
106000041,1061,488,573
106000043,534,301,233
106000046,599,83,516
106000047,61,553,-492
106000049,2005,393,1612
106000050,378,789,-411
106000051,1494,784,710
106000052,275,372,-97
106000053,615,205,410
106000054,378,332,46
106000055,1377,886,491
106000056,405,328,77
106000057,844,326,518
106000058,271,102,169
106000059,666,404,262
106000060,436,378,58
106000061,307,1028,-721
106000062,241,371,-130
106000063,1413,1098,315
106000064,19,441,-422
106000065,725,277,448
106000066,165,447,-282
106000067,883,149,734
106000068,166,717,-551
106000069,602,127,475
106000070,447,659,-212
106000071,1140,381,759
106000072,4609,1835,2774
106000073,2291,8844,-6553
106000074,1287,1005,282
106000075,716,1373,-657
106000076,1759,1754,5
106000077,1904,1144,760
106000078,1946,875,1071
106000079,1310,1099,211
106000080,1924,734,1190
106000081,1469,1052,417
106000082,2146,778,1368
106000083,511,1361,-850
106000084,1241,584,657
106000085,1735,1266,469
106000086,664,787,-123
106000087,1201,510,691
106000088,650,800,-150
106000089,1745,240,1505
106000090,483,772,-289
106000091,250,547,-297
106000092,2196,503,1693
106000093,866,175,691
106000094,106,129,-23
106000095,1551,817,734
106000096,2012,667,1345
106000097,2052,1183,869
106000098,1863,834,1029
106000099,287,738,-451
106000100,2113,259,1854
106000101,1431,408,1023
106000102,121,747,-626
106000103,260,799,-539
106000104,1587,479,1108
106000105,610,859,-249
106000106,1333,355,978
106000107,263,355,-92
106000108,887,178,709
106000109,414,178,236
106000110,785,206,579
106000111,213,231,-18
106000112,505,1509,-1004
106000113,765,526,239
106000114,976,1877,-901
106000115,452,397,55
106000116,635,269,366
106000117,971,552,419
106000118,2024,1726,298
106000119,1094,658,436
106000120,1452,2429,-977
106000121,624,301,323
106000122,402,144,258
106000123,1499,229,1270
106000124,485,111,374
106000125,122,269,-147
106000126,626,157,469
106000127,2597,869,1728
106000128,1877,315,1562
106000129,1342,737,605
106000130,1713,536,1177
106000131,266,1299,-1033
106000132,1364,303,1061
106000133,3113,3152,-39
106000134,579,5541,-4962
106000135,215,1011,-796
106000136,1207,2397,-1190
106000137,315,1836,-1521
106000138,4064,184,3880
106000139,227,161,66
106000140,44,139,-95
106000141,192,67,125
106000142,183,174,9
106000143,59,55,4
106000144,112,250,-138
106000145,995,120,875
106000146,701,230,471
106000147,1305,662,643
106000148,2067,753,1314
106000149,1222,572,650
106000150,1524,3757,-2233
106000151,4631,658,3973
106000152,1221,4691,-3470
106000153,164,2593,-2429
106000154,1380,191,1189
106000155,336,488,-152
106000156,2256,242,2014
106000157,952,2256,-1304
106000158,2042,624,1418
106000159,4351,4014,337
106000160,946,6244,-5298
106000161,1370,283,1087
106000162,518,2198,-1680
106000163,595,292,303
106000164,1316,385,931
106000165,380,676,-296
106000166,1739,415,1324
106000167,643,1537,-894
106000168,1541,506,1035
106000169,296,489,-193
106000170,1706,322,1384
106000171,254,1394,-1140
106000172,2897,2207,690
106000173,909,4488,-3579
106000174,1999,494,1505
106000175,272,571,-299
106000176,3430,1107,2323
106000177,1118,1940,-822
106000178,3709,1624,2085
106000179,701,1930,-1229
106000180,979,731,248
106000181,2075,1351,724
106000182,2848,652,2196
106000183,2931,403,2528
106000184,2226,591,1635
106000185,2382,2134,248
106000186,473,53,420
106000187,86,1773,-1687
106000188,0,4,-4
106000189,23,41,-18
106000190,65,2,63
106000191,798,91,707
106000192,1,15,-14
106000193,433,266,167
106000194,150,477,-327
106000195,150,160,-10
106000196,32,432,-400
106000197,966,249,717
106000198,255,237,18
106000199,840,1428,-588
106000200,421,246,175
106000201,526,8074,-7548
106000202,4567,783,3784
106000203,67,659,-592
106000204,97,1,96
106000205,23,221,-198
106000206,158,20,138
106000207,15,224,-209
106000208,2959,253,2706
106000209,2761,559,2202
106000210,475,723,-248
106000211,266,1395,-1129
106000212,1894,569,1325
106000213,321,1180,-859
106000214,1807,568,1239
106000215,500,583,-83
106000216,1144,680,464
106000217,260,546,-286
106000218,484,289,195
106000219,327,351,-24
106000220,815,341,474
106000221,592,125,467
106000222,151,111,40
106000223,695,202,493
106000224,568,134,434
106000225,200,218,-18
106000226,128,220,-92
106000228,115,198,-83
106000229,236,651,-415
106000231,1868,173,1695
106000232,131,339,-208
106000233,596,370,226
106000234,119,499,-380
106000235,429,587,-158
106000236,87,432,-345
106000237,0,54,-54
106000238,17,87,-70
106000239,0,174,-174
106000240,48,5,43
106000241,27,736,-709
106000242,733,22,711
106000249,199,61,138
106000250,68,883,-815
106000251,179,24,155
106000252,53,110,-57
106000253,82,46,36
106000254,169,25,144
106000255,67,145,-78
106000256,177,28,149
106000257,191,172,19
106000258,134,170,-36
106000259,21,209,-188
106000260,78,13,65
106000261,20,80,-60
106000262,156,46,110
106000263,70,65,5
106000264,326,10,316
106000265,63,132,-69
106000266,206,64,142
106000267,10,115,-105
106000268,380,104,276
106000269,62,46,16
106000270,158,247,-89
106000271,82,150,-68
106000272,159,77,82
106000273,11,230,-219
106000274,197,58,139
106000275,222,202,20
106000276,42,17,25
106000277,147,222,-75
106000278,197,16,181
106000279,33,13,20
106000280,134,42,92
106000281,106,38,68
106000282,111,68,43
106000283,199,52,147
106000284,203,81,122
106000285,117,143,-26
106000286,212,87,125
106000287,130,84,46
106000288,136,143,-7
106000289,195,63,132
106000290,119,60,59
106000291,238,89,149
106000292,271,129,142
106000293,157,96,61
106000294,108,56,52
106000295,46,68,-22
106000296,31,74,-43
106000297,55,287,-232
106000298,93,188,-95
106000299,39,44,-5
106000300,72,85,-13
106000301,85,201,-116
106000303,85,61,24
106000304,89,23,66
106000305,113,44,69
106000306,41,50,-9
106000307,227,14,213
106000308,58,60,-2
106000309,41,20,21
106000310,530,425,105
106000311,804,223,581
106000312,232,191,41
106000313,609,185,424
106000318,114,396,-282
106000319,2796,483,2313
106000320,0,89,-89
106000321,215,321,-106
106000322,602,83,519
106000324,52,105,-53
106000325,2731,899,1832
106000326,971,1362,-391
106000327,564,122,442
106000328,16,263,-247
106000329,89,547,-458
106000330,29,94,-65
106000428,77,396,-319
106000429,189,403,-214
106000430,486,1833,-1347
106000431,3378,711,2667
106000432,1137,3081,-1944
106000433,3236,1899,1337
106000434,5071,1316,3755
106000435,1538,2508,-970
106000436,17,201,-184
106000437,906,75,831
106000438,250,458,-208
106000439,57,1429,-1372
106000440,245,430,-185
106000441,3,0,3
106000442,917,12,905
106000443,417,227,190
106000450,1,121,-120
106000451,38,208,-170
106000454,3,285,-282
106000455,2,223,-221
106000456,195,24,171
106000457,69,751,-682
106000458,1703,116,1587
106000459,765,113,652
106000460,2367,73,2294
106000461,500,267,233
106000462,0,70,-70
106000463,3,8,-5
106000464,3,1502,-1499
106000465,1091,15,1076
106000466,3,517,-514
106000467,630,374,256
106000468,234,180,54
106000469,178,0,178
106000470,248,3850,-3602
106000471,1,344,-343
106000472,232,10,222
106000473,100,1,99
106000474,938,851,87
106000475,1287,246,1041
106000476,364,304,60
106000477,92,103,-11
106000480,0,1392,-1392
106900001,0,8,-8
106900002,1,198,-197
106900003,106,1657,-1551
106900004,26,8,18
106900006,0,3,-3
106900007,0,2,-2
106900008,1288,68,1220
106900009,932,172,760
106900010,626,483,143
106900012,1640,4736,-3096
106900013,960,273,687
106900014,161,2,159
106900015,30,1,29
106900016,631,13,618
106900017,18,2,16
106900018,39,0,39
106900019,253,1,252
106900020,2364,4274,-1910
106900021,310,204,106
106900022,2068,6,2062
106900023,106,178,-72
106900024,819,71,748
106900025,33,540,-507
106900026,1,221,-220
106900027,1249,10,1239
107000001,4012,5926,-1914
107000002,1630,2053,-423
107000003,11562,9322,2240
107000004,3931,1792,2139
107000005,11933,8625,3308
107000006,3887,2046,1841
107000007,7861,10055,-2194
107000008,4911,2846,2065
107000009,11775,9036,2739
107000010,5821,3841,1980
107000011,864,1238,-374
107000012,2885,2648,237
107000013,251,46,205
107000014,200,125,75
107000015,763,525,238
107000016,1291,481,810
107000017,655,2929,-2274
107000018,4,2427,-2423
107000020,671,2171,-1500
107000021,1009,588,421
107000022,1156,2588,-1432
107000023,2318,250,2068
107000024,584,2566,-1982
107000025,542,330,212
107000026,445,510,-65
107000027,2471,817,1654
107000028,1613,722,891
107000029,5627,3618,2009
107000030,2806,1844,962
107000031,7902,3037,4865
107000032,304,887,-583
107000033,2601,4389,-1788
107000034,4747,1254,3493
107000035,738,286,452
107000036,557,1880,-1323
107000037,181,816,-635
107000038,396,242,154
107000039,1502,1164,338
107000040,478,190,288
107000041,1234,940,294
107000042,549,2798,-2249
107000043,1838,1234,604
107000044,383,436,-53
107000045,125,454,-329
107000046,922,568,354
107000047,717,1201,-484
107000048,964,526,438
107000049,659,1024,-365
107000050,1020,755,265
107000051,302,474,-172
107000052,1539,2477,-938
107000053,442,845,-403
107000054,44,177,-133
107000055,666,277,389
107000056,466,510,-44
107000057,1990,151,1839
107000058,2457,4246,-1789
107000059,1518,1563,-45
107000060,7231,7884,-653
107000061,5177,3298,1879
107000062,8175,5038,3137
107000063,4534,3117,1417
107000064,7670,5549,2121
107000065,4596,6439,-1843
107000066,1926,3945,-2019
107000067,2007,1917,90
107000068,859,1424,-565
107000069,1587,968,619
107000070,1460,14,1446
107000071,5933,48,5885
107000072,13,1129,-1116
107000073,1363,1080,283
107000074,121,585,-464
107000075,2596,335,2261
107000076,257,729,-472
107000077,4471,766,3705
107000078,842,1367,-525
107000079,3735,1083,2652
107000080,535,1458,-923
107000081,3834,807,3027
107000082,849,792,57
107000083,1914,1022,892
107000084,218,641,-423
107000085,4230,3907,323
107000086,3411,2207,1204
107000087,5344,4168,1176
107000088,3187,4785,-1598
107000089,3313,3964,-651
107000090,2121,1170,951
107000091,2714,1822,892
107000092,1362,914,448
107000093,1917,1673,244
107000094,1216,1224,-8
107000095,1779,1068,711
107000096,990,597,393
107000097,1813,809,1004
107000098,763,556,207
107000099,686,611,75
107000100,356,419,-63
107000101,181,407,-226
107000102,381,445,-64
107000103,658,450,208
107000104,227,363,-136
107000105,968,378,590
107000106,196,317,-121
107000107,1325,349,976
107000108,293,552,-259
107000109,1659,354,1305
107000110,241,273,-32
107000111,991,114,877
107000112,34,201,-167
107000113,1634,163,1471
107000114,42,412,-370
107000115,1503,1163,340
107000116,86,594,-508
107000117,258,5410,-5152
107000118,57,155,-98
107000119,1948,1686,262
107000120,966,1533,-567
107000121,1332,920,412
107000122,959,781,178
107000123,710,668,42
107000124,958,361,597
107000125,1811,513,1298
107000126,2626,274,2352
107000129,342,471,-129
107000130,1159,294,865
107000131,305,360,-55
107000132,708,435,273
107000133,450,374,76
107000134,275,2,273
107000135,0,406,-406
107000136,727,5,722
107000137,12,811,-799
107000138,167,11,156
107000139,5,712,-707
107000140,2127,54,2073
107000141,86,1315,-1229
107000142,736,71,665
107000143,21,948,-927
107000144,861,852,9
107000145,210,598,-388
107000146,280,448,-168
107000147,5821,722,5099
107000150,413,5833,-5420
107000151,6,24,-18
107000152,1314,3366,-2052
107000153,119,240,-121
107000154,32,304,-272
107000155,1303,14,1289
107000156,1474,19,1455
107000157,56,457,-401
107000158,1589,38,1551
107000159,14,629,-615
107000160,2905,225,2680
107000161,34,355,-321
107000162,437,1000,-563
107000163,309,11,298
107000164,1307,0,1307
107000165,2012,7,2005
107000166,52,269,-217
107000167,1488,251,1237
107000168,1521,746,775
107000169,394,376,18
107000170,4859,910,3949
107000171,799,911,-112
107000172,2405,2673,-268
107000173,509,394,115
107000174,1496,8838,-7342
107000175,3916,717,3199
107000176,0,2,-2
107000177,8,0,8
107000178,96,5,91
107000179,452,1241,-789
107000180,2839,202,2637
107000181,410,579,-169
107000182,3197,696,2501
107000183,273,482,-209
107000184,2165,605,1560
107000185,447,1053,-606
107000186,1527,541,986
107000187,1606,1412,194
107000188,823,394,429
107000189,1004,1018,-14
107000190,1082,520,562
107000191,1312,1508,-196
107000192,2079,681,1398
107000193,602,847,-245
107000194,885,769,116
107000197,1221,341,880
107000198,336,592,-256
107000199,1530,992,538
107000200,1572,1004,568
107000201,736,591,145
107000202,384,577,-193
107000203,419,2086,-1667
107000204,420,2422,-2002
107000205,970,897,73
107000206,347,1346,-999
107000207,514,1185,-671
107000208,1082,634,448
107000209,525,968,-443
107000210,153,160,-7
107000211,2,72,-70
107000212,10,180,-170
107000213,24,15,9
107000214,27,42,-15
107000215,720,303,417
107000216,688,376,312
107000217,302,1305,-1003
107000219,112,272,-160
107000220,140,314,-174
107000222,443,279,164
107000224,714,160,554
107000225,220,259,-39
107000226,758,219,539
107000227,224,96,128
107000228,693,793,-100
107000229,149,289,-140
107000230,2550,1057,1493
107000231,517,1576,-1059
107000232,257,67,190
107000233,211,633,-422
107000234,6,104,-98
107000235,64,28,36
107000236,13,626,-613
107000237,66,0,66
107000238,63,12,51
107000239,2891,904,1987
107000240,389,331,58
107000243,0,78,-78
107000244,13,96,-83
107000246,3,580,-577
107000249,3,624,-621
107000251,29,391,-362
107000252,0,713,-713
107000255,353,520,-167
107000257,1,887,-886
107000258,0,348,-348
107000259,8,137,-129
107000260,2710,35,2675
107000262,49,218,-169
107000263,557,7,550
107000266,18,18,0
107000267,35,117,-82
107000268,305,66,239
107000269,114,1,113
107000270,612,132,480
107000271,9,0,9
107000272,313,1,312
107000273,4,325,-321
107000274,407,58,349
107000275,153,2597,-2444
107000280,2173,40,2133
107000281,37,407,-370
107000282,39,445,-406
107000290,10,102,-92
107000291,71,21,50
107000292,6,738,-732
107000293,5,37,-32
107000294,0,120,-120
107000295,85,21,64
107000296,0,20,-20
107000444,318,2,316
107000496,8,2,6
107000497,983,1425,-442
107000500,660,553,107
107000501,108,373,-265
107000502,330,873,-543
107000505,644,982,-338
107000506,0,10,-10
107000508,4,225,-221
107000509,172,780,-608
107000510,71,237,-166
107000514,47,576,-529
107000515,15,48,-33
107000516,809,470,339
107000518,2940,4292,-1352
107000519,1442,589,853
107000520,249,71,178
107000521,1486,396,1090
107000522,2424,364,2060
107900001,114,63,51
107900002,77,6,71
107900003,805,30,775
107900004,0,1,-1
107900005,3887,6,3881
107900006,225,5,220
107900007,526,30,496
107900008,35,7,28
107900009,188,10,178
107900010,82,17,65
107900012,645,85,560
107900013,338,27,311
107900014,259,2,257
107900015,2454,9,2445
107900016,436,67,369
107900017,69,1,68
107900018,85,424,-339
107900019,19,10,9
107900020,26,47,-21
107900021,278,51,227
107900023,14,5,9
107900024,0,26,-26
107900025,308,84,224
107900026,90,24,66
107900027,12,120,-108
107900028,479,37,442
107900030,345,54,291
107900031,179,100,79
107900032,64,5,59
107900033,31,11,20
107900034,316,10,306
107900035,2562,155,2407
107900036,41,36,5
107900037,0,7,-7
107900038,28,295,-267
107900039,48,12,36
107900040,14,229,-215
107900041,2,2,0
107900043,120,157,-37
107900044,8,9,-1
107900045,134,61,73
107900046,529,521,8
107900047,100,10,90
107900048,345,41,304
107900049,479,1399,-920
107900050,48,253,-205
107900051,49,4,45
107900052,20,137,-117
107900053,236,58,178
107900055,374,293,81
107900056,96,214,-118
107900057,11,0,11
107900058,4,433,-429
107900060,14,95,-81
107900061,0,10,-10
107900063,154,199,-45
107900064,155,888,-733
107900065,797,23,774
107900066,20,19,1
107900067,2,0,2
107900068,93,1030,-937
107900069,14,4637,-4623
107900070,175,155,20
107900071,16,345,-329
107900072,285,46,239
107900073,111,162,-51
107900074,234,554,-320
107900076,177,37,140
107900077,241,11,230
107900079,25,30,-5
107900080,115,1224,-1109
107900081,81,58,23
107900082,2,3,-1
107900083,642,181,461
107900084,204,151,53
107900086,43,394,-351
107900087,395,39,356
107900088,88,9,79
107900089,241,674,-433
107900090,493,2279,-1786
107900091,99,192,-93
107900093,78,141,-63
107900095,1449,1352,97
107900097,29,89,-60
107900098,164,475,-311
107900100,456,1924,-1468
107900101,537,36,501
107900102,36,2,34
107900103,77,144,-67
107900104,421,2,419
107900105,0,66,-66
107900106,0,282,-282
107900107,1133,307,826
107900108,226,56,170
107900109,2685,75,2610
107900110,117,31,86
107900111,10,238,-228
107900112,101,860,-759
107900113,303,40,263
107900114,508,90,418
107900115,2,10,-8
107900116,419,26,393
107900117,226,307,-81
107900118,15,98,-83
107900119,114,229,-115
107900120,37,19,18
107900121,5,150,-145
107900122,0,226,-226
107900123,34,102,-68
107900124,5,86,-81
107900125,15,224,-209
107900126,63,153,-90
107900127,566,237,329
107900128,88,62,26
107900129,197,5,192
107900130,152,27,125
107900131,62,210,-148
107900132,52,209,-157
107900133,0,25,-25
107900134,23,27,-4
107900135,3,35,-32
107900136,46,21,25
107900137,91,97,-6
107900138,210,22,188
107900139,234,56,178
107900141,11,11,0
107900142,31,560,-529
107900143,11,44,-33
107900144,0,33,-33
107900145,12,58,-46
107900146,48,88,-40
107900147,21,14,7
107900148,232,106,126
107900149,498,48,450
107900150,31,322,-291
107900151,44,23,21
107900152,14,137,-123
107900153,105,274,-169
107900154,31,41,-10
107900155,150,77,73
107900156,0,81,-81
107900157,10,67,-57
107900158,2116,71,2045
107900159,12,286,-274
107900160,199,73,126
107900161,178,69,109
107900162,0,53,-53
107900163,14,77,-63
107900164,36,43,-7
107900165,23,399,-376
107900166,34,39,-5
107900167,5,132,-127
107900168,165,22,143
107900169,11,3118,-3107
107900171,7,369,-362
107900172,1,227,-226
107900173,98,44,54
107900174,248,4,244
107900175,15,198,-183
107900176,140,22,118
107900177,1,97,-96
107900178,0,191,-191
107900179,21,129,-108
107900180,388,1440,-1052
107900181,261,244,17
107900182,0,487,-487
107900183,116,44,72
107900184,171,301,-130
107900185,252,10,242
107900186,29,19,10
107900187,0,190,-190
107900188,593,73,520
107900189,39,87,-48
107900190,18,151,-133
107900191,52,234,-182
107900193,24,174,-150
107900194,208,23,185
107900195,1835,175,1660
107900196,245,37,208
107900197,166,303,-137
107900199,0,688,-688
107900201,166,112,54
107900203,56,33,23
107900204,264,228,36
107900206,246,796,-550
107900207,0,325,-325
107900208,0,263,-263
107900209,316,156,160
107900210,49,48,1
107900213,381,377,4
107900214,16,123,-107
107900215,231,536,-305
107900216,17,46,-29
107900217,74,84,-10
107900218,6,1413,-1407
107900219,83,44,39
107900220,28,163,-135
107900221,217,258,-41
107900223,283,183,100
107900224,118,463,-345
107900225,3,460,-457
107900226,27,79,-52
107900227,77,283,-206
107900228,101,145,-44
107900229,0,38,-38
107900230,41,18,23
107900231,39,76,-37
107900232,377,35,342
107900233,7,39,-32
107900234,440,100,340
107900235,28,143,-115
107900236,929,98,831
107900237,4,351,-347
107900238,71,21,50
107900239,284,774,-490
107900240,81,41,40
107900241,10,17,-7
107900242,19,86,-67
107900243,1,26,-25
107900244,467,4,463
107900245,1342,36,1306
107900246,276,82,194
107900248,506,72,434
107900249,1443,253,1190
107900250,1,222,-221
107900251,23,742,-719
107900252,938,33,905
107900253,302,36,266
107900254,119,131,-12
107900255,141,47,94
107900256,438,1504,-1066
107900257,461,185,276
107900258,261,75,186
107900259,28,5093,-5065
107900261,0,139,-139
107900262,70,48,22
107900264,595,26,569
107900265,221,570,-349
107900267,574,12,562
107900268,37,2,35
107900269,0,37,-37
107900270,2,0,2
107900271,3,81,-78
107900272,45,37,8
107900273,69,113,-44
107900274,98,0,98
107900275,96,0,96
107900276,0,17,-17
107900277,0,53,-53
107900278,673,118,555
107900279,38,27,11
107900280,3776,1111,2665
107900281,1144,10141,-8997
107900282,21,1344,-1323
107900283,871,1281,-410
107900284,1103,676,427
107900285,186,19,167
107900286,26,76,-50
107900287,714,112,602
107900290,0,1016,-1016
107900291,651,21,630
107900292,423,103,320
107900293,138,229,-91
107900295,71,43,28
107900297,6,406,-400
107900298,602,827,-225
107900299,2480,4039,-1559
107900301,1268,971,297
107900302,200,40,160
107900303,603,389,214
107900304,888,151,737
107900305,257,5,252
107900306,0,59,-59
107900307,11,211,-200
107900308,267,191,76
107900309,64,1,63
107900310,35,0,35
107900311,2,270,-268
107900312,79,0,79
107900313,1,160,-159
107900314,3,170,-167
107900315,0,57,-57
107900316,27,1,26
107900317,108,4,104
107900318,0,297,-297
107900319,15,45,-30
107900320,0,55,-55
107900321,294,2,292
107900322,6,38,-32
107900323,3,66,-63
107900324,125,11,114
107900325,256,1,255
107900326,875,128,747
107900327,0,158,-158
107900328,12,0,12
107900329,47,471,-424
107900330,3,69,-66
107900331,736,40,696
107900332,635,20,615
107900333,156,27,129
107900334,1,74,-73
107900335,29,38,-9
107900336,17,64,-47
107900337,415,1360,-945
107900338,2,147,-145
107900339,0,17,-17
107900340,1,144,-143
107900341,84,0,84
107900342,170,113,57
107900343,30,5,25
107900344,11,41,-30
107900345,170,141,29
107900346,12,2,10
107900347,19,6,13
107900348,1,3,-2
107900349,66,6,60
107900350,11,205,-194
107900351,9,36,-27
107900352,0,45,-45
107900353,38,33,5
107900354,2,35,-33
108000001,6286,5522,764
108000002,1238,1180,58
108000003,3612,4236,-624
108000004,9201,9824,-623
108000005,9343,7290,2053
108000006,4308,4442,-134
108000007,7869,7879,-10
108000008,3438,4769,-1331
108000009,7577,7626,-49
108000010,2574,4669,-2095
108000011,16126,13024,3102
108000012,11178,9717,1461
108000014,894,1682,-788
108000015,1299,275,1024
108000016,293,558,-265
108000017,1715,506,1209
108000018,2162,735,1427
108000019,1033,991,42
108000020,1380,510,870
108000021,235,1427,-1192
108000022,455,732,-277
108000023,2382,276,2106
108000024,652,280,372
108000025,610,164,446
108000026,1413,350,1063
108000027,1252,279,973
108000028,1375,299,1076
108000029,903,517,386
108000030,578,344,234
108000031,243,715,-472
108000032,3578,822,2756
108000033,657,685,-28
108000034,2682,594,2088
108000035,601,1574,-973
108000036,362,730,-368
108000037,3682,505,3177
108000038,5239,421,4818
108000039,511,1251,-740
108000040,3349,1205,2144
108000041,462,1885,-1423
108000042,809,134,675
108000043,301,271,30
108000044,994,127,867
108000045,345,186,159
108000046,2642,437,2205
108000047,367,565,-198
108000048,92,193,-101
108000049,1144,183,961
108000050,190,391,-201
108000051,649,379,270
108000052,199,456,-257
108000053,595,470,125
108000054,260,1014,-754
108000055,1335,872,463
108000056,962,1588,-626
108000057,984,1848,-864
108000058,2354,6509,-4155
108000059,2179,1458,721
108000060,373,1274,-901
108000061,382,414,-32
108000062,1658,738,920
108000063,559,369,190
108000064,459,358,101
108000065,755,429,326
108000066,2782,1749,1033
108000067,3624,1097,2527
108000068,1381,656,725
108000069,343,602,-259
108000070,2873,1265,1608
108000071,683,1284,-601
108000072,1806,995,811
108000073,954,1059,-105
108000074,901,818,83
108000075,494,488,6
108000076,1222,805,417
108000077,767,510,257
108000078,3260,948,2312
108000079,668,659,9
108000080,2531,555,1976
108000081,880,783,97
108000082,677,1339,-662
108000083,2755,1057,1698
108000084,546,1193,-647
108000085,1840,799,1041
108000086,540,491,49
108000087,206,3246,-3040
108000088,1647,737,910
108000089,385,428,-43
108000091,122,680,-558
108000092,409,237,172
108000093,541,393,148
108000094,1469,216,1253
108000095,300,557,-257
108000096,758,412,346
108000097,222,488,-266
108000098,3326,1384,1942
108000099,1426,360,1066
108000100,212,930,-718
108000101,1640,1904,-264
108000102,2085,4181,-2096
108000106,1642,1,1641
108000107,1,847,-846
108000108,1012,44,968
108000109,5,465,-460
108000110,852,406,446
108000111,418,987,-569
108000112,109,223,-114
108000113,262,315,-53
108000115,393,435,-42
108000117,406,381,25
108000118,262,2948,-2686
108000119,652,316,336
108000120,354,1422,-1068
108000121,405,508,-103
108000122,1467,639,828
108000123,1054,384,670
108000124,437,632,-195
108000125,1093,473,620
108000126,335,416,-81
108000127,893,441,452
108000128,1320,277,1043
108000129,513,596,-83
108000130,870,433,437
108000131,819,315,504
108000132,493,769,-276
108000133,1717,452,1265
108000134,693,309,384
108000135,1514,1175,339
108000136,569,503,66
108000137,814,239,575
108000138,829,626,203
108000139,989,319,670
108000140,930,11,919
108000141,104,21,83
108000142,115,63,52
108000143,53,240,-187
108000144,1109,80,1029
108000145,87,4,83
108000146,1360,99,1261
108000147,37,21,16
108000148,1220,132,1088
108000149,60,20,40
108000150,76,56,20
108000151,43,32,11
108000152,280,167,113
108000153,1570,181,1389
108000154,34,3,31
108000155,97,37,60
108000156,947,457,490
108000157,390,3710,-3320
108000158,105,1484,-1379
108000159,277,215,62
108000160,2112,2062,50
108000161,1752,5799,-4047
108000165,10,482,-472
108000172,0,327,-327
108000173,508,2867,-2359
108000175,1236,179,1057
108000178,603,363,240
108000179,212,1344,-1132
108000181,112,11,101
108000182,176,52,124
108000183,6,331,-325
108000184,902,4607,-3705
108000185,474,212,262
108000186,643,392,251
108000187,273,271,2
108000188,1451,136,1315
108000189,1625,20030,-18405
108000190,12,69,-57
108000192,475,151,324
108000193,286,14,272
108000194,29,4,25
108000195,1,949,-948
108000196,316,383,-67
108000198,1404,80,1324
108000199,0,350,-350
108000200,887,288,599
108000203,410,453,-43
108000204,263,79,184
108000205,222,290,-68
108000339,1105,480,625
108000364,184,578,-394
108000365,83,383,-300
108000367,207,185,22
108000368,13,68,-55
108000369,477,84,393
108000371,9,475,-466
108000372,1048,6,1042
108000373,243,78,165
108000376,232,25,207
108000377,1301,160,1141
108000378,10922,19057,-8135
108000379,8,296,-288
108000381,233,7,226
108000382,191,0,191
108000383,0,457,-457
108900001,8,343,-335
108900002,428,71,357
108900003,96,637,-541
108900004,354,555,-201
108900007,448,170,278
108900008,227,74,153
108900009,211,202,9
108900010,457,119,338
108900011,1049,251,798
108900012,555,328,227
108900013,207,456,-249
108900014,49,129,-80
108900015,1,273,-272
108900016,4,139,-135
108900017,200,796,-596
108900018,171,362,-191
108900019,43,344,-301
108900020,46,116,-70
108900021,124,155,-31
108900022,117,41,76
108900023,14,106,-92
108900024,75,40,35
108900025,503,66,437
108900026,10,13,-3
108900027,0,32,-32
108900028,110,65,45
108900029,98,155,-57
108900030,1,26,-25
108900031,234,79,155
108900032,3,88,-85
108900033,0,45,-45
108900034,0,63,-63
108900035,393,378,15
108900038,0,83,-83
108900039,0,72,-72
108900040,9,67,-58
108900041,4597,3227,1370
108900042,5,361,-356
108900043,41,671,-630
108900044,2,92,-90
108900045,77,101,-24
108900046,29,189,-160
108900047,2,261,-259
108900048,124,259,-135
108900049,1203,4143,-2940
108900050,6,55,-49
108900051,0,45,-45
108900052,47,56,-9
108900053,184,857,-673
108900054,42,80,-38
108900055,51,314,-263
108900056,0,59,-59
108900057,0,77,-77
108900058,91,54,37
108900059,1657,73,1584
108900060,58,157,-99
108900061,97,6,91
108900062,7,221,-214
108900063,12,63,-51
108900064,587,9,578
108900065,11,69,-58
108900066,575,250,325
108900067,3,202,-199
108900068,17,49,-32
108900069,199,13,186
108900070,22,42,-20
108900071,191,77,114
108900072,1096,136,960
108900073,75,184,-109
108900074,726,45,681
108900075,17,12,5
108900076,576,32,544
108900077,111,268,-157
108900078,108,56,52
108900079,296,212,84
108900080,22,1326,-1304
108900081,116,349,-233
108900082,188,12,176
108900083,17,284,-267
108900085,1616,119,1497
108900086,366,73,293
108900087,57,202,-145
108900088,707,515,192
108900089,8,137,-129
108900090,194,43,151
108900091,70,63,7
108900092,488,383,105
108900093,131,83,48
108900094,532,214,318
108900095,34,181,-147
108900096,223,8,215
108900097,381,122,259
108900098,1321,1456,-135
108900099,712,167,545
108900100,56,85,-29
108900101,280,729,-449
108900102,12,1981,-1969
108900103,248,321,-73
108900105,10,3900,-3890
108900106,637,180,457
108900108,466,32,434
108900109,1282,163,1119
108900110,280,223,57
108900111,816,214,602
108900113,60,112,-52
108900114,340,39,301
108900115,245,230,15
108900116,88,4,84
108900117,615,26,589
108900118,1310,13,1297
108900119,717,39,678
108900120,570,292,278
108900121,297,88,209
108900122,446,81,365
108900123,481,104,377
108900124,1856,160,1696
108900125,1234,2,1232
108900126,211,45,166
108900127,471,91,380
108900128,376,55,321
108900129,2139,184,1955
108900130,1207,3,1204
108900131,960,8,952
108900132,1041,90,951
108900133,505,31,474
108900134,1267,160,1107
108900135,599,7,592
108900136,32,0,32
108900137,357,5,352
108900138,1899,117,1782
108900140,1201,21,1180
108900141,879,11,868
108900142,115,18,97
108900143,163,0,163
108900144,188,0,188
108900145,732,68,664
108900146,249,0,249
108900147,571,0,571
108900148,108,15,93
108900150,234,16,218
108900151,18,3,15
108900152,211,29,182
108900153,452,59,393
108900154,7637,586,7051
108900156,215,12,203
108900157,23,302,-279
108900158,1090,102,988
108900159,29,73,-44
108900160,18,120,-102
108900161,233,201,32
108900162,393,2,391
108900163,6,587,-581
108900164,87,55,32
108900168,3922,2568,1354
108900169,90,102,-12
108900171,3357,3353,4
108900172,218,88,130
108900173,48,371,-323
108900174,1533,588,945
108900176,104,295,-191
108900177,3137,12749,-9612
108900178,2436,7068,-4632
108900180,48,291,-243
108900183,208,410,-202
108900184,431,143,288
108900185,47,472,-425
108900186,52,407,-355
108900189,439,87,352
108900190,68,1756,-1688
108900192,92,161,-69
108900195,70,143,-73
108900196,39,290,-251
108900199,207,369,-162
108900200,731,598,133
108900201,245,1000,-755
108900203,470,121,349
108900204,548,17,531
108900205,318,41,277
108900206,773,106,667
108900207,330,477,-147
108900208,19,394,-375
108900209,138,485,-347
108900210,134,93,41
108900211,254,661,-407
108900212,92,2773,-2681
108900215,41,346,-305
108900216,385,808,-423
108900217,69,0,69
108900218,78,24,54
108900221,32,45,-13
108900224,81,67,14
108900225,0,163,-163
108900227,237,471,-234
108900230,76,257,-181
108900232,1,118,-117
108900233,616,209,407
108900234,305,245,60
108900235,132,262,-130
108900236,54,311,-257
108900240,175,103,72
108900241,104,25,79
108900245,1,2728,-2727
108900250,412,81,331
108900258,2,108,-106
108900259,50,33,17
108900260,11,20,-9
108900261,54,62,-8
108900262,126,153,-27
108900263,32,193,-161
108900264,185,306,-121
108900265,850,842,8
108900266,172,2561,-2389
108900267,1,592,-591
108900268,16,49,-33
108900269,262,70,192
108900270,404,26,378
108900271,123,98,25
108900272,762,60,702
108900273,337,1424,-1087
108900274,155,18,137
109000001,5225,4064,1161
109000002,993,4080,-3087
109000003,5198,629,4569
109000004,848,2201,-1353
109000005,3335,945,2390
109000006,1230,1823,-593
109000007,3255,1151,2104
109000008,979,1526,-547
109000009,5261,1795,3466
109000010,1052,3005,-1953
109000011,6918,3425,3493
109000012,1654,2247,-593
109000013,7849,7200,649
109000014,2597,2360,237
109000015,4839,17777,-12938
109000016,4646,2182,2464
109000017,5341,1997,3344
109000018,2886,2789,97
109000019,4231,2141,2090
109000020,1485,2711,-1226
109000023,457,8,449
109000024,15,191,-176
109000025,253,837,-584
109000026,914,253,661
109000027,53,422,-369
109000028,238,98,140
109000029,76,494,-418
109000030,52,347,-295
109000031,447,153,294
109000032,171,903,-732
109000033,617,303,314
109000034,121,67,54
109000035,14,39,-25
109000036,91,312,-221
109000037,437,4405,-3968
109000038,319,263,56
109000039,1093,1165,-72
109000040,3636,19025,-15389
109000041,1505,4041,-2536
109000042,753,2584,-1831
109000044,690,265,425
109000045,269,433,-164
109000046,632,129,503
109000047,145,374,-229
109000048,592,1092,-500
109000049,292,691,-399
109000050,485,606,-121
109000051,209,167,42
109000052,803,501,302
109000053,2879,227,2652
109000054,129,513,-384
109000055,424,357,67
109000056,416,418,-2
109000057,1299,515,784
109000058,901,346,555
109000059,249,1702,-1453
109000060,264,819,-555
109000061,473,1862,-1389
109000062,160,538,-378
109000063,242,177,65
109000064,675,111,564
109000065,341,190,151
109000066,804,68,736
109000067,117,170,-53
109000068,835,21,814
109000069,780,10,770
109000070,112,1279,-1167
109000071,451,103,348
109000072,146,300,-154
109000073,56,127,-71
109000074,9,158,-149
109000075,46,380,-334
109000076,261,506,-245
109000077,459,238,221
109000078,205,189,16
109000079,227,82,145
109000080,425,119,306
109000081,239,370,-131
109000082,1350,141,1209
109000083,601,617,-16
109000088,159,182,-23
109000089,464,99,365
109000090,111,246,-135
109000091,563,137,426
109000092,278,233,45
109000093,383,146,237
109000094,1288,3,1285
109000095,267,300,-33
109000096,1365,263,1102
109000097,104,122,-18
109000098,184,198,-14
109000099,967,154,813
109000100,488,529,-41
109000101,2643,428,2215
109000102,987,394,593
109000103,2174,630,1544
109000104,3702,390,3312
109000105,793,606,187
109000106,2613,563,2050
109000107,773,1095,-322
109000108,3203,681,2522
109000109,601,952,-351
109000110,1759,641,1118
109000111,1156,2069,-913
109000112,426,138,288
109000113,311,317,-6
109000114,201,597,-396
109000115,1191,109,1082
109000116,30,720,-690
109000117,396,21,375
109000118,6,226,-220
109000119,2482,106,2376
109000120,543,433,110
109000121,1037,87,950
109000122,364,226,138
109000123,92,123,-31
109000124,1477,292,1185
109000125,1216,325,891
109000126,924,373,551
109000127,3895,192,3703
109000128,883,561,322
109000129,4722,450,4272
109000130,736,845,-109
109000131,1948,1332,616
109000132,541,1858,-1317
109000133,222,349,-127
109000134,713,1041,-328
109000135,609,1284,-675
109000136,312,251,61
109000137,503,522,-19
109000138,810,173,637
109000139,921,589,332
109000140,394,317,77
109000141,1649,576,1073
109000142,262,492,-230
109000143,161,123,38
109000145,151,440,-289
109000146,30,115,-85
109000148,2141,1480,661
109000149,29,87,-58
109000150,116,312,-196
109000155,1474,902,572
109000156,1164,321,843
109000158,61,316,-255
109000159,111,705,-594
109000160,2291,270,2021
109000161,905,1246,-341
109000162,2720,530,2190
109000163,1937,1498,439
109000164,2235,1907,328
109000165,2257,658,1599
109000166,2018,106,1912
109000167,268,400,-132
109000170,75,51,24
109000171,133,57,76
109000172,14,93,-79
109000173,45,224,-179
109000174,408,31,377
109000175,128,330,-202
109000176,901,267,634
109000177,88,114,-26
109000178,1539,193,1346
109000179,3047,7839,-4792
109000180,3621,3211,410
109000181,15,6,9
109000182,92,8,84
109000183,109,30,79
109000184,55,8,47
109000185,86,29,57
109000188,362,1459,-1097
109000189,3850,1393,2457
109000190,1041,463,578
109000191,409,350,59
109000192,907,205,702
109000193,453,115,338
109000194,502,73,429
109000195,299,107,192
109000196,368,39,329
109000197,258,243,15
109000198,428,40,388
109000199,176,337,-161
109000206,185,26,159
109000207,281,39,242
109000208,71,142,-71
109000209,152,160,-8
109000210,270,482,-212
109000211,1528,586,942
109000214,668,315,353
109000215,129,92,37
109000216,600,500,100
109000217,165,547,-382
109000218,357,386,-29
109000221,123,715,-592
109000222,857,251,606
109000223,791,531,260
109000224,112,74,38
109000225,291,29,262
109000226,124,159,-35
109000227,3130,433,2697
109000228,5,1260,-1255
109000231,0,100,-100
109000232,1112,63,1049
109000236,363,462,-99
109000241,2170,1135,1035
109000242,1465,772,693
109000293,246,410,-164
109000361,200,203,-3
109000364,111,649,-538
109000396,2,438,-436
109000397,1061,14,1047
109000399,156,333,-177
109000400,85,167,-82
109000403,22,2041,-2019
109000406,1271,13,1258
109000407,311,101,210
109000408,0,425,-425
109000410,970,274,696
109000411,577,77,500
109900001,199,1,198
109900002,1536,5,1531
109900003,798,1,797
109900004,41,20,21
109900005,76,3,73
109900006,736,54,682
109900007,2026,79,1947
109900008,1,23,-22
109900009,87,204,-117
109900010,874,57,817
109900011,43,82,-39
109900012,467,374,93
109900013,513,260,253
109900014,431,113,318
109900015,146,70,76
109900016,260,7,253
109900017,291,254,37
109900018,207,46,161
109900019,248,49,199
109900020,82,85,-3
109900021,83,13,70
109900022,312,248,64
109900023,43,0,43
109900024,31,1,30
109900025,5,43,-38
109900026,0,14,-14
109900027,75,29,46
109900028,527,3585,-3058
109900029,3,148,-145
109900030,68,3,65
109900031,0,413,-413
109900032,4,173,-169
109900033,1,693,-692
109900034,63,4,59
109900035,81,86,-5
109900036,14,82,-68
109900037,15,255,-240
109900038,117,315,-198
109900039,8,0,8
109900040,25,259,-234
109900041,63,163,-100
109900042,9,750,-741
109900044,118,234,-116
109900045,103,82,21
109900046,299,125,174
109900047,176,265,-89
109900048,1,71,-70
109900049,23,34,-11
109900050,1,15,-14
109900051,1,25,-24
109900052,26,163,-137
109900053,1,47,-46
109900054,1512,67,1445
109900055,92,150,-58
109900056,39,438,-399
109900057,0,52,-52
109900058,9,14,-5
109900059,285,5,280
109900060,1386,111,1275
109900061,25,106,-81
109900062,0,48,-48
109900063,0,55,-55
109900064,1026,166,860
109900065,108,104,4
109900066,186,440,-254
109900067,0,89,-89
109900068,77,8,69
109900069,18,4,14
109900070,6,10,-4
109900071,7,1,6
109900072,29,157,-128
109900073,823,163,660
109900074,7,15,-8
109900075,30,13,17
109900076,42,89,-47
109900077,59,32,27
109900078,70,166,-96
109900080,179,81,98
109900081,7,233,-226
109900082,83,119,-36
109900083,15,45,-30
109900084,44,122,-78
109900085,88,334,-246
109900086,145,1738,-1593
109900087,65,439,-374
109900089,1131,146,985
109900090,33,95,-62
109900091,99,14,85
109900092,274,112,162
109900093,1619,100,1519
109900094,123,132,-9
109900095,52,171,-119
109900096,275,14,261
109900097,260,0,260
109900098,742,34,708
109900099,646,3,643
109900100,62,0,62
109900101,1166,5,1161
109900102,738,17,721
109900103,15,68,-53
109900104,1637,123,1514
109900105,834,29,805
109900106,572,26,546
109900107,780,37,743
109900108,145,237,-92
109900109,62,242,-180
109900110,10,19,-9
109900111,67,252,-185
109900112,13,34,-21
109900113,148,57,91
109900114,673,2138,-1465
109900115,234,118,116
109900117,2102,82,2020
109900118,13,25,-12
109900119,29,92,-63
109900120,25,3,22
109900121,243,397,-154
109900122,125,0,125
109900123,23,44,-21
109900124,3,15,-12
109900125,0,116,-116
109900126,607,57,550
109900128,68,5,63
109900130,2915,4989,-2074
109900131,26,136,-110
109900132,19,77,-58
109900133,10,27,-17
109900134,88,264,-176
109900135,368,49,319
109900136,24,14,10
109900137,345,303,42
109900140,281,104,177
109900142,439,27,412
109900145,1,101,-100
109900146,19,8,11
109900148,5,14,-9
109900149,53,5,48
109900150,7,25,-18
109900151,17,27,-10
109900152,0,28,-28
109900153,2,160,-158
109900154,60,0,60
109900155,100,35,65
109900157,15,87,-72
109900158,4,18,-14
109900159,264,77,187
109900160,24,4,20
109900161,355,68,287
109900162,307,117,190
109900163,400,188,212
109900164,53,173,-120
109900165,359,4,355
109900166,1,38,-37
109900167,196,268,-72
109900168,192,553,-361
109900169,303,236,67
109900170,297,1915,-1618
109900171,486,89,397
109900172,332,477,-145
109900173,1548,3459,-1911
109900174,27,97,-70
109900175,111,114,-3
109900176,307,104,203
109900177,49,101,-52
109900178,6,282,-276
109900179,21,38,-17
109900180,13,20,-7
110000001,698,511,187
110000002,796,985,-189
110000003,643,972,-329
110000004,437,891,-454
110000005,405,2398,-1993
110000006,558,354,204
110000007,138,110,28
110000008,50,324,-274
110000009,47,74,-27
110000010,91,111,-20
110000011,28,42,-14
110000012,769,219,550
110000013,71,1383,-1312
110000014,785,437,348
110000015,390,907,-517
110000016,426,2307,-1881
110000017,3872,434,3438
110000018,2869,373,2496
110000019,12,138,-126
110000020,1642,474,1168
110000021,200,484,-284
110000022,1263,72,1191
110000023,17,212,-195
110000024,477,419,58
110000025,1768,11,1757
110000026,7,326,-319
110000027,560,2804,-2244
110000028,1461,608,853
110000029,499,436,63
110000030,532,509,23
110000031,310,183,127
110000032,1732,254,1478
110000033,229,329,-100
110000034,631,459,172
110000035,672,422,250
110000036,1841,522,1319
110000037,376,565,-189
110000038,514,826,-312
110000039,1547,8530,-6983
110000040,391,358,33
110000041,445,3667,-3222
110000042,96,838,-742
110000043,714,438,276
110000044,25,999,-974
110000045,120,185,-65
110000046,3,86,-83
110000047,3,161,-158
110000048,3,132,-129
110000049,21,33,-12
110000050,7,323,-316
110000051,48,25,23
110000052,98,38,60
110000053,21,9,12
110000054,137,885,-748
110000055,142,180,-38
110000056,88,194,-106
110000057,390,569,-179
110000058,1027,425,602
110000059,737,574,163
110000060,1798,1047,751
110000061,492,583,-91
110000062,642,1080,-438
110000063,74,399,-325
110000064,34,57,-23
110000065,220,228,-8
110000066,123,25,98
110000067,40,131,-91
110000068,362,68,294
110000069,820,38,782
110000071,1027,51,976
110000073,49,3,46
110000075,11,120,-109
110000076,525,633,-108
110000077,333,1895,-1562
110000078,177,20,157
110000080,325,402,-77
110000081,84,216,-132
110000082,50,365,-315
110000083,360,310,50
110000084,1850,1199,651
110000085,866,1058,-192
110000086,880,2737,-1857
110000087,46,88,-42
110000088,210,264,-54
110000089,562,61,501
110000090,145,253,-108
110000091,1004,149,855
110000092,15,26,-11
110000093,63,57,6
110000094,457,208,249
110000095,229,762,-533
110000096,1320,3120,-1800
110000097,876,2070,-1194
110000098,2798,1038,1760
110000099,1223,1786,-563
110000100,2530,212,2318
110000101,191,166,25
110000102,106,61,45
110000104,569,293,276
110000105,72,329,-257
110000106,796,721,75
110000107,171,413,-242
110000108,172,175,-3
110000109,126,386,-260
110000110,1894,3441,-1547
110000111,3462,3540,-78
110000112,215,1459,-1244
110000113,92,4031,-3939
110000114,809,879,-70
110000115,857,357,500
110000116,131,78,53
110000117,504,238,266
110000118,922,88,834
110000119,718,227,491
110000120,552,212,340
110000121,103,524,-421
110000122,298,358,-60
110000123,957,372,585
110000124,0,514,-514
110000125,1150,2,1148
110000126,267,8,259
110000127,1429,89,1340
110000128,19,509,-490
110000129,2,336,-334
110000130,480,302,178
110000131,24,399,-375
110000132,0,419,-419
110000133,33,632,-599
110000134,11,370,-359
110000135,221,43,178
110000136,106,356,-250
110000137,1092,348,744
110000138,1366,627,739
110000139,2144,394,1750
110000140,1064,813,251
110000143,535,398,137
110000144,1839,1876,-37
110000145,1531,1410,121
110000146,1530,837,693
110000147,409,1320,-911
110000148,1048,255,793
110000151,577,2572,-1995
110000152,437,751,-314
110000153,308,2,306
110000154,8,62,-54
110000155,436,2226,-1790
110000156,961,1707,-746
110000157,1073,1997,-924
110000160,595,274,321
110000161,203,282,-79
110000166,1129,103,1026
110000167,2530,897,1633
110000168,923,813,110
110000169,977,430,547
110000170,322,173,149
110000171,943,121,822
110000172,527,658,-131
110000173,669,732,-63
110000174,171,510,-339
110000175,1611,72,1539
110000176,37,1018,-981
110000177,331,2112,-1781
110000178,459,3737,-3278
110000179,1109,381,728
110000180,558,334,224
110000181,1864,382,1482
110000182,295,83,212
110000183,5402,10472,-5070
110000184,358,4798,-4440
110000185,526,916,-390
110000186,475,1352,-877
110000191,1702,78,1624
110000192,696,16,680
110000193,1610,13,1597
110000194,6,473,-467
110000195,1002,144,858
110000196,847,56,791
110000197,239,60,179
110000198,124,61,63
110000199,67,236,-169
110000200,688,696,-8
110000201,1161,1612,-451
110000202,1271,653,618
110000203,310,624,-314
110000204,4,212,-208
110000205,527,28,499
110000206,582,704,-122
110000207,2237,269,1968
110000208,187,341,-154
110000209,31,615,-584
110000210,2278,698,1580
110000211,1150,814,336
110000212,622,1892,-1270
110000213,604,41,563
110000214,648,64,584
110000215,176,227,-51
110000216,202,172,30
110000217,943,91,852
110000218,458,140,318
110000219,603,54,549
110000220,135,58,77
110000221,987,18,969
110000222,100,89,11
110000223,5,98,-93
110000224,5,4,1
110000225,260,662,-402
110000226,463,49,414
110000227,832,1095,-263
110000228,527,129,398
110000229,0,132,-132
110000230,857,778,79
110000231,435,532,-97
110000232,177,258,-81
110000233,164,1098,-934
110000234,482,1356,-874
110000235,1367,1034,333
110000236,944,510,434
110000237,3509,1604,1905
110000238,956,1513,-557
110000239,2455,1084,1371
110000240,0,11,-11
110000242,0,1,-1
110000243,278,68,210
110000244,153,226,-73
110000245,59,243,-184
110000246,1424,435,989
110000247,899,2548,-1649
110000248,895,761,134
110000249,280,3,277
110000250,24,115,-91
110000251,612,187,425
110000252,461,160,301
110000253,2359,368,1991
110000254,596,506,90
110000255,113,640,-527
110000256,574,166,408
110000257,447,251,196
110000258,8,442,-434
110000259,453,20,433
110000260,66,75,-9
110000263,518,11,507
110000264,886,232,654
110000265,1661,1947,-286
110000266,1075,2164,-1089
110000267,42,74,-32
110000268,324,209,115
110000269,0,79,-79
110000270,140,2,138
110000271,2168,269,1899
110000272,1417,1229,188
110000273,1212,941,271
110000274,206,4137,-3931
110000275,1569,805,764
110000276,374,1047,-673
110000277,371,357,14
110000278,438,726,-288
110000279,713,618,95
110000280,858,665,193
110000281,116,176,-60
110000282,154,27,127
110000283,21,60,-39
110000284,8,19,-11
110000285,2,264,-262
110000286,3,0,3
110000287,178,1,177
110000288,6,38,-32
110000289,439,3938,-3499
110000290,548,599,-51
110000291,3491,1036,2455
110000292,914,8572,-7658
110000293,743,436,307
110000294,2251,1988,263
110000295,227,538,-311
110000296,938,290,648
110000297,2775,216,2559
110000298,123,426,-303
110000299,175,58,117
110000301,637,12,625
110000302,717,1770,-1053
110000303,792,9,783
110000304,225,225,0
110000305,1735,28,1707
110000306,367,1095,-728
110000307,2687,3,2684
110000308,546,37,509
110000309,1,727,-726
110000310,1232,20,1212
110000311,1,465,-464
110000312,562,33,529
110000313,1632,1435,197
110000314,1,114,-113
110000315,1475,1350,125
110000316,581,987,-406
110000317,89,1532,-1443
110000318,0,56,-56
110000319,21,9,12
110000320,17,54,-37
110000321,93,61,32
110000322,264,222,42
110000323,725,211,514
110000324,2810,1613,1197
110000325,1414,5481,-4067
110000327,387,128,259
110000328,110,434,-324
110000333,1710,1809,-99
110000334,388,1531,-1143
110000335,586,467,119
110000336,642,1825,-1183
110000337,2334,721,1613
110000338,587,445,142
110000339,473,329,144
110000340,23,245,-222
110000341,1074,361,713
110000342,94,2,92
110000343,0,3,-3
110000344,67,1378,-1311
110000345,140,1317,-1177
110000346,1499,2181,-682
110000347,1948,829,1119
110000348,18,12,6
110000349,10,60,-50
110000350,180,5,175
110000351,1715,598,1117
110000352,980,2406,-1426
110000353,2829,473,2356
110000354,1188,6404,-5216
110000355,247,37,210
110000356,925,4,921
110000357,846,1,845
110000361,23,15,8
110000362,171,15,156
110000363,1221,121,1100
110000364,446,373,73
110000365,221,0,221
110000366,0,122,-122
110000367,774,164,610
110000368,1,72,-71
110000369,179,12,167
110000373,2,643,-641
110000374,130,32,98
110000375,76,1227,-1151
110000376,44,73,-29
110000377,131,427,-296
110000378,28,393,-365
110000379,2140,3920,-1780
110000380,155,4,151
110000383,0,645,-645
110000384,1027,190,837
110000385,0,130,-130
110000387,152,3,149
110000388,74,101,-27
110000389,1281,4,1277
110000391,1220,278,942
110000396,392,86,306
110000397,194,48,146
110000398,24,48,-24
110000399,356,1,355
110000587,283,409,-126
110000589,317,154,163
110000640,243,14,229
110000652,20,644,-624
110000653,521,253,268
110000654,9,470,-461
110000656,0,241,-241
110000674,55,16,39
110000675,42,29,13
110000676,0,14,-14
110000679,166,1338,-1172
110000682,152,286,-134
110000683,228,272,-44
110000684,1,46,-45
110000685,21,16,5
110000686,1,115,-114
110000687,12,4,8
110000688,51,1745,-1694
110000689,127,14,113
110000692,19,224,-205
110000693,34,892,-858
110000694,1,175,-174
110000695,134,611,-477
110000696,59,61,-2
110900001,388,18,370
110900002,399,920,-521
110900003,1773,194,1579
110900004,710,25,685
110900005,1232,7155,-5923
110900006,157,65,92
110900007,399,123,276
110900008,2,19,-17
110900009,415,672,-257
110900010,23,32,-9
110900011,24,164,-140
110900012,12,15,-3
110900013,1621,107,1514
110900014,427,33,394
110900015,369,715,-346
110900016,118,49,69
110900017,822,56,766
110900018,387,23,364
110900019,714,19,695
110900020,297,176,121
110900021,118,421,-303
110900022,61,123,-62
110900023,66,642,-576
110900024,95,175,-80
110900025,28,157,-129
110900027,102,65,37
110900028,33,67,-34
110900029,24,94,-70
110900030,57,178,-121
110900031,226,283,-57
110900032,0,62,-62
110900033,47,174,-127
110900035,55,595,-540
110900036,228,6,222
110900037,367,13,354
110900038,478,124,354
110900039,4,307,-303
110900040,293,13,280
110900041,49,69,-20
110900042,203,75,128
110900043,3,62,-59
110900044,204,9,195
110900045,92,189,-97
110900046,10,113,-103
110900047,212,683,-471
110900049,127,99,28
110900050,38,1,37
110900051,42,152,-110
110900052,0,105,-105
110900053,210,6,204
110900054,48,106,-58
110900055,52,1,51
110900056,28,114,-86
110900057,2,79,-77
110900058,521,79,442
110900059,491,180,311
110900060,375,181,194
110900061,4,40,-36
110900062,329,53,276
110900063,43,77,-34
110900064,11,0,11
110900065,41,200,-159
110900066,8,73,-65
110900067,87,1003,-916
110900068,267,112,155
110900069,1,18,-17
110900070,305,38,267
110900071,125,1323,-1198
110900073,0,5,-5
110900074,920,67,853
110900075,768,42,726
110900077,1995,484,1511
110900078,328,10,318
110900079,1114,1667,-553
110900080,205,96,109
110900081,9,10,-1
110900082,420,100,320
110900083,154,40,114
110900084,172,42,130
110900085,62,117,-55
110900086,79,267,-188
110900087,553,158,395
110900088,10,0,10
110900090,91,132,-41
110900091,7,24,-17
110900093,288,179,109
110900095,96,22,74
110900097,60,12,48
110900098,45,104,-59
110900099,27,292,-265
110900100,0,4,-4
110900102,84,12,72
110900105,1712,95,1617
110900108,37,54,-17
110900111,981,52,929
110900112,754,8,746
110900113,241,122,119
110900115,23,110,-87
110900116,2010,658,1352
110900118,141,5436,-5295
110900119,1505,147,1358
110900120,201,35,166
110900121,62,3,59
110900122,706,202,504
110900125,418,1190,-772
110900127,197,1528,-1331
110900128,175,674,-499
110900129,192,1028,-836
110900130,262,690,-428
110900131,476,69,407
110900132,745,51,694
110900133,79,101,-22
110900135,46,158,-112
110900136,414,29,385
110900138,0,0,0
110900139,15,0,15
110900140,2,0,2
110900141,405,871,-466
110900142,94,137,-43
110900143,402,23,379
110900144,3,241,-238
110900145,267,161,106
110900146,223,510,-287
110900147,63,394,-331
110900148,1,242,-241
110900149,4,118,-114
110900150,26,6,20
110900151,2,15,-13
110900152,61,29,32
110900153,186,70,116
111000001,2120,1366,754
111000002,1052,409,643
111000003,3734,1985,1749
111000004,1550,1785,-235
111000005,2305,2871,-566
111000006,1334,2957,-1623
111000007,5415,9544,-4129
111000008,4976,4252,724
111000009,689,1743,-1054
111000010,1735,287,1448
111000011,224,1205,-981
111000012,541,345,196
111000013,709,1374,-665
111000014,3192,763,2429
111000017,100,686,-586
111000018,127,351,-224
111000020,666,1021,-355
111000021,21,123,-102
111000023,157,95,62
111000025,4249,4386,-137
111000029,145,86,59
111000030,44,62,-18
111000031,1829,608,1221
111000032,460,368,92
111000033,174,101,73
111000034,62,302,-240
111000037,1123,390,733
111000038,2647,2488,159
111000039,1778,2165,-387
111000040,1645,1393,252
111000041,731,645,86
111000042,2860,2781,79
111000043,2806,7812,-5006
111000044,2274,851,1423
111000045,3966,2743,1223
111000046,2900,2689,211
111000047,3264,9581,-6317
111000049,337,554,-217
111000050,1089,757,332
111000051,754,733,21
111000052,574,1138,-564
111000053,269,779,-510
111000054,303,603,-300
111000055,1347,1344,3
111000056,225,537,-312
111000057,221,458,-237
111000058,1011,77,934
111000059,1011,322,689
111000060,7432,1189,6243
111000061,1247,556,691
111000062,1689,746,943
111000063,1758,1358,400
111000064,1325,625,700
111000065,1991,1143,848
111000066,989,521,468
111000067,2146,385,1761
111000068,1446,595,851
111000069,1494,1708,-214
111000070,934,557,377
111000071,187,275,-88
111000072,2144,840,1304
111000073,314,2463,-2149
111000074,2720,2132,588
111000075,951,933,18
111000076,1207,1416,-209
111000077,1078,1118,-40
111000078,1938,681,1257
111000079,744,752,-8
111000080,966,620,346
111000081,1743,8177,-6434
111000082,1381,503,878
111000084,1306,506,800
111000085,1505,1000,505
111000086,2211,1141,1070
111000087,1068,468,600
111000088,5758,6379,-621
111000089,1034,595,439
111000090,544,882,-338
111000091,821,356,465
111000092,2585,682,1903
111000093,1330,1304,26
111000094,2354,1585,769
111000095,1348,3590,-2242
111000096,779,10775,-9996
111000097,3215,1016,2199
111000098,340,804,-464
111000099,479,1152,-673
111000100,548,1127,-579
111000101,505,826,-321
111000102,195,482,-287
111000104,1272,291,981
111000107,101,796,-695
111000109,1308,269,1039
111000110,1853,781,1072
111000111,5693,369,5324
111000112,3875,361,3514
111000113,936,3151,-2215
111000114,1157,7268,-6111
111000115,3403,949,2454
111000116,1031,1003,28
111000117,360,1005,-645
111000118,979,799,180
111000119,2263,773,1490
111000120,838,954,-116
111000121,319,1122,-803
111000122,400,724,-324
111000123,1439,1402,37
111000124,482,2187,-1705
111000125,318,945,-627
111000126,171,568,-397
111000127,1872,200,1672
111000128,4528,364,4164
111000129,4695,566,4129
111000130,4639,494,4145
111000131,4777,555,4222
111000132,2951,2436,515
111000133,330,87,243
111000134,458,29,429
111000135,108,174,-66
111000136,513,298,215
111000138,74,5,69
111000140,7,1,6
111000141,179,596,-417
111000142,4,190,-186
111000143,3,516,-513
111000144,44,1628,-1584
111000145,84,11,73
111000146,166,18,148
111000147,121,31,90
111000148,176,105,71
111000149,6,38,-32
111000150,97,25,72
111000151,25,51,-26
111000153,505,448,57
111000154,408,346,62
111000155,191,180,11
111000156,876,378,498
111000157,432,560,-128
111000158,1059,843,216
111000159,3040,1472,1568
111000160,422,433,-11
111000161,29,465,-436
111000162,19,92,-73
111000163,1323,841,482
111000164,529,3458,-2929
111000165,822,172,650
111000166,418,119,299
111000167,147,313,-166
111000168,269,355,-86
111000169,402,376,26
111000170,361,276,85
111000171,687,460,227
111000172,302,426,-124
111000173,372,1044,-672
111000174,589,216,373
111000175,68,639,-571
111000176,734,41,693
111000177,1499,134,1365
111000178,3017,132,2885
111000179,775,91,684
111000180,394,421,-27
111000181,3291,252,3039
111000182,366,157,209
111000183,296,312,-16
111000184,531,171,360
111000185,636,363,273
111000186,385,205,180
111000187,307,124,183
111000188,801,357,444
111000189,339,366,-27
111000190,335,194,141
111000191,224,122,102
111000192,132,256,-124
111000193,545,149,396
111000194,74,235,-161
111000195,133,441,-308
111000196,97,111,-14
111000197,1322,149,1173
111000198,1151,126,1025
111000199,599,443,156
111000200,910,764,146
111000201,1379,98,1281
111000202,987,106,881
111000203,932,386,546
111000204,475,2739,-2264
111000213,420,733,-313
111000214,2029,1314,715
111000215,1487,1122,365
111000217,2337,435,1902
111000218,3006,967,2039
111000219,353,204,149
111000220,910,556,354
111000221,386,91,295
111000224,52,128,-76
111000225,1002,546,456
111000226,158,5,153
111000227,58,3,55
111000228,6,777,-771
111000229,22,1562,-1540
111000230,227,140,87
111000231,1593,301,1292
111000232,1150,829,321
111000233,2358,729,1629
111000234,331,1065,-734
111000239,91,64,27
111000240,129,656,-527
111000241,161,199,-38
111000242,556,63,493
111000243,199,334,-135
111000244,1429,259,1170
111000245,1065,408,657
111000246,860,146,714
111000247,919,385,534
111000248,1113,234,879
111000249,745,233,512
111000250,123,28,95
111000251,127,69,58
111000253,94,15,79
111000255,146,9,137
111000257,126,41,85
111000260,55,696,-641
111000261,1859,94,1765
111000271,47,389,-342
111000273,4800,1553,3247
111000274,1894,3651,-1757
111000275,348,68,280
111000276,244,951,-707
111000277,501,249,252
111000278,417,198,219
111000291,3505,16989,-13484
111000298,679,308,371
111000299,1018,154,864
111000300,74,628,-554
111000302,520,60,460
111000303,280,151,129
111000312,106,29,77
111000315,6,60,-54
111000320,156,309,-153
111000321,521,181,340
111000322,783,182,601
111000323,484,29,455
111000324,319,149,170
111000325,35,52,-17
111000326,305,216,89
111000327,638,260,378
111000328,517,852,-335
111000329,1,60,-59
111000330,222,28,194
111000331,33,10,23
111000332,457,1119,-662
111000334,261,932,-671
111000335,1800,155,1645
111000337,2530,145,2385
111000338,136,192,-56
111000339,1086,231,855
111000340,250,936,-686
111000341,2752,1485,1267
111000342,52,984,-932
111000344,1627,499,1128
111000345,97,138,-41
111000346,32,205,-173
111000347,242,4,238
111000350,290,148,142
111000351,200,439,-239
111000352,361,203,158
111000353,152,223,-71
111000354,718,321,397
111000355,487,519,-32
111000358,142,769,-627
111000360,248,341,-93
111000361,295,134,161
111000546,1441,920,521
111000547,602,899,-297
111000548,378,202,176
111000549,242,173,69
111000550,79,1184,-1105
111000551,308,104,204
111000552,517,227,290
111000907,2655,12,2643
111000908,236,2,234
111000916,3545,182,3363
111000917,59,254,-195
111000918,320,498,-178
111000920,1287,23,1264
111000921,51,131,-80
111000922,1171,168,1003
111000924,21,413,-392
111000925,7057,2597,4460
111000926,1700,1302,398
111000927,2729,6232,-3503
111000928,4016,1670,2346
111000929,2382,1250,1132
111000930,1543,1447,96
111000931,2298,1983,315
111000932,2743,1270,1473
111000933,4254,4621,-367
111000934,1637,1597,40
111000935,4624,1754,2870
111000936,1625,1452,173
111000937,1994,2040,-46
111000938,1288,1057,231
111000939,1234,33,1201
111000940,1090,30,1060
111000941,502,665,-163
111000943,927,244,683
111000944,375,216,159
111000945,321,915,-594
111001109,837,1423,-586
111001110,237,308,-71
111001111,208,13,195
111001112,111,4,107
111001113,0,1074,-1074
111001114,787,282,505
111001115,28,2222,-2194
111001116,2692,8050,-5358
111001117,701,3368,-2667
111001120,117,388,-271
111001121,248,67,181
111001122,355,190,165
111001123,568,264,304
111001124,264,106,158
111001125,19,698,-679
111001126,23,0,23
111001127,1,36,-35
111001128,1308,470,838
111900001,32,28,4
111900002,0,186,-186
111900003,3,106,-103
111900004,11,64,-53
111900006,39,169,-130
111900007,500,10,490
111900008,771,6,765
111900009,445,7,438
111900010,55,364,-309
111900012,13,66,-53
111900013,122,22,100
111900014,1615,10274,-8659
111900015,1,25,-24
111900016,0,44,-44
111900017,0,9,-9
111900018,134,2,132
111900019,0,124,-124
111900020,1,33,-32
111900021,15,28,-13
111900022,35,46,-11
111900023,121,54,67
111900024,84,88,-4
111900025,1,192,-191
111900026,0,17,-17
111900027,10,45,-35
111900028,25,37,-12
111900029,17,21,-4
111900030,20,353,-333
111900031,0,1,-1
111900032,4,46,-42
111900033,30,43,-13
111900034,35,256,-221
111900035,103,417,-314
111900036,0,64,-64
111900038,86,228,-142
111900039,17,211,-194
111900040,1,86,-85
111900042,10,41,-31
111900043,0,87,-87
111900044,79,192,-113
111900046,8,80,-72
111900048,724,109,615
111900049,15,105,-90
111900050,267,11,256
111900051,1,58,-57
111900052,96,158,-62
111900053,633,3730,-3097
111900054,409,2,407
111900055,4,100,-96
111900056,120,525,-405
111900057,325,34,291
111900058,1079,257,822
111900059,1660,809,851
111900060,378,7,371
111900061,2,45,-43
111900062,75,66,9
111900063,444,116,328
111900064,39,60,-21
111900065,478,28,450
111900066,179,241,-62
111900067,1,200,-199
111900068,38,183,-145
111900069,129,45,84
111900070,372,102,270
111900071,0,92,-92
111900072,83,88,-5
111900073,2272,273,1999
111900074,3,213,-210
111900075,141,18,123
111900076,654,105,549
111900077,58,0,58
111900078,794,66,728
111900079,69,94,-25
111900080,160,183,-23
111900082,302,49,253
111900083,424,98,326
111900084,268,1,267
111900085,103,104,-1
111900086,176,9,167
111900087,87,0,87
111900088,1384,65,1319
111900089,224,7,217
111900090,103,108,-5
111900091,1408,10,1398
111900092,187,0,187
111900093,1119,17,1102
111900094,289,2,287
111900095,794,51,743
111900096,592,11,581
111900097,159,0,159
111900098,779,10,769
111900099,159,0,159
111900100,231,8,223
111900101,327,8,319
111900102,1345,364,981
111900103,80,286,-206
111900104,134,94,40
111900105,75,269,-194
111900106,311,41,270
111900110,1654,313,1341
111900111,438,51,387
111900112,413,8721,-8308
111900113,293,98,195
111900118,972,55,917
111900119,316,94,222
111900122,55,62,-7
111900123,5,38,-33
111900124,32,18,14
111900125,941,78,863
111900126,814,7,807
111900127,0,212,-212
111900128,16,277,-261
111900129,321,1,320
111900130,208,29,179
111900131,926,1,925
111900132,28,382,-354
111900133,4,146,-142
111900134,3,102,-99
111900135,10,31,-21
111900136,65,131,-66
111900137,44,17,27
111900138,18,69,-51
111900139,11,42,-31
111900140,278,47,231
111900141,155,3,152
111900142,170,31,139
111900143,40,105,-65
111900144,0,35,-35
111900145,0,108,-108
111900146,1,57,-56
111900147,23,305,-282
111900148,33,368,-335
111900149,9,158,-149
111900150,20,72,-52
111900151,33,74,-41
111900152,146,82,64
111900153,455,796,-341
111900154,25,1265,-1240
111900155,108,388,-280
111900156,126,122,4
111900157,384,23,361
111900158,1163,136,1027
111900159,1034,95,939
111900160,754,2,752
111900161,715,1,714
111900162,225,629,-404
111900163,28,140,-112
111900164,192,39,153
111901113,1155,43,1112
111901114,497,742,-245
111901115,596,1,595
111901116,115,5,110
111901117,21,175,-154
111901118,19,1077,-1058
111901119,242,47,195
111901121,12,68,-56
111901122,3,118,-115
111901123,897,47,850
111901124,630,6,624
111901125,1525,301,1224
111901127,1033,2095,-1062
111901128,6,75,-69
111901129,0,264,-264
111901130,48,74,-26
111901131,4,408,-404
111901132,344,76,268
111901133,243,0,243
111901134,335,4,331
111901135,63,14,49
111901136,4,31,-27
111901138,13,24,-11
111901139,1,12,-11
111901140,2,43,-41
111901141,3,101,-98
111901142,13,43,-30
111901143,4,133,-129
111901144,49,82,-33
111901145,62,1040,-978
111901146,58,2,56
111901147,385,1412,-1027
111901148,9,162,-153
111901149,57,3,54
111901150,161,0,161
111901151,336,0,336
112000001,3126,1127,1999
112000002,1181,2109,-928
112000003,4360,1441,2919
112000004,1398,378,1020
112000005,4803,5691,-888
112000006,655,634,21
112000007,6710,4632,2078
112000008,4687,5613,-926
112000009,3408,1392,2016
112000010,5849,6783,-934
112000011,1819,1081,738
112000012,4322,5969,-1647
112000013,1888,3096,-1208
112000014,950,4581,-3631
112000015,1212,3864,-2652
112000016,2584,5105,-2521
112000017,460,5606,-5146
112000024,765,294,471
112000026,1881,1477,404
112000027,693,1038,-345
112000028,844,1058,-214
112000029,670,793,-123
112000030,284,19,265
112000031,1694,4075,-2381
112000032,154,4,150
112000033,1599,5200,-3601
112000034,44,24,20
112000035,18,1541,-1523
112000036,175,2310,-2135
112000037,701,924,-223
112000038,945,1665,-720
112000039,125,61,64
112000040,51,150,-99
112000041,445,321,124
112000042,1279,301,978
112000050,1636,1389,247
112000051,1631,4198,-2567
112000054,1632,1856,-224
112000057,935,139,796
112000058,187,254,-67
112000059,752,488,264
112000061,3149,719,2430
112000062,548,1712,-1164
112000063,241,3689,-3448
112000064,2987,2904,83
112000065,1009,2122,-1113
112000066,3058,1448,1610
112000067,546,532,14
112000068,3100,2994,106
112000069,564,2045,-1481
112000070,1156,1131,25
112000071,1277,1907,-630
112000072,2741,1003,1738
112000073,989,4303,-3314
112000074,1064,2813,-1749
112000075,1271,2178,-907
112000076,3573,3123,450
112000077,1645,374,1271
112000078,3033,628,2405
112000079,2617,1184,1433
112000080,972,635,337
112000081,1172,1752,-580
112000082,1473,433,1040
112000083,1018,1017,1
112000084,1179,588,591
112000085,2174,879,1295
112000086,2510,881,1629
112000087,1116,253,863
112000088,1341,292,1049
112000089,351,301,50
112000090,294,246,48
112000091,873,340,533
112000092,3069,868,2201
112000093,1886,382,1504
112000094,899,791,108
112000095,1149,379,770
112000096,826,670,156
112000097,3170,635,2535
112000098,288,408,-120
112000099,730,2831,-2101
112000100,2876,770,2106
112000101,643,354,289
112000102,2262,531,1731
112000103,478,338,140
112000105,767,528,239
112000106,4698,398,4300
112000107,365,171,194
112000108,1385,698,687
112000109,666,102,564
112000110,2990,866,2124
112000111,435,2169,-1734
112000112,2259,559,1700
112000113,1019,1037,-18
112000114,2958,940,2018
112000115,639,411,228
112000116,727,623,104
112000117,1429,676,753
112000118,713,904,-191
112000119,549,514,35
112000120,43,189,-146
112000121,400,240,160
112000122,688,147,541
112000123,1115,193,922
112000124,840,185,655
112000125,599,540,59
112000126,1209,174,1035
112000127,2885,2669,216
112000128,704,447,257
112000129,230,57,173
112000130,574,125,449
112000131,74,143,-69
112000132,271,195,76
112000133,558,64,494
112000134,958,283,675
112000135,2009,1035,974
112000136,803,1640,-837
112000137,2040,3357,-1317
112000138,1543,1679,-136
112000139,528,1090,-562
112000140,347,869,-522
112000141,1378,622,756
112000142,227,279,-52
112000143,1759,168,1591
112000144,405,510,-105
112000145,4063,425,3638
112000146,743,885,-142
112000147,3435,1594,1841
112000148,993,1233,-240
112000149,674,712,-38
112000150,851,275,576
112000151,579,213,366
112000152,1337,278,1059
112000153,183,132,51
112000154,296,604,-308
112000155,209,179,30
112000157,389,1576,-1187
112000158,479,295,184
112000159,1463,310,1153
112000167,448,236,212
112000169,260,2142,-1882
112000173,1771,202,1569
112000175,621,263,358
112000176,825,1015,-190
112000177,1221,469,752
112000178,97,197,-100
112000179,670,53,617
112000180,522,293,229
112000181,1172,759,413
112000182,2575,318,2257
112000183,40,16,24
112000184,573,197,376
112000185,1913,215,1698
112000187,5838,3535,2303
112000195,235,13,222
112000196,108,3,105
112000197,102,112,-10
112000198,27,326,-299
112000199,669,599,70
112000202,1041,15,1026
112000216,52,151,-99
112000230,290,4,286
112000231,2,133,-131
112000256,56,861,-805
112000313,61,84,-23
112000314,75,83,-8
112000337,294,1182,-888
112000352,89,409,-320
112000392,3552,645,2907
112000398,3051,904,2147
112000399,1461,11105,-9644
112000400,1312,993,319
112000401,1490,1139,351
112000402,5428,5710,-282
112000403,1432,11566,-10134
112000404,2266,1565,701
112000405,4894,4161,733
112000406,2523,1036,1487
112000407,13471,9028,4443
112000408,5150,2037,3113
112000409,1893,1623,270
112000410,256,324,-68
112000411,1945,1975,-30
112000412,468,238,230
112000413,3780,6621,-2841
112000414,237,27,210
112000415,140,35,105
112000416,5760,1357,4403
112000417,418,203,215
112000421,79,60,19
112000422,212,281,-69
112000424,1357,4557,-3200
112000425,502,423,79
112000426,527,426,101
112000427,1,9,-8
112000428,523,208,315
112000429,2743,2999,-256
112000430,3530,6051,-2521
112000431,176,303,-127
112000432,502,678,-176
112000433,397,493,-96
112000437,72,85,-13
112900001,71,2,69
112900002,1004,235,769
112900003,80,89,-9
112900004,78,119,-41
112900005,514,116,398
112900007,42,25,17
112900008,1,273,-272
112900009,536,235,301
112900010,474,201,273
112900011,103,376,-273
112900012,0,16,-16
112900013,6,754,-748
112900014,1,64,-63
112900015,87,398,-311
112900016,1,130,-129
112900017,229,111,118
112900018,857,117,740
112900019,21,139,-118
112900020,306,650,-344
112900021,2,188,-186
112900022,32,38,-6
112900023,0,17,-17
112900024,7,94,-87
112900025,358,131,227
112900026,1,23,-22
112900027,1,342,-341
112900028,16,85,-69
112900029,13,60,-47
112900030,43,12,31
112900031,3,361,-358
112900032,223,198,25
112900034,0,8,-8
112900035,2,117,-115
112900036,8,114,-106
112900037,640,479,161
112900038,894,90,804
112900039,9,88,-79
112900040,9,778,-769
112900041,622,756,-134
112900042,73,242,-169
112900043,31,60,-29
112900044,224,118,106
112900045,200,89,111
112900046,115,53,62
112900047,12,28,-16
112900049,590,35,555
112900050,31,263,-232
112900051,110,208,-98
112900052,2,290,-288
112900053,100,207,-107
112900054,199,103,96
112900055,79,44,35
112900056,449,265,184
112900057,89,193,-104
112900058,321,613,-292
112900059,141,1065,-924
112900060,33,53,-20
112900061,102,160,-58
112900062,108,56,52
112900063,19,23,-4
112900064,62,107,-45
112900065,3,17,-14
112900066,211,530,-319
112900067,423,48,375
112900068,12,142,-130
112900069,2085,1771,314
112900071,81,19,62
112900072,79,7754,-7675
112900073,382,278,104
112900074,145,515,-370
112900075,962,2350,-1388
112900076,90,33,57
112900078,217,1031,-814
112900079,353,18,335
112900080,362,2,360
112900081,80,632,-552
112900082,597,33,564
112900083,294,263,31
112900084,432,337,95
112900086,290,2,288
112900087,2443,206,2237
112900088,403,9,394
112900089,731,22,709
112900090,96,150,-54
112900091,512,14,498
112900092,48,1438,-1390
112900093,1459,37,1422
112900095,174,0,174
112900096,893,219,674
112900097,60,147,-87
112900098,93,0,93
112900099,1541,15,1526
112900100,195,2,193
112900101,590,14,576
112900102,74,81,-7
112900103,329,10,319
112900104,1483,4,1479
112900105,21,0,21
112900106,825,137,688
112900107,3,0,3
112900108,4,0,4
112900109,305,3,302
112900110,2060,38,2022
112900111,1373,10,1363
112900112,561,1,560
112900113,0,9,-9
112900114,905,7,898
112900115,2629,2,2627
112900116,191,45,146
112900117,103,16,87
112900118,20,105,-85
112900119,489,21,468
112900120,482,255,227
112900121,90,68,22
112900122,3,67,-64
112900123,858,43,815
112900124,1,30,-29
112900125,16,182,-166
112900126,88,74,14
112900127,640,53,587
112900128,76,352,-276
112900129,1,507,-506
112900130,329,82,247
112900131,2,307,-305
112900132,189,454,-265
112900133,6,753,-747
112900134,1,429,-428
112900135,207,75,132
112900137,1,372,-371
112900138,13,69,-56
112900139,35,429,-394
112900141,885,28,857
112900142,41,569,-528
112900143,4,246,-242
112900144,1,593,-592
112900145,6,324,-318
112900146,0,367,-367
112900147,0,542,-542
112900148,43,1,42
112900149,152,296,-144
112900151,5,34,-29
112900152,2672,221,2451
112900153,172,6508,-6336
112900154,0,48,-48
112900155,143,8,135
112900156,996,389,607
112900157,872,30,842
112900158,95,1,94
112900159,84,457,-373
112900160,44,146,-102
112900161,236,34,202
112900162,15,31,-16
112900163,44,104,-60
112900164,89,285,-196
112900165,61,81,-20
112900166,9,175,-166
112900167,4,401,-397
112900168,3,4,-1
112900169,12,31,-19
112900170,206,104,102
112900172,61,45,16
112900173,91,91,0
112900174,459,22,437
112900175,162,327,-165
112900176,33,49,-16
112900177,375,113,262
112900178,610,5099,-4489
112900179,23,198,-175
112900180,2654,1053,1601
112900181,1763,15,1748
112900182,67,213,-146
112900183,105,190,-85
112900184,328,285,43
112900185,102,531,-429
112900186,669,776,-107
112900187,49,472,-423
112900188,830,3141,-2311
112900189,8,10,-2
112900190,12,103,-91
112900192,441,378,63
112900193,574,252,322
112900194,100,9,91
112900195,465,52,413
112900196,584,419,165
112900197,115,295,-180
112900199,950,126,824
112900200,590,22,568
112900201,185,171,14
112900202,697,356,341
112900203,433,47,386
112900204,497,334,163
112900205,15,1,14
112900206,50,42,8
112900207,41,0,41
112900208,55,992,-937
112900209,86,209,-123
112900210,0,6,-6
112900211,94,0,94
112900212,0,43,-43
112900213,96,1,95
112900214,3,20,-17
112900215,4,44,-40
112900216,48,24,24
112900217,0,82,-82
112900218,135,11,124
112900219,183,0,183
112900220,1,0,1
112900221,36,47,-11
112900222,0,159,-159
112900223,950,9,941
112900224,925,160,765
112900225,820,161,659
112900226,117,266,-149
112900227,573,89,484
112900228,170,38,132
112900229,555,5,550
112900230,9372,2192,7180
112900232,557,272,285
112900233,136,166,-30
112900234,36,6,30
112900235,25,2,23
112900236,1222,12,1210
112900237,662,157,505
112900238,5,2,3
112900239,482,826,-344
112900240,12,25,-13
112900241,34,53,-19
112900242,4,112,-108
112900243,16,47,-31
112900244,13,64,-51
112900245,0,22,-22
112900246,0,22,-22
112900247,91,105,-14
112900248,6,0,6
112900249,50,0,50
112900250,228,14,214
112900251,345,13,332
112900252,286,18,268
112900253,176,3,173
112900254,67,4,63
112900255,9,12,-3
112900256,3,37,-34
112900257,15,35,-20
112900258,98,9,89
113000001,6185,5027,1158
113000002,7846,4326,3520
113000003,3728,2174,1554
113000004,3267,2190,1077
113000005,3086,2051,1035
113000006,1806,1971,-165
113000007,3593,1990,1603
113000008,3141,2312,829
113000009,2139,728,1411
113000010,2479,1445,1034
113000011,1980,1207,773
113000012,1610,767,843
113000013,750,684,66
113000014,1286,1613,-327
113000015,138,161,-23
113000016,297,509,-212
113000017,30,601,-571
113000018,606,57,549
113000019,100,381,-281
113000020,272,76,196
113000021,1975,1397,578
113000022,1156,6032,-4876
113000025,170,324,-154
113000026,764,845,-81
113000027,683,1585,-902
113000028,351,2489,-2138
113000029,897,840,57
113000030,170,584,-414
113000031,207,289,-82
113000032,144,378,-234
113000033,344,370,-26
113000034,278,168,110
113000035,15,36,-21
113000036,6,68,-62
113000037,54,20,34
113000038,2,55,-53
113000039,45,265,-220
113000040,82,144,-62
113000042,1151,744,407
113000051,3234,3634,-400
113000052,3647,492,3155
113000053,939,543,396
113000054,1250,1342,-92
113000055,3346,474,2872
113000056,2689,1175,1514
113000058,425,1203,-778
113000059,863,317,546
113000060,705,789,-84
113000061,745,938,-193
113000062,588,464,124
113000063,578,43,535
113000064,192,143,49
113000065,252,481,-229
113000066,1291,196,1095
113000067,3829,627,3202
113000068,684,359,325
113000069,790,408,382
113000070,2857,701,2156
113000071,843,290,553
113000072,1425,336,1089
113000073,502,1456,-954
113000074,1064,451,613
113000075,2056,722,1334
113000076,472,4181,-3709
113000077,644,788,-144
113000078,435,1457,-1022
113000079,389,1159,-770
113000080,539,915,-376
113000081,941,957,-16
113000082,929,576,353
113000083,802,1123,-321
113000084,2105,919,1186
113000085,1075,862,213
113000086,945,1752,-807
113000087,1105,1995,-890
113000088,2122,1760,362
113000089,800,1853,-1053
113000090,113,848,-735
113000091,271,548,-277
113000094,1895,577,1318
113000095,356,894,-538
113000096,166,1277,-1111
113000097,1518,594,924
113000098,59,76,-17
113000099,1238,555,683
113000100,187,570,-383
113000101,162,1007,-845
113000102,860,689,171
113000103,6118,440,5678
113000104,777,4321,-3544
113000105,1379,618,761
113000106,949,312,637
113000107,1699,1367,332
113000108,1520,1085,435
113000109,689,1416,-727
113000110,10228,1134,9094
113000111,533,424,109
113000112,1050,396,654
113000113,3144,385,2759
113000114,375,873,-498
113000116,563,358,205
113000117,959,129,830
113000118,80,938,-858
113000119,452,314,138
113000120,46,446,-400
113000121,349,1048,-699
113000124,715,290,425
113000125,18,1623,-1605
113000127,1888,237,1651
113000128,2309,201,2108
113000129,363,750,-387
113000133,3828,513,3315
113000134,26,1851,-1825
113000135,5738,4921,817
113000137,831,2568,-1737
113000139,268,144,124
113000140,60,113,-53
113000141,68,135,-67
113000142,140,461,-321
113000143,248,108,140
113000144,222,217,5
113000145,145,193,-48
113000146,131,25,106
113000147,242,62,180
113000148,351,107,244
113000149,235,205,30
113000150,338,385,-47
113000151,30,26,4
113000152,67,274,-207
113000153,864,154,710
113000154,446,2230,-1784
113000155,439,838,-399
113000156,267,185,82
113000157,356,337,19
113000158,643,144,499
113000159,1010,216,794
113000160,570,263,307
113000161,524,170,354
113000162,909,101,808
113000163,213,41,172
113000164,96,22,74
113000166,435,128,307
113000167,152,82,70
113000168,333,71,262
113000169,324,65,259
113000170,64,122,-58
113000171,44,92,-48
113000172,441,26,415
113000173,103,13,90
113000174,299,170,129
113000175,925,95,830
113000176,951,70,881
113000177,327,122,205
113000178,126,220,-94
113000179,397,105,292
113000180,895,2415,-1520
113000181,1538,1040,498
113000182,173,720,-547
113000183,281,920,-639
113000184,46,85,-39
113000189,313,742,-429
113000190,234,243,-9
113000192,366,6714,-6348
113000193,1269,4197,-2928
113000194,1164,6787,-5623
113000195,1177,4122,-2945
113000196,501,156,345
113000197,985,4861,-3876
113000198,162,437,-275
113000199,2296,378,1918
113000201,879,842,37
113000202,19619,1930,17689
113000203,109,880,-771
113000204,396,8976,-8580
113000205,30,21,9
113000206,3,67,-64
113000207,48,20,28
113000208,19,143,-124
113000209,9,25,-16
113000210,0,47,-47
113000211,61,350,-289
113000212,36,25,11
113000213,32,101,-69
113000214,234,577,-343
113000234,342,712,-370
113000410,23,183,-160
113000411,1467,1869,-402
113000412,8809,1370,7439
113000413,1144,2959,-1815
113000414,4882,13284,-8402
113000415,1998,1186,812
113000416,1977,1851,126
113000417,768,1128,-360
113000418,6741,4095,2646
113000419,1919,1519,400
113000420,2998,4962,-1964
113000421,5781,6752,-971
113000422,9076,9511,-435
113000423,991,5285,-4294
113000424,2195,12766,-10571
113000425,4,128,-124
113000428,12,30,-18
113000430,1,194,-193
113000432,3364,218,3146
113000433,93,1134,-1041
113000434,34,113,-79
113000435,5,151,-146
113000436,18,960,-942
113000437,2068,111,1957
113000438,633,61,572
113000439,22,61,-39
113000440,305,51,254
113000441,294,298,-4
113000442,438,46,392
113000443,501,142,359
113000444,747,25,722
113000445,169,111,58
113000446,120,174,-54
113000448,1327,460,867
113000449,335,1427,-1092
113000450,2392,4779,-2387
113000451,6715,855,5860
113000452,98,972,-874
113000453,41,1321,-1280
113000454,555,463,92
113000455,32,3606,-3574
113000456,1697,1912,-215
113000468,880,68,812
113000469,34,93,-59
113000470,1141,20,1121
113000471,14,518,-504
113000472,67,372,-305
113000474,2339,913,1426
113000475,1671,1069,602
113000476,4687,2832,1855
113000477,6514,2604,3910
113000478,2987,3499,-512
113000479,375,200,175
113000485,0,0,0
113000486,0,0,0
113000487,0,0,0
113000488,0,0,0
113000489,0,0,0
113000490,0,0,0
113000491,0,0,0
113000492,0,0,0
113000493,0,0,0
113000495,508,110,398
113000496,312,131,181
113000499,0,0,0
113900001,64,5146,-5082
113900002,19,234,-215
113900003,13,483,-470
113900004,13,738,-725
113900005,14,1289,-1275
113900006,9,314,-305
113900007,0,0,0
113900008,0,0,0
113900009,0,0,0
113900010,0,0,0
113900011,0,0,0
113900012,258,9,249
113900013,131,5,126
113900014,1251,9,1242
113900015,0,10,-10
113900016,21,0,21
113900017,3,41,-38
113900018,89,219,-130
113900019,234,15,219
113900020,207,13,194
113900022,112,3,109
113900023,60,0,60
113900024,96,36,60
113900025,410,19,391
113900026,75,1,74
113900027,28,82,-54
113900028,33,186,-153
113900029,242,85,157
113900030,665,9,656
113900031,68,6,62
113900032,55,0,55
113900033,119,42,77
113900035,51,1,50
113900036,107,109,-2
113900037,221,340,-119
113900038,34,177,-143
113900039,232,10,222
113900040,7,26,-19
113900041,18,0,18
113900042,184,28,156
113900043,346,60,286
113900044,92,202,-110
113900045,73,8,65
113900046,116,1265,-1149
113900047,239,42,197
113900048,152,132,20
113900049,115,522,-407
113900050,328,431,-103
113900051,235,92,143
113900052,68,48,20
113900053,405,1132,-727
113900054,24,3,21
113900055,117,541,-424
113900056,113,31,82
113900057,12,38,-26
113900058,182,45,137
113900059,361,267,94
113900060,44,232,-188
113900061,691,96,595
113900062,174,14,160
113900063,195,20,175
113900064,15,30,-15
113900065,785,30,755
113900066,1064,168,896
113900067,447,236,211
113900068,415,1254,-839
113900069,38,22,16
113900070,124,177,-53
113900071,201,29,172
113900072,37,29,8
113900073,862,484,378
113900074,325,462,-137
113900075,1048,3499,-2451
113900076,129,23,106
113900077,61,48,13
113900078,82,8,74
113900079,0,12,-12
113900080,563,176,387
113900081,153,50,103
113900082,295,245,50
113900083,625,154,471
113900084,219,74,145
113900085,39,155,-116
113900086,144,24,120
113900087,74,73,1
113900088,182,196,-14
113900089,550,32,518
113900090,505,285,220
113900091,4,19,-15
113900092,23,117,-94
113900093,38,2116,-2078
113900094,860,270,590
113900095,138,251,-113
113900096,355,76,279
113900097,37,228,-191
113900098,1286,238,1048
113900099,0,43,-43
113900100,0,0,0
113900101,7,89,-82
113900102,58,142,-84
113900103,124,506,-382
113900104,161,372,-211
113900105,545,35,510
113900106,0,8,-8
113900107,0,2,-2
113900108,30,383,-353
113900109,208,316,-108
113900110,16,13,3
113900111,328,56,272
113900112,280,79,201
113900113,1311,412,899
113900114,1,7,-6
113900115,0,7,-7
113900116,17,247,-230
113900117,12,36,-24
113900118,81,1104,-1023
113900119,116,288,-172
113900120,111,49,62
113900121,177,90,87
113900122,539,5157,-4618
113900123,666,140,526
113900124,2,103,-101
113900125,1443,187,1256
113900126,48,31,17
113900127,379,691,-312
113900128,396,87,309
113900129,6,230,-224
113900130,0,159,-159
113900131,320,45,275
113900132,36,110,-74
113900133,10,26,-16
113900135,436,610,-174
113900136,47,28,19
113900137,241,296,-55
113900138,13,89,-76
113900139,543,413,130
113900140,17,247,-230
113900141,949,207,742
113900142,118,31,87
113900143,6,69,-63
113900144,64,354,-290
113900145,396,251,145
113900146,351,67,284
113900148,42,400,-358
113900149,214,291,-77
113900150,238,130,108
113900151,448,158,290
113900152,38,76,-38
113900153,68,321,-253
113900154,1,160,-159
113900155,49,235,-186
113900156,391,183,208
113900157,32,552,-520
113900158,65,204,-139
113900159,5,186,-181
113900160,444,298,146
113900161,157,252,-95
113900162,89,400,-311
113900163,240,107,133
113900164,484,47,437
113900165,532,364,168
113900166,15,42,-27
113900167,483,24,459
113900168,55,55,0
113900169,267,249,18
113900171,294,34,260
113900172,0,104,-104
113900173,27,195,-168
113900174,572,387,185
113900175,287,107,180
113900176,192,250,-58
113900177,252,186,66
113900178,223,225,-2
113900179,11,180,-169
113900180,192,111,81
113900181,1276,192,1084
113900182,610,366,244
113900183,103,26,77
113900184,5,364,-359
113900185,93,40,53
113900186,23,23,0
113900187,23,98,-75
113900188,7,68,-61
113900189,420,231,189
113900190,143,83,60
113900191,45,55,-10
113900192,2,615,-613
113900193,8,96,-88
113900194,1265,363,902
113900195,269,181,88
113900196,0,133,-133
113900197,0,46,-46
113900198,8,860,-852
113900199,22,313,-291
113900200,1,65,-64
113900201,1,62,-61
113900202,43,50,-7
113900203,0,37,-37
113900204,9,269,-260
113900205,13,53,-40
113900206,5,73,-68
113900207,0,40,-40
113900208,0,17,-17
113900209,0,12,-12
113900210,1140,751,389
113900211,162,53,109
113900212,373,265,108
113900214,159,398,-239
113900215,128,125,3
113900216,256,257,-1
113900217,220,71,149
113900218,114,105,9
113900219,177,767,-590
113900220,73,225,-152
113900221,162,560,-398
113900222,220,1097,-877
113900223,306,211,95
113900224,51,51,0
113900225,618,80,538
113900226,377,127,250
113900227,228,291,-63
113900228,171,636,-465
113900229,33,1410,-1377
113900230,1526,3545,-2019
113900231,98,69,29
113900232,211,33,178
113900233,162,50,112
113900234,459,483,-24
113900235,164,38,126
113900236,353,75,278
113900237,273,15,258
113900238,132,758,-626
113900239,57,193,-136
113900240,3,199,-196
113900241,18,102,-84
113900242,53,337,-284
113900243,18,138,-120
113900244,78,101,-23
113900245,540,406,134
113900246,39,18,21
113900247,74,523,-449
113900248,2156,2159,-3
113900249,397,709,-312
113900250,23,708,-685
113900251,1325,78,1247
113900252,1358,41,1317
113900253,951,50,901
113900254,682,167,515
113900255,1154,6,1148
113900256,636,30,606
113900257,9,256,-247
113900258,28,199,-171
113900259,1132,73,1059
113900260,402,2,400
113900261,41,44,-3
113900262,195,219,-24
113900263,8,251,-243
113900264,0,232,-232
113900265,97,514,-417
113900266,44,104,-60
113900267,41,900,-859
113900268,283,345,-62
113900269,177,164,13
113900270,222,396,-174
113900271,601,370,231
113900273,4,15,-11
113900274,61,117,-56
113900275,5,248,-243
113900276,22,80,-58
113900277,300,5,295
113900278,111,145,-34
113900279,53,23,30
113900280,1015,460,555
113900281,131,1080,-949
113900282,149,259,-110
113900283,449,629,-180
113900284,1460,167,1293
113900285,86,14,72
113900286,20,19,1
113900287,161,16,145
113900288,0,124,-124
113900289,295,184,111
113900290,537,846,-309
113900291,77,78,-1
113900292,2,5,-3
113900293,2,251,-249
113900294,1039,12,1027
113900295,426,233,193
113900296,2209,329,1880
113900297,2467,35,2432
113900298,64,2055,-1991
113900299,183,60,123
113900300,4942,5112,-170
113900301,446,1074,-628
113900302,1368,1123,245
113900303,126,1735,-1609
113900304,0,156,-156
113900305,346,1,345
113900306,129,2,127
113900307,3,0,3
113900308,26,48,-22
113900309,0,192,-192
113900310,0,16,-16
113900311,31,1,30
113900312,140,168,-28
113900313,2,0,2
113900314,0,1,-1
113900315,342,0,342
114000001,1079,1625,-546
114000002,562,220,342
114000003,594,464,130
114000004,824,424,400
114000005,633,143,490
114000006,1284,1423,-139
114000007,960,936,24
114000008,1797,1874,-77
114000009,1648,404,1244
114000011,3578,2155,1423
114000012,5654,1606,4048
114000013,2724,1183,1541
114000014,868,244,624
114000015,2498,153,2345
114000016,512,56,456
114000017,132,1192,-1060
114000018,92,69,23
114000026,3561,1154,2407
114000027,4207,2790,1417
114000028,2336,5268,-2932
114000038,365,165,200
114000039,136,93,43
114000040,154,412,-258
114000042,166,254,-88
114000043,181,235,-54
114000044,506,64,442
114000045,19,20,-1
114000046,1720,4477,-2757
114000047,23,194,-171
114000048,136,121,15
114000049,2088,1510,578
114000050,2029,1742,287
114000051,3634,2332,1302
114000052,3568,2925,643
114000053,31,875,-844
114000054,198,835,-637
114000055,539,50,489
114000056,111,974,-863
114000057,3785,1593,2192
114000058,77,1356,-1279
114000059,19,1184,-1165
114000060,516,1180,-664
114000061,2394,3709,-1315
114000062,310,1253,-943
114000063,924,930,-6
114000064,1527,5198,-3671
114000065,1085,1714,-629
114000066,659,1162,-503
114000067,12,1546,-1534
114000068,368,910,-542
114000069,920,527,393
114000070,3028,1703,1325
114000071,1009,987,22
114000072,773,202,571
114000073,7,33,-26
114000074,100,25,75
114000075,96,43,53
114000076,23,60,-37
114000077,2,18,-16
114000078,472,368,104
114000079,408,43,365
114000080,43,91,-48
114000081,78,123,-45
114000082,48,335,-287
114000083,135,32,103
114000084,217,162,55
114000085,77,268,-191
114000086,275,134,141
114000087,289,44,245
114000088,21,38,-17
114000089,508,177,331
114000090,949,1635,-686
114000091,877,1321,-444
114000092,467,510,-43
114000093,1534,456,1078
114000094,760,423,337
114000095,298,208,90
114000096,56,205,-149
114000097,92,122,-30
114000098,638,210,428
114000099,1351,142,1209
114000100,1891,513,1378
114000101,577,324,253
114000102,966,323,643
114000103,125,150,-25
114000104,21,193,-172
114000105,287,159,128
114000106,712,2976,-2264
114000107,606,151,455
114000108,1427,676,751
114000109,1272,5686,-4414
114000110,548,691,-143
114000111,2875,1962,913
114000112,430,1144,-714
114000113,3037,423,2614
114000114,344,1050,-706
114000115,3960,807,3153
114000116,1235,7025,-5790
114000117,6519,868,5651
114000118,5760,373,5387
114000119,4775,524,4251
114000120,793,828,-35
114000121,813,639,174
114000122,686,519,167
114000123,3116,521,2595
114000124,2355,572,1783
114000125,1568,1510,58
114000126,2773,318,2455
114000127,278,131,147
114000128,1497,243,1254
114000130,838,618,220
114000131,634,113,521
114000132,723,283,440
114000133,528,1111,-583
114000134,129,48,81
114000138,19,101,-82
114000139,543,673,-130
114000144,735,761,-26
114000145,73,47,26
114000146,88,24,64
114000147,1440,2899,-1459
114000148,906,2669,-1763
114000149,313,502,-189
114000150,439,1217,-778
114000151,1346,5130,-3784
114000152,95,31,64
114000153,760,4042,-3282
114000154,641,1185,-544
114000155,982,4923,-3941
114000156,966,1410,-444
114000157,455,2457,-2002
114000158,1658,635,1023
114000159,108,520,-412
114000160,91,1218,-1127
114000161,972,2311,-1339
114000162,1668,2781,-1113
114000163,9,54,-45
114000165,546,563,-17
114000166,390,594,-204
114000167,2844,1269,1575
114000168,426,220,206
114000169,1179,1071,108
114000170,1215,1134,81
114000171,1842,19375,-17533
114000174,136,269,-133
114000176,279,531,-252
114000177,707,309,398
114000178,98,40,58
114000179,1090,1503,-413
114000180,198,204,-6
114000181,1407,10491,-9084
114000182,842,2545,-1703
114000183,858,803,55
114000184,2750,523,2227
114000185,1588,938,650
114000189,2153,131,2022
114000190,4720,388,4332
114000191,88,497,-409
114000192,168,661,-493
114000193,240,942,-702
114000194,2019,968,1051
114000195,299,345,-46
114000196,0,182,-182
114000197,3069,62,3007
114000198,697,428,269
114000199,1408,1459,-51
114000200,734,1147,-413
114000201,281,865,-584
114000202,1007,760,247
114000203,1129,900,229
114000204,107,716,-609
114000205,400,1325,-925
114000206,895,1658,-763
114000207,720,1049,-329
114000208,450,1121,-671
114000209,480,1598,-1118
114000210,292,894,-602
114000211,1479,1556,-77
114000212,619,1477,-858
114000213,1806,423,1383
114000214,103,136,-33
114000215,159,159,0
114000216,2735,427,2308
114000217,499,213,286
114000218,653,115,538
114000219,2409,159,2250
114000220,37,823,-786
114000221,1607,174,1433
114000222,139,696,-557
114000223,1056,137,919
114000224,65,429,-364
114000225,499,258,241
114000226,314,250,64
114000227,1036,565,471
114000228,1200,597,603
114000229,2244,1456,788
114000230,1972,1022,950
114000231,1277,1721,-444
114000232,1545,257,1288
114000233,3686,89,3597
114000234,1673,833,840
114000235,2175,1802,373
114000236,0,518,-518
114000237,225,681,-456
114000238,187,526,-339
114000239,221,1050,-829
114000240,1138,1746,-608
114000241,451,1098,-647
114000242,887,810,77
114000243,3320,1191,2129
114000244,1001,438,563
114000245,692,1354,-662
114000246,236,68,168
114000247,611,774,-163
114000248,2589,715,1874
114000249,595,602,-7
114000250,1091,280,811
114000251,459,268,191
114000252,66,21,45
114000253,34,104,-70
114000254,78,22,56
114000255,722,253,469
114000256,389,1962,-1573
114000257,1020,1352,-332
114000258,804,561,243
114000259,304,1199,-895
114000260,1,29,-28
114000261,57,48,9
114000262,377,125,252
114000263,14,0,14
114000264,1727,476,1251
114000265,0,2,-2
114000267,3,3849,-3846
114000268,1,792,-791
114000270,349,30,319
114000271,487,162,325
114000283,2384,386,1998
114000285,29,79,-50
114000288,318,509,-191
114000289,2574,158,2416
114000293,298,682,-384
114000294,394,359,35
114000395,2405,15,2390
114000396,705,642,63
114000402,1525,267,1258
114000403,518,198,320
114000405,344,256,88
114000423,703,116,587
114000424,606,517,89
114000425,1753,144,1609
114000426,349,1130,-781
114000427,108,52,56
114000428,69,149,-80
114000429,4,155,-151
114000432,261,122,139
114000434,55,28,27
114000435,0,57,-57
114900001,849,216,633
114900002,303,89,214
114900003,1168,298,870
114900004,257,672,-415
114900005,647,248,399
114900006,82,58,24
114900007,283,22,261
114900008,483,114,369
114900010,1065,2602,-1537
114900011,442,149,293
114900013,340,156,184
114900020,173,62,111
114900025,826,145,681
114900026,230,83,147
114900029,226,15,211
114900030,289,171,118
114900031,1042,29,1013
114900032,598,14,584
114900034,17,18,-1
114900035,129,404,-275
114900036,409,268,141
114900039,851,108,743
114900040,180,16,164
114900041,1790,121,1669
114900042,2196,181,2015
114900044,149,55,94
114900047,165,5421,-5256
114900048,22,150,-128
114900049,8,87,-79
114900050,109,113,-4
114900051,20,165,-145
114900052,13,166,-153
114900053,37,191,-154
114900054,21,51,-30
114900057,285,37,248
114900058,0,47,-47
114900059,136,89,47
114900063,80,36,44
114900064,2999,139,2860
114900065,462,1100,-638
114900067,18,249,-231
114900068,18,127,-109
114900069,220,18,202
114900070,717,164,553
114900072,0,161,-161
114900073,5,40,-35
114900074,1519,211,1308
114900075,260,8,252
114900076,1,116,-115
114900080,732,161,571
114900082,1950,3599,-1649
114900083,265,616,-351
114900090,750,176,574
114900091,71,90,-19
114900097,126,2,124
114900098,6,436,-430
114900099,330,17,313
115000001,5808,3273,2535
115000002,5729,7580,-1851
115000003,4845,2760,2085
115000004,5669,8629,-2960
115000005,2788,3386,-598
115000006,2020,2901,-881
115000007,765,387,378
115000008,707,1292,-585
115000009,864,463,401
115000010,355,396,-41
115000013,34,235,-201
115000015,68,424,-356
115000016,44,295,-251
115000019,33,760,-727
115000020,247,1397,-1150
115000021,303,440,-137
115000022,508,181,327
115000023,546,475,71
115000024,774,186,588
115000025,1059,560,499
115000026,182,273,-91
115000027,631,252,379
115000028,134,479,-345
115000029,1239,81,1158
115000030,488,750,-262
115000031,973,185,788
115000032,8,230,-222
115000033,299,17,282
115000034,146,1227,-1081
115000035,909,110,799
115000036,1,338,-337
115000037,673,56,617
115000038,70,231,-161
115000039,3796,5319,-1523
115000040,5133,3138,1995
115000041,2878,6527,-3649
115000042,534,915,-381
115000043,4794,3802,992
115000044,3264,3976,-712
115000045,3977,1196,2781
115000046,4499,4059,440
115000047,4296,2047,2249
115000048,4035,2140,1895
115000049,1612,3930,-2318
115000050,4396,1410,2986
115000051,2352,7105,-4753
115000052,1555,1045,510
115000053,3842,3610,232
115000054,565,924,-359
115000055,190,1605,-1415
115000056,145,505,-360
115000057,743,2312,-1569
115000058,73,709,-636
115000059,177,485,-308
115000061,207,401,-194
115000062,470,660,-190
115000063,805,490,315
115000064,381,114,267
115000065,92,579,-487
115000067,682,41,641
115000069,104,328,-224
115000070,54,1422,-1368
115000071,103,45,58
115000072,5,93,-88
115000073,2041,115,1926
115000075,121,96,25
115000076,2766,2453,313
115000077,2719,1426,1293
115000078,2563,1067,1496
115000079,2679,1173,1506
115000080,5545,1252,4293
115000081,295,433,-138
115000082,8623,6693,1930
115000083,2951,999,1952
115000084,4073,1093,2980
115000085,1823,826,997
115000086,2042,1222,820
115000087,634,2208,-1574
115000088,1727,1020,707
115000089,1710,1075,635
115000090,524,1013,-489
115000091,408,440,-32
115000092,1433,1723,-290
115000093,1031,4,1027
115000094,5330,10675,-5345
115000095,4557,11502,-6945
115000096,1522,891,631
115000097,3329,2352,977
115000098,2737,620,2117
115000099,3723,1496,2227
115000100,2890,350,2540
115000101,819,1171,-352
115000102,778,252,526
115000103,507,552,-45
115000105,194,103,91
115000106,1670,767,903
115000107,285,340,-55
115000108,2507,1732,775
115000109,3936,6268,-2332
115000110,1454,2435,-981
115000111,572,909,-337
115000112,775,677,98
115000113,532,575,-43
115000114,918,383,535
115000116,2457,1814,643
115000117,1980,2620,-640
115000118,2089,2039,50
115000119,1674,2182,-508
115000120,679,1369,-690
115000121,533,601,-68
115000122,660,1875,-1215
115000123,1848,1874,-26
115000124,1261,1570,-309
115000125,531,2109,-1578
115000126,162,868,-706
115000127,521,184,337
115000128,524,1505,-981
115000129,267,956,-689
115000130,647,583,64
115000131,899,299,600
115000132,736,431,305
115000133,1280,244,1036
115000134,359,643,-284
115000135,232,193,39
115000136,434,522,-88
115000137,103,407,-304
115000138,502,271,231
115000139,418,335,83
115000140,727,304,423
115000141,364,90,274
115000142,541,95,446
115000143,1237,1480,-243
115000144,615,89,526
115000145,435,179,256
115000146,750,1375,-625
115000147,494,797,-303
115000148,511,890,-379
115000149,986,267,719
115000150,871,675,196
115000151,1830,315,1515
115000152,1103,2255,-1152
115000153,1925,613,1312
115000154,1422,203,1219
115000155,752,1841,-1089
115000156,893,1160,-267
115000157,356,2498,-2142
115000158,230,799,-569
115000159,816,1051,-235
115000160,578,520,58
115000161,216,459,-243
115000162,473,1277,-804
115000163,675,847,-172
115000164,602,1167,-565
115000165,235,916,-681
115000167,156,385,-229
115000168,525,1207,-682
115000169,238,1781,-1543
115000170,106,348,-242
115000171,337,786,-449
115000172,900,1048,-148
115000173,515,1396,-881
115000174,105,905,-800
115000175,288,276,12
115000176,61,213,-152
115000177,44,231,-187
115000178,16,204,-188
115000179,20,113,-93
115000180,162,368,-206
115000181,1225,181,1044
115000182,2218,325,1893
115000183,499,614,-115
115000186,988,126,862
115000187,176,481,-305
115000188,662,523,139
115000189,441,307,134
115000190,1093,725,368
115000191,453,641,-188
115000194,126,139,-13
115000195,218,605,-387
115000196,388,109,279
115000197,457,155,302
115000198,888,210,678
115000199,1010,126,884
115000200,642,294,348
115000201,357,237,120
115000206,602,22,580
115000207,672,332,340
115000208,546,890,-344
115000209,990,630,360
115000210,215,198,17
115000211,461,275,186
115000212,1506,366,1140
115000224,238,142,96
115000225,143,45,98
115000229,352,50,302
115000230,188,380,-192
115000231,451,1312,-861
115000232,4758,499,4259
115000233,144,326,-182
115000234,63,559,-496
115000241,170,150,20
115000242,337,67,270
115000243,387,100,287
115000244,13,598,-585
115000246,73,29,44
115000247,59,27,32
115000248,147,26,121
115000249,44,12,32
115000250,319,45,274
115000251,717,90,627
115000252,238,358,-120
115000253,20,821,-801
115000258,849,75,774
115000259,373,70,303
115000261,37,39,-2
115000262,13,95,-82
115000263,17,70,-53
115000264,9,25,-16
115000267,69,111,-42
115000268,51,113,-62
115000269,166,24,142
115000270,5,13,-8
115000272,63,76,-13
115000273,760,21,739
115000280,1087,337,750
115000281,254,808,-554
115000282,466,1166,-700
115000284,132,388,-256
115000296,509,12,497
115000297,104,463,-359
115000298,46,738,-692
115000300,231,150,81
115000302,1154,179,975
115000303,1811,92,1719
115000304,1351,138,1213
115000305,118,439,-321
115000306,322,269,53
115000307,235,245,-10
115000308,41,28,13
115000310,3191,645,2546
115000311,1935,1323,612
115000313,206,493,-287
115000314,968,339,629
115000315,1702,1556,146
115000316,266,200,66
115000317,275,580,-305
115000318,1045,443,602
115000319,158,235,-77
115000320,27,850,-823
115000321,513,27,486
115000322,132,139,-7
115000449,143,202,-59
115000557,7,3234,-3227
115000558,166,355,-189
115000587,1209,362,847
115000588,2861,3715,-854
115000589,6882,4318,2564
115000590,1282,2485,-1203
115000591,1660,1540,120
115000592,564,2443,-1879
115000593,1964,1781,183
115000594,254,3662,-3408
115000609,421,379,42
115000617,594,2738,-2144
115000624,530,51,479
115000633,380,1482,-1102
115000634,4321,903,3418
115000635,1054,238,816
115000638,560,292,268
115000641,53,561,-508
115000642,342,194,148
115000643,78,292,-214
115000644,170,194,-24
115000646,625,1443,-818
115000647,215,642,-427
115000648,4819,928,3891
115000893,3312,1642,1670
115000894,119,872,-753
115000895,315,1692,-1377
115000896,1982,882,1100
115000897,583,214,369
115000898,598,378,220
115000899,222,2008,-1786
115000900,83,990,-907
115000901,105,259,-154
115000912,623,106,517
115000913,2,21,-19
115000915,10,0,10
115000916,1,0,1
115000917,0,27,-27
115000918,82,930,-848
115000919,7,60,-53
115000920,5,122,-117
115000921,378,210,168
115000922,617,1852,-1235
115000923,54,3727,-3673
115000925,151,147,4
115000927,93,101,-8
115000933,39,1233,-1194
115000934,121,213,-92
115000935,228,88,140
115000936,116,1510,-1394
115000937,2341,798,1543
115000938,91,477,-386
115000939,39,325,-286
115000940,1,76,-75
115000941,3,52,-49
115000942,17,368,-351
115000943,4,351,-347
115000944,2,22,-20
115900001,474,11,463
115900002,123,151,-28
115900003,316,81,235
115900004,0,25,-25
115900005,261,33,228
115900006,112,219,-107
115900008,225,5,220
115900009,56,911,-855
115900010,793,110,683
115900011,503,288,215
115900012,443,13,430
115900013,392,218,174
115900014,201,117,84
115900015,358,16,342
115900016,119,51,68
115900017,67,33,34
115900018,218,44,174
115900019,64,22,42
115900020,169,1,168
115900021,631,478,153
115900022,1658,9,1649
115900023,1,24,-23
115900025,78,284,-206
115900026,689,103,586
115900027,0,254,-254
115900028,184,42,142
115900029,38,188,-150
115900030,30,28,2
115900031,82,322,-240
115900032,391,1038,-647
115900033,0,100,-100
115900034,34,122,-88
115900035,72,36,36
115900036,48,4882,-4834
115900037,37,137,-100
115900038,114,19,95
115900039,276,76,200
115900041,116,1413,-1297
115900042,111,19,92
115900043,158,65,93
115900044,182,646,-464
115900046,1222,103,1119
115900047,55,235,-180
115900049,331,149,182
115900051,2,38,-36
115900052,50,73,-23
115900053,474,51,423
115900054,570,9,561
115900055,22,44,-22
115900056,356,101,255
115900057,5,19,-14
115900058,29,45,-16
115900060,68,130,-62
115900061,447,3,444
115900062,38,79,-41
115900063,31,1,30
115900064,334,351,-17
115900065,294,72,222
115900066,42,60,-18
115900067,22,64,-42
115900068,1149,2282,-1133
115900069,78,236,-158
115900070,385,53,332
115900071,1,117,-116
115900072,23,92,-69
115900073,284,198,86
115900074,0,65,-65
115900075,78,237,-159
115900076,47,33,14
115900077,9,56,-47
115900078,54,314,-260
115900079,535,5,530
115900080,201,135,66
115900081,45,20,25
115900082,147,545,-398
115900084,798,9,789
115900085,74,136,-62
115900086,1532,453,1079
115900088,4,98,-94
115900089,745,261,484
115900090,1012,19,993
115900091,3,39,-36
115900092,105,37,68
115900093,5,12,-7
115900094,1,30,-29
115900096,13,8,5
115900097,48,79,-31
115900098,604,163,441
115900099,99,306,-207
115900100,32,201,-169
115900101,561,101,460
115900102,152,111,41
115900103,448,91,357
115900104,121,116,5
115900105,401,251,150
115900106,252,0,252
115900107,76,52,24
115900108,392,18,374
115900109,19,210,-191
115900110,62,1,61
115900111,1,48,-47
115900112,54,439,-385
115900113,125,54,71
115900114,10,34,-24
115900115,123,82,41
115900116,130,615,-485
115900117,164,17,147
115900118,1,56,-55
115900119,156,71,85
115900120,55,247,-192
115900121,356,98,258
115900124,309,1140,-831
115900125,902,106,796
115900126,1326,110,1216
115900127,1317,87,1230
115900128,2,313,-311
115900129,633,38,595
115900130,22,1382,-1360
115900131,522,42,480
115900132,1056,8,1048
115900134,595,23,572
115900135,1363,804,559
115900137,33,4,29
115900139,10,169,-159
115900140,710,57,653
115900141,0,104,-104
115900142,17,79,-62
115900143,379,419,-40
115900144,475,204,271
115900146,15,124,-109
115900147,300,412,-112
115900148,50,71,-21
115900149,369,21,348
115900150,158,12,146
115900151,137,85,52
115900152,235,137,98
115900153,248,149,99
115900154,427,504,-77
115900155,0,32,-32
115900156,1304,980,324
115900157,482,752,-270
115900158,10,6,4
115900159,252,263,-11
115900160,0,9,-9
115900161,16,139,-123
115900163,531,80,451
115900164,1249,16,1233
115900166,111,159,-48
115900168,459,155,304
115900171,134,302,-168
115900172,91,300,-209
115900173,344,210,134
115900174,225,445,-220
115900175,338,93,245
115900178,22,121,-99
115900179,661,43,618
115900180,226,57,169
115900181,516,70,446
115900182,1178,48,1130
115900183,19,190,-171
115900184,586,6,580
115900187,25,424,-399
115900189,0,165,-165
115900190,192,1316,-1124
115900191,18,184,-166
115900192,71,177,-106
115900193,148,188,-40
115900194,1565,95,1470
115900195,562,4201,-3639
115900198,358,258,100
115900199,466,42,424
115900200,415,151,264
115900201,260,601,-341
115900202,1,265,-264
115900203,3,12,-9
115900204,0,17,-17
115900205,28,23,5
115900206,539,109,430
115900207,102,10,92
115900208,153,83,70
115900209,11,132,-121
115900210,2,229,-227
115900211,0,186,-186
115900212,334,175,159
115900213,133,201,-68
115900214,1150,73,1077
115900215,10,286,-276
115900216,2,47,-45
115900217,7,8,-1
115900218,3,23,-20
115900219,276,5,271
115900220,522,4,518
115900221,203,4,199
115900222,89,38,51
115900223,2,590,-588
115900224,914,3117,-2203
115900225,100,15,85
115900226,21,78,-57
115900227,19,145,-126
115900228,3,75,-72
115900229,7,38,-31
115900230,119,48,71
115900231,220,2,218
115900232,156,3,153
115900233,173,3,170
115900234,112,65,47
115900235,46,122,-76
115900236,26,405,-379
115900237,16,39,-23
115900238,21,41,-20
115900239,19,76,-57
115900240,38,63,-25
115900241,467,28,439
115900242,581,706,-125
115900243,15,20,-5
115900244,28,24,4
115900245,119,14,105
115900246,11,3,8
115900247,8,3,5
115900248,12,3,9
115900249,6,6,0
115900250,55,30,25
115900251,8,9,-1
115900252,23,0,23
115900253,68,7,61
115900254,3,40,-37
115900255,1,71,-70
115900256,81,296,-215
115900257,1,48,-47
115900258,0,2,-2
115900259,4,4,0
115900260,24,10,14
115900261,2,0,2
115900262,1,0,1
115900263,10,1,9
115900264,18,0,18
115900265,6,3,3
115900266,3,8,-5
115900267,0,8,-8
115900268,1,20,-19
115900269,1187,210,977
115900270,483,114,369
115900271,443,1,442
115900272,45,15,30
115900273,8,61,-53
115900274,0,3,-3
115900275,0,5,-5
115900276,0,1,-1
115900277,1,25,-24
115900278,94,79,15
115900279,28,313,-285
115900280,22,1294,-1272
115900281,240,553,-313
115900282,95,63,32
115900283,58,1,57
115900284,24,2,22
116000001,8895,2133,6762
116000002,8013,19810,-11797
116000003,1418,1754,-336
116000004,5814,7577,-1763
116000005,1213,5848,-4635
116000006,4863,8426,-3563
116000007,2099,2774,-675
116000008,8470,4188,4282
116000009,1003,1210,-207
116000010,4901,2279,2622
116000011,846,1024,-178
116000012,3842,1601,2241
116000013,5816,7680,-1864
116000014,18137,34799,-16662
116000015,376,2978,-2602
116000016,6913,7721,-808
116000017,68,893,-825
116000018,661,566,95
116000019,2435,394,2041
116000020,806,1883,-1077
116000021,1659,411,1248
116000022,1015,561,454
116000023,2671,1605,1066
116000024,1012,1426,-414
116000025,1164,1153,11
116000026,1594,6992,-5398
116000027,485,1336,-851
116000028,557,1249,-692
116000029,511,484,27
116000030,557,880,-323
116000031,34,282,-248
116000032,529,163,366
116000033,947,696,251
116000034,820,1105,-285
116000035,1155,348,807
116000036,441,4320,-3879
116000037,154,649,-495
116000038,73,1953,-1880
116000039,301,2342,-2041
116000040,599,2560,-1961
116000041,142,1520,-1378
116000042,1651,1608,43
116000043,141,479,-338
116000044,5,44,-39
116000045,1509,1646,-137
116000046,1030,2918,-1888
116000047,3277,4135,-858
116000048,5094,1376,3718
116000049,2210,3320,-1110
116000050,2135,1600,535
116000051,3951,4224,-273
116000052,4007,3604,403
116000053,3233,1005,2228
116000054,1775,3440,-1665
116000055,1703,1549,154
116000056,2170,1390,780
116000057,4103,1490,2613
116000058,8333,4635,3698
116000059,2974,5403,-2429
116000060,4251,2361,1890
116000061,706,1256,-550
116000062,819,707,112
116000063,877,2574,-1697
116000066,593,678,-85
116000067,586,482,104
116000068,201,418,-217
116000069,556,239,317
116000078,886,898,-12
116000080,2484,477,2007
116000082,20,6,14
116000083,2947,355,2592
116000084,1413,1966,-553
116000085,2204,2146,58
116000086,983,650,333
116000087,4045,1931,2114
116000088,2050,841,1209
116000089,222,121,101
116000090,329,266,63
116000091,190,971,-781
116000093,806,193,613
116000094,1478,562,916
116000095,949,579,370
116000096,2875,4093,-1218
116000097,1228,611,617
116000098,99,17917,-17818
116000099,6739,586,6153
116000100,480,30,450
116000101,2052,1011,1041
116000102,305,749,-444
116000103,660,474,186
116000104,203,1100,-897
116000105,2373,168,2205
116000106,439,2360,-1921
116000107,4039,681,3358
116000108,46,840,-794
116000111,189,34,155
116000113,146,69,77
116000114,13,116,-103
116000115,332,83,249
116000116,347,154,193
116000117,1335,1298,37
116000118,2312,923,1389
116000119,4006,1581,2425
116000120,3253,2210,1043
116000121,1117,687,430
116000122,944,769,175
116000123,1640,593,1047
116000124,631,345,286
116000125,3257,414,2843
116000126,468,476,-8
116000127,1074,561,513
116000128,3333,761,2572
116000129,1454,84,1370
116000130,1087,519,568
116000133,2625,1152,1473
116000134,1965,1156,809
116000135,4029,1542,2487
116000136,1172,1596,-424
116000137,1543,921,622
116000138,2163,920,1243
116000139,3073,7517,-4444
116000140,242,400,-158
116000141,774,497,277
116000142,3876,2126,1750
116000143,3188,1101,2087
116000144,2680,2088,592
116000145,3037,1022,2015
116000146,1470,148,1322
116000147,475,553,-78
116000148,1723,2338,-615
116000149,1086,1534,-448
116000151,887,1077,-190
116000153,269,423,-154
116000155,296,729,-433
116000156,1170,503,667
116000157,127,8,119
116000158,797,168,629
116000159,15,11,4
116000160,80,46,34
116000161,5,159,-154
116000162,181,404,-223
116000163,174,61,113
116000164,93,126,-33
116000177,122,813,-691
116000194,60,414,-354
116000195,1809,833,976
116000196,41,1,40
116000197,30,37,-7
116000198,2239,1479,760
116000200,1187,1121,66
116000201,900,869,31
116000202,16,198,-182
116000203,3,59,-56
116000204,3,27,-24
116000205,1,102,-101
116000206,2,221,-219
116000207,9,144,-135
116000233,284,581,-297
116000287,609,171,438
116000288,489,221,268
116000292,107,177,-70
116000296,45,67,-22
116000297,183,4,179
116000304,225,29,196
116000305,17,101,-84
116000346,264,208,56
116000352,150,147,3
116000354,62,50,12
116000357,12,16,-4
116000358,698,174,524
116000361,240,1,239
116000372,5584,11937,-6353
116000381,168,0,168
116000388,1,41,-40
116000389,1177,547,630
116000445,1512,256,1256
116000446,859,286,573
116000447,84,737,-653
116000448,722,98,624
116000563,836,943,-107
116000565,44,279,-235
116000568,53,506,-453
116000579,21,113,-92
116000584,79,5,74
116000585,142,41,101
116000586,97,216,-119
116000587,505,314,191
116000589,50,83,-33
116000590,317,158,159
116000591,393,295,98
116000592,29,31,-2
116000593,0,30,-30
116000594,2156,97,2059
116000595,1274,37,1237
116000596,278,3,275
116000597,781,364,417
116000598,23,113,-90
116000605,241,181,60
116000606,51,588,-537
116000607,6,129,-123
116000609,85,2169,-2084
116000611,328,153,175
116000612,2929,2169,760
116000613,852,434,418
116000614,928,320,608
116000615,3,1035,-1032
116000616,86,79,7
116000617,246,26,220
116000618,2,82,-80
116000619,27,115,-88
116000620,484,287,197
116000621,109,87,22
116000622,191,92,99
116000624,138,200,-62
116000627,141,56,85
116000628,88,178,-90
116000629,50,146,-96
116000630,1033,30,1003
116000631,706,35,671
116000632,2023,40,1983
116000633,459,201,258
116000634,632,106,526
116000635,3309,5940,-2631
116000636,733,3346,-2613
116000637,1106,25,1081
116000638,236,200,36
116000639,95,8,87
116000640,61,148,-87
116000641,47,80,-33
116000643,0,122,-122
116000644,72,259,-187
116000645,50,16,34
116900001,612,154,458
116900002,367,1,366
116900003,91,5,86
116900004,84,139,-55
116900005,270,34,236
116900006,102,514,-412
116900007,290,462,-172
116900008,1373,73,1300
116900009,24,26,-2
116900010,1,681,-680
116900011,5,71,-66
116900012,377,533,-156
116900013,8,34,-26
116900014,297,40,257
116900015,811,51,760
116900016,356,1,355
116900017,1,290,-289
116900019,6,129,-123
116900020,465,2784,-2319
116900023,58,8,50
116900024,1318,77,1241
116900025,2085,478,1607
116900026,45,569,-524
116900027,140,136,4
116900028,1,26,-25
116900029,0,253,-253
116900031,0,11,-11
116900032,0,94,-94
116900033,81,20,61
116900034,18,40,-22
116900035,194,274,-80
116900036,19,133,-114
116900038,15,5,10
116900041,92,9,83
116900042,217,160,57
116900043,29,85,-56
116900047,57,356,-299
116900049,20,325,-305
116900050,48,331,-283
116900051,596,17,579
116900052,328,67,261
116900055,0,37,-37
116900057,16,143,-127
116900058,18,354,-336
116900059,1,45,-44
116900060,193,610,-417
116900062,3,86,-83
116900064,138,227,-89
116900065,21,160,-139
116900067,171,49,122
116900068,216,104,112
116900070,5,11,-6
116900072,58,106,-48
116900073,3,79,-76
116900074,7,15,-8
116900076,29,157,-128
116900077,2,33,-31
116900078,111,36,75
116900079,57,143,-86
116900080,11,28,-17
116900081,180,767,-587
116900082,89,1304,-1215
116900083,6,5,1
116900084,66,82,-16
116900085,9,80,-71
116900086,52,248,-196
116900088,384,11,373
116900090,45,60,-15
116900091,950,21,929
116900092,171,309,-138
116900093,5097,1395,3702
116900094,5806,8302,-2496
116900095,501,772,-271
116900096,117,468,-351
116900097,1902,5592,-3690
116900098,1238,440,798
116900099,225,1254,-1029
116900100,1339,114,1225
116900101,233,1068,-835
116900103,73,0,73
116900104,18,510,-492
116900105,368,226,142
116900106,3615,83,3532
116900107,1289,4479,-3190
116900110,50,0,50
116900111,1333,134,1199
116900112,306,225,81
116900113,798,3068,-2270
116900116,45,1411,-1366
116900117,349,301,48
116900118,2113,857,1256
116900120,556,57,499
116900121,367,33,334
116900122,1431,327,1104
116900123,1154,302,852
116900124,110,373,-263
116900125,826,87,739
116900126,103,1062,-959
116900128,2,141,-139
116900129,1,277,-276
116900130,1841,5791,-3950
116900131,66,285,-219
116900132,150,84,66
116900133,248,195,53
116900134,296,422,-126
116900136,336,279,57
116900137,338,201,137
116900138,169,126,43
116900139,91,221,-130
116900140,205,107,98
116900141,450,159,291
116900142,5,56,-51
116900143,430,125,305
116900144,97,30,67
116900145,137,281,-144
116900147,143,3398,-3255
116900148,11,15,-4
116900149,32,277,-245
116900150,7,7,0
116900151,117,66,51
116900153,128,117,11
116900154,287,860,-573
116900155,106,168,-62
116900157,1438,58,1380
116900158,76,514,-438
116900159,115,767,-652
116900160,1098,801,297
116900161,5473,14626,-9153
116900163,517,54,463
116900164,183,58,125
116900165,894,417,477
116900166,69,90,-21
116900167,656,56,600
116900168,1064,29,1035
116900169,292,3240,-2948
116900170,846,498,348
116900171,151,31,120
116900172,165,844,-679
116900173,597,9,588
116900174,68,196,-128
116900175,418,856,-438
116900178,124,84,40
116900179,26,605,-579
116900180,90,4,86
116900182,1852,448,1404
116900183,363,139,224
116900185,30,33,-3
116900186,124,79,45
116900187,51,80,-29
116900188,175,9,166
116900189,49,1,48
116900191,116,317,-201
116900192,635,153,482
116900194,414,2549,-2135
116900195,92,9,83
116900196,112,59,53
116900197,218,13,205
116900198,46,280,-234
116900200,127,5,122
116900201,443,7,436
116900202,157,73,84
116900203,172,2,170
116900204,49,574,-525
116900206,16,1,15
116900207,11,202,-191
116900208,27,96,-69
116900209,27,38,-11
116900210,860,470,390
116900211,361,1,360
116900212,206,14,192
116900213,420,179,241
116900214,468,406,62
116900215,130,76,54
116900216,492,412,80
116900218,1,175,-174
116900219,408,252,156
116900220,215,440,-225
116900221,289,273,16
116900222,550,307,243
116900223,44,204,-160
116900226,195,31,164
116900227,351,23,328
116900228,454,253,201
116900230,132,296,-164
116900231,37,458,-421
116900232,1572,119,1453
116900233,1465,569,896
116900234,17,2,15
116900235,893,255,638
116900238,771,195,576
116900239,4,687,-683
116900240,4968,5560,-592
116900241,157,17,140
116900242,722,1853,-1131
116900243,1,24,-23
116900245,76,69,7
116900246,135,28,107
116900247,1249,74,1175
116900248,39,57,-18
116900249,843,48,795
116900250,869,52,817
116900251,537,2214,-1677
116900252,412,1255,-843
116900254,258,930,-672
116900255,235,267,-32
116900256,1302,149,1153
116900257,37,536,-499
116900258,0,47,-47
116900259,438,26,412
116900260,0,17,-17
116900261,104,1,103
116900262,216,107,109
116900263,4,6,-2
116900264,105,153,-48
116900265,263,0,263
116900266,60,10,50
116900267,20,0,20
116900268,30,165,-135
116900269,639,2651,-2012
116900271,1038,927,111
116900272,962,623,339
116900273,52,1170,-1118
116900274,253,79,174
116900275,600,255,345
116900276,335,689,-354
116900277,151,58,93
116900278,2,3,-1
116900279,2,29,-27
116900280,88,22,66
116900281,3729,7462,-3733
116900282,0,13,-13
116900283,4,40,-36
116900284,10,113,-103
116900285,160,716,-556
116900286,55,8,47
116900287,3,16,-13
116900288,197,23,174
116900289,38,1,37
116900290,22,1,21
116900291,33,13,20
116900292,1,57,-56
116900293,117,7,110
116900294,18,169,-151
116900295,297,736,-439
116900296,62,504,-442
116900297,2,154,-152
116900298,63,287,-224
116900299,24,420,-396
116900300,1,155,-154
116900301,51,1225,-1174
116900302,16,380,-364
116900303,284,180,104
116900304,1,240,-239
116900305,101,72,29
116900306,548,90,458
116900307,201,1,200
116900308,0,105,-105
116900309,326,21,305
116900310,53,32,21
117000001,3881,6640,-2759
117000002,2391,7249,-4858
117000003,7967,6310,1657
117000004,2700,10360,-7660
117000005,6214,4655,1559
117000006,1320,3383,-2063
117000007,11158,2171,8987
117000008,1304,3736,-2432
117000009,7134,2358,4776
117000010,1324,2802,-1478
117000011,5058,2163,2895
117000012,2644,1243,1401
117000013,4060,2200,1860
117000014,2281,3154,-873
117000015,5578,2574,3004
117000016,484,862,-378
117000017,143,3632,-3489
117000018,131,1337,-1206
117000019,79,122,-43
117000020,1462,2527,-1065
117000021,4842,1180,3662
117000022,325,825,-500
117000023,100,1255,-1155
117000024,105,1659,-1554
117000025,159,8372,-8213
117000026,2014,6392,-4378
117000027,2328,5120,-2792
117000028,1550,4536,-2986
117000030,555,744,-189
117000031,808,854,-46
117000032,2091,3125,-1034
117000033,2434,1696,738
117000034,385,443,-58
117000035,739,1062,-323
117000036,894,681,213
117000037,617,576,41
117000038,403,1082,-679
117000039,547,736,-189
117000040,155,704,-549
117000041,1514,207,1307
117000044,32,948,-916
117000045,2368,578,1790
117000046,789,1851,-1062
117000047,1737,1540,197
117000048,1643,1479,164
117000049,19,500,-481
117000050,740,1814,-1074
117000051,4253,90,4163
117000052,79,209,-130
117000053,1425,36,1389
117000054,2429,5,2424
117000055,22,1398,-1376
117000056,892,17,875
117000057,912,1903,-991
117000060,691,1955,-1264
117000061,4187,3197,990
117000062,286,1855,-1569
117000063,2770,1320,1450
117000064,854,1047,-193
117000066,607,1313,-706
117000067,107,697,-590
117000074,13,245,-232
117000076,50,49,1
117000077,336,125,211
117000078,304,938,-634
117000079,502,326,176
117000080,2,812,-810
117000081,1279,224,1055
117000082,48,105,-57
117000083,930,655,275
117000084,429,1,428
117000085,884,1188,-304
117000086,1004,423,581
117000087,220,775,-555
117000088,527,197,330
117000089,4069,288,3781
117000090,468,837,-369
117000091,2064,343,1721
117000092,693,915,-222
117000093,3075,698,2377
117000094,1292,1638,-346
117000095,4226,830,3396
117000096,1308,1367,-59
117000097,3445,1073,2372
117000098,1833,2220,-387
117000099,6775,1419,5356
117000100,306,303,3
117000101,162,673,-511
117000102,3670,780,2890
117000103,843,1190,-347
117000104,2778,799,1979
117000105,446,1204,-758
117000106,3241,849,2392
117000107,764,1596,-832
117000108,3644,1420,2224
117000109,1181,2312,-1131
117000110,2829,2906,-77
117000111,5648,6958,-1310
117000112,5724,1660,4064
117000113,257,153,104
117000114,496,416,80
117000115,101,66,35
117000116,378,614,-236
117000117,2752,1686,1066
117000118,725,874,-149
117000119,137,1506,-1369
117000120,49,3299,-3250
117000121,92,1626,-1534
117000122,2824,2593,231
117000123,6254,105,6149
117000124,88,615,-527
117000125,91,1714,-1623
117000126,27,169,-142
117000127,123,1721,-1598
117000128,175,3675,-3500
117000129,733,2589,-1856
117000130,582,1,581
117000131,0,286,-286
117000132,7306,21,7285
117000133,4984,16,4968
117000134,0,498,-498
117000135,7,291,-284
117000136,1,89,-88
117000137,442,157,285
117000138,4,1672,-1668
117000140,554,1161,-607
117000141,3107,832,2275
117000181,643,198,445
117000182,4065,1601,2464
117000195,272,591,-319
117000196,522,232,290
117000225,17,345,-328
117000226,6,508,-502
117000276,641,45,596
117000277,0,115,-115
117000310,1466,3897,-2431
117000315,684,1064,-380
117000320,131,0,131
117000906,965,7,958
117000907,4,287,-283
117000909,263,166,97
117000910,274,90,184
117000911,38,165,-127
117000915,1,147,-146
117000916,173,16,157
117000917,2405,85,2320
117000918,364,137,227
117000919,15,42,-27
117000920,3,1307,-1304
117000921,0,286,-286
117000922,65,122,-57
117000924,1574,1306,268
117000926,1801,1339,462
117000927,379,712,-333
117000928,0,205,-205
117000929,1563,204,1359
117000930,1182,42,1140
117000931,207,224,-17
117900002,59,1460,-1401
117900003,80,241,-161
117900005,8,405,-397
117900006,0,122,-122
117900007,252,116,136
117900008,0,10,-10
117900010,783,147,636
117900011,69,2060,-1991
117900012,146,52,94
117900013,2,299,-297
117900014,1480,316,1164
117900015,53,281,-228
117900016,1782,1330,452
117900017,2540,1618,922
117900018,579,1485,-906
117900019,1759,576,1183
117900020,40,319,-279
117900021,22,302,-280
117900023,5550,139,5411
117900024,191,247,-56
117900025,27,4,23
117900026,916,383,533
117900028,118,1,117
117900029,649,1380,-731
117900031,662,1533,-871
117900032,1094,666,428
117900033,1157,978,179
117900034,127,51,76
117900035,305,757,-452
117900036,783,508,275
117900037,272,87,185
117900038,93,112,-19
117900039,1,45,-44
117900040,270,138,132
117900041,1,33,-32
117900042,3526,959,2567
117900043,3,39,-36
117900044,167,8812,-8645
117900045,724,106,618
117900048,500,280,220
117900049,841,964,-123
117900050,22,1071,-1049
117900051,64,33,31
117900052,227,978,-751
117900053,2726,284,2442
117900054,3,32,-29
117900055,4233,557,3676
117900056,79,402,-323
117900057,1733,1089,644
117900058,52,349,-297
117900059,163,419,-256
117900060,3890,2698,1192
117900061,64,593,-529
117900063,1167,341,826
117900065,495,1317,-822
117900066,5,184,-179
117900067,1885,394,1491
117900069,2453,156,2297
117900070,62,799,-737
117900071,439,151,288
117900073,1361,284,1077
117900074,36,976,-940
117900075,238,119,119
117900076,132,332,-200
117900077,1046,183,863
117900078,714,715,-1
117900080,419,89,330
117900081,240,375,-135
117900082,950,407,543
117900083,1099,997,102
117900086,580,162,418
117900087,216,57,159
117900088,758,1288,-530
117900089,3706,619,3087
117900090,1514,920,594
117900091,181,124,57
117900092,241,173,68
117900093,169,43,126
117900094,116,75,41
117900095,1174,4858,-3684
117900096,399,1106,-707
117900097,149,63,86
117900098,98,25,73
117900099,691,2010,-1319
117900100,981,6,975
117900101,1724,3651,-1927
117900102,119,46,73
117900103,122,7,115
117900104,7,568,-561
117900105,122,322,-200
117900106,179,66,113
117900107,102,2,100
117900109,1324,317,1007
117900110,394,4,390
117900111,1949,202,1747
117900112,96,4,92
117900113,1385,3681,-2296
117900114,55,0,55
117900115,89,779,-690
117900116,771,787,-16
117900117,907,181,726
117900118,393,1,392
117900119,343,39,304
117900120,1630,296,1334
117900121,227,73,154
117900122,790,9078,-8288
117900123,2100,802,1298
117900124,262,836,-574
117900125,2147,1202,945
117900126,259,332,-73
117900127,1188,347,841
117900128,712,221,491
117900129,287,1,286
117900130,1249,820,429
117900131,5,160,-155
117900132,17,71,-54
117900133,66,67,-1
117900134,107,213,-106
117900135,75,46,29
117900136,0,9,-9
117900137,105,266,-161
117900138,0,1,-1
117900139,118,93,25
117900140,13464,1611,11853
117900141,93,661,-568
117900142,47,1149,-1102
117900144,56,2752,-2696
117900145,13,413,-400
117900146,185,388,-203
117900147,282,268,14
117900148,5794,5730,64
117900149,147,228,-81
117900150,130,126,4
117900151,61,417,-356
117900152,165,208,-43
117900153,7,314,-307
117900154,1244,1081,163
117900156,458,530,-72
117900157,146,843,-697
117900158,320,117,203
117900160,1100,858,242
117900161,1056,963,93
117900162,1434,576,858
117900163,47,1851,-1804
117900165,0,30,-30
117900166,14,547,-533
117900168,46,194,-148
117900169,3,90,-87
117900170,1,33,-32
117900171,2,15,-13
117900172,12,42,-30
117900173,121,66,55
117900174,20,42,-22
117900175,8,8,0
117900176,36,14,22
117900177,79,17,62
117900178,111,44,67
117900180,229,44,185
117900181,58,585,-527
117900182,1,64,-63
117900183,165,259,-94
117900184,52,143,-91
117900185,64,22,42
117900186,93,35,58
117900187,27,12,15
117900188,285,56,229
117900189,151,53,98
117900190,33,0,33
117900191,139,0,139
117900192,252,3,249
117900193,221,269,-48
117900194,17,1,16
117900195,30,129,-99
117900196,19,28,-9
117900207,62,147,-85
117900208,30,73,-43
117900209,324,84,240
117900210,104,82,22
117900211,0,59,-59
117900212,265,243,22
117900213,34,5,29
117900214,5,13,-8
117900215,260,22,238
117900216,124,134,-10
117900217,93,221,-128
117900218,117,278,-161
117900219,21,411,-390
117900220,13,695,-682
117900222,234,135,99
117900223,142,647,-505
118000001,767,5274,-4507
118000002,592,1337,-745
118000003,2958,9212,-6254
118000004,1553,13659,-12106
118000005,5944,3170,2774
118000006,10530,6412,4118
118000007,5951,16159,-10208
118000008,1231,10090,-8859
118000009,2281,4866,-2585
118000010,4662,5369,-707
118000011,3518,1276,2242
118000012,1651,2398,-747
118000013,4340,4591,-251
118000014,2716,2672,44
118000016,615,163,452
118000017,1099,442,657
118000018,604,160,444
118000019,1432,3098,-1666
118000020,561,2210,-1649
118000021,942,4373,-3431
118000022,1314,756,558
118000023,560,522,38
118000024,572,1010,-438
118000027,18246,8447,9799
118000029,1005,671,334
118000032,253,2499,-2246
118000033,1860,5908,-4048
118000034,3644,5764,-2120
118000035,2735,3182,-447
118000036,1140,1738,-598
118000037,1214,4027,-2813
118000038,835,121,714
118000039,217,84,133
118000040,2626,3067,-441
118000041,6090,2477,3613
118000045,270,300,-30
118000046,1715,2086,-371
118000047,759,4620,-3861
118000048,1862,7754,-5892
118000051,991,6324,-5333
118000052,436,2277,-1841
118000053,535,1356,-821
118000054,5374,881,4493
118000055,5305,1907,3398
118000056,92,890,-798
118000057,153,545,-392
118000058,1954,8958,-7004
118000059,1626,4727,-3101
118000060,1885,1131,754
118000061,1327,2203,-876
118000062,553,239,314
118000063,467,1255,-788
118000064,733,2109,-1376
118000065,1964,2715,-751
118000066,2566,5770,-3204
118000067,535,901,-366
118000068,970,15244,-14274
118000069,1240,1764,-524
118000070,11060,2957,8103
118000071,5667,14450,-8783
118000072,767,5789,-5022
118000073,483,3067,-2584
118000074,682,1417,-735
118000075,691,505,186
118000076,2878,14418,-11540
118000077,1581,4192,-2611
118000078,2515,4924,-2409
118000079,424,757,-333
118000080,569,2737,-2168
118000081,1871,2968,-1097
118000082,633,1896,-1263
118000083,1806,2752,-946
118000084,2485,3115,-630
118000086,239,958,-719
118000087,7782,3626,4156
118000088,1347,2673,-1326
118000089,6010,5448,562
118000090,1426,5767,-4341
118000091,1806,6308,-4502
118000092,1354,987,367
118000093,181,1002,-821
118000096,1220,1171,49
118000097,859,1274,-415
118000098,248,478,-230
118000099,1398,500,898
118000101,2934,478,2456
118000102,670,898,-228
118000107,4695,660,4035
118000108,1468,7119,-5651
118000110,1,103,-102
118000111,0,220,-220
118000112,2357,13,2344
118000113,5,442,-437
118000114,1567,34,1533
118000115,0,19,-19
118000116,95,0,95
118000117,718,2411,-1693
118000118,1628,3245,-1617
118000119,1781,3396,-1615
118000120,1442,1657,-215
118000121,22,1005,-983
118000122,838,431,407
118000123,180,444,-264
118000125,1370,3495,-2125
118000126,712,4557,-3845
118000127,1311,1980,-669
118000128,425,3981,-3556
118000129,2477,1537,940
118000130,3457,5279,-1822
118000131,666,1945,-1279
118000132,4011,3745,266
118000133,2474,1516,958
118000135,676,1696,-1020
118000136,117,2650,-2533
118000137,719,442,277
118000138,580,695,-115
118000139,859,334,525
118000140,6621,13377,-6756
118000141,4066,1920,2146
118000142,4956,2291,2665
118000143,4496,1859,2637
118000144,1145,543,602
118000145,1996,1298,698
118000146,2076,525,1551
118000147,1991,995,996
118000148,1594,1973,-379
118000149,1321,434,887
118000150,1129,575,554
118000151,1087,420,667
118000153,2392,1064,1328
118000154,2456,1614,842
118000155,3418,1111,2307
118000156,3159,5461,-2302
118000157,1171,441,730
118000158,596,854,-258
118000159,85,155,-70
118000160,943,421,522
118000161,1016,427,589
118000162,2335,1306,1029
118000163,1662,1418,244
118000164,3086,2178,908
118000168,492,1437,-945
118000169,1582,1092,490
118000170,3993,3310,683
118000171,554,857,-303
118000172,138,274,-136
118000173,1752,1961,-209
118000175,268,388,-120
118000176,615,532,83
118000177,421,928,-507
118000178,59,30,29
118000179,1081,987,94
118000180,648,645,3
118000181,795,241,554
118000182,475,264,211
118000183,383,354,29
118000184,2051,558,1493
118000185,574,2611,-2037
118000186,482,1920,-1438
118000187,4075,591,3484
118000188,1247,38,1209
118000189,1618,545,1073
118000190,6,25,-19
118000191,11,51,-40
118000192,30,292,-262
118000193,10,234,-224
118000194,3031,903,2128
118000195,297,9862,-9565
118000196,92,1465,-1373
118000197,119,313,-194
118000198,505,2850,-2345
118000199,357,1958,-1601
118000200,94,1581,-1487
118000201,111,1675,-1564
118000202,41,945,-904
118000203,320,1854,-1534
118000204,58,945,-887
118000205,218,542,-324
118000206,353,699,-346
118000207,0,87,-87
118000208,2284,1796,488
118000209,3768,1090,2678
118000210,198,56,142
118000211,201,48,153
118000213,514,9805,-9291
118000214,449,1570,-1121
118000215,647,160,487
118000216,13547,3110,10437
118000217,23,66,-43
118000218,154,23,131
118000219,257,347,-90
118000220,91,73,18
118000221,1011,1024,-13
118000222,113,5,108
118000223,95,42,53
118000224,309,83,226
118000225,309,2802,-2493
118000226,1862,188,1674
118000227,1946,1392,554
118000228,89,668,-579
118000229,36,1732,-1696
118000230,118,485,-367
118000231,52,857,-805
118000232,1731,294,1437
118000233,1663,727,936
118000234,844,127,717
118000236,281,848,-567
118000237,209,187,22
118000238,315,225,90
118000239,421,850,-429
118000240,128,104,24
118000241,505,186,319
118000242,641,271,370
118000243,493,146,347
118000244,173,56,117
118000246,0,39,-39
118000255,49,482,-433
118000256,139,278,-139
118000259,12,123,-111
118000260,417,99,318
118000261,117,40,77
118000263,236,298,-62
118000266,335,271,64
118000267,3,768,-765
118000268,489,14,475
118000270,507,2,505
118000271,352,317,35
118000272,106,14,92
118000273,565,35,530
118000274,180,696,-516
118000276,525,183,342
118000295,63,197,-134
118000298,179,107,72
118000299,120,76,44
118000301,3,386,-383
118000302,223,37,186
118000311,1915,45,1870
118000312,664,126,538
118000313,119,41,78
118000314,291,20,271
118000315,82,29,53
118000316,1478,502,976
118000325,104,37,67
118000326,63,44,19
118000331,71,16,55
118000332,29,55,-26
118000333,26,71,-45
118000335,992,0,992
118000336,0,256,-256
118000407,425,43,382
118000457,25,159,-134
118000465,706,3271,-2565
118000480,149,78,71
118000489,8,878,-870
118000490,16,548,-532
118000492,944,181,763
118000510,80,27,53
118000514,127,993,-866
118000515,562,1927,-1365
118000517,682,314,368
118000524,144,749,-605
118000525,561,814,-253
118000530,23,326,-303
118000531,613,301,312
118000532,440,273,167
118000533,361,139,222
118000534,1050,583,467
118000535,613,136,477
118000536,62,643,-581
118000537,14,215,-201
118000538,74,216,-142
118000539,43,172,-129
118000540,205,509,-304
118000541,62,204,-142
118000542,171,676,-505
118000543,355,640,-285
118000546,41,41,0
118000553,0,0,0
118000560,1728,3600,-1872
118000562,102,175,-73
118000563,2125,1116,1009
118000576,328,43,285
118000577,461,285,176
118000578,132,55,77
118000579,1085,3405,-2320
118000583,0,0,0
118000595,273,56,217
118000596,1,1091,-1090
118000597,453,192,261
118000598,30,0,30
118000599,354,110,244
118000600,5,13,-8
118000601,14,0,14
118000602,1,14,-13
118000603,0,47,-47
118000605,177,154,23
118000606,46,17,29
118900001,828,1572,-744
118900002,1398,1178,220
118900003,747,2,745
118900004,271,124,147
118900005,121,2,119
118900006,346,8,338
118900007,2,1,1
118900008,1810,70,1740
118900009,211,137,74
118900010,100,21,79
118900011,146,9,137
118900012,382,393,-11
118900013,2738,531,2207
118900015,278,61,217
118900016,2,10,-8
118900017,32,439,-407
118900018,1650,29,1621
118900019,4,6,-2
118900020,24,326,-302
118900021,72,1333,-1261
118900022,145,23,122
118900023,95,302,-207
118900024,79,232,-153
118900025,13,50,-37
118900026,90,12,78
118900027,801,211,590
118900028,257,119,138
118900029,244,689,-445
118900030,1029,102,927
118900031,112,43,69
118900032,373,118,255
118900033,409,1104,-695
118900034,314,127,187
118900035,135,132,3
118900036,1723,408,1315
118900037,325,1308,-983
118900038,815,73,742
118900039,901,192,709
118900040,255,139,116
118900041,974,514,460
118900042,127,67,60
118900045,237,212,25
118900046,355,396,-41
118900047,553,763,-210
118900048,304,905,-601
118900049,199,42,157
118900050,153,21,132
118900051,101,387,-286
118900052,262,750,-488
118900053,24,161,-137
118900054,334,25,309
118900055,342,6,336
118900056,24,578,-554
118900057,927,497,430
118900058,829,877,-48
118900059,32,203,-171
118900060,139,94,45
118900062,383,146,237
118900064,340,733,-393
118900065,108,208,-100
118900066,181,94,87
118900067,4968,5400,-432
118900068,9,726,-717
118900069,826,373,453
118900071,10,6,4
118900072,1505,1145,360
118900073,400,151,249
118900074,416,99,317
118900075,357,21,336
118900076,347,399,-52
118900077,673,166,507
118900078,0,0,0
118900079,87,215,-128
118900080,78,60,18
118900081,46,155,-109
118900082,2832,301,2531
118900083,43,3,40
118900084,16,45,-29
118900085,492,404,88
118900086,38,158,-120
118900087,158,1222,-1064
118900088,2,4,-2
118900089,26,43,-17
118900090,403,173,230
118900091,186,333,-147
118900092,420,40,380
118900093,69,29,40
118900096,205,411,-206
118900097,427,632,-205
118900099,46,146,-100
118900100,70,318,-248
118900101,186,101,85
118900102,21,155,-134
118900103,3,122,-119
118900104,284,77,207
118900105,188,88,100
118900107,69,50,19
118900108,107,179,-72
118900110,1991,1621,370
118900111,1240,474,766
118900112,347,633,-286
118900113,98,453,-355
118900114,22,203,-181
118900115,102,431,-329
118900116,70,225,-155
118900117,140,159,-19
118900118,406,406,0
118900119,294,349,-55
118900120,123,397,-274
118900121,30,255,-225
118900122,8,1163,-1155
118900123,192,372,-180
118900124,202,361,-159
118900126,59,422,-363
118900129,405,217,188
118900130,9,317,-308
118900131,784,109,675
118900132,380,293,87
118900133,7,255,-248
118900135,472,255,217
118900136,474,268,206
118900137,3,133,-130
118900139,604,253,351
118900140,1048,499,549
118900141,183,101,82
118900144,423,321,102
118900145,41,248,-207
118900146,740,446,294
118900147,219,1409,-1190
118900148,123,70,53
118900150,159,779,-620
118900152,553,436,117
118900157,86,465,-379
118900158,300,23,277
118900159,1,244,-243
118900161,89,26,63
118900163,122,48,74
118900164,0,65,-65
118900165,101,43,58
118900166,1,2,-1
118900167,119,28,91
118900168,28,103,-75
118900169,180,109,71
118900170,352,75,277
118900171,89,60,29
118900174,90,39,51
118900175,634,314,320
118900176,298,245,53
118900177,52,1,51
118900178,127,79,48
118900179,5,10,-5
118900181,320,73,247
118900182,48,34,14
118900183,69,216,-147
118900184,254,86,168
118900185,379,43,336
118900186,67,309,-242
118900187,126,1062,-936
118900188,390,395,-5
118900189,67,902,-835
118900190,109,206,-97
118900191,830,66,764
118900192,795,41,754
118900193,1600,7,1593
118900195,173,455,-282
118900196,55,202,-147
118900197,529,75,454
118900198,66,1,65
118900199,141,2,139
118900200,45,23,22
118900201,31,70,-39
118900202,3,72,-69
118900203,53,16,37
118900204,26,4,22
118900205,1,1,0
118900206,0,0,0
119000001,1885,2748,-863
119000002,4097,4110,-13
119000003,4687,1162,3525
119000004,3249,3115,134
119000005,2974,3774,-800
119000006,6663,2239,4424
119000007,5791,5295,496
119000008,2996,2792,204
119000009,3150,9158,-6008
119000010,5506,5987,-481
119000011,2227,2417,-190
119000012,1305,3492,-2187
119000013,3773,2098,1675
119000014,1950,2288,-338
119000019,350,175,175
119000020,3196,1946,1250
119000021,7289,4499,2790
119000022,1507,5783,-4276
119000023,306,456,-150
119000024,2290,31515,-29225
119000025,5136,1238,3898
119000026,72,554,-482
119000027,118,400,-282
119000028,2142,720,1422
119000029,102,279,-177
119000030,733,752,-19
119000031,1547,788,759
119000032,1791,1735,56
119000033,2244,1060,1184
119000034,1664,694,970
119000035,32,231,-199
119000036,4344,519,3825
119000037,2457,836,1621
119000038,871,387,484
119000039,1352,621,731
119000040,1347,1417,-70
119000041,1125,1866,-741
119000048,2432,1844,588
119000049,5056,3224,1832
119000050,1502,2556,-1054
119000051,3548,1954,1594
119000052,5138,2889,2249
119000053,2942,1425,1517
119000054,4468,1406,3062
119000055,8532,1695,6837
119000056,6259,1827,4432
119000057,2543,924,1619
119000058,2093,1390,703
119000059,1609,1840,-231
119000060,2709,837,1872
119000061,1332,605,727
119000062,1147,1004,143
119000063,1153,1204,-51
119000064,1165,920,245
119000065,1397,3854,-2457
119000066,2367,1621,746
119000067,2289,1541,748
119000068,2518,859,1659
119000069,2695,1494,1201
119000070,4214,619,3595
119000071,676,544,132
119000072,5459,2872,2587
119000073,4473,15346,-10873
119000074,2559,1815,744
119000075,5609,2753,2856
119000076,221,1187,-966
119000077,893,556,337
119000078,573,488,85
119000079,362,680,-318
119000080,680,55,625
119000081,374,855,-481
119000082,1454,299,1155
119000083,946,548,398
119000084,524,537,-13
119000085,1003,157,846
119000086,297,942,-645
119000087,874,304,570
119000088,276,575,-299
119000090,291,75,216
119000091,83,171,-88
119000092,252,257,-5
119000093,5557,3211,2346
119000094,6672,7700,-1028
119000095,4074,8282,-4208
119000097,2418,1183,1235
119000098,1638,8817,-7179
119000099,2419,1058,1361
119000100,7030,4017,3013
119000101,3333,1889,1444
119000102,455,2079,-1624
119000103,649,626,23
119000104,1763,1149,614
119000105,1302,4382,-3080
119000106,484,769,-285
119000107,1928,758,1170
119000108,1022,1088,-66
119000109,225,665,-440
119000110,340,412,-72
119000111,97,988,-891
119000112,154,212,-58
119000113,884,368,516
119000114,2007,1675,332
119000115,178,231,-53
119000116,190,195,-5
119000117,211,550,-339
119000118,21,1,20
119000123,1973,4567,-2594
119000124,2030,315,1715
119000125,8419,718,7701
119000126,3282,677,2605
119000127,1314,449,865
119000128,30,2,28
119000131,1891,234,1657
119000132,3,1,2
119000133,11,13,-2
119000134,1880,957,923
119000135,298,250,48
119000136,715,146,569
119000137,372,157,215
119000138,1416,79,1337
119000139,151,94,57
119000140,341,394,-53
119000284,1374,1864,-490
119000285,1881,1124,757
119000286,3747,3067,680
119000287,1458,1510,-52
119000288,2876,1109,1767
119000289,1509,3175,-1666
119000290,285,301,-16
119000291,88,455,-367
119000293,287,281,6
119000294,76,41,35
119000295,2772,310,2462
119000296,544,378,166
119000302,3679,1440,2239
119000303,190,283,-93
119000310,0,0,0
119000314,1891,16830,-14939
119000315,0,130,-130
119000316,463,89,374
119000317,157,78,79
119000319,699,180,519
119900001,107,3168,-3061
119900002,310,346,-36
119900003,20,308,-288
119900004,133,3824,-3691
119900005,398,108,290
119900006,56,628,-572
119900007,625,353,272
119900008,13,52,-39
119900009,523,294,229
119900010,756,531,225
119900011,37,449,-412
119900012,33,160,-127
119900013,2010,1766,244
119900014,485,149,336
119900015,650,79,571
119900016,59,102,-43
119900017,108,85,23
119900018,1068,1953,-885
119900019,140,4,136
119900020,120,206,-86
119900021,242,59,183
119900022,122,798,-676
119900023,608,5260,-4652
119900025,627,45,582
119900026,863,105,758
119900027,5,16,-11
119900028,399,295,104
119900029,6,2,4
119900030,563,369,194
119900031,64,1952,-1888
119900033,904,238,666
119900034,1344,36,1308
119900037,382,2,380
119900038,20,651,-631
119900039,113,12,101
119900040,236,79,157
119900041,414,7,407
119900042,67,425,-358
119900043,293,115,178
119900044,240,947,-707
119900046,431,18,413
119900047,440,246,194
119900048,574,10,564
119900049,320,2,318
119900050,75,141,-66
119900051,1999,35,1964
119900052,287,11,276
119900053,472,141,331
119900054,702,15,687
119900055,1490,418,1072
119900057,566,14,552
119900058,558,6,552
119900059,50,38,12
119900060,335,41,294
119900061,612,2,610
119900062,210,7,203
119900063,12,151,-139
119900065,202,7,195
119900067,225,11,214
119900068,1047,6,1041
119900069,110,14,96
119900070,839,3,836
119900071,766,19,747
119900073,1589,337,1252
119900074,6,46,-40
119900075,1884,1591,293
119900076,2079,171,1908
119900077,1405,347,1058
119900078,982,671,311
119900079,1441,63,1378
119900080,622,471,151
119900081,1835,61,1774
119900082,2461,181,2280
119900083,800,27,773
119900084,383,716,-333
119900085,38,16,22
119900086,590,543,47
119900087,288,951,-663
119900088,35,19,16
119900089,45,163,-118
119900090,102,18,84
119900091,56,228,-172
119900092,53,539,-486
119900093,2668,172,2496
119900094,26,334,-308
119900095,93,61,32
119900096,39,78,-39
119900097,94,258,-164
119900098,51,14,37
119900099,29,99,-70
119900100,585,2907,-2322
119900101,216,1177,-961
119900102,48,123,-75
119900103,37,99,-62
119900104,39,74,-35
119900105,589,2703,-2114
119900106,11,76,-65
119900107,283,1170,-887
119900108,3416,615,2801
119900109,5,92,-87
119900110,791,417,374
119900111,243,69,174
119900112,819,1493,-674
119900113,52,224,-172
119900114,375,441,-66
119900115,690,259,431
119900116,127,622,-495
119900117,684,342,342
119900118,189,141,48
119900119,588,117,471
119900120,431,271,160
119900121,1014,389,625
119900122,73,148,-75
119900123,154,254,-100
119900124,531,280,251
119900125,35,219,-184
119900126,2273,143,2130
119900127,619,393,226
119900128,689,512,177
119900129,455,169,286
119900130,1,166,-165
119900131,62,81,-19
119900132,0,30,-30
119900133,150,57,93
119900134,552,105,447
119900135,1,190,-189
119900136,83,151,-68
119900138,177,365,-188
119900139,12,226,-214
119900140,0,41,-41
119900141,31,1312,-1281
119900142,8,22,-14
119900143,26,164,-138
119900144,1164,242,922
119900145,128,189,-61
119900146,264,132,132
119900147,0,212,-212
119900148,497,28,469
119900149,468,9622,-9154
119900150,63,124,-61
119900151,2195,1008,1187
119900152,318,101,217
119900153,258,64,194
119900154,9,388,-379
119900155,63,12,51
119900156,23,2,21
119900157,404,122,282
119900158,262,105,157
119900159,10,379,-369
119900160,22,173,-151
119900161,185,117,68
119900162,1579,525,1054
119900163,58,121,-63
119900164,0,12,-12
119900165,295,64,231
119900166,85,68,17
119900167,7,68,-61
119900168,2331,231,2100
119900169,43,378,-335
119900170,169,303,-134
119900171,933,375,558
119900172,28,16,12
119900173,3,208,-205
119900174,2,149,-147
119900175,3276,428,2848
119900177,18,114,-96
119900178,2,104,-102
119900179,285,1364,-1079
119900180,1930,743,1187
119900181,8,127,-119
119900182,0,110,-110
119900183,134,567,-433
119900184,602,287,315
119900185,85,585,-500
119900186,10,2183,-2173
119900187,57,224,-167
119900188,216,308,-92
119900189,123,434,-311
119900190,126,412,-286
119900191,178,595,-417
119900192,48,170,-122
119900193,723,232,491
119900194,18,76,-58
119900195,12,230,-218
119900196,268,87,181
119900197,409,201,208
119900198,153,282,-129
119900199,242,19,223
119900200,1177,595,582
119900201,238,156,82
119900202,44,366,-322
119900203,188,1045,-857
119900204,323,330,-7
119900205,1644,258,1386
119900206,439,226,213
119900208,188,195,-7
119900209,639,3108,-2469
119900210,128,19,109
119900211,48,1,47
119900212,888,381,507
119900213,13,74,-61
119900214,193,26,167
119900215,129,21,108
119900216,21,20,1
119900217,1,10,-9
119900218,12,131,-119
119900219,18,41,-23
119900220,8,28,-20
119900221,46,36,10
119900222,35,49,-14
119900223,13,24,-11
119900224,60,7,53
119900225,286,31,255
119900226,167,2417,-2250
119900227,228,163,65
119900228,24,253,-229
119900229,79,217,-138
119900230,851,217,634
119900231,313,102,211
119900232,175,90,85
119900233,77,4,73
119900234,16,176,-160
119900235,6,53,-47
119900236,17,186,-169
119900237,59,245,-186
119900238,0,170,-170
119900240,108,111,-3
119900241,280,189,91
119900242,1869,1369,500
119900244,569,1044,-475
119900245,352,300,52
119900246,136,510,-374
119900247,11,108,-97
119900248,52,771,-719
119900249,458,95,363
119900253,1471,290,1181
119900254,112,1963,-1851
119900255,114,736,-622
119900256,924,210,714
119900257,170,4,166
119900258,171,2,169
119900259,49,75,-26
119900260,257,9,248
119900261,831,226,605
119900262,1,188,-187
119900263,2050,198,1852
119900264,310,63,247
119900265,603,415,188
119900266,768,161,607
119900267,154,271,-117
119900268,445,60,385
119900269,1631,532,1099
119900271,31,112,-81
119900272,111,252,-141
119900275,208,25,183
119900276,239,8,231
119900277,28,3,25
119900278,645,85,560
119900279,134,468,-334
119900280,771,49,722
119900281,0,522,-522
119900282,18,99,-81
119900283,41,67,-26
119900284,24,149,-125
119900285,21,111,-90
119900286,1,17,-16
119900288,2,8,-6
119900289,0,22,-22
119900290,1,2,-1
119900291,0,34,-34
119900292,60,144,-84
119900293,34,27,7
119900294,60,27,33
119900295,35,9,26
119900296,163,33,130
119900297,2,11,-9
119900298,6,1,5
119900299,86,299,-213
119900300,348,347,1
119900301,51,419,-368
119900302,42,411,-369
119900303,379,307,72
119900304,243,45,198
119900305,17,122,-105
119900306,16,3,13
119900307,51,97,-46
119900308,3,47,-44
119900309,30,523,-493
119900310,288,199,89
119900311,286,33,253
119900312,304,55,249
119900313,277,233,44
119900314,280,539,-259
119900315,3095,1053,2042
119900318,49,128,-79
119900319,0,77,-77
119900320,565,332,233
119900321,332,18,314
120000001,10636,47602,-36966
120000002,3356,3253,103
120000003,2691,1292,1399
120000004,3642,1296,2346
120000005,2780,1537,1243
120000006,2269,1329,940
120000007,3566,6575,-3009
120000008,1552,1219,333
120000009,1939,1071,868
120000010,3567,3660,-93
120000011,1751,1601,150
120000012,2416,2030,386
120000013,6344,4149,2195
120000014,1600,2474,-874
120000015,4777,2895,1882
120000016,5598,3173,2425
120000017,6218,6238,-20
120000018,4411,26719,-22308
120000019,1911,2178,-267
120000020,2961,4326,-1365
120000021,2513,2480,33
120000022,2887,4178,-1291
120000023,1920,2277,-357
120000024,1308,2636,-1328
120000025,3653,2157,1496
120000026,5164,2858,2306
120000027,3358,2409,949
120000028,1129,3425,-2296
120000029,1515,2066,-551
120000030,225,1417,-1192
120000031,2169,7206,-5037
120000032,4977,3062,1915
120000033,5072,1606,3466
120000034,5164,1362,3802
120000035,5000,2135,2865
120000036,5173,7080,-1907
120000037,864,2412,-1548
120000038,4484,4977,-493
120000039,796,2032,-1236
120000040,84,1757,-1673
120000041,554,1652,-1098
120000042,2421,1870,551
120000043,6007,705,5302
120000044,8409,1237,7172
120000045,11892,865,11027
120000046,6219,4440,1779
120000047,653,14475,-13822
120000048,12895,5566,7329
120000049,6096,6159,-63
120000050,4658,8428,-3770
120000051,2860,5559,-2699
120000052,6797,1239,5558
120000053,2031,1479,552
120000054,1690,2219,-529
120000055,1982,2879,-897
120000056,5566,3502,2064
120000057,5328,2307,3021
120000058,1542,2247,-705
120000059,11,2230,-2219
120000061,240,985,-745
120000062,240,371,-131
120000063,547,1593,-1046
120000064,524,733,-209
120000065,375,1906,-1531
120000066,132,436,-304
120000067,31,184,-153
120000068,466,260,206
120000069,1271,344,927
120000070,339,410,-71
120000071,1201,95,1106
120000072,1631,689,942
120000073,1620,69,1551
120000074,58,136,-78
120000075,1758,565,1193
120000076,3889,477,3412
120000077,3641,719,2922
120000078,2619,1355,1264
120000079,783,515,268
120000080,329,403,-74
120000081,426,155,271
120000082,664,392,272
120000083,68,1649,-1581
120000084,385,341,44
120000085,334,505,-171
120000086,271,310,-39
120000087,336,258,78
120000088,1263,1467,-204
120000089,1233,394,839
120000090,1181,603,578
120000091,1789,796,993
120000092,1224,301,923
120000093,1232,586,646
120000094,611,1237,-626
120000095,1234,247,987
120000096,679,342,337
120000098,837,522,315
120000099,408,624,-216
120000100,969,599,370
120000101,1282,390,892
120000102,1663,1573,90
120000103,2308,1295,1013
120000104,3368,593,2775
120000105,5054,419,4635
120000106,5671,453,5218
120000107,9882,513,9369
120000108,3553,136,3417
120000109,1985,84,1901
120000110,43,894,-851
120000111,91,723,-632
120000112,605,1357,-752
120000113,827,1070,-243
120000114,512,1279,-767
120000115,397,1146,-749
120000116,548,1507,-959
120000117,665,1097,-432
120000118,190,108,82
120000119,59,66,-7
120000120,274,173,101
120000121,22,44,-22
120000122,577,657,-80
120000123,2601,15427,-12826
120000124,808,1810,-1002
120000125,1920,587,1333
120000126,500,3269,-2769
120000127,1125,2048,-923
120000128,2984,7164,-4180
120000129,513,696,-183
120000130,1673,1297,376
120000131,960,777,183
120000134,545,387,158
120000135,1462,779,683
120000137,376,331,45
120000138,3180,221,2959
120000139,518,312,206
120000140,2450,160,2290
120000141,524,907,-383
120000142,1466,865,601
120000143,0,62,-62
120000144,201,16,185
120000145,1494,6,1488
120000146,1359,2888,-1529
120000149,761,673,88
120000150,2113,16823,-14710
120000151,909,550,359
120000152,1414,158,1256
120000153,736,634,102
120000154,1105,1094,11
120000155,544,884,-340
120000156,1020,4588,-3568
120000157,1632,771,861
120000158,1506,634,872
120000159,3130,1750,1380
120000160,2754,2146,608
120000161,5484,3109,2375
120000162,256,553,-297
120000163,1391,683,708
120000164,906,153,753
120000165,1394,455,939
120000166,2405,441,1964
120000167,221,268,-47
120000168,2,648,-646
120000169,36,1879,-1843
120000170,19,2027,-2008
120000171,6,696,-690
120000172,11,591,-580
120000173,192,1250,-1058
120000174,19,76,-57
120000175,32,111,-79
120000176,33,76,-43
120000177,627,117,510
120000178,1,10,-9
120000179,8,48,-40
120000180,16,54,-38
120000181,34,1339,-1305
120000182,9,1090,-1081
120000183,2,337,-335
120000184,159,1305,-1146
120000186,11,1948,-1937
120000187,15,854,-839
120000188,30,821,-791
120000190,21,69,-48
120000191,54,107,-53
120000192,71,14,57
120000193,27,6,21
120000195,5,1,4
120000196,16,2,14
120000197,5,7,-2
120000198,462,25,437
120000199,840,2,838
120000200,637,4,633
120000201,109,132,-23
120000202,1,62,-61
120000203,330,104,226
120000207,2,60,-58
120000208,24,56,-32
120000209,61,13,48
120000210,806,579,227
120000211,295,8,287
120000212,326,1,325
120000213,217,107,110
120000214,0,36,-36
120000215,6,33,-27
120000216,334,26,308
120000217,201,695,-494
120000218,21,392,-371
120000219,0,221,-221
120000220,1,574,-573
120000225,3938,6,3932
120000226,797,20,777
120000227,1391,148,1243
120000228,10821,6285,4536
120000230,839,37,802
120000231,2653,754,1899
120000233,1201,62,1139
120000235,596,483,113
120000236,2281,5,2276
120000237,0,746,-746
120000238,0,482,-482
120000241,1589,6524,-4935
120000412,331,8,323
120000413,1287,274,1013
120000414,623,20,603
120000415,2,48,-46
120000416,364,17,347
120000417,44,412,-368
120000418,718,28,690
120000419,30,31,-1
120000420,257,62,195
120000421,9337,4599,4738
120000422,117,4699,-4582
120000423,1,167,-166
120000424,529,117,412
120000436,236,2053,-1817
120000437,66,177,-111
120000438,2017,295,1722
120000439,481,1065,-584
120000443,292,0,292
120000444,2634,592,2042
120000445,3406,2472,934
120000446,3403,654,2749
120000447,1014,1,1013
120000449,547,15,532
120000450,30,136,-106
120000451,411,290,121
120000452,158,0,158
120000453,0,27,-27
120000454,114,180,-66
120000455,223,83,140
120000456,1999,8006,-6007
120000457,399,367,32
120000458,469,755,-286
120000459,316,160,156
120000665,91,452,-361
120000668,146,2815,-2669
120000669,531,162,369
120000670,88,1035,-947
120000671,5049,1389,3660
120000672,103,467,-364
120900001,117,66,51
120900002,134,821,-687
120900003,265,24,241
120900004,21,351,-330
120900005,3,273,-270
120900006,1486,284,1202
120900007,410,91,319
120900008,862,445,417
120900009,313,28,285
120900010,1240,253,987
120900011,63,465,-402
120900012,15,1700,-1685
120900013,527,199,328
120900014,2,351,-349
120900015,1338,161,1177
120900016,3221,121,3100
120900017,2304,35,2269
120900018,329,170,159
120900019,625,545,80
120900020,514,927,-413
120900021,591,200,391
120900022,6,318,-312
120900023,652,116,536
120900024,1616,497,1119
120900025,1254,952,302
120900026,150,143,7
120900027,571,43,528
120900028,921,268,653
120900029,34,1614,-1580
120900030,4014,730,3284
120900031,522,115,407
120900032,2347,110,2237
120900033,2115,133,1982
120900034,26,5816,-5790
120900035,132,64,68
120900037,697,14,683
120900038,278,714,-436
120900039,270,42,228
120900040,571,6,565
120900041,25,19,6
120900042,899,42,857
120900043,129,60,69
120900044,6,840,-834
120900045,202,55,147
120900046,1380,18,1362
120900047,308,249,59
120900048,374,34,340
120900049,1120,5,1115
120900050,1112,4649,-3537
120900051,494,87,407
120900052,1925,7,1918
120900053,880,40,840
120900054,863,389,474
120900055,1302,10,1292
120900056,1458,36,1422
120900057,630,11,619
120900058,1240,3,1237
120900059,302,11,291
120900060,141,20,121
120900061,370,206,164
120900062,787,0,787
120900063,2511,19,2492
120900064,1531,3,1528
120900065,1400,1,1399
120900066,1327,102,1225
120900067,305,159,146
120900068,536,1,535
120900069,1239,17,1222
120900071,80,0,80
120900072,2282,29,2253
120900073,2070,61,2009
120900074,1512,72,1440
120900076,1063,39,1024
120900077,1545,436,1109
120900078,1438,386,1052
120900079,2448,135,2313
120900080,2739,446,2293
120900081,3751,376,3375
120900082,308,613,-305
120900083,145,6,139
120900084,1067,649,418
120900085,66,93,-27
120900086,50,1054,-1004
120900087,764,329,435
120900088,270,1182,-912
120900089,1860,6224,-4364
120900090,489,24,465
120900091,269,1010,-741
120900092,203,235,-32
120900093,1291,94,1197
120900094,257,200,57
120900095,441,25,416
120900096,119,119,0
120900097,973,535,438
120900098,128,167,-39
120900099,51,88,-37
120900100,91,173,-82
120900101,43,159,-116
120900102,148,61,87
120900103,134,273,-139
120900104,27,49,-22
120900105,57,660,-603
120900106,326,211,115
120900107,85,148,-63
120900108,64,240,-176
120900109,94,390,-296
120900110,20,127,-107
120900111,246,175,71
120900112,50,208,-158
120900113,68,419,-351
120900114,42,172,-130
120900115,174,331,-157
120900116,1324,144,1180
120900117,19,90,-71
120900118,80,168,-88
120900119,9941,2551,7390
120900120,93,745,-652
120900121,21,255,-234
120900122,1655,188,1467
120900123,18,106,-88
120900124,0,175,-175
120900125,5,331,-326
120900126,228,559,-331
120900127,38,173,-135
120900128,502,611,-109
120900129,18,134,-116
120900130,6,183,-177
120900131,243,251,-8
120900132,2153,111,2042
120900133,68,625,-557
120900134,215,175,40
120900135,10,229,-219
120900136,55,163,-108
120900137,644,95,549
120900138,3,130,-127
120900139,2,144,-142
120900140,3,211,-208
120900141,207,342,-135
120900142,3,134,-131
120900143,2,128,-126
120900144,0,38,-38
120900145,205,1288,-1083
120900146,0,144,-144
120900147,2,26,-24
120900148,209,92,117
120900149,0,177,-177
120900150,116,198,-82
120900151,0,92,-92
120900152,0,8,-8
120900153,0,0,0
120900154,0,203,-203
120900155,318,323,-5
120900156,668,244,424
120900157,1,2,-1
120900158,139,274,-135
120900159,4,38,-34
120900160,74,471,-397
120900161,56,303,-247
120900162,44,535,-491
120900163,89,989,-900
120900164,0,75,-75
120900165,1,173,-172
120900166,77,938,-861
120900167,136,113,23
120900169,223,227,-4
120900170,236,7370,-7134
120900171,419,100,319
120900172,44,2027,-1983
120900173,1,80,-79
120900174,4,180,-176
120900175,292,160,132
120900176,37,519,-482
120900177,3,3096,-3093
120900178,0,586,-586
120900179,136,250,-114
120900180,46,363,-317
120900181,85,68,17
120900182,80,94,-14
120900183,764,93,671
120900184,263,91,172
120900185,1196,2631,-1435
120900186,0,106,-106
120900187,817,610,207
120900188,646,17,629
120900189,81,7076,-6995
120900190,550,8,542
120900191,398,28,370
120900192,5943,24370,-18427
120900194,106,209,-103
120900195,79,231,-152
120900196,251,175,76
120900197,1045,144,901
120900198,170,299,-129
120900199,399,375,24
120900200,17,105,-88
120900201,204,100,104
120900202,2,114,-112
120900203,57,89,-32
120900204,129,206,-77
120900205,178,24,154
120900206,105,91,14
120900207,27,719,-692
121000001,1031,3949,-2918
121000002,2830,3223,-393
121000003,9438,2839,6599
121000004,2645,4391,-1746
121000005,2920,3834,-914
121000006,3160,3790,-630
121000007,3530,8668,-5138
121000008,3832,6202,-2370
121000009,6190,10673,-4483
121000010,7223,7209,14
121000011,8043,8142,-99
121000012,12122,5212,6910
121000013,7438,6654,784
121000014,5884,4842,1042
121000015,6530,9527,-2997
121000016,4478,5522,-1044
121000017,2545,1616,929
121000018,3813,2244,1569
121000019,8715,7003,1712
121000020,10194,14972,-4778
121000021,2147,2193,-46
121000022,2540,3560,-1020
121000023,3049,1027,2022
121000024,4766,5719,-953
121000025,740,1984,-1244
121000026,596,307,289
121000027,2130,1788,342
121000028,1099,1268,-169
121000029,1069,1066,3
121000030,915,963,-48
121000031,545,1322,-777
121000032,172,207,-35
121000034,544,1925,-1381
121000035,393,837,-444
121000036,1366,1794,-428
121000037,789,2488,-1699
121000038,384,1296,-912
121000039,216,499,-283
121000041,557,587,-30
121000042,173,526,-353
121000043,755,694,61
121000044,1817,1459,358
121000045,508,260,248
121000046,1046,1197,-151
121000047,177,405,-228
121000049,1271,923,348
121000050,357,3036,-2679
121000051,842,614,228
121000052,489,1763,-1274
121000053,676,421,255
121000054,112,890,-778
121000055,1020,4350,-3330
121000056,1286,1789,-503
121000057,186,589,-403
121000058,276,132,144
121000059,3813,1641,2172
121000060,557,1400,-843
121000061,22,604,-582
121000062,171,1925,-1754
121000063,1106,1877,-771
121000064,729,1176,-447
121000065,246,1021,-775
121000066,883,2165,-1282
121000067,581,1022,-441
121000068,527,698,-171
121000069,160,1716,-1556
121000070,1353,2617,-1264
121000071,2173,2973,-800
121000072,722,2391,-1669
121000073,1151,2311,-1160
121000074,76,585,-509
121000075,5,242,-237
121000076,424,646,-222
121000077,154,226,-72
121000078,193,448,-255
121000080,3738,982,2756
121000081,5913,4851,1062
121000082,108,706,-598
121000083,58,289,-231
121000084,293,386,-93
121000085,682,706,-24
121000086,1969,585,1384
121000087,83,231,-148
121000088,641,542,99
121000089,241,590,-349
121000090,259,521,-262
121000091,1257,833,424
121000092,280,118,162
121000093,376,334,42
121000094,386,913,-527
121000095,133,1204,-1071
121000096,7763,2180,5583
121000097,725,3157,-2432
121000098,702,621,81
121000099,1116,550,566
121000100,1199,207,992
121000101,451,191,260
121000102,461,155,306
121000103,284,117,167
121000104,422,48,374
121000105,534,59,475
121000106,334,224,110
121000107,1951,3604,-1653
121000109,1541,951,590
121000110,181,899,-718
121000114,5219,3713,1506
121000115,4484,979,3505
121000116,495,1214,-719
121000117,264,490,-226
121000118,1853,438,1415
121000119,808,559,249
121000120,601,510,91
121000121,453,3498,-3045
121000123,750,559,191
121000127,126,238,-112
121000128,1343,153,1190
121000129,1333,161,1172
121000130,672,690,-18
121000131,1296,760,536
121000132,617,934,-317
121000135,203,263,-60
121000136,982,2259,-1277
121000137,1710,445,1265
121000138,485,1646,-1161
121000139,174,691,-517
121000141,340,408,-68
121000142,622,942,-320
121000143,142,23,119
121000144,704,771,-67
121000145,1084,1079,5
121000146,1397,2400,-1003
121000147,1390,763,627
121000148,1134,1325,-191
121000149,2768,3286,-518
121000152,342,511,-169
121000153,1830,583,1247
121000154,2531,804,1727
121000155,5124,1899,3225
121000156,584,1411,-827
121000157,1263,1305,-42
121000158,279,460,-181
121000159,284,610,-326
121000160,389,671,-282
121000161,298,423,-125
121000162,185,72,113
121000165,1334,2071,-737
121000166,56,813,-757
121000168,492,381,111
121000169,158,297,-139
121000170,334,87,247
121000171,163,369,-206
121000172,1819,2146,-327
121000173,2258,1855,403
121000174,1008,817,191
121000175,2365,1196,1169
121000176,813,551,262
121000177,1011,1197,-186
121000178,61,180,-119
121000179,65,74,-9
121000181,425,474,-49
121000182,205,734,-529
121000183,52,234,-182
121000184,49,345,-296
121000185,29,511,-482
121000186,490,1145,-655
121000187,391,126,265
121000188,516,131,385
121000192,909,612,297
121000193,920,546,374
121000194,3187,2997,190
121000195,358,2476,-2118
121000196,920,873,47
121000197,124,2548,-2424
121000198,233,374,-141
121000199,193,581,-388
121000200,771,324,447
121000201,23,442,-419
121000202,611,182,429
121000203,772,2690,-1918
121000204,4048,643,3405
121000205,113,333,-220
121000206,122,128,-6
121000207,2752,542,2210
121000208,3,371,-368
121000209,1384,116,1268
121000210,838,501,337
121000211,627,126,501
121000212,437,1029,-592
121000213,27798,4800,22998
121000214,2083,3037,-954
121000215,817,4116,-3299
121000216,786,923,-137
121000217,4817,4903,-86
121000218,591,4083,-3492
121000219,2146,1530,616
121000220,403,235,168
121000221,318,900,-582
121000222,8783,5323,3460
121000223,276,1652,-1376
121000224,138,710,-572
121000225,871,8676,-7805
121000226,1116,3311,-2195
121000227,6,49,-43
121000228,46,1071,-1025
121000229,826,887,-61
121000230,113,5139,-5026
121000231,2769,14,2755
121000232,723,455,268
121000233,1137,526,611
121000234,15,65,-50
121000235,72,130,-58
121000236,0,54,-54
121000237,9,49,-40
121000238,1,124,-123
121000239,78,7,71
121000240,11,219,-208
121000241,107,5,102
121000242,78,587,-509
121000243,191,72,119
121000244,1,74,-73
121000245,14,35,-21
121000246,1,105,-104
121000247,167,4,163
121000248,494,798,-304
121000249,160,690,-530
121000250,634,1003,-369
121000251,12,361,-349
121000252,129,220,-91
121000253,612,1354,-742
121000254,1193,699,494
121000255,145,795,-650
121000256,412,754,-342
121000257,21,330,-309
121000258,53,382,-329
121000259,18,362,-344
121000260,23,711,-688
121000261,28,497,-469
121000262,4667,382,4285
121000263,520,554,-34
121000271,1782,1980,-198
121000273,47,53,-6
121000274,14,312,-298
121000275,20,45,-25
121000276,13,129,-116
121000278,82,147,-65
121000279,40,188,-148
121000280,50,155,-105
121000289,461,18,443
121000290,2897,2424,473
121000294,293,70,223
121000297,374,1697,-1323
121000299,558,7661,-7103
121000300,2609,1093,1516
121000302,19,850,-831
121000303,1022,229,793
121000304,718,106,612
121000305,413,163,250
121000306,364,570,-206
121000308,63,333,-270
121000309,275,542,-267
121000310,138,470,-332
121000311,33,301,-268
121000312,954,663,291
121000313,425,293,132
121000314,24,55,-31
121000315,16,74,-58
121000530,2458,3226,-768
121000531,3066,2487,579
121000532,6271,6372,-101
121000533,4004,4681,-677
121000918,14,81,-67
121000919,22,89,-67
121000938,92,75,17
121000939,57,308,-251
121000956,1718,3106,-1388
121000957,3,33,-30
121000958,5,294,-289
121000959,2055,324,1731
121000960,2196,2026,170
121000961,645,46,599
121000962,511,503,8
121000963,0,0,0
121000973,1,349,-348
121000976,11,73,-62
121000979,823,210,613
121000981,588,112,476
121000982,651,330,321
121000983,877,206,671
121000984,3,100,-97
121000985,1170,829,341
121000986,854,439,415
121000987,514,1050,-536
121000988,1506,188,1318
121001302,390,185,205
121001308,0,38,-38
121001309,44,545,-501
121001313,367,117,250
121001314,2491,1846,645
121001315,6971,5011,1960
121001326,934,439,495
121900001,144,610,-466
121900002,72,366,-294
121900003,214,0,214
121900004,72,1443,-1371
121900005,12,13,-1
121900006,200,19,181
121900007,3870,1961,1909
121900008,58,266,-208
121900009,1886,58,1828
121900010,272,13,259
121900011,220,117,103
121900012,5,0,5
121900013,232,99,133
121900014,4898,611,4287
121900015,186,273,-87
121900016,20,87,-67
121900017,957,1238,-281
121900018,945,3,942
121900019,802,248,554
121900020,97,1,96
121900021,1300,67,1233
121900022,221,289,-68
121900023,260,678,-418
121900024,1032,46,986
121900025,738,853,-115
121900026,597,184,413
121900027,481,306,175
121900028,440,21,419
121900029,105,1104,-999
121900030,375,741,-366
121900031,2503,8307,-5804
121900032,191,125,66
121900033,151,444,-293
121900034,158,667,-509
121900035,11486,4286,7200
121900036,223,771,-548
121900037,89,1854,-1765
121900038,36,170,-134
121900039,271,30,241
121900040,37,107,-70
121900041,37,342,-305
121900042,493,190,303
121900043,0,2,-2
121900044,135,46,89
121900046,170,243,-73
121900047,240,194,46
121900048,67,112,-45
121900050,51,79,-28
121900051,189,516,-327
121900052,228,89,139
121900053,479,365,114
121900054,460,2889,-2429
121900055,0,24,-24
121900058,406,542,-136
121900059,257,197,60
121900060,163,911,-748
121900062,74,50,24
121900063,2142,700,1442
121900064,483,1050,-567
121900066,110,46,64
121900067,93,58,35
121900069,214,363,-149
121900070,88,223,-135
121900071,963,512,451
121900072,109,288,-179
121900073,170,516,-346
121900074,432,440,-8
121900075,328,1320,-992
121900076,525,2692,-2167
121900078,125,81,44
121900079,0,0,0
121900080,1181,253,928
121900082,131,216,-85
121900084,41,32,9
121900086,20,40,-20
121900087,56,185,-129
121900088,2049,2317,-268
121900089,425,261,164
121900090,13,71,-58
121900091,149,66,83
121900092,128,94,34
121900093,103,87,16
121900094,16,26,-10
121900095,415,125,290
121900096,933,1098,-165
121900097,949,169,780
121900098,14,0,14
121900099,323,36,287
121900100,51,239,-188
121900101,90,186,-96
121900102,0,104,-104
121900103,371,563,-192
121900104,2851,627,2224
121900105,279,171,108
121900106,2,15,-13
121900107,146,14,132
121900108,1,11,-10
121900109,252,147,105
121900110,989,775,214
121900111,1000,635,365
121900112,158,258,-100
121900113,111,637,-526
121900114,45,113,-68
121900117,151,743,-592
121900118,3827,752,3075
121900119,195,48,147
121900120,330,863,-533
121900121,732,45,687
121900122,55,27,28
121900123,379,407,-28
121900124,346,312,34
121900125,5519,1879,3640
121900127,12,192,-180
121900128,109,149,-40
121900129,381,62,319
121900130,162,793,-631
121900131,405,176,229
121900132,120,112,8
121900133,15,764,-749
121900134,12,654,-642
121900135,7059,573,6486
121900136,343,435,-92
121900137,42,461,-419
121900138,37,360,-323
121900139,550,5352,-4802
121900140,55,74,-19
121900141,66,74,-8
121900142,60,61,-1
121900143,66,68,-2
121900144,154,1078,-924
121900145,151,235,-84
121900146,424,841,-417
121900147,63,804,-741
121900148,465,648,-183
121900149,311,503,-192
121900150,68,639,-571
121900151,37,634,-597
121900152,206,51,155
121900153,7,135,-128
121900154,21,823,-802
121900155,2,536,-534
121900156,176,340,-164
121900157,0,376,-376
121900158,202,135,67
121900159,1,143,-142
121900160,218,315,-97
121900161,162,605,-443
121900162,115,407,-292
121900163,741,191,550
121900164,192,349,-157
121900165,204,327,-123
121900166,131,259,-128
121900167,43,77,-34
121900168,145,71,74
121900169,27,589,-562
121900170,18,82,-64
121900171,1020,1019,1
121900172,954,630,324
121900173,1127,615,512
121900174,83,52,31
121900175,61,1320,-1259
121900176,698,2933,-2235
121900177,219,112,107
121900178,34,146,-112
121900179,368,663,-295
121900180,2108,7692,-5584
121900182,758,1652,-894
121900183,347,2107,-1760
121900184,34,1488,-1454
121900186,13,826,-813
121900187,24,186,-162
121900188,1912,115,1797
121900189,147,121,26
121900190,321,640,-319
121900191,36,1388,-1352
121900192,351,4178,-3827
121900193,42,610,-568
121900194,16,239,-223
121900195,11,36,-25
121900196,1851,1350,501
121900197,449,1326,-877
121900198,6221,3828,2393
121900199,1,24,-23
121900200,23,325,-302
121900201,1434,909,525
121900202,438,1765,-1327
121900203,41,1739,-1698
121900204,2655,1876,779
121900205,36,178,-142
121900206,16,113,-97
121900207,74,70,4
121900208,83,1083,-1000
121900209,35,79,-44
121900210,3871,1643,2228
121900211,1857,621,1236
121900212,33,192,-159
121900213,681,39,642
121900214,5,546,-541
121900215,66,454,-388
121900216,10,575,-565
121900217,346,379,-33
121900218,100,1113,-1013
121900220,101,15,86
121900221,1065,559,506
121900222,491,92,399
121900223,216,261,-45
121900224,150,224,-74
121900225,173,1346,-1173
121900226,315,46,269
121900227,347,3829,-3482
121900228,186,130,56
121900230,68,485,-417
121900231,54,1711,-1657
121900232,207,1052,-845
121900233,1026,300,726
121900234,271,702,-431
121900235,722,125,597
121900236,358,335,23
121900237,361,1732,-1371
121900238,265,876,-611
121900239,114,69,45
121900240,134,293,-159
121900241,36,35,1
121900242,57,0,57
121900243,7,1,6
121900244,7,3,4
121900245,616,61,555
121900246,10978,727,10251
121900248,2768,903,1865
121900250,82,439,-357
121900251,977,31,946
121900252,349,172,177
121900253,67,1726,-1659
121900254,218,658,-440
121900255,1047,270,777
121900258,7275,1871,5404
121900259,81,642,-561
121900260,123,178,-55
121900261,99,1070,-971
121900262,1209,2096,-887
121900263,374,261,113
121900264,1308,870,438
121900265,611,261,350
121900266,802,266,536
121900267,292,41,251
121900269,640,1264,-624
121900270,66,324,-258
121900271,55,290,-235
121900273,456,2666,-2210
121900274,603,299,304
121900277,266,1823,-1557
121900278,99,2629,-2530
121900279,204,307,-103
121900280,67,422,-355
121900281,132,754,-622
121900284,45,1,44
121900286,237,93,144
121900287,11,89,-78
121900288,0,2,-2
121900290,201,2698,-2497
121900291,519,2307,-1788
121900292,196,253,-57
121900293,1050,11318,-10268
121900294,663,6,657
121900295,339,148,191
121900296,66,393,-327
121900298,161,1854,-1693
121900299,0,40,-40
121900300,38,10,28
121900301,39,0,39
121900302,28,150,-122
121900303,172,1280,-1108
121900304,42,23,19
121900305,56,26,30
121900306,510,2,508
121900307,173,15,158
121900308,25,356,-331
121900309,32,312,-280
121900310,14,177,-163
121900311,1031,32,999
121900312,660,44,616
121900313,649,35,614
121900314,2,8,-6
121900315,102,0,102
121900316,1,14,-13
121900317,17,7,10
121900318,7,1,6
121900319,90,288,-198
121900320,135,27,108
121900321,27,0,27
121900322,5,22,-17
121900323,98,35,63
121900324,2,102,-100
121900325,49,0,49
121900326,4,3,1
121900327,8,46,-38
121900328,2,69,-67
121900329,1,48,-47
121900330,0,148,-148
121900331,35,5,30
121900332,95,22,73
121900333,127,5,122
121900334,122,43,79
122000001,1459,4195,-2736
122000002,2327,1004,1323
122000003,908,2504,-1596
122000004,1120,1235,-115
122000005,8171,2384,5787
122000006,558,1525,-967
122000007,576,1970,-1394
122000008,887,3316,-2429
122000009,453,546,-93
122000010,2793,3090,-297
122000011,7488,2690,4798
122000012,854,5238,-4384
122000013,631,2591,-1960
122000014,8143,2448,5695
122000015,1185,1096,89
122000016,417,696,-279
122000017,1831,1984,-153
122000018,4586,3370,1216
122000019,856,3700,-2844
122000020,205,890,-685
122000021,99,429,-330
122000022,1737,2473,-736
122000023,1500,3304,-1804
122000024,387,4438,-4051
122000025,566,3961,-3395
122000026,286,1179,-893
122000027,947,1138,-191
122000028,3526,1150,2376
122000029,270,2353,-2083
122000031,357,855,-498
122000032,7277,4243,3034
122000033,437,5195,-4758
122000034,201,1343,-1142
122000035,186,515,-329
122000036,481,1288,-807
122000037,1846,325,1521
122000038,256,903,-647
122000039,173,1116,-943
122000040,422,1057,-635
122000041,2647,1629,1018
122000042,502,1470,-968
122000043,125,380,-255
122000044,57,181,-124
122000045,3169,1233,1936
122000046,1158,2592,-1434
122000047,74,420,-346
122000048,1805,4960,-3155
122000049,8907,4705,4202
122000050,580,1035,-455
122000051,217,785,-568
122000052,767,631,136
122000053,304,1366,-1062
122000054,1786,2639,-853
122000055,1741,3755,-2014
122000056,3265,2165,1100
122000057,5834,3642,2192
122000058,584,1803,-1219
122000059,655,3860,-3205
122000060,254,1168,-914
122000061,147,746,-599
122000062,670,311,359
122000063,223,1492,-1269
122000064,2473,9071,-6598
122000065,2369,6388,-4019
122000066,280,2337,-2057
122000067,1484,2945,-1461
122000068,6415,1936,4479
122000069,2173,3005,-832
122000070,2384,2163,221
122000071,6287,1598,4689
122000072,1535,801,734
122000073,345,2567,-2222
122000074,2669,2824,-155
122000075,1452,1304,148
122000076,10451,2707,7744
122000077,618,3106,-2488
122000078,378,3644,-3266
122000079,200,4174,-3974
122000080,568,794,-226
122000081,105,337,-232
122000082,340,1592,-1252
122000083,12866,1143,11723
122000084,6816,2347,4469
122000085,417,1688,-1271
122000086,4626,10662,-6036
122000087,308,233,75
122000088,42,257,-215
122000089,10336,3830,6506
122000090,934,2496,-1562
122000091,147,1683,-1536
122000092,37,208,-171
122000093,1822,7884,-6062
122000094,10287,3942,6345
122000095,852,6917,-6065
122000096,478,4238,-3760
122000098,5454,4818,636
122000099,536,3261,-2725
122000100,787,972,-185
122000101,388,995,-607
122000102,6935,2110,4825
122000103,1804,4609,-2805
122000104,2731,248,2483
122000105,255,829,-574
122000106,630,2543,-1913
122000107,1662,599,1063
122000108,711,1093,-382
122000109,637,283,354
122000110,999,745,254
122000111,4318,2021,2297
122000112,2664,2080,584
122000113,655,1292,-637
122000114,1460,5442,-3982
122000115,2658,1588,1070
122000116,253,644,-391
122000117,1800,333,1467
122000118,894,377,517
122000119,2762,1151,1611
122000120,658,2202,-1544
122000121,745,1532,-787
122000122,307,615,-308
122000123,1060,1606,-546
122000124,624,552,72
122000125,447,676,-229
122000126,361,462,-101
122000127,298,525,-227
122000128,304,307,-3
122000129,678,2696,-2018
122000130,3217,887,2330
122000131,1244,852,392
122000132,294,478,-184
122000133,922,854,68
122000134,1366,936,430
122000135,499,244,255
122000136,824,513,311
122000137,2944,1328,1616
122000139,1116,4912,-3796
122000140,203,2391,-2188
122000141,8965,4826,4139
122000142,138,6451,-6313
122000143,251,380,-129
122000144,2107,1992,115
122000145,973,1741,-768
122000146,441,5262,-4821
122000147,468,1496,-1028
122000148,369,1938,-1569
122000149,2330,1026,1304
122000150,1809,1282,527
122000151,228,494,-266
122000152,382,493,-111
122000153,595,697,-102
122000154,428,233,195
122000155,1473,3571,-2098
122000156,13042,5975,7067
122000157,539,13222,-12683
122000158,338,2074,-1736
122000159,755,1469,-714
122000160,2047,1472,575
122000161,1115,969,146
122000162,947,943,4
122000163,692,174,518
122000164,56,286,-230
122000165,1652,2100,-448
122000166,850,3844,-2994
122000167,465,974,-509
122000168,262,2404,-2142
122000169,480,362,118
122000170,409,418,-9
122000171,47,79,-32
122000172,3195,1858,1337
122000173,2239,3823,-1584
122000174,1092,3151,-2059
122000175,637,655,-18
122000176,482,2471,-1989
122000177,847,1949,-1102
122000178,8245,4850,3395
122000179,4683,4277,406
122000180,717,1081,-364
122000181,841,1577,-736
122000182,1882,980,902
122000183,3845,1363,2482
122000184,3572,3631,-59
122000185,1136,4076,-2940
122000186,1194,4022,-2828
122000187,2042,3427,-1385
122000188,583,456,127
122000189,288,491,-203
122000190,627,2474,-1847
122000191,890,960,-70
122000192,787,594,193
122000193,580,1383,-803
122000194,1101,898,203
122000195,173,2266,-2093
122000196,954,450,504
122000197,527,1151,-624
122000198,513,3852,-3339
122000199,204,506,-302
122000200,1099,988,111
122000201,1838,4169,-2331
122000202,826,3093,-2267
122000203,2242,1754,488
122000204,1150,1345,-195
122000205,810,485,325
122000206,11923,1889,10034
122000207,1843,3908,-2065
122000208,2307,5767,-3460
122000209,2794,1152,1642
122000210,1921,5754,-3833
122000211,1262,3561,-2299
122000212,803,570,233
122000213,1129,2757,-1628
122000214,2305,2222,83
122000215,3819,2333,1486
122000217,1807,4662,-2855
122000218,1184,138,1046
122000219,2867,1468,1399
122000220,291,1039,-748
122000221,233,553,-320
122000222,143,40,103
122000223,608,881,-273
122000225,666,606,60
122000226,1207,1575,-368
122000227,182,1446,-1264
122000228,212,289,-77
122000229,28,360,-332
122000230,66,677,-611
122000231,274,659,-385
122000232,598,803,-205
122000233,0,79,-79
122000234,378,74,304
122000235,460,78,382
122000236,2091,198,1893
122000237,67,55,12
122000238,397,1036,-639
122000239,872,297,575
122000240,1500,552,948
122000241,3288,810,2478
122000242,718,208,510
122000243,717,48,669
122000244,103,421,-318
122000245,207,98,109
122000246,524,299,225
122000247,747,478,269
122000248,2032,726,1306
122000249,1996,1396,600
122000250,2765,1510,1255
122000251,181,197,-16
122000252,203,111,92
122000253,54,196,-142
122000254,527,140,387
122000255,622,673,-51
122000256,244,615,-371
122000257,390,132,258
122000258,294,422,-128
122000259,67,546,-479
122000261,25,431,-406
122000262,0,14,-14
122000263,297,386,-89
122000264,2157,662,1495
122000265,4315,1915,2400
122000266,5086,965,4121
122000267,85,242,-157
122000268,262,748,-486
122000269,1137,596,541
122000270,806,651,155
122000271,332,6117,-5785
122000272,528,1828,-1300
122000273,397,948,-551
122000274,378,365,13
122000275,48,289,-241
122000276,1534,625,909
122000277,1291,2312,-1021
122000278,2253,276,1977
122000279,262,309,-47
122000280,754,600,154
122000281,660,479,181
122000282,94,448,-354
122000283,259,302,-43
122000284,99,169,-70
122000285,603,94,509
122000286,109,131,-22
122000287,2118,1357,761
122000288,637,308,329
122000291,4347,1111,3236
122000293,355,157,198
122000294,182,580,-398
122000295,1527,223,1304
122000296,50,1695,-1645
122000297,2562,4770,-2208
122000299,755,438,317
122000300,627,522,105
122000301,11996,3729,8267
122000302,386,4185,-3799
122000303,2310,1106,1204
122000304,22,245,-223
122000305,2246,1083,1163
122000306,154,322,-168
122000307,138,159,-21
122000309,55,81,-26
122000310,45,154,-109
122000311,51,208,-157
122000312,189,309,-120
122000313,45,183,-138
122000314,277,795,-518
122000315,308,55,253
122000316,1518,410,1108
122000317,2870,332,2538
122000318,738,1473,-735
122000319,149,360,-211
122000320,910,1939,-1029
122000321,63,218,-155
122000322,2224,2790,-566
122000323,639,3478,-2839
122000324,2613,3787,-1174
122000325,800,4954,-4154
122000326,214,183,31
122000327,324,1699,-1375
122000328,646,1459,-813
122000330,3616,3742,-126
122000332,421,278,143
122000333,24,83,-59
122000337,1291,437,854
122000338,588,223,365
122000340,275,5662,-5387
122000342,2807,881,1926
122000343,664,580,84
122000344,130,15,115
122000345,389,49,340
122000346,191,140,51
122000348,512,911,-399
122000349,73,923,-850
122000351,385,579,-194
122000352,751,385,366
122000353,324,105,219
122000355,171,489,-318
122000356,301,3470,-3169
122000357,45,8,37
122000358,8,29,-21
122000359,0,44,-44
122000360,0,15,-15
122000362,10,19,-9
122000364,419,241,178
122000365,2,55,-53
122000366,23,6,17
122000368,546,1040,-494
122000370,25,21,4
122000371,35,1,34
122000372,8,1,7
122000381,304,602,-298
122000382,77,512,-435
122000384,1360,1401,-41
122000385,93,1,92
122000386,193,2675,-2482
122000387,423,3035,-2612
122000388,1432,2491,-1059
122000389,376,2728,-2352
122000390,614,1633,-1019
122000391,111,1666,-1555
122000392,224,465,-241
122000393,11,41,-30
122000394,1007,316,691
122000395,213,218,-5
122000396,463,125,338
122000397,30,109,-79
122000398,5,196,-191
122000399,141,74,67
122000400,15,2152,-2137
122000401,387,92,295
122000402,540,355,185
122000403,651,719,-68
122000404,359,328,31
122000408,588,838,-250
122000503,5,115,-110
122000524,84,911,-827
122000544,53,3486,-3433
122000614,387,366,21
122000616,166,0,166
122000640,143,81,62
122000641,396,231,165
122000642,1898,663,1235
122000643,40,318,-278
122000644,263,88,175
122000645,48,239,-191
122000651,435,4325,-3890
122000664,249,181,68
122000665,2305,984,1321
122000666,466,995,-529
122000673,68,196,-128
122000674,840,434,406
122000675,3297,844,2453
122000686,443,4071,-3628
122000687,2538,334,2204
122000688,334,930,-596
122000689,1621,362,1259
122000690,4708,537,4171
122000691,1276,1443,-167
122000692,1405,261,1144
122000693,307,1064,-757
122000695,541,298,243
122000696,941,284,657
122000698,656,360,296
122000699,818,116,702
122000701,4185,206,3979
122000702,596,1629,-1033
122000703,305,164,141
122000712,0,0,0
122000717,94,119,-25
122000718,1479,6079,-4600
122000719,114,257,-143
122000720,1152,132,1020
122000724,278,239,39
122900001,39,38,1
122900002,745,8647,-7902
122900003,742,47,695
122900004,1872,178,1694
122900005,15,107,-92
122900006,376,827,-451
122900007,48,362,-314
122900008,235,96,139
122900009,1414,347,1067
122900010,270,116,154
122900012,235,461,-226
122900014,69,98,-29
122900015,1377,925,452
122900016,249,230,19
122900017,319,2705,-2386
122900018,225,5,220
122900019,60,503,-443
122900020,359,373,-14
122900021,150,489,-339
122900024,176,126,50
122900025,4,322,-318
122900026,34,160,-126
122900027,72,839,-767
122900028,32,71,-39
122900029,13049,2591,10458
122900030,5387,752,4635
122900031,13,564,-551
122900032,1385,648,737
122900033,215,235,-20
122900034,6420,5204,1216
122900035,27,5,22
122900036,47,52,-5
122900037,595,516,79
122900038,106,3523,-3417
122900039,60,488,-428
122900040,358,2220,-1862
122900041,171,588,-417
122900042,163,357,-194
122900043,410,541,-131
122900044,176,480,-304
122900045,213,642,-429
122900046,92,472,-380
122900047,96,303,-207
122900048,24,286,-262
122900049,7393,201,7192
122900051,44,2101,-2057
122900052,136,251,-115
122900053,21,20,1
122900055,344,107,237
122900057,378,39,339
122900061,671,52,619
122900062,633,751,-118
122900063,240,157,83
122900064,893,522,371
122900065,524,60,464
122900066,847,395,452
122900067,693,486,207
122900069,644,2616,-1972
122900070,456,262,194
122900071,112,376,-264
122900073,31,145,-114
122900074,1192,210,982
122900075,1,299,-298
122900076,9,544,-535
122900077,53,56,-3
122900078,303,4,299
122900080,30,55,-25
122900081,144,417,-273
122900082,1411,120,1291
122900083,137,75,62
122900084,21,199,-178
122900086,14,107,-93
122900087,428,581,-153
122900088,52,906,-854
122900089,231,759,-528
122900090,3,305,-302
122900091,692,54,638
122900092,322,308,14
122900093,0,106,-106
122900094,1,152,-151
122900095,238,10,228
122900096,240,114,126
122900097,41,40,1
122900098,32,213,-181
122900099,134,40,94
122900100,122,869,-747
122900101,630,362,268
122900102,87,42,45
122900103,480,3,477
122900104,401,6,395
122900105,56,8,48
122900106,0,50,-50
122900107,3,104,-101
122900108,2,195,-193
122900109,1400,567,833
123000001,808,1667,-859
123000002,2733,7929,-5196
123000003,6438,5820,618
123000004,4970,4703,267
123000005,4265,2909,1356
123000006,4083,2232,1851
123000007,5171,3451,1720
123000008,3478,3850,-372
123000009,5125,4793,332
123000010,4046,7082,-3036
123000011,2268,3594,-1326
123000012,1048,8863,-7815
123000013,7367,2580,4787
123000014,970,4888,-3918
123000015,3221,1454,1767
123000016,3671,3339,332
123000017,6109,2382,3727
123000018,207,154,53
123000019,1277,44,1233
123000020,662,19,643
123000021,324,436,-112
123000022,1066,2994,-1928
123000023,3116,4123,-1007
123000024,3027,2216,811
123000025,613,145,468
123000026,28,269,-241
123000027,33,1244,-1211
123000028,364,3036,-2672
123000029,373,1756,-1383
123000030,341,280,61
123000031,525,224,301
123000032,921,211,710
123000033,716,481,235
123000034,1558,1117,441
123000035,473,715,-242
123000036,242,1919,-1677
123000037,335,171,164
123000038,91,603,-512
123000039,952,2141,-1189
123000040,555,223,332
123000041,581,2406,-1825
123000042,528,1696,-1168
123000043,1899,19305,-17406
123000044,3236,2711,525
123000045,5459,2647,2812
123000046,229,1543,-1314
123000047,460,2101,-1641
123000048,115,1811,-1696
123000049,6468,12294,-5826
123000050,2848,2141,707
123000051,102,370,-268
123000052,1068,3576,-2508
123000053,2995,2919,76
123000054,3494,2419,1075
123000055,2988,7260,-4272
123000056,1631,704,927
123000057,4418,6457,-2039
123000058,983,1986,-1003
123000059,270,516,-246
123000060,1456,406,1050
123000061,327,632,-305
123000063,1924,1472,452
123000064,2202,392,1810
123000065,4823,3227,1596
123000066,622,641,-19
123000067,1645,755,890
123000068,2136,2543,-407
123000069,3476,1370,2106
123000070,196,667,-471
123000071,3284,960,2324
123000072,1689,821,868
123000073,4225,1034,3191
123000074,2147,1632,515
123000075,617,2785,-2168
123000076,1281,636,645
123000077,3291,1669,1622
123000078,4590,1748,2842
123000079,3797,2190,1607
123000080,4278,1205,3073
123000081,401,668,-267
123000082,366,983,-617
123000083,2051,242,1809
123000084,1364,724,640
123000085,847,152,695
123000086,1739,144,1595
123000087,675,232,443
123000088,2168,498,1670
123000089,2107,1413,694
123000090,2534,1023,1511
123000091,3051,1836,1215
123000092,1594,1959,-365
123000094,1319,267,1052
123000095,1459,1015,444
123000096,2064,539,1525
123000097,1382,424,958
123000098,1768,673,1095
123000099,1589,456,1133
123000100,452,1070,-618
123000101,457,519,-62
123000102,933,1474,-541
123000104,552,672,-120
123000105,564,428,136
123000106,864,525,339
123000107,438,398,40
123000108,609,1232,-623
123000111,1869,583,1286
123000112,1917,588,1329
123000113,993,846,147
123000114,646,1053,-407
123000115,455,631,-176
123000116,91,258,-167
123000117,3059,1697,1362
123000118,843,541,302
123000119,374,635,-261
123000120,454,860,-406
123000121,853,1168,-315
123000122,512,575,-63
123000123,1058,847,211
123000124,737,416,321
123000125,2100,1785,315
123000126,1481,7442,-5961
123000127,582,696,-114
123000128,425,423,2
123000129,1556,322,1234
123000130,1655,116,1539
123000131,2487,1466,1021
123000132,626,830,-204
123000133,270,452,-182
123000134,426,188,238
123000135,3874,1309,2565
123000136,229,539,-310
123000137,230,290,-60
123000138,325,299,26
123000139,886,261,625
123000140,67,561,-494
123000141,897,137,760
123000142,1344,1062,282
123000143,1496,3880,-2384
123000144,13,50,-37
123000147,203,365,-162
123000149,456,436,20
123000150,139,440,-301
123000151,225,778,-553
123000152,23,543,-520
123000153,152,874,-722
123000154,1193,2344,-1151
123000155,2297,1747,550
123000156,38,89,-51
123000157,1053,1257,-204
123000158,853,1397,-544
123000159,4197,7070,-2873
123000160,1667,2057,-390
123000161,2088,1551,537
123000162,2877,2814,63
123000163,1422,400,1022
123000164,2436,96,2340
123000165,287,1121,-834
123000167,0,196,-196
123000168,547,205,342
123000169,1725,70,1655
123000170,265,90,175
123000171,2180,18,2162
123000172,483,972,-489
123000173,1254,714,540
123000174,1576,784,792
123000175,554,1169,-615
123000176,1381,419,962
123000177,576,820,-244
123000178,1734,254,1480
123000179,61,947,-886
123000180,1959,502,1457
123000181,248,664,-416
123000182,266,346,-80
123000183,119,395,-276
123000184,56,641,-585
123000185,1495,911,584
123000186,8,384,-376
123000187,953,13,940
123000188,800,3,797
123000189,175,191,-16
123000190,45,99,-54
123000192,4,373,-369
123000193,25,634,-609
123000194,179,120,59
123000195,744,20,724
123000196,908,95,813
123000197,125,148,-23
123000198,82,478,-396
123000199,7,407,-400
123000200,797,13,784
123000201,1205,3,1202
123000202,12,422,-410
123000203,1785,19,1766
123000204,73,430,-357
123000205,146,564,-418
123000206,3174,125,3049
123000207,229,895,-666
123000208,1721,123,1598
123000209,4448,1000,3448
123000210,303,2266,-1963
123000211,504,1818,-1314
123000212,6224,523,5701
123000213,967,77,890
123000215,116,412,-296
123000216,237,1891,-1654
123000217,408,60,348
123000218,27,703,-676
123000219,1043,140,903
123000220,1005,160,845
123000221,294,310,-16
123000222,397,352,45
123000223,826,251,575
123000224,719,440,279
123000225,427,78,349
123000226,225,556,-331
123000227,89,246,-157
123000228,564,37,527
123000229,818,1434,-616
123000232,138,531,-393
123000233,1313,218,1095
123000234,192,728,-536
123000235,1949,297,1652
123000236,546,650,-104
123000237,686,183,503
123000238,64,379,-315
123000239,478,696,-218
123000240,152,1779,-1627
123000241,591,149,442
123000242,125,413,-288
123000243,977,2137,-1160
123000244,1116,556,560
123000245,54,195,-141
123000249,620,912,-292
123000252,1251,535,716
123000253,2134,1012,1122
123000254,941,906,35
123000255,1441,1063,378
123000256,53,188,-135
123000257,3228,1119,2109
123000258,1256,609,647
123000259,1040,580,460
123000260,1158,342,816
123000261,399,222,177
123000263,557,471,86
123000264,414,180,234
123000265,50,158,-108
123000266,578,489,89
123000267,805,459,346
123000268,64,80,-16
123000269,268,45,223
123000270,99,99,0
123000271,54,78,-24
123000272,1042,571,471
123000273,394,1799,-1405
123000274,1721,1396,325
123000275,305,1145,-840
123000278,2039,5541,-3502
123000279,471,136,335
123000280,415,448,-33
123000281,490,272,218
123000282,194,592,-398
123000283,70,121,-51
123000284,54,70,-16
123000286,321,824,-503
123000287,841,832,9
123000288,756,1573,-817
123000289,262,1791,-1529
123000291,180,1676,-1496
123000294,191,372,-181
123000295,1002,2088,-1086
123000296,1077,1441,-364
123000297,1498,549,949
123000298,2417,1196,1221
123000299,996,473,523
123000300,2383,1422,961
123000301,206,537,-331
123000302,286,159,127
123000303,47,716,-669
123000305,1423,1160,263
123000306,413,88,325
123000309,76,133,-57
123000310,42,101,-59
123000311,0,212,-212
123000312,800,473,327
123000313,759,955,-196
123000315,240,513,-273
123000316,1504,1092,412
123000317,901,194,707
123000318,109,619,-510
123000329,20,21,-1
123000337,644,504,140
123000338,101,279,-178
123000339,570,18,552
123000340,186,558,-372
123000342,6,150,-144
123000343,358,57,301
123000344,572,221,351
123000345,482,451,31
123000346,1141,107,1034
123000352,2176,1376,800
123000353,132,137,-5
123000354,557,4,553
123000355,0,295,-295
123000356,679,11,668
123000357,15,89,-74
123000359,35,62,-27
123000360,392,432,-40
123000361,514,271,243
123000362,516,184,332
123000363,212,261,-49
123000364,726,879,-153
123000365,23,428,-405
123000366,374,4460,-4086
123000367,450,542,-92
123000370,35,859,-824
123000371,608,178,430
123000372,592,90,502
123000373,19,386,-367
123000374,4,112,-108
123000375,819,69,750
123000376,2085,1898,187
123000377,843,27,816
123000378,2,329,-327
123000379,3,512,-509
123000380,39,339,-300
123000381,61,196,-135
123000382,903,158,745
123000383,173,1250,-1077
123000384,1170,427,743
123000385,318,1106,-788
123000436,91,2135,-2044
123000507,83,146,-63
123000508,254,1925,-1671
123000517,336,13,323
123000518,20,105,-85
123000519,316,61,255
123000520,48,117,-69
123000521,806,124,682
123000522,208,233,-25
123000541,29,3,26
123000542,0,6,-6
123000565,1668,80,1588
123000566,795,148,647
123000567,415,72,343
123000573,86,705,-619
123000574,1237,86,1151
123000575,2700,474,2226
123000576,991,1048,-57
123000577,91,1076,-985
123000578,733,257,476
123000579,1248,9636,-8388
123000580,501,185,316
123000582,639,25,614
123000583,11,459,-448
123000584,347,301,46
123000585,0,61,-61
123000586,325,16,309
123000596,440,374,66
123000597,131,363,-232
123000602,296,21,275
123000603,2079,551,1528
123000604,1439,392,1047
123000605,1437,26,1411
123000606,1,877,-876
123000609,49,573,-524
123000610,146,86,60
123000613,103,103,0
123000614,398,56,342
123000615,114,118,-4
123000616,1097,55,1042
123000617,97,320,-223
123000618,46,692,-646
123000619,434,55,379
123000620,8,400,-392
123000622,626,19,607
123000624,468,115,353
123000630,3566,696,2870
123000631,463,703,-240
123000632,1059,923,136
123000633,0,513,-513
123000634,96,865,-769
123000635,180,331,-151
123000636,80,670,-590
123000637,345,30,315
123000638,1240,63,1177
123000639,1273,9617,-8344
123000640,15,433,-418
123000648,1043,173,870
123000649,34,608,-574
123000650,161,143,18
123000651,36,118,-82
123900001,1452,97,1355
123900002,40,2209,-2169
123900003,110,733,-623
123900005,402,430,-28
123900006,851,232,619
124000001,2383,251,2132
124000002,29,970,-941
124000003,1902,184,1718
124000004,68,423,-355
124000005,1376,1034,342
124000006,231,486,-255
124000007,1485,148,1337
124000008,4,548,-544
124000009,1209,685,524
124000010,407,376,31
124000011,1033,1028,5
124000012,212,270,-58
124000017,334,101,233
124000018,109,106,3
124000019,423,242,181
124000020,41,98,-57
124000021,264,222,42
124000022,62,174,-112
124000023,1103,513,590
124000024,169,306,-137
124000025,973,781,192
124000026,361,341,20
124000027,1578,977,601
124000028,1932,924,1008
124000031,1301,9232,-7931
124000032,1698,762,936
124000033,1206,1119,87
124000034,581,982,-401
124000035,663,248,415
124000036,240,515,-275
124000037,300,923,-623
124000038,12,205,-193
124000039,266,252,14
124000040,198,880,-682
124000041,838,258,580
124000042,150,286,-136
124000043,210,157,53
124000044,84,269,-185
124000045,2395,448,1947
124000046,182,751,-569
124000047,3493,734,2759
124000048,1220,736,484
124000049,2997,480,2517
124000050,1103,976,127
124000051,2025,517,1508
124000052,748,752,-4
124000053,592,3758,-3166
124000054,674,346,328
124000055,1258,8939,-7681
124000056,1784,1025,759
124000057,2344,421,1923
124000058,1196,1197,-1
124000059,1870,1453,417
124000060,643,547,96
124000061,2165,8356,-6191
124000062,1730,986,744
124000063,1629,924,705
124000064,1891,1283,608
124000065,9,175,-166
124000066,220,113,107
124000067,227,168,59
124000068,151,375,-224
124000069,607,152,455
124000070,452,211,241
124000071,133,108,25
124000072,48,57,-9
124000073,631,105,526
124000074,239,607,-368
124000075,685,32,653
124000076,40,96,-56
124000077,277,784,-507
124000078,1413,1320,93
124000079,234,1512,-1278
124000080,1359,291,1068
124000081,271,683,-412
124000082,117,276,-159
124000083,66,179,-113
124000084,59,1657,-1598
124000085,131,79,52
124000086,309,194,115
124000088,152,495,-343
124000089,869,323,546
124000090,348,329,19
124000091,1191,263,928
124000092,486,937,-451
124000093,171,105,66
124000094,136,497,-361
124000095,194,102,92
124000096,258,116,142
124000097,329,179,150
124000098,242,65,177
124000099,268,69,199
124000100,143,108,35
124000101,236,233,3
124000102,112,32,80
124000103,337,369,-32
124000104,201,51,150
124000105,245,277,-32
124000106,145,41,104
124000107,53,425,-372
124000108,45,16,29
124000109,213,173,40
124000110,88,89,-1
124000111,474,151,323
124000112,1270,670,600
124000113,234,154,80
124000114,645,519,126
124000115,302,852,-550
124000116,171,287,-116
124000117,28,87,-59
124000118,69,140,-71
124000119,1405,1594,-189
124000120,790,1039,-249
124000121,1277,869,408
124000122,482,1702,-1220
124000123,901,473,428
124000124,466,477,-11
124000125,592,359,233
124000126,413,317,96
124000127,1122,450,672
124000128,708,641,67
124000129,2171,1543,628
124000130,403,518,-115
124000131,821,849,-28
124000132,530,764,-234
124000133,1817,1114,703
124000134,606,338,268
124000135,2940,2530,410
124000136,570,849,-279
124000137,1874,1790,84
124000138,1194,2114,-920
124000139,801,381,420
124000140,34,1348,-1314
124000141,1566,47,1519
124000142,26,469,-443
124000143,152,17,135
124000144,5,147,-142
124000145,150,127,23
124000146,19,307,-288
124000148,16,60,-44
124000149,1481,281,1200
124000150,287,1027,-740
124000151,1227,162,1065
124000152,652,805,-153
124000153,1242,645,597
124000154,424,612,-188
124000155,1217,779,438
124000156,773,743,30
124000169,169,1013,-844
124000170,1409,957,452
124000171,467,914,-447
124000172,389,824,-435
124000173,1098,486,612
124000174,619,670,-51
124000175,25,90,-65
124000176,52,36,16
124000177,13,37,-24
124000178,59,81,-22
124000185,76,4,72
124000186,1,64,-63
124000187,5,100,-95
124000188,189,8,181
124000190,152,100,52
124000191,119,566,-447
124000192,1411,848,563
124000193,222,5113,-4891
124000194,294,434,-140
124000195,619,596,23
124000196,1175,1022,153
124000197,82,44,38
124000198,143,111,32
124000201,57,698,-641
124000202,863,50,813
124000203,422,176,246
124000204,1985,10,1975
124000205,133,304,-171
124000206,1607,113,1494
124000207,0,16,-16
124000209,206,175,31
124000210,1280,212,1068
124000211,1330,6,1324
124000212,0,176,-176
124000213,928,97,831
124000214,1017,396,621
124000215,1069,15,1054
124000216,2,211,-209
124000329,10,369,-359
124000338,201,1005,-804
124000339,2558,54,2504
124000341,3405,64,3341
124000344,82,0,82
124000357,2815,6008,-3193
124000358,1431,3557,-2126
124000359,1519,1242,277
124000360,1649,808,841
124000361,1927,1335,592
124000362,1893,3732,-1839
124000363,726,364,362
124000364,921,728,193
124000365,1129,1320,-191
124000366,4076,1639,2437
124000367,104,367,-263
124000368,477,1353,-876
124000369,52,146,-94
124000370,36,1221,-1185
124000402,26,14,12
124000403,278,62,216
124000404,13,49,-36
124000405,777,535,242
124000406,552,372,180
124000407,4,29,-25
124000411,2,357,-355
124000412,584,21,563
124000413,163,502,-339
124000414,221,127,94
124000415,106,42,64
124000416,180,166,14
124000417,571,132,439
124000418,564,54,510
124000419,140,48,92
124000420,290,39,251
124000421,94,59,35
124000422,21,12,9
124000423,164,75,89
124000424,8,27,-19
124000425,108,28,80
124000426,3,104,-101
124000427,306,6,300
124000428,10,752,-742
124000429,276,19,257
124000430,1080,533,547
124000431,544,388,156
124000432,422,1061,-639
124000439,7,7,0
124000443,0,8,-8
124000445,175,5293,-5118
124000446,956,826,130
124000447,36,433,-397
124000448,340,12,328
124000449,484,8,476
124000450,4,104,-100
124000451,0,44,-44
124000452,348,131,217
124000453,2716,3782,-1066
124000454,1246,2982,-1736
124900001,1393,312,1081
124900002,323,168,155
124900003,962,334,628
124900004,1467,282,1185
124900005,170,58,112
124900006,1277,292,985
124900008,1057,612,445
124900009,148,515,-367
124900010,263,113,150
124900011,1030,377,653
124900012,335,100,235
124900013,1015,190,825
124900014,483,199,284
124900015,255,441,-186
124900016,140,233,-93
124900017,562,4718,-4156
124900018,651,20,631
124900020,272,58,214
124900021,457,114,343
124900024,934,18,916
124900026,43,9,34
124900027,142,389,-247
124900028,355,73,282
124900030,1,91,-90
124900031,30,171,-141
124900033,95,220,-125
124900035,148,220,-72
124900036,4,293,-289
124900037,145,141,4
124900039,2,118,-116
124900040,42,99,-57
124900042,122,60,62
124900043,333,700,-367
124900044,50,0,50
124900045,353,897,-544
124900047,394,399,-5
124900050,765,201,564
124900052,116,194,-78
124900053,558,636,-78
124900054,759,975,-216
124900055,0,302,-302
124900057,3,153,-150
124900060,579,679,-100
124900061,326,13,313
124900062,290,13,277
124900066,1,58,-57
124900067,27,304,-277
124900068,144,863,-719
124900070,284,196,88
124900072,682,118,564
124900075,1821,460,1361
124900076,142,4482,-4340
124900077,367,317,50
124900078,105,4,101
124900080,705,485,220
124900081,2050,260,1790
124900082,575,933,-358
124900083,1043,845,198
124900085,1146,1069,77
124900086,21,1168,-1147
124900087,1412,118,1294
124900088,326,243,83
124900089,849,277,572
124900090,709,272,437
124900091,503,243,260
124900092,394,212,182
124900093,868,167,701
124900094,1314,302,1012
124900095,212,854,-642
124900096,356,118,238
124900097,887,39,848
124900098,231,268,-37
124900099,184,640,-456
124900100,698,50,648
124900101,99,13,86
124900102,649,14,635
124900103,196,157,39
124900104,93,145,-52
124900105,157,159,-2
124900106,384,73,311
124900107,197,26,171
124900108,353,187,166
124900111,13,244,-231
124900112,464,324,140
124900113,56,250,-194
124900114,87,271,-184
124900115,77,148,-71
124900116,421,546,-125
124900117,193,320,-127
124900118,91,2163,-2072
124900119,475,119,356
124900120,72,250,-178
124900121,409,351,58
124900122,260,167,93
124900123,231,634,-403
124900124,257,563,-306
124900125,231,0,231
124900126,0,203,-203
204000001,431,29,402
204000002,50,37,13
204000003,14,15,-1
204000004,6,3,3
204000005,731,632,99
204000006,1599,1562,37
204000011,11,37,-26
204000012,86,110,-24
204000019,1851,420,1431
204000020,1687,1176,511
204000021,2711,1524,1187
204000022,1857,656,1201
204000023,1037,445,592
204000031,52,8,44
204000032,419,15,404
204000034,104,105,-1
204000035,0,8,-8
204000036,6,51,-45
204000037,3,62,-59
204000038,0,5,-5
204000039,5,15,-10
204000040,2,8,-6
204000041,10,92,-82
204000042,45,30,15
204000043,40,16,24
204000044,58,10,48
204000045,79,19,60
204000046,16,9,7
204000057,16,4,12
204000062,41,46,-5
204000068,85,1138,-1053
204000069,222,1149,-927
204000070,80,117,-37
204000080,240,75,165
204000085,1453,1100,353
204000086,3134,1401,1733
204000087,127,8,119
204000088,31,137,-106
204000090,324,364,-40
204000093,841,151,690
204000096,2522,1427,1095
204000097,682,30,652
204000099,1505,3760,-2255
204000100,2248,1716,532
204000105,2051,973,1078
204000110,589,1401,-812
204000111,951,711,240
204000112,709,1109,-400
204000113,362,998,-636
204000114,1419,1814,-395
204000115,2204,1061,1143
204000116,880,1808,-928
204000119,3897,2600,1297
204000132,1207,837,370
204000133,1352,121,1231
204000134,405,47,358
204000135,930,44,886
204000136,577,410,167
204000138,423,1412,-989
204000140,483,178,305
204000141,261,92,169
204000144,19,17,2
204000145,735,56,679
204000146,39,204,-165
204000147,39,618,-579
204000148,401,154,247
204000154,6,15,-9
204000155,0,6,-6
204000177,70,285,-215
204000179,66,25,41
204000180,0,109,-109
204000222,0,6,-6
204000235,108,34,74
204000236,32,344,-312
204000238,3,37,-34
204000240,479,43,436
204000263,1003,1347,-344
204000268,939,628,311
204000308,273,85,188
204000317,67,158,-91
204000322,95,98,-3
204000323,16,3,13
204000328,304,78,226
204000329,224,103,121
204000330,429,76,353
204000331,390,247,143
205000001,859,1295,-436
205000013,194,255,-61
205000014,230,176,54
205000015,328,66,262
205000016,165,175,-10
205000017,156,71,85
205000022,454,552,-98
205000025,2215,795,1420
205000029,530,61,469
205000045,398,306,92
205000046,369,592,-223
205000047,208,294,-86
205000048,650,572,78
205000049,303,609,-306
205000050,1111,294,817
205000059,0,748,-748
205000060,1,1520,-1519
205000061,19,2879,-2860
205000062,17,2438,-2421
205000063,73,2350,-2277
205000064,220,627,-407
205000065,1010,925,85
205000066,487,461,26
205000067,217,555,-338
205000069,221,14,207
205000082,304,345,-41
205000110,100,223,-123
205000111,199,167,32
205000112,124,130,-6
205000113,117,324,-207
205000121,260,104,156
205000123,210,238,-28
205000126,915,131,784
205000127,1205,220,985
205000128,639,94,545
205000129,1382,106,1276
205000130,351,35,316
205000131,233,49,184
205000132,71,17,54
205000133,78,0,78
205000134,438,1,437
205000137,545,68,477
205000138,576,258,318
205000139,73,210,-137
205000144,129,116,13
205000145,349,342,7
205000151,227,57,170
205000152,215,75,140
205000153,304,101,203
205000154,91,150,-59
205000155,167,21,146
205000207,4,127,-123
205000233,25,2,23
205000234,0,0,0
205000243,0,0,0
205000244,0,14,-14
205000245,17,284,-267
205000249,0,52,-52
205000250,4,2,2
205000264,47,110,-63
206000027,2,25,-23
206000028,11,20,-9
206000043,12,75,-63
206000053,7,7,0
206000054,3,26,-23
206000055,2,24,-22
206000075,29,24,5
206000076,25,9,16
206000077,33,20,13
206000078,8,18,-10
206000079,25,17,8
206000082,364,183,181
206000100,22,602,-580
206000103,8,6,2
206000104,11,46,-35
206000105,17,37,-20
206000106,5,17,-12
206000125,200,0,200
206000157,38,418,-380
206000170,0,144,-144
206000171,19,253,-234
206000172,29,165,-136
206000173,1,134,-133
206000174,34,37,-3
206000175,4,57,-53
206000176,35,73,-38
206000177,3,54,-51
206000178,1,558,-557
206000179,6,404,-398
206000180,15,101,-86
206000181,5,27,-22
206000182,7,41,-34
206000183,12,118,-106
206000184,5,119,-114
206000185,33,64,-31
206000186,131,281,-150
206000223,32,542,-510
206000226,64,6,58
206000227,35,14,21
206000237,97,150,-53
206000238,75,337,-262
206000239,348,2018,-1670
206000240,0,66,-66
206000241,1,60,-59
206000242,17,218,-201
206000243,33,59,-26
206000244,112,158,-46
206000245,1405,151,1254
206000246,663,17,646
206000247,589,14,575
206000248,783,108,675
206000252,116,146,-30
206000258,8,38,-30
206000315,71,13,58
206000317,681,139,542
206000318,1032,83,949
206000319,2859,171,2688
206000320,796,92,704
206000321,715,11,704
206000322,1174,36,1138
206000323,475,10,465
206000324,376,56,320
206000325,256,50,206
206000326,322,17,305
206000327,93,42,51
206000328,326,25,301
206000329,597,31,566
206000330,88,22,66
206000331,467,12,455
206000332,61,2,59
206000333,1730,2,1728
206000334,796,0,796
206000335,0,25,-25
206000361,12,165,-153
206000392,1,13,-12
206000405,171,0,171
206000441,141,45,96
206000498,38,0,38
206000515,65,61,4
206000530,512,113,399
206000531,256,363,-107
206000532,1378,516,862
206000535,120,4571,-4451
206000536,11,110,-99
206000537,27,209,-182
206000613,1065,279,786
206000784,683,116,567
207000001,236,454,-218
207000002,152,622,-470
207000003,253,348,-95
207000007,2715,293,2422
207000008,470,27,443
207000009,185,55,130
207000010,647,293,354
207000012,596,221,375
207000015,444,769,-325
207000019,478,226,252
207000021,397,415,-18
207000022,415,193,222
207000023,324,153,171
207000024,3,58,-55
207000025,49,176,-127
207000026,140,56,84
207000027,20,62,-42
207000028,68,177,-109
207000029,190,570,-380
207000033,357,314,43
207000034,433,128,305
207000039,890,96,794
207000040,931,81,850
207000041,127,282,-155
207000042,319,68,251
207000043,211,201,10
207000051,192,327,-135
207000052,19,371,-352
207000053,421,468,-47
207000054,86,81,5
207000055,261,150,111
207000056,269,315,-46
207000057,158,163,-5
207000058,270,246,24
207000059,159,269,-110
207000060,69,375,-306
207000061,80,1487,-1407
207000062,1038,77,961
207000063,1232,217,1015
207000064,506,173,333
207000065,423,284,139
207000066,981,237,744
207000067,114,60,54
207000068,241,77,164
207000069,1151,336,815
207000082,41,213,-172
207000083,132,238,-106
207000084,886,541,345
207000085,486,89,397
207000086,604,7,597
207000106,161,52,109
207000107,210,22,188
207000108,235,5,230
207000109,177,13,164
207000110,85,136,-51
207000111,58,244,-186
207000112,133,2034,-1901
207000114,77,29,48
207000115,57,98,-41
207000116,49,422,-373
207000117,19,155,-136
207000118,11,142,-131
207000119,42,85,-43
207000123,472,24,448
207000124,202,39,163
207000125,79,31,48
207000126,80,81,-1
207000134,410,195,215
207000135,83,477,-394
207000148,120,644,-524
207000149,111,15,96
207000152,161,588,-427
207000153,328,698,-370
207000154,636,348,288
207000159,240,165,75
207000160,324,228,96
207000238,1,300,-299
207000242,17,108,-91
207000248,67,85,-18
207000249,225,29,196
207000250,768,186,582
207000251,208,211,-3
207000252,84,58,26
207000278,209,207,2
207000279,89,123,-34
207000280,1363,81,1282
207000281,330,396,-66
207000282,44,686,-642
207000283,24,249,-225
207000284,22,2249,-2227
207000285,80,130,-50
207000291,29,99,-70
207000304,83,92,-9
207000306,100,372,-272
207000310,227,111,116
207000353,198,4,194
207000356,32,124,-92
207000357,2,42,-40
207000358,0,102,-102
207000415,18,95,-77
207000417,102,11,91
207000418,171,142,29
207000438,0,0,0
207000439,494,266,228
207000446,368,8,360
207000460,202,27,175
207000466,183,146,37
207000467,646,110,536
207000468,105,212,-107
207000476,2,13,-11
207000477,709,15,694
207000478,1,46,-45
207000523,0,19,-19
207000524,194,2,192
207000527,365,188,177
207000530,1318,8,1310
207000531,616,23,593
207000532,104,73,31
207000534,204,46,158
207000535,31,465,-434
207000537,16,136,-120
207000540,0,134,-134
207000541,5,221,-216
207000548,15,517,-502
207000549,788,29,759
207000561,324,278,46
207000562,52,183,-131
207000567,104,178,-74
207000568,840,59,781
207000569,1720,165,1555
207000584,54,282,-228
207000585,25,290,-265
207000587,350,124,226
207000616,0,145,-145
207000617,151,0,151
207000624,120,22,98
207000631,25,236,-211
207900008,822,93,729
208000001,927,2172,-1245
208000002,1655,1204,451
208000003,1275,756,519
208000004,1545,1921,-376
208000005,2,212,-210
208000019,1479,561,918
208000020,442,341,101
208000021,402,458,-56
208000022,1114,393,721
208000028,1103,1882,-779
208000033,564,313,251
208000034,879,1486,-607
208000037,1063,72,991
208000040,416,179,237
208000041,1216,728,488
208000042,2068,838,1230
208000047,187,198,-11
208000064,2509,2242,267
208000066,1529,1723,-194
208000070,948,528,420
208000071,1193,327,866
208000072,1186,771,415
208000080,482,1185,-703
208000081,704,239,465
208000082,1084,291,793
208000083,434,317,117
208000084,15,152,-137
208000085,1061,726,335
208000086,998,1520,-522
208000087,717,1049,-332
208000089,1532,396,1136
208000090,1500,598,902
208000093,43,264,-221
208000094,987,289,698
208000095,1251,719,532
208000104,2157,598,1559
208000105,1175,1164,11
208000114,140,513,-373
208000115,743,491,252
208000116,1777,1649,128
208000117,36,220,-184
208000118,303,356,-53
208000155,934,1798,-864
208000158,2345,3263,-918
208000186,1089,2653,-1564
208000204,1248,1626,-378
208000205,2340,967,1373
208000282,1157,1551,-394
209000004,1124,250,874
209000005,184,336,-152
209000006,493,659,-166
209000007,590,872,-282
209000010,484,671,-187
209000011,168,394,-226
209000012,265,503,-238
209000013,468,360,108
209000014,862,605,257
209000025,858,167,691
209000026,1352,360,992
209000027,481,444,37
209000028,383,335,48
209000029,791,2599,-1808
209000030,752,3302,-2550
209000031,6892,2429,4463
209000034,317,668,-351
209000035,274,637,-363
209000036,592,514,78
209000037,721,550,171
209000038,270,290,-20
209000039,165,184,-19
209000040,385,758,-373
209000041,259,641,-382
209000042,473,349,124
209000043,441,807,-366
209000044,342,949,-607
209000045,920,284,636
209000046,777,333,444
209000047,546,303,243
209000048,665,635,30
209000049,148,83,65
209000050,334,137,197
209000051,466,226,240
209000052,338,340,-2
209000062,202,94,108
209000063,133,64,69
209000064,61,32,29
209000065,269,103,166
209000066,212,44,168
209000067,278,105,173
209000080,23,223,-200
209000082,123,58,65
209000091,114,105,9
209000093,94,148,-54
209000094,95,309,-214
209000110,62,231,-169
209000111,595,2980,-2385
209000112,1705,1218,487
209000113,2839,2755,84
209000114,1145,1443,-298
209000115,177,178,-1
209000116,903,423,480
209000118,10,155,-145
209000119,32,163,-131
209000121,174,556,-382
209000135,37,187,-150
209000142,1068,4156,-3088
209000143,42,267,-225
209000144,79,738,-659
209000229,276,92,184
209000240,83,376,-293
209000259,107,173,-66
209000260,28,692,-664
209000261,1,197,-196
209000262,9,161,-152
209000263,1,583,-582
209000264,0,238,-238
209000265,455,5,450
209000266,149,0,149
209000267,1648,4,1644
209000268,529,58,471
210000037,177,215,-38
210000047,163,36,127
210000048,166,31,135
210000049,235,16,219
210000052,130,84,46
210000053,40,34,6
210000054,44,73,-29
210000070,277,16,261
210000071,215,1,214
210000072,71,0,71
210000073,0,50,-50
210000074,0,154,-154
210000075,0,250,-250
210000076,22,280,-258
210000077,20,487,-467
210000078,39,429,-390
210000079,21,210,-189
210000080,54,514,-460
210000081,315,15,300
210000082,45,10,35
210000083,211,0,211
210000084,132,0,132
210000085,0,282,-282
210000086,1,128,-127
210000099,106,279,-173
210000100,125,154,-29
210000101,175,140,35
210000105,25,390,-365
210000159,0,301,-301
210000163,73,228,-155
210000164,481,309,172
210000168,758,126,632
210000187,0,60,-60
210000188,0,75,-75
210000214,11,0,11
210000219,78,96,-18
210000220,214,41,173
210000232,11,24,-13
210000233,16,40,-24
210000234,70,80,-10
210000235,107,57,50
210000245,3,79,-76
210000246,54,0,54
210000258,23,90,-67
210000259,443,123,320
210000282,68,325,-257
210000285,0,174,-174
210000286,25,108,-83
210000290,9,8,1
210000295,90,243,-153
210000296,126,69,57
210000320,397,40,357
210000321,310,34,276
210000338,85,151,-66
210000339,147,863,-716
210000340,171,362,-191
210000341,369,322,47
210000342,350,229,121
210000343,235,343,-108
210000344,139,417,-278
210000345,305,664,-359
210000346,140,322,-182
210000347,105,459,-354
210000348,187,377,-190
210000349,171,163,8
210000350,275,252,23
210000351,326,98,228
210000352,56,50,6
210000353,45,67,-22
210000354,58,94,-36
210000355,81,554,-473
210000356,11,675,-664
210000357,53,782,-729
210000358,999,599,400
210000359,177,1251,-1074
210000360,438,1081,-643
210000361,527,409,118
210000362,634,374,260
210000363,1330,368,962
210000364,504,220,284
210000365,371,70,301
210000366,459,78,381
210000367,283,44,239
210000368,370,58,312
210000369,45,356,-311
210000370,106,444,-338
210000372,113,172,-59
210000373,30,415,-385
210000374,115,488,-373
210000375,46,71,-25
210000376,83,611,-528
210000404,77,117,-40
210000439,118,34,84
210000472,75,6,69
210000482,168,160,8
210000564,361,261,100
210000567,2,75,-73
210000568,329,1,328
211000092,103,27,76
211000094,20,6,14
211000169,307,9,298
211000172,20,139,-119
211000209,0,78,-78
211000226,50,24,26
211000270,112,10,102
211000275,43,32,11
211000276,172,25,147
211000279,23,113,-90
211000281,174,37,137
211000302,47,47,0
211507980,0,101,-101
211977296,35,3,32
212000003,445,235,210
212000004,37,195,-158
212000005,32,200,-168
212000006,69,296,-227
212000008,316,372,-56
212000009,108,213,-105
212000012,239,55,184
212000013,60,22,38
212000014,546,92,454
212000015,541,152,389
212000016,778,327,451
212000027,626,327,299
212000028,381,297,84
212000029,289,261,28
212000030,52,20,32
212000031,68,59,9
212000048,106,609,-503
212000049,27,303,-276
212000050,21,22,-1
212000051,413,103,310
212000052,412,119,293
212000053,303,242,61
212000054,717,73,644
212000055,581,101,480
212000056,22,49,-27
212000057,12,50,-38
212000058,292,89,203
212000070,235,99,136
212000077,257,255,2
212000099,507,241,266
212000108,449,710,-261
212000111,521,122,399
212000120,256,308,-52
212000138,333,126,207
212000156,4,54,-50
212000158,6,40,-34
212000159,896,94,802
212000160,757,215,542
212000161,145,6,139
212000310,71,14,57
212000311,12,55,-43
212000374,75,9,66
213000001,19,544,-525
213000005,652,287,365
213000006,796,314,482
213000007,76,69,7
213000009,341,263,78
213000010,429,295,134
213000011,260,321,-61
213000012,298,253,45
213000014,188,45,143
213000015,374,16,358
213000016,603,3,600
213000017,180,0,180
213000018,2,36,-34
213000019,2,243,-241
213000020,102,132,-30
213000021,2,57,-55
213000023,352,544,-192
213000033,461,1787,-1326
213000034,345,325,20
213000035,212,457,-245
213000045,185,303,-118
213000046,113,76,37
213000047,338,986,-648
213000056,271,64,207
213000069,473,85,388
213000073,1,51,-50
213000074,128,666,-538
213000075,855,3,852
213000076,10,1,9
213000085,5,11,-6
213000086,16,164,-148
213000091,363,13,350
213000092,67,20,47
213000099,428,1171,-743
213000100,1043,543,500
213000101,1309,87,1222
213000102,1164,138,1026
213000103,764,427,337
213000104,41,274,-233
213000105,106,2381,-2275
213000106,60,248,-188
213000107,273,342,-69
213000108,50,382,-332
213000109,6,224,-218
213000110,9,101,-92
213000111,1,74,-73
213000112,49,65,-16
213000115,43,7,36
213000116,62,612,-550
213000117,4,436,-432
213000118,1742,389,1353
213000119,54,464,-410
213000120,117,270,-153
213000122,237,342,-105
213000123,235,429,-194
213000124,417,535,-118
213000125,181,52,129
213000126,90,269,-179
213000127,44,143,-99
213000128,114,464,-350
213000129,207,2637,-2430
213000130,1486,1364,122
213000132,1172,311,861
213000133,1977,175,1802
213000134,3236,13,3223
213000136,687,21,666
213000137,807,86,721
213000139,525,82,443
213000147,18,57,-39
213000148,24,67,-43
213000149,36,123,-87
213000150,2,1094,-1092
213000151,1,417,-416
213000152,1,517,-516
213000153,6,356,-350
213000154,212,445,-233
213000155,73,460,-387
213000156,203,419,-216
213000157,1510,265,1245
213000158,557,678,-121
213000159,645,537,108
213000163,2495,351,2144
213000165,675,411,264
213000171,83,75,8
213000172,90,151,-61
213000173,59,126,-67
213000174,26,72,-46
213000175,86,28,58
213000176,80,74,6
213000177,189,8,181
213000178,339,10,329
213000179,423,25,398
213000180,454,25,429
213000184,96,499,-403
213000188,610,92,518
213000189,969,63,906
213000190,538,440,98
213000191,647,168,479
213000192,376,149,227
213000193,975,233,742
213000194,7,280,-273
213000195,58,386,-328
213000196,463,2505,-2042
213000197,727,1291,-564
213000198,25,2,23
213000200,137,518,-381
213000201,40,116,-76
213000202,18,659,-641
213000203,2162,372,1790
213000204,1442,47,1395
213000205,361,80,281
213000206,1258,52,1206
213000207,47,3,44
213000208,47,3,44
213000209,163,2,161
213000210,248,2,246
213000211,4,121,-117
213000212,28,181,-153
213000213,22,140,-118
213000218,549,622,-73
213000219,1803,94,1709
213000220,1570,7,1563
213000223,351,272,79
213000224,55,81,-26
213000225,52,10,42
213000226,76,12,64
213000227,1777,198,1579
213000228,1088,332,756
213000229,152,86,66
213000230,1145,19,1126
213000232,217,21,196
213000233,74,192,-118
213000234,2,82,-80
213000293,37,196,-159
213000294,108,144,-36
213000295,33,112,-79
213000296,185,31,154
213000297,4,91,-87
213000298,16,109,-93
213000299,187,24,163
213000300,10,12,-2
213000303,8,51,-43
213000304,2,8,-6
213000305,4,90,-86
213000306,67,923,-856
213000307,131,771,-640
213000308,163,213,-50
213000309,329,81,248
213000310,331,190,141
213000311,126,744,-618
213000315,169,316,-147
213000316,348,255,93
213000322,90,22,68
213000323,47,99,-52
213000340,110,404,-294
213000341,1435,115,1320
213000346,120,429,-309
213000347,485,1323,-838
213000348,0,193,-193
213000349,0,8,-8
213000350,242,1086,-844
213000366,73,182,-109
213000367,796,14,782
213000379,28,177,-149
213000386,58,34,24
213000406,594,84,510
213000417,2496,649,1847
213000425,544,54,490
213000426,285,78,207
213000427,72,66,6
213000428,91,184,-93
213000429,15,14,1
213000430,127,338,-211
213000431,23,1,22
213000432,0,67,-67
213000433,13,29,-16
213000435,121,94,27
213000439,52,37,15
213000441,0,0,0
213000443,910,602,308
213000445,0,87,-87
213000446,1,20,-19
213000447,4,92,-88
213000448,249,377,-128
213000449,1240,22,1218
213000450,251,82,169
213000451,112,52,60
213000452,426,66,360
213000453,52,227,-175
213000455,79,1,78
213000456,3,296,-293
213000481,6,3,3
213000482,58,1,57
213000489,185,50,135
213000491,37,515,-478
213000492,111,4,107
213000493,3,255,-252
213000494,394,74,320
213000495,0,17,-17
213000496,504,224,280
213000497,156,140,16
213000498,236,85,151
213000499,282,154,128
213000500,1041,56,985
213000501,383,64,319
213000502,223,100,123
213000503,0,21,-21
213000504,3,57,-54
213000505,13,0,13
213000506,0,1,-1
213000507,0,49,-49
213900244,103,0,103
213900245,0,1,-1
218000003,84,99,-15
218000004,80,63,17
218000005,77,71,6
218000006,84,81,3
218000007,15,31,-16
218000012,382,362,20
218000013,459,228,231
218000014,429,370,59
218000019,589,428,161
218000020,497,447,50
218000040,6,29,-23
218000046,227,56,171
218000047,16,62,-46
218000048,58,36,22
218000049,42,40,2
218000050,187,91,96
218000051,99,125,-26
218000052,0,70,-70
218000053,4,53,-49
218000054,20,67,-47
218000055,3,39,-36
218000056,21,48,-27
218000057,1,50,-49
218000064,8,23,-15
218000065,135,40,95
218000066,14,75,-61
218000067,146,106,40
218000068,223,77,146
218000069,668,120,548
218000070,260,532,-272
218000071,338,379,-41
218000072,240,350,-110
218000078,2036,400,1636
218000079,532,86,446
218000080,284,158,126
218000081,780,64,716
218000082,209,68,141
218000083,143,131,12
218000084,330,67,263
218000085,316,132,184
218000086,159,72,87
218000087,283,80,203
218000090,84,245,-161
218000091,1638,806,832
218000092,244,292,-48
218000093,173,111,62
218000094,739,646,93
218000099,279,520,-241
218000100,578,270,308
218000101,452,227,225
218000102,834,370,464
218000103,147,137,10
218000104,184,31,153
218000105,41,26,15
218000106,56,11,45
218000107,95,80,15
218000108,4,33,-29
218000112,92,21,71
218000117,81,221,-140
218000134,1028,484,544
218000135,9,199,-190
218000136,182,186,-4
218000137,254,187,67
218000138,34,177,-143
218000139,335,273,62
218000140,1038,594,444
218000141,107,121,-14
218000142,218,228,-10
218000143,54,582,-528
218000144,38,243,-205
218000145,831,512,319
218000146,237,152,85
218000151,8,53,-45
218000152,82,42,40
218000170,3,34,-31
218000171,78,30,48
218000172,11,12,-1
218000173,14,18,-4
218000174,28,23,5
218000176,347,125,222
218000177,391,155,236
218000178,132,102,30
218000179,270,49,221
218000180,150,51,99
218000181,405,41,364
218000187,20,83,-63
218000188,29,38,-9
218000189,47,133,-86
218000190,7,12,-5
218000191,397,69,328
218000192,334,166,168
218000193,683,228,455
218000194,332,303,29
218000195,201,49,152
218000196,495,181,314
218000197,743,188,555
218000198,125,87,38
218000199,48,26,22
218000200,42,71,-29
218000201,9,17,-8
218000202,118,812,-694
218000207,12,18,-6
218000208,57,141,-84
218000211,50,29,21
218000213,128,98,30
218000214,4,22,-18
218000215,77,103,-26
218000217,22,72,-50
218000218,113,31,82
218000219,7,366,-359
218000220,54,2351,-2297
218000221,824,389,435
218000222,2,272,-270
218000223,32,495,-463
218000224,3,100,-97
218000225,252,17,235
218000226,264,68,196
218000232,116,71,45
218000239,174,9,165
218000240,6,6,0
218000241,66,0,66
218000242,6,0,6
218000243,21,12,9
218000244,23,12,11
218000245,53,6,47
218000246,0,1,-1
218000247,1,0,1
218000248,0,31,-31
218000249,0,6,-6
218000250,3,2,1
218000251,1,42,-41
218000252,3,246,-243
218000253,0,208,-208
218000254,0,77,-77
218000255,3,23,-20
218000256,14,80,-66
218000267,713,1385,-672
218000268,6,26,-20
218000269,7,51,-44
218000270,346,35,311
218000271,6,31,-25
218000273,70,1,69
218000274,7,5,2
218000275,126,96,30
218000276,31,17,14
218000278,37,162,-125
218000279,153,55,98
218000280,2,33,-31
218000281,7,65,-58
218000282,872,1255,-383
218000284,118,4,114
218000301,65,107,-42
218000302,43,91,-48
218000303,36,149,-113
218000316,2018,1139,879
218000317,3329,1056,2273
218000318,1942,788,1154
218000319,2546,716,1830
218000320,2174,807,1367
218000338,17,207,-190
218000345,176,360,-184
218000346,33,348,-315
218000459,34,170,-136
218000490,13,108,-95
218000501,126,48,78
218000502,132,145,-13
218000503,190,11,179
218000504,215,34,181
218000505,40,162,-122
218000506,20,451,-431
218000508,1,6,-5
218000510,67,5,62
218000520,163,171,-8
218000521,16,29,-13
218000522,2,747,-745
218000523,159,0,159
218000524,4,410,-406
218000525,123,49,74
218000526,19,215,-196
218000529,115,86,29
218000531,23,38,-15
218000532,54,5,49
218000534,334,17,317
218000537,22,133,-111
218000538,51,552,-501
218000540,111,115,-4
218000543,317,181,136
218000544,76,126,-50
218000545,165,139,26
218000546,53,81,-28
218000547,250,259,-9
218000548,159,141,18
218000549,1036,113,923
218000550,214,169,45
218000551,100,484,-384
218000552,321,333,-12
218000553,35,175,-140
218000554,39,47,-8
218000555,38,64,-26
218000556,245,174,71
218000557,677,282,395
218000558,45,1,44
218000559,0,25,-25
218000560,0,41,-41
218000561,12,0,12
218000562,52,175,-123
218000563,153,60,93
218000564,1,191,-190
218000565,81,48,33
218000566,36,10,26
218000567,0,112,-112
218000568,17,4,13
218000569,5,278,-273
218000570,25,8,17
218000571,1,171,-170
218000572,144,5,139
218000573,5,161,-156
218000574,43,49,-6
218000575,119,0,119
218000576,1,70,-69
218000577,108,0,108
218000578,0,273,-273
218000579,48,23,25
218000581,2,96,-94
218000582,59,6,53
218000583,3,0,3
218000584,1,17,-16
218000585,31,3,28
218000586,36,30,6
218000587,4,3,1
218000588,0,7,-7
218000589,1,8,-7
218000590,2,1,1
218000591,0,26,-26
218000592,6,4,2
218000593,5,53,-48
218000594,6,27,-21
218000597,0,26,-26
218000598,0,5,-5
218000599,2,45,-43
218000600,0,2,-2
218000601,0,60,-60
218000602,0,3,-3
218000603,0,11,-11
218000604,4,0,4
218000605,3,250,-247
218000606,205,7,198
218000607,14,99,-85
218000608,95,25,70
218000609,2,91,-89
218000610,57,4,53
218000611,40,9,31
218000612,0,24,-24
218000613,52,3,49
218000614,0,37,-37
218000615,235,15,220
218000616,14,308,-294
218000617,2,3,-1
218000618,1,43,-42
218000619,25,9,16
218000620,20,87,-67
218000621,0,3,-3
218000622,0,105,-105
218000623,14,8,6
218000624,1,158,-157
218000625,8,5,3
218000626,1,7,-6
218000628,318,588,-270
218000631,43,6,37
218000632,0,191,-191
218000633,123,0,123
218000634,3,42,-39
218000635,3,15,-12
218000636,1586,588,998
218000637,1671,554,1117
218000638,323,43,280
218000639,23,96,-73
218000640,640,78,562
218000641,197,135,62
218000652,34,43,-9
218000653,286,47,239
218000663,10,44,-34
218000675,12,131,-119
218000680,345,206,139
218000681,590,283,307
218000691,351,153,198
218000693,535,166,369
218000718,24,135,-111
218000719,58,242,-184
218000720,2,277,-275
218000721,35,16,19
218001147,0,130,-130
218001214,14,69,-55
218001258,875,4,871
218001329,222,221,1
218001330,128,195,-67
218001351,33,17,16
218001352,31,38,-7
218001353,23,14,9
218001354,9,41,-32
218001355,28,102,-74
218001356,539,149,390
218001357,7,132,-125
218001358,691,15,676
218001361,808,5,803
218001362,0,55,-55
219000001,54,26,28
219000002,91,81,10
219000003,109,41,68
219000004,74,134,-60
219000017,106,438,-332
219000020,299,10,289
219000022,239,1,238
219000023,66,0,66
219000029,1,292,-291
219000034,87,75,12
219000039,34,349,-315
219000040,81,94,-13
219000041,291,114,177
219000051,1,324,-323
219000052,2,234,-232
219000053,5,95,-90
219000055,494,0,494
219000056,2,1,1
219000057,91,1,90
219000062,14,319,-305
219000063,201,26,175
219000064,2,87,-85
219000110,305,438,-133
219000111,182,101,81
219000112,256,89,167
219000113,435,70,365
219000114,377,55,322
219000116,311,74,237
219000117,214,82,132
219000118,169,72,97
219000123,301,145,156
219000124,117,42,75
219000125,46,17,29
219000126,105,236,-131
219000127,1,12,-11
219000128,34,219,-185
219000129,48,179,-131
219000130,235,1015,-780
219000131,1216,1691,-475
219000133,33,74,-41
219000134,35,82,-47
219000135,24,161,-137
219000136,88,352,-264
219000138,134,28,106
219000139,118,21,97
219000140,120,3,117
219000141,65,71,-6
219000142,12,61,-49
219000143,25,25,0
219000145,28,67,-39
219000146,1,18,-17
219000147,2,29,-27
219000148,3,28,-25
219000149,28,51,-23
219000150,0,35,-35
219000151,2,34,-32
219000157,322,268,54
219000158,286,354,-68
219000161,192,11,181
219000163,1288,397,891
219000166,202,244,-42
219000167,171,273,-102
219000168,285,164,121
219000174,829,247,582
219000175,234,4,230
219000176,316,15,301
219000177,96,5,91
219000178,105,1,104
219000179,98,10,88
219000180,114,27,87
219000182,239,2,237
219000183,177,29,148
219000184,200,15,185
219000185,3,53,-50
219000186,169,55,114
219000187,16,145,-129
219000189,70,223,-153
219000190,75,287,-212
219000191,224,2534,-2310
219000192,259,352,-93
219000193,690,257,433
219000195,2,163,-161
219000196,7,185,-178
219000198,32,104,-72
219000199,88,138,-50
219000200,109,135,-26
219000201,80,188,-108
219000203,27,135,-108
219000204,82,344,-262
219000205,45,233,-188
219000207,163,204,-41
219000209,95,40,55
219000210,38,683,-645
219000213,13,380,-367
219000239,180,294,-114
219000240,294,638,-344
219000241,129,375,-246
219000242,63,348,-285
219000243,175,325,-150
219000244,19,181,-162
219000245,11,190,-179
219000246,22,61,-39
219000247,241,56,185
219000248,705,813,-108
219000249,288,239,49
219000250,323,161,162
219000251,825,418,407
219000252,305,194,111
219000253,414,67,347
219000255,313,145,168
219000256,579,233,346
219000257,237,0,237
219000262,117,247,-130
219000263,80,191,-111
219000267,44,141,-97
219000268,10,47,-37
219000269,6,4,2
219000270,55,0,55
219000271,608,5,603
219000278,1,54,-53
219000279,2,12,-10
219000283,0,53,-53
219000295,5,100,-95
219000296,117,375,-258
219000297,87,30,57
219000298,88,34,54
219000299,467,68,399
219000300,118,106,12
219000301,79,256,-177
219000302,47,133,-86
219000307,33,24,9
219000308,171,205,-34
219000311,313,83,230
219000312,667,179,488
219000313,677,81,596
219000314,209,136,73
219000315,615,36,579
219000316,942,85,857
219000317,321,23,298
219000320,1,261,-260
219000321,4,54,-50
219000323,4,88,-84
219000325,1,14,-13
219000326,54,78,-24
219000327,25,33,-8
219000328,30,23,7
219000329,208,122,86
219000330,24,21,3
219000331,62,77,-15
219000332,396,227,169
219000333,80,3,77
219000335,90,2,88
219000337,35,1,34
219000338,71,0,71
219000344,12,97,-85
219000345,88,32,56
219000346,58,19,39
219000348,182,64,118
219000349,79,85,-6
219000350,58,383,-325
219000351,0,11,-11
219000352,99,136,-37
219000353,194,95,99
219000354,446,83,363
219000355,169,104,65
219000356,425,2578,-2153
219000363,124,138,-14
219000364,319,101,218
219000365,188,30,158
219000366,254,893,-639
219000368,386,709,-323
219000370,641,973,-332
219000371,13,14,-1
219000382,8,42,-34
219000383,332,1809,-1477
219000385,232,1279,-1047
219000386,880,2473,-1593
219000387,1,21,-20
219000390,17,15,2
219000391,1,5,-4
219000397,28,10,18
219000398,43,76,-33
219000401,30,108,-78
219000402,54,68,-14
219000403,78,560,-482
219000404,41,117,-76
219000407,21,23,-2
219000409,95,83,12
219000410,270,82,188
219000411,173,24,149
219000446,142,430,-288
219000447,13,27,-14
219000448,9,12,-3
219000452,151,186,-35
219000453,71,383,-312
219000454,247,689,-442
219000556,597,278,319
219000558,107,202,-95
219000590,16,267,-251
219000591,249,344,-95
219000592,63,345,-282
219000595,23,11,12
219000635,439,98,341
219000636,162,153,9
219000657,63,12,51
219000658,15,162,-147
219000673,0,39,-39
219000676,12,3,9
219000679,19,45,-26
219000684,123,26,97
219000685,0,58,-58
219000686,1,1,0
219000688,0,79,-79
219000689,13,187,-174
219000690,250,9,241
219000691,37,136,-99
219000692,308,13,295
219000693,0,7,-7
219000694,6,0,6
219000695,112,0,112
219000698,40,2,38
219000699,0,219,-219
219000727,3,507,-504
219000728,217,3,214
219000770,31,8,23
219000771,1,102,-101
219000788,396,476,-80
219001150,0,36,-36
219001151,0,0,0
219001166,88,70,18
219001167,12,73,-61
219001178,78,0,78
220000001,29,255,-226
220000002,8,224,-216
220000003,363,291,72
220000004,535,1025,-490
220000005,760,2296,-1536
220000006,191,966,-775
220000007,811,311,500
220000008,415,537,-122
220000009,470,472,-2
220000010,147,102,45
220000011,659,6681,-6022
220000012,25,582,-557
220000014,174,145,29
220000015,73,659,-586
220000017,32,496,-464
220000018,9632,1453,8179
220000019,215,944,-729
220000020,711,260,451
220000021,1613,366,1247
220000022,1644,387,1257
220000023,464,256,208
220000024,1261,913,348
220000025,740,2671,-1931
220000026,429,1328,-899
220000027,33,450,-417
220000028,52,248,-196
220000029,62,86,-24
220000030,110,228,-118
220000031,951,999,-48
220000064,59,3205,-3146
221000046,1,0,1
221000047,0,0,0
221000048,0,3,-3
221000049,0,33,-33
221000050,21,1,20
221000055,40,123,-83
221000068,270,85,185
221000069,418,52,366
221000070,299,17,282
221000071,140,4,136
221000072,496,11,485
221000073,301,63,238
221000074,2,18,-16
221000075,9,52,-43
221000076,21,32,-11
221000077,53,70,-17
221000081,148,28,120
221000082,83,10,73
221000083,9,4,5
221000084,2,12,-10
221000085,18,137,-119
221000086,7,109,-102
221000087,1,148,-147
221000088,5,175,-170
221000089,32,255,-223
221000090,59,449,-390
221000098,223,26,197
221000099,375,10,365
221000100,292,12,280
221000101,371,8,363
221000102,0,0,0
221000107,19,0,19
221000108,20,11,9
221000109,1,4,-3
221000110,10,78,-68
221000111,11,125,-114
221000112,2,118,-116
221000113,18,149,-131
221000114,10,126,-116
221000120,24,170,-146
221000121,3,26,-23
221000122,14,93,-79
221000123,22,86,-64
221000124,8,81,-73
221000155,126,50,76
221000156,187,71,116
221000175,12,11,1
221000176,0,0,0
221000182,67,8,59
221000241,527,379,148
221000242,118,293,-175
221000243,784,279,505
221000244,270,788,-518
221000245,201,269,-68
221000246,88,560,-472
221000247,239,237,2
221000248,147,277,-130
221000267,78,818,-740
221000325,14,130,-116
221000331,1,96,-95
221000338,12,76,-64
221000378,404,67,337
221000381,86,108,-22
222000282,2,7,-5
222000296,3,39,-36
222000568,359,21,338
222000569,120,50,70
222000570,242,47,195
222000571,445,44,401
222000577,6,58,-52
222000578,4,133,-129
222000579,11,91,-80
222000580,30,697,-667
222000599,0,89,-89
222000600,1,87,-86
222000601,4,678,-674
222000603,11,191,-180
222000604,0,252,-252
222000605,9,149,-140
222000606,5,87,-82
222000607,6,36,-30
222000608,7,80,-73
222000609,48,60,-12
222000616,630,77,553
222000617,7,95,-88
222000618,5,33,-28
222000620,48,61,-13
222000621,27,47,-20
222000623,1036,8,1028
222000624,642,10,632
222000625,1434,5,1429
222000636,53,10,43
222000686,13,68,-55
222000687,87,52,35
222001066,473,0,473
222001067,73,1,72
222001068,206,6,200
222001069,123,31,92
222001082,22,1,21
222001083,68,1,67
222001084,0,100,-100
222001085,0,148,-148
222001111,87,79,8
222001112,336,127,209
222001313,7,22,-15
222001314,2,148,-146
222001464,510,114,396
222001465,48,198,-150
222001484,351,108,243
222001485,46,88,-42
222001494,981,340,641
222001495,152,94,58
222001496,541,186,355
222001497,320,224,96
222001502,8,65,-57
222001503,280,47,233
222001504,19,308,-289
222001505,533,10,523
222001506,10,182,-172
222001507,244,10,234
222001510,1081,21,1060
222001511,70,160,-90
222001514,802,55,747
222001515,47,382,-335
222001518,551,20,531
222001519,74,89,-15
222001527,187,11,176
222001528,29,168,-139
222001529,453,17,436
222001530,115,79,36
222001533,223,116,107
222001534,626,45,581
222001535,602,533,69
222001536,99,123,-24
222001537,505,43,462
222001538,36,310,-274
222001563,1554,104,1450
222001564,53,329,-276
222001568,239,172,67
222001576,0,6,-6
222001579,0,29,-29
222001583,49,89,-40
222001584,255,64,191
222001596,564,1045,-481
222001597,1708,348,1360
222001626,0,51,-51
222001650,7,125,-118
222001651,9,304,-295
222001914,307,18,289
222001915,47,195,-148
222001968,821,376,445
222001969,386,481,-95
222001970,117,348,-231
222001971,49,5,44
222001972,10,10,0
225000001,608,180,428
225000002,1240,330,910
225000003,1285,416,869
225000004,941,621,320
225000005,70,121,-51
225000006,3,615,-612
225000007,2666,1798,868
225000010,501,9,492
225000011,463,2868,-2405
225000012,466,1189,-723
225000013,220,213,7
225000014,1271,357,914
225000015,206,272,-66
225000021,1171,165,1006
225000027,486,579,-93
225000032,958,169,789
225000042,211,671,-460
225000049,167,194,-27
225000050,260,36,224
225000053,16,408,-392
225000058,1229,476,753
225000067,440,157,283
225000068,245,629,-384
225000069,118,725,-607
225000070,242,553,-311
225000071,96,123,-27
225000075,122,3167,-3045
225000076,94,444,-350
225000078,75,179,-104
225000085,285,96,189
225000086,694,86,608
225000087,372,23,349
225000088,75,298,-223
225000089,103,555,-452
225000090,123,897,-774
225000091,103,244,-141
225000092,90,253,-163
225000093,666,394,272
225000094,26,268,-242
225000095,625,415,210
225000096,168,454,-286
225000098,1155,221,934
225000099,720,199,521
225000100,1372,298,1074
225000104,516,1282,-766
225000110,96,922,-826
225000111,960,1372,-412
225000112,1602,2228,-626
225000113,724,5236,-4512
225000114,464,2084,-1620
225000115,5012,1856,3156
225000116,940,652,288
225000117,2110,894,1216
225000118,4290,912,3378
225000119,1206,296,910
225000120,3096,172,2924
225000121,508,22,486
225000123,2182,84,2098
225000125,2162,878,1284
225000126,2906,1290,1616
225000127,1334,7718,-6384
225000128,1334,2986,-1652
225000132,1928,80,1848
225000133,940,120,820
225000134,2406,364,2042
225000135,410,6,404
225000136,2412,34,2378
225000137,1232,506,726
225000138,2210,384,1826
225000143,460,732,-272
225000144,64,772,-708
225000145,208,344,-136
225000146,362,534,-172
225000147,328,410,-82
225000148,4,158,-154
225000149,310,364,-54
225000151,162,180,-18
225000155,620,702,-82
225000156,644,2750,-2106
225000157,2136,1502,634
225000158,308,656,-348
225000171,22,478,-456
225000180,68,2,66
225000181,0,464,-464
225000182,198,60,138
225000185,18,1184,-1166
225000187,406,800,-394
225000191,164,6,158
225000194,0,22,-22
225000208,4,168,-164
225000209,438,40,398
225000210,44,518,-474
225000217,0,74,-74
225000218,60,0,60
225000223,4,1856,-1852
225000224,736,14,722
225000225,0,1610,-1610
225000226,48,8,40
225000227,1058,1726,-668
225000228,8,52,-44
225000229,0,902,-902
225000230,50,2,48
225000231,0,140,-140
225000232,574,0,574
225000241,196,0,196
225000242,0,134,-134
225000249,30,0,30
225000250,240,996,-756
225000251,2272,430,1842
226000042,492,1096,-604
226000043,182,848,-666
226000044,578,2156,-1578
226000045,324,1142,-818
226000046,2148,766,1382
226000047,1950,698,1252
226000048,1364,546,818
226000049,1500,1350,150
226000070,0,54,-54
226000071,0,224,-224
226000072,0,156,-156
226000073,0,72,-72
226000074,0,30,-30
226000084,10,150,-140
226000085,4,192,-188
226000086,2,112,-110
226000087,0,74,-74
226000088,14,64,-50
226000090,1082,1158,-76
226000091,34,370,-336
226000092,0,28,-28
226000093,96,4,92
226000094,16,14,2
226000095,96,68,28
226000105,10,6,4
226000106,34,0,34
226000107,12,0,12
226000108,68,0,68
226000109,572,0,572
226000124,398,554,-156
226000134,2670,1492,1178
226000135,4850,2002,2848
226000136,2084,1312,772
226000137,12,828,-816
226000138,82,152,-70
226000139,72,172,-100
226000156,1614,18,1596
226000157,1040,82,958
226000163,284,858,-574
226000202,20,608,-588
226000231,3690,42,3648
226000232,158,24,134
227000033,1298,122,1176
227000036,2058,42,2016
227000037,1656,144,1512
227000038,646,188,458
227000049,0,652,-652
227000050,28,528,-500
227000055,214,6,208
227000056,46,2,44
227000084,14,354,-340
227000085,6,432,-426
227000088,66,20,46
227000089,142,14,128
227000090,30,2,28
227000091,110,4,106
227000093,372,0,372
227000094,16,4,12
227000130,314,870,-556
227000131,106,682,-576
227000132,210,410,-200
227000133,32,286,-254
227000134,224,336,-112
227000152,0,48,-48
227000153,0,448,-448
227000155,20,78,-58
227000156,2,66,-64
227000165,18,334,-316
227000196,1364,148,1216
227000199,1608,388,1220
227000230,42,236,-194
227000232,1452,106,1346
227000242,80,1116,-1036
227000243,716,84,632
227000245,112,676,-564
227000246,338,456,-118
227000247,1604,106,1498
227000248,456,436,20
227000249,72,1646,-1574
227000250,1134,1152,-18
227000251,496,2302,-1806
227000252,168,370,-202
227000253,616,220,396
227000262,1802,52,1750
227000266,3684,48,3636
227000267,30,1400,-1370
227000282,14,164,-150
227000284,1006,34,972
227000286,26,72,-46
227000287,40,56,-16
227000291,8,980,-972
227000484,262,14,248
227000485,18,912,-894
227000655,456,10,446
227000656,716,14,702
227000657,252,16,236
227000661,206,78,128
227000680,1140,450,690
229000265,138,82,56
229000296,0,122,-122
229000297,20,34,-14
229000298,30,170,-140
229000320,4,26,-22
229000321,50,54,-4
229000412,12,238,-226
229000414,18,134,-116
229000415,8,24,-16
229000416,0,6,-6
229000417,0,0,0
229000419,66,372,-306
229000440,470,252,218
229000442,56,8,48
229000443,8,40,-32
229000444,2,54,-52
229000445,180,24,156
229000446,72,32,40
229000847,356,0,356
229000848,158,0,158
229000849,546,6,540
229000851,202,2,200
229000854,4,88,-84
229000856,8,176,-168
229000857,0,60,-60
229000858,2,154,-152
229000919,32,236,-204
229000930,68,508,-440
229000937,254,44,210
229000966,272,48,224
229000981,98,42,56
229000985,78,6,72
229000986,0,2,-2
229000987,0,4,-4
229000988,0,18,-18
229000989,6,64,-58
229000990,0,10,-10
229000991,0,6,-6
229000992,26,6,20
229000993,414,14,400
229000998,16,44,-28
229000999,220,6,214
229001034,2,28,-26
229001035,34,16,18
229001037,148,2,146
229001042,64,2,62
229001047,22,64,-42
229001050,166,106,60
229001200,74,6,68
229001338,0,8,-8
229001394,708,14,694
229001422,456,40,416
229001423,44,234,-190
229001431,104,130,-26
229001432,80,208,-128
229001444,462,80,382
229001445,170,152,18
229001503,762,272,490
229001504,398,270,128
229001505,560,116,444
229001506,290,310,-20
229001509,130,0,130
229001545,406,12,394
229001546,4,184,-180
229001553,444,56,388
229001554,16,230,-214
229001559,10,2,8
229001560,2,92,-90
229001630,204,26,178
229001631,14,56,-42
229001635,0,74,-74
229001636,0,0,0
229001658,0,188,-188
229001659,134,10,124
229001660,2,122,-120
229001661,4,94,-90
229001662,46,14,32
229001663,2,492,-490
229002584,284,542,-258
229002831,170,168,2
229002841,8,76,-68
229002842,68,138,-70
229002843,88,52,36
229002844,130,240,-110
229002845,122,362,-240
229002846,20,216,-196
229002847,0,38,-38
229002848,24,116,-92
229002849,2,126,-124
229002850,46,0,46
229002851,72,346,-274
229002852,318,152,166
229002853,166,196,-30
229002854,42,160,-118
229002855,34,234,-200
229002856,64,86,-22
229002857,28,450,-422
229002858,32,26,6
229002859,30,332,-302
229002860,134,166,-32
229002861,168,40,128
229002862,32,88,-56
229002863,50,34,16
229002864,50,138,-88
229002865,12,40,-28
229002866,26,28,-2
229002867,4,88,-84
229002868,6,44,-38
229002869,18,190,-172
229002870,134,90,44
235000066,358,122,236
235000067,560,250,310
235000072,48,150,-102
235000073,212,904,-692
235000074,102,202,-100
235000080,36,142,-106
235000081,346,230,116
235000082,1070,82,988
235000083,796,110,686
235000084,110,114,-4
235000085,416,180,236
235000089,322,266,56
235000092,68,410,-342
235000093,14,50,-36
235000097,4,6,-2
235000098,274,4,270
235000099,102,264,-162
235000116,30,58,-28
235000117,1700,40,1660
235000133,106,1608,-1502
235000134,60,374,-314
235000206,20,48,-28
235000207,2,10,-8
235000208,0,0,0
235000209,10,16,-6
235000210,18,6,12
235000212,4,52,-48
235000213,4,8,-4
235000220,0,14,-14
235000221,22,218,-196
235000238,26,792,-766
235000239,0,258,-258
235000242,768,2058,-1290
235000245,876,426,450
235000246,8,140,-132
235000284,6,282,-276
235000295,264,34,230
235000305,530,100,430
235000306,668,38,630
235000307,90,10,80
235000308,86,0,86
235000309,278,0,278
235000310,82,2,80
235000311,184,276,-92
235000322,0,26,-26
235000323,0,92,-92
235000324,0,60,-60
235000325,30,18,12
235000326,34,78,-44
235000351,8,176,-168
235000352,44,128,-84
235000353,12,82,-70
235000354,18,86,-68
235000355,28,80,-52
235000356,118,0,118
235000357,120,30,90
235000358,72,14,58
235000359,24,22,2
235000360,160,16,144
235000361,228,14,214
235000381,454,130,324
235000382,422,348,74
235000390,8,2,6
235000391,320,36,284
235000392,466,654,-188
235000393,208,842,-634
235000395,214,120,94
235000396,816,140,676
235000400,146,722,-576
235000401,60,612,-552
235000405,432,336,96
235000406,126,170,-44
235000407,160,154,6
235000409,478,318,160
235000410,138,358,-220
235000411,2,106,-104
235000485,0,30,-30
235000486,66,0,66
235000549,236,598,-362
235000550,214,410,-196
235000599,306,144,162
235000600,6,26,-20
235000601,12,44,-32
235000602,264,150,114
235000614,8,26,-18
235000648,2,78,-76
235000649,196,6,190
235000685,0,6,-6
235000815,10,54,-44
235000834,0,94,-94
235000855,116,136,-20
235000862,120,180,-60
235000891,0,208,-208
235000892,32,0,32
235000901,108,536,-428
235000907,2,28,-26
235001010,200,188,12
235001029,388,480,-92
235001030,348,226,122
235001078,166,356,-190
235001079,238,102,136
235001147,38,168,-130
235001166,26,100,-74
235001167,194,72,122
235001169,188,402,-214
235001188,2,28,-26
235001189,10,34,-24
235001197,10,58,-48
235001200,186,116,70
235001207,1736,116,1620
235001210,578,420,158
235001215,134,276,-142
235001239,0,102,-102
235001244,0,26,-26
235016267,0,656,-656
277102712,38,0,38
277103813,0,0,0
277103814,0,0,0
277104249,0,4,-4
277104250,0,42,-42
277104251,0,8,-8
277104252,0,6,-6
990011530,0,958,-958
990014944,0,310,-310
990015176,548,0,548
990015618,0,84,-84
990016032,0,396,-396
990032570,0,38,-38
990070001,152,6,146
990070103,0,2,-2
990070601,0,38,-38
990070751,5750,4,5746
990070766,0,272,-272
990071180,1756,1194,562
990071343,86,4,82
990071387,0,46,-46
990071823,30,2,28
990072600,2,1376,-1374
990072964,8,240,-232
990073285,0,2,-2
990074393,0,838,-838
990074870,4810,66,4744
990075106,1754,6,1748
990075746,2010,6,2004
990076437,10364,44,10320
990076458,2,1094,-1092
997000007,1276,40,1236
997000041,0,524,-524
997000058,114,0,114
997000062,96,64,32
997000069,0,12,-12
997000070,0,28,-28
997000100,300,2,298
997000141,0,464,-464
997000198,52,498,-446
998000475,0,2,-2
998000736,4,238,-234
998000965,0,40,-40
998001031,0,156,-156
998001700,0,116,-116
998001899,0,4,-4
998001900,48,46,2
998003073,2490,8,2482
998101900,0,0,0
998102850,0,292,-292
998501927,1010,2710,-1700
998501929,416,6,410
998501930,246,2,244
998501931,406,4,402
998501932,52,0,52
998501933,228,38,190
998501937,12,0,12
998501944,2,0,2
998501950,0,2,-2
998501970,440,0,440
998501971,2,218,-216
998501973,0,24,-24
998501974,2,304,-302
998501975,376,52,324
998501976,1932,158,1774
998501977,0,76,-76
998501978,26,0,26
998501979,0,10,-10
998501980,358,154,204
998501981,214,2,212
998501982,0,244,-244
998501983,0,0,0
998502006,0,0,0
998502024,0,64,-64
998502032,0,0,0
998502062,114,84,30
998502063,0,0,0
998502173,152,0,152
998502269,2,12,-10
998502546,2,1258,-1256
998502578,10,0,10
998502599,80,1170,-1090
998502621,0,2,-2
998601159,0,74,-74
998601292,0,46,-46
999033574,2,296,-294
999800001,82,6,76
999800002,0,4,-4
999800003,6,2,4
999800004,0,12,-12
999800005,0,94,-94
