ID,insum,outsum,diff
100000001,355,500,-145
100000002,3546,824,2722
100000003,3752,2304,1448
100000004,1037,692,345
100000005,1975,3008,-1033
100000006,1104,104,1000
100000007,2571,580,1991
100000008,279,420,-141
100000009,631,175,456
100000010,142,39,103
100000011,801,66,735
100000012,126,603,-477
100000013,158,153,5
100000014,476,295,181
100000015,1739,1945,-206
100000016,1021,1377,-356
100000017,737,884,-147
100000018,1329,456,873
100000019,3830,1620,2210
100000020,1443,4839,-3396
100000021,4242,2105,2137
100000022,1478,1206,272
100000023,4837,1089,3748
100000025,1616,679,937
100000028,1516,758,758
100000029,178,195,-17
100000030,364,36,328
100000031,2942,4916,-1974
100000032,1975,2679,-704
100000033,914,1701,-787
100000034,359,306,53
100000035,1481,862,619
100000036,2006,1084,922
100000037,530,428,102
100000038,1653,848,805
100000039,484,172,312
100000040,164,126,38
100000041,857,420,437
100000042,966,383,583
100000043,791,316,475
100000044,445,598,-153
100000045,620,963,-343
100000046,576,917,-341
100000047,278,579,-301
100000048,492,577,-85
100000049,1510,1911,-401
100000051,459,862,-403
100000053,193,6,187
100000054,704,44,660
100000055,1782,245,1537
100000056,582,494,88
100000057,1598,742,856
100000058,921,1073,-152
100000059,46,112,-66
100000060,352,319,33
100000061,1985,440,1545
100000062,1606,442,1164
100000063,574,246,328
100000064,1327,405,922
100000065,440,837,-397
100000066,216,562,-346
100000067,478,695,-217
100000068,553,1387,-834
100000069,409,1331,-922
100000072,380,810,-430
100000073,1028,1049,-21
100000075,628,287,341
100000076,1762,1904,-142
100000077,337,115,222
100000078,60,29,31
100000079,46,50,-4
100000080,27,44,-17
100000081,106,157,-51
100000102,2497,1352,1145
100000103,2606,779,1827
100000104,3496,1711,1785
100000105,2612,1075,1537
100000106,1912,1647,265
100000107,454,625,-171
100000108,694,792,-98
100000109,3209,1118,2091
100000116,1412,724,688
100000117,66,91,-25
100000118,1564,709,855
100000119,563,504,59
100000121,202,448,-246
100000122,660,721,-61
100000123,2867,3003,-136
100000124,6128,4157,1971
100000125,2432,865,1567
100000126,829,245,584
100000127,1496,264,1232
100000128,1996,979,1017
100000129,417,332,85
100000130,309,410,-101
100000131,2130,2016,114
100000132,951,1504,-553
100000133,4722,2206,2516
100000135,451,814,-363
100000139,484,232,252
100000140,459,210,249
100000142,337,550,-213
100000143,1229,620,609
100000144,3635,859,2776
100000147,957,2077,-1120
100000150,33,364,-331
100000151,876,623,253
100000153,244,275,-31
100000154,94,90,4
100000155,16,34,-18
100000156,350,226,124
100000157,84,63,21
100000158,194,64,130
100000159,364,403,-39
100000165,1616,637,979
100000169,296,304,-8
100000174,714,337,377
100000179,111,506,-395
100000180,1571,1181,390
100000181,572,248,324
100000188,90,239,-149
100000189,801,322,479
100000190,892,512,380
100000191,510,442,68
100000192,53,95,-42
100000193,201,168,33
100000330,1261,630,631
100000355,274,441,-167
100000362,6199,3463,2736
100000363,2956,5009,-2053
100000364,268,207,61
100000365,4634,4606,28
100000366,6860,2689,4171
100000367,4533,4118,415
100000368,3287,1530,1757
100000369,764,1325,-561
100000370,159,569,-410
100000376,147,93,54
100000379,2324,1189,1135
100000380,4421,2245,2176
100000384,4688,3300,1388
100000385,4807,3489,1318
100000386,7002,3485,3517
100000387,4697,3725,972
100000388,5792,4297,1495
100000389,5381,4240,1141
100000390,6187,4067,2120
100000391,4904,4558,346
100000392,4516,2514,2002
100000393,2671,2779,-108
100000394,8971,5016,3955
100000395,4773,2623,2150
100000396,9295,2652,6643
100000397,5257,4097,1160
100000398,11417,7418,3999
100000413,18,3,15
100000414,316,165,151
100900002,13,40,-27
100900003,275,182,93
100900004,13,494,-481
100900005,79,22,57
100900006,17,104,-87
100900007,243,8,235
100900008,2,281,-279
100900009,70,151,-81
100900010,30,78,-48
100900011,89,254,-165
100900012,0,185,-185
100900013,721,5,716
100900014,0,8,-8
100900015,91,76,15
100900016,1,39,-38
100900017,882,36,846
100900018,0,39,-39
100900019,10,60,-50
100900020,283,5,278
100900021,343,3,340
100900022,9,15,-6
100900023,1,25,-24
100900024,662,15,647
100900025,7,4,3
100900026,66,102,-36
100900027,388,2093,-1705
100900028,140,165,-25
100900029,82,11,71
100900030,3,26,-23
100900031,553,22,531
100900032,139,0,139
100900033,148,133,15
100900034,416,2,414
100900035,510,2,508
100900036,9,1,8
100900037,67,162,-95
100900038,95,22,73
100900039,326,527,-201
100900040,308,640,-332
100900041,429,490,-61
100900042,1331,379,952
100900043,0,4,-4
100900044,1935,512,1423
100900045,84,0,84
100900046,874,11,863
100900047,528,83,445
100900048,144,44,100
100900049,62,163,-101
100900050,1,19,-18
100900051,19,52,-33
100900052,315,20,295
100900053,214,18,196
100900054,14,72,-58
100900055,147,441,-294
100900056,124,205,-81
100900057,485,1112,-627
100900058,207,35,172
100900059,161,2,159
100900060,122,9,113
100900061,404,196,208
100900062,3,22,-19
100900063,154,529,-375
100900064,602,9,593
100900065,39,72,-33
100900066,74,168,-94
100900067,11,5,6
100900068,121,64,57
100900069,807,7,800
100900070,199,10,189
100900071,837,242,595
100900072,2,29,-27
100900073,149,435,-286
100900074,1,13,-12
100900075,1303,292,1011
100900076,16,27,-11
100900077,18,86,-68
100900078,75,231,-156
100900079,8,13,-5
100900080,15,137,-122
100900081,35,155,-120
100900082,130,669,-539
100900083,5,30,-25
100900085,12,71,-59
100900086,106,731,-625
100900088,73,502,-429
100900089,0,34,-34
100900090,104,283,-179
100900091,0,27,-27
100900092,131,192,-61
100900093,145,328,-183
100900094,67,454,-387
100900095,0,36,-36
100900096,17,91,-74
100900097,0,7,-7
100900098,49,27,22
100900099,28,345,-317
100900100,12,214,-202
100900101,290,33,257
100900102,11,48,-37
100900103,16,9,7
100900104,9,103,-94
100900105,9,161,-152
100900106,49,6,43
100900107,1271,540,731
100900108,6,11,-5
100900109,13,36,-23
100900110,2,14,-12
100900111,27,97,-70
100900112,1,14,-13
100900113,15,26,-11
100900114,12,19,-7
100900115,1,32,-31
100900116,561,654,-93
100900117,230,512,-282
100900118,9,78,-69
100900119,14,22,-8
100900120,11,18,-7
100900121,149,466,-317
100900122,106,146,-40
100900123,61,138,-77
100900124,13,4,9
100900125,16,78,-62
100900126,197,159,38
100900127,17,14,3
100900128,69,100,-31
100900129,1,81,-80
100900131,64,186,-122
100900133,61,28,33
100900134,10,5,5
100900135,1,133,-132
100900137,232,162,70
100900138,409,333,76
100900139,4,11,-7
100900140,2,380,-378
100900141,0,259,-259
100900142,6,7,-1
100900143,596,295,301
100900144,6,2,4
100900145,66,138,-72
100900146,0,0,0
100900147,14,188,-174
100900148,41,585,-544
100900149,34,120,-86
100900150,0,0,0
100900151,119,374,-255
100900152,70,10,60
100900153,5,122,-117
100900154,7,34,-27
100900155,5,6,-1
100900156,11,2,9
100900157,5,107,-102
100900159,9,20,-11
100900160,7,4,3
100900161,46,3,43
100900162,15,163,-148
100900163,173,184,-11
100900164,26,61,-35
100900165,0,16,-16
100900166,14,2,12
100900167,9,39,-30
100900168,26,148,-122
100900169,107,738,-631
100900170,16,9,7
100900171,13,475,-462
100900172,1,7,-6
100900173,6,410,-404
100900174,266,28,238
100900176,936,110,826
100900177,473,124,349
100900178,484,122,362
100900179,72,72,0
100900180,7,9,-2
100900181,79,44,35
100900182,24,8,16
100900184,7,120,-113
100900186,525,357,168
100900187,12,99,-87
100900188,28,6,22
100900189,656,209,447
100900191,1100,1016,84
100900192,249,218,31
100900195,86,114,-28
100900197,16,36,-20
100900198,14,198,-184
100900199,5,4,1
100900200,544,340,204
100900201,46,464,-418
100900202,70,1,69
100900203,4,55,-51
100900204,279,233,46
100900205,170,395,-225
100900206,118,49,69
100900207,162,114,48
100900210,52,433,-381
100900211,236,106,130
100900213,71,33,38
100900214,585,140,445
100900215,1,36,-35
100900217,84,68,16
101000001,3146,2154,992
101000002,3194,2940,254
101000003,469,1443,-974
101000004,7858,7004,854
101000005,2848,3726,-878
101000006,5270,5749,-479
101000007,2072,2307,-235
101000009,2012,1462,550
101000010,826,1176,-350
101000011,1243,501,742
101000012,1863,634,1229
101000013,442,935,-493
101000014,490,559,-69
101000015,846,649,197
101000016,338,315,23
101000017,461,378,83
101000018,3889,2107,1782
101000020,3766,1027,2739
101000021,884,383,501
101000022,8,5,3
101000023,1853,809,1044
101000025,203,294,-91
101000026,376,13,363
101000027,1480,1555,-75
101000028,788,148,640
101000029,157,926,-769
101000030,1754,87,1667
101000031,703,286,417
101000032,10087,3147,6940
101000033,2168,2060,108
101000034,2424,1156,1268
101000035,771,239,532
101000036,1473,575,898
101000037,3132,1237,1895
101000039,2453,1295,1158
101000040,2599,2343,256
101000041,9770,5929,3841
101000042,483,827,-344
101000043,7558,4789,2769
101000045,1566,738,828
101000046,4243,963,3280
101000047,2307,1531,776
101000048,579,504,75
101000049,722,1133,-411
101000050,1587,1059,528
101000051,1961,1672,289
101000052,1325,626,699
101000053,786,1196,-410
101000054,1159,904,255
101000055,1254,978,276
101000056,62,74,-12
101000057,1773,747,1026
101000058,1242,916,326
101000059,2391,1661,730
101000060,1302,444,858
101000061,925,1059,-134
101000062,616,572,44
101000063,628,687,-59
101000064,1393,704,689
101000065,300,267,33
101000066,947,664,283
101000067,1414,655,759
101000068,437,287,150
101000069,476,72,404
101000070,1332,729,603
101000071,1625,723,902
101000072,701,2546,-1845
101000073,790,614,176
101000074,5361,2321,3040
101000075,4597,2925,1672
101000077,1113,852,261
101000078,945,1979,-1034
101000079,739,327,412
101000080,700,309,391
101000081,1376,1355,21
101000082,3265,3015,250
101000083,2243,2017,226
101000084,1369,880,489
101000085,1339,1114,225
101000086,992,990,2
101000087,849,1078,-229
101000088,824,978,-154
101000089,750,1422,-672
101000090,1813,1286,527
101000091,303,1004,-701
101000092,706,1049,-343
101000093,1097,810,287
101000094,711,937,-226
101000095,379,637,-258
101000096,420,532,-112
101000097,473,289,184
101000098,373,492,-119
101000099,1141,1079,62
101000100,742,561,181
101000101,370,304,66
101000102,800,384,416
101000103,824,425,399
101000104,405,549,-144
101000105,1364,270,1094
101000106,996,429,567
101000107,175,323,-148
101000108,919,297,622
101000109,146,61,85
101000110,25,507,-482
101000111,162,204,-42
101000113,149,459,-310
101000114,8480,3276,5204
101000115,329,217,112
101000116,140,91,49
101000117,575,233,342
101000119,50,33,17
101000120,103,21,82
101000121,67,16,51
101000122,144,76,68
101000123,81,55,26
101000124,553,177,376
101000125,253,469,-216
101000128,614,232,382
101000130,175,247,-72
101000131,520,503,17
101000132,467,1034,-567
101000135,95,19,76
101000136,581,112,469
101000137,27,200,-173
101000141,1244,1987,-743
101000147,902,574,328
101000148,1371,10,1361
101000149,205,155,50
101000150,148,807,-659
101000151,189,88,101
101000152,306,287,19
101000153,682,365,317
101000154,140,1015,-875
101000155,179,134,45
101000156,15,235,-220
101000157,33,11,22
101000160,132,74,58
101000163,282,215,67
101000164,503,369,134
101000165,243,343,-100
101000166,214,288,-74
101000168,714,385,329
101000252,1451,828,623
101000254,345,51,294
101000258,32,21,11
101000261,153,46,107
101000262,1062,1453,-391
101000263,175,610,-435
101000265,62,525,-463
101000266,261,218,43
101000269,46,8,38
101000290,777,2530,-1753
101000293,21,74,-53
101000294,455,370,85
101000295,77,482,-405
101000301,560,316,244
101000304,1832,2389,-557
101000305,2786,1404,1382
101000328,98,259,-161
101900001,38,55,-17
101900002,0,6,-6
101900003,78,83,-5
101900004,4,64,-60
101900005,3604,1497,2107
101900006,633,310,323
101900007,444,86,358
101900008,76,210,-134
101900009,38,462,-424
101900010,892,623,269
101900011,130,851,-721
101900012,96,255,-159
101900013,1151,157,994
101900017,9,145,-136
101900018,1096,208,888
101900019,401,123,278
101900020,61,73,-12
101900021,0,36,-36
101900022,117,930,-813
101900023,98,176,-78
101900026,122,43,79
101900027,14,151,-137
102000001,2540,3329,-789
102000002,3173,952,2221
102000003,2938,5215,-2277
102000004,7106,2648,4458
102000005,982,1541,-559
102000006,1220,1433,-213
102000007,1417,3340,-1923
102000008,4403,1344,3059
102000009,4510,5884,-1374
102000010,4890,2679,2211
102000011,2373,1985,388
102000012,3099,3000,99
102000018,2507,2287,220
102000019,2192,1286,906
102000026,173,528,-355
102000029,226,205,21
102000030,120,298,-178
102000031,36,164,-128
102000032,324,322,2
102000033,185,299,-114
102000034,432,354,78
102000035,571,505,66
102000036,9,203,-194
102000037,171,58,113
102000038,166,254,-88
102000039,209,84,125
102000040,631,136,495
102000041,173,240,-67
102000042,182,156,26
102000043,279,150,129
102000044,429,373,56
102000045,609,773,-164
102000046,769,502,267
102000047,678,940,-262
102000048,315,605,-290
102000049,904,615,289
102000050,933,1080,-147
102000051,329,529,-200
102000052,1219,638,581
102000053,838,838,0
102000054,533,757,-224
102000055,833,784,49
102000056,683,1081,-398
102000057,1077,463,614
102000058,845,1451,-606
102000059,1512,1209,303
102000060,969,856,113
102000061,1271,1767,-496
102000062,1290,869,421
102000063,930,1131,-201
102000064,528,619,-91
102000065,34,107,-73
102000066,949,783,166
102000067,1873,2393,-520
102000068,7076,2502,4574
102000069,54,1226,-1172
102000070,1638,36,1602
102000071,6346,7764,-1418
102000072,2731,3736,-1005
102000073,501,374,127
102000074,547,631,-84
102000075,79,232,-153
102000076,156,379,-223
102000077,378,885,-507
102000078,686,841,-155
102000079,188,236,-48
102000080,251,213,38
102000081,268,703,-435
102000082,621,316,305
102000083,439,308,131
102000084,171,289,-118
102000085,1188,1002,186
102000086,842,1080,-238
102000087,693,1554,-861
102000088,229,254,-25
102000089,802,374,428
102000090,403,941,-538
102000091,1064,347,717
102000092,312,660,-348
102000093,533,591,-58
102000094,866,606,260
102000095,830,873,-43
102000096,556,698,-142
102000097,763,558,205
102000098,443,607,-164
102000099,839,564,275
102000100,652,795,-143
102000101,773,470,303
102000102,320,1530,-1210
102000103,1011,269,742
102000104,643,260,383
102000105,222,501,-279
102000106,664,609,55
102000107,809,506,303
102000108,462,181,281
102000109,536,581,-45
102000110,812,1362,-550
102000111,7,273,-266
102000112,146,96,50
102000113,6,28,-22
102000114,750,287,463
102000115,183,213,-30
102000116,692,260,432
102000117,378,427,-49
102000118,1444,947,497
102000119,1902,563,1339
102000120,143,346,-203
102000121,834,429,405
102000122,424,741,-317
102000123,1128,798,330
102000124,879,889,-10
102000125,854,809,45
102000126,528,598,-70
102000127,1113,606,507
102000128,491,799,-308
102000129,1072,688,384
102000130,581,522,59
102000131,998,445,553
102000132,311,497,-186
102000133,1742,1844,-102
102000134,573,629,-56
102000135,606,708,-102
102000136,722,478,244
102000137,613,450,163
102000138,232,294,-62
102000139,94,260,-166
102000140,345,177,168
102000141,218,349,-131
102000142,907,373,534
102000143,152,430,-278
102000144,243,357,-114
102000145,235,332,-97
102000146,357,273,84
102000147,358,405,-47
102000148,159,578,-419
102000149,104,397,-293
102000150,193,118,75
102000151,112,270,-158
102000152,115,145,-30
102000153,1081,432,649
102000154,343,657,-314
102000155,152,371,-219
102000156,359,114,245
102000157,118,316,-198
102000158,540,386,154
102000159,934,340,594
102000161,3442,1958,1484
102000162,173,120,53
102000163,67,458,-391
102000164,890,941,-51
102000165,351,106,245
102000166,154,169,-15
102000167,323,191,132
102000168,224,139,85
102000169,108,558,-450
102000170,473,164,309
102000171,149,78,71
102000172,90,247,-157
102000173,515,256,259
102000174,40,52,-12
102000175,131,66,65
102000176,28,22,6
102000178,255,437,-182
102000179,361,277,84
102000180,666,494,172
102000181,562,619,-57
102000182,524,610,-86
102000183,1432,1834,-402
102000184,1826,812,1014
102000185,2157,1540,617
102000186,1135,1927,-792
102000187,834,1581,-747
102000188,853,1204,-351
102000189,2153,796,1357
102000190,487,2020,-1533
102000191,1096,442,654
102000192,792,1040,-248
102000193,32,148,-116
102000194,52,85,-33
102000195,352,408,-56
102000196,141,388,-247
102000197,602,337,265
102000198,172,715,-543
102000199,728,287,441
102000200,266,932,-666
102000201,812,429,383
102000202,5,109,-104
102000203,351,195,156
102000204,300,601,-301
102000205,682,365,317
102000206,535,533,2
102000207,554,349,205
102000208,393,391,2
102000209,60,46,14
102000210,470,506,-36
102000211,264,279,-15
102000212,271,10,261
102000213,8,286,-278
102000214,215,6,209
102000215,9,371,-362
102000216,42,44,-2
102000217,6,153,-147
102000218,296,159,137
102000219,491,280,211
102000225,672,487,185
102000226,2386,767,1619
102000227,131,0,131
102000228,2,119,-117
102000229,27,40,-13
102000230,237,429,-192
102000231,233,386,-153
102000232,18,132,-114
102000233,318,565,-247
102000234,87,928,-841
102000236,237,57,180
102000237,506,130,376
102000238,170,223,-53
102000240,601,461,140
102000241,162,119,43
102000243,32,46,-14
102000245,14,115,-101
102000246,9,26,-17
102000247,1014,837,177
102000248,602,708,-106
102000249,142,141,1
102000250,95,302,-207
102000254,62,280,-218
102000266,48,131,-83
102000271,17,1,16
102000286,348,361,-13
102000297,1544,875,669
102000305,0,0,0
102000307,0,4,-4
102000316,320,408,-88
102900001,1073,785,288
102900002,322,43,279
102900003,66,231,-165
102900005,291,290,1
102900006,400,172,228
102900007,411,22,389
102900008,148,76,72
102900009,488,200,288
102900010,629,517,112
102900011,1620,253,1367
102900012,276,89,187
102900013,37,95,-58
102900015,593,460,133
102900016,66,142,-76
102900017,105,576,-471
102900018,41,130,-89
102900019,335,316,19
102900020,109,31,78
102900021,15,108,-93
102900022,739,163,576
102900023,16,52,-36
102900024,52,40,12
102900025,317,145,172
102900026,339,1426,-1087
102900027,55,52,3
102900028,123,507,-384
102900029,124,135,-11
102900030,497,232,265
102900031,170,130,40
102900032,62,96,-34
102900033,81,159,-78
102900034,313,107,206
102900035,166,354,-188
102900036,268,461,-193
102900037,326,566,-240
102900038,381,578,-197
102900039,11,363,-352
102900040,108,201,-93
102900041,60,173,-113
102900042,173,266,-93
102900043,103,231,-128
102900044,410,1813,-1403
102900045,91,557,-466
102900046,131,298,-167
102900047,69,419,-350
102900048,621,577,44
102900049,111,290,-179
102900050,179,298,-119
102900051,137,169,-32
102900053,314,586,-272
102900054,749,858,-109
102900055,49,140,-91
102900056,97,388,-291
102900057,14,48,-34
102900058,196,66,130
102900059,26,82,-56
102900060,70,305,-235
102900061,162,414,-252
102900062,179,880,-701
102900063,881,412,469
102900064,101,422,-321
102900065,1330,420,910
102900066,278,30,248
102900068,92,72,20
102900070,150,436,-286
102900072,36,41,-5
102900073,179,10,169
102900075,58,53,5
102900076,178,122,56
102900077,38,67,-29
102900078,30,109,-79
102900079,142,20,122
102900080,452,63,389
102900081,74,266,-192
102900082,9,224,-215
102900083,227,8,219
102900084,10,25,-15
102900085,329,123,206
102900086,22,30,-8
102900087,92,89,3
102900088,26,23,3
102900089,289,103,186
102900090,0,305,-305
102900091,116,1,115
102900092,168,891,-723
102900094,1,79,-78
102900095,65,2,63
102900096,53,26,27
102900097,1,87,-86
103000001,2011,2607,-596
103000002,2183,2529,-346
103000003,3062,2631,431
103000004,699,696,3
103000005,1510,2632,-1122
103000006,580,1267,-687
103000007,333,737,-404
103000008,951,790,161
103000009,833,986,-153
103000010,180,135,45
103000011,1467,1172,295
103000012,1072,1294,-222
103000013,4343,2081,2262
103000014,1177,2174,-997
103000015,1861,751,1110
103000016,426,1186,-760
103000017,150,404,-254
103000018,638,355,283
103000019,183,228,-45
103000020,2774,1358,1416
103000021,1830,1637,193
103000022,811,1031,-220
103000023,569,1499,-930
103000024,53,134,-81
103000025,82,446,-364
103000026,1168,122,1046
103000027,329,357,-28
103000028,396,258,138
103000029,211,196,15
103000030,1586,767,819
103000031,1291,1265,26
103000032,1946,1823,123
103000033,2255,2462,-207
103000034,1380,970,410
103000035,358,1209,-851
103000036,329,443,-114
103000037,523,407,116
103000038,402,852,-450
103000039,329,429,-100
103000040,402,912,-510
103000041,1593,2460,-867
103000042,949,571,378
103000043,428,915,-487
103000044,162,212,-50
103000046,174,436,-262
103000047,529,650,-121
103000048,119,185,-66
103000049,125,174,-49
103000050,548,499,49
103000051,297,486,-189
103000052,876,350,526
103000053,184,618,-434
103000054,2552,1472,1080
103000055,2029,2239,-210
103000056,470,1649,-1179
103000057,403,304,99
103000058,549,772,-223
103000059,350,775,-425
103000060,846,673,173
103000061,292,860,-568
103000062,952,512,440
103000063,571,837,-266
103000064,133,194,-61
103000065,6,498,-492
103000066,290,12,278
103000069,355,412,-57
103000070,996,751,245
103000071,809,443,366
103000072,107,644,-537
103000073,503,125,378
103000074,512,102,410
103000075,98,619,-521
103000076,172,245,-73
103000077,26,238,-212
103000078,930,474,456
103000079,883,503,380
103000080,973,287,686
103000081,373,768,-395
103000082,430,150,280
103000083,100,296,-196
103000084,117,4,113
103000085,3,118,-115
103000086,604,281,323
103000087,133,408,-275
103000088,360,300,60
103000089,218,364,-146
103000090,1515,696,819
103000091,551,467,84
103000092,215,237,-22
103000093,239,394,-155
103000094,187,84,103
103000095,48,316,-268
103000096,530,97,433
103000097,73,604,-531
103000098,877,137,740
103000099,318,649,-331
103000100,81,645,-564
103000101,698,123,575
103000102,68,621,-553
103000103,598,190,408
103000104,58,140,-82
103000105,88,83,5
103000106,8,116,-108
103000107,199,50,149
103000108,841,629,212
103000109,375,333,42
103000110,344,357,-13
103000111,450,353,97
103000112,268,192,76
103000113,618,648,-30
103000114,1218,342,876
103000115,508,506,2
103000116,507,456,51
103000117,311,374,-63
103000118,916,725,191
103000119,1205,654,551
103000120,71,89,-18
103000121,436,540,-104
103000122,374,361,13
103000125,12,297,-285
103000126,497,1,496
103000127,2,161,-159
103000128,143,0,143
103000129,2,139,-137
103000130,40,28,12
103000131,132,76,56
103000132,102,131,-29
103000133,18,82,-64
103000134,496,625,-129
103000135,491,206,285
103000136,569,405,164
103000137,445,494,-49
103000138,619,542,77
103000139,4,49,-45
103000140,144,13,131
103000141,70,110,-40
103000142,112,83,29
103000143,79,193,-114
103000144,177,51,126
103000145,54,55,-1
103000150,161,48,113
103000152,188,219,-31
103000153,258,183,75
103000156,9,399,-390
103000157,338,3,335
103000159,99,25,74
103000162,89,19,70
103000163,13,21,-8
103000164,35,9,26
103000165,170,286,-116
103000166,176,232,-56
103000167,161,131,30
103000168,82,218,-136
103000169,134,420,-286
103000170,572,459,113
103000171,38,69,-31
103000172,221,321,-100
103000173,365,436,-71
103000174,135,376,-241
103000175,230,345,-115
103000176,628,509,119
103000177,480,420,60
103000178,233,263,-30
103000179,162,66,96
103000183,96,21,75
103000185,95,42,53
103000186,134,191,-57
103000187,301,399,-98
103000188,13,74,-61
103000189,902,886,16
103000191,456,502,-46
103000292,2273,1388,885
103000293,894,1488,-594
103000295,59,85,-26
103000296,366,3,363
103000297,14,7,7
103000504,15,13,2
103000505,8,17,-9
103000506,2,265,-263
103000507,262,1,261
103000508,39,40,-1
103000509,315,615,-300
103900001,0,239,-239
103900002,1208,192,1016
103900003,974,17,957
103900004,74,1,73
103900005,2,192,-190
103900006,0,1,-1
103900007,27,1,26
103900008,7,1,6
103900009,235,476,-241
103900010,76,318,-242
103900011,177,180,-3
103900012,8,26,-18
103900013,42,58,-16
103900014,23,17,6
103900015,62,19,43
103900016,169,176,-7
103900017,43,119,-76
103900018,476,275,201
103900019,81,236,-155
103900020,240,398,-158
103900021,528,93,435
103900022,819,628,191
103900023,127,2,125
103900024,106,248,-142
103900025,14,21,-7
103900026,116,0,116
103900027,645,228,417
103900028,11,259,-248
103900029,762,169,593
103900030,310,64,246
103900031,14,4,10
103900032,48,37,11
103900033,112,12,100
103900034,25,194,-169
103900035,109,53,56
103900036,37,41,-4
103900037,103,50,53
103900038,49,98,-49
103900039,63,434,-371
103900040,16,119,-103
103900041,45,47,-2
103900042,52,391,-339
103900043,106,99,7
103900044,82,197,-115
103900045,254,161,93
103900047,51,20,31
103900048,54,22,32
103900049,181,1050,-869
103900050,7,76,-69
103900051,0,39,-39
103900052,147,447,-300
103900053,95,613,-518
103900054,80,380,-300
103900055,373,192,181
103900056,44,46,-2
103900057,26,221,-195
103900058,209,686,-477
103900059,0,19,-19
103900060,23,200,-177
103900061,114,51,63
103900062,214,62,152
103900063,7,2,5
103900064,87,5,82
103900065,717,379,338
103900066,135,30,105
103900067,139,7,132
103900068,17,1,16
103900069,55,12,43
103900070,139,209,-70
103900071,25,125,-100
103900072,6,236,-230
103900073,25,37,-12
103900074,71,69,2
103900075,169,92,77
103900076,380,562,-182
103900077,52,96,-44
103900078,206,79,127
103900079,87,234,-147
103900080,10,35,-25
103900081,182,33,149
103900082,10,127,-117
103900083,1674,780,894
103900084,53,115,-62
103900085,81,102,-21
103900086,425,227,198
103900088,336,319,17
103900089,46,131,-85
103900090,1,134,-133
103900091,1181,233,948
103900092,549,361,188
103900093,83,312,-229
103900094,10,142,-132
103900095,323,211,112
103900096,18,185,-167
103900097,2,407,-405
103900098,211,83,128
103900099,51,146,-95
103900100,138,376,-238
103900101,66,1027,-961
103900102,0,19,-19
103900104,3,25,-22
103900105,47,158,-111
103900106,0,38,-38
103900107,59,263,-204
103900108,42,223,-181
103900109,73,91,-18
103900110,129,31,98
103900111,73,533,-460
103900112,21,72,-51
103900113,122,164,-42
103900114,345,298,47
103900115,197,165,32
103900116,4136,1897,2239
103900117,159,63,96
103900119,29,51,-22
103900120,67,131,-64
103900122,63,267,-204
103900123,1031,474,557
103900124,58,474,-416
103900125,87,99,-12
103900126,318,414,-96
103900127,147,394,-247
103900128,78,131,-53
103900131,24,92,-68
103900133,823,90,733
103900134,0,2,-2
103900135,11,7,4
103900137,0,25,-25
103900138,67,294,-227
103900139,476,1327,-851
103900140,18,77,-59
103900141,227,68,159
103900142,79,143,-64
103900143,45,2,43
103900144,1,24,-23
103900145,113,247,-134
103900146,216,243,-27
103900147,279,84,195
103900148,151,188,-37
103900149,280,605,-325
103900150,5377,2911,2466
103900151,38,102,-64
103900152,349,491,-142
103900153,6,2,4
103900154,705,1116,-411
103900155,36,201,-165
103900156,40,178,-138
103900157,23,207,-184
103900158,55,142,-87
103900159,103,93,10
103900160,48,33,15
103900161,94,192,-98
103900162,56,205,-149
103900163,7,434,-427
103900167,12,94,-82
103900168,86,92,-6
103900169,43,44,-1
103900170,4,134,-130
103900171,3,48,-45
103900172,8,16,-8
103900173,5,13,-8
103900174,79,46,33
103900175,54,47,7
103900176,8,34,-26
103900177,12,71,-59
103900178,26,29,-3
103900179,37,103,-66
103900180,6,42,-36
103900181,61,29,32
103900182,28,16,12
103900184,408,55,353
103900185,165,246,-81
103900187,46,73,-27
103900188,47,15,32
103900189,61,3,58
103900190,37,82,-45
103900191,20,44,-24
103900192,25,92,-67
103900193,110,86,24
103900194,39,202,-163
103900195,8,68,-60
103900196,42,38,4
103900197,34,67,-33
103900198,11,47,-36
103900199,110,53,57
103900200,95,118,-23
103900201,68,151,-83
103900202,7,57,-50
103900203,23,16,7
103900204,1,104,-103
103900207,0,105,-105
103900208,79,0,79
103900209,5,74,-69
103900210,40,26,14
103900211,400,434,-34
103900212,53,320,-267
103900213,66,208,-142
103900214,258,129,129
103900215,453,233,220
103900216,14,60,-46
103900217,299,5,294
103900218,17,362,-345
103900219,126,227,-101
103900233,8,0,8
103900235,21,16,5
103900236,13,1,12
103900242,4,23,-19
103900243,4,11,-7
103900244,73,208,-135
103900245,88,147,-59
103900246,71,26,45
103900247,39,124,-85
103900248,9,22,-13
103900249,11,18,-7
103900250,15,17,-2
103900251,7,34,-27
103900253,40,67,-27
103900254,1,3,-2
103900255,10,13,-3
103900256,26,26,0
103900257,145,130,15
103900258,51,5,46
103900259,80,13,67
103900261,9,5,4
103900262,28,0,28
103900263,33,24,9
103900264,53,17,36
103900265,46,6,40
103900266,5,49,-44
103900267,43,122,-79
103900268,59,144,-85
103900269,234,127,107
103900270,50,273,-223
103900271,198,153,45
103900272,43,85,-42
103900273,33,58,-25
103900274,65,7,58
103900275,12,0,12
103900277,4,61,-57
103900278,387,177,210
103900279,87,46,41
103900280,3,186,-183
103900281,46,38,8
103900282,107,6,101
103900283,170,14,156
103900284,14,14,0
103900285,64,66,-2
103900286,26,39,-13
103900287,4,72,-68
103900288,120,138,-18
103900289,558,166,392
103900290,241,49,192
103900291,30,59,-29
103900292,273,108,165
103900293,7,56,-49
103900294,10,259,-249
104000001,1784,1781,3
104000002,1398,2524,-1126
104000003,1968,2070,-102
104000004,2543,2463,80
104000005,1196,1735,-539
104000006,2566,2799,-233
104000007,3636,3882,-246
104000008,229,340,-111
104000009,111,79,32
104000010,107,238,-131
104000011,510,394,116
104000012,127,404,-277
104000013,146,159,-13
104000014,228,798,-570
104000015,268,152,116
104000016,566,403,163
104000018,602,196,406
104000019,400,156,244
104000020,143,598,-455
104000021,283,624,-341
104000022,157,222,-65
104000023,610,387,223
104000024,252,345,-93
104000026,48,378,-330
104000027,237,371,-134
104000028,322,241,81
104000029,438,441,-3
104000030,204,223,-19
104000031,994,467,527
104000032,216,311,-95
104000033,467,478,-11
104000034,304,299,5
104000035,652,436,216
104000036,645,536,109
104000037,278,214,64
104000038,343,448,-105
104000039,144,268,-124
104000040,298,324,-26
104000041,906,346,560
104000042,235,398,-163
104000043,288,405,-117
104000044,207,601,-394
104000045,1041,1329,-288
104000046,1238,1592,-354
104000047,709,1155,-446
104000048,804,1661,-857
104000049,439,247,192
104000050,305,534,-229
104000051,134,565,-431
104000052,1722,1712,10
104000053,810,561,249
104000054,285,354,-69
104000055,3267,2081,1186
104000056,1344,282,1062
104000057,249,655,-406
104000058,832,745,87
104000059,581,1238,-657
104000060,816,1067,-251
104000061,1174,1085,89
104000062,431,236,195
104000064,574,303,271
104000065,248,536,-288
104000069,1144,881,263
104000070,59,396,-337
104000071,297,523,-226
104000072,497,336,161
104000075,51,255,-204
104000076,378,62,316
104000082,1736,2771,-1035
104000083,737,142,595
104000084,159,521,-362
104000085,268,215,53
104000086,194,409,-215
104000087,420,1400,-980
104000090,701,1274,-573
104000092,866,2095,-1229
104000094,609,1535,-926
104000095,1712,1277,435
104000096,1126,220,906
104000097,1309,891,418
104000098,1613,929,684
104000100,1242,525,717
104000101,1234,1746,-512
104000106,173,651,-478
104000107,594,407,187
104000108,306,392,-86
104000109,298,70,228
104000110,818,861,-43
104000111,3101,1647,1454
104000112,2304,535,1769
104000116,1,953,-952
104000117,115,624,-509
104000118,384,210,174
104000119,490,238,252
104000120,253,680,-427
104000121,231,616,-385
104000122,529,646,-117
104000123,806,979,-173
104000124,844,1711,-867
104000125,2939,3003,-64
104000126,283,338,-55
104000127,1411,2751,-1340
104000128,580,426,154
104000129,242,24,218
104000130,14,140,-126
104000131,820,568,252
104000132,650,631,19
104000133,1337,801,536
104000134,731,1283,-552
104000135,351,1266,-915
104000136,576,2923,-2347
104000137,1169,258,911
104000138,898,315,583
104000139,5985,2311,3674
104000141,971,1177,-206
104000142,563,785,-222
104000143,533,565,-32
104000144,68,196,-128
104000145,319,189,130
104000146,398,560,-162
104000147,140,333,-193
104000148,237,110,127
104000149,137,323,-186
104000150,844,420,424
104000151,372,483,-111
104000152,534,553,-19
104000153,484,464,20
104000154,975,535,440
104000155,431,490,-59
104000157,823,1410,-587
104000158,266,282,-16
104000159,653,379,274
104000160,1221,1600,-379
104000161,194,186,8
104000162,59,153,-94
104000165,1175,965,210
104000167,458,723,-265
104000168,415,2,413
104000169,74,66,8
104000170,409,453,-44
104000248,174,691,-517
104000251,68,220,-152
104000272,0,0,0
104000273,0,0,0
104000274,0,0,0
104000275,0,0,0
104000279,3042,1745,1297
104000290,88,221,-133
104000291,651,1114,-463
104000293,755,671,84
104000294,14,0,14
104000295,524,575,-51
104000296,347,688,-341
104000297,863,1383,-520
104000298,1912,778,1134
104000299,642,1375,-733
104000302,100,118,-18
104000303,164,132,32
104900001,156,372,-216
104900002,24,123,-99
104900003,49,266,-217
104900004,59,270,-211
104900005,169,149,20
104900006,189,69,120
104900007,190,169,21
104900009,107,296,-189
104900010,44,41,3
104900011,30,7,23
104900012,224,53,171
104900013,96,20,76
104900014,2170,234,1936
104900015,65,5,60
104900016,203,206,-3
104900017,159,177,-18
104900018,8,164,-156
104900019,286,1740,-1454
104900020,66,254,-188
104900021,1,167,-166
104900022,19,156,-137
104900023,2,58,-56
104900024,19,137,-118
104900025,60,188,-128
104900026,0,64,-64
104900027,304,231,73
104900028,23,86,-63
104900029,53,76,-23
104900030,362,189,173
104900031,99,220,-121
104900032,41,118,-77
104900033,88,183,-95
104900034,256,110,146
104900035,261,137,124
104900036,137,67,70
104900037,109,203,-94
104900038,430,517,-87
104900039,603,252,351
104900040,290,72,218
104900041,193,126,67
104900042,111,186,-75
104900043,15,110,-95
104900044,343,156,187
104900045,328,36,292
104900046,93,81,12
104900047,196,90,106
104900048,174,61,113
104900049,18,21,-3
104900050,237,63,174
104900051,239,34,205
104900052,25,4,21
104900053,355,71,284
104900054,90,41,49
104900055,89,0,89
104900056,110,15,95
104900057,18,1,17
104900058,492,119,373
104900059,162,31,131
104900061,211,487,-276
104900063,35,86,-51
104900064,0,67,-67
104900065,2,121,-119
104900066,1,145,-144
104900067,4,216,-212
104900068,17,183,-166
104900070,181,209,-28
104900071,1,495,-494
104900072,35,252,-217
104900073,36,128,-92
104900074,23,234,-211
104900075,32,28,4
104900076,46,295,-249
104900077,765,169,596
104900078,94,429,-335
104900079,85,316,-231
104900080,61,371,-310
104900082,12,419,-407
104900085,5,207,-202
104900089,157,0,157
104900091,414,481,-67
104900093,200,448,-248
104900097,2152,1620,532
104900098,91,32,59
104900099,36,428,-392
104900100,361,205,156
104900102,30,125,-95
104900103,300,37,263
104900106,61,138,-77
104900107,105,176,-71
104900108,27,178,-151
104900109,95,168,-73
104900110,2,54,-52
104900111,69,95,-26
104900112,165,650,-485
104900113,576,295,281
104900114,326,432,-106
104900115,460,443,17
104900116,159,216,-57
104900118,12,83,-71
104900119,6,35,-29
104900120,71,197,-126
104900121,1,70,-69
104900122,5,58,-53
104900123,25,9,16
104900124,25,0,25
104900125,305,172,133
104900126,74,44,30
104900127,37,56,-19
104900128,64,122,-58
104900129,1469,1137,332
105000001,2099,1595,504
105000002,2089,1502,587
105000003,3061,3345,-284
105000004,480,919,-439
105000005,580,949,-369
105000006,1169,1499,-330
105000007,929,1198,-269
105000008,1502,2077,-575
105000009,1585,2418,-833
105000010,3197,2487,710
105000011,2376,1973,403
105000012,4240,3150,1090
105000013,890,961,-71
105000014,1550,2009,-459
105000015,7648,10082,-2434
105000016,3303,1987,1316
105000017,1754,810,944
105000018,1192,1411,-219
105000019,1320,828,492
105000020,183,385,-202
105000021,341,108,233
105000022,268,68,200
105000023,519,301,218
105000028,52,139,-87
105000029,514,849,-335
105000030,3721,2753,968
105000031,4,32,-28
105000033,1170,1986,-816
105000034,128,641,-513
105000037,576,276,300
105000038,1393,1216,177
105000039,2546,1598,948
105000040,720,761,-41
105000041,416,1230,-814
105000042,2506,1298,1208
105000043,1878,1876,2
105000044,436,411,25
105000045,356,894,-538
105000046,809,369,440
105000047,476,1469,-993
105000048,568,213,355
105000049,215,552,-337
105000050,537,323,214
105000051,220,468,-248
105000052,500,746,-246
105000053,162,161,1
105000054,289,843,-554
105000055,755,323,432
105000056,917,2048,-1131
105000057,970,839,131
105000058,1144,1216,-72
105000059,535,517,18
105000060,408,633,-225
105000061,433,457,-24
105000062,643,883,-240
105000063,241,529,-288
105000064,1011,796,215
105000065,330,643,-313
105000066,967,1479,-512
105000067,936,758,178
105000068,556,802,-246
105000069,2111,1311,800
105000070,820,720,100
105000071,282,568,-286
105000072,905,1779,-874
105000073,700,469,231
105000074,1147,879,268
105000075,544,750,-206
105000076,1234,975,259
105000077,2296,864,1432
105000078,1224,1263,-39
105000079,1692,2884,-1192
105000080,1461,1050,411
105000081,3660,1122,2538
105000082,1111,1167,-56
105000083,4210,2268,1942
105000084,836,937,-101
105000085,1590,1265,325
105000086,657,1043,-386
105000087,1604,1709,-105
105000088,1364,1438,-74
105000089,2760,1976,784
105000090,1050,789,261
105000091,1547,1325,222
105000092,694,913,-219
105000093,306,225,81
105000094,188,180,8
105000095,95,451,-356
105000096,1112,803,309
105000097,928,633,295
105000098,819,572,247
105000099,876,725,151
105000100,958,904,54
105000101,1796,1869,-73
105000102,1487,1305,182
105000103,1453,2063,-610
105000104,2100,846,1254
105000105,1227,1884,-657
105000106,1170,1556,-386
105000107,913,909,4
105000108,1108,1397,-289
105000109,1120,1459,-339
105000110,661,653,8
105000111,520,747,-227
105000112,1030,727,303
105000113,395,753,-358
105000114,2815,965,1850
105000115,332,1030,-698
105000116,541,435,106
105000117,830,1106,-276
105000118,506,350,156
105000119,667,1067,-400
105000120,716,440,276
105000121,739,1111,-372
105000122,294,590,-296
105000123,1050,1186,-136
105000124,1343,749,594
105000125,655,1856,-1201
105000126,1563,1702,-139
105000127,1864,2052,-188
105000128,764,968,-204
105000129,767,337,430
105000130,296,1877,-1581
105000131,889,408,481
105000132,508,473,35
105000133,418,892,-474
105000134,457,531,-74
105000135,442,673,-231
105000136,117,383,-266
105000137,373,233,140
105000138,234,436,-202
105000139,909,1011,-102
105000140,288,523,-235
105000141,256,617,-361
105000142,149,484,-335
105000143,185,642,-457
105000144,306,834,-528
105000145,400,398,2
105000146,457,858,-401
105000147,445,308,137
105000148,1076,537,539
105000149,1825,1665,160
105000150,1815,1388,427
105000151,439,323,116
105000152,172,493,-321
105000153,395,528,-133
105000154,434,590,-156
105000155,415,781,-366
105000156,774,663,111
105000157,663,1469,-806
105000158,1635,646,989
105000159,203,955,-752
105000160,1503,589,914
105000161,586,1097,-511
105000162,506,1372,-866
105000163,1118,947,171
105000164,178,241,-63
105000165,1085,3920,-2835
105000166,5208,624,4584
105000167,1975,982,993
105000168,256,696,-440
105000169,441,306,135
105000170,132,1161,-1029
105000171,972,243,729
105000172,172,32,140
105000173,157,29,128
105000174,48,19,29
105000175,56,112,-56
105000176,160,104,56
105000177,257,159,98
105000178,83,377,-294
105000179,300,133,167
105000180,93,95,-2
105000181,63,265,-202
105000182,66,49,17
105000183,2067,1418,649
105000184,1509,763,746
105000185,1135,520,615
105000186,654,746,-92
105000187,711,170,541
105000188,469,93,376
105000189,257,466,-209
105000190,245,271,-26
105000191,440,316,124
105000192,200,69,131
105000193,95,92,3
105000194,338,106,232
105000195,215,697,-482
105000196,87,225,-138
105000197,239,597,-358
105000198,592,284,308
105000199,400,558,-158
105000200,111,180,-69
105000201,139,23,116
105000203,7,212,-205
105000204,84,89,-5
105000205,101,181,-80
105000207,511,225,286
105000208,186,401,-215
105000209,248,414,-166
105000211,193,26,167
105000212,1026,1076,-50
105000213,145,153,-8
105000214,144,289,-145
105000215,174,202,-28
105000216,120,281,-161
105000217,99,317,-218
105000218,880,1090,-210
105000221,176,239,-63
105000222,458,73,385
105000223,319,136,183
105000226,73,282,-209
105000227,82,140,-58
105000228,317,1105,-788
105000229,128,371,-243
105000231,204,274,-70
105000233,861,603,258
105000234,516,1119,-603
105000235,283,511,-228
105000237,548,76,472
105000243,22,40,-18
105000248,105,86,19
105000262,307,1323,-1016
105000269,81,189,-108
105000270,331,72,259
105000271,0,159,-159
105000282,82,58,24
105000287,410,79,331
105000288,591,371,220
105000289,3116,1699,1417
105000290,68,10,58
105000402,3333,2611,722
105000426,453,514,-61
105000438,4321,1404,2917
105000440,12,25,-13
105000446,10750,5267,5483
105000447,6887,2633,4254
105000454,689,867,-178
105000455,283,166,117
105000474,17,7,10
105000477,267,370,-103
105000478,1262,2939,-1677
105000479,141,112,29
105000480,8407,4874,3533
105000481,3694,2657,1037
105000482,5333,6552,-1219
105000483,1180,1502,-322
105000484,2259,2746,-487
105000485,1176,2309,-1133
105000486,3465,2456,1009
105000488,10899,5231,5668
105000489,750,847,-97
105000549,161,143,18
105000550,540,1512,-972
105000551,23,149,-126
105000552,3153,2122,1031
105000555,1522,880,642
105000556,51,33,18
105000557,52,265,-213
105900001,5,814,-809
105900002,1000,487,513
105900003,8,161,-153
105900004,213,136,77
105900005,12,190,-178
105900006,7,53,-46
105900007,68,25,43
105900008,42,558,-516
105900009,21,29,-8
105900011,92,59,33
105900012,352,112,240
105900013,2,15,-13
105900014,9,70,-61
105900015,141,214,-73
105900016,309,496,-187
105900017,800,47,753
105900018,129,170,-41
105900019,51,291,-240
105900020,46,47,-1
105900021,22,146,-124
105900022,180,170,10
105900023,1,83,-82
105900024,12,101,-89
105900025,122,30,92
105900026,252,37,215
105900027,3613,5336,-1723
105900028,459,135,324
105900029,1200,309,891
105900030,176,191,-15
105900031,311,173,138
105900032,40,128,-88
105900033,323,91,232
105900034,147,172,-25
105900035,97,125,-28
105900036,62,101,-39
105900037,88,59,29
105900038,131,295,-164
105900039,93,95,-2
105900040,83,98,-15
105900041,155,168,-13
105900042,43,114,-71
105900043,1069,21,1048
105900044,8,302,-294
105900045,6,538,-532
105900046,3,187,-184
105900047,9,29,-20
105900048,56,478,-422
105900050,4525,1340,3185
105900051,11,688,-677
105900052,346,273,73
105900053,2605,1923,682
105900054,320,123,197
105900056,700,274,426
105900057,16,83,-67
105900058,8,40,-32
105900059,0,37,-37
106000001,4319,2079,2240
106000002,2376,4898,-2522
106000003,2351,3055,-704
106000004,1848,2648,-800
106000005,2354,4680,-2326
106000006,5104,4456,648
106000007,406,597,-191
106000008,407,274,133
106000009,419,429,-10
106000010,520,554,-34
106000011,851,930,-79
106000012,711,1426,-715
106000013,1374,1726,-352
106000014,1647,1627,20
106000015,1276,1032,244
106000016,1121,2256,-1135
106000017,513,597,-84
106000018,540,470,70
106000019,305,415,-110
106000020,281,317,-36
106000021,231,415,-184
106000022,302,227,75
106000023,494,399,95
106000024,454,680,-226
106000025,86,201,-115
106000026,151,330,-179
106000027,898,1134,-236
106000028,515,581,-66
106000029,751,1224,-473
106000030,648,346,302
106000034,181,627,-446
106000035,1011,1642,-631
106000036,219,349,-130
106000037,2121,1572,549
106000038,391,94,297
106000039,165,69,96
106000040,196,791,-595
106000041,735,380,355
106000043,592,167,425
106000046,344,56,288
106000047,44,357,-313
106000049,744,150,594
106000050,282,740,-458
106000051,466,349,117
106000052,132,629,-497
106000053,193,84,109
106000054,346,455,-109
106000055,373,197,176
106000056,249,449,-200
106000057,206,222,-16
106000058,102,178,-76
106000059,239,202,37
106000060,327,566,-239
106000061,129,414,-285
106000062,118,486,-368
106000063,517,466,51
106000064,31,438,-407
106000065,250,263,-13
106000066,77,307,-230
106000067,257,100,157
106000068,53,592,-539
106000069,158,79,79
106000070,369,743,-374
106000071,801,280,521
106000072,2918,1443,1475
106000073,1535,2503,-968
106000074,443,639,-196
106000075,284,1450,-1166
106000076,1713,1901,-188
106000077,3476,1516,1960
106000078,716,945,-229
106000079,516,901,-385
106000080,1022,660,362
106000081,544,962,-418
106000082,1990,858,1132
106000083,334,1325,-991
106000084,891,660,231
106000085,1314,1418,-104
106000086,640,795,-155
106000087,825,564,261
106000088,451,836,-385
106000089,807,418,389
106000090,251,627,-376
106000091,209,444,-235
106000092,544,207,337
106000093,293,91,202
106000094,126,264,-138
106000095,456,792,-336
106000096,763,684,79
106000097,732,954,-222
106000098,547,927,-380
106000099,174,750,-576
106000100,949,212,737
106000101,950,231,719
106000102,188,455,-267
106000103,307,472,-165
106000104,943,401,542
106000105,413,614,-201
106000106,462,446,16
106000107,194,422,-228
106000108,281,391,-110
106000109,124,330,-206
106000110,183,327,-144
106000111,136,372,-236
106000112,179,513,-334
106000113,573,444,129
106000114,478,452,26
106000115,205,488,-283
106000116,225,214,11
106000117,848,576,272
106000118,942,1132,-190
106000119,1510,942,568
106000120,535,976,-441
106000121,144,131,13
106000122,93,236,-143
106000123,319,151,168
106000124,39,270,-231
106000125,39,260,-221
106000126,285,121,164
106000127,299,649,-350
106000128,549,212,337
106000129,447,617,-170
106000130,484,368,116
106000131,115,764,-649
106000132,515,151,364
106000133,2351,1200,1151
106000134,726,1462,-736
106000135,243,690,-447
106000136,783,1206,-423
106000137,67,1018,-951
106000138,819,101,718
106000139,63,119,-56
106000140,52,71,-19
106000141,60,80,-20
106000142,43,70,-27
106000143,107,99,8
106000144,36,50,-14
106000145,150,250,-100
106000146,229,136,93
106000147,659,724,-65
106000148,991,980,11
106000149,466,563,-97
106000150,412,1800,-1388
106000151,3471,628,2843
106000152,1176,1609,-433
106000153,114,1391,-1277
106000154,1281,256,1025
106000155,65,214,-149
106000156,448,249,199
106000157,544,1540,-996
106000158,2136,775,1361
106000159,2926,1561,1365
106000160,272,1952,-1680
106000161,1266,426,840
106000162,223,758,-535
106000163,283,449,-166
106000164,278,344,-66
106000165,155,591,-436
106000166,548,279,269
106000167,281,1037,-756
106000168,354,260,94
106000169,184,574,-390
106000170,881,268,613
106000171,184,1086,-902
106000172,2099,1072,1027
106000173,1125,2334,-1209
106000174,731,349,382
106000175,319,788,-469
106000176,1099,665,434
106000177,629,2038,-1409
106000178,2349,1299,1050
106000179,953,2185,-1232
106000180,656,1284,-628
106000181,553,1568,-1015
106000182,910,606,304
106000183,863,580,283
106000184,1194,643,551
106000185,711,847,-136
106000186,819,127,692
106000187,204,961,-757
106000188,0,3,-3
106000189,22,46,-24
106000190,13,0,13
106000191,444,208,236
106000192,2,16,-14
106000193,276,176,100
106000194,92,294,-202
106000195,376,88,288
106000196,97,283,-186
106000197,391,262,129
106000198,123,248,-125
106000199,714,550,164
106000200,136,171,-35
106000201,430,2118,-1688
106000202,3767,508,3259
106000203,72,173,-101
106000204,74,8,66
106000205,19,143,-124
106000206,69,30,39
106000207,38,642,-604
106000208,985,155,830
106000209,1143,260,883
106000210,219,951,-732
106000211,281,1125,-844
106000212,604,300,304
106000213,727,1395,-668
106000214,2497,540,1957
106000215,215,480,-265
106000216,312,384,-72
106000217,260,454,-194
106000218,540,417,123
106000219,130,325,-195
106000220,358,269,89
106000221,125,261,-136
106000222,34,96,-62
106000223,177,120,57
106000224,176,204,-28
106000225,40,73,-33
106000226,142,334,-192
106000228,39,86,-47
106000229,89,697,-608
106000231,712,95,617
106000232,66,373,-307
106000233,391,82,309
106000234,48,144,-96
106000235,363,51,312
106000236,243,67,176
106000237,5,14,-9
106000238,220,14,206
106000239,2,103,-101
106000240,45,12,33
106000241,19,604,-585
106000242,252,38,214
106000249,48,72,-24
106000250,61,473,-412
106000251,75,35,40
106000252,26,79,-53
106000253,29,89,-60
106000254,32,28,4
106000255,11,163,-152
106000256,65,42,23
106000257,80,156,-76
106000258,226,18,208
106000259,7,22,-15
106000260,31,1,30
106000261,2,39,-37
106000262,42,28,14
106000263,12,82,-70
106000264,172,19,153
106000265,10,93,-83
106000266,93,22,71
106000267,3,68,-65
106000268,507,37,470
106000269,69,42,27
106000270,129,419,-290
106000271,67,213,-146
106000272,157,38,119
106000273,12,225,-213
106000274,118,32,86
106000275,114,211,-97
106000276,133,40,93
106000277,123,210,-87
106000278,164,35,129
106000279,19,37,-18
106000280,52,75,-23
106000281,105,60,45
106000282,56,68,-12
106000283,76,60,16
106000284,49,93,-44
106000285,106,107,-1
106000286,72,134,-62
106000287,154,78,76
106000288,96,198,-102
106000289,66,64,2
106000290,72,90,-18
106000291,64,77,-13
106000292,118,97,21
106000293,98,82,16
106000294,135,120,15
106000295,15,50,-35
106000296,52,105,-53
106000297,50,206,-156
106000298,120,60,60
106000299,52,128,-76
106000300,46,99,-53
106000301,43,93,-50
106000303,16,51,-35
106000304,32,29,3
106000305,36,41,-5
106000306,31,51,-20
106000307,23,13,10
106000308,15,110,-95
106000309,15,37,-22
106000310,218,532,-314
106000311,264,161,103
106000312,83,170,-87
106000313,136,173,-37
106000318,117,257,-140
106000319,1032,209,823
106000320,1,26,-25
106000321,250,65,185
106000322,120,186,-66
106000324,7,122,-115
106000325,1241,839,402
106000326,849,1674,-825
106000327,123,132,-9
106000328,13,92,-79
106000329,68,234,-166
106000330,45,59,-14
106000428,82,205,-123
106000429,114,498,-384
106000430,304,1336,-1032
106000431,1602,402,1200
106000432,2242,3276,-1034
106000433,1846,1363,483
106000434,2450,1257,1193
106000435,1557,2687,-1130
106000436,12,194,-182
106000437,272,27,245
106000438,349,129,220
106000439,52,375,-323
106000440,325,657,-332
106000441,0,1,-1
106000442,113,5,108
106000443,105,399,-294
106000450,3,166,-163
106000451,31,45,-14
106000454,2,203,-201
106000455,11,213,-202
106000456,122,52,70
106000457,23,886,-863
106000458,806,109,697
106000459,344,415,-71
106000460,1312,19,1293
106000461,90,1132,-1042
106000462,0,37,-37
106000463,4,18,-14
106000464,6,463,-457
106000465,499,2,497
106000466,5,547,-542
106000467,412,476,-64
106000468,55,94,-39
106000469,158,1,157
106000470,200,1462,-1262
106000471,30,485,-455
106000472,130,14,116
106000473,30,13,17
106000474,387,616,-229
106000475,367,256,111
106000476,166,194,-28
106000477,48,150,-102
106000480,3,435,-432
106900001,0,13,-13
106900002,8,433,-425
106900003,31,58,-27
106900004,0,35,-35
106900006,0,13,-13
106900007,0,17,-17
106900008,505,944,-439
106900009,208,272,-64
106900010,412,140,272
106900012,440,405,35
106900013,1361,1351,10
106900014,33,2,31
106900015,23,1,22
106900016,241,12,229
106900017,3,1,2
106900018,0,0,0
106900019,19,0,19
106900020,1797,1051,746
106900021,123,106,17
106900022,547,1,546
106900023,279,362,-83
106900024,405,22,383
106900025,83,543,-460
106900026,0,110,-110
106900027,904,10,894
106900028,0,3,-3
106900029,323,72,251
106900030,1,498,-497
107000001,3630,2739,891
107000002,3569,4895,-1326
107000003,4002,5414,-1412
107000004,4414,4745,-331
107000005,3216,4357,-1141
107000006,4399,4718,-319
107000007,3940,7739,-3799
107000008,11118,8054,3064
107000009,4988,6104,-1116
107000010,10519,9675,844
107000011,1505,1376,129
107000012,4288,3279,1009
107000013,70,135,-65
107000014,45,274,-229
107000015,530,766,-236
107000016,659,946,-287
107000017,3448,1044,2404
107000018,19,479,-460
107000020,2113,684,1429
107000021,1391,597,794
107000022,832,1154,-322
107000023,1714,277,1437
107000024,452,1333,-881
107000025,188,396,-208
107000026,219,455,-236
107000027,1112,1043,69
107000028,1156,1533,-377
107000029,2618,2305,313
107000030,2791,3140,-349
107000031,2923,2076,847
107000032,483,939,-456
107000033,2947,4546,-1599
107000034,3187,1678,1509
107000035,351,223,128
107000036,385,1138,-753
107000037,84,695,-611
107000038,217,253,-36
107000039,722,697,25
107000040,139,318,-179
107000041,1382,668,714
107000042,628,1773,-1145
107000043,2374,947,1427
107000044,521,282,239
107000045,107,241,-134
107000046,715,323,392
107000047,420,829,-409
107000048,517,295,222
107000049,576,793,-217
107000050,922,610,312
107000051,419,329,90
107000052,993,836,157
107000053,306,176,130
107000054,88,244,-156
107000055,280,125,155
107000056,454,749,-295
107000057,1759,300,1459
107000058,1936,1959,-23
107000059,2179,3286,-1107
107000060,2908,4642,-1734
107000061,4547,3405,1142
107000062,2992,2943,49
107000063,4262,5256,-994
107000064,3673,2016,1657
107000065,4046,4935,-889
107000066,1365,2156,-791
107000067,903,1059,-156
107000068,1074,561,513
107000069,593,415,178
107000070,1025,6,1019
107000071,2497,99,2398
107000072,65,3128,-3063
107000073,563,350,213
107000074,179,956,-777
107000075,1113,447,666
107000076,715,1483,-768
107000077,2771,1328,1443
107000078,3037,3608,-571
107000079,2207,1032,1175
107000080,1237,3184,-1947
107000081,1281,647,634
107000082,564,1803,-1239
107000083,827,393,434
107000084,395,1704,-1309
107000085,2396,3268,-872
107000086,3833,3400,433
107000087,2278,1883,395
107000088,3134,3679,-545
107000089,1250,1582,-332
107000090,860,1147,-287
107000091,1055,779,276
107000092,667,1108,-441
107000093,987,737,250
107000094,993,1317,-324
107000095,674,698,-24
107000096,604,908,-304
107000097,730,388,342
107000098,515,689,-174
107000099,483,354,129
107000100,235,319,-84
107000101,76,203,-127
107000102,232,304,-72
107000103,292,210,82
107000104,222,336,-114
107000105,370,129,241
107000106,223,308,-85
107000107,610,193,417
107000108,211,616,-405
107000109,477,186,291
107000110,102,370,-268
107000111,225,75,150
107000112,59,287,-228
107000113,658,154,504
107000114,108,646,-538
107000115,452,151,301
107000116,89,809,-720
107000117,166,520,-354
107000118,132,227,-95
107000119,1359,1397,-38
107000120,1443,434,1009
107000121,667,674,-7
107000122,1005,1013,-8
107000123,370,694,-324
107000124,445,1046,-601
107000125,746,642,104
107000126,836,875,-39
107000129,302,879,-577
107000130,504,193,311
107000131,356,593,-237
107000132,378,250,128
107000133,1137,104,1033
107000134,248,7,241
107000135,6,198,-192
107000136,702,6,696
107000137,18,358,-340
107000138,484,26,458
107000139,21,367,-346
107000140,1197,70,1127
107000141,105,737,-632
107000142,420,100,320
107000143,69,709,-640
107000144,398,477,-79
107000145,143,480,-337
107000146,127,346,-219
107000147,3624,1084,2540
107000150,592,2123,-1531
107000151,63,86,-23
107000152,491,1021,-530
107000153,201,359,-158
107000154,326,276,50
107000155,729,19,710
107000156,857,18,839
107000157,41,1574,-1533
107000158,577,29,548
107000159,62,1109,-1047
107000160,650,115,535
107000161,51,1399,-1348
107000162,215,381,-166
107000163,269,4,265
107000164,663,1,662
107000165,699,3,696
107000166,40,1056,-1016
107000167,432,244,188
107000168,761,441,320
107000169,864,926,-62
107000170,1365,659,706
107000171,533,1804,-1271
107000172,818,1040,-222
107000173,612,932,-320
107000174,736,3423,-2687
107000175,6123,1692,4431
107000176,0,4,-4
107000177,7,2,5
107000178,9,50,-41
107000179,253,2388,-2135
107000180,1153,254,899
107000181,381,1339,-958
107000182,1310,904,406
107000183,161,918,-757
107000184,867,664,203
107000185,396,1364,-968
107000186,872,351,521
107000187,1161,1310,-149
107000188,587,502,85
107000189,405,965,-560
107000190,519,671,-152
107000191,733,1157,-424
107000192,1324,702,622
107000193,308,453,-145
107000194,932,623,309
107000197,873,245,628
107000198,335,842,-507
107000199,437,790,-353
107000200,649,568,81
107000201,388,190,198
107000202,256,485,-229
107000203,1288,517,771
107000204,1432,584,848
107000205,2018,773,1245
107000206,653,843,-190
107000207,645,746,-101
107000208,859,347,512
107000209,1769,977,792
107000210,763,353,410
107000211,2,44,-42
107000212,10,273,-263
107000213,6,31,-25
107000214,12,144,-132
107000215,251,390,-139
107000216,299,259,40
107000217,149,107,42
107000219,67,73,-6
107000220,160,190,-30
107000222,214,626,-412
107000224,295,65,230
107000225,149,416,-267
107000226,259,80,179
107000227,90,276,-186
107000228,55,198,-143
107000229,145,138,7
107000230,1004,471,533
107000231,1673,1327,346
107000232,94,40,54
107000233,1378,765,613
107000234,1,42,-41
107000235,66,4,62
107000236,28,510,-482
107000237,17,2,15
107000238,17,2,15
107000239,3061,445,2616
107000240,42,923,-881
107000243,0,71,-71
107000244,6,57,-51
107000246,3,967,-964
107000249,3,1089,-1086
107000251,9,226,-217
107000252,2,1101,-1099
107000255,337,60,277
107000257,1,474,-473
107000258,2,159,-157
107000259,16,229,-213
107000260,560,6,554
107000262,14,535,-521
107000263,175,10,165
107000266,5,27,-22
107000267,58,133,-75
107000268,160,145,15
107000269,533,68,465
107000270,1,12,-11
107000271,19,767,-748
107000272,11,174,-163
107000273,1,188,-187
107000274,823,0,823
107000275,559,991,-432
107000280,615,14,601
107000281,37,904,-867
107000282,36,882,-846
107000290,3,28,-25
107000291,15,9,6
107000292,6,44,-38
107000293,147,0,147
107000294,0,22,-22
107000295,48,3,45
107000296,0,21,-21
107000444,212,6,206
107000496,3,26,-23
107000497,1450,2348,-898
107000500,243,303,-60
107000501,121,176,-55
107000502,256,366,-110
107000505,411,772,-361
107000506,1,32,-31
107000508,8,611,-603
107000509,214,938,-724
107000510,52,17,35
107000514,39,214,-175
107000515,23,193,-170
107000516,240,194,46
107000518,869,1040,-171
107000519,2046,943,1103
107000520,51,28,23
107000521,575,451,124
107000522,838,585,253
107900001,36,227,-191
107900002,46,5,41
107900003,209,81,128
107900004,0,0,0
107900005,960,1,959
107900006,111,1,110
107900007,241,28,213
107900008,54,19,35
107900009,85,9,76
107900010,15,2,13
107900012,262,16,246
107900013,167,36,131
107900014,29,0,29
107900015,690,5,685
107900016,307,92,215
107900017,5,1,4
107900018,45,78,-33
107900019,18,44,-26
107900020,48,16,32
107900021,52,128,-76
107900023,1,4,-3
107900024,2,10,-8
107900025,153,213,-60
107900026,70,53,17
107900027,85,51,34
107900028,41,89,-48
107900030,129,12,117
107900031,48,66,-18
107900032,9,0,9
107900033,19,7,12
107900034,281,5,276
107900035,559,28,531
107900036,50,9,41
107900037,1,15,-14
107900038,138,178,-40
107900039,16,29,-13
107900040,29,44,-15
107900041,1,1,0
107900043,19,75,-56
107900044,39,7,32
107900045,76,47,29
107900046,110,142,-32
107900047,12,32,-20
107900048,93,10,83
107900049,265,1051,-786
107900050,120,276,-156
107900051,90,46,44
107900052,24,14,10
107900053,41,83,-42
107900055,417,124,293
107900056,140,35,105
107900057,0,0,0
107900058,11,492,-481
107900060,59,20,39
107900061,18,6,12
107900063,99,94,5
107900064,216,66,150
107900065,106,7,99
107900066,22,7,15
107900067,0,0,0
107900068,188,195,-7
107900069,72,1434,-1362
107900070,94,40,54
107900071,17,636,-619
107900072,51,171,-120
107900073,119,109,10
107900074,983,224,759
107900076,96,44,52
107900077,45,1,44
107900079,6,11,-5
107900080,242,220,22
107900081,32,101,-69
107900082,23,25,-2
107900083,282,108,174
107900084,57,78,-21
107900086,48,89,-41
107900087,707,128,579
107900088,21,5,16
107900089,237,589,-352
107900090,440,1644,-1204
107900091,172,424,-252
107900093,57,54,3
107900095,3423,1942,1481
107900097,21,30,-9
107900098,47,139,-92
107900100,884,893,-9
107900101,983,194,789
107900102,26,9,17
107900103,41,170,-129
107900104,129,7,122
107900105,1,452,-451
107900106,2,1117,-1115
107900107,680,391,289
107900108,246,94,152
107900109,857,14,843
107900110,26,100,-74
107900111,15,769,-754
107900112,107,304,-197
107900113,137,76,61
107900114,157,145,12
107900115,6,63,-57
107900116,115,170,-55
107900117,309,353,-44
107900118,75,151,-76
107900119,56,213,-157
107900120,30,18,12
107900121,5,151,-146
107900122,4,49,-45
107900123,2,18,-16
107900124,20,29,-9
107900125,31,126,-95
107900126,4,46,-42
107900127,336,212,124
107900128,74,52,22
107900129,32,26,6
107900130,39,15,24
107900131,609,200,409
107900132,128,349,-221
107900133,0,60,-60
107900134,29,55,-26
107900135,3,136,-133
107900136,23,12,11
107900137,164,81,83
107900138,39,32,7
107900139,22,44,-22
107900141,27,27,0
107900142,69,798,-729
107900143,27,19,8
107900144,1,110,-109
107900145,9,56,-47
107900146,37,120,-83
107900147,30,20,10
107900148,131,83,48
107900149,944,184,760
107900150,90,564,-474
107900151,37,103,-66
107900152,5,123,-118
107900153,139,239,-100
107900154,46,28,18
107900155,32,40,-8
107900156,3,361,-358
107900157,19,36,-17
107900158,549,19,530
107900159,27,641,-614
107900160,80,162,-82
107900161,18,181,-163
107900162,0,28,-28
107900163,77,20,57
107900164,7,56,-49
107900165,35,55,-20
107900166,11,241,-230
107900167,32,22,10
107900168,12,27,-15
107900169,0,155,-155
107900171,13,1341,-1328
107900172,4,255,-251
107900173,7,171,-164
107900174,64,5,59
107900175,43,8,35
107900176,18,51,-33
107900177,0,40,-40
107900178,1,153,-152
107900179,32,99,-67
107900180,514,349,165
107900181,282,254,28
107900182,5,1206,-1201
107900183,34,293,-259
107900184,85,202,-117
107900185,67,2,65
107900186,23,36,-13
107900187,0,117,-117
107900188,642,120,522
107900189,23,60,-37
107900190,61,97,-36
107900191,25,113,-88
107900193,5,43,-38
107900194,145,12,133
107900195,2378,392,1986
107900196,21,107,-86
107900197,897,324,573
107900199,3,1008,-1005
107900201,71,101,-30
107900203,27,66,-39
107900204,192,130,62
107900206,926,136,790
107900207,5,673,-668
107900208,5,539,-534
107900209,328,98,230
107900210,103,74,29
107900213,374,363,11
107900214,8,113,-105
107900215,148,278,-130
107900216,148,78,70
107900217,47,68,-21
107900218,10,1276,-1266
107900219,35,94,-59
107900220,175,156,19
107900221,120,164,-44
107900223,54,523,-469
107900224,90,286,-196
107900225,6,568,-562
107900226,143,118,25
107900227,79,403,-324
107900228,7,67,-60
107900229,2,233,-231
107900230,24,100,-76
107900231,11,175,-164
107900232,70,161,-91
107900233,8,153,-145
107900234,50,110,-60
107900235,17,98,-81
107900236,76,75,1
107900237,70,341,-271
107900238,19,65,-46
107900239,866,389,477
107900240,24,130,-106
107900241,15,74,-59
107900242,20,281,-261
107900243,2,72,-70
107900244,185,1,184
107900245,382,25,357
107900246,197,6,191
107900248,165,187,-22
107900249,394,13,381
107900250,1,471,-470
107900251,103,1227,-1124
107900252,687,14,673
107900253,102,10,92
107900254,51,451,-400
107900255,268,83,185
107900256,1493,465,1028
107900257,97,80,17
107900258,89,195,-106
107900259,83,1108,-1025
107900261,3,223,-220
107900262,59,88,-29
107900264,291,4,287
107900265,167,141,26
107900267,143,26,117
107900268,6,1,5
107900269,0,1,-1
107900270,0,0,0
107900271,0,4,-4
107900272,56,11,45
107900273,32,103,-71
107900274,37,0,37
107900275,17,0,17
107900276,0,98,-98
107900277,0,207,-207
107900278,220,329,-109
107900279,114,182,-68
107900280,1268,1814,-546
107900281,1545,1794,-249
107900282,64,323,-259
107900283,988,387,601
107900284,483,637,-154
107900285,86,76,10
107900286,78,55,23
107900287,125,137,-12
107900290,0,75,-75
107900291,280,15,265
107900292,75,243,-168
107900293,47,470,-423
107900295,42,47,-5
107900297,1,214,-213
107900298,728,708,20
107900299,2595,1738,857
107900301,618,489,129
107900302,63,58,5
107900303,113,309,-196
107900304,157,484,-327
107900305,234,10,224
107900306,11,18,-7
107900307,74,224,-150
107900308,132,48,84
107900309,178,2,176
107900310,203,2,201
107900311,4,130,-126
107900312,63,0,63
107900313,2,86,-84
107900314,2,56,-54
107900315,0,38,-38
107900316,18,3,15
107900317,67,8,59
107900318,14,100,-86
107900319,5,124,-119
107900320,2,114,-112
107900321,68,6,62
107900322,3,109,-106
107900323,4,116,-112
107900324,116,1,115
107900325,65,0,65
107900326,157,186,-29
107900327,1,55,-54
107900328,164,0,164
107900329,216,69,147
107900330,5,350,-345
107900331,126,37,89
107900332,184,30,154
107900333,27,8,19
107900334,4,136,-132
107900335,33,27,6
107900336,21,24,-3
107900337,1029,725,304
107900338,3,112,-109
107900339,3,12,-9
107900340,1,56,-55
107900341,43,0,43
107900342,122,79,43
107900343,49,4,45
107900344,5,65,-60
107900345,83,11,72
107900346,12,0,12
107900347,15,2,13
107900348,7,5,2
107900349,4,1,3
107900350,23,248,-225
107900351,4,196,-192
107900352,2,33,-31
107900353,26,5,21
107900354,3,46,-43
108000001,2524,3090,-566
108000002,2077,2954,-877
108000003,2963,2881,82
108000004,13505,15893,-2388
108000005,7312,5544,1768
108000006,9166,8619,547
108000007,4306,3850,456
108000008,4930,6859,-1929
108000009,2722,3752,-1030
108000010,2759,4917,-2158
108000011,9949,10686,-737
108000012,17860,16291,1569
108000014,1016,580,436
108000015,765,285,480
108000016,283,726,-443
108000017,884,351,533
108000018,1579,499,1080
108000019,1687,688,999
108000020,1213,532,681
108000021,400,1735,-1335
108000022,371,1244,-873
108000023,937,162,775
108000024,223,517,-294
108000025,265,256,9
108000026,658,498,160
108000027,720,710,10
108000028,681,226,455
108000029,478,888,-410
108000030,455,217,238
108000031,216,638,-422
108000032,1126,570,556
108000033,723,1173,-450
108000034,1316,427,889
108000035,635,2351,-1716
108000036,310,1078,-768
108000037,1309,312,997
108000038,2023,513,1510
108000039,550,2372,-1822
108000040,1387,787,600
108000041,545,2529,-1984
108000042,224,273,-49
108000043,192,302,-110
108000044,390,202,188
108000045,258,725,-467
108000046,1133,291,842
108000047,381,1042,-661
108000048,153,409,-256
108000049,803,286,517
108000050,145,602,-457
108000051,272,149,123
108000052,198,668,-470
108000053,394,209,185
108000054,502,992,-490
108000055,997,449,548
108000056,1246,1359,-113
108000057,657,1007,-350
108000058,1931,3233,-1302
108000059,3426,2198,1228
108000060,194,518,-324
108000061,326,608,-282
108000062,649,520,129
108000063,356,474,-118
108000064,144,206,-62
108000065,506,483,23
108000066,1383,688,695
108000067,1364,492,872
108000068,623,367,256
108000069,229,1024,-795
108000070,1445,658,787
108000071,580,1593,-1013
108000072,1198,1134,64
108000073,1451,1948,-497
108000074,472,361,111
108000075,347,1061,-714
108000076,588,508,80
108000077,628,792,-164
108000078,1487,1239,248
108000079,963,1907,-944
108000080,841,519,322
108000081,500,1841,-1341
108000082,923,1764,-841
108000083,1378,901,477
108000084,492,1187,-695
108000085,613,362,251
108000086,733,632,101
108000087,117,1427,-1310
108000088,611,206,405
108000089,274,274,0
108000091,272,466,-194
108000092,151,106,45
108000093,160,605,-445
108000094,525,101,424
108000095,153,416,-263
108000096,256,163,93
108000097,135,500,-365
108000098,1240,1325,-85
108000099,962,260,702
108000100,147,427,-280
108000101,1155,1276,-121
108000102,1518,2930,-1412
108000106,850,0,850
108000107,0,545,-545
108000108,469,41,428
108000109,8,586,-578
108000110,163,319,-156
108000111,200,553,-353
108000112,35,115,-80
108000113,570,275,295
108000115,312,295,17
108000117,650,321,329
108000118,559,1440,-881
108000119,686,354,332
108000120,106,641,-535
108000121,179,546,-367
108000122,396,328,68
108000123,823,207,616
108000124,567,468,99
108000125,464,243,221
108000126,219,464,-245
108000127,497,345,152
108000128,579,668,-89
108000129,371,1300,-929
108000130,463,291,172
108000131,767,474,293
108000132,2338,1617,721
108000133,742,471,271
108000134,561,658,-97
108000135,899,525,374
108000136,501,955,-454
108000137,372,389,-17
108000138,314,1091,-777
108000139,415,338,77
108000140,90,22,68
108000141,41,89,-48
108000142,58,106,-48
108000143,27,525,-498
108000144,289,63,226
108000145,36,17,19
108000146,454,35,419
108000147,28,39,-11
108000148,370,61,309
108000149,19,21,-2
108000150,33,4,29
108000151,218,69,149
108000152,95,408,-313
108000153,377,142,235
108000154,53,23,30
108000155,45,17,28
108000156,796,486,310
108000157,152,631,-479
108000158,81,612,-531
108000159,636,181,455
108000160,3551,975,2576
108000161,2372,1938,434
108000165,5,118,-113
108000172,3,291,-288
108000173,2021,1612,409
108000175,362,112,250
108000178,393,344,49
108000179,171,677,-506
108000181,59,25,34
108000182,313,116,197
108000183,73,317,-244
108000184,1041,1872,-831
108000185,163,546,-383
108000186,319,485,-166
108000187,84,609,-525
108000188,489,249,240
108000189,1927,5646,-3719
108000190,30,117,-87
108000192,190,682,-492
108000193,528,25,503
108000194,51,12,39
108000195,1,1036,-1035
108000196,177,130,47
108000198,634,436,198
108000199,0,183,-183
108000200,370,499,-129
108000203,89,703,-614
108000204,118,53,65
108000205,343,455,-112
108000339,1244,355,889
108000364,326,617,-291
108000365,62,265,-203
108000367,77,332,-255
108000368,9,69,-60
108000369,1352,239,1113
108000371,7,587,-580
108000372,499,9,490
108000373,163,129,34
108000376,61,24,37
108000377,296,322,-26
108000378,8016,8834,-818
108000379,19,180,-161
108000381,39,17,22
108000382,170,1,169
108000383,1,178,-177
108900001,99,1073,-974
108900002,151,48,103
108900003,366,797,-431
108900004,192,363,-171
108900007,166,184,-18
108900008,70,134,-64
108900009,62,110,-48
108900010,162,138,24
108900011,443,476,-33
108900012,207,435,-228
108900013,162,225,-63
108900014,7,88,-81
108900015,15,18,-3
108900016,1,168,-167
108900017,168,314,-146
108900018,88,400,-312
108900019,16,813,-797
108900020,50,202,-152
108900021,107,233,-126
108900022,61,0,61
108900023,19,27,-8
108900024,20,131,-111
108900025,78,126,-48
108900026,9,69,-60
108900027,0,99,-99
108900028,74,326,-252
108900029,53,214,-161
108900030,0,115,-115
108900031,99,369,-270
108900032,9,192,-183
108900033,0,52,-52
108900034,1,248,-247
108900035,303,1336,-1033
108900038,2,308,-306
108900039,2,478,-476
108900040,4,144,-140
108900041,4763,2664,2099
108900042,12,362,-350
108900043,16,426,-410
108900044,4,535,-531
108900045,30,617,-587
108900046,62,749,-687
108900047,14,118,-104
108900048,113,938,-825
108900049,3476,875,2601
108900050,1,288,-287
108900051,0,202,-202
108900052,40,241,-201
108900053,103,131,-28
108900054,61,173,-112
108900055,36,320,-284
108900056,0,160,-160
108900057,1,157,-156
108900058,31,378,-347
108900059,304,16,288
108900060,59,132,-73
108900061,90,33,57
108900062,2,217,-215
108900063,19,285,-266
108900064,105,69,36
108900065,6,329,-323
108900066,311,129,182
108900067,13,163,-150
108900068,5,131,-126
108900069,35,85,-50
108900070,37,119,-82
108900071,51,88,-37
108900072,1548,376,1172
108900073,39,337,-298
108900074,111,465,-354
108900075,61,59,2
108900076,192,76,116
108900077,120,424,-304
108900078,18,136,-118
108900079,1020,206,814
108900080,17,572,-555
108900081,33,208,-175
108900082,40,132,-92
108900083,38,188,-150
108900085,1894,177,1717
108900086,62,266,-204
108900087,126,174,-48
108900088,894,333,561
108900089,21,101,-80
108900090,28,298,-270
108900091,101,65,36
108900092,380,350,30
108900093,74,94,-20
108900094,180,86,94
108900095,54,319,-265
108900096,345,12,333
108900097,274,229,45
108900098,2331,457,1874
108900099,390,236,154
108900100,75,143,-68
108900101,146,92,54
108900102,88,576,-488
108900103,67,76,-9
108900105,5,904,-899
108900106,394,374,20
108900108,304,29,275
108900109,270,43,227
108900110,164,498,-334
108900111,318,547,-229
108900113,25,51,-26
108900114,66,15,51
108900115,63,54,9
108900116,59,5,54
108900117,150,15,135
108900118,404,12,392
108900119,199,34,165
108900120,200,115,85
108900121,201,81,120
108900122,109,30,79
108900123,84,119,-35
108900124,331,152,179
108900125,255,2,253
108900126,69,25,44
108900127,85,16,69
108900128,85,55,30
108900129,565,110,455
108900130,221,0,221
108900131,303,2,301
108900132,333,78,255
108900133,159,33,126
108900134,207,242,-35
108900135,101,6,95
108900136,28,1,27
108900137,101,0,101
108900138,635,27,608
108900140,250,258,-8
108900141,219,17,202
108900142,82,8,74
108900143,25,0,25
108900144,59,3,56
108900145,100,16,84
108900146,41,0,41
108900147,173,0,173
108900148,69,25,44
108900150,201,4,197
108900151,155,3,152
108900152,168,0,168
108900153,140,418,-278
108900154,3837,389,3448
108900156,52,11,41
108900157,26,520,-494
108900158,343,16,327
108900159,3,242,-239
108900160,22,237,-215
108900161,8,395,-387
108900162,65,2,63
108900163,6,252,-246
108900164,62,95,-33
108900168,7640,2053,5587
108900169,46,107,-61
108900171,6541,2188,4353
108900172,181,37,144
108900173,188,306,-118
108900174,642,586,56
108900176,75,476,-401
108900177,5582,3766,1816
108900178,3579,2483,1096
108900180,81,244,-163
108900183,199,164,35
108900184,469,246,223
108900185,71,309,-238
108900186,92,418,-326
108900189,351,179,172
108900190,30,2762,-2732
108900192,44,214,-170
108900195,79,239,-160
108900196,22,371,-349
108900199,237,340,-103
108900200,425,285,140
108900201,439,1329,-890
108900203,334,89,245
108900204,253,18,235
108900205,110,19,91
108900206,354,18,336
108900207,119,31,88
108900208,31,259,-228
108900209,261,463,-202
108900210,117,164,-47
108900211,138,357,-219
108900212,681,942,-261
108900215,95,444,-349
108900216,421,94,327
108900217,67,0,67
108900218,91,19,72
108900221,43,99,-56
108900224,23,114,-91
108900225,1,140,-139
108900227,89,169,-80
108900230,208,251,-43
108900232,1,273,-272
108900233,240,54,186
108900234,223,118,105
108900235,163,498,-335
108900236,37,285,-248
108900240,85,104,-19
108900241,32,28,4
108900245,7,904,-897
108900250,87,94,-7
108900258,7,203,-196
108900259,92,93,-1
108900260,10,101,-91
108900261,116,146,-30
108900262,159,139,20
108900263,31,158,-127
108900264,663,277,386
108900265,948,271,677
108900266,880,396,484
108900267,0,61,-61
108900268,4,8,-4
108900269,57,16,41
108900270,46,6,40
108900271,46,7,39
108900272,163,7,156
108900273,1079,750,329
108900274,63,44,19
109000001,3297,1223,2074
109000002,2000,1420,580
109000003,1955,461,1494
109000004,487,2310,-1823
109000005,2125,800,1325
109000006,786,2140,-1354
109000007,1195,635,560
109000008,464,1725,-1261
109000009,3194,1330,1864
109000010,1543,3838,-2295
109000011,2606,1615,991
109000012,1624,3494,-1870
109000013,2481,2249,232
109000014,1673,3199,-1526
109000015,4535,6798,-2263
109000016,6814,3888,2926
109000017,1931,1080,851
109000018,929,3185,-2256
109000019,2400,1359,1041
109000020,1117,1946,-829
109000023,188,45,143
109000024,12,207,-195
109000025,339,549,-210
109000026,807,354,453
109000027,80,367,-287
109000028,124,110,14
109000029,105,169,-64
109000030,116,582,-466
109000031,131,147,-16
109000032,107,438,-331
109000033,362,134,228
109000034,24,28,-4
109000035,17,41,-24
109000036,91,372,-281
109000037,166,1036,-870
109000038,634,380,254
109000039,704,478,226
109000040,2160,3938,-1778
109000041,3834,1599,2235
109000042,631,1066,-435
109000044,381,199,182
109000045,192,348,-156
109000046,257,98,159
109000047,95,360,-265
109000048,1059,465,594
109000049,248,377,-129
109000050,545,536,9
109000051,236,210,26
109000052,487,978,-491
109000053,1045,301,744
109000054,206,428,-222
109000055,358,196,162
109000056,299,331,-32
109000057,358,396,-38
109000058,2100,390,1710
109000059,1094,1131,-37
109000060,987,307,680
109000061,1050,935,115
109000062,90,233,-143
109000063,146,174,-28
109000064,233,123,110
109000065,80,232,-152
109000066,438,58,380
109000067,45,289,-244
109000068,2348,88,2260
109000069,850,26,824
109000070,4,1017,-1013
109000071,301,66,235
109000072,124,628,-504
109000073,70,84,-14
109000074,54,213,-159
109000075,66,311,-245
109000076,181,272,-91
109000077,405,342,63
109000078,115,165,-50
109000079,146,180,-34
109000080,139,155,-16
109000081,97,474,-377
109000082,637,245,392
109000083,246,792,-546
109000088,140,467,-327
109000089,207,36,171
109000090,132,385,-253
109000091,249,158,91
109000092,345,505,-160
109000093,168,183,-15
109000094,390,1,389
109000095,117,458,-341
109000096,565,288,277
109000097,81,189,-108
109000098,68,130,-62
109000099,752,240,512
109000100,179,536,-357
109000101,1035,570,465
109000102,315,652,-337
109000103,710,738,-28
109000104,1079,512,567
109000105,404,1077,-673
109000106,1489,686,803
109000107,527,1956,-1429
109000108,1218,513,705
109000109,356,1797,-1441
109000110,893,497,396
109000111,875,1806,-931
109000112,384,98,286
109000113,403,153,250
109000114,153,362,-209
109000115,1143,132,1011
109000116,16,681,-665
109000117,159,84,75
109000118,7,348,-341
109000119,848,285,563
109000120,142,811,-669
109000121,523,123,400
109000122,104,787,-683
109000123,47,247,-200
109000124,499,455,44
109000125,558,343,215
109000126,385,783,-398
109000127,1036,374,662
109000128,409,1554,-1145
109000129,1427,609,818
109000130,944,2909,-1965
109000131,1219,831,388
109000132,1176,2798,-1622
109000133,374,1220,-846
109000134,659,1487,-828
109000135,1065,1541,-476
109000136,334,338,-4
109000137,547,348,199
109000138,416,291,125
109000139,338,424,-86
109000140,259,679,-420
109000141,554,491,63
109000142,117,386,-269
109000143,65,62,3
109000145,108,313,-205
109000146,149,96,53
109000148,3132,1119,2013
109000149,20,61,-41
109000150,175,145,30
109000155,560,590,-30
109000156,985,542,443
109000158,75,237,-162
109000159,76,404,-328
109000160,826,181,645
109000161,251,972,-721
109000162,1471,650,821
109000163,716,1629,-913
109000164,1039,2585,-1546
109000165,1087,589,498
109000166,546,95,451
109000167,89,544,-455
109000170,45,41,4
109000171,74,45,29
109000172,54,68,-14
109000173,38,55,-17
109000174,80,70,10
109000175,116,297,-181
109000176,224,233,-9
109000177,27,98,-71
109000178,558,398,160
109000179,4528,3472,1056
109000180,3890,2337,1553
109000181,15,19,-4
109000182,27,32,-5
109000183,34,35,-1
109000184,43,16,27
109000185,14,48,-34
109000188,622,1715,-1093
109000189,2435,867,1568
109000190,434,441,-7
109000191,320,365,-45
109000192,310,212,98
109000193,158,321,-163
109000194,214,108,106
109000195,148,356,-208
109000196,253,99,154
109000197,147,350,-203
109000198,336,53,283
109000199,114,436,-322
109000206,203,31,172
109000207,92,39,53
109000208,80,69,11
109000209,115,100,15
109000210,131,536,-405
109000211,431,438,-7
109000214,414,933,-519
109000215,182,68,114
109000216,206,199,7
109000217,162,91,71
109000218,321,206,115
109000221,630,1258,-628
109000222,936,260,676
109000223,222,207,15
109000224,60,192,-132
109000225,74,44,30
109000226,44,229,-185
109000227,699,878,-179
109000228,1,563,-562
109000231,0,310,-310
109000232,187,328,-141
109000236,161,727,-566
109000241,1881,2246,-365
109000242,1818,1596,222
109000293,67,186,-119
109000361,265,286,-21
109000364,238,458,-220
109000396,1,555,-554
109000397,348,8,340
109000399,131,378,-247
109000400,106,306,-200
109000403,96,1076,-980
109000406,493,8,485
109000407,223,267,-44
109000408,0,517,-517
109000410,721,207,514
109000411,157,32,125
109000412,1,80,-79
109900001,109,0,109
109900002,742,22,720
109900003,152,2,150
109900005,18,3,15
109900006,355,215,140
109900007,470,543,-73
109900008,3,45,-42
109900009,99,513,-414
109900010,443,12,431
109900011,83,33,50
109900012,311,156,155
109900013,299,127,172
109900014,259,49,210
109900015,257,151,106
109900016,100,15,85
109900017,202,172,30
109900018,164,60,104
109900019,263,45,218
109900020,33,40,-7
109900021,24,26,-2
109900022,124,193,-69
109900023,25,4,21
109900024,20,11,9
109900025,18,23,-5
109900027,39,48,-9
109900028,1493,780,713
109900029,1,334,-333
109900030,31,8,23
109900031,0,76,-76
109900032,6,331,-325
109900033,2,351,-349
109900034,27,3,24
109900035,13,22,-9
109900036,38,94,-56
109900037,29,446,-417
109900038,53,164,-111
109900039,6,2,4
109900040,14,568,-554
109900041,63,339,-276
109900042,47,394,-347
109900044,89,276,-187
109900045,130,34,96
109900046,78,112,-34
109900047,266,332,-66
109900048,15,81,-66
109900049,10,36,-26
109900050,1,200,-199
109900051,1,64,-63
109900052,62,321,-259
109900053,6,330,-324
109900054,381,188,193
109900055,29,284,-255
109900056,17,141,-124
109900057,2,210,-208
109900058,0,100,-100
109900060,346,151,195
109900061,54,196,-142
109900062,0,174,-174
109900064,423,197,226
109900065,104,145,-41
109900066,308,797,-489
109900067,0,324,-324
109900068,33,1,32
109900069,2,38,-36
109900071,1,36,-35
109900072,47,144,-97
109900073,232,486,-254
109900074,5,36,-31
109900075,19,16,3
109900076,47,321,-274
109900077,42,70,-28
109900078,88,209,-121
109900080,106,226,-120
109900081,16,155,-139
109900082,51,324,-273
109900083,20,63,-43
109900084,61,133,-72
109900085,206,698,-492
109900086,111,362,-251
109900087,114,304,-190
109900089,613,184,429
109900092,650,29,621
109900093,674,116,558
109900094,89,88,1
109900095,74,162,-88
109900096,39,0,39
109900097,68,1,67
109900098,319,22,297
109900099,118,0,118
109900100,44,0,44
109900101,269,7,262
109900102,381,20,361
109900103,21,24,-3
109900104,464,906,-442
109900105,377,19,358
109900106,320,54,266
109900107,354,74,280
109900108,108,318,-210
109900109,43,92,-49
109900111,226,742,-516
109900114,758,402,356
109900115,151,71,80
109900117,580,114,466
109900121,383,280,103
109900123,11,139,-128
109900125,0,159,-159
109900126,145,137,8
109900130,6539,1860,4679
109900131,80,158,-78
109900132,38,160,-122
109900134,40,74,-34
109900135,381,77,304
109900137,90,289,-199
109900140,112,191,-79
109900149,33,61,-28
109900150,3,84,-81
109900151,4,52,-48
109900152,0,32,-32
109900153,0,34,-34
109900154,121,0,121
109900155,30,13,17
109900157,47,246,-199
109900159,152,12,140
109900161,189,64,125
109900162,139,105,34
109900163,539,235,304
109900164,64,226,-162
109900165,177,9,168
109900166,0,157,-157
109900167,102,372,-270
109900168,163,596,-433
109900169,91,175,-84
109900170,210,624,-414
109900171,115,94,21
109900172,162,179,-17
109900173,2736,1816,920
109900174,61,73,-12
109900175,45,97,-52
109900176,69,159,-90
109900177,52,185,-133
109900178,18,93,-75
109900179,92,18,74
109900180,2,8,-6
110000001,960,525,435
110000002,636,604,32
110000003,675,689,-14
110000004,394,586,-192
110000005,417,1229,-812
110000006,360,290,70
110000007,125,131,-6
110000008,31,34,-3
110000009,38,40,-2
110000010,38,61,-23
110000011,37,93,-56
110000012,478,391,87
110000013,52,452,-400
110000014,609,392,217
110000015,241,623,-382
110000016,244,1395,-1151
110000017,2188,271,1917
110000018,2397,423,1974
110000019,5,100,-95
110000020,292,167,125
110000021,642,323,319
110000022,585,138,447
110000023,2,125,-123
110000024,599,305,294
110000025,246,7,239
110000026,5,262,-257
110000027,1055,312,743
110000028,793,618,175
110000029,395,661,-266
110000030,229,373,-144
110000031,270,496,-226
110000032,561,384,177
110000033,309,69,240
110000034,339,668,-329
110000035,826,516,310
110000036,1057,649,408
110000037,169,354,-185
110000038,194,533,-339
110000039,597,2369,-1772
110000040,311,325,-14
110000041,303,1078,-775
110000042,141,288,-147
110000043,706,230,476
110000044,148,186,-38
110000045,1042,87,955
110000046,12,27,-15
110000047,46,16,30
110000048,8,9,-1
110000049,81,11,70
110000050,11,25,-14
110000051,70,13,57
110000052,49,24,25
110000053,125,7,118
110000054,183,198,-15
110000055,445,33,412
110000056,317,57,260
110000057,319,518,-199
110000058,899,473,426
110000059,776,512,264
110000060,674,915,-241
110000061,728,649,79
110000062,546,770,-224
110000063,38,66,-28
110000064,73,72,1
110000065,48,65,-17
110000066,68,25,43
110000067,90,233,-143
110000068,260,231,29
110000069,145,88,57
110000071,86,96,-10
110000073,3,23,-20
110000075,8,84,-76
110000076,245,330,-85
110000077,397,788,-391
110000078,51,49,2
110000080,280,682,-402
110000081,57,287,-230
110000082,48,285,-237
110000083,254,623,-369
110000084,952,641,311
110000085,2040,1459,581
110000086,1157,1587,-430
110000087,10,47,-37
110000088,78,203,-125
110000089,138,127,11
110000090,115,232,-117
110000091,1076,336,740
110000092,25,81,-56
110000093,38,12,26
110000094,392,236,156
110000095,155,537,-382
110000096,2245,1724,521
110000097,947,1189,-242
110000098,1714,540,1174
110000099,791,1404,-613
110000100,544,454,90
110000101,33,366,-333
110000102,64,57,7
110000104,426,108,318
110000105,94,281,-187
110000106,508,321,187
110000107,369,413,-44
110000108,125,67,58
110000109,215,237,-22
110000110,2847,2820,27
110000111,5536,2227,3309
110000112,1359,965,394
110000113,396,1806,-1410
110000114,125,497,-372
110000115,327,330,-3
110000116,42,50,-8
110000117,142,338,-196
110000118,335,106,229
110000119,142,263,-121
110000120,273,130,143
110000121,82,333,-251
110000122,346,479,-133
110000123,479,318,161
110000124,6,906,-900
110000125,882,6,876
110000126,290,22,268
110000127,872,35,837
110000128,31,1105,-1074
110000129,6,602,-596
110000130,357,166,191
110000131,128,458,-330
110000132,2,802,-800
110000133,40,391,-351
110000134,12,371,-359
110000135,165,25,140
110000136,58,289,-231
110000137,416,541,-125
110000138,631,654,-23
110000139,542,1088,-546
110000140,872,623,249
110000143,549,312,237
110000144,5075,1368,3707
110000145,1800,708,1092
110000146,1429,623,806
110000147,327,411,-84
110000148,484,217,267
110000151,797,775,22
110000152,746,399,347
110000153,42,48,-6
110000154,5,16,-11
110000155,1437,3343,-1906
110000156,1174,1908,-734
110000157,1465,1521,-56
110000160,292,334,-42
110000161,200,322,-122
110000166,367,77,290
110000167,576,477,99
110000168,772,410,362
110000169,756,318,438
110000170,126,92,34
110000171,507,163,344
110000172,109,706,-597
110000173,1149,1176,-27
110000174,168,998,-830
110000175,442,78,364
110000176,151,217,-66
110000177,133,697,-564
110000178,387,1107,-720
110000179,1024,315,709
110000180,161,249,-88
110000181,256,392,-136
110000182,250,141,109
110000183,8347,5005,3342
110000184,419,1893,-1474
110000185,1244,583,661
110000186,659,682,-23
110000191,612,361,251
110000192,437,4,433
110000193,904,9,895
110000194,18,1057,-1039
110000195,368,299,69
110000196,297,419,-122
110000197,72,133,-61
110000198,152,61,91
110000199,69,112,-43
110000200,1132,438,694
110000201,742,832,-90
110000202,1170,667,503
110000203,719,733,-14
110000204,3,208,-205
110000205,62,54,8
110000206,518,1164,-646
110000207,657,391,266
110000208,146,191,-45
110000209,154,736,-582
110000210,827,553,274
110000211,611,791,-180
110000212,351,842,-491
110000213,152,79,73
110000214,218,119,99
110000215,164,394,-230
110000216,90,326,-236
110000217,199,175,24
110000218,127,326,-199
110000219,246,54,192
110000220,55,302,-247
110000221,236,76,160
110000222,45,207,-162
110000223,10,205,-195
110000224,114,20,94
110000225,222,533,-311
110000226,177,59,118
110000227,575,611,-36
110000228,263,384,-121
110000229,3,242,-239
110000230,453,660,-207
110000231,133,176,-43
110000232,171,198,-27
110000233,189,223,-34
110000234,726,453,273
110000235,819,819,0
110000236,587,753,-166
110000237,1697,1200,497
110000238,1158,1360,-202
110000239,1773,1172,601
110000240,1,70,-69
110000242,1,8,-7
110000243,98,143,-45
110000244,100,339,-239
110000245,28,266,-238
110000246,780,528,252
110000247,997,3693,-2696
110000248,1834,1436,398
110000249,79,11,68
110000250,118,191,-73
110000251,276,490,-214
110000252,148,212,-64
110000253,1010,584,426
110000254,514,1060,-546
110000255,234,899,-665
110000256,417,271,146
110000257,666,416,250
110000258,10,351,-341
110000259,110,15,95
110000260,11,291,-280
110000263,413,85,328
110000264,179,368,-189
110000265,909,1434,-525
110000266,1585,2119,-534
110000267,25,113,-88
110000268,179,329,-150
110000269,2,38,-36
110000270,43,2,41
110000271,1242,202,1040
110000272,947,833,114
110000273,2771,1127,1644
110000274,146,1061,-915
110000275,1826,449,1377
110000276,262,205,57
110000277,226,313,-87
110000278,264,626,-362
110000279,722,709,13
110000280,373,394,-21
110000281,35,290,-255
110000282,250,44,206
110000283,62,87,-25
110000284,59,47,12
110000285,3,325,-322
110000286,18,0,18
110000287,38,1,37
110000288,3,57,-54
110000289,368,1239,-871
110000290,997,491,506
110000291,3966,1198,2768
110000292,1142,3253,-2111
110000293,640,706,-66
110000294,792,876,-84
110000295,125,692,-567
110000296,347,281,66
110000297,1868,235,1633
110000298,265,547,-282
110000299,330,65,265
110000301,240,19,221
110000302,279,1003,-724
110000303,276,6,270
110000304,183,276,-93
110000305,809,14,795
110000306,96,1227,-1131
110000307,1088,4,1084
110000308,383,5,378
110000309,2,747,-745
110000310,525,72,453
110000311,26,513,-487
110000312,330,70,260
110000313,2100,3157,-1057
110000314,3,307,-304
110000315,2890,1998,892
110000316,458,1092,-634
110000317,524,309,215
110000318,2,66,-64
110000319,17,14,3
110000320,69,47,22
110000321,3,35,-32
110000322,282,345,-63
110000323,354,189,165
110000324,3135,1191,1944
110000325,2304,2155,149
110000327,418,242,176
110000328,158,344,-186
110000333,606,515,91
110000334,641,1200,-559
110000335,633,492,141
110000336,629,1071,-442
110000337,1157,537,620
110000338,354,249,105
110000339,402,215,187
110000340,129,161,-32
110000341,391,502,-111
110000342,403,3,400
110000343,0,14,-14
110000344,302,153,149
110000345,427,110,317
110000346,2238,1548,690
110000347,940,727,213
110000348,26,21,5
110000349,13,11,2
110000350,52,5,47
110000351,738,732,6
110000352,480,1264,-784
110000353,2306,662,1644
110000354,972,2331,-1359
110000355,77,67,10
110000356,558,5,553
110000357,303,24,279
110000361,15,62,-47
110000362,31,13,18
110000363,236,109,127
110000364,149,341,-192
110000365,139,0,139
110000366,2,62,-60
110000367,350,138,212
110000368,1,43,-42
110000369,64,0,64
110000373,6,235,-229
110000374,144,11,133
110000375,78,883,-805
110000376,40,86,-46
110000377,51,470,-419
110000378,30,259,-229
110000379,2638,1453,1185
110000380,66,5,61
110000383,3,1248,-1245
110000384,3152,1167,1985
110000385,0,138,-138
110000387,60,8,52
110000388,45,205,-160
110000389,582,10,572
110000391,504,275,229
110000396,105,155,-50
110000397,108,146,-38
110000398,3,37,-34
110000399,237,21,216
110000587,100,54,46
110000589,195,211,-16
110000640,202,59,143
110000652,21,73,-52
110000653,271,399,-128
110000654,116,89,27
110000656,0,638,-638
110000674,20,9,11
110000675,4,11,-7
110000676,3,27,-24
110000679,405,833,-428
110000682,87,168,-81
110000683,266,416,-150
110000684,2,28,-26
110000685,9,6,3
110000686,1,11,-10
110000687,11,1,10
110000688,45,573,-528
110000689,25,25,0
110000692,183,129,54
110000693,125,182,-57
110000694,0,130,-130
110000695,175,511,-336
110000696,76,89,-13
110000698,26,588,-562
110000699,97,400,-303
110900001,197,2,195
110900002,377,119,258
110900003,516,563,-47
110900004,248,164,84
110900005,2549,1539,1010
110900006,43,16,27
110900007,76,23,53
110900008,14,56,-42
110900009,295,78,217
110900010,11,82,-71
110900011,14,89,-75
110900012,9,116,-107
110900013,736,176,560
110900014,227,21,206
110900015,461,371,90
110900016,51,189,-138
110900017,290,25,265
110900018,325,53,272
110900019,144,10,134
110900020,65,287,-222
110900021,79,513,-434
110900022,64,267,-203
110900023,48,425,-377
110900024,20,297,-277
110900025,28,69,-41
110900027,32,146,-114
110900028,22,128,-106
110900029,12,325,-313
110900030,19,208,-189
110900031,7,96,-89
110900032,2,78,-76
110900033,39,162,-123
110900035,9,460,-451
110900036,86,11,75
110900037,44,20,24
110900038,875,181,694
110900039,9,194,-185
110900040,132,25,107
110900041,4,111,-107
110900042,88,44,44
110900043,1,110,-109
110900044,206,11,195
110900045,18,399,-381
110900046,48,216,-168
110900047,372,161,211
110900049,72,58,14
110900050,24,4,20
110900052,5,164,-159
110900053,63,14,49
110900054,33,163,-130
110900055,18,5,13
110900056,55,84,-29
110900057,6,170,-164
110900058,162,135,27
110900059,509,512,-3
110900060,336,112,224
110900061,18,44,-26
110900062,92,184,-92
110900063,33,127,-94
110900064,13,2,11
110900065,354,92,262
110900066,3,72,-69
110900067,243,415,-172
110900068,233,191,42
110900069,5,24,-19
110900070,121,59,62
110900071,160,342,-182
110900073,3,24,-21
110900074,216,86,130
110900075,252,55,197
110900077,540,531,9
110900078,25,63,-38
110900079,2143,1020,1123
110900080,76,46,30
110900081,9,71,-62
110900082,82,110,-28
110900083,122,36,86
110900084,33,143,-110
110900085,40,253,-213
110900086,39,201,-162
110900087,259,34,225
110900088,21,2,19
110900090,14,33,-19
110900091,1,42,-41
110900093,157,64,93
110900095,42,48,-6
110900097,11,34,-23
110900098,45,111,-66
110900099,34,340,-306
110900100,0,20,-20
110900102,144,17,127
110900105,444,215,229
110900108,3,63,-60
110900111,308,116,192
110900112,612,4,608
110900113,482,44,438
110900115,6,71,-65
110900116,459,1638,-1179
110900118,151,1982,-1831
110900119,3506,283,3223
110900120,11,59,-48
110900121,67,0,67
110900122,298,155,143
110900125,271,328,-57
110900127,515,901,-386
110900128,377,445,-68
110900129,291,582,-291
110900130,1172,462,710
110900131,165,32,133
110900132,199,39,160
110900133,39,179,-140
110900135,70,282,-212
110900136,226,9,217
110900139,2,0,2
110900140,2,0,2
110900141,475,124,351
110900142,32,151,-119
110900143,93,50,43
110900144,4,780,-776
110900145,139,23,116
110900146,285,103,182
110900147,158,304,-146
110900148,7,243,-236
110900149,1,44,-43
110900150,16,14,2
110900151,4,56,-52
110900152,20,193,-173
110900153,137,27,110
111000001,639,495,144
111000002,931,759,172
111000003,1186,736,450
111000004,484,1162,-678
111000005,1467,1257,210
111000006,1127,2008,-881
111000007,3515,2798,717
111000008,2662,3540,-878
111000009,454,757,-303
111000010,695,289,406
111000011,428,1050,-622
111000012,879,397,482
111000013,415,993,-578
111000014,1251,593,658
111000017,84,786,-702
111000018,264,365,-101
111000020,928,2432,-1504
111000021,68,104,-36
111000023,97,89,8
111000025,4105,3432,673
111000029,71,86,-15
111000030,25,105,-80
111000031,1671,1181,490
111000032,651,319,332
111000033,266,338,-72
111000034,249,245,4
111000037,1822,1512,310
111000038,4014,2551,1463
111000039,1666,2211,-545
111000040,1771,2776,-1005
111000041,2170,2055,115
111000042,3644,2775,869
111000043,1621,2469,-848
111000044,1573,1109,464
111000045,1801,1912,-111
111000046,1146,1433,-287
111000047,1896,3260,-1364
111000049,492,535,-43
111000050,1565,1693,-128
111000051,532,1154,-622
111000052,569,1789,-1220
111000053,357,871,-514
111000054,331,891,-560
111000055,1219,2222,-1003
111000056,216,605,-389
111000057,86,607,-521
111000058,303,92,211
111000059,527,258,269
111000060,3029,809,2220
111000061,359,353,6
111000062,597,303,294
111000063,1624,893,731
111000064,481,503,-22
111000065,842,873,-31
111000066,406,392,14
111000067,519,820,-301
111000068,589,1106,-517
111000069,1742,2035,-293
111000070,1398,1263,135
111000071,303,691,-388
111000072,908,408,500
111000073,344,836,-492
111000074,1331,1458,-127
111000075,1111,657,454
111000076,449,630,-181
111000077,1747,2042,-295
111000078,2950,1812,1138
111000079,1435,820,615
111000080,449,695,-246
111000081,1401,3852,-2451
111000082,483,672,-189
111000084,696,462,234
111000085,1224,1476,-252
111000086,2299,1265,1034
111000087,659,708,-49
111000088,4446,2143,2303
111000089,606,846,-240
111000090,856,1397,-541
111000091,652,595,57
111000092,946,935,11
111000093,568,970,-402
111000094,1754,1025,729
111000095,542,2032,-1490
111000096,1795,6408,-4613
111000097,4514,1716,2798
111000098,825,1246,-421
111000099,620,1867,-1247
111000100,314,1803,-1489
111000101,441,741,-300
111000102,150,540,-390
111000104,563,194,369
111000107,114,622,-508
111000109,617,264,353
111000110,1201,702,499
111000111,1710,514,1196
111000112,1532,585,947
111000113,807,1393,-586
111000114,2235,2902,-667
111000115,5895,1017,4878
111000116,862,908,-46
111000117,412,918,-506
111000118,1386,881,505
111000119,865,1144,-279
111000120,343,589,-246
111000121,180,624,-444
111000122,543,1130,-587
111000123,932,2791,-1859
111000124,351,2781,-2430
111000125,198,1552,-1354
111000126,79,914,-835
111000127,745,124,621
111000128,1411,265,1146
111000129,2090,423,1667
111000130,1470,677,793
111000131,1052,521,531
111000132,912,607,305
111000133,173,166,7
111000134,135,148,-13
111000135,45,133,-88
111000136,353,358,-5
111000138,25,16,9
111000140,3,7,-4
111000141,179,301,-122
111000142,27,99,-72
111000143,6,59,-53
111000144,25,188,-163
111000145,1829,26,1803
111000146,175,23,152
111000147,323,41,282
111000148,149,74,75
111000149,5,26,-21
111000150,41,7,34
111000151,8,30,-22
111000153,578,760,-182
111000154,956,190,766
111000155,103,186,-83
111000156,329,482,-153
111000157,248,725,-477
111000158,887,656,231
111000159,2195,669,1526
111000160,278,317,-39
111000161,20,266,-246
111000162,71,139,-68
111000163,614,831,-217
111000164,677,3484,-2807
111000165,1168,428,740
111000166,2170,406,1764
111000167,166,481,-315
111000168,269,446,-177
111000169,288,676,-388
111000170,609,468,141
111000171,491,744,-253
111000172,142,472,-330
111000173,396,1064,-668
111000174,149,354,-205
111000175,43,263,-220
111000176,236,178,58
111000177,276,212,64
111000178,1184,321,863
111000179,222,181,41
111000180,214,400,-186
111000181,811,229,582
111000182,180,214,-34
111000183,567,290,277
111000184,312,254,58
111000185,370,486,-116
111000186,528,270,258
111000187,123,269,-146
111000188,183,462,-279
111000189,1171,588,583
111000190,211,435,-224
111000191,139,386,-247
111000192,177,614,-437
111000193,343,346,-3
111000194,55,339,-284
111000195,137,316,-179
111000196,36,240,-204
111000197,281,149,132
111000198,481,159,322
111000199,144,206,-62
111000200,314,387,-73
111000201,362,271,91
111000202,233,204,29
111000203,236,210,26
111000204,452,841,-389
111000213,172,581,-409
111000214,1531,1550,-19
111000215,1082,1479,-397
111000217,968,750,218
111000218,1008,867,141
111000219,461,234,227
111000220,1879,508,1371
111000221,839,86,753
111000224,123,389,-266
111000225,327,349,-22
111000226,152,5,147
111000227,47,4,43
111000228,13,297,-284
111000229,27,589,-562
111000230,250,398,-148
111000231,822,1019,-197
111000232,474,993,-519
111000233,585,774,-189
111000234,130,290,-160
111000239,108,151,-43
111000240,49,172,-123
111000241,52,269,-217
111000242,120,63,57
111000243,140,565,-425
111000244,375,116,259
111000245,1067,528,539
111000246,406,455,-49
111000247,201,912,-711
111000248,561,536,25
111000249,417,758,-341
111000250,39,77,-38
111000251,58,107,-49
111000253,9,7,2
111000255,10,4,6
111000257,33,18,15
111000260,69,793,-724
111000261,907,87,820
111000271,74,341,-267
111000273,3808,1810,1998
111000274,962,2036,-1074
111000275,148,81,67
111000276,335,2075,-1740
111000277,220,381,-161
111000278,509,277,232
111000291,765,4129,-3364
111000298,416,263,153
111000299,549,137,412
111000300,88,563,-475
111000302,238,119,119
111000303,73,196,-123
111000312,39,80,-41
111000315,30,159,-129
111000320,399,676,-277
111000321,372,106,266
111000322,387,532,-145
111000323,170,15,155
111000324,306,242,64
111000325,47,61,-14
111000326,137,360,-223
111000327,342,424,-82
111000328,224,502,-278
111000329,1,30,-29
111000330,59,4,55
111000331,9,2,7
111000332,436,1232,-796
111000334,330,1486,-1156
111000335,782,200,582
111000337,953,422,531
111000338,108,87,21
111000339,364,314,50
111000340,101,520,-419
111000341,1042,578,464
111000342,249,297,-48
111000344,797,691,106
111000345,345,48,297
111000346,29,95,-66
111000347,101,6,95
111000350,212,112,100
111000351,116,236,-120
111000352,141,83,58
111000353,85,249,-164
111000354,499,139,360
111000355,365,481,-116
111000358,148,1118,-970
111000360,118,594,-476
111000361,77,281,-204
111000546,770,598,172
111000547,280,489,-209
111000548,92,230,-138
111000549,174,270,-96
111000550,120,623,-503
111000551,778,166,612
111000552,2039,93,1946
111000907,626,28,598
111000908,21,1,20
111000916,1281,376,905
111000917,35,366,-331
111000918,159,830,-671
111000920,379,15,364
111000921,3,229,-226
111000922,389,251,138
111000924,44,703,-659
111000925,2039,1910,129
111000926,982,2209,-1227
111000927,2568,4160,-1592
111000928,4130,3799,331
111000929,1001,1037,-36
111000930,774,2480,-1706
111000931,1512,2292,-780
111000932,3782,2508,1274
111000933,3115,1958,1157
111000934,2049,3427,-1378
111000935,1188,1023,165
111000936,1047,2122,-1075
111000937,872,1422,-550
111000938,1585,2131,-546
111000939,407,49,358
111000940,281,152,129
111000941,475,405,70
111000943,300,249,51
111000944,154,427,-273
111000945,84,1616,-1532
111001109,371,273,98
111001110,171,615,-444
111001111,62,9,53
111001112,153,2,151
111001113,5,185,-180
111001114,969,116,853
111001115,87,349,-262
111001116,4958,3240,1718
111001117,604,2158,-1554
111001120,92,287,-195
111001121,185,311,-126
111001122,261,557,-296
111001123,229,173,56
111001124,139,229,-90
111001125,0,106,-106
111001126,7,0,7
111001127,0,35,-35
111001128,455,622,-167
111900001,0,186,-186
111900002,7,731,-724
111900003,3,306,-303
111900004,17,100,-83
111900006,3,22,-19
111900007,80,5,75
111900008,70,1,69
111900009,73,0,73
111900010,423,504,-81
111900012,53,121,-68
111900013,2,5,-3
111900014,5620,2885,2735
111900015,0,78,-78
111900016,1,155,-154
111900017,1,114,-113
111900018,240,2,238
111900019,7,69,-62
111900020,3,50,-47
111900021,63,128,-65
111900022,12,71,-59
111900023,66,102,-36
111900024,234,218,16
111900025,0,65,-65
111900026,1,93,-92
111900027,5,131,-126
111900028,16,430,-414
111900029,4,82,-78
111900030,45,231,-186
111900032,1,322,-321
111900033,11,81,-70
111900034,357,412,-55
111900035,74,180,-106
111900036,3,317,-314
111900038,355,551,-196
111900039,36,358,-322
111900040,3,512,-509
111900042,18,117,-99
111900043,4,433,-429
111900044,333,193,140
111900046,54,157,-103
111900048,117,721,-604
111900049,56,149,-93
111900050,62,25,37
111900051,3,202,-199
111900052,478,415,63
111900053,1238,1000,238
111900054,85,1,84
111900055,16,392,-376
111900056,187,217,-30
111900057,90,89,1
111900058,299,569,-270
111900059,1532,419,1113
111900060,262,3,259
111900061,13,210,-197
111900062,12,73,-61
111900063,293,194,99
111900064,156,282,-126
111900065,51,20,31
111900066,93,146,-53
111900067,2,288,-286
111900068,53,39,14
111900069,43,22,21
111900070,96,127,-31
111900071,3,210,-207
111900072,34,9,25
111900073,520,91,429
111900074,11,137,-126
111900075,64,5,59
111900076,132,55,77
111900077,18,3,15
111900078,159,15,144
111900079,47,42,5
111900080,256,200,56
111900082,133,25,108
111900083,90,11,79
111900084,49,4,45
111900085,21,76,-55
111900086,32,6,26
111900087,30,0,30
111900088,391,13,378
111900089,73,3,70
111900090,38,30,8
111900091,146,2,144
111900092,63,1,62
111900093,277,5,272
111900094,46,0,46
111900095,124,8,116
111900096,93,1,92
111900097,42,0,42
111900098,134,0,134
111900099,29,0,29
111900100,173,1,172
111900101,88,26,62
111900102,334,548,-214
111900103,46,46,0
111900104,89,54,35
111900105,255,149,106
111900106,825,64,761
111900110,1617,344,1273
111900111,81,14,67
111900112,485,1656,-1171
111900113,235,85,150
111900118,226,65,161
111900119,228,91,137
111900122,95,71,24
111900123,19,32,-13
111900124,33,78,-45
111900125,380,21,359
111900126,267,1,266
111900127,2,790,-788
111900128,5,504,-499
111900129,217,5,212
111900130,101,17,84
111900131,450,1,449
111900132,27,881,-854
111900133,23,306,-283
111900134,11,248,-237
111900135,7,20,-13
111900136,68,161,-93
111900137,53,66,-13
111900138,8,74,-66
111900139,12,90,-78
111900140,76,20,56
111900141,77,4,73
111900142,83,31,52
111900143,13,96,-83
111900144,0,80,-80
111900145,1,436,-435
111900146,3,206,-203
111900147,180,438,-258
111900148,31,605,-574
111900149,8,284,-276
111900150,10,149,-139
111900151,2,20,-18
111900152,97,57,40
111900153,1481,361,1120
111900154,7,131,-124
111900155,36,50,-14
111900156,22,30,-8
111900157,55,10,45
111900158,393,35,358
111900159,187,22,165
111900160,196,1,195
111900161,100,0,100
111900162,69,181,-112
111900163,38,140,-102
111900164,67,60,7
111901113,233,297,-64
111901114,140,327,-187
111901115,29,2,27
111901116,26,0,26
111901117,25,30,-5
111901118,71,129,-58
111901119,944,68,876
111901121,187,207,-20
111901122,4,536,-532
111901123,96,345,-249
111901124,155,1,154
111901125,317,233,84
111901127,512,242,270
111901128,14,64,-50
111901129,0,78,-78
111901130,12,140,-128
111901131,10,287,-277
111901132,320,24,296
111901133,38,0,38
111901134,51,4,47
111901135,8,7,1
111901138,243,36,207
111901139,12,17,-5
111901140,3,89,-86
111901141,8,117,-109
111901142,1,80,-79
111901143,5,78,-73
111901144,40,32,8
111901145,132,246,-114
111901146,513,26,487
111901147,488,122,366
111901148,21,17,4
111901149,5,4,1
111901150,52,0,52
111901151,0,0,0
111901152,14,35,-21
112000001,1302,678,624
112000002,766,2259,-1493
112000003,820,827,-7
112000004,570,1023,-453
112000005,2232,2759,-527
112000006,2320,1706,614
112000007,1950,1489,461
112000008,1824,3261,-1437
112000009,3153,3233,-80
112000010,2397,2468,-71
112000011,1931,1733,198
112000012,3163,2036,1127
112000013,5775,2357,3418
112000014,3668,866,2802
112000015,5926,2098,3828
112000016,4549,841,3708
112000017,2632,1295,1337
112000024,2733,933,1800
112000026,4024,5044,-1020
112000027,667,548,119
112000028,1782,1332,450
112000029,391,563,-172
112000030,191,83,108
112000031,1132,2720,-1588
112000032,375,39,336
112000033,2031,936,1095
112000034,360,37,323
112000035,131,221,-90
112000036,1045,459,586
112000037,867,588,279
112000038,1064,617,447
112000039,42,63,-21
112000040,158,272,-114
112000041,508,458,50
112000042,1020,336,684
112000050,1134,1604,-470
112000051,809,996,-187
112000054,1357,1703,-346
112000057,352,291,61
112000058,268,482,-214
112000059,403,541,-138
112000061,2931,1462,1469
112000062,1642,532,1110
112000063,1076,1229,-153
112000064,4034,5073,-1039
112000065,2138,2170,-32
112000066,2995,1186,1809
112000067,789,607,182
112000068,2433,1999,434
112000069,1032,1557,-525
112000070,2814,744,2070
112000071,924,2429,-1505
112000072,1626,884,742
112000073,1627,1823,-196
112000074,1363,933,430
112000075,1206,1039,167
112000076,3086,2504,582
112000077,463,518,-55
112000078,1331,603,728
112000079,992,1188,-196
112000080,594,678,-84
112000081,1635,2100,-465
112000082,1204,703,501
112000083,651,1134,-483
112000084,1021,751,270
112000085,982,971,11
112000086,1412,1255,157
112000087,355,747,-392
112000088,602,512,90
112000089,210,315,-105
112000090,210,256,-46
112000091,583,1242,-659
112000092,1328,1288,40
112000093,1428,1107,321
112000094,512,960,-448
112000095,582,995,-413
112000096,398,703,-305
112000097,865,536,329
112000098,879,1018,-139
112000099,531,1107,-576
112000100,1280,868,412
112000101,538,952,-414
112000102,887,615,272
112000103,325,1081,-756
112000105,660,1790,-1130
112000106,1305,503,802
112000107,58,200,-142
112000108,268,1573,-1305
112000109,142,124,18
112000110,1593,592,1001
112000111,1019,2559,-1540
112000112,2848,606,2242
112000113,804,1638,-834
112000114,2005,919,1086
112000115,377,466,-89
112000116,401,927,-526
112000117,989,980,9
112000118,932,851,81
112000119,473,808,-335
112000120,87,382,-295
112000121,82,409,-327
112000122,198,162,36
112000123,528,198,330
112000124,283,99,184
112000125,156,200,-44
112000126,197,500,-303
112000127,1700,1394,306
112000128,726,451,275
112000129,116,113,3
112000130,139,79,60
112000131,50,361,-311
112000132,115,246,-131
112000133,305,216,89
112000134,348,322,26
112000135,972,633,339
112000136,982,1047,-65
112000137,1637,1188,449
112000138,1903,1120,783
112000139,788,491,297
112000140,1102,1046,56
112000141,656,315,341
112000142,179,652,-473
112000143,766,251,515
112000144,300,1295,-995
112000145,2005,624,1381
112000146,574,2214,-1640
112000147,2134,1773,361
112000148,1755,2324,-569
112000149,385,617,-232
112000150,400,590,-190
112000151,339,356,-17
112000152,267,410,-143
112000153,196,279,-83
112000154,127,207,-80
112000155,100,65,35
112000157,702,450,252
112000158,271,488,-217
112000159,409,355,54
112000167,275,97,178
112000169,363,325,38
112000173,366,154,212
112000175,337,314,23
112000176,2811,1557,1254
112000177,400,141,259
112000178,87,300,-213
112000179,184,116,68
112000180,225,304,-79
112000181,1218,1834,-616
112000182,822,1773,-951
112000183,50,54,-4
112000184,295,391,-96
112000185,345,560,-215
112000187,2890,1811,1079
112000195,103,12,91
112000196,125,3,122
112000197,74,100,-26
112000198,23,247,-224
112000199,1140,1022,118
112000202,326,1,325
112000216,57,260,-203
112000230,73,4,69
112000231,1,180,-179
112000256,52,149,-97
112000313,58,117,-59
112000314,29,40,-11
112000337,198,422,-224
112000352,269,231,38
112000392,1237,1037,200
112000398,804,747,57
112000399,2079,1827,252
112000400,1680,3132,-1452
112000401,2778,2127,651
112000402,2183,2179,4
112000403,1631,2305,-674
112000404,1198,622,576
112000405,1598,2341,-743
112000406,3501,2907,594
112000407,5439,6618,-1179
112000408,7807,7174,633
112000409,1577,4604,-3027
112000410,286,183,103
112000411,3835,1123,2712
112000412,1458,479,979
112000413,8445,4049,4396
112000414,78,99,-21
112000415,115,40,75
112000416,1881,1253,628
112000417,218,64,154
112000421,51,93,-42
112000422,292,367,-75
112000424,2308,2193,115
112000425,395,1107,-712
112000426,105,319,-214
112000427,0,7,-7
112000428,274,320,-46
112000429,1817,2448,-631
112000430,1879,2724,-845
112000431,80,84,-4
112000432,498,1393,-895
112000433,521,529,-8
112000437,60,181,-121
112900001,49,1,48
112900002,284,990,-706
112900003,65,413,-348
112900004,26,261,-235
112900005,145,203,-58
112900007,33,171,-138
112900008,0,29,-29
112900009,238,75,163
112900010,275,1002,-727
112900011,197,259,-62
112900012,0,50,-50
112900013,0,126,-126
112900014,0,212,-212
112900015,312,705,-393
112900016,3,281,-278
112900017,28,176,-148
112900018,134,810,-676
112900019,45,195,-150
112900020,325,1103,-778
112900021,4,294,-290
112900022,7,75,-68
112900023,0,219,-219
112900024,28,251,-223
112900025,55,281,-226
112900026,12,264,-252
112900027,11,1222,-1211
112900028,25,118,-93
112900029,10,636,-626
112900030,142,184,-42
112900031,6,484,-478
112900032,150,305,-155
112900034,2,39,-37
112900035,9,436,-427
112900036,26,156,-130
112900037,127,164,-37
112900038,389,101,288
112900039,10,317,-307
112900040,1,291,-290
112900041,804,971,-167
112900042,48,307,-259
112900043,22,30,-8
112900044,558,396,162
112900045,300,318,-18
112900046,183,44,139
112900047,9,40,-31
112900049,176,61,115
112900050,50,464,-414
112900051,259,482,-223
112900052,15,878,-863
112900053,235,74,161
112900054,122,46,76
112900055,91,11,80
112900056,272,129,143
112900057,10,483,-473
112900058,299,252,47
112900059,122,98,24
112900060,11,179,-168
112900061,99,114,-15
112900062,66,134,-68
112900063,161,16,145
112900064,151,194,-43
112900065,25,14,11
112900066,141,119,22
112900067,408,194,214
112900068,29,39,-10
112900069,1691,599,1092
112900071,21,6,15
112900072,158,1378,-1220
112900073,386,86,300
112900074,59,196,-137
112900075,1363,657,706
112900076,86,33,53
112900078,224,369,-145
112900079,213,22,191
112900080,46,0,46
112900081,38,174,-136
112900082,343,24,319
112900083,87,47,40
112900084,189,99,90
112900086,77,2,75
112900087,510,112,398
112900088,73,10,63
112900089,478,30,448
112900090,44,27,17
112900091,188,5,183
112900092,135,220,-85
112900093,976,16,960
112900095,34,0,34
112900096,323,111,212
112900097,69,242,-173
112900098,96,3,93
112900099,849,11,838
112900100,51,2,49
112900101,248,0,248
112900102,99,4,95
112900103,128,1,127
112900104,430,4,426
112900105,15,0,15
112900106,333,87,246
112900107,4,0,4
112900108,35,2,33
112900109,58,1,57
112900110,918,5,913
112900111,579,5,574
112900112,260,1,259
112900113,0,21,-21
112900114,127,35,92
112900115,860,1,859
112900116,137,4,133
112900117,128,114,14
112900118,22,66,-44
112900119,116,0,116
112900120,819,245,574
112900121,200,159,41
112900122,12,104,-92
112900123,130,21,109
112900124,17,96,-79
112900125,33,253,-220
112900126,176,213,-37
112900127,282,69,213
112900128,283,625,-342
112900129,8,823,-815
112900130,254,61,193
112900131,38,247,-209
112900132,61,416,-355
112900133,21,935,-914
112900134,2,237,-235
112900135,64,25,39
112900137,30,550,-520
112900138,6,289,-283
112900139,205,1079,-874
112900141,492,44,448
112900142,105,120,-15
112900143,47,481,-434
112900144,9,835,-826
112900145,41,435,-394
112900146,15,1034,-1019
112900147,1,1705,-1704
112900148,50,1,49
112900149,241,488,-247
112900151,18,75,-57
112900152,4010,879,3131
112900153,1987,1635,352
112900154,6,132,-126
112900155,138,17,121
112900156,334,1162,-828
112900157,189,38,151
112900158,49,15,34
112900159,132,106,26
112900160,72,219,-147
112900161,119,29,90
112900162,22,18,4
112900163,100,31,69
112900164,19,177,-158
112900165,199,24,175
112900166,16,41,-25
112900167,7,40,-33
112900168,3,1,2
112900169,20,8,12
112900170,65,105,-40
112900172,35,11,24
112900173,187,103,84
112900174,176,46,130
112900175,115,72,43
112900176,10,22,-12
112900177,254,51,203
112900178,573,2046,-1473
112900179,54,399,-345
112900180,1313,1425,-112
112900181,349,9,340
112900182,49,1137,-1088
112900183,102,171,-69
112900184,341,309,32
112900185,177,397,-220
112900186,1085,680,405
112900187,91,340,-249
112900188,823,228,595
112900189,1,18,-17
112900190,12,50,-38
112900192,433,412,21
112900193,805,262,543
112900194,45,97,-52
112900195,661,34,627
112900196,241,382,-141
112900197,162,313,-151
112900199,327,342,-15
112900200,436,242,194
112900201,98,97,1
112900202,320,856,-536
112900203,200,281,-81
112900204,986,524,462
112900205,27,38,-11
112900206,23,87,-64
112900207,7,1,6
112900208,76,242,-166
112900209,619,365,254
112900210,1,47,-46
112900211,68,59,9
112900212,1,156,-155
112900213,37,6,31
112900214,40,9,31
112900215,11,187,-176
112900216,51,71,-20
112900217,1,80,-79
112900218,76,0,76
112900219,48,23,25
112900220,2,0,2
112900221,9,128,-119
112900222,0,24,-24
112900223,582,16,566
112900224,188,413,-225
112900225,279,389,-110
112900226,112,228,-116
112900227,295,725,-430
112900228,47,22,25
112900229,130,89,41
112900230,5683,3468,2215
112900232,164,170,-6
112900233,66,123,-57
112900234,9,88,-79
112900235,140,30,110
112900236,171,10,161
112900237,220,343,-123
112900238,2,44,-42
112900239,808,296,512
112900240,4,94,-90
112900241,14,91,-77
112900242,4,109,-105
112900243,4,190,-186
112900244,4,74,-70
112900245,0,32,-32
112900246,4,12,-8
112900247,115,19,96
112900248,15,0,15
112900249,38,6,32
112900250,56,24,32
112900251,45,12,33
112900252,40,16,24
112900253,17,7,10
112900254,10,6,4
112900255,1,31,-30
112900256,12,33,-21
112900257,16,42,-26
112900258,19,23,-4
113000001,4271,4168,103
113000002,2751,3075,-324
113000003,1544,1595,-51
113000004,1517,2223,-706
113000005,1271,803,468
113000006,955,1208,-253
113000007,1779,1018,761
113000008,1510,1538,-28
113000009,758,766,-8
113000010,986,1356,-370
113000011,598,1393,-795
113000012,1234,699,535
113000013,1275,564,711
113000014,1716,1049,667
113000015,526,144,382
113000016,309,469,-160
113000017,49,249,-200
113000018,465,49,416
113000019,155,270,-115
113000020,572,69,503
113000021,1120,580,540
113000022,498,965,-467
113000025,132,296,-164
113000026,361,347,14
113000027,517,401,116
113000028,640,327,313
113000029,561,644,-83
113000030,364,579,-215
113000031,266,265,1
113000032,226,251,-25
113000033,191,275,-84
113000034,291,270,21
113000035,14,17,-3
113000036,18,42,-24
113000037,73,26,47
113000038,10,44,-34
113000039,54,376,-322
113000040,49,58,-9
113000042,609,507,102
113000051,824,2456,-1632
113000052,1848,841,1007
113000053,312,392,-80
113000054,258,765,-507
113000055,1017,687,330
113000056,710,997,-287
113000058,695,894,-199
113000059,914,615,299
113000060,160,432,-272
113000061,468,722,-254
113000062,785,212,573
113000063,120,122,-2
113000064,39,317,-278
113000065,150,790,-640
113000066,493,105,388
113000067,1332,1175,157
113000068,389,1395,-1006
113000069,568,1125,-557
113000070,1987,925,1062
113000071,355,595,-240
113000072,576,392,184
113000073,326,1228,-902
113000074,817,347,470
113000075,1483,603,880
113000076,632,1705,-1073
113000077,1073,484,589
113000078,698,1646,-948
113000079,853,616,237
113000080,668,574,94
113000081,645,639,6
113000082,1054,614,440
113000083,472,761,-289
113000084,1320,1041,279
113000085,681,672,9
113000086,965,1053,-88
113000087,767,757,10
113000088,1815,1042,773
113000089,724,1327,-603
113000090,192,447,-255
113000091,514,336,178
113000094,867,207,660
113000095,203,734,-531
113000096,152,667,-515
113000097,988,365,623
113000098,93,48,45
113000099,1000,343,657
113000100,205,398,-193
113000101,328,470,-142
113000102,498,383,115
113000103,2007,660,1347
113000104,320,1848,-1528
113000105,516,326,190
113000106,376,499,-123
113000107,651,757,-106
113000108,836,1223,-387
113000109,565,1999,-1434
113000110,1200,374,826
113000111,172,528,-356
113000112,312,339,-27
113000113,1095,347,748
113000114,299,1085,-786
113000116,470,247,223
113000117,672,136,536
113000118,117,490,-373
113000119,349,252,97
113000120,111,260,-149
113000121,699,631,68
113000124,233,116,117
113000125,57,648,-591
113000127,2319,329,1990
113000128,367,377,-10
113000129,384,830,-446
113000133,2355,1158,1197
113000134,9,1066,-1057
113000135,3061,3568,-507
113000137,1541,2437,-896
113000139,282,128,154
113000140,117,191,-74
113000141,205,120,85
113000142,570,750,-180
113000143,205,136,69
113000144,269,471,-202
113000145,28,90,-62
113000146,102,78,24
113000147,145,118,27
113000148,133,103,30
113000149,83,98,-15
113000150,390,317,73
113000151,67,72,-5
113000152,20,83,-63
113000153,1297,470,827
113000154,503,1271,-768
113000155,253,373,-120
113000156,92,402,-310
113000157,295,834,-539
113000158,561,233,328
113000159,671,646,25
113000160,677,876,-199
113000161,199,435,-236
113000162,478,314,164
113000163,107,60,47
113000164,33,80,-47
113000166,148,105,43
113000167,58,122,-64
113000168,73,128,-55
113000169,132,74,58
113000170,84,107,-23
113000171,65,109,-44
113000172,167,71,96
113000173,57,13,44
113000174,98,443,-345
113000175,285,86,199
113000176,360,143,217
113000177,173,434,-261
113000178,176,331,-155
113000179,229,143,86
113000180,695,1197,-502
113000181,1141,821,320
113000182,157,348,-191
113000183,173,517,-344
113000184,35,67,-32
113000189,357,553,-196
113000190,854,429,425
113000192,1586,1266,320
113000193,3526,952,2574
113000194,1730,895,835
113000195,1934,624,1310
113000196,279,80,199
113000197,1295,917,378
113000198,49,254,-205
113000199,1098,257,841
113000201,397,222,175
113000202,2839,1520,1319
113000203,314,188,126
113000204,1651,1360,291
113000205,14,14,0
113000206,11,28,-17
113000207,67,13,54
113000208,19,41,-22
113000209,15,23,-8
113000210,1,14,-13
113000211,203,207,-4
113000212,166,22,144
113000213,37,130,-93
113000214,155,285,-130
113000234,144,800,-656
113000410,186,176,10
113000411,2378,3286,-908
113000412,6266,2245,4021
113000413,2642,2395,247
113000414,6028,10378,-4350
113000415,2014,2429,-415
113000416,7582,3689,3893
113000417,1966,2426,-460
113000418,3698,2557,1141
113000419,1165,1269,-104
113000420,3412,3976,-564
113000421,3046,4602,-1556
113000422,10648,7567,3081
113000423,1723,3467,-1744
113000424,2895,7101,-4206
113000425,3,73,-70
113000428,136,16,120
113000430,13,63,-50
113000432,1783,166,1617
113000433,83,712,-629
113000434,26,139,-113
113000435,64,501,-437
113000436,49,1069,-1020
113000437,740,23,717
113000438,190,32,158
113000439,20,132,-112
113000440,81,35,46
113000441,133,209,-76
113000442,132,211,-79
113000443,171,195,-24
113000444,155,244,-89
113000445,121,103,18
113000446,54,93,-39
113000448,215,153,62
113000449,227,972,-745
113000450,431,2562,-2131
113000451,1158,178,980
113000452,296,479,-183
113000453,78,257,-179
113000454,1368,72,1296
113000455,117,178,-61
113000456,3460,2329,1131
113000468,1486,214,1272
113000469,109,50,59
113000470,371,27,344
113000471,7,381,-374
113000472,89,296,-207
113000474,406,581,-175
113000475,1764,1525,239
113000476,1700,1783,-83
113000477,2415,2041,374
113000478,3574,5480,-1906
113000479,41,217,-176
113000485,0,0,0
113000486,0,0,0
113000487,0,0,0
113000488,0,0,0
113000489,1,0,1
113000490,0,0,0
113000491,1,1,0
113000492,1,1,0
113000493,1,0,1
113000495,182,188,-6
113000496,104,123,-19
113900001,2,196,-194
113900002,0,87,-87
113900003,0,91,-91
113900004,0,40,-40
113900005,2,56,-54
113900006,0,17,-17
113900007,54,1,53
113900008,132,0,132
113900009,204,0,204
113900010,170,1,169
113900011,125,0,125
113900012,46,3,43
113900013,763,4,759
113900014,421,1,420
113900015,3,23,-20
113900016,7,1,6
113900017,1,28,-27
113900018,363,122,241
113900019,82,44,38
113900020,87,1,86
113900022,8,0,8
113900023,30,0,30
113900024,30,38,-8
113900025,176,15,161
113900026,21,0,21
113900027,5,29,-24
113900028,24,483,-459
113900029,44,198,-154
113900030,201,0,201
113900031,4,1,3
113900032,40,0,40
113900033,68,48,20
113900035,33,0,33
113900036,12,39,-27
113900037,99,464,-365
113900038,64,98,-34
113900039,110,13,97
113900040,4,7,-3
113900041,1,5,-4
113900042,61,44,17
113900043,105,103,2
113900044,336,253,83
113900045,53,0,53
113900046,234,568,-334
113900047,26,43,-17
113900048,218,65,153
113900049,586,280,306
113900050,171,235,-64
113900051,170,282,-112
113900052,169,114,55
113900053,507,367,140
113900054,6,0,6
113900055,69,431,-362
113900056,14,65,-51
113900057,17,76,-59
113900058,36,125,-89
113900059,179,292,-113
113900060,73,135,-62
113900061,887,233,654
113900062,45,8,37
113900063,29,60,-31
113900064,25,110,-85
113900065,436,8,428
113900066,261,279,-18
113900067,87,205,-118
113900068,351,318,33
113900069,14,14,0
113900070,169,453,-284
113900071,22,29,-7
113900072,44,184,-140
113900073,221,366,-145
113900074,55,239,-184
113900075,993,996,-3
113900076,67,6,61
113900077,64,184,-120
113900078,15,19,-4
113900079,0,23,-23
113900080,342,193,149
113900081,64,174,-110
113900082,76,165,-89
113900083,174,426,-252
113900084,166,96,70
113900085,37,258,-221
113900086,9,9,0
113900087,39,153,-114
113900088,51,108,-57
113900089,394,45,349
113900090,438,354,84
113900091,22,18,4
113900092,47,82,-35
113900093,73,523,-450
113900094,244,293,-49
113900095,77,85,-8
113900096,87,30,57
113900097,78,73,5
113900098,459,68,391
113900099,0,49,-49
113900100,0,2,-2
113900101,16,39,-23
113900102,93,106,-13
113900103,208,208,0
113900104,70,193,-123
113900105,62,208,-146
113900106,1,45,-44
113900107,0,25,-25
113900108,198,214,-16
113900109,297,163,134
113900110,31,10,21
113900111,138,69,69
113900112,78,71,7
113900113,762,391,371
113900114,1,63,-62
113900115,1,100,-99
113900116,77,118,-41
113900117,84,32,52
113900118,179,210,-31
113900119,179,365,-186
113900120,35,21,14
113900121,43,52,-9
113900122,239,1479,-1240
113900123,365,152,213
113900124,0,43,-43
113900125,925,122,803
113900126,73,69,4
113900127,190,469,-279
113900128,125,71,54
113900129,12,103,-91
113900130,0,14,-14
113900131,153,89,64
113900132,32,39,-7
113900133,17,75,-58
113900135,273,360,-87
113900136,71,75,-4
113900137,329,198,131
113900138,36,79,-43
113900139,293,125,168
113900140,252,227,25
113900141,363,327,36
113900142,108,39,69
113900143,12,37,-25
113900144,236,140,96
113900145,265,142,123
113900146,88,50,38
113900148,87,239,-152
113900149,115,83,32
113900150,572,445,127
113900151,274,153,121
113900152,27,40,-13
113900153,269,395,-126
113900154,1,86,-85
113900155,145,95,50
113900156,231,374,-143
113900157,37,203,-166
113900158,344,262,82
113900159,10,146,-136
113900160,537,475,62
113900161,38,142,-104
113900162,422,525,-103
113900163,169,209,-40
113900164,215,56,159
113900165,586,374,212
113900166,131,95,36
113900167,188,32,156
113900168,120,118,2
113900169,169,303,-134
113900171,166,49,117
113900172,13,152,-139
113900173,37,488,-451
113900174,358,478,-120
113900175,307,117,190
113900176,278,455,-177
113900177,236,127,109
113900178,556,127,429
113900179,13,333,-320
113900180,101,75,26
113900181,375,137,238
113900182,632,801,-169
113900183,37,54,-17
113900184,11,340,-329
113900185,102,93,9
113900186,12,24,-12
113900187,27,104,-77
113900188,14,77,-63
113900189,232,75,157
113900190,202,113,89
113900191,67,123,-56
113900192,1482,1347,135
113900193,26,159,-133
113900194,1234,1013,221
113900195,238,345,-107
113900196,2,91,-89
113900197,2,152,-150
113900198,23,150,-127
113900199,103,582,-479
113900200,12,146,-134
113900201,0,165,-165
113900202,12,115,-103
113900203,11,106,-95
113900204,39,369,-330
113900205,1,94,-93
113900206,6,113,-107
113900207,0,44,-44
113900208,0,44,-44
113900209,0,47,-47
113900210,432,537,-105
113900211,139,60,79
113900212,137,383,-246
113900214,292,326,-34
113900215,31,101,-70
113900216,84,871,-787
113900217,61,281,-220
113900218,162,71,91
113900219,55,238,-183
113900220,111,82,29
113900221,245,115,130
113900222,985,557,428
113900223,103,939,-836
113900224,96,62,34
113900225,403,168,235
113900226,229,81,148
113900227,238,138,100
113900228,257,293,-36
113900229,51,546,-495
113900230,3518,2227,1291
113900231,161,143,18
113900232,70,104,-34
113900233,57,57,0
113900234,167,318,-151
113900235,61,22,39
113900236,77,286,-209
113900237,101,6,95
113900238,161,423,-262
113900239,58,60,-2
113900240,7,137,-130
113900241,106,38,68
113900242,61,111,-50
113900243,102,337,-235
113900244,285,155,130
113900245,996,186,810
113900246,14,15,-1
113900247,164,332,-168
113900248,1990,1321,669
113900249,911,338,573
113900250,31,113,-82
113900251,468,178,290
113900252,486,15,471
113900253,458,57,401
113900254,778,96,682
113900255,288,27,261
113900256,282,28,254
113900257,7,453,-446
113900258,9,353,-344
113900259,309,142,167
113900260,145,5,140
113900261,24,118,-94
113900262,119,509,-390
113900263,165,592,-427
113900264,5,432,-427
113900265,180,272,-92
113900266,28,142,-114
113900267,95,398,-303
113900268,237,372,-135
113900269,67,134,-67
113900270,327,567,-240
113900271,483,926,-443
113900273,78,11,67
113900274,83,22,61
113900275,13,43,-30
113900276,2,160,-158
113900277,110,1,109
113900278,248,119,129
113900279,101,90,11
113900280,1097,432,665
113900281,507,919,-412
113900282,482,367,115
113900283,350,454,-104
113900284,676,139,537
113900285,101,20,81
113900286,11,90,-79
113900287,35,19,16
113900288,0,102,-102
113900289,939,120,819
113900290,388,149,239
113900291,135,188,-53
113900292,11,4,7
113900293,1,186,-185
113900294,330,27,303
113900295,372,248,124
113900296,1066,222,844
113900297,1895,44,1851
113900298,20,1644,-1624
113900299,43,188,-145
113900300,2608,1519,1089
113900301,506,139,367
113900302,2458,824,1634
113900303,436,307,129
113900304,3,118,-115
113900305,64,2,62
113900306,24,0,24
113900307,47,0,47
113900308,60,105,-45
113900309,1,648,-647
113900310,0,11,-11
113900311,4,0,4
113900312,143,189,-46
113900313,11,7,4
113900314,1,10,-9
113900315,50,0,50
114000001,815,2600,-1785
114000002,188,309,-121
114000003,207,795,-588
114000004,317,271,46
114000005,167,197,-30
114000006,2395,1578,817
114000007,512,896,-384
114000008,1445,1280,165
114000009,497,179,318
114000011,1997,2460,-463
114000012,1922,1714,208
114000013,1382,1392,-10
114000014,612,443,169
114000015,1525,365,1160
114000016,198,361,-163
114000017,83,191,-108
114000018,197,40,157
114000026,1200,1114,86
114000027,2170,1763,407
114000028,2123,2356,-233
114000038,213,148,65
114000039,182,211,-29
114000040,48,183,-135
114000042,125,168,-43
114000043,322,232,90
114000044,219,210,9
114000045,38,50,-12
114000046,3082,3439,-357
114000047,36,53,-17
114000048,91,139,-48
114000049,1227,1062,165
114000050,1237,1499,-262
114000051,2525,1397,1128
114000052,3944,1130,2814
114000053,106,419,-313
114000054,187,645,-458
114000055,489,20,469
114000056,1131,704,427
114000057,5301,1824,3477
114000058,564,1226,-662
114000059,241,239,2
114000060,563,646,-83
114000061,2812,2115,697
114000062,2146,957,1189
114000063,3104,1612,1492
114000064,5715,2947,2768
114000065,1582,2030,-448
114000066,337,517,-180
114000067,22,522,-500
114000068,443,528,-85
114000069,705,335,370
114000070,1763,1451,312
114000071,438,348,90
114000072,267,188,79
114000073,15,68,-53
114000074,34,22,12
114000075,35,106,-71
114000076,17,109,-92
114000077,8,26,-18
114000078,272,494,-222
114000079,145,20,125
114000080,55,66,-11
114000081,48,78,-30
114000082,54,413,-359
114000083,46,193,-147
114000084,202,60,142
114000085,63,470,-407
114000086,152,366,-214
114000087,65,135,-70
114000088,27,44,-17
114000089,834,347,487
114000090,599,532,67
114000091,1056,577,479
114000092,719,352,367
114000093,821,660,161
114000094,419,368,51
114000095,211,119,92
114000096,100,239,-139
114000097,101,478,-377
114000098,300,97,203
114000099,359,578,-219
114000100,1007,619,388
114000101,339,892,-553
114000102,360,307,53
114000103,161,421,-260
114000104,10,206,-196
114000105,113,67,46
114000106,611,608,3
114000107,261,139,122
114000108,2243,1231,1012
114000109,450,1069,-619
114000110,466,1484,-1018
114000111,1185,497,688
114000112,493,2583,-2090
114000113,1234,435,799
114000114,1329,1721,-392
114000115,1665,871,794
114000116,575,1187,-612
114000117,1854,350,1504
114000118,1809,377,1432
114000119,1162,325,837
114000120,448,867,-419
114000121,413,663,-250
114000122,390,275,115
114000123,1403,270,1133
114000124,507,249,258
114000125,806,1322,-516
114000126,1285,206,1079
114000127,155,145,10
114000128,904,445,459
114000130,496,359,137
114000131,232,69,163
114000132,522,521,1
114000133,784,945,-161
114000134,59,115,-56
114000138,29,148,-119
114000139,310,184,126
114000144,509,355,154
114000145,54,178,-124
114000146,96,253,-157
114000147,963,1340,-377
114000148,2043,1616,427
114000149,311,193,118
114000150,1890,1222,668
114000151,1197,1401,-204
114000152,136,30,106
114000153,1024,1965,-941
114000154,810,805,5
114000155,978,1695,-717
114000156,816,408,408
114000157,259,776,-517
114000158,1436,629,807
114000159,186,362,-176
114000160,135,321,-186
114000161,1326,2140,-814
114000162,781,1650,-869
114000163,11,83,-72
114000165,466,218,248
114000166,618,219,399
114000167,2980,1154,1826
114000168,727,597,130
114000169,1292,867,425
114000170,952,762,190
114000171,840,2347,-1507
114000174,233,354,-121
114000176,556,425,131
114000177,1956,976,980
114000178,74,32,42
114000179,1070,759,311
114000180,457,768,-311
114000181,1288,2607,-1319
114000182,3276,2153,1123
114000183,873,968,-95
114000184,4302,1349,2953
114000185,915,722,193
114000189,656,102,554
114000190,1736,253,1483
114000191,40,45,-5
114000192,267,1474,-1207
114000193,826,3020,-2194
114000194,1241,878,363
114000195,101,12,89
114000196,0,208,-208
114000197,917,18,899
114000198,860,299,561
114000199,1842,1431,411
114000200,595,1626,-1031
114000201,122,727,-605
114000202,910,549,361
114000203,509,820,-311
114000204,173,392,-219
114000205,223,1383,-1160
114000206,425,1067,-642
114000207,534,1664,-1130
114000208,363,2357,-1994
114000209,488,2331,-1843
114000210,264,1355,-1091
114000211,890,1325,-435
114000212,613,662,-49
114000213,1155,482,673
114000214,49,186,-137
114000215,124,68,56
114000216,1012,329,683
114000217,219,250,-31
114000218,91,316,-225
114000219,886,212,674
114000220,27,1030,-1003
114000221,529,140,389
114000222,119,1056,-937
114000223,371,118,253
114000224,96,581,-485
114000225,210,606,-396
114000226,122,210,-88
114000227,706,475,231
114000228,586,706,-120
114000229,861,1182,-321
114000230,1349,1232,117
114000231,735,1243,-508
114000232,378,124,254
114000233,1409,105,1304
114000234,1115,875,240
114000235,1037,1341,-304
114000236,1,366,-365
114000237,97,838,-741
114000238,162,136,26
114000239,146,1257,-1111
114000240,592,677,-85
114000241,310,1085,-775
114000242,1061,972,89
114000243,1117,792,325
114000244,592,408,184
114000245,366,758,-392
114000246,200,51,149
114000247,729,588,141
114000248,961,471,490
114000249,440,543,-103
114000250,383,706,-323
114000251,274,274,0
114000252,96,54,42
114000253,73,112,-39
114000254,31,56,-25
114000255,444,166,278
114000256,1677,1402,275
114000257,708,1402,-694
114000258,172,361,-189
114000259,58,179,-121
114000260,0,33,-33
114000261,49,32,17
114000262,70,126,-56
114000263,9,0,9
114000264,726,343,383
114000265,0,2,-2
114000267,4,1775,-1771
114000268,9,1638,-1629
114000270,87,3,84
114000271,448,77,371
114000283,888,360,528
114000285,31,233,-202
114000288,69,245,-176
114000289,991,137,854
114000293,114,317,-203
114000294,145,229,-84
114000395,1683,72,1611
114000396,402,369,33
114000402,331,277,54
114000403,204,346,-142
114000405,97,439,-342
114000423,214,435,-221
114000424,169,141,28
114000425,536,351,185
114000426,270,725,-455
114000427,49,80,-31
114000428,244,144,100
114000429,11,189,-178
114000432,63,109,-46
114000434,34,84,-50
114000435,2,126,-124
114900001,420,918,-498
114900002,390,92,298
114900003,413,1561,-1148
114900004,260,299,-39
114900005,437,859,-422
114900006,54,25,29
114900007,145,17,128
114900008,99,64,35
114900010,1774,1843,-69
114900011,121,73,48
114900013,187,118,69
114900018,647,44,603
114900020,206,58,148
114900022,49,501,-452
114900025,338,204,134
114900026,88,80,8
114900029,111,33,78
114900030,268,172,96
114900031,319,37,282
114900032,244,24,220
114900034,36,186,-150
114900035,142,228,-86
114900036,215,663,-448
114900039,432,474,-42
114900040,64,101,-37
114900041,500,522,-22
114900042,537,709,-172
114900044,122,15,107
114900047,187,1439,-1252
114900048,80,311,-231
114900049,46,222,-176
114900050,25,386,-361
114900051,14,310,-296
114900052,39,155,-116
114900053,62,319,-257
114900054,29,96,-67
114900057,197,17,180
114900058,0,77,-77
114900059,52,42,10
114900063,46,175,-129
114900064,1001,517,484
114900065,302,574,-272
114900067,45,447,-402
114900068,65,236,-171
114900069,243,86,157
114900070,393,306,87
114900072,2,255,-253
114900073,0,188,-188
114900074,374,610,-236
114900075,160,3,157
114900076,6,310,-304
114900080,1788,438,1350
114900082,3068,1675,1393
114900083,1203,1105,98
114900090,217,197,20
114900091,95,199,-104
114900097,140,0,140
114900098,4,223,-219
114900099,191,7,184
115000001,6250,4384,1866
115000002,2641,3269,-628
115000003,4562,3463,1099
115000004,2833,5029,-2196
115000005,1470,2243,-773
115000006,765,1443,-678
115000007,91,220,-129
115000008,399,470,-71
115000009,153,283,-130
115000010,301,160,141
115000013,70,162,-92
115000015,108,298,-190
115000016,44,139,-95
115000019,34,408,-374
115000020,129,481,-352
115000021,325,443,-118
115000022,467,318,149
115000023,314,461,-147
115000024,974,442,532
115000025,651,531,120
115000026,134,461,-327
115000027,181,195,-14
115000028,174,770,-596
115000029,437,113,324
115000030,659,1001,-342
115000031,1121,230,891
115000032,10,284,-274
115000033,180,38,142
115000034,114,985,-871
115000035,828,50,778
115000036,0,292,-292
115000037,391,11,380
115000038,47,177,-130
115000039,2949,2611,338
115000040,5572,2886,2686
115000041,1124,2296,-1172
115000042,754,549,205
115000043,2750,1855,895
115000044,3317,3778,-461
115000045,2296,1896,400
115000046,1714,2076,-362
115000047,1529,1445,84
115000048,1476,2544,-1068
115000049,1478,3419,-1941
115000050,2529,1736,793
115000051,1643,2070,-427
115000052,2956,1784,1172
115000053,1376,1300,76
115000054,635,1331,-696
115000055,207,621,-414
115000056,298,526,-228
115000057,955,897,58
115000058,746,263,483
115000059,208,201,7
115000061,183,132,51
115000062,187,282,-95
115000063,247,369,-122
115000064,188,130,58
115000065,54,423,-369
115000067,194,41,153
115000069,61,290,-229
115000070,25,695,-670
115000071,113,14,99
115000072,11,70,-59
115000073,997,41,956
115000075,65,48,17
115000076,2976,2481,495
115000077,1590,2345,-755
115000078,920,1481,-561
115000079,1018,1780,-762
115000080,1945,2173,-228
115000081,390,949,-559
115000082,3093,2912,181
115000083,1712,2339,-627
115000084,1548,889,659
115000085,549,893,-344
115000086,696,622,74
115000087,418,1344,-926
115000088,1332,517,815
115000089,1246,1121,125
115000090,398,694,-296
115000091,262,1068,-806
115000092,432,309,123
115000093,376,5,371
115000094,6427,4790,1637
115000095,4542,4601,-59
115000096,601,1618,-1017
115000097,715,682,33
115000098,850,774,76
115000099,2080,3016,-936
115000100,792,366,426
115000101,417,1527,-1110
115000102,327,206,121
115000103,283,711,-428
115000105,47,212,-165
115000106,432,277,155
115000107,138,484,-346
115000108,3264,2280,984
115000109,3742,2984,758
115000110,1057,923,134
115000111,566,1730,-1164
115000112,526,547,-21
115000113,566,705,-139
115000114,1515,663,852
115000116,3203,1593,1610
115000117,3500,2662,838
115000118,1614,1313,301
115000119,1642,1744,-102
115000120,495,999,-504
115000121,1543,795,748
115000122,3116,1349,1767
115000123,1362,1578,-216
115000124,1125,768,357
115000125,339,519,-180
115000126,141,229,-88
115000127,411,95,316
115000128,503,754,-251
115000129,232,236,-4
115000130,364,835,-471
115000131,611,282,329
115000132,224,367,-143
115000133,414,339,75
115000134,302,202,100
115000135,292,180,112
115000136,288,243,45
115000137,106,172,-66
115000138,237,270,-33
115000139,229,222,7
115000140,267,284,-17
115000141,202,340,-138
115000142,203,254,-51
115000143,510,601,-91
115000144,455,83,372
115000145,312,395,-83
115000146,373,257,116
115000147,361,487,-126
115000148,207,1007,-800
115000149,406,199,207
115000150,567,842,-275
115000151,766,463,303
115000152,646,1112,-466
115000153,743,458,285
115000154,569,264,305
115000155,503,853,-350
115000156,825,577,248
115000157,720,796,-76
115000158,665,311,354
115000159,689,462,227
115000160,443,284,159
115000161,156,448,-292
115000162,586,579,7
115000163,489,632,-143
115000164,649,539,110
115000165,345,412,-67
115000167,179,73,106
115000168,616,312,304
115000169,528,304,224
115000170,162,160,2
115000171,287,186,101
115000172,1128,548,580
115000173,256,376,-120
115000174,85,302,-217
115000175,180,108,72
115000176,121,65,56
115000177,73,55,18
115000178,38,205,-167
115000179,46,15,31
115000180,133,597,-464
115000181,488,106,382
115000182,666,270,396
115000183,201,773,-572
115000186,637,230,407
115000187,194,682,-488
115000188,334,380,-46
115000189,162,404,-242
115000190,595,299,296
115000191,146,444,-298
115000194,142,160,-18
115000195,281,268,13
115000196,119,69,50
115000197,198,280,-82
115000198,238,179,59
115000199,226,191,35
115000200,269,81,188
115000201,119,309,-190
115000206,284,44,240
115000207,68,275,-207
115000208,335,506,-171
115000209,610,278,332
115000210,106,120,-14
115000211,165,182,-17
115000212,1548,228,1320
115000224,499,71,428
115000225,49,101,-52
115000229,175,129,46
115000230,83,311,-228
115000231,294,1789,-1495
115000232,1120,235,885
115000233,114,175,-61
115000234,31,351,-320
115000241,62,195,-133
115000242,66,339,-273
115000243,50,206,-156
115000244,4,104,-100
115000246,36,32,4
115000247,29,11,18
115000248,23,23,0
115000249,29,13,16
115000250,302,61,241
115000251,165,110,55
115000252,95,195,-100
115000253,16,388,-372
115000258,217,148,69
115000259,295,133,162
115000261,7,18,-11
115000262,10,22,-12
115000263,7,55,-48
115000264,35,49,-14
115000267,73,66,7
115000268,28,130,-102
115000269,130,47,83
115000270,6,14,-8
115000272,31,154,-123
115000273,245,51,194
115000280,1471,158,1313
115000281,304,673,-369
115000282,652,481,171
115000284,349,110,239
115000296,1289,18,1271
115000297,147,110,37
115000298,76,337,-261
115000300,142,155,-13
115000302,455,134,321
115000303,472,95,377
115000304,470,63,407
115000305,93,613,-520
115000306,161,360,-199
115000307,61,212,-151
115000308,33,20,13
115000310,731,852,-121
115000311,640,880,-240
115000313,126,547,-421
115000314,277,119,158
115000315,947,420,527
115000316,47,96,-49
115000317,154,401,-247
115000318,739,291,448
115000319,72,376,-304
115000320,8,190,-182
115000321,339,16,323
115000322,32,234,-202
115000449,151,157,-6
115000557,41,784,-743
115000558,657,94,563
115000587,450,320,130
115000588,2251,2647,-396
115000589,2897,2307,590
115000590,856,1129,-273
115000591,1326,615,711
115000592,550,1487,-937
115000593,1119,445,674
115000594,915,1910,-995
115000609,122,187,-65
115000617,1737,2973,-1236
115000624,211,60,151
115000633,290,1851,-1561
115000634,2019,718,1301
115000635,495,175,320
115000638,828,721,107
115000641,39,96,-57
115000642,289,222,67
115000643,95,431,-336
115000644,163,337,-174
115000646,675,1242,-567
115000647,83,310,-227
115000648,1404,1848,-444
115000893,3078,1289,1789
115000894,157,1244,-1087
115000895,603,963,-360
115000896,1513,321,1192
115000897,381,106,275
115000898,436,130,306
115000899,560,968,-408
115000900,119,484,-365
115000901,114,106,8
115000912,326,77,249
115000913,4,14,-10
115000915,14,1,13
115000916,9,0,9
115000917,0,8,-8
115000918,47,197,-150
115000919,6,9,-3
115000920,111,48,63
115000921,528,71,457
115000922,1240,630,610
115000923,565,978,-413
115000925,77,68,9
115000927,46,46,0
115000933,341,257,84
115000934,125,201,-76
115000935,109,110,-1
115000936,23,458,-435
115000937,1149,193,956
115000938,186,220,-34
115000939,261,140,121
115000940,26,16,10
115000941,20,15,5
115000942,66,78,-12
115000943,78,8,70
115000944,9,7,2
115900001,68,27,41
115900002,41,66,-25
115900003,104,131,-27
115900004,0,69,-69
115900005,102,2,100
115900006,79,197,-118
115900008,29,12,17
115900009,48,136,-88
115900010,177,152,25
115900011,308,258,50
115900012,102,61,41
115900013,329,116,213
115900014,82,131,-49
115900015,114,57,57
115900016,110,28,82
115900017,9,2,7
115900018,151,70,81
115900019,93,15,78
115900020,44,0,44
115900021,1147,108,1039
115900022,1332,10,1322
115900023,20,1,19
115900025,18,141,-123
115900026,636,225,411
115900027,0,223,-223
115900028,628,48,580
115900029,18,370,-352
115900030,34,14,20
115900031,352,243,109
115900032,326,619,-293
115900033,1,31,-30
115900034,16,393,-377
115900035,63,15,48
115900036,115,535,-420
115900037,30,351,-321
115900038,45,7,38
115900039,140,186,-46
115900041,556,436,120
115900042,24,3,21
115900043,82,63,19
115900044,206,236,-30
115900046,161,199,-38
115900047,113,107,6
115900049,130,177,-47
115900051,1,66,-65
115900052,11,194,-183
115900053,141,143,-2
115900054,161,41,120
115900055,8,126,-118
115900056,161,211,-50
115900057,17,24,-7
115900058,30,64,-34
115900060,37,75,-38
115900061,127,0,127
115900062,15,309,-294
115900063,79,15,64
115900064,136,219,-83
115900065,108,68,40
115900066,172,105,67
115900067,9,682,-673
115900068,2919,598,2321
115900069,33,155,-122
115900070,144,148,-4
115900071,2,518,-516
115900072,46,110,-64
115900073,60,43,17
115900074,0,280,-280
115900075,29,206,-177
115900076,3,67,-64
115900077,5,287,-282
115900078,42,109,-67
115900079,100,17,83
115900080,447,238,209
115900081,7,77,-70
115900082,102,158,-56
115900084,196,19,177
115900085,45,48,-3
115900086,1344,507,837
115900088,11,35,-24
115900089,240,599,-359
115900090,183,25,158
115900091,4,44,-40
115900092,21,158,-137
115900093,6,21,-15
115900094,2,263,-261
115900096,1,13,-12
115900097,2,355,-353
115900098,131,312,-181
115900099,92,48,44
115900100,6,422,-416
115900101,87,276,-189
115900102,65,67,-2
115900103,198,156,42
115900104,49,97,-48
115900105,134,513,-379
115900106,48,34,14
115900107,45,124,-79
115900108,93,56,37
115900109,44,314,-270
115900110,1,23,-22
115900111,1,98,-97
115900112,38,636,-598
115900113,23,22,1
115900114,5,170,-165
115900115,42,187,-145
115900116,116,689,-573
115900117,42,16,26
115900118,4,294,-290
115900119,92,125,-33
115900120,25,318,-293
115900121,143,214,-71
115900124,149,421,-272
115900125,184,30,154
115900126,456,82,374
115900127,359,54,305
115900128,17,136,-119
115900129,453,54,399
115900130,22,258,-236
115900131,311,18,293
115900132,378,19,359
115900134,269,10,259
115900135,453,700,-247
115900137,39,7,32
115900139,26,25,1
115900140,200,19,181
115900141,3,19,-16
115900142,7,12,-5
115900143,240,231,9
115900144,70,155,-85
115900146,4,81,-77
115900147,182,178,4
115900148,45,2,43
115900149,60,24,36
115900150,55,30,25
115900151,9,69,-60
115900152,84,235,-151
115900153,105,187,-82
115900154,299,275,24
115900155,0,40,-40
115900156,508,613,-105
115900157,137,406,-269
115900158,27,24,3
115900159,79,228,-149
115900160,3,10,-7
115900161,46,135,-89
115900163,149,87,62
115900164,429,4,425
115900166,129,118,11
115900168,95,108,-13
115900171,68,277,-209
115900172,77,126,-49
115900173,158,114,44
115900174,164,249,-85
115900175,69,149,-80
115900178,14,610,-596
115900179,185,21,164
115900180,19,154,-135
115900181,133,169,-36
115900182,235,197,38
115900183,58,27,31
115900184,1371,15,1356
115900187,9,100,-91
115900189,1,148,-147
115900190,297,784,-487
115900191,58,328,-270
115900192,8,115,-107
115900193,123,96,27
115900194,412,53,359
115900195,488,1439,-951
115900198,164,236,-72
115900199,98,162,-64
115900200,225,224,1
115900201,434,335,99
115900202,1,25,-24
115900203,5,3,2
115900204,0,1,-1
115900205,167,21,146
115900206,130,150,-20
115900207,24,19,5
115900208,103,153,-50
115900209,8,159,-151
115900210,2,86,-84
115900211,1,197,-196
115900212,83,196,-113
115900213,124,55,69
115900214,313,226,87
115900215,23,59,-36
115900216,2,77,-75
115900217,1,52,-51
115900218,2,28,-26
115900219,43,3,40
115900220,80,11,69
115900221,67,6,61
115900222,23,13,10
115900223,8,211,-203
115900224,962,672,290
115900225,70,17,53
115900226,13,51,-38
115900227,17,32,-15
115900228,3,21,-18
115900229,7,43,-36
115900230,32,123,-91
115900231,77,4,73
115900232,48,1,47
115900233,36,22,14
115900234,25,18,7
115900235,20,17,3
115900236,53,19,34
115900237,15,18,-3
115900238,18,26,-8
115900239,48,33,15
115900240,4,52,-48
115900241,144,101,43
115900242,230,226,4
115900243,4,8,-4
115900244,13,5,8
115900245,15,1,14
115900246,15,5,10
115900247,34,15,19
115900248,15,8,7
115900249,1,18,-17
115900250,6,31,-25
115900251,1,9,-8
115900252,2,3,-1
115900253,7,6,1
115900254,13,20,-7
115900255,0,29,-29
115900256,20,63,-43
115900257,15,11,4
115900258,0,0,0
115900259,2,1,1
115900260,7,2,5
115900261,4,0,4
115900262,3,0,3
115900263,6,1,5
115900264,7,3,4
115900265,1,3,-2
115900266,6,4,2
115900267,4,5,-1
115900268,5,3,2
115900269,347,357,-10
115900270,209,335,-126
115900271,49,0,49
115900272,16,1,15
115900273,4,4,0
115900274,4,7,-3
115900275,2,29,-27
115900276,1,26,-25
115900277,2,84,-82
115900278,25,84,-59
115900279,20,131,-111
115900280,12,264,-252
115900281,455,201,254
115900282,33,13,20
115900283,10,30,-20
115900284,8,11,-3
116000001,10552,4441,6111
116000002,3558,7125,-3567
116000003,1498,1571,-73
116000004,1848,2400,-552
116000005,2466,2783,-317
116000006,2269,1589,680
116000007,2854,3430,-576
116000008,3062,1375,1687
116000009,1792,2847,-1055
116000010,2270,1137,1133
116000011,953,2097,-1144
116000012,1160,845,315
116000013,9738,3733,6005
116000014,12580,8531,4049
116000015,265,992,-727
116000016,4674,2483,2191
116000017,18,572,-554
116000018,616,250,366
116000019,542,283,259
116000020,424,733,-309
116000021,340,305,35
116000022,335,347,-12
116000023,757,548,209
116000024,578,747,-169
116000025,593,480,113
116000026,1529,2043,-514
116000027,630,478,152
116000028,361,601,-240
116000029,782,658,124
116000030,677,417,260
116000031,127,331,-204
116000032,338,186,152
116000033,268,428,-160
116000034,533,908,-375
116000035,360,631,-271
116000036,1576,853,723
116000037,630,438,192
116000038,406,309,97
116000039,421,257,164
116000040,1024,215,809
116000041,205,382,-177
116000042,469,179,290
116000043,61,467,-406
116000044,15,111,-96
116000045,1583,1107,476
116000046,1112,1307,-195
116000047,1877,2355,-478
116000048,2032,1480,552
116000049,962,2263,-1301
116000050,1349,1358,-9
116000051,5603,1865,3738
116000052,5467,4194,1273
116000053,1936,980,956
116000054,788,2136,-1348
116000055,489,879,-390
116000056,852,1194,-342
116000057,2760,1730,1030
116000058,2623,2106,517
116000059,3156,4162,-1006
116000060,2171,976,1195
116000061,598,942,-344
116000062,812,493,319
116000063,669,1025,-356
116000066,201,480,-279
116000067,369,496,-127
116000068,203,226,-23
116000069,227,366,-139
116000078,384,1055,-671
116000080,1644,1095,549
116000082,5,74,-69
116000083,1399,414,985
116000084,2078,4257,-2179
116000085,1923,1437,486
116000086,2293,1695,598
116000087,1357,1240,117
116000088,621,976,-355
116000089,158,81,77
116000090,91,141,-50
116000091,270,285,-15
116000093,434,272,162
116000094,417,776,-359
116000095,578,430,148
116000096,569,1146,-577
116000097,773,634,139
116000098,153,5043,-4890
116000099,5568,342,5226
116000100,215,16,199
116000101,854,794,60
116000102,253,1270,-1017
116000103,414,244,170
116000104,157,1208,-1051
116000105,817,170,647
116000106,605,888,-283
116000107,1964,410,1554
116000108,703,189,514
116000111,138,32,106
116000113,104,96,8
116000114,55,164,-109
116000115,220,88,132
116000116,272,590,-318
116000117,1254,1621,-367
116000118,1119,1216,-97
116000119,2205,1907,298
116000120,2517,3862,-1345
116000121,713,488,225
116000122,1256,1837,-581
116000123,665,405,260
116000124,328,946,-618
116000125,2102,610,1492
116000126,291,1712,-1421
116000127,1122,1318,-196
116000128,1069,740,329
116000129,873,234,639
116000130,486,366,120
116000133,622,860,-238
116000134,1688,2198,-510
116000135,1725,1452,273
116000136,1033,2223,-1190
116000137,908,543,365
116000138,640,422,218
116000139,1476,1916,-440
116000140,123,181,-58
116000141,224,639,-415
116000142,3052,2950,102
116000143,1704,1533,171
116000144,1179,2132,-953
116000145,1332,1211,121
116000146,338,251,87
116000147,275,105,170
116000148,382,401,-19
116000149,404,485,-81
116000151,568,596,-28
116000153,108,511,-403
116000155,217,232,-15
116000156,331,1038,-707
116000157,52,17,35
116000158,284,323,-39
116000159,24,9,15
116000160,9,73,-64
116000161,6,82,-76
116000162,78,60,18
116000163,15,10,5
116000164,3,21,-18
116000177,668,98,570
116000194,90,366,-276
116000195,1272,643,629
116000196,9,5,4
116000197,3,21,-18
116000198,2429,949,1480
116000200,576,394,182
116000201,495,522,-27
116000202,7,258,-251
116000203,4,79,-75
116000204,13,86,-73
116000205,1,186,-185
116000206,1,126,-125
116000207,4,49,-45
116000233,150,444,-294
116000287,146,483,-337
116000288,202,220,-18
116000292,30,110,-80
116000296,21,134,-113
116000297,110,29,81
116000304,142,50,92
116000305,20,61,-41
116000346,114,84,30
116000352,62,25,37
116000354,32,12,20
116000357,30,22,8
116000358,214,27,187
116000361,474,3,471
116000372,6418,2757,3661
116000381,74,0,74
116000388,0,43,-43
116000389,731,504,227
116000445,249,583,-334
116000446,427,633,-206
116000447,22,448,-426
116000448,562,173,389
116000563,1070,739,331
116000565,37,397,-360
116000568,45,84,-39
116000579,21,105,-84
116000583,127,84,43
116000584,28,31,-3
116000585,19,12,7
116000586,107,108,-1
116000587,375,496,-121
116000589,60,67,-7
116000590,36,82,-46
116000591,197,209,-12
116000592,4,58,-54
116000593,0,21,-21
116000594,377,409,-32
116000595,445,132,313
116000596,89,6,83
116000597,310,62,248
116000598,8,165,-157
116000605,285,143,142
116000606,59,210,-151
116000607,0,34,-34
116000609,161,732,-571
116000611,78,530,-452
116000612,643,1722,-1079
116000613,460,356,104
116000614,414,627,-213
116000615,3,214,-211
116000616,31,87,-56
116000617,54,61,-7
116000618,0,97,-97
116000619,49,51,-2
116000620,96,541,-445
116000621,33,84,-51
116000622,80,182,-102
116000624,190,91,99
116000627,74,100,-26
116000628,53,457,-404
116000629,32,246,-214
116000630,226,18,208
116000631,92,58,34
116000632,477,107,370
116000633,117,233,-116
116000634,339,124,215
116000635,2705,1650,1055
116000636,1296,1060,236
116000637,301,78,223
116000638,64,345,-281
116000639,66,8,58
116000640,13,17,-4
116000641,28,168,-140
116000643,11,134,-123
116000644,27,523,-496
116000645,119,5,114
116900001,153,144,9
116900002,165,2,163
116900003,11,70,-59
116900004,25,25,0
116900005,188,68,120
116900006,100,108,-8
116900007,77,139,-62
116900008,282,307,-25
116900009,15,7,8
116900010,562,1451,-889
116900011,4,23,-19
116900012,101,148,-47
116900013,5,133,-128
116900014,85,292,-207
116900015,234,39,195
116900016,127,11,116
116900017,0,553,-553
116900018,32,47,-15
116900019,3,245,-242
116900020,706,558,148
116900023,67,6,61
116900024,340,61,279
116900025,728,752,-24
116900026,112,526,-414
116900027,22,62,-40
116900028,4,84,-80
116900029,0,31,-31
116900031,0,3,-3
116900032,3,379,-376
116900033,4,6,-2
116900034,6,62,-56
116900035,134,169,-35
116900036,4,77,-73
116900038,23,1,22
116900041,25,8,17
116900042,668,185,483
116900043,11,43,-32
116900047,26,132,-106
116900049,26,285,-259
116900050,89,470,-381
116900051,52,170,-118
116900052,157,58,99
116900055,0,1,-1
116900057,17,223,-206
116900058,19,353,-334
116900059,0,152,-152
116900060,152,163,-11
116900062,0,4,-4
116900064,55,739,-684
116900065,13,109,-96
116900067,72,77,-5
116900068,162,209,-47
116900070,0,0,0
116900072,23,368,-345
116900073,10,143,-133
116900074,4,27,-23
116900076,4,28,-24
116900077,7,160,-153
116900078,193,104,89
116900079,36,240,-204
116900080,6,20,-14
116900081,278,1030,-752
116900082,420,765,-345
116900083,79,42,37
116900084,143,52,91
116900085,40,143,-103
116900086,130,181,-51
116900088,256,47,209
116900090,192,58,134
116900091,150,44,106
116900092,52,605,-553
116900093,1155,1194,-39
116900094,3632,2445,1187
116900095,161,96,65
116900096,89,227,-138
116900097,3217,2086,1131
116900098,654,198,456
116900099,684,441,243
116900100,648,14,634
116900101,252,472,-220
116900103,1,1,0
116900104,90,67,23
116900105,190,92,98
116900106,751,5,746
116900107,3192,1776,1416
116900110,7,2,5
116900111,360,663,-303
116900112,206,710,-504
116900113,1652,1088,564
116900116,91,413,-322
116900117,164,128,36
116900118,628,526,102
116900120,211,51,160
116900121,64,17,47
116900122,590,761,-171
116900123,83,628,-545
116900124,125,959,-834
116900125,231,152,79
116900126,87,388,-301
116900128,0,31,-31
116900129,0,233,-233
116900130,516,2264,-1748
116900131,72,227,-155
116900132,27,70,-43
116900133,71,116,-45
116900134,144,220,-76
116900136,150,146,4
116900137,236,123,113
116900138,172,167,5
116900139,90,276,-186
116900140,150,131,19
116900141,619,390,229
116900142,0,40,-40
116900143,158,290,-132
116900144,13,99,-86
116900145,49,189,-140
116900147,519,287,232
116900148,6,35,-29
116900149,50,200,-150
116900150,7,14,-7
116900151,24,20,4
116900153,61,75,-14
116900154,507,387,120
116900155,59,51,8
116900157,358,275,83
116900158,1615,241,1374
116900159,24,192,-168
116900160,878,324,554
116900161,5945,4082,1863
116900162,20,113,-93
116900163,86,127,-41
116900164,353,60,293
116900165,175,96,79
116900166,19,85,-66
116900167,308,50,258
116900168,289,67,222
116900169,464,276,188
116900170,171,366,-195
116900171,25,134,-109
116900172,166,224,-58
116900173,79,40,39
116900174,75,51,24
116900175,119,84,35
116900178,2,106,-104
116900179,84,211,-127
116900180,83,20,63
116900182,260,150,110
116900183,103,70,33
116900185,20,37,-17
116900186,75,276,-201
116900187,47,35,12
116900188,105,15,90
116900189,33,0,33
116900191,255,437,-182
116900192,130,77,53
116900194,131,907,-776
116900195,31,16,15
116900196,16,109,-93
116900197,75,6,69
116900198,178,157,21
116900200,42,20,22
116900201,43,8,35
116900202,76,56,20
116900203,81,4,77
116900204,45,77,-32
116900206,20,42,-22
116900207,38,40,-2
116900208,7,69,-62
116900209,94,90,4
116900210,308,197,111
116900211,117,3,114
116900212,29,73,-44
116900213,134,104,30
116900214,116,133,-17
116900215,30,54,-24
116900216,285,217,68
116900218,5,197,-192
116900219,1277,420,857
116900220,63,146,-83
116900221,71,269,-198
116900222,267,316,-49
116900223,60,181,-121
116900226,51,56,-5
116900227,119,55,64
116900228,316,208,108
116900230,57,283,-226
116900231,25,392,-367
116900232,11,381,-370
116900233,129,65,64
116900234,5,2,3
116900235,383,370,13
116900238,1587,386,1201
116900239,25,1474,-1449
116900240,5196,3372,1824
116900241,48,87,-39
116900242,908,289,619
116900243,0,29,-29
116900245,27,13,14
116900246,83,25,58
116900247,454,21,433
116900248,71,34,37
116900249,166,60,106
116900250,284,39,245
116900251,423,409,14
116900252,100,687,-587
116900254,19,61,-42
116900255,63,53,10
116900256,278,121,157
116900257,10,438,-428
116900258,6,298,-292
116900259,153,5,148
116900260,5,127,-122
116900261,42,2,40
116900262,159,171,-12
116900263,2,20,-18
116900264,72,40,32
116900265,26,0,26
116900266,22,32,-10
116900267,1,0,1
116900268,65,74,-9
116900269,254,473,-219
116900271,986,105,881
116900272,476,285,191
116900273,173,59,114
116900274,92,57,35
116900275,92,87,5
116900276,300,85,215
116900277,494,23,471
116900278,0,6,-6
116900279,0,15,-15
116900280,9,20,-11
116900281,5062,3072,1990
116900282,2,76,-74
116900283,15,87,-72
116900284,2,183,-181
116900285,190,133,57
116900286,185,30,155
116900287,2,43,-41
116900288,84,122,-38
116900289,12,11,1
116900290,7,39,-32
116900291,15,9,6
116900292,0,29,-29
116900293,24,59,-35
116900294,41,127,-86
116900295,274,23,251
116900296,134,34,100
116900297,5,83,-78
116900298,86,32,54
116900299,119,33,86
116900300,26,58,-32
116900301,78,110,-32
116900302,50,57,-7
116900303,298,90,208
116900304,0,99,-99
116900305,24,66,-42
116900306,188,133,55
116900307,57,0,57
116900308,0,102,-102
116900309,73,76,-3
116900310,32,54,-22
117000001,1638,1472,166
117000002,2115,4430,-2315
117000003,6112,2844,3268
117000004,3647,5078,-1431
117000005,2317,1651,666
117000006,1298,3670,-2372
117000007,2869,1195,1674
117000008,1092,3998,-2906
117000009,4051,1755,2296
117000010,2669,4196,-1527
117000011,1762,1639,123
117000012,1090,1404,-314
117000013,1736,931,805
117000014,1434,2353,-919
117000015,2774,1186,1588
117000016,415,69,346
117000017,507,101,406
117000018,177,415,-238
117000019,181,22,159
117000020,445,1019,-574
117000021,2167,603,1564
117000022,454,76,378
117000023,536,228,308
117000024,448,99,349
117000025,742,516,226
117000026,3206,898,2308
117000027,2075,2560,-485
117000028,3471,1175,2296
117000030,577,434,143
117000031,327,285,42
117000032,1748,1086,662
117000033,1093,706,387
117000034,393,304,89
117000035,350,302,48
117000036,384,275,109
117000037,313,187,126
117000038,225,542,-317
117000039,410,203,207
117000040,190,948,-758
117000041,699,208,491
117000044,21,797,-776
117000045,411,68,343
117000046,502,767,-265
117000047,808,530,278
117000048,1842,1236,606
117000049,71,515,-444
117000050,126,1868,-1742
117000051,1678,130,1548
117000052,32,345,-313
117000053,471,52,419
117000054,1399,9,1390
117000055,103,3045,-2942
117000056,524,20,504
117000057,589,2216,-1627
117000060,446,1450,-1004
117000061,1417,799,618
117000062,236,588,-352
117000063,1348,827,521
117000064,942,1044,-102
117000066,898,827,71
117000067,108,404,-296
117000074,153,342,-189
117000076,62,40,22
117000077,129,128,1
117000078,133,615,-482
117000079,313,203,110
117000080,1,358,-357
117000081,951,118,833
117000082,33,84,-51
117000083,443,336,107
117000084,288,5,283
117000085,175,517,-342
117000086,722,449,273
117000087,201,416,-215
117000088,224,187,37
117000089,1303,304,999
117000090,208,1287,-1079
117000091,657,264,393
117000092,384,1414,-1030
117000093,882,703,179
117000094,1168,3111,-1943
117000095,2824,820,2004
117000096,547,2639,-2092
117000097,1062,1190,-128
117000098,2534,4745,-2211
117000099,2393,1099,1294
117000100,104,200,-96
117000101,212,1207,-995
117000102,1148,591,557
117000103,650,1757,-1107
117000104,1000,605,395
117000105,866,1809,-943
117000106,898,855,43
117000107,582,1898,-1316
117000108,1239,807,432
117000109,1519,2277,-758
117000110,1082,711,371
117000111,3080,4161,-1081
117000112,2621,1597,1024
117000113,157,283,-126
117000114,214,140,74
117000115,117,164,-47
117000116,83,225,-142
117000117,1295,652,643
117000118,367,164,203
117000119,1286,154,1132
117000120,315,353,-38
117000121,164,974,-810
117000122,246,834,-588
117000123,1490,27,1463
117000124,778,48,730
117000125,391,77,314
117000126,76,21,55
117000127,148,255,-107
117000128,458,618,-160
117000129,511,517,-6
117000130,165,1,164
117000131,0,142,-142
117000132,2098,32,2066
117000133,951,74,877
117000134,3,63,-60
117000135,6,34,-28
117000136,2,32,-30
117000137,91,92,-1
117000138,3,424,-421
117000140,482,1740,-1258
117000141,1291,570,721
117000181,504,529,-25
117000182,348,301,47
117000195,156,1007,-851
117000196,229,77,152
117000225,273,16,257
117000226,21,156,-135
117000276,187,7,180
117000277,1,388,-387
117000310,1426,2268,-842
117000315,28,1198,-1170
117000320,94,1,93
117000906,261,15,246
117000907,3,279,-276
117000909,66,36,30
117000910,136,123,13
117000911,81,183,-102
117000915,4,517,-513
117000916,23,5,18
117000917,660,36,624
117000918,84,72,12
117000919,5,92,-87
117000920,4,1162,-1158
117000921,2,1411,-1409
117000922,60,88,-28
117000924,486,880,-394
117000926,826,76,750
117000927,1662,589,1073
117000928,0,136,-136
117000929,179,455,-276
117000930,145,23,122
117000931,447,140,307
117900002,112,335,-223
117900003,680,380,300
117900005,6,26,-20
117900006,1,23,-22
117900007,119,96,23
117900008,0,50,-50
117900010,617,98,519
117900011,62,44,18
117900012,56,77,-21
117900013,1,197,-196
117900014,759,203,556
117900015,27,80,-53
117900016,1094,518,576
117900017,574,407,167
117900018,196,72,124
117900019,259,301,-42
117900020,88,326,-238
117900021,31,48,-17
117900023,591,316,275
117900024,58,64,-6
117900025,38,16,22
117900026,368,306,62
117900028,86,5,81
117900029,168,809,-641
117900031,332,105,227
117900032,974,461,513
117900033,203,591,-388
117900034,121,46,75
117900035,311,85,226
117900036,214,404,-190
117900037,64,111,-47
117900038,15,390,-375
117900039,9,50,-41
117900040,100,408,-308
117900041,8,57,-49
117900042,3620,364,3256
117900043,42,44,-2
117900044,48,4091,-4043
117900045,98,94,4
117900048,220,357,-137
117900049,269,549,-280
117900050,5,32,-27
117900051,23,8,15
117900052,73,267,-194
117900053,1150,689,461
117900054,0,30,-30
117900055,133,316,-183
117900056,227,45,182
117900057,986,1238,-252
117900058,89,36,53
117900059,363,80,283
117900060,1227,4986,-3759
117900061,72,260,-188
117900063,286,186,100
117900065,605,1104,-499
117900066,5,33,-28
117900067,265,185,80
117900069,570,280,290
117900070,292,9,283
117900071,70,117,-47
117900073,327,308,19
117900074,362,23,339
117900075,50,75,-25
117900076,23,90,-67
117900077,245,123,122
117900078,264,513,-249
117900080,168,46,122
117900081,437,306,131
117900082,300,277,23
117900083,228,430,-202
117900086,143,34,109
117900087,140,34,106
117900088,3400,1858,1542
117900089,1427,613,814
117900090,488,509,-21
117900091,113,209,-96
117900092,52,26,26
117900093,51,55,-4
117900094,25,11,14
117900095,405,547,-142
117900096,49,181,-132
117900097,90,83,7
117900098,21,9,12
117900099,246,211,35
117900100,123,0,123
117900101,404,1407,-1003
117900102,35,41,-6
117900103,65,0,65
117900104,79,107,-28
117900105,124,196,-72
117900106,83,27,56
117900107,51,1,50
117900109,412,299,113
117900110,98,1,97
117900111,235,13,222
117900112,62,14,48
117900113,3331,1456,1875
117900114,21,0,21
117900115,285,40,245
117900116,849,841,8
117900117,357,345,12
117900118,42,0,42
117900119,132,247,-115
117900120,123,77,46
117900121,76,26,50
117900122,1042,2537,-1495
117900123,557,418,139
117900124,744,700,44
117900125,1565,1495,70
117900126,207,510,-303
117900127,372,436,-64
117900128,299,589,-290
117900129,58,0,58
117900130,793,385,408
117900131,0,106,-106
117900132,14,123,-109
117900133,12,115,-103
117900134,29,199,-170
117900135,30,192,-162
117900136,0,29,-29
117900137,21,306,-285
117900138,0,34,-34
117900139,89,111,-22
117900140,3614,38,3576
117900141,117,194,-77
117900142,487,25,462
117900144,69,69,0
117900145,46,25,21
117900146,216,96,120
117900147,51,35,16
117900148,2209,1124,1085
117900149,75,177,-102
117900150,43,28,15
117900151,52,68,-16
117900152,107,61,46
117900153,43,85,-42
117900154,318,600,-282
117900156,1001,804,197
117900157,132,501,-369
117900158,166,127,39
117900160,476,504,-28
117900161,2489,2162,327
117900162,489,454,35
117900163,248,69,179
117900165,0,14,-14
117900166,86,453,-367
117900168,99,121,-22
117900169,1,121,-120
117900170,0,21,-21
117900171,1,23,-22
117900172,19,37,-18
117900173,127,51,76
117900174,32,50,-18
117900175,3,43,-40
117900176,8,25,-17
117900177,12,56,-44
117900178,89,32,57
117900180,233,49,184
117900181,115,255,-140
117900182,3,38,-35
117900183,50,149,-99
117900184,14,47,-33
117900185,24,63,-39
117900186,27,9,18
117900187,7,3,4
117900188,164,40,124
117900189,62,47,15
117900190,21,2,19
117900191,53,2,51
117900192,152,0,152
117900193,1,58,-57
117900194,18,3,15
117900195,17,36,-19
117900196,12,32,-20
117900207,169,134,35
117900208,19,14,5
117900209,161,142,19
117900210,104,174,-70
117900211,7,127,-120
117900212,95,147,-52
117900213,38,32,6
117900214,5,10,-5
117900215,42,34,8
117900216,58,22,36
117900217,116,175,-59
117900218,186,175,11
117900219,11,72,-61
117900220,122,55,67
117900222,189,289,-100
117900223,143,267,-124
118000001,575,651,-76
118000002,1097,1804,-707
118000003,2277,2027,250
118000004,3603,2396,1207
118000005,4389,3923,466
118000006,6122,8354,-2232
118000007,5611,2401,3210
118000008,5667,2755,2912
118000009,2579,2540,39
118000010,4341,3408,933
118000011,1027,1923,-896
118000012,1006,1900,-894
118000013,2529,2194,335
118000014,2017,2377,-360
118000016,156,315,-159
118000017,258,395,-137
118000018,407,405,2
118000019,2265,1283,982
118000020,1388,2076,-688
118000021,812,1979,-1167
118000022,1721,682,1039
118000023,953,275,678
118000024,1359,891,468
118000027,13965,9029,4936
118000029,803,562,241
118000032,1628,2831,-1203
118000033,2907,3645,-738
118000034,5087,1998,3089
118000035,1538,2129,-591
118000036,1269,908,361
118000037,664,783,-119
118000038,147,64,83
118000039,105,246,-141
118000040,1490,1209,281
118000041,1862,1347,515
118000045,851,122,729
118000046,1510,311,1199
118000047,1312,524,788
118000048,3123,1325,1798
118000051,1881,487,1394
118000052,1209,418,791
118000053,435,293,142
118000054,1260,959,301
118000055,867,1219,-352
118000056,294,209,85
118000057,176,271,-95
118000058,2951,835,2116
118000059,1914,613,1301
118000060,904,499,405
118000061,1135,1041,94
118000062,540,204,336
118000063,380,367,13
118000064,664,959,-295
118000065,3885,1432,2453
118000066,504,1010,-506
118000067,1263,699,564
118000068,1439,3471,-2032
118000069,3024,963,2061
118000070,4924,1316,3608
118000071,2692,4710,-2018
118000072,1922,928,994
118000073,3014,444,2570
118000074,763,508,255
118000075,1044,232,812
118000076,1140,1478,-338
118000077,1290,1168,122
118000078,1702,1632,70
118000079,192,324,-132
118000080,1205,846,359
118000081,1771,991,780
118000082,296,985,-689
118000083,1359,1529,-170
118000084,2765,1439,1326
118000086,263,496,-233
118000087,4203,2271,1932
118000088,1489,1386,103
118000089,2846,1813,1033
118000090,1434,2274,-840
118000091,863,1810,-947
118000092,1127,374,753
118000093,93,631,-538
118000096,459,579,-120
118000097,823,542,281
118000098,294,171,123
118000099,432,643,-211
118000101,887,302,585
118000102,297,1175,-878
118000107,1773,421,1352
118000108,473,1610,-1137
118000110,2,17,-15
118000111,0,423,-423
118000112,419,6,413
118000113,6,694,-688
118000114,340,15,325
118000115,18,23,-5
118000116,68,1,67
118000117,1159,705,454
118000118,699,675,24
118000119,759,968,-209
118000120,1510,1132,378
118000121,177,658,-481
118000122,1450,365,1085
118000123,53,281,-228
118000125,1653,787,866
118000126,878,1300,-422
118000127,1334,473,861
118000128,613,1038,-425
118000129,928,305,623
118000130,2554,3535,-981
118000131,775,729,46
118000132,2046,1449,597
118000133,854,338,516
118000135,472,348,124
118000136,90,435,-345
118000137,719,79,640
118000138,327,572,-245
118000139,299,86,213
118000140,1901,3475,-1574
118000141,1473,1802,-329
118000142,1325,1714,-389
118000143,1678,1077,601
118000144,1024,817,207
118000145,1983,2159,-176
118000146,1010,1021,-11
118000147,850,1615,-765
118000148,544,1126,-582
118000149,730,932,-202
118000150,247,406,-159
118000151,350,301,49
118000153,992,1053,-61
118000154,1355,1542,-187
118000155,820,1181,-361
118000156,1918,1935,-17
118000157,511,401,110
118000158,212,398,-186
118000159,20,86,-66
118000160,385,396,-11
118000161,335,708,-373
118000162,1379,912,467
118000163,639,749,-110
118000164,1866,1332,534
118000168,857,272,585
118000169,964,1066,-102
118000170,3432,4769,-1337
118000171,241,535,-294
118000172,116,234,-118
118000173,879,1034,-155
118000175,250,336,-86
118000176,200,324,-124
118000177,185,410,-225
118000178,59,31,28
118000179,1346,773,573
118000180,639,671,-32
118000181,737,270,467
118000182,248,218,30
118000183,191,231,-40
118000184,622,740,-118
118000185,986,800,186
118000186,611,759,-148
118000187,945,714,231
118000188,481,146,335
118000189,392,585,-193
118000190,16,7,9
118000191,22,23,-1
118000192,180,94,86
118000193,110,312,-202
118000194,1621,888,733
118000195,563,651,-88
118000196,390,115,275
118000197,551,163,388
118000198,784,456,328
118000199,1190,333,857
118000200,44,125,-81
118000201,437,364,73
118000202,15,43,-28
118000203,1118,386,732
118000204,208,263,-55
118000205,675,343,332
118000206,147,204,-57
118000207,0,72,-72
118000208,910,1248,-338
118000209,1587,1962,-375
118000210,39,59,-20
118000211,14,30,-16
118000213,753,676,77
118000214,444,477,-33
118000215,158,226,-68
118000216,921,2482,-1561
118000217,29,117,-88
118000218,56,73,-17
118000219,330,269,61
118000220,5,34,-29
118000221,115,234,-119
118000222,28,13,15
118000223,33,48,-15
118000224,152,114,38
118000225,85,592,-507
118000226,1025,105,920
118000227,712,371,341
118000228,110,172,-62
118000229,147,33,114
118000230,87,169,-82
118000231,64,202,-138
118000232,462,797,-335
118000233,739,669,70
118000234,302,160,142
118000236,251,237,14
118000237,60,346,-286
118000238,185,156,29
118000239,243,227,16
118000240,322,113,209
118000241,68,134,-66
118000242,212,509,-297
118000243,140,166,-26
118000244,35,105,-70
118000246,37,10,27
118000255,46,186,-140
118000256,66,182,-116
118000259,9,22,-13
118000260,135,66,69
118000261,39,48,-9
118000263,74,148,-74
118000266,699,298,401
118000267,0,97,-97
118000268,281,4,277
118000270,104,17,87
118000271,158,331,-173
118000272,114,33,81
118000273,101,59,42
118000274,110,225,-115
118000276,255,250,5
118000295,6,67,-61
118000298,116,373,-257
118000299,87,195,-108
118000301,0,36,-36
118000302,54,63,-9
118000311,258,87,171
118000312,210,154,56
118000313,32,133,-101
118000314,52,61,-9
118000315,18,76,-58
118000316,503,476,27
118000325,62,70,-8
118000326,18,30,-12
118000331,37,46,-9
118000332,7,34,-27
118000333,20,61,-41
118000335,238,0,238
118000336,0,231,-231
118000407,83,60,23
118000457,5,28,-23
118000465,3530,3564,-34
118000480,18,89,-71
118000489,75,203,-128
118000490,55,222,-167
118000492,218,191,27
118000510,66,16,50
118000514,128,226,-98
118000515,538,586,-48
118000517,336,221,115
118000524,409,183,226
118000525,722,642,80
118000530,25,78,-53
118000531,216,281,-65
118000532,222,287,-65
118000533,323,120,203
118000534,491,298,193
118000535,185,160,25
118000536,724,977,-253
118000537,27,86,-59
118000538,40,44,-4
118000539,36,86,-50
118000540,209,87,122
118000541,142,48,94
118000542,70,105,-35
118000543,97,114,-17
118000546,34,17,17
118000553,0,0,0
118000560,2299,1352,947
118000562,10,142,-132
118000563,1503,1174,329
118000576,229,116,113
118000577,271,319,-48
118000578,117,73,44
118000579,588,787,-199
118000583,0,0,0
118000595,181,86,95
118000596,0,44,-44
118000597,189,163,26
118000598,1,0,1
118000599,48,41,7
118000600,1,4,-3
118000601,1,0,1
118000602,1,7,-6
118000603,0,48,-48
118000605,60,293,-233
118000606,14,33,-19
118900001,543,836,-293
118900002,777,671,106
118900003,160,10,150
118900004,46,46,0
118900005,61,10,51
118900006,97,4,93
118900007,3,0,3
118900008,1232,41,1191
118900009,40,14,26
118900010,53,6,47
118900011,106,32,74
118900012,346,190,156
118900013,333,79,254
118900015,99,29,70
118900016,1,11,-10
118900017,299,292,7
118900018,548,26,522
118900019,33,13,20
118900020,249,112,137
118900021,139,253,-114
118900022,120,77,43
118900023,103,107,-4
118900024,56,76,-20
118900025,37,20,17
118900026,48,71,-23
118900027,312,241,71
118900028,94,135,-41
118900029,278,171,107
118900030,150,33,117
118900031,114,99,15
118900032,142,160,-18
118900033,356,289,67
118900034,113,19,94
118900035,107,176,-69
118900036,812,625,187
118900037,474,225,249
118900038,276,180,96
118900039,278,153,125
118900040,120,145,-25
118900041,469,226,243
118900042,205,88,117
118900045,265,142,123
118900046,811,277,534
118900047,560,208,352
118900048,166,135,31
118900049,48,22,26
118900050,14,108,-94
118900051,155,109,46
118900052,226,160,66
118900053,37,71,-34
118900054,107,53,54
118900055,34,78,-44
118900056,97,263,-166
118900057,469,369,100
118900058,313,221,92
118900059,12,82,-70
118900060,156,123,33
118900062,330,128,202
118900064,545,404,141
118900065,16,115,-99
118900066,84,82,2
118900067,3664,2515,1149
118900068,4,191,-187
118900069,247,215,32
118900071,1,57,-56
118900072,334,316,18
118900073,68,80,-12
118900074,81,139,-58
118900075,28,71,-43
118900076,134,82,52
118900077,119,140,-21
118900078,53,6,47
118900079,34,141,-107
118900080,18,107,-89
118900081,82,32,50
118900082,433,106,327
118900083,20,5,15
118900084,16,19,-3
118900085,525,855,-330
118900086,30,74,-44
118900087,14,126,-112
118900088,1,11,-10
118900089,20,15,5
118900090,314,371,-57
118900091,128,114,14
118900092,59,43,16
118900093,93,16,77
118900096,146,107,39
118900097,172,488,-316
118900099,51,190,-139
118900100,91,203,-112
118900101,32,324,-292
118900102,9,50,-41
118900103,8,38,-30
118900104,111,104,7
118900105,145,73,72
118900107,107,50,57
118900108,79,68,11
118900110,966,372,594
118900111,246,374,-128
118900112,45,154,-109
118900113,174,344,-170
118900114,33,53,-20
118900115,86,242,-156
118900116,114,158,-44
118900117,75,118,-43
118900118,206,330,-124
118900119,94,228,-134
118900120,70,322,-252
118900121,17,186,-169
118900122,15,611,-596
118900123,85,187,-102
118900124,36,152,-116
118900126,18,253,-235
118900129,222,166,56
118900130,77,161,-84
118900131,105,231,-126
118900132,284,123,161
118900133,14,75,-61
118900135,151,174,-23
118900136,110,387,-277
118900137,11,29,-18
118900139,185,336,-151
118900140,267,498,-231
118900141,55,143,-88
118900144,97,398,-301
118900145,20,129,-109
118900146,178,506,-328
118900147,168,113,55
118900148,40,27,13
118900150,403,533,-130
118900152,376,693,-317
118900157,60,150,-90
118900158,37,64,-27
118900159,0,138,-138
118900161,57,1,56
118900163,157,69,88
118900164,10,85,-75
118900165,22,122,-100
118900166,13,1,12
118900167,52,81,-29
118900168,73,72,1
118900169,43,249,-206
118900170,87,63,24
118900171,11,33,-22
118900174,39,39,0
118900175,251,394,-143
118900176,107,211,-104
118900177,15,57,-42
118900178,43,183,-140
118900179,20,24,-4
118900181,54,92,-38
118900182,61,34,27
118900183,13,88,-75
118900184,230,43,187
118900185,91,132,-41
118900186,89,97,-8
118900187,147,237,-90
118900188,220,217,3
118900189,21,524,-503
118900190,1,272,-271
118900191,104,44,60
118900192,135,25,110
118900193,347,12,335
118900195,271,498,-227
118900196,41,112,-71
118900197,86,38,48
118900198,12,13,-1
118900199,28,20,8
118900200,19,9,10
118900201,20,15,5
118900202,11,60,-49
118900203,6,23,-17
118900204,5,18,-13
118900205,3,16,-13
118900206,1,18,-17
119000001,1337,1146,191
119000002,3034,2140,894
119000003,1674,1078,596
119000004,1772,1161,611
119000005,1334,1619,-285
119000006,2056,1508,548
119000007,2510,2825,-315
119000008,1801,1690,111
119000009,3068,3334,-266
119000010,6198,4003,2195
119000011,3067,1979,1088
119000012,2452,2739,-287
119000013,1794,1231,563
119000014,2059,2862,-803
119000019,210,143,67
119000020,1709,973,736
119000021,3132,1939,1193
119000022,2101,1809,292
119000023,351,195,156
119000024,1369,7079,-5710
119000025,6936,1040,5896
119000026,100,257,-157
119000027,259,353,-94
119000028,1848,946,902
119000029,72,266,-194
119000030,453,899,-446
119000031,750,600,150
119000032,1652,2194,-542
119000033,1939,1250,689
119000034,984,990,-6
119000035,24,258,-234
119000036,1357,832,525
119000037,850,1687,-837
119000038,117,789,-672
119000039,227,252,-25
119000040,720,367,353
119000041,749,1073,-324
119000048,2887,3018,-131
119000049,1517,2465,-948
119000050,1476,1912,-436
119000051,1597,941,656
119000052,1698,2736,-1038
119000053,1534,888,646
119000054,2495,3442,-947
119000055,3214,3142,72
119000056,1726,1874,-148
119000057,1216,1961,-745
119000058,1476,1719,-243
119000059,1071,1385,-314
119000060,1030,932,98
119000061,768,729,39
119000062,1023,1191,-168
119000063,355,368,-13
119000064,1167,1392,-225
119000065,1864,2988,-1124
119000066,1865,962,903
119000067,1728,2040,-312
119000068,1283,979,304
119000069,1220,2161,-941
119000070,1707,1031,676
119000071,407,549,-142
119000072,5140,2728,2412
119000073,3757,5238,-1481
119000074,1098,3002,-1904
119000075,1423,2290,-867
119000076,416,660,-244
119000077,630,357,273
119000078,409,258,151
119000079,155,512,-357
119000080,331,162,169
119000081,249,310,-61
119000082,571,210,361
119000083,397,328,69
119000084,289,412,-123
119000085,429,227,202
119000086,189,416,-227
119000087,1443,830,613
119000088,257,244,13
119000089,53,145,-92
119000090,165,142,23
119000091,92,292,-200
119000092,407,143,264
119000093,3350,2520,830
119000094,2275,5043,-2768
119000095,1173,2154,-981
119000097,2039,1371,668
119000098,692,1922,-1230
119000099,2036,1701,335
119000100,2484,2397,87
119000101,3241,1480,1761
119000102,840,702,138
119000103,1514,301,1213
119000104,2251,1081,1170
119000105,751,1331,-580
119000106,292,1382,-1090
119000107,573,431,142
119000108,468,956,-488
119000109,99,267,-168
119000110,581,316,265
119000111,99,449,-350
119000112,219,73,146
119000113,2152,216,1936
119000114,577,674,-97
119000115,113,115,-2
119000116,102,77,25
119000117,88,285,-197
119000118,1,1,0
119000123,4068,637,3431
119000124,641,193,448
119000125,2609,770,1839
119000126,815,769,46
119000127,452,594,-142
119000128,24,4,20
119000131,760,812,-52
119000132,3,1,2
119000133,0,1,-1
119000134,1967,510,1457
119000135,99,154,-55
119000136,149,204,-55
119000137,150,413,-263
119000138,239,302,-63
119000139,193,207,-14
119000140,121,261,-140
119000284,1378,2788,-1410
119000285,2080,1994,86
119000286,7210,5382,1828
119000287,1119,2071,-952
119000288,1902,1309,593
119000289,2217,2946,-729
119000290,161,380,-219
119000291,3,254,-251
119000293,86,128,-42
119000294,42,28,14
119000295,1293,328,965
119000296,180,125,55
119000302,2777,1343,1434
119000303,67,127,-60
119000314,1226,6659,-5433
119000315,1,450,-449
119000316,93,120,-27
119000317,77,340,-263
119000319,420,283,137
119900001,164,1018,-854
119900002,141,226,-85
119900003,43,973,-930
119900004,352,590,-238
119900005,91,118,-27
119900006,125,347,-222
119900007,1101,188,913
119900008,61,32,29
119900009,438,569,-131
119900010,1039,763,276
119900011,23,57,-34
119900012,23,50,-27
119900013,1442,890,552
119900014,520,219,301
119900015,57,22,35
119900016,24,64,-40
119900017,22,45,-23
119900018,2011,590,1421
119900019,30,7,23
119900020,138,186,-48
119900021,84,66,18
119900022,96,357,-261
119900023,604,1010,-406
119900025,94,19,75
119900026,629,129,500
119900027,71,27,44
119900028,311,89,222
119900029,1,5,-4
119900030,357,460,-103
119900031,67,248,-181
119900033,1727,167,1560
119900034,231,112,119
119900037,146,32,114
119900038,28,166,-138
119900039,43,4,39
119900040,303,17,286
119900041,64,23,41
119900042,84,121,-37
119900043,49,134,-85
119900044,164,493,-329
119900046,63,40,23
119900047,195,38,157
119900049,114,10,104
119900050,71,66,5
119900051,654,14,640
119900052,28,41,-13
119900053,119,142,-23
119900054,83,6,77
119900055,958,316,642
119900057,124,51,73
119900058,115,2,113
119900059,112,48,64
119900060,150,8,142
119900061,150,3,147
119900062,36,24,12
119900063,18,48,-30
119900065,190,3,187
119900067,58,20,38
119900068,337,2,335
119900069,45,15,30
119900070,534,5,529
119900071,388,17,371
119900073,1517,511,1006
119900074,70,23,47
119900075,4495,1968,2527
119900076,67,73,-6
119900077,507,947,-440
119900078,411,756,-345
119900079,151,201,-50
119900080,428,300,128
119900081,393,42,351
119900082,667,28,639
119900083,284,111,173
119900084,549,238,311
119900085,65,60,5
119900086,294,1182,-888
119900087,553,189,364
119900088,23,35,-12
119900089,13,486,-473
119900090,131,40,91
119900091,61,940,-879
119900092,92,304,-212
119900093,767,266,501
119900094,38,194,-156
119900095,156,111,45
119900096,36,77,-41
119900097,551,135,416
119900098,24,38,-14
119900099,24,153,-129
119900100,2276,1761,515
119900101,247,649,-402
119900102,25,216,-191
119900103,16,231,-215
119900104,22,131,-109
119900105,620,1019,-399
119900106,9,156,-147
119900107,301,2678,-2377
119900108,1582,596,986
119900109,64,181,-117
119900110,400,484,-84
119900111,142,595,-453
119900112,1828,451,1377
119900113,73,293,-220
119900114,143,1176,-1033
119900115,172,1178,-1006
119900116,114,304,-190
119900117,201,598,-397
119900118,38,1004,-966
119900119,171,188,-17
119900120,388,503,-115
119900121,329,1095,-766
119900122,544,311,233
119900123,191,300,-109
119900124,155,773,-618
119900125,55,229,-174
119900126,3361,183,3178
119900127,2444,976,1468
119900128,341,610,-269
119900129,218,551,-333
119900130,43,205,-162
119900131,33,264,-231
119900132,6,234,-228
119900133,30,65,-35
119900134,1697,191,1506
119900135,1,344,-343
119900136,116,272,-156
119900138,328,380,-52
119900139,16,95,-79
119900140,2,90,-88
119900141,97,470,-373
119900142,1,19,-18
119900143,11,187,-176
119900144,1453,215,1238
119900145,89,193,-104
119900146,193,145,48
119900147,2,112,-110
119900148,123,35,88
119900149,1048,2627,-1579
119900150,166,164,2
119900151,1199,500,699
119900152,56,305,-249
119900153,129,72,57
119900154,16,722,-706
119900155,39,51,-12
119900156,7,7,0
119900157,119,191,-72
119900158,98,99,-1
119900159,8,1393,-1385
119900160,9,145,-136
119900161,198,142,56
119900162,541,633,-92
119900163,88,121,-33
119900164,1,3,-2
119900165,110,249,-139
119900166,47,27,20
119900167,107,81,26
119900168,658,363,295
119900169,49,182,-133
119900170,139,213,-74
119900171,887,369,518
119900172,89,14,75
119900173,7,438,-431
119900174,2,147,-145
119900175,811,603,208
119900177,21,167,-146
119900178,1,105,-104
119900179,56,259,-203
119900180,732,780,-48
119900181,32,80,-48
119900182,0,298,-298
119900183,132,680,-548
119900184,1937,458,1479
119900185,36,114,-78
119900186,53,513,-460
119900187,3,303,-300
119900188,49,371,-322
119900189,449,348,101
119900190,47,202,-155
119900191,280,106,174
119900192,27,129,-102
119900193,195,136,59
119900194,6,46,-40
119900195,14,139,-125
119900196,1031,356,675
119900197,97,129,-32
119900198,177,265,-88
119900199,120,22,98
119900200,441,538,-97
119900201,303,141,162
119900202,116,125,-9
119900203,108,403,-295
119900204,148,254,-106
119900205,476,561,-85
119900206,124,127,-3
119900208,180,138,42
119900209,326,780,-454
119900210,21,37,-16
119900211,78,14,64
119900212,317,620,-303
119900213,3,69,-66
119900214,19,94,-75
119900215,31,58,-27
119900216,12,44,-32
119900217,9,55,-46
119900218,17,70,-53
119900219,4,101,-97
119900220,8,94,-86
119900221,5,253,-248
119900222,10,146,-136
119900223,14,66,-52
119900224,9,30,-21
119900225,748,37,711
119900226,471,1200,-729
119900227,799,194,605
119900228,96,209,-113
119900229,289,317,-28
119900230,1363,537,826
119900231,140,176,-36
119900232,128,66,62
119900233,60,3,57
119900234,17,27,-10
119900235,7,30,-23
119900236,20,150,-130
119900237,59,295,-236
119900238,2,63,-61
119900240,52,110,-58
119900241,134,181,-47
119900242,982,1229,-247
119900244,524,1272,-748
119900245,91,135,-44
119900246,204,439,-235
119900247,12,59,-47
119900248,43,130,-87
119900249,149,54,95
119900253,2563,335,2228
119900254,85,440,-355
119900255,65,359,-294
119900256,381,823,-442
119900257,62,0,62
119900258,77,1,76
119900259,11,101,-90
119900260,65,6,59
119900261,230,151,79
119900262,1,279,-278
119900263,977,400,577
119900264,68,189,-121
119900265,424,366,58
119900266,200,220,-20
119900267,146,363,-217
119900268,93,154,-61
119900269,867,1143,-276
119900271,17,73,-56
119900272,241,64,177
119900275,70,8,62
119900276,25,2,23
119900277,12,0,12
119900278,137,54,83
119900279,100,240,-140
119900280,752,192,560
119900281,5,184,-179
119900282,32,45,-13
119900283,9,291,-282
119900284,29,139,-110
119900285,39,66,-27
119900286,4,37,-33
119900288,1,36,-35
119900289,0,36,-36
119900290,0,20,-20
119900291,0,42,-42
119900292,25,47,-22
119900293,28,83,-55
119900294,87,81,6
119900295,16,53,-37
119900296,23,246,-223
119900297,0,15,-15
119900298,1,7,-6
119900299,28,247,-219
119900300,178,160,18
119900301,65,27,38
119900302,36,43,-7
119900303,141,125,16
119900304,127,19,108
119900305,8,114,-106
119900306,21,0,21
119900307,17,69,-52
119900308,1,13,-12
119900309,30,82,-52
119900310,254,260,-6
119900311,38,100,-62
119900312,61,59,2
119900313,212,310,-98
119900314,92,241,-149
119900315,1003,1994,-991
119900318,12,23,-11
119900319,0,237,-237
119900320,82,492,-410
119900321,37,0,37
120000001,5368,10126,-4758
120000002,2349,2777,-428
120000003,3441,1749,1692
120000004,2643,2327,316
120000005,4289,1929,2360
120000006,1127,1525,-398
120000007,3833,3022,811
120000008,984,1381,-397
120000009,3792,1001,2791
120000010,1695,2565,-870
120000011,984,2018,-1034
120000012,1416,2491,-1075
120000013,2365,2424,-59
120000014,600,1339,-739
120000015,2199,1507,692
120000016,2916,2138,778
120000017,2716,2077,639
120000018,3466,8236,-4770
120000019,829,1205,-376
120000020,2875,2747,128
120000021,1535,1918,-383
120000022,2247,3462,-1215
120000023,826,1501,-675
120000024,1151,2348,-1197
120000025,2043,2175,-132
120000026,1274,1763,-489
120000027,1433,1801,-368
120000028,597,475,122
120000029,2596,524,2072
120000030,449,786,-337
120000031,1547,4802,-3255
120000032,7711,4138,3573
120000033,4776,2016,2760
120000034,1575,2026,-451
120000035,1544,2085,-541
120000036,2525,4684,-2159
120000037,649,1160,-511
120000038,6697,3109,3588
120000039,536,950,-414
120000040,152,198,-46
120000041,1581,1287,294
120000042,1833,2687,-854
120000043,4088,1845,2243
120000044,4161,1576,2585
120000045,4399,1084,3315
120000046,2318,2164,154
120000047,1294,4135,-2841
120000048,6145,3589,2556
120000049,2679,2661,18
120000050,3692,4030,-338
120000051,2758,3715,-957
120000052,9721,2323,7398
120000053,1170,3082,-1912
120000054,1214,4691,-3477
120000055,1878,5320,-3442
120000056,3208,3502,-294
120000057,2324,611,1713
120000058,2967,362,2605
120000059,81,1508,-1427
120000061,175,610,-435
120000062,180,347,-167
120000063,1891,2383,-492
120000064,234,1382,-1148
120000065,601,1655,-1054
120000066,328,455,-127
120000067,68,506,-438
120000068,187,973,-786
120000069,596,1109,-513
120000070,49,850,-801
120000071,315,226,89
120000072,501,548,-47
120000073,596,102,494
120000074,128,106,22
120000075,634,276,358
120000076,1444,448,996
120000077,1510,695,815
120000078,2646,1102,1544
120000079,420,451,-31
120000080,227,323,-96
120000081,287,215,72
120000082,270,266,4
120000083,154,553,-399
120000084,364,346,18
120000085,199,298,-99
120000086,256,591,-335
120000087,203,664,-461
120000088,702,1271,-569
120000089,930,612,318
120000090,586,529,57
120000091,676,936,-260
120000092,1009,699,310
120000093,267,479,-212
120000094,121,708,-587
120000095,937,515,422
120000096,251,845,-594
120000098,503,733,-230
120000099,306,819,-513
120000100,600,1143,-543
120000101,680,625,55
120000102,499,722,-223
120000103,1131,736,395
120000104,1264,427,837
120000105,2134,678,1456
120000106,1666,635,1031
120000107,2662,606,2056
120000108,1059,157,902
120000109,936,52,884
120000110,100,1106,-1006
120000111,144,1331,-1187
120000112,1078,3600,-2522
120000113,773,2520,-1747
120000114,1178,3311,-2133
120000115,346,2772,-2426
120000116,765,2166,-1401
120000117,1276,1538,-262
120000118,34,27,7
120000119,45,130,-85
120000120,45,46,-1
120000121,106,89,17
120000122,222,352,-130
120000123,4996,3953,1043
120000124,393,351,42
120000125,394,693,-299
120000126,308,515,-207
120000127,2322,773,1549
120000128,3348,2760,588
120000129,348,339,9
120000130,841,731,110
120000131,273,583,-310
120000134,414,1079,-665
120000135,275,372,-97
120000137,185,1450,-1265
120000138,503,456,47
120000139,252,739,-487
120000140,550,491,59
120000141,284,528,-244
120000142,504,618,-114
120000143,1,91,-90
120000144,70,4,66
120000145,289,2,287
120000146,1636,806,830
120000149,684,1077,-393
120000150,3128,8861,-5733
120000151,418,478,-60
120000152,401,184,217
120000153,102,516,-414
120000154,499,385,114
120000155,193,367,-174
120000156,2016,673,1343
120000157,790,608,182
120000158,704,866,-162
120000159,2077,2555,-478
120000160,2030,1388,642
120000161,1655,2260,-605
120000162,132,270,-138
120000163,514,1416,-902
120000164,344,449,-105
120000165,398,853,-455
120000166,929,508,421
120000167,41,56,-15
120000168,4,151,-147
120000169,36,495,-459
120000170,40,376,-336
120000171,5,87,-82
120000172,25,94,-69
120000173,2608,545,2063
120000174,422,19,403
120000175,414,28,386
120000176,353,26,327
120000177,1076,128,948
120000178,89,8,81
120000179,265,29,236
120000180,484,64,420
120000181,85,385,-300
120000182,48,233,-185
120000183,11,202,-191
120000184,113,663,-550
120000186,91,145,-54
120000187,62,93,-31
120000188,146,129,17
120000190,903,33,870
120000191,1181,24,1157
120000192,795,15,780
120000193,278,11,267
120000195,36,7,29
120000196,246,34,212
120000197,80,96,-16
120000198,107,97,10
120000199,58,1,57
120000200,78,0,78
120000201,5,16,-11
120000202,4,48,-44
120000203,27,207,-180
120000207,1,84,-83
120000208,17,273,-256
120000209,8,82,-74
120000210,134,73,61
120000211,80,2,78
120000212,86,1,85
120000213,82,376,-294
120000214,2,408,-406
120000215,5,150,-145
120000216,52,7,45
120000217,599,1025,-426
120000218,197,822,-625
120000219,9,551,-542
120000220,9,1771,-1762
120000225,1300,1,1299
120000226,314,6,308
120000227,607,49,558
120000228,5748,2187,3561
120000230,288,8,280
120000231,934,2237,-1303
120000233,210,11,199
120000235,231,704,-473
120000236,833,31,802
120000237,3,1374,-1371
120000238,0,272,-272
120000241,1034,2940,-1906
120000412,299,15,284
120000413,131,212,-81
120000414,52,0,52
120000415,1,141,-140
120000416,46,3,43
120000417,3,50,-47
120000418,48,8,40
120000419,4,292,-288
120000420,537,86,451
120000421,10267,5512,4755
120000422,118,609,-491
120000423,2,46,-44
120000424,54,141,-87
120000436,100,492,-392
120000437,198,167,31
120000438,4134,373,3761
120000439,121,405,-284
120000443,140,0,140
120000444,1438,517,921
120000445,1469,1150,319
120000446,747,329,418
120000447,147,1,146
120000449,29,2,27
120000450,1,178,-177
120000451,93,179,-86
120000452,71,3,68
120000453,0,273,-273
120000454,95,58,37
120000455,111,58,53
120000456,2314,2814,-500
120000457,994,628,366
120000458,641,794,-153
120000459,52,68,-16
120000665,914,202,712
120000668,105,248,-143
120000669,23,206,-183
120000670,217,258,-41
120000671,862,414,448
120000672,115,665,-550
120900001,42,89,-47
120900002,228,222,6
120900003,321,26,295
120900004,10,60,-50
120900005,6,1752,-1746
120900006,377,166,211
120900007,112,130,-18
120900008,139,1347,-1208
120900009,753,51,702
120900010,331,115,216
120900011,346,190,156
120900012,457,813,-356
120900013,268,64,204
120900014,1,470,-469
120900015,773,79,694
120900016,602,42,560
120900017,2597,78,2519
120900018,72,471,-399
120900019,428,253,175
120900020,908,983,-75
120900021,466,118,348
120900022,42,255,-213
120900023,178,29,149
120900024,1593,502,1091
120900025,1766,1014,752
120900026,164,171,-7
120900027,840,40,800
120900028,265,78,187
120900029,222,410,-188
120900030,880,558,322
120900031,167,98,69
120900032,756,103,653
120900033,876,65,811
120900034,22,1926,-1904
120900035,20,45,-25
120900037,233,7,226
120900038,42,261,-219
120900039,59,38,21
120900040,179,5,174
120900041,154,25,129
120900042,423,49,374
120900043,50,17,33
120900044,13,286,-273
120900045,147,97,50
120900046,337,6,331
120900047,153,69,84
120900048,136,15,121
120900049,261,1,260
120900050,2181,1076,1105
120900051,246,129,117
120900052,387,9,378
120900053,192,103,89
120900054,1759,489,1270
120900055,324,3,321
120900056,364,11,353
120900057,113,16,97
120900058,367,1,366
120900059,62,5,57
120900060,41,32,9
120900061,259,184,75
120900062,213,1,212
120900063,397,4,393
120900064,356,2,354
120900065,293,1,292
120900066,141,218,-77
120900067,112,42,70
120900068,194,0,194
120900069,142,53,89
120900071,10,0,10
120900072,512,3,509
120900073,375,103,272
120900074,352,3,349
120900076,302,1,301
120900077,2662,304,2358
120900078,526,1324,-798
120900079,514,179,335
120900080,605,2140,-1535
120900081,818,137,681
120900082,513,415,98
120900083,58,1,57
120900084,189,298,-109
120900085,129,111,18
120900086,144,249,-105
120900087,306,250,56
120900088,111,262,-151
120900089,3676,1941,1735
120900090,117,179,-62
120900091,645,650,-5
120900092,1728,694,1034
120900093,2411,204,2207
120900094,523,171,352
120900095,289,15,274
120900096,32,174,-142
120900097,623,762,-139
120900098,378,184,194
120900099,40,50,-10
120900100,82,345,-263
120900101,960,298,662
120900102,14,80,-66
120900103,57,200,-143
120900104,12,49,-37
120900105,39,649,-610
120900106,1485,573,912
120900107,237,147,90
120900108,2,773,-771
120900109,66,705,-639
120900110,54,746,-692
120900111,198,396,-198
120900112,13,1080,-1067
120900113,17,916,-899
120900114,52,155,-103
120900115,120,186,-66
120900116,218,503,-285
120900117,2,581,-579
120900118,6,798,-792
120900119,2956,5193,-2237
120900120,50,665,-615
120900121,108,541,-433
120900122,226,555,-329
120900123,3,411,-408
120900124,3,735,-732
120900125,21,838,-817
120900126,1912,1299,613
120900127,8,451,-443
120900128,1432,1482,-50
120900129,70,338,-268
120900130,1,204,-203
120900131,50,102,-52
120900132,656,290,366
120900133,183,957,-774
120900134,1072,482,590
120900135,6,664,-658
120900136,54,239,-185
120900137,131,73,58
120900138,35,231,-196
120900139,3,757,-754
120900140,2,45,-43
120900141,115,131,-16
120900142,16,588,-572
120900143,0,939,-939
120900144,0,145,-145
120900145,195,1016,-821
120900146,2,1081,-1079
120900147,29,575,-546
120900148,80,106,-26
120900149,1,375,-374
120900150,44,698,-654
120900151,36,623,-587
120900152,65,49,16
120900153,11,76,-65
120900154,4,299,-295
120900155,141,1240,-1099
120900156,115,405,-290
120900157,52,259,-207
120900158,86,614,-528
120900159,155,393,-238
120900160,32,756,-724
120900161,49,432,-383
120900162,30,529,-499
120900163,30,357,-327
120900164,4,6,-2
120900165,23,16,7
120900166,86,167,-81
120900167,280,152,128
120900169,76,321,-245
120900170,1665,2097,-432
120900171,1020,324,696
120900172,1097,533,564
120900173,19,77,-58
120900174,7,74,-67
120900175,267,101,166
120900176,13,240,-227
120900177,1,881,-880
120900178,1,257,-256
120900179,1331,589,742
120900180,81,116,-35
120900181,425,47,378
120900182,35,289,-254
120900183,358,70,288
120900184,158,39,119
120900185,5,299,-294
120900186,1,540,-539
120900187,232,752,-520
120900188,142,16,126
120900189,90,826,-736
120900190,52,10,42
120900191,4,22,-18
120900192,11312,5056,6256
120900194,37,68,-31
120900195,100,246,-146
120900196,715,42,673
120900197,456,102,354
120900198,285,618,-333
120900199,221,285,-64
120900200,53,89,-36
120900201,567,168,399
120900202,0,151,-151
120900203,36,78,-42
120900204,169,290,-121
120900205,19,50,-31
120900206,7,16,-9
120900207,67,1313,-1246
121000001,781,853,-72
121000002,2004,1390,614
121000003,2513,1570,943
121000004,2070,3800,-1730
121000005,1746,2233,-487
121000006,2641,1338,1303
121000007,2435,2481,-46
121000008,5743,2833,2910
121000009,4410,4321,89
121000010,6560,4431,2129
121000011,6683,8854,-2171
121000012,11602,7487,4115
121000013,4597,5725,-1128
121000014,5876,5135,741
121000015,3400,5621,-2221
121000016,3814,3123,691
121000017,1695,2927,-1232
121000018,1750,1422,328
121000019,17166,10578,6588
121000020,10392,12105,-1713
121000021,3531,2396,1135
121000022,2112,1828,284
121000023,3417,2576,841
121000024,3217,3446,-229
121000025,472,1120,-648
121000026,305,117,188
121000027,1117,1084,33
121000028,586,372,214
121000029,999,544,455
121000030,481,302,179
121000031,653,536,117
121000032,159,72,87
121000034,492,193,299
121000035,233,118,115
121000036,989,757,232
121000037,589,457,132
121000038,556,510,46
121000039,276,280,-4
121000041,514,348,166
121000042,234,288,-54
121000043,636,547,89
121000044,1351,752,599
121000045,464,203,261
121000046,473,689,-216
121000047,579,292,287
121000049,1659,616,1043
121000050,295,937,-642
121000051,941,280,661
121000052,458,513,-55
121000053,270,89,181
121000054,36,316,-280
121000055,1010,928,82
121000056,684,913,-229
121000057,289,422,-133
121000058,316,121,195
121000059,1629,1186,443
121000060,507,983,-476
121000061,157,126,31
121000062,172,365,-193
121000063,719,621,98
121000064,609,812,-203
121000065,556,385,171
121000066,625,556,69
121000067,675,339,336
121000068,686,215,471
121000069,347,318,29
121000070,1939,1081,858
121000071,1344,1034,310
121000072,924,669,255
121000073,868,664,204
121000074,103,99,4
121000075,34,90,-56
121000076,1054,281,773
121000077,111,86,25
121000078,123,130,-7
121000080,1840,504,1336
121000081,1920,2394,-474
121000082,136,220,-84
121000083,201,119,82
121000084,204,121,83
121000085,236,437,-201
121000086,128,628,-500
121000087,61,251,-190
121000088,378,500,-122
121000089,267,234,33
121000090,314,291,23
121000091,1133,658,475
121000092,139,56,83
121000093,133,197,-64
121000094,402,586,-184
121000095,321,480,-159
121000096,1937,1801,136
121000097,790,1258,-468
121000098,443,935,-492
121000099,621,679,-58
121000100,926,392,534
121000101,343,258,85
121000102,269,283,-14
121000103,158,259,-101
121000104,244,136,108
121000105,345,208,137
121000106,200,287,-87
121000107,1975,2668,-693
121000109,1136,980,156
121000110,284,538,-254
121000114,2355,1809,546
121000115,807,734,73
121000116,272,774,-502
121000117,693,226,467
121000118,1162,161,1001
121000119,374,253,121
121000120,194,441,-247
121000121,587,677,-90
121000123,1169,423,746
121000127,115,102,13
121000128,897,347,550
121000129,1026,438,588
121000130,434,731,-297
121000131,2559,1650,909
121000132,1458,1261,197
121000135,227,205,22
121000136,1911,511,1400
121000137,400,161,239
121000138,1014,574,440
121000139,667,124,543
121000141,261,90,171
121000142,722,626,96
121000143,85,20,65
121000144,790,1241,-451
121000145,676,929,-253
121000146,1072,714,358
121000147,896,461,435
121000148,896,931,-35
121000149,1918,1088,830
121000152,384,571,-187
121000153,1450,600,850
121000154,714,691,23
121000155,1002,1024,-22
121000156,382,924,-542
121000157,1039,1637,-598
121000158,386,576,-190
121000159,207,425,-218
121000160,308,444,-136
121000161,149,339,-190
121000162,63,156,-93
121000165,1167,1355,-188
121000166,16,722,-706
121000168,556,266,290
121000169,85,101,-16
121000170,206,120,86
121000171,70,124,-54
121000172,512,490,22
121000173,964,896,68
121000174,251,349,-98
121000175,669,342,327
121000176,318,229,89
121000177,898,574,324
121000178,162,51,111
121000179,180,65,115
121000181,496,406,90
121000182,93,160,-67
121000183,83,64,19
121000184,175,89,86
121000185,32,145,-113
121000186,213,289,-76
121000187,172,189,-17
121000188,202,196,6
121000192,638,294,344
121000193,565,479,86
121000194,1988,1731,257
121000195,272,691,-419
121000196,690,214,476
121000197,174,516,-342
121000198,189,69,120
121000199,98,339,-241
121000200,432,86,346
121000201,5,159,-154
121000202,833,88,745
121000203,719,1850,-1131
121000204,2061,541,1520
121000205,139,226,-87
121000206,125,15,110
121000207,2228,346,1882
121000208,2,300,-298
121000209,330,310,20
121000210,463,391,72
121000211,168,143,25
121000212,292,550,-258
121000213,7293,2385,4908
121000214,587,2164,-1577
121000215,1022,709,313
121000216,415,617,-202
121000217,3623,2753,870
121000218,517,1300,-783
121000219,1530,364,1166
121000220,177,43,134
121000221,92,159,-67
121000222,2373,1750,623
121000223,833,379,454
121000224,445,193,252
121000225,2453,1370,1083
121000226,5129,985,4144
121000227,22,167,-145
121000228,20,509,-489
121000229,217,341,-124
121000230,55,1353,-1298
121000231,772,27,745
121000232,291,303,-12
121000233,592,372,220
121000234,21,42,-21
121000235,54,70,-16
121000236,5,38,-33
121000237,36,15,21
121000238,2,70,-68
121000239,30,3,27
121000240,19,181,-162
121000241,185,13,172
121000242,43,193,-150
121000243,467,144,323
121000244,4,73,-69
121000245,112,29,83
121000246,2,69,-67
121000247,119,9,110
121000248,1301,453,848
121000249,123,224,-101
121000250,847,114,733
121000251,26,371,-345
121000252,93,39,54
121000253,431,365,66
121000254,734,220,514
121000255,275,140,135
121000256,498,163,335
121000257,125,102,23
121000258,236,41,195
121000259,82,58,24
121000260,178,81,97
121000261,356,43,313
121000262,607,673,-66
121000263,543,438,105
121000271,247,1283,-1036
121000273,112,7,105
121000274,20,31,-11
121000275,5,12,-7
121000276,2,31,-29
121000278,74,39,35
121000279,28,8,20
121000280,77,25,52
121000289,228,27,201
121000290,1046,676,370
121000294,137,142,-5
121000297,918,995,-77
121000299,274,247,27
121000300,486,569,-83
121000302,45,616,-571
121000303,419,244,175
121000304,393,46,347
121000305,125,39,86
121000306,92,94,-2
121000308,143,282,-139
121000309,311,475,-164
121000310,123,265,-142
121000311,52,658,-606
121000312,204,136,68
121000313,303,364,-61
121000314,79,83,-4
121000315,29,100,-71
121000530,1151,1158,-7
121000531,1372,1209,163
121000532,5053,5210,-157
121000533,2280,2478,-198
121000918,100,171,-71
121000919,68,52,16
121000938,155,120,35
121000939,320,114,206
121000956,1109,1054,55
121000957,6,5,1
121000958,145,26,119
121000959,782,689,93
121000960,2731,1961,770
121000961,201,132,69
121000962,243,603,-360
121000973,0,114,-114
121000976,17,194,-177
121000979,316,90,226
121000981,435,302,133
121000982,312,162,150
121000983,526,366,160
121000984,21,64,-43
121000985,495,511,-16
121000986,237,233,4
121000987,273,1082,-809
121000988,585,111,474
121001302,257,91,166
121001308,6,7,-1
121001309,65,78,-13
121001313,176,231,-55
121001314,2456,3177,-721
121001315,3367,2005,1362
121001326,412,355,57
121900001,104,182,-78
121900002,76,27,49
121900003,331,4,327
121900004,138,295,-157
121900005,21,8,13
121900006,66,17,49
121900007,1479,2213,-734
121900008,440,106,334
121900009,338,21,317
121900010,179,2,177
121900011,106,248,-142
121900012,10,2,8
121900013,1605,71,1534
121900014,1064,371,693
121900015,147,161,-14
121900016,3,31,-28
121900017,567,383,184
121900018,343,11,332
121900019,295,224,71
121900020,34,1,33
121900021,637,27,610
121900022,207,139,68
121900023,108,221,-113
121900024,242,99,143
121900025,386,263,123
121900026,199,24,175
121900027,269,80,189
121900028,220,22,198
121900029,47,108,-61
121900030,431,441,-10
121900031,772,5614,-4842
121900032,43,88,-45
121900033,109,123,-14
121900034,327,72,255
121900035,1795,1782,13
121900036,65,287,-222
121900037,132,500,-368
121900038,12,122,-110
121900039,340,35,305
121900040,56,66,-10
121900041,70,115,-45
121900042,273,115,158
121900043,6,2,4
121900044,76,46,30
121900046,224,215,9
121900047,130,55,75
121900048,20,103,-83
121900050,18,38,-20
121900051,176,149,27
121900052,124,32,92
121900053,408,295,113
121900054,401,611,-210
121900055,0,13,-13
121900058,135,114,21
121900059,365,121,244
121900060,109,245,-136
121900062,90,90,0
121900063,1119,401,718
121900064,235,456,-221
121900066,111,22,89
121900067,33,53,-20
121900069,180,95,85
121900070,225,69,156
121900071,241,204,37
121900072,48,192,-144
121900073,218,180,38
121900074,519,695,-176
121900075,484,359,125
121900076,328,491,-163
121900078,123,28,95
121900079,1,0,1
121900080,626,303,323
121900082,35,109,-74
121900084,3,131,-128
121900086,13,23,-10
121900087,139,71,68
121900088,1221,1962,-741
121900089,136,253,-117
121900090,18,83,-65
121900091,55,139,-84
121900092,56,63,-7
121900093,69,50,19
121900094,13,5,8
121900095,175,107,68
121900096,1102,463,639
121900097,438,186,252
121900098,2,0,2
121900099,146,56,90
121900100,221,337,-116
121900101,99,69,30
121900102,2,105,-103
121900103,744,156,588
121900104,1293,330,963
121900105,327,136,191
121900106,1,2,-1
121900107,30,26,4
121900108,0,25,-25
121900109,302,129,173
121900110,416,873,-457
121900111,943,97,846
121900112,136,84,52
121900113,53,331,-278
121900114,31,50,-19
121900117,145,45,100
121900118,1530,407,1123
121900119,190,113,77
121900120,41,1366,-1325
121900121,371,28,343
121900122,24,45,-21
121900123,110,388,-278
121900124,129,144,-15
121900125,823,837,-14
121900127,26,61,-35
121900128,71,88,-17
121900129,607,152,455
121900130,77,191,-114
121900131,301,83,218
121900132,45,76,-31
121900133,118,657,-539
121900134,32,145,-113
121900135,1711,230,1481
121900136,317,353,-36
121900137,35,236,-201
121900138,103,131,-28
121900139,308,438,-130
121900140,50,154,-104
121900141,42,47,-5
121900142,125,120,5
121900143,8,92,-84
121900144,92,300,-208
121900145,149,175,-26
121900146,458,573,-115
121900147,81,140,-59
121900148,197,258,-61
121900149,244,526,-282
121900150,67,88,-21
121900151,43,194,-151
121900152,66,130,-64
121900153,77,474,-397
121900154,24,203,-179
121900155,0,67,-67
121900156,111,93,18
121900157,4,306,-302
121900158,73,88,-15
121900159,0,184,-184
121900160,1,241,-240
121900161,305,252,53
121900162,85,133,-48
121900163,331,594,-263
121900164,480,163,317
121900165,185,122,63
121900166,511,132,379
121900167,179,70,109
121900168,161,198,-37
121900169,3,206,-203
121900170,2,193,-191
121900171,578,413,165
121900172,415,195,220
121900173,700,188,512
121900174,26,51,-25
121900175,136,148,-12
121900176,488,1223,-735
121900177,179,69,110
121900178,43,52,-9
121900179,296,106,190
121900180,3498,2952,546
121900182,714,235,479
121900183,635,645,-10
121900184,49,374,-325
121900186,6,243,-237
121900187,38,108,-70
121900188,368,464,-96
121900189,28,72,-44
121900190,227,413,-186
121900191,115,169,-54
121900192,276,527,-251
121900193,49,141,-92
121900194,4,98,-94
121900195,47,49,-2
121900196,825,669,156
121900197,272,1331,-1059
121900198,848,792,56
121900199,6,20,-14
121900200,71,200,-129
121900201,848,624,224
121900202,118,410,-292
121900203,159,581,-422
121900204,670,969,-299
121900205,10,76,-66
121900206,12,13,-1
121900207,96,19,77
121900208,290,229,61
121900209,31,42,-11
121900210,1091,705,386
121900211,267,615,-348
121900212,158,96,62
121900213,150,75,75
121900214,4,398,-394
121900215,87,44,43
121900216,54,90,-36
121900217,182,91,91
121900218,155,334,-179
121900220,104,7,97
121900221,147,493,-346
121900222,138,109,29
121900223,110,31,79
121900224,53,33,20
121900225,124,60,64
121900226,170,232,-62
121900227,131,412,-281
121900228,164,257,-93
121900230,135,100,35
121900231,232,398,-166
121900232,201,346,-145
121900233,153,146,7
121900234,212,232,-20
121900235,489,152,337
121900236,233,110,123
121900237,194,296,-102
121900238,163,209,-46
121900239,97,17,80
121900240,135,90,45
121900241,21,33,-12
121900242,3,0,3
121900243,7,0,7
121900244,11,1,10
121900245,153,45,108
121900246,1418,302,1116
121900248,1132,994,138
121900250,249,198,51
121900251,258,32,226
121900252,404,99,305
121900253,184,700,-516
121900254,554,186,368
121900255,231,67,164
121900258,2276,1880,396
121900259,313,523,-210
121900260,39,135,-96
121900261,181,497,-316
121900262,332,976,-644
121900263,192,226,-34
121900264,1638,1208,430
121900265,200,217,-17
121900266,372,172,200
121900267,67,36,31
121900269,119,429,-310
121900270,11,175,-164
121900271,28,92,-64
121900273,433,1571,-1138
121900274,257,181,76
121900277,442,954,-512
121900278,103,724,-621
121900279,116,173,-57
121900280,167,279,-112
121900281,237,117,120
121900284,56,11,45
121900286,118,106,12
121900287,6,20,-14
121900288,7,5,2
121900290,179,264,-85
121900291,358,467,-109
121900292,151,140,11
121900293,871,2372,-1501
121900294,185,1,184
121900295,95,169,-74
121900296,66,46,20
121900298,292,515,-223
121900299,0,0,0
121900300,148,1,147
121900301,42,2,40
121900302,1,34,-33
121900303,333,317,16
121900304,3,10,-7
121900305,8,6,2
121900306,141,1,140
121900307,41,1,40
121900308,59,292,-233
121900309,9,217,-208
121900310,27,427,-400
121900311,349,29,320
121900312,279,9,270
121900313,355,14,341
121900314,5,37,-32
121900315,11,1,10
121900316,1,14,-13
121900317,5,2,3
121900318,2,26,-24
121900319,35,132,-97
121900320,27,104,-77
121900321,30,1,29
121900322,6,29,-23
121900323,11,9,2
121900324,2,50,-48
121900325,4,17,-13
121900326,2,31,-29
121900327,6,66,-60
121900328,0,32,-32
121900329,5,217,-212
121900330,1,14,-13
121900331,24,6,18
121900332,56,34,22
121900333,34,2,32
121900334,151,46,105
122000001,2019,3399,-1380
122000002,4070,1238,2832
122000003,1776,2056,-280
122000004,2722,1105,1617
122000005,2043,1192,851
122000006,1634,735,899
122000007,1102,1378,-276
122000008,3416,3773,-357
122000009,357,239,118
122000010,1645,2062,-417
122000011,2671,984,1687
122000012,1173,1268,-95
122000013,1232,810,422
122000014,1437,1203,234
122000015,1096,841,255
122000016,417,627,-210
122000017,797,854,-57
122000018,1131,919,212
122000019,690,975,-285
122000020,131,149,-18
122000021,281,333,-52
122000022,965,865,100
122000023,511,1629,-1118
122000024,672,839,-167
122000025,1276,1120,156
122000026,1178,753,425
122000027,508,2551,-2043
122000028,602,401,201
122000029,299,342,-43
122000030,285,136,149
122000031,172,190,-18
122000032,1566,2114,-548
122000033,685,938,-253
122000034,645,449,196
122000035,265,658,-393
122000036,431,487,-56
122000037,315,176,139
122000038,184,241,-57
122000039,590,455,135
122000040,329,253,76
122000041,483,467,16
122000042,283,476,-193
122000043,72,108,-36
122000044,66,148,-82
122000045,1140,426,714
122000046,726,719,7
122000047,224,187,37
122000048,2959,3531,-572
122000049,4607,2305,2302
122000050,1428,638,790
122000051,299,275,24
122000052,401,256,145
122000053,143,623,-480
122000054,2002,1709,293
122000055,1933,2315,-382
122000056,4407,3357,1050
122000057,2965,2957,8
122000058,2934,1006,1928
122000059,2421,1136,1285
122000060,625,489,136
122000061,495,383,112
122000062,1236,295,941
122000063,1268,508,760
122000064,2847,2187,660
122000065,4199,2030,2169
122000066,528,310,218
122000067,1410,908,502
122000068,826,1005,-179
122000069,804,554,250
122000070,589,1991,-1402
122000071,1093,1159,-66
122000072,371,306,65
122000073,377,479,-102
122000074,2474,1522,952
122000075,635,1119,-484
122000076,1493,1016,477
122000077,1316,571,745
122000078,2542,2015,527
122000079,1623,912,711
122000080,758,333,425
122000081,148,217,-69
122000082,1037,709,328
122000083,1210,2223,-1013
122000084,1001,670,331
122000085,235,1052,-817
122000086,1694,4141,-2447
122000087,276,125,151
122000088,239,293,-54
122000089,4359,1992,2367
122000090,244,417,-173
122000091,387,70,317
122000092,213,15,198
122000093,1476,1129,347
122000094,5159,1526,3633
122000095,2311,2573,-262
122000096,2006,1342,664
122000098,2635,1578,1057
122000099,1980,497,1483
122000100,888,448,440
122000101,327,690,-363
122000102,1498,997,501
122000103,2034,1486,548
122000104,304,157,147
122000105,384,207,177
122000106,339,515,-176
122000107,766,291,475
122000108,413,606,-193
122000109,291,267,24
122000110,329,435,-106
122000111,2209,1089,1120
122000112,701,1172,-471
122000113,497,506,-9
122000114,2457,994,1463
122000115,1406,1139,267
122000116,394,354,40
122000117,921,315,606
122000118,389,577,-188
122000119,2237,1627,610
122000120,1898,2809,-911
122000121,1710,2082,-372
122000122,705,1289,-584
122000123,1450,1242,208
122000124,786,366,420
122000125,571,641,-70
122000126,487,733,-246
122000127,861,988,-127
122000128,533,658,-125
122000129,409,1241,-832
122000130,2404,976,1428
122000131,1142,875,267
122000132,556,388,168
122000133,748,1053,-305
122000134,701,651,50
122000135,703,630,73
122000136,572,550,22
122000137,1120,670,450
122000139,1081,2549,-1468
122000140,927,449,478
122000141,3056,686,2370
122000142,265,509,-244
122000143,315,324,-9
122000144,1203,856,347
122000145,1349,600,749
122000146,575,758,-183
122000147,676,348,328
122000148,1825,1455,370
122000149,1788,1293,495
122000150,1057,758,299
122000151,156,319,-163
122000152,344,298,46
122000153,308,284,24
122000154,164,165,-1
122000155,1314,2065,-751
122000156,1995,1559,436
122000157,1481,1236,245
122000158,336,433,-97
122000159,588,1195,-607
122000160,2635,1785,850
122000161,895,705,190
122000162,1507,1343,164
122000163,169,57,112
122000164,28,49,-21
122000165,752,518,234
122000166,1071,853,218
122000167,185,167,18
122000168,147,445,-298
122000169,401,171,230
122000170,202,202,0
122000171,37,61,-24
122000172,1247,1231,16
122000173,1156,1753,-597
122000174,2188,633,1555
122000175,1378,252,1126
122000176,291,562,-271
122000177,1336,1126,210
122000178,2256,2160,96
122000179,1208,2094,-886
122000180,1408,970,438
122000181,1508,2196,-688
122000182,1241,818,423
122000183,1336,863,473
122000184,1931,1590,341
122000185,1009,1051,-42
122000186,434,664,-230
122000187,1617,773,844
122000188,385,184,201
122000189,192,270,-78
122000190,972,852,120
122000191,720,467,253
122000192,869,257,612
122000193,364,498,-134
122000194,686,193,493
122000195,152,379,-227
122000196,1062,531,531
122000197,566,539,27
122000198,430,652,-222
122000199,367,227,140
122000200,1064,520,544
122000201,1031,1135,-104
122000202,1288,929,359
122000203,1911,1248,663
122000204,1293,1628,-335
122000205,1411,1208,203
122000206,1855,625,1230
122000207,1643,829,814
122000208,2019,1091,928
122000209,1933,345,1588
122000210,1672,1378,294
122000211,1217,819,398
122000212,683,509,174
122000213,793,1056,-263
122000214,1531,1542,-11
122000215,1419,1462,-43
122000217,1598,1171,427
122000218,613,53,560
122000219,1074,813,261
122000220,304,560,-256
122000221,127,366,-239
122000222,581,131,450
122000223,1219,346,873
122000225,722,252,470
122000226,2001,1388,613
122000227,244,2122,-1878
122000228,263,310,-47
122000229,27,392,-365
122000230,45,443,-398
122000231,349,629,-280
122000232,632,818,-186
122000233,1,94,-93
122000234,430,199,231
122000235,828,140,688
122000236,770,123,647
122000237,128,82,46
122000238,316,251,65
122000239,445,145,300
122000240,1132,528,604
122000241,1205,475,730
122000242,476,108,368
122000243,232,67,165
122000244,102,372,-270
122000245,94,238,-144
122000246,320,191,129
122000247,646,594,52
122000248,1259,1613,-354
122000249,1234,819,415
122000250,1642,1091,551
122000251,303,427,-124
122000252,501,105,396
122000253,63,202,-139
122000254,150,109,41
122000255,628,1434,-806
122000256,385,833,-448
122000257,218,267,-49
122000258,461,259,202
122000259,21,456,-435
122000260,234,799,-565
122000261,27,211,-184
122000262,1,59,-58
122000263,294,100,194
122000264,1012,409,603
122000265,2149,730,1419
122000266,4136,541,3595
122000267,326,123,203
122000268,175,333,-158
122000269,770,305,465
122000270,882,149,733
122000271,368,863,-495
122000272,360,790,-430
122000273,353,398,-45
122000274,154,250,-96
122000275,265,229,36
122000276,502,393,109
122000277,1034,1207,-173
122000278,1467,806,661
122000279,158,364,-206
122000280,1108,635,473
122000281,716,567,149
122000282,290,143,147
122000283,993,88,905
122000284,262,90,172
122000285,759,92,667
122000286,215,129,86
122000287,1092,1231,-139
122000288,581,213,368
122000291,1263,698,565
122000293,224,267,-43
122000294,98,228,-130
122000295,1364,208,1156
122000296,45,707,-662
122000297,2014,2511,-497
122000299,285,285,0
122000300,443,490,-47
122000301,9404,2900,6504
122000302,626,1269,-643
122000303,3105,1239,1866
122000304,63,215,-152
122000305,764,744,20
122000306,19,729,-710
122000307,184,176,8
122000309,100,50,50
122000310,59,90,-31
122000311,257,163,94
122000312,190,142,48
122000313,140,54,86
122000314,86,213,-127
122000315,295,50,245
122000316,639,191,448
122000317,1291,271,1020
122000318,218,341,-123
122000319,234,367,-133
122000320,446,1625,-1179
122000321,124,210,-86
122000322,1966,1933,33
122000323,1332,1736,-404
122000324,1168,1022,146
122000325,719,1211,-492
122000326,55,100,-45
122000327,324,590,-266
122000328,798,556,242
122000330,1466,585,881
122000333,17,133,-116
122000337,818,1250,-432
122000338,332,281,51
122000340,295,349,-54
122000342,1693,799,894
122000343,481,1002,-521
122000344,60,27,33
122000345,337,109,228
122000346,267,447,-180
122000348,539,579,-40
122000349,110,518,-408
122000351,117,205,-88
122000352,571,132,439
122000353,109,111,-2
122000355,120,156,-36
122000356,1173,817,356
122000357,92,18,74
122000358,0,58,-58
122000359,0,24,-24
122000360,0,36,-36
122000362,11,87,-76
122000364,104,284,-180
122000365,5,25,-20
122000366,7,13,-6
122000368,387,508,-121
122000370,33,58,-25
122000371,18,0,18
122000372,55,1,54
122000381,72,274,-202
122000382,80,271,-191
122000384,2794,1391,1403
122000385,61,0,61
122000386,429,996,-567
122000387,502,482,20
122000388,1441,547,894
122000389,184,551,-367
122000390,397,223,174
122000391,240,92,148
122000392,153,187,-34
122000393,561,381,180
122000394,514,223,291
122000395,182,157,25
122000396,290,122,168
122000397,61,55,6
122000398,42,41,1
122000399,127,86,41
122000400,123,414,-291
122000401,108,88,20
122000402,164,107,57
122000403,425,830,-405
122000404,132,296,-164
122000408,599,869,-270
122000503,6,106,-100
122000524,128,91,37
122000544,67,2954,-2887
122000614,337,272,65
122000616,277,2,275
122000640,85,118,-33
122000641,99,350,-251
122000642,1719,885,834
122000643,29,108,-79
122000644,121,22,99
122000645,110,191,-81
122000651,1496,661,835
122000664,129,35,94
122000665,1043,430,613
122000666,564,912,-348
122000673,78,307,-229
122000674,143,58,85
122000675,1813,1058,755
122000686,454,917,-463
122000687,1647,333,1314
122000688,214,573,-359
122000689,721,493,228
122000690,1553,557,996
122000691,542,1862,-1320
122000692,1252,349,903
122000693,323,1542,-1219
122000695,349,371,-22
122000696,295,302,-7
122000698,294,588,-294
122000699,129,51,78
122000701,1424,334,1090
122000702,500,1259,-759
122000703,106,37,69
122000717,188,41,147
122000718,616,1326,-710
122000719,163,76,87
122000720,387,248,139
122000724,261,283,-22
122900001,25,1,24
122900002,1117,3763,-2646
122900003,421,53,368
122900004,385,38,347
122900005,83,35,48
122900006,1368,148,1220
122900007,138,51,87
122900008,822,45,777
122900009,462,238,224
122900010,173,108,65
122900012,216,245,-29
122900014,155,281,-126
122900015,1627,604,1023
122900016,152,199,-47
122900017,315,508,-193
122900018,133,17,116
122900020,443,294,149
122900021,47,663,-616
122900022,931,728,203
122900023,173,139,34
122900024,102,124,-22
122900025,15,169,-154
122900026,73,276,-203
122900027,39,664,-625
122900028,145,150,-5
122900029,3740,2451,1289
122900030,825,466,359
122900031,54,196,-142
122900032,107,369,-262
122900033,310,86,224
122900034,3392,4446,-1054
122900035,20,15,5
122900036,53,92,-39
122900037,339,110,229
122900038,108,2848,-2740
122900039,108,357,-249
122900040,299,260,39
122900041,263,154,109
122900042,126,270,-144
122900043,371,140,231
122900044,118,239,-121
122900045,91,103,-12
122900046,181,94,87
122900047,215,154,61
122900048,29,253,-224
122900049,1491,97,1394
122900051,62,99,-37
122900052,95,166,-71
122900053,27,25,2
122900055,278,132,146
122900057,249,66,183
122900061,499,187,312
122900062,426,704,-278
122900063,197,284,-87
122900064,1302,344,958
122900065,486,175,311
122900066,491,329,162
122900067,987,616,371
122900069,269,1770,-1501
122900070,453,48,405
122900071,127,363,-236
122900073,42,251,-209
122900074,427,480,-53
122900075,1,35,-34
122900076,10,184,-174
122900077,2,105,-103
122900078,153,86,67
122900080,52,40,12
122900081,241,142,99
122900082,762,211,551
122900083,191,166,25
122900084,5,198,-193
122900086,13,78,-65
122900087,362,385,-23
122900088,34,106,-72
122900089,110,240,-130
122900090,14,520,-506
122900091,167,0,167
122900092,0,94,-94
122900093,1,243,-242
122900094,3,123,-120
122900095,124,6,118
122900096,272,256,16
122900097,23,11,12
122900098,70,72,-2
122900099,47,3,44
122900100,671,119,552
122900101,423,213,210
122900102,15,12,3
122900103,104,11,93
122900104,93,5,88
122900105,11,6,5
122900106,3,75,-72
122900107,3,200,-197
122900108,5,235,-230
122900109,140,116,24
123000001,1452,338,1114
123000002,3937,3613,324
123000003,3357,3219,138
123000004,2870,3801,-931
123000005,2389,2489,-100
123000006,2475,2681,-206
123000007,3695,2734,961
123000008,2798,3066,-268
123000009,4490,2988,1502
123000010,3554,3388,166
123000011,2468,803,1665
123000012,945,1936,-991
123000013,3376,880,2496
123000014,1048,2972,-1924
123000015,3816,1066,2750
123000016,4076,3342,734
123000017,2871,1784,1087
123000018,56,106,-50
123000019,241,265,-24
123000020,91,93,-2
123000021,69,353,-284
123000022,247,3034,-2787
123000023,1333,1457,-124
123000024,1398,572,826
123000025,235,200,35
123000026,75,89,-14
123000027,1104,254,850
123000028,1844,283,1561
123000029,2234,429,1805
123000030,289,346,-57
123000031,132,291,-159
123000032,302,202,100
123000033,283,63,220
123000034,1293,1116,177
123000035,351,341,10
123000036,258,760,-502
123000037,219,290,-71
123000038,76,209,-133
123000039,359,1054,-695
123000040,773,317,456
123000041,1143,1049,94
123000042,926,549,377
123000043,1535,4235,-2700
123000044,4316,2064,2252
123000045,6192,1986,4206
123000046,665,1185,-520
123000047,2369,892,1477
123000048,47,424,-377
123000049,5561,7232,-1671
123000050,1098,1140,-42
123000051,77,208,-131
123000052,626,2603,-1977
123000053,1944,2697,-753
123000054,1070,1016,54
123000055,811,1468,-657
123000056,1574,1516,58
123000057,11705,4971,6734
123000058,2024,1444,580
123000059,798,489,309
123000060,770,452,318
123000061,289,585,-296
123000063,664,790,-126
123000064,760,194,566
123000065,4441,2469,1972
123000066,665,606,59
123000067,588,619,-31
123000068,2508,2337,171
123000069,5650,2688,2962
123000070,240,585,-345
123000071,614,1041,-427
123000072,997,846,151
123000073,990,729,261
123000074,932,1200,-268
123000075,299,835,-536
123000076,580,687,-107
123000077,1956,2529,-573
123000078,1230,1692,-462
123000079,1087,1902,-815
123000080,2101,2024,77
123000081,97,347,-250
123000082,350,858,-508
123000083,478,180,298
123000084,537,555,-18
123000085,395,100,295
123000086,322,153,169
123000087,373,269,104
123000088,1476,1173,303
123000089,409,1092,-683
123000090,866,898,-32
123000091,1435,1619,-184
123000092,931,1076,-145
123000094,352,205,147
123000095,374,670,-296
123000096,551,405,146
123000097,376,694,-318
123000098,636,494,142
123000099,548,646,-98
123000100,489,635,-146
123000101,566,545,21
123000102,525,528,-3
123000104,355,427,-72
123000105,469,369,100
123000106,377,385,-8
123000107,333,480,-147
123000108,774,959,-185
123000111,633,374,259
123000112,807,560,247
123000113,342,770,-428
123000114,418,565,-147
123000115,265,329,-64
123000116,35,135,-100
123000117,1502,1655,-153
123000118,358,781,-423
123000119,227,815,-588
123000120,396,772,-376
123000121,477,606,-129
123000122,281,253,28
123000123,432,641,-209
123000124,441,462,-21
123000125,658,508,150
123000126,2032,4049,-2017
123000127,776,654,122
123000128,354,334,20
123000129,552,210,342
123000130,481,88,393
123000131,652,693,-41
123000132,371,490,-119
123000133,267,302,-35
123000134,388,145,243
123000135,1134,805,329
123000136,210,835,-625
123000137,86,320,-234
123000138,80,274,-194
123000139,297,109,188
123000140,128,637,-509
123000141,577,89,488
123000142,1020,848,172
123000143,1746,1902,-156
123000144,45,14,31
123000145,171,121,50
123000146,36,56,-20
123000147,109,71,38
123000149,368,319,49
123000150,199,188,11
123000151,268,392,-124
123000152,148,275,-127
123000153,180,553,-373
123000154,1775,1653,122
123000155,1879,900,979
123000156,60,98,-38
123000157,555,697,-142
123000158,498,701,-203
123000159,2521,1820,701
123000160,1125,1003,122
123000161,1121,831,290
123000162,835,1452,-617
123000163,315,350,-35
123000164,1117,437,680
123000165,455,1495,-1040
123000166,45,147,-102
123000167,126,276,-150
123000168,238,272,-34
123000169,541,115,426
123000170,79,191,-112
123000171,391,34,357
123000172,188,581,-393
123000173,377,206,171
123000174,750,284,466
123000175,562,1132,-570
123000176,618,190,428
123000177,232,740,-508
123000178,634,166,468
123000179,55,563,-508
123000180,1240,296,944
123000181,313,1553,-1240
123000182,166,360,-194
123000183,144,391,-247
123000185,566,621,-55
123000186,4,718,-714
123000187,475,5,470
123000188,202,3,199
123000189,40,137,-97
123000190,54,242,-188
123000192,36,347,-311
123000193,132,879,-747
123000194,462,354,108
123000195,326,70,256
123000196,248,187,61
123000197,132,119,13
123000198,36,224,-188
123000199,48,460,-412
123000200,195,0,195
123000201,655,54,601
123000202,31,956,-925
123000203,692,98,594
123000204,59,1243,-1184
123000205,459,1747,-1288
123000206,1689,215,1474
123000207,281,1164,-883
123000208,755,176,579
123000209,1678,548,1130
123000210,443,1851,-1408
123000211,571,2299,-1728
123000212,2211,544,1667
123000213,699,105,594
123000215,142,205,-63
123000216,127,746,-619
123000217,150,43,107
123000218,68,483,-415
123000219,860,157,703
123000220,385,68,317
123000221,179,118,61
123000222,341,333,8
123000223,130,328,-198
123000224,395,590,-195
123000225,219,79,140
123000226,75,269,-194
123000227,107,263,-156
123000228,239,85,154
123000229,976,1673,-697
123000232,109,577,-468
123000233,619,253,366
123000234,134,644,-510
123000235,694,308,386
123000236,254,652,-398
123000237,308,75,233
123000238,88,512,-424
123000239,438,1277,-839
123000240,33,339,-306
123000241,518,83,435
123000242,112,180,-68
123000243,893,735,158
123000244,1029,714,315
123000245,63,193,-130
123000249,373,644,-271
123000252,752,204,548
123000253,833,411,422
123000254,605,854,-249
123000255,867,787,80
123000256,27,167,-140
123000257,1708,1394,314
123000258,1143,1445,-302
123000259,276,340,-64
123000260,351,379,-28
123000261,137,121,16
123000262,109,178,-69
123000263,267,118,149
123000264,169,53,116
123000265,53,175,-122
123000266,472,650,-178
123000267,361,316,45
123000268,41,63,-22
123000269,53,42,11
123000270,30,63,-33
123000271,96,93,3
123000272,615,284,331
123000273,184,572,-388
123000274,948,447,501
123000275,259,803,-544
123000278,2602,2197,405
123000279,83,93,-10
123000280,317,264,53
123000281,389,86,303
123000282,110,281,-171
123000283,93,36,57
123000284,48,127,-79
123000286,264,242,22
123000287,615,187,428
123000288,1027,604,423
123000289,370,743,-373
123000291,257,717,-460
123000294,228,280,-52
123000295,973,782,191
123000296,610,379,231
123000297,531,704,-173
123000298,425,360,65
123000299,165,339,-174
123000300,1004,903,101
123000301,107,190,-83
123000302,67,205,-138
123000303,135,122,13
123000305,887,865,22
123000306,83,175,-92
123000309,63,80,-17
123000310,46,53,-7
123000311,65,232,-167
123000312,764,916,-152
123000313,444,723,-279
123000315,57,316,-259
123000316,1342,353,989
123000317,253,87,166
123000318,60,229,-169
123000329,11,15,-4
123000337,1032,240,792
123000338,882,48,834
123000339,196,152,44
123000340,210,364,-154
123000342,26,139,-113
123000343,56,9,47
123000344,1378,411,967
123000345,324,444,-120
123000346,268,75,193
123000352,1210,772,438
123000353,33,137,-104
123000354,912,22,890
123000355,1,760,-759
123000356,408,16,392
123000357,3,165,-162
123000359,11,156,-145
123000360,116,107,9
123000361,352,241,111
123000362,285,98,187
123000363,84,183,-99
123000364,447,441,6
123000365,20,354,-334
123000366,338,1462,-1124
123000367,1233,1633,-400
123000370,47,195,-148
123000371,277,27,250
123000372,381,19,362
123000373,12,360,-348
123000374,11,216,-205
123000375,310,92,218
123000376,685,565,120
123000377,253,21,232
123000378,14,226,-212
123000379,1,215,-214
123000380,85,326,-241
123000381,193,45,148
123000382,950,125,825
123000383,221,1166,-945
123000384,420,72,348
123000385,404,642,-238
123000436,38,898,-860
123000507,192,253,-61
123000508,126,650,-524
123000517,212,22,190
123000518,8,214,-206
123000519,101,73,28
123000520,47,166,-119
123000521,218,63,155
123000522,118,390,-272
123000541,2,7,-5
123000542,0,21,-21
123000565,691,34,657
123000566,214,714,-500
123000567,71,237,-166
123000573,44,588,-544
123000574,664,87,577
123000575,1099,927,172
123000576,617,1217,-600
123000577,73,527,-454
123000578,531,73,458
123000579,3334,4068,-734
123000580,96,36,60
123000582,280,47,233
123000583,12,329,-317
123000584,149,203,-54
123000585,0,45,-45
123000586,57,1,56
123000596,76,109,-33
123000597,76,106,-30
123000602,20,16,4
123000603,494,671,-177
123000604,456,701,-245
123000605,983,8,975
123000606,1,304,-303
123000609,21,286,-265
123000610,118,130,-12
123000613,46,185,-139
123000614,196,58,138
123000615,97,183,-86
123000616,563,61,502
123000617,83,261,-178
123000618,36,409,-373
123000619,599,29,570
123000620,13,299,-286
123000622,256,25,231
123000624,129,65,64
123000630,971,447,524
123000631,221,1519,-1298
123000632,1138,1267,-129
123000633,2,419,-417
123000634,59,84,-25
123000635,96,86,10
123000636,79,510,-431
123000637,217,29,188
123000638,667,48,619
123000639,843,3123,-2280
123000640,51,696,-645
123000648,832,222,610
123000649,208,1366,-1158
123000650,839,107,732
123000651,176,255,-79
123000652,493,53,440
123000653,54,229,-175
123000654,96,139,-43
123900001,1090,30,1060
123900002,27,1493,-1466
123900003,376,344,32
123900005,182,144,38
123900006,182,28,154
124000001,1451,116,1335
124000002,17,783,-766
124000003,609,129,480
124000004,82,470,-388
124000005,710,388,322
124000006,193,994,-801
124000007,377,87,290
124000008,14,513,-499
124000009,558,188,370
124000010,174,511,-337
124000011,764,225,539
124000012,230,504,-274
124000017,110,113,-3
124000018,93,68,25
124000019,119,162,-43
124000020,41,203,-162
124000021,74,75,-1
124000022,97,229,-132
124000023,671,133,538
124000024,964,537,427
124000025,647,356,291
124000026,647,483,164
124000027,1309,602,707
124000028,2541,1010,1531
124000031,1272,1815,-543
124000032,2246,1236,1010
124000033,839,444,395
124000034,622,1052,-430
124000035,344,128,216
124000036,146,599,-453
124000037,495,828,-333
124000038,49,112,-63
124000039,1126,487,639
124000040,683,920,-237
124000041,286,69,217
124000042,73,372,-299
124000043,151,89,62
124000044,102,216,-114
124000045,737,522,215
124000046,317,721,-404
124000047,1055,838,217
124000048,903,1308,-405
124000049,1393,687,706
124000050,632,1661,-1029
124000051,797,485,312
124000052,727,909,-182
124000053,547,1280,-733
124000054,915,536,379
124000055,1193,2042,-849
124000056,2170,1754,416
124000057,866,538,328
124000058,391,1422,-1031
124000059,470,909,-439
124000060,1070,772,298
124000061,1198,3926,-2728
124000062,6360,1912,4448
124000063,1508,1778,-270
124000064,2218,1615,603
124000065,163,462,-299
124000066,333,107,226
124000067,174,218,-44
124000068,54,117,-63
124000069,476,237,239
124000070,285,460,-175
124000071,284,101,183
124000072,234,399,-165
124000073,758,160,598
124000074,302,669,-367
124000075,169,35,134
124000076,17,185,-168
124000077,1944,613,1331
124000078,2439,1074,1365
124000079,389,892,-503
124000080,532,142,390
124000081,161,421,-260
124000082,61,151,-90
124000083,54,82,-28
124000084,134,353,-219
124000085,121,30,91
124000086,75,85,-10
124000087,263,105,158
124000088,148,241,-93
124000089,711,317,394
124000090,160,358,-198
124000091,470,125,345
124000092,100,628,-528
124000093,87,78,9
124000094,72,437,-365
124000095,61,72,-11
124000096,202,205,-3
124000097,73,137,-64
124000098,71,123,-52
124000099,269,109,160
124000100,64,114,-50
124000101,81,126,-45
124000102,151,65,86
124000103,93,86,7
124000104,134,75,59
124000105,63,65,-2
124000106,118,72,46
124000107,30,120,-90
124000108,48,20,28
124000109,91,135,-44
124000110,324,128,196
124000111,136,160,-24
124000112,547,675,-128
124000113,83,98,-15
124000114,370,458,-88
124000115,352,589,-237
124000116,90,104,-14
124000117,61,79,-18
124000118,59,80,-21
124000119,849,389,460
124000120,399,389,10
124000121,2091,825,1266
124000122,455,1129,-674
124000123,850,473,377
124000124,547,1108,-561
124000125,322,404,-82
124000126,252,646,-394
124000127,647,408,239
124000128,469,896,-427
124000129,1758,1412,346
124000130,842,789,53
124000131,808,464,344
124000132,805,831,-26
124000133,696,773,-77
124000134,752,613,139
124000135,1540,1522,18
124000136,880,1041,-161
124000137,987,576,411
124000138,1326,1126,200
124000139,870,46,824
124000140,91,527,-436
124000141,627,35,592
124000142,74,574,-500
124000143,125,20,105
124000144,9,158,-149
124000145,104,42,62
124000146,17,78,-61
124000148,28,119,-91
124000149,1028,441,587
124000150,320,600,-280
124000151,730,386,344
124000152,718,1193,-475
124000153,559,613,-54
124000154,336,641,-305
124000155,1081,862,219
124000156,1536,915,621
124000169,168,352,-184
124000170,450,427,23
124000171,253,171,82
124000172,285,465,-180
124000173,376,178,198
124000174,359,539,-180
124000175,9,107,-98
124000176,58,12,46
124000177,13,31,-18
124000178,36,35,1
124000185,111,35,76
124000186,13,76,-63
124000187,7,64,-57
124000188,32,9,23
124000190,187,35,152
124000191,233,113,120
124000192,1930,284,1646
124000193,531,860,-329
124000194,410,498,-88
124000195,243,475,-232
124000196,1046,955,91
124000197,62,43,19
124000198,14,45,-31
124000201,414,814,-400
124000202,672,289,383
124000203,301,592,-291
124000204,668,363,305
124000205,71,512,-441
124000206,634,404,230
124000207,0,43,-43
124000209,157,318,-161
124000210,357,134,223
124000211,405,1,404
124000212,0,447,-447
124000213,316,374,-58
124000214,258,515,-257
124000215,454,49,405
124000216,11,429,-418
124000329,134,1507,-1373
124000338,94,735,-641
124000339,671,133,538
124000341,1170,115,1055
124000344,38,3,35
124000357,1238,2841,-1603
124000358,1285,2570,-1285
124000359,913,679,234
124000360,711,463,248
124000361,1543,622,921
124000362,1115,1344,-229
124000363,322,355,-33
124000364,664,980,-316
124000365,736,1217,-481
124000366,1948,1397,551
124000367,159,489,-330
124000368,515,347,168
124000369,103,131,-28
124000370,41,467,-426
124000402,19,9,10
124000403,125,23,102
124000404,5,99,-94
124000405,904,707,197
124000406,748,816,-68
124000407,2,38,-36
124000411,3,321,-318
124000412,314,17,297
124000413,490,41,449
124000414,40,103,-63
124000415,51,142,-91
124000416,154,244,-90
124000417,156,97,59
124000418,121,116,5
124000419,89,137,-48
124000420,79,79,0
124000421,47,222,-175
124000422,27,12,15
124000423,116,25,91
124000424,5,145,-140
124000425,80,24,56
124000426,8,155,-147
124000427,121,5,116
124000428,27,58,-31
124000429,61,65,-4
124000430,622,449,173
124000431,310,403,-93
124000432,164,652,-488
124000439,47,5,42
124000443,2,84,-82
124000445,567,783,-216
124000446,1699,86,1613
124000447,29,132,-103
124000448,46,20,26
124000449,120,18,102
124000450,25,215,-190
124000451,5,108,-103
124000452,469,74,395
124000453,2108,3484,-1376
124000454,3116,4727,-1611
124000455,10,907,-897
124000456,284,6,278
124000457,1,250,-249
124000458,1,229,-228
124000459,241,8,233
124000460,1,208,-207
124900001,423,314,109
124900002,95,295,-200
124900003,854,755,99
124900004,425,389,36
124900005,210,157,53
124900006,513,424,89
124900008,1051,483,568
124900009,130,240,-110
124900010,159,73,86
124900011,324,271,53
124900012,378,106,272
124900013,459,165,294
124900014,261,73,188
124900015,116,321,-205
124900016,53,64,-11
124900017,597,1225,-628
124900018,33,10,23
124900020,84,49,35
124900021,217,43,174
124900022,34,18,16
124900024,162,27,135
124900026,223,6,217
124900027,91,264,-173
124900028,257,72,185
124900029,11,415,-404
124900030,7,63,-56
124900031,31,225,-194
124900032,155,213,-58
124900033,82,251,-169
124900034,5,66,-61
124900035,149,314,-165
124900036,0,36,-36
124900037,125,219,-94
124900038,236,387,-151
124900039,1,52,-51
124900040,99,84,15
124900041,253,1058,-805
124900042,135,3,132
124900043,399,1077,-678
124900044,47,0,47
124900045,516,1003,-487
124900047,108,119,-11
124900048,203,134,69
124900050,147,211,-64
124900052,145,329,-184
124900053,97,259,-162
124900054,1820,370,1450
124900055,1,148,-147
124900057,16,319,-303
124900060,71,167,-96
124900061,88,8,80
124900062,146,15,131
124900066,0,18,-18
124900067,17,183,-166
124900068,172,369,-197
124900070,63,20,43
124900072,91,74,17
124900075,188,241,-53
124900076,36,945,-909
124900077,17,77,-60
124900078,99,5,94
124900079,611,180,431
124900080,286,684,-398
124900081,679,302,377
124900082,356,1026,-670
124900083,216,544,-328
124900085,1178,234,944
124900086,50,782,-732
124900087,627,70,557
124900088,535,90,445
124900089,1184,41,1143
124900090,196,179,17
124900091,257,374,-117
124900092,174,307,-133
124900093,210,156,54
124900094,277,219,58
124900095,75,338,-263
124900096,449,175,274
124900097,201,60,141
124900098,102,317,-215
124900099,491,468,23
124900100,198,60,138
124900101,127,273,-146
124900102,137,29,108
124900103,109,180,-71
124900104,95,209,-114
124900105,128,108,20
124900106,280,45,235
124900107,88,13,75
124900108,146,59,87
124900111,4,91,-87
124900112,41,396,-355
124900113,114,232,-118
124900114,189,138,51
124900115,63,37,26
124900116,156,121,35
124900117,323,96,227
124900118,134,207,-73
124900119,290,170,120
124900120,45,303,-258
124900121,95,272,-177
124900122,307,243,64
124900123,359,81,278
124900124,82,283,-201
124900125,737,7,730
124900126,6,383,-377
204000001,120,13,107
204000002,31,11,20
204000003,28,4,24
204000004,9,1,8
204000005,714,650,64
204000006,1218,1389,-171
204000011,11,46,-35
204000012,39,143,-104
204000019,601,562,39
204000020,606,659,-53
204000021,1756,727,1029
204000022,660,542,118
204000023,594,1006,-412
204000031,182,31,151
204000032,530,26,504
204000034,35,160,-125
204000035,0,2,-2
204000036,7,18,-11
204000037,4,19,-15
204000038,2,9,-7
204000039,20,25,-5
204000040,0,19,-19
204000041,11,23,-12
204000042,34,10,24
204000043,22,5,17
204000044,36,7,29
204000045,23,3,20
204000046,10,2,8
204000057,0,8,-8
204000062,34,96,-62
204000068,42,310,-268
204000069,46,330,-284
204000070,82,148,-66
204000080,54,71,-17
204000085,2177,1884,293
204000086,2937,2398,539
204000087,28,13,15
204000088,4,97,-93
204000090,95,257,-162
204000093,299,96,203
204000096,673,1143,-470
204000097,303,43,260
204000099,1072,1550,-478
204000100,1150,1961,-811
204000105,2434,1647,787
204000110,1128,1159,-31
204000111,634,662,-28
204000112,788,667,121
204000113,482,722,-240
204000114,718,653,65
204000115,483,388,95
204000116,1110,494,616
204000119,2048,2670,-622
204000132,650,373,277
204000133,784,483,301
204000134,201,206,-5
204000135,655,125,530
204000136,673,314,359
204000138,372,490,-118
204000140,252,174,78
204000141,158,79,79
204000144,10,39,-29
204000145,389,29,360
204000146,26,279,-253
204000147,75,189,-114
204000148,687,28,659
204000154,7,1,6
204000155,2,13,-11
204000177,57,36,21
204000179,20,9,11
204000180,0,39,-39
204000222,0,3,-3
204000235,10,9,1
204000236,70,261,-191
204000238,26,24,2
204000240,324,56,268
204000263,716,1252,-536
204000268,1147,826,321
204000308,140,32,108
204000317,11,60,-49
204000322,15,21,-6
204000323,19,12,7
204000328,219,87,132
204000329,105,143,-38
204000330,207,105,102
204000331,95,123,-28
205000001,1154,1842,-688
205000013,4,67,-63
205000014,23,84,-61
205000015,18,193,-175
205000016,12,153,-141
205000017,16,97,-81
205000022,421,994,-573
205000025,1742,1371,371
205000029,172,8,164
205000045,104,341,-237
205000046,101,662,-561
205000047,49,501,-452
205000048,431,1420,-989
205000049,153,1014,-861
205000050,977,404,573
205000059,0,285,-285
205000060,0,92,-92
205000061,5,78,-73
205000062,4,109,-105
205000063,15,65,-50
205000064,14,100,-86
205000065,51,536,-485
205000066,144,998,-854
205000067,45,1144,-1099
205000069,177,13,164
205000082,190,187,3
205000110,100,377,-277
205000111,193,291,-98
205000112,184,167,17
205000113,217,337,-120
205000121,234,82,152
205000123,38,197,-159
205000126,375,141,234
205000127,667,207,460
205000128,522,128,394
205000129,793,169,624
205000130,720,44,676
205000131,194,6,188
205000132,523,2,521
205000133,387,1,386
205000134,310,0,310
205000137,50,162,-112
205000138,163,286,-123
205000139,35,140,-105
205000144,120,84,36
205000145,317,188,129
205000151,139,47,92
205000152,224,21,203
205000153,183,77,106
205000154,67,56,11
205000155,127,13,114
205000207,14,145,-131
205000233,33,2,31
205000234,0,1,-1
205000243,6,0,6
205000244,0,11,-11
205000245,21,144,-123
205000249,0,39,-39
205000250,5,0,5
205000264,8,86,-78
206000027,4,4,0
206000028,3,2,1
206000043,8,67,-59
206000053,3,4,-1
206000054,1,14,-13
206000055,2,15,-13
206000075,8,12,-4
206000076,12,13,-1
206000077,21,7,14
206000078,23,3,20
206000079,19,4,15
206000082,259,34,225
206000100,74,357,-283
206000103,4,11,-7
206000104,17,26,-9
206000105,3,12,-9
206000106,10,23,-13
206000125,52,0,52
206000157,61,425,-364
206000170,0,162,-162
206000171,0,131,-131
206000172,7,387,-380
206000173,1,217,-216
206000174,15,82,-67
206000175,6,125,-119
206000176,8,154,-146
206000177,0,138,-138
206000178,7,127,-120
206000179,12,50,-38
206000180,7,105,-98
206000181,6,120,-114
206000182,9,168,-159
206000183,8,468,-460
206000184,8,242,-234
206000185,3,175,-172
206000186,94,871,-777
206000223,7,167,-160
206000226,8,1,7
206000227,7,2,5
206000237,26,249,-223
206000238,24,442,-418
206000239,252,1449,-1197
206000240,0,55,-55
206000241,0,82,-82
206000242,4,210,-206
206000243,8,211,-203
206000244,71,443,-372
206000245,477,44,433
206000246,122,19,103
206000247,139,12,127
206000248,258,14,244
206000252,53,33,20
206000258,34,24,10
206000315,33,7,26
206000317,384,71,313
206000318,291,66,225
206000319,762,92,670
206000320,94,40,54
206000321,123,12,111
206000322,245,19,226
206000323,103,8,95
206000324,105,2,103
206000325,128,7,121
206000326,110,8,102
206000327,398,5,393
206000328,112,3,109
206000329,191,9,182
206000330,36,5,31
206000331,133,4,129
206000332,30,6,24
206000333,372,5,367
206000334,125,0,125
206000335,0,16,-16
206000361,0,132,-132
206000392,2,11,-9
206000405,111,0,111
206000441,17,16,1
206000498,25,1,24
206000515,64,33,31
206000530,137,53,84
206000531,132,142,-10
206000532,1361,244,1117
206000535,273,1399,-1126
206000536,18,139,-121
206000537,28,155,-127
206000613,880,207,673
206000784,358,32,326
207000001,165,465,-300
207000002,132,277,-145
207000003,209,152,57
207000007,800,245,555
207000008,73,18,55
207000009,51,33,18
207000010,471,457,14
207000012,275,226,49
207000015,301,1408,-1107
207000019,339,87,252
207000021,504,171,333
207000022,143,144,-1
207000023,152,61,91
207000024,8,23,-15
207000025,49,73,-24
207000026,139,35,104
207000027,40,70,-30
207000028,51,164,-113
207000029,151,386,-235
207000033,282,317,-35
207000034,278,96,182
207000039,321,157,164
207000040,226,115,111
207000041,99,33,66
207000042,135,94,41
207000043,245,173,72
207000051,143,236,-93
207000052,40,134,-94
207000053,455,567,-112
207000054,38,113,-75
207000055,197,157,40
207000056,266,387,-121
207000057,149,261,-112
207000058,181,332,-151
207000059,81,694,-613
207000060,92,242,-150
207000061,281,348,-67
207000062,245,47,198
207000063,272,149,123
207000064,338,154,184
207000065,304,224,80
207000066,202,165,37
207000067,56,95,-39
207000068,158,80,78
207000069,633,383,250
207000082,7,291,-284
207000083,133,302,-169
207000084,245,225,20
207000085,177,25,152
207000086,161,10,151
207000106,41,34,7
207000107,53,30,23
207000108,58,16,42
207000109,55,16,39
207000110,92,62,30
207000111,73,57,16
207000112,135,593,-458
207000114,25,31,-6
207000115,38,68,-30
207000116,32,362,-330
207000117,12,99,-87
207000118,6,82,-76
207000119,17,71,-54
207000123,238,32,206
207000124,47,22,25
207000125,61,60,1
207000126,43,80,-37
207000134,102,143,-41
207000135,18,216,-198
207000148,53,226,-173
207000149,94,40,54
207000152,113,391,-278
207000153,862,999,-137
207000154,433,151,282
207000159,145,204,-59
207000160,177,420,-243
207000238,0,221,-221
207000242,3,163,-160
207000248,99,24,75
207000249,165,48,117
207000250,652,60,592
207000251,77,87,-10
207000252,78,86,-8
207000278,63,64,-1
207000279,35,169,-134
207000280,441,84,357
207000281,76,1002,-926
207000282,146,56,90
207000283,84,175,-91
207000284,76,121,-45
207000285,158,45,113
207000291,22,97,-75
207000304,120,81,39
207000306,103,438,-335
207000310,32,69,-37
207000353,320,6,314
207000356,10,32,-22
207000357,21,19,2
207000358,7,7,0
207000415,4,212,-208
207000417,59,4,55
207000418,116,174,-58
207000438,0,1,-1
207000439,968,519,449
207000446,114,4,110
207000460,15,11,4
207000466,190,143,47
207000467,211,112,99
207000468,68,379,-311
207000476,3,51,-48
207000477,470,67,403
207000478,0,18,-18
207000523,0,8,-8
207000524,122,0,122
207000527,128,189,-61
207000530,471,11,460
207000531,264,11,253
207000532,73,12,61
207000534,477,40,437
207000535,79,269,-190
207000537,49,122,-73
207000540,5,223,-218
207000541,5,337,-332
207000548,3,308,-305
207000549,235,18,217
207000561,167,118,49
207000562,49,216,-167
207000567,164,251,-87
207000568,190,79,111
207000569,357,710,-353
207000584,349,143,206
207000585,53,227,-174
207000587,95,29,66
207000616,0,138,-138
207000617,110,0,110
207000624,65,42,23
207000631,9,88,-79
207900008,208,187,21
208000001,604,857,-253
208000002,998,517,481
208000003,1046,455,591
208000004,1244,696,548
208000005,8,16,-8
208000019,791,1134,-343
208000020,124,526,-402
208000021,219,307,-88
208000022,1033,468,565
208000028,1396,777,619
208000033,473,471,2
208000034,1109,1172,-63
208000037,319,20,299
208000040,105,167,-62
208000041,879,604,275
208000042,1243,701,542
208000047,118,269,-151
208000064,2396,1589,807
208000066,1804,2019,-215
208000070,264,457,-193
208000071,286,953,-667
208000072,347,1536,-1189
208000080,256,391,-135
208000081,309,134,175
208000082,326,325,1
208000083,183,456,-273
208000084,33,11,22
208000085,1058,801,257
208000086,532,1196,-664
208000087,863,904,-41
208000089,915,409,506
208000090,823,656,167
208000093,164,111,53
208000094,517,376,141
208000095,709,400,309
208000104,872,1126,-254
208000105,773,1180,-407
208000114,86,303,-217
208000115,485,426,59
208000116,410,1046,-636
208000117,165,176,-11
208000118,106,105,1
208000155,787,1218,-431
208000158,1478,2999,-1521
208000186,3948,3773,175
208000204,611,915,-304
208000205,1059,1058,1
208000282,6026,2609,3417
209000004,315,192,123
209000005,63,39,24
209000006,445,174,271
209000007,236,267,-31
209000010,453,140,313
209000011,276,269,7
209000012,263,222,41
209000013,312,372,-60
209000014,631,1059,-428
209000025,276,69,207
209000026,573,109,464
209000027,675,792,-117
209000028,399,651,-252
209000029,725,639,86
209000030,634,1373,-739
209000031,2806,2129,677
209000034,191,247,-56
209000035,90,160,-70
209000036,140,145,-5
209000037,228,276,-48
209000038,78,197,-119
209000039,47,150,-103
209000040,194,444,-250
209000041,159,432,-273
209000042,177,453,-276
209000043,687,887,-200
209000044,161,747,-586
209000045,1772,575,1197
209000046,507,661,-154
209000047,544,211,333
209000048,548,356,192
209000049,109,123,-14
209000050,271,201,70
209000051,368,445,-77
209000052,219,400,-181
209000062,64,104,-40
209000063,84,76,8
209000064,56,87,-31
209000065,52,25,27
209000066,47,43,4
209000067,62,86,-24
209000080,25,285,-260
209000082,79,54,25
209000091,42,122,-80
209000093,48,32,16
209000094,234,199,35
209000110,35,81,-46
209000111,368,1249,-881
209000112,763,602,161
209000113,1342,533,809
209000114,460,349,111
209000115,100,183,-83
209000116,673,545,128
209000118,35,21,14
209000119,84,8,76
209000121,176,535,-359
209000135,45,116,-71
209000142,565,1194,-629
209000143,159,100,59
209000144,51,78,-27
209000229,207,194,13
209000240,48,342,-294
209000259,100,132,-32
209000260,34,834,-800
209000261,1,402,-401
209000262,0,400,-400
209000263,0,134,-134
209000264,0,50,-50
209000265,473,1,472
209000266,134,0,134
209000267,705,8,697
209000268,500,40,460
210000037,81,22,59
210000047,71,24,47
210000048,77,21,56
210000049,36,5,31
210000052,44,100,-56
210000053,72,56,16
210000054,85,98,-13
210000070,92,1,91
210000071,69,0,69
210000072,53,0,53
210000073,0,45,-45
210000074,0,114,-114
210000075,2,72,-70
210000076,19,129,-110
210000077,30,48,-18
210000078,47,43,4
210000079,34,13,21
210000080,155,44,111
210000081,140,6,134
210000082,146,1,145
210000083,93,0,93
210000084,39,0,39
210000085,1,104,-103
210000086,0,143,-143
210000099,34,238,-204
210000100,39,191,-152
210000101,103,219,-116
210000105,54,233,-179
210000159,1,177,-176
210000163,169,210,-41
210000164,232,112,120
210000168,132,26,106
210000187,0,14,-14
210000188,0,29,-29
210000214,76,0,76
210000219,35,79,-44
210000220,102,48,54
210000232,4,32,-28
210000233,28,58,-30
210000234,22,136,-114
210000235,34,82,-48
210000245,2,61,-59
210000246,69,57,12
210000258,17,103,-86
210000259,311,44,267
210000282,139,238,-99
210000285,0,121,-121
210000286,11,147,-136
210000290,6,9,-3
210000295,44,159,-115
210000296,47,42,5
210000320,167,67,100
210000321,105,69,36
210000338,84,56,28
210000339,361,1107,-746
210000340,154,304,-150
210000341,196,234,-38
210000342,234,144,90
210000343,272,173,99
210000344,238,80,158
210000345,140,177,-37
210000346,94,126,-32
210000347,131,48,83
210000348,111,7,104
210000349,145,27,118
210000350,110,80,30
210000351,110,140,-30
210000352,45,85,-40
210000353,24,91,-67
210000354,172,96,76
210000355,37,92,-55
210000356,40,44,-4
210000357,91,54,37
210000358,234,95,139
210000359,111,63,48
210000360,136,93,43
210000361,150,134,16
210000362,275,204,71
210000363,818,245,573
210000364,107,107,0
210000365,110,61,49
210000366,72,40,32
210000367,110,25,85
210000368,134,31,103
210000369,34,22,12
210000370,44,34,10
210000372,42,48,-6
210000373,104,17,87
210000374,53,5,48
210000375,33,74,-41
210000376,82,136,-54
210000404,53,139,-86
210000439,22,37,-15
210000472,92,3,89
210000482,104,86,18
210000564,378,185,193
210000567,0,45,-45
210000568,322,3,319
211000092,51,57,-6
211000094,7,17,-10
211000169,226,5,221
211000172,19,202,-183
211000209,2,19,-17
211000226,16,26,-10
211000270,26,24,2
211000275,16,16,0
211000276,56,19,37
211000279,35,43,-8
211000281,43,26,17
211000302,37,71,-34
211507980,4,33,-29
211977296,35,4,31
212000003,123,41,82
212000004,72,46,26
212000005,45,26,19
212000006,61,81,-20
212000008,205,240,-35
212000009,29,133,-104
212000012,68,78,-10
212000013,28,69,-41
212000014,296,187,109
212000015,282,346,-64
212000016,501,649,-148
212000027,422,421,1
212000028,247,480,-233
212000029,217,306,-89
212000030,44,24,20
212000031,58,69,-11
212000048,48,172,-124
212000049,23,134,-111
212000050,15,11,4
212000051,217,218,-1
212000052,188,428,-240
212000053,430,912,-482
212000054,136,173,-37
212000055,188,244,-56
212000056,9,62,-53
212000057,22,28,-6
212000058,261,42,219
212000070,135,283,-148
212000077,165,823,-658
212000099,172,329,-157
212000108,150,147,3
212000111,182,98,84
212000120,152,129,23
212000138,132,41,91
212000156,18,145,-127
212000158,15,19,-4
212000159,291,46,245
212000160,508,318,190
212000161,50,3,47
212000310,77,20,57
212000311,9,55,-46
212000374,40,9,31
213000001,32,327,-295
213000005,337,148,189
213000006,763,252,511
213000007,214,12,202
213000009,931,501,430
213000010,202,327,-125
213000011,253,115,138
213000012,98,276,-178
213000014,91,7,84
213000015,188,5,183
213000016,425,2,423
213000017,57,0,57
213000018,6,196,-190
213000019,2,173,-171
213000020,111,342,-231
213000021,3,130,-127
213000023,235,139,96
213000033,279,1561,-1282
213000034,704,254,450
213000035,130,352,-222
213000045,132,245,-113
213000046,248,186,62
213000047,729,1178,-449
213000056,110,46,64
213000069,130,2,128
213000073,2,21,-19
213000074,42,361,-319
213000075,513,8,505
213000076,81,2,79
213000085,5,36,-31
213000086,12,165,-153
213000091,119,18,101
213000092,56,13,43
213000099,181,1045,-864
213000100,1226,225,1001
213000101,273,141,132
213000102,321,347,-26
213000103,604,827,-223
213000104,35,345,-310
213000105,0,124,-124
213000106,50,132,-82
213000107,164,603,-439
213000108,30,477,-447
213000109,2,298,-296
213000110,6,87,-81
213000111,7,60,-53
213000112,138,88,50
213000115,51,5,46
213000116,26,479,-453
213000117,7,707,-700
213000118,243,237,6
213000119,52,655,-603
213000120,118,509,-391
213000122,146,506,-360
213000123,351,985,-634
213000124,87,961,-874
213000125,92,12,80
213000126,53,157,-104
213000127,121,168,-47
213000128,492,828,-336
213000129,353,480,-127
213000130,360,243,117
213000132,206,72,134
213000133,349,98,251
213000134,655,17,638
213000136,456,22,434
213000137,460,101,359
213000139,744,15,729
213000147,125,11,114
213000148,32,11,21
213000149,59,23,36
213000150,1,101,-100
213000151,3,91,-88
213000152,8,87,-79
213000153,3,43,-40
213000154,36,247,-211
213000155,16,217,-201
213000156,111,677,-566
213000157,523,444,79
213000158,233,805,-572
213000159,388,624,-236
213000163,597,48,549
213000165,544,205,339
213000171,24,178,-154
213000172,44,293,-249
213000173,9,133,-124
213000174,0,37,-37
213000175,20,32,-12
213000176,11,138,-127
213000177,9,14,-5
213000178,27,4,23
213000179,144,39,105
213000180,147,98,49
213000184,116,348,-232
213000188,274,109,165
213000189,256,39,217
213000190,809,730,79
213000191,224,453,-229
213000192,177,391,-214
213000193,912,215,697
213000194,0,65,-65
213000195,17,453,-436
213000196,258,1146,-888
213000197,261,610,-349
213000198,114,1,113
213000200,110,827,-717
213000201,85,28,57
213000202,4,563,-559
213000203,3498,772,2726
213000204,690,102,588
213000205,202,91,111
213000206,431,102,329
213000207,148,8,140
213000208,181,0,181
213000209,212,0,212
213000210,608,8,600
213000211,13,15,-2
213000212,31,24,7
213000213,52,49,3
213000218,195,591,-396
213000219,387,18,369
213000220,396,8,388
213000223,172,216,-44
213000224,28,56,-28
213000225,88,4,84
213000226,77,14,63
213000227,707,284,423
213000228,317,119,198
213000229,548,34,514
213000230,602,21,581
213000232,98,821,-723
213000233,11,41,-30
213000234,3,49,-46
213000293,19,61,-42
213000294,192,12,180
213000295,25,75,-50
213000296,66,31,35
213000297,11,93,-82
213000298,21,85,-64
213000299,40,50,-10
213000300,27,8,19
213000303,17,28,-11
213000304,2,8,-6
213000305,2,8,-6
213000306,77,35,42
213000307,235,73,162
213000308,88,213,-125
213000309,164,67,97
213000310,213,77,136
213000311,277,572,-295
213000315,76,111,-35
213000316,461,61,400
213000322,26,30,-4
213000323,18,29,-11
213000340,144,595,-451
213000341,359,118,241
213000346,185,153,32
213000347,687,306,381
213000348,23,68,-45
213000349,35,12,23
213000350,285,972,-687
213000366,81,314,-233
213000367,210,34,176
213000379,70,49,21
213000386,10,253,-243
213000406,91,311,-220
213000417,889,452,437
213000425,111,54,57
213000426,93,55,38
213000427,21,194,-173
213000428,26,161,-135
213000429,22,8,14
213000430,83,673,-590
213000431,142,1,141
213000432,2,20,-18
213000433,17,135,-118
213000434,57,81,-24
213000435,67,99,-32
213000439,75,25,50
213000441,2,1,1
213000443,456,400,56
213000445,0,98,-98
213000446,0,14,-14
213000447,2,83,-81
213000448,5,91,-86
213000449,186,2,184
213000450,15,44,-29
213000451,160,85,75
213000452,31,18,13
213000453,47,237,-190
213000455,356,5,351
213000456,0,174,-174
213000481,67,7,60
213000482,39,2,37
213000489,268,83,185
213000491,1,162,-161
213000492,463,21,442
213000493,0,77,-77
213000494,165,100,65
213000495,0,93,-93
213000496,409,122,287
213000497,80,175,-95
213000498,89,134,-45
213000499,143,322,-179
213000500,282,93,189
213000501,105,23,82
213000502,219,73,146
213000503,0,37,-37
213000504,3,60,-57
213000505,8,10,-2
213000506,1,7,-6
213000507,3,84,-81
213900244,31,0,31
213900245,0,32,-32
218000003,34,27,7
218000004,30,15,15
218000005,88,34,54
218000006,77,20,57
218000007,13,25,-12
218000012,165,185,-20
218000013,112,147,-35
218000014,361,456,-95
218000019,656,549,107
218000020,254,411,-157
218000040,9,3,6
218000046,41,134,-93
218000047,14,201,-187
218000048,54,162,-108
218000049,108,129,-21
218000050,260,289,-29
218000051,59,278,-219
218000052,1,86,-85
218000053,2,20,-18
218000054,6,20,-14
218000055,6,9,-3
218000056,10,30,-20
218000057,2,20,-18
218000064,0,3,-3
218000065,84,45,39
218000066,6,77,-71
218000067,28,67,-39
218000068,73,74,-1
218000069,174,201,-27
218000070,181,224,-43
218000071,184,199,-15
218000072,248,176,72
218000078,650,870,-220
218000079,83,85,-2
218000080,71,69,2
218000081,245,225,20
218000082,62,129,-67
218000083,52,74,-22
218000084,114,164,-50
218000085,105,366,-261
218000086,62,159,-97
218000087,134,159,-25
218000090,13,135,-122
218000091,799,515,284
218000092,65,145,-80
218000093,80,55,25
218000094,548,747,-199
218000099,244,595,-351
218000100,219,263,-44
218000101,247,104,143
218000102,339,252,87
218000103,67,132,-65
218000104,64,28,36
218000105,25,14,11
218000106,11,6,5
218000107,44,81,-37
218000108,1,48,-47
218000112,52,24,28
218000117,34,44,-10
218000134,429,626,-197
218000135,40,101,-61
218000136,92,85,7
218000137,180,116,64
218000138,49,119,-70
218000139,143,349,-206
218000140,330,183,147
218000141,76,77,-1
218000142,191,130,61
218000143,64,217,-153
218000144,57,48,9
218000145,219,352,-133
218000146,50,205,-155
218000151,12,32,-20
218000152,206,43,163
218000170,19,36,-17
218000171,65,7,58
218000172,80,7,73
218000173,65,14,51
218000174,37,11,26
218000176,175,43,132
218000177,293,176,117
218000178,94,172,-78
218000179,111,75,36
218000180,69,15,54
218000181,171,35,136
218000187,23,34,-11
218000188,35,72,-37
218000189,24,56,-32
218000190,6,9,-3
218000191,159,80,79
218000192,170,211,-41
218000193,330,374,-44
218000194,78,322,-244
218000195,101,69,32
218000196,179,294,-115
218000197,181,306,-125
218000198,69,159,-90
218000199,37,38,-1
218000200,59,38,21
218000201,10,10,0
218000202,97,206,-109
218000207,5,23,-18
218000208,72,32,40
218000211,90,9,81
218000213,91,77,14
218000214,7,29,-22
218000215,64,43,21
218000217,4,130,-126
218000218,101,62,39
218000219,33,19,14
218000220,105,229,-124
218000221,824,202,622
218000222,41,19,22
218000223,31,227,-196
218000224,12,108,-96
218000225,159,29,130
218000226,138,42,96
218000232,36,77,-41
218000239,203,3,200
218000240,55,4,51
218000241,19,1,18
218000242,88,2,86
218000243,92,3,89
218000244,44,9,35
218000245,59,5,54
218000246,12,0,12
218000247,2,1,1
218000248,0,14,-14
218000249,7,2,5
218000250,0,8,-8
218000251,2,32,-30
218000252,5,37,-32
218000253,5,22,-17
218000254,0,6,-6
218000255,1,11,-10
218000256,17,54,-37
218000267,590,993,-403
218000268,12,36,-24
218000269,12,10,2
218000270,132,67,65
218000271,23,47,-24
218000273,13,20,-7
218000274,15,12,3
218000275,35,58,-23
218000276,14,40,-26
218000278,13,70,-57
218000279,62,57,5
218000280,40,48,-8
218000281,18,14,4
218000282,434,417,17
218000284,105,18,87
218000301,87,95,-8
218000302,77,61,16
218000303,48,46,2
218000316,589,1051,-462
218000317,859,1275,-416
218000318,473,846,-373
218000319,900,1177,-277
218000320,680,651,29
218000338,64,36,28
218000345,108,86,22
218000346,60,159,-99
218000459,26,269,-243
218000490,37,40,-3
218000501,130,48,82
218000502,24,91,-67
218000503,88,20,68
218000504,207,34,173
218000505,65,178,-113
218000506,35,282,-247
218000508,1,4,-3
218000510,200,13,187
218000520,104,96,8
218000521,12,54,-42
218000522,1,97,-96
218000523,233,9,224
218000524,19,134,-115
218000525,165,10,155
218000526,56,129,-73
218000529,75,169,-94
218000531,8,17,-9
218000532,36,33,3
218000534,132,20,112
218000537,31,36,-5
218000538,162,202,-40
218000540,331,66,265
218000543,110,35,75
218000544,60,95,-35
218000545,38,59,-21
218000546,28,68,-40
218000547,88,101,-13
218000548,143,78,65
218000549,447,279,168
218000550,251,262,-11
218000551,160,891,-731
218000552,495,46,449
218000553,36,77,-41
218000554,28,30,-2
218000555,41,45,-4
218000556,251,292,-41
218000557,371,215,156
218000558,39,0,39
218000559,0,24,-24
218000560,0,22,-22
218000561,34,0,34
218000562,26,162,-136
218000563,202,17,185
218000564,11,106,-95
218000565,200,26,174
218000566,243,18,225
218000567,2,65,-63
218000568,7,0,7
218000569,9,85,-76
218000570,93,6,87
218000571,2,160,-158
218000572,159,1,158
218000573,22,71,-49
218000574,104,47,57
218000575,115,1,114
218000576,0,93,-93
218000577,140,0,140
218000578,2,94,-92
218000579,59,21,38
218000581,4,57,-53
218000582,42,13,29
218000583,5,0,5
218000584,0,11,-11
218000585,41,1,40
218000586,1,75,-74
218000587,5,4,1
218000588,1,16,-15
218000589,2,2,0
218000590,15,0,15
218000591,6,2,4
218000592,31,0,31
218000593,171,9,162
218000594,34,0,34
218000597,34,2,32
218000598,0,0,0
218000599,18,2,16
218000600,27,5,22
218000601,3,0,3
218000602,2,20,-18
218000603,0,4,-4
218000604,47,1,46
218000605,3,197,-194
218000606,651,1,650
218000607,14,30,-16
218000608,71,19,52
218000609,2,72,-70
218000610,47,6,41
218000611,37,1,36
218000612,0,22,-22
218000613,32,5,27
218000614,1,32,-31
218000615,268,2,266
218000616,2,156,-154
218000617,24,1,23
218000618,0,12,-12
218000619,43,26,17
218000620,11,8,3
218000621,0,1,-1
218000622,0,22,-22
218000623,153,1,152
218000624,21,8,13
218000625,10,0,10
218000626,0,0,0
218000628,157,42,115
218000631,54,21,33
218000632,2,118,-116
218000633,104,1,103
218000634,9,15,-6
218000635,10,5,5
218000636,750,1284,-534
218000637,699,581,118
218000638,90,38,52
218000639,12,148,-136
218000640,134,25,109
218000641,112,233,-121
218000652,36,78,-42
218000653,125,59,66
218000663,10,173,-163
218000675,59,67,-8
218000680,248,387,-139
218000681,411,127,284
218000691,159,287,-128
218000693,213,149,64
218000718,652,1037,-385
218000719,1351,455,896
218000720,13,76,-63
218000721,235,16,219
218001147,10,301,-291
218001214,16,34,-18
218001258,371,11,360
218001329,217,139,78
218001330,198,148,50
218001351,43,20,23
218001352,7,14,-7
218001353,20,20,0
218001354,35,13,22
218001355,62,236,-174
218001356,207,44,163
218001357,58,253,-195
218001358,300,25,275
218001361,298,10,288
218001362,0,343,-343
219000001,59,56,3
219000002,62,59,3
219000003,37,41,-4
219000004,44,38,6
219000017,129,22,107
219000020,169,48,121
219000022,143,4,139
219000023,135,2,133
219000029,0,88,-88
219000034,81,22,59
219000039,89,71,18
219000040,35,32,3
219000041,113,36,77
219000051,0,33,-33
219000052,0,22,-22
219000053,1,145,-144
219000055,186,0,186
219000056,28,2,26
219000057,77,1,76
219000062,37,80,-43
219000063,84,12,72
219000064,3,85,-82
219000110,510,58,452
219000111,128,43,85
219000112,158,58,100
219000113,122,53,69
219000114,252,106,146
219000116,40,31,9
219000117,133,72,61
219000118,163,42,121
219000123,345,106,239
219000124,145,77,68
219000125,36,28,8
219000126,149,106,43
219000127,0,1,-1
219000128,31,113,-82
219000129,33,147,-114
219000130,585,543,42
219000131,621,776,-155
219000133,79,40,39
219000134,16,21,-5
219000135,47,84,-37
219000136,92,237,-145
219000138,43,15,28
219000139,33,75,-42
219000140,33,1,32
219000141,28,125,-97
219000142,10,91,-81
219000143,17,126,-109
219000145,30,35,-5
219000146,6,42,-36
219000147,2,39,-37
219000148,1,32,-31
219000149,14,85,-71
219000150,3,60,-57
219000151,2,25,-23
219000157,205,135,70
219000158,205,212,-7
219000161,113,17,96
219000163,1458,516,942
219000166,137,172,-35
219000167,102,187,-85
219000168,261,158,103
219000174,373,101,272
219000175,40,5,35
219000176,65,5,60
219000177,40,3,37
219000178,32,1,31
219000179,14,14,0
219000180,18,33,-15
219000182,141,14,127
219000183,106,44,62
219000184,107,8,99
219000185,2,42,-40
219000186,52,34,18
219000187,48,80,-32
219000189,125,153,-28
219000190,116,231,-115
219000191,1091,996,95
219000192,156,140,16
219000193,295,165,130
219000195,1,61,-60
219000196,4,116,-112
219000198,30,152,-122
219000199,92,268,-176
219000200,48,241,-193
219000201,94,228,-134
219000203,34,112,-78
219000204,322,185,137
219000205,130,155,-25
219000207,181,209,-28
219000209,30,91,-61
219000210,48,105,-57
219000213,18,139,-121
219000239,173,313,-140
219000240,240,316,-76
219000241,96,182,-86
219000242,70,149,-79
219000243,86,236,-150
219000244,74,94,-20
219000245,42,61,-19
219000246,50,26,24
219000247,126,16,110
219000248,696,329,367
219000249,125,90,35
219000250,115,110,5
219000251,444,203,241
219000252,200,177,23
219000253,417,90,327
219000255,114,95,19
219000256,256,78,178
219000257,119,0,119
219000262,196,146,50
219000263,61,152,-91
219000267,2,157,-155
219000268,5,4,1
219000269,12,2,10
219000270,6,0,6
219000271,102,0,102
219000278,0,13,-13
219000279,6,0,6
219000283,0,12,-12
219000295,9,108,-99
219000296,44,547,-503
219000297,14,130,-116
219000298,20,151,-131
219000299,347,83,264
219000300,38,218,-180
219000301,179,344,-165
219000302,42,316,-274
219000307,41,31,10
219000308,45,30,15
219000311,153,43,110
219000312,536,104,432
219000313,275,55,220
219000314,53,422,-369
219000315,174,37,137
219000316,452,48,404
219000317,80,14,66
219000320,0,48,-48
219000321,0,15,-15
219000323,3,38,-35
219000325,3,13,-10
219000326,100,87,13
219000327,73,34,39
219000328,52,51,1
219000329,249,124,125
219000330,32,20,12
219000331,42,23,19
219000332,116,99,17
219000333,19,3,16
219000335,49,1,48
219000337,21,3,18
219000338,54,0,54
219000344,22,86,-64
219000345,105,101,4
219000346,46,104,-58
219000348,110,127,-17
219000349,48,159,-111
219000350,99,159,-60
219000351,9,4,5
219000352,340,55,285
219000353,128,48,80
219000354,169,102,67
219000355,174,68,106
219000356,1140,1121,19
219000363,205,72,133
219000364,82,40,42
219000365,126,22,104
219000366,212,375,-163
219000368,326,484,-158
219000370,982,449,533
219000371,20,29,-9
219000382,12,21,-9
219000383,662,738,-76
219000385,537,411,126
219000386,724,1200,-476
219000387,0,8,-8
219000390,3,1,2
219000391,5,3,2
219000397,56,59,-3
219000398,44,32,12
219000401,10,98,-88
219000402,49,146,-97
219000403,155,364,-209
219000404,25,145,-120
219000407,4,33,-29
219000409,48,51,-3
219000410,92,31,61
219000411,86,25,61
219000446,159,281,-122
219000447,2,21,-19
219000448,10,4,6
219000452,113,71,42
219000453,99,119,-20
219000454,239,230,9
219000556,228,111,117
219000558,234,167,67
219000590,26,126,-100
219000591,56,101,-45
219000592,109,383,-274
219000595,2,15,-13
219000635,223,42,181
219000636,22,102,-80
219000657,28,20,8
219000658,45,58,-13
219000673,0,17,-17
219000676,14,4,10
219000679,73,6,67
219000684,117,2,115
219000685,5,80,-75
219000686,0,2,-2
219000688,1,90,-89
219000689,20,215,-195
219000690,131,20,111
219000691,54,171,-117
219000692,133,33,100
219000693,0,12,-12
219000694,5,0,5
219000695,32,2,30
219000698,14,0,14
219000699,0,16,-16
219000727,3,160,-157
219000728,156,4,152
219000770,45,1,44
219000771,0,16,-16
219000788,596,300,296
219001150,1,34,-33
219001151,0,3,-3
219001166,48,20,28
219001167,3,98,-95
219001178,77,0,77
220000001,57,74,-17
220000002,16,112,-96
220000003,894,235,659
220000004,862,434,428
220000005,1561,1359,202
220000006,469,762,-293
220000007,517,592,-75
220000008,331,853,-522
220000009,239,382,-143
220000010,172,107,65
220000011,532,3112,-2580
220000012,75,288,-213
220000014,101,38,63
220000015,82,162,-80
220000017,37,187,-150
220000018,3515,1261,2254
220000019,87,247,-160
220000020,301,257,44
220000021,714,203,511
220000022,621,453,168
220000023,266,149,117
220000024,1378,384,994
220000025,690,822,-132
220000026,271,269,2
220000027,67,73,-6
220000028,46,38,8
220000029,131,220,-89
220000030,204,83,121
220000031,350,342,8
220000064,26,663,-637
221000046,5,1,4
221000047,0,3,-3
221000048,2,1,1
221000049,0,14,-14
221000050,22,1,21
221000055,58,42,16
221000068,240,94,146
221000069,244,40,204
221000070,115,15,100
221000071,44,10,34
221000072,135,16,119
221000073,177,50,127
221000074,2,10,-8
221000075,16,21,-5
221000076,10,37,-27
221000077,13,68,-55
221000081,80,28,52
221000082,55,8,47
221000083,40,8,32
221000084,16,3,13
221000085,24,62,-38
221000086,15,108,-93
221000087,6,152,-146
221000088,27,176,-149
221000089,37,253,-216
221000090,115,448,-333
221000098,79,15,64
221000099,129,12,117
221000100,80,7,73
221000101,205,14,191
221000107,30,9,21
221000108,63,4,59
221000109,1,35,-34
221000110,2,30,-28
221000111,49,284,-235
221000112,6,167,-161
221000113,9,138,-129
221000114,13,152,-139
221000120,52,18,34
221000121,2,20,-18
221000122,34,23,11
221000123,18,29,-11
221000124,70,169,-99
221000155,70,11,59
221000156,102,26,76
221000175,32,5,27
221000176,2,3,-1
221000182,28,15,13
221000241,607,219,388
221000242,161,403,-242
221000243,616,103,513
221000244,269,441,-172
221000245,105,126,-21
221000246,55,242,-187
221000247,74,136,-62
221000248,84,161,-77
221000267,69,574,-505
221000325,162,19,143
221000331,42,66,-24
221000338,9,27,-18
221000378,195,31,164
221000381,36,110,-74
222000282,6,1,5
222000296,1,16,-15
222000568,205,25,180
222000569,128,29,99
222000570,84,11,73
222000571,151,17,134
222000577,18,144,-126
222000578,16,198,-182
222000579,51,153,-102
222000580,106,806,-700
222000599,0,138,-138
222000600,1,325,-324
222000601,9,999,-990
222000603,40,33,7
222000604,5,36,-31
222000605,12,28,-16
222000606,0,15,-15
222000607,3,4,-1
222000608,39,10,29
222000609,79,194,-115
222000616,238,53,185
222000617,10,17,-7
222000618,7,3,4
222000620,46,11,35
222000621,72,14,58
222000623,534,7,527
222000624,286,0,286
222000625,476,72,404
222000636,36,3,33
222000686,30,18,12
222000687,54,24,30
222001066,184,2,182
222001067,11,1,10
222001068,33,10,23
222001069,12,13,-1
222001082,11,30,-19
222001083,16,50,-34
222001084,0,49,-49
222001085,1,100,-99
222001111,18,118,-100
222001112,66,23,43
222001313,41,4,37
222001314,12,147,-135
222001464,116,57,59
222001465,24,130,-106
222001484,73,49,24
222001485,23,39,-16
222001494,244,154,90
222001495,137,251,-114
222001496,245,135,110
222001497,191,469,-278
222001502,4,96,-92
222001503,82,56,26
222001504,13,241,-228
222001505,211,13,198
222001506,66,316,-250
222001507,193,12,181
222001510,307,35,272
222001511,49,335,-286
222001514,366,131,235
222001515,249,502,-253
222001518,243,59,184
222001519,59,230,-171
222001527,187,42,145
222001528,37,162,-125
222001529,156,39,117
222001530,48,188,-140
222001533,153,232,-79
222001534,216,55,161
222001535,307,243,64
222001536,132,244,-112
222001537,250,34,216
222001538,49,410,-361
222001563,480,106,374
222001564,54,532,-478
222001568,330,130,200
222001576,0,0,0
222001579,0,3,-3
222001583,20,114,-94
222001584,29,26,3
222001596,630,1104,-474
222001597,1221,273,948
222001626,1,155,-154
222001650,41,85,-44
222001651,56,125,-69
222001914,109,50,59
222001915,63,226,-163
222001968,427,242,185
222001969,501,702,-201
222001970,88,191,-103
222001971,10,13,-3
222001972,2,17,-15
225000001,393,174,219
225000002,970,110,860
225000003,524,97,427
225000004,211,180,31
225000005,95,62,33
225000006,0,195,-195
225000007,1804,1466,338
225000010,288,8,280
225000011,355,887,-532
225000012,172,426,-254
225000013,68,106,-38
225000014,763,77,686
225000015,87,187,-100
225000021,544,122,422
225000027,246,467,-221
225000032,545,123,422
225000042,95,611,-516
225000049,61,31,30
225000050,51,26,25
225000053,5,255,-250
225000058,632,105,527
225000067,200,122,78
225000068,126,340,-214
225000069,155,454,-299
225000070,103,355,-252
225000071,42,177,-135
225000075,32,1077,-1045
225000076,77,121,-44
225000078,53,58,-5
225000085,53,133,-80
225000086,175,70,105
225000087,268,14,254
225000088,10,148,-138
225000089,314,954,-640
225000090,70,383,-313
225000091,144,174,-30
225000092,56,74,-18
225000093,172,276,-104
225000094,21,280,-259
225000095,276,318,-42
225000096,405,449,-44
225000098,428,273,155
225000099,251,154,97
225000100,177,148,29
225000104,91,432,-341
225000110,18,377,-359
225000111,274,1036,-762
225000112,340,1100,-760
225000113,218,542,-324
225000114,58,265,-207
225000115,1945,660,1285
225000116,936,202,734
225000117,739,278,461
225000118,682,219,463
225000119,164,45,119
225000120,569,26,543
225000121,345,28,317
225000123,592,17,575
225000125,286,185,101
225000126,878,162,716
225000127,631,1012,-381
225000128,482,622,-140
225000132,291,43,248
225000133,191,32,159
225000134,497,139,358
225000135,44,6,38
225000136,186,19,167
225000137,193,70,123
225000138,300,53,247
225000143,87,233,-146
225000144,5,430,-425
225000145,37,56,-19
225000146,74,124,-50
225000147,14,295,-281
225000148,1,228,-227
225000149,81,483,-402
225000151,48,244,-196
225000155,490,486,4
225000156,200,872,-672
225000157,245,467,-222
225000158,94,303,-209
225000171,3,149,-146
225000180,32,1,31
225000181,0,55,-55
225000182,87,16,71
225000185,9,487,-478
225000187,66,292,-226
225000191,72,2,70
225000194,0,21,-21
225000208,1,32,-31
225000209,81,11,70
225000210,4,219,-215
225000217,0,11,-11
225000218,45,0,45
225000223,1,47,-46
225000224,107,1,106
225000225,0,56,-56
225000226,55,2,53
225000227,47,127,-80
225000228,9,23,-14
225000229,2,101,-99
225000230,74,0,74
225000231,0,97,-97
225000232,132,1,131
225000241,70,1,69
225000242,3,46,-43
225000249,99,55,44
225000250,59,837,-778
225000251,304,34,270
226000042,353,573,-220
226000043,60,351,-291
226000044,211,704,-493
226000045,92,512,-420
226000046,276,102,174
226000047,415,112,303
226000048,353,117,236
226000049,199,161,38
226000070,1,40,-39
226000071,0,56,-56
226000072,0,7,-7
226000073,0,6,-6
226000074,0,3,-3
226000084,6,68,-62
226000085,0,8,-8
226000086,2,14,-12
226000087,41,6,35
226000088,24,9,15
226000090,242,121,121
226000091,14,29,-15
226000092,41,8,33
226000093,27,2,25
226000094,17,9,8
226000095,86,10,76
226000105,46,0,46
226000106,4,0,4
226000107,4,0,4
226000108,40,1,39
226000109,57,1,56
226000124,100,56,44
226000134,496,436,60
226000135,960,422,538
226000136,533,326,207
226000137,9,449,-440
226000138,13,299,-286
226000139,4,11,-7
226000156,120,2,118
226000157,285,12,273
226000163,146,193,-47
226000202,4,379,-375
226000231,332,17,315
226000232,73,5,68
227000033,7,4,3
227000037,192,29,163
227000038,297,59,238
227000049,0,41,-41
227000050,2,58,-56
227000055,96,0,96
227000056,41,0,41
227000084,1,89,-88
227000085,3,53,-50
227000088,88,3,85
227000089,154,4,150
227000090,51,2,49
227000091,13,1,12
227000093,114,0,114
227000094,12,0,12
227000130,49,58,-9
227000131,34,220,-186
227000132,15,171,-156
227000133,14,166,-152
227000134,31,292,-261
227000152,0,4,-4
227000153,0,43,-43
227000155,3,15,-12
227000156,1,12,-11
227000165,2,18,-16
227000196,36,274,-238
227000199,264,31,233
227000230,19,392,-373
227000232,227,32,195
227000241,242,33,209
227000242,57,419,-362
227000243,338,67,271
227000244,215,79,136
227000245,20,313,-293
227000246,122,521,-399
227000247,228,101,127
227000248,298,32,266
227000249,41,229,-188
227000250,55,12,43
227000251,184,259,-75
227000252,25,342,-317
227000253,104,15,89
227000262,207,37,170
227000266,638,19,619
227000267,38,1079,-1041
227000486,474,170,304
227000655,310,12,298
227000661,84,13,71
227000680,300,36,264
229000265,12,17,-5
229000296,2,12,-10
229000297,3,26,-23
229000298,3,85,-82
229000320,6,13,-7
229000321,21,9,12
229000412,13,50,-37
229000414,4,41,-37
229000415,47,2,45
229000416,2,3,-1
229000417,3,16,-13
229000419,135,217,-82
229000440,332,69,263
229000442,12,5,7
229000443,4,5,-1
229000444,2,19,-17
229000445,66,3,63
229000446,44,26,18
229000847,61,1,60
229000848,35,0,35
229000849,59,0,59
229000851,28,0,28
229000854,0,21,-21
229000856,0,111,-111
229000857,1,43,-42
229000858,0,64,-64
229000919,8,133,-125
229000930,1,323,-322
229000937,104,18,86
229000966,43,10,33
229000981,19,61,-42
229000985,6,21,-15
229000986,0,5,-5
229000987,1,0,1
229000988,1,5,-4
229000989,1,17,-16
229000990,2,0,2
229000991,0,0,0
229000992,9,7,2
229000993,153,45,108
229000998,6,51,-45
229000999,63,10,53
229001034,0,8,-8
229001035,0,3,-3
229001037,64,5,59
229001042,11,20,-9
229001047,3,20,-17
229001050,48,33,15
229001200,11,9,2
229001338,2,24,-22
229001394,213,6,207
229001422,119,20,99
229001423,27,175,-148
229001431,70,61,9
229001432,57,95,-38
229001444,155,41,114
229001445,24,142,-118
229001503,137,109,28
229001504,123,197,-74
229001505,113,37,76
229001506,125,152,-27
229001509,52,19,33
229001545,73,10,63
229001546,13,119,-106
229001553,69,16,53
229001554,57,164,-107
229001559,2,7,-5
229001560,23,21,2
229001630,58,10,48
229001631,14,26,-12
229001635,0,12,-12
229001636,1,1,0
229001658,0,140,-140
229001659,71,1,70
229001660,13,7,6
229001661,3,10,-7
229001662,33,0,33
229001663,0,10,-10
229002584,109,145,-36
229002831,123,101,22
229002841,13,4,9
229002842,5,18,-13
229002843,73,11,62
229002844,26,37,-11
229002845,13,70,-57
229002846,38,26,12
229002847,0,8,-8
229002848,18,15,3
229002849,4,54,-50
229002850,27,2,25
229002851,47,60,-13
229002852,145,24,121
229002853,110,34,76
229002854,27,30,-3
229002855,7,12,-5
229002856,38,11,27
229002857,3,44,-41
229002858,36,5,31
229002859,44,27,17
229002860,119,9,110
229002861,66,21,45
229002862,18,14,4
229002863,18,10,8
229002864,25,27,-2
229002865,16,5,11
229002866,21,18,3
229002867,4,18,-14
229002868,16,13,3
229002869,14,96,-82
229002870,53,7,46
235000066,317,73,244
235000067,101,95,6
235000072,12,71,-59
235000073,51,299,-248
235000074,73,48,25
235000080,70,81,-11
235000081,104,95,9
235000082,174,66,108
235000083,138,77,61
235000084,65,47,18
235000085,59,73,-14
235000089,10,58,-48
235000092,16,143,-127
235000093,10,3,7
235000097,3,10,-7
235000098,50,4,46
235000099,39,31,8
235000116,86,16,70
235000117,719,12,707
235000133,6,368,-362
235000134,0,139,-139
235000206,5,1,4
235000207,2,3,-1
235000208,3,0,3
235000209,4,10,-6
235000210,11,3,8
235000212,6,17,-11
235000213,1,7,-6
235000220,0,2,-2
235000221,48,15,33
235000238,14,47,-33
235000239,1,24,-23
235000242,281,427,-146
235000245,508,155,353
235000246,7,52,-45
235000284,11,102,-91
235000295,198,6,192
235000305,255,13,242
235000306,138,10,128
235000307,10,0,10
235000308,8,2,6
235000309,41,1,40
235000310,20,0,20
235000311,93,39,54
235000322,0,25,-25
235000323,0,62,-62
235000324,3,23,-20
235000325,0,9,-9
235000326,17,203,-186
235000351,1,61,-60
235000352,6,21,-15
235000353,2,18,-16
235000354,6,31,-25
235000355,9,36,-27
235000356,59,7,52
235000357,13,10,3
235000358,82,2,80
235000359,9,4,5
235000360,17,9,8
235000361,47,6,41
235000381,74,208,-134
235000382,132,35,97
235000390,15,6,9
235000391,87,53,34
235000392,201,286,-85
235000393,89,132,-43
235000395,84,50,34
235000396,316,91,225
235000400,61,106,-45
235000401,43,105,-62
235000405,88,209,-121
235000406,34,214,-180
235000407,77,81,-4
235000409,164,95,69
235000410,24,189,-165
235000411,1,65,-64
235000485,0,3,-3
235000486,8,0,8
235000549,150,73,77
235000550,60,124,-64
235000599,95,43,52
235000600,13,7,6
235000601,8,26,-18
235000602,57,89,-32
235000614,1,2,-1
235000648,0,10,-10
235000649,55,3,52
235000685,0,6,-6
235000815,11,17,-6
235000834,0,7,-7
235000855,84,49,35
235000862,61,119,-58
235000891,32,26,6
235000892,17,4,13
235000901,92,48,44
235000907,2,7,-5
235001010,61,67,-6
235001029,440,291,149
235001030,312,224,88
235001078,87,90,-3
235001079,69,91,-22
235001147,36,58,-22
235001166,15,74,-59
235001167,47,40,7
235001169,50,299,-249
235001188,0,4,-4
235001189,3,1,2
235001197,8,26,-18
235001200,38,46,-8
235001207,355,36,319
235001210,115,205,-90
235001215,26,186,-160
235001239,0,42,-42
235001244,1,18,-17
235016267,0,82,-82
277102712,1,3,-2
277103813,0,0,0
277104249,0,1,-1
277104250,0,5,-5
277104251,0,7,-7
277104252,0,0,0
990011530,0,207,-207
990014944,1,483,-482
990015176,93,24,69
990016032,1,231,-230
990032570,1,20,-19
990070001,91,2,89
990070103,0,7,-7
990070601,0,28,-28
990070751,503,3,500
990070766,0,450,-450
990071180,400,206,194
990071343,53,24,29
990071387,2,11,-9
990071823,6,2,4
990072600,0,723,-723
990072964,0,410,-410
990073285,0,2,-2
990074393,3,712,-709
990074870,1091,14,1077
990075106,1125,10,1115
990075746,328,3,325
990076437,802,3,799
990076458,3,750,-747
997000007,606,6,600
997000041,0,115,-115
997000058,22,0,22
997000062,41,1,40
997000069,0,4,-4
997000070,0,29,-29
997000100,16,1,15
997000141,5,904,-899
997000198,355,697,-342
998000475,1,46,-45
998000736,0,127,-127
998000965,0,9,-9
998001031,0,65,-65
998001700,0,21,-21
998001899,0,0,0
998001900,5,1,4
998003073,749,7,742
998101900,0,0,0
998102850,1,89,-88
998501927,814,534,280
998501929,103,3,100
998501930,42,0,42
998501931,114,7,107
998501932,6,1,5
998501933,42,2,40
998501937,20,3,17
998501944,0,2,-2
998501950,1,1,0
998501970,60,1,59
998501971,0,48,-48
998501973,0,63,-63
998501974,3,270,-267
998501975,171,3,168
998501976,116,1,115
998501977,4,30,-26
998501978,19,0,19
998501979,0,9,-9
998501980,73,1,72
998501981,26,1,25
998501982,0,78,-78
998501983,0,2,-2
998502006,0,0,0
998502024,0,10,-10
998502032,0,3,-3
998502062,31,0,31
998502063,0,0,0
998502173,62,0,62
998502269,0,1,-1
998502546,1,114,-113
998502578,0,1,-1
998502599,46,236,-190
998502621,0,2,-2
998601159,2,196,-194
998601292,0,19,-19
999033574,2,525,-523
999800001,36,2,34
999800002,0,1,-1
999800003,0,1,-1
999800004,0,3,-3
999800005,0,8,-8
