dong,insum,outsum,diff
강남구 개포1동,194,355,-161
강남구 개포2동,3607,6111,-2504
강남구 개포4동,2134,4464,-2330
강남구 논현1동,12514,10961,1553
강남구 논현2동,7753,7369,384
강남구 대치1동,8027,4055,3972
강남구 대치2동,9629,7890,1739
강남구 대치4동,9980,6120,3860
강남구 도곡1동,5597,5882,-285
강남구 도곡2동,2680,1794,886
강남구 삼성1동,10998,8727,2271
강남구 삼성2동,5263,4644,619
강남구 세곡동,4822,12696,-7874
강남구 수서동,11897,4217,7680
강남구 신사동,7126,3969,3157
강남구 압구정동,13709,8824,4885
강남구 역삼1동,24104,17020,7084
강남구 역삼2동,8298,6565,1733
강남구 일원1동,2730,4004,-1274
강남구 일원2동,1248,1010,238
강남구 일원본동,2348,4463,-2115
강남구 청담동,10949,7762,3187
강동구 강일동,2579,7697,-5118
강동구 고덕제1동,1416,3179,-1763
강동구 고덕제2동,3642,2724,918
강동구 길동,3826,5030,-1204
강동구 둔촌제1동,71,78,-7
강동구 둔촌제2동,3895,3942,-47
강동구 명일제1동,4367,4764,-397
강동구 명일제2동,3623,2329,1294
강동구 상일동,5935,6266,-331
강동구 성내제1동,3509,4146,-637
강동구 성내제2동,4959,4516,443
강동구 성내제3동,4172,4911,-739
강동구 암사제1동,1532,5076,-3544
강동구 암사제2동,807,816,-9
강동구 암사제3동,293,344,-51
강동구 천호제1동,1343,3949,-2606
강동구 천호제2동,9007,6395,2612
강동구 천호제3동,3428,2547,881
강북구 미아동,6590,5397,1193
강북구 번1동,18477,13948,4529
강북구 번2동,2241,6104,-3863
강북구 번3동,2775,8541,-5766
강북구 삼각산동,1780,4038,-2258
강북구 삼양동,3171,8340,-5169
강북구 송중동,25227,22088,3139
강북구 송천동,6562,8172,-1610
강북구 수유1동,3543,6366,-2823
강북구 수유2동,2819,6411,-3592
강북구 수유3동,14439,8838,5601
강북구 우이동,3048,4792,-1744
강북구 월곡제1동,389,368,21
강북구 인수동,2999,8271,-5272
강서구 가양제1동,5395,4188,1207
강서구 가양제2동,602,1162,-560
강서구 가양제3동,531,1549,-1018
강서구 공항동,5282,3965,1317
강서구 등촌제1동,4728,6764,-2036
강서구 등촌제2동,2454,5339,-2885
강서구 등촌제3동,6238,6851,-613
강서구 발산제1동,7792,7715,77
강서구 방화제1동,3245,4282,-1037
강서구 방화제2동,2537,2062,475
강서구 방화제3동,398,627,-229
강서구 염창동,2608,4172,-1564
강서구 우장산동,4629,6475,-1846
강서구 화곡본동,2290,5127,-2837
강서구 화곡제1동,13220,15102,-1882
강서구 화곡제2동,1018,4155,-3137
강서구 화곡제3동,4270,3864,406
강서구 화곡제4동,1741,4666,-2925
강서구 화곡제6동,6380,7361,-981
강서구 화곡제8동,7453,5309,2144
관악구 낙성대동,9702,14987,-5285
관악구 난곡동,2315,10004,-7689
관악구 난향동,1284,4268,-2984
관악구 남현동,4467,4936,-469
관악구 대학동,13669,12687,982
관악구 미성동,4494,10864,-6370
관악구 보라매동,4802,7799,-2997
관악구 삼성동,3418,12472,-9054
관악구 서림동,5208,11638,-6430
관악구 서원동,22521,14369,8152
관악구 성현동,2270,9018,-6748
관악구 신림동,22765,12875,9890
관악구 신사동,3546,7213,-3667
관악구 신원동,907,2968,-2061
관악구 은천동,7299,8674,-1375
관악구 인헌동,4127,5346,-1219
관악구 조원동,12438,8755,3683
관악구 중앙동,3231,3039,192
관악구 청룡동,12499,6269,6230
관악구 청림동,701,2492,-1791
관악구 행운동,16205,13123,3082
광진구 광장동,2486,2555,-69
광진구 구의제1동,4600,5159,-559
광진구 구의제2동,3926,6805,-2879
광진구 구의제3동,5761,2882,2879
광진구 군자동,4657,6966,-2309
광진구 능동,3711,4580,-869
광진구 자양제1동,1238,1588,-350
광진구 자양제2동,5199,9019,-3820
광진구 자양제3동,1472,2396,-924
광진구 자양제4동,7551,7376,175
광진구 중곡제1동,2011,3415,-1404
광진구 중곡제2동,2639,4132,-1493
광진구 중곡제3동,2181,3968,-1787
광진구 중곡제4동,1615,3756,-2141
광진구 화양동,7101,6584,517
구로구 가리봉동,3468,3531,-63
구로구 개봉제1동,10436,11650,-1214
구로구 개봉제2동,7715,7735,-20
구로구 개봉제3동,1177,4487,-3310
구로구 고척제1동,4405,8216,-3811
구로구 고척제2동,3039,8149,-5110
구로구 구로제1동,2013,4258,-2245
구로구 구로제2동,8817,12340,-3523
구로구 구로제3동,25283,8030,17253
구로구 구로제4동,6333,4521,1812
구로구 구로제5동,10193,6992,3201
구로구 수궁동,7059,7676,-617
구로구 신도림동,11390,6675,4715
구로구 오류제1동,4020,5696,-1676
구로구 오류제2동,3279,4115,-836
구로구 항동,464,2763,-2299
금천구 가산동,17098,13131,3967
금천구 독산제1동,9806,17234,-7428
금천구 독산제2동,3484,7754,-4270
금천구 독산제3동,4534,9830,-5296
금천구 독산제4동,2905,3055,-150
금천구 미성동,20,189,-169
금천구 시흥제1동,10404,13836,-3432
금천구 시흥제2동,1916,6133,-4217
금천구 시흥제3동,3348,3725,-377
금천구 시흥제4동,1305,3783,-2478
금천구 시흥제5동,3785,7108,-3323
노원구 공릉1동,7185,6625,560
노원구 공릉2동,5480,7252,-1772
노원구 상계10동,4565,2283,2282
노원구 상계1동,4358,5889,-1531
노원구 상계2동,5995,4437,1558
노원구 상계3.4동,722,1836,-1114
노원구 상계5동,4399,4594,-195
노원구 상계6.7동,6219,4558,1661
노원구 상계8동,1204,2142,-938
노원구 상계9동,2227,3510,-1283
노원구 월계1동,13593,9081,4512
노원구 월계2동,2306,5636,-3330
노원구 월계3동,2692,4440,-1748
노원구 중계1동,3761,4797,-1036
노원구 중계2.3동,5309,4991,318
노원구 중계4동,3675,3801,-126
노원구 중계본동,4112,5237,-1125
노원구 하계1동,6519,6963,-444
노원구 하계2동,4267,3743,524
도봉구 도봉제1동,3392,4451,-1059
도봉구 도봉제2동,6162,5930,232
도봉구 방학제1동,4216,8014,-3798
도봉구 방학제2동,1288,5848,-4560
도봉구 방학제3동,2208,6226,-4018
도봉구 쌍문제1동,2208,7289,-5081
도봉구 쌍문제2동,3166,6309,-3143
도봉구 쌍문제3동,3114,2174,940
도봉구 쌍문제4동,1442,5901,-4459
도봉구 창제1동,15967,6207,9760
도봉구 창제2동,1814,6494,-4680
도봉구 창제3동,1927,5802,-3875
도봉구 창제4동,7173,6272,901
도봉구 창제5동,5845,6750,-905
동대문구 답십리제1동,4362,6030,-1668
동대문구 답십리제2동,5141,7169,-2028
동대문구 면목제5동,14,23,-9
동대문구 용신동,16591,16309,282
동대문구 이문제1동,3262,5214,-1952
동대문구 이문제2동,1757,2453,-696
동대문구 장안제1동,11109,9846,1263
동대문구 장안제2동,5417,9196,-3779
동대문구 전농제1동,5701,9092,-3391
동대문구 전농제2동,3244,5834,-2590
동대문구 제기동,8711,9193,-482
동대문구 청량리동,13112,9825,3287
동대문구 회기동,3282,2839,443
동대문구 휘경제1동,7249,5712,1537
동대문구 휘경제2동,4876,6897,-2021
동작구 노량진제1동,17640,13919,3721
동작구 노량진제2동,8648,5698,2950
동작구 대방동,11044,14336,-3292
동작구 사당제1동,6767,7243,-476
동작구 사당제2동,8725,7551,1174
동작구 사당제3동,1391,4353,-2962
동작구 사당제4동,234,382,-148
동작구 사당제5동,2105,4331,-2226
동작구 상도제1동,15591,18351,-2760
동작구 상도제2동,5506,7951,-2445
동작구 상도제3동,4034,7425,-3391
동작구 상도제4동,1761,7909,-6148
동작구 신대방제1동,2044,1797,247
동작구 신대방제2동,6254,8435,-2181
동작구 흑석동,9200,9841,-641
마포구 공덕동,4516,6242,-1726
마포구 대흥동,6932,5682,1250
마포구 도화동,2951,2848,103
마포구 망원제1동,1925,4602,-2677
마포구 망원제2동,1977,3568,-1591
마포구 상암동,15562,11489,4073
마포구 서강동,2387,2978,-591
마포구 서교동,32756,17573,15183
마포구 성산제1동,3166,5720,-2554
마포구 성산제2동,4232,8212,-3980
마포구 신수동,777,1573,-796
마포구 아현동,5686,6044,-358
마포구 연남동,1994,2714,-720
마포구 염리동,822,1485,-663
마포구 용강동,4125,3942,183
마포구 합정동,5265,5306,-41
서대문구 남가좌제1동,2956,4115,-1159
서대문구 남가좌제2동,4123,9827,-5704
서대문구 북가좌제1동,1532,3587,-2055
서대문구 북가좌제2동,3824,7984,-4160
서대문구 북아현동,4649,5184,-535
서대문구 신촌동,29939,15699,14240
서대문구 연희동,16550,22241,-5691
서대문구 천연동,5253,6139,-886
서대문구 충현동,8962,11541,-2579
서대문구 홍은제1동,3918,7981,-4063
서대문구 홍은제2동,6754,13791,-7037
서대문구 홍제제1동,7369,5836,1533
서대문구 홍제제2동,5339,7125,-1786
서대문구 홍제제3동,4600,5270,-670
서초구 내곡동,2879,4128,-1249
서초구 반포1동,7004,6097,907
서초구 반포2동,2474,1766,708
서초구 반포3동,7815,4568,3247
서초구 반포4동,8950,4847,4103
서초구 반포본동,2747,2573,174
서초구 방배1동,4696,3739,957
서초구 방배2동,5141,4841,300
서초구 방배3동,2611,3534,-923
서초구 방배4동,3584,4959,-1375
서초구 방배본동,2511,3584,-1073
서초구 서초1동,4392,4241,151
서초구 서초2동,10036,9683,353
서초구 서초3동,8882,7805,1077
서초구 서초4동,7193,6256,937
서초구 양재1동,15948,16937,-989
서초구 양재2동,7815,8910,-1095
서초구 잠원동,4805,8242,-3437
성동구 금호1가동,1385,3025,-1640
성동구 금호2.3가동,3413,3995,-582
성동구 금호4가동,2168,3396,-1228
성동구 마장동,2722,3572,-850
성동구 사근동,3599,2033,1566
성동구 성수1가제1동,2257,2196,61
성동구 성수1가제2동,1752,1251,501
성동구 성수2가제1동,1545,2274,-729
성동구 성수2가제3동,2851,2065,786
성동구 송정동,1079,2064,-985
성동구 옥수동,3973,4856,-883
성동구 왕십리도선동,5288,3595,1693
성동구 왕십리제2동,2478,4641,-2163
성동구 용답동,3821,3807,14
성동구 응봉동,931,4006,-3075
성동구 행당제1동,6240,3119,3121
성동구 행당제2동,3351,4245,-894
성북구 길음제1동,7770,9056,-1286
성북구 길음제2동,4091,5582,-1491
성북구 돈암제1동,9708,7014,2694
성북구 돈암제2동,848,4329,-3481
성북구 동선동,14164,9318,4846
성북구 보문동,3041,3901,-860
성북구 삼선동,11734,11972,-238
성북구 석관동,2855,5018,-2163
성북구 성북동,6981,6831,150
성북구 안암동,4476,3850,626
성북구 월곡제1동,4974,7030,-2056
성북구 월곡제2동,3899,3259,640
성북구 장위제1동,1787,7576,-5789
성북구 장위제2동,3401,4448,-1047
성북구 장위제3동,1785,3696,-1911
성북구 정릉제1동,3736,6492,-2756
성북구 정릉제2동,3920,11402,-7482
성북구 정릉제3동,3301,4000,-699
성북구 정릉제4동,4626,8277,-3651
성북구 종암동,8086,12726,-4640
송파구 가락1동,1462,2079,-617
송파구 가락2동,4495,6815,-2320
송파구 가락본동,7453,7998,-545
송파구 거여1동,1323,1965,-642
송파구 거여2동,363,675,-312
송파구 마천1동,1033,2384,-1351
송파구 마천2동,2032,6716,-4684
송파구 문정1동,1571,2956,-1385
송파구 문정2동,9539,8642,897
송파구 방이1동,2164,2856,-692
송파구 방이2동,6147,5403,744
송파구 삼전동,4088,7701,-3613
송파구 석촌동,7906,10973,-3067
송파구 송파1동,5411,5874,-463
송파구 송파2동,1872,2255,-383
송파구 오금동,4583,6792,-2209
송파구 오륜동,3341,2436,905
송파구 위례동,4066,6520,-2454
송파구 잠실2동,2259,1877,382
송파구 잠실3동,16070,8435,7635
송파구 잠실4동,266,348,-82
송파구 잠실6동,5153,3008,2145
송파구 잠실7동,3683,1938,1745
송파구 잠실본동,7943,8713,-770
송파구 장지동,3858,4128,-270
송파구 풍납1동,1931,1808,123
송파구 풍납2동,3260,4665,-1405
양천구 목1동,14879,6734,8145
양천구 목2동,10464,10831,-367
양천구 목3동,5335,7369,-2034
양천구 목4동,3525,9462,-5937
양천구 목5동,8690,6912,1778
양천구 신월1동,1058,2232,-1174
양천구 신월2동,1402,4275,-2873
양천구 신월3동,1535,3598,-2063
양천구 신월4동,1708,5865,-4157
양천구 신월5동,1476,4780,-3304
양천구 신월6동,1316,2105,-789
양천구 신월7동,2656,7661,-5005
양천구 신정1동,2611,2700,-89
양천구 신정2동,1252,2125,-873
양천구 신정3동,7249,11886,-4637
양천구 신정4동,12383,7014,5369
양천구 신정6동,2160,2026,134
양천구 신정7동,2395,3728,-1333
영등포구 당산제1동,4624,3502,1122
영등포구 당산제2동,12030,7566,4464
영등포구 대림제1동,3000,4467,-1467
영등포구 대림제2동,2158,2102,56
영등포구 대림제3동,2624,4648,-2024
영등포구 도림동,1636,6070,-4434
영등포구 문래동,5985,5367,618
영등포구 신길제1동,1562,3175,-1613
영등포구 신길제3동,2335,5810,-3475
영등포구 신길제4동,622,2035,-1413
영등포구 신길제5동,3176,3433,-257
영등포구 신길제6동,2881,5612,-2731
영등포구 신길제7동,2930,4908,-1978
영등포구 양평제1동,2423,2523,-100
영등포구 양평제2동,4043,4593,-550
영등포구 여의동,22571,11821,10750
영등포구 영등포동,18707,13360,5347
영등포구 영등포본동,5746,5194,552
용산구 남영동,10695,9062,1633
용산구 보광동,1414,3331,-1917
용산구 서빙고동,1823,3510,-1687
용산구 용문동,742,1375,-633
용산구 용산2가동,2965,5167,-2202
용산구 원효로제1동,2888,3929,-1041
용산구 원효로제2동,1449,3311,-1862
용산구 이촌제1동,2674,2745,-71
용산구 이촌제2동,456,1561,-1105
용산구 이태원제1동,4023,4495,-472
용산구 이태원제2동,2009,2837,-828
용산구 청파동,3135,5016,-1881
용산구 필동,382,48,334
용산구 한강로동,13414,8896,4518
용산구 한남동,14826,11764,3062
용산구 효창동,1402,3266,-1864
용산구 후암동,1593,4023,-2430
은평구 갈현제1동,1926,6228,-4302
은평구 갈현제2동,6475,7773,-1298
은평구 구산동,2309,5385,-3076
은평구 녹번동,9992,8182,1810
은평구 대조동,11576,10061,1515
은평구 불광제1동,11545,9416,2129
은평구 불광제2동,4112,8328,-4216
은평구 수색동,2564,4375,-1811
은평구 신사제1동,5297,8665,-3368
은평구 신사제2동,5215,6716,-1501
은평구 역촌동,7016,8936,-1920
은평구 응암제1동,4343,9249,-4906
은평구 응암제2동,1585,4266,-2681
은평구 응암제3동,3540,6061,-2521
은평구 증산동,7407,6070,1337
은평구 진관동,9270,12520,-3250
종로구 가회동,390,834,-444
종로구 교남동,2554,1969,585
종로구 무악동,1548,1721,-173
종로구 부암동,3026,4843,-1817
종로구 사직동,12801,7027,5774
종로구 삼청동,936,907,29
종로구 숭인제1동,235,843,-608
종로구 숭인제2동,3536,3901,-365
종로구 이화동,8186,4829,3357
종로구 종로1.2.3.4가동,30485,13004,17481
종로구 종로5.6가동,4921,2983,1938
종로구 창신제1동,6220,4218,2002
종로구 창신제2동,1290,2783,-1493
종로구 창신제3동,1005,1771,-766
종로구 청운효자동,1656,3067,-1411
종로구 충현동,1042,527,515
종로구 평창동,3359,5040,-1681
종로구 혜화동,10190,8080,2110
중구 광희동,6660,4351,2309
중구 다산동,1516,2257,-741
중구 동화동,660,769,-109
중구 명동,9828,5027,4801
중구 소공동,13097,4810,8287
중구 신당동,2098,2602,-504
중구 신당제5동,4031,2824,1207
중구 약수동,1630,1979,-349
중구 을지로동,2378,850,1528
중구 장충동,1764,1176,588
중구 중림동,2723,1765,958
중구 청구동,1930,1985,-55
중구 필동,1672,901,771
중구 황학동,1773,1709,64
중구 회현동,13170,9526,3644
중랑구 망우본동,5667,8307,-2640
중랑구 망우제3동,1186,3755,-2569
중랑구 면목본동,7591,7851,-260
중랑구 면목제2동,1674,4090,-2416
중랑구 면목제3.8동,6704,7845,-1141
중랑구 면목제4동,2614,3872,-1258
중랑구 면목제5동,1922,4270,-2348
중랑구 면목제7동,1109,3128,-2019
중랑구 묵제1동,4514,5739,-1225
중랑구 묵제2동,1090,1647,-557
중랑구 상봉제1동,2765,3769,-1004
중랑구 상봉제2동,8380,7307,1073
중랑구 신내1동,3806,10412,-6606
중랑구 신내2동,6283,4928,1355
중랑구 중화제1동,1925,3941,-2016
중랑구 중화제2동,6142,5603,539
NA,123074,200130,-77056
