ID,insum,outsum,diff
100000001,0,0,0
100000002,1325,2121,-796
100000003,2290,2915,-625
100000004,167,875,-708
100000005,1299,1818,-519
100000006,66,59,7
100000007,356,349,7
100000008,3,32,-29
100000009,37,198,-161
100000010,3,57,-54
100000011,61,50,11
100000012,13,39,-26
100000013,1,1,0
100000014,19,16,3
100000015,374,792,-418
100000016,79,168,-89
100000017,35,98,-63
100000018,205,148,57
100000019,396,947,-551
100000020,306,1194,-888
100000021,269,183,86
100000022,235,814,-579
100000023,555,554,1
100000025,132,692,-560
100000028,408,500,-92
100000029,3,54,-51
100000030,53,0,53
100000031,579,2251,-1672
100000032,274,1151,-877
100000033,154,1059,-905
100000034,12,214,-202
100000035,166,467,-301
100000036,124,283,-159
100000037,275,115,160
100000038,809,317,492
100000039,68,31,37
100000040,9,77,-68
100000041,363,127,236
100000042,287,63,224
100000043,159,99,60
100000044,23,21,2
100000045,14,84,-70
100000046,110,59,51
100000047,60,27,33
100000048,67,115,-48
100000049,240,175,65
100000051,178,75,103
100000053,29,0,29
100000054,69,2,67
100000055,48,20,28
100000056,101,65,36
100000057,484,103,381
100000058,70,133,-63
100000059,6,60,-54
100000060,88,115,-27
100000061,487,178,309
100000062,338,212,126
100000063,232,94,138
100000064,202,137,65
100000065,83,98,-15
100000066,52,47,5
100000067,70,158,-88
100000068,70,148,-78
100000069,34,141,-107
100000072,16,50,-34
100000073,173,173,0
100000075,175,29,146
100000076,516,1611,-1095
100000077,85,209,-124
100000078,20,99,-79
100000079,2,60,-58
100000080,1,35,-34
100000081,1,27,-26
100000102,854,1755,-901
100000103,430,479,-49
100000104,333,310,23
100000105,129,308,-179
100000106,326,1584,-1258
100000107,27,509,-482
100000108,112,72,40
100000109,559,385,174
100000116,419,524,-105
100000117,0,68,-68
100000118,1432,456,976
100000119,482,350,132
100000121,15,216,-201
100000122,104,490,-386
100000123,1988,2218,-230
100000124,759,956,-197
100000125,296,1600,-1304
100000126,169,298,-129
100000127,307,345,-38
100000128,37,401,-364
100000129,47,98,-51
100000130,299,329,-30
100000131,129,232,-103
100000132,156,1260,-1104
100000133,750,236,514
100000135,135,260,-125
100000139,179,236,-57
100000140,0,0,0
100000142,145,81,64
100000143,60,91,-31
100000144,641,20,621
100000147,869,3379,-2510
100000150,23,112,-89
100000151,68,850,-782
100000153,9,79,-70
100000154,0,103,-103
100000155,0,28,-28
100000156,68,93,-25
100000157,579,55,524
100000158,46,95,-49
100000159,24,335,-311
100000165,489,194,295
100000169,8,133,-125
100000174,46,112,-66
100000179,15,602,-587
100000180,117,37,80
100000181,28,70,-42
100000188,4,34,-30
100000189,307,118,189
100000190,157,531,-374
100000191,26,152,-126
100000192,2,92,-90
100000193,42,64,-22
100000330,219,450,-231
100000355,26,43,-17
100000362,909,435,474
100000363,2715,3367,-652
100000364,224,43,181
100000365,4670,3900,770
100000366,858,688,170
100000367,3415,3679,-264
100000368,62,61,1
100000369,134,1213,-1079
100000370,20,533,-513
100000376,39,257,-218
100000379,378,1702,-1324
100000380,1725,2810,-1085
100000384,1613,2776,-1163
100000385,384,2493,-2109
100000386,1110,2021,-911
100000387,801,4094,-3293
100000388,1390,1337,53
100000389,1805,3339,-1534
100000390,814,773,41
100000391,1880,4075,-2195
100000392,232,618,-386
100000393,228,1873,-1645
100000394,783,1147,-364
100000395,477,1186,-709
100000396,896,519,377
100000397,479,1541,-1062
100000398,6559,2062,4497
100000413,0,0,0
100900002,0,0,0
100900003,31,64,-33
100900004,0,0,0
100900005,0,0,0
100900006,0,0,0
100900007,0,0,0
100900008,0,0,0
100900009,0,0,0
100900010,0,0,0
100900011,0,0,0
100900012,0,0,0
100900013,0,0,0
100900014,0,0,0
100900015,2,0,2
100900016,0,0,0
100900017,32,14,18
100900018,0,0,0
100900019,0,0,0
100900020,0,0,0
100900021,29,0,29
100900022,0,0,0
100900023,0,0,0
100900024,0,0,0
100900025,0,0,0
100900026,0,0,0
100900027,5,169,-164
100900028,4,7,-3
100900029,0,0,0
100900030,0,1,-1
100900031,167,11,156
100900032,42,0,42
100900033,0,0,0
100900034,0,0,0
100900035,1,0,1
100900036,0,0,0
100900037,0,0,0
100900038,1,0,1
100900039,17,0,17
100900040,96,4,92
100900041,111,1,110
100900042,28,34,-6
100900043,0,4,-4
100900044,31,0,31
100900045,0,0,0
100900046,120,0,120
100900047,66,7,59
100900048,0,0,0
100900049,0,0,0
100900050,0,0,0
100900051,0,0,0
100900052,0,0,0
100900053,0,0,0
100900054,0,0,0
100900055,0,0,0
100900056,0,0,0
100900057,55,3,52
100900058,0,0,0
100900059,0,0,0
100900060,0,0,0
100900061,0,0,0
100900062,0,0,0
100900063,5,123,-118
100900064,26,0,26
100900065,0,0,0
100900066,0,2,-2
100900067,0,0,0
100900068,0,0,0
100900069,0,0,0
100900070,0,0,0
100900071,0,0,0
100900072,0,0,0
100900073,0,0,0
100900074,0,0,0
100900075,0,0,0
100900076,0,2,-2
100900077,1,0,1
100900078,3,0,3
100900079,0,0,0
100900080,0,2,-2
100900081,0,0,0
100900082,0,0,0
100900083,0,0,0
100900085,2,2,0
100900086,0,0,0
100900088,0,0,0
100900089,0,0,0
100900090,1,2,-1
100900091,3,4,-1
100900092,17,0,17
100900093,0,0,0
100900094,0,0,0
100900095,0,0,0
100900096,0,0,0
100900097,0,0,0
100900098,0,0,0
100900099,0,0,0
100900100,0,0,0
100900101,0,0,0
100900102,0,0,0
100900103,0,0,0
100900104,0,0,0
100900105,0,0,0
100900106,0,0,0
100900107,0,0,0
100900108,0,0,0
100900109,0,0,0
100900110,3,10,-7
100900111,0,0,0
100900112,0,0,0
100900113,0,0,0
100900114,0,0,0
100900115,0,0,0
100900116,15,0,15
100900117,0,0,0
100900118,0,0,0
100900119,0,0,0
100900120,0,0,0
100900121,5,0,5
100900122,0,0,0
100900123,0,0,0
100900124,0,0,0
100900125,0,0,0
100900126,0,0,0
100900127,0,0,0
100900128,0,0,0
100900129,0,0,0
100900131,1,0,1
100900133,0,0,0
100900134,0,0,0
100900135,0,0,0
100900137,0,0,0
100900138,0,0,0
100900139,0,0,0
100900140,0,0,0
100900141,0,0,0
100900142,0,0,0
100900143,0,0,0
100900144,0,0,0
100900145,0,0,0
100900146,0,0,0
100900147,0,0,0
100900148,0,0,0
100900149,0,0,0
100900150,0,0,0
100900151,0,0,0
100900152,0,0,0
100900153,0,0,0
100900154,4,0,4
100900155,0,0,0
100900156,0,0,0
100900157,0,0,0
100900159,0,0,0
100900160,0,0,0
100900161,0,0,0
100900162,0,0,0
100900163,0,0,0
100900164,0,0,0
100900165,0,0,0
100900166,0,0,0
100900167,0,0,0
100900168,0,0,0
100900169,0,0,0
100900170,0,0,0
100900171,0,0,0
100900172,0,0,0
100900173,0,0,0
100900174,0,0,0
100900176,0,0,0
100900177,0,0,0
100900178,28,4,24
100900179,0,0,0
100900180,0,0,0
100900181,0,0,0
100900182,0,0,0
100900184,3,5,-2
100900186,0,0,0
100900187,0,0,0
100900188,0,0,0
100900189,0,0,0
100900191,0,0,0
100900192,0,0,0
100900195,5,2,3
100900197,111,125,-14
100900198,0,0,0
100900199,8,1,7
100900200,0,0,0
100900201,0,0,0
100900202,0,0,0
100900203,0,0,0
100900204,2,0,2
100900205,0,0,0
100900206,0,0,0
100900207,0,0,0
100900210,0,0,0
100900211,0,0,0
100900213,0,0,0
100900214,0,0,0
100900215,0,0,0
100900217,1,3,-2
101000001,481,714,-233
101000002,236,705,-469
101000003,20,359,-339
101000004,2725,4247,-1522
101000005,1878,3334,-1456
101000006,2082,3604,-1522
101000007,475,2304,-1829
101000008,872,2312,-1440
101000009,914,252,662
101000010,187,242,-55
101000011,70,162,-92
101000012,21,11,10
101000013,100,371,-271
101000014,265,523,-258
101000015,637,577,60
101000016,14,340,-326
101000017,44,155,-111
101000018,460,594,-134
101000020,706,198,508
101000021,56,301,-245
101000022,1,2,-1
101000023,129,220,-91
101000025,98,124,-26
101000026,100,2,98
101000027,724,1510,-786
101000028,312,112,200
101000029,20,655,-635
101000030,95,70,25
101000031,51,648,-597
101000032,1219,2032,-813
101000033,225,1281,-1056
101000034,167,1060,-893
101000035,28,133,-105
101000036,262,509,-247
101000037,320,1342,-1022
101000039,234,765,-531
101000040,331,1067,-736
101000041,1836,3520,-1684
101000042,10,446,-436
101000043,953,2091,-1138
101000045,113,254,-141
101000046,652,1326,-674
101000047,801,1636,-835
101000048,106,154,-48
101000049,36,343,-307
101000050,180,980,-800
101000051,140,1477,-1337
101000052,476,1361,-885
101000053,158,417,-259
101000054,301,129,172
101000055,636,1239,-603
101000056,26,141,-115
101000057,115,406,-291
101000058,335,1325,-990
101000059,834,2064,-1230
101000060,118,104,14
101000061,163,2046,-1883
101000062,60,150,-90
101000063,142,1315,-1173
101000064,103,369,-266
101000065,40,717,-677
101000066,92,742,-650
101000067,105,93,12
101000068,258,483,-225
101000069,109,23,86
101000070,187,131,56
101000071,552,710,-158
101000072,2108,950,1158
101000073,969,806,163
101000074,2769,1831,938
101000075,4508,901,3607
101000077,1840,514,1326
101000078,925,684,241
101000079,1176,492,684
101000080,598,65,533
101000081,735,649,86
101000082,949,706,243
101000083,1104,852,252
101000084,204,195,9
101000085,1100,671,429
101000086,46,147,-101
101000087,103,157,-54
101000088,543,661,-118
101000089,346,628,-282
101000090,241,131,110
101000091,223,170,53
101000092,657,264,393
101000093,553,330,223
101000094,86,88,-2
101000095,41,72,-31
101000096,276,251,25
101000097,33,105,-72
101000098,77,226,-149
101000099,327,617,-290
101000100,179,520,-341
101000101,142,278,-136
101000102,84,335,-251
101000103,240,225,15
101000104,40,308,-268
101000105,12,126,-114
101000106,0,62,-62
101000107,14,38,-24
101000108,106,83,23
101000109,50,18,32
101000110,6,54,-48
101000111,13,43,-30
101000113,40,254,-214
101000114,715,1243,-528
101000115,0,0,0
101000116,0,0,0
101000117,0,0,0
101000119,5,23,-18
101000120,2,7,-5
101000121,2,2,0
101000122,0,7,-7
101000123,2,11,-9
101000124,581,117,464
101000125,73,36,37
101000128,27,97,-70
101000130,511,67,444
101000131,422,284,138
101000132,35,121,-86
101000135,0,16,-16
101000136,15,35,-20
101000137,8,268,-260
101000141,378,2855,-2477
101000147,258,66,192
101000148,88,1,87
101000149,0,0,0
101000150,32,67,-35
101000151,16,4,12
101000152,75,14,61
101000153,188,36,152
101000154,87,116,-29
101000155,0,0,0
101000156,0,0,0
101000157,2,5,-3
101000160,0,0,0
101000163,30,223,-193
101000164,49,23,26
101000165,166,85,81
101000166,135,264,-129
101000168,1,0,1
101000252,865,193,672
101000254,0,0,0
101000258,345,6,339
101000261,479,36,443
101000262,307,2069,-1762
101000263,60,761,-701
101000265,5,234,-229
101000266,52,73,-21
101000269,0,0,0
101000290,63,1338,-1275
101000293,0,0,0
101000294,149,124,25
101000295,22,77,-55
101000301,35,343,-308
101000304,565,1355,-790
101000305,1080,764,316
101000328,43,386,-343
101900001,0,0,0
101900002,0,0,0
101900003,0,0,0
101900004,0,0,0
101900005,0,0,0
101900006,0,0,0
101900007,0,0,0
101900008,0,0,0
101900009,0,0,0
101900010,0,0,0
101900011,0,0,0
101900012,0,0,0
101900013,0,0,0
101900017,0,0,0
101900018,6,0,6
101900019,0,0,0
101900020,10,0,10
101900021,0,0,0
101900022,12,9,3
101900023,0,0,0
101900026,0,0,0
101900027,0,0,0
102000001,491,2004,-1513
102000002,783,284,499
102000003,411,1549,-1138
102000004,514,1229,-715
102000005,169,1260,-1091
102000006,179,1078,-899
102000007,151,1694,-1543
102000008,1383,914,469
102000009,2137,2921,-784
102000010,801,914,-113
102000011,1302,2451,-1149
102000012,1355,1225,130
102000018,400,366,34
102000019,46,282,-236
102000026,2,96,-94
102000029,119,35,84
102000030,15,68,-53
102000031,7,44,-37
102000032,108,102,6
102000033,110,116,-6
102000034,43,23,20
102000035,108,45,63
102000036,11,99,-88
102000037,12,22,-10
102000038,29,18,11
102000039,15,11,4
102000040,49,21,28
102000041,22,93,-71
102000042,5,136,-131
102000043,2,20,-18
102000044,97,312,-215
102000045,112,292,-180
102000046,186,155,31
102000047,148,198,-50
102000048,92,184,-92
102000049,303,284,19
102000050,187,351,-164
102000051,72,105,-33
102000052,384,325,59
102000053,385,502,-117
102000054,86,113,-27
102000055,108,36,72
102000056,456,66,390
102000057,244,93,151
102000058,65,68,-3
102000059,49,68,-19
102000060,307,374,-67
102000061,154,176,-22
102000062,648,400,248
102000063,67,305,-238
102000064,396,517,-121
102000065,22,49,-27
102000066,236,186,50
102000067,462,1431,-969
102000068,1243,609,634
102000069,21,450,-429
102000070,441,15,426
102000071,2636,3634,-998
102000072,645,620,25
102000073,86,67,19
102000074,191,26,165
102000075,83,59,24
102000076,84,37,47
102000077,625,197,428
102000078,461,35,426
102000079,34,19,15
102000080,115,36,79
102000081,56,299,-243
102000082,43,123,-80
102000083,136,51,85
102000084,323,73,250
102000085,270,136,134
102000086,620,226,394
102000087,80,326,-246
102000088,112,80,32
102000089,463,125,338
102000090,145,389,-244
102000091,715,258,457
102000092,167,223,-56
102000093,134,174,-40
102000094,308,100,208
102000095,152,247,-95
102000096,935,214,721
102000097,274,237,37
102000098,239,231,8
102000099,443,210,233
102000100,103,180,-77
102000101,74,211,-137
102000102,76,242,-166
102000103,54,353,-299
102000104,45,133,-88
102000105,77,100,-23
102000106,160,72,88
102000107,478,37,441
102000108,172,36,136
102000109,70,66,4
102000110,516,150,366
102000111,2,27,-25
102000112,15,22,-7
102000113,1,14,-13
102000114,83,113,-30
102000115,7,39,-32
102000116,49,214,-165
102000117,2,76,-74
102000118,233,609,-376
102000119,131,181,-50
102000120,39,288,-249
102000121,82,211,-129
102000122,99,419,-320
102000123,99,99,0
102000124,113,280,-167
102000125,84,57,27
102000126,123,196,-73
102000127,252,41,211
102000128,62,191,-129
102000129,164,116,48
102000130,211,417,-206
102000131,179,222,-43
102000132,36,418,-382
102000133,964,283,681
102000134,201,211,-10
102000135,39,257,-218
102000136,22,80,-58
102000137,39,22,17
102000138,35,22,13
102000139,32,66,-34
102000140,3,6,-3
102000141,10,37,-27
102000142,56,8,48
102000143,47,24,23
102000144,83,18,65
102000145,58,9,49
102000146,140,32,108
102000147,24,21,3
102000148,8,135,-127
102000149,61,48,13
102000150,115,20,95
102000151,33,77,-44
102000152,65,61,4
102000153,163,137,26
102000154,45,71,-26
102000155,51,72,-21
102000156,13,23,-10
102000157,10,92,-82
102000158,4,94,-90
102000159,46,40,6
102000161,39,300,-261
102000162,14,15,-1
102000163,7,225,-218
102000164,98,335,-237
102000165,0,0,0
102000166,1,45,-44
102000167,0,0,0
102000168,16,41,-25
102000169,15,130,-115
102000170,0,0,0
102000171,0,0,0
102000172,1,62,-61
102000173,86,103,-17
102000174,0,4,-4
102000175,65,9,56
102000176,9,7,2
102000178,18,22,-4
102000179,97,102,-5
102000180,178,76,102
102000181,262,113,149
102000182,179,85,94
102000183,656,212,444
102000184,185,67,118
102000185,1021,153,868
102000186,269,125,144
102000187,138,107,31
102000188,446,387,59
102000189,422,64,358
102000190,352,684,-332
102000191,232,77,155
102000192,68,283,-215
102000193,21,3,18
102000194,18,22,-4
102000195,121,41,80
102000196,89,27,62
102000197,228,15,213
102000198,56,85,-29
102000199,336,10,326
102000200,97,170,-73
102000201,315,30,285
102000202,0,15,-15
102000203,62,8,54
102000204,110,121,-11
102000205,208,102,106
102000206,60,46,14
102000207,144,149,-5
102000208,8,111,-103
102000209,16,17,-1
102000210,75,8,67
102000211,9,0,9
102000212,249,12,237
102000213,0,0,0
102000214,121,2,119
102000215,0,0,0
102000216,20,56,-36
102000217,0,0,0
102000218,70,29,41
102000219,3,17,-14
102000225,309,208,101
102000226,0,0,0
102000227,45,1,44
102000228,0,0,0
102000229,2,0,2
102000230,50,139,-89
102000231,53,116,-63
102000232,3,89,-86
102000233,78,126,-48
102000234,17,600,-583
102000236,12,7,5
102000237,57,30,27
102000238,4,6,-2
102000240,0,0,0
102000241,18,1,17
102000243,2,22,-20
102000245,0,0,0
102000246,2,52,-50
102000247,15,177,-162
102000248,106,280,-174
102000249,24,14,10
102000250,38,63,-25
102000254,74,36,38
102000266,1,9,-8
102000271,0,0,0
102000286,47,119,-72
102000297,131,153,-22
102000301,0,0,0
102000303,0,0,0
102000307,0,0,0
102900001,80,27,53
102900002,36,0,36
102900003,0,0,0
102900005,128,11,117
102900006,42,2,40
102900007,131,0,131
102900008,32,0,32
102900009,9,1,8
102900010,79,10,69
102900011,0,0,0
102900012,0,0,0
102900013,0,0,0
102900015,0,0,0
102900016,0,0,0
102900017,0,0,0
102900018,0,0,0
102900019,0,0,0
102900020,0,0,0
102900021,0,0,0
102900022,0,0,0
102900023,0,0,0
102900024,0,0,0
102900025,0,0,0
102900026,3,124,-121
102900027,0,0,0
102900028,2,45,-43
102900029,0,0,0
102900030,1,20,-19
102900031,30,40,-10
102900032,0,0,0
102900033,0,0,0
102900034,110,1,109
102900035,0,0,0
102900036,143,12,131
102900037,51,12,39
102900038,17,8,9
102900039,1,0,1
102900040,0,0,0
102900041,0,0,0
102900042,0,0,0
102900043,0,0,0
102900044,0,0,0
102900045,0,0,0
102900046,0,0,0
102900047,0,0,0
102900048,0,0,0
102900049,0,0,0
102900050,0,0,0
102900051,0,0,0
102900052,0,0,0
102900053,0,0,0
102900054,0,0,0
102900055,0,0,0
102900056,0,0,0
102900057,0,0,0
102900058,0,0,0
102900059,0,0,0
102900060,1,37,-36
102900061,1,10,-9
102900062,52,22,30
102900063,49,5,44
102900064,0,55,-55
102900065,95,1,94
102900066,16,3,13
102900068,0,0,0
102900070,0,0,0
102900072,0,0,0
102900073,0,0,0
102900075,0,0,0
102900076,0,0,0
102900077,0,0,0
102900078,0,0,0
102900079,69,1,68
102900080,28,0,28
102900081,0,0,0
102900082,0,0,0
102900083,0,0,0
102900084,0,0,0
102900085,0,0,0
102900086,0,0,0
102900087,0,0,0
102900088,0,0,0
102900089,0,0,0
102900090,0,0,0
102900091,0,0,0
102900092,0,0,0
102900093,0,0,0
102900094,0,0,0
102900095,9,0,9
102900096,0,0,0
102900097,0,0,0
102900098,0,0,0
103000001,1997,1178,819
103000002,1224,1269,-45
103000003,1020,988,32
103000004,162,334,-172
103000005,1003,1108,-105
103000006,488,632,-144
103000007,284,232,52
103000008,109,51,58
103000009,380,483,-103
103000010,106,32,74
103000011,373,607,-234
103000012,548,929,-381
103000013,362,449,-87
103000014,679,1537,-858
103000015,78,20,58
103000016,202,414,-212
103000017,62,212,-150
103000018,166,194,-28
103000019,206,172,34
103000020,337,462,-125
103000021,1798,1579,219
103000022,108,283,-175
103000023,395,1471,-1076
103000024,17,62,-45
103000025,46,353,-307
103000026,113,71,42
103000027,95,189,-94
103000028,263,338,-75
103000029,51,43,8
103000030,230,476,-246
103000031,416,874,-458
103000032,616,453,163
103000033,2384,2186,198
103000034,477,347,130
103000035,163,499,-336
103000036,89,173,-84
103000037,173,118,55
103000038,223,557,-334
103000039,136,90,46
103000040,94,359,-265
103000041,685,519,166
103000042,617,76,541
103000043,407,298,109
103000044,45,11,34
103000046,21,24,-3
103000047,74,122,-48
103000048,18,31,-13
103000049,11,69,-58
103000050,61,4,57
103000051,24,76,-52
103000052,22,12,10
103000053,4,48,-44
103000054,804,138,666
103000055,948,446,502
103000056,270,237,33
103000057,425,144,281
103000058,361,122,239
103000059,222,238,-16
103000060,230,101,129
103000061,254,338,-84
103000062,154,51,103
103000063,349,365,-16
103000064,18,20,-2
103000065,0,15,-15
103000066,40,0,40
103000069,66,32,34
103000070,116,47,69
103000071,185,182,3
103000072,50,86,-36
103000073,334,69,265
103000074,213,21,192
103000075,7,82,-75
103000076,71,259,-188
103000077,1,61,-60
103000078,200,297,-97
103000079,99,255,-156
103000080,364,168,196
103000081,62,429,-367
103000082,291,28,263
103000083,3,67,-64
103000084,57,5,52
103000085,0,41,-41
103000086,461,256,205
103000087,50,345,-295
103000088,174,177,-3
103000089,81,295,-214
103000090,3166,2173,993
103000091,640,640,0
103000092,399,134,265
103000093,86,107,-21
103000094,184,66,118
103000095,10,56,-46
103000096,281,9,272
103000097,5,58,-53
103000098,371,36,335
103000099,21,38,-17
103000100,64,85,-21
103000101,487,59,428
103000102,11,36,-25
103000103,353,17,336
103000104,38,32,6
103000105,92,14,78
103000106,4,51,-47
103000107,104,27,77
103000108,600,1025,-425
103000109,185,503,-318
103000110,463,568,-105
103000111,113,145,-32
103000112,82,129,-47
103000113,63,397,-334
103000114,470,321,149
103000115,682,561,121
103000116,545,224,321
103000117,445,146,299
103000118,58,133,-75
103000119,59,110,-51
103000120,4,14,-10
103000121,46,45,1
103000122,623,878,-255
103000125,2,37,-35
103000126,318,0,318
103000127,0,55,-55
103000128,23,0,23
103000129,0,42,-42
103000130,22,7,15
103000131,37,53,-16
103000132,4,20,-16
103000133,0,34,-34
103000134,128,86,42
103000135,114,64,50
103000136,89,25,64
103000137,61,273,-212
103000138,160,311,-151
103000139,0,23,-23
103000140,16,11,5
103000141,3,42,-39
103000142,37,22,15
103000143,15,18,-3
103000144,43,31,12
103000145,0,14,-14
103000150,5,5,0
103000152,63,142,-79
103000153,81,225,-144
103000156,0,56,-56
103000157,65,0,65
103000159,121,44,77
103000162,3,4,-1
103000163,1,7,-6
103000164,1,5,-4
103000165,8,66,-58
103000166,76,213,-137
103000167,97,42,55
103000168,92,29,63
103000169,92,157,-65
103000170,690,216,474
103000171,15,29,-14
103000172,482,168,314
103000173,13,5,8
103000174,562,165,397
103000175,23,22,1
103000176,174,225,-51
103000177,57,20,37
103000178,22,20,2
103000179,35,5,30
103000183,90,0,90
103000185,103,3,100
103000186,122,65,57
103000187,3,1,2
103000188,10,41,-31
103000189,278,327,-49
103000191,154,105,49
103000292,29,181,-152
103000293,42,730,-688
103000295,60,44,16
103000296,23,1,22
103000297,2,2,0
103000504,2,1,1
103000505,0,0,0
103000506,0,12,-12
103000507,81,0,81
103000508,56,36,20
103000509,115,128,-13
103900001,0,0,0
103900002,0,0,0
103900003,48,9,39
103900004,2,0,2
103900005,0,0,0
103900006,0,0,0
103900007,0,0,0
103900008,2,0,2
103900009,68,14,54
103900010,21,0,21
103900011,0,0,0
103900012,1,4,-3
103900013,0,0,0
103900014,1,0,1
103900015,17,2,15
103900016,0,0,0
103900017,0,0,0
103900018,0,0,0
103900019,2,65,-63
103900020,0,0,0
103900021,17,0,17
103900022,107,6,101
103900023,25,0,25
103900024,1,9,-8
103900025,5,0,5
103900026,0,0,0
103900027,25,1,24
103900028,7,11,-4
103900029,181,3,178
103900030,29,3,26
103900031,1,0,1
103900032,2,8,-6
103900033,0,0,0
103900034,0,1,-1
103900035,0,0,0
103900036,23,5,18
103900037,0,5,-5
103900038,5,30,-25
103900039,2,0,2
103900040,0,0,0
103900041,0,2,-2
103900042,0,0,0
103900043,0,0,0
103900044,1,68,-67
103900045,5,1,4
103900047,0,0,0
103900048,0,1,-1
103900049,0,0,0
103900050,0,0,0
103900051,0,0,0
103900052,0,0,0
103900053,0,0,0
103900054,0,0,0
103900055,0,0,0
103900056,0,0,0
103900057,55,0,55
103900058,0,0,0
103900059,0,0,0
103900060,47,6,41
103900061,64,0,64
103900062,0,0,0
103900063,0,0,0
103900064,12,0,12
103900065,14,3,11
103900066,33,9,24
103900067,9,0,9
103900068,0,0,0
103900069,0,0,0
103900070,13,3,10
103900071,1,0,1
103900072,0,2,-2
103900073,0,27,-27
103900074,25,0,25
103900075,16,0,16
103900076,0,0,0
103900077,2,29,-27
103900078,1,2,-1
103900079,0,0,0
103900080,0,0,0
103900081,0,0,0
103900082,0,0,0
103900083,69,223,-154
103900084,0,0,0
103900085,0,1,-1
103900086,32,14,18
103900088,4,20,-16
103900089,0,0,0
103900090,0,0,0
103900091,0,0,0
103900092,0,0,0
103900093,57,0,57
103900094,0,0,0
103900095,0,0,0
103900096,15,0,15
103900097,0,0,0
103900098,0,0,0
103900099,18,0,18
103900100,0,0,0
103900101,0,0,0
103900102,0,0,0
103900104,0,3,-3
103900105,0,0,0
103900106,0,0,0
103900107,26,2,24
103900108,4,8,-4
103900109,6,0,6
103900110,0,0,0
103900111,0,0,0
103900112,0,0,0
103900113,0,0,0
103900114,0,0,0
103900115,0,0,0
103900116,0,15,-15
103900117,7,0,7
103900119,0,52,-52
103900120,1,0,1
103900122,1,0,1
103900123,0,0,0
103900124,0,0,0
103900125,0,0,0
103900126,23,0,23
103900127,1,2,-1
103900128,0,0,0
103900131,0,0,0
103900133,57,0,57
103900134,0,0,0
103900135,0,0,0
103900137,0,0,0
103900138,0,0,0
103900139,9,65,-56
103900140,0,0,0
103900141,6,0,6
103900142,24,0,24
103900143,1,0,1
103900144,0,0,0
103900145,1,14,-13
103900146,34,1,33
103900147,0,0,0
103900148,0,0,0
103900149,19,2,17
103900150,155,40,115
103900151,0,0,0
103900152,202,2,200
103900153,0,0,0
103900154,0,4,-4
103900155,11,0,11
103900156,0,0,0
103900157,0,0,0
103900158,18,0,18
103900159,0,0,0
103900160,0,0,0
103900161,0,4,-4
103900162,0,0,0
103900163,0,0,0
103900167,0,8,-8
103900168,6,0,6
103900169,3,8,-5
103900170,0,0,0
103900171,0,0,0
103900172,0,0,0
103900173,1,2,-1
103900174,46,1,45
103900175,3,16,-13
103900176,0,0,0
103900177,0,0,0
103900178,0,0,0
103900179,0,0,0
103900180,0,0,0
103900181,0,0,0
103900182,0,0,0
103900184,0,0,0
103900185,0,0,0
103900187,1,2,-1
103900188,7,0,7
103900189,6,0,6
103900190,6,3,3
103900191,0,0,0
103900192,0,0,0
103900193,0,0,0
103900194,0,0,0
103900195,0,0,0
103900196,0,0,0
103900197,0,0,0
103900198,0,0,0
103900199,0,0,0
103900200,0,0,0
103900201,0,0,0
103900202,0,0,0
103900203,3,1,2
103900204,0,0,0
103900207,0,0,0
103900208,13,0,13
103900209,0,0,0
103900210,0,0,0
103900211,68,0,68
103900212,0,0,0
103900213,0,0,0
103900214,151,208,-57
103900215,0,0,0
103900216,0,0,0
103900217,29,0,29
103900218,0,0,0
103900219,0,0,0
103900233,0,0,0
103900235,0,0,0
103900236,0,0,0
103900242,0,0,0
103900243,0,0,0
103900244,7,0,7
103900245,0,0,0
103900246,0,0,0
103900247,0,0,0
103900248,0,0,0
103900249,0,0,0
103900250,0,0,0
103900251,0,0,0
103900253,0,0,0
103900254,0,0,0
103900255,0,0,0
103900256,0,0,0
103900257,0,0,0
103900258,0,0,0
103900259,0,0,0
103900261,0,0,0
103900262,0,0,0
103900263,0,0,0
103900264,0,0,0
103900265,0,0,0
103900266,0,0,0
103900267,1,0,1
103900268,1,3,-2
103900269,3,0,3
103900270,0,1,-1
103900271,0,0,0
103900272,7,0,7
103900273,0,0,0
103900274,0,0,0
103900275,0,0,0
103900276,0,0,0
103900277,0,0,0
103900278,0,0,0
103900279,0,0,0
103900280,0,0,0
104000001,791,634,157
104000002,853,1298,-445
104000003,1089,991,98
104000004,1187,1190,-3
104000005,683,1126,-443
104000006,1225,714,511
104000007,2421,1467,954
104000008,37,37,0
104000009,457,190,267
104000010,52,176,-124
104000011,13,9,4
104000012,10,22,-12
104000013,136,212,-76
104000014,40,25,15
104000015,228,59,169
104000016,28,23,5
104000018,479,70,409
104000019,665,112,553
104000020,51,210,-159
104000021,83,250,-167
104000022,42,149,-107
104000023,508,104,404
104000024,25,17,8
104000026,28,10,18
104000027,13,3,10
104000028,452,147,305
104000029,20,17,3
104000030,457,335,122
104000031,525,53,472
104000032,51,7,44
104000033,532,85,447
104000034,59,6,53
104000035,709,84,625
104000036,543,214,329
104000037,9,4,5
104000038,374,173,201
104000039,259,142,117
104000040,40,233,-193
104000041,230,108,122
104000042,148,206,-58
104000043,52,109,-57
104000044,90,113,-23
104000045,291,75,216
104000046,366,196,170
104000047,118,374,-256
104000048,425,772,-347
104000049,254,77,177
104000050,68,136,-68
104000051,13,26,-13
104000052,532,578,-46
104000053,456,94,362
104000054,199,34,165
104000055,971,252,719
104000056,254,15,239
104000057,0,0,0
104000058,491,317,174
104000059,207,449,-242
104000060,306,349,-43
104000061,269,134,135
104000062,87,6,81
104000064,212,47,165
104000065,7,51,-44
104000069,243,574,-331
104000070,20,160,-140
104000071,0,0,0
104000072,108,3,105
104000075,0,0,0
104000076,0,0,0
104000082,420,847,-427
104000083,192,65,127
104000084,48,193,-145
104000085,161,55,106
104000086,96,87,9
104000087,41,118,-77
104000090,52,93,-41
104000092,69,102,-33
104000094,170,74,96
104000095,277,580,-303
104000096,827,1,826
104000097,858,102,756
104000098,1417,116,1301
104000100,1060,113,947
104000101,482,411,71
104000106,34,113,-79
104000107,545,84,461
104000108,108,25,83
104000109,40,15,25
104000110,125,298,-173
104000111,229,469,-240
104000112,48,32,16
104000116,0,91,-91
104000117,158,73,85
104000118,252,67,185
104000119,62,83,-21
104000120,85,81,4
104000121,35,166,-131
104000122,403,223,180
104000123,191,317,-126
104000124,238,579,-341
104000125,207,445,-238
104000126,249,320,-71
104000127,410,674,-264
104000128,462,81,381
104000129,80,5,75
104000130,1,54,-53
104000131,4,1,3
104000132,3,3,0
104000133,273,170,103
104000134,328,751,-423
104000135,129,979,-850
104000136,440,1270,-830
104000137,663,306,357
104000138,72,71,1
104000139,1051,1307,-256
104000141,291,358,-67
104000142,208,75,133
104000143,160,37,123
104000144,54,77,-23
104000145,140,49,91
104000146,29,118,-89
104000147,10,52,-42
104000148,161,89,72
104000149,10,37,-27
104000150,358,135,223
104000151,45,62,-17
104000152,135,102,33
104000153,435,272,163
104000154,150,245,-95
104000155,244,380,-136
104000157,456,392,64
104000158,44,166,-122
104000159,193,121,72
104000160,1115,1190,-75
104000161,28,35,-7
104000162,37,36,1
104000165,311,127,184
104000167,345,634,-289
104000168,367,1,366
104000169,96,9,87
104000170,13,8,5
104000248,0,51,-51
104000251,0,0,0
104000272,0,0,0
104000273,0,0,0
104000274,0,0,0
104000275,0,0,0
104000279,202,499,-297
104000290,0,44,-44
104000291,305,368,-63
104000293,374,384,-10
104000294,0,0,0
104000295,208,703,-495
104000296,125,187,-62
104000297,168,1129,-961
104000298,391,228,163
104000299,390,659,-269
104900001,0,0,0
104900002,0,0,0
104900003,0,0,0
104900004,0,0,0
104900005,0,0,0
104900006,0,0,0
104900007,0,0,0
104900009,0,0,0
104900010,0,0,0
104900011,0,0,0
104900012,0,0,0
104900013,0,0,0
104900014,0,0,0
104900015,0,0,0
104900016,0,0,0
104900017,1,0,1
104900018,0,0,0
104900019,0,0,0
104900020,0,0,0
104900021,0,0,0
104900022,2,1,1
104900023,0,0,0
104900024,0,1,-1
104900025,0,0,0
104900026,0,0,0
104900027,0,0,0
104900028,1,0,1
104900029,0,0,0
104900030,0,0,0
104900031,0,0,0
104900032,0,0,0
104900033,0,0,0
104900034,0,0,0
104900035,0,0,0
104900036,0,0,0
104900037,0,0,0
104900038,0,0,0
104900039,0,0,0
104900040,2,0,2
104900041,0,0,0
104900042,0,0,0
104900043,0,0,0
104900044,53,1,52
104900045,0,0,0
104900046,0,0,0
104900047,109,6,103
104900048,38,1,37
104900049,0,0,0
104900050,0,0,0
104900051,21,0,21
104900052,0,0,0
104900053,34,2,32
104900054,2,0,2
104900055,0,0,0
104900056,15,1,14
104900057,0,0,0
104900058,11,0,11
104900059,44,4,40
104900060,0,0,0
104900061,0,0,0
104900063,0,0,0
104900064,0,0,0
104900065,2,0,2
104900066,0,0,0
104900067,0,0,0
104900068,0,0,0
104900070,0,0,0
104900071,0,0,0
104900072,0,0,0
104900073,0,0,0
104900074,0,0,0
104900075,0,0,0
104900076,0,0,0
104900077,0,0,0
104900078,0,0,0
104900079,0,0,0
104900080,0,0,0
104900082,0,0,0
104900085,1,0,1
104900087,78,0,78
104900089,0,0,0
104900090,0,0,0
104900091,0,0,0
104900093,0,0,0
104900097,0,0,0
104900098,0,0,0
104900099,0,0,0
104900100,0,0,0
104900102,0,0,0
104900103,0,0,0
104900104,0,0,0
104900106,0,0,0
104900107,0,0,0
104900108,0,0,0
104900109,0,0,0
104900110,0,0,0
104900111,0,0,0
104900112,0,0,0
104900113,0,0,0
104900114,0,0,0
104900115,0,0,0
104900116,0,0,0
104900118,0,0,0
104900119,0,0,0
104900120,0,0,0
104900121,0,0,0
104900122,0,0,0
104900123,0,0,0
104900124,0,0,0
104900125,41,0,41
104900126,0,0,0
104900127,0,0,0
104900128,14,0,14
104900129,0,0,0
105000001,921,434,487
105000002,579,589,-10
105000003,787,1144,-357
105000004,242,496,-254
105000005,299,599,-300
105000006,455,931,-476
105000007,302,776,-474
105000008,360,1451,-1091
105000009,1604,1375,229
105000010,936,451,485
105000011,1192,1598,-406
105000012,436,610,-174
105000013,459,435,24
105000014,1804,1065,739
105000015,3215,5191,-1976
105000016,1064,806,258
105000017,1048,588,460
105000018,1088,438,650
105000019,686,845,-159
105000020,71,176,-105
105000021,66,5,61
105000022,28,24,4
105000023,211,99,112
105000028,1,116,-115
105000029,68,318,-250
105000030,1668,1077,591
105000033,336,523,-187
105000034,41,211,-170
105000037,148,24,124
105000038,401,525,-124
105000039,198,410,-212
105000040,225,494,-269
105000041,32,206,-174
105000042,799,598,201
105000043,231,132,99
105000044,218,159,59
105000045,76,124,-48
105000046,398,82,316
105000047,135,167,-32
105000048,646,162,484
105000049,128,70,58
105000050,461,169,292
105000051,84,74,10
105000052,143,202,-59
105000053,124,25,99
105000054,204,204,0
105000055,231,44,187
105000056,579,337,242
105000057,989,98,891
105000058,505,436,69
105000059,543,190,353
105000060,281,98,183
105000061,451,159,292
105000062,251,118,133
105000063,48,63,-15
105000064,750,141,609
105000065,25,54,-29
105000066,214,126,88
105000067,770,350,420
105000068,75,172,-97
105000069,567,501,66
105000070,344,419,-75
105000071,245,872,-627
105000072,783,1132,-349
105000073,383,306,77
105000074,42,152,-110
105000075,89,263,-174
105000076,459,246,213
105000077,842,205,637
105000078,290,452,-162
105000079,64,202,-138
105000080,1014,944,70
105000081,142,86,56
105000082,336,668,-332
105000083,1333,955,378
105000084,48,91,-43
105000085,1861,1144,717
105000086,138,94,44
105000087,42,143,-101
105000088,915,856,59
105000089,394,440,-46
105000090,151,131,20
105000091,176,97,79
105000092,133,84,49
105000093,188,113,75
105000094,217,51,166
105000095,37,122,-85
105000096,570,654,-84
105000097,145,49,96
105000098,469,319,150
105000099,87,57,30
105000100,351,274,77
105000101,924,377,547
105000102,478,287,191
105000103,532,363,169
105000104,564,163,401
105000105,541,326,215
105000106,483,202,281
105000107,432,171,261
105000108,501,171,330
105000109,606,233,373
105000110,323,103,220
105000111,418,102,316
105000112,458,207,251
105000113,173,366,-193
105000114,598,642,-44
105000115,165,652,-487
105000116,523,152,371
105000117,150,147,3
105000118,154,98,56
105000119,96,99,-3
105000120,612,207,405
105000121,180,132,48
105000122,163,161,2
105000123,199,111,88
105000124,830,176,654
105000125,390,275,115
105000126,745,275,470
105000127,908,230,678
105000128,115,133,-18
105000129,213,52,161
105000130,70,1564,-1494
105000131,69,37,32
105000132,615,406,209
105000133,100,80,20
105000134,410,180,230
105000135,33,65,-32
105000136,0,0,0
105000137,302,31,271
105000138,0,0,0
105000139,206,123,83
105000140,452,64,388
105000141,124,58,66
105000142,257,122,135
105000143,106,131,-25
105000144,106,112,-6
105000145,332,132,200
105000146,0,0,0
105000147,429,79,350
105000148,327,92,235
105000149,790,525,265
105000150,31,36,-5
105000151,205,43,162
105000152,60,87,-27
105000153,263,75,188
105000154,142,57,85
105000155,103,95,8
105000156,54,86,-32
105000157,316,175,141
105000158,635,103,532
105000159,135,111,24
105000160,885,165,720
105000161,182,152,30
105000162,178,683,-505
105000163,279,176,103
105000164,23,57,-34
105000165,69,1916,-1847
105000166,181,301,-120
105000167,274,871,-597
105000168,98,147,-49
105000169,161,17,144
105000170,49,436,-387
105000171,362,30,332
105000172,49,0,49
105000173,126,20,106
105000174,12,10,2
105000175,0,0,0
105000176,150,20,130
105000177,138,27,111
105000178,62,45,17
105000179,248,11,237
105000180,0,0,0
105000181,32,33,-1
105000182,0,0,0
105000183,464,1216,-752
105000184,1,0,1
105000185,115,341,-226
105000186,3,5,-2
105000187,219,108,111
105000188,28,96,-68
105000189,0,5,-5
105000190,67,141,-74
105000191,23,3,20
105000192,142,27,115
105000193,29,14,15
105000194,167,23,144
105000195,26,73,-47
105000196,38,97,-59
105000197,11,117,-106
105000198,15,38,-23
105000199,24,138,-114
105000200,61,139,-78
105000201,18,2,16
105000203,22,158,-136
105000204,11,33,-22
105000205,47,172,-125
105000207,0,0,0
105000208,61,121,-60
105000209,0,0,0
105000212,323,121,202
105000213,29,10,19
105000214,42,21,21
105000215,82,29,53
105000216,3,1,2
105000217,0,0,0
105000218,935,165,770
105000221,106,23,83
105000222,91,25,66
105000223,35,18,17
105000226,41,43,-2
105000227,12,48,-36
105000228,23,444,-421
105000229,114,312,-198
105000231,209,24,185
105000233,271,276,-5
105000234,210,311,-101
105000235,214,216,-2
105000237,330,16,314
105000243,64,19,45
105000248,11,33,-22
105000262,112,16,96
105000269,39,27,12
105000270,223,3,220
105000271,0,20,-20
105000282,17,10,7
105000287,114,14,100
105000288,172,147,25
105000289,422,613,-191
105000290,2,54,-52
105000402,242,918,-676
105000426,22,236,-214
105000438,495,392,103
105000446,1554,2851,-1297
105000447,1726,359,1367
105000454,0,0,0
105000455,76,52,24
105000474,28,17,11
105000477,145,150,-5
105000478,609,2186,-1577
105000479,41,38,3
105000480,1967,2603,-636
105000481,1292,878,414
105000482,605,1233,-628
105000483,445,851,-406
105000484,537,1113,-576
105000485,969,1286,-317
105000486,512,1551,-1039
105000488,556,1429,-873
105000489,616,210,406
105000549,15,21,-6
105000550,0,0,0
105000551,13,16,-3
105000552,522,312,210
105000555,421,491,-70
105900001,1,70,-69
105900002,135,17,118
105900003,0,0,0
105900004,0,0,0
105900005,0,0,0
105900006,0,0,0
105900007,0,0,0
105900008,0,0,0
105900009,1,2,-1
105900011,2,11,-9
105900012,27,8,19
105900013,1,0,1
105900014,8,5,3
105900015,0,0,0
105900016,29,5,24
105900017,0,0,0
105900018,0,0,0
105900019,1,0,1
105900020,0,0,0
105900021,0,3,-3
105900022,0,0,0
105900023,0,14,-14
105900024,2,6,-4
105900025,1,0,1
105900026,0,0,0
105900027,542,41,501
105900028,7,0,7
105900029,282,31,251
105900030,35,50,-15
105900031,0,0,0
105900032,0,0,0
105900033,0,0,0
105900034,0,0,0
105900035,0,0,0
105900036,0,0,0
105900037,0,0,0
105900038,0,0,0
105900039,0,0,0
105900040,0,0,0
105900041,0,0,0
105900042,0,0,0
105900043,63,0,63
105900044,0,0,0
105900045,0,0,0
105900046,0,0,0
105900047,0,0,0
105900048,36,24,12
105900050,9,68,-59
105900051,0,15,-15
105900052,3,0,3
105900053,0,0,0
105900054,0,0,0
105900056,17,13,4
105900057,10,0,10
105900058,0,0,0
105900059,0,0,0
106000001,920,594,326
106000002,84,577,-493
106000003,1085,1680,-595
106000004,443,1558,-1115
106000005,1899,2201,-302
106000006,1023,1062,-39
106000007,416,118,298
106000008,21,101,-80
106000009,317,174,143
106000010,36,86,-50
106000011,785,397,388
106000012,114,145,-31
106000013,1175,818,357
106000014,189,238,-49
106000015,1265,539,726
106000016,201,286,-85
106000017,734,224,510
106000018,52,143,-91
106000019,312,192,120
106000020,11,36,-25
106000021,361,138,223
106000022,41,22,19
106000023,739,95,644
106000024,64,45,19
106000025,189,261,-72
106000026,3,26,-23
106000027,1551,624,927
106000028,9,15,-6
106000029,11,9,2
106000030,0,0,0
106000034,0,0,0
106000035,379,492,-113
106000036,0,2,-2
106000037,161,48,113
106000038,14,5,9
106000039,4,26,-22
106000040,5,69,-64
106000041,383,95,288
106000043,175,35,140
106000046,76,18,58
106000047,0,0,0
106000049,435,11,424
106000050,34,111,-77
106000051,520,263,257
106000052,0,0,0
106000053,311,70,241
106000054,0,0,0
106000055,369,34,335
106000056,0,0,0
106000057,250,18,232
106000058,0,0,0
106000059,259,86,173
106000060,0,0,0
106000061,84,442,-358
106000062,0,0,0
106000063,401,429,-28
106000064,0,0,0
106000065,483,92,391
106000066,15,13,2
106000067,302,47,255
106000068,20,7,13
106000069,180,26,154
106000070,93,5,88
106000071,387,142,245
106000072,287,625,-338
106000073,430,1137,-707
106000074,261,387,-126
106000075,127,286,-159
106000076,475,244,231
106000077,691,273,418
106000078,560,139,421
106000079,469,96,373
106000080,751,91,660
106000081,358,119,239
106000082,554,62,492
106000083,229,269,-40
106000084,667,137,530
106000085,379,253,126
106000086,256,127,129
106000087,217,135,82
106000088,225,127,98
106000089,591,49,542
106000090,264,186,78
106000091,52,69,-17
106000092,176,82,94
106000093,330,41,289
106000094,0,0,0
106000095,420,87,333
106000096,693,73,620
106000097,405,99,306
106000098,584,82,502
106000099,84,50,34
106000100,749,34,715
106000101,487,20,467
106000102,4,82,-78
106000103,29,150,-121
106000104,458,70,388
106000105,52,166,-114
106000106,362,59,303
106000107,47,81,-34
106000108,219,42,177
106000109,25,38,-13
106000110,181,46,135
106000111,79,83,-4
106000112,130,150,-20
106000113,62,225,-163
106000114,255,168,87
106000115,103,237,-134
106000116,190,153,37
106000117,62,51,11
106000118,489,408,81
106000119,13,90,-77
106000120,308,413,-105
106000121,140,38,102
106000122,112,37,75
106000123,253,29,224
106000124,140,25,115
106000125,39,45,-6
106000126,272,20,252
106000127,216,143,73
106000128,264,74,190
106000129,228,169,59
106000130,512,85,427
106000131,22,258,-236
106000132,318,57,261
106000133,82,451,-369
106000134,220,1116,-896
106000135,2,103,-101
106000136,455,510,-55
106000137,0,104,-104
106000138,978,13,965
106000139,64,38,26
106000140,0,0,0
106000141,0,0,0
106000142,45,15,30
106000143,0,0,0
106000144,59,34,25
106000145,0,0,0
106000146,254,88,166
106000147,153,61,92
106000148,128,212,-84
106000149,423,66,357
106000150,227,547,-320
106000151,803,171,632
106000152,440,615,-175
106000153,47,365,-318
106000154,229,68,161
106000155,52,88,-36
106000156,620,41,579
106000157,99,404,-305
106000158,535,383,152
106000159,309,533,-224
106000160,204,996,-792
106000161,111,58,53
106000162,126,468,-342
106000163,58,52,6
106000164,410,50,360
106000165,57,66,-9
106000166,349,34,315
106000167,171,255,-84
106000168,247,38,209
106000169,64,86,-22
106000170,301,23,278
106000171,90,336,-246
106000172,684,81,603
106000173,403,496,-93
106000174,584,12,572
106000175,56,13,43
106000176,745,182,563
106000177,101,90,11
106000178,889,165,724
106000179,82,50,32
106000180,268,256,12
106000181,330,348,-18
106000182,990,102,888
106000183,735,69,666
106000184,363,101,262
106000185,265,248,17
106000186,75,6,69
106000187,6,186,-180
106000188,0,0,0
106000189,1,34,-33
106000190,0,2,-2
106000191,124,1,123
106000192,0,0,0
106000193,11,53,-42
106000194,4,83,-79
106000195,18,18,0
106000196,5,131,-126
106000197,119,43,76
106000198,43,7,36
106000199,149,147,2
106000200,26,101,-75
106000201,86,1033,-947
106000202,173,102,71
106000203,0,0,0
106000204,11,4,7
106000205,0,0,0
106000206,16,2,14
106000207,0,6,-6
106000208,773,26,747
106000209,967,116,851
106000210,16,11,5
106000211,10,47,-37
106000212,708,85,623
106000213,4,70,-66
106000214,518,109,409
106000215,61,143,-82
106000216,401,55,346
106000217,17,125,-108
106000218,193,20,173
106000219,31,92,-61
106000220,233,19,214
106000221,72,63,9
106000222,52,23,29
106000223,157,45,112
106000224,66,60,6
106000225,19,78,-59
106000226,28,105,-77
106000228,0,0,0
106000229,0,0,0
106000231,341,6,335
106000232,0,0,0
106000233,120,10,110
106000234,0,0,0
106000235,37,20,17
106000236,0,0,0
106000237,0,0,0
106000238,0,21,-21
106000239,0,0,0
106000240,9,2,7
106000241,0,100,-100
106000242,56,5,51
106000249,106,15,91
106000250,15,111,-96
106000251,59,3,56
106000252,0,0,0
106000253,30,11,19
106000254,0,0,0
106000255,37,10,27
106000256,0,0,0
106000257,4,75,-71
106000258,4,3,1
106000259,0,0,0
106000260,4,0,4
106000261,0,0,0
106000262,0,0,0
106000263,0,0,0
106000264,45,0,45
106000265,0,0,0
106000266,56,0,56
106000267,0,0,0
106000268,120,0,120
106000269,0,0,0
106000270,7,7,0
106000271,5,19,-14
106000272,0,0,0
106000273,0,32,-32
106000274,0,0,0
106000275,4,3,1
106000276,0,0,0
106000277,4,8,-4
106000278,0,0,0
106000279,0,0,0
106000280,0,0,0
106000281,0,0,0
106000282,0,0,0
106000283,0,0,0
106000284,0,0,0
106000285,0,0,0
106000286,0,0,0
106000287,0,0,0
106000288,0,0,0
106000289,0,0,0
106000290,0,0,0
106000291,0,0,0
106000292,0,0,0
106000293,0,0,0
106000294,0,0,0
106000295,0,0,0
106000296,0,0,0
106000297,0,0,0
106000298,0,0,0
106000299,0,0,0
106000300,0,0,0
106000301,0,0,0
106000303,5,7,-2
106000304,0,0,0
106000305,3,1,2
106000306,0,0,0
106000307,40,1,39
106000308,0,0,0
106000309,0,0,0
106000310,137,61,76
106000311,55,11,44
106000312,27,29,-2
106000313,23,5,18
106000318,0,0,0
106000319,348,44,304
106000320,1,46,-45
106000321,4,176,-172
106000322,108,57,51
106000324,0,50,-50
106000325,1336,339,997
106000326,78,200,-122
106000327,161,31,130
106000328,3,1,2
106000329,0,15,-15
106000330,10,20,-10
106000428,34,117,-83
106000429,13,181,-168
106000430,22,291,-269
106000431,917,148,769
106000432,88,380,-292
106000433,1154,593,561
106000434,1424,631,793
106000435,51,336,-285
106000436,0,18,-18
106000437,128,42,86
106000438,56,176,-120
106000439,0,36,-36
106000440,108,152,-44
106000441,1,0,1
106000442,33,2,31
106000443,161,226,-65
106000450,0,0,0
106000451,27,37,-10
106000454,0,0,0
106000455,0,6,-6
106000456,30,0,30
106000457,0,0,0
106000458,496,51,445
106000459,0,0,0
106000460,499,13,486
106000461,0,0,0
106000462,0,0,0
106000463,1,6,-5
106000464,0,0,0
106000465,403,0,403
106000466,0,0,0
106000467,0,23,-23
106000468,36,79,-43
106000469,80,0,80
106000470,1,28,-27
106000471,0,0,0
106000472,57,8,49
106000473,0,0,0
106000474,35,101,-66
106000475,169,66,103
106000476,71,223,-152
106000477,0,0,0
106000480,0,0,0
106900001,0,0,0
106900002,0,0,0
106900003,0,0,0
106900004,0,0,0
106900006,0,0,0
106900007,0,0,0
106900008,0,0,0
106900009,0,0,0
106900010,0,0,0
106900012,0,0,0
106900013,0,0,0
106900014,0,0,0
106900015,0,0,0
106900016,0,0,0
106900017,0,0,0
106900018,0,0,0
106900019,33,0,33
106900020,0,0,0
106900021,3,0,3
106900022,0,0,0
106900023,0,0,0
106900024,0,0,0
106900025,0,0,0
106900026,0,0,0
106900027,186,0,186
107000001,1342,2189,-847
107000002,432,614,-182
107000003,3428,3457,-29
107000004,1115,662,453
107000005,3324,2683,641
107000006,1183,565,618
107000007,2288,2890,-602
107000008,1125,946,179
107000009,5656,5544,112
107000010,1564,957,607
107000011,99,113,-14
107000012,497,161,336
107000013,0,0,0
107000014,0,0,0
107000015,0,0,0
107000016,0,0,0
107000017,138,115,23
107000018,0,52,-52
107000020,85,227,-142
107000021,102,66,36
107000022,226,312,-86
107000023,499,67,432
107000024,169,519,-350
107000025,101,67,34
107000026,88,141,-53
107000027,477,142,335
107000028,328,244,84
107000029,1306,831,475
107000030,662,518,144
107000031,1561,726,835
107000032,89,358,-269
107000033,591,842,-251
107000034,366,166,200
107000035,89,90,-1
107000036,132,338,-206
107000037,53,447,-394
107000038,29,45,-16
107000039,265,421,-156
107000040,103,30,73
107000041,405,196,209
107000042,109,679,-570
107000043,334,220,114
107000044,88,135,-47
107000045,54,117,-63
107000046,309,164,145
107000047,123,219,-96
107000048,279,158,121
107000049,189,271,-82
107000050,290,259,31
107000051,201,326,-125
107000052,310,513,-203
107000053,210,174,36
107000054,33,165,-132
107000055,106,79,27
107000056,352,576,-224
107000057,535,190,345
107000058,1433,1477,-44
107000059,149,288,-139
107000060,3204,2832,372
107000061,776,505,271
107000062,2746,1196,1550
107000063,628,527,101
107000064,2199,1509,690
107000065,481,610,-129
107000066,1147,1432,-285
107000067,458,313,145
107000068,284,401,-117
107000069,358,597,-239
107000070,271,1,270
107000071,1288,6,1282
107000072,0,109,-109
107000073,276,88,188
107000074,53,71,-18
107000075,1203,68,1135
107000076,7,84,-77
107000077,1181,172,1009
107000078,19,129,-110
107000079,1247,220,1027
107000080,66,157,-91
107000081,1288,229,1059
107000082,253,255,-2
107000083,670,253,417
107000084,92,311,-219
107000085,1030,976,54
107000086,512,665,-153
107000087,834,763,71
107000088,427,644,-217
107000089,511,637,-126
107000090,177,184,-7
107000091,731,209,522
107000092,96,166,-70
107000093,432,583,-151
107000094,122,204,-82
107000095,721,442,279
107000096,79,136,-57
107000097,407,215,192
107000098,106,183,-77
107000099,264,266,-2
107000100,67,105,-38
107000101,86,197,-111
107000102,209,184,25
107000103,309,95,214
107000104,49,124,-75
107000105,432,85,347
107000106,42,43,-1
107000107,324,78,246
107000108,79,131,-52
107000109,307,56,251
107000110,0,0,0
107000111,224,21,203
107000112,0,0,0
107000113,478,41,437
107000114,0,0,0
107000115,458,62,396
107000116,0,0,0
107000117,69,390,-321
107000118,0,0,0
107000119,319,729,-410
107000120,0,0,0
107000121,495,265,230
107000122,247,170,77
107000123,323,227,96
107000124,133,118,15
107000125,613,121,492
107000126,235,132,103
107000129,39,66,-27
107000130,279,203,76
107000131,71,147,-76
107000132,136,100,36
107000133,108,2,106
107000134,86,0,86
107000135,1,92,-91
107000136,326,1,325
107000137,0,83,-83
107000138,10,2,8
107000139,1,60,-59
107000140,321,0,321
107000141,3,94,-91
107000142,54,3,51
107000143,1,114,-113
107000144,134,183,-49
107000145,11,114,-103
107000146,9,45,-36
107000147,222,183,39
107000150,233,957,-724
107000151,6,3,3
107000152,72,557,-485
107000153,31,20,11
107000154,1,70,-69
107000155,370,11,359
107000156,531,7,524
107000157,1,143,-142
107000158,253,5,248
107000159,7,97,-90
107000160,682,51,631
107000161,15,127,-112
107000162,102,198,-96
107000163,49,0,49
107000164,315,3,312
107000165,612,21,591
107000166,1,83,-82
107000167,237,31,206
107000168,513,93,420
107000169,50,164,-114
107000170,918,192,726
107000171,74,176,-102
107000172,493,497,-4
107000173,104,51,53
107000174,352,1240,-888
107000175,576,180,396
107000176,7,0,7
107000177,0,0,0
107000178,1,1,0
107000179,82,183,-101
107000180,1005,99,906
107000181,103,91,12
107000182,1128,32,1096
107000183,75,37,38
107000184,617,79,538
107000185,150,76,74
107000186,507,66,441
107000187,295,347,-52
107000188,35,41,-6
107000189,230,167,63
107000190,128,81,47
107000191,375,381,-6
107000192,274,37,237
107000193,161,221,-60
107000194,103,81,22
107000197,468,64,404
107000198,117,125,-8
107000199,164,102,62
107000200,104,182,-78
107000201,92,85,7
107000202,67,167,-100
107000203,54,299,-245
107000204,83,1015,-932
107000205,156,89,67
107000206,78,706,-628
107000207,87,202,-115
107000208,76,108,-32
107000209,108,149,-41
107000210,10,117,-107
107000211,1,22,-21
107000212,0,33,-33
107000213,0,2,-2
107000214,0,24,-24
107000215,172,43,129
107000216,104,94,10
107000217,27,7,20
107000219,2,51,-49
107000220,37,8,29
107000222,16,30,-14
107000224,122,9,113
107000225,47,91,-44
107000226,128,22,106
107000227,5,51,-46
107000228,1,41,-40
107000229,44,19,25
107000230,100,163,-63
107000231,258,365,-107
107000232,51,2,49
107000233,5,183,-178
107000234,0,72,-72
107000235,69,5,64
107000236,0,0,0
107000237,43,0,43
107000238,31,1,30
107000239,416,147,269
107000240,25,47,-22
107000243,0,91,-91
107000244,1,0,1
107000246,0,58,-58
107000249,1,43,-42
107000251,0,2,-2
107000252,0,41,-41
107000255,48,7,41
107000257,1,119,-118
107000258,0,27,-27
107000259,0,17,-17
107000260,714,3,711
107000262,0,58,-58
107000263,313,1,312
107000266,13,9,4
107000267,0,27,-27
107000268,15,4,11
107000269,2,0,2
107000270,46,16,30
107000271,1,0,1
107000272,27,1,26
107000273,0,27,-27
107000274,101,45,56
107000275,5,52,-47
107000280,473,4,469
107000281,1,75,-74
107000282,3,132,-129
107000290,0,1,-1
107000291,2,10,-8
107000292,0,1,-1
107000293,1,0,1
107000294,0,4,-4
107000295,5,0,5
107000296,0,4,-4
107000444,72,1,71
107000496,0,4,-4
107000497,144,160,-16
107000500,159,49,110
107000501,25,68,-43
107000502,93,61,32
107000505,55,296,-241
107000506,0,0,0
107000508,0,39,-39
107000509,18,279,-261
107000510,5,36,-31
107000514,28,60,-32
107000515,0,26,-26
107000516,315,58,257
107000518,509,432,77
107000519,96,29,67
107000520,24,3,21
107000521,161,26,135
107000522,292,138,154
107900001,4,0,4
107900002,2,3,-1
107900003,34,1,33
107900004,19,0,19
107900005,536,1,535
107900006,23,0,23
107900007,63,1,62
107900008,19,0,19
107900009,1,0,1
107900010,0,0,0
107900012,35,0,35
107900013,9,3,6
107900014,1,0,1
107900015,276,0,276
107900016,46,6,40
107900017,0,0,0
107900018,8,27,-19
107900019,3,4,-1
107900020,0,0,0
107900021,3,0,3
107900023,2,0,2
107900024,0,0,0
107900025,30,29,1
107900026,14,0,14
107900027,0,0,0
107900028,0,0,0
107900030,35,1,34
107900031,27,0,27
107900032,19,1,18
107900033,0,1,-1
107900034,20,0,20
107900035,286,5,281
107900036,9,16,-7
107900037,0,0,0
107900038,3,28,-25
107900039,5,0,5
107900040,0,0,0
107900041,0,0,0
107900043,16,4,12
107900044,0,2,-2
107900045,35,28,7
107900046,56,22,34
107900047,0,0,0
107900048,26,0,26
107900049,2,45,-43
107900050,0,1,-1
107900051,9,2,7
107900052,0,0,0
107900053,0,1,-1
107900055,44,8,36
107900056,3,19,-16
107900057,0,0,0
107900058,1,16,-15
107900060,0,0,0
107900061,0,0,0
107900063,7,27,-20
107900064,66,105,-39
107900065,144,0,144
107900066,0,0,0
107900067,0,0,0
107900068,17,91,-74
107900069,0,449,-449
107900070,9,16,-7
107900071,3,8,-5
107900072,70,2,68
107900073,0,0,0
107900074,0,0,0
107900076,20,4,16
107900077,0,0,0
107900078,32,14,18
107900079,13,2,11
107900080,4,62,-58
107900081,0,0,0
107900082,0,0,0
107900083,33,34,-1
107900084,0,23,-23
107900086,1,16,-15
107900087,3,3,0
107900088,1,0,1
107900089,9,57,-48
107900090,4,124,-120
107900091,63,53,10
107900092,158,5,153
107900093,0,0,0
107900095,199,228,-29
107900097,20,1,19
107900098,22,17,5
107900100,47,419,-372
107900101,34,0,34
107900102,9,0,9
107900103,6,12,-6
107900104,1,0,1
107900105,2,149,-147
107900106,1,82,-81
107900107,0,0,0
107900108,7,4,3
107900109,439,2,437
107900110,22,0,22
107900111,0,23,-23
107900112,9,25,-16
107900113,0,0,0
107900114,71,8,63
107900115,0,0,0
107900116,71,40,31
107900117,34,48,-14
107900118,0,4,-4
107900119,19,12,7
107900120,9,0,9
107900121,0,0,0
107900122,0,0,0
107900123,0,0,0
107900124,0,0,0
107900125,0,12,-12
107900126,1,1,0
107900127,0,0,0
107900128,16,16,0
107900129,30,1,29
107900130,0,0,0
107900131,2,11,-9
107900132,0,46,-46
107900133,0,0,0
107900134,2,7,-5
107900135,0,1,-1
107900136,0,0,0
107900137,34,9,25
107900138,6,13,-7
107900139,0,0,0
107900141,9,3,6
107900142,1,17,-16
107900143,5,0,5
107900144,0,2,-2
107900145,0,0,0
107900146,6,19,-13
107900147,0,1,-1
107900148,0,2,-2
107900149,59,6,53
107900150,0,12,-12
107900151,2,1,1
107900152,0,0,0
107900153,0,63,-63
107900154,5,3,2
107900155,0,0,0
107900156,0,0,0
107900157,12,20,-8
107900158,162,5,157
107900159,0,22,-22
107900160,45,12,33
107900161,1,7,-6
107900162,0,0,0
107900163,0,0,0
107900164,0,0,0
107900165,7,66,-59
107900166,3,5,-2
107900167,0,0,0
107900168,1,2,-1
107900169,0,8,-8
107900171,0,62,-62
107900172,8,0,8
107900173,0,3,-3
107900174,0,0,0
107900175,0,0,0
107900176,0,1,-1
107900177,0,0,0
107900178,0,3,-3
107900179,0,0,0
107900180,22,179,-157
107900181,0,0,0
107900182,0,12,-12
107900183,3,1,2
107900184,0,0,0
107900185,0,0,0
107900186,0,0,0
107900187,0,1,-1
107900188,224,53,171
107900189,0,0,0
107900190,3,26,-23
107900191,0,0,0
107900193,0,0,0
107900194,0,0,0
107900195,90,9,81
107900196,0,0,0
107900197,4,16,-12
107900199,0,0,0
107900201,0,0,0
107900203,0,0,0
107900204,0,0,0
107900205,6,31,-25
107900206,5,88,-83
107900207,0,24,-24
107900208,0,19,-19
107900209,0,0,0
107900210,4,2,2
107900213,0,0,0
107900214,0,26,-26
107900215,3,28,-25
107900216,0,0,0
107900217,0,0,0
107900218,0,0,0
107900219,0,0,0
107900220,0,0,0
107900221,2,0,2
107900223,0,0,0
107900224,29,42,-13
107900225,0,0,0
107900226,0,0,0
107900227,2,9,-7
107900228,0,0,0
107900229,0,0,0
107900230,0,1,-1
107900231,0,0,0
107900232,8,2,6
107900233,0,0,0
107900234,0,0,0
107900235,0,8,-8
107900236,0,0,0
107900237,0,0,0
107900238,0,0,0
107900239,15,28,-13
107900240,6,6,0
107900241,0,0,0
107900242,0,4,-4
107900243,0,0,0
107900244,0,0,0
107900245,99,13,86
107900246,76,1,75
107900248,82,0,82
107900249,118,21,97
107900250,0,16,-16
107900251,0,16,-16
107900252,73,4,69
107900253,37,4,33
107900254,0,9,-9
107900255,23,3,20
107900256,1,0,1
107900257,41,20,21
107900258,10,3,7
107900259,2,341,-339
107900261,0,96,-96
107900262,0,0,0
107900264,86,3,83
107900265,38,42,-4
107900267,72,0,72
107900268,0,0,0
107900269,0,0,0
107900270,0,0,0
107900271,0,0,0
107900272,7,0,7
107900273,23,1,22
107900274,32,1,31
107900275,2,0,2
107900276,0,0,0
107900277,0,0,0
107900278,115,1,114
107900279,0,0,0
107900280,377,130,247
107900281,99,783,-684
107900282,10,205,-195
107900283,178,45,133
107900284,211,32,179
107900285,20,0,20
107900286,2,0,2
107900287,68,33,35
107900290,0,0,0
107900291,52,0,52
107900292,104,47,57
107900293,42,79,-37
107900295,22,1,21
107900297,0,0,0
107900298,93,125,-32
107900299,260,265,-5
107900300,133,90,43
107900301,48,95,-47
107900302,9,4,5
107900303,196,3,193
107900304,43,0,43
107900305,75,2,73
107900306,0,0,0
107900307,0,0,0
107900308,36,6,30
107900309,0,0,0
107900310,0,0,0
107900311,0,0,0
107900312,0,0,0
107900313,0,0,0
107900314,0,0,0
107900315,0,0,0
107900316,1,0,1
107900317,0,0,0
107900318,0,0,0
107900319,0,4,-4
107900320,1,2,-1
107900321,28,0,28
107900322,0,4,-4
107900323,2,2,0
107900324,28,0,28
107900325,44,0,44
107900326,69,21,48
107900327,0,0,0
107900328,0,0,0
107900329,0,0,0
107900330,0,4,-4
107900331,103,16,87
107900332,73,0,73
107900333,18,0,18
107900334,0,8,-8
107900335,2,2,0
107900336,3,1,2
107900337,80,163,-83
107900338,0,0,0
107900339,0,0,0
107900340,0,0,0
107900341,0,0,0
107900342,19,8,11
107900343,5,0,5
107900344,0,5,-5
107900345,34,2,32
107900346,0,0,0
107900347,7,0,7
107900348,0,2,-2
107900349,23,0,23
107900350,1,28,-27
107900351,0,2,-2
107900352,0,15,-15
107900353,1,0,1
107900354,0,81,-81
108000001,2067,1087,980
108000002,108,199,-91
108000003,1681,876,805
108000004,1133,2704,-1571
108000005,4751,2009,2742
108000006,769,1042,-273
108000007,3277,1460,1817
108000008,819,776,43
108000009,2860,1739,1121
108000010,522,671,-149
108000011,7316,3848,3468
108000012,2478,1921,557
108000014,127,347,-220
108000015,401,66,335
108000016,12,59,-47
108000017,566,113,453
108000018,1183,101,1082
108000019,247,142,105
108000020,553,225,328
108000021,61,39,22
108000022,179,195,-16
108000023,605,74,531
108000024,98,56,42
108000025,156,24,132
108000026,380,46,334
108000027,299,1,298
108000028,391,73,318
108000029,167,8,159
108000030,261,41,220
108000031,114,19,95
108000032,970,151,819
108000033,82,181,-99
108000034,1280,118,1162
108000035,101,382,-281
108000036,40,64,-24
108000037,782,99,683
108000038,1712,155,1557
108000039,48,96,-48
108000040,938,210,728
108000041,41,141,-100
108000042,251,26,225
108000043,9,17,-8
108000044,691,16,675
108000045,57,2,55
108000046,1005,172,833
108000047,126,156,-30
108000048,0,0,0
108000049,474,82,392
108000050,5,13,-8
108000051,190,75,115
108000052,29,34,-5
108000053,188,114,74
108000054,126,257,-131
108000055,396,229,167
108000056,150,143,7
108000057,278,622,-344
108000058,749,1439,-690
108000059,335,585,-250
108000060,81,124,-43
108000061,50,81,-31
108000062,465,167,298
108000063,251,139,112
108000064,107,111,-4
108000065,201,180,21
108000066,523,69,454
108000067,802,145,657
108000068,502,140,362
108000069,27,329,-302
108000070,1649,143,1506
108000071,105,343,-238
108000072,1180,216,964
108000073,230,246,-16
108000074,460,192,268
108000075,161,131,30
108000076,942,124,818
108000077,79,90,-11
108000078,1329,332,997
108000079,112,293,-181
108000080,967,261,706
108000081,93,355,-262
108000082,168,132,36
108000083,659,291,368
108000084,41,85,-44
108000085,417,169,248
108000086,104,38,66
108000087,119,1062,-943
108000088,54,0,54
108000089,80,56,24
108000090,263,26,237
108000091,10,130,-120
108000092,269,12,257
108000093,59,115,-56
108000094,631,16,615
108000095,29,48,-19
108000096,440,79,361
108000097,46,43,3
108000098,1107,246,861
108000099,96,38,58
108000100,98,103,-5
108000101,691,400,291
108000102,605,996,-391
108000106,305,0,305
108000107,2,155,-153
108000108,316,11,305
108000109,0,107,-107
108000110,198,41,157
108000111,21,180,-159
108000112,39,120,-81
108000113,173,107,66
108000115,87,56,31
108000117,204,57,147
108000118,78,20,58
108000119,168,35,133
108000120,95,225,-130
108000121,134,36,98
108000122,339,88,251
108000123,237,27,210
108000124,54,47,7
108000125,336,41,295
108000126,107,31,76
108000127,329,42,287
108000128,338,33,305
108000129,57,28,29
108000130,264,81,183
108000131,304,54,250
108000132,94,73,21
108000133,945,77,868
108000134,167,56,111
108000135,738,89,649
108000136,35,75,-40
108000137,306,26,280
108000138,82,211,-129
108000139,322,69,253
108000140,355,2,353
108000141,2,33,-31
108000142,4,16,-12
108000143,21,6,15
108000144,404,4,400
108000145,24,26,-2
108000146,237,0,237
108000147,9,13,-4
108000148,78,5,73
108000149,3,2,1
108000150,25,24,1
108000151,5,18,-13
108000152,40,11,29
108000153,229,42,187
108000154,19,5,14
108000155,41,17,24
108000156,189,31,158
108000157,14,621,-607
108000158,12,185,-173
108000159,104,26,78
108000160,832,492,340
108000161,628,592,36
108000165,26,92,-66
108000172,0,76,-76
108000173,798,606,192
108000175,215,27,188
108000178,154,170,-16
108000179,85,505,-420
108000181,26,4,22
108000182,55,1,54
108000183,0,6,-6
108000184,100,1068,-968
108000185,0,3,-3
108000186,51,0,51
108000187,1,24,-23
108000188,163,4,159
108000189,142,761,-619
108000190,0,0,0
108000192,130,121,9
108000193,31,128,-97
108000194,9,0,9
108000195,0,17,-17
108000196,142,24,118
108000198,167,49,118
108000199,0,0,0
108000200,158,2,156
108000203,0,44,-44
108000204,36,25,11
108000205,39,6,33
108000339,504,308,196
108000364,66,95,-29
108000365,17,44,-27
108000367,67,5,62
108000368,0,1,-1
108000369,71,4,67
108000371,1,184,-183
108000372,212,1,211
108000373,67,14,53
108000376,59,15,44
108000377,389,143,246
108000378,5655,4757,898
108000379,0,0,0
108000381,111,11,100
108000382,102,1,101
108000383,0,19,-19
108900001,0,17,-17
108900002,56,3,53
108900003,1,5,-4
108900004,129,79,50
108900005,15,143,-128
108900006,191,103,88
108900007,92,83,9
108900008,38,31,7
108900009,52,43,9
108900010,80,39,41
108900011,514,47,467
108900012,196,76,120
108900013,115,39,76
108900014,0,13,-13
108900015,0,0,0
108900016,0,0,0
108900017,31,24,7
108900018,27,81,-54
108900019,0,27,-27
108900020,15,16,-1
108900021,9,58,-49
108900022,58,11,47
108900023,0,2,-2
108900024,1,7,-6
108900025,65,7,58
108900026,0,0,0
108900027,0,4,-4
108900028,5,22,-17
108900029,4,48,-44
108900030,0,1,-1
108900031,20,11,9
108900032,0,0,0
108900033,0,11,-11
108900034,0,5,-5
108900035,43,90,-47
108900036,45,29,16
108900037,0,0,0
108900038,0,31,-31
108900039,0,9,-9
108900040,0,8,-8
108900041,871,784,87
108900042,0,12,-12
108900043,0,0,0
108900044,0,27,-27
108900045,69,41,28
108900046,2,47,-45
108900047,0,3,-3
108900048,17,35,-18
108900049,73,268,-195
108900050,1,39,-38
108900051,0,3,-3
108900052,5,10,-5
108900053,0,54,-54
108900054,0,3,-3
108900055,1,23,-22
108900056,0,17,-17
108900057,1,21,-20
108900058,3,37,-34
108900059,199,12,187
108900060,18,80,-62
108900061,0,1,-1
108900062,0,7,-7
108900063,1,23,-22
108900064,5,14,-9
108900065,2,14,-12
108900066,156,19,137
108900067,0,13,-13
108900068,0,26,-26
108900069,44,2,42
108900070,10,0,10
108900071,57,1,56
108900072,142,81,61
108900073,5,12,-7
108900074,48,4,44
108900075,4,5,-1
108900076,195,18,177
108900077,19,15,4
108900078,10,7,3
108900079,84,6,78
108900080,23,88,-65
108900081,2,29,-27
108900082,1,9,-8
108900083,1,25,-24
108900084,25,6,19
108900085,92,3,89
108900086,18,7,11
108900087,49,18,31
108900088,136,25,111
108900089,0,32,-32
108900090,35,11,24
108900091,3,15,-12
108900092,75,35,40
108900093,9,19,-10
108900094,54,10,44
108900095,0,13,-13
108900096,22,0,22
108900097,48,20,28
108900098,259,242,17
108900099,72,12,60
108900100,25,15,10
108900101,24,7,17
108900102,0,264,-264
108900103,29,35,-6
108900104,10,21,-11
108900105,3,539,-536
108900106,107,32,75
108900108,45,2,43
108900109,124,21,103
108900110,45,36,9
108900111,169,31,138
108900112,55,0,55
108900113,30,32,-2
108900114,15,0,15
108900115,60,14,46
108900116,0,0,0
108900117,21,14,7
108900118,98,2,96
108900119,138,2,136
108900120,116,17,99
108900121,16,21,-5
108900122,71,3,68
108900123,73,25,48
108900124,21,5,16
108900125,157,6,151
108900126,50,5,45
108900127,84,6,78
108900128,123,8,115
108900129,64,1,63
108900130,82,1,81
108900131,214,3,211
108900132,78,3,75
108900133,99,7,92
108900134,372,6,366
108900135,90,0,90
108900136,10,1,9
108900137,44,1,43
108900138,206,12,194
108900139,218,9,209
108900140,248,9,239
108900141,191,0,191
108900142,8,2,6
108900143,4,1,3
108900144,73,0,73
108900145,109,5,104
108900146,11,0,11
108900147,179,0,179
108900148,9,2,7
108900149,63,19,44
108900150,26,0,26
108900151,13,5,8
108900152,91,4,87
108900153,157,13,144
108900154,1531,110,1421
108900155,80,1,79
108900156,9,12,-3
108900157,0,23,-23
108900158,153,35,118
108900159,0,19,-19
108900160,7,55,-48
108900161,1,33,-32
108900162,38,0,38
108900163,0,172,-172
108900164,31,3,28
108900165,44,11,33
108900167,64,2566,-2502
108900168,644,716,-72
108900169,6,3,3
108900171,455,1024,-569
108900172,49,10,39
108900173,9,19,-10
108900174,497,48,449
108900176,7,11,-4
108900177,115,599,-484
108900178,309,849,-540
108900179,39,470,-431
108900180,14,71,-57
108900182,5,93,-88
108900183,12,37,-25
108900184,136,19,117
108900185,3,78,-75
108900186,32,67,-35
108900187,333,5,328
108900188,348,4,344
108900189,91,13,78
108900190,3,43,-40
108900191,18,6,12
108900192,3,34,-31
108900193,3,5,-2
108900194,0,4,-4
108900195,18,25,-7
108900196,3,9,-6
108900198,0,13,-13
108900199,42,37,5
108900200,131,134,-3
108900201,14,174,-160
108900203,225,14,211
108900204,123,7,116
108900205,118,15,103
108900206,56,18,38
108900207,25,15,10
108900208,5,43,-38
108900209,15,44,-29
108900210,32,2,30
108900211,0,27,-27
108900212,4,101,-97
108900215,0,5,-5
108900216,55,31,24
108900217,1,0,1
108900218,6,4,2
108900219,20,2,18
108900220,0,0,0
108900221,0,0,0
108900222,26,0,26
108900223,0,0,0
108900224,0,0,0
108900225,0,0,0
108900226,2,0,2
108900227,24,52,-28
108900230,22,27,-5
108900231,0,12,-12
108900232,0,14,-14
108900233,91,3,88
108900234,68,4,64
108900235,0,0,0
108900236,0,0,0
108900237,0,0,0
108900240,7,19,-12
108900241,3,14,-11
108900245,1,119,-118
108900249,8,1,7
108900250,28,0,28
108900257,28,0,28
108900258,0,4,-4
108900259,0,0,0
108900260,0,0,0
108900261,8,2,6
108900262,4,0,4
108900263,1,20,-19
108900264,5,10,-5
108900265,21,125,-104
108900266,22,227,-205
108900267,0,62,-62
108900268,11,1,10
108900269,16,0,16
108900270,34,2,32
108900271,4,1,3
108900272,46,0,46
108900273,30,144,-114
108900274,0,0,0
109000001,580,1977,-1397
109000002,0,176,-176
109000003,1227,211,1016
109000004,3,132,-129
109000005,862,273,589
109000006,3,102,-99
109000007,1032,287,745
109000008,1,55,-54
109000009,1454,426,1028
109000010,15,153,-138
109000011,1979,654,1325
109000012,30,180,-150
109000013,2768,1601,1167
109000014,58,201,-143
109000015,2446,3840,-1394
109000016,100,219,-119
109000017,1640,391,1249
109000018,48,178,-130
109000019,1281,734,547
109000020,10,51,-41
109000023,39,3,36
109000024,1,39,-38
109000025,53,127,-74
109000026,275,191,84
109000027,26,109,-83
109000028,76,28,48
109000029,41,99,-58
109000030,0,0,0
109000031,184,24,160
109000032,0,1,-1
109000033,246,44,202
109000034,1,0,1
109000035,0,7,-7
109000036,7,83,-76
109000037,82,833,-751
109000038,56,38,18
109000039,148,368,-220
109000040,265,3293,-3028
109000041,160,627,-467
109000042,125,382,-257
109000044,134,7,127
109000045,19,2,17
109000046,161,23,138
109000047,2,1,1
109000048,260,56,204
109000049,9,3,6
109000050,160,86,74
109000051,11,25,-14
109000052,103,59,44
109000053,284,39,245
109000054,8,38,-30
109000055,18,76,-58
109000056,70,18,52
109000057,53,213,-160
109000058,89,4,85
109000059,0,194,-194
109000060,101,91,10
109000061,31,1033,-1002
109000062,31,123,-92
109000063,11,13,-2
109000064,116,33,83
109000065,8,36,-28
109000066,123,6,117
109000067,0,52,-52
109000068,127,3,124
109000069,136,1,135
109000070,0,6,-6
109000071,116,15,101
109000072,52,307,-255
109000073,4,61,-57
109000074,10,128,-118
109000075,45,2,43
109000076,38,123,-85
109000077,99,104,-5
109000078,46,66,-20
109000079,23,39,-16
109000080,90,10,80
109000081,44,71,-27
109000082,266,14,252
109000083,105,87,18
109000088,92,17,75
109000089,166,36,130
109000090,116,37,79
109000091,156,45,111
109000092,120,143,-23
109000093,189,28,161
109000094,440,0,440
109000095,21,51,-30
109000096,560,58,502
109000097,2,11,-9
109000098,46,33,13
109000099,335,22,313
109000100,26,111,-85
109000101,926,155,771
109000102,154,127,27
109000103,180,111,69
109000104,1021,147,874
109000105,75,160,-85
109000106,722,189,533
109000107,117,162,-45
109000108,988,209,779
109000109,128,115,13
109000110,408,341,67
109000111,236,233,3
109000112,23,6,17
109000113,130,38,92
109000114,241,139,102
109000115,300,8,292
109000116,0,43,-43
109000117,108,1,107
109000118,0,41,-41
109000119,724,9,715
109000120,20,41,-21
109000121,379,3,376
109000122,7,49,-42
109000123,8,4,4
109000124,260,81,179
109000125,583,69,514
109000126,2,25,-23
109000127,892,64,828
109000128,31,14,17
109000129,1136,116,1020
109000130,29,29,0
109000131,543,371,172
109000132,68,143,-75
109000133,8,41,-33
109000134,41,22,19
109000135,31,15,16
109000136,102,133,-31
109000137,277,56,221
109000138,140,77,63
109000139,244,38,206
109000140,76,82,-6
109000141,100,49,51
109000142,18,53,-35
109000143,19,33,-14
109000145,13,129,-116
109000146,41,196,-155
109000148,35,93,-58
109000149,7,143,-136
109000150,43,115,-72
109000155,170,311,-141
109000156,229,28,201
109000158,8,207,-199
109000159,18,138,-120
109000160,537,53,484
109000161,212,154,58
109000162,624,128,496
109000163,530,81,449
109000164,849,476,373
109000165,550,198,352
109000166,330,21,309
109000167,90,111,-21
109000170,3,7,-4
109000171,20,0,20
109000172,2,6,-4
109000173,1,15,-14
109000174,8,3,5
109000175,56,20,36
109000176,82,84,-2
109000177,3,7,-4
109000178,157,53,104
109000179,457,789,-332
109000180,794,420,374
109000181,3,21,-18
109000182,56,31,25
109000183,36,2,34
109000184,56,74,-18
109000185,21,28,-7
109000188,177,181,-4
109000189,490,55,435
109000190,125,110,15
109000191,216,119,97
109000192,240,12,228
109000193,124,22,102
109000194,60,1,59
109000195,27,4,23
109000196,58,2,56
109000197,103,7,96
109000198,144,9,135
109000199,30,5,25
109000206,105,3,102
109000207,71,10,61
109000208,59,62,-3
109000209,43,21,22
109000210,3,14,-11
109000211,251,302,-51
109000214,175,122,53
109000215,59,30,29
109000216,104,185,-81
109000217,0,1,-1
109000218,5,7,-2
109000221,16,83,-67
109000222,310,48,262
109000223,113,125,-12
109000224,157,24,133
109000225,54,33,21
109000226,73,68,5
109000227,531,77,454
109000228,0,1,-1
109000231,1,44,-43
109000232,286,22,264
109000236,12,34,-22
109000241,471,167,304
109000242,369,97,272
109000293,7,22,-15
109000361,36,8,28
109000364,15,24,-9
109000396,3,35,-32
109000397,518,0,518
109000399,45,118,-73
109000400,68,44,24
109000403,3,510,-507
109000406,71,0,71
109000407,26,51,-25
109000408,0,53,-53
109000410,0,0,0
109000411,114,0,114
109900001,0,0,0
109900002,180,0,180
109900003,109,0,109
109900004,25,3,22
109900005,9,1,8
109900006,177,15,162
109900007,322,1,321
109900008,0,0,0
109900009,0,3,-3
109900010,0,0,0
109900011,34,27,7
109900012,37,10,27
109900013,49,24,25
109900014,4,9,-5
109900015,18,1,17
109900016,35,2,33
109900017,69,29,40
109900018,8,0,8
109900019,15,2,13
109900020,9,2,7
109900021,8,0,8
109900022,92,1,91
109900023,10,1,9
109900024,0,0,0
109900025,0,7,-7
109900026,0,6,-6
109900027,1,1,0
109900028,18,149,-131
109900029,0,1,-1
109900030,2,0,2
109900031,0,18,-18
109900032,0,0,0
109900033,0,17,-17
109900034,12,0,12
109900035,0,4,-4
109900036,0,0,0
109900037,0,0,0
109900038,0,2,-2
109900039,17,0,17
109900040,0,0,0
109900041,1,2,-1
109900042,0,0,0
109900044,15,3,12
109900045,17,11,6
109900046,3,19,-16
109900047,1,32,-31
109900048,0,2,-2
109900049,1,0,1
109900050,0,0,0
109900051,0,0,0
109900052,1,15,-14
109900053,0,9,-9
109900054,339,13,326
109900055,18,26,-8
109900056,0,0,0
109900057,0,4,-4
109900058,0,0,0
109900059,446,3,443
109900060,153,5,148
109900061,3,8,-5
109900062,0,0,0
109900063,1,21,-20
109900064,89,24,65
109900065,1,6,-5
109900066,0,8,-8
109900067,0,0,0
109900068,56,1,55
109900069,0,0,0
109900070,4,30,-26
109900071,0,1,-1
109900072,0,12,-12
109900073,112,1,111
109900074,0,1,-1
109900075,0,0,0
109900076,0,1,-1
109900077,0,35,-35
109900078,5,16,-11
109900080,2,6,-4
109900081,0,4,-4
109900082,1,2,-1
109900083,0,8,-8
109900084,0,0,0
109900085,18,28,-10
109900086,5,101,-96
109900087,15,24,-9
109900089,30,2,28
109900090,14,50,-36
109900091,151,2,149
109900092,0,0,0
109900093,71,2,69
109900094,0,0,0
109900095,3,13,-10
109900096,21,0,21
109900097,0,0,0
109900098,133,1,132
109900099,176,0,176
109900100,0,0,0
109900101,288,0,288
109900102,0,0,0
109900103,2,7,-5
109900104,373,28,345
109900105,0,0,0
109900106,0,0,0
109900107,0,0,0
109900108,0,0,0
109900109,0,0,0
109900110,0,0,0
109900111,31,3,28
109900112,13,2,11
109900113,240,115,125
109900114,119,27,92
109900115,40,11,29
109900117,374,14,360
109900118,21,7,14
109900119,18,34,-16
109900120,5,4,1
109900121,13,5,8
109900122,154,0,154
109900123,0,1,-1
109900124,0,0,0
109900125,0,20,-20
109900126,61,4,57
109900128,91,1,90
109900130,177,334,-157
109900131,1,9,-8
109900132,0,10,-10
109900133,10,12,-2
109900134,0,0,0
109900135,0,0,0
109900136,0,0,0
109900137,28,17,11
109900140,25,1,24
109900142,229,6,223
109900145,2,50,-48
109900146,4,0,4
109900148,23,10,13
109900149,0,13,-13
109900150,0,5,-5
109900151,0,1,-1
109900152,0,7,-7
109900153,0,16,-16
109900154,4,1,3
109900155,5,1,4
109900157,47,23,24
109900158,0,5,-5
109900159,40,22,18
109900160,13,7,6
109900161,43,13,30
109900162,65,11,54
109900163,62,57,5
109900164,45,95,-50
109900165,26,1,25
109900166,7,42,-35
109900167,10,48,-38
109900168,28,69,-41
109900169,0,0,0
109900170,4,301,-297
109900171,12,12,0
109900172,15,45,-30
109900173,27,256,-229
109900174,8,2,6
109900175,0,0,0
109900176,0,0,0
109900177,0,0,0
109900178,0,0,0
109900179,0,0,0
109900180,0,1,-1
110000001,98,90,8
110000002,288,637,-349
110000003,125,240,-115
110000004,324,603,-279
110000005,175,797,-622
110000006,121,371,-250
110000007,32,7,25
110000008,12,13,-1
110000009,1,15,-14
110000010,36,36,0
110000011,6,2,4
110000012,74,96,-22
110000013,20,237,-217
110000014,198,60,138
110000015,63,209,-146
110000016,203,617,-414
110000017,896,226,670
110000018,192,84,108
110000019,12,15,-3
110000020,143,62,81
110000021,65,44,21
110000022,150,9,141
110000023,1,54,-53
110000024,30,19,11
110000025,332,1,331
110000026,6,80,-74
110000027,129,251,-122
110000028,485,178,307
110000029,33,104,-71
110000030,92,179,-87
110000031,38,37,1
110000032,311,96,215
110000033,28,30,-2
110000034,156,176,-20
110000035,184,117,67
110000036,317,188,129
110000037,43,157,-114
110000038,76,200,-124
110000039,338,996,-658
110000040,93,54,39
110000041,179,1028,-849
110000042,10,151,-141
110000043,351,177,174
110000044,0,31,-31
110000045,8,53,-45
110000046,0,6,-6
110000047,1,25,-24
110000048,0,7,-7
110000049,7,14,-7
110000050,0,4,-4
110000051,1,9,-8
110000052,41,45,-4
110000053,0,13,-13
110000054,30,50,-20
110000055,40,68,-28
110000056,52,72,-20
110000057,71,54,17
110000058,320,260,60
110000059,62,118,-56
110000060,670,355,315
110000061,59,132,-73
110000062,505,251,254
110000063,38,39,-1
110000064,31,2,29
110000065,43,34,9
110000066,48,3,45
110000067,27,20,7
110000068,9,10,-1
110000069,191,4,187
110000071,224,4,220
110000073,0,1,-1
110000075,3,2,1
110000076,133,62,71
110000077,85,149,-64
110000078,75,2,73
110000080,58,132,-74
110000081,8,50,-42
110000082,4,107,-103
110000083,84,100,-16
110000084,396,495,-99
110000085,588,297,291
110000086,453,760,-307
110000087,13,9,4
110000088,27,36,-9
110000089,114,12,102
110000090,8,9,-1
110000091,60,15,45
110000092,0,10,-10
110000093,51,14,37
110000094,161,23,138
110000095,75,206,-131
110000096,208,267,-59
110000097,442,515,-73
110000098,622,113,509
110000099,179,227,-48
110000100,355,7,348
110000101,0,13,-13
110000102,28,53,-25
110000104,166,68,98
110000105,47,36,11
110000106,131,154,-23
110000107,12,68,-56
110000108,47,116,-69
110000109,35,25,10
110000110,1065,1531,-466
110000111,1023,945,78
110000112,104,222,-118
110000113,71,486,-415
110000114,67,207,-140
110000115,102,50,52
110000116,18,10,8
110000117,129,24,105
110000118,166,16,150
110000119,66,32,34
110000120,146,48,98
110000121,18,85,-67
110000122,114,173,-59
110000123,392,217,175
110000124,1,165,-164
110000125,323,1,322
110000126,67,1,66
110000127,325,5,320
110000128,0,91,-91
110000129,0,19,-19
110000130,102,26,76
110000131,5,33,-28
110000132,0,62,-62
110000133,1,63,-62
110000134,0,26,-26
110000135,43,1,42
110000136,2,19,-17
110000137,354,10,344
110000138,89,36,53
110000139,531,31,500
110000140,448,177,271
110000143,176,68,108
110000144,1040,319,721
110000145,305,160,145
110000146,441,147,294
110000147,32,334,-302
110000148,157,26,131
110000151,85,136,-51
110000152,116,505,-389
110000153,0,0,0
110000154,17,43,-26
110000155,685,485,200
110000156,80,297,-217
110000157,130,461,-331
110000160,164,65,99
110000161,37,72,-35
110000166,304,4,300
110000167,651,294,357
110000168,400,242,158
110000169,315,103,212
110000170,63,51,12
110000171,186,37,149
110000172,77,157,-80
110000173,217,221,-4
110000174,29,78,-49
110000175,298,34,264
110000176,26,372,-346
110000177,62,424,-362
110000178,211,795,-584
110000179,230,109,121
110000180,27,87,-60
110000181,140,53,87
110000182,86,22,64
110000183,1759,2399,-640
110000184,78,1070,-992
110000185,103,199,-96
110000186,77,201,-124
110000191,703,86,617
110000192,259,4,255
110000193,514,1,513
110000194,1,107,-106
110000195,220,7,213
110000196,207,3,204
110000197,17,18,-1
110000198,32,11,21
110000199,8,42,-34
110000200,188,50,138
110000201,196,319,-123
110000202,412,164,248
110000203,66,33,33
110000204,2,39,-37
110000205,152,6,146
110000206,61,49,12
110000207,679,30,649
110000208,22,85,-63
110000209,26,54,-28
110000210,811,135,676
110000211,522,196,326
110000212,118,373,-255
110000213,57,7,50
110000214,42,18,24
110000215,2,47,-45
110000216,10,87,-77
110000217,258,12,246
110000218,39,23,16
110000219,111,10,101
110000220,1,20,-19
110000221,197,9,188
110000222,10,86,-76
110000223,11,17,-6
110000224,0,2,-2
110000225,31,110,-79
110000226,62,20,42
110000227,26,150,-124
110000228,104,21,83
110000229,0,26,-26
110000230,263,201,62
110000231,54,69,-15
110000232,37,57,-20
110000233,62,55,7
110000234,98,111,-13
110000235,243,255,-12
110000236,0,0,0
110000237,316,117,199
110000238,429,185,244
110000239,439,179,260
110000240,0,8,-8
110000242,0,1,-1
110000243,47,4,43
110000244,4,21,-17
110000245,0,93,-93
110000246,330,64,266
110000247,227,375,-148
110000248,168,111,57
110000249,29,9,20
110000250,2,20,-18
110000251,55,85,-30
110000252,140,4,136
110000253,567,123,444
110000254,196,53,143
110000255,34,80,-46
110000256,129,59,70
110000257,57,0,57
110000258,0,31,-31
110000259,41,2,39
110000260,36,17,19
110000263,137,16,121
110000264,241,102,139
110000265,828,367,461
110000266,448,461,-13
110000267,0,0,0
110000268,32,0,32
110000269,0,0,0
110000270,28,4,24
110000271,189,9,180
110000272,151,131,20
110000273,95,223,-128
110000274,116,647,-531
110000275,145,45,100
110000276,93,207,-114
110000277,143,21,122
110000278,115,130,-15
110000279,494,79,415
110000280,225,71,154
110000281,60,8,52
110000282,22,0,22
110000283,2,35,-33
110000284,0,2,-2
110000285,0,5,-5
110000286,1,0,1
110000287,43,0,43
110000288,0,0,0
110000289,97,966,-869
110000290,47,94,-47
110000291,241,255,-14
110000292,269,1514,-1245
110000293,302,117,185
110000294,515,247,268
110000295,20,88,-68
110000296,277,54,223
110000297,657,25,632
110000298,3,44,-41
110000299,25,13,12
110000301,245,10,235
110000302,114,101,13
110000303,269,6,263
110000304,9,15,-6
110000305,552,3,549
110000306,0,70,-70
110000307,553,1,552
110000308,294,10,284
110000309,0,87,-87
110000310,376,9,367
110000311,1,96,-95
110000312,183,2,181
110000313,439,96,343
110000314,0,55,-55
110000315,297,468,-171
110000316,7,177,-170
110000317,7,13,-6
110000318,0,13,-13
110000319,0,5,-5
110000320,0,2,-2
110000321,16,3,13
110000322,20,86,-66
110000323,263,84,179
110000324,150,41,109
110000325,827,945,-118
110000327,126,3,123
110000328,7,20,-13
110000333,230,378,-148
110000334,62,115,-53
110000335,105,97,8
110000336,53,86,-33
110000337,904,113,791
110000338,162,99,63
110000339,188,36,152
110000340,4,12,-8
110000341,238,0,238
110000342,5,1,4
110000343,0,0,0
110000344,1,5,-4
110000345,19,30,-11
110000346,850,483,367
110000347,834,252,582
110000348,0,3,-3
110000349,15,0,15
110000350,29,0,29
110000351,629,133,496
110000352,173,429,-256
110000353,897,114,783
110000354,90,788,-698
110000355,2,0,2
110000356,186,1,185
110000357,256,11,245
110000361,0,0,0
110000362,111,19,92
110000363,170,11,159
110000364,88,41,47
110000365,39,0,39
110000366,0,0,0
110000367,55,21,34
110000368,0,0,0
110000369,31,0,31
110000373,0,31,-31
110000374,12,14,-2
110000375,30,84,-54
110000376,63,46,17
110000377,20,218,-198
110000378,0,86,-86
110000379,914,1184,-270
110000380,112,10,102
110000383,0,98,-98
110000384,286,8,278
110000385,0,9,-9
110000387,14,0,14
110000388,3,26,-23
110000389,462,1,461
110000391,330,30,300
110000396,40,12,28
110000397,62,7,55
110000398,1,14,-13
110000399,72,0,72
110000587,51,9,42
110000589,89,25,64
110000640,71,9,62
110000652,0,26,-26
110000653,47,23,24
110000654,0,0,0
110000656,0,0,0
110000674,0,0,0
110000675,0,0,0
110000676,0,0,0
110000679,0,0,0
110000682,41,59,-18
110000683,111,185,-74
110000684,0,0,0
110000685,1,3,-2
110000686,0,0,0
110000687,3,0,3
110000688,3,170,-167
110000689,7,1,6
110000692,1,24,-23
110000693,4,91,-87
110000694,0,0,0
110000695,2,21,-19
110000696,56,19,37
110900001,25,2,23
110900002,48,1,47
110900003,317,0,317
110900004,189,1,188
110900005,0,0,0
110900006,3,1,2
110900007,16,12,4
110900008,0,0,0
110900009,4,111,-107
110900010,0,0,0
110900011,1,0,1
110900012,0,0,0
110900013,215,25,190
110900014,4,0,4
110900015,12,213,-201
110900016,0,0,0
110900017,131,3,128
110900018,17,0,17
110900019,7,0,7
110900020,0,0,0
110900021,0,0,0
110900022,0,0,0
110900023,2,58,-56
110900024,0,0,0
110900025,0,0,0
110900027,0,0,0
110900028,0,0,0
110900029,0,0,0
110900030,0,0,0
110900031,0,0,0
110900032,0,0,0
110900033,0,1,-1
110900035,0,0,0
110900036,10,3,7
110900037,14,0,14
110900038,0,0,0
110900039,0,0,0
110900040,44,1,43
110900041,0,0,0
110900042,0,0,0
110900043,0,0,0
110900044,0,0,0
110900045,0,0,0
110900046,0,0,0
110900047,0,0,0
110900049,17,11,6
110900050,4,1,3
110900051,0,0,0
110900052,0,0,0
110900053,0,0,0
110900054,0,1,-1
110900055,8,0,8
110900056,0,0,0
110900057,0,0,0
110900058,0,0,0
110900059,1,5,-4
110900060,29,4,25
110900061,0,0,0
110900062,0,0,0
110900063,0,4,-4
110900064,0,0,0
110900065,24,15,9
110900066,0,7,-7
110900067,1,0,1
110900068,0,0,0
110900069,0,4,-4
110900070,0,0,0
110900071,0,0,0
110900073,0,1,-1
110900074,86,0,86
110900075,48,1,47
110900077,174,39,135
110900078,0,0,0
110900079,121,141,-20
110900080,34,3,31
110900081,0,0,0
110900082,17,7,10
110900083,1,0,1
110900084,0,0,0
110900085,4,17,-13
110900086,0,20,-20
110900087,29,30,-1
110900088,4,0,4
110900090,0,0,0
110900091,0,0,0
110900093,3,1,2
110900095,1,3,-2
110900097,1,0,1
110900098,0,0,0
110900099,3,41,-38
110900100,0,3,-3
110900102,16,9,7
110900105,46,25,21
110900108,5,2,3
110900111,6,1,5
110900112,176,1,175
110900113,3,5,-2
110900115,0,1,-1
110900116,225,79,146
110900118,1,301,-300
110900119,48,1,47
110900120,0,0,0
110900121,1,0,1
110900122,27,4,23
110900125,74,123,-49
110900127,0,0,0
110900128,2,3,-1
110900129,17,97,-80
110900130,12,95,-83
110900131,18,3,15
110900132,75,4,71
110900133,1,0,1
110900135,0,1,-1
110900136,16,0,16
110900137,0,0,0
110900138,20,1,19
110900139,0,9,-9
110900140,0,0,0
110900141,2,2,0
110900142,0,0,0
110900143,39,6,33
110900144,0,0,0
110900145,19,12,7
110900146,57,29,28
110900147,0,0,0
110900148,0,0,0
110900149,0,0,0
110900150,2,12,-10
110900151,0,12,-12
110900152,0,3,-3
110900153,10,4,6
111000001,473,243,230
111000002,52,4,48
111000003,587,334,253
111000004,0,17,-17
111000005,404,600,-196
111000006,4,33,-29
111000007,1046,1131,-85
111000008,51,88,-37
111000009,20,124,-104
111000010,424,280,144
111000011,21,202,-181
111000012,72,198,-126
111000013,39,362,-323
111000014,512,134,378
111000017,1,45,-44
111000018,0,2,-2
111000020,40,123,-83
111000021,30,46,-16
111000023,46,43,3
111000025,248,342,-94
111000029,1,1,0
111000030,0,3,-3
111000031,778,346,432
111000032,317,60,257
111000033,47,28,19
111000034,10,48,-38
111000037,156,405,-249
111000038,476,318,158
111000039,488,392,96
111000040,410,304,106
111000041,81,177,-96
111000042,214,602,-388
111000043,928,979,-51
111000044,790,128,662
111000045,1367,684,683
111000046,589,585,4
111000047,1128,2174,-1046
111000049,10,24,-14
111000050,148,122,26
111000051,36,58,-22
111000052,43,84,-41
111000053,48,53,-5
111000054,26,50,-24
111000055,167,167,0
111000056,8,34,-26
111000057,4,34,-30
111000058,234,29,205
111000059,233,73,160
111000060,2523,219,2304
111000061,223,98,125
111000062,547,77,470
111000063,601,228,373
111000064,495,98,397
111000065,776,165,611
111000066,265,100,165
111000067,158,59,99
111000068,46,55,-9
111000069,157,143,14
111000070,87,54,33
111000071,0,25,-25
111000072,626,431,195
111000073,73,492,-419
111000074,844,371,473
111000075,273,109,164
111000076,527,110,417
111000077,517,263,254
111000078,323,146,177
111000079,315,98,217
111000080,179,97,82
111000081,272,924,-652
111000082,227,74,153
111000084,164,169,-5
111000085,352,452,-100
111000086,432,304,128
111000087,393,140,253
111000088,430,325,105
111000089,291,194,97
111000090,206,205,1
111000091,149,91,58
111000092,650,263,387
111000093,254,264,-10
111000094,508,246,262
111000095,353,828,-475
111000096,408,2663,-2255
111000097,144,140,4
111000098,94,58,36
111000099,42,182,-140
111000100,47,69,-22
111000101,69,103,-34
111000102,2,46,-44
111000104,281,22,259
111000107,0,39,-39
111000109,203,6,197
111000110,312,96,216
111000111,1347,47,1300
111000112,932,45,887
111000113,338,711,-373
111000114,270,1154,-884
111000115,1058,165,893
111000116,205,79,126
111000117,56,96,-40
111000118,219,55,164
111000119,457,83,374
111000120,220,113,107
111000121,116,93,23
111000122,103,123,-20
111000123,295,333,-38
111000124,68,330,-262
111000125,19,134,-115
111000126,13,64,-51
111000127,336,12,324
111000128,1082,34,1048
111000129,1212,151,1061
111000130,1633,148,1485
111000131,1358,104,1254
111000132,1020,528,492
111000133,71,7,64
111000134,81,13,68
111000135,3,73,-70
111000136,266,62,204
111000138,3,7,-4
111000140,0,0,0
111000141,19,10,9
111000142,1,2,-1
111000143,0,4,-4
111000144,0,9,-9
111000145,34,0,34
111000146,32,3,29
111000147,37,1,36
111000148,6,11,-5
111000149,0,54,-54
111000150,0,1,-1
111000151,0,7,-7
111000153,138,23,115
111000154,18,39,-21
111000155,84,23,61
111000156,210,58,152
111000157,82,114,-32
111000158,315,282,33
111000159,578,366,212
111000160,188,25,163
111000161,0,50,-50
111000162,0,3,-3
111000163,81,74,7
111000164,11,240,-229
111000165,112,44,68
111000166,44,9,35
111000167,3,36,-33
111000168,77,21,56
111000169,68,12,56
111000170,70,45,25
111000171,76,17,59
111000172,63,69,-6
111000173,138,102,36
111000174,14,7,7
111000175,44,35,9
111000176,142,29,113
111000177,308,69,239
111000178,769,59,710
111000179,262,35,227
111000180,79,119,-40
111000181,235,59,176
111000182,73,31,42
111000183,45,41,4
111000184,149,27,122
111000185,127,24,103
111000186,72,8,64
111000187,77,10,67
111000188,192,27,165
111000189,12,65,-53
111000190,33,19,14
111000191,7,22,-15
111000192,23,29,-6
111000193,9,15,-6
111000194,3,8,-5
111000195,7,49,-42
111000196,1,19,-18
111000197,253,18,235
111000198,234,1,233
111000199,111,33,78
111000200,355,140,215
111000201,294,22,272
111000202,182,16,166
111000203,168,35,133
111000204,104,436,-332
111000213,114,119,-5
111000214,389,149,240
111000215,326,109,217
111000217,702,117,585
111000218,601,205,396
111000219,78,20,58
111000220,259,15,244
111000221,70,13,57
111000224,0,4,-4
111000225,367,343,24
111000226,15,0,15
111000227,1,1,0
111000228,0,290,-290
111000229,3,510,-507
111000230,32,17,15
111000231,311,38,273
111000232,259,145,114
111000233,334,80,254
111000234,17,95,-78
111000239,0,0,0
111000240,30,89,-59
111000241,0,0,0
111000242,40,41,-1
111000243,0,0,0
111000244,338,32,306
111000245,280,37,243
111000246,266,69,197
111000247,191,74,117
111000248,403,89,314
111000249,196,46,150
111000250,39,8,31
111000251,59,11,48
111000253,4,4,0
111000255,7,0,7
111000257,15,0,15
111000260,0,42,-42
111000261,534,5,529
111000271,0,23,-23
111000273,390,281,109
111000274,480,238,242
111000275,27,8,19
111000276,39,207,-168
111000277,37,54,-17
111000278,148,30,118
111000291,414,3228,-2814
111000298,188,108,80
111000299,50,15,35
111000300,15,33,-18
111000302,177,38,139
111000303,159,20,139
111000312,26,7,19
111000315,0,9,-9
111000320,80,53,27
111000321,207,46,161
111000322,115,55,60
111000323,110,12,98
111000324,152,52,100
111000325,1,27,-26
111000326,68,66,2
111000327,154,143,11
111000328,80,51,29
111000329,0,30,-30
111000330,13,1,12
111000331,3,40,-37
111000332,136,177,-41
111000334,20,133,-113
111000335,373,13,360
111000337,518,2,516
111000338,9,6,3
111000339,253,12,241
111000340,3,62,-59
111000341,562,146,416
111000342,0,25,-25
111000344,517,114,403
111000345,3,1,2
111000346,0,0,0
111000347,78,0,78
111000350,55,86,-31
111000351,10,76,-66
111000352,64,17,47
111000353,9,69,-60
111000354,47,24,23
111000355,13,94,-81
111000358,42,47,-5
111000360,82,13,69
111000361,82,13,69
111000546,148,1,147
111000547,238,24,214
111000548,4,15,-11
111000549,85,23,62
111000550,5,112,-107
111000551,27,16,11
111000552,77,2,75
111000907,439,1,438
111000908,15,0,15
111000916,393,2,391
111000917,0,1,-1
111000918,26,29,-3
111000920,90,0,90
111000921,0,22,-22
111000922,107,16,91
111000924,0,73,-73
111000925,2167,824,1343
111000926,369,286,83
111000927,1230,1560,-330
111000928,601,528,73
111000929,1025,233,792
111000930,213,501,-288
111000931,1209,461,748
111000932,574,436,138
111000933,1617,1081,536
111000934,364,494,-130
111000935,918,259,659
111000936,178,321,-143
111000937,626,441,185
111000938,356,273,83
111000939,402,15,387
111000940,364,13,351
111000941,91,19,72
111000943,309,75,234
111000944,39,27,12
111000945,207,18,189
111001109,153,170,-17
111001110,43,2,41
111001111,8,3,5
111001112,172,2,170
111001113,0,49,-49
111001114,85,55,30
111001115,0,0,0
111001116,392,1942,-1550
111001117,23,132,-109
111001120,10,11,-1
111001121,6,34,-28
111001122,38,30,8
111001123,129,22,107
111001124,17,11,6
111001125,3,304,-301
111900001,9,0,9
111900002,0,19,-19
111900003,0,16,-16
111900004,0,13,-13
111900006,0,0,0
111900007,0,0,0
111900008,0,0,0
111900009,61,10,51
111900010,7,6,1
111900012,5,2,3
111900013,9,14,-5
111900014,353,1326,-973
111900015,0,0,0
111900016,1,6,-5
111900017,2,4,-2
111900018,59,10,49
111900019,0,56,-56
111900020,0,7,-7
111900021,0,1,-1
111900022,1,2,-1
111900023,51,14,37
111900024,7,0,7
111900025,0,6,-6
111900026,0,3,-3
111900027,0,5,-5
111900028,0,0,0
111900029,0,4,-4
111900030,0,0,0
111900031,0,0,0
111900032,0,0,0
111900033,1,0,1
111900034,0,0,0
111900035,0,0,0
111900036,0,0,0
111900038,0,0,0
111900039,0,0,0
111900040,0,0,0
111900042,0,0,0
111900043,0,0,0
111900044,1,0,1
111900046,0,0,0
111900048,109,38,71
111900049,0,0,0
111900050,0,0,0
111900051,0,16,-16
111900052,0,0,0
111900053,65,519,-454
111900054,0,0,0
111900055,2,39,-37
111900056,8,34,-26
111900057,46,0,46
111900058,229,12,217
111900059,63,33,30
111900060,0,0,0
111900061,0,18,-18
111900062,27,10,17
111900063,79,0,79
111900064,15,36,-21
111900065,39,6,33
111900066,7,0,7
111900067,0,0,0
111900068,10,42,-32
111900069,40,11,29
111900070,50,0,50
111900071,0,0,0
111900072,23,19,4
111900073,52,6,46
111900074,0,0,0
111900075,71,1,70
111900076,12,17,-5
111900077,32,0,32
111900078,65,3,62
111900079,43,16,27
111900080,0,0,0
111900082,285,30,255
111900083,22,0,22
111900084,78,4,74
111900085,0,0,0
111900086,173,13,160
111900087,42,1,41
111900088,82,3,79
111900089,100,1,99
111900090,0,0,0
111900091,389,10,379
111900092,98,0,98
111900093,111,1,110
111900094,73,0,73
111900095,0,0,0
111900096,189,0,189
111900097,55,0,55
111900098,74,0,74
111900099,35,0,35
111900100,0,0,0
111900101,42,0,42
111900102,73,1,72
111900103,0,0,0
111900104,1,0,1
111900105,8,9,-1
111900106,46,12,34
111900110,0,0,0
111900111,70,21,49
111900112,0,0,0
111900113,37,4,33
111900118,23,6,17
111900119,2,4,-2
111900122,11,10,1
111900123,1,1,0
111900124,19,8,11
111900125,23,1,22
111900126,47,0,47
111900127,0,0,0
111900128,0,0,0
111900129,45,2,43
111900130,1,2,-1
111900131,43,1,42
111900132,0,0,0
111900133,0,0,0
111900134,0,0,0
111900135,0,0,0
111900136,0,0,0
111900137,21,0,21
111900138,4,20,-16
111900139,0,7,-7
111900140,23,13,10
111900141,45,5,40
111900142,38,1,37
111900143,3,0,3
111900144,0,0,0
111900145,0,0,0
111900146,0,0,0
111900147,0,0,0
111900148,0,0,0
111900149,0,0,0
111900150,0,0,0
111900151,0,0,0
111900152,0,0,0
111900153,0,0,0
111900154,0,0,0
111900155,0,0,0
111900156,0,0,0
111900157,0,0,0
111900158,0,0,0
111900159,0,0,0
111900160,0,0,0
111900161,5,0,5
111900162,0,0,0
111900163,0,0,0
111900164,0,0,0
111901113,130,0,130
111901114,68,0,68
111901115,0,0,0
111901116,0,0,0
111901117,0,0,0
111901118,0,0,0
111901119,2,0,2
111901121,0,0,0
111901122,3,0,3
111901123,49,0,49
111901124,0,0,0
111901125,228,45,183
111901127,5,0,5
111901128,0,0,0
111901129,0,0,0
111901130,0,0,0
111901131,0,87,-87
111901132,0,0,0
111901133,0,0,0
111901134,0,0,0
111901135,0,0,0
111901136,0,0,0
111901137,0,0,0
111901138,0,0,0
111901139,0,0,0
111901140,0,0,0
111901141,0,0,0
111901142,0,0,0
111901143,0,0,0
111901144,0,0,0
111901145,1,3,-2
111901146,0,0,0
111901147,1,1,0
111901148,0,0,0
112000001,1294,698,596
112000002,114,166,-52
112000003,696,299,397
112000004,86,69,17
112000005,2522,1563,959
112000006,125,65,60
112000007,1972,1354,618
112000008,1558,2182,-624
112000009,1661,419,1242
112000010,859,2281,-1422
112000011,508,329,179
112000012,2212,4204,-1992
112000013,720,498,222
112000014,220,2697,-2477
112000015,195,639,-444
112000016,511,1163,-652
112000017,57,364,-307
112000024,40,78,-38
112000026,281,317,-36
112000027,326,468,-142
112000028,315,120,195
112000029,151,472,-321
112000030,5,2,3
112000031,203,1741,-1538
112000032,15,1,14
112000033,285,1219,-934
112000034,4,3,1
112000035,0,18,-18
112000036,21,397,-376
112000037,34,100,-66
112000038,149,330,-181
112000039,48,10,38
112000040,14,38,-24
112000041,77,141,-64
112000042,315,55,260
112000050,608,562,46
112000051,578,782,-204
112000054,339,450,-111
112000057,21,26,-5
112000058,22,207,-185
112000059,99,194,-95
112000061,588,260,328
112000062,184,438,-254
112000063,339,342,-3
112000064,624,542,82
112000065,372,177,195
112000066,659,551,108
112000067,49,50,-1
112000068,1038,818,220
112000069,51,186,-135
112000070,270,206,64
112000071,159,125,34
112000072,898,174,724
112000073,110,176,-66
112000074,415,229,186
112000075,678,329,349
112000076,614,221,393
112000077,766,178,588
112000078,754,186,568
112000079,1147,448,699
112000080,206,184,22
112000081,204,449,-245
112000082,434,361,73
112000083,275,354,-79
112000084,547,303,244
112000085,759,236,523
112000086,1270,359,911
112000087,287,64,223
112000088,367,126,241
112000089,71,98,-27
112000090,58,47,11
112000091,133,85,48
112000092,1136,102,1034
112000093,237,50,187
112000094,512,97,415
112000095,305,52,253
112000096,513,121,392
112000097,937,187,750
112000098,34,26,8
112000099,224,933,-709
112000100,1016,117,899
112000101,24,24,0
112000102,457,86,371
112000103,40,41,-1
112000105,16,55,-39
112000106,744,51,693
112000107,31,26,5
112000108,134,179,-45
112000109,133,21,112
112000110,516,106,410
112000111,91,219,-128
112000112,750,36,714
112000113,94,121,-27
112000114,659,103,556
112000115,58,32,26
112000116,14,46,-32
112000117,28,48,-20
112000118,107,74,33
112000119,113,105,8
112000120,4,10,-6
112000121,95,51,44
112000122,235,36,199
112000123,359,27,332
112000124,226,7,219
112000125,116,38,78
112000126,198,73,125
112000127,751,880,-129
112000128,59,370,-311
112000129,103,30,73
112000130,26,5,21
112000131,32,2,30
112000132,1,13,-12
112000133,173,26,147
112000134,105,40,65
112000135,447,82,365
112000136,147,129,18
112000137,453,223,230
112000138,263,164,99
112000139,98,216,-118
112000140,26,28,-2
112000141,285,109,176
112000142,22,62,-40
112000143,588,40,548
112000144,44,98,-54
112000145,1335,112,1223
112000146,122,151,-29
112000147,875,361,514
112000148,195,111,84
112000149,157,36,121
112000150,5,18,-13
112000151,92,32,60
112000152,37,10,27
112000153,18,24,-6
112000154,48,1,47
112000155,11,12,-1
112000157,20,234,-214
112000158,140,30,110
112000159,79,51,28
112000167,5,2,3
112000169,56,365,-309
112000173,212,7,205
112000175,74,45,29
112000176,522,323,199
112000177,71,23,48
112000178,23,33,-10
112000179,58,14,44
112000180,12,2,10
112000181,254,118,136
112000182,757,79,678
112000183,41,29,12
112000184,140,18,122
112000185,13,20,-7
112000187,635,203,432
112000195,94,2,92
112000196,21,0,21
112000197,10,3,7
112000198,0,1,-1
112000199,1,81,-80
112000202,198,1,197
112000216,33,22,11
112000230,52,0,52
112000231,0,0,0
112000256,78,53,25
112000313,14,7,7
112000314,0,3,-3
112000337,7,78,-71
112000352,2,19,-17
112000392,663,707,-44
112000398,579,215,364
112000399,233,2417,-2184
112000400,236,331,-95
112000401,373,358,15
112000402,1777,2791,-1014
112000403,288,2208,-1920
112000404,385,674,-289
112000405,1623,1422,201
112000406,619,468,151
112000407,3424,2127,1297
112000408,1106,796,310
112000409,326,626,-300
112000410,0,0,0
112000411,132,32,100
112000412,0,0,0
112000413,64,303,-239
112000414,49,6,43
112000415,25,4,21
112000416,1383,462,921
112000417,77,28,49
112000421,1,3,-2
112000422,63,27,36
112000424,82,495,-413
112000425,6,33,-27
112000426,22,34,-12
112000427,1,1,0
112000428,26,45,-19
112000429,602,688,-86
112000430,757,1288,-531
112000431,61,66,-5
112000432,88,40,48
112000433,142,275,-133
112000437,28,87,-59
112900001,21,0,21
112900002,85,2,83
112900003,13,0,13
112900004,8,0,8
112900005,55,0,55
112900006,0,0,0
112900007,71,4,67
112900008,0,0,0
112900009,41,0,41
112900010,16,0,16
112900011,0,0,0
112900012,0,0,0
112900013,0,12,-12
112900014,0,0,0
112900015,2,13,-11
112900016,0,0,0
112900017,2,7,-5
112900018,0,0,0
112900019,0,0,0
112900020,27,23,4
112900021,0,0,0
112900022,0,1,-1
112900023,0,0,0
112900024,0,0,0
112900025,1,2,-1
112900026,0,0,0
112900027,0,0,0
112900028,0,0,0
112900029,34,6,28
112900030,0,0,0
112900031,0,0,0
112900032,0,0,0
112900034,1,4,-3
112900035,0,0,0
112900036,0,0,0
112900037,0,0,0
112900038,48,0,48
112900039,0,0,0
112900040,0,0,0
112900041,7,26,-19
112900042,0,0,0
112900043,0,0,0
112900044,25,1,24
112900045,0,0,0
112900046,0,0,0
112900047,0,0,0
112900049,0,0,0
112900050,20,0,20
112900051,0,0,0
112900052,0,0,0
112900053,0,0,0
112900054,3,0,3
112900055,0,0,0
112900056,0,0,0
112900057,0,0,0
112900058,3,4,-1
112900059,0,0,0
112900060,1,0,1
112900061,0,0,0
112900062,0,0,0
112900063,0,0,0
112900064,0,0,0
112900065,0,0,0
112900066,23,27,-4
112900067,0,0,0
112900068,0,0,0
112900069,14,0,14
112900071,0,0,0
112900072,0,28,-28
112900073,64,24,40
112900074,0,0,0
112900075,27,1,26
112900076,0,0,0
112900078,0,0,0
112900079,0,0,0
112900080,0,0,0
112900081,7,7,0
112900082,67,0,67
112900083,9,13,-4
112900084,0,0,0
112900086,0,0,0
112900087,35,1,34
112900088,43,1,42
112900089,160,0,160
112900090,1,16,-15
112900091,2,0,2
112900092,0,0,0
112900093,0,0,0
112900095,0,0,0
112900096,33,7,26
112900097,0,0,0
112900098,8,0,8
112900099,210,3,207
112900100,0,0,0
112900101,0,0,0
112900102,0,0,0
112900103,0,0,0
112900104,0,0,0
112900105,0,0,0
112900106,2,2,0
112900107,2,0,2
112900108,0,0,0
112900109,6,0,6
112900110,0,0,0
112900111,0,0,0
112900112,0,0,0
112900113,0,0,0
112900114,1,0,1
112900115,447,17,430
112900116,8,0,8
112900117,0,0,0
112900118,0,0,0
112900119,0,0,0
112900120,0,0,0
112900121,0,0,0
112900122,0,0,0
112900123,0,0,0
112900124,0,0,0
112900125,0,0,0
112900126,0,1,-1
112900127,0,0,0
112900128,0,0,0
112900129,0,14,-14
112900130,0,0,0
112900131,0,0,0
112900132,0,0,0
112900133,0,45,-45
112900134,0,16,-16
112900135,0,0,0
112900137,0,4,-4
112900138,0,2,-2
112900139,0,0,0
112900141,170,9,161
112900142,0,0,0
112900143,0,0,0
112900144,0,0,0
112900145,0,0,0
112900146,0,0,0
112900147,0,0,0
112900148,0,0,0
112900149,0,0,0
112900151,0,0,0
112900152,178,8,170
112900153,3,120,-117
112900154,0,0,0
112900155,22,0,22
112900156,22,0,22
112900157,140,2,138
112900158,0,0,0
112900159,0,0,0
112900160,0,0,0
112900161,0,0,0
112900162,0,0,0
112900163,0,0,0
112900164,0,0,0
112900165,0,0,0
112900166,0,0,0
112900167,11,0,11
112900168,0,0,0
112900169,0,0,0
112900170,0,0,0
112900172,0,0,0
112900173,0,0,0
112900174,0,0,0
112900175,0,0,0
112900176,0,0,0
112900177,0,0,0
112900178,9,5,4
112900179,0,25,-25
112900180,204,39,165
112900181,0,0,0
112900182,0,0,0
112900183,0,0,0
112900184,31,32,-1
112900185,0,22,-22
112900186,23,100,-77
112900187,0,0,0
112900188,27,31,-4
112900189,0,0,0
112900190,0,0,0
112900192,91,29,62
112900193,83,9,74
112900194,0,0,0
112900195,88,1,87
112900196,29,9,20
112900197,1,12,-11
112900199,45,0,45
112900200,11,0,11
112900201,24,0,24
112900202,1,3,-2
112900203,0,0,0
112900204,7,9,-2
112900205,1,0,1
112900206,0,0,0
112900207,0,0,0
112900208,0,12,-12
112900209,0,0,0
112900210,0,0,0
112900211,0,0,0
112900212,0,0,0
112900213,0,0,0
112900214,0,0,0
112900215,0,0,0
112900216,0,0,0
112900217,0,0,0
112900218,28,0,28
112900219,34,0,34
112900220,0,0,0
112900221,15,0,15
112900222,0,2,-2
112900223,127,1,126
112900224,42,0,42
112900225,0,0,0
112900226,0,0,0
112900227,191,5,186
112900228,31,0,31
112900229,0,0,0
112900230,179,120,59
112900232,0,8,-8
112900233,0,0,0
112900234,0,0,0
112900235,0,0,0
112900236,0,0,0
112900237,35,0,35
112900238,0,0,0
112900239,0,0,0
112900240,0,0,0
112900241,0,0,0
112900242,0,0,0
112900243,0,0,0
112900244,0,0,0
112900245,0,0,0
112900246,0,0,0
112900247,0,0,0
112900248,0,0,0
112900249,0,0,0
112900250,0,0,0
112900251,0,0,0
112900252,0,0,0
112900253,0,0,0
112900254,0,0,0
112900255,0,0,0
112900256,0,0,0
112900257,0,0,0
113000001,1165,1194,-29
113000002,1427,1686,-259
113000003,284,629,-345
113000004,315,739,-424
113000005,253,308,-55
113000006,222,519,-297
113000007,442,242,200
113000008,290,437,-147
113000009,259,248,11
113000010,458,275,183
113000011,226,113,113
113000012,489,112,377
113000013,67,139,-72
113000014,99,242,-143
113000015,37,48,-11
113000016,20,31,-11
113000017,1,30,-29
113000018,44,8,36
113000019,0,0,0
113000020,265,32,233
113000021,440,112,328
113000022,219,226,-7
113000025,1,12,-11
113000026,173,266,-93
113000027,72,182,-110
113000028,8,128,-120
113000029,350,289,61
113000030,0,0,0
113000031,0,0,0
113000032,87,121,-34
113000033,179,124,55
113000034,0,0,0
113000035,0,0,0
113000036,7,38,-31
113000037,0,0,0
113000038,3,23,-20
113000039,1,27,-26
113000040,4,2,2
113000042,155,168,-13
113000051,341,900,-559
113000052,224,122,102
113000053,81,69,12
113000054,102,353,-251
113000055,491,107,384
113000056,545,185,360
113000058,113,378,-265
113000059,345,158,187
113000060,83,223,-140
113000061,170,170,0
113000062,125,51,74
113000063,106,27,79
113000064,43,46,-3
113000065,76,113,-37
113000066,433,49,384
113000067,683,63,620
113000068,158,179,-21
113000069,139,208,-69
113000070,559,77,482
113000071,80,115,-35
113000072,198,53,145
113000073,104,198,-94
113000074,205,94,111
113000075,515,155,360
113000076,82,474,-392
113000077,182,247,-65
113000078,124,268,-144
113000079,30,73,-43
113000080,82,126,-44
113000081,214,228,-14
113000082,173,33,140
113000083,279,406,-127
113000084,369,223,146
113000085,367,224,143
113000086,282,265,17
113000087,258,580,-322
113000088,239,251,-12
113000089,318,872,-554
113000090,45,196,-151
113000091,115,0,115
113000094,477,41,436
113000095,78,47,31
113000096,59,40,19
113000097,137,21,116
113000098,13,27,-14
113000099,298,40,258
113000100,70,38,32
113000101,14,10,4
113000102,135,40,95
113000103,400,108,292
113000104,444,729,-285
113000105,344,60,284
113000106,123,73,50
113000107,446,343,103
113000108,367,332,35
113000109,102,315,-213
113000110,336,254,82
113000111,14,132,-118
113000112,79,181,-102
113000113,597,263,334
113000114,5,176,-171
113000116,31,45,-14
113000117,76,104,-28
113000118,6,143,-137
113000119,58,87,-29
113000120,27,393,-366
113000121,77,71,6
113000124,132,57,75
113000125,1,302,-301
113000127,121,13,108
113000128,98,237,-139
113000129,0,0,0
113000133,439,2,437
113000134,11,462,-451
113000135,1509,1432,77
113000137,494,876,-382
113000139,227,61,166
113000140,2,0,2
113000141,122,52,70
113000142,81,107,-26
113000143,105,158,-53
113000144,12,56,-44
113000145,74,14,60
113000146,0,0,0
113000147,0,0,0
113000148,168,35,133
113000149,59,110,-51
113000150,0,0,0
113000151,0,0,0
113000152,3,114,-111
113000153,178,131,47
113000154,67,355,-288
113000155,162,225,-63
113000156,52,69,-17
113000157,84,74,10
113000158,123,4,119
113000159,250,7,243
113000160,166,107,59
113000161,88,116,-28
113000162,0,0,0
113000163,32,44,-12
113000164,0,0,0
113000166,117,6,111
113000167,0,0,0
113000168,0,0,0
113000169,107,2,105
113000170,95,33,62
113000171,0,0,0
113000172,165,17,148
113000173,58,2,56
113000174,0,0,0
113000175,193,25,168
113000176,250,14,236
113000177,0,0,0
113000178,0,0,0
113000179,122,11,111
113000180,350,526,-176
113000181,426,360,66
113000182,19,44,-25
113000183,50,215,-165
113000184,0,0,0
113000189,6,100,-94
113000190,127,83,44
113000192,274,915,-641
113000193,546,660,-114
113000194,162,526,-364
113000195,337,610,-273
113000196,123,116,7
113000197,305,639,-334
113000198,8,79,-71
113000199,230,82,148
113000201,20,54,-34
113000202,634,126,508
113000203,29,5,24
113000204,94,893,-799
113000205,0,0,0
113000206,0,23,-23
113000207,0,0,0
113000208,0,41,-41
113000209,0,0,0
113000210,0,18,-18
113000211,74,19,55
113000212,30,6,24
113000213,25,39,-14
113000214,1,0,1
113000234,0,59,-59
113000410,5,52,-47
113000411,542,966,-424
113000412,715,399,316
113000413,886,736,150
113000414,1042,3125,-2083
113000415,255,428,-173
113000416,524,447,77
113000417,135,478,-343
113000418,1173,1273,-100
113000419,367,770,-403
113000420,1084,1522,-438
113000421,1660,2687,-1027
113000422,2137,2164,-27
113000423,527,1358,-831
113000424,866,2445,-1579
113000425,7,44,-37
113000428,11,0,11
113000430,0,0,0
113000432,675,23,652
113000433,18,106,-88
113000434,1,2,-1
113000435,0,4,-4
113000436,1,56,-55
113000437,376,1,375
113000438,25,4,21
113000439,0,0,0
113000440,28,4,24
113000441,108,30,78
113000442,0,0,0
113000443,85,4,81
113000444,0,0,0
113000445,18,8,10
113000446,0,0,0
113000448,0,0,0
113000449,3,373,-370
113000450,12,506,-494
113000451,10,0,10
113000452,41,113,-72
113000453,0,0,0
113000454,18,83,-65
113000455,0,0,0
113000456,100,41,59
113000468,130,26,104
113000469,15,25,-10
113000470,103,41,62
113000471,2,106,-104
113000472,19,30,-11
113000474,520,481,39
113000475,359,455,-96
113000476,468,701,-233
113000477,1694,705,989
113000478,1119,1047,72
113000479,17,18,-1
113000483,0,0,0
113000484,0,0,0
113000485,0,0,0
113000486,0,0,0
113000487,0,0,0
113000488,0,0,0
113000489,0,0,0
113000490,0,0,0
113000491,0,0,0
113000492,0,0,0
113000493,0,0,0
113000495,0,0,0
113000496,10,51,-41
113000497,0,0,0
113000499,0,0,0
113900001,0,0,0
113900002,0,0,0
113900003,0,0,0
113900004,0,0,0
113900005,0,0,0
113900006,0,0,0
113900007,0,0,0
113900008,0,0,0
113900009,0,0,0
113900010,0,0,0
113900011,0,0,0
113900012,0,0,0
113900013,0,0,0
113900014,158,1,157
113900015,0,0,0
113900016,0,0,0
113900017,6,0,6
113900018,0,0,0
113900019,1,0,1
113900020,62,0,62
113900022,8,1,7
113900023,0,0,0
113900024,0,0,0
113900025,26,5,21
113900026,1,0,1
113900027,9,0,9
113900028,0,0,0
113900029,0,0,0
113900030,60,0,60
113900031,2,0,2
113900032,0,0,0
113900033,0,0,0
113900035,0,0,0
113900036,0,0,0
113900037,0,0,0
113900038,0,0,0
113900039,53,7,46
113900040,1,0,1
113900041,0,0,0
113900042,0,0,0
113900043,0,0,0
113900044,1,24,-23
113900045,0,0,0
113900046,0,0,0
113900047,0,0,0
113900048,0,0,0
113900049,0,0,0
113900050,2,21,-19
113900051,0,0,0
113900052,0,0,0
113900053,39,103,-64
113900054,0,0,0
113900055,2,0,2
113900056,0,0,0
113900057,0,0,0
113900058,0,0,0
113900059,0,0,0
113900060,7,2,5
113900061,4,7,-3
113900062,0,0,0
113900063,0,0,0
113900064,0,0,0
113900065,186,11,175
113900066,0,0,0
113900067,18,4,14
113900068,106,119,-13
113900069,0,0,0
113900070,0,0,0
113900071,0,0,0
113900072,0,0,0
113900073,128,87,41
113900074,27,12,15
113900075,84,255,-171
113900076,0,0,0
113900077,0,0,0
113900078,0,0,0
113900079,0,0,0
113900080,1,1,0
113900081,0,0,0
113900082,0,0,0
113900083,34,13,21
113900084,14,10,4
113900085,0,0,0
113900086,0,0,0
113900087,0,0,0
113900088,0,0,0
113900089,97,1,96
113900090,4,0,4
113900091,0,0,0
113900092,0,0,0
113900093,0,0,0
113900094,20,5,15
113900095,15,14,1
113900096,0,0,0
113900097,0,0,0
113900098,179,20,159
113900099,0,0,0
113900100,0,0,0
113900101,0,0,0
113900102,0,0,0
113900103,7,11,-4
113900104,34,33,1
113900105,0,0,0
113900106,0,0,0
113900107,0,0,0
113900108,0,0,0
113900109,4,0,4
113900110,0,0,0
113900111,0,0,0
113900112,10,0,10
113900113,22,3,19
113900114,0,0,0
113900115,0,0,0
113900116,0,0,0
113900117,0,0,0
113900118,0,16,-16
113900119,22,50,-28
113900120,0,0,0
113900121,0,0,0
113900122,7,852,-845
113900123,4,3,1
113900124,0,0,0
113900125,11,0,11
113900126,0,0,0
113900127,0,0,0
113900128,0,0,0
113900129,2,34,-32
113900130,0,0,0
113900131,0,0,0
113900132,0,0,0
113900133,0,0,0
113900135,0,1,-1
113900136,0,0,0
113900137,1,4,-3
113900138,0,0,0
113900139,0,0,0
113900140,15,14,1
113900141,0,0,0
113900142,0,0,0
113900143,0,0,0
113900144,13,11,2
113900145,0,0,0
113900146,0,0,0
113900148,0,0,0
113900149,0,0,0
113900150,93,14,79
113900151,0,0,0
113900152,0,1,-1
113900153,0,0,0
113900154,0,0,0
113900155,0,0,0
113900156,0,0,0
113900157,0,17,-17
113900158,0,0,0
113900159,0,0,0
113900160,0,0,0
113900161,0,0,0
113900162,3,33,-30
113900163,0,0,0
113900164,2,0,2
113900165,0,0,0
113900166,5,1,4
113900167,0,0,0
113900168,0,0,0
113900169,0,0,0
113900171,3,1,2
113900172,0,0,0
113900173,0,27,-27
113900174,0,0,0
113900175,28,2,26
113900176,0,0,0
113900177,1,3,-2
113900178,0,0,0
113900179,0,29,-29
113900180,2,2,0
113900181,57,1,56
113900182,0,0,0
113900183,2,4,-2
113900184,0,12,-12
113900185,0,4,-4
113900186,0,0,0
113900187,1,0,1
113900188,0,0,0
113900189,0,0,0
113900190,0,0,0
113900191,0,0,0
113900192,0,0,0
113900193,0,14,-14
113900194,50,18,32
113900195,0,0,0
113900196,0,0,0
113900197,2,10,-8
113900198,0,0,0
113900199,0,24,-24
113900200,0,0,0
113900201,0,10,-10
113900202,0,0,0
113900203,0,11,-11
113900204,0,2,-2
113900205,0,0,0
113900206,0,0,0
113900207,0,0,0
113900208,0,0,0
113900209,0,0,0
113900210,0,0,0
113900211,0,0,0
113900212,81,6,75
113900214,1,10,-9
113900215,130,0,130
113900216,1,0,1
113900217,0,0,0
113900218,0,0,0
113900219,0,0,0
113900220,0,0,0
113900221,0,11,-11
113900222,0,0,0
113900223,0,0,0
113900224,0,0,0
113900225,7,5,2
113900226,10,1,9
113900227,2,7,-5
113900228,0,0,0
113900229,0,15,-15
113900230,95,14,81
113900231,0,0,0
113900232,0,0,0
113900233,0,0,0
113900234,0,0,0
113900235,0,0,0
113900236,84,1,83
113900237,0,0,0
113900238,10,35,-25
113900239,0,0,0
113900240,0,0,0
113900241,0,0,0
113900242,0,0,0
113900243,0,8,-8
113900244,10,5,5
113900245,3,0,3
113900246,1,11,-10
113900247,35,82,-47
113900248,0,0,0
113900249,4,82,-78
113900250,6,17,-11
113900251,172,4,168
113900252,133,1,132
113900253,108,1,107
113900254,137,11,126
113900255,274,11,263
113900256,112,2,110
113900257,2,46,-44
113900258,0,13,-13
113900259,89,16,73
113900260,163,15,148
113900261,7,2,5
113900262,33,25,8
113900263,0,16,-16
113900264,0,0,0
113900265,0,0,0
113900266,18,0,18
113900267,0,0,0
113900268,6,10,-4
113900269,0,0,0
113900270,0,0,0
113900271,0,0,0
113900273,0,1,-1
113900274,4,0,4
113900275,0,0,0
113900276,1,11,-10
113900277,39,1,38
113900278,0,0,0
113900279,0,0,0
113900280,11,3,8
113900281,4,102,-98
113900282,0,0,0
113900283,0,0,0
113900284,274,85,189
113900285,1,0,1
113900286,0,0,0
113900287,0,0,0
113900288,0,0,0
113900289,0,0,0
113900290,0,0,0
113900291,0,0,0
113900292,0,0,0
113900293,0,0,0
113900294,204,2,202
113900295,42,60,-18
113900296,80,13,67
113900297,224,1,223
113900298,3,0,3
113900299,22,0,22
113900300,221,10,211
113900301,39,0,39
113900302,77,1,76
113900303,0,0,0
113900304,0,0,0
113900305,33,0,33
113900306,23,0,23
113900307,0,0,0
113900308,0,0,0
113900309,0,4,-4
113900310,0,0,0
113900311,2,0,2
113900312,0,0,0
113900313,0,0,0
114000001,254,280,-26
114000002,37,70,-33
114000003,5,29,-24
114000004,50,27,23
114000005,67,4,63
114000006,236,241,-5
114000007,157,100,57
114000008,218,257,-39
114000009,124,80,44
114000011,1238,340,898
114000012,1526,186,1340
114000013,812,306,506
114000014,29,16,13
114000015,190,19,171
114000016,3,54,-51
114000017,14,120,-106
114000018,5,2,3
114000026,885,221,664
114000027,1328,601,727
114000028,631,1135,-504
114000038,24,0,24
114000039,0,0,0
114000040,62,107,-45
114000042,7,51,-44
114000043,107,19,88
114000044,42,13,29
114000045,27,14,13
114000046,348,375,-27
114000047,29,36,-7
114000048,28,69,-41
114000049,427,401,26
114000050,269,333,-64
114000051,573,781,-208
114000052,575,755,-180
114000053,98,152,-54
114000054,24,295,-271
114000055,22,6,16
114000056,5,58,-53
114000057,543,521,22
114000058,3,21,-18
114000059,2,31,-29
114000060,38,166,-128
114000061,590,1053,-463
114000062,103,403,-300
114000063,58,133,-75
114000064,215,296,-81
114000065,202,338,-136
114000066,175,346,-171
114000067,21,186,-165
114000068,42,129,-87
114000069,174,56,118
114000070,854,548,306
114000071,58,11,47
114000072,109,21,88
114000073,23,24,-1
114000074,1,0,1
114000075,62,3,59
114000076,17,9,8
114000077,1,2,-1
114000078,18,38,-20
114000079,20,0,20
114000080,2,49,-47
114000081,14,41,-27
114000082,10,95,-85
114000083,0,0,0
114000084,70,50,20
114000085,23,9,14
114000086,15,5,10
114000087,0,0,0
114000088,21,17,4
114000089,67,10,57
114000090,148,280,-132
114000091,136,255,-119
114000092,79,34,45
114000093,355,152,203
114000094,136,150,-14
114000095,61,127,-66
114000096,22,19,3
114000097,29,71,-42
114000098,228,45,183
114000099,237,26,211
114000100,1105,80,1025
114000101,151,57,94
114000102,154,68,86
114000103,63,55,8
114000104,1,16,-15
114000105,15,7,8
114000106,135,262,-127
114000107,94,23,71
114000108,24,27,-3
114000109,449,460,-11
114000110,7,7,0
114000111,857,309,548
114000112,2,6,-4
114000113,562,110,452
114000114,10,10,0
114000115,830,204,626
114000116,543,1413,-870
114000117,1597,161,1436
114000118,1684,160,1524
114000119,1483,215,1268
114000120,234,207,27
114000121,0,0,0
114000122,111,35,76
114000123,797,70,727
114000124,411,73,338
114000125,272,302,-30
114000126,655,62,593
114000127,85,14,71
114000128,338,70,268
114000130,188,221,-33
114000131,103,20,83
114000132,87,77,10
114000133,79,76,3
114000134,0,0,0
114000138,0,0,0
114000139,153,153,0
114000144,246,221,25
114000145,0,0,0
114000146,0,0,0
114000147,671,1044,-373
114000148,205,421,-216
114000149,53,58,-5
114000150,20,8,12
114000151,81,746,-665
114000152,4,11,-7
114000153,63,391,-328
114000154,79,80,-1
114000155,279,754,-475
114000156,249,408,-159
114000157,51,278,-227
114000158,105,51,54
114000159,20,37,-17
114000160,8,63,-55
114000161,202,636,-434
114000162,779,985,-206
114000163,0,0,0
114000165,83,156,-73
114000166,139,87,52
114000167,628,271,357
114000168,28,2,26
114000169,296,443,-147
114000170,520,287,233
114000171,629,2793,-2164
114000174,2,0,2
114000176,9,1,8
114000177,11,5,6
114000178,77,25,52
114000179,452,290,162
114000180,11,6,5
114000181,327,1662,-1335
114000182,268,398,-130
114000183,162,40,122
114000184,83,52,31
114000185,656,390,266
114000189,786,83,703
114000190,2004,393,1611
114000191,51,163,-112
114000192,0,0,0
114000193,0,0,0
114000194,729,334,395
114000195,114,64,50
114000196,0,0,0
114000197,1247,5,1242
114000198,0,0,0
114000199,6,40,-34
114000200,142,80,62
114000201,29,94,-65
114000202,512,236,276
114000203,210,184,26
114000204,0,0,0
114000205,36,108,-72
114000206,37,129,-92
114000207,34,131,-97
114000208,79,51,28
114000209,30,70,-40
114000210,28,118,-90
114000211,1161,481,680
114000212,338,343,-5
114000213,1107,333,774
114000214,15,0,15
114000215,37,0,37
114000216,473,113,360
114000217,299,87,212
114000218,34,2,32
114000219,430,45,385
114000220,0,2,-2
114000221,431,23,408
114000222,19,62,-43
114000223,465,79,386
114000224,7,80,-73
114000225,67,26,41
114000226,153,19,134
114000227,674,232,442
114000228,582,94,488
114000229,512,259,253
114000230,1237,232,1005
114000231,476,370,106
114000232,610,111,499
114000233,1200,33,1167
114000234,692,405,287
114000235,574,328,246
114000236,0,0,0
114000237,159,158,1
114000238,23,282,-259
114000239,40,168,-128
114000240,402,336,66
114000241,84,120,-36
114000242,321,102,219
114000243,1024,605,419
114000244,274,108,166
114000245,54,151,-97
114000246,0,0,0
114000247,338,185,153
114000248,813,472,341
114000249,560,175,385
114000250,192,13,179
114000251,219,15,204
114000252,14,7,7
114000253,33,11,22
114000254,0,0,0
114000255,2,79,-77
114000256,69,185,-116
114000257,21,149,-128
114000258,93,35,58
114000259,0,1,-1
114000260,0,0,0
114000261,42,16,26
114000262,0,0,0
114000263,5,0,5
114000264,184,33,151
114000265,0,0,0
114000267,1,312,-311
114000268,0,0,0
114000270,91,9,82
114000271,78,24,54
114000283,537,60,477
114000285,0,0,0
114000288,8,1,7
114000289,211,21,190
114000293,90,11,79
114000294,27,98,-71
114000395,385,7,378
114000396,205,98,107
114000402,317,150,167
114000403,240,51,189
114000405,102,46,56
114000423,182,39,143
114000424,172,118,54
114000425,433,98,335
114000426,162,506,-344
114000427,37,5,32
114000428,41,52,-11
114000429,19,6,13
114000432,74,8,66
114000434,1,24,-23
114000435,0,0,0
114900001,200,68,132
114900002,27,2,25
114900003,179,42,137
114900004,33,46,-13
114900005,84,57,27
114900006,6,4,2
114900007,33,2,31
114900008,47,12,35
114900010,0,0,0
114900011,52,11,41
114900013,21,1,20
114900015,0,38,-38
114900018,15,2,13
114900020,1,8,-7
114900022,18,9,9
114900024,6,6,0
114900025,99,2,97
114900026,29,7,22
114900027,19,13,6
114900029,5,0,5
114900030,65,10,55
114900031,71,1,70
114900032,96,1,95
114900033,41,103,-62
114900034,0,0,0
114900035,4,11,-7
114900036,59,32,27
114900037,0,0,0
114900038,0,0,0
114900039,0,0,0
114900040,0,0,0
114900041,0,0,0
114900042,0,0,0
114900043,0,0,0
114900044,6,0,6
114900046,0,0,0
114900047,0,0,0
114900048,0,0,0
114900049,0,0,0
114900050,0,0,0
114900051,0,0,0
114900052,0,0,0
114900053,0,0,0
114900054,0,0,0
114900057,3,1,2
114900058,0,0,0
114900059,6,6,0
114900060,4,25,-21
114900061,0,0,0
114900062,2,9,-7
114900063,0,0,0
114900064,0,0,0
114900065,0,0,0
114900067,0,0,0
114900068,0,0,0
114900069,0,0,0
114900070,90,27,63
114900072,0,0,0
114900073,0,0,0
114900074,203,6,197
114900075,53,1,52
114900076,2,0,2
114900080,99,21,78
114900082,316,3,313
114900083,0,0,0
114900090,45,25,20
114900091,0,0,0
114900095,0,0,0
114900096,1,5,-4
114900097,17,0,17
114900098,0,3,-3
114900099,20,0,20
115000001,566,519,47
115000002,1604,2447,-843
115000003,493,249,244
115000004,1874,2912,-1038
115000005,95,94,1
115000006,383,729,-346
115000007,76,261,-185
115000008,148,98,50
115000009,235,248,-13
115000010,68,154,-86
115000013,0,0,0
115000015,0,0,0
115000016,2,232,-230
115000019,58,239,-181
115000020,14,129,-115
115000021,0,40,-40
115000022,2,36,-34
115000023,276,395,-119
115000024,6,16,-10
115000025,524,266,258
115000026,0,0,0
115000027,259,79,180
115000028,0,0,0
115000029,628,8,620
115000030,0,30,-30
115000031,421,38,383
115000032,0,0,0
115000033,126,11,115
115000034,0,0,0
115000035,419,9,410
115000036,0,0,0
115000037,221,7,214
115000038,31,286,-255
115000039,900,863,37
115000040,805,662,143
115000041,384,1363,-979
115000042,249,132,117
115000043,1318,784,534
115000044,831,232,599
115000045,488,114,374
115000046,1516,887,629
115000047,1448,464,984
115000048,410,256,154
115000049,322,516,-194
115000050,1465,495,970
115000051,726,1896,-1170
115000052,179,484,-305
115000053,876,1849,-973
115000054,147,157,-10
115000055,2,117,-115
115000056,45,50,-5
115000057,45,235,-190
115000058,46,113,-67
115000059,19,134,-115
115000061,45,92,-47
115000062,25,14,11
115000063,15,7,8
115000064,132,36,96
115000065,0,6,-6
115000067,76,9,67
115000069,34,5,29
115000070,1,61,-60
115000071,38,25,13
115000072,0,0,0
115000073,722,68,654
115000075,39,27,12
115000076,488,396,92
115000077,481,309,172
115000078,448,151,297
115000079,344,274,70
115000080,1488,325,1163
115000081,12,26,-14
115000082,1793,1450,343
115000083,537,180,357
115000084,1633,196,1437
115000085,208,184,24
115000086,668,187,481
115000087,128,348,-220
115000088,725,311,414
115000089,149,89,60
115000090,216,191,25
115000091,229,131,98
115000092,369,184,185
115000093,309,0,309
115000094,1507,2713,-1206
115000095,886,2069,-1183
115000096,286,198,88
115000097,600,615,-15
115000098,585,85,500
115000099,1236,391,845
115000100,966,228,738
115000101,20,40,-20
115000102,285,149,136
115000103,193,122,71
115000105,48,15,33
115000106,232,226,6
115000107,14,27,-13
115000108,324,191,133
115000109,1143,1949,-806
115000110,599,731,-132
115000111,95,444,-349
115000112,200,146,54
115000113,145,300,-155
115000114,193,124,69
115000116,373,263,110
115000117,371,245,126
115000118,288,621,-333
115000119,359,193,166
115000120,97,882,-785
115000121,219,131,88
115000122,237,197,40
115000123,143,1243,-1100
115000124,174,255,-81
115000125,107,327,-220
115000126,82,192,-110
115000127,93,14,79
115000128,63,278,-215
115000129,60,83,-23
115000130,176,63,113
115000131,213,61,152
115000132,164,31,133
115000133,165,33,132
115000134,68,11,57
115000135,22,8,14
115000136,44,44,0
115000137,2,1,1
115000138,179,47,132
115000139,21,3,18
115000140,229,50,179
115000141,22,6,16
115000142,12,6,6
115000143,608,245,363
115000144,153,14,139
115000145,30,9,21
115000146,178,89,89
115000147,81,59,22
115000148,65,186,-121
115000149,143,176,-33
115000150,134,104,30
115000151,377,170,207
115000152,198,110,88
115000153,487,168,319
115000154,257,111,146
115000155,104,98,6
115000156,138,304,-166
115000157,32,91,-59
115000158,9,95,-86
115000159,44,83,-39
115000160,155,77,78
115000161,34,205,-171
115000162,389,419,-30
115000163,117,78,39
115000164,36,112,-76
115000165,167,323,-156
115000167,127,16,111
115000168,130,170,-40
115000169,3,3,0
115000170,0,0,0
115000171,81,215,-134
115000172,7,10,-3
115000173,58,140,-82
115000174,21,143,-122
115000175,1,14,-13
115000176,19,35,-16
115000177,0,30,-30
115000178,0,2,-2
115000179,1,29,-28
115000180,1,18,-17
115000181,351,36,315
115000182,458,67,391
115000183,7,21,-14
115000186,218,13,205
115000187,78,9,69
115000188,357,112,245
115000189,44,9,35
115000190,271,104,167
115000191,6,10,-4
115000194,0,0,0
115000195,64,36,28
115000196,70,15,55
115000197,99,58,41
115000198,312,18,294
115000199,30,71,-41
115000200,155,9,146
115000201,19,15,4
115000206,374,5,369
115000207,0,0,0
115000208,16,15,1
115000209,424,75,349
115000210,82,45,37
115000211,49,42,7
115000212,145,5,140
115000224,85,6,79
115000225,9,21,-12
115000229,57,14,43
115000230,24,188,-164
115000231,241,126,115
115000232,1111,128,983
115000233,2,4,-2
115000234,1,18,-17
115000241,3,22,-19
115000242,61,4,57
115000243,21,7,14
115000244,16,5,11
115000246,0,4,-4
115000247,1,3,-2
115000248,0,1,-1
115000249,0,0,0
115000250,118,3,115
115000251,90,5,85
115000252,10,33,-23
115000253,0,102,-102
115000258,84,8,76
115000259,54,0,54
115000261,23,6,17
115000262,4,16,-12
115000263,0,33,-33
115000264,1,16,-15
115000267,9,23,-14
115000268,0,0,0
115000269,98,4,94
115000270,2,20,-18
115000272,6,6,0
115000273,111,3,108
115000280,185,589,-404
115000281,0,0,0
115000282,124,922,-798
115000284,19,30,-11
115000296,116,1,115
115000297,7,383,-376
115000298,0,0,0
115000300,118,10,108
115000302,220,42,178
115000303,333,26,307
115000304,311,22,289
115000305,27,17,10
115000306,20,20,0
115000307,25,17,8
115000308,0,0,0
115000309,0,19,-19
115000310,318,102,216
115000311,738,255,483
115000313,3,12,-9
115000314,116,55,61
115000315,10,32,-22
115000316,19,17,2
115000317,27,32,-5
115000318,588,33,555
115000319,0,16,-16
115000320,0,42,-42
115000321,49,0,49
115000322,0,11,-11
115000449,8,36,-28
115000557,0,0,0
115000558,106,19,87
115000587,184,95,89
115000588,100,83,17
115000589,1349,820,529
115000590,16,48,-32
115000591,261,296,-35
115000592,17,25,-8
115000593,606,370,236
115000594,14,37,-23
115000609,77,117,-40
115000617,33,476,-443
115000624,38,5,33
115000633,341,287,54
115000634,1333,343,990
115000635,302,89,213
115000638,5,46,-41
115000641,7,14,-7
115000642,147,8,139
115000643,1,0,1
115000644,0,2,-2
115000646,185,308,-123
115000647,46,45,1
115000648,805,47,758
115000893,706,443,263
115000894,0,11,-11
115000895,0,8,-8
115000896,337,168,169
115000897,95,20,75
115000898,97,107,-10
115000899,3,39,-36
115000900,0,115,-115
115000901,0,0,0
115000912,143,42,101
115000913,0,4,-4
115000915,8,0,8
115000916,0,0,0
115000917,0,14,-14
115000918,2,207,-205
115000919,0,5,-5
115000920,0,0,0
115000921,0,0,0
115000922,116,319,-203
115000923,3,21,-18
115000925,18,2,16
115000927,8,10,-2
115000933,0,16,-16
115000934,6,16,-10
115000935,29,2,27
115000936,3,265,-262
115000937,67,98,-31
115000938,8,31,-23
115000939,5,32,-27
115000940,0,23,-23
115000941,0,23,-23
115000942,0,62,-62
115000943,0,0,0
115000944,0,0,0
115900001,69,0,69
115900002,2,0,2
115900003,16,11,5
115900004,0,0,0
115900005,39,0,39
115900006,1,3,-2
115900008,10,1,9
115900009,3,2,1
115900010,163,17,146
115900011,16,6,10
115900012,42,1,41
115900013,84,8,76
115900014,23,6,17
115900015,34,0,34
115900016,13,3,10
115900017,1,0,1
115900018,27,3,24
115900019,0,0,0
115900020,95,19,76
115900021,17,0,17
115900022,47,0,47
115900023,0,0,0
115900025,2,1,1
115900026,105,5,100
115900027,0,0,0
115900028,26,6,20
115900029,0,14,-14
115900030,1,1,0
115900031,1,17,-16
115900032,73,40,33
115900033,0,0,0
115900034,0,30,-30
115900035,0,0,0
115900036,2,146,-144
115900037,0,6,-6
115900038,0,0,0
115900039,23,2,21
115900041,8,62,-54
115900042,1,0,1
115900043,11,0,11
115900044,32,60,-28
115900046,130,12,118
115900047,2,16,-14
115900049,16,7,9
115900051,0,0,0
115900052,0,0,0
115900053,49,5,44
115900054,119,0,119
115900055,0,0,0
115900056,4,9,-5
115900057,1,3,-2
115900058,0,0,0
115900060,0,3,-3
115900061,17,1,16
115900062,13,10,3
115900063,0,0,0
115900064,6,10,-4
115900065,32,3,29
115900066,3,1,2
115900067,0,3,-3
115900068,0,0,0
115900069,0,10,-10
115900070,38,0,38
115900071,0,0,0
115900072,0,6,-6
115900073,21,20,1
115900074,0,0,0
115900075,7,4,3
115900076,0,3,-3
115900077,0,0,0
115900078,1,1,0
115900079,145,1,144
115900080,12,2,10
115900081,19,18,1
115900082,16,17,-1
115900084,130,0,130
115900085,0,0,0
115900086,191,17,174
115900088,0,0,0
115900089,226,17,209
115900090,68,0,68
115900091,0,0,0
115900092,0,0,0
115900093,0,0,0
115900094,0,0,0
115900096,0,0,0
115900097,0,0,0
115900098,1,1,0
115900099,0,0,0
115900100,0,21,-21
115900101,0,1,-1
115900102,11,4,7
115900103,3,1,2
115900104,43,6,37
115900105,69,3,66
115900106,0,0,0
115900107,38,18,20
115900108,0,0,0
115900109,6,94,-88
115900110,0,0,0
115900111,0,0,0
115900112,1,126,-125
115900113,0,0,0
115900114,0,0,0
115900115,0,0,0
115900116,12,106,-94
115900117,0,0,0
115900118,0,0,0
115900119,0,0,0
115900120,3,1,2
115900121,16,8,8
115900124,29,220,-191
115900125,34,0,34
115900126,157,4,153
115900127,216,1,215
115900128,0,0,0
115900129,62,12,50
115900130,0,4,-4
115900131,80,4,76
115900132,242,1,241
115900134,84,1,83
115900135,7,53,-46
115900137,4,1,3
115900139,0,0,0
115900140,50,0,50
115900141,0,0,0
115900142,0,0,0
115900143,0,0,0
115900144,0,0,0
115900146,21,6,15
115900147,52,82,-30
115900148,4,0,4
115900149,7,0,7
115900150,6,0,6
115900151,2,2,0
115900152,15,21,-6
115900153,35,5,30
115900154,31,65,-34
115900155,0,0,0
115900156,74,76,-2
115900157,71,24,47
115900158,0,0,0
115900159,56,11,45
115900160,0,0,0
115900161,1,16,-15
115900163,37,2,35
115900164,231,17,214
115900166,1,15,-14
115900168,0,0,0
115900171,1,27,-26
115900172,7,2,5
115900173,61,9,52
115900174,7,19,-12
115900175,53,3,50
115900178,1,13,-12
115900179,19,0,19
115900180,0,3,-3
115900181,83,13,70
115900182,131,14,117
115900183,0,0,0
115900184,65,1,64
115900187,1,9,-8
115900189,0,8,-8
115900190,0,60,-60
115900191,0,31,-31
115900192,0,12,-12
115900193,16,27,-11
115900194,128,2,126
115900195,17,431,-414
115900198,9,32,-23
115900199,19,9,10
115900200,24,5,19
115900201,83,28,55
115900202,0,66,-66
115900203,12,2,10
115900204,0,0,0
115900205,40,0,40
115900206,0,0,0
115900207,0,0,0
115900208,3,3,0
115900209,0,11,-11
115900210,0,26,-26
115900211,0,14,-14
115900212,0,0,0
115900213,3,38,-35
115900214,174,15,159
115900215,2,18,-16
115900216,0,0,0
115900217,0,0,0
115900218,0,0,0
115900219,23,0,23
115900220,73,0,73
115900221,38,0,38
115900222,50,7,43
115900223,0,102,-102
115900224,42,265,-223
115900225,39,9,30
115900226,0,0,0
115900227,1,0,1
115900228,0,3,-3
115900229,0,11,-11
115900230,0,21,-21
115900231,0,0,0
115900232,0,0,0
115900233,0,0,0
115900234,0,0,0
115900235,0,0,0
115900236,0,0,0
115900237,0,0,0
115900238,0,0,0
115900239,0,0,0
115900240,0,0,0
115900241,0,0,0
115900242,49,68,-19
115900243,2,0,2
115900244,3,0,3
115900245,28,0,28
115900246,0,0,0
115900247,0,0,0
115900248,0,0,0
115900249,0,0,0
115900250,9,12,-3
115900251,0,0,0
115900252,0,0,0
115900253,4,2,2
115900254,0,14,-14
115900255,0,5,-5
115900256,0,0,0
115900257,0,0,0
115900258,0,0,0
115900259,0,0,0
115900260,0,0,0
115900261,0,0,0
115900262,0,0,0
115900263,0,0,0
115900264,0,0,0
115900265,0,0,0
115900266,0,0,0
115900267,0,0,0
115900268,0,0,0
115900269,0,0,0
115900270,26,6,20
115900271,76,0,76
115900272,2,9,-7
115900273,0,21,-21
115900274,0,1,-1
115900275,0,0,0
115900276,0,0,0
115900277,0,0,0
115900278,0,0,0
115900279,0,0,0
115900280,51,1,50
115900281,0,0,0
115900282,0,3,-3
115900283,10,1,9
115900284,0,0,0
116000001,847,555,292
116000002,2995,8988,-5993
116000003,208,196,12
116000004,953,3280,-2327
116000005,86,573,-487
116000006,303,586,-283
116000007,531,778,-247
116000008,1037,678,359
116000009,210,847,-637
116000010,879,621,258
116000011,395,477,-82
116000012,753,301,452
116000013,965,913,52
116000014,1545,6807,-5262
116000015,58,247,-189
116000016,645,2974,-2329
116000017,6,333,-327
116000018,69,75,-6
116000019,473,34,439
116000020,306,98,208
116000021,281,92,189
116000022,154,89,65
116000023,205,233,-28
116000024,211,62,149
116000025,123,223,-100
116000026,491,275,216
116000027,233,429,-196
116000028,612,1677,-1065
116000029,141,151,-10
116000030,386,997,-611
116000031,0,0,0
116000032,136,7,129
116000033,539,210,329
116000034,2035,940,1095
116000035,207,113,94
116000036,37,110,-73
116000037,49,230,-181
116000038,121,292,-171
116000039,39,54,-15
116000040,216,297,-81
116000041,21,79,-58
116000042,491,388,103
116000043,86,99,-13
116000044,1,1,0
116000045,2762,1865,897
116000046,464,537,-73
116000047,644,971,-327
116000048,3527,1228,2299
116000049,2101,1019,1082
116000050,815,397,418
116000051,2946,898,2048
116000052,1304,514,790
116000053,2539,547,1992
116000054,571,320,251
116000055,356,253,103
116000056,1448,1460,-12
116000057,387,90,297
116000058,370,680,-310
116000059,717,4662,-3945
116000060,183,279,-96
116000061,77,727,-650
116000062,132,72,60
116000063,163,713,-550
116000066,45,808,-763
116000067,46,35,11
116000068,65,208,-143
116000069,101,46,55
116000078,158,615,-457
116000080,425,96,329
116000082,2,24,-22
116000083,484,115,369
116000084,365,797,-432
116000085,538,253,285
116000086,210,244,-34
116000087,980,711,269
116000088,226,162,64
116000089,55,9,46
116000090,38,17,21
116000091,28,49,-21
116000093,178,108,70
116000094,103,56,47
116000095,367,53,314
116000096,426,521,-95
116000097,155,38,117
116000098,31,2156,-2125
116000099,651,56,595
116000100,76,2,74
116000101,241,21,220
116000102,83,184,-101
116000103,241,40,201
116000104,122,106,16
116000105,503,8,495
116000106,223,29,194
116000107,907,18,889
116000108,0,28,-28
116000111,43,46,-3
116000113,38,9,29
116000114,6,29,-23
116000115,165,31,134
116000116,20,126,-106
116000117,825,411,414
116000118,413,129,284
116000119,1714,550,1164
116000120,439,230,209
116000121,329,168,161
116000122,49,39,10
116000123,1041,135,906
116000124,59,58,1
116000125,1336,104,1232
116000126,47,24,23
116000127,131,25,106
116000128,1070,107,963
116000129,274,17,257
116000130,222,115,107
116000133,244,26,218
116000134,378,154,224
116000135,1067,274,793
116000136,382,342,40
116000137,481,239,242
116000138,191,92,99
116000139,1283,2004,-721
116000140,64,151,-87
116000141,87,94,-7
116000142,1048,1640,-592
116000143,954,822,132
116000144,892,774,118
116000145,2048,567,1481
116000146,179,24,155
116000147,77,116,-39
116000148,173,270,-97
116000149,214,77,137
116000151,242,268,-26
116000153,119,442,-323
116000155,270,364,-94
116000156,135,121,14
116000157,44,1,43
116000158,245,22,223
116000159,4,1,3
116000160,0,6,-6
116000161,0,52,-52
116000162,9,65,-56
116000163,29,3,26
116000164,1,2,-1
116000177,13,1,12
116000194,40,58,-18
116000195,408,119,289
116000196,0,0,0
116000197,0,0,0
116000198,1128,849,279
116000200,70,412,-342
116000201,235,80,155
116000202,4,20,-16
116000203,0,21,-21
116000204,0,0,0
116000205,0,16,-16
116000206,0,1,-1
116000207,9,4,5
116000233,0,0,0
116000287,23,34,-11
116000288,86,79,7
116000292,0,0,0
116000296,0,43,-43
116000297,53,0,53
116000304,32,2,30
116000305,0,8,-8
116000346,0,0,0
116000352,0,0,0
116000354,0,0,0
116000357,0,0,0
116000358,4,1,3
116000361,12,0,12
116000372,1674,3185,-1511
116000381,14,0,14
116000388,0,1,-1
116000389,59,18,41
116000445,37,13,24
116000446,469,43,426
116000447,0,45,-45
116000448,232,54,178
116000563,253,1146,-893
116000565,4,53,-49
116000568,14,102,-88
116000579,1,23,-22
116000584,1,0,1
116000585,23,27,-4
116000586,2,6,-4
116000587,434,102,332
116000589,33,2,31
116000590,34,4,30
116000591,195,35,160
116000592,1,21,-20
116000593,0,0,0
116000594,211,41,170
116000595,103,10,93
116000596,97,0,97
116000597,235,94,141
116000598,0,18,-18
116000602,0,0,0
116000605,8,3,5
116000606,35,84,-49
116000607,0,0,0
116000609,2,207,-205
116000611,7,9,-2
116000612,1248,1611,-363
116000613,386,149,237
116000614,49,40,9
116000615,0,0,0
116000616,77,3,74
116000617,65,0,65
116000618,3,3,0
116000619,1,28,-27
116000620,162,87,75
116000621,30,84,-54
116000622,119,54,65
116000624,60,12,48
116000627,29,11,18
116000628,48,19,29
116000629,5,17,-12
116000630,428,1,427
116000631,151,2,149
116000632,245,1,244
116000633,23,36,-13
116000634,117,2,115
116000635,1675,1492,183
116000636,259,647,-388
116000637,127,0,127
116000638,29,56,-27
116000640,22,2,20
116000641,0,0,0
116000644,0,0,0
116900001,26,2,24
116900002,30,0,30
116900003,0,0,0
116900004,63,32,31
116900005,58,1,57
116900006,20,48,-28
116900007,19,10,9
116900008,67,10,57
116900009,7,0,7
116900010,0,76,-76
116900011,0,0,0
116900012,12,8,4
116900013,0,6,-6
116900014,0,0,0
116900015,90,0,90
116900016,55,1,54
116900017,0,24,-24
116900018,0,0,0
116900019,0,0,0
116900020,29,59,-30
116900023,0,0,0
116900024,162,6,156
116900025,377,46,331
116900026,2,44,-42
116900027,0,0,0
116900028,0,0,0
116900029,0,3,-3
116900031,0,0,0
116900032,0,4,-4
116900033,0,0,0
116900034,0,0,0
116900035,28,12,16
116900036,0,5,-5
116900038,1,0,1
116900041,0,0,0
116900042,0,0,0
116900043,15,28,-13
116900047,1,20,-19
116900049,0,0,0
116900050,36,12,24
116900051,13,2,11
116900052,7,9,-2
116900055,0,1,-1
116900057,0,0,0
116900058,0,1,-1
116900059,0,3,-3
116900060,19,46,-27
116900062,0,2,-2
116900064,0,0,0
116900065,0,0,0
116900067,0,2,-2
116900068,73,36,37
116900070,0,1,-1
116900072,0,0,0
116900073,0,3,-3
116900074,0,14,-14
116900076,0,0,0
116900077,0,1,-1
116900078,0,0,0
116900079,8,14,-6
116900080,0,0,0
116900081,4,22,-18
116900082,19,54,-35
116900083,0,0,0
116900084,6,2,4
116900085,7,1,6
116900086,1,32,-31
116900088,23,0,23
116900090,1,0,1
116900091,7,1,6
116900092,13,19,-6
116900093,79,84,-5
116900094,685,637,48
116900095,10,0,10
116900096,18,0,18
116900097,184,622,-438
116900098,9,7,2
116900099,5,43,-38
116900100,232,6,226
116900101,5,6,-1
116900103,30,0,30
116900104,0,72,-72
116900105,36,12,24
116900106,815,11,804
116900107,336,791,-455
116900110,2,0,2
116900111,380,59,321
116900112,110,52,58
116900113,111,657,-546
116900116,0,13,-13
116900117,5,16,-11
116900118,55,19,36
116900120,91,4,87
116900121,67,6,61
116900122,198,25,173
116900123,72,32,40
116900124,15,8,7
116900125,36,4,32
116900126,3,146,-143
116900128,0,0,0
116900129,0,2,-2
116900130,4,365,-361
116900131,0,0,0
116900132,1,0,1
116900133,0,0,0
116900134,0,0,0
116900136,0,0,0
116900137,0,0,0
116900138,0,0,0
116900139,0,0,0
116900140,0,0,0
116900141,0,0,0
116900142,1,0,1
116900143,0,0,0
116900144,0,0,0
116900145,0,0,0
116900147,0,0,0
116900148,0,0,0
116900149,0,2,-2
116900150,0,0,0
116900151,0,0,0
116900153,2,0,2
116900154,2,5,-3
116900155,0,0,0
116900157,65,2,63
116900158,4,1,3
116900159,4,15,-11
116900160,118,150,-32
116900161,298,37,261
116900162,0,0,0
116900163,38,3,35
116900164,0,0,0
116900165,181,60,121
116900166,6,1,5
116900167,57,0,57
116900168,94,8,86
116900169,2,27,-25
116900170,171,44,127
116900171,1,1,0
116900172,9,60,-51
116900173,16,1,15
116900174,0,20,-20
116900175,9,20,-11
116900178,1,3,-2
116900179,3,41,-38
116900180,8,0,8
116900182,68,14,54
116900183,50,25,25
116900185,27,4,23
116900186,0,5,-5
116900187,13,6,7
116900188,16,1,15
116900189,0,0,0
116900191,26,27,-1
116900192,112,31,81
116900194,2,251,-249
116900195,9,0,9
116900196,0,4,-4
116900197,17,1,16
116900198,2,10,-8
116900200,0,0,0
116900201,18,1,17
116900202,0,1,-1
116900203,15,0,15
116900204,1,7,-6
116900206,0,0,0
116900207,1,0,1
116900208,0,4,-4
116900209,13,0,13
116900210,20,1,19
116900211,26,0,26
116900212,0,0,0
116900213,36,7,29
116900214,0,0,0
116900215,0,16,-16
116900216,1,1,0
116900218,0,1,-1
116900219,131,9,122
116900220,6,16,-10
116900221,0,0,0
116900222,209,103,106
116900223,23,7,16
116900226,62,1,61
116900227,35,2,33
116900228,67,7,60
116900230,1,20,-19
116900231,0,29,-29
116900232,0,2,-2
116900233,160,3,157
116900234,8,1,7
116900235,0,0,0
116900238,92,5,87
116900239,0,110,-110
116900240,782,90,692
116900241,0,0,0
116900242,48,150,-102
116900243,0,0,0
116900245,3,3,0
116900246,0,0,0
116900247,209,3,206
116900248,6,2,4
116900249,91,16,75
116900250,70,4,66
116900251,7,88,-81
116900252,59,9,50
116900253,1,4,-3
116900254,0,0,0
116900255,8,0,8
116900256,0,0,0
116900257,0,0,0
116900258,0,0,0
116900259,35,1,34
116900260,0,0,0
116900261,11,4,7
116900262,26,0,26
116900263,0,0,0
116900264,13,8,5
116900265,0,0,0
116900266,0,0,0
116900267,0,0,0
116900268,0,0,0
116900269,348,110,238
116900271,0,0,0
116900272,92,23,69
116900273,0,1,-1
116900274,68,1,67
116900275,0,0,0
116900276,112,105,7
116900277,36,3,33
116900278,0,0,0
116900279,0,0,0
116900280,0,0,0
116900281,365,783,-418
116900282,0,1,-1
116900283,0,2,-2
116900284,0,5,-5
116900285,19,14,5
116900286,8,0,8
116900287,1,0,1
116900288,14,2,12
116900289,2,0,2
116900290,0,0,0
116900291,0,0,0
116900292,0,0,0
116900293,0,0,0
116900294,0,0,0
116900295,0,0,0
116900296,0,0,0
116900297,0,0,0
116900298,0,0,0
116900299,0,0,0
116900300,0,0,0
116900301,0,0,0
116900302,0,0,0
116900303,29,1,28
116900304,0,0,0
116900305,0,0,0
116900306,124,15,109
116900307,0,0,0
116900308,0,0,0
116900309,0,0,0
117000001,2377,1414,963
117000002,1206,635,571
117000003,3441,1469,1972
117000004,1294,1018,276
117000005,2338,736,1602
117000006,371,494,-123
117000007,3051,576,2475
117000008,270,674,-404
117000009,2051,533,1518
117000010,562,585,-23
117000011,1467,367,1100
117000012,681,175,506
117000013,1332,291,1041
117000014,555,1060,-505
117000015,638,962,-324
117000016,40,90,-50
117000017,89,80,9
117000018,5,340,-335
117000019,2,41,-39
117000020,213,763,-550
117000021,1113,478,635
117000022,123,222,-99
117000023,64,309,-245
117000024,52,329,-277
117000025,12,195,-183
117000026,1320,1344,-24
117000027,174,147,27
117000028,258,304,-46
117000030,218,157,61
117000031,240,121,119
117000032,752,747,5
117000033,439,228,211
117000034,458,193,265
117000035,461,67,394
117000036,116,220,-104
117000037,485,88,397
117000038,454,411,43
117000039,142,123,19
117000040,6,169,-163
117000041,685,9,676
117000044,2,111,-109
117000045,198,99,99
117000046,235,181,54
117000047,500,267,233
117000048,143,118,25
117000049,9,195,-186
117000050,63,203,-140
117000051,1562,11,1551
117000052,23,48,-25
117000053,299,2,297
117000054,1243,10,1233
117000055,0,253,-253
117000056,407,50,357
117000057,70,187,-117
117000060,155,40,115
117000061,1616,664,952
117000062,93,52,41
117000063,1472,382,1090
117000064,616,162,454
117000066,51,72,-21
117000067,146,376,-230
117000074,4,73,-69
117000076,22,5,17
117000077,30,30,0
117000078,111,38,73
117000079,81,20,61
117000080,0,0,0
117000081,157,48,109
117000082,2,12,-10
117000083,22,1,21
117000084,14,0,14
117000085,147,89,58
117000086,172,48,124
117000087,0,218,-218
117000088,304,94,210
117000089,1398,124,1274
117000090,73,182,-109
117000091,856,36,820
117000092,115,157,-42
117000093,1495,106,1389
117000094,187,160,27
117000095,2907,160,2747
117000096,249,226,23
117000097,2007,250,1757
117000098,367,330,37
117000099,3110,345,2765
117000100,30,37,-7
117000101,72,44,28
117000102,1626,190,1436
117000103,109,202,-93
117000104,1284,185,1099
117000105,112,135,-23
117000106,1616,123,1493
117000107,138,126,12
117000108,1708,757,951
117000109,477,182,295
117000110,1938,1517,421
117000111,2012,1813,199
117000112,1384,578,806
117000113,39,30,9
117000114,105,39,66
117000115,20,11,9
117000116,36,16,20
117000117,352,129,223
117000118,94,66,28
117000119,22,97,-75
117000120,2,144,-142
117000121,0,231,-231
117000122,19,309,-290
117000123,231,109,122
117000124,10,19,-9
117000125,5,30,-25
117000126,1,10,-9
117000127,10,16,-6
117000128,5,2,3
117000129,144,513,-369
117000130,24,0,24
117000131,0,0,0
117000132,2075,68,2007
117000133,1762,18,1744
117000134,0,0,0
117000135,0,0,0
117000136,0,0,0
117000137,155,150,5
117000138,0,0,0
117000140,70,93,-23
117000141,1671,178,1493
117000181,9,7,2
117000182,312,395,-83
117000195,5,62,-57
117000196,141,143,-2
117000225,1,7,-6
117000226,0,20,-20
117000276,233,4,229
117000277,0,28,-28
117000310,212,1534,-1322
117000315,33,280,-247
117000320,20,0,20
117000906,231,7,224
117000907,0,63,-63
117000909,34,80,-46
117000910,247,31,216
117000911,35,58,-23
117000915,10,90,-80
117000916,17,0,17
117000917,1056,15,1041
117000918,77,153,-76
117000919,1,8,-7
117000920,1,124,-123
117000921,0,34,-34
117000922,4,16,-12
117000924,87,300,-213
117000926,271,87,184
117000927,179,486,-307
117000928,0,0,0
117000929,37,30,7
117000930,4,0,4
117000931,72,94,-22
117900002,33,334,-301
117900003,0,0,0
117900005,0,17,-17
117900006,0,0,0
117900007,68,5,63
117900008,0,0,0
117900010,75,34,41
117900011,2,49,-47
117900012,7,5,2
117900013,0,12,-12
117900014,149,28,121
117900015,1,21,-20
117900016,106,372,-266
117900017,236,35,201
117900018,49,10,39
117900019,271,38,233
117900020,6,41,-35
117900021,27,7,20
117900022,0,0,0
117900023,46,4,42
117900024,29,5,24
117900025,0,0,0
117900026,118,6,112
117900028,2,0,2
117900029,131,31,100
117900030,40,137,-97
117900031,61,37,24
117900032,210,92,118
117900033,334,50,284
117900034,0,0,0
117900035,71,10,61
117900036,142,37,105
117900037,33,6,27
117900038,0,0,0
117900039,0,0,0
117900040,0,0,0
117900041,0,0,0
117900042,140,85,55
117900043,0,0,0
117900044,1,1167,-1166
117900045,84,31,53
117900048,178,19,159
117900049,89,36,53
117900050,0,74,-74
117900051,1,1,0
117900052,0,0,0
117900053,423,61,362
117900054,0,13,-13
117900055,123,65,58
117900056,2,11,-9
117900057,121,196,-75
117900058,0,1,-1
117900059,0,0,0
117900060,659,424,235
117900061,4,107,-103
117900063,137,38,99
117900065,67,92,-25
117900066,0,43,-43
117900067,388,15,373
117900069,210,13,197
117900070,55,43,12
117900071,185,55,130
117900073,271,12,259
117900074,0,31,-31
117900075,62,9,53
117900076,0,1,-1
117900077,36,4,32
117900078,138,165,-27
117900080,98,35,63
117900081,65,24,41
117900082,186,103,83
117900083,240,32,208
117900086,71,6,65
117900087,12,10,2
117900088,191,65,126
117900089,727,49,678
117900090,201,39,162
117900091,150,11,139
117900092,9,26,-17
117900093,65,0,65
117900094,58,21,37
117900095,218,64,154
117900096,99,65,34
117900097,14,4,10
117900098,50,3,47
117900099,55,115,-60
117900100,193,3,190
117900101,313,624,-311
117900102,28,13,15
117900103,50,0,50
117900104,1,64,-63
117900105,53,21,32
117900106,9,15,-6
117900107,34,0,34
117900109,332,189,143
117900110,76,0,76
117900111,331,6,325
117900112,23,0,23
117900113,266,15,251
117900114,28,0,28
117900115,21,19,2
117900116,261,81,180
117900117,162,49,113
117900118,59,2,57
117900119,123,0,123
117900120,287,3,284
117900121,74,0,74
117900122,99,926,-827
117900123,235,61,174
117900124,92,90,2
117900125,313,162,151
117900126,41,53,-12
117900127,129,9,120
117900128,130,27,103
117900129,52,2,50
117900130,223,2,221
117900131,0,0,0
117900132,0,0,0
117900133,0,0,0
117900134,0,0,0
117900135,0,0,0
117900136,0,0,0
117900137,0,0,0
117900138,0,0,0
117900139,6,1,5
117900140,721,152,569
117900141,18,109,-91
117900142,3,44,-41
117900144,0,51,-51
117900145,0,25,-25
117900146,0,56,-56
117900147,32,28,4
117900148,217,669,-452
117900149,16,3,13
117900150,2,4,-2
117900151,29,7,22
117900152,0,0,0
117900153,1,79,-78
117900154,189,118,71
117900156,84,18,66
117900157,40,26,14
117900158,63,8,55
117900160,149,124,25
117900161,191,36,155
117900162,240,129,111
117900163,12,24,-12
117900165,0,0,0
117900166,13,45,-32
117900168,146,0,146
117900169,0,3,-3
117900170,0,8,-8
117900171,0,1,-1
117900172,0,4,-4
117900173,4,6,-2
117900174,12,18,-6
117900175,1,2,-1
117900176,3,3,0
117900177,0,1,-1
117900178,15,1,14
117900180,26,3,23
117900181,8,331,-323
117900182,8,48,-40
117900183,26,62,-36
117900184,3,23,-20
117900185,48,0,48
117900186,28,2,26
117900187,38,0,38
117900188,29,3,26
117900189,38,4,34
117900190,2,1,1
117900191,30,0,30
117900192,17,0,17
117900193,143,68,75
117900194,2,2,0
117900195,23,0,23
117900196,20,1,19
117900207,49,39,10
117900208,12,11,1
117900209,63,2,61
117900210,0,0,0
117900211,0,0,0
117900212,81,39,42
117900213,41,0,41
117900214,0,0,0
117900215,0,0,0
117900216,0,0,0
117900217,0,0,0
117900218,0,0,0
117900219,0,0,0
117900220,0,58,-58
117900222,5,19,-14
117900223,23,127,-104
118000001,263,779,-516
118000002,83,341,-258
118000003,1568,2757,-1189
118000004,534,463,71
118000005,1066,1742,-676
118000006,1284,1848,-564
118000007,2748,4814,-2066
118000008,2178,1927,251
118000009,517,1091,-574
118000010,842,1175,-333
118000011,493,225,268
118000012,238,200,38
118000013,259,353,-94
118000014,286,375,-89
118000016,83,19,64
118000017,743,561,182
118000018,88,60,28
118000019,317,721,-404
118000020,89,619,-530
118000021,90,827,-737
118000022,541,364,177
118000023,330,294,36
118000024,446,503,-57
118000027,2926,4135,-1209
118000029,109,650,-541
118000032,179,975,-796
118000033,1330,1965,-635
118000034,1095,1171,-76
118000035,268,643,-375
118000036,191,353,-162
118000037,185,424,-239
118000038,106,191,-85
118000039,50,46,4
118000040,486,533,-47
118000041,223,393,-170
118000045,90,201,-111
118000046,33,992,-959
118000047,37,413,-376
118000048,483,1498,-1015
118000051,714,995,-281
118000052,499,1189,-690
118000053,238,536,-298
118000054,673,505,168
118000055,180,626,-446
118000056,16,177,-161
118000057,63,148,-85
118000058,385,412,-27
118000059,144,906,-762
118000060,290,259,31
118000061,236,246,-10
118000062,68,53,15
118000063,77,588,-511
118000064,220,805,-585
118000065,667,273,394
118000066,285,1504,-1219
118000067,86,647,-561
118000068,219,2183,-1964
118000069,322,490,-168
118000070,520,1265,-745
118000071,394,1983,-1589
118000072,348,2987,-2639
118000073,202,1017,-815
118000074,58,353,-295
118000075,162,296,-134
118000076,2872,5657,-2785
118000077,638,752,-114
118000078,1060,1233,-173
118000079,35,160,-125
118000080,135,262,-127
118000081,832,755,77
118000082,67,643,-576
118000083,313,875,-562
118000084,226,199,27
118000086,13,85,-72
118000087,971,1264,-293
118000088,294,1020,-726
118000089,693,792,-99
118000090,132,923,-791
118000091,134,1389,-1255
118000092,168,89,79
118000093,14,545,-531
118000096,72,262,-190
118000097,113,179,-66
118000098,88,256,-168
118000099,0,0,0
118000101,585,217,368
118000102,220,158,62
118000107,13,5,8
118000108,55,429,-374
118000110,0,0,0
118000111,0,0,0
118000112,220,0,220
118000113,0,0,0
118000114,352,11,341
118000115,0,19,-19
118000116,0,3,-3
118000117,222,254,-32
118000118,411,532,-121
118000119,504,539,-35
118000120,354,199,155
118000121,34,102,-68
118000122,49,56,-7
118000123,65,192,-127
118000125,27,205,-178
118000126,93,372,-279
118000127,493,575,-82
118000128,11,416,-405
118000129,110,233,-123
118000130,401,896,-495
118000131,56,139,-83
118000132,1589,1350,239
118000133,412,130,282
118000135,139,309,-170
118000136,14,235,-221
118000137,76,45,31
118000138,45,75,-30
118000139,95,13,82
118000140,949,4256,-3307
118000141,2498,1279,1219
118000142,764,838,-74
118000143,2399,1263,1136
118000144,300,133,167
118000145,541,191,350
118000146,839,116,723
118000147,605,191,414
118000148,85,610,-525
118000149,270,117,153
118000150,675,147,528
118000151,386,71,315
118000153,1754,967,787
118000154,848,701,147
118000155,1871,987,884
118000156,406,818,-412
118000157,154,82,72
118000158,56,121,-65
118000159,76,97,-21
118000160,408,128,280
118000161,177,126,51
118000162,386,308,78
118000163,744,739,5
118000164,934,890,44
118000168,105,1,104
118000169,159,399,-240
118000170,906,964,-58
118000171,79,105,-26
118000172,24,46,-22
118000173,428,341,87
118000175,197,170,27
118000176,238,336,-98
118000177,227,396,-169
118000178,0,11,-11
118000179,475,747,-272
118000180,463,325,138
118000181,146,17,129
118000182,59,116,-57
118000183,99,78,21
118000184,912,267,645
118000185,124,479,-355
118000186,97,365,-268
118000187,851,154,697
118000188,94,21,73
118000189,20,15,5
118000190,3,19,-16
118000191,15,7,8
118000192,4,61,-57
118000193,2,151,-149
118000194,599,1074,-475
118000195,38,802,-764
118000196,6,58,-52
118000197,110,291,-181
118000198,397,913,-516
118000199,381,617,-236
118000200,0,0,0
118000201,76,234,-158
118000202,0,0,0
118000203,34,170,-136
118000204,8,44,-36
118000205,39,36,3
118000206,182,82,100
118000207,0,39,-39
118000208,550,744,-194
118000209,947,264,683
118000210,83,6,77
118000211,91,20,71
118000213,152,836,-684
118000214,120,25,95
118000215,97,4,93
118000216,372,5,367
118000217,1,13,-12
118000218,6,2,4
118000219,89,82,7
118000220,1,26,-25
118000221,33,358,-325
118000222,18,3,15
118000223,66,7,59
118000224,86,7,79
118000225,0,0,0
118000226,159,12,147
118000227,36,117,-81
118000228,0,0,0
118000229,0,0,0
118000230,0,0,0
118000231,0,0,0
118000232,0,0,0
118000233,379,171,208
118000234,0,0,0
118000236,72,4,68
118000237,0,0,0
118000238,208,2,206
118000239,251,135,116
118000240,38,7,31
118000241,35,18,17
118000242,0,0,0
118000243,0,0,0
118000244,9,14,-5
118000246,0,0,0
118000255,39,156,-117
118000256,87,142,-55
118000259,0,7,-7
118000260,24,2,22
118000261,1,3,-2
118000263,1,18,-17
118000266,31,25,6
118000267,0,0,0
118000268,77,2,75
118000270,0,0,0
118000271,67,33,34
118000272,35,4,31
118000273,2,0,2
118000274,0,0,0
118000276,48,8,40
118000295,0,0,0
118000298,2,2,0
118000299,3,1,2
118000301,0,0,0
118000302,35,4,31
118000311,158,14,144
118000312,6,0,6
118000313,12,5,7
118000314,4,4,0
118000315,1,3,-2
118000316,10,2,8
118000325,117,0,117
118000326,9,0,9
118000331,176,13,163
118000332,78,2,76
118000333,129,6,123
118000335,103,0,103
118000336,0,0,0
118000407,87,12,75
118000457,0,0,0
118000465,162,278,-116
118000480,3,1,2
118000489,2,204,-202
118000490,0,26,-26
118000492,172,55,117
118000510,0,0,0
118000514,25,14,11
118000515,50,176,-126
118000517,132,88,44
118000524,14,46,-32
118000525,3,6,-3
118000530,2,43,-41
118000531,104,64,40
118000532,1,0,1
118000533,0,0,0
118000534,0,1,-1
118000535,88,31,57
118000536,3,9,-6
118000537,1,1,0
118000538,1,11,-10
118000539,6,82,-76
118000540,26,1,25
118000541,16,1,15
118000542,33,37,-4
118000543,31,10,21
118000546,1,0,1
118000553,0,0,0
118000560,1,1,0
118000562,0,0,0
118000563,682,681,1
118000576,98,23,75
118000577,41,168,-127
118000578,51,18,33
118000579,112,243,-131
118000583,0,0,0
118000595,116,88,28
118000596,0,0,0
118000597,23,77,-54
118000598,1,0,1
118000599,265,9,256
118000600,6,1,5
118000601,0,0,0
118000602,2,3,-1
118000603,0,3,-3
118000605,4,4,0
118900001,0,0,0
118900002,45,1,44
118900003,60,0,60
118900004,5,0,5
118900005,0,0,0
118900006,0,0,0
118900007,0,0,0
118900008,151,0,151
118900009,0,0,0
118900010,0,0,0
118900011,0,0,0
118900012,114,52,62
118900013,0,0,0
118900015,0,0,0
118900016,0,0,0
118900017,0,0,0
118900018,0,0,0
118900019,0,0,0
118900020,0,0,0
118900021,14,0,14
118900022,11,1,10
118900023,0,0,0
118900024,0,0,0
118900025,0,0,0
118900026,13,2,11
118900027,0,0,0
118900028,31,16,15
118900029,0,0,0
118900030,0,0,0
118900031,17,1,16
118900032,0,0,0
118900033,0,0,0
118900034,0,0,0
118900035,14,2,12
118900036,150,21,129
118900037,0,0,0
118900038,65,2,63
118900039,0,0,0
118900040,48,19,29
118900041,0,0,0
118900042,3,1,2
118900045,3,8,-5
118900046,7,13,-6
118900047,27,16,11
118900048,0,0,0
118900049,0,0,0
118900050,0,0,0
118900051,0,5,-5
118900052,0,0,0
118900053,0,0,0
118900054,1,0,1
118900055,0,0,0
118900056,12,4,8
118900057,65,53,12
118900058,0,0,0
118900059,0,0,0
118900060,46,2,44
118900062,0,0,0
118900064,0,0,0
118900065,0,0,0
118900066,0,0,0
118900067,44,128,-84
118900068,0,0,0
118900069,3,0,3
118900071,0,0,0
118900072,0,0,0
118900073,0,0,0
118900074,0,0,0
118900075,0,0,0
118900076,0,0,0
118900077,2,0,2
118900078,0,0,0
118900079,0,0,0
118900080,0,0,0
118900081,0,0,0
118900082,1,0,1
118900083,0,0,0
118900084,0,0,0
118900085,0,0,0
118900086,0,0,0
118900087,0,0,0
118900088,0,0,0
118900089,0,0,0
118900090,0,0,0
118900091,0,0,0
118900092,0,0,0
118900093,0,0,0
118900096,1,10,-9
118900097,34,34,0
118900099,9,13,-4
118900100,0,0,0
118900101,0,0,0
118900102,0,0,0
118900103,0,0,0
118900104,19,0,19
118900105,0,0,0
118900107,0,0,0
118900108,0,0,0
118900110,22,0,22
118900111,0,0,0
118900112,0,0,0
118900113,0,0,0
118900114,0,0,0
118900115,1,32,-31
118900116,2,10,-8
118900117,1,20,-19
118900118,7,1,6
118900119,40,7,33
118900120,0,5,-5
118900121,0,0,0
118900122,0,0,0
118900123,61,3,58
118900124,0,0,0
118900126,0,0,0
118900129,0,0,0
118900130,0,0,0
118900131,58,5,53
118900132,0,0,0
118900133,0,0,0
118900135,0,0,0
118900136,129,12,117
118900137,0,0,0
118900139,0,0,0
118900140,70,31,39
118900141,0,0,0
118900144,27,19,8
118900145,0,0,0
118900146,39,24,15
118900147,0,0,0
118900148,0,0,0
118900150,0,0,0
118900152,0,0,0
118900157,0,0,0
118900158,0,0,0
118900159,0,0,0
118900161,0,0,0
118900163,0,0,0
118900164,0,0,0
118900165,0,0,0
118900166,0,0,0
118900167,0,0,0
118900168,0,0,0
118900169,0,0,0
118900170,0,0,0
118900171,0,0,0
118900174,0,0,0
118900175,63,13,50
118900176,10,24,-14
118900177,0,0,0
118900178,0,0,0
118900179,0,0,0
118900181,38,5,33
118900182,0,0,0
118900183,0,0,0
118900184,0,0,0
118900185,30,2,28
118900186,1,14,-13
118900187,15,3,12
118900188,20,2,18
118900189,0,0,0
118900190,0,0,0
118900191,0,0,0
118900192,0,0,0
118900193,0,0,0
118900195,45,1,44
118900196,0,0,0
118900197,0,0,0
118900198,0,0,0
118900199,0,0,0
118900200,0,0,0
118900201,0,0,0
118900202,0,0,0
118900203,0,0,0
118900204,0,0,0
118900205,0,0,0
118900206,0,0,0
119000001,872,690,182
119000002,1725,726,999
119000003,822,242,580
119000004,509,1158,-649
119000005,974,1291,-317
119000006,1044,504,540
119000007,1347,1611,-264
119000008,438,430,8
119000009,801,2008,-1207
119000010,858,1043,-185
119000011,1117,782,335
119000012,616,881,-265
119000013,2463,1179,1284
119000014,673,1343,-670
119000019,20,7,13
119000020,470,756,-286
119000021,970,1259,-289
119000022,98,355,-257
119000023,34,138,-104
119000024,381,6421,-6040
119000025,1177,388,789
119000026,22,131,-109
119000027,22,202,-180
119000028,1239,285,954
119000029,21,53,-32
119000030,281,529,-248
119000031,279,507,-228
119000032,172,584,-412
119000033,961,570,391
119000034,412,277,135
119000035,3,72,-69
119000036,1106,180,926
119000037,474,294,180
119000038,65,127,-62
119000039,271,193,78
119000040,126,434,-308
119000041,241,759,-518
119000048,1482,415,1067
119000049,573,261,312
119000050,312,535,-223
119000051,296,302,-6
119000052,350,374,-24
119000053,593,506,87
119000054,1176,464,712
119000055,2514,465,2049
119000056,1652,450,1202
119000057,678,430,248
119000058,535,438,97
119000059,677,345,332
119000060,507,105,402
119000061,148,269,-121
119000062,179,196,-17
119000063,242,210,32
119000064,118,115,3
119000065,148,276,-128
119000066,467,518,-51
119000067,495,430,65
119000068,610,264,346
119000069,492,302,190
119000070,743,193,550
119000071,30,133,-103
119000072,648,357,291
119000073,863,1985,-1122
119000074,1148,342,806
119000075,1246,761,485
119000076,30,165,-135
119000077,158,144,14
119000078,51,8,43
119000079,19,109,-90
119000080,182,13,169
119000081,113,80,33
119000082,156,12,144
119000083,98,59,39
119000084,94,85,9
119000085,113,40,73
119000086,32,26,6
119000087,429,136,293
119000088,107,11,96
119000089,12,30,-18
119000090,39,66,-27
119000091,50,61,-11
119000092,124,66,58
119000093,867,721,146
119000094,1422,1003,419
119000095,675,466,209
119000097,563,401,162
119000098,393,2092,-1699
119000099,878,329,549
119000100,1610,695,915
119000101,724,637,87
119000102,41,246,-205
119000103,447,188,259
119000104,127,57,70
119000105,131,491,-360
119000106,57,89,-32
119000107,475,236,239
119000108,83,136,-53
119000109,5,27,-22
119000110,0,0,0
119000111,1,22,-21
119000112,0,0,0
119000113,113,32,81
119000114,37,144,-107
119000115,20,72,-52
119000116,9,63,-54
119000117,23,39,-16
119000118,1,0,1
119000123,242,588,-346
119000124,242,51,191
119000125,1821,161,1660
119000126,639,184,455
119000127,75,44,31
119000128,6,1,5
119000131,264,57,207
119000132,0,0,0
119000133,2,0,2
119000134,272,472,-200
119000135,48,14,34
119000136,0,0,0
119000137,29,0,29
119000138,0,0,0
119000139,9,6,3
119000140,0,0,0
119000284,243,503,-260
119000285,269,210,59
119000286,935,666,269
119000287,450,299,151
119000288,363,194,169
119000289,237,588,-351
119000290,185,232,-47
119000291,3,56,-53
119000293,90,177,-87
119000294,91,58,33
119000295,194,122,72
119000296,74,16,58
119000302,1081,751,330
119000303,2,27,-25
119000310,0,0,0
119000314,190,2043,-1853
119000315,0,0,0
119000316,0,0,0
119000317,38,19,19
119900001,45,183,-138
119900002,34,33,1
119900003,0,13,-13
119900004,0,0,0
119900005,0,0,0
119900006,29,42,-13
119900007,10,1,9
119900008,0,0,0
119900009,61,74,-13
119900010,165,162,3
119900011,0,0,0
119900012,1,0,1
119900013,169,110,59
119900014,59,73,-14
119900015,0,0,0
119900016,0,0,0
119900017,7,11,-4
119900018,105,152,-47
119900019,0,0,0
119900020,0,0,0
119900021,0,0,0
119900022,4,136,-132
119900023,38,595,-557
119900025,0,0,0
119900026,0,0,0
119900027,0,0,0
119900028,15,31,-16
119900029,0,0,0
119900030,0,0,0
119900031,3,224,-221
119900033,223,117,106
119900034,0,0,0
119900037,86,0,86
119900038,21,43,-22
119900039,2,0,2
119900040,75,4,71
119900041,0,0,0
119900042,0,0,0
119900043,45,8,37
119900044,6,112,-106
119900046,0,0,0
119900047,1,0,1
119900048,11,3,8
119900049,73,0,73
119900050,49,28,21
119900051,319,0,319
119900052,0,0,0
119900053,0,0,0
119900054,120,0,120
119900055,266,46,220
119900057,1,0,1
119900058,0,0,0
119900059,29,10,19
119900060,71,17,54
119900062,0,0,0
119900063,0,0,0
119900065,88,0,88
119900066,0,0,0
119900067,0,0,0
119900068,0,0,0
119900069,23,0,23
119900070,297,0,297
119900071,305,37,268
119900073,74,1,73
119900074,0,0,0
119900075,276,353,-77
119900076,1,0,1
119900077,225,26,199
119900078,159,7,152
119900079,39,0,39
119900080,258,65,193
119900081,94,34,60
119900082,900,204,696
119900083,54,35,19
119900084,0,0,0
119900085,0,0,0
119900087,0,0,0
119900088,0,0,0
119900089,0,0,0
119900090,0,0,0
119900091,0,0,0
119900092,0,0,0
119900093,0,0,0
119900094,0,0,0
119900095,0,0,0
119900096,0,0,0
119900097,0,0,0
119900098,0,0,0
119900099,0,0,0
119900100,18,101,-83
119900101,35,95,-60
119900102,0,0,0
119900103,0,0,0
119900104,0,0,0
119900105,11,15,-4
119900106,0,0,0
119900107,0,0,0
119900108,368,123,245
119900109,0,0,0
119900110,15,14,1
119900111,20,2,18
119900112,0,0,0
119900113,0,6,-6
119900114,47,37,10
119900115,22,13,9
119900116,1,5,-4
119900117,17,13,4
119900118,30,17,13
119900119,0,8,-8
119900120,31,20,11
119900121,0,0,0
119900122,1,0,1
119900123,2,3,-1
119900124,0,11,-11
119900125,0,0,0
119900126,198,27,171
119900127,27,0,27
119900128,10,2,8
119900129,3,3,0
119900130,0,0,0
119900131,1,0,1
119900132,6,0,6
119900133,0,0,0
119900134,19,0,19
119900135,0,0,0
119900136,0,0,0
119900138,0,0,0
119900139,0,0,0
119900140,1,6,-5
119900141,0,0,0
119900142,0,7,-7
119900143,0,25,-25
119900144,0,0,0
119900145,0,0,0
119900146,0,0,0
119900147,0,0,0
119900148,44,5,39
119900149,3,580,-577
119900150,0,0,0
119900151,199,134,65
119900152,0,0,0
119900153,30,4,26
119900154,0,2,-2
119900155,0,0,0
119900156,23,14,9
119900157,0,0,0
119900158,24,16,8
119900159,3,52,-49
119900160,0,0,0
119900161,24,1,23
119900162,106,70,36
119900163,0,0,0
119900164,0,0,0
119900165,0,0,0
119900166,41,28,13
119900167,0,0,0
119900168,163,17,146
119900169,0,0,0
119900170,0,0,0
119900171,13,0,13
119900172,9,14,-5
119900173,2,2,0
119900174,0,0,0
119900175,222,24,198
119900177,6,7,-1
119900178,0,0,0
119900179,17,188,-171
119900180,117,22,95
119900181,0,17,-17
119900182,0,23,-23
119900183,30,69,-39
119900184,49,75,-26
119900185,5,82,-77
119900186,0,0,0
119900187,16,36,-20
119900188,60,40,20
119900189,0,0,0
119900190,0,0,0
119900191,2,1,1
119900192,0,39,-39
119900193,109,6,103
119900194,11,9,2
119900195,0,13,-13
119900196,0,0,0
119900197,0,0,0
119900198,2,16,-14
119900199,91,1,90
119900200,0,0,0
119900201,12,3,9
119900202,11,37,-26
119900203,0,0,0
119900204,16,7,9
119900205,224,13,211
119900206,0,0,0
119900208,0,0,0
119900209,86,233,-147
119900210,0,0,0
119900211,0,0,0
119900212,333,25,308
119900213,0,0,0
119900214,0,0,0
119900215,0,0,0
119900216,0,0,0
119900217,0,0,0
119900218,0,0,0
119900219,0,0,0
119900220,0,0,0
119900221,0,0,0
119900222,0,0,0
119900223,0,0,0
119900224,0,0,0
119900225,0,0,0
119900226,16,158,-142
119900227,28,33,-5
119900228,0,1,-1
119900229,0,0,0
119900230,15,0,15
119900231,61,5,56
119900232,0,0,0
119900233,2,0,2
119900234,0,0,0
119900235,0,0,0
119900236,1,0,1
119900237,6,2,4
119900238,0,0,0
119900240,0,0,0
119900241,0,0,0
119900242,73,2,71
119900244,68,66,2
119900245,0,0,0
119900246,0,0,0
119900247,0,29,-29
119900248,3,0,3
119900249,6,0,6
119900253,120,140,-20
119900254,3,237,-234
119900255,0,26,-26
119900256,174,13,161
119900257,3,1,2
119900258,11,1,10
119900259,0,0,0
119900260,0,0,0
119900261,100,19,81
119900262,0,12,-12
119900263,426,34,392
119900264,0,0,0
119900265,41,6,35
119900266,0,0,0
119900267,2,2,0
119900268,4,0,4
119900269,57,8,49
119900271,0,0,0
119900272,0,15,-15
119900275,44,9,35
119900276,42,2,40
119900277,1,19,-18
119900278,0,0,0
119900279,0,0,0
119900280,103,23,80
119900281,0,0,0
119900282,0,0,0
119900283,0,10,-10
119900284,182,77,105
119900285,0,0,0
119900286,0,0,0
119900288,0,3,-3
119900289,0,0,0
119900290,2,0,2
119900291,0,0,0
119900292,23,14,9
119900293,7,1,6
119900294,7,0,7
119900295,16,0,16
119900296,138,5,133
119900299,1,0,1
119900300,0,4,-4
119900301,0,0,0
119900302,0,0,0
119900303,0,0,0
119900304,0,0,0
119900305,0,0,0
119900306,0,0,0
119900307,0,0,0
119900308,0,0,0
119900309,1,56,-55
119900310,10,4,6
119900311,0,0,0
119900312,46,7,39
119900313,17,0,17
119900314,0,0,0
119900315,345,110,235
119900318,0,0,0
119900319,25,8,17
119900320,46,38,8
119900321,5,0,5
119900322,1,40,-39
119900323,4,4,0
119900324,0,4,-4
119900325,76,20,56
119900326,14,0,14
120000001,4312,11698,-7386
120000002,876,572,304
120000003,569,474,95
120000004,829,773,56
120000005,923,700,223
120000006,339,282,57
120000007,892,394,498
120000008,249,312,-63
120000009,514,244,270
120000010,613,380,233
120000011,223,222,1
120000012,239,362,-123
120000013,1036,522,514
120000014,254,456,-202
120000015,1077,706,371
120000016,3110,1826,1284
120000017,1781,1723,58
120000018,2170,5986,-3816
120000019,320,578,-258
120000020,1583,1242,341
120000021,815,1494,-679
120000022,3462,3744,-282
120000023,788,859,-71
120000024,705,734,-29
120000025,1946,676,1270
120000026,1391,1505,-114
120000027,1715,1659,56
120000028,366,205,161
120000029,130,429,-299
120000030,23,232,-209
120000031,480,1113,-633
120000032,1314,878,436
120000033,1136,295,841
120000034,1320,223,1097
120000035,1135,250,885
120000036,1426,2062,-636
120000037,419,1505,-1086
120000038,1106,2205,-1099
120000039,59,164,-105
120000040,4,103,-99
120000041,98,159,-61
120000042,358,378,-20
120000043,1513,575,938
120000044,3138,551,2587
120000045,3045,298,2747
120000046,1953,1440,513
120000047,196,2315,-2119
120000048,2182,1804,378
120000049,1456,661,795
120000050,1028,1006,22
120000051,823,1483,-660
120000052,1146,767,379
120000053,591,692,-101
120000054,481,527,-46
120000055,814,652,162
120000056,1701,980,721
120000057,902,226,676
120000058,247,338,-91
120000059,219,1075,-856
120000061,3,181,-178
120000062,102,69,33
120000063,272,345,-73
120000064,165,190,-25
120000065,195,170,25
120000066,35,68,-33
120000067,4,99,-95
120000068,26,188,-162
120000069,209,164,45
120000070,68,193,-125
120000071,310,30,280
120000072,525,69,456
120000073,411,53,358
120000074,61,18,43
120000075,763,53,710
120000076,1164,95,1069
120000077,911,141,770
120000078,567,185,382
120000079,370,142,228
120000080,56,89,-33
120000081,218,55,163
120000082,234,200,34
120000083,10,901,-891
120000084,46,40,6
120000085,54,51,3
120000086,28,42,-14
120000087,52,83,-31
120000088,405,230,175
120000089,889,144,745
120000090,333,147,186
120000091,528,200,328
120000092,502,118,384
120000093,384,172,212
120000094,141,348,-207
120000095,304,113,191
120000096,104,147,-43
120000098,336,83,253
120000099,56,106,-50
120000100,274,126,148
120000101,260,80,180
120000102,346,934,-588
120000103,706,546,160
120000104,1874,163,1711
120000105,2962,97,2865
120000106,2622,67,2555
120000107,3659,175,3484
120000108,1188,36,1152
120000109,747,8,739
120000110,1,165,-164
120000111,2,148,-146
120000112,31,366,-335
120000113,44,290,-246
120000114,75,235,-160
120000115,47,207,-160
120000116,75,233,-158
120000117,345,180,165
120000118,2,28,-26
120000119,2,69,-67
120000120,24,78,-54
120000121,18,34,-16
120000122,58,239,-181
120000123,420,2686,-2266
120000124,243,214,29
120000125,232,109,123
120000126,214,234,-20
120000127,100,193,-93
120000128,477,871,-394
120000129,69,123,-54
120000130,433,180,253
120000131,175,220,-45
120000134,51,11,40
120000135,56,256,-200
120000137,57,23,34
120000138,213,68,145
120000139,104,7,97
120000140,173,24,149
120000141,239,31,208
120000142,366,89,277
120000143,0,1,-1
120000144,55,0,55
120000145,54,1,53
120000146,500,630,-130
120000149,155,166,-11
120000150,263,3338,-3075
120000151,282,86,196
120000152,360,51,309
120000153,53,66,-13
120000154,79,61,18
120000155,66,121,-55
120000156,96,310,-214
120000157,391,159,232
120000158,122,67,55
120000159,488,641,-153
120000160,987,693,294
120000161,774,798,-24
120000162,26,139,-113
120000163,282,99,183
120000164,199,60,139
120000165,266,39,227
120000166,854,24,830
120000167,0,0,0
120000168,0,0,0
120000169,0,0,0
120000170,0,0,0
120000171,0,0,0
120000172,0,0,0
120000173,27,0,27
120000174,1,0,1
120000175,5,0,5
120000176,1,0,1
120000177,72,4,68
120000178,11,0,11
120000179,2,0,2
120000180,18,1,17
120000181,2,81,-79
120000182,5,83,-78
120000183,2,119,-117
120000184,14,233,-219
120000186,9,32,-23
120000187,6,21,-15
120000188,6,53,-47
120000190,26,73,-47
120000191,39,32,7
120000192,26,15,11
120000193,33,23,10
120000195,3,0,3
120000196,12,0,12
120000197,0,9,-9
120000198,15,0,15
120000199,0,0,0
120000200,0,0,0
120000201,0,0,0
120000202,0,0,0
120000203,0,0,0
120000207,0,0,0
120000208,0,0,0
120000209,0,0,0
120000210,0,0,0
120000211,0,0,0
120000212,0,0,0
120000213,0,0,0
120000214,0,0,0
120000215,0,0,0
120000216,0,0,0
120000217,0,0,0
120000218,0,0,0
120000219,0,0,0
120000220,0,0,0
120000225,814,3,811
120000226,152,2,150
120000227,237,8,229
120000228,0,0,0
120000230,79,12,67
120000231,256,23,233
120000233,325,15,310
120000235,6,65,-59
120000236,530,0,530
120000237,0,25,-25
120000238,0,0,0
120000241,663,1328,-665
120000412,51,3,48
120000413,107,3,104
120000414,78,0,78
120000415,2,2,0
120000416,30,0,30
120000417,0,3,-3
120000418,111,0,111
120000419,0,1,-1
120000420,22,32,-10
120000421,1493,1125,368
120000422,1,290,-289
120000423,0,0,0
120000424,0,0,0
120000436,49,779,-730
120000437,11,14,-3
120000438,207,82,125
120000439,224,275,-51
120000443,142,1,141
120000444,906,98,808
120000445,677,524,153
120000446,140,38,102
120000447,192,0,192
120000449,45,0,45
120000450,0,6,-6
120000451,48,65,-17
120000452,212,5,207
120000453,0,0,0
120000454,53,14,39
120000455,10,52,-42
120000456,42,622,-580
120000457,142,191,-49
120000458,155,82,73
120000459,63,21,42
120000665,10,109,-99
120000668,8,237,-229
120000669,80,93,-13
120000670,7,161,-154
120000671,387,191,196
120000672,6,139,-133
120900001,58,0,58
120900002,8,5,3
120900003,0,0,0
120900004,2,37,-35
120900005,99,55,44
120900006,255,35,220
120900007,10,13,-3
120900008,212,146,66
120900009,1,0,1
120900010,195,41,154
120900011,0,0,0
120900012,10,326,-316
120900013,0,0,0
120900014,0,36,-36
120900015,460,8,452
120900016,674,4,670
120900017,179,15,164
120900018,44,27,17
120900019,125,145,-20
120900020,70,165,-95
120900021,0,0,0
120900022,0,13,-13
120900023,285,4,281
120900024,254,10,244
120900025,181,68,113
120900026,12,17,-5
120900027,0,0,0
120900028,370,81,289
120900029,0,0,0
120900030,598,34,564
120900031,0,0,0
120900032,678,22,656
120900033,459,31,428
120900034,4,923,-919
120900035,57,5,52
120900037,86,1,85
120900038,0,0,0
120900039,0,0,0
120900040,0,0,0
120900041,4,5,-1
120900042,233,25,208
120900043,25,5,20
120900044,4,187,-183
120900045,3,1,2
120900046,290,2,288
120900047,0,0,0
120900048,0,0,0
120900049,0,0,0
120900050,131,504,-373
120900051,186,56,130
120900052,255,0,255
120900053,163,17,146
120900054,230,13,217
120900055,378,0,378
120900056,0,0,0
120900057,0,0,0
120900058,279,0,279
120900059,81,1,80
120900060,25,10,15
120900061,32,8,24
120900062,162,6,156
120900063,0,0,0
120900064,0,0,0
120900065,1,0,1
120900066,311,0,311
120900067,94,9,85
120900068,141,0,141
120900069,0,0,0
120900071,31,2,29
120900072,0,0,0
120900073,9,0,9
120900074,241,14,227
120900076,186,0,186
120900077,490,191,299
120900078,630,63,567
120900079,140,5,135
120900080,119,3,116
120900081,497,64,433
120900082,138,12,126
120900083,154,2,152
120900084,1,1,0
120900085,0,0,0
120900086,3,214,-211
120900087,207,38,169
120900088,2,1,1
120900089,309,1384,-1075
120900090,35,2,33
120900091,84,241,-157
120900092,8,12,-4
120900093,0,0,0
120900094,26,17,9
120900095,0,0,0
120900096,0,0,0
120900097,26,27,-1
120900098,0,0,0
120900099,0,0,0
120900100,0,0,0
120900101,0,0,0
120900102,0,0,0
120900103,33,15,18
120900104,0,0,0
120900105,0,0,0
120900106,62,52,10
120900107,0,0,0
120900108,0,0,0
120900109,1,41,-40
120900110,0,0,0
120900111,8,5,3
120900112,0,0,0
120900113,2,26,-24
120900114,0,12,-12
120900115,77,94,-17
120900116,59,7,52
120900117,0,0,0
120900118,4,30,-26
120900119,676,369,307
120900120,2,27,-25
120900121,0,0,0
120900122,86,16,70
120900123,0,0,0
120900124,0,21,-21
120900125,0,27,-27
120900126,4,0,4
120900127,0,0,0
120900128,15,19,-4
120900129,176,1,175
120900130,5,21,-16
120900131,0,0,0
120900132,527,13,514
120900133,0,30,-30
120900134,5,9,-4
120900135,52,1,51
120900136,0,0,0
120900137,117,13,104
120900138,0,4,-4
120900139,0,1,-1
120900140,0,0,0
120900141,86,28,58
120900142,0,21,-21
120900143,0,0,0
120900144,0,3,-3
120900145,13,28,-15
120900146,0,0,0
120900147,0,0,0
120900148,10,11,-1
120900149,0,8,-8
120900150,0,11,-11
120900151,0,0,0
120900152,0,0,0
120900153,0,0,0
120900154,0,7,-7
120900155,5,6,-1
120900156,39,0,39
120900157,0,0,0
120900158,0,4,-4
120900159,0,0,0
120900160,0,1,-1
120900161,0,0,0
120900162,0,0,0
120900163,0,0,0
120900164,0,0,0
120900165,0,0,0
120900166,0,0,0
120900167,0,0,0
120900169,0,0,0
120900170,21,1073,-1052
120900171,74,20,54
120900172,0,0,0
120900173,0,3,-3
120900174,0,0,0
120900175,44,0,44
120900176,7,170,-163
120900177,1,461,-460
120900178,0,177,-177
120900179,36,22,14
120900180,0,0,0
120900181,0,0,0
120900182,0,0,0
120900183,0,0,0
120900184,0,0,0
120900185,0,0,0
120900186,0,17,-17
120900187,116,103,13
120900188,5,0,5
120900189,0,0,0
120900190,91,25,66
120900191,0,0,0
120900192,624,2280,-1656
120900194,1,1,0
120900195,0,0,0
120900196,0,0,0
120900197,397,37,360
120900198,3,31,-28
120900199,0,0,0
120900200,0,0,0
120900201,0,0,0
120900202,0,16,-16
120900203,18,28,-10
120900204,16,25,-9
120900205,1,1,0
120900206,4,2,2
120900207,0,40,-40
121000001,183,451,-268
121000002,386,922,-536
121000003,316,871,-555
121000004,339,1182,-843
121000005,1220,2659,-1439
121000006,692,1339,-647
121000007,297,1471,-1174
121000008,640,1394,-754
121000009,910,2803,-1893
121000010,938,1284,-346
121000011,1476,3260,-1784
121000012,2413,1453,960
121000013,1571,3209,-1638
121000014,2099,1514,585
121000015,2496,3932,-1436
121000016,760,622,138
121000017,386,1747,-1361
121000018,758,1028,-270
121000019,1832,2862,-1030
121000020,3728,6361,-2633
121000021,234,361,-127
121000022,351,1972,-1621
121000023,635,263,372
121000024,1235,1792,-557
121000025,79,342,-263
121000026,64,153,-89
121000027,187,640,-453
121000028,80,236,-156
121000029,117,159,-42
121000030,0,0,0
121000031,27,175,-148
121000032,0,0,0
121000034,25,58,-33
121000035,0,29,-29
121000036,119,224,-105
121000037,89,392,-303
121000038,609,537,72
121000039,86,43,43
121000041,59,188,-129
121000042,12,265,-253
121000043,282,315,-33
121000044,63,197,-134
121000045,76,167,-91
121000046,1,0,1
121000047,1,14,-13
121000049,434,370,64
121000050,70,1457,-1387
121000051,125,104,21
121000052,63,909,-846
121000053,26,91,-65
121000054,0,88,-88
121000055,237,684,-447
121000056,756,484,272
121000057,1,14,-13
121000058,21,56,-35
121000059,246,1068,-822
121000060,471,659,-188
121000061,9,484,-475
121000062,259,219,40
121000063,110,681,-571
121000064,174,536,-362
121000065,47,128,-81
121000066,33,42,-9
121000067,79,47,32
121000068,121,564,-443
121000069,11,648,-637
121000070,254,252,2
121000071,289,837,-548
121000072,96,48,48
121000073,113,510,-397
121000074,8,52,-44
121000075,1,2,-1
121000076,33,41,-8
121000077,18,75,-57
121000078,0,44,-44
121000080,138,123,15
121000081,310,1137,-827
121000082,2,15,-13
121000083,39,101,-62
121000084,0,0,0
121000085,29,8,21
121000086,32,255,-223
121000087,6,195,-189
121000088,129,78,51
121000089,5,303,-298
121000090,54,89,-35
121000091,393,846,-453
121000092,31,36,-5
121000093,34,89,-55
121000094,38,135,-97
121000095,16,149,-133
121000096,573,237,336
121000097,170,726,-556
121000098,120,120,0
121000099,132,115,17
121000100,303,122,181
121000101,61,88,-27
121000102,1,2,-1
121000103,26,46,-20
121000104,8,1,7
121000105,0,0,0
121000106,60,114,-54
121000107,742,1657,-915
121000109,453,1049,-596
121000110,30,576,-546
121000114,897,1269,-372
121000115,131,108,23
121000116,107,115,-8
121000117,144,27,117
121000118,138,39,99
121000119,20,41,-21
121000120,45,360,-315
121000121,72,95,-23
121000123,62,62,0
121000127,6,33,-27
121000128,252,71,181
121000129,137,89,48
121000130,78,185,-107
121000131,46,199,-153
121000132,69,239,-170
121000135,103,196,-93
121000136,288,487,-199
121000137,29,93,-64
121000138,127,1120,-993
121000139,0,0,0
121000141,24,18,6
121000142,18,51,-33
121000143,3,23,-20
121000144,665,652,13
121000145,133,169,-36
121000146,184,41,143
121000147,137,38,99
121000148,102,144,-42
121000149,437,577,-140
121000152,99,74,25
121000153,123,94,29
121000154,209,87,122
121000155,268,323,-55
121000156,126,146,-20
121000157,244,240,4
121000158,520,225,295
121000159,183,167,16
121000160,276,76,200
121000161,109,201,-92
121000162,72,50,22
121000165,749,1964,-1215
121000166,13,264,-251
121000168,55,98,-43
121000169,0,33,-33
121000170,77,20,57
121000171,9,49,-40
121000172,119,303,-184
121000173,567,592,-25
121000174,263,437,-174
121000175,229,132,97
121000176,174,181,-7
121000177,174,94,80
121000178,105,37,68
121000179,9,29,-20
121000181,107,64,43
121000182,201,274,-73
121000183,12,166,-154
121000184,21,299,-278
121000185,2,730,-728
121000186,163,784,-621
121000187,137,117,20
121000188,53,68,-15
121000192,182,48,134
121000193,34,59,-25
121000194,412,811,-399
121000195,246,525,-279
121000196,76,105,-29
121000197,39,65,-26
121000198,37,171,-134
121000199,58,120,-62
121000200,137,106,31
121000201,1,98,-97
121000202,56,3,53
121000203,22,72,-50
121000204,621,18,603
121000205,117,203,-86
121000206,131,214,-83
121000207,510,300,210
121000208,0,128,-128
121000209,354,6,348
121000210,387,110,277
121000211,43,12,31
121000212,99,111,-12
121000213,386,476,-90
121000214,166,799,-633
121000215,303,156,147
121000216,118,440,-322
121000217,1015,1456,-441
121000218,61,341,-280
121000219,263,317,-54
121000220,22,2,20
121000221,6,92,-86
121000222,508,755,-247
121000223,0,0,0
121000224,165,175,-10
121000225,55,938,-883
121000226,206,827,-621
121000227,16,105,-89
121000228,16,56,-40
121000229,18,31,-13
121000230,29,125,-96
121000231,606,7,599
121000232,56,45,11
121000233,137,85,52
121000234,6,40,-34
121000235,13,38,-25
121000236,0,19,-19
121000237,1,3,-2
121000238,0,24,-24
121000239,10,0,10
121000240,0,18,-18
121000241,33,0,33
121000242,0,3,-3
121000243,68,1,67
121000244,0,2,-2
121000245,18,0,18
121000246,0,17,-17
121000247,24,0,24
121000248,51,27,24
121000249,3,39,-36
121000250,118,313,-195
121000251,1,33,-32
121000252,2,67,-65
121000253,81,74,7
121000254,303,56,247
121000255,8,35,-27
121000256,51,157,-106
121000257,1,42,-41
121000258,52,132,-80
121000259,7,2,5
121000260,0,13,-13
121000261,24,126,-102
121000262,94,89,5
121000263,394,77,317
121000271,51,1026,-975
121000273,4,0,4
121000274,12,23,-11
121000275,2,1,1
121000276,0,42,-42
121000278,14,6,8
121000279,2,5,-3
121000280,2,28,-26
121000289,93,15,78
121000290,98,541,-443
121000294,127,18,109
121000297,196,305,-109
121000299,59,247,-188
121000300,113,118,-5
121000302,1,260,-259
121000303,53,24,29
121000304,421,86,335
121000305,69,40,29
121000306,113,105,8
121000308,0,3,-3
121000309,2,3,-1
121000310,0,1,-1
121000311,0,1,-1
121000312,31,94,-63
121000313,3,9,-6
121000314,1,4,-3
121000315,0,1,-1
121000530,466,364,102
121000531,676,401,275
121000532,1435,1593,-158
121000533,2218,1310,908
121000918,0,0,0
121000919,14,116,-102
121000938,8,0,8
121000939,7,86,-79
121000956,496,226,270
121000957,0,0,0
121000958,16,55,-39
121000959,175,42,133
121000960,326,167,159
121000961,223,0,223
121000962,33,44,-11
121000973,0,0,0
121000976,0,0,0
121000979,0,0,0
121000981,65,1,64
121000982,342,61,281
121000983,58,5,53
121000984,0,18,-18
121000985,182,120,62
121000986,87,57,30
121000987,12,82,-70
121000988,218,27,191
121001302,6,7,-1
121001308,2,23,-21
121001309,0,161,-161
121001313,0,0,0
121001314,616,360,256
121001315,1606,123,1483
121900001,55,389,-334
121900002,2,0,2
121900003,0,0,0
121900004,0,0,0
121900005,2,0,2
121900006,0,0,0
121900007,255,10,245
121900008,1,0,1
121900009,0,0,0
121900010,0,0,0
121900011,8,0,8
121900012,2,0,2
121900013,27,0,27
121900014,0,0,0
121900015,266,0,266
121900016,0,0,0
121900017,0,0,0
121900018,0,0,0
121900019,0,0,0
121900020,3,0,3
121900021,127,0,127
121900022,0,0,0
121900023,0,0,0
121900024,0,0,0
121900025,0,0,0
121900026,0,0,0
121900027,0,0,0
121900028,2,0,2
121900029,0,0,0
121900030,0,0,0
121900031,2,63,-61
121900032,0,0,0
121900033,0,0,0
121900034,0,0,0
121900035,0,0,0
121900036,0,0,0
121900037,0,0,0
121900038,0,0,0
121900039,0,0,0
121900040,0,0,0
121900041,0,0,0
121900042,0,0,0
121900043,0,0,0
121900044,0,0,0
121900046,0,0,0
121900047,0,0,0
121900048,0,0,0
121900050,0,0,0
121900051,0,0,0
121900052,0,0,0
121900053,2,11,-9
121900054,0,0,0
121900055,0,0,0
121900058,0,0,0
121900059,0,0,0
121900060,0,0,0
121900061,0,0,0
121900062,0,0,0
121900063,18,8,10
121900064,0,0,0
121900066,0,0,0
121900067,0,0,0
121900069,0,0,0
121900070,4,9,-5
121900071,0,0,0
121900072,0,0,0
121900073,0,0,0
121900074,2,0,2
121900075,2,8,-6
121900076,0,0,0
121900077,0,0,0
121900078,0,0,0
121900079,0,0,0
121900080,0,0,0
121900082,0,0,0
121900084,0,0,0
121900085,0,0,0
121900086,0,0,0
121900087,0,0,0
121900088,0,0,0
121900089,0,0,0
121900090,0,0,0
121900091,0,0,0
121900092,0,0,0
121900093,0,0,0
121900094,0,0,0
121900095,0,0,0
121900096,0,0,0
121900097,0,0,0
121900098,0,0,0
121900099,0,0,0
121900100,0,0,0
121900101,0,0,0
121900102,0,0,0
121900103,0,0,0
121900104,82,56,26
121900105,0,0,0
121900106,0,0,0
121900107,0,0,0
121900108,0,0,0
121900109,0,0,0
121900110,0,0,0
121900111,0,0,0
121900112,0,0,0
121900113,0,0,0
121900114,0,0,0
121900117,0,0,0
121900118,0,0,0
121900119,0,0,0
121900120,0,0,0
121900121,0,0,0
121900122,0,0,0
121900123,0,0,0
121900124,2,0,2
121900125,4,0,4
121900127,0,0,0
121900128,0,0,0
121900129,0,0,0
121900130,0,0,0
121900131,2,0,2
121900132,0,0,0
121900133,0,0,0
121900134,0,0,0
121900135,261,45,216
121900136,0,0,0
121900137,0,0,0
121900138,0,0,0
121900139,0,0,0
121900140,0,0,0
121900141,9,0,9
121900142,0,0,0
121900143,0,0,0
121900144,0,0,0
121900145,0,0,0
121900146,0,0,0
121900147,0,0,0
121900148,0,0,0
121900149,0,0,0
121900150,0,0,0
121900151,0,0,0
121900152,0,0,0
121900153,0,0,0
121900154,0,0,0
121900155,0,0,0
121900156,0,0,0
121900157,0,0,0
121900158,0,0,0
121900159,0,0,0
121900160,0,0,0
121900161,0,0,0
121900162,0,0,0
121900163,0,0,0
121900164,0,0,0
121900165,0,0,0
121900166,0,0,0
121900167,0,0,0
121900168,0,0,0
121900169,0,0,0
121900170,0,0,0
121900171,0,0,0
121900172,0,0,0
121900173,0,0,0
121900174,0,0,0
121900175,0,0,0
121900176,0,0,0
121900177,0,0,0
121900178,0,0,0
121900179,0,0,0
121900180,199,674,-475
121900182,1,0,1
121900183,0,0,0
121900184,0,0,0
121900186,0,0,0
121900187,0,0,0
121900188,0,0,0
121900189,0,0,0
121900190,0,0,0
121900191,0,0,0
121900192,0,0,0
121900193,0,0,0
121900194,0,0,0
121900195,0,0,0
121900196,0,0,0
121900197,0,0,0
121900198,539,1,538
121900199,0,0,0
121900200,0,0,0
121900201,0,0,0
121900202,0,0,0
121900203,0,0,0
121900204,0,0,0
121900205,0,0,0
121900206,0,0,0
121900207,0,0,0
121900208,0,0,0
121900209,0,0,0
121900210,0,0,0
121900211,0,0,0
121900212,0,0,0
121900213,0,0,0
121900214,0,0,0
121900215,0,0,0
121900216,0,0,0
121900217,0,0,0
121900218,0,0,0
121900220,0,0,0
121900221,0,0,0
121900222,0,0,0
121900223,0,0,0
121900224,0,0,0
121900225,0,0,0
121900226,0,0,0
121900227,0,0,0
121900228,0,0,0
121900230,0,0,0
121900231,0,7,-7
121900232,0,0,0
121900233,0,0,0
121900234,0,0,0
121900235,0,0,0
121900236,0,0,0
121900237,0,0,0
121900238,0,0,0
121900239,0,0,0
121900240,0,0,0
121900241,0,0,0
121900242,0,0,0
121900243,0,0,0
121900244,0,0,0
121900245,0,0,0
121900246,27,4,23
121900247,0,0,0
121900248,0,0,0
121900250,0,0,0
121900251,0,0,0
121900252,0,0,0
121900253,36,146,-110
121900254,0,0,0
121900255,0,0,0
121900258,537,315,222
121900259,0,0,0
121900260,0,0,0
121900261,0,0,0
121900262,0,0,0
121900263,0,0,0
121900264,0,0,0
121900265,0,0,0
121900266,0,0,0
121900267,8,7,1
121900269,0,0,0
121900270,0,0,0
121900271,0,0,0
121900273,27,24,3
121900274,52,10,42
121900277,0,0,0
121900278,0,0,0
121900279,0,0,0
121900280,0,0,0
121900281,0,0,0
121900284,0,0,0
121900286,31,3,28
121900287,20,1,19
121900288,0,0,0
121900290,0,0,0
121900291,0,0,0
121900292,2,24,-22
121900293,0,0,0
121900294,0,0,0
121900295,0,0,0
121900296,0,0,0
121900298,0,1,-1
121900299,0,0,0
121900300,0,0,0
121900301,1,0,1
121900302,0,0,0
121900303,0,0,0
121900304,0,0,0
121900305,0,0,0
121900306,0,0,0
121900307,15,1,14
121900308,0,0,0
121900309,0,0,0
121900310,0,0,0
121900311,111,1,110
121900312,39,1,38
121900313,39,2,37
121900314,0,0,0
121900315,0,0,0
121900316,0,0,0
121900317,0,0,0
121900318,0,0,0
121900319,0,0,0
121900320,0,0,0
121900321,0,0,0
121900322,0,0,0
121900323,0,0,0
121900324,0,0,0
121900325,0,0,0
121900326,0,0,0
121900327,0,0,0
121900328,0,0,0
121900329,0,0,0
121900330,0,0,0
121900331,0,0,0
121900332,0,0,0
121900333,0,0,0
121900334,0,0,0
122000001,309,797,-488
122000002,363,285,78
122000003,356,578,-222
122000004,274,415,-141
122000005,1003,2444,-1441
122000006,177,717,-540
122000007,234,780,-546
122000008,559,1101,-542
122000009,147,175,-28
122000010,1474,1272,202
122000011,333,449,-116
122000012,164,442,-278
122000013,234,851,-617
122000014,494,905,-411
122000015,368,530,-162
122000016,126,426,-300
122000017,306,642,-336
122000018,334,681,-347
122000019,199,674,-475
122000020,43,83,-40
122000021,22,95,-73
122000022,134,84,50
122000023,67,84,-17
122000024,424,480,-56
122000025,197,508,-311
122000026,360,407,-47
122000027,111,304,-193
122000028,177,332,-155
122000029,108,104,4
122000030,52,2,50
122000031,12,622,-610
122000032,193,294,-101
122000033,113,187,-74
122000034,18,65,-47
122000035,19,74,-55
122000036,112,116,-4
122000037,19,67,-48
122000038,67,181,-114
122000039,86,43,43
122000040,41,28,13
122000041,359,1021,-662
122000042,199,618,-419
122000043,55,150,-95
122000044,36,182,-146
122000045,190,108,82
122000046,267,235,32
122000047,4,15,-11
122000048,804,2030,-1226
122000049,1775,1134,641
122000050,210,375,-165
122000051,175,746,-571
122000052,102,424,-322
122000053,126,1366,-1240
122000054,392,677,-285
122000055,2340,2586,-246
122000056,831,1048,-217
122000057,1054,1224,-170
122000058,393,607,-214
122000059,487,966,-479
122000060,44,88,-44
122000061,32,64,-32
122000062,212,62,150
122000063,57,390,-333
122000064,1448,2207,-759
122000065,1050,1017,33
122000066,177,207,-30
122000067,624,1904,-1280
122000068,254,1680,-1426
122000069,99,180,-81
122000070,642,451,191
122000071,212,406,-194
122000072,0,107,-107
122000073,11,96,-85
122000074,376,605,-229
122000075,161,563,-402
122000076,223,243,-20
122000077,117,327,-210
122000078,387,377,10
122000079,86,465,-379
122000080,73,280,-207
122000081,3,126,-123
122000082,126,295,-169
122000083,147,265,-118
122000084,71,89,-18
122000085,10,133,-123
122000086,684,2632,-1948
122000087,241,148,93
122000088,69,19,50
122000089,822,746,76
122000090,89,190,-101
122000091,20,50,-30
122000092,9,8,1
122000093,1000,2098,-1098
122000094,1442,1356,86
122000095,600,1622,-1022
122000096,112,1001,-889
122000098,1370,3283,-1913
122000099,153,384,-231
122000100,105,97,8
122000101,30,79,-49
122000102,31,155,-124
122000103,60,139,-79
122000104,35,98,-63
122000105,55,110,-55
122000106,114,152,-38
122000107,147,250,-103
122000108,17,22,-5
122000109,88,191,-103
122000110,63,79,-16
122000111,436,176,260
122000112,114,187,-73
122000113,119,110,9
122000114,366,1903,-1537
122000115,526,1604,-1078
122000116,40,199,-159
122000117,55,49,6
122000118,168,28,140
122000119,154,130,24
122000120,66,166,-100
122000121,239,447,-208
122000122,79,345,-266
122000123,203,442,-239
122000124,53,248,-195
122000125,58,172,-114
122000126,19,188,-169
122000127,51,167,-116
122000128,132,87,45
122000129,33,145,-112
122000130,333,274,59
122000131,92,76,16
122000132,7,6,1
122000133,57,66,-9
122000134,129,237,-108
122000135,163,135,28
122000136,42,108,-66
122000137,223,255,-32
122000139,106,511,-405
122000140,65,347,-282
122000141,268,281,-13
122000142,57,442,-385
122000143,22,101,-79
122000144,154,73,81
122000145,109,68,41
122000146,107,355,-248
122000147,139,172,-33
122000148,152,153,-1
122000149,232,88,144
122000150,148,138,10
122000151,0,1,-1
122000152,5,0,5
122000153,81,135,-54
122000154,62,74,-12
122000155,383,237,146
122000156,1126,1562,-436
122000157,301,756,-455
122000158,45,92,-47
122000159,164,237,-73
122000160,336,248,88
122000161,210,171,39
122000162,171,254,-83
122000163,24,4,20
122000164,2,7,-5
122000165,66,543,-477
122000166,156,164,-8
122000167,7,3,4
122000168,30,719,-689
122000169,51,38,13
122000170,62,216,-154
122000171,0,0,0
122000172,255,726,-471
122000173,202,829,-627
122000174,445,1275,-830
122000175,130,47,83
122000176,189,941,-752
122000177,658,1800,-1142
122000178,644,338,306
122000179,247,1278,-1031
122000180,425,1482,-1057
122000181,413,1570,-1157
122000182,188,251,-63
122000183,52,53,-1
122000184,1063,1075,-12
122000185,326,736,-410
122000186,150,351,-201
122000187,431,170,261
122000188,0,0,0
122000189,62,55,7
122000190,292,304,-12
122000191,75,150,-75
122000192,87,26,61
122000193,97,284,-187
122000194,80,37,43
122000195,38,356,-318
122000196,64,96,-32
122000197,33,39,-6
122000198,76,327,-251
122000199,71,80,-9
122000200,189,156,33
122000201,633,764,-131
122000202,167,600,-433
122000203,307,215,92
122000204,340,420,-80
122000205,98,223,-125
122000206,384,614,-230
122000207,302,714,-412
122000208,536,358,178
122000209,353,72,281
122000210,210,257,-47
122000211,69,200,-131
122000212,106,129,-23
122000213,139,211,-72
122000214,353,735,-382
122000215,1238,606,632
122000217,275,362,-87
122000218,114,101,13
122000219,169,140,29
122000220,37,296,-259
122000221,39,292,-253
122000222,39,35,4
122000223,83,150,-67
122000225,146,75,71
122000226,37,295,-258
122000227,34,142,-108
122000228,10,89,-79
122000229,3,178,-175
122000230,4,90,-86
122000231,21,120,-99
122000232,68,94,-26
122000233,0,16,-16
122000234,128,37,91
122000235,118,17,101
122000236,322,23,299
122000237,11,1,10
122000238,45,101,-56
122000239,65,12,53
122000240,179,38,141
122000241,216,44,172
122000242,72,5,67
122000243,30,2,28
122000244,29,56,-27
122000245,7,1,6
122000246,66,131,-65
122000247,141,24,117
122000248,62,87,-25
122000249,184,153,31
122000250,135,163,-28
122000251,0,0,0
122000252,18,7,11
122000253,0,0,0
122000254,57,26,31
122000255,60,182,-122
122000256,5,31,-26
122000257,2,6,-4
122000258,45,131,-86
122000259,6,149,-143
122000260,4,32,-28
122000261,7,55,-48
122000262,0,0,0
122000263,34,1,33
122000264,426,48,378
122000265,460,68,392
122000266,616,78,538
122000267,1,35,-34
122000268,49,5,44
122000269,58,40,18
122000270,19,4,15
122000271,0,0,0
122000272,0,0,0
122000273,19,0,19
122000274,2,12,-10
122000275,0,11,-11
122000276,145,208,-63
122000277,273,485,-212
122000278,266,69,197
122000279,50,23,27
122000280,156,20,136
122000281,59,81,-22
122000282,10,315,-305
122000283,3,29,-26
122000284,4,14,-10
122000285,0,0,0
122000286,0,0,0
122000287,802,326,476
122000288,77,12,65
122000291,894,321,573
122000293,12,49,-37
122000294,33,128,-95
122000295,245,38,207
122000296,78,385,-307
122000297,676,1777,-1101
122000299,187,80,107
122000300,41,60,-19
122000301,372,1074,-702
122000302,163,808,-645
122000303,280,53,227
122000304,0,48,-48
122000305,584,88,496
122000306,18,157,-139
122000307,21,4,17
122000309,0,0,0
122000310,1,24,-23
122000311,7,21,-14
122000312,32,92,-60
122000313,5,68,-63
122000314,81,171,-90
122000315,75,2,73
122000316,273,76,197
122000317,376,71,305
122000318,200,447,-247
122000319,14,129,-115
122000320,18,76,-58
122000321,19,32,-13
122000322,506,336,170
122000323,174,246,-72
122000324,305,839,-534
122000325,146,292,-146
122000326,2,3,-1
122000327,34,206,-172
122000328,94,183,-89
122000330,289,595,-306
122000332,11,116,-105
122000333,5,6,-1
122000337,153,108,45
122000338,52,49,3
122000340,20,89,-69
122000342,110,276,-166
122000343,43,76,-33
122000344,20,0,20
122000345,27,17,10
122000346,21,3,18
122000348,130,179,-49
122000349,3,50,-47
122000351,73,9,64
122000352,14,11,3
122000353,0,0,0
122000355,43,452,-409
122000356,48,129,-81
122000357,19,22,-3
122000358,0,0,0
122000359,0,0,0
122000360,0,0,0
122000362,0,3,-3
122000364,40,28,12
122000365,0,16,-16
122000366,2,0,2
122000368,39,60,-21
122000370,0,1,-1
122000371,0,0,0
122000372,0,0,0
122000381,22,60,-38
122000382,0,12,-12
122000384,235,456,-221
122000385,27,0,27
122000386,11,514,-503
122000387,89,148,-59
122000388,98,381,-283
122000389,35,54,-19
122000390,44,169,-125
122000391,2,133,-131
122000392,5,16,-11
122000393,0,16,-16
122000394,33,17,16
122000395,29,22,7
122000396,49,5,44
122000397,0,0,0
122000398,11,126,-115
122000399,30,4,26
122000400,5,84,-79
122000401,22,2,20
122000402,57,50,7
122000403,10,5,5
122000404,111,59,52
122000408,163,301,-138
122000503,0,31,-31
122000524,0,0,0
122000544,14,52,-38
122000616,0,0,0
122000640,5,55,-50
122000641,24,57,-33
122000642,222,106,116
122000643,11,166,-155
122000644,0,0,0
122000645,3,27,-24
122000651,165,564,-399
122000664,42,16,26
122000665,75,173,-98
122000666,52,197,-145
122000673,2,25,-23
122000674,77,84,-7
122000675,757,296,461
122000686,83,91,-8
122000687,417,51,366
122000688,190,77,113
122000689,246,26,220
122000690,954,38,916
122000691,432,144,288
122000692,161,10,151
122000693,93,147,-54
122000695,2,2,0
122000696,182,25,157
122000698,1,2,-1
122000699,127,24,103
122000701,191,86,105
122000702,103,270,-167
122000703,10,24,-14
122000712,0,0,0
122000717,2,63,-61
122000718,20,523,-503
122000719,2,26,-24
122000720,202,14,188
122000724,45,1,44
122900001,0,0,0
122900002,52,347,-295
122900003,9,0,9
122900004,0,0,0
122900005,0,0,0
122900006,0,0,0
122900007,0,0,0
122900008,0,0,0
122900009,0,1,-1
122900010,9,5,4
122900012,6,23,-17
122900014,0,0,0
122900015,57,24,33
122900016,0,0,0
122900017,0,0,0
122900018,0,0,0
122900019,0,0,0
122900020,0,0,0
122900021,0,0,0
122900022,0,0,0
122900023,0,0,0
122900024,0,0,0
122900025,0,0,0
122900026,0,0,0
122900027,1,71,-70
122900028,0,0,0
122900029,1,1,0
122900030,0,0,0
122900031,0,19,-19
122900032,0,0,0
122900033,1,40,-39
122900034,57,91,-34
122900035,6,1,5
122900036,0,0,0
122900037,0,0,0
122900038,21,109,-88
122900039,0,15,-15
122900040,0,10,-10
122900041,3,38,-35
122900042,7,24,-17
122900043,18,43,-25
122900044,7,29,-22
122900045,0,28,-28
122900046,0,24,-24
122900047,5,3,2
122900048,0,0,0
122900049,0,0,0
122900051,0,0,0
122900052,34,0,34
122900053,1,4,-3
122900055,1,0,1
122900057,2,0,2
122900061,0,0,0
122900062,0,0,0
122900063,0,0,0
122900064,0,0,0
122900065,0,0,0
122900066,0,0,0
122900067,4,1,3
122900068,0,0,0
122900069,0,0,0
122900070,112,3,109
122900071,0,0,0
122900072,13,0,13
122900073,5,0,5
122900074,357,4,353
122900075,0,0,0
122900076,0,0,0
122900077,0,0,0
122900078,154,13,141
122900080,0,0,0
122900081,13,0,13
122900082,251,3,248
122900083,0,0,0
122900084,1,0,1
122900086,0,0,0
122900087,41,1,40
122900088,1,2,-1
122900089,0,0,0
122900090,0,0,0
122900091,0,0,0
122900092,0,0,0
122900093,0,0,0
122900094,0,0,0
122900095,0,0,0
122900096,32,0,32
122900097,0,0,0
122900098,0,0,0
122900099,0,0,0
122900100,0,0,0
122900101,0,0,0
122900102,0,0,0
122900103,0,0,0
122900104,0,0,0
122900105,0,0,0
122900106,0,0,0
122900107,0,0,0
122900108,0,0,0
123000001,424,157,267
123000002,510,2144,-1634
123000003,1065,1052,13
123000004,830,1136,-306
123000005,1129,800,329
123000006,720,990,-270
123000007,993,642,351
123000008,313,469,-156
123000009,1638,1504,134
123000010,549,395,154
123000011,820,781,39
123000012,23,91,-68
123000013,869,290,579
123000014,15,217,-202
123000015,987,401,586
123000016,43,172,-129
123000017,3646,1824,1822
123000018,103,68,35
123000019,235,37,198
123000020,95,1,94
123000021,115,70,45
123000022,564,232,332
123000023,1312,1112,200
123000024,555,365,190
123000025,48,73,-25
123000026,8,98,-90
123000027,2,244,-242
123000028,155,1882,-1727
123000029,12,320,-308
123000030,21,30,-9
123000031,256,33,223
123000032,371,98,273
123000033,22,41,-19
123000034,506,446,60
123000035,68,249,-181
123000036,66,549,-483
123000037,1,26,-25
123000038,11,132,-121
123000039,361,915,-554
123000040,27,33,-6
123000041,125,631,-506
123000042,25,101,-76
123000043,651,3573,-2922
123000044,742,479,263
123000045,248,134,114
123000046,90,353,-263
123000047,211,83,128
123000048,7,848,-841
123000049,3004,2516,488
123000050,330,425,-95
123000051,4,43,-39
123000052,221,569,-348
123000053,877,896,-19
123000054,330,975,-645
123000055,1171,1879,-708
123000056,105,369,-264
123000057,546,739,-193
123000058,91,246,-155
123000059,34,88,-54
123000060,196,106,90
123000061,29,114,-85
123000063,127,202,-75
123000064,195,25,170
123000065,447,548,-101
123000066,122,125,-3
123000067,273,173,100
123000068,402,360,42
123000069,1016,262,754
123000070,73,76,-3
123000071,492,237,255
123000072,71,27,44
123000073,567,279,288
123000074,159,32,127
123000075,154,456,-302
123000076,73,128,-55
123000077,433,228,205
123000078,839,487,352
123000079,901,439,462
123000080,353,77,276
123000081,30,19,11
123000082,68,122,-54
123000083,186,61,125
123000084,142,50,92
123000085,145,25,120
123000086,217,70,147
123000087,57,81,-24
123000088,480,75,405
123000089,363,253,110
123000090,0,0,0
123000091,387,308,79
123000092,0,0,0
123000094,133,7,126
123000095,199,161,38
123000096,279,61,218
123000097,203,74,129
123000098,206,71,135
123000099,176,78,98
123000100,74,416,-342
123000101,110,52,58
123000102,420,516,-96
123000104,101,77,24
123000105,11,9,2
123000106,109,103,6
123000107,11,3,8
123000108,236,31,205
123000111,188,69,119
123000112,215,108,107
123000113,131,70,61
123000114,82,165,-83
123000115,35,87,-52
123000116,9,43,-34
123000117,500,406,94
123000118,172,98,74
123000119,50,132,-82
123000120,85,119,-34
123000121,203,213,-10
123000122,0,0,0
123000123,372,181,191
123000124,0,0,0
123000125,393,488,-95
123000126,376,1290,-914
123000127,52,133,-81
123000128,0,0,0
123000129,381,22,359
123000130,330,15,315
123000131,477,199,278
123000132,0,0,0
123000133,0,0,0
123000134,44,27,17
123000135,304,180,124
123000136,0,0,0
123000137,0,0,0
123000138,0,0,0
123000139,201,27,174
123000140,0,0,0
123000141,89,54,35
123000142,176,60,116
123000143,83,189,-106
123000144,2,1,1
123000145,16,216,-200
123000146,5,70,-65
123000147,0,33,-33
123000149,55,139,-84
123000150,7,9,-2
123000151,23,204,-181
123000152,2,33,-31
123000153,14,339,-325
123000154,232,486,-254
123000155,155,381,-226
123000156,1,6,-5
123000157,53,149,-96
123000158,122,193,-71
123000159,450,1276,-826
123000160,235,454,-219
123000161,418,145,273
123000162,538,553,-15
123000163,330,61,269
123000164,814,27,787
123000165,27,208,-181
123000166,1,10,-9
123000167,56,6,50
123000168,110,31,79
123000169,362,36,326
123000170,15,0,15
123000171,317,1,316
123000172,18,30,-12
123000173,220,58,162
123000174,176,100,76
123000175,38,45,-7
123000176,277,47,230
123000177,62,75,-13
123000178,262,59,203
123000179,1,66,-65
123000180,579,122,457
123000181,93,150,-57
123000182,91,57,34
123000183,61,69,-8
123000184,22,6,16
123000185,291,268,23
123000186,0,0,0
123000187,244,8,236
123000188,126,0,126
123000189,120,110,10
123000190,77,41,36
123000192,0,78,-78
123000193,2,166,-164
123000194,43,43,0
123000195,149,1,148
123000196,302,1,301
123000197,28,5,23
123000198,1,95,-94
123000199,0,32,-32
123000200,491,7,484
123000201,573,8,565
123000202,2,44,-42
123000203,657,22,635
123000204,8,65,-57
123000205,6,116,-110
123000206,1439,134,1305
123000207,7,154,-147
123000208,263,29,234
123000209,804,112,692
123000210,7,194,-187
123000211,100,320,-220
123000212,2143,148,1995
123000213,185,21,164
123000215,35,121,-86
123000216,18,215,-197
123000217,124,6,118
123000218,4,31,-27
123000219,205,81,124
123000220,194,26,168
123000221,22,8,14
123000222,144,82,62
123000223,226,88,138
123000224,156,66,90
123000225,115,3,112
123000226,80,6,74
123000227,33,4,29
123000228,124,11,113
123000229,116,85,31
123000232,1,17,-16
123000233,259,41,218
123000234,11,8,3
123000235,212,100,112
123000236,26,39,-13
123000237,215,23,192
123000238,2,9,-7
123000239,83,104,-21
123000240,51,210,-159
123000241,67,62,5
123000242,12,48,-36
123000243,78,68,10
123000244,123,58,65
123000245,0,0,0
123000249,0,0,0
123000252,338,100,238
123000253,367,221,146
123000254,140,134,6
123000255,135,193,-58
123000256,0,2,-2
123000257,267,235,32
123000258,247,101,146
123000259,129,149,-20
123000260,232,180,52
123000261,106,33,73
123000262,9,10,-1
123000263,128,37,91
123000264,103,11,92
123000265,0,9,-9
123000266,112,132,-20
123000267,127,72,55
123000268,11,8,3
123000269,25,86,-61
123000270,24,64,-40
123000271,8,8,0
123000272,331,96,235
123000273,74,513,-439
123000274,457,259,198
123000275,28,91,-63
123000278,208,638,-430
123000279,38,30,8
123000280,124,83,41
123000281,79,55,24
123000282,30,192,-162
123000283,87,30,57
123000284,11,40,-29
123000286,63,249,-186
123000287,65,100,-35
123000288,281,472,-191
123000289,91,375,-284
123000291,15,9,6
123000294,46,283,-237
123000295,248,893,-645
123000296,555,814,-259
123000297,154,107,47
123000298,147,39,108
123000299,37,167,-130
123000300,376,145,231
123000301,38,57,-19
123000302,156,65,91
123000303,7,542,-535
123000305,76,345,-269
123000306,59,8,51
123000309,19,23,-4
123000310,24,5,19
123000311,0,0,0
123000312,63,140,-77
123000313,203,98,105
123000315,322,42,280
123000316,415,12,403
123000317,78,31,47
123000318,3,44,-41
123000329,1,4,-3
123000337,133,133,0
123000338,218,157,61
123000339,87,1,86
123000340,9,52,-43
123000342,1,17,-16
123000343,19,0,19
123000344,199,66,133
123000345,72,87,-15
123000346,356,42,314
123000352,92,98,-6
123000353,17,16,1
123000354,566,4,562
123000355,0,98,-98
123000356,76,0,76
123000357,0,4,-4
123000359,0,8,-8
123000360,108,139,-31
123000361,68,8,60
123000362,110,5,105
123000363,24,1,23
123000364,97,90,7
123000365,1,25,-24
123000366,49,349,-300
123000367,17,151,-134
123000370,1,2,-1
123000371,136,3,133
123000372,44,3,41
123000373,0,1,-1
123000374,0,0,0
123000375,253,27,226
123000376,330,326,4
123000377,223,0,223
123000378,1,16,-15
123000379,0,17,-17
123000380,0,0,0
123000381,6,30,-24
123000382,133,41,92
123000383,0,0,0
123000384,119,22,97
123000385,0,0,0
123000436,9,322,-313
123000507,9,99,-90
123000508,134,842,-708
123000517,47,0,47
123000518,8,72,-64
123000519,16,9,7
123000520,15,97,-82
123000521,51,24,27
123000522,65,86,-21
123000541,19,6,13
123000542,0,0,0
123000565,232,13,219
123000566,110,24,86
123000567,34,25,9
123000573,0,12,-12
123000574,204,24,180
123000575,505,5,500
123000576,128,14,114
123000577,0,0,0
123000578,120,35,85
123000579,564,1670,-1106
123000580,44,12,32
123000582,163,2,161
123000583,20,5,15
123000584,89,59,30
123000585,0,0,0
123000586,31,1,30
123000596,47,21,26
123000597,147,165,-18
123000602,23,6,17
123000603,362,48,314
123000604,200,74,126
123000605,156,43,113
123000606,0,0,0
123000609,4,57,-53
123000610,13,62,-49
123000613,2,13,-11
123000614,134,1,133
123000615,2,12,-10
123000616,255,24,231
123000617,0,0,0
123000618,0,0,0
123000619,84,1,83
123000620,0,0,0
123000622,93,0,93
123000624,50,17,33
123000630,894,222,672
123000631,56,72,-16
123000632,234,32,202
123000633,0,39,-39
123000634,14,76,-62
123000635,0,0,0
123000636,26,87,-61
123000637,12,5,7
123000638,115,79,36
123000639,338,1268,-930
123000640,11,0,11
123000648,109,24,85
123000649,4,34,-30
123900001,0,0,0
123900002,0,0,0
123900003,0,0,0
123900005,0,0,0
123900006,0,0,0
124000001,564,118,446
124000002,0,318,-318
124000003,446,56,390
124000004,0,86,-86
124000005,527,286,241
124000006,1,58,-57
124000007,52,36,16
124000008,5,13,-8
124000009,432,48,384
124000010,22,39,-17
124000011,286,104,182
124000012,5,29,-24
124000017,32,34,-2
124000018,0,0,0
124000019,90,26,64
124000020,0,0,0
124000021,60,40,20
124000022,0,0,0
124000023,380,823,-443
124000024,199,72,127
124000025,357,646,-289
124000026,377,638,-261
124000027,2224,1064,1160
124000028,94,2433,-2339
124000030,492,91,401
124000031,359,2110,-1751
124000032,2,45,-43
124000033,312,351,-39
124000034,47,83,-36
124000035,116,74,42
124000036,9,57,-48
124000037,47,214,-167
124000038,0,14,-14
124000039,96,15,81
124000040,73,102,-29
124000041,237,6,231
124000042,9,18,-9
124000043,65,11,54
124000044,2,18,-16
124000045,386,50,336
124000046,0,0,0
124000047,475,115,360
124000048,0,0,0
124000049,788,92,696
124000050,0,0,0
124000051,613,94,519
124000052,0,0,0
124000053,378,726,-348
124000054,0,0,0
124000055,761,831,-70
124000056,10,1,9
124000057,608,248,360
124000058,8,10,-2
124000059,524,635,-111
124000060,89,25,64
124000061,537,1389,-852
124000062,143,64,79
124000063,246,47,199
124000064,275,67,208
124000065,0,0,0
124000066,21,13,8
124000067,11,21,-10
124000068,0,0,0
124000069,145,25,120
124000070,0,0,0
124000071,62,14,48
124000072,0,0,0
124000073,267,8,259
124000074,0,0,0
124000075,255,58,197
124000076,0,0,0
124000077,32,60,-28
124000078,315,228,87
124000079,4,73,-69
124000080,142,67,75
124000081,0,0,0
124000082,31,67,-36
124000083,0,0,0
124000084,35,185,-150
124000085,2,3,-1
124000086,34,93,-59
124000087,29,52,-23
124000088,59,111,-52
124000089,272,7,265
124000090,14,19,-5
124000091,237,19,218
124000092,109,83,26
124000093,40,107,-67
124000094,34,144,-110
124000095,54,61,-7
124000096,1,50,-49
124000097,91,9,82
124000098,96,35,61
124000099,88,8,80
124000100,0,41,-41
124000101,101,46,55
124000102,50,31,19
124000103,254,118,136
124000104,69,7,62
124000105,186,62,124
124000106,93,14,79
124000107,16,258,-242
124000108,6,5,1
124000109,67,16,51
124000110,69,11,58
124000111,74,38,36
124000112,149,133,16
124000113,65,59,6
124000114,108,129,-21
124000115,200,225,-25
124000116,32,35,-3
124000117,35,37,-2
124000118,11,11,0
124000119,214,120,94
124000120,230,81,149
124000121,530,162,368
124000122,51,111,-60
124000123,326,101,225
124000124,162,160,2
124000125,230,138,92
124000126,59,105,-46
124000127,726,59,667
124000128,168,107,61
124000129,774,427,347
124000130,106,30,76
124000131,280,182,98
124000132,206,36,170
124000133,441,209,232
124000134,190,232,-42
124000135,430,567,-137
124000136,57,158,-101
124000137,216,212,4
124000138,47,113,-66
124000139,147,6,141
124000140,21,128,-107
124000141,114,0,114
124000142,0,40,-40
124000143,18,1,17
124000144,1,5,-4
124000145,66,19,47
124000146,5,9,-4
124000148,5,9,-4
124000149,274,96,178
124000150,70,53,17
124000151,169,140,29
124000152,45,82,-37
124000153,211,349,-138
124000154,32,99,-67
124000155,369,139,230
124000156,30,66,-36
124000169,24,133,-109
124000170,63,124,-61
124000171,75,113,-38
124000172,72,66,6
124000173,173,57,116
124000174,139,82,57
124000175,0,0,0
124000176,10,35,-25
124000177,0,0,0
124000178,3,83,-80
124000190,0,27,-27
124000191,4,51,-47
124000192,325,193,132
124000193,6,154,-148
124000194,58,30,28
124000195,199,209,-10
124000196,167,62,105
124000197,64,22,42
124000198,89,15,74
124000201,3,0,3
124000202,232,31,201
124000203,40,0,40
124000204,459,16,443
124000205,57,1,56
124000206,705,189,516
124000207,0,0,0
124000209,146,10,136
124000210,467,86,381
124000211,490,0,490
124000212,0,0,0
124000213,73,1,72
124000214,153,5,148
124000215,324,10,314
124000216,0,0,0
124000329,0,94,-94
124000338,0,129,-129
124000339,609,3,606
124000341,427,6,421
124000344,59,15,44
124000357,624,910,-286
124000358,664,861,-197
124000359,712,256,456
124000360,427,249,178
124000361,932,530,402
124000362,199,240,-41
124000363,0,0,0
124000364,0,0,0
124000365,6,53,-47
124000366,2,136,-134
124000367,10,8,2
124000368,87,174,-87
124000369,27,28,-1
124000370,3,52,-49
124000402,2,6,-4
124000403,132,9,123
124000404,0,17,-17
124000405,577,117,460
124000406,123,115,8
124000407,0,6,-6
124000411,0,36,-36
124000412,130,0,130
124000413,2,31,-29
124000414,138,41,97
124000415,126,17,109
124000416,84,48,36
124000417,133,73,60
124000418,187,23,164
124000419,57,26,31
124000420,97,29,68
124000421,69,13,56
124000422,2,16,-14
124000423,41,0,41
124000424,0,9,-9
124000425,38,17,21
124000426,0,4,-4
124000427,90,0,90
124000428,0,24,-24
124000429,48,15,33
124000430,80,100,-20
124000431,29,59,-30
124000432,78,232,-154
124000439,0,1,-1
124000443,0,0,0
124000445,29,288,-259
124000446,27,15,12
124900001,0,0,0
124900002,0,0,0
124900003,0,0,0
124900004,0,0,0
124900005,0,0,0
124900006,0,0,0
124900008,0,0,0
124900009,0,0,0
124900010,0,0,0
124900011,0,0,0
124900012,0,0,0
124900013,0,0,0
124900014,0,0,0
124900015,14,26,-12
124900016,41,6,35
124900017,1,9,-8
124900018,5,0,5
124900020,33,1,32
124900021,79,16,63
124900022,21,1,20
124900024,93,0,93
124900026,1,0,1
124900027,0,0,0
124900028,0,0,0
124900029,0,0,0
124900030,0,0,0
124900031,0,0,0
124900032,0,0,0
124900033,0,0,0
124900034,0,0,0
124900035,0,0,0
124900036,0,0,0
124900037,0,0,0
124900038,0,0,0
124900039,0,0,0
124900040,0,0,0
124900041,0,0,0
124900042,0,0,0
124900043,0,0,0
124900044,0,0,0
124900045,0,0,0
124900046,0,0,0
124900047,0,0,0
124900048,0,0,0
124900050,0,0,0
124900052,0,0,0
124900053,0,0,0
124900054,0,0,0
124900055,0,0,0
124900057,0,0,0
124900060,0,0,0
124900061,8,0,8
124900062,6,1,5
124900066,0,0,0
124900067,0,0,0
124900068,0,0,0
124900070,0,0,0
124900072,0,0,0
124900075,0,0,0
124900076,0,0,0
124900077,0,0,0
124900078,0,0,0
124900079,0,0,0
124900080,0,0,0
124900081,0,0,0
124900082,0,0,0
124900083,0,0,0
124900085,0,0,0
124900086,0,0,0
124900087,0,0,0
124900088,0,0,0
124900089,0,0,0
124900090,14,0,14
124900091,0,0,0
124900092,0,0,0
124900093,32,12,20
124900094,43,0,43
124900095,3,35,-32
124900096,33,10,23
124900097,45,1,44
124900098,0,0,0
124900099,0,0,0
124900100,39,1,38
124900101,12,2,10
124900102,102,0,102
124900103,0,0,0
124900104,0,0,0
124900105,0,0,0
124900106,6,2,4
124900107,7,2,5
124900108,0,0,0
124900111,0,0,0
124900112,0,0,0
124900113,0,0,0
124900114,0,0,0
124900115,0,0,0
124900116,41,34,7
124900117,0,0,0
124900118,0,106,-106
124900119,0,0,0
124900120,0,0,0
124900121,0,0,0
124900122,0,0,0
124900123,0,0,0
124900124,0,0,0
204000001,75,8,67
204000002,3,3,0
204000003,6,1,5
204000004,10,0,10
204000005,298,423,-125
204000006,854,1337,-483
204000011,0,0,0
204000012,0,0,0
204000019,919,270,649
204000020,370,245,125
204000021,330,288,42
204000022,632,223,409
204000023,0,0,0
204000031,26,4,22
204000032,115,3,112
204000034,1,0,1
204000035,0,0,0
204000036,0,0,0
204000037,0,0,0
204000038,0,0,0
204000039,0,0,0
204000040,0,0,0
204000041,0,0,0
204000042,3,8,-5
204000043,7,5,2
204000044,37,1,36
204000045,27,9,18
204000046,0,1,-1
204000057,0,0,0
204000062,0,0,0
204000068,0,0,0
204000069,0,0,0
204000070,45,52,-7
204000080,0,0,0
204000085,0,0,0
204000086,0,0,0
204000087,25,3,22
204000088,0,0,0
204000090,1,0,1
204000093,678,13,665
204000096,718,268,450
204000097,141,5,136
204000099,908,1443,-535
204000100,1026,591,435
204000105,0,0,0
204000110,0,0,0
204000111,0,0,0
204000112,0,0,0
204000113,0,0,0
204000114,376,513,-137
204000115,299,163,136
204000116,116,230,-114
204000119,1418,469,949
204000132,452,266,186
204000133,691,26,665
204000134,150,43,107
204000135,570,24,546
204000136,307,127,180
204000138,124,436,-312
204000140,111,114,-3
204000141,196,30,166
204000144,0,12,-12
204000145,81,5,76
204000146,0,0,0
204000147,4,0,4
204000148,70,1,69
204000154,8,0,8
204000155,0,0,0
204000177,62,3,59
204000179,12,1,11
204000180,0,0,0
204000222,0,0,0
204000235,0,0,0
204000236,6,19,-13
204000238,24,6,18
204000240,70,5,65
204000263,0,0,0
204000268,533,196,337
204000308,10,9,1
204000317,0,0,0
204000322,0,0,0
204000323,1,1,0
204000328,200,24,176
204000329,5,1,4
204000330,48,4,44
204000331,1,3,-2
205000001,0,0,0
205000013,0,0,0
205000014,0,0,0
205000015,0,0,0
205000016,0,0,0
205000017,0,0,0
205000022,0,0,0
205000025,0,0,0
205000029,125,38,87
205000045,0,0,0
205000046,0,0,0
205000047,0,0,0
205000048,0,0,0
205000049,0,0,0
205000050,0,0,0
205000059,0,0,0
205000060,0,0,0
205000061,0,0,0
205000062,0,0,0
205000063,0,0,0
205000064,0,0,0
205000065,0,0,0
205000066,0,0,0
205000067,0,0,0
205000069,64,37,27
205000082,78,117,-39
205000110,0,0,0
205000111,0,0,0
205000112,37,127,-90
205000113,0,0,0
205000121,82,28,54
205000123,0,0,0
205000126,473,92,381
205000127,755,62,693
205000128,302,48,254
205000129,529,37,492
205000130,359,11,348
205000131,32,0,32
205000132,51,2,49
205000133,20,0,20
205000134,140,0,140
205000137,0,0,0
205000138,0,0,0
205000139,0,0,0
205000144,21,37,-16
205000145,139,37,102
205000151,49,18,31
205000152,42,19,23
205000153,92,12,80
205000154,29,24,5
205000155,105,15,90
205000207,0,0,0
205000233,19,0,19
205000234,0,0,0
205000243,0,0,0
205000244,0,0,0
205000245,0,0,0
205000249,0,0,0
205000250,0,0,0
205000264,0,0,0
206000027,2,18,-16
206000028,2,4,-2
206000043,1,54,-53
206000053,0,0,0
206000054,0,0,0
206000055,0,0,0
206000075,1,19,-18
206000076,25,4,21
206000077,9,1,8
206000078,3,1,2
206000079,6,1,5
206000082,136,39,97
206000100,2,163,-161
206000103,0,0,0
206000104,0,0,0
206000105,0,0,0
206000106,0,0,0
206000108,271,69,202
206000125,105,0,105
206000157,0,0,0
206000170,0,0,0
206000171,0,25,-25
206000172,0,8,-8
206000173,0,9,-9
206000174,2,5,-3
206000175,0,10,-10
206000176,0,11,-11
206000177,0,3,-3
206000178,0,8,-8
206000179,0,8,-8
206000180,5,29,-24
206000181,5,15,-10
206000182,6,19,-13
206000183,15,63,-48
206000184,0,4,-4
206000185,0,1,-1
206000186,0,30,-30
206000223,0,0,0
206000226,27,1,26
206000227,3,3,0
206000237,0,5,-5
206000238,1,14,-13
206000239,8,147,-139
206000240,0,0,0
206000241,0,88,-88
206000242,0,0,0
206000243,0,2,-2
206000244,0,6,-6
206000245,562,19,543
206000246,168,27,141
206000247,197,13,184
206000248,206,17,189
206000252,3,25,-22
206000258,0,0,0
206000315,13,3,10
206000317,336,83,253
206000318,151,17,134
206000319,798,22,776
206000320,228,5,223
206000321,215,3,212
206000322,265,4,261
206000323,89,15,74
206000324,143,12,131
206000325,70,1,69
206000326,104,9,95
206000327,4,68,-64
206000328,81,5,76
206000329,229,0,229
206000330,28,1,27
206000331,195,1,194
206000332,21,1,20
206000333,537,2,535
206000334,179,1,178
206000335,0,0,0
206000361,0,0,0
206000392,0,0,0
206000405,88,0,88
206000441,15,52,-37
206000498,10,2,8
206000515,25,23,2
206000530,87,79,8
206000531,145,120,25
206000532,272,78,194
206000535,2,175,-173
206000536,0,11,-11
206000537,0,9,-9
206000613,502,74,428
207000001,0,0,0
207000002,0,0,0
207000003,0,0,0
207000007,905,137,768
207000008,123,2,121
207000009,40,10,30
207000010,51,192,-141
207000012,313,60,253
207000015,36,227,-191
207000019,136,41,95
207000021,227,170,57
207000022,143,83,60
207000023,127,23,104
207000024,1,5,-4
207000025,12,24,-12
207000026,0,0,0
207000027,0,0,0
207000028,0,0,0
207000029,0,0,0
207000033,133,218,-85
207000034,115,41,74
207000039,361,76,285
207000040,279,14,265
207000041,84,5,79
207000042,272,4,268
207000043,185,142,43
207000051,0,0,0
207000052,0,0,0
207000053,0,0,0
207000054,0,0,0
207000055,0,0,0
207000056,0,0,0
207000057,0,0,0
207000058,0,0,0
207000059,0,0,0
207000060,0,0,0
207000061,45,971,-926
207000062,340,24,316
207000063,272,33,239
207000064,236,28,208
207000065,196,48,148
207000066,261,85,176
207000067,92,14,78
207000068,134,4,130
207000069,446,154,292
207000082,1,138,-137
207000083,24,183,-159
207000084,309,88,221
207000085,167,42,125
207000086,284,7,277
207000106,44,7,37
207000107,113,2,111
207000108,71,5,66
207000109,33,10,23
207000110,69,2,67
207000111,89,29,60
207000112,65,133,-68
207000114,0,0,0
207000115,0,0,0
207000116,0,0,0
207000117,0,0,0
207000118,0,0,0
207000119,0,0,0
207000123,118,0,118
207000124,103,25,78
207000125,50,1,49
207000126,45,5,40
207000134,143,71,72
207000135,21,307,-286
207000148,76,111,-35
207000149,0,0,0
207000152,0,0,0
207000153,0,0,0
207000154,189,55,134
207000159,0,0,0
207000160,0,0,0
207000238,0,0,0
207000242,0,0,0
207000248,0,0,0
207000249,0,0,0
207000250,0,0,0
207000251,0,0,0
207000252,0,0,0
207000278,77,102,-25
207000279,0,0,0
207000280,711,30,681
207000281,30,116,-86
207000282,7,171,-164
207000283,0,17,-17
207000284,10,329,-319
207000285,2,35,-33
207000291,0,0,0
207000304,80,12,68
207000306,0,0,0
207000310,65,47,18
207000353,54,6,48
207000356,0,0,0
207000357,0,93,-93
207000358,0,8,-8
207000415,0,0,0
207000417,7,0,7
207000418,47,34,13
207000438,0,0,0
207000439,274,139,135
207000446,54,0,54
207000460,46,3,43
207000466,0,0,0
207000467,153,22,131
207000468,0,0,0
207000476,11,4,7
207000477,180,11,169
207000478,0,0,0
207000523,0,0,0
207000524,29,0,29
207000527,116,58,58
207000530,200,4,196
207000531,99,1,98
207000532,5,4,1
207000534,104,46,58
207000535,0,0,0
207000537,0,0,0
207000540,0,0,0
207000541,0,0,0
207000548,0,0,0
207000549,59,5,54
207000561,99,18,81
207000562,0,0,0
207000567,0,0,0
207000568,46,3,43
207000569,213,9,204
207000584,0,0,0
207000585,3,16,-13
207000587,145,2,143
207000616,0,0,0
207000617,99,0,99
207000624,0,7,-7
207000631,0,10,-10
207900008,315,79,236
208000001,336,401,-65
208000002,321,470,-149
208000003,535,436,99
208000004,352,244,108
208000005,0,0,0
208000019,483,201,282
208000020,208,146,62
208000021,17,57,-40
208000022,140,42,98
208000028,64,563,-499
208000033,49,26,23
208000034,81,243,-162
208000037,73,1,72
208000040,79,35,44
208000041,115,187,-72
208000042,349,237,112
208000047,0,0,0
208000064,801,842,-41
208000066,549,1020,-471
208000070,196,252,-56
208000071,289,133,156
208000072,442,272,170
208000080,159,154,5
208000081,157,22,135
208000082,5,0,5
208000083,12,1,11
208000084,16,41,-25
208000085,25,3,22
208000086,25,12,13
208000087,39,151,-112
208000089,0,0,0
208000090,0,0,0
208000093,0,0,0
208000094,32,104,-72
208000095,259,76,183
208000104,965,226,739
208000105,534,288,246
208000114,20,351,-331
208000115,150,288,-138
208000116,425,768,-343
208000117,4,72,-68
208000118,75,144,-69
208000155,32,129,-97
208000158,66,146,-80
208000186,599,976,-377
208000204,41,79,-38
208000205,107,83,24
208000282,20,69,-49
209000004,135,43,92
209000005,15,28,-13
209000006,269,55,214
209000007,133,146,-13
209000010,0,0,0
209000011,0,0,0
209000012,0,0,0
209000013,0,0,0
209000014,0,0,0
209000025,181,13,168
209000026,511,38,473
209000027,0,0,0
209000028,0,0,0
209000029,0,0,0
209000030,0,0,0
209000031,0,0,0
209000034,79,184,-105
209000035,171,164,7
209000036,370,49,321
209000037,415,111,304
209000038,253,40,213
209000039,94,59,35
209000040,180,22,158
209000041,66,21,45
209000042,57,46,11
209000043,150,74,76
209000044,185,115,70
209000045,357,97,260
209000046,257,94,163
209000047,311,44,267
209000048,907,197,710
209000049,0,0,0
209000050,0,0,0
209000051,0,0,0
209000052,0,0,0
209000062,0,0,0
209000063,0,0,0
209000064,0,0,0
209000065,154,25,129
209000066,90,33,57
209000067,143,36,107
209000080,0,0,0
209000082,18,22,-4
209000091,0,0,0
209000093,0,0,0
209000094,0,0,0
209000110,16,67,-51
209000111,191,452,-261
209000112,532,85,447
209000113,521,151,370
209000114,209,156,53
209000115,0,0,0
209000116,0,0,0
209000118,1,65,-64
209000119,0,0,0
209000121,0,0,0
209000135,29,13,16
209000142,446,315,131
209000143,0,0,0
209000144,10,108,-98
209000229,187,17,170
209000240,0,0,0
209000259,0,0,0
209000260,0,0,0
209000261,0,0,0
209000262,0,0,0
209000263,0,0,0
209000264,0,0,0
209000265,121,0,121
209000266,22,0,22
209000267,764,0,764
209000268,426,64,362
210000037,97,6,91
210000047,31,8,23
210000048,19,12,7
210000049,29,0,29
210000052,0,0,0
210000053,0,0,0
210000054,0,0,0
210000070,94,2,92
210000071,76,0,76
210000072,6,0,6
210000073,0,0,0
210000074,0,0,0
210000075,0,0,0
210000076,0,0,0
210000077,0,0,0
210000078,0,0,0
210000079,25,5,20
210000080,42,54,-12
210000081,39,2,37
210000082,10,1,9
210000083,19,6,13
210000084,83,0,83
210000085,0,0,0
210000086,0,0,0
210000099,0,0,0
210000100,0,0,0
210000101,0,0,0
210000105,0,0,0
210000159,0,0,0
210000163,0,0,0
210000164,150,59,91
210000168,35,13,22
210000187,0,0,0
210000188,0,0,0
210000214,2,0,2
210000219,17,27,-10
210000220,59,22,37
210000232,0,0,0
210000233,0,0,0
210000234,0,0,0
210000235,0,0,0
210000245,0,0,0
210000246,2,0,2
210000258,0,0,0
210000259,140,3,137
210000282,0,0,0
210000285,0,0,0
210000286,0,0,0
210000290,0,1,-1
210000295,0,0,0
210000296,0,0,0
210000320,106,19,87
210000321,41,6,35
210000338,0,0,0
210000339,0,0,0
210000340,0,0,0
210000341,0,0,0
210000342,0,0,0
210000343,0,0,0
210000344,0,0,0
210000345,0,0,0
210000346,0,0,0
210000347,0,0,0
210000348,0,0,0
210000349,0,0,0
210000350,0,0,0
210000351,0,0,0
210000352,41,5,36
210000353,36,16,20
210000354,32,18,14
210000355,5,41,-36
210000356,4,61,-57
210000357,53,98,-45
210000358,56,112,-56
210000359,64,68,-4
210000360,146,46,100
210000361,107,63,44
210000362,151,71,80
210000363,386,87,299
210000364,137,81,56
210000365,148,22,126
210000366,139,13,126
210000367,39,2,37
210000368,57,3,54
210000369,21,37,-16
210000370,36,15,21
210000372,1,7,-6
210000373,1,11,-10
210000374,24,9,15
210000375,41,7,34
210000376,47,41,6
210000404,0,0,0
210000439,63,10,53
210000472,23,0,23
210000482,49,34,15
210000564,244,73,171
210000567,0,27,-27
210000568,104,0,104
211000092,26,5,21
211000094,2,0,2
211000169,50,0,50
211000172,1,95,-94
211000209,0,8,-8
211000226,36,11,25
211000270,18,18,0
211000275,2,10,-8
211000276,68,1,67
211000279,3,23,-20
211000281,10,13,-3
211507980,0,11,-11
211977296,0,0,0
212000003,160,11,149
212000004,0,0,0
212000005,0,0,0
212000006,0,0,0
212000008,0,0,0
212000009,0,0,0
212000012,0,0,0
212000013,0,0,0
212000014,0,0,0
212000015,0,0,0
212000016,0,0,0
212000027,553,111,442
212000028,221,169,52
212000029,116,187,-71
212000030,54,44,10
212000031,19,15,4
212000048,0,0,0
212000049,0,0,0
212000050,0,0,0
212000051,0,0,0
212000052,0,0,0
212000053,0,0,0
212000054,414,33,381
212000055,301,54,247
212000056,2,25,-23
212000057,2,29,-27
212000058,19,5,14
212000070,0,0,0
212000077,0,0,0
212000099,290,79,211
212000108,231,85,146
212000111,423,25,398
212000120,0,0,0
212000138,0,0,0
212000156,0,0,0
212000158,3,50,-47
212000159,603,26,577
212000160,671,106,565
212000161,162,98,64
212000310,0,0,0
212000311,17,53,-36
212000374,0,0,0
213000001,1,214,-213
213000005,196,14,182
213000006,270,76,194
213000007,24,10,14
213000009,92,126,-34
213000010,301,69,232
213000011,124,27,97
213000012,1,0,1
213000014,46,8,38
213000015,247,1,246
213000016,186,0,186
213000017,69,0,69
213000018,0,3,-3
213000019,1,9,-8
213000020,12,6,6
213000021,1,6,-5
213000023,489,137,352
213000033,46,154,-108
213000034,341,73,268
213000035,163,216,-53
213000045,27,107,-80
213000046,23,35,-12
213000047,78,619,-541
213000056,69,2,67
213000069,5,0,5
213000073,0,1,-1
213000074,2,41,-39
213000075,326,4,322
213000076,1,0,1
213000085,0,0,0
213000086,0,0,0
213000091,150,4,146
213000092,7,1,6
213000099,4,217,-213
213000100,480,188,292
213000101,257,83,174
213000102,258,58,200
213000103,228,147,81
213000104,6,69,-63
213000105,0,46,-46
213000106,2,7,-5
213000107,31,14,17
213000108,4,34,-30
213000109,1,22,-21
213000110,2,30,-28
213000111,0,5,-5
213000112,1,63,-62
213000115,26,1,25
213000116,1,72,-71
213000117,0,76,-76
213000118,475,203,272
213000119,0,5,-5
213000120,0,14,-14
213000122,10,53,-43
213000123,0,110,-110
213000124,9,33,-24
213000125,76,39,37
213000126,2,25,-23
213000127,0,34,-34
213000128,18,94,-76
213000129,109,566,-457
213000130,489,366,123
213000132,243,131,112
213000133,672,59,613
213000134,731,5,726
213000136,398,17,381
213000137,301,15,286
213000139,89,0,89
213000147,40,0,40
213000148,21,0,21
213000149,1,0,1
213000150,0,0,0
213000151,0,0,0
213000152,0,0,0
213000153,0,0,0
213000154,0,0,0
213000155,0,0,0
213000156,0,0,0
213000157,0,0,0
213000158,79,121,-42
213000159,688,78,610
213000163,638,106,532
213000165,355,81,274
213000171,0,0,0
213000172,0,0,0
213000173,0,0,0
213000174,0,0,0
213000175,0,0,0
213000176,120,33,87
213000177,141,3,138
213000178,216,4,212
213000179,141,1,140
213000180,101,0,101
213000184,8,44,-36
213000188,233,29,204
213000189,316,15,301
213000190,164,13,151
213000191,361,1,360
213000192,213,0,213
213000193,0,0,0
213000194,0,0,0
213000195,0,0,0
213000196,0,0,0
213000197,492,259,233
213000198,5,0,5
213000200,39,25,14
213000201,9,14,-5
213000202,4,23,-19
213000203,815,249,566
213000204,614,6,608
213000205,295,9,286
213000206,457,13,444
213000207,4,6,-2
213000208,0,0,0
213000209,30,0,30
213000210,52,1,51
213000211,0,0,0
213000212,0,0,0
213000213,0,0,0
213000218,211,250,-39
213000219,193,51,142
213000220,228,4,224
213000223,69,95,-26
213000224,7,13,-6
213000225,41,9,32
213000226,54,12,42
213000227,669,68,601
213000228,339,31,308
213000229,5,1,4
213000230,194,7,187
213000232,3,267,-264
213000233,0,0,0
213000234,0,0,0
213000293,0,2,-2
213000294,70,4,66
213000295,0,0,0
213000296,38,10,28
213000297,0,0,0
213000298,0,0,0
213000299,27,18,9
213000300,0,1,-1
213000303,0,0,0
213000304,0,0,0
213000305,1,1,0
213000306,0,0,0
213000307,2,17,-15
213000308,0,0,0
213000309,55,7,48
213000310,82,48,34
213000311,2,148,-146
213000315,0,0,0
213000316,105,12,93
213000322,13,5,8
213000323,48,9,39
213000324,18,1,17
213000325,2,1,1
213000326,34,2,32
213000327,27,7,20
213000328,0,18,-18
213000329,1,4,-3
213000340,0,14,-14
213000341,426,61,365
213000346,33,118,-85
213000347,93,172,-79
213000348,0,8,-8
213000349,0,0,0
213000350,30,101,-71
213000366,5,22,-17
213000367,250,31,219
213000379,4,2,2
213000386,1,37,-36
213000406,9,21,-12
213000417,712,99,613
213000425,51,5,46
213000426,52,1,51
213000427,23,41,-18
213000428,48,14,34
213000429,1,2,-1
213000430,4,8,-4
213000431,3,1,2
213000432,0,211,-211
213000433,0,29,-29
213000434,16,18,-2
213000435,25,1,24
213000436,11,3,8
213000437,0,1,-1
213000438,59,20,39
213000439,0,5,-5
213000440,0,13,-13
213000441,1,0,1
213000442,0,1,-1
213000443,351,236,115
213000444,15,0,15
213000445,1,24,-23
213000446,0,64,-64
213000447,0,5,-5
213000448,0,15,-15
213000449,393,6,387
213000450,0,0,0
213000451,10,0,10
213000452,0,0,0
213000453,0,0,0
213000455,20,3,17
213000456,0,4,-4
213000481,3,0,3
213000482,9,0,9
213000489,22,14,8
213000491,0,0,0
213000492,9,0,9
213000493,0,0,0
213000494,162,34,128
213000495,0,1,-1
213000496,373,54,319
213000497,0,7,-7
213000498,2,12,-10
213000499,11,16,-5
213000500,179,9,170
213000501,69,21,48
213000502,54,19,35
213000503,0,9,-9
213000504,0,1,-1
213000505,8,0,8
213000506,0,0,0
213000507,0,10,-10
213900244,31,0,31
213900245,0,0,0
218000003,0,0,0
218000004,0,0,0
218000005,10,18,-8
218000006,24,4,20
218000007,0,2,-2
218000012,21,41,-20
218000013,6,78,-72
218000014,33,58,-25
218000019,88,44,44
218000020,105,32,73
218000021,0,0,0
218000022,0,0,0
218000023,0,0,0
218000024,0,0,0
218000025,0,0,0
218000026,0,0,0
218000027,0,0,0
218000028,0,0,0
218000029,0,0,0
218000030,0,0,0
218000031,0,0,0
218000032,0,0,0
218000040,1,0,1
218000046,41,25,16
218000047,2,34,-32
218000048,25,24,1
218000049,18,36,-18
218000050,105,64,41
218000051,7,99,-92
218000052,1,33,-32
218000053,0,1,-1
218000054,19,17,2
218000055,0,3,-3
218000056,2,5,-3
218000057,0,3,-3
218000064,0,9,-9
218000065,68,12,56
218000066,8,33,-25
218000067,24,48,-24
218000068,16,6,10
218000069,73,5,68
218000070,50,13,37
218000071,65,20,45
218000072,20,36,-16
218000078,35,28,7
218000079,125,35,90
218000080,108,32,76
218000081,384,55,329
218000082,105,44,61
218000083,0,0,0
218000084,0,0,0
218000085,0,0,0
218000086,0,0,0
218000087,0,0,0
218000090,8,39,-31
218000091,438,183,255
218000092,98,25,73
218000093,35,14,21
218000094,0,0,0
218000099,109,162,-53
218000100,41,110,-69
218000101,79,38,41
218000102,145,22,123
218000103,15,19,-4
218000104,50,2,48
218000105,0,0,0
218000106,0,0,0
218000107,0,0,0
218000108,0,0,0
218000112,0,0,0
218000117,2,41,-39
218000134,17,56,-39
218000135,0,5,-5
218000136,4,0,4
218000137,15,3,12
218000138,0,0,0
218000139,67,2,65
218000140,289,156,133
218000141,25,3,22
218000142,65,19,46
218000143,39,92,-53
218000144,5,35,-30
218000145,183,54,129
218000146,27,71,-44
218000151,1,7,-6
218000152,73,25,48
218000153,1,4,-3
218000154,1,1,0
218000155,16,2,14
218000156,100,5,95
218000157,69,3,66
218000158,4,0,4
218000159,1,5,-4
218000160,1,1,0
218000161,20,0,20
218000162,89,4,85
218000163,31,0,31
218000164,98,1,97
218000165,133,13,120
218000170,1,38,-37
218000171,9,2,7
218000172,1,2,-1
218000173,2,1,1
218000174,10,0,10
218000176,203,16,187
218000177,246,47,199
218000178,130,36,94
218000179,216,3,213
218000180,32,0,32
218000181,187,5,182
218000187,0,0,0
218000188,0,0,0
218000189,0,0,0
218000190,0,0,0
218000191,0,0,0
218000192,0,0,0
218000193,0,0,0
218000194,0,0,0
218000195,106,47,59
218000196,280,55,225
218000197,397,47,350
218000198,70,45,25
218000199,20,4,16
218000200,20,11,9
218000201,1,0,1
218000202,0,0,0
218000207,0,0,0
218000208,0,0,0
218000211,0,1,-1
218000212,0,0,0
218000213,67,42,25
218000214,2,20,-18
218000215,9,10,-1
218000217,0,22,-22
218000218,92,127,-35
218000219,1,35,-34
218000220,19,148,-129
218000221,224,169,55
218000222,0,48,-48
218000223,17,219,-202
218000224,6,194,-188
218000225,156,33,123
218000226,134,9,125
218000230,0,0,0
218000232,1,1,0
218000239,32,0,32
218000240,0,0,0
218000241,2,0,2
218000242,4,0,4
218000243,3,0,3
218000244,20,0,20
218000245,0,0,0
218000246,0,3,-3
218000247,0,0,0
218000248,0,0,0
218000249,0,0,0
218000250,0,0,0
218000251,0,0,0
218000252,0,0,0
218000253,0,0,0
218000254,0,0,0
218000255,0,0,0
218000256,0,0,0
218000267,0,0,0
218000268,0,0,0
218000269,0,0,0
218000270,0,0,0
218000271,0,0,0
218000273,48,11,37
218000274,33,1,32
218000275,19,31,-12
218000276,5,20,-15
218000278,1,7,-6
218000279,34,2,32
218000280,0,2,-2
218000281,0,0,0
218000282,68,207,-139
218000284,29,5,24
218000301,0,0,0
218000302,17,2,15
218000303,0,0,0
218000316,661,320,341
218000317,1002,288,714
218000318,662,142,520
218000319,21,22,-1
218000320,0,0,0
218000338,17,0,17
218000345,0,0,0
218000346,8,68,-60
218000459,12,68,-56
218000490,0,0,0
218000501,57,25,32
218000502,0,0,0
218000503,37,2,35
218000504,92,8,84
218000505,0,0,0
218000506,0,0,0
218000508,0,0,0
218000510,57,29,28
218000520,104,74,30
218000521,0,6,-6
218000522,0,17,-17
218000523,33,0,33
218000524,0,60,-60
218000525,26,5,21
218000526,0,37,-37
218000529,1,7,-6
218000530,13,2,11
218000531,6,4,2
218000532,0,0,0
218000534,86,9,77
218000537,6,42,-36
218000538,28,75,-47
218000540,0,0,0
218000543,35,8,27
218000544,0,0,0
218000545,26,8,18
218000546,0,0,0
218000547,12,44,-32
218000548,0,0,0
218000549,327,30,297
218000550,1,115,-114
218000551,5,37,-32
218000552,164,25,139
218000553,0,0,0
218000554,0,0,0
218000555,33,32,1
218000556,0,0,0
218000557,146,52,94
218000558,13,0,13
218000559,0,11,-11
218000560,0,4,-4
218000561,0,0,0
218000562,0,18,-18
218000563,109,0,109
218000564,0,21,-21
218000565,34,1,33
218000566,49,0,49
218000567,0,39,-39
218000568,0,0,0
218000569,0,37,-37
218000570,9,1,8
218000571,0,6,-6
218000572,23,0,23
218000573,2,58,-56
218000574,0,12,-12
218000575,54,0,54
218000576,1,24,-23
218000577,10,0,10
218000578,0,18,-18
218000579,0,1,-1
218000581,0,0,0
218000582,32,1,31
218000583,1,0,1
218000584,0,0,0
218000585,28,0,28
218000586,27,2,25
218000587,0,0,0
218000588,0,0,0
218000589,0,0,0
218000590,0,0,0
218000591,0,0,0
218000592,0,0,0
218000593,0,0,0
218000594,0,0,0
218000597,0,1,-1
218000598,0,0,0
218000599,0,9,-9
218000600,0,0,0
218000601,0,2,-2
218000602,0,0,0
218000603,0,9,-9
218000604,0,0,0
218000605,0,12,-12
218000606,22,8,14
218000607,0,7,-7
218000608,21,1,20
218000609,0,0,0
218000610,43,9,34
218000611,19,0,19
218000612,2,2,0
218000613,37,2,35
218000614,1,1,0
218000615,24,0,24
218000616,2,6,-4
218000617,2,2,0
218000618,0,0,0
218000619,16,1,15
218000620,1,1,0
218000621,0,0,0
218000622,0,16,-16
218000623,15,0,15
218000624,0,13,-13
218000625,0,0,0
218000626,0,9,-9
218000628,78,31,47
218000631,30,4,26
218000632,0,18,-18
218000633,7,0,7
218000634,0,0,0
218000635,0,7,-7
218000636,38,21,17
218000637,385,60,325
218000638,324,12,312
218000639,10,26,-16
218000640,257,7,250
218000641,16,47,-31
218000652,7,17,-10
218000653,130,10,120
218000663,0,4,-4
218000675,0,14,-14
218000676,0,0,0
218000677,1,0,1
218000680,8,22,-14
218000681,259,20,239
218000691,19,7,12
218000693,190,9,181
218000703,0,0,0
218000718,1,21,-20
218000719,9,37,-28
218000720,0,23,-23
218000721,24,2,22
218000725,0,0,0
218001147,0,0,0
218001214,0,0,0
218001258,152,1,151
218001329,32,54,-22
218001330,0,3,-3
218001351,3,14,-11
218001352,1,1,0
218001353,0,2,-2
218001354,0,0,0
218001355,0,0,0
218001356,243,28,215
218001357,0,0,0
218001358,300,0,300
218001361,658,23,635
218001362,0,0,0
219000001,0,0,0
219000002,0,0,0
219000003,25,16,9
219000004,23,47,-24
219000017,7,70,-63
219000020,105,19,86
219000022,96,1,95
219000023,59,1,58
219000029,0,0,0
219000034,58,51,7
219000039,0,0,0
219000040,6,33,-27
219000041,144,46,98
219000051,0,0,0
219000052,0,0,0
219000053,0,0,0
219000054,0,0,0
219000055,189,0,189
219000056,0,0,0
219000057,26,0,26
219000062,0,0,0
219000063,50,0,50
219000064,0,0,0
219000110,221,93,128
219000111,48,59,-11
219000112,124,24,100
219000113,93,28,65
219000114,101,11,90
219000116,46,14,32
219000117,149,14,135
219000118,14,29,-15
219000123,109,0,109
219000124,8,0,8
219000125,0,0,0
219000126,0,0,0
219000127,0,0,0
219000128,0,0,0
219000129,0,0,0
219000130,0,0,0
219000131,570,986,-416
219000133,17,63,-46
219000134,7,31,-24
219000135,18,15,3
219000136,37,75,-38
219000138,55,0,55
219000139,9,0,9
219000140,63,1,62
219000141,9,0,9
219000142,16,0,16
219000143,0,0,0
219000145,20,2,18
219000146,0,0,0
219000147,0,0,0
219000148,0,0,0
219000149,0,0,0
219000150,0,0,0
219000151,0,0,0
219000157,180,58,122
219000158,57,18,39
219000161,29,2,27
219000163,175,258,-83
219000166,42,24,18
219000167,15,13,2
219000168,122,64,58
219000174,232,55,177
219000175,58,3,55
219000176,59,4,55
219000177,35,8,27
219000178,110,14,96
219000179,31,38,-7
219000180,8,4,4
219000182,66,2,64
219000183,47,3,44
219000184,8,1,7
219000185,0,0,0
219000186,82,3,79
219000187,19,0,19
219000189,0,0,0
219000190,0,0,0
219000191,0,0,0
219000192,172,184,-12
219000193,0,0,0
219000195,0,0,0
219000196,0,0,0
219000198,0,0,0
219000199,0,0,0
219000200,0,0,0
219000201,0,0,0
219000203,0,0,0
219000204,0,0,0
219000205,0,0,0
219000207,0,0,0
219000209,0,0,0
219000210,0,0,0
219000213,0,0,0
219000239,0,0,0
219000240,0,0,0
219000241,0,0,0
219000242,0,0,0
219000243,0,0,0
219000244,0,0,0
219000245,0,0,0
219000246,4,3,1
219000247,161,56,105
219000248,239,191,48
219000249,51,50,1
219000250,80,56,24
219000251,198,76,122
219000252,272,105,167
219000253,87,34,53
219000255,63,72,-9
219000256,167,56,111
219000257,157,1,156
219000262,0,0,0
219000263,0,0,0
219000267,0,0,0
219000268,0,0,0
219000269,2,0,2
219000270,43,0,43
219000271,136,0,136
219000278,0,0,0
219000279,0,0,0
219000283,0,0,0
219000295,0,0,0
219000296,0,0,0
219000297,0,0,0
219000298,0,0,0
219000299,242,5,237
219000300,0,0,0
219000301,0,0,0
219000302,0,0,0
219000307,0,0,0
219000308,12,16,-4
219000311,103,11,92
219000312,287,45,242
219000313,295,17,278
219000314,0,0,0
219000315,269,1,268
219000316,302,33,269
219000317,24,4,20
219000320,0,0,0
219000321,0,0,0
219000323,0,0,0
219000325,0,0,0
219000326,0,0,0
219000327,0,0,0
219000328,0,0,0
219000329,72,110,-38
219000330,1,29,-28
219000331,14,19,-5
219000332,63,84,-21
219000333,26,0,26
219000335,19,0,19
219000337,4,3,1
219000338,31,0,31
219000344,0,0,0
219000345,0,0,0
219000346,0,0,0
219000348,0,0,0
219000349,0,0,0
219000350,0,0,0
219000351,0,0,0
219000352,34,85,-51
219000353,118,87,31
219000354,132,63,69
219000355,65,40,25
219000356,261,709,-448
219000363,51,21,30
219000364,153,7,146
219000365,106,22,84
219000366,87,240,-153
219000368,93,500,-407
219000370,224,466,-242
219000371,0,0,0
219000382,2,2,0
219000383,0,0,0
219000385,0,0,0
219000386,0,0,0
219000387,0,0,0
219000390,0,0,0
219000391,3,10,-7
219000397,0,0,0
219000398,29,2,27
219000401,0,0,0
219000402,0,0,0
219000403,0,0,0
219000404,0,0,0
219000407,0,0,0
219000409,51,34,17
219000410,42,18,24
219000411,43,4,39
219000446,0,0,0
219000447,0,0,0
219000448,2,7,-5
219000452,33,25,8
219000453,0,0,0
219000454,102,261,-159
219000556,191,18,173
219000558,0,0,0
219000590,0,0,0
219000591,65,25,40
219000592,0,0,0
219000595,0,0,0
219000635,152,15,137
219000636,0,0,0
219000657,2,3,-1
219000658,0,0,0
219000673,0,0,0
219000676,3,0,3
219000679,2,0,2
219000684,80,0,80
219000685,0,0,0
219000686,0,0,0
219000688,0,0,0
219000689,0,0,0
219000690,117,4,113
219000691,30,0,30
219000692,38,0,38
219000693,0,0,0
219000694,0,0,0
219000695,46,2,44
219000698,3,0,3
219000699,0,0,0
219000727,0,0,0
219000728,47,0,47
219000770,4,0,4
219000771,0,0,0
219000788,0,0,0
219001150,1,12,-11
219001151,0,0,0
219001166,4,8,-4
219001167,0,0,0
219001178,68,0,68
220000001,1,10,-9
220000002,1,40,-39
220000003,0,0,0
220000004,0,0,0
220000005,0,0,0
220000006,0,0,0
220000007,0,0,0
220000008,0,0,0
220000009,18,73,-55
220000010,4,10,-6
220000011,13,287,-274
220000012,2,44,-42
220000014,0,0,0
220000015,20,247,-227
220000017,52,44,8
220000018,745,184,561
220000019,265,424,-159
220000020,84,55,29
220000021,187,52,135
220000022,352,81,271
220000023,51,63,-12
220000024,221,232,-11
220000025,267,872,-605
220000026,71,571,-500
220000027,15,56,-41
220000028,49,57,-8
220000029,0,0,0
220000030,0,0,0
220000031,74,165,-91
220000064,0,0,0
221000046,5,0,5
221000047,0,0,0
221000048,0,0,0
221000049,0,0,0
221000050,7,0,7
221000055,17,0,17
221000057,86,1,85
221000068,131,142,-11
221000069,119,97,22
221000070,182,24,158
221000071,106,0,106
221000072,207,4,203
221000073,116,17,99
221000074,0,0,0
221000075,0,0,0
221000076,0,0,0
221000077,0,0,0
221000081,4,0,4
221000082,59,0,59
221000083,2,2,0
221000084,6,0,6
221000085,0,0,0
221000086,0,0,0
221000087,0,0,0
221000088,0,0,0
221000089,0,0,0
221000090,0,0,0
221000098,51,15,36
221000099,147,4,143
221000100,124,4,120
221000101,132,4,128
221000102,147,17,130
221000109,0,0,0
221000110,0,0,0
221000111,0,0,0
221000112,0,0,0
221000113,0,0,0
221000114,0,0,0
221000120,22,4,18
221000121,0,22,-22
221000122,18,9,9
221000123,1,29,-28
221000124,24,29,-5
221000155,81,10,71
221000156,13,11,2
221000175,3,8,-5
221000176,0,15,-15
221000182,3,1,2
221000241,404,201,203
221000242,0,0,0
221000243,345,75,270
221000244,0,0,0
221000245,71,33,38
221000246,0,0,0
221000247,194,24,170
221000248,0,0,0
221000267,4,99,-95
221000325,53,21,32
221000331,8,3,5
221000338,1,35,-34
221000378,228,9,219
221000381,33,6,27
222000282,2,3,-1
222000296,0,6,-6
222000568,339,17,322
222000569,76,68,8
222000570,98,17,81
222000571,428,4,424
222000577,0,5,-5
222000578,0,41,-41
222000579,0,37,-37
222000580,6,185,-179
222000599,0,14,-14
222000600,0,35,-35
222000601,1,111,-110
222000603,7,2,5
222000604,2,6,-4
222000605,0,27,-27
222000606,0,1,-1
222000607,0,21,-21
222000608,0,0,0
222000609,19,8,11
222000616,198,2,196
222000617,2,1,1
222000618,1,9,-8
222000620,0,0,0
222000621,7,4,3
222000623,183,2,181
222000624,227,1,226
222000625,316,1,315
222000636,61,0,61
222000686,0,0,0
222000687,5,2,3
222001066,118,0,118
222001067,45,0,45
222001068,79,6,73
222001069,35,44,-9
222001082,1,7,-6
222001083,4,18,-14
222001084,0,5,-5
222001085,0,33,-33
222001111,43,31,12
222001112,87,5,82
222001313,4,5,-1
222001314,0,38,-38
222001464,104,12,92
222001465,19,9,10
222001484,68,30,38
222001485,1,1,0
222001494,505,32,473
222001495,10,13,-3
222001496,332,9,323
222001497,22,59,-37
222001502,0,0,0
222001503,31,7,24
222001504,0,0,0
222001505,189,13,176
222001506,0,0,0
222001507,37,6,31
222001510,445,5,440
222001511,0,0,0
222001514,206,41,165
222001515,0,0,0
222001518,261,29,232
222001519,0,0,0
222001527,58,11,47
222001528,0,0,0
222001529,208,9,199
222001530,0,0,0
222001533,0,0,0
222001534,267,5,262
222001535,82,13,69
222001536,6,38,-32
222001537,131,5,126
222001538,0,0,0
222001563,595,5,590
222001564,0,0,0
222001568,71,8,63
222001576,0,4,-4
222001579,0,1,-1
222001583,0,21,-21
222001584,21,1,20
222001596,55,68,-13
222001597,465,86,379
222001626,0,13,-13
222001650,1,19,-18
222001651,66,57,9
222001914,72,36,36
222001915,0,0,0
222001968,210,24,186
222001969,42,54,-12
222001970,15,16,-1
222001971,63,5,58
222001972,1,17,-16
225000001,237,55,182
225000002,391,51,340
225000003,440,32,408
225000004,281,22,259
225000005,17,25,-8
225000006,0,0,0
225000007,0,0,0
225000010,64,4,60
225000011,68,776,-708
225000012,143,544,-401
225000013,95,54,41
225000014,409,39,370
225000015,2,2,0
225000021,163,24,139
225000027,0,0,0
225000032,225,64,161
225000042,0,0,0
225000049,0,0,0
225000050,25,3,22
225000053,0,0,0
225000058,282,86,196
225000067,0,0,0
225000068,0,0,0
225000069,0,0,0
225000070,0,0,0
225000071,0,0,0
225000075,0,0,0
225000076,0,0,0
225000078,4,10,-6
225000085,56,17,39
225000086,147,3,144
225000087,36,3,33
225000088,0,0,0
225000089,0,0,0
225000090,0,0,0
225000091,0,0,0
225000092,0,0,0
225000093,0,0,0
225000094,0,0,0
225000095,0,0,0
225000096,0,0,0
225000098,208,98,110
225000099,425,92,333
225000100,415,67,348
225000104,0,2,-2
225000110,0,0,0
225000111,1,1,0
225000112,1,4,-3
225000113,0,1,-1
225000114,1,6,-5
225000115,17,15,2
225000116,195,65,130
225000117,354,214,140
225000118,732,140,592
225000119,51,7,44
225000120,304,13,291
225000121,55,26,29
225000123,663,4,659
225000125,187,51,136
225000126,539,125,414
225000127,499,903,-404
225000128,209,703,-494
225000132,335,24,311
225000133,125,1,124
225000134,296,90,206
225000135,45,2,43
225000136,173,1,172
225000137,197,23,174
225000138,429,29,400
225000143,0,0,0
225000144,0,0,0
225000145,25,27,-2
225000146,0,0,0
225000147,0,0,0
225000148,0,0,0
225000149,0,0,0
225000151,0,0,0
225000155,0,0,0
225000156,0,12,-12
225000157,0,3,-3
225000158,0,0,0
225000171,0,0,0
225000180,13,0,13
225000181,0,0,0
225000182,14,7,7
225000185,0,1,-1
225000187,0,0,0
225000191,3,0,3
225000194,0,0,0
225000208,0,0,0
225000209,85,0,85
225000210,0,0,0
225000217,0,0,0
225000218,9,0,9
225000223,0,0,0
225000224,14,0,14
225000225,0,0,0
225000226,73,1,72
225000227,0,0,0
225000228,1,14,-13
225000229,0,0,0
225000230,0,0,0
225000231,0,0,0
225000232,43,0,43
225000241,66,0,66
225000242,0,0,0
225000249,19,0,19
225000250,0,0,0
225000251,360,26,334
225000256,0,0,0
225000257,0,0,0
226000042,0,0,0
226000043,0,0,0
226000044,0,0,0
226000045,0,0,0
226000046,395,12,383
226000047,216,28,188
226000048,256,19,237
226000049,129,66,63
226000070,0,0,0
226000071,0,0,0
226000072,0,0,0
226000073,0,0,0
226000074,0,0,0
226000084,0,0,0
226000085,0,0,0
226000086,0,0,0
226000087,0,0,0
226000088,0,0,0
226000090,9,5,4
226000091,0,12,-12
226000092,0,9,-9
226000093,0,0,0
226000094,4,0,4
226000095,10,18,-8
226000105,5,1,4
226000106,4,1,3
226000107,8,0,8
226000108,5,0,5
226000109,25,0,25
226000124,66,56,10
226000134,222,258,-36
226000135,698,259,439
226000136,190,148,42
226000137,0,0,0
226000138,0,0,0
226000139,0,0,0
226000156,113,0,113
226000157,86,2,84
226000163,0,0,0
226000202,0,0,0
226000231,149,3,146
226000232,2,0,2
227000033,325,29,296
227000036,463,8,455
227000037,344,10,334
227000038,55,18,37
227000084,0,0,0
227000085,0,0,0
227000088,10,0,10
227000089,9,0,9
227000090,34,2,32
227000091,6,0,6
227000092,3,0,3
227000093,28,0,28
227000094,2,0,2
227000130,0,0,0
227000131,0,0,0
227000132,0,0,0
227000133,0,0,0
227000134,0,0,0
227000152,0,0,0
227000153,0,0,0
227000154,0,0,0
227000155,0,0,0
227000156,0,0,0
227000165,0,0,0
227000196,264,0,264
227000199,273,24,249
227000230,0,0,0
227000232,218,35,183
227000242,0,0,0
227000243,270,18,252
227000245,0,0,0
227000246,0,0,0
227000247,364,20,344
227000248,55,30,25
227000249,0,0,0
227000250,166,146,20
227000251,0,0,0
227000252,0,0,0
227000253,279,23,256
227000262,569,8,561
227000266,607,8,599
227000267,0,0,0
227000282,0,0,0
227000284,219,23,196
227000286,0,0,0
227000287,0,0,0
227000291,0,0,0
227000484,205,4,201
227000485,0,0,0
227000655,137,0,137
227000656,324,7,317
227000657,16,3,13
227000661,136,45,91
227000680,31,75,-44
229000265,4,1,3
229000296,0,8,-8
229000297,0,17,-17
229000298,8,53,-45
229000320,2,3,-1
229000321,0,0,0
229000412,0,4,-4
229000414,0,3,-3
229000415,0,0,0
229000416,0,0,0
229000417,0,0,0
229000419,26,35,-9
229000440,102,2,100
229000442,4,0,4
229000443,1,0,1
229000444,0,9,-9
229000445,10,0,10
229000446,8,2,6
229000491,0,0,0
229000492,0,0,0
229000493,0,0,0
229000494,23,2,21
229000495,88,1,87
229000496,117,2,115
229000507,0,0,0
229000508,0,0,0
229000509,0,0,0
229000510,0,0,0
229000511,0,0,0
229000512,0,0,0
229000513,0,0,0
229000514,0,0,0
229000517,0,0,0
229000518,0,0,0
229000519,0,0,0
229000520,0,0,0
229000521,38,5,33
229000522,1,1,0
229000523,2,0,2
229000524,6,1,5
229000527,1,1,0
229000528,0,1,-1
229000529,23,0,23
229000530,61,1,60
229000531,23,26,-3
229000532,15,0,15
229000533,51,3,48
229000534,8,5,3
229000564,63,0,63
229000565,26,0,26
229000566,0,0,0
229000567,0,0,0
229000582,26,2,24
229000583,1,1,0
229000584,0,0,0
229000585,0,0,0
229000718,0,0,0
229000719,0,0,0
229000720,0,0,0
229000721,0,0,0
229000722,0,0,0
229000723,0,0,0
229000724,0,0,0
229000725,0,0,0
229000738,0,0,0
229000739,0,0,0
229000740,0,0,0
229000741,18,0,18
229000742,3,0,3
229000743,14,0,14
229000744,0,0,0
229000745,0,0,0
229000746,2,0,2
229000847,47,0,47
229000848,59,0,59
229000849,74,0,74
229000851,103,0,103
229000854,0,0,0
229000856,0,0,0
229000857,0,0,0
229000858,0,0,0
229000919,0,0,0
229000930,0,0,0
229000937,105,2,103
229000966,26,2,24
229000981,0,0,0
229000985,0,1,-1
229000986,0,0,0
229000987,0,0,0
229000988,1,1,0
229000989,0,0,0
229000990,0,0,0
229000991,0,0,0
229000992,5,0,5
229000993,46,13,33
229000998,0,2,-2
229000999,12,8,4
229001034,0,6,-6
229001035,0,2,-2
229001037,3,1,2
229001042,0,4,-4
229001047,0,19,-19
229001050,17,1,16
229001168,0,0,0
229001200,24,0,24
229001338,0,0,0
229001394,66,0,66
229001422,147,6,141
229001423,0,0,0
229001431,19,23,-4
229001432,0,0,0
229001444,28,2,26
229001445,21,7,14
229001479,17,0,17
229001503,107,19,88
229001504,0,0,0
229001505,62,3,59
229001506,0,0,0
229001509,6,1,5
229001545,10,1,9
229001546,0,0,0
229001553,43,2,41
229001554,0,0,0
229001559,6,2,4
229001560,0,0,0
229001630,41,1,40
229001631,0,7,-7
229001635,0,1,-1
229001636,0,0,0
229001658,0,0,0
229001659,21,3,18
229001660,0,0,0
229001661,0,4,-4
229001662,15,0,15
229001663,0,0,0
229002584,34,9,25
229002831,26,45,-19
229002841,0,0,0
229002842,2,2,0
229002843,6,0,6
229002844,0,3,-3
229002845,0,9,-9
229002846,0,0,0
229002847,0,0,0
229002848,11,2,9
229002849,0,8,-8
229002850,0,0,0
229002851,1,14,-13
229002852,36,0,36
229002853,17,0,17
229002854,0,4,-4
229002855,0,0,0
229002856,0,3,-3
229002857,0,1,-1
229002858,8,0,8
229002859,1,0,1
229002860,2,0,2
229002861,16,3,13
229002862,0,1,-1
229002863,0,3,-3
229002864,15,26,-11
229002865,0,1,-1
229002866,40,3,37
229002867,0,0,0
229002868,8,0,8
229002869,0,3,-3
229002870,4,0,4
235000066,53,5,48
235000067,38,31,7
235000072,0,0,0
235000073,0,0,0
235000074,0,0,0
235000080,0,0,0
235000081,0,0,0
235000082,53,2,51
235000083,72,9,63
235000084,7,6,1
235000085,153,10,143
235000089,2,1,1
235000092,0,0,0
235000093,0,0,0
235000097,0,0,0
235000098,25,2,23
235000099,4,2,2
235000116,4,11,-7
235000117,90,2,88
235000133,0,0,0
235000134,0,0,0
235000206,2,6,-4
235000207,0,0,0
235000208,0,6,-6
235000209,2,1,1
235000210,4,1,3
235000212,0,0,0
235000213,0,0,0
235000220,0,0,0
235000221,0,0,0
235000238,1,198,-197
235000239,0,22,-22
235000242,137,587,-450
235000245,0,0,0
235000246,0,0,0
235000284,0,0,0
235000295,11,0,11
235000305,132,0,132
235000306,112,0,112
235000307,1,0,1
235000308,9,0,9
235000309,33,0,33
235000310,27,0,27
235000311,8,0,8
235000322,0,0,0
235000323,0,0,0
235000324,0,0,0
235000325,0,0,0
235000326,0,0,0
235000351,0,0,0
235000352,0,0,0
235000353,0,0,0
235000354,0,0,0
235000355,0,0,0
235000356,27,0,27
235000357,23,0,23
235000358,9,0,9
235000359,0,1,-1
235000360,4,0,4
235000361,61,1,60
235000381,0,0,0
235000382,71,3,68
235000390,0,0,0
235000391,110,1,109
235000392,140,20,120
235000393,123,40,83
235000395,49,3,46
235000396,281,9,272
235000400,12,2,10
235000401,0,0,0
235000405,0,0,0
235000406,0,0,0
235000407,0,0,0
235000409,0,0,0
235000410,0,0,0
235000411,0,0,0
235000485,0,0,0
235000486,0,0,0
235000549,62,27,35
235000550,0,0,0
235000599,0,0,0
235000600,0,0,0
235000601,2,0,2
235000602,38,7,31
235000614,0,0,0
235000648,0,0,0
235000649,20,0,20
235000685,0,0,0
235000815,0,0,0
235000834,0,0,0
235000855,14,7,7
235000862,0,0,0
235000891,0,0,0
235000892,7,1,6
235000901,0,0,0
235000907,0,0,0
235001010,19,13,6
235001029,0,0,0
235001030,223,19,204
235001078,57,35,22
235001079,0,0,0
235001147,0,2,-2
235001166,13,5,8
235001167,0,0,0
235001169,0,0,0
235001188,0,0,0
235001189,0,0,0
235001197,0,0,0
235001200,0,0,0
235001207,102,3,99
235001210,0,0,0
235001215,0,0,0
235001239,0,0,0
235001244,0,1,-1
235016267,0,0,0
277101746,0,0,0
277102712,2,0,2
277103813,0,0,0
277103898,0,0,0
277104249,0,0,0
277104250,0,10,-10
277104251,0,0,0
277104252,0,5,-5
990011530,0,0,0
990014944,0,16,-16
990015176,46,11,35
990015618,0,2,-2
990016032,0,0,0
990032570,0,11,-11
990070001,30,4,26
990070103,0,0,0
990070601,0,19,-19
990070751,694,1,693
990070766,0,0,0
990071180,544,0,544
990071343,5,0,5
990071387,0,0,0
990071823,81,1,80
990072600,0,20,-20
990072964,0,4,-4
990073285,0,0,0
990074393,0,116,-116
990074870,754,18,736
990075106,186,2,184
990075746,386,15,371
990076437,1299,2,1297
990076458,0,0,0
997000007,70,0,70
997000041,0,34,-34
997000058,52,2,50
997000062,93,0,93
997000069,0,0,0
997000070,0,0,0
997000100,56,1,55
997000141,0,0,0
997000198,0,0,0
998000475,0,0,0
998000736,0,10,-10
998000965,0,13,-13
998001031,0,8,-8
998001700,0,0,0
998001899,0,0,0
998001900,22,63,-41
998003073,421,23,398
998101900,0,3,-3
998102850,0,0,0
998501927,182,4,178
998501929,89,12,77
998501930,29,0,29
998501931,36,0,36
998501932,1,0,1
998501933,137,20,117
998501937,9,0,9
998501944,1,0,1
998501950,1,0,1
998501970,34,14,20
998501971,0,35,-35
998501973,0,1,-1
998501974,2,28,-26
998501975,112,4,108
998501976,43,1,42
998501977,0,4,-4
998501978,6,0,6
998501979,0,0,0
998501980,29,1,28
998501981,108,5,103
998501982,0,0,0
998501983,0,0,0
998502006,0,0,0
998502024,0,19,-19
998502032,0,1,-1
998502062,6,4,2
998502063,0,0,0
998502173,28,1,27
998502269,0,0,0
998502546,1,37,-36
998502578,0,0,0
998502599,0,0,0
998601159,0,2,-2
998601292,0,0,0
999033574,0,1,-1
999800001,26,10,16
999800002,0,0,0
999800003,2,3,-1
999800004,0,7,-7
999800005,0,0,0
