ID,insum,outsum,diff
100000001,357,247,110
100000002,1027,344,683
100000003,3505,1081,2424
100000004,871,400,471
100000005,971,1281,-310
100000006,260,49,211
100000007,867,240,627
100000008,85,367,-282
100000009,152,83,69
100000010,15,22,-7
100000011,246,32,214
100000012,35,447,-412
100000013,20,105,-85
100000014,165,233,-68
100000015,884,643,241
100000016,622,894,-272
100000017,389,744,-355
100000018,938,389,549
100000019,3541,908,2633
100000020,938,1731,-793
100000021,4319,1213,3106
100000022,1041,459,582
100000023,4070,362,3708
100000025,1484,240,1244
100000028,1331,400,931
100000029,255,114,141
100000030,387,19,368
100000031,2320,2404,-84
100000032,1870,1542,328
100000033,543,1111,-568
100000034,429,162,267
100000035,1157,347,810
100000036,1784,571,1213
100000037,231,283,-52
100000038,583,551,32
100000039,387,93,294
100000040,114,66,48
100000041,352,190,162
100000042,259,159,100
100000043,320,155,165
100000044,253,524,-271
100000045,327,988,-661
100000046,544,915,-371
100000047,228,565,-337
100000048,290,373,-83
100000049,1184,1852,-668
100000051,247,740,-493
100000053,20,3,17
100000054,86,18,68
100000055,306,169,137
100000056,153,366,-213
100000057,1001,529,472
100000058,582,899,-317
100000059,5,72,-67
100000060,156,185,-29
100000061,866,251,615
100000062,878,282,596
100000063,219,133,86
100000064,485,202,283
100000065,234,676,-442
100000066,154,624,-470
100000067,237,551,-314
100000068,322,1142,-820
100000069,161,1397,-1236
100000072,236,645,-409
100000073,772,955,-183
100000075,319,236,83
100000076,1440,983,457
100000077,440,105,335
100000078,30,11,19
100000079,26,17,9
100000080,8,7,1
100000081,18,18,0
100000102,1832,757,1075
100000103,2365,344,2021
100000104,2978,668,2310
100000105,2569,307,2262
100000106,1470,814,656
100000107,322,198,124
100000108,607,582,25
100000109,2412,661,1751
100000116,976,232,744
100000117,20,14,6
100000118,734,423,311
100000119,438,380,58
100000121,103,504,-401
100000122,662,482,180
100000123,2502,2370,132
100000124,4325,2759,1566
100000125,1469,316,1153
100000126,490,139,351
100000127,1237,218,1019
100000128,522,410,112
100000129,225,202,23
100000130,159,509,-350
100000131,2320,1485,835
100000132,957,702,255
100000133,5738,1540,4198
100000135,239,350,-111
100000139,121,300,-179
100000140,55,91,-36
100000142,208,343,-135
100000143,1173,682,491
100000144,3114,785,2329
100000147,661,1215,-554
100000150,15,292,-277
100000151,318,322,-4
100000153,208,132,76
100000154,59,37,22
100000155,1,6,-5
100000156,8,30,-22
100000157,20,264,-244
100000158,32,95,-63
100000159,394,223,171
100000165,792,425,367
100000169,437,238,199
100000174,1084,290,794
100000179,34,464,-430
100000180,722,662,60
100000181,119,179,-60
100000188,71,190,-119
100000189,411,247,164
100000190,327,179,148
100000191,330,261,69
100000192,50,52,-2
100000193,76,74,2
100000330,1245,303,942
100000355,154,361,-207
100000362,3522,2564,958
100000363,1502,2025,-523
100000364,259,95,164
100000365,2178,4569,-2391
100000366,2721,1459,1262
100000367,1587,2593,-1006
100000368,1526,1260,266
100000369,505,621,-116
100000370,36,165,-129
100000376,96,52,44
100000379,1830,636,1194
100000380,2444,922,1522
100000384,3604,1413,2191
100000385,4282,1560,2722
100000386,6137,1657,4480
100000387,5343,2018,3325
100000388,6507,1579,4928
100000389,5936,1659,4277
100000390,6730,1177,5553
100000391,4145,1536,2609
100000392,2553,599,1954
100000393,832,583,249
100000394,4437,1344,3093
100000395,2004,652,1352
100000396,3567,803,2764
100000397,1881,837,1044
100000398,7774,5482,2292
100000413,11,0,11
100000414,200,101,99
100900002,0,30,-30
100900003,208,51,157
100900004,14,561,-547
100900005,41,1,40
100900006,1,130,-129
100900007,316,0,316
100900008,2,342,-340
100900009,7,23,-16
100900010,16,68,-52
100900011,15,255,-240
100900012,1,187,-186
100900013,209,3,206
100900014,0,5,-5
100900015,95,56,39
100900016,1,28,-27
100900017,260,29,231
100900018,0,15,-15
100900019,6,19,-13
100900020,108,1,107
100900021,124,1,123
100900022,4,4,0
100900023,0,11,-11
100900024,573,0,573
100900025,8,2,6
100900026,17,100,-83
100900027,247,967,-720
100900028,46,84,-38
100900029,65,7,58
100900030,0,6,-6
100900031,199,30,169
100900032,58,0,58
100900033,85,44,41
100900034,131,0,131
100900035,387,1,386
100900036,5,0,5
100900037,23,183,-160
100900038,68,5,63
100900039,105,468,-363
100900040,71,679,-608
100900041,94,794,-700
100900042,278,140,138
100900043,0,3,-3
100900044,2001,165,1836
100900045,49,0,49
100900046,448,4,444
100900047,464,44,420
100900048,61,4,57
100900049,18,193,-175
100900050,0,14,-14
100900051,29,29,0
100900052,45,9,36
100900053,105,7,98
100900054,3,58,-55
100900055,55,136,-81
100900056,50,149,-99
100900057,242,394,-152
100900058,95,16,79
100900059,26,0,26
100900060,32,2,30
100900061,255,140,115
100900062,0,35,-35
100900063,52,171,-119
100900064,298,4,294
100900065,21,25,-4
100900066,19,37,-18
100900067,3,2,1
100900068,14,115,-101
100900069,286,0,286
100900070,56,1,55
100900071,418,130,288
100900072,0,66,-66
100900073,28,437,-409
100900074,2,2,0
100900075,1859,128,1731
100900076,22,22,0
100900077,3,125,-122
100900078,40,79,-39
100900079,3,32,-29
100900080,1,107,-106
100900081,8,52,-44
100900082,35,710,-675
100900083,1,14,-13
100900085,0,26,-26
100900086,83,230,-147
100900088,6,572,-566
100900089,8,23,-15
100900090,52,131,-79
100900091,1,10,-9
100900092,35,69,-34
100900093,38,94,-56
100900094,19,502,-483
100900095,4,19,-15
100900096,8,40,-32
100900097,1,1,0
100900098,4,30,-26
100900099,16,308,-292
100900100,5,144,-139
100900101,270,10,260
100900102,1,2,-1
100900103,0,4,-4
100900104,19,118,-99
100900105,5,34,-29
100900106,38,1,37
100900107,1001,188,813
100900108,1,1,0
100900109,0,14,-14
100900110,0,11,-11
100900111,55,56,-1
100900112,0,6,-6
100900113,1,26,-25
100900114,3,9,-6
100900115,0,9,-9
100900116,427,249,178
100900117,103,201,-98
100900118,4,69,-65
100900119,2,14,-12
100900120,0,34,-34
100900121,113,161,-48
100900122,72,73,-1
100900123,55,53,2
100900124,1,7,-6
100900125,9,45,-36
100900126,59,89,-30
100900127,1,5,-4
100900128,49,61,-12
100900129,1,46,-45
100900131,23,79,-56
100900133,14,22,-8
100900134,0,3,-3
100900135,0,65,-65
100900137,159,111,48
100900138,211,100,111
100900139,1,3,-2
100900140,1,535,-534
100900141,0,148,-148
100900142,1,1,0
100900143,508,137,371
100900144,7,1,6
100900145,11,67,-56
100900146,2,4,-2
100900147,8,112,-104
100900148,24,812,-788
100900149,51,58,-7
100900150,4,7,-3
100900151,78,395,-317
100900152,62,1,61
100900153,0,89,-89
100900154,3,12,-9
100900155,4,1,3
100900156,8,0,8
100900157,4,62,-58
100900159,2,4,-2
100900160,4,2,2
100900161,71,0,71
100900162,7,123,-116
100900163,61,107,-46
100900164,12,11,1
100900165,11,15,-4
100900166,19,1,18
100900167,9,47,-38
100900168,2,75,-73
100900169,123,820,-697
100900170,12,1,11
100900171,3,612,-609
100900172,0,2,-2
100900173,2,434,-432
100900174,165,59,106
100900176,641,24,617
100900177,629,85,544
100900178,262,82,180
100900179,27,23,4
100900180,2,2,0
100900181,44,9,35
100900182,10,1,9
100900184,1,85,-84
100900186,717,369,348
100900187,7,114,-107
100900188,25,5,20
100900189,409,81,328
100900191,728,431,297
100900192,133,122,11
100900195,80,63,17
100900197,5,49,-44
100900198,10,130,-120
100900199,3,7,-4
100900200,400,266,134
100900201,15,568,-553
100900202,0,0,0
100900203,0,37,-37
100900204,108,57,51
100900205,50,144,-94
100900206,24,12,12
100900207,84,34,50
100900210,30,504,-474
100900211,156,25,131
100900213,13,10,3
100900214,541,56,485
100900215,6,17,-11
100900217,56,13,43
101000001,2867,1781,1086
101000002,2521,1889,632
101000003,434,910,-476
101000004,6089,4776,1313
101000005,2867,2743,124
101000006,4941,3776,1165
101000007,1326,1618,-292
101000009,773,1710,-937
101000010,505,1059,-554
101000011,1436,348,1088
101000012,1663,259,1404
101000013,299,431,-132
101000014,330,370,-40
101000015,560,541,19
101000016,269,162,107
101000017,332,295,37
101000018,3125,1554,1571
101000020,3103,791,2312
101000021,830,148,682
101000022,8,4,4
101000023,1268,552,716
101000025,98,210,-112
101000026,318,13,305
101000027,923,924,-1
101000028,546,81,465
101000029,6,259,-253
101000030,499,31,468
101000031,408,58,350
101000032,4430,1221,3209
101000033,1734,800,934
101000034,1890,541,1349
101000035,680,107,573
101000036,1187,293,894
101000037,3648,608,3040
101000039,2147,478,1669
101000040,3384,1750,1634
101000041,10857,1666,9191
101000042,558,261,297
101000043,7707,1120,6587
101000045,1421,175,1246
101000046,1361,436,925
101000047,612,557,55
101000048,388,536,-148
101000049,430,449,-19
101000050,1287,317,970
101000051,1760,672,1088
101000052,1283,284,999
101000053,749,805,-56
101000054,955,707,248
101000055,1178,563,615
101000056,46,52,-6
101000057,2176,269,1907
101000058,1493,442,1051
101000059,2309,891,1418
101000060,1419,146,1273
101000061,698,449,249
101000062,952,178,774
101000063,334,193,141
101000064,1186,205,981
101000065,194,198,-4
101000066,201,124,77
101000067,586,223,363
101000068,262,75,187
101000069,310,14,296
101000070,1278,485,793
101000071,1231,481,750
101000072,594,2152,-1558
101000073,350,180,170
101000074,2902,1266,1636
101000075,5150,2491,2659
101000077,664,882,-218
101000078,575,1021,-446
101000079,281,614,-333
101000080,383,411,-28
101000081,887,758,129
101000082,2754,1749,1005
101000083,1151,1050,101
101000084,1072,984,88
101000085,1237,668,569
101000086,1037,778,259
101000087,714,933,-219
101000088,565,543,22
101000089,587,884,-297
101000090,1568,1142,426
101000091,259,1713,-1454
101000092,484,699,-215
101000093,878,490,388
101000094,381,734,-353
101000095,193,507,-314
101000096,143,524,-381
101000097,227,217,10
101000098,298,344,-46
101000099,788,771,17
101000100,643,336,307
101000101,221,218,3
101000102,587,184,403
101000103,595,269,326
101000104,206,194,12
101000105,830,125,705
101000106,423,343,80
101000107,93,180,-87
101000108,1046,228,818
101000109,77,41,36
101000110,10,531,-521
101000111,33,149,-116
101000113,82,292,-210
101000114,2337,750,1587
101000115,56,137,-81
101000116,55,65,-10
101000117,138,196,-58
101000119,75,11,64
101000120,144,8,136
101000121,48,4,44
101000122,67,16,51
101000123,20,18,2
101000124,128,247,-119
101000125,99,268,-169
101000128,605,260,345
101000130,163,132,31
101000131,269,600,-331
101000132,245,1358,-1113
101000135,33,6,27
101000136,142,44,98
101000137,41,115,-74
101000141,1501,964,537
101000147,682,437,245
101000148,1942,12,1930
101000149,86,33,53
101000150,20,894,-874
101000151,58,48,10
101000152,270,184,86
101000153,356,277,79
101000154,85,1236,-1151
101000155,78,62,16
101000156,13,129,-116
101000157,19,10,9
101000160,33,44,-11
101000163,56,56,0
101000164,591,262,329
101000165,140,278,-138
101000166,165,247,-82
101000168,617,240,377
101000252,694,483,211
101000254,264,16,248
101000258,18,10,8
101000261,112,197,-85
101000262,530,681,-151
101000263,106,330,-224
101000265,20,315,-295
101000266,158,148,10
101000269,64,4,60
101000290,743,1153,-410
101000293,16,48,-32
101000294,280,385,-105
101000295,122,277,-155
101000301,549,111,438
101000304,1217,1528,-311
101000305,1602,1051,551
101000328,56,202,-146
101900001,17,51,-34
101900002,0,9,-9
101900003,81,58,23
101900004,6,22,-16
101900005,3812,498,3314
101900006,601,86,515
101900007,259,21,238
101900008,52,106,-54
101900009,36,277,-241
101900010,695,259,436
101900011,91,713,-622
101900012,57,146,-89
101900013,942,53,889
101900017,10,56,-46
101900018,1120,97,1023
101900019,146,63,83
101900020,108,49,59
101900021,0,17,-17
101900022,23,1091,-1068
101900023,36,258,-222
101900026,79,35,44
101900027,6,75,-69
102000001,1216,2445,-1229
102000002,1791,780,1011
102000003,2518,2465,53
102000004,6892,1609,5283
102000005,1015,1107,-92
102000006,1488,882,606
102000007,1027,2437,-1410
102000008,4340,1119,3221
102000009,3403,4433,-1030
102000010,4252,1893,2359
102000011,1455,1350,105
102000012,2317,2458,-141
102000018,2287,1309,978
102000019,2168,955,1213
102000026,129,463,-334
102000029,331,154,177
102000030,44,173,-129
102000031,22,199,-177
102000032,158,326,-168
102000033,87,288,-201
102000034,333,301,32
102000035,583,342,241
102000036,3,140,-137
102000037,78,71,7
102000038,191,46,145
102000039,132,51,81
102000040,420,72,348
102000041,77,153,-76
102000042,126,49,77
102000043,234,92,142
102000044,339,371,-32
102000045,411,801,-390
102000046,572,251,321
102000047,418,737,-319
102000048,96,507,-411
102000049,784,411,373
102000050,640,657,-17
102000051,288,339,-51
102000052,733,486,247
102000053,513,539,-26
102000054,223,654,-431
102000055,421,832,-411
102000056,369,1081,-712
102000057,595,319,276
102000058,625,1569,-944
102000059,1006,937,69
102000060,643,579,64
102000061,709,1995,-1286
102000062,511,824,-313
102000063,728,1066,-338
102000064,387,470,-83
102000065,31,79,-48
102000066,497,818,-321
102000067,1101,1599,-498
102000068,7301,2032,5269
102000069,35,1472,-1437
102000070,1512,76,1436
102000071,4950,5996,-1046
102000072,1941,3449,-1508
102000073,177,534,-357
102000074,175,629,-454
102000075,82,199,-117
102000076,89,278,-189
102000077,164,1072,-908
102000078,355,572,-217
102000079,32,228,-196
102000080,96,115,-19
102000081,173,629,-456
102000082,428,176,252
102000083,143,651,-508
102000084,97,345,-248
102000085,1012,993,19
102000086,523,701,-178
102000087,374,1801,-1427
102000088,114,191,-77
102000089,456,306,150
102000090,272,842,-570
102000091,744,288,456
102000092,242,425,-183
102000093,367,391,-24
102000094,738,355,383
102000095,596,520,76
102000096,511,371,140
102000097,580,415,165
102000098,379,498,-119
102000099,515,278,237
102000100,687,341,346
102000101,770,172,598
102000102,213,1228,-1015
102000103,676,209,467
102000104,764,251,513
102000105,114,750,-636
102000106,417,663,-246
102000107,481,404,77
102000108,255,160,95
102000109,261,418,-157
102000110,376,1393,-1017
102000111,4,265,-261
102000112,62,55,7
102000113,6,15,-9
102000114,789,275,514
102000115,97,109,-12
102000116,278,173,105
102000117,151,288,-137
102000118,1181,656,525
102000119,2093,255,1838
102000120,55,311,-256
102000121,583,333,250
102000122,242,408,-166
102000123,803,543,260
102000124,524,481,43
102000125,780,474,306
102000126,331,381,-50
102000127,662,368,294
102000128,347,649,-302
102000129,584,649,-65
102000130,309,381,-72
102000131,530,337,193
102000132,239,257,-18
102000133,738,1948,-1210
102000134,309,418,-109
102000135,814,454,360
102000136,811,280,531
102000137,578,455,123
102000138,153,239,-86
102000139,50,247,-197
102000140,114,107,7
102000141,91,348,-257
102000142,90,272,-182
102000143,43,413,-370
102000144,78,326,-248
102000145,163,286,-123
102000146,139,217,-78
102000147,187,170,17
102000148,105,158,-53
102000149,73,423,-350
102000150,89,151,-62
102000151,72,229,-157
102000152,79,99,-20
102000153,563,144,419
102000154,336,393,-57
102000155,59,159,-100
102000156,406,28,378
102000157,76,79,-3
102000158,295,156,139
102000159,1347,139,1208
102000161,3837,895,2942
102000162,161,101,60
102000163,56,214,-158
102000164,840,416,424
102000165,209,88,121
102000166,45,102,-57
102000167,104,103,1
102000168,97,85,12
102000169,55,259,-204
102000170,382,72,310
102000171,64,34,30
102000172,28,108,-80
102000173,186,165,21
102000174,39,33,6
102000175,78,84,-6
102000176,6,33,-27
102000178,143,468,-325
102000179,138,173,-35
102000180,242,430,-188
102000181,191,624,-433
102000182,213,580,-367
102000183,690,1572,-882
102000184,716,653,63
102000185,1181,1562,-381
102000186,519,1719,-1200
102000187,304,1493,-1189
102000188,388,1197,-809
102000189,2387,665,1722
102000190,416,1320,-904
102000191,885,380,505
102000192,380,561,-181
102000193,6,163,-157
102000194,48,100,-52
102000195,175,409,-234
102000196,40,470,-430
102000197,223,391,-168
102000198,85,962,-877
102000199,264,292,-28
102000200,152,1158,-1006
102000201,208,376,-168
102000202,1,148,-147
102000203,100,203,-103
102000204,190,760,-570
102000205,370,478,-108
102000206,326,430,-104
102000207,468,278,190
102000208,167,356,-189
102000209,20,35,-15
102000210,183,453,-270
102000211,97,340,-243
102000212,50,11,39
102000213,4,297,-293
102000214,60,12,48
102000215,8,583,-575
102000216,29,25,4
102000217,10,190,-180
102000218,70,58,12
102000219,267,336,-69
102000225,638,449,189
102000226,2500,227,2273
102000227,71,2,69
102000228,0,89,-89
102000229,15,17,-2
102000230,156,533,-377
102000231,145,306,-161
102000232,2,105,-103
102000233,221,357,-136
102000234,41,981,-940
102000236,150,31,119
102000237,357,117,240
102000238,79,217,-138
102000240,483,283,200
102000241,176,51,125
102000243,3,40,-37
102000245,7,79,-72
102000246,6,13,-7
102000247,645,531,114
102000248,394,420,-26
102000249,49,121,-72
102000250,39,337,-298
102000254,68,308,-240
102000266,37,83,-46
102000271,27,0,27
102000286,301,238,63
102000297,1112,617,495
102000305,0,1,-1
102000307,0,1,-1
102000316,106,233,-127
102900001,578,639,-61
102900002,140,8,132
102900003,10,263,-253
102900005,122,318,-196
102900006,283,219,64
102900007,269,9,260
102900008,71,76,-5
102900009,320,67,253
102900010,357,405,-48
102900011,1500,173,1327
102900012,218,18,200
102900013,7,91,-84
102900015,687,150,537
102900016,15,119,-104
102900017,40,498,-458
102900018,9,143,-134
102900019,182,262,-80
102900020,32,20,12
102900021,8,66,-58
102900022,234,22,212
102900023,11,23,-12
102900024,14,13,1
102900025,206,67,139
102900026,335,674,-339
102900027,11,39,-28
102900028,27,201,-174
102900029,89,57,32
102900030,160,117,43
102900031,31,104,-73
102900032,27,83,-56
102900033,61,189,-128
102900034,115,109,6
102900035,28,415,-387
102900036,102,420,-318
102900037,75,595,-520
102900038,211,465,-254
102900039,5,175,-170
102900040,54,146,-92
102900041,18,98,-80
102900042,69,275,-206
102900043,45,208,-163
102900044,222,1409,-1187
102900045,35,393,-358
102900046,34,249,-215
102900047,37,507,-470
102900048,270,628,-358
102900049,47,268,-221
102900050,108,279,-171
102900051,82,154,-72
102900053,235,534,-299
102900054,718,366,352
102900055,27,54,-27
102900056,90,355,-265
102900057,1,17,-16
102900058,251,35,216
102900059,5,62,-57
102900060,46,309,-263
102900061,41,446,-405
102900062,50,1197,-1147
102900063,326,250,76
102900064,43,314,-271
102900065,1358,589,769
102900066,143,21,122
102900068,39,56,-17
102900070,73,550,-477
102900072,2,21,-19
102900073,84,1,83
102900075,30,13,17
102900076,269,35,234
102900077,23,16,7
102900078,30,52,-22
102900079,169,6,163
102900080,243,12,231
102900081,65,168,-103
102900082,3,191,-188
102900083,302,9,293
102900084,1,10,-9
102900085,113,46,67
102900086,2,11,-9
102900087,25,60,-35
102900088,18,17,1
102900089,153,66,87
102900090,1,352,-351
102900091,49,8,41
102900092,40,742,-702
102900094,0,37,-37
102900095,84,0,84
102900096,18,8,10
102900097,0,64,-64
103000001,1834,1858,-24
103000002,1511,1492,19
103000003,2249,1789,460
103000004,640,424,216
103000005,1437,1501,-64
103000006,308,960,-652
103000007,356,593,-237
103000008,657,892,-235
103000009,434,465,-31
103000010,191,150,41
103000011,1489,668,821
103000012,652,890,-238
103000013,4994,1382,3612
103000014,924,976,-52
103000015,2192,707,1485
103000016,411,498,-87
103000017,70,199,-129
103000018,750,244,506
103000019,117,127,-10
103000020,1445,946,499
103000021,1102,1051,51
103000022,734,885,-151
103000023,304,769,-465
103000024,99,135,-36
103000025,40,189,-149
103000026,1338,67,1271
103000027,168,172,-4
103000028,552,203,349
103000029,269,77,192
103000030,1245,374,871
103000031,1030,884,146
103000032,1499,1323,176
103000033,1769,1612,157
103000034,1017,485,532
103000035,304,545,-241
103000036,293,291,2
103000037,403,215,188
103000038,312,427,-115
103000039,160,368,-208
103000040,131,937,-806
103000041,1019,2394,-1375
103000042,441,648,-207
103000043,240,968,-728
103000044,87,238,-151
103000046,140,241,-101
103000047,354,495,-141
103000048,56,130,-74
103000049,67,131,-64
103000050,443,589,-146
103000051,242,347,-105
103000052,377,226,151
103000053,94,254,-160
103000054,1375,762,613
103000055,1047,1123,-76
103000056,418,2277,-1859
103000057,295,165,130
103000058,195,705,-510
103000059,167,504,-337
103000060,427,604,-177
103000061,175,554,-379
103000062,665,605,60
103000063,400,357,43
103000064,69,247,-178
103000065,2,298,-296
103000066,99,9,90
103000069,97,227,-130
103000070,379,853,-474
103000071,400,193,207
103000072,80,840,-760
103000073,248,80,168
103000074,263,49,214
103000075,55,729,-674
103000076,104,118,-14
103000077,17,258,-241
103000078,891,261,630
103000079,1260,307,953
103000080,843,133,710
103000081,305,459,-154
103000082,226,104,122
103000083,48,267,-219
103000084,121,2,119
103000085,5,98,-93
103000086,486,215,271
103000087,105,272,-167
103000088,284,225,59
103000089,163,257,-94
103000090,1456,908,548
103000091,470,308,162
103000092,172,311,-139
103000093,265,437,-172
103000094,131,125,6
103000095,29,299,-270
103000096,693,49,644
103000097,33,458,-425
103000098,1104,86,1018
103000099,435,443,-8
103000100,44,725,-681
103000101,289,112,177
103000102,66,568,-502
103000103,271,150,121
103000104,52,117,-65
103000105,72,129,-57
103000106,0,93,-93
103000107,194,54,140
103000108,692,492,200
103000109,337,327,10
103000110,379,377,2
103000111,431,157,274
103000112,157,159,-2
103000113,524,428,96
103000114,884,215,669
103000115,280,432,-152
103000116,236,472,-236
103000117,129,435,-306
103000118,981,837,144
103000119,1814,609,1205
103000120,29,85,-56
103000121,120,439,-319
103000122,183,152,31
103000125,8,462,-454
103000126,186,2,184
103000127,3,270,-267
103000128,74,0,74
103000129,1,119,-118
103000130,30,5,25
103000131,203,57,146
103000132,35,38,-3
103000133,0,118,-118
103000134,482,300,182
103000135,638,149,489
103000136,421,226,195
103000137,440,427,13
103000138,583,381,202
103000139,1,58,-57
103000140,150,6,144
103000141,25,89,-64
103000142,92,49,43
103000143,44,155,-111
103000144,121,51,70
103000145,16,18,-2
103000150,66,41,25
103000152,236,137,99
103000153,163,120,43
103000156,7,526,-519
103000157,193,0,193
103000159,35,27,8
103000162,45,8,37
103000163,0,5,-5
103000164,14,6,8
103000165,112,373,-261
103000166,83,116,-33
103000167,95,101,-6
103000168,41,110,-69
103000169,81,193,-112
103000170,395,373,22
103000171,25,35,-10
103000172,107,237,-130
103000173,158,478,-320
103000174,97,286,-189
103000175,101,445,-344
103000176,481,151,330
103000177,565,310,255
103000178,275,217,58
103000179,91,15,76
103000183,41,17,24
103000185,52,76,-24
103000186,31,121,-90
103000187,144,574,-430
103000188,7,45,-38
103000189,932,784,148
103000191,428,428,0
103000292,2657,788,1869
103000293,1099,580,519
103000295,51,39,12
103000296,182,2,180
103000297,3,4,-1
103000504,42,11,31
103000505,6,11,-5
103000506,1,157,-156
103000507,81,0,81
103000508,39,15,24
103000509,225,439,-214
103900001,0,257,-257
103900002,1510,85,1425
103900003,836,14,822
103900004,15,1,14
103900005,2,169,-167
103900006,0,0,0
103900007,7,0,7
103900008,3,0,3
103900009,104,191,-87
103900010,62,221,-159
103900011,87,243,-156
103900012,1,11,-10
103900013,33,54,-21
103900014,10,10,0
103900015,22,8,14
103900016,159,194,-35
103900017,10,44,-34
103900018,362,152,210
103900019,19,61,-42
103900020,82,177,-95
103900021,606,27,579
103900022,388,486,-98
103900023,44,0,44
103900024,46,401,-355
103900025,2,20,-18
103900026,7,0,7
103900027,305,257,48
103900028,11,139,-128
103900029,372,99,273
103900030,179,16,163
103900031,1,3,-2
103900032,8,15,-7
103900033,40,4,36
103900034,6,172,-166
103900035,23,55,-32
103900036,21,12,9
103900037,32,9,23
103900038,23,50,-27
103900039,7,366,-359
103900040,1,130,-129
103900041,35,14,21
103900042,18,409,-391
103900043,39,93,-54
103900044,172,89,83
103900045,64,143,-79
103900047,41,31,10
103900048,33,9,24
103900049,145,887,-742
103900050,1,40,-39
103900051,0,32,-32
103900052,64,551,-487
103900053,33,728,-695
103900054,14,484,-470
103900055,208,182,26
103900056,14,36,-22
103900057,18,234,-216
103900058,41,659,-618
103900059,0,0,0
103900060,13,156,-143
103900061,20,30,-10
103900062,76,28,48
103900063,0,0,0
103900064,34,2,32
103900065,474,227,247
103900066,47,1,46
103900067,29,0,29
103900068,0,0,0
103900069,14,1,13
103900070,64,191,-127
103900071,4,99,-95
103900072,5,253,-248
103900073,12,10,2
103900074,17,67,-50
103900075,57,64,-7
103900076,141,642,-501
103900077,20,21,-1
103900078,74,86,-12
103900079,78,139,-61
103900080,15,25,-10
103900081,108,10,98
103900082,6,93,-87
103900083,1648,371,1277
103900084,25,112,-87
103900085,61,64,-3
103900086,174,145,29
103900088,304,134,170
103900089,41,209,-168
103900090,0,153,-153
103900091,595,150,445
103900092,247,450,-203
103900093,50,320,-270
103900094,3,131,-128
103900095,172,137,35
103900096,8,272,-264
103900097,2,434,-432
103900098,46,44,2
103900099,23,214,-191
103900100,106,297,-191
103900101,35,827,-792
103900102,0,25,-25
103900104,0,17,-17
103900105,23,91,-68
103900106,0,17,-17
103900107,8,181,-173
103900108,20,300,-280
103900109,14,50,-36
103900110,105,19,86
103900111,3,580,-577
103900112,12,50,-38
103900113,104,143,-39
103900114,340,263,77
103900115,125,46,79
103900116,4580,689,3891
103900117,183,59,124
103900119,20,18,2
103900120,24,110,-86
103900122,9,338,-329
103900123,720,244,476
103900124,27,512,-485
103900125,42,58,-16
103900126,183,397,-214
103900127,39,575,-536
103900128,23,129,-106
103900131,17,102,-85
103900133,519,13,506
103900134,0,1,-1
103900135,1,5,-4
103900137,1,17,-16
103900138,38,395,-357
103900139,573,591,-18
103900140,0,35,-35
103900141,161,55,106
103900142,64,192,-128
103900143,2,0,2
103900144,0,57,-57
103900145,118,274,-156
103900146,153,297,-144
103900147,123,97,26
103900148,59,190,-131
103900149,54,604,-550
103900150,5595,1249,4346
103900151,9,122,-113
103900152,98,545,-447
103900153,2,1,1
103900154,690,538,152
103900155,6,158,-152
103900156,18,111,-93
103900157,14,160,-146
103900158,19,124,-105
103900159,23,43,-20
103900160,28,12,16
103900161,35,146,-111
103900162,15,208,-193
103900163,2,313,-311
103900167,6,59,-53
103900168,51,94,-43
103900169,24,24,0
103900170,1,90,-89
103900171,1,68,-67
103900172,2,23,-21
103900173,2,5,-3
103900174,32,27,5
103900175,16,24,-8
103900176,3,7,-4
103900177,9,44,-35
103900178,8,56,-48
103900179,6,150,-144
103900180,4,75,-71
103900181,26,19,7
103900182,27,4,23
103900184,429,27,402
103900185,139,66,73
103900187,99,19,80
103900188,16,8,8
103900189,34,3,31
103900190,18,22,-4
103900191,23,35,-12
103900192,7,48,-41
103900193,96,57,39
103900194,14,283,-269
103900195,0,41,-41
103900196,20,12,8
103900197,7,28,-21
103900198,18,45,-27
103900199,44,78,-34
103900200,45,175,-130
103900201,26,179,-153
103900202,6,39,-33
103900203,7,16,-9
103900204,2,141,-139
103900207,0,139,-139
103900208,10,1,9
103900209,0,81,-81
103900210,6,17,-11
103900211,200,489,-289
103900212,27,416,-389
103900213,73,175,-102
103900214,223,54,169
103900215,634,156,478
103900216,10,59,-49
103900217,168,4,164
103900218,27,227,-200
103900219,53,251,-198
103900233,8,0,8
103900235,13,7,6
103900236,24,2,22
103900242,4,3,1
103900243,4,3,1
103900244,41,228,-187
103900245,57,194,-137
103900246,35,17,18
103900247,22,99,-77
103900248,0,16,-16
103900249,1,8,-7
103900250,18,9,9
103900251,0,22,-22
103900253,64,25,39
103900254,5,5,0
103900255,12,9,3
103900256,28,18,10
103900257,103,97,6
103900258,8,2,6
103900259,75,3,72
103900261,6,0,6
103900262,11,5,6
103900263,25,24,1
103900264,30,8,22
103900265,16,4,12
103900266,0,10,-10
103900267,18,61,-43
103900268,21,132,-111
103900269,208,66,142
103900270,12,191,-179
103900271,116,137,-21
103900272,36,54,-18
103900273,8,53,-45
103900274,22,7,15
103900275,5,1,4
103900277,0,97,-97
103900278,378,98,280
103900279,108,21,87
103900280,2,231,-229
103900281,42,11,31
103900282,21,7,14
103900283,59,9,50
103900284,4,7,-3
103900285,20,25,-5
103900286,11,29,-18
103900287,1,30,-29
103900288,123,67,56
103900289,570,56,514
103900290,165,20,145
103900291,11,39,-28
103900292,164,64,100
103900293,3,65,-62
103900294,1,239,-238
104000001,1542,1674,-132
104000002,999,1989,-990
104000003,1674,1617,57
104000004,2447,1899,548
104000005,648,1360,-712
104000006,1943,2277,-334
104000007,2977,2735,242
104000008,202,432,-230
104000009,100,100,0
104000010,106,124,-18
104000011,630,350,280
104000012,106,396,-290
104000013,60,102,-42
104000014,175,575,-400
104000015,145,116,29
104000016,415,385,30
104000018,309,96,213
104000019,302,90,212
104000020,167,777,-610
104000021,214,527,-313
104000022,126,231,-105
104000023,311,257,54
104000024,139,291,-152
104000026,36,233,-197
104000027,176,447,-271
104000028,216,199,17
104000029,426,500,-74
104000030,109,234,-125
104000031,474,220,254
104000032,171,355,-184
104000033,245,309,-64
104000034,213,363,-150
104000035,355,405,-50
104000036,266,528,-262
104000037,179,341,-162
104000038,141,385,-244
104000039,110,405,-295
104000040,432,376,56
104000041,339,313,26
104000042,127,451,-324
104000043,154,364,-210
104000044,172,818,-646
104000045,712,1178,-466
104000046,1187,1317,-130
104000047,450,1255,-805
104000048,796,1585,-789
104000049,221,237,-16
104000050,128,426,-298
104000051,64,581,-517
104000052,799,1022,-223
104000053,426,682,-256
104000054,128,408,-280
104000055,2946,2314,632
104000056,1481,177,1304
104000057,183,605,-422
104000058,376,503,-127
104000059,401,1022,-621
104000060,344,815,-471
104000061,629,898,-269
104000062,202,270,-68
104000064,495,227,268
104000065,94,243,-149
104000069,1105,470,635
104000070,39,218,-179
104000071,170,381,-211
104000072,355,359,-4
104000075,26,189,-163
104000076,262,19,243
104000082,1308,1396,-88
104000083,470,137,333
104000084,86,387,-301
104000085,167,106,61
104000086,94,410,-316
104000087,319,496,-177
104000090,351,1297,-946
104000092,417,2316,-1899
104000094,452,1764,-1312
104000095,924,1095,-171
104000096,476,371,105
104000097,774,951,-177
104000098,773,1189,-416
104000100,591,574,17
104000101,673,2102,-1429
104000106,212,467,-255
104000107,419,429,-10
104000108,251,463,-212
104000109,118,51,67
104000110,613,724,-111
104000111,4188,977,3211
104000112,2271,405,1866
104000116,3,1007,-1004
104000117,84,733,-649
104000118,138,178,-40
104000119,248,207,41
104000120,111,800,-689
104000121,179,417,-238
104000122,431,512,-81
104000123,740,1017,-277
104000124,1212,1808,-596
104000125,3554,1590,1964
104000126,178,314,-136
104000127,1341,3379,-2038
104000128,567,440,127
104000129,276,13,263
104000130,6,115,-109
104000131,865,634,231
104000132,796,1142,-346
104000133,711,603,108
104000134,488,1076,-588
104000135,263,497,-234
104000136,522,957,-435
104000137,1315,159,1156
104000138,936,328,608
104000139,7300,2008,5292
104000141,938,1661,-723
104000142,480,1079,-599
104000143,346,709,-363
104000144,41,151,-110
104000145,269,131,138
104000146,402,505,-103
104000147,79,351,-272
104000148,90,109,-19
104000149,182,401,-219
104000150,273,369,-96
104000151,189,602,-413
104000152,354,719,-365
104000153,191,332,-141
104000154,855,659,196
104000155,130,335,-205
104000157,854,1585,-731
104000158,136,194,-58
104000159,267,285,-18
104000160,1185,922,263
104000161,197,134,63
104000162,40,82,-42
104000165,1189,856,333
104000167,335,376,-41
104000168,304,7,297
104000169,15,22,-7
104000170,555,113,442
104000248,174,823,-649
104000251,66,275,-209
104000272,0,0,0
104000273,0,0,0
104000274,0,0,0
104000275,0,0,0
104000279,2701,813,1888
104000290,34,282,-248
104000291,492,852,-360
104000293,412,576,-164
104000294,3,0,3
104000295,320,597,-277
104000296,230,592,-362
104000297,596,1116,-520
104000298,1350,842,508
104000299,410,1035,-625
104000302,86,94,-8
104000303,138,122,16
104900001,61,273,-212
104900002,18,59,-41
104900003,27,304,-277
104900004,32,287,-255
104900005,96,116,-20
104900006,57,53,4
104900007,80,154,-74
104900009,56,411,-355
104900010,7,4,3
104900011,1,2,-1
104900012,87,6,81
104900013,44,4,40
104900014,2999,187,2812
104900015,84,0,84
104900016,54,267,-213
104900017,42,107,-65
104900018,4,169,-165
104900019,155,744,-589
104900020,30,173,-143
104900021,2,292,-290
104900022,6,108,-102
104900023,1,125,-124
104900024,5,97,-92
104900025,35,236,-201
104900026,1,156,-155
104900027,93,148,-55
104900028,21,63,-42
104900029,32,72,-40
104900030,147,87,60
104900031,115,122,-7
104900032,34,111,-77
104900033,74,126,-52
104900034,96,48,48
104900035,102,56,46
104900036,48,39,9
104900037,83,272,-189
104900038,367,123,244
104900039,733,72,661
104900040,91,43,48
104900041,87,88,-1
104900042,49,369,-320
104900043,7,19,-12
104900044,163,96,67
104900045,179,31,148
104900046,30,53,-23
104900047,80,68,12
104900048,69,48,21
104900049,14,4,10
104900050,42,48,-6
104900051,76,17,59
104900052,21,1,20
104900053,144,26,118
104900054,46,24,22
104900055,10,0,10
104900056,56,13,43
104900057,14,0,14
104900058,192,99,93
104900059,10,31,-21
104900061,186,473,-287
104900063,3,115,-112
104900064,1,94,-93
104900065,0,59,-59
104900066,2,153,-151
104900067,1,163,-162
104900068,7,190,-183
104900070,44,201,-157
104900071,1,575,-574
104900072,23,144,-121
104900073,21,255,-234
104900074,18,155,-137
104900075,21,60,-39
104900076,31,370,-339
104900077,970,50,920
104900078,96,651,-555
104900079,90,108,-18
104900080,28,425,-397
104900082,2,194,-192
104900085,3,230,-227
104900089,39,0,39
104900091,217,639,-422
104900093,181,423,-242
104900097,2459,842,1617
104900098,55,37,18
104900099,54,231,-177
104900100,424,104,320
104900102,10,170,-160
104900103,232,65,167
104900106,22,93,-71
104900107,19,308,-289
104900108,10,270,-260
104900109,28,84,-56
104900110,2,36,-34
104900111,69,44,25
104900112,121,821,-700
104900113,295,338,-43
104900114,126,615,-489
104900115,156,352,-196
104900116,69,239,-170
104900118,5,63,-58
104900119,1,17,-16
104900120,122,34,88
104900121,0,83,-83
104900122,1,67,-66
104900123,7,3,4
104900124,10,0,10
104900125,173,90,83
104900126,35,53,-18
104900127,30,19,11
104900128,25,87,-62
104900129,1843,532,1311
105000001,1805,1332,473
105000002,1477,1255,222
105000003,1981,2842,-861
105000004,350,737,-387
105000005,416,921,-505
105000006,684,1012,-328
105000007,655,1025,-370
105000008,644,1405,-761
105000009,701,1888,-1187
105000010,2188,1845,343
105000011,1038,1383,-345
105000012,2608,2445,163
105000013,339,611,-272
105000014,729,1312,-583
105000015,6469,3244,3225
105000016,3095,1081,2014
105000017,1210,788,422
105000018,875,604,271
105000019,1109,742,367
105000020,132,241,-109
105000021,167,122,45
105000022,81,24,57
105000023,263,170,93
105000028,35,105,-70
105000029,221,701,-480
105000030,2943,2679,264
105000031,3,29,-26
105000033,661,1656,-995
105000034,104,353,-249
105000037,435,513,-78
105000038,845,606,239
105000039,2444,1340,1104
105000040,271,440,-169
105000041,325,959,-634
105000042,1312,614,698
105000043,1583,1397,186
105000044,190,253,-63
105000045,213,751,-538
105000046,347,277,70
105000047,323,1152,-829
105000048,303,152,151
105000049,238,553,-315
105000050,230,289,-59
105000051,192,447,-255
105000052,224,692,-468
105000053,82,154,-72
105000054,111,740,-629
105000055,253,340,-87
105000056,378,1910,-1532
105000057,772,968,-196
105000058,960,1237,-277
105000059,313,374,-61
105000060,434,614,-180
105000061,221,308,-87
105000062,505,1096,-591
105000063,267,679,-412
105000064,521,379,142
105000065,364,1049,-685
105000066,746,1892,-1146
105000067,572,417,155
105000068,602,831,-229
105000069,2305,509,1796
105000070,632,678,-46
105000071,104,307,-203
105000072,695,794,-99
105000073,482,321,161
105000074,648,845,-197
105000075,329,624,-295
105000076,953,788,165
105000077,1335,480,855
105000078,1138,746,392
105000079,1349,1454,-105
105000080,991,564,427
105000081,752,494,258
105000082,322,304,18
105000083,519,419,100
105000084,411,927,-516
105000085,802,612,190
105000086,532,874,-342
105000087,2128,1564,564
105000088,912,1057,-145
105000089,2294,1596,698
105000090,787,678,109
105000091,1218,1174,44
105000092,356,837,-481
105000093,195,135,60
105000094,144,129,15
105000095,60,244,-184
105000096,593,483,110
105000097,643,555,88
105000098,429,415,14
105000099,497,809,-312
105000100,416,883,-467
105000101,962,1713,-751
105000102,738,1075,-337
105000103,764,1479,-715
105000104,1002,860,142
105000105,513,1349,-836
105000106,628,1051,-423
105000107,589,760,-171
105000108,581,1396,-815
105000109,606,1157,-551
105000110,424,670,-246
105000111,410,471,-61
105000112,712,708,4
105000113,210,403,-193
105000114,3114,711,2403
105000115,205,557,-352
105000116,267,340,-73
105000117,472,1200,-728
105000118,124,290,-166
105000119,293,1026,-733
105000120,346,444,-98
105000121,573,962,-389
105000122,185,282,-97
105000123,668,1068,-400
105000124,685,681,4
105000125,399,1529,-1130
105000126,1191,1872,-681
105000127,1329,1338,-9
105000128,354,1131,-777
105000129,548,334,214
105000130,76,787,-711
105000131,393,251,142
105000132,387,265,122
105000133,157,864,-707
105000134,388,379,9
105000135,267,530,-263
105000136,55,188,-133
105000137,170,148,22
105000138,181,268,-87
105000139,703,765,-62
105000140,151,320,-169
105000141,92,441,-349
105000142,51,392,-341
105000143,75,501,-426
105000144,175,598,-423
105000145,268,378,-110
105000146,389,542,-153
105000147,283,271,12
105000148,600,627,-27
105000149,1081,1130,-49
105000150,1718,1038,680
105000151,282,236,46
105000152,75,538,-463
105000153,323,240,83
105000154,520,740,-220
105000155,186,375,-189
105000156,608,729,-121
105000157,853,1682,-829
105000158,1230,571,659
105000159,324,1167,-843
105000160,930,431,499
105000161,569,1890,-1321
105000162,441,815,-374
105000163,1225,1223,2
105000164,178,250,-72
105000165,1394,2600,-1206
105000166,6860,269,6591
105000167,2234,802,1432
105000168,88,768,-680
105000169,161,283,-122
105000170,44,941,-897
105000171,559,216,343
105000172,22,44,-22
105000173,42,18,24
105000174,11,17,-6
105000175,43,82,-39
105000176,117,51,66
105000177,58,127,-69
105000178,42,566,-524
105000179,94,78,16
105000180,44,60,-16
105000181,28,410,-382
105000182,16,38,-22
105000183,1977,970,1007
105000184,1157,433,724
105000185,735,418,317
105000186,257,715,-458
105000187,403,197,206
105000188,115,61,54
105000189,87,413,-326
105000190,141,234,-93
105000191,241,321,-80
105000192,84,56,28
105000193,57,93,-36
105000194,165,83,82
105000195,110,768,-658
105000196,32,81,-49
105000197,156,535,-379
105000198,524,145,379
105000199,198,162,36
105000200,63,96,-33
105000201,60,11,49
105000203,3,285,-282
105000204,53,57,-4
105000205,49,182,-133
105000207,476,131,345
105000208,162,192,-30
105000209,163,269,-106
105000211,59,18,41
105000212,575,1135,-560
105000213,124,102,22
105000214,35,204,-169
105000215,67,255,-188
105000216,34,237,-203
105000217,75,328,-253
105000218,415,801,-386
105000221,91,256,-165
105000222,133,25,108
105000223,86,144,-58
105000226,15,332,-317
105000227,13,176,-163
105000228,184,461,-277
105000229,41,168,-127
105000231,124,157,-33
105000233,364,455,-91
105000234,357,1005,-648
105000235,167,274,-107
105000237,376,34,342
105000243,15,22,-7
105000248,42,30,12
105000262,102,1376,-1274
105000269,48,107,-59
105000270,140,75,65
105000271,1,188,-187
105000282,123,41,82
105000287,208,104,104
105000288,158,305,-147
105000289,661,554,107
105000290,3,1,2
105000402,3343,920,2423
105000426,218,392,-174
105000438,468,442,26
105000440,9,39,-30
105000446,10776,3251,7525
105000447,6653,1899,4754
105000454,365,937,-572
105000455,228,146,82
105000474,8,0,8
105000477,113,280,-167
105000478,818,1403,-585
105000479,61,71,-10
105000480,1162,1254,-92
105000481,1429,1432,-3
105000482,3193,1999,1194
105000483,670,849,-179
105000484,1535,1803,-268
105000485,611,1067,-456
105000486,2348,1629,719
105000488,2176,1693,483
105000489,404,526,-122
105000549,19,92,-73
105000550,375,921,-546
105000551,29,75,-46
105000552,2975,1509,1466
105000555,757,546,211
105000556,13,22,-9
105000557,38,267,-229
105900001,2,688,-686
105900002,1373,230,1143
105900003,6,56,-50
105900004,186,88,98
105900005,0,157,-157
105900006,14,30,-16
105900007,18,3,15
105900008,18,589,-571
105900009,3,10,-7
105900011,38,23,15
105900012,150,89,61
105900013,1,8,-7
105900014,2,66,-64
105900015,66,179,-113
105900016,88,407,-319
105900017,370,44,326
105900018,137,250,-113
105900019,13,331,-318
105900020,21,45,-24
105900021,7,163,-156
105900022,74,235,-161
105900023,1,53,-52
105900024,1,101,-100
105900025,42,33,9
105900026,114,16,98
105900027,2580,1705,875
105900028,185,123,62
105900029,1364,197,1167
105900030,126,170,-44
105900031,314,101,213
105900032,36,99,-63
105900033,48,71,-23
105900034,73,187,-114
105900035,50,93,-43
105900036,9,125,-116
105900037,33,55,-22
105900038,34,220,-186
105900039,33,117,-84
105900040,23,63,-40
105900041,110,309,-199
105900042,25,83,-58
105900043,1234,25,1209
105900044,0,104,-104
105900045,6,324,-318
105900046,1,144,-143
105900047,2,20,-18
105900048,55,295,-240
105900050,1163,216,947
105900051,4,840,-836
105900052,224,19,205
105900053,2611,801,1810
105900054,186,202,-16
105900056,594,67,527
105900057,19,112,-93
105900058,1,22,-21
105900059,0,19,-19
106000001,2921,781,2140
106000002,2189,2896,-707
106000003,2208,1680,528
106000004,1770,1718,52
106000005,1622,3143,-1521
106000006,3685,3174,511
106000007,350,350,0
106000008,327,291,36
106000009,295,215,80
106000010,319,455,-136
106000011,444,659,-215
106000012,490,1430,-940
106000013,937,1141,-204
106000014,1365,1479,-114
106000015,835,671,164
106000016,789,1889,-1100
106000017,430,472,-42
106000018,339,452,-113
106000019,161,328,-167
106000020,172,424,-252
106000021,162,364,-202
106000022,203,336,-133
106000023,376,317,59
106000024,368,792,-424
106000025,96,116,-20
106000026,192,429,-237
106000027,458,850,-392
106000028,367,701,-334
106000029,602,1294,-692
106000030,673,216,457
106000034,58,438,-380
106000035,516,660,-144
106000036,276,255,21
106000037,1270,1309,-39
106000038,364,40,324
106000039,88,20,68
106000040,140,504,-364
106000041,502,134,368
106000043,374,45,329
106000046,212,16,196
106000047,20,232,-212
106000049,287,94,193
106000050,174,728,-554
106000051,289,182,107
106000052,33,566,-533
106000053,82,59,23
106000054,207,347,-140
106000055,166,121,45
106000056,143,438,-295
106000057,87,140,-53
106000058,100,172,-72
106000059,107,159,-52
106000060,421,524,-103
106000061,146,282,-136
106000062,112,606,-494
106000063,345,320,25
106000064,25,378,-353
106000065,125,103,22
106000066,68,336,-268
106000067,131,75,56
106000068,29,482,-453
106000069,72,61,11
106000070,203,528,-325
106000071,464,236,228
106000072,3683,983,2700
106000073,1433,1351,82
106000074,250,497,-247
106000075,126,731,-605
106000076,889,1074,-185
106000077,2144,998,1146
106000078,372,677,-305
106000079,291,800,-509
106000080,691,750,-59
106000081,273,748,-475
106000082,1737,727,1010
106000083,242,625,-383
106000084,591,476,115
106000085,1024,599,425
106000086,429,443,-14
106000087,520,470,50
106000088,300,545,-245
106000089,463,415,48
106000090,170,501,-331
106000091,171,587,-416
106000092,309,195,114
106000093,176,69,107
106000094,72,361,-289
106000095,230,1147,-917
106000096,378,513,-135
106000097,362,1321,-959
106000098,212,759,-547
106000099,91,711,-620
106000100,418,171,247
106000101,520,168,352
106000102,95,385,-290
106000103,111,546,-435
106000104,308,336,-28
106000105,257,749,-492
106000106,350,304,46
106000107,70,536,-466
106000108,134,285,-151
106000109,66,441,-375
106000110,80,243,-163
106000111,86,530,-444
106000112,48,292,-244
106000113,904,536,368
106000114,271,291,-20
106000115,135,550,-415
106000116,88,159,-71
106000117,686,720,-34
106000118,667,648,19
106000119,1959,789,1170
106000120,453,544,-91
106000121,95,135,-40
106000122,44,319,-275
106000123,134,281,-147
106000124,38,313,-275
106000125,10,302,-292
106000126,86,225,-139
106000127,111,723,-612
106000128,262,313,-51
106000129,353,671,-318
106000130,319,385,-66
106000131,90,629,-539
106000132,906,111,795
106000133,3608,828,2780
106000134,687,618,69
106000135,223,963,-740
106000136,521,612,-91
106000137,55,1453,-1398
106000138,513,38,475
106000139,27,93,-66
106000140,14,105,-91
106000141,36,89,-53
106000142,14,48,-34
106000143,17,129,-112
106000144,27,76,-49
106000145,54,356,-302
106000146,171,188,-17
106000147,539,901,-362
106000148,699,863,-164
106000149,302,703,-401
106000150,280,1273,-993
106000151,4478,553,3925
106000152,977,681,296
106000153,85,756,-671
106000154,1288,227,1061
106000155,36,130,-94
106000156,319,230,89
106000157,327,1321,-994
106000158,2482,441,2041
106000159,3944,875,3069
106000160,160,1054,-894
106000161,1031,439,592
106000162,77,465,-388
106000163,165,506,-341
106000164,159,252,-93
106000165,100,586,-486
106000166,225,198,27
106000167,149,1357,-1208
106000168,165,220,-55
106000169,96,674,-578
106000170,182,195,-13
106000171,45,752,-707
106000172,1402,601,801
106000173,467,2083,-1616
106000174,501,207,294
106000175,177,792,-615
106000176,600,438,162
106000177,413,1776,-1363
106000178,1468,994,474
106000179,642,1530,-888
106000180,513,1622,-1109
106000181,232,1675,-1443
106000182,290,541,-251
106000183,345,898,-553
106000184,326,943,-617
106000185,237,656,-419
106000186,665,117,548
106000187,148,443,-295
106000188,0,2,-2
106000189,1,27,-26
106000190,3,1,2
106000191,271,112,159
106000192,0,13,-13
106000193,199,91,108
106000194,71,197,-126
106000195,57,38,19
106000196,30,223,-193
106000197,116,200,-84
106000198,32,191,-159
106000199,583,273,310
106000200,290,71,219
106000201,326,758,-432
106000202,5529,358,5171
106000203,161,139,22
106000204,25,3,22
106000205,18,109,-91
106000206,34,3,31
106000207,36,734,-698
106000208,264,51,213
106000209,558,207,351
106000210,162,1153,-991
106000211,321,1285,-964
106000212,336,120,216
106000213,657,996,-339
106000214,1925,276,1649
106000215,107,383,-276
106000216,206,282,-76
106000217,194,387,-193
106000218,310,247,63
106000219,62,237,-175
106000220,273,201,72
106000221,50,242,-192
106000222,44,144,-100
106000223,48,103,-55
106000224,77,319,-242
106000225,45,42,3
106000226,81,301,-220
106000228,23,86,-63
106000229,66,650,-584
106000231,282,100,182
106000232,23,340,-317
106000233,163,84,79
106000234,34,134,-100
106000235,109,41,68
106000236,58,37,21
106000237,1,1,0
106000238,1,1,0
106000239,0,47,-47
106000240,10,1,9
106000241,11,553,-542
106000242,148,17,131
106000249,25,57,-32
106000250,43,270,-227
106000251,16,22,-6
106000252,23,87,-64
106000253,9,28,-19
106000254,13,47,-34
106000255,10,73,-63
106000256,50,74,-24
106000257,59,274,-215
106000258,63,9,54
106000259,1,16,-15
106000260,3,6,-3
106000261,2,34,-32
106000262,21,23,-2
106000263,0,86,-86
106000264,92,5,87
106000265,7,94,-87
106000266,86,8,78
106000267,3,77,-74
106000268,337,17,320
106000269,88,44,44
106000270,118,230,-112
106000271,31,119,-88
106000272,68,47,21
106000273,7,95,-88
106000274,141,15,126
106000275,78,89,-11
106000276,70,23,47
106000277,83,116,-33
106000278,127,25,102
106000279,1,43,-42
106000280,18,145,-127
106000281,53,71,-18
106000282,30,38,-8
106000283,42,66,-24
106000284,30,74,-44
106000285,110,151,-41
106000286,41,102,-61
106000287,50,107,-57
106000288,45,109,-64
106000289,39,76,-37
106000290,46,69,-23
106000291,32,105,-73
106000292,59,116,-57
106000293,95,77,18
106000294,121,118,3
106000295,24,32,-8
106000296,39,102,-63
106000297,44,143,-99
106000298,107,36,71
106000299,78,89,-11
106000300,21,72,-51
106000301,33,63,-30
106000303,14,67,-53
106000304,49,24,25
106000305,15,25,-10
106000306,56,93,-37
106000307,5,8,-3
106000308,39,168,-129
106000309,11,61,-50
106000310,130,512,-382
106000311,147,51,96
106000312,45,150,-105
106000313,50,153,-103
106000318,158,131,27
106000319,313,51,262
106000320,1,17,-16
106000321,171,40,131
106000322,64,218,-154
106000324,14,105,-91
106000325,758,598,160
106000326,724,1613,-889
106000327,49,136,-87
106000328,22,50,-28
106000329,151,203,-52
106000330,19,36,-17
106000428,15,129,-114
106000429,31,543,-512
106000430,156,1239,-1083
106000431,585,193,392
106000432,1291,2359,-1068
106000433,1128,532,596
106000434,1742,507,1235
106000435,1538,2077,-539
106000436,14,270,-256
106000437,109,22,87
106000438,101,62,39
106000439,18,396,-378
106000440,179,461,-282
106000441,0,0,0
106000442,124,2,122
106000443,62,632,-570
106000450,11,127,-116
106000451,14,24,-10
106000454,4,104,-100
106000455,17,154,-137
106000456,63,7,56
106000457,5,903,-898
106000458,164,154,10
106000459,28,373,-345
106000460,265,23,242
106000461,13,1633,-1620
106000462,0,7,-7
106000463,1,24,-23
106000464,7,513,-506
106000465,119,1,118
106000466,1,562,-561
106000467,378,329,49
106000468,12,153,-141
106000469,202,1,201
106000470,150,949,-799
106000471,19,527,-508
106000472,55,9,46
106000473,13,21,-8
106000474,214,818,-604
106000475,251,151,100
106000476,146,89,57
106000477,26,125,-99
106000480,0,56,-56
106900001,0,4,-4
106900002,8,603,-595
106900003,18,95,-77
106900004,2,74,-72
106900006,0,19,-19
106900007,0,10,-10
106900008,326,994,-668
106900009,82,387,-305
106900010,240,110,130
106900012,338,377,-39
106900013,1409,742,667
106900014,15,1,14
106900015,7,5,2
106900016,104,2,102
106900017,3,0,3
106900018,0,0,0
106900019,25,2,23
106900020,2244,473,1771
106900021,29,70,-41
106900022,118,0,118
106900023,344,286,58
106900024,142,4,138
106900025,48,499,-451
106900026,0,137,-137
106900027,320,4,316
106900028,0,2,-2
106900029,180,23,157
106900030,5,794,-789
107000001,2543,1159,1384
107000002,5162,2508,2654
107000003,2243,3195,-952
107000004,3381,4412,-1031
107000005,1138,2434,-1296
107000006,2261,5192,-2931
107000007,2767,3266,-499
107000008,12789,7839,4950
107000009,2591,2983,-392
107000010,7833,8384,-551
107000011,1334,844,490
107000012,3283,2984,299
107000013,31,157,-126
107000014,13,234,-221
107000015,256,733,-477
107000016,209,1074,-865
107000017,1625,550,1075
107000018,14,192,-178
107000020,1079,247,832
107000021,460,565,-105
107000022,400,934,-534
107000023,677,222,455
107000024,201,1501,-1300
107000025,89,248,-159
107000026,99,514,-415
107000027,539,586,-47
107000028,815,1351,-536
107000029,858,1096,-238
107000030,2336,2512,-176
107000031,1529,1206,323
107000032,186,732,-546
107000033,2884,2608,276
107000034,3940,1531,2409
107000035,199,135,64
107000036,295,660,-365
107000037,41,473,-432
107000038,158,136,22
107000039,338,354,-16
107000040,88,224,-136
107000041,952,433,519
107000042,630,1107,-477
107000043,2411,649,1762
107000044,608,250,358
107000045,91,248,-157
107000046,259,184,75
107000047,214,722,-508
107000048,324,291,33
107000049,356,590,-234
107000050,574,379,195
107000051,398,221,177
107000052,694,417,277
107000053,178,110,68
107000054,30,169,-139
107000055,270,140,130
107000056,324,469,-145
107000057,2016,155,1861
107000058,1630,1620,10
107000059,1785,2349,-564
107000060,2084,3422,-1338
107000061,3974,2919,1055
107000062,1758,1955,-197
107000063,2764,4984,-2220
107000064,1510,1348,162
107000065,2212,4609,-2397
107000066,771,1213,-442
107000067,356,571,-215
107000068,896,401,495
107000069,397,300,97
107000070,218,6,212
107000071,906,14,892
107000072,41,3275,-3234
107000073,198,124,74
107000074,91,622,-531
107000075,554,190,364
107000076,608,1271,-663
107000077,1425,429,996
107000078,1287,2502,-1215
107000079,947,432,515
107000080,789,2549,-1760
107000081,608,331,277
107000082,363,2339,-1976
107000083,358,162,196
107000084,254,2058,-1804
107000085,1808,2060,-252
107000086,2595,1903,692
107000087,1592,1245,347
107000088,1714,2228,-514
107000089,927,1162,-235
107000090,561,758,-197
107000091,528,683,-155
107000092,445,966,-521
107000093,656,606,50
107000094,615,1085,-470
107000095,284,455,-171
107000096,466,842,-376
107000097,265,250,15
107000098,275,762,-487
107000099,338,171,167
107000100,277,283,-6
107000101,29,92,-63
107000102,313,310,3
107000103,193,151,42
107000104,254,233,21
107000105,256,93,163
107000106,85,266,-181
107000107,223,113,110
107000108,62,762,-700
107000109,199,139,60
107000110,53,543,-490
107000111,100,38,62
107000112,6,377,-371
107000113,223,84,139
107000114,75,764,-689
107000115,249,69,180
107000116,51,917,-866
107000117,52,156,-104
107000118,122,224,-102
107000119,1410,771,639
107000120,2558,337,2221
107000121,369,615,-246
107000122,721,676,45
107000123,183,718,-535
107000124,281,745,-464
107000125,312,711,-399
107000126,388,919,-531
107000129,109,971,-862
107000130,164,113,51
107000131,158,689,-531
107000132,164,190,-26
107000133,531,113,418
107000134,108,1,107
107000135,3,154,-151
107000136,670,8,662
107000137,10,260,-250
107000138,275,7,268
107000139,5,208,-203
107000140,465,25,440
107000141,83,718,-635
107000142,175,37,138
107000143,25,664,-639
107000144,151,301,-150
107000145,141,417,-276
107000146,81,183,-102
107000147,3396,828,2568
107000150,590,1026,-436
107000151,38,45,-7
107000152,444,305,139
107000153,404,540,-136
107000154,277,104,173
107000155,218,15,203
107000156,424,20,404
107000157,19,2039,-2020
107000158,228,14,214
107000159,35,1302,-1267
107000160,281,66,215
107000161,43,1774,-1731
107000162,94,146,-52
107000163,10,0,10
107000164,113,0,113
107000165,230,1,229
107000166,48,1310,-1262
107000167,186,209,-23
107000168,330,164,166
107000169,819,855,-36
107000170,465,320,145
107000171,310,2388,-2078
107000172,313,411,-98
107000173,524,901,-377
107000174,501,1046,-545
107000175,8202,1188,7014
107000176,0,0,0
107000177,0,1,-1
107000178,3,48,-45
107000179,115,2970,-2855
107000180,485,249,236
107000181,234,1453,-1219
107000182,712,738,-26
107000183,62,862,-800
107000184,322,625,-303
107000185,174,1017,-843
107000186,350,223,127
107000187,569,896,-327
107000188,234,306,-72
107000189,189,603,-414
107000190,253,701,-448
107000191,408,1010,-602
107000192,763,801,-38
107000193,240,221,19
107000194,668,546,122
107000197,432,171,261
107000198,177,761,-584
107000199,282,488,-206
107000200,723,424,299
107000201,183,178,5
107000202,125,327,-202
107000203,443,188,255
107000204,519,350,169
107000205,1747,525,1222
107000206,429,398,31
107000207,497,562,-65
107000208,758,210,548
107000209,1518,249,1269
107000210,974,129,845
107000211,2,8,-6
107000212,5,126,-121
107000213,8,19,-11
107000214,9,69,-60
107000215,139,386,-247
107000216,131,346,-215
107000217,33,106,-73
107000219,27,64,-37
107000220,37,293,-256
107000222,152,485,-333
107000224,198,21,177
107000225,76,487,-411
107000226,99,42,57
107000227,46,422,-376
107000228,49,95,-46
107000229,244,84,160
107000230,645,455,190
107000231,2351,368,1983
107000232,50,61,-11
107000233,1667,476,1191
107000234,0,10,-10
107000235,34,8,26
107000236,13,262,-249
107000237,8,0,8
107000238,8,0,8
107000239,4710,294,4416
107000240,28,1000,-972
107000243,0,36,-36
107000244,4,59,-55
107000246,2,929,-927
107000249,4,835,-831
107000251,1,135,-134
107000252,3,1054,-1051
107000255,644,54,590
107000257,1,587,-586
107000258,0,96,-96
107000259,0,173,-173
107000260,117,0,117
107000262,9,773,-764
107000263,107,2,105
107000266,2,4,-2
107000267,37,130,-93
107000268,117,137,-20
107000269,85,25,60
107000270,0,13,-13
107000271,6,893,-887
107000272,5,240,-235
107000273,1,248,-247
107000274,328,2,326
107000275,187,679,-492
107000280,248,6,242
107000281,13,1022,-1009
107000282,14,1217,-1203
107000290,0,32,-32
107000291,7,15,-8
107000292,2,38,-36
107000293,45,2,43
107000294,0,19,-19
107000295,15,0,15
107000296,0,8,-8
107000444,64,0,64
107000496,0,22,-22
107000497,927,2710,-1783
107000500,164,290,-126
107000501,49,215,-166
107000502,167,311,-144
107000505,583,579,4
107000506,0,26,-26
107000508,0,584,-584
107000509,118,410,-292
107000510,15,10,5
107000514,9,162,-153
107000515,9,267,-258
107000516,111,113,-2
107000518,495,269,226
107000519,3484,831,2653
107000520,27,3,24
107000521,273,418,-145
107000522,321,624,-303
107900001,23,231,-208
107900002,30,2,28
107900003,106,49,57
107900004,0,1,-1
107900005,215,0,215
107900006,23,0,23
107900007,102,4,98
107900008,44,45,-1
107900009,42,7,35
107900010,2,1,1
107900012,92,17,75
107900013,111,52,59
107900014,6,1,5
107900015,207,3,204
107900016,339,55,284
107900017,1,1,0
107900018,11,27,-16
107900019,3,71,-68
107900020,21,3,18
107900021,22,115,-93
107900023,0,1,-1
107900024,0,22,-22
107900025,151,283,-132
107900026,16,107,-91
107900027,12,54,-42
107900028,19,62,-43
107900030,89,9,80
107900031,12,206,-194
107900032,0,0,0
107900033,1,1,0
107900034,96,8,88
107900035,261,7,254
107900036,20,9,11
107900037,0,37,-37
107900038,149,77,72
107900039,6,45,-39
107900040,10,37,-27
107900041,0,0,0
107900043,16,172,-156
107900044,2,2,0
107900045,19,24,-5
107900046,69,30,39
107900047,3,93,-90
107900048,51,6,45
107900049,182,329,-147
107900050,48,247,-199
107900051,58,81,-23
107900052,0,0,0
107900053,15,54,-39
107900055,209,146,63
107900056,47,11,36
107900057,0,0,0
107900058,7,521,-514
107900060,0,23,-23
107900061,17,1,16
107900063,56,110,-54
107900064,133,12,121
107900065,52,7,45
107900066,9,9,0
107900067,0,1,-1
107900068,65,158,-93
107900069,24,449,-425
107900070,21,8,13
107900071,14,661,-647
107900072,17,171,-154
107900073,25,86,-61
107900074,836,74,762
107900076,53,57,-4
107900077,5,2,3
107900079,9,13,-4
107900080,60,101,-41
107900081,4,37,-33
107900082,14,9,5
107900083,130,54,76
107900084,28,80,-52
107900086,60,48,12
107900087,284,33,251
107900088,3,4,-1
107900089,174,472,-298
107900090,262,478,-216
107900091,100,511,-411
107900093,25,49,-24
107900095,1930,574,1356
107900097,5,23,-18
107900098,29,115,-86
107900100,818,313,505
107900101,877,77,800
107900102,3,0,3
107900103,32,125,-93
107900104,86,2,84
107900105,0,505,-505
107900106,1,1259,-1258
107900107,687,93,594
107900108,162,41,121
107900109,254,9,245
107900110,5,110,-105
107900111,8,1000,-992
107900112,30,146,-116
107900113,28,116,-88
107900114,59,239,-180
107900115,1,30,-29
107900116,17,238,-221
107900117,181,354,-173
107900118,51,107,-56
107900119,38,65,-27
107900120,7,6,1
107900121,7,53,-46
107900122,1,21,-20
107900123,0,7,-7
107900124,5,30,-25
107900125,21,132,-111
107900126,1,35,-34
107900127,201,69,132
107900128,59,43,16
107900129,16,28,-12
107900130,18,12,6
107900131,429,28,401
107900132,70,358,-288
107900133,1,35,-34
107900134,3,7,-4
107900135,3,149,-146
107900136,30,25,5
107900137,54,64,-10
107900138,24,12,12
107900139,4,23,-19
107900141,13,27,-14
107900142,46,956,-910
107900143,22,31,-9
107900144,0,138,-138
107900145,2,57,-55
107900146,32,69,-37
107900147,36,21,15
107900148,62,98,-36
107900149,1436,205,1231
107900150,52,686,-634
107900151,2,80,-78
107900152,3,108,-105
107900153,88,86,2
107900154,24,6,18
107900155,22,14,8
107900156,3,474,-471
107900157,10,79,-69
107900158,151,9,142
107900159,31,791,-760
107900160,15,149,-134
107900161,7,292,-285
107900162,0,16,-16
107900163,8,14,-6
107900164,1,25,-24
107900165,14,45,-31
107900166,6,283,-277
107900167,2,5,-3
107900168,6,31,-25
107900169,0,108,-108
107900171,4,1686,-1682
107900172,2,278,-276
107900173,4,182,-178
107900174,18,2,16
107900175,2,5,-3
107900176,4,32,-28
107900177,0,18,-18
107900178,0,196,-196
107900179,5,112,-107
107900180,745,167,578
107900181,168,434,-266
107900182,1,1428,-1427
107900183,16,347,-331
107900184,18,174,-156
107900185,30,4,26
107900186,4,11,-7
107900187,1,87,-86
107900188,617,53,564
107900189,10,85,-75
107900190,71,49,22
107900191,15,122,-107
107900193,20,16,4
107900194,72,4,68
107900195,3333,276,3057
107900196,20,50,-30
107900197,636,113,523
107900199,0,990,-990
107900201,25,98,-73
107900203,18,27,-9
107900204,135,165,-30
107900206,141,72,69
107900207,1,723,-722
107900208,4,713,-709
107900209,167,63,104
107900210,35,76,-41
107900213,208,282,-74
107900214,9,152,-143
107900215,150,196,-46
107900216,44,42,2
107900217,7,30,-23
107900218,4,1338,-1334
107900219,13,111,-98
107900220,83,64,19
107900221,115,232,-117
107900223,37,484,-447
107900224,113,175,-62
107900225,1,597,-596
107900226,53,78,-25
107900227,55,402,-347
107900228,9,60,-51
107900229,2,270,-268
107900230,10,110,-100
107900231,7,183,-176
107900232,18,187,-169
107900233,5,99,-94
107900234,40,149,-109
107900235,20,66,-46
107900236,31,75,-44
107900237,77,351,-274
107900238,6,93,-87
107900239,1354,286,1068
107900240,5,144,-139
107900241,11,55,-44
107900242,4,390,-386
107900243,0,20,-20
107900244,76,5,71
107900245,93,19,74
107900246,35,3,32
107900248,69,121,-52
107900249,177,4,173
107900250,3,398,-395
107900251,29,936,-907
107900252,204,3,201
107900253,47,1,46
107900254,39,93,-54
107900255,171,22,149
107900256,340,243,97
107900257,40,10,30
107900258,67,142,-75
107900259,46,402,-356
107900261,2,286,-284
107900262,18,101,-83
107900264,69,3,66
107900265,36,166,-130
107900267,39,16,23
107900268,49,5,44
107900269,1,5,-4
107900270,0,0,0
107900271,3,0,3
107900272,87,4,83
107900273,26,66,-40
107900274,11,0,11
107900275,7,0,7
107900276,0,41,-41
107900277,0,175,-175
107900278,100,232,-132
107900279,117,72,45
107900280,1198,630,568
107900281,2791,664,2127
107900282,33,103,-70
107900283,993,215,778
107900284,109,719,-610
107900285,33,116,-83
107900286,70,34,36
107900287,75,64,11
107900290,0,36,-36
107900291,223,3,220
107900292,45,278,-233
107900293,33,442,-409
107900295,32,116,-84
107900297,0,161,-161
107900298,551,788,-237
107900299,3525,799,2726
107900301,205,168,37
107900302,27,10,17
107900303,29,319,-290
107900304,54,408,-354
107900305,102,3,99
107900306,14,5,9
107900307,39,302,-263
107900308,146,33,113
107900309,0,0,0
107900310,0,0,0
107900311,115,69,46
107900312,0,0,0
107900313,1,52,-51
107900314,0,34,-34
107900315,2,25,-23
107900316,9,1,8
107900317,18,0,18
107900318,4,85,-81
107900319,0,145,-145
107900320,0,115,-115
107900321,22,1,21
107900322,2,155,-153
107900323,4,56,-52
107900324,66,0,66
107900325,27,0,27
107900326,31,306,-275
107900327,0,0,0
107900328,0,0,0
107900329,0,0,0
107900330,3,381,-378
107900331,59,28,31
107900332,61,53,8
107900333,29,9,20
107900334,3,277,-274
107900335,23,49,-26
107900336,5,21,-16
107900337,1164,240,924
107900338,0,74,-74
107900339,0,10,-10
107900340,0,22,-22
107900341,2,0,2
107900342,26,87,-61
107900343,7,1,6
107900344,1,108,-107
107900345,44,4,40
107900346,2,0,2
107900347,15,1,14
107900348,0,2,-2
107900349,5,8,-3
107900350,37,233,-196
107900351,4,136,-132
107900352,2,71,-69
107900353,1,1,0
107900354,4,51,-47
108000001,2025,1824,201
108000002,2192,2758,-566
108000003,1910,1199,711
108000004,13696,11526,2170
108000005,3644,2097,1547
108000006,4704,5142,-438
108000007,2320,2232,88
108000008,3416,4718,-1302
108000009,1432,1760,-328
108000010,1674,4221,-2547
108000011,7450,4665,2785
108000012,17430,11158,6272
108000014,452,280,172
108000015,255,212,43
108000016,118,528,-410
108000017,319,217,102
108000018,583,235,348
108000019,749,342,407
108000020,660,212,448
108000021,301,1277,-976
108000022,377,1136,-759
108000023,539,72,467
108000024,102,556,-454
108000025,108,195,-87
108000026,219,570,-351
108000027,271,721,-450
108000028,154,208,-54
108000029,146,899,-753
108000030,210,146,64
108000031,134,499,-365
108000032,573,241,332
108000033,412,1146,-734
108000034,698,231,467
108000035,679,2151,-1472
108000036,223,1335,-1112
108000037,641,195,446
108000038,969,201,768
108000039,387,2550,-2163
108000040,729,346,383
108000041,510,2491,-1981
108000042,67,210,-143
108000043,81,344,-263
108000044,161,151,10
108000045,102,709,-607
108000046,535,123,412
108000047,240,966,-726
108000048,88,419,-331
108000049,226,139,87
108000050,145,694,-549
108000051,100,53,47
108000052,281,696,-415
108000053,134,67,67
108000054,357,752,-395
108000055,513,205,308
108000056,1050,880,170
108000057,333,379,-46
108000058,1471,1184,287
108000059,3297,1355,1942
108000060,83,227,-144
108000061,191,529,-338
108000062,253,225,28
108000063,223,506,-283
108000064,72,150,-78
108000065,303,541,-238
108000066,1213,576,637
108000067,776,275,501
108000068,397,235,162
108000069,170,967,-797
108000070,685,346,339
108000071,426,1815,-1389
108000072,728,521,207
108000073,1181,1685,-504
108000074,138,208,-70
108000075,242,692,-450
108000076,332,250,82
108000077,462,690,-228
108000078,1045,768,277
108000079,752,1494,-742
108000080,441,366,75
108000081,247,2286,-2039
108000082,634,1368,-734
108000083,960,376,584
108000084,249,1112,-863
108000085,193,168,25
108000086,623,639,-16
108000087,108,634,-526
108000088,374,128,246
108000089,135,166,-31
108000091,86,579,-493
108000092,49,55,-6
108000093,61,917,-856
108000094,280,107,173
108000095,68,488,-420
108000096,128,121,7
108000097,74,576,-502
108000098,418,1193,-775
108000099,298,179,119
108000100,39,234,-195
108000101,411,562,-151
108000102,877,1194,-317
108000106,450,1,449
108000107,0,476,-476
108000108,190,20,170
108000109,4,763,-759
108000110,75,111,-36
108000111,56,672,-616
108000112,29,56,-27
108000113,371,249,122
108000115,402,349,53
108000117,626,167,459
108000118,274,409,-135
108000119,664,411,253
108000120,50,372,-322
108000121,125,538,-413
108000122,216,267,-51
108000123,225,270,-45
108000124,99,451,-352
108000125,109,327,-218
108000126,40,563,-523
108000127,129,343,-214
108000128,179,683,-504
108000129,100,1402,-1302
108000130,86,247,-161
108000131,377,148,229
108000132,1359,1078,281
108000133,400,297,103
108000134,484,676,-192
108000135,362,234,128
108000136,760,994,-234
108000137,89,326,-237
108000138,133,928,-795
108000139,67,333,-266
108000140,14,14,0
108000141,5,162,-157
108000142,22,104,-82
108000143,15,625,-610
108000144,76,55,21
108000145,11,37,-26
108000146,151,33,118
108000147,6,62,-56
108000148,123,28,95
108000149,16,24,-8
108000150,4,1,3
108000151,196,26,170
108000152,44,568,-524
108000153,82,69,13
108000154,13,14,-1
108000155,23,12,11
108000156,649,432,217
108000157,87,311,-224
108000158,67,239,-172
108000159,666,103,563
108000160,4873,425,4448
108000161,3451,616,2835
108000165,0,54,-54
108000172,0,123,-123
108000173,2524,664,1860
108000175,129,63,66
108000178,260,278,-18
108000179,155,292,-137
108000181,27,25,2
108000182,304,51,253
108000183,16,334,-318
108000184,966,775,191
108000185,24,445,-421
108000186,74,596,-522
108000187,19,689,-670
108000188,108,240,-132
108000189,1964,1816,148
108000190,23,54,-31
108000192,54,672,-618
108000193,433,20,413
108000194,18,12,6
108000195,4,1095,-1091
108000196,96,113,-17
108000198,300,391,-91
108000199,0,97,-97
108000200,118,696,-578
108000203,23,754,-731
108000204,59,24,35
108000205,295,484,-189
108000339,1142,182,960
108000364,396,348,48
108000365,24,380,-356
108000367,61,312,-251
108000368,2,47,-45
108000369,1386,73,1313
108000371,5,570,-565
108000372,174,7,167
108000373,51,107,-56
108000376,39,20,19
108000377,196,370,-174
108000378,6439,4692,1747
108000379,30,160,-130
108000381,17,4,13
108000382,61,2,59
108000383,0,98,-98
108900001,70,1008,-938
108900002,135,29,106
108900003,355,1117,-762
108900004,199,92,107
108900007,56,88,-32
108900008,26,119,-93
108900009,8,82,-74
108900010,61,119,-58
108900011,113,278,-165
108900012,75,331,-256
108900013,32,199,-167
108900014,2,36,-34
108900015,2,14,-12
108900016,0,164,-164
108900017,76,138,-62
108900018,46,500,-454
108900019,5,1224,-1219
108900020,19,333,-314
108900021,52,286,-234
108900022,12,1,11
108900023,8,19,-11
108900024,7,132,-125
108900025,24,112,-88
108900026,3,65,-62
108900027,1,102,-101
108900028,11,449,-438
108900029,22,167,-145
108900030,1,87,-86
108900031,36,639,-603
108900032,7,227,-220
108900033,0,46,-46
108900034,0,273,-273
108900035,89,1781,-1692
108900038,1,370,-369
108900039,0,588,-588
108900040,1,97,-96
108900041,4659,1077,3582
108900042,2,175,-173
108900043,14,411,-397
108900044,1,644,-643
108900045,7,638,-631
108900046,35,964,-929
108900047,0,76,-76
108900048,46,973,-927
108900049,4874,302,4572
108900050,0,299,-299
108900051,0,184,-184
108900052,16,258,-242
108900053,57,54,3
108900054,18,193,-175
108900055,33,412,-379
108900056,1,145,-144
108900057,0,168,-168
108900058,4,440,-436
108900059,80,2,78
108900060,25,55,-30
108900061,41,9,32
108900062,2,349,-347
108900063,2,415,-413
108900064,30,25,5
108900065,6,305,-299
108900066,81,66,15
108900067,11,242,-231
108900068,4,237,-233
108900069,7,112,-105
108900070,14,160,-146
108900071,28,44,-16
108900072,1934,118,1816
108900073,7,485,-478
108900074,16,386,-370
108900075,30,49,-19
108900076,67,49,18
108900077,168,526,-358
108900078,9,167,-158
108900079,721,173,548
108900080,13,131,-118
108900081,42,247,-205
108900082,7,85,-78
108900083,11,56,-45
108900085,1959,124,1835
108900086,34,350,-316
108900087,113,191,-78
108900088,368,152,216
108900089,5,33,-28
108900090,6,448,-442
108900091,117,114,3
108900092,203,170,33
108900093,32,34,-2
108900094,107,49,58
108900095,38,687,-649
108900096,455,28,427
108900097,97,157,-60
108900098,2714,227,2487
108900099,169,268,-99
108900100,64,100,-36
108900101,65,39,26
108900102,60,236,-176
108900103,22,34,-12
108900105,3,304,-301
108900106,93,464,-371
108900108,79,23,56
108900109,124,27,97
108900110,49,488,-439
108900111,89,695,-606
108900113,13,18,-5
108900114,24,13,11
108900115,21,25,-4
108900116,16,5,11
108900117,26,9,17
108900118,130,3,127
108900119,29,23,6
108900120,106,42,64
108900121,132,21,111
108900122,52,17,35
108900123,29,17,12
108900124,132,56,76
108900125,97,1,96
108900126,21,3,18
108900127,41,28,13
108900128,28,10,18
108900129,252,25,227
108900130,75,2,73
108900131,104,0,104
108900132,128,20,108
108900133,40,19,21
108900134,58,287,-229
108900135,35,2,33
108900136,3,0,3
108900137,24,0,24
108900138,143,6,137
108900140,64,202,-138
108900141,91,1,90
108900142,17,6,11
108900143,20,0,20
108900144,7,0,7
108900145,34,4,30
108900146,12,0,12
108900147,27,1,26
108900148,30,27,3
108900150,86,1,85
108900151,23,2,21
108900152,12,0,12
108900153,49,464,-415
108900154,1983,313,1670
108900156,19,6,13
108900157,5,656,-651
108900158,33,18,15
108900159,6,355,-349
108900160,6,231,-225
108900161,0,417,-417
108900162,26,0,26
108900163,2,95,-93
108900164,40,91,-51
108900168,8926,972,7954
108900169,16,124,-108
108900171,7191,1053,6138
108900172,108,20,88
108900173,169,285,-116
108900174,145,326,-181
108900176,73,630,-557
108900177,8138,1228,6910
108900178,4678,944,3734
108900180,29,114,-85
108900183,137,132,5
108900184,89,86,3
108900185,24,222,-198
108900186,20,215,-195
108900189,176,109,67
108900190,16,2851,-2835
108900192,27,216,-189
108900195,22,412,-390
108900196,2,606,-604
108900199,76,264,-188
108900200,175,202,-27
108900201,191,878,-687
108900203,166,9,157
108900204,123,1,122
108900205,90,11,79
108900206,65,10,55
108900207,84,17,67
108900208,27,305,-278
108900209,208,537,-329
108900210,91,118,-27
108900211,81,189,-108
108900212,657,376,281
108900215,87,711,-624
108900216,239,29,210
108900217,25,0,25
108900218,21,1,20
108900221,26,54,-28
108900224,25,61,-36
108900225,0,121,-121
108900227,36,43,-7
108900230,287,259,28
108900232,0,387,-387
108900233,78,21,57
108900234,98,31,67
108900235,116,503,-387
108900236,8,304,-296
108900240,22,49,-27
108900241,10,8,2
108900245,0,258,-258
108900250,33,82,-49
108900258,19,225,-206
108900259,14,34,-20
108900260,2,102,-100
108900261,166,161,5
108900262,209,88,121
108900263,49,258,-209
108900264,346,166,180
108900265,1271,136,1135
108900266,1007,190,817
108900267,0,26,-26
108900268,0,3,-3
108900269,19,6,13
108900270,13,4,9
108900271,6,1,5
108900272,38,1,37
108900273,873,243,630
108900274,24,32,-8
109000001,2233,709,1524
109000002,2894,1060,1834
109000003,1375,346,1029
109000004,341,2259,-1918
109000005,993,531,462
109000006,511,1863,-1352
109000007,629,484,145
109000008,278,1643,-1365
109000009,1957,767,1190
109000010,1194,3175,-1981
109000011,1339,939,400
109000012,1183,3747,-2564
109000013,1391,1145,246
109000014,901,3254,-2353
109000015,3354,3147,207
109000016,8962,3620,5342
109000017,968,792,176
109000018,620,3068,-2448
109000019,1447,765,682
109000020,1120,1965,-845
109000023,128,22,106
109000024,4,128,-124
109000025,244,247,-3
109000026,561,245,316
109000027,47,225,-178
109000028,86,74,12
109000029,103,78,25
109000030,94,445,-351
109000031,70,59,11
109000032,27,474,-447
109000033,124,78,46
109000034,32,38,-6
109000035,13,11,2
109000036,50,300,-250
109000037,122,479,-357
109000038,357,237,120
109000039,441,259,182
109000040,3028,1508,1520
109000041,4975,851,4124
109000042,643,667,-24
109000044,121,157,-36
109000045,90,534,-444
109000046,112,62,50
109000047,39,260,-221
109000048,645,276,369
109000049,156,341,-185
109000050,376,403,-27
109000051,156,186,-30
109000052,212,1684,-1472
109000053,402,196,206
109000054,44,646,-602
109000055,65,105,-40
109000056,95,436,-341
109000057,142,195,-53
109000058,1078,351,727
109000059,422,521,-99
109000060,490,141,349
109000061,1394,354,1040
109000062,50,99,-49
109000063,157,176,-19
109000064,29,105,-76
109000065,39,313,-274
109000066,140,92,48
109000067,19,331,-312
109000068,263,12,251
109000069,395,9,386
109000070,13,599,-586
109000071,168,41,127
109000072,81,504,-423
109000073,26,37,-11
109000074,23,204,-181
109000075,30,324,-294
109000076,79,92,-13
109000077,288,313,-25
109000078,30,85,-55
109000079,98,210,-112
109000080,90,85,5
109000081,73,615,-542
109000082,204,227,-23
109000083,101,711,-610
109000088,70,435,-365
109000089,135,7,128
109000090,111,477,-366
109000091,106,43,63
109000092,323,569,-246
109000093,93,124,-31
109000094,124,2,122
109000095,54,654,-600
109000096,271,131,140
109000097,76,82,-6
109000098,38,54,-16
109000099,364,213,151
109000100,102,466,-364
109000101,404,639,-235
109000102,136,662,-526
109000103,302,555,-253
109000104,442,441,1
109000105,198,1308,-1110
109000106,825,389,436
109000107,283,1687,-1404
109000108,800,242,558
109000109,265,1631,-1366
109000110,587,251,336
109000111,611,1915,-1304
109000112,163,112,51
109000113,107,86,21
109000114,60,267,-207
109000115,625,84,541
109000116,5,368,-363
109000117,54,121,-67
109000118,4,239,-235
109000119,241,391,-150
109000120,66,1013,-947
109000121,115,96,19
109000122,49,1130,-1081
109000123,22,258,-236
109000124,184,237,-53
109000125,201,251,-50
109000126,189,846,-657
109000127,378,167,211
109000128,220,2133,-1913
109000129,686,215,471
109000130,777,3450,-2673
109000131,695,244,451
109000132,798,2605,-1807
109000133,233,974,-741
109000134,412,1233,-821
109000135,663,988,-325
109000136,159,371,-212
109000137,112,216,-104
109000138,175,428,-253
109000139,152,307,-155
109000140,75,798,-723
109000141,193,384,-191
109000142,76,418,-342
109000143,30,37,-7
109000145,42,139,-97
109000146,75,81,-6
109000148,3303,370,2933
109000149,28,16,12
109000150,76,109,-33
109000155,186,399,-213
109000156,799,781,18
109000158,14,199,-185
109000159,38,556,-518
109000160,290,211,79
109000161,118,1272,-1154
109000162,967,885,82
109000163,444,1428,-984
109000164,620,2241,-1621
109000165,634,549,85
109000166,238,80,158
109000167,52,900,-848
109000170,43,36,7
109000171,36,45,-9
109000172,49,40,9
109000173,11,46,-35
109000174,11,47,-36
109000175,45,417,-372
109000176,105,247,-142
109000177,7,57,-50
109000178,207,462,-255
109000179,6235,1291,4944
109000180,3410,1576,1834
109000181,3,29,-26
109000182,8,34,-26
109000183,11,30,-19
109000184,9,15,-6
109000185,16,59,-43
109000188,183,2382,-2199
109000189,734,593,141
109000190,228,488,-260
109000191,158,693,-535
109000192,101,219,-118
109000193,78,408,-330
109000194,36,89,-53
109000195,59,392,-333
109000196,65,71,-6
109000197,104,412,-308
109000198,110,23,87
109000199,38,429,-391
109000206,105,14,91
109000207,42,25,17
109000208,36,38,-2
109000209,96,42,54
109000210,140,480,-340
109000211,129,238,-109
109000214,146,1400,-1254
109000215,55,62,-7
109000216,129,67,62
109000217,68,40,28
109000218,122,55,67
109000221,187,1153,-966
109000222,549,81,468
109000223,136,122,14
109000224,28,308,-280
109000225,41,34,7
109000226,23,353,-330
109000227,417,1276,-859
109000228,2,225,-223
109000231,4,455,-451
109000232,94,344,-250
109000236,155,712,-557
109000241,1064,1658,-594
109000242,833,1040,-207
109000293,32,111,-79
109000361,104,239,-135
109000364,108,497,-389
109000396,2,852,-850
109000397,219,2,217
109000399,85,439,-354
109000400,30,288,-258
109000403,25,230,-205
109000406,185,13,172
109000407,91,209,-118
109000408,0,726,-726
109000410,286,83,203
109000411,34,24,10
109000412,0,79,-79
109900001,24,0,24
109900002,234,3,231
109900003,85,1,84
109900005,6,5,1
109900006,115,173,-58
109900007,183,860,-677
109900008,0,18,-18
109900009,72,757,-685
109900010,103,8,95
109900011,18,19,-1
109900012,97,77,20
109900013,128,53,75
109900014,90,16,74
109900015,109,54,55
109900016,31,39,-8
109900017,39,32,7
109900018,34,90,-56
109900019,36,58,-22
109900020,8,8,0
109900021,3,5,-2
109900022,41,354,-313
109900023,7,2,5
109900024,2,0,2
109900025,5,25,-20
109900027,12,3,9
109900028,2070,258,1812
109900029,4,568,-564
109900030,9,0,9
109900031,0,59,-59
109900032,2,248,-246
109900033,1,497,-496
109900034,6,0,6
109900035,3,16,-13
109900036,6,72,-66
109900037,8,524,-516
109900038,55,168,-113
109900039,0,1,-1
109900040,8,659,-651
109900041,21,555,-534
109900042,7,360,-353
109900044,29,261,-232
109900045,28,17,11
109900046,33,45,-12
109900047,203,279,-76
109900048,0,54,-54
109900049,3,19,-16
109900050,0,311,-311
109900051,1,54,-53
109900052,37,166,-129
109900053,2,637,-635
109900054,191,76,115
109900055,12,191,-179
109900056,8,52,-44
109900057,3,231,-228
109900058,0,134,-134
109900060,210,141,69
109900061,60,198,-138
109900062,0,308,-308
109900064,109,265,-156
109900065,100,87,13
109900066,166,1021,-855
109900067,0,491,-491
109900068,9,3,6
109900069,3,18,-15
109900071,1,30,-29
109900072,10,103,-93
109900073,61,745,-684
109900074,4,31,-27
109900075,8,11,-3
109900076,13,435,-422
109900077,15,27,-12
109900078,53,261,-208
109900080,53,276,-223
109900081,6,70,-64
109900082,18,440,-422
109900083,10,29,-19
109900084,30,95,-65
109900085,92,1064,-972
109900086,32,161,-129
109900087,93,193,-100
109900089,188,45,143
109900092,147,3,144
109900093,212,52,160
109900094,12,64,-52
109900095,42,207,-165
109900096,3,1,2
109900097,17,0,17
109900098,106,11,95
109900099,81,0,81
109900100,16,0,16
109900101,127,7,120
109900102,153,19,134
109900103,3,19,-16
109900104,131,1138,-1007
109900105,126,18,108
109900106,95,42,53
109900107,138,32,106
109900108,37,462,-425
109900109,10,145,-135
109900111,189,1091,-902
109900114,264,221,43
109900115,54,43,11
109900117,226,79,147
109900121,210,64,146
109900123,0,167,-167
109900125,0,179,-179
109900126,27,178,-151
109900130,10999,721,10278
109900131,67,103,-36
109900132,35,170,-135
109900134,14,23,-9
109900135,391,37,354
109900137,37,329,-292
109900140,64,301,-237
109900149,46,40,6
109900150,1,67,-66
109900151,4,53,-49
109900152,0,16,-16
109900153,0,45,-45
109900154,2,0,2
109900155,13,4,9
109900157,20,285,-265
109900159,37,15,22
109900161,115,44,71
109900162,77,20,57
109900163,553,189,364
109900164,13,211,-198
109900165,49,3,46
109900166,0,157,-157
109900167,82,467,-385
109900168,108,536,-428
109900169,41,92,-51
109900170,136,308,-172
109900171,40,42,-2
109900172,52,79,-27
109900173,3511,601,2910
109900174,28,137,-109
109900175,7,36,-29
109900176,56,154,-98
109900177,14,274,-260
109900178,4,74,-70
109900179,3,38,-35
109900180,1,6,-5
110000001,500,339,161
110000002,419,329,90
110000003,507,478,29
110000004,352,286,66
110000005,457,780,-323
110000006,529,261,268
110000007,60,127,-67
110000008,8,13,-5
110000009,10,34,-24
110000010,23,32,-9
110000011,4,79,-75
110000012,596,296,300
110000013,15,203,-188
110000014,524,294,230
110000015,231,338,-107
110000016,189,505,-316
110000017,2998,206,2792
110000018,2810,388,2422
110000019,4,104,-100
110000020,312,122,190
110000021,363,159,204
110000022,341,62,279
110000023,4,143,-139
110000024,334,292,42
110000025,54,2,52
110000026,1,478,-477
110000027,315,147,168
110000028,412,415,-3
110000029,284,679,-395
110000030,153,207,-54
110000031,125,472,-347
110000032,391,291,100
110000033,75,78,-3
110000034,121,494,-373
110000035,166,862,-696
110000036,296,435,-139
110000037,48,486,-438
110000038,91,316,-225
110000039,434,928,-494
110000040,156,363,-207
110000041,113,467,-354
110000042,70,195,-125
110000043,245,115,130
110000044,19,37,-18
110000045,241,40,201
110000046,2,9,-7
110000047,1,2,-1
110000048,1,8,-7
110000049,33,0,33
110000050,4,7,-3
110000051,31,3,28
110000052,31,31,0
110000053,54,2,52
110000054,39,109,-70
110000055,96,10,86
110000056,138,40,98
110000057,251,720,-469
110000058,278,346,-68
110000059,358,455,-97
110000060,292,493,-201
110000061,538,632,-94
110000062,501,442,59
110000063,24,44,-20
110000064,25,90,-65
110000065,29,52,-23
110000066,26,23,3
110000067,64,272,-208
110000068,93,525,-432
110000069,58,62,-4
110000071,27,94,-67
110000073,0,11,-11
110000075,1,45,-44
110000076,187,87,100
110000077,324,263,61
110000078,2,22,-20
110000080,149,427,-278
110000081,17,191,-174
110000082,34,141,-107
110000083,157,508,-351
110000084,434,238,196
110000085,2465,1005,1460
110000086,837,420,417
110000087,0,41,-41
110000088,21,157,-136
110000089,143,165,-22
110000090,32,257,-225
110000091,1667,215,1452
110000092,9,76,-67
110000093,17,1,16
110000094,335,173,162
110000095,30,297,-267
110000096,3474,1103,2371
110000097,515,567,-52
110000098,897,340,557
110000099,603,940,-337
110000100,158,852,-694
110000101,19,415,-396
110000102,20,26,-6
110000104,68,55,13
110000105,28,233,-205
110000106,230,147,83
110000107,299,299,0
110000108,77,31,46
110000109,179,182,-3
110000110,4236,1056,3180
110000111,7212,988,6224
110000112,1282,279,1003
110000113,499,409,90
110000114,50,150,-100
110000115,149,213,-64
110000116,30,41,-11
110000117,78,500,-422
110000118,203,230,-27
110000119,57,347,-290
110000120,142,124,18
110000121,56,193,-137
110000122,155,325,-170
110000123,233,162,71
110000124,0,653,-653
110000125,495,5,490
110000126,171,19,152
110000127,248,20,228
110000128,16,1118,-1102
110000129,1,601,-600
110000130,72,78,-6
110000131,78,447,-369
110000132,4,593,-589
110000133,35,170,-135
110000134,10,184,-174
110000135,126,12,114
110000136,12,230,-218
110000137,208,537,-329
110000138,294,740,-446
110000139,355,1246,-891
110000140,461,276,185
110000143,548,290,258
110000144,2969,676,2293
110000145,903,502,401
110000146,1067,420,647
110000147,101,500,-399
110000148,188,276,-88
110000151,527,317,210
110000152,526,168,358
110000153,22,86,-64
110000154,2,3,-1
110000155,923,940,-17
110000156,588,661,-73
110000157,669,992,-323
110000160,218,406,-188
110000161,82,399,-317
110000166,93,107,-14
110000167,290,260,30
110000168,431,208,223
110000169,384,222,162
110000170,43,49,-6
110000171,367,137,230
110000172,98,588,-490
110000173,932,942,-10
110000174,36,1412,-1376
110000175,177,80,97
110000176,27,139,-112
110000177,73,426,-353
110000178,317,407,-90
110000179,1278,325,953
110000180,47,276,-229
110000181,121,206,-85
110000182,314,209,105
110000183,8538,3063,5475
110000184,498,1087,-589
110000185,516,394,122
110000186,448,443,5
110000191,195,333,-138
110000192,145,2,143
110000193,177,2,175
110000194,4,1137,-1133
110000195,103,406,-303
110000196,135,414,-279
110000197,11,187,-176
110000198,26,41,-15
110000199,16,69,-53
110000200,940,483,457
110000201,204,336,-132
110000202,655,345,310
110000203,458,756,-298
110000204,3,320,-317
110000205,49,74,-25
110000206,526,1535,-1009
110000207,211,294,-83
110000208,42,61,-19
110000209,76,764,-688
110000210,362,562,-200
110000211,278,693,-415
110000212,232,625,-393
110000213,34,43,-9
110000214,59,73,-14
110000215,51,504,-453
110000216,21,606,-585
110000217,122,209,-87
110000218,42,456,-414
110000219,90,41,49
110000220,21,405,-384
110000221,108,39,69
110000222,15,377,-362
110000223,6,37,-31
110000224,104,9,95
110000225,99,375,-276
110000226,119,59,60
110000227,299,258,41
110000228,243,344,-101
110000229,2,185,-183
110000230,266,507,-241
110000231,61,110,-49
110000232,72,120,-48
110000233,104,204,-100
110000234,319,209,110
110000235,907,500,407
110000236,177,753,-576
110000237,811,744,67
110000238,505,944,-439
110000239,866,1030,-164
110000240,0,102,-102
110000242,0,20,-20
110000243,25,163,-138
110000244,48,282,-234
110000245,31,367,-336
110000246,195,585,-390
110000247,1013,2790,-1777
110000248,1673,1084,589
110000249,96,4,92
110000250,4,178,-174
110000251,69,353,-284
110000252,105,259,-154
110000253,562,278,284
110000254,508,1270,-762
110000255,257,1114,-857
110000256,349,126,223
110000257,683,297,386
110000258,2,473,-471
110000259,35,15,20
110000260,4,351,-347
110000263,443,65,378
110000264,111,542,-431
110000265,526,946,-420
110000266,1072,1217,-145
110000267,11,119,-108
110000268,157,334,-177
110000269,2,71,-69
110000270,18,1,17
110000271,1898,175,1723
110000272,480,682,-202
110000273,1367,780,587
110000274,110,573,-463
110000275,2674,299,2375
110000276,81,134,-53
110000277,77,329,-252
110000278,134,743,-609
110000279,471,546,-75
110000280,112,351,-239
110000281,4,109,-105
110000282,108,72,36
110000283,22,21,1
110000284,16,37,-21
110000285,0,130,-130
110000286,12,0,12
110000287,26,1,25
110000288,0,51,-51
110000289,263,785,-522
110000290,1207,453,754
110000291,5364,1130,4234
110000292,860,2153,-1293
110000293,192,991,-799
110000294,301,585,-284
110000295,62,716,-654
110000296,152,233,-81
110000297,1636,199,1437
110000298,285,367,-82
110000299,411,13,398
110000301,92,7,85
110000302,125,1156,-1031
110000303,134,1,133
110000304,50,220,-170
110000305,326,3,323
110000306,93,1695,-1602
110000307,438,3,435
110000308,170,9,161
110000309,4,1179,-1175
110000310,231,55,176
110000311,10,720,-710
110000312,313,30,283
110000313,1879,1282,597
110000314,0,156,-156
110000315,2163,1202,961
110000316,443,909,-466
110000317,346,165,181
110000318,1,74,-73
110000319,2,8,-6
110000320,16,59,-43
110000321,9,28,-19
110000322,66,400,-334
110000323,154,232,-78
110000324,4201,697,3504
110000325,1526,1294,232
110000327,228,101,127
110000328,70,387,-317
110000333,276,274,2
110000334,296,1076,-780
110000335,501,311,190
110000336,276,1145,-869
110000337,443,375,68
110000338,87,194,-107
110000339,74,266,-192
110000340,11,168,-157
110000341,117,520,-403
110000342,216,2,214
110000343,0,7,-7
110000344,13,143,-130
110000345,25,55,-30
110000346,1667,727,940
110000347,590,499,91
110000348,4,14,-10
110000349,5,5,0
110000350,31,7,24
110000351,282,633,-351
110000352,226,1107,-881
110000353,2695,571,2124
110000354,458,1185,-727
110000355,44,27,17
110000356,419,3,416
110000357,136,7,129
110000361,6,91,-85
110000362,10,40,-30
110000363,93,102,-9
110000364,79,255,-176
110000365,97,0,97
110000366,1,59,-58
110000367,180,169,11
110000368,1,38,-37
110000369,14,0,14
110000373,1,252,-251
110000374,24,2,22
110000375,71,382,-311
110000376,17,134,-117
110000377,52,225,-173
110000378,20,186,-166
110000379,3353,652,2701
110000380,17,4,13
110000383,4,553,-549
110000384,2813,365,2448
110000385,0,108,-108
110000387,46,11,35
110000388,29,181,-152
110000389,258,0,258
110000391,128,340,-212
110000396,31,114,-83
110000397,21,153,-132
110000398,3,17,-14
110000399,79,1,78
110000587,22,60,-38
110000589,122,133,-11
110000640,60,92,-32
110000652,6,58,-52
110000653,89,475,-386
110000654,5,18,-13
110000656,0,566,-566
110000674,15,8,7
110000675,3,2,1
110000676,3,13,-10
110000679,602,251,351
110000682,59,60,-1
110000683,235,240,-5
110000684,1,57,-56
110000685,6,4,2
110000686,2,37,-35
110000687,6,1,5
110000688,29,244,-215
110000689,3,25,-22
110000692,58,199,-141
110000693,81,137,-56
110000694,0,52,-52
110000695,107,555,-448
110000696,106,106,0
110000698,21,213,-192
110000699,61,344,-283
110900001,150,6,144
110900002,273,160,113
110900003,124,826,-702
110900004,91,210,-119
110900005,3532,744,2788
110900006,26,13,13
110900007,20,2,18
110900008,9,63,-54
110900009,104,26,78
110900010,1,68,-67
110900011,2,97,-95
110900012,1,139,-138
110900013,317,95,222
110900014,49,11,38
110900015,756,142,614
110900016,6,177,-171
110900017,69,41,28
110900018,117,19,98
110900019,69,21,48
110900020,19,514,-495
110900021,30,488,-458
110900022,30,339,-309
110900023,41,417,-376
110900024,9,441,-432
110900025,4,26,-22
110900027,9,234,-225
110900028,20,130,-110
110900029,25,434,-409
110900030,3,272,-269
110900031,13,139,-126
110900032,0,79,-79
110900033,20,235,-215
110900035,27,316,-289
110900036,53,23,30
110900037,18,27,-9
110900038,1015,124,891
110900039,9,159,-150
110900040,119,25,94
110900041,4,155,-151
110900042,22,36,-14
110900043,0,171,-171
110900044,170,20,150
110900045,28,463,-435
110900046,122,241,-119
110900047,581,45,536
110900049,10,18,-8
110900050,5,3,2
110900052,4,211,-207
110900053,21,33,-12
110900054,8,358,-350
110900055,8,1,7
110900056,15,91,-76
110900057,9,276,-267
110900058,51,170,-119
110900059,362,712,-350
110900060,76,39,37
110900061,16,29,-13
110900062,26,197,-171
110900063,8,63,-55
110900064,4,0,4
110900065,404,69,335
110900066,4,60,-56
110900067,343,200,143
110900068,191,255,-64
110900069,1,23,-22
110900070,58,21,37
110900071,143,143,0
110900073,0,15,-15
110900074,125,57,68
110900075,79,30,49
110900077,97,232,-135
110900078,5,104,-99
110900079,2197,301,1896
110900080,30,27,3
110900081,3,117,-114
110900082,36,259,-223
110900083,39,17,22
110900084,20,206,-186
110900085,41,255,-214
110900086,18,76,-58
110900087,55,45,10
110900088,0,0,0
110900090,7,9,-2
110900091,2,28,-26
110900093,80,39,41
110900095,16,30,-14
110900097,6,22,-16
110900098,3,78,-75
110900099,43,421,-378
110900100,0,38,-38
110900102,10,4,6
110900105,464,261,203
110900108,3,103,-100
110900111,188,45,143
110900112,187,5,182
110900113,356,29,327
110900115,2,88,-86
110900116,164,2043,-1879
110900118,138,555,-417
110900119,4979,149,4830
110900120,1,101,-100
110900121,17,0,17
110900122,59,94,-35
110900125,108,149,-41
110900127,298,341,-43
110900128,362,190,172
110900129,148,138,10
110900130,1051,147,904
110900131,31,32,-1
110900132,124,15,109
110900133,10,250,-240
110900135,31,387,-356
110900136,127,11,116
110900139,7,0,7
110900140,0,0,0
110900141,186,64,122
110900142,24,153,-129
110900143,43,43,0
110900144,3,639,-636
110900145,51,19,32
110900146,228,28,200
110900147,205,164,41
110900148,0,278,-278
110900149,0,33,-33
110900150,6,25,-19
110900151,0,64,-64
110900152,9,329,-320
110900153,49,7,42
111000001,181,301,-120
111000002,448,583,-135
111000003,364,399,-35
111000004,372,1294,-922
111000005,765,570,195
111000006,604,1468,-864
111000007,3276,1266,2010
111000008,3016,2558,458
111000009,232,622,-390
111000010,317,190,127
111000011,277,678,-401
111000012,361,211,150
111000013,202,1105,-903
111000014,501,414,87
111000017,73,317,-244
111000018,145,276,-131
111000020,1818,1293,525
111000021,54,102,-48
111000023,32,132,-100
111000025,5663,1262,4401
111000029,35,57,-22
111000030,21,39,-18
111000031,1631,412,1219
111000032,429,178,251
111000033,207,87,120
111000034,225,122,103
111000037,2722,1269,1453
111000038,2541,1802,739
111000039,897,1931,-1034
111000040,1093,2136,-1043
111000041,1647,1290,357
111000042,5916,2312,3604
111000043,1376,990,386
111000044,880,434,446
111000045,1109,1037,72
111000046,534,828,-294
111000047,1036,1433,-397
111000049,225,436,-211
111000050,1591,1534,57
111000051,277,856,-579
111000052,393,1110,-717
111000053,244,912,-668
111000054,170,856,-686
111000055,893,1817,-924
111000056,73,596,-523
111000057,26,813,-787
111000058,63,94,-31
111000059,136,201,-65
111000060,1684,562,1122
111000061,134,243,-109
111000062,368,171,197
111000063,779,482,297
111000064,218,334,-116
111000065,555,456,99
111000066,190,191,-1
111000067,278,435,-157
111000068,156,467,-311
111000069,1092,1237,-145
111000070,1954,1006,948
111000071,126,665,-539
111000072,387,208,179
111000073,124,451,-327
111000074,920,914,6
111000075,308,574,-266
111000076,176,691,-515
111000077,759,754,5
111000078,1403,749,654
111000079,1081,530,551
111000080,236,459,-223
111000081,1824,2027,-203
111000082,319,441,-122
111000084,322,345,-23
111000085,517,1290,-773
111000086,2489,1066,1423
111000087,487,637,-150
111000088,4948,1289,3659
111000089,296,664,-368
111000090,730,1076,-346
111000091,376,536,-160
111000092,507,962,-455
111000093,251,462,-211
111000094,826,543,283
111000095,431,1054,-623
111000096,2203,3323,-1120
111000097,5401,707,4694
111000098,383,1076,-693
111000099,284,2329,-2045
111000100,168,2247,-2079
111000101,235,655,-420
111000102,49,673,-624
111000104,127,107,20
111000107,32,637,-605
111000109,123,137,-14
111000110,419,423,-4
111000111,638,357,281
111000112,626,194,432
111000113,380,323,57
111000114,1260,722,538
111000115,6309,440,5869
111000116,497,537,-40
111000117,309,537,-228
111000118,835,729,106
111000119,486,1282,-796
111000120,191,296,-105
111000121,146,358,-212
111000122,268,831,-563
111000123,547,2885,-2338
111000124,211,3422,-3211
111000125,106,2166,-2060
111000126,47,887,-840
111000127,293,183,110
111000128,522,290,232
111000129,906,401,505
111000130,778,433,345
111000131,553,367,186
111000132,402,257,145
111000133,51,77,-26
111000134,56,96,-40
111000135,14,79,-65
111000136,117,229,-112
111000138,3,1,2
111000140,0,1,-1
111000141,139,189,-50
111000142,26,131,-105
111000143,7,61,-54
111000144,18,96,-78
111000145,162,0,162
111000146,22,7,15
111000147,298,21,277
111000148,82,50,32
111000149,1,17,-16
111000150,1,3,-2
111000151,0,18,-18
111000153,439,357,82
111000154,788,138,650
111000155,70,134,-64
111000156,253,215,38
111000157,103,324,-221
111000158,619,366,253
111000159,2021,469,1552
111000160,156,335,-179
111000161,6,186,-180
111000162,1,93,-92
111000163,192,490,-298
111000164,640,1391,-751
111000165,865,268,597
111000166,1122,209,913
111000167,115,407,-292
111000168,169,344,-175
111000169,257,413,-156
111000170,397,305,92
111000171,245,806,-561
111000172,61,639,-578
111000173,108,1297,-1189
111000174,52,490,-438
111000175,28,232,-204
111000176,58,125,-67
111000177,143,239,-96
111000178,404,320,84
111000179,49,171,-122
111000180,111,271,-160
111000181,361,242,119
111000182,82,136,-54
111000183,140,189,-49
111000184,153,165,-12
111000185,171,369,-198
111000186,95,292,-197
111000187,79,242,-163
111000188,95,403,-308
111000189,1660,443,1217
111000190,138,530,-392
111000191,82,470,-388
111000192,143,698,-555
111000193,307,407,-100
111000194,19,432,-413
111000195,63,419,-356
111000196,21,311,-290
111000197,101,179,-78
111000198,197,104,93
111000199,50,114,-64
111000200,73,173,-100
111000201,176,136,40
111000202,113,152,-39
111000203,168,98,70
111000204,233,240,-7
111000213,94,241,-147
111000214,926,1488,-562
111000215,603,1072,-469
111000217,560,611,-51
111000218,469,565,-96
111000219,305,173,132
111000220,2400,294,2106
111000221,589,95,494
111000224,136,321,-185
111000225,157,128,29
111000226,88,0,88
111000227,31,2,29
111000228,11,156,-145
111000229,22,230,-208
111000230,117,392,-275
111000231,299,1244,-945
111000232,146,636,-490
111000233,201,580,-379
111000234,44,146,-102
111000239,126,154,-28
111000240,13,40,-27
111000241,21,355,-334
111000242,52,39,13
111000243,47,846,-799
111000244,60,31,29
111000245,236,494,-258
111000246,116,548,-432
111000247,169,962,-793
111000248,209,299,-90
111000249,351,718,-367
111000250,22,165,-143
111000251,14,95,-81
111000253,3,1,2
111000255,19,5,14
111000257,39,2,37
111000260,33,1002,-969
111000261,265,58,207
111000271,38,276,-238
111000273,5546,1213,4333
111000274,761,1092,-331
111000275,63,69,-6
111000276,224,2239,-2015
111000277,77,331,-254
111000278,262,173,89
111000291,388,1867,-1479
111000298,171,239,-68
111000299,324,78,246
111000300,55,551,-496
111000302,96,64,32
111000303,57,278,-221
111000312,30,48,-18
111000315,29,248,-219
111000320,219,533,-314
111000321,108,24,84
111000322,115,433,-318
111000323,78,14,64
111000324,240,222,18
111000325,13,50,-37
111000326,27,261,-234
111000327,148,440,-292
111000328,105,271,-166
111000329,2,12,-10
111000330,15,10,5
111000331,16,1,15
111000332,167,697,-530
111000334,259,1313,-1054
111000335,169,98,71
111000337,213,251,-38
111000338,4,100,-96
111000339,105,415,-310
111000340,24,799,-775
111000341,453,134,319
111000342,42,227,-185
111000344,384,468,-84
111000345,286,29,257
111000346,17,92,-75
111000347,19,2,17
111000350,104,101,3
111000351,45,182,-137
111000352,88,62,26
111000353,40,177,-137
111000354,161,86,75
111000355,72,421,-349
111000358,61,1609,-1548
111000360,71,857,-786
111000361,73,365,-292
111000546,121,556,-435
111000547,112,646,-534
111000548,33,107,-74
111000549,81,427,-346
111000550,79,158,-79
111000551,480,84,396
111000552,188,35,153
111000907,124,6,118
111000908,10,0,10
111000916,341,144,197
111000917,15,255,-240
111000918,50,938,-888
111000920,129,8,121
111000921,1,375,-374
111000922,110,221,-111
111000924,23,880,-857
111000925,951,1100,-149
111000926,655,2501,-1846
111000927,1931,1939,-8
111000928,4432,2813,1619
111000929,569,585,-16
111000930,341,1762,-1421
111000931,912,977,-65
111000932,2382,1701,681
111000933,2355,1104,1251
111000934,1686,1828,-142
111000935,504,709,-205
111000936,475,1791,-1316
111000937,501,818,-317
111000938,1151,2041,-890
111000939,128,80,48
111000940,130,183,-53
111000941,93,556,-463
111000943,130,208,-78
111000944,76,586,-510
111000945,32,1992,-1960
111001109,223,91,132
111001110,159,552,-393
111001111,6,1,5
111001112,60,3,57
111001113,2,110,-108
111001114,1257,77,1180
111001115,138,189,-51
111001116,4258,1093,3165
111001117,630,491,139
111001120,59,305,-246
111001121,90,330,-240
111001122,132,563,-431
111001123,35,149,-114
111001124,68,347,-279
111001125,1,20,-19
111001126,0,0,0
111001127,0,102,-102
111001128,180,453,-273
111900001,1,160,-159
111900002,2,585,-583
111900003,0,310,-310
111900004,13,104,-91
111900006,1,10,-9
111900007,28,2,26
111900008,21,0,21
111900009,11,1,10
111900010,186,510,-324
111900012,89,72,17
111900013,3,35,-32
111900014,6936,1225,5711
111900015,1,47,-46
111900016,0,147,-147
111900017,1,147,-146
111900018,21,4,17
111900019,0,58,-58
111900020,4,35,-31
111900021,19,73,-54
111900022,18,43,-25
111900023,97,32,65
111900024,34,219,-185
111900025,0,26,-26
111900026,1,109,-108
111900027,4,146,-142
111900028,6,347,-341
111900029,1,99,-98
111900030,34,307,-273
111900032,1,370,-369
111900033,5,104,-99
111900034,173,534,-361
111900035,6,207,-201
111900036,0,364,-364
111900038,235,457,-222
111900039,16,360,-344
111900040,2,698,-696
111900042,26,72,-46
111900043,3,451,-448
111900044,189,184,5
111900046,59,188,-129
111900048,43,808,-765
111900049,17,265,-248
111900050,21,7,14
111900051,1,312,-311
111900052,313,498,-185
111900053,1276,254,1022
111900054,41,0,41
111900055,20,750,-730
111900056,126,58,68
111900057,30,80,-50
111900058,79,831,-752
111900059,1897,133,1764
111900060,99,1,98
111900061,14,310,-296
111900062,6,11,-5
111900063,96,161,-65
111900064,123,279,-156
111900065,31,25,6
111900066,32,66,-34
111900067,0,243,-243
111900068,15,5,10
111900069,12,4,8
111900070,37,147,-110
111900071,0,254,-254
111900072,5,2,3
111900073,175,32,143
111900074,3,126,-123
111900075,15,8,7
111900076,32,11,21
111900077,4,2,2
111900078,46,5,41
111900079,16,9,7
111900080,168,55,113
111900082,45,6,39
111900083,13,3,10
111900084,14,0,14
111900085,17,27,-10
111900086,36,0,36
111900087,10,0,10
111900088,88,0,88
111900089,5,1,4
111900090,36,4,32
111900091,75,5,70
111900092,23,0,23
111900093,60,1,59
111900094,8,0,8
111900095,55,3,52
111900096,36,0,36
111900097,0,0,0
111900098,19,0,19
111900099,8,0,8
111900100,29,0,29
111900101,24,6,18
111900102,94,681,-587
111900103,44,28,16
111900104,29,42,-13
111900105,106,70,36
111900106,972,20,952
111900110,2771,127,2644
111900111,10,15,-5
111900112,505,559,-54
111900113,290,82,208
111900118,83,17,66
111900119,120,28,92
111900122,34,10,24
111900123,8,7,1
111900124,17,101,-84
111900125,97,4,93
111900126,46,2,44
111900127,0,627,-627
111900128,0,525,-525
111900129,38,3,35
111900130,22,1,21
111900131,104,0,104
111900132,22,1083,-1061
111900133,4,253,-249
111900134,24,279,-255
111900135,1,7,-6
111900136,32,52,-20
111900137,40,26,14
111900138,3,70,-67
111900139,15,140,-125
111900140,28,5,23
111900141,11,4,7
111900142,37,8,29
111900143,4,93,-89
111900144,1,125,-124
111900145,0,594,-594
111900146,1,389,-388
111900147,119,606,-487
111900148,17,844,-827
111900149,5,359,-354
111900150,11,190,-179
111900151,0,8,-8
111900152,72,25,47
111900153,1347,139,1208
111900154,8,59,-51
111900155,34,27,7
111900156,16,10,6
111900157,16,10,6
111900158,97,6,91
111900159,35,2,33
111900160,49,0,49
111900161,21,0,21
111900162,90,54,36
111900163,24,194,-170
111900164,80,15,65
111901113,58,329,-271
111901114,15,287,-272
111901115,8,0,8
111901116,9,0,9
111901117,1,5,-4
111901118,118,17,101
111901119,906,54,852
111901121,111,291,-180
111901122,4,541,-537
111901123,33,339,-306
111901124,36,0,36
111901125,73,171,-98
111901127,631,60,571
111901128,3,49,-46
111901129,0,106,-106
111901130,5,237,-232
111901131,1,299,-298
111901132,32,4,28
111901133,16,0,16
111901134,9,0,9
111901135,1,2,-1
111901138,39,21,18
111901139,5,36,-31
111901140,0,132,-132
111901141,4,183,-179
111901142,4,136,-132
111901143,4,70,-66
111901144,27,13,14
111901145,75,90,-15
111901146,196,4,192
111901147,919,57,862
111901148,6,5,1
111901149,2,0,2
111901150,13,0,13
111901151,0,0,0
111901152,6,26,-20
112000001,781,533,248
112000002,549,1952,-1403
112000003,268,599,-331
112000004,269,1258,-989
112000005,1050,970,80
112000006,1066,1375,-309
112000007,853,851,2
112000008,1172,2200,-1028
112000009,3036,2749,287
112000010,1299,1558,-259
112000011,1132,1648,-516
112000012,2613,901,1712
112000013,3457,2062,1395
112000014,1495,429,1066
112000015,2029,1304,725
112000016,1990,537,1453
112000017,1113,717,396
112000024,1729,352,1377
112000026,3556,4094,-538
112000027,398,242,156
112000028,1314,1236,78
112000029,145,254,-109
112000030,150,67,83
112000031,728,1007,-279
112000032,259,34,225
112000033,1236,469,767
112000034,158,22,136
112000035,39,150,-111
112000036,582,299,283
112000037,454,638,-184
112000038,562,544,18
112000039,18,74,-56
112000040,95,264,-169
112000041,375,376,-1
112000042,625,195,430
112000050,402,727,-325
112000051,387,421,-34
112000054,1038,1849,-811
112000057,355,196,159
112000058,217,265,-48
112000059,329,243,86
112000061,3912,816,3096
112000062,2174,299,1875
112000063,1408,469,939
112000064,3900,4232,-332
112000065,2123,2194,-71
112000066,2233,586,1647
112000067,635,455,180
112000068,1127,716,411
112000069,433,1517,-1084
112000070,811,418,393
112000071,464,2568,-2104
112000072,490,551,-61
112000073,867,1354,-487
112000074,666,502,164
112000075,608,642,-34
112000076,2085,2241,-156
112000077,236,568,-332
112000078,504,527,-23
112000079,585,988,-403
112000080,273,722,-449
112000081,794,1173,-379
112000082,541,372,169
112000083,413,1060,-647
112000084,549,411,138
112000085,561,1062,-501
112000086,775,1179,-404
112000087,153,784,-631
112000088,178,623,-445
112000089,103,229,-126
112000090,82,324,-242
112000091,488,983,-495
112000092,764,594,170
112000093,1068,896,172
112000094,167,558,-391
112000095,339,553,-214
112000096,174,489,-315
112000097,440,291,149
112000098,354,1092,-738
112000099,297,406,-109
112000100,545,631,-86
112000101,262,751,-489
112000102,415,372,43
112000103,168,1134,-966
112000105,409,2185,-1776
112000106,663,352,311
112000107,30,84,-54
112000108,143,1530,-1387
112000109,65,88,-23
112000110,684,370,314
112000111,952,2806,-1854
112000112,1257,275,982
112000113,757,1749,-992
112000114,885,473,412
112000115,145,466,-321
112000116,106,813,-707
112000117,358,746,-388
112000118,463,697,-234
112000119,213,913,-700
112000120,50,325,-275
112000121,20,595,-575
112000122,135,105,30
112000123,170,138,32
112000124,148,56,92
112000125,52,76,-24
112000126,83,615,-532
112000127,1414,548,866
112000128,826,257,569
112000129,43,91,-48
112000130,40,39,1
112000131,14,321,-307
112000132,48,280,-232
112000133,91,231,-140
112000134,234,309,-75
112000135,390,464,-74
112000136,582,1038,-456
112000137,546,911,-365
112000138,681,877,-196
112000139,546,141,405
112000140,720,859,-139
112000141,193,145,48
112000142,119,902,-783
112000143,325,173,152
112000144,199,1621,-1422
112000145,917,533,384
112000146,441,2183,-1742
112000147,1015,1122,-107
112000148,1235,2006,-771
112000149,96,703,-607
112000150,76,587,-511
112000151,247,476,-229
112000152,105,248,-143
112000153,177,222,-45
112000154,89,91,-2
112000155,135,38,97
112000157,408,291,117
112000158,96,605,-509
112000159,173,223,-50
112000167,51,16,35
112000169,234,272,-38
112000173,297,129,168
112000175,103,262,-159
112000176,3824,933,2891
112000177,126,46,80
112000178,17,322,-305
112000179,69,142,-73
112000180,194,201,-7
112000181,773,1589,-816
112000182,278,1538,-1260
112000183,15,26,-11
112000184,102,460,-358
112000185,143,467,-324
112000187,1302,1299,3
112000195,57,2,55
112000196,6,0,6
112000197,5,55,-50
112000198,20,345,-325
112000199,554,587,-33
112000202,99,2,97
112000216,56,119,-63
112000230,19,1,18
112000231,1,286,-285
112000256,15,85,-70
112000313,85,70,15
112000314,0,13,-13
112000337,90,359,-269
112000352,130,77,53
112000392,1387,732,655
112000398,440,466,-26
112000399,2091,1094,997
112000400,1227,3196,-1969
112000401,1746,2118,-372
112000402,795,1376,-581
112000403,1389,1039,350
112000404,210,416,-206
112000405,785,1561,-776
112000406,2502,2728,-226
112000407,2402,3222,-820
112000408,6499,5370,1129
112000409,1043,3756,-2713
112000410,113,60,53
112000411,4541,363,4178
112000412,801,183,618
112000413,8308,1267,7041
112000414,45,71,-26
112000415,63,41,22
112000416,1014,840,174
112000417,92,70,22
112000421,28,85,-57
112000422,160,392,-232
112000424,1905,1014,891
112000425,245,1218,-973
112000426,53,181,-128
112000427,0,4,-4
112000428,75,372,-297
112000429,1189,1861,-672
112000430,1221,1940,-719
112000431,25,64,-39
112000432,388,1953,-1565
112000433,320,248,72
112000437,17,284,-267
112900001,13,1,12
112900002,64,1170,-1106
112900003,11,265,-254
112900004,7,297,-290
112900005,61,194,-133
112900007,13,155,-142
112900008,4,9,-5
112900009,176,68,108
112900010,140,541,-401
112900011,349,228,121
112900012,0,25,-25
112900013,2,83,-81
112900014,2,212,-210
112900015,214,723,-509
112900016,0,239,-239
112900017,22,140,-118
112900018,67,969,-902
112900019,36,72,-36
112900020,328,1115,-787
112900021,4,409,-405
112900022,6,64,-58
112900023,0,258,-258
112900024,13,209,-196
112900025,38,136,-98
112900026,3,240,-237
112900027,5,1232,-1227
112900028,10,104,-94
112900029,6,713,-707
112900030,211,171,40
112900031,4,522,-518
112900032,52,166,-114
112900034,2,41,-39
112900035,5,416,-411
112900036,21,101,-80
112900037,102,87,15
112900038,140,74,66
112900039,14,273,-259
112900040,4,206,-202
112900041,705,316,389
112900042,23,442,-419
112900043,8,39,-31
112900044,525,207,318
112900045,423,183,240
112900046,156,36,120
112900047,15,10,5
112900049,32,53,-21
112900050,33,345,-312
112900051,217,546,-329
112900052,5,865,-860
112900053,233,67,166
112900054,179,19,160
112900055,61,5,56
112900056,104,74,30
112900057,1,681,-680
112900058,175,77,98
112900059,68,100,-32
112900060,4,177,-173
112900061,43,133,-90
112900062,42,87,-45
112900063,70,3,67
112900064,97,123,-26
112900065,15,8,7
112900066,52,36,16
112900067,378,119,259
112900068,9,11,-2
112900069,1943,196,1747
112900071,7,3,4
112900072,172,425,-253
112900073,102,17,85
112900074,16,45,-29
112900075,1539,308,1231
112900076,37,3,34
112900078,69,130,-61
112900079,64,12,52
112900080,21,0,21
112900081,22,67,-45
112900082,165,7,158
112900083,20,15,5
112900084,23,14,9
112900086,8,1,7
112900087,166,26,140
112900088,28,4,24
112900089,261,3,258
112900090,6,1,5
112900091,30,0,30
112900092,57,107,-50
112900093,338,8,330
112900095,24,0,24
112900096,122,43,79
112900097,9,356,-347
112900098,18,0,18
112900099,182,9,173
112900100,5,0,5
112900101,47,1,46
112900102,20,3,17
112900103,56,0,56
112900104,148,0,148
112900105,3,0,3
112900106,150,42,108
112900107,0,0,0
112900108,10,0,10
112900109,13,1,12
112900110,245,6,239
112900111,167,2,165
112900112,86,1,85
112900113,0,9,-9
112900114,13,15,-2
112900115,220,0,220
112900116,18,3,15
112900117,112,108,4
112900118,21,40,-19
112900119,33,0,33
112900120,549,163,386
112900121,194,114,80
112900122,8,117,-109
112900123,101,7,94
112900124,0,99,-99
112900125,36,135,-99
112900126,104,180,-76
112900127,112,19,93
112900128,326,668,-342
112900129,0,662,-662
112900130,93,67,26
112900131,48,207,-159
112900132,24,363,-339
112900133,10,1019,-1009
112900134,0,198,-198
112900135,25,14,11
112900137,11,708,-697
112900138,5,400,-395
112900139,110,946,-836
112900141,132,4,128
112900142,41,44,-3
112900143,22,586,-564
112900144,6,1088,-1082
112900145,48,316,-268
112900146,8,1156,-1148
112900147,3,2189,-2186
112900148,10,1,9
112900149,65,405,-340
112900151,10,14,-4
112900152,4489,701,3788
112900153,1163,533,630
112900154,0,69,-69
112900155,35,4,31
112900156,103,1478,-1375
112900157,28,78,-50
112900158,3,3,0
112900159,90,58,32
112900160,16,177,-161
112900161,59,28,31
112900162,22,8,14
112900163,72,18,54
112900164,16,48,-32
112900165,53,11,42
112900166,9,33,-24
112900167,3,41,-38
112900168,1,0,1
112900169,4,13,-9
112900170,23,52,-29
112900172,57,8,49
112900173,164,50,114
112900174,144,8,136
112900175,100,27,73
112900176,1,8,-7
112900177,67,3,64
112900178,257,680,-423
112900179,48,517,-469
112900180,420,1730,-1310
112900181,142,5,137
112900182,40,1135,-1095
112900183,64,100,-36
112900184,239,141,98
112900185,124,204,-80
112900186,903,265,638
112900187,41,186,-145
112900188,377,171,206
112900189,3,23,-20
112900190,0,39,-39
112900192,139,81,58
112900193,441,110,331
112900194,14,62,-48
112900195,313,11,302
112900196,152,461,-309
112900197,76,288,-212
112900199,102,353,-251
112900200,198,202,-4
112900201,20,48,-28
112900202,88,776,-688
112900203,31,274,-243
112900204,561,172,389
112900205,1,13,-12
112900206,3,43,-40
112900207,4,0,4
112900208,58,33,25
112900209,335,343,-8
112900210,0,9,-9
112900211,12,26,-14
112900212,0,52,-52
112900213,9,1,8
112900214,10,1,9
112900215,4,191,-187
112900216,37,24,13
112900217,0,57,-57
112900218,21,2,19
112900219,24,8,16
112900220,10,0,10
112900221,1,130,-129
112900222,0,11,-11
112900223,143,1,142
112900224,87,601,-514
112900225,136,556,-420
112900226,76,108,-32
112900227,66,756,-690
112900228,23,14,9
112900229,28,64,-36
112900230,5789,1410,4379
112900232,101,87,14
112900233,27,147,-120
112900234,2,133,-131
112900235,32,15,17
112900236,62,11,51
112900237,40,511,-471
112900238,2,34,-32
112900239,405,165,240
112900240,6,130,-124
112900241,6,175,-169
112900242,2,278,-276
112900243,1,191,-190
112900244,0,135,-135
112900245,2,26,-24
112900246,0,4,-4
112900247,109,22,87
112900248,23,0,23
112900249,11,8,3
112900250,13,22,-9
112900251,13,8,5
112900252,14,29,-15
112900253,9,19,-10
112900254,1,9,-8
112900255,0,10,-10
112900256,6,9,-3
112900257,5,6,-1
112900258,21,28,-7
113000001,3221,3475,-254
113000002,2341,2221,120
113000003,1346,1337,9
113000004,1567,1355,212
113000005,896,634,262
113000006,702,906,-204
113000007,966,980,-14
113000008,944,1189,-245
113000009,394,637,-243
113000010,473,1008,-535
113000011,437,1130,-693
113000012,544,556,-12
113000013,791,319,472
113000014,1356,927,429
113000015,335,123,212
113000016,154,178,-24
113000017,4,178,-174
113000018,124,47,77
113000019,15,207,-192
113000020,64,10,54
113000021,723,509,214
113000022,363,967,-604
113000025,35,174,-139
113000026,141,267,-126
113000027,582,232,350
113000028,494,217,277
113000029,374,412,-38
113000030,414,428,-14
113000031,300,149,151
113000032,191,148,43
113000033,153,172,-19
113000034,368,186,182
113000035,15,18,-3
113000036,12,23,-11
113000037,30,22,8
113000038,8,20,-12
113000039,30,334,-304
113000040,32,58,-26
113000042,604,401,203
113000051,377,1248,-871
113000052,1794,752,1042
113000053,154,428,-274
113000054,83,449,-366
113000055,508,837,-329
113000056,401,1343,-942
113000058,572,674,-102
113000059,928,405,523
113000060,77,553,-476
113000061,436,436,0
113000062,816,82,734
113000063,59,155,-96
113000064,11,306,-295
113000065,66,1009,-943
113000066,200,85,115
113000067,557,797,-240
113000068,242,1658,-1416
113000069,225,1087,-862
113000070,611,530,81
113000071,122,520,-398
113000072,215,334,-119
113000073,413,986,-573
113000074,614,209,405
113000075,1327,211,1116
113000076,829,1096,-267
113000077,910,272,638
113000078,609,767,-158
113000079,540,380,160
113000080,506,293,213
113000081,448,577,-129
113000082,607,421,186
113000083,295,466,-171
113000084,895,712,183
113000085,450,355,95
113000086,645,787,-142
113000087,651,478,173
113000088,1221,710,511
113000089,580,752,-172
113000090,130,216,-86
113000091,603,177,426
113000094,519,145,374
113000095,231,944,-713
113000096,122,782,-660
113000097,408,200,208
113000098,27,19,8
113000099,641,152,489
113000100,89,330,-241
113000101,244,460,-216
113000102,372,151,221
113000103,1803,388,1415
113000104,234,1678,-1444
113000105,260,284,-24
113000106,174,430,-256
113000107,387,701,-314
113000108,661,1232,-571
113000109,307,1996,-1689
113000110,911,286,625
113000111,93,443,-350
113000112,233,277,-44
113000113,1350,187,1163
113000114,231,621,-390
113000116,436,199,237
113000117,535,93,442
113000118,78,163,-85
113000119,122,241,-119
113000120,26,167,-141
113000121,233,625,-392
113000124,84,101,-17
113000125,11,300,-289
113000127,2803,377,2426
113000128,313,223,90
113000129,275,888,-613
113000133,3236,386,2850
113000134,5,577,-572
113000135,1723,1405,318
113000137,1554,776,778
113000139,197,51,146
113000140,154,113,41
113000141,173,64,109
113000142,448,314,134
113000143,181,78,103
113000144,185,348,-163
113000145,21,88,-67
113000146,53,62,-9
113000147,80,69,11
113000148,34,113,-79
113000149,60,77,-17
113000150,342,259,83
113000151,97,30,67
113000152,44,107,-63
113000153,1413,255,1158
113000154,345,681,-336
113000155,132,216,-84
113000156,93,190,-97
113000157,188,423,-235
113000158,226,106,120
113000159,451,302,149
113000160,402,711,-309
113000161,134,461,-327
113000162,245,233,12
113000163,28,25,3
113000164,20,73,-53
113000166,55,47,8
113000167,18,167,-149
113000168,50,175,-125
113000169,62,40,22
113000170,43,65,-22
113000171,45,75,-30
113000172,106,52,54
113000173,27,4,23
113000174,73,430,-357
113000175,152,94,58
113000176,199,86,113
113000177,123,340,-217
113000178,137,378,-241
113000179,197,89,108
113000180,357,1087,-730
113000181,614,847,-233
113000182,96,182,-86
113000183,163,374,-211
113000184,30,89,-59
113000189,311,379,-68
113000190,800,192,608
113000192,2239,801,1438
113000193,3826,679,3147
113000194,1988,779,1209
113000195,2136,316,1820
113000196,71,77,-6
113000197,877,567,310
113000198,21,195,-174
113000199,386,268,118
113000201,563,111,452
113000202,2536,1809,727
113000203,508,133,375
113000204,1779,706,1073
113000205,17,9,8
113000206,8,21,-13
113000207,37,18,19
113000208,21,29,-8
113000209,6,12,-6
113000210,6,19,-13
113000211,296,99,197
113000212,198,16,182
113000213,7,82,-75
113000214,73,150,-77
113000234,143,1079,-936
113000410,17,70,-53
113000411,1600,2565,-965
113000412,7948,1192,6756
113000413,3030,968,2062
113000414,6511,4856,1655
113000415,1598,1331,267
113000416,7439,1817,5622
113000417,1890,1253,637
113000418,2139,1540,599
113000419,851,903,-52
113000420,2700,1730,970
113000421,2187,2735,-548
113000422,11272,3614,7658
113000423,1806,1593,213
113000424,3264,4189,-925
113000425,5,45,-40
113000428,20,0,20
113000430,7,5,2
113000432,773,70,703
113000433,83,720,-637
113000434,19,331,-312
113000435,6,656,-650
113000436,38,1206,-1168
113000437,192,16,176
113000438,77,5,72
113000439,16,146,-130
113000440,56,21,35
113000441,82,228,-146
113000442,76,250,-174
113000443,36,250,-214
113000444,49,249,-200
113000445,29,115,-86
113000446,18,84,-66
113000448,244,56,188
113000449,163,863,-700
113000450,450,2249,-1799
113000451,1603,100,1503
113000452,329,358,-29
113000453,140,167,-27
113000454,1023,28,995
113000455,97,83,14
113000456,2585,961,1624
113000468,2150,198,1952
113000469,147,44,103
113000470,402,60,342
113000471,10,278,-268
113000472,56,196,-140
113000474,215,507,-292
113000475,869,1293,-424
113000476,486,1254,-768
113000477,1045,1416,-371
113000478,2289,4378,-2089
113000479,16,226,-210
113000485,0,0,0
113000486,0,0,0
113000487,0,0,0
113000488,0,0,0
113000489,0,0,0
113000490,0,0,0
113000491,0,0,0
113000492,0,0,0
113000493,0,0,0
113000495,120,172,-52
113000496,36,69,-33
113900001,2,118,-116
113900002,0,109,-109
113900003,0,109,-109
113900004,0,25,-25
113900005,2,35,-33
113900006,1,46,-45
113900007,114,0,114
113900008,65,0,65
113900009,326,1,325
113900010,183,3,180
113900011,45,0,45
113900012,4,1,3
113900013,797,7,790
113900014,285,0,285
113900015,3,21,-18
113900016,4,0,4
113900017,0,50,-50
113900018,271,21,250
113900019,32,35,-3
113900020,35,0,35
113900022,2,0,2
113900023,10,0,10
113900024,18,66,-48
113900025,172,4,168
113900026,13,0,13
113900027,1,69,-68
113900028,13,358,-345
113900029,11,292,-281
113900030,51,1,50
113900031,4,0,4
113900032,3,0,3
113900033,31,54,-23
113900035,40,0,40
113900036,19,98,-79
113900037,19,461,-442
113900038,85,48,37
113900039,39,7,32
113900040,3,5,-2
113900041,0,0,0
113900042,39,30,9
113900043,86,65,21
113900044,108,45,63
113900045,10,2,8
113900046,161,648,-487
113900047,16,141,-125
113900048,230,13,217
113900049,599,131,468
113900050,76,267,-191
113900051,96,257,-161
113900052,97,97,0
113900053,293,103,190
113900054,3,2,1
113900055,71,498,-427
113900056,43,126,-83
113900057,13,67,-54
113900058,9,169,-160
113900059,70,259,-189
113900060,46,130,-84
113900061,667,92,575
113900062,23,14,9
113900063,29,121,-92
113900064,6,119,-113
113900065,184,18,166
113900066,98,333,-235
113900067,30,184,-154
113900068,226,188,38
113900069,19,10,9
113900070,123,352,-229
113900071,16,44,-28
113900072,22,128,-106
113900073,102,266,-164
113900074,12,347,-335
113900075,438,494,-56
113900076,65,6,59
113900077,15,173,-158
113900078,43,36,7
113900079,0,29,-29
113900080,107,95,12
113900081,17,142,-125
113900082,104,143,-39
113900083,78,476,-398
113900084,111,31,80
113900085,29,299,-270
113900086,8,18,-10
113900087,29,167,-138
113900088,25,47,-22
113900089,152,14,138
113900090,178,156,22
113900091,9,5,4
113900092,17,31,-14
113900093,57,307,-250
113900094,89,290,-201
113900095,38,65,-27
113900096,55,27,28
113900097,4,89,-85
113900098,245,38,207
113900099,1,24,-23
113900100,0,0,0
113900101,21,8,13
113900102,62,42,20
113900103,132,104,28
113900104,54,86,-32
113900105,28,331,-303
113900106,0,78,-78
113900107,0,10,-10
113900108,120,115,5
113900109,231,62,169
113900110,11,4,7
113900111,36,65,-29
113900112,38,68,-30
113900113,292,193,99
113900114,0,72,-72
113900115,0,45,-45
113900116,46,52,-6
113900117,30,8,22
113900118,124,157,-33
113900119,166,87,79
113900120,32,5,27
113900121,21,38,-17
113900122,122,745,-623
113900123,171,91,80
113900124,0,34,-34
113900125,994,102,892
113900126,38,22,16
113900127,88,224,-136
113900128,56,39,17
113900129,1,38,-37
113900130,0,0,0
113900131,50,49,1
113900132,29,24,5
113900133,9,20,-11
113900135,124,368,-244
113900136,25,59,-34
113900137,155,111,44
113900138,11,43,-32
113900139,324,58,266
113900140,264,82,182
113900141,146,360,-214
113900142,32,56,-24
113900143,5,13,-8
113900144,220,60,160
113900145,116,110,6
113900146,26,35,-9
113900148,44,75,-31
113900149,52,28,24
113900150,822,127,695
113900151,88,123,-35
113900152,12,40,-28
113900153,218,97,121
113900154,4,47,-43
113900155,124,25,99
113900156,134,466,-332
113900157,16,186,-170
113900158,178,68,110
113900159,7,134,-127
113900160,262,540,-278
113900161,36,131,-95
113900162,362,193,169
113900163,131,86,45
113900164,135,44,91
113900165,369,352,17
113900166,119,46,73
113900167,119,17,102
113900168,87,61,26
113900169,121,311,-190
113900171,35,24,11
113900172,4,119,-115
113900173,34,487,-453
113900174,238,475,-237
113900175,186,33,153
113900176,84,473,-389
113900177,152,130,22
113900178,90,74,16
113900179,11,690,-679
113900180,115,93,22
113900181,306,42,264
113900182,214,622,-408
113900183,12,43,-31
113900184,6,435,-429
113900185,85,42,43
113900186,3,22,-19
113900187,23,109,-86
113900188,12,95,-83
113900189,103,48,55
113900190,203,60,143
113900191,29,125,-96
113900192,2077,750,1327
113900193,21,223,-202
113900194,1517,577,940
113900195,245,303,-58
113900196,0,76,-76
113900197,2,255,-253
113900198,4,71,-67
113900199,135,387,-252
113900200,2,140,-138
113900201,1,197,-196
113900202,22,80,-58
113900203,6,204,-198
113900204,13,429,-416
113900205,5,30,-25
113900206,9,71,-62
113900207,0,27,-27
113900208,0,38,-38
113900209,2,51,-49
113900210,335,239,96
113900211,107,16,91
113900212,89,460,-371
113900214,187,213,-26
113900215,8,83,-75
113900216,11,941,-930
113900217,11,267,-256
113900218,38,46,-8
113900219,65,437,-372
113900220,51,45,6
113900221,128,67,61
113900222,1337,281,1056
113900223,38,714,-676
113900224,75,47,28
113900225,369,106,263
113900226,115,69,46
113900227,179,67,112
113900228,284,175,109
113900229,23,297,-274
113900230,3200,760,2440
113900231,69,135,-66
113900232,45,96,-51
113900233,7,30,-23
113900234,78,223,-145
113900235,22,31,-9
113900236,40,266,-226
113900237,37,0,37
113900238,57,146,-89
113900239,53,30,23
113900240,1,39,-38
113900241,41,24,17
113900242,34,85,-51
113900243,64,212,-148
113900244,289,120,169
113900245,874,165,709
113900246,6,2,4
113900247,94,99,-5
113900248,2571,617,1954
113900249,883,158,725
113900250,16,47,-31
113900251,161,176,-15
113900252,180,1,179
113900253,234,17,217
113900254,368,41,327
113900255,138,8,130
113900256,160,17,143
113900257,10,673,-663
113900258,5,504,-499
113900259,131,181,-50
113900260,38,2,36
113900261,12,89,-77
113900262,66,664,-598
113900263,52,363,-311
113900264,8,536,-528
113900265,105,244,-139
113900266,16,160,-144
113900267,76,428,-352
113900268,66,167,-101
113900269,16,80,-64
113900270,146,184,-38
113900271,235,932,-697
113900273,64,3,61
113900274,17,7,10
113900275,9,25,-16
113900276,1,202,-201
113900277,36,2,34
113900278,175,80,95
113900279,66,70,-4
113900280,639,561,78
113900281,160,447,-287
113900282,377,166,211
113900283,189,228,-39
113900284,210,60,150
113900285,47,6,41
113900286,9,74,-65
113900287,3,15,-12
113900288,0,42,-42
113900289,1060,37,1023
113900290,282,41,241
113900291,70,101,-31
113900292,4,3,1
113900293,2,148,-146
113900294,151,11,140
113900295,349,138,211
113900296,995,85,910
113900297,310,18,292
113900298,3,1096,-1093
113900299,10,64,-54
113900300,2773,784,1989
113900301,726,207,519
113900302,1907,427,1480
113900303,365,110,255
113900304,0,119,-119
113900305,8,0,8
113900306,2,0,2
113900307,21,0,21
113900308,47,72,-25
113900309,1,601,-600
113900310,0,18,-18
113900311,0,1,-1
113900312,40,57,-17
113900313,11,4,7
113900314,3,15,-12
113900315,34,2,32
114000001,782,2513,-1731
114000002,98,408,-310
114000003,128,1093,-965
114000004,135,314,-179
114000005,93,189,-96
114000006,1593,1336,257
114000007,256,916,-660
114000008,863,538,325
114000009,187,136,51
114000011,1384,2825,-1441
114000012,917,2385,-1468
114000013,714,1873,-1159
114000014,260,546,-286
114000015,466,372,94
114000016,156,312,-156
114000017,36,97,-61
114000018,338,35,303
114000026,549,1420,-871
114000027,1030,1698,-668
114000028,944,1298,-354
114000038,42,85,-43
114000039,85,263,-178
114000040,53,88,-35
114000042,43,127,-84
114000043,62,202,-140
114000044,134,248,-114
114000045,10,69,-59
114000046,1455,2975,-1520
114000047,5,38,-33
114000048,49,144,-95
114000049,885,687,198
114000050,912,766,146
114000051,1823,966,857
114000052,1835,750,1085
114000053,4,359,-355
114000054,41,1201,-1160
114000055,109,14,95
114000056,1272,305,967
114000057,6834,1650,5184
114000058,329,307,22
114000059,147,83,64
114000060,303,400,-97
114000061,2816,590,2226
114000062,2581,369,2212
114000063,3155,1095,2060
114000064,6668,1612,5056
114000065,1259,1327,-68
114000066,235,514,-279
114000067,37,167,-130
114000068,209,228,-19
114000069,377,190,187
114000070,1675,847,828
114000071,254,406,-152
114000072,64,343,-279
114000073,9,98,-89
114000074,10,19,-9
114000075,22,127,-105
114000076,12,135,-123
114000077,7,69,-62
114000078,36,898,-862
114000079,23,9,14
114000080,55,57,-2
114000081,21,89,-68
114000082,35,511,-476
114000083,18,186,-168
114000084,48,43,5
114000085,52,617,-565
114000086,85,461,-376
114000087,13,173,-160
114000088,11,24,-13
114000089,1166,298,868
114000090,301,284,17
114000091,914,215,699
114000092,482,172,310
114000093,427,339,88
114000094,216,254,-38
114000095,70,57,13
114000096,43,234,-191
114000097,74,496,-422
114000098,119,32,87
114000099,123,898,-775
114000100,354,470,-116
114000101,141,1062,-921
114000102,103,223,-120
114000103,67,452,-385
114000104,3,225,-222
114000105,18,26,-8
114000106,620,211,409
114000107,70,75,-5
114000108,3413,1150,2263
114000109,163,370,-207
114000110,297,1517,-1220
114000111,375,298,77
114000112,216,2420,-2204
114000113,419,257,162
114000114,909,1729,-820
114000115,952,400,552
114000116,173,612,-439
114000117,761,230,531
114000118,785,190,595
114000119,463,182,281
114000120,282,858,-576
114000121,206,355,-149
114000122,192,196,-4
114000123,407,182,225
114000124,179,229,-50
114000125,626,1674,-1048
114000126,433,133,300
114000127,56,140,-84
114000128,420,445,-25
114000130,182,354,-172
114000131,80,18,62
114000132,434,563,-129
114000133,642,801,-159
114000134,25,157,-132
114000138,26,111,-85
114000139,133,98,35
114000144,255,138,117
114000145,35,109,-74
114000146,62,221,-159
114000147,466,534,-68
114000148,1902,629,1273
114000149,139,135,4
114000150,1555,420,1135
114000151,1418,489,929
114000152,129,14,115
114000153,965,991,-26
114000154,586,441,145
114000155,856,851,5
114000156,483,265,218
114000157,177,516,-339
114000158,1925,353,1572
114000159,166,206,-40
114000160,72,134,-62
114000161,1046,526,520
114000162,439,407,32
114000163,7,127,-120
114000165,145,88,57
114000166,419,120,299
114000167,3357,836,2521
114000168,436,481,-45
114000169,1420,357,1063
114000170,584,297,287
114000171,366,905,-539
114000174,100,305,-205
114000176,375,236,139
114000177,1909,481,1428
114000178,24,37,-13
114000179,716,380,336
114000180,177,335,-158
114000181,920,1132,-212
114000182,4401,1573,2828
114000183,761,852,-91
114000184,6310,1411,4899
114000185,542,525,17
114000189,185,23,162
114000190,718,111,607
114000191,10,36,-26
114000192,270,1244,-974
114000193,856,2977,-2121
114000194,618,1235,-617
114000195,36,6,30
114000196,4,323,-319
114000197,474,60,414
114000198,997,278,719
114000199,1517,575,942
114000200,390,2127,-1737
114000201,112,1019,-907
114000202,470,826,-356
114000203,310,1113,-803
114000204,60,375,-315
114000205,170,1248,-1078
114000206,257,939,-682
114000207,434,2069,-1635
114000208,320,3159,-2839
114000209,508,2839,-2331
114000210,239,1585,-1346
114000211,501,1042,-541
114000212,265,533,-268
114000213,698,390,308
114000214,53,113,-60
114000215,38,46,-8
114000216,379,215,164
114000217,57,265,-208
114000218,70,283,-213
114000219,336,227,109
114000220,10,1429,-1419
114000221,183,85,98
114000222,178,1152,-974
114000223,143,36,107
114000224,93,646,-553
114000225,65,394,-329
114000226,36,195,-159
114000227,536,314,222
114000228,329,757,-428
114000229,340,1082,-742
114000230,844,1142,-298
114000231,385,1063,-678
114000232,217,100,117
114000233,925,76,849
114000234,726,761,-35
114000235,422,1505,-1083
114000236,0,397,-397
114000237,51,922,-871
114000238,23,187,-164
114000239,135,1266,-1131
114000240,296,466,-170
114000241,206,995,-789
114000242,697,872,-175
114000243,610,612,-2
114000244,333,278,55
114000245,238,490,-252
114000246,95,31,64
114000247,328,533,-205
114000248,445,355,90
114000249,262,393,-131
114000250,142,426,-284
114000251,98,282,-184
114000252,33,60,-27
114000253,19,169,-150
114000254,6,56,-50
114000255,370,73,297
114000256,2022,244,1778
114000257,636,1663,-1027
114000258,54,405,-351
114000259,5,199,-194
114000260,0,14,-14
114000261,16,4,12
114000262,9,110,-101
114000263,6,0,6
114000264,188,493,-305
114000265,0,2,-2
114000267,3,860,-857
114000268,4,1921,-1917
114000270,64,2,62
114000271,233,66,167
114000283,272,350,-78
114000285,33,265,-232
114000288,19,339,-320
114000289,540,175,365
114000293,57,252,-195
114000294,107,248,-141
114000395,609,45,564
114000396,125,175,-50
114000402,188,220,-32
114000403,140,567,-427
114000405,41,541,-500
114000423,63,431,-368
114000424,63,143,-80
114000425,139,447,-308
114000426,127,283,-156
114000427,26,61,-35
114000428,324,46,278
114000429,4,121,-117
114000432,29,111,-82
114000434,12,79,-67
114000435,1,81,-80
114900001,203,1386,-1183
114900002,147,22,125
114900003,156,1989,-1833
114900004,49,117,-68
114900005,145,925,-780
114900006,14,27,-13
114900007,29,1,28
114900008,23,20,3
114900010,2270,761,1509
114900011,35,51,-16
114900013,48,32,16
114900018,432,41,391
114900020,29,24,5
114900022,2,615,-613
114900025,72,173,-101
114900026,25,18,7
114900029,36,11,25
114900030,76,149,-73
114900031,54,21,33
114900032,65,21,44
114900034,19,188,-169
114900035,87,147,-60
114900036,177,1032,-855
114900039,191,618,-427
114900040,38,206,-168
114900041,173,577,-404
114900042,303,784,-481
114900044,24,19,5
114900047,93,721,-628
114900048,34,246,-212
114900049,33,246,-213
114900050,37,583,-546
114900051,15,455,-440
114900052,27,121,-94
114900053,23,158,-135
114900054,29,66,-37
114900057,117,2,115
114900058,0,68,-68
114900059,31,9,22
114900063,17,194,-177
114900064,382,597,-215
114900065,115,523,-408
114900067,10,270,-260
114900068,70,267,-197
114900069,112,139,-27
114900070,135,518,-383
114900072,7,207,-200
114900073,0,146,-146
114900074,120,933,-813
114900075,44,2,42
114900076,2,256,-254
114900080,3135,315,2820
114900082,2748,842,1906
114900083,431,494,-63
114900090,104,93,11
114900091,86,152,-66
114900097,22,1,21
114900098,4,180,-176
114900099,33,4,29
115000001,7885,4265,3620
115000002,1937,2037,-100
115000003,2917,3367,-450
115000004,1440,2797,-1357
115000005,781,2466,-1685
115000006,385,999,-614
115000007,67,99,-32
115000008,264,350,-86
115000009,114,253,-139
115000010,158,86,72
115000013,53,118,-65
115000015,64,114,-50
115000016,17,188,-171
115000019,15,253,-238
115000020,117,169,-52
115000021,217,309,-92
115000022,214,190,24
115000023,203,215,-12
115000024,783,398,385
115000025,471,255,216
115000026,96,256,-160
115000027,134,119,15
115000028,77,539,-462
115000029,205,90,115
115000030,197,574,-377
115000031,467,94,373
115000032,2,235,-233
115000033,123,11,112
115000034,114,653,-539
115000035,505,52,453
115000036,1,264,-263
115000037,161,2,159
115000038,43,146,-103
115000039,2447,1360,1087
115000040,5385,2292,3093
115000041,582,1387,-805
115000042,315,397,-82
115000043,2062,1425,637
115000044,2183,3314,-1131
115000045,1242,2567,-1325
115000046,865,1989,-1124
115000047,879,1812,-933
115000048,950,2585,-1635
115000049,1010,2051,-1041
115000050,1808,1441,367
115000051,1662,1161,501
115000052,2978,1457,1521
115000053,955,860,95
115000054,547,1103,-556
115000055,63,343,-280
115000056,120,202,-82
115000057,248,406,-158
115000058,122,106,16
115000059,152,165,-13
115000061,92,52,40
115000062,94,228,-134
115000063,119,278,-159
115000064,141,137,4
115000065,28,180,-152
115000067,135,30,105
115000069,12,276,-264
115000070,21,408,-387
115000071,40,8,32
115000072,13,36,-23
115000073,1014,29,985
115000075,16,45,-29
115000076,2581,2707,-126
115000077,707,3200,-2493
115000078,387,1573,-1186
115000079,529,1860,-1331
115000080,995,2149,-1154
115000081,312,704,-392
115000082,1788,1718,70
115000083,1162,3002,-1840
115000084,593,863,-270
115000085,239,844,-605
115000086,307,840,-533
115000087,354,1020,-666
115000088,1048,426,622
115000089,1107,904,203
115000090,542,377,165
115000091,238,1042,-804
115000092,258,285,-27
115000093,221,1,220
115000094,6728,3137,3591
115000095,5710,2583,3127
115000096,263,1918,-1655
115000097,355,571,-216
115000098,347,654,-307
115000099,1080,3187,-2107
115000100,356,356,0
115000101,216,1300,-1084
115000102,232,143,89
115000103,245,756,-511
115000105,26,187,-161
115000106,178,166,12
115000107,70,540,-470
115000108,2926,2197,729
115000109,4503,1436,3067
115000110,724,478,246
115000111,424,937,-513
115000112,260,312,-52
115000113,319,481,-162
115000114,1063,492,571
115000116,2181,759,1422
115000117,2529,1010,1519
115000118,801,922,-121
115000119,846,904,-58
115000120,300,397,-97
115000121,1234,430,804
115000122,2417,492,1925
115000123,1225,583,642
115000124,671,473,198
115000125,251,314,-63
115000126,53,151,-98
115000127,270,84,186
115000128,832,450,382
115000129,134,103,31
115000130,144,822,-678
115000131,215,195,20
115000132,58,445,-387
115000133,123,333,-210
115000134,52,162,-110
115000135,76,261,-185
115000136,69,154,-85
115000137,45,157,-112
115000138,109,156,-47
115000139,132,219,-87
115000140,82,160,-78
115000141,54,290,-236
115000142,44,282,-238
115000143,216,391,-175
115000144,230,80,150
115000145,175,359,-184
115000146,167,131,36
115000147,257,448,-191
115000148,191,1170,-979
115000149,231,153,78
115000150,416,906,-490
115000151,416,268,148
115000152,274,1424,-1150
115000153,401,207,194
115000154,255,194,61
115000155,315,1046,-731
115000156,664,349,315
115000157,702,639,63
115000158,539,213,326
115000159,581,229,352
115000160,378,165,213
115000161,189,379,-190
115000162,444,295,149
115000163,472,525,-53
115000164,378,422,-44
115000165,284,238,46
115000167,62,77,-15
115000168,444,116,328
115000169,569,219,350
115000170,115,126,-11
115000171,193,97,96
115000172,1434,342,1092
115000173,131,130,1
115000174,34,153,-119
115000175,63,90,-27
115000176,37,15,22
115000177,93,28,65
115000178,15,240,-225
115000179,12,11,1
115000180,15,469,-454
115000181,175,65,110
115000182,195,269,-74
115000183,94,743,-649
115000186,296,203,93
115000187,100,526,-426
115000188,251,318,-67
115000189,183,324,-141
115000190,436,267,169
115000191,144,255,-111
115000194,137,41,96
115000195,151,126,25
115000196,40,100,-60
115000197,75,327,-252
115000198,85,160,-75
115000199,67,298,-231
115000200,117,88,29
115000201,77,267,-190
115000206,83,43,40
115000207,21,253,-232
115000208,390,536,-146
115000209,284,83,201
115000210,48,74,-26
115000211,106,127,-21
115000212,1024,207,817
115000224,120,40,80
115000225,46,30,16
115000229,243,103,140
115000230,37,322,-285
115000231,202,2381,-2179
115000232,502,247,255
115000233,18,145,-127
115000234,13,237,-224
115000241,14,211,-197
115000242,22,257,-235
115000243,54,188,-134
115000244,4,80,-76
115000246,24,5,19
115000247,17,5,12
115000248,6,5,1
115000249,14,4,10
115000250,271,32,239
115000251,54,119,-65
115000252,10,118,-108
115000253,7,148,-141
115000258,84,180,-96
115000259,201,91,110
115000261,3,15,-12
115000262,3,9,-6
115000263,1,23,-22
115000264,12,17,-5
115000267,26,36,-10
115000268,14,82,-68
115000269,57,39,18
115000270,3,13,-10
115000272,19,108,-89
115000273,103,28,75
115000280,2003,51,1952
115000281,528,160,368
115000282,483,270,213
115000284,155,55,100
115000296,438,18,420
115000297,86,65,21
115000298,21,130,-109
115000300,21,172,-151
115000302,109,134,-25
115000303,195,88,107
115000304,158,62,96
115000305,34,993,-959
115000306,63,591,-528
115000307,9,305,-296
115000308,26,12,14
115000310,404,1045,-641
115000311,301,1011,-710
115000313,109,603,-494
115000314,100,36,64
115000315,942,229,713
115000316,35,42,-7
115000317,69,489,-420
115000318,269,129,140
115000319,34,196,-162
115000320,5,112,-107
115000321,300,0,300
115000322,15,224,-209
115000449,182,90,92
115000557,30,292,-262
115000558,176,57,119
115000587,159,200,-41
115000588,1671,3114,-1443
115000589,1735,2000,-265
115000590,484,1136,-652
115000591,676,448,228
115000592,391,1001,-610
115000593,757,360,397
115000594,559,828,-269
115000609,73,95,-22
115000617,1904,1028,876
115000624,112,108,4
115000633,279,1112,-833
115000634,1490,477,1013
115000635,133,87,46
115000638,1045,390,655
115000641,72,76,-4
115000642,311,206,105
115000643,41,258,-217
115000644,112,246,-134
115000646,338,603,-265
115000647,82,223,-141
115000648,703,1185,-482
115000893,2542,612,1930
115000894,48,749,-701
115000895,347,587,-240
115000896,1092,230,862
115000897,255,38,217
115000898,265,104,161
115000899,873,622,251
115000900,65,221,-156
115000901,69,65,4
115000912,89,43,46
115000913,2,20,-18
115000915,23,2,21
115000916,11,6,5
115000917,0,1,-1
115000918,83,95,-12
115000919,23,5,18
115000920,10,20,-10
115000921,1054,32,1022
115000922,1104,252,852
115000923,404,553,-149
115000925,20,24,-4
115000927,15,27,-12
115000933,323,51,272
115000934,50,153,-103
115000935,44,99,-55
115000936,39,202,-163
115000937,1093,87,1006
115000938,189,56,133
115000939,269,67,202
115000940,2,3,-1
115000941,19,3,16
115000942,29,24,5
115000943,52,12,40
115000944,2,8,-6
115900001,14,81,-67
115900002,57,108,-51
115900003,45,83,-38
115900004,1,68,-67
115900005,30,1,29
115900006,20,344,-324
115900008,8,28,-20
115900009,26,222,-196
115900010,59,121,-62
115900011,109,182,-73
115900012,21,78,-57
115900013,166,96,70
115900014,100,120,-20
115900015,18,133,-115
115900016,35,10,25
115900017,0,0,0
115900018,80,61,19
115900019,128,9,119
115900020,29,0,29
115900021,1306,87,1219
115900022,2111,10,2101
115900023,2,0,2
115900025,21,67,-46
115900026,570,324,246
115900027,1,280,-279
115900028,427,43,384
115900029,1,433,-432
115900030,32,1,31
115900031,325,76,249
115900032,104,451,-347
115900033,0,16,-16
115900034,12,435,-423
115900035,24,83,-59
115900036,164,150,14
115900037,7,462,-455
115900038,4,5,-1
115900039,21,315,-294
115900041,179,161,18
115900042,2,1,1
115900043,36,125,-89
115900044,127,119,8
115900046,98,235,-137
115900047,63,17,46
115900049,54,177,-123
115900051,0,28,-28
115900052,11,304,-293
115900053,73,220,-147
115900054,57,19,38
115900055,9,128,-119
115900056,39,319,-280
115900057,11,1,10
115900058,27,35,-8
115900060,3,91,-88
115900061,60,0,60
115900062,2,311,-309
115900063,33,7,26
115900064,79,153,-74
115900065,12,109,-97
115900066,91,146,-55
115900067,2,765,-763
115900068,3376,110,3266
115900069,21,102,-81
115900070,34,207,-173
115900071,0,576,-576
115900072,35,199,-164
115900073,24,13,11
115900074,0,363,-363
115900075,8,297,-289
115900076,4,85,-81
115900077,3,296,-293
115900078,12,115,-103
115900079,39,6,33
115900080,413,218,195
115900081,3,72,-69
115900082,79,72,7
115900084,86,3,83
115900085,47,35,12
115900086,1206,255,951
115900088,5,32,-27
115900089,67,595,-528
115900090,70,15,55
115900091,0,4,-4
115900092,16,219,-203
115900093,2,25,-23
115900094,0,412,-412
115900096,0,9,-9
115900097,0,467,-467
115900098,31,494,-463
115900099,10,69,-59
115900100,2,483,-481
115900101,43,434,-391
115900102,6,60,-54
115900103,101,202,-101
115900104,7,107,-100
115900105,36,603,-567
115900106,10,17,-7
115900107,9,183,-174
115900108,19,22,-3
115900109,19,269,-250
115900110,0,18,-18
115900111,0,57,-57
115900112,9,586,-577
115900113,26,21,5
115900114,2,141,-139
115900115,18,60,-42
115900116,65,784,-719
115900117,45,8,37
115900118,3,396,-393
115900119,28,42,-14
115900120,19,288,-269
115900121,27,183,-156
115900124,66,220,-154
115900125,80,26,54
115900126,248,20,228
115900127,122,39,83
115900128,4,84,-80
115900129,230,15,215
115900130,31,148,-117
115900131,33,9,24
115900132,75,3,72
115900134,76,11,65
115900135,381,328,53
115900137,3,3,0
115900139,29,73,-44
115900140,45,2,43
115900141,9,23,-14
115900142,5,9,-4
115900143,73,231,-158
115900144,18,171,-153
115900146,5,162,-157
115900147,92,95,-3
115900148,11,0,11
115900149,23,17,6
115900150,6,65,-59
115900151,5,42,-37
115900152,10,329,-319
115900153,17,179,-162
115900154,347,204,143
115900155,0,77,-77
115900156,247,261,-14
115900157,47,231,-184
115900158,27,8,19
115900159,12,155,-143
115900160,12,4,8
115900161,3,96,-93
115900163,44,69,-25
115900164,86,0,86
115900166,51,142,-91
115900168,28,99,-71
115900171,31,209,-178
115900172,12,87,-75
115900173,101,108,-7
115900174,153,157,-4
115900175,25,118,-93
115900178,5,537,-532
115900179,85,5,80
115900180,59,303,-244
115900181,85,253,-168
115900182,108,259,-151
115900183,26,8,18
115900184,902,12,890
115900187,1,79,-78
115900189,0,70,-70
115900190,186,185,1
115900191,44,355,-311
115900192,5,48,-43
115900193,28,25,3
115900194,123,10,113
115900195,256,415,-159
115900198,89,127,-38
115900199,72,207,-135
115900200,98,227,-129
115900201,300,126,174
115900202,0,2,-2
115900203,0,4,-4
115900204,0,1,-1
115900205,39,2,37
115900206,31,113,-82
115900207,8,25,-17
115900208,44,317,-273
115900209,0,112,-112
115900210,2,119,-117
115900211,0,125,-125
115900212,31,171,-140
115900213,22,8,14
115900214,69,92,-23
115900215,5,17,-12
115900216,5,95,-90
115900217,0,72,-72
115900218,0,49,-49
115900219,4,0,4
115900220,23,7,16
115900221,6,8,-2
115900222,13,2,11
115900223,7,39,-32
115900224,1388,168,1220
115900225,85,10,75
115900226,2,43,-41
115900227,4,23,-19
115900228,4,31,-27
115900229,4,27,-23
115900230,35,55,-20
115900231,28,0,28
115900232,12,0,12
115900233,27,3,24
115900234,34,12,22
115900235,4,13,-9
115900236,8,10,-2
115900237,0,26,-26
115900238,3,19,-16
115900239,7,32,-25
115900240,2,33,-31
115900241,65,45,20
115900242,190,121,69
115900243,2,8,-6
115900244,1,8,-7
115900245,5,2,3
115900246,2,2,0
115900247,5,1,4
115900248,4,1,3
115900249,4,6,-2
115900250,0,2,-2
115900251,0,2,-2
115900252,0,1,-1
115900253,0,3,-3
115900254,5,3,2
115900255,2,5,-3
115900256,25,23,2
115900257,0,1,-1
115900258,0,0,0
115900259,3,0,3
115900260,11,1,10
115900261,9,2,7
115900262,0,2,-2
115900263,2,5,-3
115900264,6,5,1
115900265,1,4,-3
115900266,5,3,2
115900267,5,4,1
115900268,1,7,-6
115900269,130,234,-104
115900270,70,572,-502
115900271,25,0,25
115900272,6,0,6
115900273,0,1,-1
115900274,1,7,-6
115900275,0,43,-43
115900276,0,43,-43
115900277,0,142,-142
115900278,11,46,-35
115900279,4,61,-57
115900280,3,85,-82
115900281,499,65,434
115900282,7,4,3
115900283,4,4,0
115900284,4,14,-10
116000001,12771,3500,9271
116000002,2448,2819,-371
116000003,878,1410,-532
116000004,924,1025,-101
116000005,1794,2469,-675
116000006,1066,702,364
116000007,2094,3305,-1211
116000008,1307,762,545
116000009,1211,2408,-1197
116000010,911,526,385
116000011,600,1824,-1224
116000012,476,387,89
116000013,13257,2750,10507
116000014,17221,4502,12719
116000015,349,472,-123
116000016,5070,1076,3994
116000017,20,279,-259
116000018,537,298,239
116000019,252,159,93
116000020,214,1059,-845
116000021,155,200,-45
116000022,155,474,-319
116000023,379,352,27
116000024,381,1225,-844
116000025,395,310,85
116000026,1196,1559,-363
116000027,228,363,-135
116000028,230,306,-76
116000029,573,314,259
116000030,293,246,47
116000031,80,130,-50
116000032,236,159,77
116000033,229,399,-170
116000034,324,717,-393
116000035,188,303,-115
116000036,1740,278,1462
116000037,560,235,325
116000038,470,185,285
116000039,526,142,384
116000040,748,113,635
116000041,311,429,-118
116000042,270,126,144
116000043,65,447,-382
116000044,4,121,-117
116000045,960,756,204
116000046,842,666,176
116000047,1598,1176,422
116000048,1410,1070,340
116000049,665,1153,-488
116000050,1030,951,79
116000051,2027,1064,963
116000052,2404,2244,160
116000053,860,810,50
116000054,449,1246,-797
116000055,309,937,-628
116000056,452,900,-448
116000057,1787,1227,560
116000058,2078,1064,1014
116000059,2112,2804,-692
116000060,2279,669,1610
116000061,345,567,-222
116000062,514,499,15
116000063,303,714,-411
116000066,125,290,-165
116000067,160,443,-283
116000068,108,165,-57
116000069,171,304,-133
116000078,186,820,-634
116000080,679,771,-92
116000082,2,72,-70
116000083,673,259,414
116000084,1564,3178,-1614
116000085,1177,590,587
116000086,2091,1228,863
116000087,763,754,9
116000088,432,864,-432
116000089,94,53,41
116000090,70,127,-57
116000091,91,109,-18
116000093,251,341,-90
116000094,232,499,-267
116000095,267,435,-168
116000096,254,709,-455
116000097,182,617,-435
116000098,229,1957,-1728
116000099,7430,233,7197
116000100,52,6,46
116000101,194,1243,-1049
116000102,109,1151,-1042
116000103,179,168,11
116000104,63,1425,-1362
116000105,337,124,213
116000106,188,1190,-1002
116000107,604,360,244
116000108,14,150,-136
116000111,48,30,18
116000113,40,29,11
116000114,38,83,-45
116000115,66,63,3
116000116,154,401,-247
116000117,670,1312,-642
116000118,518,953,-435
116000119,1035,1243,-208
116000120,1408,3482,-2074
116000121,300,311,-11
116000122,1024,2091,-1067
116000123,195,354,-159
116000124,173,849,-676
116000125,957,330,627
116000126,140,1209,-1069
116000127,849,1182,-333
116000128,598,512,86
116000129,364,128,236
116000130,164,164,0
116000133,244,765,-521
116000134,926,2569,-1643
116000135,689,893,-204
116000136,566,2181,-1615
116000137,322,340,-18
116000138,789,158,631
116000139,1159,1978,-819
116000140,77,177,-100
116000141,202,936,-734
116000142,3018,3686,-668
116000143,1271,904,367
116000144,941,2718,-1777
116000145,930,1057,-127
116000146,136,433,-297
116000147,230,70,160
116000148,223,284,-61
116000149,192,404,-212
116000151,420,1119,-699
116000153,39,460,-421
116000155,279,199,80
116000156,191,762,-571
116000157,14,15,-1
116000158,198,224,-26
116000159,14,6,8
116000160,12,88,-76
116000161,11,61,-50
116000162,30,31,-1
116000163,2,6,-4
116000164,2,5,-3
116000177,12,81,-69
116000194,22,249,-227
116000195,1194,456,738
116000196,1,6,-5
116000197,0,6,-6
116000198,2020,707,1313
116000200,401,119,282
116000201,351,371,-20
116000202,2,223,-221
116000203,5,82,-77
116000204,5,41,-36
116000205,0,138,-138
116000206,0,63,-63
116000207,1,36,-35
116000233,68,550,-482
116000287,75,610,-535
116000288,62,228,-166
116000292,12,126,-114
116000296,8,172,-164
116000297,50,27,23
116000304,35,27,8
116000305,10,60,-50
116000346,73,158,-85
116000352,48,20,28
116000354,74,4,70
116000357,6,3,3
116000358,61,30,31
116000361,790,0,790
116000372,7250,1422,5828
116000381,41,0,41
116000388,0,17,-17
116000389,400,375,25
116000445,103,700,-597
116000446,127,1090,-963
116000447,10,380,-370
116000448,466,243,223
116000563,607,405,202
116000565,69,314,-245
116000568,17,48,-31
116000579,15,79,-64
116000583,24,49,-25
116000584,9,14,-5
116000585,4,13,-9
116000586,205,62,143
116000587,192,297,-105
116000589,13,65,-52
116000590,43,25,18
116000591,47,211,-164
116000592,3,118,-115
116000593,0,51,-51
116000594,111,521,-410
116000595,254,148,106
116000596,15,2,13
116000597,46,34,12
116000598,4,141,-137
116000605,152,114,38
116000606,19,122,-103
116000607,3,46,-43
116000609,112,466,-354
116000611,28,523,-495
116000612,458,1336,-878
116000613,176,230,-54
116000614,321,865,-544
116000615,0,63,-63
116000616,15,131,-116
116000617,36,124,-88
116000618,2,186,-184
116000619,3,24,-21
116000620,41,206,-165
116000621,8,48,-40
116000622,9,93,-84
116000624,13,52,-39
116000627,12,110,-98
116000628,17,490,-473
116000629,15,355,-340
116000630,96,24,72
116000631,32,34,-2
116000632,147,90,57
116000633,39,314,-275
116000634,97,250,-153
116000635,2955,1006,1949
116000636,1582,719,863
116000637,91,87,4
116000638,34,410,-376
116000639,11,0,11
116000640,21,5,16
116000641,26,159,-133
116000643,2,126,-124
116000644,12,1024,-1012
116000645,3,19,-16
116900001,98,100,-2
116900002,223,4,219
116900003,3,63,-60
116900004,6,21,-15
116900005,112,33,79
116900006,116,108,8
116900007,53,145,-92
116900008,122,491,-369
116900009,5,6,-1
116900010,207,1772,-1565
116900011,6,16,-10
116900012,40,158,-118
116900013,3,141,-138
116900014,65,460,-395
116900015,89,77,12
116900016,62,1,61
116900017,4,698,-694
116900018,11,13,-2
116900019,0,339,-339
116900020,1034,173,861
116900023,23,2,21
116900024,192,70,122
116900025,210,1046,-836
116900026,104,512,-408
116900027,6,24,-18
116900028,1,99,-98
116900029,0,4,-4
116900031,0,10,-10
116900032,1,384,-383
116900033,1,8,-7
116900034,2,64,-62
116900035,32,179,-147
116900036,1,89,-88
116900038,1,0,1
116900041,9,6,3
116900042,864,160,704
116900043,5,56,-51
116900047,91,17,74
116900049,37,268,-231
116900050,39,363,-324
116900051,21,242,-221
116900052,82,49,33
116900055,1,1,0
116900057,9,250,-241
116900058,8,275,-267
116900059,1,139,-138
116900060,107,206,-99
116900062,0,2,-2
116900064,29,1038,-1009
116900065,7,64,-57
116900067,34,58,-24
116900068,71,289,-218
116900070,0,0,0
116900072,4,440,-436
116900073,7,210,-203
116900074,2,28,-26
116900076,3,16,-13
116900077,3,207,-204
116900078,205,101,104
116900079,10,400,-390
116900080,2,7,-5
116900081,194,1187,-993
116900082,112,687,-575
116900083,41,69,-28
116900084,143,39,104
116900085,10,119,-109
116900086,13,256,-243
116900088,219,34,185
116900090,110,62,48
116900091,69,94,-25
116900092,41,772,-731
116900093,974,1107,-133
116900094,4769,1436,3333
116900095,194,163,31
116900096,59,76,-17
116900097,3445,1156,2289
116900098,627,108,519
116900099,390,298,92
116900100,240,9,231
116900101,165,507,-342
116900103,2,1,1
116900104,27,31,-4
116900105,156,23,133
116900106,237,5,232
116900107,3436,639,2797
116900110,9,3,6
116900111,110,822,-712
116900112,107,780,-673
116900113,2322,574,1748
116900116,84,125,-41
116900117,11,76,-65
116900118,965,332,633
116900120,57,83,-26
116900121,12,15,-3
116900122,222,979,-757
116900123,42,892,-850
116900124,88,679,-591
116900125,85,218,-133
116900126,109,314,-205
116900128,0,30,-30
116900129,2,194,-192
116900130,787,1063,-276
116900131,18,62,-44
116900132,6,36,-30
116900133,49,74,-25
116900134,58,146,-88
116900136,51,116,-65
116900137,104,132,-28
116900138,98,184,-86
116900139,37,254,-217
116900140,71,105,-34
116900141,225,187,38
116900142,0,7,-7
116900143,70,324,-254
116900144,2,24,-22
116900145,41,279,-238
116900147,512,178,334
116900148,1,25,-24
116900149,21,68,-47
116900150,2,2,0
116900151,35,11,24
116900153,38,41,-3
116900154,581,105,476
116900155,27,17,10
116900157,126,243,-117
116900158,48,63,-15
116900159,25,140,-115
116900160,408,108,300
116900161,8557,2207,6350
116900162,4,152,-148
116900163,34,120,-86
116900164,31,15,16
116900165,97,56,41
116900166,6,94,-88
116900167,107,26,81
116900168,68,48,20
116900169,599,110,489
116900170,95,117,-22
116900171,12,187,-175
116900172,140,72,68
116900173,39,29,10
116900174,12,17,-5
116900175,92,40,52
116900178,5,152,-147
116900179,28,54,-26
116900180,55,10,45
116900182,139,118,21
116900183,52,67,-15
116900185,13,10,3
116900186,43,301,-258
116900187,2,9,-7
116900188,46,9,37
116900189,8,0,8
116900191,118,177,-59
116900192,133,147,-14
116900194,48,322,-274
116900195,17,2,15
116900196,7,106,-99
116900197,41,5,36
116900198,153,76,77
116900200,15,38,-23
116900201,26,2,24
116900202,65,54,11
116900203,28,3,25
116900204,35,31,4
116900206,7,48,-41
116900207,18,9,9
116900208,6,104,-98
116900209,4,135,-131
116900210,119,136,-17
116900211,105,6,99
116900212,13,85,-72
116900213,97,143,-46
116900214,47,58,-11
116900215,4,60,-56
116900216,120,309,-189
116900218,6,212,-206
116900219,474,258,216
116900220,37,97,-60
116900221,27,125,-98
116900222,232,193,39
116900223,34,67,-33
116900226,14,69,-55
116900227,66,56,10
116900228,67,267,-200
116900230,40,343,-303
116900231,4,458,-454
116900232,3,544,-541
116900233,105,43,62
116900234,6,7,-1
116900235,187,329,-142
116900238,1188,346,842
116900239,27,600,-573
116900240,5468,1578,3890
116900241,18,110,-92
116900242,1062,161,901
116900243,1,35,-34
116900245,14,5,9
116900246,17,7,10
116900247,168,13,155
116900248,28,8,20
116900249,99,55,44
116900250,77,31,46
116900251,260,99,161
116900252,14,848,-834
116900254,4,77,-73
116900255,39,23,16
116900256,112,74,38
116900257,9,619,-610
116900258,1,432,-431
116900259,25,8,17
116900260,1,156,-155
116900261,11,2,9
116900262,55,123,-68
116900263,2,12,-10
116900264,20,18,2
116900265,12,1,11
116900266,11,54,-43
116900267,2,0,2
116900268,11,3,8
116900269,213,402,-189
116900271,1408,53,1355
116900272,433,530,-97
116900273,284,29,255
116900274,33,34,-1
116900275,31,101,-70
116900276,249,21,228
116900277,411,9,402
116900278,1,5,-4
116900279,0,16,-16
116900280,14,24,-10
116900281,6518,1292,5226
116900282,0,118,-118
116900283,7,145,-138
116900284,13,180,-167
116900285,313,181,132
116900286,98,8,90
116900287,4,69,-65
116900288,25,184,-159
116900289,1,17,-16
116900290,3,43,-40
116900291,5,14,-9
116900292,0,3,-3
116900293,10,122,-112
116900294,29,93,-64
116900295,117,20,97
116900296,71,77,-6
116900297,1,24,-23
116900298,106,27,79
116900299,33,38,-5
116900300,0,80,-80
116900301,68,82,-14
116900302,45,37,8
116900303,264,41,223
116900304,0,87,-87
116900305,9,49,-40
116900306,58,186,-128
116900307,11,1,10
116900308,0,159,-159
116900309,22,65,-43
116900310,3,38,-35
117000001,776,775,1
117000002,1279,3142,-1863
117000003,5574,1429,4145
117000004,3595,3825,-230
117000005,1090,936,154
117000006,835,3615,-2780
117000007,1587,833,754
117000008,996,3916,-2920
117000009,2763,879,1884
117000010,2295,3245,-950
117000011,721,1376,-655
117000012,759,1624,-865
117000013,873,1025,-152
117000014,772,2197,-1425
117000015,2299,803,1496
117000016,580,84,496
117000017,439,146,293
117000018,82,246,-164
117000019,135,15,120
117000020,694,721,-27
117000021,3344,469,2875
117000022,608,49,559
117000023,736,124,612
117000024,353,54,299
117000025,893,477,416
117000026,2887,625,2262
117000027,2639,825,1814
117000028,3105,463,2642
117000030,835,538,297
117000031,287,177,110
117000032,1707,1179,528
117000033,747,582,165
117000034,283,268,15
117000035,217,177,40
117000036,310,231,79
117000037,155,161,-6
117000038,220,389,-169
117000039,278,235,43
117000040,77,1191,-1114
117000041,294,81,213
117000044,16,1278,-1262
117000045,251,45,206
117000046,406,875,-469
117000047,670,350,320
117000048,1742,1309,433
117000049,96,308,-212
117000050,66,2356,-2290
117000051,995,98,897
117000052,5,631,-626
117000053,93,60,33
117000054,802,3,799
117000055,116,2997,-2881
117000056,233,9,224
117000057,543,1896,-1353
117000060,285,1499,-1214
117000061,882,541,341
117000062,85,465,-380
117000063,990,386,604
117000064,824,708,116
117000066,959,450,509
117000067,127,169,-42
117000074,110,112,-2
117000076,48,34,14
117000077,78,38,40
117000078,78,516,-438
117000079,191,211,-20
117000080,1,328,-327
117000081,511,102,409
117000082,22,39,-17
117000083,181,626,-445
117000084,305,3,302
117000085,126,374,-248
117000086,701,557,144
117000087,245,392,-147
117000088,201,179,22
117000089,763,230,533
117000090,126,1305,-1179
117000091,291,242,49
117000092,182,1621,-1439
117000093,498,490,8
117000094,511,2304,-1793
117000095,1415,524,891
117000096,362,2276,-1914
117000097,459,882,-423
117000098,2114,5057,-2943
117000099,1375,553,822
117000100,79,79,0
117000101,125,1273,-1148
117000102,729,347,382
117000103,670,1621,-951
117000104,654,328,326
117000105,665,1994,-1329
117000106,573,481,92
117000107,398,2109,-1711
117000108,683,634,49
117000109,1273,2468,-1195
117000110,585,376,209
117000111,2489,4017,-1528
117000112,1549,1433,116
117000113,43,344,-301
117000114,81,113,-32
117000115,47,161,-114
117000116,48,217,-169
117000117,1163,210,953
117000118,239,123,116
117000119,343,50,293
117000120,264,78,186
117000121,129,402,-273
117000122,529,688,-159
117000123,1390,18,1372
117000124,708,28,680
117000125,317,34,283
117000126,52,17,35
117000127,143,259,-116
117000128,377,363,14
117000129,614,294,320
117000130,80,0,80
117000131,1,221,-220
117000132,495,34,461
117000133,300,100,200
117000134,0,51,-51
117000135,2,43,-41
117000136,0,61,-61
117000137,43,22,21
117000138,1,437,-436
117000140,406,1571,-1165
117000141,835,429,406
117000181,881,418,463
117000182,186,106,80
117000195,128,1156,-1028
117000196,51,38,13
117000225,224,0,224
117000226,13,92,-79
117000276,73,4,69
117000277,3,554,-551
117000310,1927,2270,-343
117000315,28,848,-820
117000320,45,0,45
117000906,99,6,93
117000907,5,439,-434
117000909,106,28,78
117000910,140,80,60
117000911,52,172,-120
117000915,7,585,-578
117000916,8,1,7
117000917,237,12,225
117000918,49,34,15
117000919,4,168,-164
117000920,3,1307,-1304
117000921,10,2391,-2381
117000922,71,111,-40
117000924,260,481,-221
117000926,1126,82,1044
117000927,1739,206,1533
117000928,1,271,-270
117000929,77,680,-603
117000930,54,8,46
117000931,640,41,599
117900002,95,286,-191
117900003,782,178,604
117900005,5,8,-3
117900006,2,25,-23
117900007,60,138,-78
117900008,0,38,-38
117900010,284,146,138
117900011,27,13,14
117900012,41,150,-109
117900013,1,309,-308
117900014,767,290,477
117900015,11,194,-183
117900016,962,300,662
117900017,683,719,-36
117900018,184,42,142
117900019,150,668,-518
117900020,38,210,-172
117900021,34,95,-61
117900023,626,179,447
117900024,71,87,-16
117900025,6,6,0
117900026,140,510,-370
117900028,64,7,57
117900029,118,1270,-1152
117900031,205,66,139
117900032,264,255,9
117900033,91,1023,-932
117900034,44,40,4
117900035,79,40,39
117900036,69,722,-653
117900037,30,94,-64
117900038,15,408,-393
117900039,5,69,-64
117900040,56,528,-472
117900041,2,49,-47
117900042,3919,334,3585
117900043,21,64,-43
117900044,36,2895,-2859
117900045,61,64,-3
117900048,91,314,-223
117900049,100,983,-883
117900050,6,28,-22
117900051,63,2,61
117900052,19,170,-151
117900053,400,589,-189
117900054,0,10,-10
117900055,107,188,-81
117900056,341,37,304
117900057,527,1105,-578
117900058,97,15,82
117900059,340,27,313
117900060,244,4819,-4575
117900061,10,185,-175
117900063,87,255,-168
117900065,529,951,-422
117900066,6,24,-18
117900067,153,347,-194
117900069,347,490,-143
117900070,249,3,246
117900071,53,98,-45
117900073,146,360,-214
117900074,242,4,238
117900075,25,45,-20
117900076,11,78,-67
117900077,96,84,12
117900078,153,197,-44
117900080,103,32,71
117900081,524,305,219
117900082,186,114,72
117900083,115,746,-631
117900086,70,26,44
117900087,17,34,-17
117900088,2107,1338,769
117900089,752,144,608
117900090,292,1134,-842
117900091,106,100,6
117900092,44,41,3
117900093,14,58,-44
117900094,9,3,6
117900095,333,1201,-868
117900096,16,161,-145
117900097,38,65,-27
117900098,5,1,4
117900099,112,489,-377
117900100,53,1,52
117900101,277,684,-407
117900102,35,39,-4
117900103,9,1,8
117900104,14,124,-110
117900105,107,153,-46
117900106,41,36,5
117900107,4,0,4
117900109,156,197,-41
117900110,27,0,27
117900111,105,1,104
117900112,40,11,29
117900113,3501,1254,2247
117900114,4,0,4
117900115,370,24,346
117900116,749,558,191
117900117,147,233,-86
117900118,3,0,3
117900119,37,239,-202
117900120,31,137,-106
117900121,35,23,12
117900122,827,984,-157
117900123,411,805,-394
117900124,360,438,-78
117900125,831,422,409
117900126,206,464,-258
117900127,160,497,-337
117900128,99,979,-880
117900129,19,0,19
117900130,512,221,291
117900131,0,100,-100
117900132,4,93,-89
117900133,2,118,-116
117900134,26,184,-158
117900135,9,255,-246
117900136,0,70,-70
117900137,10,360,-350
117900138,0,49,-49
117900139,36,118,-82
117900140,5592,30,5562
117900141,101,232,-131
117900142,249,6,243
117900144,48,88,-40
117900145,71,2,69
117900146,140,60,80
117900147,10,47,-37
117900148,2385,739,1646
117900149,12,142,-130
117900150,8,67,-59
117900151,28,137,-109
117900152,87,89,-2
117900153,4,85,-81
117900154,242,655,-413
117900156,521,520,1
117900157,53,312,-259
117900158,48,38,10
117900160,232,155,77
117900161,1741,2071,-330
117900162,165,365,-200
117900163,88,14,74
117900165,0,8,-8
117900166,62,184,-122
117900168,77,73,4
117900169,0,53,-53
117900170,0,14,-14
117900171,0,10,-10
117900172,4,16,-12
117900173,62,15,47
117900174,26,23,3
117900175,2,19,-17
117900176,3,31,-28
117900177,6,60,-54
117900178,54,27,27
117900180,156,22,134
117900181,90,79,11
117900182,0,9,-9
117900183,12,90,-78
117900184,17,46,-29
117900185,8,12,-4
117900186,12,12,0
117900187,2,4,-2
117900188,78,18,60
117900189,26,20,6
117900190,4,0,4
117900191,26,1,25
117900192,17,0,17
117900193,0,24,-24
117900194,3,1,2
117900195,3,15,-12
117900196,7,10,-3
117900207,94,43,51
117900208,3,25,-22
117900209,146,133,13
117900210,120,109,11
117900211,2,123,-121
117900212,46,109,-63
117900213,4,6,-2
117900214,1,52,-51
117900215,19,78,-59
117900216,104,39,65
117900217,275,22,253
117900218,214,235,-21
117900219,3,48,-45
117900220,72,40,32
117900222,151,168,-17
117900223,135,157,-22
118000001,404,297,107
118000002,1163,1248,-85
118000003,1481,892,589
118000004,2332,1485,847
118000005,5533,1182,4351
118000006,7426,4502,2924
118000007,4516,1776,2740
118000008,3897,1853,2044
118000009,1602,1549,53
118000010,1584,2674,-1090
118000011,490,2064,-1574
118000012,606,2034,-1428
118000013,2442,1965,477
118000014,1495,2765,-1270
118000016,143,381,-238
118000017,78,246,-168
118000018,175,579,-404
118000019,1468,958,510
118000020,945,759,186
118000021,477,929,-452
118000022,1367,355,1012
118000023,983,217,766
118000024,1293,376,917
118000027,17165,3555,13610
118000029,960,310,650
118000032,1503,1064,439
118000033,1877,1479,398
118000034,3867,1435,2432
118000035,1104,846,258
118000036,905,661,244
118000037,435,784,-349
118000038,77,111,-34
118000039,60,315,-255
118000040,1081,1901,-820
118000041,1320,1178,142
118000045,519,53,466
118000046,1646,439,1207
118000047,1534,373,1161
118000048,3109,767,2342
118000051,1690,441,1249
118000052,808,305,503
118000053,259,283,-24
118000054,1102,733,369
118000055,601,1101,-500
118000056,90,153,-63
118000057,114,226,-112
118000058,2976,737,2239
118000059,1785,552,1233
118000060,542,471,71
118000061,428,841,-413
118000062,414,139,275
118000063,262,295,-33
118000064,752,780,-28
118000065,4468,1018,3450
118000066,548,643,-95
118000067,1042,570,472
118000068,1437,2466,-1029
118000069,3094,701,2393
118000070,6027,859,5168
118000071,2793,3166,-373
118000072,1526,834,692
118000073,2571,387,2184
118000074,214,383,-169
118000075,546,251,295
118000076,862,796,66
118000077,1105,873,232
118000078,1414,1199,215
118000079,138,171,-33
118000080,999,559,440
118000081,1069,700,369
118000082,246,473,-227
118000083,1607,759,848
118000084,1683,919,764
118000086,128,402,-274
118000087,5323,1743,3580
118000088,1250,1096,154
118000089,2988,1499,1489
118000090,1756,1778,-22
118000091,956,1015,-59
118000092,865,288,577
118000093,81,470,-389
118000096,267,338,-71
118000097,507,350,157
118000098,176,160,16
118000099,220,719,-499
118000101,323,225,98
118000102,171,1235,-1064
118000107,3263,268,2995
118000108,381,633,-252
118000110,2,21,-19
118000111,2,768,-766
118000112,122,3,119
118000113,3,1161,-1158
118000114,82,6,76
118000115,11,5,6
118000116,36,0,36
118000117,1046,639,407
118000118,529,396,133
118000119,339,676,-337
118000120,948,1109,-161
118000121,112,328,-216
118000122,1009,169,840
118000123,39,211,-172
118000125,1406,805,601
118000126,509,971,-462
118000127,1259,442,817
118000128,612,879,-267
118000129,421,233,188
118000130,2048,2871,-823
118000131,385,826,-441
118000132,1316,1127,189
118000133,402,359,43
118000135,241,208,33
118000136,65,422,-357
118000137,446,73,373
118000138,160,620,-460
118000139,89,105,-16
118000140,1413,2062,-649
118000141,1079,1635,-556
118000142,639,1655,-1016
118000143,815,753,62
118000144,1070,789,281
118000145,1005,2224,-1219
118000146,660,1108,-448
118000147,423,1514,-1091
118000148,351,1178,-827
118000149,364,1137,-773
118000150,114,259,-145
118000151,123,362,-239
118000153,460,879,-419
118000154,728,1457,-729
118000155,407,897,-490
118000156,1526,1579,-53
118000157,233,307,-74
118000158,95,332,-237
118000159,6,35,-29
118000160,217,333,-116
118000161,190,643,-453
118000162,528,712,-184
118000163,246,462,-216
118000164,1734,1144,590
118000168,786,79,707
118000169,567,1300,-733
118000170,2490,4899,-2409
118000171,128,439,-311
118000172,87,216,-129
118000173,487,972,-485
118000175,122,258,-136
118000176,138,225,-87
118000177,121,338,-217
118000178,54,25,29
118000179,1095,367,728
118000180,455,583,-128
118000181,439,169,270
118000182,182,201,-19
118000183,138,143,-5
118000184,290,780,-490
118000185,570,337,233
118000186,326,493,-167
118000187,393,742,-349
118000188,217,196,21
118000189,119,666,-547
118000190,5,7,-2
118000191,25,22,3
118000192,39,60,-21
118000193,6,133,-127
118000194,1545,673,872
118000195,798,309,489
118000196,313,102,211
118000197,169,56,113
118000198,430,238,192
118000199,575,247,328
118000200,41,185,-144
118000201,424,148,276
118000202,23,28,-5
118000203,1504,229,1275
118000204,120,120,0
118000205,976,176,800
118000206,129,165,-36
118000207,0,100,-100
118000208,637,1047,-410
118000209,992,1881,-889
118000210,23,17,6
118000211,9,18,-9
118000213,666,444,222
118000214,450,217,233
118000215,134,413,-279
118000216,669,2559,-1890
118000217,10,73,-63
118000218,22,74,-52
118000219,367,253,114
118000220,1,12,-11
118000221,14,153,-139
118000222,47,27,20
118000223,20,16,4
118000224,132,65,67
118000225,97,920,-823
118000226,535,55,480
118000227,835,227,608
118000228,120,76,44
118000229,147,25,122
118000230,34,226,-192
118000231,28,148,-120
118000232,321,846,-525
118000233,361,662,-301
118000234,82,215,-133
118000236,114,301,-187
118000237,14,410,-396
118000238,69,255,-186
118000239,178,215,-37
118000240,486,44,442
118000241,39,205,-166
118000242,126,464,-338
118000243,41,159,-118
118000244,19,154,-135
118000246,8,1,7
118000255,14,119,-105
118000256,51,159,-108
118000259,5,19,-14
118000260,20,78,-58
118000261,8,47,-39
118000263,31,116,-85
118000266,64,368,-304
118000267,2,63,-61
118000268,145,0,145
118000270,4,25,-21
118000271,155,180,-25
118000272,14,18,-4
118000273,47,74,-27
118000274,58,250,-192
118000276,162,241,-79
118000295,4,33,-29
118000298,82,340,-258
118000299,53,167,-114
118000301,0,51,-51
118000302,62,69,-7
118000311,67,127,-60
118000312,92,171,-79
118000313,15,115,-100
118000314,27,75,-48
118000315,9,42,-33
118000316,231,428,-197
118000325,18,69,-51
118000326,7,21,-14
118000331,12,44,-32
118000332,4,37,-33
118000333,26,58,-32
118000335,46,0,46
118000336,0,357,-357
118000407,31,33,-2
118000457,2,29,-27
118000465,3911,1464,2447
118000480,19,95,-76
118000489,59,112,-53
118000490,51,311,-260
118000492,99,113,-14
118000510,43,9,34
118000514,144,288,-144
118000515,373,275,98
118000517,275,141,134
118000524,612,79,533
118000525,497,632,-135
118000530,2,68,-66
118000531,96,187,-91
118000532,109,183,-74
118000533,282,88,194
118000534,261,251,10
118000535,72,85,-13
118000536,783,284,499
118000537,14,31,-17
118000538,15,84,-69
118000539,23,78,-55
118000540,158,136,22
118000541,104,84,20
118000542,34,113,-79
118000543,146,149,-3
118000546,15,19,-4
118000553,0,3,-3
118000560,2631,406,2225
118000562,6,343,-337
118000563,1354,1055,299
118000576,110,178,-68
118000577,154,204,-50
118000578,91,77,14
118000579,715,646,69
118000583,0,0,0
118000595,96,64,32
118000596,0,60,-60
118000597,108,179,-71
118000598,0,0,0
118000599,50,40,10
118000600,0,4,-4
118000601,0,0,0
118000602,1,6,-5
118000603,0,74,-74
118000605,12,599,-587
118000606,12,29,-17
118900001,849,449,400
118900002,772,393,379
118900003,57,14,43
118900004,11,51,-40
118900005,38,2,36
118900006,37,1,36
118900007,5,5,0
118900008,908,22,886
118900009,3,3,0
118900010,10,0,10
118900011,26,15,11
118900012,191,157,34
118900013,506,27,479
118900015,21,7,14
118900016,1,34,-33
118900017,139,144,-5
118900018,852,4,848
118900019,43,9,34
118900020,129,88,41
118900021,86,243,-157
118900022,47,101,-54
118900023,36,70,-34
118900024,17,116,-99
118900025,17,7,10
118900026,13,80,-67
118900027,226,137,89
118900028,35,102,-67
118900029,33,314,-281
118900030,53,47,6
118900031,50,136,-86
118900032,57,178,-121
118900033,178,612,-434
118900034,34,5,29
118900035,45,272,-227
118900036,428,504,-76
118900037,133,228,-95
118900038,124,305,-181
118900039,66,164,-98
118900040,73,126,-53
118900041,154,202,-48
118900042,98,55,43
118900045,144,101,43
118900046,787,84,703
118900047,681,146,535
118900048,148,145,3
118900049,45,22,23
118900050,9,85,-76
118900051,77,64,13
118900052,101,209,-108
118900053,15,33,-18
118900054,54,79,-25
118900055,4,107,-103
118900056,67,118,-51
118900057,131,190,-59
118900058,153,409,-256
118900059,9,53,-44
118900060,24,121,-97
118900062,34,199,-165
118900064,464,176,288
118900065,8,102,-94
118900066,28,122,-94
118900067,4951,1483,3468
118900068,1,138,-137
118900069,170,202,-32
118900071,0,39,-39
118900072,172,333,-161
118900073,51,87,-36
118900074,30,84,-54
118900075,16,67,-51
118900076,95,46,49
118900077,164,130,34
118900078,8,2,6
118900079,28,131,-103
118900080,5,70,-65
118900081,30,13,17
118900082,296,120,176
118900083,2,20,-18
118900084,11,15,-4
118900085,346,800,-454
118900086,13,38,-25
118900087,20,117,-97
118900088,0,14,-14
118900089,21,7,14
118900090,225,408,-183
118900091,111,67,44
118900092,17,43,-26
118900093,77,10,67
118900096,80,62,18
118900097,100,693,-593
118900099,24,200,-176
118900100,88,174,-86
118900101,4,268,-264
118900102,5,26,-21
118900103,6,17,-11
118900104,21,60,-39
118900105,32,35,-3
118900107,58,57,1
118900108,22,52,-30
118900110,889,234,655
118900111,127,539,-412
118900112,22,67,-45
118900113,56,431,-375
118900114,7,67,-60
118900115,34,236,-202
118900116,27,87,-60
118900117,13,99,-86
118900118,70,312,-242
118900119,57,263,-206
118900120,27,304,-277
118900121,2,241,-239
118900122,2,262,-260
118900123,44,176,-132
118900124,22,123,-101
118900126,14,136,-122
118900129,104,85,19
118900130,42,58,-16
118900131,49,242,-193
118900132,207,77,130
118900133,7,34,-27
118900135,58,111,-53
118900136,89,697,-608
118900137,2,5,-3
118900139,118,543,-425
118900140,270,785,-515
118900141,6,206,-200
118900144,81,614,-533
118900145,14,144,-130
118900146,72,657,-585
118900147,121,65,56
118900148,19,42,-23
118900150,375,365,10
118900152,178,705,-527
118900157,60,82,-22
118900158,12,87,-75
118900159,1,132,-131
118900161,55,2,53
118900163,195,31,164
118900164,1,60,-59
118900165,7,120,-113
118900166,9,0,9
118900167,17,116,-99
118900168,3,21,-18
118900169,27,261,-234
118900170,8,47,-39
118900171,0,7,-7
118900174,21,17,4
118900175,111,270,-159
118900176,21,124,-103
118900177,4,35,-31
118900178,2,44,-42
118900179,3,18,-15
118900181,30,36,-6
118900182,20,14,6
118900183,4,20,-16
118900184,59,20,39
118900185,60,129,-69
118900186,64,79,-15
118900187,92,197,-105
118900188,85,217,-132
118900189,14,220,-206
118900190,3,538,-535
118900191,73,24,49
118900192,63,31,32
118900193,93,5,88
118900195,233,631,-398
118900196,9,96,-87
118900197,64,103,-39
118900198,3,56,-53
118900199,2,50,-48
118900200,2,1,1
118900201,3,0,3
118900202,8,32,-24
118900203,1,43,-42
118900204,2,28,-26
118900205,3,15,-12
118900206,1,22,-21
119000001,641,883,-242
119000002,1309,2230,-921
119000003,652,1308,-656
119000004,963,1016,-53
119000005,985,1114,-129
119000006,1107,1163,-56
119000007,1716,2000,-284
119000008,1143,1668,-525
119000009,2398,1598,800
119000010,6969,2748,4221
119000011,3888,1034,2854
119000012,3413,1812,1601
119000013,1425,768,657
119000014,1534,2690,-1156
119000019,90,132,-42
119000020,632,918,-286
119000021,1681,1360,321
119000022,2361,994,1367
119000023,185,123,62
119000024,1721,3607,-1886
119000025,9547,690,8857
119000026,150,142,8
119000027,243,238,5
119000028,1550,785,765
119000029,67,193,-126
119000030,250,847,-597
119000031,478,554,-76
119000032,1422,1475,-53
119000033,1019,1096,-77
119000034,701,778,-77
119000035,15,286,-271
119000036,582,972,-390
119000037,585,2095,-1510
119000038,56,1128,-1072
119000039,84,243,-159
119000040,655,317,338
119000041,653,905,-252
119000048,2613,3498,-885
119000049,817,3469,-2652
119000050,1150,1931,-781
119000051,1305,682,623
119000052,1585,2120,-535
119000053,1052,810,242
119000054,1813,3276,-1463
119000055,1784,2969,-1185
119000056,999,1508,-509
119000057,915,2241,-1326
119000058,1191,1780,-589
119000059,594,1159,-565
119000060,671,553,118
119000061,451,554,-103
119000062,759,913,-154
119000063,157,233,-76
119000064,996,1174,-178
119000065,1367,2389,-1022
119000066,1085,574,511
119000067,1297,2046,-749
119000068,654,766,-112
119000069,912,1892,-980
119000070,1115,923,192
119000071,421,599,-178
119000072,5048,2723,2325
119000073,3352,3484,-132
119000074,362,3299,-2937
119000075,529,1914,-1385
119000076,336,543,-207
119000077,506,315,191
119000078,165,351,-186
119000079,68,623,-555
119000080,76,166,-90
119000081,80,261,-181
119000082,195,167,28
119000083,138,221,-83
119000084,144,437,-293
119000085,419,282,137
119000086,176,234,-58
119000087,1253,798,455
119000088,200,141,59
119000089,36,76,-40
119000090,118,106,12
119000091,110,155,-45
119000092,413,106,307
119000093,3259,2824,435
119000094,1402,3970,-2568
119000095,528,2414,-1886
119000097,2165,1274,891
119000098,462,1055,-593
119000099,1415,1293,122
119000100,1407,1528,-121
119000101,1530,1447,83
119000102,453,478,-25
119000103,949,346,603
119000104,2680,1135,1545
119000105,402,680,-278
119000106,145,1818,-1673
119000107,211,392,-181
119000108,145,1408,-1263
119000109,75,180,-105
119000110,215,250,-35
119000111,23,290,-267
119000112,106,71,35
119000113,1827,211,1616
119000114,387,256,131
119000115,86,180,-94
119000116,83,55,28
119000117,38,211,-173
119000118,1,0,1
119000123,1872,449,1423
119000124,269,195,74
119000125,1007,924,83
119000126,281,929,-648
119000127,149,877,-728
119000128,31,5,26
119000131,391,1130,-739
119000132,1,0,1
119000133,1,6,-5
119000134,2184,370,1814
119000135,23,211,-188
119000136,91,345,-254
119000137,38,549,-511
119000138,117,378,-261
119000139,100,206,-106
119000140,35,163,-128
119000284,1094,1992,-898
119000285,1992,1507,485
119000286,4926,3119,1807
119000287,794,1548,-754
119000288,1206,1311,-105
119000289,1781,2969,-1188
119000290,79,371,-292
119000291,3,303,-300
119000293,57,128,-71
119000294,21,36,-15
119000295,1655,443,1212
119000296,110,81,29
119000302,3848,1091,2757
119000303,55,131,-76
119000314,1025,3302,-2277
119000315,1,586,-585
119000316,27,91,-64
119000317,18,508,-490
119000319,120,374,-254
119900001,51,397,-346
119900002,33,237,-204
119900003,28,1059,-1031
119900004,248,196,52
119900005,56,139,-83
119900006,88,200,-112
119900007,318,33,285
119900008,9,12,-3
119900009,202,373,-171
119900010,541,805,-264
119900011,9,14,-5
119900012,2,16,-14
119900013,875,399,476
119900014,411,153,258
119900015,16,8,8
119900016,11,52,-41
119900017,3,21,-18
119900018,1208,121,1087
119900019,8,3,5
119900020,25,87,-62
119900021,36,35,1
119900022,75,123,-48
119900023,685,392,293
119900025,26,19,7
119900026,545,39,506
119900027,5,12,-7
119900028,137,14,123
119900029,0,3,-3
119900030,139,287,-148
119900031,18,118,-100
119900033,1335,101,1234
119900034,57,115,-58
119900037,43,11,32
119900038,14,48,-34
119900039,21,1,20
119900040,34,10,24
119900041,22,45,-23
119900042,16,96,-80
119900043,27,159,-132
119900044,100,135,-35
119900046,22,55,-33
119900047,74,59,15
119900049,21,8,13
119900050,28,22,6
119900051,228,3,225
119900052,19,32,-13
119900053,95,223,-128
119900054,29,3,26
119900055,362,207,155
119900057,52,49,3
119900058,84,0,84
119900059,55,24,31
119900060,66,4,62
119900061,56,2,54
119900062,5,6,-1
119900063,7,22,-15
119900065,52,6,46
119900067,28,10,18
119900068,127,0,127
119900069,27,2,25
119900070,149,0,149
119900071,149,7,142
119900073,1336,232,1104
119900074,4,2,2
119900075,5349,1065,4284
119900076,10,58,-48
119900077,154,1192,-1038
119900078,127,553,-426
119900079,28,311,-283
119900080,127,222,-95
119900081,101,8,93
119900082,258,20,238
119900083,211,28,183
119900084,325,102,223
119900085,101,29,72
119900086,76,1014,-938
119900087,155,73,82
119900088,22,21,1
119900089,4,454,-450
119900090,104,18,86
119900091,13,1100,-1087
119900092,4,280,-276
119900093,345,49,296
119900094,14,164,-150
119900095,98,43,55
119900096,14,56,-42
119900097,349,135,214
119900098,11,39,-28
119900099,21,162,-141
119900100,2480,1120,1360
119900101,123,410,-287
119900102,12,257,-245
119900103,9,417,-408
119900104,6,156,-150
119900105,305,837,-532
119900106,3,181,-178
119900107,228,3091,-2863
119900108,1440,504,936
119900109,9,188,-179
119900110,273,556,-283
119900111,37,537,-500
119900112,2652,227,2425
119900113,39,437,-398
119900114,80,1760,-1680
119900115,65,1245,-1180
119900116,47,173,-126
119900117,82,885,-803
119900118,7,1146,-1139
119900119,47,248,-201
119900120,374,591,-217
119900121,54,1206,-1152
119900122,198,317,-119
119900123,86,206,-120
119900124,69,906,-837
119900125,40,319,-279
119900126,4339,95,4244
119900127,2625,563,2062
119900128,109,637,-528
119900129,56,683,-627
119900130,47,183,-136
119900131,12,263,-251
119900132,0,460,-460
119900133,15,14,1
119900134,1933,175,1758
119900135,0,404,-404
119900136,112,453,-341
119900138,264,387,-123
119900139,2,45,-43
119900140,1,145,-144
119900141,68,217,-149
119900142,0,9,-9
119900143,9,150,-141
119900144,1679,171,1508
119900145,27,236,-209
119900146,96,73,23
119900147,0,59,-59
119900148,47,29,18
119900149,1297,1260,37
119900150,113,144,-31
119900151,759,414,345
119900152,29,422,-393
119900153,49,39,10
119900154,11,1017,-1006
119900155,9,11,-2
119900156,8,5,3
119900157,18,225,-207
119900158,26,20,6
119900159,8,1636,-1628
119900160,10,207,-197
119900161,135,217,-82
119900162,441,276,165
119900163,55,42,13
119900164,0,0,0
119900165,44,205,-161
119900166,18,14,4
119900167,51,60,-9
119900168,196,264,-68
119900169,70,143,-73
119900170,64,68,-4
119900171,289,396,-107
119900172,34,10,24
119900173,2,614,-612
119900174,3,208,-205
119900175,340,442,-102
119900177,16,264,-248
119900178,3,152,-149
119900179,22,140,-118
119900180,395,450,-55
119900181,18,13,5
119900182,2,365,-363
119900183,60,875,-815
119900184,2504,384,2120
119900185,7,44,-37
119900186,14,206,-192
119900187,4,504,-500
119900188,13,308,-295
119900189,188,104,84
119900190,23,66,-43
119900191,156,94,62
119900192,6,194,-188
119900193,71,119,-48
119900194,4,12,-8
119900195,5,156,-151
119900196,1311,403,908
119900197,43,66,-23
119900198,37,409,-372
119900199,71,8,63
119900200,131,308,-177
119900201,298,98,200
119900202,89,46,43
119900203,54,159,-105
119900204,70,187,-117
119900205,156,513,-357
119900206,38,95,-57
119900208,61,105,-44
119900209,167,333,-166
119900210,9,33,-24
119900211,51,12,39
119900212,100,694,-594
119900213,3,31,-28
119900214,4,51,-47
119900215,9,72,-63
119900216,8,75,-67
119900217,7,53,-46
119900218,6,36,-30
119900219,3,105,-102
119900220,4,78,-74
119900221,11,328,-317
119900222,8,214,-206
119900223,18,74,-56
119900224,7,27,-20
119900225,864,21,843
119900226,664,473,191
119900227,1043,201,842
119900228,6,168,-162
119900229,140,289,-149
119900230,1031,437,594
119900231,69,154,-85
119900232,72,25,47
119900233,9,2,7
119900234,4,18,-14
119900235,2,13,-11
119900236,10,121,-111
119900237,18,437,-419
119900238,0,66,-66
119900240,17,123,-106
119900241,76,158,-82
119900242,1073,658,415
119900244,492,804,-312
119900245,33,82,-49
119900246,104,151,-47
119900247,7,9,-2
119900248,17,23,-6
119900249,80,22,58
119900253,3772,210,3562
119900254,15,209,-194
119900255,28,385,-357
119900256,97,1108,-1011
119900257,7,0,7
119900258,8,2,6
119900259,1,181,-180
119900260,24,0,24
119900261,52,162,-110
119900262,1,289,-288
119900263,594,331,263
119900264,24,218,-194
119900265,74,323,-249
119900266,60,261,-201
119900267,67,234,-167
119900268,40,179,-139
119900269,200,1124,-924
119900271,7,51,-44
119900272,39,26,13
119900275,18,1,17
119900276,25,1,24
119900277,11,2,9
119900278,131,25,106
119900279,38,85,-47
119900280,841,160,681
119900281,0,36,-36
119900282,21,4,17
119900283,2,318,-316
119900284,37,97,-60
119900285,7,55,-48
119900286,1,10,-9
119900288,3,47,-44
119900289,0,27,-27
119900290,0,17,-17
119900291,0,9,-9
119900292,13,6,7
119900293,10,68,-58
119900294,4,53,-49
119900295,6,66,-60
119900296,10,234,-224
119900297,0,19,-19
119900298,0,0,0
119900299,15,203,-188
119900300,58,195,-137
119900301,27,8,19
119900302,7,17,-10
119900303,49,116,-67
119900304,32,14,18
119900305,13,73,-60
119900306,4,0,4
119900307,14,92,-78
119900308,0,6,-6
119900309,2,14,-12
119900310,112,243,-131
119900311,33,174,-141
119900312,17,69,-52
119900313,91,301,-210
119900314,54,160,-106
119900315,365,2563,-2198
119900318,8,15,-7
119900319,1,316,-315
119900320,32,747,-715
119900321,13,0,13
120000001,6365,6287,78
120000002,1568,2776,-1208
120000003,2813,1586,1227
120000004,2487,1965,522
120000005,4177,1654,2523
120000006,977,1068,-91
120000007,2808,1852,956
120000008,865,1029,-164
120000009,4690,749,3941
120000010,1258,2959,-1701
120000011,852,1747,-895
120000012,1361,2246,-885
120000013,1581,2607,-1026
120000014,555,1370,-815
120000015,1980,1310,670
120000016,2327,2125,202
120000017,1367,1472,-105
120000018,4268,4551,-283
120000019,492,849,-357
120000020,2228,1879,349
120000021,1513,1183,330
120000022,2077,2265,-188
120000023,717,1301,-584
120000024,973,1687,-714
120000025,1267,1998,-731
120000026,533,1648,-1115
120000027,817,1141,-324
120000028,348,164,184
120000029,1420,317,1103
120000030,98,489,-391
120000031,1346,3333,-1987
120000032,8169,2530,5639
120000033,1921,1381,540
120000034,846,2014,-1168
120000035,908,2205,-1297
120000036,1658,2865,-1207
120000037,436,531,-95
120000038,9360,2409,6951
120000039,315,954,-639
120000040,62,92,-30
120000041,272,1631,-1359
120000042,991,4225,-3234
120000043,3087,2160,927
120000044,2304,1032,1272
120000045,2080,848,1232
120000046,1096,1303,-207
120000047,1674,1683,-9
120000048,6942,2603,4339
120000049,2617,2393,224
120000050,2463,4111,-1648
120000051,3305,2739,566
120000052,13867,1863,12004
120000053,819,4736,-3917
120000054,1063,6857,-5794
120000055,820,4174,-3354
120000056,2242,3866,-1624
120000057,1143,763,380
120000058,248,164,84
120000059,25,749,-724
120000061,66,480,-414
120000062,200,158,42
120000063,1759,2719,-960
120000064,217,1647,-1430
120000065,259,1631,-1372
120000066,64,365,-301
120000067,23,521,-498
120000068,77,1109,-1032
120000069,313,1469,-1156
120000070,16,979,-963
120000071,79,171,-92
120000072,137,408,-271
120000073,125,66,59
120000074,14,44,-30
120000075,116,202,-86
120000076,539,307,232
120000077,754,326,428
120000078,2719,408,2311
120000079,130,795,-665
120000080,174,227,-53
120000081,159,176,-17
120000082,118,232,-114
120000083,101,247,-146
120000084,417,508,-91
120000085,222,493,-271
120000086,236,854,-618
120000087,114,1390,-1276
120000088,422,1305,-883
120000089,585,353,232
120000090,298,437,-139
120000091,353,684,-331
120000092,579,526,53
120000093,152,405,-253
120000094,70,347,-277
120000095,523,658,-135
120000096,134,1140,-1006
120000098,293,772,-479
120000099,95,587,-492
120000100,426,831,-405
120000101,543,438,105
120000102,228,313,-85
120000103,569,358,211
120000104,953,170,783
120000105,1059,225,834
120000106,734,282,452
120000107,1231,263,968
120000108,353,71,282
120000109,468,45,423
120000110,94,836,-742
120000111,116,1378,-1262
120000112,492,4769,-4277
120000113,338,3075,-2737
120000114,538,2680,-2142
120000115,300,2416,-2116
120000116,439,2094,-1655
120000117,1029,1560,-531
120000118,44,25,19
120000119,27,115,-88
120000120,42,41,1
120000121,69,126,-57
120000122,280,204,76
120000123,5769,2654,3115
120000124,201,403,-202
120000125,188,631,-443
120000126,153,515,-362
120000127,1799,478,1321
120000128,4539,1610,2929
120000129,253,299,-46
120000130,570,773,-203
120000131,168,405,-237
120000134,200,1365,-1165
120000135,83,267,-184
120000137,65,2299,-2234
120000138,135,384,-249
120000139,96,1066,-970
120000140,158,521,-363
120000141,59,600,-541
120000142,85,621,-536
120000143,2,113,-111
120000144,20,1,19
120000145,96,3,93
120000146,2091,726,1365
120000149,437,792,-355
120000150,4249,5111,-862
120000151,265,421,-156
120000152,160,217,-57
120000153,77,668,-591
120000154,334,274,60
120000155,114,292,-178
120000156,2480,460,2020
120000157,700,509,191
120000158,400,741,-341
120000159,1484,1659,-175
120000160,1421,1020,401
120000161,792,2325,-1533
120000162,57,223,-166
120000163,221,1636,-1415
120000164,131,513,-382
120000165,154,890,-736
120000166,382,499,-117
120000167,7,35,-28
120000168,3,39,-36
120000169,109,209,-100
120000170,119,146,-27
120000171,26,31,-5
120000172,9,19,-10
120000173,2172,124,2048
120000174,469,5,464
120000175,503,5,498
120000176,232,34,198
120000177,722,368,354
120000178,72,1,71
120000179,258,13,245
120000180,274,25,249
120000181,68,95,-27
120000182,45,68,-23
120000183,2,105,-103
120000184,59,838,-779
120000186,66,50,16
120000187,49,32,17
120000188,219,52,167
120000190,948,21,927
120000191,1616,16,1600
120000192,1766,4,1762
120000193,517,1,516
120000195,76,0,76
120000196,182,27,155
120000197,50,110,-60
120000198,49,156,-107
120000199,14,0,14
120000200,37,1,36
120000201,7,5,2
120000202,2,57,-55
120000203,8,359,-351
120000207,0,113,-113
120000208,13,374,-361
120000209,0,131,-131
120000210,153,61,92
120000211,22,0,22
120000212,29,0,29
120000213,56,430,-374
120000214,0,525,-525
120000215,0,157,-157
120000216,21,7,14
120000217,706,1246,-540
120000218,254,1399,-1145
120000219,11,855,-844
120000220,17,3170,-3153
120000225,361,2,359
120000226,94,1,93
120000227,543,15,528
120000228,6944,1034,5910
120000230,69,8,61
120000231,343,2212,-1869
120000233,57,15,42
120000235,52,761,-709
120000236,397,2,395
120000237,2,2242,-2240
120000238,0,90,-90
120000241,789,2081,-1292
120000412,610,3,607
120000413,59,477,-418
120000414,18,3,15
120000415,1,277,-276
120000416,15,3,12
120000417,3,116,-113
120000418,21,4,17
120000419,4,377,-373
120000420,564,53,511
120000421,13523,4657,8866
120000422,198,291,-93
120000423,0,26,-26
120000424,26,171,-145
120000436,101,359,-258
120000437,234,161,73
120000438,5147,334,4813
120000439,113,185,-72
120000443,68,0,68
120000444,524,524,0
120000445,772,1212,-440
120000446,878,336,542
120000447,52,3,49
120000449,57,10,47
120000450,4,424,-420
120000451,83,228,-145
120000452,45,0,45
120000453,0,385,-385
120000454,82,36,46
120000455,44,65,-21
120000456,2625,1440,1185
120000457,1059,989,70
120000458,448,654,-206
120000459,25,97,-72
120000665,584,92,492
120000668,65,93,-28
120000669,29,422,-393
120000670,152,289,-137
120000671,389,177,212
120000672,104,371,-267
120900001,31,23,8
120900002,186,91,95
120900003,74,21,53
120900004,6,25,-19
120900005,5,2549,-2544
120900006,102,125,-23
120900007,34,147,-113
120900008,67,1157,-1090
120900009,246,65,181
120900010,160,29,131
120900011,338,79,259
120900012,835,335,500
120900013,164,16,148
120900014,3,719,-716
120900015,153,59,94
120900016,168,30,138
120900017,2915,60,2855
120900018,14,395,-381
120900019,323,59,264
120900020,519,332,187
120900021,265,34,231
120900022,26,316,-290
120900023,47,27,20
120900024,879,342,537
120900025,1901,547,1354
120900026,34,151,-117
120900027,349,85,264
120900028,67,22,45
120900029,53,125,-72
120900030,456,338,118
120900031,59,30,29
120900032,297,119,178
120900033,300,15,285
120900034,35,958,-923
120900035,13,37,-24
120900037,38,2,36
120900038,21,101,-80
120900039,33,13,20
120900040,57,1,56
120900041,91,24,67
120900042,61,50,11
120900043,11,15,-4
120900044,2,321,-319
120900045,47,75,-28
120900046,99,3,96
120900047,60,26,34
120900048,59,3,56
120900049,115,0,115
120900050,3791,767,3024
120900051,72,100,-28
120900052,130,0,130
120900053,47,43,4
120900054,1255,618,637
120900055,95,1,94
120900056,158,2,156
120900057,40,12,28
120900058,131,2,129
120900059,29,2,27
120900060,11,12,-1
120900061,202,268,-66
120900062,48,1,47
120900063,138,1,137
120900064,84,0,84
120900065,103,4,99
120900066,44,238,-194
120900067,148,25,123
120900068,51,0,51
120900069,52,55,-3
120900071,0,0,0
120900072,163,2,161
120900073,122,86,36
120900074,104,0,104
120900076,61,0,61
120900077,2988,142,2846
120900078,160,984,-824
120900079,141,82,59
120900080,232,2927,-2695
120900081,257,82,175
120900082,459,188,271
120900083,6,2,4
120900084,99,110,-11
120900085,133,80,53
120900086,123,90,33
120900087,132,55,77
120900088,49,81,-32
120900089,5201,842,4359
120900090,26,190,-164
120900091,301,212,89
120900092,753,747,6
120900093,4676,245,4431
120900094,506,183,323
120900095,108,34,74
120900096,8,67,-59
120900097,470,1200,-730
120900098,267,156,111
120900099,37,82,-45
120900100,40,484,-444
120900101,514,305,209
120900102,13,105,-92
120900103,4,89,-85
120900104,39,41,-2
120900105,20,1044,-1024
120900106,1239,554,685
120900107,415,94,321
120900108,1,1372,-1371
120900109,13,909,-896
120900110,73,445,-372
120900111,101,401,-300
120900112,3,1677,-1674
120900113,10,1134,-1124
120900114,42,240,-198
120900115,127,109,18
120900116,48,622,-574
120900117,2,669,-667
120900118,9,1216,-1207
120900119,2782,2426,356
120900120,30,766,-736
120900121,40,427,-387
120900122,61,686,-625
120900123,1,651,-650
120900124,1,969,-968
120900125,1,1181,-1180
120900126,1318,719,599
120900127,3,632,-629
120900128,765,888,-123
120900129,28,485,-457
120900130,0,155,-155
120900131,21,35,-14
120900132,241,396,-155
120900133,130,1199,-1069
120900134,353,432,-79
120900135,5,839,-834
120900136,4,17,-13
120900137,49,75,-26
120900138,19,205,-186
120900139,2,982,-980
120900140,0,26,-26
120900141,28,60,-32
120900142,18,1018,-1000
120900143,4,1089,-1085
120900144,0,203,-203
120900145,40,985,-945
120900146,1,1238,-1237
120900147,2,258,-256
120900148,65,90,-25
120900149,2,398,-396
120900150,3,732,-729
120900151,11,791,-780
120900152,34,66,-32
120900153,3,40,-37
120900154,0,361,-361
120900155,50,1149,-1099
120900156,42,463,-421
120900157,17,220,-203
120900158,16,565,-549
120900159,44,514,-470
120900160,13,307,-294
120900161,11,694,-683
120900162,10,815,-805
120900163,11,81,-70
120900164,0,0,0
120900165,0,2,-2
120900166,19,57,-38
120900167,169,62,107
120900169,12,442,-430
120900170,2527,957,1570
120900171,1021,324,697
120900172,914,120,794
120900173,6,64,-58
120900174,1,89,-88
120900175,168,151,17
120900176,9,158,-149
120900177,1,325,-324
120900178,0,123,-123
120900179,877,394,483
120900180,79,72,7
120900181,16,61,-45
120900182,8,220,-212
120900183,361,54,307
120900184,108,43,65
120900185,1,274,-273
120900186,3,756,-753
120900187,119,477,-358
120900188,37,4,33
120900189,103,276,-173
120900190,4,9,-5
120900191,5,23,-18
120900192,14108,1524,12584
120900194,18,54,-36
120900195,84,341,-257
120900196,197,53,144
120900197,254,27,227
120900198,135,654,-519
120900199,115,71,44
120900200,71,64,7
120900201,548,133,415
120900202,1,230,-229
120900203,17,29,-12
120900204,295,412,-117
120900205,34,48,-14
120900206,8,6,2
120900207,28,977,-949
121000001,822,887,-65
121000002,1592,982,610
121000003,3041,1387,1654
121000004,1579,2610,-1031
121000005,1485,1872,-387
121000006,1879,847,1032
121000007,2364,2087,277
121000008,4049,2124,1925
121000009,5059,3527,1532
121000010,6559,2553,4006
121000011,7308,5546,1762
121000012,11256,4099,7157
121000013,3835,4177,-342
121000014,5433,3833,1600
121000015,3116,3711,-595
121000016,3619,2501,1118
121000017,1165,2297,-1132
121000018,1255,1008,247
121000019,15865,6156,9709
121000020,9234,4940,4294
121000021,1724,2067,-343
121000022,712,1026,-314
121000023,2333,2224,109
121000024,1511,1971,-460
121000025,399,484,-85
121000026,233,65,168
121000027,870,452,418
121000028,341,215,126
121000029,460,430,30
121000030,199,216,-17
121000031,344,344,0
121000032,132,45,87
121000034,192,124,68
121000035,135,88,47
121000036,1004,582,422
121000037,414,485,-71
121000038,401,224,177
121000039,227,142,85
121000041,199,292,-93
121000042,160,225,-65
121000043,535,409,126
121000044,1272,402,870
121000045,139,222,-83
121000046,173,534,-361
121000047,104,168,-64
121000049,1448,426,1022
121000050,215,742,-527
121000051,428,248,180
121000052,138,455,-317
121000053,258,45,213
121000054,17,168,-151
121000055,975,740,235
121000056,561,650,-89
121000057,90,206,-116
121000058,257,56,201
121000059,1263,598,665
121000060,263,522,-259
121000061,96,111,-15
121000062,71,120,-49
121000063,459,327,132
121000064,367,472,-105
121000065,319,270,49
121000066,424,365,59
121000067,693,224,469
121000068,308,197,111
121000069,215,180,35
121000070,1173,851,322
121000071,522,639,-117
121000072,728,482,246
121000073,511,466,45
121000074,27,79,-52
121000075,18,23,-5
121000076,728,212,516
121000077,64,48,16
121000078,53,74,-21
121000080,2030,425,1605
121000081,1693,1429,264
121000082,119,154,-35
121000083,170,92,78
121000084,141,51,90
121000085,257,299,-42
121000086,94,646,-552
121000087,42,187,-145
121000088,313,367,-54
121000089,256,156,100
121000090,230,208,22
121000091,1035,392,643
121000092,91,53,38
121000093,85,145,-60
121000094,362,251,111
121000095,194,349,-155
121000096,1763,1435,328
121000097,911,937,-26
121000098,177,1055,-878
121000099,235,614,-379
121000100,340,445,-105
121000101,82,200,-118
121000102,52,327,-275
121000103,37,240,-203
121000104,90,133,-43
121000105,153,163,-10
121000106,65,290,-225
121000107,1645,2865,-1220
121000109,1099,841,258
121000110,199,286,-87
121000114,1788,1501,287
121000115,568,569,-1
121000116,512,491,21
121000117,797,246,551
121000118,883,184,699
121000119,187,195,-8
121000120,123,267,-144
121000121,257,584,-327
121000123,915,357,558
121000127,72,127,-55
121000128,319,399,-80
121000129,325,335,-10
121000130,173,796,-623
121000131,1833,725,1108
121000132,885,707,178
121000135,231,111,120
121000136,714,280,434
121000137,356,119,237
121000138,530,568,-38
121000139,318,69,249
121000141,112,72,40
121000142,617,287,330
121000143,94,16,78
121000144,774,578,196
121000145,374,950,-576
121000146,840,525,315
121000147,434,315,119
121000148,533,696,-163
121000149,1364,851,513
121000152,266,426,-160
121000153,1100,361,739
121000154,584,388,196
121000155,756,830,-74
121000156,258,606,-348
121000157,1148,1258,-110
121000158,300,426,-126
121000159,101,445,-344
121000160,173,556,-383
121000161,69,275,-206
121000162,12,197,-185
121000165,1083,1033,50
121000166,20,406,-386
121000168,141,190,-49
121000169,19,118,-99
121000170,98,54,44
121000171,32,103,-71
121000172,302,286,16
121000173,774,420,354
121000174,118,274,-156
121000175,273,440,-167
121000176,190,215,-25
121000177,461,481,-20
121000178,77,41,36
121000179,64,54,10
121000181,347,230,117
121000182,57,110,-53
121000183,31,49,-18
121000184,39,44,-5
121000185,8,124,-116
121000186,87,193,-106
121000187,75,216,-141
121000188,37,237,-200
121000192,382,205,177
121000193,365,294,71
121000194,1856,1245,611
121000195,314,754,-440
121000196,694,141,553
121000197,145,537,-392
121000198,153,34,119
121000199,78,348,-270
121000200,164,40,124
121000201,3,137,-134
121000202,407,57,350
121000203,287,2030,-1743
121000204,824,344,480
121000205,91,163,-72
121000206,67,23,44
121000207,849,348,501
121000208,6,233,-227
121000209,108,346,-238
121000210,110,556,-446
121000211,88,81,7
121000212,154,655,-501
121000213,6851,1714,5137
121000214,585,1132,-547
121000215,922,507,415
121000216,370,297,73
121000217,3189,1749,1440
121000218,431,1168,-737
121000219,1049,272,777
121000220,249,75,174
121000221,91,131,-40
121000222,2083,1620,463
121000223,580,304,276
121000224,331,113,218
121000225,1387,613,774
121000226,2501,496,2005
121000227,19,239,-220
121000228,31,727,-696
121000229,74,450,-376
121000230,49,1537,-1488
121000231,309,26,283
121000232,290,127,163
121000233,280,196,84
121000234,4,19,-15
121000235,20,52,-32
121000236,1,18,-17
121000237,25,40,-15
121000238,3,47,-44
121000239,6,7,-1
121000240,1,130,-129
121000241,54,9,45
121000242,28,99,-71
121000243,450,41,409
121000244,1,77,-76
121000245,13,12,1
121000246,2,50,-48
121000247,18,8,10
121000248,446,366,80
121000249,82,185,-103
121000250,183,66,117
121000251,8,443,-435
121000252,45,23,22
121000253,167,463,-296
121000254,298,194,104
121000255,102,92,10
121000256,130,140,-10
121000257,42,48,-6
121000258,57,75,-18
121000259,17,23,-6
121000260,92,72,20
121000261,22,28,-6
121000262,565,473,92
121000263,290,358,-68
121000271,121,1464,-1343
121000273,92,7,85
121000274,1,13,-12
121000275,2,24,-22
121000276,0,6,-6
121000278,27,30,-3
121000279,27,15,12
121000280,19,30,-11
121000289,246,28,218
121000290,947,498,449
121000294,49,136,-87
121000297,797,643,154
121000299,30,229,-199
121000300,409,343,66
121000302,46,332,-286
121000303,236,240,-4
121000304,302,27,275
121000305,75,27,48
121000306,31,80,-49
121000308,99,202,-103
121000309,199,371,-172
121000310,44,264,-220
121000311,48,413,-365
121000312,136,117,19
121000313,303,279,24
121000314,54,28,26
121000315,21,39,-18
121000530,596,1136,-540
121000531,631,992,-361
121000532,3756,2459,1297
121000533,1685,1452,233
121000918,12,184,-172
121000919,5,35,-30
121000938,160,87,73
121000939,221,94,127
121000956,309,1198,-889
121000957,1,9,-8
121000958,33,31,2
121000959,225,855,-630
121000960,1331,1689,-358
121000961,98,35,63
121000962,203,594,-391
121000973,1,309,-308
121000976,10,142,-132
121000979,130,24,106
121000981,261,73,188
121000982,129,173,-44
121000983,233,345,-112
121000984,4,31,-27
121000985,253,682,-429
121000986,93,271,-178
121000987,112,1345,-1233
121000988,307,84,223
121001302,241,92,149
121001308,5,6,-1
121001309,68,37,31
121001313,51,256,-205
121001314,2848,3122,-274
121001315,3060,1211,1849
121001326,280,251,29
121900001,39,101,-62
121900002,24,9,15
121900003,317,5,312
121900004,45,212,-167
121900005,8,3,5
121900006,38,17,21
121900007,1336,1355,-19
121900008,126,19,107
121900009,314,13,301
121900010,219,6,213
121900011,49,183,-134
121900012,1,0,1
121900013,1272,21,1251
121900014,741,397,344
121900015,69,112,-43
121900016,3,47,-44
121900017,150,361,-211
121900018,210,5,205
121900019,133,145,-12
121900020,7,1,6
121900021,686,4,682
121900022,90,89,1
121900023,25,243,-218
121900024,269,38,231
121900025,221,205,16
121900026,165,15,150
121900027,113,58,55
121900028,115,6,109
121900029,20,95,-75
121900030,383,331,52
121900031,694,2713,-2019
121900032,33,36,-3
121900033,93,52,41
121900034,151,55,96
121900035,1642,975,667
121900036,27,347,-320
121900037,81,376,-295
121900038,20,80,-60
121900039,314,19,295
121900040,23,53,-30
121900041,56,104,-48
121900042,242,78,164
121900043,0,4,-4
121900044,119,13,106
121900046,81,133,-52
121900047,56,39,17
121900048,6,77,-71
121900050,7,39,-32
121900051,85,135,-50
121900052,25,28,-3
121900053,122,146,-24
121900054,367,466,-99
121900055,0,12,-12
121900058,43,168,-125
121900059,132,100,32
121900060,52,173,-121
121900062,44,31,13
121900063,497,212,285
121900064,64,489,-425
121900066,49,18,31
121900067,5,10,-5
121900069,105,42,63
121900070,130,75,55
121900071,59,165,-106
121900072,10,107,-97
121900073,191,117,74
121900074,372,294,78
121900075,415,192,223
121900076,122,378,-256
121900078,17,21,-4
121900079,0,0,0
121900080,211,222,-11
121900082,12,77,-65
121900084,0,71,-71
121900086,3,25,-22
121900087,133,62,71
121900088,1202,787,415
121900089,44,298,-254
121900090,2,26,-24
121900091,10,38,-28
121900092,56,95,-39
121900093,45,52,-7
121900094,7,11,-4
121900095,114,64,50
121900096,907,244,663
121900097,111,96,15
121900098,2,0,2
121900099,107,58,49
121900100,88,93,-5
121900101,58,39,19
121900102,8,55,-47
121900103,282,153,129
121900104,582,204,378
121900105,47,60,-13
121900106,2,0,2
121900107,6,24,-18
121900108,0,5,-5
121900109,260,85,175
121900110,91,960,-869
121900111,535,86,449
121900112,63,62,1
121900113,22,110,-88
121900114,3,8,-5
121900117,44,9,35
121900118,1504,172,1332
121900119,25,39,-14
121900120,22,863,-841
121900121,232,28,204
121900122,21,23,-2
121900123,99,291,-192
121900124,55,161,-106
121900125,433,619,-186
121900127,10,49,-39
121900128,30,86,-56
121900129,807,23,784
121900130,58,185,-127
121900131,155,77,78
121900132,24,76,-52
121900133,71,140,-69
121900134,16,56,-40
121900135,1548,114,1434
121900136,66,375,-309
121900137,25,133,-108
121900138,21,101,-80
121900139,226,366,-140
121900140,12,81,-69
121900141,31,10,21
121900142,55,88,-33
121900143,0,97,-97
121900144,137,176,-39
121900145,66,66,0
121900146,356,434,-78
121900147,45,120,-75
121900148,75,160,-85
121900149,198,410,-212
121900150,62,97,-35
121900151,23,149,-126
121900152,19,84,-65
121900153,40,246,-206
121900154,6,76,-70
121900155,0,31,-31
121900156,88,71,17
121900157,0,290,-290
121900158,24,51,-27
121900159,1,117,-116
121900160,1,138,-137
121900161,357,152,205
121900162,90,74,16
121900163,56,502,-446
121900164,254,130,124
121900165,85,109,-24
121900166,88,114,-26
121900167,79,49,30
121900168,164,88,76
121900169,4,249,-245
121900170,3,84,-81
121900171,268,379,-111
121900172,172,166,6
121900173,520,83,437
121900174,13,17,-4
121900175,64,98,-34
121900176,405,1298,-893
121900177,80,42,38
121900178,19,44,-25
121900179,106,94,12
121900180,3797,1422,2375
121900182,391,157,234
121900183,243,318,-75
121900184,51,316,-265
121900186,4,243,-239
121900187,19,77,-58
121900188,369,177,192
121900189,13,35,-22
121900190,116,364,-248
121900191,22,97,-75
121900192,248,376,-128
121900193,15,148,-133
121900194,0,103,-103
121900195,50,39,11
121900196,538,419,119
121900197,210,1463,-1253
121900198,684,643,41
121900199,3,14,-11
121900200,46,133,-87
121900201,644,394,250
121900202,69,155,-86
121900203,133,363,-230
121900204,797,524,273
121900205,12,55,-43
121900206,3,3,0
121900207,71,12,59
121900208,105,201,-96
121900209,8,22,-14
121900210,723,524,199
121900211,181,455,-274
121900212,101,60,41
121900213,48,52,-4
121900214,0,156,-156
121900215,16,31,-15
121900216,25,44,-19
121900217,104,42,62
121900218,207,220,-13
121900220,68,3,65
121900221,158,397,-239
121900222,60,100,-40
121900223,42,35,7
121900224,22,49,-27
121900225,88,46,42
121900226,101,78,23
121900227,53,235,-182
121900228,116,169,-53
121900230,57,28,29
121900231,163,220,-57
121900232,111,233,-122
121900233,131,116,15
121900234,80,217,-137
121900235,145,199,-54
121900236,120,92,28
121900237,96,105,-9
121900238,72,99,-27
121900239,51,25,26
121900240,61,67,-6
121900241,14,49,-35
121900242,1,0,1
121900243,1,0,1
121900244,0,0,0
121900245,65,71,-6
121900246,838,230,608
121900248,714,496,218
121900250,250,192,58
121900251,174,14,160
121900252,447,58,389
121900253,111,591,-480
121900254,429,135,294
121900255,124,48,76
121900258,1558,1124,434
121900259,209,228,-19
121900260,11,122,-111
121900261,85,224,-139
121900262,277,519,-242
121900263,48,159,-111
121900264,1373,610,763
121900265,42,174,-132
121900266,83,138,-55
121900267,7,10,-3
121900269,36,116,-80
121900270,8,77,-69
121900271,15,105,-90
121900273,350,971,-621
121900274,101,130,-29
121900277,195,1056,-861
121900278,59,549,-490
121900279,146,253,-107
121900280,114,146,-32
121900281,146,49,97
121900284,35,16,19
121900286,22,67,-45
121900287,2,8,-6
121900288,0,2,-2
121900290,146,185,-39
121900291,324,372,-48
121900292,127,53,74
121900293,643,2197,-1554
121900294,141,1,140
121900295,28,136,-108
121900296,26,11,15
121900298,260,286,-26
121900299,0,0,0
121900300,36,0,36
121900301,27,2,25
121900302,0,41,-41
121900303,215,355,-140
121900304,0,0,0
121900305,0,1,-1
121900306,67,3,64
121900307,6,2,4
121900308,16,261,-245
121900309,12,186,-174
121900310,6,347,-341
121900311,146,10,136
121900312,67,3,64
121900313,136,11,125
121900314,0,22,-22
121900315,0,0,0
121900316,0,15,-15
121900317,0,2,-2
121900318,1,0,1
121900319,3,34,-31
121900320,35,60,-25
121900321,0,0,0
121900322,0,16,-16
121900323,9,6,3
121900324,5,27,-22
121900325,2,0,2
121900326,0,14,-14
121900327,1,32,-31
121900328,0,10,-10
121900329,0,160,-160
121900330,0,41,-41
121900331,31,1,30
121900332,27,10,17
121900333,9,1,8
121900334,90,25,65
122000001,1830,1793,37
122000002,4100,806,3294
122000003,1479,813,666
122000004,2280,576,1704
122000005,2474,739,1735
122000006,1945,344,1601
122000007,1198,786,412
122000008,4348,2111,2237
122000009,354,126,228
122000010,1672,1338,334
122000011,2388,426,1962
122000012,1006,642,364
122000013,1933,1065,868
122000014,1106,1811,-705
122000015,908,507,401
122000016,297,509,-212
122000017,695,696,-1
122000018,873,734,139
122000019,557,1124,-567
122000020,120,93,27
122000021,335,244,91
122000022,962,893,69
122000023,339,1814,-1475
122000024,1068,608,460
122000025,1586,769,817
122000026,1943,560,1383
122000027,402,4055,-3653
122000028,506,191,315
122000029,210,153,57
122000030,318,69,249
122000031,79,153,-74
122000032,1140,2352,-1212
122000033,738,446,292
122000034,432,378,54
122000035,266,554,-288
122000036,343,542,-199
122000037,175,181,-6
122000038,174,225,-51
122000039,573,363,210
122000040,316,248,68
122000041,272,385,-113
122000042,212,346,-134
122000043,85,63,22
122000044,57,69,-12
122000045,1139,409,730
122000046,457,627,-170
122000047,212,100,112
122000048,1845,2881,-1036
122000049,3698,1407,2291
122000050,1186,411,775
122000051,274,666,-392
122000052,420,244,176
122000053,115,326,-211
122000054,1681,1329,352
122000055,2067,1459,608
122000056,6861,2312,4549
122000057,3830,1653,2177
122000058,4270,1385,2885
122000059,2806,1144,1662
122000060,786,364,422
122000061,566,186,380
122000062,1302,378,924
122000063,1288,314,974
122000064,2566,2741,-175
122000065,4686,2184,2502
122000066,550,378,172
122000067,1195,1141,54
122000068,744,992,-248
122000069,598,426,172
122000070,283,2289,-2006
122000071,533,1139,-606
122000072,268,171,97
122000073,514,315,199
122000074,1180,697,483
122000075,251,789,-538
122000076,1373,637,736
122000077,1274,522,752
122000078,2943,1393,1550
122000079,1723,464,1259
122000080,931,249,682
122000081,104,218,-114
122000082,1097,458,639
122000083,814,3186,-2372
122000084,555,468,87
122000085,122,890,-768
122000086,1535,3803,-2268
122000087,235,82,153
122000088,133,160,-27
122000089,4364,1916,2448
122000090,190,265,-75
122000091,252,57,195
122000092,101,9,92
122000093,1057,719,338
122000094,5638,941,4697
122000095,2481,1267,1214
122000096,2158,959,1199
122000098,2716,1007,1709
122000099,2034,446,1588
122000100,1328,445,883
122000101,183,474,-291
122000102,1101,682,419
122000103,1280,985,295
122000104,145,130,15
122000105,184,201,-17
122000106,453,397,56
122000107,620,324,296
122000108,228,637,-409
122000109,229,248,-19
122000110,166,419,-253
122000111,1699,709,990
122000112,419,763,-344
122000113,337,367,-30
122000114,2338,1043,1295
122000115,950,973,-23
122000116,225,267,-42
122000117,624,188,436
122000118,210,248,-38
122000119,2365,733,1632
122000120,1902,1387,515
122000121,1943,1147,796
122000122,442,710,-268
122000123,1118,669,449
122000124,593,244,349
122000125,376,405,-29
122000126,398,400,-2
122000127,721,493,228
122000128,386,528,-142
122000129,225,453,-228
122000130,1228,298,930
122000131,922,295,627
122000132,617,157,460
122000133,563,1145,-582
122000134,242,378,-136
122000135,488,574,-86
122000136,204,168,36
122000137,513,435,78
122000139,961,1489,-528
122000140,718,286,432
122000141,3072,557,2515
122000142,408,366,42
122000143,305,145,160
122000144,1302,484,818
122000145,820,443,377
122000146,304,582,-278
122000147,745,196,549
122000148,2501,819,1682
122000149,1598,521,1077
122000150,739,369,370
122000151,143,233,-90
122000152,273,160,113
122000153,265,200,65
122000154,233,85,148
122000155,1189,1177,12
122000156,1651,1035,616
122000157,1592,748,844
122000158,263,352,-89
122000159,644,906,-262
122000160,2437,508,1929
122000161,672,299,373
122000162,1609,641,968
122000163,180,31,149
122000164,41,44,-3
122000165,607,570,37
122000166,732,793,-61
122000167,160,141,19
122000168,134,329,-195
122000169,442,127,315
122000170,144,206,-62
122000171,17,45,-28
122000172,1107,1164,-57
122000173,1029,1619,-590
122000174,1400,504,896
122000175,1247,209,1038
122000176,252,428,-176
122000177,1168,782,386
122000178,2172,1693,479
122000179,1440,2351,-911
122000180,1201,522,679
122000181,1196,1500,-304
122000182,1364,432,932
122000183,1231,630,601
122000184,1842,966,876
122000185,940,710,230
122000186,422,518,-96
122000187,1366,601,765
122000188,305,153,152
122000189,206,230,-24
122000190,884,712,172
122000191,502,261,241
122000192,700,208,492
122000193,228,477,-249
122000194,486,117,369
122000195,122,275,-153
122000196,735,402,333
122000197,421,416,5
122000198,416,692,-276
122000199,318,253,65
122000200,1101,329,772
122000201,947,1156,-209
122000202,908,710,198
122000203,1649,1021,628
122000204,856,1244,-388
122000205,1107,710,397
122000206,1598,505,1093
122000207,749,755,-6
122000208,1327,932,395
122000209,1836,236,1600
122000210,1245,1305,-60
122000211,864,814,50
122000212,395,291,104
122000213,529,667,-138
122000214,1048,933,115
122000215,1193,845,348
122000217,1513,942,571
122000218,522,31,491
122000219,1261,671,590
122000220,275,491,-216
122000221,102,275,-173
122000222,474,47,427
122000223,730,255,475
122000225,422,151,271
122000226,702,1345,-643
122000227,316,1336,-1020
122000228,230,336,-106
122000229,56,262,-206
122000230,29,515,-486
122000231,154,489,-335
122000232,342,700,-358
122000233,1,91,-90
122000234,79,143,-64
122000235,272,150,122
122000236,282,79,203
122000237,51,50,1
122000238,65,117,-52
122000239,268,85,183
122000240,491,202,289
122000241,455,333,122
122000242,174,57,117
122000243,46,61,-15
122000244,23,404,-381
122000245,42,216,-174
122000246,93,124,-31
122000247,343,626,-283
122000248,1115,1271,-156
122000249,194,375,-181
122000250,889,366,523
122000251,137,203,-66
122000252,369,35,334
122000253,6,161,-155
122000254,42,50,-8
122000255,362,1171,-809
122000256,255,1141,-886
122000257,103,263,-160
122000258,75,133,-58
122000259,9,634,-625
122000260,133,679,-546
122000261,7,169,-162
122000262,1,49,-48
122000263,47,105,-58
122000264,370,266,104
122000265,1395,468,927
122000266,3624,339,3285
122000267,60,94,-34
122000268,66,278,-212
122000269,574,181,393
122000270,713,76,637
122000271,262,842,-580
122000272,187,744,-557
122000273,288,394,-106
122000274,63,256,-193
122000275,36,212,-176
122000276,159,390,-231
122000277,368,796,-428
122000278,343,739,-396
122000279,58,364,-306
122000280,418,503,-85
122000281,311,432,-121
122000282,79,69,10
122000283,294,26,268
122000284,60,57,3
122000285,402,79,323
122000286,51,118,-67
122000287,426,735,-309
122000288,188,96,92
122000291,474,280,194
122000293,322,219,103
122000294,49,127,-78
122000295,884,106,778
122000296,13,412,-399
122000297,2470,1595,875
122000299,205,327,-122
122000300,567,381,186
122000301,11307,1853,9454
122000302,661,442,219
122000303,3246,801,2445
122000304,45,128,-83
122000305,451,583,-132
122000306,9,624,-615
122000307,124,84,40
122000309,32,67,-35
122000310,29,8,21
122000311,73,49,24
122000312,78,23,55
122000313,34,18,16
122000314,79,188,-109
122000315,135,11,124
122000316,166,124,42
122000317,461,141,320
122000318,243,193,50
122000319,285,411,-126
122000320,329,1969,-1640
122000321,48,255,-207
122000322,2329,2001,328
122000323,1245,1077,168
122000324,1348,1002,346
122000325,805,770,35
122000326,13,121,-108
122000327,93,290,-197
122000328,722,475,247
122000330,1306,499,807
122000333,4,183,-179
122000337,313,1176,-863
122000338,135,254,-119
122000340,237,219,18
122000342,1921,701,1220
122000343,235,1156,-921
122000344,15,20,-5
122000345,64,118,-54
122000346,211,400,-189
122000348,197,629,-432
122000349,54,460,-406
122000351,72,157,-85
122000352,181,66,115
122000353,44,129,-85
122000355,99,83,16
122000356,1034,503,531
122000357,8,7,1
122000358,1,41,-40
122000359,0,22,-22
122000360,0,23,-23
122000362,3,83,-80
122000364,54,313,-259
122000365,1,14,-13
122000366,2,5,-3
122000368,349,572,-223
122000370,10,36,-26
122000371,1,0,1
122000372,3,0,3
122000381,25,250,-225
122000382,44,168,-124
122000384,4009,1911,2098
122000385,5,1,4
122000386,451,585,-134
122000387,291,392,-101
122000388,1009,207,802
122000389,159,587,-428
122000390,244,161,83
122000391,181,61,120
122000392,162,140,22
122000393,90,510,-420
122000394,209,205,4
122000395,78,188,-110
122000396,165,109,56
122000397,12,46,-34
122000398,5,37,-32
122000399,38,73,-35
122000400,109,200,-91
122000401,82,70,12
122000402,129,72,57
122000403,174,1071,-897
122000404,67,308,-241
122000408,636,722,-86
122000503,6,61,-55
122000524,141,57,84
122000544,20,1841,-1821
122000614,480,140,340
122000616,389,2,387
122000640,33,165,-132
122000641,24,359,-335
122000642,670,1017,-347
122000643,6,90,-84
122000644,153,27,126
122000645,78,118,-40
122000651,1797,595,1202
122000664,121,27,94
122000665,714,400,314
122000666,299,709,-410
122000673,9,277,-268
122000674,108,35,73
122000675,870,755,115
122000686,148,1060,-912
122000687,522,228,294
122000688,72,696,-624
122000689,226,411,-185
122000690,349,602,-253
122000691,221,2282,-2061
122000692,671,220,451
122000693,273,1460,-1187
122000695,87,360,-273
122000696,96,278,-182
122000698,71,894,-823
122000699,72,33,39
122000701,799,278,521
122000702,329,1795,-1466
122000703,121,42,79
122000717,207,38,169
122000718,897,713,184
122000719,40,29,11
122000720,104,201,-97
122000724,274,203,71
122900001,13,2,11
122900002,729,1214,-485
122900003,158,16,142
122900004,269,14,255
122900005,25,18,7
122900006,413,108,305
122900007,37,8,29
122900008,613,42,571
122900009,345,87,258
122900010,134,114,20
122900012,153,177,-24
122900014,95,161,-66
122900015,1644,176,1468
122900016,77,238,-161
122900017,296,443,-147
122900018,122,2,120
122900020,218,204,14
122900021,39,417,-378
122900022,233,643,-410
122900023,99,133,-34
122900024,55,49,6
122900025,4,79,-75
122900026,122,237,-115
122900027,32,555,-523
122900028,73,79,-6
122900029,3449,1899,1550
122900030,907,244,663
122900031,75,107,-32
122900032,66,144,-78
122900033,108,93,15
122900034,2392,3024,-632
122900035,14,8,6
122900036,10,93,-83
122900037,174,89,85
122900038,62,1068,-1006
122900039,73,248,-175
122900040,143,246,-103
122900041,112,145,-33
122900042,61,198,-137
122900043,241,140,101
122900044,50,175,-125
122900045,70,66,4
122900046,65,60,5
122900047,210,83,127
122900048,25,125,-100
122900049,1529,96,1433
122900051,106,58,48
122900052,39,69,-30
122900053,5,5,0
122900055,194,76,118
122900057,229,13,216
122900061,231,53,178
122900062,194,292,-98
122900063,94,273,-179
122900064,835,420,415
122900065,196,92,104
122900066,208,122,86
122900067,1109,490,619
122900069,63,897,-834
122900070,124,21,103
122900071,68,398,-330
122900073,40,205,-165
122900074,90,538,-448
122900075,1,29,-28
122900076,7,157,-150
122900077,2,115,-113
122900078,16,144,-128
122900080,35,8,27
122900081,76,113,-37
122900082,451,104,347
122900083,100,82,18
122900084,1,206,-205
122900086,4,13,-9
122900087,87,464,-377
122900088,33,39,-6
122900089,12,237,-225
122900090,6,611,-605
122900091,70,0,70
122900092,0,94,-94
122900093,4,302,-298
122900094,0,180,-180
122900095,57,1,56
122900096,71,340,-269
122900097,6,13,-7
122900098,47,57,-10
122900099,23,2,21
122900100,204,92,112
122900101,468,87,381
122900102,9,2,7
122900103,31,5,26
122900104,32,2,30
122900105,0,5,-5
122900106,2,55,-53
122900107,0,137,-137
122900108,2,149,-147
122900109,35,116,-81
123000001,1425,300,1125
123000002,4658,1672,2986
123000003,2975,2016,959
123000004,2819,3500,-681
123000005,1793,1630,163
123000006,2283,2538,-255
123000007,2226,1825,401
123000008,1982,2968,-986
123000009,3602,2404,1198
123000010,2883,3146,-263
123000011,2486,701,1785
123000012,891,1842,-951
123000013,2569,682,1887
123000014,1225,3088,-1863
123000015,3817,581,3236
123000016,4845,1970,2875
123000017,2465,1002,1463
123000018,45,73,-28
123000019,73,324,-251
123000020,57,89,-32
123000021,47,160,-113
123000022,292,1220,-928
123000023,993,852,141
123000024,531,330,201
123000025,87,90,-3
123000026,14,135,-121
123000027,401,200,201
123000028,503,176,327
123000029,854,262,592
123000030,98,596,-498
123000031,45,402,-357
123000032,78,283,-205
123000033,105,72,33
123000034,409,371,38
123000035,141,134,7
123000036,145,316,-171
123000037,125,222,-97
123000038,52,120,-68
123000039,453,476,-23
123000040,1097,236,861
123000041,704,327,377
123000042,848,322,526
123000043,1391,2193,-802
123000044,5537,1517,4020
123000045,7028,846,6182
123000046,594,418,176
123000047,2201,471,1730
123000048,22,207,-185
123000049,5590,2797,2793
123000050,417,666,-249
123000051,67,110,-43
123000052,365,1072,-707
123000053,1535,1276,259
123000054,798,732,66
123000055,410,770,-360
123000056,942,1350,-408
123000057,13685,3134,10551
123000058,2081,751,1330
123000059,809,333,476
123000060,564,346,218
123000061,154,489,-335
123000063,493,442,51
123000064,453,151,302
123000065,5112,2493,2619
123000066,844,559,285
123000067,235,524,-289
123000068,2386,2131,255
123000069,6731,2292,4439
123000070,227,570,-343
123000071,423,890,-467
123000072,618,1209,-591
123000073,487,700,-213
123000074,673,1778,-1105
123000075,307,484,-177
123000076,246,863,-617
123000077,1831,3134,-1303
123000078,756,1442,-686
123000079,698,1573,-875
123000080,1281,2422,-1141
123000081,201,517,-316
123000082,301,835,-534
123000083,333,94,239
123000084,390,618,-228
123000085,200,49,151
123000086,77,220,-143
123000087,96,540,-444
123000088,571,1761,-1190
123000089,276,1205,-929
123000090,819,962,-143
123000091,1158,1107,51
123000092,919,869,50
123000094,219,186,33
123000095,124,484,-360
123000096,195,318,-123
123000097,194,1003,-809
123000098,357,465,-108
123000099,364,672,-308
123000100,365,401,-36
123000101,503,306,197
123000102,493,412,81
123000104,230,249,-19
123000105,379,477,-98
123000106,378,174,204
123000107,349,453,-104
123000108,948,989,-41
123000111,397,146,251
123000112,360,422,-62
123000113,256,927,-671
123000114,273,321,-48
123000115,144,197,-53
123000116,13,198,-185
123000117,887,1731,-844
123000118,248,748,-500
123000119,162,856,-694
123000120,340,723,-383
123000121,328,485,-157
123000122,325,283,42
123000123,381,473,-92
123000124,612,432,180
123000125,651,278,373
123000126,2540,1718,822
123000127,1267,553,714
123000128,170,418,-248
123000129,236,128,108
123000130,248,41,207
123000131,557,360,197
123000132,240,495,-255
123000133,277,329,-52
123000134,385,154,231
123000135,493,601,-108
123000136,124,1025,-901
123000137,48,357,-309
123000138,54,371,-317
123000139,188,70,118
123000140,92,428,-336
123000141,517,45,472
123000142,720,824,-104
123000143,808,2250,-1442
123000144,6,10,-4
123000145,107,109,-2
123000146,27,62,-35
123000147,40,75,-35
123000149,160,219,-59
123000150,105,151,-46
123000151,135,331,-196
123000152,21,227,-206
123000153,94,348,-254
123000154,1441,1054,387
123000155,1764,602,1162
123000156,28,47,-19
123000157,344,724,-380
123000158,449,417,32
123000159,1853,977,876
123000160,535,440,95
123000161,666,558,108
123000162,372,900,-528
123000163,94,140,-46
123000164,527,175,352
123000165,212,1550,-1338
123000166,26,130,-104
123000167,67,278,-211
123000168,84,312,-228
123000169,249,54,195
123000170,23,304,-281
123000171,111,65,46
123000172,117,597,-480
123000173,343,59,284
123000174,385,97,288
123000175,811,955,-144
123000176,286,99,187
123000177,226,784,-558
123000178,298,53,245
123000179,14,587,-573
123000180,600,230,370
123000181,248,1189,-941
123000182,80,352,-272
123000183,126,139,-13
123000185,188,271,-83
123000186,3,500,-497
123000187,185,5,180
123000188,172,0,172
123000189,40,143,-103
123000190,19,185,-166
123000192,22,299,-277
123000193,40,419,-379
123000194,335,192,143
123000195,159,20,139
123000196,117,21,96
123000197,34,44,-10
123000198,5,150,-145
123000199,12,393,-381
123000200,94,2,92
123000201,326,36,290
123000202,24,824,-800
123000203,333,60,273
123000204,50,1106,-1056
123000205,275,1505,-1230
123000206,812,110,702
123000207,135,1259,-1124
123000208,246,66,180
123000209,940,204,736
123000210,253,1218,-965
123000211,462,1920,-1458
123000212,1020,285,735
123000213,255,30,225
123000215,159,81,78
123000216,105,305,-200
123000217,133,29,104
123000218,100,211,-111
123000219,883,23,860
123000220,295,50,245
123000221,80,77,3
123000222,154,390,-236
123000223,54,496,-442
123000224,222,611,-389
123000225,94,65,29
123000226,58,324,-266
123000227,48,268,-220
123000228,226,49,177
123000229,917,1487,-570
123000232,57,395,-338
123000233,275,122,153
123000234,101,527,-426
123000235,184,273,-89
123000236,93,679,-586
123000237,159,37,122
123000238,44,435,-391
123000239,256,1621,-1365
123000240,30,177,-147
123000241,729,88,641
123000242,53,140,-87
123000243,316,926,-610
123000244,527,303,224
123000245,38,93,-55
123000249,305,475,-170
123000252,436,94,342
123000253,363,224,139
123000254,240,850,-610
123000255,404,378,26
123000256,20,167,-147
123000257,1610,1282,328
123000258,1015,1545,-530
123000259,117,294,-177
123000260,177,489,-312
123000261,50,108,-58
123000262,33,217,-184
123000263,240,70,170
123000264,151,35,116
123000265,53,137,-84
123000266,266,510,-244
123000267,137,200,-63
123000268,26,48,-22
123000269,25,15,10
123000270,21,24,-3
123000271,29,69,-40
123000272,583,192,391
123000273,130,367,-237
123000274,808,211,597
123000275,189,806,-617
123000278,2229,1940,289
123000279,55,65,-10
123000280,181,264,-83
123000281,139,58,81
123000282,45,174,-129
123000283,82,23,59
123000284,17,123,-106
123000286,145,134,11
123000287,383,169,214
123000288,548,299,249
123000289,322,481,-159
123000291,226,597,-371
123000294,203,222,-19
123000295,506,764,-258
123000296,195,460,-265
123000297,158,845,-687
123000298,177,436,-259
123000299,48,411,-363
123000300,564,602,-38
123000301,53,81,-28
123000302,59,173,-114
123000303,50,92,-42
123000305,787,677,110
123000306,38,205,-167
123000309,20,66,-46
123000310,55,15,40
123000311,74,193,-119
123000312,715,844,-129
123000313,212,205,7
123000315,55,326,-271
123000316,1419,167,1252
123000317,160,26,134
123000318,44,260,-216
123000329,6,7,-1
123000337,217,230,-13
123000338,308,51,257
123000339,69,240,-171
123000340,86,405,-319
123000342,6,207,-201
123000343,33,0,33
123000344,834,284,550
123000345,262,377,-115
123000346,137,68,69
123000352,1476,513,963
123000353,13,174,-161
123000354,330,4,326
123000355,0,516,-516
123000356,62,7,55
123000357,3,251,-248
123000359,4,197,-193
123000360,126,19,107
123000361,502,191,311
123000362,96,92,4
123000363,45,181,-136
123000364,309,176,133
123000365,21,167,-146
123000366,205,661,-456
123000367,1194,1397,-203
123000370,23,209,-186
123000371,80,14,66
123000372,91,8,83
123000373,16,291,-275
123000374,5,180,-175
123000375,136,11,125
123000376,450,402,48
123000377,101,2,99
123000378,6,292,-286
123000379,3,161,-158
123000380,63,142,-79
123000381,127,19,108
123000382,833,31,802
123000383,235,577,-342
123000384,391,58,333
123000385,445,592,-147
123000436,17,501,-484
123000507,132,291,-159
123000508,80,261,-181
123000517,196,20,176
123000518,20,166,-146
123000519,54,55,-1
123000520,29,163,-134
123000521,135,84,51
123000522,107,397,-290
123000541,0,0,0
123000542,1,23,-22
123000565,169,13,156
123000566,36,772,-736
123000567,107,208,-101
123000573,25,752,-727
123000574,224,63,161
123000575,855,854,1
123000576,475,1568,-1093
123000577,64,339,-275
123000578,482,51,431
123000579,5810,2254,3556
123000580,49,10,39
123000582,144,9,135
123000583,7,328,-321
123000584,75,166,-91
123000585,0,89,-89
123000586,31,0,31
123000596,100,115,-15
123000597,52,48,4
123000602,5,4,1
123000603,130,709,-579
123000604,219,986,-767
123000605,467,9,458
123000606,0,156,-156
123000609,7,255,-248
123000610,73,46,27
123000613,74,145,-71
123000614,149,32,117
123000615,33,233,-200
123000616,162,28,134
123000617,25,397,-372
123000618,50,396,-346
123000619,437,5,432
123000620,11,432,-421
123000622,175,14,161
123000624,90,63,27
123000630,447,366,81
123000631,153,1920,-1767
123000632,1079,1507,-428
123000633,0,223,-223
123000634,49,27,22
123000635,229,102,127
123000636,10,456,-446
123000637,132,34,98
123000638,276,82,194
123000639,807,1625,-818
123000640,39,992,-953
123000648,282,118,164
123000649,138,1364,-1226
123000650,49,74,-25
123000651,12,161,-149
123000652,54,49,5
123000653,5,275,-270
123000654,87,129,-42
123900001,1076,26,1050
123900002,16,811,-795
123900003,234,474,-240
123900005,66,63,3
123900006,122,16,106
124000001,1109,35,1074
124000002,23,636,-613
124000003,298,64,234
124000004,53,522,-469
124000005,356,128,228
124000006,192,1192,-1000
124000007,419,87,332
124000008,12,379,-367
124000009,146,164,-18
124000010,75,519,-444
124000011,380,159,221
124000012,158,669,-511
124000017,30,64,-34
124000018,64,52,12
124000019,62,69,-7
124000020,38,165,-127
124000021,31,47,-16
124000022,79,198,-119
124000023,445,94,351
124000024,751,503,248
124000025,445,174,271
124000026,717,465,252
124000027,1627,221,1406
124000028,2654,729,1925
124000031,641,601,40
124000032,3786,1059,2727
124000033,490,275,215
124000034,1081,949,132
124000035,103,48,55
124000036,65,527,-462
124000037,144,220,-76
124000038,25,73,-48
124000039,750,211,539
124000040,446,253,193
124000041,117,62,55
124000042,37,224,-187
124000043,33,40,-7
124000044,28,209,-181
124000045,195,296,-101
124000046,127,683,-556
124000047,545,618,-73
124000048,354,1553,-1199
124000049,591,416,175
124000050,458,2467,-2009
124000051,221,316,-95
124000052,293,1269,-976
124000053,325,532,-207
124000054,580,569,11
124000055,719,914,-195
124000056,3415,1179,2236
124000057,558,291,267
124000058,306,1261,-955
124000059,253,320,-67
124000060,749,680,69
124000061,954,1749,-795
124000062,7706,1367,6339
124000063,1117,1112,5
124000064,2111,1662,449
124000065,284,250,34
124000066,300,42,258
124000067,33,212,-179
124000068,37,74,-37
124000069,179,215,-36
124000070,123,440,-317
124000071,38,95,-57
124000072,106,375,-269
124000073,378,77,301
124000074,156,678,-522
124000075,48,8,40
124000076,6,189,-183
124000077,1158,369,789
124000078,1225,240,985
124000079,386,543,-157
124000080,129,76,53
124000081,83,605,-522
124000082,27,80,-53
124000083,31,113,-82
124000084,81,161,-80
124000085,65,30,35
124000086,25,76,-51
124000087,107,43,64
124000088,44,169,-125
124000089,211,275,-64
124000090,64,331,-267
124000091,251,133,118
124000092,91,750,-659
124000093,71,60,11
124000094,61,227,-166
124000095,44,43,1
124000096,51,216,-165
124000097,36,39,-3
124000098,30,155,-125
124000099,68,49,19
124000100,24,97,-73
124000101,29,72,-43
124000102,52,119,-67
124000103,33,51,-18
124000104,33,84,-51
124000105,42,27,15
124000106,94,134,-40
124000107,15,77,-62
124000108,63,33,30
124000109,100,18,82
124000110,106,136,-30
124000111,135,94,41
124000112,295,692,-397
124000113,23,45,-22
124000114,142,569,-427
124000115,196,686,-490
124000116,46,51,-5
124000117,49,54,-5
124000118,13,45,-32
124000119,609,380,229
124000120,311,433,-122
124000121,2276,442,1834
124000122,403,913,-510
124000123,511,191,320
124000124,333,643,-310
124000125,222,185,37
124000126,271,348,-77
124000127,430,257,173
124000128,332,632,-300
124000129,1111,844,267
124000130,610,459,151
124000131,669,343,326
124000132,594,586,8
124000133,441,608,-167
124000134,464,580,-116
124000135,1099,906,193
124000136,653,850,-197
124000137,774,304,470
124000138,814,705,109
124000139,459,45,414
124000140,45,417,-372
124000141,144,28,116
124000142,20,603,-583
124000143,30,4,26
124000144,1,96,-95
124000145,32,31,1
124000146,7,80,-73
124000148,8,31,-23
124000149,421,206,215
124000150,213,426,-213
124000151,304,179,125
124000152,395,805,-410
124000153,251,224,27
124000154,230,638,-408
124000155,596,318,278
124000156,1006,613,393
124000169,140,181,-41
124000170,527,314,213
124000171,107,123,-16
124000172,260,468,-208
124000173,151,224,-73
124000174,195,645,-450
124000175,9,107,-98
124000176,11,4,7
124000177,11,36,-25
124000178,8,16,-8
124000185,26,7,19
124000186,1,69,-68
124000187,10,108,-98
124000188,13,9,4
124000190,184,18,166
124000191,414,56,358
124000192,1511,179,1332
124000193,283,749,-466
124000194,377,433,-56
124000195,162,267,-105
124000196,711,975,-264
124000197,43,52,-9
124000198,6,35,-29
124000201,197,812,-615
124000202,310,88,222
124000203,74,702,-628
124000204,236,432,-196
124000205,21,573,-552
124000206,121,332,-211
124000207,2,48,-46
124000209,72,341,-269
124000210,156,96,60
124000211,95,2,93
124000212,3,597,-594
124000213,152,400,-248
124000214,100,623,-523
124000215,113,9,104
124000216,2,618,-616
124000329,25,2156,-2131
124000338,22,998,-976
124000339,196,75,121
124000341,290,51,239
124000344,19,8,11
124000357,742,1697,-955
124000358,812,1530,-718
124000359,571,368,203
124000360,210,292,-82
124000361,630,517,113
124000362,1205,1447,-242
124000363,213,584,-371
124000364,382,921,-539
124000365,562,1011,-449
124000366,1983,1384,599
124000367,92,413,-321
124000368,104,132,-28
124000369,51,58,-7
124000370,46,373,-327
124000402,6,6,0
124000403,14,2,12
124000404,7,53,-46
124000405,663,398,265
124000406,733,541,192
124000407,4,18,-14
124000411,3,297,-294
124000412,106,13,93
124000413,266,41,225
124000414,26,64,-38
124000415,14,205,-191
124000416,57,360,-303
124000417,61,73,-12
124000418,52,103,-51
124000419,53,210,-157
124000420,26,54,-28
124000421,13,329,-316
124000422,15,8,7
124000423,78,28,50
124000424,4,139,-135
124000425,19,1,18
124000426,1,161,-160
124000427,28,10,18
124000428,13,27,-14
124000429,11,54,-43
124000430,267,515,-248
124000431,199,530,-331
124000432,48,630,-582
124000439,15,6,9
124000443,0,59,-59
124000445,168,292,-124
124000446,2442,76,2366
124000447,3,54,-51
124000448,22,5,17
124000449,51,2,49
124000450,6,535,-529
124000451,8,270,-262
124000452,456,63,393
124000453,2182,1370,812
124000454,3283,2748,535
124000455,11,809,-798
124000456,93,3,90
124000457,1,381,-380
124000458,1,335,-334
124000459,65,6,59
124000460,2,192,-190
124900001,190,181,9
124900002,63,385,-322
124900003,313,390,-77
124900004,162,223,-61
124900005,149,194,-45
124900006,159,248,-89
124900008,788,239,549
124900009,44,43,1
124900010,47,14,33
124900011,98,63,35
124900012,154,57,97
124900013,134,105,29
124900014,64,48,16
124900015,67,67,0
124900016,10,21,-11
124900017,402,278,124
124900018,9,8,1
124900020,14,14,0
124900021,55,6,49
124900022,10,3,7
124900024,65,0,65
124900026,60,9,51
124900027,47,77,-30
124900028,371,70,301
124900029,6,195,-189
124900030,3,88,-85
124900031,15,250,-235
124900032,141,77,64
124900033,43,211,-168
124900034,2,59,-57
124900035,75,273,-198
124900036,1,19,-18
124900037,57,265,-208
124900038,235,304,-69
124900039,2,15,-13
124900040,31,72,-41
124900041,154,1310,-1156
124900042,8,1,7
124900043,225,1091,-866
124900044,32,0,32
124900045,333,447,-114
124900047,54,108,-54
124900048,77,125,-48
124900050,88,247,-159
124900052,69,294,-225
124900053,21,217,-196
124900054,3006,187,2819
124900055,1,80,-79
124900057,17,325,-308
124900060,35,166,-131
124900061,41,3,38
124900062,21,10,11
124900066,0,8,-8
124900067,5,106,-101
124900068,122,88,34
124900070,11,15,-4
124900072,41,18,23
124900075,52,108,-56
124900076,14,241,-227
124900077,20,41,-21
124900078,30,6,24
124900079,544,32,512
124900080,123,750,-627
124900081,286,167,119
124900082,258,971,-713
124900083,111,512,-401
124900085,1045,98,947
124900086,32,265,-233
124900087,446,40,406
124900088,493,69,424
124900089,1155,14,1141
124900090,82,108,-26
124900091,103,529,-426
124900092,101,399,-298
124900093,98,85,13
124900094,106,163,-57
124900095,43,192,-149
124900096,286,92,194
124900097,112,24,88
124900098,76,341,-265
124900099,344,190,154
124900100,82,14,68
124900101,36,205,-169
124900102,57,1,56
124900103,34,313,-279
124900104,14,243,-229
124900105,34,179,-145
124900106,91,14,77
124900107,25,4,21
124900108,63,16,47
124900111,1,43,-42
124900112,15,632,-617
124900113,41,84,-43
124900114,131,29,102
124900115,15,21,-6
124900116,37,46,-9
124900117,652,55,597
124900118,92,91,1
124900119,153,58,95
124900120,12,245,-233
124900121,91,75,16
124900122,403,115,288
124900123,219,33,186
124900124,97,99,-2
124900125,123,2,121
124900126,3,562,-559
204000001,45,27,18
204000002,12,22,-10
204000003,14,5,9
204000004,5,0,5
204000005,301,300,1
204000006,578,1038,-460
204000011,15,55,-40
204000012,32,64,-32
204000019,388,437,-49
204000020,259,699,-440
204000021,1760,686,1074
204000022,287,408,-121
204000023,300,1023,-723
204000031,80,25,55
204000032,452,28,424
204000034,11,219,-208
204000035,0,3,-3
204000036,6,16,-10
204000037,2,35,-33
204000038,0,31,-31
204000039,2,41,-39
204000040,2,23,-21
204000041,2,27,-25
204000042,13,11,2
204000043,5,4,1
204000044,15,2,13
204000045,19,2,17
204000046,4,2,2
204000057,0,28,-28
204000062,17,182,-165
204000068,26,109,-83
204000069,8,192,-184
204000070,19,76,-57
204000080,16,39,-23
204000085,1135,1269,-134
204000086,2413,1519,894
204000087,41,9,32
204000088,6,92,-86
204000090,21,392,-371
204000093,97,81,16
204000096,465,608,-143
204000097,150,68,82
204000099,705,965,-260
204000100,601,854,-253
204000105,1703,1208,495
204000110,435,962,-527
204000111,264,677,-413
204000112,572,815,-243
204000113,282,722,-440
204000114,382,341,41
204000115,210,297,-87
204000116,525,462,63
204000119,1404,1199,205
204000132,300,228,72
204000133,451,248,203
204000134,90,102,-12
204000135,320,65,255
204000136,183,206,-23
204000138,138,233,-95
204000140,103,48,55
204000141,52,62,-10
204000144,10,19,-9
204000145,425,29,396
204000146,23,299,-276
204000147,34,121,-87
204000148,241,19,222
204000154,4,2,2
204000155,1,3,-2
204000177,38,49,-11
204000179,5,1,4
204000180,0,43,-43
204000222,3,10,-7
204000235,2,9,-7
204000236,55,192,-137
204000238,11,20,-9
204000240,295,64,231
204000263,385,1121,-736
204000268,735,387,348
204000308,85,21,64
204000317,11,46,-35
204000322,3,23,-20
204000323,18,12,6
204000328,150,55,95
204000329,111,88,23
204000330,125,108,17
204000331,79,149,-70
205000001,826,996,-170
205000013,8,64,-56
205000014,7,83,-76
205000015,21,154,-133
205000016,15,123,-108
205000017,11,81,-70
205000022,197,471,-274
205000025,1216,777,439
205000029,100,7,93
205000045,38,164,-126
205000046,59,434,-375
205000047,21,426,-405
205000048,137,995,-858
205000049,120,648,-528
205000050,1031,240,791
205000059,1,217,-216
205000060,0,42,-42
205000061,2,58,-56
205000062,3,63,-60
205000063,9,68,-59
205000064,15,112,-97
205000065,61,564,-503
205000066,80,565,-485
205000067,25,867,-842
205000069,198,6,192
205000082,109,177,-68
205000110,48,195,-147
205000111,146,249,-103
205000112,59,97,-38
205000113,158,171,-13
205000121,167,50,117
205000123,44,146,-102
205000126,265,109,156
205000127,476,141,335
205000128,432,77,355
205000129,356,88,268
205000130,412,68,344
205000131,453,7,446
205000132,395,6,389
205000133,163,0,163
205000134,142,0,142
205000137,111,137,-26
205000138,154,209,-55
205000139,14,84,-70
205000144,63,60,3
205000145,166,126,40
205000151,62,25,37
205000152,61,35,26
205000153,85,45,40
205000154,37,64,-27
205000155,37,19,18
205000207,12,101,-89
205000233,29,19,10
205000234,0,0,0
205000243,0,0,0
205000244,0,8,-8
205000245,13,231,-218
205000249,0,46,-46
205000250,2,0,2
205000264,1,62,-61
206000027,5,1,4
206000028,17,0,17
206000043,10,109,-99
206000053,3,7,-4
206000054,3,27,-24
206000055,2,12,-10
206000075,3,3,0
206000076,5,5,0
206000077,3,6,-3
206000078,6,4,2
206000079,31,1,30
206000082,217,9,208
206000100,59,472,-413
206000103,0,18,-18
206000104,7,26,-19
206000105,7,22,-15
206000106,11,10,1
206000125,33,0,33
206000157,70,445,-375
206000170,2,162,-160
206000171,4,161,-157
206000172,3,1050,-1047
206000173,1,382,-381
206000174,5,162,-157
206000175,1,238,-237
206000176,10,425,-415
206000177,0,221,-221
206000178,2,195,-193
206000179,2,63,-61
206000180,16,191,-175
206000181,8,287,-279
206000182,16,278,-262
206000183,20,934,-914
206000184,5,395,-390
206000185,8,405,-397
206000186,90,1605,-1515
206000223,2,355,-353
206000226,7,1,6
206000227,9,1,8
206000237,28,376,-348
206000238,24,663,-639
206000239,457,1788,-1331
206000240,0,50,-50
206000241,0,82,-82
206000242,13,603,-590
206000243,4,439,-435
206000244,48,909,-861
206000245,193,51,142
206000246,62,7,55
206000247,59,13,46
206000248,165,11,154
206000252,65,10,55
206000258,13,26,-13
206000315,17,1,16
206000317,212,66,146
206000318,156,26,130
206000319,349,44,305
206000320,36,22,14
206000321,30,12,18
206000322,118,9,109
206000323,55,3,52
206000324,17,11,6
206000325,83,12,71
206000326,46,4,42
206000327,154,7,147
206000328,28,3,25
206000329,62,2,60
206000330,15,7,8
206000331,55,2,53
206000332,9,10,-1
206000333,142,1,141
206000334,84,3,81
206000335,0,13,-13
206000361,5,160,-155
206000392,4,24,-20
206000405,122,0,122
206000441,11,2,9
206000498,20,3,17
206000515,69,11,58
206000530,82,29,53
206000531,102,30,72
206000532,2605,52,2553
206000535,387,1643,-1256
206000536,20,300,-280
206000537,9,143,-134
206000613,884,125,759
206000784,278,20,258
207000001,152,308,-156
207000002,51,319,-268
207000003,95,228,-133
207000007,372,180,192
207000008,52,13,39
207000009,62,44,18
207000010,463,586,-123
207000012,120,116,4
207000015,316,1689,-1373
207000019,139,46,93
207000021,291,122,169
207000022,37,55,-18
207000023,76,35,41
207000024,2,3,-1
207000025,15,20,-5
207000026,115,33,82
207000027,11,41,-30
207000028,50,225,-175
207000029,198,387,-189
207000033,147,117,30
207000034,159,41,118
207000039,162,91,71
207000040,91,111,-20
207000041,18,14,4
207000042,112,44,68
207000043,96,126,-30
207000051,60,332,-272
207000052,15,257,-242
207000053,304,568,-264
207000054,28,170,-142
207000055,51,238,-187
207000056,150,474,-324
207000057,82,233,-151
207000058,58,512,-454
207000059,29,1013,-984
207000060,44,318,-274
207000061,90,121,-31
207000062,120,41,79
207000063,124,122,2
207000064,164,133,31
207000065,143,127,16
207000066,62,134,-72
207000067,18,118,-100
207000068,84,65,19
207000069,462,217,245
207000082,46,402,-356
207000083,41,439,-398
207000084,66,119,-53
207000085,123,15,108
207000086,81,7,74
207000106,36,29,7
207000107,28,15,13
207000108,22,4,18
207000109,20,4,16
207000110,29,43,-14
207000111,23,44,-21
207000112,131,167,-36
207000114,10,21,-11
207000115,15,65,-50
207000116,22,151,-129
207000117,9,130,-121
207000118,3,83,-80
207000119,13,95,-82
207000123,122,8,114
207000124,40,11,29
207000125,28,15,13
207000126,69,18,51
207000134,32,267,-235
207000135,24,377,-353
207000148,27,104,-77
207000149,61,24,37
207000152,116,295,-179
207000153,903,636,267
207000154,480,122,358
207000159,48,368,-320
207000160,72,800,-728
207000238,0,93,-93
207000242,3,107,-104
207000248,19,12,7
207000249,111,56,55
207000250,515,57,458
207000251,67,56,11
207000252,57,47,10
207000278,37,46,-9
207000279,11,292,-281
207000280,186,64,122
207000281,57,1469,-1412
207000282,143,26,117
207000283,97,222,-125
207000284,58,87,-29
207000285,166,52,114
207000291,6,82,-76
207000304,68,25,43
207000306,64,350,-286
207000310,18,49,-31
207000353,169,2,167
207000356,3,15,-12
207000357,9,1,8
207000358,10,9,1
207000415,8,108,-100
207000417,17,1,16
207000418,66,141,-75
207000438,0,2,-2
207000439,812,164,648
207000446,70,10,60
207000460,5,10,-5
207000466,97,172,-75
207000467,68,58,10
207000468,17,769,-752
207000476,6,57,-51
207000477,131,91,40
207000478,1,10,-9
207000523,0,15,-15
207000524,40,1,39
207000527,76,74,2
207000530,88,7,81
207000531,92,10,82
207000532,29,9,20
207000534,471,23,448
207000535,39,149,-110
207000537,17,75,-58
207000540,3,98,-95
207000541,4,238,-234
207000548,6,254,-248
207000549,85,11,74
207000561,38,34,4
207000562,23,178,-155
207000567,119,218,-99
207000568,34,104,-70
207000569,140,1069,-929
207000584,247,99,148
207000585,27,86,-59
207000587,47,15,32
207000616,0,189,-189
207000617,59,0,59
207000624,50,39,11
207000631,0,37,-37
207900008,104,455,-351
208000001,232,507,-275
208000002,296,454,-158
208000003,583,488,95
208000004,807,685,122
208000005,12,11,1
208000019,280,614,-334
208000020,164,375,-211
208000021,78,443,-365
208000022,371,716,-345
208000028,946,684,262
208000033,248,619,-371
208000034,874,1259,-385
208000037,374,48,326
208000040,88,88,0
208000041,816,331,485
208000042,392,382,10
208000047,59,355,-296
208000064,2015,1094,921
208000066,972,591,381
208000070,180,340,-160
208000071,215,618,-403
208000072,265,994,-729
208000080,132,395,-263
208000081,103,241,-138
208000082,140,315,-175
208000083,47,431,-384
208000084,15,3,12
208000085,754,462,292
208000086,402,685,-283
208000087,232,627,-395
208000089,496,590,-94
208000090,389,952,-563
208000093,38,82,-44
208000094,177,455,-278
208000095,400,296,104
208000104,587,801,-214
208000105,319,871,-552
208000114,44,122,-78
208000115,365,276,89
208000116,171,573,-402
208000117,62,82,-20
208000118,69,103,-34
208000155,353,783,-430
208000158,1362,1807,-445
208000186,2437,1362,1075
208000204,217,772,-555
208000205,631,1174,-543
208000282,3100,753,2347
209000004,72,135,-63
209000005,19,35,-16
209000006,449,90,359
209000007,240,140,100
209000010,360,140,220
209000011,113,169,-56
209000012,129,198,-69
209000013,164,578,-414
209000014,681,1450,-769
209000025,217,34,183
209000026,378,58,320
209000027,341,902,-561
209000028,313,889,-576
209000029,741,734,7
209000030,550,1453,-903
209000031,3716,1954,1762
209000034,97,146,-49
209000035,106,123,-17
209000036,87,76,11
209000037,116,176,-60
209000038,71,142,-71
209000039,26,157,-131
209000040,228,364,-136
209000041,116,290,-174
209000042,152,298,-146
209000043,523,541,-18
209000044,153,409,-256
209000045,869,290,579
209000046,241,373,-132
209000047,157,180,-23
209000048,199,200,-1
209000049,109,150,-41
209000050,141,252,-111
209000051,210,387,-177
209000052,123,347,-224
209000062,46,184,-138
209000063,25,177,-152
209000064,24,155,-131
209000065,19,22,-3
209000066,36,31,5
209000067,29,83,-54
209000080,23,178,-155
209000082,43,28,15
209000091,45,74,-29
209000093,64,28,36
209000094,184,59,125
209000110,18,25,-7
209000111,205,801,-596
209000112,546,385,161
209000113,897,366,531
209000114,152,246,-94
209000115,73,175,-102
209000116,853,509,344
209000118,10,28,-18
209000119,43,5,38
209000121,168,740,-572
209000135,44,24,20
209000142,502,804,-302
209000143,85,62,23
209000144,52,31,21
209000229,95,156,-61
209000240,18,454,-436
209000259,98,128,-30
209000260,25,670,-645
209000261,4,485,-481
209000262,1,525,-524
209000263,1,92,-91
209000264,0,20,-20
209000265,376,0,376
209000266,34,2,32
209000267,249,4,245
209000268,370,24,346
210000037,32,27,5
210000047,33,18,15
210000048,15,20,-5
210000049,38,35,3
210000052,17,115,-98
210000053,8,129,-121
210000054,30,112,-82
210000070,16,0,16
210000071,11,0,11
210000072,11,0,11
210000073,1,23,-22
210000074,0,78,-78
210000075,0,35,-35
210000076,3,111,-108
210000077,56,22,34
210000078,50,33,17
210000079,51,5,46
210000080,135,24,111
210000081,53,3,50
210000082,35,0,35
210000083,74,0,74
210000084,20,0,20
210000085,1,87,-86
210000086,2,92,-90
210000099,36,218,-182
210000100,24,218,-194
210000101,59,246,-187
210000105,38,240,-202
210000159,1,94,-93
210000163,155,197,-42
210000164,357,64,293
210000168,240,25,215
210000187,0,5,-5
210000188,0,20,-20
210000214,33,0,33
210000219,29,52,-23
210000220,37,104,-67
210000232,1,21,-20
210000233,12,54,-42
210000234,9,101,-92
210000235,30,113,-83
210000245,0,29,-29
210000246,30,31,-1
210000258,2,85,-83
210000259,144,20,124
210000282,40,175,-135
210000285,0,95,-95
210000286,4,123,-119
210000290,0,8,-8
210000295,22,217,-195
210000296,48,82,-34
210000320,106,93,13
210000321,46,62,-16
210000338,87,143,-56
210000339,473,587,-114
210000340,99,187,-88
210000341,79,213,-134
210000342,111,149,-38
210000343,104,201,-97
210000344,291,96,195
210000345,214,163,51
210000346,65,94,-29
210000347,156,37,119
210000348,122,16,106
210000349,114,20,94
210000350,49,70,-21
210000351,56,154,-98
210000352,23,79,-56
210000353,19,101,-82
210000354,35,120,-85
210000355,45,90,-45
210000356,98,52,46
210000357,50,40,10
210000358,361,94,267
210000359,121,46,75
210000360,108,103,5
210000361,98,125,-27
210000362,150,129,21
210000363,721,95,626
210000364,98,39,59
210000365,39,20,19
210000366,54,26,28
210000367,49,30,19
210000368,71,14,57
210000369,27,39,-12
210000370,51,65,-14
210000372,75,21,54
210000373,123,20,103
210000374,86,33,53
210000375,29,90,-61
210000376,70,158,-88
210000404,91,142,-51
210000439,14,42,-28
210000472,63,4,59
210000482,109,58,51
210000564,488,54,434
210000567,0,13,-13
210000568,583,3,580
211000092,10,55,-45
211000094,19,18,1
211000169,195,16,179
211000172,36,197,-161
211000209,1,6,-5
211000226,7,19,-12
211000270,16,3,13
211000275,18,15,3
211000276,32,40,-8
211000279,8,83,-75
211000281,21,61,-40
211000302,7,59,-52
211507980,0,21,-21
211977296,7,5,2
212000003,119,47,72
212000004,114,36,78
212000005,20,25,-5
212000006,38,100,-62
212000008,98,295,-197
212000009,14,149,-135
212000012,42,71,-29
212000013,11,51,-40
212000014,196,132,64
212000015,172,196,-24
212000016,315,508,-193
212000027,356,323,33
212000028,189,316,-127
212000029,125,190,-65
212000030,23,22,1
212000031,23,63,-40
212000048,23,79,-56
212000049,6,56,-50
212000050,5,5,0
212000051,140,251,-111
212000052,86,469,-383
212000053,294,564,-270
212000054,70,134,-64
212000055,139,234,-95
212000056,9,31,-22
212000057,8,20,-12
212000058,313,30,283
212000070,88,320,-232
212000077,81,616,-535
212000099,106,242,-136
212000108,227,158,69
212000111,114,153,-39
212000120,164,145,19
212000138,64,33,31
212000156,2,93,-91
212000158,17,15,2
212000159,138,58,80
212000160,374,190,184
212000161,23,4,19
212000310,19,19,0
212000311,5,75,-70
212000374,17,8,9
213000001,21,680,-659
213000005,178,53,125
213000006,789,67,722
213000007,66,8,58
213000009,365,146,219
213000010,100,98,2
213000011,164,68,96
213000012,92,373,-281
213000014,20,4,16
213000015,63,2,61
213000016,90,2,88
213000017,10,1,9
213000018,4,132,-128
213000019,0,136,-136
213000020,119,178,-59
213000021,5,70,-65
213000023,167,133,34
213000033,140,475,-335
213000034,292,171,121
213000035,74,147,-73
213000045,76,223,-147
213000046,101,190,-89
213000047,346,540,-194
213000056,41,17,24
213000069,42,13,29
213000073,0,11,-11
213000074,137,509,-372
213000075,250,11,239
213000076,11,0,11
213000085,1,27,-26
213000086,6,195,-189
213000091,36,4,32
213000092,36,9,27
213000099,82,580,-498
213000100,900,137,763
213000101,133,135,-2
213000102,139,354,-215
213000103,535,660,-125
213000104,67,418,-351
213000105,0,72,-72
213000106,10,199,-189
213000107,81,601,-520
213000108,18,490,-472
213000109,3,254,-251
213000110,1,72,-71
213000111,5,45,-40
213000112,140,119,21
213000115,24,1,23
213000116,86,638,-552
213000117,12,876,-864
213000118,161,236,-75
213000119,39,848,-809
213000120,61,669,-608
213000122,186,751,-565
213000123,574,1066,-492
213000124,49,1282,-1233
213000125,85,7,78
213000126,37,70,-33
213000127,100,94,6
213000128,437,331,106
213000129,320,230,90
213000130,239,145,94
213000132,100,77,23
213000133,143,56,87
213000134,409,36,373
213000136,214,14,200
213000137,277,53,224
213000139,357,5,352
213000147,34,1,33
213000148,21,7,14
213000149,32,3,29
213000150,0,41,-41
213000151,0,47,-47
213000152,0,46,-46
213000153,3,20,-17
213000154,9,202,-193
213000155,12,294,-282
213000156,67,656,-589
213000157,574,426,148
213000158,178,318,-140
213000159,246,484,-238
213000163,253,68,185
213000165,397,95,302
213000171,7,158,-151
213000172,17,304,-287
213000173,0,106,-106
213000174,0,53,-53
213000175,11,69,-58
213000176,3,64,-61
213000177,2,12,-10
213000178,12,2,10
213000179,60,26,34
213000180,65,67,-2
213000184,46,355,-309
213000188,96,52,44
213000189,122,15,107
213000190,499,539,-40
213000191,109,555,-446
213000192,102,594,-492
213000193,1413,131,1282
213000194,0,19,-19
213000195,8,466,-458
213000196,113,629,-516
213000197,246,272,-26
213000198,38,3,35
213000200,78,952,-874
213000201,119,39,80
213000202,11,783,-772
213000203,2603,225,2378
213000204,445,22,423
213000205,74,39,35
213000206,183,71,112
213000207,48,29,19
213000208,192,1,191
213000209,46,1,45
213000210,299,1,298
213000211,4,17,-13
213000212,13,14,-1
213000213,1,22,-21
213000218,107,725,-618
213000219,285,8,277
213000220,292,10,282
213000223,173,72,101
213000224,39,23,16
213000225,29,5,24
213000226,23,8,15
213000227,374,118,256
213000228,89,42,47
213000229,434,11,423
213000230,227,22,205
213000232,78,437,-359
213000233,5,9,-4
213000234,2,25,-23
213000293,21,47,-26
213000294,89,10,79
213000295,7,63,-56
213000296,37,7,30
213000297,5,72,-67
213000298,24,80,-56
213000299,28,29,-1
213000300,32,3,29
213000303,14,28,-14
213000304,1,4,-3
213000305,3,10,-7
213000306,51,28,23
213000307,285,62,223
213000308,99,280,-181
213000309,201,36,165
213000310,102,66,36
213000311,206,456,-250
213000315,78,128,-50
213000316,59,33,26
213000322,18,31,-13
213000323,6,27,-21
213000340,123,900,-777
213000341,146,48,98
213000346,52,33,19
213000347,541,44,497
213000348,18,108,-90
213000349,135,20,115
213000350,210,1433,-1223
213000366,65,266,-201
213000367,72,29,43
213000379,160,280,-120
213000386,3,162,-159
213000406,69,273,-204
213000417,744,297,447
213000425,52,36,16
213000426,43,60,-17
213000427,22,287,-265
213000428,20,238,-218
213000429,49,3,46
213000430,54,1008,-954
213000431,572,2,570
213000432,5,8,-3
213000433,14,75,-61
213000434,31,106,-75
213000435,33,85,-52
213000439,21,26,-5
213000441,2,1,1
213000443,360,277,83
213000445,0,102,-102
213000446,0,8,-8
213000447,1,17,-16
213000448,0,43,-43
213000449,83,1,82
213000450,4,32,-28
213000451,64,43,21
213000452,4,8,-4
213000453,48,310,-262
213000455,424,20,404
213000456,0,265,-265
213000481,15,6,9
213000482,47,3,44
213000489,382,61,321
213000491,2,119,-117
213000492,183,15,168
213000493,0,35,-35
213000494,94,77,17
213000495,1,86,-85
213000496,113,153,-40
213000497,26,270,-244
213000498,32,144,-112
213000499,57,405,-348
213000500,128,57,71
213000501,30,16,14
213000502,88,40,48
213000503,1,60,-59
213000504,4,100,-96
213000505,2,8,-6
213000506,0,6,-6
213000507,1,120,-119
213900244,2,1,1
213900245,0,12,-12
218000003,26,6,20
218000004,17,10,7
218000005,33,27,6
218000006,68,17,51
218000007,3,5,-2
218000012,204,84,120
218000013,75,113,-38
218000014,350,270,80
218000019,614,265,349
218000020,243,308,-65
218000040,3,3,0
218000046,27,172,-145
218000047,3,205,-202
218000048,70,234,-164
218000049,59,175,-116
218000050,139,265,-126
218000051,24,324,-300
218000052,5,98,-93
218000053,0,22,-22
218000054,39,34,5
218000055,13,23,-10
218000056,17,34,-17
218000057,0,34,-34
218000064,0,3,-3
218000065,11,51,-40
218000066,8,36,-28
218000067,13,92,-79
218000068,47,73,-26
218000069,75,156,-81
218000070,80,252,-172
218000071,132,255,-123
218000072,152,201,-49
218000078,489,1243,-754
218000079,40,56,-16
218000080,46,45,1
218000081,164,156,8
218000082,11,65,-54
218000083,22,60,-38
218000084,39,126,-87
218000085,64,325,-261
218000086,13,160,-147
218000087,134,209,-75
218000090,2,53,-51
218000091,612,330,282
218000092,35,135,-100
218000093,54,74,-20
218000094,458,728,-270
218000099,221,246,-25
218000100,204,189,15
218000101,82,78,4
218000102,124,263,-139
218000103,27,191,-164
218000104,30,40,-10
218000105,16,3,13
218000106,7,19,-12
218000107,19,65,-46
218000108,4,49,-45
218000112,42,8,34
218000117,34,40,-6
218000134,228,680,-452
218000135,13,65,-52
218000136,168,25,143
218000137,82,86,-4
218000138,15,93,-78
218000139,60,325,-265
218000140,109,147,-38
218000141,38,60,-22
218000142,83,65,18
218000143,35,98,-63
218000144,20,42,-22
218000145,147,263,-116
218000146,27,95,-68
218000151,13,9,4
218000152,50,47,3
218000170,1,25,-24
218000171,22,11,11
218000172,25,10,15
218000173,56,11,45
218000174,9,5,4
218000176,57,18,39
218000177,228,55,173
218000178,74,71,3
218000179,47,28,19
218000180,17,11,6
218000181,65,12,53
218000187,6,9,-3
218000188,12,39,-27
218000189,5,43,-38
218000190,0,1,-1
218000191,51,129,-78
218000192,91,477,-386
218000193,279,563,-284
218000194,38,438,-400
218000195,95,83,12
218000196,122,181,-59
218000197,119,239,-120
218000198,5,111,-106
218000199,14,44,-30
218000200,89,50,39
218000201,10,3,7
218000202,145,152,-7
218000207,11,35,-24
218000208,40,78,-38
218000211,53,12,41
218000213,68,45,23
218000214,5,8,-3
218000215,29,60,-31
218000217,4,55,-51
218000218,74,57,17
218000219,29,17,12
218000220,153,222,-69
218000221,734,118,616
218000222,45,15,30
218000223,14,77,-63
218000224,3,38,-35
218000225,119,18,101
218000226,36,29,7
218000232,31,71,-40
218000239,45,2,43
218000240,7,0,7
218000241,2,0,2
218000242,49,0,49
218000243,27,0,27
218000244,1,0,1
218000245,10,0,10
218000246,1,1,0
218000247,0,0,0
218000248,1,27,-26
218000249,0,4,-4
218000250,10,13,-3
218000251,7,12,-5
218000252,6,31,-25
218000253,19,28,-9
218000254,0,3,-3
218000255,0,2,-2
218000256,7,44,-37
218000267,982,932,50
218000268,21,54,-33
218000269,11,6,5
218000270,32,83,-51
218000271,32,49,-17
218000273,15,17,-2
218000274,8,10,-2
218000275,5,30,-25
218000276,2,44,-42
218000278,8,26,-18
218000279,21,59,-38
218000280,14,55,-41
218000281,18,22,-4
218000282,429,153,276
218000284,96,16,80
218000301,27,58,-31
218000302,36,28,8
218000303,56,55,1
218000316,452,821,-369
218000317,342,875,-533
218000318,200,603,-403
218000319,427,1453,-1026
218000320,405,741,-336
218000338,30,7,23
218000345,106,63,43
218000346,50,113,-63
218000459,47,202,-155
218000490,27,67,-40
218000501,21,32,-11
218000502,40,113,-73
218000503,44,6,38
218000504,94,9,85
218000505,22,143,-121
218000506,22,123,-101
218000508,44,5,39
218000510,98,5,93
218000520,73,73,0
218000521,2,73,-71
218000522,1,145,-144
218000523,79,13,66
218000524,43,81,-38
218000525,126,9,117
218000526,31,57,-26
218000529,41,258,-217
218000531,2,12,-10
218000532,16,20,-4
218000534,53,13,40
218000537,10,36,-26
218000538,60,87,-27
218000540,322,45,277
218000543,76,29,47
218000544,25,94,-69
218000545,25,30,-5
218000546,21,107,-86
218000547,26,30,-4
218000548,76,185,-109
218000549,304,79,225
218000550,224,462,-238
218000551,192,327,-135
218000552,349,22,327
218000553,63,72,-9
218000554,19,33,-14
218000555,12,37,-25
218000556,75,525,-450
218000557,207,118,89
218000558,12,0,12
218000559,0,22,-22
218000560,0,9,-9
218000561,21,0,21
218000562,19,161,-142
218000563,100,14,86
218000564,2,63,-61
218000565,190,10,180
218000566,552,15,537
218000567,2,54,-52
218000568,5,3,2
218000569,25,65,-40
218000570,379,8,371
218000571,0,82,-82
218000572,37,0,37
218000573,18,58,-40
218000574,190,59,131
218000575,66,0,66
218000576,0,68,-68
218000577,19,0,19
218000578,0,80,-80
218000579,23,2,21
218000581,1,61,-60
218000582,4,2,2
218000583,1,0,1
218000584,0,13,-13
218000585,8,1,7
218000586,6,20,-14
218000587,0,1,-1
218000588,0,3,-3
218000589,0,0,0
218000590,0,0,0
218000591,3,2,1
218000592,23,0,23
218000593,6,1,5
218000594,6,1,5
218000597,3,0,3
218000598,0,0,0
218000599,0,0,0
218000600,0,0,0
218000601,0,0,0
218000602,0,1,-1
218000603,0,3,-3
218000604,4,0,4
218000605,0,18,-18
218000606,41,0,41
218000607,12,15,-3
218000608,18,10,8
218000609,0,25,-25
218000610,19,5,14
218000611,16,0,16
218000612,0,26,-26
218000613,22,22,0
218000614,0,44,-44
218000615,69,2,67
218000616,3,88,-85
218000617,6,0,6
218000618,0,13,-13
218000619,1,24,-23
218000620,1,13,-12
218000621,0,1,-1
218000622,0,0,0
218000623,14,0,14
218000624,0,6,-6
218000625,3,0,3
218000626,0,3,-3
218000628,66,27,39
218000631,14,28,-14
218000632,1,45,-44
218000633,19,0,19
218000634,2,14,-12
218000635,2,3,-1
218000636,420,1390,-970
218000637,462,461,1
218000638,57,53,4
218000639,3,231,-228
218000640,34,12,22
218000641,45,354,-309
218000652,70,78,-8
218000653,101,36,65
218000663,2,99,-97
218000675,30,52,-22
218000680,157,651,-494
218000681,343,88,255
218000691,84,449,-365
218000693,75,75,0
218000718,815,275,540
218000719,1080,57,1023
218000720,6,33,-27
218000721,37,7,30
218001147,6,560,-554
218001214,10,13,-3
218001258,48,1,47
218001329,176,85,91
218001330,134,150,-16
218001351,11,8,3
218001352,3,20,-17
218001353,5,9,-4
218001354,3,7,-4
218001355,59,424,-365
218001356,86,8,78
218001357,28,290,-262
218001358,69,2,67
218001361,67,16,51
218001362,1,597,-596
219000001,21,63,-42
219000002,21,38,-17
219000003,36,22,14
219000004,37,41,-4
219000017,87,7,80
219000020,45,13,32
219000022,73,1,72
219000023,59,1,58
219000029,1,79,-78
219000034,36,6,30
219000039,17,38,-21
219000040,20,6,14
219000041,42,34,8
219000051,0,55,-55
219000052,0,26,-26
219000053,0,257,-257
219000055,35,0,35
219000056,6,0,6
219000057,22,0,22
219000062,16,244,-228
219000063,32,8,24
219000064,3,25,-22
219000110,203,28,175
219000111,46,23,23
219000112,128,32,96
219000113,71,33,38
219000114,159,30,129
219000116,37,28,9
219000117,84,65,19
219000118,38,54,-16
219000123,233,90,143
219000124,56,33,23
219000125,10,20,-10
219000126,90,104,-14
219000127,0,2,-2
219000128,27,79,-52
219000129,27,99,-72
219000130,830,602,228
219000131,702,475,227
219000133,65,17,48
219000134,5,17,-12
219000135,23,19,4
219000136,79,139,-60
219000138,54,11,43
219000139,14,31,-17
219000140,4,0,4
219000141,13,104,-91
219000142,4,74,-70
219000143,13,103,-90
219000145,8,20,-12
219000146,10,57,-47
219000147,1,53,-52
219000148,2,65,-63
219000149,26,169,-143
219000150,2,130,-128
219000151,7,89,-82
219000157,75,96,-21
219000158,81,192,-111
219000161,126,10,116
219000163,1222,313,909
219000166,47,148,-101
219000167,45,234,-189
219000168,194,49,145
219000174,151,70,81
219000175,34,4,30
219000176,44,8,36
219000177,16,6,10
219000178,12,2,10
219000179,4,6,-2
219000180,35,16,19
219000182,48,8,40
219000183,10,31,-21
219000184,22,0,22
219000185,0,108,-108
219000186,12,30,-18
219000187,9,91,-82
219000189,140,104,36
219000190,108,177,-69
219000191,1312,523,789
219000192,114,77,37
219000193,553,112,441
219000195,0,52,-52
219000196,1,130,-129
219000198,28,128,-100
219000199,76,119,-43
219000200,34,178,-144
219000201,82,204,-122
219000203,28,107,-79
219000204,88,163,-75
219000205,53,183,-130
219000207,212,187,25
219000209,17,99,-82
219000210,61,120,-59
219000213,17,275,-258
219000239,98,232,-134
219000240,109,286,-177
219000241,92,250,-158
219000242,62,237,-175
219000243,32,401,-369
219000244,12,129,-117
219000245,57,32,25
219000246,31,6,25
219000247,31,21,10
219000248,288,151,137
219000249,60,73,-13
219000250,116,72,44
219000251,254,114,140
219000252,115,116,-1
219000253,160,20,140
219000255,50,57,-7
219000256,46,75,-29
219000257,38,0,38
219000262,61,248,-187
219000263,24,207,-183
219000267,3,167,-164
219000268,0,10,-10
219000269,4,2,2
219000270,5,0,5
219000271,30,3,27
219000278,0,21,-21
219000279,0,4,-4
219000283,0,13,-13
219000295,2,65,-63
219000296,23,444,-421
219000297,6,148,-142
219000298,5,181,-176
219000299,301,26,275
219000300,13,278,-265
219000301,170,198,-28
219000302,20,169,-149
219000307,19,53,-34
219000308,23,35,-12
219000311,102,26,76
219000312,322,32,290
219000313,74,33,41
219000314,79,355,-276
219000315,96,18,78
219000316,115,18,97
219000317,29,13,16
219000320,0,36,-36
219000321,0,7,-7
219000323,4,90,-86
219000325,2,31,-29
219000326,46,106,-60
219000327,21,33,-12
219000328,14,46,-32
219000329,162,55,107
219000330,15,15,0
219000331,8,24,-16
219000332,49,84,-35
219000333,2,3,-1
219000335,33,1,32
219000337,5,1,4
219000338,29,1,28
219000344,22,65,-43
219000345,60,109,-49
219000346,21,132,-111
219000348,48,177,-129
219000349,21,302,-281
219000350,15,71,-56
219000351,0,0,0
219000352,131,42,89
219000353,38,52,-14
219000354,59,89,-30
219000355,66,29,37
219000356,1579,249,1330
219000363,313,14,299
219000364,114,15,99
219000365,80,8,72
219000366,201,84,117
219000368,235,230,5
219000370,742,193,549
219000371,6,15,-9
219000382,6,10,-4
219000383,632,465,167
219000385,458,300,158
219000386,908,1045,-137
219000387,2,0,2
219000390,5,1,4
219000391,6,0,6
219000397,62,68,-6
219000398,44,37,7
219000401,10,65,-55
219000402,11,71,-60
219000403,44,113,-69
219000404,11,70,-59
219000407,0,15,-15
219000409,19,23,-4
219000410,24,18,6
219000411,38,10,28
219000446,207,357,-150
219000447,0,17,-17
219000448,9,4,5
219000452,76,44,32
219000453,79,96,-17
219000454,248,118,130
219000556,96,49,47
219000558,41,266,-225
219000590,15,169,-154
219000591,25,38,-13
219000592,65,395,-330
219000595,2,28,-26
219000635,34,11,23
219000636,9,106,-97
219000657,21,12,9
219000658,5,19,-14
219000673,0,3,-3
219000676,2,0,2
219000679,11,3,8
219000684,45,1,44
219000685,14,127,-113
219000686,1,2,-1
219000688,0,72,-72
219000689,45,156,-111
219000690,131,7,124
219000691,69,72,-3
219000692,125,12,113
219000693,0,14,-14
219000694,5,0,5
219000695,12,2,10
219000698,15,11,4
219000699,0,20,-20
219000727,7,248,-241
219000728,37,0,37
219000770,12,2,10
219000771,0,17,-17
219000788,279,292,-13
219001150,0,10,-10
219001151,0,3,-3
219001166,37,2,35
219001167,0,45,-45
219001178,24,1,23
220000001,19,26,-7
220000002,13,127,-114
220000003,358,237,121
220000004,508,376,132
220000005,1467,1052,415
220000006,123,695,-572
220000007,242,644,-402
220000008,166,969,-803
220000009,130,409,-279
220000010,232,76,156
220000011,411,2024,-1613
220000012,140,169,-29
220000014,34,43,-9
220000015,25,135,-110
220000017,20,242,-222
220000018,4030,684,3346
220000019,55,173,-118
220000020,160,217,-57
220000021,311,145,166
220000022,271,494,-223
220000023,100,144,-44
220000024,1172,246,926
220000025,393,331,62
220000026,156,97,59
220000027,23,61,-38
220000028,26,40,-14
220000029,35,126,-91
220000030,165,81,84
220000031,97,227,-130
220000064,15,555,-540
221000046,6,0,6
221000047,0,1,-1
221000048,0,0,0
221000049,0,11,-11
221000050,7,0,7
221000055,46,23,23
221000068,239,53,186
221000069,192,33,159
221000070,118,17,101
221000071,43,7,36
221000072,98,16,82
221000073,93,30,63
221000074,0,16,-16
221000075,17,24,-7
221000076,9,32,-23
221000077,16,11,5
221000081,45,24,21
221000082,21,10,11
221000083,33,4,29
221000084,0,1,-1
221000085,10,49,-39
221000086,6,90,-84
221000087,4,122,-118
221000088,18,132,-114
221000089,30,185,-155
221000090,103,303,-200
221000098,73,7,66
221000099,89,12,77
221000100,29,6,23
221000101,192,5,187
221000107,11,2,9
221000108,28,8,20
221000109,1,20,-19
221000110,1,34,-33
221000111,22,225,-203
221000112,7,104,-97
221000113,6,158,-152
221000114,12,143,-131
221000120,10,20,-10
221000121,1,10,-9
221000122,4,15,-11
221000123,2,27,-25
221000124,8,233,-225
221000155,27,4,23
221000156,46,22,24
221000175,0,11,-11
221000176,3,3,0
221000182,19,1,18
221000241,617,109,508
221000242,162,181,-19
221000243,441,82,359
221000244,109,363,-254
221000245,64,114,-50
221000246,15,245,-230
221000247,48,97,-49
221000248,34,174,-140
221000267,49,651,-602
221000325,66,29,37
221000331,1,61,-60
221000338,1,10,-9
221000378,74,14,60
221000381,35,115,-80
222000282,7,4,3
222000296,0,5,-5
222000568,139,4,135
222000569,60,4,56
222000570,49,3,46
222000571,91,13,78
222000577,5,220,-215
222000578,8,189,-181
222000579,33,149,-116
222000580,135,732,-597
222000599,0,109,-109
222000600,3,259,-256
222000601,7,691,-684
222000603,22,21,1
222000604,39,20,19
222000605,11,4,7
222000606,1,6,-5
222000607,0,1,-1
222000608,1,5,-4
222000609,18,407,-389
222000616,81,43,38
222000617,3,9,-6
222000618,2,3,-1
222000620,75,5,70
222000621,24,14,10
222000623,283,2,281
222000624,132,1,131
222000625,227,31,196
222000636,31,5,26
222000686,14,3,11
222000687,23,20,3
222001066,177,4,173
222001067,3,5,-2
222001068,14,34,-20
222001069,17,32,-15
222001082,1,33,-32
222001083,2,56,-54
222001084,0,28,-28
222001085,0,66,-66
222001111,6,250,-244
222001112,29,64,-35
222001313,8,3,5
222001314,0,82,-82
222001464,87,39,48
222001465,34,292,-258
222001484,48,22,26
222001485,19,94,-75
222001494,86,87,-1
222001495,43,543,-500
222001496,109,39,70
222001497,52,639,-587
222001502,10,100,-90
222001503,23,27,-4
222001504,8,157,-149
222001505,116,11,105
222001506,32,129,-97
222001507,101,19,82
222001510,108,22,86
222001511,19,331,-312
222001514,288,37,251
222001515,141,509,-368
222001518,93,33,60
222001519,21,351,-330
222001527,154,13,141
222001528,39,155,-116
222001529,48,23,25
222001530,24,231,-207
222001533,63,374,-311
222001534,97,30,67
222001535,34,77,-43
222001536,40,369,-329
222001537,115,14,101
222001538,12,388,-376
222001563,153,69,84
222001564,36,770,-734
222001568,174,70,104
222001576,0,2,-2
222001579,0,2,-2
222001583,22,184,-162
222001584,33,18,15
222001596,402,1100,-698
222001597,673,153,520
222001626,1,136,-135
222001650,26,52,-26
222001651,34,76,-42
222001914,95,31,64
222001915,35,187,-152
222001968,355,120,235
222001969,333,900,-567
222001970,92,153,-61
222001971,2,12,-10
222001972,0,20,-20
225000001,257,80,177
225000002,141,51,90
225000003,143,55,88
225000004,126,160,-34
225000005,17,31,-14
225000006,0,108,-108
225000007,3009,794,2215
225000010,130,3,127
225000011,458,541,-83
225000012,107,314,-207
225000013,93,119,-26
225000014,493,60,433
225000015,64,195,-131
225000021,375,130,245
225000027,167,430,-263
225000032,424,123,301
225000042,33,581,-548
225000049,29,45,-16
225000050,19,16,3
225000053,6,135,-129
225000058,520,125,395
225000067,69,158,-89
225000068,49,495,-446
225000069,125,484,-359
225000070,33,502,-469
225000071,7,307,-300
225000075,28,564,-536
225000076,58,88,-30
225000078,51,26,25
225000085,27,62,-35
225000086,113,26,87
225000087,106,10,96
225000088,2,90,-88
225000089,303,378,-75
225000090,17,305,-288
225000091,53,239,-186
225000092,33,69,-36
225000093,68,372,-304
225000094,6,438,-432
225000095,192,535,-343
225000096,152,386,-234
225000098,255,105,150
225000099,139,57,82
225000100,58,65,-7
225000104,25,408,-383
225000110,4,375,-371
225000111,160,945,-785
225000112,237,811,-574
225000113,106,668,-562
225000114,26,299,-273
225000115,2552,396,2156
225000116,774,55,719
225000117,655,328,327
225000118,531,224,307
225000119,127,37,90
225000120,274,35,239
225000121,231,23,208
225000123,603,11,592
225000125,171,320,-149
225000126,957,195,762
225000127,762,318,444
225000128,278,245,33
225000132,100,37,63
225000133,140,27,113
225000134,321,54,267
225000135,8,3,5
225000136,83,10,73
225000137,57,50,7
225000138,197,32,165
225000143,60,125,-65
225000144,2,287,-285
225000145,9,38,-29
225000146,32,108,-76
225000147,14,290,-276
225000148,2,221,-219
225000149,36,457,-421
225000151,40,242,-202
225000155,207,319,-112
225000156,222,518,-296
225000157,82,319,-237
225000158,71,354,-283
225000171,1,192,-191
225000180,25,3,22
225000181,1,47,-46
225000182,53,4,49
225000185,10,289,-279
225000187,39,318,-279
225000191,83,0,83
225000194,0,5,-5
225000208,1,41,-40
225000209,29,11,18
225000210,3,162,-159
225000217,0,13,-13
225000218,2,1,1
225000223,0,61,-61
225000224,410,0,410
225000225,0,7,-7
225000226,35,0,35
225000227,15,38,-23
225000228,6,3,3
225000229,0,67,-67
225000230,6,0,6
225000231,0,77,-77
225000232,51,0,51
225000241,84,1,83
225000242,1,45,-44
225000249,28,27,1
225000250,44,815,-771
225000251,126,10,116
226000042,339,407,-68
226000043,50,212,-162
226000044,194,611,-417
226000045,107,348,-241
226000046,255,41,214
226000047,240,58,182
226000048,241,49,192
226000049,130,60,70
226000070,1,28,-27
226000071,0,59,-59
226000072,0,4,-4
226000073,0,5,-5
226000074,2,2,0
226000084,2,52,-50
226000085,1,30,-29
226000086,19,3,16
226000087,3,3,0
226000088,11,8,3
226000090,95,32,63
226000091,20,7,13
226000092,1,0,1
226000093,35,0,35
226000094,7,0,7
226000095,197,3,194
226000105,15,2,13
226000106,3,0,3
226000107,4,0,4
226000108,12,0,12
226000109,22,0,22
226000124,80,33,47
226000134,225,250,-25
226000135,494,431,63
226000136,137,225,-88
226000137,6,401,-395
226000138,4,204,-200
226000139,0,26,-26
226000156,41,0,41
226000157,55,16,39
226000163,55,305,-250
226000202,1,469,-468
226000231,161,4,157
226000232,8,5,3
227000033,11,3,8
227000037,60,10,50
227000038,126,37,89
227000049,0,16,-16
227000050,0,43,-43
227000055,34,0,34
227000056,9,0,9
227000084,2,28,-26
227000085,2,22,-20
227000088,50,5,45
227000089,49,1,48
227000090,10,0,10
227000091,5,0,5
227000093,39,0,39
227000094,5,0,5
227000130,22,54,-32
227000131,7,299,-292
227000132,22,307,-285
227000133,7,305,-298
227000134,13,401,-388
227000152,0,7,-7
227000153,0,14,-14
227000155,1,19,-18
227000156,0,10,-10
227000165,1,10,-9
227000196,42,396,-354
227000199,96,11,85
227000230,17,295,-278
227000232,91,13,78
227000241,134,9,125
227000242,48,383,-335
227000243,307,36,271
227000244,201,28,173
227000245,15,283,-268
227000246,61,377,-316
227000247,118,21,97
227000248,80,25,55
227000249,16,240,-224
227000250,31,11,20
227000251,221,410,-189
227000252,10,343,-333
227000253,50,11,39
227000262,125,18,107
227000266,248,21,227
227000267,18,1192,-1174
227000486,289,93,196
227000655,44,5,39
227000661,93,5,88
227000680,69,24,45
229000265,3,25,-22
229000296,5,11,-6
229000297,2,52,-50
229000298,9,86,-77
229000320,1,10,-9
229000321,8,3,5
229000412,6,28,-22
229000414,10,34,-24
229000415,5,2,3
229000416,2,6,-4
229000417,1,3,-2
229000419,64,139,-75
229000440,125,47,78
229000442,0,2,-2
229000443,3,0,3
229000444,0,21,-21
229000445,17,0,17
229000446,53,10,43
229000847,11,0,11
229000848,3,0,3
229000849,38,0,38
229000851,3,1,2
229000854,0,59,-59
229000856,2,112,-110
229000857,0,38,-38
229000858,0,67,-67
229000919,2,58,-56
229000930,9,150,-141
229000937,51,16,35
229000966,27,18,9
229000981,13,44,-31
229000985,5,8,-3
229000986,0,9,-9
229000987,0,0,0
229000988,1,0,1
229000989,0,1,-1
229000990,0,1,-1
229000991,1,5,-4
229000992,3,7,-4
229000993,92,19,73
229000998,8,48,-40
229000999,38,5,33
229001034,0,11,-11
229001035,1,1,0
229001037,24,15,9
229001042,8,6,2
229001047,0,40,-40
229001050,19,36,-17
229001200,14,0,14
229001338,34,5,29
229001394,136,2,134
229001422,81,12,69
229001423,21,90,-69
229001431,23,26,-3
229001432,20,51,-31
229001444,47,37,10
229001445,19,160,-141
229001503,124,53,71
229001504,62,150,-88
229001505,49,54,-5
229001506,27,100,-73
229001509,27,15,12
229001545,30,4,26
229001546,1,65,-64
229001553,24,11,13
229001554,15,76,-61
229001559,0,4,-4
229001560,2,21,-19
229001630,62,5,57
229001631,4,31,-27
229001635,0,5,-5
229001636,0,0,0
229001658,2,63,-61
229001659,54,4,50
229001660,1,0,1
229001661,2,20,-18
229001662,18,0,18
229001663,0,14,-14
229002584,64,91,-27
229002831,115,46,69
229002841,3,11,-8
229002842,2,6,-4
229002843,30,8,22
229002844,25,20,5
229002845,76,21,55
229002846,14,62,-48
229002847,1,4,-3
229002848,0,6,-6
229002849,2,32,-30
229002850,5,0,5
229002851,27,55,-28
229002852,23,13,10
229002853,26,9,17
229002854,21,13,8
229002855,5,40,-35
229002856,9,6,3
229002857,0,31,-31
229002858,0,2,-2
229002859,9,10,-1
229002860,41,2,39
229002861,11,5,6
229002862,8,19,-11
229002863,2,11,-9
229002864,0,16,-16
229002865,15,1,14
229002866,25,5,20
229002867,1,13,-12
229002868,3,5,-2
229002869,7,104,-97
229002870,8,2,6
235000066,165,22,143
235000067,81,57,24
235000072,11,12,-1
235000073,43,103,-60
235000074,7,66,-59
235000080,4,102,-98
235000081,22,107,-85
235000082,62,49,13
235000083,89,46,43
235000084,20,26,-6
235000085,27,35,-8
235000089,7,20,-13
235000092,5,55,-50
235000093,1,2,-1
235000097,1,3,-2
235000098,10,6,4
235000099,10,11,-1
235000116,22,12,10
235000117,412,8,404
235000133,6,136,-130
235000134,6,47,-41
235000206,1,2,-1
235000207,0,1,-1
235000208,1,0,1
235000209,3,2,1
235000210,5,1,4
235000212,1,18,-17
235000213,1,10,-9
235000220,1,3,-2
235000221,25,9,16
235000238,18,9,9
235000239,0,1,-1
235000242,84,105,-21
235000245,698,169,529
235000246,7,30,-23
235000284,5,124,-119
235000295,67,2,65
235000305,57,24,33
235000306,29,7,22
235000307,17,0,17
235000308,32,0,32
235000309,21,0,21
235000310,7,0,7
235000311,35,12,23
235000322,0,21,-21
235000323,0,57,-57
235000324,0,7,-7
235000325,0,15,-15
235000326,12,283,-271
235000351,8,87,-79
235000352,6,25,-19
235000353,0,24,-24
235000354,1,36,-35
235000355,22,40,-18
235000356,11,4,7
235000357,13,12,1
235000358,7,5,2
235000359,3,2,1
235000360,17,4,13
235000361,29,2,27
235000381,17,245,-228
235000382,51,18,33
235000390,17,1,16
235000391,39,20,19
235000392,24,73,-49
235000393,29,70,-41
235000395,38,30,8
235000396,89,33,56
235000400,35,71,-36
235000401,12,144,-132
235000405,30,254,-224
235000406,21,183,-162
235000407,40,83,-43
235000409,200,112,88
235000410,18,125,-107
235000411,0,64,-64
235000485,0,8,-8
235000486,2,0,2
235000549,15,19,-4
235000550,13,126,-113
235000599,31,42,-11
235000600,4,3,1
235000601,12,34,-22
235000602,38,59,-21
235000614,3,0,3
235000648,0,17,-17
235000649,11,2,9
235000685,0,1,-1
235000815,5,7,-2
235000834,0,4,-4
235000855,28,22,6
235000862,12,136,-124
235000891,0,5,-5
235000892,7,3,4
235000901,33,73,-40
235000907,2,2,0
235001010,25,33,-8
235001029,324,235,89
235001030,149,74,75
235001078,33,56,-23
235001079,37,63,-26
235001147,42,20,22
235001166,2,66,-64
235001167,0,46,-46
235001169,37,262,-225
235001188,1,8,-7
235001189,0,0,0
235001197,11,24,-13
235001200,21,9,12
235001207,96,31,65
235001210,48,277,-229
235001215,22,184,-162
235001239,0,25,-25
235001244,0,2,-2
235016267,0,27,-27
277102712,16,6,10
277103813,0,0,0
277104249,0,2,-2
277104250,0,11,-11
277104251,0,4,-4
277104252,0,5,-5
990011530,0,169,-169
990014944,1,350,-349
990015176,23,18,5
990016032,1,262,-261
990032570,1,34,-33
990070001,32,0,32
990070103,0,4,-4
990070601,0,18,-18
990070751,131,1,130
990070766,5,812,-807
990071180,226,148,78
990071343,39,3,36
990071387,0,10,-10
990071823,18,0,18
990072600,0,551,-551
990072964,0,412,-412
990073285,0,0,0
990074393,2,928,-926
990074870,230,2,228
990075106,175,3,172
990075746,120,1,119
990076437,284,2,282
990076458,2,1257,-1255
997000007,83,6,77
997000041,0,63,-63
997000058,18,0,18
997000062,9,0,9
997000069,0,4,-4
997000070,0,64,-64
997000100,4,1,3
997000141,0,267,-267
997000198,280,205,75
998000475,0,6,-6
998000736,0,360,-360
998000965,0,0,0
998001031,0,43,-43
998001700,0,16,-16
998001899,0,1,-1
998001900,1,0,1
998003073,269,6,263
998101900,0,0,0
998102850,0,48,-48
998501927,339,248,91
998501929,31,4,27
998501930,28,0,28
998501931,49,20,29
998501932,9,0,9
998501933,4,0,4
998501937,0,1,-1
998501944,4,0,4
998501950,0,2,-2
998501970,6,5,1
998501971,0,54,-54
998501973,0,59,-59
998501974,2,201,-199
998501975,87,1,86
998501976,31,1,30
998501977,0,20,-20
998501978,9,0,9
998501979,0,7,-7
998501980,87,1,86
998501981,8,1,7
998501982,1,59,-58
998501983,0,0,0
998502006,0,0,0
998502024,0,3,-3
998502032,0,4,-4
998502062,11,0,11
998502063,0,0,0
998502173,35,0,35
998502269,0,1,-1
998502546,0,88,-88
998502578,0,0,0
998502599,45,199,-154
998502621,0,0,0
998601159,2,196,-194
998601292,0,23,-23
999033574,2,633,-631
999800001,54,37,17
999800002,0,2,-2
999800003,3,4,-1
999800004,0,2,-2
999800005,0,3,-3
