ID,insum,outsum,diff
100000001,1051,661,390
100000002,6321,12489,-6168
100000003,5333,9255,-3922
100000004,332,1439,-1107
100000005,4130,5905,-1775
100000006,851,829,22
100000007,3454,969,2485
100000008,102,1678,-1576
100000009,600,850,-250
100000010,26,1347,-1321
100000011,548,312,236
100000012,22,750,-728
100000013,22,652,-630
100000014,337,1344,-1007
100000015,1773,2472,-699
100000016,416,3817,-3401
100000017,483,4598,-4115
100000018,1422,801,621
100000019,4441,4758,-317
100000020,1814,7856,-6042
100000021,9804,2182,7622
100000022,952,7404,-6452
100000023,7318,3726,3592
100000025,566,2924,-2358
100000028,594,4651,-4057
100000029,39,1824,-1785
100000030,47,48,-1
100000031,2126,10500,-8374
100000032,3338,8562,-5224
100000033,1667,6237,-4570
100000034,222,2914,-2692
100000035,926,2458,-1532
100000036,852,2767,-1915
100000037,1094,630,464
100000038,3671,1510,2161
100000039,255,856,-601
100000040,635,237,398
100000041,2287,781,1506
100000042,1709,511,1198
100000043,750,355,395
100000044,382,547,-165
100000045,515,668,-153
100000046,639,909,-270
100000047,207,649,-442
100000048,161,903,-742
100000049,1884,2266,-382
100000051,973,593,380
100000053,61,10,51
100000054,468,36,432
100000055,878,278,600
100000056,343,1011,-668
100000057,2120,792,1328
100000058,1210,692,518
100000059,19,777,-758
100000060,1022,771,251
100000061,2228,943,1285
100000062,1851,1011,840
100000063,1108,489,619
100000064,1582,1068,514
100000065,390,974,-584
100000066,263,545,-282
100000067,241,972,-731
100000068,434,1842,-1408
100000069,311,1664,-1353
100000072,175,522,-347
100000073,1337,1206,131
100000075,1564,303,1261
100000076,2152,8105,-5953
100000077,150,866,-716
100000078,25,78,-53
100000079,8,97,-89
100000080,7,55,-48
100000081,24,188,-164
100000102,4095,11673,-7578
100000103,1992,1637,355
100000104,7043,3073,3970
100000105,2787,3163,-376
100000106,939,6361,-5422
100000107,89,2117,-2028
100000108,330,2209,-1879
100000109,593,3408,-2815
100000116,304,798,-494
100000117,41,173,-132
100000118,566,1694,-1128
100000119,1170,1489,-319
100000121,512,915,-403
100000122,546,6330,-5784
100000123,1441,4324,-2883
100000124,2026,3709,-1683
100000125,15305,3346,11959
100000126,675,2527,-1852
100000127,1455,2571,-1116
100000128,248,4020,-3772
100000129,565,1724,-1159
100000130,966,298,668
100000131,816,2278,-1462
100000132,1562,1705,-143
100000133,1546,1403,143
100000135,1245,1416,-171
100000139,190,742,-552
100000140,85,122,-37
100000142,540,1179,-639
100000143,2601,521,2080
100000144,2362,679,1683
100000147,2590,6010,-3420
100000150,71,1008,-937
100000151,386,3496,-3110
100000153,59,937,-878
100000154,25,1774,-1749
100000155,1,82,-81
100000156,139,230,-91
100000157,278,198,80
100000158,178,171,7
100000159,188,3619,-3431
100000165,1061,870,191
100000169,37,3581,-3544
100000174,392,1817,-1425
100000179,164,1754,-1590
100000180,564,5399,-4835
100000181,374,626,-252
100000188,154,467,-313
100000189,1114,602,512
100000190,624,2665,-2041
100000191,1268,873,395
100000192,19,161,-142
100000193,308,179,129
100000330,836,1419,-583
100000355,331,847,-516
100000362,1976,708,1268
100000363,7893,11276,-3383
100000364,76,354,-278
100000365,7875,11891,-4016
100000366,1852,1520,332
100000367,7932,9313,-1381
100000368,2639,1850,789
100000369,808,3614,-2806
100000370,326,1256,-930
100000376,38,428,-390
100000379,979,7657,-6678
100000380,3636,17319,-13683
100000384,6857,12343,-5486
100000385,2046,9191,-7145
100000386,1766,10271,-8505
100000387,6586,14030,-7444
100000388,2002,5984,-3982
100000389,6609,10501,-3892
100000390,3186,4307,-1121
100000391,2883,9530,-6647
100000392,811,3877,-3066
100000393,730,5804,-5074
100000394,2470,8050,-5580
100000395,1109,7183,-6074
100000396,1081,2566,-1485
100000397,2066,9434,-7368
100000398,6792,4774,2018
100000413,0,0,0
100000414,417,2746,-2329
100900002,4,34,-30
100900003,899,369,530
100900004,6,952,-946
100900005,215,6,209
100900006,26,23,3
100900007,328,20,308
100900008,33,660,-627
100900009,38,75,-37
100900010,63,18,45
100900011,289,51,238
100900012,1,196,-195
100900013,1343,17,1326
100900014,0,3,-3
100900015,58,73,-15
100900016,12,70,-58
100900017,1725,148,1577
100900018,7,14,-7
100900019,32,46,-14
100900020,623,1,622
100900021,543,2,541
100900022,1,21,-20
100900023,0,45,-45
100900024,448,4,444
100900025,24,5,19
100900026,143,92,51
100900027,619,3656,-3037
100900028,54,778,-724
100900029,139,22,117
100900030,3,664,-661
100900031,1169,108,1061
100900032,699,2,697
100900033,139,871,-732
100900034,2094,4,2090
100900035,259,2,257
100900036,78,0,78
100900037,174,52,122
100900038,23,356,-333
100900039,265,183,82
100900040,629,164,465
100900041,1489,218,1271
100900042,329,4482,-4153
100900043,0,142,-142
100900044,1177,945,232
100900045,4,2,2
100900046,1419,20,1399
100900047,1034,64,970
100900048,175,68,107
100900049,210,123,87
100900050,22,51,-29
100900051,17,380,-363
100900052,492,12,480
100900053,899,40,859
100900054,24,39,-15
100900055,709,1765,-1056
100900056,17,69,-52
100900057,3883,577,3306
100900058,204,52,152
100900059,170,0,170
100900060,214,6,208
100900061,167,194,-27
100900062,0,30,-30
100900063,403,1281,-878
100900064,746,21,725
100900065,43,173,-130
100900066,270,111,159
100900067,35,9,26
100900068,120,214,-94
100900069,169,3,166
100900070,944,6,938
100900071,186,116,70
100900072,2,62,-60
100900073,191,501,-310
100900074,0,10,-10
100900075,2029,402,1627
100900076,6,24,-18
100900077,64,1,63
100900078,434,370,64
100900079,5,64,-59
100900080,133,281,-148
100900081,25,175,-150
100900082,366,133,233
100900083,9,40,-31
100900085,8,844,-836
100900086,42,386,-344
100900088,429,105,324
100900089,5,17,-12
100900090,121,2879,-2758
100900091,0,7,-7
100900092,90,188,-98
100900093,394,885,-491
100900094,353,79,274
100900095,7,66,-59
100900096,44,522,-478
100900097,15,0,15
100900098,26,56,-30
100900099,2,658,-656
100900100,11,415,-404
100900101,308,30,278
100900102,3,128,-125
100900103,6,16,-10
100900104,4,285,-281
100900105,19,801,-782
100900106,6,4,2
100900107,4269,1253,3016
100900108,1,25,-24
100900109,14,60,-46
100900110,1,27,-26
100900111,9,322,-313
100900112,7,28,-21
100900113,11,24,-13
100900114,20,38,-18
100900115,15,72,-57
100900116,1547,495,1052
100900117,307,1214,-907
100900118,36,143,-107
100900119,5,26,-21
100900120,10,20,-10
100900121,618,420,198
100900122,73,114,-41
100900123,289,53,236
100900124,2,10,-8
100900125,3,47,-44
100900126,937,337,600
100900127,8,4,4
100900128,94,1233,-1139
100900129,1,340,-339
100900131,11,140,-129
100900133,127,43,84
100900134,5,10,-5
100900135,2,1265,-1263
100900137,379,269,110
100900138,589,542,47
100900139,4,4,0
100900140,3,194,-191
100900141,5,925,-920
100900142,0,7,-7
100900143,423,1507,-1084
100900144,4,2,2
100900145,62,1069,-1007
100900146,3,20,-17
100900147,24,3308,-3284
100900148,314,183,131
100900149,26,763,-737
100900150,4,43,-39
100900151,84,556,-472
100900152,614,11,603
100900153,2,346,-344
100900154,14,374,-360
100900155,9,1,8
100900156,48,1,47
100900157,6,344,-338
100900159,9,113,-104
100900160,42,1,41
100900161,113,0,113
100900162,11,408,-397
100900163,171,86,85
100900164,171,42,129
100900165,30,52,-22
100900166,33,0,33
100900167,5,34,-29
100900168,15,124,-109
100900169,24,1240,-1216
100900170,15,34,-19
100900171,36,619,-583
100900172,0,101,-101
100900173,18,159,-141
100900174,78,11,67
100900176,1975,549,1426
100900177,508,336,172
100900178,178,245,-67
100900179,281,498,-217
100900180,1,4,-3
100900181,62,82,-20
100900182,89,2,87
100900184,15,145,-130
100900186,565,257,308
100900187,84,85,-1
100900188,37,8,29
100900189,3226,157,3069
100900191,524,1215,-691
100900192,178,487,-309
100900195,137,1226,-1089
100900197,72,82,-10
100900198,22,41,-19
100900199,4,3,1
100900200,1190,405,785
100900201,170,886,-716
100900202,46,0,46
100900203,0,154,-154
100900204,117,1808,-1691
100900205,275,606,-331
100900206,142,226,-84
100900207,390,204,186
100900210,227,187,40
100900211,890,124,766
100900213,236,33,203
100900214,351,195,156
100900215,37,29,8
100900217,177,216,-39
101000001,2574,2671,-97
101000002,10060,11368,-1308
101000003,693,1026,-333
101000004,1261,4969,-3708
101000005,3764,7145,-3381
101000006,4815,12136,-7321
101000007,3631,3697,-66
101000008,11775,3455,8320
101000009,3798,1058,2740
101000010,1506,1285,221
101000011,2168,452,1716
101000012,443,971,-528
101000013,558,1907,-1349
101000014,378,427,-49
101000015,2585,2382,203
101000016,266,1310,-1044
101000017,603,768,-165
101000018,3844,13114,-9270
101000020,2440,3611,-1171
101000021,732,1571,-839
101000022,34,321,-287
101000023,1296,1365,-69
101000025,178,382,-204
101000026,416,26,390
101000027,1562,4206,-2644
101000028,1777,442,1335
101000029,77,1499,-1422
101000030,1119,104,1015
101000031,68,713,-645
101000032,2136,6229,-4093
101000033,1584,8898,-7314
101000034,940,4134,-3194
101000035,1135,594,541
101000036,461,4020,-3559
101000037,1309,6442,-5133
101000039,2604,6569,-3965
101000040,2938,9713,-6775
101000041,2540,7761,-5221
101000042,56,1316,-1260
101000043,3861,9297,-5436
101000045,270,1152,-882
101000046,1213,2314,-1101
101000047,1024,5016,-3992
101000048,708,715,-7
101000049,536,3626,-3090
101000050,662,2606,-1944
101000051,700,2408,-1708
101000052,2345,2362,-17
101000053,529,2145,-1616
101000054,3016,1465,1551
101000055,1486,2192,-706
101000056,18,194,-176
101000057,858,3832,-2974
101000058,1059,3185,-2126
101000059,3340,3894,-554
101000060,3386,2584,802
101000061,390,3315,-2925
101000062,818,1360,-542
101000063,130,2427,-2297
101000064,286,2364,-2078
101000065,200,1833,-1633
101000066,336,2250,-1914
101000067,244,1309,-1065
101000068,122,477,-355
101000069,199,134,65
101000070,301,943,-642
101000071,5620,1964,3656
101000072,686,2950,-2264
101000073,389,1335,-946
101000074,1783,4129,-2346
101000075,2279,3919,-1640
101000077,2024,2130,-106
101000078,496,1052,-556
101000079,904,1172,-268
101000080,847,1397,-550
101000081,1957,1667,290
101000082,2569,2133,436
101000083,3797,3104,693
101000084,1152,747,405
101000085,2124,1745,379
101000086,871,1481,-610
101000087,1175,1366,-191
101000088,2445,1698,747
101000089,1443,2292,-849
101000090,2225,834,1391
101000091,802,449,353
101000092,3026,664,2362
101000093,2335,615,1720
101000094,1378,987,391
101000095,898,703,195
101000096,1006,413,593
101000097,616,1583,-967
101000098,635,1536,-901
101000099,597,1620,-1023
101000100,995,2231,-1236
101000101,205,1974,-1769
101000102,658,2488,-1830
101000103,427,1952,-1525
101000104,429,1226,-797
101000105,195,891,-696
101000106,147,3905,-3758
101000107,301,782,-481
101000108,921,164,757
101000109,1071,193,878
101000110,48,269,-221
101000111,71,312,-241
101000113,380,2512,-2132
101000114,3302,11066,-7764
101000115,26,4,22
101000116,18,60,-42
101000117,1855,420,1435
101000119,35,79,-44
101000120,83,212,-129
101000121,29,62,-33
101000122,118,94,24
101000123,29,101,-72
101000124,544,579,-35
101000125,90,198,-108
101000128,141,2143,-2002
101000130,423,736,-313
101000131,2249,470,1779
101000132,1425,697,728
101000135,26,17,9
101000136,121,164,-43
101000137,25,775,-750
101000141,705,7090,-6385
101000147,1992,514,1478
101000148,1459,17,1442
101000149,44,110,-66
101000150,297,377,-80
101000151,620,94,526
101000152,508,555,-47
101000153,486,218,268
101000154,672,753,-81
101000155,616,214,402
101000156,27,939,-912
101000157,44,377,-333
101000160,10,17,-7
101000163,70,957,-887
101000164,462,171,291
101000165,342,831,-489
101000166,201,380,-179
101000168,1398,805,593
101000252,3839,1452,2387
101000254,49,16,33
101000258,45,3,42
101000261,47,173,-126
101000262,3464,9504,-6040
101000263,555,1799,-1244
101000265,117,870,-753
101000266,669,366,303
101000269,12,36,-24
101000290,476,4662,-4186
101000293,4,47,-43
101000294,1150,1037,113
101000295,489,265,224
101000301,280,1077,-797
101000304,3683,7110,-3427
101000305,4072,2965,1107
101000328,174,1555,-1381
101900001,82,44,38
101900002,0,12,-12
101900003,20,335,-315
101900004,1,386,-385
101900005,1527,5132,-3605
101900006,2975,641,2334
101900007,803,192,611
101900008,128,964,-836
101900009,66,781,-715
101900010,708,1038,-330
101900011,39,1686,-1647
101900012,1025,92,933
101900013,681,96,585
101900017,10,129,-119
101900018,1658,307,1351
101900019,166,199,-33
101900020,186,103,83
101900021,0,56,-56
101900022,333,1825,-1492
101900023,252,282,-30
101900026,207,66,141
101900027,37,153,-116
102000001,2844,7926,-5082
102000002,751,2664,-1913
102000003,3496,7951,-4455
102000004,6249,7347,-1098
102000005,2570,5025,-2455
102000006,4645,3542,1103
102000007,3327,5925,-2598
102000008,4536,2168,2368
102000009,10960,10797,163
102000010,6012,3167,2845
102000011,9453,9512,-59
102000012,9812,4723,5089
102000018,3367,4293,-926
102000019,4023,2760,1263
102000026,1055,460,595
102000029,464,544,-80
102000030,223,531,-308
102000031,159,244,-85
102000032,910,674,236
102000033,683,377,306
102000034,652,594,58
102000035,1614,788,826
102000036,36,302,-266
102000038,26,63,-37
102000039,64,299,-235
102000040,274,477,-203
102000041,68,760,-692
102000042,42,433,-391
102000043,107,795,-688
102000044,595,2041,-1446
102000045,1614,1593,21
102000046,2016,1696,320
102000047,1560,1153,407
102000048,736,668,68
102000049,1440,1868,-428
102000050,2920,1783,1137
102000051,397,1036,-639
102000052,1842,2071,-229
102000053,1152,1872,-720
102000054,1351,1322,29
102000055,1978,305,1673
102000056,3261,330,2931
102000057,3103,636,2467
102000058,1411,990,421
102000059,1222,1666,-444
102000060,1381,1365,16
102000061,2806,2503,303
102000062,3204,1562,1642
102000063,1659,2300,-641
102000064,1026,934,92
102000065,81,191,-110
102000066,1035,1299,-264
102000067,8210,5054,3156
102000068,12554,5510,7044
102000069,101,3034,-2933
102000070,2785,60,2725
102000071,9320,16377,-7057
102000072,3439,5790,-2351
102000073,1301,732,569
102000074,1123,1559,-436
102000075,235,282,-47
102000076,856,590,266
102000077,1099,447,652
102000078,1849,322,1527
102000079,309,75,234
102000080,131,80,51
102000081,312,977,-665
102000082,1947,1403,544
102000083,1623,368,1255
102000084,887,305,582
102000085,3422,937,2485
102000086,2317,956,1361
102000087,1100,1679,-579
102000088,675,412,263
102000089,2088,333,1755
102000090,410,1657,-1247
102000091,1670,713,957
102000092,427,790,-363
102000093,2198,1017,1181
102000094,629,425,204
102000095,876,1191,-315
102000096,395,436,-41
102000097,815,580,235
102000098,351,537,-186
102000099,867,881,-14
102000100,288,1017,-729
102000101,329,502,-173
102000102,420,1809,-1389
102000103,4988,550,4438
102000104,1057,554,503
102000105,538,635,-97
102000106,1331,663,668
102000107,2181,602,1579
102000108,1077,517,560
102000109,2563,890,1673
102000110,1313,398,915
102000111,1607,1063,544
102000112,140,278,-138
102000113,13,147,-134
102000114,2091,1092,999
102000115,287,654,-367
102000116,339,1082,-743
102000117,81,1760,-1679
102000118,1155,2688,-1533
102000119,1064,1990,-926
102000120,504,885,-381
102000121,976,660,316
102000122,667,1083,-416
102000123,1593,724,869
102000124,1715,1669,46
102000125,561,918,-357
102000126,701,1209,-508
102000127,1141,891,250
102000128,810,1023,-213
102000129,1577,682,895
102000130,679,1033,-354
102000131,1513,858,655
102000132,590,1402,-812
102000133,4888,2768,2120
102000134,1335,1020,315
102000135,1016,895,121
102000136,1504,834,670
102000137,559,941,-382
102000138,454,343,111
102000139,96,1143,-1047
102000140,192,1169,-977
102000141,305,719,-414
102000142,559,458,101
102000143,529,233,296
102000144,545,335,210
102000145,681,368,313
102000146,981,426,555
102000147,644,467,177
102000148,623,1067,-444
102000149,676,152,524
102000150,1045,73,972
102000151,152,172,-20
102000152,391,262,129
102000153,1179,1008,171
102000154,160,380,-220
102000155,95,787,-692
102000156,437,299,138
102000157,123,1668,-1545
102000158,260,632,-372
102000159,3021,1723,1298
102000161,4746,3226,1520
102000162,409,461,-52
102000163,260,534,-274
102000164,766,1016,-250
102000165,419,455,-36
102000166,121,444,-323
102000167,221,421,-200
102000168,270,282,-12
102000169,171,824,-653
102000170,1428,313,1115
102000171,191,294,-103
102000172,6,549,-543
102000173,589,539,50
102000174,283,148,135
102000175,156,145,11
102000176,41,90,-49
102000178,251,791,-540
102000179,640,574,66
102000180,1808,323,1485
102000181,1590,400,1190
102000182,800,426,374
102000183,3170,1396,1774
102000184,1124,291,833
102000185,4032,1100,2932
102000186,3011,925,2086
102000187,2022,1854,168
102000188,2376,2863,-487
102000189,4715,2031,2684
102000190,734,3080,-2346
102000191,1320,309,1011
102000192,3280,2010,1270
102000193,209,204,5
102000194,44,707,-663
102000195,918,633,285
102000196,443,582,-139
102000197,1664,230,1434
102000198,331,495,-164
102000199,1918,147,1771
102000200,558,780,-222
102000201,2231,542,1689
102000202,33,332,-299
102000203,1172,272,900
102000204,1567,970,597
102000205,1981,1039,942
102000206,1070,686,384
102000207,1236,813,423
102000208,606,1451,-845
102000209,95,358,-263
102000210,1286,802,484
102000211,634,293,341
102000212,933,5,928
102000213,9,314,-305
102000214,1161,26,1135
102000215,13,313,-300
102000216,235,213,22
102000217,44,133,-89
102000218,350,422,-72
102000219,335,136,199
102000225,426,786,-360
102000226,153,190,-37
102000227,122,1,121
102000228,0,232,-232
102000229,114,103,11
102000230,687,322,365
102000231,760,537,223
102000232,199,297,-98
102000233,3377,891,2486
102000234,160,1321,-1161
102000236,849,99,750
102000237,1157,974,183
102000238,482,815,-333
102000240,810,1228,-418
102000241,275,208,67
102000243,38,52,-14
102000245,13,102,-89
102000246,11,80,-69
102000247,849,2064,-1215
102000248,1396,2315,-919
102000249,1189,327,862
102000250,145,191,-46
102000254,265,213,52
102000266,3,866,-863
102000271,70,0,70
102000286,608,415,193
102000297,4647,1931,2716
102000303,0,0,0
102000305,0,0,0
102000307,0,6,-6
102900001,1129,776,353
102900002,338,62,276
102900003,159,209,-50
102900005,767,302,465
102900006,795,65,730
102900007,1017,6,1011
102900008,402,29,373
102900009,183,412,-229
102900010,81,1321,-1240
102900011,1311,771,540
102900012,618,204,414
102900013,110,10,100
102900015,1275,1066,209
102900016,94,22,72
102900017,460,124,336
102900018,140,52,88
102900019,864,981,-117
102900020,488,22,466
102900021,48,24,24
102900022,70,56,14
102900023,34,113,-79
102900024,122,64,58
102900025,59,58,1
102900026,644,3210,-2566
102900027,84,94,-10
102900028,208,1525,-1317
102900029,185,680,-495
102900030,487,391,96
102900031,586,189,397
102900032,244,49,195
102900033,137,179,-42
102900034,1273,28,1245
102900035,266,512,-246
102900036,687,263,424
102900037,507,249,258
102900038,618,205,413
102900039,22,1244,-1222
102900040,515,349,166
102900041,177,165,12
102900042,639,110,529
102900043,525,109,416
102900044,731,1766,-1035
102900045,502,449,53
102900046,300,104,196
102900047,215,1405,-1190
102900048,1018,259,759
102900049,125,296,-171
102900050,245,584,-339
102900051,309,654,-345
102900053,381,857,-476
102900054,229,2413,-2184
102900055,219,614,-395
102900056,173,470,-297
102900057,8,128,-120
102900058,722,142,580
102900059,38,31,7
102900060,162,575,-413
102900061,362,767,-405
102900062,576,668,-92
102900063,2927,510,2417
102900064,83,828,-745
102900065,1107,170,937
102900066,709,18,691
102900068,69,305,-236
102900070,318,745,-427
102900072,22,62,-40
102900073,66,20,46
102900075,1,94,-93
102900076,51,256,-205
102900077,23,22,1
102900078,48,33,15
102900079,433,8,425
102900080,635,20,615
102900081,79,173,-94
102900082,30,242,-212
102900083,100,12,88
102900084,9,40,-31
102900085,219,72,147
102900086,9,71,-62
102900087,367,134,233
102900088,75,58,17
102900089,245,358,-113
102900090,2,293,-291
102900091,506,2,504
102900092,1003,53,950
102900094,2,307,-305
102900095,113,1,112
102900096,156,16,140
102900097,28,27,1
103000001,2782,4733,-1951
103000002,3511,5817,-2306
103000003,4022,4621,-599
103000004,1001,929,72
103000005,2037,7641,-5604
103000006,1865,2260,-395
103000007,876,559,317
103000008,964,1398,-434
103000009,3843,2331,1512
103000010,491,93,398
103000011,1684,896,788
103000012,1471,2307,-836
103000013,4866,3087,1779
103000014,1549,5331,-3782
103000015,3363,1892,1471
103000016,984,3544,-2560
103000017,253,1321,-1068
103000018,865,179,686
103000019,485,853,-368
103000020,1819,2817,-998
103000021,2165,5615,-3450
103000022,1050,2118,-1068
103000023,1497,4866,-3369
103000024,106,53,53
103000025,156,1722,-1566
103000026,544,363,181
103000027,194,611,-417
103000028,196,262,-66
103000029,90,248,-158
103000030,2969,1981,988
103000031,825,3896,-3071
103000032,2535,1685,850
103000033,3370,3652,-282
103000034,1657,1143,514
103000035,269,1710,-1441
103000036,278,246,32
103000037,738,460,278
103000038,581,1019,-438
103000039,1473,460,1013
103000040,649,644,5
103000041,4153,1765,2388
103000042,3383,493,2890
103000043,1437,857,580
103000044,555,188,367
103000046,400,641,-241
103000047,1146,486,660
103000048,401,378,23
103000049,51,166,-115
103000050,995,342,653
103000051,646,811,-165
103000052,1070,316,754
103000053,257,374,-117
103000054,2772,509,2263
103000055,3054,1515,1539
103000056,1403,646,757
103000057,2322,132,2190
103000058,1437,462,975
103000059,1677,864,813
103000060,1278,311,967
103000061,1089,866,223
103000062,945,345,600
103000063,1354,1139,215
103000064,268,106,162
103000065,1,384,-383
103000066,380,15,365
103000069,572,480,92
103000070,1124,405,719
103000071,2672,1568,1104
103000072,112,670,-558
103000073,2219,172,2047
103000074,1435,164,1271
103000075,196,572,-376
103000076,477,1254,-777
103000077,14,314,-300
103000078,1722,2268,-546
103000079,774,1399,-625
103000080,588,619,-31
103000081,387,1140,-753
103000082,870,304,566
103000083,200,822,-622
103000084,162,13,149
103000085,1,158,-157
103000086,544,908,-364
103000087,117,764,-647
103000088,322,638,-316
103000089,476,1399,-923
103000090,6088,1292,4796
103000091,2008,669,1339
103000092,573,302,271
103000093,521,950,-429
103000094,505,219,286
103000095,191,643,-452
103000096,815,76,739
103000097,151,859,-708
103000098,625,172,453
103000099,135,1122,-987
103000100,169,485,-316
103000101,2261,118,2143
103000102,75,331,-256
103000103,1164,126,1038
103000104,172,76,96
103000105,403,114,289
103000106,12,155,-143
103000107,329,163,166
103000108,2630,2351,279
103000109,953,1028,-75
103000110,1128,988,140
103000111,456,1133,-677
103000112,358,942,-584
103000113,285,2849,-2564
103000114,2253,2852,-599
103000115,1377,1150,227
103000116,893,452,441
103000117,414,538,-124
103000118,632,458,174
103000119,1901,604,1297
103000120,101,671,-570
103000121,124,167,-43
103000122,652,542,110
103000125,24,78,-54
103000126,1531,3,1528
103000127,7,68,-61
103000128,241,5,236
103000129,0,84,-84
103000130,73,91,-18
103000131,108,130,-22
103000132,27,149,-122
103000133,27,117,-90
103000134,261,1919,-1658
103000135,955,259,696
103000136,686,979,-293
103000137,454,848,-394
103000138,648,856,-208
103000139,1,157,-156
103000140,346,43,303
103000141,65,281,-216
103000142,225,187,38
103000143,120,265,-145
103000144,336,293,43
103000145,10,526,-516
103000150,216,71,145
103000152,307,581,-274
103000153,264,511,-247
103000156,8,104,-96
103000157,642,2,640
103000159,478,73,405
103000162,26,36,-10
103000163,3,21,-18
103000164,11,12,-1
103000165,81,238,-157
103000166,577,1336,-759
103000167,526,420,106
103000168,319,473,-154
103000169,211,1096,-885
103000170,1785,261,1524
103000171,45,254,-209
103000172,1553,128,1425
103000173,1765,220,1545
103000174,659,358,301
103000175,640,142,498
103000176,1502,1759,-257
103000177,320,807,-487
103000178,62,313,-251
103000179,157,256,-99
103000183,626,1,625
103000185,405,53,352
103000186,466,115,351
103000187,1800,225,1575
103000188,28,79,-51
103000189,854,1798,-944
103000191,547,402,145
103000292,976,3105,-2129
103000293,1190,6383,-5193
103000295,97,306,-209
103000296,159,6,153
103000297,0,60,-60
103000504,15,5,10
103000505,5,37,-32
103000506,2,154,-152
103000507,337,8,329
103000508,93,66,27
103000509,1747,1254,493
103900001,2,58,-56
103900002,924,68,856
103900003,1040,53,987
103900004,242,2,240
103900005,0,115,-115
103900006,0,8,-8
103900007,149,6,143
103900008,77,0,77
103900010,493,156,337
103900012,3,88,-85
103900014,125,42,83
103900015,222,6,216
103900017,133,116,17
103900018,300,91,209
103900019,51,853,-802
103900020,674,572,102
103900021,106,37,69
103900022,794,622,172
103900023,290,3,287
103900024,96,293,-197
103900025,22,32,-10
103900026,21,1,20
103900027,778,340,438
103900028,422,396,26
103900029,2201,206,1995
103900030,429,227,202
103900031,121,8,113
103900032,192,272,-80
103900033,73,83,-10
103900034,105,58,47
103900035,95,59,36
103900036,15,57,-42
103900037,232,153,79
103900038,134,339,-205
103900039,428,184,244
103900040,21,126,-105
103900041,89,78,11
103900042,286,65,221
103900043,374,103,271
103900044,75,1014,-939
103900045,399,171,228
103900047,248,15,233
103900048,14,593,-579
103900049,80,1706,-1626
103900050,33,330,-297
103900051,0,94,-94
103900052,271,641,-370
103900053,722,183,539
103900054,559,192,367
103900055,809,203,606
103900056,157,93,64
103900057,581,74,507
103900058,611,287,324
103900059,0,193,-193
103900060,238,127,111
103900061,360,26,334
103900062,1520,437,1083
103900063,20,0,20
103900064,209,5,204
103900065,331,309,22
103900066,262,91,171
103900067,479,17,462
103900068,3,0,3
103900069,197,9,188
103900070,468,141,327
103900071,50,57,-7
103900072,151,93,58
103900073,47,68,-21
103900074,261,119,142
103900075,485,82,403
103900076,1180,308,872
103900077,53,214,-161
103900078,633,779,-146
103900079,126,293,-167
103900080,18,47,-29
103900081,25,34,-9
103900082,103,179,-76
103900083,3853,3013,840
103900084,19,810,-791
103900085,78,115,-37
103900086,2542,339,2203
103900088,347,652,-305
103900089,70,340,-270
103900090,0,91,-91
103900091,856,155,701
103900092,1044,1896,-852
103900093,136,655,-519
103900094,15,46,-31
103900095,208,1070,-862
103900096,364,83,281
103900097,42,324,-282
103900098,581,100,481
103900099,664,53,611
103900100,452,109,343
103900101,1124,1190,-66
103900102,2,98,-96
103900104,2,25,-23
103900105,53,74,-21
103900106,5,1521,-1516
103900107,436,41,395
103900108,106,125,-19
103900109,374,20,354
103900110,615,25,590
103900111,331,217,114
103900112,39,161,-122
103900113,167,204,-37
103900114,1810,328,1482
103900115,212,242,-30
103900116,2216,4984,-2768
103900117,55,45,10
103900119,17,257,-240
103900120,237,61,176
103900122,502,91,411
103900123,643,1414,-771
103900124,73,364,-291
103900125,168,59,109
103900126,924,181,743
103900127,206,211,-5
103900128,388,304,84
103900131,45,73,-28
103900133,1314,36,1278
103900134,0,42,-42
103900135,0,3,-3
103900137,0,5,-5
103900138,667,35,632
103900139,506,6077,-5571
103900140,10,715,-705
103900141,318,47,271
103900142,501,95,406
103900143,466,3,463
103900144,3,34,-31
103900145,209,262,-53
103900146,655,169,486
103900147,716,108,608
103900148,1274,262,1012
103900149,473,182,291
103900150,5334,7967,-2633
103900151,12,121,-109
103900152,1785,261,1524
103900153,25,7,18
103900154,234,3816,-3582
103900155,26,141,-115
103900156,69,92,-23
103900157,291,62,229
103900158,570,63,507
103900159,737,29,708
103900160,85,28,57
103900161,90,114,-24
103900162,258,152,106
103900163,26,571,-545
103900167,3,145,-142
103900168,108,159,-51
103900169,26,56,-30
103900170,1,77,-76
103900171,17,56,-39
103900172,4,6,-2
103900173,69,65,4
103900174,489,18,471
103900175,43,287,-244
103900176,24,72,-48
103900177,9,8,1
103900178,137,3,134
103900179,175,44,131
103900180,8,58,-50
103900181,10,210,-200
103900182,48,63,-15
103900184,434,86,348
103900185,116,1257,-1141
103900187,19,296,-277
103900188,227,73,154
103900189,122,4,118
103900190,205,52,153
103900191,33,53,-20
103900192,7,127,-120
103900193,21,84,-63
103900194,82,99,-17
103900195,3,391,-388
103900196,69,125,-56
103900197,14,55,-41
103900198,8,30,-22
103900199,224,70,154
103900200,425,55,370
103900201,96,89,7
103900202,25,87,-62
103900203,102,91,11
103900204,0,31,-31
103900207,0,6,-6
103900208,217,1,216
103900209,5,40,-35
103900210,42,72,-30
103900211,1333,185,1148
103900212,600,186,414
103900213,19,575,-556
103900214,357,676,-319
103900215,198,743,-545
103900216,28,152,-124
103900217,491,18,473
103900218,70,788,-718
103900219,476,213,263
103900233,235,27,208
103900235,16,388,-372
103900236,16,41,-25
103900242,1,1,0
103900243,1,4,-3
103900244,216,164,52
103900245,195,92,103
103900246,58,81,-23
103900247,55,81,-26
103900248,7,77,-70
103900249,20,71,-51
103900250,229,118,111
103900251,14,157,-143
103900253,6,138,-132
103900254,1,74,-73
103900255,2,76,-74
103900256,53,102,-49
103900257,821,653,168
103900258,45,14,31
103900259,28,108,-80
103900261,129,8,121
103900262,118,10,108
103900263,69,175,-106
103900264,24,0,24
103900265,20,1,19
103900266,4,422,-418
103900267,2,93,-91
103900268,40,46,-6
103900269,357,10,347
103900270,160,108,52
103900271,34,43,-9
103900272,145,39,106
103900273,350,10,340
103900274,621,4,617
103900275,333,10,323
103900276,13,27,-14
103900277,12,11,1
103900278,1,27,-26
103900279,1,143,-142
103900280,8,16,-8
104000001,5470,3435,2035
104000002,2890,2835,55
104000003,3991,2697,1294
104000004,4350,3113,1237
104000005,3984,3125,859
104000006,4914,3260,1654
104000007,6731,4847,1884
104000008,339,358,-19
104000009,173,191,-18
104000010,171,894,-723
104000011,415,203,212
104000012,225,216,9
104000013,443,661,-218
104000014,320,356,-36
104000015,605,309,296
104000016,432,329,103
104000018,900,540,360
104000019,761,742,19
104000020,110,271,-161
104000021,553,327,226
104000022,466,560,-94
104000023,1670,855,815
104000024,586,459,127
104000026,173,237,-64
104000027,479,320,159
104000028,461,584,-123
104000029,578,464,114
104000030,455,507,-52
104000031,1899,512,1387
104000032,202,157,45
104000033,1244,722,522
104000034,367,130,237
104000035,1682,490,1192
104000036,1942,458,1484
104000037,265,174,91
104000038,470,838,-368
104000039,267,121,146
104000040,186,840,-654
104000041,1342,820,522
104000042,373,206,167
104000043,274,396,-122
104000044,617,888,-271
104000045,1098,749,349
104000046,819,914,-95
104000047,853,1005,-152
104000048,1301,831,470
104000049,1134,436,698
104000050,162,975,-813
104000051,403,1697,-1294
104000052,5297,6437,-1140
104000053,2378,615,1763
104000054,681,249,432
104000055,3397,2842,555
104000056,775,588,187
104000057,641,478,163
104000058,2271,1446,825
104000059,1288,1473,-185
104000060,1885,3288,-1403
104000061,1787,1065,722
104000062,950,346,604
104000064,1150,495,655
104000065,153,963,-810
104000069,600,2890,-2290
104000070,99,880,-781
104000071,824,447,377
104000072,1127,402,725
104000075,200,327,-127
104000076,920,115,805
104000082,2707,7303,-4596
104000083,764,301,463
104000084,188,372,-184
104000085,1052,435,617
104000086,475,549,-74
104000087,448,2553,-2105
104000090,1758,915,843
104000092,2459,1222,1237
104000094,1274,1002,272
104000095,5362,2339,3023
104000096,4400,201,4199
104000097,4629,674,3955
104000098,6448,816,5632
104000100,3572,1387,2185
104000101,2970,2129,841
104000106,110,939,-829
104000107,1016,216,800
104000108,381,409,-28
104000109,694,270,424
104000110,1043,1771,-728
104000111,3188,6633,-3445
104000112,874,566,308
104000116,1,713,-712
104000117,585,466,119
104000118,2640,221,2419
104000119,1305,496,809
104000120,427,588,-161
104000121,510,551,-41
104000122,1227,676,551
104000123,1396,835,561
104000124,453,1288,-835
104000125,3160,6957,-3797
104000126,737,659,78
104000127,1892,1713,179
104000128,864,109,755
104000129,603,12,591
104000130,14,350,-336
104000131,406,629,-223
104000132,610,963,-353
104000133,1988,742,1246
104000134,1362,1973,-611
104000135,794,1873,-1079
104000136,806,3306,-2500
104000137,2836,429,2407
104000138,2340,442,1898
104000139,3004,2975,29
104000141,1189,542,647
104000142,1235,363,872
104000143,1498,371,1127
104000144,300,394,-94
104000145,394,277,117
104000146,211,604,-393
104000147,207,404,-197
104000148,466,272,194
104000149,301,72,229
104000150,1304,681,623
104000151,385,155,230
104000152,917,171,746
104000153,1096,864,232
104000154,824,196,628
104000155,655,1219,-564
104000157,2458,1263,1195
104000158,139,786,-647
104000159,1305,1314,-9
104000160,2556,3315,-759
104000161,476,109,367
104000162,161,187,-26
104000165,1745,900,845
104000167,1118,2348,-1230
104000168,1656,10,1646
104000169,258,104,154
104000170,233,382,-149
104000248,604,878,-274
104000251,147,250,-103
104000272,0,0,0
104000273,0,0,0
104000274,0,0,0
104000275,0,0,0
104000279,2259,2270,-11
104000290,161,566,-405
104000291,955,2404,-1449
104000293,2661,2267,394
104000294,145,1,144
104000295,1666,1510,156
104000296,961,848,113
104000297,1337,3401,-2064
104000298,2281,1112,1169
104000299,2268,1218,1050
104000302,226,107,119
104000303,233,251,-18
104900001,152,326,-174
104900002,63,372,-309
104900003,91,161,-70
104900004,69,103,-34
104900005,734,337,397
104900006,1314,123,1191
104900007,847,173,674
104900009,122,153,-31
104900010,236,35,201
104900011,39,354,-315
104900012,658,147,511
104900013,141,18,123
104900014,1634,353,1281
104900015,156,1,155
104900016,280,251,29
104900017,168,200,-32
104900018,11,114,-103
104900019,137,6888,-6751
104900020,102,459,-357
104900021,21,28,-7
104900022,5,611,-606
104900023,1,27,-26
104900024,42,1317,-1275
104900025,172,184,-12
104900026,2,44,-42
104900027,651,473,178
104900028,13,275,-262
104900029,11,35,-24
104900030,738,227,511
104900031,47,321,-274
104900032,173,51,122
104900033,283,245,38
104900034,343,213,130
104900035,480,326,154
104900036,483,46,437
104900037,392,142,250
104900038,174,2679,-2505
104900039,372,238,134
104900040,857,27,830
104900041,571,149,422
104900042,282,274,8
104900043,124,674,-550
104900044,1352,99,1253
104900045,442,88,354
104900046,927,119,808
104900047,638,152,486
104900048,758,71,687
104900049,151,38,113
104900050,771,135,636
104900051,450,76,374
104900052,229,4,225
104900053,846,142,704
104900054,403,48,355
104900055,504,1,503
104900056,549,25,524
104900057,93,0,93
104900058,629,479,150
104900059,157,119,38
104900061,137,200,-63
104900063,19,446,-427
104900064,0,105,-105
104900065,2,496,-494
104900066,0,84,-84
104900067,4,401,-397
104900068,156,235,-79
104900070,81,176,-95
104900071,1,584,-583
104900072,62,170,-108
104900073,123,146,-23
104900074,112,84,28
104900075,98,19,79
104900076,210,90,120
104900077,391,141,250
104900078,231,122,109
104900079,176,2143,-1967
104900080,209,240,-31
104900082,12,419,-407
104900085,19,294,-275
104900089,633,0,633
104900091,611,617,-6
104900093,255,327,-72
104900097,1992,5868,-3876
104900098,526,47,479
104900099,68,1076,-1008
104900100,514,242,272
104900102,162,107,55
104900103,282,61,221
104900106,679,225,454
104900107,107,329,-222
104900108,41,169,-128
104900109,245,278,-33
104900110,25,38,-13
104900111,604,47,557
104900112,618,403,215
104900113,1308,229,1079
104900114,1259,456,803
104900115,1653,242,1411
104900116,1061,269,792
104900118,10,165,-155
104900119,1,225,-224
104900120,25,1917,-1892
104900121,0,19,-19
104900122,2,24,-22
104900123,209,16,193
104900124,137,1,136
104900125,513,134,379
104900126,24,30,-6
104900127,20,51,-31
104900128,149,95,54
104900129,1167,4698,-3531
105000001,6703,2191,4512
105000002,4087,3490,597
105000003,4193,7257,-3064
105000004,1847,1352,495
105000005,2700,2794,-94
105000006,1701,4144,-2443
105000007,2421,5202,-2781
105000008,1343,6702,-5359
105000009,4385,6425,-2040
105000010,3405,1413,1992
105000011,4130,6004,-1874
105000012,2990,2419,571
105000013,1924,2483,-559
105000014,5822,5884,-62
105000015,10303,20533,-10230
105000016,1093,995,98
105000017,2137,1210,927
105000018,835,2609,-1774
105000019,1569,1694,-125
105000020,89,796,-707
105000021,501,305,196
105000022,117,216,-99
105000023,1912,295,1617
105000028,30,84,-54
105000029,903,2171,-1268
105000030,4217,2575,1642
105000031,7,19,-12
105000033,1981,1746,235
105000034,327,2097,-1770
105000037,860,311,549
105000038,1567,3065,-1498
105000039,1411,1105,306
105000040,1182,3110,-1928
105000041,382,1004,-622
105000042,2409,2361,48
105000043,995,1597,-602
105000044,1143,521,622
105000045,314,396,-82
105000046,2540,438,2102
105000047,954,520,434
105000048,1930,539,1391
105000049,325,533,-208
105000050,1829,801,1028
105000051,298,564,-266
105000052,1172,1954,-782
105000053,220,273,-53
105000054,648,2386,-1738
105000055,1025,425,600
105000056,2679,2960,-281
105000057,2393,1245,1148
105000058,2160,1484,676
105000059,2005,1423,582
105000060,763,665,98
105000061,2879,1264,1615
105000062,1018,639,379
105000063,662,659,3
105000064,4312,1272,3040
105000065,670,836,-166
105000066,1193,2003,-810
105000067,2841,2045,796
105000068,497,1339,-842
105000069,2168,4151,-1983
105000070,1010,2222,-1212
105000071,268,3786,-3518
105000072,2819,12580,-9761
105000073,1741,1495,246
105000074,788,837,-49
105000075,846,986,-140
105000076,2264,1966,298
105000077,3876,1386,2490
105000078,1024,1933,-909
105000079,1217,3546,-2329
105000080,2591,3516,-925
105000081,1409,1892,-483
105000082,1060,2547,-1487
105000083,2213,3104,-891
105000084,942,1102,-160
105000085,3626,3010,616
105000086,1568,1521,47
105000087,4319,3691,628
105000088,2904,5045,-2141
105000089,2476,2092,384
105000090,541,560,-19
105000091,874,1125,-251
105000092,790,1307,-517
105000093,375,707,-332
105000094,315,317,-2
105000095,316,1499,-1183
105000096,2108,3950,-1842
105000097,529,682,-153
105000098,2405,2744,-339
105000099,1027,2493,-1466
105000100,3110,1536,1574
105000101,4921,1746,3175
105000102,2962,2105,857
105000103,2040,2518,-478
105000104,3995,2348,1647
105000105,2055,2369,-314
105000106,2855,1310,1545
105000107,2675,1311,1364
105000108,2422,1511,911
105000109,5189,1213,3976
105000110,1755,660,1095
105000111,2871,599,2272
105000112,1756,732,1024
105000113,969,1421,-452
105000114,2264,2262,2
105000115,574,3707,-3133
105000116,1881,1236,645
105000117,1403,881,522
105000118,1792,868,924
105000119,894,781,113
105000120,2560,877,1683
105000121,1550,715,835
105000122,658,956,-298
105000123,797,792,5
105000124,3653,1397,2256
105000125,1754,1659,95
105000126,3394,2304,1090
105000127,4590,2489,2101
105000128,1249,2693,-1444
105000129,2521,810,1711
105000130,262,5034,-4772
105000131,583,211,372
105000132,2198,1117,1081
105000133,659,777,-118
105000134,2170,741,1429
105000135,552,698,-146
105000136,145,197,-52
105000137,925,362,563
105000138,223,185,38
105000139,997,637,360
105000140,784,420,364
105000141,619,344,275
105000142,571,598,-27
105000143,219,648,-429
105000144,563,810,-247
105000145,1178,423,755
105000146,640,752,-112
105000147,1008,733,275
105000148,1406,1394,12
105000149,4346,2758,1588
105000150,1810,916,894
105000151,1174,522,652
105000152,261,926,-665
105000153,1789,747,1042
105000154,1035,858,177
105000155,891,663,228
105000156,482,1044,-562
105000157,1028,1559,-531
105000158,4791,1178,3613
105000159,510,912,-402
105000160,5455,1261,4194
105000161,1232,798,434
105000162,990,5037,-4047
105000163,1605,1259,346
105000164,225,689,-464
105000165,1790,17840,-16050
105000166,6427,2408,4019
105000167,1941,5175,-3234
105000168,958,678,280
105000169,2153,123,2030
105000170,576,1565,-989
105000171,2607,289,2318
105000172,535,30,505
105000173,590,61,529
105000174,139,75,64
105000175,175,75,100
105000176,892,212,680
105000177,789,475,314
105000178,539,310,229
105000179,1535,172,1363
105000180,418,97,321
105000181,368,201,167
105000182,103,109,-6
105000183,3174,3681,-507
105000184,620,1243,-623
105000185,797,1921,-1124
105000186,801,993,-192
105000187,960,609,351
105000188,200,723,-523
105000189,183,1096,-913
105000190,270,665,-395
105000191,569,729,-160
105000192,607,97,510
105000193,172,373,-201
105000194,1629,206,1423
105000195,450,754,-304
105000196,137,549,-412
105000197,347,604,-257
105000198,477,169,308
105000199,130,1184,-1054
105000200,153,542,-389
105000201,153,83,70
105000203,65,141,-76
105000204,139,55,84
105000205,164,149,15
105000207,236,84,152
105000208,243,589,-346
105000209,244,165,79
105000211,776,20,756
105000212,1883,614,1269
105000213,39,223,-184
105000214,155,319,-164
105000215,664,189,475
105000216,545,111,434
105000217,449,177,272
105000218,3443,1751,1692
105000221,243,477,-234
105000222,721,643,78
105000223,918,775,143
105000226,291,121,170
105000227,72,171,-99
105000228,89,1971,-1882
105000229,305,1561,-1256
105000231,1009,350,659
105000233,1770,1629,141
105000234,616,831,-215
105000235,823,1112,-289
105000237,2499,225,2274
105000243,55,62,-7
105000248,86,117,-31
105000262,674,451,223
105000269,311,129,182
105000270,1049,12,1037
105000271,1,331,-330
105000282,89,139,-50
105000287,262,154,108
105000288,1435,654,781
105000289,799,1840,-1041
105000290,68,44,24
105000402,2127,5850,-3723
105000426,437,575,-138
105000438,958,1395,-437
105000440,17,22,-5
105000446,8623,4005,4618
105000447,2133,1245,888
105000454,1193,219,974
105000455,243,134,109
105000474,240,0,240
105000477,1831,742,1089
105000478,3897,8064,-4167
105000479,85,307,-222
105000480,5764,10596,-4832
105000481,7265,7508,-243
105000482,2644,3164,-520
105000483,3479,5849,-2370
105000484,1879,2166,-287
105000485,1442,5332,-3890
105000486,2177,2981,-804
105000488,4021,2322,1699
105000489,2709,1582,1127
105000549,106,911,-805
105000550,425,1086,-661
105000551,26,167,-141
105000552,3664,1475,2189
105000555,1710,2755,-1045
105000556,91,34,57
105000557,159,319,-160
105900001,5,3518,-3513
105900002,650,2012,-1362
105900003,22,265,-243
105900004,315,64,251
105900005,627,602,25
105900006,15,208,-193
105900007,50,243,-193
105900008,191,247,-56
105900009,66,56,10
105900011,148,48,100
105900012,514,78,436
105900013,0,37,-37
105900014,0,54,-54
105900015,53,314,-261
105900016,1247,279,968
105900017,2833,49,2784
105900018,157,170,-13
105900019,134,362,-228
105900020,73,175,-102
105900021,50,445,-395
105900022,252,427,-175
105900023,12,219,-207
105900024,4,591,-587
105900025,440,13,427
105900026,424,29,395
105900027,18459,5004,13455
105900028,165,1587,-1422
105900029,2303,285,2018
105900030,248,373,-125
105900031,684,197,487
105900032,195,128,67
105900033,167,187,-20
105900034,958,540,418
105900035,567,231,336
105900036,151,62,89
105900037,411,48,363
105900038,170,294,-124
105900039,212,84,128
105900040,183,188,-5
105900041,266,390,-124
105900042,215,441,-226
105900043,1676,11,1665
105900044,9,765,-756
105900045,5,2195,-2190
105900046,2,294,-292
105900047,3,155,-152
105900048,266,629,-363
105900050,1500,10317,-8817
105900051,86,1422,-1336
105900052,1808,131,1677
105900053,4204,6416,-2212
105900054,260,331,-71
105900056,676,755,-79
105900057,2,191,-189
105900058,31,13,18
105900059,1,193,-192
106000001,2320,3450,-1130
106000002,1155,3499,-2344
106000003,5448,7130,-1682
106000004,2671,2939,-268
106000005,6389,6397,-8
106000006,6605,2119,4486
106000007,809,499,310
106000008,530,313,217
106000009,666,315,351
106000010,287,404,-117
106000011,2731,1472,1259
106000012,900,858,42
106000013,3171,2147,1024
106000014,1622,1493,129
106000015,3660,1783,1877
106000016,2315,2175,140
106000017,772,1275,-503
106000018,643,683,-40
106000019,520,703,-183
106000020,467,496,-29
106000021,468,785,-317
106000022,471,252,219
106000023,1170,753,417
106000024,657,725,-68
106000025,299,290,9
106000026,182,352,-170
106000027,2380,2293,87
106000028,1210,322,888
106000029,1056,856,200
106000030,301,723,-422
106000034,135,485,-350
106000035,1443,2657,-1214
106000036,310,444,-134
106000037,1781,1694,87
106000038,96,333,-237
106000039,34,242,-208
106000040,201,1047,-846
106000041,1182,546,636
106000043,491,361,130
106000046,683,121,562
106000047,84,627,-543
106000049,2199,413,1786
106000050,471,925,-454
106000051,1739,702,1037
106000052,399,400,-1
106000053,758,183,575
106000054,626,356,270
106000055,1355,962,393
106000056,681,317,364
106000057,969,380,589
106000058,398,118,280
106000059,711,507,204
106000060,465,316,149
106000061,321,1151,-830
106000062,249,404,-155
106000063,1431,1166,265
106000064,18,535,-517
106000065,672,391,281
106000066,169,959,-790
106000067,950,183,767
106000068,187,738,-551
106000069,650,121,529
106000070,546,683,-137
106000071,1137,440,697
106000072,4994,1912,3082
106000073,2488,9528,-7040
106000074,1324,1021,303
106000075,732,1487,-755
106000076,2030,1867,163
106000077,1988,1234,754
106000078,2015,902,1113
106000079,1313,1258,55
106000080,2090,766,1324
106000081,1520,1307,213
106000082,2428,846,1582
106000083,528,1432,-904
106000084,1343,529,814
106000085,1657,1368,289
106000086,639,940,-301
106000087,1203,463,740
106000088,626,970,-344
106000089,1811,300,1511
106000090,506,917,-411
106000091,294,645,-351
106000092,2191,432,1759
106000093,919,187,732
106000094,162,410,-248
106000095,1888,1176,712
106000096,2360,712,1648
106000097,2315,1345,970
106000098,1967,1012,955
106000099,295,1466,-1171
106000100,2248,255,1993
106000101,1575,964,611
106000102,144,1908,-1764
106000103,400,1182,-782
106000104,1773,754,1019
106000105,726,1113,-387
106000106,1471,575,896
106000107,269,408,-139
106000108,1131,217,914
106000109,429,159,270
106000110,782,225,557
106000111,315,226,89
106000112,528,1465,-937
106000113,1020,498,522
106000114,881,2030,-1149
106000115,524,448,76
106000116,617,308,309
106000117,955,255,700
106000118,2340,1626,714
106000119,880,618,262
106000120,1674,2491,-817
106000121,788,321,467
106000122,479,123,356
106000123,1762,187,1575
106000124,513,149,364
106000125,118,320,-202
106000126,689,117,572
106000127,3257,845,2412
106000128,2161,348,1813
106000129,1692,721,971
106000130,2094,599,1495
106000131,375,1477,-1102
106000132,1620,319,1301
106000133,3932,3430,502
106000134,649,6605,-5956
106000135,333,1255,-922
106000136,1452,2604,-1152
106000137,165,1570,-1405
106000138,4643,162,4481
106000139,193,141,52
106000140,93,156,-63
106000141,228,89,139
106000142,180,151,29
106000143,71,84,-13
106000144,119,233,-114
106000145,992,99,893
106000146,704,219,485
106000147,1818,619,1199
106000148,2690,799,1891
106000149,1229,536,693
106000150,1691,4203,-2512
106000151,4541,589,3952
106000152,1220,5961,-4741
106000153,144,2894,-2750
106000154,1937,198,1739
106000155,328,491,-163
106000156,2440,234,2206
106000157,989,2602,-1613
106000158,2157,726,1431
106000159,4904,4465,439
106000160,1073,7124,-6051
106000161,1617,414,1203
106000162,658,2616,-1958
106000163,661,615,46
106000164,1366,368,998
106000165,459,794,-335
106000166,1803,413,1390
106000167,748,1541,-793
106000168,1667,482,1185
106000169,372,646,-274
106000170,2004,738,1266
106000171,258,1653,-1395
106000172,3322,2568,754
106000173,952,4679,-3727
106000174,2354,500,1854
106000175,253,555,-302
106000176,3785,1280,2505
106000177,1313,2171,-858
106000178,4105,1790,2315
106000179,933,2143,-1210
106000180,1270,729,541
106000181,2440,1429,1011
106000182,3151,688,2463
106000183,3247,491,2756
106000184,2501,668,1833
106000185,2820,2245,575
106000186,548,76,472
106000187,125,2246,-2121
106000188,1,6,-5
106000189,20,90,-70
106000190,60,4,56
106000191,834,111,723
106000192,0,27,-27
106000193,500,338,162
106000194,180,437,-257
106000195,227,189,38
106000196,69,533,-464
106000197,1112,349,763
106000198,271,401,-130
106000199,949,1702,-753
106000200,438,361,77
106000201,525,9011,-8486
106000202,5305,895,4410
106000203,61,879,-818
106000204,95,7,88
106000205,47,233,-186
106000206,177,17,160
106000207,40,253,-213
106000208,4222,368,3854
106000209,3252,851,2401
106000210,531,879,-348
106000211,323,1300,-977
106000212,1949,665,1284
106000213,365,1301,-936
106000214,2121,613,1508
106000215,521,593,-72
106000216,1159,754,405
106000217,217,597,-380
106000218,480,426,54
106000219,310,320,-10
106000220,970,467,503
106000221,870,144,726
106000222,211,103,108
106000223,725,248,477
106000224,827,136,691
106000225,210,247,-37
106000226,116,215,-99
106000228,127,191,-64
106000229,259,653,-394
106000231,2151,203,1948
106000232,83,479,-396
106000233,775,1301,-526
106000234,63,846,-783
106000235,442,1245,-803
106000236,171,563,-392
106000237,0,53,-53
106000238,36,123,-87
106000239,0,158,-158
106000240,70,3,67
106000241,17,840,-823
106000242,761,26,735
106000249,155,80,75
106000250,168,1143,-975
106000251,204,18,186
106000252,37,95,-58
106000253,68,79,-11
106000254,174,32,142
106000255,89,236,-147
106000256,233,19,214
106000257,198,214,-16
106000258,153,302,-149
106000259,14,286,-272
106000260,57,21,36
106000261,53,69,-16
106000262,160,108,52
106000263,45,73,-28
106000264,346,14,332
106000265,95,103,-8
106000266,244,40,204
106000267,26,123,-97
106000268,433,111,322
106000269,49,39,10
106000270,231,256,-25
106000271,129,133,-4
106000272,168,53,115
106000273,38,264,-226
106000274,236,31,205
106000275,308,228,80
106000276,126,20,106
106000277,205,234,-29
106000278,159,21,138
106000279,30,17,13
106000280,114,45,69
106000281,110,28,82
106000282,87,51,36
106000283,149,49,100
106000284,182,63,119
106000285,171,115,56
106000286,228,92,136
106000287,86,101,-15
106000288,138,174,-36
106000289,209,59,150
106000290,121,68,53
106000291,197,93,104
106000292,274,124,150
106000293,157,97,60
106000294,112,82,30
106000295,42,84,-42
106000296,21,77,-56
106000297,53,322,-269
106000298,72,186,-114
106000299,29,50,-21
106000300,46,90,-44
106000301,84,178,-94
106000303,119,72,47
106000304,102,21,81
106000305,98,49,49
106000306,40,41,-1
106000307,213,19,194
106000308,46,51,-5
106000309,64,41,23
106000310,507,427,80
106000311,850,220,630
106000312,296,259,37
106000313,678,187,491
106000318,119,465,-346
106000319,3683,692,2991
106000320,30,159,-129
106000321,222,324,-102
106000322,579,116,463
106000324,56,109,-53
106000325,2980,848,2132
106000326,1778,1694,84
106000327,524,113,411
106000328,18,579,-561
106000329,95,866,-771
106000330,52,262,-210
106000428,103,420,-317
106000429,199,348,-149
106000430,481,2605,-2124
106000431,3481,702,2779
106000432,1227,3252,-2025
106000433,3390,1897,1493
106000434,5705,1425,4280
106000435,1920,2745,-825
106000436,33,229,-196
106000437,1036,68,968
106000438,258,477,-219
106000439,90,1651,-1561
106000440,273,1116,-843
106000441,6,4,2
106000442,1264,11,1253
106000443,477,217,260
106000450,1,124,-123
106000451,35,227,-192
106000454,1,306,-305
106000455,5,144,-139
106000456,208,42,166
106000457,73,820,-747
106000458,1649,134,1515
106000459,980,119,861
106000460,2662,84,2578
106000461,702,270,432
106000462,1,72,-71
106000463,13,12,1
106000464,6,1721,-1715
106000465,1283,11,1272
106000466,0,596,-596
106000467,665,447,218
106000468,213,213,0
106000469,232,12,220
106000470,252,4183,-3931
106000471,3,349,-346
106000472,324,11,313
106000473,119,8,111
106000474,1040,763,277
106000475,1426,312,1114
106000476,341,360,-19
106000477,136,126,10
106000480,4,1747,-1743
106900001,0,4,-4
106900002,2,210,-208
106900003,102,3231,-3129
106900004,1,19,-18
106900006,0,4,-4
106900007,0,3,-3
106900008,1587,95,1492
106900009,1153,139,1014
106900010,776,476,300
106900012,1954,5527,-3573
106900013,1145,383,762
106900014,182,2,180
106900015,28,0,28
106900016,671,20,651
106900017,28,1,27
106900018,51,0,51
106900019,237,2,235
106900020,3915,4885,-970
106900021,430,230,200
106900022,2270,4,2266
106900023,2,152,-150
106900024,824,92,732
106900025,26,751,-725
106900026,4,224,-220
106900027,1564,7,1557
107000001,4856,6015,-1159
107000002,1250,1828,-578
107000003,13605,10526,3079
107000004,4228,1867,2361
107000005,13687,10536,3151
107000006,4726,2347,2379
107000007,8853,11588,-2735
107000008,5446,3144,2302
107000009,14023,10201,3822
107000010,7036,4575,2461
107000011,1001,1586,-585
107000012,3338,3281,57
107000013,286,93,193
107000014,177,103,74
107000015,695,476,219
107000016,1321,513,808
107000017,696,3172,-2476
107000018,15,2907,-2892
107000020,764,2638,-1874
107000021,1185,589,596
107000022,1292,3559,-2267
107000023,2595,264,2331
107000024,700,4929,-4229
107000025,544,311,233
107000026,402,685,-283
107000027,2790,947,1843
107000028,2498,746,1752
107000029,7043,4331,2712
107000030,3775,2078,1697
107000031,9108,3617,5491
107000032,354,842,-488
107000033,2817,5490,-2673
107000034,6097,1431,4666
107000035,755,332,423
107000036,649,2209,-1560
107000037,206,941,-735
107000038,528,185,343
107000039,1773,1455,318
107000040,658,211,447
107000041,1483,1058,425
107000042,773,3331,-2558
107000043,1899,1208,691
107000044,399,488,-89
107000045,110,573,-463
107000046,1066,613,453
107000047,748,1355,-607
107000048,972,587,385
107000049,722,1116,-394
107000050,1324,889,435
107000051,299,492,-193
107000052,1537,2895,-1358
107000053,566,1009,-443
107000054,38,249,-211
107000055,792,280,512
107000056,571,502,69
107000057,2368,183,2185
107000058,2594,4771,-2177
107000059,3222,3522,-300
107000060,8445,8446,-1
107000061,5437,3380,2057
107000062,9092,5623,3469
107000063,5045,3389,1656
107000064,8696,6577,2119
107000065,3752,6027,-2275
107000066,2216,4172,-1956
107000067,2051,1943,108
107000068,772,1527,-755
107000069,1614,1085,529
107000070,2021,15,2006
107000071,7215,128,7087
107000072,4,1026,-1022
107000073,1750,1442,308
107000074,112,659,-547
107000075,2981,407,2574
107000076,308,698,-390
107000077,5099,879,4220
107000078,802,1534,-732
107000079,4465,1392,3073
107000080,682,1532,-850
107000081,4626,984,3642
107000082,865,627,238
107000083,2091,1109,982
107000084,480,966,-486
107000085,4183,4064,119
107000086,3932,2481,1451
107000087,5819,4483,1336
107000088,3622,5068,-1446
107000089,3206,4370,-1164
107000090,2131,1304,827
107000091,2578,2035,543
107000092,1412,977,435
107000093,2098,2037,61
107000094,1840,1490,350
107000095,1830,1159,671
107000096,1123,698,425
107000097,2147,1123,1024
107000098,970,766,204
107000099,933,745,188
107000100,287,578,-291
107000101,220,482,-262
107000102,417,572,-155
107000103,618,475,143
107000104,312,442,-130
107000105,1094,608,486
107000106,294,317,-23
107000107,1469,508,961
107000108,251,636,-385
107000109,2013,394,1619
107000110,382,366,16
107000111,1208,131,1077
107000112,59,282,-223
107000113,1866,222,1644
107000114,47,533,-486
107000115,1539,1548,-9
107000116,87,748,-661
107000117,275,6395,-6120
107000118,73,205,-132
107000119,2164,1664,500
107000120,1366,1761,-395
107000121,1186,932,254
107000122,1140,903,237
107000123,738,792,-54
107000124,1159,450,709
107000125,2027,596,1431
107000126,3350,312,3038
107000129,382,656,-274
107000130,1243,289,954
107000131,317,424,-107
107000132,793,502,291
107000133,487,472,15
107000134,357,1,356
107000135,2,370,-368
107000136,820,10,810
107000137,0,719,-719
107000138,151,47,104
107000139,5,955,-950
107000140,2606,94,2512
107000141,107,2455,-2348
107000142,752,113,639
107000143,60,976,-916
107000144,941,950,-9
107000145,326,736,-410
107000146,213,444,-231
107000147,6587,984,5603
107000150,479,6781,-6302
107000151,38,24,14
107000152,1380,3950,-2570
107000153,85,226,-141
107000154,34,435,-401
107000155,1383,24,1359
107000156,1688,29,1659
107000157,73,495,-422
107000158,1766,54,1712
107000159,42,762,-720
107000160,3087,250,2837
107000161,72,387,-315
107000162,618,1158,-540
107000163,447,161,286
107000164,1658,7,1651
107000165,2394,5,2389
107000166,111,227,-116
107000167,1733,362,1371
107000168,1773,843,930
107000169,387,537,-150
107000170,5451,1061,4390
107000171,878,868,10
107000172,2962,2910,52
107000173,678,580,98
107000174,1774,10160,-8386
107000175,4495,1005,3490
107000176,0,0,0
107000177,3,0,3
107000178,141,5,136
107000179,744,1417,-673
107000180,3283,246,3037
107000181,571,671,-100
107000182,3553,871,2682
107000183,378,638,-260
107000184,2401,731,1670
107000185,525,1417,-892
107000186,1545,689,856
107000187,1871,1820,51
107000188,1187,467,720
107000189,1314,1042,272
107000190,1236,686,550
107000191,1640,1462,178
107000192,2311,800,1511
107000193,620,1000,-380
107000194,1012,905,107
107000197,1421,409,1012
107000198,401,838,-437
107000199,1623,1059,564
107000200,1863,1160,703
107000201,764,576,188
107000202,420,552,-132
107000203,439,2238,-1799
107000204,427,2896,-2469
107000205,1094,920,174
107000206,374,1423,-1049
107000207,592,1257,-665
107000208,1098,747,351
107000209,674,967,-293
107000210,208,142,66
107000211,2,46,-44
107000212,6,177,-171
107000213,21,14,7
107000214,12,80,-68
107000215,914,310,604
107000216,779,436,343
107000217,387,1419,-1032
107000219,118,278,-160
107000220,171,263,-92
107000222,466,354,112
107000224,824,745,79
107000225,302,290,12
107000226,696,776,-80
107000227,312,140,172
107000228,690,962,-272
107000229,133,329,-196
107000230,2462,1170,1292
107000231,581,1883,-1302
107000232,267,71,196
107000233,263,714,-451
107000234,4,130,-126
107000235,120,44,76
107000236,26,884,-858
107000237,95,0,95
107000238,34,2,32
107000239,3402,1001,2401
107000240,1053,491,562
107000243,1,100,-99
107000244,11,120,-109
107000246,1,655,-654
107000249,0,659,-659
107000251,12,427,-415
107000252,6,1500,-1494
107000255,415,414,1
107000257,2,1276,-1274
107000258,2,265,-263
107000259,19,189,-170
107000260,3398,30,3368
107000262,293,204,89
107000263,792,13,779
107000266,32,52,-20
107000267,52,141,-89
107000268,441,40,401
107000269,104,6,98
107000270,354,108,246
107000271,12,0,12
107000272,192,0,192
107000273,5,237,-232
107000274,519,13,506
107000275,193,3301,-3108
107000280,2433,49,2384
107000281,39,386,-347
107000282,78,453,-375
107000290,11,99,-88
107000291,77,8,69
107000292,2,742,-740
107000293,32,27,5
107000294,1,200,-199
107000295,74,19,55
107000296,0,17,-17
107000444,377,2,375
107000496,29,2,27
107000497,1364,1506,-142
107000500,745,655,90
107000501,155,355,-200
107000502,404,933,-529
107000505,602,1081,-479
107000506,0,1,-1
107000508,23,261,-238
107000509,222,1002,-780
107000510,99,316,-217
107000514,55,607,-552
107000515,26,76,-50
107000516,897,651,246
107000518,3149,5070,-1921
107000519,1634,715,919
107000520,313,125,188
107000521,1804,551,1253
107000522,2771,461,2310
107900001,150,38,112
107900002,67,14,53
107900003,1160,18,1142
107900004,1,0,1
107900005,4945,16,4929
107900006,289,19,270
107900007,556,71,485
107900008,62,4,58
107900009,199,32,167
107900010,109,8,101
107900012,856,137,719
107900013,375,21,354
107900014,317,12,305
107900015,3059,27,3032
107900016,562,82,480
107900017,115,1,114
107900018,95,455,-360
107900019,34,8,26
107900020,15,64,-49
107900021,377,74,303
107900023,17,6,11
107900024,1,45,-44
107900025,347,87,260
107900026,130,29,101
107900027,5,119,-114
107900028,466,39,427
107900030,406,66,340
107900031,306,122,184
107900032,40,8,32
107900033,24,10,14
107900034,424,9,415
107900035,2919,335,2584
107900036,63,41,22
107900037,0,2,-2
107900038,54,363,-309
107900039,69,6,63
107900040,9,166,-157
107900041,2,3,-1
107900043,185,149,36
107900044,4,14,-10
107900045,151,51,100
107900046,486,982,-496
107900047,88,6,82
107900048,452,61,391
107900049,662,1394,-732
107900050,34,351,-317
107900051,67,8,59
107900052,26,124,-98
107900053,239,54,185
107900055,518,390,128
107900056,132,233,-101
107900057,8,0,8
107900058,15,574,-559
107900060,11,168,-157
107900061,2,20,-18
107900063,171,207,-36
107900064,149,1107,-958
107900065,825,30,795
107900066,21,18,3
107900067,0,0,0
107900068,111,1221,-1110
107900069,25,5585,-5560
107900070,208,225,-17
107900071,29,335,-306
107900072,353,66,287
107900073,130,144,-14
107900074,170,584,-414
107900076,206,47,159
107900077,227,15,212
107900079,30,39,-9
107900080,84,1262,-1178
107900081,95,49,46
107900082,3,7,-4
107900083,752,197,555
107900084,270,219,51
107900086,47,819,-772
107900087,419,45,374
107900088,137,11,126
107900089,263,690,-427
107900090,639,2674,-2035
107900091,117,165,-48
107900093,95,141,-46
107900095,1710,1538,172
107900097,35,100,-65
107900098,164,1137,-973
107900100,396,1906,-1510
107900101,667,35,632
107900102,82,8,74
107900103,66,138,-72
107900104,467,2,465
107900105,10,112,-102
107900106,0,338,-338
107900107,1280,369,911
107900108,270,31,239
107900109,2867,64,2803
107900110,155,51,104
107900111,15,237,-222
107900112,93,944,-851
107900113,312,34,278
107900114,479,88,391
107900115,0,5,-5
107900116,480,52,428
107900117,302,309,-7
107900118,74,131,-57
107900119,206,254,-48
107900120,47,25,22
107900121,13,129,-116
107900122,1,212,-211
107900123,32,165,-133
107900124,6,41,-35
107900125,16,243,-227
107900126,64,507,-443
107900127,853,251,602
107900128,87,79,8
107900129,244,6,238
107900130,161,17,144
107900131,95,207,-112
107900132,86,266,-180
107900133,1,45,-44
107900134,41,57,-16
107900135,7,23,-16
107900136,81,26,55
107900137,102,142,-40
107900138,259,20,239
107900139,239,55,184
107900141,24,49,-25
107900142,147,621,-474
107900143,25,12,13
107900144,1,32,-31
107900145,17,42,-25
107900146,59,104,-45
107900147,35,20,15
107900148,234,80,154
107900149,651,49,602
107900150,56,351,-295
107900151,65,25,40
107900152,97,159,-62
107900153,134,376,-242
107900154,54,72,-18
107900155,172,102,70
107900156,5,56,-51
107900157,17,92,-75
107900158,2361,143,2218
107900159,65,326,-261
107900160,272,78,194
107900161,330,118,212
107900162,3,57,-54
107900163,13,81,-68
107900164,37,109,-72
107900165,3,523,-520
107900166,71,77,-6
107900167,10,94,-84
107900168,206,55,151
107900169,3,3841,-3838
107900171,262,389,-127
107900172,6,348,-342
107900173,100,57,43
107900174,286,6,280
107900175,8,331,-323
107900176,171,15,156
107900177,0,131,-131
107900178,0,307,-307
107900179,51,193,-142
107900180,344,1646,-1302
107900181,341,275,66
107900182,4,616,-612
107900183,165,64,101
107900184,261,813,-552
107900185,246,7,239
107900186,34,15,19
107900187,0,227,-227
107900188,854,93,761
107900189,71,131,-60
107900190,47,177,-130
107900191,91,219,-128
107900193,23,189,-166
107900194,256,23,233
107900195,2122,176,1946
107900196,204,54,150
107900197,273,296,-23
107900199,1,734,-733
107900201,188,113,75
107900203,39,26,13
107900204,282,210,72
107900206,301,778,-477
107900207,2,407,-405
107900208,11,250,-239
107900209,470,177,293
107900210,33,56,-23
107900213,540,442,98
107900214,19,392,-373
107900215,330,610,-280
107900216,30,32,-2
107900217,56,83,-27
107900218,5,1917,-1912
107900219,284,29,255
107900220,81,169,-88
107900221,258,457,-199
107900223,341,207,134
107900224,244,556,-312
107900225,8,637,-629
107900226,21,91,-70
107900227,167,440,-273
107900228,62,151,-89
107900229,1,60,-59
107900230,91,12,79
107900231,42,60,-18
107900232,480,80,400
107900233,6,61,-55
107900234,542,185,357
107900235,76,158,-82
107900236,1024,122,902
107900237,3,339,-336
107900238,138,32,106
107900239,526,891,-365
107900240,144,46,98
107900241,15,27,-12
107900242,20,98,-78
107900243,0,23,-23
107900244,502,9,493
107900245,1631,129,1502
107900246,322,18,304
107900248,604,32,572
107900249,1829,236,1593
107900250,0,215,-215
107900251,41,680,-639
107900252,1188,46,1142
107900253,236,20,216
107900254,152,185,-33
107900255,216,49,167
107900256,712,2088,-1376
107900257,552,191,361
107900258,266,86,180
107900259,31,5967,-5936
107900261,0,135,-135
107900262,188,51,137
107900264,934,45,889
107900265,244,765,-521
107900267,750,16,734
107900268,51,6,45
107900269,0,25,-25
107900270,0,0,0
107900271,0,68,-68
107900272,31,26,5
107900273,66,63,3
107900274,93,0,93
107900275,82,0,82
107900276,2,12,-10
107900277,0,47,-47
107900278,823,70,753
107900279,19,33,-14
107900280,3535,1267,2268
107900281,1128,11475,-10347
107900282,22,1489,-1467
107900283,890,1330,-440
107900284,1111,1204,-93
107900285,213,16,197
107900286,38,55,-17
107900287,777,123,654
107900290,0,1175,-1175
107900291,827,16,811
107900292,433,148,285
107900293,159,214,-55
107900295,142,41,101
107900297,6,581,-575
107900298,646,859,-213
107900299,2799,4624,-1825
107900301,1518,1435,83
107900302,185,36,149
107900303,674,575,99
107900304,973,92,881
107900305,373,13,360
107900306,1,46,-45
107900307,10,273,-263
107900308,309,268,41
107900309,70,1,69
107900310,36,0,36
107900311,5,273,-268
107900312,94,1,93
107900313,0,163,-163
107900314,1,182,-181
107900315,2,62,-60
107900316,43,1,42
107900317,102,3,99
107900318,3,304,-301
107900319,7,39,-32
107900320,1,60,-59
107900321,396,11,385
107900322,1,27,-26
107900323,4,73,-69
107900324,164,5,159
107900325,322,5,317
107900326,981,108,873
107900327,0,169,-169
107900328,5,0,5
107900329,51,518,-467
107900330,5,86,-81
107900331,917,49,868
107900332,789,15,774
107900333,190,29,161
107900334,12,47,-35
107900335,49,57,-8
107900336,57,154,-97
107900337,393,1504,-1111
107900338,7,137,-130
107900339,1,38,-37
107900340,0,132,-132
107900341,123,0,123
107900342,301,164,137
107900343,61,9,52
107900344,16,47,-31
107900345,87,10,77
107900346,4,0,4
107900347,30,4,26
107900348,6,14,-8
107900349,44,1,43
107900350,39,208,-169
107900351,18,44,-26
107900352,0,64,-64
107900353,37,60,-23
107900354,17,45,-28
108000001,7021,5417,1604
108000002,1737,1714,23
108000003,4115,4636,-521
108000004,10902,10836,66
108000005,10571,8069,2502
108000006,3997,4429,-432
108000007,8228,8942,-714
108000008,3728,5004,-1276
108000009,8571,8495,76
108000010,3164,4921,-1757
108000011,17373,14870,2503
108000012,11726,10056,1670
108000014,1104,1678,-574
108000015,1800,292,1508
108000016,348,470,-122
108000017,2224,592,1632
108000018,2626,1166,1460
108000019,1054,1129,-75
108000020,1679,625,1054
108000021,335,1422,-1087
108000022,517,833,-316
108000023,2638,409,2229
108000024,815,430,385
108000025,602,67,535
108000026,1703,883,820
108000027,1494,271,1223
108000028,1668,491,1177
108000029,1134,524,610
108000030,714,428,286
108000031,355,640,-285
108000032,3734,914,2820
108000033,828,779,49
108000034,2973,718,2255
108000035,828,1482,-654
108000036,641,894,-253
108000037,4147,530,3617
108000038,5839,516,5323
108000039,722,1227,-505
108000040,3699,1365,2334
108000041,620,2042,-1422
108000042,824,174,650
108000043,381,555,-174
108000044,1193,147,1046
108000045,441,236,205
108000046,2973,613,2360
108000047,554,687,-133
108000048,169,256,-87
108000049,1283,230,1053
108000050,224,515,-291
108000051,673,392,281
108000052,224,523,-299
108000053,652,513,139
108000054,325,1066,-741
108000055,1564,963,601
108000056,1327,2018,-691
108000057,910,1981,-1071
108000058,2624,7769,-5145
108000059,2418,1484,934
108000060,442,1499,-1057
108000061,405,409,-4
108000062,1853,1023,830
108000063,639,474,165
108000064,471,405,66
108000065,765,522,243
108000066,3031,1819,1212
108000067,3959,1199,2760
108000068,1464,829,635
108000069,285,679,-394
108000070,3254,1394,1860
108000071,769,1527,-758
108000072,1898,1020,878
108000073,1196,1199,-3
108000074,996,979,17
108000075,503,548,-45
108000076,1349,832,517
108000077,1019,600,419
108000078,3606,1006,2600
108000079,595,584,11
108000080,2704,636,2068
108000081,1393,1027,366
108000082,807,1568,-761
108000083,2922,1275,1647
108000084,580,1407,-827
108000085,2388,1199,1189
108000086,646,570,76
108000087,202,4064,-3862
108000088,1767,824,943
108000089,425,518,-93
108000091,97,770,-673
108000092,531,261,270
108000093,624,519,105
108000094,1626,282,1344
108000095,340,655,-315
108000096,817,435,382
108000097,294,552,-258
108000098,4074,1542,2532
108000099,1658,394,1264
108000100,250,1150,-900
108000101,1876,2539,-663
108000102,2382,4934,-2552
108000106,1689,1,1688
108000107,2,823,-821
108000108,1174,94,1080
108000109,14,456,-442
108000110,950,468,482
108000111,396,1051,-655
108000112,89,278,-189
108000113,458,288,170
108000115,521,487,34
108000117,469,487,-18
108000118,363,3345,-2982
108000119,745,325,420
108000120,476,1426,-950
108000121,474,633,-159
108000122,1630,660,970
108000123,1239,560,679
108000124,474,729,-255
108000125,1289,542,747
108000126,357,992,-635
108000127,995,525,470
108000128,1500,427,1073
108000129,624,800,-176
108000130,720,475,245
108000131,938,335,603
108000132,664,752,-88
108000133,1942,433,1509
108000134,819,358,461
108000135,1584,1353,231
108000136,859,1242,-383
108000137,999,227,772
108000138,822,728,94
108000139,1114,303,811
108000140,1066,26,1040
108000141,163,28,135
108000142,173,101,72
108000143,88,269,-181
108000144,1243,55,1188
108000145,113,13,100
108000146,1417,136,1281
108000147,52,44,8
108000148,1452,138,1314
108000149,97,43,54
108000150,114,49,65
108000151,27,54,-27
108000152,403,189,214
108000153,1763,197,1566
108000154,92,1,91
108000155,150,62,88
108000156,1206,835,371
108000157,368,4895,-4527
108000158,129,1739,-1610
108000159,192,336,-144
108000160,2434,2346,88
108000161,1715,6013,-4298
108000165,6,494,-488
108000172,1,365,-364
108000173,650,3074,-2424
108000175,1665,332,1333
108000178,669,396,273
108000179,213,1407,-1194
108000181,152,14,138
108000182,193,51,142
108000183,5,460,-455
108000184,986,5143,-4157
108000185,567,296,271
108000186,714,466,248
108000187,304,295,9
108000188,1678,189,1489
108000189,2068,21717,-19649
108000190,117,291,-174
108000192,525,178,347
108000193,295,21,274
108000194,43,5,38
108000195,2,967,-965
108000196,266,786,-520
108000198,1545,110,1435
108000199,1,374,-373
108000200,1101,333,768
108000203,518,670,-152
108000204,280,99,181
108000205,334,314,20
108000339,1250,588,662
108000364,211,745,-534
108000365,126,802,-676
108000367,275,218,57
108000368,59,74,-15
108000369,673,120,553
108000371,5,515,-510
108000372,1079,13,1066
108000373,295,82,213
108000376,199,34,165
108000377,1195,123,1072
108000378,11835,21014,-9179
108000379,7,333,-326
108000381,262,17,245
108000382,210,1,209
108000383,0,402,-402
108900001,19,423,-404
108900002,421,66,355
108900003,128,717,-589
108900004,46,611,-565
108900007,522,193,329
108900008,216,82,134
108900009,251,257,-6
108900010,610,164,446
108900011,1146,247,899
108900012,524,332,192
108900013,232,530,-298
108900014,84,168,-84
108900015,2,244,-242
108900016,1,143,-142
108900017,167,1163,-996
108900018,239,372,-133
108900019,60,353,-293
108900020,90,123,-33
108900021,122,132,-10
108900022,73,18,55
108900023,44,113,-69
108900024,71,21,50
108900025,531,39,492
108900026,12,15,-3
108900027,2,32,-30
108900028,189,74,115
108900029,133,199,-66
108900030,0,23,-23
108900031,486,84,402
108900032,1,152,-151
108900033,0,42,-42
108900034,0,81,-81
108900035,548,351,197
108900038,0,70,-70
108900039,0,77,-77
108900040,4,76,-72
108900041,5106,3612,1494
108900042,3,401,-398
108900043,38,670,-632
108900044,0,96,-96
108900045,107,88,19
108900046,22,199,-177
108900047,20,413,-393
108900048,147,305,-158
108900049,1476,4527,-3051
108900050,4,60,-56
108900051,8,62,-54
108900052,52,63,-11
108900053,158,1117,-959
108900054,116,78,38
108900055,57,348,-291
108900056,2,34,-32
108900057,0,76,-76
108900058,103,67,36
108900059,1962,87,1875
108900060,70,187,-117
108900061,97,17,80
108900062,2,257,-255
108900063,21,78,-57
108900064,674,5,669
108900065,15,114,-99
108900066,576,245,331
108900067,0,235,-235
108900068,19,45,-26
108900069,282,16,266
108900070,27,36,-9
108900071,275,77,198
108900072,1216,148,1068
108900073,119,236,-117
108900074,995,57,938
108900075,17,32,-15
108900076,697,33,664
108900077,284,222,62
108900078,123,65,58
108900079,336,280,56
108900080,53,1539,-1486
108900081,148,357,-209
108900082,216,32,184
108900083,14,353,-339
108900085,1828,181,1647
108900086,359,69,290
108900087,89,214,-125
108900088,1012,618,394
108900089,13,109,-96
108900090,231,65,166
108900091,115,69,46
108900092,598,435,163
108900093,166,94,72
108900094,695,139,556
108900095,39,179,-140
108900096,271,12,259
108900097,486,163,323
108900098,1367,1439,-72
108900099,941,182,759
108900100,82,77,5
108900101,289,897,-608
108900102,17,2424,-2407
108900103,303,399,-96
108900105,6,4369,-4363
108900106,798,183,615
108900108,448,34,414
108900109,1339,126,1213
108900110,319,226,93
108900111,951,252,699
108900113,74,101,-27
108900114,391,31,360
108900115,248,250,-2
108900116,108,20,88
108900117,682,40,642
108900118,1411,60,1351
108900119,740,38,702
108900120,569,442,127
108900121,276,102,174
108900122,527,81,446
108900123,551,107,444
108900124,2143,189,1954
108900125,1449,27,1422
108900126,376,71,305
108900127,511,126,385
108900128,472,95,377
108900129,2405,246,2159
108900130,1514,3,1511
108900131,1096,11,1085
108900132,1224,112,1112
108900133,618,37,581
108900134,1559,199,1360
108900135,611,17,594
108900136,40,0,40
108900137,367,0,367
108900138,2033,91,1942
108900140,1320,63,1257
108900141,930,14,916
108900142,110,24,86
108900143,142,0,142
108900144,238,0,238
108900145,694,57,637
108900146,250,1,249
108900147,627,1,626
108900148,150,12,138
108900150,303,10,293
108900151,40,3,37
108900152,173,2,171
108900153,575,133,442
108900154,8687,426,8261
108900156,258,10,248
108900157,50,373,-323
108900158,1214,103,1111
108900159,63,68,-5
108900160,25,138,-113
108900161,107,277,-170
108900162,416,10,406
108900163,8,590,-582
108900164,93,39,54
108900168,4285,2554,1731
108900169,129,160,-31
108900171,3695,3948,-253
108900172,233,104,129
108900173,51,368,-317
108900174,1621,664,957
108900176,192,297,-105
108900177,3765,14233,-10468
108900178,2743,7716,-4973
108900180,55,371,-316
108900183,268,397,-129
108900184,521,269,252
108900185,39,494,-455
108900186,49,517,-468
108900189,533,322,211
108900190,77,2501,-2424
108900192,109,153,-44
108900195,89,122,-33
108900196,130,372,-242
108900199,267,426,-159
108900200,985,650,335
108900201,339,1178,-839
108900203,532,128,404
108900204,622,21,601
108900205,303,53,250
108900206,793,174,619
108900207,360,438,-78
108900208,5,438,-433
108900209,154,607,-453
108900210,165,78,87
108900211,285,791,-506
108900212,107,3596,-3489
108900215,56,424,-368
108900216,301,899,-598
108900217,120,1,119
108900218,84,28,56
108900221,32,37,-5
108900224,82,51,31
108900225,0,232,-232
108900227,303,479,-176
108900230,56,299,-243
108900232,1,148,-147
108900233,763,259,504
108900234,345,281,64
108900235,169,362,-193
108900236,61,451,-390
108900240,147,129,18
108900241,168,39,129
108900245,6,3068,-3062
108900250,441,84,357
108900258,18,107,-89
108900259,82,34,48
108900260,8,27,-19
108900261,72,40,32
108900262,122,157,-35
108900263,50,173,-123
108900264,190,301,-111
108900265,1042,1123,-81
108900266,182,2682,-2500
108900267,2,666,-664
108900268,21,53,-32
108900269,372,73,299
108900270,445,29,416
108900271,194,301,-107
108900272,908,109,799
108900273,323,1502,-1179
108900274,239,16,223
109000001,5573,4273,1300
109000002,1007,3782,-2775
109000003,5837,679,5158
109000004,819,2881,-2062
109000005,3426,919,2507
109000006,1252,2183,-931
109000007,3666,1338,2328
109000008,1110,1761,-651
109000009,5447,2058,3389
109000010,840,2895,-2055
109000011,7462,3230,4232
109000012,2140,3669,-1529
109000013,8128,7853,275
109000014,2844,2576,268
109000015,5909,25371,-19462
109000016,5438,2481,2957
109000017,5714,2221,3493
109000018,2653,2666,-13
109000019,4850,2592,2258
109000020,1743,3460,-1717
109000023,459,20,439
109000024,8,191,-183
109000025,273,858,-585
109000026,824,316,508
109000027,119,402,-283
109000028,220,71,149
109000029,83,538,-455
109000030,13,494,-481
109000031,424,117,307
109000032,145,618,-473
109000033,657,288,369
109000034,91,86,5
109000035,38,50,-12
109000036,152,386,-234
109000037,601,5159,-4558
109000038,382,284,98
109000039,1372,1159,213
109000040,3344,16986,-13642
109000041,1492,4931,-3439
109000042,986,2935,-1949
109000044,742,297,445
109000045,418,421,-3
109000046,743,142,601
109000047,157,367,-210
109000048,657,1212,-555
109000049,347,630,-283
109000050,658,616,42
109000051,286,182,104
109000052,812,530,282
109000053,4030,311,3719
109000054,142,609,-467
109000055,565,393,172
109000056,479,451,28
109000057,2013,626,1387
109000058,715,214,501
109000059,143,1030,-887
109000060,178,886,-708
109000061,599,2452,-1853
109000062,220,452,-232
109000063,264,186,78
109000064,754,119,635
109000065,382,453,-71
109000066,1009,73,936
109000067,105,682,-577
109000068,844,20,824
109000069,791,12,779
109000070,152,1481,-1329
109000071,631,145,486
109000072,201,343,-142
109000073,80,133,-53
109000074,24,166,-142
109000075,81,383,-302
109000076,357,540,-183
109000077,451,266,185
109000078,165,230,-65
109000079,294,101,193
109000080,436,147,289
109000081,261,341,-80
109000082,1450,165,1285
109000083,664,509,155
109000088,191,226,-35
109000089,457,111,346
109000090,110,263,-153
109000091,659,171,488
109000092,247,283,-36
109000093,440,173,267
109000094,1390,0,1390
109000095,256,318,-62
109000096,1580,246,1334
109000097,140,109,31
109000098,161,161,0
109000099,1027,125,902
109000100,563,478,85
109000101,2855,490,2365
109000102,1020,471,549
109000103,2415,715,1700
109000104,4168,462,3706
109000105,861,639,222
109000106,2981,666,2315
109000107,840,1163,-323
109000108,3688,787,2901
109000109,768,969,-201
109000110,1933,830,1103
109000111,1097,1495,-398
109000112,489,157,332
109000113,387,400,-13
109000114,217,667,-450
109000115,1373,59,1314
109000116,45,947,-902
109000117,361,44,317
109000118,16,274,-258
109000119,2811,173,2638
109000120,687,641,46
109000121,1398,83,1315
109000122,500,269,231
109000123,71,195,-124
109000124,1688,401,1287
109000125,1384,321,1063
109000126,1073,386,687
109000127,4576,248,4328
109000128,1180,594,586
109000129,5345,556,4789
109000130,925,903,22
109000131,2398,1382,1016
109000132,611,1985,-1374
109000133,305,379,-74
109000134,775,1619,-844
109000135,712,2216,-1504
109000136,424,281,143
109000137,552,808,-256
109000138,863,196,667
109000139,1027,682,345
109000140,453,325,128
109000141,1834,855,979
109000142,338,492,-154
109000143,169,98,71
109000145,67,395,-328
109000146,28,24,4
109000148,2326,1775,551
109000149,33,100,-67
109000150,115,368,-253
109000155,1390,980,410
109000156,1257,324,933
109000158,82,391,-309
109000159,109,630,-521
109000160,2201,300,1901
109000161,1052,1435,-383
109000162,3416,680,2736
109000163,2042,1480,562
109000164,2432,1940,492
109000165,2470,704,1766
109000166,2447,71,2376
109000167,211,531,-320
109000170,61,50,11
109000171,143,46,97
109000172,41,97,-56
109000173,45,250,-205
109000174,401,57,344
109000175,190,341,-151
109000176,1108,376,732
109000177,52,116,-64
109000178,1957,226,1731
109000179,3454,8799,-5345
109000180,3923,3905,18
109000181,97,10,87
109000182,74,9,65
109000183,61,23,38
109000184,123,30,93
109000185,151,87,64
109000188,344,1752,-1408
109000189,4780,1695,3085
109000190,1312,665,647
109000191,437,347,90
109000192,971,221,750
109000193,917,128,789
109000194,619,68,551
109000195,537,121,416
109000196,411,42,369
109000197,471,319,152
109000198,514,26,488
109000199,253,415,-162
109000206,242,26,216
109000207,331,46,285
109000208,104,175,-71
109000209,173,141,32
109000210,285,378,-93
109000211,1892,604,1288
109000214,899,324,575
109000215,140,87,53
109000216,648,541,107
109000217,197,810,-613
109000218,330,563,-233
109000221,198,885,-687
109000222,882,207,675
109000223,1156,844,312
109000224,150,37,113
109000225,586,72,514
109000226,198,211,-13
109000227,3365,464,2901
109000228,2,883,-881
109000231,6,131,-125
109000232,1211,86,1125
109000236,379,620,-241
109000241,2410,1092,1318
109000242,1846,846,1000
109000293,226,505,-279
109000361,238,263,-25
109000364,164,981,-817
109000396,1,258,-257
109000397,1182,19,1163
109000399,203,288,-85
109000400,105,265,-160
109000403,22,2782,-2760
109000406,1218,5,1213
109000407,344,160,184
109000408,4,853,-849
109000410,1272,306,966
109000411,681,96,585
109000412,13,62,-49
109900001,260,0,260
109900002,1684,12,1672
109900003,868,1,867
109900005,77,5,72
109900006,911,90,821
109900007,2224,105,2119
109900008,0,19,-19
109900009,258,229,29
109900010,975,82,893
109900011,44,94,-50
109900012,627,998,-371
109900013,625,427,198
109900014,593,159,434
109900015,163,90,73
109900016,341,10,331
109900017,507,490,17
109900018,296,38,258
109900019,283,69,214
109900020,90,70,20
109900021,76,12,64
109900022,394,306,88
109900023,67,3,64
109900024,37,4,33
109900025,5,31,-26
109900027,79,45,34
109900028,597,3726,-3129
109900029,6,136,-130
109900030,111,13,98
109900031,4,443,-439
109900032,5,175,-170
109900033,1,730,-729
109900034,120,0,120
109900035,83,132,-49
109900036,19,147,-128
109900037,17,287,-270
109900038,130,313,-183
109900039,9,0,9
109900040,27,315,-288
109900041,78,276,-198
109900042,10,1577,-1567
109900044,100,495,-395
109900045,97,56,41
109900046,371,133,238
109900047,271,307,-36
109900048,5,135,-130
109900049,42,60,-18
109900050,0,12,-12
109900051,0,18,-18
109900052,35,206,-171
109900053,2,47,-45
109900054,1727,96,1631
109900055,100,161,-61
109900056,43,565,-522
109900057,8,38,-30
109900058,0,28,-28
109900060,1742,114,1628
109900061,47,116,-69
109900062,0,61,-61
109900064,1135,194,941
109900065,120,125,-5
109900066,284,573,-289
109900067,0,92,-92
109900068,86,8,78
109900069,132,12,120
109900071,46,3,43
109900072,49,122,-73
109900073,834,142,692
109900074,57,10,47
109900075,55,41,14
109900076,34,75,-41
109900077,50,34,16
109900078,55,143,-88
109900080,258,125,133
109900081,8,243,-235
109900082,116,145,-29
109900083,19,58,-39
109900084,64,137,-73
109900085,98,316,-218
109900086,141,1923,-1782
109900087,78,504,-426
109900089,1331,199,1132
109900092,386,248,138
109900093,1898,105,1793
109900094,140,135,5
109900095,58,204,-146
109900096,313,11,302
109900097,285,2,283
109900098,956,72,884
109900099,744,1,743
109900100,107,0,107
109900101,1515,7,1508
109900102,918,21,897
109900103,28,97,-69
109900104,1753,125,1628
109900105,1068,34,1034
109900106,575,39,536
109900107,1007,54,953
109900108,352,199,153
109900109,66,270,-204
109900111,69,272,-203
109900114,768,2351,-1583
109900115,224,164,60
109900117,2274,104,2170
109900121,321,338,-17
109900123,16,38,-22
109900125,0,185,-185
109900126,700,76,624
109900130,3290,6295,-3005
109900131,58,119,-61
109900132,25,57,-32
109900134,132,385,-253
109900135,498,34,464
109900137,558,363,195
109900140,312,153,159
109900149,58,18,40
109900150,40,32,8
109900151,18,48,-30
109900152,0,56,-56
109900153,2,345,-343
109900154,81,0,81
109900155,82,41,41
109900157,24,90,-66
109900159,322,58,264
109900161,614,88,526
109900162,688,191,497
109900163,357,197,160
109900164,56,242,-186
109900165,319,3,316
109900166,0,64,-64
109900167,261,288,-27
109900168,253,582,-329
109900169,287,265,22
109900170,358,2114,-1756
109900171,536,149,387
109900172,412,553,-141
109900173,1498,3520,-2022
109900174,42,92,-50
109900175,157,225,-68
109900176,332,200,132
109900177,42,140,-98
109900178,11,609,-598
109900179,9,90,-81
109900180,9,13,-4
110000001,829,557,272
110000002,856,971,-115
110000003,766,868,-102
110000004,456,781,-325
110000005,393,2364,-1971
110000006,621,376,245
110000007,146,201,-55
110000008,60,428,-368
110000009,64,57,7
110000010,64,122,-58
110000011,30,41,-11
110000012,1061,164,897
110000013,103,1603,-1500
110000014,902,506,396
110000015,461,1105,-644
110000016,510,2772,-2262
110000017,3828,396,3432
110000018,3099,452,2647
110000019,8,162,-154
110000020,1563,493,1070
110000021,236,529,-293
110000022,1516,89,1427
110000023,11,222,-211
110000024,549,490,59
110000025,1919,6,1913
110000026,6,274,-268
110000027,515,2639,-2124
110000028,1639,690,949
110000029,560,459,101
110000030,611,529,82
110000031,317,245,72
110000032,1864,311,1553
110000033,233,407,-174
110000034,708,535,173
110000035,726,510,216
110000036,2099,756,1343
110000037,351,500,-149
110000038,646,885,-239
110000039,1636,9463,-7827
110000040,836,511,325
110000041,371,3876,-3505
110000042,197,1074,-877
110000043,917,482,435
110000044,45,1364,-1319
110000045,167,254,-87
110000046,7,218,-211
110000047,6,252,-246
110000048,3,152,-149
110000049,26,33,-7
110000050,10,349,-339
110000051,38,22,16
110000052,141,37,104
110000053,27,32,-5
110000054,103,591,-488
110000055,160,202,-42
110000056,109,259,-150
110000057,402,591,-189
110000058,1161,464,697
110000059,909,691,218
110000060,1940,1135,805
110000061,464,594,-130
110000062,884,1129,-245
110000063,78,436,-358
110000064,44,54,-10
110000065,244,248,-4
110000066,168,30,138
110000067,19,177,-158
110000068,444,96,348
110000069,1048,56,992
110000071,1112,54,1058
110000073,30,10,20
110000075,20,152,-132
110000076,538,691,-153
110000077,329,2153,-1824
110000078,165,27,138
110000080,350,395,-45
110000081,129,243,-114
110000082,80,366,-286
110000083,399,350,49
110000084,2068,1388,680
110000085,967,1202,-235
110000086,893,3106,-2213
110000087,25,139,-114
110000088,227,258,-31
110000089,661,48,613
110000090,155,282,-127
110000091,1008,160,848
110000092,36,31,5
110000093,76,69,7
110000094,537,259,278
110000095,219,844,-625
110000096,1363,3371,-2008
110000097,979,2309,-1330
110000098,2748,1034,1714
110000099,1456,1953,-497
110000100,2834,206,2628
110000101,180,167,13
110000102,148,76,72
110000104,640,377,263
110000105,47,423,-376
110000106,750,711,39
110000107,210,450,-240
110000108,149,278,-129
110000109,185,473,-288
110000110,1545,2397,-852
110000111,2654,3388,-734
110000112,270,1608,-1338
110000113,86,4544,-4458
110000114,933,1055,-122
110000115,1076,361,715
110000116,112,111,1
110000117,621,285,336
110000118,916,155,761
110000119,881,241,640
110000120,625,228,397
110000121,124,543,-419
110000122,723,408,315
110000123,909,407,502
110000124,2,494,-492
110000125,1176,11,1165
110000126,310,16,294
110000127,1805,195,1610
110000128,20,503,-483
110000129,3,421,-418
110000130,663,484,179
110000131,50,555,-505
110000132,4,467,-463
110000133,55,642,-587
110000134,45,459,-414
110000135,217,59,158
110000136,82,334,-252
110000137,1173,419,754
110000138,1486,574,912
110000139,2480,483,1997
110000140,1185,915,270
110000143,486,332,154
110000144,2021,2033,-12
110000145,1581,1680,-99
110000146,1606,836,770
110000147,447,1818,-1371
110000148,1043,237,806
110000151,795,3371,-2576
110000152,1210,1099,111
110000153,329,6,323
110000154,21,61,-40
110000155,449,2693,-2244
110000156,1077,1811,-734
110000157,1152,2456,-1304
110000160,657,328,329
110000161,288,323,-35
110000166,1311,167,1144
110000167,2721,986,1735
110000168,968,890,78
110000169,1116,446,670
110000170,246,189,57
110000171,959,110,849
110000172,544,636,-92
110000173,736,768,-32
110000174,237,508,-271
110000175,1771,167,1604
110000176,79,1199,-1120
110000177,351,2297,-1946
110000178,514,4391,-3877
110000179,1703,349,1354
110000180,853,399,454
110000181,2036,441,1595
110000182,711,163,548
110000183,5766,11666,-5900
110000184,329,5543,-5214
110000185,697,1122,-425
110000186,547,1631,-1084
110000191,2096,71,2025
110000192,843,19,824
110000193,2040,35,2005
110000194,0,503,-503
110000195,1038,122,916
110000196,1013,46,967
110000197,262,57,205
110000198,132,84,48
110000199,62,742,-680
110000200,655,1038,-383
110000201,1330,2523,-1193
110000202,1560,661,899
110000203,396,650,-254
110000204,2,246,-244
110000205,570,39,531
110000206,555,642,-87
110000207,2440,300,2140
110000208,270,398,-128
110000209,73,809,-736
110000210,2396,867,1529
110000211,1251,940,311
110000212,687,1918,-1231
110000213,716,34,682
110000214,770,101,669
110000215,422,271,151
110000216,211,177,34
110000217,1084,113,971
110000218,474,103,371
110000219,704,52,652
110000220,112,61,51
110000221,1050,18,1032
110000222,130,110,20
110000223,12,94,-82
110000224,3,4,-1
110000225,288,912,-624
110000226,512,86,426
110000227,792,1389,-597
110000228,779,163,616
110000229,0,118,-118
110000230,987,925,62
110000231,504,652,-148
110000232,213,357,-144
110000233,159,1675,-1516
110000234,616,2394,-1778
110000235,1935,1465,470
110000236,1237,619,618
110000237,4021,1778,2243
110000238,1265,1782,-517
110000239,2706,1605,1101
110000240,0,16,-16
110000242,0,1,-1
110000243,421,39,382
110000244,179,410,-231
110000245,111,306,-195
110000246,1712,542,1170
110000247,932,1710,-778
110000248,897,410,487
110000249,326,10,316
110000250,29,132,-103
110000251,727,221,506
110000252,605,195,410
110000253,2786,480,2306
110000254,643,655,-12
110000255,135,706,-571
110000256,702,247,455
110000257,429,197,232
110000258,15,613,-598
110000259,512,35,477
110000260,68,131,-63
110000263,643,23,620
110000264,954,297,657
110000265,1704,2066,-362
110000266,1164,2337,-1173
110000267,54,70,-16
110000268,319,209,110
110000269,6,96,-90
110000270,140,3,137
110000271,2222,245,1977
110000272,1590,1412,178
110000273,1416,1192,224
110000274,229,4785,-4556
110000275,2005,944,1061
110000276,432,1291,-859
110000277,463,490,-27
110000278,493,801,-308
110000279,778,699,79
110000280,867,655,212
110000281,115,189,-74
110000282,208,36,172
110000283,23,82,-59
110000284,30,40,-10
110000285,2,297,-295
110000286,1,0,1
110000287,140,1,139
110000288,13,72,-59
110000289,582,4146,-3564
110000290,556,991,-435
110000291,2155,773,1382
110000292,1017,10436,-9419
110000293,849,1514,-665
110000294,2541,2416,125
110000295,1202,1028,174
110000296,1108,519,589
110000297,3102,280,2822
110000298,99,442,-343
110000299,210,59,151
110000301,760,25,735
110000302,806,2122,-1316
110000303,795,8,787
110000304,332,228,104
110000305,2174,34,2140
110000306,385,732,-347
110000307,3168,9,3159
110000308,620,1,619
110000309,29,770,-741
110000310,1267,27,1240
110000311,19,1589,-1570
110000312,699,55,644
110000313,1977,2106,-129
110000314,0,131,-131
110000315,1785,1612,173
110000316,610,954,-344
110000317,103,1908,-1805
110000318,1,65,-64
110000319,24,6,18
110000320,20,52,-32
110000321,128,74,54
110000322,316,301,15
110000323,849,239,610
110000324,2664,1036,1628
110000325,1462,6306,-4844
110000327,370,178,192
110000328,268,591,-323
110000333,1979,2042,-63
110000334,464,1083,-619
110000335,635,498,137
110000336,667,1859,-1192
110000337,2524,793,1731
110000338,769,561,208
110000339,470,449,21
110000340,15,364,-349
110000341,1163,632,531
110000342,98,1,97
110000343,0,19,-19
110000344,71,2182,-2111
110000345,161,2001,-1840
110000346,1537,2421,-884
110000347,2043,1005,1038
110000348,25,11,14
110000349,15,50,-35
110000350,183,3,180
110000351,1807,637,1170
110000352,1242,2565,-1323
110000353,3329,483,2846
110000354,1865,7900,-6035
110000355,278,28,250
110000356,1466,11,1455
110000357,864,7,857
110000361,29,18,11
110000362,174,5,169
110000363,1414,134,1280
110000364,417,457,-40
110000365,206,1,205
110000366,0,121,-121
110000367,1012,182,830
110000368,0,96,-96
110000369,135,13,122
110000373,3,911,-908
110000374,172,60,112
110000375,110,1180,-1070
110000376,33,83,-50
110000377,125,490,-365
110000378,10,427,-417
110000379,2338,4318,-1980
110000380,218,5,213
110000383,0,711,-711
110000384,1181,248,933
110000385,2,338,-336
110000387,178,13,165
110000388,80,122,-42
110000389,1499,3,1496
110000391,1294,526,768
110000396,356,194,162
110000397,166,57,109
110000398,34,51,-17
110000399,395,0,395
110000587,298,507,-209
110000589,310,202,108
110000640,268,8,260
110000652,24,1095,-1071
110000653,695,297,398
110000654,5,422,-417
110000656,0,302,-302
110000674,32,7,25
110000675,26,20,6
110000676,0,16,-16
110000679,206,1530,-1324
110000682,182,300,-118
110000683,289,354,-65
110000684,2,42,-40
110000685,11,18,-7
110000686,1,162,-161
110000687,14,3,11
110000688,53,2082,-2029
110000689,116,14,102
110000692,31,279,-248
110000693,26,899,-873
110000694,0,278,-278
110000695,169,1088,-919
110000696,90,65,25
110000698,242,945,-703
110000699,1262,152,1110
110900001,539,30,509
110900002,351,1051,-700
110900003,2011,215,1796
110900004,886,53,833
110900005,1316,7276,-5960
110900006,142,54,88
110900007,430,142,288
110900008,12,28,-16
110900009,355,784,-429
110900010,34,27,7
110900011,31,178,-147
110900012,10,31,-21
110900013,1933,144,1789
110900014,464,81,383
110900015,387,943,-556
110900016,108,59,49
110900017,833,63,770
110900018,400,24,376
110900019,758,20,738
110900020,389,165,224
110900021,103,864,-761
110900022,95,177,-82
110900023,50,695,-645
110900024,113,192,-79
110900025,56,317,-261
110900027,77,103,-26
110900028,39,64,-25
110900029,6,124,-118
110900030,76,168,-92
110900031,33,224,-191
110900032,0,52,-52
110900033,30,174,-144
110900035,54,653,-599
110900036,248,6,242
110900037,367,10,357
110900038,600,140,460
110900039,10,268,-258
110900040,344,17,327
110900041,16,25,-9
110900042,191,86,105
110900043,2,44,-42
110900044,415,34,381
110900045,109,316,-207
110900046,8,81,-73
110900047,276,836,-560
110900049,170,149,21
110900050,52,0,52
110900051,44,99,-55
110900052,7,91,-84
110900053,230,7,223
110900054,81,122,-41
110900055,46,3,43
110900056,26,93,-67
110900057,1,135,-134
110900058,667,85,582
110900059,978,187,791
110900060,356,202,154
110900061,8,40,-32
110900062,368,66,302
110900063,50,78,-28
110900064,12,0,12
110900065,63,247,-184
110900066,30,45,-15
110900067,125,984,-859
110900068,286,155,131
110900069,3,6,-3
110900070,411,51,360
110900071,131,1412,-1281
110900073,0,1,-1
110900074,1015,116,899
110900075,777,79,698
110900077,2171,569,1602
110900078,297,12,285
110900079,1152,2018,-866
110900080,253,77,176
110900081,34,13,21
110900082,461,87,374
110900083,143,34,109
110900084,175,29,146
110900085,61,159,-98
110900086,104,310,-206
110900087,609,330,279
110900088,6,1,5
110900090,94,142,-48
110900091,0,24,-24
110900093,290,120,170
110900095,143,22,121
110900097,91,14,77
110900098,85,99,-14
110900099,40,315,-275
110900100,0,8,-8
110900102,119,17,102
110900105,1991,100,1891
110900108,52,81,-29
110900111,1226,97,1129
110900112,1044,7,1037
110900113,287,124,163
110900115,14,129,-115
110900116,2002,629,1373
110900118,180,5830,-5650
110900119,1543,172,1371
110900120,190,62,128
110900121,100,2,98
110900122,774,200,574
110900125,505,1449,-944
110900127,245,1832,-1587
110900128,192,614,-422
110900129,156,1184,-1028
110900130,257,662,-405
110900131,577,135,442
110900132,753,131,622
110900133,145,193,-48
110900135,88,168,-80
110900136,534,48,486
110900138,0,0,0
110900139,10,0,10
110900140,2,0,2
110900141,535,1068,-533
110900142,77,89,-12
110900143,444,31,413
110900144,1,196,-195
110900145,258,141,117
110900146,223,627,-404
110900147,69,482,-413
110900148,0,362,-362
110900149,6,154,-148
110900150,51,14,37
110900151,5,45,-40
110900152,100,50,50
110900153,214,53,161
111000001,2882,1753,1129
111000002,1240,604,636
111000003,4951,2297,2654
111000004,1574,1835,-261
111000005,2895,3451,-556
111000006,1607,3579,-1972
111000007,6165,10959,-4794
111000008,5317,4972,345
111000009,682,1581,-899
111000010,1930,359,1571
111000011,222,1230,-1008
111000012,626,471,155
111000013,866,1589,-723
111000014,3747,1008,2739
111000017,51,814,-763
111000018,175,340,-165
111000020,567,851,-284
111000021,44,146,-102
111000023,182,174,8
111000025,4300,5099,-799
111000029,157,129,28
111000030,42,67,-25
111000031,1949,637,1312
111000032,598,447,151
111000033,221,124,97
111000034,38,384,-346
111000037,576,215,361
111000038,3114,2506,608
111000039,2236,2221,15
111000040,1802,1457,345
111000041,920,710,210
111000042,2666,2466,200
111000043,3049,9639,-6590
111000044,2366,935,1431
111000045,4509,2596,1913
111000046,3168,2460,708
111000047,3813,9621,-5808
111000049,793,586,207
111000050,1396,815,581
111000051,741,943,-202
111000052,631,1827,-1196
111000053,265,669,-404
111000054,383,739,-356
111000055,258,876,-618
111000056,482,791,-309
111000057,170,335,-165
111000058,1233,90,1143
111000059,935,391,544
111000060,8240,1230,7010
111000061,1323,666,657
111000062,1785,832,953
111000063,1924,1463,461
111000064,1500,694,806
111000065,2167,1267,900
111000066,987,527,460
111000067,2273,440,1833
111000068,1787,692,1095
111000069,1744,2073,-329
111000070,1106,578,528
111000071,212,283,-71
111000072,2229,988,1241
111000073,354,2678,-2324
111000074,2856,1978,878
111000075,1068,991,77
111000076,1364,1346,18
111000077,1209,1175,34
111000078,2067,696,1371
111000079,1158,850,308
111000080,1234,666,568
111000081,1942,9183,-7241
111000082,1620,799,821
111000084,1283,644,639
111000085,1809,1383,426
111000086,2182,1270,912
111000087,993,433,560
111000088,6707,7412,-705
111000089,1180,615,565
111000090,577,903,-326
111000091,949,301,648
111000092,2795,830,1965
111000093,1404,1551,-147
111000094,3138,1737,1401
111000095,1586,4122,-2536
111000096,960,12222,-11262
111000097,3239,1065,2174
111000098,641,960,-319
111000099,553,1867,-1314
111000100,635,1909,-1274
111000101,550,1059,-509
111000102,344,542,-198
111000104,1410,437,973
111000107,142,1015,-873
111000109,1487,334,1153
111000110,2272,866,1406
111000111,6465,428,6037
111000112,4192,469,3723
111000113,1025,3242,-2217
111000114,1279,8459,-7180
111000115,3492,1116,2376
111000116,1199,1162,37
111000117,335,1151,-816
111000118,1093,1035,58
111000119,2500,882,1618
111000120,888,994,-106
111000121,397,1214,-817
111000122,495,771,-276
111000123,1068,937,131
111000124,631,2392,-1761
111000125,373,1865,-1492
111000126,822,1726,-904
111000127,2296,255,2041
111000128,4881,483,4398
111000129,5479,730,4749
111000130,5024,531,4493
111000131,4967,604,4363
111000132,3394,2695,699
111000133,244,126,118
111000134,452,54,398
111000135,136,218,-82
111000136,716,336,380
111000138,70,9,61
111000140,8,8,0
111000141,351,400,-49
111000142,5,122,-117
111000143,6,360,-354
111000144,50,1214,-1164
111000145,118,29,89
111000146,140,2,138
111000147,98,56,42
111000148,178,151,27
111000149,10,108,-98
111000150,101,27,74
111000151,27,53,-26
111000153,534,413,121
111000154,449,325,124
111000155,177,199,-22
111000156,979,437,542
111000157,341,581,-240
111000158,931,693,238
111000159,3390,1622,1768
111000160,492,382,110
111000161,12,408,-396
111000162,3,59,-56
111000163,1511,984,527
111000164,529,4269,-3740
111000165,819,210,609
111000166,470,156,314
111000167,172,362,-190
111000168,340,368,-28
111000169,581,355,226
111000170,447,316,131
111000171,730,527,203
111000172,379,547,-168
111000173,468,1113,-645
111000174,680,269,411
111000175,50,654,-604
111000176,824,48,776
111000177,1876,202,1674
111000178,3112,196,2916
111000179,859,120,739
111000180,388,438,-50
111000181,3705,236,3469
111000182,450,286,164
111000183,368,401,-33
111000184,598,181,417
111000185,675,442,233
111000186,411,372,39
111000187,301,124,177
111000188,847,430,417
111000189,566,389,177
111000190,583,207,376
111000191,330,157,173
111000192,163,290,-127
111000193,658,205,453
111000194,104,471,-367
111000195,201,1365,-1164
111000196,109,118,-9
111000197,1375,230,1145
111000198,1362,154,1208
111000199,674,497,177
111000200,1177,775,402
111000201,1655,96,1559
111000202,1111,108,1003
111000203,963,420,543
111000204,433,3423,-2990
111000213,394,724,-330
111000214,2241,1270,971
111000215,1750,1159,591
111000217,2352,388,1964
111000218,3330,1082,2248
111000219,399,272,127
111000220,965,628,337
111000221,379,71,308
111000224,74,145,-71
111000225,1061,589,472
111000226,187,6,181
111000227,93,9,84
111000228,11,971,-960
111000229,31,1949,-1918
111000230,277,132,145
111000231,2366,534,1832
111000232,1570,1319,251
111000233,2532,720,1812
111000234,403,1313,-910
111000239,111,36,75
111000240,124,640,-516
111000241,138,158,-20
111000242,598,91,507
111000243,270,438,-168
111000244,1630,767,863
111000245,1377,557,820
111000246,1013,186,827
111000247,966,583,383
111000248,1043,290,753
111000249,972,271,701
111000250,177,40,137
111000251,143,41,102
111000253,61,24,37
111000255,162,13,149
111000257,134,32,102
111000260,53,371,-318
111000261,2531,99,2432
111000271,45,513,-468
111000273,5407,1635,3772
111000274,2041,4143,-2102
111000275,435,92,343
111000276,1381,2243,-862
111000277,464,291,173
111000278,515,226,289
111000291,4080,19344,-15264
111000298,683,319,364
111000299,1101,201,900
111000300,104,635,-531
111000302,563,38,525
111000303,299,191,108
111000312,99,58,41
111000315,6,71,-65
111000320,184,347,-163
111000321,504,294,210
111000322,830,166,664
111000323,515,72,443
111000324,433,197,236
111000325,55,51,4
111000326,426,196,230
111000327,610,293,317
111000328,530,1355,-825
111000329,3,64,-61
111000330,174,2,172
111000331,26,1,25
111000332,581,1221,-640
111000334,315,1326,-1011
111000335,2141,223,1918
111000337,3013,180,2833
111000338,168,211,-43
111000339,1218,259,959
111000340,321,1416,-1095
111000341,3184,1853,1331
111000342,97,1022,-925
111000344,1789,444,1345
111000345,106,123,-17
111000346,47,233,-186
111000347,322,4,318
111000350,333,160,173
111000351,204,495,-291
111000352,422,174,248
111000353,188,242,-54
111000354,865,367,498
111000355,600,660,-60
111000358,141,902,-761
111000360,235,370,-135
111000361,234,135,99
111000546,1682,1241,441
111000547,663,1242,-579
111000548,479,228,251
111000549,396,229,167
111000550,202,1393,-1191
111000551,433,116,317
111000552,671,238,433
111000907,3631,52,3579
111000908,325,0,325
111000916,4067,281,3786
111000917,86,305,-219
111000918,348,603,-255
111000920,1529,16,1513
111000921,42,137,-95
111000922,1495,206,1289
111000924,54,785,-731
111000925,7868,2831,5037
111000926,1808,1642,166
111000927,3032,7011,-3979
111000928,3770,1751,2019
111000929,3022,1474,1548
111000930,2002,1752,250
111000931,2700,2435,265
111000932,2889,1391,1498
111000933,4882,5138,-256
111000934,1974,1919,55
111000935,5247,1937,3310
111000936,2037,1523,514
111000937,2123,2359,-236
111000938,1926,1155,771
111000939,1347,53,1294
111000940,1453,44,1409
111000941,556,1217,-661
111000943,988,254,734
111000944,369,252,117
111000945,343,1373,-1030
111001109,883,1358,-475
111001110,247,365,-118
111001111,260,15,245
111001112,192,93,99
111001113,1,1331,-1330
111001114,921,332,589
111001115,58,2385,-2327
111001116,3715,9388,-5673
111001117,793,3836,-3043
111001120,99,533,-434
111001121,630,131,499
111001122,463,189,274
111001123,477,316,161
111001124,250,147,103
111001125,21,930,-909
111001126,13,2,11
111001127,0,38,-38
111001128,1775,523,1252
111900001,1,44,-43
111900002,1,152,-151
111900003,0,111,-111
111900004,9,72,-63
111900006,28,220,-192
111900007,628,24,604
111900008,952,7,945
111900009,554,15,539
111900010,48,364,-316
111900012,20,78,-58
111900013,97,20,77
111900014,1857,11313,-9456
111900015,0,28,-28
111900016,0,50,-50
111900017,0,18,-18
111900018,237,9,228
111900019,1,188,-187
111900020,1,49,-48
111900021,16,17,-1
111900022,21,48,-27
111900023,120,67,53
111900024,104,175,-71
111900025,1,184,-183
111900026,0,15,-15
111900027,3,92,-89
111900028,68,57,11
111900029,51,13,38
111900030,29,370,-341
111900032,0,67,-67
111900033,83,35,48
111900034,39,309,-270
111900035,106,742,-636
111900036,0,51,-51
111900038,109,241,-132
111900039,37,269,-232
111900040,0,90,-90
111900042,39,73,-34
111900043,1,109,-108
111900044,98,204,-106
111900046,4,87,-83
111900048,746,102,644
111900049,13,143,-130
111900050,252,15,237
111900051,0,42,-42
111900052,131,195,-64
111900053,756,3986,-3230
111900054,402,4,398
111900055,3,123,-120
111900056,167,612,-445
111900057,414,50,364
111900058,1214,292,922
111900059,1498,882,616
111900060,432,5,427
111900061,0,63,-63
111900062,98,115,-17
111900063,429,130,299
111900064,35,101,-66
111900065,444,59,385
111900066,167,253,-86
111900067,5,282,-277
111900068,63,200,-137
111900069,184,39,145
111900070,326,68,258
111900071,1,106,-105
111900072,139,182,-43
111900073,2601,468,2133
111900074,7,254,-247
111900075,137,31,106
111900076,719,228,491
111900077,53,11,42
111900078,831,78,753
111900079,59,80,-21
111900080,139,205,-66
111900082,356,56,300
111900083,503,108,395
111900084,237,7,230
111900085,145,108,37
111900086,161,12,149
111900087,193,1,192
111900088,1705,89,1616
111900089,242,8,234
111900090,93,123,-30
111900091,1641,18,1623
111900092,262,0,262
111900093,1238,28,1210
111900094,352,4,348
111900095,957,100,857
111900096,622,4,618
111900097,205,1,204
111900098,774,11,763
111900099,166,0,166
111900100,186,12,174
111900101,380,11,369
111900102,1574,577,997
111900103,77,324,-247
111900104,141,150,-9
111900105,82,238,-156
111900106,293,30,263
111900110,1865,354,1511
111900111,473,53,420
111900112,432,9671,-9239
111900113,298,101,197
111900118,1090,90,1000
111900119,484,125,359
111900122,83,85,-2
111900123,7,26,-19
111900124,38,15,23
111900125,1082,97,985
111900126,1004,3,1001
111900127,0,296,-296
111900128,78,249,-171
111900129,352,6,346
111900130,198,46,152
111900131,1146,3,1143
111900132,35,450,-415
111900133,41,236,-195
111900134,2,128,-126
111900135,8,34,-26
111900136,84,139,-55
111900137,85,30,55
111900138,16,45,-29
111900139,18,39,-21
111900140,291,29,262
111900141,144,9,135
111900142,210,24,186
111900143,98,57,41
111900144,0,45,-45
111900145,1,91,-90
111900146,0,59,-59
111900147,20,446,-426
111900148,25,384,-359
111900149,17,192,-175
111900150,22,57,-35
111900151,18,85,-67
111900152,154,89,65
111900153,545,828,-283
111900154,26,1328,-1302
111900155,94,410,-316
111900156,107,116,-9
111900157,313,16,297
111900158,1383,128,1255
111900159,1202,95,1107
111900160,636,3,633
111900161,895,3,892
111900162,249,819,-570
111900163,18,162,-144
111900164,249,35,214
111901113,1397,105,1292
111901114,557,872,-315
111901115,565,1,564
111901116,152,8,144
111901117,24,180,-156
111901118,14,1057,-1043
111901119,274,42,232
111901121,10,68,-58
111901122,0,123,-123
111901123,919,45,874
111901124,687,10,677
111901125,1683,265,1418
111901127,1055,1919,-864
111901128,7,108,-101
111901129,5,281,-276
111901130,7,94,-87
111901131,2,390,-388
111901132,386,88,298
111901133,272,5,267
111901134,339,10,329
111901135,81,12,69
111901138,12,33,-21
111901139,4,23,-19
111901140,1,50,-49
111901141,4,115,-111
111901142,3,50,-47
111901143,6,109,-103
111901144,51,64,-13
111901145,34,1119,-1085
111901146,47,8,39
111901147,408,1697,-1289
111901148,14,131,-117
111901149,66,1,65
111901150,265,0,265
111901151,505,8,497
111901152,5,34,-29
112000001,3423,1176,2247
112000002,1296,2438,-1142
112000003,5276,1643,3633
112000004,1718,346,1372
112000005,5842,7097,-1255
112000006,808,610,198
112000007,6844,4993,1851
112000008,5854,6054,-200
112000009,4121,1576,2545
112000010,7194,6988,206
112000011,2007,1185,822
112000012,4844,6640,-1796
112000013,2063,3161,-1098
112000014,1253,5438,-4185
112000015,1249,4148,-2899
112000016,3041,6365,-3324
112000017,513,6648,-6135
112000024,774,246,528
112000026,1896,1517,379
112000027,812,1277,-465
112000028,777,1097,-320
112000029,683,824,-141
112000030,300,25,275
112000031,1933,4656,-2723
112000032,146,4,142
112000033,1675,5662,-3987
112000034,65,33,32
112000035,34,1440,-1406
112000036,209,2376,-2167
112000037,849,991,-142
112000038,1170,1889,-719
112000039,132,71,61
112000040,77,179,-102
112000041,517,343,174
112000042,1634,223,1411
112000050,1845,1545,300
112000051,1726,5010,-3284
112000054,1671,1885,-214
112000057,882,183,699
112000058,216,293,-77
112000059,866,569,297
112000061,3619,739,2880
112000062,631,1845,-1214
112000063,217,4243,-4026
112000064,3547,3127,420
112000065,1339,2336,-997
112000066,3650,1527,2123
112000067,635,825,-190
112000068,3704,3174,530
112000069,687,3272,-2585
112000070,1384,1573,-189
112000071,1353,2145,-792
112000072,3414,1132,2282
112000073,1201,4896,-3695
112000074,1154,3130,-1976
112000075,1579,2537,-958
112000076,4116,3526,590
112000077,1720,460,1260
112000078,3577,820,2757
112000079,3062,1603,1459
112000080,1118,728,390
112000081,1295,1792,-497
112000082,2008,503,1505
112000083,987,1191,-204
112000084,1242,697,545
112000085,2338,1050,1288
112000086,2722,965,1757
112000087,1296,262,1034
112000088,1471,305,1166
112000089,458,349,109
112000090,310,255,55
112000091,906,379,527
112000092,3309,990,2319
112000093,2053,440,1613
112000094,967,936,31
112000095,1311,390,921
112000096,999,719,280
112000097,3950,755,3195
112000098,466,524,-58
112000099,749,3455,-2706
112000100,3411,851,2560
112000101,721,373,348
112000102,2759,564,2195
112000103,529,405,124
112000105,811,542,269
112000106,5659,502,5157
112000107,449,202,247
112000108,1662,820,842
112000109,844,141,703
112000110,3521,872,2649
112000111,581,2648,-2067
112000112,2611,611,2000
112000113,1204,1326,-122
112000114,3366,1043,2323
112000115,780,504,276
112000116,781,1169,-388
112000117,2210,880,1330
112000118,977,936,41
112000119,624,634,-10
112000120,44,206,-162
112000121,588,236,352
112000122,943,150,793
112000123,1288,216,1072
112000124,1077,280,797
112000125,658,684,-26
112000126,1400,194,1206
112000127,3505,3086,419
112000128,717,562,155
112000129,301,106,195
112000130,578,148,430
112000131,59,157,-98
112000132,330,214,116
112000133,627,91,536
112000134,1081,333,748
112000135,1960,1265,695
112000136,1110,2828,-1718
112000137,2220,5500,-3280
112000138,1821,2781,-960
112000139,554,1663,-1109
112000140,334,877,-543
112000141,1462,925,537
112000142,285,331,-46
112000143,2360,248,2112
112000144,421,584,-163
112000145,4449,424,4025
112000146,985,992,-7
112000147,4028,1639,2389
112000148,1133,1392,-259
112000149,811,1008,-197
112000150,1107,408,699
112000151,707,164,543
112000152,1443,267,1176
112000153,681,145,536
112000154,268,657,-389
112000155,226,220,6
112000157,493,1648,-1155
112000158,486,282,204
112000159,1822,393,1429
112000167,576,221,355
112000169,344,2307,-1963
112000173,1823,221,1602
112000175,744,379,365
112000176,963,1133,-170
112000177,1363,475,888
112000178,105,241,-136
112000179,658,66,592
112000180,596,319,277
112000181,1348,735,613
112000182,2956,408,2548
112000183,28,17,11
112000184,750,294,456
112000185,2057,245,1812
112000187,6800,3790,3010
112000195,382,8,374
112000196,79,1,78
112000197,103,134,-31
112000198,31,276,-245
112000199,749,570,179
112000202,1175,17,1158
112000216,50,166,-116
112000230,404,0,404
112000231,3,161,-158
112000256,97,934,-837
112000313,41,59,-18
112000314,54,104,-50
112000337,365,1735,-1370
112000352,165,691,-526
112000392,4101,770,3331
112000398,3688,924,2764
112000399,1873,13607,-11734
112000400,1307,963,344
112000401,1709,1395,314
112000402,6026,6503,-477
112000403,1991,13528,-11537
112000404,2825,1929,896
112000405,5496,4415,1081
112000406,3302,1265,2037
112000407,15284,9447,5837
112000408,5068,2223,2845
112000409,2862,2101,761
112000410,238,324,-86
112000411,2412,1963,449
112000412,555,231,324
112000413,4361,6304,-1943
112000414,291,44,247
112000415,242,36,206
112000416,6787,1374,5413
112000417,463,176,287
112000421,112,77,35
112000422,387,322,65
112000424,1500,4792,-3292
112000425,503,441,62
112000426,614,403,211
112000427,0,7,-7
112000428,521,182,339
112000429,3223,3228,-5
112000430,4160,6722,-2562
112000431,201,395,-194
112000432,931,800,131
112000433,453,583,-130
112000437,105,87,18
112900001,77,4,73
112900002,1171,222,949
112900003,86,82,4
112900004,110,188,-78
112900005,507,108,399
112900007,29,28,1
112900008,0,195,-195
112900009,483,441,42
112900010,759,229,530
112900011,43,317,-274
112900012,1,8,-7
112900013,6,1114,-1108
112900014,8,81,-73
112900015,70,426,-356
112900016,2,368,-366
112900017,244,142,102
112900018,884,164,720
112900019,26,143,-117
112900020,456,589,-133
112900021,1,196,-195
112900022,99,29,70
112900023,10,15,-5
112900024,8,74,-66
112900025,611,175,436
112900026,2,28,-26
112900027,28,310,-282
112900028,119,94,25
112900029,25,92,-67
112900030,33,42,-9
112900031,9,1056,-1047
112900032,316,293,23
112900034,0,10,-10
112900035,8,177,-169
112900036,13,157,-144
112900037,681,423,258
112900038,1006,76,930
112900039,12,98,-86
112900040,5,867,-862
112900041,880,948,-68
112900042,102,178,-76
112900043,46,55,-9
112900044,212,147,65
112900045,758,147,611
112900046,155,47,108
112900047,11,32,-21
112900049,616,41,575
112900050,29,268,-239
112900051,156,267,-111
112900052,14,298,-284
112900053,138,302,-164
112900054,220,80,140
112900055,55,35,20
112900056,396,244,152
112900057,106,240,-134
112900058,245,1125,-880
112900059,170,1277,-1107
112900060,28,45,-17
112900061,127,241,-114
112900062,146,41,105
112900063,22,15,7
112900064,122,88,34
112900065,27,14,13
112900066,197,568,-371
112900067,426,78,348
112900068,31,182,-151
112900069,2630,1924,706
112900071,96,8,88
112900072,176,8928,-8752
112900073,420,293,127
112900074,198,637,-439
112900075,1076,2596,-1520
112900076,66,27,39
112900078,243,1120,-877
112900079,354,73,281
112900080,405,8,397
112900081,52,799,-747
112900082,489,33,456
112900083,406,381,25
112900084,507,402,105
112900086,319,1,318
112900087,2810,245,2565
112900088,535,20,515
112900089,787,35,752
112900090,111,134,-23
112900091,717,14,703
112900092,61,1841,-1780
112900093,1355,46,1309
112900095,178,1,177
112900096,1266,444,822
112900097,130,194,-64
112900098,177,5,172
112900099,1763,17,1746
112900100,187,16,171
112900101,666,9,657
112900102,86,117,-31
112900103,424,7,417
112900104,1660,21,1639
112900105,25,0,25
112900106,970,175,795
112900107,4,2,2
112900108,1,2,-1
112900109,439,2,437
112900110,2544,35,2509
112900111,1497,2,1495
112900112,680,1,679
112900113,0,10,-10
112900114,788,14,774
112900115,3201,6,3195
112900116,181,6,175
112900117,92,29,63
112900118,9,53,-44
112900119,748,18,730
112900120,563,244,319
112900121,51,46,5
112900122,6,79,-73
112900123,821,33,788
112900124,2,33,-31
112900125,29,241,-212
112900126,131,69,62
112900127,703,37,666
112900128,64,441,-377
112900129,1,594,-593
112900130,412,317,95
112900131,6,329,-323
112900132,319,398,-79
112900133,19,929,-910
112900134,1,456,-455
112900135,204,161,43
112900137,135,396,-261
112900138,13,81,-68
112900139,33,482,-449
112900141,1011,38,973
112900142,50,638,-588
112900143,6,271,-265
112900144,3,447,-444
112900145,9,291,-282
112900146,9,583,-574
112900147,0,485,-485
112900148,40,2,38
112900149,155,373,-218
112900151,4,29,-25
112900152,2580,238,2342
112900153,209,9321,-9112
112900154,0,29,-29
112900155,220,3,217
112900156,1637,436,1201
112900157,691,29,662
112900158,105,2,103
112900159,116,569,-453
112900160,46,203,-157
112900161,258,70,188
112900162,20,26,-6
112900163,36,103,-67
112900164,81,329,-248
112900165,73,77,-4
112900166,16,177,-161
112900167,3,713,-710
112900168,3,8,-5
112900169,8,28,-20
112900170,178,79,99
112900172,36,34,2
112900173,89,107,-18
112900174,740,38,702
112900175,265,375,-110
112900176,29,42,-13
112900177,327,127,200
112900178,704,5334,-4630
112900179,44,223,-179
112900180,2579,1048,1531
112900181,2024,30,1994
112900182,73,276,-203
112900183,85,162,-77
112900184,429,358,71
112900185,95,521,-426
112900186,900,852,48
112900187,60,378,-318
112900188,822,2909,-2087
112900189,28,20,8
112900190,19,159,-140
112900192,482,552,-70
112900193,643,281,362
112900194,89,3,86
112900195,537,87,450
112900196,642,388,254
112900197,100,388,-288
112900199,623,48,575
112900200,772,51,721
112900201,214,244,-30
112900202,785,425,360
112900203,516,57,459
112900204,780,392,388
112900205,36,3,33
112900206,46,18,28
112900207,94,0,94
112900208,53,1476,-1423
112900209,110,238,-128
112900210,0,6,-6
112900211,109,1,108
112900212,1,15,-14
112900213,73,2,71
112900214,13,21,-8
112900215,9,39,-30
112900216,69,24,45
112900217,0,58,-58
112900218,227,1,226
112900219,277,6,271
112900220,1,0,1
112900221,14,58,-44
112900222,1,137,-136
112900223,1021,35,986
112900224,1158,165,993
112900225,940,157,783
112900226,115,354,-239
112900227,745,100,645
112900228,223,24,199
112900229,673,3,670
112900230,9731,2435,7296
112900232,568,260,308
112900233,115,169,-54
112900234,40,2,38
112900235,21,4,17
112900236,1406,6,1400
112900237,794,208,586
112900238,10,3,7
112900239,573,995,-422
112900240,8,52,-44
112900241,50,146,-96
112900242,15,92,-77
112900243,12,50,-38
112900244,17,72,-55
112900245,4,130,-126
112900246,0,42,-42
112900247,90,281,-191
112900248,4,0,4
112900249,79,6,73
112900250,245,9,236
112900251,442,25,417
112900252,325,11,314
112900253,212,4,208
112900254,74,20,54
112900255,25,25,0
112900256,9,38,-29
112900257,20,15,5
112900258,141,5,136
113000001,7583,5711,1872
113000002,9575,4903,4672
113000003,4218,2479,1739
113000004,4495,2259,2236
113000005,3884,2242,1642
113000006,2273,2186,87
113000007,3917,2171,1746
113000008,3540,2368,1172
113000009,2579,1032,1547
113000010,3176,1487,1689
113000011,2508,1354,1154
113000012,1613,834,779
113000013,650,679,-29
113000014,1325,1700,-375
113000015,99,173,-74
113000016,329,576,-247
113000017,55,784,-729
113000018,546,58,488
113000019,74,553,-479
113000020,393,84,309
113000021,2336,1362,974
113000022,1225,6501,-5276
113000025,257,552,-295
113000026,1001,1058,-57
113000027,1068,1834,-766
113000028,421,2927,-2506
113000029,952,1098,-146
113000030,198,573,-375
113000031,264,316,-52
113000032,202,384,-182
113000033,345,397,-52
113000034,280,161,119
113000035,29,66,-37
113000036,6,87,-81
113000037,43,39,4
113000038,11,54,-43
113000039,46,307,-261
113000040,77,130,-53
113000042,1237,689,548
113000051,3487,4111,-624
113000052,3802,531,3271
113000053,1242,593,649
113000054,1408,1527,-119
113000055,3789,578,3211
113000056,3343,1277,2066
113000058,607,1324,-717
113000059,968,316,652
113000060,925,936,-11
113000061,1210,1263,-53
113000062,774,494,280
113000063,600,34,566
113000064,268,178,90
113000065,281,486,-205
113000066,1512,195,1317
113000067,4408,848,3560
113000068,830,430,400
113000069,946,505,441
113000070,3283,1213,2070
113000071,1096,421,675
113000072,1342,467,875
113000073,684,1702,-1018
113000074,1147,517,630
113000075,2328,948,1380
113000076,627,5000,-4373
113000077,701,1038,-337
113000078,503,1760,-1257
113000079,412,1396,-984
113000080,593,1289,-696
113000081,1091,1156,-65
113000082,1092,763,329
113000083,786,1301,-515
113000084,2520,1014,1506
113000085,1156,1059,97
113000086,1094,2381,-1287
113000087,1248,2183,-935
113000088,2511,2163,348
113000089,1028,1965,-937
113000090,118,1078,-960
113000091,325,629,-304
113000094,2255,648,1607
113000095,438,1000,-562
113000096,258,1504,-1246
113000097,1663,586,1077
113000098,84,76,8
113000099,1357,561,796
113000100,226,828,-602
113000101,227,1045,-818
113000102,1036,765,271
113000103,6923,510,6413
113000104,1039,4880,-3841
113000105,1574,690,884
113000106,1103,413,690
113000107,1821,1536,285
113000108,1821,1329,492
113000109,907,1719,-812
113000110,11563,1324,10239
113000111,730,456,274
113000112,1507,490,1017
113000113,3763,425,3338
113000114,327,1022,-695
113000116,686,451,235
113000117,982,188,794
113000118,48,1151,-1103
113000119,488,430,58
113000120,37,539,-502
113000121,384,1243,-859
113000124,813,315,498
113000125,27,2310,-2283
113000127,1840,224,1616
113000128,2406,246,2160
113000129,381,819,-438
113000133,4519,624,3895
113000134,5,2295,-2290
113000135,6672,5808,864
113000137,867,2958,-2091
113000139,326,171,155
113000140,71,150,-79
113000141,85,125,-40
113000142,193,496,-303
113000143,302,164,138
113000144,286,272,14
113000145,144,192,-48
113000146,113,59,54
113000147,229,61,168
113000148,363,138,225
113000149,249,205,44
113000150,487,388,99
113000151,36,20,16
113000152,77,255,-178
113000153,1087,210,877
113000154,526,2686,-2160
113000155,529,831,-302
113000156,267,250,17
113000157,453,301,152
113000158,665,123,542
113000159,1091,229,862
113000160,814,255,559
113000161,574,179,395
113000162,1094,107,987
113000163,235,30,205
113000164,98,58,40
113000166,498,102,396
113000167,186,44,142
113000168,371,64,307
113000169,454,54,400
113000170,94,104,-10
113000171,65,120,-55
113000172,519,28,491
113000173,135,47,88
113000174,416,152,264
113000175,980,130,850
113000176,1022,93,929
113000177,397,104,293
113000178,164,293,-129
113000179,572,90,482
113000180,874,2446,-1572
113000181,1695,1173,522
113000182,140,1063,-923
113000183,345,1076,-731
113000184,66,108,-42
113000189,312,756,-444
113000190,304,228,76
113000192,447,7665,-7218
113000193,1401,5198,-3797
113000194,1381,7301,-5920
113000195,1375,5816,-4441
113000196,636,175,461
113000197,1152,5307,-4155
113000198,220,676,-456
113000199,2846,495,2351
113000201,992,977,15
113000202,22174,2235,19939
113000203,71,1129,-1058
113000204,405,9710,-9305
113000205,25,8,17
113000206,7,69,-62
113000207,59,40,19
113000208,46,162,-116
113000209,9,17,-8
113000210,4,30,-26
113000211,112,370,-258
113000212,46,33,13
113000213,16,115,-99
113000214,295,620,-325
113000234,454,601,-147
113000410,33,171,-138
113000411,1545,2072,-527
113000412,8986,1421,7565
113000413,1899,3243,-1344
113000414,5140,15651,-10511
113000415,2370,1320,1050
113000416,2155,2095,60
113000417,1135,1507,-372
113000418,7820,4785,3035
113000419,2263,2078,185
113000420,3176,5747,-2571
113000421,7013,7663,-650
113000422,10319,11062,-743
113000423,1049,6005,-4956
113000424,2394,14551,-12157
113000425,10,135,-125
113000428,16,46,-30
113000430,0,177,-177
113000432,4545,296,4249
113000433,127,1205,-1078
113000434,48,113,-65
113000435,37,186,-149
113000436,18,974,-956
113000437,2808,99,2709
113000438,709,66,643
113000439,60,70,-10
113000440,309,55,254
113000441,239,341,-102
113000442,622,59,563
113000443,484,173,311
113000444,961,55,906
113000445,127,141,-14
113000446,123,259,-136
113000448,1438,656,782
113000449,391,1751,-1360
113000450,2640,5980,-3340
113000451,6126,1015,5111
113000452,128,1099,-971
113000453,47,1359,-1312
113000454,559,583,-24
113000455,34,3439,-3405
113000456,1907,1880,27
113000468,985,106,879
113000469,43,132,-89
113000470,1016,11,1005
113000471,31,633,-602
113000472,93,381,-288
113000474,2622,1017,1605
113000475,2155,1304,851
113000476,5542,2912,2630
113000477,7764,2839,4925
113000478,3478,3561,-83
113000479,372,218,154
113000484,0,0,0
113000485,0,0,0
113000486,0,0,0
113000487,0,0,0
113000488,0,0,0
113000489,0,0,0
113000490,0,0,0
113000491,0,0,0
113000492,0,0,0
113000493,0,0,0
113000495,618,159,459
113000496,313,146,167
113000497,0,0,0
113000499,0,0,0
113900001,51,5328,-5277
113900002,19,273,-254
113900003,3,501,-498
113900004,0,566,-566
113900005,7,1021,-1014
113900006,1,237,-236
113900007,0,0,0
113900008,0,0,0
113900009,0,0,0
113900010,0,0,0
113900011,0,0,0
113900012,245,8,237
113900013,141,16,125
113900014,1391,16,1375
113900015,10,24,-14
113900016,23,0,23
113900017,0,28,-28
113900018,101,243,-142
113900019,364,29,335
113900020,225,10,215
113900022,152,2,150
113900023,71,0,71
113900024,189,19,170
113900025,550,19,531
113900026,39,0,39
113900027,23,78,-55
113900028,38,173,-135
113900029,248,64,184
113900030,776,15,761
113900031,69,5,64
113900032,42,1,41
113900033,140,42,98
113900035,94,0,94
113900036,89,119,-30
113900037,367,332,35
113900038,35,195,-160
113900039,371,14,357
113900040,17,30,-13
113900041,28,2,26
113900042,241,30,211
113900043,340,57,283
113900044,58,205,-147
113900045,119,10,109
113900046,149,1310,-1161
113900047,361,39,322
113900048,207,176,31
113900049,157,530,-373
113900050,444,458,-14
113900051,281,94,187
113900052,80,116,-36
113900053,532,1018,-486
113900054,21,5,16
113900055,142,535,-393
113900056,193,35,158
113900057,4,38,-34
113900058,193,49,144
113900059,428,240,188
113900060,71,369,-298
113900061,671,78,593
113900062,200,15,185
113900063,264,22,242
113900064,9,22,-13
113900065,967,16,951
113900066,1250,188,1062
113900067,552,565,-13
113900068,444,1364,-920
113900069,16,22,-6
113900070,111,169,-58
113900071,241,17,224
113900072,52,45,7
113900073,1004,464,540
113900074,394,1170,-776
113900075,1316,4160,-2844
113900076,106,92,14
113900077,46,60,-14
113900078,83,4,79
113900079,1,6,-5
113900080,659,236,423
113900081,175,57,118
113900082,262,321,-59
113900083,619,113,506
113900084,320,122,198
113900085,27,145,-118
113900086,203,44,159
113900087,106,80,26
113900088,219,227,-8
113900089,571,40,531
113900090,635,296,339
113900091,2,20,-18
113900092,36,119,-83
113900093,44,2356,-2312
113900094,932,258,674
113900095,152,278,-126
113900096,335,96,239
113900097,33,312,-279
113900098,1043,276,767
113900099,1,25,-24
113900100,0,2,-2
113900101,24,156,-132
113900102,112,176,-64
113900103,188,496,-308
113900104,184,392,-208
113900105,612,44,568
113900106,0,19,-19
113900107,0,2,-2
113900108,70,440,-370
113900109,251,359,-108
113900110,19,25,-6
113900111,316,78,238
113900112,296,32,264
113900113,1486,530,956
113900114,1,7,-6
113900115,1,7,-6
113900116,30,302,-272
113900117,56,50,6
113900118,116,1182,-1066
113900119,87,335,-248
113900120,118,45,73
113900121,181,66,115
113900122,590,5640,-5050
113900123,702,137,565
113900124,0,150,-150
113900125,1596,185,1411
113900126,70,55,15
113900127,370,828,-458
113900128,512,98,414
113900129,12,210,-198
113900130,0,120,-120
113900131,409,39,370
113900132,49,85,-36
113900133,19,36,-17
113900135,542,623,-81
113900136,66,33,33
113900137,281,320,-39
113900138,10,154,-144
113900139,528,425,103
113900140,13,184,-171
113900141,1100,245,855
113900142,184,53,131
113900143,20,89,-69
113900144,75,480,-405
113900145,426,284,142
113900146,388,134,254
113900148,35,302,-267
113900149,212,381,-169
113900150,341,159,182
113900151,530,244,286
113900152,27,81,-54
113900153,45,302,-257
113900154,1,66,-65
113900155,41,226,-185
113900156,446,198,248
113900157,37,569,-532
113900158,70,241,-171
113900159,8,123,-115
113900160,584,371,213
113900161,175,298,-123
113900162,91,432,-341
113900163,152,101,51
113900164,600,51,549
113900165,590,483,107
113900166,36,45,-9
113900167,503,16,487
113900168,52,48,4
113900169,318,248,70
113900171,277,35,242
113900172,7,118,-111
113900173,20,200,-180
113900174,694,451,243
113900175,286,89,197
113900176,378,349,29
113900177,219,218,1
113900178,284,191,93
113900179,12,200,-188
113900180,199,112,87
113900181,1348,189,1159
113900182,645,462,183
113900183,105,59,46
113900184,16,381,-365
113900185,91,53,38
113900186,62,12,50
113900187,19,73,-54
113900188,9,79,-70
113900189,436,222,214
113900190,163,84,79
113900191,44,97,-53
113900192,2170,3386,-1216
113900193,19,120,-101
113900194,1371,378,993
113900195,358,269,89
113900196,6,250,-244
113900197,1,46,-45
113900198,11,1056,-1045
113900199,37,271,-234
113900200,8,72,-64
113900201,7,67,-60
113900202,46,36,10
113900203,25,26,-1
113900204,16,273,-257
113900205,0,30,-30
113900206,5,57,-52
113900207,0,41,-41
113900208,0,8,-8
113900209,0,8,-8
113900210,1270,768,502
113900211,191,60,131
113900212,547,309,238
113900214,241,412,-171
113900215,72,95,-23
113900216,231,307,-76
113900217,209,62,147
113900218,100,114,-14
113900219,208,828,-620
113900220,93,255,-162
113900221,180,690,-510
113900222,1745,1395,350
113900223,447,272,175
113900224,42,46,-4
113900225,1219,112,1107
113900226,495,139,356
113900227,241,349,-108
113900228,174,638,-464
113900229,54,1669,-1615
113900230,1778,3992,-2214
113900231,131,82,49
113900232,189,25,164
113900233,168,146,22
113900234,568,589,-21
113900235,164,38,126
113900236,377,49,328
113900237,317,45,272
113900238,177,809,-632
113900239,74,181,-107
113900240,0,218,-218
113900241,19,125,-106
113900242,120,328,-208
113900243,7,134,-127
113900244,100,80,20
113900245,584,470,114
113900246,46,16,30
113900247,71,649,-578
113900248,2569,2516,53
113900249,381,783,-402
113900250,59,1111,-1052
113900251,1708,66,1642
113900252,1512,30,1482
113900253,1115,57,1058
113900254,684,206,478
113900255,1543,19,1524
113900256,632,31,601
113900257,25,348,-323
113900258,34,200,-166
113900259,1255,59,1196
113900260,464,2,462
113900261,85,91,-6
113900262,257,217,40
113900263,11,192,-181
113900264,0,268,-268
113900265,95,489,-394
113900266,38,102,-64
113900267,39,866,-827
113900268,253,444,-191
113900269,239,171,68
113900270,266,427,-161
113900271,687,460,227
113900273,5,15,-10
113900274,61,71,-10
113900275,11,419,-408
113900276,27,131,-104
113900277,475,4,471
113900278,132,201,-69
113900279,79,34,45
113900280,1088,539,549
113900281,124,1060,-936
113900282,194,261,-67
113900283,493,754,-261
113900284,1666,215,1451
113900285,120,15,105
113900286,18,22,-4
113900287,220,5,215
113900288,1,180,-179
113900289,321,252,69
113900290,677,1074,-397
113900291,123,54,69
113900292,5,7,-2
113900293,4,393,-389
113900294,1424,18,1406
113900295,443,295,148
113900296,967,151,816
113900297,2742,61,2681
113900298,37,2185,-2148
113900299,181,15,166
113900300,2937,2886,51
113900301,495,1418,-923
113900302,1319,1089,230
113900303,175,2019,-1844
113900304,0,134,-134
113900305,299,1,298
113900306,180,3,177
113900307,3,0,3
113900308,25,53,-28
113900309,2,269,-267
113900310,0,19,-19
113900311,39,1,38
113900312,128,299,-171
113900313,6,0,6
113900314,12,16,-4
113900315,468,0,468
114000001,1324,1613,-289
114000002,745,230,515
114000003,641,599,42
114000004,929,584,345
114000005,723,268,455
114000006,1557,1611,-54
114000007,1209,1103,106
114000008,2160,1940,220
114000009,1859,429,1430
114000011,3955,2087,1868
114000012,6555,1589,4966
114000013,3043,1243,1800
114000014,1124,332,792
114000015,3136,156,2980
114000016,573,43,530
114000017,92,1430,-1338
114000018,108,74,34
114000026,3913,1560,2353
114000027,4679,3699,980
114000028,2892,5688,-2796
114000038,516,152,364
114000039,140,91,49
114000040,170,605,-435
114000042,228,275,-47
114000043,271,279,-8
114000044,675,83,592
114000045,33,37,-4
114000046,1796,4774,-2978
114000047,15,217,-202
114000048,166,153,13
114000049,2369,1768,601
114000050,2402,2095,307
114000051,4375,2754,1621
114000052,4308,3509,799
114000053,38,997,-959
114000054,213,939,-726
114000055,578,39,539
114000056,188,976,-788
114000057,4085,1711,2374
114000058,28,1355,-1327
114000059,36,1662,-1626
114000060,607,1319,-712
114000061,2915,4191,-1276
114000062,334,1350,-1016
114000063,1076,1294,-218
114000064,1787,6243,-4456
114000065,1043,2050,-1007
114000066,833,1276,-443
114000067,20,1736,-1716
114000068,480,1170,-690
114000069,1150,662,488
114000070,3280,1704,1576
114000071,1210,987,223
114000072,1040,232,808
114000073,3,11,-8
114000074,103,11,92
114000075,70,46,24
114000076,41,36,5
114000077,0,22,-22
114000078,580,396,184
114000079,477,70,407
114000080,74,105,-31
114000081,100,160,-60
114000082,81,390,-309
114000083,147,37,110
114000084,290,157,133
114000085,89,266,-177
114000086,318,230,88
114000087,317,35,282
114000088,39,38,1
114000089,490,161,329
114000090,1021,1845,-824
114000091,944,1225,-281
114000092,475,557,-82
114000093,1693,658,1035
114000094,746,530,216
114000095,390,264,126
114000096,59,384,-325
114000097,151,187,-36
114000098,718,171,547
114000099,1593,146,1447
114000100,2066,441,1625
114000101,766,216,550
114000102,1042,318,724
114000103,146,150,-4
114000104,34,165,-131
114000105,310,159,151
114000106,730,3374,-2644
114000107,728,186,542
114000108,1540,694,846
114000109,1274,7404,-6130
114000110,620,934,-314
114000111,3460,2230,1230
114000112,407,1246,-839
114000113,3484,441,3043
114000114,378,1053,-675
114000115,4580,684,3896
114000116,1255,7952,-6697
114000117,6780,986,5794
114000118,6752,419,6333
114000119,5464,549,4915
114000120,875,859,16
114000121,841,656,185
114000122,801,560,241
114000123,3779,709,3070
114000124,2541,657,1884
114000125,1573,1620,-47
114000126,3201,315,2886
114000127,325,142,183
114000128,1493,264,1229
114000130,964,718,246
114000131,704,135,569
114000132,818,326,492
114000133,561,1097,-536
114000134,129,46,83
114000138,61,98,-37
114000139,488,749,-261
114000144,798,745,53
114000145,87,21,66
114000146,141,37,104
114000147,1487,3131,-1644
114000148,951,3058,-2107
114000149,352,506,-154
114000150,540,1267,-727
114000151,1328,5066,-3738
114000152,114,33,81
114000153,891,4288,-3397
114000154,676,1222,-546
114000155,1045,5727,-4682
114000156,963,1437,-474
114000157,519,2784,-2265
114000158,1640,734,906
114000159,160,502,-342
114000160,99,1100,-1001
114000161,1129,2372,-1243
114000162,1712,2861,-1149
114000163,19,35,-16
114000165,647,674,-27
114000166,442,711,-269
114000167,3027,1308,1719
114000168,471,142,329
114000169,1336,1129,207
114000170,1210,1277,-67
114000171,1970,22398,-20428
114000174,280,290,-10
114000176,374,780,-406
114000177,704,321,383
114000178,93,56,37
114000179,1026,1730,-704
114000180,334,307,27
114000181,1452,12047,-10595
114000182,1127,2897,-1770
114000183,1179,774,405
114000184,3432,605,2827
114000185,1488,968,520
114000189,2561,190,2371
114000190,5488,470,5018
114000191,133,610,-477
114000192,190,782,-592
114000193,215,958,-743
114000194,2488,960,1528
114000195,338,333,5
114000196,1,154,-153
114000197,3456,77,3379
114000198,730,489,241
114000199,1581,1477,104
114000200,1096,1308,-212
114000201,361,1117,-756
114000202,1230,827,403
114000203,1230,994,236
114000204,147,801,-654
114000205,426,1669,-1243
114000206,911,2193,-1282
114000207,662,1600,-938
114000208,614,1458,-844
114000209,614,1674,-1060
114000210,313,859,-546
114000211,1900,1611,289
114000212,777,1530,-753
114000213,2206,414,1792
114000214,90,141,-51
114000215,176,130,46
114000216,2940,377,2563
114000217,529,168,361
114000218,677,166,511
114000219,2715,202,2513
114000220,64,949,-885
114000221,1941,232,1709
114000222,169,795,-626
114000223,1172,115,1057
114000224,54,398,-344
114000225,615,321,294
114000226,318,243,75
114000227,1170,603,567
114000228,1249,714,535
114000229,2437,1535,902
114000230,2109,1018,1091
114000231,1281,1858,-577
114000232,1717,264,1453
114000233,3884,75,3809
114000234,1878,930,948
114000235,2427,2039,388
114000236,0,554,-554
114000237,230,800,-570
114000238,210,557,-347
114000239,203,1039,-836
114000240,1325,2265,-940
114000241,421,2528,-2107
114000242,940,970,-30
114000243,3874,1322,2552
114000244,1002,528,474
114000245,887,1472,-585
114000246,308,56,252
114000247,688,964,-276
114000248,3035,740,2295
114000249,610,642,-32
114000250,1139,447,692
114000251,501,271,230
114000252,73,19,54
114000253,51,121,-70
114000254,87,92,-5
114000255,747,239,508
114000256,404,2303,-1899
114000257,1195,1317,-122
114000258,870,578,292
114000259,349,1480,-1131
114000260,3,47,-44
114000261,80,36,44
114000262,347,127,220
114000263,34,2,32
114000264,2075,475,1600
114000265,0,2,-2
114000267,3,3607,-3604
114000268,3,808,-805
114000270,675,32,643
114000271,435,136,299
114000283,2676,394,2282
114000285,42,98,-56
114000288,261,522,-261
114000289,3268,205,3063
114000293,381,711,-330
114000294,313,582,-269
114000395,2661,124,2537
114000396,718,656,62
114000402,1744,272,1472
114000403,481,267,214
114000405,395,275,120
114000423,830,140,690
114000424,743,560,183
114000425,1970,182,1788
114000426,332,1246,-914
114000427,112,43,69
114000428,76,116,-40
114000429,15,188,-173
114000432,342,148,194
114000434,42,40,2
114000435,1,48,-47
114900001,1134,252,882
114900002,367,168,199
114900003,1164,327,837
114900004,252,777,-525
114900005,871,278,593
114900006,61,70,-9
114900007,261,26,235
114900008,572,135,437
114900010,1410,3195,-1785
114900011,475,106,369
114900013,365,151,214
114900018,1159,41,1118
114900020,192,96,96
114900022,0,435,-435
114900025,929,188,741
114900026,252,85,167
114900029,267,18,249
114900030,357,231,126
114900031,1196,24,1172
114900032,638,12,626
114900034,48,19,29
114900035,118,446,-328
114900036,413,274,139
114900039,1135,150,985
114900040,214,23,191
114900041,2160,137,2023
114900042,2685,183,2502
114900044,232,63,169
114900047,209,6779,-6570
114900048,29,169,-140
114900049,30,76,-46
114900050,137,146,-9
114900051,15,216,-201
114900052,25,209,-184
114900053,66,226,-160
114900054,23,55,-32
114900057,248,29,219
114900058,0,49,-49
114900059,142,97,45
114900063,125,65,60
114900064,3084,145,2939
114900065,570,1085,-515
114900067,23,420,-397
114900068,27,105,-78
114900069,233,20,213
114900070,908,200,708
114900072,0,189,-189
114900073,5,33,-28
114900074,1554,219,1335
114900075,313,2,311
114900076,3,111,-108
114900080,885,144,741
114900082,2262,3903,-1641
114900083,322,645,-323
114900090,867,227,640
114900091,91,109,-18
114900097,137,2,135
114900098,6,394,-388
114900099,389,18,371
115000001,6044,3484,2560
115000002,6459,8444,-1985
115000003,5430,3169,2261
115000004,6591,10100,-3509
115000005,2904,3737,-833
115000006,2349,3419,-1070
115000007,861,452,409
115000008,714,1887,-1173
115000009,1130,660,470
115000010,389,490,-101
115000013,61,214,-153
115000015,67,514,-447
115000016,30,360,-330
115000019,27,868,-841
115000020,231,1518,-1287
115000021,266,510,-244
115000022,544,131,413
115000023,597,547,50
115000024,699,225,474
115000025,1266,716,550
115000026,239,211,28
115000027,664,251,413
115000028,172,460,-288
115000029,1407,117,1290
115000030,491,683,-192
115000031,899,194,705
115000032,8,259,-251
115000033,348,18,330
115000034,120,1352,-1232
115000035,1070,110,960
115000036,0,371,-371
115000037,766,80,686
115000038,55,246,-191
115000039,3789,6987,-3198
115000040,5672,3664,2008
115000041,3101,7135,-4034
115000042,531,986,-455
115000043,5293,4032,1261
115000044,3661,4118,-457
115000045,4379,1380,2999
115000046,4963,4646,317
115000047,4760,2403,2357
115000048,4914,2390,2524
115000049,2707,4783,-2076
115000050,4869,1455,3414
115000051,2622,7719,-5097
115000052,1671,1105,566
115000053,4116,4088,28
115000054,594,1270,-676
115000055,211,1631,-1420
115000056,145,544,-399
115000057,754,2411,-1657
115000058,67,828,-761
115000059,118,528,-410
115000061,253,453,-200
115000062,515,674,-159
115000063,788,448,340
115000064,438,119,319
115000065,85,574,-489
115000067,631,29,602
115000069,133,346,-213
115000070,33,1404,-1371
115000071,83,40,43
115000072,7,87,-80
115000073,2407,105,2302
115000075,111,73,38
115000076,3073,2496,577
115000077,3219,1571,1648
115000078,2831,1137,1694
115000079,3117,1278,1839
115000080,6322,1413,4909
115000081,322,453,-131
115000082,9504,7101,2403
115000083,3510,975,2535
115000084,4525,1032,3493
115000085,1912,898,1014
115000086,2100,1180,920
115000087,803,2505,-1702
115000088,2014,1097,917
115000089,2209,1425,784
115000090,570,1195,-625
115000091,446,507,-61
115000092,1452,1850,-398
115000093,974,2,972
115000094,5604,12026,-6422
115000095,4887,13396,-8509
115000096,1747,907,840
115000097,3762,2679,1083
115000098,3252,759,2493
115000099,4000,1711,2289
115000100,3086,442,2644
115000101,960,1155,-195
115000102,758,279,479
115000103,515,559,-44
115000105,166,107,59
115000106,1818,866,952
115000107,300,418,-118
115000108,2743,2054,689
115000109,4502,6547,-2045
115000110,1801,2627,-826
115000111,514,940,-426
115000112,821,761,60
115000113,654,555,99
115000114,1119,471,648
115000116,3153,1868,1285
115000117,1881,2789,-908
115000118,2691,2280,411
115000119,1910,2348,-438
115000120,787,1446,-659
115000121,662,781,-119
115000122,754,2221,-1467
115000123,2109,2194,-85
115000124,1362,1777,-415
115000125,569,2530,-1961
115000126,201,763,-562
115000127,525,238,287
115000128,635,1612,-977
115000129,255,1052,-797
115000130,718,708,10
115000131,1197,391,806
115000132,753,641,112
115000133,1513,295,1218
115000134,424,706,-282
115000135,264,252,12
115000136,449,585,-136
115000137,118,429,-311
115000138,589,293,296
115000139,472,358,114
115000140,675,300,375
115000141,447,123,324
115000142,576,108,468
115000143,1482,1467,15
115000144,750,67,683
115000145,434,239,195
115000146,685,1385,-700
115000147,588,951,-363
115000148,572,944,-372
115000149,1203,323,880
115000150,928,602,326
115000151,1857,306,1551
115000152,1346,1811,-465
115000153,2430,626,1804
115000154,1570,300,1270
115000155,965,1992,-1027
115000156,1040,1151,-111
115000157,369,2528,-2159
115000158,255,902,-647
115000159,807,1055,-248
115000160,628,527,101
115000161,209,597,-388
115000162,556,1431,-875
115000163,746,1030,-284
115000164,569,1132,-563
115000165,230,919,-689
115000167,127,433,-306
115000168,539,1256,-717
115000169,266,1671,-1405
115000170,107,369,-262
115000171,356,892,-536
115000172,1086,1044,42
115000173,506,1691,-1185
115000174,103,984,-881
115000175,328,311,17
115000176,59,196,-137
115000177,59,300,-241
115000178,20,241,-221
115000179,9,148,-139
115000180,176,386,-210
115000181,1435,199,1236
115000182,2425,304,2121
115000183,546,702,-156
115000186,1043,146,897
115000187,170,455,-285
115000188,732,571,161
115000189,465,373,92
115000190,1124,792,332
115000191,340,743,-403
115000194,127,156,-29
115000195,243,492,-249
115000196,481,84,397
115000197,533,218,315
115000198,885,197,688
115000199,1024,188,836
115000200,635,272,363
115000201,384,244,140
115000206,680,22,658
115000207,691,358,333
115000208,655,988,-333
115000209,1235,672,563
115000210,235,392,-157
115000211,547,281,266
115000212,1819,347,1472
115000224,280,123,157
115000225,147,48,99
115000229,343,73,270
115000230,209,512,-303
115000231,439,1308,-869
115000232,4894,541,4353
115000233,179,357,-178
115000234,49,627,-578
115000241,189,211,-22
115000242,453,91,362
115000243,499,131,368
115000244,18,565,-547
115000246,114,30,84
115000247,66,22,44
115000248,175,32,143
115000249,25,16,9
115000250,340,44,296
115000251,780,106,674
115000252,299,447,-148
115000253,19,835,-816
115000258,940,82,858
115000259,449,123,326
115000261,43,34,9
115000262,23,83,-60
115000263,12,62,-50
115000264,11,42,-31
115000267,87,107,-20
115000268,49,132,-83
115000269,150,27,123
115000270,37,23,14
115000272,76,70,6
115000273,1049,15,1034
115000280,1538,318,1220
115000281,245,869,-624
115000282,505,1260,-755
115000284,154,435,-281
115000296,545,14,531
115000297,116,487,-371
115000298,45,743,-698
115000300,188,154,34
115000302,1150,156,994
115000303,1848,113,1735
115000304,1730,155,1575
115000305,140,498,-358
115000306,352,297,55
115000307,251,275,-24
115000308,54,10,44
115000310,3428,646,2782
115000311,2039,1249,790
115000313,239,513,-274
115000314,955,375,580
115000315,1804,1735,69
115000316,264,219,45
115000317,276,717,-441
115000318,1122,475,647
115000319,211,237,-26
115000320,52,673,-621
115000321,526,41,485
115000322,117,153,-36
115000449,140,188,-48
115000557,11,3772,-3761
115000558,184,442,-258
115000587,1320,379,941
115000588,3060,4123,-1063
115000589,7520,4667,2853
115000590,1415,2559,-1144
115000591,1899,1755,144
115000592,596,2471,-1875
115000593,2157,1915,242
115000594,343,4018,-3675
115000609,436,430,6
115000617,652,3164,-2512
115000624,549,59,490
115000633,417,1444,-1027
115000634,4730,856,3874
115000635,1069,252,817
115000638,467,354,113
115000641,67,797,-730
115000642,361,271,90
115000643,100,283,-183
115000644,203,269,-66
115000646,755,1449,-694
115000647,232,670,-438
115000648,5356,1048,4308
115000893,3574,1682,1892
115000894,111,941,-830
115000895,355,1959,-1604
115000896,2081,1035,1046
115000897,684,172,512
115000898,627,490,137
115000899,269,2131,-1862
115000900,70,1146,-1076
115000901,91,254,-163
115000912,781,135,646
115000913,0,6,-6
115000915,12,0,12
115000916,1,1,0
115000917,0,25,-25
115000918,74,1059,-985
115000919,1,101,-100
115000920,8,150,-142
115000921,402,254,148
115000922,587,1971,-1384
115000923,82,3782,-3700
115000925,135,189,-54
115000927,94,99,-5
115000933,51,1202,-1151
115000934,96,239,-143
115000935,195,102,93
115000936,126,1836,-1710
115000937,2724,768,1956
115000938,79,530,-451
115000939,32,391,-359
115000940,1,42,-41
115000941,1,84,-83
115000942,11,471,-460
115000943,10,408,-398
115000944,2,10,-8
115900001,503,11,492
115900002,173,90,83
115900003,393,94,299
115900004,1,28,-27
115900005,403,42,361
115900006,179,251,-72
115900008,209,3,206
115900009,50,663,-613
115900010,836,113,723
115900011,572,369,203
115900012,517,11,506
115900013,396,198,198
115900014,230,174,56
115900015,471,40,431
115900016,130,38,92
115900017,53,23,30
115900018,205,37,168
115900019,63,24,39
115900020,197,2,195
115900021,756,507,249
115900022,1245,7,1238
115900023,5,10,-5
115900025,70,291,-221
115900026,766,169,597
115900027,2,253,-251
115900028,176,54,122
115900029,32,182,-150
115900030,56,34,22
115900031,92,293,-201
115900032,417,1108,-691
115900033,0,102,-102
115900034,66,139,-73
115900035,103,8,95
115900036,70,5393,-5323
115900037,51,134,-83
115900038,87,21,66
115900039,324,74,250
115900041,131,1565,-1434
115900042,96,5,91
115900043,215,34,181
115900044,236,833,-597
115900046,1243,131,1112
115900047,67,245,-178
115900049,400,190,210
115900051,6,55,-49
115900052,47,66,-19
115900053,814,59,755
115900054,618,17,601
115900055,34,31,3
115900056,477,101,376
115900057,8,24,-16
115900058,26,34,-8
115900060,87,158,-71
115900061,491,1,490
115900062,51,97,-46
115900063,35,0,35
115900064,416,458,-42
115900065,316,107,209
115900066,52,73,-21
115900067,8,86,-78
115900068,1236,2546,-1310
115900069,52,257,-205
115900070,489,89,400
115900071,20,144,-124
115900072,21,99,-78
115900073,358,225,133
115900074,3,81,-78
115900075,61,259,-198
115900076,64,35,29
115900077,8,42,-34
115900078,62,305,-243
115900079,663,4,659
115900080,175,141,34
115900081,93,19,74
115900082,273,1145,-872
115900084,819,10,809
115900085,64,162,-98
115900086,1557,545,1012
115900088,2,115,-113
115900089,817,226,591
115900090,1149,19,1130
115900091,9,51,-42
115900092,132,62,70
115900093,2,19,-17
115900094,11,52,-41
115900096,13,3,10
115900097,57,83,-26
115900098,770,229,541
115900099,112,547,-435
115900100,35,281,-246
115900101,741,145,596
115900102,252,341,-89
115900103,627,149,478
115900104,181,181,0
115900105,407,261,146
115900106,263,3,260
115900107,104,111,-7
115900108,420,12,408
115900109,26,188,-162
115900110,70,1,69
115900111,1,75,-74
115900112,129,368,-239
115900113,86,75,11
115900114,22,37,-15
115900115,150,77,73
115900116,191,565,-374
115900117,238,34,204
115900118,10,45,-35
115900119,216,75,141
115900120,65,247,-182
115900121,494,144,350
115900124,368,1431,-1063
115900125,1007,106,901
115900126,1471,66,1405
115900127,1574,89,1485
115900128,1,319,-318
115900129,701,41,660
115900130,17,1577,-1560
115900131,607,46,561
115900132,1142,8,1134
115900134,609,19,590
115900135,1533,962,571
115900137,22,2,20
115900139,16,145,-129
115900140,757,63,694
115900141,0,95,-95
115900142,13,104,-91
115900143,493,570,-77
115900144,554,227,327
115900146,13,99,-86
115900147,311,400,-89
115900148,26,66,-40
115900149,359,16,343
115900150,180,28,152
115900151,161,101,60
115900152,300,144,156
115900153,257,111,146
115900154,432,649,-217
115900155,0,33,-33
115900156,1438,1104,334
115900157,759,904,-145
115900158,9,5,4
115900159,351,297,54
115900160,0,8,-8
115900161,26,110,-84
115900163,526,101,425
115900164,1519,8,1511
115900166,148,98,50
115900168,496,158,338
115900171,158,299,-141
115900172,95,273,-178
115900173,375,174,201
115900174,209,448,-239
115900175,359,170,189
115900178,21,109,-88
115900179,659,45,614
115900180,233,57,176
115900181,692,98,594
115900182,1147,37,1110
115900183,20,256,-236
115900184,603,7,596
115900187,22,522,-500
115900189,0,186,-186
115900190,209,1443,-1234
115900191,18,183,-165
115900192,50,267,-217
115900193,191,188,3
115900194,1615,85,1530
115900195,553,4838,-4285
115900198,518,373,145
115900199,520,60,460
115900200,519,153,366
115900201,185,458,-273
115900202,2,335,-333
115900203,4,30,-26
115900204,0,10,-10
115900205,26,5,21
115900206,549,185,364
115900207,105,6,99
115900208,200,62,138
115900209,9,130,-121
115900210,5,439,-434
115900211,1,215,-214
115900212,344,191,153
115900213,209,242,-33
115900214,1227,53,1174
115900215,33,316,-283
115900216,2,77,-75
115900217,2,15,-13
115900218,4,33,-29
115900219,283,3,280
115900220,644,7,637
115900221,237,6,231
115900222,68,63,5
115900223,3,768,-765
115900224,1206,3406,-2200
115900225,129,21,108
115900226,18,77,-59
115900227,10,105,-95
115900228,3,52,-49
115900229,20,46,-26
115900230,77,42,35
115900231,232,2,230
115900232,243,2,241
115900233,261,14,247
115900234,144,78,66
115900235,114,118,-4
115900236,27,500,-473
115900237,25,65,-40
115900238,27,32,-5
115900239,26,114,-88
115900240,50,80,-30
115900241,452,67,385
115900242,794,775,19
115900243,4,18,-14
115900244,6,12,-6
115900245,93,16,77
115900246,7,4,3
115900247,17,3,14
115900248,21,1,20
115900249,8,7,1
115900250,32,39,-7
115900251,21,10,11
115900252,20,0,20
115900253,77,11,66
115900254,17,39,-22
115900255,1,83,-82
115900256,76,277,-201
115900257,5,30,-25
115900258,0,2,-2
115900259,1,5,-4
115900260,26,9,17
115900261,0,1,-1
115900262,0,1,-1
115900263,9,1,8
115900264,21,0,21
115900265,0,4,-4
115900266,5,12,-7
115900267,0,6,-6
115900268,0,15,-15
115900269,1375,268,1107
115900270,526,127,399
115900271,429,0,429
115900272,104,10,94
115900273,11,28,-17
115900274,1,12,-11
115900275,0,20,-20
115900276,0,13,-13
115900277,0,40,-40
115900278,104,73,31
115900279,48,326,-278
115900280,46,1401,-1355
115900281,280,645,-365
115900282,63,82,-19
115900283,81,3,78
115900284,33,8,25
116000001,9996,2414,7582
116000002,8756,22259,-13503
116000003,1558,1966,-408
116000004,6875,8623,-1748
116000005,1240,6211,-4971
116000006,5519,9240,-3721
116000007,2161,3248,-1087
116000008,9338,4796,4542
116000009,1098,1171,-73
116000010,5366,2732,2634
116000011,1130,1014,116
116000012,4500,1940,2560
116000013,4094,5561,-1467
116000014,19105,38893,-19788
116000015,339,3413,-3074
116000016,5769,8528,-2759
116000017,101,976,-875
116000018,900,683,217
116000019,2850,453,2397
116000020,824,1905,-1081
116000021,1776,338,1438
116000022,1082,681,401
116000023,2711,1850,861
116000024,1074,1325,-251
116000025,1432,1406,26
116000026,1687,7189,-5502
116000027,498,1338,-840
116000028,618,1378,-760
116000029,412,503,-91
116000030,658,994,-336
116000031,49,264,-215
116000032,566,135,431
116000033,1196,731,465
116000034,910,1261,-351
116000035,1228,410,818
116000036,517,4247,-3730
116000037,144,711,-567
116000038,94,1798,-1704
116000039,302,2104,-1802
116000040,691,2835,-2144
116000041,158,1492,-1334
116000042,1888,1734,154
116000043,161,561,-400
116000044,8,60,-52
116000045,1585,1924,-339
116000046,1152,3023,-1871
116000047,3092,4450,-1358
116000048,5840,1465,4375
116000049,2474,3557,-1083
116000050,2031,1534,497
116000051,4063,4708,-645
116000052,4063,3921,142
116000053,3606,1342,2264
116000054,1674,3428,-1754
116000055,2043,1616,427
116000056,2777,1950,827
116000057,4227,1678,2549
116000058,8684,4908,3776
116000059,3274,5985,-2711
116000060,4508,2471,2037
116000061,783,1435,-652
116000062,876,808,68
116000063,879,2680,-1801
116000066,682,836,-154
116000067,711,477,234
116000068,245,471,-226
116000069,666,279,387
116000078,1007,856,151
116000080,2821,539,2282
116000082,15,13,2
116000083,3169,431,2738
116000084,1592,2158,-566
116000085,2235,2403,-168
116000086,1213,781,432
116000087,4180,2096,2084
116000088,2591,949,1642
116000089,241,119,122
116000090,317,295,22
116000091,187,1291,-1104
116000093,821,268,553
116000094,1877,765,1112
116000095,846,642,204
116000096,3184,5096,-1912
116000097,1326,807,519
116000098,109,21148,-21039
116000099,8076,659,7417
116000100,555,47,508
116000101,2632,1222,1410
116000102,287,732,-445
116000103,990,539,451
116000104,293,1276,-983
116000105,2820,219,2601
116000106,518,3468,-2950
116000107,4878,1044,3834
116000108,29,878,-849
116000111,196,54,142
116000113,205,81,124
116000114,27,127,-100
116000115,338,102,236
116000116,416,219,197
116000117,1623,1391,232
116000118,2555,1045,1510
116000119,4246,1520,2726
116000120,3882,2300,1582
116000121,1356,690,666
116000122,1055,813,242
116000123,1797,803,994
116000124,677,399,278
116000125,4975,598,4377
116000126,599,509,90
116000127,1241,543,698
116000128,3282,904,2378
116000129,2203,154,2049
116000130,1637,786,851
116000133,3193,1178,2015
116000134,2000,1294,706
116000135,4079,1733,2346
116000136,1348,1645,-297
116000137,1942,1131,811
116000138,2350,841,1509
116000139,2567,7274,-4707
116000140,258,425,-167
116000141,778,529,249
116000142,4317,2285,2032
116000143,3270,1338,1932
116000144,2919,2359,560
116000145,3185,1226,1959
116000146,1874,180,1694
116000147,466,640,-174
116000148,1884,2227,-343
116000149,1245,1578,-333
116000151,1087,1119,-32
116000153,275,417,-142
116000155,301,717,-416
116000156,1733,607,1126
116000157,179,18,161
116000158,860,201,659
116000159,3,10,-7
116000160,82,67,15
116000161,10,162,-152
116000162,169,520,-351
116000163,175,50,125
116000164,74,114,-40
116000177,131,801,-670
116000194,75,495,-420
116000195,2161,966,1195
116000196,78,0,78
116000197,35,43,-8
116000198,2637,1798,839
116000200,1291,1162,129
116000201,957,1052,-95
116000202,12,431,-419
116000203,0,31,-31
116000204,12,20,-8
116000205,0,93,-93
116000206,0,284,-284
116000207,31,181,-150
116000233,244,508,-264
116000287,766,178,588
116000288,526,235,291
116000292,129,178,-49
116000296,39,83,-44
116000297,272,7,265
116000304,254,29,225
116000305,21,112,-91
116000346,305,200,105
116000352,116,114,2
116000354,70,20,50
116000357,13,15,-2
116000358,823,213,610
116000361,346,1,345
116000372,5689,13126,-7437
116000381,232,2,230
116000388,3,79,-76
116000389,1273,531,742
116000445,1679,269,1410
116000446,939,265,674
116000447,49,772,-723
116000448,867,92,775
116000563,863,1034,-171
116000565,40,327,-287
116000568,73,486,-413
116000579,12,88,-76
116000583,233,76,157
116000584,124,0,124
116000585,144,90,54
116000586,86,201,-115
116000587,565,376,189
116000589,41,104,-63
116000590,347,158,189
116000591,438,309,129
116000592,15,19,-4
116000593,0,22,-22
116000594,2334,135,2199
116000595,1456,49,1407
116000596,356,3,353
116000597,965,399,566
116000598,28,108,-80
116000605,229,282,-53
116000606,79,1199,-1120
116000607,6,142,-136
116000609,74,2472,-2398
116000611,400,166,234
116000612,3075,2328,747
116000613,1057,465,592
116000614,908,251,657
116000615,3,1097,-1094
116000616,123,115,8
116000617,289,19,270
116000618,22,67,-45
116000619,42,122,-80
116000620,499,286,213
116000621,155,89,66
116000622,252,89,163
116000624,116,216,-100
116000627,141,59,82
116000628,146,230,-84
116000629,37,198,-161
116000630,1257,58,1199
116000631,808,53,755
116000632,2131,78,2053
116000633,645,213,432
116000634,726,93,633
116000635,3696,6175,-2479
116000636,817,3519,-2702
116000637,1225,28,1197
116000638,300,203,97
116000639,179,8,171
116000640,94,200,-106
116000641,60,95,-35
116000643,0,111,-111
116000644,84,338,-254
116000645,32,19,13
116900001,633,163,470
116900002,323,2,321
116900003,65,5,60
116900004,116,115,1
116900005,310,51,259
116900006,145,575,-430
116900007,256,523,-267
116900008,1495,97,1398
116900009,11,20,-9
116900010,2334,807,1527
116900011,42,139,-97
116900012,372,641,-269
116900013,8,29,-21
116900014,321,70,251
116900015,1039,81,958
116900016,349,3,346
116900017,45,346,-301
116900018,204,160,44
116900019,19,135,-116
116900020,511,3428,-2917
116900023,84,11,73
116900024,1513,40,1473
116900025,2350,808,1542
116900026,76,588,-512
116900027,91,17,74
116900028,41,17,24
116900029,1,290,-289
116900031,0,6,-6
116900032,0,89,-89
116900033,44,6,38
116900034,61,26,35
116900035,202,307,-105
116900036,20,247,-227
116900038,21,4,17
116900041,244,28,216
116900042,275,164,111
116900043,5,60,-55
116900047,43,459,-416
116900049,45,346,-301
116900050,45,350,-305
116900051,825,17,808
116900052,325,39,286
116900055,0,83,-83
116900057,25,122,-97
116900058,20,408,-388
116900059,0,47,-47
116900060,379,522,-143
116900062,2,160,-158
116900064,118,240,-122
116900065,20,138,-118
116900067,240,54,186
116900068,234,100,134
116900070,6,10,-4
116900072,77,85,-8
116900073,11,84,-73
116900074,6,48,-42
116900076,31,163,-132
116900077,3,49,-46
116900078,171,17,154
116900079,88,161,-73
116900080,16,48,-32
116900081,180,910,-730
116900082,107,1385,-1278
116900083,7,17,-10
116900084,87,81,6
116900085,17,97,-80
116900086,35,316,-281
116900088,342,9,333
116900090,7,21,-14
116900091,1097,68,1029
116900092,187,322,-135
116900093,4774,1500,3274
116900094,5321,9452,-4131
116900095,497,840,-343
116900096,128,572,-444
116900097,1526,6115,-4589
116900098,1411,532,879
116900099,235,1340,-1105
116900100,1472,120,1352
116900101,236,945,-709
116900103,54,0,54
116900104,12,586,-574
116900105,432,225,207
116900106,1627,2,1625
116900107,1610,4876,-3266
116900110,60,0,60
116900111,1536,189,1347
116900112,312,345,-33
116900113,1441,4655,-3214
116900116,34,1558,-1524
116900117,472,563,-91
116900118,2162,971,1191
116900120,552,58,494
116900121,397,17,380
116900122,1608,431,1177
116900123,1389,309,1080
116900124,104,387,-283
116900125,930,110,820
116900126,101,1152,-1051
116900128,0,50,-50
116900129,2,298,-296
116900130,1895,6965,-5070
116900131,106,329,-223
116900132,140,88,52
116900133,280,258,22
116900134,403,466,-63
116900136,425,467,-42
116900137,432,223,209
116900138,203,95,108
116900139,138,247,-109
116900140,228,66,162
116900141,504,169,335
116900142,3,44,-41
116900143,454,129,325
116900144,90,35,55
116900145,144,240,-96
116900147,209,3290,-3081
116900148,11,30,-19
116900149,39,439,-400
116900150,12,6,6
116900151,132,66,66
116900153,196,133,63
116900154,364,868,-504
116900155,111,260,-149
116900157,1571,56,1515
116900158,113,500,-387
116900159,106,946,-840
116900160,1238,844,394
116900161,6643,16645,-10002
116900162,51,158,-107
116900163,482,27,455
116900164,248,65,183
116900165,1049,444,605
116900166,132,69,63
116900167,853,53,800
116900168,1184,34,1150
116900169,225,3386,-3161
116900170,1070,493,577
116900171,137,149,-12
116900172,188,868,-680
116900173,607,4,603
116900174,51,211,-160
116900175,486,902,-416
116900178,135,117,18
116900179,23,609,-586
116900180,105,5,100
116900182,1716,442,1274
116900183,438,147,291
116900185,55,23,32
116900186,138,52,86
116900187,50,129,-79
116900188,215,26,189
116900189,64,2,62
116900191,96,378,-282
116900192,710,128,582
116900194,212,2450,-2238
116900195,96,4,92
116900196,69,25,44
116900197,234,29,205
116900198,60,399,-339
116900200,141,3,138
116900201,549,1,548
116900202,71,50,21
116900203,155,6,149
116900204,57,566,-509
116900206,45,1,44
116900207,6,171,-165
116900208,24,66,-42
116900209,35,20,15
116900210,1031,603,428
116900211,333,5,328
116900212,165,11,154
116900213,478,131,347
116900214,490,427,63
116900215,159,57,102
116900216,580,330,250
116900218,2,202,-200
116900219,377,232,145
116900220,181,408,-227
116900221,351,307,44
116900222,625,360,265
116900223,27,198,-171
116900226,289,24,265
116900227,427,49,378
116900228,520,286,234
116900230,57,84,-27
116900231,68,167,-99
116900232,29,363,-334
116900233,428,139,289
116900234,40,16,24
116900235,694,227,467
116900238,947,269,678
116900239,24,1030,-1006
116900240,5144,6445,-1301
116900241,188,19,169
116900242,1004,2093,-1089
116900243,0,31,-31
116900245,89,80,9
116900246,146,20,126
116900247,1373,32,1341
116900248,36,67,-31
116900249,760,16,744
116900250,990,63,927
116900251,304,2348,-2044
116900252,323,1328,-1005
116900254,87,226,-139
116900255,233,273,-40
116900256,1430,235,1195
116900257,232,921,-689
116900258,4,23,-19
116900259,435,31,404
116900260,0,16,-16
116900261,169,0,169
116900262,237,482,-245
116900263,1,7,-6
116900264,144,186,-42
116900265,315,0,315
116900266,43,6,37
116900267,21,0,21
116900268,44,178,-134
116900269,688,2810,-2122
116900271,967,1068,-101
116900272,1164,682,482
116900273,31,1219,-1188
116900274,276,35,241
116900275,659,119,540
116900276,341,842,-501
116900277,218,88,130
116900278,2,1,1
116900279,5,28,-23
116900280,158,21,137
116900281,3908,7785,-3877
116900282,0,24,-24
116900283,7,25,-18
116900284,18,165,-147
116900285,160,863,-703
116900286,49,9,40
116900287,16,30,-14
116900288,187,41,146
116900289,26,2,24
116900290,18,13,5
116900291,44,5,39
116900292,0,50,-50
116900293,80,1,79
116900294,38,155,-117
116900295,277,667,-390
116900296,73,515,-442
116900297,4,106,-102
116900298,77,226,-149
116900299,11,354,-343
116900300,1,127,-126
116900301,36,1062,-1026
116900302,9,339,-330
116900303,217,291,-74
116900304,0,146,-146
116900305,99,70,29
116900306,637,91,546
116900307,237,2,235
116900308,1,109,-108
116900309,389,32,357
116900310,85,45,40
117000001,3532,6660,-3128
117000002,2658,6498,-3840
117000003,8588,7270,1318
117000004,2816,10265,-7449
117000005,7089,4722,2367
117000006,1428,4304,-2876
117000007,10799,2497,8302
117000008,1649,3968,-2319
117000009,7886,2536,5350
117000010,1561,3037,-1476
117000011,5532,2503,3029
117000012,2662,1644,1018
117000013,4311,2234,2077
117000014,2494,3285,-791
117000015,5683,2675,3008
117000016,482,789,-307
117000017,174,3515,-3341
117000018,120,1360,-1240
117000019,118,127,-9
117000020,1420,3099,-1679
117000021,4789,1398,3391
117000022,312,784,-472
117000023,131,1491,-1360
117000024,91,2049,-1958
117000025,120,4468,-4348
117000026,2195,6437,-4242
117000027,2785,8687,-5902
117000028,1604,4960,-3356
117000030,605,745,-140
117000031,956,969,-13
117000032,2160,2904,-744
117000033,2542,1621,921
117000034,403,392,11
117000035,818,1054,-236
117000036,875,664,211
117000037,656,544,112
117000038,512,1057,-545
117000039,592,707,-115
117000040,155,683,-528
117000041,1573,277,1296
117000044,14,1062,-1048
117000045,2376,457,1919
117000046,887,2025,-1138
117000047,1724,1429,295
117000048,1776,1523,253
117000049,33,545,-512
117000050,752,1313,-561
117000051,2868,33,2835
117000052,124,486,-362
117000053,2198,47,2151
117000054,2587,8,2579
117000055,16,1432,-1416
117000056,974,42,932
117000057,1218,2120,-902
117000060,629,1997,-1368
117000061,4344,3478,866
117000062,235,1915,-1680
117000063,2753,1355,1398
117000064,1042,1299,-257
117000066,611,1235,-624
117000067,140,641,-501
117000074,46,320,-274
117000076,100,56,44
117000077,346,141,205
117000078,256,705,-449
117000079,498,355,143
117000080,5,930,-925
117000081,1449,238,1211
117000082,48,427,-379
117000083,1030,572,458
117000084,330,2,328
117000085,935,1238,-303
117000086,1236,615,621
117000087,175,1116,-941
117000088,555,233,322
117000089,4650,300,4350
117000090,518,1198,-680
117000091,2376,353,2023
117000092,726,918,-192
117000093,3426,730,2696
117000094,1402,1509,-107
117000095,4713,1002,3711
117000096,1430,1427,3
117000097,3783,1571,2212
117000098,2257,2209,48
117000099,7277,1584,5693
117000100,316,337,-21
117000101,215,708,-493
117000102,3798,820,2978
117000103,1008,1201,-193
117000104,3108,765,2343
117000105,572,1128,-556
117000106,3859,871,2988
117000107,705,1218,-513
117000108,4053,1457,2596
117000109,1446,2506,-1060
117000110,3362,3187,175
117000111,6249,6840,-591
117000112,6740,1621,5119
117000113,288,138,150
117000114,541,810,-269
117000115,118,60,58
117000116,380,1095,-715
117000117,2935,1718,1217
117000118,788,849,-61
117000119,184,1570,-1386
117000120,59,3769,-3710
117000121,71,1735,-1664
117000122,2754,2871,-117
117000123,7028,102,6926
117000124,79,677,-598
117000125,73,1943,-1870
117000126,34,157,-123
117000127,151,1684,-1533
117000128,155,3399,-3244
117000129,692,2747,-2055
117000130,609,3,606
117000131,0,298,-298
117000132,8162,107,8055
117000133,5556,18,5538
117000134,2,510,-508
117000135,2,299,-297
117000136,0,70,-70
117000137,532,186,346
117000138,3,1786,-1783
117000140,664,1093,-429
117000141,3071,805,2266
117000181,990,220,770
117000182,4381,1802,2579
117000195,336,624,-288
117000196,568,257,311
117000225,26,460,-434
117000226,3,486,-483
117000276,643,47,596
117000277,1,95,-94
117000310,1638,4303,-2665
117000315,580,1284,-704
117000320,143,0,143
117000906,1039,9,1030
117000907,5,288,-283
117000909,282,226,56
117000910,382,148,234
117000911,68,170,-102
117000915,8,112,-104
117000916,178,10,168
117000917,2696,82,2614
117000918,441,107,334
117000919,20,43,-23
117000920,2,1521,-1519
117000921,1,302,-301
117000922,95,109,-14
117000924,3333,1743,1590
117000926,1773,1323,450
117000927,372,725,-353
117000928,1,189,-188
117000929,1173,464,709
117000930,3036,229,2807
117000931,208,219,-11
117900002,81,1428,-1347
117900003,99,284,-185
117900005,12,360,-348
117900006,0,107,-107
117900007,255,149,106
117900008,0,13,-13
117900010,875,141,734
117900011,48,2072,-2024
117900012,158,43,115
117900013,1,388,-387
117900014,1512,352,1160
117900015,43,221,-178
117900016,1702,1615,87
117900017,2822,1644,1178
117900018,614,1331,-717
117900019,1801,580,1221
117900020,98,408,-310
117900021,18,313,-295
117900023,5739,171,5568
117900024,226,253,-27
117900025,43,2,41
117900026,1093,417,676
117900028,119,11,108
117900029,775,1684,-909
117900031,704,1625,-921
117900032,1523,748,775
117900033,1105,989,116
117900034,165,54,111
117900035,609,1716,-1107
117900036,739,434,305
117900037,370,97,273
117900038,278,127,151
117900039,0,52,-52
117900040,420,131,289
117900041,1,24,-23
117900042,3859,1200,2659
117900043,4,32,-28
117900044,500,10990,-10490
117900045,697,102,595
117900048,448,304,144
117900049,908,815,93
117900050,15,1134,-1119
117900051,105,31,74
117900052,175,991,-816
117900053,2983,268,2715
117900054,1,16,-15
117900055,4379,515,3864
117900056,48,413,-365
117900057,1884,1224,660
117900058,77,331,-254
117900059,150,368,-218
117900060,4152,2655,1497
117900061,26,594,-568
117900063,1346,327,1019
117900065,462,1493,-1031
117900066,13,239,-226
117900067,2172,382,1790
117900069,3012,215,2797
117900070,44,674,-630
117900071,401,139,262
117900073,1544,438,1106
117900074,57,1092,-1035
117900075,318,132,186
117900076,109,346,-237
117900077,1037,151,886
117900078,875,838,37
117900080,380,70,310
117900081,342,419,-77
117900082,1188,463,725
117900083,1426,1015,411
117900086,526,168,358
117900087,180,73,107
117900088,749,1307,-558
117900089,4397,685,3712
117900090,1727,964,763
117900091,171,114,57
117900092,333,140,193
117900093,115,30,85
117900094,106,70,36
117900095,1330,5437,-4107
117900096,419,881,-462
117900097,179,65,114
117900098,115,21,94
117900099,717,1924,-1207
117900100,1100,2,1098
117900101,1786,4475,-2689
117900102,130,48,82
117900103,165,1,164
117900104,8,522,-514
117900105,144,297,-153
117900106,172,41,131
117900107,88,0,88
117900109,1422,312,1110
117900110,511,3,508
117900111,2338,261,2077
117900112,147,18,129
117900113,1570,3679,-2109
117900114,70,1,69
117900115,99,766,-667
117900116,981,817,164
117900117,1028,214,814
117900118,478,2,476
117900119,366,30,336
117900120,1587,30,1557
117900121,202,122,80
117900122,781,11237,-10456
117900123,2281,805,1476
117900124,310,1016,-706
117900125,2530,1390,1140
117900126,326,303,23
117900127,1495,410,1085
117900128,731,203,528
117900129,207,0,207
117900130,1124,1649,-525
117900131,4,234,-230
117900132,50,104,-54
117900133,84,68,16
117900134,313,239,74
117900135,117,62,55
117900136,0,6,-6
117900137,265,397,-132
117900138,0,6,-6
117900139,156,157,-1
117900140,14120,243,13877
117900141,100,640,-540
117900142,71,1176,-1105
117900144,39,2922,-2883
117900145,8,495,-487
117900146,241,428,-187
117900147,270,224,46
117900148,5375,6436,-1061
117900149,122,605,-483
117900150,166,86,80
117900151,72,395,-323
117900152,120,173,-53
117900153,16,305,-289
117900154,1514,1150,364
117900156,434,530,-96
117900157,133,818,-685
117900158,341,76,265
117900160,1376,890,486
117900161,1254,1061,193
117900162,1505,671,834
117900163,28,1859,-1831
117900165,0,25,-25
117900166,33,547,-514
117900168,72,200,-128
117900169,0,102,-102
117900170,0,84,-84
117900171,3,23,-20
117900172,47,34,13
117900173,144,108,36
117900174,55,81,-26
117900175,16,44,-28
117900176,50,12,38
117900177,73,58,15
117900178,109,60,49
117900180,321,25,296
117900181,124,791,-667
117900182,0,102,-102
117900183,204,265,-61
117900184,106,273,-167
117900185,95,53,42
117900186,128,47,81
117900187,36,21,15
117900188,487,82,405
117900189,246,76,170
117900190,57,3,54
117900191,217,0,217
117900192,360,1,359
117900193,3,127,-124
117900194,24,6,18
117900195,24,490,-466
117900196,64,60,4
117900207,112,178,-66
117900208,27,51,-24
117900209,413,115,298
117900210,135,110,25
117900211,1,57,-56
117900212,218,269,-51
117900213,45,8,37
117900214,2,13,-11
117900215,251,31,220
117900216,151,128,23
117900217,119,254,-135
117900218,173,344,-171
117900219,25,436,-411
117900220,17,761,-744
117900222,312,175,137
117900223,154,747,-593
118000001,801,5400,-4599
118000002,554,1473,-919
118000003,3387,11201,-7814
118000004,1660,14079,-12419
118000005,6284,3550,2734
118000006,11067,6889,4178
118000007,6462,17986,-11524
118000008,1464,12963,-11499
118000009,3269,6764,-3495
118000010,4954,5984,-1030
118000011,3742,2000,1742
118000012,2473,2826,-353
118000013,4092,4756,-664
118000014,3578,3943,-365
118000016,633,172,461
118000017,1071,533,538
118000018,620,162,458
118000019,1584,3486,-1902
118000020,636,2671,-2035
118000021,1151,4644,-3493
118000022,1239,806,433
118000023,821,701,120
118000024,656,1030,-374
118000027,19578,9085,10493
118000029,1135,808,327
118000032,318,2844,-2526
118000033,1938,6253,-4315
118000034,3944,6018,-2074
118000035,2699,3337,-638
118000036,1263,1775,-512
118000037,1568,4593,-3025
118000038,1066,151,915
118000039,243,88,155
118000040,3056,2977,79
118000041,6763,2820,3943
118000045,188,78,110
118000046,1284,2343,-1059
118000047,711,5092,-4381
118000048,1946,6979,-5033
118000051,1858,6603,-4745
118000052,1151,2795,-1644
118000053,648,1706,-1058
118000054,6058,1120,4938
118000055,5189,2306,2883
118000056,105,1187,-1082
118000057,193,862,-669
118000058,2185,9926,-7741
118000059,1901,5332,-3431
118000060,1786,2106,-320
118000061,2010,2357,-347
118000062,583,314,269
118000063,585,1418,-833
118000064,1332,2291,-959
118000065,2423,3184,-761
118000066,2290,6426,-4136
118000067,588,1097,-509
118000068,1262,18743,-17481
118000069,1779,2508,-729
118000070,11414,3527,7887
118000071,6608,17914,-11306
118000072,825,6600,-5775
118000073,1930,3248,-1318
118000074,762,1921,-1159
118000075,813,545,268
118000076,3432,15587,-12155
118000077,1695,4141,-2446
118000078,2737,5167,-2430
118000079,481,766,-285
118000080,623,2998,-2375
118000081,1907,3113,-1206
118000082,705,1944,-1239
118000083,1980,2942,-962
118000084,2412,3561,-1149
118000086,189,1126,-937
118000087,8715,4308,4407
118000088,1396,2952,-1556
118000089,6069,5619,450
118000090,1379,6132,-4753
118000091,1010,7135,-6125
118000092,1640,1085,555
118000093,197,1116,-919
118000096,1220,1193,27
118000097,964,1444,-480
118000098,272,501,-229
118000099,1464,530,934
118000101,3240,712,2528
118000102,877,820,57
118000107,4750,733,4017
118000108,1576,8506,-6930
118000110,1,89,-88
118000111,1,278,-277
118000112,2764,9,2755
118000113,12,682,-670
118000114,1901,45,1856
118000115,6,12,-6
118000116,108,1,107
118000117,893,2525,-1632
118000118,1774,3582,-1808
118000119,2031,3458,-1427
118000120,1668,1693,-25
118000121,24,999,-975
118000122,1023,461,562
118000123,189,526,-337
118000125,1584,4308,-2724
118000126,795,5211,-4416
118000127,1388,2361,-973
118000128,1162,4932,-3770
118000129,2821,1727,1094
118000130,3713,5919,-2206
118000131,722,2099,-1377
118000132,4365,3885,480
118000133,3187,1708,1479
118000135,849,2053,-1204
118000136,180,3249,-3069
118000137,766,465,301
118000138,678,699,-21
118000139,1038,374,664
118000140,7572,15499,-7927
118000141,4944,2334,2610
118000142,5891,2487,3404
118000143,4958,2373,2585
118000144,1143,523,620
118000145,1881,1060,821
118000146,2372,616,1756
118000147,2057,1008,1049
118000148,2295,2313,-18
118000149,1649,628,1021
118000150,1554,455,1099
118000151,1292,451,841
118000153,2823,1209,1614
118000154,3545,1836,1709
118000155,3568,1301,2267
118000156,3448,6576,-3128
118000157,1414,493,921
118000158,513,919,-406
118000159,66,202,-136
118000160,1100,483,617
118000161,1095,499,596
118000162,2576,1470,1106
118000163,1892,1497,395
118000164,3354,2311,1043
118000168,467,1348,-881
118000169,1645,1273,372
118000170,4690,4036,654
118000171,572,880,-308
118000172,140,427,-287
118000173,1938,2254,-316
118000175,301,426,-125
118000176,706,563,143
118000177,523,1034,-511
118000178,77,35,42
118000179,1090,1151,-61
118000180,726,736,-10
118000181,476,84,392
118000182,467,233,234
118000183,586,661,-75
118000184,2314,468,1846
118000185,642,2773,-2131
118000186,477,2114,-1637
118000187,4308,685,3623
118000188,1449,47,1402
118000189,1881,509,1372
118000190,26,29,-3
118000191,12,54,-42
118000192,920,461,459
118000193,7,250,-243
118000194,3744,1141,2603
118000195,357,11417,-11060
118000196,98,1913,-1815
118000197,150,442,-292
118000198,598,3659,-3061
118000199,460,2586,-2126
118000200,98,1696,-1598
118000201,121,1759,-1638
118000202,59,1205,-1146
118000203,410,2294,-1884
118000204,92,1077,-985
118000205,81,479,-398
118000206,327,785,-458
118000207,0,85,-85
118000208,2472,2132,340
118000209,4255,1194,3061
118000210,214,58,156
118000211,215,68,147
118000213,959,9800,-8841
118000214,459,1653,-1194
118000215,540,154,386
118000216,15957,3692,12265
118000217,23,64,-41
118000218,172,37,135
118000219,323,429,-106
118000220,105,90,15
118000221,1095,1187,-92
118000222,105,6,99
118000223,117,56,61
118000224,318,109,209
118000225,234,2620,-2386
118000226,2319,274,2045
118000227,1853,793,1060
118000228,85,719,-634
118000229,39,1794,-1755
118000230,80,485,-405
118000231,38,842,-804
118000232,1741,340,1401
118000233,1997,715,1282
118000234,976,132,844
118000236,412,831,-419
118000237,274,203,71
118000238,447,193,254
118000239,568,877,-309
118000240,151,114,37
118000241,481,183,298
118000242,731,313,418
118000243,555,158,397
118000244,212,46,166
118000246,3,105,-102
118000255,97,683,-586
118000256,258,317,-59
118000259,11,132,-121
118000260,418,101,317
118000261,161,36,125
118000263,239,248,-9
118000266,361,285,76
118000267,0,774,-774
118000268,561,13,548
118000270,579,10,569
118000271,379,276,103
118000272,106,19,87
118000273,668,49,619
118000274,133,623,-490
118000276,514,231,283
118000295,72,249,-177
118000298,245,178,67
118000299,116,74,42
118000301,0,306,-306
118000302,184,67,117
118000311,2144,91,2053
118000312,800,136,664
118000313,123,35,88
118000314,311,21,290
118000315,69,20,49
118000316,1884,547,1337
118000325,137,43,94
118000326,68,33,35
118000331,64,17,47
118000332,27,21,6
118000333,49,60,-11
118000335,1159,3,1156
118000336,0,276,-276
118000407,406,46,360
118000457,9,163,-154
118000465,717,3619,-2902
118000480,171,45,126
118000489,12,922,-910
118000490,15,616,-601
118000492,993,236,757
118000510,70,29,41
118000514,131,1044,-913
118000515,622,2278,-1656
118000517,683,300,383
118000524,142,749,-607
118000525,721,838,-117
118000530,40,295,-255
118000531,679,347,332
118000532,436,245,191
118000533,285,180,105
118000534,1592,749,843
118000535,602,140,462
118000536,47,657,-610
118000537,17,200,-183
118000538,50,235,-185
118000539,78,246,-168
118000540,244,507,-263
118000541,90,204,-114
118000542,187,632,-445
118000543,359,635,-276
118000546,34,44,-10
118000553,0,0,0
118000557,0,0,0
118000560,1832,4149,-2317
118000562,176,149,27
118000563,1978,1198,780
118000576,513,84,429
118000577,324,309,15
118000578,311,88,223
118000579,1003,3818,-2815
118000583,0,0,0
118000595,384,72,312
118000596,5,1029,-1024
118000597,360,116,244
118000598,13,0,13
118000599,315,109,206
118000600,1,2,-1
118000601,10,1,9
118000602,1,5,-4
118000603,1,26,-25
118000605,173,244,-71
118000606,74,21,53
118900001,736,1531,-795
118900002,1327,1240,87
118900003,553,5,548
118900004,435,135,300
118900005,86,7,79
118900006,461,7,454
118900007,0,0,0
118900008,1970,81,1889
118900009,219,104,115
118900010,316,46,270
118900011,170,13,157
118900012,443,399,44
118900013,2488,518,1970
118900015,301,40,261
118900016,3,3,0
118900017,23,421,-398
118900018,1675,87,1588
118900019,17,6,11
118900020,24,354,-330
118900021,96,1328,-1232
118900022,159,33,126
118900023,120,363,-243
118900024,78,174,-96
118900025,55,131,-76
118900026,133,11,122
118900027,873,227,646
118900028,344,212,132
118900029,242,579,-337
118900030,1015,196,819
118900031,166,31,135
118900032,430,110,320
118900033,677,1100,-423
118900034,395,446,-51
118900035,166,113,53
118900036,1966,472,1494
118900037,380,1155,-775
118900038,970,98,872
118900039,992,229,763
118900040,292,145,147
118900041,1146,559,587
118900042,132,68,64
118900045,248,338,-90
118900046,298,350,-52
118900047,529,989,-460
118900048,229,772,-543
118900049,253,54,199
118900050,107,18,89
118900051,91,387,-296
118900052,317,707,-390
118900053,31,186,-155
118900054,374,53,321
118900055,323,9,314
118900056,11,557,-546
118900057,991,541,450
118900058,852,727,125
118900059,22,290,-268
118900060,201,130,71
118900062,362,142,220
118900064,344,923,-579
118900065,104,227,-123
118900066,203,111,92
118900067,5829,6707,-878
118900068,13,789,-776
118900069,909,409,500
118900071,6,11,-5
118900072,1614,1314,300
118900073,516,153,363
118900074,415,120,295
118900075,321,43,278
118900076,417,414,3
118900077,756,165,591
118900078,3,1,2
118900079,71,219,-148
118900080,85,47,38
118900081,69,124,-55
118900082,3200,327,2873
118900083,38,2,36
118900084,21,52,-31
118900085,608,463,145
118900086,30,148,-118
118900087,165,1456,-1291
118900088,9,13,-4
118900089,34,46,-12
118900090,506,216,290
118900091,220,373,-153
118900092,380,43,337
118900093,153,24,129
118900096,57,329,-272
118900097,646,815,-169
118900099,100,221,-121
118900100,63,266,-203
118900101,191,108,83
118900102,27,213,-186
118900103,16,167,-151
118900104,580,135,445
118900105,292,81,211
118900107,89,33,56
118900108,109,174,-65
118900110,1534,1497,37
118900111,1566,624,942
118900112,425,650,-225
118900113,352,420,-68
118900114,11,198,-187
118900115,216,535,-319
118900116,105,161,-56
118900117,170,167,3
118900118,445,395,50
118900119,354,338,16
118900120,97,378,-281
118900121,26,200,-174
118900122,4,1342,-1338
118900123,225,373,-148
118900124,209,391,-182
118900126,42,483,-441
118900129,463,316,147
118900130,22,323,-301
118900131,862,315,547
118900132,442,308,134
118900133,26,308,-282
118900135,509,233,276
118900136,680,283,397
118900137,10,158,-148
118900139,775,317,458
118900140,1033,501,532
118900141,196,124,72
118900144,573,271,302
118900145,27,277,-250
118900146,981,505,476
118900147,142,1557,-1415
118900148,85,34,51
118900150,789,1108,-319
118900152,652,423,229
118900157,81,573,-492
118900158,346,47,299
118900159,1,204,-203
118900161,100,64,36
118900163,119,81,38
118900164,1,83,-82
118900165,100,62,38
118900166,4,0,4
118900167,107,34,73
118900168,71,304,-233
118900169,235,125,110
118900170,335,67,268
118900171,80,25,55
118900174,130,28,102
118900175,639,339,300
118900176,288,247,41
118900177,133,6,127
118900178,143,77,66
118900179,43,11,32
118900181,285,79,206
118900182,36,41,-5
118900183,62,355,-293
118900184,285,88,197
118900185,529,58,471
118900186,77,327,-250
118900187,134,1073,-939
118900188,426,487,-61
118900189,57,848,-791
118900190,106,221,-115
118900191,961,76,885
118900192,876,36,840
118900193,1719,4,1715
118900195,174,563,-389
118900196,66,207,-141
118900197,500,70,430
118900198,69,4,65
118900199,193,2,191
118900200,75,28,47
118900201,56,68,-12
118900202,2,129,-127
118900203,61,5,56
118900204,11,18,-7
118900205,2,2,0
118900206,0,0,0
119000001,1891,2441,-550
119000002,4560,4309,251
119000003,5839,1495,4344
119000004,4224,3370,854
119000005,3611,4450,-839
119000006,8423,3152,5271
119000007,6037,5446,591
119000008,3015,2921,94
119000009,3332,10996,-7664
119000010,5933,7016,-1083
119000011,2526,3182,-656
119000012,1898,4616,-2718
119000013,4033,2377,1656
119000014,2578,3141,-563
119000019,425,156,269
119000020,4390,2436,1954
119000021,8571,5589,2982
119000022,2361,7571,-5210
119000023,305,540,-235
119000024,2793,35523,-32730
119000025,3012,858,2154
119000026,63,985,-922
119000027,2200,926,1274
119000028,2510,1023,1487
119000029,74,304,-230
119000030,814,804,10
119000031,1357,837,520
119000032,1925,1879,46
119000033,2776,1133,1643
119000034,2194,989,1205
119000035,41,264,-223
119000036,5219,516,4703
119000037,2998,927,2071
119000038,563,369,194
119000039,1379,796,583
119000040,1351,1691,-340
119000041,1218,2861,-1643
119000048,2601,1796,805
119000049,5417,3261,2156
119000050,1740,3289,-1549
119000051,4014,2473,1541
119000052,6468,3159,3309
119000053,3228,1582,1646
119000054,3775,952,2823
119000055,8011,1365,6646
119000056,7229,2023,5206
119000057,3027,1176,1851
119000058,2259,1371,888
119000059,1656,2035,-379
119000060,2924,1122,1802
119000061,1412,689,723
119000062,1504,1079,425
119000063,1239,1495,-256
119000064,1107,899,208
119000065,1608,4182,-2574
119000066,2797,1811,986
119000067,2738,1813,925
119000068,2977,976,2001
119000069,3303,1743,1560
119000070,5051,643,4408
119000071,1345,639,706
119000072,5744,3163,2581
119000073,5584,17547,-11963
119000074,2999,1971,1028
119000075,6678,3238,3440
119000076,214,1235,-1021
119000077,973,839,134
119000078,599,1231,-632
119000079,430,738,-308
119000080,1422,249,1173
119000081,427,827,-400
119000082,1643,261,1382
119000083,933,791,142
119000084,488,587,-99
119000085,997,165,832
119000086,285,1803,-1518
119000087,924,282,642
119000088,274,153,121
119000089,116,230,-114
119000090,268,63,205
119000091,107,282,-175
119000092,349,222,127
119000093,5646,3335,2311
119000094,7535,7422,113
119000095,4236,9104,-4868
119000097,3163,1379,1784
119000098,2134,13493,-11359
119000099,3302,1689,1613
119000100,8676,5962,2714
119000101,5015,2022,2993
119000102,426,2128,-1702
119000103,580,614,-34
119000104,1904,1133,771
119000105,1631,4889,-3258
119000106,705,787,-82
119000107,2032,826,1206
119000108,1079,1112,-33
119000109,268,577,-309
119000110,328,381,-53
119000111,82,1030,-948
119000112,183,164,19
119000113,988,421,567
119000114,1938,1946,-8
119000115,205,244,-39
119000116,212,229,-17
119000117,354,605,-251
119000118,26,0,26
119000123,2062,4778,-2716
119000124,2600,351,2249
119000125,9427,718,8709
119000126,3979,695,3284
119000127,595,365,230
119000128,17,3,14
119000131,2975,562,2413
119000132,3,1,2
119000133,4,15,-11
119000134,1979,1036,943
119000135,281,211,70
119000136,714,178,536
119000137,370,183,187
119000138,1623,79,1544
119000139,160,122,38
119000140,363,437,-74
119000284,1252,1931,-679
119000285,1994,1103,891
119000286,3828,3396,432
119000287,1872,1679,193
119000288,3084,1072,2012
119000289,1649,3129,-1480
119000290,306,486,-180
119000291,138,428,-290
119000293,245,252,-7
119000294,90,69,21
119000295,3778,783,2995
119000296,460,172,288
119000302,3655,1494,2161
119000303,10,762,-752
119000314,1494,10640,-9146
119000315,1,230,-229
119000316,535,95,440
119000317,176,94,82
119000319,1592,135,1457
119900001,110,3605,-3495
119900002,464,453,11
119900003,13,381,-368
119900004,126,3544,-3418
119900005,481,100,381
119900006,95,715,-620
119900007,612,244,368
119900008,20,86,-66
119900009,699,303,396
119900010,1036,520,516
119900011,16,444,-428
119900012,38,153,-115
119900013,2212,1706,506
119900014,581,122,459
119900015,454,53,401
119900016,69,129,-60
119900017,90,54,36
119900018,1081,2438,-1357
119900019,103,12,91
119900020,118,268,-150
119900021,258,52,206
119900022,110,856,-746
119900023,628,5635,-5007
119900025,582,23,559
119900026,937,78,859
119900027,4,16,-12
119900028,435,397,38
119900029,1,0,1
119900030,705,687,18
119900031,60,1522,-1462
119900033,980,297,683
119900034,1229,23,1206
119900037,474,23,451
119900038,23,673,-650
119900039,129,14,115
119900040,267,116,151
119900041,460,15,445
119900042,71,582,-511
119900043,273,145,128
119900044,235,1022,-787
119900046,374,18,356
119900047,528,266,262
119900049,404,4,400
119900050,99,203,-104
119900051,2396,38,2358
119900052,297,28,269
119900053,464,239,225
119900054,978,27,951
119900055,1524,508,1016
119900057,635,8,627
119900058,526,4,522
119900059,60,50,10
119900060,373,73,300
119900061,799,5,794
119900062,180,10,170
119900063,17,172,-155
119900065,312,3,309
119900067,172,14,158
119900068,1257,2,1255
119900069,180,7,173
119900070,1065,1,1064
119900071,962,26,936
119900073,1848,250,1598
119900074,35,68,-33
119900075,1983,1606,377
119900076,429,52,377
119900077,1565,431,1134
119900078,892,611,281
119900079,1254,77,1177
119900080,942,590,352
119900081,2067,5,2062
119900082,3148,264,2884
119900083,800,32,768
119900084,509,896,-387
119900085,74,26,48
119900086,652,566,86
119900087,247,1147,-900
119900088,40,27,13
119900089,55,133,-78
119900090,74,11,63
119900091,61,250,-189
119900092,69,1459,-1390
119900093,3175,178,2997
119900094,42,709,-667
119900095,103,74,29
119900096,49,82,-33
119900097,135,270,-135
119900098,61,19,42
119900099,33,106,-73
119900100,790,3134,-2344
119900101,295,1202,-907
119900102,81,126,-45
119900103,56,106,-50
119900104,50,48,2
119900105,953,2189,-1236
119900106,14,92,-78
119900107,389,1318,-929
119900108,3252,543,2709
119900109,21,102,-81
119900110,794,531,263
119900111,425,209,216
119900112,884,1635,-751
119900113,68,188,-120
119900114,355,543,-188
119900115,732,277,455
119900116,190,733,-543
119900117,661,314,347
119900118,165,170,-5
119900119,676,205,471
119900120,567,317,250
119900121,1095,459,636
119900122,48,106,-58
119900123,157,348,-191
119900124,689,293,396
119900125,22,243,-221
119900126,2393,150,2243
119900127,637,320,317
119900128,673,1207,-534
119900129,620,184,436
119900130,3,116,-113
119900131,67,57,10
119900132,64,69,-5
119900133,159,62,97
119900134,624,119,505
119900135,3,186,-183
119900136,54,185,-131
119900138,159,336,-177
119900139,23,393,-370
119900140,6,40,-34
119900141,30,1513,-1483
119900142,6,32,-26
119900143,35,169,-134
119900144,1175,199,976
119900145,99,236,-137
119900146,363,192,171
119900147,0,197,-197
119900148,387,30,357
119900149,460,10640,-10180
119900150,133,133,0
119900151,2360,1206,1154
119900152,280,111,169
119900153,197,41,156
119900154,48,500,-452
119900155,43,13,30
119900156,25,0,25
119900157,389,139,250
119900158,267,56,211
119900159,0,342,-342
119900160,8,219,-211
119900161,212,111,101
119900162,1713,622,1091
119900163,56,144,-88
119900164,1,2,-1
119900165,366,52,314
119900166,120,67,53
119900167,2,58,-56
119900168,2534,267,2267
119900169,34,510,-476
119900170,165,307,-142
119900171,1277,665,612
119900172,33,26,7
119900173,32,156,-124
119900174,1,166,-165
119900175,3702,467,3235
119900177,59,140,-81
119900178,1,105,-104
119900179,370,1564,-1194
119900180,2421,749,1672
119900181,11,76,-65
119900182,2,70,-68
119900183,239,845,-606
119900184,647,311,336
119900185,58,648,-590
119900186,9,2622,-2613
119900187,5,199,-194
119900188,233,286,-53
119900189,121,524,-403
119900190,138,479,-341
119900191,253,644,-391
119900192,38,172,-134
119900193,881,191,690
119900194,27,48,-21
119900195,6,252,-246
119900196,257,110,147
119900197,508,319,189
119900198,218,407,-189
119900199,254,26,228
119900200,1339,742,597
119900201,287,186,101
119900202,62,498,-436
119900203,213,1211,-998
119900204,458,344,114
119900205,2025,300,1725
119900206,547,319,228
119900208,224,183,41
119900209,801,3531,-2730
119900210,128,19,109
119900211,58,5,53
119900212,1505,383,1122
119900213,11,49,-38
119900214,151,26,125
119900215,58,18,40
119900216,27,10,17
119900217,3,4,-1
119900218,1,147,-146
119900219,23,31,-8
119900220,8,28,-20
119900221,53,47,6
119900222,19,34,-15
119900223,7,14,-7
119900224,56,13,43
119900225,209,16,193
119900226,183,2854,-2671
119900227,220,165,55
119900228,19,406,-387
119900229,81,223,-142
119900230,1234,214,1020
119900231,394,93,301
119900232,153,81,72
119900233,95,5,90
119900234,8,191,-183
119900235,8,37,-29
119900236,48,306,-258
119900237,113,217,-104
119900238,7,261,-254
119900240,65,200,-135
119900241,247,93,154
119900242,2027,1603,424
119900244,817,1234,-417
119900245,450,288,162
119900246,154,411,-257
119900247,11,61,-50
119900248,50,733,-683
119900249,423,186,237
119900253,1739,315,1424
119900254,85,2390,-2305
119900255,204,638,-434
119900256,1075,248,827
119900257,131,3,128
119900258,187,2,185
119900259,31,115,-84
119900260,295,21,274
119900261,1053,440,613
119900262,2,221,-219
119900263,2397,195,2202
119900264,366,72,294
119900265,776,504,272
119900266,954,240,714
119900267,198,358,-160
119900268,501,78,423
119900269,2218,668,1550
119900271,152,101,51
119900272,115,294,-179
119900275,260,4,256
119900276,302,4,298
119900277,32,11,21
119900278,701,108,593
119900279,194,549,-355
119900280,710,53,657
119900281,2,547,-545
119900282,16,137,-121
119900283,66,55,11
119900284,32,134,-102
119900285,4,94,-90
119900286,0,31,-31
119900288,28,14,14
119900289,0,39,-39
119900290,2,1,1
119900291,0,76,-76
119900292,52,125,-73
119900293,28,46,-18
119900294,47,29,18
119900295,39,5,34
119900296,106,30,76
119900297,0,5,-5
119900298,2,1,1
119900299,183,648,-465
119900300,634,405,229
119900301,73,394,-321
119900302,42,395,-353
119900303,383,359,24
119900304,261,27,234
119900305,20,171,-151
119900306,21,1,20
119900307,55,174,-119
119900308,2,41,-39
119900309,23,434,-411
119900310,325,220,105
119900311,331,44,287
119900312,355,56,299
119900313,354,268,86
119900314,318,517,-199
119900315,3303,1109,2194
119900318,29,132,-103
119900319,0,68,-68
119900320,526,344,182
119900321,452,29,423
120000001,12401,53933,-41532
120000002,3421,3678,-257
120000003,2861,1262,1599
120000004,4165,1482,2683
120000005,2822,1432,1390
120000006,2421,1279,1142
120000007,3262,3728,-466
120000008,1999,2539,-540
120000009,1500,567,933
120000010,2922,2887,35
120000011,2020,2095,-75
120000012,2332,1915,417
120000013,5766,4158,1608
120000014,2296,2410,-114
120000015,5839,4612,1227
120000016,6295,3334,2961
120000017,7045,7426,-381
120000018,4406,29483,-25077
120000019,2293,2342,-49
120000020,3053,4740,-1687
120000021,2496,2591,-95
120000022,2902,4372,-1470
120000023,1923,2296,-373
120000024,1359,2672,-1313
120000025,4061,2187,1874
120000026,5959,2945,3014
120000027,3648,2558,1090
120000028,1101,1975,-874
120000029,1727,2059,-332
120000030,203,1770,-1567
120000031,2302,8415,-6113
120000032,5223,3148,2075
120000033,5581,1726,3855
120000034,6036,1367,4669
120000035,5485,2042,3443
120000036,5376,7661,-2285
120000037,890,2792,-1902
120000038,4969,4605,364
120000039,974,2389,-1415
120000040,129,2429,-2300
120000041,583,1975,-1392
120000042,2886,2854,32
120000043,6888,1004,5884
120000044,8048,1309,6739
120000045,12900,1045,11855
120000046,7887,11100,-3213
120000047,778,18001,-17223
120000048,13762,7901,5861
120000049,6858,6334,524
120000050,4702,9306,-4604
120000051,3399,6181,-2782
120000052,7589,1597,5992
120000053,2092,1435,657
120000054,1935,2583,-648
120000055,2314,3444,-1130
120000056,5655,3764,1891
120000057,5918,2638,3280
120000058,1636,2530,-894
120000059,6,2420,-2414
120000061,181,1107,-926
120000062,201,370,-169
120000063,764,2286,-1522
120000064,657,1014,-357
120000065,521,2281,-1760
120000066,145,779,-634
120000067,16,266,-250
120000068,448,280,168
120000069,1282,308,974
120000070,669,1058,-389
120000071,1784,135,1649
120000072,2049,553,1496
120000073,1970,137,1833
120000074,254,280,-26
120000075,1615,922,693
120000076,4331,752,3579
120000077,4045,892,3153
120000078,4612,2024,2588
120000079,815,508,307
120000080,346,411,-65
120000081,461,152,309
120000082,670,374,296
120000083,87,1649,-1562
120000084,519,322,197
120000085,357,532,-175
120000086,342,349,-7
120000087,470,308,162
120000088,1486,952,534
120000089,1380,507,873
120000090,1728,817,911
120000091,2334,820,1514
120000092,1280,416,864
120000093,1293,716,577
120000094,612,1889,-1277
120000095,1354,209,1145
120000096,842,405,437
120000098,1443,711,732
120000099,695,737,-42
120000100,956,641,315
120000101,1128,398,730
120000102,1655,1783,-128
120000103,2770,1473,1297
120000104,3889,730,3159
120000105,5515,462,5053
120000106,6251,481,5770
120000107,11025,652,10373
120000108,3867,221,3646
120000109,2192,113,2079
120000110,21,759,-738
120000111,116,953,-837
120000112,550,1398,-848
120000113,845,1174,-329
120000114,810,1343,-533
120000115,525,1136,-611
120000116,755,1428,-673
120000117,972,1427,-455
120000118,87,114,-27
120000119,61,67,-6
120000120,214,373,-159
120000121,21,66,-45
120000122,556,1758,-1202
120000123,2674,16927,-14253
120000124,832,937,-105
120000125,2077,680,1397
120000126,699,4407,-3708
120000127,1113,2328,-1215
120000128,3389,7614,-4225
120000129,469,312,157
120000130,1840,665,1175
120000131,835,797,38
120000134,731,533,198
120000135,1782,903,879
120000137,564,317,247
120000138,3553,247,3306
120000139,592,363,229
120000140,2864,174,2690
120000141,513,1165,-652
120000142,1664,1951,-287
120000143,1,53,-52
120000144,214,66,148
120000145,1815,5,1810
120000146,1432,3026,-1594
120000149,789,804,-15
120000150,2320,18405,-16085
120000151,1056,766,290
120000152,1772,247,1525
120000153,898,653,245
120000154,1141,3245,-2104
120000155,557,889,-332
120000156,1139,4612,-3473
120000157,1920,933,987
120000158,2550,1298,1252
120000159,3436,2104,1332
120000160,2885,2175,710
120000161,7910,5111,2799
120000162,273,691,-418
120000163,1248,393,855
120000164,1291,508,783
120000165,1608,522,1086
120000166,2931,517,2414
120000167,275,284,-9
120000168,8,577,-569
120000169,26,1718,-1692
120000170,17,1771,-1754
120000171,12,801,-789
120000172,11,531,-520
120000173,146,1166,-1020
120000174,22,115,-93
120000175,39,105,-66
120000176,26,71,-45
120000177,647,131,516
120000178,5,11,-6
120000179,18,64,-46
120000180,40,38,2
120000181,33,1421,-1388
120000182,20,1307,-1287
120000183,2,367,-365
120000184,139,1348,-1209
120000186,11,1782,-1771
120000187,9,1085,-1076
120000188,36,801,-765
120000190,26,57,-31
120000191,59,85,-26
120000192,54,24,30
120000193,22,4,18
120000195,4,0,4
120000196,10,3,7
120000197,3,5,-2
120000198,443,37,406
120000199,686,1,685
120000200,815,14,801
120000201,112,125,-13
120000202,0,60,-60
120000203,473,102,371
120000207,2,27,-25
120000208,14,48,-34
120000209,18,11,7
120000210,36,24,12
120000211,529,14,515
120000212,727,0,727
120000213,388,114,274
120000214,0,62,-62
120000215,11,55,-44
120000216,674,39,635
120000217,256,1001,-745
120000218,29,504,-475
120000219,0,246,-246
120000220,2,639,-637
120000225,4546,3,4543
120000226,814,18,796
120000227,1702,238,1464
120000228,12313,6552,5761
120000230,1051,43,1008
120000231,3064,856,2208
120000233,1168,16,1152
120000235,446,521,-75
120000236,2554,7,2547
120000237,2,1120,-1118
120000238,2,455,-453
120000241,1894,7237,-5343
120000412,214,30,184
120000413,1517,251,1266
120000414,661,33,628
120000415,0,107,-107
120000416,325,26,299
120000417,44,566,-522
120000418,656,31,625
120000419,41,106,-65
120000420,126,14,112
120000421,10629,6093,4536
120000422,149,5798,-5649
120000423,3,207,-204
120000424,736,92,644
120000436,178,2463,-2285
120000437,62,177,-115
120000438,2159,350,1809
120000439,554,1155,-601
120000443,319,1,318
120000444,3110,659,2451
120000445,3870,2742,1128
120000446,3705,254,3451
120000447,1010,3,1007
120000449,576,16,560
120000450,19,152,-133
120000451,433,292,141
120000452,406,1,405
120000453,0,41,-41
120000454,40,55,-15
120000455,246,59,187
120000456,2796,10600,-7804
120000457,1339,649,690
120000458,869,1125,-256
120000459,352,126,226
120000665,102,548,-446
120000668,176,2853,-2677
120000669,549,153,396
120000670,92,1225,-1133
120000671,5361,1670,3691
120000672,146,607,-461
120900001,122,85,37
120900002,119,692,-573
120900003,290,28,262
120900004,16,309,-293
120900005,18,462,-444
120900006,1377,265,1112
120900007,460,96,364
120900008,1005,420,585
120900009,442,21,421
120900010,1434,297,1137
120900011,54,556,-502
120900012,32,1689,-1657
120900013,615,323,292
120900014,0,332,-332
120900015,1482,527,955
120900016,3400,147,3253
120900017,2646,27,2619
120900018,416,191,225
120900019,641,755,-114
120900020,381,875,-494
120900021,572,315,257
120900022,4,366,-362
120900023,656,318,338
120900024,1835,549,1286
120900025,1486,1079,407
120900026,264,139,125
120900027,605,23,582
120900028,1025,279,746
120900029,26,1658,-1632
120900030,4470,748,3722
120900031,550,119,431
120900032,2627,128,2499
120900033,2425,327,2098
120900034,24,6773,-6749
120900035,248,68,180
120900037,741,29,712
120900038,343,702,-359
120900039,317,55,262
120900040,519,8,511
120900041,28,19,9
120900042,996,38,958
120900043,180,110,70
120900044,7,915,-908
120900045,462,55,407
120900046,1615,12,1603
120900047,359,223,136
120900048,368,34,334
120900049,1022,8,1014
120900050,1241,5530,-4289
120900051,841,125,716
120900052,2220,24,2196
120900053,675,32,643
120900054,1502,373,1129
120900055,1544,8,1536
120900056,1397,42,1355
120900057,748,13,735
120900058,1514,3,1511
120900059,397,11,386
120900060,92,12,80
120900061,435,190,245
120900062,1032,5,1027
120900063,2329,53,2276
120900064,1798,0,1798
120900065,1369,4,1365
120900066,873,90,783
120900067,399,203,196
120900068,749,1,748
120900069,1268,11,1257
120900071,48,0,48
120900072,2375,39,2336
120900073,2223,54,2169
120900074,1259,29,1230
120900076,1176,0,1176
120900077,1576,136,1440
120900078,1604,479,1125
120900079,1317,47,1270
120900080,2814,314,2500
120900081,4623,317,4306
120900082,451,743,-292
120900083,139,1,138
120900084,987,718,269
120900085,154,130,24
120900086,65,1236,-1171
120900087,730,357,373
120900088,287,1076,-789
120900089,1956,7603,-5647
120900090,595,35,560
120900091,242,1051,-809
120900092,172,288,-116
120900093,1419,126,1293
120900094,231,217,14
120900095,476,24,452
120900096,171,115,56
120900097,1045,657,388
120900098,103,151,-48
120900099,58,68,-10
120900100,75,180,-105
120900101,35,206,-171
120900102,125,80,45
120900103,165,252,-87
120900104,30,63,-33
120900105,63,923,-860
120900106,380,244,136
120900107,65,140,-75
120900108,74,197,-123
120900109,90,432,-342
120900110,132,217,-85
120900111,317,150,167
120900112,37,228,-191
120900113,66,428,-362
120900114,22,107,-85
120900115,198,357,-159
120900116,1526,147,1379
120900117,37,87,-50
120900118,105,154,-49
120900119,9821,2746,7075
120900120,178,784,-606
120900121,87,291,-204
120900122,1864,211,1653
120900123,15,94,-79
120900124,9,173,-164
120900125,6,417,-411
120900126,259,532,-273
120900127,23,144,-121
120900128,545,658,-113
120900129,23,148,-125
120900130,11,146,-135
120900131,223,244,-21
120900132,2379,116,2263
120900133,68,607,-539
120900134,315,146,169
120900135,6,222,-216
120900136,53,189,-136
120900137,685,114,571
120900138,7,127,-120
120900139,3,177,-174
120900140,6,315,-309
120900141,348,395,-47
120900142,32,171,-139
120900143,1,144,-143
120900144,0,49,-49
120900145,250,2603,-2353
120900146,13,137,-124
120900147,652,29,623
120900148,208,131,77
120900149,0,138,-138
120900150,132,193,-61
120900151,319,127,192
120900152,694,27,667
120900153,0,0,0
120900154,6,178,-172
120900155,429,325,104
120900156,1272,233,1039
120900157,0,0,0
120900158,162,262,-100
120900159,1,45,-44
120900160,56,483,-427
120900161,58,334,-276
120900162,25,480,-455
120900163,83,918,-835
120900164,0,43,-43
120900165,1,62,-61
120900166,70,1121,-1051
120900167,149,106,43
120900169,343,273,70
120900170,210,8145,-7935
120900171,467,90,377
120900172,33,1842,-1809
120900173,26,74,-48
120900174,0,136,-136
120900175,366,129,237
120900176,27,622,-595
120900177,3,4159,-4156
120900178,63,405,-342
120900179,166,233,-67
120900180,47,391,-344
120900181,76,76,0
120900182,88,165,-77
120900183,747,98,649
120900184,293,89,204
120900185,1033,2991,-1958
120900186,1,178,-177
120900187,1045,693,352
120900188,698,22,676
120900189,135,7325,-7190
120900190,553,17,536
120900191,421,16,405
120900192,6851,27430,-20579
120900194,119,204,-85
120900195,148,293,-145
120900196,402,156,246
120900197,1278,179,1099
120900198,199,501,-302
120900199,387,291,96
120900200,19,102,-83
120900201,218,99,119
120900202,2,154,-152
120900203,43,86,-43
120900204,112,198,-86
120900205,251,23,228
120900206,124,92,32
120900207,13,716,-703
121000001,1178,3316,-2138
121000002,3287,3461,-174
121000003,10381,3374,7007
121000004,3265,5192,-1927
121000005,3272,3730,-458
121000006,3643,4048,-405
121000007,4442,8412,-3970
121000008,4869,7118,-2249
121000009,7281,12085,-4804
121000010,8218,7940,278
121000011,8670,9852,-1182
121000012,14465,5993,8472
121000013,8806,7961,845
121000014,6672,5532,1140
121000015,8290,11018,-2728
121000016,5256,5969,-713
121000017,2782,1888,894
121000018,4220,2840,1380
121000019,10798,8796,2002
121000020,11668,17451,-5783
121000021,2309,2668,-359
121000022,3098,5022,-1924
121000023,3190,1200,1990
121000024,6015,7338,-1323
121000025,742,2485,-1743
121000026,559,325,234
121000027,2334,1893,441
121000028,1128,1308,-180
121000029,1298,1075,223
121000030,1314,1180,134
121000031,737,1443,-706
121000032,196,209,-13
121000034,663,2324,-1661
121000035,497,822,-325
121000036,1720,2070,-350
121000037,912,2511,-1599
121000038,457,1548,-1091
121000039,286,581,-295
121000041,647,810,-163
121000042,238,653,-415
121000043,844,844,0
121000044,2444,1919,525
121000045,659,253,406
121000046,1336,1830,-494
121000047,521,302,219
121000049,1712,927,785
121000050,455,3204,-2749
121000051,981,563,418
121000052,554,1892,-1338
121000053,995,512,483
121000054,93,1186,-1093
121000055,1261,5248,-3987
121000056,1322,1888,-566
121000057,201,738,-537
121000058,197,127,70
121000059,4280,1888,2392
121000060,548,1521,-973
121000061,25,627,-602
121000062,159,2001,-1842
121000063,1453,2162,-709
121000064,1015,1264,-249
121000065,259,1167,-908
121000066,1159,2304,-1145
121000067,623,1575,-952
121000068,613,793,-180
121000069,208,2033,-1825
121000070,1764,3472,-1708
121000071,2706,3372,-666
121000072,870,3360,-2490
121000073,1286,3244,-1958
121000074,77,924,-847
121000075,7,303,-296
121000076,516,816,-300
121000077,151,285,-134
121000078,169,418,-249
121000080,4783,1187,3596
121000081,6249,5461,788
121000082,182,653,-471
121000083,88,313,-225
121000084,397,357,40
121000085,714,878,-164
121000086,1921,603,1318
121000087,110,250,-140
121000088,1042,805,237
121000089,196,763,-567
121000090,239,680,-441
121000091,1708,970,738
121000092,270,146,124
121000093,469,425,44
121000094,407,1192,-785
121000095,161,1084,-923
121000096,8814,1651,7163
121000097,821,3034,-2213
121000098,939,697,242
121000099,1592,694,898
121000100,1360,213,1147
121000101,550,201,349
121000102,748,143,605
121000103,291,139,152
121000104,478,65,413
121000105,564,183,381
121000106,347,278,69
121000107,2326,3955,-1629
121000109,1674,1020,654
121000110,175,735,-560
121000114,5636,3524,2112
121000115,4883,1143,3740
121000116,1444,2221,-777
121000117,244,567,-323
121000118,2448,497,1951
121000119,526,379,147
121000120,707,548,159
121000121,537,3691,-3154
121000123,1120,506,614
121000127,211,258,-47
121000128,1823,204,1619
121000129,1611,263,1348
121000130,774,951,-177
121000131,1525,887,638
121000132,680,1106,-426
121000135,259,199,60
121000136,1236,2657,-1421
121000137,1715,518,1197
121000138,478,2083,-1605
121000139,156,632,-476
121000141,401,526,-125
121000142,853,1015,-162
121000143,154,17,137
121000144,649,788,-139
121000145,1579,1147,432
121000146,1688,2446,-758
121000147,2672,1123,1549
121000148,1458,1380,78
121000149,3910,3768,142
121000152,438,635,-197
121000153,2095,701,1394
121000154,2842,1001,1841
121000155,6206,2058,4148
121000156,592,1846,-1254
121000157,1379,1673,-294
121000158,206,510,-304
121000159,326,648,-322
121000160,436,875,-439
121000161,459,452,7
121000162,199,46,153
121000165,1324,2181,-857
121000166,67,804,-737
121000168,524,320,204
121000169,206,368,-162
121000170,410,126,284
121000171,242,436,-194
121000172,2122,2625,-503
121000173,2561,2302,259
121000174,1283,927,356
121000175,2932,1135,1797
121000176,1001,576,425
121000177,1190,1460,-270
121000178,79,151,-72
121000179,73,111,-38
121000181,380,521,-141
121000182,287,696,-409
121000183,75,284,-209
121000184,37,399,-362
121000185,45,694,-649
121000186,517,1400,-883
121000187,421,157,264
121000188,681,153,528
121000192,1274,682,592
121000193,1173,551,622
121000194,3488,3313,175
121000195,401,2577,-2176
121000196,1004,933,71
121000197,178,2636,-2458
121000198,242,457,-215
121000199,193,752,-559
121000200,996,372,624
121000201,35,777,-742
121000202,785,290,495
121000203,1130,3537,-2407
121000204,4677,800,3877
121000205,152,533,-381
121000206,139,208,-69
121000207,3552,553,2999
121000208,6,491,-485
121000209,1476,130,1346
121000210,1128,630,498
121000211,951,181,770
121000212,536,1150,-614
121000213,30363,5364,24999
121000214,2500,3445,-945
121000215,998,4512,-3514
121000216,866,1027,-161
121000217,5541,5244,297
121000218,641,4605,-3964
121000219,2714,1572,1142
121000220,438,192,246
121000221,386,880,-494
121000222,9886,5943,3943
121000223,289,1657,-1368
121000224,104,673,-569
121000225,899,10103,-9204
121000226,1219,3612,-2393
121000227,25,182,-157
121000228,42,1093,-1051
121000229,899,956,-57
121000230,167,5067,-4900
121000231,3207,39,3168
121000232,842,465,377
121000233,1368,687,681
121000234,4,107,-103
121000235,52,61,-9
121000236,0,61,-61
121000237,6,33,-27
121000238,10,134,-124
121000239,88,6,82
121000240,10,230,-220
121000241,89,16,73
121000242,42,535,-493
121000243,182,44,138
121000244,1,41,-40
121000245,37,2,35
121000246,0,83,-83
121000247,226,0,226
121000248,374,696,-322
121000249,169,834,-665
121000250,769,997,-228
121000251,19,416,-397
121000252,188,270,-82
121000253,741,1676,-935
121000254,1429,798,631
121000255,175,788,-613
121000256,458,788,-330
121000257,30,390,-360
121000258,81,462,-381
121000259,24,354,-330
121000260,42,874,-832
121000261,41,584,-543
121000262,5117,609,4508
121000263,604,710,-106
121000271,2234,3587,-1353
121000273,78,64,14
121000274,21,368,-347
121000275,38,41,-3
121000276,13,133,-120
121000278,143,194,-51
121000279,46,208,-162
121000280,53,188,-135
121000289,868,14,854
121000290,2955,2546,409
121000294,343,51,292
121000297,484,1981,-1497
121000299,461,8628,-8167
121000300,3375,1157,2218
121000302,14,1074,-1060
121000303,1207,408,799
121000304,1024,111,913
121000305,557,192,365
121000306,425,553,-128
121000308,78,387,-309
121000309,283,535,-252
121000310,155,549,-394
121000311,61,341,-280
121000312,1096,858,238
121000313,518,389,129
121000314,231,373,-142
121000315,13,69,-56
121000530,3393,3478,-85
121000531,3769,2681,1088
121000532,7225,7016,209
121000533,4648,5043,-395
121000918,39,87,-48
121000919,25,104,-79
121000938,122,43,79
121000939,54,372,-318
121000956,1939,3972,-2033
121000957,5,67,-62
121000958,13,684,-671
121000959,2452,370,2082
121000960,2556,2615,-59
121000961,584,57,527
121000962,399,488,-89
121000973,2,384,-382
121000976,13,56,-43
121000979,814,211,603
121000981,539,135,404
121000982,732,354,378
121000983,1137,198,939
121000984,7,137,-130
121000985,1494,837,657
121000986,946,586,360
121000987,482,1214,-732
121000988,1770,195,1575
121001302,418,306,112
121001308,0,134,-134
121001309,37,506,-469
121001313,419,157,262
121001314,2778,1947,831
121001315,7356,5814,1542
121001326,1109,588,521
121900001,223,630,-407
121900002,94,363,-269
121900003,626,3,623
121900004,95,1798,-1703
121900005,12,10,2
121900006,217,14,203
121900007,4003,2293,1710
121900008,33,309,-276
121900009,1827,55,1772
121900010,417,4,413
121900011,252,164,88
121900012,5,0,5
121900013,221,106,115
121900014,5909,643,5266
121900015,181,247,-66
121900016,23,121,-98
121900017,845,1632,-787
121900018,1349,11,1338
121900019,1129,316,813
121900020,159,1,158
121900021,1877,71,1806
121900022,307,313,-6
121900023,506,656,-150
121900024,988,45,943
121900025,1017,890,127
121900026,603,150,453
121900027,529,352,177
121900028,554,61,493
121900029,206,1001,-795
121900030,595,943,-348
121900031,2497,9818,-7321
121900032,214,137,77
121900033,239,451,-212
121900034,273,709,-436
121900035,13253,5338,7915
121900036,229,815,-586
121900037,136,1797,-1661
121900038,57,81,-24
121900039,411,35,376
121900040,44,158,-114
121900041,33,331,-298
121900042,580,269,311
121900043,1,1,0
121900044,145,54,91
121900046,200,301,-101
121900047,272,154,118
121900048,50,65,-15
121900050,45,94,-49
121900051,216,602,-386
121900052,342,105,237
121900053,599,797,-198
121900054,494,3887,-3393
121900055,0,22,-22
121900058,461,639,-178
121900059,489,225,264
121900060,182,1323,-1141
121900062,95,73,22
121900063,2658,1122,1536
121900064,613,1091,-478
121900066,137,27,110
121900067,105,59,46
121900069,234,332,-98
121900070,105,261,-156
121900071,1104,539,565
121900072,78,272,-194
121900073,194,484,-290
121900074,429,592,-163
121900075,410,1446,-1036
121900076,747,3150,-2403
121900078,149,79,70
121900079,0,0,0
121900080,1375,279,1096
121900082,122,235,-113
121900084,31,34,-3
121900086,52,55,-3
121900087,69,183,-114
121900088,2145,2317,-172
121900089,651,384,267
121900090,4,66,-62
121900091,118,45,73
121900092,154,100,54
121900093,148,156,-8
121900094,19,15,4
121900095,547,166,381
121900096,1194,1126,68
121900097,1290,197,1093
121900098,2,2,0
121900099,419,57,362
121900100,61,268,-207
121900101,85,230,-145
121900102,3,147,-144
121900103,461,612,-151
121900104,3176,843,2333
121900105,276,202,74
121900106,3,13,-10
121900107,158,20,138
121900108,1,76,-75
121900109,378,231,147
121900110,1170,821,349
121900111,1015,692,323
121900112,203,304,-101
121900113,128,973,-845
121900114,38,120,-82
121900117,167,886,-719
121900118,4106,952,3154
121900119,220,83,137
121900120,386,1055,-669
121900121,766,44,722
121900122,87,43,44
121900123,454,438,16
121900124,435,373,62
121900125,5832,2026,3806
121900127,31,205,-174
121900128,135,126,9
121900129,357,93,264
121900130,184,792,-608
121900131,509,238,271
121900132,101,134,-33
121900133,12,582,-570
121900134,8,640,-632
121900135,7035,560,6475
121900136,378,872,-494
121900137,53,497,-444
121900138,52,338,-286
121900139,548,6381,-5833
121900140,63,105,-42
121900141,72,105,-33
121900142,104,50,54
121900143,65,108,-43
121900144,199,1127,-928
121900145,179,244,-65
121900146,472,824,-352
121900147,76,729,-653
121900148,425,686,-261
121900149,399,416,-17
121900150,46,511,-465
121900151,33,696,-663
121900152,227,56,171
121900153,24,198,-174
121900154,27,856,-829
121900155,2,801,-799
121900156,269,370,-101
121900157,0,439,-439
121900158,238,136,102
121900159,0,161,-161
121900160,0,273,-273
121900161,183,595,-412
121900162,89,425,-336
121900163,943,200,743
121900164,294,504,-210
121900165,213,365,-152
121900166,149,251,-102
121900167,48,74,-26
121900168,192,105,87
121900169,37,576,-539
121900170,26,135,-109
121900171,1599,1039,560
121900172,1010,558,452
121900173,1157,639,518
121900174,91,58,33
121900175,82,1606,-1524
121900176,826,3038,-2212
121900177,260,110,150
121900178,89,107,-18
121900179,440,692,-252
121900180,2387,8517,-6130
121900182,891,1579,-688
121900183,349,2388,-2039
121900184,22,1456,-1434
121900186,7,834,-827
121900187,67,189,-122
121900188,2605,241,2364
121900189,125,173,-48
121900190,329,784,-455
121900191,78,1691,-1613
121900192,364,4613,-4249
121900193,63,617,-554
121900194,4,301,-297
121900195,25,49,-24
121900196,2117,1513,604
121900197,547,1524,-977
121900198,6384,4383,2001
121900199,5,29,-24
121900200,41,493,-452
121900201,1653,1089,564
121900202,425,1970,-1545
121900203,120,2091,-1971
121900204,2659,2116,543
121900205,37,184,-147
121900206,19,186,-167
121900207,51,85,-34
121900208,133,1101,-968
121900209,103,86,17
121900210,4174,1800,2374
121900211,2301,736,1565
121900212,36,201,-165
121900213,740,47,693
121900214,2,669,-667
121900215,75,408,-333
121900216,10,690,-680
121900217,345,379,-34
121900218,148,1117,-969
121900220,142,21,121
121900221,1042,648,394
121900222,657,91,566
121900223,250,230,20
121900224,215,209,6
121900225,261,1451,-1190
121900226,307,34,273
121900227,412,4870,-4458
121900228,293,195,98
121900230,152,452,-300
121900231,91,1960,-1869
121900232,264,1028,-764
121900233,1091,291,800
121900234,425,765,-340
121900235,913,174,739
121900236,391,435,-44
121900237,421,1664,-1243
121900238,292,714,-422
121900239,111,74,37
121900240,222,279,-57
121900241,28,59,-31
121900242,44,0,44
121900243,6,0,6
121900244,6,2,4
121900245,766,62,704
121900246,12400,706,11694
121900248,3013,956,2057
121900250,90,438,-348
121900251,1175,31,1144
121900252,503,232,271
121900253,133,1807,-1674
121900254,270,601,-331
121900255,1090,244,846
121900258,7370,1874,5496
121900259,184,775,-591
121900260,139,172,-33
121900261,122,1187,-1065
121900262,1184,2385,-1201
121900263,403,272,131
121900264,1287,895,392
121900265,598,207,391
121900266,1035,261,774
121900267,361,28,333
121900269,709,1324,-615
121900270,82,391,-309
121900271,111,351,-240
121900273,610,3252,-2642
121900274,864,331,533
121900277,249,2003,-1754
121900278,188,4032,-3844
121900279,330,287,43
121900280,86,484,-398
121900281,174,801,-627
121900284,59,2,57
121900286,348,270,78
121900287,11,83,-72
121900288,9,3,6
121900290,351,2532,-2181
121900291,433,2547,-2114
121900292,169,277,-108
121900293,1279,11501,-10222
121900294,698,5,693
121900295,296,121,175
121900296,90,518,-428
121900298,171,1908,-1737
121900299,0,18,-18
121900300,65,27,38
121900301,42,3,39
121900302,7,137,-130
121900303,159,1609,-1450
121900304,53,20,33
121900305,75,27,48
121900306,467,0,467
121900307,191,11,180
121900308,15,342,-327
121900309,23,321,-298
121900310,10,238,-228
121900311,1141,61,1080
121900312,683,149,534
121900313,846,96,750
121900314,10,19,-9
121900315,98,0,98
121900316,0,25,-25
121900317,19,24,-5
121900318,2,1,1
121900319,83,370,-287
121900320,132,27,105
121900321,44,6,38
121900322,10,23,-13
121900323,59,26,33
121900324,1,92,-91
121900325,39,0,39
121900326,3,2,1
121900327,7,40,-33
121900328,8,113,-105
121900329,2,43,-41
121900330,0,149,-149
121900331,27,62,-35
121900332,75,40,35
121900333,121,2,119
121900334,137,73,64
122000001,1689,5013,-3324
122000002,2932,1202,1730
122000003,965,2714,-1749
122000004,1332,1544,-212
122000005,9059,2276,6783
122000006,555,1525,-970
122000007,628,1980,-1352
122000008,1107,3615,-2508
122000009,595,658,-63
122000010,3132,3334,-202
122000011,7562,2550,5012
122000012,985,5119,-4134
122000013,669,2703,-2034
122000014,8639,2731,5908
122000015,1353,1152,201
122000016,537,782,-245
122000017,1918,1972,-54
122000018,4523,3305,1218
122000019,1114,3832,-2718
122000020,274,909,-635
122000021,163,385,-222
122000022,2006,2714,-708
122000023,1558,3790,-2232
122000024,471,4675,-4204
122000025,611,4427,-3816
122000026,255,1287,-1032
122000027,1113,1143,-30
122000028,3597,1129,2468
122000029,227,2636,-2409
122000030,196,521,-325
122000031,324,987,-663
122000032,7462,4481,2981
122000033,435,5444,-5009
122000034,264,1509,-1245
122000035,204,587,-383
122000036,570,1458,-888
122000037,1666,378,1288
122000038,252,810,-558
122000039,863,1354,-491
122000040,233,670,-437
122000041,2601,1464,1137
122000042,568,1460,-892
122000043,122,345,-223
122000044,72,227,-155
122000045,3655,1409,2246
122000046,1286,2724,-1438
122000047,72,396,-324
122000048,2017,5336,-3319
122000049,9923,6090,3833
122000050,751,1022,-271
122000051,273,832,-559
122000052,996,729,267
122000053,410,1609,-1199
122000054,2322,3699,-1377
122000055,2027,4085,-2058
122000056,4216,2660,1556
122000057,6213,3715,2498
122000058,662,2022,-1360
122000059,771,4112,-3341
122000060,262,1312,-1050
122000061,144,956,-812
122000062,652,375,277
122000063,269,1623,-1354
122000064,3024,9889,-6865
122000065,2614,6702,-4088
122000066,398,2489,-2091
122000067,1635,3334,-1699
122000068,7774,2136,5638
122000069,2377,3399,-1022
122000070,2688,2459,229
122000071,6670,1703,4967
122000072,2189,1030,1159
122000073,211,2461,-2250
122000074,3140,2996,144
122000075,1631,1476,155
122000076,11894,2868,9026
122000077,624,3207,-2583
122000078,450,3920,-3470
122000079,325,4162,-3837
122000080,629,804,-175
122000081,103,244,-141
122000082,305,1692,-1387
122000083,15179,1180,13999
122000084,8017,2726,5291
122000085,383,1933,-1550
122000086,5958,13006,-7048
122000087,351,251,100
122000088,69,266,-197
122000089,11897,4309,7588
122000090,1422,3585,-2163
122000091,142,2124,-1982
122000092,47,298,-251
122000093,1956,8860,-6904
122000094,11396,4759,6637
122000095,992,8803,-7811
122000096,406,4745,-4339
122000098,6272,5352,920
122000099,574,3622,-3048
122000100,850,1093,-243
122000101,364,1224,-860
122000102,7763,2087,5676
122000103,1581,4618,-3037
122000104,2963,187,2776
122000105,269,809,-540
122000106,669,2804,-2135
122000107,1878,577,1301
122000108,939,1165,-226
122000109,738,319,419
122000110,1109,789,320
122000111,4696,1948,2748
122000112,3224,2593,631
122000113,775,1325,-550
122000114,1788,5863,-4075
122000115,2991,1745,1246
122000116,324,694,-370
122000117,2328,715,1613
122000118,956,610,346
122000119,3133,1594,1539
122000120,783,3105,-2322
122000121,920,1985,-1065
122000122,329,746,-417
122000123,1259,1854,-595
122000124,791,560,231
122000125,426,566,-140
122000126,371,627,-256
122000127,350,708,-358
122000128,344,397,-53
122000129,646,3258,-2612
122000130,4602,1073,3529
122000131,1775,1060,715
122000132,304,529,-225
122000133,1147,907,240
122000134,1818,962,856
122000135,615,330,285
122000136,1058,817,241
122000137,3702,1307,2395
122000139,1039,4945,-3906
122000140,237,3119,-2882
122000141,10017,5217,4800
122000142,183,7107,-6924
122000143,258,457,-199
122000144,2370,2394,-24
122000145,1060,2783,-1723
122000146,502,6003,-5501
122000147,596,1747,-1151
122000148,383,2185,-1802
122000149,2745,1140,1605
122000150,2110,1732,378
122000151,282,538,-256
122000152,507,556,-49
122000153,550,709,-159
122000154,425,254,171
122000155,1652,5221,-3569
122000156,15223,6823,8400
122000157,713,15083,-14370
122000158,421,1986,-1565
122000159,969,1644,-675
122000160,2627,2073,554
122000161,1439,1259,180
122000162,1074,1307,-233
122000163,578,172,406
122000164,51,237,-186
122000165,1774,2284,-510
122000166,822,4021,-3199
122000167,403,886,-483
122000168,288,2372,-2084
122000169,654,497,157
122000170,462,454,8
122000171,43,99,-56
122000172,4026,2082,1944
122000173,2464,4581,-2117
122000174,1371,3235,-1864
122000175,905,685,220
122000176,564,2413,-1849
122000177,1129,2342,-1213
122000178,8724,5499,3225
122000179,4501,4882,-381
122000180,857,1313,-456
122000181,875,1952,-1077
122000182,2001,1241,760
122000183,4233,1732,2501
122000184,4238,4153,85
122000185,1284,4525,-3241
122000186,1281,4151,-2870
122000187,2488,3257,-769
122000188,675,630,45
122000189,265,438,-173
122000190,748,2699,-1951
122000191,1031,1143,-112
122000192,1566,778,788
122000193,661,1722,-1061
122000194,568,588,-20
122000195,198,2499,-2301
122000196,1116,473,643
122000197,610,1090,-480
122000198,649,4294,-3645
122000199,508,632,-124
122000200,1365,1137,228
122000201,1757,4599,-2842
122000202,1091,3747,-2656
122000203,2617,2077,540
122000204,1590,1575,15
122000205,905,653,252
122000206,11669,2044,9625
122000207,2033,3936,-1903
122000208,2519,5241,-2722
122000209,3166,1163,2003
122000210,2905,5958,-3053
122000211,1436,3798,-2362
122000212,929,788,141
122000213,1428,2982,-1554
122000214,2491,2982,-491
122000215,4144,2665,1479
122000217,2126,4706,-2580
122000218,1286,210,1076
122000219,3723,1687,2036
122000220,394,1223,-829
122000221,386,581,-195
122000222,704,245,459
122000223,921,1450,-529
122000225,808,651,157
122000226,1554,1665,-111
122000227,223,1866,-1643
122000228,325,404,-79
122000229,18,474,-456
122000230,63,1468,-1405
122000231,372,890,-518
122000232,621,756,-135
122000233,0,77,-77
122000234,791,108,683
122000235,1760,149,1611
122000236,2101,66,2035
122000237,126,403,-277
122000238,430,1321,-891
122000239,971,1343,-372
122000240,1735,956,779
122000241,4800,786,4014
122000242,830,240,590
122000243,1019,59,960
122000244,160,620,-460
122000245,192,72,120
122000246,696,320,376
122000247,784,603,181
122000248,1965,974,991
122000249,2711,1831,880
122000250,3286,1894,1392
122000251,177,261,-84
122000252,226,212,14
122000253,76,206,-130
122000254,552,207,345
122000255,587,807,-220
122000256,355,959,-604
122000257,504,167,337
122000258,347,716,-369
122000259,93,806,-713
122000260,500,952,-452
122000261,16,419,-403
122000262,0,58,-58
122000263,318,370,-52
122000264,2596,691,1905
122000265,4911,1823,3088
122000266,5866,1200,4666
122000267,294,213,81
122000268,288,534,-246
122000269,1289,587,702
122000270,926,591,335
122000271,389,6422,-6033
122000272,586,1819,-1233
122000273,872,945,-73
122000274,422,595,-173
122000275,382,541,-159
122000276,1987,669,1318
122000277,1465,2707,-1242
122000278,2859,276,2583
122000279,253,330,-77
122000280,810,892,-82
122000281,483,472,11
122000282,129,397,-268
122000283,313,292,21
122000284,110,158,-48
122000285,592,120,472
122000286,135,160,-25
122000287,2251,1561,690
122000288,636,336,300
122000291,4585,1253,3332
122000293,421,191,230
122000294,172,519,-347
122000295,1677,403,1274
122000296,61,2124,-2063
122000297,2456,5601,-3145
122000299,788,448,340
122000300,630,540,90
122000301,13938,4934,9004
122000302,610,6227,-5617
122000303,2894,1251,1643
122000304,31,376,-345
122000305,2679,1172,1507
122000306,173,319,-146
122000307,141,159,-18
122000309,132,85,47
122000310,47,129,-82
122000311,35,195,-160
122000312,272,309,-37
122000313,25,193,-168
122000314,311,748,-437
122000315,481,71,410
122000316,2146,457,1689
122000317,5064,492,4572
122000318,329,1656,-1327
122000319,162,483,-321
122000320,547,1698,-1151
122000321,86,320,-234
122000322,2232,3261,-1029
122000323,571,3375,-2804
122000324,2652,3819,-1167
122000325,975,5727,-4752
122000326,261,171,90
122000327,474,2099,-1625
122000328,627,1692,-1065
122000330,4276,4290,-14
122000333,42,78,-36
122000337,1653,427,1226
122000338,767,339,428
122000340,383,6391,-6008
122000342,2862,1137,1725
122000343,706,596,110
122000344,231,9,222
122000345,312,35,277
122000346,234,171,63
122000348,605,1051,-446
122000349,46,731,-685
122000351,407,429,-22
122000352,197,341,-144
122000353,258,89,169
122000355,209,557,-348
122000356,264,3906,-3642
122000357,85,12,73
122000358,15,18,-3
122000359,1,43,-42
122000360,0,20,-20
122000362,4,30,-26
122000364,476,253,223
122000365,1,49,-48
122000366,36,20,16
122000368,631,1140,-509
122000370,26,20,6
122000371,39,0,39
122000372,17,2,15
122000381,375,679,-304
122000382,76,424,-348
122000384,1361,1623,-262
122000385,82,0,82
122000386,246,3447,-3201
122000387,531,3026,-2495
122000388,1886,3046,-1160
122000389,452,2865,-2413
122000390,397,1333,-936
122000391,100,2005,-1905
122000392,204,283,-79
122000393,693,359,334
122000394,1275,358,917
122000395,302,250,52
122000396,609,89,520
122000397,46,150,-104
122000398,10,329,-319
122000399,188,86,102
122000400,23,2524,-2501
122000401,262,50,212
122000402,694,388,306
122000403,668,697,-29
122000404,354,271,83
122000408,626,905,-279
122000503,4,160,-156
122000524,128,883,-755
122000544,87,5239,-5152
122000614,488,434,54
122000616,240,1,239
122000640,196,93,103
122000641,404,350,54
122000642,2159,771,1388
122000643,56,427,-371
122000644,275,132,143
122000645,54,275,-221
122000651,495,4640,-4145
122000664,317,193,124
122000665,2613,916,1697
122000666,497,1120,-623
122000673,70,218,-148
122000674,951,523,428
122000675,3616,835,2781
122000686,1202,4443,-3241
122000687,3263,409,2854
122000688,403,870,-467
122000689,2113,490,1623
122000690,5474,1884,3590
122000691,1444,2190,-746
122000692,1821,399,1422
122000693,376,1081,-705
122000695,389,226,163
122000696,1229,265,964
122000698,885,669,216
122000699,907,120,787
122000701,4949,230,4719
122000702,751,1754,-1003
122000703,444,209,235
122000712,0,0,0
122000717,491,276,215
122000718,740,7774,-7034
122000719,19,246,-227
122000720,1783,143,1640
122000724,324,276,48
122900001,27,54,-27
122900002,785,10789,-10004
122900003,996,57,939
122900004,2083,168,1915
122900005,30,111,-81
122900006,350,1014,-664
122900007,40,989,-949
122900008,257,113,144
122900009,1542,446,1096
122900010,371,170,201
122900012,225,454,-229
122900014,81,149,-68
122900015,1634,1069,565
122900016,332,232,100
122900017,345,3397,-3052
122900018,301,12,289
122900020,300,406,-106
122900021,132,618,-486
122900022,1956,1406,550
122900023,621,108,513
122900024,103,145,-42
122900025,5,425,-420
122900026,29,183,-154
122900027,105,1089,-984
122900028,81,60,21
122900029,13799,3013,10786
122900030,5738,767,4971
122900031,25,614,-589
122900032,1830,718,1112
122900033,190,254,-64
122900034,8033,6396,1637
122900035,44,2,42
122900036,42,56,-14
122900037,751,446,305
122900038,81,3885,-3804
122900039,115,515,-400
122900040,371,2268,-1897
122900041,180,544,-364
122900042,283,415,-132
122900043,486,536,-50
122900044,166,610,-444
122900045,218,680,-462
122900046,92,611,-519
122900047,111,369,-258
122900048,20,413,-393
122900049,7460,268,7192
122900051,86,2168,-2082
122900052,266,89,177
122900053,34,43,-9
122900055,743,79,664
122900057,437,31,406
122900061,742,54,688
122900062,735,957,-222
122900063,235,144,91
122900064,1142,537,605
122900065,841,312,529
122900066,872,393,479
122900067,740,579,161
122900069,539,2754,-2215
122900070,652,97,555
122900071,104,380,-276
122900073,20,147,-127
122900074,1297,157,1140
122900075,2,359,-357
122900076,12,600,-588
122900077,17,57,-40
122900078,395,32,363
122900080,25,75,-50
122900081,190,479,-289
122900082,2160,121,2039
122900083,425,52,373
122900084,15,156,-141
122900086,32,219,-187
122900087,670,561,109
122900088,56,1098,-1042
122900089,293,782,-489
122900090,12,337,-325
122900091,800,2,798
122900092,0,118,-118
122900093,2,91,-89
122900094,3,172,-169
122900095,241,17,224
122900096,670,226,444
122900097,38,53,-15
122900098,20,169,-149
122900099,198,27,171
122900100,93,910,-817
122900101,766,416,350
122900102,143,48,95
122900103,644,11,633
122900104,556,21,535
122900105,43,29,14
122900106,1,50,-49
122900107,2,97,-95
122900108,9,256,-247
122900109,677,151,526
123000001,864,1808,-944
123000002,3059,8523,-5464
123000003,7198,6322,876
123000004,5354,4538,816
123000005,4907,3309,1598
123000006,4678,2576,2102
123000007,6563,3901,2662
123000008,4316,4214,102
123000009,5563,5177,386
123000010,4265,7635,-3370
123000011,2625,3582,-957
123000012,1198,9541,-8343
123000013,8445,2671,5774
123000014,1335,5358,-4023
123000015,3621,1743,1878
123000016,4290,3994,296
123000017,7078,2637,4441
123000018,162,166,-4
123000019,1337,41,1296
123000020,853,29,824
123000021,360,449,-89
123000022,1211,3206,-1995
123000023,3374,4643,-1269
123000024,3113,2303,810
123000025,696,525,171
123000026,42,302,-260
123000027,52,1300,-1248
123000028,414,3166,-2752
123000029,340,1718,-1378
123000030,382,355,27
123000031,572,219,353
123000032,1060,228,832
123000033,882,369,513
123000034,1870,1194,676
123000035,906,849,57
123000036,465,2551,-2086
123000037,285,159,126
123000038,81,525,-444
123000039,946,2200,-1254
123000040,587,164,423
123000041,962,3483,-2521
123000042,727,1918,-1191
123000043,1915,21322,-19407
123000044,3459,2507,952
123000045,5975,2739,3236
123000046,166,1718,-1552
123000047,449,2066,-1617
123000048,120,1910,-1790
123000049,6690,14593,-7903
123000050,3764,2568,1196
123000051,164,479,-315
123000052,1213,4271,-3058
123000053,3706,3232,474
123000054,4317,2842,1475
123000055,3274,8851,-5577
123000056,1981,731,1250
123000057,4985,7295,-2310
123000058,1059,2209,-1150
123000059,388,594,-206
123000060,1621,487,1134
123000061,482,814,-332
123000063,2261,1783,478
123000064,2729,435,2294
123000065,5430,4366,1064
123000066,757,692,65
123000067,1795,1135,660
123000068,2401,2628,-227
123000069,3615,1561,2054
123000070,165,701,-536
123000071,3821,1135,2686
123000072,2024,765,1259
123000073,4801,1195,3606
123000074,2283,1743,540
123000075,614,3339,-2725
123000076,1405,619,786
123000077,3815,1728,2087
123000078,5636,1908,3728
123000079,4774,2323,2451
123000080,4926,1293,3633
123000081,503,719,-216
123000082,488,1158,-670
123000083,2063,257,1806
123000084,1485,774,711
123000085,1035,166,869
123000086,2026,171,1855
123000087,700,211,489
123000088,2369,625,1744
123000089,2410,1652,758
123000090,2897,1270,1627
123000091,3241,2261,980
123000092,1747,1988,-241
123000094,1356,275,1081
123000095,1818,1335,483
123000096,2262,638,1624
123000097,1598,492,1106
123000098,1937,776,1161
123000099,1687,488,1199
123000100,506,1219,-713
123000101,547,600,-53
123000102,924,1549,-625
123000104,700,1346,-646
123000105,563,517,46
123000106,847,733,114
123000107,480,419,61
123000108,900,1403,-503
123000111,2094,596,1498
123000112,2563,689,1874
123000113,1083,811,272
123000114,662,1142,-480
123000115,513,706,-193
123000116,79,259,-180
123000117,3651,1886,1765
123000118,1073,647,426
123000119,332,741,-409
123000120,523,971,-448
123000121,1053,1100,-47
123000122,573,593,-20
123000123,973,838,135
123000124,807,447,360
123000125,2323,1835,488
123000126,1696,8291,-6595
123000127,641,757,-116
123000128,582,458,124
123000129,1636,335,1301
123000130,1774,119,1655
123000131,2674,1735,939
123000132,631,1053,-422
123000133,396,470,-74
123000134,533,226,307
123000135,4741,1611,3130
123000136,205,575,-370
123000137,289,280,9
123000138,362,330,32
123000139,1193,242,951
123000140,65,576,-511
123000141,987,161,826
123000142,1442,1202,240
123000143,1210,3043,-1833
123000144,12,51,-39
123000145,210,494,-284
123000146,16,299,-283
123000147,55,373,-318
123000149,583,451,132
123000150,147,407,-260
123000151,276,869,-593
123000152,46,1229,-1183
123000153,113,1219,-1106
123000154,1749,3083,-1334
123000155,3020,2641,379
123000156,71,99,-28
123000157,1182,1276,-94
123000158,887,1494,-607
123000159,4473,8174,-3701
123000160,2149,2593,-444
123000161,2665,2656,9
123000162,3032,2976,56
123000163,1534,652,882
123000164,3932,474,3458
123000165,344,1277,-933
123000166,66,117,-51
123000167,226,401,-175
123000168,578,288,290
123000169,1853,272,1581
123000170,280,77,203
123000171,2338,5,2333
123000172,176,617,-441
123000173,1173,1217,-44
123000174,1076,612,464
123000175,513,1171,-658
123000176,1599,676,923
123000177,637,1101,-464
123000178,1964,408,1556
123000179,49,1089,-1040
123000180,2642,695,1947
123000181,294,861,-567
123000182,246,410,-164
123000183,472,715,-243
123000184,82,765,-683
123000185,1832,1042,790
123000186,19,392,-373
123000187,1158,29,1129
123000188,1120,42,1078
123000189,94,13,81
123000190,84,143,-59
123000192,39,356,-317
123000193,19,630,-611
123000194,219,114,105
123000195,964,50,914
123000196,1110,173,937
123000197,226,82,144
123000198,30,308,-278
123000199,30,421,-391
123000200,1514,17,1497
123000201,3023,20,3003
123000202,77,457,-380
123000203,2615,97,2518
123000204,69,493,-424
123000205,189,530,-341
123000206,4593,354,4239
123000207,104,759,-655
123000208,1357,599,758
123000209,3635,1192,2443
123000210,156,1666,-1510
123000211,433,1652,-1219
123000212,7457,778,6679
123000213,1103,109,994
123000215,114,443,-329
123000216,222,2207,-1985
123000217,375,89,286
123000218,20,892,-872
123000219,1322,167,1155
123000220,1102,201,901
123000221,258,355,-97
123000222,474,453,21
123000223,888,296,592
123000224,868,523,345
123000225,478,89,389
123000226,216,885,-669
123000227,78,295,-217
123000228,641,61,580
123000229,835,1521,-686
123000232,175,545,-370
123000233,1396,251,1145
123000234,232,730,-498
123000235,2332,347,1985
123000236,544,639,-95
123000237,777,232,545
123000238,55,450,-395
123000239,516,824,-308
123000240,152,1971,-1819
123000241,656,172,484
123000242,140,511,-371
123000243,1097,1370,-273
123000244,990,616,374
123000245,48,205,-157
123000249,1770,1109,661
123000252,1375,586,789
123000253,2465,1124,1341
123000254,998,996,2
123000255,1555,1214,341
123000256,38,258,-220
123000257,3352,1339,2013
123000258,1474,730,744
123000259,1048,716,332
123000260,1259,375,884
123000261,460,237,223
123000262,55,265,-210
123000263,772,113,659
123000264,189,118,71
123000265,32,137,-105
123000266,597,581,16
123000267,1050,478,572
123000268,79,84,-5
123000269,42,205,-163
123000270,44,145,-101
123000271,75,80,-5
123000272,1053,564,489
123000273,440,2293,-1853
123000274,1883,1623,260
123000275,369,1177,-808
123000278,2661,6812,-4151
123000279,420,131,289
123000280,427,450,-23
123000281,597,248,349
123000282,218,524,-306
123000283,276,217,59
123000284,67,88,-21
123000286,165,886,-721
123000287,482,707,-225
123000288,865,2252,-1387
123000289,301,2463,-2162
123000291,199,1812,-1613
123000294,192,352,-160
123000295,759,1811,-1052
123000296,1046,934,112
123000297,1684,622,1062
123000298,2448,360,2088
123000299,509,489,20
123000300,3011,2154,857
123000301,291,673,-382
123000302,304,189,115
123000303,89,760,-671
123000305,1531,1217,314
123000306,401,84,317
123000309,78,105,-27
123000310,66,129,-63
123000311,10,381,-371
123000312,1048,532,516
123000313,987,1142,-155
123000315,274,505,-231
123000316,1423,1376,47
123000317,364,170,194
123000318,49,486,-437
123000329,7,30,-23
123000337,423,344,79
123000338,99,287,-188
123000339,580,30,550
123000340,107,347,-240
123000342,4,164,-160
123000343,354,43,311
123000344,658,245,413
123000345,499,548,-49
123000346,1207,112,1095
123000352,2415,1345,1070
123000353,144,175,-31
123000354,973,48,925
123000355,1,544,-543
123000356,745,17,728
123000357,7,134,-127
123000359,87,67,20
123000360,484,446,38
123000361,699,290,409
123000362,591,174,417
123000363,221,267,-46
123000364,859,864,-5
123000365,24,493,-469
123000366,476,5130,-4654
123000367,631,817,-186
123000370,37,1082,-1045
123000371,768,219,549
123000372,727,81,646
123000373,38,301,-263
123000374,6,184,-178
123000375,840,97,743
123000376,1880,2033,-153
123000377,930,35,895
123000378,16,352,-336
123000379,18,737,-719
123000380,24,209,-185
123000381,108,277,-169
123000382,990,247,743
123000383,210,1452,-1242
123000384,1317,445,872
123000385,477,1377,-900
123000436,134,2195,-2061
123000507,86,204,-118
123000508,243,2172,-1929
123000517,311,14,297
123000518,28,92,-64
123000519,286,69,217
123000520,64,58,6
123000521,941,119,822
123000522,217,203,14
123000541,17,2,15
123000542,0,1,-1
123000565,1616,109,1507
123000566,1161,233,928
123000567,1100,131,969
123000573,76,944,-868
123000574,1360,113,1247
123000575,3425,564,2861
123000576,1037,1120,-83
123000577,112,1218,-1106
123000578,711,288,423
123000579,1292,11550,-10258
123000580,519,244,275
123000582,742,55,687
123000583,14,447,-433
123000584,424,419,5
123000585,1,62,-61
123000586,336,1,335
123000596,126,109,17
123000597,79,318,-239
123000602,302,19,283
123000603,2431,632,1799
123000604,1772,425,1347
123000605,1743,53,1690
123000606,0,1101,-1101
123000609,60,657,-597
123000610,251,97,154
123000613,153,94,59
123000614,563,46,517
123000615,178,174,4
123000616,1473,65,1408
123000617,140,348,-208
123000618,46,778,-732
123000619,542,80,462
123000620,13,402,-389
123000622,855,35,820
123000624,479,94,385
123000630,3787,852,2935
123000631,521,698,-177
123000632,1466,1027,439
123000633,1,647,-646
123000634,74,881,-807
123000635,193,386,-193
123000636,118,683,-565
123000637,422,55,367
123000638,1343,69,1274
123000639,1265,12005,-10740
123000640,15,523,-508
123000648,1241,255,986
123000649,28,627,-599
123000650,290,170,120
123000651,33,178,-145
123000652,286,20,266
123000653,42,183,-141
123000654,68,142,-74
123900001,1476,127,1349
123900002,82,2423,-2341
123900003,176,750,-574
123900005,506,461,45
123900006,981,242,739
124000001,3137,149,2988
124000002,31,1358,-1327
124000003,1797,209,1588
124000004,56,440,-384
124000005,1654,1655,-1
124000006,98,389,-291
124000007,1657,185,1472
124000008,14,659,-645
124000009,1457,893,564
124000010,457,541,-84
124000011,1133,1363,-230
124000012,323,338,-15
124000017,417,143,274
124000018,137,117,20
124000019,501,251,250
124000020,49,162,-113
124000021,322,225,97
124000022,46,188,-142
124000023,1052,292,760
124000024,1264,513,751
124000025,1029,624,405
124000026,996,398,598
124000027,1077,599,478
124000028,1592,557,1035
124000031,2068,10146,-8078
124000032,1645,912,733
124000033,1676,1039,637
124000034,768,1050,-282
124000035,910,465,445
124000036,534,697,-163
124000037,356,1155,-799
124000038,9,197,-188
124000039,346,427,-81
124000040,214,937,-723
124000041,1046,466,580
124000042,188,381,-193
124000043,205,212,-7
124000044,78,401,-323
124000045,2264,529,1735
124000046,252,836,-584
124000047,3236,744,2492
124000048,973,705,268
124000049,3459,602,2857
124000050,1228,1249,-21
124000051,2337,581,1756
124000052,1227,1026,201
124000053,655,4108,-3453
124000054,943,492,451
124000055,1339,10502,-9163
124000056,2198,1085,1113
124000057,2533,644,1889
124000058,1238,1124,114
124000059,2453,2081,372
124000060,979,679,300
124000061,2249,9722,-7473
124000062,3807,1340,2467
124000063,1446,1021,425
124000064,2146,1273,873
124000065,137,1315,-1178
124000066,487,207,280
124000067,177,213,-36
124000068,158,270,-112
124000069,964,284,680
124000070,543,269,274
124000071,255,289,-34
124000072,451,688,-237
124000073,1332,247,1085
124000074,382,641,-259
124000075,739,59,680
124000076,57,80,-23
124000077,280,792,-512
124000078,1653,1473,180
124000079,229,1417,-1188
124000080,1764,361,1403
124000081,207,673,-466
124000082,164,318,-154
124000083,63,112,-49
124000084,60,1918,-1858
124000085,151,96,55
124000086,10,417,-407
124000087,150,283,-133
124000088,182,534,-352
124000089,944,329,615
124000090,456,352,104
124000091,1280,300,980
124000092,518,957,-439
124000093,189,129,60
124000094,141,595,-454
124000095,211,138,73
124000096,325,177,148
124000097,379,207,172
124000098,278,88,190
124000099,393,107,286
124000100,131,187,-56
124000101,277,243,34
124000102,128,37,91
124000103,465,336,129
124000104,203,57,146
124000105,281,267,14
124000106,142,35,107
124000107,77,394,-317
124000108,87,9,78
124000109,218,176,42
124000110,85,83,2
124000111,497,116,381
124000112,1351,771,580
124000113,247,158,89
124000114,586,497,89
124000115,313,949,-636
124000116,182,243,-61
124000117,46,90,-44
124000118,72,162,-90
124000119,1464,1658,-194
124000120,849,1059,-210
124000121,2670,1224,1446
124000122,538,1839,-1301
124000123,1007,567,440
124000124,513,618,-105
124000125,722,362,360
124000126,487,396,91
124000127,1267,455,812
124000128,740,621,119
124000129,2102,1641,461
124000130,463,622,-159
124000131,974,847,127
124000132,608,909,-301
124000133,2003,1200,803
124000134,1277,842,435
124000135,2067,2443,-376
124000136,674,977,-303
124000137,1173,1584,-411
124000138,1040,1153,-113
124000139,950,392,558
124000140,47,1481,-1434
124000141,1797,55,1742
124000142,43,655,-612
124000143,129,32,97
124000144,7,166,-159
124000145,169,303,-134
124000146,26,340,-314
124000148,12,110,-98
124000149,1611,365,1246
124000150,336,1073,-737
124000151,2072,583,1489
124000152,1035,1327,-292
124000153,1690,1352,338
124000154,657,1030,-373
124000155,2139,1040,1099
124000156,1242,1291,-49
124000169,240,1289,-1049
124000170,1488,945,543
124000171,466,846,-380
124000172,498,799,-301
124000173,1328,490,838
124000174,863,635,228
124000175,30,96,-66
124000176,106,46,60
124000177,6,54,-48
124000178,58,82,-24
124000185,108,16,92
124000186,1,64,-63
124000187,3,92,-89
124000188,178,11,167
124000190,166,157,9
124000191,163,634,-471
124000192,1509,1049,460
124000193,300,5312,-5012
124000194,397,455,-58
124000195,532,581,-49
124000196,942,1031,-89
124000197,108,59,49
124000198,122,102,20
124000201,109,844,-735
124000202,982,118,864
124000203,1095,267,828
124000204,2549,1062,1487
124000205,136,513,-377
124000206,1778,355,1423
124000207,0,22,-22
124000209,267,192,75
124000210,1634,160,1474
124000211,1488,17,1471
124000212,1,182,-181
124000213,1139,148,991
124000214,1141,383,758
124000215,1273,8,1265
124000216,7,215,-208
124000329,631,1066,-435
124000338,470,719,-249
124000339,2842,58,2784
124000341,3746,77,3669
124000344,62,38,24
124000357,2674,5974,-3300
124000358,1755,4312,-2557
124000359,1774,1328,446
124000360,1878,951,927
124000361,2175,1318,857
124000362,1743,3633,-1890
124000363,708,267,441
124000364,902,798,104
124000365,1180,1442,-262
124000366,3947,1862,2085
124000367,113,469,-356
124000368,667,1918,-1251
124000369,46,212,-166
124000370,38,1067,-1029
124000402,24,35,-11
124000403,300,123,177
124000404,13,46,-33
124000405,933,719,214
124000406,508,388,120
124000407,10,35,-25
124000411,2,471,-469
124000412,765,19,746
124000413,193,500,-307
124000414,252,156,96
124000415,112,40,72
124000416,174,211,-37
124000417,570,173,397
124000418,528,55,473
124000419,161,59,102
124000420,240,16,224
124000421,153,55,98
124000422,24,28,-4
124000423,177,59,118
124000424,6,45,-39
124000425,151,108,43
124000426,1,121,-120
124000427,367,14,353
124000428,5,816,-811
124000429,259,25,234
124000430,1455,610,845
124000431,524,500,24
124000432,505,1291,-786
124000439,81,1,80
124000443,0,1,-1
124000445,226,6571,-6345
124000446,1134,870,264
124000447,33,538,-505
124000448,342,6,336
124000449,609,7,602
124000450,15,134,-119
124000451,0,58,-58
124000452,587,106,481
124000453,2808,3477,-669
124000454,1714,4980,-3266
124000457,0,105,-105
124000458,11,144,-133
124900001,1574,379,1195
124900002,290,218,72
124900003,1870,473,1397
124900004,1479,342,1137
124900005,245,57,188
124900006,1599,296,1303
124900008,808,541,267
124900009,171,522,-351
124900010,315,154,161
124900011,1093,378,715
124900012,324,83,241
124900013,1003,153,850
124900014,312,237,75
124900015,280,408,-128
124900016,183,235,-52
124900017,483,5656,-5173
124900018,182,14,168
124900020,330,76,254
124900021,512,163,349
124900022,79,43,36
124900024,920,10,910
124900026,63,23,40
124900027,215,451,-236
124900028,225,85,140
124900029,28,809,-781
124900030,3,66,-63
124900031,31,189,-158
124900032,449,209,240
124900033,152,183,-31
124900034,6,359,-353
124900035,137,185,-48
124900036,1,128,-127
124900037,193,132,61
124900038,133,227,-94
124900039,3,116,-113
124900040,156,114,42
124900041,600,864,-264
124900042,16,1,15
124900043,894,572,322
124900044,110,1,109
124900045,326,1470,-1144
124900047,43,192,-149
124900048,579,92,487
124900050,377,121,256
124900052,202,206,-4
124900053,250,556,-306
124900054,1423,524,899
124900055,0,72,-72
124900057,8,147,-139
124900060,36,317,-281
124900061,171,20,151
124900062,314,19,295
124900066,0,13,-13
124900067,22,95,-73
124900068,147,906,-759
124900070,52,40,12
124900072,329,32,297
124900075,1359,158,1201
124900076,46,3929,-3883
124900077,32,85,-53
124900078,87,6,81
124900079,278,261,17
124900080,784,285,499
124900081,2404,301,2103
124900082,484,634,-150
124900083,556,434,122
124900085,645,400,245
124900086,18,1334,-1316
124900087,395,114,281
124900088,122,88,34
124900089,572,25,547
124900090,775,318,457
124900091,538,240,298
124900092,354,236,118
124900093,901,233,668
124900094,1371,280,1091
124900095,273,908,-635
124900096,356,100,256
124900097,941,46,895
124900098,224,265,-41
124900099,134,592,-458
124900100,677,43,634
124900101,388,199,189
124900102,608,19,589
124900103,194,113,81
124900104,118,141,-23
124900105,281,161,120
124900106,430,69,361
124900107,250,41,209
124900108,286,127,159
124900111,4,133,-129
124900112,360,223,137
124900113,71,242,-171
124900114,107,334,-227
124900115,68,151,-83
124900116,484,726,-242
124900117,216,350,-134
124900118,105,2241,-2136
124900119,512,321,191
124900120,77,257,-180
124900121,63,677,-614
124900122,344,227,117
124900123,182,84,98
124900124,49,311,-262
124900125,741,9,732
124900126,4,378,-374
204000001,457,29,428
204000002,57,35,22
204000003,21,16,5
204000004,3,2,1
204000005,761,640,121
204000006,1437,1652,-215
204000011,26,54,-28
204000012,86,174,-88
204000019,2100,487,1613
204000020,1944,1804,140
204000021,3976,1619,2357
204000022,2139,773,1366
204000023,1174,568,606
204000031,119,15,104
204000032,490,33,457
204000034,154,134,20
204000035,1,8,-7
204000036,14,73,-59
204000037,5,90,-85
204000038,0,8,-8
204000039,3,35,-32
204000040,3,14,-11
204000041,11,66,-55
204000042,80,26,54
204000043,24,19,5
204000044,77,10,67
204000045,79,16,63
204000046,18,11,7
204000057,22,9,13
204000062,83,80,3
204000068,98,1190,-1092
204000069,178,1256,-1078
204000070,68,337,-269
204000080,228,156,72
204000085,1367,1255,112
204000086,3053,1617,1436
204000087,133,20,113
204000088,27,171,-144
204000090,401,365,36
204000093,997,135,862
204000096,2991,1165,1826
204000097,788,27,761
204000099,1562,3862,-2300
204000100,2383,2063,320
204000105,2403,998,1405
204000110,657,1895,-1238
204000111,1055,988,67
204000112,1099,2790,-1691
204000113,416,1420,-1004
204000114,1584,2047,-463
204000115,2603,1270,1333
204000116,1115,3160,-2045
204000119,4146,2653,1493
204000132,1300,839,461
204000133,1563,158,1405
204000134,452,43,409
204000135,1088,98,990
204000136,730,429,301
204000138,480,1683,-1203
204000140,486,188,298
204000141,241,94,147
204000144,5,15,-10
204000145,879,67,812
204000146,42,269,-227
204000147,47,768,-721
204000148,469,137,332
204000154,7,18,-11
204000155,2,17,-15
204000177,83,301,-218
204000179,60,39,21
204000180,0,81,-81
204000222,3,10,-7
204000235,193,56,137
204000236,52,358,-306
204000238,9,36,-27
204000240,566,70,496
204000263,949,1535,-586
204000268,820,570,250
204000308,250,125,125
204000317,60,215,-155
204000322,101,161,-60
204000323,41,7,34
204000328,278,124,154
204000329,291,151,140
204000330,421,84,337
204000331,536,297,239
205000001,880,1383,-503
205000013,190,273,-83
205000014,218,194,24
205000015,334,86,248
205000016,154,243,-89
205000017,131,103,28
205000022,516,611,-95
205000025,2634,842,1792
205000029,702,80,622
205000045,434,308,126
205000046,438,951,-513
205000047,187,371,-184
205000048,845,569,276
205000049,284,634,-350
205000050,1715,337,1378
205000059,3,831,-828
205000060,3,1543,-1540
205000061,22,2820,-2798
205000062,9,2396,-2387
205000063,84,2593,-2509
205000064,191,649,-458
205000065,908,986,-78
205000066,418,428,-10
205000067,242,521,-279
205000069,221,57,164
205000082,243,291,-48
205000110,100,211,-111
205000111,284,176,108
205000112,178,162,16
205000113,136,277,-141
205000121,276,121,155
205000123,204,272,-68
205000126,1075,152,923
205000127,1278,149,1129
205000128,708,80,628
205000129,1319,114,1205
205000130,172,57,115
205000131,140,50,90
205000132,119,31,88
205000133,89,4,85
205000134,509,1,508
205000137,610,85,525
205000138,639,332,307
205000139,96,235,-139
205000144,164,101,63
205000145,479,365,114
205000151,267,82,185
205000152,173,176,-3
205000153,315,165,150
205000154,111,147,-36
205000155,208,39,169
205000207,3,163,-160
205000233,66,0,66
205000234,0,0,0
205000243,1,0,1
205000244,0,7,-7
205000245,12,399,-387
205000249,1,56,-55
205000250,6,9,-3
205000264,60,143,-83
206000027,7,20,-13
206000028,25,20,5
206000043,12,79,-67
206000053,8,16,-8
206000054,0,36,-36
206000055,0,32,-32
206000075,35,22,13
206000076,41,5,36
206000077,35,22,13
206000078,8,20,-12
206000079,21,14,7
206000082,304,173,131
206000100,32,641,-609
206000103,1,13,-12
206000104,15,49,-34
206000105,17,18,-1
206000106,11,7,4
206000125,201,2,199
206000157,35,428,-393
206000170,1,208,-207
206000171,24,254,-230
206000172,45,156,-111
206000173,0,121,-121
206000174,37,42,-5
206000175,2,59,-57
206000176,65,106,-41
206000177,0,76,-76
206000178,1,598,-597
206000179,9,764,-755
206000180,8,98,-90
206000181,8,51,-43
206000182,4,44,-40
206000183,30,141,-111
206000184,1,113,-112
206000185,31,60,-29
206000186,226,320,-94
206000223,32,728,-696
206000226,49,9,40
206000227,35,19,16
206000237,77,167,-90
206000238,80,316,-236
206000239,413,2078,-1665
206000240,0,53,-53
206000241,0,61,-61
206000242,17,256,-239
206000243,36,80,-44
206000244,100,219,-119
206000245,1864,169,1695
206000246,881,25,856
206000247,716,14,702
206000248,915,157,758
206000252,102,132,-30
206000258,14,43,-29
206000315,86,31,55
206000317,703,157,546
206000318,973,111,862
206000319,3069,186,2883
206000320,785,91,694
206000321,683,16,667
206000322,1256,87,1169
206000323,422,20,402
206000324,459,96,363
206000325,256,33,223
206000326,326,75,251
206000327,77,53,24
206000328,377,29,348
206000329,704,21,683
206000330,124,35,89
206000331,431,42,389
206000332,85,13,72
206000333,2036,13,2023
206000334,949,5,944
206000335,0,47,-47
206000361,12,158,-146
206000392,7,8,-1
206000405,212,0,212
206000441,103,53,50
206000498,69,3,66
206000515,92,103,-11
206000530,413,174,239
206000531,187,388,-201
206000532,1153,760,393
206000535,144,4987,-4843
206000536,30,109,-79
206000537,21,193,-172
206000613,699,265,434
206000784,716,126,590
207000001,295,454,-159
207000002,189,566,-377
207000003,324,311,13
207000007,2933,361,2572
207000008,520,41,479
207000009,185,112,73
207000010,750,289,461
207000012,699,319,380
207000015,486,801,-315
207000019,525,210,315
207000021,436,418,18
207000022,414,227,187
207000023,327,163,164
207000024,1,69,-68
207000025,31,216,-185
207000026,157,54,103
207000027,24,84,-60
207000028,89,213,-124
207000029,271,622,-351
207000033,410,306,104
207000034,476,144,332
207000039,1028,107,921
207000040,1155,92,1063
207000041,126,463,-337
207000042,359,60,299
207000043,295,283,12
207000051,275,476,-201
207000052,34,508,-474
207000053,480,451,29
207000054,60,137,-77
207000055,335,121,214
207000056,360,433,-73
207000057,210,296,-86
207000058,378,279,99
207000059,193,294,-101
207000060,52,356,-304
207000061,106,1431,-1325
207000062,1068,68,1000
207000063,1130,311,819
207000064,494,170,324
207000065,430,285,145
207000066,849,272,577
207000067,125,112,13
207000068,279,116,163
207000069,1195,371,824
207000082,18,238,-220
207000083,158,326,-168
207000084,924,652,272
207000085,581,129,452
207000086,663,23,640
207000106,128,77,51
207000107,286,37,249
207000108,262,1,261
207000109,169,9,160
207000110,108,235,-127
207000111,83,269,-186
207000112,140,2176,-2036
207000114,95,33,62
207000115,98,105,-7
207000116,104,423,-319
207000117,13,170,-157
207000118,10,173,-163
207000119,53,97,-44
207000123,527,17,510
207000124,255,39,216
207000125,122,40,82
207000126,74,111,-37
207000134,487,270,217
207000135,103,541,-438
207000148,88,837,-749
207000149,156,24,132
207000152,198,721,-523
207000153,396,720,-324
207000154,638,392,246
207000159,357,183,174
207000160,424,246,178
207000238,1,304,-303
207000242,2,111,-109
207000248,93,111,-18
207000249,258,33,225
207000250,815,236,579
207000251,179,194,-15
207000252,77,91,-14
207000278,293,223,70
207000279,121,108,13
207000280,1686,110,1576
207000281,378,422,-44
207000282,29,845,-816
207000283,41,269,-228
207000284,26,2556,-2530
207000285,92,146,-54
207000291,29,148,-119
207000304,67,107,-40
207000306,109,404,-295
207000310,190,143,47
207000353,294,12,282
207000356,28,159,-131
207000357,1,39,-38
207000358,3,63,-60
207000415,5,107,-102
207000417,187,19,168
207000418,145,133,12
207000438,0,1,-1
207000439,446,350,96
207000446,423,15,408
207000460,255,61,194
207000466,267,252,15
207000467,747,184,563
207000468,140,196,-56
207000476,3,15,-12
207000477,880,16,864
207000478,0,56,-56
207000523,0,1,-1
207000524,414,1,413
207000527,466,188,278
207000530,1748,21,1727
207000531,715,18,697
207000532,169,243,-74
207000534,254,71,183
207000535,33,480,-447
207000537,8,207,-199
207000540,3,120,-117
207000541,6,267,-261
207000548,17,601,-584
207000549,894,152,742
207000561,378,278,100
207000562,37,156,-119
207000567,142,207,-65
207000568,927,80,847
207000569,1903,144,1759
207000584,86,313,-227
207000585,23,388,-365
207000587,497,193,304
207000616,0,211,-211
207000617,196,0,196
207000624,158,57,101
207000631,30,495,-465
207900008,1007,88,919
208000001,1097,2184,-1087
208000002,1667,1406,261
208000003,1448,727,721
208000004,1720,1840,-120
208000005,4,202,-198
208000019,2027,623,1404
208000020,445,258,187
208000021,566,429,137
208000022,1494,448,1046
208000028,1877,2287,-410
208000033,720,367,353
208000034,1070,1486,-416
208000037,1249,94,1155
208000040,478,344,134
208000041,1432,891,541
208000042,2378,857,1521
208000047,195,272,-77
208000064,2492,2531,-39
208000066,1604,1958,-354
208000070,1054,602,452
208000071,1122,348,774
208000072,1335,834,501
208000080,445,1288,-843
208000081,752,260,492
208000082,1011,287,724
208000083,388,307,81
208000084,7,102,-95
208000085,994,882,112
208000086,1035,1688,-653
208000087,871,1183,-312
208000089,1844,361,1483
208000090,1912,520,1392
208000093,57,251,-194
208000094,1105,327,778
208000095,1314,656,658
208000104,2410,659,1751
208000105,1314,1260,54
208000114,169,638,-469
208000115,813,485,328
208000116,2196,2402,-206
208000117,57,314,-257
208000118,342,432,-90
208000155,1008,1872,-864
208000158,2592,3757,-1165
208000186,1134,2736,-1602
208000204,1561,2182,-621
208000205,2738,1345,1393
208000282,1206,1522,-316
209000004,1348,339,1009
209000005,183,324,-141
209000006,540,638,-98
209000007,611,971,-360
209000010,512,792,-280
209000011,138,417,-279
209000012,254,436,-182
209000013,455,865,-410
209000014,839,1129,-290
209000025,916,152,764
209000026,1674,310,1364
209000027,612,699,-87
209000028,524,378,146
209000029,1202,2251,-1049
209000030,1259,3374,-2115
209000031,6126,2876,3250
209000034,321,733,-412
209000035,349,674,-325
209000036,643,396,247
209000037,789,510,279
209000038,335,274,61
209000039,154,181,-27
209000040,413,907,-494
209000041,363,515,-152
209000042,1396,363,1033
209000043,627,927,-300
209000044,435,948,-513
209000045,961,263,698
209000046,966,333,633
209000047,648,338,310
209000048,739,750,-11
209000049,170,83,87
209000050,311,104,207
209000051,505,211,294
209000052,324,281,43
209000062,213,113,100
209000063,114,73,41
209000064,88,19,69
209000065,274,94,180
209000066,207,40,167
209000067,293,100,193
209000080,27,350,-323
209000082,107,85,22
209000091,102,112,-10
209000093,110,170,-60
209000094,116,271,-155
209000110,48,160,-112
209000111,651,3407,-2756
209000112,1931,1400,531
209000113,3321,2862,459
209000114,1268,1495,-227
209000115,185,167,18
209000116,765,441,324
209000118,16,156,-140
209000119,29,173,-144
209000121,192,560,-368
209000135,38,179,-141
209000142,1390,5420,-4030
209000143,32,272,-240
209000144,59,837,-778
209000229,277,140,137
209000240,106,374,-268
209000259,122,164,-42
209000260,52,708,-656
209000261,1,307,-306
209000262,10,375,-365
209000263,4,1726,-1722
209000264,1,241,-240
209000265,490,59,431
209000266,210,0,210
209000267,1988,4,1984
209000268,590,103,487
210000037,215,215,0
210000047,165,56,109
210000048,190,39,151
210000049,233,6,227
210000052,127,73,54
210000053,53,39,14
210000054,42,77,-35
210000070,295,16,279
210000071,279,1,278
210000072,131,0,131
210000073,0,69,-69
210000074,0,149,-149
210000075,3,216,-213
210000076,40,383,-343
210000077,14,367,-353
210000078,35,381,-346
210000079,50,213,-163
210000080,67,550,-483
210000081,316,39,277
210000082,12,2,10
210000083,166,0,166
210000084,128,0,128
210000085,0,465,-465
210000086,1,171,-170
210000099,125,274,-149
210000100,183,179,4
210000101,234,153,81
210000105,19,401,-382
210000159,2,326,-324
210000163,70,229,-159
210000164,528,319,209
210000168,790,101,689
210000187,0,58,-58
210000188,0,86,-86
210000214,6,0,6
210000219,109,76,33
210000220,254,30,224
210000232,6,26,-20
210000233,19,30,-11
210000234,70,58,12
210000235,118,56,62
210000245,1,72,-71
210000246,70,0,70
210000258,49,117,-68
210000259,489,147,342
210000282,129,454,-325
210000285,0,146,-146
210000286,26,138,-112
210000290,19,13,6
210000295,102,227,-125
210000296,123,87,36
210000320,387,46,341
210000321,288,9,279
210000338,76,169,-93
210000339,168,899,-731
210000340,226,318,-92
210000341,392,280,112
210000342,348,188,160
210000343,250,367,-117
210000344,170,336,-166
210000345,271,591,-320
210000346,120,313,-193
210000347,91,476,-385
210000348,204,357,-153
210000349,150,178,-28
210000350,307,411,-104
210000351,320,181,139
210000352,57,55,2
210000353,39,77,-38
210000354,83,104,-21
210000355,79,500,-421
210000356,24,590,-566
210000357,38,752,-714
210000358,970,598,372
210000359,154,1301,-1147
210000360,462,1139,-677
210000361,483,426,57
210000362,658,368,290
210000363,1429,407,1022
210000364,588,212,376
210000365,457,105,352
210000366,437,117,320
210000367,290,45,245
210000368,431,33,398
210000369,58,315,-257
210000370,131,410,-279
210000372,92,148,-56
210000373,35,457,-422
210000374,134,497,-363
210000375,44,74,-30
210000376,67,636,-569
210000404,76,144,-68
210000439,152,25,127
210000472,58,3,55
210000482,160,200,-40
210000564,325,217,108
210000567,11,91,-80
210000568,321,2,319
211000092,133,24,109
211000094,10,8,2
211000169,302,5,297
211000172,26,157,-131
211000209,0,60,-60
211000226,57,31,26
211000270,126,30,96
211000275,50,33,17
211000276,192,30,162
211000279,32,111,-79
211000281,194,26,168
211000302,50,51,-1
211507980,0,106,-106
211977296,36,3,33
212000003,525,224,301
212000004,22,186,-164
212000005,36,215,-179
212000006,68,312,-244
212000008,310,355,-45
212000009,89,232,-143
212000012,256,89,167
212000013,52,38,14
212000014,516,107,409
212000015,615,198,417
212000016,841,342,499
212000027,687,311,376
212000028,364,305,59
212000029,308,235,73
212000030,70,17,53
212000031,100,56,44
212000048,110,731,-621
212000049,13,329,-316
212000050,16,12,4
212000051,489,132,357
212000052,470,141,329
212000053,314,247,67
212000054,721,94,627
212000055,631,128,503
212000056,16,50,-34
212000057,26,27,-1
212000058,296,95,201
212000070,281,126,155
212000077,390,228,162
212000099,597,255,342
212000108,403,802,-399
212000111,544,125,419
212000120,257,389,-132
212000138,344,168,176
212000156,1,62,-61
212000158,13,16,-3
212000159,960,136,824
212000160,910,196,714
212000161,116,7,109
212000310,64,16,48
212000311,18,64,-46
212000374,73,27,46
213000001,27,623,-596
213000005,849,431,418
213000006,981,424,557
213000007,166,61,105
213000009,400,309,91
213000010,410,341,69
213000011,306,319,-13
213000014,187,46,141
213000015,350,10,340
213000016,683,1,682
213000017,199,0,199
213000018,2,42,-40
213000019,5,298,-293
213000020,91,177,-86
213000021,21,54,-33
213000023,357,584,-227
213000033,471,1803,-1332
213000034,357,254,103
213000035,206,519,-313
213000045,248,382,-134
213000046,104,118,-14
213000047,513,971,-458
213000056,255,82,173
213000069,602,98,504
213000073,0,44,-44
213000074,89,355,-266
213000075,923,8,915
213000076,17,1,16
213000085,9,29,-20
213000086,22,181,-159
213000091,370,21,349
213000092,50,36,14
213000099,442,1449,-1007
213000100,1064,706,358
213000101,1218,127,1091
213000102,1240,150,1090
213000103,769,399,370
213000104,75,255,-180
213000105,70,1296,-1226
213000106,81,1131,-1050
213000107,150,412,-262
213000108,21,180,-159
213000109,35,320,-285
213000110,6,153,-147
213000111,10,106,-96
213000112,14,33,-19
213000115,54,8,46
213000116,86,572,-486
213000117,18,591,-573
213000118,1562,399,1163
213000119,43,188,-145
213000120,151,126,25
213000122,201,370,-169
213000123,232,501,-269
213000124,468,571,-103
213000125,222,27,195
213000126,159,286,-127
213000127,26,204,-178
213000128,97,584,-487
213000129,207,2941,-2734
213000130,1376,1395,-19
213000132,1380,330,1050
213000133,2090,220,1870
213000134,3693,13,3680
213000136,753,26,727
213000137,1013,93,920
213000139,712,67,645
213000147,32,39,-7
213000148,31,84,-53
213000149,34,121,-87
213000150,1,1109,-1108
213000151,3,443,-440
213000152,2,562,-560
213000153,17,190,-173
213000154,194,709,-515
213000155,63,562,-499
213000156,263,539,-276
213000157,1671,265,1406
213000158,550,753,-203
213000159,517,597,-80
213000163,2868,303,2565
213000165,703,386,317
213000171,114,132,-18
213000172,75,220,-145
213000173,27,138,-111
213000174,13,56,-43
213000175,81,23,58
213000176,65,86,-21
213000177,55,9,46
213000178,173,5,168
213000179,292,28,264
213000180,476,20,456
213000184,69,228,-159
213000188,688,98,590
213000189,1104,53,1051
213000190,566,489,77
213000191,841,220,621
213000192,428,126,302
213000193,1276,378,898
213000194,8,290,-282
213000195,65,376,-311
213000196,563,2526,-1963
213000197,829,1230,-401
213000198,21,3,18
213000200,268,789,-521
213000201,34,161,-127
213000202,20,933,-913
213000203,2188,343,1845
213000204,1477,60,1417
213000205,386,70,316
213000206,1225,43,1182
213000207,27,8,19
213000208,67,9,58
213000209,159,4,155
213000210,287,7,280
213000211,26,50,-24
213000212,35,148,-113
213000213,18,146,-128
213000218,488,614,-126
213000219,1908,80,1828
213000220,1785,3,1782
213000223,442,309,133
213000224,58,105,-47
213000225,71,19,52
213000226,69,21,48
213000227,2081,249,1832
213000228,1282,801,481
213000229,168,181,-13
213000230,1973,51,1922
213000232,231,409,-178
213000233,55,266,-211
213000234,4,95,-91
213000293,50,185,-135
213000294,133,229,-96
213000295,45,167,-122
213000296,184,30,154
213000297,6,108,-102
213000298,9,115,-106
213000299,176,32,144
213000300,4,5,-1
213000303,7,35,-28
213000304,4,12,-8
213000305,7,67,-60
213000306,55,766,-711
213000307,164,721,-557
213000308,140,202,-62
213000309,396,91,305
213000310,289,259,30
213000311,262,878,-616
213000315,170,310,-140
213000316,397,225,172
213000322,21,25,-4
213000323,40,122,-82
213000340,185,891,-706
213000341,1507,132,1375
213000346,243,426,-183
213000347,439,1331,-892
213000348,1,148,-147
213000349,2,14,-12
213000350,623,1635,-1012
213000366,102,190,-88
213000367,759,24,735
213000379,19,132,-113
213000386,102,49,53
213000406,653,147,506
213000417,2745,846,1899
213000425,478,66,412
213000426,295,51,244
213000427,53,57,-4
213000428,125,237,-112
213000429,3,4,-1
213000430,107,366,-259
213000431,9,3,6
213000432,1,34,-33
213000433,23,40,-17
213000434,321,101,220
213000435,159,90,69
213000439,28,41,-13
213000441,2,0,2
213000443,902,635,267
213000445,0,48,-48
213000446,1,19,-18
213000447,0,123,-123
213000448,23,222,-199
213000449,1379,15,1364
213000450,24,39,-15
213000451,379,62,317
213000452,19,17,2
213000453,46,260,-214
213000455,277,189,88
213000456,0,293,-293
213000481,10,6,4
213000482,91,3,88
213000489,176,91,85
213000491,62,640,-578
213000492,119,2,117
213000493,10,316,-306
213000494,313,70,243
213000495,0,34,-34
213000496,665,207,458
213000497,339,235,104
213000498,181,94,87
213000499,254,138,116
213000500,916,82,834
213000501,407,73,334
213000502,324,142,182
213000504,165,101,64
213000505,38,15,23
213000506,0,2,-2
213000507,17,1275,-1258
213900244,112,0,112
213900245,0,10,-10
218000003,83,145,-62
218000004,83,267,-184
218000005,104,109,-5
218000006,61,74,-13
218000007,24,38,-14
218000012,527,435,92
218000013,697,271,426
218000014,465,392,73
218000019,405,487,-82
218000020,527,483,44
218000040,1,18,-17
218000046,327,108,219
218000047,34,61,-27
218000048,130,48,82
218000049,68,43,25
218000050,240,89,151
218000051,102,174,-72
218000052,0,60,-60
218000053,2,44,-42
218000054,19,57,-38
218000055,3,47,-44
218000056,35,69,-34
218000057,3,48,-45
218000064,1,25,-24
218000065,183,47,136
218000066,38,93,-55
218000067,128,128,0
218000068,273,54,219
218000069,612,125,487
218000070,303,523,-220
218000071,345,378,-33
218000072,216,399,-183
218000078,2074,398,1676
218000079,445,112,333
218000080,321,154,167
218000081,845,98,747
218000082,224,85,139
218000083,166,117,49
218000084,329,77,252
218000085,340,156,184
218000086,194,106,88
218000087,290,93,197
218000090,115,411,-296
218000091,1852,898,954
218000092,309,252,57
218000093,184,87,97
218000094,766,671,95
218000099,312,678,-366
218000100,698,296,402
218000101,454,224,230
218000102,965,435,530
218000103,173,164,9
218000104,181,29,152
218000105,55,30,25
218000106,31,9,22
218000107,159,54,105
218000108,11,22,-11
218000112,152,16,136
218000117,73,219,-146
218000134,1069,577,492
218000135,23,150,-127
218000136,231,139,92
218000137,389,177,212
218000138,62,177,-115
218000139,444,287,157
218000140,1058,616,442
218000141,109,95,14
218000142,217,271,-54
218000143,65,707,-642
218000144,49,271,-222
218000145,1018,572,446
218000146,223,124,99
218000151,6,46,-40
218000152,121,21,100
218000170,1,23,-22
218000171,102,19,83
218000172,18,8,10
218000173,14,16,-2
218000174,31,23,8
218000176,351,132,219
218000177,414,142,272
218000178,104,108,-4
218000179,309,52,257
218000180,227,46,181
218000181,459,65,394
218000187,41,107,-66
218000188,31,54,-23
218000189,26,106,-80
218000190,0,15,-15
218000191,476,70,406
218000192,394,164,230
218000193,726,245,481
218000194,317,303,14
218000195,216,48,168
218000196,461,251,210
218000197,821,177,644
218000198,161,80,81
218000199,77,18,59
218000200,60,53,7
218000201,10,17,-7
218000202,118,1125,-1007
218000207,13,14,-1
218000208,53,175,-122
218000211,65,31,34
218000213,186,78,108
218000214,0,22,-22
218000215,124,110,14
218000217,25,70,-45
218000218,196,21,175
218000219,3,404,-401
218000220,55,2240,-2185
218000221,746,439,307
218000222,2,317,-315
218000223,47,563,-516
218000224,7,114,-107
218000225,288,21,267
218000226,268,93,175
218000232,98,71,27
218000239,207,11,196
218000240,4,0,4
218000241,50,0,50
218000242,5,2,3
218000243,46,14,32
218000244,24,23,1
218000245,111,3,108
218000246,0,2,-2
218000247,0,0,0
218000248,0,35,-35
218000249,0,1,-1
218000250,0,14,-14
218000251,0,19,-19
218000252,2,252,-250
218000253,0,153,-153
218000254,0,48,-48
218000255,6,13,-7
218000256,2,36,-34
218000267,738,1551,-813
218000268,16,44,-28
218000269,12,47,-35
218000270,311,34,277
218000271,12,24,-12
218000273,68,4,64
218000274,14,5,9
218000275,163,114,49
218000276,34,25,9
218000278,27,175,-148
218000279,129,49,80
218000280,2,36,-34
218000281,6,71,-65
218000282,919,1490,-571
218000284,131,3,128
218000301,107,144,-37
218000302,34,49,-15
218000303,34,122,-88
218000316,2550,1320,1230
218000317,3739,1128,2611
218000318,2061,846,1215
218000319,3007,712,2295
218000320,2476,926,1550
218000338,12,259,-247
218000345,225,388,-163
218000346,40,404,-364
218000459,32,198,-166
218000490,15,98,-83
218000501,247,95,152
218000502,322,141,181
218000503,272,15,257
218000504,287,30,257
218000505,54,128,-74
218000506,33,386,-353
218000508,4,4,0
218000510,92,16,76
218000520,173,182,-9
218000521,16,39,-23
218000522,2,709,-707
218000523,161,3,158
218000524,2,30,-28
218000525,158,50,108
218000526,22,254,-232
218000529,123,89,34
218000531,30,25,5
218000532,82,7,75
218000534,427,23,404
218000537,25,159,-134
218000538,71,729,-658
218000540,133,235,-102
218000543,292,170,122
218000544,33,123,-90
218000545,168,195,-27
218000546,67,90,-23
218000547,273,293,-20
218000548,130,154,-24
218000549,1183,121,1062
218000550,270,146,124
218000551,107,509,-402
218000552,321,421,-100
218000553,46,194,-148
218000554,44,33,11
218000555,62,75,-13
218000556,327,156,171
218000557,1027,380,647
218000558,52,3,49
218000559,0,10,-10
218000560,0,16,-16
218000561,19,0,19
218000562,33,96,-63
218000563,250,61,189
218000564,2,426,-424
218000565,58,61,-3
218000566,30,13,17
218000568,17,1,16
218000569,1,260,-259
218000570,21,5,16
218000571,1,179,-178
218000572,219,12,207
218000573,43,169,-126
218000574,61,28,33
218000575,99,0,99
218000576,0,36,-36
218000577,120,1,119
218000578,0,144,-144
218000579,28,29,-1
218000581,2,133,-131
218000582,98,16,82
218000583,7,0,7
218000584,2,19,-17
218000585,67,3,64
218000586,24,32,-8
218000587,0,2,-2
218000588,1,7,-6
218000589,0,6,-6
218000590,1,0,1
218000591,0,23,-23
218000592,6,1,5
218000593,4,107,-103
218000594,0,9,-9
218000597,1,23,-22
218000598,0,13,-13
218000599,3,14,-11
218000600,0,13,-13
218000601,1,58,-57
218000602,0,3,-3
218000603,1,11,-10
218000604,3,1,2
218000605,1,214,-213
218000606,174,4,170
218000607,17,111,-94
218000608,43,24,19
218000609,1,127,-126
218000610,49,2,47
218000611,42,0,42
218000612,0,44,-44
218000613,29,0,29
218000614,0,97,-97
218000615,218,17,201
218000616,14,416,-402
218000617,4,9,-5
218000618,4,52,-48
218000619,8,39,-31
218000620,26,76,-50
218000621,0,0,0
218000622,0,149,-149
218000623,60,4,56
218000624,0,243,-243
218000625,5,6,-1
218000626,0,48,-48
218000628,379,523,-144
218000631,47,35,12
218000632,0,420,-420
218000633,149,6,143
218000634,18,35,-17
218000635,3,13,-10
218000636,1637,875,762
218000637,1848,770,1078
218000638,309,46,263
218000639,28,108,-80
218000640,589,76,513
218000641,296,168,128
218000652,52,36,16
218000653,296,76,220
218000663,27,83,-56
218000675,13,136,-123
218000680,365,200,165
218000681,667,335,332
218000691,487,240,247
218000693,660,218,442
218000718,33,144,-111
218000719,86,219,-133
218000720,11,468,-457
218000721,25,17,8
218001147,2,156,-154
218001214,98,79,19
218001258,1021,5,1016
218001329,198,268,-70
218001330,127,268,-141
218001351,44,10,34
218001352,29,45,-16
218001353,25,24,1
218001354,28,65,-37
218001355,55,136,-81
218001356,618,157,461
218001357,15,154,-139
218001358,732,21,711
218001361,1315,3,1312
218001362,0,87,-87
219000001,60,58,2
219000002,61,78,-17
219000003,83,51,32
219000004,56,123,-67
219000017,119,489,-370
219000020,518,27,491
219000022,218,1,217
219000023,105,0,105
219000029,3,298,-295
219000034,91,89,2
219000039,43,359,-316
219000040,76,122,-46
219000041,281,112,169
219000051,1,395,-394
219000052,2,212,-210
219000053,1,97,-96
219000055,714,3,711
219000056,8,1,7
219000057,74,0,74
219000062,37,347,-310
219000063,227,31,196
219000064,7,103,-96
219000110,343,716,-373
219000111,283,199,84
219000112,365,130,235
219000113,594,70,524
219000114,559,58,501
219000116,351,97,254
219000117,186,93,93
219000118,244,57,187
219000123,359,134,225
219000124,92,52,40
219000125,56,7,49
219000126,129,247,-118
219000127,3,23,-20
219000128,32,213,-181
219000129,58,191,-133
219000130,256,942,-686
219000131,1385,1729,-344
219000133,54,137,-83
219000134,35,92,-57
219000135,26,172,-146
219000136,116,468,-352
219000138,143,58,85
219000139,134,36,98
219000140,137,2,135
219000141,86,75,11
219000142,22,46,-24
219000143,41,46,-5
219000145,21,87,-66
219000146,2,23,-21
219000147,5,34,-29
219000148,4,27,-23
219000149,31,49,-18
219000150,2,41,-39
219000151,2,42,-40
219000157,346,323,23
219000158,399,439,-40
219000161,245,20,225
219000163,1542,455,1087
219000166,191,389,-198
219000167,235,313,-78
219000168,298,217,81
219000174,985,282,703
219000175,287,8,279
219000176,320,11,309
219000177,91,4,87
219000178,147,0,147
219000179,71,9,62
219000180,93,28,65
219000182,234,9,225
219000183,187,38,149
219000184,193,15,178
219000185,1,55,-54
219000186,175,64,111
219000187,20,156,-136
219000189,71,273,-202
219000190,87,306,-219
219000191,214,2423,-2209
219000192,294,388,-94
219000193,807,306,501
219000195,2,350,-348
219000196,4,237,-233
219000198,82,147,-65
219000199,244,151,93
219000200,206,147,59
219000201,72,230,-158
219000203,40,193,-153
219000204,69,519,-450
219000205,85,273,-188
219000207,231,247,-16
219000209,113,49,64
219000210,64,743,-679
219000213,31,441,-410
219000239,200,256,-56
219000240,236,697,-461
219000241,159,440,-281
219000242,80,380,-300
219000243,188,276,-88
219000244,26,139,-113
219000245,15,180,-165
219000246,43,62,-19
219000247,324,95,229
219000248,757,842,-85
219000249,328,289,39
219000250,337,146,191
219000251,824,452,372
219000252,345,195,150
219000253,410,83,327
219000255,326,186,140
219000256,623,323,300
219000257,268,1,267
219000262,114,254,-140
219000263,114,231,-117
219000267,44,77,-33
219000268,7,65,-58
219000269,1,9,-8
219000270,65,1,64
219000271,637,13,624
219000278,2,34,-32
219000279,0,14,-14
219000283,0,126,-126
219000295,8,135,-127
219000296,135,363,-228
219000297,156,48,108
219000298,122,44,78
219000299,587,78,509
219000300,143,136,7
219000301,108,263,-155
219000302,57,177,-120
219000307,55,39,16
219000308,161,146,15
219000311,324,100,224
219000312,740,169,571
219000313,708,92,616
219000314,228,112,116
219000315,603,49,554
219000316,1094,79,1015
219000317,331,11,320
219000320,3,277,-274
219000321,4,42,-38
219000323,4,112,-108
219000325,6,10,-4
219000326,82,110,-28
219000327,53,42,11
219000328,46,23,23
219000329,194,139,55
219000330,19,33,-14
219000331,97,86,11
219000332,382,270,112
219000333,97,4,93
219000335,126,0,126
219000337,31,6,25
219000338,102,3,99
219000344,16,177,-161
219000345,75,30,45
219000346,70,37,33
219000348,215,61,154
219000349,106,130,-24
219000350,123,407,-284
219000351,0,5,-5
219000352,136,167,-31
219000353,162,85,77
219000354,423,81,342
219000355,201,165,36
219000356,485,2817,-2332
219000363,131,213,-82
219000364,328,89,239
219000365,221,29,192
219000366,256,1057,-801
219000368,409,834,-425
219000370,623,1058,-435
219000371,16,23,-7
219000382,7,29,-22
219000383,324,1947,-1623
219000385,296,1413,-1117
219000386,1103,2668,-1565
219000387,1,15,-14
219000390,13,17,-4
219000391,4,29,-25
219000397,47,16,31
219000398,50,60,-10
219000401,32,88,-56
219000402,63,84,-21
219000403,81,460,-379
219000404,59,108,-49
219000407,25,26,-1
219000409,127,85,42
219000410,267,97,170
219000411,198,35,163
219000446,213,472,-259
219000447,15,37,-22
219000448,11,15,-4
219000452,148,185,-37
219000453,70,404,-334
219000454,289,901,-612
219000556,632,305,327
219000558,103,276,-173
219000590,24,254,-230
219000591,286,364,-78
219000592,74,364,-290
219000595,16,8,8
219000635,434,156,278
219000636,153,382,-229
219000657,50,11,39
219000658,51,173,-122
219000673,0,77,-77
219000676,7,14,-7
219000679,33,49,-16
219000684,132,4,128
219000685,0,46,-46
219000686,1,2,-1
219000688,0,76,-76
219000689,9,135,-126
219000690,309,18,291
219000691,40,136,-96
219000692,345,9,336
219000693,2,3,-1
219000694,4,0,4
219000695,111,0,111
219000698,71,0,71
219000699,1,207,-206
219000727,2,517,-515
219000728,157,20,137
219000770,53,18,35
219000771,1,101,-100
219000788,383,601,-218
219001150,0,36,-36
219001151,0,2,-2
219001166,98,71,27
219001167,2,71,-69
219001178,39,1,38
220000001,34,278,-244
220000002,29,265,-236
220000003,322,293,29
220000004,580,1058,-478
220000005,751,2123,-1372
220000006,343,1340,-997
220000007,666,489,177
220000008,528,590,-62
220000009,1026,762,264
220000010,182,89,93
220000011,736,6160,-5424
220000012,36,741,-705
220000014,299,182,117
220000015,122,522,-400
220000017,41,579,-538
220000018,10228,3608,6620
220000019,273,898,-625
220000020,818,299,519
220000021,1645,392,1253
220000022,1751,380,1371
220000023,496,263,233
220000024,1216,950,266
220000025,733,3107,-2374
220000026,503,1465,-962
220000027,31,542,-511
220000028,52,316,-264
220000029,1601,523,1078
220000030,146,341,-195
220000031,986,988,-2
220000064,57,2845,-2788
221000046,1,1,0
221000047,0,0,0
221000048,0,3,-3
221000049,0,52,-52
221000050,15,1,14
221000055,70,184,-114
221000068,205,118,87
221000069,453,33,420
221000070,318,15,303
221000071,179,5,174
221000072,472,13,459
221000073,356,108,248
221000074,0,22,-22
221000075,6,39,-33
221000076,33,34,-1
221000077,65,130,-65
221000081,82,19,63
221000082,93,8,85
221000083,16,24,-8
221000084,13,14,-1
221000085,40,205,-165
221000086,10,133,-123
221000087,2,148,-146
221000088,11,161,-150
221000089,64,251,-187
221000090,99,480,-381
221000098,244,44,200
221000099,436,18,418
221000100,225,13,212
221000101,382,5,377
221000103,30,31,-1
221000104,27,20,7
221000107,122,9,113
221000108,96,67,29
221000111,12,120,-108
221000112,8,126,-118
221000113,9,127,-118
221000114,8,139,-131
221000120,13,163,-150
221000121,3,45,-42
221000122,21,61,-40
221000123,28,114,-86
221000124,14,93,-79
221000155,122,65,57
221000156,178,64,114
221000175,13,39,-26
221000176,0,4,-4
221000182,121,12,109
221000241,482,381,101
221000242,107,295,-188
221000243,725,337,388
221000244,370,727,-357
221000245,229,252,-23
221000246,135,520,-385
221000247,213,217,-4
221000248,157,168,-11
221000267,47,875,-828
221000325,15,163,-148
221000331,7,77,-70
221000338,19,88,-69
221000378,370,66,304
221000381,107,83,24
222000282,3,11,-8
222000296,0,22,-22
222000568,398,26,372
222000569,211,58,153
222000570,169,92,77
222000571,500,69,431
222000577,7,63,-56
222000578,4,158,-154
222000579,7,169,-162
222000580,37,681,-644
222000599,0,76,-76
222000600,1,97,-96
222000601,4,869,-865
222000603,5,206,-201
222000604,0,294,-294
222000605,8,65,-57
222000606,2,53,-51
222000607,10,10,0
222000608,15,43,-28
222000609,70,71,-1
222000616,668,116,552
222000617,14,108,-94
222000618,3,19,-16
222000620,36,43,-7
222000621,61,47,14
222000623,907,4,903
222000624,718,5,713
222000625,1931,5,1926
222000636,63,11,52
222000686,10,76,-66
222000687,82,47,35
222001066,570,1,569
222001067,52,0,52
222001068,217,32,185
222001069,159,79,80
222001082,36,8,28
222001083,84,0,84
222001084,0,66,-66
222001085,1,257,-256
222001111,141,73,68
222001112,419,170,249
222001313,5,28,-23
222001314,3,145,-142
222001464,562,132,430
222001465,42,121,-79
222001484,430,113,317
222001485,52,93,-41
222001494,1187,381,806
222001495,197,89,108
222001496,616,280,336
222001497,398,296,102
222001503,310,82,228
222001504,10,241,-231
222001505,682,21,661
222001506,11,262,-251
222001507,358,14,344
222001510,1197,17,1180
222001514,885,47,838
222001518,687,22,665
222001519,131,211,-80
222001527,180,21,159
222001529,617,10,607
222001530,105,107,-2
222001533,265,335,-70
222001534,633,142,491
222001535,741,545,196
222001536,101,157,-56
222001537,552,55,497
222001538,182,627,-445
222001563,1518,139,1379
222001564,121,231,-110
222001568,213,184,29
222001576,0,14,-14
222001579,0,34,-34
222001583,28,56,-28
222001584,210,49,161
222001596,676,1660,-984
222001597,1957,481,1476
222001626,0,36,-36
222001650,14,197,-183
222001651,19,320,-301
222001914,309,29,280
222001915,123,445,-322
222001968,1011,375,636
222001969,443,445,-2
222001970,110,382,-272
222001971,55,3,52
222001972,12,12,0
225000001,616,227,389
225000002,1379,342,1037
225000003,1369,285,1084
225000004,972,829,143
225000005,118,218,-100
225000006,1,643,-642
225000007,2939,1781,1158
225000010,595,24,571
225000011,476,3072,-2596
225000012,410,1295,-885
225000013,213,190,23
225000014,1167,348,819
225000015,223,287,-64
225000021,1269,159,1110
225000027,539,699,-160
225000032,1074,165,909
225000042,272,748,-476
225000049,181,247,-66
225000050,379,86,293
225000053,19,377,-358
225000058,1487,486,1001
225000067,550,218,332
225000068,275,921,-646
225000069,124,940,-816
225000070,388,515,-127
225000071,84,127,-43
225000075,127,3325,-3198
225000076,139,419,-280
225000078,56,132,-76
225000085,317,108,209
225000086,804,118,686
225000087,578,28,550
225000088,90,330,-240
225000089,106,623,-517
225000090,90,932,-842
225000091,141,269,-128
225000092,98,285,-187
225000093,741,382,359
225000094,46,296,-250
225000095,583,391,192
225000096,195,464,-269
225000098,1384,225,1159
225000099,744,221,523
225000100,1016,245,771
225000104,435,625,-190
225000110,36,524,-488
225000111,511,837,-326
225000112,998,1139,-141
225000113,380,2812,-2432
225000114,197,1070,-873
225000115,2710,924,1786
225000116,471,334,137
225000117,1061,475,586
225000118,2217,464,1753
225000119,681,139,542
225000120,1724,248,1476
225000121,268,38,230
225000123,1154,46,1108
225000125,1090,515,575
225000126,1556,701,855
225000127,613,4185,-3572
225000128,601,1622,-1021
225000132,1052,59,993
225000133,486,52,434
225000134,1162,187,975
225000135,213,9,204
225000136,1229,15,1214
225000137,668,266,402
225000138,1129,206,923
225000143,261,427,-166
225000144,38,420,-382
225000145,91,232,-141
225000146,257,306,-49
225000147,149,156,-7
225000148,13,46,-33
225000149,136,234,-98
225000151,89,119,-30
225000155,415,313,102
225000156,349,1459,-1110
225000157,1124,762,362
225000158,156,386,-230
225000171,31,242,-211
225000180,39,5,34
225000181,1,266,-265
225000182,136,33,103
225000185,12,589,-577
225000187,235,526,-291
225000191,110,0,110
225000194,0,15,-15
225000208,5,95,-90
225000209,317,44,273
225000210,27,306,-279
225000217,0,52,-52
225000218,68,4,64
225000223,1,997,-996
225000224,335,16,319
225000225,2,826,-824
225000226,20,6,14
225000227,491,860,-369
225000228,16,35,-19
225000229,0,787,-787
225000230,27,0,27
225000231,0,68,-68
225000232,493,1,492
225000241,154,2,152
225000242,1,82,-81
225000249,23,0,23
225000250,155,428,-273
225000251,1173,247,926
226000042,202,383,-181
226000043,156,538,-382
226000044,311,814,-503
226000045,239,979,-740
226000046,1250,319,931
226000047,1094,345,749
226000048,736,328,408
226000049,864,647,217
226000070,1,20,-19
226000071,1,125,-124
226000072,0,79,-79
226000073,0,52,-52
226000074,0,26,-26
226000084,0,54,-54
226000085,1,104,-103
226000086,1,58,-57
226000087,0,38,-38
226000088,9,23,-14
226000090,960,575,385
226000091,14,140,-126
226000092,2,16,-14
226000093,29,16,13
226000094,2,15,-13
226000095,22,26,-4
226000105,17,6,11
226000106,26,0,26
226000107,4,1,3
226000108,25,0,25
226000109,220,7,213
226000124,209,277,-68
226000134,1584,922,662
226000135,3066,1115,1951
226000136,1297,741,556
226000137,11,312,-301
226000138,44,155,-111
226000139,18,106,-88
226000156,669,4,665
226000157,512,32,480
226000163,236,546,-310
226000202,24,394,-370
226000231,1941,31,1910
226000232,60,6,54
227000033,643,68,575
227000036,86,1,85
227000037,860,100,760
227000038,286,135,151
227000049,0,321,-321
227000050,4,298,-294
227000055,146,0,146
227000056,23,2,21
227000084,9,173,-164
227000085,1,181,-180
227000088,56,21,35
227000089,53,6,47
227000090,19,1,18
227000091,51,3,48
227000093,214,0,214
227000094,10,0,10
227000130,203,367,-164
227000131,72,236,-164
227000132,102,196,-94
227000133,30,139,-109
227000134,121,141,-20
227000152,0,1,-1
227000153,0,243,-243
227000155,2,70,-68
227000156,1,30,-29
227000165,4,125,-121
227000196,493,120,373
227000199,916,160,756
227000230,17,228,-211
227000232,670,73,597
227000241,956,20,936
227000242,40,593,-553
227000243,394,36,358
227000245,65,267,-202
227000246,190,272,-82
227000247,745,59,686
227000248,228,185,43
227000249,45,660,-615
227000250,516,568,-52
227000251,241,1083,-842
227000252,76,207,-131
227000253,285,84,201
227000262,900,43,857
227000266,1964,29,1935
227000267,12,901,-889
227000282,3,42,-39
227000284,243,1,242
227000286,2,4,-2
227000287,4,16,-12
227000291,2,139,-137
227000484,91,19,72
227000485,6,139,-133
227000655,513,6,507
227000656,165,15,150
227000657,241,6,235
227000661,102,61,41
227000680,184,124,60
229000265,114,58,56
229000296,3,140,-137
229000297,8,37,-29
229000298,42,168,-126
229000320,3,3,0
229000321,47,32,15
229000412,20,144,-124
229000414,3,76,-73
229000415,27,12,15
229000416,1,1,0
229000417,1,10,-9
229000419,112,458,-346
229000440,309,217,92
229000442,25,7,18
229000443,4,22,-18
229000444,1,103,-102
229000445,71,4,67
229000446,72,33,39
229000847,202,0,202
229000848,89,0,89
229000849,379,7,372
229000851,103,0,103
229000854,0,32,-32
229000856,1,106,-105
229000857,0,28,-28
229000858,5,94,-89
229000919,5,125,-120
229000930,46,278,-232
229000937,158,43,115
229000966,150,35,115
229000981,71,23,48
229000985,15,8,7
229000986,0,2,-2
229000987,0,0,0
229000988,1,0,1
229000989,9,32,-23
229000990,0,6,-6
229000991,0,0,0
229000992,3,1,2
229000993,243,23,220
229000998,23,41,-18
229000999,86,2,84
229001034,0,30,-30
229001035,6,22,-16
229001037,65,6,59
229001042,25,2,23
229001047,4,34,-30
229001050,77,20,57
229001200,63,1,62
229001338,0,14,-14
229001394,570,6,564
229001422,250,31,219
229001423,27,149,-122
229001431,78,82,-4
229001432,34,149,-115
229001444,231,58,173
229001445,229,116,113
229001503,436,147,289
229001504,255,170,85
229001505,276,97,179
229001506,143,157,-14
229001509,66,14,52
229001545,263,13,250
229001546,1,105,-104
229001553,242,216,26
229001554,13,97,-84
229001559,0,3,-3
229001560,11,29,-18
229001630,123,12,111
229001631,7,69,-62
229001635,0,20,-20
229001636,0,1,-1
229001658,0,95,-95
229001659,117,3,114
229001660,22,56,-34
229001661,1,69,-68
229001662,26,3,23
229001663,1,267,-266
229002584,209,229,-20
229002831,113,180,-67
229002841,13,75,-62
229002842,33,62,-29
229002843,24,87,-63
229002844,179,164,15
229002845,96,273,-177
229002846,10,175,-165
229002847,0,27,-27
229002848,7,52,-45
229002849,1,66,-65
229002850,23,1,22
229002851,118,207,-89
229002852,118,104,14
229002853,80,27,53
229002854,76,149,-73
229002855,24,136,-112
229002856,24,69,-45
229002857,7,176,-169
229002858,7,7,0
229002859,33,143,-110
229002860,39,100,-61
229002861,113,54,59
229002862,24,74,-50
229002863,29,19,10
229002864,17,100,-83
229002865,11,18,-7
229002866,13,13,0
229002867,3,47,-44
229002868,8,19,-11
229002869,13,92,-79
229002870,70,50,20
235000066,294,55,239
235000067,249,119,130
235000072,36,92,-56
235000073,157,587,-430
235000074,73,109,-36
235000080,17,88,-71
235000081,217,101,116
235000082,669,48,621
235000083,353,44,309
235000084,38,74,-36
235000085,205,103,102
235000089,175,153,22
235000092,46,366,-320
235000093,5,18,-13
235000097,0,4,-4
235000098,167,3,164
235000099,71,152,-81
235000116,9,36,-27
235000117,885,23,862
235000133,49,804,-755
235000134,36,238,-202
235000206,6,9,-3
235000207,4,4,0
235000208,0,0,0
235000209,5,13,-8
235000210,6,2,4
235000212,1,13,-12
235000213,2,11,-9
235000220,2,2,0
235000238,18,430,-412
235000239,1,114,-113
235000242,433,1044,-611
235000245,437,233,204
235000246,7,64,-57
235000284,11,97,-86
235000295,168,90,78
235000305,398,73,325
235000306,428,14,414
235000307,60,0,60
235000308,61,1,60
235000309,147,3,144
235000310,39,0,39
235000311,101,103,-2
235000322,0,25,-25
235000323,0,58,-58
235000324,1,20,-19
235000325,13,10,3
235000326,9,41,-32
235000351,1,102,-101
235000352,36,87,-51
235000353,21,50,-29
235000354,5,49,-44
235000355,12,98,-86
235000356,147,3,144
235000357,134,6,128
235000358,50,3,47
235000359,14,5,9
235000360,99,7,92
235000361,180,8,172
235000381,396,92,304
235000382,242,70,172
235000390,0,2,-2
235000391,206,21,185
235000392,254,377,-123
235000393,170,644,-474
235000395,146,54,92
235000396,502,79,423
235000400,67,189,-122
235000401,35,208,-173
235000405,217,160,57
235000406,80,94,-14
235000407,136,97,39
235000409,229,245,-16
235000410,205,197,8
235000411,0,68,-68
235000485,0,20,-20
235000486,2,0,2
235000549,97,520,-423
235000550,152,288,-136
235000599,230,71,159
235000600,9,15,-6
235000601,9,17,-8
235000602,165,64,101
235000614,3,1,2
235000648,0,43,-43
235000649,146,5,141
235000685,0,5,-5
235000815,2,30,-28
235000834,0,39,-39
235000855,51,57,-6
235000862,103,108,-5
235000891,0,95,-95
235000892,38,16,22
235000901,88,541,-453
235000907,2,6,-4
235001010,105,90,15
235001029,237,260,-23
235001030,234,145,89
235001078,77,249,-172
235001079,78,79,-1
235001147,33,113,-80
235001166,16,57,-41
235001167,82,29,53
235001169,82,135,-53
235001188,0,5,-5
235001189,1,8,-7
235001197,0,23,-23
235001200,116,41,75
235001207,1048,50,998
235001210,450,192,258
235001215,50,123,-73
235001239,0,75,-75
235001244,0,17,-17
235016267,1,388,-387
277102712,8,0,8
277103813,0,0,0
277103814,0,0,0
277104249,0,2,-2
277104250,0,14,-14
277104251,1,4,-3
277104252,0,4,-4
990011530,0,480,-480
990014944,2,172,-170
990015176,292,3,289
990016032,0,221,-221
990032570,0,25,-25
990070001,120,11,109
990070103,0,3,-3
990070601,0,22,-22
990070751,3331,2,3329
990070766,0,127,-127
990071180,844,503,341
990071343,88,3,85
990071387,0,22,-22
990071823,22,1,21
990072600,0,602,-602
990072964,1,147,-146
990073285,0,3,-3
990074393,0,543,-543
990074870,2800,18,2782
990075106,997,6,991
990075746,967,45,922
990076437,5437,9,5428
990076458,4,625,-621
997000007,625,19,606
997000041,0,319,-319
997000058,96,0,96
997000062,5,1,4
997000069,0,10,-10
997000070,0,23,-23
997000100,178,0,178
997000141,0,191,-191
997000198,16,236,-220
998000475,0,0,0
998000736,3,280,-277
998000965,0,28,-28
998001031,0,133,-133
998001700,0,81,-81
998001899,0,1,-1
998001900,43,18,25
998003073,1624,103,1521
998101900,0,0,0
998102850,1,132,-131
998501927,490,1583,-1093
998501929,301,7,294
998501930,159,0,159
998501931,333,29,304
998501932,30,0,30
998501933,76,0,76
998501937,27,19,8
998501944,7,0,7
998501950,0,36,-36
998501970,262,9,253
998501971,1,286,-285
998501973,0,8,-8
998501974,1,117,-116
998501975,221,22,199
998501976,1000,2,998
998501977,0,34,-34
998501978,16,0,16
998501979,0,3,-3
998501980,147,0,147
998501981,136,14,122
998501982,0,164,-164
998501983,0,2,-2
998502006,0,0,0
998502024,0,36,-36
998502032,0,2,-2
998502062,18,0,18
998502063,0,0,0
998502173,67,2,65
998502269,0,11,-11
998502546,2,673,-671
998502578,8,0,8
998502599,51,730,-679
998502621,0,2,-2
998601159,0,39,-39
998601292,1,63,-62
999033574,0,162,-162
999800001,104,19,85
999800002,0,3,-3
999800003,0,2,-2
999800004,0,2,-2
999800005,0,55,-55
