ID,insum,outsum,diff
100000001,630,674,-44
100000002,3204,3900,-696
100000003,3591,4680,-1089
100000004,352,854,-502
100000005,2267,4039,-1772
100000006,549,188,361
100000007,1720,602,1118
100000008,170,542,-372
100000009,427,333,94
100000010,51,124,-73
100000011,469,218,251
100000012,81,1428,-1347
100000013,105,420,-315
100000014,327,363,-36
100000015,1052,1720,-668
100000016,489,1168,-679
100000017,515,866,-351
100000018,971,657,314
100000019,2489,2034,455
100000020,1034,4972,-3938
100000021,4815,1682,3133
100000022,644,2611,-1967
100000023,3229,1172,2057
100000025,305,1111,-806
100000028,575,1105,-530
100000029,98,400,-302
100000030,43,40,3
100000031,1788,4651,-2863
100000032,1425,3365,-1940
100000033,966,2886,-1920
100000034,86,878,-792
100000035,873,1332,-459
100000036,794,1486,-692
100000037,587,394,193
100000038,2044,915,1129
100000039,312,432,-120
100000040,241,192,49
100000041,1368,562,806
100000042,787,430,357
100000043,601,578,23
100000044,169,701,-532
100000045,294,856,-562
100000046,418,552,-134
100000047,151,377,-226
100000048,276,475,-199
100000049,1156,946,210
100000051,420,537,-117
100000053,92,9,83
100000054,264,24,240
100000055,539,415,124
100000056,417,865,-448
100000057,1771,568,1203
100000058,685,764,-79
100000059,10,276,-266
100000060,420,277,143
100000061,2015,478,1537
100000062,1405,523,882
100000063,917,211,706
100000064,1181,427,754
100000065,288,660,-372
100000066,134,380,-246
100000067,253,479,-226
100000068,282,1013,-731
100000069,258,825,-567
100000072,217,604,-387
100000073,816,702,114
100000075,733,252,481
100000076,1153,3587,-2434
100000077,80,404,-324
100000078,23,27,-4
100000079,15,31,-16
100000080,24,75,-51
100000081,84,205,-121
100000102,2577,4033,-1456
100000103,1414,1809,-395
100000104,2470,2369,101
100000105,1191,1637,-446
100000106,869,2435,-1566
100000107,140,1125,-985
100000108,197,828,-631
100000109,885,1255,-370
100000116,669,668,1
100000117,69,165,-96
100000118,691,1320,-629
100000119,524,973,-449
100000121,300,453,-153
100000122,464,1383,-919
100000123,1115,2632,-1517
100000124,2591,3170,-579
100000125,3208,1459,1749
100000126,422,523,-101
100000127,795,473,322
100000128,1211,2395,-1184
100000129,252,680,-428
100000130,591,305,286
100000131,896,1576,-680
100000132,666,1656,-990
100000133,1861,1247,614
100000135,495,1223,-728
100000139,214,767,-553
100000140,145,222,-77
100000142,602,485,117
100000143,1122,381,741
100000144,1897,608,1289
100000147,1077,3104,-2027
100000150,54,820,-766
100000151,613,2007,-1394
100000153,116,481,-365
100000154,17,246,-229
100000155,12,46,-34
100000156,309,329,-20
100000157,394,233,161
100000158,202,172,30
100000159,127,718,-591
100000165,558,628,-70
100000169,51,1375,-1324
100000174,256,960,-704
100000179,96,499,-403
100000180,920,3503,-2583
100000181,275,488,-213
100000188,76,175,-99
100000189,899,481,418
100000190,465,1381,-916
100000191,489,504,-15
100000192,14,82,-68
100000193,208,188,20
100000330,589,735,-146
100000355,156,760,-604
100000362,2568,1473,1095
100000363,4620,4858,-238
100000364,75,254,-179
100000365,4819,8953,-4134
100000366,2138,1699,439
100000367,4012,6416,-2404
100000368,2455,880,1575
100000369,434,1975,-1541
100000370,152,979,-827
100000376,52,183,-131
100000379,1069,1399,-330
100000380,3376,4805,-1429
100000384,4000,4671,-671
100000385,1195,3023,-1828
100000386,2798,4788,-1990
100000387,2360,4873,-2513
100000388,2260,5000,-2740
100000389,3046,5544,-2498
100000390,3655,5333,-1678
100000391,2261,7361,-5100
100000392,1379,4017,-2638
100000393,1210,5109,-3899
100000394,3535,7470,-3935
100000395,2040,5741,-3701
100000396,3569,3664,-95
100000397,2499,7942,-5443
100000398,6156,4844,1312
100000413,8,2,6
100900002,12,8,4
100900003,295,196,99
100900004,20,528,-508
100900005,86,18,68
100900006,34,59,-25
100900007,159,11,148
100900008,3,318,-315
100900009,34,136,-102
100900010,63,22,41
100900011,114,113,1
100900012,0,101,-101
100900013,726,13,713
100900014,5,6,-1
100900015,51,46,5
100900016,4,15,-11
100900017,571,39,532
100900018,1,15,-14
100900019,23,67,-44
100900020,287,7,280
100900021,137,1,136
100900022,4,21,-17
100900023,0,24,-24
100900024,198,4,194
100900025,5,6,-1
100900026,145,75,70
100900027,352,1761,-1409
100900028,102,201,-99
100900029,53,3,50
100900030,4,153,-149
100900031,596,32,564
100900032,118,0,118
100900033,100,179,-79
100900034,865,0,865
100900035,172,0,172
100900036,13,2,11
100900037,130,102,28
100900038,56,32,24
100900039,186,265,-79
100900040,1519,423,1096
100900041,544,353,191
100900042,1190,1593,-403
100900043,0,16,-16
100900044,954,299,655
100900045,3,2,1
100900046,338,4,334
100900047,570,143,427
100900048,99,31,68
100900049,70,86,-16
100900050,2,4,-2
100900051,24,76,-52
100900052,253,24,229
100900053,472,23,449
100900054,5,62,-57
100900055,172,726,-554
100900056,24,55,-31
100900057,1475,907,568
100900058,108,53,55
100900059,71,3,68
100900060,250,5,245
100900061,207,114,93
100900062,8,43,-35
100900063,226,635,-409
100900064,207,16,191
100900065,59,104,-45
100900066,176,208,-32
100900067,6,7,-1
100900068,82,72,10
100900069,118,3,115
100900070,357,6,351
100900071,356,124,232
100900072,3,46,-43
100900073,84,282,-198
100900074,8,3,5
100900075,1201,171,1030
100900076,3,31,-28
100900077,36,28,8
100900078,53,207,-154
100900079,11,24,-13
100900080,48,116,-68
100900081,38,86,-48
100900082,176,230,-54
100900083,18,22,-4
100900085,28,424,-396
100900086,62,275,-213
100900088,122,180,-58
100900089,5,40,-35
100900090,96,423,-327
100900091,1,10,-9
100900092,76,103,-27
100900093,283,264,19
100900094,164,122,42
100900095,8,23,-15
100900096,56,126,-70
100900097,11,1,10
100900098,34,60,-26
100900099,8,252,-244
100900100,7,579,-572
100900101,205,33,172
100900102,44,94,-50
100900103,8,44,-36
100900104,2,111,-109
100900105,5,484,-479
100900106,14,11,3
100900107,1251,652,599
100900108,5,37,-32
100900109,21,32,-11
100900110,2,24,-22
100900111,13,172,-159
100900112,3,42,-39
100900113,17,17,0
100900114,8,30,-22
100900115,11,39,-28
100900116,836,418,418
100900117,218,977,-759
100900118,12,46,-34
100900119,13,8,5
100900120,17,3,14
100900121,239,293,-54
100900122,69,88,-19
100900123,81,132,-51
100900124,2,13,-11
100900125,9,35,-26
100900126,148,117,31
100900127,2,15,-13
100900128,104,208,-104
100900129,4,331,-327
100900131,30,140,-110
100900133,39,30,9
100900134,2,5,-3
100900135,0,299,-299
100900137,248,157,91
100900138,278,376,-98
100900139,2,13,-11
100900140,5,173,-168
100900141,1,600,-599
100900142,0,6,-6
100900143,351,354,-3
100900144,2,5,-3
100900145,99,143,-44
100900146,6,27,-21
100900147,16,515,-499
100900148,32,218,-186
100900149,57,170,-113
100900150,5,13,-8
100900151,111,298,-187
100900152,234,14,220
100900153,2,150,-148
100900154,23,169,-146
100900155,15,3,12
100900156,31,1,30
100900157,7,496,-489
100900159,5,49,-44
100900160,43,4,39
100900161,22,11,11
100900162,14,387,-373
100900163,98,83,15
100900164,44,25,19
100900165,4,26,-22
100900166,20,1,19
100900167,12,33,-21
100900168,51,173,-122
100900169,75,640,-565
100900170,7,6,1
100900171,23,345,-322
100900172,0,16,-16
100900173,7,136,-129
100900174,55,8,47
100900176,1314,90,1224
100900177,437,122,315
100900178,176,138,38
100900179,225,313,-88
100900180,6,5,1
100900181,46,79,-33
100900182,65,31,34
100900184,18,106,-88
100900186,428,285,143
100900187,14,51,-37
100900188,23,7,16
100900189,2140,207,1933
100900191,472,1088,-616
100900192,146,400,-254
100900195,89,182,-93
100900197,15,36,-21
100900198,18,111,-93
100900199,1,7,-6
100900200,496,293,203
100900201,55,379,-324
100900202,55,0,55
100900203,5,490,-485
100900204,131,1152,-1021
100900205,77,545,-468
100900206,242,81,161
100900207,207,128,79
100900210,64,173,-109
100900211,402,109,293
100900213,153,60,93
100900214,419,119,300
100900215,12,35,-23
100900217,89,85,4
101000001,1690,1761,-71
101000002,6011,6089,-78
101000003,303,798,-495
101000004,4186,4688,-502
101000005,2901,3684,-783
101000006,3971,6133,-2162
101000007,2199,3577,-1378
101000008,1541,1716,-175
101000009,1648,523,1125
101000010,569,446,123
101000011,828,217,611
101000012,483,605,-122
101000013,458,850,-392
101000014,258,327,-69
101000015,1327,785,542
101000016,190,407,-217
101000017,270,383,-113
101000018,1309,1972,-663
101000020,1559,643,916
101000021,424,250,174
101000022,40,110,-70
101000023,696,506,190
101000025,233,425,-192
101000026,234,18,216
101000027,1715,3076,-1361
101000028,915,296,619
101000029,127,1363,-1236
101000030,824,174,650
101000031,220,779,-559
101000032,2211,4178,-1967
101000033,1246,3171,-1925
101000034,860,1716,-856
101000035,461,318,143
101000036,938,1108,-170
101000037,1047,1793,-746
101000039,1597,2172,-575
101000040,1850,3981,-2131
101000041,2171,6138,-3967
101000042,124,971,-847
101000043,2590,6322,-3732
101000045,359,901,-542
101000046,1032,2281,-1249
101000047,929,4850,-3921
101000048,339,260,79
101000049,361,2065,-1704
101000050,590,1656,-1066
101000051,596,2260,-1664
101000052,925,1090,-165
101000053,668,1034,-366
101000054,1462,711,751
101000055,869,1287,-418
101000056,22,112,-90
101000057,858,1183,-325
101000058,593,1174,-581
101000059,1306,1887,-581
101000060,1568,694,874
101000061,408,1311,-903
101000062,313,620,-307
101000063,274,1149,-875
101000064,516,1029,-513
101000065,198,630,-432
101000066,442,1090,-648
101000067,615,1031,-416
101000068,125,438,-313
101000069,157,46,111
101000070,537,844,-307
101000071,1681,900,781
101000072,492,2507,-2015
101000073,575,1090,-515
101000074,2548,3361,-813
101000075,1871,4591,-2720
101000077,1348,1082,266
101000078,720,1047,-327
101000079,1105,952,153
101000080,985,1122,-137
101000081,1498,1216,282
101000082,1735,1888,-153
101000083,2586,2105,481
101000084,859,486,373
101000085,1118,950,168
101000086,711,999,-288
101000087,735,714,21
101000088,1019,975,44
101000089,972,1233,-261
101000090,1548,902,646
101000091,383,349,34
101000092,1360,547,813
101000093,1203,547,656
101000094,895,696,199
101000095,527,396,131
101000096,477,319,158
101000097,309,453,-144
101000098,323,349,-26
101000099,486,880,-394
101000100,589,787,-198
101000101,148,276,-128
101000102,385,598,-213
101000103,432,587,-155
101000104,249,667,-418
101000105,129,702,-573
101000106,355,1118,-763
101000107,240,308,-68
101000108,446,113,333
101000109,500,60,440
101000110,27,198,-171
101000111,60,131,-71
101000113,140,601,-461
101000114,3447,8404,-4957
101000115,94,52,42
101000116,51,32,19
101000117,1691,195,1496
101000119,39,44,-5
101000120,105,76,29
101000121,65,59,6
101000122,92,117,-25
101000123,60,149,-89
101000124,828,483,345
101000125,150,279,-129
101000128,202,614,-412
101000130,103,218,-115
101000131,990,356,634
101000132,747,524,223
101000135,38,30,8
101000136,214,231,-17
101000137,27,347,-320
101000141,546,3052,-2506
101000147,773,377,396
101000148,611,18,593
101000149,240,653,-413
101000150,72,319,-247
101000151,241,42,199
101000152,263,258,5
101000153,367,119,248
101000154,352,466,-114
101000155,285,117,168
101000156,25,321,-296
101000157,56,32,24
101000160,29,5,24
101000163,113,403,-290
101000164,308,127,181
101000165,236,331,-95
101000166,147,194,-47
101000168,724,349,375
101000252,2072,785,1287
101000254,59,74,-15
101000258,89,16,73
101000261,122,99,23
101000262,947,3463,-2516
101000263,205,1064,-859
101000265,41,646,-605
101000266,209,294,-85
101000269,12,9,3
101000290,404,1943,-1539
101000293,19,30,-11
101000294,526,416,110
101000295,241,195,46
101000301,313,418,-105
101000304,1541,2554,-1013
101000305,2348,800,1548
101000328,127,427,-300
101900001,7,50,-43
101900002,0,9,-9
101900003,29,60,-31
101900004,3,61,-58
101900005,1435,2297,-862
101900006,1179,39,1140
101900007,514,138,376
101900008,61,180,-119
101900009,17,262,-245
101900010,534,722,-188
101900011,85,705,-620
101900012,232,66,166
101900013,344,126,218
101900017,10,133,-123
101900018,611,200,411
101900019,159,159,0
101900020,87,54,33
101900021,0,40,-40
101900022,116,526,-410
101900023,158,86,72
101900026,130,36,94
101900027,15,78,-63
102000001,2408,4181,-1773
102000002,1907,714,1193
102000003,2010,5318,-3308
102000004,2871,1927,944
102000005,880,2235,-1355
102000006,620,1385,-765
102000007,1159,3692,-2533
102000008,2600,1169,1431
102000009,5629,6797,-1168
102000010,3045,2200,845
102000011,3309,2933,376
102000012,2407,1981,426
102000018,1752,2122,-370
102000019,1786,1348,438
102000026,169,334,-165
102000029,151,174,-23
102000030,90,274,-184
102000031,99,101,-2
102000032,458,252,206
102000033,256,253,3
102000034,353,253,100
102000035,958,481,477
102000036,31,192,-161
102000037,169,26,143
102000038,77,362,-285
102000039,112,137,-25
102000040,207,263,-56
102000041,62,461,-399
102000042,104,353,-249
102000043,85,246,-161
102000044,276,472,-196
102000045,464,500,-36
102000046,813,491,322
102000047,457,522,-65
102000048,346,509,-163
102000049,756,718,38
102000050,802,873,-71
102000051,268,576,-308
102000052,849,680,169
102000053,653,876,-223
102000054,704,897,-193
102000055,1237,287,950
102000056,904,319,585
102000057,1163,345,818
102000058,939,809,130
102000059,1074,1085,-11
102000060,898,755,143
102000061,1417,1194,223
102000062,1590,790,800
102000063,907,1042,-135
102000064,542,580,-38
102000065,76,129,-53
102000066,697,710,-13
102000067,2119,2354,-235
102000068,8292,2721,5571
102000069,99,2652,-2553
102000070,1386,40,1346
102000071,6012,7977,-1965
102000072,2110,3206,-1096
102000073,681,744,-63
102000074,528,897,-369
102000075,134,278,-144
102000076,218,157,61
102000077,688,489,199
102000078,1199,308,891
102000079,118,164,-46
102000080,234,138,96
102000081,223,699,-476
102000082,523,336,187
102000083,600,159,441
102000084,505,182,323
102000085,1641,607,1034
102000086,1206,557,649
102000087,574,969,-395
102000088,346,244,102
102000089,1248,299,949
102000090,298,807,-509
102000091,1060,473,587
102000092,241,367,-126
102000093,728,546,182
102000094,495,505,-10
102000095,708,829,-121
102000096,334,553,-219
102000097,522,486,36
102000098,293,609,-316
102000099,681,977,-296
102000100,217,1154,-937
102000101,373,647,-274
102000102,322,717,-395
102000103,1527,267,1260
102000104,442,257,185
102000105,234,410,-176
102000106,699,350,349
102000107,1551,285,1266
102000108,634,132,502
102000109,467,334,133
102000110,1175,498,677
102000111,7,281,-274
102000112,132,107,25
102000113,11,22,-11
102000114,549,232,317
102000115,230,256,-26
102000116,226,470,-244
102000117,72,569,-497
102000118,622,1263,-641
102000119,1156,1096,60
102000120,198,307,-109
102000121,821,333,488
102000122,560,788,-228
102000123,919,703,216
102000124,1120,1062,58
102000125,493,627,-134
102000126,487,761,-274
102000127,1016,559,457
102000128,592,625,-33
102000129,1153,436,717
102000130,710,628,82
102000131,989,402,587
102000132,449,565,-116
102000133,2269,1264,1005
102000134,820,600,220
102000135,669,532,137
102000136,942,404,538
102000137,369,810,-441
102000138,132,215,-83
102000139,39,512,-473
102000140,107,1286,-1179
102000141,122,179,-57
102000142,221,207,14
102000143,198,167,31
102000144,351,238,113
102000145,289,192,97
102000146,293,268,25
102000147,302,285,17
102000148,136,324,-188
102000149,145,189,-44
102000150,461,61,400
102000151,70,116,-46
102000152,195,118,77
102000153,813,556,257
102000154,172,371,-199
102000155,45,360,-315
102000156,205,128,77
102000157,39,483,-444
102000158,304,301,3
102000159,720,632,88
102000161,1316,1561,-245
102000162,95,110,-15
102000163,84,462,-378
102000164,463,679,-216
102000165,254,129,125
102000166,97,183,-86
102000167,177,149,28
102000168,198,149,49
102000169,67,421,-354
102000170,353,130,223
102000171,82,133,-51
102000172,22,320,-298
102000173,258,232,26
102000174,59,45,14
102000175,82,61,21
102000176,53,16,37
102000178,271,229,42
102000179,451,143,308
102000180,1089,209,880
102000181,829,279,550
102000182,540,286,254
102000183,1757,962,795
102000184,1824,435,1389
102000185,2536,752,1784
102000186,1333,958,375
102000187,862,911,-49
102000188,1020,980,40
102000189,1429,456,973
102000190,377,1900,-1523
102000191,884,293,591
102000192,1222,1402,-180
102000193,66,64,2
102000194,46,102,-56
102000195,397,241,156
102000196,207,205,2
102000197,884,212,672
102000198,200,281,-81
102000199,1268,196,1072
102000200,231,394,-163
102000201,1147,367,780
102000202,5,31,-26
102000203,354,121,233
102000204,563,381,182
102000205,1062,236,826
102000206,533,225,308
102000207,521,326,195
102000208,289,247,42
102000209,62,31,31
102000210,500,279,221
102000211,355,109,246
102000212,289,15,274
102000213,6,128,-122
102000214,310,18,292
102000215,3,186,-183
102000216,63,54,9
102000217,11,55,-44
102000218,200,177,23
102000219,205,175,30
102000225,405,401,4
102000226,433,831,-398
102000227,169,1,168
102000228,1,39,-38
102000229,25,47,-22
102000230,276,236,40
102000231,207,287,-80
102000232,73,114,-41
102000233,421,385,36
102000234,79,736,-657
102000236,170,73,97
102000237,304,104,200
102000238,139,165,-26
102000240,398,794,-396
102000241,151,81,70
102000243,9,24,-15
102000245,15,97,-82
102000246,6,29,-23
102000247,427,564,-137
102000248,395,872,-477
102000249,138,102,36
102000250,62,184,-122
102000254,186,116,70
102000266,21,481,-460
102000271,38,0,38
102000286,271,305,-34
102000297,1466,676,790
102000299,0,0,0
102000301,0,0,0
102000303,0,0,0
102000305,0,0,0
102000307,0,4,-4
102900001,983,526,457
102900002,338,38,300
102900003,68,89,-21
102900005,244,102,142
102900006,288,52,236
102900007,460,16,444
102900008,123,18,105
102900009,345,328,17
102900010,171,1124,-953
102900011,901,229,672
102900012,437,55,382
102900013,26,44,-18
102900015,526,427,99
102900016,89,54,35
102900017,179,239,-60
102900018,24,50,-26
102900019,240,229,11
102900020,199,16,183
102900021,36,45,-9
102900022,299,144,155
102900023,38,81,-43
102900024,38,26,12
102900025,114,50,64
102900026,170,1571,-1401
102900027,54,36,18
102900028,135,620,-485
102900029,105,171,-66
102900030,306,250,56
102900031,226,90,136
102900032,81,46,35
102900033,56,101,-45
102900034,459,66,393
102900035,135,188,-53
102900036,269,205,64
102900037,345,165,180
102900038,344,159,185
102900039,8,522,-514
102900040,128,230,-102
102900041,66,83,-17
102900042,172,151,21
102900043,167,136,31
102900044,486,1082,-596
102900045,147,274,-127
102900046,159,108,51
102900047,175,368,-193
102900048,511,257,254
102900049,76,301,-225
102900050,164,209,-45
102900051,179,159,20
102900053,288,402,-114
102900054,201,993,-792
102900055,126,159,-33
102900056,97,276,-179
102900057,6,50,-44
102900058,308,59,249
102900059,20,28,-8
102900060,121,325,-204
102900061,166,257,-91
102900062,261,367,-106
102900063,1021,244,777
102900064,83,284,-201
102900065,1398,351,1047
102900066,207,4,203
102900068,67,85,-18
102900070,161,306,-145
102900072,13,68,-55
102900073,83,4,79
102900075,24,72,-48
102900076,56,117,-61
102900077,27,43,-16
102900078,21,31,-10
102900079,164,7,157
102900080,341,34,307
102900081,78,216,-138
102900082,9,253,-244
102900083,131,9,122
102900084,0,20,-20
102900085,300,92,208
102900086,18,80,-62
102900087,134,138,-4
102900088,26,44,-18
102900089,155,85,70
102900090,1,134,-133
102900091,164,3,161
102900092,307,261,46
102900094,2,140,-138
102900095,87,1,86
102900096,74,17,57
102900097,4,52,-48
103000001,1873,1678,195
103000002,1821,1885,-64
103000003,2417,1930,487
103000004,641,516,125
103000005,1504,2869,-1365
103000006,868,1209,-341
103000007,364,481,-117
103000008,845,400,445
103000009,1359,857,502
103000010,187,101,86
103000011,1121,813,308
103000012,1154,1298,-144
103000013,2009,1226,783
103000014,1068,2025,-957
103000015,1051,503,548
103000016,450,1198,-748
103000017,199,331,-132
103000018,518,222,296
103000019,289,289,0
103000020,1305,1014,291
103000021,1462,1739,-277
103000022,532,793,-261
103000023,634,1632,-998
103000024,71,81,-10
103000025,127,611,-484
103000026,626,84,542
103000027,274,574,-300
103000028,173,263,-90
103000029,141,250,-109
103000030,1065,1069,-4
103000031,740,1704,-964
103000032,1812,1014,798
103000033,2349,1954,395
103000034,866,672,194
103000035,274,928,-654
103000036,229,317,-88
103000037,369,454,-85
103000038,357,662,-305
103000039,479,193,286
103000040,496,486,10
103000041,1520,1080,440
103000042,1255,265,990
103000043,569,501,68
103000044,283,119,164
103000046,385,330,55
103000047,556,299,257
103000048,285,175,110
103000049,112,82,30
103000050,579,227,352
103000051,515,306,209
103000052,630,185,445
103000053,171,353,-182
103000054,1955,1003,952
103000055,1502,1369,133
103000056,662,745,-83
103000057,1019,127,892
103000058,477,546,-69
103000059,540,458,82
103000060,596,296,300
103000061,378,599,-221
103000062,785,353,432
103000063,766,639,127
103000064,148,134,14
103000065,3,213,-210
103000066,207,10,197
103000069,398,190,208
103000070,721,486,235
103000071,1135,332,803
103000072,101,376,-275
103000073,573,70,503
103000074,550,61,489
103000075,103,437,-334
103000076,300,439,-139
103000077,34,190,-156
103000078,588,720,-132
103000079,377,649,-272
103000080,428,317,111
103000081,232,1051,-819
103000082,356,129,227
103000083,70,298,-228
103000084,97,3,94
103000085,3,129,-126
103000086,308,353,-45
103000087,66,502,-436
103000088,216,266,-50
103000089,214,493,-279
103000090,2560,824,1736
103000091,713,352,361
103000092,219,201,18
103000093,246,346,-100
103000094,150,68,82
103000095,82,318,-236
103000096,447,54,393
103000097,61,631,-570
103000098,470,123,347
103000099,111,493,-382
103000100,103,386,-283
103000101,788,94,694
103000102,78,336,-258
103000103,644,110,534
103000104,73,81,-8
103000105,159,94,65
103000106,10,88,-78
103000107,179,60,119
103000108,835,724,111
103000109,446,326,120
103000110,476,463,13
103000111,303,329,-26
103000112,239,198,41
103000113,319,610,-291
103000114,1071,545,526
103000115,641,463,178
103000116,593,256,337
103000117,389,292,97
103000118,365,341,24
103000119,585,292,293
103000120,68,98,-30
103000121,130,323,-193
103000122,281,444,-163
103000125,18,70,-52
103000126,640,3,637
103000127,16,82,-66
103000128,166,1,165
103000129,2,68,-66
103000130,77,39,38
103000131,84,66,18
103000132,68,131,-63
103000133,26,88,-62
103000134,203,672,-469
103000135,394,177,217
103000136,430,429,1
103000137,328,482,-154
103000138,440,525,-85
103000139,0,39,-39
103000140,124,39,85
103000141,16,116,-100
103000142,68,44,24
103000143,35,186,-151
103000144,117,55,62
103000145,20,131,-111
103000150,133,56,77
103000152,170,257,-87
103000153,214,215,-1
103000156,3,133,-130
103000157,395,0,395
103000159,70,17,53
103000162,19,37,-18
103000163,12,47,-35
103000164,8,5,3
103000165,57,185,-128
103000166,246,216,30
103000167,154,142,12
103000168,115,101,14
103000169,165,396,-231
103000170,983,216,767
103000171,79,93,-14
103000172,572,201,371
103000173,711,181,530
103000174,221,180,41
103000175,372,124,248
103000176,641,517,124
103000177,292,303,-11
103000178,140,193,-53
103000179,143,30,113
103000183,185,9,176
103000185,116,65,51
103000186,151,77,74
103000187,697,123,574
103000188,25,75,-50
103000189,663,592,71
103000191,297,303,-6
103000292,426,1357,-931
103000293,464,2045,-1581
103000295,78,110,-32
103000296,139,6,133
103000297,11,14,-3
103000504,47,7,40
103000505,7,39,-32
103000506,3,146,-143
103000507,244,4,240
103000508,53,63,-10
103000509,220,402,-182
103900001,3,21,-18
103900002,562,113,449
103900003,702,560,142
103900004,88,0,88
103900005,2,69,-67
103900006,56,21,35
103900007,37,1,36
103900008,13,0,13
103900010,220,246,-26
103900012,12,27,-15
103900014,68,15,53
103900015,94,8,86
103900017,43,58,-15
103900018,365,117,248
103900019,62,364,-302
103900020,253,422,-169
103900021,137,66,71
103900022,745,453,292
103900023,140,3,137
103900024,49,152,-103
103900025,17,15,2
103900026,19,0,19
103900027,537,182,355
103900028,209,381,-172
103900029,1101,138,963
103900030,288,119,169
103900031,38,1,37
103900032,115,94,21
103900033,44,21,23
103900034,43,51,-8
103900035,55,54,1
103900036,26,42,-16
103900037,86,26,60
103900038,82,196,-114
103900039,131,140,-9
103900040,14,46,-32
103900041,37,27,10
103900042,67,100,-33
103900043,260,35,225
103900044,54,330,-276
103900045,314,96,218
103900047,105,12,93
103900048,10,31,-21
103900049,77,861,-784
103900050,5,114,-109
103900051,0,42,-42
103900053,293,252,41
103900054,119,154,-35
103900055,158,47,111
103900056,72,38,34
103900057,62,63,-1
103900058,339,243,96
103900059,0,25,-25
103900060,56,71,-15
103900061,225,28,197
103900062,360,117,243
103900063,5,0,5
103900064,172,2,170
103900065,222,228,-6
103900066,211,48,163
103900067,193,16,177
103900068,3,1,2
103900069,64,15,49
103900070,105,121,-16
103900071,21,52,-31
103900072,18,57,-39
103900073,43,33,10
103900074,98,20,78
103900075,227,26,201
103900076,551,229,322
103900077,31,127,-96
103900078,233,35,198
103900079,116,88,28
103900080,3,21,-18
103900081,39,37,2
103900082,17,83,-66
103900083,945,1104,-159
103900084,24,107,-83
103900085,32,120,-88
103900086,681,290,391
103900088,274,451,-177
103900089,39,84,-45
103900090,2,57,-55
103900091,730,144,586
103900092,517,230,287
103900093,32,215,-183
103900094,8,54,-46
103900095,450,307,143
103900096,44,89,-45
103900097,7,222,-215
103900098,297,123,174
103900099,78,44,34
103900100,273,154,119
103900101,70,751,-681
103900102,1,13,-12
103900104,1,18,-17
103900105,59,104,-45
103900106,0,49,-49
103900107,172,70,102
103900108,68,124,-56
103900109,174,53,121
103900110,178,31,147
103900111,116,214,-98
103900112,36,46,-10
103900113,41,108,-67
103900114,355,342,13
103900115,241,139,102
103900116,1434,2245,-811
103900117,92,31,61
103900119,37,96,-59
103900120,72,49,23
103900122,107,74,33
103900123,588,429,159
103900124,51,237,-186
103900125,118,49,69
103900126,474,182,292
103900127,162,183,-21
103900128,314,127,187
103900131,21,61,-40
103900133,841,13,828
103900134,1,10,-9
103900135,0,0,0
103900137,0,4,-4
103900138,137,45,92
103900139,192,2188,-1996
103900140,3,179,-176
103900141,152,31,121
103900142,157,32,125
103900143,231,5,226
103900144,0,13,-13
103900145,117,160,-43
103900146,215,131,84
103900147,278,70,208
103900148,639,238,401
103900149,299,197,102
103900150,2783,3835,-1052
103900151,42,109,-67
103900152,636,172,464
103900153,5,6,-1
103900154,556,1793,-1237
103900155,61,124,-63
103900156,116,69,47
103900157,70,40,30
103900158,125,39,86
103900159,153,28,125
103900160,53,43,10
103900161,78,124,-46
103900162,270,140,130
103900163,5,294,-289
103900167,9,126,-117
103900168,95,43,52
103900169,37,55,-18
103900170,0,52,-52
103900171,2,28,-26
103900172,2,9,-7
103900173,12,23,-11
103900174,208,28,180
103900175,40,97,-57
103900176,6,59,-53
103900177,22,60,-38
103900178,90,29,61
103900179,64,44,20
103900180,3,33,-30
103900181,49,36,13
103900182,44,15,29
103900184,261,119,142
103900185,59,418,-359
103900187,11,67,-56
103900188,40,36,4
103900189,123,4,119
103900190,76,50,26
103900191,29,30,-1
103900192,48,62,-14
103900193,62,91,-29
103900194,65,83,-18
103900195,7,116,-109
103900196,23,19,4
103900197,8,22,-14
103900198,8,27,-19
103900199,128,47,81
103900200,139,46,93
103900201,99,73,26
103900202,21,28,-7
103900203,30,23,7
103900204,3,49,-46
103900207,0,31,-31
103900208,126,0,126
103900209,2,72,-70
103900210,27,28,-1
103900211,514,180,334
103900212,330,160,170
103900213,35,143,-108
103900214,180,163,17
103900215,143,222,-79
103900216,22,146,-124
103900217,253,5,248
103900218,43,232,-189
103900219,162,105,57
103900233,25,5,20
103900235,10,41,-31
103900236,8,7,1
103900242,6,1,5
103900243,2,4,-2
103900244,128,85,43
103900245,70,81,-11
103900246,46,30,16
103900247,19,59,-40
103900248,3,76,-73
103900249,2,35,-33
103900250,23,13,10
103900251,1,11,-10
103900253,3,60,-57
103900254,2,26,-24
103900255,5,8,-3
103900256,19,16,3
103900257,137,114,23
103900258,14,13,1
103900259,35,4,31
103900261,19,1,18
103900262,28,1,27
103900263,24,32,-8
103900264,23,3,20
103900265,23,2,21
103900266,1,42,-41
103900267,7,62,-55
103900268,12,56,-44
103900269,258,11,247
103900270,84,63,21
103900271,31,42,-11
103900272,46,17,29
103900273,24,10,14
103900274,90,4,86
103900275,41,2,39
103900276,4,14,-10
103900277,3,13,-10
103900278,4,12,-8
103900279,5,13,-8
103900280,0,14,-14
104000001,2433,1399,1034
104000002,1344,1614,-270
104000003,1947,1535,412
104000004,1918,1884,34
104000005,1637,1429,208
104000006,2468,2309,159
104000007,3361,3633,-272
104000008,165,171,-6
104000009,219,80,139
104000010,141,287,-146
104000011,294,135,159
104000012,95,205,-110
104000013,218,178,40
104000014,184,323,-139
104000015,272,137,135
104000016,318,218,100
104000018,710,149,561
104000019,597,207,390
104000020,103,279,-176
104000021,182,322,-140
104000022,145,210,-65
104000023,858,346,512
104000024,218,215,3
104000026,41,217,-176
104000027,195,158,37
104000028,314,161,153
104000029,341,205,136
104000030,269,156,113
104000031,990,306,684
104000032,136,167,-31
104000033,570,338,232
104000034,286,160,126
104000035,922,256,666
104000036,738,335,403
104000037,188,92,96
104000038,691,471,220
104000039,159,123,36
104000040,125,241,-116
104000041,928,238,690
104000042,127,166,-39
104000043,197,222,-25
104000044,187,417,-230
104000045,651,487,164
104000046,532,797,-265
104000047,509,669,-160
104000048,636,679,-43
104000049,507,183,324
104000050,73,484,-411
104000051,156,477,-321
104000052,2026,1580,446
104000053,772,371,401
104000054,231,116,115
104000055,2314,1389,925
104000056,778,300,478
104000057,248,299,-51
104000058,642,541,101
104000059,413,914,-501
104000060,802,1155,-353
104000061,805,605,200
104000062,423,109,314
104000064,473,179,294
104000065,103,522,-419
104000069,536,1230,-694
104000070,50,415,-365
104000071,227,328,-101
104000072,385,164,221
104000075,40,131,-91
104000076,352,55,297
104000082,1697,2499,-802
104000083,487,173,314
104000084,137,352,-215
104000085,277,232,45
104000086,164,301,-137
104000087,354,1236,-882
104000090,763,590,173
104000092,1157,874,283
104000094,626,743,-117
104000095,1681,1210,471
104000096,1328,35,1293
104000097,1637,422,1215
104000098,2297,396,1901
104000100,1606,553,1053
104000101,1033,1022,11
104000106,70,437,-367
104000107,389,209,180
104000108,172,256,-84
104000109,225,80,145
104000110,558,594,-36
104000111,1548,1712,-164
104000112,694,332,362
104000116,3,467,-464
104000117,222,253,-31
104000118,712,119,593
104000119,552,240,312
104000120,243,267,-24
104000121,197,460,-263
104000122,714,640,74
104000123,535,523,12
104000124,408,988,-580
104000125,1598,3435,-1837
104000126,274,330,-56
104000127,915,1140,-225
104000128,352,154,198
104000129,335,18,317
104000130,7,171,-164
104000131,265,318,-53
104000132,310,401,-91
104000133,1171,619,552
104000134,723,1154,-431
104000135,323,1267,-944
104000136,466,2467,-2001
104000137,1197,271,926
104000138,672,197,475
104000139,2730,1537,1193
104000141,649,629,20
104000142,500,336,164
104000143,557,252,305
104000144,117,143,-26
104000145,321,195,126
104000146,170,337,-167
104000147,111,191,-80
104000148,329,177,152
104000149,160,92,68
104000150,783,360,423
104000151,274,178,96
104000152,409,261,148
104000153,437,416,21
104000154,524,264,260
104000155,415,544,-129
104000157,714,893,-179
104000158,147,389,-242
104000159,594,513,81
104000160,1265,1570,-305
104000161,127,120,7
104000162,78,145,-67
104000165,680,646,34
104000167,590,1183,-593
104000168,493,11,482
104000169,136,48,88
104000170,165,312,-147
104000248,249,324,-75
104000251,51,121,-70
104000272,0,0,0
104000273,0,0,0
104000274,0,0,0
104000275,0,0,0
104000279,1790,1808,-18
104000290,59,161,-102
104000291,427,694,-267
104000293,716,607,109
104000294,66,0,66
104000295,552,602,-50
104000296,408,510,-102
104000297,604,1480,-876
104000298,1557,872,685
104000299,628,1076,-448
104000302,118,75,43
104000303,104,122,-18
104900001,133,183,-50
104900002,55,111,-56
104900003,68,175,-107
104900004,60,144,-84
104900005,265,161,104
104900006,290,88,202
104900007,302,118,184
104900009,141,148,-7
104900010,64,22,42
104900011,9,22,-13
104900012,164,33,131
104900013,106,12,94
104900014,1253,198,1055
104900015,87,3,84
104900016,182,139,43
104900017,130,90,40
104900018,10,103,-93
104900019,148,3091,-2943
104900020,40,177,-137
104900021,1,96,-95
104900022,4,85,-81
104900023,0,22,-22
104900024,6,237,-231
104900025,70,76,-6
104900026,0,24,-24
104900027,445,235,210
104900028,28,87,-59
104900029,31,34,-3
104900030,424,178,246
104900031,61,177,-116
104900032,28,54,-26
104900033,135,201,-66
104900034,285,136,149
104900035,355,167,188
104900036,165,46,119
104900037,131,112,19
104900038,120,720,-600
104900039,354,341,13
104900040,373,81,292
104900041,227,86,141
104900042,141,133,8
104900043,24,210,-186
104900044,696,144,552
104900045,361,33,328
104900046,193,62,131
104900047,319,75,244
104900048,229,53,176
104900049,51,34,17
104900050,227,59,168
104900051,226,19,207
104900052,77,1,76
104900053,361,77,284
104900054,166,11,155
104900055,157,0,157
104900056,141,11,130
104900057,39,0,39
104900058,412,211,201
104900059,118,128,-10
104900061,142,211,-69
104900063,16,193,-177
104900064,0,79,-79
104900065,2,150,-148
104900066,2,70,-68
104900067,2,210,-208
104900068,27,202,-175
104900070,93,159,-66
104900071,0,271,-271
104900072,35,140,-105
104900073,49,46,3
104900074,44,103,-59
104900075,31,18,13
104900076,82,96,-14
104900077,296,197,99
104900078,155,218,-63
104900079,52,474,-422
104900080,124,414,-290
104900082,8,246,-238
104900085,32,182,-150
104900089,221,0,221
104900091,360,306,54
104900093,157,245,-88
104900097,1128,1955,-827
104900098,130,15,115
104900099,30,333,-303
104900100,202,111,91
104900102,42,62,-20
104900103,262,34,228
104900106,130,36,94
104900107,80,94,-14
104900108,27,91,-64
104900109,76,126,-50
104900110,6,54,-48
104900111,198,38,160
104900112,239,260,-21
104900113,573,131,442
104900114,335,196,139
104900115,586,166,420
104900116,295,94,201
104900118,32,28,4
104900119,0,47,-47
104900120,30,333,-303
104900121,0,21,-21
104900122,5,16,-11
104900123,66,12,54
104900124,30,0,30
104900125,280,4,276
104900126,39,20,19
104900127,26,19,7
104900128,39,25,14
104900129,669,1918,-1249
105000001,2601,1252,1349
105000002,2005,1204,801
105000003,2603,2397,206
105000004,560,522,38
105000005,1045,985,60
105000006,1138,1490,-352
105000007,1193,1655,-462
105000008,892,3402,-2510
105000009,2371,2964,-593
105000010,2290,1066,1224
105000011,3436,2823,613
105000012,2609,1774,835
105000013,938,1097,-159
105000014,2159,2742,-583
105000015,7061,12652,-5591
105000016,936,1247,-311
105000017,1181,497,684
105000018,751,1250,-499
105000019,806,810,-4
105000020,129,397,-268
105000021,180,133,47
105000022,137,89,48
105000023,473,227,246
105000028,36,64,-28
105000029,459,1213,-754
105000030,2544,1687,857
105000031,10,18,-8
105000033,728,1081,-353
105000034,154,910,-756
105000037,392,207,185
105000038,1001,1452,-451
105000039,1253,852,401
105000040,860,973,-113
105000041,377,735,-358
105000042,2011,1463,548
105000043,900,1188,-288
105000044,499,392,107
105000045,214,302,-88
105000046,922,304,618
105000047,382,549,-167
105000048,461,186,275
105000049,209,291,-82
105000050,578,300,278
105000051,131,231,-100
105000052,473,632,-159
105000053,84,99,-15
105000054,390,604,-214
105000055,743,268,475
105000056,1335,1469,-134
105000057,1322,416,906
105000058,980,633,347
105000059,637,413,224
105000060,413,316,97
105000061,754,406,348
105000062,460,353,107
105000063,267,249,18
105000064,1504,516,988
105000065,327,346,-19
105000066,716,768,-52
105000067,1188,620,568
105000068,224,570,-346
105000069,860,1787,-927
105000070,279,899,-620
105000071,199,952,-753
105000072,781,2314,-1533
105000073,855,555,300
105000074,525,419,106
105000075,392,414,-22
105000076,866,584,282
105000077,1592,703,889
105000078,695,973,-278
105000079,877,3073,-2196
105000080,1285,999,286
105000081,1935,1365,570
105000082,612,1901,-1289
105000083,2531,3656,-1125
105000084,486,540,-54
105000085,1822,2147,-325
105000086,574,630,-56
105000087,1007,1204,-197
105000088,1110,1436,-326
105000089,1725,1217,508
105000090,672,628,44
105000091,824,897,-73
105000092,440,670,-230
105000093,184,334,-150
105000094,222,152,70
105000095,81,429,-348
105000096,1110,1291,-181
105000097,785,642,143
105000098,854,520,334
105000099,525,595,-70
105000100,1371,946,425
105000101,1732,1269,463
105000102,1271,1208,63
105000103,947,1611,-664
105000104,2206,765,1441
105000105,866,1053,-187
105000106,1136,909,227
105000107,1263,638,625
105000108,1470,914,556
105000109,1518,890,628
105000110,721,322,399
105000111,736,435,301
105000112,927,391,536
105000113,369,560,-191
105000114,1321,1048,273
105000115,316,1080,-764
105000116,817,457,360
105000117,831,462,369
105000118,505,281,224
105000119,385,415,-30
105000120,1112,406,706
105000121,705,522,183
105000122,427,534,-107
105000123,869,554,315
105000124,1800,548,1252
105000125,692,896,-204
105000126,1881,927,954
105000127,2012,1177,835
105000128,603,665,-62
105000129,812,221,591
105000130,187,2861,-2674
105000131,478,207,271
105000132,959,636,323
105000133,403,577,-174
105000134,857,465,392
105000135,320,315,5
105000136,140,152,-12
105000137,648,177,471
105000138,148,204,-56
105000139,716,494,222
105000140,483,313,170
105000141,316,294,22
105000142,230,321,-91
105000143,130,362,-232
105000144,250,453,-203
105000145,772,271,501
105000146,374,522,-148
105000147,608,239,369
105000148,947,507,440
105000149,2288,1768,520
105000150,1164,744,420
105000151,445,242,203
105000152,143,266,-123
105000153,609,504,105
105000154,517,275,242
105000155,345,667,-322
105000156,443,334,109
105000157,622,806,-184
105000158,1456,563,893
105000159,263,578,-315
105000160,2161,506,1655
105000161,559,753,-194
105000162,506,1546,-1040
105000163,689,592,97
105000164,144,250,-106
105000165,457,5374,-4917
105000166,2992,1038,1954
105000167,969,1728,-759
105000168,386,347,39
105000169,576,131,445
105000170,223,1033,-810
105000171,854,119,735
105000172,126,20,106
105000173,267,45,222
105000174,67,33,34
105000175,92,69,23
105000176,391,75,316
105000177,314,157,157
105000178,239,215,24
105000179,777,124,653
105000180,146,41,105
105000181,127,129,-2
105000182,48,36,12
105000183,1365,1947,-582
105000184,917,766,151
105000185,809,1060,-251
105000186,360,521,-161
105000187,566,246,320
105000188,153,130,23
105000189,118,378,-260
105000190,259,219,40
105000191,286,240,46
105000192,253,56,197
105000193,63,100,-37
105000194,615,128,487
105000195,243,492,-249
105000196,105,242,-137
105000197,204,387,-183
105000198,323,185,138
105000199,145,568,-423
105000200,89,289,-200
105000201,71,23,48
105000203,16,97,-81
105000204,92,63,29
105000205,100,136,-36
105000207,198,78,120
105000208,123,507,-384
105000209,182,147,35
105000211,305,9,296
105000212,934,550,384
105000213,75,200,-125
105000214,182,188,-6
105000215,269,96,173
105000216,161,121,40
105000217,143,110,33
105000218,1392,876,516
105000221,131,94,37
105000222,667,221,446
105000223,350,166,184
105000226,81,71,10
105000227,88,71,17
105000228,106,1700,-1594
105000229,129,377,-248
105000231,355,264,91
105000233,806,571,235
105000234,435,700,-265
105000235,347,387,-40
105000237,719,31,688
105000243,37,30,7
105000248,39,68,-29
105000262,309,564,-255
105000269,131,144,-13
105000270,428,30,398
105000271,2,140,-138
105000282,41,24,17
105000287,248,90,158
105000288,624,510,114
105000289,1544,1852,-308
105000290,11,8,3
105000402,1715,3137,-1422
105000426,197,336,-139
105000438,2560,1599,961
105000440,36,19,17
105000446,5237,3795,1442
105000447,2365,1450,915
105000454,524,321,203
105000455,201,95,106
105000474,51,1,50
105000477,452,541,-89
105000478,1596,4527,-2931
105000479,92,98,-6
105000480,6221,7500,-1279
105000481,3754,3375,379
105000482,2727,4831,-2104
105000483,1476,2103,-627
105000484,1298,2042,-744
105000485,972,2901,-1929
105000486,1568,1750,-182
105000488,5641,2893,2748
105000489,766,545,221
105000549,156,124,32
105000550,324,950,-626
105000551,24,86,-62
105000552,1505,921,584
105000555,848,968,-120
105000556,54,14,40
105000557,59,132,-73
105900001,6,1693,-1687
105900002,587,637,-50
105900003,12,59,-47
105900004,107,66,41
105900005,5,194,-189
105900006,21,61,-40
105900007,39,20,19
105900008,84,309,-225
105900009,31,13,18
105900011,51,24,27
105900012,231,60,171
105900013,2,23,-21
105900014,1,25,-24
105900015,80,275,-195
105900016,365,176,189
105900017,1388,24,1364
105900018,166,136,30
105900019,46,139,-93
105900020,65,66,-1
105900021,7,207,-200
105900022,177,66,111
105900023,9,74,-65
105900024,6,211,-205
105900025,254,13,241
105900026,138,11,127
105900027,8150,4707,3443
105900028,549,481,68
105900029,1357,272,1085
105900030,166,189,-23
105900031,239,130,109
105900032,80,98,-18
105900033,76,69,7
105900034,184,104,80
105900035,149,114,35
105900036,144,68,76
105900037,96,38,58
105900038,116,178,-62
105900039,131,52,79
105900040,54,60,-6
105900041,167,99,68
105900042,74,133,-59
105900043,681,26,655
105900044,11,161,-150
105900045,4,622,-618
105900046,13,210,-197
105900047,14,38,-24
105900048,82,300,-218
105900050,3825,4926,-1101
105900051,45,710,-665
105900052,408,208,200
105900053,1940,2854,-914
105900054,231,171,60
105900056,304,272,32
105900057,6,104,-98
105900058,21,10,11
105900059,0,50,-50
106000001,2128,1871,257
106000002,884,3224,-2340
106000003,2366,2759,-393
106000004,1071,1702,-631
106000005,3336,3637,-301
106000006,3660,1767,1893
106000007,443,438,5
106000008,323,224,99
106000009,557,286,271
106000010,377,293,84
106000011,1218,796,422
106000012,651,632,19
106000013,1659,1409,250
106000014,1234,850,384
106000015,1729,948,781
106000016,950,1244,-294
106000017,499,641,-142
106000018,494,404,90
106000019,302,369,-67
106000020,313,313,0
106000021,266,394,-128
106000022,265,158,107
106000023,570,320,250
106000024,358,284,74
106000025,131,160,-29
106000026,96,174,-78
106000027,1540,1147,393
106000028,554,231,323
106000029,594,606,-12
106000030,312,490,-178
106000034,161,368,-207
106000035,798,1946,-1148
106000036,118,318,-200
106000037,1107,995,112
106000038,97,76,21
106000039,79,80,-1
106000040,61,675,-614
106000041,537,384,153
106000043,422,207,215
106000046,196,42,154
106000047,34,387,-353
106000049,1016,172,844
106000050,211,324,-113
106000051,649,406,243
106000052,93,240,-147
106000053,425,117,308
106000054,183,159,24
106000055,750,578,172
106000056,223,188,35
106000057,467,227,240
106000058,149,91,58
106000059,328,254,74
106000060,271,260,11
106000061,185,518,-333
106000062,94,261,-167
106000063,843,531,312
106000064,39,158,-119
106000065,312,228,84
106000066,85,207,-122
106000067,469,62,407
106000068,53,418,-365
106000069,227,63,164
106000070,358,444,-86
106000071,844,232,612
106000072,1668,1136,532
106000073,1150,2827,-1677
106000074,609,557,52
106000075,328,909,-581
106000076,1272,1301,-29
106000077,2118,833,1285
106000078,980,494,486
106000079,643,555,88
106000080,948,342,606
106000081,563,728,-165
106000082,1573,579,994
106000083,420,1121,-701
106000084,918,371,547
106000085,1047,1149,-102
106000086,558,562,-4
106000087,712,344,368
106000088,327,492,-165
106000089,802,224,578
106000090,264,453,-189
106000091,196,337,-141
106000092,562,203,359
106000093,381,98,283
106000094,60,176,-116
106000095,797,457,340
106000096,869,400,469
106000097,1184,431,753
106000098,708,543,165
106000099,193,940,-747
106000100,1208,145,1063
106000101,930,468,462
106000102,154,860,-706
106000103,251,550,-299
106000104,819,299,520
106000105,333,431,-98
106000106,613,244,369
106000107,148,193,-45
106000108,335,178,157
106000109,191,150,41
106000110,328,142,186
106000111,197,194,3
106000112,267,444,-177
106000113,613,350,263
106000114,374,607,-233
106000115,184,205,-21
106000116,313,135,178
106000117,597,360,237
106000118,1111,1069,42
106000119,823,425,398
106000120,759,1259,-500
106000121,265,125,140
106000122,142,88,54
106000123,522,111,411
106000124,89,87,2
106000125,43,104,-61
106000126,243,55,188
106000127,898,441,457
106000128,875,144,731
106000129,420,260,160
106000130,662,261,401
106000131,143,615,-472
106000132,488,117,371
106000133,1475,1009,466
106000134,333,1859,-1526
106000135,152,359,-207
106000136,487,866,-379
106000137,61,476,-415
106000138,1210,96,1114
106000139,24,61,-37
106000140,43,24,19
106000141,101,36,65
106000142,78,54,24
106000143,41,33,8
106000144,74,48,26
106000145,244,98,146
106000146,424,86,338
106000147,704,312,392
106000148,800,554,246
106000149,578,297,281
106000150,487,1703,-1216
106000151,2273,636,1637
106000152,753,1809,-1056
106000153,90,1461,-1371
106000154,978,143,835
106000155,121,199,-78
106000156,773,148,625
106000157,390,1032,-642
106000158,1340,694,646
106000159,1503,1512,-9
106000160,397,2306,-1909
106000161,930,168,762
106000162,318,855,-537
106000163,333,185,148
106000164,449,155,294
106000165,151,275,-124
106000166,671,172,499
106000167,341,509,-168
106000168,672,190,482
106000169,216,323,-107
106000170,806,165,641
106000171,172,769,-597
106000172,2076,1045,1031
106000173,918,1561,-643
106000174,907,276,631
106000175,205,386,-181
106000176,1531,643,888
106000177,564,1425,-861
106000178,2585,1022,1563
106000179,569,1039,-470
106000180,504,538,-34
106000181,828,908,-80
106000182,1394,395,999
106000183,1454,262,1192
106000184,1499,356,1143
106000185,871,882,-11
106000186,467,79,388
106000187,84,662,-578
106000188,0,1,-1
106000189,6,43,-37
106000190,11,0,11
106000191,480,113,367
106000192,1,18,-17
106000193,311,120,191
106000194,75,206,-131
106000195,360,91,269
106000196,113,234,-121
106000197,553,141,412
106000198,187,130,57
106000199,529,633,-104
106000200,154,199,-45
106000201,297,2615,-2318
106000202,1852,405,1447
106000203,11,173,-162
106000204,95,4,91
106000205,14,108,-94
106000206,79,21,58
106000207,31,242,-211
106000208,1320,136,1184
106000209,1322,362,960
106000210,210,410,-200
106000211,188,609,-421
106000212,740,405,335
106000213,251,1123,-872
106000214,1246,377,869
106000215,266,288,-22
106000216,420,289,131
106000217,168,174,-6
106000218,385,231,154
106000219,135,203,-68
106000220,466,205,261
106000221,196,105,91
106000222,53,55,-2
106000223,317,74,243
106000224,296,87,209
106000225,80,126,-46
106000226,86,165,-79
106000228,54,64,-10
106000229,55,473,-418
106000231,934,114,820
106000232,77,194,-117
106000233,438,43,395
106000234,28,255,-227
106000235,491,162,329
106000236,117,202,-85
106000237,20,17,3
106000238,110,45,65
106000239,0,97,-97
106000240,39,3,36
106000241,17,370,-353
106000242,269,38,231
106000249,55,31,24
106000250,76,445,-369
106000251,99,16,83
106000252,27,58,-31
106000253,55,47,8
106000254,62,28,34
106000255,22,114,-92
106000256,27,20,7
106000257,124,153,-29
106000258,212,65,147
106000259,6,110,-104
106000260,11,9,2
106000261,0,68,-68
106000262,45,6,39
106000263,13,23,-10
106000264,148,6,142
106000265,11,76,-65
106000266,111,20,91
106000267,9,61,-52
106000268,297,36,261
106000269,41,26,15
106000270,87,243,-156
106000271,61,87,-26
106000272,133,23,110
106000273,13,160,-147
106000274,115,15,100
106000275,125,181,-56
106000276,77,22,55
106000277,105,201,-96
106000278,103,23,80
106000279,30,15,15
106000280,59,29,30
106000281,90,45,45
106000282,35,50,-15
106000283,103,50,53
106000284,121,65,56
106000285,83,73,10
106000286,81,72,9
106000287,59,65,-6
106000288,59,89,-30
106000289,88,86,2
106000290,68,47,21
106000291,79,82,-3
106000292,82,74,8
106000293,115,100,15
106000294,99,78,21
106000295,48,35,13
106000296,37,94,-57
106000297,45,163,-118
106000298,82,83,-1
106000299,41,95,-54
106000300,37,82,-45
106000301,60,75,-15
106000303,17,56,-39
106000304,37,23,14
106000305,36,21,15
106000306,67,35,32
106000307,50,22,28
106000308,46,57,-11
106000309,20,34,-14
106000310,274,242,32
106000311,295,151,144
106000312,119,73,46
106000313,247,127,120
106000318,37,332,-295
106000319,875,244,631
106000320,2,105,-103
106000321,191,191,0
106000322,148,76,72
106000324,17,104,-87
106000325,1711,810,901
106000326,776,978,-202
106000327,254,46,208
106000328,30,55,-25
106000329,112,128,-16
106000330,29,62,-33
106000428,112,149,-37
106000429,143,319,-176
106000430,342,832,-490
106000431,2022,326,1696
106000432,1110,1823,-713
106000433,2273,1164,1109
106000434,2898,1212,1686
106000435,785,1620,-835
106000436,11,83,-72
106000437,242,45,197
106000438,322,218,104
106000439,64,252,-188
106000440,247,662,-415
106000441,1,1,0
106000442,261,8,253
106000443,193,141,52
106000450,3,65,-62
106000451,25,77,-52
106000454,3,112,-109
106000455,7,86,-79
106000456,110,27,83
106000457,6,324,-318
106000458,986,42,944
106000459,130,130,0
106000460,1298,14,1284
106000461,140,328,-188
106000462,0,29,-29
106000463,5,9,-4
106000464,16,233,-217
106000465,668,4,664
106000466,9,192,-183
106000467,134,234,-100
106000468,76,98,-22
106000469,65,0,65
106000470,186,1631,-1445
106000471,9,288,-279
106000472,148,14,134
106000473,22,11,11
106000474,397,328,69
106000475,484,204,280
106000476,150,226,-76
106000477,57,63,-6
106000480,1,268,-267
106900001,0,14,-14
106900002,0,195,-195
106900003,118,1243,-1125
106900004,5,14,-9
106900006,0,11,-11
106900007,0,7,-7
106900008,387,56,331
106900009,346,129,217
106900010,173,168,5
106900012,872,1996,-1124
106900013,469,170,299
106900014,37,5,32
106900015,11,0,11
106900016,321,21,300
106900017,9,4,5
106900018,5,0,5
106900019,76,1,75
106900020,2133,1333,800
106900021,240,142,98
106900022,621,3,618
106900023,223,266,-43
106900024,448,78,370
106900025,32,559,-527
106900026,2,256,-254
106900027,805,7,798
107000001,2920,3806,-886
107000002,1559,2535,-976
107000003,5999,5641,358
107000004,3066,1900,1166
107000005,5547,4924,623
107000006,2894,1616,1278
107000007,4405,7364,-2959
107000008,4700,3460,1240
107000009,7423,6691,732
107000010,5122,4314,808
107000011,692,711,-19
107000012,2442,1598,844
107000013,108,54,54
107000014,60,150,-90
107000015,447,450,-3
107000016,662,386,276
107000017,756,2047,-1291
107000018,9,1552,-1543
107000020,685,2543,-1858
107000021,949,413,536
107000022,594,1725,-1131
107000023,1577,165,1412
107000024,592,1000,-408
107000025,177,267,-90
107000026,343,232,111
107000027,1339,680,659
107000028,1336,611,725
107000029,3085,2552,533
107000030,1804,1551,253
107000031,4217,2165,2052
107000032,325,582,-257
107000033,1905,2423,-518
107000034,3430,880,2550
107000035,342,125,217
107000036,303,907,-604
107000037,113,539,-426
107000038,144,156,-12
107000039,857,701,156
107000040,191,166,25
107000041,1077,531,546
107000042,438,1402,-964
107000043,1487,748,739
107000044,269,227,42
107000045,71,165,-94
107000046,703,298,405
107000047,342,461,-119
107000048,632,195,437
107000049,467,482,-15
107000050,976,476,500
107000051,190,225,-35
107000052,808,895,-87
107000053,343,259,84
107000054,33,160,-127
107000055,358,165,193
107000056,390,500,-110
107000057,1379,166,1213
107000058,1831,1997,-166
107000059,1447,1944,-497
107000060,4551,4377,174
107000061,3244,2009,1235
107000062,4926,2434,2492
107000063,3535,2554,981
107000064,4476,2178,2298
107000065,2470,2462,8
107000066,1287,2484,-1197
107000067,1233,1419,-186
107000068,844,942,-98
107000069,891,578,313
107000070,1014,7,1007
107000071,3502,69,3433
107000072,23,1432,-1409
107000073,946,449,497
107000074,132,570,-438
107000075,1779,484,1295
107000076,421,739,-318
107000077,3478,1319,2159
107000078,1619,1502,117
107000079,2561,1046,1515
107000080,750,1636,-886
107000081,2075,464,1611
107000082,570,720,-150
107000083,1299,477,822
107000084,274,784,-510
107000085,2603,2559,44
107000086,2402,2084,318
107000087,2587,1839,748
107000088,2473,2348,125
107000089,1509,1414,95
107000090,830,587,243
107000091,1486,699,787
107000092,737,631,106
107000093,1256,714,542
107000094,629,619,10
107000095,798,511,287
107000096,413,437,-24
107000097,821,255,566
107000098,418,371,47
107000099,344,271,73
107000100,148,205,-57
107000101,56,161,-105
107000102,144,195,-51
107000103,287,186,101
107000104,120,203,-83
107000105,318,89,229
107000106,182,190,-8
107000107,527,128,399
107000108,137,289,-152
107000109,622,120,502
107000110,42,298,-256
107000111,347,33,314
107000112,62,158,-96
107000113,817,91,726
107000114,98,273,-175
107000115,667,170,497
107000116,79,342,-263
107000117,115,792,-677
107000118,73,87,-14
107000119,1027,1339,-312
107000120,759,490,269
107000121,918,523,395
107000122,874,496,378
107000123,592,378,214
107000124,502,451,51
107000125,1140,382,758
107000126,873,368,505
107000129,212,342,-130
107000130,617,206,411
107000131,279,316,-37
107000132,436,235,201
107000133,287,120,167
107000134,163,2,161
107000135,2,264,-262
107000136,511,11,500
107000137,10,420,-410
107000138,219,36,183
107000139,9,579,-570
107000140,1546,70,1476
107000141,143,579,-436
107000142,592,88,504
107000143,52,508,-456
107000144,533,465,68
107000145,129,374,-245
107000146,137,263,-126
107000147,3855,778,3077
107000150,366,2430,-2064
107000151,17,58,-41
107000152,563,1513,-950
107000153,97,232,-135
107000154,63,273,-210
107000155,749,35,714
107000156,1040,40,1000
107000157,63,509,-446
107000158,738,29,709
107000159,33,340,-307
107000160,1252,155,1097
107000161,78,450,-372
107000162,284,557,-273
107000163,141,1,140
107000164,725,1,724
107000165,1123,5,1118
107000166,29,452,-423
107000167,660,181,479
107000168,978,503,475
107000169,475,460,15
107000170,2445,639,1806
107000171,551,779,-228
107000172,1131,1314,-183
107000173,452,462,-10
107000174,1069,4734,-3665
107000175,3129,912,2217
107000176,0,0,0
107000177,0,0,0
107000178,11,7,4
107000179,286,982,-696
107000180,1494,197,1297
107000181,388,581,-193
107000182,1909,497,1412
107000183,147,414,-267
107000184,1027,446,581
107000185,356,733,-377
107000186,1168,347,821
107000187,1148,1181,-33
107000188,642,431,211
107000189,531,620,-89
107000190,660,504,156
107000191,788,827,-39
107000192,1560,412,1148
107000193,327,389,-62
107000194,708,460,248
107000197,777,245,532
107000198,284,344,-60
107000199,872,464,408
107000200,450,450,0
107000201,479,304,175
107000202,275,305,-30
107000203,691,1275,-584
107000204,705,1284,-579
107000205,1314,607,707
107000206,387,1328,-941
107000207,422,1140,-718
107000208,458,459,-1
107000209,630,1069,-439
107000210,246,202,44
107000211,2,40,-38
107000212,4,141,-137
107000213,4,28,-24
107000214,13,53,-40
107000215,345,155,190
107000216,372,213,159
107000217,187,74,113
107000219,58,162,-104
107000220,164,73,91
107000222,264,324,-60
107000224,498,69,429
107000225,158,154,4
107000226,517,88,429
107000227,107,133,-26
107000228,218,458,-240
107000229,111,99,12
107000230,815,335,480
107000231,628,1568,-940
107000232,142,23,119
107000233,414,914,-500
107000234,1,37,-36
107000235,81,21,60
107000236,12,308,-296
107000237,49,0,49
107000238,44,3,41
107000239,1843,417,1426
107000240,88,363,-275
107000243,0,37,-37
107000244,2,61,-59
107000246,2,1303,-1301
107000249,2,1501,-1499
107000251,3,466,-463
107000252,2,390,-388
107000255,154,50,104
107000257,0,450,-450
107000258,5,146,-141
107000259,2,96,-94
107000260,1654,18,1636
107000262,20,191,-171
107000263,366,10,356
107000266,6,12,-6
107000267,33,56,-23
107000268,95,64,31
107000269,55,0,55
107000270,138,39,99
107000271,4,0,4
107000272,88,3,85
107000273,10,232,-222
107000274,591,31,560
107000275,328,1723,-1395
107000280,1098,36,1062
107000281,38,274,-236
107000282,73,342,-269
107000290,9,45,-36
107000291,25,1,24
107000292,2,195,-193
107000293,20,7,13
107000294,0,96,-96
107000295,39,2,37
107000296,0,3,-3
107000444,305,1,304
107000496,1,4,-3
107000497,1033,1000,33
107000500,322,181,141
107000501,79,117,-38
107000502,175,135,40
107000505,168,471,-303
107000506,0,0,0
107000508,3,221,-218
107000509,135,494,-359
107000510,29,34,-5
107000514,38,329,-291
107000515,18,74,-56
107000516,462,273,189
107000518,1186,1482,-296
107000519,1042,525,517
107000520,68,23,45
107000521,812,222,590
107000522,1172,370,802
107900001,78,77,1
107900002,59,21,38
107900003,171,12,159
107900004,4,0,4
107900005,1512,2,1510
107900006,127,3,124
107900007,319,31,288
107900008,38,8,30
107900009,93,8,85
107900010,66,6,60
107900012,275,38,237
107900013,158,16,142
107900014,50,7,43
107900015,910,10,900
107900016,179,32,147
107900017,7,0,7
107900018,61,190,-129
107900019,17,17,0
107900020,54,12,42
107900021,104,43,61
107900023,1,0,1
107900024,0,11,-11
107900025,173,98,75
107900026,60,8,52
107900027,26,37,-11
107900028,120,49,71
107900030,149,37,112
107900031,57,38,19
107900032,13,4,9
107900033,30,6,24
107900034,264,9,255
107900035,1020,35,985
107900036,67,18,49
107900037,0,6,-6
107900038,68,253,-185
107900039,53,21,32
107900040,19,166,-147
107900041,3,3,0
107900043,83,56,27
107900044,16,3,13
107900045,79,33,46
107900046,162,175,-13
107900047,46,22,24
107900048,216,12,204
107900049,267,620,-353
107900050,62,121,-59
107900051,64,31,33
107900052,12,82,-70
107900053,58,32,26
107900055,431,162,269
107900056,116,64,52
107900057,6,0,6
107900058,34,293,-259
107900060,5,36,-31
107900061,5,12,-7
107900063,105,124,-19
107900064,144,202,-58
107900065,253,11,242
107900066,20,2,18
107900067,1,0,1
107900068,68,750,-682
107900069,20,2170,-2150
107900070,135,48,87
107900071,19,209,-190
107900072,109,67,42
107900073,89,74,15
107900074,315,285,30
107900076,127,43,84
107900077,122,10,112
107900079,15,25,-10
107900080,169,773,-604
107900081,52,49,3
107900082,10,7,3
107900083,343,108,235
107900084,91,78,13
107900086,58,195,-137
107900087,254,139,115
107900088,31,11,20
107900089,162,641,-479
107900090,351,1837,-1486
107900091,95,105,-10
107900093,42,36,6
107900095,1628,1592,36
107900097,22,20,2
107900098,55,109,-54
107900100,584,1107,-523
107900101,442,63,379
107900102,31,10,21
107900103,28,120,-92
107900104,180,4,176
107900105,1,138,-137
107900106,0,401,-401
107900107,847,478,369
107900108,90,92,-2
107900109,1578,43,1535
107900110,58,33,25
107900111,10,279,-269
107900112,66,277,-211
107900113,207,29,178
107900114,272,50,222
107900115,0,25,-25
107900116,194,54,140
107900117,194,117,77
107900118,48,51,-3
107900119,81,211,-130
107900120,21,29,-8
107900121,14,93,-79
107900122,0,72,-72
107900123,2,45,-43
107900124,17,30,-13
107900125,8,139,-131
107900126,6,44,-38
107900127,345,380,-35
107900128,49,66,-17
107900129,69,18,51
107900130,92,7,85
107900131,193,416,-223
107900132,96,126,-30
107900133,1,45,-44
107900134,25,93,-68
107900135,3,82,-79
107900136,35,21,14
107900137,77,72,5
107900138,39,16,23
107900139,84,21,63
107900141,34,24,10
107900142,52,274,-222
107900143,38,6,32
107900144,3,81,-78
107900145,12,46,-34
107900146,35,93,-58
107900147,37,23,14
107900148,113,58,55
107900149,299,79,220
107900150,31,198,-167
107900151,24,60,-36
107900152,8,71,-63
107900153,71,215,-144
107900154,60,21,39
107900155,83,39,44
107900156,1,121,-120
107900157,30,32,-2
107900158,730,22,708
107900159,13,248,-235
107900160,134,129,5
107900161,39,51,-12
107900162,0,33,-33
107900163,28,53,-25
107900164,10,23,-13
107900165,34,136,-102
107900166,35,78,-43
107900167,19,76,-57
107900168,51,14,37
107900169,80,433,-353
107900171,3,410,-407
107900172,0,123,-123
107900173,23,54,-31
107900174,195,5,190
107900175,10,49,-39
107900176,49,11,38
107900177,0,83,-83
107900178,0,86,-86
107900179,15,76,-61
107900180,293,825,-532
107900181,170,141,29
107900182,554,475,79
107900183,45,88,-43
107900184,72,118,-46
107900185,223,2,221
107900186,14,28,-14
107900187,0,118,-118
107900188,303,104,199
107900189,11,57,-46
107900190,38,151,-113
107900191,43,54,-11
107900193,30,95,-65
107900194,215,14,201
107900195,865,199,666
107900196,58,44,14
107900197,252,313,-61
107900199,1,448,-447
107900201,54,47,7
107900203,30,38,-8
107900204,133,151,-18
107900206,692,340,352
107900207,0,323,-323
107900208,8,239,-231
107900209,191,147,44
107900210,22,42,-20
107900213,209,275,-66
107900214,22,49,-27
107900215,101,255,-154
107900216,111,37,74
107900217,29,86,-57
107900218,14,981,-967
107900219,28,32,-4
107900220,68,229,-161
107900221,106,149,-43
107900223,126,150,-24
107900224,50,335,-285
107900225,4,231,-227
107900226,86,61,25
107900227,80,224,-144
107900228,41,83,-42
107900229,0,68,-68
107900230,16,39,-23
107900231,37,84,-47
107900232,81,44,37
107900233,6,65,-59
107900234,79,78,1
107900235,17,66,-49
107900236,161,32,129
107900237,14,188,-174
107900238,32,55,-23
107900239,369,433,-64
107900240,42,49,-7
107900241,17,33,-16
107900242,15,52,-37
107900243,1,50,-49
107900244,301,4,297
107900245,702,33,669
107900246,152,6,146
107900248,558,92,466
107900249,777,37,740
107900250,1,177,-176
107900251,49,532,-483
107900252,664,24,640
107900253,175,2,173
107900254,52,189,-137
107900255,123,64,59
107900256,665,993,-328
107900257,178,82,96
107900258,93,86,7
107900259,69,2114,-2045
107900261,2,65,-63
107900262,25,52,-27
107900264,487,10,477
107900265,212,69,143
107900267,324,13,311
107900268,8,2,6
107900269,0,2,-2
107900270,0,0,0
107900271,2,22,-20
107900272,39,34,5
107900273,63,54,9
107900274,74,1,73
107900275,19,0,19
107900276,2,36,-34
107900277,2,140,-138
107900278,315,160,155
107900279,62,122,-60
107900280,2106,1477,629
107900281,439,3249,-2810
107900282,24,557,-533
107900283,549,520,29
107900284,352,223,129
107900285,124,33,91
107900286,33,46,-13
107900287,309,146,163
107900290,0,167,-167
107900291,462,19,443
107900292,90,65,25
107900293,74,161,-87
107900295,35,30,5
107900297,6,199,-193
107900298,493,389,104
107900299,1530,2419,-889
107900301,533,709,-176
107900302,67,29,38
107900303,212,124,88
107900304,339,144,195
107900305,307,13,294
107900306,4,33,-29
107900307,66,207,-141
107900308,169,103,66
107900309,94,0,94
107900310,88,1,87
107900311,1,513,-512
107900312,60,0,60
107900313,2,133,-131
107900314,1,45,-44
107900315,1,65,-64
107900316,16,3,13
107900317,80,7,73
107900318,4,121,-117
107900319,4,70,-66
107900320,0,59,-59
107900321,115,0,115
107900322,3,60,-57
107900323,8,69,-61
107900324,116,2,114
107900325,143,0,143
107900326,314,121,193
107900327,4,82,-78
107900328,71,1,70
107900329,33,113,-80
107900330,3,107,-104
107900331,338,14,324
107900332,375,16,359
107900333,88,30,58
107900334,3,59,-56
107900335,46,19,27
107900336,32,52,-20
107900337,461,855,-394
107900338,7,101,-94
107900339,1,10,-9
107900340,0,59,-59
107900341,69,2,67
107900342,135,69,66
107900343,28,1,27
107900344,13,37,-24
107900345,67,14,53
107900346,32,0,32
107900347,12,1,11
107900348,4,3,1
107900349,25,4,21
107900350,9,208,-199
107900351,4,67,-63
107900352,5,14,-9
107900353,17,4,13
107900354,4,25,-21
108000001,2781,2973,-192
108000002,1547,1351,196
108000003,2647,2811,-164
108000004,8677,8558,119
108000005,6221,5285,936
108000006,4606,3956,650
108000007,4254,3243,1011
108000008,2958,3244,-286
108000009,3515,3653,-138
108000010,1984,2438,-454
108000011,10728,9584,1144
108000012,9193,8394,799
108000014,569,1452,-883
108000015,749,198,551
108000016,282,1042,-760
108000017,935,319,616
108000018,1663,533,1130
108000019,1073,688,385
108000020,1084,404,680
108000021,235,1209,-974
108000022,259,802,-543
108000023,1198,163,1035
108000024,228,333,-105
108000025,278,185,93
108000026,893,233,660
108000027,693,414,279
108000028,780,146,634
108000029,471,459,12
108000030,409,116,293
108000031,161,285,-124
108000032,1835,482,1353
108000033,568,542,26
108000034,1632,389,1243
108000035,578,1300,-722
108000036,314,547,-233
108000037,1716,316,1400
108000038,2411,390,2021
108000039,403,1041,-638
108000040,1905,675,1230
108000041,494,1243,-749
108000042,354,129,225
108000043,192,123,69
108000044,655,109,546
108000045,318,219,99
108000046,1534,228,1306
108000047,293,469,-176
108000048,132,231,-99
108000049,810,212,598
108000050,80,367,-287
108000051,375,135,240
108000052,168,349,-181
108000053,470,197,273
108000054,255,678,-423
108000055,980,484,496
108000056,781,996,-215
108000057,619,1197,-578
108000058,1568,3205,-1637
108000059,1947,1245,702
108000060,247,656,-409
108000061,224,288,-64
108000062,916,494,422
108000063,365,264,101
108000064,175,143,32
108000065,415,258,157
108000066,1164,691,473
108000067,1852,660,1192
108000068,792,324,468
108000069,230,476,-246
108000070,1929,570,1359
108000071,540,843,-303
108000072,1723,724,999
108000073,837,844,-7
108000074,678,349,329
108000075,307,450,-143
108000076,676,422,254
108000077,458,382,76
108000078,2363,851,1512
108000079,575,778,-203
108000080,1481,510,971
108000081,553,752,-199
108000082,662,1013,-351
108000083,1577,903,674
108000084,342,578,-236
108000085,890,443,447
108000086,475,346,129
108000087,151,1923,-1772
108000088,753,142,611
108000089,244,258,-14
108000091,229,265,-36
108000092,175,103,72
108000093,228,233,-5
108000094,689,97,592
108000095,164,171,-7
108000096,320,149,171
108000097,161,184,-23
108000098,1692,791,901
108000099,951,278,673
108000100,180,469,-289
108000101,1339,1346,-7
108000102,1448,3339,-1891
108000106,894,0,894
108000107,2,660,-658
108000108,489,40,449
108000109,1,500,-499
108000110,308,224,84
108000111,116,326,-210
108000112,79,104,-25
108000113,335,129,206
108000115,171,155,16
108000117,330,292,38
108000118,356,1771,-1415
108000119,397,187,210
108000120,118,664,-546
108000121,157,218,-61
108000122,616,266,350
108000123,671,109,562
108000124,322,305,17
108000125,536,112,424
108000126,158,219,-61
108000127,528,179,349
108000128,554,195,359
108000129,429,404,25
108000130,564,152,412
108000131,957,510,447
108000132,970,693,277
108000133,986,386,600
108000134,386,281,105
108000135,1170,466,704
108000136,268,438,-170
108000137,597,144,453
108000138,441,460,-19
108000139,485,277,208
108000140,178,23,155
108000141,45,17,28
108000142,59,42,17
108000143,38,155,-117
108000144,547,52,495
108000145,50,6,44
108000146,951,49,902
108000147,44,18,26
108000148,641,48,593
108000149,16,10,6
108000150,48,8,40
108000151,71,76,-5
108000152,83,220,-137
108000153,665,112,553
108000154,31,5,26
108000155,61,18,43
108000156,609,249,360
108000157,137,1450,-1313
108000158,62,760,-698
108000159,229,220,9
108000160,1252,884,368
108000161,1116,2562,-1446
108000165,4,222,-218
108000172,2,244,-242
108000173,693,1668,-975
108000175,764,105,659
108000178,301,181,120
108000179,121,767,-646
108000181,79,30,49
108000182,183,74,109
108000183,10,238,-228
108000184,464,2146,-1682
108000185,193,210,-17
108000186,401,185,216
108000187,173,274,-101
108000188,646,121,525
108000189,959,9447,-8488
108000190,22,49,-27
108000192,212,327,-115
108000193,316,16,300
108000194,29,6,23
108000195,0,482,-482
108000196,190,118,72
108000198,776,114,662
108000199,0,372,-372
108000200,367,166,201
108000203,133,273,-140
108000204,163,56,107
108000205,187,242,-55
108000339,660,357,303
108000364,163,535,-372
108000365,48,186,-138
108000367,115,160,-45
108000368,11,54,-43
108000369,509,188,321
108000371,17,532,-515
108000372,524,11,513
108000373,253,88,165
108000376,90,47,43
108000377,513,139,374
108000378,7086,8733,-1647
108000379,24,139,-115
108000381,79,13,66
108000382,90,1,89
108000383,2,324,-322
108900001,73,405,-332
108900002,173,54,119
108900003,173,314,-141
108900004,196,416,-220
108900007,342,142,200
108900008,151,82,69
108900009,107,95,12
108900010,327,120,207
108900011,718,265,453
108900012,432,297,135
108900013,152,195,-43
108900014,18,96,-78
108900015,10,313,-303
108900016,1,162,-161
108900017,186,328,-142
108900018,194,157,37
108900019,25,226,-201
108900020,32,81,-49
108900021,149,98,51
108900022,81,10,71
108900023,3,31,-28
108900024,37,45,-8
108900025,214,29,185
108900026,8,62,-54
108900027,0,30,-30
108900028,113,108,5
108900029,46,196,-150
108900030,0,43,-43
108900031,123,124,-1
108900032,5,90,-85
108900033,0,74,-74
108900034,0,133,-133
108900035,197,539,-342
108900038,1,150,-149
108900039,3,214,-211
108900040,15,72,-57
108900041,2507,2732,-225
108900042,10,356,-346
108900043,40,239,-199
108900044,1,164,-163
108900045,95,164,-69
108900046,31,296,-265
108900047,9,217,-208
108900048,67,390,-323
108900049,1010,1502,-492
108900050,0,64,-64
108900051,0,82,-82
108900052,42,89,-47
108900053,32,183,-151
108900054,52,100,-48
108900055,40,244,-204
108900056,0,57,-57
108900057,1,68,-67
108900058,44,154,-110
108900059,531,56,475
108900060,93,127,-34
108900061,63,20,43
108900062,3,103,-100
108900063,17,118,-101
108900064,286,19,267
108900065,5,94,-89
108900066,442,94,348
108900067,8,108,-100
108900068,3,64,-61
108900069,65,33,32
108900070,24,53,-29
108900071,110,31,79
108900072,1226,294,932
108900073,41,100,-59
108900074,225,95,130
108900075,48,40,8
108900076,380,34,346
108900077,105,200,-95
108900078,48,61,-13
108900079,370,108,262
108900080,14,691,-677
108900081,34,162,-128
108900082,124,61,63
108900083,14,175,-161
108900085,885,126,759
108900086,130,83,47
108900087,79,117,-38
108900088,735,327,408
108900089,23,141,-118
108900090,73,84,-11
108900091,106,38,68
108900092,444,220,224
108900093,107,103,4
108900094,224,57,167
108900095,19,147,-128
108900096,199,8,191
108900097,241,84,157
108900098,1083,701,382
108900099,382,82,300
108900100,71,73,-2
108900101,157,240,-83
108900102,37,1012,-975
108900103,90,146,-56
108900105,3,1300,-1297
108900106,493,92,401
108900108,204,19,185
108900109,471,71,400
108900110,239,176,63
108900111,467,188,279
108900113,44,78,-34
108900114,94,7,87
108900115,127,55,72
108900116,49,8,41
108900117,207,12,195
108900118,678,19,659
108900119,307,23,284
108900120,262,174,88
108900121,205,87,118
108900122,189,26,163
108900123,108,110,-2
108900124,546,208,338
108900125,541,5,536
108900126,178,37,141
108900127,217,46,171
108900128,151,39,112
108900129,715,157,558
108900130,388,4,384
108900131,526,12,514
108900132,474,66,408
108900133,308,37,271
108900134,481,100,381
108900135,224,22,202
108900136,34,3,31
108900137,183,2,181
108900138,853,37,816
108900140,434,107,327
108900141,376,16,360
108900142,111,2,109
108900143,90,3,87
108900144,150,0,150
108900145,259,15,244
108900146,79,1,78
108900147,274,0,274
108900148,60,13,47
108900150,230,4,226
108900151,55,3,52
108900152,229,25,204
108900153,161,138,23
108900154,4044,310,3734
108900156,75,6,69
108900157,10,237,-227
108900158,513,17,496
108900159,1,69,-68
108900160,8,135,-127
108900161,9,190,-181
108900162,124,2,122
108900163,6,328,-322
108900164,45,52,-7
108900168,3455,2091,1364
108900169,67,89,-22
108900171,2320,2803,-483
108900172,116,36,80
108900173,103,224,-121
108900174,1018,402,616
108900176,79,200,-121
108900177,2252,5325,-3073
108900178,1934,3349,-1415
108900180,87,259,-172
108900183,138,124,14
108900184,400,109,291
108900185,101,177,-76
108900186,49,196,-147
108900189,313,71,242
108900190,255,1054,-799
108900192,73,90,-17
108900195,74,72,2
108900196,36,124,-88
108900199,181,186,-5
108900200,626,331,295
108900201,386,787,-401
108900203,428,130,298
108900204,306,13,293
108900205,202,38,164
108900206,310,52,258
108900207,129,125,4
108900208,21,198,-177
108900209,167,351,-184
108900210,121,141,-20
108900211,124,548,-424
108900212,250,1234,-984
108900215,61,190,-129
108900216,238,517,-279
108900217,52,0,52
108900218,72,1,71
108900221,33,123,-90
108900224,32,122,-90
108900225,0,130,-130
108900227,111,322,-211
108900230,96,122,-26
108900232,1,105,-104
108900233,304,89,215
108900234,253,84,169
108900235,118,273,-155
108900236,16,128,-112
108900240,90,83,7
108900241,27,40,-13
108900245,13,1059,-1046
108900250,171,115,56
108900258,7,94,-87
108900259,17,33,-16
108900260,7,54,-47
108900261,45,46,-1
108900262,69,94,-25
108900263,26,89,-63
108900264,257,247,10
108900265,537,422,115
108900266,416,775,-359
108900267,3,153,-150
108900268,1,13,-12
108900269,106,21,85
108900270,123,9,114
108900271,61,8,53
108900272,260,11,249
108900273,341,791,-450
108900274,63,35,28
109000001,1928,1930,-2
109000002,931,2410,-1479
109000003,2570,348,2222
109000004,542,1641,-1099
109000005,2173,499,1674
109000006,754,1543,-789
109000007,1380,471,909
109000008,433,1211,-778
109000009,2707,1082,1625
109000010,917,2538,-1621
109000011,3402,1678,1724
109000012,1831,2031,-200
109000013,3586,2915,671
109000014,1812,1582,230
109000015,4069,10032,-5963
109000016,4185,1741,2444
109000017,2490,960,1530
109000018,1114,1559,-445
109000019,2279,1192,1087
109000020,873,1284,-411
109000023,218,14,204
109000024,23,190,-167
109000025,300,461,-161
109000026,595,264,331
109000027,73,294,-221
109000028,77,67,10
109000029,87,193,-106
109000030,43,349,-306
109000031,194,179,15
109000032,137,279,-142
109000033,290,173,117
109000034,51,29,22
109000035,20,33,-13
109000036,121,250,-129
109000037,248,1821,-1573
109000038,309,202,107
109000039,862,758,104
109000040,1505,6838,-5333
109000041,1385,1816,-431
109000042,404,957,-553
109000044,451,161,290
109000045,110,302,-192
109000046,301,68,233
109000047,61,288,-227
109000048,780,414,366
109000049,160,340,-180
109000050,533,443,90
109000051,181,130,51
109000052,465,366,99
109000053,953,196,757
109000054,539,320,219
109000055,490,488,2
109000056,382,164,218
109000057,575,325,250
109000058,1139,374,765
109000059,348,1087,-739
109000060,419,359,60
109000061,360,845,-485
109000062,138,290,-152
109000063,144,79,65
109000064,255,96,159
109000065,127,119,8
109000066,340,28,312
109000067,56,132,-76
109000068,870,10,860
109000069,734,16,718
109000070,22,2108,-2086
109000071,383,80,303
109000072,117,369,-252
109000073,103,87,16
109000074,36,145,-109
109000075,86,268,-182
109000076,264,293,-29
109000077,258,216,42
109000078,110,136,-26
109000079,121,95,26
109000080,272,85,187
109000081,134,248,-114
109000082,884,101,783
109000083,206,322,-116
109000088,135,295,-160
109000089,228,44,184
109000090,123,294,-171
109000091,369,140,229
109000092,223,258,-35
109000093,305,154,151
109000094,629,6,623
109000095,97,209,-112
109000096,604,189,415
109000097,111,106,5
109000098,64,77,-13
109000099,615,185,430
109000100,286,593,-307
109000101,1590,379,1211
109000102,381,504,-123
109000103,813,453,360
109000104,1750,320,1430
109000105,402,577,-175
109000106,1861,488,1373
109000107,535,951,-416
109000108,1698,439,1259
109000109,394,895,-501
109000110,985,407,578
109000111,648,885,-237
109000112,247,86,161
109000113,262,106,156
109000114,108,256,-148
109000115,832,73,759
109000116,9,511,-502
109000117,227,45,182
109000118,15,213,-198
109000119,1344,99,1245
109000120,252,261,-9
109000121,959,53,906
109000122,152,263,-111
109000123,75,174,-99
109000124,681,261,420
109000125,755,154,601
109000126,421,301,120
109000127,1813,242,1571
109000128,503,508,-5
109000129,2416,526,1890
109000130,538,884,-346
109000131,1543,1029,514
109000132,726,1373,-647
109000133,263,501,-238
109000134,528,717,-189
109000135,650,1054,-404
109000136,231,171,60
109000137,238,281,-43
109000138,377,139,238
109000139,390,266,124
109000140,276,304,-28
109000141,838,260,578
109000142,117,309,-192
109000143,100,56,44
109000145,97,350,-253
109000146,48,53,-5
109000148,1452,1232,220
109000149,17,96,-79
109000150,107,202,-95
109000155,828,523,305
109000156,809,296,513
109000158,53,153,-100
109000159,103,235,-132
109000160,1025,121,904
109000161,409,535,-126
109000162,1825,423,1402
109000163,1053,964,89
109000164,1203,1565,-362
109000165,1138,369,769
109000166,767,90,677
109000167,112,237,-125
109000170,39,22,17
109000171,56,65,-9
109000172,34,77,-43
109000173,30,86,-56
109000174,129,35,94
109000175,142,179,-37
109000176,357,136,221
109000177,29,63,-34
109000178,867,165,702
109000179,2046,3490,-1444
109000180,2299,2435,-136
109000181,49,13,36
109000182,24,15,9
109000183,38,22,16
109000184,40,6,34
109000185,39,14,25
109000188,354,750,-396
109000189,2165,497,1668
109000190,698,274,424
109000191,338,230,108
109000192,447,133,314
109000193,181,108,73
109000194,247,68,179
109000195,148,108,40
109000196,271,92,179
109000197,180,171,9
109000198,326,54,272
109000199,140,211,-71
109000206,181,26,155
109000207,155,30,125
109000208,108,58,50
109000209,93,76,17
109000210,122,317,-195
109000211,708,283,425
109000214,535,374,161
109000215,149,56,93
109000216,244,290,-46
109000217,210,240,-30
109000218,404,177,227
109000221,324,604,-280
109000222,757,212,545
109000223,385,290,95
109000224,32,44,-12
109000225,83,21,62
109000226,54,92,-38
109000227,1126,377,749
109000228,14,3734,-3720
109000231,0,124,-124
109000232,381,163,218
109000236,258,496,-238
109000241,1737,1148,589
109000242,1423,718,705
109000293,83,139,-56
109000361,115,197,-82
109000364,134,383,-249
109000396,4,229,-225
109000397,607,9,598
109000399,159,219,-60
109000400,103,141,-38
109000403,177,1725,-1548
109000406,347,3,344
109000407,277,94,183
109000408,0,325,-325
109000410,762,165,597
109000411,207,24,183
109900001,145,1,144
109900002,964,30,934
109900003,292,1,291
109900005,43,8,35
109900006,421,109,312
109900007,912,198,714
109900008,0,16,-16
109900009,109,186,-77
109900010,553,13,540
109900011,93,36,57
109900012,341,135,206
109900013,292,145,147
109900015,271,143,128
109900017,57,27,30
109900018,168,17,151
109900019,228,31,197
109900020,43,25,18
109900021,20,16,4
109900022,243,162,81
109900023,12,4,8
109900024,14,1,13
109900025,14,29,-15
109900027,29,22,7
109900028,477,1442,-965
109900029,3,125,-122
109900030,48,8,40
109900031,0,145,-145
109900032,9,211,-202
109900033,2,255,-253
109900034,43,6,37
109900035,10,29,-19
109900036,47,35,12
109900037,17,254,-237
109900038,145,108,37
109900039,11,1,10
109900040,30,280,-250
109900041,63,179,-116
109900042,61,602,-541
109900044,186,91,95
109900045,87,220,-133
109900046,117,56,61
109900047,204,161,43
109900048,0,74,-74
109900049,15,55,-40
109900050,0,70,-70
109900051,0,22,-22
109900052,57,199,-142
109900053,0,76,-76
109900054,745,104,641
109900055,78,124,-46
109900056,44,242,-198
109900057,5,60,-55
109900058,0,76,-76
109900060,558,84,474
109900061,31,147,-116
109900062,0,71,-71
109900064,540,118,422
109900065,59,102,-43
109900066,293,390,-97
109900067,4,61,-57
109900068,76,9,67
109900069,8,47,-39
109900071,2,18,-16
109900072,7,70,-63
109900073,418,172,246
109900074,13,38,-25
109900075,33,31,2
109900076,36,103,-67
109900077,40,39,1
109900078,74,128,-54
109900080,110,131,-21
109900081,12,202,-190
109900082,44,159,-115
109900083,18,41,-23
109900084,45,71,-26
109900085,139,267,-128
109900086,116,640,-524
109900087,137,297,-160
109900089,694,194,500
109900092,567,19,548
109900093,986,142,844
109900094,91,78,13
109900095,97,142,-45
109900096,67,3,64
109900097,91,1,90
109900098,620,21,599
109900099,258,1,257
109900100,71,1,70
109900101,567,6,561
109900102,374,18,356
109900103,332,59,273
109900104,698,228,470
109900105,500,20,480
109900106,288,38,250
109900107,566,41,525
109900108,178,104,74
109900109,49,58,-9
109900111,116,309,-193
109900114,903,1200,-297
109900115,168,68,100
109900117,916,90,826
109900121,360,508,-148
109900123,6,99,-93
109900125,0,135,-135
109900126,307,33,274
109900130,2631,2475,156
109900131,39,115,-76
109900132,25,91,-66
109900134,71,132,-61
109900135,157,32,125
109900137,101,131,-30
109900140,133,58,75
109900149,58,57,1
109900150,18,37,-19
109900151,18,18,0
109900152,0,22,-22
109900153,0,60,-60
109900154,61,1,60
109900155,49,24,25
109900157,53,118,-65
109900159,347,80,267
109900161,154,64,90
109900162,366,237,129
109900163,283,200,83
109900164,41,160,-119
109900165,310,3,307
109900166,0,81,-81
109900167,170,205,-35
109900168,222,360,-138
109900169,181,99,82
109900170,199,974,-775
109900171,191,49,142
109900172,150,207,-57
109900173,1000,2033,-1033
109900174,51,67,-16
109900175,58,44,14
109900176,79,56,23
109900177,28,83,-55
109900178,5,138,-133
109900179,24,15,9
109900180,11,18,-7
110000001,562,327,235
110000002,465,620,-155
110000003,650,556,94
110000004,330,579,-249
110000005,322,1484,-1162
110000006,278,273,5
110000007,85,81,4
110000008,20,74,-54
110000009,20,11,9
110000010,30,43,-13
110000011,29,29,0
110000012,470,202,268
110000013,29,559,-530
110000014,492,292,200
110000015,166,462,-296
110000016,191,1520,-1329
110000017,2343,188,2155
110000018,1717,245,1472
110000019,8,56,-48
110000020,385,133,252
110000021,321,332,-11
110000022,635,115,520
110000023,6,61,-55
110000024,404,284,120
110000025,418,9,409
110000026,7,177,-170
110000027,842,879,-37
110000028,862,464,398
110000029,352,434,-82
110000030,225,243,-18
110000031,218,219,-1
110000032,601,254,347
110000033,230,262,-32
110000034,468,450,18
110000035,531,407,124
110000036,862,435,427
110000037,155,291,-136
110000038,236,488,-252
110000039,742,3062,-2320
110000040,296,204,92
110000041,363,1711,-1348
110000042,86,382,-296
110000043,540,288,252
110000044,43,614,-571
110000045,259,116,143
110000046,3,48,-45
110000047,21,75,-54
110000048,13,82,-69
110000049,23,16,7
110000050,7,28,-21
110000051,36,18,18
110000052,38,37,1
110000053,30,12,18
110000054,172,581,-409
110000055,385,74,311
110000056,92,123,-31
110000057,327,411,-84
110000058,669,311,358
110000059,712,366,346
110000060,1101,848,253
110000061,509,474,35
110000062,455,710,-255
110000063,42,149,-107
110000064,45,16,29
110000065,104,67,37
110000066,98,12,86
110000067,38,56,-18
110000068,245,54,191
110000069,329,44,285
110000071,243,47,196
110000073,21,9,12
110000075,17,67,-50
110000076,242,262,-20
110000077,231,781,-550
110000078,62,20,42
110000080,245,354,-109
110000081,45,151,-106
110000082,28,271,-243
110000083,236,400,-164
110000084,1172,754,418
110000085,903,1070,-167
110000086,932,1910,-978
110000087,29,70,-41
110000088,104,133,-29
110000089,241,56,185
110000090,194,151,43
110000091,567,170,397
110000092,15,32,-17
110000093,26,8,18
110000094,288,137,151
110000095,164,571,-407
110000096,1168,1608,-440
110000097,922,1410,-488
110000098,1462,572,890
110000099,631,1112,-481
110000100,869,210,659
110000101,24,121,-97
110000102,92,75,17
110000104,498,198,300
110000105,70,221,-151
110000106,486,492,-6
110000107,200,260,-60
110000108,112,80,32
110000109,142,171,-29
110000110,1152,2402,-1250
110000111,2514,2303,211
110000112,396,1050,-654
110000113,99,1951,-1852
110000114,282,565,-283
110000115,354,237,117
110000116,50,42,8
110000117,234,139,95
110000118,393,108,285
110000119,251,172,79
110000120,255,108,147
110000121,98,256,-158
110000122,225,319,-94
110000123,528,493,35
110000124,0,572,-572
110000125,811,10,801
110000126,218,29,189
110000127,894,62,832
110000128,36,750,-714
110000129,2,383,-381
110000130,263,139,124
110000131,79,315,-236
110000132,1,353,-352
110000133,36,328,-292
110000134,12,309,-297
110000135,156,23,133
110000136,51,236,-185
110000137,485,297,188
110000138,663,414,249
110000139,794,433,361
110000140,717,584,133
110000143,385,285,100
110000144,3030,1720,1310
110000145,1668,1295,373
110000146,1138,406,732
110000147,386,444,-58
110000148,442,121,321
110000151,622,828,-206
110000152,511,398,113
110000153,104,16,88
110000154,9,18,-9
110000155,674,2931,-2257
110000156,970,1908,-938
110000157,1313,1876,-563
110000160,297,205,92
110000161,189,144,45
110000166,446,58,388
110000167,672,530,142
110000168,858,467,391
110000169,763,331,432
110000170,195,43,152
110000171,538,102,436
110000172,193,362,-169
110000173,654,642,12
110000174,112,397,-285
110000175,696,37,659
110000176,210,349,-139
110000177,180,872,-692
110000178,315,1585,-1270
110000179,719,222,497
110000180,206,166,40
110000181,502,282,220
110000182,278,87,191
110000183,4364,6030,-1666
110000184,244,2037,-1793
110000185,573,590,-17
110000186,492,548,-56
110000191,1155,145,1010
110000192,751,11,740
110000193,1137,17,1120
110000194,20,381,-361
110000195,399,169,230
110000196,374,111,263
110000197,93,64,29
110000198,72,34,38
110000199,63,111,-48
110000200,709,342,367
110000201,1030,1042,-12
110000202,1108,436,672
110000203,503,394,109
110000204,7,112,-105
110000205,165,47,118
110000206,433,510,-77
110000207,1143,224,919
110000208,161,185,-24
110000209,81,782,-701
110000210,1345,275,1070
110000211,771,437,334
110000212,404,790,-386
110000213,300,37,263
110000214,332,45,287
110000215,177,134,43
110000216,87,120,-33
110000217,417,66,351
110000218,130,119,11
110000219,313,27,286
110000220,48,89,-41
110000221,362,26,336
110000222,72,129,-57
110000223,2,110,-108
110000224,12,8,4
110000225,203,565,-362
110000226,279,57,222
110000227,473,709,-236
110000228,186,77,109
110000229,0,116,-116
110000230,456,509,-53
110000231,182,159,23
110000232,173,158,15
110000233,201,184,17
110000234,456,1030,-574
110000235,691,876,-185
110000236,557,370,187
110000237,1722,1032,690
110000238,940,908,32
110000239,1574,781,793
110000240,0,45,-45
110000242,0,7,-7
110000243,135,55,80
110000244,114,429,-315
110000245,36,283,-247
110000246,721,299,422
110000247,669,2234,-1565
110000248,1069,866,203
110000249,66,7,59
110000250,29,73,-44
110000251,288,224,64
110000252,285,118,167
110000253,1178,362,816
110000254,369,517,-148
110000255,109,500,-391
110000256,365,174,191
110000257,361,226,135
110000258,8,191,-183
110000259,132,25,107
110000260,24,91,-67
110000263,314,32,282
110000264,326,167,159
110000265,969,1238,-269
110000266,973,1792,-819
110000267,20,88,-68
110000268,179,291,-112
110000269,3,54,-51
110000270,54,1,53
110000271,819,139,680
110000272,950,799,151
110000273,1297,1031,266
110000274,116,1375,-1259
110000275,881,378,503
110000276,346,242,104
110000277,316,203,113
110000278,326,419,-93
110000279,692,529,163
110000280,455,309,146
110000281,62,173,-111
110000282,107,13,94
110000283,20,64,-44
110000284,21,34,-13
110000285,2,405,-403
110000286,5,0,5
110000287,55,1,54
110000288,1,37,-36
110000289,415,1891,-1476
110000290,500,450,50
110000291,2211,750,1461
110000292,869,3849,-2980
110000293,561,346,215
110000294,1066,855,211
110000295,120,486,-366
110000296,352,191,161
110000297,1753,218,1535
110000298,131,327,-196
110000299,125,67,58
110000301,342,20,322
110000302,405,762,-357
110000303,499,8,491
110000304,165,166,-1
110000305,985,12,973
110000306,124,487,-363
110000307,1493,7,1486
110000308,342,4,338
110000309,3,402,-399
110000310,627,37,590
110000311,6,350,-344
110000312,324,46,278
110000313,1409,1786,-377
110000314,1,119,-118
110000315,1807,1860,-53
110000316,353,926,-573
110000317,157,820,-663
110000318,1,36,-35
110000319,10,9,1
110000320,31,32,-1
110000321,11,13,-2
110000322,276,172,104
110000323,391,133,258
110000324,1955,1444,511
110000325,1641,2749,-1108
110000327,214,202,12
110000328,142,222,-80
110000333,930,605,325
110000334,600,884,-284
110000335,609,326,283
110000336,722,594,128
110000337,1782,400,1382
110000338,459,138,321
110000339,304,120,184
110000340,122,92,30
110000341,401,316,85
110000342,87,0,87
110000343,0,10,-10
110000344,333,104,229
110000345,394,203,191
110000346,1345,1341,4
110000347,1060,576,484
110000348,10,14,-4
110000349,6,3,3
110000350,41,15,26
110000351,854,460,394
110000352,590,1165,-575
110000353,2002,380,1622
110000354,743,2709,-1966
110000355,89,37,52
110000356,815,8,807
110000357,343,20,323
110000361,20,16,4
110000362,74,6,68
110000363,520,48,472
110000364,191,232,-41
110000365,115,2,113
110000366,2,63,-61
110000367,285,88,197
110000368,4,25,-21
110000369,88,4,84
110000373,2,155,-153
110000374,161,16,145
110000375,59,740,-681
110000376,24,77,-53
110000377,67,392,-325
110000378,7,350,-343
110000379,1736,1923,-187
110000380,56,8,48
110000383,0,851,-851
110000384,632,553,79
110000385,2,108,-106
110000387,67,8,59
110000388,19,107,-88
110000389,667,7,660
110000391,814,172,642
110000396,129,56,73
110000397,141,60,81
110000398,7,19,-12
110000399,103,0,103
110000587,138,64,74
110000589,168,113,55
110000640,202,38,164
110000652,1,248,-247
110000653,305,289,16
110000654,57,2530,-2473
110000656,1,231,-230
110000674,18,10,8
110000675,4,9,-5
110000676,1,29,-28
110000679,147,954,-807
110000682,91,128,-37
110000683,185,305,-120
110000684,2,23,-21
110000685,1,12,-11
110000686,10,27,-17
110000687,39,2,37
110000688,44,980,-936
110000689,21,14,7
110000692,47,133,-86
110000693,61,277,-216
110000694,0,91,-91
110000695,191,312,-121
110000696,34,34,0
110900001,121,5,116
110900002,247,135,112
110900003,723,219,504
110900004,413,75,338
110900005,986,2344,-1358
110900006,50,10,40
110900007,124,35,89
110900008,6,31,-25
110900009,271,180,91
110900010,12,26,-14
110900011,20,38,-18
110900012,25,37,-12
110900013,886,103,783
110900014,260,9,251
110900015,277,568,-291
110900016,52,95,-43
110900017,431,27,404
110900018,321,51,270
110900019,216,12,204
110900020,66,95,-29
110900021,50,176,-126
110900022,83,105,-22
110900023,43,425,-382
110900024,27,109,-82
110900025,12,32,-20
110900027,32,134,-102
110900028,20,68,-48
110900029,6,88,-82
110900030,30,151,-121
110900031,178,119,59
110900032,0,37,-37
110900033,39,73,-34
110900035,19,422,-403
110900036,76,12,64
110900037,94,17,77
110900038,541,128,413
110900039,6,205,-199
110900040,213,16,197
110900041,52,39,13
110900042,153,38,115
110900043,2,32,-30
110900044,180,18,162
110900045,48,107,-59
110900046,5,86,-81
110900047,252,244,8
110900049,68,79,-11
110900050,42,2,40
110900051,33,135,-102
110900052,2,56,-54
110900053,69,10,59
110900054,30,72,-42
110900055,24,2,22
110900056,34,79,-45
110900057,6,66,-60
110900058,222,135,87
110900059,343,153,190
110900060,343,113,230
110900061,10,36,-26
110900062,165,101,64
110900063,18,28,-10
110900064,11,1,10
110900065,138,102,36
110900066,8,32,-24
110900067,133,532,-399
110900068,192,136,56
110900069,161,123,38
110900070,112,45,67
110900071,183,582,-399
110900073,0,15,-15
110900074,440,65,375
110900075,434,38,396
110900077,921,310,611
110900078,43,20,23
110900079,1436,1079,357
110900080,151,42,109
110900081,2,9,-7
110900082,96,32,64
110900083,93,33,60
110900084,63,21,42
110900085,31,137,-106
110900086,38,297,-259
110900087,253,58,195
110900088,4,1,3
110900090,25,46,-21
110900091,0,31,-31
110900093,223,57,166
110900095,59,27,32
110900097,17,15,2
110900098,16,37,-21
110900099,18,208,-190
110900100,0,5,-5
110900102,66,7,59
110900105,857,93,764
110900108,20,20,0
110900111,253,44,209
110900112,577,16,561
110900113,202,43,159
110900115,0,41,-41
110900116,764,609,155
110900118,88,3201,-3113
110900119,1143,135,1008
110900120,22,36,-14
110900121,115,0,115
110900122,375,128,247
110900125,329,316,13
110900127,417,1135,-718
110900128,311,443,-132
110900129,162,733,-571
110900130,472,576,-104
110900131,201,22,179
110900132,347,69,278
110900133,77,72,5
110900135,34,101,-67
110900136,409,12,397
110900138,0,0,0
110900139,22,0,22
110900140,2,0,2
110900141,357,542,-185
110900142,53,74,-21
110900143,170,53,117
110900144,2,301,-299
110900145,199,71,128
110900146,216,223,-7
110900147,68,251,-183
110900148,5,142,-137
110900149,2,23,-21
110900150,39,10,29
110900151,0,35,-35
110900152,37,85,-48
110900153,147,51,96
111000001,727,377,350
111000002,612,438,174
111000003,1574,717,857
111000004,512,641,-129
111000005,1322,1099,223
111000006,802,1374,-572
111000007,3132,2783,349
111000008,1502,2220,-718
111000009,322,593,-271
111000010,838,258,580
111000011,235,1024,-789
111000012,478,358,120
111000013,515,869,-354
111000014,1524,495,1029
111000017,321,787,-466
111000018,260,340,-80
111000020,1113,1196,-83
111000021,58,73,-15
111000023,84,72,12
111000025,7576,3260,4316
111000029,66,86,-20
111000030,31,74,-43
111000031,1535,767,768
111000032,603,242,361
111000033,181,199,-18
111000034,86,285,-199
111000037,895,437,458
111000038,2362,1110,1252
111000039,1315,1273,42
111000040,1239,1268,-29
111000041,737,791,-54
111000042,1562,1494,68
111000043,1677,3221,-1544
111000044,1481,903,578
111000045,2436,1898,538
111000046,1539,1326,213
111000047,2465,4006,-1541
111000049,372,348,24
111000050,969,782,187
111000051,355,496,-141
111000052,503,955,-452
111000053,278,511,-233
111000054,271,437,-166
111000055,933,1126,-193
111000056,234,410,-176
111000057,127,307,-180
111000058,555,61,494
111000059,525,264,261
111000060,3586,747,2839
111000061,538,215,323
111000062,771,274,497
111000063,1653,765,888
111000064,770,441,329
111000065,1254,745,509
111000066,538,308,230
111000067,513,317,196
111000068,527,572,-45
111000069,1292,1238,54
111000070,744,461,283
111000071,180,330,-150
111000072,1373,527,846
111000073,252,1181,-929
111000074,1394,1278,116
111000075,833,418,415
111000076,524,506,18
111000077,1380,1301,79
111000078,2037,950,1087
111000079,870,463,407
111000080,457,421,36
111000081,1179,3384,-2205
111000082,685,424,261
111000084,705,380,325
111000085,771,738,33
111000086,1470,700,770
111000087,587,365,222
111000088,2834,1641,1193
111000089,658,478,180
111000090,543,936,-393
111000091,612,292,320
111000092,1278,505,773
111000093,717,925,-208
111000094,1597,761,836
111000095,551,1851,-1300
111000096,703,6334,-5631
111000097,3866,1262,2604
111000098,630,683,-53
111000099,455,998,-543
111000100,375,787,-412
111000101,356,545,-189
111000102,270,307,-37
111000104,665,104,561
111000107,96,570,-474
111000109,769,196,573
111000110,1379,489,890
111000111,2514,327,2187
111000112,1827,475,1352
111000113,733,1439,-706
111000114,1584,3259,-1675
111000115,2869,781,2088
111000116,857,656,201
111000117,302,656,-354
111000118,1085,509,576
111000119,1037,593,444
111000120,594,463,131
111000121,338,527,-189
111000122,485,796,-311
111000123,942,1219,-277
111000124,383,1079,-696
111000125,259,561,-302
111000126,116,417,-301
111000127,965,108,857
111000128,2194,236,1958
111000129,2807,344,2463
111000130,2179,465,1714
111000131,1998,436,1562
111000132,1767,888,879
111000133,191,62,129
111000134,110,82,28
111000135,72,108,-36
111000136,300,193,107
111000138,21,9,12
111000140,4,7,-3
111000141,153,606,-453
111000142,35,630,-595
111000143,18,800,-782
111000144,449,5330,-4881
111000145,286,83,203
111000146,170,17,153
111000147,119,33,86
111000148,180,198,-18
111000149,0,26,-26
111000150,57,17,40
111000151,5,39,-34
111000153,395,607,-212
111000154,416,187,229
111000155,108,134,-26
111000156,598,489,109
111000157,176,678,-502
111000158,584,619,-35
111000159,3911,898,3013
111000160,544,509,35
111000161,28,630,-602
111000162,28,142,-114
111000163,692,562,130
111000164,470,2144,-1674
111000165,606,279,327
111000166,641,166,475
111000167,140,193,-53
111000168,215,309,-94
111000169,244,414,-170
111000170,214,301,-87
111000171,389,344,45
111000172,172,214,-42
111000173,336,449,-113
111000174,195,150,45
111000175,39,238,-199
111000176,370,82,288
111000177,515,93,422
111000178,1577,227,1350
111000179,371,103,268
111000180,296,398,-102
111000181,1503,159,1344
111000182,232,153,79
111000183,283,220,63
111000184,288,137,151
111000185,285,198,87
111000186,264,124,140
111000187,106,93,13
111000188,244,262,-18
111000189,567,427,140
111000190,175,237,-62
111000191,117,136,-19
111000192,127,256,-129
111000193,292,166,126
111000194,65,188,-123
111000195,175,165,10
111000196,69,76,-7
111000197,461,80,381
111000198,573,61,512
111000199,296,101,195
111000200,515,221,294
111000201,750,170,580
111000202,287,160,127
111000203,379,301,78
111000204,336,1226,-890
111000213,163,368,-205
111000214,1186,765,421
111000215,989,813,176
111000217,1415,525,890
111000218,1083,756,327
111000219,298,143,155
111000220,638,402,236
111000221,387,64,323
111000224,50,224,-174
111000225,366,267,99
111000226,102,3,99
111000227,17,3,14
111000228,10,423,-413
111000229,29,938,-909
111000230,155,158,-3
111000231,1044,271,773
111000232,673,667,6
111000233,918,399,519
111000234,148,386,-238
111000239,73,92,-19
111000240,72,185,-113
111000241,25,172,-147
111000242,204,58,146
111000243,187,254,-67
111000244,536,91,445
111000245,1225,280,945
111000246,606,144,462
111000247,415,363,52
111000248,572,308,264
111000249,449,312,137
111000250,55,45,10
111000251,44,50,-6
111000253,16,15,1
111000255,79,8,71
111000257,112,23,89
111000260,79,1002,-923
111000261,1238,80,1158
111000271,45,182,-137
111000273,1909,730,1179
111000274,1199,1911,-712
111000275,176,50,126
111000276,277,738,-461
111000277,178,197,-19
111000278,507,193,314
111000291,1173,7180,-6007
111000298,515,170,345
111000299,583,105,478
111000300,60,378,-318
111000302,335,58,277
111000303,105,96,9
111000312,75,42,33
111000315,8,86,-78
111000320,144,289,-145
111000321,482,127,355
111000322,298,241,57
111000323,385,23,362
111000324,351,320,31
111000325,63,39,24
111000326,193,173,20
111000327,312,259,53
111000328,338,333,5
111000329,4,21,-17
111000330,143,35,108
111000331,23,6,17
111000332,411,876,-465
111000334,280,701,-421
111000335,1058,232,826
111000337,1409,192,1217
111000338,53,52,1
111000339,602,101,501
111000340,127,474,-347
111000341,1304,526,778
111000342,90,2412,-2322
111000344,1008,446,562
111000345,112,195,-83
111000346,68,432,-364
111000347,109,1,108
111000350,211,80,131
111000351,137,230,-93
111000352,197,46,151
111000353,139,92,47
111000354,441,89,352
111000355,208,286,-78
111000358,145,453,-308
111000360,241,191,50
111000361,212,107,105
111000546,630,466,164
111000547,424,360,64
111000548,153,204,-51
111000549,285,140,145
111000550,71,712,-641
111000551,476,143,333
111000552,478,347,131
111000907,551,29,522
111000908,36,0,36
111000916,1829,166,1663
111000917,60,279,-219
111000918,224,249,-25
111000920,601,17,584
111000921,25,120,-95
111000922,519,126,393
111000924,47,346,-299
111000925,3033,1660,1373
111000926,1068,1044,24
111000927,2458,3879,-1421
111000928,4038,1609,2429
111000929,2260,1142,1118
111000930,879,1189,-310
111000931,1937,2295,-358
111000932,3353,1267,2086
111000933,2966,2290,676
111000934,2128,1953,175
111000935,1679,839,840
111000936,1101,1238,-137
111000937,1218,1177,41
111000938,1234,859,375
111000939,580,37,543
111000940,535,58,477
111000941,343,214,129
111000943,643,269,374
111000944,169,159,10
111000945,81,770,-689
111001109,415,438,-23
111001110,136,268,-132
111001111,110,9,101
111001112,59,2,57
111001113,1,117,-116
111001114,368,178,190
111001115,35,817,-782
111001116,2362,3486,-1124
111001117,285,2297,-2012
111001120,147,153,-6
111001121,150,141,9
111001122,252,164,88
111001123,406,81,325
111001124,151,76,75
111001125,1,204,-203
111001126,0,1,-1
111001127,0,27,-27
111001128,589,403,186
111900001,1,108,-107
111900002,0,209,-209
111900003,1,120,-119
111900004,15,35,-20
111900006,27,36,-9
111900007,140,4,136
111900008,204,3,201
111900009,151,0,151
111900010,152,200,-48
111900012,34,45,-11
111900013,8,34,-26
111900014,1931,4773,-2842
111900015,0,26,-26
111900016,0,29,-29
111900017,0,22,-22
111900018,145,3,142
111900019,1,58,-57
111900020,1,25,-24
111900021,19,63,-44
111900022,2,24,-22
111900023,29,54,-25
111900024,59,44,15
111900025,0,10,-10
111900026,0,15,-15
111900027,6,46,-40
111900028,19,105,-86
111900029,1,34,-33
111900030,16,192,-176
111900032,3,126,-123
111900033,5,31,-26
111900034,110,276,-166
111900035,98,104,-6
111900036,1,89,-88
111900038,154,252,-98
111900039,34,188,-154
111900040,1,176,-175
111900042,7,118,-111
111900043,0,114,-114
111900044,118,116,2
111900046,32,89,-57
111900048,323,219,104
111900049,20,96,-76
111900050,69,17,52
111900051,2,104,-102
111900052,215,227,-12
111900053,386,1495,-1109
111900054,131,0,131
111900055,11,163,-152
111900056,125,337,-212
111900057,109,28,81
111900058,621,200,421
111900059,868,683,185
111900060,347,2,345
111900061,2,48,-46
111900062,55,44,11
111900063,239,342,-103
111900064,49,130,-81
111900065,134,20,114
111900066,112,105,7
111900067,3,196,-193
111900068,80,56,24
111900069,74,19,55
111900070,185,54,131
111900071,0,126,-126
111900072,52,27,25
111900073,847,190,657
111900074,8,121,-113
111900075,77,4,73
111900076,190,70,120
111900077,31,4,27
111900078,319,23,296
111900079,44,43,1
111900080,142,237,-95
111900082,227,43,184
111900083,238,33,205
111900084,162,7,155
111900085,27,91,-64
111900086,65,7,58
111900087,73,1,72
111900088,707,18,689
111900089,181,3,178
111900090,44,38,6
111900091,508,9,499
111900092,113,0,113
111900093,501,9,492
111900094,150,0,150
111900095,319,18,301
111900096,229,0,229
111900097,46,0,46
111900098,348,8,340
111900099,59,0,59
111900100,167,6,161
111900101,117,18,99
111900102,613,201,412
111900103,39,68,-29
111900104,89,25,64
111900105,219,163,56
111900106,319,14,305
111900110,835,242,593
111900111,177,67,110
111900112,300,3013,-2713
111900113,150,111,39
111900118,402,96,306
111900119,236,151,85
111900122,89,93,-4
111900123,16,11,5
111900124,27,38,-11
111900125,484,45,439
111900126,229,2,227
111900127,1,191,-190
111900128,1,189,-188
111900129,210,15,195
111900130,151,23,128
111900131,571,4,567
111900132,11,313,-302
111900133,30,172,-142
111900134,6,87,-81
111900135,9,28,-19
111900136,74,115,-41
111900137,37,29,8
111900138,17,40,-23
111900139,10,63,-53
111900140,144,38,106
111900141,83,2,81
111900142,86,24,62
111900143,49,70,-21
111900144,10,27,-17
111900145,1,161,-160
111900146,1,83,-82
111900147,53,189,-136
111900148,11,264,-253
111900149,6,108,-102
111900150,8,71,-63
111900151,1,18,-17
111900152,92,79,13
111900153,526,773,-247
111900154,19,389,-370
111900155,53,113,-60
111900156,68,99,-31
111900157,157,17,140
111900158,566,89,477
111900159,393,28,365
111900160,345,1,344
111900161,306,1,305
111900162,269,513,-244
111900163,17,107,-90
111900164,124,42,82
111901113,554,70,484
111901114,276,157,119
111901115,54,0,54
111901116,40,3,37
111901117,22,32,-10
111901118,19,270,-251
111901119,186,34,152
111901121,69,56,13
111901122,0,177,-177
111901123,196,106,90
111901124,231,5,226
111901125,685,171,514
111901127,281,524,-243
111901129,12,28,-16
111901130,52,153,-101
111901131,2,71,-69
111901132,139,36,103
111901133,47,1,46
111901134,93,2,91
111901135,35,17,18
111901136,23,60,-37
111901138,103,28,75
111901139,58,20,38
111901140,17,34,-17
111901141,4,51,-47
111901142,10,97,-87
111901143,8,109,-101
111901144,30,37,-7
111901145,77,241,-164
111901146,101,15,86
111901147,167,296,-129
111901148,17,49,-32
111901149,7,7,0
111901150,39,0,39
111901151,0,0,0
111901152,7,24,-17
112000001,1745,507,1238
112000002,573,1338,-765
112000003,1757,884,873
112000004,592,330,262
112000005,3230,3485,-255
112000006,1055,811,244
112000007,3605,2464,1141
112000008,2251,3915,-1664
112000009,1941,1349,592
112000010,2714,3936,-1222
112000011,1145,862,283
112000012,3190,5005,-1815
112000013,2063,2637,-574
112000014,1537,2949,-1412
112000015,2487,2777,-290
112000016,2135,2309,-174
112000017,829,3128,-2299
112000024,1284,486,798
112000026,1750,1922,-172
112000027,521,625,-104
112000028,677,726,-49
112000029,485,625,-140
112000030,192,39,153
112000031,1027,3607,-2580
112000032,130,29,101
112000033,1340,2426,-1086
112000034,148,24,124
112000035,28,483,-455
112000036,327,994,-667
112000037,969,822,147
112000038,1187,1262,-75
112000039,90,46,44
112000040,34,125,-91
112000041,276,258,18
112000042,682,338,344
112000050,1030,961,69
112000051,924,1665,-741
112000054,853,965,-112
112000057,398,266,132
112000058,170,319,-149
112000059,348,443,-95
112000061,1742,867,875
112000062,711,811,-100
112000063,259,1804,-1545
112000064,2028,2638,-610
112000065,1027,1534,-507
112000066,2625,1301,1324
112000067,481,419,62
112000068,2769,2686,83
112000069,377,1161,-784
112000070,1337,670,667
112000071,790,1604,-814
112000072,2419,639,1780
112000073,997,1514,-517
112000074,1088,863,225
112000075,1188,995,193
112000076,2517,1866,651
112000077,748,288,460
112000078,1645,407,1238
112000079,1425,933,492
112000080,612,448,164
112000081,1109,1665,-556
112000082,916,550,366
112000083,570,848,-278
112000084,927,589,338
112000085,1256,538,718
112000086,1385,638,747
112000087,510,369,141
112000088,756,236,520
112000089,338,285,53
112000090,240,187,53
112000091,433,525,-92
112000092,1937,831,1106
112000093,1445,498,947
112000094,622,584,38
112000095,707,499,208
112000096,521,438,83
112000097,1403,534,869
112000098,462,389,73
112000099,673,1706,-1033
112000100,1896,523,1373
112000101,517,390,127
112000102,1564,426,1138
112000103,341,456,-115
112000105,501,631,-130
112000106,2052,331,1721
112000107,103,141,-38
112000108,383,783,-400
112000109,240,83,157
112000110,1799,538,1261
112000111,485,1909,-1424
112000112,2059,473,1586
112000113,596,873,-277
112000114,2002,667,1335
112000115,295,237,58
112000116,441,500,-59
112000117,1111,601,510
112000118,744,547,197
112000119,338,388,-50
112000120,56,214,-158
112000121,130,248,-118
112000122,368,103,265
112000123,823,97,726
112000124,524,68,456
112000125,296,235,61
112000126,334,189,145
112000127,1210,2221,-1011
112000128,317,504,-187
112000129,96,99,-3
112000130,188,69,119
112000131,43,117,-74
112000132,163,161,2
112000133,377,98,279
112000134,428,233,195
112000135,1450,487,963
112000136,906,833,73
112000137,1547,1467,80
112000138,1050,858,192
112000139,550,680,-130
112000140,397,773,-376
112000141,877,394,483
112000142,121,302,-181
112000143,1184,200,984
112000144,277,546,-269
112000145,2583,488,2095
112000146,482,907,-425
112000147,2593,1421,1172
112000148,1016,1057,-41
112000149,386,312,74
112000150,299,295,4
112000151,313,188,125
112000152,605,240,365
112000153,106,158,-52
112000154,142,185,-43
112000155,119,102,17
112000157,363,553,-190
112000158,273,199,74
112000159,670,234,436
112000167,314,93,221
112000169,200,337,-137
112000173,753,153,600
112000175,361,219,142
112000176,854,1182,-328
112000177,747,188,559
112000178,60,157,-97
112000179,250,63,187
112000180,239,226,13
112000181,984,886,98
112000182,1439,528,911
112000183,27,19,8
112000184,465,170,295
112000185,653,312,341
112000187,3101,1938,1163
112000195,144,15,129
112000196,165,1,164
112000197,106,229,-123
112000198,53,280,-227
112000199,535,677,-142
112000202,442,0,442
112000216,32,169,-137
112000230,112,2,110
112000231,1,93,-92
112000256,76,240,-164
112000313,66,70,-4
112000314,47,34,13
112000337,191,459,-268
112000352,160,296,-136
112000392,1082,776,306
112000398,1502,734,768
112000399,954,2837,-1883
112000400,1140,1225,-85
112000401,1835,1089,746
112000402,3231,3794,-563
112000403,1167,3976,-2809
112000404,1193,987,206
112000405,2285,2764,-479
112000406,1799,975,824
112000407,8037,7552,485
112000408,4546,2872,1674
112000409,1099,1872,-773
112000410,360,341,19
112000411,2197,1474,723
112000412,796,359,437
112000413,3602,6440,-2838
112000414,87,46,41
112000415,80,19,61
112000416,2878,1097,1781
112000417,306,78,228
112000421,74,37,37
112000422,357,149,208
112000424,910,2643,-1733
112000425,361,375,-14
112000426,165,194,-29
112000427,0,13,-13
112000428,227,248,-21
112000429,1475,1396,79
112000430,1958,2260,-302
112000431,91,101,-10
112000432,454,471,-17
112000433,177,457,-280
112000437,60,89,-29
112900001,94,3,91
112900002,615,373,242
112900003,85,208,-123
112900004,51,116,-65
112900005,240,92,148
112900007,40,129,-89
112900008,1,88,-87
112900009,313,140,173
112900010,544,421,123
112900011,70,83,-13
112900012,2,39,-37
112900013,1,74,-73
112900014,1,98,-97
112900015,176,350,-174
112900016,2,153,-151
112900017,24,77,-53
112900018,453,303,150
112900019,22,120,-98
112900020,239,550,-311
112900021,2,98,-96
112900022,11,41,-30
112900023,0,43,-43
112900024,23,118,-95
112900025,66,104,-38
112900026,68,134,-66
112900027,5,379,-374
112900028,24,82,-58
112900029,29,196,-167
112900030,48,54,-6
112900031,1,183,-182
112900032,152,174,-22
112900034,0,23,-23
112900035,0,175,-175
112900036,9,115,-106
112900037,116,252,-136
112900038,686,90,596
112900039,14,155,-141
112900040,1,340,-339
112900041,314,747,-433
112900042,88,129,-41
112900043,25,28,-3
112900044,260,192,68
112900045,121,134,-13
112900046,79,45,34
112900047,21,29,-8
112900049,311,48,263
112900050,19,355,-336
112900051,190,279,-89
112900052,2,312,-310
112900053,166,110,56
112900054,157,55,102
112900055,73,32,41
112900056,286,200,86
112900057,23,395,-372
112900058,241,290,-49
112900059,150,153,-3
112900060,21,78,-57
112900061,75,83,-8
112900062,80,110,-30
112900063,85,20,65
112900064,61,111,-50
112900065,13,43,-30
112900066,206,204,2
112900067,218,77,141
112900068,20,37,-17
112900069,1185,765,420
112900071,48,6,42
112900072,90,2316,-2226
112900073,440,163,277
112900074,69,306,-237
112900075,597,944,-347
112900076,51,33,18
112900078,301,491,-190
112900079,261,28,233
112900080,104,5,99
112900081,94,255,-161
112900082,616,49,567
112900083,144,115,29
112900084,277,157,120
112900086,133,2,131
112900087,836,153,683
112900088,174,12,162
112900089,864,29,835
112900090,115,70,45
112900091,338,10,328
112900092,47,437,-390
112900093,978,22,956
112900095,73,3,70
112900096,560,163,397
112900097,74,134,-60
112900098,135,1,134
112900099,962,24,938
112900100,61,2,59
112900101,353,3,350
112900102,90,28,62
112900103,224,1,223
112900104,666,8,658
112900105,42,0,42
112900106,316,97,219
112900107,4,3,1
112900108,7,0,7
112900109,124,0,124
112900110,1730,34,1696
112900111,756,3,753
112900112,439,2,437
112900113,1,9,-8
112900114,189,28,161
112900115,1591,3,1588
112900116,178,63,115
112900117,87,20,67
112900118,14,81,-67
112900119,183,3,180
112900120,413,183,230
112900121,36,99,-63
112900122,5,53,-48
112900123,138,20,118
112900124,15,58,-43
112900125,23,237,-214
112900126,136,110,26
112900127,396,160,236
112900128,95,352,-257
112900129,1,360,-359
112900130,176,81,95
112900131,29,161,-132
112900132,111,398,-287
112900133,17,750,-733
112900134,0,107,-107
112900135,95,49,46
112900137,6,298,-292
112900138,5,86,-81
112900139,114,505,-391
112900141,654,28,626
112900142,68,206,-138
112900143,5,199,-194
112900144,2,335,-333
112900145,24,223,-199
112900146,1,450,-449
112900147,1,623,-622
112900148,60,1,59
112900149,253,277,-24
112900151,8,39,-31
112900152,2557,444,2113
112900153,791,2293,-1502
112900154,1,56,-55
112900155,124,22,102
112900156,344,643,-299
112900157,470,37,433
112900158,62,10,52
112900159,145,142,3
112900160,42,145,-103
112900161,116,37,79
112900162,22,20,2
112900163,46,47,-1
112900164,25,200,-175
112900165,70,31,39
112900166,14,64,-50
112900167,2,169,-167
112900168,3,4,-1
112900169,22,11,11
112900170,112,141,-29
112900172,27,20,7
112900173,97,63,34
112900174,234,47,187
112900175,103,167,-64
112900176,26,53,-27
112900177,212,44,168
112900178,611,2708,-2097
112900179,41,261,-220
112900180,1754,981,773
112900181,567,2,565
112900182,44,360,-316
112900183,65,249,-184
112900184,308,377,-69
112900185,103,490,-387
112900186,644,939,-295
112900187,61,476,-415
112900188,481,1439,-958
112900189,4,2,2
112900190,2,23,-21
112900192,532,561,-29
112900193,895,342,553
112900194,74,19,55
112900195,722,54,668
112900196,215,232,-17
112900197,92,217,-125
112900199,586,170,416
112900200,428,80,348
112900201,179,73,106
112900202,520,412,108
112900203,315,104,211
112900204,540,504,36
112900205,13,90,-77
112900206,17,138,-121
112900207,22,0,22
112900208,84,273,-189
112900209,271,218,53
112900210,1,36,-35
112900211,83,18,65
112900212,1,70,-69
112900213,62,4,58
112900214,13,13,0
112900215,27,57,-30
112900216,20,29,-9
112900217,0,62,-62
112900218,70,13,57
112900219,114,2,112
112900220,0,0,0
112900221,41,58,-17
112900222,0,25,-25
112900223,847,17,830
112900224,352,189,163
112900225,495,152,343
112900226,100,189,-89
112900227,522,223,299
112900228,73,38,35
112900229,275,27,248
112900230,4426,2342,2084
112900232,267,301,-34
112900233,44,76,-32
112900234,18,15,3
112900235,62,23,39
112900236,306,7,299
112900237,321,102,219
112900238,12,7,5
112900239,624,651,-27
112900240,1,8,-7
112900241,4,36,-32
112900242,14,61,-47
112900243,21,68,-47
112900244,6,28,-22
112900245,0,21,-21
112900246,21,8,13
112900247,122,31,91
112900248,1,2,-1
112900249,36,2,34
112900250,97,10,87
112900251,64,6,58
112900252,63,18,45
112900253,81,7,74
112900254,31,4,27
112900255,8,45,-37
112900256,3,51,-48
112900257,6,42,-36
112900258,42,18,24
113000001,4995,3755,1240
113000002,3061,2453,608
113000003,1369,1241,128
113000004,1046,1470,-424
113000005,1353,831,522
113000006,808,1093,-285
113000007,1791,864,927
113000008,1319,1125,194
113000009,1099,506,593
113000010,996,744,252
113000011,759,802,-43
113000012,1431,556,875
113000013,848,606,242
113000014,749,1091,-342
113000015,138,174,-36
113000016,201,659,-458
113000017,32,289,-257
113000018,320,33,287
113000019,97,205,-108
113000020,409,83,326
113000021,1064,495,569
113000022,654,1083,-429
113000025,115,304,-189
113000026,426,420,6
113000027,361,639,-278
113000028,403,713,-310
113000029,776,783,-7
113000030,129,432,-303
113000031,126,240,-114
113000032,139,304,-165
113000033,174,304,-130
113000034,173,183,-10
113000035,13,18,-5
113000036,13,55,-42
113000037,44,16,28
113000038,12,41,-29
113000039,39,258,-219
113000040,42,75,-33
113000042,554,385,169
113000051,681,1602,-921
113000052,1713,515,1198
113000053,458,214,244
113000054,329,415,-86
113000055,1301,296,1005
113000056,1174,733,441
113000058,482,729,-247
113000059,796,280,516
113000060,280,383,-103
113000061,453,568,-115
113000062,326,247,79
113000063,267,57,210
113000064,60,145,-85
113000065,161,341,-180
113000066,685,75,610
113000067,2253,678,1575
113000068,341,499,-158
113000069,463,525,-62
113000070,2334,700,1634
113000071,432,313,119
113000072,951,332,619
113000073,247,974,-727
113000074,698,352,346
113000075,1266,607,659
113000076,388,2154,-1766
113000077,553,810,-257
113000078,429,1439,-1010
113000079,313,1024,-711
113000080,494,789,-295
113000081,572,513,59
113000082,669,572,97
113000083,514,659,-145
113000084,1237,813,424
113000085,666,503,163
113000086,693,584,109
113000087,691,925,-234
113000088,1307,895,412
113000089,566,1377,-811
113000090,115,529,-414
113000091,292,322,-30
113000094,1009,322,687
113000095,230,539,-309
113000096,121,692,-571
113000097,780,308,472
113000098,97,68,29
113000099,853,395,458
113000100,101,324,-223
113000101,218,507,-289
113000102,542,510,32
113000103,1411,266,1145
113000104,519,1949,-1430
113000105,871,302,569
113000106,334,212,122
113000107,865,733,132
113000108,645,650,-5
113000109,532,1018,-486
113000110,2011,416,1595
113000111,210,495,-285
113000112,308,218,90
113000113,864,254,610
113000114,269,962,-693
113000116,446,238,208
113000117,811,94,717
113000118,32,399,-367
113000119,266,265,1
113000120,42,238,-196
113000121,347,963,-616
113000124,262,72,190
113000125,59,730,-671
113000127,1151,123,1028
113000128,584,179,405
113000129,306,497,-191
113000133,1611,780,831
113000134,0,979,-979
113000135,3334,3749,-415
113000137,704,2662,-1958
113000139,171,199,-28
113000140,33,128,-95
113000141,74,145,-71
113000142,175,670,-495
113000143,208,119,89
113000144,184,352,-168
113000145,121,78,43
113000146,118,47,71
113000147,209,52,157
113000148,204,76,128
113000149,113,111,2
113000150,427,189,238
113000151,27,9,18
113000152,35,127,-92
113000153,634,257,377
113000154,399,1156,-757
113000155,219,477,-258
113000156,99,228,-129
113000157,148,429,-281
113000158,444,187,257
113000159,715,485,230
113000160,412,415,-3
113000161,315,166,149
113000162,668,261,407
113000163,146,40,106
113000164,18,48,-30
113000166,195,70,125
113000167,29,51,-22
113000168,53,64,-11
113000169,182,49,133
113000170,89,87,2
113000171,47,54,-7
113000172,227,66,161
113000173,82,17,65
113000174,131,176,-45
113000175,353,64,289
113000176,417,114,303
113000177,119,141,-22
113000178,101,161,-60
113000179,257,141,116
113000180,388,829,-441
113000181,999,649,350
113000182,129,287,-158
113000183,108,462,-354
113000184,31,43,-12
113000189,243,497,-254
113000190,229,251,-22
113000192,511,3629,-3118
113000193,1321,2490,-1169
113000194,624,1407,-783
113000195,878,1435,-557
113000196,163,51,112
113000197,951,1300,-349
113000198,88,176,-88
113000199,1071,279,792
113000201,191,430,-239
113000202,4598,724,3874
113000203,42,471,-429
113000204,463,3004,-2541
113000205,8,11,-3
113000206,6,47,-41
113000207,117,12,105
113000208,34,37,-3
113000209,30,10,20
113000210,6,34,-28
113000211,86,233,-147
113000212,77,54,23
113000213,21,117,-96
113000214,142,194,-52
113000234,131,433,-302
113000410,94,189,-95
113000411,1345,2634,-1289
113000412,3118,1528,1590
113000413,810,2275,-1465
113000414,2390,9610,-7220
113000415,1183,1404,-221
113000416,2521,1895,626
113000417,1116,1252,-136
113000418,3715,3326,389
113000419,1173,1584,-411
113000420,2380,4245,-1865
113000421,3320,4936,-1616
113000422,6457,7144,-687
113000423,1003,4001,-2998
113000424,1411,8220,-6809
113000425,2,63,-61
113000428,11,13,-2
113000430,3,80,-77
113000432,2082,177,1905
113000433,83,327,-244
113000434,35,61,-26
113000435,42,180,-138
113000436,17,411,-394
113000437,1104,23,1081
113000438,395,9,386
113000439,19,45,-26
113000440,177,27,150
113000441,230,149,81
113000442,152,39,113
113000443,302,133,169
113000444,201,81,120
113000445,133,65,68
113000446,57,60,-3
113000448,289,129,160
113000449,103,533,-430
113000450,433,1533,-1100
113000451,1745,220,1525
113000452,93,401,-308
113000453,57,451,-394
113000454,236,93,143
113000455,28,791,-763
113000456,1620,1628,-8
113000468,728,57,671
113000469,23,59,-36
113000470,340,14,326
113000471,8,260,-252
113000472,69,183,-114
113000474,956,516,440
113000475,1045,1002,43
113000476,1516,1590,-74
113000477,3612,1428,2184
113000478,2551,2652,-101
113000479,62,98,-36
113000484,0,0,0
113000485,0,0,0
113000486,2,0,2
113000487,0,0,0
113000488,0,0,0
113000489,0,1,-1
113000490,0,7,-7
113000491,8,7,1
113000492,0,0,0
113000493,1,0,1
113000495,238,126,112
113000496,156,102,54
113000499,0,0,0
113900001,0,761,-761
113900002,2,46,-44
113900003,0,73,-73
113900004,0,101,-101
113900005,1,180,-179
113900006,0,33,-33
113900007,8,0,8
113900008,5,1,4
113900009,17,1,16
113900010,10,2,8
113900011,66,0,66
113900012,37,1,36
113900013,56,0,56
113900014,439,2,437
113900015,0,15,-15
113900016,23,0,23
113900017,0,26,-26
113900018,177,213,-36
113900019,101,26,75
113900020,148,0,148
113900022,52,0,52
113900023,47,1,46
113900024,51,13,38
113900025,137,18,119
113900026,17,0,17
113900027,8,39,-31
113900028,27,250,-223
113900029,90,105,-15
113900030,247,5,242
113900031,34,3,31
113900032,33,0,33
113900033,86,29,57
113900035,31,1,30
113900036,15,83,-68
113900037,185,202,-17
113900038,26,95,-69
113900039,151,14,137
113900040,11,29,-18
113900041,12,2,10
113900042,48,24,24
113900043,149,43,106
113900044,152,335,-183
113900045,70,0,70
113900046,235,467,-232
113900047,46,72,-26
113900048,110,97,13
113900049,211,261,-50
113900050,193,220,-27
113900051,192,182,10
113900052,113,79,34
113900053,436,551,-115
113900054,26,0,26
113900055,75,316,-241
113900056,42,110,-68
113900057,6,21,-15
113900058,48,38,10
113900059,208,199,9
113900060,55,129,-74
113900061,283,160,123
113900062,76,6,70
113900063,61,58,3
113900064,11,43,-32
113900065,381,13,368
113900066,390,148,242
113900067,190,91,99
113900068,333,362,-29
113900069,20,10,10
113900070,103,218,-115
113900071,39,23,16
113900072,31,48,-17
113900073,282,257,25
113900074,114,149,-35
113900075,699,1154,-455
113900076,92,6,86
113900077,41,110,-69
113900078,39,27,12
113900079,1,13,-12
113900080,398,119,279
113900081,45,85,-40
113900082,94,129,-35
113900083,388,132,256
113900084,162,77,85
113900085,27,139,-112
113900086,30,7,23
113900087,85,70,15
113900088,80,88,-8
113900089,285,23,262
113900090,441,266,175
113900091,21,13,8
113900092,30,34,-4
113900093,77,725,-648
113900094,363,155,208
113900095,71,88,-17
113900096,198,51,147
113900097,11,17,-6
113900098,643,72,571
113900099,2,24,-22
113900100,1,1,0
113900101,10,40,-30
113900102,87,113,-26
113900103,225,287,-62
113900104,90,167,-77
113900105,161,51,110
113900106,0,15,-15
113900107,0,5,-5
113900108,126,199,-73
113900109,245,159,86
113900110,31,19,12
113900111,167,72,95
113900112,207,129,78
113900113,707,335,372
113900114,0,20,-20
113900115,0,30,-30
113900116,66,130,-64
113900117,45,18,27
113900118,116,314,-198
113900119,117,393,-276
113900120,89,42,47
113900121,54,34,20
113900122,360,2093,-1733
113900123,274,122,152
113900124,1,54,-53
113900125,511,104,407
113900126,65,49,16
113900127,320,605,-285
113900128,126,26,100
113900129,13,165,-152
113900130,1,117,-116
113900131,185,55,130
113900132,19,70,-51
113900133,15,28,-13
113900135,323,203,120
113900136,63,54,9
113900137,250,243,7
113900138,23,115,-92
113900139,143,167,-24
113900140,41,306,-265
113900141,528,125,403
113900142,101,40,61
113900143,6,25,-19
113900144,64,290,-226
113900145,290,103,187
113900146,131,32,99
113900148,80,296,-216
113900149,84,67,17
113900150,149,192,-43
113900151,320,98,222
113900152,32,22,10
113900153,56,253,-197
113900154,4,85,-81
113900155,96,170,-74
113900156,144,220,-76
113900157,24,199,-175
113900158,91,255,-164
113900159,11,186,-175
113900160,435,334,101
113900161,73,213,-140
113900162,140,496,-356
113900163,127,174,-47
113900164,262,47,215
113900165,502,237,265
113900166,67,103,-36
113900167,325,23,302
113900168,37,45,-8
113900169,118,138,-20
113900171,142,37,105
113900172,8,55,-47
113900173,18,260,-242
113900174,351,324,27
113900175,179,107,72
113900176,237,230,7
113900177,226,98,128
113900178,151,120,31
113900179,21,163,-142
113900180,108,73,35
113900181,578,123,455
113900182,436,497,-61
113900183,31,35,-4
113900184,8,183,-175
113900185,74,65,9
113900186,20,18,2
113900187,25,93,-68
113900188,16,68,-52
113900189,181,133,48
113900190,157,56,101
113900191,78,75,3
113900192,819,1243,-424
113900193,5,70,-65
113900194,722,408,314
113900195,171,217,-46
113900196,0,79,-79
113900197,0,53,-53
113900198,14,245,-231
113900199,70,305,-235
113900200,3,95,-92
113900201,1,57,-56
113900202,10,94,-84
113900203,3,28,-25
113900204,19,187,-168
113900205,3,67,-64
113900206,1,64,-63
113900207,0,43,-43
113900208,1,22,-21
113900209,0,23,-23
113900210,341,413,-72
113900211,93,57,36
113900212,165,233,-68
113900214,165,334,-169
113900215,46,58,-12
113900216,145,274,-129
113900217,81,129,-48
113900218,131,121,10
113900219,73,290,-217
113900220,80,106,-26
113900221,223,206,17
113900222,520,493,27
113900223,204,302,-98
113900224,27,42,-15
113900225,261,96,165
113900226,255,83,172
113900227,232,98,134
113900228,175,387,-212
113900229,29,663,-634
113900230,1307,2139,-832
113900231,90,63,27
113900232,132,40,92
113900233,66,37,29
113900234,260,307,-47
113900235,79,11,68
113900236,285,128,157
113900237,125,4,121
113900238,128,413,-285
113900239,20,137,-117
113900240,6,175,-169
113900241,74,33,41
113900242,22,82,-60
113900243,42,175,-133
113900244,115,111,4
113900245,568,187,381
113900246,16,29,-13
113900247,85,403,-318
113900248,1221,1118,103
113900249,361,399,-38
113900250,22,152,-130
113900251,613,81,532
113900252,535,14,521
113900253,467,46,421
113900254,460,80,380
113900255,424,12,412
113900256,310,13,297
113900257,15,265,-250
113900258,16,192,-176
113900259,545,79,466
113900260,168,9,159
113900261,32,51,-19
113900262,121,228,-107
113900263,51,340,-289
113900264,2,140,-138
113900265,107,308,-201
113900266,33,104,-71
113900267,52,451,-399
113900268,158,411,-253
113900269,65,83,-18
113900270,133,426,-293
113900271,389,396,-7
113900273,22,10,12
113900274,36,22,14
113900275,11,59,-48
113900276,0,91,-91
113900277,150,5,145
113900278,170,131,39
113900279,38,41,-3
113900280,1204,509,695
113900281,304,872,-568
113900282,324,437,-113
113900283,343,355,-12
113900284,665,104,561
113900285,105,38,67
113900286,14,35,-21
113900287,61,14,47
113900288,2,78,-76
113900289,286,107,179
113900290,192,179,13
113900291,81,96,-15
113900292,8,4,4
113900293,1,115,-114
113900294,476,8,468
113900295,270,251,19
113900296,594,172,422
113900297,2101,40,2061
113900298,31,913,-882
113900299,109,31,78
113900300,1744,1741,3
113900301,370,282,88
113900302,1267,735,532
113900303,143,402,-259
113900304,0,67,-67
113900305,117,2,115
113900306,57,2,55
113900307,0,1,-1
113900308,43,31,12
113900309,1,269,-268
113900310,0,6,-6
113900311,12,0,12
113900312,179,166,13
113900313,7,2,5
113900314,7,3,4
113900315,44,0,44
114000001,644,1366,-722
114000002,317,203,114
114000003,198,353,-155
114000004,358,193,165
114000005,252,150,102
114000006,1047,926,121
114000007,409,648,-239
114000008,988,1272,-284
114000009,833,193,640
114000011,2258,1447,811
114000012,2455,897,1558
114000013,1709,661,1048
114000014,432,225,207
114000015,1707,172,1535
114000016,185,96,89
114000017,108,364,-256
114000018,96,28,68
114000026,2001,627,1374
114000027,3372,1460,1912
114000028,1760,2287,-527
114000038,216,119,97
114000039,154,88,66
114000040,124,176,-52
114000042,143,83,60
114000043,238,105,133
114000044,342,61,281
114000045,33,26,7
114000046,2089,2568,-479
114000047,11,50,-39
114000048,74,78,-4
114000049,1160,1009,151
114000050,1197,1115,82
114000051,2085,1493,592
114000052,3240,1642,1598
114000053,99,434,-335
114000054,102,399,-297
114000055,239,22,217
114000056,164,813,-649
114000057,2758,1566,1192
114000058,98,847,-749
114000059,39,282,-243
114000060,366,575,-209
114000061,1442,1933,-491
114000062,470,1154,-684
114000063,984,928,56
114000064,1577,2538,-961
114000065,941,1610,-669
114000066,403,510,-107
114000067,22,692,-670
114000068,350,522,-172
114000069,675,377,298
114000070,1502,1391,111
114000071,598,300,298
114000072,428,159,269
114000073,26,17,9
114000074,60,17,43
114000075,69,34,35
114000076,19,25,-6
114000077,2,13,-11
114000078,356,214,142
114000079,236,33,203
114000080,51,56,-5
114000081,73,59,14
114000082,54,164,-110
114000083,47,93,-46
114000084,190,56,134
114000085,60,263,-203
114000086,192,234,-42
114000087,101,50,51
114000088,34,30,4
114000089,278,147,131
114000090,724,668,56
114000091,802,607,195
114000092,566,363,203
114000093,994,550,444
114000094,334,239,95
114000095,217,140,77
114000096,57,187,-130
114000097,111,204,-93
114000098,560,102,458
114000099,662,199,463
114000100,1341,318,1023
114000101,424,235,189
114000102,576,204,372
114000103,117,131,-14
114000104,50,89,-39
114000105,132,72,60
114000106,462,1156,-694
114000107,460,84,376
114000108,942,728,214
114000109,628,1732,-1104
114000110,458,640,-182
114000111,1703,857,846
114000112,458,1075,-617
114000113,1714,435,1279
114000114,673,726,-53
114000115,2162,893,1269
114000116,827,2277,-1450
114000117,3315,478,2837
114000118,2710,423,2287
114000119,1863,413,1450
114000120,462,488,-26
114000121,422,629,-207
114000122,390,234,156
114000123,1875,300,1575
114000124,946,252,694
114000125,809,774,35
114000126,2201,192,2009
114000127,194,98,96
114000128,716,179,537
114000130,339,327,12
114000131,249,78,171
114000132,427,291,136
114000133,497,747,-250
114000134,86,25,61
114000138,28,78,-50
114000139,318,307,11
114000144,550,534,16
114000145,33,58,-25
114000146,77,67,10
114000147,993,2177,-1184
114000148,1034,1410,-376
114000149,237,246,-9
114000150,511,916,-405
114000151,840,2296,-1456
114000152,97,32,65
114000153,454,1548,-1094
114000154,497,454,43
114000155,1050,2033,-983
114000156,616,507,109
114000157,236,960,-724
114000158,822,488,334
114000159,113,305,-192
114000160,48,369,-321
114000161,876,2422,-1546
114000162,918,1995,-1077
114000163,16,24,-8
114000165,457,354,103
114000166,411,294,117
114000167,1718,1069,649
114000168,333,349,-16
114000169,904,1263,-359
114000170,932,1122,-190
114000171,1101,4673,-3572
114000174,99,239,-140
114000176,229,382,-153
114000177,823,390,433
114000178,56,33,23
114000179,835,695,140
114000180,188,411,-223
114000181,1335,3644,-2309
114000182,939,1753,-814
114000183,524,623,-99
114000184,1453,527,926
114000185,1023,581,442
114000189,1076,130,946
114000190,2913,431,2482
114000191,73,128,-55
114000192,78,712,-634
114000193,326,959,-633
114000194,1241,585,656
114000195,217,52,165
114000196,1,65,-64
114000197,1776,37,1739
114000198,570,228,342
114000199,1315,1484,-169
114000200,438,616,-178
114000201,122,350,-228
114000202,854,312,542
114000203,589,494,95
114000204,130,257,-127
114000205,157,858,-701
114000206,548,863,-315
114000207,344,651,-307
114000208,330,903,-573
114000209,287,962,-675
114000210,165,535,-370
114000211,1144,1000,144
114000212,593,585,8
114000213,1296,429,867
114000214,81,62,19
114000215,153,51,102
114000216,1439,212,1227
114000217,390,130,260
114000218,128,126,2
114000219,1191,84,1107
114000220,14,371,-357
114000221,902,121,781
114000222,107,452,-345
114000223,434,102,332
114000224,57,293,-236
114000225,263,263,0
114000226,219,168,51
114000227,865,369,496
114000228,746,369,377
114000229,1145,731,414
114000230,1353,609,744
114000231,830,931,-101
114000232,846,117,729
114000233,2115,95,2020
114000234,916,547,369
114000235,963,820,143
114000236,0,220,-220
114000237,97,434,-337
114000238,128,159,-31
114000239,146,583,-437
114000240,716,757,-41
114000241,239,563,-324
114000242,602,509,93
114000243,1473,629,844
114000244,649,215,434
114000245,367,571,-204
114000246,101,45,56
114000247,811,385,426
114000248,1107,449,658
114000249,496,360,136
114000250,520,324,196
114000251,339,179,160
114000252,36,21,15
114000253,70,30,40
114000254,43,13,30
114000255,316,141,175
114000256,318,1562,-1244
114000257,425,663,-238
114000258,262,195,67
114000259,116,148,-32
114000260,0,12,-12
114000261,44,15,29
114000262,265,42,223
114000263,10,1,9
114000264,980,232,748
114000265,0,3,-3
114000267,2,1285,-1283
114000268,6,543,-537
114000270,229,11,218
114000271,226,29,197
114000283,1218,258,960
114000285,10,76,-66
114000288,70,165,-95
114000289,1272,145,1127
114000293,170,361,-191
114000294,186,174,12
114000395,1160,37,1123
114000396,512,521,-9
114000402,661,150,511
114000403,254,172,82
114000405,160,213,-53
114000423,370,187,183
114000424,330,83,247
114000425,790,131,659
114000426,206,676,-470
114000427,59,43,16
114000428,87,204,-117
114000429,10,99,-89
114000432,99,37,62
114000434,32,45,-13
114000435,0,79,-79
114900001,494,344,150
114900002,576,84,492
114900003,596,484,112
114900004,184,321,-137
114900005,452,304,148
114900006,71,41,30
114900007,340,34,306
114900008,180,103,77
114900010,944,1423,-479
114900011,160,95,65
114900013,196,100,96
114900018,857,53,804
114900020,130,55,75
114900022,35,311,-276
114900025,441,125,316
114900026,96,83,13
114900029,143,28,115
114900030,201,124,77
114900031,391,22,369
114900032,313,18,295
114900034,37,46,-9
114900035,95,179,-84
114900036,145,222,-77
114900039,455,214,241
114900040,62,54,8
114900041,870,182,688
114900042,996,193,803
114900044,147,26,121
114900047,166,2080,-1914
114900048,71,130,-59
114900049,26,74,-48
114900050,49,120,-71
114900051,15,119,-104
114900052,71,159,-88
114900053,91,220,-129
114900054,21,49,-28
114900057,187,23,164
114900058,0,43,-43
114900059,96,49,47
114900063,54,62,-8
114900064,1601,129,1472
114900065,447,489,-42
114900067,28,252,-224
114900068,36,75,-39
114900069,110,72,38
114900070,462,177,285
114900072,4,134,-130
114900073,0,92,-92
114900074,747,195,552
114900075,237,10,227
114900076,6,150,-144
114900080,830,177,653
114900082,1773,2122,-349
114900083,498,711,-213
114900090,353,182,171
114900091,61,96,-35
114900097,185,2,183
114900098,1,101,-100
114900099,196,4,192
115000001,3047,1735,1312
115000002,3467,4410,-943
115000003,3038,1276,1762
115000004,4368,5059,-691
115000005,1487,1317,170
115000006,1013,1164,-151
115000007,215,147,68
115000008,325,387,-62
115000009,212,173,39
115000010,207,136,71
115000013,18,138,-120
115000015,24,239,-215
115000016,30,189,-159
115000019,39,430,-391
115000020,83,714,-631
115000021,196,345,-149
115000022,385,220,165
115000023,225,493,-268
115000024,685,259,426
115000025,631,556,75
115000026,137,232,-95
115000027,215,204,11
115000028,122,473,-351
115000029,617,102,515
115000030,412,687,-275
115000031,984,170,814
115000032,3,177,-174
115000033,193,22,171
115000034,30,742,-712
115000035,805,44,761
115000036,0,209,-209
115000037,473,9,464
115000038,46,97,-51
115000039,2190,2337,-147
115000040,2420,1776,644
115000041,1528,3691,-2163
115000042,518,431,87
115000043,4020,2365,1655
115000044,3168,2319,849
115000045,2008,830,1178
115000046,2452,2350,102
115000047,2207,943,1264
115000048,1386,1173,213
115000049,1083,2081,-998
115000050,2588,1210,1378
115000051,1254,2700,-1446
115000052,1098,1112,-14
115000053,1661,1575,86
115000054,455,606,-151
115000055,179,794,-615
115000056,233,570,-337
115000057,525,948,-423
115000058,368,356,12
115000059,324,163,161
115000061,122,186,-64
115000062,171,240,-69
115000063,346,224,122
115000064,180,72,108
115000065,63,434,-371
115000067,202,14,188
115000069,106,181,-75
115000070,27,521,-494
115000071,46,8,38
115000072,14,35,-21
115000073,1226,47,1179
115000075,101,31,70
115000076,1859,1471,388
115000077,1600,1157,443
115000078,1238,742,496
115000079,1412,885,527
115000080,2305,1073,1232
115000081,348,494,-146
115000082,3649,2914,735
115000083,1533,869,664
115000084,2233,859,1374
115000085,868,499,369
115000086,1137,448,689
115000087,375,991,-616
115000088,1428,525,903
115000089,1032,743,289
115000090,304,597,-293
115000091,182,449,-267
115000092,684,385,299
115000093,612,4,608
115000094,3783,4983,-1200
115000095,2972,5469,-2497
115000096,807,668,139
115000097,1190,796,394
115000098,1286,472,814
115000099,2359,1320,1039
115000100,1060,261,799
115000101,494,768,-274
115000102,534,176,358
115000103,211,391,-180
115000105,40,89,-49
115000106,642,281,361
115000107,198,223,-25
115000108,1697,1471,226
115000109,2670,4118,-1448
115000110,977,1475,-498
115000111,401,802,-401
115000112,581,596,-15
115000113,427,453,-26
115000114,1075,420,655
115000116,1878,1454,424
115000117,1765,1907,-142
115000118,1479,1544,-65
115000119,1260,1694,-434
115000120,455,981,-526
115000121,799,583,216
115000122,754,994,-240
115000123,563,1485,-922
115000124,529,745,-216
115000125,345,530,-185
115000126,89,248,-159
115000127,280,94,186
115000128,264,717,-453
115000129,161,324,-163
115000130,339,264,75
115000131,762,242,520
115000132,253,209,44
115000133,469,169,300
115000134,262,225,37
115000135,209,107,102
115000136,242,218,24
115000137,75,103,-28
115000138,418,160,258
115000139,249,135,114
115000140,433,122,311
115000141,205,108,97
115000142,201,103,98
115000143,894,373,521
115000144,492,176,316
115000145,214,147,67
115000146,565,303,262
115000147,418,288,130
115000148,233,372,-139
115000149,586,182,404
115000150,394,370,24
115000151,901,347,554
115000152,452,361,91
115000153,969,389,580
115000154,761,201,560
115000155,453,536,-83
115000156,704,522,182
115000157,274,573,-299
115000158,189,263,-74
115000159,471,381,90
115000160,289,227,62
115000161,114,302,-188
115000162,409,639,-230
115000163,461,605,-144
115000164,510,564,-54
115000165,223,423,-200
115000167,99,56,43
115000168,320,267,53
115000169,328,394,-66
115000170,61,137,-76
115000171,248,235,13
115000172,462,536,-74
115000173,212,516,-304
115000174,48,248,-200
115000175,144,62,82
115000176,52,61,-9
115000177,51,68,-17
115000178,4,116,-112
115000179,25,24,1
115000180,90,233,-143
115000181,644,98,546
115000182,827,166,661
115000183,347,333,14
115000186,546,144,402
115000187,161,408,-247
115000188,330,379,-49
115000189,161,349,-188
115000190,534,343,191
115000191,82,360,-278
115000194,60,84,-24
115000195,145,277,-132
115000196,236,109,127
115000197,165,231,-66
115000198,374,66,308
115000199,270,142,128
115000200,331,51,280
115000201,135,162,-27
115000206,352,22,330
115000207,199,161,38
115000208,168,463,-295
115000209,498,249,249
115000210,126,97,29
115000211,182,205,-23
115000212,729,209,520
115000224,243,62,181
115000225,49,59,-10
115000229,131,66,65
115000230,97,300,-203
115000231,193,613,-420
115000232,1743,223,1520
115000233,91,110,-19
115000234,24,178,-154
115000241,109,104,5
115000242,98,115,-17
115000243,38,80,-42
115000244,22,110,-88
115000246,74,38,36
115000247,3,2,1
115000248,8,3,5
115000249,5,2,3
115000250,254,106,148
115000251,388,285,103
115000252,319,222,97
115000253,27,239,-212
115000258,237,234,3
115000259,240,66,174
115000261,3,2,1
115000262,20,19,1
115000263,10,46,-36
115000264,70,56,14
115000267,57,81,-24
115000268,37,83,-46
115000269,79,26,53
115000270,2,19,-17
115000272,86,96,-10
115000273,386,20,366
115000280,1858,158,1700
115000281,230,854,-624
115000282,414,445,-31
115000284,169,152,17
115000296,1091,9,1082
115000297,74,130,-56
115000298,29,502,-473
115000300,217,141,76
115000302,488,80,408
115000303,685,61,624
115000304,640,46,594
115000305,73,247,-174
115000306,114,128,-14
115000307,80,109,-29
115000308,29,14,15
115000310,1172,374,798
115000311,964,751,213
115000313,105,257,-152
115000314,348,202,146
115000315,569,676,-107
115000316,85,100,-15
115000317,141,270,-129
115000318,666,214,452
115000319,61,198,-137
115000320,6,304,-298
115000321,177,8,169
115000322,83,109,-26
115000449,109,119,-10
115000557,1,1150,-1149
115000558,349,122,227
115000587,495,219,276
115000588,1583,1734,-151
115000589,3193,1775,1418
115000590,899,1009,-110
115000591,1302,631,671
115000592,362,1205,-843
115000593,1150,538,612
115000594,354,2198,-1844
115000609,178,136,42
115000617,493,2080,-1587
115000624,251,29,222
115000633,237,1192,-955
115000634,2482,597,1885
115000635,618,128,490
115000638,239,316,-77
115000641,11,148,-137
115000642,253,225,28
115000643,113,298,-185
115000644,213,227,-14
115000646,674,1310,-636
115000647,130,368,-238
115000648,1904,999,905
115000893,1491,1092,399
115000894,102,698,-596
115000895,228,914,-686
115000896,934,368,566
115000897,389,141,248
115000898,279,230,49
115000899,277,1131,-854
115000900,42,339,-297
115000901,33,126,-93
115000912,376,76,300
115000913,2,5,-3
115000915,9,0,9
115000916,4,1,3
115000917,0,8,-8
115000918,23,395,-372
115000919,4,9,-5
115000920,7,73,-66
115000921,203,67,136
115000922,434,712,-278
115000923,157,1629,-1472
115000925,116,79,37
115000927,88,127,-39
115000933,110,380,-270
115000934,158,85,73
115000935,142,38,104
115000936,21,599,-578
115000937,619,180,439
115000938,56,251,-195
115000939,90,202,-112
115000940,5,12,-7
115000941,7,20,-13
115000942,2,126,-124
115000943,17,39,-22
115000944,1,4,-3
115900001,113,14,99
115900002,70,61,9
115900003,165,33,132
115900004,0,16,-16
115900005,174,7,167
115900006,90,94,-4
115900008,87,6,81
115900009,61,125,-64
115900010,308,73,235
115900011,392,126,266
115900012,211,20,191
115900013,222,106,116
115900014,119,75,44
115900015,148,16,132
115900016,85,18,67
115900017,32,13,19
115900018,142,32,110
115900019,58,13,45
115900020,109,1,108
115900021,529,192,337
115900022,626,6,620
115900023,13,20,-7
115900025,24,121,-97
115900026,562,69,493
115900027,0,119,-119
115900028,293,42,251
115900029,8,198,-190
115900030,30,17,13
115900031,118,249,-131
115900032,381,429,-48
115900033,1,30,-29
115900034,24,127,-103
115900035,29,27,2
115900036,32,1111,-1079
115900037,12,124,-112
115900038,49,30,19
115900039,114,77,37
115900041,178,556,-378
115900042,36,3,33
115900043,106,24,82
115900044,117,168,-51
115900046,337,124,213
115900047,112,127,-15
115900049,163,121,42
115900051,4,26,-22
115900052,17,118,-101
115900053,208,66,142
115900054,273,17,256
115900055,15,99,-84
115900056,139,108,31
115900057,25,18,7
115900058,30,29,1
115900060,61,61,0
115900061,236,2,234
115900062,42,119,-77
115900063,58,4,54
115900064,97,170,-73
115900065,139,37,102
115900066,90,42,48
115900067,11,194,-183
115900068,1368,938,430
115900069,70,109,-39
115900070,141,36,105
115900071,0,108,-108
115900072,12,56,-44
115900073,96,98,-2
115900074,6,148,-142
115900075,36,81,-45
115900076,0,44,-44
115900077,2,72,-70
115900078,73,80,-7
115900079,246,8,238
115900080,137,76,61
115900081,20,27,-7
115900082,77,109,-32
115900084,525,10,515
115900085,34,59,-25
115900086,640,312,328
115900088,4,75,-71
115900089,374,345,29
115900090,518,3,515
115900091,2,15,-13
115900092,23,72,-49
115900093,6,16,-10
115900094,4,86,-82
115900096,20,7,13
115900097,17,147,-130
115900098,216,180,36
115900099,37,34,3
115900100,9,220,-211
115900101,156,96,60
115900102,95,39,56
115900103,250,60,190
115900104,62,35,27
115900105,301,201,100
115900106,101,14,87
115900107,72,40,32
115900108,194,22,172
115900109,43,153,-110
115900110,3,5,-2
115900111,4,40,-36
115900112,32,335,-303
115900113,73,13,60
115900114,1,84,-83
115900115,65,90,-25
115900116,46,285,-239
115900117,82,9,73
115900118,1,104,-103
115900119,110,70,40
115900120,22,121,-99
115900121,193,73,120
115900124,242,588,-346
115900125,343,44,299
115900126,688,73,615
115900127,621,34,587
115900128,3,64,-61
115900129,480,47,433
115900130,12,207,-195
115900131,308,24,284
115900132,619,8,611
115900134,278,41,237
115900135,247,797,-550
115900137,37,2,35
115900139,32,55,-23
115900140,310,29,281
115900141,0,24,-24
115900142,2,29,-27
115900143,233,244,-11
115900144,122,111,11
115900146,6,32,-26
115900147,194,198,-4
115900148,102,1,101
115900149,121,23,98
115900150,97,14,83
115900151,7,78,-71
115900152,116,156,-40
115900153,98,102,-4
115900154,247,261,-14
115900155,0,16,-16
115900156,504,781,-277
115900157,208,352,-144
115900158,9,1,8
115900159,158,97,61
115900160,5,3,2
115900161,39,73,-34
115900163,200,93,107
115900164,558,16,542
115900166,98,90,8
115900168,131,60,71
115900171,59,200,-141
115900172,32,61,-29
115900173,182,52,130
115900174,163,144,19
115900175,123,115,8
115900178,5,251,-246
115900179,305,7,298
115900180,39,69,-30
115900181,163,75,88
115900182,459,81,378
115900183,26,33,-7
115900184,474,5,469
115900187,4,121,-117
115900189,1,177,-176
115900190,98,747,-649
115900191,33,107,-74
115900192,11,69,-58
115900193,218,71,147
115900194,614,44,570
115900195,315,1900,-1585
115900198,165,234,-69
115900199,255,104,151
115900200,200,152,48
115900201,287,320,-33
115900202,0,53,-53
115900203,4,30,-26
115900204,1,10,-9
115900205,46,18,28
115900206,211,88,123
115900207,53,5,48
115900208,105,28,77
115900209,6,87,-81
115900210,5,165,-160
115900211,0,65,-65
115900212,177,116,61
115900213,106,98,8
115900214,514,84,430
115900215,30,176,-146
115900216,1,77,-76
115900217,2,21,-19
115900218,2,35,-33
115900219,115,2,113
115900220,214,3,211
115900221,148,7,141
115900222,66,35,31
115900223,8,396,-388
115900224,410,1310,-900
115900225,33,39,-6
115900226,23,26,-3
115900227,21,25,-4
115900228,5,31,-26
115900229,5,26,-21
115900230,35,76,-41
115900231,112,2,110
115900232,68,1,67
115900233,73,11,62
115900234,53,24,29
115900235,20,17,3
115900236,18,40,-22
115900237,18,23,-5
115900238,36,6,30
115900239,21,13,8
115900240,11,25,-14
115900241,163,51,112
115900242,180,313,-133
115900243,10,3,7
115900244,14,7,7
115900245,54,1,53
115900246,11,10,1
115900247,15,8,7
115900248,10,0,10
115900249,5,4,1
115900250,20,9,11
115900251,3,3,0
115900252,4,1,3
115900253,2,21,-19
115900254,3,34,-31
115900255,0,19,-19
115900256,17,103,-86
115900257,3,10,-7
115900258,1,2,-1
115900259,20,1,19
115900260,6,1,5
115900261,7,1,6
115900262,3,0,3
115900263,31,0,31
115900264,8,1,7
115900265,4,2,2
115900266,2,10,-8
115900267,9,7,2
115900268,1,24,-23
115900269,450,146,304
115900270,242,128,114
115900271,150,1,149
115900272,39,4,35
115900273,4,21,-17
115900274,0,3,-3
115900275,0,5,-5
115900276,0,11,-11
115900277,0,45,-45
115900278,23,49,-26
115900279,19,157,-138
115900280,13,403,-390
115900281,178,296,-118
115900282,15,11,4
115900283,21,16,5
115900284,12,3,9
116000001,4875,2019,2856
116000002,3763,10806,-7043
116000003,862,1027,-165
116000004,2366,3698,-1332
116000005,973,2458,-1485
116000006,2181,2903,-722
116000007,1772,2188,-416
116000008,3768,2738,1030
116000009,884,1117,-233
116000010,2265,1336,929
116000011,623,1095,-472
116000012,1841,991,850
116000013,3853,2793,1060
116000014,6533,13515,-6982
116000015,91,1106,-1015
116000016,2878,3155,-277
116000017,15,616,-601
116000018,454,196,258
116000019,613,313,300
116000020,602,814,-212
116000021,483,245,238
116000022,295,256,39
116000023,1003,679,324
116000024,443,472,-29
116000025,689,686,3
116000026,1203,2278,-1075
116000027,434,606,-172
116000028,416,935,-519
116000029,328,531,-203
116000030,560,457,103
116000031,109,270,-161
116000032,287,87,200
116000033,334,330,4
116000034,623,633,-10
116000035,371,533,-162
116000036,657,1737,-1080
116000037,290,401,-111
116000038,163,620,-457
116000039,221,644,-423
116000040,380,559,-179
116000041,68,397,-329
116000042,658,324,334
116000043,69,453,-384
116000044,12,43,-31
116000045,1628,1284,344
116000046,837,1368,-531
116000047,1350,1871,-521
116000048,1778,1541,237
116000049,1278,3054,-1776
116000050,1316,986,330
116000051,4883,2840,2043
116000052,4637,4069,568
116000053,1906,584,1322
116000054,822,2159,-1337
116000055,660,698,-38
116000056,1040,1132,-92
116000057,2174,1211,963
116000058,2566,2588,-22
116000059,1797,3724,-1927
116000060,1244,776,468
116000061,493,1062,-569
116000062,365,202,163
116000063,483,1263,-780
116000066,237,470,-233
116000067,178,334,-156
116000068,156,282,-126
116000069,231,186,45
116000078,478,761,-283
116000080,1533,573,960
116000082,11,21,-10
116000083,1636,381,1255
116000084,1131,1721,-590
116000085,1833,1770,63
116000086,1042,572,470
116000087,2339,1649,690
116000088,659,520,139
116000089,176,69,107
116000090,103,137,-34
116000091,245,300,-55
116000093,594,235,359
116000094,569,351,218
116000095,804,390,414
116000096,791,1173,-382
116000097,891,357,534
116000098,67,5613,-5546
116000099,2973,229,2744
116000100,165,15,150
116000101,891,276,615
116000102,219,515,-296
116000103,433,226,207
116000104,155,613,-458
116000105,968,110,858
116000106,468,487,-19
116000107,2448,233,2215
116000108,128,199,-71
116000111,102,29,73
116000113,175,99,76
116000114,37,73,-36
116000115,356,106,250
116000116,191,177,14
116000117,1325,1049,276
116000118,1127,694,433
116000119,2896,1319,1577
116000120,2398,2029,369
116000121,778,481,297
116000122,881,716,165
116000123,1222,377,845
116000124,297,447,-150
116000125,2940,624,2316
116000126,325,786,-461
116000127,668,637,31
116000128,1848,740,1108
116000129,1224,165,1059
116000130,679,498,181
116000133,1130,600,530
116000134,1316,881,435
116000135,2560,1075,1485
116000136,765,1057,-292
116000137,1083,595,488
116000138,745,598,147
116000139,1362,1891,-529
116000140,118,148,-30
116000141,355,285,70
116000142,2261,1701,560
116000143,1660,1595,65
116000144,1250,1088,162
116000145,1805,788,1017
116000146,762,77,685
116000147,169,125,44
116000148,615,606,9
116000149,572,542,30
116000151,477,312,165
116000153,104,230,-126
116000155,129,180,-51
116000156,444,478,-34
116000157,99,13,86
116000158,334,215,119
116000159,24,11,13
116000160,15,37,-22
116000161,2,67,-65
116000162,44,159,-115
116000163,32,7,25
116000164,1,28,-27
116000177,106,164,-58
116000194,81,311,-230
116000195,1083,531,552
116000196,24,3,21
116000197,14,15,-1
116000198,1727,813,914
116000200,511,571,-60
116000201,560,495,65
116000202,6,115,-109
116000203,3,54,-51
116000204,16,29,-13
116000205,0,109,-109
116000206,9,225,-216
116000207,10,76,-66
116000233,150,247,-97
116000287,169,207,-38
116000288,323,131,192
116000292,41,59,-18
116000296,16,143,-127
116000297,172,11,161
116000304,120,19,101
116000305,43,61,-18
116000346,169,46,123
116000352,86,34,52
116000354,27,6,21
116000357,10,11,-1
116000358,290,42,248
116000361,144,2,142
116000372,2477,4812,-2335
116000381,89,1,88
116000388,2,32,-30
116000389,515,369,146
116000445,540,230,310
116000446,549,229,320
116000447,31,460,-429
116000448,423,119,304
116000563,496,760,-264
116000565,25,161,-136
116000568,32,185,-153
116000579,12,81,-69
116000583,100,40,60
116000584,40,8,32
116000585,36,27,9
116000586,27,80,-53
116000587,440,466,-26
116000589,28,30,-2
116000590,58,48,10
116000591,302,169,133
116000592,8,38,-30
116000593,1,9,-8
116000594,610,192,418
116000595,600,63,537
116000596,133,5,128
116000597,386,113,273
116000598,6,73,-67
116000605,107,100,7
116000606,48,221,-173
116000607,3,39,-36
116000609,83,842,-759
116000611,175,217,-42
116000612,982,1730,-748
116000613,734,282,452
116000614,323,245,78
116000615,3,328,-325
116000616,84,43,41
116000617,131,7,124
116000618,5,19,-14
116000619,27,42,-15
116000620,214,373,-159
116000621,85,70,15
116000622,47,89,-42
116000624,303,85,218
116000627,142,19,123
116000628,62,142,-80
116000629,28,110,-82
116000630,309,22,287
116000631,157,22,135
116000632,867,28,839
116000633,191,134,57
116000634,317,59,258
116000635,1664,2319,-655
116000636,507,1298,-791
116000637,442,35,407
116000638,130,162,-32
116000639,119,1,118
116000640,43,14,29
116000641,16,43,-27
116000643,0,74,-74
116000644,30,131,-101
116000645,22,2,20
116900001,256,129,127
116900002,184,0,184
116900003,40,24,16
116900004,42,44,-2
116900005,323,51,272
116900006,62,162,-100
116900007,152,179,-27
116900008,405,112,293
116900009,4,4,0
116900010,354,458,-104
116900011,4,19,-15
116900012,266,208,58
116900013,1,54,-53
116900014,199,75,124
116900015,514,26,488
116900016,269,7,262
116900017,1,240,-239
116900018,69,41,28
116900019,1,103,-102
116900020,395,1192,-797
116900023,122,11,111
116900024,617,27,590
116900025,1115,388,727
116900026,46,317,-271
116900027,30,28,2
116900028,1,36,-35
116900029,1,49,-48
116900031,0,3,-3
116900032,1,167,-166
116900033,27,2,25
116900034,6,28,-22
116900035,150,95,55
116900036,9,60,-51
116900038,45,3,42
116900041,32,8,24
116900042,215,169,46
116900043,18,40,-22
116900047,17,166,-149
116900049,26,164,-138
116900050,89,240,-151
116900051,185,40,145
116900052,97,47,50
116900055,0,11,-11
116900057,32,92,-60
116900058,19,206,-187
116900059,5,57,-52
116900060,155,192,-37
116900062,1,8,-7
116900064,105,200,-95
116900065,15,67,-52
116900067,65,32,33
116900068,105,126,-21
116900070,5,4,1
116900072,24,143,-119
116900073,11,32,-21
116900074,3,22,-19
116900076,5,58,-53
116900077,11,53,-42
116900078,126,47,79
116900079,64,94,-30
116900080,1,12,-11
116900081,222,672,-450
116900082,291,729,-438
116900083,18,24,-6
116900084,50,32,18
116900085,23,97,-74
116900086,37,107,-70
116900088,247,40,207
116900090,58,29,29
116900091,313,8,305
116900092,91,368,-277
116900093,1748,1106,642
116900094,2226,3433,-1207
116900095,115,126,-11
116900096,63,324,-261
116900097,1369,2942,-1573
116900098,516,364,152
116900099,291,513,-222
116900100,821,38,783
116900101,164,372,-208
116900103,4,0,4
116900104,48,57,-9
116900105,268,104,164
116900106,1578,46,1532
116900107,1392,2161,-769
116900110,23,5,18
116900111,698,230,468
116900112,268,356,-88
116900113,656,1338,-682
116900116,41,850,-809
116900117,188,134,54
116900118,600,697,-97
116900120,417,30,387
116900121,147,15,132
116900122,1009,276,733
116900123,267,310,-43
116900124,135,529,-394
116900125,428,103,325
116900126,67,430,-363
116900128,1,46,-45
116900129,1,184,-183
116900130,421,2803,-2382
116900131,58,168,-110
116900132,42,70,-28
116900133,106,62,44
116900134,150,146,4
116900136,243,268,-25
116900137,227,73,154
116900138,140,67,73
116900139,96,257,-161
116900140,135,76,59
116900141,564,209,355
116900142,2,69,-67
116900143,270,175,95
116900144,39,80,-41
116900145,50,151,-101
116900147,207,1042,-835
116900148,2,32,-30
116900149,54,225,-171
116900150,8,11,-3
116900151,55,23,32
116900153,85,50,35
116900154,149,427,-278
116900155,52,56,-4
116900157,514,91,423
116900158,72,220,-148
116900159,49,343,-294
116900160,680,842,-162
116900161,3200,6524,-3324
116900162,9,51,-42
116900163,243,48,195
116900164,56,72,-16
116900165,278,302,-24
116900166,47,31,16
116900167,415,22,393
116900168,388,39,349
116900169,237,908,-671
116900170,440,561,-121
116900171,30,49,-19
116900172,73,390,-317
116900173,191,21,170
116900174,48,60,-12
116900175,166,291,-125
116900178,37,57,-20
116900179,66,370,-304
116900180,71,13,58
116900182,655,203,452
116900183,159,61,98
116900185,43,55,-12
116900186,49,93,-44
116900187,63,37,26
116900188,90,25,65
116900189,26,0,26
116900191,261,416,-155
116900192,356,70,286
116900194,97,1578,-1481
116900195,56,25,31
116900196,14,40,-26
116900197,103,9,94
116900198,50,248,-198
116900200,99,9,90
116900201,100,11,89
116900202,48,14,34
116900203,119,5,114
116900204,64,115,-51
116900206,20,11,9
116900207,19,17,2
116900208,25,40,-15
116900209,21,40,-19
116900210,503,242,261
116900211,226,2,224
116900212,107,21,86
116900213,152,57,95
116900214,164,95,69
116900215,46,35,11
116900216,218,107,111
116900218,3,125,-122
116900219,780,186,594
116900220,145,130,15
116900221,111,205,-94
116900222,404,282,122
116900223,113,223,-110
116900226,83,29,54
116900227,211,32,179
116900228,300,97,203
116900230,69,130,-61
116900231,25,156,-131
116900232,21,188,-167
116900233,304,80,224
116900234,22,4,18
116900235,484,182,302
116900238,986,210,776
116900239,8,816,-808
116900240,2592,2813,-221
116900241,135,39,96
116900242,402,673,-271
116900243,0,16,-16
116900245,29,41,-12
116900246,119,16,103
116900247,824,33,791
116900248,87,42,45
116900249,405,31,374
116900250,314,27,287
116900251,291,574,-283
116900252,114,329,-215
116900254,20,59,-39
116900255,119,77,42
116900256,349,128,221
116900257,35,283,-248
116900258,0,57,-57
116900259,265,5,260
116900260,1,40,-39
116900261,76,0,76
116900262,183,88,95
116900263,0,15,-15
116900264,76,40,36
116900265,33,0,33
116900266,22,13,9
116900267,3,0,3
116900268,136,106,30
116900269,309,645,-336
116900271,421,258,163
116900272,238,203,35
116900273,31,150,-119
116900274,169,51,118
116900275,140,43,97
116900276,291,153,138
116900277,241,19,222
116900278,4,7,-3
116900279,0,14,-14
116900280,30,16,14
116900281,2532,4358,-1826
116900282,13,30,-17
116900283,8,42,-34
116900284,3,107,-104
116900285,107,160,-53
116900286,98,15,83
116900287,5,8,-3
116900288,88,65,23
116900289,15,6,9
116900290,43,18,25
116900291,21,7,14
116900292,0,15,-15
116900293,54,8,46
116900294,8,79,-71
116900295,82,115,-33
116900296,38,149,-111
116900297,5,84,-79
116900298,59,171,-112
116900299,9,84,-75
116900300,1,82,-81
116900301,21,252,-231
116900302,44,161,-117
116900303,89,97,-8
116900304,1,132,-131
116900305,7,24,-17
116900306,213,33,180
116900307,98,1,97
116900308,1,38,-37
116900309,95,22,73
116900310,27,57,-30
117000001,2087,1657,430
117000002,1746,3104,-1358
117000003,4962,2668,2294
117000004,2173,3456,-1283
117000005,2455,1814,641
117000006,928,1858,-930
117000007,4625,910,3715
117000008,781,1986,-1205
117000009,3897,1496,2401
117000010,1555,2193,-638
117000011,2272,1143,1129
117000012,1181,932,249
117000013,1794,703,1091
117000014,1183,1971,-788
117000015,2031,1185,846
117000016,145,202,-57
117000017,143,242,-99
117000018,37,606,-569
117000019,43,34,9
117000020,293,1346,-1053
117000021,895,584,311
117000022,159,211,-52
117000023,51,372,-321
117000024,74,424,-350
117000025,233,1445,-1212
117000026,1311,1863,-552
117000027,709,3412,-2703
117000028,857,2134,-1277
117000030,243,341,-98
117000031,350,294,56
117000032,1000,1000,0
117000033,1238,624,614
117000034,357,247,110
117000035,395,362,33
117000036,385,233,152
117000037,309,231,78
117000038,145,406,-261
117000039,330,180,150
117000040,179,432,-253
117000041,980,94,886
117000044,28,443,-415
117000045,538,80,458
117000046,314,624,-310
117000047,872,553,319
117000048,1255,577,678
117000049,71,396,-325
117000050,136,1172,-1036
117000051,2372,41,2331
117000052,43,287,-244
117000053,559,38,521
117000054,1594,9,1585
117000055,34,1292,-1258
117000056,552,22,530
117000057,457,1432,-975
117000060,365,851,-486
117000061,1806,801,1005
117000062,177,457,-280
117000063,1757,957,800
117000064,373,483,-110
117000066,371,588,-217
117000067,91,512,-421
117000074,46,141,-95
117000076,74,37,37
117000077,105,146,-41
117000078,83,354,-271
117000079,372,197,175
117000080,3,208,-205
117000081,894,105,789
117000082,19,58,-39
117000083,780,229,551
117000084,138,0,138
117000085,338,726,-388
117000086,670,279,391
117000087,81,444,-363
117000088,331,108,223
117000089,1581,167,1414
117000090,220,772,-552
117000091,958,216,742
117000092,388,667,-279
117000093,1319,582,737
117000094,986,1473,-487
117000095,3425,624,2801
117000096,598,1363,-765
117000097,1578,773,805
117000098,1582,2213,-631
117000099,3937,888,3049
117000100,211,257,-46
117000101,107,599,-492
117000102,2050,623,1427
117000103,529,877,-348
117000104,1520,637,883
117000105,633,901,-268
117000106,1425,545,880
117000107,448,1046,-598
117000108,1883,773,1110
117000109,910,1363,-453
117000110,1686,1180,506
117000111,3022,3067,-45
117000112,3008,1164,1844
117000113,94,103,-9
117000114,234,164,70
117000115,101,41,60
117000116,153,181,-28
117000117,993,834,159
117000118,241,135,106
117000119,109,343,-234
117000120,68,853,-785
117000121,18,833,-815
117000122,336,738,-402
117000123,1478,21,1457
117000124,122,124,-2
117000125,84,361,-277
117000126,61,14,47
117000127,119,242,-123
117000128,115,650,-535
117000129,248,1137,-889
117000130,110,0,110
117000131,0,62,-62
117000132,2736,69,2667
117000133,1920,51,1869
117000134,1,72,-71
117000135,4,82,-78
117000136,0,15,-15
117000137,189,148,41
117000138,1,463,-462
117000140,374,906,-532
117000141,1833,438,1395
117000181,239,152,87
117000182,807,720,87
117000195,109,447,-338
117000196,256,134,122
117000225,83,71,12
117000226,6,149,-143
117000276,329,20,309
117000277,0,163,-163
117000310,1080,2092,-1012
117000315,104,395,-291
117000320,70,0,70
117000906,378,17,361
117000907,10,140,-130
117000909,48,34,14
117000910,275,126,149
117000911,77,119,-42
117000915,4,208,-204
117000916,43,1,42
117000917,1211,55,1156
117000918,98,81,17
117000919,25,38,-13
117000920,1,665,-664
117000921,2,533,-531
117000922,34,52,-18
117000924,469,554,-85
117000926,385,126,259
117000927,337,699,-362
117000928,0,69,-69
117000929,267,227,40
117000930,392,14,378
117000931,74,92,-18
117900002,64,383,-319
117900003,247,230,17
117900005,3,107,-104
117900006,0,33,-33
117900007,105,59,46
117900008,0,13,-13
117900010,270,44,226
117900011,13,223,-210
117900012,54,56,-2
117900013,1,192,-191
117900014,566,120,446
117900015,16,78,-62
117900016,654,645,9
117900017,669,409,260
117900018,169,345,-176
117900019,575,227,348
117900020,47,439,-392
117900021,40,31,9
117900023,1080,65,1015
117900024,39,53,-14
117900025,38,9,29
117900026,382,115,267
117900028,45,7,38
117900029,237,297,-60
117900031,97,214,-117
117900032,917,520,397
117900033,321,361,-40
117900034,67,20,47
117900035,258,104,154
117900036,213,237,-24
117900037,172,55,117
117900038,33,82,-49
117900039,0,26,-26
117900040,146,148,-2
117900041,1,29,-28
117900042,2247,182,2065
117900043,13,31,-18
117900044,20,3226,-3206
117900045,199,114,85
117900048,380,123,257
117900049,286,266,20
117900050,6,201,-195
117900051,16,7,9
117900052,59,329,-270
117900053,1588,246,1342
117900054,2,27,-25
117900055,499,113,386
117900056,35,77,-42
117900057,757,993,-236
117900058,55,50,5
117900059,99,74,25
117900060,2513,2427,86
117900061,23,249,-226
117900063,348,146,202
117900065,463,736,-273
117900066,7,80,-73
117900067,624,107,517
117900069,856,136,720
117900070,77,135,-58
117900071,93,102,-9
117900073,576,136,440
117900074,41,176,-135
117900075,50,31,19
117900076,43,77,-34
117900077,453,104,349
117900078,293,711,-418
117900080,126,27,99
117900081,247,220,27
117900082,506,325,181
117900083,429,223,206
117900086,163,22,141
117900087,132,37,95
117900088,1635,1118,517
117900089,2160,578,1582
117900090,534,258,276
117900091,107,77,30
117900092,59,22,37
117900093,120,23,97
117900094,41,45,-4
117900095,346,817,-471
117900096,128,199,-71
117900097,352,26,326
117900098,29,13,16
117900099,152,320,-168
117900100,324,3,321
117900101,517,1910,-1393
117900102,84,14,70
117900103,44,4,40
117900104,9,278,-269
117900105,65,111,-46
117900106,130,41,89
117900107,44,0,44
117900109,680,312,368
117900110,112,0,112
117900111,442,26,416
117900112,31,7,24
117900113,1103,1517,-414
117900114,30,1,29
117900115,70,137,-67
117900116,499,475,24
117900117,582,157,425
117900118,131,0,131
117900119,215,40,175
117900120,243,15,228
117900121,81,15,66
117900122,772,4083,-3311
117900123,600,265,335
117900124,449,401,48
117900125,1280,1618,-338
117900126,137,298,-161
117900127,453,176,277
117900128,334,225,109
117900129,70,0,70
117900130,515,327,188
117900131,1,40,-39
117900132,37,46,-9
117900133,16,48,-32
117900134,35,271,-236
117900135,22,87,-65
117900136,0,26,-26
117900137,16,162,-146
117900138,0,17,-17
117900139,119,66,53
117900140,3076,201,2875
117900141,92,104,-12
117900142,47,160,-113
117900144,35,462,-427
117900145,18,130,-112
117900146,110,137,-27
117900147,55,38,17
117900148,1793,1623,170
117900149,106,113,-7
117900150,45,34,11
117900151,35,62,-27
117900152,52,69,-17
117900153,8,111,-103
117900154,414,383,31
117900156,445,428,17
117900157,47,406,-359
117900158,222,111,111
117900160,663,697,-34
117900161,1357,1034,323
117900162,523,330,193
117900163,26,340,-314
117900165,1,15,-14
117900166,61,438,-377
117900168,91,143,-52
117900169,0,108,-108
117900170,1,17,-16
117900171,0,25,-25
117900172,14,7,7
117900173,64,78,-14
117900174,21,32,-11
117900175,13,15,-2
117900176,11,12,-1
117900177,23,23,0
117900178,71,20,51
117900180,186,35,151
117900181,28,428,-400
117900182,0,39,-39
117900183,96,156,-60
117900184,20,32,-12
117900185,60,42,18
117900186,67,10,57
117900187,21,3,18
117900188,179,29,150
117900189,68,40,28
117900190,42,3,39
117900191,62,1,61
117900192,202,0,202
117900193,18,62,-44
117900194,8,8,0
117900195,35,57,-22
117900196,23,20,3
117900207,97,108,-11
117900208,20,19,1
117900209,121,90,31
117900210,86,133,-47
117900211,5,69,-64
117900212,114,107,7
117900213,20,10,10
117900214,7,10,-3
117900215,51,54,-3
117900216,40,25,15
117900217,31,231,-200
117900218,84,119,-35
117900219,6,136,-130
117900220,47,149,-102
117900222,136,143,-7
117900223,114,263,-149
118000001,546,1040,-494
118000002,372,961,-589
118000003,1816,3082,-1266
118000004,1556,2054,-498
118000005,2058,3605,-1547
118000006,2073,5419,-3346
118000007,3196,3721,-525
118000008,1411,2697,-1286
118000009,1331,2080,-749
118000010,4632,2736,1896
118000011,1450,983,467
118000012,702,1022,-320
118000013,1467,1335,132
118000014,1443,1145,298
118000016,237,219,18
118000017,521,287,234
118000018,273,222,51
118000019,1302,1612,-310
118000020,608,2262,-1654
118000021,440,2185,-1745
118000022,840,522,318
118000023,503,233,270
118000024,549,694,-145
118000027,6126,7991,-1865
118000029,337,709,-372
118000032,312,2589,-2277
118000033,1902,4551,-2649
118000034,2649,2281,368
118000035,1664,2315,-651
118000036,623,940,-317
118000037,502,805,-303
118000038,182,61,121
118000039,78,75,3
118000040,1350,1005,345
118000041,2182,1031,1151
118000045,191,162,29
118000046,624,608,16
118000047,453,1105,-652
118000048,1123,1793,-670
118000051,1331,2184,-853
118000052,866,1144,-278
118000053,135,279,-144
118000054,1302,580,722
118000055,1133,979,154
118000056,218,309,-91
118000057,193,346,-153
118000058,1374,2203,-829
118000059,1156,1688,-532
118000060,1171,465,706
118000061,1192,824,368
118000062,383,204,179
118000063,312,680,-368
118000064,521,999,-478
118000065,1366,999,367
118000066,897,1941,-1044
118000067,377,549,-172
118000068,801,4880,-4079
118000069,1246,859,387
118000070,3014,1341,1673
118000071,1683,5649,-3966
118000072,566,1506,-940
118000073,499,643,-144
118000074,396,408,-12
118000075,531,220,311
118000076,1053,2816,-1763
118000077,976,1156,-180
118000078,1447,2213,-766
118000079,184,345,-161
118000080,615,722,-107
118000081,1283,1315,-32
118000082,232,966,-734
118000083,929,1459,-530
118000084,1825,1461,364
118000086,171,444,-273
118000087,2642,1863,779
118000088,966,1274,-308
118000089,2632,1949,683
118000090,899,2062,-1163
118000091,650,2488,-1838
118000092,621,364,257
118000093,55,536,-481
118000096,394,584,-190
118000097,625,699,-74
118000098,214,149,65
118000099,768,435,333
118000101,983,293,690
118000102,454,587,-133
118000107,815,320,495
118000108,343,2399,-2056
118000110,1,28,-27
118000111,1,101,-100
118000112,677,6,671
118000113,6,172,-166
118000114,412,8,404
118000115,0,5,-5
118000116,23,0,23
118000117,609,532,77
118000118,656,1148,-492
118000119,748,1046,-298
118000120,1055,754,301
118000121,38,733,-695
118000122,735,290,445
118000123,60,292,-232
118000125,943,643,300
118000126,403,1367,-964
118000127,1035,631,404
118000128,318,988,-670
118000129,930,419,511
118000130,1315,1708,-393
118000131,174,395,-221
118000132,2586,2029,557
118000133,1138,465,673
118000135,410,445,-35
118000136,140,496,-356
118000137,385,53,332
118000138,349,219,130
118000139,412,49,363
118000140,2275,4931,-2656
118000141,1931,1204,727
118000142,1632,1117,515
118000143,2175,1094,1081
118000144,886,432,454
118000145,1455,864,591
118000146,1212,410,802
118000147,957,868,89
118000148,520,772,-252
118000149,1136,645,491
118000150,415,204,211
118000151,574,277,297
118000153,1308,845,463
118000154,1405,1229,176
118000155,1482,1029,453
118000156,1341,1930,-589
118000157,457,237,220
118000158,252,320,-68
118000159,36,74,-38
118000160,453,342,111
118000161,591,426,165
118000162,1335,851,484
118000163,840,691,149
118000164,1529,1172,357
118000168,367,462,-95
118000169,764,656,108
118000170,2151,1991,160
118000171,380,299,81
118000172,135,143,-8
118000173,1017,1001,16
118000175,273,376,-103
118000176,279,566,-287
118000177,296,597,-301
118000178,28,32,-4
118000179,770,1230,-460
118000180,656,583,73
118000181,621,259,362
118000182,244,232,12
118000183,245,304,-59
118000184,924,496,428
118000185,803,1345,-542
118000186,657,1114,-457
118000187,1574,443,1131
118000188,406,74,332
118000189,662,229,433
118000190,6,4,2
118000191,23,9,14
118000192,34,148,-114
118000193,15,192,-177
118000194,864,586,278
118000195,239,1376,-1137
118000196,114,217,-103
118000197,59,118,-59
118000198,300,661,-361
118000199,200,341,-141
118000200,50,181,-131
118000201,208,598,-390
118000202,24,41,-17
118000203,309,681,-372
118000204,43,295,-252
118000205,56,202,-146
118000206,163,188,-25
118000207,0,35,-35
118000208,1059,970,89
118000209,1955,896,1059
118000210,61,59,2
118000211,39,27,12
118000213,567,2079,-1512
118000214,212,476,-264
118000215,276,73,203
118000216,1965,764,1201
118000217,18,67,-49
118000218,73,52,21
118000219,205,161,44
118000220,2,23,-21
118000221,240,232,8
118000222,53,6,47
118000223,43,32,11
118000224,71,57,14
118000225,81,429,-348
118000226,724,165,559
118000227,467,253,214
118000228,38,174,-136
118000229,40,108,-68
118000230,97,118,-21
118000231,47,151,-104
118000232,776,319,457
118000233,1089,455,634
118000234,362,79,283
118000236,210,186,24
118000237,115,147,-32
118000238,258,79,179
118000239,298,177,121
118000240,126,83,43
118000241,182,69,113
118000242,314,200,114
118000243,256,113,143
118000244,58,47,11
118000246,0,26,-26
118000255,62,212,-150
118000256,154,173,-19
118000259,7,40,-33
118000260,138,57,81
118000261,22,14,8
118000263,42,77,-35
118000266,108,104,4
118000267,0,124,-124
118000268,177,26,151
118000270,72,4,68
118000271,182,114,68
118000272,91,10,81
118000273,193,49,144
118000274,73,178,-105
118000276,425,153,272
118000295,16,98,-82
118000298,149,165,-16
118000299,49,98,-49
118000301,0,109,-109
118000302,119,30,89
118000311,635,49,586
118000312,256,111,145
118000313,43,48,-5
118000314,107,15,92
118000315,29,19,10
118000316,645,342,303
118000325,35,18,17
118000326,30,18,12
118000331,28,13,15
118000332,10,13,-3
118000333,13,26,-13
118000335,302,0,302
118000336,0,120,-120
118000407,175,36,139
118000457,6,44,-38
118000465,817,2735,-1918
118000480,37,23,14
118000489,8,337,-329
118000490,16,116,-100
118000492,331,128,203
118000510,27,15,12
118000514,57,259,-202
118000515,460,609,-149
118000517,174,106,68
118000524,141,315,-174
118000525,443,471,-28
118000530,5,94,-89
118000531,361,184,177
118000532,232,179,53
118000533,285,111,174
118000534,493,256,237
118000535,266,103,163
118000536,72,651,-579
118000537,11,89,-78
118000538,56,40,16
118000539,13,63,-50
118000540,147,68,79
118000541,112,44,68
118000542,83,167,-84
118000543,98,158,-60
118000546,41,12,29
118000553,0,2,-2
118000560,887,1844,-957
118000562,24,69,-45
118000563,957,785,172
118000576,279,71,208
118000577,169,144,25
118000578,149,61,88
118000579,449,1070,-621
118000583,0,0,0
118000595,194,116,78
118000596,0,174,-174
118000597,158,133,25
118000598,3,0,3
118000599,47,28,19
118000600,4,5,-1
118000601,4,0,4
118000602,0,10,-10
118000603,1,14,-13
118000605,30,106,-76
118000606,20,17,3
118900001,253,1047,-794
118900002,611,806,-195
118900003,321,12,309
118900004,39,14,25
118900005,86,6,80
118900006,128,0,128
118900007,6,0,6
118900008,916,33,883
118900009,65,48,17
118900010,33,5,28
118900011,128,21,107
118900012,298,140,158
118900013,461,153,308
118900015,171,35,136
118900016,7,2,5
118900017,106,212,-106
118900018,689,33,656
118900019,20,9,11
118900020,83,171,-88
118900021,122,228,-106
118900022,122,73,49
118900023,68,65,3
118900024,59,101,-42
118900025,29,22,7
118900026,53,29,24
118900027,257,106,151
118900028,152,74,78
118900029,273,385,-112
118900030,390,51,339
118900031,144,38,106
118900032,244,86,158
118900033,255,415,-160
118900034,113,14,99
118900035,108,53,55
118900036,1167,403,764
118900037,216,310,-94
118900038,364,80,284
118900039,454,102,352
118900040,176,130,46
118900041,522,122,400
118900042,178,43,135
118900045,274,131,143
118900046,482,301,181
118900047,256,221,35
118900048,88,239,-151
118900049,64,41,23
118900050,35,15,20
118900051,56,118,-62
118900052,172,248,-76
118900053,27,105,-78
118900054,119,27,92
118900055,127,49,78
118900056,21,186,-165
118900057,586,408,178
118900058,292,219,73
118900059,16,57,-41
118900060,66,79,-13
118900062,448,110,338
118900064,132,454,-322
118900065,43,86,-43
118900066,83,65,18
118900067,1932,3289,-1357
118900068,8,107,-99
118900069,512,138,374
118900071,6,28,-22
118900072,411,228,183
118900073,156,87,69
118900074,140,40,100
118900075,63,12,51
118900076,130,107,23
118900077,204,151,53
118900078,15,1,14
118900079,25,84,-59
118900080,28,64,-36
118900081,53,33,20
118900082,1115,120,995
118900083,18,3,15
118900084,11,15,-4
118900085,589,404,185
118900086,23,81,-58
118900087,43,248,-205
118900088,2,3,-1
118900089,19,21,-2
118900090,543,192,351
118900091,94,158,-64
118900092,140,35,105
118900093,53,13,40
118900096,53,101,-48
118900097,229,242,-13
118900099,69,134,-65
118900100,68,81,-13
118900101,98,130,-32
118900102,29,46,-17
118900103,16,68,-52
118900104,207,74,133
118900105,121,47,74
118900107,65,37,28
118900108,88,52,36
118900110,747,608,139
118900111,504,229,275
118900112,63,118,-55
118900113,104,202,-98
118900114,8,62,-54
118900115,53,264,-211
118900116,119,188,-69
118900117,118,154,-36
118900118,213,176,37
118900119,169,159,10
118900120,104,273,-169
118900121,8,44,-36
118900122,5,905,-900
118900123,112,141,-29
118900124,82,104,-22
118900126,14,313,-299
118900129,224,128,96
118900130,45,175,-130
118900131,258,108,150
118900132,195,142,53
118900133,7,68,-61
118900135,151,115,36
118900136,200,272,-72
118900137,12,46,-34
118900139,220,111,109
118900140,388,329,59
118900141,48,36,12
118900144,167,181,-14
118900145,15,44,-29
118900146,264,411,-147
118900147,107,196,-89
118900148,53,33,20
118900150,155,389,-234
118900152,504,383,121
118900157,31,139,-108
118900158,124,23,101
118900159,5,90,-85
118900161,54,12,42
118900163,48,52,-4
118900164,1,31,-30
118900165,54,39,15
118900166,53,2,51
118900167,51,51,0
118900168,10,152,-142
118900169,100,100,0
118900170,125,34,91
118900171,10,39,-29
118900174,68,28,40
118900175,377,340,37
118900176,199,228,-29
118900177,70,42,28
118900178,30,109,-79
118900179,3,9,-6
118900181,69,33,36
118900182,43,29,14
118900183,25,77,-52
118900184,216,59,157
118900185,169,40,129
118900186,62,124,-62
118900187,143,221,-78
118900188,248,189,59
118900189,39,812,-773
118900190,22,156,-134
118900191,208,26,182
118900192,223,5,218
118900193,652,6,646
118900195,130,317,-187
118900196,42,126,-84
118900197,160,13,147
118900198,51,10,41
118900199,74,30,44
118900200,14,24,-10
118900201,24,32,-8
118900202,4,26,-22
118900203,13,5,8
118900204,8,6,2
118900205,2,1,1
118900206,1,8,-7
119000001,1211,1765,-554
119000002,3204,2944,260
119000003,2693,618,2075
119000004,2009,980,1029
119000005,1523,1600,-77
119000006,3133,1248,1885
119000007,2947,2698,249
119000008,1458,1130,328
119000009,2442,4656,-2214
119000010,3618,3105,513
119000011,2052,2099,-47
119000012,1077,2312,-1235
119000013,2472,1494,978
119000014,1123,1683,-560
119000019,222,91,131
119000020,2313,1209,1104
119000021,4195,2402,1793
119000022,982,2345,-1363
119000023,205,190,15
119000024,1276,10810,-9534
119000025,2584,653,1931
119000026,51,365,-314
119000027,153,266,-113
119000028,1189,453,736
119000029,57,194,-137
119000030,476,619,-143
119000031,822,470,352
119000032,1457,1544,-87
119000033,1899,898,1001
119000034,909,498,411
119000035,32,180,-148
119000036,1885,486,1399
119000037,1213,773,440
119000038,179,353,-174
119000039,411,192,219
119000040,546,486,60
119000041,413,924,-511
119000048,1837,1358,479
119000049,1880,1054,826
119000050,1034,1038,-4
119000051,1621,736,885
119000052,1614,1921,-307
119000053,1377,786,591
119000054,2667,1623,1044
119000055,4399,2063,2336
119000056,2565,1328,1237
119000057,1410,992,418
119000058,1443,968,475
119000059,951,837,114
119000060,1290,773,517
119000061,897,481,416
119000062,836,915,-79
119000063,593,404,189
119000064,701,684,17
119000065,1437,2282,-845
119000066,1713,1028,685
119000067,1580,1201,379
119000068,1423,830,593
119000069,1432,1300,132
119000070,2386,543,1843
119000071,351,484,-133
119000072,3441,2222,1219
119000073,2865,5839,-2974
119000074,1184,1262,-78
119000075,2930,1491,1439
119000076,209,974,-765
119000077,440,497,-57
119000078,349,219,130
119000079,185,518,-333
119000080,566,126,440
119000081,160,281,-121
119000082,687,170,517
119000083,488,307,181
119000084,271,249,22
119000085,440,133,307
119000086,244,434,-190
119000087,810,377,433
119000088,272,175,97
119000089,102,173,-71
119000090,83,56,27
119000091,80,352,-272
119000092,250,126,124
119000093,2903,1644,1259
119000094,3237,3710,-473
119000095,1806,2192,-386
119000097,1393,766,627
119000098,925,2546,-1621
119000099,1937,807,1130
119000100,3473,2465,1008
119000101,3185,1297,1888
119000102,561,1304,-743
119000103,1011,558,453
119000104,1346,723,623
119000105,682,2053,-1371
119000106,303,626,-323
119000107,936,429,507
119000108,370,400,-30
119000109,112,513,-401
119000110,213,420,-207
119000111,28,578,-550
119000112,121,106,15
119000113,1018,198,820
119000114,1047,930,117
119000115,134,104,30
119000116,88,82,6
119000117,118,258,-140
119000118,7,1,6
119000123,2703,2032,671
119000124,837,124,713
119000125,3694,386,3308
119000126,1291,403,888
119000127,564,293,271
119000128,17,1,16
119000131,921,263,658
119000132,1,1,0
119000133,1,0,1
119000134,985,374,611
119000135,186,190,-4
119000136,323,100,223
119000137,305,123,182
119000138,619,90,529
119000139,200,71,129
119000140,279,264,15
119000284,815,1589,-774
119000285,1313,1164,149
119000286,3333,2834,499
119000287,1099,1091,8
119000288,1549,620,929
119000289,991,1374,-383
119000290,170,204,-34
119000291,10,109,-99
119000293,136,108,28
119000294,48,31,17
119000295,740,191,549
119000296,286,127,159
119000297,0,0,0
119000302,1216,949,267
119000303,27,147,-120
119000310,0,0,0
119000314,953,9310,-8357
119000315,1,163,-162
119000316,193,54,139
119000317,123,92,31
119000319,747,69,678
119900001,158,1257,-1099
119900002,143,148,-5
119900003,15,428,-413
119900004,207,1208,-1001
119900005,184,58,126
119900006,124,357,-233
119900007,674,237,437
119900008,227,32,195
119900009,439,378,61
119900010,441,718,-277
119900011,10,141,-131
119900012,13,104,-91
119900013,1705,1229,476
119900014,320,148,172
119900015,139,25,114
119900016,46,48,-2
119900017,36,58,-22
119900018,1083,900,183
119900019,39,3,36
119900020,90,125,-35
119900021,157,44,113
119900022,42,724,-682
119900023,288,1809,-1521
119900025,253,14,239
119900026,350,124,226
119900027,6,8,-2
119900028,215,141,74
119900029,8,5,3
119900030,341,237,104
119900031,23,476,-453
119900033,1376,269,1107
119900034,458,40,418
119900037,224,14,210
119900038,39,265,-226
119900039,23,10,13
119900040,108,15,93
119900041,152,11,141
119900042,124,87,37
119900043,120,102,18
119900044,112,799,-687
119900046,158,21,137
119900047,358,87,271
119900049,186,6,180
119900050,62,98,-36
119900051,948,19,929
119900052,45,16,29
119900053,282,102,180
119900054,167,8,159
119900055,1104,409,695
119900057,277,27,250
119900058,246,8,238
119900059,74,28,46
119900060,262,16,246
119900061,302,4,298
119900062,81,9,72
119900063,5,51,-46
119900065,161,9,152
119900067,144,6,138
119900068,640,5,635
119900069,75,7,68
119900070,866,4,862
119900071,550,13,537
119900073,942,469,473
119900074,36,26,10
119900075,1509,1892,-383
119900076,1203,223,980
119900077,886,305,581
119900078,674,566,108
119900079,467,87,380
119900080,425,260,165
119900081,737,138,599
119900082,1716,274,1442
119900083,275,75,200
119900084,371,203,168
119900085,24,28,-4
119900086,463,513,-50
119900087,509,278,231
119900088,18,18,0
119900089,26,202,-176
119900090,61,29,32
119900091,54,311,-257
119900092,21,198,-177
119900093,849,136,713
119900094,15,128,-113
119900095,124,79,45
119900096,24,65,-41
119900097,258,137,121
119900098,21,30,-9
119900099,28,87,-59
119900100,910,2044,-1134
119900101,87,981,-894
119900102,51,109,-58
119900103,27,90,-63
119900104,22,60,-38
119900105,393,2508,-2115
119900106,12,92,-80
119900107,168,1073,-905
119900108,2774,431,2343
119900109,10,84,-74
119900110,592,279,313
119900111,75,111,-36
119900112,659,498,161
119900113,47,121,-74
119900114,211,574,-363
119900115,302,475,-173
119900116,62,333,-271
119900117,313,278,35
119900118,86,353,-267
119900119,163,100,63
119900120,422,310,112
119900121,501,369,132
119900122,180,149,31
119900123,147,224,-77
119900124,183,323,-140
119900125,27,157,-130
119900126,1961,140,1821
119900127,1094,579,515
119900128,373,278,95
119900129,216,170,46
119900130,18,136,-118
119900131,48,91,-43
119900132,1,125,-124
119900133,57,80,-23
119900134,596,137,459
119900135,1,193,-192
119900136,115,160,-45
119900138,152,281,-129
119900139,45,140,-95
119900140,1,89,-88
119900141,34,591,-557
119900142,1,18,-17
119900143,18,195,-177
119900144,845,117,728
119900145,67,59,8
119900146,150,122,28
119900147,2,103,-101
119900148,167,41,126
119900149,380,3910,-3530
119900150,91,93,-2
119900151,924,506,418
119900152,84,132,-48
119900153,183,37,146
119900154,31,212,-181
119900155,29,32,-3
119900156,17,3,14
119900157,140,110,30
119900158,211,31,180
119900159,5,404,-399
119900160,24,47,-23
119900161,121,56,65
119900162,804,647,157
119900163,42,132,-90
119900164,6,4,2
119900165,109,51,58
119900166,85,39,46
119900167,27,32,-5
119900168,978,288,690
119900169,22,179,-157
119900170,128,150,-22
119900171,872,267,605
119900172,50,26,24
119900173,7,111,-104
119900174,3,61,-58
119900175,1363,351,1012
119900177,12,89,-77
119900178,2,54,-52
119900179,65,596,-531
119900180,934,711,223
119900181,12,101,-89
119900182,1,101,-100
119900183,81,352,-271
119900184,716,239,477
119900185,48,207,-159
119900186,23,1108,-1085
119900187,3,153,-150
119900188,100,220,-120
119900189,192,194,-2
119900190,97,234,-137
119900191,109,212,-103
119900192,41,101,-60
119900193,418,96,322
119900194,31,78,-47
119900195,8,72,-64
119900196,264,117,147
119900197,208,124,84
119900198,262,207,55
119900199,99,15,84
119900200,589,509,80
119900201,156,129,27
119900202,64,266,-202
119900203,158,404,-246
119900204,308,175,133
119900205,769,297,472
119900206,259,135,124
119900208,166,166,0
119900209,408,1152,-744
119900210,25,9,16
119900211,50,1,49
119900212,219,166,53
119900213,9,43,-34
119900214,39,46,-7
119900215,45,20,25
119900216,13,28,-15
119900217,10,28,-18
119900218,19,56,-37
119900219,12,55,-43
119900220,4,24,-20
119900221,25,72,-47
119900222,11,60,-49
119900223,7,19,-12
119900224,20,5,15
119900225,268,25,243
119900226,186,1274,-1088
119900227,355,162,193
119900228,327,184,143
119900229,229,235,-6
119900230,711,279,432
119900231,262,93,169
119900232,108,113,-5
119900233,77,7,70
119900234,16,46,-30
119900235,3,32,-29
119900236,21,73,-52
119900237,42,166,-124
119900238,2,50,-48
119900240,86,52,34
119900241,132,97,35
119900242,669,970,-301
119900244,353,805,-452
119900245,122,126,-4
119900246,230,479,-249
119900247,16,114,-98
119900248,38,260,-222
119900249,236,107,129
119900253,887,262,625
119900254,83,764,-681
119900255,77,735,-658
119900256,628,247,381
119900257,86,2,84
119900258,143,13,130
119900259,12,34,-22
119900260,110,5,105
119900261,375,313,62
119900262,0,76,-76
119900263,946,174,772
119900264,121,73,48
119900265,571,280,291
119900266,398,88,310
119900267,164,248,-84
119900268,150,55,95
119900269,1115,474,641
119900271,20,71,-51
119900272,284,293,-9
119900275,104,12,92
119900276,81,2,79
119900277,12,3,9
119900278,105,76,29
119900279,60,154,-94
119900280,368,76,292
119900281,0,215,-215
119900282,25,140,-115
119900283,31,116,-85
119900284,11,115,-104
119900285,13,75,-62
119900286,1,15,-14
119900288,1,6,-5
119900289,0,11,-11
119900290,6,5,1
119900291,1,35,-34
119900292,46,50,-4
119900293,28,41,-13
119900294,29,46,-17
119900295,29,19,10
119900296,68,91,-23
119900297,0,15,-15
119900298,3,6,-3
119900299,87,72,15
119900300,199,88,111
119900301,14,37,-23
119900302,13,27,-14
119900303,285,143,142
119900304,131,9,122
119900305,4,61,-57
119900306,19,0,19
119900307,41,18,23
119900308,6,16,-10
119900309,34,135,-101
119900310,152,172,-20
119900311,105,49,56
119900312,108,39,69
119900313,258,144,114
119900314,174,268,-94
119900315,1515,783,732
119900318,12,45,-33
119900319,112,113,-1
119900320,168,205,-37
119900321,139,13,126
120000001,4466,17272,-12806
120000002,2265,1712,553
120000003,2046,1137,909
120000004,2069,1067,1002
120000005,2180,1369,811
120000006,931,879,52
120000007,2256,2941,-685
120000008,854,991,-137
120000009,1426,681,745
120000010,1562,1726,-164
120000011,836,945,-109
120000012,1302,1401,-99
120000013,2722,1830,892
120000014,611,922,-311
120000015,2295,1136,1159
120000016,3358,1818,1540
120000017,3346,2330,1016
120000018,2465,11413,-8948
120000019,997,1159,-162
120000020,2363,2980,-617
120000021,1597,1940,-343
120000022,2157,3365,-1208
120000023,1149,1409,-260
120000024,976,2165,-1189
120000025,2448,1580,868
120000026,2473,1447,1026
120000027,1987,1744,243
120000028,889,4867,-3978
120000029,826,1887,-1061
120000030,951,666,285
120000031,1462,3828,-2366
120000032,4123,2819,1304
120000033,3991,1384,2607
120000034,2239,1082,1157
120000035,2222,1435,787
120000036,3229,4151,-922
120000037,488,1393,-905
120000038,3640,2658,982
120000039,637,612,25
120000040,206,667,-461
120000041,565,1126,-561
120000042,1478,1078,400
120000043,3421,894,2527
120000044,4805,1175,3630
120000045,6114,805,5309
120000046,4204,2251,1953
120000047,416,5234,-4818
120000048,4851,3337,1514
120000049,3234,2372,862
120000050,3169,2867,302
120000051,2222,2703,-481
120000052,6213,1441,4772
120000053,1525,1283,242
120000054,1424,2292,-868
120000055,1521,2729,-1208
120000056,3548,2491,1057
120000057,3489,2109,1380
120000058,1293,4130,-2837
120000059,10,1502,-1492
120000061,131,348,-217
120000062,121,278,-157
120000063,816,1358,-542
120000064,257,659,-402
120000065,705,842,-137
120000066,180,462,-282
120000067,42,400,-358
120000068,241,423,-182
120000069,570,415,155
120000070,94,414,-320
120000071,626,71,555
120000072,823,420,403
120000073,871,109,762
120000074,113,126,-13
120000075,843,290,553
120000076,2502,363,2139
120000077,1954,667,1287
120000078,2367,1063,1304
120000079,518,324,194
120000080,295,297,-2
120000081,415,147,268
120000082,373,313,60
120000083,179,808,-629
120000084,291,246,45
120000085,250,276,-26
120000086,255,308,-53
120000087,214,294,-80
120000088,745,776,-31
120000089,997,416,581
120000090,703,385,318
120000091,1049,716,333
120000092,1136,452,684
120000093,523,406,117
120000094,210,764,-554
120000095,817,253,564
120000096,296,415,-119
120000098,812,495,317
120000099,345,396,-51
120000100,534,515,19
120000101,583,353,230
120000102,613,908,-295
120000103,1447,849,598
120000104,1980,475,1505
120000105,3014,667,2347
120000106,2616,568,2048
120000107,4232,524,3708
120000108,1466,101,1365
120000109,1254,63,1191
120000110,68,626,-558
120000111,116,694,-578
120000112,656,1425,-769
120000113,621,1157,-536
120000114,777,1475,-698
120000115,285,1166,-881
120000116,442,1197,-755
120000117,636,893,-257
120000118,35,36,-1
120000119,13,48,-35
120000120,90,99,-9
120000121,29,45,-16
120000122,205,466,-261
120000123,2135,6786,-4651
120000124,463,277,186
120000125,637,377,260
120000126,342,968,-626
120000127,1192,1379,-187
120000128,1763,3957,-2194
120000129,239,255,-16
120000130,716,371,345
120000131,341,500,-159
120000134,329,436,-107
120000135,755,426,329
120000137,255,404,-149
120000138,1246,197,1049
120000139,248,252,-4
120000140,1039,229,810
120000141,341,316,25
120000142,779,384,395
120000143,0,60,-60
120000144,148,4,144
120000145,500,1,499
120000146,752,890,-138
120000149,533,688,-155
120000150,1420,8875,-7455
120000151,431,366,65
120000152,505,110,395
120000153,209,299,-90
120000154,515,412,103
120000155,194,256,-62
120000156,538,1348,-810
120000157,927,479,448
120000158,835,583,252
120000159,1783,1585,198
120000160,2191,1604,587
120000161,2354,1633,721
120000162,82,235,-153
120000163,792,658,134
120000164,721,187,534
120000165,581,394,187
120000166,1235,267,968
120000167,281,183,98
120000168,14,590,-576
120000169,74,1772,-1698
120000170,25,1858,-1833
120000171,24,672,-648
120000172,18,835,-817
120000173,646,2636,-1990
120000174,80,61,19
120000175,79,115,-36
120000176,69,55,14
120000177,527,88,439
120000178,46,18,28
120000179,63,50,13
120000180,183,77,106
120000181,71,1441,-1370
120000182,41,802,-761
120000183,7,375,-368
120000184,197,895,-698
120000186,26,1389,-1363
120000187,33,593,-560
120000188,37,810,-773
120000190,183,80,103
120000191,195,97,98
120000192,201,42,159
120000193,69,2,67
120000195,31,2,29
120000196,101,15,86
120000197,30,23,7
120000198,248,24,224
120000199,117,1,116
120000200,159,1,158
120000201,9,22,-13
120000202,3,29,-26
120000203,74,117,-43
120000207,2,48,-46
120000208,14,79,-65
120000209,13,41,-28
120000210,37,26,11
120000211,198,6,192
120000212,291,0,291
120000213,146,104,42
120000214,1,103,-102
120000215,6,71,-65
120000216,102,26,76
120000217,347,626,-279
120000218,47,448,-401
120000219,3,242,-239
120000220,3,681,-678
120000225,1972,1,1971
120000226,377,2,375
120000227,805,69,736
120000228,13451,3126,10325
120000230,439,11,428
120000231,1569,986,583
120000233,306,6,300
120000235,309,367,-58
120000236,979,4,975
120000237,0,568,-568
120000238,5,1167,-1162
120000241,1047,3042,-1995
120000412,268,7,261
120000413,305,50,255
120000414,200,1,199
120000415,1,16,-15
120000416,147,0,147
120000417,1,160,-159
120000418,172,7,165
120000419,18,54,-36
120000420,28,3,25
120000421,5091,3410,1681
120000422,50,1201,-1151
120000423,0,87,-87
120000424,147,76,71
120000436,83,733,-650
120000437,117,85,32
120000438,1404,173,1231
120000439,202,544,-342
120000443,149,0,149
120000444,1549,248,1301
120000445,1982,827,1155
120000446,864,171,693
120000447,208,3,205
120000449,159,2,157
120000450,2,71,-69
120000451,82,127,-45
120000452,96,0,96
120000453,0,53,-53
120000454,43,43,0
120000455,78,31,47
120000456,2276,3434,-1158
120000457,441,323,118
120000458,359,434,-75
120000459,86,51,35
120000665,432,244,188
120000668,145,2024,-1879
120000669,123,182,-59
120000670,93,2937,-2844
120000671,1807,570,1237
120000672,65,380,-315
120900001,73,107,-34
120900002,139,455,-316
120900003,114,13,101
120900004,7,105,-98
120900005,27,461,-434
120900006,494,111,383
120900007,206,52,154
120900008,389,596,-207
120900009,455,19,436
120900010,469,153,316
120900011,83,171,-88
120900012,66,987,-921
120900013,402,87,315
120900014,4,248,-244
120900015,1047,74,973
120900016,1131,35,1096
120900017,1194,61,1133
120900018,107,224,-117
120900019,558,429,129
120900020,644,979,-335
120900021,849,210,639
120900022,13,246,-233
120900023,416,99,317
120900024,1167,419,748
120900025,1057,757,300
120900026,110,78,32
120900027,671,10,661
120900028,408,143,265
120900029,60,712,-652
120900030,1533,558,975
120900031,293,147,146
120900032,1310,101,1209
120900033,1045,71,974
120900034,23,2530,-2507
120900035,22,26,-4
120900037,335,15,320
120900038,67,388,-321
120900039,111,40,71
120900040,428,7,421
120900041,85,20,65
120900042,740,33,707
120900043,91,39,52
120900044,5,269,-264
120900045,211,57,154
120900046,628,5,623
120900047,193,160,33
120900048,118,11,107
120900049,559,2,557
120900050,974,1642,-668
120900051,411,53,358
120900052,751,3,748
120900053,397,30,367
120900054,964,282,682
120900055,487,8,479
120900056,804,25,779
120900057,193,16,177
120900058,756,6,750
120900059,137,3,134
120900060,58,14,44
120900061,190,135,55
120900062,251,2,249
120900063,932,10,922
120900064,763,2,761
120900065,748,6,742
120900066,367,117,250
120900067,151,59,92
120900068,299,1,298
120900069,378,6,372
120900071,68,2,66
120900072,1043,9,1034
120900073,726,28,698
120900074,539,10,529
120900076,385,0,385
120900077,1192,156,1036
120900078,917,337,580
120900079,1009,84,925
120900080,1093,897,196
120900081,1410,265,1145
120900082,266,383,-117
120900083,66,1,65
120900084,427,527,-100
120900085,48,95,-47
120900086,76,361,-285
120900087,434,379,55
120900088,136,570,-434
120900089,1455,2954,-1499
120900090,232,10,222
120900091,509,918,-409
120900092,570,193,377
120900093,975,89,886
120900094,270,101,169
120900095,229,14,215
120900096,46,141,-95
120900097,513,291,222
120900098,141,88,53
120900099,71,35,36
120900100,54,134,-80
120900101,270,96,174
120900102,43,62,-19
120900103,56,164,-108
120900104,13,49,-36
120900105,31,207,-176
120900106,757,243,514
120900107,129,84,45
120900108,13,209,-196
120900109,32,317,-285
120900110,16,249,-233
120900111,122,190,-68
120900112,8,360,-352
120900113,18,367,-349
120900114,20,71,-51
120900115,90,201,-111
120900116,464,132,332
120900117,6,187,-181
120900118,7,336,-329
120900119,8095,2351,5744
120900120,57,241,-184
120900121,20,268,-248
120900122,616,146,470
120900123,8,143,-135
120900124,1,223,-222
120900125,2,297,-295
120900126,1120,523,597
120900127,15,176,-161
120900128,787,898,-111
120900129,35,175,-140
120900130,41,372,-331
120900131,118,64,54
120900132,1024,113,911
120900133,69,325,-256
120900134,410,224,186
120900135,6,287,-281
120900136,41,120,-79
120900137,249,44,205
120900138,20,115,-95
120900139,0,328,-328
120900140,1,83,-82
120900141,149,107,42
120900142,10,130,-120
120900143,3,362,-359
120900144,0,76,-76
120900145,246,518,-272
120900146,0,446,-446
120900147,1,371,-370
120900148,95,89,6
120900149,0,95,-95
120900150,70,298,-228
120900151,24,252,-228
120900152,0,14,-14
120900153,3,1,2
120900154,0,110,-110
120900155,201,481,-280
120900156,160,219,-59
120900157,1,2,-1
120900158,49,288,-239
120900159,6,24,-18
120900160,31,444,-413
120900161,103,283,-180
120900162,111,515,-404
120900163,170,882,-712
120900164,6,187,-181
120900165,21,1337,-1316
120900166,68,548,-480
120900167,132,55,77
120900169,74,135,-61
120900170,402,3080,-2678
120900171,344,127,217
120900172,193,1603,-1410
120900173,4,40,-36
120900174,8,58,-50
120900175,126,75,51
120900176,13,263,-250
120900177,3,1153,-1150
120900178,0,291,-291
120900179,451,274,177
120900180,49,198,-149
120900181,44,11,33
120900182,12,144,-132
120900183,379,30,349
120900184,158,46,112
120900185,803,1260,-457
120900186,0,252,-252
120900187,359,721,-362
120900188,193,4,189
120900189,78,2057,-1979
120900190,114,2,112
120900191,24,12,12
120900192,4134,9236,-5102
120900194,66,43,23
120900195,91,159,-68
120900196,507,27,480
120900197,755,134,621
120900198,190,318,-128
120900199,374,415,-41
120900200,47,96,-49
120900201,245,86,159
120900202,3,69,-66
120900203,38,58,-20
120900204,53,156,-103
120900205,145,21,124
120900206,45,36,9
120900207,58,598,-540
121000001,389,957,-568
121000002,1586,1307,279
121000003,2250,1216,1034
121000004,1781,2632,-851
121000005,1221,2054,-833
121000006,2322,2044,278
121000007,1450,3694,-2244
121000008,3505,3873,-368
121000009,2677,4901,-2224
121000010,5200,4668,532
121000011,4135,7671,-3536
121000012,8647,5860,2787
121000013,3980,5106,-1126
121000014,4276,4096,180
121000015,3084,6326,-3242
121000016,3131,2921,210
121000017,1257,2020,-763
121000018,1824,1278,546
121000019,7412,7008,404
121000020,7951,13320,-5369
121000021,1473,1330,143
121000022,2302,2595,-293
121000023,2234,1057,1177
121000024,3756,3711,45
121000025,331,1081,-750
121000026,259,131,128
121000027,1117,929,188
121000028,734,439,295
121000029,649,534,115
121000030,502,309,193
121000031,378,539,-161
121000032,134,122,12
121000034,327,330,-3
121000035,151,176,-25
121000036,643,716,-73
121000037,405,600,-195
121000038,300,717,-417
121000039,132,264,-132
121000041,410,393,17
121000042,209,317,-108
121000043,414,560,-146
121000044,821,933,-112
121000045,359,200,159
121000046,571,725,-154
121000047,176,189,-13
121000049,772,544,228
121000050,222,1524,-1302
121000051,457,279,178
121000052,292,791,-499
121000053,303,102,201
121000054,19,323,-304
121000055,694,1576,-882
121000056,665,869,-204
121000057,278,464,-186
121000058,188,217,-29
121000059,1933,975,958
121000060,457,947,-490
121000061,71,333,-262
121000062,125,456,-331
121000063,664,1009,-345
121000064,568,837,-269
121000065,188,469,-281
121000066,616,759,-143
121000067,252,540,-288
121000068,431,349,82
121000069,116,815,-699
121000070,1049,847,202
121000071,1200,1325,-125
121000072,932,552,380
121000073,891,995,-104
121000074,138,130,8
121000075,22,172,-150
121000076,295,229,66
121000077,104,193,-89
121000078,112,198,-86
121000080,1274,461,813
121000081,2056,2841,-785
121000082,81,297,-216
121000083,127,156,-29
121000084,182,183,-1
121000085,210,422,-212
121000086,470,570,-100
121000087,58,199,-141
121000088,434,387,47
121000089,189,267,-78
121000090,229,310,-81
121000091,797,645,152
121000092,157,43,114
121000093,165,147,18
121000094,294,604,-310
121000095,249,685,-436
121000096,3025,1809,1216
121000097,422,1634,-1212
121000098,584,585,-1
121000099,757,503,254
121000100,796,214,582
121000101,314,142,172
121000102,247,127,120
121000103,165,93,72
121000104,225,94,131
121000105,358,122,236
121000106,325,188,137
121000107,1372,1979,-607
121000109,751,634,117
121000110,126,594,-468
121000114,2689,1881,808
121000115,1490,683,807
121000116,266,767,-501
121000117,320,284,36
121000118,1471,179,1292
121000119,263,265,-2
121000120,235,392,-157
121000121,372,949,-577
121000123,784,544,240
121000127,87,57,30
121000128,882,219,663
121000129,888,354,534
121000130,749,549,200
121000131,972,1086,-114
121000132,729,1003,-274
121000135,178,265,-87
121000136,828,1030,-202
121000137,429,301,128
121000138,568,1231,-663
121000139,403,604,-201
121000141,183,145,38
121000142,482,698,-216
121000143,122,29,93
121000144,345,1057,-712
121000145,479,639,-160
121000146,1093,953,140
121000147,880,401,479
121000148,605,753,-148
121000149,1763,1292,471
121000152,283,256,27
121000153,1318,430,888
121000154,947,449,498
121000155,1379,929,450
121000156,267,752,-485
121000157,563,963,-400
121000158,341,310,31
121000159,177,306,-129
121000160,252,238,14
121000161,244,230,14
121000162,94,67,27
121000165,764,1598,-834
121000166,15,392,-377
121000168,372,233,139
121000169,48,114,-66
121000170,311,62,249
121000171,59,146,-87
121000172,737,491,246
121000173,1072,1013,59
121000174,444,419,25
121000175,1064,265,799
121000176,281,281,0
121000177,609,403,206
121000178,64,23,41
121000179,34,62,-28
121000181,383,375,8
121000182,122,276,-154
121000183,74,106,-32
121000184,31,154,-123
121000185,30,242,-212
121000186,222,487,-265
121000187,177,83,94
121000188,184,47,137
121000192,634,348,286
121000193,527,328,199
121000194,1507,1501,6
121000195,179,794,-615
121000196,452,231,221
121000197,124,814,-690
121000198,177,141,36
121000199,124,174,-50
121000200,534,135,399
121000201,13,188,-175
121000202,560,152,408
121000203,646,1538,-892
121000204,2550,637,1913
121000205,73,222,-149
121000206,71,44,27
121000207,1634,805,829
121000208,12,331,-319
121000209,424,72,352
121000210,640,184,456
121000211,307,93,214
121000212,540,367,173
121000213,10799,2024,8775
121000214,683,1622,-939
121000215,833,1025,-192
121000216,429,440,-11
121000217,2653,2454,199
121000218,385,1408,-1023
121000219,1150,478,672
121000220,70,71,-1
121000221,90,278,-188
121000222,2160,2010,150
121000223,178,779,-601
121000224,103,397,-294
121000225,666,2079,-1413
121000226,945,1026,-81
121000227,24,122,-98
121000228,18,434,-416
121000229,288,395,-107
121000230,46,1404,-1358
121000231,995,27,968
121000232,269,238,31
121000233,420,266,154
121000234,12,50,-38
121000235,48,57,-9
121000236,9,96,-87
121000237,24,16,8
121000238,4,97,-93
121000239,72,2,70
121000240,11,173,-162
121000241,81,15,66
121000242,94,826,-732
121000243,241,60,181
121000244,9,151,-142
121000245,57,13,44
121000246,1,181,-180
121000247,147,4,143
121000248,391,1586,-1195
121000249,76,192,-116
121000250,432,249,183
121000251,17,174,-157
121000252,113,71,42
121000253,302,236,66
121000254,725,142,583
121000255,94,181,-87
121000256,231,144,87
121000257,27,132,-105
121000258,64,91,-27
121000259,35,78,-43
121000260,37,88,-51
121000261,46,101,-55
121000262,948,339,609
121000263,445,500,-55
121000271,682,1239,-557
121000273,32,3,29
121000274,11,58,-47
121000275,2,4,-2
121000276,9,17,-8
121000278,55,26,29
121000279,61,18,43
121000280,22,28,-6
121000289,273,16,257
121000290,913,976,-63
121000294,159,55,104
121000297,454,996,-542
121000299,67,605,-538
121000300,815,449,366
121000302,23,616,-593
121000303,507,210,297
121000304,470,77,393
121000305,119,57,62
121000306,118,160,-42
121000308,114,208,-94
121000309,262,280,-18
121000310,105,164,-59
121000311,39,404,-365
121000312,224,224,0
121000313,182,216,-34
121000314,63,92,-29
121000315,27,78,-51
121000530,1494,1124,370
121000531,1584,1199,385
121000532,4639,6575,-1936
121000533,2559,2919,-360
121000918,35,61,-26
121000919,44,64,-20
121000938,72,194,-122
121000939,60,207,-147
121000956,1295,1353,-58
121000957,1,11,-10
121000958,6,40,-34
121000959,941,428,513
121000960,1032,1717,-685
121000961,260,55,205
121000962,894,551,343
121000963,0,0,0
121000973,0,173,-173
121000976,4,104,-100
121000979,363,77,286
121000981,281,84,197
121000982,354,124,230
121000983,389,150,239
121000984,13,33,-20
121000985,658,221,437
121000986,391,72,319
121000987,228,431,-203
121000988,956,92,864
121001302,203,84,119
121001308,1,10,-9
121001309,14,519,-505
121001311,0,0,0
121001313,165,59,106
121001314,998,1460,-462
121001315,5059,3012,2047
121001326,315,305,10
121900001,139,194,-55
121900002,24,25,-1
121900003,345,6,339
121900004,45,199,-154
121900005,13,5,8
121900006,81,19,62
121900007,1572,1387,185
121900008,72,223,-151
121900009,504,18,486
121900010,170,2,168
121900011,160,118,42
121900012,9,0,9
121900013,425,120,305
121900014,1009,347,662
121900015,146,98,48
121900016,5,27,-22
121900017,608,497,111
121900018,367,9,358
121900019,476,139,337
121900020,58,2,56
121900021,725,12,713
121900022,245,203,42
121900023,127,214,-87
121900024,331,73,258
121900025,423,398,25
121900026,182,36,146
121900027,281,97,184
121900028,122,8,114
121900029,89,183,-94
121900030,321,458,-137
121900031,745,5215,-4470
121900032,73,28,45
121900033,131,226,-95
121900034,215,102,113
121900035,2756,1892,864
121900036,102,484,-382
121900037,95,781,-686
121900038,23,41,-18
121900039,280,33,247
121900040,52,49,3
121900041,60,231,-171
121900042,338,159,179
121900043,5,3,2
121900044,78,29,49
121900046,121,217,-96
121900047,132,58,74
121900048,41,42,-1
121900050,21,27,-6
121900051,115,115,0
121900052,125,33,92
121900053,425,232,193
121900054,278,713,-435
121900055,0,10,-10
121900058,245,104,141
121900059,298,117,181
121900060,90,371,-281
121900062,86,69,17
121900063,1254,338,916
121900064,238,343,-105
121900066,57,13,44
121900067,54,32,22
121900069,152,87,65
121900070,83,111,-28
121900071,418,173,245
121900072,60,132,-72
121900073,122,323,-201
121900074,266,618,-352
121900075,262,548,-286
121900076,354,471,-117
121900078,41,17,24
121900079,0,1,-1
121900080,690,284,406
121900082,64,84,-20
121900084,15,37,-22
121900086,8,33,-25
121900087,80,97,-17
121900088,888,1750,-862
121900089,192,184,8
121900090,36,32,4
121900091,128,52,76
121900092,74,62,12
121900093,65,65,0
121900094,23,13,10
121900095,340,112,228
121900096,699,443,256
121900097,555,158,397
121900098,0,0,0
121900099,208,48,160
121900100,51,326,-275
121900101,80,103,-23
121900102,3,88,-85
121900103,261,213,48
121900104,1319,313,1006
121900105,300,147,153
121900106,4,8,-4
121900107,57,18,39
121900108,0,6,-6
121900109,161,145,16
121900110,687,281,406
121900111,577,181,396
121900112,100,136,-36
121900113,86,326,-240
121900114,58,48,10
121900117,91,86,5
121900118,1281,561,720
121900119,117,109,8
121900120,40,612,-572
121900121,251,17,234
121900122,35,38,-3
121900123,167,305,-138
121900124,191,151,40
121900125,1385,975,410
121900127,11,84,-73
121900128,38,51,-13
121900129,152,138,14
121900130,86,241,-155
121900131,259,78,181
121900132,37,62,-25
121900133,25,1205,-1180
121900134,21,184,-163
121900135,2652,342,2310
121900136,432,193,239
121900137,36,204,-168
121900138,48,70,-22
121900139,247,2059,-1812
121900140,73,50,23
121900141,86,32,54
121900142,70,59,11
121900143,26,108,-82
121900144,78,330,-252
121900145,184,360,-176
121900146,318,420,-102
121900147,51,225,-174
121900148,164,251,-87
121900149,232,363,-131
121900150,30,170,-140
121900151,30,191,-161
121900152,61,73,-12
121900153,35,367,-332
121900154,7,342,-335
121900155,0,101,-101
121900156,119,139,-20
121900157,2,201,-199
121900158,61,112,-51
121900159,2,147,-145
121900160,65,191,-126
121900161,166,379,-213
121900162,49,151,-102
121900163,316,251,65
121900164,213,196,17
121900165,149,78,71
121900166,108,158,-50
121900167,58,75,-17
121900168,118,180,-62
121900169,4,179,-175
121900170,5,109,-104
121900171,608,372,236
121900172,436,152,284
121900173,588,179,409
121900174,40,40,0
121900175,48,216,-168
121900176,365,1343,-978
121900177,139,79,60
121900178,32,59,-27
121900179,456,209,247
121900180,1520,3721,-2201
121900182,467,987,-520
121900183,455,1303,-848
121900184,29,696,-667
121900186,19,282,-263
121900187,21,85,-64
121900188,400,231,169
121900189,30,42,-12
121900190,214,323,-109
121900191,112,464,-352
121900192,153,1564,-1411
121900193,36,195,-159
121900194,7,220,-213
121900195,15,52,-37
121900196,689,701,-12
121900197,333,716,-383
121900198,1950,1211,739
121900199,2,53,-51
121900200,64,157,-93
121900201,403,567,-164
121900202,78,584,-506
121900203,55,763,-708
121900204,527,853,-326
121900205,13,112,-99
121900206,26,45,-19
121900207,33,25,8
121900208,97,472,-375
121900209,60,47,13
121900210,1532,1086,446
121900211,634,373,261
121900212,109,169,-60
121900213,262,28,234
121900214,2,322,-320
121900215,76,142,-66
121900216,18,213,-195
121900217,121,134,-13
121900218,141,495,-354
121900220,98,9,89
121900221,370,428,-58
121900222,199,58,141
121900223,103,39,64
121900224,80,35,45
121900225,71,151,-80
121900226,232,29,203
121900227,273,614,-341
121900228,129,150,-21
121900230,66,217,-151
121900231,57,724,-667
121900232,85,305,-220
121900233,190,129,61
121900234,188,109,79
121900235,384,102,282
121900236,213,109,104
121900237,184,340,-156
121900238,147,222,-75
121900239,132,21,111
121900240,230,87,143
121900241,54,40,14
121900242,21,0,21
121900243,7,0,7
121900244,25,1,24
121900245,137,99,38
121900246,3217,214,3003
121900248,903,760,143
121900250,135,309,-174
121900251,341,31,310
121900252,326,119,207
121900253,111,751,-640
121900254,309,268,41
121900255,395,54,341
121900258,2952,1363,1589
121900259,198,419,-221
121900260,79,73,6
121900261,135,537,-402
121900262,372,741,-369
121900263,221,138,83
121900264,639,671,-32
121900265,306,104,202
121900266,437,83,354
121900267,68,22,46
121900269,131,707,-576
121900270,37,133,-96
121900271,52,133,-81
121900273,376,1180,-804
121900274,241,246,-5
121900277,258,903,-645
121900278,116,858,-742
121900279,118,150,-32
121900280,60,350,-290
121900281,99,298,-199
121900284,36,5,31
121900286,101,64,37
121900287,18,53,-35
121900288,5,0,5
121900290,170,641,-471
121900291,254,646,-392
121900292,99,125,-26
121900293,655,2709,-2054
121900294,231,5,226
121900295,123,130,-7
121900296,54,143,-89
121900298,124,785,-661
121900299,0,21,-21
121900300,86,7,79
121900301,72,1,71
121900302,2,84,-82
121900303,275,270,5
121900304,3,14,-11
121900305,1,11,-10
121900306,224,1,223
121900307,99,5,94
121900308,26,155,-129
121900309,1,97,-96
121900310,16,190,-174
121900311,463,10,453
121900312,342,9,333
121900313,422,34,388
121900314,2,12,-10
121900315,12,0,12
121900316,0,10,-10
121900317,12,2,10
121900318,1,6,-5
121900319,16,114,-98
121900320,31,25,6
121900321,8,1,7
121900322,0,7,-7
121900323,16,25,-9
121900324,1,19,-18
121900325,12,4,8
121900326,11,18,-7
121900327,2,20,-18
121900328,1,12,-11
121900329,3,92,-89
121900330,0,235,-235
121900331,9,14,-5
121900332,63,25,38
121900333,58,0,58
121900334,99,62,37
122000001,912,4724,-3812
122000002,1721,1006,715
122000003,1061,2364,-1303
122000004,1602,1058,544
122000005,3184,1987,1197
122000006,825,1060,-235
122000007,477,1392,-915
122000008,1003,2578,-1575
122000009,567,443,124
122000010,1861,2341,-480
122000011,4149,1806,2343
122000012,577,2831,-2254
122000013,497,1258,-761
122000014,2596,1190,1406
122000015,876,788,88
122000016,388,722,-334
122000017,945,949,-4
122000018,1357,1253,104
122000019,671,1311,-640
122000020,157,262,-105
122000021,128,283,-155
122000022,914,1127,-213
122000023,797,1341,-544
122000024,431,2150,-1719
122000025,450,2426,-1976
122000026,329,1286,-957
122000027,483,991,-508
122000028,907,510,397
122000029,240,500,-260
122000030,163,145,18
122000031,84,322,-238
122000032,2793,1922,871
122000033,278,2583,-2305
122000034,332,690,-358
122000035,149,506,-357
122000036,347,398,-51
122000037,546,210,336
122000038,191,340,-149
122000039,613,741,-128
122000040,175,264,-89
122000041,411,785,-374
122000042,321,528,-207
122000043,79,111,-32
122000044,78,115,-37
122000045,1388,777,611
122000046,599,902,-303
122000047,106,137,-31
122000048,2201,3046,-845
122000049,4703,2943,1760
122000050,571,889,-318
122000051,168,467,-299
122000052,276,419,-143
122000053,184,865,-681
122000054,1537,1669,-132
122000055,1458,3662,-2204
122000056,2341,2346,-5
122000057,2725,3613,-888
122000058,870,1774,-904
122000059,925,3096,-2171
122000060,273,823,-550
122000061,181,580,-399
122000062,420,209,211
122000063,349,1118,-769
122000064,2170,4440,-2270
122000065,1920,2218,-298
122000066,247,479,-232
122000067,821,1088,-267
122000068,1210,828,382
122000069,812,843,-31
122000070,657,1035,-378
122000071,2054,1072,982
122000072,600,706,-106
122000073,215,1175,-960
122000074,2114,1074,1040
122000075,666,803,-137
122000076,5149,1538,3611
122000077,505,1594,-1089
122000078,771,3644,-2873
122000079,346,2083,-1737
122000080,367,577,-210
122000081,102,186,-84
122000082,235,1140,-905
122000083,2126,717,1409
122000084,2513,714,1799
122000085,222,542,-320
122000086,1799,4158,-2359
122000087,170,217,-47
122000088,111,219,-108
122000089,3721,1750,1971
122000090,82,531,-449
122000091,69,184,-115
122000092,44,23,21
122000093,1223,2647,-1424
122000094,3860,2226,1634
122000095,491,2881,-2390
122000096,393,1348,-955
122000098,1908,2794,-886
122000099,585,934,-349
122000100,505,391,114
122000101,255,423,-168
122000102,1651,870,781
122000103,1320,1074,246
122000104,872,126,746
122000105,489,263,226
122000106,327,1044,-717
122000107,877,347,530
122000108,429,641,-212
122000109,393,215,178
122000110,459,534,-75
122000111,2885,1204,1681
122000112,1200,1235,-35
122000113,576,651,-75
122000114,1274,2269,-995
122000115,1114,927,187
122000116,335,460,-125
122000117,1458,299,1159
122000118,550,527,23
122000119,1563,1529,34
122000120,725,2167,-1442
122000121,685,1719,-1034
122000122,315,721,-406
122000123,913,1203,-290
122000124,643,455,188
122000125,332,511,-179
122000126,288,558,-270
122000127,477,662,-185
122000128,243,368,-125
122000129,419,1322,-903
122000130,1872,1109,763
122000131,758,764,-6
122000132,207,361,-154
122000133,645,547,98
122000134,779,621,158
122000135,467,385,82
122000136,686,522,164
122000137,1425,677,748
122000139,700,2498,-1798
122000140,367,685,-318
122000141,2294,1166,1128
122000142,123,1073,-950
122000143,247,304,-57
122000144,899,791,108
122000145,651,793,-142
122000146,469,1398,-929
122000147,461,480,-19
122000148,611,1255,-644
122000149,1362,1194,168
122000150,888,879,9
122000151,98,215,-117
122000152,250,229,21
122000153,255,282,-27
122000154,181,205,-24
122000155,1166,1918,-752
122000156,2846,2510,336
122000157,649,3197,-2548
122000158,242,548,-306
122000159,401,798,-397
122000160,1533,1660,-127
122000161,700,849,-149
122000162,816,1369,-553
122000163,253,111,142
122000164,40,164,-124
122000165,566,881,-315
122000166,637,1426,-789
122000167,208,369,-161
122000168,139,709,-570
122000169,261,195,66
122000170,218,272,-54
122000171,25,86,-61
122000172,1425,866,559
122000173,1096,1937,-841
122000174,1158,947,211
122000175,549,314,235
122000176,234,801,-567
122000177,834,1185,-351
122000178,3458,1995,1463
122000179,1732,2531,-799
122000180,696,1005,-309
122000181,844,1758,-914
122000182,1231,922,309
122000183,1799,750,1049
122000184,2050,2539,-489
122000185,772,2340,-1568
122000186,376,1307,-931
122000187,1291,960,331
122000188,308,232,76
122000189,207,301,-94
122000190,579,1389,-810
122000191,613,532,81
122000192,876,307,569
122000193,257,480,-223
122000194,336,180,156
122000195,89,485,-396
122000196,774,450,324
122000197,324,568,-244
122000198,313,1355,-1042
122000199,233,272,-39
122000200,684,474,210
122000201,877,1656,-779
122000202,681,1772,-1091
122000203,1850,1011,839
122000204,963,1175,-212
122000205,549,932,-383
122000206,2634,856,1778
122000207,1721,1135,586
122000208,1582,1457,125
122000209,1438,396,1042
122000210,1534,1465,69
122000211,852,1129,-277
122000212,631,479,152
122000213,810,1087,-277
122000214,1495,1555,-60
122000215,1792,1341,451
122000217,1346,1481,-135
122000218,604,69,535
122000219,719,671,48
122000220,276,580,-304
122000221,61,226,-165
122000222,533,119,414
122000223,828,399,429
122000225,646,277,369
122000226,1124,1109,15
122000227,117,1325,-1208
122000228,272,287,-15
122000229,44,408,-364
122000230,42,278,-236
122000231,445,589,-144
122000232,482,539,-57
122000233,1,41,-40
122000234,356,57,299
122000235,635,83,552
122000236,1010,42,968
122000237,83,73,10
122000238,254,275,-21
122000239,720,143,577
122000240,1088,628,460
122000241,1575,422,1153
122000242,506,90,416
122000243,257,38,219
122000244,104,227,-123
122000245,147,94,53
122000246,406,155,251
122000247,681,268,413
122000248,634,750,-116
122000249,1570,729,841
122000250,1674,956,718
122000251,96,353,-257
122000252,261,117,144
122000253,47,178,-131
122000254,243,84,159
122000255,489,678,-189
122000256,223,394,-171
122000257,140,147,-7
122000258,239,244,-5
122000259,30,291,-261
122000260,217,428,-211
122000261,17,245,-228
122000262,1,51,-50
122000263,236,495,-259
122000264,1039,210,829
122000265,1831,708,1123
122000266,2931,572,2359
122000267,146,133,13
122000268,91,330,-239
122000269,712,287,425
122000270,425,173,252
122000271,192,965,-773
122000272,269,784,-515
122000273,342,306,36
122000274,178,182,-4
122000275,115,155,-40
122000276,595,340,255
122000277,830,1112,-282
122000278,1665,510,1155
122000279,195,221,-26
122000280,605,379,226
122000281,684,526,158
122000282,231,334,-103
122000283,215,194,21
122000284,224,131,93
122000285,263,57,206
122000286,62,113,-51
122000287,1125,1098,27
122000288,426,220,206
122000291,1941,718,1223
122000293,208,116,92
122000294,158,229,-71
122000295,1096,146,950
122000296,46,498,-452
122000297,1485,3186,-1701
122000299,474,312,162
122000300,413,397,16
122000301,5010,2793,2217
122000302,425,1519,-1094
122000303,1856,865,991
122000304,44,146,-102
122000305,1042,451,591
122000306,51,277,-226
122000307,106,141,-35
122000309,49,47,2
122000310,25,97,-72
122000311,148,110,38
122000312,109,258,-149
122000313,125,103,22
122000314,116,248,-132
122000315,294,45,249
122000316,849,173,676
122000317,1445,193,1252
122000318,244,476,-232
122000319,157,210,-53
122000320,231,613,-382
122000321,78,114,-36
122000322,1525,1693,-168
122000323,703,2258,-1555
122000324,1167,1459,-292
122000325,638,2562,-1924
122000326,84,66,18
122000327,284,540,-256
122000328,394,257,137
122000330,1103,1119,-16
122000333,9,92,-83
122000337,963,590,373
122000338,369,231,138
122000340,154,1505,-1351
122000342,1210,595,615
122000343,409,452,-43
122000344,61,18,43
122000345,27,36,-9
122000346,239,200,39
122000348,571,502,69
122000349,56,353,-297
122000351,161,224,-63
122000352,273,151,122
122000353,111,122,-11
122000355,124,258,-134
122000356,497,1243,-746
122000357,76,25,51
122000358,0,17,-17
122000359,0,11,-11
122000360,0,19,-19
122000362,3,45,-42
122000364,207,178,29
122000365,3,26,-23
122000366,7,8,-1
122000368,365,501,-136
122000370,19,14,5
122000371,26,1,25
122000372,17,4,13
122000381,109,238,-129
122000382,73,175,-102
122000384,1099,968,131
122000385,64,0,64
122000386,143,1293,-1150
122000387,288,694,-406
122000388,742,682,60
122000389,102,1001,-899
122000390,234,218,16
122000391,137,733,-596
122000392,176,147,29
122000393,125,160,-35
122000394,573,127,446
122000395,95,98,-3
122000396,204,80,124
122000397,26,24,2
122000398,10,51,-41
122000399,115,33,82
122000400,59,668,-609
122000401,128,58,70
122000402,274,106,168
122000403,372,346,26
122000404,135,79,56
122000408,486,751,-265
122000503,8,91,-83
122000524,82,176,-94
122000544,71,1650,-1579
122000614,340,298,42
122000616,158,1,157
122000640,63,56,7
122000641,142,153,-11
122000642,974,597,377
122000643,55,136,-81
122000644,82,18,64
122000645,49,162,-113
122000651,442,1663,-1221
122000664,129,26,103
122000665,821,357,464
122000666,433,821,-388
122000673,40,135,-95
122000674,239,137,102
122000675,1693,494,1199
122000686,504,942,-438
122000687,1325,424,901
122000688,224,275,-51
122000689,889,167,722
122000690,2367,164,2203
122000691,782,646,136
122000692,1214,226,988
122000693,298,604,-306
122000695,267,236,31
122000696,502,86,416
122000698,376,254,122
122000699,148,41,107
122000701,1344,225,1119
122000702,259,735,-476
122000703,188,70,118
122000712,0,0,0
122000717,101,45,56
122000718,915,1965,-1050
122000719,111,74,37
122000720,598,62,536
122000724,202,231,-29
122900001,44,13,31
122900002,679,4595,-3916
122900003,273,27,246
122900004,1368,63,1305
122900005,80,84,-4
122900006,305,656,-351
122900007,77,100,-23
122900008,214,120,94
122900009,456,210,246
122900010,145,83,62
122900012,165,296,-131
122900014,120,148,-28
122900015,503,781,-278
122900016,118,150,-32
122900017,173,523,-350
122900018,136,10,126
122900020,126,253,-127
122900021,41,255,-214
122900022,837,653,184
122900023,302,105,197
122900024,106,95,11
122900025,12,318,-306
122900026,27,165,-138
122900027,25,414,-389
122900028,79,88,-9
122900029,3673,1929,1744
122900030,1098,420,678
122900031,26,263,-237
122900032,122,227,-105
122900033,183,94,89
122900034,2922,3527,-605
122900035,13,26,-13
122900036,52,28,24
122900037,256,110,146
122900038,39,2018,-1979
122900039,55,393,-338
122900040,162,499,-337
122900041,227,258,-31
122900042,119,259,-140
122900043,179,214,-35
122900044,65,270,-205
122900045,103,139,-36
122900046,127,270,-143
122900047,102,130,-28
122900048,36,136,-100
122900049,1359,123,1236
122900051,38,188,-150
122900052,158,150,8
122900053,37,19,18
122900055,202,31,171
122900057,140,37,103
122900061,357,86,271
122900062,398,381,17
122900063,154,130,24
122900064,595,209,386
122900065,477,215,262
122900066,572,332,240
122900067,708,316,392
122900069,390,1052,-662
122900070,319,58,261
122900071,108,245,-137
122900073,12,103,-91
122900074,765,148,617
122900075,0,55,-55
122900076,2,156,-154
122900077,8,62,-54
122900078,191,15,176
122900080,25,35,-10
122900081,110,95,15
122900082,797,104,693
122900083,91,93,-2
122900084,9,92,-83
122900086,14,84,-70
122900087,278,348,-70
122900088,22,417,-395
122900089,191,185,6
122900090,7,263,-256
122900091,318,1,317
122900092,133,83,50
122900093,0,103,-103
122900094,3,107,-104
122900095,136,14,122
122900096,127,28,99
122900097,35,55,-20
122900098,39,99,-60
122900099,141,18,123
122900100,47,479,-432
122900101,263,222,41
122900102,32,37,-5
122900103,198,15,183
122900104,237,5,232
122900105,28,13,15
122900106,0,21,-21
122900107,7,83,-76
122900108,0,93,-93
122900109,246,100,146
123000001,682,632,50
123000002,2278,4642,-2364
123000003,3262,3122,140
123000004,2176,2850,-674
123000005,2250,2445,-195
123000006,1548,1605,-57
123000007,3825,2356,1469
123000008,2358,2100,258
123000009,3625,2562,1063
123000010,2811,2932,-121
123000011,1337,1019,318
123000012,611,2244,-1633
123000013,2840,1051,1789
123000014,701,2826,-2125
123000015,1656,1017,639
123000016,2285,2884,-599
123000017,2855,1802,1053
123000018,131,79,52
123000019,359,56,303
123000020,219,32,187
123000021,167,180,-13
123000022,241,1395,-1154
123000023,1711,1754,-43
123000024,1541,591,950
123000025,268,84,184
123000026,29,90,-61
123000027,54,649,-595
123000028,1060,1128,-68
123000029,613,1367,-754
123000030,235,108,127
123000031,229,94,135
123000032,401,58,343
123000033,289,53,236
123000034,958,670,288
123000035,395,334,61
123000036,254,806,-552
123000037,283,128,155
123000038,45,218,-173
123000039,351,1333,-982
123000040,415,161,254
123000041,705,1309,-604
123000042,486,734,-248
123000043,966,6088,-5122
123000044,2292,1690,602
123000045,2199,1497,702
123000046,278,1008,-730
123000047,412,502,-90
123000048,36,783,-747
123000049,2453,5257,-2804
123000050,1556,1354,202
123000051,60,150,-90
123000052,608,2797,-2189
123000053,1686,2516,-830
123000054,1311,1105,206
123000055,1225,2679,-1454
123000056,933,888,45
123000057,2209,1752,457
123000058,348,179,169
123000059,64,152,-88
123000060,589,254,335
123000061,234,376,-142
123000063,682,677,5
123000064,930,731,199
123000065,2509,1015,1494
123000066,269,303,-34
123000067,786,330,456
123000068,1456,1518,-62
123000069,2990,1395,1595
123000070,85,60,25
123000071,1427,980,447
123000072,964,547,417
123000073,1434,590,844
123000074,751,486,265
123000075,448,1015,-567
123000076,532,216,316
123000077,1899,1832,67
123000078,1711,1222,489
123000079,1858,1321,537
123000080,1934,858,1076
123000081,258,309,-51
123000082,439,950,-511
123000083,564,464,100
123000084,1246,612,634
123000085,819,1394,-575
123000086,967,510,457
123000087,529,221,308
123000088,1502,403,1099
123000089,601,720,-119
123000090,1123,609,514
123000091,1083,938,145
123000092,761,925,-164
123000094,564,364,200
123000095,541,506,35
123000096,826,295,531
123000097,460,322,138
123000098,824,467,357
123000099,592,407,185
123000100,282,573,-291
123000101,427,455,-28
123000102,429,657,-228
123000104,281,391,-110
123000105,361,273,88
123000106,315,356,-41
123000107,189,249,-60
123000108,395,654,-259
123000111,1031,1287,-256
123000112,881,627,254
123000113,563,778,-215
123000114,336,526,-190
123000115,276,223,53
123000116,62,53,9
123000117,1282,731,551
123000118,434,401,33
123000119,235,388,-153
123000120,589,645,-56
123000121,376,509,-133
123000122,215,237,-22
123000123,398,408,-10
123000124,349,309,40
123000125,847,781,66
123000126,654,2270,-1616
123000127,526,430,96
123000128,203,233,-30
123000129,663,173,490
123000130,679,50,629
123000131,765,634,131
123000132,219,360,-141
123000133,112,187,-75
123000134,184,96,88
123000135,1456,3263,-1807
123000136,146,348,-202
123000137,65,135,-70
123000138,75,200,-125
123000139,470,77,393
123000140,65,294,-229
123000141,512,146,366
123000142,739,550,189
123000143,810,1158,-348
123000144,3,18,-15
123000145,162,111,51
123000146,32,81,-49
123000147,48,109,-61
123000149,249,302,-53
123000150,84,160,-76
123000151,170,397,-227
123000152,46,183,-137
123000153,76,593,-517
123000154,1020,1515,-495
123000155,1354,884,470
123000156,28,79,-51
123000157,438,528,-90
123000158,356,636,-280
123000159,2066,2581,-515
123000160,1124,974,150
123000161,1100,801,299
123000162,577,731,-154
123000163,647,225,422
123000164,1152,289,863
123000165,292,604,-312
123000166,46,80,-34
123000167,106,149,-43
123000168,204,177,27
123000169,669,114,555
123000170,97,53,44
123000171,707,2,705
123000172,155,283,-128
123000173,402,305,97
123000174,790,387,403
123000175,322,566,-244
123000176,604,198,406
123000177,252,548,-296
123000178,746,580,166
123000179,54,158,-104
123000180,1507,339,1168
123000181,238,682,-444
123000182,188,136,52
123000183,163,537,-374
123000184,147,279,-132
123000185,738,263,475
123000186,6,329,-323
123000187,669,8,661
123000188,308,2,306
123000189,51,108,-57
123000190,4,101,-97
123000192,41,334,-293
123000193,87,566,-479
123000194,294,243,51
123000195,638,63,575
123000196,124,27,97
123000197,64,18,46
123000198,9,841,-832
123000199,5,419,-414
123000200,570,6,564
123000201,476,9,467
123000202,7,251,-244
123000203,815,50,765
123000204,37,297,-260
123000205,313,809,-496
123000206,2529,270,2259
123000207,62,1129,-1067
123000208,626,573,53
123000209,2292,849,1443
123000210,225,1266,-1041
123000211,325,966,-641
123000212,3422,597,2825
123000213,799,115,684
123000215,66,170,-104
123000216,131,618,-487
123000217,159,35,124
123000218,27,471,-444
123000219,552,60,492
123000220,444,140,304
123000221,193,37,156
123000222,234,150,84
123000223,366,119,247
123000224,387,197,190
123000225,172,38,134
123000226,75,308,-233
123000227,53,198,-145
123000228,235,43,192
123000229,605,913,-308
123000232,87,348,-261
123000233,704,115,589
123000234,114,422,-308
123000235,1052,261,791
123000236,209,436,-227
123000237,287,91,196
123000238,47,238,-191
123000239,341,516,-175
123000240,46,448,-402
123000241,194,50,144
123000242,102,136,-34
123000243,758,714,44
123000244,732,492,240
123000245,20,106,-86
123000249,963,436,527
123000252,807,246,561
123000253,1254,491,763
123000254,663,597,66
123000255,797,676,121
123000256,98,226,-128
123000257,1291,963,328
123000258,889,632,257
123000259,438,342,96
123000260,372,204,168
123000261,212,93,119
123000262,88,91,-3
123000263,464,88,376
123000264,163,82,81
123000265,34,87,-53
123000266,430,386,44
123000267,468,305,163
123000268,47,61,-14
123000269,31,55,-24
123000270,39,25,14
123000271,59,33,26
123000272,576,261,315
123000273,247,747,-500
123000274,859,537,322
123000275,160,490,-330
123000278,1759,2024,-265
123000279,142,70,72
123000280,382,175,207
123000281,223,78,145
123000282,93,225,-132
123000283,124,65,59
123000284,58,46,12
123000286,115,364,-249
123000287,440,241,199
123000288,1174,881,293
123000289,302,1065,-763
123000291,158,674,-516
123000294,169,232,-63
123000295,674,812,-138
123000296,616,360,256
123000297,738,332,406
123000298,827,152,675
123000299,206,156,50
123000300,1488,1093,395
123000301,68,267,-199
123000302,63,77,-14
123000303,74,214,-140
123000305,600,743,-143
123000306,142,66,76
123000309,40,25,15
123000310,50,20,30
123000311,444,70,374
123000312,343,342,1
123000313,499,328,171
123000315,106,157,-51
123000316,544,352,192
123000317,209,75,134
123000318,77,161,-84
123000329,5,21,-16
123000337,603,1192,-589
123000338,194,126,68
123000339,265,77,188
123000340,87,206,-119
123000342,7,64,-57
123000343,42,12,30
123000344,564,229,335
123000345,196,354,-158
123000346,402,29,373
123000352,716,628,88
123000353,61,88,-27
123000354,509,4,505
123000355,0,159,-159
123000356,298,8,290
123000357,0,71,-71
123000359,8,54,-46
123000360,213,47,166
123000361,111,155,-44
123000362,319,69,250
123000363,62,117,-55
123000364,458,456,2
123000365,19,257,-238
123000366,262,1717,-1455
123000367,411,816,-405
123000370,25,314,-289
123000371,428,51,377
123000372,288,38,250
123000373,17,147,-130
123000374,16,75,-59
123000375,360,52,308
123000376,732,535,197
123000377,307,14,293
123000378,7,169,-162
123000379,2,102,-100
123000380,10,330,-320
123000381,64,128,-64
123000382,460,91,369
123000383,47,736,-689
123000384,374,100,274
123000385,64,387,-323
123000436,31,992,-961
123000507,143,181,-38
123000508,167,956,-789
123000517,203,15,188
123000518,22,108,-86
123000519,102,85,17
123000520,38,145,-107
123000521,342,128,214
123000522,127,159,-32
123000541,18,2,16
123000542,0,6,-6
123000565,1000,21,979
123000566,278,210,68
123000567,47,122,-75
123000573,33,363,-330
123000574,590,63,527
123000575,1249,771,478
123000576,646,738,-92
123000577,31,490,-459
123000578,273,90,183
123000579,856,5151,-4295
123000580,136,42,94
123000582,336,24,312
123000583,19,165,-146
123000584,127,257,-130
123000585,0,51,-51
123000586,74,9,65
123000596,58,77,-19
123000597,50,215,-165
123000602,56,2,54
123000603,883,327,556
123000604,488,270,218
123000605,596,48,548
123000606,0,298,-298
123000609,16,236,-220
123000610,94,84,10
123000613,34,146,-112
123000614,228,20,208
123000615,41,94,-53
123000616,579,49,530
123000617,91,130,-39
123000618,26,304,-278
123000619,343,45,298
123000620,30,208,-178
123000622,389,11,378
123000624,155,52,103
123000630,1431,345,1086
123000631,168,451,-283
123000632,1053,745,308
123000633,0,214,-214
123000634,40,165,-125
123000635,59,73,-14
123000636,31,262,-231
123000637,197,15,182
123000638,405,15,390
123000639,507,3736,-3229
123000640,29,242,-213
123000648,1151,951,200
123000649,149,566,-417
123000650,109,54,55
123000651,10,77,-67
123000652,173,1,172
123000653,0,4,-4
123900001,718,28,690
123900002,19,1103,-1084
123900003,159,265,-106
123900005,170,135,35
123900006,298,42,256
124000001,1555,154,1401
124000002,37,820,-783
124000003,967,138,829
124000004,55,237,-182
124000005,966,395,571
124000006,149,521,-372
124000007,430,91,339
124000008,17,300,-283
124000009,832,194,638
124000010,175,209,-34
124000011,835,239,596
124000012,179,219,-40
124000017,196,108,88
124000018,130,38,92
124000019,115,159,-44
124000020,22,67,-45
124000021,108,109,-1
124000022,50,96,-46
124000023,569,165,404
124000024,851,303,548
124000025,666,429,237
124000026,650,263,387
124000027,1104,566,538
124000028,1093,415,678
124000031,1171,2973,-1802
124000032,908,552,356
124000033,887,569,318
124000034,289,592,-303
124000035,374,185,189
124000036,91,275,-184
124000037,332,929,-597
124000038,16,57,-41
124000039,514,337,177
124000040,207,761,-554
124000041,368,90,278
124000042,141,250,-109
124000043,105,130,-25
124000044,75,83,-8
124000045,768,334,434
124000046,150,403,-253
124000047,1512,545,967
124000048,775,486,289
124000049,1579,396,1183
124000050,768,840,-72
124000051,913,298,615
124000052,413,449,-36
124000053,515,1512,-997
124000054,563,286,277
124000055,1106,2715,-1609
124000056,1035,767,268
124000057,1003,367,636
124000058,333,653,-320
124000059,648,931,-283
124000060,504,398,106
124000061,982,5054,-4072
124000062,2346,1067,1279
124000063,1070,908,162
124000064,1350,840,510
124000065,86,413,-327
124000066,185,123,62
124000067,241,94,147
124000068,78,203,-125
124000069,645,100,545
124000070,202,262,-60
124000071,676,119,557
124000072,350,295,55
124000073,786,151,635
124000074,183,401,-218
124000075,282,11,271
124000076,11,90,-79
124000077,708,516,192
124000078,1678,1079,599
124000079,207,889,-682
124000080,640,161,479
124000081,252,303,-51
124000082,42,177,-135
124000083,53,90,-37
124000084,70,742,-672
124000085,77,49,28
124000086,38,113,-75
124000087,105,116,-11
124000088,51,333,-282
124000089,647,175,472
124000090,179,142,37
124000091,468,116,352
124000092,179,350,-171
124000093,108,100,8
124000094,143,332,-189
124000095,111,119,-8
124000096,105,182,-77
124000097,109,122,-13
124000098,97,100,-3
124000099,252,102,150
124000100,34,132,-98
124000101,85,117,-32
124000102,84,24,60
124000103,160,93,67
124000104,66,43,23
124000105,105,81,24
124000106,137,36,101
124000107,22,195,-173
124000108,34,11,23
124000109,122,99,23
124000110,107,66,41
124000111,158,124,34
124000112,662,369,293
124000113,80,92,-12
124000114,321,202,119
124000115,310,415,-105
124000116,79,172,-93
124000117,38,56,-18
124000118,32,80,-48
124000119,523,482,41
124000120,302,399,-97
124000121,1308,760,548
124000122,388,960,-572
124000123,733,363,370
124000124,286,522,-236
124000125,351,316,35
124000126,174,380,-206
124000127,675,284,391
124000128,382,500,-118
124000129,1588,1204,384
124000130,475,390,85
124000131,659,493,166
124000132,543,582,-39
124000133,844,617,227
124000134,604,423,181
124000135,1264,1424,-160
124000136,456,554,-98
124000137,641,556,85
124000138,601,758,-157
124000139,739,153,586
124000140,60,272,-212
124000141,927,71,856
124000142,44,258,-214
124000143,127,15,112
124000144,9,113,-104
124000145,227,102,125
124000146,60,108,-48
124000148,52,91,-39
124000149,1142,382,760
124000150,258,501,-243
124000151,870,417,453
124000152,531,679,-148
124000153,745,709,36
124000154,384,386,-2
124000155,1042,758,284
124000156,836,632,204
124000169,139,309,-170
124000170,460,308,152
124000171,191,167,24
124000172,200,310,-110
124000173,457,142,315
124000174,341,383,-42
124000175,8,32,-24
124000176,38,20,18
124000177,2,21,-19
124000178,84,41,43
124000185,71,13,58
124000186,2,24,-22
124000187,4,52,-48
124000188,112,23,89
124000190,96,89,7
124000191,74,244,-170
124000192,886,396,490
124000193,291,658,-367
124000194,247,237,10
124000195,287,524,-237
124000196,597,562,35
124000197,26,27,-1
124000198,30,57,-27
124000201,192,464,-272
124000202,527,156,371
124000203,483,189,294
124000204,888,182,706
124000205,183,191,-8
124000206,924,187,737
124000207,0,26,-26
124000209,150,130,20
124000210,669,104,565
124000211,828,5,823
124000212,1,128,-127
124000213,552,115,437
124000214,407,217,190
124000215,488,24,464
124000216,2,143,-141
124000329,71,580,-509
124000338,71,331,-260
124000339,1032,62,970
124000341,1519,56,1463
124000344,75,24,51
124000357,1629,3015,-1386
124000358,1285,2652,-1367
124000359,1107,688,419
124000360,870,488,382
124000361,1599,778,821
124000362,750,1042,-292
124000363,260,287,-27
124000364,418,421,-3
124000365,578,770,-192
124000366,1305,1062,243
124000367,94,199,-105
124000368,452,389,63
124000369,99,112,-13
124000370,27,327,-300
124000402,28,18,10
124000403,142,37,105
124000404,6,47,-41
124000405,639,552,87
124000406,489,480,9
124000407,3,22,-19
124000411,2,112,-110
124000412,409,9,400
124000413,70,21,49
124000414,135,84,51
124000415,61,47,14
124000416,128,108,20
124000417,174,73,101
124000418,181,67,114
124000419,92,67,25
124000420,117,66,51
124000421,62,41,21
124000422,13,8,5
124000423,66,28,38
124000424,11,41,-30
124000425,113,11,102
124000426,1,72,-71
124000427,196,5,191
124000428,0,61,-61
124000429,89,22,67
124000430,783,262,521
124000431,597,277,320
124000432,200,458,-258
124000439,9,2,7
124000443,0,5,-5
124000445,279,1631,-1352
124000446,576,249,327
124000447,15,114,-99
124000448,146,15,131
124000449,206,24,182
124000450,5,54,-49
124000451,1,35,-34
124000452,241,65,176
124000453,2052,2644,-592
124000454,990,3612,-2622
124900001,646,371,275
124900002,115,127,-12
124900003,1048,427,621
124900004,728,231,497
124900005,207,66,141
124900006,770,224,546
124900008,779,406,373
124900009,90,324,-234
124900010,129,222,-93
124900011,456,343,113
124900012,385,78,307
124900013,609,156,453
124900014,313,61,252
124900015,123,279,-156
124900016,80,89,-9
124900017,376,1949,-1573
124900018,78,15,63
124900020,60,35,25
124900021,319,20,299
124900022,46,3,43
124900024,259,11,248
124900026,63,6,57
124900027,121,365,-244
124900028,179,64,115
124900029,31,412,-381
124900030,3,54,-51
124900031,22,104,-82
124900032,149,216,-67
124900033,85,114,-29
124900034,5,59,-54
124900035,103,218,-115
124900036,1,54,-53
124900037,114,119,-5
124900038,182,183,-1
124900039,7,79,-72
124900040,166,105,61
124900041,222,425,-203
124900042,115,3,112
124900043,388,418,-30
124900044,94,1,93
124900045,247,764,-517
124900047,87,107,-20
124900048,203,58,145
124900050,184,108,76
124900052,81,237,-156
124900053,141,144,-3
124900054,750,351,399
124900055,1,122,-121
124900057,6,60,-54
124900060,45,141,-96
124900061,130,3,127
124900062,213,7,206
124900066,1,5,-4
124900067,8,65,-57
124900068,163,459,-296
124900070,84,137,-53
124900072,133,36,97
124900075,264,153,111
124900076,16,1163,-1147
124900077,11,69,-58
124900078,46,17,29
124900079,215,169,46
124900080,325,288,37
124900081,952,268,684
124900082,370,379,-9
124900083,247,263,-16
124900085,480,403,77
124900086,21,974,-953
124900087,232,57,175
124900088,158,71,87
124900089,567,39,528
124900090,355,174,181
124900091,269,181,88
124900092,149,160,-11
124900093,302,104,198
124900094,443,203,240
124900095,97,428,-331
124900096,291,143,148
124900097,304,43,261
124900098,70,175,-105
124900099,171,325,-154
124900100,263,37,226
124900101,78,206,-128
124900102,205,8,197
124900103,144,91,53
124900104,44,101,-57
124900105,87,61,26
124900106,303,16,287
124900107,99,19,80
124900108,84,76,8
124900111,2,127,-125
124900112,64,156,-92
124900113,53,186,-133
124900114,96,123,-27
124900115,121,39,82
124900116,179,192,-13
124900117,195,173,22
124900118,113,469,-356
124900119,337,143,194
124900120,49,226,-177
124900121,49,368,-319
124900122,212,134,78
124900123,189,109,80
124900124,79,216,-137
124900125,173,0,173
124900126,0,97,-97
204000001,173,5,168
204000002,27,4,23
204000003,17,1,16
204000004,3,3,0
204000005,586,393,193
204000006,1116,1149,-33
204000011,9,20,-11
204000012,56,116,-60
204000019,824,365,459
204000020,685,813,-128
204000021,2185,862,1323
204000022,762,436,326
204000023,523,439,84
204000031,35,14,21
204000032,258,17,241
204000034,65,63,2
204000035,0,3,-3
204000036,1,25,-24
204000037,1,38,-37
204000038,3,15,-12
204000039,8,10,-2
204000040,1,7,-6
204000041,7,12,-5
204000042,34,16,18
204000043,45,3,42
204000044,42,1,41
204000045,38,3,35
204000046,8,5,3
204000057,9,5,4
204000062,36,17,19
204000068,22,277,-255
204000069,72,307,-235
204000070,98,74,24
204000080,53,72,-19
204000085,1370,962,408
204000086,1743,1118,625
204000087,69,7,62
204000088,9,90,-81
204000090,123,140,-17
204000093,446,48,398
204000096,1082,801,281
204000097,393,6,387
204000099,964,1422,-458
204000100,1181,1509,-328
204000105,1352,719,633
204000110,403,1160,-757
204000111,421,579,-158
204000112,644,1659,-1015
204000113,278,930,-652
204000114,698,692,6
204000115,682,330,352
204000116,799,1400,-601
204000119,1842,1981,-139
204000132,595,325,270
204000133,734,111,623
204000134,192,58,134
204000135,693,65,628
204000136,501,207,294
204000138,400,541,-141
204000140,192,125,67
204000141,166,59,107
204000144,6,33,-27
204000145,432,25,407
204000146,11,189,-178
204000147,11,146,-135
204000148,177,47,130
204000154,5,3,2
204000155,0,7,-7
204000177,76,29,47
204000179,39,9,30
204000180,1,46,-45
204000222,2,4,-2
204000235,23,6,17
204000236,32,148,-116
204000238,20,17,3
204000240,265,37,228
204000263,510,587,-77
204000268,619,477,142
204000308,113,28,85
204000317,15,35,-20
204000322,10,33,-23
204000323,5,0,5
204000328,135,54,81
204000329,71,116,-45
204000330,116,71,45
204000331,153,135,18
205000001,675,997,-322
205000013,14,38,-24
205000014,16,52,-36
205000015,16,112,-96
205000016,23,88,-65
205000017,23,63,-40
205000022,334,499,-165
205000025,906,661,245
205000029,329,10,319
205000045,111,890,-779
205000046,166,774,-608
205000047,60,325,-265
205000048,304,500,-196
205000049,145,480,-335
205000050,828,216,612
205000059,1,132,-131
205000060,0,80,-80
205000061,1,144,-143
205000062,2,167,-165
205000063,31,173,-142
205000064,17,73,-56
205000065,57,361,-304
205000066,96,405,-309
205000067,38,454,-416
205000069,298,10,288
205000082,137,112,25
205000110,57,142,-85
205000111,182,117,65
205000112,151,152,-1
205000113,120,218,-98
205000121,210,28,182
205000123,30,128,-98
205000126,400,87,313
205000127,928,115,813
205000128,440,62,378
205000129,808,35,773
205000130,87,19,68
205000131,34,5,29
205000132,72,1,71
205000133,34,0,34
205000134,239,1,238
205000137,66,97,-31
205000138,120,193,-73
205000139,30,75,-45
205000144,97,74,23
205000145,288,146,142
205000151,150,16,134
205000152,180,12,168
205000153,220,22,198
205000154,62,16,46
205000155,139,9,130
205000207,11,140,-129
205000233,34,1,33
205000234,0,1,-1
205000243,0,1,-1
205000244,0,2,-2
205000245,2,89,-87
205000249,0,11,-11
205000250,7,1,6
205000264,9,59,-50
206000027,4,3,1
206000028,4,0,4
206000043,1,25,-24
206000053,1,3,-2
206000054,0,12,-12
206000055,2,17,-15
206000075,16,17,-1
206000076,22,28,-6
206000077,21,9,12
206000078,28,7,21
206000079,42,8,34
206000082,251,49,202
206000100,13,270,-257
206000103,6,5,1
206000104,13,23,-10
206000105,6,9,-3
206000106,7,4,3
206000125,88,0,88
206000157,21,261,-240
206000170,0,66,-66
206000171,2,120,-118
206000172,8,139,-131
206000173,1,76,-75
206000174,17,23,-6
206000175,2,32,-30
206000176,5,59,-54
206000177,0,43,-43
206000178,2,134,-132
206000179,0,81,-81
206000180,6,42,-36
206000181,4,25,-21
206000182,7,43,-36
206000183,3,90,-87
206000184,3,117,-114
206000185,11,41,-30
206000186,76,275,-199
206000223,3,125,-122
206000226,8,6,2
206000227,19,1,18
206000237,34,112,-78
206000238,13,233,-220
206000239,159,966,-807
206000240,0,44,-44
206000241,0,46,-46
206000242,5,91,-86
206000243,7,46,-39
206000244,35,167,-132
206000245,968,47,921
206000246,415,10,405
206000247,424,6,418
206000248,464,14,450
206000252,65,40,25
206000258,11,17,-6
206000315,62,5,57
206000317,668,105,563
206000318,932,64,868
206000319,2195,67,2128
206000320,329,34,295
206000321,309,13,296
206000322,479,13,466
206000323,215,9,206
206000324,222,3,219
206000325,142,8,134
206000326,166,16,150
206000327,93,7,86
206000328,233,4,229
206000329,336,3,333
206000330,77,4,73
206000331,276,4,272
206000332,74,1,73
206000333,856,0,856
206000334,307,1,306
206000335,0,20,-20
206000361,6,102,-96
206000392,0,4,-4
206000405,180,0,180
206000441,56,12,44
206000498,48,1,47
206000515,58,36,22
206000530,448,62,386
206000531,261,242,19
206000532,1546,339,1207
206000535,84,2119,-2035
206000536,9,79,-70
206000537,8,85,-77
206000613,1584,215,1369
206000784,497,32,465
207000001,100,425,-325
207000002,86,388,-302
207000003,119,128,-9
207000007,1390,211,1179
207000008,134,9,125
207000009,76,34,42
207000010,282,227,55
207000012,417,142,275
207000015,195,576,-381
207000019,240,56,184
207000021,373,171,202
207000022,153,121,32
207000023,187,43,144
207000024,1,21,-20
207000025,17,76,-59
207000026,72,31,41
207000027,8,49,-41
207000028,72,104,-32
207000029,148,279,-131
207000033,196,430,-234
207000034,255,125,130
207000039,496,64,432
207000040,545,42,503
207000041,37,12,25
207000042,195,43,152
207000043,194,115,79
207000051,101,186,-85
207000052,9,103,-94
207000053,326,313,13
207000054,45,75,-30
207000055,158,66,92
207000056,222,189,33
207000057,106,283,-177
207000058,169,230,-61
207000059,115,245,-130
207000060,64,177,-113
207000061,133,789,-656
207000062,488,27,461
207000063,462,63,399
207000064,327,86,241
207000065,400,158,242
207000066,374,146,228
207000067,48,71,-23
207000068,136,60,76
207000069,678,243,435
207000082,22,121,-99
207000083,93,172,-79
207000084,347,269,78
207000085,288,31,257
207000086,288,4,284
207000106,31,17,14
207000107,118,14,104
207000108,69,15,54
207000109,64,14,50
207000110,76,36,40
207000111,82,66,16
207000112,73,608,-535
207000114,24,34,-10
207000115,21,25,-4
207000116,15,309,-294
207000117,11,70,-59
207000118,9,39,-30
207000119,25,50,-25
207000123,186,15,171
207000124,95,28,67
207000125,81,22,59
207000126,64,31,33
207000134,132,78,54
207000135,49,124,-75
207000148,120,284,-164
207000149,48,19,29
207000152,86,323,-237
207000153,315,866,-551
207000154,366,118,248
207000159,83,91,-8
207000160,111,152,-41
207000238,0,134,-134
207000242,9,64,-55
207000248,26,10,16
207000249,91,19,72
207000250,303,79,224
207000251,77,61,16
207000252,21,33,-12
207000278,122,73,49
207000279,19,71,-52
207000280,834,57,777
207000281,93,442,-349
207000282,86,171,-85
207000283,53,243,-190
207000284,32,436,-404
207000285,66,131,-65
207000291,6,66,-60
207000304,48,44,4
207000306,49,245,-196
207000310,93,64,29
207000353,143,3,140
207000356,5,43,-38
207000357,21,28,-7
207000358,5,16,-11
207000415,2,59,-57
207000417,40,3,37
207000418,116,101,15
207000438,0,0,0
207000439,517,507,10
207000446,157,5,152
207000460,37,5,32
207000466,83,91,-8
207000467,312,64,248
207000468,39,129,-90
207000476,11,37,-26
207000477,619,48,571
207000478,0,57,-57
207000523,0,17,-17
207000524,77,0,77
207000527,130,104,26
207000530,482,7,475
207000531,294,7,287
207000532,58,27,31
207000534,186,26,160
207000535,33,216,-183
207000537,21,58,-37
207000540,7,66,-59
207000541,5,164,-159
207000548,13,88,-75
207000549,317,10,307
207000561,164,156,8
207000562,29,101,-72
207000567,94,165,-71
207000568,472,42,430
207000569,780,294,486
207000584,108,94,14
207000585,25,195,-170
207000587,213,16,197
207000616,0,90,-90
207000617,115,0,115
207000624,54,30,24
207000631,20,49,-29
207900008,352,44,308
208000001,496,1100,-604
208000002,733,530,203
208000003,1007,387,620
208000004,787,608,179
208000005,5,11,-6
208000019,571,626,-55
208000020,144,318,-174
208000021,232,182,50
208000022,891,326,565
208000028,648,1089,-441
208000033,533,427,106
208000034,839,1182,-343
208000037,287,9,278
208000040,111,79,32
208000041,639,382,257
208000042,601,480,121
208000047,139,146,-7
208000064,1636,1234,402
208000066,1204,2034,-830
208000070,362,319,43
208000071,648,439,209
208000072,464,714,-250
208000080,253,272,-19
208000081,352,126,226
208000082,319,156,163
208000083,158,223,-65
208000084,8,21,-13
208000085,563,447,116
208000086,451,791,-340
208000087,348,578,-230
208000089,1017,236,781
208000090,983,399,584
208000093,132,162,-30
208000094,469,279,190
208000095,646,380,266
208000104,997,507,490
208000105,566,660,-94
208000114,82,269,-187
208000115,428,207,221
208000116,574,828,-254
208000117,88,136,-48
208000118,117,151,-34
208000155,574,953,-379
208000158,1183,2892,-1709
208000186,1835,3138,-1303
208000204,542,779,-237
208000205,1079,556,523
208000282,2397,2166,231
209000004,425,200,225
209000005,52,41,11
209000006,355,235,120
209000007,231,287,-56
209000010,199,103,96
209000011,91,177,-86
209000012,80,104,-24
209000013,162,133,29
209000014,329,370,-41
209000025,445,49,396
209000026,688,93,595
209000027,254,391,-137
209000028,265,306,-41
209000029,168,376,-208
209000030,296,740,-444
209000031,1536,944,592
209000034,198,276,-78
209000035,137,224,-87
209000036,222,102,120
209000037,318,165,153
209000038,136,136,0
209000039,59,132,-73
209000040,221,345,-124
209000041,155,279,-124
209000042,227,189,38
209000043,451,554,-103
209000044,178,543,-365
209000045,822,301,521
209000046,509,342,167
209000047,297,117,180
209000048,473,242,231
209000049,82,56,26
209000050,133,64,69
209000051,211,137,74
209000052,128,116,12
209000062,76,52,24
209000063,67,39,28
209000064,30,33,-3
209000065,107,12,95
209000066,98,9,89
209000067,140,37,103
209000080,31,155,-124
209000082,50,35,15
209000091,10,52,-42
209000093,26,8,18
209000094,58,104,-46
209000110,35,115,-80
209000111,546,1539,-993
209000112,998,549,449
209000113,1513,585,928
209000114,738,403,335
209000115,68,68,0
209000116,385,149,236
209000118,19,22,-3
209000119,11,12,-1
209000121,83,313,-230
209000135,21,149,-128
209000142,571,1376,-805
209000143,34,26,8
209000144,29,100,-71
209000229,194,104,90
209000240,40,149,-109
209000259,53,29,24
209000260,42,489,-447
209000261,8,260,-252
209000262,1,186,-185
209000263,1,174,-173
209000264,1,285,-284
209000265,307,12,295
209000266,78,1,77
209000267,919,8,911
209000268,371,42,329
210000037,72,21,51
210000047,54,10,44
210000048,95,9,86
210000049,63,6,57
210000052,42,36,6
210000053,20,28,-8
210000054,34,58,-24
210000070,130,0,130
210000071,70,0,70
210000072,12,0,12
210000073,0,19,-19
210000074,1,75,-74
210000075,2,122,-120
210000076,0,139,-139
210000077,11,26,-15
210000078,44,51,-7
210000079,25,13,12
210000080,36,82,-46
210000081,124,13,111
210000082,90,1,89
210000083,90,1,89
210000084,38,0,38
210000085,0,25,-25
210000086,1,43,-42
210000099,22,137,-115
210000100,30,81,-51
210000101,51,121,-70
210000105,32,137,-105
210000159,1,139,-138
210000163,78,155,-77
210000164,181,132,49
210000168,82,35,47
210000187,0,22,-22
210000188,0,14,-14
210000214,20,0,20
210000219,25,36,-11
210000220,66,36,30
210000232,1,12,-11
210000233,12,49,-37
210000234,19,65,-46
210000235,60,32,28
210000245,0,29,-29
210000246,18,3,15
210000258,12,34,-22
210000259,264,38,226
210000282,41,167,-126
210000285,0,113,-113
210000286,19,70,-51
210000290,8,13,-5
210000295,24,87,-63
210000296,26,23,3
210000320,175,37,138
210000321,85,30,55
210000338,36,54,-18
210000339,116,727,-611
210000340,71,257,-186
210000341,202,227,-25
210000342,166,147,19
210000343,144,137,7
210000344,107,117,-10
210000345,125,174,-49
210000346,64,91,-27
210000347,19,59,-40
210000348,106,43,63
210000349,65,18,47
210000350,131,37,94
210000351,171,66,105
210000352,70,36,34
210000353,40,32,8
210000354,50,42,8
210000355,44,28,16
210000356,19,37,-18
210000357,26,41,-15
210000358,140,151,-11
210000359,51,85,-34
210000360,129,123,6
210000361,158,103,55
210000362,188,148,40
210000363,337,175,162
210000364,99,115,-16
210000365,171,55,116
210000366,134,52,82
210000367,79,24,55
210000368,115,24,91
210000369,11,13,-2
210000370,27,27,0
210000372,3,28,-25
210000373,17,21,-4
210000374,30,20,10
210000375,30,42,-12
210000376,39,57,-18
210000404,37,116,-79
210000439,21,16,5
210000472,58,1,57
210000482,35,89,-54
210000564,137,193,-56
210000567,3,36,-33
210000568,171,0,171
211000092,57,19,38
211000094,44,2,42
211000169,189,11,178
211000172,13,130,-117
211000209,2,27,-25
211000226,4,76,-72
211000270,31,17,14
211000275,27,9,18
211000276,74,7,67
211000279,17,23,-6
211000281,56,27,29
211000302,29,14,15
211507980,0,76,-76
211977296,23,11,12
212000003,99,15,84
212000004,9,32,-23
212000005,8,62,-54
212000006,22,42,-20
212000008,149,87,62
212000009,25,78,-53
212000012,70,36,34
212000013,28,45,-17
212000014,247,86,161
212000015,311,191,120
212000016,364,343,21
212000027,507,198,309
212000028,274,265,9
212000029,194,145,49
212000030,46,20,26
212000031,53,14,39
212000048,21,173,-152
212000049,11,209,-198
212000050,15,28,-13
212000051,231,77,154
212000052,177,121,56
212000053,289,253,36
212000054,301,56,245
212000055,275,93,182
212000056,14,18,-4
212000057,13,22,-9
212000058,117,30,87
212000070,114,111,3
212000077,110,340,-230
212000099,257,175,82
212000108,157,71,86
212000111,218,57,161
212000120,97,52,45
212000138,143,15,128
212000156,9,65,-56
212000158,8,20,-12
212000159,412,40,372
212000160,657,169,488
212000161,69,8,61
212000310,35,12,23
212000311,10,37,-27
212000374,27,5,22
213000001,30,236,-206
213000005,278,118,160
213000006,557,271,286
213000007,61,13,48
213000009,307,329,-22
213000010,172,206,-34
213000011,187,72,115
213000012,152,193,-41
213000014,83,14,69
213000015,268,3,265
213000016,327,1,326
213000017,86,0,86
213000018,0,41,-41
213000019,2,81,-79
213000020,132,184,-52
213000021,4,78,-74
213000023,360,184,176
213000033,260,1208,-948
213000034,364,126,238
213000035,115,162,-47
213000045,178,229,-51
213000046,165,118,47
213000047,445,945,-500
213000056,103,12,91
213000069,92,6,86
213000073,0,37,-37
213000074,80,358,-278
213000075,490,4,486
213000076,19,1,18
213000085,7,22,-15
213000086,9,129,-120
213000091,282,9,273
213000092,71,9,62
213000099,194,949,-755
213000100,707,235,472
213000101,492,55,437
213000102,554,121,433
213000103,651,469,182
213000104,54,230,-176
213000105,58,1122,-1064
213000106,23,89,-66
213000107,153,266,-113
213000108,51,194,-143
213000109,7,154,-147
213000110,11,84,-73
213000111,10,65,-55
213000112,112,96,16
213000115,39,4,35
213000116,53,307,-254
213000117,3,374,-371
213000118,508,189,319
213000119,29,388,-359
213000120,94,242,-148
213000122,90,230,-140
213000123,245,449,-204
213000124,155,574,-419
213000125,171,26,145
213000126,13,98,-85
213000127,71,142,-71
213000128,175,819,-644
213000129,162,664,-502
213000130,843,321,522
213000132,529,114,415
213000133,797,37,760
213000134,901,22,879
213000136,414,13,401
213000137,577,65,512
213000139,228,29,199
213000147,32,14,18
213000148,4,19,-15
213000149,36,8,28
213000150,0,205,-205
213000151,3,185,-182
213000152,1,156,-155
213000153,3,134,-131
213000154,44,113,-69
213000155,25,101,-76
213000156,117,244,-127
213000157,535,298,237
213000158,230,620,-390
213000159,318,308,10
213000163,1079,116,963
213000165,696,294,402
213000171,64,59,5
213000172,91,164,-73
213000173,48,101,-53
213000174,4,51,-47
213000175,60,35,25
213000176,5,105,-100
213000177,42,9,33
213000178,154,8,146
213000179,279,43,236
213000180,220,68,152
213000184,84,283,-199
213000188,366,81,285
213000189,440,30,410
213000190,636,481,155
213000191,434,234,200
213000192,262,182,80
213000193,496,207,289
213000194,1,101,-100
213000195,14,302,-288
213000196,220,1046,-826
213000197,397,405,-8
213000198,21,1,20
213000200,117,396,-279
213000201,29,35,-6
213000202,7,385,-378
213000203,1780,524,1256
213000204,672,44,628
213000205,256,64,192
213000206,411,28,383
213000207,77,6,71
213000208,44,3,41
213000209,125,3,122
213000210,225,6,219
213000211,12,16,-4
213000212,8,33,-25
213000213,22,69,-47
213000218,193,306,-113
213000219,491,11,480
213000220,404,11,393
213000223,177,197,-20
213000224,27,63,-36
213000225,86,25,61
213000226,89,32,57
213000227,890,181,709
213000228,450,109,341
213000229,46,30,16
213000230,586,24,562
213000232,70,531,-461
213000233,14,102,-88
213000234,5,98,-93
213000293,35,63,-28
213000294,146,27,119
213000295,34,105,-71
213000296,32,21,11
213000297,15,74,-59
213000298,4,52,-48
213000299,37,25,12
213000300,5,6,-1
213000303,12,33,-21
213000304,0,11,-11
213000305,6,35,-29
213000306,21,48,-27
213000307,76,67,9
213000308,59,112,-53
213000309,156,53,103
213000310,480,200,280
213000311,168,728,-560
213000315,74,91,-17
213000316,135,32,103
213000322,48,28,20
213000323,59,25,34
213000340,168,270,-102
213000341,602,67,535
213000346,171,254,-83
213000347,373,403,-30
213000348,5,168,-163
213000349,8,16,-8
213000350,265,574,-309
213000366,83,115,-32
213000367,354,20,334
213000379,28,96,-68
213000386,24,166,-142
213000406,101,225,-124
213000417,1066,371,695
213000425,229,20,209
213000426,189,33,156
213000427,54,96,-42
213000428,44,66,-22
213000429,6,5,1
213000430,93,234,-141
213000431,14,7,7
213000432,2,28,-26
213000433,19,67,-48
213000434,135,68,67
213000435,102,58,44
213000439,47,7,40
213000441,2,3,-1
213000443,300,184,116
213000445,0,61,-61
213000446,0,21,-21
213000447,3,49,-46
213000448,9,125,-116
213000449,477,5,472
213000450,18,29,-11
213000451,244,42,202
213000452,15,14,1
213000453,34,144,-110
213000455,112,6,106
213000456,0,148,-148
213000481,3,4,-1
213000482,39,2,37
213000489,161,75,86
213000491,8,214,-206
213000492,140,1,139
213000493,4,141,-137
213000494,248,83,165
213000495,1,37,-36
213000496,304,95,209
213000497,43,162,-119
213000498,138,77,61
213000499,124,134,-10
213000500,417,45,372
213000501,155,24,131
213000502,125,92,33
213000503,0,34,-34
213000504,16,33,-17
213000505,7,10,-3
213000506,0,6,-6
213000507,1,71,-70
213900244,51,0,51
213900245,0,11,-11
218000003,22,34,-12
218000004,27,50,-23
218000005,29,32,-3
218000006,48,24,24
218000007,20,9,11
218000012,83,136,-53
218000013,145,102,43
218000014,255,289,-34
218000019,326,403,-77
218000020,166,252,-86
218000040,18,3,15
218000046,45,28,17
218000047,12,47,-35
218000048,46,58,-12
218000049,63,52,11
218000050,267,125,142
218000051,42,96,-54
218000052,0,48,-48
218000053,1,13,-12
218000054,5,57,-52
218000055,5,14,-9
218000056,32,27,5
218000057,2,27,-25
218000064,1,3,-2
218000065,50,18,32
218000066,14,30,-16
218000067,81,33,48
218000068,120,51,69
218000069,263,51,212
218000070,234,166,68
218000071,183,156,27
218000072,143,159,-16
218000078,964,375,589
218000079,146,39,107
218000080,119,47,72
218000081,495,101,394
218000082,67,70,-3
218000083,70,35,35
218000084,120,59,61
218000085,153,154,-1
218000086,70,51,19
218000087,247,72,175
218000090,17,130,-113
218000091,993,458,535
218000092,137,92,45
218000093,64,39,25
218000094,371,458,-87
218000099,227,506,-279
218000100,305,197,108
218000101,318,148,170
218000102,419,122,297
218000103,102,56,46
218000104,73,19,54
218000105,33,21,12
218000106,16,9,7
218000107,43,14,29
218000108,3,21,-18
218000112,114,23,91
218000117,50,60,-10
218000134,503,225,278
218000135,25,79,-54
218000136,122,93,29
218000137,176,148,28
218000138,43,84,-41
218000139,169,204,-35
218000140,395,222,173
218000141,71,36,35
218000142,185,134,51
218000143,50,252,-202
218000144,27,88,-61
218000145,397,185,212
218000146,82,130,-48
218000151,10,21,-11
218000152,104,39,65
218000170,11,19,-8
218000171,70,9,61
218000172,10,13,-3
218000173,30,21,9
218000174,17,9,8
218000176,317,59,258
218000177,400,176,224
218000178,93,172,-79
218000179,128,35,93
218000180,124,19,105
218000181,304,43,261
218000187,17,64,-47
218000188,22,76,-54
218000189,19,59,-40
218000190,2,10,-8
218000191,194,38,156
218000192,194,102,92
218000193,427,247,180
218000194,114,187,-73
218000195,105,43,62
218000196,323,190,133
218000197,424,188,236
218000198,47,66,-19
218000199,42,19,23
218000200,58,36,22
218000201,28,16,12
218000202,94,335,-241
218000207,3,16,-13
218000208,42,61,-19
218000211,31,33,-2
218000213,93,62,31
218000214,6,24,-18
218000215,29,18,11
218000217,6,50,-44
218000218,196,39,157
218000219,5,18,-13
218000220,46,222,-176
218000221,438,208,230
218000222,3,42,-39
218000223,29,306,-277
218000224,4,93,-89
218000225,314,36,278
218000226,212,52,160
218000232,37,24,13
218000239,134,11,123
218000240,10,4,6
218000241,32,1,31
218000242,15,4,11
218000243,37,13,24
218000244,18,27,-9
218000245,20,5,15
218000246,0,0,0
218000247,5,0,5
218000248,1,43,-42
218000249,1,9,-8
218000250,8,13,-5
218000251,13,172,-159
218000252,21,1875,-1854
218000253,13,614,-601
218000254,1,157,-156
218000255,5,74,-69
218000256,33,181,-148
218000267,360,858,-498
218000268,8,27,-19
218000269,1,16,-15
218000270,106,33,73
218000271,13,38,-25
218000273,29,2,27
218000274,33,2,31
218000275,48,49,-1
218000276,16,17,-1
218000278,19,45,-26
218000279,100,24,76
218000280,1,36,-35
218000281,7,31,-24
218000282,414,569,-155
218000284,53,3,50
218000301,59,127,-68
218000302,70,39,31
218000303,19,82,-63
218000316,676,469,207
218000317,1388,483,905
218000318,891,411,480
218000319,1175,538,637
218000320,883,354,529
218000338,42,52,-10
218000345,75,48,27
218000346,44,126,-82
218000459,22,98,-76
218000490,32,64,-32
218000501,89,13,76
218000502,60,32,28
218000503,75,12,63
218000504,100,25,75
218000505,40,70,-30
218000506,16,166,-150
218000508,3,7,-4
218000510,112,13,99
218000520,104,72,32
218000521,23,28,-5
218000522,0,111,-111
218000523,131,2,129
218000524,8,223,-215
218000525,121,20,101
218000526,13,138,-125
218000529,34,104,-70
218000531,16,12,4
218000532,31,8,23
218000534,156,13,143
218000537,25,59,-34
218000538,84,250,-166
218000540,94,94,0
218000543,108,55,53
218000544,19,43,-24
218000545,73,94,-21
218000546,39,40,-1
218000547,97,145,-48
218000548,78,81,-3
218000549,532,283,249
218000550,149,220,-71
218000551,72,536,-464
218000552,239,58,181
218000553,35,112,-77
218000554,26,67,-41
218000555,20,77,-57
218000556,254,116,138
218000557,324,148,176
218000558,62,0,62
218000559,0,63,-63
218000560,0,43,-43
218000561,11,0,11
218000562,24,178,-154
218000563,177,40,137
218000564,6,97,-91
218000565,114,21,93
218000566,76,34,42
218000567,1,122,-121
218000568,24,1,23
218000569,4,120,-116
218000570,68,15,53
218000571,1,120,-119
218000572,138,0,138
218000573,7,316,-309
218000574,57,28,29
218000575,161,0,161
218000576,1,72,-71
218000577,94,1,93
218000578,0,69,-69
218000579,25,14,11
218000581,4,58,-54
218000582,40,2,38
218000583,4,0,4
218000584,0,43,-43
218000585,45,2,43
218000586,8,53,-45
218000587,0,1,-1
218000588,0,7,-7
218000589,0,7,-7
218000590,1,2,-1
218000591,0,3,-3
218000592,7,10,-3
218000593,3,4,-1
218000594,4,7,-3
218000597,0,2,-2
218000598,0,0,0
218000599,5,0,5
218000600,0,0,0
218000601,1,0,1
218000602,0,1,-1
218000603,0,1,-1
218000604,7,0,7
218000605,0,68,-68
218000606,105,2,103
218000607,12,29,-17
218000608,39,11,28
218000609,9,43,-34
218000610,54,6,48
218000611,29,1,28
218000612,1,33,-32
218000613,69,1,68
218000614,0,28,-28
218000615,140,0,140
218000616,4,105,-101
218000617,6,0,6
218000618,0,26,-26
218000619,16,16,0
218000620,2,10,-8
218000621,0,0,0
218000622,0,25,-25
218000623,35,0,35
218000624,0,39,-39
218000625,2,6,-4
218000626,0,36,-36
218000628,231,53,178
218000631,37,18,19
218000632,0,149,-149
218000633,77,0,77
218000634,6,29,-23
218000635,11,21,-10
218000636,712,505,207
218000637,1090,231,859
218000638,236,22,214
218000639,16,72,-56
218000640,289,23,266
218000641,105,118,-13
218000652,23,11,12
218000653,246,74,172
218000663,10,116,-106
218000675,45,40,5
218000680,170,248,-78
218000681,382,86,296
218000691,212,80,132
218000693,357,99,258
218000718,52,462,-410
218000719,106,306,-200
218000720,8,346,-338
218000721,84,26,58
218001147,5,88,-83
218001214,19,70,-51
218001258,250,9,241
218001329,159,87,72
218001330,106,85,21
218001351,27,32,-5
218001352,10,27,-17
218001353,12,11,1
218001354,10,40,-30
218001355,24,129,-105
218001356,427,45,382
218001357,32,78,-46
218001358,274,25,249
218001361,393,4,389
218001362,0,69,-69
219000001,21,23,-2
219000002,23,26,-3
219000003,39,37,2
219000004,42,30,12
219000017,57,62,-5
219000020,165,27,138
219000022,96,3,93
219000023,58,2,56
219000029,0,32,-32
219000034,39,19,20
219000039,66,161,-95
219000040,46,94,-48
219000041,119,13,106
219000051,0,33,-33
219000052,0,27,-27
219000053,1,70,-69
219000055,278,0,278
219000056,8,0,8
219000057,52,0,52
219000062,20,40,-20
219000063,85,15,70
219000064,0,56,-56
219000110,280,82,198
219000111,68,32,36
219000112,200,63,137
219000113,165,46,119
219000114,93,49,44
219000116,128,36,92
219000117,109,76,33
219000118,108,47,61
219000123,177,63,114
219000124,79,50,29
219000125,13,14,-1
219000126,51,87,-36
219000127,0,12,-12
219000128,16,102,-86
219000129,18,123,-105
219000130,257,491,-234
219000131,634,805,-171
219000133,53,66,-13
219000134,10,32,-22
219000135,30,56,-26
219000136,74,203,-129
219000138,38,22,16
219000139,46,34,12
219000140,64,3,61
219000141,34,56,-22
219000142,8,55,-47
219000143,9,27,-18
219000145,18,33,-15
219000146,0,31,-31
219000147,0,16,-16
219000148,0,9,-9
219000149,6,43,-37
219000150,1,33,-32
219000151,2,26,-24
219000157,231,90,141
219000158,160,164,-4
219000161,138,11,127
219000163,769,427,342
219000166,89,129,-40
219000167,100,124,-24
219000168,256,83,173
219000174,439,103,336
219000175,85,7,78
219000176,163,10,153
219000177,71,3,68
219000178,74,1,73
219000179,23,5,18
219000180,31,23,8
219000182,125,18,107
219000183,72,19,53
219000184,117,8,109
219000185,0,16,-16
219000186,91,13,78
219000187,12,54,-42
219000189,43,196,-153
219000190,78,167,-89
219000191,276,1367,-1091
219000192,155,136,19
219000193,165,93,72
219000195,6,37,-31
219000196,9,93,-84
219000198,7,45,-38
219000199,36,101,-65
219000200,31,101,-70
219000201,67,98,-31
219000203,13,109,-96
219000204,86,227,-141
219000205,36,145,-109
219000207,115,243,-128
219000209,38,42,-4
219000210,10,61,-51
219000213,10,75,-65
219000239,135,171,-36
219000240,223,314,-91
219000241,134,112,22
219000242,43,81,-38
219000243,56,163,-107
219000244,19,42,-23
219000245,40,45,-5
219000246,36,28,8
219000247,193,27,166
219000248,393,349,44
219000249,127,106,21
219000250,109,78,31
219000251,427,257,170
219000252,223,138,85
219000253,418,101,317
219000255,158,108,50
219000256,248,52,196
219000257,96,0,96
219000262,66,69,-3
219000263,68,78,-10
219000267,5,38,-33
219000268,1,7,-6
219000269,3,14,-11
219000270,15,0,15
219000271,193,0,193
219000278,2,6,-4
219000279,0,7,-7
219000283,1,14,-13
219000295,6,61,-55
219000296,49,224,-175
219000297,22,45,-23
219000298,8,53,-45
219000299,301,41,260
219000300,27,70,-43
219000301,129,266,-137
219000302,23,194,-171
219000307,15,25,-10
219000308,40,64,-24
219000311,213,78,135
219000312,436,199,237
219000313,449,35,414
219000314,43,154,-111
219000315,287,19,268
219000316,543,40,503
219000317,143,13,130
219000320,1,47,-46
219000321,0,30,-30
219000323,3,30,-27
219000325,2,15,-13
219000326,42,48,-6
219000327,51,18,33
219000328,16,46,-30
219000329,213,108,105
219000330,22,24,-2
219000331,38,17,21
219000332,121,85,36
219000333,30,0,30
219000335,70,3,67
219000337,26,0,26
219000338,49,0,49
219000344,8,49,-41
219000345,28,55,-27
219000346,20,38,-18
219000348,110,32,78
219000349,73,74,-1
219000350,101,370,-269
219000351,4,10,-6
219000352,334,64,270
219000353,111,55,56
219000354,227,81,146
219000355,150,64,86
219000356,399,1318,-919
219000363,155,89,66
219000364,104,47,57
219000365,107,23,84
219000366,182,362,-180
219000368,283,489,-206
219000370,626,635,-9
219000371,13,26,-13
219000382,9,19,-10
219000383,325,1099,-774
219000385,250,494,-244
219000386,477,1485,-1008
219000387,2,15,-13
219000390,5,1,4
219000391,0,0,0
219000397,30,22,8
219000398,32,35,-3
219000401,10,68,-58
219000402,22,54,-32
219000403,91,275,-184
219000404,16,89,-73
219000407,3,39,-36
219000409,61,48,13
219000410,139,44,95
219000411,64,9,55
219000446,44,284,-240
219000447,0,24,-24
219000448,11,16,-5
219000452,62,79,-17
219000453,44,149,-105
219000454,133,303,-170
219000556,246,73,173
219000558,96,106,-10
219000590,21,114,-93
219000591,123,41,82
219000592,67,232,-165
219000595,3,6,-3
219000635,124,19,105
219000636,34,25,9
219000657,14,25,-11
219000658,16,113,-97
219000673,1,15,-14
219000676,11,4,7
219000679,28,18,10
219000684,74,1,73
219000685,1,28,-27
219000686,0,1,-1
219000688,0,36,-36
219000689,30,149,-119
219000690,145,14,131
219000691,25,128,-103
219000692,93,12,81
219000693,1,7,-6
219000694,9,0,9
219000695,34,2,32
219000698,14,1,13
219000699,0,19,-19
219000727,3,68,-65
219000728,109,1,108
219000770,14,4,10
219000771,3,25,-22
219000788,279,308,-29
219001150,1,31,-30
219001151,2,5,-3
219001166,31,38,-7
219001167,0,46,-46
219001178,50,0,50
220000001,14,83,-69
220000002,3,89,-86
220000003,230,103,127
220000004,220,186,34
220000005,543,870,-327
220000006,145,463,-318
220000007,371,161,210
220000008,221,383,-162
220000009,236,267,-31
220000010,103,65,38
220000011,321,3085,-2764
220000012,51,177,-126
220000014,119,42,77
220000015,72,345,-273
220000017,22,151,-129
220000018,3656,810,2846
220000019,70,383,-313
220000020,350,132,218
220000021,707,109,598
220000022,881,281,600
220000023,403,127,276
220000024,1072,355,717
220000025,563,1045,-482
220000026,186,385,-199
220000027,21,101,-80
220000028,28,55,-27
220000029,33,66,-33
220000030,27,68,-41
220000031,479,252,227
220000064,14,873,-859
221000046,2,0,2
221000047,0,0,0
221000048,0,1,-1
221000049,0,9,-9
221000050,9,0,9
221000055,29,35,-6
221000068,225,123,102
221000069,243,55,188
221000070,171,19,152
221000071,112,13,99
221000072,206,16,190
221000073,194,23,171
221000074,0,15,-15
221000075,9,25,-16
221000076,16,24,-8
221000077,19,97,-78
221000081,56,7,49
221000082,91,4,87
221000083,7,4,3
221000084,10,2,8
221000085,24,33,-9
221000086,12,71,-59
221000087,3,97,-94
221000088,13,98,-85
221000089,13,138,-125
221000090,74,358,-284
221000098,119,15,104
221000099,186,13,173
221000100,94,5,89
221000101,308,26,282
221000103,4,21,-17
221000104,12,17,-5
221000107,82,5,77
221000108,47,22,25
221000111,13,109,-96
221000112,20,80,-60
221000113,21,78,-57
221000114,8,71,-63
221000120,34,31,3
221000121,9,46,-37
221000122,29,25,4
221000123,10,10,0
221000124,20,112,-92
221000155,97,17,80
221000156,81,40,41
221000175,0,12,-12
221000176,1,2,-1
221000182,59,4,55
221000241,471,263,208
221000242,101,293,-192
221000243,544,206,338
221000244,203,358,-155
221000245,111,82,29
221000246,40,218,-178
221000247,142,76,66
221000248,141,127,14
221000267,36,446,-410
221000325,31,41,-10
221000331,7,29,-22
221000338,32,31,1
221000378,212,20,192
221000381,38,56,-18
222000282,24,2,22
222000296,1,12,-11
222000568,312,27,285
222000569,176,33,143
222000570,109,34,75
222000571,411,21,390
222000577,8,72,-64
222000578,19,93,-74
222000579,34,75,-41
222000580,32,432,-400
222000599,0,93,-93
222000600,2,191,-189
222000601,8,487,-479
222000603,11,42,-31
222000604,4,49,-45
222000605,26,72,-46
222000606,0,33,-33
222000607,2,12,-10
222000608,16,43,-27
222000609,28,59,-31
222000616,438,15,423
222000617,13,13,0
222000618,11,10,1
222000620,16,38,-22
222000621,32,20,12
222000623,539,3,536
222000624,346,1,345
222000625,536,18,518
222000636,46,4,42
222000686,33,23,10
222000687,36,26,10
222001066,236,2,234
222001067,13,3,10
222001068,52,9,43
222001069,58,12,46
222001082,15,15,0
222001083,23,22,1
222001084,1,27,-26
222001085,0,81,-81
222001111,28,46,-18
222001112,180,8,172
222001313,18,11,7
222001314,4,106,-102
222001464,309,39,270
222001465,18,78,-60
222001484,163,24,139
222001485,11,44,-33
222001494,653,106,547
222001495,84,126,-42
222001496,454,71,383
222001497,76,176,-100
222001502,14,32,-18
222001503,134,30,104
222001504,18,161,-143
222001505,299,7,292
222001506,66,263,-197
222001507,247,14,233
222001510,566,15,551
222001511,57,136,-79
222001514,599,117,482
222001515,96,239,-143
222001518,433,40,393
222001519,52,113,-61
222001527,196,28,168
222001528,27,89,-62
222001529,330,25,305
222001530,64,110,-46
222001533,127,110,17
222001534,353,43,310
222001535,246,231,15
222001536,35,105,-70
222001537,337,21,316
222001538,29,198,-169
222001563,1003,68,935
222001564,80,213,-133
222001568,240,182,58
222001576,1,0,1
222001579,0,12,-12
222001583,5,55,-50
222001584,111,12,99
222001596,498,919,-421
222001597,1434,365,1069
222001626,0,85,-85
222001650,23,166,-143
222001651,27,282,-255
222001914,217,38,179
222001915,26,190,-164
222001968,501,227,274
222001969,289,316,-27
222001970,153,355,-202
222001971,21,3,18
222001972,3,9,-6
225000001,317,135,182
225000002,552,118,434
225000003,616,74,542
225000004,371,140,231
225000005,108,48,60
225000006,1,144,-143
225000007,736,891,-155
225000010,223,11,212
225000011,199,964,-765
225000012,186,456,-270
225000013,61,105,-44
225000014,570,99,471
225000015,58,69,-11
225000021,604,115,489
225000027,118,282,-164
225000032,564,84,480
225000042,64,319,-255
225000049,81,35,46
225000050,76,10,66
225000053,6,149,-143
225000058,673,165,508
225000067,164,85,79
225000068,71,131,-60
225000069,77,265,-188
225000070,73,159,-86
225000071,33,51,-18
225000075,20,400,-380
225000076,45,85,-40
225000078,53,26,27
225000085,101,95,6
225000086,222,32,190
225000087,112,6,106
225000088,12,112,-100
225000089,95,708,-613
225000090,32,360,-328
225000091,144,73,71
225000092,26,36,-10
225000093,161,154,7
225000094,10,113,-103
225000095,166,182,-16
225000096,183,287,-104
225000098,585,228,357
225000099,340,137,203
225000100,409,122,287
225000104,78,210,-132
225000110,5,191,-186
225000111,132,477,-345
225000112,179,626,-447
225000113,129,449,-320
225000114,67,229,-162
225000115,827,421,406
225000116,549,140,409
225000117,592,227,365
225000118,820,170,650
225000119,280,48,232
225000120,663,20,643
225000121,151,14,137
225000123,407,5,402
225000125,496,138,358
225000126,622,157,465
225000127,465,1097,-632
225000128,415,673,-258
225000132,433,37,396
225000133,274,35,239
225000134,554,116,438
225000135,37,16,21
225000136,310,7,303
225000137,227,19,208
225000138,440,57,383
225000143,28,136,-108
225000144,3,204,-201
225000145,54,14,40
225000146,47,34,13
225000147,41,76,-35
225000148,0,53,-53
225000149,37,165,-128
225000151,28,101,-73
225000155,308,263,45
225000156,139,567,-428
225000157,272,223,49
225000158,62,123,-61
225000171,1,106,-105
225000180,45,28,17
225000181,0,56,-56
225000182,70,2,68
225000185,2,282,-280
225000187,51,247,-196
225000191,49,2,47
225000194,0,19,-19
225000208,1,31,-30
225000209,84,2,82
225000210,3,133,-130
225000217,0,10,-10
225000218,11,0,11
225000223,0,36,-36
225000224,36,1,35
225000225,0,21,-21
225000226,35,2,33
225000227,21,63,-42
225000228,9,3,6
225000229,0,42,-42
225000230,9,0,9
225000231,0,39,-39
225000232,116,0,116
225000241,65,2,63
225000242,2,49,-47
225000249,14,0,14
225000250,45,267,-222
225000251,359,32,327
226000042,134,209,-75
226000043,58,162,-104
226000044,79,214,-135
226000045,36,120,-84
226000046,466,97,369
226000047,383,102,281
226000048,322,124,198
226000049,273,199,74
226000070,1,15,-14
226000071,0,68,-68
226000072,0,12,-12
226000073,0,9,-9
226000074,0,4,-4
226000084,0,20,-20
226000085,2,5,-3
226000086,0,7,-7
226000087,2,17,-15
226000088,15,10,5
226000090,283,112,171
226000091,13,31,-18
226000092,1,7,-6
226000093,12,0,12
226000094,5,5,0
226000095,13,0,13
226000105,7,13,-6
226000106,8,0,8
226000107,6,0,6
226000108,15,5,10
226000109,114,0,114
226000124,88,71,17
226000134,735,421,314
226000135,1347,466,881
226000136,518,324,194
226000137,2,177,-175
226000138,14,133,-119
226000139,0,20,-20
226000156,227,2,225
226000157,159,8,151
226000163,152,113,39
226000202,17,163,-146
226000231,530,9,521
226000232,31,13,18
227000033,402,61,341
227000036,526,27,499
227000037,561,16,545
227000038,195,27,168
227000049,0,74,-74
227000050,1,75,-74
227000055,65,2,63
227000056,43,0,43
227000084,3,68,-65
227000085,1,64,-63
227000088,32,1,31
227000089,81,0,81
227000090,24,1,23
227000091,22,0,22
227000093,74,1,73
227000094,5,0,5
227000130,43,180,-137
227000131,12,109,-97
227000132,13,90,-77
227000133,5,84,-79
227000134,25,194,-169
227000152,0,26,-26
227000153,1,116,-115
227000155,3,15,-12
227000156,0,6,-6
227000165,5,229,-224
227000196,277,82,195
227000199,280,121,159
227000230,6,116,-110
227000232,285,8,277
227000242,66,281,-215
227000243,437,94,343
227000245,20,158,-138
227000246,86,184,-98
227000247,448,49,399
227000248,167,59,108
227000249,27,134,-107
227000250,292,279,13
227000251,89,304,-215
227000252,32,139,-107
227000253,226,18,208
227000262,461,39,422
227000266,1119,20,1099
227000267,16,476,-460
227000282,3,48,-45
227000284,378,10,368
227000286,2,29,-27
227000287,8,39,-31
227000291,6,136,-130
227000484,101,5,96
227000485,5,305,-300
227000655,131,5,126
227000656,307,21,286
227000657,53,1,52
227000661,73,32,41
227000680,106,49,57
229000265,24,24,0
229000296,0,22,-22
229000297,1,20,-19
229000298,4,72,-68
229000320,0,7,-7
229000321,20,2,18
229000412,16,41,-25
229000414,8,51,-43
229000415,10,3,7
229000416,0,6,-6
229000417,1,7,-6
229000419,52,231,-179
229000440,243,64,179
229000442,17,0,17
229000443,5,1,4
229000444,2,32,-30
229000445,77,13,64
229000446,36,13,23
229000847,35,0,35
229000848,13,0,13
229000849,100,2,98
229000851,71,0,71
229000854,0,4,-4
229000856,0,34,-34
229000857,0,30,-30
229000858,0,11,-11
229000919,7,46,-39
229000930,5,155,-150
229000937,89,13,76
229000966,55,31,24
229000981,23,17,6
229000985,11,26,-15
229000986,0,2,-2
229000987,0,5,-5
229000988,3,2,1
229000989,12,3,9
229000990,2,2,0
229000991,3,0,3
229000992,15,1,14
229000993,101,7,94
229000998,9,35,-26
229000999,57,2,55
229001034,0,5,-5
229001035,4,0,4
229001037,36,7,29
229001042,16,7,9
229001047,5,14,-9
229001050,40,15,25
229001200,19,6,13
229001338,2,19,-17
229001394,209,3,206
229001422,112,23,89
229001423,21,95,-74
229001431,32,28,4
229001432,21,37,-16
229001444,175,29,146
229001445,36,87,-51
229001503,222,55,167
229001504,105,63,42
229001505,140,40,100
229001506,46,56,-10
229001509,21,6,15
229001545,120,7,113
229001546,11,43,-32
229001553,71,9,62
229001554,19,51,-32
229001559,3,6,-3
229001560,13,20,-7
229001630,36,11,25
229001631,11,16,-5
229001635,0,17,-17
229001636,6,0,6
229001658,0,53,-53
229001659,49,1,48
229001660,4,5,-1
229001661,2,23,-21
229001662,28,15,13
229001663,0,20,-20
229002584,157,105,52
229002831,67,71,-4
229002841,11,14,-3
229002842,23,14,9
229002843,31,42,-11
229002844,44,40,4
229002845,8,77,-69
229002846,22,20,2
229002847,1,10,-9
229002848,6,7,-1
229002849,1,68,-67
229002850,30,2,28
229002851,23,109,-86
229002852,105,18,87
229002853,100,9,91
229002854,32,53,-21
229002855,9,14,-5
229002856,25,12,13
229002857,7,109,-102
229002858,27,7,20
229002859,14,78,-64
229002860,81,28,53
229002861,28,32,-4
229002862,21,19,2
229002863,15,11,4
229002864,39,42,-3
229002865,8,5,3
229002866,11,16,-5
229002867,3,16,-13
229002868,6,10,-4
229002869,15,101,-86
229002870,44,7,37
235000066,186,27,159
235000067,66,62,4
235000072,23,45,-22
235000073,76,233,-157
235000074,38,21,17
235000080,25,47,-22
235000081,69,75,-6
235000082,276,32,244
235000083,229,44,185
235000084,45,24,21
235000085,166,27,139
235000089,41,6,35
235000092,42,84,-42
235000093,9,1,8
235000097,5,7,-2
235000098,43,3,40
235000099,18,10,8
235000116,24,13,11
235000117,291,17,274
235000133,9,394,-385
235000134,10,170,-160
235000206,10,3,7
235000207,6,8,-2
235000208,2,2,0
235000209,8,0,8
235000210,8,4,4
235000212,1,10,-9
235000213,0,7,-7
235000220,1,9,-8
235000221,42,27,15
235000238,5,146,-141
235000239,3,47,-44
235000242,264,731,-467
235000245,253,167,86
235000246,8,54,-46
235000284,4,209,-205
235000295,122,8,114
235000305,337,27,310
235000306,352,10,342
235000307,32,4,28
235000308,20,0,20
235000309,49,1,48
235000310,26,0,26
235000311,56,14,42
235000322,0,22,-22
235000323,0,32,-32
235000324,0,31,-31
235000325,1,13,-12
235000326,3,65,-62
235000351,2,80,-78
235000352,5,67,-62
235000353,5,25,-20
235000354,8,117,-109
235000355,19,93,-74
235000356,48,1,47
235000357,54,9,45
235000358,34,31,3
235000359,16,12,4
235000360,27,6,21
235000361,80,0,80
235000381,62,51,11
235000382,147,23,124
235000390,10,2,8
235000391,161,6,155
235000392,210,249,-39
235000393,129,138,-9
235000395,150,37,113
235000396,434,46,388
235000400,39,60,-21
235000401,8,92,-84
235000405,76,99,-23
235000406,37,86,-49
235000407,26,58,-32
235000409,94,60,34
235000410,24,96,-72
235000411,0,22,-22
235000485,0,8,-8
235000486,13,1,12
235000549,95,53,42
235000550,88,58,30
235000599,140,24,116
235000600,7,8,-1
235000601,11,36,-25
235000602,77,32,45
235000614,2,3,-1
235000648,0,6,-6
235000649,30,4,26
235000685,0,4,-4
235000815,21,526,-505
235000834,0,12,-12
235000855,55,17,38
235000862,49,63,-14
235000891,0,15,-15
235000892,13,0,13
235000901,68,40,28
235000907,6,13,-7
235001010,99,42,57
235001029,168,174,-6
235001030,268,116,152
235001078,80,62,18
235001079,49,43,6
235001147,29,42,-13
235001166,18,32,-14
235001167,53,12,41
235001169,27,447,-420
235001188,0,6,-6
235001189,9,4,5
235001197,9,13,-4
235001200,45,32,13
235001207,489,35,454
235001210,86,81,5
235001215,13,57,-44
235001239,1,32,-31
235001244,0,5,-5
235016267,0,29,-29
277102712,1,0,1
277103813,0,0,0
277103814,0,0,0
277104249,0,0,0
277104250,0,4,-4
277104251,0,6,-6
277104252,0,0,0
990011530,0,161,-161
990014944,2,224,-222
990015176,35,4,31
990015618,4,82,-78
990016032,0,161,-161
990032570,0,21,-21
990070001,49,0,49
990070103,0,0,0
990070601,0,24,-24
990070751,957,1,956
990070766,0,226,-226
990071180,352,114,238
990071343,36,0,36
990071387,0,6,-6
990071823,15,1,14
990072600,1,1603,-1602
990072964,1,257,-256
990073285,0,3,-3
990074393,0,342,-342
990074870,1474,10,1464
990075106,662,26,636
990075746,656,38,618
990076437,1564,10,1554
990076458,0,218,-218
997000007,452,6,446
997000041,1,122,-121
997000058,62,1,61
997000062,69,52,17
997000069,0,2,-2
997000070,0,16,-16
997000100,42,0,42
997000141,0,664,-664
997000198,46,850,-804
998000475,0,0,0
998000736,0,131,-131
998000965,0,5,-5
998001031,0,54,-54
998001700,0,16,-16
998001899,1,1,0
998001900,1,1,0
998003073,742,1,741
998101900,0,0,0
998102850,1,301,-300
998501927,443,1405,-962
998501929,125,4,121
998501930,60,14,46
998501931,116,19,97
998501932,3,0,3
998501933,69,8,61
998501937,26,27,-1
998501944,5,0,5
998501950,0,4,-4
998501970,49,2,47
998501971,0,53,-53
998501973,1,19,-18
998501974,0,182,-182
998501975,53,2,51
998501976,209,0,209
998501977,0,8,-8
998501978,16,1,15
998501979,0,6,-6
998501980,36,0,36
998501981,33,1,32
998501982,0,85,-85
998501983,0,4,-4
998502006,0,0,0
998502024,0,2,-2
998502032,0,5,-5
998502062,9,0,9
998502063,0,0,0
998502173,88,0,88
998502269,1,3,-2
998502546,0,171,-171
998502578,2,7,-5
998502599,18,307,-289
998502621,0,2,-2
998601159,0,58,-58
998601292,0,5,-5
999033574,0,191,-191
999800001,85,20,65
999800002,0,2,-2
999800003,0,0,0
999800004,0,2,-2
999800005,0,8,-8
