ID,insum,outsum,diff
100000001,532,446,86
100000002,1731,376,1355
100000003,2917,1176,1741
100000004,839,497,342
100000005,950,1741,-791
100000006,326,64,262
100000007,1146,322,824
100000008,116,550,-434
100000009,262,100,162
100000010,32,24,8
100000011,212,43,169
100000012,49,550,-501
100000013,31,170,-139
100000014,190,332,-142
100000015,1174,836,338
100000016,812,1392,-580
100000017,465,1007,-542
100000018,1138,442,696
100000019,3981,1268,2713
100000020,922,2312,-1390
100000021,5817,2028,3789
100000022,1316,674,642
100000023,5139,714,4425
100000025,1965,354,1611
100000028,1730,641,1089
100000029,370,123,247
100000030,516,35,481
100000031,3077,3127,-50
100000032,1710,2176,-466
100000033,620,1457,-837
100000034,465,223,242
100000035,1443,626,817
100000036,1829,717,1112
100000037,313,418,-105
100000038,878,716,162
100000039,495,126,369
100000040,84,102,-18
100000041,472,273,199
100000042,357,208,149
100000043,405,176,229
100000044,241,667,-426
100000045,307,1309,-1002
100000046,621,1229,-608
100000047,264,691,-427
100000048,374,500,-126
100000049,1389,2614,-1225
100000051,352,1084,-732
100000053,25,3,22
100000054,196,24,172
100000055,383,198,185
100000056,194,555,-361
100000057,1001,733,268
100000058,530,1175,-645
100000059,4,75,-71
100000060,241,239,2
100000061,1127,393,734
100000062,867,371,496
100000063,263,180,83
100000064,635,273,362
100000065,353,807,-454
100000066,168,834,-666
100000067,192,822,-630
100000068,370,1440,-1070
100000069,253,1828,-1575
100000072,471,856,-385
100000073,1006,1142,-136
100000075,398,261,137
100000076,1738,1222,516
100000077,568,74,494
100000078,41,16,25
100000079,29,14,15
100000080,9,9,0
100000081,84,32,52
100000102,3352,770,2582
100000103,2578,426,2152
100000104,3125,916,2209
100000105,2857,411,2446
100000106,1734,771,963
100000107,401,279,122
100000108,764,727,37
100000109,3148,822,2326
100000116,1069,398,671
100000117,13,33,-20
100000118,874,604,270
100000119,636,397,239
100000121,166,566,-400
100000122,1287,608,679
100000123,2508,3479,-971
100000124,3765,4720,-955
100000125,1508,595,913
100000126,536,182,354
100000127,1735,284,1451
100000128,776,618,158
100000129,330,196,134
100000130,187,534,-347
100000131,1961,2231,-270
100000132,727,1129,-402
100000133,4606,2142,2464
100000135,247,442,-195
100000139,216,292,-76
100000140,132,107,25
100000142,219,435,-216
100000143,1597,751,846
100000144,4243,895,3348
100000147,768,1623,-855
100000150,21,441,-420
100000151,450,403,47
100000153,372,129,243
100000154,111,36,75
100000155,12,9,3
100000156,30,24,6
100000157,17,265,-248
100000158,36,172,-136
100000159,709,280,429
100000165,894,528,366
100000169,684,383,301
100000174,1332,385,947
100000179,75,430,-355
100000180,845,1065,-220
100000181,92,227,-135
100000188,109,394,-285
100000189,456,225,231
100000190,371,212,159
100000191,403,340,63
100000192,56,58,-2
100000193,98,136,-38
100000330,1477,310,1167
100000355,84,376,-292
100000362,4693,3255,1438
100000363,1756,2784,-1028
100000364,425,114,311
100000365,2451,6653,-4202
100000366,3910,1898,2012
100000367,2002,3240,-1238
100000368,1712,1508,204
100000369,572,888,-316
100000370,54,256,-202
100000376,58,58,0
100000379,2865,892,1973
100000380,3613,1259,2354
100000384,4179,1815,2364
100000385,5148,2316,2832
100000386,6562,2279,4283
100000387,5932,2435,3497
100000388,6198,2298,3900
100000389,5964,2513,3451
100000390,7004,1798,5206
100000391,4529,2271,2258
100000392,4246,826,3420
100000393,1647,846,801
100000394,6443,2001,4442
100000395,2722,821,1901
100000396,5064,1179,3885
100000397,2392,1018,1374
100000398,8996,6248,2748
100000413,11,1,10
100000414,395,154,241
100900002,1,74,-73
100900003,171,57,114
100900004,22,616,-594
100900005,72,15,57
100900006,5,164,-159
100900007,251,7,244
100900008,3,391,-388
100900009,22,32,-10
100900010,27,85,-58
100900011,27,274,-247
100900012,0,220,-220
100900013,313,8,305
100900014,0,7,-7
100900015,98,88,10
100900016,4,37,-33
100900017,318,33,285
100900018,0,10,-10
100900019,8,31,-23
100900020,177,3,174
100900021,199,0,199
100900022,2,7,-5
100900023,0,16,-16
100900024,542,2,540
100900025,6,6,0
100900026,32,81,-49
100900027,273,1424,-1151
100900028,73,74,-1
100900029,111,11,100
100900030,4,22,-18
100900031,185,30,155
100900032,94,0,94
100900033,106,77,29
100900034,178,0,178
100900035,347,0,347
100900036,7,1,6
100900037,41,270,-229
100900038,102,7,95
100900039,283,587,-304
100900040,123,794,-671
100900041,136,1035,-899
100900042,436,115,321
100900043,0,3,-3
100900044,2425,262,2163
100900045,32,0,32
100900046,569,0,569
100900047,660,45,615
100900048,89,7,82
100900049,32,213,-181
100900050,0,10,-10
100900051,22,15,7
100900052,96,9,87
100900053,181,14,167
100900054,4,90,-86
100900055,86,222,-136
100900056,79,135,-56
100900057,406,783,-377
100900058,182,12,170
100900059,60,0,60
100900060,24,14,10
100900061,245,211,34
100900062,1,67,-66
100900063,75,218,-143
100900064,362,7,355
100900065,42,37,5
100900066,34,64,-30
100900067,2,1,1
100900068,25,131,-106
100900069,418,2,416
100900070,84,1,83
100900071,595,209,386
100900072,0,74,-74
100900073,32,578,-546
100900074,4,2,2
100900075,2113,246,1867
100900076,16,41,-25
100900077,6,122,-116
100900078,40,148,-108
100900079,7,25,-18
100900080,8,159,-151
100900081,38,70,-32
100900082,33,936,-903
100900083,0,37,-37
100900085,5,51,-46
100900086,77,408,-331
100900088,36,792,-756
100900089,10,28,-18
100900090,56,175,-119
100900091,1,17,-16
100900092,80,119,-39
100900093,147,131,16
100900094,28,695,-667
100900095,1,38,-37
100900096,19,52,-33
100900097,0,4,-4
100900098,3,19,-16
100900099,26,581,-555
100900100,16,247,-231
100900101,285,22,263
100900102,7,19,-12
100900103,2,17,-15
100900104,5,160,-155
100900105,14,65,-51
100900106,44,3,41
100900107,1353,267,1086
100900108,4,3,1
100900109,0,17,-17
100900110,0,17,-17
100900111,31,120,-89
100900112,0,6,-6
100900113,7,27,-20
100900114,0,8,-8
100900115,2,17,-15
100900116,439,422,17
100900117,149,499,-350
100900118,1,74,-73
100900119,0,27,-27
100900120,0,6,-6
100900121,125,207,-82
100900122,133,134,-1
100900123,34,84,-50
100900124,0,4,-4
100900125,6,69,-63
100900126,50,131,-81
100900127,2,9,-7
100900128,56,90,-34
100900129,3,56,-53
100900131,26,90,-64
100900133,16,21,-5
100900134,2,3,-1
100900135,1,95,-94
100900137,287,127,160
100900138,274,147,127
100900139,0,3,-3
100900140,3,839,-836
100900141,0,266,-266
100900142,3,1,2
100900143,535,207,328
100900144,10,2,8
100900145,44,76,-32
100900146,3,2,1
100900147,12,158,-146
100900148,32,1236,-1204
100900149,23,29,-6
100900150,0,3,-3
100900151,91,521,-430
100900152,56,1,55
100900153,2,111,-109
100900154,2,6,-4
100900155,3,7,-4
100900156,4,2,2
100900157,0,76,-76
100900159,0,8,-8
100900160,4,5,-1
100900161,101,2,99
100900162,19,144,-125
100900163,127,183,-56
100900164,23,17,6
100900165,17,22,-5
100900166,9,3,6
100900167,3,51,-48
100900168,9,127,-118
100900169,112,897,-785
100900170,11,8,3
100900171,7,711,-704
100900172,0,12,-12
100900173,0,714,-714
100900174,169,38,131
100900176,857,52,805
100900177,896,171,725
100900178,220,124,96
100900179,49,25,24
100900180,6,5,1
100900181,63,19,44
100900182,11,7,4
100900184,4,111,-107
100900186,1003,489,514
100900187,4,190,-186
100900188,19,12,7
100900189,555,110,445
100900191,958,450,508
100900192,298,92,206
100900195,74,91,-17
100900197,12,63,-51
100900198,7,404,-397
100900199,9,6,3
100900200,376,286,90
100900201,11,695,-684
100900202,7,0,7
100900203,1,60,-59
100900204,140,147,-7
100900205,79,239,-160
100900206,33,13,20
100900207,131,111,20
100900210,72,730,-658
100900211,204,40,164
100900213,28,31,-3
100900214,942,79,863
100900215,3,23,-20
100900217,124,30,94
101000001,3163,2025,1138
101000002,3121,2958,163
101000003,702,1189,-487
101000004,7443,6741,702
101000005,3147,3349,-202
101000006,5731,5459,272
101000007,1517,1990,-473
101000009,1182,2245,-1063
101000010,628,1717,-1089
101000011,1875,608,1267
101000012,2358,439,1919
101000013,342,744,-402
101000014,415,561,-146
101000015,622,592,30
101000016,393,233,160
101000017,393,454,-61
101000018,4582,2104,2478
101000020,4433,832,3601
101000021,1475,206,1269
101000022,16,3,13
101000023,1567,626,941
101000025,89,245,-156
101000026,383,15,368
101000027,1461,959,502
101000028,731,84,647
101000029,35,421,-386
101000030,685,29,656
101000031,346,117,229
101000032,5398,1491,3907
101000033,2033,1242,791
101000034,2655,722,1933
101000035,938,148,790
101000036,1436,310,1126
101000037,4198,871,3327
101000039,2451,742,1709
101000040,3651,2267,1384
101000041,10442,2934,7508
101000042,664,387,277
101000043,6701,2042,4659
101000045,1425,380,1045
101000046,1625,423,1202
101000047,781,719,62
101000048,630,751,-121
101000049,600,560,40
101000050,1321,476,845
101000051,1661,952,709
101000052,1433,337,1096
101000053,674,789,-115
101000054,1095,835,260
101000055,1417,823,594
101000056,66,33,33
101000057,1953,374,1579
101000058,1562,575,987
101000059,3352,1129,2223
101000060,1685,219,1466
101000061,866,568,298
101000062,898,218,680
101000063,608,265,343
101000064,1517,334,1183
101000065,245,211,34
101000066,444,121,323
101000067,960,302,658
101000068,310,108,202
101000069,416,47,369
101000070,1314,754,560
101000071,1456,634,822
101000072,702,2647,-1945
101000073,428,323,105
101000074,2838,2085,753
101000075,4069,2748,1321
101000077,673,1445,-772
101000078,661,1306,-645
101000079,282,797,-515
101000080,399,370,29
101000081,972,1286,-314
101000082,3276,2256,1020
101000083,1421,1458,-37
101000084,1196,1024,172
101000085,1189,717,472
101000086,1195,940,255
101000087,969,1256,-287
101000088,802,770,32
101000089,689,1067,-378
101000090,1862,1544,318
101000091,224,1762,-1538
101000092,428,860,-432
101000093,1115,718,397
101000094,485,1154,-669
101000095,188,720,-532
101000096,157,603,-446
101000097,339,250,89
101000098,370,336,34
101000099,766,847,-81
101000100,646,431,215
101000101,414,237,177
101000102,1100,282,818
101000103,648,316,332
101000104,381,340,41
101000105,821,122,699
101000106,488,390,98
101000107,115,335,-220
101000108,1621,273,1348
101000109,116,58,58
101000110,13,776,-763
101000111,21,118,-97
101000113,98,348,-250
101000114,2487,914,1573
101000115,134,165,-31
101000116,63,121,-58
101000117,230,202,28
101000119,97,16,81
101000120,175,9,166
101000121,102,22,80
101000122,109,12,97
101000123,47,21,26
101000124,96,168,-72
101000125,109,416,-307
101000128,855,215,640
101000130,213,203,10
101000131,276,760,-484
101000132,326,2124,-1798
101000135,61,8,53
101000136,192,41,151
101000137,13,118,-105
101000141,1578,1250,328
101000147,658,599,59
101000148,1856,55,1801
101000149,72,58,14
101000150,43,1271,-1228
101000151,79,78,1
101000152,254,223,31
101000153,439,371,68
101000154,69,1850,-1781
101000155,89,86,3
101000156,21,187,-166
101000157,41,13,28
101000160,50,37,13
101000163,122,88,34
101000164,440,495,-55
101000165,195,430,-235
101000166,184,281,-97
101000168,810,285,525
101000252,1042,822,220
101000254,246,40,206
101000258,15,42,-27
101000261,81,280,-199
101000262,689,639,50
101000263,106,493,-387
101000265,32,375,-343
101000266,182,208,-26
101000269,106,4,102
101000290,912,1544,-632
101000293,6,66,-60
101000294,348,355,-7
101000295,105,327,-222
101000301,609,155,454
101000304,1499,1919,-420
101000305,1805,1461,344
101000328,72,275,-203
101900001,8,75,-67
101900002,0,15,-15
101900003,159,62,97
101900004,4,30,-26
101900005,5776,916,4860
101900006,785,154,631
101900007,390,14,376
101900008,160,160,0
101900009,38,334,-296
101900010,871,368,503
101900011,172,692,-520
101900012,100,175,-75
101900013,1298,124,1174
101900017,35,74,-39
101900018,1848,124,1724
101900019,285,95,190
101900020,132,75,57
101900021,0,34,-34
101900022,53,1420,-1367
101900023,26,237,-211
101900026,89,46,43
101900027,7,115,-108
102000001,1718,2861,-1143
102000002,2215,1164,1051
102000003,2610,3509,-899
102000004,6505,2395,4110
102000005,1132,1554,-422
102000006,1465,1398,67
102000007,996,3155,-2159
102000008,4709,1570,3139
102000009,3637,5434,-1797
102000010,4145,2905,1240
102000011,1792,1756,36
102000012,2758,3100,-342
102000018,2999,1997,1002
102000019,2710,1430,1280
102000026,220,760,-540
102000029,395,279,116
102000030,69,230,-161
102000031,23,239,-216
102000032,224,500,-276
102000033,141,436,-295
102000034,408,469,-61
102000035,738,522,216
102000036,5,397,-392
102000037,151,85,66
102000038,385,98,287
102000039,465,60,405
102000040,637,70,567
102000041,263,282,-19
102000042,243,105,138
102000043,302,213,89
102000044,742,600,142
102000045,587,1105,-518
102000046,779,436,343
102000047,413,1231,-818
102000048,206,751,-545
102000049,1148,731,417
102000050,1056,1028,28
102000051,364,493,-129
102000052,1210,779,431
102000053,1062,724,338
102000054,270,810,-540
102000055,522,1430,-908
102000056,434,1583,-1149
102000057,659,408,251
102000058,767,2239,-1472
102000059,923,1194,-271
102000060,720,778,-58
102000061,694,2354,-1660
102000062,748,1114,-366
102000063,1185,1394,-209
102000064,421,531,-110
102000065,36,126,-90
102000066,668,1485,-817
102000067,1695,2154,-459
102000068,9989,2893,7096
102000069,43,1864,-1821
102000070,1523,77,1446
102000071,6008,7436,-1428
102000072,2384,4931,-2547
102000073,250,722,-472
102000074,262,911,-649
102000075,36,310,-274
102000076,78,417,-339
102000077,169,1483,-1314
102000078,314,854,-540
102000079,128,298,-170
102000080,131,183,-52
102000081,233,895,-662
102000082,708,243,465
102000083,192,494,-302
102000084,84,438,-354
102000085,1226,1253,-27
102000086,637,873,-236
102000087,544,1777,-1233
102000088,158,249,-91
102000089,647,447,200
102000090,354,1023,-669
102000091,993,312,681
102000092,196,584,-388
102000093,526,527,-1
102000094,741,471,270
102000095,717,686,31
102000096,529,503,26
102000097,564,584,-20
102000098,421,543,-122
102000099,703,344,359
102000100,714,611,103
102000101,876,275,601
102000102,237,2740,-2503
102000103,853,267,586
102000104,1039,342,697
102000105,203,979,-776
102000106,369,1032,-663
102000107,573,736,-163
102000108,305,285,20
102000109,212,615,-403
102000110,419,2139,-1720
102000111,6,395,-389
102000112,93,58,35
102000113,2,33,-31
102000114,1381,410,971
102000115,149,130,19
102000116,333,189,144
102000117,162,487,-325
102000118,1432,688,744
102000119,2713,453,2260
102000120,65,409,-344
102000121,550,460,90
102000122,265,551,-286
102000123,1151,736,415
102000124,676,680,-4
102000125,584,578,6
102000126,388,563,-175
102000127,695,485,210
102000128,376,980,-604
102000129,556,934,-378
102000130,281,520,-239
102000131,640,481,159
102000132,245,399,-154
102000133,830,2427,-1597
102000134,415,643,-228
102000135,1096,955,141
102000136,1127,418,709
102000137,585,619,-34
102000138,88,298,-210
102000139,35,286,-251
102000140,207,137,70
102000141,101,448,-347
102000142,116,301,-185
102000143,58,587,-529
102000144,91,467,-376
102000145,164,428,-264
102000146,168,329,-161
102000147,205,257,-52
102000148,209,192,17
102000149,130,633,-503
102000150,66,337,-271
102000151,150,396,-246
102000152,82,193,-111
102000153,720,271,449
102000154,492,683,-191
102000155,73,233,-160
102000156,499,35,464
102000157,262,134,128
102000158,565,248,317
102000159,1683,243,1440
102000161,4649,1308,3341
102000162,153,116,37
102000163,76,283,-207
102000164,819,575,244
102000165,219,111,108
102000166,86,131,-45
102000167,106,141,-35
102000168,141,108,33
102000169,71,421,-350
102000170,507,102,405
102000171,116,51,65
102000172,36,199,-163
102000173,358,203,155
102000174,15,50,-35
102000175,82,147,-65
102000176,18,47,-29
102000178,156,614,-458
102000179,232,177,55
102000180,334,631,-297
102000181,257,755,-498
102000182,287,756,-469
102000183,933,2250,-1317
102000184,872,832,40
102000185,1335,2266,-931
102000186,582,2258,-1676
102000187,326,2140,-1814
102000188,488,1473,-985
102000189,2913,892,2021
102000190,352,1724,-1372
102000191,1170,487,683
102000192,485,853,-368
102000193,17,261,-244
102000194,49,127,-78
102000195,323,616,-293
102000196,78,736,-658
102000197,286,554,-268
102000198,67,1210,-1143
102000199,364,403,-39
102000200,163,1601,-1438
102000201,290,470,-180
102000202,1,228,-227
102000203,168,370,-202
102000204,267,1027,-760
102000205,503,612,-109
102000206,462,784,-322
102000207,693,425,268
102000208,311,566,-255
102000209,10,30,-20
102000210,280,717,-437
102000211,201,499,-298
102000212,82,14,68
102000213,0,475,-475
102000214,104,27,77
102000215,3,752,-749
102000216,83,33,50
102000217,7,280,-273
102000218,103,45,58
102000219,514,380,134
102000225,712,767,-55
102000226,2017,403,1614
102000227,80,2,78
102000228,0,128,-128
102000229,14,13,1
102000230,186,756,-570
102000231,241,427,-186
102000232,13,275,-262
102000233,290,626,-336
102000234,85,1028,-943
102000236,161,52,109
102000237,582,184,398
102000238,90,349,-259
102000240,521,354,167
102000241,135,113,22
102000243,11,55,-44
102000245,10,104,-94
102000246,9,20,-11
102000247,774,696,78
102000248,386,486,-100
102000249,49,171,-122
102000250,57,528,-471
102000254,28,442,-414
102000266,27,113,-86
102000271,7,0,7
102000286,406,370,36
102000297,1512,977,535
102000305,0,0,0
102000307,0,1,-1
102000316,140,318,-178
102900001,725,1109,-384
102900002,161,18,143
102900003,31,355,-324
102900005,170,366,-196
102900006,334,325,9
102900007,263,20,243
102900008,125,114,11
102900009,342,136,206
102900010,565,369,196
102900011,1861,276,1585
102900012,231,48,183
102900013,4,84,-80
102900015,714,260,454
102900016,11,95,-84
102900017,43,573,-530
102900018,13,122,-109
102900019,290,559,-269
102900020,68,34,34
102900021,6,113,-107
102900022,459,63,396
102900023,18,99,-81
102900024,22,35,-13
102900025,289,115,174
102900026,567,893,-326
102900027,18,55,-37
102900028,82,342,-260
102900029,144,134,10
102900030,203,166,37
102900031,99,184,-85
102900032,19,119,-100
102900033,47,136,-89
102900034,156,137,19
102900035,46,558,-512
102900036,131,732,-601
102900037,141,941,-800
102900038,289,671,-382
102900039,16,209,-193
102900040,46,130,-84
102900041,34,149,-115
102900042,74,383,-309
102900043,81,259,-178
102900044,312,1936,-1624
102900045,40,511,-471
102900046,46,349,-303
102900047,36,788,-752
102900048,350,934,-584
102900049,43,379,-336
102900050,122,337,-215
102900051,84,205,-121
102900053,233,822,-589
102900054,894,501,393
102900055,33,58,-25
102900056,96,481,-385
102900057,0,16,-16
102900058,205,50,155
102900059,2,40,-38
102900060,85,389,-304
102900061,78,574,-496
102900062,116,1600,-1484
102900063,460,454,6
102900064,72,348,-276
102900065,1803,404,1399
102900066,219,56,163
102900068,71,63,8
102900070,125,798,-673
102900072,12,46,-34
102900073,102,7,95
102900075,48,40,8
102900076,291,40,251
102900077,23,39,-16
102900078,49,62,-13
102900079,184,6,178
102900080,268,21,247
102900081,65,271,-206
102900082,10,245,-235
102900083,279,9,270
102900084,1,16,-15
102900085,97,60,37
102900086,2,39,-37
102900087,77,188,-111
102900088,38,32,6
102900089,184,106,78
102900090,0,495,-495
102900091,88,1,87
102900092,99,1215,-1116
102900094,1,41,-40
102900095,128,4,124
102900096,24,16,8
102900097,3,112,-109
103000001,2063,2818,-755
103000002,2384,2233,151
103000003,3404,2552,852
103000004,903,489,414
103000005,2283,2339,-56
103000006,522,1356,-834
103000007,386,839,-453
103000008,966,1351,-385
103000009,640,793,-153
103000010,183,282,-99
103000011,1472,765,707
103000012,979,1222,-243
103000013,5675,1646,4029
103000014,1078,1363,-285
103000015,2995,819,2176
103000016,551,874,-323
103000017,111,261,-150
103000018,1129,368,761
103000019,119,166,-47
103000020,2023,1299,724
103000021,1288,1538,-250
103000022,1029,1031,-2
103000023,417,1151,-734
103000024,148,250,-102
103000025,39,233,-194
103000026,1654,115,1539
103000027,165,225,-60
103000028,428,212,216
103000029,192,123,69
103000030,1672,479,1193
103000031,1212,1542,-330
103000032,1357,1393,-36
103000033,1968,2248,-280
103000034,1130,648,482
103000035,304,939,-635
103000036,296,332,-36
103000037,446,333,113
103000038,301,735,-434
103000039,138,501,-363
103000040,172,1334,-1162
103000041,1311,2888,-1577
103000042,455,877,-422
103000043,249,1278,-1029
103000044,115,265,-150
103000046,198,430,-232
103000047,480,586,-106
103000048,118,167,-49
103000049,38,141,-103
103000050,555,848,-293
103000051,240,548,-308
103000052,556,404,152
103000053,122,428,-306
103000054,1503,1176,327
103000055,1274,1748,-474
103000056,459,2600,-2141
103000057,244,231,13
103000058,276,1000,-724
103000059,192,737,-545
103000060,515,877,-362
103000061,182,797,-615
103000062,682,873,-191
103000063,419,530,-111
103000064,96,314,-218
103000065,3,359,-356
103000066,102,11,91
103000069,150,317,-167
103000070,624,1376,-752
103000071,516,380,136
103000072,115,1088,-973
103000073,398,139,259
103000074,429,77,352
103000075,90,958,-868
103000076,134,240,-106
103000077,16,350,-334
103000078,1187,347,840
103000079,1816,419,1397
103000080,874,200,674
103000081,399,611,-212
103000082,374,189,185
103000083,62,333,-271
103000084,138,2,136
103000085,1,62,-61
103000086,828,307,521
103000087,148,338,-190
103000088,455,324,131
103000089,244,417,-173
103000090,1309,1011,298
103000091,356,460,-104
103000092,232,293,-61
103000093,306,553,-247
103000094,119,115,4
103000095,39,395,-356
103000096,587,102,485
103000097,64,673,-609
103000098,799,187,612
103000099,347,685,-338
103000100,64,1117,-1053
103000101,378,148,230
103000102,85,800,-715
103000103,398,268,130
103000104,67,122,-55
103000105,89,188,-99
103000106,13,62,-49
103000107,276,76,200
103000108,1018,539,479
103000109,407,234,173
103000110,383,361,22
103000111,479,304,175
103000112,281,201,80
103000113,776,671,105
103000114,1657,320,1337
103000115,340,581,-241
103000116,285,649,-364
103000117,228,552,-324
103000118,1779,914,865
103000119,2573,610,1963
103000120,48,71,-23
103000121,150,529,-379
103000122,250,212,38
103000125,5,557,-552
103000126,265,6,259
103000127,4,286,-282
103000128,133,0,133
103000129,2,154,-152
103000130,21,8,13
103000131,220,83,137
103000132,42,74,-32
103000133,11,153,-142
103000134,522,532,-10
103000135,876,167,709
103000136,709,328,381
103000137,675,449,226
103000138,801,474,327
103000139,4,36,-32
103000140,215,22,193
103000141,31,121,-90
103000142,89,54,35
103000143,72,214,-142
103000144,177,93,84
103000145,35,22,13
103000150,48,60,-12
103000152,421,237,184
103000153,299,146,153
103000156,0,552,-552
103000157,260,3,257
103000159,39,29,10
103000162,61,12,49
103000163,3,14,-11
103000164,5,16,-11
103000165,247,480,-233
103000166,111,157,-46
103000167,173,103,70
103000168,44,140,-96
103000169,112,286,-174
103000170,276,536,-260
103000171,65,43,22
103000172,127,307,-180
103000173,172,796,-624
103000174,131,388,-257
103000175,68,544,-476
103000176,818,235,583
103000177,800,402,398
103000178,346,234,112
103000179,104,14,90
103000183,44,25,19
103000185,47,120,-73
103000186,55,154,-99
103000187,235,864,-629
103000188,3,49,-46
103000189,1396,1177,219
103000191,368,552,-184
103000292,3441,1040,2401
103000293,1326,791,535
103000295,56,62,-6
103000296,210,2,208
103000297,3,3,0
103000504,29,19,10
103000505,9,8,1
103000506,1,223,-222
103000507,136,1,135
103000508,35,15,20
103000509,318,489,-171
103900001,2,451,-449
103900002,1937,141,1796
103900003,1218,26,1192
103900004,49,1,48
103900005,1,259,-258
103900006,1,1,0
103900007,9,1,8
103900008,19,1,18
103900009,121,311,-190
103900010,91,259,-168
103900011,109,268,-159
103900012,9,13,-4
103900013,15,94,-79
103900014,6,16,-10
103900015,22,17,5
103900016,286,269,17
103900017,17,71,-54
103900018,409,274,135
103900019,27,73,-46
103900020,141,254,-113
103900021,851,56,795
103900022,562,485,77
103900023,95,3,92
103900024,66,636,-570
103900025,1,43,-42
103900026,14,0,14
103900027,403,340,63
103900028,20,155,-135
103900029,542,108,434
103900030,502,26,476
103900031,3,3,0
103900032,24,27,-3
103900033,50,8,42
103900034,15,415,-400
103900035,51,77,-26
103900036,45,19,26
103900037,29,58,-29
103900038,31,48,-17
103900039,21,535,-514
103900040,8,161,-153
103900041,10,27,-17
103900042,12,599,-587
103900043,53,184,-131
103900044,205,150,55
103900045,113,155,-42
103900047,34,19,15
103900048,38,12,26
103900049,196,1526,-1330
103900050,0,48,-48
103900051,0,20,-20
103900052,108,734,-626
103900053,80,1346,-1266
103900054,37,662,-625
103900055,315,279,36
103900056,12,45,-33
103900057,27,382,-355
103900058,75,826,-751
103900059,0,2,-2
103900060,16,331,-315
103900061,36,77,-41
103900062,165,69,96
103900063,4,0,4
103900064,44,3,41
103900065,651,357,294
103900066,35,14,21
103900067,55,1,54
103900068,0,0,0
103900069,40,5,35
103900070,74,329,-255
103900071,6,178,-172
103900072,2,379,-377
103900073,25,23,2
103900074,22,126,-104
103900075,85,98,-13
103900076,222,863,-641
103900077,43,37,6
103900078,73,120,-47
103900079,56,249,-193
103900080,7,24,-17
103900081,151,23,128
103900082,16,86,-70
103900083,1981,783,1198
103900084,20,170,-150
103900085,66,97,-31
103900086,252,252,0
103900088,299,170,129
103900089,88,237,-149
103900090,1,309,-308
103900091,733,211,522
103900092,394,642,-248
103900093,100,347,-247
103900094,5,147,-142
103900095,207,196,11
103900096,26,428,-402
103900097,4,485,-481
103900098,140,71,69
103900099,38,313,-275
103900100,86,394,-308
103900101,58,1003,-945
103900102,0,14,-14
103900104,0,33,-33
103900105,42,153,-111
103900106,0,15,-15
103900107,25,291,-266
103900108,36,357,-321
103900109,36,110,-74
103900110,159,43,116
103900111,34,1086,-1052
103900112,49,76,-27
103900113,137,121,16
103900114,549,332,217
103900115,184,99,85
103900116,6100,1115,4985
103900117,281,97,184
103900119,21,29,-8
103900120,38,130,-92
103900122,25,462,-437
103900123,1288,359,929
103900124,25,648,-623
103900125,45,70,-25
103900126,211,708,-497
103900127,52,1125,-1073
103900128,19,255,-236
103900131,21,129,-108
103900133,796,30,766
103900134,0,3,-3
103900135,1,8,-7
103900137,0,41,-41
103900138,41,504,-463
103900139,896,849,47
103900140,4,36,-32
103900141,184,66,118
103900142,43,201,-158
103900143,14,3,11
103900144,0,67,-67
103900145,81,329,-248
103900146,159,362,-203
103900147,168,103,65
103900148,93,233,-140
103900149,91,923,-832
103900150,7977,1919,6058
103900151,29,210,-181
103900152,149,801,-652
103900153,5,0,5
103900154,910,845,65
103900155,21,252,-231
103900156,14,222,-208
103900157,6,310,-304
103900158,35,274,-239
103900159,29,85,-56
103900160,16,23,-7
103900161,59,193,-134
103900162,18,419,-401
103900163,3,469,-466
103900167,5,72,-67
103900168,57,121,-64
103900169,21,27,-6
103900170,2,109,-107
103900171,2,112,-110
103900172,6,46,-40
103900173,3,10,-7
103900174,50,41,9
103900175,40,24,16
103900176,1,14,-13
103900177,4,62,-58
103900178,17,135,-118
103900179,16,329,-313
103900180,3,154,-151
103900181,40,68,-28
103900182,51,15,36
103900184,775,34,741
103900185,394,63,331
103900187,114,24,90
103900188,24,10,14
103900189,93,4,89
103900190,34,32,2
103900191,20,39,-19
103900192,11,80,-69
103900193,112,132,-20
103900194,47,406,-359
103900195,0,15,-15
103900196,22,26,-4
103900197,16,20,-4
103900198,15,57,-42
103900199,60,161,-101
103900200,46,216,-170
103900201,62,235,-173
103900202,4,62,-58
103900203,16,19,-3
103900204,4,157,-153
103900207,0,240,-240
103900208,28,3,25
103900209,2,136,-134
103900210,8,30,-22
103900211,251,776,-525
103900212,51,701,-650
103900213,155,166,-11
103900214,392,79,313
103900215,518,178,340
103900216,7,82,-75
103900217,244,4,240
103900218,41,388,-347
103900219,65,415,-350
103900233,26,0,26
103900235,8,9,-1
103900236,17,2,15
103900242,2,10,-8
103900243,4,7,-3
103900244,77,342,-265
103900245,66,188,-122
103900246,88,19,69
103900247,33,94,-61
103900248,1,26,-25
103900249,10,12,-2
103900250,34,19,15
103900251,3,63,-60
103900253,38,57,-19
103900254,5,16,-11
103900255,18,4,14
103900256,33,7,26
103900257,148,104,44
103900258,42,3,39
103900259,58,15,43
103900261,8,2,6
103900262,20,2,18
103900263,67,55,12
103900264,61,7,54
103900265,31,5,26
103900266,1,42,-41
103900267,25,76,-51
103900268,37,211,-174
103900269,293,95,198
103900270,15,280,-265
103900271,186,266,-80
103900272,31,107,-76
103900273,8,132,-124
103900274,24,3,21
103900275,9,5,4
103900277,6,161,-155
103900278,746,151,595
103900279,169,22,147
103900280,7,445,-438
103900281,16,12,4
103900282,48,6,42
103900283,73,11,62
103900284,6,7,-1
103900285,23,38,-15
103900286,13,31,-18
103900287,2,41,-39
103900288,189,54,135
103900289,706,93,613
103900290,247,43,204
103900291,24,42,-18
103900292,330,104,226
103900293,4,104,-100
103900294,4,339,-335
104000001,1894,2338,-444
104000002,1482,3199,-1717
104000003,1831,2213,-382
104000004,2834,2811,23
104000005,1105,1845,-740
104000006,2283,3357,-1074
104000007,4215,4149,66
104000008,336,626,-290
104000009,102,104,-2
104000010,86,218,-132
104000011,1063,477,586
104000012,148,584,-436
104000013,62,133,-71
104000014,253,903,-650
104000015,215,182,33
104000016,617,505,112
104000018,444,203,241
104000019,337,122,215
104000020,264,956,-692
104000021,311,744,-433
104000022,133,355,-222
104000023,395,379,16
104000024,233,405,-172
104000026,63,322,-259
104000027,288,519,-231
104000028,286,321,-35
104000029,531,617,-86
104000030,227,275,-48
104000031,652,315,337
104000032,192,419,-227
104000033,489,508,-19
104000034,272,447,-175
104000035,418,502,-84
104000036,434,740,-306
104000037,193,379,-186
104000038,243,496,-253
104000039,147,493,-346
104000040,719,461,258
104000041,628,349,279
104000042,220,508,-288
104000043,269,518,-249
104000044,265,1047,-782
104000045,932,1633,-701
104000046,1574,1757,-183
104000047,460,1601,-1141
104000048,1060,1992,-932
104000049,336,313,23
104000050,116,528,-412
104000051,89,871,-782
104000052,919,1729,-810
104000053,588,891,-303
104000054,219,444,-225
104000055,3467,2648,819
104000056,1580,231,1349
104000057,218,706,-488
104000058,469,922,-453
104000059,454,1469,-1015
104000060,545,1428,-883
104000061,981,1405,-424
104000062,257,427,-170
104000064,521,378,143
104000065,97,378,-281
104000069,1612,745,867
104000070,47,267,-220
104000071,256,538,-282
104000072,510,497,13
104000075,47,368,-321
104000076,406,20,386
104000082,1662,2068,-406
104000083,593,225,368
104000084,97,463,-366
104000085,201,191,10
104000086,127,421,-294
104000087,381,818,-437
104000090,459,1830,-1371
104000092,501,3169,-2668
104000094,602,2403,-1801
104000095,1284,1655,-371
104000096,643,586,57
104000097,1034,1434,-400
104000098,979,1654,-675
104000100,751,722,29
104000101,773,3027,-2254
104000106,235,649,-414
104000107,547,579,-32
104000108,426,663,-237
104000109,190,50,140
104000110,756,975,-219
104000111,5146,1367,3779
104000112,2457,575,1882
104000116,7,1415,-1408
104000117,75,1592,-1517
104000118,205,273,-68
104000119,221,266,-45
104000120,168,1442,-1274
104000121,138,671,-533
104000122,435,645,-210
104000123,1040,1183,-143
104000124,1043,2466,-1423
104000125,5636,2276,3360
104000126,223,450,-227
104000127,1534,4013,-2479
104000128,732,488,244
104000129,477,21,456
104000130,15,221,-206
104000131,1085,661,424
104000132,1000,1062,-62
104000133,1008,982,26
104000134,506,1485,-979
104000135,248,761,-513
104000136,569,1760,-1191
104000137,1199,176,1023
104000138,1263,468,795
104000139,8632,2577,6055
104000141,941,2123,-1182
104000142,576,1230,-654
104000143,487,826,-339
104000144,92,192,-100
104000145,328,140,188
104000146,396,728,-332
104000147,99,441,-342
104000148,137,154,-17
104000149,144,464,-320
104000150,411,522,-111
104000151,270,690,-420
104000152,372,796,-424
104000153,321,442,-121
104000154,1093,788,305
104000155,265,378,-113
104000157,921,2215,-1294
104000158,123,228,-105
104000159,391,343,48
104000160,1317,1330,-13
104000161,307,197,110
104000162,51,145,-94
104000165,1782,1106,676
104000167,346,688,-342
104000168,269,5,264
104000169,36,59,-23
104000170,538,227,311
104000248,182,1530,-1348
104000251,89,374,-285
104000272,0,0,0
104000273,0,0,0
104000274,0,0,0
104000275,0,0,0
104000279,3482,1272,2210
104000290,38,371,-333
104000291,498,1159,-661
104000293,788,862,-74
104000294,0,0,0
104000295,415,716,-301
104000296,263,845,-582
104000297,770,1467,-697
104000298,1380,970,410
104000299,665,1742,-1077
104000302,96,212,-116
104000303,98,164,-66
104900001,137,538,-401
104900002,34,64,-30
104900003,24,372,-348
104900004,42,333,-291
104900005,107,135,-28
104900006,97,75,22
104900007,132,225,-93
104900009,65,505,-440
104900010,32,10,22
104900011,7,2,5
104900012,110,29,81
104900013,40,8,32
104900014,3419,240,3179
104900015,77,6,71
104900016,98,355,-257
104900017,74,218,-144
104900018,8,249,-241
104900019,223,914,-691
104900020,47,301,-254
104900021,1,445,-444
104900022,9,191,-182
104900023,3,216,-213
104900024,13,184,-171
104900025,74,543,-469
104900026,3,248,-245
104900027,176,234,-58
104900028,10,99,-89
104900029,31,159,-128
104900030,234,166,68
104900031,122,196,-74
104900032,31,178,-147
104900033,86,201,-115
104900034,154,62,92
104900035,102,85,17
104900036,93,63,30
104900037,80,447,-367
104900038,641,228,413
104900039,1322,82,1240
104900040,121,53,68
104900041,134,175,-41
104900042,74,504,-430
104900043,10,73,-63
104900044,163,159,4
104900045,249,43,206
104900046,58,109,-51
104900047,129,119,10
104900048,105,77,28
104900049,10,1,9
104900050,101,55,46
104900051,141,31,110
104900052,18,0,18
104900053,221,57,164
104900054,38,33,5
104900055,40,0,40
104900056,166,7,159
104900057,10,0,10
104900058,283,113,170
104900059,5,36,-31
104900061,240,570,-330
104900063,25,203,-178
104900064,1,181,-180
104900065,0,82,-82
104900066,0,335,-335
104900067,2,182,-180
104900068,6,229,-223
104900070,85,310,-225
104900071,2,867,-865
104900072,20,210,-190
104900073,12,449,-437
104900074,26,254,-228
104900075,16,145,-129
104900076,49,478,-429
104900077,1816,99,1717
104900078,81,765,-684
104900079,117,149,-32
104900080,24,576,-552
104900082,2,332,-330
104900085,9,310,-301
104900089,45,0,45
104900091,247,1017,-770
104900093,195,534,-339
104900097,3782,1044,2738
104900098,47,47,0
104900099,41,274,-233
104900100,957,181,776
104900102,14,334,-320
104900103,278,142,136
104900106,32,114,-82
104900107,40,461,-421
104900108,27,491,-464
104900109,44,191,-147
104900110,6,67,-61
104900111,107,87,20
104900112,187,1173,-986
104900113,326,503,-177
104900114,197,853,-656
104900115,272,648,-376
104900116,96,319,-223
104900118,4,94,-90
104900119,5,26,-21
104900120,210,98,112
104900121,1,179,-178
104900122,2,148,-146
104900123,8,1,7
104900124,15,0,15
104900125,293,120,173
104900126,35,64,-29
104900127,15,21,-6
104900128,35,78,-43
104900129,2672,847,1825
105000001,2236,1677,559
105000002,2349,1794,555
105000003,3102,3502,-400
105000004,366,1085,-719
105000005,472,1222,-750
105000006,1012,1604,-592
105000007,865,1401,-536
105000008,819,1964,-1145
105000009,962,2455,-1493
105000010,3061,2932,129
105000011,1436,1951,-515
105000012,3298,3364,-66
105000013,584,948,-364
105000014,912,1615,-703
105000015,6592,5134,1458
105000016,3912,1531,2381
105000017,1805,984,821
105000018,1145,864,281
105000019,1331,801,530
105000020,218,229,-11
105000021,322,177,145
105000022,139,31,108
105000023,385,180,205
105000028,103,194,-91
105000029,365,855,-490
105000030,3500,3616,-116
105000031,5,29,-24
105000033,770,2220,-1450
105000034,171,539,-368
105000037,528,688,-160
105000038,944,875,69
105000039,2327,1573,754
105000040,305,664,-359
105000041,336,1284,-948
105000042,1285,937,348
105000043,1644,1848,-204
105000044,250,302,-52
105000045,276,982,-706
105000046,562,385,177
105000047,478,1570,-1092
105000048,368,200,168
105000049,265,918,-653
105000050,318,404,-86
105000051,265,623,-358
105000052,318,1188,-870
105000053,111,260,-149
105000054,150,1286,-1136
105000055,348,457,-109
105000056,609,3346,-2737
105000057,863,1205,-342
105000058,1252,1690,-438
105000059,536,570,-34
105000060,588,910,-322
105000061,291,498,-207
105000062,987,1535,-548
105000063,287,895,-608
105000064,1009,660,349
105000065,331,1506,-1175
105000066,908,2727,-1819
105000067,695,514,181
105000068,824,1031,-207
105000069,4381,707,3674
105000070,1087,822,265
105000071,349,515,-166
105000072,1398,1259,139
105000073,648,527,121
105000074,765,946,-181
105000075,437,790,-353
105000076,1430,1121,309
105000077,1638,703,935
105000078,1413,1114,299
105000079,1605,1719,-114
105000080,1344,764,580
105000081,1268,637,631
105000082,545,410,135
105000083,845,483,362
105000084,525,1161,-636
105000085,1025,821,204
105000086,620,978,-358
105000087,4035,2157,1878
105000088,1099,1385,-286
105000089,2437,2145,292
105000090,718,773,-55
105000091,1330,1514,-184
105000092,494,1127,-633
105000093,212,122,90
105000094,236,180,56
105000095,32,318,-286
105000096,888,547,341
105000097,954,785,169
105000098,605,539,66
105000099,868,1160,-292
105000100,647,1276,-629
105000101,1343,2333,-990
105000102,919,1665,-746
105000103,1034,2529,-1495
105000104,1186,1355,-169
105000105,771,2421,-1650
105000106,752,1817,-1065
105000107,601,1341,-740
105000108,796,2717,-1921
105000109,833,2063,-1230
105000110,560,1259,-699
105000111,574,601,-27
105000112,954,1093,-139
105000113,314,490,-176
105000114,5320,1144,4176
105000115,245,758,-513
105000116,492,472,20
105000117,760,1798,-1038
105000118,147,388,-241
105000119,374,1650,-1276
105000120,401,649,-248
105000121,778,1760,-982
105000122,217,364,-147
105000123,1092,1898,-806
105000124,911,1282,-371
105000125,538,2400,-1862
105000126,1673,2961,-1288
105000127,1878,2025,-147
105000128,476,1928,-1452
105000129,619,475,144
105000130,75,1174,-1099
105000131,655,372,283
105000132,541,402,139
105000133,300,1126,-826
105000134,539,522,17
105000135,418,798,-380
105000136,74,384,-310
105000137,223,184,39
105000138,146,334,-188
105000139,773,1265,-492
105000140,248,429,-181
105000141,142,768,-626
105000142,93,578,-485
105000143,176,900,-724
105000144,239,827,-588
105000145,347,627,-280
105000146,574,794,-220
105000147,492,396,96
105000148,933,954,-21
105000149,1428,2086,-658
105000150,1911,1575,336
105000151,407,356,51
105000152,200,901,-701
105000153,580,426,154
105000154,548,1525,-977
105000155,261,472,-211
105000156,780,1277,-497
105000157,820,3240,-2420
105000158,1738,794,944
105000159,322,2133,-1811
105000160,1343,634,709
105000161,724,2743,-2019
105000162,744,1408,-664
105000163,2340,1632,708
105000164,221,407,-186
105000165,2548,4004,-1456
105000166,10123,282,9841
105000167,4261,1187,3074
105000168,146,1386,-1240
105000169,181,421,-240
105000170,65,1482,-1417
105000171,894,423,471
105000172,35,101,-66
105000173,72,24,48
105000174,20,33,-13
105000175,36,124,-88
105000176,129,81,48
105000177,170,103,67
105000178,79,1075,-996
105000179,125,104,21
105000180,66,97,-31
105000181,35,776,-741
105000182,47,28,19
105000183,2679,1636,1043
105000184,908,540,368
105000185,691,484,207
105000186,245,842,-597
105000187,460,255,205
105000188,233,77,156
105000189,126,543,-417
105000190,173,241,-68
105000191,287,452,-165
105000192,88,71,17
105000193,53,124,-71
105000194,271,61,210
105000195,130,1089,-959
105000196,52,97,-45
105000197,211,733,-522
105000198,577,213,364
105000199,253,297,-44
105000200,78,219,-141
105000201,54,22,32
105000203,11,362,-351
105000204,74,73,1
105000205,40,318,-278
105000207,494,197,297
105000208,194,299,-105
105000209,172,310,-138
105000211,88,20,68
105000212,734,1951,-1217
105000213,120,126,-6
105000214,50,213,-163
105000215,111,387,-276
105000216,69,262,-193
105000217,74,286,-212
105000218,481,1336,-855
105000221,218,463,-245
105000222,87,59,28
105000223,80,237,-157
105000226,40,507,-467
105000227,26,289,-263
105000228,413,630,-217
105000229,55,270,-215
105000231,164,312,-148
105000233,460,529,-69
105000234,380,1209,-829
105000235,200,451,-251
105000237,589,72,517
105000243,15,46,-31
105000248,46,64,-18
105000262,119,2206,-2087
105000269,91,182,-91
105000270,197,112,85
105000271,2,491,-489
105000282,210,40,170
105000287,245,126,119
105000288,282,510,-228
105000289,1383,699,684
105000290,6,2,4
105000402,4949,1366,3583
105000426,319,419,-100
105000438,1042,564,478
105000440,14,37,-23
105000446,14758,4432,10326
105000447,7665,2562,5103
105000454,451,1197,-746
105000455,237,213,24
105000474,11,1,10
105000477,187,353,-166
105000478,1179,1893,-714
105000479,116,98,18
105000480,2008,1791,217
105000481,2010,1995,15
105000482,3878,2620,1258
105000483,933,1057,-124
105000484,2163,2410,-247
105000485,825,1268,-443
105000486,2858,2152,706
105000488,3356,2493,863
105000489,553,770,-217
105000549,35,162,-127
105000550,552,1302,-750
105000551,9,71,-62
105000552,3916,1997,1919
105000555,1028,617,411
105000556,24,30,-6
105000557,42,399,-357
105900001,1,841,-840
105900002,2074,308,1766
105900003,5,80,-75
105900004,141,87,54
105900005,2,235,-233
105900006,3,31,-28
105900007,27,3,24
105900008,23,880,-857
105900009,8,12,-4
105900011,65,47,18
105900012,157,122,35
105900013,0,9,-9
105900014,2,116,-114
105900015,88,361,-273
105900016,100,812,-712
105900017,448,47,401
105900018,171,451,-280
105900019,22,455,-433
105900020,20,65,-45
105900021,26,267,-241
105900022,141,423,-282
105900023,0,137,-137
105900024,5,91,-86
105900025,28,48,-20
105900026,210,45,165
105900027,3837,2068,1769
105900028,87,168,-81
105900029,1698,280,1418
105900030,123,194,-71
105900031,440,137,303
105900032,85,112,-27
105900033,31,72,-41
105900034,74,242,-168
105900035,115,147,-32
105900036,35,176,-141
105900037,34,63,-29
105900038,118,376,-258
105900039,63,227,-164
105900040,37,69,-32
105900041,152,539,-387
105900042,23,95,-72
105900043,2255,29,2226
105900044,0,131,-131
105900045,0,411,-411
105900046,0,143,-143
105900047,4,27,-23
105900048,33,415,-382
105900050,1322,400,922
105900051,2,1217,-1215
105900052,186,29,157
105900053,4434,1315,3119
105900054,187,350,-163
105900056,836,134,702
105900057,13,110,-97
105900058,7,40,-33
105900059,0,54,-54
106000001,3247,1355,1892
106000002,2856,5093,-2237
106000003,2801,2567,234
106000004,2796,2773,23
106000005,1902,4359,-2457
106000006,4977,4979,-2
106000007,356,437,-81
106000008,308,274,34
106000009,392,255,137
106000010,418,501,-83
106000011,521,802,-281
106000012,720,1839,-1119
106000013,1365,1469,-104
106000014,1681,1994,-313
106000015,999,918,81
106000016,929,2706,-1777
106000017,715,632,83
106000018,542,728,-186
106000019,190,428,-238
106000020,228,613,-385
106000021,370,500,-130
106000022,256,354,-98
106000023,524,589,-65
106000024,625,1014,-389
106000025,115,211,-96
106000026,155,447,-292
106000027,726,1373,-647
106000028,452,755,-303
106000029,923,1627,-704
106000030,795,269,526
106000034,168,523,-355
106000035,922,910,12
106000036,397,387,10
106000037,1696,1834,-138
106000038,405,51,354
106000039,157,35,122
106000040,140,875,-735
106000041,812,219,593
106000043,666,77,589
106000046,364,35,329
106000047,67,338,-271
106000049,444,152,292
106000050,229,1112,-883
106000051,453,438,15
106000052,96,824,-728
106000053,119,82,37
106000054,363,554,-191
106000055,261,237,24
106000056,251,636,-385
106000057,142,257,-115
106000058,159,225,-66
106000059,257,245,12
106000060,572,725,-153
106000061,220,405,-185
106000062,144,866,-722
106000063,517,524,-7
106000064,60,537,-477
106000065,296,195,101
106000066,117,485,-368
106000067,206,103,103
106000068,39,744,-705
106000069,131,122,9
106000070,440,963,-523
106000071,823,454,369
106000072,6631,1574,5057
106000073,1762,2042,-280
106000074,273,771,-498
106000075,251,1169,-918
106000076,1522,1567,-45
106000077,3721,1485,2236
106000078,611,1161,-550
106000079,457,1114,-657
106000080,1045,1012,33
106000081,570,1076,-506
106000082,2073,1032,1041
106000083,347,1220,-873
106000084,712,732,-20
106000085,1683,1029,654
106000086,540,782,-242
106000087,831,710,121
106000088,436,841,-405
106000089,698,593,105
106000090,223,644,-421
106000091,302,1027,-725
106000092,551,307,244
106000093,340,67,273
106000094,81,571,-490
106000095,481,2004,-1523
106000096,698,765,-67
106000097,573,1970,-1397
106000098,417,1247,-830
106000099,146,1231,-1085
106000100,667,315,352
106000101,808,371,437
106000102,93,647,-554
106000103,213,808,-595
106000104,560,508,52
106000105,432,1232,-800
106000106,493,487,6
106000107,130,718,-588
106000108,230,470,-240
106000109,78,641,-563
106000110,71,356,-285
106000111,110,913,-803
106000112,109,390,-281
106000113,1601,804,797
106000114,443,425,18
106000115,204,725,-521
106000116,186,313,-127
106000117,892,977,-85
106000118,921,1004,-83
106000119,3136,1338,1798
106000120,448,696,-248
106000121,224,314,-90
106000122,107,430,-323
106000123,150,441,-291
106000124,17,478,-461
106000125,23,483,-460
106000126,177,350,-173
106000127,141,1029,-888
106000128,585,556,29
106000129,518,849,-331
106000130,600,742,-142
106000131,201,978,-777
106000132,1258,275,983
106000133,6006,1244,4762
106000134,1240,1076,164
106000135,260,1492,-1232
106000136,780,1386,-606
106000137,78,2568,-2490
106000138,864,89,775
106000139,54,161,-107
106000140,28,151,-123
106000141,35,141,-106
106000142,41,65,-24
106000143,21,149,-128
106000144,22,72,-50
106000145,148,404,-256
106000146,259,259,0
106000147,590,1723,-1133
106000148,735,1632,-897
106000149,418,1273,-855
106000150,487,1949,-1462
106000151,7732,747,6985
106000152,1477,1231,246
106000153,139,1360,-1221
106000154,1775,369,1406
106000155,32,243,-211
106000156,403,351,52
106000157,467,2071,-1604
106000158,4321,737,3584
106000159,5950,1248,4702
106000160,270,1535,-1265
106000161,1711,602,1109
106000162,109,654,-545
106000163,208,745,-537
106000164,231,313,-82
106000165,211,1060,-849
106000166,714,244,470
106000167,307,2055,-1748
106000168,152,264,-112
106000169,96,1182,-1086
106000170,238,319,-81
106000171,55,1256,-1201
106000172,1790,940,850
106000173,726,3769,-3043
106000174,588,268,320
106000175,234,1371,-1137
106000176,673,775,-102
106000177,453,2649,-2196
106000178,1687,1808,-121
106000179,743,2330,-1587
106000180,487,2262,-1775
106000181,371,2517,-2146
106000182,436,958,-522
106000183,492,1626,-1134
106000184,532,1544,-1012
106000185,351,890,-539
106000186,783,119,664
106000187,202,710,-508
106000188,0,0,0
106000189,4,60,-56
106000190,2,0,2
106000191,406,131,275
106000192,2,13,-11
106000193,303,92,211
106000194,87,163,-76
106000195,108,40,68
106000196,37,324,-287
106000197,173,409,-236
106000198,69,278,-209
106000199,833,346,487
106000200,613,98,515
106000201,409,1086,-677
106000202,9684,606,9078
106000203,271,285,-14
106000204,23,5,18
106000205,35,171,-136
106000206,47,32,15
106000207,36,1097,-1061
106000208,380,99,281
106000209,644,343,301
106000210,174,1782,-1608
106000211,305,1909,-1604
106000212,492,154,338
106000213,641,1529,-888
106000214,2425,401,2024
106000215,197,596,-399
106000216,353,339,14
106000217,344,598,-254
106000218,532,334,198
106000219,125,349,-224
106000220,321,272,49
106000221,74,345,-271
106000222,48,281,-233
106000223,65,111,-46
106000224,129,402,-273
106000225,61,28,33
106000226,165,405,-240
106000228,44,163,-119
106000229,126,949,-823
106000231,626,200,426
106000232,45,572,-527
106000233,138,171,-33
106000234,34,236,-202
106000235,184,84,100
106000236,96,92,4
106000237,1,2,-1
106000238,9,10,-1
106000239,2,122,-120
106000240,20,0,20
106000241,16,869,-853
106000242,125,11,114
106000249,62,114,-52
106000250,30,357,-327
106000251,11,27,-16
106000252,13,129,-116
106000253,21,47,-26
106000254,21,91,-70
106000255,15,74,-59
106000256,61,94,-33
106000257,57,318,-261
106000258,72,21,51
106000259,7,34,-27
106000260,19,8,11
106000261,3,44,-41
106000262,38,20,18
106000263,9,65,-56
106000264,110,14,96
106000265,12,124,-112
106000266,74,12,62
106000267,5,126,-121
106000268,458,24,434
106000269,75,54,21
106000270,156,293,-137
106000271,31,149,-118
106000272,42,54,-12
106000273,3,173,-170
106000274,117,38,79
106000275,154,153,1
106000276,71,55,16
106000277,117,144,-27
106000278,146,51,95
106000279,5,68,-63
106000280,22,236,-214
106000281,53,125,-72
106000282,64,53,11
106000283,61,162,-101
106000284,46,101,-55
106000285,100,238,-138
106000286,70,150,-80
106000287,78,119,-41
106000288,125,144,-19
106000289,60,127,-67
106000290,48,84,-36
106000291,44,182,-138
106000292,60,160,-100
106000293,77,94,-17
106000294,145,157,-12
106000295,24,49,-25
106000296,74,134,-60
106000297,47,272,-225
106000298,138,59,79
106000299,63,177,-114
106000300,26,90,-64
106000301,34,81,-47
106000303,11,68,-57
106000304,15,46,-31
106000305,15,31,-16
106000306,50,98,-48
106000307,7,21,-14
106000308,15,204,-189
106000309,6,69,-63
106000310,166,756,-590
106000311,187,114,73
106000312,44,399,-355
106000313,123,238,-115
106000318,182,165,17
106000319,516,95,421
106000320,0,21,-21
106000321,302,61,241
106000322,77,280,-203
106000324,4,195,-191
106000325,944,765,179
106000326,980,2070,-1090
106000327,81,259,-178
106000328,2,86,-84
106000329,33,350,-317
106000330,25,33,-8
106000428,32,173,-141
106000429,78,868,-790
106000430,334,2033,-1699
106000431,1402,296,1106
106000432,2024,3866,-1842
106000433,1511,847,664
106000434,2263,898,1365
106000435,2263,3449,-1186
106000436,11,502,-491
106000437,129,22,107
106000438,159,73,86
106000439,30,643,-613
106000440,402,698,-296
106000441,0,0,0
106000442,214,2,212
106000443,83,720,-637
106000450,11,292,-281
106000451,18,33,-15
106000454,6,115,-109
106000455,24,151,-127
106000456,132,24,108
106000457,2,1264,-1262
106000458,189,419,-230
106000459,39,628,-589
106000460,375,73,302
106000461,54,2444,-2390
106000462,0,19,-19
106000463,1,56,-55
106000464,6,933,-927
106000465,144,1,143
106000466,2,1029,-1027
106000467,768,522,246
106000468,38,222,-184
106000469,568,3,565
106000470,196,1292,-1096
106000471,51,909,-858
106000472,54,17,37
106000473,24,44,-20
106000474,323,1314,-991
106000475,312,252,60
106000476,228,184,44
106000477,42,199,-157
106000480,0,93,-93
106900001,0,49,-49
106900002,8,767,-759
106900003,20,112,-92
106900004,1,82,-81
106900006,0,30,-30
106900007,0,32,-32
106900008,315,1623,-1308
106900009,143,757,-614
106900010,375,166,209
106900012,675,633,42
106900013,2719,1322,1397
106900014,27,1,26
106900015,18,1,17
106900016,98,0,98
106900017,4,0,4
106900018,2,0,2
106900019,15,0,15
106900020,3185,902,2283
106900021,22,125,-103
106900022,188,0,188
106900023,474,426,48
106900024,201,9,192
106900025,91,769,-678
106900026,1,179,-178
106900027,459,6,453
106900028,1,5,-4
106900029,309,36,273
106900030,1,983,-982
107000001,2403,1613,790
107000002,3362,3466,-104
107000003,2630,4007,-1377
107000004,4297,5824,-1527
107000005,1440,3016,-1576
107000006,2995,7277,-4282
107000007,2784,4504,-1720
107000008,14149,10650,3499
107000009,2856,3891,-1035
107000010,8668,10784,-2116
107000011,1172,1265,-93
107000012,4524,4335,189
107000013,49,174,-125
107000014,12,368,-356
107000015,351,980,-629
107000016,375,1555,-1180
107000017,1729,758,971
107000018,3,224,-221
107000020,848,355,493
107000021,642,850,-208
107000022,471,1157,-686
107000023,970,352,618
107000024,277,1818,-1541
107000025,96,331,-235
107000026,158,792,-634
107000027,615,908,-293
107000028,865,2168,-1303
107000029,1203,1544,-341
107000030,2935,3665,-730
107000031,1834,1504,330
107000032,325,933,-608
107000033,3645,3432,213
107000034,5628,2233,3395
107000035,339,178,161
107000036,461,1016,-555
107000037,47,545,-498
107000038,226,169,57
107000039,510,486,24
107000040,139,287,-148
107000041,1447,634,813
107000042,702,1589,-887
107000043,3374,898,2476
107000044,717,357,360
107000045,144,306,-162
107000046,424,353,71
107000047,372,966,-594
107000048,667,357,310
107000049,534,811,-277
107000050,925,572,353
107000051,799,311,488
107000052,868,798,70
107000053,353,213,140
107000054,59,311,-252
107000055,365,140,225
107000056,497,607,-110
107000057,2977,263,2714
107000058,1598,1972,-374
107000059,2196,3464,-1268
107000060,2236,4217,-1981
107000061,4732,4765,-33
107000062,2218,2539,-321
107000063,3627,7683,-4056
107000064,2374,1575,799
107000065,3529,6772,-3243
107000066,996,1399,-403
107000067,504,628,-124
107000068,916,398,518
107000069,758,384,374
107000070,316,24,292
107000071,1184,13,1171
107000072,39,4538,-4499
107000073,196,167,29
107000074,152,1007,-855
107000075,750,357,393
107000076,819,1649,-830
107000077,1658,804,854
107000078,1829,3114,-1285
107000079,1177,480,697
107000080,985,3274,-2289
107000081,496,448,48
107000082,382,2926,-2544
107000083,609,229,380
107000084,421,2689,-2268
107000085,2135,2691,-556
107000086,2801,2715,86
107000087,1818,1435,383
107000088,2008,3020,-1012
107000089,1188,1494,-306
107000090,981,1201,-220
107000091,750,875,-125
107000092,654,1300,-646
107000093,808,725,83
107000094,833,1549,-716
107000095,397,805,-408
107000096,553,1451,-898
107000097,382,358,24
107000098,445,1518,-1073
107000099,339,181,158
107000100,335,405,-70
107000101,40,152,-112
107000102,387,428,-41
107000103,319,192,127
107000104,393,461,-68
107000105,349,124,225
107000106,141,424,-283
107000107,446,177,269
107000108,142,1148,-1006
107000109,299,127,172
107000110,94,892,-798
107000111,123,29,94
107000112,13,669,-656
107000113,430,98,332
107000114,114,1279,-1165
107000115,364,122,242
107000116,106,1314,-1208
107000117,106,245,-139
107000118,232,396,-164
107000119,2430,1172,1258
107000120,4192,378,3814
107000121,397,835,-438
107000122,966,965,1
107000123,204,1117,-913
107000124,386,1023,-637
107000125,388,1219,-831
107000126,556,1133,-577
107000129,145,1714,-1569
107000130,294,201,93
107000131,318,1069,-751
107000132,350,322,28
107000133,258,175,83
107000134,93,0,93
107000135,1,227,-226
107000136,333,2,331
107000137,12,527,-515
107000138,188,10,178
107000139,15,293,-278
107000140,539,37,502
107000141,118,964,-846
107000142,193,35,158
107000143,34,922,-888
107000144,171,228,-57
107000145,186,597,-411
107000146,102,123,-21
107000147,4396,980,3416
107000150,831,1212,-381
107000151,17,58,-41
107000152,714,394,320
107000153,787,417,370
107000154,255,127,128
107000155,289,14,275
107000156,483,18,465
107000157,32,2496,-2464
107000158,229,16,213
107000159,69,2251,-2182
107000160,300,54,246
107000161,74,2660,-2586
107000162,99,180,-81
107000163,12,0,12
107000164,149,0,149
107000165,253,0,253
107000166,40,1789,-1749
107000167,267,292,-25
107000168,440,256,184
107000169,1168,928,240
107000170,680,502,178
107000171,317,3264,-2947
107000172,408,600,-192
107000173,552,1426,-874
107000174,457,1701,-1244
107000175,10386,1490,8896
107000176,4,0,4
107000177,1,2,-1
107000178,10,59,-49
107000179,173,3935,-3762
107000180,715,374,341
107000181,444,2037,-1593
107000182,1050,1073,-23
107000183,110,1060,-950
107000184,584,973,-389
107000185,377,1294,-917
107000186,675,375,300
107000187,762,1558,-796
107000188,288,497,-209
107000189,207,989,-782
107000190,339,1062,-723
107000191,545,1294,-749
107000192,948,1466,-518
107000193,217,303,-86
107000194,853,960,-107
107000197,663,216,447
107000198,286,962,-676
107000199,419,538,-119
107000200,1131,464,667
107000201,245,161,84
107000202,156,424,-268
107000203,544,294,250
107000204,865,477,388
107000205,1565,646,919
107000206,519,518,1
107000207,573,836,-263
107000208,855,332,523
107000209,1868,455,1413
107000210,878,267,611
107000211,10,19,-9
107000212,7,244,-237
107000213,4,33,-29
107000214,2,141,-139
107000215,173,549,-376
107000216,135,606,-471
107000217,51,155,-104
107000219,50,107,-57
107000220,75,293,-218
107000222,185,625,-440
107000224,190,31,159
107000225,100,658,-558
107000226,129,47,82
107000227,32,477,-445
107000228,93,142,-49
107000229,520,92,428
107000230,983,512,471
107000231,1435,576,859
107000232,92,154,-62
107000233,1010,484,526
107000234,0,22,-22
107000235,42,3,39
107000236,10,345,-335
107000237,2,0,2
107000238,12,1,11
107000239,6820,494,6326
107000240,57,1625,-1568
107000243,0,71,-71
107000244,8,65,-57
107000246,5,1305,-1300
107000249,1,1313,-1312
107000251,0,308,-308
107000252,10,1605,-1595
107000255,1137,94,1043
107000257,3,770,-767
107000258,2,199,-197
107000259,3,322,-319
107000260,230,1,229
107000262,7,1065,-1058
107000263,136,0,136
107000266,2,0,2
107000267,72,296,-224
107000268,123,212,-89
107000269,205,10,195
107000270,0,4,-4
107000271,9,1323,-1314
107000272,10,235,-225
107000273,3,269,-266
107000274,408,4,404
107000275,201,880,-679
107000280,265,24,241
107000281,22,1563,-1541
107000282,15,1583,-1568
107000290,4,36,-32
107000291,8,8,0
107000292,2,43,-41
107000293,36,13,23
107000294,0,19,-19
107000295,10,3,7
107000296,0,17,-17
107000444,78,4,74
107000496,0,12,-12
107000497,1150,3542,-2392
107000500,267,454,-187
107000501,61,283,-222
107000502,234,436,-202
107000505,1278,818,460
107000506,0,10,-10
107000508,2,812,-810
107000509,123,295,-172
107000510,12,14,-2
107000514,17,200,-183
107000515,14,357,-343
107000516,203,175,28
107000518,742,424,318
107000519,5870,1129,4741
107000520,38,3,35
107000521,437,580,-143
107000522,560,1460,-900
107900001,24,325,-301
107900002,19,0,19
107900003,125,116,9
107900004,1,0,1
107900005,299,3,296
107900006,40,0,40
107900007,110,12,98
107900008,38,63,-25
107900009,42,1,41
107900010,10,0,10
107900012,294,15,279
107900013,259,96,163
107900014,11,3,8
107900015,340,2,338
107900016,329,92,237
107900017,8,1,7
107900018,43,42,1
107900019,5,143,-138
107900020,29,3,26
107900021,18,184,-166
107900023,1,1,0
107900024,0,32,-32
107900025,146,323,-177
107900026,35,179,-144
107900027,55,39,16
107900028,14,105,-91
107900030,99,13,86
107900031,32,439,-407
107900032,1,4,-3
107900033,4,6,-2
107900034,183,5,178
107900035,392,17,375
107900036,13,2,11
107900037,2,44,-42
107900038,150,78,72
107900039,9,98,-89
107900040,23,34,-11
107900041,1,0,1
107900043,42,394,-352
107900044,7,7,0
107900045,33,24,9
107900046,89,48,41
107900047,7,89,-82
107900048,66,6,60
107900049,253,427,-174
107900050,78,337,-259
107900051,42,131,-89
107900052,5,8,-3
107900053,11,105,-94
107900055,358,245,113
107900056,55,14,41
107900057,0,0,0
107900058,28,851,-823
107900060,3,41,-38
107900061,14,3,11
107900063,76,136,-60
107900064,215,18,197
107900065,89,0,89
107900066,7,13,-6
107900067,0,0,0
107900068,113,133,-20
107900069,20,532,-512
107900070,52,7,45
107900071,17,1149,-1132
107900072,18,268,-250
107900073,28,149,-121
107900074,1192,152,1040
107900076,159,59,100
107900077,22,5,17
107900079,14,13,1
107900080,99,114,-15
107900081,11,84,-73
107900082,17,19,-2
107900083,235,88,147
107900084,75,89,-14
107900086,53,76,-23
107900087,404,54,350
107900088,4,5,-1
107900089,222,598,-376
107900090,440,800,-360
107900091,139,666,-527
107900093,43,78,-35
107900095,2600,978,1622
107900097,7,45,-38
107900098,39,167,-128
107900100,878,527,351
107900101,1279,151,1128
107900102,30,1,29
107900103,45,121,-76
107900104,94,1,93
107900105,1,817,-816
107900106,3,1639,-1636
107900107,944,171,773
107900108,328,58,270
107900109,392,4,388
107900110,4,164,-160
107900111,14,1446,-1432
107900112,113,255,-142
107900113,43,141,-98
107900114,44,295,-251
107900115,0,62,-62
107900116,28,306,-278
107900117,200,547,-347
107900118,48,146,-98
107900119,40,61,-21
107900120,22,2,20
107900121,11,80,-69
107900122,0,34,-34
107900123,1,19,-18
107900124,28,30,-2
107900125,16,166,-150
107900126,6,50,-44
107900127,327,97,230
107900128,92,62,30
107900129,24,70,-46
107900130,9,28,-19
107900131,419,69,350
107900132,100,617,-517
107900133,0,66,-66
107900134,25,5,20
107900135,3,243,-240
107900136,18,20,-2
107900137,74,98,-24
107900138,18,39,-21
107900139,1,35,-34
107900141,30,29,1
107900142,53,1578,-1525
107900143,17,39,-22
107900144,1,158,-157
107900145,8,97,-89
107900146,22,136,-114
107900147,48,22,26
107900148,118,182,-64
107900149,2163,166,1997
107900150,60,1276,-1216
107900151,9,91,-82
107900152,3,258,-255
107900153,120,193,-73
107900154,22,11,11
107900155,20,27,-7
107900156,0,498,-498
107900157,24,77,-53
107900158,260,10,250
107900159,33,1428,-1395
107900160,46,174,-128
107900161,1,359,-358
107900162,0,42,-42
107900163,19,12,7
107900164,4,32,-28
107900165,5,53,-48
107900166,15,367,-352
107900167,7,3,4
107900168,8,39,-31
107900169,0,98,-98
107900171,11,2830,-2819
107900172,0,435,-435
107900173,4,300,-296
107900174,21,6,15
107900175,7,4,3
107900176,7,54,-47
107900177,0,37,-37
107900178,2,245,-243
107900179,3,176,-173
107900180,1243,153,1090
107900181,209,646,-437
107900182,3,2122,-2119
107900183,17,529,-512
107900184,38,242,-204
107900185,46,14,32
107900186,6,26,-20
107900187,0,98,-98
107900188,920,100,820
107900189,9,168,-159
107900190,81,40,41
107900191,37,195,-158
107900193,43,42,1
107900194,61,1,60
107900195,5046,467,4579
107900196,21,55,-34
107900197,638,184,454
107900199,0,1068,-1068
107900201,81,143,-62
107900203,29,44,-15
107900204,257,205,52
107900206,351,103,248
107900207,4,827,-823
107900208,27,883,-856
107900209,296,116,180
107900210,70,129,-59
107900213,358,357,1
107900214,2,235,-233
107900215,201,273,-72
107900216,68,84,-16
107900217,11,49,-38
107900218,9,1887,-1878
107900219,25,202,-177
107900220,125,91,34
107900221,190,240,-50
107900223,62,744,-682
107900224,199,216,-17
107900225,3,1024,-1021
107900226,66,109,-43
107900227,103,484,-381
107900228,21,84,-63
107900229,3,433,-430
107900230,24,184,-160
107900231,2,303,-301
107900232,22,342,-320
107900233,5,152,-147
107900234,54,206,-152
107900235,26,68,-42
107900236,46,77,-31
107900237,132,495,-363
107900238,8,142,-134
107900239,1953,368,1585
107900240,7,213,-206
107900241,11,74,-63
107900242,39,637,-598
107900243,1,53,-52
107900244,129,8,121
107900245,185,35,150
107900246,51,5,46
107900248,69,181,-112
107900249,229,9,220
107900250,2,636,-634
107900251,53,1521,-1468
107900252,255,6,249
107900253,46,2,44
107900254,47,132,-85
107900255,213,37,176
107900256,460,339,121
107900257,49,30,19
107900258,43,190,-147
107900259,86,600,-514
107900261,1,381,-380
107900262,38,157,-119
107900264,116,2,114
107900265,108,293,-185
107900267,54,14,40
107900268,68,1,67
107900269,0,1,-1
107900270,0,0,0
107900271,2,2,0
107900272,111,7,104
107900273,6,79,-73
107900274,10,0,10
107900275,5,0,5
107900276,0,62,-62
107900277,1,215,-214
107900278,94,327,-233
107900279,115,78,37
107900280,1426,1073,353
107900281,4862,938,3924
107900282,104,165,-61
107900283,1410,337,1073
107900284,140,955,-815
107900285,29,226,-197
107900286,53,60,-7
107900287,87,141,-54
107900290,1,72,-71
107900291,286,15,271
107900292,72,336,-264
107900293,40,761,-721
107900295,67,185,-118
107900297,13,267,-254
107900298,683,1008,-325
107900299,4770,1748,3022
107900301,287,255,32
107900302,47,15,32
107900303,39,458,-419
107900304,97,688,-591
107900305,81,17,64
107900306,15,8,7
107900307,41,451,-410
107900308,190,35,155
107900309,31,0,31
107900310,31,0,31
107900311,186,48,138
107900312,8,0,8
107900313,0,53,-53
107900314,0,28,-28
107900315,1,38,-37
107900316,43,1,42
107900317,51,6,45
107900318,5,141,-136
107900319,1,290,-289
107900320,0,154,-154
107900321,31,1,30
107900322,0,256,-256
107900323,10,146,-136
107900324,91,1,90
107900325,37,0,37
107900326,57,458,-401
107900327,0,0,0
107900328,25,0,25
107900329,4,0,4
107900330,4,777,-773
107900331,91,24,67
107900332,61,24,37
107900333,28,9,19
107900334,12,427,-415
107900335,44,94,-50
107900336,10,25,-15
107900337,1694,315,1379
107900338,1,134,-133
107900339,3,16,-13
107900340,0,52,-52
107900341,12,0,12
107900342,78,174,-96
107900343,32,0,32
107900344,4,201,-197
107900345,56,17,39
107900346,22,2,20
107900347,13,0,13
107900348,0,2,-2
107900349,53,5,48
107900350,28,258,-230
107900351,0,227,-227
107900352,14,103,-89
107900353,6,4,2
107900354,11,91,-80
108000001,1832,2447,-615
108000002,2010,3626,-1616
108000003,2120,1624,496
108000004,17100,14237,2863
108000005,4412,3193,1219
108000006,6244,6603,-359
108000007,3095,2709,386
108000008,4538,5720,-1182
108000009,2418,2532,-114
108000010,2561,5398,-2837
108000011,7648,6850,798
108000012,18470,15192,3278
108000014,550,575,-25
108000015,323,296,27
108000016,131,673,-542
108000017,463,319,144
108000018,733,423,310
108000019,794,479,315
108000020,910,364,546
108000021,365,1770,-1405
108000022,509,1623,-1114
108000023,677,102,575
108000024,127,889,-762
108000025,152,210,-58
108000026,350,767,-417
108000027,328,777,-449
108000028,233,275,-42
108000029,162,1209,-1047
108000030,285,221,64
108000031,131,494,-363
108000032,779,425,354
108000033,521,1472,-951
108000034,774,373,401
108000035,934,2831,-1897
108000036,318,1835,-1517
108000037,913,275,638
108000038,1398,271,1127
108000039,418,3819,-3401
108000040,845,389,456
108000041,521,3119,-2598
108000042,122,297,-175
108000043,77,336,-259
108000044,172,168,4
108000045,154,921,-767
108000046,685,178,507
108000047,324,1195,-871
108000048,123,525,-402
108000049,294,184,110
108000050,148,893,-745
108000051,142,80,62
108000052,367,815,-448
108000053,253,66,187
108000054,475,1164,-689
108000055,855,287,568
108000056,1045,1274,-229
108000057,483,539,-56
108000058,1808,1637,171
108000059,4295,2024,2271
108000060,106,369,-263
108000061,327,733,-406
108000062,368,366,2
108000063,282,649,-367
108000064,124,261,-137
108000065,405,770,-365
108000066,1639,883,756
108000067,1175,431,744
108000068,549,274,275
108000069,226,1208,-982
108000070,1107,470,637
108000071,483,1998,-1515
108000072,877,763,114
108000073,1477,2063,-586
108000074,210,365,-155
108000075,284,835,-551
108000076,512,360,152
108000077,750,731,19
108000078,1129,1252,-123
108000079,767,2011,-1244
108000080,525,481,44
108000081,350,2797,-2447
108000082,793,2029,-1236
108000083,1166,655,511
108000084,325,1484,-1159
108000085,382,253,129
108000086,646,864,-218
108000087,115,1026,-911
108000088,510,255,255
108000089,200,191,9
108000091,100,872,-772
108000092,58,103,-45
108000093,88,1328,-1240
108000094,543,128,415
108000095,195,779,-584
108000096,126,157,-31
108000097,122,909,-787
108000098,526,1525,-999
108000099,534,299,235
108000100,67,395,-328
108000101,466,795,-329
108000102,1121,1943,-822
108000106,357,0,357
108000107,0,746,-746
108000108,273,20,253
108000109,5,1027,-1022
108000110,177,174,3
108000111,112,1023,-911
108000112,53,67,-14
108000113,531,367,164
108000115,429,590,-161
108000117,663,280,383
108000118,386,778,-392
108000119,736,567,169
108000120,89,563,-474
108000121,120,778,-658
108000122,233,323,-90
108000123,253,401,-148
108000124,95,591,-496
108000125,119,422,-303
108000126,71,779,-708
108000127,158,393,-235
108000128,327,865,-538
108000129,144,1811,-1667
108000130,129,304,-175
108000131,419,306,113
108000132,1779,1514,265
108000133,385,375,10
108000134,605,731,-126
108000135,620,249,371
108000136,1337,1146,191
108000137,144,398,-254
108000138,241,1237,-996
108000139,105,421,-316
108000140,20,22,-2
108000141,14,232,-218
108000142,31,289,-258
108000143,15,1096,-1081
108000144,115,109,6
108000145,16,116,-100
108000146,209,50,159
108000147,10,154,-144
108000148,159,36,123
108000149,49,65,-16
108000150,10,4,6
108000151,97,35,62
108000152,71,903,-832
108000153,135,112,23
108000154,74,47,27
108000155,16,7,9
108000156,778,666,112
108000157,83,326,-243
108000158,63,393,-330
108000159,1042,173,869
108000160,7024,625,6399
108000161,5671,876,4795
108000165,2,55,-53
108000172,4,152,-148
108000173,3208,1004,2204
108000175,157,77,80
108000178,293,357,-64
108000179,225,484,-259
108000181,50,39,11
108000182,339,90,249
108000183,19,426,-407
108000184,1412,1190,222
108000185,47,605,-558
108000186,101,935,-834
108000187,51,976,-925
108000188,197,300,-103
108000189,2836,2692,144
108000190,15,123,-108
108000192,88,842,-754
108000193,633,51,582
108000194,27,37,-10
108000195,2,1663,-1661
108000196,72,96,-24
108000198,389,421,-32
108000199,0,108,-108
108000200,92,1028,-936
108000203,45,1184,-1139
108000204,65,30,35
108000205,292,623,-331
108000339,1467,254,1213
108000364,353,810,-457
108000365,38,512,-474
108000367,153,446,-293
108000368,8,36,-28
108000369,2048,109,1939
108000371,11,792,-781
108000372,353,1,352
108000373,44,149,-105
108000376,39,31,8
108000377,250,405,-155
108000378,6986,6093,893
108000379,40,145,-105
108000381,17,8,9
108000382,159,3,156
108000383,1,198,-197
108900001,126,1553,-1427
108900002,153,71,82
108900003,322,1603,-1281
108900004,201,140,61
108900007,81,137,-56
108900008,23,157,-134
108900009,32,86,-54
108900010,56,140,-84
108900011,120,404,-284
108900012,157,516,-359
108900013,47,256,-209
108900014,3,72,-69
108900015,1,16,-15
108900016,2,211,-209
108900017,95,167,-72
108900018,53,768,-715
108900019,13,1844,-1831
108900020,19,404,-385
108900021,48,369,-321
108900022,24,0,24
108900023,12,22,-10
108900024,13,147,-134
108900025,27,169,-142
108900026,9,104,-95
108900027,0,116,-116
108900028,27,594,-567
108900029,27,142,-115
108900030,0,116,-116
108900031,40,817,-777
108900032,4,354,-350
108900033,0,89,-89
108900034,0,403,-403
108900035,168,2029,-1861
108900038,1,494,-493
108900039,3,766,-763
108900040,1,192,-191
108900041,5996,1760,4236
108900042,4,244,-240
108900043,28,579,-551
108900044,2,898,-896
108900045,14,1034,-1020
108900046,52,1541,-1489
108900047,3,115,-112
108900048,94,1502,-1408
108900049,7344,496,6848
108900050,1,432,-431
108900051,1,272,-271
108900052,10,362,-352
108900053,109,90,19
108900054,40,333,-293
108900055,53,565,-512
108900056,0,219,-219
108900057,1,214,-213
108900058,9,535,-526
108900059,123,11,112
108900060,49,149,-100
108900061,33,25,8
108900062,5,437,-432
108900063,6,464,-458
108900064,37,37,0
108900065,7,369,-362
108900066,137,77,60
108900067,9,265,-256
108900068,7,372,-365
108900069,19,156,-137
108900070,15,207,-192
108900071,27,44,-17
108900072,2604,191,2413
108900073,30,803,-773
108900074,45,603,-558
108900075,54,67,-13
108900076,94,86,8
108900077,137,713,-576
108900078,15,252,-237
108900079,1003,291,712
108900080,30,230,-200
108900081,66,366,-300
108900082,25,154,-129
108900083,8,111,-103
108900085,2887,157,2730
108900086,41,536,-495
108900087,127,271,-144
108900088,523,216,307
108900089,4,62,-58
108900090,10,517,-507
108900091,152,132,20
108900092,223,264,-41
108900093,72,34,38
108900094,173,67,106
108900095,45,913,-868
108900096,528,37,491
108900097,243,200,43
108900098,3872,346,3526
108900099,202,352,-150
108900100,29,170,-141
108900101,141,56,85
108900102,83,454,-371
108900103,45,17,28
108900105,4,513,-509
108900106,155,796,-641
108900108,91,29,62
108900109,141,21,120
108900110,63,830,-767
108900111,115,1068,-953
108900113,50,20,30
108900114,31,7,24
108900115,47,45,2
108900116,22,5,17
108900117,77,28,49
108900118,250,1,249
108900119,71,51,20
108900120,122,75,47
108900121,171,21,150
108900122,39,42,-3
108900123,58,41,17
108900124,331,87,244
108900125,100,1,99
108900126,65,7,58
108900127,41,14,27
108900128,48,14,34
108900129,528,52,476
108900130,142,1,141
108900131,141,3,138
108900132,197,38,159
108900133,81,19,62
108900134,131,239,-108
108900135,58,5,53
108900136,5,0,5
108900137,50,0,50
108900138,276,10,266
108900140,123,218,-95
108900141,126,5,121
108900142,27,2,25
108900143,16,2,14
108900144,21,0,21
108900145,52,1,51
108900146,19,0,19
108900147,48,0,48
108900148,46,45,1
108900150,132,1,131
108900151,23,3,20
108900152,21,1,20
108900153,51,667,-616
108900154,2359,366,1993
108900156,24,5,19
108900157,9,801,-792
108900158,142,30,112
108900159,9,467,-458
108900160,2,349,-347
108900161,8,561,-553
108900162,42,1,41
108900163,3,153,-150
108900164,34,71,-37
108900168,11696,1358,10338
108900169,14,173,-159
108900171,9634,1324,8310
108900172,146,24,122
108900173,151,459,-308
108900174,249,369,-120
108900176,115,845,-730
108900177,11591,2157,9434
108900178,6451,1753,4698
108900180,57,207,-150
108900183,194,200,-6
108900184,163,138,25
108900185,21,319,-298
108900186,20,321,-301
108900189,135,120,15
108900190,34,4411,-4377
108900192,38,295,-257
108900195,80,518,-438
108900196,14,932,-918
108900199,141,266,-125
108900200,248,243,5
108900201,308,1238,-930
108900203,307,14,293
108900204,260,7,253
108900205,143,6,137
108900206,121,16,105
108900207,90,51,39
108900208,34,481,-447
108900209,198,730,-532
108900210,103,196,-93
108900211,77,215,-138
108900212,905,616,289
108900215,132,920,-788
108900216,303,99,204
108900217,32,0,32
108900218,33,8,25
108900221,24,54,-30
108900224,26,85,-59
108900225,0,135,-135
108900227,77,85,-8
108900230,573,421,152
108900232,0,598,-598
108900233,109,31,78
108900234,135,35,100
108900235,163,704,-541
108900236,17,405,-388
108900240,36,54,-18
108900241,6,29,-23
108900245,3,390,-387
108900250,45,80,-35
108900258,14,422,-408
108900259,24,83,-59
108900260,4,127,-123
108900261,246,219,27
108900262,229,132,97
108900263,54,292,-238
108900264,540,293,247
108900265,1654,243,1411
108900266,1671,279,1392
108900267,2,59,-57
108900268,11,0,11
108900269,16,5,11
108900270,42,4,38
108900271,7,2,5
108900272,65,2,63
108900273,1033,403,630
108900274,15,81,-66
109000001,4259,1024,3235
109000002,3924,1405,2519
109000003,1397,741,656
109000004,446,2975,-2529
109000005,1643,1098,545
109000006,680,2354,-1674
109000007,918,802,116
109000008,455,2272,-1817
109000009,2386,1232,1154
109000010,1515,5119,-3604
109000011,1701,1441,260
109000012,1289,5174,-3885
109000013,1575,1785,-210
109000014,1106,4585,-3479
109000015,4354,4765,-411
109000016,13752,4883,8869
109000017,1314,1017,297
109000018,775,3606,-2831
109000019,1899,1300,599
109000020,1320,2599,-1279
109000023,119,12,107
109000024,5,142,-137
109000025,325,370,-45
109000026,869,272,597
109000027,44,291,-247
109000028,109,90,19
109000029,101,119,-18
109000030,60,545,-485
109000031,113,105,8
109000032,50,545,-495
109000033,247,88,159
109000034,28,43,-15
109000035,9,17,-8
109000036,53,363,-310
109000037,142,711,-569
109000038,464,347,117
109000039,522,272,250
109000040,4451,1913,2538
109000041,7076,944,6132
109000042,1046,898,148
109000044,169,187,-18
109000045,113,624,-511
109000046,163,76,87
109000047,48,386,-338
109000048,682,388,294
109000049,159,428,-269
109000050,416,566,-150
109000051,194,205,-11
109000052,319,2661,-2342
109000053,420,233,187
109000054,67,957,-890
109000055,68,101,-33
109000056,112,757,-645
109000057,205,178,27
109000058,1228,578,650
109000059,546,691,-145
109000060,495,199,296
109000061,1736,410,1326
109000062,80,158,-78
109000063,143,231,-88
109000064,54,191,-137
109000065,51,453,-402
109000066,156,137,19
109000067,15,494,-479
109000068,574,30,544
109000069,454,19,435
109000070,3,889,-886
109000071,260,58,202
109000072,75,614,-539
109000073,23,65,-42
109000074,28,284,-256
109000075,50,396,-346
109000076,98,114,-16
109000077,415,361,54
109000078,46,102,-56
109000079,96,290,-194
109000080,62,108,-46
109000081,64,765,-701
109000082,334,295,39
109000083,172,1052,-880
109000088,67,777,-710
109000089,133,16,117
109000090,108,780,-672
109000091,136,58,78
109000092,301,815,-514
109000093,108,91,17
109000094,219,1,218
109000095,75,905,-830
109000096,322,181,141
109000097,68,163,-95
109000098,52,67,-15
109000099,417,526,-109
109000100,134,512,-378
109000101,591,1052,-461
109000102,194,831,-637
109000103,370,617,-247
109000104,626,676,-50
109000105,259,1754,-1495
109000106,872,592,280
109000107,432,2503,-2071
109000108,907,435,472
109000109,345,2363,-2018
109000110,877,400,477
109000111,768,2459,-1691
109000112,234,174,60
109000113,150,124,26
109000114,130,346,-216
109000115,1121,91,1030
109000116,4,520,-516
109000117,72,166,-94
109000118,8,353,-345
109000119,335,691,-356
109000120,94,1409,-1315
109000121,223,199,24
109000122,70,1428,-1358
109000123,22,435,-413
109000124,253,288,-35
109000125,282,309,-27
109000126,240,1213,-973
109000127,492,301,191
109000128,304,3336,-3032
109000129,813,384,429
109000130,862,4977,-4115
109000131,795,397,398
109000132,829,4143,-3314
109000133,292,1041,-749
109000134,646,1455,-809
109000135,859,1334,-475
109000136,319,502,-183
109000137,156,305,-149
109000138,276,588,-312
109000139,175,446,-271
109000140,109,1358,-1249
109000141,312,493,-181
109000142,41,596,-555
109000143,43,44,-1
109000145,55,191,-136
109000146,90,85,5
109000148,4532,618,3914
109000149,19,26,-7
109000150,126,165,-39
109000155,244,539,-295
109000156,1540,1054,486
109000158,13,223,-210
109000159,39,965,-926
109000160,542,241,301
109000161,189,1966,-1777
109000162,1118,1030,88
109000163,525,2215,-1690
109000164,697,3245,-2548
109000165,662,649,13
109000166,346,94,252
109000167,61,1112,-1051
109000170,28,26,2
109000171,35,32,3
109000172,45,61,-16
109000173,31,34,-3
109000174,40,57,-17
109000175,55,613,-558
109000176,136,328,-192
109000177,22,116,-94
109000178,288,755,-467
109000179,9172,1764,7408
109000180,4377,1833,2544
109000181,2,29,-27
109000182,14,46,-32
109000183,17,46,-29
109000184,12,31,-19
109000185,25,94,-69
109000188,191,3852,-3661
109000189,939,797,142
109000190,315,555,-240
109000191,163,788,-625
109000192,223,226,-3
109000193,108,576,-468
109000194,56,111,-55
109000195,62,648,-586
109000196,152,110,42
109000197,99,652,-553
109000198,125,55,70
109000199,69,661,-592
109000206,227,20,207
109000207,102,15,87
109000208,57,49,8
109000209,105,70,35
109000210,131,578,-447
109000211,204,278,-74
109000214,239,1990,-1751
109000215,71,66,5
109000216,215,114,101
109000217,61,67,-6
109000218,71,98,-27
109000221,353,1704,-1351
109000222,605,147,458
109000223,178,197,-19
109000224,32,497,-465
109000225,28,41,-13
109000226,25,526,-501
109000227,392,1975,-1583
109000228,1,328,-327
109000231,3,685,-682
109000232,96,503,-407
109000236,156,849,-693
109000241,1445,2579,-1134
109000242,1066,1669,-603
109000293,53,140,-87
109000361,122,336,-214
109000364,103,712,-609
109000396,5,1127,-1122
109000397,194,8,186
109000399,122,760,-638
109000400,75,443,-368
109000403,38,400,-362
109000406,315,18,297
109000407,147,251,-104
109000408,4,948,-944
109000410,484,136,348
109000411,50,43,7
109000412,0,244,-244
109900001,58,0,58
109900002,392,11,381
109900003,88,0,88
109900005,3,1,2
109900006,165,455,-290
109900007,281,1211,-930
109900008,0,30,-30
109900009,94,1086,-992
109900010,182,19,163
109900011,29,20,9
109900012,112,93,19
109900013,217,72,145
109900014,122,45,77
109900015,96,82,14
109900016,49,42,7
109900017,81,57,24
109900018,51,185,-134
109900019,50,99,-49
109900020,5,18,-13
109900021,14,9,5
109900022,52,511,-459
109900023,11,1,10
109900024,5,0,5
109900025,5,52,-47
109900027,16,4,12
109900028,3961,430,3531
109900029,3,932,-929
109900030,4,0,4
109900031,0,49,-49
109900032,6,338,-332
109900033,2,612,-610
109900034,15,1,14
109900035,3,8,-5
109900036,3,122,-119
109900037,10,730,-720
109900038,16,217,-201
109900039,2,0,2
109900040,9,865,-856
109900041,43,691,-648
109900042,7,554,-547
109900044,57,374,-317
109900045,9,15,-6
109900046,61,86,-25
109900047,278,351,-73
109900048,1,84,-83
109900049,1,14,-13
109900050,2,547,-545
109900051,0,32,-32
109900052,67,266,-199
109900053,8,944,-936
109900054,265,114,151
109900055,19,238,-219
109900056,16,49,-33
109900057,1,504,-503
109900058,0,187,-187
109900060,271,215,56
109900061,63,301,-238
109900062,1,480,-479
109900064,281,443,-162
109900065,137,76,61
109900066,270,1310,-1040
109900067,1,689,-688
109900068,14,4,10
109900069,0,28,-28
109900071,1,26,-25
109900072,7,121,-114
109900073,105,1140,-1035
109900074,5,47,-42
109900075,9,16,-7
109900076,24,657,-633
109900077,24,29,-5
109900078,62,402,-340
109900080,80,478,-398
109900081,5,83,-78
109900082,29,826,-797
109900083,6,47,-41
109900084,21,192,-171
109900085,178,1845,-1667
109900086,63,238,-175
109900087,103,280,-177
109900089,273,85,188
109900092,185,19,166
109900093,339,75,264
109900094,36,78,-42
109900095,70,325,-255
109900096,8,1,7
109900097,30,0,30
109900098,162,14,148
109900099,100,0,100
109900100,15,0,15
109900101,118,6,112
109900102,187,20,167
109900103,9,23,-14
109900104,232,1790,-1558
109900105,227,42,185
109900106,113,66,47
109900107,144,70,74
109900108,49,588,-539
109900109,27,217,-190
109900111,280,2130,-1850
109900114,351,166,185
109900115,80,47,33
109900117,298,103,195
109900121,207,102,105
109900123,9,221,-212
109900125,3,335,-332
109900126,65,258,-193
109900130,17682,1013,16669
109900131,90,156,-66
109900132,49,220,-171
109900134,28,39,-11
109900135,531,73,458
109900137,45,554,-509
109900140,118,636,-518
109900149,28,54,-26
109900150,2,50,-48
109900151,3,43,-40
109900152,0,28,-28
109900153,0,42,-42
109900154,4,0,4
109900155,15,2,13
109900157,48,400,-352
109900159,74,11,63
109900161,151,43,108
109900162,87,40,47
109900163,708,373,335
109900164,37,240,-203
109900165,64,3,61
109900166,1,180,-179
109900167,103,596,-493
109900168,75,592,-517
109900169,49,153,-104
109900170,230,481,-251
109900171,57,69,-12
109900172,91,89,2
109900173,4903,935,3968
109900174,39,173,-134
109900175,14,55,-41
109900176,76,280,-204
109900177,23,398,-375
109900178,0,99,-99
109900179,2,18,-16
109900180,1,4,-3
110000001,725,456,269
110000002,567,371,196
110000003,637,584,53
110000004,525,353,172
110000005,697,1080,-383
110000006,849,350,499
110000007,116,213,-97
110000008,22,25,-3
110000009,36,90,-54
110000010,37,25,12
110000011,29,159,-130
110000012,821,551,270
110000013,21,301,-280
110000014,575,338,237
110000015,191,385,-194
110000016,226,751,-525
110000017,4678,250,4428
110000018,4383,462,3921
110000019,10,188,-178
110000020,642,247,395
110000021,454,256,198
110000022,332,87,245
110000023,5,211,-206
110000024,432,415,17
110000025,93,2,91
110000026,7,834,-827
110000027,458,262,196
110000028,530,593,-63
110000029,403,1262,-859
110000030,104,217,-113
110000031,130,791,-661
110000032,467,364,103
110000033,116,53,63
110000034,139,527,-388
110000035,270,1324,-1054
110000036,378,466,-88
110000037,45,892,-847
110000038,107,368,-261
110000039,445,1296,-851
110000040,210,380,-170
110000041,146,706,-560
110000042,50,252,-202
110000043,258,133,125
110000044,52,60,-8
110000045,352,64,288
110000046,2,6,-4
110000047,11,12,-1
110000048,3,43,-40
110000049,26,5,21
110000050,8,27,-19
110000051,47,7,40
110000052,34,25,9
110000053,61,1,60
110000054,62,187,-125
110000055,148,14,134
110000056,122,37,85
110000057,247,1160,-913
110000058,574,699,-125
110000059,432,540,-108
110000060,358,538,-180
110000061,544,765,-221
110000062,477,479,-2
110000063,34,30,4
110000064,77,174,-97
110000065,24,48,-24
110000066,53,22,31
110000067,64,396,-332
110000068,105,964,-859
110000069,53,56,-3
110000071,42,97,-55
110000073,3,19,-16
110000075,4,86,-82
110000076,240,148,92
110000077,449,364,85
110000078,7,47,-40
110000080,234,568,-334
110000081,13,198,-185
110000082,23,190,-167
110000083,162,740,-578
110000084,477,335,142
110000085,2371,1269,1102
110000086,790,628,162
110000087,5,51,-46
110000088,46,193,-147
110000089,164,352,-188
110000090,30,395,-365
110000091,2711,355,2356
110000092,15,151,-136
110000093,34,6,28
110000094,478,229,249
110000095,50,380,-330
110000096,4844,1295,3549
110000097,690,870,-180
110000098,1283,527,756
110000099,649,1272,-623
110000100,250,1243,-993
110000101,17,691,-674
110000102,15,34,-19
110000104,80,43,37
110000105,24,301,-277
110000106,333,188,145
110000107,418,389,29
110000108,107,45,62
110000109,205,302,-97
110000110,4346,1401,2945
110000111,8695,1294,7401
110000112,1462,367,1095
110000113,564,683,-119
110000114,73,205,-132
110000115,192,246,-54
110000116,35,58,-23
110000117,88,834,-746
110000118,156,341,-185
110000119,67,575,-508
110000120,218,237,-19
110000121,71,309,-238
110000122,230,496,-266
110000123,324,180,144
110000124,0,680,-680
110000125,609,5,604
110000126,164,18,146
110000127,385,25,360
110000128,20,1241,-1221
110000129,8,794,-786
110000130,137,96,41
110000131,88,573,-485
110000132,2,593,-591
110000133,52,224,-172
110000134,14,268,-254
110000135,191,26,165
110000136,43,304,-261
110000137,246,694,-448
110000138,305,1047,-742
110000139,416,1780,-1364
110000140,835,337,498
110000143,618,350,268
110000144,3403,902,2501
110000145,936,625,311
110000146,1182,512,670
110000147,146,583,-437
110000148,219,402,-183
110000151,510,319,191
110000152,542,235,307
110000153,43,216,-173
110000154,8,10,-2
110000155,991,1328,-337
110000156,614,884,-270
110000157,804,1336,-532
110000160,222,531,-309
110000161,105,647,-542
110000166,149,177,-28
110000167,373,415,-42
110000168,510,246,264
110000169,443,268,175
110000170,67,89,-22
110000171,430,226,204
110000172,101,837,-736
110000173,1456,1253,203
110000174,54,1994,-1940
110000175,245,80,165
110000176,45,178,-133
110000177,127,658,-531
110000178,397,595,-198
110000179,1814,389,1425
110000180,77,436,-359
110000181,149,368,-219
110000182,355,413,-58
110000183,12759,3905,8854
110000184,1188,1289,-101
110000185,585,497,88
110000186,528,539,-11
110000191,260,408,-148
110000192,104,2,102
110000193,246,4,242
110000194,5,1811,-1806
110000195,178,431,-253
110000196,128,680,-552
110000197,23,250,-227
110000198,55,108,-53
110000199,29,82,-53
110000200,1120,549,571
110000201,291,458,-167
110000202,820,405,415
110000203,713,1027,-314
110000204,4,506,-502
110000205,40,66,-26
110000206,625,2137,-1512
110000207,293,318,-25
110000208,62,62,0
110000209,134,1097,-963
110000210,415,893,-478
110000211,287,1026,-739
110000212,363,727,-364
110000213,66,31,35
110000214,74,92,-18
110000215,66,814,-748
110000216,42,922,-880
110000217,109,335,-226
110000218,106,754,-648
110000219,122,74,48
110000220,25,569,-544
110000221,125,55,70
110000222,23,492,-469
110000223,4,127,-123
110000224,134,24,110
110000225,149,516,-367
110000226,110,92,18
110000227,604,434,170
110000228,386,330,56
110000229,1,288,-287
110000230,365,703,-338
110000231,96,129,-33
110000232,59,160,-101
110000233,73,357,-284
110000234,370,330,40
110000235,1568,691,877
110000236,310,1009,-699
110000237,837,889,-52
110000238,618,1467,-849
110000239,994,1343,-349
110000240,1,93,-92
110000242,0,16,-16
110000243,33,299,-266
110000244,103,563,-460
110000245,31,625,-594
110000246,380,885,-505
110000247,899,4406,-3507
110000248,1459,1707,-248
110000249,30,3,27
110000250,11,290,-279
110000251,46,546,-500
110000252,90,404,-314
110000253,585,423,162
110000254,400,1742,-1342
110000255,142,1602,-1460
110000256,320,206,114
110000257,588,465,123
110000258,13,746,-733
110000259,49,9,40
110000260,13,732,-719
110000263,336,111,225
110000264,121,818,-697
110000265,571,1018,-447
110000266,1113,1435,-322
110000267,12,148,-136
110000268,167,616,-449
110000269,0,52,-52
110000270,25,1,24
110000271,2612,192,2420
110000272,611,850,-239
110000273,1450,1048,402
110000274,133,700,-567
110000275,4497,406,4091
110000276,75,154,-79
110000277,81,608,-527
110000278,181,1109,-928
110000279,407,755,-348
110000280,109,429,-320
110000281,16,181,-165
110000282,141,48,93
110000283,45,52,-7
110000284,34,45,-11
110000285,1,145,-144
110000286,11,0,11
110000287,25,1,24
110000288,2,64,-62
110000289,452,1145,-693
110000290,1485,503,982
110000291,8164,1335,6829
110000292,1040,2328,-1288
110000293,304,1328,-1024
110000294,323,628,-305
110000295,87,1272,-1185
110000296,151,329,-178
110000297,1652,272,1380
110000298,317,671,-354
110000299,275,18,257
110000301,139,4,135
110000302,175,2181,-2006
110000303,116,3,113
110000304,89,364,-275
110000305,400,16,384
110000306,61,2794,-2733
110000307,598,11,587
110000308,195,9,186
110000309,12,1722,-1710
110000310,244,97,147
110000311,26,1052,-1026
110000312,261,42,219
110000313,1647,2018,-371
110000314,0,432,-432
110000315,3022,1412,1610
110000316,631,968,-337
110000317,318,264,54
110000318,2,167,-165
110000319,1,8,-7
110000320,21,67,-46
110000321,6,33,-27
110000322,94,644,-550
110000323,169,260,-91
110000324,6653,889,5764
110000325,1639,1396,243
110000327,210,174,36
110000328,138,478,-340
110000333,338,331,7
110000334,396,1492,-1096
110000335,453,431,22
110000336,319,1521,-1202
110000337,607,393,214
110000338,113,278,-165
110000339,151,262,-111
110000340,6,232,-226
110000341,151,747,-596
110000342,244,1,243
110000343,0,11,-11
110000344,19,185,-166
110000345,46,46,0
110000346,2161,980,1181
110000347,655,447,208
110000348,8,33,-25
110000349,12,18,-6
110000350,33,5,28
110000351,373,865,-492
110000352,279,1267,-988
110000353,4033,686,3347
110000354,812,1484,-672
110000355,43,52,-9
110000356,986,6,980
110000357,119,12,107
110000361,5,164,-159
110000362,32,161,-129
110000363,148,126,22
110000364,61,602,-541
110000365,108,1,107
110000366,0,74,-74
110000367,174,245,-71
110000368,3,40,-37
110000369,27,1,26
110000373,5,328,-323
110000374,52,4,48
110000375,215,492,-277
110000376,22,117,-95
110000377,43,263,-220
110000378,18,247,-229
110000379,4816,725,4091
110000380,34,13,21
110000383,2,1132,-1130
110000384,2257,1015,1242
110000385,0,190,-190
110000387,41,13,28
110000388,26,291,-265
110000389,377,3,374
110000391,183,379,-196
110000396,42,160,-118
110000397,34,280,-246
110000398,7,27,-20
110000399,134,25,109
110000587,33,42,-9
110000589,93,143,-50
110000640,63,127,-64
110000652,5,90,-85
110000653,125,565,-440
110000654,3,30,-27
110000656,1,732,-731
110000674,10,19,-9
110000675,1,14,-13
110000676,1,37,-36
110000679,563,474,89
110000682,89,96,-7
110000683,259,329,-70
110000684,2,55,-53
110000685,15,15,0
110000686,1,16,-15
110000687,22,0,22
110000688,32,342,-310
110000689,17,38,-21
110000692,78,360,-282
110000693,151,170,-19
110000694,0,99,-99
110000695,123,806,-683
110000696,173,187,-14
110000698,16,284,-268
110000699,60,416,-356
110900001,94,0,94
110900002,69,232,-163
110900003,162,1179,-1017
110900004,99,229,-130
110900005,5769,1050,4719
110900006,28,5,23
110900007,67,10,57
110900008,6,75,-69
110900009,163,22,141
110900010,13,66,-53
110900011,5,133,-128
110900012,10,113,-103
110900013,313,155,158
110900014,51,14,37
110900015,1419,219,1200
110900016,7,256,-249
110900017,141,56,85
110900018,200,36,164
110900019,43,32,11
110900020,37,703,-666
110900021,33,763,-730
110900022,51,554,-503
110900023,35,826,-791
110900024,18,612,-594
110900025,2,67,-65
110900027,24,322,-298
110900028,9,225,-216
110900029,19,592,-573
110900030,10,496,-486
110900031,7,161,-154
110900032,1,121,-120
110900033,23,368,-345
110900035,17,456,-439
110900036,112,22,90
110900037,43,39,4
110900038,1617,190,1427
110900039,5,228,-223
110900040,145,28,117
110900041,3,231,-228
110900042,45,58,-13
110900043,3,259,-256
110900044,183,17,166
110900045,17,824,-807
110900046,158,369,-211
110900047,814,82,732
110900049,22,24,-2
110900050,15,2,13
110900052,9,307,-298
110900053,44,32,12
110900054,7,347,-340
110900055,9,1,8
110900056,26,96,-70
110900057,4,408,-404
110900058,56,231,-175
110900059,469,1080,-611
110900060,183,89,94
110900061,12,40,-28
110900062,38,285,-247
110900063,13,59,-46
110900064,4,0,4
110900065,373,114,259
110900066,8,48,-40
110900067,541,289,252
110900068,243,255,-12
110900069,1,59,-58
110900070,122,47,75
110900071,182,200,-18
110900073,1,20,-19
110900074,157,135,22
110900075,169,68,101
110900077,285,360,-75
110900078,14,228,-214
110900079,2491,384,2107
110900080,29,59,-30
110900081,1,147,-146
110900082,37,483,-446
110900083,61,24,37
110900084,22,361,-339
110900085,38,433,-395
110900086,30,86,-56
110900087,97,61,36
110900088,9,0,9
110900090,25,19,6
110900091,1,37,-36
110900093,141,55,86
110900095,30,31,-1
110900097,8,24,-16
110900098,7,167,-160
110900099,24,779,-755
110900100,0,24,-24
110900102,8,14,-6
110900105,798,445,353
110900108,3,151,-148
110900111,181,55,126
110900112,273,3,270
110900113,488,42,446
110900115,4,204,-200
110900116,179,3413,-3234
110900118,115,1064,-949
110900119,6501,197,6304
110900120,7,293,-286
110900121,20,0,20
110900122,84,116,-32
110900125,121,208,-87
110900127,308,492,-184
110900128,415,221,194
110900129,160,201,-41
110900130,1307,271,1036
110900131,58,48,10
110900132,151,32,119
110900133,26,333,-307
110900135,83,661,-578
110900136,137,5,132
110900139,1,0,1
110900140,0,0,0
110900141,293,97,196
110900142,38,264,-226
110900143,51,53,-2
110900144,4,883,-879
110900145,57,12,45
110900146,265,35,230
110900147,342,239,103
110900148,3,391,-388
110900149,1,96,-95
110900150,40,23,17
110900151,1,86,-85
110900152,18,646,-628
110900153,68,10,58
111000001,277,405,-128
111000002,633,924,-291
111000003,697,699,-2
111000004,551,1757,-1206
111000005,962,895,67
111000006,945,2253,-1308
111000007,5129,2534,2595
111000008,5746,3569,2177
111000009,307,949,-642
111000010,444,256,188
111000011,372,865,-493
111000012,355,299,56
111000013,245,1335,-1090
111000014,623,568,55
111000017,111,477,-366
111000018,204,349,-145
111000020,3262,1817,1445
111000021,74,175,-101
111000023,50,163,-113
111000025,8748,2056,6692
111000029,62,73,-11
111000030,28,48,-20
111000031,1776,503,1273
111000032,512,205,307
111000033,278,108,170
111000034,520,145,375
111000037,4177,1687,2490
111000038,3039,2796,243
111000039,987,2865,-1878
111000040,1214,3344,-2130
111000041,1784,1925,-141
111000042,7994,2601,5393
111000043,2417,1261,1156
111000044,1157,795,362
111000045,1174,1698,-524
111000046,570,1435,-865
111000047,1225,2131,-906
111000049,244,553,-309
111000050,2190,1904,286
111000051,329,1184,-855
111000052,397,1410,-1013
111000053,314,1292,-978
111000054,254,1444,-1190
111000055,1125,2452,-1327
111000056,94,956,-862
111000057,55,1188,-1133
111000058,102,118,-16
111000059,135,236,-101
111000060,1751,416,1335
111000061,222,247,-25
111000062,441,193,248
111000063,1108,736,372
111000064,288,508,-220
111000065,670,697,-27
111000066,190,233,-43
111000067,341,604,-263
111000068,315,606,-291
111000069,1419,1559,-140
111000070,3037,1235,1802
111000071,201,980,-779
111000072,434,287,147
111000073,183,509,-326
111000074,925,1159,-234
111000075,520,950,-430
111000076,279,1019,-740
111000077,903,1384,-481
111000078,1576,1023,553
111000079,1080,657,423
111000080,291,533,-242
111000081,2246,2501,-255
111000082,327,608,-281
111000084,376,517,-141
111000085,810,1443,-633
111000086,3996,1213,2783
111000087,577,788,-211
111000088,8163,1535,6628
111000089,357,782,-425
111000090,938,1220,-282
111000091,377,680,-303
111000092,600,1196,-596
111000093,267,550,-283
111000094,995,661,334
111000095,426,1334,-908
111000096,2404,4244,-1840
111000097,7976,934,7042
111000098,540,1638,-1098
111000099,365,3146,-2781
111000100,246,3225,-2979
111000101,326,858,-532
111000102,74,1161,-1087
111000104,202,252,-50
111000107,74,1084,-1010
111000109,139,211,-72
111000110,506,449,57
111000111,757,382,375
111000112,881,248,633
111000113,569,500,69
111000114,1734,1110,624
111000115,8053,662,7391
111000116,535,828,-293
111000117,403,868,-465
111000118,1000,1061,-61
111000119,554,1953,-1399
111000120,220,427,-207
111000121,141,404,-263
111000122,346,965,-619
111000123,725,3665,-2940
111000124,344,4539,-4195
111000125,149,2699,-2550
111000126,69,1264,-1195
111000127,366,133,233
111000128,654,250,404
111000129,1098,340,758
111000130,1019,597,422
111000131,714,389,325
111000132,419,297,122
111000133,94,134,-40
111000134,72,129,-57
111000135,40,102,-62
111000136,188,287,-99
111000138,4,2,2
111000140,2,3,-1
111000141,90,274,-184
111000142,10,152,-142
111000143,9,124,-115
111000144,12,126,-114
111000145,328,8,320
111000146,32,2,30
111000147,111,20,91
111000148,108,65,43
111000149,2,29,-27
111000150,6,14,-8
111000151,1,19,-18
111000153,434,583,-149
111000154,776,218,558
111000155,94,133,-39
111000156,426,318,108
111000157,136,406,-270
111000158,757,546,211
111000159,3138,697,2441
111000160,123,538,-415
111000161,9,294,-285
111000162,6,169,-163
111000163,310,641,-331
111000164,729,1884,-1155
111000165,1205,371,834
111000166,1418,284,1134
111000167,146,486,-340
111000168,167,470,-303
111000169,235,547,-312
111000170,463,397,66
111000171,259,1175,-916
111000172,57,955,-898
111000173,116,2197,-2081
111000174,69,1185,-1116
111000175,33,308,-275
111000176,115,170,-55
111000177,114,338,-224
111000178,409,404,5
111000179,81,236,-155
111000180,87,316,-229
111000181,439,339,100
111000182,93,186,-93
111000183,218,211,7
111000184,187,191,-4
111000185,277,468,-191
111000186,181,309,-128
111000187,98,337,-239
111000188,105,548,-443
111000189,2039,533,1506
111000190,126,637,-511
111000191,98,590,-492
111000192,179,768,-589
111000193,651,530,121
111000194,25,607,-582
111000195,27,666,-639
111000196,31,500,-469
111000197,179,198,-19
111000198,255,103,152
111000199,91,141,-50
111000200,91,254,-163
111000201,256,182,74
111000202,100,168,-68
111000203,157,178,-21
111000204,269,386,-117
111000213,107,415,-308
111000214,966,2330,-1364
111000215,692,1721,-1029
111000217,643,981,-338
111000218,462,839,-377
111000219,309,263,46
111000220,3524,410,3114
111000221,906,141,765
111000224,191,393,-202
111000225,165,180,-15
111000226,184,0,184
111000227,27,7,20
111000228,14,135,-121
111000229,31,274,-243
111000230,180,701,-521
111000231,395,1902,-1507
111000232,233,829,-596
111000233,252,700,-448
111000234,39,164,-125
111000239,100,237,-137
111000240,32,89,-57
111000241,29,528,-499
111000242,69,76,-7
111000243,46,965,-919
111000244,157,96,61
111000245,428,713,-285
111000246,151,909,-758
111000247,84,1270,-1186
111000248,254,479,-225
111000249,359,940,-581
111000250,33,196,-163
111000251,18,205,-187
111000253,4,9,-5
111000255,7,13,-6
111000257,20,9,11
111000260,39,1577,-1538
111000261,333,60,273
111000271,45,383,-338
111000273,9015,1696,7319
111000274,990,1324,-334
111000275,67,84,-17
111000276,246,2880,-2634
111000277,106,530,-424
111000278,331,184,147
111000291,454,2440,-1986
111000298,229,288,-59
111000299,330,102,228
111000300,74,836,-762
111000302,116,130,-14
111000303,62,331,-269
111000312,31,74,-43
111000315,53,577,-524
111000320,243,687,-444
111000321,218,45,173
111000322,188,633,-445
111000323,73,19,54
111000324,307,333,-26
111000325,18,55,-37
111000326,63,303,-240
111000327,220,521,-301
111000328,135,360,-225
111000329,2,18,-16
111000330,13,11,2
111000331,15,2,13
111000332,221,1169,-948
111000334,370,2041,-1671
111000335,260,114,146
111000337,388,310,78
111000338,29,138,-109
111000339,126,708,-582
111000340,44,1195,-1151
111000341,641,222,419
111000342,74,277,-203
111000344,516,685,-169
111000345,108,22,86
111000346,30,103,-73
111000347,54,1,53
111000350,114,156,-42
111000351,40,151,-111
111000352,110,167,-57
111000353,22,180,-158
111000354,137,187,-50
111000355,139,614,-475
111000358,78,2561,-2483
111000360,56,1219,-1163
111000361,69,591,-522
111000546,232,783,-551
111000547,115,1174,-1059
111000548,44,147,-103
111000549,151,716,-565
111000550,88,294,-206
111000551,550,221,329
111000552,443,45,398
111000907,521,13,508
111000908,10,0,10
111000916,525,217,308
111000917,14,382,-368
111000918,91,1458,-1367
111000920,213,8,205
111000921,2,613,-611
111000922,190,294,-104
111000924,43,1562,-1519
111000925,1076,1376,-300
111000926,797,3482,-2685
111000927,1906,2770,-864
111000928,6376,3588,2788
111000929,750,892,-142
111000930,494,2499,-2005
111000931,1039,1332,-293
111000932,3392,2400,992
111000933,2502,1421,1081
111000934,2033,2535,-502
111000935,649,871,-222
111000936,652,2268,-1616
111000937,607,1066,-459
111000938,1669,2701,-1032
111000939,146,37,109
111000940,154,265,-111
111000941,115,904,-789
111000943,119,252,-133
111000944,75,849,-774
111000945,31,3174,-3143
111001109,318,156,162
111001110,205,608,-403
111001111,18,5,13
111001112,84,6,78
111001113,3,151,-148
111001114,1247,59,1188
111001115,144,290,-146
111001116,6198,1583,4615
111001117,707,631,76
111001120,68,476,-408
111001121,154,409,-255
111001122,138,1058,-920
111001123,60,170,-110
111001124,59,538,-479
111001125,2,16,-14
111001126,1,5,-4
111001127,0,197,-197
111001128,256,659,-403
111900001,1,370,-369
111900002,4,1167,-1163
111900003,2,527,-525
111900004,19,155,-136
111900006,9,4,5
111900007,27,3,24
111900008,36,1,35
111900009,25,1,24
111900010,211,575,-364
111900012,101,114,-13
111900013,3,14,-11
111900014,9213,1523,7690
111900015,0,64,-64
111900016,1,274,-273
111900017,0,166,-166
111900018,46,0,46
111900019,1,108,-107
111900020,6,62,-56
111900021,39,100,-61
111900022,31,74,-43
111900023,169,65,104
111900024,87,305,-218
111900025,0,58,-58
111900026,1,115,-114
111900027,3,211,-208
111900028,6,468,-462
111900029,1,151,-150
111900030,71,552,-481
111900032,2,524,-522
111900033,2,157,-155
111900034,263,999,-736
111900035,18,320,-302
111900036,6,525,-519
111900038,329,855,-526
111900039,41,591,-550
111900040,3,939,-936
111900042,32,116,-84
111900043,4,667,-663
111900044,255,480,-225
111900046,45,305,-260
111900048,68,1196,-1128
111900049,35,296,-261
111900050,30,5,25
111900051,1,516,-515
111900052,474,669,-195
111900053,1477,349,1128
111900054,44,2,42
111900055,21,871,-850
111900056,165,97,68
111900057,16,137,-121
111900058,106,996,-890
111900059,4091,225,3866
111900060,149,1,148
111900061,8,358,-350
111900062,35,25,10
111900063,59,339,-280
111900064,144,489,-345
111900065,45,21,24
111900066,62,80,-18
111900067,2,440,-438
111900068,40,7,33
111900069,52,21,31
111900070,98,116,-18
111900071,0,481,-481
111900072,36,6,30
111900073,208,41,167
111900074,9,295,-286
111900075,51,6,45
111900076,65,26,39
111900077,23,3,20
111900078,105,5,100
111900079,14,8,6
111900080,171,105,66
111900082,46,7,39
111900083,24,6,18
111900084,19,1,18
111900085,20,36,-16
111900086,14,3,11
111900087,12,0,12
111900088,217,5,212
111900089,21,1,20
111900090,51,16,35
111900091,82,1,81
111900092,15,0,15
111900093,92,4,88
111900094,12,0,12
111900095,110,13,97
111900096,51,1,50
111900097,6,0,6
111900098,38,0,38
111900099,26,0,26
111900100,34,1,33
111900101,28,14,14
111900102,143,1160,-1017
111900103,38,27,11
111900104,69,47,22
111900105,179,104,75
111900106,1768,68,1700
111900110,3505,196,3309
111900111,16,23,-7
111900112,1004,701,303
111900113,235,34,201
111900118,124,37,87
111900119,147,48,99
111900122,38,37,1
111900123,9,7,2
111900124,25,170,-145
111900125,134,7,127
111900126,86,1,85
111900127,4,877,-873
111900128,3,826,-823
111900129,61,3,58
111900130,41,4,37
111900131,163,1,162
111900132,25,2001,-1976
111900133,8,468,-460
111900134,12,416,-404
111900135,4,8,-4
111900136,40,62,-22
111900137,66,67,-1
111900138,11,133,-122
111900139,9,265,-256
111900140,37,9,28
111900141,54,10,44
111900142,28,9,19
111900143,4,126,-122
111900144,0,171,-171
111900145,5,969,-964
111900146,4,455,-451
111900147,171,696,-525
111900148,12,1296,-1284
111900149,5,492,-487
111900150,8,228,-220
111900151,0,21,-21
111900152,88,34,54
111900153,2127,144,1983
111900154,1,131,-130
111900155,35,16,19
111900156,33,17,16
111900157,34,5,29
111900158,150,11,139
111900159,69,7,62
111900160,85,0,85
111900161,22,0,22
111900162,85,76,9
111900163,29,398,-369
111900164,46,23,23
111901113,85,615,-530
111901114,53,530,-477
111901115,32,0,32
111901116,20,0,20
111901117,3,18,-15
111901118,191,70,121
111901119,1916,110,1806
111901121,138,487,-349
111901122,3,778,-775
111901123,40,566,-526
111901124,54,0,54
111901125,167,209,-42
111901127,1289,124,1165
111901128,5,132,-127
111901129,1,276,-275
111901130,4,369,-365
111901131,3,363,-360
111901132,86,6,80
111901133,22,0,22
111901134,8,1,7
111901135,3,2,1
111901138,59,33,26
111901139,4,51,-47
111901140,9,180,-171
111901141,9,404,-395
111901142,4,407,-403
111901143,5,138,-133
111901144,26,19,7
111901145,90,137,-47
111901146,368,7,361
111901147,1568,123,1445
111901148,9,14,-5
111901149,2,1,1
111901150,22,0,22
111901151,0,0,0
111901152,5,48,-43
112000001,1088,901,187
112000002,756,2533,-1777
112000003,319,914,-595
112000004,378,2020,-1642
112000005,1332,1489,-157
112000006,1454,2149,-695
112000007,1102,973,129
112000008,1559,3080,-1521
112000009,3905,4044,-139
112000010,1523,2052,-529
112000011,1767,2457,-690
112000012,2769,1028,1741
112000013,4292,2631,1661
112000014,1648,391,1257
112000015,2110,1754,356
112000016,2892,531,2361
112000017,1414,904,510
112000024,2642,527,2115
112000026,4620,5681,-1061
112000027,545,375,170
112000028,2036,1778,258
112000029,230,363,-133
112000030,226,113,113
112000031,919,1376,-457
112000032,299,41,258
112000033,1306,591,715
112000034,222,32,190
112000035,43,188,-145
112000036,739,422,317
112000037,621,815,-194
112000038,556,766,-210
112000039,19,92,-73
112000040,104,247,-143
112000041,395,519,-124
112000042,1017,325,692
112000050,519,1015,-496
112000051,472,555,-83
112000054,1361,2548,-1187
112000057,391,233,158
112000058,235,339,-104
112000059,432,398,34
112000061,4383,1120,3263
112000062,1944,377,1567
112000063,1611,812,799
112000064,4572,5990,-1418
112000065,2383,2918,-535
112000066,2435,749,1686
112000067,754,681,73
112000068,1455,966,489
112000069,515,2038,-1523
112000070,1061,498,563
112000071,479,3238,-2759
112000072,695,840,-145
112000073,1053,1751,-698
112000074,738,815,-77
112000075,711,924,-213
112000076,2880,3262,-382
112000077,343,756,-413
112000078,738,657,81
112000079,683,1274,-591
112000080,360,858,-498
112000081,1249,1651,-402
112000082,806,530,276
112000083,455,1576,-1121
112000084,668,541,127
112000085,643,1656,-1013
112000086,756,1668,-912
112000087,168,1158,-990
112000088,216,876,-660
112000089,115,275,-160
112000090,91,420,-329
112000091,566,1192,-626
112000092,905,773,132
112000093,1375,1290,85
112000094,292,686,-394
112000095,373,679,-306
112000096,204,614,-410
112000097,445,369,76
112000098,614,1776,-1162
112000099,358,519,-161
112000100,664,1067,-403
112000101,248,1065,-817
112000102,355,819,-464
112000103,166,1475,-1309
112000105,491,3065,-2574
112000106,789,627,162
112000107,27,138,-111
112000108,189,2417,-2228
112000109,120,131,-11
112000110,863,555,308
112000111,985,3809,-2824
112000112,1283,519,764
112000113,758,2114,-1356
112000114,979,918,61
112000115,180,676,-496
112000116,137,1136,-999
112000117,600,1265,-665
112000118,743,846,-103
112000119,301,1132,-831
112000120,41,465,-424
112000121,32,873,-841
112000122,130,143,-13
112000123,247,141,106
112000124,121,65,56
112000125,83,114,-31
112000126,100,1240,-1140
112000127,1324,856,468
112000128,876,396,480
112000129,58,93,-35
112000130,115,57,58
112000131,20,566,-546
112000132,65,329,-264
112000133,137,466,-329
112000134,213,455,-242
112000135,360,669,-309
112000136,684,1295,-611
112000137,540,1572,-1032
112000138,765,1115,-350
112000139,793,224,569
112000140,796,1106,-310
112000141,353,224,129
112000142,155,1200,-1045
112000143,430,244,186
112000144,241,2497,-2256
112000145,1091,584,507
112000146,477,3343,-2866
112000147,1151,1561,-410
112000148,1479,3105,-1626
112000149,146,1257,-1111
112000150,84,740,-656
112000151,373,855,-482
112000152,150,319,-169
112000153,257,345,-88
112000154,79,108,-29
112000155,124,78,46
112000157,459,360,99
112000158,154,1182,-1028
112000159,189,315,-126
112000167,92,36,56
112000169,319,295,24
112000173,228,177,51
112000175,148,412,-264
112000176,3149,1240,1909
112000177,241,80,161
112000178,41,682,-641
112000179,92,226,-134
112000180,154,261,-107
112000181,818,2185,-1367
112000182,316,2098,-1782
112000183,17,37,-20
112000184,194,802,-608
112000185,188,638,-450
112000187,1914,1643,271
112000195,100,1,99
112000196,11,0,11
112000197,13,49,-36
112000198,26,368,-342
112000199,982,759,223
112000202,134,1,133
112000216,63,185,-122
112000230,27,2,25
112000231,1,384,-383
112000256,26,114,-88
112000313,139,95,44
112000314,11,26,-15
112000337,113,507,-394
112000352,209,143,66
112000392,1885,920,965
112000398,562,579,-17
112000399,3187,1378,1809
112000400,1571,4449,-2878
112000401,2160,2512,-352
112000402,1003,1415,-412
112000403,1661,1265,396
112000404,284,506,-222
112000405,907,1804,-897
112000406,2993,3501,-508
112000407,2761,4317,-1556
112000408,7881,7308,573
112000409,1246,5507,-4261
112000410,212,95,117
112000411,6833,558,6275
112000412,1287,329,958
112000413,12158,1891,10267
112000414,52,175,-123
112000415,49,51,-2
112000416,953,1043,-90
112000417,132,60,72
112000421,21,179,-158
112000422,222,759,-537
112000424,3299,1327,1972
112000425,267,2344,-2077
112000426,87,248,-161
112000427,0,12,-12
112000428,113,711,-598
112000429,1476,2610,-1134
112000430,1601,2397,-796
112000431,42,112,-70
112000432,467,3353,-2886
112000433,363,476,-113
112000437,36,328,-292
112900001,20,0,20
112900002,72,1477,-1405
112900003,16,390,-374
112900004,12,280,-268
112900005,67,226,-159
112900007,11,137,-126
112900008,5,11,-6
112900009,169,28,141
112900010,99,816,-717
112900011,475,341,134
112900012,1,62,-61
112900013,0,152,-152
112900014,1,278,-277
112900015,253,968,-715
112900016,1,301,-300
112900017,49,296,-247
112900018,63,1141,-1078
112900019,35,97,-62
112900020,391,1644,-1253
112900021,2,425,-423
112900022,4,70,-66
112900023,0,368,-368
112900024,11,299,-288
112900025,53,283,-230
112900026,2,488,-486
112900027,11,1676,-1665
112900028,10,196,-186
112900029,28,1000,-972
112900030,230,295,-65
112900031,9,653,-644
112900032,76,220,-144
112900034,1,66,-65
112900035,3,632,-629
112900036,16,116,-100
112900037,111,105,6
112900038,194,108,86
112900039,5,415,-410
112900040,3,367,-364
112900041,1203,535,668
112900042,26,748,-722
112900043,15,33,-18
112900044,934,320,614
112900045,458,350,108
112900046,218,41,177
112900047,21,18,3
112900049,55,47,8
112900050,92,573,-481
112900051,280,904,-624
112900052,7,1755,-1748
112900053,308,115,193
112900054,256,19,237
112900055,94,8,86
112900056,149,85,64
112900057,12,946,-934
112900058,203,108,95
112900059,120,150,-30
112900060,8,316,-308
112900061,60,185,-125
112900062,40,150,-110
112900063,108,2,106
112900064,127,250,-123
112900065,22,6,16
112900066,68,55,13
112900067,561,150,411
112900068,14,17,-3
112900069,2759,353,2406
112900071,8,2,6
112900072,493,596,-103
112900073,135,37,98
112900074,25,70,-45
112900075,2268,440,1828
112900076,67,7,60
112900078,103,197,-94
112900079,86,15,71
112900080,14,5,9
112900081,25,86,-61
112900082,145,7,138
112900083,22,18,4
112900084,67,34,33
112900086,38,1,37
112900087,230,50,180
112900088,54,2,52
112900089,283,11,272
112900090,10,3,7
112900091,46,1,45
112900092,113,89,24
112900093,425,8,417
112900095,17,1,16
112900096,151,34,117
112900097,22,440,-418
112900098,27,0,27
112900099,259,11,248
112900100,21,0,21
112900101,96,0,96
112900102,39,2,37
112900103,66,3,63
112900104,225,3,222
112900105,7,0,7
112900106,191,50,141
112900107,3,0,3
112900108,33,1,32
112900109,34,1,33
112900110,348,2,346
112900111,234,8,226
112900112,128,1,127
112900113,0,21,-21
112900114,32,16,16
112900115,261,3,258
112900116,15,3,12
112900117,177,144,33
112900118,29,92,-63
112900119,83,0,83
112900120,679,216,463
112900121,358,164,194
112900122,7,171,-164
112900123,124,11,113
112900124,5,131,-126
112900125,12,175,-163
112900126,140,208,-68
112900127,152,45,107
112900128,461,903,-442
112900129,0,987,-987
112900130,126,43,83
112900131,45,378,-333
112900132,40,667,-627
112900133,15,1251,-1236
112900134,0,295,-295
112900135,52,16,36
112900137,21,1045,-1024
112900138,6,521,-515
112900139,202,1396,-1194
112900141,151,9,142
112900142,51,56,-5
112900143,38,873,-835
112900144,8,1612,-1604
112900145,57,566,-509
112900146,5,1995,-1990
112900147,3,3070,-3067
112900148,15,0,15
112900149,91,605,-514
112900151,14,31,-17
112900152,6426,800,5626
112900153,1647,685,962
112900154,1,103,-102
112900155,53,6,47
112900156,199,2182,-1983
112900157,45,108,-63
112900158,8,12,-4
112900159,142,58,84
112900160,27,290,-263
112900161,34,17,17
112900162,36,12,24
112900163,131,18,113
112900164,41,94,-53
112900165,74,19,55
112900166,26,28,-2
112900167,1,23,-22
112900168,1,0,1
112900169,7,6,1
112900170,31,112,-81
112900172,65,4,61
112900173,182,76,106
112900174,179,24,155
112900175,91,45,46
112900176,5,12,-7
112900177,117,14,103
112900178,323,1038,-715
112900179,36,575,-539
112900180,737,2012,-1275
112900181,155,12,143
112900182,26,1657,-1631
112900183,82,92,-10
112900184,432,203,229
112900185,148,248,-100
112900186,1032,397,635
112900187,47,179,-132
112900188,503,243,260
112900189,0,15,-15
112900190,0,52,-52
112900192,219,171,48
112900193,491,125,366
112900194,14,149,-135
112900195,325,17,308
112900196,233,645,-412
112900197,98,431,-333
112900199,90,444,-354
112900200,162,370,-208
112900201,32,77,-45
112900202,164,1136,-972
112900203,49,561,-512
112900204,723,304,419
112900205,6,32,-26
112900206,9,41,-32
112900207,3,0,3
112900208,58,74,-16
112900209,472,529,-57
112900210,0,11,-11
112900211,22,34,-12
112900212,0,105,-105
112900213,6,6,0
112900214,26,2,24
112900215,6,249,-243
112900216,34,55,-21
112900217,1,68,-67
112900218,22,1,21
112900219,24,6,18
112900220,7,1,6
112900221,2,282,-280
112900222,0,21,-21
112900223,315,22,293
112900224,77,1024,-947
112900225,146,683,-537
112900226,75,112,-37
112900227,87,1107,-1020
112900228,11,28,-17
112900229,58,65,-7
112900230,7132,2050,5082
112900232,89,54,35
112900233,24,266,-242
112900234,1,193,-192
112900235,41,18,23
112900236,118,12,106
112900237,76,966,-890
112900238,0,70,-70
112900239,538,264,274
112900240,1,298,-297
112900241,5,352,-347
112900242,8,630,-622
112900243,0,396,-396
112900244,2,186,-184
112900245,0,59,-59
112900246,0,20,-20
112900247,85,15,70
112900248,25,5,20
112900249,27,4,23
112900250,22,24,-2
112900251,18,12,6
112900252,55,17,38
112900253,11,8,3
112900254,3,3,0
112900255,2,20,-18
112900256,0,18,-18
112900257,26,9,17
112900258,3,27,-24
113000001,3602,4985,-1383
113000002,2541,3359,-818
113000003,1517,2163,-646
113000004,1772,2050,-278
113000005,1035,1067,-32
113000006,786,1295,-509
113000007,946,1332,-386
113000008,1010,1747,-737
113000009,525,941,-416
113000010,626,1382,-756
113000011,837,1404,-567
113000012,602,949,-347
113000013,665,423,242
113000014,1371,966,405
113000015,263,121,142
113000016,180,173,7
113000017,15,272,-257
113000018,217,69,148
113000019,24,254,-230
113000020,78,15,63
113000021,1842,613,1229
113000022,592,1653,-1061
113000025,42,266,-224
113000026,180,420,-240
113000027,1050,337,713
113000028,844,290,554
113000029,555,544,11
113000030,547,457,90
113000031,266,227,39
113000032,237,167,70
113000033,232,251,-19
113000034,333,247,86
113000035,11,14,-3
113000036,27,33,-6
113000037,35,14,21
113000038,13,35,-22
113000039,52,500,-448
113000040,33,90,-57
113000042,842,464,378
113000051,551,1993,-1442
113000052,2574,952,1622
113000053,260,680,-420
113000054,152,725,-573
113000055,674,1209,-535
113000056,665,1817,-1152
113000058,576,644,-68
113000059,1148,565,583
113000060,55,458,-403
113000061,803,661,142
113000062,1390,221,1169
113000063,73,376,-303
113000064,20,504,-484
113000065,86,1440,-1354
113000066,289,114,175
113000067,711,1147,-436
113000068,301,2655,-2354
113000069,329,1912,-1583
113000070,751,844,-93
113000071,182,711,-529
113000072,303,405,-102
113000073,454,1229,-775
113000074,594,303,291
113000075,1607,368,1239
113000076,1185,1693,-508
113000077,1007,334,673
113000078,668,1261,-593
113000079,543,571,-28
113000080,441,453,-12
113000081,431,645,-214
113000082,760,517,243
113000083,377,606,-229
113000084,1160,906,254
113000085,563,502,61
113000086,685,1052,-367
113000087,676,605,71
113000088,1672,970,702
113000089,747,1013,-266
113000090,202,333,-131
113000091,601,253,348
113000094,662,213,449
113000095,268,1515,-1247
113000096,194,1192,-998
113000097,722,224,498
113000098,53,32,21
113000099,894,264,630
113000100,119,506,-387
113000101,362,646,-284
113000102,449,248,201
113000103,2326,505,1821
113000104,260,2912,-2652
113000105,327,527,-200
113000106,238,476,-238
113000107,515,1040,-525
113000108,878,1625,-747
113000109,382,4035,-3653
113000110,1123,468,655
113000111,169,742,-573
113000112,275,373,-98
113000113,1308,291,1017
113000114,298,1037,-739
113000116,581,271,310
113000117,922,140,782
113000118,117,276,-159
113000119,208,383,-175
113000120,28,172,-144
113000121,355,988,-633
113000124,147,103,44
113000125,23,490,-467
113000127,4141,512,3629
113000128,452,307,145
113000129,327,1355,-1028
113000133,5426,789,4637
113000134,4,1085,-1081
113000135,2170,1916,254
113000137,1678,1469,209
113000139,188,110,78
113000140,111,182,-71
113000141,150,105,45
113000142,348,509,-161
113000143,156,134,22
113000144,225,577,-352
113000145,25,115,-90
113000146,71,77,-6
113000147,66,117,-51
113000148,65,160,-95
113000149,48,122,-74
113000150,333,435,-102
113000151,78,71,7
113000152,29,108,-79
113000153,1528,390,1138
113000154,400,1080,-680
113000155,179,329,-150
113000156,141,307,-166
113000157,194,717,-523
113000158,277,167,110
113000159,464,490,-26
113000160,506,1001,-495
113000161,184,587,-403
113000162,247,337,-90
113000163,54,64,-10
113000164,22,110,-88
113000166,77,46,31
113000167,20,241,-221
113000168,55,170,-115
113000169,88,56,32
113000170,42,74,-32
113000171,61,73,-12
113000172,161,83,78
113000173,24,11,13
113000174,70,546,-476
113000175,203,116,87
113000176,255,133,122
113000177,171,492,-321
113000178,130,516,-386
113000179,204,96,108
113000180,634,1933,-1299
113000181,843,1152,-309
113000182,215,305,-90
113000183,158,517,-359
113000184,33,132,-99
113000189,368,577,-209
113000190,808,308,500
113000192,2983,934,2049
113000193,5475,1010,4465
113000194,2621,858,1763
113000195,2713,484,2229
113000196,107,120,-13
113000197,1244,861,383
113000198,44,379,-335
113000199,516,407,109
113000201,1216,135,1081
113000202,3948,2979,969
113000203,614,315,299
113000204,1960,1024,936
113000205,26,15,11
113000206,2,35,-33
113000207,49,14,35
113000208,17,33,-16
113000209,9,22,-13
113000210,8,21,-13
113000211,288,191,97
113000212,231,34,197
113000213,12,162,-150
113000214,110,302,-192
113000234,141,1525,-1384
113000410,38,117,-79
113000411,1878,3281,-1403
113000412,8873,1666,7207
113000413,3402,1539,1863
113000414,6649,6656,-7
113000415,1882,2082,-200
113000416,7814,3026,4788
113000417,2238,2053,185
113000418,2118,1974,144
113000419,875,1217,-342
113000420,2708,2644,64
113000421,2494,3700,-1206
113000422,13791,5890,7901
113000423,1766,2343,-577
113000424,3834,6523,-2689
113000425,9,69,-60
113000428,12,5,7
113000430,7,27,-20
113000432,1114,106,1008
113000433,151,1176,-1025
113000434,11,433,-422
113000435,22,1076,-1054
113000436,57,1871,-1814
113000437,266,15,251
113000438,109,12,97
113000439,16,233,-217
113000440,64,21,43
113000441,99,300,-201
113000442,99,367,-268
113000443,43,459,-416
113000444,76,502,-426
113000445,40,181,-141
113000446,23,108,-85
113000448,631,147,484
113000449,354,1168,-814
113000450,747,3964,-3217
113000451,2763,174,2589
113000452,421,482,-61
113000453,148,274,-126
113000454,2187,37,2150
113000455,125,130,-5
113000456,3096,1383,1713
113000468,3550,220,3330
113000469,311,60,251
113000470,702,106,596
113000471,15,567,-552
113000472,58,311,-253
113000474,253,566,-313
113000475,1312,1761,-449
113000476,605,1618,-1013
113000477,1381,1762,-381
113000478,2921,5985,-3064
113000479,21,289,-268
113000485,0,0,0
113000486,0,0,0
113000487,0,0,0
113000488,0,0,0
113000489,0,0,0
113000490,0,0,0
113000491,1,1,0
113000492,1,1,0
113000493,0,0,0
113000495,222,262,-40
113000496,94,107,-13
113900001,2,255,-253
113900002,0,295,-295
113900003,1,297,-296
113900004,3,80,-77
113900005,7,60,-53
113900006,0,67,-67
113900007,202,0,202
113900008,132,4,128
113900009,476,0,476
113900010,267,2,265
113900011,40,0,40
113900012,10,0,10
113900013,1335,6,1329
113900014,269,1,268
113900015,9,50,-41
113900016,8,0,8
113900017,2,82,-80
113900018,375,68,307
113900019,56,40,16
113900020,38,0,38
113900022,4,0,4
113900023,10,0,10
113900024,21,83,-62
113900025,225,8,217
113900026,59,0,59
113900027,2,166,-164
113900028,18,537,-519
113900029,14,349,-335
113900030,93,3,90
113900031,1,0,1
113900032,5,1,4
113900033,55,72,-17
113900035,28,0,28
113900036,8,169,-161
113900037,44,670,-626
113900038,85,87,-2
113900039,48,7,41
113900040,6,1,5
113900041,2,1,1
113900042,31,37,-6
113900043,160,116,44
113900044,111,42,69
113900045,26,0,26
113900046,122,849,-727
113900047,42,197,-155
113900048,296,38,258
113900049,920,237,683
113900050,91,460,-369
113900051,147,510,-363
113900052,136,96,40
113900053,251,144,107
113900054,2,22,-20
113900055,70,598,-528
113900056,72,175,-103
113900057,9,100,-91
113900058,31,265,-234
113900059,121,340,-219
113900060,56,165,-109
113900061,796,93,703
113900062,32,12,20
113900063,31,159,-128
113900064,13,171,-158
113900065,269,14,255
113900066,108,501,-393
113900067,25,321,-296
113900068,207,202,5
113900069,14,12,2
113900070,187,432,-245
113900071,41,105,-64
113900072,48,172,-124
113900073,129,396,-267
113900074,22,488,-466
113900075,674,651,23
113900076,58,4,54
113900077,23,264,-241
113900078,21,69,-48
113900079,0,67,-67
113900080,193,104,89
113900081,22,183,-161
113900082,91,204,-113
113900083,100,668,-568
113900084,171,43,128
113900085,30,423,-393
113900086,16,17,-1
113900087,49,256,-207
113900088,46,63,-17
113900089,254,31,223
113900090,307,264,43
113900091,16,12,4
113900092,36,36,0
113900093,49,433,-384
113900094,129,440,-311
113900095,60,37,23
113900096,89,31,58
113900097,9,129,-120
113900098,416,44,372
113900099,0,76,-76
113900100,0,2,-2
113900101,17,27,-10
113900102,74,63,11
113900103,159,173,-14
113900104,84,150,-66
113900105,23,535,-512
113900106,0,124,-124
113900107,0,30,-30
113900108,241,114,127
113900109,235,60,175
113900110,30,4,26
113900111,57,86,-29
113900112,68,85,-17
113900113,487,330,157
113900114,2,133,-131
113900115,1,149,-148
113900116,96,77,19
113900117,65,15,50
113900118,191,98,93
113900119,209,193,16
113900120,47,10,37
113900121,16,54,-38
113900122,223,1056,-833
113900123,279,162,117
113900124,1,71,-70
113900125,1498,106,1392
113900126,60,45,15
113900127,136,291,-155
113900128,35,52,-17
113900129,6,59,-53
113900130,1,11,-10
113900131,78,72,6
113900132,40,23,17
113900133,6,47,-41
113900135,182,600,-418
113900136,68,68,0
113900137,279,164,115
113900138,24,94,-70
113900139,572,71,501
113900140,303,154,149
113900141,191,726,-535
113900142,38,72,-34
113900143,2,24,-22
113900144,214,102,112
113900145,186,221,-35
113900146,34,39,-5
113900148,161,129,32
113900149,109,32,77
113900150,588,279,309
113900151,131,235,-104
113900152,8,41,-33
113900153,297,235,62
113900154,1,48,-47
113900155,149,53,96
113900156,239,587,-348
113900157,12,170,-158
113900158,212,126,86
113900159,14,162,-148
113900160,318,776,-458
113900161,21,173,-152
113900162,363,326,37
113900163,194,198,-4
113900164,208,35,173
113900165,396,505,-109
113900166,110,109,1
113900167,133,35,98
113900168,104,94,10
113900169,166,380,-214
113900171,65,42,23
113900172,6,227,-221
113900173,33,770,-737
113900174,318,609,-291
113900175,151,40,111
113900176,122,562,-440
113900177,214,202,12
113900178,123,71,52
113900179,11,928,-917
113900180,100,108,-8
113900181,329,72,257
113900182,278,939,-661
113900183,36,77,-41
113900184,13,635,-622
113900185,115,77,38
113900186,11,24,-13
113900187,21,80,-59
113900188,11,94,-83
113900189,174,43,131
113900190,290,70,220
113900191,39,178,-139
113900192,2879,1047,1832
113900193,32,369,-337
113900194,2554,816,1738
113900195,264,406,-142
113900196,1,93,-92
113900197,3,476,-473
113900198,17,100,-83
113900199,126,629,-503
113900200,11,181,-170
113900201,0,364,-364
113900202,38,120,-82
113900203,11,191,-180
113900204,36,629,-593
113900205,5,69,-64
113900206,2,109,-107
113900207,0,56,-56
113900208,0,24,-24
113900209,0,54,-54
113900210,604,406,198
113900211,106,21,85
113900212,80,703,-623
113900214,234,374,-140
113900215,33,127,-94
113900216,39,1493,-1454
113900217,31,434,-403
113900218,66,49,17
113900219,121,644,-523
113900220,89,58,31
113900221,160,84,76
113900222,1636,382,1254
113900223,88,1162,-1074
113900224,90,55,35
113900225,702,151,551
113900226,177,79,98
113900227,187,117,70
113900228,268,188,80
113900229,33,424,-391
113900230,4107,1157,2950
113900231,77,244,-167
113900232,41,93,-52
113900233,24,42,-18
113900234,150,355,-205
113900235,17,14,3
113900236,22,461,-439
113900237,58,3,55
113900238,114,266,-152
113900239,65,40,25
113900240,8,53,-45
113900241,59,90,-31
113900242,51,169,-118
113900243,108,304,-196
113900244,390,122,268
113900245,1024,197,827
113900246,13,3,10
113900247,154,143,11
113900248,3458,1137,2321
113900249,1511,223,1288
113900250,23,60,-37
113900251,227,228,-1
113900252,235,5,230
113900253,308,23,285
113900254,384,49,335
113900255,192,17,175
113900256,168,28,140
113900257,16,953,-937
113900258,5,675,-670
113900259,207,248,-41
113900260,44,3,41
113900261,24,124,-100
113900262,72,973,-901
113900263,134,607,-473
113900264,4,739,-735
113900265,113,261,-148
113900266,33,306,-273
113900267,97,559,-462
113900268,89,257,-168
113900269,55,104,-49
113900270,311,241,70
113900271,301,1192,-891
113900273,30,6,24
113900274,17,10,7
113900275,18,50,-32
113900276,3,388,-385
113900277,56,1,55
113900278,189,95,94
113900279,72,108,-36
113900280,725,447,278
113900281,255,614,-359
113900282,540,282,258
113900283,225,422,-197
113900284,338,109,229
113900285,57,24,33
113900286,9,99,-90
113900287,13,17,-4
113900288,0,74,-74
113900289,1616,64,1552
113900290,522,104,418
113900291,95,126,-31
113900292,4,6,-2
113900293,3,179,-176
113900294,219,19,200
113900295,287,208,79
113900296,1500,163,1337
113900297,448,26,422
113900298,8,1852,-1844
113900299,32,300,-268
113900300,3499,1008,2491
113900301,999,251,748
113900302,2638,598,2040
113900303,545,186,359
113900304,0,180,-180
113900305,19,0,19
113900306,7,0,7
113900307,36,0,36
113900308,46,89,-43
113900309,1,837,-836
113900310,0,32,-32
113900311,2,0,2
113900312,50,90,-40
113900313,27,6,21
113900314,0,49,-49
113900315,18,4,14
114000001,902,4186,-3284
114000002,92,567,-475
114000003,126,1749,-1623
114000004,148,474,-326
114000005,93,262,-169
114000006,1601,2247,-646
114000007,406,1520,-1114
114000008,967,806,161
114000009,237,200,37
114000011,1660,4532,-2872
114000012,1140,3706,-2566
114000013,977,2768,-1791
114000014,268,779,-511
114000015,704,682,22
114000016,169,433,-264
114000017,83,98,-15
114000018,703,94,609
114000026,635,2042,-1407
114000027,1104,2182,-1078
114000028,1385,1765,-380
114000038,82,105,-23
114000039,94,362,-268
114000040,54,135,-81
114000042,76,202,-126
114000043,187,325,-138
114000044,173,219,-46
114000045,17,128,-111
114000046,1744,4843,-3099
114000047,7,55,-48
114000048,73,189,-116
114000049,905,1003,-98
114000050,942,1051,-109
114000051,1875,1397,478
114000052,1946,819,1127
114000053,24,633,-609
114000054,109,1957,-1848
114000055,149,8,141
114000056,895,428,467
114000057,11814,2163,9651
114000058,423,611,-188
114000059,315,126,189
114000060,350,565,-215
114000061,2926,999,1927
114000062,1929,670,1259
114000063,2844,1406,1438
114000064,6350,2056,4294
114000065,1539,1951,-412
114000066,247,623,-376
114000067,28,222,-194
114000068,232,326,-94
114000069,321,274,47
114000070,1495,1081,414
114000071,291,530,-239
114000072,95,633,-538
114000073,4,174,-170
114000074,17,8,9
114000075,46,208,-162
114000076,15,211,-196
114000077,10,83,-73
114000078,82,1147,-1065
114000079,24,18,6
114000080,53,73,-20
114000081,30,75,-45
114000082,26,686,-660
114000083,40,293,-253
114000084,71,69,2
114000085,62,887,-825
114000086,150,767,-617
114000087,25,270,-245
114000088,19,57,-38
114000089,2204,432,1772
114000090,341,415,-74
114000091,992,330,662
114000092,520,148,372
114000093,423,495,-72
114000094,249,396,-147
114000095,82,63,19
114000096,78,432,-354
114000097,128,657,-529
114000098,198,56,142
114000099,166,1553,-1387
114000100,393,852,-459
114000101,194,1325,-1131
114000102,160,343,-183
114000103,53,644,-591
114000104,7,400,-393
114000105,18,34,-16
114000106,1371,341,1030
114000107,101,95,6
114000108,6520,1648,4872
114000109,227,558,-331
114000110,429,2449,-2020
114000111,547,435,112
114000112,293,4097,-3804
114000113,637,393,244
114000114,978,2628,-1650
114000115,1070,666,404
114000116,301,731,-430
114000117,998,347,651
114000118,1021,276,745
114000119,731,258,473
114000120,472,1248,-776
114000121,393,528,-135
114000122,207,278,-71
114000123,558,317,241
114000124,406,340,66
114000125,858,2323,-1465
114000126,632,187,445
114000127,74,176,-102
114000128,543,757,-214
114000130,300,520,-220
114000131,92,39,53
114000132,486,833,-347
114000133,624,1368,-744
114000134,20,217,-197
114000138,27,131,-104
114000139,162,96,66
114000144,353,361,-8
114000145,62,147,-85
114000146,52,293,-241
114000147,655,767,-112
114000148,2766,1054,1712
114000149,179,185,-6
114000150,1693,803,890
114000151,2587,846,1741
114000152,94,16,78
114000153,1002,1491,-489
114000154,603,764,-161
114000155,901,1412,-511
114000156,559,357,202
114000157,217,726,-509
114000158,2582,511,2071
114000159,157,313,-156
114000160,68,205,-137
114000161,1049,994,55
114000162,469,799,-330
114000163,14,124,-110
114000165,193,100,93
114000166,557,223,334
114000167,5292,992,4300
114000168,557,558,-1
114000169,1657,421,1236
114000170,740,397,343
114000171,537,1311,-774
114000174,132,428,-296
114000176,586,333,253
114000177,3222,664,2558
114000178,25,54,-29
114000179,935,670,265
114000180,401,455,-54
114000181,1190,1768,-578
114000182,7411,2176,5235
114000183,819,1068,-249
114000184,9225,1590,7635
114000185,557,826,-269
114000189,244,62,182
114000190,986,140,846
114000191,15,30,-15
114000192,265,2359,-2094
114000193,1191,4658,-3467
114000194,911,1699,-788
114000195,52,10,42
114000196,7,602,-595
114000197,507,49,458
114000198,1378,423,955
114000199,2314,790,1524
114000200,433,2849,-2416
114000201,107,1464,-1357
114000202,703,1074,-371
114000203,499,1509,-1010
114000204,107,573,-466
114000205,201,2008,-1807
114000206,291,1271,-980
114000207,599,2808,-2209
114000208,418,4846,-4428
114000209,544,4713,-4169
114000210,334,2435,-2101
114000211,778,1810,-1032
114000212,366,839,-473
114000213,743,644,99
114000214,83,231,-148
114000215,75,99,-24
114000216,577,428,149
114000217,86,479,-393
114000218,91,323,-232
114000219,512,286,226
114000220,28,2580,-2552
114000221,293,121,172
114000222,238,1777,-1539
114000223,210,41,169
114000224,124,1038,-914
114000225,197,650,-453
114000226,34,267,-233
114000227,526,522,4
114000228,490,1221,-731
114000229,703,1409,-706
114000230,1194,2048,-854
114000231,605,1234,-629
114000232,303,80,223
114000233,1016,93,923
114000234,783,1235,-452
114000235,609,2059,-1450
114000236,1,586,-585
114000237,69,1375,-1306
114000238,46,346,-300
114000239,120,1829,-1709
114000240,561,648,-87
114000241,171,1583,-1412
114000242,1107,1398,-291
114000243,1022,1013,9
114000244,540,366,174
114000245,321,592,-271
114000246,215,53,162
114000247,549,742,-193
114000248,500,559,-59
114000249,347,589,-242
114000250,243,652,-409
114000251,197,474,-277
114000252,50,88,-38
114000253,19,334,-315
114000254,4,85,-81
114000255,701,145,556
114000256,1717,617,1100
114000257,819,2076,-1257
114000258,69,527,-458
114000259,27,383,-356
114000260,0,34,-34
114000261,23,26,-3
114000262,20,168,-148
114000263,4,0,4
114000264,351,763,-412
114000265,0,4,-4
114000267,2,1442,-1440
114000268,11,2829,-2818
114000270,71,3,68
114000271,436,100,336
114000283,321,512,-191
114000285,39,438,-399
114000288,27,579,-552
114000289,569,175,394
114000293,73,397,-324
114000294,127,201,-74
114000395,909,88,821
114000396,196,307,-111
114000402,215,411,-196
114000403,136,841,-705
114000405,76,780,-704
114000423,78,669,-591
114000424,76,275,-199
114000425,187,803,-616
114000426,196,506,-310
114000427,50,86,-36
114000428,229,53,176
114000429,11,197,-186
114000432,43,224,-181
114000434,13,121,-108
114000435,0,165,-165
114900001,248,2146,-1898
114900002,206,44,162
114900003,216,3235,-3019
114900004,80,117,-37
114900005,217,1203,-986
114900006,14,29,-15
114900007,58,7,51
114900008,34,35,-1
114900010,2495,1124,1371
114900011,46,76,-30
114900013,73,77,-4
114900018,716,57,659
114900020,92,39,53
114900022,2,908,-906
114900025,156,303,-147
114900026,31,35,-4
114900029,40,22,18
114900030,137,327,-190
114900031,91,32,59
114900032,66,44,22
114900034,29,262,-233
114900035,106,272,-166
114900036,202,1354,-1152
114900039,251,822,-571
114900040,50,344,-294
114900041,282,740,-458
114900042,347,888,-541
114900044,70,13,57
114900047,141,976,-835
114900048,34,522,-488
114900049,26,557,-531
114900050,23,925,-902
114900051,8,666,-658
114900052,32,157,-125
114900053,58,264,-206
114900054,43,116,-73
114900057,88,6,82
114900058,0,51,-51
114900059,29,15,14
114900063,48,270,-222
114900064,535,575,-40
114900065,142,563,-421
114900067,21,351,-330
114900068,81,551,-470
114900069,143,175,-32
114900070,198,932,-734
114900072,7,298,-291
114900073,0,192,-192
114900074,127,1465,-1338
114900075,43,5,38
114900076,8,308,-300
114900080,5258,430,4828
114900082,3571,1015,2556
114900083,755,644,111
114900090,94,121,-27
114900091,210,154,56
114900097,41,1,40
114900098,4,317,-313
114900099,52,2,50
115000001,11344,5777,5567
115000002,2592,2719,-127
115000003,3660,4481,-821
115000004,1871,3638,-1767
115000005,1315,3346,-2031
115000006,525,1264,-739
115000007,69,165,-96
115000008,373,532,-159
115000009,177,559,-382
115000010,265,182,83
115000013,41,117,-76
115000015,71,204,-133
115000016,36,180,-144
115000019,19,285,-266
115000020,192,270,-78
115000021,256,341,-85
115000022,332,272,60
115000023,198,300,-102
115000024,996,363,633
115000025,564,294,270
115000026,100,305,-205
115000027,153,175,-22
115000028,99,644,-545
115000029,230,144,86
115000030,360,639,-279
115000031,598,161,437
115000032,7,258,-251
115000033,94,21,73
115000034,157,798,-641
115000035,570,50,520
115000036,1,293,-292
115000037,198,5,193
115000038,36,231,-195
115000039,3405,2123,1282
115000040,7108,3562,3546
115000041,825,2036,-1211
115000042,421,586,-165
115000043,2389,2094,295
115000044,2292,4722,-2430
115000045,1700,3490,-1790
115000046,1096,3086,-1990
115000047,1055,2578,-1523
115000048,1030,3165,-2135
115000049,1317,2974,-1657
115000050,2853,2214,639
115000051,2230,1814,416
115000052,4821,2014,2807
115000053,1261,1223,38
115000054,730,1715,-985
115000055,113,482,-369
115000056,188,226,-38
115000057,331,459,-128
115000058,100,91,9
115000059,111,126,-15
115000061,121,104,17
115000062,209,334,-125
115000063,152,351,-199
115000064,157,212,-55
115000065,49,303,-254
115000067,270,27,243
115000069,49,443,-394
115000070,22,675,-653
115000071,69,3,66
115000072,17,60,-43
115000073,1173,30,1143
115000075,30,50,-20
115000076,4234,3938,296
115000077,935,4555,-3620
115000078,535,2512,-1977
115000079,624,3001,-2377
115000080,1141,3463,-2322
115000081,312,831,-519
115000082,2114,2519,-405
115000083,1398,3965,-2567
115000084,791,1555,-764
115000085,334,951,-617
115000086,447,1260,-813
115000087,468,1320,-852
115000088,1528,587,941
115000089,1304,1275,29
115000090,644,581,63
115000091,476,1320,-844
115000092,184,368,-184
115000093,214,1,213
115000094,11115,4334,6781
115000095,7585,3594,3991
115000096,320,2960,-2640
115000097,369,768,-399
115000098,429,856,-427
115000099,1247,5355,-4108
115000100,423,694,-271
115000101,415,1761,-1346
115000102,219,167,52
115000103,410,1073,-663
115000105,36,288,-252
115000106,217,279,-62
115000107,92,606,-514
115000108,4767,2690,2077
115000109,6707,2178,4529
115000110,839,685,154
115000111,540,1227,-687
115000112,375,411,-36
115000113,396,577,-181
115000114,1124,550,574
115000116,3239,1181,2058
115000117,4024,1389,2635
115000118,947,1306,-359
115000119,1025,1248,-223
115000120,345,503,-158
115000121,1109,549,560
115000122,2241,699,1542
115000123,1442,868,574
115000124,737,712,25
115000125,286,475,-189
115000126,70,207,-137
115000127,343,104,239
115000128,1686,714,972
115000129,161,169,-8
115000130,220,1315,-1095
115000131,280,241,39
115000132,115,820,-705
115000133,267,460,-193
115000134,95,257,-162
115000135,82,301,-219
115000136,99,192,-93
115000137,56,179,-123
115000138,133,229,-96
115000139,187,245,-58
115000140,92,220,-128
115000141,92,392,-300
115000142,74,384,-310
115000143,316,522,-206
115000144,256,78,178
115000145,194,533,-339
115000146,159,231,-72
115000147,289,544,-255
115000148,234,1643,-1409
115000149,205,188,17
115000150,491,1469,-978
115000151,425,449,-24
115000152,475,2036,-1561
115000153,593,372,221
115000154,304,304,0
115000155,386,1406,-1020
115000156,972,513,459
115000157,910,871,39
115000158,620,344,276
115000159,796,303,493
115000160,527,206,321
115000161,161,545,-384
115000162,587,398,189
115000163,716,592,124
115000164,453,526,-73
115000165,234,329,-95
115000167,111,83,28
115000168,449,176,273
115000169,597,251,346
115000170,122,123,-1
115000171,212,131,81
115000172,2425,546,1879
115000173,232,220,12
115000174,61,196,-135
115000175,117,90,27
115000176,53,27,26
115000177,55,25,30
115000178,13,282,-269
115000179,24,6,18
115000180,59,739,-680
115000181,247,95,152
115000182,243,564,-321
115000183,135,1212,-1077
115000186,333,206,127
115000187,100,685,-585
115000188,268,442,-174
115000189,151,366,-215
115000190,733,441,292
115000191,237,369,-132
115000194,128,78,50
115000195,144,211,-67
115000196,33,186,-153
115000197,91,525,-434
115000198,91,298,-207
115000199,101,484,-383
115000200,123,121,2
115000201,111,457,-346
115000206,142,86,56
115000207,27,300,-273
115000208,754,744,10
115000209,231,95,136
115000210,81,97,-16
115000211,160,221,-61
115000212,1391,253,1138
115000224,173,78,95
115000225,40,76,-36
115000229,325,116,209
115000230,70,550,-480
115000231,209,3333,-3124
115000232,563,358,205
115000233,68,184,-116
115000234,23,321,-298
115000241,24,282,-258
115000242,69,431,-362
115000243,15,265,-250
115000244,3,89,-86
115000246,45,8,37
115000247,12,2,10
115000248,26,17,9
115000249,31,11,20
115000250,187,56,131
115000251,69,128,-59
115000252,25,169,-144
115000253,9,212,-203
115000258,103,261,-158
115000259,290,120,170
115000261,7,37,-30
115000262,7,38,-31
115000263,14,46,-32
115000264,7,52,-45
115000267,43,74,-31
115000268,22,166,-144
115000269,54,59,-5
115000270,8,28,-20
115000272,33,204,-171
115000273,114,25,89
115000280,1799,93,1706
115000281,402,258,144
115000282,626,341,285
115000284,159,79,80
115000296,774,12,762
115000297,163,54,109
115000298,58,166,-108
115000300,43,211,-168
115000302,172,275,-103
115000303,238,154,84
115000304,221,76,145
115000305,39,1464,-1425
115000306,66,913,-847
115000307,12,377,-365
115000308,157,25,132
115000310,520,1180,-660
115000311,376,1978,-1602
115000313,134,856,-722
115000314,225,76,149
115000315,951,351,600
115000316,41,67,-26
115000317,63,721,-658
115000318,325,157,168
115000319,30,342,-312
115000320,21,131,-110
115000321,297,5,292
115000322,32,281,-249
115000449,324,92,232
115000557,76,535,-459
115000558,258,97,161
115000587,269,279,-10
115000588,1964,4251,-2287
115000589,2121,2961,-840
115000590,509,1495,-986
115000591,631,636,-5
115000592,442,1326,-884
115000593,851,515,336
115000594,598,1223,-625
115000609,92,204,-112
115000617,2161,1808,353
115000624,124,181,-57
115000633,282,1382,-1100
115000634,1893,529,1364
115000635,239,92,147
115000638,1920,636,1284
115000641,87,92,-5
115000642,287,220,67
115000643,47,414,-367
115000644,149,346,-197
115000646,454,836,-382
115000647,96,369,-273
115000648,891,1839,-948
115000893,2769,952,1817
115000894,77,1002,-925
115000895,451,747,-296
115000896,1384,266,1118
115000897,260,55,205
115000898,411,118,293
115000899,967,888,79
115000900,136,396,-260
115000901,67,64,3
115000912,111,49,62
115000913,0,64,-64
115000915,24,0,24
115000916,5,0,5
115000917,1,4,-3
115000918,67,124,-57
115000919,21,5,16
115000920,40,23,17
115000921,1725,57,1668
115000922,1573,346,1227
115000923,505,682,-177
115000925,41,81,-40
115000927,21,26,-5
115000933,375,101,274
115000934,81,212,-131
115000935,77,80,-3
115000936,62,236,-174
115000937,1328,117,1211
115000938,195,134,61
115000939,272,100,172
115000940,3,6,-3
115000941,8,5,3
115000942,92,31,61
115000943,64,4,60
115000944,14,1,13
115900001,52,140,-88
115900002,67,242,-175
115900003,57,116,-59
115900004,0,83,-83
115900005,48,5,43
115900006,35,602,-567
115900008,18,15,3
115900009,34,485,-451
115900010,58,200,-142
115900011,153,374,-221
115900012,31,130,-99
115900013,195,136,59
115900014,50,201,-151
115900015,19,220,-201
115900016,25,25,0
115900017,2,1,1
115900018,99,87,12
115900019,222,21,201
115900020,2,1,1
115900021,1645,71,1574
115900022,3205,9,3196
115900023,1,2,-1
115900025,21,103,-82
115900026,639,469,170
115900027,0,528,-528
115900028,597,65,532
115900029,4,640,-636
115900030,13,9,4
115900031,360,137,223
115900032,165,690,-525
115900033,1,53,-52
115900034,20,572,-552
115900035,7,51,-44
115900036,626,239,387
115900037,19,570,-551
115900038,9,3,6
115900039,77,386,-309
115900041,390,341,49
115900042,7,0,7
115900043,37,156,-119
115900044,301,132,169
115900046,113,343,-230
115900047,52,42,10
115900049,62,278,-216
115900051,0,59,-59
115900052,15,298,-283
115900053,82,350,-268
115900054,67,45,22
115900055,4,151,-147
115900056,59,433,-374
115900057,23,1,22
115900058,15,39,-24
115900060,15,186,-171
115900061,80,0,80
115900062,14,471,-457
115900063,37,14,23
115900064,124,226,-102
115900065,44,179,-135
115900066,181,226,-45
115900067,8,1234,-1226
115900068,3933,187,3746
115900069,18,142,-124
115900070,61,337,-276
115900071,4,1053,-1049
115900072,79,310,-231
115900073,17,17,0
115900074,2,397,-395
115900075,5,400,-395
115900076,1,106,-105
115900077,1,428,-427
115900078,25,169,-144
115900079,61,14,47
115900080,590,368,222
115900081,8,119,-111
115900082,125,113,12
115900084,132,12,120
115900085,25,48,-23
115900086,1932,358,1574
115900088,2,37,-35
115900089,99,855,-756
115900090,95,31,64
115900091,0,11,-11
115900092,6,323,-317
115900093,16,24,-8
115900094,3,489,-486
115900096,0,14,-14
115900097,13,591,-578
115900098,52,756,-704
115900099,22,103,-81
115900100,1,838,-837
115900101,56,668,-612
115900102,14,108,-94
115900103,110,361,-251
115900104,11,222,-211
115900105,69,916,-847
115900106,22,30,-8
115900107,12,291,-279
115900108,29,29,0
115900109,32,421,-389
115900110,1,20,-19
115900111,3,80,-77
115900112,30,1160,-1130
115900113,14,35,-21
115900114,2,192,-190
115900115,13,88,-75
115900116,44,1241,-1197
115900117,18,19,-1
115900118,3,377,-374
115900119,114,60,54
115900120,14,506,-492
115900121,67,287,-220
115900124,102,236,-134
115900125,112,23,89
115900126,243,47,196
115900127,186,39,147
115900128,5,124,-119
115900129,326,28,298
115900130,28,204,-176
115900131,54,26,28
115900132,182,8,174
115900134,177,11,166
115900135,624,423,201
115900137,10,2,8
115900139,52,10,42
115900140,55,34,21
115900141,6,18,-12
115900142,8,4,4
115900143,105,268,-163
115900144,14,192,-178
115900146,15,230,-215
115900147,177,119,58
115900148,8,1,7
115900149,21,40,-19
115900150,16,116,-100
115900151,4,55,-51
115900152,33,532,-499
115900153,33,261,-228
115900154,768,276,492
115900155,0,147,-147
115900156,311,397,-86
115900157,73,296,-223
115900158,64,12,52
115900159,26,311,-285
115900160,4,5,-1
115900161,14,195,-181
115900163,43,134,-91
115900164,141,1,140
115900166,102,355,-253
115900168,27,130,-103
115900171,42,506,-464
115900172,15,110,-95
115900173,101,150,-49
115900174,332,205,127
115900175,32,156,-124
115900178,3,978,-975
115900179,83,7,76
115900180,38,543,-505
115900181,83,359,-276
115900182,129,395,-266
115900183,39,7,32
115900184,1176,20,1156
115900187,10,111,-101
115900189,0,78,-78
115900190,269,431,-162
115900191,63,619,-556
115900192,9,92,-83
115900193,21,49,-28
115900194,183,42,141
115900195,371,599,-228
115900198,106,220,-114
115900199,79,274,-195
115900200,133,366,-233
115900201,181,223,-42
115900202,0,2,-2
115900203,1,1,0
115900204,0,5,-5
115900205,45,12,33
115900206,66,110,-44
115900207,21,29,-8
115900208,47,447,-400
115900209,2,237,-235
115900210,2,136,-134
115900211,1,259,-258
115900212,51,256,-205
115900213,54,14,40
115900214,153,166,-13
115900215,16,31,-15
115900216,4,73,-69
115900217,3,105,-102
115900218,0,47,-47
115900219,13,2,11
115900220,33,7,26
115900221,24,9,15
115900222,24,8,16
115900223,7,86,-79
115900224,2203,200,2003
115900225,52,17,35
115900226,4,69,-65
115900227,4,63,-59
115900228,10,62,-52
115900229,3,47,-44
115900230,36,106,-70
115900231,50,1,49
115900232,16,2,14
115900233,47,2,45
115900234,37,14,23
115900235,2,18,-16
115900236,9,11,-2
115900237,0,21,-21
115900238,3,24,-21
115900239,4,34,-30
115900240,3,48,-45
115900241,70,62,8
115900242,246,166,80
115900243,1,9,-8
115900244,1,22,-21
115900245,8,13,-5
115900246,2,3,-1
115900247,12,4,8
115900248,5,0,5
115900249,3,2,1
115900250,1,16,-15
115900251,0,10,-10
115900252,0,1,-1
115900253,0,4,-4
115900254,12,10,2
115900255,1,9,-8
115900256,29,14,15
115900257,0,3,-3
115900258,0,1,-1
115900259,1,1,0
115900260,10,0,10
115900261,1,2,-1
115900262,0,0,0
115900263,3,0,3
115900264,0,4,-4
115900265,2,2,0
115900266,4,4,0
115900267,2,1,1
115900268,3,7,-4
115900269,121,361,-240
115900270,140,1244,-1104
115900271,19,1,18
115900272,7,5,2
115900273,1,7,-6
115900274,8,27,-19
115900275,4,51,-47
115900276,1,117,-116
115900277,0,208,-208
115900278,9,75,-66
115900279,7,52,-45
115900280,18,115,-97
115900281,772,126,646
115900282,26,6,20
115900283,7,5,2
115900284,2,18,-16
116000001,16274,4960,11314
116000002,2779,4790,-2011
116000003,1312,2224,-912
116000004,2173,1551,622
116000005,2825,3702,-877
116000006,1696,749,947
116000007,2946,4973,-2027
116000008,1486,1089,397
116000009,1548,3004,-1456
116000010,1120,658,462
116000011,915,2585,-1670
116000012,617,543,74
116000013,20597,3954,16643
116000014,23932,7755,16177
116000015,528,669,-141
116000016,7346,1678,5668
116000017,65,423,-358
116000018,695,472,223
116000019,381,198,183
116000020,316,1536,-1220
116000021,274,311,-37
116000022,169,938,-769
116000023,639,482,157
116000024,420,1604,-1184
116000025,485,438,47
116000026,1128,2076,-948
116000027,341,452,-111
116000028,280,402,-122
116000029,733,399,334
116000030,344,277,67
116000031,79,128,-49
116000032,319,230,89
116000033,263,563,-300
116000034,422,961,-539
116000035,337,436,-99
116000036,1972,504,1468
116000037,781,584,197
116000038,760,329,431
116000039,679,191,488
116000040,1397,207,1190
116000041,271,564,-293
116000042,327,153,174
116000043,52,526,-474
116000044,27,190,-163
116000045,1357,890,467
116000046,1136,995,141
116000047,2019,1742,277
116000048,1843,1541,302
116000049,721,1702,-981
116000050,1032,1174,-142
116000051,2936,1465,1471
116000052,3112,3299,-187
116000053,1146,1098,48
116000054,546,1883,-1337
116000055,325,1191,-866
116000056,519,1151,-632
116000057,2757,1808,949
116000058,2673,1388,1285
116000059,2650,3693,-1043
116000060,2456,988,1468
116000061,553,661,-108
116000062,877,598,279
116000063,526,922,-396
116000066,180,412,-232
116000067,196,697,-501
116000068,137,267,-130
116000069,264,407,-143
116000078,237,974,-737
116000080,861,983,-122
116000082,6,104,-98
116000083,714,319,395
116000084,2331,4406,-2075
116000085,1252,865,387
116000086,3323,1668,1655
116000087,728,1060,-332
116000088,655,1175,-520
116000089,110,120,-10
116000090,131,142,-11
116000091,84,124,-40
116000093,275,849,-574
116000094,290,734,-444
116000095,286,1013,-727
116000096,362,871,-509
116000097,225,1194,-969
116000098,349,2901,-2552
116000099,13804,504,13300
116000100,54,3,51
116000101,248,2098,-1850
116000102,136,2004,-1868
116000103,224,210,14
116000104,87,2412,-2325
116000105,395,183,212
116000106,160,2103,-1943
116000107,625,533,92
116000108,41,211,-170
116000111,114,32,82
116000113,39,34,5
116000114,34,122,-88
116000115,108,79,29
116000116,158,584,-426
116000117,749,2030,-1281
116000118,724,1459,-735
116000119,1198,1776,-578
116000120,1886,4937,-3051
116000121,337,392,-55
116000122,1258,3041,-1783
116000123,223,486,-263
116000124,197,1308,-1111
116000125,1139,556,583
116000126,177,1557,-1380
116000127,1019,1796,-777
116000128,864,769,95
116000129,526,167,359
116000130,183,206,-23
116000133,260,1093,-833
116000134,1149,4307,-3158
116000135,813,1295,-482
116000136,636,3655,-3019
116000137,490,573,-83
116000138,730,295,435
116000139,1262,2414,-1152
116000140,117,337,-220
116000141,366,1418,-1052
116000142,3860,4782,-922
116000143,1888,1499,389
116000144,948,3541,-2593
116000145,1091,1659,-568
116000146,157,551,-394
116000147,383,157,226
116000148,259,352,-93
116000149,244,556,-312
116000151,534,1541,-1007
116000153,73,657,-584
116000155,218,264,-46
116000156,293,1193,-900
116000157,29,34,-5
116000158,284,270,14
116000159,17,9,8
116000160,8,131,-123
116000161,6,102,-96
116000162,52,82,-30
116000163,7,10,-3
116000164,2,7,-5
116000177,35,142,-107
116000194,52,316,-264
116000195,1690,618,1072
116000196,2,10,-8
116000197,1,3,-2
116000198,2127,945,1182
116000200,799,157,642
116000201,516,523,-7
116000202,5,386,-381
116000203,12,97,-85
116000204,8,60,-52
116000205,2,164,-162
116000206,0,90,-90
116000207,1,38,-37
116000233,107,897,-790
116000287,65,728,-663
116000288,88,372,-284
116000292,22,172,-150
116000296,8,322,-314
116000297,27,25,2
116000304,41,23,18
116000305,18,75,-57
116000346,133,194,-61
116000352,71,39,32
116000354,19,22,-3
116000357,6,11,-5
116000358,78,23,55
116000361,697,3,694
116000372,11678,2143,9535
116000381,40,0,40
116000388,1,31,-30
116000389,337,560,-223
116000445,158,792,-634
116000446,209,1807,-1598
116000447,8,395,-387
116000448,569,440,129
116000563,815,691,124
116000565,120,395,-275
116000568,14,88,-74
116000579,15,130,-115
116000583,49,137,-88
116000584,24,13,11
116000585,11,18,-7
116000586,257,104,153
116000587,301,525,-224
116000589,20,82,-62
116000590,35,32,3
116000591,60,373,-313
116000592,8,141,-133
116000593,0,126,-126
116000594,197,646,-449
116000595,368,179,189
116000596,47,6,41
116000597,94,34,60
116000598,12,223,-211
116000605,273,150,123
116000606,47,93,-46
116000607,5,64,-59
116000609,200,538,-338
116000611,99,599,-500
116000612,417,1794,-1377
116000613,255,404,-149
116000614,466,1073,-607
116000615,1,116,-115
116000616,19,166,-147
116000617,63,196,-133
116000618,5,266,-261
116000619,7,27,-20
116000620,41,386,-345
116000621,18,101,-83
116000622,12,149,-137
116000624,28,66,-38
116000627,26,279,-253
116000628,28,1214,-1186
116000629,31,658,-627
116000630,105,58,47
116000631,38,94,-56
116000632,132,201,-69
116000633,61,673,-612
116000634,130,337,-207
116000635,3553,1483,2070
116000636,2473,1007,1466
116000637,199,106,93
116000638,58,771,-713
116000639,15,0,15
116000640,5,9,-4
116000641,52,270,-218
116000643,0,255,-255
116000644,8,1314,-1306
116000645,9,80,-71
116900001,89,163,-74
116900002,322,3,319
116900003,13,96,-83
116900004,8,19,-11
116900005,140,52,88
116900006,250,144,106
116900007,67,196,-129
116900008,177,617,-440
116900009,7,12,-5
116900010,301,2820,-2519
116900011,13,34,-21
116900012,80,222,-142
116900013,17,226,-209
116900014,48,428,-380
116900015,108,94,14
116900016,97,10,87
116900017,4,1090,-1086
116900018,32,49,-17
116900019,4,576,-572
116900020,2070,209,1861
116900023,18,12,6
116900024,164,112,52
116900025,291,1326,-1035
116900026,172,941,-769
116900027,11,38,-27
116900028,2,159,-157
116900029,2,17,-15
116900031,1,6,-5
116900032,0,546,-546
116900033,3,13,-10
116900034,9,109,-100
116900035,60,367,-307
116900036,2,98,-96
116900038,13,1,12
116900041,14,4,10
116900042,1151,216,935
116900043,2,100,-98
116900047,145,48,97
116900049,16,390,-374
116900050,73,709,-636
116900051,38,421,-383
116900052,124,63,61
116900055,0,5,-5
116900057,13,446,-433
116900058,18,574,-556
116900059,1,282,-281
116900060,203,262,-59
116900062,2,6,-4
116900064,39,1680,-1641
116900065,5,167,-162
116900067,42,134,-92
116900068,57,296,-239
116900070,0,9,-9
116900072,6,635,-629
116900073,5,389,-384
116900074,6,33,-27
116900076,3,46,-43
116900077,10,552,-542
116900078,281,155,126
116900079,9,620,-611
116900080,1,14,-13
116900081,211,2083,-1872
116900082,98,751,-653
116900083,42,120,-78
116900084,170,67,103
116900085,13,193,-180
116900086,24,296,-272
116900088,384,66,318
116900090,129,101,28
116900091,93,99,-6
116900092,48,1330,-1282
116900093,1058,1511,-453
116900094,5922,1983,3939
116900095,237,323,-86
116900096,114,100,14
116900097,5938,1659,4279
116900098,672,204,468
116900099,374,480,-106
116900100,359,6,353
116900101,216,842,-626
116900103,15,2,13
116900104,19,94,-75
116900105,178,59,119
116900106,292,4,288
116900107,5581,981,4600
116900110,7,0,7
116900111,158,1427,-1269
116900112,90,1449,-1359
116900113,4230,710,3520
116900116,102,212,-110
116900117,8,82,-74
116900118,1113,449,664
116900120,77,154,-77
116900121,42,80,-38
116900122,235,1043,-808
116900123,52,1345,-1293
116900124,91,1559,-1468
116900125,97,363,-266
116900126,316,456,-140
116900128,1,40,-39
116900129,2,269,-267
116900130,1233,1300,-67
116900131,28,137,-109
116900132,12,62,-50
116900133,50,83,-33
116900134,90,215,-125
116900136,44,141,-97
116900137,169,196,-27
116900138,76,258,-182
116900139,33,427,-394
116900140,81,108,-27
116900141,340,214,126
116900142,1,23,-22
116900143,133,347,-214
116900144,4,34,-30
116900145,59,292,-233
116900147,632,214,418
116900148,2,23,-21
116900149,24,89,-65
116900150,13,2,11
116900151,52,21,31
116900153,54,52,2
116900154,348,163,185
116900155,31,25,6
116900157,230,419,-189
116900158,107,91,16
116900159,33,207,-174
116900160,488,199,289
116900161,12107,3118,8989
116900162,5,180,-175
116900163,44,219,-175
116900164,52,40,12
116900165,128,95,33
116900166,6,126,-120
116900167,185,77,108
116900168,126,68,58
116900169,712,126,586
116900170,122,218,-96
116900171,12,236,-224
116900172,229,48,181
116900173,54,57,-3
116900174,11,27,-16
116900175,137,54,83
116900178,6,227,-221
116900179,55,67,-12
116900180,52,26,26
116900182,188,145,43
116900183,84,126,-42
116900185,11,20,-9
116900186,77,414,-337
116900187,19,10,9
116900188,79,15,64
116900189,1,0,1
116900191,205,248,-43
116900192,105,258,-153
116900194,41,447,-406
116900195,26,14,12
116900196,14,140,-126
116900197,47,2,45
116900198,154,102,52
116900200,10,40,-30
116900201,25,9,16
116900202,45,63,-18
116900203,23,0,23
116900204,34,50,-16
116900206,11,94,-83
116900207,21,20,1
116900208,5,175,-170
116900209,1,172,-171
116900210,161,174,-13
116900211,169,15,154
116900212,20,126,-106
116900213,98,271,-173
116900214,99,127,-28
116900215,36,102,-66
116900216,185,332,-147
116900218,7,335,-328
116900219,557,262,295
116900220,44,145,-101
116900221,31,160,-129
116900222,259,243,16
116900223,57,116,-59
116900226,17,79,-62
116900227,97,97,0
116900228,144,325,-181
116900230,46,507,-461
116900231,35,755,-720
116900232,10,980,-970
116900233,194,103,91
116900234,8,5,3
116900235,190,525,-335
116900238,1641,540,1101
116900239,21,702,-681
116900240,8871,2057,6814
116900241,15,156,-141
116900242,1893,233,1660
116900243,0,72,-72
116900245,24,4,20
116900246,26,13,13
116900247,160,12,148
116900248,49,20,29
116900249,93,139,-46
116900250,104,39,65
116900251,546,216,330
116900252,35,1456,-1421
116900254,12,90,-78
116900255,38,23,15
116900256,104,110,-6
116900257,4,940,-936
116900258,0,461,-461
116900259,29,4,25
116900260,2,169,-167
116900261,21,0,21
116900262,41,115,-74
116900263,1,10,-9
116900264,30,18,12
116900265,10,0,10
116900266,11,130,-119
116900267,0,1,-1
116900268,41,3,38
116900269,211,528,-317
116900271,1203,66,1137
116900272,581,812,-231
116900273,458,55,403
116900274,45,119,-74
116900275,30,189,-159
116900276,542,51,491
116900277,702,5,697
116900278,0,15,-15
116900279,0,25,-25
116900280,7,43,-36
116900281,9775,1887,7888
116900282,6,232,-226
116900283,10,328,-318
116900284,6,252,-246
116900285,407,236,171
116900286,153,8,145
116900287,1,138,-137
116900288,40,258,-218
116900289,4,38,-34
116900290,4,67,-63
116900291,2,25,-23
116900292,0,7,-7
116900293,14,104,-90
116900294,40,138,-98
116900295,221,38,183
116900296,93,75,18
116900297,6,49,-43
116900298,166,40,126
116900299,59,45,14
116900300,3,101,-98
116900301,61,102,-41
116900302,80,39,41
116900303,426,40,386
116900304,0,90,-90
116900305,59,75,-16
116900306,57,366,-309
116900307,27,0,27
116900308,5,355,-350
116900309,27,202,-175
116900310,7,73,-66
117000001,1313,1188,125
117000002,2097,5277,-3180
117000003,7843,2223,5620
117000004,4701,7026,-2325
117000005,1583,1185,398
117000006,1167,6367,-5200
117000007,1915,1096,819
117000008,1456,6433,-4977
117000009,3086,1310,1776
117000010,2791,5862,-3071
117000011,1184,2010,-826
117000012,1012,2550,-1538
117000013,1268,1504,-236
117000014,1011,3293,-2282
117000015,3563,1142,2421
117000016,1018,33,985
117000017,791,249,542
117000018,262,266,-4
117000019,281,10,271
117000020,843,893,-50
117000021,4167,728,3439
117000022,754,71,683
117000023,1033,173,860
117000024,773,95,678
117000025,1804,534,1270
117000026,5449,882,4567
117000027,2435,1608,827
117000028,3747,796,2951
117000030,814,800,14
117000031,263,260,3
117000032,2295,1699,596
117000033,1391,1060,331
117000034,377,537,-160
117000035,325,275,50
117000036,475,503,-28
117000037,359,232,127
117000038,425,668,-243
117000039,415,306,109
117000040,89,1696,-1607
117000041,297,107,190
117000044,61,2183,-2122
117000045,305,32,273
117000046,561,1172,-611
117000047,787,330,457
117000048,2809,2382,427
117000049,123,372,-249
117000050,100,3712,-3612
117000051,1219,193,1026
117000052,13,857,-844
117000053,97,120,-23
117000054,925,8,917
117000055,110,4729,-4619
117000056,251,15,236
117000057,592,2791,-2199
117000060,285,1967,-1682
117000061,1251,858,393
117000062,132,628,-496
117000063,1616,720,896
117000064,1071,1395,-324
117000066,1013,792,221
117000067,239,252,-13
117000074,97,142,-45
117000076,87,83,4
117000077,80,64,16
117000078,161,985,-824
117000079,214,215,-1
117000080,0,469,-469
117000081,697,124,573
117000082,38,72,-34
117000083,447,285,162
117000084,383,3,380
117000085,136,476,-340
117000086,909,855,54
117000087,269,569,-300
117000088,288,248,40
117000089,987,293,694
117000090,218,2124,-1906
117000091,389,292,97
117000092,297,2542,-2245
117000093,598,744,-146
117000094,851,3531,-2680
117000095,1725,808,917
117000096,529,3542,-3013
117000097,734,1166,-432
117000098,3020,7533,-4513
117000099,1799,841,958
117000100,173,148,25
117000101,180,1679,-1499
117000102,941,509,432
117000103,818,2550,-1732
117000104,897,523,374
117000105,974,2787,-1813
117000106,946,825,121
117000107,472,2981,-2509
117000108,1154,902,252
117000109,1870,3405,-1535
117000110,797,629,168
117000111,3754,6082,-2328
117000112,2068,2407,-339
117000113,45,518,-473
117000114,129,179,-50
117000115,58,246,-188
117000116,76,325,-249
117000117,1701,410,1291
117000118,391,206,185
117000119,573,85,488
117000120,604,204,400
117000121,86,842,-756
117000122,600,1105,-505
117000123,2297,25,2272
117000124,736,39,697
117000125,751,66,685
117000126,113,39,74
117000127,265,414,-149
117000128,615,710,-95
117000129,1175,406,769
117000130,75,2,73
117000131,1,434,-433
117000132,659,62,597
117000133,501,127,374
117000134,1,100,-99
117000135,6,25,-19
117000136,1,57,-56
117000137,69,59,10
117000138,2,704,-702
117000140,634,2412,-1778
117000141,1364,617,747
117000181,1603,684,919
117000182,339,153,186
117000195,177,1776,-1599
117000196,88,43,45
117000225,345,4,341
117000226,11,137,-126
117000276,87,5,82
117000277,2,980,-978
117000310,2447,3276,-829
117000315,32,1522,-1490
117000320,80,0,80
117000906,138,4,134
117000907,5,812,-807
117000909,98,31,67
117000910,132,127,5
117000911,86,242,-156
117000915,12,970,-958
117000916,7,4,3
117000917,323,4,319
117000918,113,81,32
117000919,8,231,-223
117000920,6,2254,-2248
117000921,10,3047,-3037
117000922,98,153,-55
117000924,441,572,-131
117000926,1477,68,1409
117000927,1783,439,1344
117000928,1,500,-499
117000929,89,1296,-1207
117000930,143,18,125
117000931,597,140,457
117900002,244,368,-124
117900003,818,419,399
117900005,12,21,-9
117900006,1,37,-36
117900007,81,199,-118
117900008,1,123,-122
117900010,703,178,525
117900011,30,28,2
117900012,53,209,-156
117900013,5,556,-551
117900014,1445,354,1091
117900015,55,328,-273
117900016,2335,398,1937
117900017,1071,903,168
117900018,347,70,277
117900019,222,1043,-821
117900020,63,229,-166
117900021,38,162,-124
117900023,831,328,503
117900024,75,175,-100
117900025,9,9,0
117900026,184,890,-706
117900028,114,5,109
117900029,132,2268,-2136
117900031,264,145,119
117900032,357,373,-16
117900033,117,1523,-1406
117900034,104,81,23
117900035,107,43,64
117900036,163,1144,-981
117900037,31,115,-84
117900038,21,568,-547
117900039,3,108,-105
117900040,78,980,-902
117900041,3,72,-69
117900042,6190,533,5657
117900043,43,89,-46
117900044,58,5259,-5201
117900045,118,88,30
117900048,121,402,-281
117900049,120,1470,-1350
117900050,12,93,-81
117900051,58,2,56
117900052,56,243,-187
117900053,496,875,-379
117900054,0,12,-12
117900055,167,423,-256
117900056,221,51,170
117900057,742,1521,-779
117900058,97,12,85
117900059,598,77,521
117900060,446,6874,-6428
117900061,10,260,-250
117900063,196,341,-145
117900065,484,1387,-903
117900066,5,36,-31
117900067,231,449,-218
117900069,533,739,-206
117900070,334,4,330
117900071,84,180,-96
117900073,183,674,-491
117900074,339,9,330
117900075,81,110,-29
117900076,14,63,-49
117900077,115,126,-11
117900078,132,268,-136
117900080,204,42,162
117900081,518,533,-15
117900082,195,138,57
117900083,177,1175,-998
117900086,161,43,118
117900087,42,62,-20
117900088,2632,2420,212
117900089,818,298,520
117900090,603,1677,-1074
117900091,283,126,157
117900092,29,24,5
117900093,18,100,-82
117900094,9,5,4
117900095,496,1890,-1394
117900096,23,240,-217
117900097,55,101,-46
117900098,7,2,5
117900099,181,734,-553
117900100,82,0,82
117900101,443,810,-367
117900102,31,54,-23
117900103,10,2,8
117900104,30,226,-196
117900105,99,468,-369
117900106,70,46,24
117900107,5,0,5
117900109,255,282,-27
117900110,22,0,22
117900111,196,8,188
117900112,44,5,39
117900113,6434,2081,4353
117900114,1,0,1
117900115,328,48,280
117900116,995,1035,-40
117900117,183,370,-187
117900118,11,0,11
117900119,54,410,-356
117900120,62,357,-295
117900121,55,65,-10
117900122,1364,1231,133
117900123,806,1247,-441
117900124,429,708,-279
117900125,906,655,251
117900126,231,874,-643
117900127,295,908,-613
117900128,169,1515,-1346
117900129,18,1,17
117900130,678,582,96
117900131,2,133,-131
117900132,3,145,-142
117900133,0,161,-161
117900134,23,207,-184
117900135,26,287,-261
117900136,0,79,-79
117900137,15,337,-322
117900138,0,56,-56
117900139,29,226,-197
117900140,8030,59,7971
117900141,297,374,-77
117900142,517,8,509
117900144,159,107,52
117900145,87,14,73
117900146,251,81,170
117900147,72,57,15
117900148,3743,887,2856
117900149,29,214,-185
117900150,10,114,-104
117900151,30,261,-231
117900152,104,115,-11
117900153,17,130,-113
117900154,420,1059,-639
117900156,878,1104,-226
117900157,66,534,-468
117900158,114,69,45
117900160,302,197,105
117900161,2285,3351,-1066
117900162,254,574,-320
117900163,253,31,222
117900165,0,20,-20
117900166,80,181,-101
117900168,71,184,-113
117900169,0,159,-159
117900170,1,40,-39
117900171,5,14,-9
117900172,35,36,-1
117900173,141,34,107
117900174,24,57,-33
117900175,1,32,-31
117900176,1,53,-52
117900177,7,115,-108
117900178,98,42,56
117900180,265,26,239
117900181,192,200,-8
117900182,2,23,-21
117900183,26,125,-99
117900184,3,29,-26
117900185,4,18,-14
117900186,17,9,8
117900187,5,14,-9
117900188,95,32,63
117900189,51,25,26
117900190,5,1,4
117900191,49,0,49
117900192,118,1,117
117900193,0,42,-42
117900194,2,9,-7
117900195,1,19,-18
117900196,11,14,-3
117900207,128,78,50
117900208,10,39,-29
117900209,155,192,-37
117900210,107,213,-106
117900211,9,230,-221
117900212,56,145,-89
117900213,9,7,2
117900214,2,53,-51
117900215,36,124,-88
117900216,117,45,72
117900217,131,77,54
117900218,288,269,19
117900219,5,54,-49
117900220,178,79,99
117900222,119,286,-167
117900223,141,219,-78
118000001,600,382,218
118000002,1079,1682,-603
118000003,2570,1226,1344
118000004,3028,1609,1419
118000005,4535,2345,2190
118000006,5951,6475,-524
118000007,5504,1778,3726
118000008,4687,2325,2362
118000009,2754,2125,629
118000010,2295,3402,-1107
118000011,590,3162,-2572
118000012,833,3382,-2549
118000013,3505,3224,281
118000014,1650,4407,-2757
118000016,156,403,-247
118000017,151,326,-175
118000018,194,572,-378
118000019,1776,1354,422
118000020,866,1174,-308
118000021,607,1426,-819
118000022,1421,582,839
118000023,959,325,634
118000024,1176,546,630
118000027,15589,6074,9515
118000029,764,485,279
118000032,1410,2339,-929
118000033,1836,2066,-230
118000034,4513,1658,2855
118000035,1083,1362,-279
118000036,1164,985,179
118000037,528,1119,-591
118000038,72,149,-77
118000039,70,454,-384
118000040,1123,3011,-1888
118000041,1499,1522,-23
118000045,631,51,580
118000046,2166,444,1722
118000047,2334,473,1861
118000048,3709,898,2811
118000051,1542,524,1018
118000052,944,335,609
118000053,410,269,141
118000054,1297,943,354
118000055,802,1670,-868
118000056,138,262,-124
118000057,98,306,-208
118000058,3327,1119,2208
118000059,2570,596,1974
118000060,661,734,-73
118000061,466,1218,-752
118000062,353,267,86
118000063,223,364,-141
118000064,849,997,-148
118000065,4209,1410,2799
118000066,943,807,136
118000067,1124,587,537
118000068,1842,3216,-1374
118000069,3586,868,2718
118000070,6843,1089,5754
118000071,2996,4657,-1661
118000072,2073,962,1111
118000073,2674,289,2385
118000074,298,590,-292
118000075,499,242,257
118000076,1344,883,461
118000077,1133,1030,103
118000078,1967,1288,679
118000079,211,207,4
118000080,1160,844,316
118000081,1934,795,1139
118000082,324,608,-284
118000083,2394,978,1416
118000084,2216,1205,1011
118000086,198,367,-169
118000087,7054,2387,4667
118000088,1426,1705,-279
118000089,4560,2195,2365
118000090,2313,2439,-126
118000091,1832,1735,97
118000092,1190,389,801
118000093,128,580,-452
118000096,422,502,-80
118000097,614,654,-40
118000098,243,217,26
118000099,198,919,-721
118000101,508,299,209
118000102,208,1289,-1081
118000107,5188,381,4807
118000108,495,1180,-685
118000110,0,25,-25
118000111,4,1221,-1217
118000112,209,4,205
118000113,10,1783,-1773
118000114,143,13,130
118000115,26,17,9
118000116,103,1,102
118000117,1361,961,400
118000118,847,569,278
118000119,427,850,-423
118000120,1389,1598,-209
118000121,181,583,-402
118000122,1394,306,1088
118000123,65,296,-231
118000125,2120,1244,876
118000126,723,989,-266
118000127,2018,619,1399
118000128,778,1180,-402
118000129,888,426,462
118000130,2791,3858,-1067
118000131,692,1222,-530
118000132,1591,1181,410
118000133,616,525,91
118000135,383,291,92
118000136,106,582,-476
118000137,837,95,742
118000138,249,1155,-906
118000139,151,183,-32
118000140,1667,2748,-1081
118000141,1094,1980,-886
118000142,840,2060,-1220
118000143,1037,1055,-18
118000144,1373,960,413
118000145,1185,2643,-1458
118000146,596,1373,-777
118000147,496,2046,-1550
118000148,429,1918,-1489
118000149,504,1492,-988
118000150,166,359,-193
118000151,171,504,-333
118000153,580,1356,-776
118000154,790,2416,-1626
118000155,598,1372,-774
118000156,2462,2273,189
118000157,373,451,-78
118000158,136,394,-258
118000159,12,54,-42
118000160,236,392,-156
118000161,242,711,-469
118000162,672,1135,-463
118000163,316,682,-366
118000164,2719,1681,1038
118000168,1404,169,1235
118000169,837,1766,-929
118000170,3133,6743,-3610
118000171,154,698,-544
118000172,128,370,-242
118000173,733,1390,-657
118000175,198,291,-93
118000176,149,308,-159
118000177,116,460,-344
118000178,224,32,192
118000179,1414,590,824
118000180,513,736,-223
118000181,673,292,381
118000182,297,227,70
118000183,233,268,-35
118000184,410,1063,-653
118000185,714,573,141
118000186,396,495,-99
118000187,604,753,-149
118000188,352,214,138
118000189,240,830,-590
118000190,16,19,-3
118000191,19,58,-39
118000192,35,53,-18
118000193,18,218,-200
118000194,2265,993,1272
118000195,713,425,288
118000196,527,75,452
118000197,223,57,166
118000198,603,265,338
118000199,778,285,493
118000200,29,246,-217
118000201,474,255,219
118000202,33,44,-11
118000203,1348,217,1131
118000204,156,139,17
118000205,1090,305,785
118000206,204,175,29
118000207,1,171,-170
118000208,659,1473,-814
118000209,1173,3026,-1853
118000210,16,20,-4
118000211,12,22,-10
118000213,644,712,-68
118000214,588,402,186
118000215,142,405,-263
118000216,1159,3564,-2405
118000217,22,100,-78
118000218,24,105,-81
118000219,284,356,-72
118000220,2,21,-19
118000221,36,213,-177
118000222,48,25,23
118000223,29,40,-11
118000224,308,95,213
118000225,95,1516,-1421
118000226,833,121,712
118000227,928,213,715
118000228,86,96,-10
118000229,210,32,178
118000230,67,286,-219
118000231,51,271,-220
118000232,375,1078,-703
118000233,445,844,-399
118000234,131,308,-177
118000236,178,492,-314
118000237,22,640,-618
118000238,69,598,-529
118000239,173,356,-183
118000240,621,54,567
118000241,50,360,-310
118000242,147,629,-482
118000243,109,236,-127
118000244,13,280,-267
118000246,47,2,45
118000255,35,194,-159
118000256,57,184,-127
118000259,4,26,-22
118000260,64,126,-62
118000261,12,109,-97
118000263,51,228,-177
118000266,63,457,-394
118000267,1,104,-103
118000268,353,0,353
118000270,13,19,-6
118000271,246,334,-88
118000272,23,7,16
118000273,43,69,-26
118000274,80,374,-294
118000276,139,315,-176
118000295,4,29,-25
118000298,90,459,-369
118000299,50,195,-145
118000301,0,92,-92
118000302,49,114,-65
118000311,154,124,30
118000312,130,194,-64
118000313,14,164,-150
118000314,32,128,-96
118000315,6,87,-81
118000316,344,719,-375
118000325,18,73,-55
118000326,8,49,-41
118000331,5,41,-36
118000332,18,30,-12
118000333,12,41,-29
118000335,132,0,132
118000336,1,415,-414
118000407,54,84,-30
118000457,10,16,-6
118000465,3241,2468,773
118000480,13,168,-155
118000489,52,90,-38
118000490,60,544,-484
118000492,163,294,-131
118000510,57,9,48
118000514,161,459,-298
118000515,460,403,57
118000517,472,201,271
118000524,741,186,555
118000525,594,757,-163
118000530,5,101,-96
118000531,110,394,-284
118000532,157,316,-159
118000533,468,185,283
118000534,557,357,200
118000535,160,146,14
118000536,703,678,25
118000537,18,55,-37
118000538,24,142,-118
118000539,9,34,-25
118000540,228,254,-26
118000541,172,108,64
118000542,42,192,-150
118000543,155,235,-80
118000546,20,22,-2
118000553,0,0,0
118000560,3058,685,2373
118000562,18,651,-633
118000563,2051,1242,809
118000576,144,231,-87
118000577,280,261,19
118000578,103,99,4
118000579,1196,971,225
118000583,0,0,0
118000595,92,83,9
118000596,0,97,-97
118000597,168,209,-41
118000598,0,0,0
118000599,37,93,-56
118000600,2,27,-25
118000601,0,0,0
118000602,0,8,-8
118000603,0,83,-83
118000605,29,949,-920
118000606,27,43,-16
118900001,1419,791,628
118900002,1106,581,525
118900003,75,18,57
118900004,16,91,-75
118900005,28,0,28
118900006,31,2,29
118900007,3,3,0
118900008,1094,40,1054
118900009,5,8,-3
118900010,33,1,32
118900011,100,16,84
118900012,209,262,-53
118900013,899,27,872
118900015,70,17,53
118900016,3,29,-26
118900017,196,275,-79
118900018,1347,15,1332
118900019,26,12,14
118900020,141,104,37
118900021,107,378,-271
118900022,73,129,-56
118900023,75,80,-5
118900024,39,218,-179
118900025,55,11,44
118900026,26,95,-69
118900027,491,298,193
118900028,85,184,-99
118900029,70,509,-439
118900030,89,82,7
118900031,68,173,-105
118900032,75,181,-106
118900033,326,1013,-687
118900034,46,6,40
118900035,54,359,-305
118900036,498,841,-343
118900037,314,312,2
118900038,315,419,-104
118900039,157,288,-131
118900040,124,145,-21
118900041,209,341,-132
118900042,142,120,22
118900045,200,186,14
118900046,590,148,442
118900047,1007,323,684
118900048,334,190,144
118900049,35,20,15
118900050,4,81,-77
118900051,152,51,101
118900052,186,273,-87
118900053,12,57,-45
118900054,67,102,-35
118900055,7,90,-83
118900056,90,188,-98
118900057,274,282,-8
118900058,225,536,-311
118900059,11,77,-66
118900060,31,291,-260
118900062,46,172,-126
118900064,563,388,175
118900065,8,127,-119
118900066,48,120,-72
118900067,6040,2008,4032
118900068,3,311,-308
118900069,255,354,-99
118900071,0,43,-43
118900072,312,422,-110
118900073,60,163,-103
118900074,72,149,-77
118900075,14,67,-53
118900076,168,58,110
118900077,94,171,-77
118900078,38,3,35
118900079,63,185,-122
118900080,11,42,-31
118900081,49,31,18
118900082,309,134,175
118900083,7,8,-1
118900084,5,14,-9
118900085,331,963,-632
118900086,25,55,-30
118900087,9,147,-138
118900088,2,4,-2
118900089,16,6,10
118900090,240,440,-200
118900091,113,107,6
118900092,48,41,7
118900093,71,12,59
118900096,116,92,24
118900097,145,1010,-865
118900099,29,425,-396
118900100,133,215,-82
118900101,21,522,-501
118900102,14,85,-71
118900103,16,36,-20
118900104,58,169,-111
118900105,95,49,46
118900107,93,89,4
118900108,30,70,-40
118900110,1148,303,845
118900111,204,741,-537
118900112,65,100,-35
118900113,125,758,-633
118900114,14,76,-62
118900115,37,399,-362
118900116,58,163,-105
118900117,35,141,-106
118900118,132,570,-438
118900119,80,417,-337
118900120,74,491,-417
118900121,6,431,-425
118900122,5,582,-577
118900123,68,248,-180
118900124,23,178,-155
118900126,34,223,-189
118900129,430,148,282
118900130,45,131,-86
118900131,69,358,-289
118900132,217,147,70
118900133,22,64,-42
118900135,102,179,-77
118900136,103,875,-772
118900137,1,14,-13
118900139,119,782,-663
118900140,256,966,-710
118900141,23,404,-381
118900144,128,791,-663
118900145,9,213,-204
118900146,122,940,-818
118900147,185,130,55
118900148,22,81,-59
118900150,576,478,98
118900152,221,933,-712
118900157,110,134,-24
118900158,24,109,-85
118900159,1,266,-265
118900161,98,3,95
118900163,366,64,302
118900164,4,141,-137
118900165,17,274,-257
118900166,19,4,15
118900167,25,211,-186
118900168,32,32,0
118900169,46,445,-399
118900170,25,99,-74
118900171,5,16,-11
118900174,29,57,-28
118900175,191,318,-127
118900176,31,131,-100
118900177,16,83,-67
118900178,14,93,-79
118900179,9,40,-31
118900181,38,120,-82
118900182,33,29,4
118900183,12,54,-42
118900184,109,21,88
118900185,75,211,-136
118900186,38,76,-38
118900187,110,346,-236
118900188,148,358,-210
118900189,37,383,-346
118900190,5,883,-878
118900191,125,54,71
118900192,67,21,46
118900193,176,9,167
118900195,245,1147,-902
118900196,6,189,-183
118900197,60,134,-74
118900198,1,38,-37
118900199,8,51,-43
118900200,4,4,0
118900201,6,3,3
118900202,12,29,-17
118900203,5,39,-34
118900204,1,13,-12
118900205,14,14,0
118900206,0,12,-12
119000001,824,1268,-444
119000002,1519,2661,-1142
119000003,941,1886,-945
119000004,1084,1524,-440
119000005,1533,2005,-472
119000006,1194,1632,-438
119000007,2285,2861,-576
119000008,1385,2167,-782
119000009,2842,2209,633
119000010,8502,3406,5096
119000011,4786,1581,3205
119000012,3018,2383,635
119000013,1443,1027,416
119000014,1847,3052,-1205
119000019,144,198,-54
119000020,734,1269,-535
119000021,2068,1866,202
119000022,3610,1493,2117
119000023,306,166,140
119000024,2065,4746,-2681
119000025,13561,927,12634
119000026,145,232,-87
119000027,311,239,72
119000028,1957,1226,731
119000029,116,215,-99
119000030,342,1244,-902
119000031,439,514,-75
119000032,1804,1909,-105
119000033,1322,1775,-453
119000034,611,1037,-426
119000035,41,390,-349
119000036,664,1421,-757
119000037,670,2637,-1967
119000038,94,1562,-1468
119000039,132,337,-205
119000040,1328,431,897
119000041,1148,1143,5
119000048,2862,4610,-1748
119000049,1101,4644,-3543
119000050,1468,2742,-1274
119000051,1616,1007,609
119000052,2682,3290,-608
119000053,1141,1042,99
119000054,1996,5178,-3182
119000055,2104,3965,-1861
119000056,1169,2103,-934
119000057,890,3287,-2397
119000058,1271,2695,-1424
119000059,757,1902,-1145
119000060,700,698,2
119000061,663,890,-227
119000062,717,1084,-367
119000063,235,271,-36
119000064,1593,1775,-182
119000065,1682,2753,-1071
119000066,1061,858,203
119000067,1707,3176,-1469
119000068,784,997,-213
119000069,1057,3207,-2150
119000070,1317,1198,119
119000071,629,1046,-417
119000072,7864,4073,3791
119000073,4431,4546,-115
119000074,619,5448,-4829
119000075,652,2551,-1899
119000076,384,819,-435
119000077,458,463,-5
119000078,213,540,-327
119000079,125,948,-823
119000080,104,246,-142
119000081,108,404,-296
119000082,241,252,-11
119000083,209,343,-134
119000084,199,676,-477
119000085,698,374,324
119000086,187,335,-148
119000087,1664,928,736
119000088,196,203,-7
119000089,40,100,-60
119000090,136,147,-11
119000091,145,183,-38
119000092,503,227,276
119000093,4285,4382,-97
119000094,1451,5314,-3863
119000095,889,3891,-3002
119000097,2831,1820,1011
119000098,443,1370,-927
119000099,1964,2044,-80
119000100,1730,1876,-146
119000101,1432,1772,-340
119000102,477,521,-44
119000103,868,367,501
119000104,4146,1724,2422
119000105,532,897,-365
119000106,158,2547,-2389
119000107,255,551,-296
119000108,166,1927,-1761
119000109,66,225,-159
119000110,270,343,-73
119000111,26,381,-355
119000112,126,49,77
119000113,1608,230,1378
119000114,657,547,110
119000115,167,161,6
119000116,89,51,38
119000117,72,315,-243
119000118,0,5,-5
119000123,2941,554,2387
119000124,248,264,-16
119000125,1220,1342,-122
119000126,357,1345,-988
119000127,286,1380,-1094
119000128,10,2,8
119000131,396,1555,-1159
119000132,1,3,-2
119000133,1,10,-9
119000134,3606,602,3004
119000135,49,275,-226
119000136,78,335,-257
119000137,55,754,-699
119000138,103,542,-439
119000139,148,286,-138
119000140,88,224,-136
119000284,1178,2482,-1304
119000285,2406,1962,444
119000286,5849,4192,1657
119000287,1150,2149,-999
119000288,1576,1763,-187
119000289,2118,4219,-2101
119000290,88,605,-517
119000291,6,362,-356
119000293,57,235,-178
119000294,49,46,3
119000295,2792,640,2152
119000296,95,87,8
119000302,4975,1173,3802
119000303,58,260,-202
119000314,1039,4341,-3302
119000315,2,860,-858
119000316,33,143,-110
119000317,17,684,-667
119000319,172,696,-524
119900001,84,608,-524
119900002,58,270,-212
119900003,67,1373,-1306
119900004,372,255,117
119900005,43,197,-154
119900006,85,275,-190
119900007,539,54,485
119900008,32,17,15
119900009,224,454,-230
119900010,615,971,-356
119900011,10,33,-23
119900012,10,34,-24
119900013,1186,464,722
119900014,345,200,145
119900015,15,12,3
119900016,44,99,-55
119900017,10,41,-31
119900018,1433,242,1191
119900019,7,8,-1
119900020,33,108,-75
119900021,59,40,19
119900022,158,185,-27
119900023,1037,462,575
119900025,55,17,38
119900026,889,46,843
119900027,3,32,-29
119900028,222,30,192
119900029,0,10,-10
119900030,222,549,-327
119900031,19,152,-133
119900033,1368,132,1236
119900034,113,144,-31
119900037,49,25,24
119900038,12,105,-93
119900039,19,2,17
119900040,45,8,37
119900041,36,76,-40
119900042,32,194,-162
119900043,30,235,-205
119900044,107,227,-120
119900046,42,57,-15
119900047,114,31,83
119900049,21,13,8
119900050,22,23,-1
119900051,396,15,381
119900052,14,47,-33
119900053,72,285,-213
119900054,24,1,23
119900055,381,242,139
119900057,30,36,-6
119900058,67,1,66
119900059,85,34,51
119900060,100,3,97
119900061,54,3,51
119900062,11,19,-8
119900063,12,36,-24
119900065,117,1,116
119900067,15,16,-1
119900068,167,2,165
119900069,33,15,18
119900070,232,6,226
119900071,181,17,164
119900073,1934,336,1598
119900074,15,10,5
119900075,6802,1274,5528
119900076,16,76,-60
119900077,232,1689,-1457
119900078,176,817,-641
119900079,38,431,-393
119900080,206,339,-133
119900081,160,4,156
119900082,338,12,326
119900083,239,48,191
119900084,613,261,352
119900085,180,40,140
119900086,154,1342,-1188
119900087,275,195,80
119900088,33,41,-8
119900089,6,809,-803
119900090,150,36,114
119900091,35,1816,-1781
119900092,9,438,-429
119900093,667,115,552
119900094,24,313,-289
119900095,110,74,36
119900096,20,76,-56
119900097,512,168,344
119900098,20,69,-49
119900099,9,260,-251
119900100,3399,1306,2093
119900101,198,659,-461
119900102,13,333,-320
119900103,11,498,-487
119900104,8,178,-170
119900105,289,1147,-858
119900106,9,281,-272
119900107,307,5190,-4883
119900108,1911,710,1201
119900109,19,372,-353
119900110,285,978,-693
119900111,48,781,-733
119900112,4216,404,3812
119900113,67,492,-425
119900114,113,2647,-2534
119900115,80,1768,-1688
119900116,60,234,-174
119900117,113,1156,-1043
119900118,18,1652,-1634
119900119,91,333,-242
119900120,363,746,-383
119900121,110,2012,-1902
119900122,263,380,-117
119900123,127,281,-154
119900124,74,1346,-1272
119900125,14,460,-446
119900126,5987,121,5866
119900127,3298,884,2414
119900128,198,1084,-886
119900129,63,1312,-1249
119900130,27,298,-271
119900131,20,389,-369
119900132,7,728,-721
119900133,12,31,-19
119900134,3050,227,2823
119900135,1,855,-854
119900136,120,635,-515
119900138,344,621,-277
119900139,15,54,-39
119900140,0,167,-167
119900141,141,302,-161
119900142,0,8,-8
119900143,11,287,-276
119900144,2249,194,2055
119900145,18,292,-274
119900146,99,118,-19
119900147,13,99,-86
119900148,53,42,11
119900149,1846,1560,286
119900150,117,186,-69
119900151,1279,546,733
119900152,58,500,-442
119900153,40,61,-21
119900154,14,1564,-1550
119900155,7,37,-30
119900156,4,2,2
119900157,33,370,-337
119900158,37,40,-3
119900159,7,2466,-2459
119900160,14,279,-265
119900161,193,365,-172
119900162,472,516,-44
119900163,74,73,1
119900164,0,1,-1
119900165,48,429,-381
119900166,25,16,9
119900167,116,129,-13
119900168,352,407,-55
119900169,108,217,-109
119900170,85,102,-17
119900171,381,609,-228
119900172,53,11,42
119900173,2,646,-644
119900174,2,310,-308
119900175,407,735,-328
119900177,40,249,-209
119900178,3,254,-251
119900179,39,153,-114
119900180,610,549,61
119900181,18,20,-2
119900182,3,666,-663
119900183,89,1086,-997
119900184,3538,566,2972
119900185,5,49,-44
119900186,44,253,-209
119900187,1,817,-816
119900188,20,285,-265
119900189,277,169,108
119900190,34,92,-58
119900191,231,107,124
119900192,12,257,-245
119900193,120,213,-93
119900194,2,30,-28
119900195,11,206,-195
119900196,1785,423,1362
119900197,48,97,-49
119900198,36,512,-476
119900199,75,10,65
119900200,194,494,-300
119900201,312,121,191
119900202,159,69,90
119900203,79,227,-148
119900204,74,267,-193
119900205,244,864,-620
119900206,35,142,-107
119900208,130,142,-12
119900209,224,516,-292
119900210,11,56,-45
119900211,51,8,43
119900212,132,1025,-893
119900213,5,30,-25
119900214,11,85,-74
119900215,30,90,-60
119900216,3,99,-96
119900217,7,58,-51
119900218,12,75,-63
119900219,5,165,-160
119900220,4,156,-152
119900221,13,488,-475
119900222,2,338,-336
119900223,20,97,-77
119900224,18,39,-21
119900225,1193,33,1160
119900226,786,694,92
119900227,1029,305,724
119900228,10,290,-280
119900229,213,327,-114
119900230,1507,659,848
119900231,49,260,-211
119900232,91,49,42
119900233,12,2,10
119900234,15,13,2
119900235,6,19,-13
119900236,16,275,-259
119900237,22,672,-650
119900238,0,85,-85
119900240,34,108,-74
119900241,118,216,-98
119900242,2171,1188,983
119900244,807,782,25
119900245,70,107,-37
119900246,143,265,-122
119900247,7,23,-16
119900248,39,70,-31
119900249,101,35,66
119900253,5188,293,4895
119900254,40,229,-189
119900255,34,482,-448
119900256,110,1577,-1467
119900257,13,2,11
119900258,12,3,9
119900259,4,324,-320
119900260,24,1,23
119900261,116,224,-108
119900262,1,377,-376
119900263,873,307,566
119900264,25,386,-361
119900265,139,411,-272
119900266,108,352,-244
119900267,112,317,-205
119900268,53,279,-226
119900269,240,1675,-1435
119900271,15,93,-78
119900272,102,33,69
119900275,37,0,37
119900276,14,2,12
119900277,4,0,4
119900278,225,33,192
119900279,91,113,-22
119900280,1326,211,1115
119900281,1,65,-64
119900282,20,24,-4
119900283,7,398,-391
119900284,43,131,-88
119900285,12,47,-35
119900286,3,3,0
119900288,4,38,-34
119900289,0,46,-46
119900290,0,47,-47
119900291,0,16,-16
119900292,10,26,-16
119900293,12,82,-70
119900294,3,50,-47
119900295,14,77,-63
119900296,7,293,-286
119900297,0,20,-20
119900298,1,3,-2
119900299,20,423,-403
119900300,71,304,-233
119900301,51,44,7
119900302,19,34,-15
119900303,83,309,-226
119900304,60,19,41
119900305,24,99,-75
119900306,5,0,5
119900307,10,205,-195
119900308,2,11,-9
119900309,2,31,-29
119900310,126,343,-217
119900311,16,256,-240
119900312,38,105,-67
119900313,83,435,-352
119900314,35,186,-151
119900315,500,3718,-3218
119900318,11,19,-8
119900319,1,398,-397
119900320,28,964,-936
119900321,15,0,15
120000001,8874,9359,-485
120000002,1832,3507,-1675
120000003,3042,2096,946
120000004,2578,2646,-68
120000005,4372,2028,2344
120000006,1020,1322,-302
120000007,3271,2343,928
120000008,1099,1479,-380
120000009,6290,819,5471
120000010,1755,3740,-1985
120000011,1214,2509,-1295
120000012,1064,3306,-2242
120000013,1991,3318,-1327
120000014,533,1963,-1430
120000015,2364,1562,802
120000016,2438,3267,-829
120000017,1888,2219,-331
120000018,5811,6665,-854
120000019,637,1396,-759
120000020,2982,2788,194
120000021,1934,1769,165
120000022,2206,2982,-776
120000023,596,1616,-1020
120000024,1056,2149,-1093
120000025,1726,2527,-801
120000026,569,2150,-1581
120000027,889,1579,-690
120000028,637,379,258
120000029,1754,438,1316
120000030,114,589,-475
120000031,1359,4549,-3190
120000032,11960,3524,8436
120000033,2823,2150,673
120000034,1112,2803,-1691
120000035,1298,3408,-2110
120000036,2314,4460,-2146
120000037,496,817,-321
120000038,13212,3285,9927
120000039,368,1314,-946
120000040,48,116,-68
120000041,355,2175,-1820
120000042,1206,5307,-4101
120000043,3104,3316,-212
120000044,2676,1190,1486
120000045,2434,956,1478
120000046,1507,1515,-8
120000047,2508,2264,244
120000048,9312,3932,5380
120000049,3060,3778,-718
120000050,2859,5920,-3061
120000051,3696,3931,-235
120000052,20385,2815,17570
120000053,953,6491,-5538
120000054,1253,9731,-8478
120000055,1224,7227,-6003
120000056,2190,6183,-3993
120000057,1130,1015,115
120000058,364,227,137
120000059,11,763,-752
120000061,74,626,-552
120000062,188,232,-44
120000063,1714,3710,-1996
120000064,222,2333,-2111
120000065,339,2766,-2427
120000066,184,486,-302
120000067,23,767,-744
120000068,156,1714,-1558
120000069,567,2219,-1652
120000070,17,1377,-1360
120000071,162,260,-98
120000072,193,715,-522
120000073,306,83,223
120000074,25,78,-53
120000075,200,304,-104
120000076,657,448,209
120000077,726,482,244
120000078,2134,670,1464
120000079,138,1098,-960
120000080,138,315,-177
120000081,156,226,-70
120000082,154,269,-115
120000083,102,306,-204
120000084,522,712,-190
120000085,271,596,-325
120000086,319,1133,-814
120000087,188,2150,-1962
120000088,523,1742,-1219
120000089,798,621,177
120000090,274,689,-415
120000091,408,986,-578
120000092,757,655,102
120000093,189,576,-387
120000094,86,439,-353
120000095,693,997,-304
120000096,167,1747,-1580
120000098,446,1240,-794
120000099,192,916,-724
120000100,581,1034,-453
120000101,477,652,-175
120000102,323,457,-134
120000103,598,375,223
120000104,940,251,689
120000105,1305,379,926
120000106,915,368,547
120000107,1332,406,926
120000108,462,111,351
120000109,546,54,492
120000110,115,1430,-1315
120000111,130,2105,-1975
120000112,764,6706,-5942
120000113,419,4789,-4370
120000114,805,4865,-4060
120000115,306,4011,-3705
120000116,583,3039,-2456
120000117,1824,2122,-298
120000118,38,47,-9
120000119,42,164,-122
120000120,61,59,2
120000121,206,172,34
120000122,301,306,-5
120000123,7757,2973,4784
120000124,325,607,-282
120000125,306,766,-460
120000126,242,835,-593
120000127,1675,889,786
120000128,4077,2321,1756
120000129,267,389,-122
120000130,609,1225,-616
120000131,225,568,-343
120000134,388,1857,-1469
120000135,121,290,-169
120000137,96,3481,-3385
120000138,237,541,-304
120000139,118,1696,-1578
120000140,231,719,-488
120000141,98,823,-725
120000142,168,769,-601
120000143,0,125,-125
120000144,16,2,14
120000145,128,1,127
120000146,3080,743,2337
120000149,511,1155,-644
120000150,5750,6439,-689
120000151,302,623,-321
120000152,282,456,-174
120000153,65,1285,-1220
120000154,342,376,-34
120000155,143,320,-177
120000156,4199,897,3302
120000157,944,914,30
120000158,578,1429,-851
120000159,1625,2243,-618
120000160,1515,1348,167
120000161,938,3103,-2165
120000162,108,236,-128
120000163,263,2267,-2004
120000164,216,689,-473
120000165,178,1594,-1416
120000166,459,839,-380
120000167,25,32,-7
120000168,9,92,-83
120000169,116,259,-143
120000170,149,168,-19
120000171,26,52,-26
120000172,31,39,-8
120000173,2612,230,2382
120000174,697,14,683
120000175,716,5,711
120000176,318,55,263
120000177,930,324,606
120000178,53,5,48
120000179,298,29,269
120000180,360,23,337
120000181,73,118,-45
120000182,68,98,-30
120000183,5,126,-121
120000184,86,799,-713
120000186,68,53,15
120000187,57,31,26
120000188,272,65,207
120000190,1098,13,1085
120000191,2109,28,2081
120000192,1913,16,1897
120000193,462,3,459
120000195,70,1,69
120000196,121,48,73
120000197,51,111,-60
120000198,107,257,-150
120000199,26,1,25
120000200,44,0,44
120000201,6,10,-4
120000202,0,80,-80
120000203,32,530,-498
120000207,2,125,-123
120000208,17,471,-454
120000209,4,141,-137
120000210,257,107,150
120000211,33,2,31
120000212,44,3,41
120000213,54,617,-563
120000214,2,645,-643
120000215,5,197,-192
120000216,20,6,14
120000217,822,1535,-713
120000218,268,1715,-1447
120000219,7,1084,-1077
120000220,22,3944,-3922
120000225,496,0,496
120000226,121,1,120
120000227,391,10,381
120000228,8331,1602,6729
120000230,100,14,86
120000231,496,3341,-2845
120000233,140,41,99
120000235,70,1102,-1032
120000236,401,0,401
120000237,4,2834,-2830
120000238,12,106,-94
120000241,885,3539,-2654
120000412,622,10,612
120000413,84,515,-431
120000414,38,1,37
120000415,0,223,-223
120000416,27,3,24
120000417,5,113,-108
120000418,47,19,28
120000419,12,805,-793
120000420,555,82,473
120000421,16823,5786,11037
120000422,278,388,-110
120000423,4,44,-40
120000424,31,291,-260
120000436,108,382,-274
120000437,253,240,13
120000438,6925,389,6536
120000439,95,237,-142
120000443,59,0,59
120000444,558,928,-370
120000445,1327,1823,-496
120000446,1529,511,1018
120000447,70,10,60
120000449,49,11,38
120000450,8,558,-550
120000451,114,322,-208
120000452,38,1,37
120000453,0,432,-432
120000454,130,79,51
120000455,105,89,16
120000456,3484,1994,1490
120000457,1282,1452,-170
120000458,609,1027,-418
120000459,55,134,-79
120000665,888,113,775
120000668,68,127,-59
120000669,81,671,-590
120000670,176,418,-242
120000671,537,260,277
120000672,96,514,-418
120900001,37,42,-5
120900002,220,181,39
120900003,128,27,101
120900004,9,60,-51
120900005,9,3974,-3965
120900006,141,187,-46
120900007,73,207,-134
120900008,90,1490,-1400
120900009,536,83,453
120900010,178,39,139
120900011,397,85,312
120900012,1460,487,973
120900013,115,25,90
120900014,2,1094,-1092
120900015,193,79,114
120900016,243,52,191
120900017,3948,103,3845
120900018,28,589,-561
120900019,364,103,261
120900020,862,544,318
120900021,302,35,267
120900022,28,486,-458
120900023,77,41,36
120900024,1026,364,662
120900025,1963,931,1032
120900026,55,194,-139
120900027,545,91,454
120900028,135,25,110
120900029,108,187,-79
120900030,574,385,189
120900031,74,50,24
120900032,381,219,162
120900033,532,17,515
120900034,39,1519,-1480
120900035,23,56,-33
120900037,82,6,76
120900038,29,115,-86
120900039,37,21,16
120900040,88,4,84
120900041,171,42,129
120900042,126,101,25
120900043,10,23,-13
120900044,7,523,-516
120900045,85,137,-52
120900046,182,7,175
120900047,69,43,26
120900048,51,7,44
120900049,93,1,92
120900050,5341,1038,4303
120900051,172,116,56
120900052,159,6,153
120900053,70,104,-34
120900054,1230,929,301
120900055,149,2,147
120900056,192,11,181
120900057,40,10,30
120900058,131,2,129
120900059,24,1,23
120900060,22,40,-18
120900061,156,453,-297
120900062,74,0,74
120900063,211,0,211
120900064,201,0,201
120900065,159,6,153
120900066,62,257,-195
120900067,116,19,97
120900068,92,0,92
120900069,126,80,46
120900071,3,0,3
120900072,326,4,322
120900073,154,126,28
120900074,158,1,157
120900076,93,1,92
120900077,4107,172,3935
120900078,262,1449,-1187
120900079,196,66,130
120900080,238,3923,-3685
120900081,413,38,375
120900082,629,206,423
120900083,22,1,21
120900084,140,193,-53
120900085,116,126,-10
120900086,170,147,23
120900087,182,96,86
120900088,137,133,4
120900089,6372,1228,5144
120900090,61,287,-226
120900091,358,249,109
120900092,1141,992,149
120900093,6089,309,5780
120900094,497,278,219
120900095,117,35,82
120900096,12,135,-123
120900097,494,1531,-1037
120900098,294,212,82
120900099,43,68,-25
120900100,32,614,-582
120900101,658,396,262
120900102,13,88,-75
120900103,31,161,-130
120900104,25,58,-33
120900105,50,1109,-1059
120900106,1429,718,711
120900107,384,128,256
120900108,4,1498,-1494
120900109,34,1039,-1005
120900110,33,662,-629
120900111,70,588,-518
120900112,8,2448,-2440
120900113,14,1354,-1340
120900114,33,237,-204
120900115,136,143,-7
120900116,81,1058,-977
120900117,2,899,-897
120900118,6,1354,-1348
120900119,2974,3586,-612
120900120,24,1027,-1003
120900121,64,545,-481
120900122,112,1127,-1015
120900123,2,785,-783
120900124,1,1172,-1171
120900125,2,1962,-1960
120900126,1602,1106,496
120900127,6,905,-899
120900128,991,1428,-437
120900129,37,518,-481
120900130,1,195,-194
120900131,21,61,-40
120900132,310,486,-176
120900133,209,1679,-1470
120900134,593,634,-41
120900135,7,1088,-1081
120900136,7,23,-16
120900137,76,172,-96
120900138,12,306,-294
120900139,2,1400,-1398
120900140,0,44,-44
120900141,41,94,-53
120900142,21,1479,-1458
120900143,7,1710,-1703
120900144,0,357,-357
120900145,38,1323,-1285
120900146,11,1717,-1706
120900147,2,370,-368
120900148,72,160,-88
120900149,0,654,-654
120900150,7,1014,-1007
120900151,23,1144,-1121
120900152,37,37,0
120900153,1,78,-77
120900154,2,675,-673
120900155,78,1754,-1676
120900156,57,546,-489
120900157,21,314,-293
120900158,15,696,-681
120900159,74,505,-431
120900160,41,474,-433
120900161,20,714,-694
120900162,22,865,-843
120900163,17,135,-118
120900164,0,1,-1
120900165,0,0,0
120900166,33,103,-70
120900167,234,83,151
120900169,24,708,-684
120900170,4068,1154,2914
120900171,1119,437,682
120900172,918,171,747
120900173,2,80,-78
120900174,5,146,-141
120900175,221,211,10
120900176,3,168,-165
120900177,1,429,-428
120900178,89,123,-34
120900179,973,569,404
120900180,63,63,0
120900181,14,49,-35
120900182,8,439,-431
120900183,415,147,268
120900184,117,87,30
120900185,2,381,-379
120900186,1,860,-859
120900187,167,792,-625
120900188,43,9,34
120900189,197,424,-227
120900190,28,14,14
120900191,0,17,-17
120900192,18616,2163,16453
120900194,23,82,-59
120900195,138,353,-215
120900196,504,62,442
120900197,201,50,151
120900198,200,926,-726
120900199,139,123,16
120900200,70,106,-36
120900201,734,122,612
120900202,1,360,-359
120900203,20,68,-48
120900204,258,541,-283
120900205,35,80,-45
120900206,6,14,-8
120900207,32,1636,-1604
121000001,943,1225,-282
121000002,2583,1469,1114
121000003,3703,1925,1778
121000004,1763,5031,-3268
121000005,1863,2481,-618
121000006,2284,1231,1053
121000007,3013,3017,-4
121000008,6293,2805,3488
121000009,5443,5146,297
121000010,7595,4424,3171
121000011,7288,9752,-2464
121000012,11973,6910,5063
121000013,4809,5951,-1142
121000014,6472,5888,584
121000015,4655,5154,-499
121000016,4483,4267,216
121000017,1550,2943,-1393
121000018,1218,1422,-204
121000019,18095,8512,9583
121000020,10285,8039,2246
121000021,2310,2857,-547
121000022,1115,1364,-249
121000023,2748,3032,-284
121000024,1853,2647,-794
121000025,575,892,-317
121000026,272,94,178
121000027,1127,816,311
121000028,545,414,131
121000029,696,677,19
121000030,346,360,-14
121000031,578,560,18
121000032,106,47,59
121000034,447,159,288
121000035,253,76,177
121000036,1037,774,263
121000037,573,656,-83
121000038,607,420,187
121000039,329,183,146
121000041,327,328,-1
121000042,188,370,-182
121000043,693,711,-18
121000044,1668,590,1078
121000045,213,354,-141
121000046,214,806,-592
121000047,151,234,-83
121000049,1626,563,1063
121000050,252,916,-664
121000051,497,261,236
121000052,183,683,-500
121000053,382,69,313
121000054,31,247,-216
121000055,1257,1145,112
121000056,587,838,-251
121000057,104,244,-140
121000058,339,60,279
121000059,1550,886,664
121000060,341,758,-417
121000061,170,118,52
121000062,103,179,-76
121000063,575,460,115
121000064,500,619,-119
121000065,576,333,243
121000066,598,480,118
121000067,766,231,535
121000068,470,219,251
121000069,304,248,56
121000070,1524,1187,337
121000071,821,836,-15
121000072,943,790,153
121000073,916,621,295
121000074,72,120,-48
121000075,36,24,12
121000076,960,278,682
121000077,82,92,-10
121000078,69,79,-10
121000080,2329,636,1693
121000081,2107,2372,-265
121000082,93,203,-110
121000083,194,199,-5
121000084,162,66,96
121000085,228,386,-158
121000086,125,661,-536
121000087,62,195,-133
121000088,298,738,-440
121000089,293,270,23
121000090,336,338,-2
121000091,1275,649,626
121000092,120,74,46
121000093,102,189,-87
121000094,331,428,-97
121000095,283,439,-156
121000096,1656,2032,-376
121000097,1033,1258,-225
121000098,243,1635,-1392
121000099,219,1062,-843
121000100,577,575,2
121000101,105,282,-177
121000102,126,367,-241
121000103,63,349,-286
121000104,156,155,1
121000105,196,173,23
121000106,83,434,-351
121000107,2099,3637,-1538
121000109,1190,987,203
121000110,156,445,-289
121000114,2187,1823,364
121000115,688,648,40
121000116,470,707,-237
121000117,855,295,560
121000118,1302,273,1029
121000119,226,297,-71
121000120,162,407,-245
121000121,384,812,-428
121000123,1148,606,542
121000127,132,136,-4
121000128,517,499,18
121000129,353,403,-50
121000130,259,1233,-974
121000131,1792,1099,693
121000132,1129,1286,-157
121000135,251,187,64
121000136,688,321,367
121000137,319,137,182
121000138,571,390,181
121000139,320,78,242
121000141,142,112,30
121000142,725,435,290
121000143,140,16,124
121000144,820,817,3
121000145,371,1414,-1043
121000146,1015,944,71
121000147,465,560,-95
121000148,779,1044,-265
121000149,1694,1183,511
121000152,363,669,-306
121000153,1384,565,819
121000154,666,717,-51
121000155,1140,1045,95
121000156,277,978,-701
121000157,1472,2179,-707
121000158,281,672,-391
121000159,117,695,-578
121000160,268,833,-565
121000161,66,326,-260
121000162,26,265,-239
121000165,1388,1222,166
121000166,39,682,-643
121000168,248,329,-81
121000169,35,144,-109
121000170,192,152,40
121000171,50,163,-113
121000172,499,382,117
121000173,1001,596,405
121000174,175,293,-118
121000175,486,511,-25
121000176,219,253,-34
121000177,913,678,235
121000178,98,68,30
121000179,126,74,52
121000181,343,302,41
121000182,61,151,-90
121000183,32,59,-27
121000184,29,54,-25
121000185,19,119,-100
121000186,97,214,-117
121000187,85,280,-195
121000188,65,285,-220
121000192,414,392,22
121000193,451,408,43
121000194,2444,1804,640
121000195,368,1024,-656
121000196,1008,174,834
121000197,350,884,-534
121000198,307,70,237
121000199,141,597,-456
121000200,211,77,134
121000201,3,248,-245
121000202,685,93,592
121000203,413,2549,-2136
121000204,1315,528,787
121000205,154,340,-186
121000206,71,37,34
121000207,1104,597,507
121000208,1,544,-543
121000209,163,502,-339
121000210,209,936,-727
121000211,340,146,194
121000212,188,1271,-1083
121000213,10312,2520,7792
121000214,781,1751,-970
121000215,1297,717,580
121000216,392,403,-11
121000217,3783,2607,1176
121000218,540,1785,-1245
121000219,1664,348,1316
121000220,292,84,208
121000221,133,230,-97
121000222,2606,2227,379
121000223,758,375,383
121000224,397,152,245
121000225,2281,1024,1257
121000226,4520,614,3906
121000227,8,358,-350
121000228,33,1002,-969
121000229,139,639,-500
121000230,63,2202,-2139
121000231,345,55,290
121000232,387,173,214
121000233,361,307,54
121000234,20,28,-8
121000235,64,20,44
121000236,2,69,-67
121000237,22,6,16
121000238,3,110,-107
121000239,8,4,4
121000240,12,228,-216
121000241,46,11,35
121000242,27,171,-144
121000243,198,31,167
121000244,4,66,-62
121000245,17,8,9
121000246,0,96,-96
121000247,33,1,32
121000248,363,589,-226
121000249,66,275,-209
121000250,300,72,228
121000251,5,689,-684
121000252,65,33,32
121000253,316,646,-330
121000254,490,343,147
121000255,149,112,37
121000256,335,150,185
121000257,40,57,-17
121000258,133,53,80
121000259,51,32,19
121000260,109,118,-9
121000261,62,32,30
121000262,747,940,-193
121000263,291,484,-193
121000271,228,2027,-1799
121000273,184,11,173
121000274,25,26,-1
121000275,2,21,-19
121000276,1,14,-13
121000278,49,69,-20
121000279,42,1,41
121000280,28,43,-15
121000289,273,48,225
121000290,1375,659,716
121000294,55,242,-187
121000297,937,868,69
121000299,160,258,-98
121000300,480,435,45
121000302,54,626,-572
121000303,449,340,109
121000304,320,40,280
121000305,65,43,22
121000306,53,109,-56
121000308,93,357,-264
121000309,254,548,-294
121000310,82,442,-360
121000311,67,707,-640
121000312,220,185,35
121000313,409,366,43
121000314,50,45,5
121000315,20,71,-51
121000530,812,1677,-865
121000531,775,1591,-816
121000532,4786,3724,1062
121000533,1876,2211,-335
121000918,24,240,-216
121000919,21,54,-33
121000938,154,108,46
121000939,149,98,51
121000956,448,2017,-1569
121000957,3,14,-11
121000958,99,41,58
121000959,342,1112,-770
121000960,1820,3044,-1224
121000961,101,56,45
121000962,309,1022,-713
121000973,1,411,-410
121000976,8,129,-121
121000979,207,36,171
121000981,188,116,72
121000982,125,388,-263
121000983,427,466,-39
121000984,8,51,-43
121000985,306,1340,-1034
121000986,191,473,-282
121000987,266,2124,-1858
121000988,452,177,275
121001302,227,77,150
121001308,3,9,-6
121001309,103,64,39
121001313,148,358,-210
121001314,3406,3516,-110
121001315,4046,1685,2361
121001326,414,348,66
121900001,44,207,-163
121900002,43,19,24
121900003,221,3,218
121900004,84,361,-277
121900005,7,6,1
121900006,53,17,36
121900007,2159,1756,403
121900008,169,46,123
121900009,525,16,509
121900010,128,4,124
121900011,62,326,-264
121900012,5,0,5
121900013,1441,41,1400
121900014,1231,301,930
121900015,82,141,-59
121900016,8,39,-31
121900017,221,633,-412
121900018,157,2,155
121900019,164,260,-96
121900020,18,1,17
121900021,791,10,781
121900022,127,114,13
121900023,36,402,-366
121900024,255,49,206
121900025,259,281,-22
121900026,252,39,213
121900027,133,119,14
121900028,330,11,319
121900029,40,159,-119
121900030,483,357,126
121900031,1279,5145,-3866
121900032,63,47,16
121900033,87,137,-50
121900034,250,85,165
121900035,2301,1250,1051
121900036,32,537,-505
121900037,111,556,-445
121900038,21,116,-95
121900039,209,5,204
121900040,19,59,-40
121900041,61,174,-113
121900042,187,104,83
121900043,1,4,-3
121900044,198,20,178
121900046,111,179,-68
121900047,84,61,23
121900048,7,120,-113
121900050,7,35,-28
121900051,102,179,-77
121900052,44,39,5
121900053,159,220,-61
121900054,388,671,-283
121900055,1,9,-8
121900058,157,253,-96
121900059,209,71,138
121900060,126,270,-144
121900062,55,41,14
121900063,658,275,383
121900064,91,770,-679
121900066,11,26,-15
121900067,13,25,-12
121900069,155,53,102
121900070,162,110,52
121900071,87,251,-164
121900072,11,187,-176
121900073,241,156,85
121900074,488,445,43
121900075,1019,226,793
121900076,308,562,-254
121900078,17,36,-19
121900079,0,0,0
121900080,416,417,-1
121900082,26,91,-65
121900084,4,183,-179
121900086,1,41,-40
121900087,152,59,93
121900088,1448,1543,-95
121900089,78,476,-398
121900090,3,77,-74
121900091,16,66,-50
121900092,55,85,-30
121900093,47,66,-19
121900094,31,14,17
121900095,150,74,76
121900096,974,356,618
121900097,253,140,113
121900098,6,0,6
121900099,125,54,71
121900100,95,172,-77
121900101,78,101,-23
121900102,8,82,-74
121900103,431,173,258
121900104,758,289,469
121900105,146,88,58
121900106,0,1,-1
121900107,28,18,10
121900108,0,11,-11
121900109,319,152,167
121900110,149,1320,-1171
121900111,615,113,502
121900112,115,84,31
121900113,59,262,-203
121900114,11,28,-17
121900117,59,13,46
121900118,1944,310,1634
121900119,47,84,-37
121900120,21,1137,-1116
121900121,410,33,377
121900122,13,18,-5
121900123,141,475,-334
121900124,55,229,-174
121900125,639,747,-108
121900127,11,63,-52
121900128,35,117,-82
121900129,729,113,616
121900130,95,227,-132
121900131,177,132,45
121900132,10,83,-73
121900133,82,472,-390
121900134,46,72,-26
121900135,2128,203,1925
121900136,120,477,-357
121900137,50,198,-148
121900138,70,175,-105
121900139,356,536,-180
121900140,28,124,-96
121900141,30,13,17
121900142,67,98,-31
121900143,3,87,-84
121900144,121,220,-99
121900145,119,130,-11
121900146,411,541,-130
121900147,53,197,-144
121900148,135,178,-43
121900149,302,594,-292
121900150,58,123,-65
121900151,29,164,-135
121900152,40,121,-81
121900153,45,396,-351
121900154,5,127,-122
121900155,0,59,-59
121900156,153,74,79
121900157,3,486,-483
121900158,22,63,-41
121900159,0,174,-174
121900160,2,209,-207
121900161,257,245,12
121900162,72,103,-31
121900163,153,800,-647
121900164,330,200,130
121900165,167,182,-15
121900166,134,149,-15
121900167,78,69,9
121900168,185,71,114
121900169,5,491,-486
121900170,3,169,-166
121900171,263,519,-256
121900172,263,202,61
121900173,700,168,532
121900174,22,21,1
121900175,162,123,39
121900176,415,2032,-1617
121900177,132,51,81
121900178,33,75,-42
121900179,173,97,76
121900180,4933,2081,2852
121900182,724,279,445
121900183,228,312,-84
121900184,32,538,-506
121900186,17,333,-316
121900187,20,89,-69
121900188,459,338,121
121900189,7,83,-76
121900190,162,534,-372
121900191,29,141,-112
121900192,287,756,-469
121900193,34,228,-194
121900194,4,141,-137
121900195,76,46,30
121900196,827,631,196
121900197,204,2268,-2064
121900198,840,1110,-270
121900199,3,29,-26
121900200,79,178,-99
121900201,967,471,496
121900202,120,281,-161
121900203,164,570,-406
121900204,1018,915,103
121900205,11,75,-64
121900206,6,3,3
121900207,112,34,78
121900208,155,268,-113
121900209,9,11,-2
121900210,1353,811,542
121900211,205,707,-502
121900212,122,82,40
121900213,67,137,-70
121900214,2,218,-216
121900215,20,50,-30
121900216,32,40,-8
121900217,89,50,39
121900218,247,323,-76
121900220,84,3,81
121900221,190,493,-303
121900222,98,134,-36
121900223,62,60,2
121900224,22,86,-64
121900225,151,74,77
121900226,157,124,33
121900227,98,423,-325
121900228,157,268,-111
121900230,55,54,1
121900231,219,302,-83
121900232,181,257,-76
121900233,191,157,34
121900234,140,460,-320
121900235,253,279,-26
121900236,135,166,-31
121900237,129,235,-106
121900238,71,126,-55
121900239,62,24,38
121900240,105,76,29
121900241,14,37,-23
121900242,0,0,0
121900243,5,0,5
121900244,1,2,-1
121900245,83,127,-44
121900246,1448,374,1074
121900248,1016,833,183
121900250,156,244,-88
121900251,227,24,203
121900252,444,82,362
121900253,108,967,-859
121900254,323,200,123
121900255,150,64,86
121900258,2263,1481,782
121900259,224,430,-206
121900260,14,124,-110
121900261,123,373,-250
121900262,337,811,-474
121900263,64,264,-200
121900264,1868,1092,776
121900265,105,275,-170
121900266,142,214,-72
121900267,28,8,20
121900269,61,227,-166
121900270,12,140,-128
121900271,27,110,-83
121900273,429,1200,-771
121900274,108,246,-138
121900277,248,1729,-1481
121900278,79,952,-873
121900279,122,352,-230
121900280,183,313,-130
121900281,224,61,163
121900284,41,9,32
121900286,20,83,-63
121900287,1,11,-10
121900288,3,2,1
121900290,158,269,-111
121900291,439,451,-12
121900292,206,80,126
121900293,826,3232,-2406
121900294,185,2,183
121900295,30,196,-166
121900296,65,34,31
121900298,428,311,117
121900299,0,0,0
121900300,28,0,28
121900301,26,2,24
121900302,0,84,-84
121900303,464,352,112
121900304,0,4,-4
121900305,0,2,-2
121900306,42,0,42
121900307,12,1,11
121900308,16,315,-299
121900309,2,186,-184
121900310,9,468,-459
121900311,196,11,185
121900312,43,13,30
121900313,225,14,211
121900314,1,48,-47
121900315,4,0,4
121900316,0,26,-26
121900317,2,0,2
121900318,1,25,-24
121900319,21,101,-80
121900320,47,77,-30
121900321,2,4,-2
121900322,1,20,-19
121900323,42,12,30
121900324,4,42,-38
121900325,5,3,2
121900326,0,34,-34
121900327,2,49,-47
121900328,1,30,-29
121900329,2,264,-262
121900330,0,50,-50
121900331,6,5,1
121900332,17,10,7
121900333,16,0,16
121900334,168,46,122
122000001,1850,2791,-941
122000002,4430,1297,3133
122000003,1488,1184,304
122000004,2528,1067,1461
122000005,2994,791,2203
122000006,3213,427,2786
122000007,1535,1149,386
122000008,4783,3730,1053
122000009,466,223,243
122000010,1894,2547,-653
122000011,2528,813,1715
122000012,1400,873,527
122000013,3234,1352,1882
122000014,1614,3258,-1644
122000015,1413,931,482
122000016,478,769,-291
122000017,897,871,26
122000018,1301,936,365
122000019,852,1679,-827
122000020,112,139,-27
122000021,391,392,-1
122000022,1280,1347,-67
122000023,414,3152,-2738
122000024,1151,749,402
122000025,2004,816,1188
122000026,2036,596,1440
122000027,515,6252,-5737
122000028,693,379,314
122000029,379,206,173
122000030,291,91,200
122000031,149,232,-83
122000032,1623,3773,-2150
122000033,1058,671,387
122000034,650,510,140
122000035,279,861,-582
122000036,441,541,-100
122000037,269,256,13
122000038,253,349,-96
122000039,636,443,193
122000040,320,382,-62
122000041,422,485,-63
122000042,584,359,225
122000043,141,87,54
122000044,75,121,-46
122000045,1422,496,926
122000046,904,976,-72
122000047,275,159,116
122000048,2325,4585,-2260
122000049,4185,1698,2487
122000050,2234,623,1611
122000051,548,501,47
122000052,530,157,373
122000053,146,382,-236
122000054,2047,1750,297
122000055,2430,1677,753
122000056,5096,3595,1501
122000057,3249,2138,1111
122000058,4859,841,4018
122000059,3341,1147,2194
122000060,718,447,271
122000061,529,260,269
122000062,1170,308,862
122000063,1853,404,1449
122000064,3486,2582,904
122000065,5821,2441,3380
122000066,484,353,131
122000067,1859,1197,662
122000068,967,1634,-667
122000069,769,593,176
122000070,427,4242,-3815
122000071,855,1852,-997
122000072,379,266,113
122000073,678,376,302
122000074,1772,1203,569
122000075,429,1466,-1037
122000076,1406,831,575
122000077,1574,483,1091
122000078,2956,1486,1470
122000079,2928,607,2321
122000080,1530,358,1172
122000081,178,435,-257
122000082,1268,627,641
122000083,1110,4707,-3597
122000084,859,698,161
122000085,158,1665,-1507
122000086,2104,5759,-3655
122000087,333,108,225
122000088,172,207,-35
122000089,5752,2921,2831
122000090,237,314,-77
122000091,311,44,267
122000092,155,11,144
122000093,1732,691,1041
122000094,6681,1137,5544
122000095,2768,2199,569
122000096,2438,1724,714
122000098,2594,1271,1323
122000099,3712,512,3200
122000100,1226,544,682
122000101,214,930,-716
122000102,1448,921,527
122000103,1316,1326,-10
122000104,206,159,47
122000105,229,229,0
122000106,407,404,3
122000107,788,469,319
122000108,248,776,-528
122000109,228,429,-201
122000110,281,472,-191
122000111,2131,782,1349
122000112,553,1118,-565
122000113,439,522,-83
122000114,4729,1397,3332
122000115,1324,2361,-1037
122000116,261,344,-83
122000117,745,228,517
122000118,206,360,-154
122000119,2381,1102,1279
122000120,1709,1937,-228
122000121,1824,1604,220
122000122,617,962,-345
122000123,1245,1039,206
122000124,637,233,404
122000125,392,442,-50
122000126,420,477,-57
122000127,965,630,335
122000128,565,748,-183
122000129,235,749,-514
122000130,1660,447,1213
122000131,727,444,283
122000132,516,296,220
122000133,766,1817,-1051
122000134,347,408,-61
122000135,606,697,-91
122000136,259,229,30
122000137,703,510,193
122000139,1449,2162,-713
122000140,1315,445,870
122000141,4539,1066,3473
122000142,629,554,75
122000143,290,197,93
122000144,1025,673,352
122000145,1241,364,877
122000146,406,853,-447
122000147,1026,366,660
122000148,2358,1042,1316
122000149,1367,680,687
122000150,829,572,257
122000151,137,283,-146
122000152,373,214,159
122000153,276,252,24
122000154,227,140,87
122000155,837,1605,-768
122000156,1579,1332,247
122000157,1763,1022,741
122000158,377,393,-16
122000159,744,1393,-649
122000160,2462,597,1865
122000161,693,560,133
122000162,1371,942,429
122000163,212,46,166
122000164,23,49,-26
122000165,684,700,-16
122000166,1152,1311,-159
122000167,159,166,-7
122000168,170,470,-300
122000169,533,152,381
122000170,190,241,-51
122000171,17,57,-40
122000172,1350,1749,-399
122000173,1192,2412,-1220
122000174,1804,745,1059
122000175,1200,245,955
122000176,274,631,-357
122000177,1549,1190,359
122000178,2515,3115,-600
122000179,1849,3040,-1191
122000180,1384,758,626
122000181,1331,2271,-940
122000182,1347,945,402
122000183,1395,1162,233
122000184,1924,1218,706
122000185,890,857,33
122000186,574,898,-324
122000187,2432,910,1522
122000188,362,164,198
122000189,228,300,-72
122000190,1128,869,259
122000191,992,432,560
122000192,725,309,416
122000193,278,528,-250
122000194,707,172,535
122000195,179,462,-283
122000196,804,608,196
122000197,545,648,-103
122000198,487,1049,-562
122000199,377,318,59
122000200,1585,535,1050
122000201,1080,1368,-288
122000202,924,957,-33
122000203,1932,1360,572
122000204,906,1760,-854
122000205,1245,1059,186
122000206,1998,653,1345
122000207,972,986,-14
122000208,2117,1275,842
122000209,2814,375,2439
122000210,2150,1849,301
122000211,1414,1029,385
122000212,607,330,277
122000213,656,861,-205
122000214,1379,1319,60
122000215,1713,1226,487
122000217,2124,1190,934
122000218,686,56,630
122000219,1588,804,784
122000220,291,668,-377
122000221,142,431,-289
122000222,426,85,341
122000223,809,312,497
122000225,473,190,283
122000226,1073,1786,-713
122000227,258,2827,-2569
122000228,234,351,-117
122000229,28,308,-280
122000230,43,596,-553
122000231,182,786,-604
122000232,369,1208,-839
122000233,0,121,-121
122000234,125,285,-160
122000235,442,258,184
122000236,344,144,200
122000237,77,48,29
122000238,127,195,-68
122000239,295,99,196
122000240,596,309,287
122000241,621,484,137
122000242,204,84,120
122000243,92,58,34
122000244,21,593,-572
122000245,74,339,-265
122000246,146,155,-9
122000247,382,852,-470
122000248,1644,1796,-152
122000249,244,472,-228
122000250,923,584,339
122000251,136,253,-117
122000252,395,55,340
122000253,17,188,-171
122000254,77,57,20
122000255,457,1528,-1071
122000256,296,1481,-1185
122000257,83,385,-302
122000258,62,193,-131
122000259,22,973,-951
122000260,214,1106,-892
122000261,10,312,-302
122000262,1,96,-95
122000263,136,130,6
122000264,682,451,231
122000265,2300,770,1530
122000266,4690,475,4215
122000267,96,136,-40
122000268,87,320,-233
122000269,818,274,544
122000270,1389,114,1275
122000271,384,1321,-937
122000272,248,1209,-961
122000273,218,642,-424
122000274,69,390,-321
122000275,99,335,-236
122000276,227,631,-404
122000277,606,1205,-599
122000278,445,978,-533
122000279,108,419,-311
122000280,641,597,44
122000281,329,564,-235
122000282,99,73,26
122000283,356,41,315
122000284,103,74,29
122000285,345,93,252
122000286,85,112,-27
122000287,426,1184,-758
122000288,211,193,18
122000291,528,293,235
122000293,474,238,236
122000294,88,129,-41
122000295,1378,217,1161
122000296,41,514,-473
122000297,3458,2169,1289
122000299,254,438,-184
122000300,426,520,-94
122000301,17639,2338,15301
122000302,901,697,204
122000303,4210,1030,3180
122000304,27,216,-189
122000305,610,994,-384
122000306,24,899,-875
122000307,82,141,-59
122000309,79,74,5
122000310,41,27,14
122000311,129,99,30
122000312,163,39,124
122000313,86,36,50
122000314,126,233,-107
122000315,180,13,167
122000316,242,198,44
122000317,622,204,418
122000318,120,252,-132
122000319,204,826,-622
122000320,293,3229,-2936
122000321,68,311,-243
122000322,2068,3974,-1906
122000323,1740,1900,-160
122000324,1624,1707,-83
122000325,970,767,203
122000326,17,128,-111
122000327,228,368,-140
122000328,1118,759,359
122000330,1722,549,1173
122000333,5,298,-293
122000337,425,1573,-1148
122000338,259,380,-121
122000340,432,320,112
122000342,3635,971,2664
122000343,393,2019,-1626
122000344,28,20,8
122000345,72,188,-116
122000346,194,597,-403
122000348,220,847,-627
122000349,73,634,-561
122000351,102,278,-176
122000352,182,107,75
122000353,71,165,-94
122000355,142,126,16
122000356,1565,513,1052
122000357,14,9,5
122000358,0,88,-88
122000359,0,40,-40
122000360,0,40,-40
122000362,5,92,-87
122000364,85,412,-327
122000365,0,26,-26
122000366,6,5,1
122000368,380,764,-384
122000370,22,43,-21
122000371,4,0,4
122000372,2,0,2
122000381,41,419,-378
122000382,41,333,-292
122000384,5648,2179,3469
122000385,23,0,23
122000386,903,728,175
122000387,428,604,-176
122000388,2311,323,1988
122000389,254,796,-542
122000390,509,252,257
122000391,343,129,214
122000392,188,250,-62
122000393,114,750,-636
122000394,327,320,7
122000395,91,273,-182
122000396,171,110,61
122000397,45,85,-40
122000398,19,40,-21
122000399,52,76,-24
122000400,155,240,-85
122000401,64,133,-69
122000402,192,120,72
122000403,372,1448,-1076
122000404,76,333,-257
122000408,714,947,-233
122000503,4,104,-100
122000524,160,80,80
122000544,33,3206,-3173
122000614,508,224,284
122000616,355,5,350
122000640,14,189,-175
122000641,31,462,-431
122000642,758,1370,-612
122000643,7,76,-69
122000644,189,32,157
122000645,83,267,-184
122000651,2315,524,1791
122000664,124,32,92
122000665,799,409,390
122000666,443,893,-450
122000673,14,461,-447
122000674,64,41,23
122000675,1129,1334,-205
122000686,255,1683,-1428
122000687,1071,337,734
122000688,98,1008,-910
122000689,387,568,-181
122000690,522,794,-272
122000691,221,3758,-3537
122000692,735,312,423
122000693,255,2149,-1894
122000695,135,586,-451
122000696,129,400,-271
122000698,124,1206,-1082
122000699,97,58,39
122000701,866,401,465
122000702,474,2879,-2405
122000703,91,49,42
122000717,196,50,146
122000718,716,904,-188
122000719,44,42,2
122000720,125,282,-157
122000724,236,325,-89
122900001,2,2,0
122900002,1151,2229,-1078
122900003,216,50,166
122900004,264,20,244
122900005,42,15,27
122900006,491,85,406
122900007,45,7,38
122900008,510,33,477
122900009,508,234,274
122900010,169,173,-4
122900012,166,242,-76
122900014,107,244,-137
122900015,1990,359,1631
122900016,77,351,-274
122900017,423,656,-233
122900018,189,8,181
122900020,333,320,13
122900021,88,587,-499
122900022,264,902,-638
122900023,99,179,-80
122900024,68,86,-18
122900025,8,115,-107
122900026,178,277,-99
122900027,59,784,-725
122900028,93,145,-52
122900029,4989,2461,2528
122900030,1433,337,1096
122900031,115,120,-5
122900032,84,197,-113
122900033,145,143,2
122900034,3530,4703,-1173
122900035,42,14,28
122900036,37,257,-220
122900037,280,69,211
122900038,96,1762,-1666
122900039,44,335,-291
122900040,229,369,-140
122900041,144,154,-10
122900042,110,267,-157
122900043,323,278,45
122900044,90,248,-158
122900045,81,113,-32
122900046,68,60,8
122900047,457,120,337
122900048,21,173,-152
122900049,2487,155,2332
122900051,113,115,-2
122900052,30,144,-114
122900053,8,12,-4
122900055,177,106,71
122900057,269,23,246
122900061,275,77,198
122900062,205,332,-127
122900063,83,342,-259
122900064,867,619,248
122900065,244,100,144
122900066,246,174,72
122900067,1621,747,874
122900069,92,904,-812
122900070,187,45,142
122900071,108,474,-366
122900073,37,356,-319
122900074,144,758,-614
122900075,1,63,-62
122900076,10,265,-255
122900077,3,141,-138
122900078,38,191,-153
122900080,71,21,50
122900081,132,164,-32
122900082,540,206,334
122900083,143,108,35
122900084,2,302,-300
122900086,1,31,-30
122900087,146,609,-463
122900088,46,49,-3
122900089,54,342,-288
122900090,9,1091,-1082
122900091,79,0,79
122900092,1,144,-143
122900093,4,526,-522
122900094,4,278,-274
122900095,103,0,103
122900096,133,627,-494
122900097,4,9,-5
122900098,52,100,-48
122900099,7,4,3
122900100,241,112,129
122900101,704,164,540
122900102,16,5,11
122900103,49,6,43
122900104,37,2,35
122900105,3,3,0
122900106,0,118,-118
122900107,2,360,-358
122900108,2,268,-266
122900109,55,166,-111
123000001,1789,333,1456
123000002,5768,2385,3383
123000003,3035,2494,541
123000004,2617,4341,-1724
123000005,2105,2204,-99
123000006,2989,3445,-456
123000007,2899,2440,459
123000008,2199,3809,-1610
123000009,3670,2524,1146
123000010,3518,3430,88
123000011,4229,726,3503
123000012,1219,2297,-1078
123000013,2540,729,1811
123000014,1561,3755,-2194
123000015,4321,730,3591
123000016,7353,2733,4620
123000017,3065,1240,1825
123000018,25,100,-75
123000019,74,385,-311
123000020,34,126,-92
123000021,36,153,-117
123000022,453,1422,-969
123000023,1072,1249,-177
123000024,998,568,430
123000025,146,97,49
123000026,4,161,-157
123000027,283,221,62
123000028,767,98,669
123000029,1221,302,919
123000030,225,675,-450
123000031,74,559,-485
123000032,168,412,-244
123000033,182,85,97
123000034,596,508,88
123000035,201,219,-18
123000036,155,392,-237
123000037,207,283,-76
123000038,39,137,-98
123000039,401,610,-209
123000040,1279,292,987
123000041,1148,474,674
123000042,1024,366,658
123000043,1739,2741,-1002
123000044,6129,1907,4222
123000045,8635,1491,7144
123000046,805,657,148
123000047,2303,986,1317
123000048,30,303,-273
123000049,6691,4392,2299
123000050,601,1020,-419
123000051,47,141,-94
123000052,449,1785,-1336
123000053,1598,2101,-503
123000054,781,1065,-284
123000055,617,985,-368
123000056,1150,1786,-636
123000057,17212,4341,12871
123000058,2661,1022,1639
123000059,949,428,521
123000060,703,438,265
123000061,121,737,-616
123000063,442,570,-128
123000064,590,168,422
123000065,7747,3030,4717
123000066,1045,875,170
123000067,282,617,-335
123000068,2943,3019,-76
123000069,6611,3052,3559
123000070,230,806,-576
123000071,464,1165,-701
123000072,678,1880,-1202
123000073,575,806,-231
123000074,714,2631,-1917
123000075,266,693,-427
123000076,388,1270,-882
123000077,2015,4072,-2057
123000078,832,1773,-941
123000079,758,2029,-1271
123000080,1641,3299,-1658
123000081,131,682,-551
123000082,330,1414,-1084
123000083,364,114,250
123000084,431,978,-547
123000085,251,61,190
123000086,108,270,-162
123000087,128,626,-498
123000088,822,2105,-1283
123000089,289,1607,-1318
123000090,792,1415,-623
123000091,1375,1341,34
123000092,1076,1077,-1
123000094,247,224,23
123000095,229,631,-402
123000096,204,472,-268
123000097,223,1464,-1241
123000098,388,625,-237
123000099,469,1056,-587
123000100,436,503,-67
123000101,487,424,63
123000102,508,560,-52
123000104,238,289,-51
123000105,452,531,-79
123000106,365,262,103
123000107,287,532,-245
123000108,834,1476,-642
123000111,424,233,191
123000112,507,678,-171
123000113,307,1452,-1145
123000114,443,482,-39
123000115,208,246,-38
123000116,21,191,-170
123000117,947,2513,-1566
123000118,290,1121,-831
123000119,164,1305,-1141
123000120,318,906,-588
123000121,374,635,-261
123000122,307,221,86
123000123,338,544,-206
123000124,520,489,31
123000125,769,336,433
123000126,2684,2624,60
123000127,1026,816,210
123000128,234,600,-366
123000129,283,236,47
123000130,265,109,156
123000131,661,439,222
123000132,325,627,-302
123000133,238,469,-231
123000134,342,182,160
123000135,625,1194,-569
123000136,170,1595,-1425
123000137,58,525,-467
123000138,70,505,-435
123000139,280,175,105
123000140,122,643,-521
123000141,503,110,393
123000142,899,1039,-140
123000143,1110,2810,-1700
123000144,12,10,2
123000145,207,144,63
123000146,37,120,-83
123000147,70,118,-48
123000149,249,317,-68
123000150,139,232,-93
123000151,202,313,-111
123000152,31,310,-279
123000153,131,425,-294
123000154,1943,1417,526
123000155,2527,761,1766
123000156,20,63,-43
123000157,409,795,-386
123000158,515,481,34
123000159,2953,1491,1462
123000160,901,671,230
123000161,714,642,72
123000162,393,1106,-713
123000163,117,202,-85
123000164,638,209,429
123000165,262,2432,-2170
123000166,34,261,-227
123000167,78,331,-253
123000168,99,440,-341
123000169,294,82,212
123000170,43,572,-529
123000171,174,158,16
123000172,143,747,-604
123000173,297,143,154
123000174,547,164,383
123000175,940,1130,-190
123000176,412,96,316
123000177,285,1151,-866
123000178,567,104,463
123000179,27,1057,-1030
123000180,693,281,412
123000181,281,1630,-1349
123000182,128,523,-395
123000183,106,194,-88
123000185,268,398,-130
123000186,2,718,-716
123000187,261,0,261
123000188,94,0,94
123000189,63,255,-192
123000190,21,326,-305
123000192,39,358,-319
123000193,74,649,-575
123000194,485,298,187
123000195,179,20,159
123000196,174,64,110
123000197,28,48,-20
123000198,9,167,-158
123000199,11,442,-431
123000200,103,6,97
123000201,373,53,320
123000202,34,1088,-1054
123000203,465,100,365
123000204,53,1181,-1128
123000205,423,1889,-1466
123000206,860,151,709
123000207,200,1608,-1408
123000208,283,90,193
123000209,1009,264,745
123000210,376,1884,-1508
123000211,516,2642,-2126
123000212,1301,306,995
123000213,345,48,297
123000215,146,156,-10
123000216,201,490,-289
123000217,151,39,112
123000218,96,319,-223
123000219,1122,50,1072
123000220,371,87,284
123000221,85,134,-49
123000222,196,578,-382
123000223,80,815,-735
123000224,300,764,-464
123000225,117,99,18
123000226,53,374,-321
123000227,50,396,-346
123000228,143,58,85
123000229,1132,2243,-1111
123000232,69,615,-546
123000233,365,174,191
123000234,116,671,-555
123000235,283,356,-73
123000236,105,944,-839
123000237,119,46,73
123000238,59,839,-780
123000239,427,2274,-1847
123000240,53,262,-209
123000241,1150,96,1054
123000242,71,190,-119
123000243,550,881,-331
123000244,651,399,252
123000245,63,125,-62
123000249,448,785,-337
123000252,415,115,300
123000253,398,300,98
123000254,293,1031,-738
123000255,557,590,-33
123000256,28,229,-201
123000257,2416,1907,509
123000258,1196,2337,-1141
123000259,146,391,-245
123000260,245,724,-479
123000261,46,221,-175
123000262,63,376,-313
123000263,238,93,145
123000264,169,48,121
123000265,48,205,-157
123000266,283,640,-357
123000267,220,218,2
123000268,32,86,-54
123000269,27,16,11
123000270,42,38,4
123000271,41,71,-30
123000272,736,234,502
123000273,225,418,-193
123000274,655,342,313
123000275,184,1029,-845
123000278,3328,2498,830
123000279,64,110,-46
123000280,253,327,-74
123000281,206,53,153
123000282,90,240,-150
123000283,86,32,54
123000284,45,136,-91
123000286,208,191,17
123000287,429,232,197
123000288,608,392,216
123000289,378,431,-53
123000291,266,717,-451
123000294,287,209,78
123000295,637,629,8
123000296,297,390,-93
123000297,235,1561,-1326
123000298,233,780,-547
123000299,71,624,-553
123000300,622,948,-326
123000301,59,199,-140
123000302,45,224,-179
123000303,120,80,40
123000305,947,961,-14
123000306,34,322,-288
123000309,35,72,-37
123000310,56,30,26
123000311,89,344,-255
123000312,1319,1084,235
123000313,251,367,-116
123000315,19,488,-469
123000316,2529,200,2329
123000317,182,41,141
123000318,36,386,-350
123000329,11,14,-3
123000337,237,356,-119
123000338,269,33,236
123000339,115,404,-289
123000340,128,484,-356
123000342,12,311,-299
123000343,69,0,69
123000344,1251,460,791
123000345,336,595,-259
123000346,135,105,30
123000352,2302,655,1647
123000353,16,264,-248
123000354,497,12,485
123000355,2,808,-806
123000356,81,8,73
123000357,2,357,-355
123000359,2,212,-210
123000360,161,47,114
123000361,809,209,600
123000362,130,146,-16
123000363,66,243,-177
123000364,373,275,98
123000365,23,293,-270
123000366,228,951,-723
123000367,1768,1979,-211
123000370,20,382,-362
123000371,88,15,73
123000372,117,16,101
123000373,6,413,-407
123000374,10,258,-248
123000375,138,19,119
123000376,600,623,-23
123000377,111,2,109
123000378,5,568,-563
123000379,0,259,-259
123000380,52,191,-139
123000381,162,44,118
123000382,1072,56,1016
123000383,356,706,-350
123000384,428,115,313
123000385,424,935,-511
123000436,71,768,-697
123000507,160,439,-279
123000508,101,317,-216
123000517,195,26,169
123000518,28,205,-177
123000519,77,60,17
123000520,47,263,-216
123000521,174,111,63
123000522,96,678,-582
123000541,0,0,0
123000542,0,53,-53
123000565,204,32,172
123000566,41,1198,-1157
123000567,164,386,-222
123000573,26,1149,-1123
123000574,303,63,240
123000575,939,1427,-488
123000576,455,3081,-2626
123000577,47,563,-516
123000578,629,62,567
123000579,4949,2931,2018
123000580,68,11,57
123000582,137,33,104
123000583,10,601,-591
123000584,63,162,-99
123000585,0,131,-131
123000586,44,1,43
123000596,120,207,-87
123000597,57,74,-17
123000602,11,2,9
123000603,223,971,-748
123000604,414,1720,-1306
123000605,712,13,699
123000606,2,174,-172
123000609,16,245,-229
123000610,90,84,6
123000613,54,242,-188
123000614,125,58,67
123000615,27,407,-380
123000616,186,39,147
123000617,36,561,-525
123000618,57,714,-657
123000619,384,17,367
123000620,7,681,-674
123000622,174,20,154
123000624,90,189,-99
123000630,512,408,104
123000631,206,3050,-2844
123000632,1605,2199,-594
123000633,0,392,-392
123000634,158,57,101
123000635,319,85,234
123000636,13,838,-825
123000637,139,76,63
123000638,334,151,183
123000639,829,1909,-1080
123000640,54,1261,-1207
123000648,411,118,293
123000649,159,2031,-1872
123000650,50,118,-68
123000651,43,260,-217
123000652,106,55,51
123000653,14,498,-484
123000654,382,154,228
123900001,1292,38,1254
123900002,20,908,-888
123900003,265,800,-535
123900005,122,87,35
123900006,127,39,88
124000001,945,43,902
124000002,39,1368,-1329
124000003,293,80,213
124000004,60,829,-769
124000005,413,119,294
124000006,296,1592,-1296
124000007,772,83,689
124000008,28,489,-461
124000009,213,346,-133
124000010,159,740,-581
124000011,589,306,283
124000012,200,843,-643
124000017,74,66,8
124000018,52,88,-36
124000019,114,82,32
124000020,28,207,-179
124000021,64,27,37
124000022,78,178,-100
124000023,593,100,493
124000024,874,714,160
124000025,598,229,369
124000026,786,575,211
124000027,1335,391,944
124000028,2595,911,1684
124000031,694,719,-25
124000032,7343,1391,5952
124000033,585,406,179
124000034,2310,1236,1074
124000035,114,81,33
124000036,103,668,-565
124000037,155,381,-226
124000038,42,108,-66
124000039,622,229,393
124000040,522,394,128
124000041,151,63,88
124000042,40,387,-347
124000043,39,53,-14
124000044,35,345,-310
124000045,263,548,-285
124000046,158,965,-807
124000047,677,871,-194
124000048,534,2653,-2119
124000049,687,634,53
124000050,431,3513,-3082
124000051,256,326,-70
124000052,445,1821,-1376
124000053,369,730,-361
124000054,763,852,-89
124000055,809,967,-158
124000056,5416,1496,3920
124000057,522,374,148
124000058,313,1934,-1621
124000059,292,406,-114
124000060,852,1174,-322
124000061,1087,2484,-1397
124000062,10167,1635,8532
124000063,1128,1627,-499
124000064,2680,1814,866
124000065,752,242,510
124000066,511,46,465
124000067,62,261,-199
124000068,37,123,-86
124000069,217,371,-154
124000070,116,516,-400
124000071,69,85,-16
124000072,171,549,-378
124000073,400,136,264
124000074,172,867,-695
124000075,54,46,8
124000076,3,299,-296
124000077,1304,508,796
124000078,1223,424,799
124000079,366,720,-354
124000080,181,103,78
124000081,97,844,-747
124000082,34,115,-81
124000083,48,267,-219
124000084,54,186,-132
124000085,29,52,-23
124000086,39,91,-52
124000087,77,51,26
124000088,47,407,-360
124000089,307,408,-101
124000090,103,414,-311
124000091,422,162,260
124000092,109,851,-742
124000093,57,58,-1
124000094,71,355,-284
124000095,45,37,8
124000096,44,293,-249
124000097,53,45,8
124000098,47,236,-189
124000099,102,100,2
124000100,51,124,-73
124000101,39,103,-64
124000102,93,130,-37
124000103,87,65,22
124000104,99,135,-36
124000105,33,60,-27
124000106,120,187,-67
124000107,6,120,-114
124000108,64,84,-20
124000109,76,50,26
124000110,223,122,101
124000111,152,111,41
124000112,343,875,-532
124000113,31,67,-36
124000114,177,851,-674
124000115,253,1009,-756
124000116,55,45,10
124000117,74,92,-18
124000118,40,64,-24
124000119,813,686,127
124000120,340,728,-388
124000121,3716,704,3012
124000122,511,1134,-623
124000123,598,329,269
124000124,527,766,-239
124000125,198,273,-75
124000126,262,555,-293
124000127,612,318,294
124000128,380,902,-522
124000129,1472,1205,267
124000130,605,687,-82
124000131,748,384,364
124000132,733,726,7
124000133,520,629,-109
124000134,638,864,-226
124000135,1315,1128,187
124000136,906,1163,-257
124000137,800,455,345
124000138,911,924,-13
124000139,514,55,459
124000140,63,702,-639
124000141,274,11,263
124000142,36,1050,-1014
124000143,67,6,61
124000144,3,195,-192
124000145,27,21,6
124000146,6,78,-72
124000148,4,35,-31
124000149,512,232,280
124000150,265,593,-328
124000151,315,215,100
124000152,574,1455,-881
124000153,285,324,-39
124000154,226,1075,-849
124000155,658,470,188
124000156,1508,862,646
124000169,142,317,-175
124000170,797,417,380
124000171,130,227,-97
124000172,258,717,-459
124000173,223,408,-185
124000174,232,896,-664
124000175,8,124,-116
124000176,15,3,12
124000177,5,46,-41
124000178,5,23,-18
124000185,35,17,18
124000186,5,139,-134
124000187,17,213,-196
124000188,15,10,5
124000190,234,30,204
124000191,1262,77,1185
124000192,1422,206,1216
124000193,403,1088,-685
124000194,336,601,-265
124000195,212,373,-161
124000196,817,1246,-429
124000197,50,75,-25
124000198,21,38,-17
124000201,253,1316,-1063
124000202,364,149,215
124000203,75,1163,-1088
124000204,213,842,-629
124000205,29,902,-873
124000206,192,659,-467
124000207,0,52,-52
124000209,174,522,-348
124000210,174,182,-8
124000211,193,0,193
124000212,1,861,-860
124000213,99,663,-564
124000214,110,1196,-1086
124000215,144,16,128
124000216,17,977,-960
124000329,69,3474,-3405
124000338,35,1793,-1758
124000339,256,52,204
124000341,361,62,299
124000344,18,4,14
124000357,1151,2231,-1080
124000358,1004,1744,-740
124000359,608,528,80
124000360,260,406,-146
124000361,901,601,300
124000362,1444,1604,-160
124000363,273,612,-339
124000364,458,1191,-733
124000365,546,1320,-774
124000366,2540,1579,961
124000367,120,811,-691
124000368,167,146,21
124000369,82,102,-20
124000370,41,565,-524
124000402,19,10,9
124000403,33,6,27
124000404,6,126,-120
124000405,644,534,110
124000406,806,826,-20
124000407,8,22,-14
124000411,5,422,-417
124000412,170,20,150
124000413,398,59,339
124000414,65,108,-43
124000415,56,297,-241
124000416,98,570,-472
124000417,101,115,-14
124000418,75,129,-54
124000419,60,280,-220
124000420,26,58,-32
124000421,27,453,-426
124000422,16,8,8
124000423,71,48,23
124000424,2,175,-173
124000425,40,15,25
124000426,6,275,-269
124000427,43,6,37
124000428,19,29,-10
124000429,24,80,-56
124000430,470,1000,-530
124000431,237,809,-572
124000432,60,1111,-1051
124000439,7,14,-7
124000443,0,127,-127
124000445,317,408,-91
124000446,3630,66,3564
124000447,9,82,-73
124000448,22,8,14
124000449,51,10,41
124000450,32,747,-715
124000451,4,409,-405
124000452,422,75,347
124000453,2353,2019,334
124000454,3635,3953,-318
124000455,16,1286,-1270
124000456,90,2,88
124000457,3,565,-562
124000458,1,473,-472
124000459,88,4,84
124000460,1,310,-309
124900001,292,224,68
124900002,73,562,-489
124900003,487,476,11
124900004,223,386,-163
124900005,186,253,-67
124900006,269,348,-79
124900008,995,338,657
124900009,72,98,-26
124900010,59,34,25
124900011,125,143,-18
124900012,180,55,125
124900013,167,111,56
124900014,73,97,-24
124900015,100,101,-1
124900016,41,28,13
124900017,620,326,294
124900018,12,8,4
124900020,35,33,2
124900021,60,21,39
124900022,19,11,8
124900024,116,17,99
124900026,53,5,48
124900027,66,138,-72
124900028,682,132,550
124900029,3,292,-289
124900030,8,173,-165
124900031,23,427,-404
124900032,179,92,87
124900033,53,397,-344
124900034,2,89,-87
124900035,119,490,-371
124900036,3,28,-25
124900037,79,524,-445
124900038,204,500,-296
124900039,1,9,-8
124900040,38,80,-42
124900041,208,1822,-1614
124900042,37,0,37
124900043,359,1569,-1210
124900044,43,3,40
124900045,423,738,-315
124900047,64,157,-93
124900048,143,186,-43
124900050,127,381,-254
124900052,120,354,-234
124900053,35,351,-316
124900054,5329,307,5022
124900055,0,148,-148
124900057,33,639,-606
124900060,77,352,-275
124900061,21,6,15
124900062,22,11,11
124900066,0,17,-17
124900067,6,240,-234
124900068,125,185,-60
124900070,12,24,-12
124900072,36,15,21
124900075,55,171,-116
124900076,17,401,-384
124900077,21,63,-42
124900078,51,6,45
124900079,798,58,740
124900080,196,1046,-850
124900081,465,169,296
124900082,361,1535,-1174
124900083,175,704,-529
124900085,1210,172,1038
124900086,32,359,-327
124900087,492,59,433
124900088,444,128,316
124900089,1573,15,1558
124900090,134,148,-14
124900091,175,734,-559
124900092,149,542,-393
124900093,118,138,-20
124900094,144,195,-51
124900095,55,245,-190
124900096,414,108,306
124900097,162,28,134
124900098,61,433,-372
124900099,549,323,226
124900100,93,27,66
124900101,37,155,-118
124900102,53,33,20
124900103,64,501,-437
124900104,27,413,-386
124900105,48,284,-236
124900106,150,30,120
124900107,36,10,26
124900108,166,25,141
124900111,4,77,-73
124900112,29,1036,-1007
124900113,47,103,-56
124900114,92,53,39
124900115,21,20,1
124900116,65,45,20
124900117,1374,123,1251
124900118,115,122,-7
124900119,201,98,103
124900120,23,425,-402
124900121,89,107,-18
124900122,633,194,439
124900123,208,44,164
124900124,118,147,-29
124900125,116,1,115
124900126,6,1038,-1032
204000001,35,31,4
204000002,20,21,-1
204000003,25,1,24
204000004,5,1,4
204000005,380,514,-134
204000006,801,1887,-1086
204000011,9,74,-65
204000012,17,99,-82
204000019,471,619,-148
204000020,372,1181,-809
204000021,2425,976,1449
204000022,299,546,-247
204000023,295,1143,-848
204000031,99,16,83
204000032,606,32,574
204000034,16,271,-255
204000035,1,3,-2
204000036,3,12,-9
204000037,4,36,-32
204000038,0,37,-37
204000039,2,43,-41
204000040,1,43,-42
204000041,14,34,-20
204000042,15,8,7
204000043,20,3,17
204000044,26,0,26
204000045,13,4,9
204000046,3,2,1
204000057,3,19,-16
204000062,22,297,-275
204000068,26,181,-155
204000069,16,212,-196
204000070,32,140,-108
204000080,14,47,-33
204000085,1265,1719,-454
204000086,3107,2135,972
204000087,47,13,34
204000088,14,124,-110
204000090,29,435,-406
204000093,103,150,-47
204000096,517,1031,-514
204000097,184,204,-20
204000099,817,1261,-444
204000100,758,1196,-438
204000105,1734,1984,-250
204000110,629,1142,-513
204000111,293,883,-590
204000112,466,1151,-685
204000113,370,1033,-663
204000114,451,472,-21
204000115,301,478,-177
204000116,568,789,-221
204000119,1513,2491,-978
204000132,317,202,115
204000133,463,308,155
204000134,102,127,-25
204000135,289,119,170
204000136,165,246,-81
204000138,183,227,-44
204000140,143,88,55
204000141,73,51,22
204000144,5,25,-20
204000145,445,35,410
204000146,21,468,-447
204000147,34,132,-98
204000148,264,45,219
204000154,4,2,2
204000155,0,7,-7
204000177,19,81,-62
204000179,19,9,10
204000180,0,36,-36
204000222,3,6,-3
204000235,4,5,-1
204000236,90,358,-268
204000238,14,72,-58
204000240,232,71,161
204000263,479,1505,-1026
204000268,981,678,303
204000308,204,33,171
204000317,2,47,-45
204000322,2,17,-15
204000323,21,25,-4
204000328,160,182,-22
204000329,90,169,-79
204000330,230,302,-72
204000331,87,151,-64
205000001,845,1359,-514
205000013,11,48,-37
205000014,11,78,-67
205000015,20,167,-147
205000016,14,134,-120
205000017,9,83,-74
205000022,238,577,-339
205000025,1929,1066,863
205000029,127,4,123
205000045,84,238,-154
205000046,70,660,-590
205000047,28,648,-620
205000048,242,1540,-1298
205000049,118,975,-857
205000050,1878,334,1544
205000059,0,374,-374
205000060,1,75,-74
205000061,5,36,-31
205000062,3,56,-53
205000063,21,63,-42
205000064,20,126,-106
205000065,67,631,-564
205000066,86,974,-888
205000067,29,1123,-1094
205000069,235,16,219
205000082,143,403,-260
205000110,85,223,-138
205000111,146,314,-168
205000112,86,167,-81
205000113,104,217,-113
205000121,196,125,71
205000123,46,182,-136
205000126,397,258,139
205000127,515,373,142
205000128,684,198,486
205000129,746,203,543
205000130,1190,49,1141
205000131,708,10,698
205000132,764,2,762
205000133,421,2,419
205000134,144,1,143
205000137,72,120,-48
205000138,154,320,-166
205000139,17,89,-72
205000144,74,80,-6
205000145,235,257,-22
205000151,183,83,100
205000152,139,72,67
205000153,102,86,16
205000154,38,86,-48
205000155,71,23,48
205000207,8,134,-126
205000233,63,41,22
205000234,0,0,0
205000243,1,0,1
205000244,0,2,-2
205000245,6,320,-314
205000249,0,30,-30
205000250,2,0,2
205000264,8,78,-70
206000027,5,0,5
206000028,2,1,1
206000043,6,148,-142
206000053,1,9,-8
206000054,4,28,-24
206000055,0,30,-30
206000075,0,2,-2
206000076,8,2,6
206000077,11,5,6
206000078,6,5,1
206000079,13,3,10
206000082,221,26,195
206000100,88,544,-456
206000103,2,18,-16
206000104,7,16,-9
206000105,6,23,-17
206000106,7,40,-33
206000125,33,0,33
206000157,93,634,-541
206000170,0,143,-143
206000171,1,174,-173
206000172,4,1059,-1055
206000173,1,429,-428
206000174,1,163,-162
206000175,2,192,-190
206000176,9,427,-418
206000177,0,294,-294
206000178,4,217,-213
206000179,2,127,-125
206000180,14,249,-235
206000181,13,460,-447
206000182,18,395,-377
206000183,13,1256,-1243
206000184,6,537,-531
206000185,10,444,-434
206000186,62,2197,-2135
206000223,8,381,-373
206000226,9,5,4
206000227,31,2,29
206000237,26,507,-481
206000238,31,896,-865
206000239,755,2396,-1641
206000240,2,65,-63
206000241,1,142,-141
206000242,9,678,-669
206000243,6,528,-522
206000244,41,1265,-1224
206000245,250,47,203
206000246,47,9,38
206000247,59,10,49
206000248,176,14,162
206000252,64,11,53
206000258,13,27,-14
206000315,17,3,14
206000317,253,63,190
206000318,172,39,133
206000319,337,81,256
206000320,22,24,-2
206000321,32,9,23
206000322,105,10,95
206000323,65,5,60
206000324,24,5,19
206000325,90,13,77
206000326,55,7,48
206000327,175,15,160
206000328,60,2,58
206000329,77,5,72
206000330,11,5,6
206000331,41,2,39
206000332,14,6,8
206000333,185,2,183
206000334,88,1,87
206000335,0,15,-15
206000361,4,232,-228
206000392,1,37,-36
206000405,87,1,86
206000441,9,5,4
206000498,19,1,18
206000515,62,19,43
206000530,69,33,36
206000531,105,49,56
206000532,2618,111,2507
206000535,388,2452,-2064
206000536,20,371,-351
206000537,16,174,-158
206000613,912,139,773
206000784,323,19,304
207000001,175,474,-299
207000002,129,416,-287
207000003,127,283,-156
207000007,444,276,168
207000008,43,13,30
207000009,33,25,8
207000010,380,741,-361
207000012,180,239,-59
207000015,328,2354,-2026
207000019,201,73,128
207000021,330,151,179
207000022,95,102,-7
207000023,83,50,33
207000024,4,13,-9
207000025,12,78,-66
207000026,113,39,74
207000027,12,78,-66
207000028,96,251,-155
207000029,232,399,-167
207000033,233,197,36
207000034,155,83,72
207000039,199,136,63
207000040,87,96,-9
207000041,30,30,0
207000042,163,56,107
207000043,161,133,28
207000051,62,379,-317
207000052,14,297,-283
207000053,327,835,-508
207000054,22,188,-166
207000055,72,296,-224
207000056,171,550,-379
207000057,111,328,-217
207000058,75,772,-697
207000059,62,1480,-1418
207000060,46,514,-468
207000061,119,193,-74
207000062,153,77,76
207000063,120,187,-67
207000064,227,181,46
207000065,170,198,-28
207000066,119,156,-37
207000067,23,120,-97
207000068,101,78,23
207000069,515,338,177
207000082,31,589,-558
207000083,68,536,-468
207000084,105,183,-78
207000085,107,11,96
207000086,51,3,48
207000106,20,14,6
207000107,43,16,27
207000108,39,6,33
207000109,25,14,11
207000110,21,59,-38
207000111,41,77,-36
207000112,154,261,-107
207000114,3,33,-30
207000115,10,83,-73
207000116,21,227,-206
207000117,11,131,-120
207000118,1,93,-92
207000119,18,111,-93
207000123,109,31,78
207000124,69,9,60
207000125,50,33,17
207000126,43,37,6
207000134,35,329,-294
207000135,15,383,-368
207000148,35,144,-109
207000149,61,33,28
207000152,162,359,-197
207000153,770,883,-113
207000154,384,187,197
207000159,58,368,-310
207000160,82,849,-767
207000238,0,164,-164
207000242,0,166,-166
207000248,24,18,6
207000249,114,62,52
207000250,734,60,674
207000251,85,54,31
207000252,33,47,-14
207000278,53,58,-5
207000279,18,305,-287
207000280,170,62,108
207000281,50,1796,-1746
207000282,112,34,78
207000283,80,378,-298
207000284,46,95,-49
207000285,197,29,168
207000291,13,147,-134
207000304,73,60,13
207000306,74,464,-390
207000310,34,36,-2
207000353,274,12,262
207000356,12,16,-4
207000357,14,7,7
207000358,9,29,-20
207000415,9,157,-148
207000417,11,5,6
207000418,73,147,-74
207000438,0,5,-5
207000439,890,316,574
207000446,87,16,71
207000460,4,9,-5
207000466,224,212,12
207000467,109,73,36
207000468,30,788,-758
207000476,4,99,-95
207000477,174,116,58
207000478,1,6,-5
207000523,0,6,-6
207000524,121,3,118
207000527,68,128,-60
207000530,123,20,103
207000531,131,13,118
207000532,24,10,14
207000534,529,31,498
207000535,29,171,-142
207000537,35,78,-43
207000540,2,216,-214
207000541,0,375,-375
207000548,14,301,-287
207000549,99,7,92
207000561,62,75,-13
207000562,35,181,-146
207000567,118,303,-185
207000568,51,145,-94
207000569,179,1557,-1378
207000584,237,125,112
207000585,55,119,-64
207000587,39,33,6
207000616,0,214,-214
207000617,62,0,62
207000624,72,44,28
207000631,1,53,-52
207900008,86,517,-431
208000001,356,798,-442
208000002,362,646,-284
208000003,737,790,-53
208000004,921,908,13
208000005,38,25,13
208000019,299,772,-473
208000020,131,437,-306
208000021,112,841,-729
208000022,447,931,-484
208000028,1369,715,654
208000033,329,918,-589
208000034,1225,2143,-918
208000037,441,55,386
208000040,56,132,-76
208000041,474,381,93
208000042,471,465,6
208000047,115,600,-485
208000064,2191,1430,761
208000066,1270,1093,177
208000070,243,393,-150
208000071,236,1029,-793
208000072,240,1486,-1246
208000080,151,366,-215
208000081,177,259,-82
208000082,150,342,-192
208000083,131,441,-310
208000084,29,12,17
208000085,887,594,293
208000086,423,943,-520
208000087,211,887,-676
208000089,581,913,-332
208000090,425,1515,-1090
208000093,104,127,-23
208000094,320,717,-397
208000095,529,385,144
208000104,702,1199,-497
208000105,366,1244,-878
208000114,36,139,-103
208000115,364,409,-45
208000116,193,759,-566
208000117,60,136,-76
208000118,117,115,2
208000155,444,979,-535
208000158,1374,2735,-1361
208000186,2568,2378,190
208000204,341,1095,-754
208000205,782,1848,-1066
208000282,3517,1484,2033
209000004,87,287,-200
209000005,21,33,-12
209000006,599,94,505
209000007,305,220,85
209000010,448,124,324
209000011,160,258,-98
209000012,138,264,-126
209000013,160,802,-642
209000014,613,2011,-1398
209000025,178,33,145
209000026,491,77,414
209000027,438,1401,-963
209000028,217,1190,-973
209000029,898,1188,-290
209000030,637,2210,-1573
209000031,5894,2695,3199
209000034,102,157,-55
209000035,113,143,-30
209000036,129,112,17
209000037,135,308,-173
209000038,86,186,-100
209000039,23,168,-145
209000040,288,426,-138
209000041,127,390,-263
209000042,254,358,-104
209000043,743,734,9
209000044,147,692,-545
209000045,927,376,551
209000046,290,513,-223
209000047,205,200,5
209000048,271,215,56
209000049,68,162,-94
209000050,182,294,-112
209000051,199,537,-338
209000052,212,497,-285
209000062,39,208,-169
209000063,34,224,-190
209000064,16,201,-185
209000065,17,41,-24
209000066,27,70,-43
209000067,23,113,-90
209000080,38,269,-231
209000082,65,38,27
209000091,36,110,-74
209000093,59,39,20
209000094,192,152,40
209000110,26,52,-26
209000111,245,1021,-776
209000112,533,518,15
209000113,1336,454,882
209000114,210,335,-125
209000115,59,281,-222
209000116,1086,718,368
209000118,52,31,21
209000119,47,13,34
209000121,216,980,-764
209000135,77,84,-7
209000142,574,1227,-653
209000143,138,105,33
209000144,72,64,8
209000229,112,190,-78
209000240,32,658,-626
209000259,87,173,-86
209000260,81,920,-839
209000261,1,691,-690
209000262,4,764,-760
209000263,0,149,-149
209000264,0,28,-28
209000265,151,1,150
209000266,33,3,30
209000267,320,1,319
209000268,238,22,216
210000037,50,37,13
210000047,43,38,5
210000048,27,47,-20
210000049,36,54,-18
210000052,21,176,-155
210000053,14,119,-105
210000054,49,156,-107
210000070,61,2,59
210000071,31,0,31
210000072,19,0,19
210000073,3,66,-63
210000074,1,177,-176
210000075,5,58,-53
210000076,17,108,-91
210000077,48,41,7
210000078,54,43,11
210000079,59,9,50
210000080,191,38,153
210000081,87,11,76
210000082,59,0,59
210000083,46,1,45
210000084,11,0,11
210000085,1,152,-151
210000086,2,143,-141
210000099,43,257,-214
210000100,40,262,-222
210000101,71,332,-261
210000105,45,236,-191
210000159,2,138,-136
210000163,215,288,-73
210000164,245,89,156
210000168,277,23,254
210000187,0,15,-15
210000188,0,27,-27
210000214,15,0,15
210000219,10,86,-76
210000220,56,227,-171
210000232,6,25,-19
210000233,21,61,-40
210000234,18,212,-194
210000235,15,222,-207
210000245,0,52,-52
210000246,92,89,3
210000258,9,117,-108
210000259,139,36,103
210000282,59,171,-112
210000285,3,124,-121
210000286,19,171,-152
210000290,4,7,-3
210000295,31,200,-169
210000296,57,103,-46
210000320,109,194,-85
210000321,93,96,-3
210000338,99,198,-99
210000339,532,779,-247
210000340,93,295,-202
210000341,100,308,-208
210000342,86,215,-129
210000343,109,226,-117
210000344,373,137,236
210000345,188,210,-22
210000346,56,140,-84
210000347,202,43,159
210000348,178,13,165
210000349,124,18,106
210000350,63,72,-9
210000351,62,138,-76
210000352,36,147,-111
210000353,31,162,-131
210000354,66,154,-88
210000355,113,133,-20
210000356,131,67,64
210000357,77,68,9
210000358,426,80,346
210000359,164,58,106
210000360,145,93,52
210000361,122,196,-74
210000362,140,202,-62
210000363,1023,140,883
210000364,90,60,30
210000365,57,26,31
210000366,85,37,48
210000367,47,31,16
210000368,132,12,120
210000369,18,29,-11
210000370,65,105,-40
210000372,166,59,107
210000373,157,15,142
210000374,70,13,57
210000375,32,147,-115
210000376,107,195,-88
210000404,68,184,-116
210000439,7,84,-77
210000472,101,10,91
210000482,85,66,19
210000564,422,100,322
210000567,4,25,-21
210000568,671,2,669
211000092,19,90,-71
211000094,27,5,22
211000169,167,6,161
211000172,17,243,-226
211000209,1,12,-11
211000226,9,27,-18
211000270,42,4,38
211000275,27,23,4
211000276,61,31,30
211000279,6,90,-84
211000281,17,83,-66
211000302,8,94,-86
211507980,0,18,-18
211977296,35,6,29
212000003,193,70,123
212000004,95,33,62
212000005,50,31,19
212000006,33,148,-115
212000008,97,422,-325
212000009,20,329,-309
212000012,29,95,-66
212000013,13,50,-37
212000014,138,193,-55
212000015,173,329,-156
212000016,330,772,-442
212000027,435,629,-194
212000028,260,467,-207
212000029,190,315,-125
212000030,18,35,-17
212000031,43,130,-87
212000048,9,96,-87
212000049,5,83,-78
212000050,8,15,-7
212000051,136,360,-224
212000052,102,592,-490
212000053,288,821,-533
212000054,72,209,-137
212000055,167,417,-250
212000056,4,32,-28
212000057,3,28,-25
212000058,468,18,450
212000070,98,470,-372
212000077,120,899,-779
212000099,136,323,-187
212000108,411,286,125
212000111,165,162,3
212000120,239,199,40
212000138,77,25,52
212000156,7,139,-132
212000158,1,10,-9
212000159,182,57,125
212000160,355,283,72
212000161,46,13,33
212000310,13,22,-9
212000311,5,102,-97
212000374,8,11,-3
213000001,33,861,-828
213000005,212,101,111
213000006,799,112,687
213000007,84,13,71
213000009,494,225,269
213000010,157,168,-11
213000011,175,140,35
213000012,116,338,-222
213000014,43,4,39
213000015,118,3,115
213000016,159,0,159
213000017,17,1,16
213000018,2,222,-220
213000019,2,222,-220
213000020,90,379,-289
213000021,6,118,-112
213000023,178,182,-4
213000033,150,767,-617
213000034,532,312,220
213000035,64,218,-154
213000045,97,314,-217
213000046,146,235,-89
213000047,512,613,-101
213000056,37,16,21
213000069,55,4,51
213000073,0,23,-23
213000074,163,725,-562
213000075,333,1,332
213000076,15,2,13
213000085,3,41,-38
213000086,17,296,-279
213000091,38,9,29
213000092,18,11,7
213000099,195,839,-644
213000100,1044,232,812
213000101,135,129,6
213000102,196,422,-226
213000103,568,891,-323
213000104,43,613,-570
213000105,1,82,-81
213000106,15,281,-266
213000107,125,903,-778
213000108,15,549,-534
213000109,1,323,-322
213000110,2,53,-51
213000111,5,94,-89
213000112,93,163,-70
213000115,43,0,43
213000116,117,1163,-1046
213000117,15,1638,-1623
213000118,179,432,-253
213000119,42,1137,-1095
213000120,104,1115,-1011
213000122,347,925,-578
213000123,1037,1259,-222
213000124,58,1430,-1372
213000125,89,10,79
213000126,38,133,-95
213000127,125,131,-6
213000128,811,459,352
213000129,378,266,112
213000130,173,160,13
213000132,135,65,70
213000133,151,63,88
213000134,486,8,478
213000136,169,8,161
213000137,309,58,251
213000139,375,16,359
213000147,71,2,69
213000148,22,11,11
213000149,72,5,67
213000150,1,78,-77
213000151,1,120,-119
213000152,1,72,-71
213000153,0,45,-45
213000154,16,394,-378
213000155,33,424,-391
213000156,59,1020,-961
213000157,1207,585,622
213000158,154,489,-335
213000159,221,801,-580
213000163,286,98,188
213000165,353,109,244
213000171,14,175,-161
213000172,37,367,-330
213000173,1,118,-117
213000174,0,36,-36
213000175,10,78,-68
213000176,3,124,-121
213000177,1,42,-41
213000178,22,7,15
213000179,88,41,47
213000180,87,90,-3
213000184,56,595,-539
213000188,151,73,78
213000189,128,23,105
213000190,478,1040,-562
213000191,133,649,-516
213000192,86,934,-848
213000193,2580,144,2436
213000194,0,36,-36
213000195,13,638,-625
213000196,240,937,-697
213000197,175,503,-328
213000198,31,2,29
213000200,91,1232,-1141
213000201,72,70,2
213000202,6,1198,-1192
213000203,4092,391,3701
213000204,399,46,353
213000205,90,50,40
213000206,192,54,138
213000207,91,10,81
213000208,102,0,102
213000209,109,0,109
213000210,357,4,353
213000211,12,13,-1
213000212,17,10,7
213000213,8,24,-16
213000218,155,903,-748
213000219,220,19,201
213000220,250,5,245
213000223,155,99,56
213000224,31,23,8
213000225,27,2,25
213000226,43,5,38
213000227,424,168,256
213000228,143,81,62
213000229,363,23,340
213000230,238,34,204
213000232,85,656,-571
213000233,2,18,-16
213000234,9,36,-27
213000293,16,61,-45
213000294,84,7,77
213000295,10,79,-69
213000296,60,21,39
213000297,8,111,-103
213000298,25,89,-64
213000299,44,56,-12
213000300,32,3,29
213000303,12,24,-12
213000304,3,4,-1
213000305,1,11,-10
213000306,67,45,22
213000307,364,69,295
213000308,78,355,-277
213000309,91,55,36
213000310,117,84,33
213000311,183,683,-500
213000315,53,204,-151
213000316,43,39,4
213000322,44,34,10
213000323,10,39,-29
213000340,86,1329,-1243
213000341,125,90,35
213000346,94,54,40
213000347,701,103,598
213000348,3,128,-125
213000349,11,4,7
213000350,197,1792,-1595
213000366,51,523,-472
213000367,96,52,44
213000379,32,263,-231
213000386,18,209,-191
213000406,127,384,-257
213000417,714,321,393
213000425,26,41,-15
213000426,48,92,-44
213000427,15,353,-338
213000428,32,333,-301
213000429,9,3,6
213000430,90,1813,-1723
213000431,245,2,243
213000432,2,7,-5
213000433,12,168,-156
213000434,23,110,-87
213000435,46,142,-96
213000439,33,15,18
213000441,1,0,1
213000443,437,519,-82
213000445,1,156,-155
213000446,2,15,-13
213000447,3,58,-55
213000448,3,54,-51
213000449,105,0,105
213000450,7,41,-34
213000451,70,75,-5
213000452,3,33,-30
213000453,40,433,-393
213000455,181,17,164
213000456,0,73,-73
213000481,17,6,11
213000482,42,2,40
213000489,387,42,345
213000491,0,163,-163
213000492,291,0,291
213000493,1,74,-73
213000494,55,103,-48
213000495,0,98,-98
213000496,140,195,-55
213000497,32,271,-239
213000498,47,161,-114
213000499,74,580,-506
213000500,100,57,43
213000501,41,32,9
213000502,152,44,108
213000503,0,49,-49
213000504,1,130,-129
213000505,4,12,-8
213000506,0,5,-5
213000507,2,125,-123
213900244,2,0,2
213900245,0,25,-25
218000003,19,8,11
218000004,25,10,15
218000005,27,50,-23
218000006,60,22,38
218000007,3,6,-3
218000012,409,164,245
218000013,57,136,-79
218000014,223,293,-70
218000019,650,502,148
218000020,213,501,-288
218000040,6,5,1
218000046,28,203,-175
218000047,6,306,-300
218000048,37,355,-318
218000049,72,274,-202
218000050,237,399,-162
218000051,39,557,-518
218000052,0,185,-185
218000053,0,19,-19
218000054,42,25,17
218000055,6,13,-7
218000056,11,38,-27
218000057,2,27,-25
218000064,0,12,-12
218000065,14,56,-42
218000066,7,39,-32
218000067,26,154,-128
218000068,67,93,-26
218000069,72,250,-178
218000070,95,308,-213
218000071,118,298,-180
218000072,189,314,-125
218000078,523,1725,-1202
218000079,28,53,-25
218000080,49,83,-34
218000081,157,299,-142
218000082,15,148,-133
218000083,20,70,-50
218000084,36,172,-136
218000085,61,482,-421
218000086,12,205,-193
218000087,130,318,-188
218000090,5,38,-33
218000091,717,429,288
218000092,44,186,-142
218000093,48,139,-91
218000094,382,775,-393
218000099,194,333,-139
218000100,156,241,-85
218000101,99,120,-21
218000102,114,375,-261
218000103,39,180,-141
218000104,31,49,-18
218000105,30,9,21
218000106,15,7,8
218000107,45,98,-53
218000108,0,70,-70
218000112,48,20,28
218000117,18,32,-14
218000134,265,1082,-817
218000135,17,147,-130
218000136,179,62,117
218000137,136,100,36
218000138,20,125,-105
218000139,93,387,-294
218000140,159,198,-39
218000141,41,72,-31
218000142,111,87,24
218000143,21,102,-81
218000144,44,62,-18
218000145,161,450,-289
218000146,57,100,-43
218000151,6,26,-20
218000152,59,68,-9
218000170,2,38,-36
218000171,44,17,27
218000172,4,11,-7
218000173,47,15,32
218000174,7,1,6
218000176,75,19,56
218000177,159,118,41
218000178,42,132,-90
218000179,63,38,25
218000180,47,16,31
218000181,99,44,55
218000187,0,15,-15
218000188,20,48,-28
218000189,18,57,-39
218000190,0,7,-7
218000191,70,157,-87
218000192,111,672,-561
218000193,240,655,-415
218000194,55,537,-482
218000195,82,94,-12
218000196,182,251,-69
218000197,84,346,-262
218000198,3,163,-160
218000199,15,29,-14
218000200,68,59,9
218000201,9,19,-10
218000202,359,185,174
218000207,20,71,-51
218000208,17,64,-47
218000211,30,15,15
218000213,87,114,-27
218000214,2,46,-44
218000215,44,101,-57
218000217,0,164,-164
218000218,114,88,26
218000219,81,34,47
218000220,271,298,-27
218000221,1236,137,1099
218000222,53,9,44
218000223,14,123,-109
218000224,4,59,-55
218000225,81,11,70
218000226,36,55,-19
218000232,23,134,-111
218000239,28,2,26
218000240,7,2,5
218000241,13,0,13
218000242,29,1,28
218000243,17,2,15
218000244,3,2,1
218000245,17,1,16
218000246,4,2,2
218000247,0,1,-1
218000248,0,19,-19
218000249,0,2,-2
218000250,6,10,-4
218000251,2,20,-18
218000252,3,6,-3
218000253,2,18,-16
218000254,0,6,-6
218000255,0,3,-3
218000256,3,44,-41
218000267,1331,1105,226
218000268,8,50,-42
218000269,5,10,-5
218000270,35,67,-32
218000271,21,82,-61
218000273,21,25,-4
218000274,10,17,-7
218000275,3,22,-19
218000276,3,43,-40
218000278,13,19,-6
218000279,28,85,-57
218000280,3,51,-48
218000281,4,16,-12
218000282,584,274,310
218000284,209,22,187
218000301,50,85,-35
218000302,42,41,1
218000303,22,69,-47
218000316,429,1246,-817
218000317,539,1196,-657
218000318,266,871,-605
218000319,527,2198,-1671
218000320,359,957,-598
218000338,67,23,44
218000345,109,51,58
218000346,55,137,-82
218000459,39,321,-282
218000490,61,66,-5
218000501,45,27,18
218000502,58,110,-52
218000503,50,12,38
218000504,136,11,125
218000505,45,163,-118
218000506,15,153,-138
218000508,0,1,-1
218000510,142,4,138
218000520,104,103,1
218000521,2,143,-141
218000522,2,157,-155
218000523,215,5,210
218000524,17,94,-77
218000525,28,14,14
218000526,16,72,-56
218000529,35,590,-555
218000531,7,22,-15
218000532,20,26,-6
218000534,43,18,25
218000537,52,33,19
218000538,94,114,-20
218000540,232,43,189
218000543,74,42,32
218000544,35,144,-109
218000545,38,35,3
218000546,22,167,-145
218000547,40,77,-37
218000548,67,267,-200
218000549,229,112,117
218000550,178,607,-429
218000551,160,589,-429
218000552,374,27,347
218000553,12,85,-73
218000554,21,56,-35
218000555,13,54,-41
218000556,93,509,-416
218000557,191,180,11
218000558,13,3,10
218000559,0,13,-13
218000560,0,11,-11
218000561,13,0,13
218000562,34,165,-131
218000563,172,15,157
218000564,9,82,-73
218000565,81,25,56
218000566,139,15,124
218000567,2,47,-45
218000568,6,2,4
218000569,5,116,-111
218000570,133,5,128
218000571,0,117,-117
218000572,68,1,67
218000573,21,39,-18
218000574,57,56,1
218000575,51,1,50
218000576,1,51,-50
218000577,71,0,71
218000578,0,106,-106
218000579,50,3,47
218000581,4,73,-69
218000582,15,11,4
218000583,0,1,-1
218000584,0,32,-32
218000585,22,1,21
218000586,0,35,-35
218000587,0,4,-4
218000588,0,4,-4
218000589,0,5,-5
218000590,1,0,1
218000591,1,3,-2
218000592,9,0,9
218000593,11,1,10
218000594,3,1,2
218000597,3,3,0
218000598,0,0,0
218000599,1,1,0
218000600,0,0,0
218000601,0,2,-2
218000602,0,5,-5
218000603,0,4,-4
218000604,3,0,3
218000605,0,21,-21
218000606,120,0,120
218000607,18,65,-47
218000608,53,19,34
218000609,3,46,-43
218000610,66,1,65
218000611,4,1,3
218000612,0,23,-23
218000613,5,5,0
218000614,0,42,-42
218000615,86,1,85
218000616,4,187,-183
218000617,10,1,9
218000618,0,19,-19
218000619,2,26,-24
218000620,0,10,-10
218000621,0,1,-1
218000622,0,3,-3
218000623,39,1,38
218000624,2,5,-3
218000625,10,2,8
218000626,0,4,-4
218000628,69,26,43
218000631,39,33,6
218000632,0,70,-70
218000633,41,0,41
218000634,0,27,-27
218000635,6,10,-4
218000636,402,1925,-1523
218000637,393,564,-171
218000638,46,104,-58
218000639,11,214,-203
218000640,67,42,25
218000641,31,433,-402
218000652,62,150,-88
218000653,103,52,51
218000663,4,245,-241
218000675,50,77,-27
218000680,164,977,-813
218000681,278,162,116
218000691,77,730,-653
218000693,99,171,-72
218000718,683,559,124
218000719,1087,152,935
218000720,5,62,-57
218000721,28,13,15
218001147,13,868,-855
218001214,21,31,-10
218001258,64,10,54
218001329,164,148,16
218001330,143,189,-46
218001351,13,16,-3
218001352,11,22,-11
218001353,6,8,-2
218001354,13,12,1
218001355,93,571,-478
218001356,93,8,85
218001357,52,526,-474
218001358,80,10,70
218001361,172,45,127
218001362,1,963,-962
219000001,27,93,-66
219000002,34,63,-29
219000003,39,27,12
219000004,42,50,-8
219000017,183,20,163
219000020,58,14,44
219000022,85,0,85
219000023,53,0,53
219000029,0,97,-97
219000034,29,11,18
219000039,33,31,2
219000040,17,18,-1
219000041,62,24,38
219000051,0,38,-38
219000052,0,12,-12
219000053,1,352,-351
219000055,52,1,51
219000056,6,1,5
219000057,45,0,45
219000062,22,306,-284
219000063,50,6,44
219000064,11,38,-27
219000110,191,28,163
219000111,56,19,37
219000112,128,51,77
219000113,102,46,56
219000114,172,31,141
219000116,52,43,9
219000117,107,129,-22
219000118,58,98,-40
219000123,433,92,341
219000124,47,51,-4
219000125,6,33,-27
219000126,64,102,-38
219000127,1,5,-4
219000128,18,93,-75
219000129,27,195,-168
219000130,628,732,-104
219000131,479,428,51
219000133,51,23,28
219000134,7,33,-26
219000135,8,33,-25
219000136,153,140,13
219000138,43,14,29
219000139,15,73,-58
219000140,13,1,12
219000141,10,149,-139
219000142,9,124,-115
219000143,16,94,-78
219000145,10,49,-39
219000146,8,60,-52
219000147,1,64,-63
219000148,6,100,-94
219000149,18,221,-203
219000150,2,117,-115
219000151,5,73,-68
219000157,107,119,-12
219000158,118,284,-166
219000161,128,9,119
219000163,1431,401,1030
219000166,53,214,-161
219000167,63,275,-212
219000168,154,104,50
219000174,149,83,66
219000175,44,0,44
219000176,44,3,41
219000177,9,3,6
219000178,13,4,9
219000179,5,7,-2
219000180,25,28,-3
219000182,44,24,20
219000183,14,40,-26
219000184,40,9,31
219000185,0,89,-89
219000186,21,71,-50
219000187,22,148,-126
219000189,160,198,-38
219000190,113,291,-178
219000191,1209,726,483
219000192,151,99,52
219000193,726,188,538
219000195,1,70,-69
219000196,4,157,-153
219000198,16,192,-176
219000199,108,186,-78
219000200,34,159,-125
219000201,87,224,-137
219000203,27,164,-137
219000204,102,253,-151
219000205,75,192,-117
219000207,160,207,-47
219000209,13,87,-74
219000210,90,129,-39
219000213,10,457,-447
219000239,102,215,-113
219000240,133,315,-182
219000241,53,313,-260
219000242,19,273,-254
219000243,109,436,-327
219000244,51,255,-204
219000245,31,80,-49
219000246,50,10,40
219000247,51,27,24
219000248,331,143,188
219000249,82,37,45
219000250,51,94,-43
219000251,314,112,202
219000252,199,85,114
219000253,124,34,90
219000255,65,83,-18
219000256,83,79,4
219000257,96,21,75
219000262,75,281,-206
219000263,25,321,-296
219000267,4,250,-246
219000268,9,5,4
219000269,5,2,3
219000270,2,0,2
219000271,58,1,57
219000278,0,18,-18
219000279,0,12,-12
219000283,0,14,-14
219000295,4,137,-133
219000296,65,618,-553
219000297,16,175,-159
219000298,8,295,-287
219000299,236,74,162
219000300,22,316,-294
219000301,373,273,100
219000302,35,204,-169
219000307,22,48,-26
219000308,18,21,-3
219000311,62,52,10
219000312,282,72,210
219000313,107,26,81
219000314,87,537,-450
219000315,121,25,96
219000316,233,50,183
219000317,29,36,-7
219000320,1,39,-38
219000321,0,16,-16
219000323,2,115,-113
219000325,0,34,-34
219000326,45,122,-77
219000327,29,51,-22
219000328,19,39,-20
219000329,139,96,43
219000330,19,22,-3
219000331,31,31,0
219000332,31,66,-35
219000333,4,1,3
219000335,36,1,35
219000337,5,0,5
219000338,69,5,64
219000344,15,78,-63
219000345,75,104,-29
219000346,19,182,-163
219000348,49,284,-235
219000349,23,359,-336
219000350,27,70,-43
219000351,18,0,18
219000352,131,46,85
219000353,87,57,30
219000354,71,135,-64
219000355,71,37,34
219000356,1069,430,639
219000363,161,22,139
219000364,83,20,63
219000365,59,10,49
219000366,224,163,61
219000368,355,323,32
219000370,837,185,652
219000371,4,13,-9
219000382,4,12,-8
219000383,694,679,15
219000385,465,479,-14
219000386,978,1395,-417
219000387,0,4,-4
219000390,5,6,-1
219000391,3,0,3
219000397,49,64,-15
219000398,34,18,16
219000401,10,108,-98
219000402,13,110,-97
219000403,69,143,-74
219000404,10,81,-71
219000407,4,20,-16
219000409,27,33,-6
219000410,40,17,23
219000411,24,22,2
219000446,232,445,-213
219000447,0,28,-28
219000448,9,2,7
219000452,92,54,38
219000453,78,146,-68
219000454,308,126,182
219000556,102,57,45
219000558,77,386,-309
219000590,24,206,-182
219000591,32,43,-11
219000592,71,357,-286
219000595,2,45,-43
219000635,52,78,-26
219000636,23,97,-74
219000657,11,3,8
219000658,7,39,-32
219000673,0,4,-4
219000676,10,1,9
219000679,26,4,22
219000684,63,0,63
219000685,1,111,-110
219000686,1,0,1
219000688,0,120,-120
219000689,39,180,-141
219000690,120,11,109
219000691,81,158,-77
219000692,100,27,73
219000693,0,31,-31
219000694,2,0,2
219000695,11,7,4
219000698,95,11,84
219000699,0,17,-17
219000727,9,324,-315
219000728,43,0,43
219000770,10,1,9
219000771,0,28,-28
219000788,241,420,-179
219001150,0,9,-9
219001151,0,2,-2
219001166,37,13,24
219001167,0,98,-98
219001178,20,4,16
220000001,30,47,-17
220000002,16,189,-173
220000003,509,375,134
220000004,659,622,37
220000005,1241,1254,-13
220000006,127,869,-742
220000007,209,778,-569
220000008,262,1318,-1056
220000009,174,645,-471
220000010,195,179,16
220000011,694,3162,-2468
220000012,117,311,-194
220000014,48,47,1
220000015,62,221,-159
220000017,37,457,-420
220000018,7271,1321,5950
220000019,60,226,-166
220000020,318,207,111
220000021,322,167,155
220000022,323,542,-219
220000023,128,164,-36
220000024,1079,322,757
220000025,585,461,124
220000026,182,111,71
220000027,11,81,-70
220000028,18,28,-10
220000029,61,183,-122
220000030,53,80,-27
220000031,157,302,-145
220000064,20,1377,-1357
221000046,2,0,2
221000047,0,0,0
221000048,0,11,-11
221000049,0,5,-5
221000050,12,3,9
221000055,32,46,-14
221000068,309,50,259
221000069,277,34,243
221000070,134,17,117
221000071,31,4,27
221000072,143,10,133
221000073,95,53,42
221000074,0,15,-15
221000075,11,11,0
221000076,16,33,-17
221000077,26,42,-16
221000081,52,28,24
221000082,23,2,21
221000083,64,2,62
221000084,5,1,4
221000085,10,68,-58
221000086,7,111,-104
221000087,7,181,-174
221000088,25,183,-158
221000089,26,245,-219
221000090,94,467,-373
221000098,92,18,74
221000099,80,7,73
221000100,49,11,38
221000101,148,10,138
221000107,13,7,6
221000108,20,13,7
221000109,1,32,-31
221000110,0,65,-65
221000111,33,343,-310
221000112,4,202,-198
221000113,11,224,-213
221000114,10,204,-194
221000120,23,27,-4
221000121,1,18,-17
221000122,14,17,-3
221000123,13,48,-35
221000124,18,279,-261
221000155,26,4,22
221000156,49,26,23
221000175,1,9,-8
221000176,4,2,2
221000182,41,4,37
221000241,530,129,401
221000242,162,323,-161
221000243,414,71,343
221000244,145,453,-308
221000245,61,117,-56
221000246,14,304,-290
221000247,69,111,-42
221000248,53,247,-194
221000267,31,1041,-1010
221000325,46,60,-14
221000331,0,117,-117
221000338,12,24,-12
221000378,73,32,41
221000381,79,185,-106
222000282,5,1,4
222000296,0,21,-21
222000568,216,6,210
222000569,84,13,71
222000570,55,2,53
222000571,189,17,172
222000577,5,350,-345
222000578,26,256,-230
222000579,42,155,-113
222000580,139,858,-719
222000599,1,136,-135
222000600,4,290,-286
222000601,5,804,-799
222000603,3,20,-17
222000604,3,18,-15
222000605,4,13,-9
222000606,0,7,-7
222000607,1,2,-1
222000608,22,6,16
222000609,34,502,-468
222000616,91,41,50
222000617,6,20,-14
222000618,6,5,1
222000620,86,20,66
222000621,45,14,31
222000623,348,6,342
222000624,224,1,223
222000625,200,96,104
222000636,84,3,81
222000686,14,17,-3
222000687,8,29,-21
222001066,395,1,394
222001067,4,14,-10
222001068,12,158,-146
222001069,12,94,-82
222001082,2,42,-40
222001083,4,69,-65
222001084,1,39,-38
222001085,0,55,-55
222001111,6,331,-325
222001112,50,51,-1
222001313,11,6,5
222001314,0,72,-72
222001464,75,51,24
222001465,8,410,-402
222001484,46,40,6
222001485,22,96,-74
222001494,125,108,17
222001495,60,683,-623
222001496,152,62,90
222001497,85,783,-698
222001502,13,120,-107
222001503,35,30,5
222001504,14,198,-184
222001505,145,7,138
222001506,21,147,-126
222001507,105,22,83
222001510,155,21,134
222001511,13,474,-461
222001514,303,78,225
222001515,124,793,-669
222001518,84,45,39
222001519,20,486,-466
222001527,102,25,77
222001528,28,240,-212
222001529,71,21,50
222001530,18,288,-270
222001533,62,423,-361
222001534,82,33,49
222001535,89,99,-10
222001536,72,624,-552
222001537,76,10,66
222001538,31,600,-569
222001563,212,49,163
222001564,24,1042,-1018
222001568,160,62,98
222001576,1,1,0
222001579,1,1,0
222001583,8,322,-314
222001584,31,42,-11
222001596,516,1926,-1410
222001597,697,143,554
222001626,3,143,-140
222001650,12,53,-41
222001651,30,143,-113
222001914,85,37,48
222001915,50,269,-219
222001968,256,123,133
222001969,290,1270,-980
222001970,97,282,-185
222001971,8,69,-61
222001972,2,15,-13
225000001,281,96,185
225000002,169,82,87
225000003,169,71,98
225000004,119,209,-90
225000005,6,73,-67
225000006,0,157,-157
225000007,4417,1005,3412
225000010,192,13,179
225000011,500,908,-408
225000012,93,507,-414
225000013,118,144,-26
225000014,746,65,681
225000015,79,241,-162
225000021,351,276,75
225000027,201,532,-331
225000032,312,204,108
225000042,83,796,-713
225000049,30,75,-45
225000050,43,39,4
225000053,8,157,-149
225000058,549,167,382
225000067,69,220,-151
225000068,60,638,-578
225000069,101,614,-513
225000070,58,635,-577
225000071,16,408,-392
225000075,33,1144,-1111
225000076,64,161,-97
225000078,53,37,16
225000085,23,102,-79
225000086,212,50,162
225000087,123,11,112
225000088,7,98,-91
225000089,280,638,-358
225000090,22,514,-492
225000091,84,324,-240
225000092,24,94,-70
225000093,94,548,-454
225000094,8,655,-647
225000095,199,676,-477
225000096,200,557,-357
225000098,306,137,169
225000099,133,116,17
225000100,91,104,-13
225000104,61,537,-476
225000110,10,571,-561
225000111,183,1265,-1082
225000112,386,1015,-629
225000113,98,807,-709
225000114,50,389,-339
225000115,3648,471,3177
225000116,826,124,702
225000117,858,416,442
225000118,528,328,200
225000119,117,92,25
225000120,329,77,252
225000121,310,34,276
225000123,1704,8,1696
225000125,221,415,-194
225000126,1361,199,1162
225000127,844,458,386
225000128,322,358,-36
225000132,178,26,152
225000133,149,29,120
225000134,454,98,356
225000135,16,7,9
225000136,148,15,133
225000137,85,75,10
225000138,291,62,229
225000143,127,149,-22
225000144,4,318,-314
225000145,10,78,-68
225000146,56,163,-107
225000147,13,464,-451
225000148,4,323,-319
225000149,48,557,-509
225000151,25,346,-321
225000155,264,518,-254
225000156,318,579,-261
225000157,214,387,-173
225000158,125,541,-416
225000171,3,188,-185
225000180,35,2,33
225000181,1,46,-45
225000182,142,10,132
225000185,6,448,-442
225000187,28,512,-484
225000191,76,2,74
225000194,0,6,-6
225000208,1,39,-38
225000209,53,11,42
225000210,13,223,-210
225000217,0,15,-15
225000218,4,2,2
225000223,2,231,-229
225000224,410,0,410
225000225,1,74,-73
225000226,199,6,193
225000227,53,74,-21
225000228,22,16,6
225000229,0,103,-103
225000230,2,1,1
225000231,0,130,-130
225000232,40,0,40
225000241,72,1,71
225000242,0,44,-44
225000249,40,41,-1
225000250,47,1095,-1048
225000251,260,16,244
226000042,549,777,-228
226000043,91,353,-262
226000044,157,1133,-976
226000045,76,572,-496
226000046,356,29,327
226000047,224,58,166
226000048,211,64,147
226000049,152,85,67
226000070,0,49,-49
226000071,0,65,-65
226000072,0,10,-10
226000073,0,3,-3
226000074,0,7,-7
226000084,2,49,-47
226000085,12,15,-3
226000086,0,6,-6
226000087,1,8,-7
226000088,4,11,-7
226000090,69,42,27
226000091,5,6,-1
226000092,2,0,2
226000093,13,1,12
226000094,25,6,19
226000095,20,2,18
226000105,2,0,2
226000106,3,0,3
226000107,3,0,3
226000108,9,0,9
226000109,43,0,43
226000124,129,36,93
226000134,257,436,-179
226000135,537,616,-79
226000136,175,360,-185
226000137,6,792,-786
226000138,9,495,-486
226000139,2,17,-15
226000156,36,4,32
226000157,65,4,61
226000163,86,584,-498
226000202,3,718,-715
226000231,191,6,185
226000232,21,2,19
227000033,9,4,5
227000037,103,20,83
227000038,195,29,166
227000049,0,16,-16
227000050,0,53,-53
227000055,19,0,19
227000056,28,1,27
227000084,2,38,-36
227000085,0,28,-28
227000088,81,4,77
227000089,51,2,49
227000090,30,1,29
227000091,18,3,15
227000093,59,0,59
227000094,26,1,25
227000130,40,70,-30
227000131,13,246,-233
227000132,8,248,-240
227000133,5,274,-269
227000134,19,375,-356
227000152,0,4,-4
227000153,0,12,-12
227000155,1,12,-11
227000156,0,13,-13
227000165,1,14,-13
227000196,36,596,-560
227000199,124,25,99
227000230,32,389,-357
227000232,174,33,141
227000241,84,25,59
227000242,26,400,-374
227000243,261,60,201
227000244,190,63,127
227000245,9,333,-324
227000246,41,507,-466
227000247,196,67,129
227000248,325,25,300
227000249,21,247,-226
227000250,45,16,29
227000251,177,327,-150
227000252,10,379,-369
227000253,52,17,35
227000262,146,35,111
227000266,238,31,207
227000267,62,2145,-2083
227000486,330,115,215
227000655,74,11,63
227000661,95,16,79
227000680,168,28,140
229000265,6,60,-54
229000296,5,18,-13
229000297,3,45,-42
229000298,13,182,-169
229000320,7,3,4
229000321,6,4,2
229000412,15,44,-29
229000414,10,56,-46
229000415,13,2,11
229000416,1,15,-14
229000417,0,13,-13
229000419,63,233,-170
229000440,147,64,83
229000442,30,0,30
229000443,2,3,-1
229000444,0,32,-32
229000445,22,8,14
229000446,44,15,29
229000847,24,0,24
229000848,7,1,6
229000849,51,2,49
229000851,27,0,27
229000854,3,90,-87
229000856,3,239,-236
229000857,0,54,-54
229000858,0,143,-143
229000919,4,115,-111
229000930,2,311,-309
229000937,38,11,27
229000966,19,21,-2
229000981,15,70,-55
229000985,4,44,-40
229000986,0,7,-7
229000987,0,1,-1
229000988,2,0,2
229000989,3,4,-1
229000990,0,0,0
229000991,0,1,-1
229000992,1,5,-4
229000993,180,7,173
229000998,5,65,-60
229000999,58,16,42
229001034,0,16,-16
229001035,5,2,3
229001037,28,8,20
229001042,8,22,-14
229001047,4,72,-68
229001050,44,66,-22
229001200,23,2,21
229001338,2,11,-9
229001394,107,0,107
229001422,50,10,40
229001423,41,156,-115
229001431,15,24,-9
229001432,29,105,-76
229001444,47,88,-41
229001445,24,187,-163
229001503,118,59,59
229001504,98,324,-226
229001505,52,31,21
229001506,32,258,-226
229001509,33,17,16
229001545,28,7,21
229001546,7,108,-101
229001553,32,8,24
229001554,13,126,-113
229001559,2,8,-6
229001560,1,20,-19
229001630,26,6,20
229001631,6,31,-25
229001635,0,6,-6
229001636,0,1,-1
229001658,2,98,-96
229001659,54,0,54
229001660,1,5,-4
229001661,2,18,-16
229001662,34,1,33
229001663,0,19,-19
229002584,131,129,2
229002831,220,102,118
229002841,2,34,-32
229002842,9,18,-9
229002843,28,11,17
229002844,25,43,-18
229002845,4,36,-32
229002846,34,21,13
229002847,1,13,-12
229002848,2,4,-2
229002849,3,61,-58
229002850,1,1,0
229002851,39,99,-60
229002852,45,7,38
229002853,69,26,43
229002854,64,28,36
229002855,13,25,-12
229002856,16,9,7
229002857,0,33,-33
229002858,0,6,-6
229002859,18,20,-2
229002860,33,5,28
229002861,25,10,15
229002862,10,7,3
229002863,23,5,18
229002864,1,25,-24
229002865,21,8,13
229002866,25,14,11
229002867,6,9,-3
229002868,7,6,1
229002869,1,94,-93
229002870,40,6,34
235000066,135,76,59
235000067,70,104,-34
235000072,13,61,-48
235000073,33,186,-153
235000074,3,62,-59
235000080,33,64,-31
235000081,43,161,-118
235000082,59,35,24
235000083,60,52,8
235000084,49,34,15
235000085,23,47,-24
235000089,7,38,-31
235000092,7,90,-83
235000093,7,4,3
235000097,8,5,3
235000098,19,19,0
235000099,20,23,-3
235000116,43,32,11
235000117,542,12,530
235000133,10,158,-148
235000134,3,59,-56
235000206,0,8,-8
235000207,1,3,-2
235000208,6,1,5
235000209,5,2,3
235000210,3,2,1
235000212,2,27,-25
235000213,2,15,-13
235000220,0,1,-1
235000221,29,7,22
235000238,9,21,-12
235000239,0,2,-2
235000242,202,196,6
235000245,966,137,829
235000246,7,39,-32
235000284,4,103,-99
235000295,124,5,119
235000305,88,6,82
235000306,89,4,85
235000307,17,3,14
235000308,12,1,11
235000309,21,0,21
235000310,4,0,4
235000311,32,10,22
235000322,0,23,-23
235000323,0,60,-60
235000324,6,23,-17
235000325,0,15,-15
235000326,1,399,-398
235000351,10,134,-124
235000352,8,42,-34
235000353,1,35,-34
235000354,6,27,-21
235000355,3,53,-50
235000356,37,30,7
235000357,10,15,-5
235000358,31,14,17
235000359,2,2,0
235000360,17,7,10
235000361,26,4,22
235000381,27,369,-342
235000382,62,28,34
235000390,6,0,6
235000391,32,17,15
235000392,47,90,-43
235000393,34,62,-28
235000395,35,23,12
235000396,84,45,39
235000400,107,63,44
235000401,33,185,-152
235000405,67,278,-211
235000406,15,239,-224
235000407,50,118,-68
235000409,191,187,4
235000410,32,238,-206
235000411,1,104,-103
235000485,0,5,-5
235000486,2,0,2
235000549,24,41,-17
235000550,33,170,-137
235000599,44,41,3
235000600,19,15,4
235000601,19,30,-11
235000602,11,109,-98
235000614,1,1,0
235000648,0,19,-19
235000649,14,3,11
235000685,0,3,-3
235000815,7,18,-11
235000834,0,4,-4
235000855,11,23,-12
235000862,9,237,-228
235000891,0,11,-11
235000892,21,0,21
235000901,25,86,-61
235000907,5,16,-11
235001010,6,55,-49
235001029,392,348,44
235001030,236,79,157
235001078,50,52,-2
235001079,39,111,-72
235001147,14,30,-16
235001166,0,83,-83
235001167,15,23,-8
235001169,23,349,-326
235001188,0,13,-13
235001189,1,0,1
235001197,3,28,-25
235001200,22,9,13
235001207,96,17,79
235001210,41,450,-409
235001215,31,285,-254
235001239,1,24,-23
235001244,0,6,-6
235016267,0,12,-12
277102712,0,0,0
277103813,0,0,0
277104249,0,8,-8
277104250,0,21,-21
277104251,0,15,-15
277104252,0,10,-10
990011530,0,209,-209
990014944,0,370,-370
990015176,16,26,-10
990016032,0,457,-457
990032570,0,86,-86
990070001,85,3,82
990070103,0,7,-7
990070601,0,40,-40
990070751,158,0,158
990070766,3,1034,-1031
990071180,758,205,553
990071343,70,26,44
990071387,1,6,-5
990071823,5,1,4
990072600,0,611,-611
990072964,3,425,-422
990073285,0,3,-3
990074393,3,1457,-1454
990074870,328,2,326
990075106,264,0,264
990075746,138,3,135
990076437,352,1,351
990076458,2,1767,-1765
997000007,85,2,83
997000041,0,42,-42
997000058,9,0,9
997000062,62,0,62
997000069,0,3,-3
997000070,1,157,-156
997000100,10,7,3
997000141,0,351,-351
997000198,306,355,-49
998000475,2,11,-9
998000736,1,402,-401
998000965,0,5,-5
998001031,0,58,-58
998001700,0,23,-23
998001899,0,1,-1
998001900,4,0,4
998003073,408,11,397
998101900,0,0,0
998102850,0,65,-65
998501927,552,330,222
998501929,35,6,29
998501930,69,0,69
998501931,71,6,65
998501932,5,0,5
998501933,41,0,41
998501937,5,2,3
998501944,3,0,3
998501950,0,0,0
998501970,20,3,17
998501971,0,52,-52
998501973,0,109,-109
998501974,0,216,-216
998501975,191,2,189
998501976,74,0,74
998501977,1,16,-15
998501978,16,0,16
998501979,0,12,-12
998501980,133,2,131
998501981,13,15,-2
998501982,0,93,-93
998501983,0,1,-1
998502006,0,0,0
998502024,0,1,-1
998502032,0,1,-1
998502062,20,1,19
998502063,0,0,0
998502173,35,0,35
998502269,0,1,-1
998502546,1,75,-74
998502578,0,1,-1
998502599,33,236,-203
998502621,0,0,0
998601159,4,402,-398
998601292,1,15,-14
999033574,2,1522,-1520
999800001,42,21,21
999800002,0,1,-1
999800003,2,2,0
999800004,0,3,-3
999800005,0,7,-7
