ID,insum,outsum,diff
100000001,550,740,-190
100000002,3091,2660,431
100000003,3698,4154,-456
100000004,544,919,-375
100000005,1848,4027,-2179
100000006,518,188,330
100000007,1766,699,1067
100000008,209,634,-425
100000009,690,230,460
100000010,51,79,-28
100000011,737,170,567
100000012,111,1336,-1225
100000013,61,334,-273
100000014,382,285,97
100000015,1256,1913,-657
100000016,615,1082,-467
100000017,562,686,-124
100000018,883,547,336
100000019,2472,1965,507
100000020,1179,4850,-3671
100000021,4323,2122,2201
100000022,754,2526,-1772
100000023,3898,1300,2598
100000025,508,1230,-722
100000028,732,932,-200
100000029,97,316,-219
100000030,77,27,50
100000031,2288,5087,-2799
100000032,1455,3236,-1781
100000033,1009,2713,-1704
100000034,138,777,-639
100000035,983,1446,-463
100000036,951,1385,-434
100000037,592,390,202
100000038,1964,928,1036
100000039,340,322,18
100000040,223,153,70
100000041,1186,533,653
100000042,889,572,317
100000043,685,613,72
100000044,285,846,-561
100000045,349,1248,-899
100000046,454,589,-135
100000047,157,398,-241
100000048,280,465,-185
100000049,1142,1040,102
100000051,414,623,-209
100000053,117,9,108
100000054,308,25,283
100000055,734,346,388
100000056,512,537,-25
100000057,1699,547,1152
100000058,696,720,-24
100000059,9,231,-222
100000060,413,265,148
100000061,1994,347,1647
100000062,1494,404,1090
100000063,898,224,674
100000064,1068,320,748
100000065,251,664,-413
100000066,123,452,-329
100000067,268,502,-234
100000068,369,870,-501
100000069,264,831,-567
100000072,233,515,-282
100000073,861,849,12
100000075,688,263,425
100000076,1452,3170,-1718
100000077,128,302,-174
100000078,17,30,-13
100000079,17,31,-14
100000080,19,39,-20
100000081,104,207,-103
100000102,2517,3250,-733
100000103,1660,1620,40
100000104,2331,2637,-306
100000105,1493,1801,-308
100000106,1347,2465,-1118
100000107,247,1194,-947
100000108,475,703,-228
100000109,1177,1059,118
100000116,666,798,-132
100000117,51,102,-51
100000118,903,1412,-509
100000119,476,817,-341
100000121,514,402,112
100000122,1626,1084,542
100000123,1931,2760,-829
100000124,2939,4822,-1883
100000125,2637,1392,1245
100000126,521,431,90
100000127,1299,401,898
100000128,1353,1818,-465
100000129,423,514,-91
100000130,397,320,77
100000131,1185,1963,-778
100000132,673,1981,-1308
100000133,2178,1781,397
100000135,507,1131,-624
100000139,273,615,-342
100000140,221,296,-75
100000142,469,477,-8
100000143,1045,385,660
100000144,2257,645,1612
100000147,1153,3169,-2016
100000150,59,553,-494
100000151,612,1513,-901
100000153,245,454,-209
100000154,48,263,-215
100000155,9,32,-23
100000156,345,390,-45
100000157,344,194,150
100000158,236,183,53
100000159,255,587,-332
100000165,769,705,64
100000169,99,1160,-1061
100000174,312,940,-628
100000179,105,481,-376
100000180,890,2759,-1869
100000181,340,360,-20
100000188,68,170,-102
100000189,862,370,492
100000190,568,1325,-757
100000191,608,562,46
100000192,28,110,-82
100000193,214,178,36
100000330,680,814,-134
100000355,150,645,-495
100000362,2975,1773,1202
100000363,4222,4127,95
100000364,139,243,-104
100000365,4957,8349,-3392
100000366,3091,2408,683
100000367,4229,6805,-2576
100000368,2523,911,1612
100000369,556,2161,-1605
100000370,135,961,-826
100000376,83,162,-79
100000379,1482,1331,151
100000380,3912,4371,-459
100000384,4251,5184,-933
100000385,1949,3173,-1224
100000386,4249,5165,-916
100000387,2961,4745,-1784
100000388,3111,5574,-2463
100000389,3657,5394,-1737
100000390,4468,5819,-1351
100000391,3178,6892,-3714
100000392,2064,4072,-2008
100000393,1755,4534,-2779
100000394,4445,8092,-3647
100000395,3074,4948,-1874
100000396,4922,3734,1188
100000397,3267,7625,-4358
100000398,7775,6179,1596
100000413,6,13,-7
100900002,7,15,-8
100900003,321,198,123
100900004,14,675,-661
100900005,92,22,70
100900006,15,66,-51
100900007,170,6,164
100900008,2,263,-261
100900009,60,138,-78
100900010,66,44,22
100900011,130,142,-12
100900012,0,122,-122
100900013,771,5,766
100900014,4,5,-1
100900015,62,54,8
100900016,5,29,-24
100900017,684,54,630
100900018,2,12,-10
100900019,24,70,-46
100900020,299,16,283
100900021,131,0,131
100900022,10,13,-3
100900023,1,23,-22
100900024,265,3,262
100900025,7,6,1
100900026,97,70,27
100900027,367,1885,-1518
100900028,93,229,-136
100900029,33,8,25
100900030,22,75,-53
100900031,567,23,544
100900032,120,0,120
100900033,153,178,-25
100900034,685,1,684
100900035,243,0,243
100900036,14,1,13
100900037,133,112,21
100900038,93,64,29
100900039,191,331,-140
100900040,1690,395,1295
100900041,583,541,42
100900042,1412,1096,316
100900043,0,20,-20
100900044,1204,434,770
100900045,55,4,51
100900046,358,4,354
100900047,465,124,341
100900048,101,73,28
100900049,71,106,-35
100900050,2,14,-12
100900051,23,91,-68
100900052,241,34,207
100900053,491,23,468
100900054,11,34,-23
100900055,161,574,-413
100900056,34,53,-19
100900057,896,1053,-157
100900058,154,51,103
100900059,92,3,89
100900060,211,1,210
100900061,265,146,119
100900062,9,15,-6
100900063,178,576,-398
100900064,216,13,203
100900065,54,131,-77
100900066,105,196,-91
100900067,5,8,-3
100900068,121,118,3
100900069,635,8,627
100900070,365,7,358
100900071,494,153,341
100900072,7,36,-29
100900073,111,273,-162
100900074,1,5,-4
100900075,985,229,756
100900076,3,21,-18
100900077,34,29,5
100900078,44,279,-235
100900079,6,10,-4
100900080,60,117,-57
100900081,25,116,-91
100900082,142,323,-181
100900083,13,18,-5
100900085,29,218,-189
100900086,125,511,-386
100900088,116,301,-185
100900089,7,7,0
100900090,107,394,-287
100900091,4,15,-11
100900092,95,172,-77
100900093,256,230,26
100900094,144,193,-49
100900095,7,22,-15
100900096,66,68,-2
100900097,28,4,24
100900098,21,58,-37
100900099,24,369,-345
100900100,9,446,-437
100900101,221,33,188
100900102,27,80,-53
100900103,2,14,-12
100900104,8,170,-162
100900105,15,420,-405
100900106,25,4,21
100900107,1170,605,565
100900108,2,33,-31
100900109,17,27,-10
100900110,1,5,-4
100900111,27,181,-154
100900112,1,9,-8
100900113,9,32,-23
100900114,10,14,-4
100900115,5,17,-12
100900116,722,440,282
100900117,251,898,-647
100900118,40,33,7
100900119,3,7,-4
100900120,10,1,9
100900121,311,406,-95
100900122,111,106,5
100900123,66,128,-62
100900124,7,19,-12
100900125,5,58,-53
100900126,176,108,68
100900127,0,6,-6
100900128,94,137,-43
100900129,1,170,-169
100900131,45,174,-129
100900133,38,26,12
100900134,2,4,-2
100900135,0,179,-179
100900137,251,148,103
100900138,322,406,-84
100900139,6,15,-9
100900140,2,255,-253
100900141,3,495,-492
100900142,1,6,-5
100900143,530,369,161
100900144,1,2,-1
100900145,48,146,-98
100900146,4,40,-36
100900147,11,335,-324
100900148,42,305,-263
100900149,51,153,-102
100900150,0,25,-25
100900151,113,300,-187
100900152,174,4,170
100900153,4,151,-147
100900154,5,108,-103
100900155,15,8,7
100900156,20,2,18
100900157,12,258,-246
100900159,2,41,-39
100900160,27,2,25
100900161,42,5,37
100900162,14,328,-314
100900163,108,114,-6
100900164,46,29,17
100900165,9,12,-3
100900166,13,2,11
100900167,26,39,-13
100900168,30,129,-99
100900169,84,593,-509
100900170,13,3,10
100900171,12,333,-321
100900172,0,31,-31
100900173,8,174,-166
100900174,86,19,67
100900176,1448,174,1274
100900177,437,258,179
100900178,169,129,40
100900179,190,376,-186
100900180,2,2,0
100900181,43,39,4
100900182,44,32,12
100900184,10,126,-116
100900186,430,346,84
100900187,12,59,-47
100900188,26,2,24
100900189,1743,229,1514
100900191,637,963,-326
100900192,191,393,-202
100900195,110,118,-8
100900197,3,13,-10
100900198,23,127,-104
100900199,1,1,0
100900200,553,335,218
100900201,36,327,-291
100900202,33,0,33
100900203,0,373,-373
100900204,252,1578,-1326
100900205,128,562,-434
100900206,183,65,118
100900207,258,128,130
100900210,54,302,-248
100900211,583,146,437
100900213,260,43,217
100900214,445,134,311
100900215,8,34,-26
100900217,70,102,-32
101000001,1995,1800,195
101000002,4938,5814,-876
101000003,340,817,-477
101000004,4752,4826,-74
101000005,2862,3740,-878
101000006,4181,5319,-1138
101000007,2710,3332,-622
101000008,1757,1696,61
101000009,1733,702,1031
101000010,716,582,134
101000011,858,306,552
101000012,681,647,34
101000013,563,875,-312
101000014,299,389,-90
101000015,1308,744,564
101000016,257,292,-35
101000017,383,351,32
101000018,1816,1942,-126
101000020,1591,775,816
101000021,633,295,338
101000022,54,54,0
101000023,930,526,404
101000025,262,363,-101
101000026,214,33,181
101000027,1749,2797,-1048
101000028,875,269,606
101000029,204,1736,-1532
101000030,1146,144,1002
101000031,381,1003,-622
101000032,3774,4535,-761
101000033,1774,3366,-1592
101000034,1240,1726,-486
101000035,567,293,274
101000036,1356,975,381
101000037,1577,1778,-201
101000039,1828,2741,-913
101000040,2174,4252,-2078
101000041,3845,7755,-3910
101000042,233,1181,-948
101000043,3854,7258,-3404
101000045,817,1151,-334
101000046,1719,2037,-318
101000047,1402,4823,-3421
101000048,451,392,59
101000049,475,2091,-1616
101000050,925,1813,-888
101000051,827,2506,-1679
101000052,1131,970,161
101000053,874,1089,-215
101000054,1852,779,1073
101000055,957,1155,-198
101000056,31,92,-61
101000057,1212,1040,172
101000058,685,1117,-432
101000059,1758,1897,-139
101000060,1617,644,973
101000061,497,1288,-791
101000062,452,783,-331
101000063,432,1007,-575
101000064,785,1081,-296
101000065,260,632,-372
101000066,747,1093,-346
101000067,874,1023,-149
101000068,238,535,-297
101000069,198,68,130
101000070,666,1035,-369
101000071,1742,901,841
101000072,468,2732,-2264
101000073,668,1076,-408
101000074,3612,3506,106
101000075,2731,5277,-2546
101000077,1318,1147,171
101000078,649,1280,-631
101000079,1519,645,874
101000080,1086,782,304
101000081,1460,1359,101
101000082,1948,2219,-271
101000083,2338,1993,345
101000084,917,653,264
101000085,1229,1033,196
101000086,854,966,-112
101000087,741,780,-39
101000088,1029,1025,4
101000089,857,1413,-556
101000090,1437,884,553
101000091,388,497,-109
101000092,970,694,276
101000093,1140,590,550
101000094,873,697,176
101000095,482,405,77
101000096,387,355,32
101000097,376,479,-103
101000098,292,399,-107
101000099,499,901,-402
101000100,589,927,-338
101000101,202,285,-83
101000102,523,466,57
101000103,654,498,156
101000104,281,595,-314
101000105,277,715,-438
101000106,711,1182,-471
101000107,267,312,-45
101000108,434,195,239
101000109,473,48,425
101000110,29,259,-230
101000111,109,189,-80
101000113,242,491,-249
101000114,5216,8892,-3676
101000115,168,76,92
101000116,69,42,27
101000117,2039,276,1763
101000119,68,61,7
101000120,99,51,48
101000121,61,61,0
101000122,86,148,-62
101000123,52,117,-65
101000124,1247,366,881
101000125,160,345,-185
101000128,173,529,-356
101000130,121,256,-135
101000131,940,407,533
101000132,670,557,113
101000135,29,53,-24
101000136,275,194,81
101000137,24,365,-341
101000141,780,3217,-2437
101000147,821,349,472
101000148,591,22,569
101000149,444,698,-254
101000150,83,334,-251
101000151,238,33,205
101000152,276,245,31
101000153,325,180,145
101000154,297,544,-247
101000155,299,133,166
101000156,17,265,-248
101000157,61,31,30
101000160,93,47,46
101000163,181,378,-197
101000164,325,171,154
101000165,201,305,-104
101000166,191,214,-23
101000168,660,386,274
101000252,1838,804,1034
101000254,91,113,-22
101000258,65,12,53
101000261,179,76,103
101000262,1418,2555,-1137
101000263,311,1161,-850
101000265,76,773,-697
101000266,244,270,-26
101000269,32,20,12
101000290,605,2097,-1492
101000293,52,51,1
101000294,530,400,130
101000295,176,225,-49
101000301,413,460,-47
101000304,1873,2324,-451
101000305,2455,917,1538
101000328,103,358,-255
101900001,32,38,-6
101900002,0,13,-13
101900003,29,79,-50
101900004,0,79,-79
101900005,1794,2366,-572
101900006,1063,86,977
101900007,665,143,522
101900008,64,214,-150
101900009,43,279,-236
101900010,562,605,-43
101900011,110,638,-528
101900012,217,71,146
101900013,522,165,357
101900017,4,150,-146
101900018,715,206,509
101900019,285,119,166
101900020,83,40,43
101900021,1,31,-30
101900022,139,709,-570
101900023,109,103,6
101900026,107,37,70
101900027,32,84,-52
102000001,2813,3979,-1166
102000002,1938,731,1207
102000003,2305,5804,-3499
102000004,3228,2070,1158
102000005,1039,2279,-1240
102000006,706,1432,-726
102000007,1363,4071,-2708
102000008,2708,1161,1547
102000009,5703,7110,-1407
102000010,3233,2421,812
102000011,3223,2481,742
102000012,2480,2254,226
102000018,1927,2170,-243
102000019,1831,1253,578
102000026,134,466,-332
102000029,139,167,-28
102000030,130,265,-135
102000031,52,112,-60
102000032,417,238,179
102000033,261,230,31
102000034,363,285,78
102000035,774,465,309
102000036,23,199,-176
102000037,108,28,80
102000038,137,250,-113
102000039,177,80,97
102000040,253,207,46
102000041,120,370,-250
102000042,163,286,-123
102000043,119,182,-63
102000044,352,355,-3
102000045,489,626,-137
102000046,837,481,356
102000047,490,634,-144
102000048,296,604,-308
102000049,757,684,73
102000050,747,867,-120
102000051,332,542,-210
102000052,817,489,328
102000053,708,737,-29
102000054,725,997,-272
102000055,1126,396,730
102000056,907,555,352
102000057,1147,410,737
102000058,873,838,35
102000059,1127,1121,6
102000060,860,780,80
102000061,1483,1265,218
102000062,1582,877,705
102000063,901,1037,-136
102000064,506,591,-85
102000065,40,256,-216
102000066,842,652,190
102000067,1635,2350,-715
102000068,8202,2344,5858
102000069,100,2493,-2393
102000070,1206,51,1155
102000071,5717,7187,-1470
102000072,2269,3016,-747
102000073,814,754,60
102000074,443,762,-319
102000075,115,282,-167
102000076,214,274,-60
102000077,543,475,68
102000078,891,442,449
102000079,151,193,-42
102000080,174,214,-40
102000081,246,856,-610
102000082,548,339,209
102000083,524,163,361
102000084,386,196,190
102000085,1481,653,828
102000086,936,657,279
102000087,663,1027,-364
102000088,282,205,77
102000089,1284,271,1013
102000090,321,781,-460
102000091,1250,500,750
102000092,235,424,-189
102000093,670,685,-15
102000094,642,502,140
102000095,719,886,-167
102000096,413,685,-272
102000097,461,572,-111
102000098,422,542,-120
102000099,603,872,-269
102000100,329,1226,-897
102000101,495,725,-230
102000102,285,955,-670
102000103,1105,285,820
102000104,432,235,197
102000105,257,333,-76
102000106,688,347,341
102000107,1327,288,1039
102000108,533,151,382
102000109,510,338,172
102000110,1007,646,361
102000111,9,193,-184
102000112,140,104,36
102000113,8,22,-14
102000114,491,243,248
102000115,179,225,-46
102000116,230,416,-186
102000117,99,486,-387
102000118,690,1133,-443
102000119,1087,799,288
102000120,154,384,-230
102000121,814,367,447
102000122,581,723,-142
102000123,835,791,44
102000124,936,1023,-87
102000125,588,670,-82
102000126,612,629,-17
102000127,1009,460,549
102000128,660,556,104
102000129,1242,514,728
102000130,675,534,141
102000131,1023,478,545
102000132,361,646,-285
102000133,2015,1230,785
102000134,782,643,139
102000135,599,666,-67
102000136,777,468,309
102000137,443,728,-285
102000138,173,306,-133
102000139,68,362,-294
102000140,166,680,-514
102000141,173,245,-72
102000142,243,196,47
102000143,142,199,-57
102000144,307,228,79
102000145,317,240,77
102000146,430,229,201
102000147,396,299,97
102000148,157,377,-220
102000149,157,189,-32
102000150,416,56,360
102000151,87,122,-35
102000152,195,102,93
102000153,868,453,415
102000154,220,474,-254
102000155,42,267,-225
102000156,195,115,80
102000157,67,353,-286
102000158,333,325,8
102000159,582,539,43
102000161,1692,1545,147
102000162,129,137,-8
102000163,75,476,-401
102000164,572,783,-211
102000165,258,97,161
102000166,101,168,-67
102000167,203,152,51
102000168,252,148,104
102000169,92,398,-306
102000170,338,173,165
102000171,136,128,8
102000172,96,338,-242
102000173,356,257,99
102000174,59,51,8
102000175,76,74,2
102000176,60,14,46
102000178,212,222,-10
102000179,355,170,185
102000180,898,306,592
102000181,768,369,399
102000182,502,395,107
102000183,1539,1058,481
102000184,1765,476,1289
102000185,2571,863,1708
102000186,1147,1030,117
102000187,791,919,-128
102000188,1016,1002,14
102000189,1301,490,811
102000190,422,1884,-1462
102000191,1051,374,677
102000192,1076,1181,-105
102000193,52,69,-17
102000194,37,84,-47
102000195,375,263,112
102000196,161,208,-47
102000197,693,154,539
102000198,180,343,-163
102000199,973,178,795
102000200,289,515,-226
102000201,1005,263,742
102000202,4,95,-91
102000203,307,150,157
102000204,499,312,187
102000205,912,199,713
102000206,536,291,245
102000207,751,328,423
102000208,407,267,140
102000209,123,27,96
102000210,660,234,426
102000211,312,99,213
102000212,339,10,329
102000213,2,119,-117
102000214,299,8,291
102000215,4,207,-203
102000216,55,52,3
102000217,4,55,-51
102000218,215,163,52
102000219,224,165,59
102000225,523,410,113
102000226,1074,1302,-228
102000227,115,0,115
102000228,3,57,-54
102000229,40,45,-5
102000230,295,287,8
102000231,177,295,-118
102000232,43,134,-91
102000233,289,428,-139
102000234,87,863,-776
102000236,141,54,87
102000237,401,95,306
102000238,105,137,-32
102000240,398,563,-165
102000241,97,112,-15
102000243,15,29,-14
102000245,11,80,-69
102000246,9,46,-37
102000247,396,605,-209
102000248,420,898,-478
102000249,137,102,35
102000250,78,228,-150
102000254,137,116,21
102000266,11,408,-397
102000271,15,0,15
102000286,296,287,9
102000297,1526,698,828
102000299,0,0,0
102000301,0,0,0
102000303,0,0,0
102000305,0,0,0
102000307,0,11,-11
102900001,746,354,392
102900002,365,33,332
102900003,41,121,-80
102900005,202,88,114
102900006,280,31,249
102900007,434,23,411
102900008,127,23,104
102900009,422,213,209
102900010,297,829,-532
102900011,1085,257,828
102900012,380,63,317
102900013,47,33,14
102900015,514,454,60
102900016,51,84,-33
102900017,147,309,-162
102900018,31,74,-43
102900019,263,247,16
102900020,130,10,120
102900021,42,47,-5
102900022,457,175,282
102900023,12,42,-30
102900024,38,28,10
102900025,169,61,108
102900026,203,1593,-1390
102900027,43,50,-7
102900028,89,589,-500
102900029,150,200,-50
102900030,322,229,93
102900031,217,66,151
102900032,93,55,38
102900033,69,101,-32
102900034,374,49,325
102900035,118,173,-55
102900036,229,242,-13
102900037,268,219,49
102900038,433,235,198
102900039,5,448,-443
102900040,91,195,-104
102900041,74,103,-29
102900042,146,228,-82
102900043,159,149,10
102900044,400,1220,-820
102900045,112,357,-245
102900046,130,171,-41
102900047,103,352,-249
102900048,445,256,189
102900049,105,253,-148
102900050,170,201,-31
102900051,159,139,20
102900053,274,373,-99
102900054,278,738,-460
102900055,64,162,-98
102900056,96,247,-151
102900057,4,49,-45
102900058,274,59,215
102900059,25,47,-22
102900060,113,309,-196
102900061,189,272,-83
102900062,252,476,-224
102900063,1034,279,755
102900064,84,285,-201
102900065,1318,395,923
102900066,165,7,158
102900068,80,94,-14
102900070,186,319,-133
102900072,10,61,-51
102900073,94,6,88
102900075,16,69,-53
102900076,61,106,-45
102900077,31,30,1
102900078,21,40,-19
102900079,191,3,188
102900080,352,33,319
102900081,89,241,-152
102900082,10,151,-141
102900083,142,14,128
102900084,3,21,-18
102900085,271,135,136
102900086,14,51,-37
102900087,123,63,60
102900088,26,15,11
102900089,175,95,80
102900090,0,141,-141
102900091,157,2,155
102900092,311,423,-112
102900094,2,112,-110
102900095,115,0,115
102900096,70,26,44
102900097,8,53,-45
103000001,1874,1735,139
103000002,1661,1906,-245
103000003,2363,1878,485
103000004,803,589,214
103000005,1565,2555,-990
103000006,755,1241,-486
103000007,290,430,-140
103000008,779,404,375
103000009,1250,746,504
103000010,198,133,65
103000011,1169,869,300
103000012,1181,1172,9
103000013,2139,1170,969
103000014,1033,2028,-995
103000015,1064,490,574
103000016,539,1166,-627
103000017,221,355,-134
103000018,493,265,228
103000019,316,251,65
103000020,1454,1034,420
103000021,1466,1567,-101
103000022,554,676,-122
103000023,563,1556,-993
103000024,80,104,-24
103000025,108,541,-433
103000026,585,110,475
103000027,246,495,-249
103000028,226,268,-42
103000029,130,248,-118
103000030,1122,813,309
103000031,816,1548,-732
103000032,1687,1091,596
103000033,2387,2321,66
103000034,963,785,178
103000035,284,1029,-745
103000036,339,334,5
103000037,393,417,-24
103000038,403,783,-380
103000039,444,210,234
103000040,351,503,-152
103000041,1294,1115,179
103000042,1198,315,883
103000043,508,572,-64
103000044,257,106,151
103000046,340,333,7
103000047,506,409,97
103000048,160,144,16
103000049,96,88,8
103000050,617,227,390
103000051,515,296,219
103000052,584,182,402
103000053,146,402,-256
103000054,2107,1060,1047
103000055,1692,1510,182
103000056,712,815,-103
103000057,711,190,521
103000058,512,520,-8
103000059,507,527,-20
103000060,550,285,265
103000061,372,647,-275
103000062,849,395,454
103000063,670,726,-56
103000064,129,125,4
103000065,6,285,-279
103000066,208,13,195
103000069,396,208,188
103000070,834,517,317
103000071,1152,313,839
103000072,105,418,-313
103000073,651,101,550
103000074,515,83,432
103000075,85,352,-267
103000076,232,262,-30
103000077,15,217,-202
103000078,657,606,51
103000079,439,530,-91
103000080,497,288,209
103000081,289,1073,-784
103000082,356,174,182
103000083,85,259,-174
103000084,89,7,82
103000085,4,73,-69
103000086,374,261,113
103000087,61,494,-433
103000088,172,265,-93
103000089,209,386,-177
103000090,1988,715,1273
103000091,466,374,92
103000092,211,155,56
103000093,278,339,-61
103000094,180,52,128
103000095,51,239,-188
103000096,462,58,404
103000097,67,621,-554
103000098,458,136,322
103000099,157,651,-494
103000100,108,445,-337
103000101,689,80,609
103000102,65,344,-279
103000103,624,123,501
103000104,35,84,-49
103000105,145,69,76
103000106,12,96,-84
103000107,136,49,87
103000108,834,600,234
103000109,341,337,4
103000110,422,436,-14
103000111,250,295,-45
103000112,267,149,118
103000113,385,444,-59
103000114,1120,392,728
103000115,479,395,84
103000116,574,251,323
103000117,401,280,121
103000118,306,336,-30
103000119,693,320,373
103000120,45,75,-30
103000121,302,423,-121
103000122,352,606,-254
103000125,9,97,-88
103000126,603,0,603
103000127,1,107,-106
103000128,122,1,121
103000129,1,66,-65
103000130,64,41,23
103000131,96,78,18
103000132,84,123,-39
103000133,9,77,-68
103000134,172,696,-524
103000135,431,203,228
103000136,432,314,118
103000137,312,460,-148
103000138,417,496,-79
103000139,4,64,-60
103000140,131,22,109
103000141,36,88,-52
103000142,81,54,27
103000143,33,143,-110
103000144,108,38,70
103000145,20,107,-87
103000150,118,28,90
103000152,149,213,-64
103000153,188,130,58
103000156,6,175,-169
103000157,364,4,360
103000159,75,16,59
103000162,41,21,20
103000163,3,43,-40
103000164,19,10,9
103000165,58,159,-101
103000166,199,220,-21
103000167,140,91,49
103000168,91,105,-14
103000169,156,351,-195
103000170,812,295,517
103000171,71,98,-27
103000172,474,239,235
103000173,579,202,377
103000174,191,226,-35
103000175,343,124,219
103000176,634,551,83
103000177,336,266,70
103000178,126,211,-85
103000179,167,26,141
103000183,143,7,136
103000185,81,45,36
103000186,148,126,22
103000187,688,149,539
103000188,11,72,-61
103000189,584,564,20
103000191,275,294,-19
103000292,753,1283,-530
103000293,550,1887,-1337
103000295,44,124,-80
103000296,153,3,150
103000297,10,13,-3
103000504,26,13,13
103000505,3,26,-23
103000506,1,131,-130
103000507,169,2,167
103000508,59,38,21
103000509,174,443,-269
103900001,0,25,-25
103900002,628,96,532
103900003,771,417,354
103900004,126,0,126
103900005,1,76,-75
103900006,34,12,22
103900007,52,0,52
103900008,20,1,19
103900010,171,292,-121
103900012,10,35,-25
103900014,62,10,52
103900015,85,8,77
103900017,31,56,-25
103900018,468,134,334
103900019,42,367,-325
103900020,184,392,-208
103900021,211,129,82
103900022,852,526,326
103900023,149,1,148
103900024,44,188,-144
103900025,22,12,10
103900026,49,0,49
103900027,673,161,512
103900028,158,351,-193
103900029,935,120,815
103900030,269,75,194
103900031,35,1,34
103900032,85,89,-4
103900033,79,13,66
103900034,32,75,-43
103900035,60,19,41
103900036,17,21,-4
103900037,75,43,32
103900038,69,187,-118
103900039,77,228,-151
103900040,17,82,-65
103900041,41,54,-13
103900042,81,219,-138
103900043,203,47,156
103900044,45,217,-172
103900045,352,146,206
103900047,91,13,78
103900048,23,22,1
103900049,83,740,-657
103900050,15,131,-116
103900051,0,40,-40
103900053,229,272,-43
103900054,106,195,-89
103900055,188,77,111
103900056,50,44,6
103900057,48,83,-35
103900058,257,310,-53
103900059,0,8,-8
103900060,65,137,-72
103900061,194,30,164
103900062,296,100,196
103900063,2,0,2
103900064,119,0,119
103900065,412,178,234
103900066,170,23,147
103900067,179,20,159
103900068,3,0,3
103900069,56,20,36
103900070,116,108,8
103900071,12,54,-42
103900072,32,109,-77
103900073,30,35,-5
103900074,83,61,22
103900075,229,47,182
103900076,583,306,277
103900077,47,82,-35
103900078,310,84,226
103900079,139,125,14
103900080,15,26,-11
103900081,86,43,43
103900082,18,119,-101
103900083,791,1001,-210
103900084,35,66,-31
103900085,52,103,-51
103900086,658,264,394
103900088,276,556,-280
103900089,39,76,-37
103900090,7,54,-47
103900091,797,158,639
103900092,511,229,282
103900093,42,175,-133
103900094,9,61,-52
103900095,531,291,240
103900096,28,106,-78
103900097,10,264,-254
103900098,287,111,176
103900099,79,70,9
103900100,219,179,40
103900101,64,671,-607
103900102,0,25,-25
103900104,7,26,-19
103900105,74,125,-51
103900106,0,69,-69
103900107,159,101,58
103900108,56,138,-82
103900109,133,42,91
103900110,172,31,141
103900111,106,294,-188
103900112,31,55,-24
103900113,56,100,-44
103900114,386,416,-30
103900115,194,123,71
103900116,2083,2196,-113
103900117,77,28,49
103900119,44,57,-13
103900120,54,51,3
103900122,97,146,-49
103900123,730,413,317
103900124,64,310,-246
103900125,109,43,66
103900126,466,235,231
103900127,162,198,-36
103900128,274,199,75
103900131,32,81,-49
103900133,753,28,725
103900134,1,7,-6
103900135,0,2,-2
103900137,0,3,-3
103900138,143,54,89
103900139,175,1568,-1393
103900140,4,189,-185
103900141,217,55,162
103900142,189,97,92
103900143,86,3,83
103900144,0,13,-13
103900145,154,144,10
103900146,190,112,78
103900147,321,79,242
103900148,526,311,215
103900149,270,267,3
103900150,2970,3501,-531
103900151,64,121,-57
103900152,556,202,354
103900153,4,0,4
103900154,738,1715,-977
103900155,53,111,-58
103900156,80,66,14
103900157,57,100,-43
103900158,108,47,61
103900159,197,37,160
103900160,40,36,4
103900161,80,126,-46
103900162,273,211,62
103900163,4,271,-267
103900167,8,91,-83
103900168,108,40,68
103900169,20,47,-27
103900170,1,66,-65
103900171,1,15,-14
103900172,1,12,-11
103900173,9,16,-7
103900174,180,50,130
103900175,39,100,-61
103900176,3,54,-51
103900177,15,84,-69
103900178,62,40,22
103900179,71,64,7
103900180,4,31,-27
103900181,62,32,30
103900182,44,12,32
103900184,298,110,188
103900185,99,424,-325
103900187,7,80,-73
103900188,44,44,0
103900189,134,9,125
103900190,71,30,41
103900191,18,27,-9
103900192,27,76,-49
103900193,97,125,-28
103900194,35,100,-65
103900195,8,89,-81
103900196,26,25,1
103900197,9,15,-6
103900198,8,38,-30
103900199,135,55,80
103900200,152,49,103
103900201,89,77,12
103900202,10,31,-21
103900203,24,26,-2
103900204,4,43,-39
103900207,0,27,-27
103900208,68,0,68
103900209,0,54,-54
103900210,57,29,28
103900211,533,183,350
103900212,291,227,64
103900213,50,163,-113
103900214,200,200,0
103900215,143,266,-123
103900216,10,202,-192
103900217,290,7,283
103900218,57,285,-228
103900219,172,106,66
103900233,13,1,12
103900235,15,18,-3
103900236,6,9,-3
103900242,17,9,8
103900243,2,3,-1
103900244,99,87,12
103900245,89,98,-9
103900246,21,21,0
103900247,23,52,-29
103900248,9,93,-84
103900249,6,82,-76
103900250,24,44,-20
103900251,1,35,-34
103900253,15,72,-57
103900254,0,9,-9
103900255,5,6,-1
103900256,5,16,-11
103900257,81,81,0
103900258,14,3,11
103900259,16,4,12
103900261,17,2,15
103900262,10,2,8
103900263,14,27,-13
103900264,24,16,8
103900265,106,10,96
103900266,2,140,-138
103900267,7,72,-65
103900268,20,46,-26
103900269,147,10,137
103900270,48,78,-30
103900271,11,51,-40
103900272,47,32,15
103900273,25,11,14
103900274,80,5,75
103900275,37,4,33
103900276,8,29,-21
103900277,2,46,-44
103900278,3,16,-13
103900279,5,23,-18
103900280,1,45,-44
104000001,2047,1317,730
104000002,1321,1533,-212
104000003,1863,1498,365
104000004,1966,1895,71
104000005,1413,1411,2
104000006,2678,2308,370
104000007,3236,3714,-478
104000008,153,162,-9
104000009,183,87,96
104000010,157,261,-104
104000011,286,155,131
104000012,84,168,-84
104000013,188,174,14
104000014,151,378,-227
104000015,252,89,163
104000016,445,266,179
104000018,685,134,551
104000019,532,199,333
104000020,107,267,-160
104000021,245,284,-39
104000022,147,228,-81
104000023,821,280,541
104000024,207,231,-24
104000026,56,205,-149
104000027,197,138,59
104000028,325,175,150
104000029,276,213,63
104000030,254,148,106
104000031,1098,342,756
104000032,161,156,5
104000033,660,473,187
104000034,256,166,90
104000035,879,269,610
104000036,681,309,372
104000037,246,136,110
104000038,572,467,105
104000039,182,113,69
104000040,173,248,-75
104000041,908,263,645
104000042,136,210,-74
104000043,168,195,-27
104000044,182,292,-110
104000045,683,489,194
104000046,634,854,-220
104000047,546,716,-170
104000048,738,712,26
104000049,492,222,270
104000050,103,461,-358
104000051,124,392,-268
104000052,2025,1493,532
104000053,794,342,452
104000054,278,177,101
104000055,2441,1392,1049
104000056,863,266,597
104000057,237,341,-104
104000058,666,591,75
104000059,399,861,-462
104000060,781,894,-113
104000061,878,623,255
104000062,426,106,320
104000064,381,215,166
104000065,108,491,-383
104000069,573,1117,-544
104000070,63,382,-319
104000071,248,293,-45
104000072,500,189,311
104000075,47,188,-141
104000076,369,70,299
104000082,1746,2250,-504
104000083,637,140,497
104000084,110,354,-244
104000085,253,263,-10
104000086,155,286,-131
104000087,334,1281,-947
104000090,717,680,37
104000092,1072,1130,-58
104000094,593,738,-145
104000095,1517,954,563
104000096,1238,55,1183
104000097,1286,456,830
104000098,2068,451,1617
104000100,1471,341,1130
104000101,1018,1008,10
104000106,96,566,-470
104000107,465,216,249
104000108,175,241,-66
104000109,199,88,111
104000110,669,655,14
104000111,1628,1536,92
104000112,912,346,566
104000116,3,517,-514
104000117,186,301,-115
104000118,614,124,490
104000119,451,170,281
104000120,235,327,-92
104000121,172,502,-330
104000122,642,616,26
104000123,478,456,22
104000124,438,929,-491
104000125,1857,3266,-1409
104000126,304,292,12
104000127,806,1233,-427
104000128,401,228,173
104000129,337,24,313
104000130,9,143,-134
104000131,280,273,7
104000132,280,270,10
104000133,1102,592,510
104000134,623,1035,-412
104000135,349,1291,-942
104000136,553,2582,-2029
104000137,1137,303,834
104000138,516,188,328
104000139,2747,1834,913
104000141,663,650,13
104000142,438,343,95
104000143,488,261,227
104000144,68,136,-68
104000145,325,164,161
104000146,179,340,-161
104000147,96,223,-127
104000148,294,147,147
104000149,134,162,-28
104000150,789,349,440
104000151,230,183,47
104000152,453,284,169
104000153,491,422,69
104000154,655,347,308
104000155,439,494,-55
104000157,674,793,-119
104000158,195,376,-181
104000159,556,377,179
104000160,1328,1558,-230
104000161,129,151,-22
104000162,57,139,-82
104000165,605,725,-120
104000167,609,1000,-391
104000168,449,7,442
104000169,110,18,92
104000170,217,326,-109
104000248,248,384,-136
104000251,56,136,-80
104000272,0,0,0
104000273,0,0,0
104000274,0,0,0
104000275,0,0,0
104000279,1883,1745,138
104000290,45,162,-117
104000291,438,802,-364
104000293,699,548,151
104000294,50,0,50
104000295,443,614,-171
104000296,409,569,-160
104000297,545,1366,-821
104000298,1555,817,738
104000299,577,1074,-497
104000302,92,106,-14
104000303,165,109,56
104900001,114,201,-87
104900002,53,131,-78
104900003,57,193,-136
104900004,75,139,-64
104900005,222,153,69
104900006,288,67,221
104900007,232,132,100
104900009,118,189,-71
104900010,55,32,23
104900011,22,22,0
104900012,186,25,161
104900013,79,11,68
104900014,1151,184,967
104900015,74,1,73
104900016,162,110,52
104900017,132,112,20
104900018,9,83,-74
104900019,160,2346,-2186
104900020,39,176,-137
104900021,0,90,-90
104900022,4,82,-78
104900023,0,28,-28
104900024,5,104,-99
104900025,71,89,-18
104900026,2,37,-35
104900027,397,232,165
104900028,24,84,-60
104900029,25,34,-9
104900030,349,154,195
104900031,36,120,-84
104900032,33,51,-18
104900033,110,167,-57
104900034,263,142,121
104900035,312,172,140
104900036,191,62,129
104900037,112,98,14
104900038,159,625,-466
104900039,359,268,91
104900040,361,102,259
104900041,172,95,77
104900042,94,114,-20
104900043,15,156,-141
104900044,497,137,360
104900045,349,52,297
104900046,160,68,92
104900047,261,85,176
104900048,317,22,295
104900049,43,21,22
104900050,235,62,173
104900051,200,22,178
104900052,59,3,56
104900053,303,64,239
104900054,135,19,116
104900055,148,0,148
104900056,158,15,143
104900057,51,2,49
104900058,384,191,193
104900059,120,148,-28
104900061,126,271,-145
104900063,18,87,-69
104900064,2,52,-50
104900065,0,114,-114
104900066,1,57,-56
104900067,6,175,-169
104900068,16,72,-56
104900070,91,116,-25
104900071,0,254,-254
104900072,35,162,-127
104900073,52,65,-13
104900074,23,106,-83
104900075,51,19,32
104900076,40,137,-97
104900077,338,175,163
104900078,126,264,-138
104900079,56,345,-289
104900080,63,460,-397
104900082,7,262,-255
104900085,56,179,-123
104900089,209,0,209
104900091,535,290,245
104900093,146,295,-149
104900097,1318,1695,-377
104900098,122,44,78
104900099,44,374,-330
104900100,208,138,70
104900102,46,43,3
104900103,319,23,296
104900106,87,47,40
104900107,58,66,-8
104900108,26,115,-89
104900109,99,108,-9
104900110,6,29,-23
104900111,121,64,57
104900112,265,310,-45
104900113,537,226,311
104900114,314,183,131
104900115,515,231,284
104900116,226,76,150
104900118,14,40,-26
104900119,4,58,-54
104900120,34,310,-276
104900121,0,27,-27
104900122,1,15,-14
104900123,48,14,34
104900124,50,1,49
104900125,223,1,222
104900126,27,22,5
104900127,8,47,-39
104900128,57,56,1
104900129,757,1666,-909
105000001,2264,1191,1073
105000002,2061,1191,870
105000003,2513,2434,79
105000004,553,497,56
105000005,792,892,-100
105000006,1131,1437,-306
105000007,1054,1568,-514
105000008,1198,3293,-2095
105000009,2360,2508,-148
105000010,2075,1186,889
105000011,3333,2250,1083
105000012,3068,1738,1330
105000013,898,954,-56
105000014,1997,2192,-195
105000015,7504,13464,-5960
105000016,1421,1520,-99
105000017,1195,591,604
105000018,776,1180,-404
105000019,755,788,-33
105000020,172,363,-191
105000021,260,99,161
105000022,187,91,96
105000023,456,263,193
105000028,60,93,-33
105000029,539,1079,-540
105000030,2692,1704,988
105000031,6,34,-28
105000033,733,1091,-358
105000034,120,827,-707
105000037,506,201,305
105000038,1123,1292,-169
105000039,1420,965,455
105000040,825,930,-105
105000041,362,781,-419
105000042,1980,1358,622
105000043,1121,1304,-183
105000044,502,388,114
105000045,234,404,-170
105000046,918,272,646
105000047,413,720,-307
105000048,485,184,301
105000049,149,295,-146
105000050,591,314,277
105000051,90,287,-197
105000052,666,672,-6
105000053,109,93,16
105000054,490,604,-114
105000055,787,239,548
105000056,1382,1423,-41
105000057,1310,517,793
105000058,956,752,204
105000059,579,526,53
105000060,385,387,-2
105000061,678,388,290
105000062,378,497,-119
105000063,252,251,1
105000064,1396,587,809
105000065,338,307,31
105000066,781,763,18
105000067,1165,643,522
105000068,267,502,-235
105000069,1134,1626,-492
105000070,430,743,-313
105000071,155,794,-639
105000072,963,2047,-1084
105000073,697,464,233
105000074,676,437,239
105000075,362,506,-144
105000076,894,638,256
105000077,1589,841,748
105000078,734,1108,-374
105000079,935,3164,-2229
105000080,1274,1058,216
105000081,2944,1324,1620
105000082,772,1896,-1124
105000083,3825,4000,-175
105000084,493,596,-103
105000085,1461,2201,-740
105000086,571,643,-72
105000087,967,1307,-340
105000088,1095,1342,-247
105000089,1769,1424,345
105000090,856,568,288
105000091,914,943,-29
105000092,429,562,-133
105000093,266,251,15
105000094,272,188,84
105000095,114,410,-296
105000096,1074,997,77
105000097,807,654,153
105000098,833,507,326
105000099,516,467,49
105000100,1173,839,334
105000101,1696,1314,382
105000102,1398,1079,319
105000103,1090,1561,-471
105000104,2155,960,1195
105000105,979,1433,-454
105000106,1214,1051,163
105000107,1366,667,699
105000108,1483,866,617
105000109,1449,997,452
105000110,758,318,440
105000111,735,451,284
105000112,962,427,535
105000113,383,513,-130
105000114,1625,1027,598
105000115,291,1044,-753
105000116,793,403,390
105000117,747,505,242
105000118,461,298,163
105000119,587,449,138
105000120,908,411,497
105000121,647,565,82
105000122,346,570,-224
105000123,864,688,176
105000124,1687,560,1127
105000125,713,1094,-381
105000126,1807,900,907
105000127,1850,1354,496
105000128,755,692,63
105000129,716,386,330
105000130,254,2855,-2601
105000131,469,236,233
105000132,813,629,184
105000133,473,610,-137
105000134,801,473,328
105000135,382,396,-14
105000136,122,184,-62
105000137,570,143,427
105000138,171,254,-83
105000139,731,545,186
105000140,454,325,129
105000141,339,381,-42
105000142,270,316,-46
105000143,209,335,-126
105000144,194,542,-348
105000145,659,226,433
105000146,347,546,-199
105000147,663,255,408
105000148,907,500,407
105000149,2018,1580,438
105000150,1358,811,547
105000151,385,285,100
105000152,152,315,-163
105000153,446,454,-8
105000154,502,260,242
105000155,342,561,-219
105000156,447,340,107
105000157,628,878,-250
105000158,1439,605,834
105000159,246,656,-410
105000160,1722,482,1240
105000161,512,524,-12
105000162,443,1286,-843
105000163,662,480,182
105000164,175,175,0
105000165,446,4251,-3805
105000166,2742,903,1839
105000167,921,1403,-482
105000168,372,365,7
105000169,478,177,301
105000170,220,916,-696
105000171,897,160,737
105000172,130,21,109
105000173,193,42,151
105000174,75,36,39
105000175,60,96,-36
105000176,443,86,357
105000177,262,164,98
105000178,190,216,-26
105000179,676,98,578
105000180,162,64,98
105000181,151,123,28
105000182,47,52,-5
105000183,1573,1856,-283
105000184,1129,860,269
105000185,908,916,-8
105000186,389,518,-129
105000187,632,160,472
105000188,212,100,112
105000189,120,320,-200
105000190,295,210,85
105000191,342,220,122
105000192,298,50,248
105000193,86,100,-14
105000194,579,148,431
105000195,253,416,-163
105000196,104,320,-216
105000197,218,356,-138
105000198,347,222,125
105000199,193,656,-463
105000200,119,233,-114
105000201,80,30,50
105000203,13,117,-104
105000204,118,77,41
105000205,69,151,-82
105000207,289,101,188
105000208,128,461,-333
105000209,198,215,-17
105000211,325,14,311
105000212,920,677,243
105000213,115,118,-3
105000214,151,130,21
105000215,276,102,174
105000216,164,170,-6
105000217,160,142,18
105000218,1387,861,526
105000221,140,127,13
105000222,666,191,475
105000223,416,201,215
105000226,105,91,14
105000227,41,74,-33
105000228,145,1561,-1416
105000229,106,367,-261
105000231,319,233,86
105000233,802,500,302
105000234,488,786,-298
105000235,268,498,-230
105000237,585,45,540
105000243,33,23,10
105000248,68,61,7
105000262,332,609,-277
105000269,148,140,8
105000270,360,24,336
105000271,2,125,-123
105000282,49,33,16
105000287,329,82,247
105000288,630,407,223
105000289,2119,1846,273
105000290,26,13,13
105000402,1972,3225,-1253
105000426,369,356,13
105000438,3358,1477,1881
105000440,49,22,27
105000446,5813,4069,1744
105000447,3136,1709,1427
105000454,565,353,212
105000455,190,133,57
105000474,47,0,47
105000477,400,460,-60
105000478,1567,4156,-2589
105000479,82,94,-12
105000480,7908,6841,1067
105000481,4055,3238,817
105000482,3321,5903,-2582
105000483,1511,1826,-315
105000484,1392,2402,-1010
105000485,1086,3026,-1940
105000486,2024,1868,156
105000488,7779,3811,3968
105000489,709,558,151
105000549,147,91,56
105000550,404,1009,-605
105000551,35,74,-39
105000552,1730,1085,645
105000555,1137,1034,103
105000556,72,19,53
105000557,65,131,-66
105900001,8,1098,-1090
105900002,656,613,43
105900003,23,58,-35
105900004,146,82,64
105900005,9,205,-196
105900006,11,54,-43
105900007,45,15,30
105900008,70,323,-253
105900009,16,9,7
105900011,65,22,43
105900012,366,44,322
105900013,1,22,-21
105900014,5,47,-42
105900015,116,236,-120
105900016,372,254,118
105900017,1190,33,1157
105900018,145,104,41
105900019,63,166,-103
105900020,45,46,-1
105900021,11,165,-154
105900022,205,102,103
105900023,11,67,-56
105900024,2,159,-157
105900025,226,21,205
105900026,114,6,108
105900027,5342,5043,299
105900028,586,569,17
105900029,1119,285,834
105900030,178,178,0
105900031,222,124,98
105900032,80,94,-14
105900033,78,64,14
105900034,173,114,59
105900035,108,113,-5
105900036,104,74,30
105900037,79,60,19
105900038,139,176,-37
105900039,112,81,31
105900040,50,53,-3
105900041,150,99,51
105900042,79,112,-33
105900043,735,37,698
105900044,10,137,-127
105900045,2,569,-567
105900046,14,167,-153
105900047,10,32,-22
105900048,69,344,-275
105900050,4297,2905,1392
105900051,33,663,-630
105900052,355,226,129
105900053,1926,2497,-571
105900054,253,118,135
105900056,311,231,80
105900057,8,79,-71
105900058,20,10,10
105900059,2,55,-53
106000001,2856,1925,931
106000002,1214,3377,-2163
106000003,2241,2770,-529
106000004,1168,1975,-807
106000005,3122,3875,-753
106000006,3814,2113,1701
106000007,447,432,15
106000008,304,245,59
106000009,519,282,237
106000010,420,416,4
106000011,998,842,156
106000012,693,799,-106
106000013,1619,1446,173
106000014,1232,1010,222
106000015,1669,907,762
106000016,889,1256,-367
106000017,443,585,-142
106000018,488,326,162
106000019,379,286,93
106000020,264,231,33
106000021,335,314,21
106000022,262,120,142
106000023,503,294,209
106000024,346,274,72
106000025,124,152,-28
106000026,66,172,-106
106000027,1405,1026,379
106000028,507,269,238
106000029,509,606,-97
106000030,296,452,-156
106000034,156,390,-234
106000035,858,1799,-941
106000036,101,333,-232
106000037,1304,918,386
106000038,176,83,93
106000039,77,79,-2
106000040,95,645,-550
106000041,504,392,112
106000043,441,200,241
106000046,260,62,198
106000047,39,347,-308
106000049,963,143,820
106000050,191,334,-143
106000051,686,332,354
106000052,111,261,-150
106000053,351,78,273
106000054,236,223,13
106000055,864,593,271
106000056,214,250,-36
106000057,353,217,136
106000058,94,81,13
106000059,264,182,82
106000060,271,350,-79
106000061,200,452,-252
106000062,123,290,-167
106000063,715,475,240
106000064,35,175,-140
106000065,290,223,67
106000066,77,218,-141
106000067,324,102,222
106000068,56,393,-337
106000069,250,66,184
106000070,363,453,-90
106000071,867,228,639
106000072,1708,1120,588
106000073,1074,2625,-1551
106000074,517,519,-2
106000075,273,1069,-796
106000076,1342,1467,-125
106000077,2181,893,1288
106000078,849,569,280
106000079,611,576,35
106000080,1017,380,637
106000081,517,777,-260
106000082,1575,528,1047
106000083,412,1072,-660
106000084,836,418,418
106000085,1024,1138,-114
106000086,487,660,-173
106000087,679,411,268
106000088,343,560,-217
106000089,893,207,686
106000090,309,451,-142
106000091,191,301,-110
106000092,495,200,295
106000093,325,115,210
106000094,65,159,-94
106000095,668,510,158
106000096,742,396,346
106000097,991,519,472
106000098,611,631,-20
106000099,193,500,-307
106000100,1196,168,1028
106000101,1099,264,835
106000102,297,442,-145
106000103,190,343,-153
106000104,875,296,579
106000105,401,415,-14
106000106,574,304,270
106000107,137,181,-44
106000108,349,259,90
106000109,173,150,23
106000110,222,225,-3
106000111,203,235,-32
106000112,269,442,-173
106000113,428,394,34
106000114,368,593,-225
106000115,189,270,-81
106000116,292,135,157
106000117,667,368,299
106000118,839,1205,-366
106000119,859,549,310
106000120,657,1132,-475
106000121,222,125,97
106000122,136,89,47
106000123,533,126,407
106000124,111,106,5
106000125,10,134,-124
106000126,281,86,195
106000127,801,508,293
106000128,623,150,473
106000129,425,320,105
106000130,650,211,439
106000131,115,539,-424
106000132,451,161,290
106000133,1061,933,128
106000134,394,1721,-1327
106000135,166,389,-223
106000136,518,790,-272
106000137,49,382,-333
106000138,1006,97,909
106000139,29,66,-37
106000140,46,28,18
106000141,88,28,60
106000142,64,58,6
106000143,31,34,-3
106000144,78,32,46
106000145,236,132,104
106000146,464,126,338
106000147,611,399,212
106000148,813,577,236
106000149,502,418,84
106000150,393,1657,-1264
106000151,2398,622,1776
106000152,737,1774,-1037
106000153,96,1540,-1444
106000154,922,156,766
106000155,122,222,-100
106000156,673,209,464
106000157,419,1145,-726
106000158,1362,646,716
106000159,1587,1337,250
106000160,373,2079,-1706
106000161,965,172,793
106000162,216,884,-668
106000163,324,203,121
106000164,441,189,252
106000165,201,266,-65
106000166,733,187,546
106000167,319,547,-228
106000168,533,185,348
106000169,188,375,-187
106000170,717,160,557
106000171,170,792,-622
106000172,2173,951,1222
106000173,864,1504,-640
106000174,984,257,727
106000175,198,413,-215
106000176,1490,620,870
106000177,488,1270,-782
106000178,2378,1090,1288
106000179,602,1138,-536
106000180,582,677,-95
106000181,718,924,-206
106000182,1342,475,867
106000183,1193,328,865
106000184,1463,353,1110
106000185,826,750,76
106000186,581,85,496
106000187,148,772,-624
106000188,1,0,1
106000189,12,32,-20
106000190,30,1,29
106000191,521,131,390
106000192,2,10,-8
106000193,297,147,150
106000194,96,207,-111
106000195,253,67,186
106000196,83,254,-171
106000197,471,165,306
106000198,121,172,-51
106000199,579,607,-28
106000200,93,200,-107
106000201,353,2275,-1922
106000202,1700,381,1319
106000203,18,122,-104
106000204,71,5,66
106000205,10,124,-114
106000206,60,22,38
106000207,28,306,-278
106000208,1114,109,1005
106000209,1323,283,1040
106000210,206,554,-348
106000211,194,700,-506
106000212,723,390,333
106000213,300,1284,-984
106000214,1578,392,1186
106000215,268,295,-27
106000216,351,236,115
106000217,214,215,-1
106000218,383,274,109
106000219,139,171,-32
106000220,473,162,311
106000221,190,96,94
106000222,55,39,16
106000223,240,77,163
106000224,176,129,47
106000225,82,92,-10
106000226,68,168,-100
106000228,45,85,-40
106000229,55,466,-411
106000231,817,85,732
106000232,49,183,-134
106000233,357,82,275
106000234,52,144,-92
106000235,483,127,356
106000236,139,60,79
106000237,15,23,-8
106000238,212,20,192
106000239,2,71,-69
106000240,22,7,15
106000241,12,367,-355
106000242,237,35,202
106000249,47,42,5
106000250,53,393,-340
106000251,92,14,78
106000252,24,51,-27
106000253,70,50,20
106000254,35,22,13
106000255,22,138,-116
106000256,65,17,48
106000257,131,107,24
106000258,205,55,150
106000259,6,67,-61
106000260,41,11,30
106000261,4,27,-23
106000262,59,5,54
106000263,19,52,-33
106000264,127,7,120
106000265,9,118,-109
106000266,73,25,48
106000267,10,58,-48
106000268,301,52,249
106000269,27,25,2
106000270,102,320,-218
106000271,71,117,-46
106000272,132,32,100
106000273,11,152,-141
106000274,116,24,92
106000275,122,222,-100
106000276,91,17,74
106000277,107,233,-126
106000278,147,20,127
106000279,10,13,-3
106000280,56,41,15
106000281,111,51,60
106000282,46,54,-8
106000283,136,40,96
106000284,56,66,-10
106000285,89,49,40
106000286,87,68,19
106000287,86,58,28
106000288,63,94,-31
106000289,78,53,25
106000290,66,38,28
106000291,70,69,1
106000292,63,64,-1
106000293,127,62,65
106000294,102,74,28
106000295,31,29,2
106000296,23,81,-58
106000297,41,184,-143
106000298,59,59,0
106000299,72,100,-28
106000300,57,88,-31
106000301,58,79,-21
106000303,18,48,-30
106000304,26,28,-2
106000305,38,33,5
106000306,19,28,-9
106000307,46,36,10
106000308,24,49,-25
106000309,19,39,-20
106000310,241,311,-70
106000311,315,117,198
106000312,112,95,17
106000313,168,147,21
106000318,48,303,-255
106000319,882,243,639
106000320,1,57,-56
106000321,230,120,110
106000322,160,80,80
106000324,18,66,-48
106000325,1446,695,751
106000326,681,1049,-368
106000327,192,67,125
106000328,30,71,-41
106000329,140,177,-37
106000330,53,53,0
106000428,108,154,-46
106000429,166,390,-224
106000430,295,831,-536
106000431,1962,351,1611
106000432,1358,2044,-686
106000433,2331,1317,1014
106000434,2601,1226,1375
106000435,885,1649,-764
106000436,6,127,-121
106000437,178,30,148
106000438,354,156,198
106000439,56,207,-151
106000440,207,406,-199
106000441,1,1,0
106000442,218,5,213
106000443,155,165,-10
106000450,1,97,-96
106000451,28,42,-14
106000454,1,80,-79
106000455,6,108,-102
106000456,80,19,61
106000457,23,447,-424
106000458,771,58,713
106000459,189,163,26
106000460,1441,16,1425
106000461,91,450,-359
106000462,5,22,-17
106000463,1,17,-16
106000464,4,321,-317
106000465,650,4,646
106000466,3,282,-279
106000467,178,275,-97
106000468,98,87,11
106000469,92,0,92
106000470,187,1452,-1265
106000471,17,237,-220
106000472,162,5,157
106000473,32,19,13
106000474,440,272,168
106000475,431,217,214
106000476,144,224,-80
106000477,57,71,-14
106000480,0,295,-295
106900001,0,12,-12
106900002,1,247,-246
106900003,177,680,-503
106900004,12,19,-7
106900006,0,7,-7
106900007,0,10,-10
106900008,325,75,250
106900009,370,164,206
106900010,223,147,76
106900012,802,1764,-962
106900013,541,140,401
106900014,37,2,35
106900015,13,1,12
106900016,272,20,252
106900017,5,0,5
106900018,2,0,2
106900019,49,0,49
106900020,1511,1330,181
106900021,121,102,19
106900022,461,2,459
106900023,335,293,42
106900024,491,49,442
106900025,43,375,-332
106900026,0,285,-285
106900027,735,6,729
107000001,3202,3242,-40
107000002,1813,2855,-1042
107000003,5244,5174,70
107000004,3163,2174,989
107000005,5126,4771,355
107000006,3158,1961,1197
107000007,4483,7801,-3318
107000008,5712,4255,1457
107000009,7044,6675,369
107000010,5886,4956,930
107000011,751,786,-35
107000012,2832,1795,1037
107000013,95,57,38
107000014,53,171,-118
107000015,449,461,-12
107000016,682,445,237
107000017,1366,1717,-351
107000018,9,1553,-1544
107000020,1116,1783,-667
107000021,924,353,571
107000022,685,1486,-801
107000023,1898,166,1732
107000024,587,884,-297
107000025,178,232,-54
107000026,291,293,-2
107000027,1170,669,501
107000028,1215,780,435
107000029,3199,2455,744
107000030,2313,1893,420
107000031,4147,1919,2228
107000032,396,715,-319
107000033,1849,2543,-694
107000034,2793,891,1902
107000035,303,157,146
107000036,347,885,-538
107000037,76,578,-502
107000038,187,175,12
107000039,704,622,82
107000040,129,201,-72
107000041,967,550,417
107000042,491,1524,-1033
107000043,1587,806,781
107000044,342,307,35
107000045,73,211,-138
107000046,641,365,276
107000047,402,595,-193
107000048,494,223,271
107000049,607,616,-9
107000050,820,468,352
107000051,182,265,-83
107000052,891,820,71
107000053,284,218,66
107000054,56,218,-162
107000055,304,127,177
107000056,440,650,-210
107000057,1339,225,1114
107000058,1862,1900,-38
107000059,1439,2362,-923
107000060,4222,4131,91
107000061,3688,2197,1491
107000062,4428,2289,2139
107000063,3404,2759,645
107000064,4379,2071,2308
107000065,2865,2960,-95
107000066,1462,2366,-904
107000067,1048,1165,-117
107000068,950,766,184
107000069,840,567,273
107000070,970,5,965
107000071,3320,32,3288
107000072,27,1608,-1581
107000073,668,407,261
107000074,132,529,-397
107000075,1882,476,1406
107000076,488,851,-363
107000077,3524,1323,2201
107000078,1893,1876,17
107000079,2396,969,1427
107000080,898,1932,-1034
107000081,1865,489,1376
107000082,552,892,-340
107000083,1192,414,778
107000084,248,830,-582
107000085,2566,2574,-8
107000086,2796,2407,389
107000087,2515,1661,854
107000088,2688,2725,-37
107000089,1523,1279,244
107000090,859,768,91
107000091,1425,695,730
107000092,708,628,80
107000093,1140,686,454
107000094,744,794,-50
107000095,821,468,353
107000096,389,487,-98
107000097,777,255,522
107000098,391,423,-32
107000099,371,203,168
107000100,171,280,-109
107000101,68,132,-64
107000102,163,216,-53
107000103,208,117,91
107000104,154,194,-40
107000105,364,94,270
107000106,297,172,125
107000107,477,87,390
107000108,101,409,-308
107000109,525,174,351
107000110,52,345,-293
107000111,321,40,281
107000112,33,206,-173
107000113,640,109,531
107000114,100,310,-210
107000115,572,169,403
107000116,78,424,-346
107000117,91,677,-586
107000118,122,112,10
107000119,1035,1312,-277
107000120,723,413,310
107000121,905,516,389
107000122,986,547,439
107000123,459,440,19
107000124,493,511,-18
107000125,1019,390,629
107000126,882,477,405
107000129,126,421,-295
107000130,550,169,381
107000131,210,408,-198
107000132,435,250,185
107000133,324,131,193
107000134,200,1,199
107000135,3,286,-283
107000136,552,5,547
107000137,11,382,-371
107000138,240,27,213
107000139,21,529,-508
107000140,1298,74,1224
107000141,122,594,-472
107000142,421,93,328
107000143,42,443,-401
107000144,530,420,110
107000145,121,325,-204
107000146,162,220,-58
107000147,3865,896,2969
107000150,336,2321,-1985
107000151,21,71,-50
107000152,378,1314,-936
107000153,96,250,-154
107000154,136,266,-130
107000155,622,28,594
107000156,981,21,960
107000157,90,723,-633
107000158,666,24,642
107000159,52,500,-448
107000160,1197,108,1089
107000161,66,625,-559
107000162,214,437,-223
107000163,148,3,145
107000164,787,5,782
107000165,1069,4,1065
107000166,44,586,-542
107000167,648,184,464
107000168,830,460,370
107000169,580,609,-29
107000170,2162,668,1494
107000171,534,985,-451
107000172,1167,1297,-130
107000173,539,482,57
107000174,1080,4636,-3556
107000175,3763,991,2772
107000176,0,1,-1
107000177,1,1,0
107000178,35,29,6
107000179,273,1056,-783
107000180,1328,227,1101
107000181,364,647,-283
107000182,1734,528,1206
107000183,141,428,-287
107000184,1142,459,683
107000185,395,772,-377
107000186,1048,340,708
107000187,1147,808,339
107000188,537,429,108
107000189,412,641,-229
107000190,544,453,91
107000191,736,780,-44
107000192,1383,489,894
107000193,311,341,-30
107000194,746,473,273
107000197,875,257,618
107000198,283,498,-215
107000199,610,489,121
107000200,437,448,-11
107000201,388,218,170
107000202,305,339,-34
107000203,760,765,-5
107000204,890,960,-70
107000205,1421,659,762
107000206,517,1206,-689
107000207,569,830,-261
107000208,672,466,206
107000209,892,1062,-170
107000210,314,171,143
107000211,0,45,-45
107000212,18,272,-254
107000213,4,24,-20
107000214,17,120,-103
107000215,273,239,34
107000216,441,257,184
107000217,157,98,59
107000219,74,104,-30
107000220,147,94,53
107000222,238,343,-105
107000224,466,64,402
107000225,127,226,-99
107000226,439,65,374
107000227,74,113,-39
107000228,94,373,-279
107000229,97,77,20
107000230,826,371,455
107000231,857,1437,-580
107000232,83,26,57
107000233,686,740,-54
107000234,2,54,-52
107000235,60,11,49
107000236,27,384,-357
107000237,34,0,34
107000238,35,2,33
107000239,2475,368,2107
107000240,74,453,-379
107000243,0,39,-39
107000244,5,67,-62
107000246,1,1101,-1100
107000249,2,1234,-1232
107000251,1,513,-512
107000252,2,533,-531
107000255,204,58,146
107000257,1,399,-398
107000258,3,156,-153
107000259,0,109,-109
107000260,1478,29,1449
107000262,8,231,-223
107000263,306,10,296
107000266,3,24,-21
107000267,37,109,-72
107000268,74,91,-17
107000269,156,2,154
107000270,110,32,78
107000271,14,70,-56
107000272,40,10,30
107000273,18,295,-277
107000274,810,29,781
107000275,351,2421,-2070
107000280,781,15,766
107000281,49,408,-359
107000282,86,422,-336
107000290,21,37,-16
107000291,26,6,20
107000292,2,132,-130
107000293,47,5,42
107000294,0,37,-37
107000295,67,3,64
107000296,0,18,-18
107000444,433,5,428
107000496,5,10,-5
107000497,1227,1263,-36
107000500,290,188,102
107000501,78,102,-24
107000502,124,173,-49
107000505,245,509,-264
107000506,0,8,-8
107000508,3,269,-266
107000509,165,507,-342
107000510,28,26,2
107000514,35,402,-367
107000515,11,106,-95
107000516,446,203,243
107000518,1100,1588,-488
107000519,958,568,390
107000520,76,39,37
107000521,679,262,417
107000522,1095,354,741
107900001,59,68,-9
107900002,43,9,34
107900003,136,22,114
107900004,2,0,2
107900005,1231,0,1231
107900006,149,3,146
107900007,301,35,266
107900008,55,12,43
107900009,118,6,112
107900010,51,3,48
107900012,239,47,192
107900013,135,14,121
107900014,51,8,43
107900015,733,10,723
107900016,188,39,149
107900017,8,0,8
107900018,60,152,-92
107900019,31,26,5
107900020,48,11,37
107900021,77,51,26
107900023,2,3,-1
107900024,0,2,-2
107900025,98,109,-11
107900026,48,16,32
107900027,31,38,-7
107900028,90,46,44
107900030,196,34,162
107900031,64,58,6
107900032,16,4,12
107900033,17,4,13
107900034,253,7,246
107900035,759,46,713
107900036,59,14,45
107900037,1,5,-4
107900038,90,177,-87
107900039,38,16,22
107900040,23,118,-95
107900041,2,2,0
107900043,49,69,-20
107900044,8,4,4
107900045,84,38,46
107900046,162,132,30
107900047,25,5,20
107900048,180,15,165
107900049,286,747,-461
107900050,71,160,-89
107900051,70,31,39
107900052,33,33,0
107900053,39,46,-7
107900055,432,199,233
107900056,104,61,43
107900057,1,0,1
107900058,19,307,-288
107900060,18,67,-49
107900061,10,2,8
107900063,69,88,-19
107900064,214,157,57
107900065,208,5,203
107900066,44,3,41
107900067,0,0,0
107900068,108,398,-290
107900069,32,2059,-2027
107900070,156,60,96
107900071,37,357,-320
107900072,115,70,45
107900073,107,83,24
107900074,404,312,92
107900076,129,23,106
107900077,105,3,102
107900079,3,15,-12
107900080,190,548,-358
107900081,58,86,-28
107900082,6,8,-2
107900083,298,110,188
107900084,99,64,35
107900086,44,122,-78
107900087,369,133,236
107900088,37,1,36
107900089,167,565,-398
107900090,406,1887,-1481
107900091,139,200,-61
107900093,46,56,-10
107900095,2107,1812,295
107900097,14,40,-26
107900098,57,132,-75
107900100,625,1032,-407
107900101,558,121,437
107900102,26,6,20
107900103,33,101,-68
107900104,176,4,172
107900105,0,206,-206
107900106,4,504,-500
107900107,933,479,454
107900108,113,116,-3
107900109,1429,28,1401
107900110,48,51,-3
107900111,5,327,-322
107900112,63,274,-211
107900113,205,49,156
107900114,162,78,84
107900115,0,20,-20
107900116,186,61,125
107900117,256,208,48
107900118,42,88,-46
107900119,79,157,-78
107900120,25,34,-9
107900121,6,130,-124
107900122,2,95,-93
107900123,5,32,-27
107900124,21,20,1
107900125,20,159,-139
107900126,13,45,-32
107900127,397,373,24
107900128,68,64,4
107900129,65,22,43
107900130,60,10,50
107900131,370,236,134
107900132,64,161,-97
107900133,1,44,-43
107900134,26,80,-54
107900135,8,85,-77
107900136,34,23,11
107900137,123,74,49
107900138,68,27,41
107900139,52,30,22
107900141,27,33,-6
107900142,53,379,-326
107900143,52,18,34
107900144,0,110,-110
107900145,6,34,-28
107900146,29,76,-47
107900147,42,22,20
107900148,108,83,25
107900149,384,122,262
107900150,59,304,-245
107900151,67,74,-7
107900152,16,75,-59
107900153,83,253,-170
107900154,40,22,18
107900155,87,46,41
107900156,1,150,-149
107900157,27,35,-8
107900158,592,16,576
107900159,16,352,-336
107900160,141,144,-3
107900161,44,71,-27
107900162,1,40,-39
107900163,29,31,-2
107900164,24,23,1
107900165,23,86,-63
107900166,26,75,-49
107900167,9,46,-37
107900168,52,30,22
107900169,102,103,-1
107900171,5,536,-531
107900172,1,153,-152
107900173,7,51,-44
107900174,165,3,162
107900175,20,39,-19
107900176,39,20,19
107900177,0,74,-74
107900178,1,98,-97
107900179,11,82,-71
107900180,281,565,-284
107900181,247,163,84
107900182,451,656,-205
107900183,53,107,-54
107900184,116,133,-17
107900185,128,12,116
107900186,17,27,-10
107900187,2,80,-78
107900188,365,110,255
107900189,16,56,-40
107900190,25,97,-72
107900191,50,79,-29
107900193,41,119,-78
107900194,192,10,182
107900195,1087,230,857
107900196,61,78,-17
107900197,381,334,47
107900199,0,571,-571
107900201,66,62,4
107900203,21,51,-30
107900204,150,130,20
107900206,846,251,595
107900207,3,389,-386
107900208,9,282,-273
107900209,272,107,165
107900210,38,40,-2
107900213,304,274,30
107900214,8,46,-38
107900215,88,262,-174
107900216,132,39,93
107900217,36,91,-55
107900218,9,994,-985
107900219,27,38,-11
107900220,142,258,-116
107900221,84,110,-26
107900223,113,235,-122
107900224,74,337,-263
107900225,1,276,-275
107900226,113,53,60
107900227,66,215,-149
107900228,21,71,-50
107900229,4,132,-128
107900230,10,43,-33
107900231,23,100,-77
107900232,76,83,-7
107900233,7,46,-39
107900234,102,61,41
107900235,15,88,-73
107900236,192,55,137
107900237,24,201,-177
107900238,37,56,-19
107900239,391,394,-3
107900240,29,45,-16
107900241,10,29,-19
107900242,31,99,-68
107900243,3,39,-36
107900244,249,8,241
107900245,556,35,521
107900246,195,5,190
107900248,391,182,209
107900249,735,29,706
107900250,0,252,-252
107900251,64,668,-604
107900252,645,18,627
107900253,187,5,182
107900254,41,227,-186
107900255,154,75,79
107900256,747,1101,-354
107900257,145,75,70
107900258,80,132,-52
107900259,85,1848,-1763
107900261,1,119,-118
107900262,27,67,-40
107900264,437,5,432
107900265,180,71,109
107900267,284,10,274
107900268,2,0,2
107900269,0,1,-1
107900270,0,0,0
107900271,0,7,-7
107900272,18,22,-4
107900273,47,50,-3
107900274,58,0,58
107900275,29,0,29
107900276,0,61,-61
107900277,0,94,-94
107900278,231,252,-21
107900279,41,87,-46
107900280,1745,1762,-17
107900281,480,2552,-2072
107900282,33,384,-351
107900283,531,392,139
107900284,345,252,93
107900285,96,36,60
107900286,46,36,10
107900287,265,160,105
107900290,1,183,-182
107900291,453,32,421
107900292,81,81,0
107900293,81,238,-157
107900295,39,26,13
107900297,3,191,-188
107900298,468,541,-73
107900299,1781,2334,-553
107900301,496,587,-91
107900302,65,19,46
107900303,212,141,71
107900304,322,230,92
107900305,277,5,272
107900306,10,29,-19
107900307,58,235,-177
107900308,194,106,88
107900309,82,3,79
107900310,364,1,363
107900311,3,712,-709
107900312,58,2,56
107900313,2,166,-164
107900314,1,63,-62
107900315,1,36,-35
107900316,31,2,29
107900317,81,11,70
107900318,12,102,-90
107900319,8,91,-83
107900320,1,71,-70
107900321,116,3,113
107900322,0,53,-53
107900323,4,79,-75
107900324,48,1,47
107900325,97,0,97
107900326,320,123,197
107900327,0,50,-50
107900328,64,3,61
107900329,40,90,-50
107900330,2,165,-163
107900331,215,11,204
107900332,312,8,304
107900333,73,7,66
107900334,9,93,-84
107900335,54,25,29
107900336,38,41,-3
107900337,516,806,-290
107900338,7,119,-112
107900339,2,21,-19
107900340,0,48,-48
107900341,62,0,62
107900342,142,106,36
107900343,46,2,44
107900344,9,34,-25
107900345,95,18,77
107900346,17,0,17
107900347,18,2,16
107900348,5,0,5
107900349,22,4,18
107900350,11,163,-152
107900351,3,105,-102
107900352,2,11,-9
107900353,13,10,3
107900354,8,23,-15
108000001,2765,2979,-214
108000002,1552,1537,15
108000003,3017,2936,81
108000004,8315,9319,-1004
108000005,6791,5557,1234
108000006,5332,5059,273
108000007,4402,3236,1166
108000008,3165,3871,-706
108000009,3273,3662,-389
108000010,2186,2757,-571
108000011,10613,9925,688
108000012,10372,9591,781
108000014,656,971,-315
108000015,788,191,597
108000016,260,908,-648
108000017,938,301,637
108000018,1483,459,1024
108000019,1427,679,748
108000020,1057,425,632
108000021,259,1306,-1047
108000022,243,938,-695
108000023,992,179,813
108000024,309,356,-47
108000025,290,188,102
108000026,1146,294,852
108000027,677,494,183
108000028,951,138,813
108000029,453,495,-42
108000030,434,166,268
108000031,154,351,-197
108000032,1531,468,1063
108000033,625,632,-7
108000034,1568,348,1220
108000035,549,1294,-745
108000036,334,663,-329
108000037,1530,337,1193
108000038,2356,402,1954
108000039,459,1152,-693
108000040,1603,710,893
108000041,509,1248,-739
108000042,330,143,187
108000043,206,174,32
108000044,547,121,426
108000045,300,278,22
108000046,1224,275,949
108000047,369,598,-229
108000048,173,213,-40
108000049,739,223,516
108000050,105,421,-316
108000051,308,156,152
108000052,161,364,-203
108000053,396,192,204
108000054,355,681,-326
108000055,875,477,398
108000056,1025,1036,-11
108000057,509,1134,-625
108000058,1558,3020,-1462
108000059,2217,1361,856
108000060,219,596,-377
108000061,352,303,49
108000062,836,469,367
108000063,356,275,81
108000064,201,174,27
108000065,440,317,123
108000066,1079,569,510
108000067,1754,555,1199
108000068,677,351,326
108000069,154,517,-363
108000070,1579,614,965
108000071,551,894,-343
108000072,1580,832,748
108000073,899,976,-77
108000074,570,277,293
108000075,266,491,-225
108000076,718,445,273
108000077,512,434,78
108000078,2099,865,1234
108000079,724,788,-64
108000080,1363,359,1004
108000081,486,804,-318
108000082,736,1138,-402
108000083,1858,859,999
108000084,332,651,-319
108000085,767,363,404
108000086,525,419,106
108000087,133,1780,-1647
108000088,682,122,560
108000089,281,246,35
108000091,190,306,-116
108000092,142,93,49
108000093,196,275,-79
108000094,577,54,523
108000095,150,198,-48
108000096,348,109,239
108000097,156,198,-42
108000098,1651,927,724
108000099,879,257,622
108000100,170,404,-234
108000101,1158,1312,-154
108000102,1368,3183,-1815
108000106,970,0,970
108000107,2,708,-706
108000108,513,51,462
108000109,2,736,-734
108000110,271,216,55
108000111,112,338,-226
108000112,31,114,-83
108000113,333,139,194
108000115,181,179,2
108000117,496,293,203
108000118,508,1765,-1257
108000119,387,197,190
108000120,122,613,-491
108000121,132,271,-139
108000122,521,252,269
108000123,797,112,685
108000124,392,342,50
108000125,448,149,299
108000126,198,272,-74
108000127,555,202,353
108000128,527,250,277
108000129,374,498,-124
108000130,433,200,233
108000131,929,504,425
108000132,1246,762,484
108000133,1021,454,567
108000134,388,350,38
108000135,1020,440,580
108000136,231,472,-241
108000137,509,199,310
108000138,426,537,-111
108000139,543,218,325
108000140,101,20,81
108000141,22,38,-16
108000142,65,48,17
108000143,29,321,-292
108000144,465,43,422
108000145,38,6,32
108000146,695,57,638
108000147,33,17,16
108000148,585,66,519
108000149,15,13,2
108000150,25,16,9
108000151,149,56,93
108000152,128,270,-142
108000153,590,113,477
108000154,31,6,25
108000155,46,16,30
108000156,582,250,332
108000157,117,992,-875
108000158,78,703,-625
108000159,288,153,135
108000160,1497,866,631
108000161,1349,2135,-786
108000165,8,171,-163
108000172,14,228,-214
108000173,854,1555,-701
108000175,621,111,510
108000178,323,152,171
108000179,98,731,-633
108000181,44,23,21
108000182,187,58,129
108000183,39,369,-330
108000184,526,2027,-1501
108000185,191,235,-44
108000186,346,260,86
108000187,118,253,-135
108000188,614,163,451
108000189,1060,8126,-7066
108000190,21,61,-40
108000192,208,331,-123
108000193,358,15,343
108000194,21,5,16
108000195,1,528,-527
108000196,292,143,149
108000198,756,178,578
108000199,0,332,-332
108000200,400,272,128
108000203,89,261,-172
108000204,129,46,83
108000205,153,234,-81
108000339,744,270,474
108000364,198,474,-276
108000365,50,217,-167
108000367,134,180,-46
108000368,7,37,-30
108000369,390,164,226
108000371,10,615,-605
108000372,496,4,492
108000373,217,121,96
108000376,97,42,55
108000377,466,180,286
108000378,7392,8526,-1134
108000379,15,139,-124
108000381,55,9,46
108000382,123,1,122
108000383,0,233,-233
108900001,64,564,-500
108900002,132,47,85
108900003,227,359,-132
108900004,223,439,-216
108900007,317,151,166
108900008,133,106,27
108900009,99,96,3
108900010,344,126,218
108900011,740,330,410
108900012,392,366,26
108900013,168,255,-87
108900014,13,88,-75
108900015,11,206,-195
108900016,5,214,-209
108900017,217,326,-109
108900018,144,187,-43
108900019,29,331,-302
108900020,43,104,-61
108900021,146,161,-15
108900022,91,7,84
108900023,16,17,-1
108900024,24,62,-38
108900025,140,60,80
108900026,20,87,-67
108900027,0,30,-30
108900028,73,161,-88
108900029,43,119,-76
108900030,1,56,-55
108900031,113,169,-56
108900032,2,116,-114
108900033,0,69,-69
108900034,1,152,-151
108900035,290,688,-398
108900038,0,172,-172
108900039,0,242,-242
108900040,4,93,-89
108900041,3302,2768,534
108900042,8,303,-295
108900043,56,276,-220
108900044,4,221,-217
108900045,97,225,-128
108900046,29,389,-360
108900047,40,125,-85
108900048,97,465,-368
108900049,1439,1235,204
108900050,1,113,-112
108900051,0,88,-88
108900052,22,101,-79
108900053,55,162,-107
108900054,46,127,-81
108900055,57,263,-206
108900056,0,97,-97
108900057,1,96,-95
108900058,18,144,-126
108900059,449,46,403
108900060,60,103,-43
108900061,82,15,67
108900062,1,122,-121
108900063,13,143,-130
108900064,226,19,207
108900065,7,98,-91
108900066,429,107,322
108900067,7,131,-124
108900068,5,82,-77
108900069,68,44,24
108900070,16,47,-31
108900071,71,58,13
108900072,1404,428,976
108900073,23,152,-129
108900074,179,143,36
108900075,43,29,14
108900076,329,49,280
108900077,67,204,-137
108900078,40,66,-26
108900079,462,115,347
108900080,17,622,-605
108900081,40,150,-110
108900082,97,102,-5
108900083,11,213,-202
108900085,1269,132,1137
108900086,132,108,24
108900087,72,104,-32
108900088,717,380,337
108900089,14,127,-113
108900090,75,114,-39
108900091,96,23,73
108900092,388,230,158
108900093,104,80,24
108900094,193,67,126
108900095,26,180,-154
108900096,195,5,190
108900097,244,108,136
108900098,1010,632,378
108900099,361,128,233
108900100,73,77,-4
108900101,178,180,-2
108900102,52,1014,-962
108900103,108,123,-15
108900105,9,1179,-1170
108900106,475,161,314
108900108,316,39,277
108900109,408,66,342
108900110,217,224,-7
108900111,396,286,110
108900113,51,66,-15
108900114,124,8,116
108900115,72,50,22
108900116,56,20,36
108900117,177,14,163
108900118,588,13,575
108900119,273,22,251
108900120,290,167,123
108900121,252,99,153
108900122,157,16,141
108900123,145,133,12
108900124,434,197,237
108900125,463,4,459
108900126,117,38,79
108900127,171,19,152
108900128,161,38,123
108900129,675,113,562
108900130,316,3,313
108900131,360,8,352
108900132,395,38,357
108900133,288,55,233
108900134,442,184,258
108900135,155,15,140
108900136,38,2,36
108900137,166,2,164
108900138,824,26,798
108900140,397,142,255
108900141,356,7,349
108900142,87,6,81
108900143,88,1,87
108900144,109,2,107
108900145,223,22,201
108900146,70,0,70
108900147,238,0,238
108900148,47,17,30
108900150,201,9,192
108900151,87,10,77
108900152,324,11,313
108900153,175,187,-12
108900154,3986,347,3639
108900156,65,3,62
108900157,35,228,-193
108900158,398,21,377
108900159,6,107,-101
108900160,13,148,-135
108900161,5,261,-256
108900162,120,0,120
108900163,7,262,-255
108900164,60,43,17
108900168,3982,2122,1860
108900169,66,91,-25
108900171,3282,2728,554
108900172,152,39,113
108900173,114,195,-81
108900174,801,521,280
108900176,120,259,-139
108900177,2736,4711,-1975
108900178,2192,3253,-1061
108900180,111,213,-102
108900183,159,156,3
108900184,357,161,196
108900185,90,206,-116
108900186,62,210,-148
108900189,347,80,267
108900190,53,1355,-1302
108900192,107,154,-47
108900195,104,118,-14
108900196,17,154,-137
108900199,177,272,-95
108900200,567,333,234
108900201,360,960,-600
108900203,414,147,267
108900204,296,23,273
108900205,176,40,136
108900206,420,57,363
108900207,204,92,112
108900208,3,164,-161
108900209,167,336,-169
108900210,157,139,18
108900211,107,435,-328
108900212,304,1035,-731
108900215,56,207,-151
108900216,279,471,-192
108900217,149,2,147
108900218,57,10,47
108900221,37,173,-136
108900224,28,115,-87
108900225,0,206,-206
108900227,104,303,-199
108900230,107,168,-61
108900232,4,137,-133
108900233,289,94,195
108900234,301,156,145
108900235,188,345,-157
108900236,41,139,-98
108900240,98,90,8
108900241,37,26,11
108900245,14,1053,-1039
108900250,163,77,86
108900258,5,121,-116
108900259,24,35,-11
108900260,5,40,-35
108900261,75,86,-11
108900262,107,120,-13
108900263,20,84,-64
108900264,413,194,219
108900265,645,377,268
108900266,448,668,-220
108900267,4,134,-130
108900268,5,1,4
108900269,69,18,51
108900270,75,7,68
108900271,45,9,36
108900272,201,26,175
108900273,504,756,-252
108900274,82,34,48
109000001,1888,1760,128
109000002,769,2202,-1433
109000003,2072,355,1717
109000004,476,1592,-1116
109000005,2251,462,1789
109000006,682,1499,-817
109000007,1210,487,723
109000008,536,1192,-656
109000009,2782,1040,1742
109000010,992,2448,-1456
109000011,3123,1556,1567
109000012,1631,1932,-301
109000013,3362,2576,786
109000014,1775,1555,220
109000015,3930,8804,-4874
109000016,4319,2077,2242
109000017,2411,1011,1400
109000018,1007,1606,-599
109000019,2244,1197,1047
109000020,940,1218,-278
109000023,234,24,210
109000024,35,156,-121
109000025,325,457,-132
109000026,433,289,144
109000027,109,307,-198
109000028,176,75,101
109000029,81,171,-90
109000030,58,362,-304
109000031,167,193,-26
109000032,134,302,-168
109000033,248,144,104
109000034,56,29,27
109000035,32,38,-6
109000036,118,259,-141
109000037,228,1498,-1270
109000038,339,224,115
109000039,831,663,168
109000040,1519,6753,-5234
109000041,1443,1404,39
109000042,385,937,-552
109000044,415,137,278
109000045,105,242,-137
109000046,330,45,285
109000047,54,316,-262
109000048,1047,408,639
109000049,193,371,-178
109000050,422,426,-4
109000051,218,149,69
109000052,431,465,-34
109000053,802,231,571
109000054,711,460,251
109000055,485,1129,-644
109000056,402,221,181
109000057,501,355,146
109000058,1445,312,1133
109000059,514,1260,-746
109000060,526,382,144
109000061,504,736,-232
109000062,107,253,-146
109000063,117,94,23
109000064,314,85,229
109000065,114,133,-19
109000066,328,36,292
109000067,59,151,-92
109000068,1337,12,1325
109000069,627,27,600
109000070,20,2103,-2083
109000071,329,72,257
109000072,156,448,-292
109000073,55,72,-17
109000074,20,161,-141
109000075,45,252,-207
109000076,186,236,-50
109000077,276,237,39
109000078,92,124,-32
109000079,134,131,3
109000080,219,83,136
109000081,125,252,-127
109000082,731,171,560
109000083,226,389,-163
109000088,119,314,-195
109000089,221,54,167
109000090,99,265,-166
109000091,256,134,122
109000092,257,228,29
109000093,280,163,117
109000094,579,2,577
109000095,102,232,-130
109000096,666,193,473
109000097,86,95,-9
109000098,31,118,-87
109000099,733,218,515
109000100,207,589,-382
109000101,1328,383,945
109000102,376,616,-240
109000103,904,372,532
109000104,1641,355,1286
109000105,414,667,-253
109000106,1651,528,1123
109000107,470,1041,-571
109000108,1546,399,1147
109000109,391,994,-603
109000110,894,360,534
109000111,633,1119,-486
109000112,230,67,163
109000113,280,125,155
109000114,136,217,-81
109000115,834,81,753
109000116,28,478,-450
109000117,320,35,285
109000118,8,234,-226
109000119,1244,130,1114
109000120,199,381,-182
109000121,778,67,711
109000122,172,353,-181
109000123,54,152,-98
109000124,653,266,387
109000125,602,236,366
109000126,400,410,-10
109000127,1719,208,1511
109000128,435,608,-173
109000129,2208,529,1679
109000130,665,1132,-467
109000131,1328,972,356
109000132,814,1612,-798
109000133,212,596,-384
109000134,497,818,-321
109000135,708,1320,-612
109000136,279,154,125
109000137,247,317,-70
109000138,423,186,237
109000139,446,320,126
109000140,258,321,-63
109000141,864,320,544
109000142,101,291,-190
109000143,94,63,31
109000145,100,297,-197
109000146,61,80,-19
109000148,1601,1205,396
109000149,20,58,-38
109000150,101,177,-76
109000155,743,598,145
109000156,664,407,257
109000158,73,195,-122
109000159,107,246,-139
109000160,889,146,743
109000161,281,585,-304
109000162,1678,406,1272
109000163,862,1082,-220
109000164,1084,1594,-510
109000165,1167,388,779
109000166,697,92,605
109000167,103,235,-132
109000170,34,47,-13
109000171,44,39,5
109000172,43,80,-37
109000173,32,88,-56
109000174,96,38,58
109000175,128,208,-80
109000176,263,141,122
109000177,26,54,-28
109000178,707,218,489
109000179,1994,3229,-1235
109000180,2396,2555,-159
109000181,33,11,22
109000182,17,26,-9
109000183,47,10,37
109000184,37,17,20
109000185,16,14,2
109000188,506,913,-407
109000189,2015,600,1415
109000190,547,304,243
109000191,341,278,63
109000192,351,149,202
109000193,175,140,35
109000194,264,59,205
109000195,126,155,-29
109000196,227,81,146
109000197,181,203,-22
109000198,276,72,204
109000199,82,261,-179
109000206,194,26,168
109000207,118,21,97
109000208,79,76,3
109000209,113,98,15
109000210,102,338,-236
109000211,651,319,332
109000214,476,416,60
109000215,149,61,88
109000216,271,237,34
109000217,208,80,128
109000218,413,133,280
109000221,402,641,-239
109000222,832,229,603
109000223,338,273,65
109000224,34,58,-24
109000225,75,43,32
109000226,71,119,-48
109000227,965,504,461
109000228,10,3102,-3092
109000231,1,140,-139
109000232,383,176,207
109000236,214,563,-349
109000241,1831,1256,575
109000242,1514,902,612
109000293,105,149,-44
109000361,149,219,-70
109000364,113,306,-193
109000396,0,207,-207
109000397,537,19,518
109000399,138,236,-98
109000400,69,149,-80
109000403,202,1629,-1427
109000406,357,7,350
109000407,203,97,106
109000408,0,361,-361
109000410,870,140,730
109000411,186,28,158
109900001,88,0,88
109900002,879,11,868
109900003,233,2,231
109900005,25,6,19
109900006,357,75,282
109900007,704,239,465
109900008,0,30,-30
109900009,138,270,-132
109900010,531,11,520
109900011,115,52,63
109900012,352,139,213
109900013,349,127,222
109900015,344,152,192
109900017,43,28,15
109900018,145,21,124
109900019,308,35,273
109900020,69,48,21
109900021,31,8,23
109900022,170,209,-39
109900023,6,3,3
109900024,15,4,11
109900025,15,18,-3
109900027,35,29,6
109900028,551,1187,-636
109900029,0,121,-121
109900030,35,10,25
109900031,0,115,-115
109900032,10,199,-189
109900033,4,315,-311
109900034,51,2,49
109900035,16,30,-14
109900036,10,44,-34
109900037,26,271,-245
109900038,84,145,-61
109900039,4,0,4
109900040,26,278,-252
109900041,45,205,-160
109900042,38,512,-474
109900044,105,110,-5
109900045,176,226,-50
109900046,107,59,48
109900047,210,178,32
109900048,4,67,-63
109900049,9,34,-25
109900050,0,77,-77
109900051,8,28,-20
109900052,45,132,-87
109900053,0,117,-117
109900054,701,138,563
109900055,66,152,-86
109900056,12,158,-146
109900057,1,81,-80
109900058,0,59,-59
109900060,516,64,452
109900061,43,136,-93
109900062,0,68,-68
109900064,440,126,314
109900065,31,95,-64
109900066,234,437,-203
109900067,8,83,-75
109900068,58,5,53
109900069,3,21,-18
109900071,11,18,-7
109900072,10,83,-73
109900073,322,201,121
109900074,6,21,-15
109900075,26,32,-6
109900076,23,114,-91
109900077,44,25,19
109900078,57,143,-86
109900080,103,141,-38
109900081,38,213,-175
109900082,40,162,-122
109900083,37,46,-9
109900084,51,66,-15
109900085,155,332,-177
109900086,93,505,-412
109900087,208,337,-129
109900089,622,158,464
109900092,365,10,355
109900093,815,132,683
109900094,71,60,11
109900095,158,161,-3
109900096,45,2,43
109900097,95,0,95
109900098,518,34,484
109900099,213,2,211
109900100,48,1,47
109900101,533,9,524
109900102,333,19,314
109900103,328,84,244
109900104,575,298,277
109900105,504,15,489
109900106,267,34,233
109900107,572,64,508
109900108,97,135,-38
109900109,31,65,-34
109900111,186,446,-260
109900114,1034,664,370
109900115,160,43,117
109900117,893,73,820
109900121,451,596,-145
109900123,10,117,-107
109900125,1,120,-119
109900126,298,65,233
109900130,3204,2448,756
109900131,43,146,-103
109900132,20,128,-108
109900134,83,68,15
109900135,258,47,211
109900137,95,153,-58
109900140,160,82,78
109900149,44,47,-3
109900150,7,77,-70
109900151,14,40,-26
109900152,0,32,-32
109900153,0,63,-63
109900154,54,0,54
109900155,42,8,34
109900157,47,148,-101
109900159,330,90,240
109900161,150,74,76
109900162,326,263,63
109900163,368,201,167
109900164,48,153,-105
109900165,174,5,169
109900166,3,93,-90
109900167,142,260,-118
109900168,224,363,-139
109900169,188,114,74
109900170,163,985,-822
109900171,176,60,116
109900172,144,178,-34
109900173,1265,1696,-431
109900174,49,81,-32
109900175,66,35,31
109900176,100,115,-15
109900177,36,124,-88
109900178,8,128,-120
109900179,37,9,28
109900180,6,9,-3
110000001,753,383,370
110000002,459,581,-122
110000003,602,489,113
110000004,346,472,-126
110000005,285,1525,-1240
110000006,172,297,-125
110000007,76,49,27
110000008,11,47,-36
110000009,37,15,22
110000010,16,36,-20
110000011,51,50,1
110000012,445,257,188
110000013,36,524,-488
110000014,528,274,254
110000015,193,559,-366
110000016,233,1524,-1291
110000017,2588,201,2387
110000018,1887,238,1649
110000019,5,55,-50
110000020,249,155,94
110000021,392,334,58
110000022,622,131,491
110000023,7,77,-70
110000024,477,301,176
110000025,455,7,448
110000026,7,146,-139
110000027,852,560,292
110000028,842,519,323
110000029,347,407,-60
110000030,235,287,-52
110000031,258,233,25
110000032,641,304,337
110000033,293,144,149
110000034,458,482,-24
110000035,546,332,214
110000036,789,541,248
110000037,117,325,-208
110000038,197,494,-297
110000039,775,3042,-2267
110000040,305,217,88
110000041,307,1435,-1128
110000042,90,455,-365
110000043,679,273,406
110000044,77,899,-822
110000045,437,155,282
110000046,10,54,-44
110000047,19,70,-51
110000048,15,72,-57
110000049,48,14,34
110000050,8,17,-9
110000051,40,17,23
110000052,40,45,-5
110000053,85,6,79
110000054,236,389,-153
110000055,671,56,615
110000056,223,95,128
110000057,280,442,-162
110000058,800,330,470
110000059,729,380,349
110000060,831,720,111
110000061,572,494,78
110000062,530,697,-167
110000063,41,109,-68
110000064,56,33,23
110000065,46,44,2
110000066,59,24,35
110000067,37,83,-46
110000068,222,58,164
110000069,325,45,280
110000071,170,51,119
110000073,42,10,32
110000075,9,51,-42
110000076,245,257,-12
110000077,288,738,-450
110000078,38,29,9
110000080,290,447,-157
110000081,103,163,-60
110000082,35,235,-200
110000083,187,457,-270
110000084,1180,671,509
110000085,1024,1026,-2
110000086,815,1762,-947
110000087,12,44,-32
110000088,88,141,-53
110000089,230,47,183
110000090,137,223,-86
110000091,585,228,357
110000092,18,35,-17
110000093,58,23,35
110000094,334,183,151
110000095,139,425,-286
110000096,1096,1615,-519
110000097,931,1381,-450
110000098,1411,577,834
110000099,645,1303,-658
110000100,746,250,496
110000101,40,131,-91
110000102,79,40,39
110000104,402,137,265
110000105,74,242,-168
110000106,477,391,86
110000107,235,262,-27
110000108,110,113,-3
110000109,188,196,-8
110000110,1521,3114,-1593
110000111,2993,2188,805
110000112,652,994,-342
110000113,190,1921,-1731
110000114,180,455,-275
110000115,322,207,115
110000116,59,30,29
110000117,224,132,92
110000118,349,83,266
110000119,207,152,55
110000120,286,110,176
110000121,80,265,-185
110000122,328,340,-12
110000123,473,539,-66
110000124,2,772,-770
110000125,819,10,809
110000126,275,25,250
110000127,985,50,935
110000128,34,754,-720
110000129,9,407,-398
110000130,262,154,108
110000131,81,280,-199
110000132,1,474,-473
110000133,44,373,-329
110000134,19,276,-257
110000135,130,24,106
110000136,36,160,-124
110000137,465,298,167
110000138,662,407,255
110000139,777,566,211
110000140,605,624,-19
110000143,450,264,186
110000144,3885,1387,2498
110000145,1806,849,957
110000146,1203,488,715
110000147,315,436,-121
110000148,436,168,268
110000151,686,779,-93
110000152,499,301,198
110000153,88,24,64
110000154,17,22,-5
110000155,832,3138,-2306
110000156,942,1812,-870
110000157,1479,1629,-150
110000160,336,217,119
110000161,182,137,45
110000166,483,38,445
110000167,636,424,212
110000168,905,435,470
110000169,750,248,502
110000170,185,46,139
110000171,466,111,355
110000172,157,494,-337
110000173,800,706,94
110000174,103,452,-349
110000175,628,73,555
110000176,153,362,-209
110000177,185,661,-476
110000178,324,1238,-914
110000179,724,226,498
110000180,254,169,85
110000181,447,260,187
110000182,223,86,137
110000183,4909,5921,-1012
110000184,223,2127,-1904
110000185,713,687,26
110000186,565,561,4
110000191,1160,165,995
110000192,672,10,662
110000193,1096,9,1087
110000194,16,434,-418
110000195,415,153,262
110000196,330,135,195
110000197,72,82,-10
110000198,111,35,76
110000199,43,114,-71
110000200,736,355,381
110000201,816,828,-12
110000202,1030,454,576
110000203,400,427,-27
110000204,5,116,-111
110000205,153,30,123
110000206,419,663,-244
110000207,1191,228,963
110000208,196,200,-4
110000209,90,633,-543
110000210,1339,311,1028
110000211,752,456,296
110000212,364,838,-474
110000213,211,39,172
110000214,303,88,215
110000215,137,183,-46
110000216,145,157,-12
110000217,289,78,211
110000218,158,168,-10
110000219,302,44,258
110000220,58,114,-56
110000221,249,31,218
110000222,38,118,-80
110000223,3,119,-116
110000224,29,5,24
110000225,181,572,-391
110000226,287,46,241
110000227,619,702,-83
110000228,182,128,54
110000229,0,135,-135
110000230,485,532,-47
110000231,151,162,-11
110000232,233,214,19
110000233,174,174,0
110000234,527,1293,-766
110000235,783,884,-101
110000236,571,404,167
110000237,1904,1075,829
110000238,1092,963,129
110000239,1551,754,797
110000240,0,47,-47
110000242,0,5,-5
110000243,135,79,56
110000244,72,365,-293
110000245,50,231,-181
110000246,680,333,347
110000247,786,2261,-1475
110000248,1293,887,406
110000249,67,8,59
110000250,50,88,-38
110000251,299,209,90
110000252,253,146,107
110000253,1048,389,659
110000254,454,484,-30
110000255,170,523,-353
110000256,478,230,248
110000257,471,365,106
110000258,5,178,-173
110000259,144,15,129
110000260,28,128,-100
110000263,340,35,305
110000264,317,181,136
110000265,938,1360,-422
110000266,1298,2094,-796
110000267,25,95,-70
110000268,213,248,-35
110000269,5,49,-44
110000270,62,2,60
110000271,878,177,701
110000272,843,730,113
110000273,1710,1209,501
110000274,124,1318,-1194
110000275,979,445,534
110000276,267,258,9
110000277,268,241,27
110000278,262,416,-154
110000279,750,537,213
110000280,464,249,215
110000281,60,210,-150
110000282,177,16,161
110000283,27,83,-56
110000284,27,47,-20
110000285,2,408,-406
110000286,11,0,11
110000287,37,2,35
110000288,9,57,-48
110000289,424,1683,-1259
110000290,493,472,21
110000291,2378,998,1380
110000292,880,3630,-2750
110000293,673,425,248
110000294,1066,808,258
110000295,125,409,-284
110000296,377,216,161
110000297,1800,214,1586
110000298,129,303,-174
110000299,123,61,62
110000301,327,19,308
110000302,500,606,-106
110000303,431,8,423
110000304,241,178,63
110000305,1005,11,994
110000306,170,801,-631
110000307,1387,2,1385
110000308,322,9,313
110000309,4,418,-414
110000310,553,31,522
110000311,17,393,-376
110000312,354,58,296
110000313,1643,1706,-63
110000314,2,120,-118
110000315,1942,2019,-77
110000316,415,999,-584
110000317,203,529,-326
110000318,2,32,-30
110000319,39,16,23
110000320,33,18,15
110000321,14,41,-27
110000322,172,207,-35
110000323,373,122,251
110000324,1890,1154,736
110000325,1765,2476,-711
110000327,297,194,103
110000328,130,240,-110
110000333,815,543,272
110000334,532,834,-302
110000335,633,305,328
110000336,569,645,-76
110000337,1319,366,953
110000338,438,101,337
110000339,303,147,156
110000340,135,159,-24
110000341,407,354,53
110000342,182,1,181
110000343,0,10,-10
110000344,263,126,137
110000345,438,142,296
110000346,1639,1509,130
110000347,978,556,422
110000348,4,11,-7
110000349,4,8,-4
110000350,38,5,33
110000351,867,537,330
110000352,510,1161,-651
110000353,2188,482,1706
110000354,583,2436,-1853
110000355,83,42,41
110000356,913,2,911
110000357,404,15,389
110000361,20,25,-5
110000362,96,6,90
110000363,365,74,291
110000364,218,256,-38
110000365,129,0,129
110000366,0,60,-60
110000367,281,117,164
110000368,4,45,-41
110000369,53,0,53
110000373,3,185,-182
110000374,153,16,137
110000375,130,748,-618
110000376,18,52,-34
110000377,78,464,-386
110000378,21,295,-274
110000379,1675,1762,-87
110000380,72,12,60
110000383,2,1127,-1125
110000384,1169,818,351
110000385,0,121,-121
110000387,87,8,79
110000388,33,135,-102
110000389,623,5,618
110000391,700,195,505
110000396,197,75,122
110000397,112,60,52
110000398,6,27,-21
110000399,136,1,135
110000587,150,54,96
110000589,193,119,74
110000640,213,25,188
110000652,25,161,-136
110000653,299,294,5
110000654,95,1810,-1715
110000656,2,220,-218
110000674,20,14,6
110000675,5,7,-2
110000676,0,26,-26
110000679,228,1004,-776
110000682,79,136,-57
110000683,257,392,-135
110000684,0,22,-22
110000685,5,13,-8
110000686,4,19,-15
110000687,33,4,29
110000688,35,756,-721
110000689,23,30,-7
110000692,29,102,-73
110000693,62,227,-165
110000694,0,94,-94
110000695,163,379,-216
110000696,41,35,6
110900001,123,7,116
110900002,355,102,253
110900003,634,211,423
110900004,341,66,275
110900005,1420,2194,-774
110900006,46,9,37
110900007,115,30,85
110900008,4,28,-24
110900009,346,114,232
110900010,12,39,-27
110900011,35,32,3
110900012,16,55,-39
110900013,838,130,708
110900014,259,11,248
110900015,252,563,-311
110900016,51,88,-37
110900017,341,34,307
110900018,392,41,351
110900019,196,15,181
110900020,61,137,-76
110900021,106,258,-152
110900022,72,121,-49
110900023,53,325,-272
110900024,18,168,-150
110900025,20,39,-19
110900027,23,129,-106
110900028,17,57,-40
110900029,10,128,-118
110900030,31,129,-98
110900031,181,150,31
110900032,0,56,-56
110900033,48,84,-36
110900035,20,370,-350
110900036,106,14,92
110900037,90,16,74
110900038,561,147,414
110900039,4,206,-202
110900040,235,25,210
110900041,22,44,-22
110900042,119,39,80
110900043,2,35,-33
110900044,152,6,146
110900045,42,149,-107
110900046,16,108,-92
110900047,287,253,34
110900049,55,48,7
110900050,32,2,30
110900051,16,155,-139
110900052,1,125,-124
110900053,75,20,55
110900054,39,130,-91
110900055,18,4,14
110900056,80,79,1
110900057,1,72,-71
110900058,209,122,87
110900059,394,223,171
110900060,397,94,303
110900061,18,31,-13
110900062,165,126,39
110900063,19,73,-54
110900064,19,0,19
110900065,202,119,83
110900066,9,33,-24
110900067,190,532,-342
110900068,174,151,23
110900069,125,76,49
110900070,143,81,62
110900071,184,543,-359
110900073,0,15,-15
110900074,345,75,270
110900075,312,43,269
110900077,706,393,313
110900078,33,25,8
110900079,1617,1049,568
110900080,134,45,89
110900081,14,31,-17
110900082,126,47,79
110900083,75,42,33
110900084,58,42,16
110900085,41,176,-135
110900086,43,249,-206
110900087,342,70,272
110900088,9,1,8
110900090,38,42,-4
110900091,0,36,-36
110900093,222,86,136
110900095,49,25,24
110900097,11,12,-1
110900098,17,64,-47
110900099,41,200,-159
110900100,0,9,-9
110900102,43,7,36
110900105,539,113,426
110900108,31,31,0
110900111,219,88,131
110900112,765,5,760
110900113,288,44,244
110900115,2,23,-21
110900116,710,629,81
110900118,76,2749,-2673
110900119,1359,162,1197
110900120,12,40,-28
110900121,97,1,96
110900122,394,133,261
110900125,405,298,107
110900127,400,1022,-622
110900128,299,459,-160
110900129,230,753,-523
110900130,608,594,14
110900131,191,56,135
110900132,312,44,268
110900133,66,186,-120
110900135,37,109,-72
110900136,333,14,319
110900138,0,4,-4
110900139,22,6,16
110900140,1,0,1
110900141,353,341,12
110900142,52,103,-51
110900143,151,32,119
110900144,2,365,-363
110900145,218,49,169
110900146,194,191,3
110900147,64,222,-158
110900148,4,146,-142
110900149,2,39,-37
110900150,24,5,19
110900151,7,31,-24
110900152,29,109,-80
110900153,151,26,125
111000001,670,458,212
111000002,646,550,96
111000003,1387,595,792
111000004,412,686,-274
111000005,1371,1079,292
111000006,693,1376,-683
111000007,3409,2567,842
111000008,1390,2357,-967
111000009,439,644,-205
111000010,800,234,566
111000011,305,971,-666
111000012,670,350,320
111000013,439,805,-366
111000014,1332,438,894
111000017,168,739,-571
111000018,216,315,-99
111000020,854,1531,-677
111000021,71,92,-21
111000023,73,97,-24
111000025,5034,3098,1936
111000029,52,100,-48
111000030,40,72,-32
111000031,1723,891,832
111000032,511,307,204
111000033,193,228,-35
111000034,102,252,-150
111000037,935,624,311
111000038,2469,1293,1176
111000039,1523,1326,197
111000040,1377,1446,-69
111000041,1114,1025,89
111000042,1710,1493,217
111000043,1529,3041,-1512
111000044,1528,1045,483
111000045,2350,1951,399
111000046,1476,1393,83
111000047,2459,3609,-1150
111000049,347,301,46
111000050,999,893,106
111000051,349,676,-327
111000052,538,1115,-577
111000053,303,573,-270
111000054,267,558,-291
111000055,1002,1141,-139
111000056,187,283,-96
111000057,107,317,-210
111000058,455,64,391
111000059,812,263,549
111000060,3742,737,3005
111000061,582,266,316
111000062,771,320,451
111000063,1668,814,854
111000064,710,481,229
111000065,1034,745,289
111000066,483,325,158
111000067,539,381,158
111000068,569,682,-113
111000069,1336,1337,-1
111000070,880,629,251
111000071,272,439,-167
111000072,1173,398,775
111000073,302,936,-634
111000074,1375,1366,9
111000075,869,473,396
111000076,473,490,-17
111000077,1435,1341,94
111000078,2320,1061,1259
111000079,920,510,410
111000080,461,517,-56
111000081,1115,3244,-2129
111000082,668,532,136
111000084,613,347,266
111000085,717,767,-50
111000086,1407,674,733
111000087,618,334,284
111000088,2839,1453,1386
111000089,690,579,111
111000090,580,1053,-473
111000091,638,266,372
111000092,1217,557,660
111000093,709,867,-158
111000094,1615,797,818
111000095,531,1844,-1313
111000096,992,6276,-5284
111000097,3742,1277,2465
111000098,670,822,-152
111000099,501,1054,-553
111000100,405,867,-462
111000101,341,534,-193
111000102,251,350,-99
111000104,636,139,497
111000107,85,571,-486
111000109,716,188,528
111000110,1367,492,875
111000111,2256,337,1919
111000112,1914,484,1430
111000113,814,1357,-543
111000114,1808,3132,-1324
111000115,3327,891,2436
111000116,859,611,248
111000117,356,669,-313
111000118,1215,535,680
111000119,1063,581,482
111000120,494,498,-4
111000121,294,621,-327
111000122,502,826,-324
111000123,944,1434,-490
111000124,445,1187,-742
111000125,230,727,-497
111000126,94,558,-464
111000127,912,116,796
111000128,2087,244,1843
111000129,2476,386,2090
111000130,2103,451,1652
111000131,1801,433,1368
111000132,1615,778,837
111000133,160,80,80
111000134,97,63,34
111000135,53,119,-66
111000136,327,226,101
111000138,17,9,8
111000140,3,8,-5
111000141,176,409,-233
111000142,36,452,-416
111000143,8,692,-684
111000144,256,3926,-3670
111000145,519,39,480
111000146,152,15,137
111000147,188,22,166
111000148,150,119,31
111000149,6,17,-11
111000150,30,12,18
111000151,6,25,-19
111000153,450,649,-199
111000154,542,187,355
111000155,94,122,-28
111000156,561,584,-23
111000157,232,792,-560
111000158,661,675,-14
111000159,2759,788,1971
111000160,464,481,-17
111000161,22,426,-404
111000162,33,99,-66
111000163,674,578,96
111000164,414,2061,-1647
111000165,703,341,362
111000166,1072,276,796
111000167,133,243,-110
111000168,193,317,-124
111000169,277,469,-192
111000170,363,275,88
111000171,487,379,108
111000172,194,308,-114
111000173,395,416,-21
111000174,236,173,63
111000175,48,190,-142
111000176,341,62,279
111000177,384,85,299
111000178,1373,172,1201
111000179,364,114,250
111000180,285,371,-86
111000181,1408,152,1256
111000182,218,127,91
111000183,300,220,80
111000184,281,138,143
111000185,246,234,12
111000186,247,130,117
111000187,134,96,38
111000188,366,330,36
111000189,685,461,224
111000190,185,226,-41
111000191,153,181,-28
111000192,154,301,-147
111000193,321,222,99
111000194,51,259,-208
111000195,170,236,-66
111000196,72,132,-60
111000197,517,88,429
111000198,639,77,562
111000199,234,85,149
111000200,437,243,194
111000201,723,210,513
111000202,289,171,118
111000203,349,246,103
111000204,443,1222,-779
111000213,195,319,-124
111000214,1220,926,294
111000215,1053,890,163
111000217,1339,560,779
111000218,1087,735,352
111000219,289,170,119
111000220,772,416,356
111000221,401,76,325
111000224,55,238,-183
111000225,384,270,114
111000226,72,2,70
111000227,31,11,20
111000228,14,388,-374
111000229,32,936,-904
111000230,166,186,-20
111000231,975,388,587
111000232,575,507,68
111000233,1048,486,562
111000234,117,333,-216
111000239,63,79,-16
111000240,47,182,-135
111000241,31,148,-117
111000242,201,79,122
111000243,136,285,-149
111000244,500,75,425
111000245,1032,265,767
111000246,587,154,433
111000247,291,557,-266
111000248,649,274,375
111000249,434,382,52
111000250,36,49,-13
111000251,25,56,-31
111000253,14,7,7
111000255,50,7,43
111000257,42,13,29
111000260,53,1146,-1093
111000261,1175,92,1083
111000271,64,217,-153
111000273,1806,870,936
111000274,1102,1776,-674
111000275,161,30,131
111000276,275,809,-534
111000277,186,228,-42
111000278,541,192,349
111000291,895,5916,-5021
111000298,525,133,392
111000299,641,116,525
111000300,76,430,-354
111000302,282,40,242
111000303,96,110,-14
111000312,44,52,-8
111000315,8,65,-57
111000320,170,389,-219
111000321,342,115,227
111000322,267,244,23
111000323,322,28,294
111000324,418,348,70
111000325,50,64,-14
111000326,186,198,-12
111000327,353,225,128
111000328,242,403,-161
111000329,0,18,-18
111000330,69,4,65
111000331,40,5,35
111000332,430,984,-554
111000334,370,767,-397
111000335,1208,153,1055
111000337,1311,235,1076
111000338,33,58,-25
111000339,537,103,434
111000340,194,322,-128
111000341,1216,511,705
111000342,168,1821,-1653
111000344,957,434,523
111000345,142,171,-29
111000346,48,349,-301
111000347,108,7,101
111000350,168,90,78
111000351,111,202,-91
111000352,193,79,114
111000353,106,172,-66
111000354,489,124,365
111000355,388,367,21
111000358,163,562,-399
111000360,173,315,-142
111000361,164,127,37
111000546,649,397,252
111000547,366,274,92
111000548,111,180,-69
111000549,260,156,104
111000550,70,671,-601
111000551,550,133,417
111000552,824,382,442
111000907,475,54,421
111000908,42,0,42
111000916,1795,172,1623
111000917,26,294,-268
111000918,195,412,-217
111000920,616,13,603
111000921,21,163,-142
111000922,436,146,290
111000924,44,361,-317
111000925,2665,1540,1125
111000926,1039,1050,-11
111000927,2309,3575,-1266
111000928,3871,1859,2012
111000929,1647,1028,619
111000930,862,1396,-534
111000931,1852,2281,-429
111000932,3421,1387,2034
111000933,3036,2263,773
111000934,1612,2096,-484
111000935,1560,758,802
111000936,929,1257,-328
111000937,1186,1144,42
111000938,1167,951,216
111000939,498,29,469
111000940,417,67,350
111000941,380,259,121
111000943,552,210,342
111000944,162,213,-51
111000945,105,765,-660
111001109,416,394,22
111001110,176,306,-130
111001111,70,5,65
111001112,85,2,83
111001113,2,118,-116
111001114,520,168,352
111001115,38,587,-549
111001116,2614,3433,-819
111001117,455,2345,-1890
111001120,127,162,-35
111001121,173,134,39
111001122,260,227,33
111001123,332,66,266
111001124,148,102,46
111001125,1,154,-153
111001126,2,0,2
111001127,0,18,-18
111001128,523,332,191
111900001,1,130,-129
111900002,1,317,-316
111900003,0,162,-162
111900004,19,56,-37
111900006,18,36,-18
111900007,85,2,83
111900008,176,1,175
111900009,143,2,141
111900010,225,241,-16
111900012,62,57,5
111900013,16,34,-18
111900014,2207,3720,-1513
111900015,0,48,-48
111900016,0,43,-43
111900017,0,47,-47
111900018,165,6,159
111900019,1,73,-72
111900020,3,21,-18
111900021,31,71,-40
111900022,7,29,-22
111900023,44,55,-11
111900024,73,81,-8
111900025,0,23,-23
111900026,1,79,-78
111900027,3,73,-70
111900028,18,156,-138
111900029,2,32,-30
111900030,22,205,-183
111900032,1,169,-168
111900033,10,42,-32
111900034,208,286,-78
111900035,63,106,-43
111900036,0,150,-150
111900038,188,331,-143
111900039,30,200,-170
111900040,0,215,-215
111900042,9,103,-94
111900043,0,162,-162
111900044,211,124,87
111900046,39,102,-63
111900048,253,309,-56
111900049,22,132,-110
111900050,66,31,35
111900051,15,142,-127
111900052,301,201,100
111900053,540,1453,-913
111900054,99,2,97
111900055,11,171,-160
111900056,136,336,-200
111900057,124,29,95
111900058,478,286,192
111900059,941,550,391
111900060,364,3,361
111900061,6,85,-79
111900062,18,52,-34
111900063,221,365,-144
111900064,87,101,-14
111900065,115,26,89
111900066,110,134,-24
111900067,5,285,-280
111900068,17,35,-18
111900069,86,20,66
111900070,126,80,46
111900071,1,132,-131
111900072,42,18,24
111900073,760,123,637
111900074,13,108,-95
111900075,76,6,70
111900076,157,45,112
111900077,28,2,26
111900078,271,26,245
111900079,48,26,22
111900080,157,241,-84
111900082,167,27,140
111900083,168,16,152
111900084,108,3,105
111900085,32,121,-89
111900086,51,5,46
111900087,52,0,52
111900088,539,14,525
111900089,116,5,111
111900090,36,30,6
111900091,241,5,236
111900092,109,0,109
111900093,387,5,382
111900094,121,0,121
111900095,265,23,242
111900096,175,0,175
111900097,41,0,41
111900098,279,2,277
111900099,47,0,47
111900100,98,6,92
111900101,86,18,68
111900102,609,211,398
111900103,38,69,-31
111900104,95,41,54
111900105,266,144,122
111900106,405,26,379
111900110,791,263,528
111900111,139,62,77
111900112,294,2802,-2508
111900113,186,92,94
111900118,300,78,222
111900119,265,133,132
111900122,90,65,25
111900123,21,13,8
111900124,12,43,-31
111900125,484,32,452
111900126,228,3,225
111900127,1,301,-300
111900128,1,257,-256
111900129,238,11,227
111900130,147,28,119
111900131,503,4,499
111900132,11,420,-409
111900133,19,205,-186
111900134,10,118,-108
111900135,9,29,-20
111900136,54,122,-68
111900137,46,64,-18
111900138,9,38,-29
111900139,16,56,-40
111900140,94,18,76
111900141,42,5,37
111900142,78,28,50
111900143,61,86,-25
111900144,1,43,-42
111900145,1,202,-201
111900146,3,106,-103
111900147,66,186,-120
111900148,22,341,-319
111900149,5,115,-110
111900150,8,73,-65
111900151,9,17,-8
111900152,54,66,-12
111900153,804,716,88
111900154,20,324,-304
111900155,45,91,-46
111900156,61,61,0
111900157,167,18,149
111900158,487,69,418
111900159,307,15,292
111900160,337,1,336
111900161,221,1,220
111900162,343,460,-117
111900163,20,154,-134
111900164,100,67,33
111901113,504,79,425
111901114,171,97,74
111901115,35,3,32
111901116,44,0,44
111901117,37,44,-7
111901118,46,236,-190
111901119,337,39,298
111901121,101,100,1
111901122,1,341,-340
111901123,165,160,5
111901124,175,1,174
111901125,385,157,228
111901127,196,324,-128
111901129,3,29,-26
111901130,91,130,-39
111901131,12,180,-168
111901132,114,21,93
111901133,26,1,25
111901134,78,2,76
111901135,34,10,24
111901136,37,39,-2
111901138,142,30,112
111901139,80,22,58
111901140,20,37,-17
111901141,4,69,-65
111901142,9,141,-132
111901143,9,119,-110
111901144,67,42,25
111901145,84,205,-121
111901146,245,23,222
111901147,205,209,-4
111901148,14,42,-28
111901149,12,3,9
111901150,15,1,14
111901151,0,0,0
111901152,3,13,-10
112000001,1541,511,1030
112000002,507,1401,-894
112000003,1518,899,619
112000004,529,427,102
112000005,3388,3502,-114
112000006,1539,948,591
112000007,3249,2194,1055
112000008,2275,3787,-1512
112000009,2038,1748,290
112000010,2598,3109,-511
112000011,1105,1050,55
112000012,2920,3941,-1021
112000013,2395,2246,149
112000014,1803,2077,-274
112000015,2744,2359,385
112000016,2705,1699,1006
112000017,1033,2462,-1429
112000024,1635,592,1043
112000026,1815,2072,-257
112000027,614,658,-44
112000028,647,851,-204
112000029,460,591,-131
112000030,136,54,82
112000031,1027,3695,-2668
112000032,139,18,121
112000033,1229,1737,-508
112000034,119,36,83
112000035,48,365,-317
112000036,431,736,-305
112000037,650,690,-40
112000038,957,986,-29
112000039,117,43,74
112000040,44,150,-106
112000041,390,300,90
112000042,741,291,450
112000050,993,1030,-37
112000051,938,1211,-273
112000054,1110,1122,-12
112000057,393,259,134
112000058,199,325,-126
112000059,282,506,-224
112000061,1911,1204,707
112000062,828,698,130
112000063,525,1814,-1289
112000064,2148,3100,-952
112000065,1097,1561,-464
112000066,2617,1393,1224
112000067,473,467,6
112000068,2645,2345,300
112000069,399,1256,-857
112000070,1526,888,638
112000071,831,1682,-851
112000072,2128,725,1403
112000073,1094,1488,-394
112000074,1336,989,347
112000075,1330,1090,240
112000076,2610,1747,863
112000077,762,340,422
112000078,1640,474,1166
112000079,1256,987,269
112000080,712,571,141
112000081,1133,1730,-597
112000082,1062,567,495
112000083,554,752,-198
112000084,1096,638,458
112000085,1193,605,588
112000086,1542,777,765
112000087,567,400,167
112000088,771,259,512
112000089,291,265,26
112000090,220,191,29
112000091,528,590,-62
112000092,1776,791,985
112000093,1317,641,676
112000094,627,586,41
112000095,592,560,32
112000096,514,401,113
112000097,1324,534,790
112000098,658,447,211
112000099,711,1393,-682
112000100,1922,600,1322
112000101,402,465,-63
112000102,1329,399,930
112000103,313,544,-231
112000105,582,869,-287
112000106,1862,308,1554
112000107,107,133,-26
112000108,333,907,-574
112000109,229,102,127
112000110,1718,509,1209
112000111,595,2093,-1498
112000112,2905,507,2398
112000113,575,883,-308
112000114,1872,725,1147
112000115,314,264,50
112000116,485,555,-70
112000117,1053,686,367
112000118,751,553,198
112000119,383,468,-85
112000120,52,186,-134
112000121,131,222,-91
112000122,277,118,159
112000123,744,112,632
112000124,393,82,311
112000125,237,251,-14
112000126,270,221,49
112000127,1348,1887,-539
112000128,397,475,-78
112000129,92,79,13
112000130,201,82,119
112000131,39,147,-108
112000132,141,182,-41
112000133,412,101,311
112000134,422,234,188
112000135,1088,501,587
112000136,749,849,-100
112000137,1579,1403,176
112000138,1226,984,242
112000139,591,649,-58
112000140,494,753,-259
112000141,795,332,463
112000142,160,307,-147
112000143,1164,191,973
112000144,247,586,-339
112000145,2569,458,2111
112000146,459,1078,-619
112000147,2637,1367,1270
112000148,1164,1255,-91
112000149,384,311,73
112000150,247,368,-121
112000151,414,229,185
112000152,390,283,107
112000153,108,177,-69
112000154,93,148,-55
112000155,118,104,14
112000157,447,479,-32
112000158,296,237,59
112000159,556,227,329
112000167,321,89,232
112000169,279,358,-79
112000173,687,158,529
112000175,373,236,137
112000176,1414,1278,136
112000177,674,169,505
112000178,55,165,-110
112000179,304,66,238
112000180,237,274,-37
112000181,1121,1127,-6
112000182,1168,680,488
112000183,34,20,14
112000184,359,188,171
112000185,530,305,225
112000187,3174,1904,1270
112000195,117,13,104
112000196,170,3,167
112000197,111,216,-105
112000198,57,227,-170
112000199,717,632,85
112000202,390,1,389
112000216,50,153,-103
112000230,67,3,64
112000231,4,165,-161
112000256,58,177,-119
112000313,61,94,-33
112000314,55,46,9
112000337,155,480,-325
112000352,151,292,-141
112000392,948,824,124
112000398,1416,696,720
112000399,1354,1963,-609
112000400,1217,1354,-137
112000401,2211,1129,1082
112000402,3051,3100,-49
112000403,1365,2831,-1466
112000404,1023,800,223
112000405,2009,2651,-642
112000406,2141,1184,957
112000407,7032,7475,-443
112000408,5132,3519,1613
112000409,1352,2438,-1086
112000410,355,385,-30
112000411,2333,1517,816
112000412,1148,504,644
112000413,4629,5393,-764
112000414,98,52,46
112000415,92,37,55
112000416,2620,1117,1503
112000417,313,56,257
112000421,60,37,23
112000422,280,167,113
112000424,1271,2450,-1179
112000425,354,448,-94
112000426,181,252,-71
112000427,0,19,-19
112000428,260,253,7
112000429,1627,1477,150
112000430,2339,2180,159
112000431,129,103,26
112000432,455,587,-132
112000433,208,395,-187
112000437,49,107,-58
112900001,79,0,79
112900002,593,533,60
112900003,60,270,-210
112900004,38,128,-90
112900005,247,148,99
112900007,33,126,-93
112900008,0,67,-67
112900009,294,130,164
112900010,434,572,-138
112900011,88,160,-72
112900012,5,39,-34
112900013,0,145,-145
112900014,0,101,-101
112900015,218,401,-183
112900016,3,145,-142
112900017,42,119,-77
112900018,263,367,-104
112900019,29,135,-106
112900020,288,652,-364
112900021,2,191,-189
112900022,12,55,-43
112900023,0,75,-75
112900024,38,135,-97
112900025,53,189,-136
112900026,37,154,-117
112900027,1,509,-508
112900028,21,98,-77
112900029,19,314,-295
112900030,74,75,-1
112900031,2,237,-235
112900032,189,176,13
112900034,1,31,-30
112900035,4,256,-252
112900036,26,97,-71
112900037,158,211,-53
112900038,555,70,485
112900039,11,209,-198
112900040,4,520,-516
112900041,361,744,-383
112900042,111,146,-35
112900043,47,19,28
112900044,322,259,63
112900045,138,217,-79
112900046,121,43,78
112900047,12,38,-26
112900049,248,35,213
112900050,12,344,-332
112900051,229,333,-104
112900052,0,430,-430
112900053,120,106,14
112900054,209,53,156
112900055,70,41,29
112900056,287,208,79
112900057,20,355,-335
112900058,244,319,-75
112900059,119,106,13
112900060,24,92,-68
112900061,111,55,56
112900062,71,64,7
112900063,82,21,61
112900064,84,127,-43
112900065,19,21,-2
112900066,184,214,-30
112900067,184,95,89
112900068,43,50,-7
112900069,1260,695,565
112900071,39,9,30
112900072,65,2077,-2012
112900073,451,87,364
112900074,56,297,-241
112900075,770,834,-64
112900076,63,46,17
112900078,283,402,-119
112900079,215,16,199
112900080,75,1,74
112900081,39,195,-156
112900082,525,26,499
112900083,108,102,6
112900084,218,110,108
112900086,201,0,201
112900087,693,110,583
112900088,129,8,121
112900089,742,31,711
112900090,71,24,47
112900091,261,2,259
112900092,77,337,-260
112900093,1038,28,1010
112900095,53,0,53
112900096,494,159,335
112900097,51,143,-92
112900098,72,0,72
112900099,773,15,758
112900100,59,1,58
112900101,336,1,335
112900102,84,5,79
112900103,146,1,145
112900104,521,5,516
112900105,15,0,15
112900106,354,87,267
112900107,10,0,10
112900108,15,0,15
112900109,128,1,127
112900110,1372,34,1338
112900111,679,4,675
112900112,429,1,428
112900113,1,13,-12
112900114,201,12,189
112900115,1509,3,1506
112900116,195,39,156
112900117,72,39,33
112900118,19,54,-35
112900119,159,4,155
112900120,509,254,255
112900121,53,110,-57
112900122,8,52,-44
112900123,87,21,66
112900124,5,40,-35
112900125,27,295,-268
112900126,98,105,-7
112900127,284,86,198
112900128,109,423,-314
112900129,1,417,-416
112900130,190,58,132
112900131,27,168,-141
112900132,81,304,-223
112900133,21,596,-575
112900134,0,121,-121
112900135,65,40,25
112900137,50,282,-232
112900138,12,111,-99
112900139,125,654,-529
112900141,515,52,463
112900142,69,170,-101
112900143,25,237,-212
112900144,8,475,-467
112900145,26,275,-249
112900146,1,643,-642
112900147,2,763,-761
112900148,33,3,30
112900149,216,333,-117
112900151,9,52,-43
112900152,2534,419,2115
112900153,1053,2087,-1034
112900154,2,51,-49
112900155,151,8,143
112900156,336,740,-404
112900157,372,75,297
112900158,74,16,58
112900159,161,116,45
112900160,73,191,-118
112900161,149,39,110
112900162,41,15,26
112900163,40,37,3
112900164,31,214,-183
112900165,62,31,31
112900166,16,78,-62
112900167,9,66,-57
112900168,4,3,1
112900169,8,17,-9
112900170,230,130,100
112900172,50,22,28
112900173,104,69,35
112900174,213,55,158
112900175,109,148,-39
112900176,56,71,-15
112900177,216,61,155
112900178,584,2241,-1657
112900179,29,237,-208
112900180,1704,982,722
112900181,591,6,585
112900182,52,462,-410
112900183,92,226,-134
112900184,340,298,42
112900185,149,490,-341
112900186,693,846,-153
112900187,88,454,-366
112900188,552,772,-220
112900189,2,0,2
112900190,21,10,11
112900192,515,618,-103
112900193,803,343,460
112900194,62,32,30
112900195,883,30,853
112900196,222,187,35
112900197,101,261,-160
112900199,532,211,321
112900200,493,155,338
112900201,142,65,77
112900202,393,447,-54
112900203,253,148,105
112900204,664,455,209
112900205,18,46,-28
112900206,17,110,-93
112900207,27,1,26
112900208,87,343,-256
112900209,400,242,158
112900210,0,22,-22
112900211,80,21,59
112900212,2,68,-66
112900213,67,1,66
112900214,20,29,-9
112900215,22,96,-74
112900216,13,40,-27
112900217,0,80,-80
112900218,47,2,45
112900219,121,29,92
112900220,0,0,0
112900221,44,95,-51
112900222,0,22,-22
112900223,765,19,746
112900224,313,202,111
112900225,411,196,215
112900226,134,245,-111
112900227,458,296,162
112900228,65,18,47
112900229,189,21,168
112900230,3845,2602,1243
112900232,203,298,-95
112900233,66,99,-33
112900234,9,26,-17
112900235,86,11,75
112900236,233,11,222
112900237,310,135,175
112900238,2,8,-6
112900239,497,471,26
112900240,2,27,-25
112900241,5,29,-24
112900242,3,52,-49
112900243,5,72,-67
112900244,7,42,-35
112900245,1,20,-19
112900246,0,11,-11
112900247,109,10,99
112900248,7,1,6
112900249,17,4,13
112900250,51,9,42
112900251,60,5,55
112900252,73,16,57
112900253,37,4,33
112900254,17,4,13
112900255,3,47,-44
112900256,2,42,-40
112900257,22,17,5
112900258,34,21,13
113000001,5015,4058,957
113000002,2859,2702,157
113000003,1598,1266,332
113000004,1155,1917,-762
113000005,1438,873,565
113000006,938,1103,-165
113000007,1916,916,1000
113000008,1501,1105,396
113000009,1002,585,417
113000010,974,836,138
113000011,633,823,-190
113000012,1524,498,1026
113000013,937,636,301
113000014,918,1319,-401
113000015,266,162,104
113000016,238,823,-585
113000017,24,238,-214
113000018,361,44,317
113000019,173,172,1
113000020,510,61,449
113000021,953,408,545
113000022,587,754,-167
113000025,101,394,-293
113000026,409,299,110
113000027,454,469,-15
113000028,462,532,-70
113000029,602,578,24
113000030,208,398,-190
113000031,141,252,-111
113000032,181,257,-76
113000033,145,364,-219
113000034,205,226,-21
113000035,43,30,13
113000036,13,29,-16
113000037,50,15,35
113000038,4,51,-47
113000039,67,291,-224
113000040,49,65,-16
113000042,565,435,130
113000051,642,1773,-1131
113000052,1593,551,1042
113000053,407,229,178
113000054,319,537,-218
113000055,1142,333,809
113000056,1052,687,365
113000058,537,683,-146
113000059,883,391,492
113000060,231,414,-183
113000061,522,665,-143
113000062,426,264,162
113000063,229,42,187
113000064,51,166,-115
113000065,176,415,-239
113000066,656,103,553
113000067,2106,598,1508
113000068,314,646,-332
113000069,464,596,-132
113000070,2206,650,1556
113000071,358,356,2
113000072,886,271,615
113000073,252,838,-586
113000074,753,353,400
113000075,1327,677,650
113000076,487,1754,-1267
113000077,612,700,-88
113000078,494,1493,-999
113000079,441,795,-354
113000080,521,739,-218
113000081,501,521,-20
113000082,762,558,204
113000083,476,569,-93
113000084,1073,854,219
113000085,672,568,104
113000086,847,703,144
113000087,814,811,3
113000088,1667,988,679
113000089,784,1217,-433
113000090,192,528,-336
113000091,337,312,25
113000094,1069,191,878
113000095,194,484,-290
113000096,104,442,-338
113000097,888,236,652
113000098,84,46,38
113000099,780,301,479
113000100,90,240,-150
113000101,216,367,-151
113000102,487,477,10
113000103,1225,285,940
113000104,430,1926,-1496
113000105,773,364,409
113000106,236,208,28
113000107,820,665,155
113000108,536,664,-128
113000109,594,1157,-563
113000110,1486,360,1126
113000111,230,438,-208
113000112,321,245,76
113000113,867,312,555
113000114,326,1041,-715
113000116,458,258,200
113000117,738,75,663
113000118,39,289,-250
113000119,243,292,-49
113000120,47,199,-152
113000121,334,792,-458
113000124,227,118,109
113000125,31,693,-662
113000127,1360,139,1221
113000128,465,273,192
113000129,391,489,-98
113000133,1178,967,211
113000134,2,995,-993
113000135,3264,4008,-744
113000137,1055,2811,-1756
113000139,186,158,28
113000140,80,159,-79
113000141,92,129,-37
113000142,203,670,-467
113000143,177,121,56
113000144,197,386,-189
113000145,80,92,-12
113000146,111,37,74
113000147,154,56,98
113000148,171,80,91
113000149,118,81,37
113000150,424,190,234
113000151,55,36,19
113000152,33,60,-27
113000153,738,367,371
113000154,455,1108,-653
113000155,252,558,-306
113000156,100,253,-153
113000157,198,417,-219
113000158,501,181,320
113000159,647,463,184
113000160,507,504,3
113000161,189,205,-16
113000162,632,230,402
113000163,87,59,28
113000164,19,41,-22
113000166,169,65,104
113000167,37,39,-2
113000168,60,79,-19
113000169,245,51,194
113000170,101,82,19
113000171,27,54,-27
113000172,225,50,175
113000173,58,22,36
113000174,88,263,-175
113000175,323,94,229
113000176,423,128,295
113000177,97,298,-201
113000178,118,160,-42
113000179,274,145,129
113000180,487,884,-397
113000181,1004,551,453
113000182,125,293,-168
113000183,72,422,-350
113000184,20,61,-41
113000189,258,520,-262
113000190,387,361,26
113000192,704,2334,-1630
113000193,1646,2017,-371
113000194,725,881,-156
113000195,1080,1100,-20
113000196,184,75,109
113000197,1086,877,209
113000198,69,177,-108
113000199,998,263,735
113000201,188,310,-122
113000202,3025,530,2495
113000203,119,139,-20
113000204,582,2097,-1515
113000205,11,16,-5
113000206,10,23,-13
113000207,51,10,41
113000208,44,28,16
113000209,16,17,-1
113000210,3,10,-7
113000211,122,234,-112
113000212,65,18,47
113000213,24,126,-102
113000214,156,236,-80
113000234,112,462,-350
113000410,123,230,-107
113000411,1573,2904,-1331
113000412,3475,1736,1739
113000413,1136,2512,-1376
113000414,2910,9691,-6781
113000415,1380,1670,-290
113000416,3787,2430,1357
113000417,1309,1606,-297
113000418,3667,2889,778
113000419,1162,1447,-285
113000420,3015,4491,-1476
113000421,3233,5124,-1891
113000422,7585,7775,-190
113000423,1275,4092,-2817
113000424,1667,7911,-6244
113000425,3,61,-58
113000428,89,18,71
113000430,2,107,-105
113000432,1891,139,1752
113000433,74,444,-370
113000434,45,64,-19
113000435,31,226,-195
113000436,41,583,-542
113000437,1064,20,1044
113000438,269,8,261
113000439,26,50,-24
113000440,134,30,104
113000441,243,138,105
113000442,143,73,70
113000443,231,99,132
113000444,239,96,143
113000445,137,63,74
113000446,35,90,-55
113000448,223,125,98
113000449,114,613,-499
113000450,348,1573,-1225
113000451,1047,195,852
113000452,186,373,-187
113000453,44,370,-326
113000454,335,93,242
113000455,19,347,-328
113000456,1978,1698,280
113000468,787,86,701
113000469,29,87,-58
113000470,266,9,257
113000471,8,276,-268
113000472,89,153,-64
113000474,816,476,340
113000475,980,1099,-119
113000476,1427,1373,54
113000477,3316,1526,1790
113000478,2723,3118,-395
113000479,79,99,-20
113000484,0,0,0
113000485,0,0,0
113000486,2,0,2
113000487,0,0,0
113000488,0,2,-2
113000489,0,7,-7
113000490,0,2,-2
113000491,9,8,1
113000492,0,0,0
113000493,1,0,1
113000495,143,113,30
113000496,135,60,75
113000499,0,0,0
113900001,1,245,-244
113900002,0,52,-52
113900003,1,45,-44
113900004,2,57,-55
113900005,0,54,-54
113900006,0,13,-13
113900007,10,1,9
113900008,26,0,26
113900009,38,0,38
113900010,20,1,19
113900011,82,0,82
113900012,47,0,47
113900013,62,0,62
113900014,468,2,466
113900015,3,22,-19
113900016,20,0,20
113900017,2,23,-21
113900018,277,250,27
113900019,137,39,98
113900020,119,0,119
113900022,23,1,22
113900023,12,0,12
113900024,52,20,32
113900025,150,17,133
113900026,52,0,52
113900027,5,24,-19
113900028,19,314,-295
113900029,103,88,15
113900030,253,0,253
113900031,14,1,13
113900032,46,0,46
113900033,107,31,76
113900035,58,1,57
113900036,13,33,-20
113900037,142,316,-174
113900038,36,90,-54
113900039,127,16,111
113900040,9,14,-5
113900041,9,1,8
113900042,60,22,38
113900043,115,63,52
113900044,215,267,-52
113900045,61,1,60
113900046,144,364,-220
113900047,22,63,-41
113900048,77,91,-14
113900049,319,319,0
113900050,222,164,58
113900051,182,176,6
113900052,75,88,-13
113900053,396,501,-105
113900054,10,1,9
113900055,56,242,-186
113900056,45,102,-57
113900057,18,53,-35
113900058,67,57,10
113900059,246,164,82
113900060,84,113,-29
113900061,346,237,109
113900062,88,4,84
113900063,76,94,-18
113900064,12,62,-50
113900065,342,15,327
113900066,358,182,176
113900067,150,90,60
113900068,323,347,-24
113900069,13,25,-12
113900070,121,254,-133
113900071,24,22,2
113900072,36,87,-51
113900073,243,244,-1
113900074,123,189,-66
113900075,864,1113,-249
113900076,118,9,109
113900077,46,113,-67
113900078,21,41,-20
113900079,17,15,2
113900080,382,133,249
113900081,50,98,-48
113900082,110,125,-15
113900083,260,168,92
113900084,198,82,116
113900085,35,129,-94
113900086,15,18,-3
113900087,70,104,-34
113900088,61,105,-44
113900089,260,23,237
113900090,407,243,164
113900091,20,12,8
113900092,21,46,-25
113900093,53,677,-624
113900094,354,151,203
113900095,109,81,28
113900096,187,30,157
113900097,33,46,-13
113900098,636,67,569
113900099,3,34,-31
113900100,0,1,-1
113900101,17,53,-36
113900102,81,153,-72
113900103,343,201,142
113900104,94,152,-58
113900105,123,111,12
113900106,2,23,-21
113900107,0,18,-18
113900108,139,212,-73
113900109,295,243,52
113900110,33,9,24
113900111,156,65,91
113900112,218,121,97
113900113,607,314,293
113900114,0,35,-35
113900115,0,24,-24
113900116,72,89,-17
113900117,76,13,63
113900118,175,314,-139
113900119,109,321,-212
113900120,68,31,37
113900121,41,61,-20
113900122,206,1868,-1662
113900123,348,159,189
113900124,1,23,-22
113900125,423,107,316
113900126,85,39,46
113900127,257,537,-280
113900128,91,68,23
113900129,6,180,-174
113900130,1,45,-44
113900131,211,70,141
113900132,56,68,-12
113900133,18,74,-56
113900135,262,193,69
113900136,54,59,-5
113900137,248,229,19
113900138,37,127,-90
113900139,129,165,-36
113900140,81,242,-161
113900141,423,141,282
113900142,110,56,54
113900143,9,31,-22
113900144,90,149,-59
113900145,293,90,203
113900146,120,34,86
113900148,83,229,-146
113900149,129,76,53
113900150,187,208,-21
113900151,348,94,254
113900152,51,34,17
113900153,110,381,-271
113900154,2,99,-97
113900155,134,182,-48
113900156,139,217,-78
113900157,35,221,-186
113900158,111,302,-191
113900159,12,196,-184
113900160,279,276,3
113900161,56,188,-132
113900162,131,511,-380
113900163,137,156,-19
113900164,255,54,201
113900165,481,216,265
113900166,67,114,-47
113900167,244,31,213
113900168,55,51,4
113900169,129,192,-63
113900171,177,30,147
113900172,4,71,-67
113900173,14,244,-230
113900174,350,302,48
113900175,231,118,113
113900176,243,256,-13
113900177,277,108,169
113900178,386,111,275
113900179,8,197,-189
113900180,120,47,73
113900181,533,83,450
113900182,468,497,-29
113900183,29,49,-20
113900184,5,202,-197
113900185,106,42,64
113900186,24,21,3
113900187,26,68,-42
113900188,28,74,-46
113900189,180,78,102
113900190,146,49,97
113900191,70,93,-23
113900192,833,1253,-420
113900193,12,70,-58
113900194,769,584,185
113900195,188,250,-62
113900196,2,68,-66
113900197,1,57,-56
113900198,11,186,-175
113900199,59,377,-318
113900200,8,127,-119
113900201,0,68,-68
113900202,32,131,-99
113900203,9,35,-26
113900204,27,218,-191
113900205,2,110,-108
113900206,5,88,-83
113900207,0,35,-35
113900208,0,37,-37
113900209,0,67,-67
113900210,309,428,-119
113900211,130,51,79
113900212,179,234,-55
113900214,137,294,-157
113900215,50,57,-7
113900216,121,387,-266
113900217,76,112,-36
113900218,137,110,27
113900219,59,201,-142
113900220,94,102,-8
113900221,227,155,72
113900222,553,555,-2
113900223,176,461,-285
113900224,48,43,5
113900225,289,123,166
113900226,288,78,210
113900227,293,142,151
113900228,208,356,-148
113900229,52,618,-566
113900230,1686,2583,-897
113900231,113,92,21
113900232,110,49,61
113900233,56,33,23
113900234,245,255,-10
113900235,79,24,55
113900236,165,163,2
113900237,145,5,140
113900238,154,377,-223
113900239,28,106,-78
113900240,3,176,-173
113900241,108,31,77
113900242,28,90,-62
113900243,40,251,-211
113900244,133,131,2
113900245,634,171,463
113900246,11,18,-7
113900247,120,400,-280
113900248,1341,1326,15
113900249,484,405,79
113900250,51,142,-91
113900251,617,63,554
113900252,425,17,408
113900253,438,49,389
113900254,577,100,477
113900255,432,9,423
113900256,286,17,269
113900257,17,298,-281
113900258,15,182,-167
113900259,475,69,406
113900260,138,8,130
113900261,27,52,-25
113900262,146,265,-119
113900263,78,342,-264
113900264,2,228,-226
113900265,142,253,-111
113900266,33,81,-48
113900267,82,320,-238
113900268,231,235,-4
113900269,53,90,-37
113900270,177,445,-268
113900271,421,440,-19
113900273,21,5,16
113900274,68,40,28
113900275,8,49,-41
113900276,0,81,-81
113900277,134,5,129
113900278,163,97,66
113900279,74,46,28
113900280,1196,431,765
113900281,316,867,-551
113900282,519,512,7
113900283,361,452,-91
113900284,642,119,523
113900285,128,25,103
113900286,11,55,-44
113900287,72,24,48
113900288,0,100,-100
113900289,362,111,251
113900290,127,204,-77
113900291,57,120,-63
113900292,5,1,4
113900293,6,167,-161
113900294,443,13,430
113900295,221,234,-13
113900296,600,187,413
113900297,2144,37,2107
113900298,17,924,-907
113900299,108,65,43
113900300,1604,1868,-264
113900301,503,236,267
113900302,1571,675,896
113900303,230,369,-139
113900304,1,64,-63
113900305,138,0,138
113900306,36,2,34
113900307,8,0,8
113900308,56,65,-9
113900309,0,333,-333
113900310,1,14,-13
113900311,4,3,1
113900312,134,188,-54
113900313,5,6,-1
113900314,1,4,-3
113900315,21,0,21
114000001,776,1579,-803
114000002,239,161,78
114000003,170,428,-258
114000004,321,219,102
114000005,237,183,54
114000006,1282,984,298
114000007,448,701,-253
114000008,915,1324,-409
114000009,679,168,511
114000011,2337,1512,825
114000012,2410,1042,1368
114000013,1568,895,673
114000014,665,295,370
114000015,1624,240,1384
114000016,157,130,27
114000017,78,240,-162
114000018,104,21,83
114000026,1876,667,1209
114000027,3054,1373,1681
114000028,1937,2132,-195
114000038,175,90,85
114000039,161,109,52
114000040,111,174,-63
114000042,128,83,45
114000043,283,135,148
114000044,317,104,213
114000045,24,38,-14
114000046,2213,2779,-566
114000047,5,46,-41
114000048,125,87,38
114000049,1282,1015,267
114000050,1249,1124,125
114000051,2194,1243,951
114000052,3300,1378,1922
114000053,70,444,-374
114000054,116,436,-320
114000055,207,22,185
114000056,345,894,-549
114000057,3052,1508,1544
114000058,152,1134,-982
114000059,104,300,-196
114000060,344,554,-210
114000061,1733,2304,-571
114000062,882,1091,-209
114000063,1293,933,360
114000064,2297,2698,-401
114000065,1022,1535,-513
114000066,369,460,-91
114000067,25,615,-590
114000068,337,507,-170
114000069,678,333,345
114000070,1535,1456,79
114000071,496,273,223
114000072,477,167,310
114000073,12,36,-24
114000074,45,15,30
114000075,36,28,8
114000076,17,47,-30
114000077,9,12,-3
114000078,332,272,60
114000079,147,40,107
114000080,49,60,-11
114000081,70,58,12
114000082,37,233,-196
114000083,58,109,-51
114000084,254,59,195
114000085,59,251,-192
114000086,187,224,-37
114000087,116,63,53
114000088,27,25,2
114000089,310,218,92
114000090,698,662,36
114000091,836,555,281
114000092,714,340,374
114000093,977,466,511
114000094,356,338,18
114000095,175,148,27
114000096,80,180,-100
114000097,127,261,-134
114000098,493,81,412
114000099,601,254,347
114000100,1314,348,966
114000101,507,302,205
114000102,573,229,344
114000103,132,188,-56
114000104,99,120,-21
114000105,141,59,82
114000106,497,982,-485
114000107,424,87,337
114000108,1144,786,358
114000109,589,1619,-1030
114000110,410,713,-303
114000111,1612,699,913
114000112,468,1405,-937
114000113,1630,421,1209
114000114,948,919,29
114000115,2118,982,1136
114000116,813,1732,-919
114000117,2656,435,2221
114000118,2362,382,1980
114000119,1721,375,1346
114000120,448,474,-26
114000121,391,573,-182
114000122,358,246,112
114000123,1592,297,1295
114000124,842,173,669
114000125,674,700,-26
114000126,1654,180,1474
114000127,272,102,170
114000128,734,233,501
114000130,501,367,134
114000131,323,67,256
114000132,395,289,106
114000133,646,703,-57
114000134,70,40,30
114000138,31,77,-46
114000139,338,269,69
114000144,738,544,194
114000145,48,80,-32
114000146,77,95,-18
114000147,1064,1930,-866
114000148,1297,1473,-176
114000149,240,241,-1
114000150,730,1024,-294
114000151,923,1963,-1040
114000152,67,33,34
114000153,599,1382,-783
114000154,567,518,49
114000155,1026,1869,-843
114000156,717,475,242
114000157,236,732,-496
114000158,817,498,319
114000159,186,252,-66
114000160,63,266,-203
114000161,966,2502,-1536
114000162,855,2101,-1246
114000163,14,39,-25
114000165,591,313,278
114000166,526,248,278
114000167,1780,1097,683
114000168,471,381,90
114000169,1025,1118,-93
114000170,974,978,-4
114000171,986,4001,-3015
114000174,174,283,-109
114000176,342,325,17
114000177,1057,489,568
114000178,40,30,10
114000179,993,658,335
114000180,242,473,-231
114000181,1462,3169,-1707
114000182,1153,1647,-494
114000183,584,608,-24
114000184,1543,564,979
114000185,956,625,331
114000189,981,91,890
114000190,2600,351,2249
114000191,51,86,-35
114000192,105,677,-572
114000193,365,1136,-771
114000194,1113,551,562
114000195,247,39,208
114000196,1,97,-96
114000197,1212,23,1189
114000198,598,230,368
114000199,1404,1558,-154
114000200,446,790,-344
114000201,97,414,-317
114000202,837,377,460
114000203,640,491,149
114000204,189,320,-131
114000205,154,732,-578
114000206,516,875,-359
114000207,369,812,-443
114000208,285,1062,-777
114000209,356,1172,-816
114000210,142,563,-421
114000211,1062,1212,-150
114000212,644,563,81
114000213,1172,451,721
114000214,75,91,-16
114000215,156,33,123
114000216,1184,297,887
114000217,363,179,184
114000218,163,165,-2
114000219,1053,107,946
114000220,9,431,-422
114000221,701,114,587
114000222,85,614,-529
114000223,474,127,347
114000224,44,398,-354
114000225,248,362,-114
114000226,166,163,3
114000227,922,441,481
114000228,737,440,297
114000229,981,761,220
114000230,1422,690,732
114000231,824,919,-95
114000232,640,146,494
114000233,1778,72,1706
114000234,953,631,322
114000235,884,1011,-127
114000236,0,238,-238
114000237,124,451,-327
114000238,262,156,106
114000239,130,581,-451
114000240,711,721,-10
114000241,265,513,-248
114000242,578,524,54
114000243,1521,694,827
114000244,851,260,591
114000245,328,492,-164
114000246,105,45,60
114000247,1003,414,589
114000248,1029,441,588
114000249,458,433,25
114000250,542,447,95
114000251,366,131,235
114000252,42,33,9
114000253,49,51,-2
114000254,61,30,31
114000255,378,134,244
114000256,508,1651,-1143
114000257,448,737,-289
114000258,287,167,120
114000259,86,160,-74
114000260,0,14,-14
114000261,52,20,32
114000262,321,62,259
114000263,5,1,4
114000264,962,256,706
114000265,0,0,0
114000267,3,1418,-1415
114000268,2,669,-667
114000270,148,28,120
114000271,315,29,286
114000283,1133,234,899
114000285,14,95,-81
114000288,72,167,-95
114000289,1200,130,1070
114000293,188,341,-153
114000294,189,258,-69
114000395,1191,47,1144
114000396,520,510,10
114000402,584,219,365
114000403,240,180,60
114000405,187,230,-43
114000423,332,198,134
114000424,343,79,264
114000425,735,125,610
114000426,296,649,-353
114000427,46,58,-12
114000428,137,146,-9
114000429,14,96,-82
114000432,85,62,23
114000434,29,45,-16
114000435,0,92,-92
114900001,453,378,75
114900002,446,71,375
114900003,531,564,-33
114900004,212,302,-90
114900005,463,375,88
114900006,50,42,8
114900007,255,14,241
114900008,135,80,55
114900010,949,1283,-334
114900011,134,89,45
114900013,170,80,90
114900018,718,31,687
114900020,141,51,90
114900022,47,396,-349
114900025,453,131,322
114900026,76,117,-41
114900029,126,19,107
114900030,240,147,93
114900031,388,30,358
114900032,348,12,336
114900034,32,90,-58
114900035,92,175,-83
114900036,152,304,-152
114900039,446,178,268
114900040,58,49,9
114900041,679,230,449
114900042,834,251,583
114900044,145,32,113
114900047,195,2015,-1820
114900048,84,163,-79
114900049,14,112,-98
114900050,40,177,-137
114900051,21,174,-153
114900052,63,154,-91
114900053,94,213,-119
114900054,37,48,-11
114900057,156,6,150
114900058,0,59,-59
114900059,76,53,23
114900063,57,90,-33
114900064,1542,176,1366
114900065,424,431,-7
114900067,44,310,-266
114900068,47,112,-65
114900069,111,70,41
114900070,374,197,177
114900072,4,208,-204
114900073,0,88,-88
114900074,618,264,354
114900075,226,7,219
114900076,2,179,-177
114900080,958,242,716
114900082,2103,2066,37
114900083,679,763,-84
114900090,239,163,76
114900091,62,99,-37
114900097,116,2,114
114900098,4,85,-81
114900099,198,3,195
115000001,3323,1845,1478
115000002,3363,4040,-677
115000003,3579,1506,2073
115000004,3987,4806,-819
115000005,1288,1400,-112
115000006,1008,1189,-181
115000007,179,171,8
115000008,369,441,-72
115000009,240,169,71
115000010,204,155,49
115000013,51,201,-150
115000015,65,294,-229
115000016,41,214,-173
115000019,44,324,-280
115000020,67,675,-608
115000021,175,347,-172
115000022,400,262,138
115000023,261,481,-220
115000024,732,306,426
115000025,625,617,8
115000026,127,241,-114
115000027,278,236,42
115000028,149,616,-467
115000029,517,65,452
115000030,587,801,-214
115000031,1020,205,815
115000032,7,206,-199
115000033,179,42,137
115000034,70,858,-788
115000035,997,54,943
115000036,0,278,-278
115000037,497,19,478
115000038,59,127,-68
115000039,2262,2614,-352
115000040,2987,2044,943
115000041,1296,2977,-1681
115000042,486,419,67
115000043,4049,2105,1944
115000044,3501,2377,1124
115000045,2062,941,1121
115000046,2287,1945,342
115000047,2086,954,1132
115000048,1386,1266,120
115000049,1152,2026,-874
115000050,2447,1229,1218
115000051,1239,2550,-1311
115000052,1346,1179,167
115000053,1521,1591,-70
115000054,446,645,-199
115000055,125,610,-485
115000056,205,464,-259
115000057,609,898,-289
115000058,498,337,161
115000059,228,158,70
115000061,123,132,-9
115000062,187,167,20
115000063,343,185,158
115000064,262,50,212
115000065,71,430,-359
115000067,194,14,180
115000069,84,231,-147
115000070,22,616,-594
115000071,63,11,52
115000072,17,52,-35
115000073,1070,65,1005
115000075,90,57,33
115000076,2018,1565,453
115000077,1561,1070,491
115000078,1218,761,457
115000079,1094,943,151
115000080,2158,1168,990
115000081,371,589,-218
115000082,3547,2765,782
115000083,1603,980,623
115000084,2125,823,1302
115000085,676,508,168
115000086,1031,454,577
115000087,327,951,-624
115000088,1310,487,823
115000089,985,763,222
115000090,390,750,-360
115000091,190,462,-272
115000092,550,368,182
115000093,452,3,449
115000094,4192,4883,-691
115000095,2791,4969,-2178
115000096,707,806,-99
115000097,1024,707,317
115000098,1005,468,537
115000099,2020,1519,501
115000100,984,283,701
115000101,399,822,-423
115000102,384,208,176
115000103,197,439,-242
115000105,74,83,-9
115000106,637,260,377
115000107,143,234,-91
115000108,1874,1640,234
115000109,2534,3683,-1149
115000110,1075,1312,-237
115000111,473,1003,-530
115000112,578,541,37
115000113,423,443,-20
115000114,1216,423,793
115000116,2348,1419,929
115000117,2283,2113,170
115000118,1827,1325,502
115000119,1607,1597,10
115000120,421,1059,-638
115000121,860,566,294
115000122,1185,1055,130
115000123,668,1810,-1142
115000124,522,675,-153
115000125,368,541,-173
115000126,90,283,-193
115000127,260,72,188
115000128,322,736,-414
115000129,200,325,-125
115000130,316,344,-28
115000131,770,199,571
115000132,260,161,99
115000133,469,143,326
115000134,303,194,109
115000135,252,79,173
115000136,277,189,88
115000137,101,79,22
115000138,320,204,116
115000139,248,104,144
115000140,396,158,238
115000141,196,111,85
115000142,154,137,17
115000143,810,372,438
115000144,436,152,284
115000145,227,193,34
115000146,482,236,246
115000147,378,361,17
115000148,186,436,-250
115000149,505,196,309
115000150,491,327,164
115000151,1078,359,719
115000152,544,393,151
115000153,939,369,570
115000154,799,178,621
115000155,447,448,-1
115000156,769,530,239
115000157,459,584,-125
115000158,255,418,-163
115000159,529,374,155
115000160,363,328,35
115000161,98,371,-273
115000162,534,617,-83
115000163,420,517,-97
115000164,584,449,135
115000165,316,417,-101
115000167,149,52,97
115000168,331,261,70
115000169,290,282,8
115000170,94,120,-26
115000171,250,211,39
115000172,551,535,16
115000173,250,583,-333
115000174,65,294,-229
115000175,141,67,74
115000176,54,60,-6
115000177,58,60,-2
115000178,20,103,-83
115000179,28,26,2
115000180,88,366,-278
115000181,549,97,452
115000182,758,198,560
115000183,306,403,-97
115000186,533,158,375
115000187,168,440,-272
115000188,336,355,-19
115000189,165,321,-156
115000190,502,280,222
115000191,103,454,-351
115000194,129,107,22
115000195,158,198,-40
115000196,161,54,107
115000197,149,177,-28
115000198,334,82,252
115000199,272,137,135
115000200,333,74,259
115000201,135,143,-8
115000206,328,38,290
115000207,126,182,-56
115000208,260,390,-130
115000209,521,229,292
115000210,95,86,9
115000211,159,178,-19
115000212,957,245,712
115000224,277,44,233
115000225,46,56,-10
115000229,99,73,26
115000230,88,206,-118
115000231,227,726,-499
115000232,1545,242,1303
115000233,81,122,-41
115000234,29,243,-214
115000241,98,161,-63
115000242,85,141,-56
115000243,66,128,-62
115000244,25,94,-69
115000246,62,44,18
115000247,1,2,-1
115000248,3,3,0
115000249,1,0,1
115000250,296,100,196
115000251,443,292,151
115000252,281,243,38
115000253,16,261,-245
115000258,250,217,33
115000259,274,91,183
115000261,6,4,2
115000262,29,25,4
115000263,16,37,-21
115000264,74,83,-9
115000267,71,53,18
115000268,28,80,-52
115000269,114,64,50
115000270,4,18,-14
115000272,58,78,-20
115000273,387,28,359
115000280,2184,199,1985
115000281,266,883,-617
115000282,374,401,-27
115000284,176,134,42
115000296,862,5,857
115000297,147,148,-1
115000298,68,457,-389
115000300,209,121,88
115000302,562,73,489
115000303,657,56,601
115000304,621,55,566
115000305,88,277,-189
115000306,142,151,-9
115000307,88,104,-16
115000308,16,17,-1
115000310,1019,393,626
115000311,1014,721,293
115000313,99,270,-171
115000314,383,125,258
115000315,553,570,-17
115000316,84,84,0
115000317,122,287,-165
115000318,600,215,385
115000319,83,243,-160
115000320,11,297,-286
115000321,190,3,187
115000322,65,95,-30
115000449,143,132,11
115000557,2,1131,-1129
115000558,353,105,248
115000587,566,212,354
115000588,1578,1738,-160
115000589,3070,1755,1315
115000590,1070,1041,29
115000591,1378,653,725
115000592,382,1418,-1036
115000593,1308,552,756
115000594,512,2381,-1869
115000609,167,174,-7
115000617,718,2534,-1816
115000624,206,39,167
115000633,303,1340,-1037
115000634,2308,668,1640
115000635,584,125,459
115000638,330,374,-44
115000641,42,129,-87
115000642,337,238,99
115000643,114,330,-216
115000644,185,286,-101
115000646,711,1173,-462
115000647,142,337,-195
115000648,1711,1060,651
115000893,1817,1184,633
115000894,91,675,-584
115000895,289,735,-446
115000896,960,347,613
115000897,378,146,232
115000898,334,177,157
115000899,299,973,-674
115000900,42,286,-244
115000901,34,103,-69
115000912,305,66,239
115000913,1,11,-10
115000915,12,0,12
115000916,6,0,6
115000917,0,5,-5
115000918,36,356,-320
115000919,6,5,1
115000920,7,40,-33
115000921,258,90,168
115000922,604,714,-110
115000923,224,1180,-956
115000925,108,69,39
115000927,127,122,5
115000933,184,326,-142
115000934,126,107,19
115000935,95,42,53
115000936,19,693,-674
115000937,523,178,345
115000938,94,236,-142
115000939,119,179,-60
115000940,12,19,-7
115000941,10,23,-13
115000942,22,111,-89
115000943,18,30,-12
115000944,4,3,1
115900001,124,19,105
115900002,65,57,8
115900003,143,57,86
115900004,1,21,-20
115900005,180,7,173
115900006,97,148,-51
115900008,77,6,71
115900009,50,110,-60
115900010,348,105,243
115900011,386,139,247
115900012,184,28,156
115900013,225,66,159
115900014,124,73,51
115900015,175,37,138
115900016,89,14,75
115900017,17,7,10
115900018,148,46,102
115900019,64,8,56
115900020,79,1,78
115900021,588,231,357
115900022,602,9,593
115900023,19,17,2
115900025,23,162,-139
115900026,559,104,455
115900027,0,121,-121
115900028,362,41,321
115900029,6,179,-173
115900030,40,15,25
115900031,171,230,-59
115900032,432,414,18
115900033,1,26,-25
115900034,19,163,-144
115900035,30,16,14
115900036,35,841,-806
115900037,20,163,-143
115900038,47,12,35
115900039,94,94,0
115900041,248,562,-314
115900042,54,8,46
115900043,66,28,38
115900044,108,230,-122
115900046,252,109,143
115900047,127,145,-18
115900049,129,143,-14
115900051,2,38,-36
115900052,12,138,-126
115900053,196,119,77
115900054,308,19,289
115900055,4,84,-80
115900056,103,121,-18
115900057,28,12,16
115900058,25,24,1
115900060,56,48,8
115900061,230,0,230
115900062,30,181,-151
115900063,60,12,48
115900064,162,164,-2
115900065,110,38,72
115900066,85,56,29
115900067,4,275,-271
115900068,1674,931,743
115900069,43,108,-65
115900070,148,49,99
115900071,2,166,-164
115900072,26,96,-70
115900073,84,55,29
115900074,9,195,-186
115900075,13,84,-71
115900076,3,35,-32
115900077,6,117,-111
115900078,50,88,-38
115900079,220,12,208
115900080,211,130,81
115900081,11,38,-27
115900082,65,79,-14
115900084,527,19,508
115900085,32,40,-8
115900086,805,365,440
115900088,6,48,-42
115900089,314,391,-77
115900090,427,6,421
115900091,0,11,-11
115900092,60,71,-11
115900093,11,9,2
115900094,6,125,-119
115900096,4,2,2
115900097,4,177,-173
115900098,142,168,-26
115900099,44,62,-18
115900100,9,245,-236
115900101,121,108,13
115900102,97,44,53
115900103,215,78,137
115900104,84,41,43
115900105,266,225,41
115900106,96,26,70
115900107,82,39,43
115900108,125,21,104
115900109,38,173,-135
115900110,3,10,-7
115900111,4,62,-58
115900112,30,352,-322
115900113,55,8,47
115900114,0,75,-75
115900115,47,120,-73
115900116,61,399,-338
115900117,107,4,103
115900118,2,137,-135
115900119,120,73,47
115900120,21,123,-102
115900121,159,107,52
115900124,212,485,-273
115900125,287,29,258
115900126,543,58,485
115900127,579,43,536
115900128,2,79,-77
115900129,484,47,437
115900130,19,213,-194
115900131,206,24,182
115900132,556,5,551
115900134,308,77,231
115900135,261,941,-680
115900137,35,6,29
115900139,31,65,-34
115900140,246,16,230
115900141,6,46,-40
115900142,7,28,-21
115900143,226,170,56
115900144,123,105,18
115900146,9,36,-27
115900147,180,214,-34
115900148,33,5,28
115900149,98,6,92
115900150,73,16,57
115900151,8,91,-83
115900152,165,174,-9
115900153,127,93,34
115900154,272,271,1
115900155,0,26,-26
115900156,525,755,-230
115900157,228,400,-172
115900158,7,3,4
115900159,99,141,-42
115900160,6,29,-23
115900161,55,89,-34
115900163,137,52,85
115900164,545,10,535
115900166,105,120,-15
115900168,127,80,47
115900171,66,229,-163
115900172,52,56,-4
115900173,244,68,176
115900174,171,130,41
115900175,93,109,-16
115900178,7,250,-243
115900179,255,3,252
115900180,30,102,-72
115900181,176,103,73
115900182,369,77,292
115900183,42,56,-14
115900184,729,9,720
115900187,6,120,-114
115900189,0,184,-184
115900190,125,946,-821
115900191,17,131,-114
115900192,9,81,-72
115900193,166,57,109
115900194,550,55,495
115900195,374,1724,-1350
115900198,181,208,-27
115900199,195,96,99
115900200,172,175,-3
115900201,382,353,29
115900202,0,55,-55
115900203,8,17,-9
115900204,0,10,-10
115900205,76,13,63
115900206,183,84,99
115900207,34,6,28
115900208,81,69,12
115900209,10,119,-109
115900210,7,101,-94
115900211,4,101,-97
115900212,146,117,29
115900213,60,69,-9
115900214,476,82,394
115900215,27,173,-146
115900216,1,88,-87
115900217,0,38,-38
115900218,1,18,-17
115900219,138,2,136
115900220,188,7,181
115900221,104,12,92
115900222,74,34,40
115900223,4,398,-394
115900224,485,1177,-692
115900225,38,26,12
115900226,15,24,-9
115900227,6,40,-34
115900228,11,37,-26
115900229,16,32,-16
115900230,44,67,-23
115900231,99,5,94
115900232,58,2,56
115900233,81,8,73
115900234,54,17,37
115900235,37,23,14
115900236,17,27,-10
115900237,10,24,-14
115900238,27,6,21
115900239,11,20,-9
115900240,15,29,-14
115900241,170,64,106
115900242,186,322,-136
115900243,6,6,0
115900244,7,6,1
115900245,47,0,47
115900246,7,10,-3
115900247,27,11,16
115900248,2,7,-5
115900249,4,6,-2
115900250,8,10,-2
115900251,1,8,-7
115900252,0,0,0
115900253,8,12,-4
115900254,6,18,-12
115900255,2,11,-9
115900256,17,74,-57
115900257,8,6,2
115900258,0,0,0
115900259,4,1,3
115900260,13,0,13
115900261,0,3,-3
115900262,0,0,0
115900263,16,2,14
115900264,14,1,13
115900265,3,3,0
115900266,2,15,-13
115900267,9,24,-15
115900268,2,7,-5
115900269,424,223,201
115900270,307,106,201
115900271,98,0,98
115900272,36,5,31
115900273,13,9,4
115900274,4,5,-1
115900275,1,10,-9
115900276,0,19,-19
115900277,0,36,-36
115900278,31,60,-29
115900279,24,155,-131
115900280,19,374,-355
115900281,156,291,-135
115900282,11,9,2
115900283,20,11,9
115900284,41,3,38
116000001,4983,2546,2437
116000002,3636,9785,-6149
116000003,953,1076,-123
116000004,2239,3314,-1075
116000005,1484,2275,-791
116000006,2321,2706,-385
116000007,2037,2136,-99
116000008,3487,2211,1276
116000009,898,1267,-369
116000010,2233,1316,917
116000011,696,1284,-588
116000012,1627,1079,548
116000013,4544,2787,1757
116000014,6033,10476,-4443
116000015,106,1181,-1075
116000016,2857,2859,-2
116000017,22,653,-631
116000018,518,164,354
116000019,808,224,584
116000020,541,472,69
116000021,475,259,216
116000022,328,234,94
116000023,887,527,360
116000024,522,482,40
116000025,624,644,-20
116000026,1328,1866,-538
116000027,483,517,-34
116000028,452,921,-469
116000029,359,624,-265
116000030,738,494,244
116000031,130,283,-153
116000032,294,151,143
116000033,308,380,-72
116000034,722,662,60
116000035,250,558,-308
116000036,980,1205,-225
116000037,375,380,-5
116000038,181,377,-196
116000039,328,431,-103
116000040,377,326,51
116000041,100,327,-227
116000042,644,273,371
116000043,64,504,-440
116000044,5,70,-65
116000045,1639,1196,443
116000046,895,1578,-683
116000047,1319,1793,-474
116000048,1547,1674,-127
116000049,1189,2670,-1481
116000050,1294,1060,234
116000051,5633,2185,3448
116000052,5273,4264,1009
116000053,1789,662,1127
116000054,782,1900,-1118
116000055,643,681,-38
116000056,989,1124,-135
116000057,2185,1352,833
116000058,2343,2426,-83
116000059,2169,3875,-1706
116000060,1346,815,531
116000061,475,932,-457
116000062,332,164,168
116000063,416,998,-582
116000066,283,534,-251
116000067,171,327,-156
116000068,174,223,-49
116000069,199,250,-51
116000078,479,929,-450
116000080,1560,654,906
116000082,4,31,-27
116000083,1600,432,1168
116000084,1344,2075,-731
116000085,1825,1658,167
116000086,1232,737,495
116000087,2140,1402,738
116000088,606,577,29
116000089,182,73,109
116000090,98,126,-28
116000091,292,273,19
116000093,595,208,387
116000094,567,411,156
116000095,771,300,471
116000096,654,1204,-550
116000097,872,380,492
116000098,65,5563,-5498
116000099,2987,239,2748
116000100,288,12,276
116000101,789,368,421
116000102,270,560,-290
116000103,463,264,199
116000104,168,679,-511
116000105,1079,97,982
116000106,758,667,91
116000107,3178,264,2914
116000108,467,149,318
116000111,148,16,132
116000113,116,84,32
116000114,47,98,-51
116000115,278,89,189
116000116,248,207,41
116000117,1228,1145,83
116000118,1218,720,498
116000119,2930,1557,1373
116000120,2585,2439,146
116000121,849,415,434
116000122,840,828,12
116000123,1113,350,763
116000124,304,474,-170
116000125,2676,636,2040
116000126,262,783,-521
116000127,696,758,-62
116000128,1643,694,949
116000129,1188,214,974
116000130,608,467,141
116000133,1120,610,510
116000134,1394,973,421
116000135,2504,1179,1325
116000136,712,1128,-416
116000137,1077,534,543
116000138,582,495,87
116000139,1317,1845,-528
116000140,150,150,0
116000141,263,328,-65
116000142,2421,1765,656
116000143,1541,1574,-33
116000144,1283,1256,27
116000145,1527,892,635
116000146,602,84,518
116000147,174,129,45
116000148,453,453,0
116000149,534,436,98
116000151,473,306,167
116000153,60,214,-154
116000155,110,191,-81
116000156,319,526,-207
116000157,81,9,72
116000158,325,259,66
116000159,13,7,6
116000160,8,24,-16
116000161,1,55,-54
116000162,65,95,-30
116000163,31,8,23
116000164,6,26,-20
116000177,408,117,291
116000194,80,298,-218
116000195,1131,506,625
116000196,12,3,9
116000197,7,20,-13
116000198,1763,860,903
116000200,496,423,73
116000201,607,487,120
116000202,7,144,-137
116000203,8,66,-58
116000204,11,37,-26
116000205,0,126,-126
116000206,2,165,-163
116000207,6,75,-69
116000233,154,203,-49
116000287,149,232,-83
116000288,268,126,142
116000292,36,52,-16
116000296,19,256,-237
116000297,107,19,88
116000304,111,24,87
116000305,30,63,-33
116000346,99,44,55
116000352,91,16,75
116000354,32,11,21
116000357,4,14,-10
116000358,263,63,200
116000361,143,3,140
116000372,2680,3788,-1108
116000381,65,1,64
116000388,0,28,-28
116000389,595,335,260
116000445,406,230,176
116000446,624,322,302
116000447,17,443,-426
116000448,345,139,206
116000563,557,757,-200
116000565,37,197,-160
116000568,32,182,-150
116000579,19,108,-89
116000583,84,46,38
116000584,31,6,25
116000585,37,13,24
116000586,54,62,-8
116000587,521,666,-145
116000589,37,49,-12
116000590,58,47,11
116000591,284,172,112
116000592,12,54,-42
116000593,0,22,-22
116000594,607,224,383
116000595,548,76,472
116000596,124,7,117
116000597,307,94,213
116000598,8,79,-71
116000605,127,74,53
116000606,60,211,-151
116000607,3,17,-14
116000609,109,770,-661
116000611,97,241,-144
116000612,913,1713,-800
116000613,589,283,306
116000614,342,299,43
116000615,2,370,-368
116000616,50,50,0
116000617,117,26,91
116000618,3,21,-18
116000619,48,51,-3
116000620,192,403,-211
116000621,68,99,-31
116000622,55,141,-86
116000624,282,98,184
116000627,104,22,82
116000628,38,167,-129
116000629,10,115,-105
116000630,210,25,185
116000631,100,61,39
116000632,749,39,710
116000633,166,141,25
116000634,333,69,264
116000635,1839,1979,-140
116000636,567,1225,-658
116000637,435,50,385
116000638,120,195,-75
116000639,95,1,94
116000640,14,13,1
116000641,17,71,-54
116000643,1,103,-102
116000644,17,180,-163
116000645,31,5,26
116900001,181,131,50
116900002,193,1,192
116900003,44,24,20
116900004,41,48,-7
116900005,211,44,167
116900006,82,192,-110
116900007,110,136,-26
116900008,289,99,190
116900009,19,6,13
116900010,281,653,-372
116900011,7,18,-11
116900012,284,129,155
116900013,1,69,-68
116900014,120,83,37
116900015,510,39,471
116900016,224,2,222
116900017,0,299,-299
116900018,50,36,14
116900019,2,165,-163
116900020,555,923,-368
116900023,135,20,115
116900024,539,19,520
116900025,1033,388,645
116900026,48,324,-276
116900027,21,34,-13
116900028,6,63,-57
116900029,0,41,-41
116900031,1,1,0
116900032,1,185,-184
116900033,12,8,4
116900034,18,53,-35
116900035,132,110,22
116900036,5,56,-51
116900038,46,0,46
116900041,44,8,36
116900042,280,179,101
116900043,11,38,-27
116900047,20,183,-163
116900049,28,172,-144
116900050,87,260,-173
116900051,137,53,84
116900052,118,63,55
116900055,0,7,-7
116900057,8,118,-110
116900058,13,220,-207
116900059,0,78,-78
116900060,136,128,8
116900062,2,10,-8
116900064,75,236,-161
116900065,24,60,-36
116900067,95,42,53
116900068,91,134,-43
116900070,6,4,2
116900072,16,166,-150
116900073,13,61,-48
116900074,3,22,-19
116900076,20,45,-25
116900077,13,77,-64
116900078,171,62,109
116900079,22,107,-85
116900080,7,7,0
116900081,304,727,-423
116900082,345,623,-278
116900083,32,18,14
116900084,100,50,50
116900085,28,109,-81
116900086,31,109,-78
116900088,227,61,166
116900090,107,47,60
116900091,287,14,273
116900092,84,443,-359
116900093,1368,1212,156
116900094,2066,2967,-901
116900095,167,90,77
116900096,59,303,-244
116900097,1568,2726,-1158
116900098,584,307,277
116900099,353,503,-150
116900100,839,35,804
116900101,171,252,-81
116900103,4,0,4
116900104,49,78,-29
116900105,270,96,174
116900106,1500,43,1457
116900107,1785,2038,-253
116900110,10,0,10
116900111,565,284,281
116900112,189,488,-299
116900113,779,1212,-433
116900116,65,668,-603
116900117,148,64,84
116900118,515,712,-197
116900120,311,44,267
116900121,119,9,110
116900122,842,293,549
116900123,285,354,-69
116900124,169,680,-511
116900125,340,108,232
116900126,77,450,-373
116900128,1,26,-25
116900129,2,162,-160
116900130,333,2989,-2656
116900131,56,214,-158
116900132,39,50,-11
116900133,135,94,41
116900134,156,209,-53
116900136,174,123,51
116900137,184,90,94
116900138,138,120,18
116900139,100,301,-201
116900140,164,93,71
116900141,583,276,307
116900142,2,55,-53
116900143,230,200,30
116900144,27,79,-52
116900145,54,139,-85
116900147,268,577,-309
116900148,2,33,-31
116900149,41,223,-182
116900150,8,12,-4
116900151,29,15,14
116900153,137,61,76
116900154,285,456,-171
116900155,45,59,-14
116900157,535,113,422
116900158,118,190,-72
116900159,44,237,-193
116900160,731,600,131
116900161,3390,5677,-2287
116900162,4,54,-50
116900163,177,64,113
116900164,61,55,6
116900165,219,186,33
116900166,34,44,-10
116900167,392,30,362
116900168,321,65,256
116900169,242,551,-309
116900170,260,504,-244
116900171,27,79,-52
116900172,123,332,-209
116900173,215,20,195
116900174,71,45,26
116900175,159,191,-32
116900178,22,53,-31
116900179,59,287,-228
116900180,75,20,55
116900182,403,158,245
116900183,143,69,74
116900185,40,35,5
116900186,81,147,-66
116900187,34,51,-17
116900188,131,22,109
116900189,41,0,41
116900191,307,459,-152
116900192,260,70,190
116900194,149,1276,-1127
116900195,44,22,22
116900196,19,61,-42
116900197,72,5,67
116900198,124,197,-73
116900200,85,15,70
116900201,110,5,105
116900202,55,23,32
116900203,122,2,120
116900204,37,80,-43
116900206,14,8,6
116900207,31,22,9
116900208,6,77,-71
116900209,33,39,-6
116900210,427,263,164
116900211,209,1,208
116900212,71,39,32
116900213,212,67,145
116900214,171,93,78
116900215,43,44,-1
116900216,218,140,78
116900218,3,115,-112
116900219,980,269,711
116900220,109,127,-18
116900221,90,200,-110
116900222,431,336,95
116900223,96,207,-111
116900226,88,16,72
116900227,164,35,129
116900228,282,101,181
116900230,57,154,-97
116900231,42,206,-164
116900232,6,256,-250
116900233,254,47,207
116900234,21,8,13
116900235,322,232,90
116900238,1149,219,930
116900239,4,785,-781
116900240,3027,2865,162
116900241,89,66,23
116900242,445,582,-137
116900243,3,18,-15
116900245,26,41,-15
116900246,92,15,77
116900247,819,21,798
116900248,82,36,46
116900249,331,54,277
116900250,295,30,265
116900251,306,592,-286
116900252,103,475,-372
116900254,13,64,-51
116900255,113,83,30
116900256,328,67,261
116900257,52,207,-155
116900258,0,106,-106
116900259,286,6,280
116900260,1,52,-51
116900261,90,2,88
116900262,176,155,21
116900263,0,12,-12
116900264,91,29,62
116900265,36,0,36
116900266,27,18,9
116900267,21,1,20
116900268,120,76,44
116900269,239,497,-258
116900271,513,176,337
116900272,323,177,146
116900273,106,66,40
116900274,120,37,83
116900275,155,54,101
116900276,253,142,111
116900277,255,39,216
116900278,6,3,3
116900279,3,11,-8
116900280,33,13,20
116900281,2788,3779,-991
116900282,6,47,-41
116900283,8,51,-43
116900284,9,99,-90
116900285,137,139,-2
116900286,130,19,111
116900287,6,18,-12
116900288,85,62,23
116900289,7,8,-1
116900290,45,48,-3
116900291,22,13,9
116900292,0,22,-22
116900293,37,19,18
116900294,19,71,-52
116900295,68,63,5
116900296,27,90,-63
116900297,1,71,-70
116900298,76,59,17
116900299,22,59,-37
116900300,1,41,-40
116900301,36,105,-69
116900302,33,50,-17
116900303,96,52,44
116900304,0,127,-127
116900305,14,25,-11
116900306,159,58,101
116900307,65,1,64
116900308,1,60,-59
116900309,69,31,38
116900310,21,22,-1
117000001,1763,1408,355
117000002,1559,3003,-1444
117000003,5069,2605,2464
117000004,2267,3489,-1222
117000005,2250,1498,752
117000006,984,2021,-1037
117000007,3845,937,2908
117000008,757,2238,-1481
117000009,3836,1398,2438
117000010,1792,2387,-595
117000011,2241,1163,1078
117000012,1141,880,261
117000013,1630,580,1050
117000014,1076,1758,-682
117000015,1734,1051,683
117000016,215,117,98
117000017,93,77,16
117000018,72,582,-510
117000019,70,47,23
117000020,290,1251,-961
117000021,856,597,259
117000022,209,136,73
117000023,95,317,-222
117000024,133,243,-110
117000025,251,907,-656
117000026,1363,1350,13
117000027,963,4081,-3118
117000028,1419,1728,-309
117000030,285,382,-97
117000031,387,370,17
117000032,1122,976,146
117000033,1052,672,380
117000034,430,275,155
117000035,396,343,53
117000036,374,256,118
117000037,261,167,94
117000038,126,437,-311
117000039,387,180,207
117000040,207,545,-338
117000041,1036,128,908
117000044,12,453,-441
117000045,486,71,415
117000046,312,672,-360
117000047,861,474,387
117000048,1230,490,740
117000049,89,423,-334
117000050,197,1188,-991
117000051,2366,100,2266
117000052,81,248,-167
117000053,511,38,473
117000054,1530,10,1520
117000055,48,1638,-1590
117000056,554,31,523
117000057,394,1388,-994
117000060,358,815,-457
117000061,1539,783,756
117000062,244,445,-201
117000063,1609,964,645
117000064,500,436,64
117000066,510,583,-73
117000067,90,462,-372
117000074,81,137,-56
117000076,40,28,12
117000077,105,153,-48
117000078,76,437,-361
117000079,380,171,209
117000080,0,251,-251
117000081,843,91,752
117000082,19,75,-56
117000083,548,212,336
117000084,140,0,140
117000085,264,615,-351
117000086,651,257,394
117000087,79,404,-325
117000088,233,110,123
117000089,1441,198,1243
117000090,253,826,-573
117000091,806,217,589
117000092,337,792,-455
117000093,1147,576,571
117000094,992,1680,-688
117000095,3359,691,2668
117000096,557,1576,-1019
117000097,1424,806,618
117000098,1652,2666,-1014
117000099,3311,986,2325
117000100,246,261,-15
117000101,112,615,-503
117000102,1669,529,1140
117000103,517,1002,-485
117000104,1339,559,780
117000105,697,924,-227
117000106,1167,551,616
117000107,447,1145,-698
117000108,1636,775,861
117000109,911,1634,-723
117000110,1454,1008,446
117000111,2699,2993,-294
117000112,2667,1218,1449
117000113,193,128,65
117000114,210,72,138
117000115,82,53,29
117000116,135,126,9
117000117,1092,932,160
117000118,192,110,82
117000119,142,185,-43
117000120,119,509,-390
117000121,40,817,-777
117000122,247,600,-353
117000123,1134,42,1092
117000124,259,99,160
117000125,91,140,-49
117000126,40,9,31
117000127,120,193,-73
117000128,241,578,-337
117000129,257,958,-701
117000130,135,1,134
117000131,0,63,-63
117000132,2762,46,2716
117000133,1918,31,1887
117000134,0,48,-48
117000135,0,50,-50
117000136,1,14,-13
117000137,79,114,-35
117000138,2,466,-464
117000140,306,1023,-717
117000141,1707,391,1316
117000181,300,123,177
117000182,410,636,-226
117000195,116,484,-368
117000196,240,129,111
117000225,99,46,53
117000226,3,101,-98
117000276,303,19,284
117000277,0,148,-148
117000310,1018,1972,-954
117000315,46,614,-568
117000320,96,0,96
117000906,391,27,364
117000907,10,198,-188
117000909,56,26,30
117000910,145,145,0
117000911,104,129,-25
117000915,3,265,-262
117000916,43,1,42
117000917,1213,22,1191
117000918,87,52,35
117000919,5,47,-42
117000920,1,657,-656
117000921,0,517,-517
117000922,27,57,-30
117000924,364,589,-225
117000926,418,82,336
117000927,624,856,-232
117000928,1,94,-93
117000929,332,195,137
117000930,277,15,262
117000931,145,143,2
117900002,61,337,-276
117900003,408,284,124
117900005,15,59,-44
117900006,1,46,-45
117900007,110,49,61
117900008,0,24,-24
117900010,217,64,153
117900011,24,90,-66
117900012,42,29,13
117900013,0,77,-77
117900014,477,128,349
117900015,18,78,-60
117900016,797,700,97
117900017,576,268,308
117900018,88,126,-38
117900019,461,165,296
117900020,39,374,-335
117900021,35,33,2
117900023,536,81,455
117900024,35,20,15
117900025,76,14,62
117900026,374,131,243
117900028,35,5,30
117900029,206,341,-135
117900031,86,64,22
117900032,886,645,241
117900033,317,267,50
117900034,93,20,73
117900035,241,120,121
117900036,168,187,-19
117900037,144,86,58
117900038,69,151,-82
117900039,0,41,-41
117900040,104,204,-100
117900041,2,24,-22
117900042,2400,217,2183
117900043,24,34,-10
117900044,54,2999,-2945
117900045,146,123,23
117900048,336,181,155
117900049,214,249,-35
117900050,2,99,-97
117900051,7,2,5
117900052,42,300,-258
117900053,1467,366,1101
117900054,2,16,-14
117900055,226,156,70
117900056,57,64,-7
117900057,915,1059,-144
117900058,54,26,28
117900059,148,75,73
117900060,2467,3325,-858
117900061,15,214,-199
117900063,316,137,179
117900065,456,769,-313
117900066,1,74,-73
117900067,493,127,366
117900069,692,188,504
117900070,129,46,83
117900071,65,103,-38
117900073,427,155,272
117900074,70,58,12
117900075,64,58,6
117900076,27,62,-35
117900077,421,167,254
117900078,248,649,-401
117900080,118,28,90
117900081,314,285,29
117900082,383,344,39
117900083,318,222,96
117900086,131,16,115
117900087,132,56,76
117900088,2260,1328,932
117900089,2075,624,1451
117900090,441,247,194
117900091,56,115,-59
117900092,55,18,37
117900093,96,51,45
117900094,47,32,15
117900095,271,395,-124
117900096,105,183,-78
117900097,353,40,313
117900098,44,11,33
117900099,138,159,-21
117900100,273,1,272
117900101,393,1672,-1279
117900102,89,20,69
117900103,47,2,45
117900104,15,97,-82
117900105,71,147,-76
117900106,101,27,74
117900107,36,1,35
117900109,603,330,273
117900110,125,1,124
117900111,335,14,321
117900112,55,4,51
117900113,1190,1281,-91
117900114,33,1,32
117900115,129,66,63
117900116,677,583,94
117900117,495,133,362
117900118,58,0,58
117900119,121,60,61
117900120,206,15,191
117900121,67,15,52
117900122,880,3398,-2518
117900123,540,244,296
117900124,718,488,230
117900125,1366,1724,-358
117900126,181,316,-135
117900127,387,190,197
117900128,287,304,-17
117900129,82,0,82
117900130,847,229,618
117900131,1,106,-105
117900132,5,87,-82
117900133,14,48,-34
117900134,36,237,-201
117900135,22,86,-64
117900136,0,13,-13
117900137,46,150,-104
117900138,0,23,-23
117900139,102,86,16
117900140,2147,122,2025
117900141,68,139,-71
117900142,121,59,62
117900144,51,178,-127
117900145,25,39,-14
117900146,106,129,-23
117900147,74,35,39
117900148,1703,1416,287
117900149,107,113,-6
117900150,39,25,14
117900151,30,53,-23
117900152,67,49,18
117900153,12,72,-60
117900154,386,366,20
117900156,603,573,30
117900157,57,380,-323
117900158,162,140,22
117900160,690,651,39
117900161,1760,1256,504
117900162,441,325,116
117900163,25,124,-99
117900165,0,3,-3
117900166,93,394,-301
117900168,68,148,-80
117900169,0,89,-89
117900170,3,17,-14
117900171,5,16,-11
117900172,17,14,3
117900173,120,70,50
117900174,28,50,-22
117900175,15,29,-14
117900176,20,23,-3
117900177,18,19,-1
117900178,77,23,54
117900180,186,33,153
117900181,51,386,-335
117900182,4,42,-38
117900183,53,171,-118
117900184,30,50,-20
117900185,56,54,2
117900186,69,18,51
117900187,32,11,21
117900188,181,47,134
117900189,50,24,26
117900190,12,1,11
117900191,59,1,58
117900192,290,7,283
117900193,11,70,-59
117900194,4,4,0
117900195,27,45,-18
117900196,43,30,13
117900207,133,158,-25
117900208,19,19,0
117900209,154,123,31
117900210,55,170,-115
117900211,4,108,-104
117900212,103,123,-20
117900213,20,13,7
117900214,5,23,-18
117900215,53,39,14
117900216,36,23,13
117900217,42,237,-195
117900218,79,138,-59
117900219,3,83,-80
117900220,77,111,-34
117900222,160,142,18
117900223,136,229,-93
118000001,435,881,-446
118000002,351,1112,-761
118000003,1700,2792,-1092
118000004,1609,1573,36
118000005,2521,4433,-1912
118000006,2417,6511,-4094
118000007,3791,3549,242
118000008,2495,2924,-429
118000009,1327,1876,-549
118000010,4777,2492,2285
118000011,1246,1107,139
118000012,829,1079,-250
118000013,1649,1497,152
118000014,1701,1398,303
118000016,199,192,7
118000017,368,266,102
118000018,291,201,90
118000019,1417,1404,13
118000020,780,2397,-1617
118000021,466,2434,-1968
118000022,978,680,298
118000023,689,296,393
118000024,762,910,-148
118000027,7377,9463,-2086
118000029,477,765,-288
118000032,447,3082,-2635
118000033,2121,4959,-2838
118000034,3077,2081,996
118000035,1555,2371,-816
118000036,685,901,-216
118000037,560,656,-96
118000038,185,62,123
118000039,69,111,-42
118000040,1319,796,523
118000041,1975,952,1023
118000045,361,117,244
118000046,921,493,428
118000047,634,931,-297
118000048,1527,1576,-49
118000051,1426,971,455
118000052,944,629,315
118000053,211,245,-34
118000054,909,686,223
118000055,875,882,-7
118000056,206,301,-95
118000057,205,280,-75
118000058,2756,1256,1500
118000059,1254,994,260
118000060,1096,330,766
118000061,1180,845,335
118000062,433,321,112
118000063,265,526,-261
118000064,594,855,-261
118000065,1912,1821,91
118000066,581,1281,-700
118000067,523,536,-13
118000068,1072,4195,-3123
118000069,1602,805,797
118000070,3263,1359,1904
118000071,1920,5691,-3771
118000072,967,1154,-187
118000073,671,558,113
118000074,333,382,-49
118000075,467,192,275
118000076,1458,2512,-1054
118000077,920,1064,-144
118000078,1415,1979,-564
118000079,156,338,-182
118000080,701,745,-44
118000081,1446,1141,305
118000082,194,881,-687
118000083,976,1262,-286
118000084,1970,1318,652
118000086,211,386,-175
118000087,2547,1824,723
118000088,1182,1276,-94
118000089,2608,1926,682
118000090,979,2069,-1090
118000091,709,2095,-1386
118000092,755,379,376
118000093,51,596,-545
118000096,421,439,-18
118000097,683,532,151
118000098,242,114,128
118000099,656,449,207
118000101,941,308,633
118000102,504,761,-257
118000107,827,345,482
118000108,398,1891,-1493
118000110,0,45,-45
118000111,0,143,-143
118000112,640,3,637
118000113,4,254,-250
118000114,464,5,459
118000115,0,7,-7
118000116,11,1,10
118000117,612,489,123
118000118,722,907,-185
118000119,768,946,-178
118000120,1138,721,417
118000121,69,465,-396
118000122,981,300,681
118000123,34,248,-214
118000125,971,605,366
118000126,554,1310,-756
118000127,959,597,362
118000128,382,827,-445
118000129,767,449,318
118000130,1306,1741,-435
118000131,282,436,-154
118000132,2519,1878,641
118000133,1088,416,672
118000135,439,381,58
118000136,101,348,-247
118000137,478,61,417
118000138,416,292,124
118000139,467,70,397
118000140,2092,4112,-2020
118000141,1881,1166,715
118000142,1587,959,628
118000143,1771,960,811
118000144,803,472,331
118000145,1281,907,374
118000146,1159,446,713
118000147,818,856,-38
118000148,520,758,-238
118000149,1016,623,393
118000150,382,264,118
118000151,445,363,82
118000153,1094,836,258
118000154,1269,1111,158
118000155,1311,1099,212
118000156,1193,1735,-542
118000157,446,369,77
118000158,215,317,-102
118000159,26,92,-66
118000160,464,303,161
118000161,446,407,39
118000162,1465,675,790
118000163,725,683,42
118000164,1432,1012,420
118000168,500,453,47
118000169,714,541,173
118000170,2292,2485,-193
118000171,301,360,-59
118000172,92,171,-79
118000173,887,738,149
118000175,251,363,-112
118000176,231,497,-266
118000177,198,548,-350
118000178,43,43,0
118000179,978,1427,-449
118000180,677,708,-31
118000181,673,286,387
118000182,273,216,57
118000183,177,214,-37
118000184,910,496,414
118000185,933,1198,-265
118000186,728,1021,-293
118000187,1276,482,794
118000188,493,63,430
118000189,532,218,314
118000190,4,13,-9
118000191,18,12,6
118000192,59,131,-72
118000193,73,246,-173
118000194,898,676,222
118000195,299,1038,-739
118000196,229,173,56
118000197,119,133,-14
118000198,335,560,-225
118000199,429,319,110
118000200,53,147,-94
118000201,285,453,-168
118000202,31,36,-5
118000203,442,590,-148
118000204,63,397,-334
118000205,83,268,-185
118000206,161,137,24
118000207,0,25,-25
118000208,961,963,-2
118000209,1735,877,858
118000210,42,18,24
118000211,12,34,-22
118000213,599,1470,-871
118000214,297,474,-177
118000215,305,89,216
118000216,1462,823,639
118000217,18,82,-64
118000218,72,58,14
118000219,322,153,169
118000220,3,40,-37
118000221,224,235,-11
118000222,40,9,31
118000223,32,36,-4
118000224,76,55,21
118000225,102,426,-324
118000226,645,144,501
118000227,404,291,113
118000228,68,205,-137
118000229,56,66,-10
118000230,105,143,-38
118000231,70,144,-74
118000232,681,358,323
118000233,963,539,424
118000234,364,88,276
118000236,276,152,124
118000237,61,120,-59
118000238,242,96,146
118000239,225,174,51
118000240,185,120,65
118000241,132,72,60
118000242,289,260,29
118000243,220,136,84
118000244,46,54,-8
118000246,2,11,-9
118000255,73,188,-115
118000256,146,160,-14
118000259,7,32,-25
118000260,129,38,91
118000261,29,30,-1
118000263,54,69,-15
118000266,83,144,-61
118000267,0,64,-64
118000268,175,20,155
118000270,90,10,80
118000271,164,143,21
118000272,64,19,45
118000273,103,48,55
118000274,61,140,-79
118000276,452,236,216
118000295,9,77,-68
118000298,105,151,-46
118000299,56,82,-26
118000301,0,33,-33
118000302,105,40,65
118000311,610,66,544
118000312,208,103,105
118000313,37,62,-25
118000314,132,32,100
118000315,37,22,15
118000316,527,332,195
118000325,56,16,40
118000326,21,19,2
118000331,54,16,38
118000332,9,9,0
118000333,22,22,0
118000335,302,1,301
118000336,0,104,-104
118000407,116,50,66
118000457,3,30,-27
118000465,1291,2995,-1704
118000480,44,47,-3
118000489,26,310,-284
118000490,24,168,-144
118000492,325,152,173
118000510,34,8,26
118000514,75,188,-113
118000515,549,549,0
118000517,200,148,52
118000524,197,292,-95
118000525,522,493,29
118000530,10,42,-32
118000531,269,210,59
118000532,244,184,60
118000533,240,99,141
118000534,459,297,162
118000535,249,96,153
118000536,185,1018,-833
118000537,30,121,-91
118000538,49,75,-26
118000539,10,78,-68
118000540,231,71,160
118000541,117,34,83
118000542,54,130,-76
118000543,86,157,-71
118000546,26,16,10
118000553,0,2,-2
118000560,1022,1764,-742
118000562,37,60,-23
118000563,1061,789,272
118000576,251,93,158
118000577,167,136,31
118000578,156,69,87
118000579,411,959,-548
118000583,0,0,0
118000595,179,96,83
118000596,0,65,-65
118000597,171,101,70
118000598,3,1,2
118000599,79,32,47
118000600,2,5,-3
118000601,6,0,6
118000602,1,5,-4
118000603,0,23,-23
118000605,75,107,-32
118000606,10,24,-14
118900001,340,1083,-743
118900002,494,766,-272
118900003,295,10,285
118900004,56,25,31
118900005,63,5,58
118900006,98,1,97
118900007,14,0,14
118900008,1167,62,1105
118900009,59,39,20
118900010,41,3,38
118900011,145,14,131
118900012,319,153,166
118900013,401,141,260
118900015,185,32,153
118900016,10,11,-1
118900017,199,231,-32
118900018,753,43,710
118900019,12,27,-15
118900020,121,126,-5
118900021,130,179,-49
118900022,97,78,19
118900023,109,66,43
118900024,77,84,-7
118900025,43,16,27
118900026,47,42,5
118900027,253,130,123
118900028,166,111,55
118900029,343,383,-40
118900030,414,34,380
118900031,167,67,100
118900032,235,146,89
118900033,344,312,32
118900034,150,8,142
118900035,114,116,-2
118900036,1012,494,518
118900037,302,230,72
118900038,345,92,253
118900039,413,99,314
118900040,172,166,6
118900041,451,114,337
118900042,187,58,129
118900045,248,145,103
118900046,567,347,220
118900047,290,221,69
118900048,135,194,-59
118900049,54,41,13
118900050,24,28,-4
118900051,94,124,-30
118900052,178,162,16
118900053,23,90,-67
118900054,141,33,108
118900055,65,30,35
118900056,26,277,-251
118900057,553,384,169
118900058,348,231,117
118900059,18,55,-37
118900060,37,149,-112
118900062,518,139,379
118900064,267,452,-185
118900065,33,74,-41
118900066,46,63,-17
118900067,2133,3249,-1116
118900068,8,155,-147
118900069,391,174,217
118900071,5,26,-21
118900072,368,217,151
118900073,140,66,74
118900074,126,101,25
118900075,89,35,54
118900076,202,72,130
118900077,171,97,74
118900078,25,2,23
118900079,34,94,-60
118900080,14,122,-108
118900081,63,36,27
118900082,695,107,588
118900083,18,3,15
118900084,4,12,-8
118900085,571,420,151
118900086,21,61,-40
118900087,29,193,-164
118900088,0,3,-3
118900089,46,23,23
118900090,507,214,293
118900091,88,158,-70
118900092,144,42,102
118900093,67,15,52
118900096,87,113,-26
118900097,224,269,-45
118900099,57,111,-54
118900100,60,108,-48
118900101,77,155,-78
118900102,42,48,-6
118900103,25,43,-18
118900104,135,50,85
118900105,110,53,57
118900107,77,46,31
118900108,91,48,43
118900110,822,678,144
118900111,334,220,114
118900112,50,116,-66
118900113,161,201,-40
118900114,26,43,-17
118900115,52,247,-195
118900116,96,208,-112
118900117,102,165,-63
118900118,230,192,38
118900119,170,159,11
118900120,67,221,-154
118900121,11,104,-93
118900122,16,943,-927
118900123,106,114,-8
118900124,81,83,-2
118900126,26,342,-316
118900129,189,170,19
118900130,49,184,-135
118900131,189,117,72
118900132,223,184,39
118900133,4,75,-71
118900135,177,143,34
118900136,178,299,-121
118900137,6,27,-21
118900139,173,119,54
118900140,386,358,28
118900141,51,60,-9
118900144,94,255,-161
118900145,38,71,-33
118900146,308,408,-100
118900147,128,118,10
118900148,74,23,51
118900150,159,446,-287
118900152,523,346,177
118900157,50,162,-112
118900158,109,49,60
118900159,2,86,-84
118900161,40,5,35
118900163,60,58,2
118900164,0,53,-53
118900165,34,43,-9
118900166,33,2,31
118900167,60,94,-34
118900168,6,123,-117
118900169,100,99,1
118900170,135,40,95
118900171,14,41,-27
118900174,27,42,-15
118900175,376,465,-89
118900176,120,197,-77
118900177,47,32,15
118900178,43,93,-50
118900179,6,5,1
118900181,43,66,-23
118900182,41,28,13
118900183,26,42,-16
118900184,247,33,214
118900185,136,57,79
118900186,95,78,17
118900187,182,194,-12
118900188,276,164,112
118900189,35,826,-791
118900190,10,140,-130
118900191,128,17,111
118900192,181,10,171
118900193,510,1,509
118900195,180,348,-168
118900196,26,66,-40
118900197,120,37,83
118900198,22,10,12
118900199,60,22,38
118900200,13,9,4
118900201,16,26,-10
118900202,3,24,-21
118900203,12,15,-3
118900204,13,14,-1
118900205,1,3,-2
118900206,5,10,-5
119000001,1127,1232,-105
119000002,3126,2068,1058
119000003,2259,607,1652
119000004,2103,926,1177
119000005,1339,1553,-214
119000006,2917,1165,1752
119000007,2651,2271,380
119000008,1437,1063,374
119000009,2649,3632,-983
119000010,3734,3092,642
119000011,2072,2136,-64
119000012,1367,2501,-1134
119000013,2436,1426,1010
119000014,1085,1769,-684
119000019,197,79,118
119000020,1972,1084,888
119000021,3690,1906,1784
119000022,1070,1941,-871
119000023,223,240,-17
119000024,1304,9785,-8481
119000025,3071,787,2284
119000026,82,284,-202
119000027,195,273,-78
119000028,1241,484,757
119000029,75,240,-165
119000030,511,683,-172
119000031,685,442,243
119000032,1337,1418,-81
119000033,1782,875,907
119000034,808,533,275
119000035,21,164,-143
119000036,1715,530,1185
119000037,1134,886,248
119000038,129,398,-269
119000039,339,217,122
119000040,511,483,28
119000041,486,928,-442
119000048,1979,1525,454
119000049,1482,1097,385
119000050,1334,1172,162
119000051,1686,733,953
119000052,1165,1885,-720
119000053,1393,844,549
119000054,2665,1634,1031
119000055,4194,1985,2209
119000056,2547,1408,1139
119000057,1305,1110,195
119000058,1507,1029,478
119000059,1044,914,130
119000060,1203,778,425
119000061,889,535,354
119000062,872,882,-10
119000063,589,429,160
119000064,690,651,39
119000065,1405,2187,-782
119000066,1742,927,815
119000067,1624,1253,371
119000068,1469,743,726
119000069,1323,1343,-20
119000070,2431,654,1777
119000071,400,473,-73
119000072,3163,2243,920
119000073,3165,5488,-2323
119000074,1134,1274,-140
119000075,2480,1768,712
119000076,226,1010,-784
119000077,469,538,-69
119000078,355,252,103
119000079,206,586,-380
119000080,428,105,323
119000081,238,339,-101
119000082,747,177,570
119000083,596,350,246
119000084,307,294,13
119000085,523,127,396
119000086,287,434,-147
119000087,1064,500,564
119000088,345,187,158
119000089,77,139,-62
119000090,93,87,6
119000091,91,320,-229
119000092,362,159,203
119000093,2825,1531,1294
119000094,2853,3667,-814
119000095,1623,1727,-104
119000097,1426,774,652
119000098,756,2384,-1628
119000099,1877,955,922
119000100,3373,2482,891
119000101,3050,1058,1992
119000102,599,980,-381
119000103,1238,432,806
119000104,1347,747,600
119000105,674,1844,-1170
119000106,233,651,-418
119000107,873,415,458
119000108,306,557,-251
119000109,65,406,-341
119000110,271,283,-12
119000111,21,452,-431
119000112,138,69,69
119000113,1113,216,897
119000114,628,866,-238
119000115,153,117,36
119000116,95,85,10
119000117,129,203,-74
119000118,5,1,4
119000123,3080,1219,1861
119000124,657,138,519
119000125,3474,419,3055
119000126,1113,474,639
119000127,478,281,197
119000128,12,1,11
119000131,814,265,549
119000132,1,1,0
119000133,4,5,-1
119000134,1374,362,1012
119000135,152,156,-4
119000136,255,91,164
119000137,207,189,18
119000138,493,124,369
119000139,211,95,116
119000140,228,258,-30
119000284,753,1768,-1015
119000285,1337,1221,116
119000286,4046,3217,829
119000287,1022,1296,-274
119000288,1584,676,908
119000289,1069,1438,-369
119000290,216,233,-17
119000291,15,166,-151
119000293,148,109,39
119000294,81,22,59
119000295,720,185,535
119000296,237,133,104
119000297,0,0,0
119000302,1186,970,216
119000303,32,88,-56
119000310,0,0,0
119000314,997,8047,-7050
119000315,0,238,-238
119000316,144,61,83
119000317,89,140,-51
119000319,489,78,411
119900001,180,1128,-948
119900002,115,156,-41
119900003,21,462,-441
119900004,202,1050,-848
119900005,190,67,123
119900006,152,289,-137
119900007,833,193,640
119900008,71,35,36
119900009,470,454,16
119900010,463,636,-173
119900011,18,98,-80
119900012,15,84,-69
119900013,1587,1034,553
119900014,353,127,226
119900015,109,25,84
119900016,25,46,-21
119900017,39,36,3
119900018,1235,845,390
119900019,20,6,14
119900020,120,125,-5
119900021,153,66,87
119900022,47,615,-568
119900023,358,1597,-1239
119900025,198,18,180
119900026,412,140,272
119900027,22,15,7
119900028,237,122,115
119900029,4,9,-5
119900030,461,281,180
119900031,51,440,-389
119900033,1526,255,1271
119900034,433,58,375
119900037,206,19,187
119900038,38,245,-207
119900039,30,5,25
119900040,106,14,92
119900041,103,23,80
119900042,181,94,87
119900043,92,81,11
119900044,129,725,-596
119900046,148,27,121
119900047,279,86,193
119900049,125,8,117
119900050,48,76,-28
119900051,963,16,947
119900052,55,24,31
119900053,170,83,87
119900054,164,4,160
119900055,1085,390,695
119900057,233,30,203
119900058,236,9,227
119900059,86,27,59
119900060,222,13,209
119900061,272,4,268
119900062,85,16,69
119900063,7,53,-46
119900065,169,4,165
119900067,81,16,65
119900068,495,2,493
119900069,103,18,85
119900070,857,9,848
119900071,533,23,510
119900073,1025,478,547
119900074,51,70,-19
119900075,2152,1784,368
119900076,853,182,671
119900077,791,408,383
119900078,586,632,-46
119900079,469,125,344
119900080,296,153,143
119900081,637,98,539
119900082,1319,180,1139
119900083,226,80,146
119900084,384,259,125
119900085,35,17,18
119900086,449,569,-120
119900087,456,279,177
119900088,29,21,8
119900089,31,278,-247
119900090,103,44,59
119900091,32,540,-508
119900092,17,237,-220
119900093,763,133,630
119900094,24,165,-141
119900095,150,80,70
119900096,33,55,-22
119900097,343,140,203
119900098,28,33,-5
119900099,31,78,-47
119900100,1197,1831,-634
119900101,128,928,-800
119900102,40,134,-94
119900103,28,147,-119
119900104,26,55,-29
119900105,465,1860,-1395
119900106,16,93,-77
119900107,207,1291,-1084
119900108,2113,464,1649
119900109,11,98,-87
119900110,542,340,202
119900111,70,150,-80
119900112,733,428,305
119900113,48,151,-103
119900114,223,545,-322
119900115,272,572,-300
119900116,121,322,-201
119900117,283,286,-3
119900118,65,510,-445
119900119,193,121,72
119900120,430,273,157
119900121,399,445,-46
119900122,340,220,120
119900123,140,246,-106
119900124,214,405,-191
119900125,28,150,-122
119900126,1932,227,1705
119900127,1280,679,601
119900128,372,316,56
119900129,207,205,2
119900130,9,114,-105
119900131,45,124,-79
119900132,0,101,-101
119900133,35,75,-40
119900134,776,131,645
119900135,1,182,-181
119900136,155,187,-32
119900138,186,349,-163
119900139,27,125,-98
119900140,1,65,-64
119900141,55,541,-486
119900142,3,14,-11
119900143,15,200,-185
119900144,844,135,709
119900145,72,77,-5
119900146,99,146,-47
119900147,1,103,-102
119900148,185,41,144
119900149,560,3477,-2917
119900150,125,97,28
119900151,820,483,337
119900152,62,136,-74
119900153,133,43,90
119900154,40,290,-250
119900155,30,27,3
119900156,29,6,23
119900157,102,87,15
119900158,169,41,128
119900159,2,564,-562
119900160,24,54,-30
119900161,153,80,73
119900162,793,655,138
119900163,93,103,-10
119900164,0,1,-1
119900165,131,75,56
119900166,75,38,37
119900167,58,40,18
119900168,857,307,550
119900169,37,204,-167
119900170,136,210,-74
119900171,828,179,649
119900172,88,26,62
119900173,5,189,-184
119900174,4,69,-65
119900175,1157,354,803
119900177,12,96,-84
119900178,1,67,-66
119900179,68,532,-464
119900180,900,693,207
119900181,33,102,-69
119900182,1,155,-154
119900183,80,426,-346
119900184,1010,280,730
119900185,36,179,-143
119900186,40,853,-813
119900187,3,200,-197
119900188,80,205,-125
119900189,248,271,-23
119900190,52,248,-196
119900191,193,196,-3
119900192,52,103,-51
119900193,381,117,264
119900194,31,75,-44
119900195,14,88,-74
119900196,516,221,295
119900197,158,108,50
119900198,185,144,41
119900199,92,23,69
119900200,522,438,84
119900201,167,93,74
119900202,52,219,-167
119900203,124,397,-273
119900204,253,165,88
119900205,625,294,331
119900206,207,84,123
119900208,158,150,8
119900209,433,1124,-691
119900210,22,16,6
119900211,39,3,36
119900212,175,156,19
119900213,7,52,-45
119900214,37,54,-17
119900215,52,45,7
119900216,10,29,-19
119900217,27,22,5
119900218,11,36,-25
119900219,13,65,-52
119900220,3,52,-49
119900221,25,117,-92
119900222,7,88,-81
119900223,6,31,-25
119900224,9,20,-11
119900225,426,28,398
119900226,256,1396,-1140
119900227,472,171,301
119900228,123,187,-64
119900229,245,241,4
119900230,779,285,494
119900231,229,110,119
119900232,115,79,36
119900233,55,6,49
119900234,71,45,26
119900235,3,17,-14
119900236,35,91,-56
119900237,30,187,-157
119900238,3,41,-38
119900240,92,99,-7
119900241,131,145,-14
119900242,656,1001,-345
119900244,362,868,-506
119900245,66,115,-49
119900246,174,472,-298
119900247,25,95,-70
119900248,46,203,-157
119900249,179,73,106
119900253,1133,248,885
119900254,82,649,-567
119900255,78,541,-463
119900256,512,378,134
119900257,90,4,86
119900258,124,8,116
119900259,11,61,-50
119900260,97,4,93
119900261,282,100,182
119900262,1,95,-94
119900263,1052,235,817
119900264,104,72,32
119900265,485,222,263
119900266,325,128,197
119900267,162,259,-97
119900268,172,78,94
119900269,1000,556,444
119900271,36,51,-15
119900272,339,151,188
119900275,156,50,106
119900276,79,5,74
119900277,10,8,2
119900278,85,102,-17
119900279,79,195,-116
119900280,384,105,279
119900281,1,178,-177
119900282,48,94,-46
119900283,41,143,-102
119900284,31,140,-109
119900285,7,57,-50
119900286,0,9,-9
119900288,4,6,-2
119900289,1,9,-8
119900290,5,7,-2
119900291,1,44,-43
119900292,41,50,-9
119900293,11,79,-68
119900294,25,49,-24
119900295,47,37,10
119900296,44,109,-65
119900297,3,16,-13
119900298,4,5,-1
119900299,115,67,48
119900300,264,71,193
119900301,24,24,0
119900302,21,27,-6
119900303,256,91,165
119900304,190,17,173
119900305,6,57,-51
119900306,14,5,9
119900307,58,32,26
119900308,6,14,-8
119900309,33,94,-61
119900310,168,145,23
119900311,82,47,35
119900312,93,41,52
119900313,232,138,94
119900314,145,273,-128
119900315,1742,982,760
119900318,9,36,-27
119900319,31,104,-73
119900320,182,257,-75
119900321,79,2,77
120000001,4241,13607,-9366
120000002,2185,1639,546
120000003,2226,1158,1068
120000004,1879,1181,698
120000005,2423,1404,1019
120000006,943,823,120
120000007,2241,2502,-261
120000008,788,988,-200
120000009,1522,741,781
120000010,1618,1495,123
120000011,804,986,-182
120000012,1361,1476,-115
120000013,2684,1957,727
120000014,607,1034,-427
120000015,2005,1040,965
120000016,3118,1714,1404
120000017,2681,2185,496
120000018,2483,9551,-7068
120000019,942,1156,-214
120000020,2578,2741,-163
120000021,1484,1785,-301
120000022,2222,3357,-1135
120000023,1077,1376,-299
120000024,1072,2140,-1068
120000025,2316,1485,831
120000026,2054,1496,558
120000027,1856,1757,99
120000028,717,3077,-2360
120000029,1476,1356,120
120000030,463,704,-241
120000031,1476,4101,-2625
120000032,4983,2877,2106
120000033,4192,1400,2792
120000034,1929,1242,687
120000035,1998,1338,660
120000036,2735,3853,-1118
120000037,507,1223,-716
120000038,3502,2806,696
120000039,540,665,-125
120000040,133,517,-384
120000041,914,1169,-255
120000042,1499,1306,193
120000043,3360,969,2391
120000044,4635,1153,3482
120000045,5579,837,4742
120000046,3481,2160,1321
120000047,538,4697,-4159
120000048,4309,3076,1233
120000049,3237,2020,1217
120000050,2859,2665,194
120000051,2237,2920,-683
120000052,5200,1507,3693
120000053,1432,1407,25
120000054,1229,2234,-1005
120000055,1643,2819,-1176
120000056,3492,2569,923
120000057,3009,1511,1498
120000058,1800,2706,-906
120000059,9,1336,-1327
120000061,113,432,-319
120000062,152,292,-140
120000063,976,1528,-552
120000064,218,610,-392
120000065,523,867,-344
120000066,181,465,-284
120000067,38,382,-344
120000068,229,474,-245
120000069,628,517,111
120000070,75,440,-365
120000071,573,82,491
120000072,820,465,355
120000073,830,117,713
120000074,113,119,-6
120000075,864,224,640
120000076,2074,338,1736
120000077,1900,577,1323
120000078,2561,1101,1460
120000079,479,283,196
120000080,290,220,70
120000081,404,171,233
120000082,387,262,125
120000083,135,729,-594
120000084,268,222,46
120000085,241,266,-25
120000086,268,347,-79
120000087,167,278,-111
120000088,651,625,26
120000089,962,409,553
120000090,620,314,306
120000091,1002,703,299
120000092,1002,479,523
120000093,483,367,116
120000094,230,618,-388
120000095,803,250,553
120000096,248,441,-193
120000098,759,507,252
120000099,257,505,-248
120000100,568,578,-10
120000101,489,294,195
120000102,470,810,-340
120000103,1450,811,639
120000104,1780,381,1399
120000105,3018,711,2307
120000106,2451,651,1800
120000107,3939,499,3440
120000108,1325,86,1239
120000109,1041,42,999
120000110,99,660,-561
120000111,82,571,-489
120000112,603,1537,-934
120000113,644,1202,-558
120000114,887,1478,-591
120000115,236,1256,-1020
120000116,492,1215,-723
120000117,685,842,-157
120000118,67,31,36
120000119,12,38,-26
120000120,95,93,2
120000121,25,38,-13
120000122,210,421,-211
120000123,2404,5852,-3448
120000124,339,297,42
120000125,615,427,188
120000126,365,799,-434
120000127,1664,849,815
120000128,2030,3038,-1008
120000129,221,220,1
120000130,667,308,359
120000131,310,504,-194
120000134,298,571,-273
120000135,565,407,158
120000137,242,621,-379
120000138,986,292,694
120000139,218,328,-110
120000140,905,299,606
120000141,621,252,369
120000142,1087,416,671
120000143,2,59,-57
120000144,106,5,101
120000145,460,2,458
120000146,715,715,0
120000149,525,735,-210
120000150,1703,9153,-7450
120000151,366,292,74
120000152,508,172,336
120000153,185,364,-179
120000154,410,402,8
120000155,168,265,-97
120000156,583,1003,-420
120000157,915,515,400
120000158,770,525,245
120000159,1732,1638,94
120000160,2231,1340,891
120000161,2224,1614,610
120000162,66,243,-177
120000163,670,689,-19
120000164,654,254,400
120000165,607,501,106
120000166,1265,384,881
120000167,133,155,-22
120000168,7,472,-465
120000169,62,1467,-1405
120000170,36,1316,-1280
120000171,26,545,-519
120000172,29,583,-554
120000173,1204,1685,-481
120000174,165,58,107
120000175,151,46,105
120000176,134,36,98
120000177,697,87,610
120000178,37,19,18
120000179,140,57,83
120000180,338,71,267
120000181,90,970,-880
120000182,62,553,-491
120000183,11,349,-338
120000184,127,821,-694
120000186,34,700,-666
120000187,38,297,-259
120000188,55,522,-467
120000190,323,86,237
120000191,429,65,364
120000192,397,21,376
120000193,110,3,107
120000195,49,2,47
120000196,147,17,130
120000197,42,67,-25
120000198,170,33,137
120000199,94,0,94
120000200,138,0,138
120000201,16,28,-12
120000202,1,34,-33
120000203,57,125,-68
120000207,2,44,-42
120000208,14,99,-85
120000209,10,45,-35
120000210,45,55,-10
120000211,163,4,159
120000212,209,2,207
120000213,146,159,-13
120000214,0,122,-122
120000215,1,108,-107
120000216,99,17,82
120000217,432,686,-254
120000218,93,494,-401
120000219,0,283,-283
120000220,5,749,-744
120000225,1826,1,1825
120000226,326,2,324
120000227,834,42,792
120000228,10743,3089,7654
120000230,450,21,429
120000231,1359,1415,-56
120000233,338,37,301
120000235,307,379,-72
120000236,891,2,889
120000237,0,636,-636
120000238,1,925,-924
120000241,965,2639,-1674
120000412,288,7,281
120000413,264,96,168
120000414,95,1,94
120000415,5,54,-49
120000416,84,2,82
120000417,9,128,-119
120000418,188,7,181
120000419,10,102,-92
120000420,42,15,27
120000421,5465,3759,1706
120000422,77,1156,-1079
120000423,3,61,-58
120000424,78,100,-22
120000436,90,593,-503
120000437,113,63,50
120000438,1325,170,1155
120000439,195,558,-363
120000443,188,0,188
120000444,1323,297,1026
120000445,1471,793,678
120000446,483,138,345
120000447,209,0,209
120000449,128,3,125
120000450,4,107,-103
120000451,92,101,-9
120000452,68,0,68
120000453,0,149,-149
120000454,55,28,27
120000455,96,35,61
120000456,1884,3061,-1177
120000457,534,281,253
120000458,387,444,-57
120000459,112,61,51
120000665,658,250,408
120000668,149,1035,-886
120000669,95,127,-32
120000670,108,1684,-1576
120000671,1485,526,959
120000672,85,330,-245
120900001,62,73,-11
120900002,192,390,-198
120900003,179,15,164
120900004,33,70,-37
120900005,17,666,-649
120900006,399,178,221
120900007,128,34,94
120900008,404,874,-470
120900009,657,20,637
120900010,471,87,384
120900011,104,146,-42
120900012,89,887,-798
120900013,351,65,286
120900014,6,267,-261
120900015,879,78,801
120900016,795,33,762
120900017,1351,82,1269
120900018,123,267,-144
120900019,539,394,145
120900020,676,1022,-346
120900021,709,163,546
120900022,20,168,-148
120900023,307,26,281
120900024,1341,403,938
120900025,1111,784,327
120900026,142,112,30
120900027,883,24,859
120900028,427,92,335
120900029,84,581,-497
120900030,1394,569,825
120900031,281,106,175
120900032,1159,63,1096
120900033,835,85,750
120900034,26,2256,-2230
120900035,26,72,-46
120900037,233,18,215
120900038,57,303,-246
120900039,117,35,82
120900040,380,2,378
120900041,73,19,54
120900042,673,35,638
120900043,66,29,37
120900044,8,237,-229
120900045,148,65,83
120900046,471,8,463
120900047,182,108,74
120900048,124,17,107
120900049,553,5,548
120900050,1041,1422,-381
120900051,354,85,269
120900052,570,4,566
120900053,347,48,299
120900054,1270,357,913
120900055,382,1,381
120900056,512,18,494
120900057,152,9,143
120900058,554,1,553
120900059,85,2,83
120900060,74,18,56
120900061,203,139,64
120900062,237,3,234
120900063,627,5,622
120900064,755,0,755
120900065,547,3,544
120900066,307,182,125
120900067,127,42,85
120900068,312,2,310
120900069,325,14,311
120900071,20,0,20
120900072,747,6,741
120900073,558,30,528
120900074,458,3,455
120900076,397,0,397
120900077,1517,173,1344
120900078,779,522,257
120900079,824,82,742
120900080,920,1109,-189
120900081,1271,351,920
120900082,377,335,42
120900083,107,3,104
120900084,371,500,-129
120900085,68,155,-87
120900086,72,285,-213
120900087,402,352,50
120900088,126,512,-386
120900089,1528,2655,-1127
120900090,292,61,231
120900091,568,837,-269
120900092,874,326,548
120900093,1114,104,1010
120900094,374,120,254
120900095,293,17,276
120900096,30,118,-88
120900097,468,413,55
120900098,160,147,13
120900099,30,32,-2
120900100,55,148,-93
120900101,381,150,231
120900102,42,71,-29
120900103,36,195,-159
120900104,21,41,-20
120900105,41,264,-223
120900106,889,291,598
120900107,161,98,63
120900108,13,288,-275
120900109,36,363,-327
120900110,5,513,-508
120900111,109,182,-73
120900112,7,370,-363
120900113,12,425,-413
120900114,23,90,-67
120900115,112,247,-135
120900116,361,189,172
120900117,3,220,-217
120900118,14,404,-390
120900119,5244,3045,2199
120900120,57,255,-198
120900121,41,253,-212
120900122,513,223,290
120900123,8,164,-156
120900124,0,335,-335
120900125,12,325,-313
120900126,1239,593,646
120900127,14,227,-213
120900128,1025,923,102
120900129,29,145,-116
120900130,2,277,-275
120900131,115,33,82
120900132,1077,126,951
120900133,76,436,-360
120900134,643,258,385
120900135,5,340,-335
120900136,74,87,-13
120900137,191,27,164
120900138,20,127,-107
120900139,4,346,-342
120900140,0,60,-60
120900141,81,172,-91
120900142,12,221,-209
120900143,0,511,-511
120900144,0,70,-70
120900145,292,555,-263
120900146,1,542,-541
120900147,4,241,-237
120900148,96,127,-31
120900149,0,134,-134
120900150,50,390,-340
120900151,31,322,-291
120900152,0,20,-20
120900153,69,54,15
120900154,0,86,-86
120900155,169,630,-461
120900156,116,187,-71
120900157,88,197,-109
120900158,35,403,-368
120900159,246,341,-95
120900160,19,623,-604
120900161,84,293,-209
120900162,98,474,-376
120900163,154,637,-483
120900164,0,139,-139
120900165,24,808,-784
120900166,42,318,-276
120900167,189,103,86
120900169,69,194,-125
120900170,560,2641,-2081
120900171,538,150,388
120900172,333,1110,-777
120900173,4,54,-50
120900174,8,73,-65
120900175,200,67,133
120900176,6,311,-305
120900177,2,1208,-1206
120900178,0,280,-280
120900179,630,286,344
120900180,44,147,-103
120900181,97,21,76
120900182,29,338,-309
120900183,425,35,390
120900184,195,44,151
120900185,26,205,-179
120900186,0,258,-258
120900187,408,799,-391
120900188,215,5,210
120900189,57,1542,-1485
120900190,78,2,76
120900191,8,13,-5
120900192,4957,7492,-2535
120900194,57,91,-34
120900195,81,181,-100
120900196,725,38,687
120900197,637,127,510
120900198,283,373,-90
120900199,373,417,-44
120900200,53,104,-51
120900201,317,79,238
120900202,0,92,-92
120900203,18,84,-66
120900204,100,124,-24
120900205,25,12,13
120900206,43,21,22
120900207,47,665,-618
121000001,470,770,-300
121000002,1568,1134,434
121000003,1978,1311,667
121000004,1838,2553,-715
121000005,1316,2080,-764
121000006,2363,1753,610
121000007,1584,2414,-830
121000008,3775,3051,724
121000009,2850,4376,-1526
121000010,5486,4481,1005
121000011,4462,7587,-3125
121000012,9608,6789,2819
121000013,3684,4878,-1194
121000014,4508,3821,687
121000015,3013,5655,-2642
121000016,3304,2704,600
121000017,1494,2647,-1153
121000018,1938,1301,637
121000019,9538,8640,898
121000020,8990,14722,-5732
121000021,1686,1693,-7
121000022,1866,2419,-553
121000023,2143,1499,644
121000024,3781,3775,6
121000025,439,1060,-621
121000026,319,166,153
121000027,1111,1020,91
121000028,757,333,424
121000029,671,470,201
121000030,533,290,243
121000031,492,458,34
121000032,164,108,56
121000034,265,192,73
121000035,133,144,-11
121000036,747,647,100
121000037,468,451,17
121000038,390,675,-285
121000039,202,208,-6
121000041,352,293,59
121000042,235,244,-9
121000043,459,439,20
121000044,950,725,225
121000045,305,198,107
121000046,519,676,-157
121000047,201,214,-13
121000049,997,475,522
121000050,233,1023,-790
121000051,455,187,268
121000052,340,544,-204
121000053,280,129,151
121000054,35,286,-251
121000055,711,1092,-381
121000056,705,796,-91
121000057,376,382,-6
121000058,215,170,45
121000059,1591,933,658
121000060,475,935,-460
121000061,90,215,-125
121000062,161,329,-168
121000063,754,752,2
121000064,678,760,-82
121000065,212,355,-143
121000066,534,454,80
121000067,362,412,-50
121000068,510,294,216
121000069,202,637,-435
121000070,1484,820,664
121000071,1164,1050,114
121000072,1030,506,524
121000073,850,749,101
121000074,99,116,-17
121000075,34,231,-197
121000076,343,225,118
121000077,121,161,-40
121000078,99,145,-46
121000080,1229,467,762
121000081,1867,2553,-686
121000082,93,239,-146
121000083,117,119,-2
121000084,176,132,44
121000085,222,299,-77
121000086,310,537,-227
121000087,72,239,-167
121000088,358,354,4
121000089,228,258,-30
121000090,225,303,-78
121000091,800,704,96
121000092,116,50,66
121000093,166,170,-4
121000094,316,492,-176
121000095,309,477,-168
121000096,2180,1467,713
121000097,410,1604,-1194
121000098,502,598,-96
121000099,654,467,187
121000100,865,263,602
121000101,308,165,143
121000102,243,157,86
121000103,171,161,10
121000104,237,71,166
121000105,367,130,237
121000106,215,207,8
121000107,1467,2060,-593
121000109,775,769,6
121000110,177,593,-416
121000114,2391,1680,711
121000115,932,511,421
121000116,280,673,-393
121000117,343,170,173
121000118,1388,187,1201
121000119,253,293,-40
121000120,174,345,-171
121000121,429,972,-543
121000123,820,481,339
121000127,110,50,60
121000128,925,282,643
121000129,1003,421,582
121000130,673,555,118
121000131,1284,1397,-113
121000132,962,1464,-502
121000135,208,347,-139
121000136,1013,763,250
121000137,311,250,61
121000138,656,838,-182
121000139,424,327,97
121000141,207,53,154
121000142,412,617,-205
121000143,126,15,111
121000144,464,1448,-984
121000145,401,567,-166
121000146,1235,844,391
121000147,843,386,457
121000148,753,697,56
121000149,1613,1013,600
121000152,334,358,-24
121000153,1358,461,897
121000154,959,386,573
121000155,1120,854,266
121000156,304,749,-445
121000157,603,975,-372
121000158,298,350,-52
121000159,207,274,-67
121000160,240,244,-4
121000161,193,180,13
121000162,94,88,6
121000165,820,1683,-863
121000166,24,402,-378
121000168,370,170,200
121000169,58,96,-38
121000170,281,67,214
121000171,55,121,-66
121000172,573,354,219
121000173,931,858,73
121000174,299,385,-86
121000175,903,238,665
121000176,256,211,45
121000177,688,389,299
121000178,101,41,60
121000179,43,19,24
121000181,363,327,36
121000182,83,269,-186
121000183,98,77,21
121000184,37,94,-57
121000185,41,178,-137
121000186,238,408,-170
121000187,122,73,49
121000188,115,79,36
121000192,682,299,383
121000193,439,360,79
121000194,1363,1590,-227
121000195,184,686,-502
121000196,504,202,302
121000197,126,491,-365
121000198,153,113,40
121000199,130,188,-58
121000200,552,84,468
121000201,9,128,-119
121000202,787,92,695
121000203,723,1429,-706
121000204,2490,481,2009
121000205,103,182,-79
121000206,116,65,51
121000207,1540,684,856
121000208,2,248,-246
121000209,420,95,325
121000210,521,213,308
121000211,359,96,263
121000212,559,290,269
121000213,7733,1970,5763
121000214,607,1547,-940
121000215,650,735,-85
121000216,414,485,-71
121000217,2747,2636,111
121000218,310,1228,-918
121000219,1061,502,559
121000220,107,51,56
121000221,80,239,-159
121000222,1903,1844,59
121000223,248,412,-164
121000224,198,259,-61
121000225,890,1661,-771
121000226,2295,1021,1274
121000227,20,111,-91
121000228,19,381,-362
121000229,320,289,31
121000230,45,1101,-1056
121000231,891,44,847
121000232,296,196,100
121000233,446,252,194
121000234,31,47,-16
121000235,44,72,-28
121000236,6,92,-86
121000237,20,15,5
121000238,3,93,-90
121000239,70,2,68
121000240,5,151,-146
121000241,126,11,115
121000242,87,822,-735
121000243,397,66,331
121000244,10,130,-120
121000245,71,21,50
121000246,1,103,-102
121000247,116,4,112
121000248,410,1005,-595
121000249,78,205,-127
121000250,426,219,207
121000251,18,238,-220
121000252,80,60,20
121000253,270,228,42
121000254,720,198,522
121000255,97,184,-87
121000256,231,172,59
121000257,33,93,-60
121000258,211,90,121
121000259,39,46,-7
121000260,47,55,-8
121000261,48,56,-8
121000262,634,356,278
121000263,370,382,-12
121000271,320,938,-618
121000273,27,10,17
121000274,14,52,-38
121000275,6,7,-1
121000276,8,13,-5
121000278,47,16,31
121000279,23,37,-14
121000280,18,40,-22
121000289,195,25,170
121000290,740,713,27
121000294,160,50,110
121000297,497,942,-445
121000299,100,404,-304
121000300,556,378,178
121000302,28,698,-670
121000303,465,202,263
121000304,418,57,361
121000305,119,38,81
121000306,117,89,28
121000308,142,219,-77
121000309,217,308,-91
121000310,85,180,-95
121000311,71,436,-365
121000312,228,163,65
121000313,176,317,-141
121000314,75,102,-27
121000315,35,85,-50
121000530,1402,956,446
121000531,1358,1036,322
121000532,4712,5906,-1194
121000533,2513,2719,-206
121000918,31,71,-40
121000919,46,79,-33
121000938,77,174,-97
121000939,72,258,-186
121000956,1271,921,350
121000957,1,12,-11
121000958,24,22,2
121000959,748,441,307
121000960,1004,1409,-405
121000961,215,45,170
121000962,535,519,16
121000963,0,0,0
121000973,0,151,-151
121000976,18,161,-143
121000979,323,104,219
121000981,241,105,136
121000982,400,95,305
121000983,375,172,203
121000984,15,32,-17
121000985,598,215,383
121000986,270,87,183
121000987,314,464,-150
121000988,749,81,668
121001302,172,93,79
121001308,3,18,-15
121001309,33,269,-236
121001311,0,0,0
121001313,153,74,79
121001314,1235,1544,-309
121001315,4003,2579,1424
121001326,301,337,-36
121900001,83,127,-44
121900002,64,29,35
121900003,361,9,352
121900004,50,181,-131
121900005,8,4,4
121900006,120,23,97
121900007,1269,1242,27
121900008,138,265,-127
121900009,364,12,352
121900010,165,3,162
121900011,171,141,30
121900012,13,0,13
121900013,777,72,705
121900014,887,293,594
121900015,147,140,7
121900016,3,30,-27
121900017,504,330,174
121900018,302,6,296
121900019,431,156,275
121900020,17,2,15
121900021,716,16,700
121900022,196,191,5
121900023,110,183,-73
121900024,282,107,175
121900025,441,292,149
121900026,191,17,174
121900027,298,85,213
121900028,158,7,151
121900029,95,158,-63
121900030,308,401,-93
121900031,636,4771,-4135
121900032,51,34,17
121900033,137,213,-76
121900034,217,58,159
121900035,1687,1612,75
121900036,49,269,-220
121900037,106,681,-575
121900038,42,42,0
121900039,245,38,207
121900040,59,57,2
121900041,98,184,-86
121900042,279,107,172
121900043,17,3,14
121900044,75,42,33
121900046,160,189,-29
121900047,148,53,95
121900048,31,38,-7
121900050,30,30,0
121900051,116,101,15
121900052,102,31,71
121900053,308,245,63
121900054,330,640,-310
121900055,1,8,-7
121900058,205,105,100
121900059,247,124,123
121900060,97,253,-156
121900062,119,93,26
121900063,1213,301,912
121900064,176,323,-147
121900066,51,25,26
121900067,55,12,43
121900069,119,58,61
121900070,115,90,25
121900071,366,144,222
121900072,47,111,-64
121900073,160,194,-34
121900074,421,785,-364
121900075,328,484,-156
121900076,483,385,98
121900078,62,27,35
121900079,0,0,0
121900080,512,213,299
121900082,58,86,-28
121900084,25,44,-19
121900086,13,63,-50
121900087,90,82,8
121900088,1024,1749,-725
121900089,215,209,6
121900090,32,48,-16
121900091,86,82,4
121900092,66,86,-20
121900093,53,47,6
121900094,16,19,-3
121900095,285,145,140
121900096,737,537,200
121900097,525,135,390
121900098,2,0,2
121900099,153,34,119
121900100,102,405,-303
121900101,79,69,10
121900102,1,62,-61
121900103,325,181,144
121900104,1252,229,1023
121900105,231,103,128
121900106,5,8,-3
121900107,41,18,23
121900108,0,18,-18
121900109,164,105,59
121900110,501,389,112
121900111,597,127,470
121900112,152,99,53
121900113,55,328,-273
121900114,41,45,-4
121900117,83,82,1
121900118,1142,477,665
121900119,180,60,120
121900120,41,760,-719
121900121,341,25,316
121900122,19,52,-33
121900123,135,236,-101
121900124,117,90,27
121900125,1019,641,378
121900127,14,73,-59
121900128,55,64,-9
121900129,231,133,98
121900130,79,184,-105
121900131,226,64,162
121900132,38,51,-13
121900133,68,985,-917
121900134,27,146,-119
121900135,2239,280,1959
121900136,318,185,133
121900137,32,233,-201
121900138,56,60,-4
121900139,237,700,-463
121900140,60,110,-50
121900141,80,16,64
121900142,88,59,29
121900143,30,97,-67
121900144,97,190,-93
121900145,152,203,-51
121900146,394,460,-66
121900147,71,169,-98
121900148,107,202,-95
121900149,215,317,-102
121900150,54,133,-79
121900151,39,162,-123
121900152,74,83,-9
121900153,52,494,-442
121900154,6,248,-242
121900155,4,90,-86
121900156,110,92,18
121900157,1,180,-179
121900158,60,78,-18
121900159,1,117,-116
121900160,42,205,-163
121900161,207,320,-113
121900162,67,87,-20
121900163,283,309,-26
121900164,245,133,112
121900165,223,91,132
121900166,110,108,2
121900167,59,81,-22
121900168,107,203,-96
121900169,3,109,-106
121900170,4,103,-99
121900171,573,359,214
121900172,380,117,263
121900173,481,154,327
121900174,41,37,4
121900175,153,116,37
121900176,328,899,-571
121900177,150,68,82
121900178,59,40,19
121900179,456,148,308
121900180,1628,3487,-1859
121900182,553,330,223
121900183,601,859,-258
121900184,80,426,-346
121900186,12,320,-308
121900187,24,102,-78
121900188,272,257,15
121900189,24,39,-15
121900190,198,352,-154
121900191,77,275,-198
121900192,231,830,-599
121900193,39,129,-90
121900194,4,188,-184
121900195,25,55,-30
121900196,493,788,-295
121900197,301,760,-459
121900198,1024,798,226
121900199,1,20,-19
121900200,64,123,-59
121900201,453,658,-205
121900202,92,525,-433
121900203,69,746,-677
121900204,437,931,-494
121900205,18,50,-32
121900206,36,24,12
121900207,78,23,55
121900208,91,223,-132
121900209,45,38,7
121900210,1030,741,289
121900211,385,386,-1
121900212,134,60,74
121900213,207,39,168
121900214,13,354,-341
121900215,72,106,-34
121900216,51,129,-78
121900217,140,120,20
121900218,148,301,-153
121900220,77,11,66
121900221,218,321,-103
121900222,121,57,64
121900223,116,31,85
121900224,59,22,37
121900225,85,127,-42
121900226,229,59,170
121900227,243,369,-126
121900228,143,166,-23
121900230,69,198,-129
121900231,128,728,-600
121900232,98,211,-113
121900233,144,125,19
121900234,232,94,138
121900235,377,79,298
121900236,254,114,140
121900237,161,225,-64
121900238,103,214,-111
121900239,138,29,109
121900240,242,94,148
121900241,68,48,20
121900242,15,0,15
121900243,7,0,7
121900244,16,2,14
121900245,141,61,80
121900246,2113,158,1955
121900248,715,907,-192
121900250,147,244,-97
121900251,340,33,307
121900252,344,135,209
121900253,117,648,-531
121900254,327,201,126
121900255,257,67,190
121900258,2540,1439,1101
121900259,215,466,-251
121900260,52,75,-23
121900261,172,415,-243
121900262,277,656,-379
121900263,242,143,99
121900264,845,787,58
121900265,243,139,104
121900266,436,68,368
121900267,64,28,36
121900269,134,553,-419
121900270,27,135,-108
121900271,26,90,-64
121900273,318,1267,-949
121900274,246,159,87
121900277,288,735,-447
121900278,84,629,-545
121900279,132,131,1
121900280,76,304,-228
121900281,167,274,-107
121900284,38,7,31
121900286,131,111,20
121900287,25,38,-13
121900288,3,2,1
121900290,214,337,-123
121900291,287,691,-404
121900292,94,114,-20
121900293,657,1919,-1262
121900294,170,3,167
121900295,88,105,-17
121900296,73,101,-28
121900298,155,693,-538
121900299,1,24,-23
121900300,67,7,60
121900301,82,2,80
121900302,4,46,-42
121900303,321,167,154
121900304,1,8,-7
121900305,2,6,-4
121900306,223,2,221
121900307,70,5,65
121900308,21,156,-135
121900309,8,115,-107
121900310,12,281,-269
121900311,364,14,350
121900312,241,11,230
121900313,291,18,273
121900314,1,19,-18
121900315,18,0,18
121900316,0,15,-15
121900317,17,5,12
121900318,1,3,-2
121900319,33,98,-65
121900320,21,44,-23
121900321,18,6,12
121900322,7,10,-3
121900323,21,10,11
121900324,1,36,-35
121900325,14,0,14
121900326,1,25,-24
121900327,2,25,-23
121900328,0,17,-17
121900329,4,118,-114
121900330,3,86,-83
121900331,10,6,4
121900332,79,16,63
121900333,48,0,48
121900334,115,75,40
122000001,1170,4306,-3136
122000002,2420,1067,1353
122000003,1072,2246,-1174
122000004,1814,1087,727
122000005,2113,1537,576
122000006,959,828,131
122000007,621,1336,-715
122000008,1345,2948,-1603
122000009,344,365,-21
122000010,1615,2158,-543
122000011,2679,1229,1450
122000012,723,1600,-877
122000013,679,893,-214
122000014,1576,944,632
122000015,889,764,125
122000016,445,701,-256
122000017,894,858,36
122000018,1105,1164,-59
122000019,649,888,-239
122000020,170,186,-16
122000021,154,288,-134
122000022,864,808,56
122000023,535,1121,-586
122000024,411,1284,-873
122000025,568,1746,-1178
122000026,439,1205,-766
122000027,532,1042,-510
122000028,700,385,315
122000029,313,360,-47
122000030,160,123,37
122000031,129,292,-163
122000032,1744,1256,488
122000033,360,1429,-1069
122000034,327,476,-149
122000035,180,539,-359
122000036,353,345,8
122000037,305,175,130
122000038,183,234,-51
122000039,512,363,149
122000040,184,239,-55
122000041,381,489,-108
122000042,297,379,-82
122000043,65,87,-22
122000044,86,109,-23
122000045,973,417,556
122000046,579,498,81
122000047,156,180,-24
122000048,2410,2959,-549
122000049,3853,2591,1262
122000050,871,616,255
122000051,169,401,-232
122000052,375,386,-11
122000053,168,833,-665
122000054,1643,1463,180
122000055,1422,2892,-1470
122000056,2810,2597,213
122000057,2139,3070,-931
122000058,1160,1438,-278
122000059,1220,2129,-909
122000060,354,683,-329
122000061,266,432,-166
122000062,513,240,273
122000063,627,698,-71
122000064,2276,2802,-526
122000065,2103,1625,478
122000066,251,350,-99
122000067,1109,905,204
122000068,1041,807,234
122000069,706,681,25
122000070,666,846,-180
122000071,1329,956,373
122000072,365,465,-100
122000073,230,691,-461
122000074,2333,1310,1023
122000075,600,891,-291
122000076,2975,1191,1784
122000077,642,971,-329
122000078,966,2773,-1807
122000079,588,1319,-731
122000080,486,375,111
122000081,157,167,-10
122000082,305,946,-641
122000083,1415,851,564
122000084,1367,619,748
122000085,209,557,-348
122000086,1639,3629,-1990
122000087,247,263,-16
122000088,224,347,-123
122000089,3279,1547,1732
122000090,100,419,-319
122000091,84,86,-2
122000092,61,23,38
122000093,1212,1835,-623
122000094,3393,1961,1432
122000095,790,2430,-1640
122000096,665,1097,-432
122000098,1713,2521,-808
122000099,995,676,319
122000100,589,379,210
122000101,278,390,-112
122000102,1351,799,552
122000103,1496,1253,243
122000104,443,136,307
122000105,357,234,123
122000106,281,658,-377
122000107,852,310,542
122000108,334,629,-295
122000109,358,243,115
122000110,439,452,-13
122000111,2330,1080,1250
122000112,895,1078,-183
122000113,587,650,-63
122000114,1761,1423,338
122000115,1490,966,524
122000116,476,397,79
122000117,1041,337,704
122000118,432,533,-101
122000119,1659,1356,303
122000120,870,2176,-1306
122000121,716,1831,-1115
122000122,454,912,-458
122000123,1022,1134,-112
122000124,582,429,153
122000125,368,497,-129
122000126,314,600,-286
122000127,602,664,-62
122000128,288,349,-61
122000129,448,1340,-892
122000130,1902,965,937
122000131,772,671,101
122000132,184,299,-115
122000133,648,746,-98
122000134,839,562,277
122000135,540,454,86
122000136,622,548,74
122000137,1438,698,740
122000139,663,2330,-1667
122000140,500,438,62
122000141,1984,749,1235
122000142,154,744,-590
122000143,267,300,-33
122000144,842,627,215
122000145,482,652,-170
122000146,385,930,-545
122000147,375,371,4
122000148,882,1337,-455
122000149,1443,1220,223
122000150,886,755,131
122000151,148,221,-73
122000152,184,221,-37
122000153,250,151,99
122000154,203,167,36
122000155,1375,1922,-547
122000156,1832,2148,-316
122000157,785,2007,-1222
122000158,230,429,-199
122000159,448,779,-331
122000160,1687,1392,295
122000161,706,780,-74
122000162,1009,1302,-293
122000163,183,88,95
122000164,24,107,-83
122000165,658,499,159
122000166,610,838,-228
122000167,220,187,33
122000168,158,523,-365
122000169,255,176,79
122000170,277,174,103
122000171,37,104,-67
122000172,1095,952,143
122000173,946,1809,-863
122000174,1629,820,809
122000175,565,250,315
122000176,274,640,-366
122000177,983,1264,-281
122000178,2018,1774,244
122000179,1089,1873,-784
122000180,1004,1080,-76
122000181,985,2142,-1157
122000182,995,1008,-13
122000183,1602,742,860
122000184,1843,1882,-39
122000185,968,1609,-641
122000186,369,732,-363
122000187,1539,753,786
122000188,242,152,90
122000189,146,201,-55
122000190,619,1058,-439
122000191,586,495,91
122000192,854,289,565
122000193,409,537,-128
122000194,410,175,235
122000195,137,364,-227
122000196,716,440,276
122000197,350,444,-94
122000198,344,853,-509
122000199,252,281,-29
122000200,687,470,217
122000201,939,1173,-234
122000202,941,1343,-402
122000203,2171,1061,1110
122000204,871,1149,-278
122000205,833,923,-90
122000206,1997,693,1304
122000207,1753,880,873
122000208,1675,1054,621
122000209,1259,377,882
122000210,1438,1031,407
122000211,875,889,-14
122000212,687,464,223
122000213,813,1116,-303
122000214,1514,1516,-2
122000215,1533,1358,175
122000217,1197,1081,116
122000218,632,53,579
122000219,720,742,-22
122000220,314,505,-191
122000221,84,360,-276
122000222,479,124,355
122000223,855,406,449
122000225,635,277,358
122000226,1081,1127,-46
122000227,185,1433,-1248
122000228,241,266,-25
122000229,47,384,-337
122000230,46,240,-194
122000231,254,548,-294
122000232,483,572,-89
122000233,0,71,-71
122000234,322,78,244
122000235,605,94,511
122000236,965,49,916
122000237,90,76,14
122000238,261,242,19
122000239,603,136,467
122000240,1019,466,553
122000241,1571,387,1184
122000242,454,96,358
122000243,273,58,215
122000244,89,235,-146
122000245,105,168,-63
122000246,384,170,214
122000247,482,377,105
122000248,647,841,-194
122000249,1038,742,296
122000250,1509,832,677
122000251,135,328,-193
122000252,344,105,239
122000253,50,166,-116
122000254,202,71,131
122000255,539,718,-179
122000256,279,431,-152
122000257,132,158,-26
122000258,206,196,10
122000259,20,302,-282
122000260,122,363,-241
122000261,20,199,-179
122000262,1,38,-37
122000263,254,258,-4
122000264,1080,297,783
122000265,1769,740,1029
122000266,3048,552,2496
122000267,152,123,29
122000268,139,261,-122
122000269,686,219,467
122000270,397,140,257
122000271,237,633,-396
122000272,281,549,-268
122000273,324,258,66
122000274,155,185,-30
122000275,125,164,-39
122000276,564,359,205
122000277,943,1080,-137
122000278,1542,443,1099
122000279,157,240,-83
122000280,794,378,416
122000281,692,524,168
122000282,235,276,-41
122000283,253,117,136
122000284,224,65,159
122000285,310,55,255
122000286,45,103,-58
122000287,1002,941,61
122000288,398,253,145
122000291,1654,509,1145
122000293,158,163,-5
122000294,118,244,-126
122000295,1006,179,827
122000296,55,455,-400
122000297,1447,3002,-1555
122000299,347,311,36
122000300,419,539,-120
122000301,5216,2735,2481
122000302,390,1474,-1084
122000303,2128,965,1163
122000304,61,135,-74
122000305,983,413,570
122000306,58,342,-284
122000307,107,128,-21
122000309,48,51,-3
122000310,20,70,-50
122000311,115,102,13
122000312,95,159,-64
122000313,82,73,9
122000314,75,201,-126
122000315,287,53,234
122000316,710,169,541
122000317,1403,247,1156
122000318,226,412,-186
122000319,139,261,-122
122000320,237,612,-375
122000321,105,128,-23
122000322,1283,1722,-439
122000323,847,1864,-1017
122000324,944,1028,-84
122000325,784,1846,-1062
122000326,82,87,-5
122000327,315,487,-172
122000328,437,312,125
122000330,947,591,356
122000333,14,88,-74
122000337,944,551,393
122000338,354,225,129
122000340,210,565,-355
122000342,932,679,253
122000343,394,499,-105
122000344,87,13,74
122000345,24,38,-14
122000346,238,198,40
122000348,485,441,44
122000349,76,303,-227
122000351,119,162,-43
122000352,334,145,189
122000353,93,53,40
122000355,177,264,-87
122000356,715,997,-282
122000357,81,30,51
122000358,0,33,-33
122000359,0,17,-17
122000360,0,9,-9
122000362,8,52,-44
122000364,144,231,-87
122000365,5,30,-25
122000366,6,6,0
122000368,355,430,-75
122000370,19,24,-5
122000371,32,1,31
122000372,9,3,6
122000381,119,228,-109
122000382,77,209,-132
122000384,1373,812,561
122000385,53,2,51
122000386,191,1025,-834
122000387,279,524,-245
122000388,935,578,357
122000389,149,580,-431
122000390,292,222,70
122000391,192,285,-93
122000392,131,118,13
122000393,141,162,-21
122000394,400,108,292
122000395,88,84,4
122000396,229,80,149
122000397,31,24,7
122000398,24,54,-30
122000399,144,73,71
122000400,78,535,-457
122000401,114,48,66
122000402,264,125,139
122000403,348,430,-82
122000404,144,96,48
122000408,622,744,-122
122000503,5,98,-93
122000524,89,120,-31
122000544,59,1513,-1454
122000614,347,355,-8
122000616,172,1,171
122000640,62,64,-2
122000641,112,159,-47
122000642,909,493,416
122000643,52,153,-101
122000644,94,31,63
122000645,77,149,-72
122000651,649,914,-265
122000664,135,20,115
122000665,803,399,404
122000666,473,888,-415
122000673,17,119,-102
122000674,200,65,135
122000675,1510,461,1049
122000686,386,736,-350
122000687,1335,338,997
122000688,203,346,-143
122000689,899,212,687
122000690,1933,204,1729
122000691,681,757,-76
122000692,1244,238,1006
122000693,296,858,-562
122000695,290,250,40
122000696,401,114,287
122000698,310,309,1
122000699,144,35,109
122000701,1370,210,1160
122000702,344,608,-264
122000703,153,46,107
122000712,0,0,0
122000717,84,42,42
122000718,619,1495,-876
122000719,131,59,72
122000720,522,112,410
122000724,209,197,12
122900001,33,6,27
122900002,692,4173,-3481
122900003,337,23,314
122900004,764,33,731
122900005,98,55,43
122900006,425,341,84
122900007,71,52,19
122900008,253,70,183
122900009,355,319,36
122900010,170,91,79
122900012,188,230,-42
122900014,142,132,10
122900015,632,892,-260
122900016,106,139,-33
122900017,218,485,-267
122900018,115,16,99
122900020,156,219,-63
122900021,61,360,-299
122900022,802,570,232
122900023,282,102,180
122900024,79,109,-30
122900025,6,181,-175
122900026,30,144,-114
122900027,26,437,-411
122900028,85,109,-24
122900029,3009,2245,764
122900030,735,459,276
122900031,60,236,-176
122900032,61,281,-220
122900033,213,123,90
122900034,2864,3664,-800
122900035,13,12,1
122900036,23,26,-3
122900037,251,66,185
122900038,64,2162,-2098
122900039,96,348,-252
122900040,209,289,-80
122900041,268,183,85
122900042,111,244,-133
122900043,228,189,39
122900044,68,268,-200
122900045,100,81,19
122900046,110,181,-71
122900047,90,155,-65
122900048,34,129,-95
122900049,942,105,837
122900051,56,113,-57
122900052,122,142,-20
122900053,31,21,10
122900055,209,55,154
122900057,169,34,135
122900061,354,137,217
122900062,452,464,-12
122900063,162,125,37
122900064,677,258,419
122900065,468,157,311
122900066,502,253,249
122900067,557,359,198
122900069,243,967,-724
122900070,332,30,302
122900071,107,201,-94
122900073,9,119,-110
122900074,530,258,272
122900075,0,40,-40
122900076,5,147,-142
122900077,16,82,-66
122900078,93,16,77
122900080,30,48,-18
122900081,93,91,2
122900082,807,116,691
122900083,123,93,30
122900084,10,110,-100
122900086,21,100,-79
122900087,247,242,5
122900088,28,202,-174
122900089,80,179,-99
122900090,4,228,-224
122900091,232,1,231
122900092,177,83,94
122900093,0,136,-136
122900094,1,90,-89
122900095,128,7,121
122900096,156,45,111
122900097,37,30,7
122900098,43,82,-39
122900099,70,14,56
122900100,107,276,-169
122900101,326,197,129
122900102,19,15,4
122900103,144,6,138
122900104,179,5,174
122900105,8,9,-1
122900106,0,22,-22
122900107,4,45,-41
122900108,1,74,-73
122900109,173,65,108
123000001,876,519,357
123000002,2253,4782,-2529
123000003,3119,3303,-184
123000004,2165,3117,-952
123000005,2143,2450,-307
123000006,1530,1551,-21
123000007,3624,2274,1350
123000008,2174,2234,-60
123000009,3811,2346,1465
123000010,2617,2620,-3
123000011,1549,806,743
123000012,570,1704,-1134
123000013,2829,833,1996
123000014,701,2463,-1762
123000015,1850,957,893
123000016,2231,3195,-964
123000017,2656,1471,1185
123000018,40,75,-35
123000019,365,82,283
123000020,192,36,156
123000021,111,147,-36
123000022,185,1394,-1209
123000023,1410,1476,-66
123000024,1433,497,936
123000025,286,110,176
123000026,43,53,-10
123000027,130,439,-309
123000028,1200,612,588
123000029,708,817,-109
123000030,193,129,64
123000031,237,132,105
123000032,300,113,187
123000033,277,66,211
123000034,864,587,277
123000035,315,351,-36
123000036,222,778,-556
123000037,251,168,83
123000038,74,200,-126
123000039,326,1362,-1036
123000040,464,224,240
123000041,740,1046,-306
123000042,542,539,3
123000043,1209,5776,-4567
123000044,2557,1721,836
123000045,2582,1794,788
123000046,383,1099,-716
123000047,499,500,-1
123000048,51,774,-723
123000049,2664,5819,-3155
123000050,1314,1164,150
123000051,68,143,-75
123000052,630,2398,-1768
123000053,1770,2143,-373
123000054,1221,1088,133
123000055,1146,2196,-1050
123000056,833,1004,-171
123000057,3103,2501,602
123000058,323,193,130
123000059,91,158,-67
123000060,534,242,292
123000061,175,314,-139
123000063,551,698,-147
123000064,957,805,152
123000065,2354,1146,1208
123000066,307,333,-26
123000067,645,327,318
123000068,1691,1738,-47
123000069,3851,1705,2146
123000070,86,90,-4
123000071,1139,724,415
123000072,856,462,394
123000073,1055,445,610
123000074,624,485,139
123000075,425,878,-453
123000076,551,330,221
123000077,1829,1706,123
123000078,1436,1100,336
123000079,1558,1158,400
123000080,1904,983,921
123000081,180,283,-103
123000082,437,900,-463
123000083,611,360,251
123000084,1143,655,488
123000085,998,1278,-280
123000086,714,428,286
123000087,500,215,285
123000088,1293,425,868
123000089,440,814,-374
123000090,975,644,331
123000091,1102,1021,81
123000092,679,815,-136
123000094,491,377,114
123000095,393,390,3
123000096,583,250,333
123000097,385,393,-8
123000098,682,348,334
123000099,534,411,123
123000100,333,498,-165
123000101,336,515,-179
123000102,414,561,-147
123000104,298,395,-97
123000105,306,265,41
123000106,344,409,-65
123000107,216,370,-154
123000108,356,686,-330
123000111,814,1225,-411
123000112,726,643,83
123000113,552,801,-249
123000114,325,531,-206
123000115,230,192,38
123000116,62,73,-11
123000117,1354,787,567
123000118,365,407,-42
123000119,236,439,-203
123000120,542,661,-119
123000121,412,329,83
123000122,203,231,-28
123000123,377,438,-61
123000124,277,285,-8
123000125,692,763,-71
123000126,668,2245,-1577
123000127,550,429,121
123000128,198,188,10
123000129,565,152,413
123000130,621,54,567
123000131,680,553,127
123000132,208,381,-173
123000133,128,249,-121
123000134,208,104,104
123000135,1548,3075,-1527
123000136,156,347,-191
123000137,78,158,-80
123000138,91,157,-66
123000139,443,86,357
123000140,63,326,-263
123000141,471,84,387
123000142,651,617,34
123000143,860,1189,-329
123000144,29,32,-3
123000145,121,283,-162
123000146,22,75,-53
123000147,52,83,-31
123000149,288,370,-82
123000150,118,224,-106
123000151,190,445,-255
123000152,47,415,-368
123000153,213,700,-487
123000154,1011,1537,-526
123000155,1429,1093,336
123000156,34,95,-61
123000157,543,659,-116
123000158,392,551,-159
123000159,1971,2375,-404
123000160,1160,964,196
123000161,1113,891,222
123000162,602,768,-166
123000163,704,158,546
123000164,1022,279,743
123000165,261,621,-360
123000166,35,91,-56
123000167,119,161,-42
123000168,227,155,72
123000169,723,88,635
123000170,103,71,32
123000171,707,4,703
123000172,131,289,-158
123000173,417,186,231
123000174,847,326,521
123000175,374,574,-200
123000176,661,210,451
123000177,257,464,-207
123000178,669,431,238
123000179,25,159,-134
123000180,1267,258,1009
123000181,190,713,-523
123000182,144,139,5
123000183,150,480,-330
123000184,128,227,-99
123000185,625,248,377
123000186,1,309,-308
123000187,623,9,614
123000188,267,5,262
123000189,28,127,-99
123000190,4,94,-90
123000192,27,343,-316
123000193,83,487,-404
123000194,298,207,91
123000195,576,84,492
123000196,167,17,150
123000197,54,13,41
123000198,7,605,-598
123000199,1,324,-323
123000200,462,5,457
123000201,422,6,416
123000202,10,320,-310
123000203,715,59,656
123000204,31,319,-288
123000205,339,969,-630
123000206,2328,316,2012
123000207,55,942,-887
123000208,690,573,117
123000209,2292,849,1443
123000210,276,1114,-838
123000211,310,1046,-736
123000212,3367,554,2813
123000213,695,107,588
123000215,69,209,-140
123000216,115,733,-618
123000217,140,19,121
123000218,60,543,-483
123000219,479,49,430
123000220,342,62,280
123000221,216,45,171
123000222,260,180,80
123000223,318,142,176
123000224,423,226,197
123000225,254,62,192
123000226,45,193,-148
123000227,59,195,-136
123000228,230,33,197
123000229,653,830,-177
123000232,124,380,-256
123000233,687,98,589
123000234,82,405,-323
123000235,1018,220,798
123000236,165,367,-202
123000237,251,80,171
123000238,80,254,-174
123000239,331,595,-264
123000240,41,405,-364
123000241,229,64,165
123000242,93,141,-48
123000243,746,690,56
123000244,724,582,142
123000245,35,115,-80
123000249,859,379,480
123000252,711,203,508
123000253,1116,420,696
123000254,637,530,107
123000255,955,663,292
123000256,103,287,-184
123000257,1316,1129,187
123000258,751,554,197
123000259,403,272,131
123000260,394,181,213
123000261,247,66,181
123000262,106,127,-21
123000263,381,66,315
123000264,172,56,116
123000265,33,112,-79
123000266,472,411,61
123000267,453,246,207
123000268,39,55,-16
123000269,40,60,-20
123000270,25,41,-16
123000271,41,63,-22
123000272,681,290,391
123000273,210,610,-400
123000274,851,429,422
123000275,179,439,-260
123000278,1771,1969,-198
123000279,94,63,31
123000280,268,230,38
123000281,280,63,217
123000282,106,190,-84
123000283,125,56,69
123000284,42,47,-5
123000286,152,243,-91
123000287,410,250,160
123000288,1031,763,268
123000289,355,932,-577
123000291,187,554,-367
123000294,204,250,-46
123000295,741,833,-92
123000296,713,407,306
123000297,689,302,387
123000298,681,181,500
123000299,136,157,-21
123000300,1443,955,488
123000301,134,244,-110
123000302,39,73,-34
123000303,96,154,-58
123000305,640,749,-109
123000306,157,78,79
123000309,46,38,8
123000310,43,33,10
123000311,493,94,399
123000312,379,371,8
123000313,498,276,222
123000315,85,127,-42
123000316,632,358,274
123000317,187,72,115
123000318,54,132,-78
123000329,6,16,-10
123000337,811,895,-84
123000338,242,130,112
123000339,239,110,129
123000340,90,151,-61
123000342,17,61,-44
123000343,25,10,15
123000344,654,212,442
123000345,269,316,-47
123000346,387,51,336
123000352,727,659,68
123000353,38,58,-20
123000354,358,27,331
123000355,1,170,-169
123000356,267,2,265
123000357,0,52,-52
123000359,2,100,-98
123000360,161,49,112
123000361,127,208,-81
123000362,284,69,215
123000363,66,76,-10
123000364,419,445,-26
123000365,23,292,-269
123000366,270,1516,-1246
123000367,331,930,-599
123000370,31,215,-184
123000371,482,23,459
123000372,224,11,213
123000373,13,160,-147
123000374,18,76,-58
123000375,297,21,276
123000376,835,523,312
123000377,303,11,292
123000378,7,132,-125
123000379,3,92,-89
123000380,23,336,-313
123000381,110,50,60
123000382,442,110,332
123000383,58,828,-770
123000384,384,56,328
123000385,76,328,-252
123000436,31,769,-738
123000507,110,165,-55
123000508,149,996,-847
123000517,199,24,175
123000518,19,191,-172
123000519,137,56,81
123000520,31,195,-164
123000521,361,89,272
123000522,92,261,-169
123000541,8,0,8
123000542,0,6,-6
123000565,877,45,832
123000566,391,308,83
123000567,72,141,-69
123000573,61,392,-331
123000574,745,45,700
123000575,1156,521,635
123000576,716,702,14
123000577,33,399,-366
123000578,286,61,225
123000579,1013,4867,-3854
123000580,143,47,96
123000582,379,22,357
123000583,19,174,-155
123000584,142,236,-94
123000585,0,46,-46
123000586,73,28,45
123000596,69,74,-5
123000597,56,123,-67
123000602,62,9,53
123000603,742,341,401
123000604,486,338,148
123000605,630,52,578
123000606,0,392,-392
123000609,13,206,-193
123000610,104,87,17
123000613,64,137,-73
123000614,180,37,143
123000615,65,123,-58
123000616,631,42,589
123000617,99,140,-41
123000618,42,441,-399
123000619,366,21,345
123000620,31,219,-188
123000622,363,20,343
123000624,168,59,109
123000630,1243,336,907
123000631,189,619,-430
123000632,936,671,265
123000633,1,203,-202
123000634,43,133,-90
123000635,59,85,-26
123000636,26,241,-215
123000637,166,22,144
123000638,424,7,417
123000639,589,3746,-3157
123000640,18,302,-284
123000648,1095,709,386
123000649,154,432,-278
123000650,92,37,55
123000651,7,69,-62
123000652,129,3,126
123000653,0,1,-1
123900001,752,19,733
123900002,14,1056,-1042
123900003,189,227,-38
123900005,199,127,72
123900006,272,27,245
124000001,1538,133,1405
124000002,47,802,-755
124000003,831,130,701
124000004,57,255,-198
124000005,950,370,580
124000006,143,563,-420
124000007,346,93,253
124000008,21,326,-305
124000009,594,195,399
124000010,146,231,-85
124000011,802,206,596
124000012,173,262,-89
124000017,158,123,35
124000018,92,47,45
124000019,114,90,24
124000020,35,79,-44
124000021,79,83,-4
124000022,75,126,-51
124000023,590,156,434
124000024,853,262,591
124000025,648,436,212
124000026,598,261,337
124000027,1086,606,480
124000028,1309,505,804
124000031,1189,2857,-1668
124000032,984,566,418
124000033,904,506,398
124000034,260,639,-379
124000035,324,165,159
124000036,114,403,-289
124000037,336,890,-554
124000038,27,75,-48
124000039,612,360,252
124000040,348,769,-421
124000041,406,129,277
124000042,94,342,-248
124000043,84,193,-109
124000044,87,86,1
124000045,756,387,369
124000046,156,381,-225
124000047,1577,616,961
124000048,744,585,159
124000049,1545,456,1089
124000050,596,799,-203
124000051,927,445,482
124000052,427,457,-30
124000053,417,1441,-1024
124000054,589,285,304
124000055,1088,2395,-1307
124000056,1216,838,378
124000057,1042,477,565
124000058,370,728,-358
124000059,463,914,-451
124000060,599,408,191
124000061,1047,5017,-3970
124000062,2758,1136,1622
124000063,891,1070,-179
124000064,1165,706,459
124000065,110,450,-340
124000066,241,133,108
124000067,171,111,60
124000068,64,118,-54
124000069,718,134,584
124000070,180,439,-259
124000071,357,179,178
124000072,170,275,-105
124000073,794,134,660
124000074,162,491,-329
124000075,278,26,252
124000076,6,91,-85
124000077,954,482,472
124000078,1968,952,1016
124000079,214,775,-561
124000080,572,169,403
124000081,136,256,-120
124000082,54,184,-130
124000083,56,76,-20
124000084,112,493,-381
124000085,78,69,9
124000086,12,129,-117
124000087,126,267,-141
124000088,122,315,-193
124000089,757,219,538
124000090,141,185,-44
124000091,523,102,421
124000092,92,345,-253
124000093,96,77,19
124000094,81,273,-192
124000095,93,64,29
124000096,83,127,-44
124000097,115,113,2
124000098,46,61,-15
124000099,165,83,82
124000100,35,98,-63
124000101,75,95,-20
124000102,65,31,34
124000103,128,121,7
124000104,52,22,30
124000105,119,84,35
124000106,122,28,94
124000107,14,170,-156
124000108,23,15,8
124000109,129,100,29
124000110,129,81,48
124000111,133,133,0
124000112,657,411,246
124000113,81,99,-18
124000114,283,258,25
124000115,301,387,-86
124000116,84,142,-58
124000117,39,69,-30
124000118,44,82,-38
124000119,569,378,191
124000120,307,335,-28
124000121,1460,728,732
124000122,386,980,-594
124000123,825,387,438
124000124,314,635,-321
124000125,357,389,-32
124000126,295,396,-101
124000127,651,276,375
124000128,370,531,-161
124000129,1748,1178,570
124000130,536,445,91
124000131,729,461,268
124000132,600,555,45
124000133,855,552,303
124000134,590,433,157
124000135,1389,1345,44
124000136,540,656,-116
124000137,741,703,38
124000138,658,853,-195
124000139,476,56,420
124000140,47,334,-287
124000141,793,39,754
124000142,63,272,-209
124000143,90,13,77
124000144,6,108,-102
124000145,92,32,60
124000146,18,48,-30
124000148,35,95,-60
124000149,999,321,678
124000150,229,397,-168
124000151,819,294,525
124000152,502,719,-217
124000153,590,555,35
124000154,254,420,-166
124000155,1040,773,267
124000156,896,723,173
124000169,191,297,-106
124000170,346,266,80
124000171,198,197,1
124000172,213,291,-78
124000173,472,113,359
124000174,348,420,-72
124000175,7,39,-32
124000176,69,23,46
124000177,3,18,-15
124000178,43,43,0
124000185,33,12,21
124000186,10,30,-20
124000187,4,50,-46
124000188,72,19,53
124000190,84,59,25
124000191,74,202,-128
124000192,843,326,517
124000193,164,525,-361
124000194,232,283,-51
124000195,288,475,-187
124000196,641,537,104
124000197,39,34,5
124000198,40,41,-1
124000201,199,463,-264
124000202,555,207,348
124000203,378,256,122
124000204,865,156,709
124000205,98,249,-151
124000206,980,213,767
124000207,0,30,-30
124000209,145,198,-53
124000210,447,124,323
124000211,673,1,672
124000212,1,185,-184
124000213,466,125,341
124000214,312,242,70
124000215,424,14,410
124000216,6,184,-178
124000329,81,689,-608
124000338,51,346,-295
124000339,982,74,908
124000341,1450,48,1402
124000344,34,11,23
124000357,1580,2934,-1354
124000358,1476,2339,-863
124000359,1171,612,559
124000360,914,344,570
124000361,1398,759,639
124000362,742,981,-239
124000363,263,289,-26
124000364,463,500,-37
124000365,495,718,-223
124000366,1260,1094,166
124000367,64,218,-154
124000368,535,381,154
124000369,114,65,49
124000370,38,305,-267
124000402,21,15,6
124000403,99,16,83
124000404,5,40,-35
124000405,682,597,85
124000406,522,466,56
124000407,0,19,-19
124000411,5,167,-162
124000412,299,10,289
124000413,83,31,52
124000414,76,87,-11
124000415,43,43,0
124000416,95,117,-22
124000417,186,92,94
124000418,204,96,108
124000419,106,65,41
124000420,90,31,59
124000421,41,60,-19
124000422,11,5,6
124000423,121,20,101
124000424,2,54,-52
124000425,104,5,99
124000426,7,65,-58
124000427,179,9,170
124000428,18,32,-14
124000429,74,45,29
124000430,672,281,391
124000431,445,286,159
124000432,241,428,-187
124000439,9,1,8
124000443,0,9,-9
124000445,319,1150,-831
124000446,657,187,470
124000447,27,147,-120
124000448,101,6,95
124000449,183,13,170
124000450,18,89,-71
124000451,2,41,-39
124000452,212,61,151
124000453,2224,3041,-817
124000454,1394,3615,-2221
124900001,592,353,239
124900002,109,159,-50
124900003,983,533,450
124900004,694,239,455
124900005,145,88,57
124900006,773,238,535
124900008,862,390,472
124900009,182,315,-133
124900010,203,353,-150
124900011,469,259,210
124900012,385,113,272
124900013,483,126,357
124900014,298,75,223
124900015,106,301,-195
124900016,54,68,-14
124900017,359,1734,-1375
124900018,88,20,68
124900020,88,45,43
124900021,340,19,321
124900022,41,15,26
124900024,309,4,305
124900026,190,4,186
124900027,104,375,-271
124900028,218,52,166
124900029,22,406,-384
124900030,1,47,-46
124900031,19,130,-111
124900032,147,169,-22
124900033,101,132,-31
124900034,2,51,-49
124900035,105,238,-133
124900036,3,56,-53
124900037,148,132,16
124900038,167,181,-14
124900039,2,97,-95
124900040,140,52,88
124900041,186,518,-332
124900042,103,3,100
124900043,355,531,-176
124900044,111,6,105
124900045,358,726,-368
124900047,106,108,-2
124900048,151,46,105
124900050,155,99,56
124900052,127,240,-113
124900053,129,229,-100
124900054,859,270,589
124900055,1,94,-93
124900057,4,82,-78
124900060,36,140,-104
124900061,97,3,94
124900062,198,22,176
124900066,0,13,-13
124900067,4,56,-52
124900068,191,384,-193
124900070,69,137,-68
124900072,104,45,59
124900075,192,166,26
124900076,15,1010,-995
124900077,13,76,-63
124900078,41,15,26
124900079,291,147,144
124900080,295,318,-23
124900081,952,252,700
124900082,343,413,-70
124900083,250,311,-61
124900085,564,353,211
124900086,44,1050,-1006
124900087,286,94,192
124900088,269,69,200
124900089,691,22,669
124900090,309,168,141
124900091,241,156,85
124900092,177,131,46
124900093,301,95,206
124900094,386,141,245
124900095,64,335,-271
124900096,292,180,112
124900097,344,61,283
124900098,55,177,-122
124900099,282,320,-38
124900100,283,54,229
124900101,59,157,-98
124900102,283,14,269
124900103,108,109,-1
124900104,61,99,-38
124900105,108,42,66
124900106,272,25,247
124900107,70,19,51
124900108,104,84,20
124900111,4,146,-142
124900112,60,187,-127
124900113,92,166,-74
124900114,118,138,-20
124900115,41,62,-21
124900116,172,159,13
124900117,174,143,31
124900118,168,492,-324
124900119,271,184,87
124900120,48,197,-149
124900121,93,329,-236
124900122,186,114,72
124900123,264,79,185
124900124,124,216,-92
124900125,189,3,186
124900126,1,79,-78
204000001,135,6,129
204000002,18,5,13
204000003,17,1,16
204000004,3,3,0
204000005,611,441,170
204000006,1153,1184,-31
204000011,8,32,-24
204000012,49,112,-63
204000019,714,345,369
204000020,545,677,-132
204000021,1871,598,1273
204000022,600,361,239
204000023,522,514,8
204000031,58,13,45
204000032,339,19,320
204000034,65,95,-30
204000035,0,7,-7
204000036,5,25,-20
204000037,6,23,-17
204000038,2,22,-20
204000039,7,5,2
204000040,6,13,-7
204000041,9,20,-11
204000042,21,7,14
204000043,49,2,47
204000044,32,2,30
204000045,51,0,51
204000046,6,2,4
204000057,8,1,7
204000062,36,21,15
204000068,23,203,-180
204000069,56,348,-292
204000070,77,93,-16
204000080,67,59,8
204000085,1684,1100,584
204000086,1637,1268,369
204000087,42,10,32
204000088,7,112,-105
204000090,123,183,-60
204000093,394,76,318
204000096,917,815,102
204000097,470,11,459
204000099,913,1281,-368
204000100,1279,1657,-378
204000105,1694,780,914
204000110,513,1175,-662
204000111,451,565,-114
204000112,1364,1338,26
204000113,305,837,-532
204000114,576,609,-33
204000115,705,230,475
204000116,1412,1079,333
204000119,1687,2149,-462
204000132,666,369,297
204000133,931,231,700
204000134,221,79,142
204000135,845,75,770
204000136,586,204,382
204000138,395,569,-174
204000140,195,151,44
204000141,163,64,99
204000144,1,28,-27
204000145,399,26,373
204000146,18,189,-171
204000147,35,110,-75
204000148,515,22,493
204000154,7,3,4
204000155,4,4,0
204000177,55,35,20
204000179,45,8,37
204000180,0,49,-49
204000222,1,7,-6
204000235,24,12,12
204000236,51,159,-108
204000238,25,12,13
204000240,345,70,275
204000263,641,645,-4
204000268,735,485,250
204000308,86,21,65
204000317,18,62,-44
204000322,9,39,-30
204000323,8,5,3
204000328,169,58,111
204000329,75,137,-62
204000330,172,43,129
204000331,138,110,28
205000001,744,1213,-469
205000013,9,61,-52
205000014,11,63,-52
205000015,45,101,-56
205000016,14,94,-80
205000017,25,63,-38
205000022,285,643,-358
205000025,1156,821,335
205000029,204,4,200
205000045,123,740,-617
205000046,135,763,-628
205000047,59,366,-307
205000048,357,645,-288
205000049,166,610,-444
205000050,760,261,499
205000059,2,160,-158
205000060,1,84,-83
205000061,4,108,-104
205000062,4,124,-120
205000063,26,132,-106
205000064,28,62,-34
205000065,43,437,-394
205000066,103,477,-374
205000067,32,577,-545
205000069,266,18,248
205000082,125,104,21
205000110,81,191,-110
205000111,177,159,18
205000112,176,155,21
205000113,150,292,-142
205000121,189,33,156
205000123,38,141,-103
205000126,406,67,339
205000127,844,152,692
205000128,364,62,302
205000129,799,70,729
205000130,133,5,128
205000131,53,5,48
205000132,96,3,93
205000133,49,0,49
205000134,230,0,230
205000137,60,96,-36
205000138,67,157,-90
205000139,27,76,-49
205000144,94,60,34
205000145,261,125,136
205000151,112,20,92
205000152,141,22,119
205000153,204,25,179
205000154,57,41,16
205000155,95,7,88
205000207,7,154,-147
205000233,33,0,33
205000234,0,1,-1
205000243,1,0,1
205000244,0,4,-4
205000245,9,86,-77
205000249,1,11,-10
205000250,12,0,12
205000264,8,78,-70
206000027,9,3,6
206000028,7,2,5
206000043,2,33,-31
206000053,4,9,-5
206000054,1,10,-9
206000055,0,6,-6
206000075,15,15,0
206000076,18,5,13
206000077,20,5,15
206000078,33,7,26
206000079,35,2,33
206000082,326,42,284
206000100,18,240,-222
206000103,8,14,-6
206000104,17,19,-2
206000105,7,13,-6
206000106,2,11,-9
206000125,73,0,73
206000157,23,374,-351
206000170,0,107,-107
206000171,3,172,-169
206000172,3,145,-142
206000173,1,90,-89
206000174,5,33,-28
206000175,0,39,-39
206000176,8,69,-61
206000177,1,50,-49
206000178,2,124,-122
206000179,2,48,-46
206000180,8,53,-45
206000181,3,35,-32
206000182,1,55,-54
206000183,4,110,-106
206000184,3,109,-106
206000185,10,43,-33
206000186,83,337,-254
206000223,6,132,-126
206000226,7,1,6
206000227,14,2,12
206000237,37,149,-112
206000238,24,292,-268
206000239,167,966,-799
206000240,0,57,-57
206000241,0,36,-36
206000242,11,85,-74
206000243,21,66,-45
206000244,30,204,-174
206000245,891,60,831
206000246,322,10,312
206000247,335,13,322
206000248,437,20,417
206000252,52,33,19
206000258,21,21,0
206000315,24,6,18
206000317,691,119,572
206000318,762,75,687
206000319,1957,74,1883
206000320,306,46,260
206000321,306,10,296
206000322,514,19,495
206000323,199,5,194
206000324,173,5,168
206000325,180,8,172
206000326,154,17,137
206000327,135,8,127
206000328,186,3,183
206000329,332,2,330
206000330,48,9,39
206000331,239,5,234
206000332,72,2,70
206000333,758,3,755
206000334,338,2,336
206000335,0,15,-15
206000361,6,117,-111
206000392,3,5,-2
206000405,161,0,161
206000441,33,23,10
206000498,40,2,38
206000515,65,41,24
206000530,408,49,359
206000531,238,249,-11
206000532,1705,316,1389
206000535,87,1275,-1188
206000536,8,92,-84
206000537,23,113,-90
206000613,1577,221,1356
206000784,454,35,419
207000001,136,428,-292
207000002,73,287,-214
207000003,103,98,5
207000007,1294,250,1044
207000008,98,11,87
207000009,70,55,15
207000010,344,233,111
207000012,411,203,208
207000015,203,645,-442
207000019,188,48,140
207000021,419,193,226
207000022,169,146,23
207000023,185,52,133
207000024,1,10,-9
207000025,12,58,-46
207000026,112,36,76
207000027,16,40,-24
207000028,70,126,-56
207000029,183,275,-92
207000033,176,400,-224
207000034,193,108,85
207000039,498,63,435
207000040,520,45,475
207000041,77,19,58
207000042,222,48,174
207000043,184,146,38
207000051,113,159,-46
207000052,51,90,-39
207000053,279,347,-68
207000054,63,58,5
207000055,166,82,84
207000056,244,221,23
207000057,119,265,-146
207000058,203,192,11
207000059,93,269,-176
207000060,51,165,-114
207000061,152,686,-534
207000062,388,31,357
207000063,455,68,387
207000064,282,76,206
207000065,342,140,202
207000066,253,95,158
207000067,51,54,-3
207000068,130,46,84
207000069,687,238,449
207000082,2,147,-145
207000083,70,152,-82
207000084,280,210,70
207000085,197,15,182
207000086,264,6,258
207000106,42,23,19
207000107,80,10,70
207000108,73,12,61
207000109,41,16,25
207000110,55,47,8
207000111,88,54,34
207000112,113,571,-458
207000114,12,16,-4
207000115,35,27,8
207000116,17,260,-243
207000117,17,68,-51
207000118,2,55,-53
207000119,22,64,-42
207000123,160,18,142
207000124,99,15,84
207000125,46,40,6
207000126,58,33,25
207000134,121,101,20
207000135,45,139,-94
207000148,90,246,-156
207000149,70,26,44
207000152,79,354,-275
207000153,465,914,-449
207000154,322,102,220
207000159,100,107,-7
207000160,119,214,-95
207000238,0,183,-183
207000242,6,118,-112
207000248,38,14,24
207000249,105,32,73
207000250,369,47,322
207000251,113,61,52
207000252,74,30,44
207000278,97,76,21
207000279,16,67,-51
207000280,722,71,651
207000281,97,474,-377
207000282,86,126,-40
207000283,57,207,-150
207000284,33,332,-299
207000285,94,98,-4
207000291,7,74,-67
207000304,96,39,57
207000306,66,276,-210
207000310,87,64,23
207000353,201,3,198
207000356,21,19,2
207000357,14,18,-4
207000358,5,7,-2
207000415,2,99,-97
207000417,39,6,33
207000418,105,63,42
207000438,0,0,0
207000439,566,602,-36
207000446,179,5,174
207000460,44,8,36
207000466,86,80,6
207000467,308,57,251
207000468,49,165,-116
207000476,6,52,-46
207000477,520,39,481
207000478,5,53,-48
207000523,0,21,-21
207000524,73,2,71
207000527,140,145,-5
207000530,410,13,397
207000531,309,6,303
207000532,44,18,26
207000534,203,39,164
207000535,38,239,-201
207000537,17,55,-38
207000540,9,117,-108
207000541,4,223,-219
207000548,11,186,-175
207000549,256,12,244
207000561,138,130,8
207000562,29,93,-64
207000567,111,175,-64
207000568,499,36,463
207000569,689,387,302
207000584,186,112,74
207000585,39,266,-227
207000587,212,26,186
207000616,0,85,-85
207000617,107,2,105
207000624,53,41,12
207000631,9,37,-28
207900008,339,65,274
208000001,538,1014,-476
208000002,716,434,282
208000003,1095,276,819
208000004,809,605,204
208000005,5,13,-8
208000019,611,733,-122
208000020,145,391,-246
208000021,225,244,-19
208000022,944,341,603
208000028,711,1181,-470
208000033,495,460,35
208000034,774,1015,-241
208000037,216,14,202
208000040,128,110,18
208000041,649,455,194
208000042,738,526,212
208000047,106,178,-72
208000064,1784,1120,664
208000066,1334,2087,-753
208000070,350,323,27
208000071,530,496,34
208000072,439,842,-403
208000080,338,287,51
208000081,343,122,221
208000082,320,179,141
208000083,170,241,-71
208000084,5,12,-7
208000085,646,447,199
208000086,434,800,-366
208000087,339,557,-218
208000089,1081,250,831
208000090,944,365,579
208000093,187,151,36
208000094,461,268,193
208000095,627,346,281
208000104,913,624,289
208000105,597,731,-134
208000114,111,314,-203
208000115,391,197,194
208000116,531,811,-280
208000117,165,152,13
208000118,108,125,-17
208000155,581,752,-171
208000158,1186,2896,-1710
208000186,2104,3286,-1182
208000204,656,810,-154
208000205,1130,698,432
208000282,3237,2361,876
209000004,435,137,298
209000005,51,32,19
209000006,381,192,189
209000007,202,269,-67
209000010,231,86,145
209000011,108,192,-84
209000012,95,91,4
209000013,176,146,30
209000014,393,471,-78
209000025,332,69,263
209000026,596,174,422
209000027,327,447,-120
209000028,290,313,-23
209000029,250,379,-129
209000030,398,616,-218
209000031,1546,1047,499
209000034,177,234,-57
209000035,81,194,-113
209000036,196,88,108
209000037,322,124,198
209000038,161,127,34
209000039,73,105,-32
209000040,240,427,-187
209000041,171,282,-111
209000042,216,264,-48
209000043,523,708,-185
209000044,206,722,-516
209000045,1002,303,699
209000046,477,320,157
209000047,260,185,75
209000048,528,222,306
209000049,90,39,51
209000050,202,68,134
209000051,214,143,71
209000052,110,120,-10
209000062,57,43,14
209000063,44,26,18
209000064,45,43,2
209000065,91,15,76
209000066,73,14,59
209000067,82,18,64
209000080,20,131,-111
209000082,91,27,64
209000091,32,67,-35
209000093,38,23,15
209000094,107,129,-22
209000110,18,113,-95
209000111,461,1361,-900
209000112,839,430,409
209000113,1342,388,954
209000114,619,365,254
209000115,45,69,-24
209000116,375,175,200
209000118,9,19,-10
209000119,14,6,8
209000121,71,255,-184
209000135,38,165,-127
209000142,571,1380,-809
209000143,27,33,-6
209000144,39,138,-99
209000229,222,104,118
209000240,32,148,-116
209000259,46,64,-18
209000260,34,521,-487
209000261,6,278,-272
209000262,0,218,-218
209000263,1,178,-177
209000264,0,247,-247
209000265,284,4,280
209000266,109,3,106
209000267,926,9,917
209000268,473,45,428
210000037,50,13,37
210000047,80,20,60
210000048,77,13,64
210000049,72,4,68
210000052,63,39,24
210000053,40,31,9
210000054,43,53,-10
210000070,112,3,109
210000071,81,0,81
210000072,26,0,26
210000073,0,16,-16
210000074,0,63,-63
210000075,0,85,-85
210000076,11,150,-139
210000077,6,62,-56
210000078,29,53,-24
210000079,23,8,15
210000080,78,61,17
210000081,130,14,116
210000082,148,2,146
210000083,58,4,54
210000084,58,0,58
210000085,0,57,-57
210000086,1,52,-51
210000099,23,198,-175
210000100,42,145,-103
210000101,96,129,-33
210000105,26,115,-89
210000159,4,183,-179
210000163,91,159,-68
210000164,217,141,76
210000168,78,27,51
210000187,0,8,-8
210000188,2,8,-6
210000214,34,0,34
210000219,30,40,-10
210000220,108,31,77
210000232,3,12,-9
210000233,17,33,-16
210000234,27,59,-32
210000235,62,54,8
210000245,1,32,-31
210000246,65,25,40
210000258,2,52,-50
210000259,292,44,248
210000282,61,177,-116
210000285,2,84,-82
210000286,18,94,-76
210000290,7,28,-21
210000295,27,83,-56
210000296,32,21,11
210000320,152,38,114
210000321,90,28,62
210000338,41,63,-22
210000339,194,971,-777
210000340,73,322,-249
210000341,238,216,22
210000342,177,153,24
210000343,159,163,-4
210000344,164,97,67
210000345,108,150,-42
210000346,52,75,-23
210000347,27,31,-4
210000348,91,17,74
210000349,23,16,7
210000350,148,54,94
210000351,146,73,73
210000352,66,48,18
210000353,51,39,12
210000354,68,57,11
210000355,60,55,5
210000356,16,41,-25
210000357,47,51,-4
210000358,187,106,81
210000359,61,68,-7
210000360,116,116,0
210000361,153,121,32
210000362,207,167,40
210000363,480,210,270
210000364,71,82,-11
210000365,102,79,23
210000366,98,54,44
210000367,76,32,44
210000368,114,27,87
210000369,34,15,19
210000370,45,23,22
210000372,8,15,-7
210000373,22,30,-8
210000374,43,37,6
210000375,48,54,-6
210000376,81,81,0
210000404,31,101,-70
210000439,18,29,-11
210000472,52,1,51
210000482,70,79,-9
210000564,144,216,-72
210000567,1,44,-43
210000568,224,1,223
211000092,45,28,17
211000094,16,6,10
211000169,151,12,139
211000172,11,172,-161
211000209,5,10,-5
211000226,9,42,-33
211000270,66,8,58
211000275,27,15,12
211000276,67,2,65
211000279,21,21,0
211000281,58,19,39
211000302,26,28,-2
211507980,2,52,-50
211977296,48,2,46
212000003,101,43,58
212000004,18,27,-9
212000005,29,23,6
212000006,24,51,-27
212000008,138,78,60
212000009,27,91,-64
212000012,77,77,0
212000013,46,50,-4
212000014,217,119,98
212000015,326,185,141
212000016,458,391,67
212000027,523,268,255
212000028,346,267,79
212000029,234,172,62
212000030,45,31,14
212000031,50,43,7
212000048,19,188,-169
212000049,12,148,-136
212000050,13,7,6
212000051,198,109,89
212000052,160,135,25
212000053,377,287,90
212000054,350,75,275
212000055,364,127,237
212000056,11,29,-18
212000057,15,21,-6
212000058,140,20,120
212000070,96,131,-35
212000077,133,382,-249
212000099,242,218,24
212000108,178,103,75
212000111,175,72,103
212000120,94,54,40
212000138,136,34,102
212000156,6,121,-115
212000158,15,14,1
212000159,461,43,418
212000160,679,210,469
212000161,56,10,46
212000310,32,12,20
212000311,15,24,-9
212000374,62,5,57
213000001,36,208,-172
213000005,320,136,184
213000006,685,258,427
213000007,75,13,62
213000009,425,401,24
213000010,203,263,-60
213000011,174,96,78
213000012,121,205,-84
213000014,102,20,82
213000015,227,10,217
213000016,439,1,438
213000017,77,2,75
213000018,2,75,-73
213000019,2,102,-100
213000020,98,224,-126
213000021,2,90,-88
213000023,364,180,184
213000033,329,1409,-1080
213000034,507,144,363
213000035,126,112,14
213000045,155,193,-38
213000046,181,154,27
213000047,485,1118,-633
213000056,102,21,81
213000069,106,2,104
213000073,0,35,-35
213000074,52,290,-238
213000075,340,2,338
213000076,20,1,19
213000085,17,46,-29
213000086,26,161,-135
213000091,215,3,212
213000092,60,6,54
213000099,161,905,-744
213000100,940,210,730
213000101,397,59,338
213000102,486,126,360
213000103,638,517,121
213000104,66,260,-194
213000105,6,228,-222
213000106,66,80,-14
213000107,163,244,-81
213000108,42,305,-263
213000109,7,151,-144
213000110,10,67,-57
213000111,11,62,-51
213000112,100,90,10
213000115,42,16,26
213000116,55,235,-180
213000117,4,386,-382
213000118,425,204,221
213000119,44,378,-334
213000120,86,287,-201
213000122,134,262,-128
213000123,245,625,-380
213000124,115,772,-657
213000125,153,12,141
213000126,24,88,-64
213000127,99,156,-57
213000128,250,850,-600
213000129,231,663,-432
213000130,579,318,261
213000132,425,79,346
213000133,588,78,510
213000134,837,28,809
213000136,430,15,415
213000137,607,46,561
213000139,252,30,222
213000147,44,11,33
213000148,16,12,4
213000149,22,10,12
213000150,1,149,-148
213000151,2,129,-127
213000152,0,130,-130
213000153,6,163,-157
213000154,46,175,-129
213000155,35,140,-105
213000156,111,357,-246
213000157,563,323,240
213000158,299,706,-407
213000159,295,343,-48
213000163,935,79,856
213000165,732,205,527
213000171,46,61,-15
213000172,56,131,-75
213000173,51,119,-68
213000174,22,66,-44
213000175,43,35,8
213000176,15,107,-92
213000177,61,14,47
213000178,166,13,153
213000179,275,48,227
213000180,228,62,166
213000184,104,298,-194
213000188,267,70,197
213000189,339,38,301
213000190,697,514,183
213000191,272,214,58
213000192,220,182,38
213000193,517,175,342
213000194,1,111,-110
213000195,12,337,-325
213000196,239,1041,-802
213000197,386,434,-48
213000198,53,1,52
213000200,119,553,-434
213000201,31,51,-20
213000202,11,417,-406
213000203,2198,568,1630
213000204,739,81,658
213000205,221,55,166
213000206,451,57,394
213000207,121,14,107
213000208,61,4,57
213000209,97,5,92
213000210,277,9,268
213000211,7,30,-23
213000212,25,33,-8
213000213,19,84,-65
213000218,207,281,-74
213000219,467,12,455
213000220,351,4,347
213000223,175,244,-69
213000224,37,62,-25
213000225,66,15,51
213000226,69,22,47
213000227,774,162,612
213000228,469,64,405
213000229,91,25,66
213000230,437,21,416
213000232,75,763,-688
213000233,10,112,-102
213000234,4,60,-56
213000293,67,101,-34
213000294,105,46,59
213000295,16,113,-97
213000296,47,14,33
213000297,2,66,-64
213000298,21,55,-34
213000299,48,24,24
213000300,16,7,9
213000303,8,23,-15
213000304,2,8,-6
213000305,2,21,-19
213000306,29,26,3
213000307,60,52,8
213000308,90,90,0
213000309,142,54,88
213000310,435,156,279
213000311,183,542,-359
213000315,80,65,15
213000316,146,54,92
213000322,56,28,28
213000323,34,48,-14
213000340,110,243,-133
213000341,533,79,454
213000346,168,238,-70
213000347,554,415,139
213000348,7,121,-114
213000349,39,17,22
213000350,278,540,-262
213000366,89,157,-68
213000367,287,28,259
213000379,56,82,-26
213000386,14,245,-231
213000406,72,307,-235
213000417,1071,344,727
213000425,179,38,141
213000426,152,38,114
213000427,56,110,-54
213000428,31,91,-60
213000429,6,6,0
213000430,76,281,-205
213000431,33,3,30
213000432,0,23,-23
213000433,22,103,-81
213000434,109,47,62
213000435,108,86,22
213000439,54,18,36
213000441,1,2,-1
213000443,337,191,146
213000445,0,56,-56
213000446,1,14,-13
213000447,4,26,-22
213000448,14,123,-109
213000449,492,6,486
213000450,30,28,2
213000451,206,45,161
213000452,21,13,8
213000453,34,171,-137
213000455,201,16,185
213000456,1,308,-307
213000481,7,7,0
213000482,29,0,29
213000489,218,69,149
213000491,4,271,-267
213000492,122,3,119
213000493,0,146,-146
213000494,194,73,121
213000495,1,54,-53
213000496,268,91,177
213000497,47,159,-112
213000498,102,99,3
213000499,189,230,-41
213000500,448,47,401
213000501,132,24,108
213000502,136,80,56
213000503,2,30,-28
213000504,21,44,-23
213000505,6,10,-4
213000506,0,10,-10
213000507,1,58,-57
213900244,36,0,36
213900245,0,8,-8
218000003,47,29,18
218000004,25,41,-16
218000005,31,23,8
218000006,46,40,6
218000007,11,28,-17
218000012,109,117,-8
218000013,116,142,-26
218000014,283,288,-5
218000019,532,390,142
218000020,294,252,42
218000040,3,4,-1
218000046,50,68,-18
218000047,13,83,-70
218000048,44,54,-10
218000049,69,63,6
218000050,261,155,106
218000051,44,119,-75
218000052,1,56,-55
218000053,3,6,-3
218000054,4,62,-58
218000055,6,22,-16
218000056,10,32,-22
218000057,1,16,-15
218000064,2,4,-2
218000065,88,16,72
218000066,9,28,-19
218000067,64,59,5
218000068,93,42,51
218000069,308,69,239
218000070,229,154,75
218000071,200,105,95
218000072,155,157,-2
218000078,701,398,303
218000079,164,60,104
218000080,104,59,45
218000081,422,139,283
218000082,55,87,-32
218000083,57,35,22
218000084,119,62,57
218000085,145,167,-22
218000086,38,73,-35
218000087,156,120,36
218000090,21,122,-101
218000091,1010,423,587
218000092,72,152,-80
218000093,80,42,38
218000094,361,375,-14
218000099,259,599,-340
218000100,261,214,47
218000101,351,105,246
218000102,419,109,310
218000103,116,61,55
218000104,84,19,65
218000105,19,22,-3
218000106,9,10,-1
218000107,66,33,33
218000108,3,25,-22
218000112,41,27,14
218000117,48,51,-3
218000134,407,317,90
218000135,12,97,-85
218000136,130,126,4
218000137,141,116,25
218000138,42,88,-46
218000139,153,227,-74
218000140,436,224,212
218000141,72,46,26
218000142,195,102,93
218000143,80,216,-136
218000144,44,81,-37
218000145,365,209,156
218000146,105,117,-12
218000151,8,6,2
218000152,75,21,54
218000170,10,30,-20
218000171,25,3,22
218000172,5,6,-1
218000173,9,20,-11
218000174,17,11,6
218000176,200,36,164
218000177,346,182,164
218000178,77,168,-91
218000179,131,45,86
218000180,95,19,76
218000181,197,26,171
218000187,10,50,-40
218000188,26,53,-27
218000189,24,80,-56
218000190,1,14,-13
218000191,178,64,114
218000192,195,107,88
218000193,343,190,153
218000194,85,192,-107
218000195,115,39,76
218000196,300,186,114
218000197,460,194,266
218000198,37,90,-53
218000199,61,25,36
218000200,54,42,12
218000201,27,12,15
218000202,67,298,-231
218000207,3,12,-9
218000208,27,23,4
218000211,33,26,7
218000213,87,75,12
218000214,6,21,-15
218000215,49,34,15
218000217,6,79,-73
218000218,172,38,134
218000219,9,11,-2
218000220,45,241,-196
218000221,371,154,217
218000222,4,46,-42
218000223,20,253,-233
218000224,9,117,-108
218000225,136,11,125
218000226,164,27,137
218000232,25,34,-9
218000239,131,21,110
218000240,13,11,2
218000241,25,3,22
218000242,20,7,13
218000243,41,5,36
218000244,27,7,20
218000245,12,0,12
218000246,7,0,7
218000247,9,1,8
218000248,0,31,-31
218000249,0,2,-2
218000250,1,14,-13
218000251,1,93,-92
218000252,12,860,-848
218000253,7,572,-565
218000254,0,161,-161
218000255,10,78,-68
218000256,31,177,-146
218000267,334,728,-394
218000268,4,35,-31
218000269,8,7,1
218000270,98,30,68
218000271,2,45,-43
218000273,21,6,15
218000274,17,1,16
218000275,33,56,-23
218000276,13,36,-23
218000278,15,22,-7
218000279,79,23,56
218000280,5,17,-12
218000281,8,18,-10
218000282,414,552,-138
218000284,54,4,50
218000301,77,113,-36
218000302,78,49,29
218000303,17,72,-55
218000316,741,606,135
218000317,1243,586,657
218000318,839,382,457
218000319,892,516,376
218000320,679,384,295
218000338,61,41,20
218000345,49,59,-10
218000346,32,217,-185
218000459,19,167,-148
218000490,23,59,-36
218000501,119,27,92
218000502,53,47,6
218000503,66,23,43
218000504,147,25,122
218000505,42,94,-52
218000506,23,254,-231
218000508,20,4,16
218000510,124,11,113
218000520,109,106,3
218000521,18,31,-13
218000522,1,154,-153
218000523,135,1,134
218000524,13,327,-314
218000525,111,15,96
218000526,12,186,-174
218000529,45,79,-34
218000531,7,11,-4
218000532,30,28,2
218000534,145,24,121
218000537,22,70,-48
218000538,156,204,-48
218000540,165,86,79
218000543,133,32,101
218000544,29,59,-30
218000545,60,36,24
218000546,42,38,4
218000547,75,147,-72
218000548,85,77,8
218000549,351,357,-6
218000550,142,178,-36
218000551,90,657,-567
218000552,236,60,176
218000553,36,120,-84
218000554,23,55,-32
218000555,17,35,-18
218000556,226,132,94
218000557,292,151,141
218000558,47,0,47
218000559,0,52,-52
218000560,0,33,-33
218000561,10,0,10
218000562,21,136,-115
218000563,161,29,132
218000564,10,98,-88
218000565,77,38,39
218000566,82,64,18
218000567,1,125,-124
218000568,39,9,30
218000569,7,241,-234
218000570,96,21,75
218000571,1,102,-101
218000572,133,2,131
218000573,11,354,-343
218000574,61,18,43
218000575,122,1,121
218000576,0,63,-63
218000577,87,0,87
218000578,2,87,-85
218000579,32,16,16
218000581,4,24,-20
218000582,44,1,43
218000583,8,0,8
218000584,0,21,-21
218000585,48,3,45
218000586,11,66,-55
218000587,1,4,-3
218000588,1,5,-4
218000589,0,7,-7
218000590,1,5,-4
218000591,1,7,-6
218000592,3,6,-3
218000593,4,8,-4
218000594,3,0,3
218000597,0,0,0
218000598,0,0,0
218000599,1,1,0
218000600,0,3,-3
218000601,0,1,-1
218000602,0,3,-3
218000603,0,11,-11
218000604,5,0,5
218000605,0,56,-56
218000606,86,0,86
218000607,6,35,-29
218000608,40,22,18
218000609,6,47,-41
218000610,78,6,72
218000611,25,3,22
218000612,0,11,-11
218000613,38,1,37
218000614,1,33,-32
218000615,107,0,107
218000616,5,97,-92
218000617,12,4,8
218000618,1,25,-24
218000619,48,7,41
218000620,6,44,-38
218000621,0,0,0
218000622,0,70,-70
218000623,12,0,12
218000624,0,66,-66
218000625,5,2,3
218000626,2,10,-8
218000628,160,38,122
218000631,28,22,6
218000632,1,82,-81
218000633,90,0,90
218000634,8,34,-26
218000635,4,11,-7
218000636,639,596,43
218000637,878,302,576
218000638,218,23,195
218000639,15,87,-72
218000640,291,18,273
218000641,118,104,14
218000652,41,47,-6
218000653,204,36,168
218000663,9,169,-160
218000675,47,40,7
218000680,149,215,-66
218000681,373,105,268
218000691,171,87,84
218000693,319,81,238
218000718,108,604,-496
218000719,227,440,-213
218000720,9,545,-536
218000721,161,35,126
218001147,3,93,-90
218001214,9,54,-45
218001258,342,3,339
218001329,164,95,69
218001330,91,75,16
218001351,28,30,-2
218001352,13,27,-14
218001353,9,8,1
218001354,5,33,-28
218001355,18,121,-103
218001356,335,30,305
218001357,33,78,-45
218001358,315,24,291
218001361,499,3,496
218001362,2,94,-92
219000001,30,17,13
219000002,35,34,1
219000003,37,22,15
219000004,72,60,12
219000017,51,22,29
219000020,143,52,91
219000022,164,4,160
219000023,140,0,140
219000029,0,57,-57
219000034,39,29,10
219000039,90,52,38
219000040,47,68,-21
219000041,132,17,115
219000051,0,41,-41
219000052,0,13,-13
219000053,0,76,-76
219000055,213,1,212
219000056,7,0,7
219000057,61,0,61
219000062,22,68,-46
219000063,83,8,75
219000064,0,62,-62
219000110,383,79,304
219000111,92,52,40
219000112,145,58,87
219000113,148,72,76
219000114,116,78,38
219000116,94,34,60
219000117,99,37,62
219000118,208,48,160
219000123,192,67,125
219000124,58,31,27
219000125,15,9,6
219000126,76,112,-36
219000127,0,4,-4
219000128,17,102,-85
219000129,27,99,-72
219000130,233,356,-123
219000131,520,721,-201
219000133,49,57,-8
219000134,17,29,-12
219000135,15,63,-48
219000136,120,217,-97
219000138,52,14,38
219000139,41,27,14
219000140,62,1,61
219000141,39,58,-19
219000142,22,36,-14
219000143,14,33,-19
219000145,21,31,-10
219000146,2,22,-20
219000147,4,25,-21
219000148,1,9,-8
219000149,8,33,-25
219000150,4,38,-34
219000151,0,19,-19
219000157,211,97,114
219000158,126,147,-21
219000161,103,10,93
219000163,807,393,414
219000166,135,153,-18
219000167,105,78,27
219000168,205,102,103
219000174,394,105,289
219000175,121,3,118
219000176,165,8,157
219000177,46,3,43
219000178,60,0,60
219000179,25,4,21
219000180,25,18,7
219000182,106,14,92
219000183,65,21,44
219000184,87,10,77
219000185,2,22,-20
219000186,60,6,54
219000187,22,30,-8
219000189,53,161,-108
219000190,54,164,-110
219000191,335,991,-656
219000192,172,145,27
219000193,159,137,22
219000195,0,36,-36
219000196,4,88,-84
219000198,16,52,-36
219000199,47,96,-49
219000200,46,93,-47
219000201,50,102,-52
219000203,19,117,-98
219000204,81,229,-148
219000205,36,138,-102
219000207,87,155,-68
219000209,33,41,-8
219000210,37,52,-15
219000213,9,93,-84
219000239,166,177,-11
219000240,202,223,-21
219000241,116,87,29
219000242,54,85,-31
219000243,54,149,-95
219000244,18,53,-35
219000245,27,30,-3
219000246,21,32,-11
219000247,204,27,177
219000248,488,373,115
219000249,101,109,-8
219000250,134,81,53
219000251,496,235,261
219000252,186,159,27
219000253,484,99,385
219000255,134,107,27
219000256,269,76,193
219000257,88,0,88
219000262,61,69,-8
219000263,55,90,-35
219000267,2,55,-53
219000268,1,4,-3
219000269,11,0,11
219000270,4,0,4
219000271,194,2,192
219000278,0,8,-8
219000279,1,0,1
219000283,1,10,-9
219000295,13,56,-43
219000296,44,269,-225
219000297,6,57,-51
219000298,13,61,-48
219000299,359,54,305
219000300,20,84,-64
219000301,166,267,-101
219000302,29,187,-158
219000307,44,30,14
219000308,49,45,4
219000311,129,61,68
219000312,516,162,354
219000313,349,70,279
219000314,23,169,-146
219000315,280,31,249
219000316,422,47,375
219000317,121,13,108
219000320,0,45,-45
219000321,0,26,-26
219000323,2,46,-44
219000325,2,8,-6
219000326,63,35,28
219000327,35,15,20
219000328,23,49,-26
219000329,258,113,145
219000330,23,19,4
219000331,36,28,8
219000332,160,86,74
219000333,20,9,11
219000335,81,2,79
219000337,19,0,19
219000338,30,1,29
219000344,27,51,-24
219000345,35,30,5
219000346,20,83,-63
219000348,129,42,87
219000349,57,110,-53
219000350,117,204,-87
219000351,5,7,-2
219000352,361,70,291
219000353,97,29,68
219000354,176,51,125
219000355,148,56,92
219000356,594,1273,-679
219000363,176,82,94
219000364,95,52,43
219000365,121,20,101
219000366,205,420,-215
219000368,269,459,-190
219000370,799,593,206
219000371,7,29,-22
219000382,8,28,-20
219000383,369,991,-622
219000385,312,361,-49
219000386,480,1077,-597
219000387,1,16,-15
219000390,3,1,2
219000391,4,1,3
219000397,43,45,-2
219000398,44,41,3
219000401,17,76,-59
219000402,29,60,-31
219000403,149,362,-213
219000404,17,104,-87
219000407,9,25,-16
219000409,40,45,-5
219000410,82,27,55
219000411,55,8,47
219000446,80,211,-131
219000447,0,28,-28
219000448,27,3,24
219000452,84,85,-1
219000453,58,129,-71
219000454,139,295,-156
219000556,254,57,197
219000558,98,92,6
219000590,10,114,-104
219000591,111,67,44
219000592,54,220,-166
219000595,2,11,-9
219000635,195,31,164
219000636,26,45,-19
219000657,8,20,-12
219000658,19,108,-89
219000673,0,17,-17
219000676,12,5,7
219000679,23,10,13
219000684,85,2,83
219000685,1,32,-31
219000686,0,2,-2
219000688,0,43,-43
219000689,16,151,-135
219000690,150,20,130
219000691,27,144,-117
219000692,124,24,100
219000693,0,12,-12
219000694,4,0,4
219000695,49,3,46
219000698,22,0,22
219000699,0,9,-9
219000727,3,93,-90
219000728,131,0,131
219000770,39,2,37
219000771,0,18,-18
219000788,394,279,115
219001150,0,33,-33
219001151,6,3,3
219001166,33,51,-18
219001167,3,65,-62
219001178,49,0,49
220000001,42,72,-30
220000002,6,101,-95
220000003,293,131,162
220000004,275,246,29
220000005,722,1052,-330
220000006,177,454,-277
220000007,334,247,87
220000008,261,470,-209
220000009,232,256,-24
220000010,149,70,79
220000011,329,2788,-2459
220000012,80,205,-125
220000014,104,46,58
220000015,54,231,-177
220000017,45,148,-103
220000018,2722,701,2021
220000019,66,309,-243
220000020,353,184,169
220000021,654,133,521
220000022,793,268,525
220000023,423,133,290
220000024,1247,394,853
220000025,529,993,-464
220000026,215,332,-117
220000027,23,99,-76
220000028,27,52,-25
220000029,43,67,-24
220000030,58,77,-19
220000031,469,255,214
220000064,18,673,-655
221000046,5,1,4
221000047,0,4,-4
221000048,5,6,-1
221000049,0,3,-3
221000050,17,2,15
221000055,40,56,-16
221000068,266,123,143
221000069,302,86,216
221000070,177,31,146
221000071,101,5,96
221000072,166,12,154
221000073,137,43,94
221000074,0,15,-15
221000075,10,30,-20
221000076,5,28,-23
221000077,29,114,-85
221000081,92,6,86
221000082,62,12,50
221000083,17,4,13
221000084,6,1,5
221000085,16,45,-29
221000086,6,88,-82
221000087,2,96,-94
221000088,12,131,-119
221000089,43,145,-102
221000090,87,368,-281
221000098,83,11,72
221000099,205,12,193
221000100,110,7,103
221000101,336,21,315
221000103,3,32,-29
221000104,7,35,-28
221000107,47,10,37
221000108,41,25,16
221000111,23,127,-104
221000112,3,112,-109
221000113,16,102,-86
221000114,7,126,-119
221000120,28,39,-11
221000121,3,54,-51
221000122,31,26,5
221000123,24,13,11
221000124,21,104,-83
221000155,82,14,68
221000156,56,34,22
221000175,2,13,-11
221000176,0,2,-2
221000182,66,6,60
221000241,569,237,332
221000242,97,351,-254
221000243,581,135,446
221000244,300,412,-112
221000245,120,88,32
221000246,69,190,-121
221000247,126,88,38
221000248,129,117,12
221000267,42,434,-392
221000325,76,45,31
221000331,3,42,-39
221000338,19,51,-32
221000378,191,37,154
221000381,57,27,30
222000282,16,2,14
222000296,0,10,-10
222000568,301,15,286
222000569,215,45,170
222000570,125,22,103
222000571,411,13,398
222000577,12,74,-62
222000578,25,106,-81
222000579,41,120,-79
222000580,52,543,-491
222000599,0,96,-96
222000600,0,176,-176
222000601,6,556,-550
222000603,7,45,-38
222000604,4,67,-63
222000605,15,45,-30
222000606,2,37,-35
222000607,6,17,-11
222000608,27,20,7
222000609,45,88,-43
222000616,407,32,375
222000617,17,21,-4
222000618,4,7,-3
222000620,10,28,-18
222000621,43,26,17
222000623,538,6,532
222000624,416,7,409
222000625,556,9,547
222000636,52,3,49
222000686,55,17,38
222000687,60,18,42
222001066,177,1,176
222001067,16,0,16
222001068,57,6,51
222001069,50,9,41
222001082,25,17,8
222001083,17,33,-16
222001084,1,47,-46
222001085,2,95,-93
222001111,50,91,-41
222001112,188,18,170
222001313,12,5,7
222001314,2,85,-83
222001464,281,26,255
222001465,21,73,-52
222001484,116,23,93
222001485,36,29,7
222001494,543,116,427
222001495,90,131,-41
222001496,399,78,321
222001497,87,253,-166
222001502,14,63,-49
222001503,134,41,93
222001504,38,187,-149
222001505,381,23,358
222001506,41,279,-238
222001507,268,19,249
222001510,604,33,571
222001511,42,165,-123
222001514,568,118,450
222001515,158,321,-163
222001518,352,42,310
222001519,52,115,-63
222001527,144,55,89
222001528,17,102,-85
222001529,342,19,323
222001530,68,144,-76
222001533,115,143,-28
222001534,381,66,315
222001535,262,208,54
222001536,45,128,-83
222001537,348,27,321
222001538,59,290,-231
222001563,809,93,716
222001564,36,272,-236
222001568,174,143,31
222001576,0,4,-4
222001579,0,7,-7
222001583,10,61,-51
222001584,66,12,54
222001596,592,919,-327
222001597,1798,371,1427
222001626,1,98,-97
222001650,21,131,-110
222001651,31,308,-277
222001914,192,45,147
222001915,48,116,-68
222001968,494,244,250
222001969,323,351,-28
222001970,106,286,-180
222001971,12,6,6
222001972,2,8,-6
225000001,382,141,241
225000002,527,113,414
225000003,633,64,569
225000004,410,122,288
225000005,59,41,18
225000006,0,144,-144
225000007,734,975,-241
225000010,251,13,238
225000011,216,883,-667
225000012,215,521,-306
225000013,66,131,-65
225000014,624,82,542
225000015,71,98,-27
225000021,630,113,517
225000027,118,273,-155
225000032,519,86,433
225000042,54,388,-334
225000049,53,36,17
225000050,87,16,71
225000053,6,190,-184
225000058,634,167,467
225000067,139,124,15
225000068,77,176,-99
225000069,79,260,-181
225000070,92,162,-70
225000071,39,73,-34
225000075,11,339,-328
225000076,38,85,-47
225000078,54,32,22
225000085,102,135,-33
225000086,181,53,128
225000087,98,13,85
225000088,4,141,-137
225000089,152,683,-531
225000090,26,232,-206
225000091,135,63,72
225000092,17,67,-50
225000093,153,188,-35
225000094,8,138,-130
225000095,297,210,87
225000096,259,315,-56
225000098,662,250,412
225000099,332,125,207
225000100,339,103,236
225000104,89,249,-160
225000110,1,241,-240
225000111,142,572,-430
225000112,226,684,-458
225000113,167,377,-210
225000114,93,180,-87
225000115,784,438,346
225000116,607,156,451
225000117,639,182,457
225000118,924,177,747
225000119,204,56,148
225000120,598,47,551
225000121,229,10,219
225000123,382,12,370
225000125,390,136,254
225000126,585,197,388
225000127,523,1292,-769
225000128,465,796,-331
225000132,311,36,275
225000133,216,32,184
225000134,539,124,415
225000135,41,15,26
225000136,322,16,306
225000137,230,51,179
225000138,346,70,276
225000143,37,130,-93
225000144,2,229,-227
225000145,45,33,12
225000146,56,39,17
225000147,26,119,-93
225000148,0,100,-100
225000149,55,243,-188
225000151,30,82,-52
225000155,395,296,99
225000156,117,610,-493
225000157,218,236,-18
225000158,40,112,-72
225000171,3,107,-104
225000180,44,17,27
225000181,0,61,-61
225000182,58,10,48
225000185,5,270,-265
225000187,36,308,-272
225000191,76,4,72
225000194,0,10,-10
225000208,0,23,-23
225000209,79,15,64
225000210,4,143,-139
225000217,0,13,-13
225000218,8,0,8
225000223,1,68,-67
225000224,30,0,30
225000225,0,18,-18
225000226,16,1,15
225000227,25,58,-33
225000228,16,10,6
225000229,0,46,-46
225000230,37,2,35
225000231,0,42,-42
225000232,180,0,180
225000241,52,1,51
225000242,0,46,-46
225000249,7,0,7
225000250,42,290,-248
225000251,341,30,311
226000042,179,285,-106
226000043,43,189,-146
226000044,86,245,-159
226000045,45,169,-124
226000046,463,70,393
226000047,399,91,308
226000048,396,94,302
226000049,271,149,122
226000070,0,19,-19
226000071,0,76,-76
226000072,0,16,-16
226000073,0,4,-4
226000074,0,7,-7
226000084,3,31,-28
226000085,1,3,-2
226000086,2,17,-15
226000087,1,20,-19
226000088,25,13,12
226000090,299,90,209
226000091,9,28,-19
226000092,16,7,9
226000093,10,7,3
226000094,4,0,4
226000095,10,6,4
226000105,8,2,6
226000106,6,0,6
226000107,4,0,4
226000108,12,0,12
226000109,78,0,78
226000124,103,53,50
226000134,735,316,419
226000135,1288,459,829
226000136,462,339,123
226000137,14,182,-168
226000138,16,112,-96
226000139,1,15,-14
226000156,178,3,175
226000157,203,6,197
226000163,119,129,-10
226000202,8,151,-143
226000231,445,9,436
226000232,33,6,27
227000033,367,61,306
227000036,405,39,366
227000037,301,37,264
227000038,140,49,91
227000049,1,41,-40
227000050,2,51,-49
227000055,97,0,97
227000056,25,1,24
227000084,3,80,-77
227000085,1,47,-46
227000088,41,5,36
227000089,127,2,125
227000090,31,0,31
227000091,32,2,30
227000093,117,1,116
227000094,16,0,16
227000130,25,145,-120
227000131,11,132,-121
227000132,10,117,-107
227000133,14,118,-104
227000134,26,164,-138
227000152,0,17,-17
227000153,0,72,-72
227000155,2,11,-9
227000156,2,18,-16
227000165,3,149,-146
227000196,222,99,123
227000199,347,160,187
227000230,4,110,-106
227000232,255,19,236
227000242,39,348,-309
227000243,394,78,316
227000245,15,177,-162
227000246,90,223,-133
227000247,360,57,303
227000248,164,44,120
227000249,39,96,-57
227000250,298,209,89
227000251,93,221,-128
227000252,27,136,-109
227000253,186,31,155
227000262,403,45,358
227000266,844,27,817
227000267,21,521,-500
227000282,2,42,-40
227000284,396,10,386
227000286,2,33,-31
227000287,11,43,-32
227000291,11,215,-204
227000484,138,8,130
227000485,22,325,-303
227000655,107,3,104
227000656,346,19,327
227000657,50,6,44
227000661,61,10,51
227000680,119,45,74
229000265,12,30,-18
229000296,2,28,-26
229000297,5,19,-14
229000298,5,78,-73
229000320,6,3,3
229000321,24,4,20
229000412,14,41,-27
229000414,5,34,-29
229000415,14,0,14
229000416,2,8,-6
229000417,2,6,-4
229000419,46,232,-186
229000440,275,37,238
229000442,14,1,13
229000443,6,2,4
229000444,3,22,-19
229000445,50,4,46
229000446,32,22,10
229000847,72,1,71
229000848,34,0,34
229000849,110,1,109
229000851,38,0,38
229000854,0,5,-5
229000856,0,35,-35
229000857,0,19,-19
229000858,0,13,-13
229000919,13,45,-32
229000930,1,146,-145
229000937,79,15,64
229000966,74,17,57
229000981,23,26,-3
229000985,12,17,-5
229000986,1,7,-6
229000987,1,2,-1
229000988,4,5,-1
229000989,11,3,8
229000990,0,1,-1
229000991,0,1,-1
229000992,9,3,6
229000993,97,14,83
229000998,10,49,-39
229000999,85,13,72
229001034,1,13,-12
229001035,3,1,2
229001037,59,8,51
229001042,15,14,1
229001047,6,26,-20
229001050,31,37,-6
229001200,17,1,16
229001338,3,8,-5
229001394,177,3,174
229001422,87,17,70
229001423,11,80,-69
229001431,36,42,-6
229001432,33,48,-15
229001444,151,38,113
229001445,12,84,-72
229001503,236,57,179
229001504,97,77,20
229001505,115,30,85
229001506,74,72,2
229001509,34,13,21
229001545,113,12,101
229001546,7,55,-48
229001553,72,16,56
229001554,21,55,-34
229001559,5,6,-1
229001560,13,22,-9
229001630,41,8,33
229001631,5,21,-16
229001635,0,8,-8
229001636,2,0,2
229001658,0,50,-50
229001659,53,1,52
229001660,6,5,1
229001661,4,16,-12
229001662,21,12,9
229001663,0,6,-6
229002584,160,131,29
229002831,104,97,7
229002841,8,24,-16
229002842,9,12,-3
229002843,38,11,27
229002844,26,29,-3
229002845,11,83,-72
229002846,26,13,13
229002847,1,7,-6
229002848,4,9,-5
229002849,0,108,-108
229002850,7,2,5
229002851,38,174,-136
229002852,139,12,127
229002853,109,11,98
229002854,24,55,-31
229002855,3,28,-25
229002856,27,19,8
229002857,10,171,-161
229002858,18,4,14
229002859,17,136,-119
229002860,155,10,145
229002861,43,17,26
229002862,26,11,15
229002863,23,15,8
229002864,22,14,8
229002865,13,6,7
229002866,8,12,-4
229002867,1,15,-14
229002868,11,8,3
229002869,14,95,-81
229002870,53,17,36
235000066,228,38,190
235000067,75,55,20
235000072,16,47,-31
235000073,74,226,-152
235000074,43,22,21
235000080,21,69,-48
235000081,89,58,31
235000082,273,28,245
235000083,191,35,156
235000084,33,41,-8
235000085,212,27,185
235000089,27,26,1
235000092,43,102,-59
235000093,3,24,-21
235000097,3,6,-3
235000098,35,7,28
235000099,37,11,26
235000116,37,5,32
235000117,348,9,339
235000133,12,453,-441
235000134,7,176,-169
235000206,15,5,10
235000207,4,6,-2
235000208,2,1,1
235000209,6,1,5
235000210,4,0,4
235000212,2,23,-21
235000213,2,14,-12
235000220,2,7,-5
235000221,44,20,24
235000238,12,147,-135
235000239,1,25,-24
235000242,324,813,-489
235000245,465,139,326
235000246,16,62,-46
235000284,8,184,-176
235000295,102,8,94
235000305,226,17,209
235000306,270,13,257
235000307,10,3,7
235000308,13,0,13
235000309,64,0,64
235000310,19,0,19
235000311,33,10,23
235000322,0,26,-26
235000323,0,38,-38
235000324,0,30,-30
235000325,0,14,-14
235000326,8,97,-89
235000351,3,77,-74
235000352,6,43,-37
235000353,11,42,-31
235000354,8,72,-64
235000355,4,77,-73
235000356,50,2,48
235000357,33,11,22
235000358,84,25,59
235000359,27,16,11
235000360,40,11,29
235000361,68,2,66
235000381,78,67,11
235000382,162,10,152
235000390,9,2,7
235000391,174,9,165
235000392,192,222,-30
235000393,144,137,7
235000395,115,38,77
235000396,457,56,401
235000400,48,78,-30
235000401,14,87,-73
235000405,54,140,-86
235000406,44,130,-86
235000407,49,47,2
235000409,165,86,79
235000410,43,127,-84
235000411,1,32,-31
235000485,0,8,-8
235000486,3,0,3
235000549,95,62,33
235000550,91,88,3
235000599,149,35,114
235000600,3,10,-7
235000601,15,27,-12
235000602,67,25,42
235000614,4,4,0
235000648,0,8,-8
235000649,24,2,22
235000685,1,6,-5
235000815,36,360,-324
235000834,0,15,-15
235000855,50,28,22
235000862,43,52,-9
235000891,0,11,-11
235000892,21,1,20
235000901,64,84,-20
235000907,9,18,-9
235001010,63,38,25
235001029,290,229,61
235001030,350,174,176
235001078,76,78,-2
235001079,50,53,-3
235001147,30,38,-8
235001166,16,32,-16
235001167,49,17,32
235001169,33,457,-424
235001188,1,11,-10
235001189,13,0,13
235001197,13,28,-15
235001200,38,47,-9
235001207,397,36,361
235001210,101,89,12
235001215,21,114,-93
235001239,2,38,-36
235001244,0,4,-4
235016267,0,52,-52
277102712,3,0,3
277103813,0,0,0
277103814,0,0,0
277104249,0,0,0
277104250,0,2,-2
277104251,0,9,-9
277104252,0,0,0
990011530,0,105,-105
990014944,1,257,-256
990015176,15,7,8
990015618,12,102,-90
990016032,0,153,-153
990032570,0,22,-22
990070001,64,1,63
990070103,0,6,-6
990070601,1,40,-39
990070751,877,4,873
990070766,0,236,-236
990071180,430,115,315
990071343,10,3,7
990071387,7,16,-9
990071823,14,1,13
990072600,6,1306,-1300
990072964,1,270,-269
990073285,0,2,-2
990074393,1,392,-391
990074870,1375,9,1366
990075106,817,5,812
990075746,581,28,553
990076437,1258,7,1251
990076458,0,283,-283
997000007,493,40,453
997000041,1,96,-95
997000058,33,1,32
997000062,43,33,10
997000069,0,3,-3
997000070,0,10,-10
997000100,35,0,35
997000141,3,1115,-1112
997000198,73,1452,-1379
998000475,1,16,-15
998000736,0,68,-68
998000965,0,12,-12
998001031,0,59,-59
998001700,0,5,-5
998001899,0,0,0
998001900,4,3,1
998003073,755,1,754
998101900,0,0,0
998102850,0,222,-222
998501927,533,1157,-624
998501929,72,3,69
998501930,31,11,20
998501931,103,3,100
998501932,3,0,3
998501933,26,1,25
998501937,17,6,11
998501944,6,0,6
998501950,0,12,-12
998501970,69,2,67
998501971,0,50,-50
998501973,0,27,-27
998501974,0,195,-195
998501975,107,23,84
998501976,180,0,180
998501977,0,15,-15
998501978,15,13,2
998501979,0,6,-6
998501980,63,1,62
998501981,40,1,39
998501982,0,76,-76
998501983,0,4,-4
998502006,0,0,0
998502024,0,6,-6
998502032,0,3,-3
998502062,20,1,19
998502063,0,0,0
998502173,25,0,25
998502269,0,0,0
998502546,1,158,-157
998502578,0,4,-4
998502599,34,293,-259
998502621,0,0,0
998601159,2,60,-58
998601292,0,9,-9
999033574,1,167,-166
999800001,36,25,11
999800002,0,2,-2
999800003,1,1,0
999800004,0,0,0
999800005,0,6,-6
