ID,insum,outsum,diff
100000001,610,407,203
100000002,1221,441,780
100000003,4678,1852,2826
100000004,1472,559,913
100000005,1419,2127,-708
100000006,357,84,273
100000007,1060,335,725
100000008,161,429,-268
100000009,137,131,6
100000010,28,36,-8
100000011,549,72,477
100000012,95,703,-608
100000013,52,153,-101
100000014,305,266,39
100000015,1153,945,208
100000016,1029,1017,12
100000017,620,814,-194
100000018,1240,429,811
100000019,4400,1308,3092
100000020,1491,2560,-1069
100000021,5594,1683,3911
100000022,1262,703,559
100000023,5269,657,4612
100000025,2256,381,1875
100000028,1487,602,885
100000029,286,185,101
100000030,462,19,443
100000031,4351,3834,517
100000032,2180,2109,71
100000033,538,1328,-790
100000034,623,262,361
100000035,1563,544,1019
100000036,2545,659,1886
100000037,377,359,18
100000038,994,690,304
100000039,518,142,376
100000040,111,93,18
100000041,558,272,286
100000042,494,306,188
100000043,584,260,324
100000044,413,651,-238
100000045,506,1153,-647
100000046,608,1153,-545
100000047,285,789,-504
100000048,420,510,-90
100000049,1569,2433,-864
100000051,382,1059,-677
100000053,12,4,8
100000054,175,17,158
100000055,434,203,231
100000056,211,500,-289
100000057,1226,732,494
100000058,737,1271,-534
100000059,3,109,-106
100000060,221,257,-36
100000061,1370,420,950
100000062,1223,373,850
100000063,300,199,101
100000064,611,292,319
100000065,434,1058,-624
100000066,154,949,-795
100000067,285,906,-621
100000068,471,1568,-1097
100000069,285,1708,-1423
100000072,433,850,-417
100000073,839,1120,-281
100000075,502,262,240
100000076,1858,1223,635
100000077,535,124,411
100000078,64,32,32
100000079,21,23,-2
100000080,14,12,2
100000081,111,22,89
100000102,2230,1017,1213
100000103,3281,511,2770
100000104,4602,812,3790
100000105,3326,422,2904
100000106,2036,1051,985
100000107,619,327,292
100000108,899,824,75
100000109,2983,905,2078
100000116,1393,412,981
100000117,28,19,9
100000118,961,635,326
100000119,476,398,78
100000121,179,500,-321
100000122,819,582,237
100000123,3196,3384,-188
100000124,5707,4403,1304
100000125,2398,531,1867
100000126,572,169,403
100000127,1420,268,1152
100000128,569,635,-66
100000129,440,312,128
100000130,306,543,-237
100000131,2868,1920,948
100000132,1315,1324,-9
100000133,6688,2030,4658
100000135,343,552,-209
100000139,203,241,-38
100000140,186,243,-57
100000142,299,484,-185
100000143,1642,851,791
100000144,3748,834,2914
100000147,838,1692,-854
100000150,8,371,-363
100000151,523,451,72
100000153,291,171,120
100000154,84,63,21
100000155,6,33,-27
100000156,58,60,-2
100000157,24,330,-306
100000158,77,117,-40
100000159,351,299,52
100000165,919,549,370
100000169,723,299,424
100000174,1456,342,1114
100000179,61,556,-495
100000180,1139,1021,118
100000181,113,220,-107
100000188,76,290,-214
100000189,527,214,313
100000190,432,269,163
100000191,512,338,174
100000192,80,60,20
100000193,120,149,-29
100000330,1863,399,1464
100000355,113,448,-335
100000362,4336,2960,1376
100000363,1739,2630,-891
100000364,343,120,223
100000365,2879,5597,-2718
100000366,3352,1756,1596
100000367,2138,3089,-951
100000368,1788,1503,285
100000369,795,855,-60
100000370,93,337,-244
100000376,74,73,1
100000379,2339,774,1565
100000380,3089,1322,1767
100000384,4558,1938,2620
100000385,5257,2352,2905
100000386,8352,2548,5804
100000387,6755,2781,3974
100000388,8850,2812,6038
100000389,8401,2928,5473
100000390,8533,2119,6414
100000391,5838,2733,3105
100000392,3163,957,2206
100000393,1444,980,464
100000394,5895,2392,3503
100000395,2872,988,1884
100000396,4688,1247,3441
100000397,2358,1315,1043
100000398,8990,5949,3041
100000413,18,7,11
100900002,1,37,-36
100900003,179,63,116
100900004,13,546,-533
100900005,76,8,68
100900006,3,208,-205
100900007,444,6,438
100900008,2,403,-401
100900009,9,33,-24
100900010,21,150,-129
100900011,46,289,-243
100900012,2,229,-227
100900013,337,9,328
100900014,2,3,-1
100900015,93,63,30
100900016,0,41,-41
100900017,341,43,298
100900018,0,15,-15
100900019,8,45,-37
100900020,203,2,201
100900021,197,0,197
100900022,11,9,2
100900023,0,14,-14
100900024,743,3,740
100900025,17,12,5
100900026,61,132,-71
100900027,361,1236,-875
100900028,63,112,-49
100900029,82,8,74
100900030,5,9,-4
100900031,184,43,141
100900032,71,0,71
100900033,183,83,100
100900034,186,1,185
100900035,616,0,616
100900036,21,0,21
100900037,16,282,-266
100900038,41,9,32
100900039,606,787,-181
100900040,132,854,-722
100900041,355,932,-577
100900042,386,144,242
100900043,0,8,-8
100900044,2292,289,2003
100900045,47,0,47
100900046,444,4,440
100900047,802,86,716
100900048,60,3,57
100900049,74,206,-132
100900050,0,17,-17
100900051,72,49,23
100900052,78,15,63
100900053,165,53,112
100900054,6,126,-120
100900055,136,303,-167
100900056,51,190,-139
100900057,319,436,-117
100900058,107,26,81
100900059,26,0,26
100900060,48,5,43
100900061,311,172,139
100900062,4,46,-42
100900063,88,243,-155
100900064,375,15,360
100900065,69,52,17
100900066,41,62,-21
100900067,1,6,-5
100900068,63,136,-73
100900069,322,1,321
100900070,170,18,152
100900071,603,185,418
100900072,0,57,-57
100900073,59,443,-384
100900074,1,9,-8
100900075,1791,191,1600
100900076,30,40,-10
100900077,4,170,-166
100900078,58,132,-74
100900079,15,37,-22
100900080,8,187,-179
100900081,19,70,-51
100900082,58,806,-748
100900083,1,23,-22
100900085,7,33,-26
100900086,105,356,-251
100900088,45,704,-659
100900089,14,28,-14
100900090,39,228,-189
100900091,0,15,-15
100900092,97,93,4
100900093,71,159,-88
100900094,58,624,-566
100900095,0,29,-29
100900096,17,43,-26
100900097,1,3,-2
100900098,6,13,-7
100900099,22,488,-466
100900100,4,197,-193
100900101,320,20,300
100900102,1,20,-19
100900103,6,13,-7
100900104,15,113,-98
100900105,7,61,-54
100900106,36,2,34
100900107,1254,378,876
100900108,0,3,-3
100900109,2,20,-18
100900110,0,35,-35
100900111,56,110,-54
100900112,0,12,-12
100900113,10,32,-22
100900114,2,12,-10
100900115,0,23,-23
100900116,582,283,299
100900117,159,500,-341
100900118,7,50,-43
100900119,5,30,-25
100900120,1,33,-32
100900121,161,222,-61
100900122,119,159,-40
100900123,75,86,-11
100900124,10,6,4
100900125,11,72,-61
100900126,85,143,-58
100900127,0,3,-3
100900128,36,83,-47
100900129,1,43,-42
100900131,49,111,-62
100900133,21,29,-8
100900134,1,3,-2
100900135,0,71,-71
100900137,221,154,67
100900138,362,212,150
100900139,1,3,-2
100900140,2,732,-730
100900141,0,222,-222
100900142,0,4,-4
100900143,741,256,485
100900144,4,4,0
100900145,29,118,-89
100900146,2,27,-25
100900147,12,169,-157
100900148,35,1016,-981
100900149,9,85,-76
100900150,9,13,-4
100900151,87,437,-350
100900152,92,4,88
100900153,4,96,-92
100900154,0,17,-17
100900155,1,7,-6
100900156,18,1,17
100900157,5,76,-71
100900159,1,13,-12
100900160,5,15,-10
100900161,104,1,103
100900162,13,140,-127
100900163,154,151,3
100900164,33,34,-1
100900165,14,48,-34
100900166,25,3,22
100900167,11,87,-76
100900168,24,77,-53
100900169,161,799,-638
100900170,26,11,15
100900171,19,550,-531
100900172,0,8,-8
100900173,3,435,-432
100900174,219,57,162
100900176,992,69,923
100900177,762,170,592
100900178,321,70,251
100900179,66,28,38
100900180,1,1,0
100900181,79,30,49
100900182,44,26,18
100900184,5,155,-150
100900186,827,395,432
100900187,11,153,-142
100900188,32,7,25
100900189,483,101,382
100900191,865,402,463
100900192,245,162,83
100900195,67,86,-19
100900197,11,115,-104
100900198,10,248,-238
100900199,11,9,2
100900200,483,343,140
100900201,27,610,-583
100900202,8,0,8
100900203,0,70,-70
100900204,113,89,24
100900205,85,294,-209
100900206,63,40,23
100900207,135,86,49
100900210,61,690,-629
100900211,190,63,127
100900213,36,11,25
100900214,750,51,699
100900215,6,40,-34
100900217,129,32,97
101000001,3863,2120,1743
101000002,3229,2762,467
101000003,634,1178,-544
101000004,7581,5469,2112
101000005,4155,3530,625
101000006,6040,5133,907
101000007,1765,2085,-320
101000008,2838,2191,647
101000009,1160,2021,-861
101000010,703,1190,-487
101000011,1685,486,1199
101000012,1715,406,1309
101000013,460,764,-304
101000014,527,555,-28
101000015,746,734,12
101000016,317,255,62
101000017,346,341,5
101000018,3620,2003,1617
101000020,3493,921,2572
101000021,1037,156,881
101000022,271,59,212
101000023,1384,557,827
101000025,105,185,-80
101000026,340,19,321
101000027,1236,1213,23
101000028,728,137,591
101000029,28,500,-472
101000030,656,43,613
101000031,398,81,317
101000032,4992,1433,3559
101000033,2192,1371,821
101000034,2467,754,1713
101000035,1071,213,858
101000036,1664,331,1333
101000037,4741,840,3901
101000039,3009,901,2108
101000040,3998,2233,1765
101000041,12712,2204,10508
101000042,724,423,301
101000043,8925,1917,7008
101000045,1661,213,1448
101000046,1979,442,1537
101000047,990,734,256
101000048,652,740,-88
101000049,595,560,35
101000050,1875,546,1329
101000051,2400,856,1544
101000052,1610,340,1270
101000053,813,1042,-229
101000054,1435,1121,314
101000055,1234,671,563
101000056,53,60,-7
101000057,2705,468,2237
101000058,1927,549,1378
101000059,3407,1287,2120
101000060,1833,191,1642
101000061,1013,795,218
101000062,982,284,698
101000063,483,428,55
101000064,1264,258,1006
101000065,221,229,-8
101000066,355,148,207
101000067,741,254,487
101000068,394,132,262
101000069,336,38,298
101000070,1598,778,820
101000071,1766,696,1070
101000072,864,2638,-1774
101000073,583,392,191
101000074,3669,2275,1394
101000075,5291,3289,2002
101000077,917,1221,-304
101000078,757,1429,-672
101000079,392,671,-279
101000080,504,470,34
101000081,1024,1017,7
101000082,3184,2289,895
101000083,1547,1332,215
101000084,1216,1146,70
101000085,1334,813,521
101000086,1151,1049,102
101000087,891,1144,-253
101000088,812,771,41
101000089,677,1113,-436
101000090,1987,1441,546
101000091,295,1744,-1449
101000092,702,942,-240
101000093,1218,711,507
101000094,513,1045,-532
101000095,239,708,-469
101000096,209,551,-342
101000097,257,290,-33
101000098,332,391,-59
101000099,730,979,-249
101000100,862,484,378
101000101,353,301,52
101000102,742,219,523
101000103,750,271,479
101000104,232,258,-26
101000105,811,168,643
101000106,671,378,293
101000107,155,355,-200
101000108,1276,271,1005
101000109,101,67,34
101000110,33,565,-532
101000111,67,164,-97
101000113,97,355,-258
101000114,2997,781,2216
101000115,67,112,-45
101000116,118,109,9
101000117,518,257,261
101000119,154,20,134
101000120,223,12,211
101000121,70,16,54
101000122,60,21,39
101000123,39,39,0
101000124,132,369,-237
101000125,180,331,-151
101000128,854,348,506
101000130,192,248,-56
101000131,405,705,-300
101000132,354,1640,-1286
101000135,53,6,47
101000136,197,111,86
101000137,30,136,-106
101000141,2117,1244,873
101000147,805,607,198
101000148,2356,13,2343
101000149,138,102,36
101000150,15,1057,-1042
101000151,116,66,50
101000152,300,253,47
101000153,493,367,126
101000154,128,1574,-1446
101000155,118,153,-35
101000156,18,200,-182
101000157,28,19,9
101000160,41,58,-17
101000163,132,64,68
101000164,523,329,194
101000165,176,330,-154
101000166,202,319,-117
101000168,550,300,250
101000252,1006,653,353
101000254,484,22,462
101000258,49,9,40
101000261,49,195,-146
101000262,599,761,-162
101000263,161,383,-222
101000265,44,456,-412
101000266,297,188,109
101000269,113,6,107
101000290,1511,1544,-33
101000293,33,89,-56
101000294,363,457,-94
101000295,140,403,-263
101000301,736,155,581
101000304,1556,1866,-310
101000305,2105,1345,760
101000328,71,288,-217
101900001,13,76,-63
101900002,0,8,-8
101900003,97,103,-6
101900004,14,28,-14
101900005,4613,859,3754
101900006,623,12,611
101900007,313,28,285
101900008,126,176,-50
101900009,44,301,-257
101900010,864,380,484
101900011,244,1039,-795
101900012,72,216,-144
101900013,1166,110,1056
101900017,20,99,-79
101900018,1519,149,1370
101900019,274,91,183
101900020,88,73,15
101900021,1,44,-43
101900022,68,1303,-1235
101900023,41,313,-272
101900026,80,33,47
101900027,8,96,-88
102000001,1978,3276,-1298
102000002,2329,1158,1171
102000003,3099,3673,-574
102000004,7883,2162,5721
102000005,1138,1649,-511
102000006,1482,1328,154
102000007,1236,3024,-1788
102000008,4794,1523,3271
102000009,4428,5498,-1070
102000010,5116,3043,2073
102000011,1906,1617,289
102000012,2869,3007,-138
102000018,2909,1950,959
102000019,2405,1170,1235
102000026,197,512,-315
102000029,317,137,180
102000030,55,225,-170
102000031,27,231,-204
102000032,195,357,-162
102000033,127,430,-303
102000034,383,331,52
102000035,803,525,278
102000036,4,238,-234
102000037,122,75,47
102000038,171,70,101
102000039,170,54,116
102000040,538,82,456
102000041,130,166,-36
102000042,136,58,78
102000043,289,133,156
102000044,343,457,-114
102000045,553,1005,-452
102000046,664,386,278
102000047,488,1031,-543
102000048,133,612,-479
102000049,690,482,208
102000050,770,920,-150
102000051,350,505,-155
102000052,912,721,191
102000053,540,709,-169
102000054,247,818,-571
102000055,519,1078,-559
102000056,380,1424,-1044
102000057,883,437,446
102000058,803,2072,-1269
102000059,984,1340,-356
102000060,827,765,62
102000061,896,2508,-1612
102000062,842,1228,-386
102000063,1017,1243,-226
102000064,382,471,-89
102000065,38,91,-53
102000066,804,933,-129
102000067,1653,2336,-683
102000068,8871,2491,6380
102000069,26,1947,-1921
102000070,2032,49,1983
102000071,6750,8130,-1380
102000072,2615,4851,-2236
102000073,428,1083,-655
102000074,371,776,-405
102000075,155,313,-158
102000076,161,386,-225
102000077,231,1341,-1110
102000078,533,822,-289
102000079,80,291,-211
102000080,126,184,-58
102000081,214,828,-614
102000082,585,244,341
102000083,259,725,-466
102000084,110,396,-286
102000085,1359,1315,44
102000086,829,1139,-310
102000087,568,2179,-1611
102000088,178,224,-46
102000089,772,401,371
102000090,361,1086,-725
102000091,1055,381,674
102000092,408,716,-308
102000093,578,531,47
102000094,826,459,367
102000095,724,773,-49
102000096,717,509,208
102000097,657,623,34
102000098,493,564,-71
102000099,537,389,148
102000100,897,610,287
102000101,935,284,651
102000102,266,1561,-1295
102000103,922,268,654
102000104,853,309,544
102000105,165,791,-626
102000106,476,778,-302
102000107,576,560,16
102000108,355,205,150
102000109,246,544,-298
102000110,403,1581,-1178
102000111,5,316,-311
102000112,117,75,42
102000113,12,35,-23
102000114,953,359,594
102000115,182,151,31
102000116,336,227,109
102000117,193,402,-209
102000118,1316,812,504
102000119,2469,473,1996
102000120,105,436,-331
102000121,758,498,260
102000122,293,723,-430
102000123,1299,784,515
102000124,733,777,-44
102000125,736,628,108
102000126,499,528,-29
102000127,811,649,162
102000128,407,849,-442
102000129,772,895,-123
102000130,360,504,-144
102000131,923,584,339
102000132,331,431,-100
102000133,936,2100,-1164
102000134,453,618,-165
102000135,808,551,257
102000136,893,365,528
102000137,931,611,320
102000138,236,350,-114
102000139,91,328,-237
102000140,292,185,107
102000141,102,400,-298
102000142,144,386,-242
102000143,65,489,-424
102000144,82,379,-297
102000145,236,410,-174
102000146,209,299,-90
102000147,282,276,6
102000148,224,242,-18
102000149,115,582,-467
102000150,151,188,-37
102000151,86,351,-265
102000152,70,126,-56
102000153,694,246,448
102000154,262,518,-256
102000155,73,180,-107
102000156,350,23,327
102000157,86,111,-25
102000158,372,236,136
102000159,1409,262,1147
102000161,4255,1234,3021
102000162,155,88,67
102000163,60,303,-243
102000164,1118,724,394
102000165,205,104,101
102000166,19,74,-55
102000167,164,181,-17
102000168,200,77,123
102000169,61,398,-337
102000170,486,132,354
102000171,99,59,40
102000172,54,161,-107
102000173,248,199,49
102000174,39,40,-1
102000175,74,109,-35
102000176,22,32,-10
102000178,254,538,-284
102000179,234,231,3
102000180,419,589,-170
102000181,303,579,-276
102000182,347,751,-404
102000183,991,1906,-915
102000184,1020,795,225
102000185,1432,1631,-199
102000186,587,1683,-1096
102000187,527,1728,-1201
102000188,492,1332,-840
102000189,2375,793,1582
102000190,372,1691,-1319
102000191,1115,534,581
102000192,678,876,-198
102000193,37,178,-141
102000194,57,126,-69
102000195,287,701,-414
102000196,83,551,-468
102000197,335,573,-238
102000198,111,905,-794
102000199,433,399,34
102000200,237,1370,-1133
102000201,370,487,-117
102000202,0,148,-148
102000203,157,245,-88
102000204,208,899,-691
102000205,446,629,-183
102000206,434,688,-254
102000207,843,410,433
102000208,290,514,-224
102000209,24,40,-16
102000210,172,492,-320
102000211,333,412,-79
102000212,80,22,58
102000213,3,341,-338
102000214,121,5,116
102000215,1,576,-575
102000216,16,25,-9
102000217,6,196,-190
102000218,67,118,-51
102000219,330,336,-6
102000225,716,683,33
102000226,3261,674,2587
102000227,115,3,112
102000228,0,108,-108
102000229,21,17,4
102000230,257,684,-427
102000231,215,349,-134
102000232,9,153,-144
102000233,279,594,-315
102000234,72,1062,-990
102000236,192,61,131
102000237,552,135,417
102000238,161,296,-135
102000240,591,414,177
102000241,157,99,58
102000243,8,44,-36
102000245,40,128,-88
102000246,29,30,-1
102000247,1813,932,881
102000248,800,826,-26
102000249,73,174,-101
102000250,32,433,-401
102000254,67,418,-351
102000266,46,158,-112
102000271,12,1,11
102000286,410,307,103
102000297,1215,655,560
102000301,0,0,0
102000303,0,1,-1
102000307,0,4,-4
102900001,997,956,41
102900002,196,11,185
102900003,22,296,-274
102900005,163,379,-216
102900006,418,205,213
102900007,203,25,178
102900008,193,103,90
102900009,420,175,245
102900010,434,475,-41
102900011,1756,226,1530
102900012,253,40,213
102900013,9,102,-93
102900015,603,160,443
102900016,22,127,-105
102900017,88,620,-532
102900018,20,186,-166
102900019,220,422,-202
102900020,68,48,20
102900021,14,94,-80
102900022,431,71,360
102900023,22,38,-16
102900024,17,38,-21
102900025,251,101,150
102900026,487,1137,-650
102900027,14,52,-38
102900028,79,343,-264
102900029,139,79,60
102900030,238,173,65
102900031,132,144,-12
102900032,21,94,-73
102900033,88,193,-105
102900034,186,137,49
102900035,68,428,-360
102900036,163,548,-385
102900037,107,708,-601
102900038,339,620,-281
102900039,78,292,-214
102900040,77,183,-106
102900041,50,155,-105
102900042,84,341,-257
102900043,81,250,-169
102900044,391,1805,-1414
102900045,59,460,-401
102900046,73,301,-228
102900047,55,590,-535
102900048,431,696,-265
102900049,88,316,-228
102900050,211,334,-123
102900051,160,174,-14
102900053,293,597,-304
102900054,682,640,42
102900055,42,72,-30
102900056,144,445,-301
102900057,3,30,-27
102900058,209,47,162
102900059,17,48,-31
102900060,57,392,-335
102900061,98,445,-347
102900062,92,1192,-1100
102900063,505,428,77
102900064,102,281,-179
102900065,1616,477,1139
102900066,234,39,195
102900068,108,69,39
102900070,107,656,-549
102900072,19,25,-6
102900073,101,8,93
102900075,16,26,-10
102900076,265,45,220
102900077,26,22,4
102900078,46,61,-15
102900079,114,3,111
102900080,183,14,169
102900081,65,208,-143
102900082,3,214,-211
102900083,282,12,270
102900084,10,34,-24
102900085,190,70,120
102900086,3,40,-37
102900087,35,61,-26
102900088,11,28,-17
102900089,218,80,138
102900090,0,426,-426
102900091,56,0,56
102900092,143,931,-788
102900094,13,44,-31
102900095,108,5,103
102900096,20,12,8
102900097,30,142,-112
103000001,1934,2267,-333
103000002,1724,1863,-139
103000003,2580,2219,361
103000004,942,583,359
103000005,1876,2077,-201
103000006,566,1225,-659
103000007,442,836,-394
103000008,743,1152,-409
103000009,639,790,-151
103000010,104,100,4
103000011,1665,974,691
103000012,786,1193,-407
103000013,5389,1861,3528
103000014,1153,1418,-265
103000015,2633,865,1768
103000016,494,846,-352
103000017,139,291,-152
103000018,909,375,534
103000019,165,153,12
103000020,1668,1124,544
103000021,1222,1465,-243
103000022,1027,991,36
103000023,466,1055,-589
103000024,141,172,-31
103000025,52,340,-288
103000026,1634,127,1507
103000027,222,414,-192
103000028,708,382,326
103000029,370,191,179
103000030,1805,532,1273
103000031,1442,1145,297
103000032,1650,1698,-48
103000033,2081,1988,93
103000034,1216,815,401
103000035,363,842,-479
103000036,397,424,-27
103000037,572,407,165
103000038,446,692,-246
103000039,211,516,-305
103000040,166,1033,-867
103000041,1398,3011,-1613
103000042,629,722,-93
103000043,262,1215,-953
103000044,147,247,-100
103000046,174,380,-206
103000047,408,577,-169
103000048,97,156,-59
103000049,70,201,-131
103000050,585,704,-119
103000051,292,515,-223
103000052,697,431,266
103000053,140,449,-309
103000054,1698,1132,566
103000055,1179,1641,-462
103000056,504,2744,-2240
103000057,399,316,83
103000058,310,874,-564
103000059,212,652,-440
103000060,537,848,-311
103000061,287,775,-488
103000062,858,855,3
103000063,558,580,-22
103000064,92,247,-155
103000065,2,317,-315
103000066,102,2,100
103000069,140,286,-146
103000070,544,1233,-689
103000071,599,317,282
103000072,71,953,-882
103000073,313,94,219
103000074,420,61,359
103000075,110,778,-668
103000076,210,188,22
103000077,67,318,-251
103000078,1355,359,996
103000079,1368,383,985
103000080,1149,187,962
103000081,506,718,-212
103000082,295,128,167
103000083,76,332,-256
103000084,152,10,142
103000085,4,95,-91
103000086,741,291,450
103000087,75,280,-205
103000088,313,271,42
103000089,208,271,-63
103000090,1555,965,590
103000091,516,347,169
103000092,213,273,-60
103000093,281,520,-239
103000094,181,100,81
103000095,8,363,-355
103000096,841,66,775
103000097,40,600,-560
103000098,889,101,788
103000099,306,467,-161
103000100,69,865,-796
103000101,432,120,312
103000102,108,625,-517
103000103,469,213,256
103000104,52,165,-113
103000105,103,125,-22
103000106,4,87,-83
103000107,201,39,162
103000108,588,470,118
103000109,406,311,95
103000110,332,386,-54
103000111,446,226,220
103000112,273,207,66
103000113,549,470,79
103000114,712,275,437
103000115,452,534,-82
103000116,324,503,-179
103000117,236,466,-230
103000118,1172,1074,98
103000119,1915,737,1178
103000120,51,87,-36
103000121,467,583,-116
103000122,336,226,110
103000125,6,497,-491
103000126,294,7,287
103000127,5,300,-295
103000128,106,4,102
103000129,2,174,-172
103000130,28,15,13
103000131,241,105,136
103000132,58,123,-65
103000133,8,173,-165
103000134,767,492,275
103000135,707,215,492
103000136,732,336,396
103000137,522,521,1
103000138,767,639,128
103000139,0,65,-65
103000140,162,29,133
103000141,21,114,-93
103000142,145,71,74
103000143,25,153,-128
103000144,154,66,88
103000145,9,23,-14
103000150,50,47,3
103000152,364,201,163
103000153,156,131,25
103000156,2,615,-613
103000157,168,2,166
103000159,135,115,20
103000162,97,19,78
103000163,8,20,-12
103000164,36,19,17
103000165,149,487,-338
103000166,146,161,-15
103000167,112,102,10
103000168,53,147,-94
103000169,167,275,-108
103000170,353,434,-81
103000171,38,58,-20
103000172,179,321,-142
103000173,232,807,-575
103000174,110,305,-195
103000175,157,508,-351
103000176,669,298,371
103000177,666,421,245
103000178,337,279,58
103000179,77,22,55
103000183,81,68,13
103000185,44,81,-37
103000186,58,143,-85
103000187,205,823,-618
103000188,6,66,-60
103000189,633,933,-300
103000191,597,732,-135
103000292,2216,701,1515
103000293,1292,1006,286
103000295,126,59,67
103000296,178,3,175
103000297,37,11,26
103000504,15,13,2
103000505,10,13,-3
103000506,1,202,-201
103000507,109,2,107
103000508,56,21,35
103000509,229,527,-298
103900001,4,392,-388
103900002,1797,137,1660
103900003,1595,79,1516
103900004,22,1,21
103900005,2,226,-224
103900006,3,1,2
103900007,22,0,22
103900008,13,0,13
103900009,147,265,-118
103900010,115,235,-120
103900011,104,249,-145
103900012,5,14,-9
103900013,44,68,-24
103900014,22,30,-8
103900015,20,17,3
103900016,235,234,1
103900017,14,71,-57
103900018,683,138,545
103900019,48,182,-134
103900020,132,303,-171
103900021,711,46,665
103900022,739,559,180
103900023,49,3,46
103900024,88,530,-442
103900025,2,28,-26
103900026,63,0,63
103900027,425,307,118
103900028,9,215,-206
103900029,699,126,573
103900030,124,28,96
103900031,7,0,7
103900032,50,26,24
103900033,59,1,58
103900034,6,294,-288
103900035,36,59,-23
103900036,30,14,16
103900037,24,34,-10
103900038,68,94,-26
103900039,14,422,-408
103900040,7,185,-178
103900041,12,22,-10
103900042,15,507,-492
103900043,75,116,-41
103900044,155,145,10
103900045,126,179,-53
103900047,42,27,15
103900048,38,19,19
103900049,253,1103,-850
103900050,2,69,-67
103900051,1,28,-27
103900052,105,618,-513
103900053,93,975,-882
103900054,29,654,-625
103900055,255,252,3
103900056,29,58,-29
103900057,13,259,-246
103900058,92,695,-603
103900059,0,2,-2
103900060,33,203,-170
103900061,60,62,-2
103900062,115,55,60
103900063,0,0,0
103900064,47,2,45
103900065,720,286,434
103900066,63,2,61
103900067,65,1,64
103900068,1,0,1
103900069,45,8,37
103900070,113,268,-155
103900071,16,161,-145
103900072,4,335,-331
103900073,16,12,4
103900074,47,108,-61
103900075,93,91,2
103900076,214,775,-561
103900077,38,37,1
103900078,97,113,-16
103900079,97,186,-89
103900080,14,30,-16
103900081,158,11,147
103900082,5,93,-88
103900083,1894,395,1499
103900084,31,95,-64
103900085,94,120,-26
103900086,262,236,26
103900088,361,163,198
103900089,35,164,-129
103900090,1,219,-218
103900091,859,217,642
103900092,313,516,-203
103900093,57,378,-321
103900094,7,168,-161
103900095,152,137,15
103900096,8,263,-255
103900097,11,505,-494
103900098,143,93,50
103900099,21,284,-263
103900100,147,394,-247
103900101,45,1060,-1015
103900102,0,38,-38
103900104,1,19,-18
103900105,100,163,-63
103900106,0,24,-24
103900107,27,220,-193
103900108,31,376,-345
103900109,50,87,-37
103900110,108,69,39
103900111,30,729,-699
103900112,28,56,-28
103900113,109,180,-71
103900114,458,315,143
103900115,197,79,118
103900116,6737,1539,5198
103900117,237,111,126
103900119,18,48,-30
103900120,26,109,-83
103900122,25,436,-411
103900123,1478,401,1077
103900124,34,664,-630
103900125,49,67,-18
103900126,297,525,-228
103900127,56,737,-681
103900128,34,176,-142
103900131,16,134,-118
103900133,626,38,588
103900134,0,2,-2
103900135,15,5,10
103900137,1,54,-53
103900138,42,407,-365
103900139,234,783,-549
103900140,2,55,-53
103900141,235,71,164
103900142,51,246,-195
103900143,25,0,25
103900144,0,109,-109
103900145,162,291,-129
103900146,204,367,-163
103900147,219,113,106
103900148,70,218,-148
103900149,82,789,-707
103900150,7225,1856,5369
103900151,26,182,-156
103900152,207,609,-402
103900153,1,0,1
103900154,993,749,244
103900155,19,278,-259
103900156,10,162,-152
103900157,4,297,-293
103900158,65,260,-195
103900159,47,63,-16
103900160,19,17,2
103900161,64,184,-120
103900162,66,177,-111
103900163,0,315,-315
103900167,7,52,-45
103900168,49,148,-99
103900169,44,32,12
103900170,0,135,-135
103900171,2,64,-62
103900172,10,36,-26
103900173,2,15,-13
103900174,50,70,-20
103900175,69,42,27
103900176,18,14,4
103900177,11,29,-18
103900178,17,100,-83
103900179,24,203,-179
103900180,3,117,-114
103900181,47,31,16
103900182,30,16,14
103900184,497,35,462
103900185,214,96,118
103900187,90,51,39
103900188,35,9,26
103900189,60,12,48
103900190,73,51,22
103900191,24,33,-9
103900192,10,59,-49
103900193,160,143,17
103900194,27,352,-325
103900195,11,43,-32
103900196,23,18,5
103900197,1,14,-13
103900198,23,65,-42
103900199,91,81,10
103900200,116,139,-23
103900201,53,171,-118
103900202,10,48,-38
103900203,8,18,-10
103900204,3,151,-148
103900207,3,197,-194
103900208,33,2,31
103900209,4,126,-122
103900210,12,23,-11
103900211,298,595,-297
103900212,44,429,-385
103900213,123,250,-127
103900214,218,95,123
103900215,722,207,515
103900216,7,401,-394
103900217,274,59,215
103900218,1,218,-217
103900219,62,303,-241
103900233,74,3,71
103900235,35,18,17
103900236,20,2,18
103900242,8,14,-6
103900243,21,11,10
103900244,66,323,-257
103900245,79,273,-194
103900246,65,39,26
103900247,39,119,-80
103900248,9,26,-17
103900249,19,19,0
103900250,48,30,18
103900251,1,40,-39
103900253,25,62,-37
103900254,3,10,-7
103900255,18,16,2
103900256,28,39,-11
103900257,66,135,-69
103900258,11,1,10
103900259,64,6,58
103900261,8,1,7
103900262,6,1,5
103900263,55,44,11
103900264,57,11,46
103900265,65,15,50
103900266,5,40,-35
103900267,3,49,-46
103900268,10,140,-130
103900269,95,45,50
103900270,16,134,-118
103900271,22,180,-158
103900272,46,85,-39
103900273,11,71,-60
103900274,36,9,27
103900275,6,9,-3
103900276,2,144,-142
103900277,3,89,-86
103900278,15,54,-39
103900279,0,12,-12
103900280,1,188,-187
104000001,1669,1882,-213
104000002,1208,2423,-1215
104000003,1859,1994,-135
104000004,2672,2454,218
104000005,884,1643,-759
104000006,2417,2702,-285
104000007,3560,3541,19
104000008,243,564,-321
104000009,76,130,-54
104000010,141,191,-50
104000011,763,462,301
104000012,152,484,-332
104000013,95,134,-39
104000014,184,763,-579
104000015,184,211,-27
104000016,588,468,120
104000018,515,157,358
104000019,448,132,316
104000020,221,941,-720
104000021,236,740,-504
104000022,165,281,-116
104000023,367,300,67
104000024,197,446,-249
104000026,55,406,-351
104000027,260,402,-142
104000028,249,249,0
104000029,526,599,-73
104000030,216,277,-61
104000031,648,272,376
104000032,261,408,-147
104000033,464,388,76
104000034,220,456,-236
104000035,467,407,60
104000036,408,729,-321
104000037,225,355,-130
104000038,210,270,-60
104000039,154,486,-332
104000040,435,455,-20
104000041,326,263,63
104000042,185,487,-302
104000043,188,425,-237
104000044,203,832,-629
104000045,819,1231,-412
104000046,1421,1502,-81
104000047,564,1362,-798
104000048,933,2029,-1096
104000049,251,252,-1
104000050,133,512,-379
104000051,69,674,-605
104000052,955,1365,-410
104000053,557,672,-115
104000054,415,578,-163
104000055,3303,3036,267
104000056,1520,186,1334
104000057,117,510,-393
104000058,472,619,-147
104000059,447,1112,-665
104000060,574,924,-350
104000061,904,1232,-328
104000062,155,187,-32
104000064,509,293,216
104000065,77,354,-277
104000069,1544,618,926
104000070,58,286,-228
104000071,120,323,-203
104000072,463,255,208
104000075,35,240,-205
104000076,371,51,320
104000082,1640,2352,-712
104000083,613,197,416
104000084,85,473,-388
104000085,195,203,-8
104000086,162,358,-196
104000087,406,832,-426
104000090,521,1737,-1216
104000092,699,2777,-2078
104000094,588,2025,-1437
104000095,1115,1317,-202
104000096,839,338,501
104000097,1089,1032,57
104000098,1195,1327,-132
104000100,863,738,125
104000101,764,2185,-1421
104000106,60,484,-424
104000107,539,668,-129
104000108,321,487,-166
104000109,197,31,166
104000110,842,911,-69
104000111,4847,1495,3352
104000112,2398,509,1889
104000116,6,1306,-1300
104000117,98,871,-773
104000118,282,274,8
104000119,352,236,116
104000120,148,944,-796
104000121,182,587,-405
104000122,489,665,-176
104000123,691,1190,-499
104000124,1328,2560,-1232
104000125,4039,2615,1424
104000126,225,363,-138
104000127,1464,3485,-2021
104000128,668,507,161
104000129,406,62,344
104000130,9,335,-326
104000131,831,685,146
104000132,609,990,-381
104000133,928,815,113
104000134,720,1254,-534
104000135,294,896,-602
104000136,686,2028,-1342
104000137,1537,318,1219
104000138,1105,375,730
104000139,8044,2796,5248
104000141,1071,1823,-752
104000142,623,1043,-420
104000143,388,827,-439
104000144,52,188,-136
104000145,304,174,130
104000146,398,629,-231
104000147,85,395,-310
104000148,178,113,65
104000149,177,495,-318
104000150,483,426,57
104000151,257,791,-534
104000152,386,667,-281
104000153,356,416,-60
104000154,971,688,283
104000155,266,466,-200
104000157,971,1994,-1023
104000158,215,231,-16
104000159,410,293,117
104000160,1367,1246,121
104000161,183,179,4
104000162,46,120,-74
104000165,1411,1000,411
104000167,407,479,-72
104000168,432,6,426
104000169,35,37,-2
104000170,730,342,388
104000248,257,795,-538
104000251,49,323,-274
104000272,0,0,0
104000273,0,0,0
104000274,0,0,0
104000275,0,0,0
104000279,512,474,38
104000290,67,292,-225
104000291,586,1135,-549
104000293,445,660,-215
104000294,5,0,5
104000295,423,760,-337
104000296,280,614,-334
104000297,602,1371,-769
104000298,1660,804,856
104000299,628,1293,-665
104900001,102,434,-332
104900002,20,71,-51
104900003,26,345,-319
104900004,54,332,-278
104900005,90,147,-57
104900006,94,63,31
104900007,155,249,-94
104900009,79,504,-425
104900010,23,17,6
104900011,5,5,0
104900012,99,10,89
104900013,73,13,60
104900014,3934,282,3652
104900015,59,6,53
104900016,78,327,-249
104900017,74,214,-140
104900018,7,162,-155
104900019,261,1322,-1061
104900020,54,199,-145
104900021,0,243,-243
104900022,3,137,-134
104900023,2,99,-97
104900024,11,104,-93
104900025,60,422,-362
104900026,1,93,-92
104900027,198,188,10
104900028,12,90,-78
104900029,33,57,-24
104900030,284,163,121
104900031,133,150,-17
104900032,19,130,-111
104900033,112,165,-53
104900034,185,82,103
104900035,141,102,39
104900036,100,73,27
104900037,127,260,-133
104900038,448,233,215
104900039,756,102,654
104900040,177,86,91
104900041,154,143,11
104900042,83,375,-292
104900043,7,37,-30
104900044,285,173,112
104900045,264,61,203
104900046,86,91,-5
104900047,148,104,44
104900048,114,64,50
104900049,9,3,6
104900050,109,68,41
104900051,125,34,91
104900052,23,0,23
104900053,210,30,180
104900054,56,30,26
104900055,31,0,31
104900056,119,10,109
104900057,22,0,22
104900058,289,116,173
104900059,29,16,13
104900060,2,346,-344
104900061,226,637,-411
104900063,0,122,-122
104900064,0,110,-110
104900065,0,128,-128
104900066,1,185,-184
104900067,3,297,-294
104900068,16,234,-218
104900070,74,292,-218
104900071,1,747,-746
104900072,28,190,-162
104900073,23,302,-279
104900074,41,211,-170
104900075,39,101,-62
104900076,79,381,-302
104900077,1125,69,1056
104900078,179,743,-564
104900079,84,202,-118
104900080,45,459,-414
104900082,7,316,-309
104900085,5,273,-268
104900087,241,3,238
104900089,39,0,39
104900090,321,421,-100
104900091,366,760,-394
104900093,204,626,-422
104900097,2291,1085,1206
104900098,54,35,19
104900099,636,641,-5
104900100,690,162,528
104900102,28,240,-212
104900103,379,83,296
104900104,3319,993,2326
104900106,48,144,-96
104900107,34,305,-271
104900108,14,289,-275
104900109,37,139,-102
104900110,9,56,-47
104900111,78,79,-1
104900112,207,847,-640
104900113,439,457,-18
104900114,160,579,-419
104900115,295,437,-142
104900116,107,277,-170
104900118,7,48,-41
104900119,2,14,-12
104900120,81,72,9
104900121,0,101,-101
104900122,2,62,-60
104900123,12,2,10
104900124,11,1,10
104900125,243,4,239
104900126,73,53,20
104900127,17,27,-10
104900128,53,143,-90
104900129,2297,938,1359
105000001,2103,1580,523
105000002,1571,1480,91
105000003,2193,3479,-1286
105000004,440,895,-455
105000005,513,1049,-536
105000006,804,1262,-458
105000007,727,1096,-369
105000008,837,1623,-786
105000009,1038,2507,-1469
105000010,2805,2303,502
105000011,1411,1853,-442
105000012,3121,3012,109
105000013,527,964,-437
105000014,882,1697,-815
105000015,8070,4383,3687
105000016,3552,1535,2017
105000017,1420,937,483
105000018,1181,914,267
105000019,1397,817,580
105000020,126,286,-160
105000021,232,144,88
105000022,114,38,76
105000023,314,165,149
105000028,109,156,-47
105000029,294,792,-498
105000030,3579,3323,256
105000031,2,19,-17
105000033,947,1907,-960
105000034,118,508,-390
105000037,558,497,61
105000038,1124,1194,-70
105000039,2758,1750,1008
105000040,433,662,-229
105000041,456,1131,-675
105000042,1696,1058,638
105000043,1805,1975,-170
105000044,206,367,-161
105000045,244,830,-586
105000046,535,344,191
105000047,331,1380,-1049
105000048,399,196,203
105000049,192,611,-419
105000050,332,383,-51
105000051,150,496,-346
105000052,550,892,-342
105000053,105,183,-78
105000054,197,975,-778
105000055,319,356,-37
105000056,697,2574,-1877
105000057,994,1108,-114
105000058,1247,1582,-335
105000059,476,516,-40
105000060,424,739,-315
105000061,289,444,-155
105000062,673,1219,-546
105000063,278,807,-529
105000064,720,596,124
105000065,387,1089,-702
105000066,862,2191,-1329
105000067,616,544,72
105000068,539,1054,-515
105000069,2742,524,2218
105000070,638,676,-38
105000071,193,398,-205
105000072,794,985,-191
105000073,603,444,159
105000074,728,1001,-273
105000075,434,726,-292
105000076,1154,994,160
105000077,1560,592,968
105000078,1281,1031,250
105000079,1577,1731,-154
105000080,1392,821,571
105000081,1049,614,435
105000082,458,428,30
105000083,891,561,330
105000084,509,1109,-600
105000085,1067,819,248
105000086,631,906,-275
105000087,2472,1719,753
105000088,1242,1308,-66
105000089,2672,1949,723
105000090,771,790,-19
105000091,1418,1630,-212
105000092,553,1030,-477
105000093,304,215,89
105000094,196,165,31
105000095,85,372,-287
105000096,872,577,295
105000097,812,697,115
105000098,610,550,60
105000099,717,957,-240
105000100,641,1117,-476
105000101,1393,2054,-661
105000102,939,1567,-628
105000103,991,1904,-913
105000104,1222,1014,208
105000105,704,1790,-1086
105000106,758,1354,-596
105000107,731,865,-134
105000108,853,1716,-863
105000109,872,1474,-602
105000110,574,702,-128
105000111,472,515,-43
105000112,778,815,-37
105000113,310,545,-235
105000114,3433,918,2515
105000115,271,691,-420
105000116,417,399,18
105000117,648,1593,-945
105000118,294,333,-39
105000119,312,1247,-935
105000120,424,553,-129
105000121,628,1206,-578
105000122,245,415,-170
105000123,912,1468,-556
105000124,1007,816,191
105000125,458,1845,-1387
105000126,1488,2207,-719
105000127,1715,1840,-125
105000128,434,1609,-1175
105000129,710,309,401
105000130,99,938,-839
105000131,537,330,207
105000132,520,389,131
105000133,279,1091,-812
105000134,381,513,-132
105000135,471,700,-229
105000136,102,321,-219
105000137,238,178,60
105000138,258,424,-166
105000139,880,993,-113
105000140,139,526,-387
105000141,170,558,-388
105000142,67,552,-485
105000143,181,723,-542
105000144,231,724,-493
105000145,342,533,-191
105000146,452,737,-285
105000147,320,283,37
105000148,758,654,104
105000149,1384,1657,-273
105000150,1781,1278,503
105000151,366,330,36
105000152,165,653,-488
105000153,476,364,112
105000154,536,938,-402
105000155,242,545,-303
105000156,722,909,-187
105000157,749,2121,-1372
105000158,1306,779,527
105000159,271,1459,-1188
105000160,1141,613,528
105000161,536,1853,-1317
105000162,430,1144,-714
105000163,1256,1258,-2
105000164,188,270,-82
105000165,1462,3146,-1684
105000166,7557,350,7207
105000167,2963,1088,1875
105000168,219,867,-648
105000169,238,477,-239
105000170,64,1120,-1056
105000171,897,319,578
105000172,40,70,-30
105000173,49,31,18
105000174,21,30,-9
105000175,52,125,-73
105000176,75,71,4
105000177,80,116,-36
105000178,89,661,-572
105000179,121,100,21
105000180,73,95,-22
105000181,46,517,-471
105000182,27,41,-14
105000183,2276,1244,1032
105000184,1221,639,582
105000185,858,683,175
105000186,317,811,-494
105000187,471,188,283
105000188,129,94,35
105000189,105,504,-399
105000190,203,301,-98
105000191,293,418,-125
105000192,126,63,63
105000193,55,153,-98
105000194,259,78,181
105000195,196,1062,-866
105000196,60,137,-77
105000197,204,647,-443
105000198,526,219,307
105000199,242,263,-21
105000200,60,161,-101
105000201,71,22,49
105000203,9,326,-317
105000204,53,90,-37
105000205,61,234,-173
105000207,555,216,339
105000208,218,310,-92
105000209,183,376,-193
105000211,94,14,80
105000212,808,1420,-612
105000213,115,172,-57
105000214,48,245,-197
105000215,164,296,-132
105000216,60,326,-266
105000217,109,312,-203
105000218,518,951,-433
105000221,153,237,-84
105000222,52,52,0
105000223,96,147,-51
105000226,23,418,-395
105000227,13,212,-199
105000228,295,684,-389
105000229,71,189,-118
105000231,158,293,-135
105000233,452,619,-167
105000234,470,1308,-838
105000235,231,467,-236
105000237,591,44,547
105000243,21,46,-25
105000248,35,48,-13
105000262,160,1763,-1603
105000269,72,161,-89
105000270,270,87,183
105000271,0,299,-299
105000282,104,46,58
105000287,243,119,124
105000288,409,408,1
105000289,937,692,245
105000290,9,1,8
105000402,4134,1339,2795
105000426,345,475,-130
105000438,820,481,339
105000440,10,22,-12
105000446,12586,4247,8339
105000447,8137,2298,5839
105000454,132,1001,-869
105000455,221,214,7
105000474,13,0,13
105000477,194,365,-171
105000478,1024,1674,-650
105000479,69,131,-62
105000480,1757,1568,189
105000481,2046,1608,438
105000482,3584,2493,1091
105000483,1013,1067,-54
105000484,1840,2412,-572
105000485,873,1183,-310
105000486,2735,2053,682
105000488,3071,2380,691
105000489,428,710,-282
105000549,31,137,-106
105000550,404,1257,-853
105000551,38,94,-56
105000552,3192,1681,1511
105000555,800,577,223
105000556,38,28,10
105000557,32,269,-237
105900001,3,813,-810
105900002,1483,405,1078
105900003,5,73,-68
105900004,223,106,117
105900005,0,224,-224
105900006,3,33,-30
105900007,37,10,27
105900008,47,752,-705
105900009,12,12,0
105900011,64,30,34
105900012,176,124,52
105900013,2,12,-10
105900014,12,63,-51
105900015,96,305,-209
105900016,143,553,-410
105900017,568,37,531
105900018,181,262,-81
105900019,23,394,-371
105900020,29,39,-10
105900021,13,208,-195
105900022,171,349,-178
105900023,1,86,-85
105900024,0,81,-81
105900025,37,27,10
105900026,167,27,140
105900027,3300,2313,987
105900028,73,109,-36
105900029,1676,284,1392
105900030,170,269,-99
105900031,442,145,297
105900032,42,129,-87
105900033,57,126,-69
105900034,94,178,-84
105900035,96,158,-62
105900036,34,113,-79
105900037,56,75,-19
105900038,76,325,-249
105900039,46,112,-66
105900040,33,87,-54
105900041,133,343,-210
105900042,21,126,-105
105900043,1517,48,1469
105900044,0,123,-123
105900045,3,419,-416
105900046,2,160,-158
105900047,3,28,-25
105900048,90,471,-381
105900050,1564,368,1196
105900051,2,1066,-1064
105900052,224,31,193
105900053,3360,1119,2241
105900054,223,271,-48
105900056,711,160,551
105900057,17,147,-130
105900058,6,25,-19
105900059,1,40,-39
106000001,3027,1296,1731
106000002,2241,3925,-1684
106000003,2280,2155,125
106000004,1965,2103,-138
106000005,2044,4373,-2329
106000006,4896,4101,795
106000007,400,425,-25
106000008,340,285,55
106000009,359,300,59
106000010,419,606,-187
106000011,605,849,-244
106000012,670,1484,-814
106000013,1180,1551,-371
106000014,1554,1641,-87
106000015,1113,876,237
106000016,1014,2455,-1441
106000017,501,471,30
106000018,399,473,-74
106000019,254,434,-180
106000020,167,323,-156
106000021,228,414,-186
106000022,202,283,-81
106000023,466,372,94
106000024,416,702,-286
106000025,80,215,-135
106000026,140,296,-156
106000027,649,1173,-524
106000028,486,772,-286
106000029,683,1431,-748
106000030,749,331,418
106000034,150,582,-432
106000035,848,1027,-179
106000036,409,363,46
106000037,1535,1554,-19
106000038,366,71,295
106000039,118,63,55
106000040,167,791,-624
106000041,646,242,404
106000043,508,59,449
106000046,289,31,258
106000047,40,339,-299
106000049,488,117,371
106000050,237,867,-630
106000051,337,319,18
106000052,55,585,-530
106000053,182,98,84
106000054,279,364,-85
106000055,569,862,-293
106000056,214,450,-236
106000057,148,227,-79
106000058,101,187,-86
106000059,126,178,-52
106000060,460,679,-219
106000061,161,372,-211
106000062,134,660,-526
106000063,438,412,26
106000064,32,461,-429
106000065,157,204,-47
106000066,73,348,-275
106000067,159,85,74
106000068,34,591,-557
106000069,83,101,-18
106000070,302,808,-506
106000071,621,272,349
106000072,4274,1440,2834
106000073,1771,1792,-21
106000074,344,693,-349
106000075,199,954,-755
106000076,1371,1516,-145
106000077,2845,1279,1566
106000078,524,959,-435
106000079,418,936,-518
106000080,895,863,32
106000081,469,980,-511
106000082,2133,906,1227
106000083,292,1027,-735
106000084,836,614,222
106000085,1441,959,482
106000086,471,611,-140
106000087,709,627,82
106000088,349,654,-305
106000089,694,514,180
106000090,237,552,-315
106000091,218,645,-427
106000092,485,253,232
106000093,231,80,151
106000094,92,491,-399
106000095,326,1212,-886
106000096,599,678,-79
106000097,604,1381,-777
106000098,426,906,-480
106000099,144,927,-783
106000100,678,311,367
106000101,564,292,272
106000102,165,563,-398
106000103,162,591,-429
106000104,597,410,187
106000105,323,896,-573
106000106,438,410,28
106000107,71,549,-478
106000108,174,400,-226
106000109,72,474,-402
106000110,136,331,-195
106000111,175,669,-494
106000112,137,353,-216
106000113,1041,669,372
106000114,297,359,-62
106000115,156,585,-429
106000116,117,218,-101
106000117,743,779,-36
106000118,742,920,-178
106000119,2320,935,1385
106000120,592,734,-142
106000121,176,205,-29
106000122,62,354,-292
106000123,188,334,-146
106000124,37,359,-322
106000125,41,379,-338
106000126,109,219,-110
106000127,478,934,-456
106000128,403,303,100
106000129,257,756,-499
106000130,515,425,90
106000131,146,711,-565
106000132,897,160,737
106000133,3850,1006,2844
106000134,813,862,-49
106000135,264,1045,-781
106000136,482,465,17
106000137,80,1570,-1490
106000138,597,60,537
106000139,29,115,-86
106000140,28,93,-65
106000141,41,117,-76
106000142,32,57,-25
106000143,10,104,-94
106000144,23,70,-47
106000145,104,314,-210
106000146,184,232,-48
106000147,354,712,-358
106000148,567,782,-215
106000149,472,472,0
106000150,341,1626,-1285
106000151,4409,624,3785
106000152,948,1039,-91
106000153,121,600,-479
106000154,1415,261,1154
106000155,43,198,-155
106000156,444,270,174
106000157,518,1648,-1130
106000158,2864,672,2192
106000159,4493,1187,3306
106000160,222,1530,-1308
106000161,1353,494,859
106000162,131,554,-423
106000163,257,574,-317
106000164,206,284,-78
106000165,134,708,-574
106000166,319,261,58
106000167,257,1610,-1353
106000168,252,224,28
106000169,117,858,-741
106000170,264,213,51
106000171,96,908,-812
106000172,2027,788,1239
106000173,619,2653,-2034
106000174,745,288,457
106000175,293,1050,-757
106000176,998,652,346
106000177,542,2271,-1729
106000178,2172,1445,727
106000179,939,2030,-1091
106000180,611,1846,-1235
106000181,391,1896,-1505
106000182,451,638,-187
106000183,600,1090,-490
106000184,515,1033,-518
106000185,351,674,-323
106000186,696,155,541
106000187,143,707,-564
106000188,0,3,-3
106000189,5,58,-53
106000190,9,0,9
106000191,505,199,306
106000192,0,12,-12
106000193,257,135,122
106000194,142,242,-100
106000195,93,71,22
106000196,44,290,-246
106000197,213,277,-64
106000198,48,224,-176
106000199,766,422,344
106000200,411,128,283
106000201,388,1094,-706
106000202,6612,492,6120
106000203,165,209,-44
106000204,40,4,36
106000205,13,163,-150
106000206,59,10,49
106000207,47,873,-826
106000208,589,86,503
106000209,743,182,561
106000210,167,1446,-1279
106000211,335,1590,-1255
106000212,584,166,418
106000213,640,1342,-702
106000214,2142,399,1743
106000215,208,524,-316
106000216,204,275,-71
106000217,266,439,-173
106000218,412,303,109
106000219,148,289,-141
106000220,299,243,56
106000221,79,321,-242
106000222,51,125,-74
106000223,61,123,-62
106000224,119,326,-207
106000225,71,85,-14
106000226,100,310,-210
106000228,35,116,-81
106000229,73,738,-665
106000231,454,97,357
106000232,48,453,-405
106000233,338,117,221
106000234,56,211,-155
106000235,150,46,104
106000236,108,69,39
106000237,0,5,-5
106000238,5,12,-7
106000239,1,61,-60
106000240,25,8,17
106000241,26,695,-669
106000242,193,16,177
106000249,49,66,-17
106000250,55,400,-345
106000251,44,21,23
106000252,4,115,-111
106000253,29,41,-12
106000254,27,54,-27
106000255,13,76,-63
106000256,55,82,-27
106000257,117,262,-145
106000258,93,9,84
106000259,1,29,-28
106000260,15,8,7
106000261,0,71,-71
106000262,18,15,3
106000263,1,82,-81
106000264,152,4,148
106000265,8,99,-91
106000266,51,8,43
106000267,2,74,-72
106000268,395,27,368
106000269,90,53,37
106000270,152,266,-114
106000271,37,202,-165
106000272,86,35,51
106000273,7,198,-191
106000274,153,46,107
106000275,110,159,-49
106000276,124,49,75
106000277,101,146,-45
106000278,149,39,110
106000279,15,43,-28
106000280,22,158,-136
106000281,63,86,-23
106000282,60,69,-9
106000283,91,83,8
106000284,43,95,-52
106000285,105,162,-57
106000286,69,137,-68
106000287,81,94,-13
106000288,66,120,-54
106000289,65,101,-36
106000290,52,92,-40
106000291,68,104,-36
106000292,83,122,-39
106000293,79,91,-12
106000294,85,147,-62
106000295,47,67,-20
106000296,43,103,-60
106000297,66,194,-128
106000298,116,51,65
106000299,50,142,-92
106000300,54,99,-45
106000301,56,97,-41
106000303,13,60,-47
106000304,54,45,9
106000305,23,28,-5
106000306,27,90,-63
106000307,26,14,12
106000308,25,163,-138
106000309,16,77,-61
106000310,170,547,-377
106000311,218,112,106
106000312,62,200,-138
106000313,105,218,-113
106000318,155,160,-5
106000319,407,60,347
106000320,2,34,-32
106000321,249,56,193
106000322,103,230,-127
106000324,9,169,-160
106000325,948,705,243
106000326,799,1791,-992
106000327,67,133,-66
106000328,3,110,-107
106000329,36,278,-242
106000330,26,40,-14
106000428,32,160,-128
106000429,102,641,-539
106000430,283,1477,-1194
106000431,954,298,656
106000432,1572,2815,-1243
106000433,1295,762,533
106000434,2224,990,1234
106000435,1807,2759,-952
106000436,25,312,-287
106000437,191,17,174
106000438,111,123,-12
106000439,46,453,-407
106000440,199,467,-268
106000441,0,0,0
106000442,95,2,93
106000443,82,626,-544
106000450,1,239,-238
106000451,16,12,4
106000454,4,89,-85
106000455,22,175,-153
106000456,79,15,64
106000457,6,1200,-1194
106000458,278,252,26
106000459,50,445,-395
106000460,472,43,429
106000461,38,1993,-1955
106000462,1,23,-22
106000463,2,33,-31
106000464,3,691,-688
106000465,209,1,208
106000466,5,746,-741
106000467,532,567,-35
106000468,27,141,-114
106000469,328,3,325
106000470,198,1173,-975
106000471,38,747,-709
106000472,68,5,63
106000473,21,24,-3
106000474,374,645,-271
106000475,614,213,401
106000476,183,144,39
106000477,38,114,-76
106000480,0,98,-98
106900001,0,18,-18
106900002,3,642,-639
106900003,243,788,-545
106900004,0,57,-57
106900006,0,25,-25
106900007,0,9,-9
106900008,130,318,-188
106900009,138,460,-322
106900010,145,335,-190
106900012,2073,1208,865
106900013,336,53,283
106900014,18,0,18
106900015,14,0,14
106900016,132,1,131
106900017,5,0,5
106900018,0,1,-1
106900019,28,6,22
106900020,2866,733,2133
106900021,33,68,-35
106900022,213,2,211
106900023,15,269,-254
106900024,290,12,278
106900025,65,626,-561
106900026,5,894,-889
106900027,266,6,260
107000001,3247,1407,1840
107000002,4990,3323,1667
107000003,3372,4118,-746
107000004,4367,5520,-1153
107000005,1632,3462,-1830
107000006,2891,6119,-3228
107000007,3875,5969,-2094
107000008,15279,10427,4852
107000009,3612,4142,-530
107000010,9275,10371,-1096
107000011,1553,1209,344
107000012,4293,3581,712
107000013,37,186,-149
107000014,9,342,-333
107000015,425,929,-504
107000016,317,1429,-1112
107000017,1932,729,1203
107000018,4,187,-183
107000020,1063,361,702
107000021,650,764,-114
107000022,532,1084,-552
107000023,1245,309,936
107000024,367,1992,-1625
107000025,149,305,-156
107000026,141,603,-462
107000027,775,745,30
107000028,1044,1714,-670
107000029,1358,1445,-87
107000030,2960,3232,-272
107000031,2116,1604,512
107000032,341,995,-654
107000033,3544,3628,-84
107000034,4371,1921,2450
107000035,219,187,32
107000036,355,878,-523
107000037,62,588,-526
107000038,192,226,-34
107000039,455,424,31
107000040,86,266,-180
107000041,1139,562,577
107000042,712,1512,-800
107000043,2827,958,1869
107000044,655,384,271
107000045,121,280,-159
107000046,436,405,31
107000047,348,908,-560
107000048,444,343,101
107000049,514,809,-295
107000050,724,506,218
107000051,517,348,169
107000052,852,694,158
107000053,276,166,110
107000054,63,341,-278
107000055,411,149,262
107000056,595,883,-288
107000057,1987,213,1774
107000058,1938,1907,31
107000059,2391,3083,-692
107000060,2701,4421,-1720
107000061,5147,3944,1203
107000062,2243,2533,-290
107000063,3500,6269,-2769
107000064,2280,1669,611
107000065,3035,5619,-2584
107000066,1180,1512,-332
107000067,532,920,-388
107000068,1198,559,639
107000069,452,379,73
107000070,435,36,399
107000071,1517,22,1495
107000072,40,3876,-3836
107000073,291,152,139
107000074,111,1025,-914
107000075,866,321,545
107000076,775,1889,-1114
107000077,1949,634,1315
107000078,2016,3544,-1528
107000079,1452,570,882
107000080,1246,3306,-2060
107000081,762,458,304
107000082,483,2805,-2322
107000083,618,247,371
107000084,447,2656,-2209
107000085,2244,2732,-488
107000086,3256,2623,633
107000087,2047,1648,399
107000088,2540,3106,-566
107000089,1122,1599,-477
107000090,688,940,-252
107000091,850,822,28
107000092,540,1114,-574
107000093,922,748,174
107000094,725,1348,-623
107000095,403,639,-236
107000096,587,1106,-519
107000097,406,308,98
107000098,301,966,-665
107000099,307,204,103
107000100,231,355,-124
107000101,89,143,-54
107000102,348,370,-22
107000103,302,146,156
107000104,217,430,-213
107000105,248,106,142
107000106,160,369,-209
107000107,361,172,189
107000108,95,930,-835
107000109,363,153,210
107000110,58,681,-623
107000111,164,36,128
107000112,44,430,-386
107000113,330,99,231
107000114,90,878,-788
107000115,276,75,201
107000116,67,1183,-1116
107000117,102,203,-101
107000118,245,291,-46
107000119,1811,1091,720
107000120,2738,323,2415
107000121,436,704,-268
107000122,897,892,5
107000123,276,904,-628
107000124,455,887,-432
107000125,487,867,-380
107000126,666,1079,-413
107000129,116,1238,-1122
107000130,234,222,12
107000131,315,839,-524
107000132,365,308,57
107000133,569,138,431
107000134,177,0,177
107000135,5,187,-182
107000136,585,6,579
107000137,16,381,-365
107000138,221,22,199
107000139,17,332,-315
107000140,570,49,521
107000141,130,759,-629
107000142,241,43,198
107000143,45,859,-814
107000144,190,264,-74
107000145,139,577,-438
107000146,145,183,-38
107000147,4451,1076,3375
107000150,672,1328,-656
107000151,43,54,-11
107000152,478,440,38
107000153,454,636,-182
107000154,205,123,82
107000155,412,14,398
107000156,618,23,595
107000157,32,2463,-2431
107000158,305,13,292
107000159,44,1706,-1662
107000160,497,57,440
107000161,45,2120,-2075
107000162,121,226,-105
107000163,25,2,23
107000164,176,1,175
107000165,432,3,429
107000166,36,1629,-1593
107000167,326,323,3
107000168,539,271,268
107000169,982,994,-12
107000170,757,445,312
107000171,375,2844,-2469
107000172,566,613,-47
107000173,680,1067,-387
107000174,673,2182,-1509
107000175,9854,1553,8301
107000176,4,2,2
107000177,2,4,-2
107000178,7,60,-53
107000179,196,3265,-3069
107000180,635,408,227
107000181,341,1633,-1292
107000182,1169,910,259
107000183,131,1083,-952
107000184,617,778,-161
107000185,283,1372,-1089
107000186,612,318,294
107000187,868,1124,-256
107000188,343,438,-95
107000189,299,908,-609
107000190,299,793,-494
107000191,585,1346,-761
107000192,982,1020,-38
107000193,303,343,-40
107000194,861,730,131
107000197,498,198,300
107000198,281,969,-688
107000199,499,603,-104
107000200,940,504,436
107000201,289,222,67
107000202,173,369,-196
107000203,690,443,247
107000204,766,439,327
107000205,2124,965,1159
107000206,676,756,-80
107000207,656,967,-311
107000208,1115,297,818
107000209,2079,669,1410
107000210,1252,322,930
107000211,7,18,-11
107000212,12,311,-299
107000213,12,16,-4
107000214,9,136,-127
107000215,203,452,-249
107000216,139,443,-304
107000217,99,115,-16
107000219,45,101,-56
107000220,83,308,-225
107000222,223,697,-474
107000224,228,63,165
107000225,182,699,-517
107000226,144,72,72
107000227,59,429,-370
107000228,78,141,-63
107000229,302,128,174
107000230,861,610,251
107000231,2194,503,1691
107000232,53,105,-52
107000233,1992,594,1398
107000234,0,25,-25
107000235,64,1,63
107000236,15,321,-306
107000237,3,0,3
107000238,12,0,12
107000239,5346,402,4944
107000240,82,1388,-1306
107000243,0,35,-35
107000244,10,72,-62
107000246,5,1180,-1175
107000249,4,1264,-1260
107000251,4,290,-286
107000252,7,1520,-1513
107000255,779,78,701
107000257,1,687,-686
107000258,1,166,-165
107000259,1,254,-253
107000260,223,1,222
107000262,17,837,-820
107000263,111,1,110
107000266,9,5,4
107000267,73,208,-135
107000268,130,187,-57
107000269,151,15,136
107000270,0,16,-16
107000271,6,1169,-1163
107000272,2,314,-312
107000273,3,283,-280
107000274,704,268,436
107000275,69,634,-565
107000280,354,15,339
107000281,33,1365,-1332
107000282,29,1463,-1434
107000290,1,37,-36
107000291,9,7,2
107000292,0,45,-45
107000293,51,0,51
107000294,0,34,-34
107000295,12,2,10
107000296,0,16,-16
107000444,145,4,141
107000496,1,12,-11
107000497,1241,3211,-1970
107000500,223,310,-87
107000501,64,213,-149
107000502,199,367,-168
107000505,674,866,-192
107000506,0,45,-45
107000508,6,772,-766
107000509,170,425,-255
107000510,10,16,-6
107000514,18,226,-208
107000515,11,326,-315
107000516,166,145,21
107000518,599,518,81
107000519,3989,1152,2837
107000520,48,5,43
107000521,320,504,-184
107000522,431,847,-416
107900001,12,232,-220
107900002,37,4,33
107900003,155,12,143
107900004,13,1,12
107900005,418,3,415
107900006,35,0,35
107900007,102,22,80
107900008,53,39,14
107900009,105,5,100
107900010,18,0,18
107900012,207,16,191
107900013,239,57,182
107900014,9,2,7
107900015,347,3,344
107900016,528,94,434
107900017,5,1,4
107900018,19,44,-25
107900019,18,53,-35
107900020,76,5,71
107900021,37,145,-108
107900023,1,1,0
107900024,0,31,-31
107900025,183,309,-126
107900026,26,131,-105
107900027,18,37,-19
107900028,23,98,-75
107900030,133,22,111
107900031,56,233,-177
107900032,1,2,-1
107900033,11,5,6
107900034,212,5,207
107900035,369,20,349
107900036,18,19,-1
107900037,1,53,-52
107900038,118,99,19
107900039,14,53,-39
107900040,36,30,6
107900041,0,0,0
107900043,43,187,-144
107900044,2,2,0
107900045,70,16,54
107900046,71,76,-5
107900047,8,92,-84
107900048,56,15,41
107900049,282,357,-75
107900050,67,296,-229
107900051,38,94,-56
107900052,8,16,-8
107900053,17,91,-74
107900055,335,205,130
107900056,74,18,56
107900057,0,0,0
107900058,15,712,-697
107900060,13,52,-39
107900061,9,3,6
107900063,92,152,-60
107900064,205,47,158
107900065,67,13,54
107900066,2,4,-2
107900067,0,0,0
107900068,124,189,-65
107900069,24,718,-694
107900070,26,20,6
107900071,8,997,-989
107900072,36,215,-179
107900073,27,140,-113
107900074,1025,118,907
107900076,142,72,70
107900077,19,0,19
107900079,5,15,-10
107900080,87,148,-61
107900081,16,63,-47
107900082,14,15,-1
107900083,131,97,34
107900084,90,111,-21
107900086,85,86,-1
107900087,312,59,253
107900088,24,9,15
107900089,264,852,-588
107900090,371,914,-543
107900091,95,465,-370
107900093,45,63,-18
107900095,2896,1048,1848
107900097,18,74,-56
107900098,32,119,-87
107900100,1052,626,426
107900101,976,128,848
107900102,5,1,4
107900103,57,161,-104
107900104,142,1,141
107900105,2,610,-608
107900106,3,1556,-1553
107900107,930,146,784
107900108,293,59,234
107900109,525,6,519
107900110,7,131,-124
107900111,5,1208,-1203
107900112,78,249,-171
107900113,78,110,-32
107900114,73,206,-133
107900115,0,47,-47
107900116,43,217,-174
107900117,200,458,-258
107900118,27,169,-142
107900119,30,76,-46
107900120,21,11,10
107900121,1,102,-101
107900122,2,32,-30
107900123,1,19,-18
107900124,4,38,-34
107900125,30,193,-163
107900126,0,40,-40
107900127,319,100,219
107900128,93,50,43
107900129,11,32,-21
107900130,30,18,12
107900131,646,50,596
107900132,109,404,-295
107900133,5,106,-101
107900134,18,12,6
107900135,6,191,-185
107900136,46,20,26
107900137,70,87,-17
107900138,32,28,4
107900139,12,39,-27
107900141,30,47,-17
107900142,45,1005,-960
107900143,30,44,-14
107900144,4,165,-161
107900145,8,67,-59
107900146,40,99,-59
107900147,43,20,23
107900148,163,132,31
107900149,1535,299,1236
107900150,80,779,-699
107900151,7,107,-100
107900152,8,161,-153
107900153,145,152,-7
107900154,30,13,17
107900155,39,22,17
107900156,1,557,-556
107900157,40,57,-17
107900158,278,9,269
107900159,34,985,-951
107900160,31,183,-152
107900161,9,278,-269
107900162,0,55,-55
107900163,20,17,3
107900164,1,29,-28
107900165,5,73,-68
107900166,6,329,-323
107900167,8,5,3
107900168,15,33,-18
107900169,1,206,-205
107900171,13,1865,-1852
107900172,0,268,-268
107900173,4,230,-226
107900174,47,4,43
107900175,8,3,5
107900176,14,22,-8
107900177,1,31,-30
107900178,2,230,-228
107900179,8,134,-126
107900180,936,221,715
107900181,222,444,-222
107900182,9,1715,-1706
107900183,19,399,-380
107900184,30,247,-217
107900185,44,9,35
107900186,18,47,-29
107900187,2,115,-113
107900188,811,94,717
107900189,6,123,-117
107900190,102,39,63
107900191,34,139,-105
107900193,11,17,-6
107900194,142,7,135
107900195,3956,434,3522
107900196,20,84,-64
107900197,703,138,565
107900199,4,1199,-1195
107900201,41,137,-96
107900203,25,74,-49
107900204,239,180,59
107900206,231,137,94
107900207,1,702,-701
107900208,10,896,-886
107900209,329,93,236
107900210,50,128,-78
107900213,397,339,58
107900214,5,152,-147
107900215,200,298,-98
107900216,96,62,34
107900217,21,56,-35
107900218,16,1681,-1665
107900219,36,130,-94
107900220,143,89,54
107900221,135,276,-141
107900223,72,712,-640
107900224,161,266,-105
107900225,7,785,-778
107900226,32,107,-75
107900227,70,473,-403
107900228,3,138,-135
107900229,3,323,-320
107900230,41,139,-98
107900231,11,263,-252
107900232,29,232,-203
107900233,4,104,-100
107900234,36,201,-165
107900235,23,74,-51
107900236,43,130,-87
107900237,121,395,-274
107900238,13,95,-82
107900239,1328,338,990
107900240,3,160,-157
107900241,6,95,-89
107900242,18,415,-397
107900243,1,55,-54
107900244,131,7,124
107900245,164,31,133
107900246,54,3,51
107900248,83,440,-357
107900249,283,10,273
107900250,2,609,-607
107900251,68,1332,-1264
107900252,349,5,344
107900253,85,4,81
107900254,42,99,-57
107900255,396,51,345
107900256,345,424,-79
107900257,78,24,54
107900258,56,206,-150
107900259,60,708,-648
107900261,0,421,-421
107900262,41,125,-84
107900264,105,3,102
107900265,31,168,-137
107900267,114,19,95
107900268,42,4,38
107900269,0,11,-11
107900270,0,0,0
107900271,3,5,-2
107900272,140,2,138
107900273,39,76,-37
107900274,34,0,34
107900275,7,4,3
107900276,0,72,-72
107900277,1,193,-192
107900278,129,375,-246
107900279,141,78,63
107900280,1513,929,584
107900281,3050,1011,2039
107900282,49,175,-126
107900283,1162,282,880
107900284,192,807,-615
107900285,32,146,-114
107900286,115,95,20
107900287,94,152,-58
107900290,0,40,-40
107900291,357,1,356
107900292,63,331,-268
107900293,39,561,-522
107900295,33,142,-109
107900297,3,199,-196
107900298,731,1034,-303
107900299,3826,1632,2194
107900301,349,338,11
107900302,68,12,56
107900303,69,324,-255
107900304,142,568,-426
107900305,125,11,114
107900306,16,4,12
107900307,28,316,-288
107900308,179,42,137
107900309,22,1,21
107900310,3,0,3
107900311,240,97,143
107900312,1,0,1
107900313,3,83,-80
107900314,1,56,-55
107900315,0,36,-36
107900316,23,1,22
107900317,24,3,21
107900318,4,152,-148
107900319,5,206,-201
107900320,1,156,-155
107900321,35,6,29
107900322,0,210,-210
107900323,6,125,-119
107900324,130,2,128
107900325,44,0,44
107900326,111,404,-293
107900327,0,0,0
107900328,0,0,0
107900329,0,0,0
107900330,7,516,-509
107900331,90,29,61
107900332,109,25,84
107900333,42,11,31
107900334,6,363,-357
107900335,52,58,-6
107900336,20,31,-11
107900337,1353,432,921
107900338,0,118,-118
107900339,0,16,-16
107900340,0,51,-51
107900341,19,1,18
107900342,89,106,-17
107900343,33,1,32
107900344,5,145,-140
107900345,60,19,41
107900346,17,0,17
107900347,15,1,14
107900348,1,2,-1
107900349,4,4,0
107900350,63,236,-173
107900351,2,229,-227
107900352,5,54,-49
107900353,2,11,-9
107900354,7,40,-33
108000001,1975,2882,-907
108000002,2369,3337,-968
108000003,2357,1693,664
108000004,15350,16132,-782
108000005,4800,2991,1809
108000006,5927,6265,-338
108000007,3064,2735,329
108000008,4653,5768,-1115
108000009,2022,2492,-470
108000010,2294,4912,-2618
108000011,9297,7090,2207
108000012,18808,15487,3321
108000014,789,485,304
108000015,441,304,137
108000016,191,714,-523
108000017,550,335,215
108000018,1007,454,553
108000019,1228,502,726
108000020,932,399,533
108000021,403,1609,-1206
108000022,371,1426,-1055
108000023,812,134,678
108000024,212,761,-549
108000025,218,259,-41
108000026,364,727,-363
108000027,356,761,-405
108000028,246,266,-20
108000029,241,1072,-831
108000030,300,214,86
108000031,195,515,-320
108000032,734,459,275
108000033,555,1354,-799
108000034,1034,353,681
108000035,820,2593,-1773
108000036,249,1479,-1230
108000037,1025,288,737
108000038,1432,325,1107
108000039,511,2859,-2348
108000040,1017,630,387
108000041,616,2819,-2203
108000042,81,236,-155
108000043,131,284,-153
108000044,281,162,119
108000045,147,798,-651
108000046,789,254,535
108000047,340,1351,-1011
108000048,124,517,-393
108000049,356,205,151
108000050,188,767,-579
108000051,181,74,107
108000052,291,743,-452
108000053,196,82,114
108000054,473,931,-458
108000055,546,274,272
108000056,972,1115,-143
108000057,425,655,-230
108000058,1634,2283,-649
108000059,3638,2006,1632
108000060,111,384,-273
108000061,331,642,-311
108000062,385,328,57
108000063,288,543,-255
108000064,110,191,-81
108000065,332,666,-334
108000066,1396,684,712
108000067,1048,335,713
108000068,439,282,157
108000069,165,1292,-1127
108000070,1035,489,546
108000071,508,2028,-1520
108000072,990,784,206
108000073,1427,2173,-746
108000074,253,281,-28
108000075,326,838,-512
108000076,465,354,111
108000077,751,843,-92
108000078,1397,1208,189
108000079,971,1980,-1009
108000080,517,423,94
108000081,484,2716,-2232
108000082,887,1699,-812
108000083,1195,604,591
108000084,365,1261,-896
108000085,334,284,50
108000086,906,771,135
108000087,113,1099,-986
108000088,466,118,348
108000089,184,251,-67
108000091,77,638,-561
108000092,79,88,-9
108000093,66,938,-872
108000094,360,118,242
108000095,111,544,-433
108000096,160,156,4
108000097,126,644,-518
108000098,653,1256,-603
108000099,630,281,349
108000100,55,382,-327
108000101,518,941,-423
108000102,1132,1994,-862
108000106,712,1,711
108000107,5,782,-777
108000108,513,28,485
108000109,13,853,-840
108000110,108,263,-155
108000111,97,769,-672
108000112,43,87,-44
108000113,466,331,135
108000115,430,315,115
108000117,688,239,449
108000118,390,791,-401
108000119,710,470,240
108000120,64,525,-461
108000121,155,525,-370
108000122,265,267,-2
108000123,330,236,94
108000124,160,557,-397
108000125,218,358,-140
108000126,70,616,-546
108000127,272,409,-137
108000128,313,843,-530
108000129,163,1663,-1500
108000130,177,327,-150
108000131,611,260,351
108000132,1848,1372,476
108000133,543,480,63
108000134,599,713,-114
108000135,618,299,319
108000136,759,1218,-459
108000137,182,402,-220
108000138,245,1122,-877
108000139,162,471,-309
108000140,32,29,3
108000141,14,179,-165
108000142,31,142,-111
108000143,28,699,-671
108000144,142,50,92
108000145,25,39,-14
108000146,316,55,261
108000147,7,57,-50
108000148,164,67,97
108000149,9,29,-20
108000150,13,3,10
108000151,428,60,368
108000152,89,748,-659
108000153,184,102,82
108000154,43,22,21
108000155,26,7,19
108000156,967,500,467
108000157,103,412,-309
108000158,78,442,-364
108000159,612,146,466
108000160,5125,693,4432
108000161,4147,1061,3086
108000165,4,65,-61
108000172,6,179,-173
108000173,2651,1149,1502
108000175,209,123,86
108000178,323,435,-112
108000179,156,471,-315
108000181,43,47,-4
108000182,314,73,241
108000183,116,558,-442
108000184,1133,1354,-221
108000185,100,705,-605
108000186,122,544,-422
108000187,70,905,-835
108000188,194,226,-32
108000189,2463,3043,-580
108000190,21,105,-84
108000192,70,725,-655
108000193,825,33,792
108000194,21,15,6
108000195,1,1130,-1129
108000196,108,140,-32
108000198,446,475,-29
108000199,1,147,-146
108000200,131,728,-597
108000203,78,1003,-925
108000204,70,30,40
108000205,361,651,-290
108000339,1322,294,1028
108000364,454,565,-111
108000365,69,405,-336
108000367,165,333,-168
108000368,6,55,-49
108000369,1355,111,1244
108000371,16,650,-634
108000372,409,11,398
108000373,123,186,-63
108000376,45,28,17
108000377,260,387,-127
108000378,7249,7143,106
108000379,26,151,-125
108000381,26,10,16
108000382,100,5,95
108000383,0,133,-133
108900001,132,1348,-1216
108900002,160,37,123
108900003,373,1073,-700
108900004,1932,277,1655
108900007,99,137,-38
108900008,51,136,-85
108900009,20,82,-62
108900010,74,133,-59
108900011,150,365,-215
108900012,165,427,-262
108900013,106,262,-156
108900014,0,81,-81
108900015,0,18,-18
108900016,1,218,-217
108900017,104,130,-26
108900018,54,577,-523
108900019,12,1308,-1296
108900020,27,303,-276
108900021,79,243,-164
108900022,33,2,31
108900023,3,22,-19
108900024,1,186,-185
108900025,46,147,-101
108900026,11,95,-84
108900027,0,79,-79
108900028,40,493,-453
108900029,48,231,-183
108900030,1,89,-88
108900031,51,627,-576
108900032,5,250,-245
108900033,0,71,-71
108900034,2,270,-268
108900035,171,2089,-1918
108900038,2,360,-358
108900039,2,628,-626
108900040,1,105,-104
108900041,5213,1729,3484
108900042,3,279,-276
108900043,27,428,-401
108900044,3,671,-668
108900045,23,718,-695
108900046,39,1187,-1148
108900047,3,82,-79
108900048,60,1216,-1156
108900049,5575,677,4898
108900050,3,279,-276
108900051,0,251,-251
108900052,20,282,-262
108900053,97,106,-9
108900054,37,230,-193
108900055,49,498,-449
108900056,1,169,-168
108900057,0,182,-182
108900058,27,484,-457
108900059,235,15,220
108900060,32,98,-66
108900061,37,29,8
108900062,10,312,-302
108900063,2,423,-421
108900064,69,53,16
108900065,4,347,-343
108900066,117,83,34
108900067,11,216,-205
108900068,4,258,-254
108900069,34,118,-84
108900070,11,153,-142
108900071,46,49,-3
108900072,2222,248,1974
108900073,22,605,-583
108900074,87,548,-461
108900075,65,70,-5
108900076,142,50,92
108900077,209,657,-448
108900078,22,239,-217
108900079,875,197,678
108900080,23,288,-265
108900081,58,276,-218
108900082,26,144,-118
108900083,15,138,-123
108900085,2323,149,2174
108900086,51,417,-366
108900087,121,218,-97
108900088,559,219,340
108900089,15,65,-50
108900090,27,534,-507
108900091,125,126,-1
108900092,230,212,18
108900093,55,44,11
108900094,176,66,110
108900095,35,683,-648
108900096,511,30,481
108900097,176,203,-27
108900098,3158,303,2855
108900099,213,370,-157
108900100,133,150,-17
108900101,126,49,77
108900102,117,486,-369
108900103,24,67,-43
108900105,9,448,-439
108900106,150,610,-460
108900108,146,31,115
108900109,173,35,138
108900110,90,604,-514
108900111,204,804,-600
108900113,30,33,-3
108900114,43,13,30
108900115,26,48,-22
108900116,30,7,23
108900117,63,26,37
108900118,266,4,262
108900119,97,49,48
108900120,191,120,71
108900121,194,31,163
108900122,71,25,46
108900123,55,54,1
108900124,263,100,163
108900125,184,2,182
108900126,54,6,48
108900127,83,12,71
108900128,43,13,30
108900129,415,67,348
108900130,120,0,120
108900131,175,1,174
108900132,266,60,206
108900133,102,33,69
108900134,122,314,-192
108900135,61,5,56
108900136,6,0,6
108900137,42,2,40
108900138,261,10,251
108900140,97,282,-185
108900141,113,6,107
108900142,82,4,78
108900143,17,0,17
108900144,37,0,37
108900145,72,5,67
108900146,36,0,36
108900147,75,0,75
108900148,74,27,47
108900150,136,4,132
108900151,36,0,36
108900152,41,7,34
108900153,47,482,-435
108900154,2744,416,2328
108900156,24,16,8
108900157,4,702,-698
108900158,131,20,111
108900159,2,376,-374
108900160,7,318,-311
108900161,3,556,-553
108900162,34,1,33
108900163,3,164,-161
108900164,53,68,-15
108900168,10381,1726,8655
108900169,44,128,-84
108900171,7103,1325,5778
108900172,116,35,81
108900173,193,354,-161
108900174,312,507,-195
108900176,190,772,-582
108900177,8288,1961,6327
108900178,4960,1530,3430
108900180,35,138,-103
108900183,146,182,-36
108900184,197,133,64
108900185,32,244,-212
108900186,30,352,-322
108900189,117,109,8
108900190,47,3560,-3513
108900192,50,235,-185
108900195,27,421,-394
108900196,21,689,-668
108900199,98,274,-176
108900200,223,252,-29
108900201,236,1143,-907
108900203,222,26,196
108900204,215,11,204
108900205,91,16,75
108900206,149,25,124
108900207,128,26,102
108900208,14,339,-325
108900209,235,546,-311
108900210,114,139,-25
108900211,77,262,-185
108900212,731,673,58
108900215,137,671,-534
108900216,356,80,276
108900217,65,0,65
108900218,86,9,77
108900221,50,76,-26
108900224,20,96,-76
108900225,0,150,-150
108900227,69,96,-27
108900230,341,313,28
108900232,0,456,-456
108900233,123,41,82
108900234,147,60,87
108900235,167,610,-443
108900236,29,346,-317
108900240,42,62,-20
108900241,20,29,-9
108900245,3,467,-464
108900250,147,107,40
108900258,12,295,-283
108900259,23,81,-58
108900260,6,108,-102
108900261,215,143,72
108900262,256,114,142
108900263,76,233,-157
108900264,421,243,178
108900265,1144,233,911
108900266,1266,238,1028
108900267,2,42,-40
108900268,9,11,-2
108900269,34,3,31
108900270,23,5,18
108900271,16,2,14
108900272,82,6,76
108900273,1182,380,802
108900274,22,65,-43
109000001,3145,990,2155
109000002,2806,1294,1512
109000003,1545,486,1059
109000004,418,2350,-1932
109000005,1448,697,751
109000006,578,2078,-1500
109000007,879,648,231
109000008,292,1796,-1504
109000009,2320,1034,1286
109000010,1169,4146,-2977
109000011,1735,1383,352
109000012,1559,4131,-2572
109000013,2196,1615,581
109000014,1168,3728,-2560
109000015,2449,3540,-1091
109000016,9353,4189,5164
109000017,1272,1007,265
109000018,769,3675,-2906
109000019,1778,1142,636
109000020,1141,2307,-1166
109000023,141,20,121
109000024,8,109,-101
109000025,358,342,16
109000026,590,301,289
109000027,81,225,-144
109000028,83,88,-5
109000029,87,141,-54
109000030,64,582,-518
109000031,98,117,-19
109000032,50,532,-482
109000033,214,68,146
109000034,47,42,5
109000035,15,48,-33
109000036,41,429,-388
109000037,155,569,-414
109000038,447,311,136
109000039,570,317,253
109000040,5151,3392,1759
109000041,5178,1134,4044
109000042,850,950,-100
109000044,236,63,173
109000045,71,450,-379
109000046,194,50,144
109000047,44,384,-340
109000048,565,110,455
109000049,185,484,-299
109000050,222,182,40
109000051,277,239,38
109000052,311,1715,-1404
109000053,87,59,28
109000054,48,614,-566
109000055,75,108,-33
109000056,143,492,-349
109000057,199,189,10
109000058,697,168,529
109000059,508,830,-322
109000060,287,214,73
109000061,1457,411,1046
109000062,105,165,-60
109000063,135,172,-37
109000064,80,147,-67
109000065,59,331,-272
109000066,182,119,63
109000067,26,378,-352
109000068,717,8,709
109000069,820,23,797
109000070,13,888,-875
109000071,230,66,164
109000072,77,363,-286
109000073,20,73,-53
109000074,23,248,-225
109000075,48,381,-333
109000076,63,145,-82
109000077,307,260,47
109000078,40,96,-56
109000079,123,259,-136
109000080,90,100,-10
109000081,68,502,-434
109000082,288,286,2
109000083,168,846,-678
109000088,73,425,-352
109000089,183,16,167
109000090,115,465,-350
109000091,155,99,56
109000092,368,659,-291
109000093,121,139,-18
109000094,159,2,157
109000095,56,727,-671
109000096,313,174,139
109000097,66,131,-65
109000098,23,59,-36
109000099,459,355,104
109000100,140,586,-446
109000101,597,878,-281
109000102,248,845,-597
109000103,209,524,-315
109000104,719,657,62
109000105,354,1473,-1119
109000106,971,560,411
109000107,419,1998,-1579
109000108,939,430,509
109000109,325,1859,-1534
109000110,777,346,431
109000111,784,2138,-1354
109000112,261,116,145
109000113,140,113,27
109000114,113,398,-285
109000115,920,98,822
109000116,3,188,-185
109000117,88,144,-56
109000118,20,304,-284
109000119,527,427,100
109000120,120,1309,-1189
109000121,137,72,65
109000122,77,1222,-1145
109000123,20,121,-101
109000124,335,317,18
109000125,372,356,16
109000126,254,936,-682
109000127,342,154,188
109000128,345,2437,-2092
109000129,1022,461,561
109000130,566,2823,-2257
109000131,453,239,214
109000132,583,1784,-1201
109000133,195,1052,-857
109000134,629,1459,-830
109000135,880,1335,-455
109000136,208,398,-190
109000137,123,268,-145
109000138,289,495,-206
109000139,221,472,-251
109000140,71,473,-402
109000141,211,493,-282
109000142,117,570,-453
109000143,64,52,12
109000145,52,199,-147
109000146,97,84,13
109000148,3437,647,2790
109000149,21,39,-18
109000150,100,157,-57
109000155,359,544,-185
109000156,968,800,168
109000158,32,234,-202
109000159,42,585,-543
109000160,406,288,118
109000161,232,1379,-1147
109000162,1270,944,326
109000163,637,1847,-1210
109000164,780,2739,-1959
109000165,787,613,174
109000166,398,124,274
109000167,81,1082,-1001
109000170,54,78,-24
109000171,45,58,-13
109000172,45,62,-17
109000173,32,77,-45
109000174,51,56,-5
109000175,28,110,-82
109000176,154,258,-104
109000177,16,132,-116
109000178,370,509,-139
109000179,6932,2260,4672
109000180,4303,2218,2085
109000181,2,42,-40
109000182,20,82,-62
109000183,18,31,-13
109000184,30,24,6
109000185,19,76,-57
109000188,308,2960,-2652
109000189,1377,851,526
109000190,333,582,-249
109000191,132,609,-477
109000192,189,196,-7
109000193,121,469,-348
109000194,72,135,-63
109000195,52,503,-451
109000196,108,91,17
109000197,118,511,-393
109000198,201,47,154
109000199,59,542,-483
109000206,106,18,88
109000207,104,40,64
109000208,97,67,30
109000209,148,101,47
109000210,213,524,-311
109000211,222,298,-76
109000214,175,727,-552
109000215,93,52,41
109000216,194,128,66
109000217,82,88,-6
109000218,202,111,91
109000221,258,1220,-962
109000222,563,111,452
109000223,144,247,-103
109000224,43,367,-324
109000225,49,37,12
109000226,53,326,-273
109000227,598,1420,-822
109000228,0,262,-262
109000231,0,489,-489
109000232,186,424,-238
109000236,149,732,-583
109000241,1444,2070,-626
109000242,1032,1266,-234
109000293,6,47,-41
109000361,108,271,-163
109000364,135,563,-428
109000396,3,881,-878
109000397,213,4,209
109000399,123,646,-523
109000400,52,375,-323
109000403,32,241,-209
109000406,384,12,372
109000407,134,206,-72
109000408,0,952,-952
109000410,450,124,326
109000411,79,12,67
109900001,42,0,42
109900002,359,5,354
109900003,82,0,82
109900004,470,209,261
109900005,9,2,7
109900006,187,289,-102
109900007,291,961,-670
109900008,0,34,-34
109900009,55,803,-748
109900010,277,8,269
109900011,50,40,10
109900012,117,121,-4
109900013,218,79,139
109900014,139,45,94
109900015,310,126,184
109900016,50,47,3
109900017,59,86,-27
109900018,98,88,10
109900019,78,65,13
109900020,14,30,-16
109900021,5,23,-18
109900022,63,425,-362
109900023,6,2,4
109900024,11,1,10
109900025,4,74,-70
109900026,2,184,-182
109900027,26,21,5
109900028,2212,411,1801
109900029,5,661,-656
109900030,29,11,18
109900031,0,68,-68
109900032,2,295,-293
109900033,0,573,-573
109900034,9,1,8
109900035,3,15,-12
109900036,12,90,-78
109900037,11,675,-664
109900038,38,240,-202
109900039,13,1,12
109900040,16,704,-688
109900041,29,541,-512
109900042,5,438,-433
109900044,49,243,-194
109900045,111,30,81
109900046,54,65,-11
109900047,280,327,-47
109900048,0,74,-74
109900049,0,20,-20
109900050,3,307,-304
109900051,0,47,-47
109900052,24,222,-198
109900053,7,560,-553
109900054,221,164,57
109900055,19,234,-215
109900056,18,123,-105
109900057,7,283,-276
109900058,0,109,-109
109900059,292,63,229
109900060,272,175,97
109900061,64,278,-214
109900062,0,340,-340
109900063,7,239,-232
109900064,195,223,-28
109900065,107,83,24
109900066,202,1118,-916
109900067,0,525,-525
109900068,17,4,13
109900069,1,30,-29
109900070,30,289,-259
109900071,5,25,-20
109900072,10,117,-107
109900073,137,819,-682
109900074,4,34,-30
109900075,13,29,-16
109900076,11,610,-599
109900077,30,47,-17
109900078,61,292,-231
109900080,87,311,-224
109900081,7,108,-101
109900082,32,435,-403
109900083,11,38,-27
109900084,36,153,-117
109900085,136,1264,-1128
109900086,107,177,-70
109900087,242,336,-94
109900089,253,63,190
109900090,408,1240,-832
109900091,101,87,14
109900092,200,7,193
109900093,326,78,248
109900094,30,86,-56
109900095,88,211,-123
109900096,21,4,17
109900097,52,1,51
109900098,177,8,169
109900099,87,0,87
109900100,12,0,12
109900101,188,10,178
109900102,242,19,223
109900103,8,51,-43
109900104,201,1235,-1034
109900105,234,25,209
109900106,111,56,55
109900107,153,60,93
109900108,43,452,-409
109900109,14,174,-160
109900110,53,470,-417
109900111,243,1381,-1138
109900112,372,1040,-668
109900113,367,264,103
109900114,392,285,107
109900115,100,79,21
109900117,431,95,336
109900118,194,388,-194
109900119,461,246,215
109900120,35,9,26
109900121,266,232,34
109900122,185,4,181
109900123,8,184,-176
109900124,27,845,-818
109900125,1,222,-221
109900126,92,179,-87
109900128,104,39,65
109900130,12131,1097,11034
109900131,62,142,-80
109900132,25,168,-143
109900133,64,353,-289
109900134,37,46,-9
109900135,428,70,358
109900136,16,107,-91
109900137,32,409,-377
109900140,82,310,-228
109900142,457,223,234
109900145,1,133,-132
109900146,260,41,219
109900148,30,62,-32
109900149,31,43,-12
109900150,10,64,-54
109900151,3,45,-42
109900152,1,35,-34
109900153,0,44,-44
109900154,5,0,5
109900155,16,13,3
109900157,35,325,-290
109900158,28,103,-75
109900159,97,27,70
109900160,82,43,39
109900161,147,53,94
109900162,91,49,42
109900163,641,230,411
109900164,32,231,-199
109900165,143,3,140
109900166,1,178,-177
109900167,117,711,-594
109900168,97,608,-511
109900169,72,143,-71
109900170,121,334,-213
109900171,80,73,7
109900172,71,127,-56
109900173,3974,1085,2889
109900174,38,187,-149
109900175,25,64,-39
109900176,79,173,-94
109900177,20,261,-241
109900178,12,99,-87
109900179,21,32,-11
109900180,2,10,-8
110000001,548,479,69
110000002,536,443,93
110000003,781,590,191
110000004,443,389,54
110000005,668,1008,-340
110000006,567,302,265
110000007,110,186,-76
110000008,10,49,-39
110000009,16,42,-26
110000010,18,45,-27
110000011,16,84,-68
110000012,662,390,272
110000013,26,264,-238
110000014,645,356,289
110000015,226,375,-149
110000016,219,755,-536
110000017,3714,239,3475
110000018,3558,458,3100
110000019,6,125,-119
110000020,385,209,176
110000021,517,318,199
110000022,524,121,403
110000023,4,166,-162
110000024,518,368,150
110000025,93,2,91
110000026,6,571,-565
110000027,470,294,176
110000028,538,646,-108
110000029,503,978,-475
110000030,195,249,-54
110000031,154,537,-383
110000032,449,403,46
110000033,91,71,20
110000034,137,772,-635
110000035,294,930,-636
110000036,352,706,-354
110000037,86,607,-521
110000038,140,506,-366
110000039,509,1216,-707
110000040,197,523,-326
110000041,175,589,-414
110000042,122,264,-142
110000043,483,182,301
110000044,75,28,47
110000045,324,83,241
110000046,4,7,-3
110000047,27,12,15
110000048,14,4,10
110000049,44,7,37
110000050,7,8,-1
110000051,16,13,3
110000052,33,29,4
110000053,51,1,50
110000054,94,209,-115
110000055,187,27,160
110000056,126,45,81
110000057,176,815,-639
110000058,552,507,45
110000059,537,553,-16
110000060,415,808,-393
110000061,761,875,-114
110000062,709,688,21
110000063,31,81,-50
110000064,30,102,-72
110000065,44,76,-32
110000066,48,41,7
110000067,41,292,-251
110000068,106,589,-483
110000069,121,77,44
110000071,45,143,-98
110000073,0,10,-10
110000075,4,75,-71
110000076,245,173,72
110000077,529,419,110
110000078,8,40,-32
110000080,206,667,-461
110000081,28,177,-149
110000082,22,159,-137
110000083,179,547,-368
110000084,550,460,90
110000085,2858,1282,1576
110000086,1113,986,127
110000087,2,54,-52
110000088,37,217,-180
110000089,213,163,50
110000090,39,288,-249
110000091,1876,248,1628
110000092,12,71,-59
110000093,38,4,34
110000094,360,206,154
110000095,75,487,-412
110000096,3971,1495,2476
110000097,811,787,24
110000098,1195,466,729
110000099,658,1376,-718
110000100,334,884,-550
110000101,18,507,-489
110000102,52,23,29
110000104,90,93,-3
110000105,36,285,-249
110000106,397,255,142
110000107,347,359,-12
110000108,182,32,150
110000109,238,257,-19
110000110,4382,2618,1764
110000111,7773,1848,5925
110000112,1460,409,1051
110000113,608,878,-270
110000114,89,302,-213
110000115,146,242,-96
110000116,26,28,-2
110000117,79,610,-531
110000118,235,246,-11
110000119,124,386,-262
110000120,211,198,13
110000121,102,295,-193
110000122,201,510,-309
110000123,287,371,-84
110000124,1,786,-785
110000125,664,3,661
110000126,187,17,170
110000127,444,22,422
110000128,26,1255,-1229
110000129,5,779,-774
110000130,197,82,115
110000131,92,551,-459
110000132,2,665,-663
110000133,26,226,-200
110000134,20,285,-265
110000135,136,19,117
110000136,26,283,-257
110000137,262,613,-351
110000138,321,879,-558
110000139,475,1378,-903
110000140,591,350,241
110000143,605,327,278
110000144,4131,854,3277
110000145,1062,603,459
110000146,1248,604,644
110000147,206,496,-290
110000148,264,347,-83
110000151,643,494,149
110000152,515,220,295
110000153,22,100,-78
110000154,2,12,-10
110000155,1204,1816,-612
110000156,587,1130,-543
110000157,954,1267,-313
110000160,219,373,-154
110000161,116,373,-257
110000166,155,107,48
110000167,431,385,46
110000168,589,276,313
110000169,475,280,195
110000170,50,80,-30
110000171,451,166,285
110000172,120,806,-686
110000173,1112,1174,-62
110000174,57,1572,-1515
110000175,266,115,151
110000176,18,227,-209
110000177,117,598,-481
110000178,417,633,-216
110000179,1423,353,1070
110000180,78,319,-241
110000181,142,302,-160
110000182,428,257,171
110000183,10926,4198,6728
110000184,713,1464,-751
110000185,728,569,159
110000186,564,581,-17
110000191,329,422,-93
110000192,190,3,187
110000193,298,5,293
110000194,10,1572,-1562
110000195,195,418,-223
110000196,184,552,-368
110000197,33,243,-210
110000198,71,90,-19
110000199,40,90,-50
110000200,1222,581,641
110000201,380,463,-83
110000202,919,434,485
110000203,594,899,-305
110000204,5,358,-353
110000205,49,67,-18
110000206,562,1776,-1214
110000207,345,280,65
110000208,106,103,3
110000209,87,925,-838
110000210,449,659,-210
110000211,401,722,-321
110000212,288,712,-424
110000213,77,57,20
110000214,60,92,-32
110000215,82,625,-543
110000216,48,658,-610
110000217,159,272,-113
110000218,99,472,-373
110000219,152,77,75
110000220,20,418,-398
110000221,121,59,62
110000222,22,376,-354
110000223,7,92,-85
110000224,119,13,106
110000225,142,492,-350
110000226,110,36,74
110000227,486,400,86
110000228,346,350,-4
110000229,0,282,-282
110000230,385,583,-198
110000231,140,150,-10
110000232,98,183,-85
110000233,124,271,-147
110000234,490,299,191
110000235,1044,734,310
110000236,294,962,-668
110000237,1010,1036,-26
110000238,635,1214,-579
110000239,916,1273,-357
110000240,2,97,-95
110000242,0,19,-19
110000243,62,204,-142
110000244,102,409,-307
110000245,20,495,-475
110000246,385,610,-225
110000247,1498,3564,-2066
110000248,2305,1342,963
110000249,68,4,64
110000250,13,225,-212
110000251,80,462,-382
110000252,161,209,-48
110000253,776,345,431
110000254,606,1392,-786
110000255,141,1293,-1152
110000256,307,174,133
110000257,534,372,162
110000258,8,515,-507
110000259,49,25,24
110000260,13,413,-400
110000263,648,71,577
110000264,147,626,-479
110000265,772,1175,-403
110000266,1375,1689,-314
110000267,7,159,-152
110000268,195,542,-347
110000269,3,77,-74
110000270,25,2,23
110000271,2169,231,1938
110000272,689,749,-60
110000273,2013,1156,857
110000274,139,754,-615
110000275,3069,398,2671
110000276,91,181,-90
110000277,101,382,-281
110000278,156,846,-690
110000279,471,659,-188
110000280,132,386,-254
110000281,20,178,-158
110000282,194,52,142
110000283,37,65,-28
110000284,36,47,-11
110000285,2,200,-198
110000286,25,0,25
110000287,19,4,15
110000288,3,60,-57
110000289,392,1074,-682
110000290,1125,512,613
110000291,6077,1321,4756
110000292,1017,2948,-1931
110000293,296,1118,-822
110000294,484,730,-246
110000295,72,880,-808
110000296,215,243,-28
110000297,2480,230,2250
110000298,286,461,-175
110000299,582,20,562
110000301,148,20,128
110000302,214,1377,-1163
110000303,195,7,188
110000304,76,273,-197
110000305,427,9,418
110000306,95,1839,-1744
110000307,730,8,722
110000308,220,5,215
110000309,11,1482,-1471
110000310,340,84,256
110000311,17,873,-856
110000312,432,44,388
110000313,2539,1841,698
110000314,3,198,-195
110000315,2599,1509,1090
110000316,608,1041,-433
110000317,403,258,145
110000318,1,64,-63
110000319,12,20,-8
110000320,23,50,-27
110000321,24,52,-28
110000322,136,469,-333
110000323,174,215,-41
110000324,4779,1043,3736
110000325,2011,1693,318
110000327,269,135,134
110000328,134,486,-352
110000333,418,387,31
110000334,467,1274,-807
110000335,787,509,278
110000336,325,1408,-1083
110000337,671,490,181
110000338,131,257,-126
110000339,113,248,-135
110000340,10,183,-173
110000341,192,542,-350
110000342,317,2,315
110000343,0,17,-17
110000344,61,181,-120
110000345,89,63,26
110000346,1952,1122,830
110000347,870,686,184
110000348,5,21,-16
110000349,7,24,-17
110000350,32,5,27
110000351,459,698,-239
110000352,350,1369,-1019
110000353,3144,686,2458
110000354,638,1565,-927
110000355,54,54,0
110000356,527,10,517
110000357,136,6,130
110000361,6,113,-107
110000362,21,78,-57
110000363,118,140,-22
110000364,77,367,-290
110000365,123,3,120
110000366,1,80,-79
110000367,225,211,14
110000368,3,73,-70
110000369,11,5,6
110000373,12,332,-320
110000374,35,9,26
110000375,148,665,-517
110000376,30,152,-122
110000377,65,352,-287
110000378,27,263,-236
110000379,3697,1009,2688
110000380,64,7,57
110000383,0,890,-890
110000384,2217,706,1511
110000385,0,163,-163
110000387,50,4,46
110000388,36,206,-170
110000389,279,3,276
110000391,168,409,-241
110000396,54,126,-72
110000397,60,207,-147
110000398,9,30,-21
110000399,100,0,100
110000587,51,36,15
110000589,170,196,-26
110000640,132,111,21
110000652,4,107,-103
110000653,192,523,-331
110000654,22,28,-6
110000656,1,711,-710
110000674,16,6,10
110000675,45,5,40
110000676,7,43,-36
110000679,665,501,164
110000682,105,120,-15
110000683,343,430,-87
110000684,0,60,-60
110000685,2,4,-2
110000686,0,23,-23
110000687,11,0,11
110000688,29,509,-480
110000689,22,42,-20
110000692,42,252,-210
110000693,86,165,-79
110000694,0,100,-100
110000695,115,610,-495
110000696,113,106,7
110900001,172,5,167
110900002,126,234,-108
110900003,292,958,-666
110900004,191,226,-35
110900005,3721,938,2783
110900006,41,11,30
110900007,49,12,37
110900008,11,63,-52
110900009,250,30,220
110900010,8,72,-64
110900011,4,93,-89
110900012,1,128,-127
110900013,464,134,330
110900014,89,16,73
110900015,969,358,611
110900016,12,191,-179
110900017,195,53,142
110900018,327,45,282
110900019,71,27,44
110900020,30,502,-472
110900021,61,588,-527
110900022,42,422,-380
110900023,54,542,-488
110900024,32,549,-517
110900025,0,43,-43
110900027,26,271,-245
110900028,28,184,-156
110900029,28,458,-430
110900030,16,392,-376
110900031,1,160,-159
110900032,0,122,-122
110900033,26,324,-298
110900035,23,414,-391
110900036,38,20,18
110900037,31,14,17
110900038,1365,200,1165
110900039,15,217,-202
110900040,135,40,95
110900041,4,148,-144
110900042,39,38,1
110900043,4,135,-131
110900044,250,23,227
110900045,33,603,-570
110900046,119,332,-213
110900047,752,82,670
110900049,16,38,-22
110900050,4,5,-1
110900051,31,164,-133
110900052,6,191,-185
110900053,38,56,-18
110900054,19,352,-333
110900055,9,2,7
110900056,45,99,-54
110900057,4,230,-226
110900058,77,216,-139
110900059,513,751,-238
110900060,286,88,198
110900061,26,30,-4
110900062,77,323,-246
110900063,29,96,-67
110900064,18,0,18
110900065,418,62,356
110900066,7,62,-55
110900067,443,428,15
110900068,235,244,-9
110900069,1,34,-33
110900070,55,53,2
110900071,273,266,7
110900073,0,14,-14
110900074,175,60,115
110900075,208,46,162
110900077,267,367,-100
110900078,6,161,-155
110900079,2317,583,1734
110900080,63,55,8
110900081,0,109,-109
110900082,54,266,-212
110900083,65,30,35
110900084,24,184,-160
110900085,39,279,-240
110900086,36,155,-119
110900087,98,40,58
110900088,9,0,9
110900090,26,14,12
110900091,6,56,-50
110900093,195,77,118
110900095,46,41,5
110900097,7,15,-8
110900098,19,97,-78
110900099,51,513,-462
110900100,0,32,-32
110900102,21,16,5
110900105,501,380,121
110900108,7,140,-133
110900111,249,81,168
110900112,380,2,378
110900113,528,39,489
110900115,7,109,-102
110900116,294,2539,-2245
110900118,142,1226,-1084
110900119,5281,213,5068
110900120,5,134,-129
110900121,46,0,46
110900122,139,118,21
110900125,211,209,2
110900127,295,620,-325
110900128,437,244,193
110900129,322,308,14
110900130,1046,282,764
110900131,64,46,18
110900132,137,29,108
110900133,44,295,-251
110900135,39,556,-517
110900136,136,7,129
110900139,21,0,21
110900140,3,0,3
110900141,167,63,104
110900142,39,217,-178
110900143,75,75,0
110900144,2,768,-766
110900145,61,18,43
110900146,236,50,186
110900147,177,217,-40
110900148,1,336,-335
110900149,0,58,-58
110900150,9,22,-13
110900151,2,63,-61
110900152,7,417,-410
110900153,69,28,41
111000001,299,324,-25
111000002,558,621,-63
111000003,551,508,43
111000004,443,1118,-675
111000005,698,599,99
111000006,813,1151,-338
111000007,3776,1502,2274
111000008,3269,2880,389
111000009,302,820,-518
111000010,501,236,265
111000011,349,848,-499
111000012,440,222,218
111000013,246,1140,-894
111000014,674,494,180
111000017,111,499,-388
111000018,189,350,-161
111000020,2025,2223,-198
111000021,99,99,0
111000023,62,180,-118
111000025,6639,2091,4548
111000029,55,99,-44
111000030,23,82,-59
111000031,1721,661,1060
111000032,491,164,327
111000033,291,122,169
111000034,273,188,85
111000037,2850,1343,1507
111000038,3049,2297,752
111000039,1207,2399,-1192
111000040,1189,2620,-1431
111000041,1524,1595,-71
111000042,5880,2771,3109
111000043,1531,1460,71
111000044,999,637,362
111000045,1064,1402,-338
111000046,722,1078,-356
111000047,1367,1853,-486
111000049,297,495,-198
111000050,1720,1705,15
111000051,387,1080,-693
111000052,567,1449,-882
111000053,287,1125,-838
111000054,223,1004,-781
111000055,1111,2044,-933
111000056,80,620,-540
111000057,74,1026,-952
111000058,169,105,64
111000059,216,300,-84
111000060,2046,747,1299
111000061,307,323,-16
111000062,502,194,308
111000063,1297,637,660
111000064,334,444,-110
111000065,745,596,149
111000066,208,237,-29
111000067,278,629,-351
111000068,210,715,-505
111000069,1442,1801,-359
111000070,2214,1139,1075
111000071,285,661,-376
111000072,496,357,139
111000073,153,538,-385
111000074,1159,1092,67
111000075,508,550,-42
111000076,199,723,-524
111000077,925,1170,-245
111000078,1713,1061,652
111000079,1195,725,470
111000080,328,694,-366
111000081,2041,2596,-555
111000082,400,638,-238
111000084,459,487,-28
111000085,810,1592,-782
111000086,3019,1214,1805
111000087,605,879,-274
111000088,5608,1582,4026
111000089,522,926,-404
111000090,921,1499,-578
111000091,536,699,-163
111000092,683,1040,-357
111000093,381,648,-267
111000094,1340,751,589
111000095,838,1735,-897
111000096,2648,5662,-3014
111000097,5943,1132,4811
111000098,487,1251,-764
111000099,353,2604,-2251
111000100,267,2527,-2260
111000101,343,843,-500
111000102,111,823,-712
111000104,181,183,-2
111000107,40,744,-704
111000109,219,188,31
111000110,574,489,85
111000111,922,434,488
111000112,916,248,668
111000113,616,524,92
111000114,1594,1419,175
111000115,7159,740,6419
111000116,765,642,123
111000117,400,725,-325
111000118,1307,916,391
111000119,652,1421,-769
111000120,268,529,-261
111000121,213,479,-266
111000122,330,1031,-701
111000123,743,3244,-2501
111000124,317,3740,-3423
111000125,175,2057,-1882
111000126,61,1006,-945
111000127,496,204,292
111000128,764,333,431
111000129,1264,421,843
111000130,933,641,292
111000131,673,527,146
111000132,516,409,107
111000133,81,174,-93
111000134,74,149,-75
111000135,21,105,-84
111000136,176,278,-102
111000138,4,13,-9
111000140,1,0,1
111000141,216,294,-78
111000142,37,123,-86
111000143,0,88,-88
111000144,20,121,-101
111000145,761,14,747
111000146,44,6,38
111000147,263,28,235
111000148,106,62,44
111000149,4,36,-32
111000150,6,9,-3
111000151,2,21,-19
111000153,542,603,-61
111000154,765,205,560
111000155,73,131,-58
111000156,344,321,23
111000157,165,417,-252
111000158,825,445,380
111000159,2483,603,1880
111000160,255,393,-138
111000161,8,273,-265
111000162,8,153,-145
111000163,382,623,-241
111000164,732,2154,-1422
111000165,1178,441,737
111000166,1336,320,1016
111000167,150,446,-296
111000168,201,414,-213
111000169,238,533,-295
111000170,446,458,-12
111000171,337,1009,-672
111000172,77,822,-745
111000173,172,1574,-1402
111000174,81,645,-564
111000175,38,229,-191
111000176,118,217,-99
111000177,102,271,-169
111000178,442,335,107
111000179,97,218,-121
111000180,109,288,-179
111000181,423,272,151
111000182,88,169,-81
111000183,176,247,-71
111000184,259,199,60
111000185,291,463,-172
111000186,181,316,-135
111000187,95,270,-175
111000188,106,424,-318
111000189,1543,541,1002
111000190,191,495,-304
111000191,143,461,-318
111000192,185,682,-497
111000193,344,368,-24
111000194,26,415,-389
111000195,94,464,-370
111000196,60,397,-337
111000197,172,151,21
111000198,247,108,139
111000199,57,115,-58
111000200,126,302,-176
111000201,263,210,53
111000202,164,227,-63
111000203,165,174,-9
111000204,326,450,-124
111000213,121,313,-192
111000214,1120,1762,-642
111000215,694,1369,-675
111000217,889,1013,-124
111000218,767,918,-151
111000219,363,209,154
111000220,2619,417,2202
111000221,670,96,574
111000224,100,292,-192
111000225,254,170,84
111000226,152,1,151
111000227,40,4,36
111000228,3,184,-181
111000229,13,320,-307
111000230,165,497,-332
111000231,525,1372,-847
111000232,223,778,-555
111000233,340,721,-381
111000234,31,183,-152
111000239,105,179,-74
111000240,18,84,-66
111000241,17,428,-411
111000242,49,59,-10
111000243,68,817,-749
111000244,117,103,14
111000245,442,603,-161
111000246,224,669,-445
111000247,100,1197,-1097
111000248,296,431,-135
111000249,343,849,-506
111000250,23,135,-112
111000251,27,131,-104
111000253,12,14,-2
111000255,25,5,20
111000257,75,17,58
111000260,58,1384,-1326
111000261,469,66,403
111000271,41,295,-254
111000273,6454,1342,5112
111000274,820,1473,-653
111000275,86,75,11
111000276,226,2383,-2157
111000277,102,437,-335
111000278,427,255,172
111000291,475,2407,-1932
111000298,201,230,-29
111000299,519,78,441
111000300,75,653,-578
111000302,181,61,120
111000303,71,362,-291
111000312,48,61,-13
111000315,26,272,-246
111000320,239,641,-402
111000321,170,49,121
111000322,147,536,-389
111000323,112,10,102
111000324,272,286,-14
111000325,17,42,-25
111000326,63,353,-290
111000327,314,634,-320
111000328,147,376,-229
111000329,4,19,-15
111000330,21,5,16
111000331,71,10,61
111000332,269,1116,-847
111000334,327,1628,-1301
111000335,278,168,110
111000337,402,385,17
111000338,36,108,-72
111000339,120,621,-501
111000340,66,839,-773
111000341,609,316,293
111000342,101,303,-202
111000344,511,662,-151
111000345,237,44,193
111000346,41,111,-70
111000347,46,1,45
111000350,114,160,-46
111000351,70,248,-178
111000352,94,129,-35
111000353,41,192,-151
111000354,294,146,148
111000355,270,556,-286
111000358,74,1852,-1778
111000360,86,1038,-952
111000361,95,415,-320
111000546,259,675,-416
111000547,175,715,-540
111000548,51,173,-122
111000549,128,382,-254
111000550,79,370,-291
111000551,632,126,506
111000552,619,55,564
111000907,217,23,194
111000908,15,0,15
111000916,572,248,324
111000917,30,379,-349
111000918,102,1120,-1018
111000920,251,11,240
111000921,2,397,-395
111000922,194,284,-90
111000924,45,1160,-1115
111000925,1179,1419,-240
111000926,900,2754,-1854
111000927,2507,2809,-302
111000928,5248,3661,1587
111000929,703,762,-59
111000930,514,2306,-1792
111000931,1287,1390,-103
111000932,3466,2263,1203
111000933,2693,1472,1221
111000934,1990,2628,-638
111000935,609,910,-301
111000936,673,2165,-1492
111000937,610,1006,-396
111000938,1515,2429,-914
111000939,163,58,105
111000940,159,225,-66
111000941,104,693,-589
111000943,118,204,-86
111000944,60,630,-570
111000945,48,2260,-2212
111001109,347,166,181
111001110,158,654,-496
111001111,20,3,17
111001112,88,3,85
111001113,10,99,-89
111001114,1222,102,1120
111001115,132,212,-80
111001116,5095,1668,3427
111001117,577,796,-219
111001120,69,356,-287
111001121,137,358,-221
111001122,159,656,-497
111001123,96,129,-33
111001124,53,437,-384
111001125,0,22,-22
111001126,0,1,-1
111001127,0,0,0
111900001,2,295,-293
111900002,6,791,-785
111900003,4,443,-439
111900004,26,156,-130
111900006,6,7,-1
111900007,39,2,37
111900008,46,3,43
111900009,50,1,49
111900010,253,503,-250
111900012,53,104,-51
111900013,7,69,-62
111900014,7525,1840,5685
111900015,0,50,-50
111900016,5,172,-167
111900017,2,143,-141
111900018,47,1,46
111900019,3,86,-83
111900020,7,41,-34
111900021,49,71,-22
111900022,8,59,-51
111900023,126,70,56
111900024,8,62,-54
111900025,0,23,-23
111900026,1,89,-88
111900027,9,184,-175
111900028,1,459,-458
111900029,1,79,-78
111900030,61,408,-347
111900031,0,10,-10
111900032,6,491,-485
111900033,2,84,-82
111900034,228,610,-382
111900035,27,220,-193
111900036,2,365,-363
111900038,316,645,-329
111900039,30,407,-377
111900040,6,755,-749
111900042,24,89,-65
111900043,4,494,-490
111900044,236,255,-19
111900046,63,234,-171
111900048,101,1005,-904
111900049,27,312,-285
111900050,38,9,29
111900051,5,320,-315
111900052,406,529,-123
111900053,1348,408,940
111900054,50,0,50
111900055,24,721,-697
111900056,223,89,134
111900057,31,52,-21
111900058,163,904,-741
111900059,2481,232,2249
111900060,138,0,138
111900061,13,285,-272
111900062,14,30,-16
111900063,110,205,-95
111900064,185,271,-86
111900065,30,9,21
111900066,87,125,-38
111900067,0,398,-398
111900068,7,10,-3
111900069,32,8,24
111900070,40,123,-83
111900071,0,291,-291
111900072,5,6,-1
111900073,243,78,165
111900074,6,133,-127
111900075,36,1,35
111900076,48,22,26
111900077,8,1,7
111900078,106,8,98
111900079,30,6,24
111900080,145,105,40
111900082,61,10,51
111900083,33,4,29
111900084,15,4,11
111900085,16,42,-26
111900086,30,7,23
111900087,17,0,17
111900088,204,3,201
111900089,37,2,35
111900090,58,21,37
111900091,116,16,100
111900092,29,0,29
111900093,125,4,121
111900094,28,0,28
111900095,92,8,84
111900096,67,0,67
111900097,12,0,12
111900098,86,0,86
111900099,18,0,18
111900100,86,3,83
111900101,48,14,34
111900102,156,837,-681
111900103,68,51,17
111900104,89,41,48
111900105,161,84,77
111900106,1387,60,1327
111900110,2925,254,2671
111900111,35,270,-235
111900112,727,979,-252
111900113,271,91,180
111900118,185,34,151
111900119,164,59,105
111900122,58,22,36
111900123,6,3,3
111900124,30,93,-63
111900125,165,10,155
111900126,90,4,86
111900127,3,674,-671
111900128,2,696,-694
111900129,143,45,98
111900130,98,11,87
111900131,145,1,144
111900132,27,1468,-1441
111900133,8,332,-324
111900134,20,296,-276
111900135,9,11,-2
111900136,66,91,-25
111900137,75,45,30
111900138,13,100,-87
111900139,8,168,-160
111900140,42,7,35
111900141,18,7,11
111900142,26,28,-2
111900143,11,214,-203
111900144,1,138,-137
111900145,6,751,-745
111900146,3,366,-363
111900147,156,633,-477
111900148,30,885,-855
111900149,5,420,-415
111900150,18,189,-171
111900151,5,15,-10
111900152,93,55,38
111900153,1529,194,1335
111900154,11,159,-148
111900155,50,29,21
111900156,21,14,7
111900157,37,7,30
111900158,178,15,163
111900159,94,10,84
111900160,115,3,112
111900161,46,0,46
111900162,103,87,16
111900163,35,242,-207
111900164,93,31,62
111901113,136,294,-158
111901114,82,425,-343
111901115,38,0,38
111901116,29,1,28
111901117,9,16,-7
111901118,139,125,14
111901119,1340,66,1274
111901121,154,349,-195
111901122,6,686,-680
111901123,54,470,-416
111901124,82,1,81
111901125,91,221,-130
111901127,903,161,742
111901128,13,81,-68
111901129,2,180,-178
111901130,5,289,-284
111901131,4,319,-315
111901132,15,7,8
111901133,20,2,18
111901134,31,0,31
111901135,7,2,5
111901136,0,5,-5
111901138,82,38,44
111901139,8,55,-47
111901140,2,160,-158
111901141,11,221,-210
111901142,9,197,-188
111901143,0,95,-95
111901144,24,34,-10
111901145,129,136,-7
111901146,318,15,303
111901147,767,62,705
111901148,22,22,0
111901149,5,3,2
111901150,1,0,1
112000001,928,640,288
112000002,681,2461,-1780
112000003,382,734,-352
112000004,468,1581,-1113
112000005,1424,1375,49
112000006,1295,1895,-600
112000007,1276,1022,254
112000008,1639,2725,-1086
112000009,3634,3410,224
112000010,1430,1947,-517
112000011,1443,2037,-594
112000012,3720,1515,2205
112000013,4516,2635,1881
112000014,1891,604,1287
112000015,2450,1913,537
112000016,2832,548,2284
112000017,1249,1001,248
112000024,2068,648,1420
112000026,4076,4857,-781
112000027,609,375,234
112000028,1441,1603,-162
112000029,229,378,-149
112000030,198,105,93
112000031,1014,2024,-1010
112000032,423,48,375
112000033,1348,683,665
112000034,217,33,184
112000035,61,211,-150
112000036,563,417,146
112000037,559,580,-21
112000038,557,688,-131
112000039,17,77,-60
112000040,121,310,-189
112000041,425,464,-39
112000042,953,266,687
112000050,642,998,-356
112000051,552,602,-50
112000054,1402,2303,-901
112000057,331,278,53
112000058,283,351,-68
112000059,559,417,142
112000061,4626,1442,3184
112000062,2346,434,1912
112000063,1665,601,1064
112000064,4157,4926,-769
112000065,2342,2522,-180
112000066,2616,812,1804
112000067,749,620,129
112000068,1605,1143,462
112000069,640,1977,-1337
112000070,1192,543,649
112000071,600,3041,-2441
112000072,803,726,77
112000073,1155,1661,-506
112000074,833,692,141
112000075,732,840,-108
112000076,2534,2788,-254
112000077,270,705,-435
112000078,789,662,127
112000079,817,1257,-440
112000080,347,829,-482
112000081,1059,1676,-617
112000082,832,638,194
112000083,457,1435,-978
112000084,724,590,134
112000085,750,1292,-542
112000086,921,1506,-585
112000087,217,463,-246
112000088,247,708,-461
112000089,142,266,-124
112000090,110,373,-263
112000091,543,1122,-579
112000092,911,776,135
112000093,1355,1063,292
112000094,261,762,-501
112000095,469,699,-230
112000096,240,660,-420
112000097,611,466,145
112000098,694,1557,-863
112000099,434,640,-206
112000100,776,711,65
112000101,322,936,-614
112000102,546,540,6
112000103,214,1217,-1003
112000105,474,2450,-1976
112000106,669,434,235
112000107,39,101,-62
112000108,148,1755,-1607
112000109,66,95,-29
112000110,993,442,551
112000111,1204,3963,-2759
112000112,2345,492,1853
112000113,843,2047,-1204
112000114,1271,830,441
112000115,145,521,-376
112000116,183,976,-793
112000117,503,683,-180
112000118,611,843,-232
112000119,250,1062,-812
112000120,49,333,-284
112000121,58,730,-672
112000122,141,111,30
112000123,321,156,165
112000124,186,46,140
112000125,65,142,-77
112000126,103,794,-691
112000127,1959,989,970
112000128,1133,459,674
112000129,78,100,-22
112000130,75,56,19
112000131,16,460,-444
112000132,68,287,-219
112000133,175,344,-169
112000134,312,361,-49
112000135,571,553,18
112000136,773,1224,-451
112000137,891,1184,-293
112000138,1137,1119,18
112000139,620,243,377
112000140,973,904,69
112000141,300,187,113
112000142,105,866,-761
112000143,439,163,276
112000144,212,1785,-1573
112000145,1232,585,647
112000146,528,2575,-2047
112000147,1298,1384,-86
112000148,1423,2533,-1110
112000149,165,862,-697
112000150,107,604,-497
112000151,288,499,-211
112000152,134,416,-282
112000153,286,256,30
112000154,80,136,-56
112000155,102,117,-15
112000157,545,400,145
112000158,118,682,-564
112000159,229,290,-61
112000167,110,35,75
112000169,277,269,8
112000173,311,193,118
112000175,170,352,-182
112000176,4455,1586,2869
112000177,211,92,119
112000178,47,499,-452
112000179,84,185,-101
112000180,166,256,-90
112000181,852,1796,-944
112000182,397,1983,-1586
112000183,28,53,-25
112000184,117,496,-379
112000185,200,594,-394
112000187,2173,1933,240
112000195,52,2,50
112000196,50,0,50
112000197,36,82,-46
112000198,23,366,-343
112000199,866,752,114
112000202,202,2,200
112000216,39,162,-123
112000230,16,3,13
112000231,3,314,-311
112000256,27,146,-119
112000313,97,114,-17
112000314,12,10,2
112000337,192,476,-284
112000352,197,138,59
112000392,1609,1115,494
112000398,678,649,29
112000399,2324,1247,1077
112000400,1532,4107,-2575
112000401,2329,2500,-171
112000402,1106,1718,-612
112000403,1636,1421,215
112000404,302,578,-276
112000405,1034,2121,-1087
112000406,2970,3044,-74
112000407,3220,4528,-1308
112000408,7455,6746,709
112000409,1464,4735,-3271
112000410,229,103,126
112000411,5008,672,4336
112000412,1016,262,754
112000413,9304,2021,7283
112000414,76,124,-48
112000415,68,40,28
112000416,1349,1199,150
112000417,148,66,82
112000421,24,146,-122
112000422,201,518,-317
112000424,2450,1423,1027
112000425,333,1410,-1077
112000426,68,214,-146
112000427,1,14,-13
112000428,90,480,-390
112000429,1636,2373,-737
112000430,1543,2613,-1070
112000431,34,79,-45
112000432,522,2330,-1808
112000433,421,573,-152
112000437,25,363,-338
112900001,31,0,31
112900002,115,1356,-1241
112900003,20,309,-289
112900004,21,368,-347
112900005,79,206,-127
112900006,6,492,-486
112900007,12,218,-206
112900008,7,13,-6
112900009,274,68,206
112900010,141,847,-706
112900011,280,326,-46
112900012,0,42,-42
112900013,0,134,-134
112900014,2,267,-265
112900015,298,791,-493
112900016,1,345,-344
112900017,31,187,-156
112900018,1,450,-449
112900019,68,135,-67
112900020,349,1386,-1037
112900021,5,355,-350
112900022,3,98,-95
112900023,2,333,-331
112900024,24,185,-161
112900025,64,204,-140
112900026,4,277,-273
112900027,13,1495,-1482
112900028,31,122,-91
112900029,11,749,-738
112900030,276,181,95
112900031,3,540,-537
112900032,125,193,-68
112900034,0,51,-51
112900035,11,546,-535
112900036,28,106,-78
112900037,178,104,74
112900038,255,116,139
112900039,11,302,-291
112900040,3,256,-253
112900041,1060,552,508
112900042,47,482,-435
112900043,20,48,-28
112900044,721,315,406
112900045,514,243,271
112900046,245,52,193
112900047,9,23,-14
112900049,62,80,-18
112900050,56,487,-431
112900051,254,657,-403
112900052,9,1205,-1196
112900053,260,75,185
112900054,223,24,199
112900055,87,15,72
112900056,197,122,75
112900057,10,770,-760
112900058,207,109,98
112900059,69,117,-48
112900060,6,239,-233
112900061,46,128,-82
112900062,44,126,-82
112900063,106,8,98
112900064,153,196,-43
112900065,26,10,16
112900066,88,87,1
112900067,509,167,342
112900068,14,17,-3
112900069,2234,363,1871
112900071,22,6,16
112900072,200,579,-379
112900073,156,37,119
112900074,29,85,-56
112900075,1802,469,1333
112900076,75,7,68
112900078,143,184,-41
112900079,91,18,73
112900080,16,1,15
112900081,46,118,-72
112900082,217,28,189
112900083,44,36,8
112900084,36,53,-17
112900086,20,0,20
112900087,275,71,204
112900088,57,1,56
112900089,317,17,300
112900090,11,9,2
112900091,54,0,54
112900092,116,98,18
112900093,642,8,634
112900095,38,1,37
112900096,158,77,81
112900097,27,374,-347
112900098,45,1,44
112900099,325,10,315
112900100,22,0,22
112900101,116,1,115
112900102,56,1,55
112900103,105,4,101
112900104,59,1,58
112900105,14,0,14
112900106,241,83,158
112900107,1,0,1
112900108,28,0,28
112900109,37,1,36
112900110,365,2,363
112900111,309,2,307
112900112,120,0,120
112900113,0,12,-12
112900114,26,33,-7
112900115,394,1,393
112900116,47,28,19
112900117,113,93,20
112900118,45,70,-25
112900119,54,13,41
112900120,700,162,538
112900121,195,161,34
112900122,18,163,-145
112900123,137,10,127
112900124,2,131,-129
112900125,58,262,-204
112900126,97,254,-157
112900127,171,31,140
112900128,350,803,-453
112900129,3,806,-803
112900130,136,42,94
112900131,42,264,-222
112900132,45,369,-324
112900133,29,1154,-1125
112900134,1,258,-257
112900135,44,21,23
112900137,5,683,-678
112900138,4,418,-414
112900139,189,1102,-913
112900141,273,14,259
112900142,109,60,49
112900143,40,590,-550
112900144,0,343,-343
112900145,64,429,-365
112900146,7,1510,-1503
112900147,4,2567,-2563
112900148,22,0,22
112900149,179,424,-245
112900151,14,45,-31
112900152,4122,921,3201
112900153,1629,878,751
112900154,0,86,-86
112900155,60,8,52
112900156,127,1744,-1617
112900157,128,114,14
112900158,24,13,11
112900159,100,55,45
112900160,34,223,-189
112900161,49,15,34
112900162,34,9,25
112900163,126,28,98
112900164,25,94,-69
112900165,64,20,44
112900166,17,27,-10
112900167,2,22,-20
112900168,0,7,-7
112900169,2,2,0
112900170,35,104,-69
112900172,56,5,51
112900173,259,76,183
112900174,136,13,123
112900175,105,74,31
112900176,6,13,-7
112900177,124,22,102
112900178,441,868,-427
112900179,25,583,-558
112900180,584,1679,-1095
112900181,197,4,193
112900182,26,1326,-1300
112900183,129,158,-29
112900184,282,190,92
112900185,185,308,-123
112900186,1301,439,862
112900187,40,276,-236
112900188,569,226,343
112900189,1,22,-21
112900190,2,44,-42
112900192,272,214,58
112900193,658,172,486
112900194,15,86,-71
112900195,391,13,378
112900196,165,464,-299
112900197,113,308,-195
112900199,239,593,-354
112900200,242,230,12
112900201,42,70,-28
112900202,162,940,-778
112900203,82,274,-192
112900204,798,323,475
112900205,3,7,-4
112900206,5,81,-76
112900207,5,0,5
112900208,38,88,-50
112900209,341,405,-64
112900210,0,9,-9
112900211,27,38,-11
112900212,0,78,-78
112900213,13,9,4
112900214,22,4,18
112900215,6,244,-238
112900216,19,56,-37
112900217,0,61,-61
112900218,20,15,5
112900219,49,0,49
112900220,2,0,2
112900221,11,114,-103
112900222,0,25,-25
112900223,271,1,270
112900224,120,745,-625
112900225,220,574,-354
112900226,134,185,-51
112900227,217,1430,-1213
112900228,35,15,20
112900229,68,82,-14
112900230,6556,1905,4651
112900232,128,91,37
112900233,43,154,-111
112900234,6,113,-107
112900235,43,10,33
112900236,100,3,97
112900237,59,418,-359
112900238,0,44,-44
112900239,433,270,163
112900240,6,126,-120
112900241,5,174,-169
112900242,4,209,-205
112900243,4,224,-220
112900244,4,97,-93
112900245,2,59,-57
112900246,0,9,-9
112900247,109,19,90
112900248,26,1,25
112900249,18,10,8
112900250,24,27,-3
112900251,24,13,11
112900252,14,11,3
112900253,14,16,-2
112900254,3,4,-1
112900255,1,35,-34
112900256,0,25,-25
112900257,4,14,-10
112900258,7,25,-18
113000001,3766,4485,-719
113000002,3174,3289,-115
113000003,1619,1639,-20
113000004,1811,1876,-65
113000005,1155,913,242
113000006,848,1039,-191
113000007,1146,1175,-29
113000008,1236,1838,-602
113000009,620,750,-130
113000010,657,1495,-838
113000011,504,1331,-827
113000012,748,502,246
113000013,840,401,439
113000014,1595,1334,261
113000015,479,178,301
113000016,261,329,-68
113000017,32,232,-200
113000018,260,51,209
113000019,27,268,-241
113000020,85,14,71
113000021,660,545,115
113000022,387,1236,-849
113000025,73,247,-174
113000026,199,291,-92
113000027,729,287,442
113000028,649,299,350
113000029,606,515,91
113000030,433,574,-141
113000031,373,259,114
113000032,214,205,9
113000033,268,316,-48
113000034,436,285,151
113000035,14,22,-8
113000036,21,25,-4
113000037,46,20,26
113000038,18,62,-44
113000039,65,370,-305
113000040,70,81,-11
113000042,777,489,288
113000051,565,1708,-1143
113000052,1968,985,983
113000053,242,505,-263
113000054,181,630,-449
113000055,634,998,-364
113000056,497,1303,-806
113000058,610,1021,-411
113000059,1104,659,445
113000060,114,776,-662
113000061,600,750,-150
113000062,1072,140,932
113000063,80,216,-136
113000064,17,395,-378
113000065,116,1181,-1065
113000066,301,86,215
113000067,919,1102,-183
113000068,414,2108,-1694
113000069,436,1365,-929
113000070,780,827,-47
113000071,276,714,-438
113000072,345,407,-62
113000073,407,1364,-957
113000074,767,312,455
113000075,1724,481,1243
113000076,1062,1612,-550
113000077,1263,320,943
113000078,814,1403,-589
113000079,659,525,134
113000080,550,462,88
113000081,603,635,-32
113000082,877,640,237
113000083,460,590,-130
113000084,1287,1024,263
113000085,678,484,194
113000086,862,1057,-195
113000087,905,661,244
113000088,1712,1045,667
113000089,860,1113,-253
113000090,207,322,-115
113000091,659,203,456
113000094,515,124,391
113000095,160,1034,-874
113000096,145,774,-629
113000097,473,260,213
113000098,64,32,32
113000099,637,214,423
113000100,99,338,-239
113000101,324,465,-141
113000102,422,248,174
113000103,2325,560,1765
113000104,301,1928,-1627
113000105,324,487,-163
113000106,236,523,-287
113000107,467,857,-390
113000108,782,1525,-743
113000109,359,2821,-2462
113000110,1372,437,935
113000111,146,500,-354
113000112,319,362,-43
113000113,1799,371,1428
113000114,333,953,-620
113000116,573,256,317
113000117,637,109,528
113000118,150,226,-76
113000119,170,273,-103
113000120,24,212,-188
113000121,368,679,-311
113000124,155,117,38
113000125,22,505,-483
113000127,3222,470,2752
113000128,314,381,-67
113000129,351,894,-543
113000133,3370,773,2597
113000134,4,516,-512
113000135,2477,2155,322
113000137,2040,1262,778
113000139,284,119,165
113000140,134,248,-114
113000141,182,97,85
113000142,577,633,-56
113000143,157,135,22
113000144,272,507,-235
113000145,37,134,-97
113000146,111,72,39
113000147,98,123,-25
113000148,63,109,-46
113000149,58,103,-45
113000150,384,378,6
113000151,58,55,3
113000152,47,117,-70
113000153,1442,452,990
113000154,461,946,-485
113000155,204,271,-67
113000156,138,304,-166
113000157,231,555,-324
113000158,405,146,259
113000159,553,476,77
113000160,498,932,-434
113000161,178,499,-321
113000162,329,264,65
113000163,41,28,13
113000164,35,71,-36
113000166,75,70,5
113000167,25,173,-148
113000168,69,175,-106
113000169,117,35,82
113000170,56,41,15
113000171,65,97,-32
113000172,176,77,99
113000173,48,15,33
113000174,100,588,-488
113000175,247,94,153
113000176,329,112,217
113000177,142,425,-283
113000178,236,484,-248
113000179,229,131,98
113000180,435,1434,-999
113000181,733,1003,-270
113000182,136,262,-126
113000183,160,494,-334
113000184,23,94,-71
113000189,348,516,-168
113000190,1119,345,774
113000192,2387,1127,1260
113000193,4278,820,3458
113000194,1997,1021,976
113000195,2204,424,1780
113000196,81,82,-1
113000197,1013,663,350
113000198,48,231,-183
113000199,544,263,281
113000201,53,196,-143
113000202,2541,1174,1367
113000203,446,8,438
113000204,1783,1047,736
113000205,33,16,17
113000206,9,34,-25
113000207,54,12,42
113000208,15,58,-43
113000209,14,27,-13
113000210,9,27,-18
113000211,270,178,92
113000212,249,36,213
113000213,29,138,-109
113000214,93,235,-142
113000234,137,1153,-1016
113000410,149,104,45
113000411,2293,3591,-1298
113000412,9636,1767,7869
113000413,3603,1758,1845
113000414,8481,7235,1246
113000415,2052,2071,-19
113000416,8780,2929,5851
113000417,2673,2199,474
113000418,2868,1980,888
113000419,1390,1332,58
113000420,3325,2579,746
113000421,3391,3859,-468
113000422,12565,6046,6519
113000423,1888,2752,-864
113000424,3717,6270,-2553
113000425,4,83,-79
113000428,186,40,146
113000430,69,109,-40
113000432,1075,137,938
113000433,133,997,-864
113000434,10,364,-354
113000435,17,786,-769
113000436,45,1298,-1253
113000437,340,17,323
113000438,101,18,83
113000439,15,133,-118
113000440,59,26,33
113000441,102,190,-88
113000442,93,312,-219
113000443,55,311,-256
113000444,112,336,-224
113000445,42,148,-106
113000446,29,87,-58
113000448,243,85,158
113000449,223,903,-680
113000450,572,1597,-1025
113000451,1556,118,1438
113000452,499,536,-37
113000453,161,190,-29
113000454,1224,28,1196
113000455,77,115,-38
113000456,3021,1502,1519
113000468,2470,240,2230
113000469,181,76,105
113000470,428,60,368
113000471,15,372,-357
113000472,71,216,-145
113000474,256,556,-300
113000475,1237,1682,-445
113000476,694,1591,-897
113000477,1646,1693,-47
113000478,3021,5447,-2426
113000479,16,229,-213
113000483,0,0,0
113000484,0,0,0
113000485,4,0,4
113000486,2,0,2
113000487,0,1,-1
113000488,0,0,0
113000489,0,0,0
113000490,0,3,-3
113000491,1,3,-2
113000492,1,0,1
113000493,0,2,-2
113000495,197,209,-12
113000496,90,69,21
113000499,0,0,0
113900001,0,0,0
113900002,0,0,0
113900003,0,1,-1
113900004,0,0,0
113900005,351,23,328
113900006,0,0,0
113900007,42,39,3
113900008,101,135,-34
113900009,376,153,223
113900010,217,162,55
113900011,47,98,-51
113900012,9,35,-26
113900013,1051,40,1011
113900014,871,4,867
113900015,0,45,-45
113900016,24,2,22
113900017,0,62,-62
113900018,425,107,318
113900019,46,51,-5
113900020,56,1,55
113900022,9,0,9
113900023,7,0,7
113900024,32,84,-52
113900025,292,4,288
113900026,16,1,15
113900027,8,70,-62
113900028,10,397,-387
113900029,29,289,-260
113900030,97,0,97
113900031,6,1,5
113900032,9,0,9
113900033,35,96,-61
113900035,61,0,61
113900036,6,107,-101
113900037,24,538,-514
113900038,118,59,59
113900039,84,4,80
113900040,2,1,1
113900041,0,5,-5
113900042,58,41,17
113900043,131,83,48
113900044,190,70,120
113900045,27,2,25
113900046,181,608,-427
113900047,14,123,-109
113900048,242,50,192
113900049,750,202,548
113900050,127,313,-186
113900051,135,312,-177
113900052,135,116,19
113900053,379,174,205
113900054,18,7,11
113900055,81,401,-320
113900056,53,139,-86
113900057,11,172,-161
113900058,41,173,-132
113900059,135,290,-155
113900060,97,209,-112
113900061,819,82,737
113900062,81,19,62
113900063,24,136,-112
113900064,13,129,-116
113900065,678,12,666
113900066,183,351,-168
113900067,50,265,-215
113900068,286,295,-9
113900069,105,20,85
113900070,143,384,-241
113900071,37,72,-35
113900072,46,148,-102
113900073,96,294,-198
113900074,13,404,-391
113900075,791,956,-165
113900076,72,9,63
113900077,21,209,-188
113900078,33,57,-24
113900079,3,37,-34
113900080,231,144,87
113900081,21,168,-147
113900082,85,211,-126
113900083,120,640,-520
113900084,187,83,104
113900085,45,326,-281
113900086,9,10,-1
113900087,27,212,-185
113900088,44,62,-18
113900089,325,39,286
113900090,325,226,99
113900091,25,14,11
113900092,47,39,8
113900093,84,429,-345
113900094,183,403,-220
113900095,69,79,-10
113900096,110,58,52
113900097,0,166,-166
113900098,309,68,241
113900099,1,88,-87
113900100,2,6,-4
113900101,10,45,-35
113900102,110,111,-1
113900103,144,162,-18
113900104,67,144,-77
113900105,50,354,-304
113900106,1,109,-108
113900107,0,34,-34
113900108,194,188,6
113900109,206,93,113
113900110,20,19,1
113900111,69,107,-38
113900112,61,78,-17
113900113,406,328,78
113900114,1,93,-92
113900115,1,96,-95
113900116,75,107,-32
113900117,53,16,37
113900118,118,195,-77
113900119,251,258,-7
113900120,47,34,13
113900121,54,82,-28
113900122,193,1307,-1114
113900123,254,145,109
113900124,0,69,-69
113900125,1124,142,982
113900126,133,36,97
113900127,145,393,-248
113900128,76,67,9
113900129,3,85,-82
113900130,0,13,-13
113900131,110,57,53
113900132,46,53,-7
113900133,13,45,-32
113900135,146,421,-275
113900136,81,84,-3
113900137,267,136,131
113900138,62,99,-37
113900139,383,114,269
113900140,370,151,219
113900141,196,403,-207
113900142,58,76,-18
113900143,9,21,-12
113900144,246,77,169
113900145,174,174,0
113900146,47,55,-8
113900148,94,191,-97
113900149,114,33,81
113900150,936,491,445
113900151,170,187,-17
113900152,16,39,-23
113900153,350,397,-47
113900154,3,79,-76
113900155,193,72,121
113900156,216,481,-265
113900157,13,208,-195
113900158,262,130,132
113900159,12,280,-268
113900160,322,631,-309
113900161,37,174,-137
113900162,434,351,83
113900163,181,213,-32
113900164,180,50,130
113900165,469,460,9
113900166,142,104,38
113900167,129,43,86
113900168,129,96,33
113900169,158,352,-194
113900171,50,35,15
113900172,6,166,-160
113900173,57,655,-598
113900174,287,549,-262
113900175,261,73,188
113900176,136,604,-468
113900177,225,172,53
113900178,164,112,52
113900179,20,677,-657
113900180,117,102,15
113900181,342,119,223
113900182,346,898,-552
113900183,23,52,-29
113900184,14,707,-693
113900185,159,51,108
113900186,19,31,-12
113900187,31,139,-108
113900188,66,106,-40
113900189,157,38,119
113900190,302,106,196
113900191,71,150,-79
113900192,3,203,-200
113900193,32,264,-232
113900194,1851,797,1054
113900195,311,391,-80
113900196,2,136,-134
113900197,1,288,-287
113900198,11,99,-88
113900199,165,546,-381
113900200,10,244,-234
113900201,2,291,-289
113900202,25,233,-208
113900203,1,195,-194
113900204,44,490,-446
113900205,12,135,-123
113900206,10,142,-132
113900207,0,51,-51
113900208,3,56,-53
113900209,0,87,-87
113900210,419,396,23
113900211,100,35,65
113900212,96,600,-504
113900214,365,275,90
113900215,61,98,-37
113900216,27,1114,-1087
113900217,33,313,-280
113900218,99,45,54
113900219,82,476,-394
113900220,59,37,22
113900221,249,84,165
113900222,307,272,35
113900223,125,1010,-885
113900224,109,56,53
113900225,558,188,370
113900226,250,93,157
113900227,206,136,70
113900228,343,260,83
113900229,34,413,-379
113900230,3754,1251,2503
113900231,85,204,-119
113900232,75,78,-3
113900233,18,52,-34
113900234,118,303,-185
113900235,47,42,5
113900236,34,394,-360
113900237,63,4,59
113900238,129,336,-207
113900239,49,35,14
113900240,6,89,-83
113900241,55,57,-2
113900242,47,95,-48
113900243,72,312,-240
113900244,400,160,240
113900245,1134,179,955
113900246,12,15,-3
113900247,91,196,-105
113900248,2969,838,2131
113900249,1191,208,983
113900250,29,105,-76
113900251,344,205,139
113900252,270,6,264
113900253,411,34,377
113900254,470,74,396
113900255,192,16,176
113900256,321,35,286
113900257,31,818,-787
113900258,7,565,-558
113900259,265,223,42
113900260,90,27,63
113900261,8,112,-104
113900262,103,744,-641
113900263,144,416,-272
113900264,12,493,-481
113900265,115,210,-95
113900266,23,250,-227
113900267,52,425,-373
113900268,166,253,-87
113900269,35,112,-77
113900270,220,332,-112
113900271,393,1103,-710
113900273,7,2,5
113900274,37,4,33
113900275,8,36,-28
113900276,1,234,-233
113900277,47,2,45
113900278,278,161,117
113900279,106,87,19
113900280,860,417,443
113900281,302,678,-376
113900282,681,306,375
113900283,244,338,-94
113900284,721,152,569
113900285,112,24,88
113900286,9,93,-84
113900287,16,40,-24
113900288,0,64,-64
113900289,1248,62,1186
113900290,370,112,258
113900291,115,145,-30
113900292,4,3,1
113900293,3,204,-201
113900294,214,35,179
113900295,273,245,28
113900296,2391,341,2050
113900297,661,29,632
113900298,4,1294,-1290
113900299,31,275,-244
113900300,5210,1735,3475
113900301,771,198,573
113900302,2349,575,1774
113900303,526,169,357
113900304,0,107,-107
113900305,45,0,45
113900306,16,2,14
113900307,28,0,28
113900308,95,74,21
113900309,6,946,-940
113900310,1,17,-16
113900311,3,2,1
113900312,75,109,-34
113900313,22,13,9
113900314,27,936,-909
113900315,360,752,-392
114000001,783,2966,-2183
114000002,124,491,-367
114000003,80,842,-762
114000004,197,314,-117
114000005,89,179,-90
114000006,2342,1799,543
114000007,323,1172,-849
114000008,1052,805,247
114000009,281,166,115
114000011,1996,3124,-1128
114000012,1187,2651,-1464
114000013,889,1970,-1081
114000014,329,541,-212
114000015,781,479,302
114000016,180,399,-219
114000017,71,154,-83
114000018,467,75,392
114000026,791,1441,-650
114000027,1444,1930,-486
114000028,1330,1915,-585
114000038,74,103,-29
114000039,80,218,-138
114000040,51,132,-81
114000042,74,164,-90
114000043,91,166,-75
114000044,135,166,-31
114000045,40,91,-51
114000046,1943,4083,-2140
114000047,6,62,-56
114000048,46,119,-73
114000049,1114,868,246
114000050,1318,905,413
114000051,2562,1221,1341
114000052,2192,945,1247
114000053,32,426,-394
114000054,61,1361,-1300
114000055,119,19,100
114000056,1199,456,743
114000057,7528,2061,5467
114000058,466,520,-54
114000059,286,174,112
114000060,394,549,-155
114000061,3093,1150,1943
114000062,2799,562,2237
114000063,2911,1387,1524
114000064,7528,1967,5561
114000065,1583,2039,-456
114000066,348,582,-234
114000067,23,314,-291
114000068,395,364,31
114000069,522,397,125
114000070,2172,1214,958
114000071,343,441,-98
114000072,128,309,-181
114000073,14,129,-115
114000074,13,19,-6
114000075,43,146,-103
114000076,5,166,-161
114000077,5,57,-52
114000078,100,1118,-1018
114000079,39,18,21
114000080,89,92,-3
114000081,41,96,-55
114000082,56,569,-513
114000083,29,276,-247
114000084,97,60,37
114000085,97,788,-691
114000086,121,606,-485
114000087,24,271,-247
114000088,19,53,-34
114000089,1391,402,989
114000090,453,399,54
114000091,1178,361,817
114000092,591,201,390
114000093,688,476,212
114000094,234,355,-121
114000095,79,81,-2
114000096,68,547,-479
114000097,81,928,-847
114000098,215,52,163
114000099,187,1038,-851
114000100,495,712,-217
114000101,215,1235,-1020
114000102,161,309,-148
114000103,70,534,-464
114000104,3,274,-271
114000105,27,69,-42
114000106,726,301,425
114000107,94,104,-10
114000108,3025,1364,1661
114000109,273,641,-368
114000110,402,1885,-1483
114000111,610,441,169
114000112,313,2668,-2355
114000113,730,350,380
114000114,986,2037,-1051
114000115,1296,636,660
114000116,329,852,-523
114000117,1249,283,966
114000118,1268,278,990
114000119,754,240,514
114000120,436,1083,-647
114000121,298,551,-253
114000122,316,227,89
114000123,664,216,448
114000124,342,242,100
114000125,749,1944,-1195
114000126,677,159,518
114000127,84,177,-93
114000128,551,468,83
114000130,264,329,-65
114000131,91,36,55
114000132,552,600,-48
114000133,886,1049,-163
114000134,22,161,-139
114000138,18,198,-180
114000139,290,99,191
114000144,440,312,128
114000145,60,170,-110
114000146,95,285,-190
114000147,653,876,-223
114000148,2131,1006,1125
114000149,258,162,96
114000150,1291,592,699
114000151,1294,855,439
114000152,177,24,153
114000153,1170,1167,3
114000154,609,522,87
114000155,896,1358,-462
114000156,601,306,295
114000157,235,688,-453
114000158,2002,534,1468
114000159,213,315,-102
114000160,126,155,-29
114000161,1420,1189,231
114000162,596,839,-243
114000163,7,149,-142
114000165,173,135,38
114000166,474,162,312
114000167,4004,1106,2898
114000168,662,564,98
114000169,1622,624,998
114000170,894,684,210
114000171,615,1436,-821
114000174,149,364,-215
114000176,510,289,221
114000177,2276,688,1588
114000178,26,50,-24
114000179,955,595,360
114000180,371,532,-161
114000181,1144,1836,-692
114000182,4980,2219,2761
114000183,845,986,-141
114000184,6607,1478,5129
114000185,660,694,-34
114000189,275,69,206
114000190,1071,154,917
114000191,15,44,-29
114000192,344,1525,-1181
114000193,931,3487,-2556
114000194,885,1298,-413
114000195,72,9,63
114000196,0,413,-413
114000197,637,82,555
114000198,1082,349,733
114000199,1797,1113,684
114000200,444,2452,-2008
114000201,124,1179,-1055
114000202,702,985,-283
114000203,418,1152,-734
114000204,114,432,-318
114000205,151,1717,-1566
114000206,361,1187,-826
114000207,555,2265,-1710
114000208,365,3271,-2906
114000209,584,3646,-3062
114000210,290,1649,-1359
114000211,747,1178,-431
114000212,407,721,-314
114000213,806,536,270
114000214,115,228,-113
114000215,104,56,48
114000216,622,254,368
114000217,119,312,-193
114000218,66,303,-237
114000219,555,306,249
114000220,25,1706,-1681
114000221,364,107,257
114000222,151,1273,-1122
114000223,268,77,191
114000224,90,816,-726
114000225,153,527,-374
114000226,50,252,-202
114000227,587,453,134
114000228,513,945,-432
114000229,512,1167,-655
114000230,932,1505,-573
114000231,567,1100,-533
114000232,397,106,291
114000233,1089,113,976
114000234,841,949,-108
114000235,673,1804,-1131
114000236,0,540,-540
114000237,64,1116,-1052
114000238,37,142,-105
114000239,110,1422,-1312
114000240,416,571,-155
114000241,221,1173,-952
114000242,778,922,-144
114000243,789,659,130
114000244,538,377,161
114000245,198,542,-344
114000246,129,43,86
114000247,329,613,-284
114000248,552,518,34
114000249,321,461,-140
114000250,324,599,-275
114000251,168,317,-149
114000252,59,83,-24
114000253,19,203,-184
114000254,6,67,-61
114000255,401,128,273
114000256,2230,578,1652
114000257,511,1859,-1348
114000258,88,495,-407
114000259,44,232,-188
114000260,0,35,-35
114000261,19,29,-10
114000262,39,153,-114
114000263,11,2,9
114000264,284,549,-265
114000265,0,2,-2
114000267,4,1279,-1275
114000268,2,2401,-2399
114000270,101,1,100
114000271,340,100,240
114000283,403,425,-22
114000285,40,333,-293
114000288,49,386,-337
114000289,666,144,522
114000293,73,348,-275
114000294,120,270,-150
114000395,998,49,949
114000396,194,311,-117
114000402,245,326,-81
114000403,133,579,-446
114000405,89,611,-522
114000423,112,523,-411
114000424,103,168,-65
114000425,282,493,-211
114000426,220,496,-276
114000427,22,80,-58
114000428,348,55,293
114000429,7,214,-207
114000432,51,148,-97
114000434,27,92,-65
114000435,0,127,-127
114900001,220,1525,-1305
114900002,265,27,238
114900003,194,1956,-1762
114900004,147,164,-17
114900005,232,870,-638
114900006,14,34,-20
114900007,74,7,67
114900008,65,45,20
114900010,2091,1222,869
114900011,56,80,-24
114900013,104,66,38
114900015,12,98,-86
114900018,764,92,672
114900020,98,46,52
114900022,17,1155,-1138
114900024,51,61,-10
114900025,182,214,-32
114900026,43,66,-23
114900027,55,113,-58
114900029,34,31,3
114900030,146,207,-61
114900031,135,22,113
114900032,111,32,79
114900033,487,119,368
114900034,56,229,-173
114900035,112,188,-76
114900036,143,1039,-896
114900037,28,99,-71
114900038,48,445,-397
114900039,278,721,-443
114900040,52,247,-195
114900041,257,610,-353
114900042,421,929,-508
114900043,370,145,225
114900044,58,21,37
114900046,17,32,-15
114900047,150,1012,-862
114900048,46,270,-224
114900049,28,382,-354
114900050,24,610,-586
114900051,23,495,-472
114900052,48,210,-162
114900053,33,218,-185
114900054,28,112,-84
114900057,135,13,122
114900058,0,50,-50
114900059,35,23,12
114900060,508,172,336
114900061,47,74,-27
114900062,106,115,-9
114900063,54,219,-165
114900064,566,665,-99
114900065,187,549,-362
114900067,18,325,-307
114900068,84,357,-273
114900069,235,142,93
114900070,207,687,-480
114900072,9,252,-243
114900073,1,131,-130
114900074,204,992,-788
114900075,70,3,67
114900076,8,263,-255
114900080,3062,344,2718
114900082,3109,1093,2016
114900083,677,714,-37
114900090,119,106,13
114900091,107,132,-25
114900095,124,40,84
114900096,221,164,57
114900097,48,1,47
114900098,5,211,-206
114900099,56,2,54
115000001,8458,5700,2758
115000002,2526,2616,-90
115000003,3347,4405,-1058
115000004,2007,3506,-1499
115000005,994,2904,-1910
115000006,490,1108,-618
115000007,100,156,-56
115000008,348,429,-81
115000009,149,296,-147
115000010,191,98,93
115000013,85,112,-27
115000015,94,194,-100
115000016,47,215,-168
115000019,22,310,-288
115000020,119,359,-240
115000021,219,391,-172
115000022,338,262,76
115000023,311,363,-52
115000024,868,429,439
115000025,579,334,245
115000026,81,359,-278
115000027,151,203,-52
115000028,136,636,-500
115000029,228,93,135
115000030,318,785,-467
115000031,757,128,629
115000032,4,304,-300
115000033,142,21,121
115000034,143,877,-734
115000035,713,62,651
115000036,0,326,-326
115000037,277,7,270
115000038,24,108,-84
115000039,2875,1765,1110
115000040,6061,3261,2800
115000041,850,1942,-1092
115000042,470,545,-75
115000043,2036,2577,-541
115000044,2256,4258,-2002
115000045,1536,2673,-1137
115000046,1101,2353,-1252
115000047,1342,1838,-496
115000048,1167,2686,-1519
115000049,1401,2508,-1107
115000050,2167,1641,526
115000051,1811,1491,320
115000052,2940,1750,1190
115000053,1223,1191,32
115000054,699,1294,-595
115000055,137,318,-181
115000056,126,283,-157
115000057,282,443,-161
115000058,121,96,25
115000059,158,143,15
115000061,101,88,13
115000062,123,299,-176
115000063,190,307,-117
115000064,193,152,41
115000065,24,236,-212
115000067,187,18,169
115000069,47,265,-218
115000070,27,638,-611
115000071,107,7,100
115000072,17,55,-38
115000073,1041,35,1006
115000075,53,52,1
115000076,2945,3118,-173
115000077,943,3476,-2533
115000078,537,1740,-1203
115000079,622,2160,-1538
115000080,1252,2735,-1483
115000081,427,803,-376
115000082,2227,2482,-255
115000083,1428,3204,-1776
115000084,868,1030,-162
115000085,391,1017,-626
115000086,509,942,-433
115000087,521,1427,-906
115000088,1361,484,877
115000089,1389,1467,-78
115000090,739,555,184
115000091,269,1150,-881
115000092,299,341,-42
115000093,335,2,333
115000094,8035,4100,3935
115000095,6279,3711,2568
115000096,414,2119,-1705
115000097,543,707,-164
115000098,447,742,-295
115000099,1295,3534,-2239
115000100,520,429,91
115000101,307,1414,-1107
115000102,295,156,139
115000103,295,909,-614
115000105,40,233,-193
115000106,263,251,12
115000107,114,529,-415
115000108,3653,2664,989
115000109,5097,2346,2751
115000110,973,645,328
115000111,493,1185,-692
115000112,334,389,-55
115000113,442,653,-211
115000114,1464,684,780
115000116,2650,1095,1555
115000117,3136,1428,1708
115000118,1315,1065,250
115000119,1313,1288,25
115000120,432,689,-257
115000121,1471,580,891
115000122,3402,823,2579
115000123,1457,1104,353
115000124,667,650,17
115000125,280,430,-150
115000126,88,251,-163
115000127,231,86,145
115000128,934,672,262
115000129,205,172,33
115000130,186,1029,-843
115000131,348,200,148
115000132,68,518,-450
115000133,187,366,-179
115000134,81,199,-118
115000135,101,274,-173
115000136,92,159,-67
115000137,70,175,-105
115000138,135,195,-60
115000139,145,249,-104
115000140,128,187,-59
115000141,91,324,-233
115000142,55,318,-263
115000143,283,454,-171
115000144,320,89,231
115000145,158,436,-278
115000146,179,213,-34
115000147,330,557,-227
115000148,205,1402,-1197
115000149,320,150,170
115000150,510,1260,-750
115000151,399,335,64
115000152,472,1700,-1228
115000153,476,301,175
115000154,357,263,94
115000155,412,1195,-783
115000156,803,436,367
115000157,669,892,-223
115000158,449,277,172
115000159,647,293,354
115000160,507,193,314
115000161,105,467,-362
115000162,592,451,141
115000163,551,626,-75
115000164,495,503,-8
115000165,322,283,39
115000167,94,66,28
115000168,410,233,177
115000169,535,241,294
115000170,96,104,-8
115000171,199,120,79
115000172,1657,501,1156
115000173,213,201,12
115000174,67,205,-138
115000175,64,59,5
115000176,69,51,18
115000177,87,53,34
115000178,11,273,-262
115000179,16,18,-2
115000180,51,556,-505
115000181,264,90,174
115000182,333,276,57
115000183,157,1033,-876
115000186,495,170,325
115000187,136,619,-483
115000188,287,376,-89
115000189,190,435,-245
115000190,589,381,208
115000191,174,355,-181
115000194,138,94,44
115000195,218,136,82
115000196,56,106,-50
115000197,116,412,-296
115000198,148,173,-25
115000199,83,284,-201
115000200,177,81,96
115000201,122,376,-254
115000206,167,72,95
115000207,30,301,-271
115000208,480,623,-143
115000209,341,124,217
115000210,67,93,-26
115000211,146,217,-71
115000212,1230,305,925
115000224,174,48,126
115000225,55,52,3
115000229,276,105,171
115000230,80,445,-365
115000231,255,2708,-2453
115000232,752,377,375
115000233,61,172,-111
115000234,14,220,-206
115000241,29,273,-244
115000242,57,331,-274
115000243,32,290,-258
115000244,6,75,-69
115000246,32,19,13
115000247,9,7,2
115000248,14,10,4
115000249,60,4,56
115000250,242,43,199
115000251,129,121,8
115000252,23,154,-131
115000253,7,204,-197
115000258,119,193,-74
115000259,305,112,193
115000261,5,30,-25
115000262,3,20,-17
115000263,8,30,-22
115000264,3,38,-35
115000267,41,62,-21
115000268,28,86,-58
115000269,90,57,33
115000270,4,21,-17
115000272,24,142,-118
115000273,256,17,239
115000280,2453,62,2391
115000281,615,162,453
115000282,696,410,286
115000284,227,67,160
115000296,574,9,565
115000297,107,104,3
115000298,20,147,-127
115000300,75,181,-106
115000302,172,164,8
115000303,326,133,193
115000304,303,61,242
115000305,48,1044,-996
115000306,86,524,-438
115000307,35,310,-275
115000308,62,11,51
115000309,12,11,1
115000310,562,1190,-628
115000311,469,1255,-786
115000313,112,708,-596
115000314,178,67,111
115000315,1046,380,666
115000316,45,71,-26
115000317,125,548,-423
115000318,404,173,231
115000319,43,245,-202
115000320,6,179,-173
115000321,366,12,354
115000322,42,224,-182
115000449,170,100,70
115000557,2,504,-502
115000558,215,62,153
115000587,247,222,25
115000588,1828,3987,-2159
115000589,2010,2333,-323
115000590,608,1756,-1148
115000591,906,703,203
115000592,461,1601,-1140
115000593,1135,508,627
115000594,696,1533,-837
115000609,103,178,-75
115000617,1910,1377,533
115000624,138,71,67
115000633,328,1539,-1211
115000634,2194,540,1654
115000635,249,97,152
115000638,1209,641,568
115000641,64,115,-51
115000642,387,244,143
115000643,60,395,-335
115000644,102,359,-257
115000646,520,837,-317
115000647,109,357,-248
115000648,893,1495,-602
115000893,3054,927,2127
115000894,48,971,-923
115000895,329,718,-389
115000896,1029,290,739
115000897,417,72,345
115000898,489,200,289
115000899,878,1028,-150
115000900,86,266,-180
115000901,84,98,-14
115000912,173,68,105
115000913,3,51,-48
115000915,11,0,11
115000916,2,0,2
115000917,0,4,-4
115000918,52,134,-82
115000919,7,3,4
115000920,16,33,-17
115000921,1186,44,1142
115000922,1100,493,607
115000923,456,847,-391
115000925,36,46,-10
115000927,29,28,1
115000933,362,155,207
115000934,78,173,-95
115000935,72,80,-8
115000936,40,225,-185
115000937,1010,105,905
115000938,155,130,25
115000939,237,172,65
115000940,3,10,-7
115000941,9,10,-1
115000942,31,42,-11
115000943,97,12,85
115000944,1,5,-4
115900001,22,69,-47
115900002,73,159,-86
115900003,100,78,22
115900004,1,65,-64
115900005,54,4,50
115900006,70,472,-402
115900008,26,21,5
115900009,53,353,-300
115900010,73,208,-135
115900011,172,279,-107
115900012,52,97,-45
115900013,265,138,127
115900014,100,184,-84
115900015,29,129,-100
115900016,42,14,28
115900017,1,3,-2
115900018,150,67,83
115900019,97,19,78
115900020,39,0,39
115900021,1456,87,1369
115900022,2566,12,2554
115900023,30,6,24
115900025,45,210,-165
115900026,693,325,368
115900027,1,354,-353
115900028,518,48,470
115900029,7,503,-496
115900030,25,7,18
115900031,248,174,74
115900032,193,678,-485
115900033,1,42,-41
115900034,16,548,-532
115900035,27,142,-115
115900036,231,288,-57
115900037,11,477,-466
115900038,16,6,10
115900039,108,338,-230
115900041,283,295,-12
115900042,6,2,4
115900043,46,142,-96
115900044,207,163,44
115900046,168,248,-80
115900047,79,30,49
115900049,75,180,-105
115900051,1,43,-42
115900052,10,234,-224
115900053,94,270,-176
115900054,52,33,19
115900055,19,121,-102
115900056,74,401,-327
115900057,4,1,3
115900058,19,61,-42
115900060,28,159,-131
115900061,90,1,89
115900062,9,318,-309
115900063,38,19,19
115900064,110,218,-108
115900065,34,120,-86
115900066,173,170,3
115900067,8,899,-891
115900068,3450,205,3245
115900069,28,174,-146
115900070,79,278,-199
115900071,4,566,-562
115900072,78,218,-140
115900073,30,45,-15
115900074,5,358,-353
115900075,9,263,-254
115900076,2,87,-85
115900077,6,319,-313
115900078,15,122,-107
115900079,110,6,104
115900080,517,239,278
115900081,9,74,-65
115900082,157,113,44
115900084,174,16,158
115900085,40,44,-4
115900086,1475,365,1110
115900088,17,37,-20
115900089,159,740,-581
115900090,125,23,102
115900091,1,9,-8
115900092,20,256,-236
115900093,2,21,-19
115900094,1,448,-447
115900096,1,9,-8
115900097,5,488,-483
115900098,97,552,-455
115900099,8,104,-96
115900100,2,577,-575
115900101,96,440,-344
115900102,17,86,-69
115900103,208,282,-74
115900104,28,137,-109
115900105,52,706,-654
115900106,18,27,-9
115900107,16,261,-245
115900108,37,25,12
115900109,28,352,-324
115900110,0,23,-23
115900111,3,79,-76
115900112,26,831,-805
115900113,23,30,-7
115900114,3,171,-168
115900115,32,137,-105
115900116,54,917,-863
115900117,43,25,18
115900118,3,461,-458
115900119,37,83,-46
115900120,19,303,-284
115900121,95,184,-89
115900124,179,297,-118
115900125,167,26,141
115900126,253,35,218
115900127,291,42,249
115900128,5,80,-75
115900129,442,21,421
115900130,35,159,-124
115900131,133,12,121
115900132,146,7,139
115900134,110,13,97
115900135,474,528,-54
115900137,6,1,5
115900139,46,56,-10
115900140,120,8,112
115900141,13,69,-56
115900142,3,27,-24
115900143,116,243,-127
115900144,36,195,-159
115900146,1,170,-169
115900147,146,138,8
115900148,8,3,5
115900149,28,27,1
115900150,21,100,-79
115900151,14,60,-46
115900152,80,365,-285
115900153,52,200,-148
115900154,575,259,316
115900155,0,102,-102
115900156,327,677,-350
115900157,60,398,-338
115900158,31,9,22
115900159,29,234,-205
115900160,5,1,4
115900161,23,157,-134
115900163,73,125,-52
115900164,170,49,121
115900166,150,168,-18
115900168,27,132,-105
115900171,56,308,-252
115900172,28,125,-97
115900173,98,129,-31
115900174,222,144,78
115900175,42,129,-87
115900178,6,718,-712
115900179,107,10,97
115900180,50,387,-337
115900181,86,310,-224
115900182,197,319,-122
115900183,86,16,70
115900184,1530,17,1513
115900187,8,79,-71
115900189,0,75,-75
115900190,158,591,-433
115900191,51,401,-350
115900192,6,37,-31
115900193,54,75,-21
115900194,205,21,184
115900195,441,742,-301
115900198,122,184,-62
115900199,128,214,-86
115900200,213,263,-50
115900201,250,194,56
115900202,0,8,-8
115900203,3,10,-7
115900204,0,3,-3
115900205,18,12,6
115900206,65,136,-71
115900207,13,27,-14
115900208,61,340,-279
115900209,2,176,-174
115900210,3,144,-141
115900211,1,214,-213
115900212,55,213,-158
115900213,26,27,-1
115900214,179,249,-70
115900215,12,31,-19
115900216,1,61,-60
115900217,1,93,-92
115900218,2,64,-62
115900219,34,3,31
115900220,57,5,52
115900221,45,3,42
115900222,48,9,39
115900223,2,73,-71
115900224,1605,399,1206
115900225,66,21,45
115900226,19,20,-1
115900227,8,23,-15
115900228,7,28,-21
115900229,2,53,-51
115900230,33,111,-78
115900231,60,0,60
115900232,16,2,14
115900233,38,7,31
115900234,20,14,6
115900235,6,13,-7
115900236,8,8,0
115900237,3,28,-25
115900238,12,15,-3
115900239,6,18,-12
115900240,7,62,-55
115900241,82,77,5
115900242,192,154,38
115900243,5,4,1
115900244,1,11,-10
115900245,37,11,26
115900246,8,8,0
115900247,9,5,4
115900248,4,2,2
115900249,2,1,1
115900250,2,8,-6
115900251,0,12,-12
115900252,0,0,0
115900253,3,2,1
115900254,6,25,-19
115900255,6,16,-10
115900256,14,4,10
115900257,2,5,-3
115900258,0,2,-2
115900259,11,3,8
115900260,12,1,11
115900261,6,1,5
115900262,0,1,-1
115900263,5,1,4
115900264,2,2,0
115900265,5,4,1
115900266,1,9,-8
115900267,5,1,4
115900268,0,5,-5
115900269,187,375,-188
115900270,173,715,-542
115900271,26,0,26
115900272,14,0,14
115900273,0,4,-4
115900274,2,8,-6
115900275,0,29,-29
115900276,1,63,-62
115900277,0,189,-189
115900278,10,98,-88
115900279,4,140,-136
115900280,10,150,-140
115900281,577,118,459
115900282,12,5,7
115900283,10,5,5
115900284,4,11,-7
116000001,16825,4687,12138
116000002,3118,4223,-1105
116000003,1241,1721,-480
116000004,1289,1419,-130
116000005,2463,3214,-751
116000006,1416,964,452
116000007,2460,3841,-1381
116000008,1867,1356,511
116000009,1594,2711,-1117
116000010,1361,882,479
116000011,711,1742,-1031
116000012,585,466,119
116000013,14832,3525,11307
116000014,18147,6302,11845
116000015,382,559,-177
116000016,7608,1450,6158
116000017,20,392,-372
116000018,689,336,353
116000019,274,232,42
116000020,281,958,-677
116000021,222,256,-34
116000022,215,489,-274
116000023,481,421,60
116000024,488,1299,-811
116000025,479,497,-18
116000026,1533,2091,-558
116000027,318,368,-50
116000028,296,369,-73
116000029,677,478,199
116000030,340,313,27
116000031,106,163,-57
116000032,262,190,72
116000033,210,494,-284
116000034,342,796,-454
116000035,214,447,-233
116000036,1925,425,1500
116000037,559,372,187
116000038,464,177,287
116000039,656,160,496
116000040,697,105,592
116000041,321,353,-32
116000042,327,143,184
116000043,50,438,-388
116000044,29,163,-134
116000045,1113,824,289
116000046,850,826,24
116000047,1595,1512,83
116000048,1487,1256,231
116000049,690,1424,-734
116000050,1032,1024,8
116000051,2577,1177,1400
116000052,3022,2809,213
116000053,1036,824,212
116000054,467,1620,-1153
116000055,331,1054,-723
116000056,587,875,-288
116000057,1782,1758,24
116000058,2124,1390,734
116000059,1798,3415,-1617
116000060,2537,621,1916
116000061,393,568,-175
116000062,618,207,411
116000063,387,896,-509
116000066,166,292,-126
116000067,276,567,-291
116000068,139,177,-38
116000069,216,414,-198
116000078,246,924,-678
116000080,897,840,57
116000082,10,90,-80
116000083,771,290,481
116000084,1891,3887,-1996
116000085,1570,890,680
116000086,2456,1492,964
116000087,894,954,-60
116000088,676,1177,-501
116000089,44,36,8
116000090,88,133,-45
116000091,135,95,40
116000093,438,728,-290
116000094,289,602,-313
116000095,387,610,-223
116000096,488,903,-415
116000097,334,744,-410
116000098,341,3191,-2850
116000099,8741,305,8436
116000100,85,9,76
116000101,294,1715,-1421
116000102,154,1356,-1202
116000103,328,222,106
116000104,148,1638,-1490
116000105,526,180,346
116000106,310,1271,-961
116000107,1209,416,793
116000108,19,170,-151
116000111,61,13,48
116000113,61,75,-14
116000114,20,104,-84
116000115,128,106,22
116000116,186,481,-295
116000117,871,2034,-1163
116000118,1006,1420,-414
116000119,1521,1623,-102
116000120,2175,4039,-1864
116000121,433,342,91
116000122,1177,2381,-1204
116000123,385,424,-39
116000124,198,1077,-879
116000125,1370,498,872
116000126,170,1528,-1358
116000127,877,1586,-709
116000128,707,596,111
116000129,548,164,384
116000130,205,180,25
116000133,287,918,-631
116000134,1163,2957,-1794
116000135,928,1210,-282
116000136,685,2641,-1956
116000137,468,502,-34
116000138,894,348,546
116000139,1207,2089,-882
116000140,85,241,-156
116000141,294,978,-684
116000142,3632,3776,-144
116000143,1704,1289,415
116000144,946,2871,-1925
116000145,1130,1256,-126
116000146,242,474,-232
116000147,236,109,127
116000148,281,360,-79
116000149,262,428,-166
116000151,396,1059,-663
116000153,51,425,-374
116000155,216,190,26
116000156,337,1043,-706
116000157,29,14,15
116000158,255,267,-12
116000159,8,15,-7
116000160,8,115,-107
116000161,12,89,-77
116000162,46,50,-4
116000163,17,8,9
116000164,6,19,-13
116000177,29,82,-53
116000194,49,288,-239
116000195,1334,532,802
116000196,0,0,0
116000197,4,8,-4
116000198,2291,843,1448
116000200,626,132,494
116000201,499,582,-83
116000202,8,349,-341
116000203,2,68,-66
116000204,8,57,-49
116000205,1,117,-116
116000206,2,79,-77
116000207,2,35,-33
116000233,100,740,-640
116000287,77,635,-558
116000288,103,258,-155
116000292,0,0,0
116000296,16,299,-283
116000297,56,21,35
116000304,16,50,-34
116000305,12,93,-81
116000346,68,180,-112
116000352,89,71,18
116000354,52,20,32
116000357,13,9,4
116000358,76,48,28
116000361,534,8,526
116000372,8425,1956,6469
116000381,82,0,82
116000388,1,32,-31
116000389,432,525,-93
116000445,152,775,-623
116000446,254,1248,-994
116000447,6,444,-438
116000448,536,262,274
116000563,643,483,160
116000565,53,384,-331
116000568,61,167,-106
116000579,12,129,-117
116000583,64,89,-25
116000584,16,9,7
116000585,5,11,-6
116000586,182,110,72
116000587,260,461,-201
116000589,81,81,0
116000590,65,106,-41
116000591,78,331,-253
116000592,12,118,-106
116000593,1,57,-56
116000594,214,536,-322
116000595,431,117,314
116000596,28,8,20
116000597,127,48,79
116000598,17,186,-169
116000605,188,160,28
116000606,38,174,-136
116000607,10,111,-101
116000609,186,629,-443
116000611,66,553,-487
116000612,468,1632,-1164
116000613,234,288,-54
116000614,335,897,-562
116000615,0,104,-104
116000616,30,138,-108
116000617,61,98,-37
116000618,1,213,-212
116000619,6,36,-30
116000620,47,28,19
116000621,21,74,-53
116000622,39,83,-44
116000624,80,83,-3
116000627,48,174,-126
116000628,14,1394,-1380
116000629,20,708,-688
116000630,203,73,130
116000631,93,65,28
116000632,213,68,145
116000633,89,441,-352
116000634,148,367,-219
116000635,3038,1233,1805
116000636,1500,787,713
116000637,168,155,13
116000638,80,563,-483
116000639,2,0,2
116000640,14,11,3
116000641,23,35,-12
116000643,0,60,-60
116000644,9,1416,-1407
116000645,3,30,-27
116900001,146,112,34
116900002,223,5,218
116900003,24,74,-50
116900004,18,22,-4
116900005,129,47,82
116900006,115,109,6
116900007,79,168,-89
116900008,182,555,-373
116900009,7,1,6
116900010,0,1801,-1801
116900011,41,43,-2
116900012,84,188,-104
116900013,6,114,-108
116900014,50,420,-370
116900016,93,1,92
116900017,2,742,-740
116900018,26,20,6
116900019,1,392,-391
116900020,1363,125,1238
116900023,48,5,43
116900025,272,1022,-750
116900026,156,688,-532
116900027,10,42,-32
116900028,2,117,-115
116900029,229,208,21
116900031,0,10,-10
116900032,9,479,-470
116900033,1,8,-7
116900034,5,89,-84
116900035,62,147,-85
116900036,2,77,-75
116900038,10,1,9
116900041,15,18,-3
116900042,1033,183,850
116900043,5,57,-52
116900047,74,30,44
116900049,30,349,-319
116900050,48,451,-403
116900051,34,263,-229
116900052,134,78,56
116900055,0,3,-3
116900057,9,327,-318
116900058,24,372,-348
116900059,1,157,-156
116900060,161,225,-64
116900062,0,6,-6
116900064,48,1145,-1097
116900065,10,78,-68
116900067,56,97,-41
116900068,91,321,-230
116900070,1,3,-2
116900072,8,532,-524
116900073,1,233,-232
116900074,1,46,-45
116900076,3,37,-34
116900077,8,194,-186
116900078,247,128,119
116900079,18,426,-408
116900080,1,15,-14
116900081,273,1382,-1109
116900082,141,652,-511
116900083,21,62,-41
116900084,183,40,143
116900085,4,50,-46
116900086,26,240,-214
116900088,263,40,223
116900090,127,63,64
116900091,102,71,31
116900092,72,897,-825
116900093,1342,1659,-317
116900094,5430,1915,3515
116900095,241,157,84
116900096,47,53,-6
116900097,3732,1462,2270
116900098,755,159,596
116900099,584,317,267
116900100,374,11,363
116900101,185,592,-407
116900103,7,0,7
116900104,28,63,-35
116900105,171,27,144
116900106,694,333,361
116900107,4107,1035,3072
116900110,31,1,30
116900111,151,1195,-1044
116900112,159,1043,-884
116900113,3154,991,2163
116900116,105,246,-141
116900117,29,81,-52
116900118,899,564,335
116900120,91,93,-2
116900121,26,30,-4
116900122,256,937,-681
116900123,72,943,-871
116900124,105,766,-661
116900125,72,104,-32
116900126,237,494,-257
116900128,0,44,-44
116900129,2,300,-298
116900130,913,1475,-562
116900131,27,120,-93
116900132,15,72,-57
116900133,87,83,4
116900134,104,205,-101
116900136,66,150,-84
116900137,246,205,41
116900138,99,200,-101
116900139,49,380,-331
116900140,94,155,-61
116900141,315,250,65
116900142,18,61,-43
116900143,185,461,-276
116900144,1,28,-27
116900145,66,344,-278
116900147,617,262,355
116900148,14,40,-26
116900149,15,97,-82
116900150,0,21,-21
116900151,59,10,49
116900153,50,61,-11
116900154,496,197,299
116900155,57,63,-6
116900157,192,305,-113
116900158,69,102,-33
116900159,32,165,-133
116900160,470,229,241
116900161,8074,3101,4973
116900162,10,163,-153
116900163,55,183,-128
116900164,43,29,14
116900165,126,85,41
116900166,10,121,-111
116900167,227,46,181
116900168,107,62,45
116900169,639,162,477
116900170,126,233,-107
116900171,11,201,-190
116900172,217,86,131
116900173,62,30,32
116900174,19,20,-1
116900175,100,42,58
116900178,9,132,-123
116900179,63,90,-27
116900180,35,17,18
116900182,253,155,98
116900183,84,88,-4
116900185,10,10,0
116900186,54,280,-226
116900187,31,23,8
116900188,54,16,38
116900189,0,0,0
116900191,220,305,-85
116900192,168,162,6
116900194,76,510,-434
116900195,65,47,18
116900196,32,94,-62
116900197,39,3,36
116900198,199,135,64
116900200,15,22,-7
116900201,34,10,24
116900202,99,57,42
116900203,36,2,34
116900204,26,61,-35
116900206,4,35,-31
116900207,34,16,18
116900208,13,136,-123
116900209,24,148,-124
116900210,236,187,49
116900211,152,16,136
116900212,18,88,-70
116900213,178,186,-8
116900214,77,114,-37
116900215,21,65,-44
116900216,141,355,-214
116900218,120,486,-366
116900219,702,279,423
116900220,57,139,-82
116900221,37,244,-207
116900222,272,241,31
116900223,65,119,-54
116900226,49,67,-18
116900227,56,58,-2
116900228,217,280,-63
116900230,61,923,-862
116900233,223,186,37
116900234,6,3,3
116900235,118,318,-200
116900238,1251,353,898
116900239,41,646,-605
116900240,6215,2195,4020
116900241,24,126,-102
116900242,1922,234,1688
116900243,1,54,-53
116900245,31,10,21
116900246,34,17,17
116900247,244,11,233
116900248,53,25,28
116900249,133,88,45
116900250,126,31,95
116900251,413,191,222
116900252,30,1085,-1055
116900254,9,97,-88
116900255,72,33,39
116900256,142,75,67
116900257,7,734,-727
116900258,1,355,-354
116900259,49,9,40
116900260,2,214,-212
116900261,13,2,11
116900262,73,171,-98
116900263,0,4,-4
116900264,5,9,-4
116900265,11,0,11
116900266,67,182,-115
116900267,9,3,6
116900268,25,5,20
116900269,239,467,-228
116900271,1839,66,1773
116900272,398,473,-75
116900273,207,42,165
116900274,58,58,0
116900275,96,144,-48
116900276,613,41,572
116900277,80,0,80
116900278,5,9,-4
116900279,1,38,-37
116900280,454,36,418
116900281,7069,1678,5391
116900282,12,260,-248
116900283,10,153,-143
116900284,13,252,-239
116900285,395,213,182
116900286,200,16,184
116900287,3,78,-75
116900288,26,180,-154
116900289,5,42,-37
116900290,1,50,-49
116900291,3,17,-14
116900292,0,3,-3
116900293,6,110,-104
116900294,39,109,-70
116900295,128,26,102
116900296,79,100,-21
116900297,6,54,-48
116900298,118,26,92
116900299,74,22,52
116900300,4,67,-63
116900301,68,92,-24
116900302,54,43,11
116900303,555,33,522
116900304,0,125,-125
116900305,9,36,-27
116900306,114,196,-82
116900307,60,6,54
116900308,2,266,-264
116900309,94,249,-155
117000001,1026,1015,11
117000002,1443,3820,-2377
117000003,5561,2215,3346
117000004,3837,4878,-1041
117000005,1167,1235,-68
117000006,888,4270,-3382
117000007,2104,1032,1072
117000008,1176,4637,-3461
117000009,3621,1338,2283
117000010,2372,4541,-2169
117000011,1174,1674,-500
117000012,1031,1794,-763
117000013,869,1166,-297
117000014,775,2518,-1743
117000015,2486,960,1526
117000016,583,60,523
117000017,441,160,281
117000018,190,259,-69
117000019,197,6,191
117000020,832,896,-64
117000021,3568,571,2997
117000022,577,48,529
117000023,808,112,696
117000024,513,70,443
117000025,935,528,407
117000026,3157,705,2452
117000027,2857,1121,1736
117000028,3615,563,3052
117000030,820,581,239
117000031,366,218,148
117000032,1667,1407,260
117000033,925,742,183
117000034,291,335,-44
117000035,262,221,41
117000036,388,313,75
117000037,230,189,41
117000038,259,523,-264
117000039,352,256,96
117000040,106,1424,-1318
117000041,434,147,287
117000044,24,1481,-1457
117000045,310,42,268
117000046,472,990,-518
117000047,497,450,47
117000048,1940,1607,333
117000049,130,328,-198
117000050,111,2969,-2858
117000051,1288,135,1153
117000052,11,682,-671
117000053,134,111,23
117000054,1065,5,1060
117000055,160,3731,-3571
117000056,355,20,335
117000057,620,2294,-1674
117000060,316,1667,-1351
117000061,1141,646,495
117000062,167,558,-391
117000063,1257,520,737
117000064,802,807,-5
117000066,967,659,308
117000067,121,320,-199
117000074,176,180,-4
117000076,96,40,56
117000077,86,105,-19
117000078,125,651,-526
117000079,190,129,61
117000080,1,355,-354
117000081,689,117,572
117000082,14,48,-34
117000083,98,13,85
117000084,312,3,309
117000085,130,502,-372
117000086,1007,714,293
117000087,95,560,-465
117000088,213,182,31
117000089,1036,314,722
117000090,224,1585,-1361
117000091,355,242,113
117000092,304,1821,-1517
117000093,671,498,173
117000094,765,2709,-1944
117000095,2023,658,1365
117000096,485,2684,-2199
117000097,819,1139,-320
117000098,2580,5737,-3157
117000099,1810,780,1030
117000100,131,191,-60
117000101,177,1443,-1266
117000102,1001,485,516
117000103,727,1811,-1084
117000104,860,450,410
117000105,717,1842,-1125
117000106,697,729,-32
117000107,440,2235,-1795
117000108,1133,854,279
117000109,1565,2867,-1302
117000110,911,710,201
117000111,3196,4233,-1037
117000112,1961,1862,99
117000113,93,362,-269
117000114,101,148,-47
117000115,44,174,-130
117000116,63,256,-193
117000117,1214,406,808
117000118,283,120,163
117000119,515,78,437
117000120,346,158,188
117000121,209,505,-296
117000122,655,820,-165
117000123,1725,20,1705
117000124,940,30,910
117000125,440,37,403
117000126,63,34,29
117000127,183,250,-67
117000128,489,490,-1
117000129,666,358,308
117000130,106,1,105
117000131,1,247,-246
117000132,954,34,920
117000133,570,65,505
117000134,1,43,-42
117000135,7,25,-18
117000136,1,57,-56
117000137,40,58,-18
117000138,1,534,-533
117000140,396,1493,-1097
117000141,1089,554,535
117000181,899,403,496
117000182,190,140,50
117000195,129,1318,-1189
117000196,72,63,9
117000225,238,2,236
117000226,7,82,-75
117000276,116,7,109
117000277,1,726,-725
117000310,2123,2695,-572
117000315,46,846,-800
117000320,87,0,87
117000906,150,20,130
117000907,6,518,-512
117000909,117,20,97
117000910,150,104,46
117000911,105,171,-66
117000915,12,633,-621
117000916,6,1,5
117000917,497,6,491
117000918,46,37,9
117000919,4,163,-159
117000920,4,1701,-1697
117000921,4,2403,-2399
117000922,62,85,-23
117000924,247,553,-306
117000926,1367,88,1279
117000927,1957,383,1574
117000928,1,339,-338
117000929,105,691,-586
117000930,101,23,78
117000931,539,89,450
117900002,120,334,-214
117900003,758,351,407
117900005,6,4,2
117900006,0,37,-37
117900007,85,201,-116
117900008,0,42,-42
117900010,167,196,-29
117900011,55,9,46
117900012,43,199,-156
117900013,0,327,-327
117900014,567,299,268
117900015,10,248,-238
117900016,1190,400,790
117900017,417,685,-268
117900018,199,43,156
117900019,228,677,-449
117900020,33,249,-216
117900021,31,122,-91
117900023,690,174,516
117900024,74,130,-56
117900025,19,7,12
117900026,203,493,-290
117900028,49,1,48
117900029,144,1133,-989
117900030,171,139,32
117900031,197,57,140
117900032,384,412,-28
117900033,137,1003,-866
117900034,52,56,-4
117900035,100,46,54
117900036,112,777,-665
117900037,49,109,-60
117900038,8,366,-358
117900039,6,75,-69
117900040,79,629,-550
117900041,7,47,-40
117900042,4137,380,3757
117900043,35,56,-21
117900044,27,2668,-2641
117900045,112,98,14
117900048,134,329,-195
117900049,101,929,-828
117900050,6,35,-29
117900051,27,2,25
117900052,51,201,-150
117900053,730,685,45
117900054,2,11,-9
117900055,127,184,-57
117900056,500,32,468
117900057,754,1343,-589
117900058,118,10,108
117900059,274,63,211
117900060,691,5959,-5268
117900061,12,204,-192
117900063,174,275,-101
117900065,737,1197,-460
117900066,18,49,-31
117900067,258,345,-87
117900069,350,514,-164
117900070,319,6,313
117900071,69,161,-92
117900073,278,497,-219
117900074,180,7,173
117900075,47,84,-37
117900076,20,54,-34
117900077,184,103,81
117900078,161,388,-227
117900080,173,53,120
117900081,540,461,79
117900082,212,200,12
117900083,179,788,-609
117900086,59,47,12
117900087,32,48,-16
117900088,2640,1508,1132
117900089,921,272,649
117900090,319,999,-680
117900091,170,182,-12
117900092,45,52,-7
117900093,26,77,-51
117900094,14,5,9
117900095,307,856,-549
117900096,26,217,-191
117900097,43,54,-11
117900098,17,0,17
117900099,66,432,-366
117900100,74,1,73
117900101,329,817,-488
117900102,23,50,-27
117900103,26,0,26
117900104,37,136,-99
117900105,132,196,-64
117900106,32,51,-19
117900107,11,0,11
117900109,246,242,4
117900110,18,0,18
117900111,135,2,133
117900112,29,22,7
117900113,3582,1298,2284
117900114,6,0,6
117900115,413,28,385
117900116,943,722,221
117900117,233,263,-30
117900118,12,0,12
117900119,46,336,-290
117900120,41,88,-47
117900121,28,24,4
117900122,1026,1316,-290
117900123,515,855,-340
117900124,493,559,-66
117900125,868,782,86
117900126,260,596,-336
117900127,251,752,-501
117900128,191,986,-795
117900129,15,0,15
117900130,748,273,475
117900131,0,115,-115
117900132,3,100,-97
117900133,8,131,-123
117900134,50,197,-147
117900135,18,253,-235
117900136,0,74,-74
117900137,14,329,-315
117900138,0,50,-50
117900139,40,175,-135
117900140,5452,165,5287
117900141,181,256,-75
117900142,151,8,143
117900144,88,140,-52
117900145,63,3,60
117900146,185,92,93
117900147,29,57,-28
117900148,2523,900,1623
117900149,32,176,-144
117900150,15,76,-61
117900151,33,149,-116
117900152,63,65,-2
117900153,11,106,-95
117900154,366,719,-353
117900156,758,785,-27
117900157,58,467,-409
117900158,95,66,29
117900160,326,234,92
117900161,2338,2427,-89
117900162,212,366,-154
117900163,92,11,81
117900165,0,6,-6
117900166,126,175,-49
117900168,43,114,-71
117900169,0,72,-72
117900170,2,25,-23
117900171,1,12,-11
117900172,15,24,-9
117900173,95,49,46
117900174,34,47,-13
117900175,2,33,-31
117900176,9,38,-29
117900177,12,39,-27
117900178,75,35,40
117900180,203,28,175
117900181,164,181,-17
117900182,3,24,-21
117900183,42,143,-101
117900184,0,46,-46
117900185,9,41,-32
117900186,25,15,10
117900187,5,10,-5
117900188,184,25,159
117900189,44,20,24
117900190,9,1,8
117900191,49,0,49
117900192,89,1,88
117900193,7,25,-18
117900194,3,4,-1
117900195,9,29,-20
117900196,22,32,-10
117900207,147,97,50
117900208,13,38,-25
117900209,182,149,33
117900210,100,138,-38
117900211,7,107,-100
117900212,70,148,-78
117900213,20,16,4
117900214,3,64,-61
117900215,24,41,-17
117900216,32,12,20
117900217,202,60,142
117900218,286,195,91
117900219,4,40,-36
117900220,94,56,38
117900222,199,243,-44
117900223,151,232,-81
118000001,660,454,206
118000002,1291,1716,-425
118000003,1626,1165,461
118000004,3061,1967,1094
118000005,5918,2065,3853
118000006,7801,6659,1142
118000007,5939,2293,3646
118000008,4985,2691,2294
118000009,1912,2144,-232
118000010,2131,3395,-1264
118000011,719,2468,-1749
118000012,747,2591,-1844
118000013,2681,2868,-187
118000014,1880,3482,-1602
118000016,187,460,-273
118000017,175,311,-136
118000018,255,575,-320
118000019,1717,1109,608
118000020,1028,1224,-196
118000021,534,1539,-1005
118000022,1464,514,950
118000023,821,233,588
118000024,1487,596,891
118000027,18135,5417,12718
118000029,1140,457,683
118000032,1604,1714,-110
118000033,2189,1954,235
118000034,4341,1590,2751
118000035,1406,1340,66
118000036,866,803,63
118000037,483,738,-255
118000038,89,81,8
118000039,50,345,-295
118000040,1234,2026,-792
118000041,1596,1411,185
118000045,578,90,488
118000046,2253,562,1691
118000047,1764,496,1268
118000048,3622,999,2623
118000051,1932,1211,721
118000052,1454,700,754
118000053,556,548,8
118000054,2549,1828,721
118000055,2294,2045,249
118000056,259,310,-51
118000057,271,355,-84
118000058,2805,952,1853
118000059,1887,720,1167
118000060,659,542,117
118000061,467,1368,-901
118000062,482,196,286
118000063,303,401,-98
118000064,843,1000,-157
118000065,4450,1315,3135
118000066,628,881,-253
118000067,1234,682,552
118000068,1565,2945,-1380
118000069,3336,925,2411
118000070,7050,1133,5917
118000071,3447,3981,-534
118000072,1887,863,1024
118000073,2480,388,2092
118000074,417,676,-259
118000075,830,226,604
118000076,1152,1141,11
118000077,1181,912,269
118000078,1459,1419,40
118000079,213,294,-81
118000080,1082,780,302
118000081,1405,1090,315
118000082,293,634,-341
118000083,1856,889,967
118000084,2193,1148,1045
118000086,203,456,-253
118000087,6052,2204,3848
118000088,1775,1672,103
118000089,3594,2001,1593
118000090,2031,2333,-302
118000091,1422,1690,-268
118000092,1196,405,791
118000093,122,577,-455
118000096,392,440,-48
118000097,542,505,37
118000098,202,182,20
118000099,247,895,-648
118000101,524,370,154
118000102,291,1478,-1187
118000107,3261,338,2923
118000108,519,910,-391
118000110,0,21,-21
118000111,0,685,-685
118000112,189,0,189
118000113,1,1153,-1152
118000114,107,1,106
118000115,11,17,-6
118000116,37,1,36
118000117,1240,880,360
118000118,640,646,-6
118000119,509,930,-421
118000120,1247,1405,-158
118000121,72,512,-440
118000122,1046,207,839
118000123,31,284,-253
118000125,1683,997,686
118000126,589,1272,-683
118000127,1532,603,929
118000128,603,1071,-468
118000129,946,300,646
118000130,2355,3472,-1117
118000131,876,1069,-193
118000132,1838,1367,471
118000133,439,434,5
118000135,445,247,198
118000136,80,569,-489
118000137,487,85,402
118000138,243,898,-655
118000139,127,90,37
118000140,1751,2412,-661
118000141,1432,1855,-423
118000142,1013,1856,-843
118000143,1108,849,259
118000144,1177,852,325
118000145,1073,2289,-1216
118000146,803,1058,-255
118000147,573,1537,-964
118000148,290,1386,-1096
118000149,566,1180,-614
118000150,203,321,-118
118000151,213,436,-223
118000153,555,1038,-483
118000154,632,1348,-716
118000155,590,1032,-442
118000156,1921,1875,46
118000157,323,372,-49
118000158,130,387,-257
118000159,22,60,-38
118000160,366,330,36
118000161,279,665,-386
118000162,565,641,-76
118000163,435,547,-112
118000164,1783,1099,684
118000168,986,174,812
118000169,762,1567,-805
118000170,3319,6032,-2713
118000171,170,575,-405
118000172,108,278,-170
118000173,618,962,-344
118000175,160,246,-86
118000176,168,349,-181
118000177,182,460,-278
118000178,91,34,57
118000179,1141,571,570
118000180,488,609,-121
118000181,626,236,390
118000182,232,186,46
118000183,209,200,9
118000184,391,774,-383
118000185,756,642,114
118000186,449,702,-253
118000187,634,797,-163
118000188,317,204,113
118000189,176,817,-641
118000190,8,7,1
118000191,20,31,-11
118000192,248,241,7
118000193,168,255,-87
118000194,1565,826,739
118000195,798,490,308
118000196,370,78,292
118000197,234,97,137
118000198,548,293,255
118000199,682,301,381
118000200,64,152,-88
118000201,523,245,278
118000202,47,47,0
118000203,1546,294,1252
118000204,183,214,-31
118000205,316,234,82
118000206,125,149,-24
118000207,1,120,-119
118000208,718,1259,-541
118000209,1143,1896,-753
118000210,23,24,-1
118000211,16,27,-11
118000213,733,973,-240
118000214,633,300,333
118000215,163,405,-242
118000216,1015,2818,-1803
118000217,14,85,-71
118000218,27,76,-49
118000219,359,286,73
118000220,3,27,-24
118000221,45,207,-162
118000222,52,42,10
118000223,29,23,6
118000224,181,69,112
118000225,116,970,-854
118000226,666,124,542
118000227,817,263,554
118000228,111,82,29
118000229,259,26,233
118000230,53,241,-188
118000231,33,164,-131
118000232,460,934,-474
118000233,549,637,-88
118000234,160,268,-108
118000236,197,439,-242
118000237,35,628,-593
118000238,81,288,-207
118000239,199,244,-45
118000240,599,77,522
118000241,69,187,-118
118000242,192,628,-436
118000243,72,166,-94
118000244,15,229,-214
118000246,0,10,-10
118000255,82,230,-148
118000256,131,267,-136
118000259,3,40,-37
118000260,57,89,-32
118000261,15,76,-61
118000263,59,190,-131
118000266,82,379,-297
118000267,1,68,-67
118000268,211,2,209
118000270,48,32,16
118000271,174,301,-127
118000272,49,23,26
118000273,46,61,-15
118000274,87,306,-219
118000276,180,249,-69
118000295,3,64,-61
118000298,96,418,-322
118000299,66,209,-143
118000301,0,52,-52
118000302,54,97,-43
118000311,107,154,-47
118000312,218,171,47
118000313,19,137,-118
118000314,30,80,-50
118000315,11,84,-73
118000316,312,542,-230
118000325,13,67,-54
118000326,27,26,1
118000331,18,39,-21
118000332,17,49,-32
118000333,37,80,-43
118000335,99,0,99
118000336,0,383,-383
118000407,38,62,-24
118000457,8,31,-23
118000465,4267,2125,2142
118000480,13,123,-110
118000489,94,143,-49
118000490,131,459,-328
118000492,191,164,27
118000510,67,12,55
118000514,151,267,-116
118000515,564,367,197
118000517,282,167,115
118000524,649,146,503
118000525,572,829,-257
118000530,12,88,-76
118000531,128,242,-114
118000532,141,193,-52
118000533,259,129,130
118000534,425,273,152
118000535,147,97,50
118000536,871,556,315
118000537,20,64,-44
118000538,26,99,-73
118000539,9,46,-37
118000540,174,189,-15
118000541,123,98,25
118000542,71,120,-49
118000543,126,163,-37
118000546,26,16,10
118000553,0,0,0
118000557,0,0,0
118000560,3152,816,2336
118000562,15,440,-425
118000563,1594,1247,347
118000576,177,200,-23
118000577,147,160,-13
118000578,164,137,27
118000579,692,906,-214
118000583,0,0,0
118000595,86,53,33
118000596,0,65,-65
118000597,87,164,-77
118000598,7,0,7
118000599,48,45,3
118000600,4,15,-11
118000601,0,0,0
118000602,0,8,-8
118000603,0,56,-56
118000605,12,190,-178
118000606,41,502,-461
118900001,1090,637,453
118900002,858,522,336
118900003,110,20,90
118900004,10,40,-30
118900005,36,2,34
118900006,60,5,55
118900007,1,0,1
118900008,916,58,858
118900009,24,11,13
118900010,56,3,53
118900011,68,17,51
118900012,252,159,93
118900013,578,37,541
118900015,63,20,43
118900016,5,19,-14
118900017,126,179,-53
118900018,1138,8,1130
118900019,41,4,37
118900020,176,119,57
118900021,131,292,-161
118900022,91,107,-16
118900023,58,97,-39
118900024,34,190,-156
118900025,35,17,18
118900026,18,61,-43
118900027,413,269,144
118900028,60,141,-81
118900029,102,474,-372
118900030,132,62,70
118900031,80,117,-37
118900032,162,410,-248
118900033,211,696,-485
118900034,52,9,43
118900035,100,261,-161
118900036,591,594,-3
118900037,196,293,-97
118900038,151,306,-155
118900039,187,153,34
118900040,123,128,-5
118900041,134,163,-29
118900042,100,96,4
118900045,221,147,74
118900046,601,150,451
118900047,739,170,569
118900048,121,203,-82
118900049,54,31,23
118900050,4,121,-117
118900051,112,50,62
118900052,85,244,-159
118900053,26,61,-35
118900054,69,85,-16
118900055,32,131,-99
118900056,96,161,-65
118900057,264,288,-24
118900058,217,400,-183
118900059,53,92,-39
118900060,34,157,-123
118900062,74,170,-96
118900064,604,350,254
118900065,24,111,-87
118900066,46,125,-79
118900067,5464,1875,3589
118900068,1,117,-116
118900069,212,204,8
118900071,1,67,-66
118900072,252,334,-82
118900073,36,104,-68
118900074,38,183,-145
118900075,16,97,-81
118900076,148,82,66
118900077,109,163,-54
118900078,21,3,18
118900079,39,212,-173
118900080,9,60,-51
118900081,55,25,30
118900082,324,174,150
118900083,13,21,-8
118900084,14,15,-1
118900085,390,840,-450
118900086,10,47,-37
118900087,16,154,-138
118900088,0,8,-8
118900089,26,8,18
118900090,254,325,-71
118900091,151,130,21
118900092,56,63,-7
118900093,89,10,79
118900096,69,48,21
118900097,122,635,-513
118900099,43,275,-232
118900100,141,183,-42
118900101,5,252,-247
118900102,5,31,-26
118900103,12,33,-21
118900104,31,90,-59
118900105,117,93,24
118900107,85,146,-61
118900108,26,76,-50
118900110,1749,439,1310
118900111,194,665,-471
118900112,23,93,-70
118900113,57,534,-477
118900114,24,71,-47
118900115,51,271,-220
118900116,94,147,-53
118900117,55,145,-90
118900118,138,378,-240
118900119,51,273,-222
118900120,58,230,-172
118900121,8,258,-250
118900122,10,348,-338
118900123,100,181,-81
118900124,40,152,-112
118900126,4,183,-179
118900129,132,115,17
118900130,49,99,-50
118900131,65,256,-191
118900132,175,122,53
118900133,23,46,-23
118900135,71,164,-93
118900136,135,696,-561
118900137,1,14,-13
118900139,120,607,-487
118900140,252,740,-488
118900141,25,341,-316
118900144,83,557,-474
118900145,15,202,-187
118900146,147,738,-591
118900147,128,127,1
118900148,34,58,-24
118900150,131,370,-239
118900152,346,839,-493
118900157,123,137,-14
118900158,23,91,-68
118900159,1,147,-146
118900161,75,5,70
118900163,187,45,142
118900164,7,65,-58
118900165,17,173,-156
118900166,56,2,54
118900167,65,107,-42
118900168,6,27,-21
118900169,84,355,-271
118900170,30,116,-86
118900171,9,16,-7
118900174,27,49,-22
118900175,168,318,-150
118900176,48,150,-102
118900177,23,54,-31
118900178,38,101,-63
118900179,3,25,-22
118900181,68,92,-24
118900182,43,33,10
118900183,10,89,-79
118900184,96,19,77
118900185,31,97,-66
118900186,36,70,-34
118900187,107,242,-135
118900188,131,193,-62
118900189,18,320,-302
118900190,11,553,-542
118900191,83,43,40
118900192,72,23,49
118900193,166,6,160
118900195,273,822,-549
118900196,14,116,-102
118900197,68,74,-6
118900198,8,66,-58
118900199,16,80,-64
118900200,7,5,2
118900201,11,7,4
118900202,12,37,-25
118900203,2,42,-40
118900204,6,28,-22
118900205,6,16,-10
118900206,2,28,-26
119000001,746,981,-235
119000002,1605,2458,-853
119000003,919,1419,-500
119000004,1151,1158,-7
119000005,1209,1368,-159
119000006,1326,1349,-23
119000007,2080,2375,-295
119000008,1237,1985,-748
119000009,2575,2122,453
119000010,7171,3277,3894
119000011,4695,1786,2909
119000012,4060,2784,1276
119000013,1967,1185,782
119000014,2043,3473,-1430
119000019,208,129,79
119000020,1053,1071,-18
119000021,2095,1584,511
119000022,2684,1244,1440
119000023,265,148,117
119000024,1826,5334,-3508
119000025,10627,1202,9425
119000026,235,245,-10
119000027,465,296,169
119000028,2087,1113,974
119000029,108,236,-128
119000030,389,977,-588
119000031,541,810,-269
119000032,1900,2240,-340
119000033,1360,1551,-191
119000034,880,1097,-217
119000035,21,427,-406
119000036,638,1109,-471
119000037,831,2537,-1706
119000038,81,1382,-1301
119000039,166,304,-138
119000040,932,356,576
119000041,862,965,-103
119000048,3402,4177,-775
119000049,1210,3731,-2521
119000050,1285,2296,-1011
119000051,1408,904,504
119000052,2008,2997,-989
119000053,1426,1227,199
119000054,2151,3961,-1810
119000055,2129,3424,-1295
119000056,1322,1839,-517
119000057,1108,2665,-1557
119000058,1428,2293,-865
119000059,740,1592,-852
119000060,853,755,98
119000061,709,860,-151
119000062,879,1163,-284
119000063,239,342,-103
119000064,1363,1617,-254
119000065,1481,2759,-1278
119000066,1126,822,304
119000067,1523,2662,-1139
119000068,908,950,-42
119000069,1160,2523,-1363
119000070,1331,1140,191
119000071,483,909,-426
119000072,6060,3536,2524
119000073,4576,4857,-281
119000074,669,3949,-3280
119000075,719,2388,-1669
119000076,466,867,-401
119000077,563,505,58
119000078,269,369,-100
119000079,69,759,-690
119000080,190,198,-8
119000081,137,348,-211
119000082,316,230,86
119000083,272,333,-61
119000084,222,505,-283
119000085,536,327,209
119000086,232,315,-83
119000087,1670,1058,612
119000088,223,261,-38
119000089,60,153,-93
119000090,151,192,-41
119000091,145,293,-148
119000092,605,196,409
119000093,3989,3822,167
119000094,1630,5274,-3644
119000095,929,2965,-2036
119000097,2444,1536,908
119000098,555,1377,-822
119000099,1815,1628,187
119000100,1882,1837,45
119000101,1967,2002,-35
119000102,563,640,-77
119000103,1115,538,577
119000104,3093,1401,1692
119000105,544,857,-313
119000106,230,1922,-1692
119000107,378,456,-78
119000108,176,1538,-1362
119000109,74,252,-178
119000110,289,335,-46
119000111,27,485,-458
119000112,107,91,16
119000113,2225,214,2011
119000114,576,424,152
119000115,162,258,-96
119000116,61,88,-27
119000117,60,281,-221
119000118,0,5,-5
119000123,2768,581,2187
119000124,300,228,72
119000125,1559,1229,330
119000126,394,1179,-785
119000127,246,914,-668
119000128,22,7,15
119000131,517,1246,-729
119000132,0,2,-2
119000133,1,5,-4
119000134,2478,487,1991
119000135,42,218,-176
119000136,82,364,-282
119000137,73,704,-631
119000138,107,506,-399
119000139,143,279,-136
119000140,110,275,-165
119000284,1366,2998,-1632
119000285,2347,2301,46
119000286,6848,4963,1885
119000287,1184,2094,-910
119000288,1630,1864,-234
119000289,2429,4043,-1614
119000290,128,535,-407
119000291,3,378,-375
119000293,75,155,-80
119000294,28,38,-10
119000295,2169,498,1671
119000296,140,105,35
119000297,0,0,0
119000302,4055,1435,2620
119000303,20,164,-144
119000310,0,0,0
119000314,1332,4859,-3527
119000315,1,711,-710
119000316,54,140,-86
119000317,37,526,-489
119900001,144,775,-631
119900002,56,301,-245
119900003,53,1282,-1229
119900004,319,310,9
119900005,51,189,-138
119900006,178,335,-157
119900007,454,61,393
119900008,28,17,11
119900009,299,563,-264
119900010,699,967,-268
119900011,25,32,-7
119900012,6,30,-24
119900013,1308,500,808
119900014,438,175,263
119900015,57,15,42
119900016,14,95,-81
119900017,8,46,-38
119900018,1463,270,1193
119900019,23,3,20
119900020,58,153,-95
119900021,56,43,13
119900022,103,239,-136
119900023,780,539,241
119900025,93,17,76
119900026,830,70,760
119900027,17,19,-2
119900028,176,45,131
119900029,3,3,0
119900030,360,387,-27
119900031,24,186,-162
119900033,1619,234,1385
119900034,105,134,-29
119900037,116,25,91
119900038,23,137,-114
119900039,34,2,32
119900040,41,16,25
119900041,30,30,0
119900042,36,127,-91
119900043,26,153,-127
119900044,153,293,-140
119900046,40,73,-33
119900047,117,62,55
119900048,46,80,-34
119900049,53,12,41
119900050,18,34,-16
119900051,393,7,386
119900052,20,38,-18
119900053,75,206,-131
119900054,47,4,43
119900055,633,289,344
119900057,64,94,-30
119900058,86,3,83
119900059,89,57,32
119900060,98,7,91
119900061,78,2,76
119900062,19,20,-1
119900063,10,44,-34
119900065,127,4,123
119900067,23,19,4
119900068,143,4,139
119900069,45,5,40
119900070,336,2,334
119900071,210,4,206
119900073,1617,349,1268
119900074,20,2,18
119900075,6063,1807,4256
119900076,212,640,-428
119900077,339,1489,-1150
119900078,275,917,-642
119900079,544,414,130
119900080,208,298,-90
119900081,179,187,-8
119900082,523,287,236
119900083,254,60,194
119900084,557,149,408
119900085,127,60,67
119900086,225,1246,-1021
119900087,275,213,62
119900088,61,38,23
119900089,12,587,-575
119900090,176,41,135
119900091,36,1291,-1255
119900092,8,381,-373
119900093,576,93,483
119900094,51,213,-162
119900095,133,48,85
119900096,31,76,-45
119900097,411,150,261
119900098,15,54,-39
119900099,28,270,-242
119900100,2808,1553,1255
119900101,170,744,-574
119900102,17,244,-227
119900103,12,520,-508
119900104,19,193,-174
119900105,512,923,-411
119900106,4,271,-267
119900107,384,3882,-3498
119900108,1699,617,1082
119900109,9,228,-219
119900110,402,696,-294
119900111,26,388,-362
119900112,3019,433,2586
119900113,59,521,-462
119900114,143,1850,-1707
119900115,90,1523,-1433
119900116,101,269,-168
119900117,109,898,-789
119900118,17,1463,-1446
119900119,77,229,-152
119900120,507,662,-155
119900121,106,1563,-1457
119900122,338,443,-105
119900123,180,237,-57
119900124,102,1101,-999
119900125,60,500,-440
119900126,5042,276,4766
119900127,2941,856,2085
119900128,235,771,-536
119900129,107,927,-820
119900130,60,256,-196
119900131,12,395,-383
119900132,1,474,-473
119900133,11,16,-5
119900134,2525,233,2292
119900135,0,545,-545
119900136,161,504,-343
119900138,380,686,-306
119900139,23,80,-57
119900140,4,149,-145
119900141,115,362,-247
119900142,0,14,-14
119900143,4,238,-234
119900144,2435,292,2143
119900145,48,237,-189
119900146,133,119,14
119900147,0,90,-90
119900148,74,45,29
119900149,1703,1634,69
119900150,171,208,-37
119900151,1248,591,657
119900152,58,466,-408
119900153,35,45,-10
119900154,22,968,-946
119900155,9,30,-21
119900156,10,1,9
119900157,53,276,-223
119900158,58,40,18
119900159,11,2172,-2161
119900160,18,200,-182
119900161,150,323,-173
119900162,537,609,-72
119900163,120,88,32
119900164,1,2,-1
119900165,57,276,-219
119900166,36,24,12
119900167,95,113,-18
119900168,282,380,-98
119900169,138,258,-120
119900170,139,117,22
119900171,418,478,-60
119900172,89,26,63
119900173,19,686,-667
119900174,29,287,-258
119900175,562,670,-108
119900177,17,337,-320
119900178,9,159,-150
119900179,38,167,-129
119900180,649,586,63
119900181,33,50,-17
119900182,0,503,-503
119900183,111,971,-860
119900184,3029,544,2485
119900185,16,76,-60
119900186,34,308,-274
119900187,5,669,-664
119900188,16,330,-314
119900189,313,172,141
119900190,50,121,-71
119900191,240,127,113
119900192,21,280,-259
119900193,119,196,-77
119900194,10,33,-23
119900195,7,212,-205
119900196,1831,472,1359
119900197,69,95,-26
119900198,29,469,-440
119900199,128,9,119
119900200,240,489,-249
119900201,326,151,175
119900202,173,85,88
119900203,113,252,-139
119900204,94,298,-204
119900205,233,696,-463
119900206,52,123,-71
119900208,87,89,-2
119900209,293,685,-392
119900210,12,65,-53
119900211,66,16,50
119900212,44,211,-167
119900213,1,42,-41
119900214,9,124,-115
119900215,22,84,-62
119900216,16,99,-83
119900217,3,98,-95
119900218,12,78,-66
119900219,4,199,-195
119900220,5,140,-135
119900221,11,510,-499
119900222,8,370,-362
119900223,13,130,-117
119900224,16,43,-27
119900225,1482,30,1452
119900226,985,1080,-95
119900227,1342,278,1064
119900228,13,201,-188
119900229,222,443,-221
119900230,1163,520,643
119900231,71,220,-149
119900232,136,48,88
119900233,22,2,20
119900234,7,32,-25
119900235,3,20,-17
119900236,9,218,-209
119900237,16,446,-430
119900238,0,87,-87
119900240,41,158,-117
119900241,139,236,-97
119900242,1384,984,400
119900244,640,955,-315
119900245,42,119,-77
119900246,210,261,-51
119900247,10,52,-42
119900248,34,32,2
119900249,138,71,67
119900253,4061,276,3785
119900254,30,265,-235
119900255,71,480,-409
119900256,146,1461,-1315
119900257,18,0,18
119900258,22,40,-18
119900259,2,232,-230
119900260,56,13,43
119900261,121,194,-73
119900262,30,428,-398
119900263,874,366,508
119900264,32,251,-219
119900265,162,365,-203
119900266,80,316,-236
119900267,91,356,-265
119900268,169,246,-77
119900269,284,1390,-1106
119900271,7,83,-76
119900272,96,34,62
119900275,23,1,22
119900276,10,0,10
119900277,19,15,4
119900278,162,82,80
119900279,96,106,-10
119900280,1112,215,897
119900281,1,70,-69
119900282,44,24,20
119900283,6,410,-404
119900284,36,111,-75
119900285,15,52,-37
119900286,9,14,-5
119900288,3,68,-65
119900289,0,44,-44
119900290,0,18,-18
119900291,0,35,-35
119900292,37,19,18
119900293,6,73,-67
119900294,18,84,-66
119900295,12,53,-41
119900296,11,315,-304
119900297,1,32,-31
119900298,0,4,-4
119900299,8,233,-225
119900300,101,160,-59
119900301,17,7,10
119900302,3,27,-24
119900303,103,160,-57
119900304,41,17,24
119900305,19,77,-58
119900306,22,0,22
119900307,11,135,-124
119900308,3,12,-9
119900309,10,41,-31
119900310,188,325,-137
119900311,21,178,-157
119900312,40,84,-44
119900313,133,370,-237
119900314,81,217,-136
119900315,545,2865,-2320
119900318,0,13,-13
119900319,13,393,-380
119900320,84,866,-782
119900321,44,3,41
120000001,7033,7978,-945
120000002,1854,3625,-1771
120000003,3599,2149,1450
120000004,2771,2655,116
120000005,4676,2199,2477
120000006,1235,1373,-138
120000007,3447,2461,986
120000008,944,1324,-380
120000009,4895,1045,3850
120000010,1413,3111,-1698
120000011,1058,2194,-1136
120000012,1274,2990,-1716
120000013,1988,2994,-1006
120000014,487,1468,-981
120000015,2094,1379,715
120000016,2577,2423,154
120000017,1714,1833,-119
120000018,4741,7068,-2327
120000019,816,1018,-202
120000020,2812,2336,476
120000021,1992,1793,199
120000022,2747,3342,-595
120000023,825,1684,-859
120000024,1401,2299,-898
120000025,1784,2319,-535
120000026,759,2004,-1245
120000027,1124,1694,-570
120000028,490,278,212
120000029,2370,405,1965
120000030,110,633,-523
120000031,1689,5324,-3635
120000032,9983,3384,6599
120000033,2762,1858,904
120000034,1178,2432,-1254
120000035,1271,2623,-1352
120000036,2038,3731,-1693
120000037,552,872,-320
120000038,10644,3191,7453
120000039,446,1099,-653
120000040,65,139,-74
120000041,560,1840,-1280
120000042,1220,4465,-3245
120000043,3897,2885,1012
120000044,2861,1359,1502
120000045,2780,985,1795
120000046,1384,1678,-294
120000047,1928,2673,-745
120000048,7726,3294,4432
120000049,3464,2696,768
120000050,2795,5060,-2265
120000051,3537,4086,-549
120000052,14132,2683,11449
120000053,970,4747,-3777
120000054,1253,7179,-5926
120000055,1104,4927,-3823
120000056,2544,4621,-2077
120000057,1319,763,556
120000058,534,202,332
120000059,26,1086,-1060
120000061,69,683,-614
120000062,180,319,-139
120000063,1949,3194,-1245
120000064,178,1735,-1557
120000065,363,2033,-1670
120000066,116,486,-370
120000067,30,658,-628
120000068,137,1382,-1245
120000069,459,1850,-1391
120000070,27,1214,-1187
120000071,133,217,-84
120000072,271,540,-269
120000073,258,116,142
120000074,43,47,-4
120000075,228,205,23
120000076,931,376,555
120000077,922,535,387
120000078,2843,747,2096
120000079,173,674,-501
120000080,172,304,-132
120000081,164,198,-34
120000082,142,251,-109
120000083,122,424,-302
120000084,438,502,-64
120000085,247,442,-195
120000086,295,802,-507
120000087,143,1389,-1246
120000088,559,1431,-872
120000089,690,630,60
120000090,343,492,-149
120000091,577,861,-284
120000092,799,609,190
120000093,195,416,-221
120000094,111,364,-253
120000095,654,678,-24
120000096,178,1259,-1081
120000098,581,1112,-531
120000099,214,764,-550
120000100,478,953,-475
120000101,242,488,-246
120000102,260,457,-197
120000103,717,403,314
120000104,1046,271,775
120000105,1416,319,1097
120000106,1109,354,755
120000107,1713,455,1258
120000108,619,77,542
120000109,587,60,527
120000110,92,1092,-1000
120000111,84,1502,-1418
120000112,595,4937,-4342
120000113,548,3419,-2871
120000114,742,2996,-2254
120000115,369,2619,-2250
120000116,532,2295,-1763
120000117,1272,1661,-389
120000118,50,33,17
120000119,38,62,-24
120000120,33,51,-18
120000121,45,76,-31
120000122,318,309,9
120000123,6615,3301,3314
120000124,267,534,-267
120000125,286,590,-304
120000126,301,808,-507
120000127,2374,682,1692
120000128,5026,1926,3100
120000129,274,275,-1
120000130,541,693,-152
120000131,263,494,-231
120000134,271,1609,-1338
120000135,163,310,-147
120000137,96,2701,-2605
120000138,240,555,-315
120000139,110,1245,-1135
120000140,234,701,-467
120000141,125,552,-427
120000142,186,666,-480
120000143,1,115,-114
120000144,20,0,20
120000145,141,3,138
120000146,2126,1064,1062
120000149,456,982,-526
120000150,4980,7870,-2890
120000151,351,517,-166
120000152,222,267,-45
120000153,121,729,-608
120000154,394,351,43
120000155,87,232,-145
120000156,1706,534,1172
120000157,729,610,119
120000158,614,1039,-425
120000159,1544,2351,-807
120000160,1737,1252,485
120000161,908,2626,-1718
120000162,59,259,-200
120000163,283,2015,-1732
120000164,271,584,-313
120000165,215,1154,-939
120000166,569,705,-136
120000167,24,23,1
120000168,5,75,-70
120000169,111,267,-156
120000170,128,184,-56
120000171,22,48,-26
120000172,40,37,3
120000173,2451,202,2249
120000174,652,8,644
120000175,557,14,543
120000176,291,54,237
120000177,1380,354,1026
120000178,65,2,63
120000179,450,23,427
120000180,671,52,619
120000181,169,164,5
120000182,85,72,13
120000183,7,156,-149
120000184,141,1185,-1044
120000186,76,72,4
120000187,137,41,96
120000188,265,47,218
120000190,1221,16,1205
120000191,2026,22,2004
120000192,2456,7,2449
120000193,681,5,676
120000195,155,4,151
120000196,248,28,220
120000197,102,128,-26
120000198,88,187,-99
120000199,54,0,54
120000200,46,1,45
120000201,6,14,-8
120000202,0,68,-68
120000203,17,420,-403
120000207,0,90,-90
120000208,5,412,-407
120000209,6,171,-165
120000210,184,95,89
120000211,37,2,35
120000212,54,0,54
120000213,82,503,-421
120000214,3,560,-557
120000215,4,192,-188
120000216,50,7,43
120000217,795,1348,-553
120000218,314,1491,-1177
120000219,13,911,-898
120000220,11,3163,-3152
120000225,502,0,502
120000226,99,6,93
120000227,473,20,453
120000228,7383,1801,5582
120000230,137,8,129
120000231,529,2539,-2010
120000233,163,74,89
120000235,93,920,-827
120000236,400,1,399
120000237,4,2691,-2687
120000238,1,122,-121
120000241,1044,2980,-1936
120000412,1770,19,1751
120000413,120,546,-426
120000414,59,2,57
120000415,3,259,-256
120000416,28,17,11
120000417,2,131,-129
120000418,60,23,37
120000419,12,567,-555
120000420,95,29,66
120000421,14311,6015,8296
120000422,214,397,-183
120000423,0,42,-42
120000424,27,226,-199
120000436,137,372,-235
120000437,217,205,12
120000438,5074,420,4654
120000439,174,254,-80
120000443,93,1,92
120000444,572,664,-92
120000445,1262,1211,51
120000446,1041,301,740
120000447,65,25,40
120000449,46,13,33
120000450,8,463,-455
120000451,103,269,-166
120000452,81,1,80
120000453,1,526,-525
120000454,84,24,60
120000455,50,60,-10
120000456,3039,2325,714
120000457,1235,1021,214
120000458,532,807,-275
120000459,32,76,-44
120000665,1029,143,886
120000668,76,178,-102
120000669,72,444,-372
120000670,192,383,-191
120000671,743,302,441
120000672,116,590,-474
120900001,69,17,52
120900002,289,207,82
120900003,123,26,97
120900004,5,37,-32
120900005,24,1861,-1837
120900006,133,165,-32
120900007,106,157,-51
120900008,126,1467,-1341
120900009,335,70,265
120900010,199,45,154
120900011,468,139,329
120900012,1040,694,346
120900013,175,33,142
120900014,1,758,-757
120900015,251,61,190
120900016,338,47,291
120900017,3639,125,3514
120900018,39,519,-480
120900019,293,107,186
120900020,609,584,25
120900021,351,67,284
120900022,13,361,-348
120900023,88,48,40
120900024,1315,441,874
120900025,2324,892,1432
120900026,76,170,-94
120900027,517,71,446
120900028,110,23,87
120900029,117,217,-100
120900030,587,435,152
120900031,87,48,39
120900032,370,170,200
120900033,517,41,476
120900034,26,1581,-1555
120900035,35,51,-16
120900037,61,3,58
120900038,25,159,-134
120900039,50,27,23
120900040,101,3,98
120900041,107,22,85
120900042,120,73,47
120900043,18,7,11
120900044,59,483,-424
120900045,112,125,-13
120900046,255,16,239
120900047,81,42,39
120900048,52,19,33
120900049,156,1,155
120900050,4202,1106,3096
120900051,157,141,16
120900052,246,3,243
120900053,102,84,18
120900054,1490,870,620
120900055,176,6,170
120900056,204,5,199
120900057,60,19,41
120900058,244,2,242
120900059,40,0,40
120900060,23,31,-8
120900061,247,379,-132
120900062,89,0,89
120900063,254,0,254
120900064,175,0,175
120900065,186,1,185
120900066,103,338,-235
120900067,168,40,128
120900068,72,0,72
120900069,97,105,-8
120900071,5,1,4
120900072,264,1,263
120900073,209,259,-50
120900074,192,4,188
120900076,131,0,131
120900077,3811,250,3561
120900078,234,929,-695
120900079,263,104,159
120900080,342,2994,-2652
120900081,550,1357,-807
120900082,571,216,355
120900083,55,3,52
120900084,151,241,-90
120900085,155,112,43
120900086,143,178,-35
120900087,182,76,106
120900088,98,262,-164
120900089,5161,1204,3957
120900090,67,260,-193
120900091,371,231,140
120900092,930,799,131
120900093,4719,251,4468
120900094,605,205,400
120900095,209,43,166
120900096,10,123,-113
120900097,506,1203,-697
120900098,235,193,42
120900099,28,71,-43
120900100,61,440,-379
120900101,607,403,204
120900102,15,103,-88
120900103,34,147,-113
120900104,6,47,-41
120900105,25,1015,-990
120900106,1452,684,768
120900107,388,163,225
120900108,4,1250,-1246
120900109,33,943,-910
120900110,7,697,-690
120900111,121,465,-344
120900112,5,1821,-1816
120900113,24,1292,-1268
120900114,43,219,-176
120900115,137,215,-78
120900116,116,762,-646
120900117,3,686,-683
120900118,16,1223,-1207
120900119,3314,3414,-100
120900120,30,810,-780
120900121,61,426,-365
120900122,139,867,-728
120900123,3,771,-768
120900124,2,965,-963
120900125,5,1228,-1223
120900126,1425,863,562
120900127,9,755,-746
120900128,989,1037,-48
120900129,45,489,-444
120900130,2,487,-485
120900131,16,62,-46
120900132,370,396,-26
120900133,153,1297,-1144
120900134,526,485,41
120900135,5,900,-895
120900136,16,30,-14
120900137,58,101,-43
120900138,21,284,-263
120900139,8,1060,-1052
120900140,0,55,-55
120900141,50,84,-34
120900142,30,1085,-1055
120900143,4,1185,-1181
120900144,1,215,-214
120900145,39,1221,-1182
120900146,4,1300,-1296
120900147,2,377,-375
120900148,83,134,-51
120900149,1,462,-461
120900150,21,750,-729
120900151,0,979,-979
120900152,0,62,-62
120900153,5,40,-35
120900154,0,371,-371
120900155,106,1363,-1257
120900156,26,483,-457
120900157,19,225,-206
120900158,27,651,-624
120900159,64,558,-494
120900160,27,460,-433
120900161,28,856,-828
120900162,27,873,-846
120900163,12,182,-170
120900164,0,1,-1
120900165,12,6,6
120900166,19,134,-115
120900167,179,62,117
120900169,37,654,-617
120900170,2573,1232,1341
120900171,1162,359,803
120900172,1212,133,1079
120900173,0,82,-82
120900174,2,94,-92
120900175,285,216,69
120900176,16,220,-204
120900177,2,404,-402
120900178,2,237,-235
120900179,951,442,509
120900180,102,95,7
120900181,36,71,-35
120900182,14,501,-487
120900183,432,80,352
120900184,186,44,142
120900185,7,350,-343
120900186,1,627,-626
120900187,227,582,-355
120900188,55,15,40
120900189,154,359,-205
120900190,15,13,2
120900191,1,26,-25
120900192,14354,2572,11782
120900194,19,65,-46
120900195,61,212,-151
120900196,427,41,386
120900197,332,47,285
120900198,223,674,-451
120900199,164,147,17
120900200,105,121,-16
120900201,664,128,536
120900202,3,245,-242
120900203,20,56,-36
120900204,253,389,-136
120900205,66,96,-30
120900206,5,11,-6
120900207,26,1301,-1275
121000001,1056,1036,20
121000002,1945,1111,834
121000003,3867,1879,1988
121000004,2287,3277,-990
121000005,2011,2663,-652
121000006,2549,1094,1455
121000007,2891,2840,51
121000008,4940,2511,2429
121000009,6386,4869,1517
121000010,8708,3553,5155
121000011,9247,9631,-384
121000012,13733,7022,6711
121000013,4725,6370,-1645
121000014,6436,5336,1100
121000015,4140,4914,-774
121000016,4576,3102,1474
121000017,1529,3447,-1918
121000018,1706,1636,70
121000019,19988,8295,11693
121000020,12834,7209,5625
121000021,2679,3047,-368
121000022,1232,1553,-321
121000023,3690,3009,681
121000024,2386,2653,-267
121000025,563,784,-221
121000026,255,127,128
121000027,1277,883,394
121000028,654,350,304
121000029,727,644,83
121000030,330,356,-26
121000031,517,606,-89
121000032,198,71,127
121000034,179,125,54
121000035,113,122,-9
121000036,1153,772,381
121000037,566,552,14
121000038,544,418,126
121000039,265,234,31
121000041,332,430,-98
121000042,216,350,-134
121000043,733,621,112
121000044,1885,624,1261
121000045,231,285,-54
121000046,267,665,-398
121000047,21,83,-62
121000049,1703,596,1107
121000050,244,968,-724
121000051,589,339,250
121000052,228,521,-293
121000053,388,79,309
121000054,56,195,-139
121000055,1312,1045,267
121000056,880,931,-51
121000057,146,228,-82
121000058,427,93,334
121000059,1806,856,950
121000060,385,743,-358
121000061,124,151,-27
121000062,112,246,-134
121000063,586,443,143
121000064,513,632,-119
121000065,455,355,100
121000066,509,459,50
121000067,881,316,565
121000068,442,285,157
121000069,251,273,-22
121000070,1474,1180,294
121000071,883,759,124
121000072,1084,751,333
121000073,724,557,167
121000074,72,119,-47
121000075,45,26,19
121000076,953,258,695
121000077,79,81,-2
121000078,77,112,-35
121000080,2575,599,1976
121000081,2175,1773,402
121000082,136,229,-93
121000083,207,108,99
121000084,177,89,88
121000085,341,368,-27
121000086,121,889,-768
121000087,46,258,-212
121000088,328,558,-230
121000089,497,217,280
121000090,288,259,29
121000091,1675,712,963
121000092,154,103,51
121000093,145,220,-75
121000094,499,411,88
121000095,284,448,-164
121000096,2035,2363,-328
121000097,1074,1445,-371
121000098,328,1378,-1050
121000099,365,898,-533
121000100,620,614,6
121000101,121,256,-135
121000102,121,395,-274
121000103,90,275,-185
121000104,140,167,-27
121000105,245,270,-25
121000106,117,387,-270
121000107,2060,3617,-1557
121000109,1406,1121,285
121000110,310,513,-203
121000114,2192,2074,118
121000115,626,816,-190
121000116,473,827,-354
121000117,992,273,719
121000118,1105,279,826
121000119,223,270,-47
121000120,153,469,-316
121000121,331,818,-487
121000123,1264,566,698
121000127,95,101,-6
121000128,575,548,27
121000129,307,434,-127
121000130,329,1000,-671
121000131,1892,1266,626
121000132,1238,1137,101
121000135,297,199,98
121000136,769,487,282
121000137,498,215,283
121000138,797,656,141
121000139,405,94,311
121000141,183,91,92
121000142,719,464,255
121000143,159,18,141
121000144,1116,692,424
121000145,448,1357,-909
121000146,972,702,270
121000147,494,354,140
121000148,612,1037,-425
121000149,1661,962,699
121000152,335,424,-89
121000153,1375,488,887
121000154,585,439,146
121000155,902,954,-52
121000156,297,949,-652
121000157,1360,1814,-454
121000158,345,629,-284
121000159,139,583,-444
121000160,223,724,-501
121000161,61,385,-324
121000162,29,275,-246
121000165,1549,1557,-8
121000166,27,516,-489
121000168,193,292,-99
121000169,43,196,-153
121000170,133,82,51
121000171,37,161,-124
121000172,389,410,-21
121000173,995,653,342
121000174,165,387,-222
121000175,416,465,-49
121000176,266,243,23
121000177,545,641,-96
121000178,86,45,41
121000179,129,55,74
121000181,403,347,56
121000182,92,134,-42
121000183,25,70,-45
121000184,36,67,-31
121000185,25,113,-88
121000186,85,228,-143
121000187,117,266,-149
121000188,69,259,-190
121000192,463,279,184
121000193,390,406,-16
121000194,2535,1872,663
121000195,313,916,-603
121000196,796,243,553
121000197,254,681,-427
121000198,207,69,138
121000199,82,540,-458
121000200,237,72,165
121000201,8,228,-220
121000202,510,77,433
121000203,620,2463,-1843
121000204,1601,457,1144
121000205,151,210,-59
121000206,96,44,52
121000207,1426,401,1025
121000208,12,450,-438
121000209,142,521,-379
121000210,231,600,-369
121000211,154,108,46
121000212,185,839,-654
121000213,8216,2379,5837
121000214,802,1777,-975
121000215,1148,756,392
121000216,372,468,-96
121000217,4000,2163,1837
121000218,515,1743,-1228
121000219,1304,331,973
121000220,414,99,315
121000221,122,226,-104
121000222,2750,2238,512
121000223,540,393,147
121000224,321,169,152
121000225,1582,949,633
121000226,2768,664,2104
121000227,21,278,-257
121000228,23,835,-812
121000229,79,515,-436
121000230,62,1930,-1868
121000231,455,37,418
121000232,349,205,144
121000233,384,279,105
121000234,8,30,-22
121000235,49,49,0
121000236,5,53,-48
121000237,37,10,27
121000238,5,66,-61
121000239,39,11,28
121000240,12,224,-212
121000241,119,14,105
121000242,102,182,-80
121000243,719,110,609
121000244,9,71,-62
121000245,22,20,2
121000246,2,89,-87
121000247,33,3,30
121000248,761,862,-101
121000249,104,207,-103
121000250,201,73,128
121000251,55,760,-705
121000252,51,37,14
121000253,247,565,-318
121000254,390,288,102
121000255,136,145,-9
121000256,184,153,31
121000257,50,70,-20
121000258,97,116,-19
121000259,49,36,13
121000260,66,97,-31
121000261,34,40,-6
121000262,807,620,187
121000263,310,430,-120
121000271,187,1733,-1546
121000273,102,10,92
121000274,3,24,-21
121000275,6,35,-29
121000276,1,3,-2
121000278,28,49,-21
121000279,37,11,26
121000280,28,50,-22
121000289,255,47,208
121000290,1094,625,469
121000294,84,213,-129
121000297,840,827,13
121000299,67,259,-192
121000300,577,430,147
121000302,167,855,-688
121000303,534,500,34
121000304,425,42,383
121000305,108,33,75
121000306,47,105,-58
121000308,128,332,-204
121000309,391,565,-174
121000310,49,362,-313
121000311,55,766,-711
121000312,246,161,85
121000313,489,365,124
121000314,264,105,159
121000315,116,173,-57
121000530,687,1264,-577
121000531,832,1290,-458
121000532,4791,3910,881
121000533,2289,2200,89
121000918,23,220,-197
121000919,16,59,-43
121000938,749,705,44
121000939,1126,442,684
121000956,477,1339,-862
121000957,2,12,-10
121000958,100,24,76
121000959,291,1149,-858
121000960,1554,2182,-628
121000961,119,91,28
121000962,397,947,-550
121000973,1,481,-480
121000976,12,150,-138
121000979,293,56,237
121000981,280,182,98
121000982,201,255,-54
121000983,341,520,-179
121000984,15,49,-34
121000985,308,765,-457
121000986,182,442,-260
121000987,157,1679,-1522
121000988,380,115,265
121001302,259,98,161
121001308,0,2,-2
121001309,126,53,73
121001313,89,387,-298
121001314,3299,3957,-658
121001315,3667,1443,2224
121001326,313,340,-27
121900001,57,148,-91
121900002,47,30,17
121900003,298,3,295
121900004,123,355,-232
121900005,10,0,10
121900006,67,12,55
121900007,1763,1631,132
121900008,398,70,328
121900009,459,24,435
121900010,208,0,208
121900011,113,365,-252
121900012,5,0,5
121900013,1018,41,977
121900014,852,360,492
121900015,124,170,-46
121900016,4,32,-28
121900017,216,405,-189
121900018,360,4,356
121900019,196,191,5
121900020,22,1,21
121900021,733,16,717
121900022,145,115,30
121900023,82,344,-262
121900024,345,94,251
121900025,333,307,26
121900026,214,27,187
121900027,118,88,30
121900028,157,9,148
121900029,84,144,-60
121900030,485,399,86
121900031,936,3826,-2890
121900032,80,62,18
121900033,119,103,16
121900034,206,57,149
121900035,1884,1217,667
121900036,59,317,-258
121900037,106,542,-436
121900038,20,146,-126
121900039,249,18,231
121900040,23,77,-54
121900041,51,134,-83
121900042,201,104,97
121900043,3,1,2
121900044,215,27,188
121900046,175,152,23
121900047,66,71,-5
121900048,25,117,-92
121900050,13,23,-10
121900051,63,173,-110
121900052,59,33,26
121900053,221,226,-5
121900054,540,601,-61
121900055,4,19,-15
121900058,138,216,-78
121900059,179,105,74
121900060,76,265,-189
121900061,107,108,-1
121900062,88,62,26
121900063,635,279,356
121900064,90,591,-501
121900066,17,20,-3
121900067,15,24,-9
121900069,170,93,77
121900070,165,68,97
121900071,87,225,-138
121900072,19,194,-175
121900073,205,153,52
121900074,579,391,188
121900075,538,217,321
121900076,206,557,-351
121900077,2,11,-9
121900078,26,29,-3
121900079,0,0,0
121900080,388,380,8
121900082,16,94,-78
121900084,5,251,-246
121900085,0,5,-5
121900086,15,38,-23
121900087,163,98,65
121900088,1779,1609,170
121900089,66,388,-322
121900090,16,109,-93
121900091,25,129,-104
121900092,51,99,-48
121900093,35,47,-12
121900094,15,5,10
121900095,100,77,23
121900096,1092,374,718
121900097,218,99,119
121900098,5,4,1
121900099,169,60,109
121900100,170,125,45
121900101,65,66,-1
121900102,10,94,-84
121900103,386,253,133
121900104,831,248,583
121900105,80,64,16
121900106,7,0,7
121900107,12,23,-11
121900108,0,12,-12
121900109,322,137,185
121900110,179,1119,-940
121900111,672,86,586
121900112,115,110,5
121900113,32,156,-124
121900114,11,42,-31
121900117,40,13,27
121900118,1776,317,1459
121900119,55,117,-62
121900120,33,1151,-1118
121900121,478,38,440
121900122,14,40,-26
121900123,140,362,-222
121900124,78,168,-90
121900125,627,699,-72
121900127,4,55,-51
121900128,53,127,-74
121900129,927,76,851
121900130,92,195,-103
121900131,179,80,99
121900132,27,115,-88
121900133,109,343,-234
121900134,18,76,-58
121900135,1908,202,1706
121900136,176,433,-257
121900137,28,275,-247
121900138,32,164,-132
121900139,281,410,-129
121900140,31,159,-128
121900141,42,4,38
121900142,46,100,-54
121900143,7,89,-82
121900144,102,299,-197
121900145,92,99,-7
121900146,436,562,-126
121900147,50,122,-72
121900148,99,194,-95
121900149,248,492,-244
121900150,70,108,-38
121900151,41,182,-141
121900152,28,138,-110
121900153,71,401,-330
121900154,13,102,-89
121900155,0,61,-61
121900156,121,73,48
121900157,6,504,-498
121900158,32,98,-66
121900159,2,212,-210
121900160,28,170,-142
121900161,469,249,220
121900162,134,98,36
121900163,87,697,-610
121900164,310,182,128
121900165,146,165,-19
121900166,89,157,-68
121900167,106,56,50
121900168,206,108,98
121900169,10,261,-251
121900170,1,172,-171
121900171,396,472,-76
121900172,246,250,-4
121900173,745,137,608
121900174,16,34,-18
121900175,87,110,-23
121900176,354,1656,-1302
121900177,142,54,88
121900178,46,43,3
121900179,183,121,62
121900180,4576,2135,2441
121900182,467,254,213
121900183,295,413,-118
121900184,38,401,-363
121900186,6,311,-305
121900187,19,84,-65
121900188,412,362,50
121900189,16,96,-80
121900190,117,373,-256
121900191,53,148,-95
121900192,367,458,-91
121900193,19,147,-128
121900194,5,115,-110
121900195,86,64,22
121900196,622,577,45
121900197,243,1782,-1539
121900198,851,873,-22
121900199,1,14,-13
121900200,61,195,-134
121900201,986,475,511
121900202,106,290,-184
121900203,140,644,-504
121900204,1046,635,411
121900205,11,91,-80
121900206,7,4,3
121900207,151,38,113
121900208,173,240,-67
121900209,34,28,6
121900210,963,865,98
121900211,222,468,-246
121900212,120,84,36
121900213,76,87,-11
121900214,5,346,-341
121900215,35,41,-6
121900216,14,78,-64
121900217,191,71,120
121900218,170,371,-201
121900220,125,5,120
121900221,194,471,-277
121900222,86,138,-52
121900223,90,58,32
121900224,42,47,-5
121900225,79,51,28
121900226,188,163,25
121900227,65,278,-213
121900228,121,217,-96
121900230,71,76,-5
121900231,228,218,10
121900232,173,310,-137
121900233,239,216,23
121900234,125,281,-156
121900235,208,220,-12
121900236,207,106,101
121900237,105,181,-76
121900238,117,151,-34
121900239,89,43,46
121900240,101,78,23
121900241,22,35,-13
121900242,0,0,0
121900243,3,0,3
121900244,4,1,3
121900245,135,106,29
121900246,1075,275,800
121900248,1146,625,521
121900250,192,256,-64
121900251,259,20,239
121900252,523,120,403
121900253,127,789,-662
121900254,479,172,307
121900255,183,63,120
121900258,1953,1395,558
121900259,276,374,-98
121900260,29,153,-124
121900261,94,331,-237
121900262,377,535,-158
121900263,76,225,-149
121900264,1800,909,891
121900265,100,238,-138
121900266,158,204,-46
121900267,27,19,8
121900269,85,257,-172
121900270,5,127,-122
121900271,25,128,-103
121900273,365,1065,-700
121900274,197,234,-37
121900277,230,1262,-1032
121900278,101,675,-574
121900279,176,251,-75
121900280,113,202,-89
121900281,265,75,190
121900284,51,8,43
121900286,62,135,-73
121900287,12,12,0
121900288,3,2,1
121900290,175,147,28
121900291,354,426,-72
121900292,205,102,103
121900293,731,2740,-2009
121900294,230,1,229
121900295,58,229,-171
121900296,33,20,13
121900298,359,349,10
121900299,0,1,-1
121900300,10,0,10
121900301,20,0,20
121900302,0,41,-41
121900303,182,390,-208
121900304,0,2,-2
121900305,0,7,-7
121900306,63,0,63
121900307,6,15,-9
121900308,25,373,-348
121900309,15,301,-286
121900310,27,513,-486
121900311,156,8,148
121900312,101,10,91
121900313,191,14,177
121900314,1,63,-62
121900315,6,0,6
121900316,1,25,-24
121900317,2,1,1
121900318,0,8,-8
121900319,8,51,-43
121900320,59,84,-25
121900321,3,2,1
121900322,0,29,-29
121900323,8,3,5
121900324,9,48,-39
121900325,15,0,15
121900326,0,23,-23
121900327,3,49,-46
121900328,0,34,-34
121900329,2,210,-208
121900330,0,18,-18
121900331,66,2,64
121900332,46,14,32
121900333,17,0,17
121900334,91,32,59
122000001,2336,3302,-966
122000002,5732,1472,4260
122000003,2115,1256,859
122000004,3191,1069,2122
122000005,2822,914,1908
122000006,2232,487,1745
122000007,1276,1075,201
122000008,6076,3585,2491
122000009,537,225,312
122000010,1835,1943,-108
122000011,2769,832,1937
122000012,1112,786,326
122000013,2036,1095,941
122000014,1277,1930,-653
122000015,1407,804,603
122000016,412,718,-306
122000017,983,1054,-71
122000018,1259,971,288
122000019,697,1209,-512
122000020,143,168,-25
122000021,438,382,56
122000022,1054,1216,-162
122000023,488,2273,-1785
122000024,966,754,212
122000025,1437,898,539
122000026,1808,649,1159
122000027,623,4098,-3475
122000028,667,315,352
122000029,356,197,159
122000030,335,90,245
122000031,127,216,-89
122000032,1368,2726,-1358
122000033,852,629,223
122000034,540,486,54
122000035,317,585,-268
122000036,341,474,-133
122000037,323,231,92
122000038,310,318,-8
122000039,545,380,165
122000040,303,238,65
122000041,421,382,39
122000042,256,334,-78
122000043,139,69,70
122000044,137,114,23
122000045,1144,477,667
122000046,599,780,-181
122000047,253,174,79
122000048,2753,3677,-924
122000049,4332,1964,2368
122000050,1562,532,1030
122000051,379,580,-201
122000052,496,246,250
122000053,136,408,-272
122000054,2242,1537,705
122000055,1998,2038,-40
122000056,7624,2897,4727
122000057,4386,2283,2103
122000058,4211,1037,3174
122000059,3311,1172,2139
122000060,903,431,472
122000061,620,239,381
122000062,1382,333,1049
122000063,1524,348,1176
122000064,2902,2788,114
122000065,4886,2545,2341
122000066,1094,926,168
122000067,1647,1258,389
122000068,779,1189,-410
122000069,472,435,37
122000070,461,2824,-2363
122000071,704,1506,-802
122000072,345,295,50
122000073,492,360,132
122000074,1659,1008,651
122000075,385,1058,-673
122000076,1423,838,585
122000077,1166,519,647
122000078,2991,1590,1401
122000079,1829,605,1224
122000080,956,274,682
122000081,179,307,-128
122000082,946,584,362
122000083,1075,3483,-2408
122000084,711,625,86
122000085,138,1266,-1128
122000086,1793,4600,-2807
122000087,405,132,273
122000088,185,235,-50
122000089,5229,2264,2965
122000090,215,296,-81
122000091,211,84,127
122000092,144,5,139
122000093,1460,801,659
122000094,7107,1190,5917
122000095,3411,1799,1612
122000096,3020,1286,1734
122000098,3631,1183,2448
122000099,2717,532,2185
122000100,1149,535,614
122000101,214,709,-495
122000102,1361,896,465
122000103,1323,1166,157
122000104,215,150,65
122000105,233,218,15
122000106,403,445,-42
122000107,754,414,340
122000108,368,810,-442
122000109,292,319,-27
122000110,290,450,-160
122000111,2399,932,1467
122000112,529,1092,-563
122000113,389,572,-183
122000114,3207,1294,1913
122000115,1499,1211,288
122000116,382,440,-58
122000117,805,236,569
122000118,359,413,-54
122000119,3064,1165,1899
122000120,2376,1784,592
122000121,2927,1725,1202
122000122,733,944,-211
122000123,2090,1055,1035
122000124,1084,343,741
122000125,454,520,-66
122000126,576,527,49
122000127,1315,654,661
122000128,556,691,-135
122000129,354,508,-154
122000130,2141,511,1630
122000131,1174,533,641
122000132,695,350,345
122000133,852,1664,-812
122000134,416,410,6
122000135,636,665,-29
122000136,334,218,116
122000137,741,664,77
122000139,1342,1853,-511
122000140,1191,366,825
122000141,3852,718,3134
122000142,502,471,31
122000143,333,221,112
122000144,1507,735,772
122000145,994,539,455
122000146,390,621,-231
122000147,717,290,427
122000148,3265,884,2381
122000149,2011,979,1032
122000150,1005,705,300
122000151,230,244,-14
122000152,454,219,235
122000153,402,260,142
122000154,257,133,124
122000155,1231,1543,-312
122000156,2159,1379,780
122000157,2108,1013,1095
122000158,321,424,-103
122000159,1020,1226,-206
122000160,3416,835,2581
122000161,993,419,574
122000162,2034,993,1041
122000163,260,56,204
122000164,30,59,-29
122000165,636,622,14
122000166,811,903,-92
122000167,205,215,-10
122000168,186,425,-239
122000169,478,126,352
122000170,192,247,-55
122000171,53,65,-12
122000172,1334,1453,-119
122000173,1372,1971,-599
122000174,1901,657,1244
122000175,1052,285,767
122000176,230,586,-356
122000177,1283,1073,210
122000178,2878,1973,905
122000179,1659,2505,-846
122000180,1611,792,819
122000181,1585,2319,-734
122000182,1953,1004,949
122000183,1524,910,614
122000184,2631,1591,1040
122000185,1262,1063,199
122000186,548,822,-274
122000187,1593,934,659
122000188,443,202,241
122000189,215,318,-103
122000190,1090,846,244
122000191,892,422,470
122000192,795,294,501
122000193,286,587,-301
122000194,660,143,517
122000195,123,485,-362
122000196,758,487,271
122000197,433,506,-73
122000198,487,886,-399
122000199,380,255,125
122000200,1296,439,857
122000201,1254,1329,-75
122000202,888,1024,-136
122000203,2043,1420,623
122000204,1072,1696,-624
122000205,1385,961,424
122000206,2055,643,1412
122000207,1089,1064,25
122000208,1549,1410,139
122000209,2043,379,1664
122000210,1583,1774,-191
122000211,990,1059,-69
122000212,560,349,211
122000213,740,993,-253
122000214,1400,1330,70
122000215,1757,1276,481
122000217,1908,1206,702
122000218,618,35,583
122000219,1163,947,216
122000220,324,700,-376
122000221,95,379,-284
122000222,491,80,411
122000223,879,405,474
122000225,536,221,315
122000226,977,1669,-692
122000227,366,1680,-1314
122000228,313,412,-99
122000229,16,333,-317
122000230,51,599,-548
122000231,162,738,-576
122000232,440,982,-542
122000233,2,151,-149
122000234,111,159,-48
122000235,300,201,99
122000236,352,130,222
122000237,121,52,69
122000238,125,155,-30
122000239,338,80,258
122000240,569,202,367
122000241,547,371,176
122000242,261,115,146
122000243,113,84,29
122000244,46,462,-416
122000245,54,334,-280
122000246,165,129,36
122000247,283,841,-558
122000248,1202,1882,-680
122000249,290,393,-103
122000250,1195,543,652
122000251,210,248,-38
122000252,502,64,438
122000253,58,303,-245
122000254,94,75,19
122000255,520,1657,-1137
122000256,432,1254,-822
122000257,94,369,-275
122000258,79,158,-79
122000259,17,670,-653
122000260,8,102,-94
122000261,1,244,-243
122000262,3,69,-66
122000263,72,83,-11
122000264,533,384,149
122000265,1811,706,1105
122000266,4117,470,3647
122000267,42,85,-43
122000268,80,384,-304
122000269,664,247,417
122000270,729,142,587
122000271,233,976,-743
122000272,213,888,-675
122000273,229,442,-213
122000274,83,165,-82
122000275,21,134,-113
122000276,258,551,-293
122000277,445,1205,-760
122000278,541,816,-275
122000279,120,493,-373
122000280,627,818,-191
122000281,429,653,-224
122000282,84,73,11
122000283,243,52,191
122000284,69,75,-6
122000285,306,90,216
122000286,66,171,-105
122000287,569,1173,-604
122000288,197,214,-17
122000291,822,387,435
122000293,353,314,39
122000294,97,169,-72
122000295,1311,186,1125
122000296,43,468,-425
122000297,2959,1950,1009
122000299,320,413,-93
122000300,479,551,-72
122000301,13618,2464,11154
122000302,925,600,325
122000303,3959,1141,2818
122000304,45,146,-101
122000305,583,617,-34
122000306,17,884,-867
122000307,114,146,-32
122000309,61,56,5
122000310,29,28,1
122000311,94,40,54
122000312,157,43,114
122000313,57,54,3
122000314,136,204,-68
122000315,244,19,225
122000316,321,184,137
122000317,683,190,493
122000318,195,370,-175
122000319,328,553,-225
122000320,354,2414,-2060
122000321,88,293,-205
122000322,2722,2025,697
122000323,1585,1444,141
122000324,1324,1217,107
122000325,850,902,-52
122000326,21,136,-115
122000327,250,446,-196
122000328,1011,718,293
122000330,1738,610,1128
122000332,145,150,-5
122000333,6,185,-179
122000337,629,1799,-1170
122000338,235,484,-249
122000340,448,286,162
122000342,2371,984,1387
122000343,461,1733,-1272
122000344,37,28,9
122000345,14,50,-36
122000346,215,571,-356
122000348,287,759,-472
122000349,129,638,-509
122000351,118,216,-98
122000352,229,77,152
122000353,51,113,-62
122000355,92,138,-46
122000356,1567,704,863
122000357,32,18,14
122000358,0,69,-69
122000359,0,26,-26
122000360,0,49,-49
122000362,8,130,-122
122000364,80,390,-310
122000365,1,21,-20
122000366,2,5,-3
122000368,409,760,-351
122000370,29,71,-42
122000371,5,0,5
122000372,3,0,3
122000381,37,294,-257
122000382,49,240,-191
122000384,4152,1984,2168
122000385,21,0,21
122000386,489,673,-184
122000387,366,491,-125
122000388,1196,314,882
122000389,163,731,-568
122000390,304,231,73
122000391,297,108,189
122000392,173,258,-85
122000393,12,162,-150
122000394,269,263,6
122000395,83,195,-112
122000396,214,85,129
122000397,30,72,-42
122000398,6,69,-63
122000399,84,91,-7
122000400,152,233,-81
122000401,89,120,-31
122000402,155,98,57
122000403,304,1147,-843
122000404,78,367,-289
122000408,1012,1363,-351
122000503,10,70,-60
122000524,191,88,103
122000544,48,1939,-1891
122000616,583,0,583
122000640,54,222,-168
122000641,48,434,-386
122000642,735,1213,-478
122000643,14,99,-85
122000644,189,29,160
122000645,108,177,-69
122000651,1693,595,1098
122000664,125,29,96
122000665,798,526,272
122000666,508,924,-416
122000673,15,407,-392
122000674,82,44,38
122000675,1024,1141,-117
122000686,215,1233,-1018
122000687,559,358,201
122000688,124,942,-818
122000689,403,681,-278
122000690,479,712,-233
122000691,374,2911,-2537
122000692,658,327,331
122000693,311,1587,-1276
122000695,144,502,-358
122000696,154,335,-181
122000698,159,1037,-878
122000699,121,54,67
122000701,875,333,542
122000702,435,2310,-1875
122000703,152,55,97
122000712,0,0,0
122000717,244,62,182
122000718,949,566,383
122000719,62,32,30
122000720,159,368,-209
122000724,243,344,-101
122900001,19,1,18
122900002,1115,1907,-792
122900003,216,41,175
122900004,462,27,435
122900005,18,60,-42
122900006,463,152,311
122900007,94,18,76
122900008,511,68,443
122900009,560,237,323
122900010,163,147,16
122900012,204,295,-91
122900014,95,275,-180
122900015,2004,312,1692
122900016,74,302,-228
122900017,430,633,-203
122900018,156,18,138
122900019,5,123,-118
122900020,352,318,34
122900021,23,568,-545
122900022,245,902,-657
122900024,79,138,-59
122900025,12,140,-128
122900026,116,254,-138
122900027,37,724,-687
122900028,86,130,-44
122900029,3907,1859,2048
122900030,1115,351,764
122900031,68,122,-54
122900032,72,196,-124
122900033,104,148,-44
122900034,3391,3796,-405
122900035,16,19,-3
122900036,21,97,-76
122900037,266,85,181
122900038,79,1488,-1409
122900039,69,340,-271
122900040,200,338,-138
122900041,186,191,-5
122900042,70,222,-152
122900043,306,219,87
122900044,68,302,-234
122900045,71,103,-32
122900046,68,88,-20
122900047,243,101,142
122900048,27,154,-127
122900049,1345,109,1236
122900051,122,78,44
122900052,40,146,-106
122900053,28,19,9
122900055,259,99,160
122900057,247,19,228
122900061,270,122,148
122900062,286,317,-31
122900063,118,333,-215
122900064,861,474,387
122900065,166,47,119
122900066,344,226,118
122900067,1412,726,686
122900069,265,953,-688
122900070,145,33,112
122900071,120,407,-287
122900072,15,287,-272
122900073,40,271,-231
122900074,131,796,-665
122900075,3,59,-56
122900076,9,248,-239
122900077,0,206,-206
122900078,59,154,-95
122900080,46,12,34
122900081,132,141,-9
122900082,597,198,399
122900083,176,110,66
122900084,8,239,-231
122900086,0,17,-17
122900087,103,528,-425
122900088,66,70,-4
122900089,5,156,-151
122900090,7,720,-713
122900091,102,0,102
122900092,2,239,-237
122900093,0,398,-398
122900094,4,259,-255
122900095,111,4,107
122900096,83,281,-198
122900097,23,19,4
122900098,87,101,-14
122900099,20,6,14
122900100,213,138,75
122900101,718,186,532
122900102,19,3,16
122900103,49,7,42
122900104,48,14,34
122900105,4,2,2
122900106,2,93,-91
122900107,1,218,-217
122900108,6,196,-190
122900109,144,290,-146
123000001,1896,404,1492
123000002,5481,2335,3146
123000003,3345,2358,987
123000004,3578,4534,-956
123000005,2097,2179,-82
123000006,2704,2755,-51
123000007,2736,2111,625
123000008,2332,3707,-1375
123000009,3836,2870,966
123000010,2992,4091,-1099
123000011,3058,807,2251
123000012,1054,2378,-1324
123000013,2807,785,2022
123000014,1251,3893,-2642
123000015,4544,673,3871
123000016,5892,2492,3400
123000017,3026,1279,1747
123000018,31,89,-58
123000019,87,267,-180
123000020,73,130,-57
123000021,66,152,-86
123000022,329,1326,-997
123000023,1107,967,140
123000024,800,464,336
123000025,106,105,1
123000026,7,134,-127
123000027,404,330,74
123000028,867,216,651
123000029,955,344,611
123000030,137,650,-513
123000031,44,391,-347
123000032,147,316,-169
123000033,216,82,134
123000034,635,546,89
123000035,181,251,-70
123000036,198,531,-333
123000037,183,272,-89
123000038,66,195,-129
123000039,504,641,-137
123000040,1112,307,805
123000041,1010,565,445
123000042,919,500,419
123000043,3430,3811,-381
123000044,5776,1935,3841
123000045,9295,1625,7670
123000046,764,582,182
123000047,2142,1142,1000
123000048,77,358,-281
123000049,6402,3436,2966
123000050,698,1016,-318
123000051,85,168,-83
123000052,424,2077,-1653
123000053,1890,2527,-637
123000054,905,981,-76
123000055,690,967,-277
123000056,1205,1685,-480
123000057,17066,4630,12436
123000058,590,573,17
123000059,367,369,-2
123000060,648,243,405
123000061,173,638,-465
123000063,600,589,11
123000064,563,168,395
123000065,6540,3069,3471
123000066,913,671,242
123000067,354,549,-195
123000068,2511,3444,-933
123000069,7892,3678,4214
123000070,262,692,-430
123000071,503,1040,-537
123000072,804,1495,-691
123000073,671,765,-94
123000074,716,2119,-1403
123000075,294,772,-478
123000076,373,1211,-838
123000077,1990,3723,-1733
123000078,930,1714,-784
123000079,835,1811,-976
123000080,1593,2468,-875
123000081,226,612,-386
123000082,362,1197,-835
123000083,688,151,537
123000084,419,797,-378
123000085,104,138,-34
123000086,178,499,-321
123000087,93,553,-460
123000088,721,1257,-536
123000089,403,1303,-900
123000090,1055,1225,-170
123000091,1323,1328,-5
123000092,1130,1105,25
123000094,227,215,12
123000095,231,505,-274
123000096,270,357,-87
123000097,255,1280,-1025
123000098,434,497,-63
123000099,513,933,-420
123000100,373,498,-125
123000101,476,386,90
123000102,602,488,114
123000104,266,367,-101
123000105,495,577,-82
123000106,467,284,183
123000107,482,544,-62
123000108,888,1219,-331
123000111,424,201,223
123000112,561,420,141
123000113,456,1784,-1328
123000114,339,380,-41
123000115,130,217,-87
123000116,19,144,-125
123000117,1156,2130,-974
123000118,351,934,-583
123000119,227,1038,-811
123000120,344,952,-608
123000121,418,502,-84
123000122,317,276,41
123000123,402,543,-141
123000124,649,603,46
123000125,983,686,297
123000126,1665,1918,-253
123000127,1268,883,385
123000128,263,417,-154
123000129,353,165,188
123000130,382,60,322
123000131,539,453,86
123000132,323,504,-181
123000133,347,312,35
123000134,423,154,269
123000135,976,1008,-32
123000136,194,1308,-1114
123000137,86,368,-282
123000138,45,458,-413
123000139,291,93,198
123000140,122,619,-497
123000141,588,67,521
123000142,1017,968,49
123000143,1135,2731,-1596
123000144,31,17,14
123000145,166,125,41
123000146,26,106,-80
123000147,95,92,3
123000149,269,260,9
123000150,115,176,-61
123000151,268,377,-109
123000152,30,318,-288
123000153,161,390,-229
123000154,1668,1405,263
123000155,2382,797,1585
123000156,46,80,-34
123000157,542,872,-330
123000158,590,526,64
123000159,2448,1420,1028
123000160,471,396,75
123000161,894,738,156
123000162,325,1153,-828
123000163,144,60,84
123000164,726,214,512
123000165,271,1977,-1706
123000166,20,186,-166
123000167,76,358,-282
123000168,155,403,-248
123000169,357,124,233
123000170,48,286,-238
123000171,184,41,143
123000172,148,690,-542
123000173,393,130,263
123000174,571,203,368
123000175,788,1179,-391
123000176,410,112,298
123000177,263,1063,-800
123000178,574,99,475
123000179,28,808,-780
123000180,1010,303,707
123000181,301,1558,-1257
123000182,103,462,-359
123000183,151,240,-89
123000184,60,860,-800
123000185,217,414,-197
123000186,5,698,-693
123000187,225,13,212
123000188,154,1,153
123000189,107,186,-79
123000190,33,54,-21
123000192,21,358,-337
123000193,43,576,-533
123000194,606,302,304
123000195,151,11,140
123000196,216,55,161
123000197,21,100,-79
123000198,5,205,-200
123000199,5,546,-541
123000200,303,6,297
123000201,547,8,539
123000202,19,1396,-1377
123000203,478,45,433
123000204,62,1181,-1119
123000205,438,2152,-1714
123000206,1120,143,977
123000207,58,1126,-1068
123000208,223,112,111
123000209,1338,322,1016
123000210,391,1693,-1302
123000211,434,2512,-2078
123000212,1329,305,1024
123000213,251,36,215
123000215,182,120,62
123000216,132,351,-219
123000217,101,50,51
123000218,97,339,-242
123000219,1098,32,1066
123000220,382,76,306
123000221,115,134,-19
123000222,230,514,-284
123000223,108,629,-521
123000224,273,588,-315
123000225,275,120,155
123000226,76,345,-269
123000227,43,353,-310
123000228,152,80,72
123000229,1157,1934,-777
123000232,61,558,-497
123000233,479,153,326
123000234,136,685,-549
123000235,335,433,-98
123000236,115,840,-725
123000237,236,70,166
123000238,63,684,-621
123000239,369,1949,-1580
123000240,58,260,-202
123000241,807,109,698
123000242,37,185,-148
123000243,388,1052,-664
123000244,582,482,100
123000245,68,143,-75
123000249,377,681,-304
123000252,456,142,314
123000253,472,335,137
123000254,362,1006,-644
123000255,624,639,-15
123000256,48,228,-180
123000257,3047,2255,792
123000258,776,1142,-366
123000259,141,394,-253
123000260,339,552,-213
123000261,65,151,-86
123000262,74,275,-201
123000263,225,123,102
123000264,192,44,148
123000265,38,185,-147
123000266,377,661,-284
123000267,234,255,-21
123000268,23,84,-61
123000269,27,35,-8
123000270,28,36,-8
123000271,42,109,-67
123000272,702,262,440
123000273,148,411,-263
123000274,1080,349,731
123000275,198,985,-787
123000278,2983,2445,538
123000279,40,82,-42
123000280,227,340,-113
123000281,161,73,88
123000282,65,237,-172
123000283,82,24,58
123000284,34,114,-80
123000286,228,235,-7
123000287,452,219,233
123000288,745,453,292
123000289,448,656,-208
123000291,269,717,-448
123000294,199,279,-80
123000295,694,915,-221
123000296,240,523,-283
123000297,227,1051,-824
123000298,294,653,-359
123000299,33,307,-274
123000300,574,590,-16
123000301,66,129,-63
123000302,48,215,-167
123000303,64,84,-20
123000305,848,753,95
123000306,29,214,-185
123000309,36,57,-21
123000310,30,18,12
123000311,0,97,-97
123000312,772,925,-153
123000313,147,287,-140
123000315,63,392,-329
123000316,1723,109,1614
123000317,181,47,134
123000318,40,283,-243
123000329,9,18,-9
123000337,226,188,38
123000338,533,87,446
123000339,96,293,-197
123000340,127,401,-274
123000342,4,207,-203
123000343,49,8,41
123000344,1205,410,795
123000345,336,578,-242
123000346,173,110,63
123000352,1940,753,1187
123000353,16,139,-123
123000354,144,14,130
123000355,1,407,-406
123000356,105,5,100
123000357,0,283,-283
123000359,8,256,-248
123000360,179,18,161
123000361,557,250,307
123000362,188,146,42
123000363,63,179,-116
123000364,356,268,88
123000365,16,225,-209
123000366,268,1049,-781
123000367,245,1178,-933
123000370,43,326,-283
123000371,267,24,243
123000372,125,4,121
123000373,6,397,-391
123000374,6,229,-223
123000375,127,8,119
123000376,673,496,177
123000377,159,18,141
123000378,9,426,-417
123000379,3,213,-210
123000380,41,188,-147
123000381,191,24,167
123000382,1121,37,1084
123000383,214,781,-567
123000384,404,87,317
123000385,385,745,-360
123000436,46,570,-524
123000507,224,393,-169
123000508,283,405,-122
123000517,261,21,240
123000518,34,311,-277
123000519,114,72,42
123000520,47,275,-228
123000521,253,113,140
123000522,148,619,-471
123000541,0,0,0
123000542,1,23,-22
123000565,270,44,226
123000566,90,1045,-955
123000567,106,255,-149
123000573,31,1119,-1088
123000574,232,59,173
123000575,919,1322,-403
123000576,498,2114,-1616
123000577,94,564,-470
123000578,602,63,539
123000579,5879,2526,3353
123000580,76,11,65
123000582,170,30,140
123000583,20,458,-438
123000584,129,201,-72
123000585,0,130,-130
123000586,74,1,73
123000596,88,108,-20
123000597,92,72,20
123000602,18,0,18
123000603,218,860,-642
123000604,351,1281,-930
123000605,724,9,715
123000606,2,255,-253
123000609,11,283,-272
123000610,168,82,86
123000613,37,183,-146
123000614,103,58,45
123000615,34,317,-283
123000616,188,39,149
123000617,54,449,-395
123000618,103,678,-575
123000619,461,22,439
123000620,15,570,-555
123000622,228,6,222
123000624,91,81,10
123000630,447,364,83
123000631,180,2313,-2133
123000632,1042,1252,-210
123000633,2,312,-310
123000634,65,67,-2
123000635,244,89,155
123000636,16,622,-606
123000637,101,35,66
123000638,318,124,194
123000639,1034,1877,-843
123000640,100,1101,-1001
123000648,159,70,89
123000649,60,721,-661
123900001,1300,42,1258
123900002,13,861,-848
123900003,328,635,-307
123900005,134,87,47
123900006,183,16,167
124000001,1273,112,1161
124000002,93,1757,-1664
124000003,438,133,305
124000004,48,691,-643
124000005,622,238,384
124000006,265,1354,-1089
124000007,513,89,424
124000008,11,433,-422
124000009,245,269,-24
124000010,65,543,-478
124000011,671,307,364
124000012,203,772,-569
124000017,63,89,-26
124000018,71,88,-17
124000019,90,88,2
124000020,42,239,-197
124000021,69,60,9
124000022,108,228,-120
124000023,962,1091,-129
124000024,981,679,302
124000025,865,941,-76
124000026,1101,984,117
124000027,4245,2554,1691
124000028,2771,3609,-838
124000030,3180,1068,2112
124000031,751,1101,-350
124000032,5935,1232,4703
124000033,597,380,217
124000034,1757,1356,401
124000035,141,72,69
124000036,119,722,-603
124000037,167,443,-276
124000038,41,124,-83
124000039,876,270,606
124000040,599,609,-10
124000041,182,48,134
124000042,80,374,-294
124000043,44,76,-32
124000044,59,332,-273
124000045,316,426,-110
124000046,156,798,-642
124000047,707,745,-38
124000048,508,2023,-1515
124000049,898,572,326
124000050,514,2499,-1985
124000051,319,439,-120
124000052,371,1321,-950
124000053,354,800,-446
124000054,797,808,-11
124000055,932,1200,-268
124000056,3768,1445,2323
124000057,633,428,205
124000058,399,1605,-1206
124000059,332,522,-190
124000060,988,867,121
124000061,1113,2565,-1452
124000062,8201,1673,6528
124000063,1274,1574,-300
124000064,2561,1749,812
124000065,202,327,-125
124000066,360,48,312
124000067,101,255,-154
124000068,30,128,-98
124000069,322,259,63
124000070,189,534,-345
124000071,85,87,-2
124000072,189,504,-315
124000073,571,116,455
124000074,265,896,-631
124000075,90,33,57
124000076,10,189,-179
124000077,1746,639,1107
124000078,1833,535,1298
124000079,584,849,-265
124000080,176,122,54
124000081,121,859,-738
124000082,21,86,-65
124000083,75,452,-377
124000084,39,148,-109
124000085,90,31,59
124000086,27,89,-62
124000087,164,44,120
124000088,147,426,-279
124000089,282,370,-88
124000090,63,356,-293
124000091,292,159,133
124000092,57,526,-469
124000093,100,51,49
124000094,140,357,-217
124000095,53,49,4
124000096,69,271,-202
124000097,49,79,-30
124000098,49,129,-80
124000099,123,99,24
124000100,37,119,-82
124000101,22,78,-56
124000102,100,127,-27
124000103,34,79,-45
124000104,78,95,-17
124000105,39,45,-6
124000106,142,146,-4
124000107,24,84,-60
124000108,68,57,11
124000109,84,53,31
124000110,164,147,17
124000111,170,112,58
124000112,355,633,-278
124000113,34,67,-33
124000114,145,567,-422
124000115,231,790,-559
124000116,76,94,-18
124000117,55,96,-41
124000118,27,50,-23
124000119,739,567,172
124000120,401,586,-185
124000121,2239,642,1597
124000122,694,993,-299
124000123,709,329,380
124000124,291,811,-520
124000125,229,208,21
124000126,439,660,-221
124000127,620,504,116
124000128,491,834,-343
124000129,1260,883,377
124000130,934,586,348
124000131,733,421,312
124000132,885,815,70
124000133,635,670,-35
124000134,557,567,-10
124000135,1281,1118,163
124000136,842,919,-77
124000137,871,519,352
124000138,1098,956,142
124000139,343,46,297
124000140,23,383,-360
124000141,255,112,143
124000142,33,506,-473
124000143,31,3,28
124000144,4,170,-166
124000145,40,44,-4
124000146,13,89,-76
124000148,10,44,-34
124000149,665,252,413
124000150,263,563,-300
124000151,431,227,204
124000152,719,1074,-355
124000153,519,383,136
124000154,527,748,-221
124000155,808,539,269
124000156,1362,887,475
124000169,194,242,-48
124000170,551,416,135
124000171,174,173,1
124000172,276,529,-253
124000173,195,239,-44
124000174,244,743,-499
124000175,7,119,-112
124000176,24,10,14
124000177,10,34,-24
124000178,13,16,-3
124000185,0,0,0
124000186,2,60,-58
124000187,14,161,-147
124000188,0,0,0
124000190,107,30,77
124000191,503,118,385
124000192,2665,310,2355
124000193,447,1274,-827
124000194,402,468,-66
124000195,193,518,-325
124000196,932,1130,-198
124000197,35,51,-16
124000198,33,35,-2
124000201,220,1088,-868
124000202,378,149,229
124000203,109,1190,-1081
124000204,301,578,-277
124000205,26,740,-714
124000206,248,487,-239
124000207,2,45,-43
124000209,188,755,-567
124000210,201,188,13
124000211,156,0,156
124000212,3,643,-640
124000213,218,425,-207
124000214,113,745,-632
124000215,76,7,69
124000216,2,623,-621
124000329,104,2369,-2265
124000338,25,1504,-1479
124000339,316,111,205
124000341,437,84,353
124000344,11,1,10
124000357,697,1541,-844
124000358,449,975,-526
124000359,592,448,144
124000360,362,401,-39
124000361,1199,700,499
124000362,1519,1924,-405
124000363,294,476,-182
124000364,521,891,-370
124000365,608,1059,-451
124000366,1906,839,1067
124000367,99,615,-516
124000368,323,201,122
124000369,135,80,55
124000370,126,749,-623
124000402,22,4,18
124000403,50,13,37
124000404,3,102,-99
124000405,862,885,-23
124000406,886,1487,-601
124000407,1,44,-43
124000411,3,446,-443
124000412,197,9,188
124000413,288,52,236
124000414,47,94,-47
124000415,35,170,-135
124000416,121,371,-250
124000417,106,84,22
124000418,70,110,-40
124000419,68,199,-131
124000420,43,78,-35
124000421,30,340,-310
124000422,8,14,-6
124000423,84,32,52
124000424,3,185,-182
124000425,46,7,39
124000426,8,269,-261
124000427,44,7,37
124000428,20,53,-33
124000429,29,68,-39
124000430,487,636,-149
124000431,251,825,-574
124000432,141,971,-830
124000439,1,9,-8
124000443,0,4,-4
124000445,381,405,-24
124000446,3367,657,2710
124000447,14,58,-44
124000448,107,349,-242
124000449,69,28,41
124000450,12,107,-95
124000451,2,339,-337
124900001,289,236,53
124900002,97,502,-405
124900003,539,587,-48
124900004,262,337,-75
124900005,182,180,2
124900006,412,372,40
124900008,914,450,464
124900009,110,160,-50
124900010,94,29,65
124900011,231,112,119
124900012,225,73,152
124900013,274,126,148
124900014,125,79,46
124900015,69,146,-77
124900016,31,39,-8
124900017,453,372,81
124900018,17,15,2
124900020,19,14,5
124900021,104,26,78
124900022,48,9,39
124900024,194,11,183
124900026,142,21,121
124900027,34,169,-135
124900028,542,103,439
124900029,6,343,-337
124900030,3,145,-142
124900031,10,366,-356
124900032,193,132,61
124900033,56,331,-275
124900034,7,104,-97
124900035,124,388,-264
124900036,0,38,-38
124900037,84,322,-238
124900038,258,361,-103
124900039,0,39,-39
124900040,37,77,-40
124900041,202,1381,-1179
124900042,119,26,93
124900043,322,1219,-897
124900044,40,2,38
124900045,488,849,-361
124900047,103,159,-56
124900048,71,148,-77
124900050,112,369,-257
124900052,110,320,-210
124900053,38,326,-288
124900054,2852,367,2485
124900055,3,80,-77
124900057,13,75,-62
124900060,21,220,-199
124900061,46,5,41
124900062,32,19,13
124900066,0,17,-17
124900067,6,157,-151
124900068,154,187,-33
124900070,21,18,3
124900072,39,22,17
124900075,114,212,-98
124900076,16,461,-445
124900077,30,89,-59
124900078,32,9,23
124900079,713,56,657
124900080,235,811,-576
124900081,492,184,308
124900082,299,1023,-724
124900083,188,652,-464
124900085,951,175,776
124900086,42,639,-597
124900087,653,55,598
124900088,599,72,527
124900089,1548,31,1517
124900090,176,153,23
124900091,175,578,-403
124900092,143,419,-276
124900093,121,143,-22
124900094,142,193,-51
124900095,81,247,-166
124900096,391,123,268
124900097,155,77,78
124900098,92,414,-322
124900099,454,279,175
124900100,170,32,138
124900101,22,366,-344
124900102,133,11,122
124900103,54,388,-334
124900104,61,234,-173
124900105,60,148,-88
124900106,229,20,209
124900107,23,12,11
124900108,147,52,95
124900111,0,81,-81
124900112,40,732,-692
124900113,72,120,-48
124900114,198,65,133
124900115,30,30,0
124900116,95,148,-53
124900117,760,112,648
124900118,125,141,-16
124900119,250,94,156
124900120,29,354,-325
124900121,129,161,-32
124900122,517,215,302
124900123,411,56,355
124900124,129,175,-46
204000001,49,29,20
204000002,19,30,-11
204000003,20,1,19
204000004,2,3,-1
204000005,363,385,-22
204000006,758,1042,-284
204000012,46,112,-66
204000019,504,424,80
204000020,295,712,-417
204000021,1646,707,939
204000022,385,433,-48
204000023,361,1174,-813
204000031,83,21,62
204000032,548,46,502
204000034,15,271,-256
204000035,3,5,-2
204000036,3,23,-20
204000037,2,24,-22
204000038,0,28,-28
204000039,0,49,-49
204000040,2,63,-61
204000041,8,44,-36
204000042,18,10,8
204000043,21,5,16
204000044,16,2,14
204000045,15,4,11
204000046,9,5,4
204000057,3,29,-26
204000062,21,209,-188
204000068,18,182,-164
204000069,18,239,-221
204000070,46,83,-37
204000080,28,64,-36
204000085,1238,1503,-265
204000086,2970,1819,1151
204000087,29,8,21
204000088,5,91,-86
204000090,18,367,-349
204000093,123,95,28
204000096,593,589,4
204000097,178,75,103
204000099,735,1092,-357
204000100,813,983,-170
204000105,1712,1633,79
204000110,526,1118,-592
204000111,251,726,-475
204000112,594,882,-288
204000113,315,932,-617
204000114,441,354,87
204000115,308,379,-71
204000116,612,542,70
204000119,1277,1512,-235
204000132,389,249,140
204000133,459,293,166
204000134,147,103,44
204000135,466,73,393
204000136,269,238,31
204000138,139,306,-167
204000140,141,71,70
204000141,105,58,47
204000144,10,23,-13
204000145,425,41,384
204000146,40,465,-425
204000147,47,131,-84
204000148,312,44,268
204000154,3,3,0
204000155,5,8,-3
204000177,84,88,-4
204000179,12,6,6
204000180,0,36,-36
204000222,2,20,-18
204000235,5,9,-4
204000236,63,279,-216
204000238,10,11,-1
204000240,314,79,235
204000263,462,1363,-901
204000268,869,522,347
204000308,165,25,140
204000317,7,69,-62
204000322,4,41,-37
204000323,17,15,2
204000328,136,71,65
204000329,82,118,-36
204000330,165,120,45
204000331,48,156,-108
205000001,1033,1304,-271
205000013,8,69,-61
205000014,11,117,-106
205000015,24,225,-201
205000016,8,144,-136
205000017,12,82,-70
205000022,314,602,-288
205000025,1419,802,617
205000029,182,6,176
205000045,62,225,-163
205000046,84,549,-465
205000047,60,562,-502
205000048,194,1191,-997
205000049,172,777,-605
205000050,1174,333,841
205000059,1,245,-244
205000060,0,80,-80
205000061,2,69,-67
205000062,4,55,-51
205000063,15,63,-48
205000064,14,143,-129
205000065,66,680,-614
205000066,88,810,-722
205000067,22,978,-956
205000069,175,18,157
205000082,110,212,-102
205000110,50,209,-159
205000111,203,256,-53
205000112,82,116,-34
205000113,137,217,-80
205000121,127,60,67
205000123,67,176,-109
205000126,285,90,195
205000127,582,132,450
205000128,412,76,336
205000129,440,91,349
205000130,286,26,260
205000131,364,8,356
205000132,352,1,351
205000133,226,0,226
205000134,103,0,103
205000137,89,136,-47
205000138,241,254,-13
205000139,22,100,-78
205000144,63,51,12
205000145,203,175,28
205000151,102,23,79
205000152,109,28,81
205000153,131,17,114
205000154,34,53,-19
205000155,54,9,45
205000207,5,139,-134
205000233,49,47,2
205000234,0,4,-4
205000243,1,1,0
205000244,0,8,-8
205000245,9,312,-303
205000249,0,45,-45
205000250,0,0,0
205000264,1,79,-78
206000027,8,0,8
206000028,5,0,5
206000043,7,127,-120
206000053,5,6,-1
206000054,5,15,-10
206000055,0,42,-42
206000075,3,7,-4
206000076,44,9,35
206000077,14,4,10
206000078,10,2,8
206000079,31,8,23
206000082,363,17,346
206000100,57,692,-635
206000103,0,0,0
206000104,4,22,-18
206000105,8,29,-21
206000106,7,32,-25
206000125,33,0,33
206000157,45,468,-423
206000170,1,214,-213
206000171,0,294,-294
206000172,11,1475,-1464
206000173,4,500,-496
206000174,9,191,-182
206000175,2,301,-299
206000176,17,509,-492
206000177,1,335,-334
206000178,5,246,-241
206000179,2,131,-129
206000180,15,262,-247
206000181,15,453,-438
206000182,13,358,-345
206000183,14,1251,-1237
206000184,5,517,-512
206000185,3,549,-546
206000186,93,2110,-2017
206000223,5,401,-396
206000226,5,13,-8
206000227,36,3,33
206000237,31,543,-512
206000238,37,863,-826
206000239,473,2704,-2231
206000240,81,151,-70
206000241,1,164,-163
206000242,5,755,-750
206000243,8,626,-618
206000244,60,1437,-1377
206000245,248,38,210
206000246,38,12,26
206000247,81,20,61
206000248,174,15,159
206000252,62,23,39
206000258,27,121,-94
206000315,13,7,6
206000317,230,84,146
206000318,158,39,119
206000319,388,58,330
206000320,42,34,8
206000321,48,10,38
206000322,152,3,149
206000323,89,9,80
206000324,58,18,40
206000325,107,9,98
206000326,93,4,89
206000327,180,11,169
206000328,78,4,74
206000329,70,5,65
206000330,34,5,29
206000331,79,2,77
206000332,13,3,10
206000333,203,4,199
206000334,102,0,102
206000335,0,19,-19
206000361,33,434,-401
206000392,3,50,-47
206000405,126,0,126
206000441,9,25,-16
206000498,25,8,17
206000515,88,11,77
206000530,86,34,52
206000531,87,58,29
206000532,3156,70,3086
206000535,438,2376,-1938
206000536,16,322,-306
206000537,12,170,-158
206000613,1225,120,1105
206000784,410,15,395
207000001,140,440,-300
207000002,60,308,-248
207000003,129,263,-134
207000007,537,210,327
207000008,36,7,29
207000009,69,33,36
207000010,490,776,-286
207000012,226,180,46
207000015,350,2029,-1679
207000019,164,74,90
207000021,434,170,264
207000022,102,109,-7
207000023,94,36,58
207000024,3,7,-4
207000025,13,55,-42
207000026,115,31,84
207000027,15,69,-54
207000028,85,174,-89
207000029,264,442,-178
207000033,175,215,-40
207000034,172,42,130
207000039,181,106,75
207000040,161,132,29
207000041,36,24,12
207000042,116,70,46
207000043,119,156,-37
207000051,84,476,-392
207000052,4,307,-303
207000053,366,680,-314
207000054,29,129,-100
207000055,74,239,-165
207000056,223,542,-319
207000057,104,331,-227
207000058,104,589,-485
207000059,52,987,-935
207000060,60,360,-300
207000061,95,185,-90
207000062,134,40,94
207000063,149,159,-10
207000064,299,218,81
207000065,237,225,12
207000066,105,159,-54
207000067,49,134,-85
207000068,90,68,22
207000069,691,371,320
207000082,51,520,-469
207000083,69,512,-443
207000084,132,177,-45
207000085,116,13,103
207000086,78,7,71
207000106,37,37,0
207000107,34,25,9
207000108,18,12,6
207000109,21,6,15
207000110,41,43,-2
207000111,55,57,-2
207000112,178,222,-44
207000114,23,28,-5
207000115,8,71,-63
207000116,15,310,-295
207000117,11,138,-127
207000118,2,91,-89
207000119,23,97,-74
207000123,137,11,126
207000124,74,16,58
207000125,49,24,25
207000126,95,34,61
207000134,36,290,-254
207000135,30,426,-396
207000148,24,146,-122
207000149,97,34,63
207000152,138,362,-224
207000153,1152,958,194
207000154,516,142,374
207000159,88,414,-326
207000160,126,869,-743
207000238,1,120,-119
207000242,0,174,-174
207000248,22,21,1
207000249,186,82,104
207000250,672,65,607
207000251,65,66,-1
207000252,65,69,-4
207000278,34,60,-26
207000279,16,281,-265
207000280,230,53,177
207000281,67,1734,-1667
207000282,214,63,151
207000283,159,262,-103
207000284,93,97,-4
207000285,183,42,141
207000291,7,117,-110
207000304,98,44,54
207000306,53,467,-414
207000310,27,90,-63
207000353,179,3,176
207000356,2,16,-14
207000357,9,11,-2
207000358,2,9,-7
207000415,16,211,-195
207000417,14,3,11
207000418,99,166,-67
207000438,0,1,-1
207000439,1046,295,751
207000446,131,12,119
207000460,4,19,-15
207000466,202,185,17
207000467,94,84,10
207000468,45,808,-763
207000476,1,87,-86
207000477,362,104,258
207000478,0,19,-19
207000523,0,39,-39
207000524,22,2,20
207000527,115,135,-20
207000530,176,11,165
207000531,158,6,152
207000532,61,14,47
207000534,638,32,606
207000535,32,227,-195
207000537,24,72,-48
207000540,4,157,-153
207000541,3,291,-288
207000548,16,273,-257
207000549,159,8,151
207000561,54,122,-68
207000562,40,193,-153
207000567,167,335,-168
207000568,86,109,-23
207000569,153,1141,-988
207000584,324,165,159
207000585,54,206,-152
207000587,57,21,36
207000616,1,261,-260
207000617,123,0,123
207000624,52,30,22
207000631,3,47,-44
207900008,101,345,-244
208000001,283,567,-284
208000002,367,460,-93
208000003,679,547,132
208000004,862,639,223
208000005,18,26,-8
208000019,330,786,-456
208000020,129,390,-261
208000021,116,532,-416
208000022,524,790,-266
208000028,1175,749,426
208000033,334,721,-387
208000034,889,1625,-736
208000037,424,41,383
208000040,122,137,-15
208000041,636,372,264
208000042,629,481,148
208000047,58,327,-269
208000064,2277,1184,1093
208000066,1231,789,442
208000070,236,353,-117
208000071,269,759,-490
208000072,229,1159,-930
208000080,154,321,-167
208000081,182,198,-16
208000082,233,396,-163
208000083,85,422,-337
208000084,28,12,16
208000085,870,632,238
208000086,439,841,-402
208000087,252,679,-427
208000089,612,705,-93
208000090,509,1033,-524
208000093,50,92,-42
208000094,280,516,-236
208000095,439,367,72
208000104,761,804,-43
208000105,442,1114,-672
208000114,37,126,-89
208000115,476,352,124
208000116,265,781,-516
208000117,74,118,-44
208000118,86,76,10
208000155,406,922,-516
208000158,1533,2401,-868
208000186,2766,1918,848
208000204,382,850,-468
208000205,790,1283,-493
208000282,3582,1316,2266
209000004,115,176,-61
209000005,24,24,0
209000006,597,84,513
209000007,245,175,70
209000010,473,113,360
209000011,166,178,-12
209000012,91,234,-143
209000013,139,574,-435
209000014,742,1657,-915
209000025,145,33,112
209000026,433,76,357
209000027,300,1069,-769
209000028,220,1066,-846
209000029,628,894,-266
209000030,515,1639,-1124
209000031,3796,2585,1211
209000034,141,153,-12
209000035,88,140,-52
209000036,80,86,-6
209000037,122,179,-57
209000038,57,166,-109
209000039,32,150,-118
209000040,155,414,-259
209000041,126,375,-249
209000042,168,375,-207
209000043,530,533,-3
209000044,171,529,-358
209000045,870,385,485
209000046,313,498,-185
209000047,234,218,16
209000048,278,222,56
209000049,85,175,-90
209000050,180,303,-123
209000051,303,481,-178
209000052,140,454,-314
209000062,47,165,-118
209000063,40,169,-129
209000064,17,185,-168
209000065,20,26,-6
209000066,28,48,-20
209000067,50,85,-35
209000080,8,150,-142
209000082,50,43,7
209000091,37,98,-61
209000093,114,29,85
209000094,218,169,49
209000110,29,72,-43
209000111,292,1006,-714
209000112,495,489,6
209000113,1040,410,630
209000114,192,310,-118
209000115,75,210,-135
209000116,881,713,168
209000118,12,38,-26
209000119,61,22,39
209000121,153,834,-681
209000135,60,91,-31
209000142,603,772,-169
209000143,124,65,59
209000144,62,81,-19
209000229,129,191,-62
209000240,28,443,-415
209000259,110,155,-45
209000260,40,844,-804
209000261,5,483,-478
209000262,1,432,-431
209000263,0,102,-102
209000264,3,45,-42
209000265,301,1,300
209000266,65,1,64
209000267,395,7,388
209000268,342,32,310
210000037,56,34,22
210000047,42,33,9
210000048,50,33,17
210000049,61,31,30
210000052,20,160,-140
210000053,13,83,-70
210000054,37,117,-80
210000070,53,1,52
210000071,43,0,43
210000072,11,0,11
210000073,0,25,-25
210000074,1,101,-100
210000075,2,30,-28
210000076,4,114,-110
210000077,30,23,7
210000078,32,55,-23
210000079,22,3,19
210000080,105,44,61
210000081,92,9,83
210000082,66,1,65
210000083,112,0,112
210000084,31,0,31
210000085,1,73,-72
210000086,4,105,-101
210000099,42,241,-199
210000100,24,236,-212
210000101,82,207,-125
210000105,26,225,-199
210000159,0,130,-130
210000163,167,233,-66
210000164,435,135,300
210000168,181,28,153
210000187,0,14,-14
210000188,1,20,-19
210000214,74,0,74
210000219,23,76,-53
210000220,26,111,-85
210000232,2,30,-28
210000233,27,45,-18
210000234,35,138,-103
210000235,34,125,-91
210000245,0,27,-27
210000246,22,0,22
210000258,13,81,-68
210000259,200,33,167
210000282,52,203,-151
210000285,0,95,-95
210000286,5,124,-119
210000290,6,6,0
210000295,40,180,-140
210000296,42,62,-20
210000320,124,171,-47
210000321,115,80,35
210000338,73,119,-46
210000339,411,722,-311
210000340,96,259,-163
210000341,132,228,-96
210000342,122,169,-47
210000343,131,192,-61
210000344,209,89,120
210000345,205,171,34
210000346,55,101,-46
210000347,131,39,92
210000348,108,15,93
210000349,94,22,72
210000350,83,58,25
210000351,70,119,-49
210000352,41,92,-51
210000353,37,144,-107
210000354,68,127,-59
210000355,42,113,-71
210000356,63,67,-4
210000357,33,52,-19
210000358,365,104,261
210000359,117,56,61
210000360,112,84,28
210000361,141,134,7
210000362,187,150,37
210000363,700,129,571
210000364,95,105,-10
210000365,70,36,34
210000366,91,58,33
210000367,67,27,40
210000368,113,21,92
210000369,27,47,-20
210000370,54,63,-9
210000372,27,35,-8
210000373,86,15,71
210000374,45,34,11
210000375,44,104,-60
210000376,77,181,-104
210000404,101,106,-5
210000439,47,69,-22
210000472,97,7,90
210000482,89,73,16
210000564,467,163,304
210000567,1,21,-20
210000568,696,3,693
211000092,16,68,-52
211000094,16,8,8
211000169,230,11,219
211000172,17,302,-285
211000209,4,11,-7
211000226,7,54,-47
211000270,11,14,-3
211000275,18,27,-9
211000276,45,30,15
211000279,4,54,-50
211000281,15,57,-42
211000302,8,150,-142
211507980,1,20,-19
211977296,27,1,26
212000003,125,50,75
212000004,76,35,41
212000005,19,30,-11
212000006,34,97,-63
212000008,124,271,-147
212000009,19,170,-151
212000012,40,72,-32
212000013,13,50,-37
212000014,205,191,14
212000015,250,220,30
212000016,336,555,-219
212000027,319,420,-101
212000028,251,374,-123
212000029,94,259,-165
212000030,16,27,-11
212000031,47,87,-40
212000048,22,90,-68
212000049,10,60,-50
212000050,10,8,2
212000051,156,223,-67
212000052,147,393,-246
212000053,244,536,-292
212000054,104,125,-21
212000055,179,250,-71
212000056,3,61,-58
212000057,12,33,-21
212000058,344,37,307
212000070,82,314,-232
212000077,76,615,-539
212000099,158,258,-100
212000108,195,189,6
212000111,131,158,-27
212000120,140,119,21
212000138,78,30,48
212000156,6,84,-78
212000158,7,8,-1
212000159,246,55,191
212000160,359,245,114
212000161,34,11,23
212000310,20,16,4
212000311,3,91,-88
212000374,17,8,9
213000001,33,639,-606
213000005,202,94,108
213000006,794,147,647
213000007,82,16,66
213000009,445,234,211
213000010,142,177,-35
213000011,170,88,82
213000012,94,356,-262
213000014,28,7,21
213000015,121,9,112
213000016,206,0,206
213000017,32,0,32
213000018,3,256,-253
213000019,0,170,-170
213000020,95,376,-281
213000021,3,103,-100
213000023,199,145,54
213000033,215,785,-570
213000034,520,330,190
213000035,84,168,-84
213000045,100,192,-92
213000046,119,179,-60
213000047,453,771,-318
213000056,64,15,49
213000069,65,5,60
213000073,3,22,-19
213000074,258,503,-245
213000075,387,6,381
213000076,23,1,22
213000085,9,36,-27
213000086,8,235,-227
213000091,81,12,69
213000092,44,4,40
213000099,164,812,-648
213000100,1200,165,1035
213000101,146,116,30
213000102,179,364,-185
213000103,602,759,-157
213000104,37,444,-407
213000105,2,112,-110
213000106,16,224,-208
213000107,118,741,-623
213000108,27,656,-629
213000109,5,356,-351
213000110,15,95,-80
213000111,7,63,-56
213000112,154,152,2
213000115,25,11,14
213000116,138,849,-711
213000117,6,1200,-1194
213000118,248,289,-41
213000119,39,909,-870
213000120,118,889,-771
213000122,191,853,-662
213000123,722,1549,-827
213000124,68,1480,-1412
213000125,123,11,112
213000126,40,91,-51
213000127,192,159,33
213000128,771,652,119
213000129,427,327,100
213000130,214,184,30
213000132,163,77,86
213000133,252,77,175
213000134,478,30,448
213000136,310,16,294
213000137,305,72,233
213000139,407,17,390
213000147,34,2,32
213000148,32,4,28
213000149,20,4,16
213000150,0,61,-61
213000151,6,65,-59
213000152,0,70,-70
213000153,2,33,-31
213000154,12,240,-228
213000155,13,384,-371
213000156,95,702,-607
213000157,681,548,133
213000158,228,628,-400
213000159,278,616,-338
213000163,285,73,212
213000165,485,142,343
213000171,0,140,-140
213000172,1,379,-378
213000173,0,288,-288
213000174,0,166,-166
213000175,1,106,-105
213000176,12,15,-3
213000177,14,3,11
213000178,54,3,51
213000179,106,3,103
213000180,65,0,65
213000184,36,535,-499
213000188,154,83,71
213000189,138,22,116
213000190,614,719,-105
213000191,130,557,-427
213000192,124,652,-528
213000193,1609,151,1458
213000194,0,30,-30
213000195,19,512,-493
213000196,179,914,-735
213000197,246,352,-106
213000198,29,2,27
213000200,79,1119,-1040
213000201,125,48,77
213000202,13,858,-845
213000203,3035,386,2649
213000204,459,40,419
213000205,157,46,111
213000206,231,56,175
213000207,80,14,66
213000208,152,0,152
213000209,125,1,124
213000210,326,2,324
213000211,4,11,-7
213000212,10,16,-6
213000213,9,28,-19
213000218,104,940,-836
213000219,363,15,348
213000220,380,12,368
213000223,193,118,75
213000224,24,32,-8
213000225,47,10,37
213000226,69,5,64
213000227,474,155,319
213000228,150,54,96
213000229,354,34,320
213000230,272,27,245
213000232,63,624,-561
213000233,4,22,-18
213000234,13,25,-12
213000293,18,64,-46
213000294,150,8,142
213000295,3,69,-66
213000296,59,26,33
213000297,7,74,-67
213000298,8,85,-77
213000299,33,41,-8
213000300,13,5,8
213000303,6,15,-9
213000304,4,2,2
213000305,1,8,-7
213000306,50,20,30
213000307,258,63,195
213000308,87,283,-196
213000309,146,53,93
213000310,126,72,54
213000311,317,710,-393
213000315,71,163,-92
213000316,64,35,29
213000322,56,123,-67
213000323,31,93,-62
213000324,19,28,-9
213000325,9,79,-70
213000326,7,13,-6
213000327,2,45,-43
213000328,20,80,-60
213000329,20,32,-12
213000340,111,1031,-920
213000341,183,63,120
213000346,128,109,19
213000347,816,182,634
213000348,9,284,-275
213000349,68,14,54
213000350,233,1737,-1504
213000366,43,374,-331
213000367,86,31,55
213000379,96,303,-207
213000386,4,209,-205
213000406,110,343,-233
213000417,766,293,473
213000425,105,53,52
213000426,38,63,-25
213000427,18,374,-356
213000428,23,253,-230
213000429,4,3,1
213000430,123,1007,-884
213000431,22,3,19
213000432,2,14,-12
213000433,18,121,-103
213000434,44,145,-101
213000435,61,109,-48
213000436,11,55,-44
213000437,0,6,-6
213000438,82,55,27
213000439,45,15,30
213000440,12,180,-168
213000441,0,0,0
213000442,1,24,-23
213000443,293,392,-99
213000444,19,34,-15
213000445,0,109,-109
213000446,0,12,-12
213000447,3,26,-23
213000448,5,83,-78
213000449,107,3,104
213000450,9,47,-38
213000451,104,88,16
213000452,3,25,-22
213000453,49,318,-269
213000455,323,25,298
213000456,1,177,-176
213000481,18,6,12
213000482,64,4,60
213000489,528,51,477
213000491,0,121,-121
213000492,215,2,213
213000493,0,62,-62
213000494,113,118,-5
213000495,0,124,-124
213000496,194,194,0
213000497,31,351,-320
213000498,69,260,-191
213000499,75,598,-523
213000500,274,103,171
213000501,86,26,60
213000502,155,45,110
213000503,0,70,-70
213000504,13,198,-185
213000505,4,15,-11
213000506,0,5,-5
213000507,2,136,-134
213900244,16,1,15
213900245,0,41,-41
218000003,14,24,-10
218000004,43,27,16
218000005,27,23,4
218000006,75,22,53
218000007,3,4,-1
218000012,270,118,152
218000013,63,104,-41
218000014,395,344,51
218000019,732,402,330
218000020,260,354,-94
218000021,2,17,-15
218000022,0,16,-16
218000023,1,12,-11
218000024,0,3,-3
218000025,3,11,-8
218000026,1,9,-8
218000027,0,4,-4
218000028,1,4,-3
218000029,0,3,-3
218000030,2,7,-5
218000031,0,19,-19
218000032,0,13,-13
218000040,5,3,2
218000046,29,196,-167
218000047,16,308,-292
218000048,72,304,-232
218000049,99,213,-114
218000050,299,347,-48
218000051,64,364,-300
218000052,1,154,-153
218000053,15,22,-7
218000054,29,56,-27
218000055,11,22,-11
218000056,21,32,-11
218000057,4,36,-32
218000064,0,5,-5
218000065,41,56,-15
218000066,18,36,-18
218000067,21,79,-58
218000068,73,71,2
218000069,98,155,-57
218000070,81,275,-194
218000071,111,193,-82
218000072,231,216,15
218000078,552,1336,-784
218000079,44,56,-12
218000080,40,57,-17
218000081,190,219,-29
218000082,19,122,-103
218000083,24,67,-43
218000084,62,175,-113
218000085,90,490,-400
218000086,26,189,-163
218000087,107,244,-137
218000090,6,84,-78
218000091,768,483,285
218000092,37,125,-88
218000093,78,81,-3
218000094,468,866,-398
218000099,247,361,-114
218000100,170,290,-120
218000101,118,175,-57
218000102,150,290,-140
218000103,35,221,-186
218000104,24,48,-24
218000105,21,4,17
218000106,14,16,-2
218000107,27,97,-70
218000108,0,67,-67
218000112,59,14,45
218000117,15,33,-18
218000134,357,812,-455
218000135,33,99,-66
218000136,180,37,143
218000137,93,159,-66
218000138,8,74,-66
218000139,112,382,-270
218000140,181,195,-14
218000141,35,62,-27
218000142,99,131,-32
218000143,75,155,-80
218000144,54,96,-42
218000145,162,336,-174
218000146,30,87,-57
218000151,8,23,-15
218000152,51,74,-23
218000153,0,1,-1
218000154,0,1,-1
218000155,3,0,3
218000156,12,8,4
218000157,5,1,4
218000158,1,1,0
218000159,1,2,-1
218000160,3,0,3
218000161,3,0,3
218000162,8,2,6
218000163,0,0,0
218000164,8,13,-5
218000165,4,10,-6
218000170,0,19,-19
218000171,38,9,29
218000172,33,15,18
218000173,70,19,51
218000174,18,3,15
218000176,87,17,70
218000177,233,122,111
218000178,49,109,-60
218000179,51,62,-11
218000180,32,18,14
218000181,94,40,54
218000187,2,18,-16
218000188,36,54,-18
218000189,12,78,-66
218000190,1,15,-14
218000191,49,86,-37
218000192,100,532,-432
218000193,291,690,-399
218000194,58,538,-480
218000195,95,54,41
218000196,176,286,-110
218000197,129,314,-185
218000198,3,140,-137
218000199,33,34,-1
218000200,100,52,48
218000201,9,6,3
218000202,140,192,-52
218000207,16,41,-25
218000208,49,76,-27
218000211,55,13,42
218000212,0,1,-1
218000213,105,68,37
218000214,5,22,-17
218000215,32,86,-54
218000217,3,137,-134
218000218,179,57,122
218000219,33,22,11
218000220,167,261,-94
218000221,633,123,510
218000222,48,16,32
218000223,19,123,-104
218000224,10,35,-25
218000225,159,15,144
218000226,67,38,29
218000230,0,5,-5
218000232,37,81,-44
218000239,126,5,121
218000240,39,2,37
218000241,48,2,46
218000242,169,1,168
218000243,42,1,41
218000244,30,7,23
218000245,20,2,18
218000246,0,1,-1
218000247,0,1,-1
218000248,0,37,-37
218000249,1,4,-3
218000250,9,7,2
218000251,2,14,-12
218000252,10,18,-8
218000253,19,13,6
218000254,1,6,-5
218000255,2,10,-8
218000256,4,69,-65
218000267,903,1082,-179
218000268,11,61,-50
218000269,17,8,9
218000270,23,78,-55
218000271,40,82,-42
218000273,19,11,8
218000274,10,6,4
218000275,8,38,-30
218000276,2,34,-32
218000278,11,21,-10
218000279,29,64,-35
218000280,13,44,-31
218000281,29,19,10
218000282,540,231,309
218000284,92,12,80
218000301,45,92,-47
218000302,74,36,38
218000303,60,56,4
218000316,545,974,-429
218000317,596,1082,-486
218000318,252,798,-546
218000319,680,1707,-1027
218000320,528,714,-186
218000338,59,22,37
218000345,98,53,45
218000346,47,125,-78
218000459,46,333,-287
218000490,49,85,-36
218000501,51,20,31
218000502,64,110,-46
218000503,59,17,42
218000504,107,21,86
218000505,35,213,-178
218000506,17,181,-164
218000508,2,0,2
218000510,143,10,133
218000520,81,98,-17
218000521,6,95,-89
218000522,0,132,-132
218000523,89,12,77
218000524,72,170,-98
218000525,85,15,70
218000526,49,53,-4
218000529,47,353,-306
218000530,0,1,-1
218000531,2,16,-14
218000532,14,25,-11
218000534,64,18,46
218000537,23,27,-4
218000538,81,138,-57
218000540,283,58,225
218000543,77,40,37
218000544,32,105,-73
218000545,24,53,-29
218000546,37,124,-87
218000547,57,80,-23
218000548,95,207,-112
218000549,260,112,148
218000550,224,523,-299
218000551,218,379,-161
218000552,438,25,413
218000553,58,106,-48
218000554,10,24,-14
218000555,33,46,-13
218000556,93,439,-346
218000557,165,174,-9
218000558,76,1,75
218000559,0,28,-28
218000560,0,14,-14
218000561,13,0,13
218000562,20,158,-138
218000563,207,18,189
218000564,19,116,-97
218000565,203,37,166
218000566,536,38,498
218000567,2,55,-53
218000568,37,0,37
218000569,9,143,-134
218000570,293,7,286
218000571,1,103,-102
218000572,75,2,73
218000573,29,109,-80
218000574,205,68,137
218000575,116,0,116
218000576,0,70,-70
218000577,65,1,64
218000578,0,58,-58
218000579,27,3,24
218000581,5,73,-68
218000582,17,0,17
218000583,1,0,1
218000584,2,21,-19
218000585,19,2,17
218000586,2,45,-43
218000587,0,0,0
218000588,0,4,-4
218000589,0,0,0
218000590,0,0,0
218000591,3,4,-1
218000592,29,0,29
218000593,3,0,3
218000594,0,0,0
218000596,0,0,0
218000597,0,0,0
218000598,0,0,0
218000599,0,0,0
218000600,0,0,0
218000601,0,0,0
218000602,0,3,-3
218000603,0,2,-2
218000604,19,0,19
218000605,0,19,-19
218000606,37,0,37
218000607,13,37,-24
218000608,30,8,22
218000609,0,45,-45
218000610,45,1,44
218000611,5,1,4
218000612,1,34,-33
218000613,24,17,7
218000614,1,58,-57
218000615,99,1,98
218000616,2,149,-147
218000617,16,0,16
218000618,0,13,-13
218000619,14,23,-9
218000620,0,26,-26
218000621,0,2,-2
218000622,0,2,-2
218000623,11,2,9
218000624,0,9,-9
218000625,22,0,22
218000626,1,10,-9
218000628,73,29,44
218000631,24,22,2
218000632,1,71,-70
218000633,75,1,74
218000634,6,25,-19
218000635,6,12,-6
218000636,474,1565,-1091
218000637,544,643,-99
218000638,104,52,52
218000639,9,225,-216
218000640,89,26,63
218000641,54,408,-354
218000652,74,137,-63
218000653,130,35,95
218000663,7,115,-108
218000675,111,61,50
218000676,0,8,-8
218000677,1,6,-5
218000680,163,676,-513
218000681,269,130,139
218000691,97,444,-347
218000693,66,129,-63
218000703,0,33,-33
218000718,779,421,358
218000719,1044,123,921
218000720,16,84,-68
218000721,83,15,68
218000725,0,6,-6
218001147,1,419,-418
218001214,19,22,-3
218001258,78,10,68
218001329,121,125,-4
218001330,166,116,50
218001351,38,11,27
218001352,6,50,-44
218001353,22,8,14
218001354,8,15,-7
218001355,19,463,-444
218001356,132,5,127
218001357,53,350,-297
218001358,80,5,75
218001361,108,19,89
218001362,0,323,-323
219000001,21,32,-11
219000002,24,48,-24
219000003,26,21,5
219000004,78,31,47
219000017,100,13,87
219000020,65,25,40
219000022,79,3,76
219000023,41,1,40
219000029,1,109,-108
219000034,34,5,29
219000039,8,48,-40
219000040,15,18,-3
219000041,96,25,71
219000051,0,37,-37
219000052,0,37,-37
219000053,3,311,-308
219000054,8,159,-151
219000055,60,2,58
219000056,9,2,7
219000057,48,0,48
219000062,5,367,-362
219000063,34,4,30
219000064,6,55,-49
219000110,199,26,173
219000111,84,16,68
219000112,125,32,93
219000113,52,25,27
219000114,164,30,134
219000116,68,42,26
219000117,119,77,42
219000118,62,85,-23
219000123,220,90,130
219000124,50,55,-5
219000125,9,11,-2
219000126,71,111,-40
219000127,0,5,-5
219000128,21,107,-86
219000129,47,113,-66
219000130,776,829,-53
219000131,786,797,-11
219000133,38,29,9
219000134,6,12,-6
219000135,21,51,-30
219000136,108,121,-13
219000138,40,10,30
219000139,9,56,-47
219000140,21,1,20
219000141,9,103,-94
219000142,11,86,-75
219000143,10,101,-91
219000145,9,40,-31
219000146,12,69,-57
219000147,4,64,-60
219000148,3,96,-93
219000149,39,237,-198
219000150,1,170,-169
219000151,1,132,-131
219000157,102,89,13
219000158,105,200,-95
219000161,160,10,150
219000163,1195,350,845
219000166,68,164,-96
219000167,95,265,-170
219000168,302,61,241
219000174,263,79,184
219000175,19,0,19
219000176,42,3,39
219000177,12,5,7
219000178,14,0,14
219000179,15,2,13
219000180,34,16,18
219000182,80,5,75
219000183,13,45,-32
219000184,45,1,44
219000185,0,92,-92
219000186,15,52,-37
219000187,25,152,-127
219000189,171,102,69
219000190,119,196,-77
219000191,1339,875,464
219000192,132,113,19
219000193,561,139,422
219000195,1,64,-63
219000196,5,125,-120
219000198,25,225,-200
219000199,87,211,-124
219000200,25,194,-169
219000201,96,248,-152
219000203,23,116,-93
219000204,60,184,-124
219000205,35,192,-157
219000207,216,209,7
219000209,6,60,-54
219000210,63,100,-37
219000213,10,369,-359
219000239,109,216,-107
219000240,165,326,-161
219000241,92,297,-205
219000242,19,243,-224
219000243,66,406,-340
219000244,17,145,-128
219000245,73,55,18
219000246,87,23,64
219000247,56,31,25
219000248,321,178,143
219000249,69,53,16
219000250,98,44,54
219000251,313,110,203
219000252,172,107,65
219000253,198,30,168
219000255,56,72,-16
219000256,102,87,15
219000257,68,0,68
219000262,57,257,-200
219000263,45,254,-209
219000267,3,153,-150
219000268,3,4,-1
219000269,3,1,2
219000270,13,0,13
219000271,65,3,62
219000278,2,13,-11
219000279,1,3,-2
219000283,0,13,-13
219000295,3,88,-85
219000296,40,493,-453
219000297,12,122,-110
219000298,9,253,-244
219000299,335,47,288
219000300,18,269,-251
219000301,191,280,-89
219000302,21,146,-125
219000307,22,36,-14
219000308,29,23,6
219000311,142,46,96
219000312,358,49,309
219000313,133,15,118
219000314,74,524,-450
219000315,146,28,118
219000316,210,29,181
219000317,47,21,26
219000320,0,35,-35
219000321,0,11,-11
219000323,3,98,-95
219000325,0,34,-34
219000326,50,122,-72
219000327,32,37,-5
219000328,14,40,-26
219000329,210,86,124
219000330,19,17,2
219000331,31,31,0
219000332,27,95,-68
219000333,3,3,0
219000335,67,0,67
219000337,10,0,10
219000338,26,2,24
219000344,30,80,-50
219000345,59,103,-44
219000346,12,130,-118
219000348,82,179,-97
219000349,22,326,-304
219000350,51,66,-15
219000351,8,4,4
219000352,157,51,106
219000353,73,43,30
219000354,68,126,-58
219000355,61,32,29
219000356,1700,512,1188
219000363,314,20,294
219000364,90,26,64
219000365,67,6,61
219000366,167,176,-9
219000368,301,355,-54
219000370,889,226,663
219000371,10,15,-5
219000382,7,8,-1
219000383,699,640,59
219000385,543,396,147
219000386,858,1204,-346
219000387,2,3,-1
219000390,8,1,7
219000391,1,0,1
219000397,69,70,-1
219000398,47,37,10
219000401,3,80,-77
219000402,28,73,-45
219000403,79,166,-87
219000404,17,89,-72
219000407,4,12,-8
219000409,21,36,-15
219000410,52,32,20
219000411,48,11,37
219000446,192,432,-240
219000447,1,16,-15
219000448,4,1,3
219000452,121,52,69
219000453,50,114,-64
219000454,262,171,91
219000556,99,67,32
219000558,78,385,-307
219000590,20,154,-134
219000591,47,25,22
219000592,101,359,-258
219000595,1,45,-44
219000635,52,8,44
219000636,17,102,-85
219000657,30,7,23
219000658,9,27,-18
219000673,0,9,-9
219000676,8,3,5
219000679,35,20,15
219000684,52,0,52
219000685,0,124,-124
219000686,1,1,0
219000688,0,83,-83
219000689,33,194,-161
219000690,162,28,134
219000691,59,96,-37
219000692,134,37,97
219000693,0,47,-47
219000694,3,0,3
219000695,8,4,4
219000698,21,0,21
219000699,0,8,-8
219000727,7,272,-265
219000728,80,0,80
219000770,12,1,11
219000771,0,27,-27
219000788,250,179,71
219001150,0,19,-19
219001151,0,4,-4
219001166,22,9,13
219001167,0,75,-75
219001178,14,0,14
220000001,30,33,-3
220000002,13,163,-150
220000003,371,279,92
220000004,520,598,-78
220000005,1350,1378,-28
220000006,128,926,-798
220000007,285,694,-409
220000008,303,1109,-806
220000009,124,518,-394
220000010,173,115,58
220000011,517,2141,-1624
220000012,121,200,-79
220000014,47,52,-5
220000015,41,212,-171
220000017,55,335,-280
220000018,4887,1291,3596
220000019,75,213,-138
220000020,250,201,49
220000021,368,154,214
220000022,303,456,-153
220000023,118,139,-21
220000024,1193,283,910
220000025,481,382,99
220000026,149,141,8
220000027,16,76,-60
220000028,35,30,5
220000029,66,173,-107
220000030,224,78,146
220000031,120,224,-104
220000064,21,842,-821
221000046,4,0,4
221000047,0,1,-1
221000048,0,0,0
221000049,0,12,-12
221000050,6,0,6
221000055,35,31,4
221000057,30,9,21
221000068,277,96,181
221000069,207,51,156
221000070,118,14,104
221000071,60,3,57
221000072,122,9,113
221000073,153,50,103
221000074,0,17,-17
221000075,17,18,-1
221000076,4,27,-23
221000077,39,77,-38
221000081,38,4,34
221000082,32,6,26
221000083,48,3,45
221000084,8,7,1
221000085,13,62,-49
221000086,9,110,-101
221000087,4,153,-149
221000088,16,145,-129
221000089,29,244,-215
221000090,87,394,-307
221000098,102,17,85
221000099,96,6,90
221000100,46,4,42
221000101,238,14,224
221000102,75,8,67
221000109,7,65,-58
221000110,11,102,-91
221000111,19,131,-112
221000112,3,100,-97
221000113,20,176,-156
221000114,7,157,-150
221000120,15,38,-23
221000121,0,22,-22
221000122,7,19,-12
221000123,11,39,-28
221000124,28,360,-332
221000155,48,6,42
221000156,25,20,5
221000175,0,6,-6
221000176,0,1,-1
221000182,38,4,34
221000241,611,173,438
221000242,189,371,-182
221000243,327,109,218
221000244,108,476,-368
221000245,42,97,-55
221000246,16,265,-249
221000247,64,140,-76
221000248,67,209,-142
221000267,55,900,-845
221000325,64,48,16
221000331,1,79,-78
221000338,4,13,-9
221000378,96,21,75
221000381,58,122,-64
222000282,3,0,3
222000296,2,37,-35
222000568,223,8,215
222000569,102,13,89
222000570,80,7,73
222000571,123,7,116
222000577,8,287,-279
222000578,13,230,-217
222000579,16,159,-143
222000580,102,983,-881
222000599,0,138,-138
222000600,1,278,-277
222000601,13,849,-836
222000603,8,30,-22
222000604,9,24,-15
222000605,7,16,-9
222000606,0,4,-4
222000607,5,3,2
222000608,18,14,4
222000609,24,428,-404
222000616,108,49,59
222000617,13,11,2
222000618,6,1,5
222000620,102,14,88
222000621,59,10,49
222000623,338,8,330
222000624,137,3,134
222000625,257,21,236
222000636,31,1,30
222000686,17,28,-11
222000687,13,27,-14
222001066,176,1,175
222001067,3,5,-2
222001068,14,35,-21
222001069,16,35,-19
222001082,6,60,-54
222001083,4,47,-43
222001084,1,21,-20
222001085,3,73,-70
222001111,12,284,-272
222001112,57,58,-1
222001313,24,3,21
222001314,2,88,-86
222001464,97,38,59
222001465,24,313,-289
222001484,82,59,23
222001485,27,81,-54
222001494,109,88,21
222001495,65,576,-511
222001496,131,53,78
222001497,104,833,-729
222001502,22,107,-85
222001503,46,45,1
222001504,14,273,-259
222001505,184,12,172
222001506,30,256,-226
222001507,161,22,139
222001510,145,19,126
222001511,29,354,-325
222001514,291,92,199
222001515,164,773,-609
222001518,104,32,72
222001519,43,431,-388
222001527,176,50,126
222001528,86,200,-114
222001529,125,20,105
222001530,25,287,-262
222001533,113,435,-322
222001534,109,40,69
222001535,58,114,-56
222001536,51,422,-371
222001537,159,17,142
222001538,30,515,-485
222001563,297,64,233
222001564,34,854,-820
222001568,176,102,74
222001576,0,0,0
222001579,0,4,-4
222001583,36,223,-187
222001584,87,26,61
222001596,524,1556,-1032
222001597,1027,205,822
222001626,0,167,-167
222001650,45,69,-24
222001651,64,130,-66
222001914,114,45,69
222001915,65,219,-154
222001968,386,184,202
222001969,431,1017,-586
222001970,110,281,-171
222001971,6,15,-9
222001972,1,20,-19
225000001,246,81,165
225000002,192,65,127
225000003,204,52,152
225000004,152,154,-2
225000005,16,48,-32
225000006,0,109,-109
225000007,3071,1116,1955
225000010,145,7,138
225000011,398,651,-253
225000012,117,440,-323
225000013,103,104,-1
225000014,551,60,491
225000015,77,240,-163
225000021,415,168,247
225000027,226,527,-301
225000032,419,124,295
225000042,62,799,-737
225000049,16,70,-54
225000050,31,14,17
225000053,4,204,-200
225000058,460,118,342
225000067,98,195,-97
225000068,43,516,-473
225000069,202,498,-296
225000070,63,560,-497
225000071,19,304,-285
225000075,20,653,-633
225000076,77,124,-47
225000078,46,24,22
225000085,23,65,-42
225000086,108,26,82
225000087,99,20,79
225000088,11,122,-111
225000089,305,602,-297
225000090,28,306,-278
225000091,101,187,-86
225000092,55,70,-15
225000093,104,434,-330
225000094,12,528,-516
225000095,291,661,-370
225000096,231,475,-244
225000098,345,96,249
225000099,191,79,112
225000100,86,70,16
225000104,61,426,-365
225000110,14,436,-422
225000111,169,1141,-972
225000112,201,984,-783
225000113,116,634,-518
225000114,39,284,-245
225000115,2637,534,2103
225000116,707,107,600
225000117,704,300,404
225000118,573,240,333
225000119,106,59,47
225000120,344,41,303
225000121,180,23,157
225000123,647,7,640
225000125,200,286,-86
225000126,883,136,747
225000127,823,441,382
225000128,378,317,61
225000132,185,36,149
225000133,189,25,164
225000134,413,83,330
225000135,24,2,22
225000136,107,9,98
225000137,72,66,6
225000138,244,37,207
225000143,64,111,-47
225000144,0,319,-319
225000145,15,28,-13
225000146,22,79,-57
225000147,27,357,-330
225000148,8,266,-258
225000149,31,514,-483
225000151,14,223,-209
225000155,253,362,-109
225000156,220,625,-405
225000157,151,366,-215
225000158,83,313,-230
225000171,3,108,-105
225000180,36,0,36
225000181,0,35,-35
225000182,64,5,59
225000185,4,345,-341
225000187,35,399,-364
225000191,108,1,107
225000194,0,5,-5
225000208,1,45,-44
225000209,34,19,15
225000210,1,174,-173
225000217,0,20,-20
225000218,5,0,5
225000223,1,41,-40
225000224,330,0,330
225000225,3,4,-1
225000226,47,2,45
225000227,23,50,-27
225000228,2,1,1
225000229,1,90,-89
225000230,2,1,1
225000231,0,102,-102
225000232,52,0,52
225000241,57,2,55
225000242,2,47,-45
225000249,3,1,2
225000250,31,814,-783
225000251,230,27,203
226000042,352,356,-4
226000043,50,243,-193
226000044,130,697,-567
226000045,65,380,-315
226000046,334,39,295
226000047,255,61,194
226000048,220,64,156
226000049,149,114,35
226000070,0,40,-40
226000071,0,69,-69
226000072,0,17,-17
226000073,0,23,-23
226000074,0,10,-10
226000084,2,38,-36
226000085,1,15,-14
226000086,13,8,5
226000087,0,6,-6
226000088,16,11,5
226000090,50,25,25
226000091,19,18,1
226000092,2,0,2
226000093,42,2,40
226000094,14,3,11
226000095,228,3,225
226000105,18,2,16
226000106,0,0,0
226000107,4,0,4
226000108,18,0,18
226000109,40,0,40
226000124,111,50,61
226000134,266,367,-101
226000135,613,427,186
226000136,164,226,-62
226000137,9,419,-410
226000138,4,271,-267
226000139,2,13,-11
226000156,60,0,60
226000157,54,5,49
226000163,45,28,17
226000202,2,457,-455
226000231,172,10,162
226000232,16,5,11
227000033,207,46,161
227000036,126,22,104
227000037,82,21,61
227000038,108,15,93
227000049,0,13,-13
227000050,0,57,-57
227000055,22,1,21
227000056,13,0,13
227000084,2,56,-54
227000085,0,25,-25
227000088,37,5,32
227000089,66,11,55
227000090,28,3,25
227000091,18,1,17
227000093,58,0,58
227000094,8,0,8
227000130,24,64,-40
227000131,10,313,-303
227000132,15,247,-232
227000133,16,317,-301
227000134,14,419,-405
227000152,0,2,-2
227000153,0,29,-29
227000155,0,14,-14
227000156,0,15,-15
227000165,1,18,-17
227000196,120,399,-279
227000199,99,622,-523
227000230,32,753,-721
227000232,153,19,134
227000242,41,511,-470
227000243,197,72,125
227000245,10,373,-363
227000246,56,481,-425
227000247,114,57,57
227000248,114,22,92
227000249,25,249,-224
227000250,324,98,226
227000251,161,371,-210
227000252,9,474,-465
227000253,43,20,23
227000262,155,16,139
227000266,401,19,382
227000267,67,2687,-2620
227000282,5,352,-347
227000284,190,21,169
227000286,2,106,-104
227000287,2,153,-151
227000291,5,761,-756
227000484,325,24,301
227000485,14,934,-920
227000655,55,13,42
227000656,552,24,528
227000657,28,9,19
227000661,243,22,221
227000680,103,30,73
229000265,5,49,-44
229000296,1,14,-13
229000297,4,61,-57
229000298,2,149,-147
229000320,18,10,8
229000321,13,12,1
229000412,18,45,-27
229000414,10,48,-38
229000415,13,0,13
229000416,2,1,1
229000417,2,9,-7
229000419,88,246,-158
229000440,183,52,131
229000442,27,1,26
229000443,0,2,-2
229000444,0,44,-44
229000445,33,22,11
229000446,39,18,21
229000491,0,1,-1
229000492,4,5,-1
229000493,1,2,-1
229000494,11,0,11
229000495,39,0,39
229000496,13,0,13
229000507,0,0,0
229000508,0,3,-3
229000509,0,2,-2
229000510,1,0,1
229000511,1,2,-1
229000512,0,2,-2
229000513,0,0,0
229000514,0,0,0
229000517,1,0,1
229000518,2,4,-2
229000519,0,2,-2
229000520,0,3,-3
229000521,8,4,4
229000522,3,1,2
229000523,6,5,1
229000524,1,0,1
229000527,2,0,2
229000528,0,0,0
229000529,3,0,3
229000530,10,0,10
229000531,7,0,7
229000532,9,0,9
229000533,18,1,17
229000534,17,0,17
229000564,17,0,17
229000565,2,1,1
229000566,0,4,-4
229000567,0,0,0
229000582,24,0,24
229000583,0,2,-2
229000584,0,1,-1
229000585,0,4,-4
229000718,0,0,0
229000719,0,0,0
229000720,0,2,-2
229000721,0,0,0
229000722,0,3,-3
229000723,0,1,-1
229000724,0,0,0
229000725,0,0,0
229000738,2,0,2
229000739,1,0,1
229000740,0,0,0
229000741,7,0,7
229000742,2,0,2
229000743,3,0,3
229000744,2,0,2
229000745,1,0,1
229000746,4,0,4
229000847,13,0,13
229000848,2,0,2
229000849,75,3,72
229000851,17,0,17
229000854,0,53,-53
229000856,1,137,-136
229000857,1,37,-36
229000858,0,95,-95
229000919,9,89,-80
229000930,3,209,-206
229000937,81,11,70
229000966,49,23,26
229000981,8,42,-34
229000985,5,26,-21
229000986,6,16,-10
229000987,0,9,-9
229000988,1,13,-12
229000989,3,4,-1
229000990,0,1,-1
229000991,0,4,-4
229000992,7,4,3
229000993,152,5,147
229000998,12,60,-48
229000999,31,7,24
229001034,0,11,-11
229001035,6,1,5
229001037,66,6,60
229001042,7,13,-6
229001047,3,66,-63
229001050,25,48,-23
229001168,0,1,-1
229001200,12,2,10
229001338,27,6,21
229001394,139,1,138
229001422,56,38,18
229001423,23,106,-83
229001431,37,27,10
229001432,23,45,-22
229001444,117,34,83
229001445,30,151,-121
229001479,1,1,0
229001503,135,65,70
229001504,52,203,-151
229001505,48,43,5
229001506,32,119,-87
229001509,31,37,-6
229001545,66,0,66
229001546,3,62,-59
229001553,31,9,22
229001554,14,78,-64
229001559,8,23,-15
229001560,1,35,-34
229001630,76,18,58
229001631,5,37,-32
229001635,0,7,-7
229001636,0,0,0
229001658,0,64,-64
229001659,57,3,54
229001660,0,11,-11
229001661,0,16,-16
229001662,8,1,7
229001663,0,18,-18
229002584,120,135,-15
229002831,209,109,100
229002841,2,20,-18
229002842,5,12,-7
229002843,18,12,6
229002844,45,33,12
229002845,18,68,-50
229002846,22,5,17
229002847,8,5,3
229002848,7,15,-8
229002849,1,60,-59
229002850,19,1,18
229002851,24,79,-55
229002852,40,14,26
229002853,66,13,53
229002854,36,44,-8
229002855,17,41,-24
229002856,5,17,-12
229002857,0,43,-43
229002858,3,2,1
229002859,14,26,-12
229002860,34,17,17
229002861,16,12,4
229002862,5,21,-16
229002863,6,24,-18
229002864,13,28,-15
229002865,15,5,10
229002866,36,21,15
229002867,1,30,-29
229002868,9,11,-2
229002869,4,135,-131
229002870,21,2,19
235000066,319,64,255
235000067,108,96,12
235000072,32,26,6
235000073,80,174,-94
235000074,12,90,-78
235000080,12,92,-80
235000081,44,137,-93
235000082,72,81,-9
235000083,91,97,-6
235000084,20,49,-29
235000085,59,56,3
235000089,12,20,-8
235000092,6,158,-152
235000093,3,4,-1
235000097,2,4,-2
235000098,42,17,25
235000099,14,20,-6
235000116,53,15,38
235000117,744,6,738
235000133,12,203,-191
235000134,5,83,-78
235000206,1,1,0
235000207,1,2,-1
235000208,4,0,4
235000209,3,1,2
235000210,5,0,5
235000212,6,20,-14
235000213,0,9,-9
235000220,0,1,-1
235000221,24,12,12
235000238,4,25,-21
235000239,0,8,-8
235000242,195,167,28
235000245,846,155,691
235000246,9,38,-29
235000284,3,132,-129
235000295,155,11,144
235000305,128,5,123
235000306,42,11,31
235000307,9,0,9
235000308,9,0,9
235000309,21,0,21
235000310,15,0,15
235000311,34,7,27
235000322,0,17,-17
235000323,2,69,-67
235000324,1,13,-12
235000325,0,23,-23
235000326,7,380,-373
235000351,7,87,-80
235000352,20,76,-56
235000353,0,22,-22
235000354,6,44,-38
235000355,24,56,-32
235000356,43,13,30
235000357,33,16,17
235000358,36,11,25
235000359,5,4,1
235000360,46,11,35
235000361,38,3,35
235000381,31,332,-301
235000382,80,48,32
235000390,16,3,13
235000391,61,28,33
235000392,51,161,-110
235000393,51,75,-24
235000395,29,22,7
235000396,102,83,19
235000400,80,106,-26
235000401,37,179,-142
235000405,59,274,-215
235000406,16,216,-200
235000407,41,70,-29
235000409,171,108,63
235000410,23,180,-157
235000411,0,64,-64
235000485,0,8,-8
235000486,2,0,2
235000549,13,56,-43
235000550,31,152,-121
235000599,54,52,2
235000600,10,16,-6
235000601,10,42,-32
235000602,57,148,-91
235000614,0,2,-2
235000648,0,21,-21
235000649,22,3,19
235000685,0,7,-7
235000815,2,28,-26
235000834,0,11,-11
235000855,26,32,-6
235000862,8,234,-226
235000891,0,5,-5
235000892,13,1,12
235000901,29,70,-41
235000907,7,6,1
235001010,18,44,-26
235001029,461,291,170
235001030,264,147,117
235001078,61,52,9
235001079,70,100,-30
235001147,37,44,-7
235001166,4,77,-73
235001167,8,54,-46
235001169,32,312,-280
235001188,4,4,0
235001189,3,1,2
235001197,3,29,-26
235001200,20,11,9
235001207,222,25,197
235001210,68,373,-305
235001215,37,270,-233
235001239,1,39,-38
235001244,1,5,-4
235016267,0,46,-46
277101746,0,1,-1
277102712,10,14,-4
277103813,0,1,-1
277103814,0,0,0
277103898,0,0,0
277104249,0,4,-4
277104250,0,16,-16
277104251,0,10,-10
277104252,0,3,-3
990011530,1,280,-279
990014944,1,453,-452
990015176,13,2,11
990015618,0,49,-49
990016032,0,402,-402
990032570,0,63,-63
990070001,71,15,56
990070103,0,0,0
990070601,0,45,-45
990070751,201,1,200
990070766,0,872,-872
990071180,400,210,190
990071343,20,0,20
990071387,0,9,-9
990071823,157,0,157
990072600,2,681,-679
990072964,3,481,-478
990073285,0,1,-1
990074393,3,1130,-1127
990074870,479,29,450
990075106,430,6,424
990075746,205,3,202
990076437,406,3,403
990076458,1,1374,-1373
997000007,144,4,140
997000041,2,73,-71
997000058,21,0,21
997000062,14,0,14
997000069,0,10,-10
997000070,0,80,-80
997000100,8,0,8
997000141,2,523,-521
997000198,780,728,52
998000475,0,14,-14
998000736,3,332,-329
998000965,0,0,0
998001031,0,69,-69
998001700,0,23,-23
998001899,0,0,0
998001900,8,0,8
998003073,554,4,550
998101900,0,0,0
998102850,0,60,-60
998501927,474,272,202
998501929,31,0,31
998501930,49,0,49
998501931,134,89,45
998501932,6,0,6
998501933,17,1,16
998501937,4,0,4
998501944,2,1,1
998501950,0,4,-4
998501970,46,10,36
998501971,0,66,-66
998501973,0,83,-83
998501974,1,245,-244
998501975,165,28,137
998501976,62,0,62
998501977,0,79,-79
998501978,8,0,8
998501979,0,5,-5
998501980,129,23,106
998501981,9,15,-6
998501982,1,68,-67
998501983,0,0,0
998502006,0,1,-1
998502024,0,1,-1
998502032,0,0,0
998502062,9,1,8
998502063,0,0,0
998502173,18,0,18
998502269,0,2,-2
998502546,1,119,-118
998502578,0,1,-1
998502599,161,229,-68
998502621,1,0,1
998601159,0,293,-293
998601292,1,11,-10
999033574,1,702,-701
999800001,10,1,9
999800002,0,0,0
999800003,4,1,3
999800004,0,5,-5
999800005,0,10,-10
