ID,insum,outsum,diff
100000001,681,747,-66
100000002,3475,3673,-198
100000003,3304,4582,-1278
100000004,343,1024,-681
100000005,2172,3946,-1774
100000006,438,209,229
100000007,1717,676,1041
100000008,214,447,-233
100000009,535,292,243
100000010,47,93,-46
100000011,427,101,326
100000012,62,901,-839
100000013,19,274,-255
100000014,467,392,75
100000015,1193,1764,-571
100000016,486,1149,-663
100000017,514,925,-411
100000018,876,550,326
100000019,2712,1859,853
100000020,1069,4877,-3808
100000021,4319,1659,2660
100000022,664,2421,-1757
100000023,2998,1236,1762
100000025,401,1313,-912
100000028,656,1149,-493
100000029,87,445,-358
100000030,70,33,37
100000031,1902,4990,-3088
100000032,1360,3145,-1785
100000033,1001,2344,-1343
100000034,106,944,-838
100000035,706,1052,-346
100000036,634,1374,-740
100000037,572,346,226
100000038,2064,841,1223
100000039,282,257,25
100000040,236,198,38
100000041,1361,576,785
100000042,766,351,415
100000043,558,472,86
100000044,223,562,-339
100000045,255,711,-456
100000046,432,530,-98
100000047,160,329,-169
100000048,269,378,-109
100000049,1141,950,191
100000051,412,494,-82
100000053,94,11,83
100000054,241,33,208
100000055,558,383,175
100000056,424,696,-272
100000057,1692,513,1179
100000058,648,718,-70
100000059,7,240,-233
100000060,365,280,85
100000061,2025,455,1570
100000062,1380,489,891
100000063,949,216,733
100000064,1160,458,702
100000065,273,642,-369
100000066,162,479,-317
100000067,246,427,-181
100000068,306,1099,-793
100000069,225,929,-704
100000072,203,550,-347
100000073,725,730,-5
100000075,723,196,527
100000076,1123,3660,-2537
100000077,91,412,-321
100000078,5,33,-28
100000079,17,59,-42
100000080,16,74,-58
100000081,121,248,-127
100000102,2655,4443,-1788
100000103,1479,1469,10
100000104,2223,2215,8
100000105,1108,1573,-465
100000106,1020,2636,-1616
100000107,129,1154,-1025
100000108,291,852,-561
100000109,886,1303,-417
100000116,712,679,33
100000117,69,201,-132
100000118,678,1391,-713
100000119,475,1059,-584
100000121,127,405,-278
100000122,491,1460,-969
100000123,1137,2575,-1438
100000124,2938,3104,-166
100000125,3650,1723,1927
100000126,430,571,-141
100000127,805,540,265
100000128,1369,2405,-1036
100000129,255,645,-390
100000130,479,244,235
100000131,950,1601,-651
100000132,701,1692,-991
100000133,1996,1036,960
100000135,593,1264,-671
100000139,206,669,-463
100000140,166,307,-141
100000142,576,453,123
100000143,1181,380,801
100000144,1850,498,1352
100000147,1249,3115,-1866
100000150,74,621,-547
100000151,642,2178,-1536
100000153,103,442,-339
100000154,30,321,-291
100000155,12,56,-44
100000156,372,442,-70
100000157,416,264,152
100000158,249,218,31
100000159,121,703,-582
100000165,540,632,-92
100000169,49,1247,-1198
100000174,279,758,-479
100000179,108,482,-374
100000180,914,2511,-1597
100000181,295,408,-113
100000188,63,159,-96
100000189,948,383,565
100000190,579,1544,-965
100000191,585,638,-53
100000192,10,80,-70
100000193,244,218,26
100000330,491,844,-353
100000355,161,831,-670
100000362,2485,1391,1094
100000363,4765,4914,-149
100000364,81,256,-175
100000365,5079,9523,-4444
100000366,2179,1554,625
100000367,3974,6530,-2556
100000368,2574,904,1670
100000369,435,1979,-1544
100000370,136,972,-836
100000376,63,180,-117
100000379,1007,1488,-481
100000380,3467,4895,-1428
100000384,4475,5282,-807
100000385,1288,3258,-1970
100000386,3296,5338,-2042
100000387,2460,5311,-2851
100000388,2372,5870,-3498
100000389,3099,5995,-2896
100000390,3788,6231,-2443
100000391,2617,8652,-6035
100000392,1576,4504,-2928
100000393,1358,5749,-4391
100000394,3924,8313,-4389
100000395,2369,6376,-4007
100000396,4082,3953,129
100000397,2888,8734,-5846
100000398,6821,5251,1570
100000413,5,6,-1
100900002,10,8,2
100900003,387,217,170
100900004,15,712,-697
100900005,98,19,79
100900006,30,45,-15
100900007,166,16,150
100900008,3,332,-329
100900009,45,189,-144
100900010,79,29,50
100900011,242,127,115
100900012,0,111,-111
100900013,869,18,851
100900014,9,9,0
100900015,49,62,-13
100900016,2,31,-29
100900017,655,47,608
100900018,2,11,-9
100900019,30,88,-58
100900020,166,5,161
100900021,274,1,273
100900022,8,28,-20
100900023,1,21,-20
100900024,232,5,227
100900025,19,9,10
100900026,137,73,64
100900027,341,1886,-1545
100900028,121,222,-101
100900029,51,6,45
100900030,4,169,-165
100900031,646,43,603
100900032,291,0,291
100900033,119,275,-156
100900034,635,1,634
100900035,166,1,165
100900036,16,1,15
100900037,112,119,-7
100900038,96,51,45
100900039,188,245,-57
100900040,389,344,45
100900041,1035,378,657
100900042,1381,1814,-433
100900043,0,21,-21
100900044,1042,424,618
100900045,2,2,0
100900046,917,6,911
100900047,606,166,440
100900048,99,73,26
100900049,72,104,-32
100900050,2,5,-3
100900051,30,100,-70
100900052,279,26,253
100900053,486,27,459
100900054,18,39,-21
100900055,148,771,-623
100900056,18,66,-48
100900057,1551,1059,492
100900058,99,94,5
100900059,115,0,115
100900060,227,19,208
100900061,195,152,43
100900062,6,49,-43
100900063,251,693,-442
100900064,473,25,448
100900065,46,100,-54
100900066,151,241,-90
100900067,4,7,-3
100900068,136,226,-90
100900069,123,4,119
100900070,409,10,399
100900071,352,158,194
100900072,8,45,-37
100900073,118,182,-64
100900074,4,2,2
100900075,1403,149,1254
100900076,2,18,-16
100900077,34,23,11
100900078,77,238,-161
100900079,11,14,-3
100900080,66,107,-41
100900081,31,111,-80
100900082,159,282,-123
100900083,5,14,-9
100900085,22,501,-479
100900086,65,354,-289
100900088,153,197,-44
100900089,0,33,-33
100900090,78,439,-361
100900091,0,18,-18
100900092,81,116,-35
100900093,270,259,11
100900094,172,175,-3
100900095,4,15,-11
100900096,27,136,-109
100900097,2,2,0
100900098,20,42,-22
100900099,18,384,-366
100900100,4,666,-662
100900101,220,45,175
100900102,33,37,-4
100900103,1,19,-18
100900104,7,112,-105
100900105,17,431,-414
100900106,31,8,23
100900107,1273,734,539
100900108,3,15,-12
100900109,10,13,-3
100900110,3,22,-19
100900111,39,168,-129
100900112,3,40,-37
100900113,28,12,16
100900114,11,26,-15
100900115,13,43,-30
100900116,723,412,311
100900117,229,998,-769
100900118,15,37,-22
100900119,7,26,-19
100900120,26,7,19
100900121,225,257,-32
100900122,83,123,-40
100900123,86,118,-32
100900124,5,33,-28
100900125,9,60,-51
100900126,163,99,64
100900127,3,8,-5
100900128,71,198,-127
100900129,1,379,-378
100900131,50,141,-91
100900133,56,19,37
100900134,2,2,0
100900135,2,363,-361
100900137,238,150,88
100900138,339,400,-61
100900139,3,16,-13
100900140,1,303,-302
100900141,3,610,-607
100900142,3,11,-8
100900143,380,429,-49
100900144,10,1,9
100900145,105,161,-56
100900146,7,41,-34
100900147,7,461,-454
100900148,50,295,-245
100900149,36,255,-219
100900150,3,28,-25
100900151,115,276,-161
100900152,171,5,166
100900153,4,132,-128
100900154,11,127,-116
100900155,19,5,14
100900156,34,7,27
100900157,14,651,-637
100900159,2,48,-46
100900160,20,4,16
100900161,15,12,3
100900162,12,485,-473
100900163,116,126,-10
100900164,59,12,47
100900165,10,40,-30
100900166,18,3,15
100900167,12,63,-51
100900168,23,172,-149
100900169,98,702,-604
100900170,21,2,19
100900171,27,320,-293
100900172,0,22,-22
100900173,1,135,-134
100900174,34,12,22
100900176,1497,115,1382
100900177,591,163,428
100900178,173,198,-25
100900179,262,251,11
100900180,4,4,0
100900181,28,97,-69
100900182,57,36,21
100900184,15,97,-82
100900186,356,292,64
100900187,14,42,-28
100900188,21,4,17
100900189,1942,222,1720
100900191,513,1136,-623
100900192,184,515,-331
100900195,115,136,-21
100900197,15,58,-43
100900198,25,103,-78
100900199,1,23,-22
100900200,569,256,313
100900201,61,432,-371
100900202,72,2,70
100900203,3,291,-288
100900204,73,641,-568
100900205,156,533,-377
100900206,247,73,174
100900207,240,154,86
100900210,49,217,-168
100900211,382,108,274
100900213,128,53,75
100900214,416,120,296
100900215,13,44,-31
100900217,93,106,-13
101000001,1542,1755,-213
101000002,5710,5921,-211
101000003,285,807,-522
101000004,4197,4678,-481
101000005,2874,4187,-1313
101000006,3801,5742,-1941
101000007,2139,3696,-1557
101000008,1640,1695,-55
101000009,1714,576,1138
101000010,626,480,146
101000011,762,265,497
101000012,458,633,-175
101000013,550,896,-346
101000014,281,385,-104
101000015,1488,799,689
101000016,240,402,-162
101000017,288,380,-92
101000018,1332,2078,-746
101000020,1318,614,704
101000021,531,340,191
101000022,49,134,-85
101000023,889,583,306
101000025,214,404,-190
101000026,209,22,187
101000027,1645,3574,-1929
101000028,787,315,472
101000029,108,1436,-1328
101000030,779,176,603
101000031,229,927,-698
101000032,2623,4530,-1907
101000033,1349,3109,-1760
101000034,914,1884,-970
101000035,476,282,194
101000036,969,1285,-316
101000037,1086,2036,-950
101000039,1393,2424,-1031
101000040,1744,3933,-2189
101000041,2165,6505,-4340
101000042,128,1087,-959
101000043,2512,6299,-3787
101000045,387,868,-481
101000046,1318,2476,-1158
101000047,1067,5226,-4159
101000048,319,318,1
101000049,431,1950,-1519
101000050,657,1609,-952
101000051,621,2234,-1613
101000052,825,1179,-354
101000053,518,990,-472
101000054,1396,824,572
101000055,887,1280,-393
101000056,33,111,-78
101000057,810,1414,-604
101000058,671,1148,-477
101000059,1394,2047,-653
101000060,1661,779,882
101000061,380,1514,-1134
101000062,264,708,-444
101000063,271,1281,-1010
101000064,582,1088,-506
101000065,266,806,-540
101000066,510,1254,-744
101000067,641,1037,-396
101000068,152,510,-358
101000069,145,52,93
101000070,578,823,-245
101000071,1450,861,589
101000072,413,2652,-2239
101000073,633,1172,-539
101000074,2712,3450,-738
101000075,1982,4819,-2837
101000077,1230,1243,-13
101000078,542,1167,-625
101000079,1249,1215,34
101000080,1067,1304,-237
101000081,1539,1421,118
101000082,1831,2084,-253
101000083,2792,2102,690
101000084,956,538,418
101000085,1245,1048,197
101000086,810,1104,-294
101000087,747,763,-16
101000088,1057,954,103
101000089,976,1332,-356
101000090,1627,894,733
101000091,429,389,40
101000092,1275,578,697
101000093,1190,616,574
101000094,866,777,89
101000095,490,393,97
101000096,490,349,141
101000097,305,510,-205
101000098,329,392,-63
101000099,490,781,-291
101000100,616,719,-103
101000101,194,313,-119
101000102,422,650,-228
101000103,448,689,-241
101000104,242,690,-448
101000105,171,584,-413
101000106,345,1047,-702
101000107,272,317,-45
101000108,459,125,334
101000109,522,67,455
101000110,32,208,-176
101000111,45,147,-102
101000113,174,615,-441
101000114,3985,9946,-5961
101000115,37,42,-5
101000116,34,29,5
101000117,1333,157,1176
101000119,41,53,-12
101000120,103,100,3
101000121,50,79,-29
101000122,98,121,-23
101000123,53,128,-75
101000124,1051,500,551
101000125,117,299,-182
101000128,191,630,-439
101000130,127,239,-112
101000131,1039,364,675
101000132,764,592,172
101000135,31,50,-19
101000136,289,256,33
101000137,42,331,-289
101000141,713,3449,-2736
101000147,893,287,606
101000148,459,13,446
101000149,118,501,-383
101000150,88,307,-219
101000151,273,30,243
101000152,237,312,-75
101000153,370,159,211
101000154,351,505,-154
101000155,362,143,219
101000156,21,378,-357
101000157,58,24,34
101000160,27,22,5
101000163,122,465,-343
101000164,230,138,92
101000165,166,349,-183
101000166,175,198,-23
101000168,747,419,328
101000252,2074,916,1158
101000254,51,82,-31
101000258,83,17,66
101000261,134,92,42
101000262,1028,3374,-2346
101000263,204,1076,-872
101000265,45,642,-597
101000266,202,155,47
101000269,12,13,-1
101000290,432,2053,-1621
101000293,8,40,-32
101000294,591,387,204
101000295,199,216,-17
101000301,290,412,-122
101000304,1738,2319,-581
101000305,2273,794,1479
101000328,76,396,-320
101900001,30,66,-36
101900002,0,9,-9
101900003,28,81,-53
101900004,1,64,-63
101900005,1628,2584,-956
101900006,1359,48,1311
101900007,420,178,242
101900008,57,155,-98
101900009,22,210,-188
101900010,601,703,-102
101900011,96,670,-574
101900012,220,54,166
101900013,396,149,247
101900017,10,122,-112
101900018,820,232,588
101900019,172,132,40
101900020,45,44,1
101900021,0,26,-26
101900022,147,633,-486
101900023,150,85,65
101900026,171,39,132
101900027,23,75,-52
102000001,2470,4431,-1961
102000002,1778,836,942
102000003,1778,5311,-3533
102000004,2483,2022,461
102000005,830,2236,-1406
102000006,646,1339,-693
102000007,1248,3560,-2312
102000008,2705,1144,1561
102000009,5477,6827,-1350
102000010,3430,2313,1117
102000011,3246,2600,646
102000012,2544,2107,437
102000018,1953,2219,-266
102000019,1808,1432,376
102000026,242,404,-162
102000029,182,137,45
102000030,147,283,-136
102000031,52,103,-51
102000032,498,295,203
102000033,222,236,-14
102000034,402,267,135
102000035,1055,415,640
102000036,14,228,-214
102000037,166,34,132
102000038,93,429,-336
102000039,93,127,-34
102000040,199,360,-161
102000041,82,571,-489
102000042,120,391,-271
102000043,89,296,-207
102000044,322,584,-262
102000045,467,627,-160
102000046,906,473,433
102000047,525,595,-70
102000048,373,503,-130
102000049,874,793,81
102000050,831,968,-137
102000051,342,623,-281
102000052,886,653,233
102000053,635,916,-281
102000054,689,954,-265
102000055,1145,263,882
102000056,959,312,647
102000057,1170,346,824
102000058,1025,799,226
102000059,1089,895,194
102000060,853,659,194
102000061,1405,1081,324
102000062,1678,758,920
102000063,787,916,-129
102000064,498,597,-99
102000065,48,140,-92
102000066,693,670,23
102000067,2083,2421,-338
102000068,8208,2798,5410
102000069,100,2420,-2320
102000070,1368,38,1330
102000071,5751,7916,-2165
102000072,2157,3272,-1115
102000073,629,419,210
102000074,525,544,-19
102000075,116,177,-61
102000076,219,163,56
102000077,631,458,173
102000078,1027,316,711
102000079,119,126,-7
102000080,231,158,73
102000081,212,722,-510
102000082,549,298,251
102000083,600,178,422
102000084,435,184,251
102000085,1760,660,1100
102000086,1129,596,533
102000087,621,855,-234
102000088,354,193,161
102000089,1236,277,959
102000090,250,800,-550
102000091,948,373,575
102000092,213,329,-116
102000093,536,556,-20
102000094,470,533,-63
102000095,665,798,-133
102000096,278,484,-206
102000097,554,361,193
102000098,349,714,-365
102000099,698,1043,-345
102000100,186,1168,-982
102000101,404,543,-139
102000102,294,794,-500
102000103,1806,321,1485
102000104,488,246,242
102000105,258,459,-201
102000106,724,344,380
102000107,1702,303,1399
102000108,683,133,550
102000109,543,372,171
102000110,1391,458,933
102000111,8,204,-196
102000112,160,103,57
102000113,13,18,-5
102000114,529,307,222
102000115,247,302,-55
102000116,196,485,-289
102000117,85,747,-662
102000118,632,1406,-774
102000119,1197,1179,18
102000120,199,325,-126
102000121,949,372,577
102000122,596,755,-159
102000123,1026,778,248
102000124,1116,1040,76
102000125,529,596,-67
102000126,535,670,-135
102000127,1054,569,485
102000128,646,704,-58
102000129,1200,481,719
102000130,656,652,4
102000131,1154,439,715
102000132,457,676,-219
102000133,2340,1388,952
102000134,876,617,259
102000135,606,617,-11
102000136,1085,466,619
102000137,405,948,-543
102000138,196,250,-54
102000139,70,568,-498
102000140,148,1271,-1123
102000141,163,219,-56
102000142,209,166,43
102000143,278,185,93
102000144,314,222,92
102000145,270,234,36
102000146,323,302,21
102000147,282,289,-7
102000148,199,318,-119
102000149,204,187,17
102000150,506,75,431
102000151,86,116,-30
102000152,214,111,103
102000153,893,579,314
102000154,169,406,-237
102000155,53,320,-267
102000156,195,176,19
102000157,54,481,-427
102000158,289,463,-174
102000159,785,709,76
102000161,1280,1538,-258
102000162,102,136,-34
102000163,84,395,-311
102000164,480,726,-246
102000165,209,165,44
102000166,57,119,-62
102000167,190,192,-2
102000168,225,196,29
102000169,91,455,-364
102000170,339,94,245
102000171,82,53,29
102000172,17,225,-208
102000173,262,192,70
102000174,56,68,-12
102000175,69,46,23
102000176,63,23,40
102000178,239,184,55
102000179,388,177,211
102000180,1040,233,807
102000181,850,329,521
102000182,469,289,180
102000183,1711,996,715
102000184,1892,455,1437
102000185,2587,827,1760
102000186,1446,988,458
102000187,851,930,-79
102000188,1099,915,184
102000189,1293,461,832
102000190,411,1902,-1491
102000191,1052,326,726
102000192,1352,1437,-85
102000193,46,52,-6
102000194,29,91,-62
102000195,455,244,211
102000196,227,201,26
102000197,934,244,690
102000198,188,348,-160
102000199,1295,225,1070
102000200,231,457,-226
102000201,1192,309,883
102000202,8,54,-46
102000203,388,145,243
102000204,523,348,175
102000205,1195,274,921
102000206,522,212,310
102000207,597,378,219
102000208,318,263,55
102000209,94,39,55
102000210,466,208,258
102000211,492,154,338
102000212,342,16,326
102000213,3,140,-137
102000214,332,26,306
102000215,5,164,-159
102000216,47,64,-17
102000217,10,66,-56
102000218,332,202,130
102000219,248,165,83
102000225,433,447,-14
102000226,292,631,-339
102000227,124,2,122
102000228,0,66,-66
102000229,38,55,-17
102000230,263,290,-27
102000231,209,288,-79
102000232,68,165,-97
102000233,461,391,70
102000234,83,777,-694
102000236,154,79,75
102000237,390,152,238
102000238,148,225,-77
102000240,396,692,-296
102000241,150,79,71
102000243,7,28,-21
102000245,16,86,-70
102000246,14,26,-12
102000247,321,480,-159
102000248,284,759,-475
102000249,112,89,23
102000250,38,179,-141
102000254,221,117,104
102000266,13,614,-601
102000271,35,0,35
102000286,261,233,28
102000297,1544,895,649
102000301,0,0,0
102000303,0,0,0
102000307,0,6,-6
102900001,1103,605,498
102900002,329,38,291
102900003,60,97,-37
102900005,392,219,173
102900006,465,85,380
102900007,461,23,438
102900008,206,23,183
102900009,480,353,127
102900010,181,899,-718
102900011,1006,350,656
102900012,419,75,344
102900013,29,47,-18
102900015,409,421,-12
102900016,92,59,33
102900017,231,273,-42
102900018,51,77,-26
102900019,298,257,41
102900020,201,30,171
102900021,45,37,8
102900022,341,159,182
102900023,15,106,-91
102900024,26,12,14
102900025,131,83,48
102900026,225,1705,-1480
102900027,64,64,0
102900028,166,730,-564
102900029,133,158,-25
102900030,333,234,99
102900031,248,101,147
102900032,109,51,58
102900033,75,119,-44
102900034,431,43,388
102900035,135,183,-48
102900036,286,210,76
102900037,272,187,85
102900038,363,203,160
102900039,16,485,-469
102900040,159,198,-39
102900041,71,82,-11
102900042,185,176,9
102900043,160,174,-14
102900044,429,1244,-815
102900045,230,335,-105
102900046,151,130,21
102900047,120,324,-204
102900048,450,250,200
102900049,76,268,-192
102900050,192,264,-72
102900051,147,177,-30
102900053,346,448,-102
102900054,265,895,-630
102900055,142,230,-88
102900056,120,266,-146
102900057,6,67,-61
102900058,291,54,237
102900059,46,37,9
102900060,101,307,-206
102900061,161,254,-93
102900062,328,399,-71
102900063,1193,313,880
102900064,56,311,-255
102900065,798,228,570
102900066,271,14,257
102900068,89,101,-12
102900070,190,357,-167
102900072,4,81,-77
102900073,101,8,93
102900075,22,49,-27
102900076,81,147,-66
102900077,27,43,-16
102900078,14,39,-25
102900079,183,7,176
102900080,361,42,319
102900081,75,237,-162
102900082,17,216,-199
102900083,117,26,91
102900084,2,33,-31
102900085,346,137,209
102900086,17,55,-38
102900087,101,152,-51
102900088,44,28,16
102900089,186,107,79
102900090,0,99,-99
102900091,141,1,140
102900092,417,323,94
102900094,0,124,-124
102900095,84,0,84
102900096,59,13,46
102900097,2,58,-56
103000001,1922,1841,81
103000002,1777,1985,-208
103000003,2351,2214,137
103000004,680,589,91
103000005,1764,2827,-1063
103000006,864,1325,-461
103000007,426,528,-102
103000008,811,434,377
103000009,1401,922,479
103000010,100,58,42
103000011,1169,806,363
103000012,1248,1396,-148
103000013,2087,1231,856
103000014,1104,2244,-1140
103000015,1008,500,508
103000016,459,1309,-850
103000017,246,401,-155
103000018,551,209,342
103000019,349,282,67
103000020,1465,1065,400
103000021,1548,1985,-437
103000022,564,772,-208
103000023,610,1714,-1104
103000024,47,96,-49
103000025,150,641,-491
103000026,581,94,487
103000027,293,614,-321
103000028,198,351,-153
103000029,155,271,-116
103000030,1166,1140,26
103000031,831,1769,-938
103000032,1827,1186,641
103000033,2582,2214,368
103000034,967,723,244
103000035,316,1026,-710
103000036,215,340,-125
103000037,486,456,30
103000038,437,769,-332
103000039,518,206,312
103000040,558,496,62
103000041,1621,1163,458
103000042,1252,287,965
103000043,589,484,105
103000044,292,149,143
103000046,429,348,81
103000047,627,307,320
103000048,230,136,94
103000049,111,103,8
103000050,645,251,394
103000051,539,368,171
103000052,582,210,372
103000053,219,384,-165
103000054,1970,974,996
103000055,1698,1502,196
103000056,675,809,-134
103000057,989,149,840
103000058,505,525,-20
103000059,489,512,-23
103000060,540,299,241
103000061,454,619,-165
103000062,824,348,476
103000063,796,704,92
103000064,125,101,24
103000065,7,217,-210
103000066,241,10,231
103000069,398,161,237
103000070,717,481,236
103000071,1103,423,680
103000072,122,394,-272
103000073,640,106,534
103000074,636,82,554
103000075,115,435,-320
103000076,337,445,-108
103000077,34,185,-151
103000078,614,773,-159
103000079,379,589,-210
103000080,458,351,107
103000081,269,992,-723
103000082,350,177,173
103000083,79,257,-178
103000084,103,9,94
103000085,1,98,-97
103000086,356,357,-1
103000087,87,484,-397
103000088,183,325,-142
103000089,188,497,-309
103000090,2689,952,1737
103000091,675,450,225
103000092,215,184,31
103000093,245,456,-211
103000094,153,81,72
103000095,58,346,-288
103000096,420,49,371
103000097,52,641,-589
103000098,458,149,309
103000099,154,594,-440
103000100,133,429,-296
103000101,753,118,635
103000102,92,290,-198
103000103,685,129,556
103000104,67,64,3
103000105,212,71,141
103000106,10,144,-134
103000107,209,66,143
103000108,902,543,359
103000109,451,481,-30
103000110,543,418,125
103000111,302,431,-129
103000112,210,231,-21
103000113,431,621,-190
103000114,1199,594,605
103000115,631,472,159
103000116,627,337,290
103000117,513,399,114
103000118,319,351,-32
103000119,735,317,418
103000120,41,104,-63
103000121,197,277,-80
103000122,299,442,-143
103000125,22,117,-95
103000126,631,6,625
103000127,15,84,-69
103000128,153,1,152
103000129,6,55,-49
103000130,63,48,15
103000131,94,70,24
103000132,94,170,-76
103000133,24,74,-50
103000134,205,763,-558
103000135,439,225,214
103000136,507,459,48
103000137,336,509,-173
103000138,522,568,-46
103000139,4,43,-39
103000140,118,38,80
103000141,30,136,-106
103000142,117,110,7
103000143,35,163,-128
103000144,147,78,69
103000145,11,148,-137
103000150,109,57,52
103000152,184,246,-62
103000153,231,227,4
103000156,11,170,-159
103000157,385,2,383
103000159,133,66,67
103000162,29,21,8
103000163,13,25,-12
103000164,3,10,-7
103000165,55,155,-100
103000166,265,330,-65
103000167,213,131,82
103000168,124,95,29
103000169,190,398,-208
103000170,936,196,740
103000171,44,71,-27
103000172,698,167,531
103000173,788,204,584
103000174,270,161,109
103000175,320,137,183
103000176,654,608,46
103000177,313,295,18
103000178,131,187,-56
103000179,157,31,126
103000183,163,9,154
103000185,169,51,118
103000186,159,90,69
103000187,614,121,493
103000188,12,82,-70
103000189,616,470,146
103000191,512,458,54
103000292,485,1366,-881
103000293,537,2223,-1686
103000295,77,112,-35
103000296,112,7,105
103000297,16,68,-52
103000504,24,10,14
103000505,6,50,-44
103000506,1,118,-117
103000507,223,2,221
103000508,88,73,15
103000509,211,442,-231
103900001,37,79,-42
103900002,546,130,416
103900003,846,143,703
103900004,142,0,142
103900005,1,70,-69
103900006,8,4,4
103900007,128,1,127
103900008,12,1,11
103900009,350,396,-46
103900010,167,186,-19
103900011,435,66,369
103900012,7,34,-27
103900013,66,35,31
103900014,107,12,95
103900015,109,8,101
103900016,186,91,95
103900017,42,57,-15
103900018,393,85,308
103900019,53,330,-277
103900020,206,408,-202
103900021,138,30,108
103900022,782,538,244
103900023,174,2,172
103900024,59,168,-109
103900025,7,18,-11
103900026,20,0,20
103900027,559,179,380
103900028,25,260,-235
103900029,1184,181,1003
103900030,369,131,238
103900031,48,0,48
103900032,127,72,55
103900033,79,20,59
103900034,55,60,-5
103900035,34,55,-21
103900036,29,40,-11
103900037,115,48,67
103900038,87,186,-99
103900039,140,156,-16
103900040,14,66,-52
103900041,47,33,14
103900042,78,95,-17
103900043,210,50,160
103900044,41,368,-327
103900045,299,114,185
103900047,143,21,122
103900048,22,20,2
103900049,108,944,-836
103900050,12,163,-151
103900051,1,43,-42
103900052,198,176,22
103900053,378,274,104
103900054,150,164,-14
103900055,392,152,240
103900056,86,44,42
103900057,63,65,-2
103900058,317,272,45
103900059,0,24,-24
103900060,75,90,-15
103900061,200,41,159
103900062,387,108,279
103900063,5,0,5
103900064,192,6,186
103900065,479,356,123
103900066,226,54,172
103900067,178,10,168
103900068,3,0,3
103900069,60,13,47
103900070,101,159,-58
103900071,18,59,-41
103900072,23,87,-64
103900073,42,47,-5
103900074,77,30,47
103900075,250,49,201
103900076,675,292,383
103900077,37,147,-110
103900078,202,39,163
103900079,153,110,43
103900080,11,18,-7
103900081,59,52,7
103900082,21,112,-91
103900083,754,1188,-434
103900084,52,103,-51
103900085,58,141,-83
103900086,787,302,485
103900088,316,496,-180
103900089,59,133,-74
103900090,21,54,-33
103900091,842,150,692
103900092,573,236,337
103900093,44,195,-151
103900094,14,59,-45
103900095,173,141,32
103900096,53,80,-27
103900097,4,285,-281
103900098,302,95,207
103900099,105,57,48
103900100,221,182,39
103900101,82,827,-745
103900102,1,25,-24
103900104,2,10,-8
103900105,59,67,-8
103900106,0,40,-40
103900107,175,87,88
103900108,46,171,-125
103900109,145,42,103
103900110,181,37,144
103900111,141,216,-75
103900112,48,74,-26
103900113,72,221,-149
103900114,249,170,79
103900115,236,199,37
103900116,1616,2431,-815
103900117,109,36,73
103900119,38,80,-42
103900120,79,59,20
103900122,136,75,61
103900123,717,525,192
103900124,79,220,-141
103900125,131,56,75
103900126,524,199,325
103900127,175,194,-19
103900128,192,45,147
103900131,46,92,-46
103900133,870,30,840
103900134,2,15,-13
103900135,5,1,4
103900137,1,6,-5
103900138,117,62,55
103900139,197,2504,-2307
103900140,5,206,-201
103900141,180,43,137
103900142,255,46,209
103900143,208,1,207
103900144,0,13,-13
103900145,125,172,-47
103900146,247,157,90
103900147,334,98,236
103900148,267,130,137
103900149,326,197,129
103900150,3004,3999,-995
103900151,27,125,-98
103900152,691,164,527
103900153,8,6,2
103900154,347,1787,-1440
103900155,60,147,-87
103900156,139,81,58
103900157,97,51,46
103900158,138,55,83
103900159,143,30,113
103900160,56,33,23
103900161,61,165,-104
103900162,70,64,6
103900163,4,274,-270
103900167,13,103,-90
103900168,137,60,77
103900169,34,64,-30
103900170,0,37,-37
103900171,1,17,-16
103900172,1,15,-14
103900173,17,34,-17
103900174,231,41,190
103900175,42,79,-37
103900176,5,52,-47
103900177,22,52,-30
103900178,98,26,72
103900179,88,39,49
103900180,10,49,-39
103900181,36,35,1
103900182,35,11,24
103900184,252,155,97
103900185,78,447,-369
103900187,10,97,-87
103900188,84,52,32
103900189,148,8,140
103900190,86,53,33
103900191,23,43,-20
103900192,21,54,-33
103900193,75,126,-51
103900194,78,106,-28
103900195,4,129,-125
103900196,34,35,-1
103900197,22,15,7
103900198,17,21,-4
103900199,111,43,68
103900200,123,59,64
103900201,89,59,30
103900202,13,41,-28
103900203,43,34,9
103900204,5,37,-32
103900207,0,26,-26
103900208,156,1,155
103900209,4,73,-69
103900210,43,28,15
103900211,606,194,412
103900212,153,129,24
103900213,29,180,-151
103900214,199,198,1
103900215,150,247,-97
103900216,23,190,-167
103900217,215,44,171
103900218,1,164,-163
103900219,160,92,68
103900233,89,10,79
103900235,9,80,-71
103900236,4,5,-1
103900242,5,0,5
103900243,1,3,-2
103900244,123,145,-22
103900245,79,103,-24
103900246,31,18,13
103900247,20,60,-40
103900248,1,50,-49
103900249,4,19,-15
103900250,11,24,-13
103900251,1,22,-21
103900253,10,46,-36
103900254,0,18,-18
103900255,3,10,-7
103900256,7,7,0
103900257,63,76,-13
103900258,7,6,1
103900259,22,6,16
103900261,14,3,11
103900262,19,0,19
103900263,22,21,1
103900264,22,17,5
103900265,32,0,32
103900266,1,60,-59
103900267,5,47,-42
103900268,11,30,-19
103900269,148,16,132
103900270,83,55,28
103900271,95,66,29
103900272,77,16,61
103900273,22,5,17
103900274,128,2,126
103900275,72,7,65
103900276,4,28,-24
103900277,5,18,-13
103900278,1,20,-19
103900279,4,29,-25
103900280,1,19,-18
104000001,2331,1481,850
104000002,1374,1556,-182
104000003,1877,1556,321
104000004,1843,1701,142
104000005,1742,1531,211
104000006,2767,1901,866
104000007,2995,3538,-543
104000008,190,142,48
104000009,169,96,73
104000010,169,241,-72
104000011,297,176,121
104000012,116,210,-94
104000013,248,173,75
104000014,212,403,-191
104000015,300,125,175
104000016,415,271,144
104000018,888,174,714
104000019,612,237,375
104000020,110,302,-192
104000021,205,347,-142
104000022,181,204,-23
104000023,982,313,669
104000024,219,220,-1
104000026,36,254,-218
104000027,312,138,174
104000028,447,199,248
104000029,368,185,183
104000030,288,165,123
104000031,1051,344,707
104000032,181,187,-6
104000033,566,394,172
104000034,272,165,107
104000035,956,343,613
104000036,783,383,400
104000037,270,124,146
104000038,554,275,279
104000039,228,104,124
104000040,106,304,-198
104000041,646,253,393
104000042,141,178,-37
104000043,172,196,-24
104000044,209,290,-81
104000045,739,495,244
104000046,593,795,-202
104000047,499,630,-131
104000048,755,678,77
104000049,476,184,292
104000050,68,456,-388
104000051,111,453,-342
104000052,1364,1438,-74
104000053,764,413,351
104000054,480,164,316
104000055,2495,1662,833
104000056,641,236,405
104000057,198,209,-11
104000058,613,524,89
104000059,475,789,-314
104000060,900,1246,-346
104000061,844,633,211
104000062,293,89,204
104000064,574,204,370
104000065,137,480,-343
104000069,547,1171,-624
104000070,58,372,-314
104000071,95,271,-176
104000072,406,128,278
104000075,37,178,-141
104000076,429,38,391
104000082,1848,2843,-995
104000083,553,159,394
104000084,128,349,-221
104000085,301,242,59
104000086,194,300,-106
104000087,313,1296,-983
104000090,831,666,165
104000092,1185,931,254
104000094,678,795,-117
104000095,1621,1098,523
104000096,1396,76,1320
104000097,1750,418,1332
104000098,2308,439,1869
104000100,1552,447,1105
104000101,1013,907,106
104000106,22,433,-411
104000107,464,212,252
104000108,201,244,-43
104000109,249,93,156
104000110,572,595,-23
104000111,1626,1889,-263
104000112,745,355,390
104000116,0,516,-516
104000117,206,283,-77
104000118,754,107,647
104000119,574,209,365
104000120,216,319,-103
104000121,241,463,-222
104000122,689,644,45
104000123,616,538,78
104000124,389,929,-540
104000125,1832,3831,-1999
104000126,317,323,-6
104000127,957,1213,-256
104000128,479,170,309
104000129,334,19,315
104000130,5,179,-174
104000131,334,283,51
104000132,247,280,-33
104000133,1331,632,699
104000134,769,1138,-369
104000135,332,1333,-1001
104000136,521,2767,-2246
104000137,1396,311,1085
104000138,753,287,466
104000139,2710,1671,1039
104000141,610,622,-12
104000142,522,332,190
104000143,548,240,308
104000144,108,136,-28
104000145,313,194,119
104000146,188,435,-247
104000147,123,211,-88
104000148,414,148,266
104000149,165,119,46
104000150,828,398,430
104000151,284,171,113
104000152,427,321,106
104000153,540,430,110
104000154,622,320,302
104000155,427,619,-192
104000157,691,837,-146
104000158,170,373,-203
104000159,699,559,140
104000160,1411,1788,-377
104000161,155,161,-6
104000162,59,149,-90
104000165,525,614,-89
104000167,657,1178,-521
104000168,465,10,455
104000169,191,63,128
104000170,177,370,-193
104000248,290,317,-27
104000251,46,133,-87
104000272,0,0,0
104000273,0,0,0
104000274,0,0,0
104000275,0,0,0
104000279,539,382,157
104000290,49,155,-106
104000291,464,800,-336
104000293,750,599,151
104000294,66,1,65
104000295,457,487,-30
104000296,484,400,84
104000297,402,1431,-1029
104000298,1549,692,857
104000299,660,1063,-403
104900001,165,182,-17
104900002,43,154,-111
104900003,99,182,-83
104900004,66,97,-31
104900005,286,222,64
104900006,402,80,322
104900007,271,130,141
104900009,116,192,-76
104900010,45,59,-14
104900011,2,43,-41
104900012,208,31,177
104900013,123,12,111
104900014,1371,271,1100
104900015,80,8,72
104900016,221,194,27
104900017,146,148,-2
104900018,3,103,-100
104900019,198,3347,-3149
104900020,46,197,-151
104900021,1,57,-56
104900022,7,99,-92
104900023,1,21,-20
104900024,12,74,-62
104900025,71,130,-59
104900026,1,21,-20
104900027,495,319,176
104900028,26,45,-19
104900029,24,35,-11
104900030,410,212,198
104900031,66,189,-123
104900032,41,49,-8
104900033,128,199,-71
104900034,340,139,201
104900035,433,214,219
104900036,281,63,218
104900037,124,68,56
104900038,197,762,-565
104900039,294,309,-15
104900040,379,94,285
104900041,307,148,159
104900042,163,104,59
104900043,28,210,-182
104900044,765,150,615
104900045,417,85,332
104900046,210,69,141
104900047,346,117,229
104900048,287,46,241
104900049,41,27,14
104900050,265,56,209
104900051,280,38,242
104900052,91,10,81
104900053,390,83,307
104900054,172,18,154
104900055,130,0,130
104900056,185,24,161
104900057,39,1,38
104900058,342,100,242
104900059,109,85,24
104900060,2,265,-263
104900061,182,255,-73
104900063,0,104,-104
104900064,0,90,-90
104900065,1,156,-155
104900066,2,55,-53
104900067,8,233,-225
104900068,21,132,-111
104900070,129,174,-45
104900071,0,379,-379
104900072,49,155,-106
104900073,26,66,-40
104900074,44,103,-59
104900075,22,17,5
104900076,80,117,-37
104900077,280,187,93
104900078,161,203,-42
104900079,40,587,-547
104900080,107,370,-263
104900082,6,327,-321
104900085,3,138,-135
104900087,354,7,347
104900089,236,0,236
104900090,846,741,105
104900091,456,382,74
104900093,146,265,-119
104900097,1231,1997,-766
104900098,150,29,121
104900099,86,513,-427
104900100,246,144,102
104900102,42,66,-24
104900103,244,37,207
104900104,1498,1573,-75
104900106,139,71,68
104900107,79,112,-33
104900108,27,89,-62
104900109,89,140,-51
104900110,23,60,-37
104900111,155,40,115
104900112,218,244,-26
104900113,703,187,516
104900114,270,190,80
104900115,731,171,560
104900116,390,86,304
104900118,16,12,4
104900119,3,33,-30
104900120,21,324,-303
104900121,0,15,-15
104900122,1,14,-13
104900123,87,27,60
104900124,31,0,31
104900125,458,7,451
104900126,36,21,15
104900127,24,50,-26
104900128,74,92,-18
104900129,802,1994,-1192
105000001,2433,1147,1286
105000002,1976,1191,785
105000003,2658,2547,111
105000004,573,570,3
105000005,931,888,43
105000006,1168,1466,-298
105000007,1352,1708,-356
105000008,1021,3242,-2221
105000009,2575,3021,-446
105000010,2342,1132,1210
105000011,3523,2843,680
105000012,2696,1684,1012
105000013,878,1130,-252
105000014,2366,2969,-603
105000015,7206,12691,-5485
105000016,1075,1272,-197
105000017,1116,546,570
105000018,862,1399,-537
105000019,854,877,-23
105000020,98,466,-368
105000021,174,118,56
105000022,162,125,37
105000023,591,260,331
105000028,47,79,-32
105000029,579,1277,-698
105000030,2495,1575,920
105000031,12,22,-10
105000033,722,1047,-325
105000034,116,973,-857
105000037,569,230,339
105000038,1005,1474,-469
105000039,1373,756,617
105000040,974,1058,-84
105000041,420,723,-303
105000042,1993,1534,459
105000043,1008,1127,-119
105000044,584,388,196
105000045,264,316,-52
105000046,935,295,640
105000047,422,638,-216
105000048,531,184,347
105000049,187,322,-135
105000050,672,359,313
105000051,114,263,-149
105000052,658,706,-48
105000053,65,120,-55
105000054,387,649,-262
105000055,700,347,353
105000056,1482,1505,-23
105000057,1144,457,687
105000058,1010,700,310
105000059,643,432,211
105000060,446,396,50
105000061,732,409,323
105000062,423,484,-61
105000063,276,254,22
105000064,1594,595,999
105000065,368,359,9
105000066,769,817,-48
105000067,1252,708,544
105000068,252,526,-274
105000069,1019,1816,-797
105000070,277,881,-604
105000071,182,931,-749
105000072,982,2383,-1401
105000073,778,587,191
105000074,643,443,200
105000075,350,464,-114
105000076,846,609,237
105000077,1679,816,863
105000078,806,1009,-203
105000079,908,2920,-2012
105000080,1374,1191,183
105000081,2145,1325,820
105000082,667,2198,-1531
105000083,2859,3606,-747
105000084,452,503,-51
105000085,1637,2087,-450
105000086,670,735,-65
105000087,1067,1241,-174
105000088,1172,1470,-298
105000089,1708,1307,401
105000090,689,574,115
105000091,728,1112,-384
105000092,572,652,-80
105000093,192,266,-74
105000094,235,175,60
105000095,84,437,-353
105000096,1162,1246,-84
105000097,630,683,-53
105000098,828,597,231
105000099,623,612,11
105000100,1398,906,492
105000101,1875,1326,549
105000102,1339,1232,107
105000103,1018,1562,-544
105000104,2118,757,1361
105000105,911,1180,-269
105000106,1097,980,117
105000107,1465,609,856
105000108,1543,902,641
105000109,1493,933,560
105000110,773,292,481
105000111,903,480,423
105000112,1023,374,649
105000113,385,573,-188
105000114,1282,1040,242
105000115,319,1100,-781
105000116,755,406,349
105000117,850,420,430
105000118,533,348,185
105000119,453,439,14
105000120,1095,429,666
105000121,722,494,228
105000122,390,539,-149
105000123,742,634,108
105000124,1902,569,1333
105000125,713,990,-277
105000126,2013,984,1029
105000127,2151,1397,754
105000128,685,710,-25
105000129,777,158,619
105000130,231,2946,-2715
105000131,461,221,240
105000132,971,649,322
105000133,470,587,-117
105000134,853,450,403
105000135,324,351,-27
105000136,129,188,-59
105000137,625,164,461
105000138,147,234,-87
105000139,763,531,232
105000140,469,360,109
105000141,393,314,79
105000142,220,339,-119
105000143,169,379,-210
105000144,255,429,-174
105000145,738,250,488
105000146,352,469,-117
105000147,611,290,321
105000148,917,480,437
105000149,2389,1696,693
105000150,1088,782,306
105000151,423,291,132
105000152,174,284,-110
105000153,553,513,40
105000154,534,340,194
105000155,337,663,-326
105000156,484,360,124
105000157,700,1073,-373
105000158,1527,638,889
105000159,278,693,-415
105000160,2176,562,1614
105000161,557,799,-242
105000162,531,1658,-1127
105000163,821,630,191
105000164,130,204,-74
105000165,551,5284,-4733
105000166,3112,1118,1994
105000167,957,1817,-860
105000168,424,316,108
105000169,563,154,409
105000170,246,1047,-801
105000171,941,148,793
105000172,121,19,102
105000173,225,56,169
105000174,72,60,12
105000175,91,61,30
105000176,461,69,392
105000177,316,185,131
105000178,249,187,62
105000179,783,101,682
105000180,171,61,110
105000181,138,116,22
105000182,36,35,1
105000183,1433,1757,-324
105000184,947,993,-46
105000185,1016,1124,-108
105000186,328,519,-191
105000187,670,166,504
105000188,137,148,-11
105000189,112,420,-308
105000190,278,260,18
105000191,281,264,17
105000192,242,51,191
105000193,59,76,-17
105000194,666,135,531
105000195,230,467,-237
105000196,97,308,-211
105000197,247,427,-180
105000198,362,234,128
105000199,182,704,-522
105000200,115,332,-217
105000201,63,60,3
105000203,15,128,-113
105000204,84,44,40
105000205,63,137,-74
105000207,215,114,101
105000208,152,492,-340
105000209,213,198,15
105000211,319,11,308
105000212,1021,563,458
105000213,93,241,-148
105000214,149,196,-47
105000215,251,121,130
105000216,129,133,-4
105000217,134,145,-11
105000218,1484,913,571
105000221,150,124,26
105000222,674,231,443
105000223,336,160,176
105000226,74,89,-15
105000227,47,57,-10
105000228,122,1779,-1657
105000229,149,430,-281
105000231,322,278,44
105000233,863,618,245
105000234,496,699,-203
105000235,354,476,-122
105000237,686,35,651
105000243,28,22,6
105000248,43,68,-25
105000262,371,567,-196
105000269,126,131,-5
105000270,485,25,460
105000271,0,84,-84
105000282,57,31,26
105000287,227,81,146
105000288,690,682,8
105000289,1662,1780,-118
105000290,14,9,5
105000402,2062,3379,-1317
105000426,271,398,-127
105000438,2733,1468,1265
105000440,31,18,13
105000446,5353,3863,1490
105000447,2474,1393,1081
105000454,567,322,245
105000455,179,123,56
105000474,77,3,74
105000477,538,574,-36
105000478,1778,4546,-2768
105000479,82,128,-46
105000480,6537,7595,-1058
105000481,4160,3434,726
105000482,2893,4909,-2016
105000483,1713,2309,-596
105000484,1304,2085,-781
105000485,1199,3002,-1803
105000486,1803,1993,-190
105000488,6114,3003,3111
105000489,779,580,199
105000549,137,145,-8
105000550,341,1000,-659
105000551,41,93,-52
105000552,1576,998,578
105000555,755,1033,-278
105000556,42,13,29
105000557,35,124,-89
105900001,2,1857,-1855
105900002,665,630,35
105900003,27,100,-73
105900004,149,95,54
105900005,9,215,-206
105900006,16,81,-65
105900007,76,28,48
105900008,135,348,-213
105900009,16,13,3
105900011,100,29,71
105900012,280,56,224
105900013,6,31,-25
105900014,8,27,-19
105900015,71,297,-226
105900016,377,251,126
105900017,1402,30,1372
105900018,240,140,100
105900019,30,130,-100
105900020,54,49,5
105900021,19,285,-266
105900022,185,84,101
105900023,5,87,-82
105900024,4,224,-220
105900025,235,6,229
105900026,118,10,108
105900027,9231,5155,4076
105900028,532,393,139
105900029,1534,310,1224
105900030,215,210,5
105900031,261,160,101
105900032,110,128,-18
105900033,42,107,-65
105900034,242,108,134
105900035,164,119,45
105900036,110,73,37
105900037,102,41,61
105900038,156,183,-27
105900039,115,85,30
105900040,53,87,-34
105900041,140,86,54
105900042,85,156,-71
105900043,755,46,709
105900044,5,248,-243
105900045,1,662,-661
105900046,5,193,-188
105900047,11,26,-15
105900048,91,345,-254
105900050,4324,5657,-1333
105900051,68,868,-800
105900052,437,242,195
105900053,1915,2899,-984
105900054,243,147,96
105900056,403,308,95
105900057,14,106,-92
105900058,23,12,11
105900059,0,52,-52
106000001,2097,1880,217
106000002,903,3115,-2212
106000003,2293,2881,-588
106000004,972,1507,-535
106000005,3397,3634,-237
106000006,3737,1800,1937
106000007,443,392,51
106000008,359,235,124
106000009,529,273,256
106000010,415,359,56
106000011,1206,887,319
106000012,827,851,-24
106000013,1683,1451,232
106000014,1245,944,301
106000015,1838,1062,776
106000016,916,1137,-221
106000017,428,541,-113
106000018,375,270,105
106000019,371,430,-59
106000020,336,416,-80
106000021,266,405,-139
106000022,327,366,-39
106000023,546,220,326
106000024,373,334,39
106000025,110,167,-57
106000026,77,148,-71
106000027,1531,1127,404
106000028,539,263,276
106000029,658,651,7
106000030,277,432,-155
106000034,162,350,-188
106000035,999,1941,-942
106000036,138,322,-184
106000037,1180,1021,159
106000038,88,90,-2
106000039,75,67,8
106000040,88,733,-645
106000041,572,367,205
106000043,360,191,169
106000046,239,48,191
106000047,37,407,-370
106000049,1039,158,881
106000050,217,383,-166
106000051,746,514,232
106000052,89,297,-208
106000053,457,137,320
106000054,233,212,21
106000055,882,582,300
106000056,223,202,21
106000057,504,231,273
106000058,120,105,15
106000059,380,289,91
106000060,224,286,-62
106000061,202,462,-260
106000062,107,267,-160
106000063,762,516,246
106000064,35,156,-121
106000065,296,220,76
106000066,117,238,-121
106000067,499,64,435
106000068,66,407,-341
106000069,279,59,220
106000070,364,395,-31
106000071,855,256,599
106000072,1778,1136,642
106000073,1151,3045,-1894
106000074,614,582,32
106000075,280,984,-704
106000076,1352,1312,40
106000077,2257,922,1335
106000078,918,609,309
106000079,706,566,140
106000080,1052,388,664
106000081,656,775,-119
106000082,1574,651,923
106000083,388,1115,-727
106000084,843,500,343
106000085,1039,1128,-89
106000086,532,625,-93
106000087,797,412,385
106000088,363,568,-205
106000089,881,233,648
106000090,307,450,-143
106000091,274,317,-43
106000092,491,190,301
106000093,340,121,219
106000094,99,191,-92
106000095,878,468,410
106000096,878,420,458
106000097,1051,471,580
106000098,736,537,199
106000099,168,636,-468
106000100,1137,114,1023
106000101,761,268,493
106000102,172,613,-441
106000103,239,396,-157
106000104,754,295,459
106000105,390,405,-15
106000106,655,291,364
106000107,150,154,-4
106000108,361,182,179
106000109,201,164,37
106000110,296,149,147
106000111,175,184,-9
106000112,218,425,-207
106000113,456,357,99
106000114,372,577,-205
106000115,198,224,-26
106000116,353,195,158
106000117,678,444,234
106000118,1080,1061,19
106000119,745,422,323
106000120,845,1154,-309
106000121,188,126,62
106000122,156,116,40
106000123,508,83,425
106000124,82,96,-14
106000125,31,140,-109
106000126,278,75,203
106000127,1023,468,555
106000128,857,171,686
106000129,466,322,144
106000130,921,275,646
106000131,124,616,-492
106000132,504,178,326
106000133,1143,972,171
106000134,317,1783,-1466
106000135,134,383,-249
106000136,542,888,-346
106000137,55,372,-317
106000138,1291,81,1210
106000139,32,72,-40
106000140,31,44,-13
106000141,77,33,44
106000142,106,57,49
106000143,23,43,-20
106000144,42,51,-9
106000145,283,100,183
106000146,431,96,335
106000147,286,244,42
106000148,313,417,-104
106000149,617,275,342
106000150,466,1545,-1079
106000151,2109,443,1666
106000152,693,1549,-856
106000153,64,743,-679
106000154,838,149,689
106000155,114,217,-103
106000156,883,180,703
106000157,472,1102,-630
106000158,1217,713,504
106000159,1514,1520,-6
106000160,419,2395,-1976
106000161,977,180,797
106000162,276,883,-607
106000163,331,191,140
106000164,471,164,307
106000165,156,279,-123
106000166,795,214,581
106000167,390,535,-145
106000168,624,168,456
106000169,212,318,-106
106000170,922,144,778
106000171,169,833,-664
106000172,2120,1097,1023
106000173,1001,1679,-678
106000174,931,344,587
106000175,233,440,-207
106000176,1536,828,708
106000177,743,1418,-675
106000178,2455,1144,1311
106000179,691,1079,-388
106000180,477,578,-101
106000181,872,982,-110
106000182,1381,552,829
106000183,1545,406,1139
106000184,1791,425,1366
106000185,981,949,32
106000186,440,70,370
106000187,113,734,-621
106000188,1,1,0
106000189,11,35,-24
106000190,20,0,20
106000191,571,107,464
106000192,1,13,-12
106000193,264,153,111
106000194,91,235,-144
106000195,365,106,259
106000196,103,373,-270
106000197,587,255,332
106000198,177,165,12
106000199,528,612,-84
106000200,162,191,-29
106000201,279,2613,-2334
106000202,1736,415,1321
106000203,20,111,-91
106000204,76,6,70
106000205,6,74,-68
106000206,77,13,64
106000207,35,312,-277
106000208,1232,150,1082
106000209,1355,351,1004
106000210,230,429,-199
106000211,179,639,-460
106000212,714,426,288
106000213,252,1194,-942
106000214,1230,418,812
106000215,345,317,28
106000216,431,280,151
106000217,215,215,0
106000218,412,279,133
106000219,159,211,-52
106000220,443,189,254
106000221,210,132,78
106000222,53,91,-38
106000223,341,119,222
106000224,281,95,186
106000225,114,128,-14
106000226,106,130,-24
106000228,86,80,6
106000229,87,522,-435
106000231,871,99,772
106000232,93,200,-107
106000233,521,41,480
106000234,40,228,-188
106000235,483,160,323
106000236,176,261,-85
106000237,5,15,-10
106000238,132,39,93
106000239,2,116,-114
106000240,39,5,34
106000241,15,430,-415
106000242,368,31,337
106000249,52,35,17
106000250,85,373,-288
106000251,133,24,109
106000252,27,51,-24
106000253,35,67,-32
106000254,41,19,22
106000255,17,108,-91
106000256,27,17,10
106000257,158,189,-31
106000258,226,25,201
106000259,0,80,-80
106000260,35,5,30
106000261,1,68,-67
106000262,64,5,59
106000263,15,33,-18
106000264,120,11,109
106000265,9,63,-54
106000266,124,20,104
106000267,13,67,-54
106000268,249,43,206
106000269,48,18,30
106000270,103,251,-148
106000271,81,108,-27
106000272,205,35,170
106000273,6,174,-168
106000274,105,25,80
106000275,173,182,-9
106000276,74,26,48
106000277,78,193,-115
106000278,114,24,90
106000279,15,22,-7
106000280,79,45,34
106000281,76,59,17
106000282,65,37,28
106000283,135,47,88
106000284,89,56,33
106000285,104,71,33
106000286,65,92,-27
106000287,97,78,19
106000288,82,93,-11
106000289,78,97,-19
106000290,64,75,-11
106000291,87,102,-15
106000292,58,75,-17
106000293,121,117,4
106000294,122,91,31
106000295,51,38,13
106000296,23,84,-61
106000297,44,179,-135
106000298,105,87,18
106000299,57,101,-44
106000300,61,99,-38
106000301,47,81,-34
106000303,30,53,-23
106000304,27,22,5
106000305,43,31,12
106000306,45,53,-8
106000307,71,20,51
106000308,52,54,-2
106000309,17,31,-14
106000310,283,230,53
106000311,346,168,178
106000312,127,83,44
106000313,334,133,201
106000318,46,363,-317
106000319,978,310,668
106000320,5,62,-57
106000321,163,149,14
106000322,178,92,86
106000324,17,138,-121
106000325,1683,778,905
106000326,837,955,-118
106000327,276,54,222
106000328,29,105,-76
106000329,158,133,25
106000330,50,55,-5
106000428,115,166,-51
106000429,121,282,-161
106000430,305,816,-511
106000431,1846,341,1505
106000432,1193,2007,-814
106000433,2246,1219,1027
106000434,2998,1285,1713
106000435,872,1730,-858
106000436,54,114,-60
106000437,293,49,244
106000438,359,164,195
106000439,64,305,-241
106000440,204,437,-233
106000441,1,0,1
106000442,206,6,200
106000443,233,118,115
106000450,4,51,-47
106000451,21,68,-47
106000454,2,143,-141
106000455,7,96,-89
106000456,70,32,38
106000457,13,401,-388
106000458,972,24,948
106000459,156,106,50
106000460,1411,15,1396
106000461,159,331,-172
106000462,0,38,-38
106000463,2,4,-2
106000464,7,173,-166
106000465,761,4,757
106000466,2,194,-192
106000467,156,250,-94
106000468,71,90,-19
106000469,49,0,49
106000470,206,1595,-1389
106000471,15,310,-295
106000472,125,15,110
106000473,22,10,12
106000474,347,385,-38
106000475,272,126,146
106000476,144,242,-98
106000477,26,62,-36
106000480,0,310,-310
106900001,0,15,-15
106900002,1,181,-180
106900003,103,846,-743
106900004,1,17,-16
106900006,0,12,-12
106900007,0,6,-6
106900008,332,75,257
106900009,319,130,189
106900010,226,198,28
106900012,868,2068,-1200
106900013,449,205,244
106900014,50,2,48
106900015,15,2,13
106900016,372,15,357
106900017,9,2,7
106900018,2,0,2
106900019,66,1,65
106900020,1680,1441,239
106900021,250,179,71
106900022,880,1,879
106900023,29,190,-161
106900024,480,69,411
106900025,46,439,-393
106900026,0,201,-201
106900027,862,2,860
107000001,2846,3836,-990
107000002,1495,2377,-882
107000003,5859,5501,358
107000004,2975,1916,1059
107000005,5441,5041,400
107000006,2790,1589,1201
107000007,4834,7559,-2725
107000008,4662,3633,1029
107000009,7515,7101,414
107000010,5556,4601,955
107000011,670,707,-37
107000012,2570,1730,840
107000013,111,37,74
107000014,40,100,-60
107000015,436,412,24
107000016,706,354,352
107000017,952,2552,-1600
107000018,5,1758,-1753
107000020,710,2661,-1951
107000021,893,358,535
107000022,642,1650,-1008
107000023,1416,145,1271
107000024,600,929,-329
107000025,127,235,-108
107000026,357,245,112
107000027,1349,780,569
107000028,1170,653,517
107000029,3017,2600,417
107000030,1864,1487,377
107000031,4155,2282,1873
107000032,372,568,-196
107000033,1893,2412,-519
107000034,3215,869,2346
107000035,339,137,202
107000036,341,878,-537
107000037,105,596,-491
107000038,164,125,39
107000039,904,707,197
107000040,194,178,16
107000041,1166,563,603
107000042,499,1579,-1080
107000043,1651,932,719
107000044,306,190,116
107000045,66,180,-114
107000046,646,339,307
107000047,398,495,-97
107000048,627,259,368
107000049,530,537,-7
107000050,990,493,497
107000051,209,263,-54
107000052,917,1004,-87
107000053,354,250,104
107000054,46,164,-118
107000055,401,141,260
107000056,377,551,-174
107000057,1295,227,1068
107000058,1888,2070,-182
107000059,1481,1961,-480
107000060,4616,4640,-24
107000061,3337,2180,1157
107000062,5074,2571,2503
107000063,3397,2766,631
107000064,4674,2301,2373
107000065,2434,2628,-194
107000066,1595,2648,-1053
107000067,1150,1676,-526
107000068,815,1027,-212
107000069,899,552,347
107000070,1055,36,1019
107000071,3708,71,3637
107000072,31,1418,-1387
107000073,896,448,448
107000074,104,524,-420
107000075,1700,544,1156
107000076,400,753,-353
107000077,3578,1432,2146
107000078,1838,1618,220
107000079,2326,1124,1202
107000080,779,1695,-916
107000081,2216,635,1581
107000082,479,713,-234
107000083,1287,459,828
107000084,250,883,-633
107000085,2683,2591,92
107000086,2389,2273,116
107000087,2844,2010,834
107000088,2543,2362,181
107000089,1801,1429,372
107000090,904,641,263
107000091,1630,807,823
107000092,776,658,118
107000093,1295,712,583
107000094,688,860,-172
107000095,816,554,262
107000096,391,499,-108
107000097,745,251,494
107000098,413,320,93
107000099,331,245,86
107000100,183,202,-19
107000101,85,139,-54
107000102,162,202,-40
107000103,273,181,92
107000104,114,174,-60
107000105,304,241,63
107000106,260,162,98
107000107,567,110,457
107000108,130,304,-174
107000109,675,127,548
107000110,54,281,-227
107000111,425,37,388
107000112,54,161,-107
107000113,741,103,638
107000114,88,311,-223
107000115,658,213,445
107000116,105,419,-314
107000117,150,806,-656
107000118,94,114,-20
107000119,1186,1548,-362
107000120,640,513,127
107000121,958,619,339
107000122,978,504,474
107000123,582,472,110
107000124,514,419,95
107000125,1095,530,565
107000126,996,373,623
107000129,174,393,-219
107000130,596,234,362
107000131,346,379,-33
107000132,486,255,231
107000133,269,96,173
107000134,234,1,233
107000135,2,345,-343
107000136,548,8,540
107000137,9,434,-425
107000138,160,30,130
107000139,10,488,-478
107000140,1596,83,1513
107000141,149,562,-413
107000142,494,92,402
107000143,60,510,-450
107000144,644,430,214
107000145,133,313,-180
107000146,156,259,-103
107000147,3462,877,2585
107000150,376,2483,-2107
107000151,21,45,-24
107000152,644,1541,-897
107000153,103,226,-123
107000154,80,313,-233
107000155,794,8,786
107000156,1011,41,970
107000157,53,590,-537
107000158,838,34,804
107000159,37,373,-336
107000160,1361,151,1210
107000161,78,605,-527
107000162,273,530,-257
107000163,141,2,139
107000164,784,1,783
107000165,1190,4,1186
107000166,45,445,-400
107000167,624,244,380
107000168,1008,485,523
107000169,539,470,69
107000170,2665,599,2066
107000171,604,806,-202
107000172,1188,1562,-374
107000173,414,438,-24
107000174,1111,4930,-3819
107000175,3210,899,2311
107000176,0,0,0
107000177,2,2,0
107000178,15,14,1
107000179,336,1043,-707
107000180,1393,210,1183
107000181,460,546,-86
107000182,2057,667,1390
107000183,168,414,-246
107000184,1206,460,746
107000185,397,825,-428
107000186,1026,370,656
107000187,1300,1079,221
107000188,646,490,156
107000189,517,708,-191
107000190,667,525,142
107000191,884,827,57
107000192,1486,463,1023
107000193,405,397,8
107000194,623,505,118
107000197,832,228,604
107000198,322,480,-158
107000199,969,493,476
107000200,433,481,-48
107000201,465,388,77
107000202,319,349,-30
107000203,924,1443,-519
107000204,899,1635,-736
107000205,1320,722,598
107000206,423,1817,-1394
107000207,481,1339,-858
107000208,516,555,-39
107000209,928,1200,-272
107000210,252,201,51
107000211,4,73,-69
107000212,13,198,-185
107000213,4,43,-39
107000214,13,88,-75
107000215,498,222,276
107000216,446,205,241
107000217,246,62,184
107000219,99,258,-159
107000220,190,82,108
107000222,227,314,-87
107000224,526,53,473
107000225,140,224,-84
107000226,638,73,565
107000227,76,116,-40
107000228,350,476,-126
107000229,86,85,1
107000230,941,362,579
107000231,671,1672,-1001
107000232,166,26,140
107000233,444,887,-443
107000234,0,59,-59
107000235,79,38,41
107000236,14,331,-317
107000237,44,1,43
107000238,70,5,65
107000239,2086,397,1689
107000240,95,406,-311
107000243,0,61,-61
107000244,6,75,-69
107000246,4,1006,-1002
107000249,3,1151,-1148
107000251,5,521,-516
107000252,2,444,-442
107000255,191,122,69
107000257,4,392,-388
107000258,0,108,-108
107000259,4,100,-96
107000260,1584,19,1565
107000262,7,243,-236
107000263,265,4,261
107000266,16,8,8
107000267,24,45,-21
107000268,129,67,62
107000269,63,5,58
107000270,338,89,249
107000271,4,0,4
107000272,176,2,174
107000273,7,300,-293
107000274,759,316,443
107000275,60,1811,-1751
107000280,1167,24,1143
107000281,23,323,-300
107000282,74,384,-310
107000290,19,35,-16
107000291,21,7,14
107000292,1,318,-317
107000293,31,7,24
107000294,0,54,-54
107000295,21,3,18
107000296,0,8,-8
107000444,231,3,228
107000496,4,4,0
107000497,1128,1078,50
107000500,341,150,191
107000501,80,113,-33
107000502,138,185,-47
107000505,236,557,-321
107000506,0,0,0
107000508,3,263,-260
107000509,159,516,-357
107000510,44,45,-1
107000514,51,279,-228
107000515,9,83,-74
107000516,485,273,212
107000518,1187,1424,-237
107000519,902,500,402
107000520,70,31,39
107000521,702,241,461
107000522,1092,421,671
107900001,78,69,9
107900002,71,10,61
107900003,617,23,594
107900004,17,1,16
107900005,1594,4,1590
107900006,184,2,182
107900007,392,39,353
107900008,72,12,60
107900009,167,12,155
107900010,63,9,54
107900012,223,45,178
107900013,165,18,147
107900014,58,3,55
107900015,1030,14,1016
107900016,278,67,211
107900017,21,1,20
107900018,78,193,-115
107900019,23,21,2
107900020,85,24,61
107900021,98,55,43
107900023,2,3,-1
107900024,1,10,-9
107900025,217,166,51
107900026,65,15,50
107900027,11,25,-14
107900028,109,55,54
107900030,177,42,135
107900031,78,52,26
107900032,13,3,10
107900033,26,13,13
107900034,337,18,319
107900035,1014,56,958
107900036,70,30,40
107900037,1,15,-14
107900038,64,264,-200
107900039,42,17,25
107900040,10,203,-193
107900041,2,1,1
107900043,101,44,57
107900044,14,8,6
107900045,117,58,59
107900046,172,161,11
107900047,34,24,10
107900048,210,9,201
107900049,237,726,-489
107900050,71,166,-95
107900051,75,35,40
107900052,24,47,-23
107900053,43,39,4
107900055,466,239,227
107900056,104,60,44
107900057,3,0,3
107900058,18,378,-360
107900060,5,54,-49
107900061,9,10,-1
107900063,96,133,-37
107900064,166,188,-22
107900065,256,12,244
107900066,34,6,28
107900067,2,0,2
107900068,77,945,-868
107900069,21,2211,-2190
107900070,161,61,100
107900071,16,288,-272
107900072,133,111,22
107900073,109,54,55
107900074,382,326,56
107900076,147,33,114
107900077,149,7,142
107900079,10,34,-24
107900080,259,862,-603
107900081,67,51,16
107900082,5,17,-12
107900083,326,189,137
107900084,80,67,13
107900086,90,192,-102
107900087,289,161,128
107900088,48,15,33
107900089,184,709,-525
107900090,372,1911,-1539
107900091,99,136,-37
107900093,54,39,15
107900095,1618,1733,-115
107900097,27,61,-34
107900098,66,121,-55
107900100,624,1212,-588
107900101,533,106,427
107900102,23,0,23
107900103,68,126,-58
107900104,147,8,139
107900105,7,143,-136
107900106,8,407,-399
107900107,718,435,283
107900108,145,90,55
107900109,1809,77,1732
107900110,50,34,16
107900111,7,301,-294
107900112,52,358,-306
107900113,210,32,178
107900114,292,51,241
107900115,0,35,-35
107900116,194,68,126
107900117,172,155,17
107900118,58,61,-3
107900119,53,192,-139
107900120,32,27,5
107900121,3,79,-76
107900122,2,84,-82
107900123,3,24,-21
107900124,7,21,-14
107900125,5,173,-168
107900126,17,40,-23
107900127,369,348,21
107900128,55,66,-11
107900129,64,24,40
107900130,99,10,89
107900131,217,420,-203
107900132,65,153,-88
107900133,2,63,-61
107900134,23,134,-111
107900135,5,109,-104
107900136,27,29,-2
107900137,95,97,-2
107900138,43,45,-2
107900139,54,19,35
107900141,24,38,-14
107900142,30,317,-287
107900143,36,17,19
107900144,4,93,-89
107900145,21,50,-29
107900146,39,85,-46
107900147,28,54,-26
107900148,148,58,90
107900149,337,96,241
107900150,36,235,-199
107900151,30,50,-20
107900152,10,88,-78
107900153,77,265,-188
107900154,39,25,14
107900155,93,47,46
107900156,3,135,-132
107900157,30,33,-3
107900158,804,23,781
107900159,21,274,-253
107900160,221,150,71
107900161,51,49,2
107900162,0,33,-33
107900163,20,54,-34
107900164,11,22,-11
107900165,14,104,-90
107900166,18,66,-48
107900167,6,42,-36
107900168,49,16,33
107900169,7,434,-427
107900171,4,431,-427
107900172,2,169,-167
107900173,29,46,-17
107900174,215,2,213
107900175,15,33,-18
107900176,27,16,11
107900177,0,71,-71
107900178,0,135,-135
107900179,18,92,-74
107900180,370,805,-435
107900181,176,140,36
107900182,1,401,-400
107900183,44,124,-80
107900184,94,115,-21
107900185,173,3,170
107900186,17,27,-10
107900187,5,95,-90
107900188,349,137,212
107900189,16,92,-76
107900190,27,127,-100
107900191,42,65,-23
107900193,4,53,-49
107900194,215,8,207
107900195,934,218,716
107900196,81,66,15
107900197,256,321,-65
107900199,0,422,-422
107900201,75,80,-5
107900203,22,37,-15
107900204,135,165,-30
107900206,883,448,435
107900207,7,267,-260
107900208,4,239,-235
107900209,211,111,100
107900210,55,64,-9
107900213,269,343,-74
107900214,14,57,-43
107900215,101,362,-261
107900216,149,40,109
107900217,16,89,-73
107900218,15,1051,-1036
107900219,31,37,-6
107900220,105,199,-94
107900221,98,163,-65
107900223,92,227,-135
107900224,58,337,-279
107900225,4,306,-302
107900226,89,65,24
107900227,91,255,-164
107900228,31,81,-50
107900229,1,93,-92
107900230,19,36,-17
107900231,24,107,-83
107900232,103,71,32
107900233,7,92,-85
107900234,103,68,35
107900235,10,81,-71
107900236,230,36,194
107900237,21,207,-186
107900238,38,46,-8
107900239,376,416,-40
107900240,32,45,-13
107900241,15,51,-36
107900242,27,77,-50
107900243,3,49,-46
107900244,334,5,329
107900245,684,28,656
107900246,245,26,219
107900248,190,124,66
107900249,858,39,819
107900250,5,161,-156
107900251,53,566,-513
107900252,757,21,736
107900253,186,4,182
107900254,46,188,-142
107900255,190,95,95
107900256,615,927,-312
107900257,245,91,154
107900258,80,82,-2
107900259,74,2254,-2180
107900261,1,122,-121
107900262,24,51,-27
107900264,323,5,318
107900265,170,68,102
107900267,351,3,348
107900268,13,2,11
107900269,0,1,-1
107900270,0,0,0
107900271,2,14,-12
107900272,55,28,27
107900273,79,45,34
107900274,115,0,115
107900275,39,1,38
107900276,0,62,-62
107900277,1,133,-132
107900278,357,191,166
107900279,65,127,-62
107900280,1991,1554,437
107900281,490,3192,-2702
107900282,32,435,-403
107900283,578,565,13
107900284,577,380,197
107900285,148,39,109
107900286,60,64,-4
107900287,279,152,127
107900290,1,225,-224
107900291,560,31,529
107900292,77,78,-1
107900293,60,202,-142
107900295,44,32,12
107900297,8,236,-228
107900298,530,452,78
107900299,1854,2384,-530
107900301,624,707,-83
107900302,83,31,52
107900303,208,118,90
107900304,391,162,229
107900305,310,21,289
107900306,7,47,-40
107900307,52,219,-167
107900308,188,133,55
107900309,64,0,64
107900310,84,0,84
107900311,4,329,-325
107900312,51,0,51
107900313,0,77,-77
107900314,2,42,-40
107900315,0,64,-64
107900316,13,1,12
107900317,78,3,75
107900318,8,141,-133
107900319,4,58,-54
107900320,1,62,-61
107900321,172,0,172
107900322,0,57,-57
107900323,6,69,-63
107900324,105,3,102
107900325,132,0,132
107900326,379,111,268
107900327,0,83,-83
107900328,54,0,54
107900329,23,94,-71
107900330,7,113,-106
107900331,356,13,343
107900332,455,19,436
107900333,87,36,51
107900334,11,41,-30
107900335,39,23,16
107900336,43,71,-28
107900337,462,949,-487
107900338,5,83,-78
107900339,1,21,-20
107900340,0,50,-50
107900341,45,1,44
107900342,143,71,72
107900343,41,4,37
107900344,14,46,-32
107900345,100,20,80
107900346,14,4,10
107900347,17,3,14
107900348,1,1,0
107900349,34,12,22
107900350,16,156,-140
107900351,3,56,-53
107900352,1,10,-9
107900353,18,5,13
107900354,8,18,-10
108000001,3017,3245,-228
108000002,1479,1352,127
108000003,2813,2969,-156
108000004,8007,8825,-818
108000005,6650,5768,882
108000006,4772,4519,253
108000007,4325,3441,884
108000008,2931,3584,-653
108000009,3661,4017,-356
108000010,2277,2591,-314
108000011,10507,10088,419
108000012,9217,8594,623
108000014,490,1115,-625
108000015,786,177,609
108000016,269,752,-483
108000017,1016,292,724
108000018,1722,467,1255
108000019,1144,612,532
108000020,1139,410,729
108000021,249,1150,-901
108000022,313,828,-515
108000023,1171,177,994
108000024,243,301,-58
108000025,258,144,114
108000026,957,250,707
108000027,643,426,217
108000028,874,151,723
108000029,541,460,81
108000030,497,146,351
108000031,128,335,-207
108000032,1822,539,1283
108000033,648,643,5
108000034,1646,354,1292
108000035,535,1230,-695
108000036,312,566,-254
108000037,1702,301,1401
108000038,2442,446,1996
108000039,353,1069,-716
108000040,1934,779,1155
108000041,523,1332,-809
108000042,373,161,212
108000043,223,138,85
108000044,659,91,568
108000045,300,228,72
108000046,1586,251,1335
108000047,283,485,-202
108000048,94,221,-127
108000049,858,231,627
108000050,79,410,-331
108000051,393,160,233
108000052,101,317,-216
108000053,408,222,186
108000054,335,717,-382
108000055,960,555,405
108000056,918,976,-58
108000057,570,1232,-662
108000058,1664,3402,-1738
108000059,1939,1252,687
108000060,257,714,-457
108000061,192,357,-165
108000062,927,552,375
108000063,470,316,154
108000064,227,174,53
108000065,535,340,195
108000066,1137,576,561
108000067,1882,665,1217
108000068,697,324,373
108000069,245,467,-222
108000070,1897,617,1280
108000071,488,833,-345
108000072,1817,842,975
108000073,930,946,-16
108000074,579,397,182
108000075,289,445,-156
108000076,713,502,211
108000077,444,391,53
108000078,2508,841,1667
108000079,589,756,-167
108000080,1408,353,1055
108000081,452,706,-254
108000082,672,1096,-424
108000083,1694,954,740
108000084,396,625,-229
108000085,838,437,401
108000086,434,411,23
108000087,154,1983,-1829
108000088,760,158,602
108000089,293,277,16
108000091,196,292,-96
108000092,162,104,58
108000093,178,233,-55
108000094,705,108,597
108000095,173,161,12
108000096,325,134,191
108000097,157,206,-49
108000098,1751,876,875
108000099,992,230,762
108000100,192,437,-245
108000101,1377,1403,-26
108000102,1507,3201,-1694
108000106,703,0,703
108000107,1,543,-542
108000108,514,50,464
108000109,9,477,-468
108000110,308,291,17
108000111,105,294,-189
108000112,88,120,-32
108000113,258,158,100
108000115,256,241,15
108000117,373,350,23
108000118,376,1664,-1288
108000119,378,245,133
108000120,152,663,-511
108000121,144,225,-81
108000122,623,281,342
108000123,732,140,592
108000124,315,275,40
108000125,517,142,375
108000126,147,210,-63
108000127,489,173,316
108000128,652,212,440
108000129,348,387,-39
108000130,441,159,282
108000131,856,582,274
108000132,1228,720,508
108000133,1005,466,539
108000134,396,269,127
108000135,1104,416,688
108000136,193,483,-290
108000137,603,165,438
108000138,377,444,-67
108000139,514,274,240
108000140,180,20,160
108000141,43,24,19
108000142,69,39,30
108000143,45,171,-126
108000144,518,56,462
108000145,38,13,25
108000146,892,59,833
108000147,47,8,39
108000148,596,77,519
108000149,11,8,3
108000150,39,8,31
108000151,149,64,85
108000152,109,181,-72
108000153,703,127,576
108000154,31,7,24
108000155,49,21,28
108000156,517,256,261
108000157,201,1316,-1115
108000158,66,768,-702
108000159,291,181,110
108000160,1441,999,442
108000161,1055,2575,-1520
108000165,11,211,-200
108000172,2,237,-235
108000173,757,1697,-940
108000175,770,104,666
108000178,240,221,19
108000179,178,791,-613
108000181,64,31,33
108000182,172,98,74
108000183,21,255,-234
108000184,551,2184,-1633
108000185,198,283,-85
108000186,450,235,215
108000187,182,249,-67
108000188,681,125,556
108000189,1010,9342,-8332
108000190,24,69,-45
108000192,196,291,-95
108000193,352,22,330
108000194,21,6,15
108000195,1,532,-531
108000196,251,151,100
108000198,776,157,619
108000199,3,315,-312
108000200,434,180,254
108000203,115,271,-156
108000204,174,69,105
108000205,203,227,-24
108000339,746,355,391
108000364,197,561,-364
108000365,36,209,-173
108000367,153,174,-21
108000368,4,41,-37
108000369,410,179,231
108000371,12,495,-483
108000372,602,12,590
108000373,245,112,133
108000376,103,59,44
108000377,545,145,400
108000378,7310,8931,-1621
108000379,13,138,-125
108000381,77,14,63
108000382,88,6,82
108000383,1,223,-222
108900001,69,436,-367
108900002,140,77,63
108900003,259,357,-98
108900004,550,374,176
108900007,324,146,178
108900008,170,82,88
108900009,104,103,1
108900010,370,120,250
108900011,659,294,365
108900012,446,283,163
108900013,179,205,-26
108900014,20,74,-54
108900015,1,200,-199
108900016,0,192,-192
108900017,207,336,-129
108900018,154,148,6
108900019,39,222,-183
108900020,37,73,-36
108900021,130,114,16
108900022,121,10,111
108900023,5,23,-18
108900024,26,45,-19
108900025,223,51,172
108900026,12,38,-26
108900027,0,31,-31
108900028,103,124,-21
108900029,59,144,-85
108900030,0,33,-33
108900031,133,163,-30
108900032,2,122,-120
108900033,0,77,-77
108900034,0,135,-135
108900035,238,543,-305
108900038,1,171,-170
108900039,1,226,-225
108900040,12,54,-42
108900041,2840,2965,-125
108900042,7,327,-320
108900043,29,295,-266
108900044,2,189,-187
108900045,95,223,-128
108900046,28,318,-290
108900047,0,150,-150
108900048,79,423,-344
108900049,1119,1595,-476
108900050,3,96,-93
108900051,2,81,-79
108900052,20,101,-81
108900053,47,198,-151
108900054,39,139,-100
108900055,56,256,-200
108900056,2,70,-68
108900057,1,75,-74
108900058,26,149,-123
108900059,569,57,512
108900060,94,159,-65
108900061,72,41,31
108900062,5,139,-134
108900063,11,112,-101
108900064,356,19,337
108900065,8,112,-104
108900066,497,120,377
108900067,11,114,-103
108900068,9,46,-37
108900069,84,33,51
108900070,33,63,-30
108900071,115,32,83
108900072,1181,381,800
108900073,57,115,-58
108900074,254,115,139
108900075,31,35,-4
108900076,434,54,380
108900077,87,217,-130
108900078,39,53,-14
108900079,463,133,330
108900080,37,640,-603
108900081,24,167,-143
108900082,103,53,50
108900083,12,203,-191
108900085,898,154,744
108900086,132,83,49
108900087,53,125,-72
108900088,891,359,532
108900089,17,156,-139
108900090,100,93,7
108900091,91,45,46
108900092,473,282,191
108900093,109,111,-2
108900094,268,77,191
108900095,28,187,-159
108900096,202,12,190
108900097,241,89,152
108900098,1168,792,376
108900099,346,109,237
108900100,68,68,0
108900101,167,232,-65
108900102,55,957,-902
108900103,91,147,-56
108900105,5,1524,-1519
108900106,529,172,357
108900108,233,23,210
108900109,506,65,441
108900110,245,168,77
108900111,488,232,256
108900113,36,87,-51
108900114,84,8,76
108900115,133,57,76
108900116,38,6,32
108900117,246,17,229
108900118,661,17,644
108900119,381,22,359
108900120,286,229,57
108900121,243,104,139
108900122,162,15,147
108900123,121,122,-1
108900124,599,241,358
108900125,498,2,496
108900126,195,28,167
108900127,239,28,211
108900128,156,48,108
108900129,807,191,616
108900130,390,1,389
108900131,416,13,403
108900132,548,67,481
108900133,354,62,292
108900134,561,152,409
108900135,200,14,186
108900136,41,3,38
108900137,194,1,193
108900138,859,31,828
108900140,481,137,344
108900141,413,16,397
108900142,99,3,96
108900143,125,3,122
108900144,142,2,140
108900145,254,15,239
108900146,91,0,91
108900147,289,1,288
108900148,56,18,38
108900150,254,2,252
108900151,95,14,81
108900152,158,28,130
108900153,156,159,-3
108900154,4241,361,3880
108900156,88,9,79
108900157,12,239,-227
108900158,453,14,439
108900159,3,94,-91
108900160,7,162,-155
108900161,9,183,-174
108900162,110,1,109
108900163,9,268,-259
108900164,58,70,-12
108900168,3687,2324,1363
108900169,75,61,14
108900171,2369,2743,-374
108900172,213,51,162
108900173,110,251,-141
108900174,1049,461,588
108900176,54,258,-204
108900177,2285,5433,-3148
108900178,2065,3296,-1231
108900180,95,272,-177
108900183,129,176,-47
108900184,410,119,291
108900185,85,168,-83
108900186,46,226,-180
108900189,279,80,199
108900190,261,1073,-812
108900192,71,121,-50
108900195,53,104,-51
108900196,26,145,-119
108900199,190,235,-45
108900200,593,305,288
108900201,406,818,-412
108900203,471,151,320
108900204,258,19,239
108900205,162,30,132
108900206,332,49,283
108900207,189,128,61
108900208,17,196,-179
108900209,168,350,-182
108900210,142,196,-54
108900211,180,539,-359
108900212,291,1374,-1083
108900215,69,198,-129
108900216,240,309,-69
108900217,77,1,76
108900218,52,4,48
108900221,63,115,-52
108900224,44,131,-87
108900225,0,118,-118
108900227,106,365,-259
108900230,101,145,-44
108900232,2,104,-102
108900233,333,69,264
108900234,253,100,153
108900235,134,324,-190
108900236,15,166,-151
108900240,125,102,23
108900241,42,53,-11
108900245,5,1103,-1098
108900250,180,114,66
108900258,6,94,-88
108900259,26,28,-2
108900260,9,52,-43
108900261,32,70,-38
108900262,100,95,5
108900263,28,123,-95
108900264,294,218,76
108900265,612,410,202
108900266,428,859,-431
108900267,0,187,-187
108900268,10,27,-17
108900269,103,29,74
108900270,99,9,90
108900271,81,3,78
108900272,279,7,272
108900273,419,808,-389
108900274,73,32,41
109000001,2067,1969,98
109000002,847,2051,-1204
109000003,2570,424,2146
109000004,413,1434,-1021
109000005,2299,561,1738
109000006,745,1446,-701
109000007,1522,518,1004
109000008,529,1266,-737
109000009,2826,1199,1627
109000010,943,2572,-1629
109000011,3383,1753,1630
109000012,1625,1986,-361
109000013,3842,2977,865
109000014,1678,1574,104
109000015,3241,7713,-4472
109000016,4113,1895,2218
109000017,2567,1076,1491
109000018,1002,1525,-523
109000019,2342,1222,1120
109000020,878,1329,-451
109000023,175,25,150
109000024,9,137,-128
109000025,357,447,-90
109000026,545,289,256
109000027,98,351,-253
109000028,119,46,73
109000029,101,190,-89
109000030,41,308,-267
109000031,188,162,26
109000032,117,336,-219
109000033,392,171,221
109000034,40,46,-6
109000035,24,65,-41
109000036,107,248,-141
109000037,240,1644,-1404
109000038,346,273,73
109000039,906,845,61
109000040,2564,10095,-7531
109000041,1594,1951,-357
109000042,392,1030,-638
109000044,386,58,328
109000045,113,291,-178
109000046,393,63,330
109000047,58,302,-244
109000048,505,211,294
109000049,168,366,-198
109000050,311,199,112
109000051,205,128,77
109000052,423,352,71
109000053,229,63,166
109000054,420,260,160
109000055,291,415,-124
109000056,282,156,126
109000057,770,368,402
109000058,484,153,331
109000059,397,1247,-850
109000060,245,412,-167
109000061,411,871,-460
109000062,119,343,-224
109000063,156,95,61
109000064,250,108,142
109000065,170,119,51
109000066,326,27,299
109000067,31,164,-133
109000068,922,5,917
109000069,640,18,622
109000070,32,1928,-1896
109000071,384,70,314
109000072,95,281,-186
109000073,120,92,28
109000074,28,136,-108
109000075,78,218,-140
109000076,108,280,-172
109000077,206,174,32
109000078,110,144,-34
109000079,124,102,22
109000080,246,101,145
109000081,130,236,-106
109000082,848,126,722
109000083,240,302,-62
109000088,134,318,-184
109000089,265,64,201
109000090,126,300,-174
109000091,415,187,228
109000092,293,284,9
109000093,295,150,145
109000094,677,3,674
109000095,81,204,-123
109000096,680,214,466
109000097,138,104,34
109000098,71,91,-20
109000099,646,202,444
109000100,279,490,-211
109000101,1615,346,1269
109000102,355,534,-179
109000103,426,408,18
109000104,1909,349,1560
109000105,367,516,-149
109000106,1648,600,1048
109000107,529,1016,-487
109000108,1825,522,1303
109000109,373,877,-504
109000110,1128,393,735
109000111,608,1020,-412
109000112,282,86,196
109000113,304,94,210
109000114,119,230,-111
109000115,892,75,817
109000116,12,236,-224
109000117,240,54,186
109000118,13,219,-206
109000119,1321,139,1182
109000120,205,340,-135
109000121,539,31,508
109000122,143,278,-135
109000123,67,43,24
109000124,724,276,448
109000125,832,204,628
109000126,394,299,95
109000127,1073,145,928
109000128,490,525,-35
109000129,2353,612,1741
109000130,428,651,-223
109000131,847,639,208
109000132,525,940,-415
109000133,277,479,-202
109000134,512,775,-263
109000135,612,965,-353
109000136,237,202,35
109000137,274,303,-29
109000138,379,163,216
109000139,425,298,127
109000140,173,155,18
109000141,500,255,245
109000142,113,390,-277
109000143,138,80,58
109000145,101,351,-250
109000146,77,62,15
109000148,1501,1381,120
109000149,29,103,-74
109000150,86,255,-169
109000155,857,557,300
109000156,738,297,441
109000158,44,175,-131
109000159,81,216,-135
109000160,972,154,818
109000161,431,588,-157
109000162,1935,480,1455
109000163,1098,1088,10
109000164,1300,1670,-370
109000165,1225,392,833
109000166,823,114,709
109000167,135,289,-154
109000170,27,27,0
109000171,54,53,1
109000172,27,54,-27
109000173,14,105,-91
109000174,162,34,128
109000175,55,29,26
109000176,342,164,178
109000177,9,57,-48
109000178,743,183,560
109000179,2141,4239,-2098
109000180,2552,2590,-38
109000181,25,15,10
109000182,58,21,37
109000183,51,10,41
109000184,37,11,26
109000185,24,17,7
109000188,391,826,-435
109000189,2207,470,1737
109000190,668,286,382
109000191,325,263,62
109000192,482,151,331
109000193,204,135,69
109000194,297,49,248
109000195,144,149,-5
109000196,233,89,144
109000197,203,192,11
109000198,381,53,328
109000199,127,238,-111
109000206,180,30,150
109000207,131,23,108
109000208,65,81,-16
109000209,141,104,37
109000210,144,333,-189
109000211,711,292,419
109000214,463,179,284
109000215,129,39,90
109000216,224,284,-60
109000217,231,249,-18
109000218,328,184,144
109000221,365,701,-336
109000222,802,211,591
109000223,402,289,113
109000224,44,63,-19
109000225,132,21,111
109000226,59,127,-68
109000227,1128,444,684
109000228,2,3067,-3065
109000231,1,111,-110
109000232,440,182,258
109000236,227,493,-266
109000241,1981,1296,685
109000242,1628,808,820
109000293,31,89,-58
109000361,124,172,-48
109000364,94,271,-177
109000396,3,264,-261
109000397,710,9,701
109000399,160,281,-121
109000400,77,167,-90
109000403,42,762,-720
109000406,351,2,349
109000407,273,126,147
109000408,1,245,-244
109000410,848,157,691
109000411,225,26,199
109900001,164,0,164
109900002,1080,16,1064
109900003,287,0,287
109900004,523,40,483
109900005,32,2,30
109900006,382,108,274
109900007,1006,196,810
109900008,0,18,-18
109900009,109,208,-99
109900010,564,10,554
109900011,50,49,1
109900012,232,144,88
109900013,327,117,210
109900014,338,53,285
109900015,308,189,119
109900016,144,8,136
109900017,197,197,0
109900018,186,29,157
109900019,294,37,257
109900020,45,45,0
109900021,24,18,6
109900022,171,156,15
109900023,16,7,9
109900024,30,1,29
109900025,18,31,-13
109900026,2,161,-159
109900027,28,49,-21
109900028,464,1178,-714
109900029,3,117,-114
109900030,40,10,30
109900031,1,148,-147
109900032,12,209,-197
109900033,3,294,-291
109900034,48,6,42
109900035,21,15,6
109900036,8,38,-30
109900037,36,266,-230
109900038,96,134,-38
109900039,28,1,27
109900040,44,264,-220
109900041,45,234,-189
109900042,61,431,-370
109900044,116,113,3
109900045,181,162,19
109900046,112,77,35
109900047,202,211,-9
109900048,2,106,-104
109900049,9,43,-34
109900050,1,71,-70
109900051,2,26,-24
109900052,69,144,-75
109900053,0,93,-93
109900054,843,145,698
109900055,59,126,-67
109900056,44,218,-174
109900057,12,72,-60
109900058,1,67,-66
109900059,950,108,842
109900060,626,71,555
109900061,33,135,-102
109900062,0,89,-89
109900063,4,269,-265
109900064,569,124,445
109900065,62,73,-11
109900066,232,367,-135
109900067,0,98,-98
109900068,70,4,66
109900069,4,41,-37
109900070,25,141,-116
109900071,0,14,-14
109900072,3,63,-60
109900073,461,172,289
109900074,13,26,-13
109900075,30,36,-6
109900076,33,151,-118
109900077,37,22,15
109900078,65,133,-68
109900080,99,125,-26
109900081,14,184,-170
109900082,63,124,-61
109900083,14,28,-14
109900084,49,87,-38
109900085,141,310,-169
109900086,114,505,-391
109900087,128,347,-219
109900089,615,220,395
109900090,343,578,-235
109900091,343,57,286
109900092,595,14,581
109900093,1013,159,854
109900094,94,57,37
109900095,130,117,13
109900096,47,10,37
109900097,105,2,103
109900098,615,36,579
109900099,277,6,271
109900100,80,1,79
109900101,606,20,586
109900102,316,10,306
109900103,32,35,-3
109900104,756,279,477
109900105,564,20,544
109900106,261,40,221
109900107,490,49,441
109900108,139,91,48
109900109,56,69,-13
109900110,59,153,-94
109900111,192,380,-188
109900112,117,212,-95
109900113,745,534,211
109900114,895,1247,-352
109900115,174,59,115
109900117,974,99,875
109900118,129,262,-133
109900119,340,234,106
109900120,69,15,54
109900121,229,411,-182
109900122,474,7,467
109900123,15,91,-76
109900124,41,204,-163
109900125,1,123,-122
109900126,324,41,283
109900128,395,27,368
109900130,2751,2799,-48
109900131,26,102,-76
109900132,31,85,-54
109900133,61,150,-89
109900134,54,126,-72
109900135,189,40,149
109900136,72,83,-11
109900137,173,123,50
109900140,138,48,90
109900142,1173,194,979
109900145,5,410,-405
109900146,279,43,236
109900148,60,63,-3
109900149,49,62,-13
109900150,22,45,-23
109900151,21,23,-2
109900152,0,21,-21
109900153,0,54,-54
109900154,29,0,29
109900155,60,34,26
109900157,47,138,-91
109900158,31,89,-58
109900159,109,30,79
109900160,121,46,75
109900161,189,77,112
109900162,172,171,1
109900163,256,184,72
109900164,45,163,-118
109900165,322,8,314
109900166,1,78,-77
109900167,148,192,-44
109900168,213,324,-111
109900169,214,80,134
109900170,155,929,-774
109900171,225,58,167
109900172,164,203,-39
109900173,1143,2199,-1056
109900174,63,70,-7
109900175,73,41,32
109900176,56,51,5
109900177,23,84,-61
109900178,11,139,-128
109900179,32,16,16
109900180,3,11,-8
110000001,602,353,249
110000002,405,644,-239
110000003,682,611,71
110000004,356,612,-256
110000005,322,1460,-1138
110000006,219,297,-78
110000007,117,74,43
110000008,17,69,-52
110000009,22,19,3
110000010,32,72,-40
110000011,52,28,24
110000012,414,175,239
110000013,32,530,-498
110000014,342,307,35
110000015,193,465,-272
110000016,166,1483,-1317
110000017,1989,172,1817
110000018,1534,236,1298
110000019,10,42,-32
110000020,522,162,360
110000021,400,366,34
110000022,698,114,584
110000023,9,99,-90
110000024,403,276,127
110000025,432,7,425
110000026,8,148,-140
110000027,860,1007,-147
110000028,955,547,408
110000029,328,511,-183
110000030,257,286,-29
110000031,200,235,-35
110000032,649,332,317
110000033,222,194,28
110000034,427,499,-72
110000035,520,380,140
110000036,878,445,433
110000037,132,284,-152
110000038,212,471,-259
110000039,788,2968,-2180
110000040,255,145,110
110000041,257,1570,-1313
110000042,77,325,-248
110000043,494,246,248
110000044,29,480,-451
110000045,196,82,114
110000046,6,22,-16
110000047,13,67,-54
110000048,2,24,-22
110000049,22,7,15
110000050,3,23,-20
110000051,11,8,3
110000052,27,21,6
110000053,33,10,23
110000054,97,514,-417
110000055,260,75,185
110000056,79,115,-36
110000057,300,417,-117
110000058,711,307,404
110000059,785,349,436
110000060,1131,858,273
110000061,511,570,-59
110000062,524,712,-188
110000063,36,135,-99
110000064,55,24,31
110000065,91,79,12
110000066,94,25,69
110000067,56,68,-12
110000068,242,81,161
110000069,382,28,354
110000071,216,52,164
110000073,47,11,36
110000075,15,59,-44
110000076,240,293,-53
110000077,205,796,-591
110000078,71,17,54
110000080,243,366,-123
110000081,47,181,-134
110000082,37,289,-252
110000083,261,391,-130
110000084,1261,856,405
110000085,827,1133,-306
110000086,966,2027,-1061
110000087,29,47,-18
110000088,119,169,-50
110000089,277,46,231
110000090,166,129,37
110000091,570,209,361
110000092,17,29,-12
110000093,36,16,20
110000094,355,123,232
110000095,156,540,-384
110000096,1211,1623,-412
110000097,978,1419,-441
110000098,1482,541,941
110000099,561,1290,-729
110000100,1045,261,784
110000101,25,112,-87
110000102,90,56,34
110000104,444,145,299
110000105,65,340,-275
110000106,509,482,27
110000107,231,236,-5
110000108,114,81,33
110000109,175,191,-16
110000110,1254,3114,-1860
110000111,2574,2573,1
110000112,377,1067,-690
110000113,139,2070,-1931
110000114,241,574,-333
110000115,344,308,36
110000116,57,54,3
110000117,194,158,36
110000118,400,113,287
110000119,261,183,78
110000120,354,126,228
110000121,85,290,-205
110000122,290,395,-105
110000123,607,497,110
110000124,3,637,-634
110000125,807,5,802
110000126,283,27,256
110000127,1001,68,933
110000128,37,647,-610
110000129,4,354,-350
110000130,286,181,105
110000131,77,296,-219
110000132,3,378,-375
110000133,39,336,-297
110000134,29,346,-317
110000135,141,25,116
110000136,62,287,-225
110000137,497,327,170
110000138,738,411,327
110000139,831,490,341
110000140,692,586,106
110000143,376,316,60
110000144,3135,1982,1153
110000145,1591,1309,282
110000146,1324,418,906
110000147,395,471,-76
110000148,472,99,373
110000151,663,1073,-410
110000152,710,501,209
110000153,148,21,127
110000154,10,36,-26
110000155,719,3122,-2403
110000156,997,2145,-1148
110000157,1639,2137,-498
110000160,389,227,162
110000161,120,109,11
110000166,535,62,473
110000167,818,489,329
110000168,910,416,494
110000169,813,324,489
110000170,181,47,134
110000171,515,84,431
110000172,176,390,-214
110000173,712,639,73
110000174,95,477,-382
110000175,791,50,741
110000176,163,353,-190
110000177,197,837,-640
110000178,295,1511,-1216
110000179,791,216,575
110000180,224,119,105
110000181,546,296,250
110000182,290,79,211
110000183,4500,6095,-1595
110000184,252,2078,-1826
110000185,605,643,-38
110000186,592,619,-27
110000191,1267,159,1108
110000192,804,12,792
110000193,1449,16,1433
110000194,10,411,-401
110000195,483,151,332
110000196,377,130,247
110000197,122,84,38
110000198,69,22,47
110000199,71,98,-27
110000200,873,448,425
110000201,1008,1081,-73
110000202,1156,532,624
110000203,512,386,126
110000204,6,116,-110
110000205,172,45,127
110000206,428,581,-153
110000207,1132,268,864
110000208,153,180,-27
110000209,86,634,-548
110000210,1436,332,1104
110000211,781,469,312
110000212,398,819,-421
110000213,299,44,255
110000214,375,46,329
110000215,192,143,49
110000216,111,105,6
110000217,411,95,316
110000218,142,132,10
110000219,401,24,377
110000220,51,126,-75
110000221,403,39,364
110000222,65,126,-61
110000223,2,135,-133
110000224,15,9,6
110000225,251,626,-375
110000226,257,68,189
110000227,520,777,-257
110000228,238,90,148
110000229,0,137,-137
110000230,450,447,3
110000231,155,173,-18
110000232,154,166,-12
110000233,123,141,-18
110000234,446,1075,-629
110000235,734,869,-135
110000236,569,404,165
110000237,1855,1096,759
110000238,883,928,-45
110000239,1762,763,999
110000240,2,24,-22
110000242,0,14,-14
110000243,152,50,102
110000244,128,369,-241
110000245,31,286,-255
110000246,687,333,354
110000247,739,2151,-1412
110000248,983,907,76
110000249,65,10,55
110000250,29,97,-68
110000251,309,190,119
110000252,289,108,181
110000253,1176,352,824
110000254,475,498,-23
110000255,151,441,-290
110000256,344,166,178
110000257,445,268,177
110000258,7,209,-202
110000259,133,17,116
110000260,23,88,-65
110000263,325,41,284
110000264,299,205,94
110000265,822,1260,-438
110000266,991,1812,-821
110000267,22,93,-71
110000268,196,269,-73
110000269,5,51,-46
110000270,87,2,85
110000271,785,156,629
110000272,969,763,206
110000273,1258,949,309
110000274,204,1424,-1220
110000275,1101,415,686
110000276,287,308,-21
110000277,364,209,155
110000278,312,336,-24
110000279,723,508,215
110000280,463,298,165
110000281,71,202,-131
110000282,113,23,90
110000283,17,52,-35
110000284,11,40,-29
110000285,2,377,-375
110000286,8,0,8
110000287,93,0,93
110000288,12,43,-31
110000289,471,1905,-1434
110000290,596,506,90
110000291,2226,807,1419
110000292,990,3805,-2815
110000293,658,441,217
110000294,1118,851,267
110000295,121,435,-314
110000296,398,206,192
110000297,1639,259,1380
110000298,149,346,-197
110000299,98,68,30
110000301,224,22,202
110000302,358,626,-268
110000303,445,4,441
110000304,161,140,21
110000305,1017,17,1000
110000306,132,582,-450
110000307,1603,5,1598
110000308,403,2,401
110000309,6,439,-433
110000310,649,28,621
110000311,5,346,-341
110000312,328,60,268
110000313,1387,1836,-449
110000314,2,129,-127
110000315,1835,1930,-95
110000316,372,954,-582
110000317,183,837,-654
110000318,6,30,-24
110000319,21,19,2
110000320,44,31,13
110000321,13,18,-5
110000322,310,175,135
110000323,445,117,328
110000324,1891,1432,459
110000325,1675,2852,-1177
110000327,302,234,68
110000328,159,279,-120
110000333,920,628,292
110000334,631,826,-195
110000335,678,324,354
110000336,760,549,211
110000337,1804,398,1406
110000338,524,155,369
110000339,285,130,155
110000340,182,101,81
110000341,396,329,67
110000342,123,1,122
110000343,0,17,-17
110000344,279,164,115
110000345,389,192,197
110000346,1425,1291,134
110000347,1205,574,631
110000348,7,14,-7
110000349,8,18,-10
110000350,49,16,33
110000351,1011,482,529
110000352,635,1275,-640
110000353,1923,441,1482
110000354,731,2746,-2015
110000355,101,47,54
110000356,779,14,765
110000357,387,13,374
110000361,28,27,1
110000362,67,1,66
110000363,567,66,501
110000364,257,176,81
110000365,123,10,113
110000366,2,51,-49
110000367,343,100,243
110000368,5,26,-21
110000369,84,2,82
110000373,2,160,-158
110000374,189,19,170
110000375,130,776,-646
110000376,19,82,-63
110000377,67,400,-333
110000378,16,289,-273
110000379,1811,1760,51
110000380,51,8,43
110000383,3,1175,-1172
110000384,834,691,143
110000385,1,130,-129
110000387,94,0,94
110000388,39,122,-83
110000389,685,4,681
110000391,913,217,696
110000396,173,76,97
110000397,171,63,108
110000398,6,22,-16
110000399,125,0,125
110000587,121,51,70
110000589,217,100,117
110000640,198,42,156
110000652,6,217,-211
110000653,315,211,104
110000654,47,1581,-1534
110000656,2,243,-241
110000674,13,7,6
110000675,7,7,0
110000676,4,26,-22
110000679,149,1170,-1021
110000682,101,168,-67
110000683,187,328,-141
110000684,5,33,-28
110000685,4,6,-2
110000686,1,26,-25
110000687,37,5,32
110000688,62,1161,-1099
110000689,40,13,27
110000692,10,90,-80
110000693,32,256,-224
110000694,0,135,-135
110000695,256,386,-130
110000696,35,26,9
110900001,244,40,204
110900002,266,109,157
110900003,786,225,561
110900004,512,61,451
110900005,1151,2607,-1456
110900006,53,13,40
110900007,110,38,72
110900008,10,28,-18
110900009,388,164,224
110900010,15,22,-7
110900011,33,59,-26
110900012,16,63,-47
110900013,986,139,847
110900014,244,5,239
110900015,261,574,-313
110900016,68,106,-38
110900017,439,39,400
110900018,305,38,267
110900019,246,21,225
110900020,113,95,18
110900021,86,186,-100
110900022,78,118,-40
110900023,30,357,-327
110900024,25,134,-109
110900025,3,24,-21
110900027,21,151,-130
110900028,22,84,-62
110900029,9,113,-104
110900030,44,135,-91
110900031,2,82,-80
110900032,0,29,-29
110900033,23,93,-70
110900035,15,358,-343
110900036,92,5,87
110900037,128,8,120
110900038,495,153,342
110900039,4,190,-186
110900040,200,21,179
110900041,16,49,-33
110900042,116,50,66
110900043,1,34,-33
110900044,192,16,176
110900045,31,158,-127
110900046,10,91,-81
110900047,262,351,-89
110900049,80,95,-15
110900050,46,3,43
110900051,47,114,-67
110900052,0,83,-83
110900053,130,26,104
110900054,36,94,-58
110900055,26,3,23
110900056,50,93,-43
110900057,2,80,-78
110900058,219,88,131
110900059,337,199,138
110900060,353,106,247
110900061,15,55,-40
110900062,200,109,91
110900063,40,71,-31
110900064,29,0,29
110900065,123,128,-5
110900066,4,53,-49
110900067,152,541,-389
110900068,182,125,57
110900069,2,21,-19
110900070,93,42,51
110900071,206,589,-383
110900073,0,15,-15
110900074,508,74,434
110900075,410,63,347
110900077,1014,349,665
110900078,57,17,40
110900079,1419,1247,172
110900080,165,54,111
110900081,3,18,-15
110900082,119,51,68
110900083,98,55,43
110900084,85,35,50
110900085,61,138,-77
110900086,70,344,-274
110900087,229,62,167
110900088,6,2,4
110900090,29,50,-21
110900091,1,32,-31
110900093,274,74,200
110900095,87,34,53
110900097,13,11,2
110900098,18,54,-36
110900099,44,205,-161
110900100,1,10,-9
110900102,58,11,47
110900105,738,126,612
110900108,10,22,-12
110900111,353,124,229
110900112,724,14,710
110900113,252,48,204
110900115,6,23,-17
110900116,877,725,152
110900118,47,2985,-2938
110900119,1233,154,1079
110900120,38,26,12
110900121,158,2,156
110900122,427,135,292
110900125,409,368,41
110900127,465,1380,-915
110900128,381,517,-136
110900129,189,890,-701
110900130,545,580,-35
110900131,211,30,181
110900132,451,56,395
110900133,71,79,-8
110900135,47,108,-61
110900136,412,14,398
110900139,11,0,11
110900140,0,0,0
110900141,207,379,-172
110900142,57,65,-8
110900143,156,68,88
110900144,2,328,-326
110900145,227,84,143
110900146,187,275,-88
110900147,64,241,-177
110900148,4,154,-150
110900149,0,36,-36
110900150,22,7,15
110900151,2,59,-57
110900152,47,90,-43
110900153,152,60,92
111000001,684,382,302
111000002,540,390,150
111000003,1383,676,707
111000004,399,606,-207
111000005,958,1180,-222
111000006,697,1352,-655
111000007,3468,2797,671
111000008,1407,2180,-773
111000009,317,621,-304
111000010,879,236,643
111000011,236,852,-616
111000012,441,377,64
111000013,393,864,-471
111000014,1424,480,944
111000017,176,819,-643
111000018,192,329,-137
111000020,828,1244,-416
111000021,60,71,-11
111000023,57,56,1
111000025,4694,3226,1468
111000029,68,93,-25
111000030,27,92,-65
111000031,1639,774,865
111000032,608,239,369
111000033,199,193,6
111000034,49,255,-206
111000037,970,471,499
111000038,2382,1327,1055
111000039,1255,1362,-107
111000040,1247,1398,-151
111000041,831,780,51
111000042,1496,1491,5
111000043,1649,3215,-1566
111000044,1690,956,734
111000045,2493,2111,382
111000046,1509,1468,41
111000047,2471,4111,-1640
111000049,349,344,5
111000050,927,797,130
111000051,414,617,-203
111000052,447,1004,-557
111000053,345,571,-226
111000054,305,520,-215
111000055,975,1036,-61
111000056,174,284,-110
111000057,108,370,-262
111000058,585,72,513
111000059,528,231,297
111000060,3440,886,2554
111000061,635,230,405
111000062,915,302,613
111000063,1581,797,784
111000064,725,431,294
111000065,1256,807,449
111000066,609,316,293
111000067,616,340,276
111000068,544,603,-59
111000069,1349,1355,-6
111000070,707,523,184
111000071,179,353,-174
111000072,1328,574,754
111000073,292,1102,-810
111000074,1383,1349,34
111000075,851,426,425
111000076,577,538,39
111000077,1307,1314,-7
111000078,2212,1069,1143
111000079,952,431,521
111000080,483,418,65
111000081,1111,3246,-2135
111000082,721,485,236
111000084,782,414,368
111000085,752,771,-19
111000086,1668,680,988
111000087,637,346,291
111000088,3135,2294,841
111000089,687,529,158
111000090,474,947,-473
111000091,601,313,288
111000092,1356,587,769
111000093,645,919,-274
111000094,1613,884,729
111000095,601,1888,-1287
111000096,777,6311,-5534
111000097,3615,1197,2418
111000098,660,665,-5
111000099,510,956,-446
111000100,356,789,-433
111000101,343,530,-187
111000102,273,291,-18
111000104,712,143,569
111000107,99,487,-388
111000109,615,141,474
111000110,1394,559,835
111000111,2405,326,2079
111000112,1930,542,1388
111000113,726,1544,-818
111000114,1617,3082,-1465
111000115,2745,812,1933
111000116,865,639,226
111000117,343,700,-357
111000118,987,579,408
111000119,1059,580,479
111000120,636,436,200
111000121,300,576,-276
111000122,583,754,-171
111000123,945,1492,-547
111000124,358,1179,-821
111000125,225,625,-400
111000126,91,388,-297
111000127,1073,111,962
111000128,2037,289,1748
111000129,3065,369,2696
111000130,2218,396,1822
111000131,1952,431,1521
111000132,1769,916,853
111000133,200,80,120
111000134,118,63,55
111000135,111,116,-5
111000136,355,209,146
111000138,18,7,11
111000140,3,2,1
111000141,170,456,-286
111000142,18,289,-271
111000143,7,598,-591
111000144,159,2876,-2717
111000145,264,17,247
111000146,125,13,112
111000147,147,32,115
111000148,147,91,56
111000149,1,20,-19
111000150,35,7,28
111000151,5,27,-22
111000153,442,588,-146
111000154,418,191,227
111000155,117,148,-31
111000156,578,425,153
111000157,177,648,-471
111000158,612,644,-32
111000159,3445,915,2530
111000160,445,526,-81
111000161,17,467,-450
111000162,33,141,-108
111000163,729,519,210
111000164,531,2122,-1591
111000165,556,274,282
111000166,705,208,497
111000167,140,272,-132
111000168,216,339,-123
111000169,277,480,-203
111000170,258,270,-12
111000171,407,323,84
111000172,171,192,-21
111000173,356,434,-78
111000174,207,143,64
111000175,53,219,-166
111000176,472,65,407
111000177,450,116,334
111000178,1535,183,1352
111000179,342,104,238
111000180,289,396,-107
111000181,1455,150,1305
111000182,220,120,100
111000183,244,180,64
111000184,317,186,131
111000185,341,264,77
111000186,280,140,140
111000187,126,138,-12
111000188,256,274,-18
111000189,521,337,184
111000190,162,214,-52
111000191,143,206,-63
111000192,115,330,-215
111000193,315,158,157
111000194,58,169,-111
111000195,142,151,-9
111000196,75,87,-12
111000197,483,105,378
111000198,549,80,469
111000199,299,102,197
111000200,481,232,249
111000201,707,139,568
111000202,333,151,182
111000203,440,252,188
111000204,339,1249,-910
111000213,200,350,-150
111000214,1124,784,340
111000215,947,784,163
111000217,1593,771,822
111000218,1392,784,608
111000219,344,133,211
111000220,591,416,175
111000221,367,82,285
111000224,31,161,-130
111000225,306,232,74
111000226,63,1,62
111000227,15,4,11
111000228,13,392,-379
111000229,33,999,-966
111000230,205,149,56
111000231,889,298,591
111000232,582,370,212
111000233,1273,428,845
111000234,191,474,-283
111000239,83,84,-1
111000240,45,193,-148
111000241,38,181,-143
111000242,231,58,173
111000243,144,253,-109
111000244,610,48,562
111000245,1031,223,808
111000246,593,153,440
111000247,436,332,104
111000248,735,289,446
111000249,419,260,159
111000250,54,60,-6
111000251,30,49,-19
111000253,24,16,8
111000255,81,11,70
111000257,112,16,96
111000260,102,841,-739
111000261,1327,87,1240
111000271,42,178,-136
111000273,1890,825,1065
111000274,1220,1855,-635
111000275,191,45,146
111000276,233,830,-597
111000277,157,200,-43
111000278,548,183,365
111000291,837,6872,-6035
111000298,601,147,454
111000299,658,140,518
111000300,86,405,-319
111000302,263,75,188
111000303,47,127,-80
111000312,53,54,-1
111000315,4,73,-69
111000320,162,302,-140
111000321,438,131,307
111000322,291,273,18
111000323,381,32,349
111000324,317,152,165
111000325,49,59,-10
111000326,218,188,30
111000327,358,221,137
111000328,280,387,-107
111000329,0,12,-12
111000330,59,10,49
111000331,20,9,11
111000332,467,897,-430
111000334,276,736,-460
111000335,1060,236,824
111000337,1290,209,1081
111000338,41,56,-15
111000339,719,110,609
111000340,142,440,-298
111000341,1317,586,731
111000342,93,1577,-1484
111000344,1013,530,483
111000345,113,132,-19
111000346,35,238,-203
111000347,140,5,135
111000350,192,69,123
111000351,159,224,-65
111000352,186,56,130
111000353,132,125,7
111000354,429,98,331
111000355,334,285,49
111000358,146,459,-313
111000360,216,199,17
111000361,203,100,103
111000546,564,368,196
111000547,394,224,170
111000548,191,278,-87
111000549,333,145,188
111000550,48,748,-700
111000551,505,140,365
111000552,420,237,183
111000907,388,6,382
111000908,30,0,30
111000916,1750,171,1579
111000917,32,305,-273
111000918,208,285,-77
111000920,661,16,645
111000921,18,96,-78
111000922,528,143,385
111000924,50,323,-273
111000925,2962,1731,1231
111000926,909,1036,-127
111000927,2501,3814,-1313
111000928,3069,1697,1372
111000929,2139,1144,995
111000930,863,1254,-391
111000931,2007,2278,-271
111000932,2698,1285,1413
111000933,2946,2308,638
111000934,1644,1785,-141
111000935,1666,829,837
111000936,1000,1154,-154
111000937,1313,1181,132
111000938,970,798,172
111000939,595,28,567
111000940,452,73,379
111000941,364,221,143
111000943,607,276,331
111000944,194,169,25
111000945,80,639,-559
111001109,479,560,-81
111001110,219,329,-110
111001111,88,14,74
111001112,78,3,75
111001113,0,127,-127
111001114,380,209,171
111001115,29,1065,-1036
111001116,2112,3572,-1460
111001117,220,2235,-2015
111001120,99,116,-17
111001121,136,191,-55
111001122,257,158,99
111001123,419,55,364
111001124,120,59,61
111001125,1,107,-106
111001126,0,0,0
111001127,0,0,0
111900001,1,117,-116
111900002,2,297,-295
111900003,0,183,-183
111900004,29,34,-5
111900006,16,59,-43
111900007,121,5,116
111900008,280,3,277
111900009,211,0,211
111900010,251,256,-5
111900012,48,49,-1
111900013,7,13,-6
111900014,2143,4631,-2488
111900015,1,23,-22
111900016,0,25,-25
111900017,1,39,-38
111900018,180,0,180
111900019,2,62,-60
111900020,1,32,-31
111900021,28,79,-51
111900022,4,40,-36
111900023,36,50,-14
111900024,49,43,6
111900025,0,21,-21
111900026,0,32,-32
111900027,4,52,-48
111900028,0,126,-126
111900029,7,36,-29
111900030,13,176,-163
111900031,0,14,-14
111900032,0,94,-94
111900033,10,19,-9
111900034,177,247,-70
111900035,95,95,0
111900036,0,103,-103
111900038,192,312,-120
111900039,37,160,-123
111900040,2,182,-180
111900042,7,120,-113
111900043,1,136,-135
111900044,112,113,-1
111900046,28,83,-55
111900048,372,256,116
111900049,30,133,-103
111900050,103,38,65
111900051,5,124,-119
111900052,208,294,-86
111900053,440,1648,-1208
111900054,113,11,102
111900055,6,164,-158
111900056,164,331,-167
111900057,118,19,99
111900058,636,242,394
111900059,1009,772,237
111900060,309,3,306
111900061,5,99,-94
111900062,76,70,6
111900063,316,371,-55
111900064,82,121,-39
111900065,124,17,107
111900066,107,128,-21
111900067,5,225,-220
111900068,94,72,22
111900069,75,36,39
111900070,233,61,172
111900071,1,114,-113
111900072,54,32,22
111900073,939,200,739
111900074,17,89,-72
111900075,116,10,106
111900076,221,87,134
111900077,42,4,38
111900078,321,35,286
111900079,50,32,18
111900080,166,259,-93
111900082,197,54,143
111900083,216,29,187
111900084,132,6,126
111900085,27,107,-80
111900086,39,6,33
111900087,82,0,82
111900088,680,20,660
111900089,155,2,153
111900090,55,67,-12
111900091,388,8,380
111900092,112,3,109
111900093,548,3,545
111900094,137,0,137
111900095,320,38,282
111900096,253,13,240
111900097,82,0,82
111900098,290,2,288
111900099,72,0,72
111900100,142,4,138
111900101,86,26,60
111900102,696,176,520
111900103,38,77,-39
111900104,123,53,70
111900105,221,185,36
111900106,401,21,380
111900110,828,208,620
111900111,191,73,118
111900112,321,3289,-2968
111900113,185,126,59
111900118,451,90,361
111900119,319,132,187
111900122,86,123,-37
111900123,29,18,11
111900124,13,55,-42
111900125,542,56,486
111900126,272,3,269
111900127,1,292,-291
111900128,0,234,-234
111900129,232,6,226
111900130,258,49,209
111900131,596,5,591
111900132,18,370,-352
111900133,3,149,-146
111900134,3,97,-94
111900135,16,45,-29
111900136,54,161,-107
111900137,59,50,9
111900138,7,64,-57
111900139,9,62,-53
111900140,154,24,130
111900141,124,11,113
111900142,137,60,77
111900143,31,64,-33
111900144,0,33,-33
111900145,0,157,-157
111900146,1,82,-81
111900147,55,169,-114
111900148,19,326,-307
111900149,3,144,-141
111900150,18,62,-44
111900151,8,21,-13
111900152,78,105,-27
111900153,542,710,-168
111900154,13,423,-410
111900155,81,132,-51
111900156,105,85,20
111900157,176,29,147
111900158,622,118,504
111900159,351,35,316
111900160,453,0,453
111900161,291,1,290
111900162,84,154,-70
111900163,13,121,-108
111900164,95,44,51
111901113,565,61,504
111901114,277,153,124
111901115,77,1,76
111901116,65,2,63
111901117,36,39,-3
111901118,29,305,-276
111901119,264,35,229
111901121,77,76,1
111901122,1,240,-239
111901123,258,153,105
111901124,270,3,267
111901125,663,199,464
111901127,259,596,-337
111901128,24,57,-33
111901129,3,45,-42
111901130,1,52,-51
111901131,0,106,-106
111901132,76,19,57
111901133,44,1,43
111901134,92,3,89
111901135,38,16,22
111901136,2,38,-36
111901138,140,19,121
111901139,23,12,11
111901140,8,40,-32
111901141,7,48,-41
111901142,2,80,-78
111901143,1,56,-55
111901144,42,64,-22
111901145,77,291,-214
111901146,199,16,183
111901147,196,166,30
111901148,19,66,-47
111901149,14,5,9
111901150,4,0,4
112000001,1830,524,1306
112000002,486,1367,-881
112000003,1642,975,667
112000004,546,321,225
112000005,3336,3511,-175
112000006,1208,881,327
112000007,3870,2486,1384
112000008,2158,3833,-1675
112000009,1969,1498,471
112000010,2593,4195,-1602
112000011,1237,891,346
112000012,3152,5249,-2097
112000013,2058,2746,-688
112000014,1593,3243,-1650
112000015,2662,3014,-352
112000016,2269,2278,-9
112000017,823,3113,-2290
112000024,1655,563,1092
112000026,1768,1829,-61
112000027,641,609,32
112000028,695,832,-137
112000029,546,620,-74
112000030,151,35,116
112000031,1045,3782,-2737
112000032,117,35,82
112000033,1475,2773,-1298
112000034,179,33,146
112000035,63,550,-487
112000036,339,1017,-678
112000037,1278,927,351
112000038,1375,1210,165
112000039,89,37,52
112000040,26,117,-91
112000041,309,300,9
112000042,663,312,351
112000050,1132,1019,113
112000051,970,1623,-653
112000054,933,851,82
112000057,471,293,178
112000058,218,359,-141
112000059,397,498,-101
112000061,1737,821,916
112000062,782,953,-171
112000063,355,2141,-1786
112000064,2089,2644,-555
112000065,1080,1664,-584
112000066,2625,1355,1270
112000067,523,455,68
112000068,2797,2621,176
112000069,393,1279,-886
112000070,1475,747,728
112000071,966,1480,-514
112000072,2301,514,1787
112000073,1136,1548,-412
112000074,1174,935,239
112000075,1250,1005,245
112000076,2607,1841,766
112000077,716,337,379
112000078,1637,490,1147
112000079,1329,1008,321
112000080,678,469,209
112000081,1030,1776,-746
112000082,1042,630,412
112000083,446,795,-349
112000084,1023,642,381
112000085,1293,605,688
112000086,1583,680,903
112000087,562,233,329
112000088,907,254,653
112000089,322,276,46
112000090,259,165,94
112000091,553,502,51
112000092,2103,814,1289
112000093,1521,511,1010
112000094,661,623,38
112000095,735,564,171
112000096,617,470,147
112000097,1422,621,801
112000098,592,461,131
112000099,637,1729,-1092
112000100,1961,564,1397
112000101,521,428,93
112000102,1448,454,994
112000103,328,439,-111
112000105,517,652,-135
112000106,2012,330,1682
112000107,134,139,-5
112000108,367,859,-492
112000109,206,83,123
112000110,1844,582,1262
112000111,493,2391,-1898
112000112,2301,529,1772
112000113,525,976,-451
112000114,2037,700,1337
112000115,376,245,131
112000116,516,488,28
112000117,837,536,301
112000118,868,520,348
112000119,307,381,-74
112000120,60,235,-175
112000121,107,255,-148
112000122,344,101,243
112000123,924,130,794
112000124,499,49,450
112000125,287,210,77
112000126,341,201,140
112000127,1318,2345,-1027
112000128,408,497,-89
112000129,118,85,33
112000130,259,74,185
112000131,51,128,-77
112000132,192,138,54
112000133,378,102,276
112000134,393,249,144
112000135,1155,509,646
112000136,674,945,-271
112000137,1342,1567,-225
112000138,876,922,-46
112000139,499,732,-233
112000140,351,726,-375
112000141,871,356,515
112000142,127,273,-146
112000143,1282,229,1053
112000144,283,582,-299
112000145,2560,471,2089
112000146,464,941,-477
112000147,2433,1434,999
112000148,1056,1127,-71
112000149,413,334,79
112000150,247,260,-13
112000151,342,200,142
112000152,542,203,339
112000153,140,180,-40
112000154,133,195,-62
112000155,166,106,60
112000157,401,579,-178
112000158,238,196,42
112000159,690,208,482
112000167,342,129,213
112000169,234,284,-50
112000173,863,176,687
112000175,393,219,174
112000176,956,1288,-332
112000177,783,225,558
112000178,95,183,-88
112000179,192,56,136
112000180,241,310,-69
112000181,1146,940,206
112000182,1458,612,846
112000183,27,24,3
112000184,498,199,299
112000185,607,225,382
112000187,3368,2169,1199
112000195,112,13,99
112000196,181,1,180
112000197,102,221,-119
112000198,63,284,-221
112000199,577,709,-132
112000202,475,2,473
112000216,44,169,-125
112000230,107,4,103
112000231,1,105,-104
112000256,88,251,-163
112000313,22,52,-30
112000314,44,48,-4
112000337,205,384,-179
112000352,179,292,-113
112000392,1055,794,261
112000398,1540,722,818
112000399,962,2703,-1741
112000400,1233,1200,33
112000401,1847,1045,802
112000402,3409,3907,-498
112000403,1300,3646,-2346
112000404,1059,921,138
112000405,2239,2747,-508
112000406,1899,1011,888
112000407,8026,7868,158
112000408,4526,3029,1497
112000409,1165,2003,-838
112000410,387,328,59
112000411,2168,1702,466
112000412,961,439,522
112000413,3850,6482,-2632
112000414,86,27,59
112000415,79,29,50
112000416,3022,1133,1889
112000417,236,35,201
112000421,79,32,47
112000422,356,149,207
112000424,1017,2770,-1753
112000425,414,402,12
112000426,139,233,-94
112000427,0,6,-6
112000428,294,176,118
112000429,1544,1505,39
112000430,2116,2247,-131
112000431,126,117,9
112000432,410,458,-48
112000433,162,417,-255
112000437,54,92,-38
112900001,68,1,67
112900002,525,379,146
112900003,82,154,-72
112900004,62,140,-78
112900005,203,101,102
112900006,21,184,-163
112900007,76,176,-100
112900008,2,88,-86
112900009,349,161,188
112900010,462,412,50
112900011,76,121,-45
112900012,6,18,-12
112900013,1,107,-106
112900014,7,90,-83
112900015,245,390,-145
112900016,3,157,-154
112900017,36,66,-30
112900018,0,99,-99
112900019,19,93,-74
112900020,227,557,-330
112900021,6,117,-111
112900022,13,30,-17
112900023,0,58,-58
112900024,18,116,-98
112900025,113,140,-27
112900026,7,78,-71
112900027,4,366,-362
112900028,22,86,-64
112900029,11,282,-271
112900030,78,72,6
112900031,5,215,-210
112900032,151,187,-36
112900034,0,22,-22
112900035,2,180,-178
112900036,13,87,-74
112900037,148,194,-46
112900038,805,119,686
112900039,12,145,-133
112900040,5,392,-387
112900041,286,892,-606
112900042,105,141,-36
112900043,55,52,3
112900044,303,243,60
112900045,127,175,-48
112900046,123,57,66
112900047,8,28,-20
112900049,333,60,273
112900050,14,353,-339
112900051,172,296,-124
112900052,9,309,-300
112900053,128,125,3
112900054,175,40,135
112900055,86,26,60
112900056,325,255,70
112900057,21,338,-317
112900058,286,299,-13
112900059,130,200,-70
112900060,44,91,-47
112900061,91,105,-14
112900062,89,106,-17
112900063,57,14,43
112900064,92,143,-51
112900065,26,36,-10
112900066,181,248,-67
112900067,229,83,146
112900068,24,33,-9
112900069,1126,850,276
112900071,36,21,15
112900072,78,2429,-2351
112900073,396,194,202
112900074,78,314,-236
112900075,706,991,-285
112900076,24,43,-19
112900078,294,392,-98
112900079,229,34,195
112900080,106,10,96
112900081,73,274,-201
112900082,619,40,579
112900083,148,139,9
112900084,272,191,81
112900086,120,3,117
112900087,884,132,752
112900088,199,16,183
112900089,867,68,799
112900090,84,58,26
112900091,222,12,210
112900092,56,586,-530
112900093,1081,29,1052
112900095,70,1,69
112900096,539,170,369
112900097,79,113,-34
112900098,81,5,76
112900099,964,26,938
112900100,77,4,73
112900101,377,7,370
112900102,119,27,92
112900103,274,7,267
112900104,124,0,124
112900105,36,0,36
112900106,384,104,280
112900107,6,0,6
112900108,7,1,6
112900109,163,0,163
112900110,1698,44,1654
112900111,860,7,853
112900112,307,1,306
112900113,0,11,-11
112900114,190,20,170
112900115,1806,2,1804
112900116,117,15,102
112900117,76,30,46
112900118,7,63,-56
112900119,203,6,197
112900120,442,207,235
112900121,44,86,-42
112900122,7,58,-51
112900123,139,22,117
112900124,25,90,-65
112900125,25,224,-199
112900126,134,121,13
112900127,402,106,296
112900128,86,341,-255
112900129,0,382,-382
112900130,175,78,97
112900131,29,131,-102
112900132,89,290,-201
112900133,26,844,-818
112900134,1,104,-103
112900135,105,44,61
112900137,1,330,-329
112900138,2,92,-90
112900139,139,551,-412
112900141,594,42,552
112900142,70,223,-153
112900143,16,210,-194
112900144,3,139,-136
112900145,47,270,-223
112900146,1,423,-422
112900147,1,684,-683
112900148,76,2,74
112900149,182,242,-60
112900151,15,42,-27
112900152,2627,449,2178
112900153,1025,2418,-1393
112900154,0,46,-46
112900155,161,10,151
112900156,343,545,-202
112900157,537,70,467
112900158,94,9,85
112900159,135,165,-30
112900160,55,116,-61
112900161,99,43,56
112900162,20,14,6
112900163,60,47,13
112900164,32,154,-122
112900165,49,28,21
112900166,13,56,-43
112900167,7,65,-58
112900168,3,8,-5
112900169,16,17,-1
112900170,125,55,70
112900172,24,22,2
112900173,127,95,32
112900174,246,54,192
112900175,82,175,-93
112900176,9,72,-63
112900177,205,57,148
112900178,674,2049,-1375
112900179,38,316,-278
112900180,1477,1383,94
112900181,705,8,697
112900182,43,398,-355
112900183,57,230,-173
112900184,254,434,-180
112900185,106,541,-435
112900186,726,1000,-274
112900187,71,516,-445
112900188,522,1844,-1322
112900189,23,5,18
112900190,5,17,-12
112900192,517,558,-41
112900193,916,348,568
112900194,71,43,28
112900195,774,31,743
112900196,219,261,-42
112900197,97,195,-98
112900199,737,310,427
112900200,508,76,432
112900201,222,83,139
112900202,588,414,174
112900203,399,86,313
112900204,566,526,40
112900205,17,5,12
112900206,39,134,-95
112900207,23,0,23
112900208,75,275,-200
112900209,271,241,30
112900210,0,50,-50
112900211,81,11,70
112900212,3,73,-70
112900213,84,8,76
112900214,10,28,-18
112900215,19,68,-49
112900216,33,45,-12
112900217,2,49,-47
112900218,86,24,62
112900219,112,4,108
112900220,5,1,4
112900221,38,96,-58
112900222,0,36,-36
112900223,974,18,956
112900224,391,230,161
112900225,424,176,248
112900226,150,238,-88
112900227,956,459,497
112900228,79,31,48
112900229,351,17,334
112900230,4968,2288,2680
112900232,252,314,-62
112900233,82,77,5
112900234,18,17,1
112900235,64,28,36
112900236,372,5,367
112900237,224,106,118
112900238,7,8,-1
112900239,723,573,150
112900240,12,26,-14
112900241,8,34,-26
112900242,6,57,-51
112900243,8,62,-54
112900244,12,31,-19
112900245,0,33,-33
112900246,14,6,8
112900247,66,17,49
112900248,2,1,1
112900249,22,2,20
112900250,63,9,54
112900251,53,6,47
112900252,75,11,64
112900253,59,16,43
112900254,21,8,13
112900255,7,21,-14
112900256,3,49,-46
112900257,15,44,-29
112900258,18,9,9
113000001,5026,3897,1129
113000002,3060,2512,548
113000003,1473,1140,333
113000004,958,1552,-594
113000005,1572,927,645
113000006,817,1053,-236
113000007,1969,957,1012
113000008,1367,1207,160
113000009,1202,476,726
113000010,973,749,224
113000011,631,820,-189
113000012,1459,488,971
113000013,826,598,228
113000014,783,1050,-267
113000015,144,157,-13
113000016,199,564,-365
113000017,38,289,-251
113000018,315,31,284
113000019,117,232,-115
113000020,487,67,420
113000021,1071,470,601
113000022,581,1016,-435
113000025,170,241,-71
113000026,460,406,54
113000027,379,591,-212
113000028,428,860,-432
113000029,801,676,125
113000030,168,370,-202
113000031,110,190,-80
113000032,176,319,-143
113000033,169,378,-209
113000034,159,163,-4
113000035,22,16,6
113000036,21,51,-30
113000037,59,18,41
113000038,14,54,-40
113000039,47,324,-277
113000040,69,103,-34
113000042,575,449,126
113000051,745,1497,-752
113000052,1861,582,1279
113000053,464,279,185
113000054,365,361,4
113000055,1131,288,843
113000056,1255,754,501
113000058,452,662,-210
113000059,753,330,423
113000060,312,430,-118
113000061,545,773,-228
113000062,336,302,34
113000063,251,51,200
113000064,94,135,-41
113000065,137,414,-277
113000066,765,92,673
113000067,2266,829,1437
113000068,390,555,-165
113000069,480,529,-49
113000070,2258,752,1506
113000071,445,344,101
113000072,968,388,580
113000073,264,1158,-894
113000074,754,368,386
113000075,1302,689,613
113000076,398,2393,-1995
113000077,507,761,-254
113000078,445,1524,-1079
113000079,326,919,-593
113000080,484,735,-251
113000081,567,523,44
113000082,720,548,172
113000083,473,727,-254
113000084,1287,817,470
113000085,762,614,148
113000086,796,895,-99
113000087,792,1025,-233
113000088,1456,1072,384
113000089,687,1435,-748
113000090,204,559,-355
113000091,282,316,-34
113000094,964,255,709
113000095,170,609,-439
113000096,102,703,-601
113000097,852,393,459
113000098,109,33,76
113000099,836,399,437
113000100,129,364,-235
113000101,204,564,-360
113000102,543,494,49
113000103,1443,277,1166
113000104,470,1829,-1359
113000105,723,277,446
113000106,304,228,76
113000107,874,745,129
113000108,631,630,1
113000109,545,1011,-466
113000110,2370,504,1866
113000111,212,560,-348
113000112,376,238,138
113000113,850,325,525
113000114,227,1115,-888
113000116,463,219,244
113000117,759,129,630
113000118,59,387,-328
113000119,313,271,42
113000120,60,280,-220
113000121,319,823,-504
113000124,188,73,115
113000125,45,754,-709
113000127,1419,200,1219
113000128,614,244,370
113000129,306,485,-179
113000133,1603,689,914
113000134,7,929,-922
113000135,3395,3861,-466
113000137,897,2888,-1991
113000139,252,216,36
113000140,62,112,-50
113000141,111,176,-65
113000142,201,729,-528
113000143,187,129,58
113000144,164,295,-131
113000145,151,91,60
113000146,98,48,50
113000147,170,53,117
113000148,251,71,180
113000149,142,144,-2
113000150,447,258,189
113000151,32,29,3
113000152,39,117,-78
113000153,615,322,293
113000154,440,1072,-632
113000155,235,480,-245
113000156,119,216,-97
113000157,149,395,-246
113000158,537,199,338
113000159,740,512,228
113000160,391,437,-46
113000161,272,142,130
113000162,669,314,355
113000163,97,41,56
113000164,31,47,-16
113000166,176,68,108
113000167,40,63,-23
113000168,68,76,-8
113000169,228,56,172
113000170,73,85,-12
113000171,36,49,-13
113000172,251,76,175
113000173,59,26,33
113000174,152,203,-51
113000175,415,69,346
113000176,462,122,340
113000177,167,196,-29
113000178,111,179,-68
113000179,283,164,119
113000180,401,775,-374
113000181,1016,563,453
113000182,132,248,-116
113000183,75,471,-396
113000184,18,53,-35
113000189,236,535,-299
113000190,240,290,-50
113000192,577,4263,-3686
113000193,1358,2971,-1613
113000194,615,1643,-1028
113000195,967,1890,-923
113000196,246,62,184
113000197,1198,1432,-234
113000198,65,192,-127
113000199,982,283,699
113000201,52,397,-345
113000202,4936,607,4329
113000203,57,22,35
113000204,404,3376,-2972
113000205,11,20,-9
113000206,7,59,-52
113000207,79,7,72
113000208,48,54,-6
113000209,11,9,2
113000210,9,29,-20
113000211,96,271,-175
113000212,43,37,6
113000213,15,78,-63
113000214,126,268,-142
113000234,174,548,-374
113000410,69,178,-109
113000411,1348,2514,-1166
113000412,3276,1471,1805
113000413,840,2470,-1630
113000414,2549,9214,-6665
113000415,1403,1400,3
113000416,2955,2130,825
113000417,1166,1487,-321
113000418,3483,3110,373
113000419,1113,1763,-650
113000420,2417,4792,-2375
113000421,3137,5349,-2212
113000422,6802,7130,-328
113000423,1108,4058,-2950
113000424,1642,8027,-6385
113000425,13,62,-49
113000428,22,13,9
113000430,8,115,-107
113000432,2059,191,1868
113000433,116,339,-223
113000434,25,79,-54
113000435,22,151,-129
113000436,14,357,-343
113000437,1211,25,1186
113000438,356,9,347
113000439,9,56,-47
113000440,170,33,137
113000441,263,134,129
113000442,150,56,94
113000443,324,113,211
113000444,251,69,182
113000445,104,34,70
113000446,57,68,-11
113000448,378,162,216
113000449,86,595,-509
113000450,433,1231,-798
113000451,1876,181,1695
113000452,66,365,-299
113000453,26,427,-401
113000454,254,116,138
113000455,21,759,-738
113000456,1896,1958,-62
113000468,791,56,735
113000469,42,55,-13
113000470,273,12,261
113000471,11,271,-260
113000472,63,198,-135
113000474,1088,607,481
113000475,1047,930,117
113000476,1501,1577,-76
113000477,3419,1495,1924
113000478,2674,2674,0
113000479,110,95,15
113000483,0,0,0
113000484,0,0,0
113000485,0,0,0
113000486,1,0,1
113000487,0,0,0
113000488,0,0,0
113000489,0,4,-4
113000490,0,0,0
113000491,2,3,-1
113000492,2,3,-1
113000493,0,0,0
113000495,181,112,69
113000496,147,89,58
113000499,0,0,0
113900001,0,6,-6
113900002,0,0,0
113900003,0,0,0
113900004,0,2,-2
113900005,143,221,-78
113900006,0,0,0
113900007,4,29,-25
113900008,13,618,-605
113900009,22,229,-207
113900010,24,34,-10
113900011,56,92,-36
113900012,38,115,-77
113900013,57,46,11
113900014,504,2,502
113900015,0,18,-18
113900016,45,1,44
113900017,2,31,-29
113900018,189,226,-37
113900019,179,32,147
113900020,162,0,162
113900022,54,2,52
113900023,58,1,57
113900024,42,31,11
113900025,156,5,151
113900026,43,0,43
113900027,2,64,-62
113900028,19,254,-235
113900029,81,65,16
113900030,296,9,287
113900031,50,2,48
113900032,32,0,32
113900033,88,44,44
113900035,32,0,32
113900036,27,93,-66
113900037,170,188,-18
113900038,28,123,-95
113900039,160,13,147
113900040,12,48,-36
113900041,7,23,-16
113900042,57,27,30
113900043,128,66,62
113900044,238,296,-58
113900045,56,1,55
113900046,230,501,-271
113900047,39,89,-50
113900048,87,96,-9
113900049,261,236,25
113900050,216,233,-17
113900051,192,156,36
113900052,89,65,24
113900053,532,584,-52
113900054,15,0,15
113900055,123,346,-223
113900056,38,137,-99
113900057,10,34,-24
113900058,65,63,2
113900059,242,188,54
113900060,87,258,-171
113900061,294,189,105
113900062,86,10,76
113900063,65,78,-13
113900064,14,56,-42
113900065,391,15,376
113900066,385,144,241
113900067,210,93,117
113900068,329,474,-145
113900069,25,33,-8
113900070,96,213,-117
113900071,55,58,-3
113900072,46,86,-40
113900073,306,291,15
113900074,81,111,-30
113900075,829,1269,-440
113900076,132,15,117
113900077,32,106,-74
113900078,29,23,6
113900079,6,27,-21
113900080,512,167,345
113900081,51,103,-52
113900082,105,141,-36
113900083,399,200,199
113900084,218,95,123
113900085,38,181,-143
113900086,35,11,24
113900087,89,75,14
113900088,94,86,8
113900089,289,61,228
113900090,480,264,216
113900091,17,12,5
113900092,25,61,-36
113900093,60,716,-656
113900094,411,173,238
113900095,104,87,17
113900096,254,69,185
113900097,23,19,4
113900098,677,107,570
113900099,2,21,-19
113900100,0,1,-1
113900101,7,45,-38
113900102,90,153,-63
113900103,227,271,-44
113900104,113,173,-60
113900105,127,37,90
113900106,0,15,-15
113900107,0,7,-7
113900108,141,243,-102
113900109,219,210,9
113900110,47,17,30
113900111,195,60,135
113900112,139,39,100
113900113,764,367,397
113900114,3,32,-29
113900115,0,24,-24
113900116,53,141,-88
113900117,34,23,11
113900118,140,312,-172
113900119,93,380,-287
113900120,109,27,82
113900121,65,65,0
113900122,320,2111,-1791
113900123,301,152,149
113900124,1,30,-29
113900125,489,114,375
113900126,85,47,38
113900127,310,673,-363
113900128,167,44,123
113900129,5,182,-177
113900130,1,83,-82
113900131,191,46,145
113900132,35,73,-38
113900133,7,27,-20
113900135,349,208,141
113900136,87,40,47
113900137,247,247,0
113900138,30,159,-129
113900139,131,194,-63
113900140,39,322,-283
113900141,486,128,358
113900142,111,44,67
113900143,8,36,-28
113900144,52,224,-172
113900145,265,94,171
113900146,143,18,125
113900148,76,269,-193
113900149,137,65,72
113900150,191,213,-22
113900151,306,118,188
113900152,41,46,-5
113900153,49,284,-235
113900154,6,109,-103
113900155,87,173,-86
113900156,171,231,-60
113900157,42,251,-209
113900158,123,332,-209
113900159,8,219,-211
113900160,345,397,-52
113900161,70,220,-150
113900162,139,633,-494
113900163,142,217,-75
113900164,351,50,301
113900165,584,274,310
113900166,52,102,-50
113900167,306,23,283
113900168,58,51,7
113900169,132,207,-75
113900171,176,49,127
113900172,4,59,-55
113900173,36,297,-261
113900174,397,387,10
113900175,235,105,130
113900176,241,220,21
113900177,244,147,97
113900178,331,129,202
113900179,15,186,-171
113900180,96,104,-8
113900181,605,103,502
113900182,597,485,112
113900183,33,51,-18
113900184,12,220,-208
113900185,113,65,48
113900186,44,25,19
113900187,24,93,-69
113900188,33,72,-39
113900189,293,151,142
113900190,132,47,85
113900191,74,107,-33
113900192,8,321,-313
113900193,10,71,-61
113900194,768,441,327
113900195,162,263,-101
113900196,0,53,-53
113900197,1,59,-58
113900198,15,293,-278
113900199,60,342,-282
113900200,7,108,-101
113900201,0,62,-62
113900202,15,144,-129
113900203,1,38,-37
113900204,19,194,-175
113900205,3,74,-71
113900206,5,82,-77
113900207,1,39,-38
113900208,0,29,-29
113900209,1,23,-22
113900210,390,541,-151
113900211,148,56,92
113900212,172,231,-59
113900214,235,362,-127
113900215,182,44,138
113900216,151,252,-101
113900217,80,131,-51
113900218,141,58,83
113900219,68,422,-354
113900220,164,117,47
113900221,200,225,-25
113900222,89,443,-354
113900223,198,291,-93
113900224,38,64,-26
113900225,303,99,204
113900226,306,76,230
113900227,300,155,145
113900228,229,476,-247
113900229,53,648,-595
113900230,1770,2424,-654
113900231,104,71,33
113900232,129,56,73
113900233,95,32,63
113900234,294,313,-19
113900235,107,26,81
113900236,307,155,152
113900237,173,7,166
113900238,131,472,-341
113900239,55,145,-90
113900240,6,191,-185
113900241,81,60,21
113900242,34,151,-117
113900243,48,246,-198
113900244,125,90,35
113900245,566,255,311
113900246,12,31,-19
113900247,99,440,-341
113900248,1365,1200,165
113900249,403,468,-65
113900250,22,158,-136
113900251,739,93,646
113900252,475,18,457
113900253,515,54,461
113900254,625,102,523
113900255,471,11,460
113900256,300,26,274
113900257,17,308,-291
113900258,18,159,-141
113900259,518,98,420
113900260,207,5,202
113900261,30,61,-31
113900262,132,291,-159
113900263,64,358,-294
113900264,3,200,-197
113900265,126,323,-197
113900266,29,125,-96
113900267,71,496,-425
113900268,191,320,-129
113900269,71,80,-9
113900270,130,472,-342
113900271,508,426,82
113900273,23,15,8
113900274,48,41,7
113900275,13,57,-44
113900276,0,49,-49
113900277,161,3,158
113900278,224,174,50
113900279,25,53,-28
113900280,1423,550,873
113900281,348,1189,-841
113900282,268,427,-159
113900283,348,369,-21
113900284,695,80,615
113900285,128,19,109
113900286,21,59,-38
113900287,66,27,39
113900288,1,81,-80
113900289,316,110,206
113900290,164,207,-43
113900291,76,130,-54
113900292,13,4,9
113900293,16,111,-95
113900294,540,13,527
113900295,344,278,66
113900296,1203,339,864
113900297,2269,45,2224
113900298,18,1094,-1076
113900299,150,58,92
113900300,2775,3119,-344
113900301,555,299,256
113900302,1353,959,394
113900303,221,477,-256
113900304,1,81,-80
113900305,111,0,111
113900306,66,1,65
113900307,8,1,7
113900308,48,87,-39
113900309,0,225,-225
113900310,0,8,-8
113900311,13,0,13
113900312,187,210,-23
113900313,7,0,7
113900314,36,206,-170
113900315,732,88,644
114000001,644,1359,-715
114000002,301,233,68
114000003,126,272,-146
114000004,331,237,94
114000005,236,144,92
114000006,1044,868,176
114000007,440,593,-153
114000008,1002,1432,-430
114000009,804,195,609
114000011,2184,1572,612
114000012,2512,993,1519
114000013,1612,744,868
114000014,357,183,174
114000015,1564,165,1399
114000016,212,79,133
114000017,85,324,-239
114000018,79,16,63
114000026,2105,698,1407
114000027,3355,1322,2033
114000028,1725,2390,-665
114000038,196,101,95
114000039,104,55,49
114000040,173,162,11
114000042,154,110,44
114000043,140,79,61
114000044,309,52,257
114000045,24,52,-28
114000046,1978,2581,-603
114000047,10,54,-44
114000048,86,55,31
114000049,1077,947,130
114000050,1169,1204,-35
114000051,1981,1522,459
114000052,3291,1738,1553
114000053,70,490,-420
114000054,116,442,-326
114000055,226,17,209
114000056,223,965,-742
114000057,2796,1531,1265
114000058,86,786,-700
114000059,39,365,-326
114000060,304,552,-248
114000061,1578,2222,-644
114000062,472,1427,-955
114000063,1009,1000,9
114000064,1618,2465,-847
114000065,1037,1431,-394
114000066,354,465,-111
114000067,37,631,-594
114000068,400,603,-203
114000069,665,383,282
114000070,1606,1487,119
114000071,542,321,221
114000072,443,158,285
114000073,14,24,-10
114000074,45,19,26
114000075,64,43,21
114000076,15,27,-12
114000077,5,7,-2
114000078,262,311,-49
114000079,180,51,129
114000080,33,45,-12
114000081,57,57,0
114000082,31,187,-156
114000083,65,62,3
114000084,210,63,147
114000085,50,267,-217
114000086,160,208,-48
114000087,127,51,76
114000088,23,8,15
114000089,311,176,135
114000090,621,692,-71
114000091,912,625,287
114000092,538,364,174
114000093,1030,511,519
114000094,251,243,8
114000095,147,145,2
114000096,36,161,-125
114000097,117,253,-136
114000098,501,70,431
114000099,633,193,440
114000100,1426,356,1070
114000101,398,224,174
114000102,562,241,321
114000103,142,170,-28
114000104,78,131,-53
114000105,157,72,85
114000106,555,1263,-708
114000107,521,66,455
114000108,770,680,90
114000109,550,1464,-914
114000110,471,673,-202
114000111,1684,881,803
114000112,436,1171,-735
114000113,1525,478,1047
114000114,756,792,-36
114000115,2018,1010,1008
114000116,791,2133,-1342
114000117,3177,457,2720
114000118,2674,391,2283
114000119,1843,372,1471
114000120,499,422,77
114000121,437,667,-230
114000122,401,260,141
114000123,1778,281,1497
114000124,752,256,496
114000125,859,765,94
114000126,2133,229,1904
114000127,226,106,120
114000128,736,207,529
114000130,360,314,46
114000131,285,89,196
114000132,469,238,231
114000133,427,637,-210
114000134,56,29,27
114000138,20,103,-83
114000139,313,372,-59
114000144,614,574,40
114000145,40,69,-29
114000146,68,83,-15
114000147,1171,2260,-1089
114000148,1233,1530,-297
114000149,228,271,-43
114000150,388,707,-319
114000151,627,1956,-1329
114000152,79,37,42
114000153,472,1387,-915
114000154,523,439,84
114000155,1193,2004,-811
114000156,682,493,189
114000157,209,1084,-875
114000158,733,502,231
114000159,149,365,-216
114000160,63,364,-301
114000161,831,2225,-1394
114000162,996,2053,-1057
114000163,14,33,-19
114000165,568,403,165
114000166,516,338,178
114000167,1843,1194,649
114000168,305,373,-68
114000169,836,1355,-519
114000170,890,1059,-169
114000171,1020,4812,-3792
114000174,140,333,-193
114000176,303,497,-194
114000177,866,495,371
114000178,36,37,-1
114000179,787,622,165
114000180,219,394,-175
114000181,1369,3507,-2138
114000182,966,1783,-817
114000183,497,582,-85
114000184,1524,512,1012
114000185,1061,615,446
114000189,1108,174,934
114000190,2815,460,2355
114000191,51,106,-55
114000192,94,744,-650
114000193,287,1077,-790
114000194,1225,587,638
114000195,219,68,151
114000196,4,69,-65
114000197,1702,33,1669
114000198,549,269,280
114000199,1351,1702,-351
114000200,410,610,-200
114000201,114,423,-309
114000202,790,325,465
114000203,542,455,87
114000204,113,282,-169
114000205,127,757,-630
114000206,552,919,-367
114000207,349,664,-315
114000208,344,962,-618
114000209,319,945,-626
114000210,183,541,-358
114000211,1063,1016,47
114000212,609,643,-34
114000213,1241,350,891
114000214,72,84,-12
114000215,184,41,143
114000216,1317,220,1097
114000217,401,111,290
114000218,160,137,23
114000219,1208,95,1113
114000220,19,327,-308
114000221,808,110,698
114000222,119,471,-352
114000223,463,116,347
114000224,42,305,-263
114000225,256,281,-25
114000226,170,188,-18
114000227,780,350,430
114000228,707,431,276
114000229,1075,747,328
114000230,1282,641,641
114000231,770,1048,-278
114000232,766,174,592
114000233,2191,95,2096
114000234,912,553,359
114000235,917,787,130
114000236,0,223,-223
114000237,100,429,-329
114000238,88,192,-104
114000239,117,560,-443
114000240,673,713,-40
114000241,249,513,-264
114000242,624,474,150
114000243,1600,753,847
114000244,568,235,333
114000245,332,621,-289
114000246,91,64,27
114000247,594,418,176
114000248,1112,503,609
114000249,392,294,98
114000250,631,374,257
114000251,415,170,245
114000252,55,22,33
114000253,44,37,7
114000254,37,20,17
114000255,337,135,202
114000256,255,1655,-1400
114000257,349,577,-228
114000258,297,204,93
114000259,111,165,-54
114000260,0,27,-27
114000261,49,28,21
114000262,272,52,220
114000263,9,1,8
114000264,911,276,635
114000265,1,1,0
114000267,3,1140,-1137
114000268,3,556,-553
114000270,303,43,260
114000271,217,32,185
114000283,1168,273,895
114000285,9,78,-69
114000288,93,148,-55
114000289,1158,139,1019
114000293,152,363,-211
114000294,164,190,-26
114000395,989,24,965
114000396,601,551,50
114000402,694,193,501
114000403,313,145,168
114000405,193,212,-19
114000423,407,154,253
114000424,373,68,305
114000425,858,147,711
114000426,240,629,-389
114000427,64,48,16
114000428,100,210,-110
114000429,15,115,-100
114000432,67,40,27
114000434,21,47,-26
114000435,1,126,-125
114900001,486,372,114
114900002,581,89,492
114900003,564,453,111
114900004,206,318,-112
114900005,473,279,194
114900006,85,57,28
114900007,265,17,248
114900008,142,87,55
114900010,802,1317,-515
114900011,157,124,33
114900013,216,113,103
114900015,30,230,-200
114900018,1283,63,1220
114900020,123,54,69
114900022,10,529,-519
114900024,81,31,50
114900025,434,153,281
114900026,77,114,-37
114900027,53,58,-5
114900029,187,27,160
114900030,207,94,113
114900031,358,14,344
114900032,376,16,360
114900033,171,401,-230
114900034,41,62,-21
114900035,90,160,-70
114900036,122,170,-48
114900037,49,18,31
114900038,64,82,-18
114900039,398,156,242
114900040,66,51,15
114900041,775,167,608
114900042,1010,170,840
114900043,132,50,82
114900044,147,34,113
114900046,14,24,-10
114900047,187,2010,-1823
114900048,97,206,-109
114900049,27,82,-55
114900050,46,129,-83
114900051,18,166,-148
114900052,82,169,-87
114900053,128,162,-34
114900054,38,34,4
114900057,190,6,184
114900058,0,58,-58
114900059,90,86,4
114900060,118,217,-99
114900061,34,26,8
114900062,39,62,-23
114900063,71,49,22
114900064,1633,130,1503
114900065,488,417,71
114900067,35,237,-202
114900068,46,100,-54
114900069,148,62,86
114900070,388,166,222
114900072,5,211,-206
114900073,1,76,-75
114900074,627,225,402
114900075,250,13,237
114900076,5,171,-166
114900080,767,212,555
114900082,1945,2130,-185
114900083,545,717,-172
114900090,326,201,125
114900091,80,120,-40
114900095,110,30,80
114900096,99,113,-14
114900097,198,2,196
114900098,3,81,-78
114900099,217,4,213
115000001,3191,1698,1493
115000002,3327,4367,-1040
115000003,3025,1392,1633
115000004,4069,5051,-982
115000005,1355,1318,37
115000006,1142,1205,-63
115000007,276,145,131
115000008,344,424,-80
115000009,246,203,43
115000010,223,131,92
115000013,33,161,-128
115000015,29,231,-202
115000016,47,170,-123
115000019,48,369,-321
115000020,138,818,-680
115000021,234,324,-90
115000022,522,265,257
115000023,266,482,-216
115000024,766,308,458
115000025,714,600,114
115000026,143,253,-110
115000027,217,236,-19
115000028,170,552,-382
115000029,640,94,546
115000030,540,828,-288
115000031,1022,218,804
115000032,3,202,-199
115000033,182,37,145
115000034,42,868,-826
115000035,943,71,872
115000036,2,297,-295
115000037,528,21,507
115000038,48,156,-108
115000039,2505,3008,-503
115000040,2765,1830,935
115000041,1505,3238,-1733
115000042,422,460,-38
115000043,3940,2085,1855
115000044,2944,2425,519
115000045,2083,805,1278
115000046,2481,2138,343
115000047,2271,978,1293
115000048,1439,1214,225
115000049,1110,2031,-921
115000050,2715,1229,1486
115000051,1417,2901,-1484
115000052,1158,1102,56
115000053,1788,1610,178
115000054,485,610,-125
115000055,210,757,-547
115000056,204,541,-337
115000057,579,1004,-425
115000058,381,401,-20
115000059,296,130,166
115000061,103,160,-57
115000062,173,206,-33
115000063,326,266,60
115000064,204,109,95
115000065,51,416,-365
115000067,173,24,149
115000069,67,228,-161
115000070,28,615,-587
115000071,73,4,69
115000072,11,38,-27
115000073,1297,71,1226
115000075,110,34,76
115000076,1999,1518,481
115000077,1794,1172,622
115000078,1142,734,408
115000079,1073,971,102
115000080,2175,1159,1016
115000081,388,598,-210
115000082,3607,3086,521
115000083,1614,980,634
115000084,2535,917,1618
115000085,889,459,430
115000086,1007,469,538
115000087,427,1013,-586
115000088,1484,489,995
115000089,921,798,123
115000090,327,576,-249
115000091,179,502,-323
115000092,736,388,348
115000093,491,1,490
115000094,3875,4818,-943
115000095,3106,5461,-2355
115000096,802,863,-61
115000097,1370,858,512
115000098,1162,479,683
115000099,2458,1354,1104
115000100,1002,289,713
115000101,469,872,-403
115000102,493,214,279
115000103,258,401,-143
115000105,45,113,-68
115000106,631,284,347
115000107,191,246,-55
115000108,1685,1579,106
115000109,2859,4395,-1536
115000110,1051,1546,-495
115000111,529,908,-379
115000112,650,626,24
115000113,471,550,-79
115000114,1206,456,750
115000116,2247,1908,339
115000117,1959,1991,-32
115000118,1743,1722,21
115000119,1313,1669,-356
115000120,479,1107,-628
115000121,756,663,93
115000122,909,1206,-297
115000123,649,1706,-1057
115000124,544,886,-342
115000125,371,595,-224
115000126,83,243,-160
115000127,266,81,185
115000128,260,747,-487
115000129,182,381,-199
115000130,423,366,57
115000131,750,260,490
115000132,349,161,188
115000133,556,147,409
115000134,249,153,96
115000135,180,115,65
115000136,249,185,64
115000137,91,115,-24
115000138,407,202,205
115000139,286,154,132
115000140,448,162,286
115000141,150,81,69
115000142,181,116,65
115000143,979,482,497
115000144,488,56,432
115000145,287,153,134
115000146,567,370,197
115000147,284,181,103
115000148,184,414,-230
115000149,543,157,386
115000150,437,376,61
115000151,904,378,526
115000152,470,387,83
115000153,914,379,535
115000154,757,241,516
115000155,491,442,49
115000156,769,536,233
115000157,272,609,-337
115000158,180,283,-103
115000159,396,546,-150
115000160,274,313,-39
115000161,82,274,-192
115000162,520,683,-163
115000163,460,583,-123
115000164,595,593,2
115000165,257,459,-202
115000167,118,52,66
115000168,316,318,-2
115000169,320,459,-139
115000170,73,151,-78
115000171,159,221,-62
115000172,505,524,-19
115000173,232,526,-294
115000174,37,326,-289
115000175,138,50,88
115000176,35,51,-16
115000177,35,45,-10
115000178,6,121,-115
115000179,16,22,-6
115000180,93,217,-124
115000181,614,106,508
115000182,893,248,645
115000183,374,380,-6
115000186,545,187,358
115000187,158,442,-284
115000188,355,453,-98
115000189,148,356,-208
115000190,527,452,75
115000191,98,388,-290
115000194,102,88,14
115000195,154,227,-73
115000196,276,124,152
115000197,257,182,75
115000198,361,117,244
115000199,396,69,327
115000200,353,78,275
115000201,173,189,-16
115000206,323,25,298
115000207,216,178,38
115000208,189,465,-276
115000209,528,241,287
115000210,134,84,50
115000211,194,175,19
115000212,874,248,626
115000224,266,50,216
115000225,78,70,8
115000229,140,69,71
115000230,111,343,-232
115000231,298,631,-333
115000232,1626,205,1421
115000233,82,116,-34
115000234,15,195,-180
115000241,78,145,-67
115000242,110,114,-4
115000243,49,90,-41
115000244,7,90,-83
115000246,43,26,17
115000247,28,16,12
115000248,26,20,6
115000249,8,12,-4
115000250,254,22,232
115000251,227,42,185
115000252,80,141,-61
115000253,27,366,-339
115000258,268,50,218
115000259,323,72,251
115000261,41,7,34
115000262,23,16,7
115000263,23,47,-24
115000264,47,35,12
115000267,69,70,-1
115000268,47,93,-46
115000269,95,52,43
115000270,6,12,-6
115000272,79,83,-4
115000273,486,33,453
115000280,1706,165,1541
115000281,205,697,-492
115000282,484,470,14
115000284,152,142,10
115000296,1106,5,1101
115000297,72,131,-59
115000298,29,419,-390
115000300,227,114,113
115000302,599,65,534
115000303,664,77,587
115000304,652,58,594
115000305,64,253,-189
115000306,131,137,-6
115000307,106,99,7
115000308,29,22,7
115000309,14,96,-82
115000310,1076,394,682
115000311,1064,931,133
115000313,117,221,-104
115000314,402,157,245
115000315,588,651,-63
115000316,100,95,5
115000317,139,345,-206
115000318,624,244,380
115000319,24,221,-197
115000320,14,253,-239
115000321,250,14,236
115000322,69,136,-67
115000449,115,99,16
115000557,4,1227,-1223
115000558,256,104,152
115000587,440,240,200
115000588,1621,1673,-52
115000589,3053,1822,1231
115000590,816,1071,-255
115000591,1403,644,759
115000592,337,1201,-864
115000593,1125,578,547
115000594,349,2086,-1737
115000609,200,157,43
115000617,475,2081,-1606
115000624,267,28,239
115000633,277,1128,-851
115000634,2520,608,1912
115000635,617,123,494
115000638,278,356,-78
115000641,23,174,-151
115000642,226,190,36
115000643,100,247,-147
115000644,129,230,-101
115000646,728,1342,-614
115000647,181,346,-165
115000648,1974,1136,838
115000893,1366,1208,158
115000894,126,705,-579
115000895,242,939,-697
115000896,927,485,442
115000897,385,127,258
115000898,256,185,71
115000899,238,1372,-1134
115000900,47,292,-245
115000901,30,145,-115
115000912,398,82,316
115000913,4,9,-5
115000915,10,0,10
115000916,9,0,9
115000917,0,6,-6
115000918,25,401,-376
115000919,1,9,-8
115000920,10,45,-35
115000921,186,69,117
115000922,414,677,-263
115000923,126,1452,-1326
115000925,124,90,34
115000927,59,52,7
115000933,108,398,-290
115000934,164,113,51
115000935,141,40,101
115000936,11,595,-584
115000937,624,141,483
115000938,66,262,-196
115000939,90,161,-71
115000940,5,11,-6
115000941,4,17,-13
115000942,5,139,-134
115000943,19,59,-40
115000944,0,4,-4
115900001,145,20,125
115900002,60,93,-33
115900003,155,31,124
115900004,2,11,-9
115900005,166,7,159
115900006,84,110,-26
115900008,43,5,38
115900009,41,95,-54
115900010,407,62,345
115900011,317,126,191
115900012,191,30,161
115900013,218,96,122
115900014,117,87,30
115900015,129,35,94
115900016,63,23,40
115900017,21,9,12
115900018,123,30,93
115900019,27,19,8
115900020,118,2,116
115900021,580,188,392
115900022,597,10,587
115900023,25,9,16
115900025,16,177,-161
115900026,465,95,370
115900027,1,96,-95
115900028,339,44,295
115900029,3,186,-183
115900030,29,25,4
115900031,182,241,-59
115900032,324,415,-91
115900033,2,15,-13
115900034,46,140,-94
115900035,38,23,15
115900036,24,1115,-1091
115900037,35,148,-113
115900038,72,29,43
115900039,115,104,11
115900041,238,611,-373
115900042,55,7,48
115900043,87,27,60
115900044,136,184,-48
115900046,398,149,249
115900047,132,183,-51
115900049,124,105,19
115900051,5,20,-15
115900052,13,141,-128
115900053,228,60,168
115900054,320,13,307
115900055,18,86,-68
115900056,119,92,27
115900057,25,25,0
115900058,33,33,0
115900060,67,44,23
115900061,195,1,194
115900062,49,133,-84
115900063,57,6,51
115900064,146,184,-38
115900065,130,20,110
115900066,80,49,31
115900067,14,228,-214
115900068,1424,849,575
115900069,101,120,-19
115900070,155,31,124
115900071,2,159,-157
115900072,34,78,-44
115900073,109,110,-1
115900074,4,155,-151
115900075,34,119,-85
115900076,2,24,-22
115900077,2,93,-91
115900078,48,103,-55
115900079,268,9,259
115900080,230,113,117
115900081,12,31,-19
115900082,131,96,35
115900084,503,17,486
115900085,27,46,-19
115900086,772,322,450
115900088,7,72,-65
115900089,395,318,77
115900090,449,13,436
115900091,0,17,-17
115900092,43,71,-28
115900093,9,6,3
115900094,4,108,-104
115900096,8,4,4
115900097,7,119,-112
115900098,276,190,86
115900099,34,31,3
115900100,16,177,-161
115900101,168,116,52
115900102,90,29,61
115900103,278,93,185
115900104,75,39,36
115900105,322,174,148
115900106,119,20,99
115900107,117,54,63
115900108,189,30,159
115900109,46,158,-112
115900110,2,9,-7
115900111,1,56,-55
115900112,43,368,-325
115900113,55,11,44
115900114,2,79,-77
115900115,114,140,-26
115900116,77,331,-254
115900117,80,13,67
115900118,4,111,-107
115900119,111,79,32
115900120,15,141,-126
115900121,194,92,102
115900124,235,621,-386
115900125,292,50,242
115900126,604,78,526
115900127,649,34,615
115900128,4,30,-26
115900129,559,57,502
115900130,17,192,-175
115900131,366,25,341
115900132,799,14,785
115900134,281,30,251
115900135,264,916,-652
115900137,65,10,55
115900139,12,41,-29
115900140,384,21,363
115900141,4,20,-16
115900142,2,27,-25
115900143,205,239,-34
115900144,114,141,-27
115900146,10,50,-40
115900147,174,264,-90
115900148,119,6,113
115900149,99,10,89
115900150,91,21,70
115900151,17,68,-51
115900152,157,199,-42
115900153,89,126,-37
115900154,311,251,60
115900155,0,16,-16
115900156,565,701,-136
115900157,234,315,-81
115900158,4,2,2
115900159,143,124,19
115900160,3,9,-6
115900161,19,74,-55
115900163,179,74,105
115900164,593,18,575
115900166,138,58,80
115900168,109,84,25
115900171,87,203,-116
115900172,34,60,-26
115900173,250,81,169
115900174,125,189,-64
115900175,138,133,5
115900178,10,274,-264
115900179,359,10,349
115900180,36,62,-26
115900181,182,75,107
115900182,430,73,357
115900183,7,49,-42
115900184,459,8,451
115900187,8,111,-103
115900189,1,153,-152
115900190,97,855,-758
115900191,17,132,-115
115900192,7,77,-70
115900193,193,89,104
115900194,627,44,583
115900195,308,2038,-1730
115900198,203,225,-22
115900199,206,110,96
115900200,211,140,71
115900201,274,317,-43
115900202,0,69,-69
115900203,4,26,-22
115900204,0,8,-8
115900205,44,14,30
115900206,212,113,99
115900207,45,4,41
115900208,104,48,56
115900209,6,62,-56
115900210,7,177,-170
115900211,0,76,-76
115900212,161,129,32
115900213,42,95,-53
115900214,544,87,457
115900215,26,161,-135
115900216,5,78,-73
115900217,0,18,-18
115900218,0,24,-24
115900219,119,3,116
115900220,217,3,214
115900221,83,9,74
115900222,61,33,28
115900223,14,417,-403
115900224,382,1299,-917
115900225,51,21,30
115900226,32,37,-5
115900227,28,39,-11
115900228,9,23,-14
115900229,6,14,-8
115900230,30,69,-39
115900231,130,2,128
115900232,31,0,31
115900233,52,7,45
115900234,29,14,15
115900235,6,35,-29
115900236,17,60,-43
115900237,23,22,1
115900238,17,9,8
115900239,14,24,-10
115900240,20,25,-5
115900241,174,36,138
115900242,209,284,-75
115900243,7,5,2
115900244,22,16,6
115900245,78,1,77
115900246,7,18,-11
115900247,15,14,1
115900248,10,2,8
115900249,14,10,4
115900250,15,11,4
115900251,2,5,-3
115900252,2,1,1
115900253,7,11,-4
115900254,4,27,-23
115900255,1,20,-19
115900256,24,28,-4
115900257,3,13,-10
115900258,0,1,-1
115900259,8,7,1
115900260,11,2,9
115900261,15,1,14
115900262,3,1,2
115900263,35,1,34
115900264,14,1,13
115900265,6,8,-2
115900266,2,19,-17
115900267,2,11,-9
115900268,5,34,-29
115900269,499,146,353
115900270,333,119,214
115900271,174,0,174
115900272,45,4,41
115900273,10,35,-25
115900274,0,5,-5
115900275,0,11,-11
115900276,0,8,-8
115900277,1,60,-59
115900278,32,54,-22
115900279,29,143,-114
115900280,14,480,-466
115900281,171,335,-164
115900282,17,14,3
115900283,11,22,-11
115900284,17,5,12
116000001,4865,2228,2637
116000002,3738,11431,-7693
116000003,924,1092,-168
116000004,2527,3883,-1356
116000005,965,2375,-1410
116000006,2119,2710,-591
116000007,1679,2013,-334
116000008,3596,2428,1168
116000009,900,1110,-210
116000010,2348,1481,867
116000011,596,981,-385
116000012,1580,1049,531
116000013,3828,2798,1030
116000014,6451,13387,-6936
116000015,105,1292,-1187
116000016,3287,3425,-138
116000017,25,663,-638
116000018,413,227,186
116000019,768,260,508
116000020,570,716,-146
116000021,572,253,319
116000022,312,195,117
116000023,1213,726,487
116000024,511,615,-104
116000025,731,715,16
116000026,1296,2408,-1112
116000027,501,551,-50
116000028,397,812,-415
116000029,352,610,-258
116000030,554,436,118
116000031,129,257,-128
116000032,267,107,160
116000033,370,369,1
116000034,601,656,-55
116000035,298,466,-168
116000036,805,1794,-989
116000037,385,414,-29
116000038,197,713,-516
116000039,248,653,-405
116000040,413,515,-102
116000041,78,472,-394
116000042,639,383,256
116000043,92,522,-430
116000044,16,49,-33
116000045,1506,1224,282
116000046,790,1277,-487
116000047,1179,1909,-730
116000048,1728,1422,306
116000049,1291,2995,-1704
116000050,1261,1033,228
116000051,4874,2866,2008
116000052,4970,4300,670
116000053,1899,657,1242
116000054,898,2194,-1296
116000055,717,761,-44
116000056,937,731,206
116000057,2024,974,1050
116000058,2572,2085,487
116000059,1890,3256,-1366
116000060,1396,900,496
116000061,580,943,-363
116000062,326,171,155
116000063,450,1236,-786
116000066,185,518,-333
116000067,214,349,-135
116000068,145,366,-221
116000069,227,161,66
116000078,494,856,-362
116000080,1549,575,974
116000082,1,22,-21
116000083,1672,396,1276
116000084,1213,1920,-707
116000085,1872,1882,-10
116000086,1091,627,464
116000087,2237,1588,649
116000088,707,620,87
116000089,149,63,86
116000090,122,122,0
116000091,198,271,-73
116000093,585,278,307
116000094,649,393,256
116000095,850,387,463
116000096,745,1145,-400
116000097,1085,462,623
116000098,80,5287,-5207
116000099,3365,234,3131
116000100,244,14,230
116000101,956,344,612
116000102,216,536,-320
116000103,430,214,216
116000104,199,640,-441
116000105,1007,107,900
116000106,394,635,-241
116000107,2513,271,2242
116000108,59,147,-88
116000111,107,37,70
116000113,177,111,66
116000114,45,68,-23
116000115,391,189,202
116000116,226,189,37
116000117,1452,1359,93
116000118,1478,863,615
116000119,3185,1285,1900
116000120,2248,2209,39
116000121,831,546,285
116000122,902,747,155
116000123,1058,431,627
116000124,318,395,-77
116000125,2869,613,2256
116000126,351,803,-452
116000127,671,648,23
116000128,1758,708,1050
116000129,1273,193,1080
116000130,707,494,213
116000133,1164,618,546
116000134,1305,970,335
116000135,2420,1088,1332
116000136,691,1073,-382
116000137,1161,544,617
116000138,780,602,178
116000139,1257,1711,-454
116000140,127,139,-12
116000141,334,293,41
116000142,2027,1671,356
116000143,1697,1431,266
116000144,1306,1202,104
116000145,1593,740,853
116000146,783,67,716
116000147,186,106,80
116000148,643,726,-83
116000149,615,639,-24
116000151,420,329,91
116000153,136,222,-86
116000155,145,173,-28
116000156,445,574,-129
116000157,88,6,82
116000158,345,238,107
116000159,11,14,-3
116000160,22,25,-3
116000161,11,46,-35
116000162,56,89,-33
116000163,33,8,25
116000164,4,34,-30
116000177,58,82,-24
116000194,78,320,-242
116000195,922,507,415
116000196,0,0,0
116000197,4,6,-2
116000198,1810,835,975
116000200,465,507,-42
116000201,537,507,30
116000202,15,122,-107
116000203,1,67,-66
116000204,22,25,-3
116000205,1,132,-131
116000206,4,280,-276
116000207,6,86,-80
116000233,160,340,-180
116000287,147,218,-71
116000288,314,89,225
116000292,0,0,0
116000296,18,113,-95
116000297,127,11,116
116000304,186,27,159
116000305,39,50,-11
116000346,106,65,41
116000352,99,54,45
116000354,42,22,20
116000357,19,20,-1
116000358,357,86,271
116000361,98,4,94
116000372,2286,4504,-2218
116000381,75,1,74
116000388,1,23,-22
116000389,592,395,197
116000445,431,239,192
116000446,556,273,283
116000447,6,450,-444
116000448,403,133,270
116000563,527,695,-168
116000565,54,171,-117
116000568,64,330,-266
116000579,20,70,-50
116000583,111,55,56
116000584,57,9,48
116000585,44,20,24
116000586,54,71,-17
116000587,446,423,23
116000589,117,63,54
116000590,110,81,29
116000591,286,162,124
116000592,8,33,-25
116000593,0,16,-16
116000594,635,182,453
116000595,568,90,478
116000596,123,11,112
116000597,364,149,215
116000598,16,102,-86
116000605,143,89,54
116000606,74,312,-238
116000607,40,43,-3
116000609,102,878,-776
116000611,270,244,26
116000612,850,1649,-799
116000613,714,241,473
116000614,345,277,68
116000615,0,418,-418
116000616,53,55,-2
116000617,101,11,90
116000618,5,45,-40
116000619,40,69,-29
116000620,172,111,61
116000621,80,68,12
116000622,89,119,-30
116000624,281,95,186
116000627,123,33,90
116000628,54,210,-156
116000629,15,172,-157
116000630,532,28,504
116000631,263,22,241
116000632,829,20,809
116000633,146,163,-17
116000634,385,55,330
116000635,1913,2401,-488
116000636,460,1101,-641
116000637,505,44,461
116000638,131,160,-29
116000639,17,0,17
116000640,47,26,21
116000641,2,11,-9
116000643,1,25,-24
116000644,24,140,-116
116000645,16,6,10
116900001,225,142,83
116900002,179,2,177
116900003,54,19,35
116900004,39,53,-14
116900005,333,42,291
116900006,66,112,-46
116900007,146,158,-12
116900008,470,141,329
116900009,6,6,0
116900010,2,534,-532
116900011,58,24,34
116900012,329,191,138
116900013,8,76,-68
116900014,148,82,66
116900016,216,0,216
116900017,2,277,-275
116900018,79,36,43
116900019,2,103,-101
116900020,380,408,-28
116900023,106,7,99
116900025,1031,410,621
116900026,69,327,-258
116900027,20,19,1
116900028,2,53,-51
116900029,99,887,-788
116900031,3,0,3
116900032,1,160,-159
116900033,22,6,16
116900034,5,26,-21
116900035,124,89,35
116900036,1,75,-74
116900038,61,1,60
116900041,51,11,40
116900042,234,153,81
116900043,13,38,-25
116900047,17,199,-182
116900049,24,213,-189
116900050,91,218,-127
116900051,162,51,111
116900052,165,39,126
116900055,0,4,-4
116900057,29,92,-63
116900058,14,217,-203
116900059,1,61,-60
116900060,136,124,12
116900062,0,12,-12
116900064,82,185,-103
116900065,27,73,-46
116900067,93,29,64
116900068,124,109,15
116900070,3,4,-1
116900072,38,143,-105
116900073,24,43,-19
116900074,3,25,-22
116900076,17,54,-37
116900077,9,45,-36
116900078,146,57,89
116900079,37,94,-57
116900080,8,10,-2
116900081,288,697,-409
116900082,357,649,-292
116900083,19,20,-1
116900084,65,38,27
116900085,12,34,-22
116900086,38,112,-74
116900088,205,41,164
116900090,60,23,37
116900091,318,18,300
116900092,72,359,-287
116900093,2043,1233,810
116900094,2319,3599,-1280
116900095,115,145,-30
116900096,50,189,-139
116900097,1309,2728,-1419
116900098,610,403,207
116900099,309,484,-175
116900100,811,49,762
116900101,187,374,-187
116900103,12,0,12
116900104,46,113,-67
116900105,226,142,84
116900106,2064,97,1967
116900107,1482,2148,-666
116900110,32,2,30
116900111,655,319,336
116900112,296,403,-107
116900113,758,1919,-1161
116900116,41,897,-856
116900117,144,182,-38
116900118,703,819,-116
116900120,382,39,343
116900121,164,18,146
116900122,991,262,729
116900123,263,281,-18
116900124,105,601,-496
116900125,259,38,221
116900126,63,472,-409
116900128,0,38,-38
116900129,7,165,-158
116900130,477,2745,-2268
116900131,40,178,-138
116900132,52,119,-67
116900133,97,71,26
116900134,183,183,0
116900136,264,235,29
116900137,182,109,73
116900138,104,113,-9
116900139,118,272,-154
116900140,136,96,40
116900141,568,251,317
116900142,3,228,-225
116900143,284,179,105
116900144,4,90,-86
116900145,41,128,-87
116900147,297,1211,-914
116900148,26,75,-49
116900149,62,246,-184
116900150,4,41,-37
116900151,52,43,9
116900153,134,72,62
116900154,155,463,-308
116900155,67,89,-22
116900157,558,122,436
116900158,115,267,-152
116900159,58,340,-282
116900160,701,985,-284
116900161,3159,6838,-3679
116900162,20,53,-33
116900163,213,40,173
116900164,46,66,-20
116900165,359,397,-38
116900166,73,40,33
116900167,441,55,386
116900168,368,29,339
116900169,267,1121,-854
116900170,365,536,-171
116900171,55,49,6
116900172,96,451,-355
116900173,171,22,149
116900174,83,118,-35
116900175,126,340,-214
116900178,30,66,-36
116900179,71,396,-325
116900180,72,20,52
116900182,812,245,567
116900183,197,61,136
116900185,17,22,-5
116900186,58,99,-41
116900187,40,63,-23
116900188,107,35,72
116900189,0,0,0
116900191,274,398,-124
116900192,254,77,177
116900194,129,1537,-1408
116900195,41,23,18
116900196,7,34,-27
116900197,107,6,101
116900198,53,265,-212
116900200,78,5,73
116900201,112,15,97
116900202,97,25,72
116900203,131,3,128
116900204,34,108,-74
116900206,13,4,9
116900207,21,18,3
116900208,18,69,-51
116900209,15,57,-42
116900210,645,259,386
116900211,196,3,193
116900212,80,18,62
116900213,171,56,115
116900214,174,141,33
116900215,24,37,-13
116900216,223,136,87
116900218,45,212,-167
116900219,904,230,674
116900220,161,190,-29
116900221,110,193,-83
116900222,462,309,153
116900223,122,228,-106
116900226,68,31,37
116900227,204,37,167
116900228,305,89,216
116900230,111,264,-153
116900233,779,100,679
116900234,19,11,8
116900235,109,158,-49
116900238,1067,237,830
116900239,14,794,-780
116900240,2733,2744,-11
116900241,52,43,9
116900242,450,583,-133
116900243,1,13,-12
116900245,24,38,-14
116900246,156,31,125
116900247,883,31,852
116900248,87,31,56
116900249,404,39,365
116900250,359,25,334
116900251,342,514,-172
116900252,119,461,-342
116900254,26,63,-37
116900255,76,76,0
116900256,411,107,304
116900257,29,322,-293
116900258,3,82,-79
116900259,354,6,348
116900260,3,59,-56
116900261,92,3,89
116900262,179,88,91
116900263,0,20,-20
116900264,22,9,13
116900265,53,0,53
116900266,267,81,186
116900267,1,1,0
116900268,144,89,55
116900269,217,625,-408
116900271,486,279,207
116900272,252,177,75
116900273,36,144,-108
116900274,156,44,112
116900275,145,59,86
116900276,233,215,18
116900277,53,9,44
116900278,6,3,3
116900279,3,38,-35
116900280,216,27,189
116900281,2600,4290,-1690
116900282,7,86,-79
116900283,15,43,-28
116900284,4,101,-97
116900285,114,172,-58
116900286,91,12,79
116900287,7,12,-5
116900288,74,59,15
116900289,18,7,11
116900290,7,10,-3
116900291,29,12,17
116900292,0,19,-19
116900293,75,19,56
116900294,19,94,-75
116900295,86,136,-50
116900296,30,195,-165
116900297,1,99,-98
116900298,67,203,-136
116900299,15,175,-160
116900300,2,91,-89
116900301,25,327,-302
116900302,11,104,-93
116900303,79,122,-43
116900304,2,192,-190
116900305,11,24,-13
116900306,272,65,207
116900307,182,3,179
116900308,0,39,-39
116900309,386,121,265
117000001,2000,1634,366
117000002,1588,2879,-1291
117000003,4894,2827,2067
117000004,2049,3548,-1499
117000005,2285,1818,467
117000006,829,1905,-1076
117000007,4182,996,3186
117000008,717,2073,-1356
117000009,3886,1483,2403
117000010,1595,2078,-483
117000011,2240,1194,1046
117000012,1082,758,324
117000013,1894,745,1149
117000014,1078,1896,-818
117000015,1985,1131,854
117000016,117,288,-171
117000017,106,249,-143
117000018,87,713,-626
117000019,35,47,-12
117000020,358,1361,-1003
117000021,902,563,339
117000022,191,224,-33
117000023,42,481,-439
117000024,111,479,-368
117000025,208,1453,-1245
117000026,1270,1921,-651
117000027,725,3170,-2445
117000028,735,1840,-1105
117000030,241,425,-184
117000031,369,259,110
117000032,1068,1045,23
117000033,1148,607,541
117000034,336,228,108
117000035,363,283,80
117000036,395,253,142
117000037,299,175,124
117000038,147,370,-223
117000039,352,191,161
117000040,205,506,-301
117000041,992,101,891
117000044,9,451,-442
117000045,453,103,350
117000046,383,600,-217
117000047,923,605,318
117000048,1187,504,683
117000049,79,414,-335
117000050,127,1069,-942
117000051,2339,64,2275
117000052,34,239,-205
117000053,505,23,482
117000054,1569,4,1565
117000055,49,1426,-1377
117000056,667,21,646
117000057,422,1569,-1147
117000060,408,778,-370
117000061,1889,849,1040
117000062,216,501,-285
117000063,1741,1015,726
117000064,447,491,-44
117000066,414,588,-174
117000067,100,462,-362
117000074,77,161,-84
117000076,120,51,69
117000077,137,128,9
117000078,113,448,-335
117000079,398,205,193
117000080,1,240,-239
117000081,978,103,875
117000082,13,55,-42
117000083,191,6,185
117000084,146,0,146
117000085,232,651,-419
117000086,598,286,312
117000087,64,408,-344
117000088,322,112,210
117000089,1642,191,1451
117000090,229,703,-474
117000091,917,207,710
117000092,264,698,-434
117000093,1275,681,594
117000094,1035,1445,-410
117000095,3277,651,2626
117000096,634,1342,-708
117000097,1488,825,663
117000098,1627,2473,-846
117000099,3891,1061,2830
117000100,192,284,-92
117000101,127,642,-515
117000102,1898,661,1237
117000103,586,953,-367
117000104,1487,546,941
117000105,504,885,-381
117000106,1444,578,866
117000107,420,1025,-605
117000108,1903,745,1158
117000109,866,1411,-545
117000110,1777,1161,616
117000111,3229,3133,96
117000112,3049,1174,1875
117000113,130,122,8
117000114,256,145,111
117000115,59,62,-3
117000116,154,169,-15
117000117,1144,917,227
117000118,219,121,98
117000119,97,318,-221
117000120,98,860,-762
117000121,17,778,-761
117000122,428,831,-403
117000123,1219,35,1184
117000124,133,129,4
117000125,115,453,-338
117000126,52,15,37
117000127,97,261,-164
117000128,147,572,-425
117000129,226,1038,-812
117000130,133,2,131
117000131,0,65,-65
117000132,2823,29,2794
117000133,1944,15,1929
117000134,1,89,-88
117000135,3,84,-81
117000136,0,27,-27
117000137,152,126,26
117000138,3,542,-539
117000140,339,935,-596
117000141,1667,441,1226
117000181,250,149,101
117000182,951,668,283
117000195,111,492,-381
117000196,260,163,97
117000225,51,114,-63
117000226,3,184,-181
117000276,356,27,329
117000277,0,135,-135
117000310,1069,1791,-722
117000315,129,567,-438
117000320,81,0,81
117000906,395,14,381
117000907,8,172,-164
117000909,37,29,8
117000910,234,119,115
117000911,97,97,0
117000915,6,223,-217
117000916,44,3,41
117000917,1159,26,1133
117000918,58,52,6
117000919,16,27,-11
117000920,1,570,-569
117000921,2,457,-455
117000922,22,38,-16
117000924,436,614,-178
117000926,405,157,248
117000927,270,611,-341
117000928,1,69,-68
117000929,245,196,49
117000930,346,19,327
117000931,69,101,-32
117900002,47,454,-407
117900003,255,271,-16
117900005,2,114,-112
117900006,0,21,-21
117900007,125,58,67
117900008,0,13,-13
117900010,308,59,249
117900011,20,277,-257
117900012,60,48,12
117900013,2,125,-123
117900014,639,144,495
117900015,13,60,-47
117900016,751,729,22
117900017,542,326,216
117900018,163,371,-208
117900019,478,201,277
117900020,58,454,-396
117900021,30,48,-18
117900023,1185,111,1074
117900024,57,70,-13
117900025,40,12,28
117900026,428,136,292
117900028,46,6,40
117900029,252,347,-95
117900030,541,199,342
117900031,134,260,-126
117900032,800,518,282
117900033,322,341,-19
117900034,58,21,37
117900035,195,94,101
117900036,208,218,-10
117900037,153,58,95
117900038,27,94,-67
117900039,3,33,-30
117900040,118,174,-56
117900041,1,31,-30
117900042,2346,258,2088
117900043,13,46,-33
117900044,11,3180,-3169
117900045,213,133,80
117900048,334,125,209
117900049,274,223,51
117900050,8,278,-270
117900051,14,4,10
117900052,61,397,-336
117900053,1592,275,1317
117900054,5,29,-24
117900055,693,136,557
117900056,40,51,-11
117900057,795,947,-152
117900058,37,58,-21
117900059,168,75,93
117900060,2468,2745,-277
117900061,29,325,-296
117900063,308,127,181
117900065,442,680,-238
117900066,16,77,-61
117900067,636,96,540
117900069,746,167,579
117900070,83,107,-24
117900071,125,86,39
117900073,645,138,507
117900074,60,218,-158
117900075,84,65,19
117900076,39,54,-15
117900077,391,121,270
117900078,298,677,-379
117900080,140,41,99
117900081,296,248,48
117900082,439,297,142
117900083,430,226,204
117900086,182,16,166
117900087,115,27,88
117900088,1769,1261,508
117900089,2024,627,1397
117900090,521,230,291
117900091,69,85,-16
117900092,84,25,59
117900093,93,31,62
117900094,32,44,-12
117900095,396,513,-117
117900096,114,197,-83
117900097,326,29,297
117900098,35,9,26
117900099,155,253,-98
117900100,268,0,268
117900101,435,1712,-1277
117900102,93,13,80
117900103,51,2,49
117900104,14,342,-328
117900105,87,131,-44
117900106,116,41,75
117900107,33,0,33
117900109,697,296,401
117900110,125,1,124
117900111,454,21,433
117900112,38,6,32
117900113,1158,1545,-387
117900114,26,0,26
117900115,58,141,-83
117900116,596,659,-63
117900117,595,193,402
117900118,87,0,87
117900119,257,64,193
117900120,280,25,255
117900121,49,13,36
117900122,853,3418,-2565
117900123,609,291,318
117900124,521,417,104
117900125,1250,1597,-347
117900126,185,385,-200
117900127,391,219,172
117900128,326,285,41
117900129,80,1,79
117900130,562,283,279
117900131,2,40,-38
117900132,26,65,-39
117900133,8,41,-33
117900134,26,198,-172
117900135,21,91,-70
117900136,0,29,-29
117900137,15,104,-89
117900138,0,25,-25
117900139,109,49,60
117900140,2787,226,2561
117900141,95,152,-57
117900142,56,145,-89
117900144,31,564,-533
117900145,23,129,-106
117900146,107,183,-76
117900147,73,42,31
117900148,1692,1651,41
117900149,151,119,32
117900150,29,44,-15
117900151,29,54,-25
117900152,38,47,-9
117900153,6,95,-89
117900154,393,351,42
117900156,521,458,63
117900157,42,435,-393
117900158,256,102,154
117900160,620,689,-69
117900161,1490,981,509
117900162,532,347,185
117900163,17,271,-254
117900165,0,19,-19
117900166,103,533,-430
117900168,119,154,-35
117900169,0,60,-60
117900170,2,35,-33
117900171,1,33,-32
117900172,4,28,-24
117900173,113,104,9
117900174,11,43,-32
117900175,2,9,-7
117900176,17,21,-4
117900177,19,28,-9
117900178,62,29,33
117900180,192,47,145
117900181,37,489,-452
117900182,2,39,-37
117900183,75,156,-81
117900184,25,43,-18
117900185,49,43,6
117900186,60,16,44
117900187,32,4,28
117900188,167,24,143
117900189,57,16,41
117900190,32,1,31
117900191,80,1,79
117900192,258,4,254
117900193,0,30,-30
117900194,11,11,0
117900195,23,65,-42
117900196,11,32,-21
117900207,133,125,8
117900208,23,13,10
117900209,151,117,34
117900210,60,155,-95
117900211,3,87,-84
117900212,146,119,27
117900213,19,23,-4
117900214,11,14,-3
117900215,33,60,-27
117900216,24,21,3
117900217,30,259,-229
117900218,68,111,-43
117900219,6,117,-111
117900220,57,179,-122
117900222,155,171,-16
117900223,84,284,-200
118000001,478,1145,-667
118000002,344,1133,-789
118000003,1986,3375,-1389
118000004,1719,2194,-475
118000005,2214,3902,-1688
118000006,2066,5406,-3340
118000007,3345,4020,-675
118000008,1576,2648,-1072
118000009,1281,2028,-747
118000010,4532,2699,1833
118000011,1361,1080,281
118000012,729,989,-260
118000013,1476,1325,151
118000014,1582,1332,250
118000016,203,206,-3
118000017,533,271,262
118000018,335,259,76
118000019,1324,1612,-288
118000020,695,2431,-1736
118000021,534,2536,-2002
118000022,946,598,348
118000023,508,201,307
118000024,687,856,-169
118000027,6176,8100,-1924
118000029,361,663,-302
118000032,311,2565,-2254
118000033,2118,4596,-2478
118000034,2831,2558,273
118000035,1870,2335,-465
118000036,566,1072,-506
118000037,533,758,-225
118000038,260,75,185
118000039,62,96,-34
118000040,1269,943,326
118000041,2102,1063,1039
118000045,185,190,-5
118000046,720,833,-113
118000047,485,1163,-678
118000048,1273,2008,-735
118000051,1652,3154,-1502
118000052,1263,1498,-235
118000053,189,302,-113
118000054,1514,579,935
118000055,1153,1102,51
118000056,262,366,-104
118000057,175,237,-62
118000058,1544,2431,-887
118000059,1204,1697,-493
118000060,1108,481,627
118000061,1222,892,330
118000062,354,227,127
118000063,262,774,-512
118000064,524,1151,-627
118000065,1421,1136,285
118000066,898,2043,-1145
118000067,353,517,-164
118000068,813,4640,-3827
118000069,1372,809,563
118000070,2893,1513,1380
118000071,1941,5774,-3833
118000072,632,1580,-948
118000073,483,775,-292
118000074,381,418,-37
118000075,632,159,473
118000076,1080,2940,-1860
118000077,871,1195,-324
118000078,1461,2226,-765
118000079,173,420,-247
118000080,607,882,-275
118000081,1420,1461,-41
118000082,252,1106,-854
118000083,964,1529,-565
118000084,2042,1452,590
118000086,172,476,-304
118000087,2609,1799,810
118000088,1129,1229,-100
118000089,2628,1913,715
118000090,949,2254,-1305
118000091,812,2452,-1640
118000092,594,504,90
118000093,61,559,-498
118000096,402,532,-130
118000097,626,683,-57
118000098,240,146,94
118000099,785,428,357
118000101,1096,291,805
118000102,518,668,-150
118000107,1005,389,616
118000108,428,2447,-2019
118000110,6,61,-55
118000111,1,99,-98
118000112,646,3,643
118000113,5,209,-204
118000114,396,7,389
118000115,2,3,-1
118000116,17,0,17
118000117,596,574,22
118000118,707,1129,-422
118000119,798,1194,-396
118000120,960,818,142
118000121,42,624,-582
118000122,744,266,478
118000123,66,239,-173
118000125,836,657,179
118000126,436,1333,-897
118000127,993,598,395
118000128,345,1007,-662
118000129,770,410,360
118000130,1454,2091,-637
118000131,232,384,-152
118000132,2367,1792,575
118000133,1062,463,599
118000135,451,466,-15
118000136,143,416,-273
118000137,391,92,299
118000138,405,283,122
118000139,442,82,360
118000140,2360,5108,-2748
118000141,2058,1373,685
118000142,1721,1199,522
118000143,2400,1150,1250
118000144,861,501,360
118000145,1436,913,523
118000146,1167,401,766
118000147,865,983,-118
118000148,534,817,-283
118000149,947,643,304
118000150,451,262,189
118000151,558,307,251
118000153,1366,914,452
118000154,1323,1337,-14
118000155,1591,1090,501
118000156,1321,1914,-593
118000157,560,267,293
118000158,247,357,-110
118000159,48,74,-26
118000160,518,347,171
118000161,504,396,108
118000162,1142,803,339
118000163,925,597,328
118000164,1514,1191,323
118000168,440,551,-111
118000169,790,673,117
118000170,2230,2112,118
118000171,389,282,107
118000172,110,177,-67
118000173,831,869,-38
118000175,280,407,-127
118000176,268,539,-271
118000177,255,563,-308
118000178,35,53,-18
118000179,801,1168,-367
118000180,659,588,71
118000181,615,244,371
118000182,294,228,66
118000183,186,265,-79
118000184,922,500,422
118000185,712,1206,-494
118000186,669,1091,-422
118000187,1470,357,1113
118000188,425,76,349
118000189,608,284,324
118000190,1,13,-12
118000191,18,13,5
118000192,37,119,-82
118000193,23,189,-166
118000194,935,646,289
118000195,189,1462,-1273
118000196,127,228,-101
118000197,54,138,-84
118000198,258,702,-444
118000199,194,435,-241
118000200,60,208,-148
118000201,236,574,-338
118000202,18,80,-62
118000203,266,656,-390
118000204,54,323,-269
118000205,93,249,-156
118000206,180,155,25
118000207,0,32,-32
118000208,1214,1081,133
118000209,1886,996,890
118000210,84,34,50
118000211,32,29,3
118000213,729,2712,-1983
118000214,230,486,-256
118000215,285,91,194
118000216,2187,868,1319
118000217,25,58,-33
118000218,82,45,37
118000219,276,158,118
118000220,5,41,-36
118000221,265,262,3
118000222,65,5,60
118000223,31,50,-19
118000224,70,66,4
118000225,108,511,-403
118000226,763,155,608
118000227,505,293,212
118000228,37,170,-133
118000229,42,121,-79
118000230,139,140,-1
118000231,40,164,-124
118000232,690,302,388
118000233,1028,472,556
118000234,455,91,364
118000236,226,211,15
118000237,121,163,-42
118000238,193,125,68
118000239,311,205,106
118000240,152,103,49
118000241,159,74,85
118000242,354,205,149
118000243,214,140,74
118000244,59,53,6
118000246,0,28,-28
118000255,57,232,-175
118000256,171,210,-39
118000259,9,50,-41
118000260,176,45,131
118000261,32,15,17
118000263,56,75,-19
118000266,126,114,12
118000267,0,103,-103
118000268,162,0,162
118000270,116,3,113
118000271,191,166,25
118000272,136,33,103
118000273,202,49,153
118000274,65,186,-121
118000276,465,196,269
118000295,11,133,-122
118000298,82,167,-85
118000299,59,78,-19
118000301,0,99,-99
118000302,82,42,40
118000311,630,67,563
118000312,267,111,156
118000313,40,43,-3
118000314,168,24,144
118000315,12,7,5
118000316,630,340,290
118000325,26,12,14
118000326,41,13,28
118000331,35,16,19
118000332,6,13,-7
118000333,16,31,-15
118000335,367,1,366
118000336,0,122,-122
118000407,208,27,181
118000457,5,60,-55
118000465,808,2883,-2075
118000480,32,32,0
118000489,12,347,-335
118000490,24,103,-79
118000492,343,143,200
118000510,38,21,17
118000514,60,336,-276
118000515,524,671,-147
118000517,206,141,65
118000524,142,263,-121
118000525,387,512,-125
118000530,17,71,-54
118000531,284,192,92
118000532,259,188,71
118000533,212,93,119
118000534,517,306,211
118000535,235,96,139
118000536,97,758,-661
118000537,14,98,-84
118000538,24,79,-55
118000539,13,90,-77
118000540,181,85,96
118000541,156,43,113
118000542,102,147,-45
118000543,122,166,-44
118000546,30,17,13
118000553,0,0,0
118000557,0,0,0
118000560,1032,1776,-744
118000562,22,94,-72
118000563,935,733,202
118000576,264,114,150
118000577,223,139,84
118000578,158,83,75
118000579,411,954,-543
118000583,0,1,-1
118000595,237,89,148
118000596,1,225,-224
118000597,167,122,45
118000598,5,1,4
118000599,103,62,41
118000600,4,3,1
118000601,5,0,5
118000602,2,4,-2
118000603,0,9,-9
118000605,67,104,-37
118000606,0,0,0
118900001,371,942,-571
118900002,574,760,-186
118900003,451,10,441
118900004,52,17,35
118900005,113,11,102
118900006,133,2,131
118900007,1,1,0
118900008,1045,57,988
118900009,79,50,29
118900010,47,6,41
118900011,114,11,103
118900012,284,173,111
118900013,542,232,310
118900015,227,56,171
118900016,20,4,16
118900017,115,293,-178
118900018,927,38,889
118900019,22,20,2
118900020,108,151,-43
118900021,106,224,-118
118900022,106,99,7
118900023,101,88,13
118900024,81,152,-71
118900025,32,20,12
118900026,47,46,1
118900027,336,111,225
118900028,169,108,61
118900029,281,412,-131
118900030,426,43,383
118900031,129,49,80
118900032,256,85,171
118900033,269,502,-233
118900034,158,28,130
118900035,107,74,33
118900036,1106,457,649
118900037,246,372,-126
118900038,421,57,364
118900039,485,85,400
118900040,212,146,66
118900041,506,140,366
118900042,139,75,64
118900045,322,132,190
118900046,567,292,275
118900047,311,217,94
118900048,95,336,-241
118900049,53,46,7
118900050,62,18,44
118900051,62,100,-38
118900052,196,265,-69
118900053,33,106,-73
118900054,128,25,103
118900055,76,46,30
118900056,27,256,-229
118900057,622,411,211
118900058,348,255,93
118900059,17,78,-61
118900060,56,88,-32
118900062,425,121,304
118900064,169,550,-381
118900065,35,98,-63
118900066,94,58,36
118900067,1821,3073,-1252
118900068,7,180,-173
118900069,438,137,301
118900071,9,38,-29
118900072,391,249,142
118900073,134,114,20
118900074,177,48,129
118900075,65,34,31
118900076,181,108,73
118900077,230,170,60
118900078,18,6,12
118900079,48,97,-49
118900080,15,71,-56
118900081,70,56,14
118900082,1140,141,999
118900083,30,4,26
118900084,12,18,-6
118900085,554,427,127
118900086,25,86,-61
118900087,26,268,-242
118900088,0,0,0
118900089,31,15,16
118900090,479,177,302
118900091,97,214,-117
118900092,151,40,111
118900093,68,21,47
118900096,49,95,-46
118900097,286,275,11
118900099,94,168,-74
118900100,91,152,-61
118900101,59,101,-42
118900102,30,47,-17
118900103,35,69,-34
118900104,132,68,64
118900105,185,87,98
118900107,92,71,21
118900108,74,50,24
118900110,909,794,115
118900111,518,299,219
118900112,82,156,-74
118900113,71,236,-165
118900114,17,63,-46
118900115,64,348,-284
118900116,129,191,-62
118900117,134,163,-29
118900118,216,191,25
118900119,138,110,28
118900120,129,257,-128
118900121,5,49,-44
118900122,11,906,-895
118900123,172,167,5
118900124,98,96,2
118900126,31,278,-247
118900129,209,190,19
118900130,62,198,-136
118900131,236,103,133
118900132,250,187,63
118900133,5,63,-58
118900135,149,151,-2
118900136,175,232,-57
118900137,11,43,-32
118900139,197,112,85
118900140,366,335,31
118900141,58,40,18
118900144,136,180,-44
118900145,29,60,-31
118900146,313,443,-130
118900147,75,206,-131
118900148,82,42,40
118900150,87,379,-292
118900152,532,393,139
118900157,44,160,-116
118900158,109,29,80
118900159,2,101,-99
118900161,51,9,42
118900163,41,63,-22
118900164,0,42,-42
118900165,49,52,-3
118900166,63,5,58
118900167,62,50,12
118900168,11,168,-157
118900169,112,109,3
118900170,181,45,136
118900171,20,51,-31
118900174,56,26,30
118900175,387,350,37
118900176,186,224,-38
118900177,77,47,30
118900178,58,147,-89
118900179,10,19,-9
118900181,105,53,52
118900182,45,31,14
118900183,33,106,-73
118900184,239,64,175
118900185,66,35,31
118900186,88,89,-1
118900187,191,226,-35
118900188,233,203,30
118900189,48,707,-659
118900190,26,123,-97
118900191,183,34,149
118900192,268,4,264
118900193,681,6,675
118900195,156,388,-232
118900196,22,116,-94
118900197,175,26,149
118900198,24,5,19
118900199,66,25,41
118900200,29,30,-1
118900201,33,50,-17
118900202,10,39,-29
118900203,18,4,14
118900204,22,9,13
118900205,0,5,-5
118900206,5,12,-7
119000001,1189,1686,-497
119000002,3315,2946,369
119000003,2738,666,2072
119000004,1998,1088,910
119000005,1625,1628,-3
119000006,3374,1405,1969
119000007,2894,2607,287
119000008,1649,1151,498
119000009,2797,4762,-1965
119000010,3548,3259,289
119000011,1971,2436,-465
119000012,1141,2441,-1300
119000013,2467,1517,950
119000014,1193,1782,-589
119000019,216,87,129
119000020,2362,1150,1212
119000021,4181,2460,1721
119000022,1090,2537,-1447
119000023,278,216,62
119000024,1426,11161,-9735
119000025,2647,667,1980
119000026,55,480,-425
119000027,146,242,-96
119000028,1145,366,779
119000029,107,254,-147
119000030,433,583,-150
119000031,712,414,298
119000032,1437,1611,-174
119000033,1881,946,935
119000034,860,478,382
119000035,23,184,-161
119000036,1936,484,1452
119000037,1148,751,397
119000038,173,346,-173
119000039,544,250,294
119000040,715,658,57
119000041,587,988,-401
119000048,1951,1488,463
119000049,1848,1145,703
119000050,1152,1030,122
119000051,1608,738,870
119000052,1637,1873,-236
119000053,1433,850,583
119000054,2831,1560,1271
119000055,4615,2059,2556
119000056,2763,1530,1233
119000057,1382,1004,378
119000058,1354,862,492
119000059,891,815,76
119000060,1218,677,541
119000061,919,492,427
119000062,854,856,-2
119000063,643,315,328
119000064,655,714,-59
119000065,1616,2587,-971
119000066,1822,1030,792
119000067,1650,1265,385
119000068,1400,713,687
119000069,1495,1421,74
119000070,2435,554,1881
119000071,406,505,-99
119000072,3398,2335,1063
119000073,2852,6065,-3213
119000074,1223,1177,46
119000075,2929,1565,1364
119000076,196,1147,-951
119000077,443,613,-170
119000078,378,271,107
119000079,129,576,-447
119000080,761,170,591
119000081,193,331,-138
119000082,727,212,515
119000083,557,295,262
119000084,273,306,-33
119000085,444,106,338
119000086,254,385,-131
119000087,952,424,528
119000088,312,164,148
119000089,69,143,-74
119000090,95,54,41
119000091,73,283,-210
119000092,321,132,189
119000093,2874,1768,1106
119000094,3278,3861,-583
119000095,1859,2255,-396
119000097,1395,828,567
119000098,938,2640,-1702
119000099,1989,839,1150
119000100,3581,2572,1009
119000101,3147,1272,1875
119000102,591,1359,-768
119000103,1172,610,562
119000104,1394,844,550
119000105,708,2125,-1417
119000106,370,629,-259
119000107,961,454,507
119000108,349,455,-106
119000109,117,612,-495
119000110,207,446,-239
119000111,23,600,-577
119000112,118,84,34
119000113,1048,271,777
119000114,1192,862,330
119000115,102,99,3
119000116,88,67,21
119000117,128,250,-122
119000118,6,2,4
119000123,3266,2386,880
119000124,739,133,606
119000125,4321,438,3883
119000126,1377,440,937
119000127,602,281,321
119000128,12,0,12
119000131,914,311,603
119000132,6,1,5
119000133,1,6,-5
119000134,1065,496,569
119000135,216,177,39
119000136,336,86,250
119000137,349,162,187
119000138,564,122,442
119000139,252,105,147
119000140,296,264,32
119000284,898,1525,-627
119000285,1413,1241,172
119000286,3413,2766,647
119000287,1040,1178,-138
119000288,1679,678,1001
119000289,936,1523,-587
119000290,190,217,-27
119000291,10,101,-91
119000293,144,108,36
119000294,61,31,30
119000295,666,175,491
119000296,338,106,232
119000297,0,0,0
119000302,1128,929,199
119000303,53,183,-130
119000310,0,0,0
119000314,1057,9700,-8643
119000315,0,123,-123
119000316,241,67,174
119000317,102,108,-6
119900001,194,1449,-1255
119900002,157,161,-4
119900003,27,393,-366
119900004,201,1584,-1383
119900005,211,68,143
119900006,129,380,-251
119900007,771,219,552
119900008,254,50,204
119900009,459,407,52
119900010,453,704,-251
119900011,17,147,-130
119900012,21,106,-85
119900013,1969,1393,576
119900014,264,159,105
119900015,202,42,160
119900016,34,54,-20
119900017,47,92,-45
119900018,1123,897,226
119900019,43,0,43
119900020,126,160,-34
119900021,178,42,136
119900022,56,806,-750
119900023,313,1927,-1614
119900025,355,30,325
119900026,417,146,271
119900027,22,13,9
119900028,205,180,25
119900029,15,4,11
119900030,430,323,107
119900031,41,532,-491
119900033,1480,281,1199
119900034,580,38,542
119900037,294,10,284
119900038,28,341,-313
119900039,23,2,21
119900040,93,13,80
119900041,129,14,115
119900042,219,168,51
119900043,98,126,-28
119900044,178,766,-588
119900046,165,28,137
119900047,381,104,277
119900048,220,29,191
119900049,178,5,173
119900050,65,106,-41
119900051,958,18,940
119900052,67,14,53
119900053,290,89,201
119900054,241,7,234
119900055,1312,513,799
119900057,321,39,282
119900058,353,11,342
119900059,60,21,39
119900060,252,27,225
119900061,250,5,245
119900062,92,14,78
119900063,9,66,-57
119900065,176,18,158
119900067,130,11,119
119900068,633,4,629
119900069,128,8,120
119900070,1044,7,1037
119900071,661,23,638
119900073,1087,468,619
119900074,12,16,-4
119900075,1754,2019,-265
119900076,851,192,659
119900077,911,346,565
119900078,741,673,68
119900079,489,157,332
119900080,314,219,95
119900081,644,124,520
119900082,1432,148,1284
119900083,254,87,167
119900084,394,346,48
119900085,37,45,-8
119900086,434,499,-65
119900087,544,371,173
119900088,25,33,-8
119900089,22,177,-155
119900090,72,32,40
119900091,62,302,-240
119900092,17,278,-261
119900093,1124,197,927
119900094,24,141,-117
119900095,164,103,61
119900096,27,86,-59
119900097,303,154,149
119900098,39,38,1
119900099,30,77,-47
119900100,938,2215,-1277
119900101,74,1061,-987
119900102,44,150,-106
119900103,33,168,-135
119900104,41,97,-56
119900105,447,2680,-2233
119900106,9,74,-65
119900107,195,1143,-948
119900108,2737,474,2263
119900109,18,129,-111
119900110,661,275,386
119900111,108,144,-36
119900112,615,469,146
119900113,61,178,-117
119900114,212,551,-339
119900115,390,457,-67
119900116,126,371,-245
119900117,304,302,2
119900118,107,358,-251
119900119,199,126,73
119900120,427,326,101
119900121,478,338,140
119900122,286,240,46
119900123,169,220,-51
119900124,202,326,-124
119900125,41,203,-162
119900126,2120,174,1946
119900127,1140,596,544
119900128,430,341,89
119900129,240,173,67
119900130,14,148,-134
119900131,44,107,-63
119900132,0,137,-137
119900133,40,84,-44
119900134,576,127,449
119900135,2,201,-199
119900136,152,190,-38
119900138,221,311,-90
119900139,43,128,-85
119900140,2,78,-76
119900141,44,618,-574
119900142,1,12,-11
119900143,28,216,-188
119900144,940,173,767
119900145,64,59,5
119900146,114,145,-31
119900147,2,105,-103
119900148,203,46,157
119900149,359,3749,-3390
119900150,140,74,66
119900151,1147,587,560
119900152,146,152,-6
119900153,182,41,141
119900154,45,230,-185
119900155,38,22,16
119900156,15,11,4
119900157,188,122,66
119900158,200,32,168
119900159,8,429,-421
119900160,31,59,-28
119900161,86,77,9
119900162,943,782,161
119900163,71,151,-80
119900164,2,6,-4
119900165,140,55,85
119900166,69,33,36
119900167,37,47,-10
119900168,1010,309,701
119900169,32,203,-171
119900170,126,232,-106
119900171,981,332,649
119900172,61,16,45
119900173,5,140,-135
119900174,16,87,-71
119900175,1265,411,854
119900177,19,114,-95
119900178,19,80,-61
119900179,100,505,-405
119900180,987,765,222
119900181,45,115,-70
119900182,1,93,-92
119900183,113,395,-282
119900184,848,300,548
119900185,68,208,-140
119900186,29,1106,-1077
119900187,3,187,-184
119900188,99,191,-92
119900189,225,299,-74
119900190,83,266,-183
119900191,191,352,-161
119900192,41,120,-79
119900193,458,83,375
119900194,33,78,-45
119900195,44,119,-75
119900196,327,159,168
119900197,229,135,94
119900198,286,170,116
119900199,131,24,107
119900200,542,526,16
119900201,191,129,62
119900202,88,295,-207
119900203,152,504,-352
119900204,318,172,146
119900205,800,323,477
119900206,299,113,186
119900208,188,210,-22
119900209,519,1357,-838
119900210,34,26,8
119900211,101,3,98
119900212,272,241,31
119900213,18,58,-40
119900214,68,41,27
119900215,69,33,36
119900216,28,28,0
119900217,12,28,-16
119900218,16,50,-34
119900219,17,54,-37
119900220,8,55,-47
119900221,27,107,-80
119900222,24,87,-63
119900223,6,24,-18
119900224,9,13,-4
119900225,498,45,453
119900226,233,1460,-1227
119900227,387,213,174
119900228,312,172,140
119900229,273,277,-4
119900230,883,281,602
119900231,320,155,165
119900232,200,130,70
119900233,50,1,49
119900234,29,45,-16
119900235,12,24,-12
119900236,25,88,-63
119900237,45,201,-156
119900238,1,33,-32
119900240,112,40,72
119900241,168,149,19
119900242,750,1010,-260
119900244,400,787,-387
119900245,107,132,-25
119900246,260,482,-222
119900247,16,113,-97
119900248,33,259,-226
119900249,233,134,99
119900253,959,276,683
119900254,52,873,-821
119900255,107,715,-608
119900256,717,319,398
119900257,84,7,77
119900258,186,13,173
119900259,14,47,-33
119900260,158,4,154
119900261,383,243,140
119900262,0,100,-100
119900263,1077,239,838
119900264,125,102,23
119900265,554,238,316
119900266,387,115,272
119900267,191,297,-106
119900268,241,72,169
119900269,1013,504,509
119900271,35,73,-38
119900272,373,363,10
119900275,178,96,82
119900276,80,4,76
119900277,12,3,9
119900278,146,84,62
119900279,96,195,-99
119900280,493,72,421
119900281,1,267,-266
119900282,66,162,-96
119900283,28,139,-111
119900284,20,117,-97
119900285,11,73,-62
119900286,1,13,-12
119900288,5,6,-1
119900289,1,5,-4
119900290,6,6,0
119900291,0,40,-40
119900292,69,73,-4
119900293,31,71,-40
119900294,38,85,-47
119900295,49,29,20
119900296,79,75,4
119900297,0,16,-16
119900298,5,9,-4
119900299,72,58,14
119900300,233,74,159
119900301,24,33,-9
119900302,24,40,-16
119900303,276,187,89
119900304,142,21,121
119900305,3,46,-43
119900306,34,4,30
119900307,38,25,13
119900308,6,20,-14
119900309,33,139,-106
119900310,205,194,11
119900311,113,54,59
119900312,110,41,69
119900313,282,169,113
119900314,173,296,-123
119900315,2074,1027,1047
119900318,13,56,-43
119900319,1,102,-101
119900320,179,228,-49
119900321,84,9,75
120000001,4538,16874,-12336
120000002,2232,1869,363
120000003,2123,1191,932
120000004,1999,1190,809
120000005,2061,1380,681
120000006,1007,835,172
120000007,2049,2868,-819
120000008,824,995,-171
120000009,1366,732,634
120000010,1599,1792,-193
120000011,921,909,12
120000012,1348,1363,-15
120000013,2730,1966,764
120000014,550,1012,-462
120000015,2078,1147,931
120000016,3273,1692,1581
120000017,3128,2302,826
120000018,2677,11476,-8799
120000019,1064,1323,-259
120000020,2356,3072,-716
120000021,1615,2058,-443
120000022,2314,3454,-1140
120000023,1188,1500,-312
120000024,1177,2042,-865
120000025,2555,1484,1071
120000026,2634,1358,1276
120000027,1996,1878,118
120000028,911,3823,-2912
120000029,826,1575,-749
120000030,1049,621,428
120000031,1609,4267,-2658
120000032,4429,2903,1526
120000033,4047,1309,2738
120000034,2190,1033,1157
120000035,2250,1465,785
120000036,3029,4247,-1218
120000037,515,1385,-870
120000038,3263,2842,421
120000039,688,712,-24
120000040,228,645,-417
120000041,707,1104,-397
120000042,1507,1126,381
120000043,3504,1046,2458
120000044,5035,1177,3858
120000045,6254,772,5482
120000046,4347,2263,2084
120000047,460,5159,-4699
120000048,5105,3411,1694
120000049,3248,2611,637
120000050,3303,3046,257
120000051,2231,3056,-825
120000052,5855,1392,4463
120000053,1727,1308,419
120000054,1331,2327,-996
120000055,1663,2808,-1145
120000056,3737,2694,1043
120000057,3179,1829,1350
120000058,1396,3007,-1611
120000059,21,1391,-1370
120000061,92,338,-246
120000062,143,245,-102
120000063,862,1472,-610
120000064,230,616,-386
120000065,666,841,-175
120000066,208,401,-193
120000067,39,375,-336
120000068,208,399,-191
120000069,476,431,45
120000070,72,414,-342
120000071,569,52,517
120000072,955,382,573
120000073,921,106,815
120000074,107,100,7
120000075,839,272,567
120000076,2468,407,2061
120000077,2008,601,1407
120000078,2783,1264,1519
120000079,539,303,236
120000080,336,255,81
120000081,438,176,262
120000082,400,325,75
120000083,141,865,-724
120000084,255,284,-29
120000085,214,250,-36
120000086,315,283,32
120000087,217,257,-40
120000088,824,761,63
120000089,1044,445,599
120000090,732,345,387
120000091,900,606,294
120000092,1195,537,658
120000093,493,421,72
120000094,179,686,-507
120000095,830,244,586
120000096,277,437,-160
120000098,741,463,278
120000099,317,480,-163
120000100,628,539,89
120000101,590,348,242
120000102,591,933,-342
120000103,1576,888,688
120000104,1792,517,1275
120000105,3047,706,2341
120000106,2546,641,1905
120000107,4199,526,3673
120000108,1487,104,1383
120000109,1300,73,1227
120000110,66,658,-592
120000111,116,683,-567
120000112,717,1383,-666
120000113,565,1177,-612
120000114,870,1330,-460
120000115,268,1185,-917
120000116,566,1260,-694
120000117,617,944,-327
120000118,60,25,35
120000119,25,66,-41
120000120,108,97,11
120000121,39,42,-3
120000122,235,461,-226
120000123,2167,6706,-4539
120000124,405,289,116
120000125,665,373,292
120000126,272,945,-673
120000127,1340,1432,-92
120000128,1832,4015,-2183
120000129,225,251,-26
120000130,762,403,359
120000131,352,519,-167
120000134,344,496,-152
120000135,739,402,337
120000137,261,434,-173
120000138,1351,209,1142
120000139,260,269,-9
120000140,999,281,718
120000141,426,272,154
120000142,878,414,464
120000143,0,74,-74
120000144,152,5,147
120000145,467,0,467
120000146,754,802,-48
120000149,545,724,-179
120000150,1691,9178,-7487
120000151,432,356,76
120000152,483,139,344
120000153,251,414,-163
120000154,511,468,43
120000155,184,292,-108
120000156,480,1471,-991
120000157,850,455,395
120000158,808,490,318
120000159,1720,1506,214
120000160,2257,1591,666
120000161,2417,1585,832
120000162,85,222,-137
120000163,851,645,206
120000164,705,223,482
120000165,611,441,170
120000166,1222,322,900
120000167,212,154,58
120000168,4,578,-574
120000169,84,1997,-1913
120000170,30,2045,-2015
120000171,18,790,-772
120000172,16,710,-694
120000173,814,3081,-2267
120000174,98,93,5
120000175,92,120,-28
120000176,43,65,-22
120000177,618,105,513
120000178,45,22,23
120000179,129,60,69
120000180,266,78,188
120000181,74,1456,-1382
120000182,44,1022,-978
120000183,6,465,-459
120000184,218,1173,-955
120000186,46,1692,-1646
120000187,22,685,-663
120000188,59,880,-821
120000190,211,73,138
120000191,277,107,170
120000192,217,46,171
120000193,75,6,69
120000195,37,3,34
120000196,91,11,80
120000197,22,33,-11
120000198,224,33,191
120000199,114,0,114
120000200,210,3,207
120000201,17,33,-16
120000202,2,37,-35
120000203,95,134,-39
120000207,2,25,-23
120000208,9,90,-81
120000209,5,35,-30
120000210,53,35,18
120000211,207,3,204
120000212,265,1,264
120000213,171,97,74
120000214,0,161,-161
120000215,3,127,-124
120000216,148,32,116
120000217,303,749,-446
120000218,68,436,-368
120000219,1,255,-254
120000220,1,717,-716
120000225,2052,3,2049
120000226,437,4,433
120000227,850,62,788
120000228,12080,3348,8732
120000230,502,21,481
120000231,1544,1101,443
120000233,339,3,336
120000235,305,376,-71
120000236,901,4,897
120000237,0,568,-568
120000238,5,1451,-1446
120000241,1201,2951,-1750
120000412,353,25,328
120000413,349,85,264
120000414,255,1,254
120000415,3,17,-14
120000416,140,0,140
120000417,8,205,-197
120000418,220,21,199
120000419,6,58,-52
120000420,42,12,30
120000421,5339,3567,1772
120000422,91,1300,-1209
120000423,5,62,-57
120000424,189,74,115
120000436,116,683,-567
120000437,132,111,21
120000438,1352,190,1162
120000439,305,483,-178
120000443,181,0,181
120000444,1466,284,1182
120000445,1686,881,805
120000446,766,127,639
120000447,199,1,198
120000449,216,2,214
120000450,4,79,-75
120000451,83,115,-32
120000452,347,1,346
120000453,0,89,-89
120000454,52,58,-6
120000455,104,25,79
120000456,2334,3385,-1051
120000457,485,354,131
120000458,404,451,-47
120000459,67,75,-8
120000665,414,258,156
120000668,117,1702,-1585
120000669,148,136,12
120000670,112,1959,-1847
120000671,1612,546,1066
120000672,91,403,-312
120900001,78,118,-40
120900002,124,526,-402
120900003,102,18,84
120900004,18,128,-110
120900005,17,325,-308
120900006,517,151,366
120900007,178,63,115
120900008,336,634,-298
120900009,382,31,351
120900010,451,148,303
120900011,122,174,-52
120900012,76,1020,-944
120900013,354,91,263
120900014,13,238,-225
120900015,915,50,865
120900016,1053,39,1014
120900017,1217,61,1156
120900018,141,230,-89
120900019,607,452,155
120900020,664,1210,-546
120900021,841,240,601
120900022,35,254,-219
120900023,390,204,186
120900024,1239,420,819
120900025,1114,907,207
120900026,110,97,13
120900027,610,18,592
120900028,476,149,327
120900029,89,646,-557
120900030,1632,762,870
120900031,282,103,179
120900032,1370,80,1290
120900033,1099,69,1030
120900034,26,2425,-2399
120900035,34,33,1
120900037,265,18,247
120900038,87,389,-302
120900039,103,59,44
120900040,460,5,455
120900041,75,26,49
120900042,720,28,692
120900043,65,48,17
120900044,12,308,-296
120900045,147,44,103
120900046,677,10,667
120900047,175,135,40
120900048,139,37,102
120900049,665,3,662
120900050,1108,1691,-583
120900051,465,66,399
120900052,692,4,688
120900053,392,38,354
120900054,1119,366,753
120900055,583,3,580
120900056,726,39,687
120900057,212,14,198
120900058,793,1,792
120900059,103,2,101
120900060,63,23,40
120900061,194,148,46
120900062,255,4,251
120900063,805,8,797
120900064,783,3,780
120900065,773,1,772
120900066,398,158,240
120900067,223,86,137
120900068,321,0,321
120900069,356,19,337
120900071,32,1,31
120900072,1118,5,1113
120900073,796,64,732
120900074,819,53,766
120900076,437,1,436
120900077,1347,150,1197
120900078,965,502,463
120900079,941,92,849
120900080,1133,695,438
120900081,1034,392,642
120900082,282,435,-153
120900083,89,15,74
120900084,471,609,-138
120900085,59,110,-51
120900086,60,386,-326
120900087,413,442,-29
120900088,168,556,-388
120900089,1540,3110,-1570
120900090,190,9,181
120900091,639,1034,-395
120900092,621,237,384
120900093,882,101,781
120900094,256,112,144
120900095,269,14,255
120900096,43,115,-72
120900097,508,323,185
120900098,159,142,17
120900099,63,37,26
120900100,43,126,-83
120900101,384,108,276
120900102,52,55,-3
120900103,81,182,-101
120900104,13,45,-32
120900105,43,180,-137
120900106,728,254,474
120900107,120,82,38
120900108,9,195,-186
120900109,23,279,-256
120900110,6,230,-224
120900111,153,202,-49
120900112,13,367,-354
120900113,14,371,-357
120900114,32,96,-64
120900115,103,203,-100
120900116,469,143,326
120900117,7,200,-193
120900118,17,324,-307
120900119,7808,2264,5544
120900120,87,276,-189
120900121,23,238,-215
120900122,641,176,465
120900123,7,139,-132
120900124,1,292,-291
120900125,3,306,-303
120900126,1218,561,657
120900127,12,152,-140
120900128,931,1026,-95
120900129,36,179,-143
120900130,2,214,-212
120900131,185,88,97
120900132,1089,114,975
120900133,53,338,-285
120900134,466,232,234
120900135,1,273,-272
120900136,45,73,-28
120900137,213,67,146
120900138,16,116,-100
120900139,1,320,-319
120900140,5,94,-89
120900141,133,157,-24
120900142,5,161,-156
120900143,2,354,-352
120900144,0,50,-50
120900145,310,597,-287
120900146,2,528,-526
120900147,31,300,-269
120900148,115,91,24
120900149,0,118,-118
120900150,82,286,-204
120900151,2,302,-300
120900152,0,18,-18
120900153,0,0,0
120900154,2,117,-115
120900155,212,557,-345
120900156,69,173,-104
120900157,3,4,-1
120900158,56,346,-290
120900159,8,28,-20
120900160,41,443,-402
120900161,117,232,-115
120900162,95,491,-396
120900163,224,1089,-865
120900164,0,142,-142
120900165,12,915,-903
120900166,90,610,-520
120900167,163,89,74
120900169,78,146,-68
120900170,433,3163,-2730
120900171,412,142,270
120900172,256,1778,-1522
120900173,0,37,-37
120900174,6,116,-110
120900175,147,86,61
120900176,26,296,-270
120900177,4,998,-994
120900178,1,514,-513
120900179,504,294,210
120900180,57,199,-142
120900181,71,29,42
120900182,36,110,-74
120900183,539,42,497
120900184,227,52,175
120900185,804,1219,-415
120900186,1,226,-225
120900187,397,763,-366
120900188,203,5,198
120900189,66,2017,-1951
120900190,112,7,105
120900191,20,19,1
120900192,4579,9365,-4786
120900194,52,76,-24
120900195,66,153,-87
120900196,437,34,403
120900197,734,143,591
120900198,174,331,-157
120900199,340,496,-156
120900200,37,132,-95
120900201,249,94,155
120900202,0,75,-75
120900203,37,81,-44
120900204,75,147,-72
120900205,139,18,121
120900206,62,37,25
120900207,74,602,-528
121000001,405,948,-543
121000002,1737,1447,290
121000003,2326,1401,925
121000004,1996,2661,-665
121000005,1343,2239,-896
121000006,2634,2384,250
121000007,1511,3951,-2440
121000008,3617,4234,-617
121000009,2749,5467,-2718
121000010,5229,5316,-87
121000011,4554,8402,-3848
121000012,8848,6530,2318
121000013,4258,5399,-1141
121000014,4563,4531,32
121000015,3464,6805,-3341
121000016,3229,3010,219
121000017,1599,2123,-524
121000018,2515,1185,1330
121000019,6883,7273,-390
121000020,8265,13564,-5299
121000021,1478,1422,56
121000022,1883,2480,-597
121000023,2059,1168,891
121000024,3413,3957,-544
121000025,299,1179,-880
121000026,253,164,89
121000027,1138,1147,-9
121000028,736,417,319
121000029,748,561,187
121000030,536,362,174
121000031,466,463,3
121000032,160,139,21
121000034,313,282,31
121000035,102,134,-32
121000036,732,766,-34
121000037,433,865,-432
121000038,274,827,-553
121000039,159,333,-174
121000041,441,428,13
121000042,189,334,-145
121000043,408,599,-191
121000044,1017,996,21
121000045,373,217,156
121000046,638,769,-131
121000047,19,76,-57
121000049,829,553,276
121000050,242,1594,-1352
121000051,504,227,277
121000052,325,907,-582
121000053,309,101,208
121000054,42,356,-314
121000055,732,1621,-889
121000056,793,933,-140
121000057,347,552,-205
121000058,217,263,-46
121000059,2143,1119,1024
121000060,540,1134,-594
121000061,55,307,-252
121000062,134,482,-348
121000063,717,1024,-307
121000064,559,871,-312
121000065,201,527,-326
121000066,598,741,-143
121000067,287,553,-266
121000068,473,424,49
121000069,120,787,-667
121000070,1128,1006,122
121000071,1276,1294,-18
121000072,843,710,133
121000073,964,1055,-91
121000074,72,214,-142
121000075,18,223,-205
121000076,312,258,54
121000077,105,154,-49
121000078,55,166,-111
121000080,1369,491,878
121000081,2495,3086,-591
121000082,95,290,-195
121000083,148,128,20
121000084,177,206,-29
121000085,216,387,-171
121000086,558,609,-51
121000087,54,261,-207
121000088,508,444,64
121000089,238,350,-112
121000090,237,380,-143
121000091,895,709,186
121000092,177,42,135
121000093,155,180,-25
121000094,345,596,-251
121000095,222,729,-507
121000096,3252,2027,1225
121000097,424,1875,-1451
121000098,671,509,162
121000099,579,402,177
121000100,774,182,592
121000101,298,139,159
121000102,288,156,132
121000103,217,97,120
121000104,242,89,153
121000105,414,139,275
121000106,337,162,175
121000107,1380,2196,-816
121000109,687,691,-4
121000110,119,571,-452
121000114,2843,2027,816
121000115,1804,632,1172
121000116,298,790,-492
121000117,306,259,47
121000118,1491,169,1322
121000119,258,277,-19
121000120,311,398,-87
121000121,434,1047,-613
121000123,805,515,290
121000127,121,65,56
121000128,837,211,626
121000129,784,362,422
121000130,600,395,205
121000131,936,1187,-251
121000132,799,958,-159
121000135,239,243,-4
121000136,910,982,-72
121000137,403,313,90
121000138,704,1366,-662
121000139,405,642,-237
121000141,184,135,49
121000142,488,675,-187
121000143,104,28,76
121000144,370,1168,-798
121000145,425,700,-275
121000146,1103,1116,-13
121000147,913,430,483
121000148,667,728,-61
121000149,1754,1416,338
121000152,324,264,60
121000153,1431,406,1025
121000154,976,407,569
121000155,1470,993,477
121000156,333,819,-486
121000157,653,979,-326
121000158,374,293,81
121000159,247,311,-64
121000160,304,255,49
121000161,264,184,80
121000162,97,74,23
121000165,791,1666,-875
121000166,21,362,-341
121000168,359,212,147
121000169,83,134,-51
121000170,332,75,257
121000171,25,152,-127
121000172,789,576,213
121000173,1117,991,126
121000174,463,486,-23
121000175,1201,333,868
121000176,330,342,-12
121000177,639,510,129
121000178,64,44,20
121000179,26,40,-14
121000181,448,406,42
121000182,106,304,-198
121000183,123,83,40
121000184,37,135,-98
121000185,38,238,-200
121000186,216,538,-322
121000187,140,90,50
121000188,187,55,132
121000192,778,370,408
121000193,594,326,268
121000194,1536,1557,-21
121000195,234,867,-633
121000196,488,293,195
121000197,121,763,-642
121000198,210,126,84
121000199,112,206,-94
121000200,548,138,410
121000201,10,155,-145
121000202,547,150,397
121000203,562,1737,-1175
121000204,2630,744,1886
121000205,78,210,-132
121000206,58,45,13
121000207,1704,929,775
121000208,6,306,-300
121000209,457,73,384
121000210,637,201,436
121000211,345,93,252
121000212,511,359,152
121000213,10486,2184,8302
121000214,588,1664,-1076
121000215,764,992,-228
121000216,373,450,-77
121000217,2719,2684,35
121000218,329,1283,-954
121000219,1185,532,653
121000220,112,53,59
121000221,124,317,-193
121000222,2379,2097,282
121000223,171,1010,-839
121000224,136,502,-366
121000225,650,2152,-1502
121000226,1095,1145,-50
121000227,9,166,-157
121000228,41,472,-431
121000229,318,404,-86
121000230,48,1411,-1363
121000231,1116,34,1082
121000232,378,328,50
121000233,436,309,127
121000234,16,51,-35
121000235,62,66,-4
121000236,24,80,-56
121000237,26,15,11
121000238,6,74,-68
121000239,78,7,71
121000240,3,127,-124
121000241,75,8,67
121000242,175,664,-489
121000243,236,76,160
121000244,15,135,-120
121000245,63,23,40
121000246,1,181,-180
121000247,173,1,172
121000248,481,1789,-1308
121000249,57,200,-143
121000250,478,237,241
121000251,15,171,-156
121000252,165,93,72
121000253,330,279,51
121000254,719,124,595
121000255,117,147,-30
121000256,235,152,83
121000257,18,71,-53
121000258,52,93,-41
121000259,35,99,-64
121000260,57,129,-72
121000261,59,96,-37
121000262,908,341,567
121000263,531,473,58
121000271,682,1386,-704
121000273,18,6,12
121000274,11,72,-61
121000275,13,7,6
121000276,5,13,-8
121000278,46,31,15
121000279,54,11,43
121000280,19,25,-6
121000289,294,20,274
121000290,1007,1098,-91
121000294,192,86,106
121000297,496,960,-464
121000299,63,571,-508
121000300,863,581,282
121000302,24,567,-543
121000303,506,155,351
121000304,479,69,410
121000305,177,35,142
121000306,130,148,-18
121000308,97,207,-110
121000309,258,342,-84
121000310,104,222,-118
121000311,53,431,-378
121000312,298,263,35
121000313,159,226,-67
121000314,54,88,-34
121000315,24,93,-69
121000530,1517,1248,269
121000531,1549,1290,259
121000532,4781,6767,-1986
121000533,2912,3098,-186
121000918,28,64,-36
121000919,49,60,-11
121000938,76,229,-153
121000939,52,198,-146
121000956,1335,1297,38
121000957,3,10,-7
121000958,4,47,-43
121000959,831,348,483
121000960,1040,1645,-605
121000961,346,76,270
121000962,1053,474,579
121000973,0,228,-228
121000976,19,116,-97
121000979,365,114,251
121000981,296,89,207
121000982,351,160,191
121000983,407,191,216
121000984,12,38,-26
121000985,780,244,536
121000986,467,100,367
121000987,193,468,-275
121000988,884,103,781
121001302,156,119,37
121001308,1,13,-12
121001309,13,567,-554
121001313,177,72,105
121001314,1102,1422,-320
121001315,5247,2960,2287
121001326,304,271,33
121900001,104,204,-100
121900002,19,34,-15
121900003,299,19,280
121900004,50,212,-162
121900005,13,17,-4
121900006,74,27,47
121900007,1767,1385,382
121900008,79,290,-211
121900009,503,17,486
121900010,193,0,193
121900011,148,128,20
121900012,5,1,4
121900013,472,87,385
121900014,1240,320,920
121900015,150,147,3
121900016,3,14,-11
121900017,671,443,228
121900018,414,3,411
121900019,429,136,293
121900020,53,2,51
121900021,800,14,786
121900022,251,193,58
121900023,95,205,-110
121900024,321,86,235
121900025,514,485,29
121900026,231,40,191
121900027,304,90,214
121900028,177,13,164
121900029,111,226,-115
121900030,293,500,-207
121900031,921,5143,-4222
121900032,91,41,50
121900033,159,303,-144
121900034,184,151,33
121900035,2823,2040,783
121900036,96,495,-399
121900037,96,831,-735
121900038,30,69,-39
121900039,263,35,228
121900040,67,74,-7
121900041,97,248,-151
121900042,349,178,171
121900043,2,1,1
121900044,81,18,63
121900046,150,196,-46
121900047,170,80,90
121900048,54,69,-15
121900050,22,33,-11
121900051,116,138,-22
121900052,138,28,110
121900053,330,273,57
121900054,362,871,-509
121900055,2,8,-6
121900058,269,180,89
121900059,291,157,134
121900060,83,325,-242
121900061,122,112,10
121900062,86,97,-11
121900063,1097,323,774
121900064,250,367,-117
121900066,63,24,39
121900067,74,42,32
121900069,161,107,54
121900070,71,93,-22
121900071,420,206,214
121900072,72,117,-45
121900073,189,365,-176
121900074,313,639,-326
121900075,273,580,-307
121900076,319,424,-105
121900077,3,2,1
121900078,57,22,35
121900079,1,0,1
121900080,693,248,445
121900082,54,83,-29
121900084,14,45,-31
121900085,0,4,-4
121900086,12,48,-36
121900087,88,151,-63
121900088,1004,1911,-907
121900089,212,198,14
121900090,75,27,48
121900091,84,44,40
121900092,70,69,1
121900093,70,59,11
121900094,11,10,1
121900095,373,120,253
121900096,773,455,318
121900097,628,167,461
121900098,5,0,5
121900099,251,47,204
121900100,64,345,-281
121900101,87,129,-42
121900102,1,85,-84
121900103,287,191,96
121900104,1349,304,1045
121900105,275,117,158
121900106,6,7,-1
121900107,44,30,14
121900108,0,20,-20
121900109,190,119,71
121900110,563,399,164
121900111,601,145,456
121900112,113,157,-44
121900113,48,329,-281
121900114,91,61,30
121900117,102,61,41
121900118,1426,595,831
121900119,132,79,53
121900120,37,654,-617
121900121,295,9,286
121900122,35,58,-23
121900123,154,368,-214
121900124,217,148,69
121900125,1368,1023,345
121900127,13,69,-56
121900128,73,62,11
121900129,199,115,84
121900130,109,250,-141
121900131,300,70,230
121900132,54,60,-6
121900133,48,1001,-953
121900134,25,220,-195
121900135,2827,355,2472
121900136,412,221,191
121900137,44,230,-186
121900138,54,99,-45
121900139,254,1961,-1707
121900140,36,46,-10
121900141,85,19,66
121900142,81,67,14
121900143,3,116,-113
121900144,123,314,-191
121900145,201,434,-233
121900146,349,489,-140
121900147,49,254,-205
121900148,145,241,-96
121900149,212,331,-119
121900150,34,169,-135
121900151,64,247,-183
121900152,100,82,18
121900153,24,336,-312
121900154,8,456,-448
121900155,3,120,-117
121900156,96,133,-37
121900157,0,191,-191
121900158,58,85,-27
121900159,0,159,-159
121900160,57,215,-158
121900161,209,448,-239
121900162,83,137,-54
121900163,283,229,54
121900164,207,244,-37
121900165,147,86,61
121900166,81,139,-58
121900167,55,107,-52
121900168,99,172,-73
121900169,8,116,-108
121900170,4,132,-128
121900171,611,452,159
121900172,602,158,444
121900173,564,198,366
121900174,46,51,-5
121900175,65,195,-130
121900176,445,1303,-858
121900177,98,74,24
121900178,35,51,-16
121900179,388,258,130
121900180,1445,3930,-2485
121900182,439,1066,-627
121900183,467,1329,-862
121900184,43,697,-654
121900186,13,292,-279
121900187,16,125,-109
121900188,402,206,196
121900189,36,55,-19
121900190,216,324,-108
121900191,123,416,-293
121900192,204,1632,-1428
121900193,26,205,-179
121900194,3,201,-198
121900195,14,50,-36
121900196,721,705,16
121900197,338,799,-461
121900198,1909,1415,494
121900199,1,55,-54
121900200,43,187,-144
121900201,489,580,-91
121900202,111,668,-557
121900203,73,962,-889
121900204,654,972,-318
121900205,19,123,-104
121900206,20,70,-50
121900207,49,36,13
121900208,105,520,-415
121900209,47,33,14
121900210,1720,1149,571
121900211,623,277,346
121900212,112,147,-35
121900213,248,36,212
121900214,2,335,-333
121900215,43,88,-45
121900216,28,159,-131
121900217,183,143,40
121900218,119,523,-404
121900220,135,10,125
121900221,434,503,-69
121900222,180,76,104
121900223,103,56,47
121900224,51,41,10
121900225,71,136,-65
121900226,238,50,188
121900227,378,653,-275
121900228,150,142,8
121900230,53,260,-207
121900231,67,1059,-992
121900232,102,339,-237
121900233,239,174,65
121900234,233,122,111
121900235,450,114,336
121900236,223,153,70
121900237,190,358,-168
121900238,143,257,-114
121900239,161,25,136
121900240,199,113,86
121900241,66,22,44
121900242,19,0,19
121900243,9,0,9
121900244,13,4,9
121900245,125,73,52
121900246,3565,226,3339
121900248,960,795,165
121900250,184,394,-210
121900251,317,34,283
121900252,323,97,226
121900253,95,876,-781
121900254,320,367,-47
121900255,462,59,403
121900258,3163,1259,1904
121900259,212,485,-273
121900260,121,84,37
121900261,164,531,-367
121900262,404,731,-327
121900263,289,155,134
121900264,831,706,125
121900265,336,113,223
121900266,491,100,391
121900267,89,28,61
121900269,213,733,-520
121900270,34,152,-118
121900271,58,144,-86
121900273,372,1268,-896
121900274,244,235,9
121900277,272,874,-602
121900278,100,843,-743
121900279,139,134,5
121900280,56,416,-360
121900281,141,388,-247
121900284,58,4,54
121900286,143,51,92
121900287,4,46,-42
121900288,3,3,0
121900290,209,652,-443
121900291,297,649,-352
121900292,118,143,-25
121900293,695,3090,-2395
121900294,270,4,266
121900295,144,93,51
121900296,46,167,-121
121900298,130,779,-649
121900299,0,6,-6
121900300,54,11,43
121900301,78,4,74
121900302,3,65,-62
121900303,225,311,-86
121900304,2,14,-12
121900305,3,13,-10
121900306,241,2,239
121900307,137,1,136
121900308,7,132,-125
121900309,6,77,-71
121900310,11,210,-199
121900311,598,16,582
121900312,346,13,333
121900313,474,54,420
121900314,3,11,-8
121900315,23,0,23
121900316,0,14,-14
121900317,14,5,9
121900318,0,12,-12
121900319,15,97,-82
121900320,23,27,-4
121900321,20,2,18
121900322,1,11,-10
121900323,16,35,-19
121900324,1,33,-32
121900325,11,5,6
121900326,4,14,-10
121900327,5,26,-21
121900328,0,21,-21
121900329,1,94,-93
121900330,1,168,-167
121900331,19,18,1
121900332,41,22,19
121900333,53,0,53
121900334,46,57,-11
122000001,893,4710,-3817
122000002,1765,1000,765
122000003,1167,2479,-1312
122000004,1752,1142,610
122000005,3224,2102,1122
122000006,978,1297,-319
122000007,573,1658,-1085
122000008,928,2888,-1960
122000009,537,501,36
122000010,2169,2438,-269
122000011,4410,2142,2268
122000012,668,3623,-2955
122000013,598,1581,-983
122000014,2958,1246,1712
122000015,1061,938,123
122000016,394,803,-409
122000017,982,1148,-166
122000018,1615,1459,156
122000019,704,1447,-743
122000020,135,380,-245
122000021,114,414,-300
122000022,919,1143,-224
122000023,805,1211,-406
122000024,438,2436,-1998
122000025,391,2522,-2131
122000026,376,1345,-969
122000027,469,1015,-546
122000028,972,510,462
122000029,287,480,-193
122000030,162,156,6
122000031,114,353,-239
122000032,3128,2099,1029
122000033,355,3013,-2658
122000034,346,757,-411
122000035,174,590,-416
122000036,348,359,-11
122000037,607,264,343
122000038,227,358,-131
122000039,558,643,-85
122000040,194,307,-113
122000041,494,709,-215
122000042,285,500,-215
122000043,88,120,-32
122000044,88,129,-41
122000045,1630,805,825
122000046,559,1024,-465
122000047,106,187,-81
122000048,2378,3136,-758
122000049,4998,3020,1978
122000050,611,1020,-409
122000051,138,532,-394
122000052,378,498,-120
122000053,167,880,-713
122000054,1506,1690,-184
122000055,1566,3502,-1936
122000056,2409,2664,-255
122000057,2788,3784,-996
122000058,726,1829,-1103
122000059,825,3308,-2483
122000060,305,917,-612
122000061,239,676,-437
122000062,441,226,215
122000063,413,1368,-955
122000064,2286,4485,-2199
122000065,2081,2294,-213
122000066,637,1134,-497
122000067,825,1261,-436
122000068,1408,715,693
122000069,722,624,98
122000070,777,964,-187
122000071,2393,1160,1233
122000072,692,762,-70
122000073,238,1351,-1113
122000074,2687,1364,1323
122000075,679,887,-208
122000076,5438,1728,3710
122000077,546,1855,-1309
122000078,720,3725,-3005
122000079,329,2434,-2105
122000080,358,574,-216
122000081,160,229,-69
122000082,238,1102,-864
122000083,2590,829,1761
122000084,2729,928,1801
122000085,288,539,-251
122000086,1756,4760,-3004
122000087,178,250,-72
122000088,105,231,-126
122000089,3874,1837,2037
122000090,118,633,-515
122000091,75,276,-201
122000092,54,33,21
122000093,1384,2849,-1465
122000094,4010,2371,1639
122000095,503,2909,-2406
122000096,383,1345,-962
122000098,2042,2874,-832
122000099,608,1057,-449
122000100,602,461,141
122000101,275,336,-61
122000102,1897,949,948
122000103,1489,1443,46
122000104,845,162,683
122000105,582,333,249
122000106,351,1256,-905
122000107,1085,346,739
122000108,452,770,-318
122000109,379,248,131
122000110,497,520,-23
122000111,2884,1184,1700
122000112,1259,1235,24
122000113,630,699,-69
122000114,1449,2312,-863
122000115,1385,1048,337
122000116,415,392,23
122000117,1356,353,1003
122000118,528,585,-57
122000119,1617,1481,136
122000120,772,2212,-1440
122000121,654,1627,-973
122000122,306,873,-567
122000123,994,1174,-180
122000124,718,447,271
122000125,375,465,-90
122000126,309,558,-249
122000127,396,715,-319
122000128,255,380,-125
122000129,461,1442,-981
122000130,1805,1090,715
122000131,738,700,38
122000132,198,242,-44
122000133,698,695,3
122000134,861,610,251
122000135,509,412,97
122000136,659,501,158
122000137,1434,682,752
122000139,656,2667,-2011
122000140,386,655,-269
122000141,2384,1429,955
122000142,78,1223,-1145
122000143,229,301,-72
122000144,849,854,-5
122000145,529,689,-160
122000146,339,1318,-979
122000147,452,538,-86
122000148,633,1385,-752
122000149,1433,1265,168
122000150,997,791,206
122000151,110,289,-179
122000152,278,274,4
122000153,275,362,-87
122000154,197,199,-2
122000155,1427,1984,-557
122000156,3382,2829,553
122000157,701,3713,-3012
122000158,270,659,-389
122000159,425,820,-395
122000160,1414,1545,-131
122000161,747,892,-145
122000162,922,1339,-417
122000163,289,117,172
122000164,26,185,-159
122000165,638,926,-288
122000166,734,1372,-638
122000167,247,392,-145
122000168,160,804,-644
122000169,375,198,177
122000170,240,268,-28
122000171,36,84,-48
122000172,1499,1188,311
122000173,1090,2160,-1070
122000174,1432,1014,418
122000175,582,282,300
122000176,266,904,-638
122000177,860,1324,-464
122000178,3586,2199,1387
122000179,1907,2868,-961
122000180,772,1118,-346
122000181,951,1995,-1044
122000182,1235,1111,124
122000183,1779,888,891
122000184,2202,2765,-563
122000185,913,2912,-1999
122000186,348,1363,-1015
122000187,1414,986,428
122000188,348,287,61
122000189,159,355,-196
122000190,667,1596,-929
122000191,750,728,22
122000192,896,274,622
122000193,383,574,-191
122000194,335,167,168
122000195,87,594,-507
122000196,784,498,286
122000197,360,480,-120
122000198,339,1843,-1504
122000199,298,295,3
122000200,723,508,215
122000201,891,1976,-1085
122000202,724,2131,-1407
122000203,1964,1077,887
122000204,970,1266,-296
122000205,549,838,-289
122000206,2739,822,1917
122000207,1669,1257,412
122000208,1661,1434,227
122000209,1382,478,904
122000210,1481,1502,-21
122000211,968,1064,-96
122000212,641,578,63
122000213,862,1183,-321
122000214,1495,1391,104
122000215,1823,1613,210
122000217,1413,1593,-180
122000218,567,69,498
122000219,808,684,124
122000220,249,615,-366
122000221,78,234,-156
122000222,515,128,387
122000223,834,424,410
122000225,705,284,421
122000226,1098,1216,-118
122000227,143,1348,-1205
122000228,236,247,-11
122000229,56,408,-352
122000230,37,330,-293
122000231,421,615,-194
122000232,562,539,23
122000233,0,47,-47
122000234,439,68,371
122000235,461,45,416
122000236,1087,52,1035
122000237,99,76,23
122000238,228,319,-91
122000239,646,193,453
122000240,1085,535,550
122000241,1694,366,1328
122000242,555,86,469
122000243,331,30,301
122000244,89,135,-46
122000245,120,91,29
122000246,373,161,212
122000247,734,272,462
122000248,561,684,-123
122000249,1568,773,795
122000250,1546,953,593
122000251,145,201,-56
122000252,288,138,150
122000253,104,305,-201
122000254,216,80,136
122000255,514,751,-237
122000256,198,380,-182
122000257,175,151,24
122000258,249,266,-17
122000259,19,242,-223
122000260,3,33,-30
122000261,13,222,-209
122000262,0,34,-34
122000263,233,460,-227
122000264,1048,215,833
122000265,1966,896,1070
122000266,3190,647,2543
122000267,112,85,27
122000268,131,279,-148
122000269,666,281,385
122000270,395,185,210
122000271,188,1042,-854
122000272,294,860,-566
122000273,334,322,12
122000274,190,145,45
122000275,34,126,-92
122000276,629,284,345
122000277,923,1204,-281
122000278,1558,420,1138
122000279,163,215,-52
122000280,644,370,274
122000281,633,514,119
122000282,253,308,-55
122000283,201,202,-1
122000284,212,89,123
122000285,264,72,192
122000286,49,148,-99
122000287,1109,1126,-17
122000288,408,229,179
122000291,2114,678,1436
122000293,235,108,127
122000294,111,210,-99
122000295,1087,146,941
122000296,38,500,-462
122000297,1518,2928,-1410
122000299,464,335,129
122000300,391,376,15
122000301,4929,2857,2072
122000302,449,1591,-1142
122000303,1978,916,1062
122000304,46,181,-135
122000305,1190,286,904
122000306,42,266,-224
122000307,124,106,18
122000309,68,62,6
122000310,31,126,-95
122000311,164,114,50
122000312,75,290,-215
122000313,116,98,18
122000314,111,242,-131
122000315,265,73,192
122000316,865,161,704
122000317,1493,201,1292
122000318,254,669,-415
122000319,159,233,-74
122000320,221,669,-448
122000321,60,117,-57
122000322,1462,1637,-175
122000323,762,2389,-1627
122000324,1179,1747,-568
122000325,634,2919,-2285
122000326,129,70,59
122000327,349,506,-157
122000328,384,217,167
122000330,1186,1209,-23
122000332,162,136,26
122000333,14,80,-66
122000337,940,591,349
122000338,318,234,84
122000340,121,1624,-1503
122000342,1086,512,574
122000343,379,486,-107
122000344,87,5,82
122000345,24,8,16
122000346,273,177,96
122000348,580,480,100
122000349,116,509,-393
122000351,163,210,-47
122000352,239,173,66
122000353,110,111,-1
122000355,129,266,-137
122000356,589,1200,-611
122000357,63,12,51
122000358,0,13,-13
122000359,0,17,-17
122000360,0,21,-21
122000362,4,38,-34
122000364,159,228,-69
122000365,1,37,-36
122000366,9,10,-1
122000368,431,578,-147
122000370,23,15,8
122000371,21,1,20
122000372,11,5,6
122000381,108,271,-163
122000382,101,190,-89
122000384,1141,987,154
122000385,53,1,52
122000386,187,1350,-1163
122000387,270,738,-468
122000388,795,768,27
122000389,114,999,-885
122000390,218,353,-135
122000391,167,867,-700
122000392,140,219,-79
122000393,21,89,-68
122000394,490,127,363
122000395,122,111,11
122000396,248,66,182
122000397,21,26,-5
122000398,14,52,-38
122000399,135,44,91
122000400,41,661,-620
122000401,96,34,62
122000402,264,135,129
122000403,344,379,-35
122000404,140,96,44
122000408,471,728,-257
122000503,12,90,-78
122000524,99,192,-93
122000544,70,1568,-1498
122000616,154,4,150
122000640,86,58,28
122000641,168,170,-2
122000642,920,549,371
122000643,45,149,-104
122000644,89,48,41
122000645,46,181,-135
122000651,586,1891,-1305
122000664,145,26,119
122000665,852,444,408
122000666,452,1017,-565
122000673,25,116,-91
122000674,187,113,74
122000675,1582,479,1103
122000686,542,837,-295
122000687,1268,249,1019
122000688,211,332,-121
122000689,669,147,522
122000690,2256,166,2090
122000691,790,713,77
122000692,1044,172,872
122000693,290,621,-331
122000695,344,191,153
122000696,442,77,365
122000698,402,300,102
122000699,167,50,117
122000701,1299,232,1067
122000702,336,714,-378
122000703,196,56,140
122000712,0,0,0
122000717,83,42,41
122000718,588,1159,-571
122000719,115,84,31
122000720,579,85,494
122000724,173,222,-49
122900001,37,6,31
122900002,910,5120,-4210
122900003,326,33,293
122900004,1555,62,1493
122900005,106,79,27
122900006,400,729,-329
122900007,83,102,-19
122900008,215,152,63
122900009,511,264,247
122900010,184,93,91
122900012,163,354,-191
122900014,131,124,7
122900015,528,832,-304
122900016,135,156,-21
122900017,194,554,-360
122900018,134,12,122
122900019,27,121,-94
122900020,111,264,-153
122900021,18,241,-223
122900022,924,752,172
122900024,180,98,82
122900025,11,302,-291
122900026,15,144,-129
122900027,45,399,-354
122900028,78,111,-33
122900029,3781,1919,1862
122900030,1073,424,649
122900031,47,256,-209
122900032,183,233,-50
122900033,232,127,105
122900034,2849,3580,-731
122900035,22,16,6
122900036,48,37,11
122900037,284,134,150
122900038,67,2330,-2263
122900039,68,476,-408
122900040,164,557,-393
122900041,284,270,14
122900042,142,241,-99
122900043,213,232,-19
122900044,99,268,-169
122900045,110,101,9
122900046,137,283,-146
122900047,93,137,-44
122900048,39,143,-104
122900049,1547,124,1423
122900051,31,234,-203
122900052,158,121,37
122900053,28,25,3
122900055,219,35,184
122900057,175,54,121
122900061,356,114,242
122900062,494,443,51
122900063,135,158,-23
122900064,597,263,334
122900065,314,87,227
122900066,646,490,156
122900067,647,353,294
122900069,505,1099,-594
122900070,288,45,243
122900071,113,233,-120
122900072,3,132,-129
122900073,24,104,-80
122900074,904,275,629
122900075,0,64,-64
122900076,2,143,-141
122900077,1,58,-57
122900078,175,32,143
122900080,24,28,-4
122900081,133,108,25
122900082,766,133,633
122900083,64,68,-4
122900084,17,89,-72
122900086,7,78,-71
122900087,305,296,9
122900088,41,490,-449
122900089,32,149,-117
122900090,9,265,-256
122900091,304,0,304
122900092,0,77,-77
122900093,0,88,-88
122900094,1,115,-114
122900095,148,14,134
122900096,311,52,259
122900097,53,42,11
122900098,41,115,-74
122900099,161,12,149
122900100,60,511,-451
122900101,372,203,169
122900102,16,35,-19
122900103,166,18,148
122900104,236,10,226
122900105,20,10,10
122900106,1,39,-38
122900107,8,84,-76
122900108,4,103,-99
122900109,443,118,325
123000001,738,797,-59
123000002,1999,4742,-2743
123000003,3486,3542,-56
123000004,2364,3106,-742
123000005,2267,2169,98
123000006,1647,1664,-17
123000007,3480,2559,921
123000008,2420,2202,218
123000009,3550,2591,959
123000010,2753,2935,-182
123000011,1499,982,517
123000012,460,2356,-1896
123000013,2995,1068,1927
123000014,655,2816,-2161
123000015,1557,971,586
123000016,2125,2515,-390
123000017,3114,1696,1418
123000018,110,101,9
123000019,347,44,303
123000020,251,36,215
123000021,150,139,11
123000022,240,1436,-1196
123000023,1548,1808,-260
123000024,1553,647,906
123000025,311,120,191
123000026,35,116,-81
123000027,71,826,-755
123000028,1242,1202,40
123000029,584,1461,-877
123000030,243,91,152
123000031,293,115,178
123000032,306,71,235
123000033,228,71,157
123000034,1027,704,323
123000035,401,312,89
123000036,209,935,-726
123000037,293,140,153
123000038,40,247,-207
123000039,376,1262,-886
123000040,380,165,215
123000041,618,1135,-517
123000042,481,864,-383
123000043,1450,9332,-7882
123000044,2448,1794,654
123000045,2947,1806,1141
123000046,308,924,-616
123000047,889,974,-85
123000048,40,764,-724
123000049,4006,7050,-3044
123000050,1646,1415,231
123000051,51,127,-76
123000052,608,3027,-2419
123000053,1986,2552,-566
123000054,1412,1077,335
123000055,1474,2860,-1386
123000056,921,755,166
123000057,3357,3933,-576
123000058,663,957,-294
123000059,194,380,-186
123000060,808,344,464
123000061,267,536,-269
123000063,717,727,-10
123000064,860,181,679
123000065,2890,1739,1151
123000066,375,384,-9
123000067,827,331,496
123000068,1393,1610,-217
123000069,3238,1511,1727
123000070,158,428,-270
123000071,1152,641,511
123000072,1108,478,630
123000073,1734,562,1172
123000074,963,659,304
123000075,363,1070,-707
123000076,628,281,347
123000077,1751,1302,449
123000078,1898,1306,592
123000079,1686,1333,353
123000080,1855,785,1070
123000081,155,274,-119
123000082,220,649,-429
123000083,790,322,468
123000084,639,416,223
123000085,348,76,272
123000086,796,61,735
123000087,360,124,236
123000088,1203,414,789
123000089,567,804,-237
123000090,1169,694,475
123000091,1196,992,204
123000092,772,1025,-253
123000094,485,156,329
123000095,653,635,18
123000096,895,343,552
123000097,521,378,143
123000098,889,421,468
123000099,678,415,263
123000100,324,601,-277
123000101,434,469,-35
123000102,465,722,-257
123000104,364,433,-69
123000105,401,317,84
123000106,421,406,15
123000107,225,298,-73
123000108,346,701,-355
123000111,896,318,578
123000112,1106,387,719
123000113,484,580,-96
123000114,365,571,-206
123000115,265,232,33
123000116,60,60,0
123000117,1424,895,529
123000118,404,429,-25
123000119,151,467,-316
123000120,276,494,-218
123000121,402,551,-149
123000122,202,203,-1
123000123,456,464,-8
123000124,313,310,3
123000125,1031,970,61
123000126,965,3298,-2333
123000127,484,416,68
123000128,185,180,5
123000129,752,151,601
123000130,691,65,626
123000131,1005,760,245
123000132,216,364,-148
123000133,131,195,-64
123000134,161,90,71
123000135,2010,845,1165
123000136,166,387,-221
123000137,56,112,-56
123000138,51,190,-139
123000139,530,81,449
123000140,85,339,-254
123000141,487,122,365
123000142,813,584,229
123000143,899,1311,-412
123000144,9,24,-15
123000145,158,129,29
123000146,11,64,-53
123000147,69,129,-60
123000149,247,275,-28
123000150,73,177,-104
123000151,177,424,-247
123000152,40,232,-192
123000153,103,512,-409
123000154,971,1457,-486
123000155,1370,866,504
123000156,44,93,-49
123000157,432,578,-146
123000158,471,582,-111
123000159,2454,2703,-249
123000160,879,732,147
123000161,1403,807,596
123000162,1083,1410,-327
123000163,378,98,280
123000164,1669,275,1394
123000165,403,797,-394
123000166,36,99,-63
123000167,128,194,-66
123000168,209,148,61
123000169,746,140,606
123000170,122,50,72
123000171,731,8,723
123000172,133,316,-183
123000173,429,368,61
123000174,741,374,367
123000175,346,710,-364
123000176,764,193,571
123000177,262,437,-175
123000178,740,150,590
123000179,45,303,-258
123000180,1423,282,1141
123000181,254,739,-485
123000182,185,184,1
123000183,173,566,-393
123000184,87,265,-178
123000185,645,247,398
123000186,7,326,-319
123000187,587,21,566
123000188,140,1,139
123000189,194,91,103
123000190,70,94,-24
123000192,20,231,-211
123000193,90,570,-480
123000194,360,266,94
123000195,280,26,254
123000196,313,14,299
123000197,55,92,-37
123000198,42,1226,-1184
123000199,15,580,-565
123000200,560,8,552
123000201,1125,27,1098
123000202,14,483,-469
123000203,1037,56,981
123000204,45,564,-519
123000205,321,875,-554
123000206,2137,237,1900
123000207,87,497,-410
123000208,377,194,183
123000209,2000,713,1287
123000210,376,1323,-947
123000211,404,1301,-897
123000212,2945,407,2538
123000213,565,78,487
123000215,64,197,-133
123000216,117,558,-441
123000217,214,43,171
123000218,37,407,-370
123000219,529,47,482
123000220,408,104,304
123000221,224,57,167
123000222,274,166,108
123000223,386,111,275
123000224,372,225,147
123000225,274,44,230
123000226,80,330,-250
123000227,62,203,-141
123000228,210,38,172
123000229,547,1025,-478
123000232,112,393,-281
123000233,670,123,547
123000234,112,386,-274
123000235,1081,243,838
123000236,231,370,-139
123000237,315,109,206
123000238,57,268,-211
123000239,305,578,-273
123000240,46,547,-501
123000241,221,38,183
123000242,130,146,-16
123000243,698,727,-29
123000244,812,543,269
123000245,37,106,-69
123000249,698,458,240
123000252,744,246,498
123000253,1340,594,746
123000254,653,538,115
123000255,788,757,31
123000256,18,66,-48
123000257,1647,905,742
123000258,782,408,374
123000259,416,375,41
123000260,494,253,241
123000261,220,90,130
123000262,98,131,-33
123000263,467,83,384
123000264,137,71,66
123000265,45,128,-83
123000266,454,409,45
123000267,479,353,126
123000268,47,58,-11
123000269,48,52,-4
123000270,41,50,-9
123000271,77,44,33
123000272,596,283,313
123000273,260,771,-511
123000274,955,614,341
123000275,221,633,-412
123000278,1768,1971,-203
123000279,133,71,62
123000280,392,203,189
123000281,294,78,216
123000282,86,261,-175
123000283,128,74,54
123000284,56,62,-6
123000286,160,375,-215
123000287,506,306,200
123000288,1280,921,359
123000289,310,1092,-782
123000291,177,738,-561
123000294,138,245,-107
123000295,698,886,-188
123000296,632,436,196
123000297,718,357,361
123000298,870,192,678
123000299,112,140,-28
123000300,908,771,137
123000301,130,271,-141
123000302,68,93,-25
123000303,50,246,-196
123000305,741,663,78
123000306,163,59,104
123000309,27,58,-31
123000310,40,39,1
123000311,0,64,-64
123000312,348,329,19
123000313,508,299,209
123000315,117,167,-50
123000316,491,298,193
123000317,204,69,135
123000318,86,163,-77
123000329,15,15,0
123000337,518,784,-266
123000338,210,155,55
123000339,272,49,223
123000340,90,189,-99
123000342,12,65,-53
123000343,41,15,26
123000344,637,245,392
123000345,206,396,-190
123000346,393,26,367
123000352,958,722,236
123000353,61,94,-33
123000354,204,2,202
123000355,1,174,-173
123000356,348,4,344
123000357,0,62,-62
123000359,8,72,-64
123000360,205,41,164
123000361,121,147,-26
123000362,324,85,239
123000363,86,104,-18
123000364,402,436,-34
123000365,9,238,-229
123000366,278,1874,-1596
123000367,264,439,-175
123000370,24,448,-424
123000371,334,78,256
123000372,273,27,246
123000373,8,174,-166
123000374,25,74,-49
123000375,321,45,276
123000376,777,550,227
123000377,367,7,360
123000378,8,173,-165
123000379,4,123,-119
123000380,17,279,-262
123000381,73,91,-18
123000382,397,78,319
123000383,45,785,-740
123000384,353,95,258
123000385,102,411,-309
123000436,31,959,-928
123000507,141,167,-26
123000508,133,940,-807
123000517,196,24,172
123000518,23,138,-115
123000519,122,87,35
123000520,53,126,-73
123000521,407,107,300
123000522,118,178,-60
123000541,6,1,5
123000542,0,6,-6
123000565,1029,23,1006
123000566,280,244,36
123000567,58,116,-58
123000573,22,341,-319
123000574,469,36,433
123000575,1277,657,620
123000576,753,736,17
123000577,55,481,-426
123000578,225,92,133
123000579,630,4872,-4242
123000580,118,37,81
123000582,375,22,353
123000583,14,197,-183
123000584,125,195,-70
123000585,0,34,-34
123000586,77,0,77
123000596,57,104,-47
123000597,47,173,-126
123000602,47,6,41
123000603,914,302,612
123000604,468,230,238
123000605,679,15,664
123000606,0,338,-338
123000609,31,234,-203
123000610,126,85,41
123000613,29,154,-125
123000614,250,28,222
123000615,58,64,-6
123000616,639,58,581
123000617,74,105,-31
123000618,42,392,-350
123000619,415,41,374
123000620,44,208,-164
123000622,431,19,412
123000624,165,60,105
123000630,1416,302,1114
123000631,182,477,-295
123000632,487,511,-24
123000633,0,212,-212
123000634,56,181,-125
123000635,67,78,-11
123000636,26,293,-267
123000637,156,45,111
123000638,369,24,345
123000639,493,3747,-3254
123000640,30,242,-212
123000648,459,102,357
123000649,36,278,-242
123900001,756,41,715
123900002,24,1029,-1005
123900003,162,284,-122
123900005,187,156,31
123900006,293,35,258
124000001,1486,130,1356
124000002,38,831,-793
124000003,1119,141,978
124000004,59,250,-191
124000005,1146,530,616
124000006,142,563,-421
124000007,443,49,394
124000008,33,275,-242
124000009,693,258,435
124000010,163,210,-47
124000011,860,242,618
124000012,144,217,-73
124000017,179,98,81
124000018,99,62,37
124000019,98,143,-45
124000020,27,72,-45
124000021,94,92,2
124000022,59,102,-43
124000023,1027,1250,-223
124000024,885,353,532
124000025,960,1310,-350
124000026,876,719,157
124000027,3190,3701,-511
124000028,870,2568,-1698
124000030,1436,1029,407
124000031,1461,4013,-2552
124000032,1278,588,690
124000033,820,600,220
124000034,390,584,-194
124000035,331,150,181
124000036,103,277,-174
124000037,272,906,-634
124000038,23,63,-40
124000039,408,304,104
124000040,249,710,-461
124000041,375,138,237
124000042,133,253,-120
124000043,112,253,-141
124000044,72,114,-42
124000045,755,330,425
124000046,206,379,-173
124000047,1564,532,1032
124000048,669,469,200
124000049,1600,370,1230
124000050,723,894,-171
124000051,968,332,636
124000052,465,479,-14
124000053,531,1583,-1052
124000054,603,311,292
124000055,1003,2757,-1754
124000056,1177,837,340
124000057,1063,469,594
124000058,378,717,-339
124000059,671,1000,-329
124000060,532,394,138
124000061,952,5021,-4069
124000062,2459,1060,1399
124000063,910,916,-6
124000064,1263,801,462
124000065,67,392,-325
124000066,201,95,106
124000067,221,108,113
124000068,89,206,-117
124000069,842,131,711
124000070,241,426,-185
124000071,498,274,224
124000072,339,294,45
124000073,893,188,705
124000074,173,439,-266
124000075,309,19,290
124000076,13,64,-51
124000077,714,524,190
124000078,1779,1002,777
124000079,251,869,-618
124000080,693,181,512
124000081,289,329,-40
124000082,38,174,-136
124000083,37,65,-28
124000084,82,485,-403
124000085,77,34,43
124000086,20,88,-68
124000087,94,99,-5
124000088,67,423,-356
124000089,579,154,425
124000090,134,178,-44
124000091,413,102,311
124000092,155,410,-255
124000093,119,100,19
124000094,158,413,-255
124000095,119,104,15
124000096,129,193,-64
124000097,138,129,9
124000098,98,90,8
124000099,204,129,75
124000100,46,116,-70
124000101,94,104,-10
124000102,74,41,33
124000103,153,99,54
124000104,90,43,47
124000105,137,88,49
124000106,95,50,45
124000107,15,210,-195
124000108,56,22,34
124000109,119,114,5
124000110,125,56,69
124000111,210,114,96
124000112,571,383,188
124000113,81,121,-40
124000114,321,231,90
124000115,349,426,-77
124000116,111,162,-51
124000117,45,92,-47
124000118,28,87,-59
124000119,569,406,163
124000120,346,413,-67
124000121,992,1189,-197
124000122,349,920,-571
124000123,825,412,413
124000124,151,499,-348
124000125,331,344,-13
124000126,162,354,-192
124000127,673,320,353
124000128,453,525,-72
124000129,1459,1217,242
124000130,587,374,213
124000131,658,541,117
124000132,710,667,43
124000133,800,739,61
124000134,587,350,237
124000135,1282,1499,-217
124000136,415,580,-165
124000137,649,661,-12
124000138,639,927,-288
124000139,501,102,399
124000140,34,287,-253
124000141,564,44,520
124000142,78,293,-215
124000143,128,20,108
124000144,18,112,-94
124000145,199,109,90
124000146,77,107,-30
124000148,34,104,-70
124000149,1036,359,677
124000150,270,416,-146
124000151,808,433,375
124000152,587,769,-182
124000153,805,807,-2
124000154,380,469,-89
124000155,1135,795,340
124000156,787,806,-19
124000169,169,365,-196
124000170,431,363,68
124000171,229,208,21
124000172,216,347,-131
124000173,445,176,269
124000174,343,374,-31
124000175,6,34,-28
124000176,53,22,31
124000177,5,34,-29
124000178,87,42,45
124000185,7,92,-85
124000186,0,0,0
124000187,0,0,0
124000188,0,0,0
124000190,157,144,13
124000191,79,292,-213
124000192,1079,537,542
124000193,268,912,-644
124000194,338,363,-25
124000195,297,558,-261
124000196,663,608,55
124000197,22,23,-1
124000198,25,36,-11
124000201,259,454,-195
124000202,557,214,343
124000203,513,215,298
124000204,1007,209,798
124000205,143,298,-155
124000206,833,225,608
124000207,0,21,-21
124000209,187,164,23
124000210,645,143,502
124000211,768,6,762
124000212,0,149,-149
124000213,610,166,444
124000214,356,206,150
124000215,478,25,453
124000216,2,169,-167
124000329,93,636,-543
124000338,76,350,-274
124000339,1101,89,1012
124000341,1593,88,1505
124000344,155,2,153
124000357,1045,2030,-985
124000358,713,1400,-687
124000359,989,726,263
124000360,782,459,323
124000361,1833,987,846
124000362,834,1075,-241
124000363,242,277,-35
124000364,428,413,15
124000365,495,629,-134
124000366,1260,546,714
124000367,66,248,-182
124000368,578,531,47
124000369,151,125,26
124000370,46,415,-369
124000402,33,19,14
124000403,131,26,105
124000404,6,50,-44
124000405,706,606,100
124000406,865,561,304
124000407,0,22,-22
124000411,6,127,-121
124000412,369,5,364
124000413,76,17,59
124000414,158,74,84
124000415,36,60,-24
124000416,107,106,1
124000417,151,84,67
124000418,201,69,132
124000419,99,52,47
124000420,102,52,50
124000421,39,48,-9
124000422,13,8,5
124000423,76,29,47
124000424,0,59,-59
124000425,172,9,163
124000426,5,105,-100
124000427,254,3,251
124000428,4,62,-58
124000429,92,39,53
124000430,624,287,337
124000431,898,406,492
124000432,232,389,-157
124000439,6,0,6
124000443,0,8,-8
124000445,452,1725,-1273
124000446,705,222,483
124000447,28,152,-124
124000448,119,43,76
124000449,13,5,8
124000450,21,46,-25
124000451,0,0,0
124900001,746,447,299
124900002,151,165,-14
124900003,1086,460,626
124900004,801,274,527
124900005,194,76,118
124900006,821,248,573
124900008,926,504,422
124900009,132,309,-177
124900010,209,326,-117
124900011,398,283,115
124900012,369,115,254
124900013,579,211,368
124900014,312,66,246
124900015,136,303,-167
124900016,64,97,-33
124900017,436,1912,-1476
124900018,93,8,85
124900020,84,48,36
124900021,323,37,286
124900022,65,7,58
124900024,316,16,300
124900026,116,33,83
124900027,98,411,-313
124900028,169,72,97
124900029,12,465,-453
124900030,4,66,-62
124900031,21,144,-123
124900032,106,232,-126
124900033,124,134,-10
124900034,2,80,-78
124900035,150,274,-124
124900036,1,44,-43
124900037,162,152,10
124900038,227,182,45
124900039,0,45,-45
124900040,127,76,51
124900041,223,464,-241
124900042,47,2,45
124900043,459,484,-25
124900044,62,1,61
124900045,350,846,-496
124900047,68,98,-30
124900048,201,61,140
124900050,149,146,3
124900052,94,227,-133
124900053,122,234,-112
124900054,791,469,322
124900055,0,123,-123
124900057,4,54,-50
124900060,40,144,-104
124900061,130,11,119
124900062,210,24,186
124900066,0,11,-11
124900067,6,91,-85
124900068,200,399,-199
124900070,55,33,22
124900072,130,45,85
124900075,311,186,125
124900076,17,1339,-1322
124900077,14,86,-72
124900078,46,30,16
124900079,241,118,123
124900080,360,287,73
124900081,1052,323,729
124900082,315,454,-139
124900083,264,220,44
124900085,433,544,-111
124900086,31,999,-968
124900087,222,71,151
124900088,186,68,118
124900089,635,24,611
124900090,454,151,303
124900091,328,158,170
124900092,225,157,68
124900093,335,156,179
124900094,476,208,268
124900095,70,451,-381
124900096,313,229,84
124900097,296,59,237
124900098,117,191,-74
124900099,244,420,-176
124900100,281,51,230
124900101,92,304,-212
124900102,238,13,225
124900103,162,117,45
124900104,75,77,-2
124900105,96,77,19
124900106,400,31,369
124900107,83,28,55
124900108,162,64,98
124900111,0,115,-115
124900112,75,167,-92
124900113,54,204,-150
124900114,117,133,-16
124900115,121,53,68
124900116,203,196,7
124900117,237,168,69
124900118,131,465,-334
124900119,340,236,104
124900120,41,248,-207
124900121,84,278,-194
124900122,227,174,53
124900123,243,106,137
124900124,116,286,-170
204000001,114,3,111
204000002,26,3,23
204000003,26,4,22
204000004,0,2,-2
204000005,543,391,152
204000006,992,972,20
204000012,45,103,-58
204000019,864,376,488
204000020,583,638,-55
204000021,1429,583,846
204000022,751,305,446
204000023,502,480,22
204000031,35,10,25
204000032,256,27,229
204000034,47,74,-27
204000035,1,1,0
204000036,6,30,-24
204000037,1,29,-28
204000038,1,15,-14
204000039,4,8,-4
204000040,3,5,-2
204000041,9,15,-6
204000042,17,19,-2
204000043,23,7,16
204000044,24,3,21
204000045,36,1,35
204000046,14,2,12
204000057,7,4,3
204000062,28,31,-3
204000068,13,251,-238
204000069,80,308,-228
204000070,80,96,-16
204000080,44,58,-14
204000085,1588,1011,577
204000086,1641,1129,512
204000087,56,8,48
204000088,10,49,-39
204000090,104,145,-41
204000093,442,35,407
204000096,964,782,182
204000097,369,7,362
204000099,872,1286,-414
204000100,1399,1441,-42
204000105,1347,750,597
204000110,328,707,-379
204000111,402,414,-12
204000112,547,1054,-507
204000113,334,817,-483
204000114,873,701,172
204000115,655,242,413
204000116,657,847,-190
204000119,1478,1869,-391
204000132,694,370,324
204000133,756,117,639
204000134,179,42,137
204000135,731,68,663
204000136,443,213,230
204000138,349,593,-244
204000140,200,126,74
204000141,144,64,80
204000144,5,37,-32
204000145,460,109,351
204000146,16,194,-178
204000147,16,144,-128
204000148,183,31,152
204000154,4,3,1
204000155,0,3,-3
204000177,96,28,68
204000179,156,14,142
204000180,1,31,-30
204000222,2,8,-6
204000235,24,10,14
204000236,43,145,-102
204000238,18,12,6
204000240,315,87,228
204000263,500,623,-123
204000268,608,404,204
204000308,124,35,89
204000317,24,37,-13
204000322,6,27,-21
204000323,6,3,3
204000328,156,37,119
204000329,69,118,-49
204000330,144,39,105
204000331,142,129,13
205000001,666,974,-308
205000013,3,38,-35
205000014,18,55,-37
205000015,40,75,-35
205000016,17,95,-78
205000017,20,56,-36
205000022,309,526,-217
205000025,873,671,202
205000029,253,7,246
205000045,104,769,-665
205000046,154,775,-621
205000047,47,357,-310
205000048,325,610,-285
205000049,185,482,-297
205000050,875,208,667
205000059,2,130,-128
205000060,1,81,-80
205000061,4,99,-95
205000062,0,208,-208
205000063,23,180,-157
205000064,21,80,-59
205000065,65,323,-258
205000066,79,359,-280
205000067,23,485,-462
205000069,198,15,183
205000082,95,142,-47
205000110,73,155,-82
205000111,161,140,21
205000112,177,162,15
205000113,114,230,-116
205000121,191,45,146
205000123,23,132,-109
205000126,383,66,317
205000127,698,103,595
205000128,391,63,328
205000129,709,37,672
205000130,96,17,79
205000131,32,4,28
205000132,71,5,66
205000133,36,0,36
205000134,223,0,223
205000137,70,114,-44
205000138,103,189,-86
205000139,27,68,-41
205000144,95,64,31
205000145,198,148,50
205000151,150,17,133
205000152,172,10,162
205000153,255,16,239
205000154,68,23,45
205000155,109,9,100
205000207,10,110,-100
205000233,23,0,23
205000234,0,0,0
205000243,2,0,2
205000244,0,2,-2
205000245,4,112,-108
205000249,0,9,-9
205000250,3,1,2
205000264,9,57,-48
206000027,4,8,-4
206000028,3,1,2
206000043,5,20,-15
206000053,2,5,-3
206000054,0,13,-13
206000055,0,9,-9
206000075,5,32,-27
206000076,21,23,-2
206000077,13,2,11
206000078,37,9,28
206000079,37,10,27
206000082,264,35,229
206000100,13,315,-302
206000103,0,0,0
206000104,8,8,0
206000105,10,12,-2
206000106,4,10,-6
206000125,94,0,94
206000157,14,172,-158
206000170,0,70,-70
206000171,2,120,-118
206000172,9,120,-111
206000173,3,104,-101
206000174,12,22,-10
206000175,1,27,-26
206000176,8,53,-45
206000177,1,42,-41
206000178,0,140,-140
206000179,0,76,-76
206000180,10,60,-50
206000181,5,25,-20
206000182,9,38,-29
206000183,12,90,-78
206000184,5,90,-85
206000185,1,66,-65
206000186,56,231,-175
206000223,1,117,-116
206000226,10,2,8
206000227,19,0,19
206000237,45,127,-82
206000238,20,234,-214
206000239,117,985,-868
206000240,36,98,-62
206000241,0,44,-44
206000242,3,84,-81
206000243,7,50,-43
206000244,42,179,-137
206000245,850,54,796
206000246,327,14,313
206000247,333,13,320
206000248,421,9,412
206000252,52,41,11
206000258,29,68,-39
206000315,48,5,43
206000317,494,98,396
206000318,806,94,712
206000319,1962,79,1883
206000320,272,32,240
206000321,334,12,322
206000322,614,12,602
206000323,265,9,256
206000324,245,6,239
206000325,157,14,143
206000326,173,11,162
206000327,92,8,84
206000328,245,7,238
206000329,309,7,302
206000330,45,7,38
206000331,284,4,280
206000332,68,4,64
206000333,849,3,846
206000334,335,1,334
206000335,0,11,-11
206000361,18,203,-185
206000392,1,9,-8
206000405,160,3,157
206000441,58,18,40
206000498,44,2,42
206000515,52,37,15
206000530,416,44,372
206000531,267,227,40
206000532,1425,285,1140
206000535,58,2118,-2060
206000536,13,82,-69
206000537,12,95,-83
206000613,1397,174,1223
206000784,495,18,477
207000001,124,467,-343
207000002,79,342,-263
207000003,111,130,-19
207000007,1339,156,1183
207000008,140,11,129
207000009,47,21,26
207000010,294,212,82
207000012,476,130,346
207000015,170,552,-382
207000019,199,78,121
207000021,399,194,205
207000022,171,130,41
207000023,182,54,128
207000024,4,31,-27
207000025,17,54,-37
207000026,70,42,28
207000027,18,45,-27
207000028,50,97,-47
207000029,153,312,-159
207000033,223,436,-213
207000034,200,109,91
207000039,491,67,424
207000040,511,29,482
207000041,45,27,18
207000042,177,52,125
207000043,204,171,33
207000051,99,148,-49
207000052,28,103,-75
207000053,367,298,69
207000054,58,67,-9
207000055,167,65,102
207000056,265,215,50
207000057,83,314,-231
207000058,157,240,-83
207000059,125,222,-97
207000060,73,145,-72
207000061,141,692,-551
207000062,461,42,419
207000063,623,54,569
207000064,364,95,269
207000065,347,175,172
207000066,319,147,172
207000067,54,52,2
207000068,96,69,27
207000069,767,263,504
207000082,8,132,-124
207000083,57,125,-68
207000084,304,217,87
207000085,267,15,252
207000086,277,5,272
207000106,39,15,24
207000107,113,4,109
207000108,97,10,87
207000109,74,9,65
207000110,117,48,69
207000111,88,73,15
207000112,77,671,-594
207000114,20,39,-19
207000115,27,31,-4
207000116,33,296,-263
207000117,5,83,-78
207000118,2,42,-40
207000119,30,37,-7
207000123,164,11,153
207000124,86,12,74
207000125,77,28,49
207000126,61,39,22
207000134,131,85,46
207000135,31,136,-105
207000148,83,299,-216
207000149,55,21,34
207000152,113,367,-254
207000153,326,753,-427
207000154,294,154,140
207000159,96,78,18
207000160,135,165,-30
207000238,1,157,-156
207000242,7,60,-53
207000248,32,17,15
207000249,72,20,52
207000250,268,64,204
207000251,79,72,7
207000252,26,30,-4
207000278,95,62,33
207000279,21,83,-62
207000280,810,55,755
207000281,136,409,-273
207000282,65,131,-66
207000283,47,242,-195
207000284,29,399,-370
207000285,86,110,-24
207000291,16,67,-51
207000304,57,39,18
207000306,45,239,-194
207000310,112,82,30
207000353,190,1,189
207000356,9,11,-2
207000357,4,25,-21
207000358,2,9,-7
207000415,2,59,-57
207000417,45,10,35
207000418,129,104,25
207000438,0,2,-2
207000439,479,539,-60
207000446,256,13,243
207000460,52,5,47
207000466,130,141,-11
207000467,286,57,229
207000468,33,118,-85
207000476,12,46,-34
207000477,614,46,568
207000478,1,37,-36
207000523,0,12,-12
207000524,84,1,83
207000527,139,125,14
207000530,566,14,552
207000531,318,11,307
207000532,38,22,16
207000534,181,52,129
207000535,31,259,-228
207000537,24,59,-35
207000540,3,84,-81
207000541,5,149,-144
207000548,8,82,-74
207000549,248,11,237
207000561,142,174,-32
207000562,25,80,-55
207000567,132,138,-6
207000568,258,26,232
207000569,474,209,265
207000584,94,91,3
207000585,29,231,-202
207000587,155,27,128
207000616,1,60,-59
207000617,197,1,196
207000624,41,31,10
207000631,12,63,-51
207900008,251,53,198
208000001,593,1053,-460
208000002,641,495,146
208000003,954,379,575
208000004,806,706,100
208000005,2,13,-11
208000019,616,615,1
208000020,171,299,-128
208000021,242,194,48
208000022,869,361,508
208000028,598,1130,-532
208000033,507,395,112
208000034,856,1046,-190
208000037,270,21,249
208000040,124,71,53
208000041,691,407,284
208000042,690,563,127
208000047,151,146,5
208000064,1523,1257,266
208000066,1368,2086,-718
208000070,413,291,122
208000071,588,436,152
208000072,458,794,-336
208000080,324,316,8
208000081,457,135,322
208000082,339,139,200
208000083,179,218,-39
208000084,5,11,-6
208000085,540,412,128
208000086,418,710,-292
208000087,333,505,-172
208000089,979,231,748
208000090,921,361,560
208000093,102,166,-64
208000094,479,267,212
208000095,581,397,184
208000104,958,528,430
208000105,632,700,-68
208000114,100,307,-207
208000115,435,255,180
208000116,624,883,-259
208000117,94,160,-66
208000118,96,171,-75
208000155,586,944,-358
208000158,1034,2781,-1747
208000186,1839,3116,-1277
208000204,566,790,-224
208000205,1173,593,580
208000282,2602,2211,391
209000004,385,204,181
209000005,34,44,-10
209000006,363,249,114
209000007,226,291,-65
209000010,253,128,125
209000011,89,227,-138
209000012,60,91,-31
209000013,146,127,19
209000014,277,440,-163
209000025,404,41,363
209000026,669,93,576
209000027,286,320,-34
209000028,263,296,-33
209000029,226,478,-252
209000030,275,720,-445
209000031,1673,966,707
209000034,200,245,-45
209000035,115,163,-48
209000036,210,89,121
209000037,309,153,156
209000038,138,117,21
209000039,62,116,-54
209000040,204,333,-129
209000041,184,249,-65
209000042,263,265,-2
209000043,428,636,-208
209000044,180,566,-386
209000045,826,308,518
209000046,492,315,177
209000047,347,145,202
209000048,558,243,315
209000049,92,83,9
209000050,174,63,111
209000051,235,125,110
209000052,141,128,13
209000062,44,33,11
209000063,38,30,8
209000064,21,22,-1
209000065,85,19,66
209000066,118,10,108
209000067,108,26,82
209000080,7,160,-153
209000082,62,37,25
209000091,16,47,-31
209000093,30,13,17
209000094,41,126,-85
209000110,56,122,-66
209000111,466,1301,-835
209000112,973,469,504
209000113,1406,535,871
209000114,815,408,407
209000115,57,46,11
209000116,311,145,166
209000118,19,40,-21
209000119,11,10,1
209000121,85,296,-211
209000135,30,186,-156
209000142,516,1326,-810
209000143,31,49,-18
209000144,24,98,-74
209000229,248,108,140
209000240,24,125,-101
209000259,38,42,-4
209000260,42,517,-475
209000261,2,240,-238
209000262,2,193,-191
209000263,0,195,-195
209000264,1,256,-255
209000265,306,1,305
209000266,73,1,72
209000267,961,6,955
209000268,427,44,383
210000037,42,7,35
210000047,50,10,40
210000048,98,4,94
210000049,67,9,58
210000052,52,47,5
210000053,27,19,8
210000054,27,62,-35
210000070,132,3,129
210000071,84,1,83
210000072,25,0,25
210000073,0,27,-27
210000074,1,90,-89
210000075,5,127,-122
210000076,4,148,-144
210000077,11,64,-53
210000078,33,43,-10
210000079,24,30,-6
210000080,62,66,-4
210000081,89,30,59
210000082,115,1,114
210000083,49,12,37
210000084,56,1,55
210000085,0,56,-56
210000086,2,48,-46
210000099,22,168,-146
210000100,46,98,-52
210000101,64,108,-44
210000105,24,133,-109
210000159,3,161,-158
210000163,65,134,-69
210000164,187,157,30
210000168,100,34,66
210000187,0,29,-29
210000188,0,26,-26
210000214,54,0,54
210000219,40,31,9
210000220,91,30,61
210000232,6,13,-7
210000233,26,38,-12
210000234,18,63,-45
210000235,41,27,14
210000245,0,33,-33
210000246,22,0,22
210000258,13,39,-26
210000259,304,64,240
210000282,66,193,-127
210000285,0,98,-98
210000286,13,81,-68
210000290,5,16,-11
210000295,46,73,-27
210000296,27,17,10
210000320,150,34,116
210000321,86,28,58
210000338,29,49,-20
210000339,136,655,-519
210000340,107,247,-140
210000341,152,221,-69
210000342,168,133,35
210000343,124,142,-18
210000344,103,86,17
210000345,75,166,-91
210000346,58,99,-41
210000347,35,55,-20
210000348,93,54,39
210000349,50,15,35
210000350,122,38,84
210000351,130,54,76
210000352,49,35,14
210000353,49,36,13
210000354,49,30,19
210000355,27,46,-19
210000356,14,32,-18
210000357,33,64,-31
210000358,183,166,17
210000359,60,80,-20
210000360,123,126,-3
210000361,155,139,16
210000362,160,159,1
210000363,370,201,169
210000364,84,91,-7
210000365,163,60,103
210000366,126,51,75
210000367,100,25,75
210000368,123,23,100
210000369,19,19,0
210000370,33,35,-2
210000372,5,20,-15
210000373,29,24,5
210000374,35,23,12
210000375,33,46,-13
210000376,36,78,-42
210000404,26,85,-59
210000439,18,23,-5
210000472,63,3,60
210000482,44,99,-55
210000564,123,175,-52
210000567,1,35,-34
210000568,180,0,180
211000092,62,22,40
211000094,45,11,34
211000169,219,10,209
211000172,20,203,-183
211000209,0,38,-38
211000226,6,42,-36
211000270,28,13,15
211000275,15,12,3
211000276,83,14,69
211000279,17,24,-7
211000281,54,27,27
211000302,37,20,17
211507980,1,53,-52
211977296,34,23,11
212000003,122,20,102
212000004,7,43,-36
212000005,16,52,-36
212000006,26,37,-11
212000008,137,95,42
212000009,28,65,-37
212000012,66,35,31
212000013,39,22,17
212000014,218,77,141
212000015,297,174,123
212000016,376,360,16
212000027,479,192,287
212000028,337,240,97
212000029,185,179,6
212000030,46,20,26
212000031,57,25,32
212000048,67,126,-59
212000049,14,169,-155
212000050,13,11,2
212000051,193,94,99
212000052,161,123,38
212000053,246,196,50
212000054,332,58,274
212000055,286,92,194
212000056,6,13,-7
212000057,7,6,1
212000058,114,53,61
212000070,86,106,-20
212000077,108,311,-203
212000099,270,174,96
212000108,138,75,63
212000111,195,63,132
212000120,106,46,60
212000138,177,9,168
212000156,6,62,-56
212000158,12,16,-4
212000159,457,44,413
212000160,658,146,512
212000161,60,6,54
212000310,53,11,42
212000311,18,47,-29
212000374,30,7,23
213000001,36,242,-206
213000005,324,126,198
213000006,608,278,330
213000007,55,9,46
213000009,310,307,3
213000010,207,241,-34
213000011,194,76,118
213000012,155,169,-14
213000014,73,15,58
213000015,285,4,281
213000016,300,0,300
213000017,113,0,113
213000018,5,46,-41
213000019,2,65,-63
213000020,87,205,-118
213000021,2,74,-72
213000023,321,171,150
213000033,294,1202,-908
213000034,395,167,228
213000035,71,172,-101
213000045,249,223,26
213000046,142,108,34
213000047,406,1007,-601
213000056,101,27,74
213000069,107,4,103
213000073,2,33,-31
213000074,72,273,-201
213000075,505,11,494
213000076,36,0,36
213000085,4,36,-32
213000086,20,128,-108
213000091,264,12,252
213000092,46,10,36
213000099,158,1079,-921
213000100,782,286,496
213000101,524,53,471
213000102,549,90,459
213000103,633,481,152
213000104,38,264,-226
213000105,76,1050,-974
213000106,30,92,-62
213000107,149,234,-85
213000108,54,250,-196
213000109,26,142,-116
213000110,28,81,-53
213000111,7,51,-44
213000112,105,92,13
213000115,44,1,43
213000116,21,286,-265
213000117,5,347,-342
213000118,588,216,372
213000119,33,403,-370
213000120,96,203,-107
213000122,91,245,-154
213000123,229,428,-199
213000124,122,519,-397
213000125,110,22,88
213000126,22,50,-28
213000127,60,166,-106
213000128,196,867,-671
213000129,201,646,-445
213000130,869,278,591
213000132,466,100,366
213000133,840,69,771
213000134,815,7,808
213000136,447,30,417
213000137,649,56,593
213000139,255,25,230
213000147,35,11,24
213000148,11,16,-5
213000149,33,16,17
213000150,0,179,-179
213000151,0,140,-140
213000152,1,126,-125
213000153,5,139,-134
213000154,54,146,-92
213000155,36,96,-60
213000156,106,268,-162
213000157,484,318,166
213000158,300,672,-372
213000159,493,287,206
213000163,922,110,812
213000165,737,289,448
213000171,0,35,-35
213000172,2,114,-112
213000173,4,104,-100
213000174,4,55,-51
213000175,7,44,-37
213000176,52,39,13
213000177,69,5,64
213000178,181,4,177
213000179,243,1,242
213000180,189,0,189
213000184,100,313,-213
213000188,355,94,261
213000189,356,43,313
213000190,561,493,68
213000191,357,256,101
213000192,260,153,107
213000193,358,221,137
213000194,1,72,-71
213000195,9,289,-280
213000196,204,1004,-800
213000197,413,464,-51
213000198,29,1,28
213000200,106,458,-352
213000201,32,29,3
213000202,7,324,-317
213000203,1696,496,1200
213000204,738,41,697
213000205,259,63,196
213000206,405,36,369
213000207,88,6,82
213000208,47,1,46
213000209,121,4,117
213000210,237,2,235
213000211,10,20,-10
213000212,18,41,-23
213000213,26,55,-29
213000218,237,300,-63
213000219,560,31,529
213000220,408,11,397
213000223,155,172,-17
213000224,22,63,-41
213000225,104,32,72
213000226,69,32,37
213000227,860,190,670
213000228,477,77,400
213000229,66,22,44
213000230,592,10,582
213000232,78,503,-425
213000233,12,78,-66
213000234,4,93,-89
213000293,19,50,-31
213000294,95,27,68
213000295,23,83,-60
213000296,49,21,28
213000297,11,57,-46
213000298,16,49,-33
213000299,37,16,21
213000300,5,1,4
213000303,2,41,-39
213000304,3,8,-5
213000305,1,24,-23
213000306,30,41,-11
213000307,63,84,-21
213000308,60,93,-33
213000309,175,70,105
213000310,359,184,175
213000311,175,786,-611
213000315,73,89,-16
213000316,149,28,121
213000322,88,73,15
213000323,119,37,82
213000324,51,11,40
213000325,21,38,-17
213000326,4,11,-7
213000327,11,15,-4
213000328,11,97,-86
213000329,86,6,80
213000340,157,261,-104
213000341,541,78,463
213000346,183,263,-80
213000347,387,466,-79
213000348,9,150,-141
213000349,9,15,-6
213000350,265,526,-261
213000366,74,116,-42
213000367,324,22,302
213000379,44,87,-43
213000386,32,136,-104
213000406,125,174,-49
213000417,1069,405,664
213000425,249,32,217
213000426,206,26,180
213000427,49,131,-82
213000428,47,77,-30
213000429,3,6,-3
213000430,88,247,-159
213000431,21,0,21
213000432,0,18,-18
213000433,16,73,-57
213000434,114,85,29
213000435,145,31,114
213000436,78,30,48
213000437,1,1,0
213000438,206,17,189
213000439,30,3,27
213000440,7,229,-222
213000441,1,2,-1
213000442,2,20,-18
213000443,345,176,169
213000444,37,14,23
213000445,0,47,-47
213000446,0,26,-26
213000447,2,36,-34
213000448,12,142,-130
213000449,485,3,482
213000450,16,25,-9
213000451,219,39,180
213000452,14,21,-7
213000453,16,171,-155
213000455,155,3,152
213000456,1,163,-162
213000481,6,2,4
213000482,24,0,24
213000489,124,66,58
213000491,2,170,-168
213000492,166,37,129
213000493,5,99,-94
213000494,280,78,202
213000495,0,31,-31
213000496,327,73,254
213000497,32,174,-142
213000498,141,86,55
213000499,154,169,-15
213000500,516,56,460
213000501,98,16,82
213000502,133,99,34
213000503,1,22,-21
213000504,15,30,-15
213000505,14,10,4
213000506,0,6,-6
213000507,1,68,-67
213900244,66,0,66
213900245,1,5,-4
218000003,20,20,0
218000004,18,34,-16
218000005,24,33,-9
218000006,60,18,42
218000007,12,10,2
218000012,83,127,-44
218000013,162,115,47
218000014,268,288,-20
218000019,394,399,-5
218000020,187,274,-87
218000021,10,3,7
218000022,0,6,-6
218000023,2,9,-7
218000024,1,3,-2
218000025,1,6,-5
218000026,3,4,-1
218000027,0,1,-1
218000028,2,1,1
218000029,0,3,-3
218000030,0,1,-1
218000031,4,2,2
218000032,0,9,-9
218000040,17,0,17
218000046,63,50,13
218000047,8,91,-83
218000048,58,34,24
218000049,59,49,10
218000050,225,113,112
218000051,54,77,-23
218000052,2,33,-31
218000053,0,15,-15
218000054,6,67,-61
218000055,5,12,-7
218000056,9,14,-5
218000057,5,26,-21
218000064,0,11,-11
218000065,72,22,50
218000066,16,61,-45
218000067,73,59,14
218000068,121,40,81
218000069,303,46,257
218000070,238,137,101
218000071,153,147,6
218000072,156,152,4
218000078,986,327,659
218000079,144,44,100
218000080,127,45,82
218000081,502,110,392
218000082,101,73,28
218000083,78,28,50
218000084,138,83,55
218000085,149,177,-28
218000086,91,56,35
218000087,265,72,193
218000090,11,90,-79
218000091,946,472,474
218000092,90,115,-25
218000093,95,31,64
218000094,365,502,-137
218000099,192,513,-321
218000100,333,222,111
218000101,309,154,155
218000102,422,130,292
218000103,74,59,15
218000104,82,19,63
218000105,17,21,-4
218000106,14,16,-2
218000107,38,21,17
218000108,5,15,-10
218000112,51,28,23
218000117,52,78,-26
218000134,463,297,166
218000135,17,68,-51
218000136,131,74,57
218000137,137,118,19
218000138,66,75,-9
218000139,172,213,-41
218000140,440,202,238
218000141,58,53,5
218000142,200,101,99
218000143,68,228,-160
218000144,47,92,-45
218000145,450,228,222
218000146,81,150,-69
218000151,4,18,-14
218000152,84,37,47
218000153,3,1,2
218000154,7,3,4
218000155,13,0,13
218000156,54,6,48
218000157,34,10,24
218000158,12,8,4
218000159,0,10,-10
218000160,5,14,-9
218000161,27,2,25
218000162,23,7,16
218000163,6,1,5
218000164,65,4,61
218000165,63,14,49
218000170,5,14,-9
218000171,50,16,34
218000172,9,6,3
218000173,24,19,5
218000174,45,8,37
218000176,253,57,196
218000177,349,165,184
218000178,104,162,-58
218000179,124,54,70
218000180,93,23,70
218000181,270,50,220
218000187,17,41,-24
218000188,13,58,-45
218000189,22,56,-34
218000190,16,13,3
218000191,156,32,124
218000192,191,104,87
218000193,419,260,159
218000194,117,192,-75
218000195,107,44,63
218000196,358,163,195
218000197,448,192,256
218000198,16,96,-80
218000199,45,23,22
218000200,51,49,2
218000201,32,10,22
218000202,78,251,-173
218000207,8,21,-13
218000208,40,40,0
218000211,28,34,-6
218000212,0,1,-1
218000213,88,63,25
218000214,4,23,-19
218000215,13,21,-8
218000217,4,50,-46
218000218,108,24,84
218000219,6,23,-17
218000220,45,247,-202
218000221,374,202,172
218000222,0,27,-27
218000223,21,327,-306
218000224,14,96,-82
218000225,269,33,236
218000226,189,54,135
218000230,0,4,-4
218000232,30,41,-11
218000239,131,15,116
218000240,10,3,7
218000241,30,0,30
218000242,11,0,11
218000243,42,0,42
218000244,35,10,25
218000245,7,0,7
218000246,2,2,0
218000247,1,3,-2
218000248,1,37,-36
218000249,0,1,-1
218000250,1,17,-16
218000251,7,129,-122
218000252,1,420,-419
218000253,3,329,-326
218000254,2,91,-89
218000255,0,38,-38
218000256,4,196,-192
218000267,352,853,-501
218000268,11,25,-14
218000269,4,9,-5
218000270,120,37,83
218000271,4,38,-34
218000273,34,2,32
218000274,30,3,27
218000275,33,40,-7
218000276,11,15,-4
218000278,14,42,-28
218000279,75,21,54
218000280,7,34,-27
218000281,17,29,-12
218000282,420,541,-121
218000284,44,8,36
218000301,75,117,-42
218000302,73,25,48
218000303,10,70,-60
218000316,609,469,140
218000317,1295,503,792
218000318,916,371,545
218000319,1111,507,604
218000320,720,335,385
218000338,39,23,16
218000345,69,58,11
218000346,50,139,-89
218000459,20,92,-72
218000490,23,50,-27
218000501,108,13,95
218000502,56,34,22
218000503,113,21,92
218000504,131,17,114
218000505,29,86,-57
218000506,26,218,-192
218000508,5,5,0
218000510,90,8,82
218000520,100,105,-5
218000521,9,26,-17
218000522,1,111,-110
218000523,125,8,117
218000524,18,165,-147
218000525,146,31,115
218000526,22,144,-122
218000529,25,45,-20
218000530,25,4,21
218000531,30,7,23
218000532,27,20,7
218000534,167,18,149
218000537,27,52,-25
218000538,95,321,-226
218000540,106,78,28
218000543,130,59,71
218000544,23,72,-49
218000545,89,95,-6
218000546,31,55,-24
218000547,93,161,-68
218000548,159,96,63
218000549,570,308,262
218000550,145,202,-57
218000551,70,449,-379
218000552,188,53,135
218000553,29,128,-99
218000554,26,32,-6
218000555,27,57,-30
218000556,217,113,104
218000557,273,125,148
218000558,72,0,72
218000559,0,38,-38
218000560,0,47,-47
218000561,17,0,17
218000562,15,138,-123
218000563,201,46,155
218000564,7,118,-111
218000565,118,39,79
218000566,126,20,106
218000567,3,120,-117
218000568,37,3,34
218000569,1,90,-89
218000570,66,15,51
218000571,0,123,-123
218000572,140,2,138
218000573,8,184,-176
218000574,52,20,32
218000575,80,3,77
218000576,1,67,-66
218000577,104,1,103
218000578,0,65,-65
218000579,35,9,26
218000581,6,80,-74
218000582,56,2,54
218000583,7,1,6
218000584,0,22,-22
218000585,54,4,50
218000586,10,21,-11
218000587,2,3,-1
218000588,0,7,-7
218000589,1,13,-12
218000590,4,6,-2
218000591,0,1,-1
218000592,5,4,1
218000593,2,4,-2
218000594,3,5,-2
218000596,0,0,0
218000597,0,3,-3
218000598,0,0,0
218000599,1,2,-1
218000600,2,1,1
218000601,0,0,0
218000602,0,3,-3
218000603,0,2,-2
218000604,18,0,18
218000605,0,45,-45
218000606,117,0,117
218000607,12,48,-36
218000608,47,15,32
218000609,8,46,-38
218000610,86,6,80
218000611,28,3,25
218000612,1,32,-31
218000613,85,1,84
218000614,2,35,-33
218000615,123,2,121
218000616,15,109,-94
218000617,13,2,11
218000618,0,17,-17
218000619,23,13,10
218000620,5,10,-5
218000621,0,2,-2
218000622,0,5,-5
218000623,30,0,30
218000624,2,25,-23
218000625,19,2,17
218000626,0,14,-14
218000628,186,48,138
218000631,20,17,3
218000632,0,153,-153
218000633,64,2,62
218000634,8,21,-13
218000635,13,25,-12
218000636,671,495,176
218000637,995,243,752
218000638,191,19,172
218000639,9,52,-43
218000640,303,12,291
218000641,70,109,-39
218000652,25,27,-2
218000653,236,96,140
218000663,25,121,-96
218000675,45,40,5
218000676,0,1,-1
218000677,16,6,10
218000680,164,246,-82
218000681,371,164,207
218000691,202,96,106
218000693,298,103,195
218000703,0,6,-6
218000718,73,414,-341
218000719,124,241,-117
218000720,12,181,-169
218000721,77,23,54
218000725,2,1,1
218001147,2,52,-50
218001214,12,81,-69
218001258,191,6,185
218001329,102,87,15
218001330,78,62,16
218001351,37,17,20
218001352,8,42,-34
218001353,9,8,1
218001354,14,34,-20
218001355,8,110,-102
218001356,337,21,316
218001357,33,88,-55
218001358,230,16,214
218001361,283,5,278
218001362,0,36,-36
219000001,48,30,18
219000002,17,33,-16
219000003,56,23,33
219000004,22,25,-3
219000017,56,70,-14
219000020,138,33,105
219000022,134,2,132
219000023,24,1,23
219000029,0,48,-48
219000034,43,22,21
219000039,80,150,-70
219000040,41,106,-65
219000041,98,12,86
219000051,1,48,-47
219000052,2,22,-20
219000053,2,52,-50
219000054,19,58,-39
219000055,234,0,234
219000056,8,1,7
219000057,42,0,42
219000062,17,63,-46
219000063,65,6,59
219000064,1,36,-35
219000110,272,43,229
219000111,60,27,33
219000112,156,81,75
219000113,103,50,53
219000114,99,51,48
219000116,110,49,61
219000117,120,88,32
219000118,131,71,60
219000123,166,47,119
219000124,67,53,14
219000125,19,10,9
219000126,59,111,-52
219000127,0,6,-6
219000128,21,101,-80
219000129,16,126,-110
219000130,188,534,-346
219000131,535,838,-303
219000133,67,56,11
219000134,18,34,-16
219000135,37,57,-20
219000136,81,183,-102
219000138,55,24,31
219000139,37,35,2
219000140,66,1,65
219000141,27,42,-15
219000142,10,45,-35
219000143,21,41,-20
219000145,13,27,-14
219000146,3,12,-9
219000147,4,24,-20
219000148,0,12,-12
219000149,5,35,-30
219000150,3,19,-16
219000151,0,21,-21
219000157,267,91,176
219000158,128,141,-13
219000161,128,17,111
219000163,705,380,325
219000166,92,138,-46
219000167,69,103,-34
219000168,192,61,131
219000174,355,110,245
219000175,96,6,90
219000176,136,12,124
219000177,51,3,48
219000178,53,1,52
219000179,17,5,12
219000180,26,20,6
219000182,150,38,112
219000183,55,34,21
219000184,84,5,79
219000185,0,32,-32
219000186,73,8,65
219000187,26,36,-10
219000189,39,158,-119
219000190,55,162,-107
219000191,204,1365,-1161
219000192,174,162,12
219000193,125,89,36
219000195,3,28,-25
219000196,4,69,-65
219000198,5,56,-51
219000199,26,122,-96
219000200,31,95,-64
219000201,50,116,-66
219000203,20,142,-122
219000204,69,300,-231
219000205,56,182,-126
219000207,101,179,-78
219000209,21,44,-23
219000210,20,57,-37
219000213,4,87,-83
219000239,166,174,-8
219000240,246,316,-70
219000241,152,87,65
219000242,54,76,-22
219000243,92,205,-113
219000244,20,48,-28
219000245,30,62,-32
219000246,26,31,-5
219000247,172,33,139
219000248,396,307,89
219000249,150,143,7
219000250,167,108,59
219000251,459,212,247
219000252,248,169,79
219000253,414,94,320
219000255,172,78,94
219000256,218,86,132
219000257,118,0,118
219000262,81,80,1
219000263,47,49,-2
219000267,9,35,-26
219000268,1,6,-5
219000269,4,4,0
219000270,8,1,7
219000271,186,4,182
219000278,1,7,-6
219000279,1,2,-1
219000283,0,11,-11
219000295,33,61,-28
219000296,66,212,-146
219000297,29,38,-9
219000298,7,62,-55
219000299,329,39,290
219000300,23,69,-46
219000301,137,282,-145
219000302,27,191,-164
219000307,38,16,22
219000308,40,62,-22
219000311,176,54,122
219000312,480,131,349
219000313,329,48,281
219000314,48,152,-104
219000315,323,28,295
219000316,468,53,415
219000317,108,19,89
219000320,0,40,-40
219000321,0,25,-25
219000323,1,37,-36
219000325,1,7,-6
219000326,38,47,-9
219000327,24,19,5
219000328,15,29,-14
219000329,235,110,125
219000330,17,33,-16
219000331,34,22,12
219000332,131,84,47
219000333,42,2,40
219000335,81,2,79
219000337,19,0,19
219000338,20,1,19
219000344,12,69,-57
219000345,33,70,-37
219000346,22,48,-26
219000348,179,52,127
219000349,37,85,-48
219000350,85,368,-283
219000351,5,7,-2
219000352,396,55,341
219000353,115,57,58
219000354,191,80,111
219000355,117,41,76
219000356,405,1166,-761
219000363,145,79,66
219000364,81,52,29
219000365,115,24,91
219000366,182,332,-150
219000368,242,467,-225
219000370,678,567,111
219000371,8,26,-18
219000382,1,21,-20
219000383,305,1029,-724
219000385,234,439,-205
219000386,490,1337,-847
219000387,3,11,-8
219000390,1,0,1
219000391,1,0,1
219000397,20,14,6
219000398,47,40,7
219000401,10,59,-49
219000402,25,55,-30
219000403,91,295,-204
219000404,23,131,-108
219000407,7,19,-12
219000409,47,44,3
219000410,121,42,79
219000411,94,9,85
219000446,56,321,-265
219000447,2,18,-16
219000448,13,7,6
219000452,76,103,-27
219000453,44,193,-149
219000454,174,265,-91
219000556,233,101,132
219000558,79,79,0
219000590,20,100,-80
219000591,99,59,40
219000592,87,180,-93
219000595,0,15,-15
219000635,131,22,109
219000636,33,40,-7
219000657,6,19,-13
219000658,34,123,-89
219000673,0,34,-34
219000676,3,8,-5
219000679,30,13,17
219000684,90,0,90
219000685,2,38,-36
219000686,0,1,-1
219000688,0,57,-57
219000689,22,156,-134
219000690,156,24,132
219000691,20,150,-130
219000692,124,25,99
219000693,0,7,-7
219000694,15,0,15
219000695,47,3,44
219000698,32,0,32
219000699,0,9,-9
219000727,1,64,-63
219000728,65,2,63
219000770,15,1,14
219000771,1,34,-33
219000788,227,219,8
219001150,0,32,-32
219001151,0,7,-7
219001166,20,31,-11
219001167,4,46,-42
219001178,52,2,50
220000001,27,84,-57
220000002,7,72,-65
220000003,207,82,125
220000004,235,187,48
220000005,505,882,-377
220000006,111,423,-312
220000007,343,179,164
220000008,261,382,-121
220000009,224,281,-57
220000010,133,69,64
220000011,301,2215,-1914
220000012,35,163,-128
220000014,102,55,47
220000015,63,358,-295
220000017,28,190,-162
220000018,4014,1483,2531
220000019,102,417,-315
220000020,361,114,247
220000021,735,113,622
220000022,816,230,586
220000023,391,107,284
220000024,1118,370,748
220000025,627,1096,-469
220000026,222,339,-117
220000027,24,87,-63
220000028,37,48,-11
220000029,24,47,-23
220000030,21,62,-41
220000031,498,180,318
220000064,17,823,-806
221000046,2,0,2
221000047,0,0,0
221000048,0,0,0
221000049,0,7,-7
221000050,15,1,14
221000055,25,29,-4
221000057,93,7,86
221000068,238,106,132
221000069,309,48,261
221000070,165,14,151
221000071,97,7,90
221000072,183,5,178
221000073,164,38,126
221000074,0,15,-15
221000075,7,39,-32
221000076,20,17,3
221000077,21,51,-30
221000081,13,2,11
221000082,73,4,69
221000083,15,3,12
221000084,14,2,12
221000085,18,32,-14
221000086,13,75,-62
221000087,8,89,-81
221000088,15,99,-84
221000089,28,165,-137
221000090,82,315,-233
221000098,101,16,85
221000099,162,13,149
221000100,111,4,107
221000101,211,30,181
221000102,167,26,141
221000109,12,73,-61
221000110,10,42,-32
221000111,16,100,-84
221000112,6,87,-81
221000113,15,74,-59
221000114,12,98,-86
221000120,41,48,-7
221000121,3,52,-49
221000122,39,34,5
221000123,19,13,6
221000124,19,93,-74
221000155,83,18,65
221000156,74,41,33
221000175,1,22,-21
221000176,1,1,0
221000182,56,1,55
221000241,478,288,190
221000242,137,315,-178
221000243,468,208,260
221000244,278,415,-137
221000245,91,87,4
221000246,49,213,-164
221000247,144,105,39
221000248,173,113,60
221000267,53,399,-346
221000325,19,35,-16
221000331,10,35,-25
221000338,15,35,-20
221000378,242,63,179
221000381,44,60,-16
222000282,24,7,17
222000296,9,10,-1
222000568,327,13,314
222000569,187,48,139
222000570,126,29,97
222000571,420,17,403
222000577,8,50,-42
222000578,16,72,-56
222000579,23,70,-47
222000580,46,431,-385
222000599,1,90,-89
222000600,1,167,-166
222000601,4,515,-511
222000603,9,22,-13
222000604,1,30,-29
222000605,10,34,-24
222000606,2,8,-6
222000607,2,7,-5
222000608,21,25,-4
222000609,19,53,-34
222000616,463,19,444
222000617,3,14,-11
222000618,5,8,-3
222000620,8,33,-25
222000621,13,8,5
222000623,523,12,511
222000624,349,5,344
222000625,566,13,553
222000636,34,7,27
222000686,15,18,-3
222000687,54,25,29
222001066,271,2,269
222001067,21,2,19
222001068,63,15,48
222001069,53,14,39
222001082,14,6,8
222001083,19,10,9
222001084,0,47,-47
222001085,0,87,-87
222001111,45,42,3
222001112,138,15,123
222001313,20,6,14
222001314,5,90,-85
222001464,316,26,290
222001465,16,59,-43
222001484,147,28,119
222001485,21,59,-38
222001494,670,114,556
222001495,90,108,-18
222001496,339,71,268
222001497,111,184,-73
222001502,10,52,-42
222001503,95,23,72
222001504,25,165,-140
222001505,285,12,273
222001506,61,249,-188
222001507,216,14,202
222001510,525,17,508
222001511,52,114,-62
222001514,573,113,460
222001515,134,247,-113
222001518,415,50,365
222001519,59,89,-30
222001527,166,27,139
222001528,22,65,-43
222001529,357,30,327
222001530,74,88,-14
222001533,92,96,-4
222001534,340,42,298
222001535,248,280,-32
222001536,32,97,-65
222001537,300,47,253
222001538,48,190,-142
222001563,843,74,769
222001564,71,165,-94
222001568,165,165,0
222001576,1,4,-3
222001579,0,18,-18
222001583,13,59,-46
222001584,108,6,102
222001596,396,923,-527
222001597,1284,403,881
222001626,0,104,-104
222001650,30,134,-104
222001651,30,325,-295
222001914,142,46,96
222001915,27,104,-77
222001968,440,266,174
222001969,310,288,22
222001970,144,290,-146
222001971,28,5,23
222001972,1,4,-3
225000001,342,130,212
225000002,538,127,411
225000003,535,45,490
225000004,339,168,171
225000005,87,49,38
225000006,0,112,-112
225000007,770,795,-25
225000010,191,4,187
225000011,186,812,-626
225000012,171,470,-299
225000013,80,97,-17
225000014,559,70,489
225000015,65,73,-8
225000021,648,104,544
225000027,108,265,-157
225000032,575,104,471
225000042,36,339,-303
225000049,60,45,15
225000050,84,8,76
225000053,6,198,-192
225000058,527,151,376
225000067,177,84,93
225000068,67,143,-76
225000069,58,310,-252
225000070,73,143,-70
225000071,25,61,-36
225000075,11,388,-377
225000076,30,93,-63
225000078,53,24,29
225000085,85,83,2
225000086,166,69,97
225000087,91,13,78
225000088,7,121,-114
225000089,95,683,-588
225000090,24,295,-271
225000091,138,80,58
225000092,11,45,-34
225000093,174,174,0
225000094,11,117,-106
225000095,150,197,-47
225000096,177,308,-131
225000098,618,227,391
225000099,328,90,238
225000100,318,116,202
225000104,76,223,-147
225000110,6,203,-197
225000111,179,532,-353
225000112,196,695,-499
225000113,138,409,-271
225000114,76,173,-97
225000115,759,403,356
225000116,460,126,334
225000117,572,194,378
225000118,853,195,658
225000119,238,56,182
225000120,559,24,535
225000121,130,6,124
225000123,407,5,402
225000125,461,103,358
225000126,560,108,452
225000127,427,959,-532
225000128,425,627,-202
225000132,422,28,394
225000133,220,34,186
225000134,539,97,442
225000135,46,11,35
225000136,297,10,287
225000137,183,20,163
225000138,363,52,311
225000143,29,144,-115
225000144,2,197,-195
225000145,35,22,13
225000146,45,27,18
225000147,33,106,-73
225000148,5,78,-73
225000149,51,157,-106
225000151,25,83,-58
225000155,293,258,35
225000156,107,614,-507
225000157,240,217,23
225000158,42,115,-73
225000171,5,100,-95
225000180,22,1,21
225000181,0,41,-41
225000182,71,4,67
225000185,3,274,-271
225000187,40,186,-146
225000191,55,6,49
225000194,0,8,-8
225000208,1,35,-34
225000209,105,5,100
225000210,5,132,-127
225000217,0,11,-11
225000218,14,1,13
225000223,0,60,-60
225000224,43,0,43
225000225,0,31,-31
225000226,14,2,12
225000227,30,62,-32
225000228,7,3,4
225000229,0,48,-48
225000230,21,0,21
225000231,0,30,-30
225000232,137,0,137
225000241,46,2,44
225000242,0,25,-25
225000249,18,1,17
225000250,49,281,-232
225000251,341,27,314
226000042,157,220,-63
226000043,37,146,-109
226000044,82,177,-95
226000045,63,135,-72
226000046,445,66,379
226000047,357,85,272
226000048,279,101,178
226000049,208,195,13
226000070,0,18,-18
226000071,0,18,-18
226000072,0,7,-7
226000073,0,5,-5
226000074,0,12,-12
226000084,0,39,-39
226000085,0,9,-9
226000086,2,14,-12
226000087,0,21,-21
226000088,7,14,-7
226000090,119,187,-68
226000091,7,43,-36
226000092,1,9,-8
226000093,16,3,13
226000094,5,3,2
226000095,5,2,3
226000105,6,0,6
226000106,8,0,8
226000107,8,0,8
226000108,12,10,2
226000109,114,1,113
226000124,96,53,43
226000134,760,425,335
226000135,1264,422,842
226000136,519,301,218
226000137,4,248,-244
226000138,10,130,-120
226000139,0,39,-39
226000156,210,9,201
226000157,211,6,205
226000163,271,57,214
226000202,3,163,-160
226000231,521,8,513
226000232,22,7,15
227000033,362,77,285
227000036,479,33,446
227000037,414,33,381
227000038,166,36,130
227000049,1,46,-45
227000050,0,47,-47
227000055,49,2,47
227000056,45,1,44
227000084,2,89,-87
227000085,1,83,-82
227000088,43,2,41
227000089,103,7,96
227000090,40,1,39
227000091,13,1,12
227000093,77,0,77
227000094,24,0,24
227000130,31,166,-135
227000131,17,110,-93
227000132,8,81,-73
227000133,14,70,-56
227000134,31,171,-140
227000152,0,9,-9
227000153,0,89,-89
227000155,0,14,-14
227000156,0,9,-9
227000165,4,166,-162
227000196,364,107,257
227000199,450,158,292
227000230,9,176,-167
227000232,600,25,575
227000242,54,358,-304
227000243,392,66,326
227000245,25,159,-134
227000246,113,206,-93
227000247,433,62,371
227000248,173,38,135
227000249,21,127,-106
227000250,330,174,156
227000251,79,245,-166
227000252,35,150,-115
227000253,209,13,196
227000262,467,43,424
227000266,1408,25,1383
227000267,16,642,-626
227000282,5,71,-66
227000284,516,17,499
227000286,3,25,-22
227000287,15,66,-51
227000291,4,188,-184
227000484,202,8,194
227000485,18,510,-492
227000655,159,19,140
227000656,541,22,519
227000657,63,2,61
227000661,254,28,226
227000680,112,50,62
229000265,15,23,-8
229000296,2,7,-5
229000297,4,15,-11
229000298,4,61,-57
229000320,7,6,1
229000321,13,5,8
229000412,6,35,-29
229000414,12,44,-32
229000415,16,2,14
229000416,1,8,-7
229000417,0,4,-4
229000419,45,211,-166
229000440,303,73,230
229000442,18,1,17
229000443,5,7,-2
229000444,2,27,-25
229000445,66,6,60
229000446,53,9,44
229000491,3,8,-5
229000492,2,20,-18
229000493,3,14,-11
229000494,28,0,28
229000495,80,0,80
229000496,36,0,36
229000507,0,30,-30
229000508,0,24,-24
229000509,0,42,-42
229000510,2,7,-5
229000511,0,24,-24
229000512,0,5,-5
229000513,0,2,-2
229000514,0,1,-1
229000517,1,3,-2
229000518,4,3,1
229000519,2,0,2
229000520,7,2,5
229000521,55,7,48
229000522,11,1,10
229000523,5,2,3
229000524,0,0,0
229000527,1,0,1
229000528,2,0,2
229000529,3,0,3
229000530,28,0,28
229000531,12,1,11
229000532,4,0,4
229000533,17,0,17
229000534,11,0,11
229000564,30,0,30
229000565,15,0,15
229000566,0,1,-1
229000567,0,4,-4
229000582,22,2,20
229000583,0,0,0
229000584,0,2,-2
229000585,1,39,-38
229000718,0,1,-1
229000719,0,7,-7
229000720,0,2,-2
229000721,0,1,-1
229000722,0,2,-2
229000723,0,3,-3
229000724,0,0,0
229000725,0,1,-1
229000738,1,0,1
229000739,1,0,1
229000740,0,1,-1
229000741,10,0,10
229000742,4,0,4
229000743,6,0,6
229000744,1,0,1
229000745,0,0,0
229000746,4,1,3
229000847,56,0,56
229000848,14,0,14
229000849,105,0,105
229000851,51,0,51
229000854,0,2,-2
229000856,0,21,-21
229000857,0,15,-15
229000858,0,10,-10
229000919,3,52,-49
229000930,2,127,-125
229000937,88,5,83
229000966,25,36,-11
229000981,18,17,1
229000985,11,12,-1
229000986,1,6,-5
229000987,0,0,0
229000988,2,4,-2
229000989,10,8,2
229000990,0,0,0
229000991,2,3,-1
229000992,15,4,11
229000993,99,15,84
229000998,8,65,-57
229000999,61,9,52
229001034,1,2,-1
229001035,3,3,0
229001037,32,4,28
229001042,23,5,18
229001047,2,19,-17
229001050,41,29,12
229001168,0,5,-5
229001200,11,5,6
229001338,3,3,0
229001394,165,2,163
229001422,107,19,88
229001423,28,55,-27
229001431,40,30,10
229001432,24,34,-10
229001444,207,32,175
229001445,20,81,-61
229001479,22,2,20
229001503,218,73,145
229001504,135,85,50
229001505,149,44,105
229001506,60,83,-23
229001509,30,9,21
229001545,107,3,104
229001546,4,68,-64
229001553,64,4,60
229001554,9,42,-33
229001559,5,5,0
229001560,6,20,-14
229001630,44,11,33
229001631,5,12,-7
229001635,0,10,-10
229001636,0,0,0
229001658,0,81,-81
229001659,43,0,43
229001660,3,3,0
229001661,2,19,-17
229001662,14,0,14
229001663,0,10,-10
229002584,155,114,41
229002831,86,86,0
229002841,10,9,1
229002842,23,23,0
229002843,35,40,-5
229002844,22,42,-20
229002845,5,82,-77
229002846,26,22,4
229002847,0,11,-11
229002848,9,8,1
229002849,3,78,-75
229002850,8,0,8
229002851,19,88,-69
229002852,107,11,96
229002853,138,13,125
229002854,40,41,-1
229002855,11,22,-11
229002856,30,10,20
229002857,5,94,-89
229002858,12,5,7
229002859,14,54,-40
229002860,88,9,79
229002861,31,33,-2
229002862,17,16,1
229002863,27,17,10
229002864,26,19,7
229002865,9,8,1
229002866,7,21,-14
229002867,1,19,-18
229002868,5,19,-14
229002869,22,76,-54
229002870,46,17,29
235000066,206,27,179
235000067,70,70,0
235000072,40,59,-19
235000073,102,253,-151
235000074,37,13,24
235000080,13,40,-27
235000081,85,49,36
235000082,289,23,266
235000083,204,31,173
235000084,45,27,18
235000085,177,19,158
235000089,23,17,6
235000092,41,111,-70
235000093,5,2,3
235000097,3,11,-8
235000098,44,12,32
235000099,18,9,9
235000116,40,21,19
235000117,310,4,306
235000133,5,468,-463
235000134,12,181,-169
235000206,9,4,5
235000207,3,4,-1
235000208,3,6,-3
235000209,2,2,0
235000210,4,11,-7
235000212,8,13,-5
235000213,1,3,-2
235000220,1,6,-5
235000221,41,30,11
235000238,15,140,-125
235000239,2,43,-41
235000242,266,725,-459
235000245,286,137,149
235000246,18,51,-33
235000284,4,168,-164
235000295,82,11,71
235000305,270,19,251
235000306,302,10,292
235000307,32,5,27
235000308,4,0,4
235000309,57,2,55
235000310,20,0,20
235000311,53,11,42
235000322,0,13,-13
235000323,1,45,-44
235000324,0,26,-26
235000325,0,14,-14
235000326,9,58,-49
235000351,3,59,-56
235000352,8,39,-31
235000353,7,16,-9
235000354,2,72,-70
235000355,29,86,-57
235000356,36,1,35
235000357,44,6,38
235000358,61,12,49
235000359,18,10,8
235000360,22,5,17
235000361,56,3,53
235000381,95,85,10
235000382,181,13,168
235000390,12,2,10
235000391,165,6,159
235000392,177,199,-22
235000393,114,127,-13
235000395,118,17,101
235000396,423,52,371
235000400,51,52,-1
235000401,7,65,-58
235000405,63,121,-58
235000406,31,102,-71
235000407,33,67,-34
235000409,92,69,23
235000410,20,115,-95
235000411,2,24,-22
235000485,0,7,-7
235000486,9,0,9
235000549,91,38,53
235000550,90,62,28
235000599,126,22,104
235000600,6,16,-10
235000601,18,36,-18
235000602,99,45,54
235000614,5,15,-10
235000648,0,8,-8
235000649,37,3,34
235000685,3,4,-1
235000815,15,276,-261
235000834,0,5,-5
235000855,41,20,21
235000862,58,57,1
235000891,0,14,-14
235000892,3,1,2
235000901,40,30,10
235000907,4,10,-6
235001010,63,50,13
235001029,212,205,7
235001030,330,130,200
235001078,63,68,-5
235001079,36,33,3
235001147,38,33,5
235001166,12,41,-29
235001167,43,10,33
235001169,32,303,-271
235001188,0,7,-7
235001189,5,5,0
235001197,6,17,-11
235001200,70,39,31
235001207,378,14,364
235001210,90,67,23
235001215,25,88,-63
235001239,0,20,-20
235001244,1,11,-10
235016267,0,39,-39
277101746,0,0,0
277102712,2,0,2
277103813,0,0,0
277103814,0,0,0
277103898,0,2,-2
277104249,0,0,0
277104250,0,1,-1
277104251,0,16,-16
277104252,0,0,0
990011530,1,115,-114
990014944,0,203,-203
990015176,85,32,53
990015618,0,63,-63
990016032,0,131,-131
990032570,0,13,-13
990070001,61,2,59
990070103,0,1,-1
990070601,0,22,-22
990070751,1140,2,1138
990070766,1,183,-182
990071180,400,130,270
990071343,24,3,21
990071387,0,10,-10
990071823,211,1,210
990072600,6,1181,-1175
990072964,2,265,-263
990073285,0,3,-3
990074393,1,372,-371
990074870,1399,25,1374
990075106,647,7,640
990075746,589,9,580
990076437,1530,3,1527
990076458,4,201,-197
997000007,385,27,358
997000041,0,172,-172
997000058,64,3,61
997000062,27,2,25
997000069,0,3,-3
997000070,0,13,-13
997000100,30,0,30
997000141,1,489,-488
997000198,67,602,-535
998000475,0,0,0
998000736,0,123,-123
998000965,0,11,-11
998001031,1,68,-67
998001700,0,21,-21
998001899,0,3,-3
998001900,2,3,-1
998003073,732,6,726
998101900,0,0,0
998102850,0,249,-249
998501927,518,1033,-515
998501929,86,0,86
998501930,46,0,46
998501931,137,2,135
998501932,3,0,3
998501933,40,0,40
998501937,30,0,30
998501944,1,1,0
998501950,0,18,-18
998501970,55,2,53
998501971,0,39,-39
998501973,0,31,-31
998501974,1,199,-198
998501975,45,1,44
998501976,226,1,225
998501977,2,6,-4
998501978,12,1,11
998501979,0,4,-4
998501980,50,9,41
998501981,46,3,43
998501982,0,87,-87
998501983,0,9,-9
998502006,0,0,0
998502024,0,1,-1
998502032,1,4,-3
998502062,3,0,3
998502063,0,0,0
998502173,52,0,52
998502269,0,0,0
998502546,0,131,-131
998502578,1,0,1
998502599,19,322,-303
998502621,0,0,0
998601159,1,43,-42
998601292,0,10,-10
999033574,0,176,-176
999800001,28,1,27
999800002,0,5,-5
999800003,0,0,0
999800004,0,1,-1
999800005,0,4,-4
