ID,insum,outsum,diff
100000001,581,965,-384
100000002,4906,839,4067
100000003,6437,2937,3500
100000004,1657,1205,452
100000005,2339,4415,-2076
100000006,1063,119,944
100000007,3893,642,3251
100000008,279,657,-378
100000009,646,198,448
100000010,50,39,11
100000011,1079,62,1017
100000012,184,796,-612
100000013,27,263,-236
100000014,425,443,-18
100000015,3073,2754,319
100000016,1387,2056,-669
100000017,1190,1190,0
100000018,2182,723,1459
100000019,7620,2438,5182
100000020,2637,8762,-6125
100000021,7376,3753,3623
100000022,3835,1903,1932
100000023,9076,1610,7466
100000025,3829,958,2871
100000028,3913,1100,2813
100000029,499,274,225
100000030,767,93,674
100000031,8239,9276,-1037
100000032,3881,5205,-1324
100000033,1491,3457,-1966
100000034,1184,545,639
100000035,3199,1136,2063
100000036,3551,1246,2305
100000037,564,679,-115
100000038,1873,1223,650
100000039,1455,229,1226
100000040,405,177,228
100000041,1204,464,740
100000042,1569,419,1150
100000043,1333,450,883
100000044,510,970,-460
100000045,704,1838,-1134
100000046,915,1709,-794
100000047,636,1013,-377
100000048,1210,830,380
100000049,2078,2968,-890
100000051,833,1366,-533
100000053,84,3,81
100000054,449,31,418
100000055,1153,247,906
100000056,600,746,-146
100000057,1928,1036,892
100000058,1077,1507,-430
100000059,5,166,-161
100000060,541,528,13
100000061,2831,724,2107
100000062,1921,618,1303
100000063,636,350,286
100000064,1810,608,1202
100000065,719,1189,-470
100000066,280,930,-650
100000067,546,1056,-510
100000068,833,2023,-1190
100000069,429,2286,-1857
100000072,540,1233,-693
100000073,1996,1597,399
100000075,847,448,399
100000076,3550,4264,-714
100000077,1143,274,869
100000078,104,66,38
100000079,61,58,3
100000080,31,23,8
100000081,144,40,104
100000102,8286,1658,6628
100000103,4660,747,3913
100000104,5788,2419,3369
100000105,4639,1407,3232
100000106,3946,2142,1804
100000107,1089,724,365
100000108,1805,1041,764
100000109,6858,1453,5405
100000116,1687,757,930
100000117,61,40,21
100000118,1991,992,999
100000119,876,645,231
100000121,421,675,-254
100000122,2786,958,1828
100000123,4393,7658,-3265
100000124,5486,12437,-6951
100000125,3196,1095,2101
100000126,1925,355,1570
100000127,4439,420,4019
100000128,1160,1519,-359
100000129,920,619,301
100000130,333,703,-370
100000131,3197,4419,-1222
100000132,1575,2984,-1409
100000133,6915,3959,2956
100000135,505,863,-358
100000139,475,217,258
100000140,413,195,218
100000142,370,737,-367
100000143,2345,903,1442
100000144,5866,1119,4747
100000147,1309,3237,-1928
100000150,91,576,-485
100000151,993,1203,-210
100000153,1048,430,618
100000154,622,108,514
100000155,23,57,-34
100000156,185,132,53
100000157,25,81,-56
100000158,165,110,55
100000159,1777,709,1068
100000165,1670,1005,665
100000169,1262,559,703
100000174,2967,525,2442
100000179,141,583,-442
100000180,3780,1690,2090
100000181,298,282,16
100000188,133,486,-353
100000189,1659,418,1241
100000190,887,514,373
100000191,725,519,206
100000192,121,107,14
100000193,177,167,10
100000330,2355,864,1491
100000355,359,669,-310
100000362,4891,2977,1914
100000363,3522,5583,-2061
100000364,526,147,379
100000365,4153,5289,-1136
100000366,5617,2843,2774
100000367,5058,4507,551
100000368,2908,1890,1018
100000369,1599,1783,-184
100000370,197,523,-326
100000376,148,157,-9
100000379,7716,1849,5867
100000380,10922,3180,7742
100000384,9631,5255,4376
100000385,10084,4832,5252
100000386,11311,6542,4769
100000387,11896,5309,6587
100000388,10487,8100,2387
100000389,10455,7001,3454
100000390,10726,5680,5046
100000391,7194,8003,-809
100000392,7312,2714,4598
100000393,3364,3404,-40
100000394,12083,5849,6234
100000395,6194,2044,4150
100000396,8639,2877,5762
100000397,5092,2789,2303
100000398,13193,8756,4437
100000413,26,19,7
100000414,1790,828,962
100900002,7,57,-50
100900003,310,106,204
100900004,36,799,-763
100900005,263,33,230
100900006,8,244,-236
100900007,570,14,556
100900008,10,431,-421
100900009,59,54,5
100900010,56,126,-70
100900011,119,359,-240
100900012,0,261,-261
100900013,891,9,882
100900014,0,13,-13
100900015,126,152,-26
100900016,7,58,-51
100900017,890,75,815
100900018,0,35,-35
100900019,14,108,-94
100900020,655,8,647
100900021,361,2,359
100900022,3,22,-19
100900023,0,47,-47
100900024,1107,2,1105
100900025,24,7,17
100900026,95,165,-70
100900027,474,3022,-2548
100900028,168,187,-19
100900029,129,15,114
100900030,18,36,-18
100900031,644,77,567
100900032,213,0,213
100900033,282,181,101
100900034,568,1,567
100900035,1179,5,1174
100900036,16,0,16
100900037,59,284,-225
100900038,475,16,459
100900039,429,665,-236
100900040,230,828,-598
100900041,297,1018,-721
100900042,802,282,520
100900043,0,22,-22
100900044,3715,605,3110
100900045,189,0,189
100900046,1024,13,1011
100900047,775,161,614
100900048,199,36,163
100900049,63,225,-162
100900050,1,56,-55
100900051,126,49,77
100900052,339,20,319
100900053,262,22,240
100900054,37,170,-133
100900055,305,617,-312
100900056,188,332,-144
100900057,790,1644,-854
100900058,403,38,365
100900059,112,5,107
100900060,94,32,62
100900061,359,327,32
100900062,0,92,-92
100900063,203,498,-295
100900064,735,12,723
100900065,171,142,29
100900066,88,175,-87
100900067,3,5,-2
100900068,134,87,47
100900069,2638,10,2628
100900070,177,13,164
100900071,697,362,335
100900072,1,72,-71
100900073,85,660,-575
100900074,8,17,-9
100900075,2297,465,1832
100900076,31,56,-25
100900077,18,163,-145
100900078,87,727,-640
100900079,6,45,-39
100900080,27,183,-156
100900081,76,211,-135
100900082,85,916,-831
100900083,3,39,-36
100900085,7,97,-90
100900086,313,1882,-1569
100900088,80,878,-798
100900089,4,45,-41
100900090,166,400,-234
100900091,1,38,-37
100900092,318,252,66
100900093,118,416,-298
100900094,108,815,-707
100900095,2,28,-26
100900096,38,107,-69
100900097,1,12,-11
100900098,18,11,7
100900099,33,713,-680
100900100,11,418,-407
100900101,467,30,437
100900102,54,61,-7
100900103,8,19,-11
100900104,8,217,-209
100900105,4,264,-260
100900106,61,5,56
100900107,2329,725,1604
100900108,5,17,-12
100900109,12,36,-24
100900110,3,46,-43
100900111,40,153,-113
100900112,0,17,-17
100900113,16,29,-13
100900114,13,34,-21
100900115,2,33,-31
100900116,795,1672,-877
100900117,272,733,-461
100900118,39,61,-22
100900119,8,31,-23
100900120,2,24,-22
100900121,310,907,-597
100900122,124,250,-126
100900123,56,164,-108
100900124,7,11,-4
100900125,8,71,-63
100900126,97,253,-156
100900127,2,13,-11
100900128,129,141,-12
100900129,0,142,-142
100900131,91,231,-140
100900133,105,38,67
100900134,5,15,-10
100900135,0,132,-132
100900137,354,222,132
100900138,592,331,261
100900139,7,7,0
100900140,3,947,-944
100900141,1,435,-434
100900142,2,13,-11
100900143,1183,419,764
100900144,10,3,7
100900145,82,135,-53
100900146,3,42,-39
100900147,41,332,-291
100900148,47,1383,-1336
100900149,47,97,-50
100900150,1,19,-18
100900151,121,567,-446
100900152,152,4,148
100900153,3,214,-211
100900154,8,28,-20
100900155,1,9,-8
100900156,15,4,11
100900157,12,165,-153
100900159,2,28,-26
100900160,20,22,-2
100900161,105,7,98
100900162,13,256,-243
100900163,162,289,-127
100900164,69,48,21
100900165,45,51,-6
100900166,25,5,20
100900167,7,84,-77
100900168,57,180,-123
100900169,161,1013,-852
100900170,34,14,20
100900171,10,671,-661
100900172,0,10,-10
100900173,6,849,-843
100900174,494,59,435
100900176,1741,238,1503
100900177,863,471,392
100900178,551,97,454
100900179,107,127,-20
100900180,3,7,-4
100900181,83,78,5
100900182,22,23,-1
100900184,2,156,-154
100900186,1073,808,265
100900187,4,188,-184
100900188,21,35,-14
100900189,1066,245,821
100900191,1518,1128,390
100900192,304,236,68
100900195,232,202,30
100900197,30,174,-144
100900198,15,590,-575
100900199,18,33,-15
100900200,637,471,166
100900201,37,773,-736
100900202,32,0,32
100900203,0,98,-98
100900204,599,666,-67
100900205,162,372,-210
100900206,88,75,13
100900207,258,157,101
100900210,93,849,-756
100900211,467,193,274
100900213,68,45,23
100900214,1303,166,1137
100900215,12,39,-27
100900217,250,77,173
101000001,5080,2198,2882
101000002,4788,5402,-614
101000003,1137,3155,-2018
101000004,1995,6992,-4997
101000005,3599,6803,-3204
101000006,2658,11244,-8586
101000007,1815,2228,-413
101000008,13933,7575,6358
101000009,2718,2684,34
101000010,1313,1930,-617
101000011,3080,805,2275
101000012,3010,882,2128
101000013,561,1313,-752
101000014,984,900,84
101000015,1536,961,575
101000016,1578,521,1057
101000017,1405,814,591
101000018,12155,3279,8876
101000020,10001,1668,8333
101000021,3497,423,3074
101000022,441,43,398
101000023,3180,1071,2109
101000025,64,164,-100
101000026,612,22,590
101000027,3472,1176,2296
101000028,1957,270,1687
101000029,140,998,-858
101000030,1668,55,1613
101000031,682,170,512
101000032,9661,3218,6443
101000033,4608,3411,1197
101000034,6811,1831,4980
101000035,2536,695,1841
101000036,3702,849,2853
101000037,7543,1706,5837
101000039,6460,2600,3860
101000040,6737,4054,2683
101000041,15460,6957,8503
101000042,1630,1040,590
101000043,9015,4318,4697
101000045,2248,833,1415
101000046,2751,735,2016
101000047,1819,1476,343
101000048,1301,1092,209
101000049,1360,1490,-130
101000050,1813,1119,694
101000051,2746,2066,680
101000052,2572,818,1754
101000053,1262,1740,-478
101000054,1551,1249,302
101000055,1823,2169,-346
101000056,85,103,-18
101000057,3411,1055,2356
101000058,3345,1243,2102
101000059,6435,1762,4673
101000060,2616,704,1912
101000061,1454,1503,-49
101000062,1542,920,622
101000063,1134,993,141
101000064,2154,877,1277
101000065,587,477,110
101000066,766,394,372
101000067,1438,625,813
101000068,728,448,280
101000069,805,82,723
101000070,1729,962,767
101000071,2795,1073,1722
101000072,1155,4619,-3464
101000073,711,641,70
101000074,5050,3608,1442
101000075,6766,3562,3204
101000077,1271,1338,-67
101000078,713,1385,-672
101000079,555,382,173
101000080,658,263,395
101000081,1279,1927,-648
101000082,4125,3085,1040
101000083,2266,2347,-81
101000084,1568,1161,407
101000085,2040,1287,753
101000086,1412,1265,147
101000087,1109,1604,-495
101000088,1042,1270,-228
101000089,963,2035,-1072
101000090,2949,1738,1211
101000091,402,1628,-1226
101000092,748,1342,-594
101000093,1974,964,1010
101000094,610,1497,-887
101000095,228,948,-720
101000096,393,872,-479
101000097,1090,337,753
101000098,965,706,259
101000099,1440,1881,-441
101000100,1287,859,428
101000101,737,362,375
101000102,2980,531,2449
101000103,1364,465,899
101000104,655,663,-8
101000105,2309,321,1988
101000106,1336,523,813
101000107,156,470,-314
101000108,2146,414,1732
101000109,277,87,190
101000110,37,1063,-1026
101000111,138,271,-133
101000113,571,1296,-725
101000114,8591,3872,4719
101000115,102,186,-84
101000116,206,322,-116
101000117,593,332,261
101000119,221,63,158
101000120,440,43,397
101000121,176,26,150
101000122,264,61,203
101000123,108,64,44
101000124,240,170,70
101000125,177,645,-468
101000128,1848,341,1507
101000130,600,771,-171
101000131,775,956,-181
101000132,437,2581,-2144
101000135,101,28,73
101000136,393,99,294
101000137,39,296,-257
101000141,3658,3647,11
101000147,1290,809,481
101000148,2347,27,2320
101000149,161,99,62
101000150,124,1845,-1721
101000151,118,99,19
101000152,487,544,-57
101000153,724,577,147
101000154,266,2508,-2242
101000155,211,186,25
101000156,34,372,-338
101000157,89,29,60
101000160,110,61,49
101000163,366,159,207
101000164,562,667,-105
101000165,195,495,-300
101000166,305,379,-74
101000168,1149,518,631
101000252,1845,1171,674
101000254,566,39,527
101000258,17,3,14
101000261,73,23,50
101000262,3092,1512,1580
101000263,334,920,-586
101000265,112,895,-783
101000266,793,305,488
101000269,214,10,204
101000290,3299,5241,-1942
101000293,7,94,-87
101000294,633,442,191
101000295,180,654,-474
101000301,1254,381,873
101000304,4759,3714,1045
101000305,4678,2695,1983
101000328,201,565,-364
101900001,4,73,-69
101900002,0,18,-18
101900003,326,122,204
101900004,2,41,-39
101900005,7531,1778,5753
101900006,1241,416,825
101900007,947,55,892
101900008,341,446,-105
101900009,111,770,-659
101900010,1377,834,543
101900011,372,2128,-1756
101900012,171,586,-415
101900013,1537,145,1392
101900017,52,205,-153
101900018,2141,261,1880
101900019,434,145,289
101900020,178,121,57
101900021,0,63,-63
101900022,99,1892,-1793
101900023,134,320,-186
101900026,175,55,120
101900027,16,178,-162
102000001,5168,3578,1590
102000002,1740,626,1114
102000003,5278,8344,-3066
102000004,8028,3468,4560
102000005,2794,3884,-1090
102000006,5941,3714,2227
102000007,2072,7431,-5359
102000008,5314,3092,2222
102000009,5832,9327,-3495
102000010,6581,5367,1214
102000011,5408,4969,439
102000012,11711,9829,1882
102000018,4177,3113,1064
102000019,3797,3127,670
102000026,317,1811,-1494
102000029,535,285,250
102000030,130,485,-355
102000031,84,340,-256
102000032,501,624,-123
102000033,314,671,-357
102000034,569,1000,-431
102000035,1121,912,209
102000036,18,890,-872
102000038,104,47,57
102000039,780,165,615
102000040,844,190,654
102000041,402,768,-366
102000042,456,336,120
102000043,518,283,235
102000044,2315,1043,1272
102000045,1464,1867,-403
102000046,1579,1246,333
102000047,709,2069,-1360
102000048,256,911,-655
102000049,2286,1365,921
102000050,1753,1710,43
102000051,635,1041,-406
102000052,1750,1114,636
102000053,2066,1118,948
102000054,639,1197,-558
102000055,931,1745,-814
102000056,663,2665,-2002
102000057,1311,812,499
102000058,1312,2991,-1679
102000059,1667,1842,-175
102000060,1706,1554,152
102000061,1746,3185,-1439
102000062,1365,1683,-318
102000063,1415,2379,-964
102000064,805,1092,-287
102000065,43,170,-127
102000066,1251,2941,-1690
102000067,3077,3603,-526
102000068,16855,5017,11838
102000069,84,2400,-2316
102000070,2014,86,1928
102000071,11374,13249,-1875
102000072,4006,7546,-3540
102000073,1510,1374,136
102000074,828,971,-143
102000075,302,438,-136
102000076,403,881,-478
102000077,479,1866,-1387
102000078,610,1109,-499
102000079,108,328,-220
102000080,44,97,-53
102000081,427,924,-497
102000082,1338,976,362
102000083,531,477,54
102000084,147,558,-411
102000085,2190,1774,416
102000086,1215,1489,-274
102000087,1303,2200,-897
102000088,280,400,-120
102000089,1289,542,747
102000090,404,1211,-807
102000091,2241,560,1681
102000092,370,1208,-838
102000093,998,917,81
102000094,1219,756,463
102000095,1104,1154,-50
102000096,653,853,-200
102000097,1188,1079,109
102000098,629,843,-214
102000099,1331,724,607
102000100,906,1361,-455
102000101,1758,725,1033
102000102,372,5212,-4840
102000103,1751,552,1199
102000104,1523,522,1001
102000105,328,1301,-973
102000106,784,1425,-641
102000107,728,712,16
102000108,739,464,275
102000109,897,856,41
102000110,594,962,-368
102000111,541,1763,-1222
102000112,184,149,35
102000113,6,50,-44
102000114,1601,903,698
102000115,252,291,-39
102000116,1176,376,800
102000117,560,626,-66
102000118,3143,1291,1852
102000119,3936,812,3124
102000120,349,625,-276
102000121,1316,992,324
102000122,465,1049,-584
102000123,1640,1201,439
102000124,1192,1317,-125
102000125,854,1362,-508
102000126,738,901,-163
102000127,915,1004,-89
102000128,648,1298,-650
102000129,1147,1147,0
102000130,586,900,-314
102000131,1962,756,1206
102000132,971,891,80
102000133,1514,3036,-1522
102000134,763,1162,-399
102000135,1451,2261,-810
102000136,1579,1159,420
102000137,950,996,-46
102000138,243,491,-248
102000139,92,442,-350
102000140,646,361,285
102000141,222,613,-391
102000142,349,503,-154
102000143,147,679,-532
102000144,264,603,-339
102000145,312,590,-278
102000146,397,464,-67
102000147,322,516,-194
102000148,311,572,-261
102000149,188,764,-576
102000150,197,563,-366
102000151,206,523,-317
102000152,128,305,-177
102000153,1343,554,789
102000154,838,899,-61
102000155,163,384,-221
102000156,912,104,808
102000157,307,253,54
102000158,1066,773,293
102000159,1891,615,1276
102000161,5004,2555,2449
102000162,513,304,209
102000163,134,589,-455
102000164,1349,1114,235
102000165,365,140,225
102000166,69,209,-140
102000167,339,203,136
102000168,241,169,72
102000169,116,975,-859
102000170,915,238,677
102000171,309,130,179
102000172,361,449,-88
102000173,820,301,519
102000174,34,74,-40
102000175,143,239,-96
102000176,48,90,-42
102000178,373,696,-323
102000179,393,287,106
102000180,663,795,-132
102000181,488,839,-351
102000182,533,845,-312
102000183,1565,2427,-862
102000184,709,415,294
102000185,2363,1995,368
102000186,1464,1921,-457
102000187,841,2295,-1454
102000188,870,1838,-968
102000189,3937,2397,1540
102000190,670,3266,-2596
102000191,1384,800,584
102000192,1223,1546,-323
102000193,91,205,-114
102000194,138,191,-53
102000195,821,674,147
102000196,179,811,-632
102000197,562,616,-54
102000198,171,1221,-1050
102000199,721,401,320
102000200,405,1405,-1000
102000201,636,632,4
102000202,19,188,-169
102000203,396,468,-72
102000204,507,1532,-1025
102000205,1365,860,505
102000206,1181,1070,111
102000207,1902,588,1314
102000208,700,833,-133
102000209,45,71,-26
102000210,566,709,-143
102000211,454,531,-77
102000212,251,25,226
102000213,6,547,-541
102000214,225,12,213
102000215,5,749,-744
102000216,56,100,-44
102000217,8,219,-211
102000218,163,204,-41
102000219,694,395,299
102000225,833,1121,-288
102000226,3753,657,3096
102000227,462,2,460
102000228,1,146,-145
102000229,62,23,39
102000230,297,761,-464
102000231,898,730,168
102000232,28,595,-567
102000233,1127,2029,-902
102000234,133,1317,-1184
102000236,391,253,138
102000237,1055,244,811
102000238,635,670,-35
102000240,967,679,288
102000241,220,169,51
102000243,28,224,-196
102000245,31,93,-62
102000246,14,31,-17
102000247,2312,1466,846
102000248,1916,1469,447
102000249,460,603,-143
102000250,40,669,-629
102000254,57,499,-442
102000266,50,215,-165
102000271,36,0,36
102000286,619,620,-1
102000297,2741,1933,808
102000303,0,0,0
102000305,0,0,0
102000307,0,5,-5
102900001,1442,1593,-151
102900002,370,34,336
102900003,38,392,-354
102900005,280,561,-281
102900006,517,348,169
102900007,432,23,409
102900008,178,114,64
102900009,447,274,173
102900010,686,473,213
102900011,2434,596,1838
102900012,502,93,409
102900013,13,77,-64
102900015,976,585,391
102900016,56,136,-80
102900017,108,741,-633
102900018,50,183,-133
102900019,700,831,-131
102900020,137,39,98
102900021,25,203,-178
102900022,656,134,522
102900023,20,77,-57
102900024,34,40,-6
102900025,415,153,262
102900026,958,1550,-592
102900027,47,73,-26
102900028,108,874,-766
102900029,175,266,-91
102900030,412,345,67
102900031,118,217,-99
102900032,51,117,-66
102900033,117,279,-162
102900034,390,161,229
102900035,177,514,-337
102900036,318,858,-540
102900037,313,1047,-734
102900038,635,972,-337
102900039,21,402,-381
102900040,174,281,-107
102900041,62,314,-252
102900042,163,645,-482
102900043,150,421,-271
102900044,763,2483,-1720
102900045,111,692,-581
102900046,84,340,-256
102900047,81,851,-770
102900048,634,914,-280
102900049,112,434,-322
102900050,273,463,-190
102900051,197,348,-151
102900053,396,1036,-640
102900054,1111,1114,-3
102900055,130,155,-25
102900056,185,648,-463
102900057,7,54,-47
102900058,311,87,224
102900059,4,45,-41
102900060,128,603,-475
102900061,136,777,-641
102900062,207,1785,-1578
102900063,1112,684,428
102900064,184,766,-582
102900065,2387,255,2132
102900066,393,67,326
102900068,120,93,27
102900070,274,878,-604
102900072,21,53,-32
102900073,212,7,205
102900075,65,46,19
102900076,339,92,247
102900077,54,50,4
102900078,70,172,-102
102900079,350,6,344
102900080,415,35,380
102900081,70,392,-322
102900082,4,335,-331
102900083,469,17,452
102900084,4,31,-27
102900085,229,96,133
102900086,19,68,-49
102900087,202,156,46
102900088,103,38,65
102900089,353,181,172
102900090,3,556,-553
102900091,163,3,160
102900092,214,1508,-1294
102900094,1,88,-87
102900095,223,1,222
102900096,63,18,45
102900097,2,143,-141
103000001,3280,4393,-1113
103000002,4370,3373,997
103000003,6203,3789,2414
103000004,1112,795,317
103000005,2992,4936,-1944
103000006,811,2041,-1230
103000007,572,1019,-447
103000008,1190,805,385
103000009,1463,1360,103
103000010,330,286,44
103000011,1756,1324,432
103000012,1193,1865,-672
103000013,7295,2622,4673
103000014,1446,3480,-2034
103000015,3144,1066,2078
103000016,701,1647,-946
103000017,205,531,-326
103000018,1514,463,1051
103000019,231,301,-70
103000020,3180,1898,1282
103000021,2919,1715,1204
103000022,1353,1456,-103
103000023,595,2257,-1662
103000024,109,218,-109
103000025,98,746,-648
103000026,1785,217,1568
103000027,373,719,-346
103000028,679,451,228
103000029,325,272,53
103000030,2278,838,1440
103000031,1992,3555,-1563
103000032,2107,2324,-217
103000033,3263,3771,-508
103000034,1829,1183,646
103000035,449,2133,-1684
103000036,644,557,87
103000037,648,575,73
103000038,473,1460,-987
103000039,358,687,-329
103000040,519,1931,-1412
103000041,1865,3582,-1717
103000042,1045,992,53
103000043,496,1800,-1304
103000044,154,310,-156
103000046,244,766,-522
103000047,930,841,89
103000048,272,330,-58
103000049,132,264,-132
103000050,961,1063,-102
103000051,566,887,-321
103000052,966,636,330
103000053,205,900,-695
103000054,2840,1665,1175
103000055,1858,2750,-892
103000056,626,2683,-2057
103000057,338,370,-32
103000058,609,1251,-642
103000059,359,1168,-809
103000060,974,1140,-166
103000061,385,1224,-839
103000062,1374,1044,330
103000063,704,980,-276
103000064,151,411,-260
103000065,4,536,-532
103000066,277,9,268
103000069,284,527,-243
103000070,1221,1560,-339
103000071,1282,566,716
103000072,97,1165,-1068
103000073,800,149,651
103000074,720,90,630
103000075,125,1060,-935
103000076,330,444,-114
103000077,64,496,-432
103000078,2525,742,1783
103000079,2097,1080,1017
103000080,1449,481,968
103000081,706,1216,-510
103000082,693,279,414
103000083,162,428,-266
103000084,172,10,162
103000085,6,129,-123
103000086,1546,580,966
103000087,427,724,-297
103000088,834,440,394
103000089,434,984,-550
103000090,2196,964,1232
103000091,582,563,19
103000092,524,330,194
103000093,371,627,-256
103000094,232,131,101
103000095,50,540,-490
103000096,843,201,642
103000097,90,898,-808
103000098,1082,236,846
103000099,442,787,-345
103000100,100,1258,-1158
103000101,811,166,645
103000102,85,921,-836
103000103,643,353,290
103000104,153,181,-28
103000105,169,209,-40
103000106,23,88,-65
103000107,304,77,227
103000108,1546,756,790
103000109,749,486,263
103000110,549,459,90
103000111,1121,522,599
103000112,597,267,330
103000113,1934,1081,853
103000114,4300,444,3856
103000115,425,731,-306
103000116,490,735,-245
103000117,369,613,-244
103000118,2492,1150,1342
103000119,2748,686,2062
103000120,173,90,83
103000121,447,788,-341
103000122,760,565,195
103000125,11,562,-551
103000126,506,4,502
103000127,3,297,-294
103000128,172,1,171
103000129,1,161,-160
103000130,40,43,-3
103000131,207,117,90
103000132,79,145,-66
103000133,8,122,-114
103000134,878,987,-109
103000135,1080,307,773
103000136,1220,621,599
103000137,1224,619,605
103000138,1425,1024,401
103000139,7,91,-84
103000140,312,26,286
103000141,46,153,-107
103000142,107,109,-2
103000143,195,238,-43
103000144,249,136,113
103000145,28,49,-21
103000150,136,94,42
103000152,811,304,507
103000153,680,211,469
103000156,7,636,-629
103000157,406,5,401
103000159,73,40,33
103000162,176,40,136
103000163,23,28,-5
103000164,93,21,72
103000165,343,533,-190
103000166,288,323,-35
103000167,459,125,334
103000168,93,220,-127
103000169,210,645,-435
103000170,618,793,-175
103000171,79,92,-13
103000172,351,541,-190
103000173,414,1126,-712
103000174,203,512,-309
103000175,171,512,-341
103000176,1406,600,806
103000177,1049,477,572
103000178,377,400,-23
103000179,164,23,141
103000183,89,32,57
103000185,82,141,-59
103000186,91,302,-211
103000187,453,1040,-587
103000188,21,46,-25
103000189,3079,1398,1681
103000191,444,642,-198
103000292,3465,1555,1910
103000293,1627,1998,-371
103000295,153,93,60
103000296,416,1,415
103000297,20,9,11
103000504,139,22,117
103000505,8,11,-3
103000506,5,292,-287
103000507,202,6,196
103000508,82,31,51
103000509,1287,986,301
103900001,2,479,-477
103900002,2537,209,2328
103900003,1611,13,1598
103900004,97,0,97
103900005,3,287,-284
103900006,3,2,1
103900007,34,1,33
103900008,69,2,67
103900010,193,382,-189
103900012,6,27,-21
103900014,26,35,-9
103900015,54,19,35
103900017,29,155,-126
103900018,940,248,692
103900019,76,283,-207
103900020,298,487,-189
103900021,1054,69,985
103900022,1323,795,528
103900023,89,2,87
103900024,119,935,-816
103900025,11,76,-65
103900026,200,9,191
103900027,698,470,228
103900028,189,348,-159
103900029,1136,190,946
103900030,1165,27,1138
103900031,53,23,30
103900032,67,78,-11
103900033,397,6,391
103900034,25,465,-440
103900035,100,77,23
103900036,89,30,59
103900037,134,43,91
103900038,83,200,-117
103900039,53,651,-598
103900040,21,237,-216
103900041,44,24,20
103900042,43,583,-540
103900043,116,193,-77
103900044,335,447,-112
103900045,292,287,5
103900047,46,32,14
103900048,69,17,52
103900049,277,2028,-1751
103900050,11,89,-78
103900051,0,40,-40
103900052,208,882,-674
103900053,242,1605,-1363
103900054,87,728,-641
103900055,564,269,295
103900056,29,44,-15
103900057,33,296,-263
103900058,160,1049,-889
103900059,0,8,-8
103900060,44,267,-223
103900061,111,42,69
103900062,322,95,227
103900063,11,0,11
103900064,104,3,101
103900065,1154,446,708
103900066,132,10,122
103900067,130,4,126
103900068,12,0,12
103900069,122,17,105
103900070,100,417,-317
103900071,16,176,-160
103900072,6,341,-335
103900073,65,41,24
103900074,94,141,-47
103900075,131,131,0
103900076,340,1122,-782
103900077,61,134,-73
103900078,163,188,-25
103900079,102,312,-210
103900080,14,51,-37
103900081,228,29,199
103900082,18,132,-114
103900083,2311,1794,517
103900084,70,220,-150
103900085,114,143,-29
103900086,680,408,272
103900088,392,348,44
103900089,37,282,-245
103900090,3,279,-276
103900091,897,306,591
103900092,1525,753,772
103900093,126,355,-229
103900094,11,151,-140
103900095,1282,203,1079
103900096,25,309,-284
103900097,10,579,-569
103900098,156,122,34
103900099,38,257,-219
103900100,211,472,-261
103900101,79,1257,-1178
103900102,3,31,-28
103900104,2,48,-46
103900105,120,248,-128
103900106,0,25,-25
103900107,175,345,-170
103900108,38,603,-565
103900109,76,134,-58
103900110,270,72,198
103900111,78,1145,-1067
103900112,24,64,-40
103900113,163,223,-60
103900114,805,497,308
103900115,243,321,-78
103900116,10162,3108,7054
103900117,236,119,117
103900119,30,57,-27
103900120,55,215,-160
103900122,48,428,-380
103900123,2868,808,2060
103900124,95,870,-775
103900125,127,137,-10
103900126,504,808,-304
103900127,219,822,-603
103900128,314,461,-147
103900131,21,173,-152
103900133,1172,95,1077
103900134,0,2,-2
103900135,3,15,-12
103900137,0,41,-41
103900138,81,665,-584
103900139,1615,2055,-440
103900140,1,93,-92
103900141,301,92,209
103900142,193,398,-205
103900143,36,3,33
103900144,0,151,-151
103900145,161,420,-259
103900146,300,560,-260
103900147,356,139,217
103900148,419,773,-354
103900149,257,1265,-1008
103900150,11163,4263,6900
103900151,56,200,-144
103900152,353,794,-441
103900153,25,1,24
103900154,1630,2869,-1239
103900155,16,382,-366
103900156,25,308,-283
103900157,38,505,-467
103900158,58,379,-321
103900159,127,142,-15
103900160,55,25,30
103900161,91,258,-167
103900162,261,1113,-852
103900163,7,663,-656
103900167,27,87,-60
103900168,117,145,-28
103900169,52,46,6
103900170,1,157,-156
103900171,2,91,-89
103900172,9,51,-42
103900173,17,16,1
103900174,113,58,55
103900175,57,48,9
103900176,5,19,-14
103900177,19,56,-37
103900178,47,133,-86
103900179,45,406,-361
103900180,6,181,-175
103900181,59,84,-25
103900182,42,29,13
103900184,872,58,814
103900185,497,225,272
103900187,153,70,83
103900188,52,23,29
103900189,108,9,99
103900190,82,93,-11
103900191,28,59,-31
103900192,21,84,-63
103900193,183,164,19
103900194,63,493,-430
103900195,2,51,-49
103900196,26,32,-6
103900197,17,26,-9
103900198,14,72,-58
103900199,179,132,47
103900200,135,192,-57
103900201,104,266,-162
103900202,7,71,-64
103900203,44,32,12
103900204,3,165,-162
103900207,2,230,-228
103900208,84,0,84
103900209,3,124,-121
103900210,43,39,4
103900211,458,866,-408
103900212,224,876,-652
103900213,286,320,-34
103900214,797,159,638
103900215,701,339,362
103900216,6,573,-567
103900217,503,11,492
103900218,46,604,-558
103900219,148,615,-467
103900233,44,3,41
103900235,72,28,44
103900236,79,3,76
103900242,7,18,-11
103900243,10,8,2
103900244,108,572,-464
103900245,128,296,-168
103900246,144,40,104
103900247,52,138,-86
103900248,26,39,-13
103900249,33,56,-23
103900250,78,61,17
103900251,1,69,-68
103900253,64,101,-37
103900254,35,46,-11
103900255,127,29,98
103900256,83,37,46
103900257,362,323,39
103900258,137,12,125
103900259,107,9,98
103900261,18,5,13
103900262,79,12,67
103900263,123,189,-66
103900264,104,63,41
103900265,82,14,68
103900266,5,83,-78
103900267,25,76,-51
103900268,18,232,-214
103900269,136,38,98
103900270,32,219,-187
103900271,21,194,-173
103900272,104,157,-53
103900273,36,172,-136
103900274,40,12,28
103900275,51,10,41
103900276,7,239,-232
103900277,1,173,-172
103900278,15,104,-89
103900279,3,13,-10
103900280,3,404,-401
104000001,2632,3084,-452
104000002,2172,4768,-2596
104000003,2929,3497,-568
104000004,3918,4175,-257
104000005,1797,2876,-1079
104000006,2818,4746,-1928
104000007,5264,5840,-576
104000008,401,510,-109
104000009,218,190,28
104000010,168,347,-179
104000011,1088,479,609
104000012,213,589,-376
104000013,189,201,-12
104000014,301,1018,-717
104000015,299,236,63
104000016,684,662,22
104000018,697,226,471
104000019,620,200,420
104000020,276,897,-621
104000021,483,728,-245
104000022,166,330,-164
104000023,591,564,27
104000024,331,532,-201
104000026,83,534,-451
104000027,363,607,-244
104000028,493,412,81
104000029,491,741,-250
104000030,286,362,-76
104000031,945,425,520
104000032,227,453,-226
104000033,652,546,106
104000034,336,519,-183
104000035,791,516,275
104000036,700,702,-2
104000037,306,405,-99
104000038,413,714,-301
104000039,226,497,-271
104000040,610,577,33
104000041,1008,496,512
104000042,295,556,-261
104000043,361,552,-191
104000044,260,1060,-800
104000045,1248,1706,-458
104000046,2101,2171,-70
104000047,1038,1807,-769
104000048,1331,2118,-787
104000049,630,487,143
104000050,205,935,-730
104000051,201,1043,-842
104000052,1974,2608,-634
104000053,1042,1064,-22
104000054,413,503,-90
104000055,6616,3382,3234
104000056,2346,461,1885
104000057,389,905,-516
104000058,915,1190,-275
104000059,746,2078,-1332
104000060,1061,1684,-623
104000061,1730,1701,29
104000062,531,554,-23
104000064,828,567,261
104000065,350,491,-141
104000069,2648,1624,1024
104000070,61,587,-526
104000071,439,720,-281
104000072,850,865,-15
104000075,78,508,-430
104000076,801,77,724
104000082,3233,3589,-356
104000083,956,275,681
104000084,197,625,-428
104000085,502,376,126
104000086,213,519,-306
104000087,510,1833,-1323
104000090,829,2263,-1434
104000092,965,4050,-3085
104000094,1193,2843,-1650
104000095,2359,2282,77
104000096,1582,803,779
104000097,1827,1569,258
104000098,1761,1982,-221
104000100,1709,852,857
104000101,1482,4533,-3051
104000106,444,1075,-631
104000107,596,668,-72
104000108,449,858,-409
104000109,376,111,265
104000110,1076,1322,-246
104000111,6747,2722,4025
104000112,2649,765,1884
104000116,4,1692,-1688
104000117,123,1704,-1581
104000118,461,316,145
104000119,516,425,91
104000120,188,1561,-1373
104000121,222,918,-696
104000122,633,901,-268
104000123,1377,1612,-235
104000124,1519,3406,-1887
104000125,7467,4159,3308
104000126,321,631,-310
104000127,2027,4910,-2883
104000128,983,556,427
104000129,674,42,632
104000130,11,385,-374
104000131,1747,618,1129
104000132,1759,814,945
104000133,1487,1453,34
104000134,801,2140,-1339
104000135,376,1796,-1420
104000136,759,3791,-3032
104000137,1401,377,1024
104000138,1673,1004,669
104000139,10274,3709,6565
104000141,1154,2248,-1094
104000142,817,1085,-268
104000143,675,879,-204
104000144,131,328,-197
104000145,494,311,183
104000146,569,1027,-458
104000147,161,537,-376
104000148,287,192,95
104000149,183,505,-322
104000150,899,600,299
104000151,392,716,-324
104000152,716,842,-126
104000153,492,609,-117
104000154,1521,847,674
104000155,408,643,-235
104000157,1339,2294,-955
104000158,425,503,-78
104000159,929,589,340
104000160,1939,2297,-358
104000161,369,258,111
104000162,70,151,-81
104000165,1968,1445,523
104000167,544,974,-430
104000168,761,8,753
104000169,65,68,-3
104000170,641,562,79
104000248,338,1366,-1028
104000251,125,342,-217
104000272,0,0,0
104000273,0,0,0
104000274,0,0,0
104000275,0,0,0
104000279,5066,2051,3015
104000290,85,480,-395
104000291,1089,2106,-1017
104000293,1733,920,813
104000294,6,0,6
104000295,763,1144,-381
104000296,395,1391,-996
104000297,1382,2295,-913
104000298,2693,1522,1171
104000299,1163,2557,-1394
104000302,122,296,-174
104000303,251,269,-18
104900001,142,566,-424
104900002,63,185,-122
104900003,49,419,-370
104900004,83,417,-334
104900005,263,208,55
104900006,319,141,178
104900007,268,296,-28
104900009,105,522,-417
104900010,37,41,-4
104900011,13,4,9
104900012,201,24,177
104900013,144,16,128
104900014,4003,304,3699
104900015,145,12,133
104900016,178,517,-339
104900017,132,237,-105
104900018,6,237,-231
104900019,511,2393,-1882
104900020,58,357,-299
104900021,1,356,-355
104900022,19,188,-169
104900023,1,211,-210
104900024,22,219,-197
104900025,79,598,-519
104900026,1,142,-141
104900027,427,314,113
104900028,17,144,-127
104900029,35,158,-123
104900030,478,226,252
104900031,109,223,-114
104900032,59,234,-175
104900033,122,251,-129
104900034,334,110,224
104900035,265,152,113
104900036,125,95,30
104900037,100,461,-361
104900038,759,793,-34
104900039,969,151,818
104900040,215,90,125
104900041,141,232,-91
104900042,138,474,-336
104900043,11,63,-52
104900044,341,220,121
104900045,438,65,373
104900046,130,181,-51
104900047,219,178,41
104900048,233,121,112
104900049,19,34,-15
104900050,199,111,88
104900051,235,68,167
104900052,47,0,47
104900053,439,89,350
104900054,134,99,35
104900055,52,0,52
104900056,184,8,176
104900057,23,2,21
104900058,1056,146,910
104900059,81,22,59
104900061,325,734,-409
104900063,105,288,-183
104900064,0,144,-144
104900065,2,204,-202
104900066,3,285,-282
104900067,6,362,-356
104900068,14,322,-308
104900070,163,351,-188
104900071,2,1102,-1100
104900072,57,247,-190
104900073,43,456,-413
104900074,59,239,-180
104900075,30,157,-127
104900076,64,420,-356
104900077,2161,171,1990
104900078,150,812,-662
104900079,177,429,-252
104900080,94,644,-550
104900082,8,432,-424
104900085,13,326,-313
104900089,98,0,98
104900091,469,952,-483
104900093,212,721,-509
104900097,4929,2047,2882
104900098,63,57,6
104900099,190,541,-351
104900100,1215,369,846
104900102,33,433,-400
104900103,423,188,235
104900106,64,186,-122
104900107,83,388,-305
104900108,26,531,-505
104900109,109,629,-520
104900110,5,65,-60
104900111,177,123,54
104900112,256,1305,-1049
104900113,637,639,-2
104900114,287,923,-636
104900115,582,895,-313
104900116,191,264,-73
104900118,16,128,-112
104900119,5,54,-49
104900120,191,129,62
104900121,0,153,-153
104900122,4,149,-145
104900123,26,3,23
104900124,33,0,33
104900125,434,196,238
104900126,85,73,12
104900127,32,61,-29
104900128,61,67,-6
104900129,3651,2296,1355
105000001,3305,2112,1193
105000002,3749,2299,1450
105000003,5572,4828,744
105000004,651,2094,-1443
105000005,964,1878,-914
105000006,1919,2599,-680
105000007,1895,2285,-390
105000008,2517,3767,-1250
105000009,2130,3712,-1582
105000010,4377,3698,679
105000011,2340,3002,-662
105000012,5356,4180,1176
105000013,1029,1701,-672
105000014,1844,3029,-1185
105000015,9147,9659,-512
105000016,5152,2656,2496
105000017,4020,1283,2737
105000018,2098,1690,408
105000019,2660,1315,1345
105000020,430,473,-43
105000021,502,186,316
105000022,355,51,304
105000023,527,255,272
105000028,89,247,-158
105000029,496,1376,-880
105000030,5179,4975,204
105000031,4,38,-34
105000033,1992,3281,-1289
105000034,409,1032,-623
105000037,787,742,45
105000038,1655,1762,-107
105000039,3380,2425,955
105000040,831,1105,-274
105000041,717,1836,-1119
105000042,3001,1615,1386
105000043,2330,2476,-146
105000044,433,478,-45
105000045,332,1307,-975
105000046,778,452,326
105000047,502,1809,-1307
105000048,811,356,455
105000049,366,1285,-919
105000050,754,588,166
105000051,327,981,-654
105000052,678,1427,-749
105000053,181,282,-101
105000054,377,1395,-1018
105000055,1303,556,747
105000056,1202,4146,-2944
105000057,1449,1304,145
105000058,2585,2031,554
105000059,828,843,-15
105000060,952,1102,-150
105000061,538,878,-340
105000062,1410,1610,-200
105000063,430,1108,-678
105000064,1593,929,664
105000065,677,1311,-634
105000066,1579,2751,-1172
105000067,1524,831,693
105000068,1305,1352,-47
105000069,5971,1567,4404
105000070,1526,1057,469
105000071,960,1010,-50
105000072,1925,3075,-1150
105000073,1340,899,441
105000074,1673,1083,590
105000075,1271,878,393
105000076,2324,1228,1096
105000077,2823,1072,1751
105000078,2506,1591,915
105000079,3322,2258,1064
105000080,2578,1151,1427
105000081,3283,1000,2283
105000082,1995,730,1265
105000083,2445,1060,1385
105000084,1317,1512,-195
105000085,1997,1293,704
105000086,910,1483,-573
105000087,4557,2746,1811
105000088,2067,2390,-323
105000089,3361,2459,902
105000090,1237,953,284
105000091,1845,2297,-452
105000092,958,1529,-571
105000093,567,264,303
105000094,325,322,3
105000095,142,653,-511
105000096,1607,978,629
105000097,1340,762,578
105000098,2036,822,1214
105000099,2714,1624,1090
105000100,1160,2011,-851
105000101,2621,3245,-624
105000102,2554,2328,226
105000103,2281,3736,-1455
105000104,2400,1675,725
105000105,1409,3597,-2188
105000106,1611,2530,-919
105000107,1231,1723,-492
105000108,1175,2993,-1818
105000109,1580,2226,-646
105000110,641,1532,-891
105000111,694,919,-225
105000112,1415,1409,6
105000113,465,948,-483
105000114,7257,1603,5654
105000115,475,1275,-800
105000116,993,789,204
105000117,1390,2025,-635
105000118,400,533,-133
105000119,695,1932,-1237
105000120,979,901,78
105000121,1147,2220,-1073
105000122,403,635,-232
105000123,1720,2190,-470
105000124,2130,1274,856
105000125,1116,3121,-2005
105000126,2761,3256,-495
105000127,2613,2977,-364
105000128,1016,2001,-985
105000129,1609,706,903
105000130,281,2647,-2366
105000131,1067,744,323
105000132,867,665,202
105000133,555,1709,-1154
105000134,972,769,203
105000135,707,1164,-457
105000136,208,490,-282
105000137,442,305,137
105000138,293,470,-177
105000139,1332,1469,-137
105000140,255,638,-383
105000141,223,1072,-849
105000142,212,686,-474
105000143,357,1247,-890
105000144,387,1111,-724
105000145,820,672,148
105000146,834,1271,-437
105000147,586,596,-10
105000148,1401,1032,369
105000149,2493,2602,-109
105000150,2531,2311,220
105000151,608,526,82
105000152,203,1052,-849
105000153,866,818,48
105000154,1233,1683,-450
105000155,425,894,-469
105000156,1284,1611,-327
105000157,1214,3365,-2151
105000158,2607,1136,1471
105000159,405,2068,-1663
105000160,1869,883,986
105000161,1219,2444,-1225
105000162,1070,2074,-1004
105000163,3565,1646,1919
105000164,270,464,-194
105000165,3263,6560,-3297
105000166,10599,552,10047
105000167,5400,2025,3375
105000168,354,1456,-1102
105000169,565,564,1
105000170,175,2409,-2234
105000171,1399,554,845
105000172,227,74,153
105000173,107,49,58
105000174,50,50,0
105000175,63,198,-135
105000176,229,169,60
105000177,321,183,138
105000178,109,1304,-1195
105000179,300,195,105
105000180,104,170,-66
105000181,53,767,-714
105000182,74,54,20
105000183,4154,2961,1193
105000184,1349,1363,-14
105000185,1275,1012,263
105000186,614,1213,-599
105000187,1006,386,620
105000188,784,154,630
105000189,454,626,-172
105000190,543,513,30
105000191,625,543,82
105000192,405,114,291
105000193,288,175,113
105000194,498,132,366
105000195,323,1304,-981
105000196,125,207,-82
105000197,324,913,-589
105000198,738,359,379
105000199,765,796,-31
105000200,183,289,-106
105000201,211,25,186
105000203,11,443,-432
105000204,97,132,-35
105000205,83,333,-250
105000207,625,241,384
105000208,301,621,-320
105000209,282,448,-166
105000211,157,15,142
105000212,1269,2262,-993
105000213,150,250,-100
105000214,84,364,-280
105000215,228,486,-258
105000216,103,374,-271
105000217,186,338,-152
105000218,856,1557,-701
105000221,270,457,-187
105000222,519,58,461
105000223,312,267,45
105000226,70,498,-428
105000227,63,255,-192
105000228,448,1292,-844
105000229,199,359,-160
105000231,367,435,-68
105000233,805,799,6
105000234,740,1810,-1070
105000235,508,767,-259
105000237,1006,94,912
105000243,44,64,-20
105000248,168,63,105
105000262,294,2475,-2181
105000269,125,221,-96
105000270,438,140,298
105000271,2,386,-384
105000282,421,93,328
105000287,344,227,117
105000288,507,821,-314
105000289,3985,1486,2499
105000290,36,5,31
105000402,5998,2984,3014
105000426,653,641,12
105000438,2897,854,2043
105000440,10,57,-47
105000446,20042,7316,12726
105000447,9099,3816,5283
105000454,287,1288,-1001
105000455,366,278,88
105000474,42,4,38
105000477,426,622,-196
105000478,2060,3310,-1250
105000479,357,162,195
105000480,4710,3093,1617
105000481,3846,3203,643
105000482,7307,4579,2728
105000483,1690,2013,-323
105000484,3638,3797,-159
105000485,1900,2344,-444
105000486,6283,3834,2449
105000488,8187,5972,2215
105000489,1230,1126,104
105000549,98,187,-89
105000550,895,1821,-926
105000551,50,153,-103
105000552,5524,2838,2686
105000555,2071,987,1084
105000556,56,79,-23
105000557,54,415,-361
105900001,7,1393,-1386
105900002,2543,527,2016
105900003,29,171,-142
105900004,326,164,162
105900005,2,355,-353
105900006,7,74,-67
105900007,61,17,44
105900008,79,1102,-1023
105900009,13,17,-4
105900011,212,61,151
105900012,393,179,214
105900013,2,22,-20
105900014,3,72,-69
105900015,224,548,-324
105900016,335,800,-465
105900017,1093,68,1025
105900018,269,533,-264
105900019,52,656,-604
105900020,47,98,-51
105900021,24,308,-284
105900022,263,511,-248
105900023,6,158,-152
105900024,10,201,-191
105900025,184,33,151
105900026,446,84,362
105900027,6909,4564,2345
105900028,369,170,199
105900029,2652,516,2136
105900030,323,297,26
105900031,605,230,375
105900032,97,169,-72
105900033,232,189,43
105900034,180,354,-174
105900035,196,263,-67
105900036,54,254,-200
105900037,87,104,-17
105900038,168,464,-296
105900039,97,264,-167
105900040,68,96,-28
105900041,219,681,-462
105900042,78,163,-85
105900043,3356,49,3307
105900044,3,326,-323
105900045,3,951,-948
105900046,23,364,-341
105900047,29,50,-21
105900048,94,740,-646
105900050,2759,1415,1344
105900051,8,1636,-1628
105900052,488,121,367
105900053,6268,3465,2803
105900054,361,520,-159
105900056,1063,254,809
105900057,28,187,-159
105900058,16,69,-53
105900059,0,49,-49
106000001,4411,2682,1729
106000002,3105,6423,-3318
106000003,4015,4617,-602
106000004,3235,4402,-1167
106000005,3004,7032,-4028
106000006,7157,7068,89
106000007,512,713,-201
106000008,570,463,107
106000009,546,393,153
106000010,623,753,-130
106000011,986,1344,-358
106000012,788,1687,-899
106000013,2223,2344,-121
106000014,2121,2515,-394
106000015,1620,1492,128
106000016,2175,4113,-1938
106000017,788,976,-188
106000018,797,733,64
106000019,377,572,-195
106000020,316,583,-267
106000021,299,646,-347
106000022,431,369,62
106000023,692,601,91
106000024,777,1011,-234
106000025,142,278,-136
106000026,165,542,-377
106000027,1150,1902,-752
106000028,679,746,-67
106000029,989,1672,-683
106000030,965,373,592
106000034,257,876,-619
106000035,1322,1899,-577
106000036,350,435,-85
106000037,2521,2266,255
106000038,452,94,358
106000039,241,94,147
106000040,291,984,-693
106000041,1175,467,708
106000043,901,151,750
106000046,525,64,461
106000047,110,494,-384
106000049,794,300,494
106000050,466,1220,-754
106000051,842,531,311
106000052,149,960,-811
106000053,184,200,-16
106000054,342,615,-273
106000055,875,1464,-589
106000056,321,572,-251
106000057,193,344,-151
106000058,161,272,-111
106000059,300,304,-4
106000060,635,913,-278
106000061,189,587,-398
106000062,181,820,-639
106000063,503,742,-239
106000064,70,459,-389
106000065,352,313,39
106000066,139,551,-412
106000067,379,138,241
106000068,87,884,-797
106000069,181,109,72
106000070,468,1156,-688
106000071,915,405,510
106000072,7228,2369,4859
106000073,2653,3944,-1291
106000074,642,1011,-369
106000075,365,1682,-1317
106000076,1608,2279,-671
106000077,4540,1721,2819
106000078,1031,1224,-193
106000079,681,1427,-746
106000080,1311,1015,296
106000081,591,1554,-963
106000082,2574,1115,1459
106000083,307,1727,-1420
106000084,1370,963,407
106000085,2011,1707,304
106000086,673,998,-325
106000087,1036,770,266
106000088,397,899,-502
106000089,1201,579,622
106000090,266,758,-492
106000091,354,1245,-891
106000092,770,335,435
106000093,384,146,238
106000094,98,500,-402
106000095,549,1521,-972
106000096,920,1025,-105
106000097,1070,1793,-723
106000098,602,1440,-838
106000099,286,1256,-970
106000100,1153,317,836
106000101,1314,315,999
106000102,239,786,-547
106000103,225,1001,-776
106000104,836,675,161
106000105,465,1269,-804
106000106,503,741,-238
106000107,205,745,-540
106000108,256,450,-194
106000109,144,710,-566
106000110,212,367,-155
106000111,174,838,-664
106000112,226,576,-350
106000113,1742,817,925
106000114,681,609,72
106000115,274,822,-548
106000116,178,349,-171
106000117,914,735,179
106000118,1434,1595,-161
106000119,1985,1575,410
106000120,829,1257,-428
106000121,273,303,-30
106000122,146,487,-341
106000123,325,449,-124
106000124,51,538,-487
106000125,47,490,-443
106000126,249,269,-20
106000127,906,1343,-437
106000128,857,502,355
106000129,594,836,-242
106000130,673,714,-41
106000131,192,1154,-962
106000132,1493,262,1231
106000133,5783,1747,4036
106000134,1233,1900,-667
106000135,293,1465,-1172
106000136,698,927,-229
106000137,123,2333,-2210
106000138,1207,141,1066
106000139,53,219,-166
106000140,21,127,-106
106000141,106,125,-19
106000142,74,163,-89
106000143,48,123,-75
106000144,45,101,-56
106000145,194,414,-220
106000146,311,263,48
106000147,836,1760,-924
106000148,1033,1713,-680
106000149,512,1459,-947
106000150,680,2883,-2203
106000151,8598,998,7600
106000152,1769,2817,-1048
106000153,131,1956,-1825
106000154,2178,425,1753
106000155,56,320,-264
106000156,611,440,171
106000157,665,2720,-2055
106000158,4951,1068,3883
106000159,6809,2177,4632
106000160,362,3641,-3279
106000161,1746,656,1090
106000162,260,1231,-971
106000163,383,777,-394
106000164,356,404,-48
106000165,211,1062,-851
106000166,1406,352,1054
106000167,510,1841,-1331
106000168,373,352,21
106000169,203,1140,-937
106000170,660,362,298
106000171,136,1664,-1528
106000172,4247,1295,2952
106000173,1743,4252,-2509
106000174,1128,394,734
106000175,395,1381,-986
106000176,1543,1037,506
106000177,1010,3527,-2517
106000178,3675,2334,1341
106000179,1259,3119,-1860
106000180,1105,2245,-1140
106000181,666,2607,-1941
106000182,998,1109,-111
106000183,900,1361,-461
106000184,1199,1413,-214
106000185,777,1174,-397
106000186,1189,192,997
106000187,271,1239,-968
106000188,0,0,0
106000189,6,68,-62
106000190,12,0,12
106000191,784,208,576
106000192,11,44,-33
106000193,471,198,273
106000194,180,438,-258
106000195,517,126,391
106000196,147,410,-263
106000197,435,466,-31
106000198,116,384,-268
106000199,1094,794,300
106000200,670,203,467
106000201,760,2708,-1948
106000202,9429,773,8656
106000203,169,299,-130
106000204,120,9,111
106000205,24,169,-145
106000206,110,20,90
106000207,54,1129,-1075
106000208,970,166,804
106000209,1237,420,817
106000210,308,1866,-1558
106000211,435,1817,-1382
106000212,1002,403,599
106000213,887,1892,-1005
106000214,2878,702,2176
106000215,384,740,-356
106000216,393,475,-82
106000217,382,741,-359
106000218,575,466,109
106000219,182,467,-285
106000220,415,420,-5
106000221,138,316,-178
106000222,54,220,-166
106000223,122,235,-113
106000224,228,364,-136
106000225,148,102,46
106000226,288,458,-170
106000228,35,183,-148
106000229,121,1143,-1022
106000231,936,268,668
106000232,82,519,-437
106000233,539,202,337
106000234,106,247,-141
106000235,524,155,369
106000236,273,85,188
106000237,5,17,-12
106000238,53,19,34
106000239,7,196,-189
106000240,101,3,98
106000241,24,1018,-994
106000242,370,37,333
106000249,101,149,-48
106000250,107,613,-506
106000251,75,64,11
106000252,18,137,-119
106000253,28,119,-91
106000254,42,68,-26
106000255,14,241,-227
106000256,84,85,-1
106000257,168,417,-249
106000258,267,42,225
106000259,11,27,-16
106000260,23,9,14
106000261,9,38,-29
106000262,91,39,52
106000263,24,87,-63
106000264,237,27,210
106000265,5,134,-129
106000266,186,33,153
106000267,4,134,-130
106000268,714,57,657
106000269,76,102,-26
106000270,271,586,-315
106000271,97,238,-141
106000272,136,66,70
106000273,37,325,-288
106000274,232,51,181
106000275,222,306,-84
106000276,145,67,78
106000277,208,251,-43
106000278,247,45,202
106000279,14,96,-82
106000280,68,271,-203
106000281,76,134,-58
106000282,93,87,6
106000283,120,159,-39
106000284,55,112,-57
106000285,101,166,-65
106000286,61,182,-121
106000287,112,140,-28
106000288,83,187,-104
106000289,58,86,-28
106000290,65,100,-35
106000291,70,116,-46
106000292,132,194,-62
106000293,127,93,34
106000294,194,230,-36
106000295,48,50,-2
106000296,74,166,-92
106000297,57,355,-298
106000298,244,86,158
106000299,78,270,-192
106000300,53,129,-76
106000301,65,162,-97
106000303,30,91,-61
106000304,63,52,11
106000305,35,57,-22
106000306,40,86,-46
106000307,34,20,14
106000308,31,199,-168
106000309,19,85,-66
106000310,280,835,-555
106000311,315,201,114
106000312,102,308,-206
106000313,164,268,-104
106000318,218,318,-100
106000319,1280,323,957
106000320,5,36,-31
106000321,468,106,362
106000322,107,232,-125
106000324,5,196,-191
106000325,1665,1164,501
106000326,2250,3313,-1063
106000327,133,214,-81
106000328,4,143,-139
106000329,142,501,-359
106000330,37,77,-40
106000428,76,286,-210
106000429,189,793,-604
106000430,495,1833,-1338
106000431,2167,566,1601
106000432,2567,4519,-1952
106000433,2514,1547,967
106000434,3643,1622,2021
106000435,2845,4068,-1223
106000436,19,412,-393
106000437,291,39,252
106000438,387,190,197
106000439,60,616,-556
106000440,272,680,-408
106000441,0,1,-1
106000442,443,4,439
106000443,107,662,-555
106000450,5,303,-298
106000451,53,77,-24
106000454,9,209,-200
106000455,19,227,-208
106000456,393,31,362
106000457,13,1399,-1386
106000458,371,430,-59
106000459,216,457,-241
106000460,817,86,731
106000461,103,2216,-2113
106000462,0,30,-30
106000463,4,79,-75
106000464,10,687,-677
106000465,409,2,407
106000466,5,963,-958
106000467,870,898,-28
106000468,45,298,-253
106000469,611,6,605
106000470,338,1981,-1643
106000471,44,966,-922
106000472,145,20,125
106000473,36,31,5
106000474,546,1087,-541
106000475,418,446,-28
106000476,269,215,54
106000477,43,213,-170
106000480,0,324,-324
106900001,0,32,-32
106900002,1,717,-716
106900003,327,1166,-839
106900004,1,107,-106
106900006,0,24,-24
106900007,0,27,-27
106900008,228,351,-123
106900009,279,683,-404
106900010,253,478,-225
106900012,3272,2303,969
106900013,717,76,641
106900014,24,3,21
106900015,7,2,5
106900016,220,3,217
106900017,6,0,6
106900018,1,0,1
106900019,31,2,29
106900020,3813,1493,2320
106900021,143,150,-7
106900022,424,4,420
106900023,12,317,-305
106900024,575,36,539
106900025,37,900,-863
106900026,5,907,-902
106900027,1901,4,1897
107000001,4299,3036,1263
107000002,3627,4980,-1353
107000003,5053,7177,-2124
107000004,6493,7916,-1423
107000005,3376,5996,-2620
107000006,5195,8534,-3339
107000007,4870,10963,-6093
107000008,16537,13093,3444
107000009,5784,7517,-1733
107000010,16038,16173,-135
107000011,1503,1859,-356
107000012,5824,5632,192
107000013,209,306,-97
107000014,53,365,-312
107000015,464,999,-535
107000016,679,1525,-846
107000017,5045,1396,3649
107000018,33,526,-493
107000020,2605,685,1920
107000021,1618,1114,504
107000022,1141,1811,-670
107000023,2091,466,1625
107000024,518,2216,-1698
107000025,204,720,-516
107000026,305,782,-477
107000027,1497,1766,-269
107000028,1513,2322,-809
107000029,3163,3170,-7
107000030,3859,4637,-778
107000031,3583,2672,911
107000032,447,1261,-814
107000033,5426,6828,-1402
107000034,7170,2962,4208
107000035,529,328,201
107000036,620,2178,-1558
107000037,102,1056,-954
107000038,400,273,127
107000039,1211,1017,194
107000040,164,353,-189
107000041,2301,792,1509
107000042,915,2154,-1239
107000043,4408,1204,3204
107000044,909,338,571
107000045,249,361,-112
107000046,830,506,324
107000047,559,1063,-504
107000048,791,447,344
107000049,607,955,-348
107000050,1074,756,318
107000051,824,496,328
107000052,1522,1161,361
107000053,419,294,125
107000054,78,361,-283
107000055,361,200,161
107000056,593,963,-370
107000057,3432,368,3064
107000058,2475,2828,-353
107000059,3214,4783,-1569
107000060,4338,7062,-2724
107000061,7282,5635,1647
107000062,3897,4029,-132
107000063,4991,7842,-2851
107000064,4395,2798,1597
107000065,5014,7662,-2648
107000066,2026,2973,-947
107000067,1007,1294,-287
107000068,1936,727,1209
107000069,1077,695,382
107000070,723,9,714
107000071,2204,37,2167
107000072,42,3798,-3756
107000073,545,265,280
107000074,189,1857,-1668
107000075,1345,494,851
107000076,1043,1732,-689
107000077,3195,1306,1889
107000078,2458,3735,-1277
107000079,2517,819,1698
107000080,1573,3993,-2420
107000081,1431,778,653
107000082,457,2356,-1899
107000083,1184,494,690
107000084,875,3589,-2714
107000085,3373,4206,-833
107000086,5017,5356,-339
107000087,4124,2793,1331
107000088,4649,5584,-935
107000089,1568,2706,-1138
107000090,1487,2032,-545
107000091,1242,1229,13
107000092,998,1787,-789
107000093,1460,1125,335
107000094,2168,2427,-259
107000095,753,1023,-270
107000096,679,1352,-673
107000097,826,605,221
107000098,602,1264,-662
107000099,767,410,357
107000100,387,446,-59
107000101,103,340,-237
107000102,589,561,28
107000103,418,303,115
107000104,312,526,-214
107000105,595,184,411
107000106,294,567,-273
107000107,704,296,408
107000108,234,1282,-1048
107000109,613,206,407
107000110,129,934,-805
107000111,240,44,196
107000112,41,693,-652
107000113,548,172,376
107000114,130,1211,-1081
107000115,472,159,313
107000116,124,1498,-1374
107000117,67,492,-425
107000118,180,452,-272
107000119,3027,1513,1514
107000120,5180,489,4691
107000121,695,993,-298
107000122,1251,1153,98
107000123,296,1384,-1088
107000124,517,1267,-750
107000125,774,1355,-581
107000126,898,1316,-418
107000129,268,1663,-1395
107000130,530,288,242
107000131,489,1038,-549
107000132,576,332,244
107000133,574,152,422
107000134,243,0,243
107000135,10,322,-312
107000136,935,4,931
107000137,32,591,-559
107000138,452,22,430
107000139,13,599,-586
107000140,1747,91,1656
107000141,134,1208,-1074
107000142,425,92,333
107000143,38,1211,-1173
107000144,473,540,-67
107000145,202,853,-651
107000146,148,443,-295
107000147,5689,1489,4200
107000150,1195,3377,-2182
107000151,79,108,-29
107000152,1018,1026,-8
107000153,810,646,164
107000154,279,155,124
107000155,797,33,764
107000156,1097,29,1068
107000157,83,2522,-2439
107000158,590,27,563
107000159,63,2084,-2021
107000160,707,173,534
107000161,122,2240,-2118
107000162,212,577,-365
107000163,72,16,56
107000164,441,0,441
107000165,594,4,590
107000166,68,1845,-1777
107000167,608,343,265
107000168,951,505,446
107000169,1345,1060,285
107000170,1658,802,856
107000171,589,2431,-1842
107000172,1013,1428,-415
107000173,801,2116,-1315
107000174,838,5096,-4258
107000175,11636,2916,8720
107000176,1,1,0
107000177,3,5,-2
107000178,30,78,-48
107000179,245,3917,-3672
107000180,972,457,515
107000181,309,2011,-1702
107000182,1515,1155,360
107000183,114,1124,-1010
107000184,920,1053,-133
107000185,434,1509,-1075
107000186,933,431,502
107000187,1199,1888,-689
107000188,616,820,-204
107000189,351,1487,-1136
107000190,612,1187,-575
107000191,1153,1999,-846
107000192,1732,1534,198
107000193,474,512,-38
107000194,1575,1115,460
107000197,717,309,408
107000198,341,991,-650
107000199,716,1145,-429
107000200,1751,849,902
107000201,351,265,86
107000202,360,648,-288
107000203,1146,548,598
107000204,1635,625,1010
107000205,2461,1236,1225
107000206,1202,1480,-278
107000207,1044,1410,-366
107000208,1600,568,1032
107000209,2357,1179,1178
107000210,920,709,211
107000211,13,48,-35
107000212,12,586,-574
107000213,4,36,-32
107000214,10,282,-272
107000215,452,678,-226
107000216,352,573,-221
107000217,118,172,-54
107000219,59,121,-62
107000220,129,309,-180
107000222,370,999,-629
107000224,309,65,244
107000225,261,855,-594
107000226,220,105,115
107000227,94,519,-425
107000228,101,253,-152
107000229,908,283,625
107000230,1560,803,757
107000231,2099,1179,920
107000232,160,187,-27
107000233,1471,862,609
107000234,3,51,-48
107000235,54,3,51
107000236,11,729,-718
107000237,25,1,24
107000238,14,0,14
107000239,7100,846,6254
107000240,123,1605,-1482
107000243,0,86,-86
107000244,6,73,-67
107000246,3,1971,-1968
107000249,3,1475,-1472
107000251,2,318,-316
107000252,6,1516,-1510
107000255,1123,144,979
107000257,1,762,-761
107000258,0,206,-206
107000259,2,295,-293
107000260,498,0,498
107000262,14,976,-962
107000263,257,8,249
107000266,27,15,12
107000267,99,249,-150
107000268,188,240,-52
107000269,421,24,397
107000270,0,9,-9
107000271,9,1063,-1054
107000272,13,185,-172
107000273,2,285,-283
107000274,1901,6,1895
107000275,1549,1463,86
107000280,530,46,484
107000281,47,1631,-1584
107000282,47,1382,-1335
107000290,11,45,-34
107000291,18,14,4
107000292,2,40,-38
107000293,119,1,118
107000294,0,46,-46
107000295,43,13,30
107000296,0,57,-57
107000444,364,7,357
107000496,0,31,-31
107000497,1427,3976,-2549
107000500,444,475,-31
107000501,114,239,-125
107000502,654,604,50
107000505,1003,1119,-116
107000506,0,10,-10
107000508,2,813,-811
107000509,311,1129,-818
107000510,18,20,-2
107000514,81,336,-255
107000515,39,377,-338
107000516,236,290,-54
107000518,1370,1104,266
107000519,5499,1583,3916
107000520,75,23,52
107000521,596,640,-44
107000522,901,1259,-358
107900001,59,200,-141
107900002,24,3,21
107900003,126,80,46
107900004,1,1,0
107900005,858,2,856
107900006,166,0,166
107900007,283,58,225
107900008,63,50,13
107900009,205,3,202
107900010,20,4,16
107900012,295,8,287
107900013,297,63,234
107900014,22,7,15
107900015,698,7,691
107900016,637,137,500
107900017,18,6,12
107900018,63,104,-41
107900019,10,92,-82
107900020,66,8,58
107900021,44,230,-186
107900023,1,1,0
107900024,0,35,-35
107900025,203,378,-175
107900026,50,184,-134
107900027,72,59,13
107900028,44,131,-87
107900030,202,23,179
107900031,66,322,-256
107900032,5,0,5
107900033,9,13,-4
107900034,410,13,397
107900035,782,34,748
107900036,29,6,23
107900037,0,42,-42
107900038,135,126,9
107900039,18,150,-132
107900040,92,71,21
107900041,1,1,0
107900043,32,296,-264
107900044,3,7,-4
107900045,56,23,33
107900046,136,103,33
107900047,18,74,-56
107900048,125,8,117
107900049,369,1448,-1079
107900050,129,508,-379
107900051,70,136,-66
107900052,26,14,12
107900053,20,105,-85
107900055,446,233,213
107900056,108,40,68
107900057,1,0,1
107900058,56,1065,-1009
107900060,30,114,-84
107900061,18,5,13
107900063,73,134,-61
107900064,406,91,315
107900065,127,13,114
107900066,7,10,-3
107900067,1,0,1
107900068,262,268,-6
107900069,52,1999,-1947
107900070,72,69,3
107900071,71,1222,-1151
107900072,71,302,-231
107900073,66,231,-165
107900074,1040,184,856
107900076,133,67,66
107900077,32,0,32
107900079,4,24,-20
107900080,187,232,-45
107900081,41,157,-116
107900082,32,26,6
107900083,500,139,361
107900084,139,105,34
107900086,70,164,-94
107900087,537,80,457
107900088,30,15,15
107900089,395,1134,-739
107900090,694,2166,-1472
107900091,261,647,-386
107900093,99,103,-4
107900095,3839,1859,1980
107900097,27,44,-17
107900098,60,159,-99
107900100,1234,1032,202
107900101,1393,200,1193
107900102,15,11,4
107900103,55,174,-119
107900104,188,1,187
107900105,6,886,-880
107900106,1,1770,-1769
107900107,1385,360,1025
107900108,534,105,429
107900109,1010,5,1005
107900110,19,156,-137
107900111,12,1543,-1531
107900112,116,368,-252
107900113,149,168,-19
107900114,120,293,-173
107900115,0,76,-76
107900116,123,372,-249
107900117,428,554,-126
107900118,59,198,-139
107900119,71,176,-105
107900120,12,15,-3
107900121,2,175,-173
107900122,4,61,-57
107900123,3,22,-19
107900124,39,40,-1
107900125,34,171,-137
107900126,5,45,-40
107900127,528,247,281
107900128,106,87,19
107900129,33,73,-40
107900130,35,44,-9
107900131,630,139,491
107900132,136,648,-512
107900133,1,97,-96
107900134,12,22,-10
107900135,7,185,-178
107900136,50,37,13
107900137,141,192,-51
107900138,36,35,1
107900139,31,66,-35
107900141,69,41,28
107900142,97,1644,-1547
107900143,67,39,28
107900144,1,174,-173
107900145,13,114,-101
107900146,70,233,-163
107900147,67,26,41
107900148,145,207,-62
107900149,2396,296,2100
107900150,105,1506,-1401
107900151,6,141,-135
107900152,17,325,-308
107900153,265,376,-111
107900154,54,25,29
107900155,61,59,2
107900156,3,479,-476
107900157,75,139,-64
107900158,650,19,631
107900159,44,1511,-1467
107900160,50,191,-141
107900161,32,328,-296
107900162,1,49,-48
107900163,71,27,44
107900164,8,42,-34
107900165,22,93,-71
107900166,41,370,-329
107900167,27,6,21
107900168,19,54,-35
107900169,2,188,-186
107900171,11,2837,-2826
107900172,4,576,-572
107900173,7,262,-255
107900174,65,11,54
107900175,17,8,9
107900176,13,71,-58
107900177,0,43,-43
107900178,1,314,-313
107900179,16,181,-165
107900180,1450,559,891
107900181,288,584,-296
107900182,3,2109,-2106
107900183,40,439,-399
107900184,75,213,-138
107900185,113,2,111
107900186,12,56,-44
107900187,1,158,-157
107900188,1233,159,1074
107900189,33,116,-83
107900190,141,71,70
107900191,55,198,-143
107900193,16,30,-14
107900194,161,1,160
107900195,5503,643,4860
107900196,54,61,-7
107900197,1162,311,851
107900199,1,1269,-1268
107900201,113,201,-88
107900203,48,86,-38
107900204,238,303,-65
107900206,836,124,712
107900207,2,791,-789
107900208,11,1006,-995
107900209,386,118,268
107900210,113,196,-83
107900213,399,402,-3
107900214,15,285,-270
107900215,191,341,-150
107900216,109,97,12
107900217,26,71,-45
107900218,27,2076,-2049
107900219,23,184,-161
107900220,194,192,2
107900221,253,267,-14
107900223,111,670,-559
107900224,170,358,-188
107900225,9,1222,-1213
107900226,67,167,-100
107900227,185,521,-336
107900228,12,118,-106
107900229,1,415,-414
107900230,18,238,-220
107900231,20,236,-216
107900232,38,245,-207
107900233,2,192,-190
107900234,95,225,-130
107900235,9,114,-105
107900236,63,113,-50
107900237,134,502,-368
107900238,24,121,-97
107900239,1790,544,1246
107900240,8,196,-188
107900241,6,103,-97
107900242,33,527,-494
107900243,5,63,-58
107900244,363,6,357
107900245,557,80,477
107900246,208,9,199
107900248,163,302,-139
107900249,617,20,597
107900250,7,766,-759
107900251,80,1878,-1798
107900252,861,7,854
107900253,200,4,196
107900254,62,409,-347
107900255,484,61,423
107900256,1792,809,983
107900257,104,67,37
107900258,70,416,-346
107900259,106,1608,-1502
107900261,1,478,-477
107900262,33,214,-181
107900264,315,14,301
107900265,112,327,-215
107900267,172,22,150
107900268,64,34,30
107900269,0,5,-5
107900270,0,0,0
107900271,3,8,-5
107900272,150,12,138
107900273,23,82,-59
107900274,23,0,23
107900275,10,0,10
107900276,1,86,-85
107900277,1,256,-255
107900278,184,412,-228
107900279,155,141,14
107900280,2042,2212,-170
107900281,5921,2274,3647
107900282,101,377,-276
107900283,1814,493,1321
107900284,349,894,-545
107900285,61,211,-150
107900286,80,78,2
107900287,146,269,-123
107900290,0,83,-83
107900291,470,19,451
107900292,105,349,-244
107900293,99,909,-810
107900295,56,154,-98
107900297,1,248,-247
107900298,969,1185,-216
107900299,5690,2361,3329
107900301,527,645,-118
107900302,73,39,34
107900303,128,406,-278
107900304,185,620,-435
107900305,246,18,228
107900306,14,17,-3
107900307,33,365,-332
107900308,216,85,131
107900309,173,1,172
107900310,169,4,165
107900311,2,73,-71
107900312,89,1,88
107900313,2,125,-123
107900314,0,58,-58
107900315,0,79,-79
107900316,60,2,58
107900317,129,4,125
107900318,11,205,-194
107900319,2,383,-381
107900320,2,261,-259
107900321,129,7,122
107900322,4,201,-197
107900323,11,232,-221
107900324,220,0,220
107900325,103,0,103
107900326,208,455,-247
107900327,6,62,-56
107900328,111,1,110
107900329,162,40,122
107900330,10,714,-704
107900331,162,71,91
107900332,148,33,115
107900333,39,40,-1
107900334,17,276,-259
107900335,49,89,-40
107900336,27,37,-10
107900337,1962,820,1142
107900338,4,137,-133
107900339,5,25,-20
107900340,1,86,-85
107900341,41,2,39
107900342,114,216,-102
107900343,56,0,56
107900344,5,214,-209
107900345,134,35,99
107900346,23,0,23
107900347,28,2,26
107900348,8,1,7
107900349,35,6,29
107900350,37,316,-279
107900351,5,409,-404
107900352,1,87,-86
107900353,9,8,1
107900354,13,146,-133
108000001,2983,4285,-1302
108000002,2611,3658,-1047
108000003,3804,2948,856
108000004,20814,19690,1124
108000005,7057,4866,2191
108000006,8592,9776,-1184
108000007,5153,4455,698
108000008,7263,8078,-815
108000009,4008,4462,-454
108000010,4908,6913,-2005
108000011,11182,12398,-1216
108000012,23198,22190,1008
108000014,978,706,272
108000015,609,381,228
108000016,201,627,-426
108000017,861,437,424
108000018,1593,728,865
108000019,2077,1053,1024
108000020,1482,618,864
108000021,419,2034,-1615
108000022,579,1885,-1306
108000023,1122,214,908
108000024,249,889,-640
108000025,150,59,91
108000026,640,889,-249
108000027,636,781,-145
108000028,518,382,136
108000029,444,1276,-832
108000030,538,276,262
108000031,288,677,-389
108000032,1174,640,534
108000033,751,1639,-888
108000034,1641,481,1160
108000035,1079,3248,-2169
108000036,456,1943,-1487
108000037,1570,404,1166
108000038,2314,537,1777
108000039,606,3716,-3110
108000040,1707,850,857
108000041,783,3873,-3090
108000042,236,293,-57
108000043,213,564,-351
108000044,275,210,65
108000045,255,517,-262
108000046,1077,307,770
108000047,445,1402,-957
108000048,147,828,-681
108000049,485,293,192
108000050,236,1160,-924
108000051,289,134,155
108000052,252,990,-738
108000053,357,140,217
108000054,749,1538,-789
108000055,1209,437,772
108000056,1988,1923,65
108000057,706,997,-291
108000058,2326,3658,-1332
108000059,5229,2903,2326
108000060,209,757,-548
108000061,381,800,-419
108000062,533,642,-109
108000063,364,747,-383
108000064,164,352,-188
108000065,846,849,-3
108000066,2204,1048,1156
108000067,1840,554,1286
108000068,646,435,211
108000069,256,1416,-1160
108000070,1583,838,745
108000071,777,2190,-1413
108000072,1401,1208,193
108000073,1727,2132,-405
108000074,409,445,-36
108000075,377,977,-600
108000076,710,608,102
108000077,962,938,24
108000078,1833,1697,136
108000079,822,1807,-985
108000080,1027,667,360
108000081,791,4010,-3219
108000082,1175,2438,-1263
108000083,2065,1025,1040
108000084,492,1780,-1288
108000085,554,494,60
108000086,981,1052,-71
108000087,170,1934,-1764
108000088,1205,296,909
108000089,638,308,330
108000091,321,948,-627
108000092,165,171,-6
108000093,218,1296,-1078
108000094,1004,163,841
108000095,287,775,-488
108000096,274,264,10
108000097,178,824,-646
108000098,1258,1958,-700
108000099,1016,449,567
108000100,138,696,-558
108000101,1065,1546,-481
108000102,1719,3400,-1681
108000106,1398,2,1396
108000107,2,939,-937
108000108,578,46,532
108000109,10,1047,-1037
108000110,150,460,-310
108000111,198,1013,-815
108000112,63,179,-116
108000113,790,371,419
108000115,469,689,-220
108000117,878,502,376
108000118,890,1925,-1035
108000119,833,668,165
108000120,128,918,-790
108000121,268,945,-677
108000122,465,428,37
108000123,585,401,184
108000124,261,454,-193
108000125,271,455,-184
108000126,101,742,-641
108000127,466,517,-51
108000128,576,755,-179
108000129,261,1372,-1111
108000130,318,412,-94
108000131,1084,530,554
108000132,2000,1735,265
108000133,795,685,110
108000134,752,855,-103
108000135,1245,451,794
108000136,1333,1974,-641
108000137,336,604,-268
108000138,358,1480,-1122
108000139,274,546,-272
108000140,72,39,33
108000141,49,201,-152
108000142,82,227,-145
108000143,22,1098,-1076
108000144,310,117,193
108000145,33,94,-61
108000146,436,67,369
108000147,41,114,-73
108000148,539,87,452
108000149,22,71,-49
108000150,22,3,19
108000151,271,81,190
108000152,184,910,-726
108000153,386,164,222
108000154,87,51,36
108000155,45,19,26
108000156,1120,745,375
108000157,160,901,-741
108000158,165,639,-474
108000159,997,219,778
108000160,7492,1031,6461
108000161,5543,2229,3314
108000165,6,112,-106
108000172,3,330,-327
108000173,3528,1727,1801
108000175,380,149,231
108000178,531,438,93
108000179,313,684,-371
108000181,47,52,-5
108000182,322,126,196
108000183,62,497,-435
108000184,1729,2172,-443
108000185,228,732,-504
108000186,271,819,-548
108000187,76,1098,-1022
108000188,448,300,148
108000189,4141,6615,-2474
108000190,86,345,-259
108000192,124,762,-638
108000193,1063,23,1040
108000194,69,47,22
108000195,9,1908,-1899
108000196,166,225,-59
108000198,971,537,434
108000199,0,178,-178
108000200,275,958,-683
108000203,116,1313,-1197
108000204,69,34,35
108000205,449,707,-258
108000339,1864,365,1499
108000364,394,1015,-621
108000365,71,491,-420
108000367,200,392,-192
108000368,16,72,-56
108000369,2404,200,2204
108000371,11,852,-841
108000372,519,3,516
108000373,205,224,-19
108000376,65,22,43
108000377,350,427,-77
108000378,10543,12199,-1656
108000379,29,263,-234
108000381,49,17,32
108000382,217,1,216
108000383,0,169,-169
108900001,127,1481,-1354
108900002,247,78,169
108900003,414,1411,-997
108900004,178,299,-121
108900007,208,197,11
108900008,55,161,-106
108900009,78,148,-70
108900010,140,190,-50
108900011,317,459,-142
108900012,386,544,-158
108900013,159,294,-135
108900014,8,117,-109
108900015,4,10,-6
108900016,1,259,-258
108900017,186,231,-45
108900018,77,735,-658
108900019,26,1585,-1559
108900020,55,328,-273
108900021,90,298,-208
108900022,75,0,75
108900023,55,24,31
108900024,16,151,-135
108900025,67,129,-62
108900026,4,106,-102
108900027,1,86,-85
108900028,60,502,-442
108900029,40,333,-293
108900030,0,135,-135
108900031,53,632,-579
108900032,8,348,-340
108900033,0,88,-88
108900034,3,337,-334
108900035,287,1721,-1434
108900038,0,544,-544
108900039,0,808,-808
108900040,2,127,-125
108900041,6924,2965,3959
108900042,19,486,-467
108900043,37,588,-551
108900044,5,1026,-1021
108900045,19,768,-749
108900046,75,1431,-1356
108900047,4,139,-135
108900048,71,1322,-1251
108900049,7633,1073,6560
108900050,0,305,-305
108900051,1,321,-320
108900052,25,315,-290
108900053,145,205,-60
108900054,82,349,-267
108900055,80,597,-517
108900056,1,238,-237
108900057,0,224,-224
108900058,17,500,-483
108900059,383,43,340
108900060,97,199,-102
108900061,68,36,32
108900062,14,469,-455
108900063,13,472,-459
108900064,121,74,47
108900065,10,448,-438
108900066,261,136,125
108900067,19,289,-270
108900068,25,319,-294
108900069,36,143,-107
108900070,30,239,-209
108900071,95,44,51
108900072,3271,370,2901
108900073,47,759,-712
108900074,160,714,-554
108900075,58,86,-28
108900076,185,130,55
108900077,159,819,-660
108900078,26,244,-218
108900079,972,324,648
108900080,12,725,-713
108900081,49,358,-309
108900082,36,125,-89
108900083,22,238,-216
108900085,3285,215,3070
108900086,103,428,-325
108900087,93,295,-202
108900088,845,318,527
108900089,13,144,-131
108900090,26,572,-546
108900091,156,165,-9
108900092,385,387,-2
108900093,57,76,-19
108900094,257,109,148
108900095,49,801,-752
108900096,511,30,481
108900097,592,248,344
108900098,4194,502,3692
108900099,293,420,-127
108900100,44,196,-152
108900101,163,103,60
108900102,148,749,-601
108900103,70,79,-9
108900105,11,1059,-1048
108900106,241,631,-390
108900108,306,39,267
108900109,372,57,315
108900110,184,573,-389
108900111,280,895,-615
108900113,57,60,-3
108900114,40,19,21
108900115,41,86,-45
108900116,48,17,31
108900117,111,10,101
108900118,452,9,443
108900119,137,61,76
108900120,246,197,49
108900121,275,52,223
108900122,87,40,47
108900123,98,82,16
108900124,412,207,205
108900125,195,0,195
108900126,121,13,108
108900127,104,55,49
108900128,91,33,58
108900129,641,108,533
108900130,177,0,177
108900131,390,4,386
108900132,325,93,232
108900133,180,44,136
108900134,238,375,-137
108900135,97,7,90
108900136,11,0,11
108900137,79,0,79
108900138,533,16,517
108900140,247,322,-75
108900141,203,17,186
108900142,35,1,34
108900143,43,0,43
108900144,50,0,50
108900145,92,14,78
108900146,55,0,55
108900147,132,0,132
108900148,62,32,30
108900150,211,2,209
108900151,68,1,67
108900152,49,2,47
108900153,152,666,-514
108900154,4568,525,4043
108900156,88,7,81
108900157,24,832,-808
108900158,247,55,192
108900159,3,370,-367
108900160,9,329,-320
108900161,4,608,-604
108900162,56,0,56
108900163,2,237,-235
108900164,57,92,-35
108900168,12194,2130,10064
108900169,26,177,-151
108900171,12234,2518,9716
108900172,208,54,154
108900173,190,440,-250
108900174,626,642,-16
108900176,118,862,-744
108900177,11110,4292,6818
108900178,7132,2881,4251
108900180,172,244,-72
108900183,260,227,33
108900184,464,166,298
108900185,67,384,-317
108900186,45,410,-365
108900189,323,148,175
108900190,32,4305,-4273
108900192,81,275,-194
108900195,79,485,-406
108900196,19,714,-695
108900199,254,383,-129
108900200,638,441,197
108900201,466,1729,-1263
108900203,527,64,463
108900204,317,9,308
108900205,207,25,182
108900206,294,27,267
108900207,200,59,141
108900208,18,470,-452
108900209,303,832,-529
108900210,155,303,-148
108900211,197,434,-237
108900212,942,1104,-162
108900215,110,843,-733
108900216,647,120,527
108900217,64,0,64
108900218,113,3,110
108900221,48,103,-55
108900224,24,130,-106
108900225,1,179,-178
108900227,118,226,-108
108900230,612,439,173
108900232,3,510,-507
108900233,394,80,314
108900234,250,109,141
108900235,323,780,-457
108900236,35,478,-443
108900240,105,77,28
108900241,28,17,11
108900245,9,1097,-1088
108900250,130,94,36
108900258,17,288,-271
108900259,49,90,-41
108900260,9,139,-130
108900261,227,207,20
108900262,314,184,130
108900263,42,314,-272
108900264,608,357,251
108900265,1853,332,1521
108900266,1896,506,1390
108900267,0,65,-65
108900268,39,5,34
108900269,63,10,53
108900270,52,5,47
108900271,46,9,37
108900272,145,5,140
108900273,1069,695,374
108900274,40,109,-69
109000001,5789,1668,4121
109000002,3206,1603,1603
109000003,2800,935,1865
109000004,590,3575,-2985
109000005,3056,1167,1889
109000006,964,3247,-2283
109000007,1395,1021,374
109000008,600,2584,-1984
109000009,4224,1839,2385
109000010,1454,4633,-3179
109000011,3304,2397,907
109000012,2405,5944,-3539
109000013,3254,3457,-203
109000014,1981,5407,-3426
109000015,5565,8862,-3297
109000016,13645,5754,7891
109000017,2388,1824,564
109000018,2701,5602,-2901
109000019,4164,1871,2293
109000020,2071,3586,-1515
109000023,283,26,257
109000024,3,254,-251
109000025,509,682,-173
109000026,1340,444,896
109000027,78,420,-342
109000028,170,121,49
109000029,113,264,-151
109000030,68,658,-590
109000031,256,139,117
109000032,187,508,-321
109000033,535,178,357
109000034,67,41,26
109000035,17,106,-89
109000036,101,435,-334
109000037,236,1229,-993
109000038,611,475,136
109000039,933,573,360
109000040,4608,5147,-539
109000041,6076,1520,4556
109000042,1394,1335,59
109000044,653,243,410
109000045,342,623,-281
109000046,323,102,221
109000047,94,603,-509
109000048,1926,626,1300
109000049,647,649,-2
109000050,619,883,-264
109000051,469,395,74
109000052,573,2347,-1774
109000053,1162,553,609
109000054,273,1071,-798
109000055,332,357,-25
109000056,274,713,-439
109000057,657,383,274
109000058,1647,547,1100
109000059,613,649,-36
109000060,738,335,403
109000061,2054,970,1084
109000062,165,252,-87
109000063,244,308,-64
109000064,132,197,-65
109000065,92,521,-429
109000066,312,172,140
109000067,61,480,-419
109000068,1058,6,1052
109000069,808,25,783
109000070,17,1134,-1117
109000071,435,113,322
109000072,192,772,-580
109000073,57,139,-82
109000074,41,312,-271
109000075,96,450,-354
109000076,228,329,-101
109000077,533,470,63
109000078,86,233,-147
109000079,136,269,-133
109000080,185,216,-31
109000081,83,710,-627
109000082,605,337,268
109000083,357,1188,-831
109000088,127,610,-483
109000089,189,48,141
109000090,182,534,-352
109000091,245,122,123
109000092,425,661,-236
109000093,133,176,-43
109000094,396,2,394
109000095,128,696,-568
109000096,500,314,186
109000097,92,204,-112
109000098,93,96,-3
109000099,582,451,131
109000100,187,684,-497
109000101,1349,1248,101
109000102,346,1041,-695
109000103,680,910,-230
109000104,1236,872,364
109000105,552,1797,-1245
109000106,1813,903,910
109000107,655,2630,-1975
109000108,1931,743,1188
109000109,419,2812,-2393
109000110,1608,693,915
109000111,1416,3053,-1637
109000112,566,235,331
109000113,486,264,222
109000114,149,507,-358
109000115,1759,167,1592
109000116,23,841,-818
109000117,145,157,-12
109000118,7,414,-407
109000119,791,680,111
109000120,153,1373,-1220
109000121,520,245,275
109000122,140,1323,-1183
109000123,49,454,-405
109000124,594,570,24
109000125,834,634,200
109000126,592,1212,-620
109000127,1108,480,628
109000128,560,3002,-2442
109000129,1588,786,802
109000130,1093,4754,-3661
109000131,1588,940,648
109000132,1299,4350,-3051
109000133,452,1217,-765
109000134,877,1943,-1066
109000135,1613,1995,-382
109000136,378,456,-78
109000137,362,495,-133
109000138,663,561,102
109000139,462,590,-128
109000140,350,1312,-962
109000141,603,698,-95
109000142,123,692,-569
109000143,72,117,-45
109000145,47,393,-346
109000146,137,52,85
109000148,5069,1764,3305
109000149,44,42,2
109000150,252,275,-23
109000155,515,775,-260
109000156,1948,1008,940
109000158,111,411,-300
109000159,146,818,-672
109000160,1020,317,703
109000161,350,1744,-1394
109000162,1830,1090,740
109000163,1034,2501,-1467
109000164,1190,3137,-1947
109000165,905,798,107
109000166,504,87,417
109000167,38,1041,-1003
109000170,42,72,-30
109000171,74,49,25
109000172,83,117,-34
109000173,34,106,-72
109000174,73,48,25
109000175,119,687,-568
109000176,302,333,-31
109000177,24,172,-148
109000178,700,724,-24
109000179,10430,4203,6227
109000180,7420,4075,3345
109000181,57,46,11
109000182,29,53,-24
109000183,22,43,-21
109000184,75,83,-8
109000185,62,161,-99
109000188,1026,3460,-2434
109000189,3687,1224,2463
109000190,551,699,-148
109000191,312,796,-484
109000192,285,311,-26
109000193,116,590,-474
109000194,178,121,57
109000195,96,594,-498
109000196,281,169,112
109000197,145,631,-486
109000198,211,78,133
109000199,108,740,-632
109000206,273,40,233
109000207,88,34,54
109000208,94,82,12
109000209,151,185,-34
109000210,205,781,-576
109000211,525,758,-233
109000214,519,1595,-1076
109000215,195,86,109
109000216,439,190,249
109000217,230,112,118
109000218,392,200,192
109000221,498,1389,-891
109000222,937,229,708
109000223,275,407,-132
109000224,55,333,-278
109000225,137,175,-38
109000226,148,652,-504
109000227,801,1713,-912
109000228,1,448,-447
109000231,3,455,-452
109000232,208,467,-259
109000236,272,1158,-886
109000241,2413,2761,-348
109000242,1689,2341,-652
109000293,83,238,-155
109000361,131,336,-205
109000364,190,858,-668
109000396,3,939,-936
109000397,470,8,462
109000399,291,969,-678
109000400,82,474,-392
109000403,68,914,-846
109000406,613,11,602
109000407,290,304,-14
109000408,3,1519,-1516
109000410,1026,271,755
109000411,156,38,118
109000412,1,176,-175
109900001,97,1,96
109900002,649,16,633
109900003,174,0,174
109900005,9,4,5
109900006,281,408,-127
109900007,559,1207,-648
109900008,0,34,-34
109900009,90,960,-870
109900010,473,19,454
109900011,115,32,83
109900012,273,274,-1
109900013,394,174,220
109900014,345,89,256
109900015,564,243,321
109900016,120,42,78
109900017,149,168,-19
109900018,202,108,94
109900019,176,103,73
109900020,22,45,-23
109900021,19,17,2
109900022,123,527,-404
109900023,11,1,10
109900024,26,0,26
109900025,9,40,-31
109900027,41,13,28
109900028,3731,803,2928
109900029,5,722,-717
109900030,25,0,25
109900031,0,71,-71
109900032,10,452,-442
109900033,5,855,-850
109900034,16,0,16
109900035,11,16,-5
109900036,15,114,-99
109900037,38,724,-686
109900038,56,359,-303
109900039,5,1,4
109900040,13,843,-830
109900041,63,648,-585
109900042,42,451,-409
109900044,145,407,-262
109900045,53,33,20
109900046,80,149,-69
109900047,447,429,18
109900048,17,142,-125
109900049,0,44,-44
109900050,4,327,-323
109900051,0,84,-84
109900052,70,392,-322
109900053,5,522,-517
109900054,543,217,326
109900055,21,303,-282
109900056,34,316,-282
109900057,3,308,-305
109900058,0,167,-167
109900060,447,184,263
109900061,122,400,-278
109900062,2,326,-324
109900064,469,353,116
109900065,153,127,26
109900066,389,1303,-914
109900067,1,562,-561
109900068,32,3,29
109900069,3,62,-59
109900071,1,42,-41
109900072,26,171,-145
109900073,279,1030,-751
109900074,14,44,-30
109900075,27,51,-24
109900076,45,547,-502
109900077,43,71,-28
109900078,98,299,-201
109900080,205,470,-265
109900081,35,153,-118
109900082,34,763,-729
109900083,25,76,-51
109900084,95,180,-85
109900085,225,1592,-1367
109900086,97,525,-428
109900087,386,505,-119
109900089,638,126,512
109900092,851,16,835
109900093,716,142,574
109900094,82,145,-63
109900095,143,334,-191
109900096,26,0,26
109900097,55,3,52
109900098,392,27,365
109900099,113,0,113
109900100,38,0,38
109900101,366,3,363
109900102,374,10,364
109900103,26,43,-17
109900104,321,1401,-1080
109900105,477,26,451
109900106,350,70,280
109900107,400,93,307
109900108,75,745,-670
109900109,28,297,-269
109900111,296,1927,-1631
109900114,757,284,473
109900115,136,104,32
109900117,794,198,596
109900121,562,343,219
109900123,10,240,-230
109900125,3,264,-261
109900126,180,284,-104
109900130,16928,2093,14835
109900131,96,231,-135
109900132,48,279,-231
109900134,66,135,-69
109900135,517,87,430
109900137,111,596,-485
109900140,274,566,-292
109900149,35,86,-51
109900150,6,82,-76
109900151,2,63,-61
109900152,0,41,-41
109900153,1,55,-54
109900154,20,0,20
109900155,53,8,45
109900157,44,329,-285
109900159,166,31,135
109900161,180,51,129
109900162,167,79,88
109900163,1027,477,550
109900164,49,292,-243
109900165,125,5,120
109900166,2,187,-185
109900167,218,662,-444
109900168,215,831,-616
109900169,174,299,-125
109900170,427,906,-479
109900171,172,119,53
109900172,152,266,-114
109900173,5460,2067,3393
109900174,57,203,-146
109900175,63,73,-10
109900176,104,269,-165
109900177,38,359,-321
109900178,3,85,-82
109900179,31,27,4
109900180,7,9,-2
110000001,1229,723,506
110000002,906,715,191
110000003,1073,798,275
110000004,664,709,-45
110000005,885,1947,-1062
110000006,929,437,492
110000007,171,231,-60
110000008,13,52,-39
110000009,61,71,-10
110000010,88,68,20
110000011,28,155,-127
110000012,1136,664,472
110000013,45,726,-681
110000014,734,512,222
110000015,407,747,-340
110000016,320,1752,-1432
110000017,4312,335,3977
110000018,4330,572,3758
110000019,5,220,-215
110000020,736,291,445
110000021,1379,511,868
110000022,1006,214,792
110000023,11,248,-237
110000024,744,526,218
110000025,204,1,203
110000026,8,753,-745
110000027,940,584,356
110000028,852,939,-87
110000029,582,1308,-726
110000030,311,501,-190
110000031,238,842,-604
110000032,896,539,357
110000033,366,88,278
110000034,362,841,-479
110000035,843,1184,-341
110000036,870,899,-29
110000037,178,793,-615
110000038,221,768,-547
110000039,798,3421,-2623
110000040,1024,502,522
110000041,370,1572,-1202
110000042,158,340,-182
110000043,690,479,211
110000044,155,128,27
110000045,840,144,696
110000046,22,16,6
110000047,26,26,0
110000048,12,7,5
110000049,129,9,120
110000050,26,24,2
110000051,183,13,170
110000052,40,24,16
110000053,532,9,523
110000054,161,231,-70
110000055,505,34,471
110000056,288,53,235
110000057,495,1132,-637
110000058,1198,790,408
110000059,1033,643,390
110000060,821,1127,-306
110000061,958,964,-6
110000062,691,1000,-309
110000063,58,97,-39
110000064,95,187,-92
110000065,67,81,-14
110000066,131,47,84
110000067,126,498,-372
110000068,341,739,-398
110000069,121,134,-13
110000071,83,203,-120
110000073,5,20,-15
110000075,2,153,-151
110000076,370,367,3
110000077,539,1390,-851
110000078,19,35,-16
110000080,409,861,-452
110000081,53,460,-407
110000082,58,462,-404
110000083,243,754,-511
110000084,1045,762,283
110000085,2996,1784,1212
110000086,1274,1918,-644
110000087,8,89,-81
110000088,65,328,-263
110000089,220,209,11
110000090,125,501,-376
110000091,2642,400,2242
110000092,34,117,-83
110000093,70,8,62
110000094,636,290,346
110000095,191,759,-568
110000096,4551,2034,2517
110000097,1066,1436,-370
110000098,2193,831,1362
110000099,988,2017,-1029
110000100,613,1015,-402
110000101,26,593,-567
110000102,48,81,-33
110000104,262,143,119
110000105,58,383,-325
110000106,628,418,210
110000107,550,591,-41
110000108,193,41,152
110000109,324,377,-53
110000110,4371,1438,2933
110000111,5743,1998,3745
110000112,1661,919,742
110000113,854,2485,-1631
110000114,134,614,-480
110000115,254,344,-90
110000116,55,55,0
110000117,139,719,-580
110000118,326,335,-9
110000119,193,577,-384
110000120,331,320,11
110000121,188,404,-216
110000122,1877,792,1085
110000123,555,559,-4
110000124,0,954,-954
110000125,1088,7,1081
110000126,273,19,254
110000127,1116,52,1064
110000128,19,1354,-1335
110000129,2,862,-860
110000130,297,173,124
110000131,134,812,-678
110000132,9,979,-970
110000133,71,498,-427
110000134,41,512,-471
110000135,203,26,177
110000136,85,389,-304
110000137,601,859,-258
110000138,669,1111,-442
110000139,747,2019,-1272
110000140,1327,683,644
110000143,967,440,527
110000144,5271,1694,3577
110000145,1490,947,543
110000146,1932,976,956
110000147,462,1031,-569
110000148,405,433,-28
110000151,2154,2172,-18
110000152,3938,990,2948
110000153,42,136,-94
110000154,6,15,-9
110000155,1322,3480,-2158
110000156,1025,2066,-1041
110000157,1475,1993,-518
110000160,348,526,-178
110000161,207,699,-492
110000166,330,126,204
110000167,807,610,197
110000168,905,473,432
110000169,629,462,167
110000170,119,112,7
110000171,542,245,297
110000172,186,1164,-978
110000173,1672,1725,-53
110000174,203,2068,-1865
110000175,418,147,271
110000176,116,372,-256
110000177,227,1062,-835
110000178,586,1209,-623
110000179,2143,423,1720
110000180,157,453,-296
110000181,317,565,-248
110000182,376,368,8
110000183,16621,7066,9555
110000184,1936,2756,-820
110000185,1261,772,489
110000186,950,849,101
110000191,424,413,11
110000192,347,1,346
110000193,736,7,729
110000194,9,1746,-1737
110000195,312,466,-154
110000196,260,677,-417
110000197,87,292,-205
110000198,127,115,12
110000199,71,164,-93
110000200,1681,658,1023
110000201,945,797,148
110000202,1138,417,721
110000203,935,1133,-198
110000204,4,429,-425
110000205,93,39,54
110000206,696,1982,-1286
110000207,598,355,243
110000208,166,161,5
110000209,154,1136,-982
110000210,754,1033,-279
110000211,991,1245,-254
110000212,516,1288,-772
110000213,141,76,65
110000214,160,154,6
110000215,159,749,-590
110000216,71,877,-806
110000217,200,308,-108
110000218,163,705,-542
110000219,209,120,89
110000220,65,508,-443
110000221,224,87,137
110000222,37,377,-340
110000223,1,182,-181
110000224,134,22,112
110000225,242,734,-492
110000226,235,79,156
110000227,1020,707,313
110000228,531,381,150
110000229,2,338,-336
110000230,848,855,-7
110000231,182,246,-64
110000232,231,232,-1
110000233,155,338,-183
110000234,815,552,263
110000235,1815,1259,556
110000236,737,1332,-595
110000237,2383,1380,1003
110000238,1154,1858,-704
110000239,1966,1470,496
110000240,3,127,-124
110000242,1,30,-29
110000243,53,206,-153
110000244,181,693,-512
110000245,38,685,-647
110000246,871,834,37
110000247,1339,4061,-2722
110000248,2739,1188,1551
110000249,134,28,106
110000250,29,295,-266
110000251,248,764,-516
110000252,203,348,-145
110000253,1233,848,385
110000254,798,2043,-1245
110000255,255,1546,-1291
110000256,591,295,296
110000257,750,204,546
110000258,12,572,-560
110000259,77,26,51
110000260,12,586,-574
110000263,630,138,492
110000264,200,702,-502
110000265,1186,2122,-936
110000266,1942,2609,-667
110000267,15,253,-238
110000268,326,672,-346
110000269,2,102,-100
110000270,48,1,47
110000271,3193,343,2850
110000272,1326,1328,-2
110000273,3629,1556,2073
110000274,182,1345,-1163
110000275,3855,573,3282
110000276,356,502,-146
110000277,234,505,-271
110000278,336,1175,-839
110000279,929,828,101
110000280,384,514,-130
110000281,23,270,-247
110000282,381,47,334
110000283,82,132,-50
110000284,73,61,12
110000285,2,252,-250
110000286,21,0,21
110000287,38,5,33
110000288,2,88,-86
110000289,603,1682,-1079
110000290,1410,777,633
110000291,5393,929,4464
110000292,1482,4945,-3463
110000293,833,3169,-2336
110000294,701,1189,-488
110000295,1978,2658,-680
110000296,245,304,-59
110000297,3244,335,2909
110000298,439,1010,-571
110000299,870,92,778
110000301,338,28,310
110000302,449,2181,-1732
110000303,536,6,530
110000304,185,455,-270
110000305,990,28,962
110000306,147,1492,-1345
110000307,1269,11,1258
110000308,522,3,519
110000309,69,1609,-1540
110000310,618,89,529
110000311,92,3163,-3071
110000312,772,70,702
110000313,3633,4774,-1141
110000314,3,545,-542
110000315,4150,2335,1815
110000316,676,1510,-834
110000317,818,515,303
110000318,3,166,-163
110000319,20,20,0
110000320,69,94,-25
110000321,25,51,-26
110000322,252,654,-402
110000323,364,277,87
110000324,5785,874,4911
110000325,2557,2931,-374
110000327,555,290,265
110000328,379,661,-282
110000333,1078,752,326
110000334,782,1214,-432
110000335,821,637,184
110000336,655,1345,-690
110000337,1727,706,1021
110000338,338,238,100
110000339,281,331,-50
110000340,33,275,-242
110000341,676,862,-186
110000342,550,5,545
110000343,2,36,-34
110000344,178,231,-53
110000345,218,111,107
110000346,2533,1962,571
110000347,1251,911,340
110000348,24,41,-17
110000349,26,41,-15
110000350,30,4,26
110000351,758,1125,-367
110000352,627,1961,-1334
110000353,4999,1035,3964
110000354,2101,3945,-1844
110000355,88,92,-4
110000356,1180,7,1173
110000357,333,18,315
110000361,12,139,-127
110000362,30,42,-12
110000363,256,137,119
110000364,144,668,-524
110000365,164,1,163
110000366,0,125,-125
110000367,292,244,48
110000368,4,71,-67
110000369,39,0,39
110000373,5,355,-350
110000374,157,11,146
110000375,253,1210,-957
110000376,37,122,-85
110000377,120,779,-659
110000378,17,378,-361
110000379,4554,1456,3098
110000380,73,8,65
110000383,2,1148,-1146
110000384,2458,917,1541
110000385,6,683,-677
110000387,66,10,56
110000388,36,362,-326
110000389,749,13,736
110000391,481,345,136
110000396,124,130,-6
110000397,109,280,-171
110000398,3,51,-48
110000399,217,1,216
110000587,79,73,6
110000589,230,218,12
110000640,193,159,34
110000652,57,275,-218
110000653,279,638,-359
110000654,43,43,0
110000656,1,762,-761
110000674,28,18,10
110000675,27,25,2
110000676,19,51,-32
110000679,841,1251,-410
110000682,197,243,-46
110000683,589,729,-140
110000684,9,70,-61
110000685,10,14,-4
110000686,6,40,-34
110000687,15,3,12
110000688,77,760,-683
110000689,56,64,-8
110000692,363,303,60
110000693,463,280,183
110000694,0,207,-207
110000695,265,1302,-1037
110000696,232,215,17
110000698,397,1915,-1518
110000699,2377,769,1608
110900001,273,10,263
110900002,487,484,3
110900003,538,1324,-786
110900004,290,263,27
110900005,5735,1937,3798
110900006,45,6,39
110900007,157,18,139
110900008,17,95,-78
110900009,387,83,304
110900010,20,111,-91
110900011,27,160,-133
110900012,14,134,-120
110900013,919,193,726
110900014,183,3,180
110900015,1292,580,712
110900016,20,280,-260
110900017,288,52,236
110900018,428,87,341
110900019,119,25,94
110900020,45,698,-653
110900021,79,832,-753
110900022,113,568,-455
110900023,69,799,-730
110900024,27,688,-661
110900025,48,93,-45
110900027,48,337,-289
110900028,45,212,-167
110900029,28,624,-596
110900030,24,404,-380
110900031,13,218,-205
110900032,0,128,-128
110900033,33,385,-352
110900035,50,609,-559
110900036,152,30,122
110900037,79,42,37
110900038,1815,230,1585
110900039,7,283,-276
110900040,203,44,159
110900041,17,258,-241
110900042,137,63,74
110900043,2,235,-233
110900044,322,23,299
110900045,45,810,-765
110900046,162,460,-298
110900047,1080,291,789
110900049,56,65,-9
110900050,10,5,5
110900051,67,294,-227
110900052,12,306,-294
110900053,100,57,43
110900054,16,344,-328
110900055,16,0,16
110900056,65,119,-54
110900057,4,312,-308
110900058,172,360,-188
110900059,773,1002,-229
110900060,461,147,314
110900061,36,68,-32
110900062,151,379,-228
110900063,45,202,-157
110900064,16,0,16
110900065,557,207,350
110900066,14,122,-108
110900067,629,680,-51
110900068,293,287,6
110900069,2,29,-27
110900070,103,59,44
110900071,372,486,-114
110900073,0,30,-30
110900074,277,116,161
110900075,276,76,200
110900077,578,618,-40
110900078,26,154,-128
110900079,3507,990,2517
110900080,91,75,16
110900081,2,124,-122
110900082,87,368,-281
110900083,80,60,20
110900084,89,261,-172
110900085,39,518,-479
110900086,58,229,-171
110900087,271,87,184
110900088,20,1,19
110900090,34,29,5
110900091,1,74,-73
110900093,326,126,200
110900095,52,39,13
110900097,14,27,-13
110900098,45,172,-127
110900099,38,827,-789
110900100,0,39,-39
110900102,30,27,3
110900105,828,508,320
110900108,9,135,-126
110900111,412,165,247
110900112,615,7,608
110900113,598,60,538
110900115,21,132,-111
110900116,458,3384,-2926
110900118,203,2557,-2354
110900119,7085,486,6599
110900120,6,280,-274
110900121,86,2,84
110900122,334,174,160
110900125,242,368,-126
110900127,1074,1298,-224
110900128,528,428,100
110900129,356,586,-230
110900130,1452,691,761
110900131,166,43,123
110900132,210,60,150
110900133,64,377,-313
110900135,108,651,-543
110900136,253,19,234
110900138,0,0,0
110900139,37,0,37
110900140,0,0,0
110900141,952,213,739
110900142,48,310,-262
110900143,131,119,12
110900144,5,940,-935
110900145,116,31,85
110900146,467,115,352
110900147,293,335,-42
110900148,2,376,-374
110900149,3,112,-109
110900150,46,13,33
110900151,2,105,-103
110900152,24,475,-451
110900153,144,47,97
111000001,843,825,18
111000002,1317,1290,27
111000003,1902,1783,119
111000004,1284,2073,-789
111000005,2106,1978,128
111000006,1466,2669,-1203
111000007,7450,5338,2112
111000008,7365,5059,2306
111000009,487,1126,-639
111000010,895,432,463
111000011,530,1231,-701
111000012,1004,503,501
111000013,507,1712,-1205
111000014,1403,949,454
111000017,136,759,-623
111000018,318,417,-99
111000020,2513,2190,323
111000021,129,192,-63
111000023,132,260,-128
111000025,10015,3816,6199
111000029,74,123,-49
111000030,39,136,-97
111000031,2349,1258,1091
111000032,780,373,407
111000033,382,277,105
111000034,658,304,354
111000037,1892,738,1154
111000038,5607,3687,1920
111000039,2278,3516,-1238
111000040,1999,3865,-1866
111000041,1614,2132,-518
111000042,7236,3186,4050
111000043,3151,3036,115
111000044,1646,1312,334
111000045,2247,2589,-342
111000046,1948,1919,29
111000047,2914,4355,-1441
111000049,454,680,-226
111000050,2708,2327,381
111000051,509,1585,-1076
111000052,756,2249,-1493
111000053,479,1464,-985
111000054,368,1512,-1144
111000055,163,1300,-1137
111000056,472,1029,-557
111000057,79,890,-811
111000058,263,166,97
111000059,337,343,-6
111000060,3690,1005,2685
111000061,549,453,96
111000062,838,328,510
111000063,2187,1242,945
111000064,502,738,-236
111000065,1158,1083,75
111000066,572,442,130
111000067,598,851,-253
111000068,494,1070,-576
111000069,2093,2496,-403
111000070,3221,1469,1752
111000071,268,1108,-840
111000072,996,519,477
111000073,306,1063,-757
111000074,1627,1921,-294
111000075,847,1139,-292
111000076,469,1123,-654
111000077,1490,2060,-570
111000078,2649,1383,1266
111000079,1552,1097,455
111000080,515,1019,-504
111000081,2927,4734,-1807
111000082,612,959,-347
111000084,784,698,86
111000085,1436,2051,-615
111000086,5105,1768,3337
111000087,752,1191,-439
111000088,10680,2514,8166
111000089,660,910,-250
111000090,1262,1571,-309
111000091,722,816,-94
111000092,1202,1339,-137
111000093,681,1068,-387
111000094,2339,1193,1146
111000095,736,2684,-1948
111000096,2821,7850,-5029
111000097,8107,1603,6504
111000098,1097,1786,-689
111000099,542,3203,-2661
111000100,394,2974,-2580
111000101,458,1220,-762
111000102,161,1021,-860
111000104,477,345,132
111000107,122,1191,-1069
111000109,498,317,181
111000110,1428,772,656
111000111,1819,609,1210
111000112,1633,485,1148
111000113,948,1209,-261
111000114,2584,3048,-464
111000115,9463,1548,7915
111000116,1062,1381,-319
111000117,687,1123,-436
111000118,1967,1429,538
111000119,829,2122,-1293
111000120,443,750,-307
111000121,264,768,-504
111000122,747,1371,-624
111000123,714,2148,-1434
111000124,562,4385,-3823
111000125,300,2986,-2686
111000126,922,2654,-1732
111000127,709,200,509
111000128,1465,468,997
111000129,2509,581,1928
111000130,1593,831,762
111000131,1385,575,810
111000132,1076,562,514
111000133,158,178,-20
111000134,103,169,-66
111000135,54,188,-134
111000136,313,465,-152
111000138,7,18,-11
111000140,0,9,-9
111000141,221,228,-7
111000142,12,133,-121
111000143,15,138,-123
111000144,20,158,-138
111000145,1191,3,1188
111000146,51,6,45
111000147,220,30,190
111000148,204,102,102
111000149,7,76,-69
111000150,7,24,-17
111000151,3,41,-38
111000153,748,704,44
111000154,1077,250,827
111000155,122,204,-82
111000156,723,645,78
111000157,225,980,-755
111000158,1225,980,245
111000159,4186,882,3304
111000160,301,551,-250
111000161,7,384,-377
111000162,8,236,-228
111000163,607,1149,-542
111000164,1183,4139,-2956
111000165,1730,533,1197
111000166,1887,418,1469
111000167,173,713,-540
111000168,269,588,-319
111000169,366,760,-394
111000170,537,573,-36
111000171,566,1177,-611
111000172,139,1119,-980
111000173,365,2197,-1832
111000174,192,1060,-868
111000175,60,422,-362
111000176,242,219,23
111000177,254,450,-196
111000178,1199,492,707
111000179,178,308,-130
111000180,219,519,-300
111000181,869,438,431
111000182,148,324,-176
111000183,342,529,-187
111000184,356,369,-13
111000185,374,647,-273
111000186,319,408,-89
111000187,139,345,-206
111000188,134,580,-446
111000189,2171,757,1414
111000190,191,580,-389
111000191,132,649,-517
111000192,259,910,-651
111000193,687,580,107
111000194,54,560,-506
111000195,121,572,-451
111000196,33,460,-427
111000197,299,234,65
111000198,361,152,209
111000199,164,158,6
111000200,255,438,-183
111000201,481,337,144
111000202,243,241,2
111000203,253,254,-1
111000204,547,808,-261
111000213,239,568,-329
111000214,1716,3129,-1413
111000215,1138,2063,-925
111000217,1376,1075,301
111000218,1141,1180,-39
111000219,617,344,273
111000220,3771,750,3021
111000221,1917,176,1741
111000224,190,960,-770
111000225,346,354,-8
111000226,314,1,313
111000227,65,7,58
111000228,8,254,-246
111000229,31,606,-575
111000230,328,740,-412
111000231,898,1692,-794
111000232,419,993,-574
111000233,504,1129,-625
111000234,100,312,-212
111000239,175,273,-98
111000240,32,200,-168
111000241,42,589,-547
111000242,105,100,5
111000243,108,1218,-1110
111000244,283,150,133
111000245,1034,801,233
111000246,404,857,-453
111000247,183,1324,-1141
111000248,404,683,-279
111000249,505,1059,-554
111000250,52,153,-101
111000251,33,160,-127
111000253,14,21,-7
111000255,28,4,24
111000257,30,10,20
111000260,79,948,-869
111000261,955,99,856
111000271,63,491,-428
111000273,10820,2646,8174
111000274,1382,2433,-1051
111000275,133,116,17
111000276,2378,5104,-2726
111000277,196,545,-349
111000278,628,265,363
111000291,763,6431,-5668
111000298,527,354,173
111000299,795,193,602
111000300,95,841,-746
111000302,236,128,108
111000303,107,308,-201
111000312,63,58,5
111000315,77,730,-653
111000320,371,893,-522
111000321,327,102,225
111000322,282,668,-386
111000323,164,20,144
111000324,367,322,45
111000325,29,86,-57
111000326,166,424,-258
111000327,439,818,-379
111000328,255,576,-321
111000329,5,39,-34
111000330,42,40,2
111000331,15,12,3
111000332,410,1710,-1300
111000334,430,2379,-1949
111000335,717,209,508
111000337,916,493,423
111000338,21,147,-126
111000339,356,721,-365
111000340,110,1143,-1033
111000341,1000,602,398
111000342,292,567,-275
111000344,1086,977,109
111000345,201,53,148
111000346,23,124,-101
111000347,144,4,140
111000350,177,172,5
111000351,87,275,-188
111000352,168,201,-33
111000353,125,282,-157
111000354,518,354,164
111000355,413,895,-482
111000358,112,2572,-2460
111000360,120,1400,-1280
111000361,126,659,-533
111000546,573,901,-328
111000547,279,1186,-907
111000548,107,236,-129
111000549,320,704,-384
111000550,116,609,-493
111000551,773,236,537
111000552,1460,89,1371
111000907,655,11,644
111000908,26,1,25
111000916,1340,323,1017
111000917,40,484,-444
111000918,135,1796,-1661
111000920,352,25,327
111000921,4,631,-627
111000922,304,361,-57
111000924,42,2028,-1986
111000925,2381,2722,-341
111000926,1048,4033,-2985
111000927,2950,5629,-2679
111000928,7063,5757,1306
111000929,957,1193,-236
111000930,1513,3809,-2296
111000931,1936,2558,-622
111000932,4917,3381,1536
111000933,4254,2140,2114
111000934,3421,3988,-567
111000935,1598,1193,405
111000936,1524,3185,-1661
111000937,1052,1680,-628
111000938,2852,3616,-764
111000939,310,49,261
111000940,380,276,104
111000941,261,1020,-759
111000943,349,415,-66
111000944,159,940,-781
111000945,55,2996,-2941
111001109,644,280,364
111001110,282,785,-503
111001111,34,5,29
111001112,254,2,252
111001113,28,207,-179
111001114,1891,116,1775
111001115,165,377,-212
111001116,7483,4084,3399
111001117,902,1654,-752
111001120,139,638,-499
111001121,186,459,-273
111001122,263,926,-663
111001123,140,335,-195
111001124,153,408,-255
111001125,4,53,-49
111001126,3,0,3
111001127,18,260,-242
111001128,527,780,-253
111900001,3,384,-381
111900002,5,1228,-1223
111900003,2,553,-551
111900004,16,212,-196
111900006,9,23,-14
111900007,31,1,30
111900008,73,4,69
111900009,98,0,98
111900010,199,621,-422
111900012,75,168,-93
111900013,0,16,-16
111900014,9024,2474,6550
111900015,0,94,-94
111900016,2,176,-174
111900017,0,152,-152
111900018,132,2,130
111900019,10,93,-83
111900020,4,49,-45
111900021,30,95,-65
111900022,6,76,-70
111900023,154,66,88
111900024,4,87,-83
111900025,0,61,-61
111900026,0,126,-126
111900027,7,192,-185
111900028,19,508,-489
111900029,0,137,-137
111900030,65,576,-511
111900032,3,484,-481
111900033,2,122,-120
111900034,295,1130,-835
111900035,53,330,-277
111900036,3,483,-480
111900038,300,1011,-711
111900039,45,622,-577
111900040,4,787,-783
111900042,39,142,-103
111900043,3,561,-558
111900044,326,530,-204
111900046,74,311,-237
111900048,130,1282,-1152
111900049,57,279,-222
111900050,107,15,92
111900051,3,296,-293
111900052,488,594,-106
111900053,1997,811,1186
111900054,103,1,102
111900055,21,880,-859
111900056,414,186,228
111900057,61,167,-106
111900058,231,904,-673
111900059,5072,507,4565
111900060,211,2,209
111900061,18,470,-452
111900062,16,41,-25
111900063,150,271,-121
111900064,127,440,-313
111900065,74,24,50
111900066,77,184,-107
111900067,2,547,-545
111900068,32,60,-28
111900069,48,20,28
111900070,92,170,-78
111900071,1,437,-436
111900072,39,17,22
111900073,472,105,367
111900074,8,338,-330
111900075,68,5,63
111900076,87,58,29
111900077,40,0,40
111900078,149,10,139
111900079,14,11,3
111900080,273,184,89
111900082,106,9,97
111900083,42,7,35
111900084,40,1,39
111900085,33,71,-38
111900086,39,5,34
111900087,23,0,23
111900088,349,3,346
111900089,55,2,53
111900090,88,19,69
111900091,96,2,94
111900092,46,1,45
111900093,217,3,214
111900094,111,0,111
111900095,117,11,106
111900096,68,1,67
111900097,16,0,16
111900098,90,2,88
111900099,63,0,63
111900100,112,6,106
111900101,54,17,37
111900102,317,1067,-750
111900103,83,86,-3
111900104,223,83,140
111900105,287,193,94
111900106,2015,73,1942
111900110,3577,382,3195
111900111,62,317,-255
111900112,1215,1808,-593
111900113,414,82,332
111900118,313,45,268
111900119,292,79,213
111900122,44,34,10
111900123,9,27,-18
111900124,10,108,-98
111900125,409,23,386
111900126,193,3,190
111900127,3,884,-881
111900128,8,705,-697
111900129,126,4,122
111900130,108,8,100
111900131,285,3,282
111900132,32,1845,-1813
111900133,21,562,-541
111900134,18,442,-424
111900135,7,18,-11
111900136,56,133,-77
111900137,55,77,-22
111900138,12,87,-75
111900139,16,124,-108
111900140,52,12,40
111900141,72,7,65
111900142,59,21,38
111900143,7,138,-131
111900144,1,148,-147
111900145,5,728,-723
111900146,1,421,-420
111900147,191,724,-533
111900148,35,1236,-1201
111900149,5,486,-481
111900150,8,215,-207
111900151,3,26,-23
111900152,76,76,0
111900153,2138,336,1802
111900154,8,199,-191
111900155,64,71,-7
111900156,20,46,-26
111900157,71,1,70
111900158,355,17,338
111900159,198,9,189
111900160,167,0,167
111900161,87,0,87
111900162,116,218,-102
111900163,39,447,-408
111900164,141,65,76
111901113,243,417,-174
111901114,169,461,-292
111901115,46,0,46
111901116,33,1,32
111901117,16,38,-22
111901118,232,180,52
111901119,1923,177,1746
111901121,204,678,-474
111901122,6,834,-828
111901123,81,460,-379
111901124,105,2,103
111901125,200,419,-219
111901127,1267,189,1078
111901128,6,110,-104
111901129,6,260,-254
111901130,20,425,-405
111901131,14,276,-262
111901132,240,21,219
111901133,44,1,43
111901134,64,2,62
111901135,7,6,1
111901138,123,59,64
111901139,14,74,-60
111901140,6,263,-257
111901141,10,574,-564
111901142,8,315,-307
111901143,3,158,-155
111901144,49,53,-4
111901145,302,411,-109
111901146,500,29,471
111901147,1990,227,1763
111901148,27,41,-14
111901149,37,3,34
111901150,158,1,157
111901151,0,0,0
111901152,10,46,-36
112000001,1830,1470,360
112000002,1097,3135,-2038
112000003,1001,1524,-523
112000004,781,2270,-1489
112000005,2444,2623,-179
112000006,2376,2869,-493
112000007,2077,1767,310
112000008,3091,5373,-2282
112000009,5215,5890,-675
112000010,3241,3835,-594
112000011,2485,3377,-892
112000012,5167,2882,2285
112000013,6219,3788,2431
112000014,3158,845,2313
112000015,3566,3221,345
112000016,7232,1169,6063
112000017,3360,1799,1561
112000024,3064,871,2193
112000026,6060,7234,-1174
112000027,1233,716,517
112000028,3257,2254,1003
112000029,457,841,-384
112000030,248,153,95
112000031,1759,4430,-2671
112000032,478,57,421
112000033,2269,1219,1050
112000034,337,55,282
112000035,90,274,-184
112000036,1213,803,410
112000037,1447,915,532
112000038,1462,1084,378
112000039,59,115,-56
112000040,116,312,-196
112000041,752,616,136
112000042,1764,432,1332
112000050,1195,1942,-747
112000051,1041,1395,-354
112000054,2766,3429,-663
112000057,554,459,95
112000058,373,691,-318
112000059,577,1091,-514
112000061,5680,2360,3320
112000062,2017,897,1120
112000063,2086,1902,184
112000064,5791,7948,-2157
112000065,2887,3641,-754
112000066,4272,1702,2570
112000067,1030,846,184
112000068,4090,2407,1683
112000069,966,2529,-1563
112000070,2427,1169,1258
112000071,1115,3578,-2463
112000072,1822,1343,479
112000073,2620,2278,342
112000074,2835,1257,1578
112000075,1654,1640,14
112000076,4182,3869,313
112000077,479,921,-442
112000078,1717,911,806
112000079,1424,1680,-256
112000080,656,1108,-452
112000081,1809,2512,-703
112000082,1686,950,736
112000083,683,1893,-1210
112000084,1180,1039,141
112000085,1443,1836,-393
112000086,2056,2166,-110
112000087,319,1168,-849
112000088,503,981,-478
112000089,345,361,-16
112000090,324,551,-227
112000091,763,1549,-786
112000092,1463,1321,142
112000093,1886,1461,425
112000094,545,1179,-634
112000095,816,1039,-223
112000096,429,1008,-579
112000097,1040,547,493
112000098,1037,2111,-1074
112000099,797,1059,-262
112000100,1370,1214,156
112000101,630,1255,-625
112000102,796,987,-191
112000103,434,1456,-1022
112000105,794,3143,-2349
112000106,1461,764,697
112000107,58,246,-188
112000108,274,2630,-2356
112000109,191,170,21
112000110,1718,821,897
112000111,1426,4254,-2828
112000112,3379,816,2563
112000113,966,2459,-1493
112000114,2288,1430,858
112000115,411,796,-385
112000116,459,1432,-973
112000117,1594,1676,-82
112000118,1373,1182,191
112000119,573,1195,-622
112000120,84,523,-439
112000121,133,830,-697
112000122,240,186,54
112000123,550,149,401
112000124,263,65,198
112000125,285,204,81
112000126,132,1181,-1049
112000127,2341,2140,201
112000128,868,850,18
112000129,84,155,-71
112000130,139,64,75
112000131,49,702,-653
112000132,113,326,-213
112000133,408,532,-124
112000134,454,440,14
112000135,995,897,98
112000136,1387,1632,-245
112000137,1656,2162,-506
112000138,1994,1360,634
112000139,1283,396,887
112000140,1258,1361,-103
112000141,800,333,467
112000142,257,1261,-1004
112000143,996,317,679
112000144,351,2482,-2131
112000145,2098,816,1282
112000146,727,3128,-2401
112000147,2121,2071,50
112000148,1915,3162,-1247
112000149,361,1452,-1091
112000150,212,927,-715
112000151,501,883,-382
112000152,270,597,-327
112000153,317,517,-200
112000154,97,251,-154
112000155,397,117,280
112000157,1636,699,937
112000158,281,1220,-939
112000159,371,442,-71
112000167,450,50,400
112000169,1221,544,677
112000173,490,181,309
112000175,382,690,-308
112000176,4298,2155,2143
112000177,640,110,530
112000178,105,679,-574
112000179,227,181,46
112000180,304,393,-89
112000181,1435,2399,-964
112000182,828,2281,-1453
112000183,57,41,16
112000184,341,1024,-683
112000185,407,779,-372
112000187,3609,2526,1083
112000195,163,6,157
112000196,127,1,126
112000197,76,73,3
112000198,13,434,-421
112000199,1781,1185,596
112000202,306,3,303
112000216,69,303,-234
112000230,94,3,91
112000231,3,310,-307
112000256,85,206,-121
112000313,152,171,-19
112000314,40,25,15
112000337,189,712,-523
112000352,388,344,44
112000392,2226,1753,473
112000398,1163,1016,147
112000399,11153,3404,7749
112000400,1712,4718,-3006
112000401,4390,5192,-802
112000402,2386,2770,-384
112000403,5204,3473,1731
112000404,624,831,-207
112000405,1697,3197,-1500
112000406,5460,5197,263
112000407,5525,8141,-2616
112000408,9758,9499,259
112000409,3920,9410,-5490
112000410,437,201,236
112000411,7224,1270,5954
112000412,1484,582,902
112000413,14043,4397,9646
112000414,107,202,-95
112000415,161,72,89
112000416,2031,1671,360
112000417,274,94,180
112000421,46,246,-200
112000422,306,889,-583
112000424,4701,3066,1635
112000425,521,2302,-1781
112000426,189,420,-231
112000427,1,16,-15
112000428,147,601,-454
112000429,3436,5029,-1593
112000430,5079,4736,343
112000431,98,133,-35
112000432,644,3182,-2538
112000433,701,1127,-426
112000437,83,300,-217
112900001,48,4,44
112900002,232,1649,-1417
112900003,37,476,-439
112900004,30,404,-374
112900005,149,291,-142
112900007,10,251,-241
112900008,0,40,-40
112900009,352,108,244
112900010,239,973,-734
112900011,609,418,191
112900012,0,82,-82
112900013,8,234,-226
112900014,1,338,-337
112900015,421,1236,-815
112900016,2,320,-318
112900017,42,350,-308
112900018,135,1230,-1095
112900019,68,275,-207
112900020,521,1920,-1399
112900021,3,431,-428
112900022,11,118,-107
112900023,2,340,-338
112900024,23,327,-304
112900025,119,486,-367
112900026,5,458,-453
112900027,5,1676,-1671
112900028,30,222,-192
112900029,12,1082,-1070
112900030,292,281,11
112900031,5,762,-757
112900032,113,387,-274
112900034,3,83,-80
112900035,9,694,-685
112900036,39,244,-205
112900037,306,204,102
112900038,505,141,364
112900039,33,455,-422
112900040,4,460,-456
112900041,2333,1305,1028
112900042,51,579,-528
112900043,24,47,-23
112900044,950,436,514
112900045,570,406,164
112900046,281,101,180
112900047,6,20,-14
112900049,130,78,52
112900050,137,691,-554
112900051,333,1039,-706
112900052,9,1655,-1646
112900053,536,157,379
112900054,369,43,326
112900055,118,9,109
112900056,389,275,114
112900057,13,1040,-1027
112900058,253,338,-85
112900059,236,189,47
112900060,5,331,-326
112900061,102,166,-64
112900062,91,166,-75
112900063,149,12,137
112900064,208,324,-116
112900065,56,11,45
112900066,122,127,-5
112900067,704,181,523
112900068,27,60,-33
112900069,3521,622,2899
112900071,26,5,21
112900072,656,1620,-964
112900073,484,56,428
112900074,82,177,-95
112900075,2900,808,2092
112900076,140,21,119
112900078,276,411,-135
112900079,199,23,176
112900080,44,9,35
112900081,38,206,-168
112900082,374,23,351
112900083,102,55,47
112900084,236,109,127
112900086,29,1,28
112900087,620,102,518
112900088,76,13,63
112900089,588,15,573
112900090,33,12,21
112900091,160,6,154
112900092,185,250,-65
112900093,1496,10,1486
112900095,37,0,37
112900096,282,125,157
112900097,47,574,-527
112900098,202,1,201
112900099,645,13,632
112900100,41,0,41
112900101,188,6,182
112900102,144,10,134
112900103,193,5,188
112900104,447,4,443
112900105,32,2,30
112900106,408,126,282
112900107,1,0,1
112900108,36,0,36
112900109,78,0,78
112900110,691,4,687
112900111,519,3,516
112900112,314,1,313
112900113,0,17,-17
112900114,62,56,6
112900115,697,1,696
112900116,49,8,41
112900117,254,151,103
112900118,26,136,-110
112900119,192,2,190
112900120,891,319,572
112900121,597,221,376
112900122,22,231,-209
112900123,152,21,131
112900124,16,203,-187
112900125,63,461,-398
112900126,214,284,-70
112900127,315,68,247
112900128,627,1107,-480
112900129,3,1371,-1368
112900130,219,79,140
112900131,55,380,-325
112900132,63,770,-707
112900133,24,1519,-1495
112900134,2,375,-373
112900135,66,43,23
112900137,16,1114,-1098
112900138,9,726,-717
112900139,274,1481,-1207
112900141,704,31,673
112900142,60,147,-87
112900143,36,892,-856
112900144,6,2045,-2039
112900145,44,572,-528
112900146,16,1971,-1955
112900147,4,3178,-3174
112900148,69,5,64
112900149,207,893,-686
112900151,11,79,-68
112900152,7357,1069,6288
112900153,2400,1882,518
112900154,0,193,-193
112900155,201,28,173
112900156,296,2508,-2212
112900157,136,133,3
112900158,41,22,19
112900159,204,127,77
112900160,40,446,-406
112900161,84,15,69
112900162,54,21,33
112900163,160,49,111
112900164,39,187,-148
112900165,150,38,112
112900166,75,51,24
112900167,2,46,-44
112900168,0,1,-1
112900169,9,12,-3
112900170,52,129,-77
112900172,87,20,67
112900173,277,160,117
112900174,306,36,270
112900175,170,212,-42
112900176,43,28,15
112900177,248,38,210
112900178,823,2927,-2104
112900179,56,635,-579
112900180,2010,2545,-535
112900181,435,23,412
112900182,40,1875,-1835
112900183,128,264,-136
112900184,895,516,379
112900185,258,553,-295
112900186,1761,1064,697
112900187,136,569,-433
112900188,810,411,399
112900189,2,32,-30
112900190,75,66,9
112900192,540,682,-142
112900193,1281,458,823
112900194,120,223,-103
112900195,1453,45,1408
112900196,300,747,-447
112900197,173,580,-407
112900199,206,371,-165
112900200,607,406,201
112900201,55,156,-101
112900202,311,1333,-1022
112900203,152,491,-339
112900204,1073,603,470
112900205,2,27,-25
112900206,6,86,-80
112900207,8,0,8
112900208,96,212,-116
112900209,721,523,198
112900210,0,42,-42
112900211,120,74,46
112900212,1,114,-113
112900213,27,11,16
112900214,43,9,34
112900215,5,286,-281
112900216,46,87,-41
112900217,1,89,-88
112900218,33,2,31
112900219,49,37,12
112900220,0,0,0
112900221,3,278,-275
112900222,0,45,-45
112900223,867,15,852
112900224,183,1049,-866
112900225,310,631,-321
112900226,191,344,-153
112900227,190,1083,-893
112900228,26,35,-9
112900229,96,99,-3
112900230,9663,4544,5119
112900232,197,185,12
112900233,102,229,-127
112900234,12,132,-120
112900235,90,27,63
112900236,213,13,200
112900237,162,650,-488
112900238,3,38,-35
112900239,1205,462,743
112900240,3,225,-222
112900241,16,382,-366
112900242,6,563,-557
112900243,9,428,-419
112900244,4,220,-216
112900245,1,49,-48
112900246,4,17,-13
112900247,158,35,123
112900248,18,2,16
112900249,39,13,26
112900250,55,36,19
112900251,58,13,45
112900252,54,32,22
112900253,39,9,30
112900254,9,11,-2
112900255,2,34,-32
112900256,9,38,-29
112900257,20,21,-1
112900258,37,28,9
113000001,6737,11451,-4714
113000002,4709,5405,-696
113000003,2624,4885,-2261
113000004,2883,4374,-1491
113000005,2600,1909,691
113000006,1640,2662,-1022
113000007,2222,2197,25
113000008,2637,2955,-318
113000009,1377,1802,-425
113000010,1322,2465,-1143
113000011,1317,1835,-518
113000012,1407,1599,-192
113000013,1494,764,730
113000014,1718,1337,381
113000015,471,189,282
113000016,721,557,164
113000017,55,316,-261
113000018,703,131,572
113000019,74,256,-182
113000020,227,21,206
113000021,4987,1055,3932
113000022,864,1960,-1096
113000025,148,360,-212
113000026,823,556,267
113000027,3963,487,3476
113000028,1588,397,1191
113000029,852,868,-16
113000030,772,613,159
113000031,358,407,-49
113000032,359,380,-21
113000033,293,468,-175
113000034,459,530,-71
113000035,22,53,-31
113000036,29,67,-38
113000037,77,29,48
113000038,11,60,-49
113000039,55,1286,-1231
113000040,88,150,-62
113000042,1354,761,593
113000051,944,3556,-2612
113000052,3403,2112,1291
113000053,490,1005,-515
113000054,401,1462,-1061
113000055,1432,1374,58
113000056,980,1995,-1015
113000058,1038,1010,28
113000059,1518,949,569
113000060,199,621,-422
113000061,1065,1287,-222
113000062,2161,396,1765
113000063,95,577,-482
113000064,30,609,-579
113000065,216,1666,-1450
113000066,602,242,360
113000067,1798,1872,-74
113000068,528,2982,-2454
113000069,736,2142,-1406
113000070,2031,1412,619
113000071,344,979,-635
113000072,704,763,-59
113000073,927,2061,-1134
113000074,1068,817,251
113000075,3054,1000,2054
113000076,2034,2535,-501
113000077,1540,791,749
113000078,1293,2974,-1681
113000079,992,1002,-10
113000080,988,877,111
113000081,813,1203,-390
113000082,1543,1014,529
113000083,602,1294,-692
113000084,2329,1460,869
113000085,823,991,-168
113000086,1556,1829,-273
113000087,1050,1232,-182
113000088,3918,1933,1985
113000089,1224,1864,-640
113000090,452,936,-484
113000091,872,509,363
113000094,2241,314,1927
113000095,601,1490,-889
113000096,368,1254,-886
113000097,1571,416,1155
113000098,111,67,44
113000099,1865,471,1394
113000100,262,648,-386
113000101,710,875,-165
113000102,945,551,394
113000103,3978,793,3185
113000104,531,5456,-4925
113000105,1044,737,307
113000106,587,717,-130
113000107,1483,1652,-169
113000108,1567,2395,-828
113000109,1110,9071,-7961
113000110,1845,834,1011
113000111,475,1771,-1296
113000112,479,703,-224
113000113,1802,664,1138
113000114,452,2371,-1919
113000116,965,317,648
113000117,1335,158,1177
113000118,274,686,-412
113000119,327,426,-99
113000120,89,315,-226
113000121,750,1297,-547
113000124,367,179,188
113000125,63,845,-782
113000127,4701,575,4126
113000128,693,644,49
113000129,541,1458,-917
113000133,6175,1800,4375
113000134,10,2224,-2214
113000135,4077,5557,-1480
113000137,2145,3452,-1307
113000139,395,168,227
113000140,170,318,-148
113000141,329,160,169
113000142,621,1220,-599
113000143,278,203,75
113000144,349,846,-497
113000145,64,217,-153
113000146,146,119,27
113000147,158,236,-78
113000148,188,146,42
113000149,93,205,-112
113000150,629,588,41
113000151,152,126,26
113000152,51,194,-143
113000153,2312,586,1726
113000154,626,1819,-1193
113000155,331,576,-245
113000156,161,521,-360
113000157,317,1158,-841
113000158,694,326,368
113000159,796,803,-7
113000160,711,1516,-805
113000161,219,644,-425
113000162,491,516,-25
113000163,101,95,6
113000164,59,92,-33
113000166,135,136,-1
113000167,26,232,-206
113000168,82,187,-105
113000169,158,121,37
113000170,163,163,0
113000171,55,101,-46
113000172,225,119,106
113000173,43,34,9
113000174,117,730,-613
113000175,411,240,171
113000176,427,274,153
113000177,196,641,-445
113000178,175,542,-367
113000179,420,254,166
113000180,1163,2385,-1222
113000181,1459,1225,234
113000182,389,885,-496
113000183,268,785,-517
113000184,68,116,-48
113000189,582,945,-363
113000190,1223,595,628
113000192,3700,1501,2199
113000193,9579,1429,8150
113000194,4547,1174,3373
113000195,5013,739,4274
113000196,599,213,386
113000197,3361,1227,2134
113000198,64,478,-414
113000199,1566,506,1060
113000201,3040,244,2796
113000202,6001,6638,-637
113000203,1122,519,603
113000204,2913,1642,1271
113000205,58,26,32
113000206,3,29,-26
113000207,98,24,74
113000208,60,48,12
113000209,33,32,1
113000210,5,35,-30
113000211,773,373,400
113000212,662,59,603
113000213,45,495,-450
113000214,320,719,-399
113000234,179,1642,-1463
113000410,435,230,205
113000411,2993,6277,-3284
113000412,12390,3319,9071
113000413,6283,3956,2327
113000414,10223,15762,-5539
113000415,3462,4581,-1119
113000416,10875,5537,5338
113000417,4171,4852,-681
113000418,4600,4055,545
113000419,1898,2353,-455
113000420,4084,5351,-1267
113000421,4474,7967,-3493
113000422,18856,14313,4543
113000423,3570,5549,-1979
113000424,5222,14952,-9730
113000425,18,216,-198
113000428,127,7,120
113000430,48,30,18
113000432,2718,216,2502
113000433,149,1287,-1138
113000434,27,294,-267
113000435,60,1195,-1135
113000436,67,1964,-1897
113000437,660,23,637
113000438,267,13,254
113000439,44,284,-240
113000440,147,36,111
113000441,139,528,-389
113000442,173,313,-140
113000443,138,647,-509
113000444,220,406,-186
113000445,106,301,-195
113000446,53,133,-80
113000448,730,392,338
113000449,519,1974,-1455
113000450,1636,9926,-8290
113000451,3692,350,3342
113000452,656,1122,-466
113000453,198,442,-244
113000454,4660,51,4609
113000455,213,205,8
113000456,4666,2873,1793
113000468,4235,332,3903
113000469,1019,296,723
113000470,1139,191,948
113000471,29,1050,-1021
113000472,163,480,-317
113000474,427,1178,-751
113000475,2142,3244,-1102
113000476,1382,2563,-1181
113000477,2746,2842,-96
113000478,5487,9449,-3962
113000479,73,386,-313
113000484,0,0,0
113000485,0,0,0
113000486,21,0,21
113000487,5,2,3
113000488,0,2,-2
113000489,0,5,-5
113000490,0,0,0
113000491,2,18,-16
113000492,1,0,1
113000493,4,0,4
113000495,367,312,55
113000496,165,286,-121
113000497,0,0,0
113000499,0,0,0
113900001,8,534,-526
113900002,1,405,-404
113900003,2,392,-390
113900004,10,116,-106
113900005,11,72,-61
113900006,12,95,-83
113900007,1238,1,1237
113900008,472,4,468
113900009,1567,5,1562
113900010,854,16,838
113900011,147,2,145
113900012,32,3,29
113900013,1695,37,1658
113900014,693,0,693
113900015,4,37,-33
113900016,26,1,25
113900017,0,70,-70
113900018,522,162,360
113900019,119,49,70
113900020,128,0,128
113900022,13,0,13
113900023,39,0,39
113900024,41,127,-86
113900025,406,14,392
113900026,37,0,37
113900027,3,169,-166
113900028,22,668,-646
113900029,40,408,-368
113900030,188,5,183
113900031,5,1,4
113900032,25,1,24
113900033,113,76,37
113900035,27,0,27
113900036,22,196,-174
113900037,80,781,-701
113900038,114,162,-48
113900039,124,10,114
113900040,11,3,8
113900041,10,1,9
113900042,113,64,49
113900043,252,161,91
113900044,231,169,62
113900045,90,1,89
113900046,262,827,-565
113900047,43,202,-159
113900048,308,88,220
113900049,1219,417,802
113900050,210,599,-389
113900051,308,559,-251
113900052,164,166,-2
113900053,711,627,84
113900054,16,4,12
113900055,144,670,-526
113900056,89,213,-124
113900057,9,147,-138
113900058,61,320,-259
113900059,421,434,-13
113900060,105,227,-122
113900061,952,218,734
113900062,73,16,57
113900063,85,150,-65
113900064,14,266,-252
113900065,552,20,532
113900066,362,564,-202
113900067,97,395,-298
113900068,502,485,17
113900069,39,42,-3
113900070,179,469,-290
113900071,71,129,-58
113900072,70,188,-118
113900073,389,526,-137
113900074,29,503,-474
113900075,1360,1415,-55
113900076,197,12,185
113900077,42,291,-249
113900078,59,99,-40
113900079,1,76,-75
113900080,390,249,141
113900081,71,303,-232
113900082,139,367,-228
113900083,149,706,-557
113900084,411,114,297
113900085,36,407,-371
113900086,28,23,5
113900087,74,194,-120
113900088,40,95,-55
113900089,488,29,459
113900090,805,445,360
113900091,16,39,-23
113900092,46,112,-66
113900093,149,1166,-1017
113900094,332,501,-169
113900095,180,124,56
113900096,204,33,171
113900097,21,196,-175
113900098,633,113,520
113900099,0,83,-83
113900100,0,3,-3
113900101,18,47,-29
113900102,227,119,108
113900103,482,221,261
113900104,179,307,-128
113900105,64,527,-463
113900106,0,92,-92
113900107,0,35,-35
113900108,359,249,110
113900109,536,172,364
113900110,59,21,38
113900111,120,100,20
113900112,125,71,54
113900113,1022,779,243
113900114,1,156,-155
113900115,0,129,-129
113900116,194,162,32
113900117,208,38,170
113900118,314,241,73
113900119,293,466,-173
113900120,87,31,56
113900121,44,79,-35
113900122,413,2185,-1772
113900123,548,315,233
113900124,5,97,-92
113900125,2155,163,1992
113900126,193,100,93
113900127,172,712,-540
113900128,187,63,124
113900129,16,165,-149
113900130,0,8,-8
113900131,209,135,74
113900132,96,60,36
113900133,15,58,-43
113900135,502,710,-208
113900136,118,77,41
113900137,530,383,147
113900138,80,176,-96
113900139,663,123,540
113900140,350,280,70
113900141,442,811,-369
113900142,174,113,61
113900143,5,34,-29
113900144,351,215,136
113900145,565,327,238
113900146,130,64,66
113900148,253,331,-78
113900149,228,140,88
113900150,988,665,323
113900151,296,346,-50
113900152,15,58,-43
113900153,392,680,-288
113900154,2,152,-150
113900155,216,151,65
113900156,314,754,-440
113900157,22,366,-344
113900158,416,340,76
113900159,25,236,-211
113900160,585,825,-240
113900161,82,341,-259
113900162,574,738,-164
113900163,331,359,-28
113900164,309,58,251
113900165,905,623,282
113900166,246,142,104
113900167,204,37,167
113900168,171,114,57
113900169,289,488,-199
113900171,111,47,64
113900172,8,284,-276
113900173,58,932,-874
113900174,576,883,-307
113900175,271,130,141
113900176,286,780,-494
113900177,446,265,181
113900178,340,166,174
113900179,13,892,-879
113900180,208,134,74
113900181,810,100,710
113900182,661,1161,-500
113900183,92,95,-3
113900184,13,727,-714
113900185,360,103,257
113900186,12,56,-44
113900187,39,162,-123
113900188,29,155,-126
113900189,308,92,216
113900190,503,154,349
113900191,108,177,-69
113900192,3449,2365,1084
113900193,33,380,-347
113900194,2960,1356,1604
113900195,496,573,-77
113900196,3,130,-127
113900197,2,404,-402
113900198,17,166,-149
113900199,182,784,-602
113900200,21,255,-234
113900201,0,330,-330
113900202,33,330,-297
113900203,16,180,-164
113900204,56,739,-683
113900205,1,127,-126
113900206,11,132,-121
113900207,0,53,-53
113900208,1,38,-37
113900209,0,56,-56
113900210,946,793,153
113900211,184,86,98
113900212,167,793,-626
113900214,474,438,36
113900215,63,177,-114
113900216,69,1498,-1429
113900217,33,341,-308
113900218,95,91,4
113900219,147,700,-553
113900220,295,169,126
113900221,505,155,350
113900222,1732,707,1025
113900223,126,1347,-1221
113900224,146,81,65
113900225,757,230,527
113900226,410,129,281
113900227,416,252,164
113900228,425,532,-107
113900229,31,960,-929
113900230,5544,3511,2033
113900231,180,276,-96
113900232,66,124,-58
113900233,73,89,-16
113900234,399,778,-379
113900235,80,26,54
113900236,84,460,-376
113900237,197,4,193
113900238,344,609,-265
113900239,230,122,108
113900240,6,137,-131
113900241,123,85,38
113900242,82,192,-110
113900243,125,569,-444
113900244,592,270,322
113900245,1666,314,1352
113900246,22,11,11
113900247,212,411,-199
113900248,4105,2191,1914
113900249,1355,389,966
113900250,60,189,-129
113900251,656,321,335
113900252,553,12,541
113900253,761,26,735
113900254,745,129,616
113900255,336,22,314
113900256,433,54,379
113900257,33,967,-934
113900258,11,764,-753
113900259,437,325,112
113900260,142,16,126
113900261,45,125,-80
113900262,140,952,-812
113900263,223,833,-610
113900264,10,729,-719
113900265,203,363,-160
113900266,24,306,-282
113900267,208,617,-409
113900268,309,440,-131
113900269,86,185,-99
113900270,455,550,-95
113900271,707,1535,-828
113900273,148,5,143
113900274,94,26,68
113900275,36,64,-28
113900276,0,316,-316
113900277,169,5,164
113900278,301,227,74
113900279,92,147,-55
113900280,1478,626,852
113900281,512,1230,-718
113900282,821,492,329
113900283,430,559,-129
113900284,824,229,595
113900285,70,12,58
113900286,8,137,-129
113900287,43,38,5
113900288,0,113,-113
113900289,1757,142,1615
113900290,593,159,434
113900291,120,216,-96
113900292,8,11,-3
113900293,120,380,-260
113900294,530,26,504
113900295,439,455,-16
113900296,2003,193,1810
113900297,1518,53,1465
113900298,14,2044,-2030
113900299,44,303,-259
113900300,4299,1795,2504
113900301,1398,421,977
113900302,3331,1218,2113
113900303,637,295,342
113900304,0,184,-184
113900305,74,0,74
113900306,25,1,24
113900307,119,0,119
113900308,71,155,-84
113900309,3,1053,-1050
113900310,1,38,-37
113900311,1,3,-2
113900312,172,170,2
113900313,19,11,8
113900314,2,53,-51
113900315,56,4,52
114000001,1159,4900,-3741
114000002,264,766,-502
114000003,230,1527,-1297
114000004,352,451,-99
114000005,219,382,-163
114000006,2934,2581,353
114000007,853,1984,-1131
114000008,2044,1784,260
114000009,690,339,351
114000011,2939,5063,-2124
114000012,2537,4230,-1693
114000013,1900,3219,-1319
114000014,660,775,-115
114000015,1556,736,820
114000016,254,535,-281
114000017,212,301,-89
114000018,681,70,611
114000026,1400,2388,-988
114000027,2732,2848,-116
114000028,2804,3421,-617
114000038,231,181,50
114000039,172,369,-197
114000040,106,208,-102
114000042,329,268,61
114000043,387,347,40
114000044,283,289,-6
114000045,71,114,-43
114000046,3688,6357,-2669
114000047,52,88,-36
114000048,329,254,75
114000049,2193,2152,41
114000050,1948,2620,-672
114000051,3706,2342,1364
114000052,3905,1593,2312
114000053,76,739,-663
114000054,136,1913,-1777
114000055,331,38,293
114000056,1337,810,527
114000057,14620,2989,11631
114000058,677,1490,-813
114000059,316,396,-80
114000060,1331,1128,203
114000061,5565,2448,3117
114000062,3080,1397,1683
114000063,3705,2091,1614
114000064,7561,4055,3506
114000065,2232,3154,-922
114000066,604,905,-301
114000067,26,692,-666
114000068,499,712,-213
114000069,1372,612,760
114000070,2988,2109,879
114000071,737,638,99
114000072,368,807,-439
114000073,26,150,-124
114000074,56,16,40
114000075,62,261,-199
114000076,20,228,-208
114000077,5,95,-90
114000078,269,949,-680
114000079,102,24,78
114000080,111,179,-68
114000081,97,80,17
114000082,69,872,-803
114000083,70,335,-265
114000084,319,110,209
114000085,99,1082,-983
114000086,261,756,-495
114000087,50,261,-211
114000088,47,90,-43
114000089,2574,652,1922
114000090,891,858,33
114000091,2787,977,1810
114000092,1475,585,890
114000093,1150,949,201
114000094,561,619,-58
114000095,289,145,144
114000096,170,572,-402
114000097,274,968,-694
114000098,525,138,387
114000099,422,1303,-881
114000100,1221,1178,43
114000101,420,1133,-713
114000102,411,484,-73
114000103,135,714,-579
114000104,2,613,-611
114000105,136,88,48
114000106,1978,906,1072
114000107,216,146,70
114000108,6155,1623,4532
114000109,456,1512,-1056
114000110,783,2613,-1830
114000111,1419,824,595
114000112,489,4122,-3633
114000113,1309,493,816
114000114,1229,2906,-1677
114000115,2570,1055,1515
114000116,632,1598,-966
114000117,2471,534,1937
114000118,2174,513,1661
114000119,1681,455,1226
114000120,772,1251,-479
114000121,684,840,-156
114000122,485,374,111
114000123,1572,377,1195
114000124,1718,447,1271
114000125,943,2485,-1542
114000126,1563,293,1270
114000127,200,212,-12
114000128,1009,708,301
114000130,616,807,-191
114000131,267,64,203
114000132,655,1063,-408
114000133,1058,1848,-790
114000134,43,191,-148
114000138,45,214,-169
114000139,511,267,244
114000144,679,518,161
114000145,97,211,-114
114000146,113,413,-300
114000147,1231,1860,-629
114000148,2996,2341,655
114000149,395,273,122
114000150,2838,1743,1095
114000151,3937,1743,2194
114000152,235,27,208
114000153,2016,2722,-706
114000154,1390,1363,27
114000155,1417,2736,-1319
114000156,1682,644,1038
114000157,407,1492,-1085
114000158,3095,943,2152
114000159,245,545,-300
114000160,102,272,-170
114000161,2711,2456,255
114000162,1118,2119,-1001
114000163,10,161,-151
114000165,684,289,395
114000166,1125,421,704
114000167,7386,1490,5896
114000168,876,470,406
114000169,3003,1090,1913
114000170,1601,1212,389
114000171,908,3292,-2384
114000174,317,523,-206
114000176,1298,704,594
114000177,3453,880,2573
114000178,44,87,-43
114000179,1821,1315,506
114000180,1149,1004,145
114000181,1946,3654,-1708
114000182,8898,2792,6106
114000183,1239,1295,-56
114000184,10115,1691,8424
114000185,1234,1231,3
114000189,709,107,602
114000190,2044,276,1768
114000191,31,64,-33
114000192,374,2393,-2019
114000193,933,3383,-2450
114000194,1528,1634,-106
114000195,141,14,127
114000196,0,504,-504
114000197,960,96,864
114000198,1729,508,1221
114000199,3124,1557,1567
114000200,842,3001,-2159
114000201,395,1522,-1127
114000202,1550,986,564
114000203,573,1365,-792
114000204,143,813,-670
114000205,276,2456,-2180
114000206,642,1801,-1159
114000207,944,2825,-1881
114000208,652,4757,-4105
114000209,761,4313,-3552
114000210,394,2353,-1959
114000211,1236,2364,-1128
114000212,1004,1067,-63
114000213,1556,875,681
114000214,163,230,-67
114000215,228,104,124
114000216,1553,660,893
114000217,186,637,-451
114000218,123,419,-296
114000219,1328,316,1012
114000220,22,2265,-2243
114000221,648,238,410
114000222,172,1935,-1763
114000223,430,123,307
114000224,123,1177,-1054
114000225,366,772,-406
114000226,90,321,-231
114000227,931,657,274
114000228,917,1390,-473
114000229,1171,1751,-580
114000230,1935,1863,72
114000231,1032,1636,-604
114000232,580,139,441
114000233,1976,103,1873
114000234,1418,1208,210
114000235,1157,2212,-1055
114000236,1,725,-724
114000237,112,1233,-1121
114000238,175,423,-248
114000239,204,1761,-1557
114000240,702,799,-97
114000241,297,1735,-1438
114000242,1163,1743,-580
114000243,2012,1099,913
114000244,1158,479,679
114000245,501,964,-463
114000246,250,44,206
114000247,1121,909,212
114000248,1149,877,272
114000249,599,706,-107
114000250,485,1478,-993
114000251,288,534,-246
114000252,109,125,-16
114000253,99,459,-360
114000254,18,113,-95
114000255,1217,313,904
114000256,3409,1403,2006
114000257,1135,2448,-1313
114000258,215,489,-274
114000259,75,336,-261
114000260,0,46,-46
114000261,59,45,14
114000262,58,208,-150
114000263,31,4,27
114000264,847,803,44
114000265,0,0,0
114000267,5,2368,-2363
114000268,23,2290,-2267
114000270,214,9,205
114000271,716,107,609
114000283,895,408,487
114000285,49,386,-337
114000288,103,484,-381
114000289,1565,361,1204
114000293,133,713,-580
114000294,172,265,-93
114000395,2224,85,2139
114000396,466,538,-72
114000402,425,530,-105
114000403,333,720,-387
114000405,77,724,-647
114000423,207,622,-415
114000424,214,210,4
114000425,444,641,-197
114000426,346,1115,-769
114000427,70,147,-77
114000428,425,186,239
114000429,12,235,-223
114000432,106,184,-78
114000434,59,143,-84
114000435,1,185,-184
114900001,495,2117,-1622
114900002,526,70,456
114900003,387,3076,-2689
114900004,220,308,-88
114900005,418,1299,-881
114900006,34,35,-1
114900007,143,25,118
114900008,150,152,-2
114900010,3501,2716,785
114900011,162,143,19
114900013,219,140,79
114900018,962,50,912
114900020,252,86,166
114900022,7,954,-947
114900025,351,407,-56
114900026,98,90,8
114900029,181,38,143
114900030,312,406,-94
114900031,351,54,297
114900032,242,28,214
114900034,66,335,-269
114900035,181,370,-189
114900036,408,1138,-730
114900039,520,751,-231
114900040,124,409,-285
114900041,518,721,-203
114900042,699,873,-174
114900044,168,24,144
114900047,233,1652,-1419
114900048,60,674,-614
114900049,69,459,-390
114900050,49,953,-904
114900051,15,552,-537
114900052,61,278,-217
114900053,120,365,-245
114900054,31,108,-77
114900057,191,23,168
114900058,0,118,-118
114900059,57,49,8
114900063,78,308,-230
114900064,953,749,204
114900065,333,828,-495
114900067,43,422,-379
114900068,96,503,-407
114900069,258,250,8
114900070,556,904,-348
114900072,4,338,-334
114900073,1,275,-274
114900074,392,1311,-919
114900075,124,2,122
114900076,4,401,-397
114900080,4521,566,3955
114900082,5338,2112,3226
114900083,1486,1170,316
114900090,279,342,-63
114900091,199,244,-45
114900097,98,3,95
114900098,10,389,-379
114900099,210,4,206
115000001,12287,8088,4199
115000002,5092,4792,300
115000003,6721,5891,830
115000004,4656,7172,-2516
115000005,2710,4127,-1417
115000006,1321,2532,-1211
115000007,213,354,-141
115000008,838,670,168
115000009,322,692,-370
115000010,594,213,381
115000013,170,307,-137
115000015,104,697,-593
115000016,79,185,-106
115000019,30,622,-592
115000020,302,485,-183
115000021,282,638,-356
115000022,518,422,96
115000023,340,600,-260
115000024,1486,616,870
115000025,974,660,314
115000026,144,485,-341
115000027,229,281,-52
115000028,178,936,-758
115000029,642,150,492
115000030,577,1157,-580
115000031,1188,228,960
115000032,28,400,-372
115000033,314,34,280
115000034,172,1176,-1004
115000035,1045,54,991
115000036,1,421,-420
115000037,500,17,483
115000038,43,282,-239
115000039,4502,3327,1175
115000040,8638,4291,4347
115000041,1680,3141,-1461
115000042,1198,930,268
115000043,4067,2872,1195
115000044,4055,5751,-1696
115000045,3546,3273,273
115000046,2093,3853,-1760
115000047,1720,2804,-1084
115000048,1542,3900,-2358
115000049,1667,4566,-2899
115000050,3765,2824,941
115000051,2717,3379,-662
115000052,5093,2754,2339
115000053,1553,2144,-591
115000054,871,2010,-1139
115000055,238,709,-471
115000056,271,361,-90
115000057,737,666,71
115000058,232,185,47
115000059,138,130,8
115000061,320,139,181
115000062,353,451,-98
115000063,270,464,-194
115000064,239,154,85
115000065,184,522,-338
115000067,308,77,231
115000069,80,483,-403
115000070,41,1077,-1036
115000071,145,13,132
115000072,21,97,-76
115000073,2068,81,1987
115000075,139,88,51
115000076,6454,4506,1948
115000077,2001,4466,-2465
115000078,1056,2605,-1549
115000079,1297,3271,-1974
115000080,2407,4049,-1642
115000081,493,1185,-692
115000082,3758,4408,-650
115000083,2046,3669,-1623
115000084,1737,1873,-136
115000085,758,1284,-526
115000086,897,1362,-465
115000087,563,1864,-1301
115000088,2089,963,1126
115000089,1922,1669,253
115000090,806,1232,-426
115000091,535,1518,-983
115000092,367,472,-105
115000093,571,0,571
115000094,12576,6279,6297
115000095,9017,5573,3444
115000096,805,3146,-2341
115000097,751,1126,-375
115000098,983,1115,-132
115000099,2259,5075,-2816
115000100,972,846,126
115000101,570,2147,-1577
115000102,564,308,256
115000103,441,972,-531
115000105,47,250,-203
115000106,486,408,78
115000107,139,985,-846
115000108,5789,3416,2373
115000109,7645,4026,3619
115000110,1393,1100,293
115000111,692,2308,-1616
115000112,618,676,-58
115000113,586,1007,-421
115000114,1748,985,763
115000116,4524,2068,2456
115000117,4546,2942,1604
115000118,2054,2098,-44
115000119,2281,2511,-230
115000120,659,1185,-526
115000121,1863,1127,736
115000122,3904,2656,1248
115000123,1992,2064,-72
115000124,1401,1281,120
115000125,790,779,11
115000126,188,321,-133
115000127,607,180,427
115000128,1468,1011,457
115000129,599,416,183
115000130,446,1371,-925
115000131,857,415,442
115000132,148,735,-587
115000133,661,571,90
115000134,319,293,26
115000135,355,413,-58
115000136,356,302,54
115000137,278,238,40
115000138,235,420,-185
115000139,375,291,84
115000140,226,344,-118
115000141,196,368,-172
115000142,170,380,-210
115000143,539,830,-291
115000144,517,160,357
115000145,377,518,-141
115000146,645,327,318
115000147,1033,567,466
115000148,416,2020,-1604
115000149,988,321,667
115000150,776,1847,-1071
115000151,909,712,197
115000152,717,2476,-1759
115000153,1731,650,1081
115000154,872,465,407
115000155,895,1723,-828
115000156,2314,751,1563
115000157,1408,1275,133
115000158,845,437,408
115000159,1539,497,1042
115000160,744,293,451
115000161,225,673,-448
115000162,961,894,67
115000163,840,759,81
115000164,895,678,217
115000165,515,562,-47
115000167,348,125,223
115000168,1388,385,1003
115000169,1398,389,1009
115000170,403,165,238
115000171,786,270,516
115000172,2457,772,1685
115000173,603,528,75
115000174,229,347,-118
115000175,352,111,241
115000176,197,55,142
115000177,165,61,104
115000178,36,373,-337
115000179,51,13,38
115000180,88,973,-885
115000181,661,193,468
115000182,700,591,109
115000183,223,1525,-1302
115000186,689,338,351
115000187,160,1128,-968
115000188,536,866,-330
115000189,325,594,-269
115000190,1057,769,288
115000191,282,570,-288
115000194,212,168,44
115000195,370,446,-76
115000196,126,218,-92
115000197,232,502,-270
115000198,188,349,-161
115000199,247,328,-81
115000200,300,176,124
115000201,313,531,-218
115000206,380,97,283
115000207,107,406,-299
115000208,684,901,-217
115000209,706,347,359
115000210,97,170,-73
115000211,294,306,-12
115000212,3068,233,2835
115000224,407,63,344
115000225,45,79,-34
115000229,276,231,45
115000230,97,587,-490
115000231,346,3271,-2925
115000232,1700,419,1281
115000233,350,240,110
115000234,45,344,-299
115000241,51,364,-313
115000242,75,432,-357
115000243,68,302,-234
115000244,4,131,-127
115000246,95,18,77
115000247,35,15,20
115000248,36,25,11
115000249,34,37,-3
115000250,696,94,602
115000251,239,174,65
115000252,80,266,-186
115000253,20,519,-499
115000258,260,356,-96
115000259,355,193,162
115000261,18,76,-58
115000262,8,52,-44
115000263,9,102,-93
115000264,9,106,-97
115000267,100,109,-9
115000268,33,214,-181
115000269,124,108,16
115000270,7,37,-30
115000272,60,235,-175
115000273,325,29,296
115000280,2911,175,2736
115000281,671,583,88
115000282,1150,406,744
115000284,404,167,237
115000296,1022,10,1012
115000297,452,115,337
115000298,208,362,-154
115000300,231,223,8
115000302,484,245,239
115000303,599,190,409
115000304,753,119,634
115000305,117,1397,-1280
115000306,162,854,-692
115000307,66,323,-257
115000308,100,21,79
115000310,937,1308,-371
115000311,693,2225,-1532
115000313,190,1036,-846
115000314,459,197,262
115000315,1754,701,1053
115000316,65,100,-35
115000317,194,753,-559
115000318,944,478,466
115000319,81,508,-427
115000320,30,315,-285
115000321,667,5,662
115000322,79,317,-238
115000449,228,256,-28
115000557,294,1199,-905
115000558,668,82,586
115000587,906,569,337
115000588,3878,5135,-1257
115000589,4680,3977,703
115000590,1457,2242,-785
115000591,1889,1255,634
115000592,1091,2502,-1411
115000593,1978,958,1020
115000594,1030,3032,-2002
115000609,217,324,-107
115000617,2223,3574,-1351
115000624,169,119,50
115000633,395,2770,-2375
115000634,3600,1003,2597
115000635,588,218,370
115000638,1827,1023,804
115000641,120,175,-55
115000642,457,388,69
115000643,106,858,-752
115000644,177,554,-377
115000646,941,1468,-527
115000647,195,615,-420
115000648,1440,2555,-1115
115000893,5281,2324,2957
115000894,153,1670,-1517
115000895,782,1267,-485
115000896,3152,485,2667
115000897,627,216,411
115000898,971,308,663
115000899,1460,2186,-726
115000900,180,805,-625
115000901,146,201,-55
115000912,417,174,243
115000913,1,40,-39
115000915,50,0,50
115000916,32,0,32
115000917,0,11,-11
115000918,100,310,-210
115000919,43,7,36
115000920,188,78,110
115000921,1402,280,1122
115000922,3537,1153,2384
115000923,1162,1448,-286
115000925,88,105,-17
115000927,66,37,29
115000933,1247,260,987
115000934,105,176,-71
115000935,79,139,-60
115000936,163,763,-600
115000937,2178,341,1837
115000938,371,285,86
115000939,475,308,167
115000940,53,22,31
115000941,4,29,-25
115000942,294,135,159
115000943,240,13,227
115000944,34,17,17
115900001,53,90,-37
115900002,79,211,-132
115900003,154,187,-33
115900004,0,76,-76
115900005,175,5,170
115900006,141,648,-507
115900008,53,9,44
115900009,66,420,-354
115900010,225,212,13
115900011,383,362,21
115900012,79,147,-68
115900013,321,240,81
115900014,128,190,-62
115900015,55,156,-101
115900016,78,70,8
115900017,6,2,4
115900018,179,113,66
115900019,418,35,383
115900020,33,0,33
115900021,2114,161,1953
115900022,3621,15,3606
115900023,27,1,26
115900025,30,198,-168
115900026,963,395,568
115900027,0,385,-385
115900028,608,84,524
115900029,8,597,-589
115900030,25,38,-13
115900031,589,221,368
115900032,398,976,-578
115900033,1,38,-37
115900034,24,632,-608
115900035,126,27,99
115900036,590,660,-70
115900037,54,594,-540
115900038,106,5,101
115900039,163,542,-379
115900041,592,547,45
115900042,26,1,25
115900043,90,163,-73
115900044,402,253,149
115900046,176,376,-200
115900047,123,72,51
115900049,185,376,-191
115900051,0,135,-135
115900052,8,356,-348
115900053,142,367,-225
115900054,149,114,35
115900055,11,186,-175
115900056,137,441,-304
115900057,72,13,59
115900058,25,75,-50
115900060,53,154,-101
115900061,226,1,225
115900062,34,453,-419
115900063,58,18,40
115900064,141,472,-331
115900065,136,120,16
115900066,242,233,9
115900067,6,1000,-994
115900068,4349,659,3690
115900069,32,275,-243
115900070,217,262,-45
115900071,6,820,-814
115900072,57,227,-170
115900073,50,37,13
115900074,2,543,-541
115900075,21,377,-356
115900076,2,104,-102
115900077,12,429,-417
115900078,34,162,-128
115900079,142,16,126
115900080,621,395,226
115900081,19,81,-62
115900082,153,191,-38
115900084,241,46,195
115900085,121,64,57
115900086,1986,498,1488
115900088,19,56,-37
115900089,187,850,-663
115900090,139,21,118
115900091,14,59,-45
115900092,23,274,-251
115900093,7,41,-34
115900094,5,561,-556
115900096,0,17,-17
115900097,6,606,-600
115900098,125,682,-557
115900099,52,103,-51
115900100,6,701,-695
115900101,139,617,-478
115900102,95,101,-6
115900103,213,361,-148
115900104,39,249,-210
115900105,133,829,-696
115900106,57,33,24
115900107,53,257,-204
115900108,42,55,-13
115900109,27,457,-430
115900110,1,32,-31
115900111,1,84,-83
115900112,40,1179,-1139
115900113,26,17,9
115900114,1,174,-173
115900115,53,159,-106
115900116,87,1171,-1084
115900117,54,25,29
115900118,2,366,-364
115900119,357,75,282
115900120,29,549,-520
115900121,111,341,-230
115900124,191,563,-372
115900125,167,32,135
115900126,495,85,410
115900127,567,46,521
115900128,10,96,-86
115900129,706,27,679
115900130,18,274,-256
115900131,212,26,186
115900132,446,4,442
115900134,261,6,255
115900135,715,809,-94
115900137,25,0,25
115900139,83,55,28
115900140,160,19,141
115900141,23,76,-53
115900142,15,34,-19
115900143,204,461,-257
115900144,79,322,-243
115900146,8,209,-201
115900147,344,226,118
115900148,18,2,16
115900149,38,49,-11
115900150,33,117,-84
115900151,9,98,-89
115900152,88,515,-427
115900153,90,296,-206
115900154,859,318,541
115900155,0,112,-112
115900156,593,674,-81
115900157,136,503,-367
115900158,41,8,33
115900159,76,367,-291
115900160,20,7,13
115900161,36,261,-225
115900163,141,178,-37
115900164,401,1,400
115900166,175,331,-156
115900168,112,152,-40
115900171,181,571,-390
115900172,61,154,-93
115900173,229,158,71
115900174,554,240,314
115900175,83,241,-158
115900178,3,1037,-1034
115900179,140,22,118
115900180,20,483,-463
115900181,115,369,-254
115900182,291,434,-143
115900183,127,56,71
115900184,1804,18,1786
115900187,14,171,-157
115900189,0,158,-158
115900190,568,1214,-646
115900191,57,565,-508
115900192,10,86,-76
115900193,83,101,-18
115900194,439,51,388
115900195,528,1400,-872
115900198,215,446,-231
115900199,113,349,-236
115900200,255,410,-155
115900201,320,216,104
115900202,0,27,-27
115900203,0,9,-9
115900204,0,3,-3
115900205,101,4,97
115900206,133,169,-36
115900207,20,29,-9
115900208,133,425,-292
115900209,1,180,-179
115900210,2,133,-131
115900211,1,299,-298
115900212,93,284,-191
115900213,172,55,117
115900214,271,325,-54
115900215,37,70,-33
115900216,8,79,-71
115900217,2,85,-83
115900218,4,50,-46
115900219,69,2,67
115900220,100,27,73
115900221,40,22,18
115900222,27,27,0
115900223,6,209,-203
115900224,2580,657,1923
115900225,73,28,45
115900226,27,67,-40
115900227,3,47,-44
115900228,9,69,-60
115900229,13,91,-78
115900230,35,153,-118
115900231,138,2,136
115900232,63,3,60
115900233,77,4,73
115900234,86,33,53
115900235,72,34,38
115900236,20,11,9
115900237,10,16,-6
115900238,23,19,4
115900239,9,41,-32
115900240,8,72,-64
115900241,149,96,53
115900242,557,528,29
115900243,9,10,-1
115900244,4,8,-4
115900245,28,8,20
115900246,13,2,11
115900247,22,5,17
115900248,4,3,1
115900249,5,13,-8
115900250,2,18,-16
115900251,1,13,-12
115900252,5,5,0
115900253,7,11,-4
115900254,37,12,25
115900255,4,34,-30
115900256,36,79,-43
115900257,3,3,0
115900258,0,0,0
115900259,4,2,2
115900260,18,2,16
115900261,7,1,6
115900262,2,2,0
115900263,17,3,14
115900264,8,13,-5
115900265,2,3,-1
115900266,3,12,-9
115900267,1,9,-8
115900268,6,12,-6
115900269,333,593,-260
115900270,225,1139,-914
115900271,65,0,65
115900272,22,0,22
115900273,11,18,-7
115900274,4,13,-9
115900275,2,29,-27
115900276,0,60,-60
115900277,1,213,-212
115900278,15,167,-152
115900279,18,189,-171
115900280,33,216,-183
115900281,1037,237,800
115900282,40,14,26
115900283,9,15,-6
115900284,17,14,3
116000001,17197,9575,7622
116000002,4707,11935,-7228
116000003,1742,3052,-1310
116000004,3654,3730,-76
116000005,6826,5129,1697
116000006,5716,1742,3974
116000007,4525,5863,-1338
116000008,4220,2360,1860
116000009,2317,3382,-1065
116000010,2003,1283,720
116000011,1269,2920,-1651
116000012,939,1022,-83
116000013,20182,4794,15388
116000014,27414,17067,10347
116000015,556,1763,-1207
116000016,10120,4865,5255
116000017,37,1066,-1029
116000018,716,724,-8
116000019,1155,466,689
116000020,634,1567,-933
116000021,738,439,299
116000022,399,814,-415
116000023,1596,1084,512
116000024,754,1610,-856
116000025,1692,779,913
116000026,2193,2754,-561
116000027,871,702,169
116000028,554,957,-403
116000029,1179,753,426
116000030,801,555,246
116000031,119,230,-111
116000032,621,289,332
116000033,443,691,-248
116000034,1173,1484,-311
116000035,761,884,-123
116000036,2785,737,2048
116000037,1098,943,155
116000038,1127,481,646
116000039,944,295,649
116000040,2826,287,2539
116000041,328,474,-146
116000042,802,223,579
116000043,75,632,-557
116000044,35,196,-161
116000045,2743,1457,1286
116000046,1836,1709,127
116000047,3233,3584,-351
116000048,3383,2093,1290
116000049,1236,2578,-1342
116000050,1558,2157,-599
116000051,5333,2466,2867
116000052,5275,5088,187
116000053,1973,1605,368
116000054,1046,2872,-1826
116000055,543,1704,-1161
116000056,826,1799,-973
116000057,4939,2755,2184
116000058,4331,2797,1534
116000059,3364,8202,-4838
116000060,2697,1060,1637
116000061,1502,1844,-342
116000062,1737,230,1507
116000063,1378,1831,-453
116000066,311,818,-507
116000067,270,1006,-736
116000068,500,489,11
116000069,350,609,-259
116000078,437,1312,-875
116000080,1824,1376,448
116000082,12,117,-105
116000083,1477,646,831
116000084,2804,5533,-2729
116000085,2183,1802,381
116000086,3599,2114,1485
116000087,1612,1881,-269
116000088,996,1607,-611
116000089,222,209,13
116000090,238,242,-4
116000091,237,281,-44
116000093,912,1055,-143
116000094,723,928,-205
116000095,811,1270,-459
116000096,1016,1889,-873
116000097,810,1456,-646
116000098,612,7230,-6618
116000099,16879,601,16278
116000100,226,20,206
116000101,561,2258,-1697
116000102,343,2436,-2093
116000103,481,363,118
116000104,170,2756,-2586
116000105,1165,274,891
116000106,654,2190,-1536
116000107,2175,664,1511
116000108,882,217,665
116000111,189,30,159
116000113,53,91,-38
116000114,28,156,-128
116000115,142,108,34
116000116,194,573,-379
116000117,1599,2826,-1227
116000118,1271,1779,-508
116000119,2091,3080,-989
116000120,3032,5581,-2549
116000121,768,705,63
116000122,1839,2534,-695
116000123,728,656,72
116000124,350,1165,-815
116000125,2127,873,1254
116000126,316,1832,-1516
116000127,1263,2059,-796
116000128,1425,1092,333
116000129,866,225,641
116000130,503,359,144
116000133,626,1790,-1164
116000134,1919,3504,-1585
116000135,1987,1865,122
116000136,1455,3113,-1658
116000137,974,944,30
116000138,809,540,269
116000139,1941,2273,-332
116000140,265,378,-113
116000141,422,1276,-854
116000142,5520,5034,486
116000143,2632,2469,163
116000144,1527,3845,-2318
116000145,1567,2048,-481
116000146,379,477,-98
116000147,756,179,577
116000148,652,521,131
116000149,663,773,-110
116000151,937,1061,-124
116000153,102,1028,-926
116000155,442,355,87
116000156,994,1461,-467
116000157,70,28,42
116000158,508,458,50
116000159,20,5,15
116000160,6,116,-110
116000161,8,162,-154
116000162,83,114,-31
116000163,15,5,10
116000164,5,30,-25
116000177,717,178,539
116000194,128,444,-316
116000195,3062,978,2084
116000196,16,7,9
116000197,3,39,-36
116000198,5579,1815,3764
116000200,1044,537,507
116000201,820,997,-177
116000202,16,495,-479
116000203,8,141,-133
116000204,12,84,-72
116000205,0,200,-200
116000206,1,127,-126
116000207,8,59,-51
116000233,189,860,-671
116000287,168,760,-592
116000288,154,436,-282
116000292,54,166,-112
116000296,13,361,-348
116000297,79,28,51
116000304,75,32,43
116000305,29,105,-76
116000346,237,215,22
116000352,222,36,186
116000354,209,19,190
116000357,8,33,-25
116000358,228,31,197
116000361,1157,2,1155
116000372,17548,5121,12427
116000381,67,0,67
116000388,1,54,-53
116000389,883,745,138
116000445,318,891,-573
116000446,384,1768,-1384
116000447,17,605,-588
116000448,894,595,299
116000563,1256,1100,156
116000565,106,455,-349
116000568,55,174,-119
116000579,45,149,-104
116000583,153,145,8
116000584,60,2,58
116000585,7,19,-12
116000586,267,144,123
116000587,527,642,-115
116000589,54,98,-44
116000590,76,86,-10
116000591,99,416,-317
116000592,12,163,-151
116000593,0,74,-74
116000594,427,654,-227
116000595,871,234,637
116000596,74,7,67
116000597,224,62,162
116000598,6,276,-270
116000605,439,225,214
116000606,74,245,-171
116000607,9,67,-58
116000609,264,1049,-785
116000611,147,719,-572
116000612,837,2576,-1739
116000613,458,565,-107
116000614,703,1054,-351
116000615,3,300,-297
116000616,78,203,-125
116000617,95,112,-17
116000618,3,239,-236
116000619,17,54,-37
116000620,92,673,-581
116000621,45,162,-117
116000622,32,230,-198
116000624,160,92,68
116000627,64,179,-115
116000628,53,906,-853
116000629,45,636,-591
116000630,211,71,140
116000631,59,94,-35
116000632,459,236,223
116000633,119,620,-501
116000634,337,260,77
116000635,6071,1788,4283
116000636,4715,1629,3086
116000637,316,104,212
116000638,65,782,-717
116000639,124,6,118
116000640,16,9,7
116000641,68,204,-136
116000643,3,194,-191
116000644,25,1082,-1057
116000645,55,33,22
116900001,240,211,29
116900002,287,9,278
116900003,11,121,-110
116900004,60,45,15
116900005,147,52,95
116900006,285,178,107
116900007,144,305,-161
116900008,257,530,-273
116900009,16,5,11
116900010,651,3162,-2511
116900011,11,92,-81
116900012,144,277,-133
116900013,6,190,-184
116900014,72,409,-337
116900015,231,82,149
116900016,172,2,170
116900017,2,1183,-1181
116900018,44,70,-26
116900019,22,552,-530
116900020,2474,668,1806
116900023,141,13,128
116900024,423,98,325
116900025,782,1322,-540
116900026,162,1036,-874
116900027,30,104,-74
116900028,8,215,-207
116900029,1,66,-65
116900031,0,6,-6
116900032,8,725,-717
116900033,11,29,-18
116900034,5,122,-117
116900035,158,419,-261
116900036,6,141,-135
116900038,56,6,50
116900041,41,17,24
116900042,1135,286,849
116900043,13,124,-111
116900047,156,108,48
116900049,48,485,-437
116900050,105,865,-760
116900051,100,361,-261
116900052,462,81,381
116900055,0,4,-4
116900057,18,437,-419
116900058,28,775,-747
116900059,3,251,-248
116900060,361,278,83
116900062,5,10,-5
116900064,74,1456,-1382
116900065,9,324,-315
116900067,62,219,-157
116900068,118,381,-263
116900070,1,7,-6
116900072,16,675,-659
116900073,21,384,-363
116900074,17,94,-77
116900076,6,56,-50
116900077,7,367,-360
116900078,317,155,162
116900079,32,739,-707
116900080,1,14,-13
116900081,339,2438,-2099
116900082,282,1078,-796
116900083,61,96,-35
116900084,537,82,455
116900085,17,179,-162
116900086,55,319,-264
116900088,506,93,413
116900090,148,88,60
116900091,128,155,-27
116900092,57,1250,-1193
116900093,1593,3140,-1547
116900094,7037,5147,1890
116900095,755,289,466
116900096,149,283,-134
116900097,7706,2480,5226
116900098,1166,275,891
116900099,698,856,-158
116900100,729,39,690
116900101,279,847,-568
116900103,7,0,7
116900104,42,140,-98
116900105,361,68,293
116900106,537,0,537
116900107,6666,2350,4316
116900110,7,1,6
116900111,364,1630,-1266
116900112,131,1689,-1558
116900113,4860,1447,3413
116900116,232,438,-206
116900117,40,127,-87
116900118,1388,1111,277
116900120,199,165,34
116900121,66,47,19
116900122,514,1095,-581
116900123,143,1201,-1058
116900124,130,1761,-1631
116900125,278,498,-220
116900126,382,800,-418
116900128,0,34,-34
116900129,3,404,-401
116900130,1373,3751,-2378
116900131,82,186,-104
116900132,38,73,-35
116900133,87,81,6
116900134,321,200,121
116900136,246,244,2
116900137,610,260,350
116900138,168,302,-134
116900139,87,581,-494
116900140,118,187,-69
116900141,583,298,285
116900142,2,48,-46
116900143,245,464,-219
116900144,19,70,-51
116900145,173,334,-161
116900147,1281,366,915
116900148,3,32,-29
116900149,32,220,-188
116900150,4,7,-3
116900151,48,19,29
116900153,91,82,9
116900154,737,380,357
116900155,68,45,23
116900157,358,461,-103
116900158,544,184,360
116900159,94,452,-358
116900160,1369,366,1003
116900161,14435,6802,7633
116900162,17,252,-235
116900163,125,239,-114
116900164,117,51,66
116900165,344,150,194
116900166,8,156,-148
116900167,398,112,286
116900168,379,79,300
116900169,1465,383,1082
116900170,227,408,-181
116900171,29,301,-272
116900172,405,165,240
116900173,175,96,79
116900174,20,52,-32
116900175,561,165,396
116900178,21,244,-223
116900179,124,221,-97
116900180,176,36,140
116900182,314,318,-4
116900183,119,89,30
116900185,29,27,2
116900186,76,423,-347
116900187,23,35,-12
116900188,146,20,126
116900189,25,1,24
116900191,353,591,-238
116900192,179,255,-76
116900194,126,881,-755
116900195,29,10,19
116900196,4,157,-153
116900197,74,4,70
116900198,289,187,102
116900200,35,41,-6
116900201,83,2,81
116900202,116,82,34
116900203,81,3,78
116900204,36,95,-59
116900206,7,40,-33
116900207,39,57,-18
116900208,8,195,-187
116900209,40,193,-153
116900210,390,293,97
116900211,237,6,231
116900212,41,175,-134
116900213,150,351,-201
116900214,154,144,10
116900215,17,125,-108
116900216,558,245,313
116900218,9,436,-427
116900219,941,441,500
116900220,68,275,-207
116900221,58,403,-345
116900222,392,419,-27
116900223,83,275,-192
116900226,45,125,-80
116900227,145,102,43
116900228,360,397,-37
116900230,61,658,-597
116900231,29,708,-679
116900232,10,928,-918
116900233,249,131,118
116900234,1,5,-4
116900235,388,546,-158
116900238,1902,650,1252
116900239,17,927,-910
116900240,11211,4346,6865
116900241,45,228,-183
116900242,2188,685,1503
116900243,1,71,-70
116900245,33,15,18
116900246,109,32,77
116900247,458,19,439
116900248,84,39,45
116900249,226,106,120
116900250,283,64,219
116900251,691,492,199
116900252,57,1674,-1617
116900254,20,118,-98
116900255,74,67,7
116900256,202,176,26
116900257,39,883,-844
116900258,1,484,-483
116900259,113,2,111
116900260,2,243,-241
116900261,32,0,32
116900262,108,188,-80
116900263,1,24,-23
116900264,54,34,20
116900265,26,0,26
116900266,4,118,-114
116900267,2,3,-1
116900268,205,5,200
116900269,616,868,-252
116900271,1086,105,981
116900272,793,846,-53
116900273,1033,77,956
116900274,187,118,69
116900275,79,214,-135
116900276,844,104,740
116900277,886,31,855
116900278,7,21,-14
116900279,0,24,-24
116900280,23,57,-34
116900281,12252,3921,8331
116900282,4,187,-183
116900283,12,256,-244
116900284,10,365,-355
116900285,564,759,-195
116900286,233,13,220
116900287,2,128,-126
116900288,29,205,-176
116900289,15,28,-13
116900290,3,73,-70
116900291,10,7,3
116900292,0,4,-4
116900293,12,64,-52
116900294,55,187,-132
116900295,703,34,669
116900296,151,72,79
116900297,10,88,-78
116900298,174,43,131
116900299,104,52,52
116900300,6,95,-89
116900301,96,132,-36
116900302,128,47,81
116900303,1051,153,898
116900304,0,121,-121
116900305,81,195,-114
116900306,104,344,-240
116900307,53,0,53
116900308,3,340,-337
116900309,64,174,-110
116900310,13,77,-64
117000001,2251,2517,-266
117000002,5083,7213,-2130
117000003,12148,3932,8216
117000004,6439,9477,-3038
117000005,3411,2505,906
117000006,2076,8334,-6258
117000007,4554,2087,2467
117000008,1948,8763,-6815
117000009,5781,2491,3290
117000010,3774,7788,-4014
117000011,2270,2885,-615
117000012,1790,3100,-1310
117000013,2765,2033,732
117000014,2421,4015,-1594
117000015,5887,1898,3989
117000016,1902,75,1827
117000017,1619,221,1398
117000018,380,507,-127
117000019,795,12,783
117000020,763,1754,-991
117000021,4078,1311,2767
117000022,1331,58,1273
117000023,2031,279,1752
117000024,1378,97,1281
117000025,3655,383,3272
117000026,10930,1032,9898
117000027,4016,2594,1422
117000028,6311,1609,4702
117000030,1452,940,512
117000031,576,310,266
117000032,4475,1864,2611
117000033,1713,1692,21
117000034,725,717,8
117000035,379,461,-82
117000036,927,759,168
117000037,434,398,36
117000038,511,1027,-516
117000039,540,460,80
117000040,184,1292,-1108
117000041,711,220,491
117000044,75,1861,-1786
117000045,894,83,811
117000046,790,1124,-334
117000047,1271,930,341
117000048,3366,2565,801
117000049,119,815,-696
117000050,112,2538,-2426
117000051,1588,131,1457
117000052,46,935,-889
117000053,901,136,765
117000054,1653,8,1645
117000055,178,5319,-5141
117000056,525,28,497
117000057,859,3316,-2457
117000060,406,2615,-2209
117000061,2656,1726,930
117000062,300,665,-365
117000063,2666,1195,1471
117000064,1333,1675,-342
117000066,1219,1006,213
117000067,305,383,-78
117000074,167,448,-281
117000076,114,81,33
117000077,164,131,33
117000078,167,850,-683
117000079,430,316,114
117000080,15,500,-485
117000081,1776,156,1620
117000082,62,213,-151
117000083,647,325,322
117000084,692,5,687
117000085,292,665,-373
117000086,1399,1009,390
117000087,80,782,-702
117000088,357,430,-73
117000089,1525,484,1041
117000090,314,2342,-2028
117000091,649,433,216
117000092,471,2487,-2016
117000093,1159,976,183
117000094,1185,3891,-2706
117000095,3150,1238,1912
117000096,693,4002,-3309
117000097,1139,1766,-627
117000098,3240,7534,-4294
117000099,2726,1334,1392
117000100,193,239,-46
117000101,317,1993,-1676
117000102,1324,834,490
117000103,1204,2793,-1589
117000104,1218,873,345
117000105,1021,2418,-1397
117000106,1168,1288,-120
117000107,562,2156,-1594
117000108,1296,1375,-79
117000109,3644,4094,-450
117000110,1335,1037,298
117000111,4936,8370,-3434
117000112,3335,3110,225
117000113,147,441,-294
117000114,157,247,-90
117000115,85,260,-175
117000116,124,417,-293
117000117,2932,558,2374
117000118,705,243,462
117000119,778,180,598
117000120,852,666,186
117000121,137,1919,-1782
117000122,803,2106,-1303
117000123,4199,33,4166
117000124,1384,67,1317
117000125,1407,118,1289
117000126,190,49,141
117000127,445,472,-27
117000128,601,988,-387
117000129,2739,813,1926
117000130,97,2,95
117000131,0,203,-203
117000132,2588,99,2489
117000133,861,72,789
117000134,3,62,-59
117000135,10,23,-13
117000136,2,27,-25
117000137,103,93,10
117000138,5,721,-716
117000140,727,2769,-2042
117000141,1430,806,624
117000181,1173,399,774
117000182,364,341,23
117000195,245,1575,-1330
117000196,240,70,170
117000225,417,16,401
117000226,31,455,-424
117000276,271,8,263
117000277,4,753,-749
117000310,3518,5036,-1518
117000315,43,2714,-2671
117000320,144,0,144
117000906,251,16,235
117000907,9,691,-682
117000909,187,44,143
117000910,195,175,20
117000911,112,278,-166
117000915,7,1123,-1116
117000916,22,6,16
117000917,757,50,707
117000918,63,118,-55
117000919,9,244,-235
117000920,5,2181,-2176
117000921,10,2499,-2489
117000922,86,270,-184
117000924,1357,1406,-49
117000926,1524,78,1446
117000927,2566,750,1816
117000928,0,301,-301
117000929,193,1538,-1345
117000930,878,526,352
117000931,584,187,397
117900002,401,391,10
117900003,820,571,249
117900005,15,172,-157
117900006,5,28,-23
117900007,189,149,40
117900008,0,72,-72
117900010,689,156,533
117900011,78,23,55
117900012,70,180,-110
117900013,2,514,-512
117900014,2207,337,1870
117900015,32,228,-196
117900016,2901,668,2233
117900017,1844,679,1165
117900018,476,88,388
117900019,427,773,-346
117900020,54,535,-481
117900021,39,99,-60
117900023,865,1087,-222
117900024,91,107,-16
117900025,38,10,28
117900026,371,657,-286
117900028,441,38,403
117900029,233,1874,-1641
117900031,939,148,791
117900032,1491,753,738
117900033,194,1615,-1421
117900034,94,85,9
117900035,308,95,213
117900036,213,954,-741
117900037,89,167,-78
117900038,46,478,-432
117900039,14,94,-80
117900040,115,721,-606
117900041,5,73,-68
117900042,8044,845,7199
117900043,51,68,-17
117900044,130,7173,-7043
117900045,233,191,42
117900048,150,399,-249
117900049,166,1107,-941
117900050,20,97,-77
117900051,146,3,143
117900052,106,457,-351
117900053,1370,856,514
117900054,2,16,-14
117900055,154,665,-511
117900056,475,60,415
117900057,1481,2193,-712
117900058,245,10,235
117900059,1154,81,1073
117900060,1172,8267,-7095
117900061,42,505,-463
117900063,515,383,132
117900065,937,1686,-749
117900066,9,52,-43
117900067,440,375,65
117900069,1239,657,582
117900070,516,11,505
117900071,284,208,76
117900073,528,581,-53
117900074,746,32,714
117900075,160,106,54
117900076,16,85,-69
117900077,235,217,18
117900078,228,824,-596
117900080,592,76,516
117900081,674,689,-15
117900082,357,430,-73
117900083,432,1057,-625
117900086,221,73,148
117900087,91,73,18
117900088,3329,3451,-122
117900089,1777,520,1257
117900090,1184,1186,-2
117900091,331,250,81
117900092,83,43,40
117900093,40,109,-69
117900094,28,12,16
117900095,1152,1419,-267
117900096,71,336,-265
117900097,191,143,48
117900098,17,6,11
117900099,286,573,-287
117900100,150,0,150
117900101,810,1706,-896
117900102,33,73,-40
117900103,29,3,26
117900104,48,188,-140
117900105,122,406,-284
117900106,71,69,2
117900107,22,0,22
117900109,413,381,32
117900110,41,0,41
117900111,322,8,314
117900112,41,17,24
117900113,10368,3003,7365
117900114,17,0,17
117900115,329,83,246
117900116,1337,1615,-278
117900117,354,486,-132
117900118,58,0,58
117900119,100,303,-203
117900120,84,285,-201
117900121,99,44,55
117900122,1906,3062,-1156
117900123,1113,947,166
117900124,914,935,-21
117900125,1423,1682,-259
117900126,327,1008,-681
117900127,703,1001,-298
117900128,399,1343,-944
117900129,45,0,45
117900130,1083,607,476
117900131,3,160,-157
117900132,11,137,-126
117900133,8,162,-154
117900134,48,213,-165
117900135,17,283,-266
117900136,0,41,-41
117900137,26,430,-404
117900138,0,73,-73
117900139,73,153,-80
117900140,8764,64,8700
117900141,700,357,343
117900142,276,47,229
117900144,174,111,63
117900145,32,33,-1
117900146,946,129,817
117900147,78,77,1
117900148,5120,1541,3579
117900149,46,214,-168
117900150,24,80,-56
117900151,79,152,-73
117900152,257,165,92
117900153,85,93,-8
117900154,823,1223,-400
117900156,1072,1595,-523
117900157,116,627,-511
117900158,154,99,55
117900160,699,470,229
117900161,2968,3785,-817
117900162,445,816,-371
117900163,417,35,382
117900165,0,22,-22
117900166,157,489,-332
117900168,70,263,-193
117900169,0,160,-160
117900170,3,51,-48
117900171,0,27,-27
117900172,14,46,-32
117900173,176,84,92
117900174,54,98,-44
117900175,3,73,-70
117900176,1,97,-96
117900177,13,70,-57
117900178,122,54,68
117900180,362,51,311
117900181,286,328,-42
117900182,3,32,-29
117900183,41,264,-223
117900184,6,80,-74
117900185,27,56,-29
117900186,19,24,-5
117900187,9,12,-3
117900188,296,62,234
117900189,94,18,76
117900190,3,4,-1
117900191,86,0,86
117900192,245,1,244
117900193,0,78,-78
117900194,14,2,12
117900195,17,45,-28
117900196,21,41,-20
117900207,228,119,109
117900208,29,49,-20
117900209,219,337,-118
117900210,156,304,-148
117900211,3,287,-284
117900212,69,184,-115
117900213,30,25,5
117900214,3,72,-69
117900215,58,55,3
117900216,59,43,16
117900217,235,159,76
117900218,375,280,95
117900219,17,136,-119
117900220,252,183,69
117900222,182,392,-210
117900223,264,459,-195
118000001,1196,886,310
118000002,2009,3516,-1507
118000003,9194,3445,5749
118000004,9207,2888,6319
118000005,6364,6877,-513
118000006,8034,13685,-5651
118000007,11946,2748,9198
118000008,10396,4441,5955
118000009,9352,4457,4895
118000010,4279,4848,-569
118000011,1295,3822,-2527
118000012,1944,4116,-2172
118000013,4880,4682,198
118000014,3440,5973,-2533
118000016,259,496,-237
118000017,294,595,-301
118000018,507,547,-40
118000019,3112,1966,1146
118000020,1726,2295,-569
118000021,1746,2960,-1214
118000022,2627,1160,1467
118000023,1987,592,1395
118000024,1862,1370,492
118000027,21531,13778,7753
118000029,1211,1222,-11
118000032,1806,6720,-4914
118000033,3475,5208,-1733
118000034,6507,2810,3697
118000035,2026,3170,-1144
118000036,3739,1698,2041
118000037,1342,1659,-317
118000038,156,182,-26
118000039,190,667,-477
118000040,2340,3239,-899
118000041,3755,2473,1282
118000045,946,73,873
118000046,4546,720,3826
118000047,7149,727,6422
118000048,8865,1540,7325
118000051,4549,752,3797
118000052,3507,558,2949
118000053,1615,689,926
118000054,2939,3415,-476
118000055,2072,5414,-3342
118000056,301,437,-136
118000057,218,1048,-830
118000058,10202,1767,8435
118000059,8768,1045,7723
118000060,2077,1132,945
118000061,1098,1549,-451
118000062,712,681,31
118000063,695,626,69
118000064,1821,1662,159
118000065,7642,3855,3787
118000066,1992,2033,-41
118000067,2072,951,1121
118000068,3764,5667,-1903
118000069,6548,1626,4922
118000070,9456,2463,6993
118000071,4884,11042,-6158
118000072,5410,1171,4239
118000073,5181,523,4658
118000074,870,795,75
118000075,947,328,619
118000076,3550,1935,1615
118000077,2649,1825,824
118000078,4400,2650,1750
118000079,450,518,-68
118000080,2357,1211,1146
118000081,4085,1425,2660
118000082,529,1346,-817
118000083,3277,1897,1380
118000084,4214,2337,1877
118000086,563,769,-206
118000087,9482,3025,6457
118000088,3237,3084,153
118000089,5756,3372,2384
118000090,2840,4560,-1720
118000091,1778,4007,-2229
118000092,1783,701,1082
118000093,140,1075,-935
118000096,875,863,12
118000097,1592,1043,549
118000098,521,273,248
118000099,519,1140,-621
118000101,969,703,266
118000102,570,2265,-1695
118000107,5346,724,4622
118000108,1031,3670,-2639
118000110,3,42,-39
118000111,3,1103,-1100
118000112,612,13,599
118000113,11,1880,-1869
118000114,476,16,460
118000115,29,49,-20
118000116,103,4,99
118000117,2917,1052,1865
118000118,3177,952,2225
118000119,1408,1540,-132
118000120,2719,1527,1192
118000121,174,733,-559
118000122,2360,301,2059
118000123,71,382,-311
118000125,3611,1895,1716
118000126,2315,2208,107
118000127,3999,1006,2993
118000128,2594,1891,703
118000129,2209,561,1648
118000130,4223,6400,-2177
118000131,1356,1577,-221
118000132,2936,2384,552
118000133,3302,883,2419
118000135,1179,492,687
118000136,272,882,-610
118000137,2971,120,2851
118000138,543,1147,-604
118000139,660,186,474
118000140,3155,5855,-2700
118000141,2258,3194,-936
118000142,2015,3047,-1032
118000143,1996,1822,174
118000144,2452,1569,883
118000145,1668,2633,-965
118000146,1254,1800,-546
118000147,1264,2658,-1394
118000148,669,2563,-1894
118000149,1046,1995,-949
118000150,324,597,-273
118000151,320,778,-458
118000153,1187,2080,-893
118000154,1577,3059,-1482
118000155,1076,2207,-1131
118000156,3864,3811,53
118000157,640,570,70
118000158,176,646,-470
118000159,26,137,-111
118000160,489,651,-162
118000161,497,1030,-533
118000162,1304,1583,-279
118000163,874,1234,-360
118000164,4057,2288,1769
118000168,2050,432,1618
118000169,1593,2650,-1057
118000170,5933,9617,-3684
118000171,419,1037,-618
118000172,150,598,-448
118000173,1523,2016,-493
118000175,321,501,-180
118000176,289,579,-290
118000177,224,647,-423
118000178,331,63,268
118000179,2170,1453,717
118000180,1101,1296,-195
118000181,615,210,405
118000182,531,339,192
118000183,805,838,-33
118000184,631,1685,-1054
118000185,1098,1079,19
118000186,727,957,-230
118000187,1282,922,360
118000188,1381,253,1128
118000189,612,1249,-637
118000190,35,12,23
118000191,20,68,-48
118000192,903,454,449
118000193,123,628,-505
118000194,5433,2033,3400
118000195,2108,982,1126
118000196,1329,183,1146
118000197,815,133,682
118000198,1501,724,777
118000199,2567,468,2099
118000200,77,293,-216
118000201,1226,798,428
118000202,107,59,48
118000203,2850,478,2372
118000204,438,410,28
118000205,380,557,-177
118000206,332,273,59
118000207,0,150,-150
118000208,1457,2448,-991
118000209,2184,3432,-1248
118000210,63,53,10
118000211,32,45,-13
118000213,2448,1245,1203
118000214,1113,1260,-147
118000215,439,745,-306
118000216,2028,7662,-5634
118000217,25,197,-172
118000218,68,180,-112
118000219,901,884,17
118000220,4,45,-41
118000221,124,426,-302
118000222,129,13,116
118000223,28,62,-34
118000224,496,116,380
118000225,214,1577,-1363
118000226,2764,193,2571
118000227,1356,510,846
118000228,131,182,-51
118000229,623,90,533
118000230,197,384,-187
118000231,84,328,-244
118000232,770,1524,-754
118000233,897,1190,-293
118000234,323,331,-8
118000236,558,431,127
118000237,67,584,-517
118000238,205,415,-210
118000239,327,487,-160
118000240,717,140,577
118000241,181,500,-319
118000242,382,889,-507
118000243,203,245,-42
118000244,32,230,-198
118000246,66,21,45
118000255,162,464,-302
118000256,172,506,-334
118000259,10,88,-78
118000260,277,179,98
118000261,30,134,-104
118000263,93,268,-175
118000266,150,631,-481
118000267,0,134,-134
118000268,1480,7,1473
118000270,42,33,9
118000271,279,566,-287
118000272,114,42,72
118000273,88,107,-19
118000274,103,437,-334
118000276,351,430,-79
118000295,5,124,-119
118000298,152,659,-507
118000299,86,310,-224
118000301,1,109,-108
118000302,126,151,-25
118000311,309,115,194
118000312,278,217,61
118000313,44,199,-155
118000314,57,139,-82
118000315,14,129,-115
118000316,693,1025,-332
118000325,23,75,-52
118000326,9,48,-39
118000331,22,53,-31
118000332,16,34,-18
118000333,37,63,-26
118000335,232,1,231
118000336,2,497,-495
118000407,124,127,-3
118000457,16,60,-44
118000465,4220,6471,-2251
118000480,42,205,-163
118000489,46,460,-414
118000490,75,744,-669
118000492,213,268,-55
118000510,94,25,69
118000514,307,625,-318
118000515,1317,1100,217
118000517,653,533,120
118000524,1352,243,1109
118000525,1216,1013,203
118000530,19,124,-105
118000531,270,432,-162
118000532,275,389,-114
118000533,669,224,445
118000534,1538,695,843
118000535,256,181,75
118000536,913,1569,-656
118000537,126,121,5
118000538,90,212,-122
118000539,26,130,-104
118000540,539,282,257
118000541,416,72,344
118000542,167,251,-84
118000543,494,276,218
118000546,16,40,-24
118000553,0,0,0
118000557,0,0,0
118000560,4255,1696,2559
118000562,53,826,-773
118000563,4167,2313,1854
118000576,214,401,-187
118000577,378,218,160
118000578,298,206,92
118000579,1578,1755,-177
118000583,0,0,0
118000595,155,101,54
118000596,0,125,-125
118000597,161,216,-55
118000598,2,0,2
118000599,39,80,-41
118000600,9,14,-5
118000601,1,0,1
118000602,0,19,-19
118000603,0,88,-88
118000605,64,818,-754
118000606,38,58,-20
118900001,1671,1456,215
118900002,1527,1227,300
118900003,103,27,76
118900004,67,101,-34
118900005,110,1,109
118900006,141,0,141
118900007,2,4,-2
118900008,1849,60,1789
118900009,29,8,21
118900010,44,1,43
118900011,187,23,164
118900012,506,310,196
118900013,920,73,847
118900015,190,67,123
118900016,4,10,-6
118900017,210,229,-19
118900018,1363,14,1349
118900019,35,9,26
118900020,254,122,132
118900021,282,447,-165
118900022,125,118,7
118900023,290,136,154
118900024,86,221,-135
118900025,99,48,51
118900026,51,99,-48
118900027,723,434,289
118900028,220,323,-103
118900029,306,566,-260
118900030,217,115,102
118900031,175,151,24
118900032,227,244,-17
118900033,1199,1035,164
118900034,195,31,164
118900035,203,382,-179
118900036,1063,1190,-127
118900037,583,329,254
118900038,429,414,15
118900039,407,325,82
118900040,217,314,-97
118900041,581,335,246
118900042,294,191,103
118900045,346,353,-7
118900046,1060,330,730
118900047,1380,445,935
118900048,1051,213,838
118900049,69,73,-4
118900050,13,150,-137
118900051,338,79,259
118900052,503,258,245
118900053,28,124,-96
118900054,135,167,-32
118900055,25,183,-158
118900056,43,272,-229
118900057,664,516,148
118900058,752,447,305
118900059,27,128,-101
118900060,70,304,-234
118900062,137,191,-54
118900064,800,819,-19
118900065,22,286,-264
118900066,115,109,6
118900067,7270,4226,3044
118900068,5,1153,-1148
118900069,464,581,-117
118900071,2,73,-71
118900072,482,575,-93
118900073,120,245,-125
118900074,118,245,-127
118900075,50,118,-68
118900076,613,78,535
118900077,201,266,-65
118900078,56,8,48
118900079,76,354,-278
118900080,19,133,-114
118900081,79,20,59
118900082,666,210,456
118900083,10,7,3
118900084,10,23,-13
118900085,668,1546,-878
118900086,33,96,-63
118900087,24,268,-244
118900088,4,16,-12
118900089,74,8,66
118900090,477,738,-261
118900091,179,299,-120
118900092,91,82,9
118900093,190,7,183
118900096,112,123,-11
118900097,182,1150,-968
118900099,35,451,-416
118900100,124,264,-140
118900101,47,760,-713
118900102,37,100,-63
118900103,27,95,-68
118900104,117,161,-44
118900105,232,150,82
118900107,160,148,12
118900108,119,121,-2
118900110,1334,660,674
118900111,412,631,-219
118900112,109,133,-24
118900113,241,886,-645
118900114,44,98,-54
118900115,110,475,-365
118900116,125,230,-105
118900117,135,239,-104
118900118,235,762,-527
118900119,186,566,-380
118900120,167,623,-456
118900121,15,350,-335
118900122,6,1264,-1258
118900123,187,333,-146
118900124,145,214,-69
118900126,31,470,-439
118900129,442,242,200
118900130,173,137,36
118900131,157,417,-260
118900132,890,251,639
118900133,23,88,-65
118900135,182,290,-108
118900136,243,1055,-812
118900137,4,20,-16
118900139,212,806,-594
118900140,540,1081,-541
118900141,48,325,-277
118900144,266,799,-533
118900145,15,268,-253
118900146,324,1227,-903
118900147,423,137,286
118900148,45,73,-28
118900150,793,905,-112
118900152,548,1206,-658
118900157,245,248,-3
118900158,50,134,-84
118900159,3,239,-236
118900161,218,9,209
118900163,352,80,272
118900164,7,139,-132
118900165,41,341,-300
118900166,16,0,16
118900167,28,125,-97
118900168,209,103,106
118900169,118,627,-509
118900170,150,147,3
118900171,9,38,-29
118900174,58,51,7
118900175,364,577,-213
118900176,129,315,-186
118900177,30,105,-75
118900178,39,169,-130
118900179,16,49,-33
118900181,75,179,-104
118900182,113,66,47
118900183,29,113,-84
118900184,243,64,179
118900185,203,285,-82
118900186,85,139,-54
118900187,274,444,-170
118900188,319,466,-147
118900189,54,904,-850
118900190,6,943,-937
118900191,149,58,91
118900192,167,28,139
118900193,443,2,441
118900195,382,1413,-1031
118900196,27,242,-215
118900197,86,169,-83
118900198,9,46,-37
118900199,24,70,-46
118900200,37,11,26
118900201,32,20,12
118900202,14,98,-84
118900203,6,69,-63
118900204,5,39,-34
118900205,4,17,-13
118900206,0,19,-19
119000001,1449,1739,-290
119000002,2950,3657,-707
119000003,2085,2550,-465
119000004,3230,2457,773
119000005,4444,3347,1097
119000006,3171,2646,525
119000007,4760,4272,488
119000008,2771,2853,-82
119000009,5087,4791,296
119000010,10401,5105,5296
119000011,7063,3202,3861
119000012,5603,3656,1947
119000013,2767,1846,921
119000014,4012,5208,-1196
119000019,334,284,50
119000020,2373,2174,199
119000021,4669,3265,1404
119000022,5105,4433,672
119000023,810,353,457
119000024,3357,9959,-6602
119000025,12999,576,12423
119000026,242,322,-80
119000027,6716,851,5865
119000028,3100,2392,708
119000029,209,393,-184
119000030,566,1341,-775
119000031,876,913,-37
119000032,2495,2779,-284
119000033,2327,2696,-369
119000034,1143,1477,-334
119000035,24,494,-470
119000036,1528,1786,-258
119000037,1196,3062,-1866
119000038,120,1702,-1582
119000039,305,564,-259
119000040,2076,806,1270
119000041,1601,2002,-401
119000048,4426,5093,-667
119000049,2454,4902,-2448
119000050,2636,4053,-1417
119000051,2919,1427,1492
119000052,3331,4833,-1502
119000053,1983,1443,540
119000054,1993,4246,-2253
119000055,2692,4064,-1372
119000056,2019,2861,-842
119000057,1690,4669,-2979
119000058,2084,3654,-1570
119000059,1611,2803,-1192
119000060,1633,1209,424
119000061,1122,1281,-159
119000062,1195,1682,-487
119000063,543,627,-84
119000064,2752,2521,231
119000065,2771,4518,-1747
119000066,2587,1690,897
119000067,2543,4241,-1698
119000068,1607,1475,132
119000069,1840,4496,-2656
119000070,2253,1671,582
119000071,771,1325,-554
119000072,10622,5445,5177
119000073,6701,8131,-1430
119000074,1990,6100,-4110
119000075,1546,3772,-2226
119000076,582,1118,-536
119000077,870,674,196
119000078,450,494,-44
119000079,140,1040,-900
119000080,311,245,66
119000081,322,448,-126
119000082,671,347,324
119000083,460,564,-104
119000084,353,699,-346
119000085,722,417,305
119000086,197,563,-366
119000087,2218,1225,993
119000088,255,331,-76
119000089,71,226,-155
119000090,197,232,-35
119000091,115,383,-268
119000092,734,264,470
119000093,5491,5374,117
119000094,2686,10258,-7572
119000095,1902,4713,-2811
119000097,7191,2494,4697
119000098,1093,3605,-2512
119000099,3758,4220,-462
119000100,3764,3217,547
119000101,3677,2705,972
119000102,914,993,-79
119000103,1609,545,1064
119000104,4372,1844,2528
119000105,1121,1646,-525
119000106,749,2911,-2162
119000107,674,656,18
119000108,426,2051,-1625
119000109,179,352,-173
119000110,730,416,314
119000111,80,594,-514
119000112,246,119,127
119000113,2687,287,2400
119000114,979,1107,-128
119000115,157,429,-272
119000116,187,189,-2
119000117,143,480,-337
119000118,2,11,-9
119000123,7953,805,7148
119000124,676,319,357
119000125,2611,1483,1128
119000126,932,1542,-610
119000127,124,904,-780
119000128,24,6,18
119000131,1191,2226,-1035
119000132,0,7,-7
119000133,4,12,-8
119000134,5802,983,4819
119000135,134,202,-68
119000136,177,318,-141
119000137,139,726,-587
119000138,276,530,-254
119000139,264,376,-112
119000140,179,394,-215
119000284,1315,4340,-3025
119000285,3359,3244,115
119000286,8034,6858,1176
119000287,2206,3585,-1379
119000288,3214,2349,865
119000289,4650,5511,-861
119000290,302,1331,-1029
119000291,12,485,-473
119000293,119,330,-211
119000294,52,45,7
119000295,5425,1646,3779
119000296,166,204,-38
119000302,6014,1973,4041
119000303,63,223,-160
119000314,912,5776,-4864
119000315,3,830,-827
119000316,86,228,-142
119000317,75,669,-594
119000319,427,553,-126
119900001,235,1256,-1021
119900002,218,542,-324
119900003,72,1521,-1449
119900004,405,541,-136
119900005,139,206,-67
119900006,222,379,-157
119900007,769,78,691
119900008,131,44,87
119900009,624,739,-115
119900010,1238,1106,132
119900011,14,53,-39
119900012,55,77,-22
119900013,2263,826,1437
119900014,729,279,450
119900015,61,20,41
119900016,34,161,-127
119900017,14,45,-31
119900018,2240,698,1542
119900019,47,4,43
119900020,91,179,-88
119900021,116,89,27
119900022,178,447,-269
119900023,1586,1169,417
119900025,87,23,64
119900026,1272,107,1165
119900027,5,35,-30
119900028,248,72,176
119900029,1,7,-6
119900030,571,731,-160
119900031,29,248,-219
119900033,1972,241,1731
119900034,186,156,30
119900037,150,67,83
119900038,34,229,-195
119900039,67,6,61
119900040,104,11,93
119900041,78,19,59
119900042,54,207,-153
119900043,64,237,-173
119900044,250,597,-347
119900046,48,54,-6
119900047,203,53,150
119900049,94,13,81
119900050,75,99,-24
119900051,929,12,917
119900052,30,45,-15
119900053,130,321,-191
119900054,94,7,87
119900055,1101,475,626
119900057,97,75,22
119900058,206,0,206
119900059,239,64,175
119900060,221,9,212
119900061,172,6,166
119900062,34,22,12
119900063,12,63,-51
119900065,254,13,241
119900067,57,27,30
119900068,317,4,313
119900069,68,5,63
119900070,625,3,622
119900071,357,11,346
119900073,2308,613,1695
119900074,73,21,52
119900075,8532,2630,5902
119900076,98,211,-113
119900077,588,1739,-1151
119900078,316,916,-600
119900079,149,483,-334
119900080,513,544,-31
119900081,415,29,386
119900082,886,182,704
119900083,356,133,223
119900084,1651,336,1315
119900085,250,84,166
119900086,405,1770,-1365
119900087,1424,354,1070
119900088,55,51,4
119900089,9,784,-775
119900090,213,60,153
119900091,69,1925,-1856
119900092,13,516,-503
119900093,1186,251,935
119900094,48,338,-290
119900095,213,92,121
119900096,37,90,-53
119900097,667,259,408
119900098,50,59,-9
119900099,19,277,-258
119900100,4063,2513,1550
119900101,244,1425,-1181
119900102,23,415,-392
119900103,21,603,-582
119900104,35,225,-190
119900105,909,1651,-742
119900106,22,365,-343
119900107,486,5713,-5227
119900108,3336,928,2408
119900109,55,435,-380
119900110,508,1412,-904
119900111,94,732,-638
119900112,4686,770,3916
119900113,71,414,-343
119900114,146,3286,-3140
119900115,162,1700,-1538
119900116,176,564,-388
119900117,215,1679,-1464
119900118,26,1662,-1636
119900119,179,459,-280
119900120,565,1025,-460
119900121,286,2361,-2075
119900122,350,373,-23
119900123,245,387,-142
119900124,191,1703,-1512
119900125,48,461,-413
119900126,8149,340,7809
119900127,3379,1316,2063
119900128,412,1365,-953
119900129,171,1612,-1441
119900130,40,469,-429
119900131,47,491,-444
119900132,6,649,-643
119900133,22,45,-23
119900134,3849,368,3481
119900135,0,804,-804
119900136,180,602,-422
119900138,389,794,-405
119900139,40,108,-68
119900140,2,246,-244
119900141,182,845,-663
119900142,0,20,-20
119900143,11,288,-277
119900144,2705,249,2456
119900145,139,296,-157
119900146,162,256,-94
119900147,3,173,-170
119900148,121,61,60
119900149,2846,3282,-436
119900150,319,207,112
119900151,2939,1257,1682
119900152,62,680,-618
119900153,107,74,33
119900154,13,1627,-1614
119900155,30,41,-11
119900156,3,4,-1
119900157,101,372,-271
119900158,112,83,29
119900159,6,2428,-2422
119900160,26,269,-243
119900161,255,485,-230
119900162,809,963,-154
119900163,114,181,-67
119900164,0,2,-2
119900165,132,470,-338
119900166,42,41,1
119900167,213,146,67
119900168,620,557,63
119900169,191,468,-277
119900170,193,200,-7
119900171,825,748,77
119900172,122,16,106
119900173,7,836,-829
119900174,3,287,-284
119900175,831,904,-73
119900177,37,301,-264
119900178,16,286,-270
119900179,83,333,-250
119900180,1107,833,274
119900181,30,100,-70
119900182,3,808,-805
119900183,365,1496,-1131
119900184,4442,681,3761
119900185,36,138,-102
119900186,179,710,-531
119900187,6,823,-817
119900188,83,379,-296
119900189,437,229,208
119900190,77,252,-175
119900191,480,140,340
119900192,25,321,-296
119900193,256,371,-115
119900194,14,45,-31
119900195,20,296,-276
119900196,1858,449,1409
119900197,242,163,79
119900198,60,569,-509
119900199,128,14,114
119900200,491,753,-262
119900201,415,164,251
119900202,237,138,99
119900203,167,414,-247
119900204,153,383,-230
119900205,469,1131,-662
119900206,104,226,-122
119900208,186,265,-79
119900209,536,1029,-493
119900210,17,51,-34
119900211,90,15,75
119900212,319,1048,-729
119900213,5,46,-41
119900214,15,118,-103
119900215,30,100,-70
119900216,5,103,-98
119900217,12,75,-63
119900218,14,95,-81
119900219,4,145,-141
119900220,1,113,-112
119900221,26,446,-420
119900222,14,309,-295
119900223,20,113,-93
119900224,8,23,-15
119900225,1288,45,1243
119900226,1070,1483,-413
119900227,1261,428,833
119900228,60,340,-280
119900229,225,507,-282
119900230,2060,797,1263
119900231,127,368,-241
119900232,138,83,55
119900233,33,4,29
119900234,26,50,-24
119900235,69,50,19
119900236,24,322,-298
119900237,59,745,-686
119900238,7,127,-120
119900240,63,211,-148
119900241,151,237,-86
119900242,2390,3709,-1319
119900244,1274,1437,-163
119900245,138,230,-92
119900246,247,420,-173
119900247,25,75,-50
119900248,39,105,-66
119900249,165,76,89
119900253,6401,500,5901
119900254,78,575,-497
119900255,74,640,-566
119900256,362,1608,-1246
119900257,32,2,30
119900258,46,1,45
119900259,4,299,-295
119900260,59,2,57
119900261,182,253,-71
119900262,2,481,-479
119900263,1498,470,1028
119900264,58,413,-355
119900265,432,591,-159
119900266,211,493,-282
119900267,244,545,-301
119900268,106,336,-230
119900269,879,2086,-1207
119900271,24,131,-107
119900272,288,85,203
119900275,123,17,106
119900276,30,3,27
119900277,12,2,10
119900278,380,84,296
119900279,166,412,-246
119900280,1634,270,1364
119900281,1,149,-148
119900282,34,30,4
119900283,9,405,-396
119900284,67,204,-137
119900285,20,99,-79
119900286,5,27,-22
119900288,3,36,-33
119900289,1,52,-51
119900290,1,40,-39
119900291,1,30,-29
119900292,15,32,-17
119900293,37,116,-79
119900294,27,91,-64
119900295,19,80,-61
119900296,16,242,-226
119900297,0,18,-18
119900298,1,4,-3
119900299,33,403,-370
119900300,177,282,-105
119900301,301,31,270
119900302,113,95,18
119900303,165,337,-172
119900304,118,35,83
119900305,33,158,-125
119900306,16,3,13
119900307,13,234,-221
119900308,4,23,-19
119900309,16,79,-63
119900310,329,420,-91
119900311,29,201,-172
119900312,101,116,-15
119900313,264,539,-275
119900314,103,284,-181
119900315,1086,3959,-2873
119900318,7,22,-15
119900319,2,559,-557
119900320,147,1033,-886
119900321,69,2,67
120000001,14566,18492,-3926
120000002,2650,4441,-1791
120000003,3968,2217,1751
120000004,3451,3071,380
120000005,5624,2084,3540
120000006,1718,1614,104
120000007,4029,2115,1914
120000008,1703,2358,-655
120000009,5085,488,4597
120000010,1976,3360,-1384
120000011,1466,3235,-1769
120000012,1497,3916,-2419
120000013,2444,4018,-1574
120000014,856,2624,-1768
120000015,3305,3177,128
120000016,4145,4669,-524
120000017,3166,3509,-343
120000018,7091,12608,-5517
120000019,1230,1826,-596
120000020,4212,3745,467
120000021,2472,3258,-786
120000022,3320,4749,-1429
120000023,909,2442,-1533
120000024,1791,3028,-1237
120000025,2445,3182,-737
120000026,1327,2998,-1671
120000027,1411,2488,-1077
120000028,1183,611,572
120000029,4661,730,3931
120000030,482,1400,-918
120000031,2617,12461,-9844
120000032,15165,4677,10488
120000033,4461,3029,1432
120000034,2080,3786,-1706
120000035,2082,4294,-2212
120000036,3238,6642,-3404
120000037,679,1979,-1300
120000038,13431,3429,10002
120000039,1069,1348,-279
120000040,158,246,-88
120000041,1016,1952,-936
120000042,1922,5166,-3244
120000043,5664,3883,1781
120000044,4055,1728,2327
120000045,4725,1309,3416
120000046,2971,5660,-2689
120000047,2994,5143,-2149
120000048,11315,6268,5047
120000049,7375,4074,3301
120000050,6262,7204,-942
120000051,4782,7149,-2367
120000052,19953,3568,16385
120000053,1260,5291,-4031
120000054,1563,9186,-7623
120000055,1553,7902,-6349
120000056,3890,5539,-1649
120000057,2804,916,1888
120000058,1366,327,1039
120000059,38,1227,-1189
120000061,109,823,-714
120000062,271,455,-184
120000063,2758,3881,-1123
120000064,439,2430,-1991
120000065,610,2668,-2058
120000066,250,728,-478
120000067,67,801,-734
120000068,242,1478,-1236
120000069,906,2388,-1482
120000070,192,2545,-2353
120000071,610,386,224
120000072,399,675,-276
120000073,580,272,308
120000074,167,125,42
120000075,432,304,128
120000076,1471,563,908
120000077,1581,768,813
120000078,5429,1513,3916
120000079,386,1047,-661
120000080,268,543,-275
120000081,344,332,12
120000082,234,372,-138
120000083,240,709,-469
120000084,558,716,-158
120000085,356,680,-324
120000086,455,999,-544
120000087,335,1865,-1530
120000088,826,1985,-1159
120000089,1001,811,190
120000090,654,782,-128
120000091,835,1403,-568
120000092,1233,952,281
120000093,327,838,-511
120000094,134,893,-759
120000095,1250,970,280
120000096,292,1756,-1464
120000098,901,1699,-798
120000099,378,985,-607
120000100,677,1260,-583
120000101,466,647,-181
120000102,562,766,-204
120000103,1350,715,635
120000104,1727,519,1208
120000105,2803,695,2108
120000106,1904,681,1223
120000107,2852,790,2062
120000108,799,213,586
120000109,918,74,844
120000110,54,1256,-1202
120000111,142,2231,-2089
120000112,857,5863,-5006
120000113,842,4624,-3782
120000114,919,5114,-4195
120000115,531,4385,-3854
120000116,742,3366,-2624
120000117,2412,2690,-278
120000118,69,35,34
120000119,51,85,-34
120000120,64,49,15
120000121,36,101,-65
120000122,444,452,-8
120000123,8954,6337,2617
120000124,409,811,-402
120000125,556,1339,-783
120000126,507,1285,-778
120000127,3529,1316,2213
120000128,8643,3317,5326
120000129,432,523,-91
120000130,1031,1089,-58
120000131,267,775,-508
120000134,523,1981,-1458
120000135,360,459,-99
120000137,168,3410,-3242
120000138,585,745,-160
120000139,212,1701,-1489
120000140,589,993,-404
120000141,182,813,-631
120000142,380,828,-448
120000143,4,113,-109
120000144,102,2,100
120000145,300,3,297
120000146,4611,1550,3061
120000149,608,1437,-829
120000150,6702,10402,-3700
120000151,464,992,-528
120000152,374,427,-53
120000153,233,1304,-1071
120000154,1001,1044,-43
120000155,126,383,-257
120000156,4794,957,3837
120000157,1118,1148,-30
120000158,1217,2435,-1218
120000159,3544,3667,-123
120000160,2472,1855,617
120000161,3106,5800,-2694
120000162,262,433,-171
120000163,475,1524,-1049
120000164,352,902,-550
120000165,388,1549,-1161
120000166,1197,1030,167
120000167,20,74,-54
120000168,5,227,-222
120000169,68,561,-493
120000170,103,315,-212
120000171,25,130,-105
120000172,57,86,-29
120000173,4932,482,4450
120000174,881,11,870
120000175,1657,16,1641
120000176,704,35,669
120000177,2224,240,1984
120000178,308,16,292
120000179,836,50,786
120000180,782,69,713
120000181,171,389,-218
120000182,174,242,-68
120000183,16,272,-256
120000184,188,981,-793
120000186,258,140,118
120000187,282,89,193
120000188,997,160,837
120000190,2205,26,2179
120000191,2474,27,2447
120000192,1404,19,1385
120000193,449,15,434
120000195,58,5,53
120000196,212,74,138
120000197,94,221,-127
120000198,92,187,-95
120000199,77,4,73
120000200,97,1,96
120000201,21,17,4
120000202,0,94,-94
120000203,31,457,-426
120000207,1,80,-79
120000208,18,379,-361
120000209,1,129,-128
120000210,164,92,72
120000211,51,2,49
120000212,84,0,84
120000213,61,370,-309
120000214,4,383,-379
120000215,6,179,-173
120000216,23,3,20
120000217,969,1684,-715
120000218,260,1298,-1038
120000219,16,840,-824
120000220,11,3174,-3163
120000225,947,0,947
120000226,233,8,225
120000227,626,21,605
120000228,8409,3090,5319
120000230,254,7,247
120000231,1066,3856,-2790
120000233,141,16,125
120000235,147,1220,-1073
120000236,798,0,798
120000237,8,3182,-3174
120000238,0,209,-209
120000241,1322,5336,-4014
120000412,683,10,673
120000413,173,524,-351
120000414,54,4,50
120000415,2,261,-259
120000416,91,8,83
120000417,2,152,-150
120000418,94,27,67
120000419,8,552,-544
120000420,122,32,90
120000421,19682,8611,11071
120000422,275,1062,-787
120000423,1,58,-57
120000424,77,195,-118
120000436,160,686,-526
120000437,229,260,-31
120000438,8003,874,7129
120000439,137,430,-293
120000443,201,0,201
120000444,1130,1051,79
120000445,2170,2006,164
120000446,1697,516,1181
120000447,134,5,129
120000449,71,15,56
120000450,5,369,-364
120000451,89,501,-412
120000452,48,1,47
120000453,1,822,-821
120000454,189,34,155
120000455,96,97,-1
120000456,5954,5215,739
120000457,2814,2218,596
120000458,911,1553,-642
120000459,79,161,-82
120000665,2930,235,2695
120000668,147,346,-199
120000669,74,570,-496
120000670,277,890,-613
120000671,1535,693,842
120000672,172,652,-480
120900001,47,83,-36
120900002,881,392,489
120900003,430,55,375
120900004,30,92,-62
120900005,8,3750,-3742
120900006,214,252,-38
120900007,116,283,-167
120900008,241,1738,-1497
120900009,1499,79,1420
120900010,365,82,283
120900011,515,200,315
120900012,1506,1022,484
120900013,291,67,224
120900014,4,1104,-1100
120900015,622,154,468
120900016,599,81,518
120900017,5334,93,5241
120900018,83,740,-657
120900019,558,205,353
120900020,1264,1030,234
120900021,457,91,366
120900022,29,689,-660
120900023,160,44,116
120900024,1893,504,1389
120900025,2739,1472,1267
120900026,247,287,-40
120900027,1347,80,1267
120900028,233,53,180
120900029,181,356,-175
120900030,1220,837,383
120900031,183,72,111
120900032,739,211,528
120900033,934,69,865
120900034,37,2993,-2956
120900035,60,60,0
120900037,253,6,247
120900038,34,226,-192
120900039,63,40,23
120900040,167,1,166
120900041,174,43,131
120900042,403,130,273
120900043,36,24,12
120900044,15,674,-659
120900045,192,130,62
120900046,262,3,259
120900047,146,70,76
120900048,91,24,67
120900049,237,0,237
120900050,5921,1533,4388
120900051,233,132,101
120900052,396,4,392
120900053,181,134,47
120900054,1838,1010,828
120900055,303,2,301
120900056,396,11,385
120900057,126,16,110
120900058,281,0,281
120900059,62,5,57
120900060,95,49,46
120900061,275,445,-170
120900062,207,1,206
120900063,463,3,460
120900064,342,1,341
120900065,290,7,283
120900066,134,349,-215
120900067,200,38,162
120900068,152,0,152
120900069,104,75,29
120900071,2,0,2
120900072,536,4,532
120900073,310,124,186
120900074,335,6,329
120900076,242,0,242
120900077,4906,257,4649
120900078,471,1575,-1104
120900079,454,99,355
120900080,510,3198,-2688
120900081,803,302,501
120900082,931,362,569
120900083,46,3,43
120900084,283,298,-15
120900085,148,219,-71
120900086,251,311,-60
120900087,367,227,140
120900088,235,293,-58
120900089,6990,2143,4847
120900090,103,374,-271
120900091,707,607,100
120900092,1308,1143,165
120900093,6150,381,5769
120900094,667,344,323
120900095,666,49,617
120900096,57,367,-310
120900097,805,1443,-638
120900098,300,205,95
120900099,99,76,23
120900100,61,576,-515
120900101,624,461,163
120900102,16,251,-235
120900103,49,225,-176
120900104,29,38,-9
120900105,63,1163,-1100
120900106,1771,868,903
120900107,354,112,242
120900108,4,1408,-1404
120900109,50,1032,-982
120900110,26,2056,-2030
120900111,182,586,-404
120900112,10,2399,-2389
120900113,47,1319,-1272
120900114,43,239,-196
120900115,205,289,-84
120900116,234,1000,-766
120900117,2,891,-889
120900118,11,1383,-1372
120900119,3897,9584,-5687
120900120,46,1183,-1137
120900121,79,641,-562
120900122,308,1097,-789
120900123,1,718,-717
120900124,3,1116,-1113
120900125,4,2004,-2000
120900126,1616,1151,465
120900127,6,915,-909
120900128,1173,1531,-358
120900129,56,505,-449
120900130,0,210,-210
120900131,61,131,-70
120900132,597,596,1
120900133,281,1842,-1561
120900134,790,563,227
120900135,7,945,-938
120900136,17,40,-23
120900137,214,136,78
120900138,14,305,-291
120900139,5,1163,-1158
120900140,1,113,-112
120900141,221,167,54
120900142,41,1395,-1354
120900143,3,1302,-1299
120900144,1,265,-264
120900145,143,1181,-1038
120900146,9,1583,-1574
120900147,41,402,-361
120900148,83,232,-149
120900149,1,557,-556
120900150,51,899,-848
120900151,42,989,-947
120900152,110,42,68
120900153,11,81,-70
120900154,4,596,-592
120900155,153,1649,-1496
120900156,107,506,-399
120900157,75,299,-224
120900158,51,832,-781
120900159,217,480,-263
120900160,38,695,-657
120900161,69,736,-667
120900162,40,801,-761
120900163,29,365,-336
120900164,2,0,2
120900165,7,8,-1
120900166,371,269,102
120900167,738,138,600
120900169,39,755,-716
120900170,4591,2156,2435
120900171,1285,511,774
120900172,2087,341,1746
120900173,13,103,-90
120900174,11,125,-114
120900175,311,217,94
120900176,9,304,-295
120900177,2,1061,-1059
120900178,151,359,-208
120900179,1091,648,443
120900180,138,85,53
120900181,66,114,-48
120900182,20,1388,-1368
120900183,391,229,162
120900184,166,120,46
120900185,10,558,-548
120900186,0,886,-886
120900187,451,1175,-724
120900188,96,16,80
120900189,228,933,-705
120900190,40,33,7
120900191,2,30,-28
120900192,20501,5154,15347
120900194,25,121,-96
120900195,151,322,-171
120900196,1704,78,1626
120900197,464,116,348
120900198,265,877,-612
120900199,301,278,23
120900200,107,155,-48
120900201,773,135,638
120900202,3,281,-278
120900203,23,101,-78
120900204,240,523,-283
120900205,47,76,-29
120900206,11,24,-13
120900207,81,1988,-1907
121000001,1711,1412,299
121000002,7344,4078,3266
121000003,5547,2752,2795
121000004,4223,14850,-10627
121000005,3132,3918,-786
121000006,4904,2608,2296
121000007,5318,3732,1586
121000008,14939,6071,8868
121000009,9270,8836,434
121000010,15440,11940,3500
121000011,10546,17689,-7143
121000012,19466,16397,3069
121000013,7898,11445,-3547
121000014,9345,12252,-2907
121000015,10316,10827,-511
121000016,7100,8668,-1568
121000017,2738,4394,-1656
121000018,2316,2315,1
121000019,25354,13681,11673
121000020,15148,15587,-439
121000021,4077,4361,-284
121000022,2533,2578,-45
121000023,4897,4573,324
121000024,4331,5457,-1126
121000025,1028,2175,-1147
121000026,501,174,327
121000027,2150,1111,1039
121000028,1073,600,473
121000029,1752,966,786
121000030,868,512,356
121000031,1065,850,215
121000032,248,79,169
121000034,1895,242,1653
121000035,863,143,720
121000036,2415,1339,1076
121000037,1358,878,480
121000038,1185,865,320
121000039,1089,497,592
121000041,672,564,108
121000042,320,474,-154
121000043,1337,1060,277
121000044,3597,1226,2371
121000045,470,442,28
121000046,499,1106,-607
121000047,460,358,102
121000049,2896,954,1942
121000050,539,1736,-1197
121000051,1360,474,886
121000052,458,924,-466
121000053,832,124,708
121000054,71,513,-442
121000055,2163,1627,536
121000056,1187,1404,-217
121000057,309,547,-238
121000058,484,128,356
121000059,3556,2268,1288
121000060,620,1046,-426
121000061,904,251,653
121000062,213,323,-110
121000063,1169,806,363
121000064,1144,1006,138
121000065,1002,445,557
121000066,1169,530,639
121000067,1526,445,1081
121000068,1106,365,741
121000069,1054,660,394
121000070,4229,1661,2568
121000071,2077,1828,249
121000072,2506,997,1509
121000073,3943,1058,2885
121000074,238,234,4
121000075,76,193,-117
121000076,1684,512,1172
121000077,255,211,44
121000078,166,115,51
121000080,3234,869,2365
121000081,4255,6446,-2191
121000082,251,299,-48
121000083,441,181,260
121000084,295,134,161
121000085,310,750,-440
121000086,210,949,-739
121000087,123,294,-171
121000088,548,956,-408
121000089,441,428,13
121000090,796,492,304
121000091,2053,1046,1007
121000092,164,102,62
121000093,120,288,-168
121000094,414,855,-441
121000095,377,624,-247
121000096,2424,2178,246
121000097,1586,2457,-871
121000098,631,1787,-1156
121000099,659,1298,-639
121000100,1029,827,202
121000101,360,359,1
121000102,183,478,-295
121000103,165,357,-192
121000104,255,206,49
121000105,385,243,142
121000106,198,479,-281
121000107,4085,4685,-600
121000109,2213,1387,826
121000110,382,1195,-813
121000114,4120,2642,1478
121000115,1516,1226,290
121000116,988,2181,-1193
121000117,1058,422,636
121000118,2005,361,1644
121000119,446,534,-88
121000120,304,583,-279
121000121,638,1234,-596
121000123,1988,662,1326
121000127,301,221,80
121000128,1054,732,322
121000129,774,555,219
121000130,542,1366,-824
121000131,2562,1845,717
121000132,1585,1636,-51
121000135,297,332,-35
121000136,1509,563,946
121000137,405,254,151
121000138,1279,1057,222
121000139,778,131,647
121000141,584,218,366
121000142,1367,1052,315
121000143,103,26,77
121000144,880,2164,-1284
121000145,906,1787,-881
121000146,2366,1541,825
121000147,1285,954,331
121000148,1673,1566,107
121000149,4253,1752,2501
121000152,816,1334,-518
121000153,2757,1347,1410
121000154,1226,2266,-1040
121000155,2348,1909,439
121000156,523,2024,-1501
121000157,1752,3866,-2114
121000158,392,1231,-839
121000159,222,974,-752
121000160,335,933,-598
121000161,232,435,-203
121000162,76,274,-198
121000165,2297,1862,435
121000166,42,1115,-1073
121000168,911,575,336
121000169,111,221,-110
121000170,587,515,72
121000171,120,227,-107
121000172,946,725,221
121000173,1930,1324,606
121000174,359,477,-118
121000175,1333,498,835
121000176,631,263,368
121000177,2542,920,1622
121000178,170,66,104
121000179,158,95,63
121000181,356,786,-430
121000182,150,202,-52
121000183,77,75,2
121000184,104,66,38
121000185,53,190,-137
121000186,248,494,-246
121000187,189,280,-91
121000188,310,363,-53
121000192,994,667,327
121000193,959,661,298
121000194,3663,2830,833
121000195,754,1409,-655
121000196,1850,352,1498
121000197,703,1031,-328
121000198,1081,171,910
121000199,357,585,-228
121000200,852,114,738
121000201,19,267,-248
121000202,3573,134,3439
121000203,1007,2615,-1608
121000204,3265,934,2331
121000205,486,466,20
121000206,406,65,341
121000207,2543,569,1974
121000208,12,497,-485
121000209,384,556,-172
121000210,366,1117,-751
121000211,563,238,325
121000212,362,1388,-1026
121000213,12580,4370,8210
121000214,1137,5004,-3867
121000215,1889,1182,707
121000216,1116,1198,-82
121000217,10059,5344,4715
121000218,1144,2798,-1654
121000219,4620,664,3956
121000220,465,81,384
121000221,255,520,-265
121000222,4035,2942,1093
121000223,1612,420,1192
121000224,909,169,740
121000225,4711,1395,3316
121000226,13143,1584,11559
121000227,15,410,-395
121000228,36,1111,-1075
121000229,432,725,-293
121000230,103,2437,-2334
121000231,904,36,868
121000232,578,451,127
121000233,1024,405,619
121000234,58,34,24
121000235,60,48,12
121000236,6,80,-74
121000237,24,8,16
121000238,8,104,-96
121000239,18,13,5
121000240,10,488,-478
121000241,75,11,64
121000242,26,153,-127
121000243,351,58,293
121000244,4,67,-63
121000245,27,8,19
121000246,0,120,-120
121000247,45,0,45
121000248,859,730,129
121000249,241,362,-121
121000250,860,161,699
121000251,25,713,-688
121000252,107,66,41
121000253,967,692,275
121000254,1563,467,1096
121000255,569,192,377
121000256,747,210,537
121000257,153,103,50
121000258,377,58,319
121000259,169,66,103
121000260,421,266,155
121000261,408,45,363
121000262,1275,1492,-217
121000263,345,597,-252
121000271,491,3178,-2687
121000273,475,10,465
121000274,81,82,-1
121000275,4,39,-35
121000276,6,49,-43
121000278,297,128,169
121000279,147,24,123
121000280,257,65,192
121000289,226,30,196
121000290,1863,900,963
121000294,141,213,-72
121000297,1429,1970,-541
121000299,818,349,469
121000300,991,656,335
121000302,154,1268,-1114
121000303,854,612,242
121000304,652,74,578
121000305,186,64,122
121000306,129,164,-35
121000308,269,788,-519
121000309,681,865,-184
121000310,283,460,-177
121000311,114,1100,-986
121000312,473,391,82
121000313,609,910,-301
121000314,535,409,126
121000315,60,128,-68
121000530,1672,2138,-466
121000531,1653,2186,-533
121000532,7564,6081,1483
121000533,2909,3956,-1047
121000918,74,211,-137
121000919,63,79,-16
121000938,278,251,27
121000939,342,215,127
121000956,1105,2642,-1537
121000957,9,29,-20
121000958,833,67,766
121000959,926,1125,-199
121000960,3406,2736,670
121000961,200,122,78
121000962,391,1781,-1390
121000973,5,181,-176
121000976,19,169,-150
121000979,325,120,205
121000981,345,212,133
121000982,396,307,89
121000983,685,582,103
121000984,170,52,118
121000985,569,1364,-795
121000986,491,554,-63
121000987,446,2295,-1849
121000988,926,213,713
121001302,587,296,291
121001308,48,23,25
121001309,217,71,146
121001313,339,361,-22
121001314,4780,5586,-806
121001315,5646,3912,1734
121001326,569,554,15
121900001,130,243,-113
121900002,223,16,207
121900003,424,17,407
121900004,360,422,-62
121900005,9,4,5
121900006,171,31,140
121900007,2860,3614,-754
121900008,674,301,373
121900009,773,22,751
121900010,229,1,228
121900011,212,461,-249
121900012,9,0,9
121900013,2709,63,2646
121900014,1918,472,1446
121900015,214,196,18
121900016,11,49,-38
121900017,431,776,-345
121900018,300,1,299
121900019,367,478,-111
121900020,70,3,67
121900021,1513,11,1502
121900022,243,240,3
121900023,104,382,-278
121900024,408,97,311
121900025,584,562,22
121900026,438,49,389
121900027,367,168,199
121900028,332,31,301
121900029,152,236,-84
121900030,915,1199,-284
121900031,2299,11535,-9236
121900032,82,107,-25
121900033,227,221,6
121900034,797,108,689
121900035,3431,3028,403
121900036,140,541,-401
121900037,141,753,-612
121900038,56,154,-98
121900039,490,44,446
121900040,54,92,-38
121900041,59,205,-146
121900042,433,159,274
121900043,6,12,-6
121900044,274,91,183
121900046,306,251,55
121900047,227,86,141
121900048,15,124,-109
121900050,14,46,-32
121900051,147,216,-69
121900052,130,42,88
121900053,467,719,-252
121900054,1057,1106,-49
121900055,0,17,-17
121900058,579,254,325
121900059,485,167,318
121900060,156,451,-295
121900062,120,96,24
121900063,1691,387,1304
121900064,304,980,-676
121900066,64,26,38
121900067,12,36,-24
121900069,181,142,39
121900070,470,169,301
121900071,268,304,-36
121900072,34,227,-193
121900073,315,265,50
121900074,660,1217,-557
121900075,1703,379,1324
121900076,1228,842,386
121900078,41,30,11
121900079,0,0,0
121900080,1027,388,639
121900082,54,157,-103
121900084,7,194,-187
121900086,26,45,-19
121900087,217,136,81
121900088,1787,3397,-1610
121900089,226,489,-263
121900090,8,125,-117
121900091,32,162,-130
121900092,70,92,-22
121900093,64,93,-29
121900094,15,19,-4
121900095,182,190,-8
121900096,2071,753,1318
121900097,755,177,578
121900098,5,0,5
121900099,251,59,192
121900100,216,301,-85
121900101,223,135,88
121900102,9,126,-117
121900103,882,217,665
121900104,1323,500,823
121900105,291,259,32
121900106,3,1,2
121900107,45,24,21
121900108,1,25,-24
121900109,551,172,379
121900110,322,1530,-1208
121900111,1094,102,992
121900112,138,117,21
121900113,159,1023,-864
121900114,28,111,-83
121900117,228,37,191
121900118,3435,643,2792
121900119,174,141,33
121900120,86,2419,-2333
121900121,744,75,669
121900122,26,71,-45
121900123,378,622,-244
121900124,79,125,-46
121900125,1175,1597,-422
121900127,27,91,-64
121900128,118,110,8
121900129,816,176,640
121900130,367,316,51
121900131,528,78,450
121900132,89,84,5
121900133,72,459,-387
121900134,82,147,-65
121900135,3048,326,2722
121900136,297,725,-428
121900137,70,457,-387
121900138,203,308,-105
121900139,528,701,-173
121900140,54,189,-135
121900141,88,20,68
121900142,93,151,-58
121900143,4,209,-205
121900144,201,279,-78
121900145,187,220,-33
121900146,809,929,-120
121900147,85,218,-133
121900148,200,343,-143
121900149,614,922,-308
121900150,110,151,-41
121900151,61,319,-258
121900152,128,198,-70
121900153,109,599,-490
121900154,8,275,-267
121900155,0,93,-93
121900156,160,101,59
121900157,8,567,-559
121900158,99,105,-6
121900159,2,221,-219
121900160,2,297,-295
121900161,596,438,158
121900162,94,178,-84
121900163,270,926,-656
121900164,565,204,361
121900165,265,226,39
121900166,302,225,77
121900167,179,100,79
121900168,235,186,49
121900169,6,405,-399
121900170,6,398,-392
121900171,553,724,-171
121900172,541,331,210
121900173,1222,258,964
121900174,24,72,-48
121900175,510,155,355
121900176,768,2341,-1573
121900177,203,87,116
121900178,78,123,-45
121900179,569,172,397
121900180,7062,4369,2693
121900182,1937,368,1569
121900183,583,791,-208
121900184,44,710,-666
121900186,24,393,-369
121900187,56,162,-106
121900188,723,891,-168
121900189,20,100,-80
121900190,641,803,-162
121900191,86,354,-268
121900192,373,980,-607
121900193,89,302,-213
121900194,7,191,-184
121900195,95,77,18
121900196,1464,1721,-257
121900197,534,2696,-2162
121900198,1198,2189,-991
121900199,3,33,-30
121900200,382,286,96
121900201,1259,676,583
121900202,252,607,-355
121900203,219,1266,-1047
121900204,1188,1966,-778
121900205,36,144,-108
121900206,13,10,3
121900207,219,84,135
121900208,267,261,6
121900209,40,27,13
121900210,2465,1604,861
121900211,490,1747,-1257
121900212,159,118,41
121900213,142,135,7
121900214,5,685,-680
121900215,58,89,-31
121900216,173,125,48
121900217,238,101,137
121900218,307,670,-363
121900220,155,17,138
121900221,304,649,-345
121900222,221,151,70
121900223,269,80,189
121900224,90,85,5
121900225,577,123,454
121900226,298,326,-28
121900227,215,564,-349
121900228,279,576,-297
121900230,249,227,22
121900231,428,1269,-841
121900232,551,582,-31
121900233,311,242,69
121900234,604,563,41
121900235,489,349,140
121900236,379,213,166
121900237,271,248,23
121900238,186,273,-87
121900239,165,37,128
121900240,164,129,35
121900241,57,86,-29
121900242,1,0,1
121900243,4,0,4
121900244,7,2,5
121900245,243,90,153
121900246,3170,513,2657
121900248,1501,1513,-12
121900250,221,348,-127
121900251,306,48,258
121900252,649,182,467
121900253,300,1488,-1188
121900254,750,272,478
121900255,321,123,198
121900258,3680,2459,1221
121900259,400,797,-397
121900260,51,192,-141
121900261,179,871,-692
121900262,477,2182,-1705
121900263,132,656,-524
121900264,2731,2565,166
121900265,216,415,-199
121900266,239,285,-46
121900267,88,36,52
121900269,208,655,-447
121900270,14,208,-194
121900271,43,170,-127
121900273,1374,3140,-1766
121900274,364,298,66
121900277,583,1563,-980
121900278,403,994,-591
121900279,162,252,-90
121900280,530,386,144
121900281,614,258,356
121900284,47,13,34
121900286,108,163,-55
121900287,12,17,-5
121900288,11,4,7
121900290,366,427,-61
121900291,677,953,-276
121900292,502,202,300
121900293,1295,4214,-2919
121900294,352,2,350
121900295,84,415,-331
121900296,198,144,54
121900298,785,730,55
121900299,0,0,0
121900300,2,0,2
121900301,74,0,74
121900302,0,39,-39
121900303,1110,465,645
121900304,19,3,16
121900305,2,3,-1
121900306,78,0,78
121900307,15,1,14
121900308,34,303,-269
121900309,16,321,-305
121900310,46,554,-508
121900311,372,18,354
121900312,191,21,170
121900313,529,27,502
121900314,3,74,-71
121900315,20,2,18
121900316,2,28,-26
121900317,2,2,0
121900318,4,19,-15
121900319,15,227,-212
121900320,47,120,-73
121900321,2,0,2
121900322,0,19,-19
121900323,34,18,16
121900324,11,103,-92
121900325,2,0,2
121900326,1,19,-18
121900327,1,31,-30
121900328,0,11,-11
121900329,1,159,-158
121900330,0,29,-29
121900331,12,13,-1
121900332,120,65,55
121900333,44,2,42
121900334,353,132,221
122000001,3045,5367,-2322
122000002,6618,2146,4472
122000003,2094,2524,-430
122000004,3441,1851,1590
122000005,4056,1654,2402
122000006,3917,877,3040
122000007,2105,2384,-279
122000008,6981,7146,-165
122000009,649,498,151
122000010,2671,5111,-2440
122000011,3526,1655,1871
122000012,2038,1446,592
122000013,5626,2148,3478
122000014,2551,4568,-2017
122000015,2042,1382,660
122000016,867,1000,-133
122000017,1375,1397,-22
122000018,1681,1255,426
122000019,1256,2102,-846
122000020,175,286,-111
122000021,805,406,399
122000022,2201,2325,-124
122000023,890,5325,-4435
122000024,1563,1284,279
122000025,3774,1632,2142
122000026,1986,1046,940
122000027,761,9050,-8289
122000028,850,508,342
122000029,758,422,336
122000030,415,212,203
122000031,372,450,-78
122000032,3341,5971,-2630
122000033,2164,1355,809
122000034,1650,862,788
122000035,401,1603,-1202
122000036,768,660,108
122000037,418,370,48
122000038,402,413,-11
122000039,737,747,-10
122000040,403,1366,-963
122000041,927,680,247
122000042,708,590,118
122000043,138,251,-113
122000044,142,333,-191
122000045,2555,753,1802
122000046,1570,1904,-334
122000047,505,293,212
122000048,4689,7103,-2414
122000049,7799,2892,4907
122000050,3253,958,2295
122000051,910,439,471
122000052,929,373,556
122000053,265,733,-468
122000054,3340,2608,732
122000055,4596,3212,1384
122000056,6403,6434,-31
122000057,4313,4693,-380
122000058,6311,1473,4838
122000059,4396,1991,2405
122000060,959,814,145
122000061,612,562,50
122000062,2229,379,1850
122000063,1986,915,1071
122000064,7744,3488,4256
122000065,11794,3574,8220
122000066,968,468,500
122000067,5774,1781,3993
122000068,2213,3344,-1131
122000069,1900,1199,701
122000070,1010,10130,-9120
122000071,1473,3571,-2098
122000072,488,531,-43
122000073,855,816,39
122000074,4028,2356,1672
122000075,686,3299,-2613
122000076,2426,1470,956
122000077,1974,779,1195
122000078,3518,2878,640
122000079,2867,1204,1663
122000080,2016,483,1533
122000081,279,513,-234
122000082,1174,922,252
122000083,1772,5562,-3790
122000084,1846,1177,669
122000085,371,5193,-4822
122000086,3075,10154,-7079
122000087,549,234,315
122000088,284,377,-93
122000089,12515,7257,5258
122000090,433,626,-193
122000091,1005,61,944
122000092,545,24,521
122000093,5040,1081,3959
122000094,13591,2382,11209
122000095,4702,4033,669
122000096,3464,2961,503
122000098,4002,1987,2015
122000099,7735,804,6931
122000100,1986,1131,855
122000101,337,2691,-2354
122000102,2436,1322,1114
122000103,2903,1794,1109
122000104,450,248,202
122000105,586,352,234
122000106,612,636,-24
122000107,1210,792,418
122000108,446,880,-434
122000109,432,782,-350
122000110,434,515,-81
122000111,3977,1224,2753
122000112,1122,2203,-1081
122000113,1057,955,102
122000114,9263,2463,6800
122000115,1797,4694,-2897
122000116,496,665,-169
122000117,1537,513,1024
122000118,483,954,-471
122000119,3563,2493,1070
122000120,2592,4781,-2189
122000121,3437,3447,-10
122000122,1067,1912,-845
122000123,2832,2369,463
122000124,1363,678,685
122000125,579,475,104
122000126,780,1254,-474
122000127,1763,1357,406
122000128,1013,1071,-58
122000129,521,2131,-1610
122000130,3975,1570,2405
122000131,1624,1861,-237
122000132,943,603,340
122000133,1511,2550,-1039
122000134,873,789,84
122000135,819,1013,-194
122000136,801,729,72
122000137,1827,1007,820
122000139,4156,5749,-1593
122000140,3200,728,2472
122000141,7215,1613,5602
122000142,1139,923,216
122000143,593,681,-88
122000144,2364,1812,552
122000145,3902,849,3053
122000146,1139,1403,-264
122000147,1894,709,1185
122000148,4071,1457,2614
122000149,2143,1879,264
122000150,1783,1413,370
122000151,342,535,-193
122000152,586,496,90
122000153,559,423,136
122000154,410,251,159
122000155,1689,3517,-1828
122000156,1891,2056,-165
122000157,2794,1255,1539
122000158,644,732,-88
122000159,1684,2377,-693
122000160,4388,2984,1404
122000161,1287,1259,28
122000162,2236,2224,12
122000163,249,79,170
122000164,54,64,-10
122000165,1115,962,153
122000166,2180,2217,-37
122000167,228,211,17
122000168,272,745,-473
122000169,850,279,571
122000170,296,287,9
122000171,36,57,-21
122000172,1709,2358,-649
122000173,1468,3042,-1574
122000174,3841,1212,2629
122000175,1820,460,1360
122000176,515,789,-274
122000177,2128,1859,269
122000178,4218,7103,-2885
122000179,2492,3943,-1451
122000180,2147,1553,594
122000181,2784,4030,-1246
122000182,2471,2095,376
122000183,2503,2085,418
122000184,2458,2324,134
122000185,1134,1522,-388
122000186,864,949,-85
122000187,3895,1599,2296
122000188,634,312,322
122000189,399,622,-223
122000190,2125,1457,668
122000191,1911,921,990
122000192,1587,472,1115
122000193,655,704,-49
122000194,1604,327,1277
122000195,547,536,11
122000196,1076,677,399
122000197,627,685,-58
122000198,1020,902,118
122000199,788,499,289
122000200,2489,1413,1076
122000201,1352,1764,-412
122000202,1542,1326,216
122000203,3526,1824,1702
122000204,2030,2629,-599
122000205,1915,2668,-753
122000206,3339,1088,2251
122000207,2102,1635,467
122000208,5743,2039,3704
122000209,6322,563,5759
122000210,4121,2637,1484
122000211,3564,1266,2298
122000212,1325,790,535
122000213,1896,1780,116
122000214,2940,2864,76
122000215,2565,1947,618
122000217,4062,1721,2341
122000218,1601,226,1375
122000219,2435,1377,1058
122000220,529,811,-282
122000221,215,789,-574
122000222,764,220,544
122000223,1962,929,1033
122000225,1148,391,757
122000226,1853,2793,-940
122000227,542,5606,-5064
122000228,510,482,28
122000229,37,635,-598
122000230,67,888,-821
122000231,329,1146,-817
122000232,924,1478,-554
122000233,1,144,-143
122000234,336,391,-55
122000235,1083,319,764
122000236,915,205,710
122000237,123,97,26
122000238,266,369,-103
122000239,659,183,476
122000240,1752,579,1173
122000241,1547,676,871
122000242,746,122,624
122000243,256,122,134
122000244,85,810,-725
122000245,78,334,-256
122000246,330,324,6
122000247,734,1224,-490
122000248,2263,3118,-855
122000249,1046,1178,-132
122000250,2364,1676,688
122000251,415,446,-31
122000252,579,140,439
122000253,112,384,-272
122000254,222,106,116
122000255,920,2250,-1330
122000256,548,2449,-1901
122000257,193,567,-374
122000258,211,288,-77
122000259,18,978,-960
122000260,309,1187,-878
122000261,4,328,-324
122000262,1,88,-87
122000263,271,184,87
122000264,2247,701,1546
122000265,5269,1358,3911
122000266,11280,855,10425
122000267,184,194,-10
122000268,295,596,-301
122000269,2001,396,1605
122000270,4028,188,3840
122000271,1088,1455,-367
122000272,479,1549,-1070
122000273,587,636,-49
122000274,280,468,-188
122000275,201,396,-195
122000276,864,895,-31
122000277,1274,2036,-762
122000278,1339,1336,3
122000279,199,492,-293
122000280,1325,894,431
122000281,1131,886,245
122000282,198,207,-9
122000283,410,114,296
122000284,157,115,42
122000285,506,111,395
122000286,120,209,-89
122000287,1088,1770,-682
122000288,574,338,236
122000291,1509,789,720
122000293,503,290,213
122000294,169,325,-156
122000295,2312,333,1979
122000296,94,820,-726
122000297,4321,4145,176
122000299,349,646,-297
122000300,642,717,-75
122000301,21202,3832,17370
122000302,1195,1776,-581
122000303,6565,1649,4916
122000304,103,333,-230
122000305,1041,1417,-376
122000306,67,1170,-1103
122000307,225,205,20
122000309,172,106,66
122000310,94,117,-23
122000311,286,252,34
122000312,272,97,175
122000313,92,67,25
122000314,217,366,-149
122000315,321,15,306
122000316,651,275,376
122000317,1314,345,969
122000318,250,554,-304
122000319,299,894,-595
122000320,543,3786,-3243
122000321,249,422,-173
122000322,2911,5991,-3080
122000323,2100,3373,-1273
122000324,2168,2423,-255
122000325,1062,1924,-862
122000326,59,186,-127
122000327,657,1204,-547
122000328,2473,942,1531
122000330,2915,838,2077
122000333,6,336,-330
122000337,972,2589,-1617
122000338,737,688,49
122000340,930,380,550
122000342,4434,1528,2906
122000343,548,2256,-1708
122000344,64,48,16
122000345,144,212,-68
122000346,269,892,-623
122000348,805,958,-153
122000349,117,929,-812
122000351,166,320,-154
122000352,307,177,130
122000353,116,188,-72
122000355,214,161,53
122000356,4645,997,3648
122000357,67,19,48
122000358,0,98,-98
122000359,0,33,-33
122000360,2,61,-59
122000362,8,143,-135
122000364,109,498,-389
122000365,0,41,-41
122000366,10,12,-2
122000368,865,924,-59
122000370,18,80,-62
122000371,16,0,16
122000372,21,0,21
122000381,79,556,-477
122000382,81,395,-314
122000384,8701,3299,5402
122000385,39,0,39
122000386,2753,1998,755
122000387,2365,650,1715
122000388,6716,735,5981
122000389,473,721,-248
122000390,1213,305,908
122000391,786,128,658
122000392,239,259,-20
122000393,278,751,-473
122000394,689,403,286
122000395,152,253,-101
122000396,536,134,402
122000397,105,136,-31
122000398,83,114,-31
122000399,149,102,47
122000400,322,429,-107
122000401,202,138,64
122000402,286,211,75
122000403,475,1423,-948
122000404,178,514,-336
122000408,926,1693,-767
122000503,7,314,-307
122000524,220,132,88
122000544,123,8579,-8456
122000614,874,736,138
122000616,315,1,314
122000640,55,200,-145
122000641,71,514,-443
122000642,1395,1509,-114
122000643,42,206,-164
122000644,214,30,184
122000645,86,514,-428
122000651,4433,884,3549
122000664,376,46,330
122000665,1187,582,605
122000666,705,1613,-908
122000673,65,503,-438
122000674,156,68,88
122000675,2310,2092,218
122000686,474,1890,-1416
122000687,3724,527,3197
122000688,257,1239,-982
122000689,1073,938,135
122000690,1282,845,437
122000691,426,3891,-3465
122000692,1635,487,1148
122000693,454,2744,-2290
122000695,197,431,-234
122000696,378,430,-52
122000698,482,1995,-1513
122000699,191,71,120
122000701,1426,535,891
122000702,655,3213,-2558
122000703,209,150,59
122000712,1,0,1
122000717,1263,230,1033
122000718,1335,3107,-1772
122000719,288,92,196
122000720,465,404,61
122000724,375,509,-134
122900001,20,11,9
122900002,1812,5691,-3879
122900003,624,58,566
122900004,926,42,884
122900005,70,44,26
122900006,800,388,412
122900007,252,27,225
122900008,863,80,783
122900009,1144,514,630
122900010,248,273,-25
122900012,229,304,-75
122900014,182,402,-220
122900015,3378,723,2655
122900016,224,421,-197
122900017,948,1144,-196
122900018,568,25,543
122900020,522,490,32
122900021,96,969,-873
122900022,655,1308,-653
122900023,262,244,18
122900024,114,142,-28
122900025,7,215,-208
122900026,221,375,-154
122900027,107,1210,-1103
122900028,182,224,-42
122900029,6650,4369,2281
122900030,2160,534,1626
122900031,423,314,109
122900032,117,394,-277
122900033,267,142,125
122900034,5274,11299,-6025
122900035,42,6,36
122900036,79,392,-313
122900037,785,110,675
122900038,275,4556,-4281
122900039,92,579,-487
122900040,627,424,203
122900041,287,178,109
122900042,270,314,-44
122900043,1044,256,788
122900044,147,430,-283
122900045,155,131,24
122900046,116,89,27
122900047,981,264,717
122900048,45,493,-448
122900049,2812,133,2679
122900051,177,161,16
122900052,99,212,-113
122900053,19,36,-17
122900055,508,151,357
122900057,583,29,554
122900061,514,152,362
122900062,428,606,-178
122900063,220,408,-188
122900064,1360,723,637
122900065,843,166,677
122900066,618,288,330
122900067,1923,1126,797
122900069,291,1807,-1516
122900070,394,71,323
122900071,208,596,-388
122900073,55,390,-335
122900074,525,888,-363
122900075,4,122,-118
122900076,9,334,-325
122900077,0,170,-170
122900078,135,234,-99
122900080,91,34,57
122900081,794,220,574
122900082,1218,280,938
122900083,249,196,53
122900084,7,389,-382
122900086,17,46,-29
122900087,293,565,-272
122900088,68,107,-39
122900089,95,315,-220
122900090,18,1081,-1063
122900091,264,2,262
122900092,0,135,-135
122900093,1,514,-513
122900094,4,345,-341
122900095,185,9,176
122900096,349,631,-282
122900097,99,36,63
122900098,143,163,-20
122900099,32,6,26
122900100,582,338,244
122900101,1465,383,1082
122900102,19,12,7
122900103,132,23,109
122900104,95,7,88
122900105,7,8,-1
122900106,2,145,-143
122900107,7,355,-348
122900108,5,397,-392
122900109,217,215,2
123000001,3116,528,2588
123000002,8405,4041,4364
123000003,5350,5866,-516
123000004,4021,6320,-2299
123000005,3362,4859,-1497
123000006,4175,4585,-410
123000007,4839,4733,106
123000008,3694,5360,-1666
123000009,7598,4602,2996
123000010,5319,5047,272
123000011,11424,1433,9991
123000012,2791,3595,-804
123000013,6257,1356,4901
123000014,2717,5640,-2923
123000015,7009,1510,5499
123000016,9878,5248,4630
123000017,4081,1690,2391
123000018,48,148,-100
123000019,229,390,-161
123000020,127,160,-33
123000021,90,358,-268
123000022,638,2797,-2159
123000023,1858,1678,180
123000024,2544,870,1674
123000025,396,183,213
123000026,18,203,-185
123000027,420,323,97
123000028,1216,242,974
123000029,1616,396,1220
123000030,623,715,-92
123000031,133,541,-408
123000032,335,456,-121
123000033,837,120,717
123000034,1212,1133,79
123000035,365,498,-133
123000036,774,1402,-628
123000037,231,307,-76
123000038,185,337,-152
123000039,667,1497,-830
123000040,1478,294,1184
123000041,2653,1334,1319
123000042,2333,698,1635
123000043,5472,9287,-3815
123000044,7527,2321,5206
123000045,14325,3092,11233
123000046,1430,1664,-234
123000047,3665,1877,1788
123000048,58,560,-502
123000049,9506,8838,668
123000050,1230,1885,-655
123000051,117,307,-190
123000052,922,4015,-3093
123000053,2519,4431,-1912
123000054,1722,1984,-262
123000055,1131,2267,-1136
123000056,1942,2612,-670
123000057,24354,8224,16130
123000058,1080,1133,-53
123000059,476,648,-172
123000060,961,470,491
123000061,208,1146,-938
123000063,985,1158,-173
123000064,1226,332,894
123000065,10916,5328,5588
123000066,1225,1439,-214
123000067,1021,881,140
123000068,4753,5020,-267
123000069,8247,4825,3422
123000070,311,1138,-827
123000071,873,1740,-867
123000072,1046,2087,-1041
123000073,1443,1350,93
123000074,1465,3129,-1664
123000075,596,1404,-808
123000076,825,1512,-687
123000077,3191,4701,-1510
123000078,1565,3076,-1511
123000079,1390,3399,-2009
123000080,2748,3545,-797
123000081,227,942,-715
123000082,535,1679,-1144
123000083,1158,276,882
123000084,694,1214,-520
123000085,250,150,100
123000086,519,469,50
123000087,479,585,-106
123000088,1519,1465,54
123000089,608,2403,-1795
123000090,1826,1737,89
123000091,2452,2424,28
123000092,1753,1915,-162
123000094,738,421,317
123000095,446,1021,-575
123000096,726,597,129
123000097,563,1703,-1140
123000098,743,955,-212
123000099,803,1347,-544
123000100,538,885,-347
123000101,737,984,-247
123000102,748,843,-95
123000104,989,896,93
123000105,783,729,54
123000106,801,798,3
123000107,502,835,-333
123000108,909,1889,-980
123000111,894,545,349
123000112,998,1061,-63
123000113,865,2595,-1730
123000114,758,931,-173
123000115,327,509,-182
123000116,35,313,-278
123000117,1995,3249,-1254
123000118,617,1377,-760
123000119,369,1616,-1247
123000120,594,1411,-817
123000121,724,891,-167
123000122,640,298,342
123000123,769,981,-212
123000124,868,636,232
123000125,2004,1736,268
123000126,2647,4050,-1403
123000127,1581,1084,497
123000128,531,588,-57
123000129,646,360,286
123000130,668,138,530
123000131,1127,1152,-25
123000132,536,844,-308
123000133,464,698,-234
123000134,640,454,186
123000135,2213,2109,104
123000136,295,1713,-1418
123000137,158,536,-378
123000138,157,580,-423
123000139,691,284,407
123000140,132,1017,-885
123000141,1054,162,892
123000142,1422,1531,-109
123000143,2892,3721,-829
123000144,65,68,-3
123000145,335,146,189
123000146,112,109,3
123000147,163,171,-8
123000149,596,578,18
123000150,536,386,150
123000151,474,698,-224
123000152,109,476,-367
123000153,291,873,-582
123000154,2970,3685,-715
123000155,3444,1291,2153
123000156,67,186,-119
123000157,939,1201,-262
123000158,951,1258,-307
123000159,6181,2810,3371
123000160,1304,1094,210
123000161,2117,1913,204
123000162,878,2144,-1266
123000163,500,115,385
123000164,1583,309,1274
123000165,402,2573,-2171
123000166,30,249,-219
123000167,140,476,-336
123000168,278,473,-195
123000169,857,158,699
123000170,131,516,-385
123000171,481,99,382
123000172,205,848,-643
123000173,791,337,454
123000174,1156,421,735
123000175,1143,1754,-611
123000176,1058,239,819
123000177,368,1324,-956
123000178,1115,218,897
123000179,49,967,-918
123000180,1439,457,982
123000181,352,2029,-1677
123000182,268,572,-304
123000183,152,449,-297
123000184,145,959,-814
123000185,557,824,-267
123000186,94,943,-849
123000187,521,9,512
123000188,338,39,299
123000189,77,13,64
123000190,57,223,-166
123000192,55,667,-612
123000193,99,1015,-916
123000194,297,279,18
123000195,445,41,404
123000196,368,68,300
123000197,121,95,26
123000198,19,310,-291
123000199,15,819,-804
123000200,479,34,445
123000201,768,58,710
123000202,53,1630,-1577
123000203,914,77,837
123000204,99,1466,-1367
123000205,488,2348,-1860
123000206,1448,215,1233
123000207,173,1370,-1197
123000208,631,396,235
123000209,2679,568,2111
123000210,696,2824,-2128
123000211,733,3575,-2842
123000212,2993,472,2521
123000213,839,103,736
123000215,260,288,-28
123000216,267,2041,-1774
123000217,234,66,168
123000218,127,655,-528
123000219,1389,117,1272
123000220,625,142,483
123000221,249,193,56
123000222,650,627,23
123000223,157,844,-687
123000224,553,1089,-536
123000225,265,105,160
123000226,67,420,-353
123000227,111,441,-330
123000228,318,69,249
123000229,2109,2629,-520
123000232,126,964,-838
123000233,1012,266,746
123000234,259,1018,-759
123000235,745,420,325
123000236,268,1172,-904
123000237,359,94,265
123000238,117,934,-817
123000239,693,2601,-1908
123000240,83,645,-562
123000241,1810,188,1622
123000242,111,256,-145
123000243,1084,1248,-164
123000244,1251,781,470
123000245,74,178,-104
123000249,700,1617,-917
123000252,1162,274,888
123000253,1085,561,524
123000254,636,1386,-750
123000255,1229,1007,222
123000256,42,340,-298
123000257,4488,3770,718
123000258,1477,1745,-268
123000259,319,589,-270
123000260,517,790,-273
123000261,171,239,-68
123000262,154,347,-193
123000263,409,111,298
123000264,237,84,153
123000265,87,226,-139
123000266,650,1116,-466
123000267,369,379,-10
123000268,66,98,-32
123000269,32,62,-30
123000270,23,83,-60
123000271,130,98,32
123000272,1239,466,773
123000273,433,750,-317
123000274,1556,736,820
123000275,402,1514,-1112
123000278,5545,4283,1262
123000279,148,267,-119
123000280,666,519,147
123000281,444,137,307
123000282,233,349,-116
123000283,127,81,46
123000284,61,172,-111
123000286,409,357,52
123000287,832,361,471
123000288,2115,867,1248
123000289,887,1253,-366
123000291,405,983,-578
123000294,494,432,62
123000295,1137,1175,-38
123000296,507,487,20
123000297,644,1685,-1041
123000298,617,890,-273
123000299,200,705,-505
123000300,1468,1498,-30
123000301,245,343,-98
123000302,81,313,-232
123000303,359,105,254
123000305,1739,1314,425
123000306,100,328,-228
123000309,101,98,3
123000310,129,48,81
123000311,12,284,-272
123000312,1681,1440,241
123000313,435,780,-345
123000315,50,484,-434
123000316,4144,541,3603
123000317,353,69,284
123000318,63,476,-413
123000329,14,18,-4
123000337,415,495,-80
123000338,670,73,597
123000339,226,336,-110
123000340,262,925,-663
123000342,75,309,-234
123000343,178,3,175
123000344,1424,658,766
123000345,413,850,-437
123000346,459,120,339
123000352,2983,1039,1944
123000353,24,247,-223
123000354,744,22,722
123000355,6,1157,-1151
123000356,369,21,348
123000357,1,406,-405
123000359,2,257,-255
123000360,214,177,37
123000361,1016,371,645
123000362,331,152,179
123000363,85,230,-145
123000364,826,643,183
123000365,49,456,-407
123000366,384,2347,-1963
123000367,577,2065,-1488
123000370,58,472,-414
123000371,442,51,391
123000372,348,56,292
123000373,7,402,-395
123000374,13,366,-353
123000375,254,46,208
123000376,1424,1083,341
123000377,315,19,296
123000378,25,532,-507
123000379,11,506,-495
123000380,53,157,-104
123000381,363,48,315
123000382,1427,117,1310
123000383,461,1615,-1154
123000384,860,113,747
123000385,805,1370,-565
123000436,170,1381,-1211
123000507,188,886,-698
123000508,199,842,-643
123000517,346,49,297
123000518,32,411,-379
123000519,126,106,20
123000520,81,303,-222
123000521,463,139,324
123000522,168,644,-476
123000541,2,1,1
123000542,0,58,-58
123000565,479,26,453
123000566,214,1092,-878
123000567,463,436,27
123000573,36,1416,-1380
123000574,532,101,431
123000575,1500,1599,-99
123000576,727,3444,-2717
123000577,180,1142,-962
123000578,1226,97,1129
123000579,6314,6650,-336
123000580,222,138,84
123000582,431,36,395
123000583,7,627,-620
123000584,260,444,-184
123000585,0,190,-190
123000586,95,1,94
123000596,227,249,-22
123000597,97,228,-131
123000602,50,8,42
123000603,418,1423,-1005
123000604,675,1599,-924
123000605,1470,34,1436
123000606,2,473,-471
123000609,33,421,-388
123000610,209,133,76
123000613,42,319,-277
123000614,217,61,156
123000615,66,439,-373
123000616,423,88,335
123000617,113,667,-554
123000618,101,898,-797
123000619,889,59,830
123000620,26,864,-838
123000622,324,26,298
123000624,133,153,-20
123000630,1023,698,325
123000631,473,3609,-3136
123000632,2230,2100,130
123000633,4,685,-681
123000634,209,140,69
123000635,393,170,223
123000636,33,1179,-1146
123000637,258,58,200
123000638,827,117,710
123000639,1276,4341,-3065
123000640,34,1323,-1289
123000648,603,91,512
123000649,60,884,-824
123000650,132,114,18
123000651,36,327,-291
123000652,101,45,56
123000653,7,199,-192
123000654,52,315,-263
123900001,1928,103,1825
123900002,32,1648,-1616
123900003,467,844,-377
123900005,437,138,299
123900006,615,102,513
124000001,1944,66,1878
124000002,94,2407,-2313
124000003,626,139,487
124000004,50,877,-827
124000005,912,407,505
124000006,267,1463,-1196
124000007,851,122,729
124000008,38,860,-822
124000009,520,366,154
124000010,199,889,-690
124000011,2100,401,1699
124000012,613,863,-250
124000017,199,134,65
124000018,153,117,36
124000019,151,159,-8
124000020,64,253,-189
124000021,178,95,83
124000022,121,286,-165
124000023,1392,264,1128
124000024,1365,1002,363
124000025,927,598,329
124000026,981,794,187
124000027,1589,873,716
124000028,3270,1385,1885
124000031,1558,2096,-538
124000032,5475,1581,3894
124000033,1220,874,346
124000034,1549,1839,-290
124000035,381,190,191
124000036,811,1003,-192
124000037,498,1019,-521
124000038,39,114,-75
124000039,1259,461,798
124000040,726,999,-273
124000041,309,192,117
124000042,65,586,-521
124000043,126,217,-91
124000044,56,368,-312
124000045,529,595,-66
124000046,297,925,-628
124000047,1086,1034,52
124000048,787,2036,-1249
124000049,1598,1023,575
124000050,661,2977,-2316
124000051,852,745,107
124000052,703,1820,-1117
124000053,571,1530,-959
124000054,1012,1461,-449
124000055,1378,2343,-965
124000056,4784,1730,3054
124000057,976,637,339
124000058,651,1791,-1140
124000059,745,1218,-473
124000060,2242,1529,713
124000061,1866,4946,-3080
124000062,9847,2699,7148
124000063,1633,3031,-1398
124000064,5093,3015,2078
124000065,761,587,174
124000066,667,108,559
124000067,126,250,-124
124000068,65,142,-77
124000069,522,407,115
124000070,197,655,-458
124000071,281,142,139
124000072,288,605,-317
124000073,1044,161,883
124000074,298,990,-692
124000075,264,90,174
124000076,10,283,-273
124000077,1869,919,950
124000078,2498,1552,946
124000079,565,1188,-623
124000080,499,208,291
124000081,179,1167,-988
124000082,73,190,-117
124000083,113,325,-212
124000084,114,428,-314
124000085,106,93,13
124000086,102,168,-66
124000087,183,142,41
124000088,241,715,-474
124000089,747,454,293
124000090,231,536,-305
124000091,1487,250,1237
124000092,385,1015,-630
124000093,115,194,-79
124000094,112,672,-560
124000095,49,107,-58
124000096,106,342,-236
124000097,152,197,-45
124000098,81,213,-132
124000099,216,167,49
124000100,90,135,-45
124000101,108,134,-26
124000102,141,156,-15
124000103,100,120,-20
124000104,217,206,11
124000105,102,105,-3
124000106,338,216,122
124000107,24,174,-150
124000108,112,80,32
124000109,101,102,-1
124000110,280,202,78
124000111,314,206,108
124000112,783,1245,-462
124000113,104,95,9
124000114,308,865,-557
124000115,499,1266,-767
124000116,110,155,-45
124000117,144,154,-10
124000118,43,108,-65
124000119,2994,899,2095
124000120,1725,843,882
124000121,3613,1227,2386
124000122,587,1764,-1177
124000123,1053,583,470
124000124,724,1421,-697
124000125,383,526,-143
124000126,496,836,-340
124000127,922,537,385
124000128,688,1312,-624
124000129,2197,1830,367
124000130,1017,957,60
124000131,1598,601,997
124000132,1343,1136,207
124000133,1185,1112,73
124000134,896,1266,-370
124000135,1925,2047,-122
124000136,1185,1502,-317
124000137,1568,933,635
124000138,1983,1447,536
124000139,1430,76,1354
124000140,142,891,-749
124000141,694,25,669
124000142,80,1027,-947
124000143,110,24,86
124000144,4,287,-283
124000145,108,63,45
124000146,36,151,-115
124000148,20,133,-113
124000149,1111,521,590
124000150,679,738,-59
124000151,869,522,347
124000152,1084,1814,-730
124000153,1229,1089,140
124000154,531,1378,-847
124000155,1402,1267,135
124000156,2330,1460,870
124000169,412,1038,-626
124000170,1378,609,769
124000171,489,511,-22
124000172,649,853,-204
124000173,587,512,75
124000174,541,1050,-509
124000175,14,155,-141
124000176,53,15,38
124000177,8,33,-25
124000178,34,38,-4
124000185,48,12,36
124000186,3,196,-193
124000187,10,225,-215
124000188,44,18,26
124000190,312,41,271
124000191,2029,142,1887
124000192,3219,409,2810
124000193,865,1164,-299
124000194,534,686,-152
124000195,310,570,-260
124000196,2084,1813,271
124000197,69,108,-39
124000198,27,43,-16
124000201,375,1777,-1402
124000202,687,212,475
124000203,211,1420,-1209
124000204,520,767,-247
124000205,34,927,-893
124000206,408,506,-98
124000207,0,56,-56
124000209,259,605,-346
124000210,398,220,178
124000211,467,0,467
124000212,1,673,-672
124000213,266,624,-358
124000214,229,907,-678
124000215,316,22,294
124000216,2,794,-792
124000329,145,3162,-3017
124000338,86,1576,-1490
124000339,518,131,387
124000341,1077,115,962
124000344,155,122,33
124000357,1998,5050,-3052
124000358,2119,3837,-1718
124000359,1336,1050,286
124000360,676,836,-160
124000361,2513,705,1808
124000362,1792,1838,-46
124000363,405,630,-225
124000364,806,1252,-446
124000365,904,1504,-600
124000366,3001,2120,881
124000367,177,642,-465
124000368,540,333,207
124000369,216,235,-19
124000370,73,739,-666
124000402,46,13,33
124000403,63,14,49
124000404,4,165,-161
124000405,965,860,105
124000406,1034,1093,-59
124000407,9,40,-31
124000411,12,475,-463
124000412,477,17,460
124000413,1112,45,1067
124000414,70,156,-86
124000415,50,281,-231
124000416,128,535,-407
124000417,122,140,-18
124000418,112,160,-48
124000419,66,280,-214
124000420,52,127,-75
124000421,37,417,-380
124000422,74,31,43
124000423,161,60,101
124000424,4,230,-226
124000425,99,33,66
124000426,5,300,-295
124000427,113,7,106
124000428,77,43,34
124000429,40,64,-24
124000430,862,774,88
124000431,426,898,-472
124000432,162,1489,-1327
124000439,25,20,5
124000443,0,1,-1
124000445,626,1189,-563
124000446,4375,230,4145
124000447,35,247,-212
124000448,57,17,40
124000449,118,15,103
124000450,19,761,-742
124000451,2,432,-430
124000452,426,149,277
124000453,3329,4793,-1464
124000454,4620,6069,-1449
124000457,9,141,-132
124000458,9,259,-250
124900001,441,344,97
124900002,145,588,-443
124900003,946,833,113
124900004,473,519,-46
124900005,376,317,59
124900006,515,499,16
124900008,1539,580,959
124900009,128,303,-175
124900010,114,61,53
124900011,385,341,44
124900012,411,125,286
124900013,401,177,224
124900014,225,127,98
124900015,166,259,-93
124900016,52,77,-25
124900017,736,1020,-284
124900018,39,10,29
124900020,55,71,-16
124900021,134,61,73
124900022,34,9,25
124900024,256,60,196
124900026,117,4,113
124900027,106,276,-170
124900028,773,143,630
124900029,9,462,-453
124900030,16,217,-201
124900031,37,458,-421
124900032,230,206,24
124900033,116,439,-323
124900034,4,117,-113
124900035,217,551,-334
124900036,0,53,-53
124900037,228,568,-340
124900038,239,521,-282
124900039,1,32,-31
124900040,147,102,45
124900041,354,1667,-1313
124900042,118,2,116
124900043,523,1524,-1001
124900044,173,0,173
124900045,648,1129,-481
124900047,150,234,-84
124900048,156,226,-70
124900050,216,430,-214
124900052,135,405,-270
124900053,105,396,-291
124900054,4554,528,4026
124900055,0,179,-179
124900057,23,260,-237
124900060,83,297,-214
124900061,51,10,41
124900062,97,15,82
124900066,1,8,-7
124900067,12,322,-310
124900068,201,472,-271
124900070,51,27,24
124900072,65,39,26
124900075,137,261,-124
124900076,40,794,-754
124900077,17,125,-108
124900078,77,15,62
124900079,1162,256,906
124900080,278,1063,-785
124900081,910,349,561
124900082,467,1594,-1127
124900083,242,825,-583
124900085,1483,228,1255
124900086,61,1073,-1012
124900087,592,111,481
124900088,663,108,555
124900089,1851,34,1817
124900090,251,274,-23
124900091,377,691,-314
124900092,268,573,-305
124900093,357,195,162
124900094,336,315,21
124900095,59,459,-400
124900096,693,226,467
124900097,295,116,179
124900098,87,614,-527
124900099,640,522,118
124900100,208,93,115
124900101,62,251,-189
124900102,204,66,138
124900103,191,496,-305
124900104,58,367,-309
124900105,96,239,-143
124900106,293,91,202
124900107,77,19,58
124900108,232,78,154
124900111,0,100,-100
124900112,74,927,-853
124900113,156,312,-156
124900114,280,156,124
124900115,61,37,24
124900116,149,128,21
124900117,1362,134,1228
124900118,200,230,-30
124900119,366,175,191
124900120,46,538,-492
124900121,157,294,-137
124900122,599,265,334
124900123,493,117,376
124900124,220,344,-124
124900125,279,2,277
124900126,2,483,-481
204000001,77,28,49
204000002,46,35,11
204000003,53,0,53
204000004,6,1,5
204000005,725,1099,-374
204000006,1498,3451,-1953
204000011,9,93,-84
204000012,52,142,-90
204000019,761,703,58
204000020,883,1277,-394
204000021,3238,1134,2104
204000022,623,686,-63
204000023,578,1622,-1044
204000031,240,18,222
204000032,1029,63,966
204000034,51,355,-304
204000035,12,4,8
204000036,15,21,-6
204000037,11,27,-16
204000038,2,36,-34
204000039,13,66,-53
204000040,3,46,-43
204000041,10,43,-33
204000042,87,10,77
204000043,19,7,12
204000044,42,4,38
204000045,43,13,30
204000046,14,2,12
204000057,9,30,-21
204000062,49,175,-126
204000068,103,343,-240
204000069,38,379,-341
204000070,95,168,-73
204000080,40,72,-32
204000085,1834,2590,-756
204000086,4580,3556,1024
204000087,101,40,61
204000088,8,186,-178
204000090,134,573,-439
204000093,299,177,122
204000096,1191,1394,-203
204000097,297,197,100
204000099,1147,2425,-1278
204000100,1230,2438,-1208
204000105,2542,2539,3
204000110,1079,2281,-1202
204000111,706,1423,-717
204000112,2122,1334,788
204000113,924,1392,-468
204000114,922,1036,-114
204000115,866,639,227
204000116,3034,960,2074
204000119,2238,3805,-1567
204000132,626,472,154
204000133,860,514,346
204000134,273,224,49
204000135,943,246,697
204000136,409,452,-43
204000138,521,716,-195
204000140,306,218,88
204000141,164,117,47
204000144,10,33,-23
204000145,547,39,508
204000146,18,559,-541
204000147,166,259,-93
204000148,568,110,458
204000154,7,1,6
204000155,10,8,2
204000177,75,105,-30
204000179,43,30,13
204000180,0,68,-68
204000222,3,7,-4
204000235,16,16,0
204000236,91,392,-301
204000238,14,57,-43
204000240,511,91,420
204000263,894,2058,-1164
204000268,1378,1303,75
204000308,337,69,268
204000317,6,135,-129
204000322,5,60,-55
204000323,30,29,1
204000328,277,218,59
204000329,192,236,-44
204000330,419,311,108
204000331,234,214,20
205000001,1390,2140,-750
205000013,17,94,-77
205000014,27,92,-65
205000015,52,251,-199
205000016,31,230,-199
205000017,75,115,-40
205000022,493,1033,-540
205000025,2268,1418,850
205000029,317,8,309
205000045,260,286,-26
205000046,122,820,-698
205000047,65,666,-601
205000048,287,1691,-1404
205000049,175,1071,-896
205000050,1893,473,1420
205000059,0,320,-320
205000060,0,120,-120
205000061,7,39,-32
205000062,4,47,-43
205000063,29,332,-303
205000064,19,251,-232
205000065,66,807,-741
205000066,119,1172,-1053
205000067,54,1480,-1426
205000069,230,35,195
205000082,192,675,-483
205000110,103,342,-239
205000111,208,436,-228
205000112,159,275,-116
205000113,254,321,-67
205000121,403,296,107
205000123,57,292,-235
205000126,518,498,20
205000127,814,675,139
205000128,912,480,432
205000129,1022,410,612
205000130,1461,149,1312
205000131,1619,49,1570
205000132,2525,12,2513
205000133,2103,10,2093
205000134,671,1,670
205000137,91,201,-110
205000138,241,409,-168
205000139,28,179,-151
205000144,98,158,-60
205000145,306,657,-351
205000151,200,225,-25
205000152,251,148,103
205000153,210,263,-53
205000154,83,282,-199
205000155,270,86,184
205000207,12,271,-259
205000233,109,1,108
205000234,0,0,0
205000243,0,0,0
205000244,0,7,-7
205000245,42,554,-512
205000249,0,50,-50
205000250,3,0,3
205000264,11,121,-110
206000027,15,12,3
206000028,3,4,-1
206000043,19,133,-114
206000053,7,18,-11
206000054,7,31,-24
206000055,0,52,-52
206000075,8,7,1
206000076,33,30,3
206000077,17,10,7
206000078,32,10,22
206000079,25,9,16
206000082,714,45,669
206000100,113,1025,-912
206000103,21,27,-6
206000104,27,42,-15
206000105,12,26,-14
206000106,15,38,-23
206000125,48,1,47
206000157,103,863,-760
206000170,0,216,-216
206000171,4,220,-216
206000172,7,971,-964
206000173,0,353,-353
206000174,11,100,-89
206000175,2,165,-163
206000176,9,331,-322
206000177,2,235,-233
206000178,8,174,-166
206000179,31,92,-61
206000180,22,186,-164
206000181,4,436,-432
206000182,17,326,-309
206000183,40,1183,-1143
206000184,1,397,-396
206000185,5,332,-327
206000186,111,1813,-1702
206000223,9,225,-216
206000226,9,2,7
206000227,13,3,10
206000237,32,537,-505
206000238,38,708,-670
206000239,617,2405,-1788
206000240,1,72,-71
206000241,0,173,-173
206000242,23,411,-388
206000243,8,363,-355
206000244,71,992,-921
206000245,605,82,523
206000246,139,11,128
206000247,142,30,112
206000248,676,30,646
206000252,86,42,44
206000258,31,32,-1
206000315,35,8,27
206000317,613,117,496
206000318,340,97,243
206000319,726,222,504
206000320,87,74,13
206000321,83,14,69
206000322,298,17,281
206000323,103,13,90
206000324,89,14,75
206000325,270,11,259
206000326,315,13,302
206000327,625,13,612
206000328,102,11,91
206000329,156,12,144
206000330,14,13,1
206000331,79,6,73
206000332,14,10,4
206000333,377,4,373
206000334,172,2,170
206000335,0,18,-18
206000361,10,277,-267
206000392,1,21,-20
206000405,217,2,215
206000441,22,16,6
206000498,76,3,73
206000515,114,35,79
206000530,167,62,105
206000531,319,195,124
206000532,3950,286,3664
206000535,441,3512,-3071
206000536,33,284,-251
206000537,17,174,-157
206000613,1666,300,1366
206000784,531,42,489
207000001,256,649,-393
207000002,161,403,-242
207000003,218,243,-25
207000007,818,269,549
207000008,68,20,48
207000009,87,40,47
207000010,727,713,14
207000012,305,381,-76
207000015,477,2299,-1822
207000019,367,118,249
207000021,795,257,538
207000022,194,176,18
207000023,178,114,64
207000024,13,28,-15
207000025,40,104,-64
207000026,188,62,126
207000027,33,110,-77
207000028,74,305,-231
207000029,342,572,-230
207000033,363,409,-46
207000034,357,118,239
207000039,298,236,62
207000040,220,204,16
207000041,67,71,-4
207000042,386,101,285
207000043,342,250,92
207000051,151,342,-191
207000052,58,265,-207
207000053,515,894,-379
207000054,65,208,-143
207000055,158,252,-94
207000056,354,562,-208
207000057,161,396,-235
207000058,221,621,-400
207000059,129,1133,-1004
207000060,125,418,-293
207000061,351,392,-41
207000062,312,51,261
207000063,297,179,118
207000064,486,219,267
207000065,334,333,1
207000066,200,287,-87
207000067,80,195,-115
207000068,177,109,68
207000069,808,477,331
207000082,23,453,-430
207000083,129,442,-313
207000084,267,402,-135
207000085,205,25,180
207000086,200,6,194
207000106,19,43,-24
207000107,70,40,30
207000108,77,29,48
207000109,80,17,63
207000110,48,81,-33
207000111,68,71,-3
207000112,428,644,-216
207000114,25,68,-43
207000115,17,110,-93
207000116,28,384,-356
207000117,11,149,-138
207000118,5,111,-106
207000119,49,119,-70
207000123,286,30,256
207000124,65,36,29
207000125,61,55,6
207000126,65,73,-8
207000134,96,308,-212
207000135,31,379,-348
207000148,33,259,-226
207000149,100,65,35
207000152,238,477,-239
207000153,1135,1334,-199
207000154,536,181,355
207000159,98,364,-266
207000160,195,832,-637
207000238,2,248,-246
207000242,6,360,-354
207000248,64,27,37
207000249,203,39,164
207000250,1658,85,1573
207000251,237,124,113
207000252,65,105,-40
207000278,133,156,-23
207000279,33,296,-263
207000280,403,93,310
207000281,111,1739,-1628
207000282,267,99,168
207000283,181,325,-144
207000284,91,208,-117
207000285,233,38,195
207000291,12,136,-124
207000304,219,118,101
207000306,89,535,-446
207000310,77,83,-6
207000353,318,12,306
207000356,27,30,-3
207000357,69,11,58
207000358,31,10,21
207000415,9,327,-318
207000417,42,3,39
207000418,135,211,-76
207000438,0,1,-1
207000439,1102,631,471
207000446,136,2,134
207000460,10,16,-6
207000466,268,187,81
207000467,238,204,34
207000468,77,587,-510
207000476,11,137,-126
207000477,427,224,203
207000478,2,43,-41
207000523,0,5,-5
207000524,85,0,85
207000527,130,253,-123
207000530,289,14,275
207000531,294,7,287
207000532,86,19,67
207000534,933,61,872
207000535,54,389,-335
207000537,31,205,-174
207000540,8,364,-356
207000541,1,531,-530
207000548,9,523,-514
207000549,309,12,297
207000561,136,126,10
207000562,75,346,-271
207000567,242,359,-117
207000568,111,162,-51
207000569,499,1626,-1127
207000584,544,254,290
207000585,154,323,-169
207000587,101,37,64
207000616,0,191,-191
207000617,151,0,151
207000624,79,48,31
207000631,11,56,-45
207900008,152,333,-181
208000001,720,1396,-676
208000002,924,909,15
208000003,1700,1239,461
208000004,2608,1499,1109
208000005,45,22,23
208000019,529,1271,-742
208000020,256,723,-467
208000021,325,798,-473
208000022,1066,1008,58
208000028,2173,1343,830
208000033,617,1104,-487
208000034,1780,2906,-1126
208000037,670,71,599
208000040,152,267,-115
208000041,915,687,228
208000042,1235,825,410
208000047,201,783,-582
208000064,3486,2792,694
208000066,2353,2870,-517
208000070,428,668,-240
208000071,647,1425,-778
208000072,438,2089,-1651
208000080,302,750,-448
208000081,408,384,24
208000082,418,463,-45
208000083,190,520,-330
208000084,181,19,162
208000085,2084,803,1281
208000086,857,1155,-298
208000087,521,1040,-519
208000089,1235,1081,154
208000090,943,1534,-591
208000093,160,224,-64
208000094,717,868,-151
208000095,963,580,383
208000104,1018,1740,-722
208000105,819,1904,-1085
208000114,113,400,-287
208000115,564,494,70
208000116,571,1287,-716
208000117,100,261,-161
208000118,134,199,-65
208000155,875,1362,-487
208000158,2376,4479,-2103
208000186,3935,4989,-1054
208000204,830,1859,-1029
208000205,1414,2332,-918
208000282,5679,2900,2779
209000004,297,426,-129
209000005,82,84,-2
209000006,894,180,714
209000007,909,364,545
209000010,1103,201,902
209000011,387,377,10
209000012,207,261,-54
209000013,299,749,-450
209000014,786,1619,-833
209000025,566,62,504
209000026,1029,214,815
209000027,626,1597,-971
209000028,702,1458,-756
209000029,1602,1304,298
209000030,1714,2252,-538
209000031,5053,3459,1594
209000034,223,398,-175
209000035,168,290,-122
209000036,306,235,71
209000037,218,470,-252
209000038,114,325,-211
209000039,78,260,-182
209000040,363,726,-363
209000041,242,567,-325
209000042,304,588,-284
209000043,944,1146,-202
209000044,270,1055,-785
209000045,1642,455,1187
209000046,668,602,66
209000047,593,334,259
209000048,1161,282,879
209000049,111,157,-46
209000050,165,303,-138
209000051,382,602,-220
209000052,277,532,-255
209000062,46,203,-157
209000063,35,206,-171
209000064,27,233,-206
209000065,65,114,-49
209000066,76,81,-5
209000067,77,122,-45
209000080,55,436,-381
209000082,130,89,41
209000091,60,119,-59
209000093,98,46,52
209000094,296,189,107
209000110,94,147,-53
209000111,518,2763,-2245
209000112,1238,1031,207
209000113,4692,1094,3598
209000114,543,726,-183
209000115,163,313,-150
209000116,1166,941,225
209000118,128,65,63
209000119,121,11,110
209000121,230,944,-714
209000135,114,247,-133
209000142,1277,3626,-2349
209000143,304,213,91
209000144,257,153,104
209000229,273,225,48
209000240,104,804,-700
209000259,151,178,-27
209000260,53,1332,-1279
209000261,4,718,-714
209000262,2,640,-638
209000263,0,191,-191
209000264,0,74,-74
209000265,303,1,302
209000266,91,0,91
209000267,689,7,682
209000268,810,47,763
210000037,135,39,96
210000047,98,59,39
210000048,68,44,24
210000049,103,49,54
210000052,40,157,-117
210000053,31,88,-57
210000054,60,110,-50
210000070,149,0,149
210000071,71,1,70
210000072,58,0,58
210000073,0,54,-54
210000074,0,218,-218
210000075,1,102,-101
210000076,20,161,-141
210000077,120,40,80
210000078,89,32,57
210000079,206,19,187
210000080,545,96,449
210000081,309,9,300
210000082,288,1,287
210000083,136,3,133
210000084,49,0,49
210000085,1,156,-155
210000086,2,232,-230
210000099,36,435,-399
210000100,98,427,-329
210000101,124,513,-389
210000105,45,518,-473
210000159,1,214,-213
210000163,177,351,-174
210000164,454,238,216
210000168,321,38,283
210000187,0,18,-18
210000188,0,37,-37
210000214,56,0,56
210000219,31,85,-54
210000220,91,110,-19
210000232,1,27,-26
210000233,26,115,-89
210000234,12,210,-198
210000235,53,203,-150
210000245,0,72,-72
210000246,35,1,34
210000258,14,114,-100
210000259,445,47,398
210000282,107,406,-299
210000285,2,90,-88
210000286,15,224,-209
210000290,6,22,-16
210000295,59,327,-268
210000296,143,107,36
210000320,125,109,16
210000321,109,88,21
210000338,334,112,222
210000339,551,1756,-1205
210000340,170,771,-601
210000341,332,548,-216
210000342,212,385,-173
210000343,443,337,106
210000344,986,249,737
210000345,422,487,-65
210000346,193,211,-18
210000347,543,63,480
210000348,352,25,327
210000349,431,35,396
210000350,116,65,51
210000351,125,130,-5
210000352,57,210,-153
210000353,50,216,-166
210000354,110,223,-113
210000355,129,186,-57
210000356,290,134,156
210000357,187,113,74
210000358,789,217,572
210000359,414,139,275
210000360,317,175,142
210000361,196,208,-12
210000362,270,288,-18
210000363,1163,280,883
210000364,226,222,4
210000365,188,122,66
210000366,165,96,69
210000367,145,47,98
210000368,213,53,160
210000369,111,20,91
210000370,220,81,139
210000372,103,70,33
210000373,311,50,261
210000374,201,17,184
210000375,35,186,-151
210000376,224,280,-56
210000404,75,321,-246
210000439,29,86,-57
210000472,223,14,209
210000482,134,102,32
210000564,679,369,310
210000567,3,44,-41
210000568,812,6,806
211000092,24,90,-66
211000094,11,8,3
211000169,365,17,348
211000172,16,406,-390
211000209,1,41,-40
211000226,24,51,-27
211000270,33,34,-1
211000275,42,28,14
211000276,102,26,76
211000279,23,70,-47
211000281,43,93,-50
211000302,25,121,-96
211507980,1,52,-51
211977296,116,1,115
212000003,361,153,208
212000004,313,42,271
212000005,73,51,22
212000006,87,162,-75
212000008,181,271,-90
212000009,31,235,-204
212000012,93,103,-10
212000013,43,72,-29
212000014,291,220,71
212000015,292,292,0
212000016,444,688,-244
212000027,501,952,-451
212000028,285,836,-551
212000029,235,603,-368
212000030,50,67,-17
212000031,63,116,-53
212000048,52,187,-135
212000049,20,122,-102
212000050,12,11,1
212000051,174,272,-98
212000052,149,473,-324
212000053,322,710,-388
212000054,185,251,-66
212000055,154,528,-374
212000056,12,85,-73
212000057,22,49,-27
212000058,652,52,600
212000070,108,361,-253
212000077,109,1033,-924
212000099,278,527,-249
212000108,609,469,140
212000111,225,186,39
212000120,253,143,110
212000138,324,43,281
212000156,7,183,-176
212000158,11,17,-6
212000159,335,88,247
212000160,486,498,-12
212000161,127,11,116
212000310,38,15,23
212000311,15,157,-142
212000374,28,12,16
213000001,53,609,-556
213000005,505,195,310
213000006,1363,319,1044
213000007,252,22,230
213000009,817,535,282
213000010,220,327,-107
213000011,394,170,224
213000014,56,4,52
213000015,229,3,226
213000016,355,1,354
213000017,68,0,68
213000018,5,234,-229
213000019,1,188,-187
213000020,115,412,-297
213000021,5,105,-100
213000023,300,268,32
213000033,280,1554,-1274
213000034,670,412,258
213000035,89,530,-441
213000045,160,298,-138
213000046,204,275,-71
213000047,684,1216,-532
213000056,87,101,-14
213000069,242,4,238
213000073,0,23,-23
213000074,106,422,-316
213000075,603,12,591
213000076,45,4,41
213000085,3,44,-41
213000086,25,324,-299
213000091,115,13,102
213000092,57,20,37
213000099,245,1186,-941
213000100,1552,373,1179
213000101,258,164,94
213000102,347,338,9
213000103,1055,788,267
213000104,71,517,-446
213000105,3,45,-42
213000106,23,211,-188
213000107,126,673,-547
213000108,20,222,-202
213000109,18,543,-525
213000110,4,221,-217
213000111,16,111,-95
213000112,74,43,31
213000115,53,4,49
213000116,76,1051,-975
213000117,12,1520,-1508
213000118,396,473,-77
213000119,81,811,-730
213000120,117,597,-480
213000122,466,1379,-913
213000123,1048,1783,-735
213000124,131,1636,-1505
213000125,174,16,158
213000126,57,141,-84
213000127,171,211,-40
213000128,741,1035,-294
213000129,431,737,-306
213000130,354,471,-117
213000132,277,191,86
213000133,363,156,207
213000134,1005,19,986
213000136,456,45,411
213000137,598,153,445
213000139,736,45,691
213000147,194,2,192
213000148,83,10,73
213000149,263,10,253
213000150,0,109,-109
213000151,11,131,-120
213000152,12,96,-84
213000153,2,38,-36
213000154,27,467,-440
213000155,31,580,-549
213000156,67,1310,-1243
213000157,1473,649,824
213000158,328,860,-532
213000159,332,952,-620
213000163,472,122,350
213000165,508,325,183
213000171,33,200,-167
213000172,50,452,-402
213000173,16,279,-263
213000174,0,96,-96
213000175,20,85,-65
213000176,10,208,-198
213000177,14,18,-4
213000178,67,13,54
213000179,174,55,119
213000180,157,81,76
213000184,48,194,-146
213000188,372,113,259
213000189,327,53,274
213000190,947,1270,-323
213000191,267,803,-536
213000192,179,865,-686
213000193,3279,494,2785
213000194,0,44,-44
213000195,24,777,-753
213000196,371,1431,-1060
213000197,287,1674,-1387
213000198,109,1,108
213000200,195,2168,-1973
213000201,164,122,42
213000202,29,1811,-1782
213000203,5277,1008,4269
213000204,662,162,500
213000205,183,251,-68
213000206,775,199,576
213000207,234,35,199
213000208,316,3,313
213000209,358,12,346
213000210,1261,4,1257
213000211,43,1,42
213000212,92,16,76
213000213,86,28,58
213000218,369,939,-570
213000219,560,34,526
213000220,658,13,645
213000223,471,350,121
213000224,72,91,-19
213000225,58,21,37
213000226,77,46,31
213000227,934,460,474
213000228,340,176,164
213000229,581,44,537
213000230,541,113,428
213000232,91,874,-783
213000233,17,32,-15
213000234,0,51,-51
213000293,67,60,7
213000294,303,44,259
213000295,58,88,-30
213000296,72,35,37
213000297,22,155,-133
213000298,17,180,-163
213000299,67,83,-16
213000300,34,9,25
213000303,12,37,-25
213000304,6,11,-5
213000305,2,10,-8
213000306,344,61,283
213000307,1162,109,1053
213000308,135,353,-218
213000309,200,63,137
213000310,361,160,201
213000311,405,1127,-722
213000315,151,196,-45
213000316,126,81,45
213000322,51,49,2
213000323,23,70,-47
213000340,210,1923,-1713
213000341,375,174,201
213000346,285,193,92
213000347,940,336,604
213000348,4,150,-146
213000349,20,8,12
213000350,671,2541,-1870
213000366,71,564,-493
213000367,183,50,133
213000379,93,121,-28
213000386,28,401,-373
213000406,125,634,-509
213000417,1618,612,1006
213000425,84,50,34
213000426,112,101,11
213000427,45,371,-326
213000428,31,264,-233
213000429,12,10,2
213000430,106,1117,-1011
213000431,53,2,51
213000432,1,28,-27
213000433,11,176,-165
213000434,82,156,-74
213000435,64,202,-138
213000439,64,34,30
213000441,0,0,0
213000443,500,881,-381
213000445,0,179,-179
213000446,2,14,-12
213000447,15,80,-65
213000448,7,86,-79
213000449,190,0,190
213000450,15,54,-39
213000451,206,88,118
213000452,33,31,2
213000453,64,437,-373
213000455,416,24,392
213000456,0,278,-278
213000481,14,24,-10
213000482,62,10,52
213000489,594,297,297
213000491,14,263,-249
213000492,1104,7,1097
213000493,0,256,-256
213000494,147,169,-22
213000495,0,139,-139
213000496,187,298,-111
213000497,179,420,-241
213000498,81,293,-212
213000499,117,578,-461
213000500,261,84,177
213000501,81,27,54
213000502,501,79,422
213000504,57,387,-330
213000505,7,23,-16
213000506,0,23,-23
213000507,192,299,-107
213900244,18,0,18
213900245,0,52,-52
218000003,65,34,31
218000004,45,26,19
218000005,89,48,41
218000006,118,31,87
218000007,10,13,-3
218000012,678,361,317
218000013,108,219,-111
218000014,500,673,-173
218000019,736,697,39
218000020,282,856,-574
218000040,4,5,-1
218000046,77,191,-114
218000047,35,259,-224
218000048,50,283,-233
218000049,98,298,-200
218000050,335,444,-109
218000051,79,473,-394
218000052,5,146,-141
218000053,13,18,-5
218000054,17,44,-27
218000055,4,24,-20
218000056,24,44,-20
218000057,2,66,-64
218000064,0,23,-23
218000065,60,88,-28
218000066,15,103,-88
218000067,45,147,-102
218000068,125,119,6
218000069,168,376,-208
218000070,103,383,-280
218000071,226,299,-73
218000072,252,266,-14
218000078,1024,1790,-766
218000079,60,106,-46
218000080,83,143,-60
218000081,336,406,-70
218000082,45,217,-172
218000083,56,99,-43
218000084,112,244,-132
218000085,127,589,-462
218000086,69,237,-168
218000087,222,339,-117
218000090,8,137,-129
218000091,1255,916,339
218000092,80,254,-174
218000093,182,107,75
218000094,716,958,-242
218000099,376,812,-436
218000100,195,400,-205
218000101,315,203,112
218000102,389,416,-27
218000103,106,257,-151
218000104,129,58,71
218000105,85,9,76
218000106,17,12,5
218000107,69,86,-17
218000108,4,43,-39
218000112,95,9,86
218000117,45,117,-72
218000134,657,1426,-769
218000135,69,232,-163
218000136,272,88,184
218000137,280,109,171
218000138,66,137,-71
218000139,179,417,-238
218000140,417,309,108
218000141,130,90,40
218000142,233,177,56
218000143,162,266,-104
218000144,136,110,26
218000145,340,447,-107
218000146,41,206,-165
218000151,58,44,14
218000152,136,87,49
218000170,4,77,-73
218000171,65,21,44
218000172,29,11,18
218000173,51,10,41
218000174,47,14,33
218000176,123,44,79
218000177,269,282,-13
218000178,84,253,-169
218000179,78,152,-74
218000180,30,45,-15
218000181,166,48,118
218000187,4,20,-16
218000188,110,71,39
218000189,27,73,-46
218000190,3,13,-10
218000191,141,138,3
218000192,223,523,-300
218000193,494,671,-177
218000194,86,567,-481
218000195,129,140,-11
218000196,266,374,-108
218000197,182,466,-284
218000198,12,257,-245
218000199,55,42,13
218000200,96,42,54
218000201,45,12,33
218000202,494,455,39
218000207,20,90,-70
218000208,126,87,39
218000211,89,7,82
218000213,157,124,33
218000214,7,39,-32
218000215,72,108,-36
218000217,9,226,-217
218000218,184,139,45
218000219,330,37,293
218000220,536,378,158
218000221,3970,266,3704
218000222,93,43,50
218000223,36,331,-295
218000224,6,135,-129
218000225,170,52,118
218000226,104,64,40
218000232,59,182,-123
218000239,116,13,103
218000240,17,4,13
218000241,29,2,27
218000242,51,7,44
218000243,59,0,59
218000244,23,1,22
218000245,44,1,43
218000246,7,0,7
218000247,1,0,1
218000248,0,24,-24
218000249,0,1,-1
218000250,8,14,-6
218000251,4,9,-5
218000252,2,28,-26
218000253,0,13,-13
218000254,3,10,-7
218000255,4,6,-2
218000256,5,63,-58
218000267,1343,1699,-356
218000268,18,70,-52
218000269,3,26,-23
218000270,85,89,-4
218000271,50,97,-47
218000273,17,22,-5
218000274,11,25,-14
218000275,11,49,-38
218000276,14,47,-33
218000278,63,44,19
218000279,48,106,-58
218000280,13,74,-61
218000281,21,14,7
218000282,918,582,336
218000284,236,49,187
218000301,94,139,-45
218000302,80,47,33
218000303,73,72,1
218000316,913,2248,-1335
218000317,962,2233,-1271
218000318,508,1546,-1038
218000319,1428,2484,-1056
218000320,1190,1413,-223
218000338,184,44,140
218000345,248,59,189
218000346,237,281,-44
218000459,40,434,-394
218000490,256,57,199
218000501,135,101,34
218000502,47,149,-102
218000503,144,37,107
218000504,270,35,235
218000505,70,228,-158
218000506,54,315,-261
218000508,1,3,-2
218000510,301,14,287
218000520,179,149,30
218000521,9,96,-87
218000522,1,161,-160
218000523,333,13,320
218000524,28,32,-4
218000525,164,14,150
218000526,60,108,-48
218000529,52,383,-331
218000531,15,29,-14
218000532,25,33,-8
218000534,124,32,92
218000537,95,107,-12
218000538,164,165,-1
218000540,575,63,512
218000543,191,64,127
218000544,99,165,-66
218000545,48,83,-35
218000546,87,169,-82
218000547,90,143,-53
218000548,155,303,-148
218000549,378,256,122
218000550,250,586,-336
218000551,316,800,-484
218000552,618,49,569
218000553,81,106,-25
218000554,180,35,145
218000555,53,53,0
218000556,320,534,-214
218000557,367,370,-3
218000558,51,1,50
218000559,0,16,-16
218000560,0,13,-13
218000561,29,0,29
218000562,58,186,-128
218000563,286,26,260
218000564,27,290,-263
218000565,265,20,245
218000566,315,27,288
218000568,10,3,7
218000569,27,171,-144
218000570,161,12,149
218000571,0,120,-120
218000572,158,1,157
218000573,26,318,-292
218000574,124,71,53
218000575,150,3,147
218000576,1,34,-33
218000577,333,2,331
218000578,2,75,-73
218000579,75,79,-4
218000581,4,85,-81
218000582,119,5,114
218000583,3,0,3
218000584,1,27,-26
218000585,79,2,77
218000586,20,57,-37
218000587,17,2,15
218000588,7,8,-1
218000589,3,3,0
218000590,5,0,5
218000591,0,4,-4
218000592,2,2,0
218000593,16,1,15
218000594,4,1,3
218000597,6,1,5
218000598,0,1,-1
218000599,15,0,15
218000600,25,7,18
218000601,4,0,4
218000602,0,6,-6
218000603,0,6,-6
218000604,19,1,18
218000605,0,68,-68
218000606,229,1,228
218000607,17,50,-33
218000608,79,24,55
218000609,1,60,-59
218000610,215,3,212
218000611,39,0,39
218000612,0,27,-27
218000613,38,1,37
218000614,0,56,-56
218000615,262,2,260
218000616,14,149,-135
218000617,54,1,53
218000618,1,18,-17
218000619,11,40,-29
218000620,3,15,-12
218000621,0,9,-9
218000622,0,27,-27
218000623,77,4,73
218000624,8,38,-30
218000625,21,2,19
218000626,0,8,-8
218000628,147,48,99
218000631,67,48,19
218000632,4,173,-169
218000633,79,0,79
218000634,12,26,-14
218000635,25,7,18
218000636,933,2303,-1370
218000637,670,1079,-409
218000638,115,149,-34
218000639,17,260,-243
218000640,189,62,127
218000641,78,416,-338
218000652,89,184,-95
218000653,145,86,59
218000663,14,244,-230
218000675,98,59,39
218000680,264,933,-669
218000681,404,254,150
218000691,166,524,-358
218000693,171,286,-115
218000718,772,870,-98
218000719,1417,354,1063
218000720,10,216,-206
218000721,51,7,44
218001147,8,692,-684
218001214,47,34,13
218001258,108,4,104
218001329,305,211,94
218001330,275,188,87
218001351,28,24,4
218001352,36,20,16
218001353,31,22,9
218001354,13,26,-13
218001355,78,623,-545
218001356,235,15,220
218001357,47,481,-434
218001358,187,26,161
218001361,184,45,139
218001362,2,748,-746
219000001,35,94,-59
219000002,76,113,-37
219000003,51,45,6
219000004,71,72,-1
219000017,655,32,623
219000020,159,62,97
219000022,190,2,188
219000023,134,1,133
219000029,0,151,-151
219000034,135,19,116
219000039,76,77,-1
219000040,99,35,64
219000041,227,83,144
219000051,0,50,-50
219000052,0,15,-15
219000053,4,314,-310
219000055,194,5,189
219000056,84,3,81
219000057,258,2,256
219000062,42,276,-234
219000063,149,24,125
219000064,1,147,-146
219000110,276,75,201
219000111,142,40,102
219000112,227,67,160
219000113,165,100,65
219000114,327,129,198
219000116,77,40,37
219000117,115,119,-4
219000118,158,98,60
219000123,437,167,270
219000124,177,120,57
219000125,9,36,-27
219000126,149,181,-32
219000127,0,7,-7
219000128,18,152,-134
219000129,50,224,-174
219000130,1120,1129,-9
219000131,1203,1054,149
219000133,104,56,48
219000134,42,22,20
219000135,40,70,-30
219000136,156,283,-127
219000138,92,32,60
219000139,12,70,-58
219000140,31,0,31
219000141,11,190,-179
219000142,24,182,-158
219000143,18,195,-177
219000145,22,130,-108
219000146,1,76,-75
219000147,4,84,-80
219000148,4,82,-78
219000149,15,170,-155
219000150,2,142,-140
219000151,3,85,-82
219000157,283,205,78
219000158,201,475,-274
219000161,355,20,335
219000163,1974,540,1434
219000166,212,283,-71
219000167,141,331,-190
219000168,445,224,221
219000174,511,88,423
219000175,74,5,69
219000176,47,27,20
219000177,28,4,24
219000178,37,3,34
219000179,9,13,-4
219000180,25,42,-17
219000182,96,46,50
219000183,61,50,11
219000184,99,18,81
219000185,0,93,-93
219000186,57,92,-35
219000187,9,196,-187
219000189,201,174,27
219000190,166,347,-181
219000191,2501,1646,855
219000192,256,214,42
219000193,642,271,371
219000195,2,117,-115
219000196,3,181,-178
219000198,32,247,-215
219000199,160,428,-268
219000200,66,375,-309
219000201,147,316,-169
219000203,74,192,-118
219000204,215,291,-76
219000205,118,206,-88
219000207,374,444,-70
219000209,23,119,-96
219000210,413,203,210
219000213,17,364,-347
219000239,242,372,-130
219000240,355,445,-90
219000241,130,389,-259
219000242,80,319,-239
219000243,120,421,-301
219000244,81,188,-107
219000245,69,77,-8
219000246,131,34,97
219000247,108,58,50
219000248,785,391,394
219000249,245,104,141
219000250,248,95,153
219000251,662,170,492
219000252,375,182,193
219000253,313,77,236
219000255,135,159,-24
219000256,180,156,24
219000257,289,3,286
219000262,104,343,-239
219000263,55,374,-319
219000267,5,264,-259
219000268,5,4,1
219000269,19,9,10
219000270,11,0,11
219000271,151,28,123
219000278,0,3,-3
219000279,1,10,-9
219000283,0,35,-35
219000295,7,165,-158
219000296,111,776,-665
219000297,21,233,-212
219000298,6,313,-307
219000299,440,171,269
219000300,38,441,-403
219000301,321,501,-180
219000302,67,379,-312
219000307,44,80,-36
219000308,55,40,15
219000311,224,75,149
219000312,577,98,479
219000313,294,47,247
219000314,73,839,-766
219000315,172,56,116
219000316,481,96,385
219000317,87,23,64
219000320,0,60,-60
219000321,1,25,-24
219000323,9,97,-88
219000325,4,27,-23
219000326,75,154,-79
219000327,77,51,26
219000328,34,80,-46
219000329,261,188,73
219000330,19,37,-18
219000331,76,35,41
219000332,85,158,-73
219000333,11,11,0
219000335,113,14,99
219000337,12,4,8
219000338,280,5,275
219000344,52,115,-63
219000345,86,124,-38
219000346,44,197,-153
219000348,167,202,-35
219000349,78,317,-239
219000350,64,206,-142
219000351,9,4,5
219000352,254,91,163
219000353,129,68,61
219000354,89,210,-121
219000355,119,83,36
219000356,2481,1195,1286
219000363,305,62,243
219000364,115,44,71
219000365,147,37,110
219000366,390,617,-227
219000368,650,551,99
219000370,1786,475,1311
219000371,24,37,-13
219000382,10,26,-16
219000383,1221,1119,102
219000385,830,742,88
219000386,1076,2105,-1029
219000387,4,6,-2
219000390,20,26,-6
219000391,17,0,17
219000397,101,88,13
219000398,64,39,25
219000401,14,175,-161
219000402,28,178,-150
219000403,162,357,-195
219000404,27,173,-146
219000407,8,63,-55
219000409,47,80,-33
219000410,65,28,37
219000411,87,15,72
219000446,301,519,-218
219000447,24,35,-11
219000448,14,46,-32
219000452,212,103,109
219000453,191,235,-44
219000454,600,219,381
219000556,309,123,186
219000558,273,356,-83
219000590,26,201,-175
219000591,66,87,-21
219000592,184,608,-424
219000595,1,77,-76
219000635,164,139,25
219000636,47,201,-154
219000657,27,11,16
219000658,47,77,-30
219000673,0,26,-26
219000676,106,2,104
219000679,143,21,122
219000684,151,1,150
219000685,3,97,-94
219000686,2,2,0
219000688,2,107,-105
219000689,48,415,-367
219000690,212,35,177
219000691,80,251,-171
219000692,135,44,91
219000693,0,36,-36
219000694,1,0,1
219000695,6,9,-3
219000698,170,0,170
219000699,0,12,-12
219000727,5,270,-265
219000728,142,5,137
219000770,49,13,36
219000771,8,48,-40
219000788,600,535,65
219001150,1,19,-18
219001151,4,1,3
219001166,61,18,43
219001167,1,138,-137
219001178,47,0,47
220000001,80,90,-10
220000002,37,232,-195
220000003,582,305,277
220000004,1238,698,540
220000005,1935,1521,414
220000006,635,1326,-691
220000007,439,901,-462
220000008,460,1406,-946
220000009,507,1142,-635
220000010,402,232,170
220000011,1292,6959,-5667
220000012,112,836,-724
220000014,142,66,76
220000015,163,231,-68
220000017,73,577,-504
220000018,9335,2736,6599
220000019,194,375,-181
220000020,607,363,244
220000021,598,298,300
220000022,582,764,-182
220000023,276,276,0
220000024,2332,565,1767
220000025,1450,1114,336
220000026,319,233,86
220000027,79,174,-95
220000028,70,93,-23
220000029,1869,996,873
220000030,341,208,133
220000031,519,554,-35
220000064,39,963,-924
221000046,6,0,6
221000047,0,2,-2
221000048,0,5,-5
221000049,0,17,-17
221000050,17,0,17
221000055,82,54,28
221000068,398,150,248
221000069,346,85,261
221000070,199,34,165
221000071,112,7,105
221000072,273,13,260
221000073,169,81,88
221000074,0,43,-43
221000075,17,17,0
221000076,45,65,-20
221000077,58,176,-118
221000081,74,8,66
221000082,70,14,56
221000083,38,9,29
221000084,18,1,17
221000085,21,78,-57
221000086,21,165,-144
221000087,7,196,-189
221000088,23,264,-241
221000089,46,397,-351
221000090,136,649,-513
221000098,146,15,131
221000099,171,26,145
221000100,110,18,92
221000101,339,36,303
221000103,26,35,-9
221000104,15,63,-48
221000107,48,5,43
221000108,49,25,24
221000111,26,366,-340
221000112,10,257,-247
221000113,20,242,-222
221000114,8,276,-268
221000120,25,46,-21
221000121,8,34,-26
221000122,100,47,53
221000123,44,27,17
221000124,64,321,-257
221000155,105,18,87
221000156,137,37,100
221000175,3,17,-14
221000176,6,9,-3
221000182,44,21,23
221000241,815,325,490
221000242,209,544,-335
221000243,770,132,638
221000244,262,693,-431
221000245,157,141,16
221000246,54,347,-293
221000247,152,174,-22
221000248,288,302,-14
221000267,104,982,-878
221000325,94,74,20
221000331,25,142,-117
221000338,84,43,41
221000378,292,41,251
221000381,115,123,-8
222000282,4,3,1
222000296,5,43,-38
222000568,371,7,364
222000569,250,22,228
222000570,181,10,171
222000571,490,7,483
222000577,7,323,-316
222000578,18,259,-241
222000579,45,205,-160
222000580,104,1153,-1049
222000599,0,186,-186
222000600,5,432,-427
222000601,13,1249,-1236
222000603,42,15,27
222000604,12,36,-24
222000605,26,27,-1
222000606,1,8,-7
222000607,5,5,0
222000608,38,20,18
222000609,61,408,-347
222000616,187,73,114
222000617,34,14,20
222000618,7,4,3
222000620,95,11,84
222000621,116,13,103
222000623,683,5,678
222000624,374,3,371
222000625,402,41,361
222000636,122,6,116
222000686,78,12,66
222000687,84,42,42
222001066,261,4,257
222001067,7,6,1
222001068,26,41,-15
222001069,30,35,-5
222001082,12,42,-30
222001083,4,45,-41
222001084,0,47,-47
222001085,0,82,-82
222001111,19,193,-174
222001112,88,43,45
222001313,112,5,107
222001314,18,105,-87
222001464,139,64,75
222001465,57,311,-254
222001484,114,67,47
222001485,33,88,-55
222001494,258,229,29
222001495,154,546,-392
222001496,268,125,143
222001497,138,784,-646
222001503,88,84,4
222001504,10,260,-250
222001505,242,19,223
222001506,12,292,-280
222001507,252,34,218
222001510,384,35,349
222001514,602,172,430
222001518,172,68,104
222001519,90,518,-428
222001527,448,71,377
222001529,167,24,143
222001530,36,304,-268
222001533,159,476,-317
222001534,260,80,180
222001535,189,268,-79
222001536,128,452,-324
222001537,219,31,188
222001538,235,1175,-940
222001563,390,111,279
222001564,36,654,-618
222001568,407,134,273
222001576,2,3,-1
222001579,1,7,-6
222001583,18,259,-241
222001584,130,29,101
222001596,816,2737,-1921
222001597,1786,361,1425
222001626,0,236,-236
222001650,38,111,-73
222001651,37,150,-113
222001914,197,73,124
222001915,124,516,-392
222001968,561,279,282
222001969,542,1100,-558
222001970,261,413,-152
222001971,30,30,0
222001972,2,17,-15
225000001,629,337,292
225000002,589,317,272
225000003,545,233,312
225000004,297,517,-220
225000005,42,143,-101
225000006,0,248,-248
225000007,4616,1770,2846
225000010,463,7,456
225000011,802,2244,-1442
225000012,164,896,-732
225000013,372,274,98
225000014,2525,157,2368
225000015,125,325,-200
225000021,816,413,403
225000027,393,844,-451
225000032,885,249,636
225000042,101,1187,-1086
225000049,63,81,-18
225000050,58,42,16
225000053,12,460,-448
225000058,1214,214,1000
225000067,199,266,-67
225000068,174,667,-493
225000069,215,769,-554
225000070,89,797,-708
225000071,76,413,-337
225000075,58,1912,-1854
225000076,143,174,-31
225000078,226,137,89
225000085,46,212,-166
225000086,866,69,797
225000087,357,32,325
225000088,22,231,-209
225000089,468,1269,-801
225000090,47,692,-645
225000091,205,362,-157
225000092,36,89,-53
225000093,199,581,-382
225000094,14,660,-646
225000095,433,786,-353
225000096,430,735,-305
225000098,670,368,302
225000099,468,211,257
225000100,214,208,6
225000104,116,779,-663
225000110,23,796,-773
225000111,442,1701,-1259
225000112,1005,1637,-632
225000113,244,957,-713
225000114,105,486,-381
225000115,3702,839,2863
225000116,1517,278,1239
225000117,1368,638,730
225000118,953,556,397
225000119,225,158,67
225000120,642,99,543
225000121,394,62,332
225000123,2885,32,2853
225000125,538,552,-14
225000126,2364,405,1959
225000127,1413,1568,-155
225000128,491,997,-506
225000132,232,40,192
225000133,322,46,276
225000134,629,176,453
225000135,43,11,32
225000136,278,34,244
225000137,160,175,-15
225000138,661,95,566
225000143,200,324,-124
225000144,6,513,-507
225000145,57,93,-36
225000146,70,228,-158
225000147,15,554,-539
225000148,4,371,-367
225000149,78,790,-712
225000151,40,482,-442
225000155,447,710,-263
225000156,612,1265,-653
225000157,438,580,-142
225000158,165,673,-508
225000171,5,212,-207
225000180,22,1,21
225000181,0,94,-94
225000182,122,22,100
225000185,24,632,-608
225000187,63,649,-586
225000191,162,1,161
225000194,0,22,-22
225000208,5,75,-70
225000209,135,27,108
225000210,12,476,-464
225000217,2,30,-28
225000218,9,1,8
225000223,4,149,-145
225000224,389,1,388
225000225,3,193,-190
225000226,455,5,450
225000227,76,229,-153
225000228,14,19,-5
225000229,0,135,-135
225000230,14,0,14
225000231,0,197,-197
225000232,64,0,64
225000241,120,1,119
225000242,1,81,-80
225000249,5,1,4
225000250,48,1520,-1472
225000251,387,26,361
226000042,400,391,9
226000043,357,599,-242
226000044,270,783,-513
226000045,309,1097,-788
226000046,718,157,561
226000047,731,188,543
226000048,623,128,495
226000049,531,266,265
226000070,0,60,-60
226000071,0,144,-144
226000072,0,92,-92
226000073,1,11,-10
226000074,0,16,-16
226000084,0,31,-31
226000085,6,25,-19
226000086,1,10,-9
226000087,1,6,-5
226000088,61,21,40
226000090,460,96,364
226000091,11,31,-20
226000092,1,1,0
226000093,31,0,31
226000094,57,6,51
226000095,61,7,54
226000105,6,4,2
226000106,29,0,29
226000107,22,0,22
226000108,71,0,71
226000109,88,0,88
226000124,304,129,175
226000134,499,769,-270
226000135,1170,1204,-34
226000136,394,749,-355
226000137,2,377,-375
226000138,8,646,-638
226000139,8,100,-92
226000156,152,1,151
226000157,173,9,164
226000163,314,529,-215
226000202,28,1054,-1026
226000231,424,25,399
226000232,86,14,72
227000033,246,173,73
227000036,19,7,12
227000037,156,59,97
227000038,291,101,190
227000049,1,17,-16
227000050,0,77,-77
227000055,132,2,130
227000056,275,1,274
227000084,5,37,-32
227000085,0,46,-46
227000088,288,11,277
227000089,187,4,183
227000090,126,3,123
227000091,36,1,35
227000093,238,0,238
227000094,30,0,30
227000130,50,90,-40
227000131,7,314,-307
227000132,16,283,-267
227000133,11,288,-277
227000134,19,448,-429
227000152,0,4,-4
227000153,0,41,-41
227000155,6,23,-17
227000156,1,19,-18
227000165,5,27,-22
227000196,310,475,-165
227000199,261,462,-201
227000230,27,418,-391
227000232,269,33,236
227000241,157,52,105
227000242,45,501,-456
227000243,433,161,272
227000245,13,450,-437
227000246,80,574,-494
227000247,261,200,61
227000248,703,63,640
227000249,47,275,-228
227000250,690,262,428
227000251,326,388,-62
227000252,26,423,-397
227000253,78,41,37
227000262,185,73,112
227000266,748,17,731
227000267,70,1774,-1704
227000282,0,37,-37
227000284,86,2,84
227000286,0,11,-11
227000287,6,34,-28
227000291,4,111,-107
227000484,179,18,161
227000485,1,271,-270
227000655,132,41,91
227000656,169,21,148
227000657,97,11,86
227000661,387,16,371
227000680,496,47,449
229000265,25,106,-81
229000296,5,40,-35
229000297,5,65,-60
229000298,25,282,-257
229000320,3,12,-9
229000321,26,9,17
229000412,26,68,-42
229000414,14,102,-88
229000415,75,0,75
229000416,2,8,-6
229000417,12,12,0
229000419,167,421,-254
229000440,304,145,159
229000442,13,0,13
229000443,4,6,-2
229000444,4,63,-59
229000445,49,18,31
229000446,100,31,69
229000847,44,3,41
229000848,9,0,9
229000849,114,1,113
229000851,52,0,52
229000854,0,28,-28
229000856,2,144,-142
229000857,0,35,-35
229000858,1,125,-124
229000919,10,129,-119
229000930,4,310,-306
229000937,79,13,66
229000966,45,22,23
229000981,15,78,-63
229000985,1,47,-46
229000986,0,18,-18
229000987,0,4,-4
229000988,4,6,-2
229000989,32,18,14
229000990,0,1,-1
229000991,2,1,1
229000992,13,7,6
229000993,330,18,312
229000998,9,101,-92
229000999,109,22,87
229001034,0,21,-21
229001035,17,3,14
229001037,54,21,33
229001042,8,20,-12
229001047,5,80,-75
229001050,49,96,-47
229001200,5,2,3
229001338,8,25,-17
229001394,264,41,223
229001422,141,50,91
229001423,42,161,-119
229001431,36,92,-56
229001432,58,110,-52
229001444,122,132,-10
229001445,70,333,-263
229001503,175,103,72
229001504,143,304,-161
229001505,107,66,41
229001506,59,297,-238
229001509,52,78,-26
229001545,83,14,69
229001546,9,129,-120
229001553,54,10,44
229001554,34,109,-75
229001559,1,9,-8
229001560,4,18,-14
229001630,100,14,86
229001631,5,102,-97
229001635,0,7,-7
229001636,1,3,-2
229001658,4,188,-184
229001659,75,3,72
229001660,2,3,-1
229001661,3,30,-27
229001662,116,2,114
229001663,0,27,-27
229002584,176,210,-34
229002831,384,235,149
229002841,26,12,14
229002842,34,35,-1
229002843,167,30,137
229002844,106,32,74
229002845,32,44,-12
229002846,100,16,84
229002847,34,8,26
229002848,29,26,3
229002849,2,55,-53
229002850,10,0,10
229002851,95,75,20
229002852,131,27,104
229002853,196,11,185
229002854,52,39,13
229002855,33,4,29
229002856,52,24,28
229002857,8,37,-29
229002858,9,33,-24
229002859,159,18,141
229002860,118,19,99
229002861,50,51,-1
229002862,22,25,-3
229002863,30,12,18
229002864,40,56,-16
229002865,12,11,1
229002866,12,15,-3
229002867,5,28,-23
229002868,19,8,11
229002869,30,159,-129
229002870,61,12,49
235000066,490,125,365
235000067,137,223,-86
235000072,37,79,-42
235000073,78,406,-328
235000074,21,54,-33
235000080,61,113,-52
235000081,55,109,-54
235000082,186,137,49
235000083,140,183,-43
235000084,68,86,-18
235000085,39,75,-36
235000089,56,63,-7
235000092,10,202,-192
235000093,7,3,4
235000097,16,8,8
235000098,40,27,13
235000099,53,33,20
235000116,71,47,24
235000117,943,27,916
235000133,10,428,-418
235000134,13,140,-127
235000206,3,3,0
235000207,2,5,-3
235000208,3,0,3
235000209,10,1,9
235000210,6,5,1
235000212,4,21,-17
235000213,0,13,-13
235000220,1,6,-5
235000238,64,54,10
235000239,1,9,-8
235000242,315,483,-168
235000245,1041,205,836
235000246,49,84,-35
235000284,6,140,-134
235000295,184,11,173
235000305,201,47,154
235000306,70,21,49
235000307,7,6,1
235000308,31,2,29
235000309,28,1,27
235000310,92,1,91
235000311,331,10,321
235000322,0,26,-26
235000323,0,75,-75
235000324,0,17,-17
235000325,4,7,-3
235000326,7,288,-281
235000351,0,116,-116
235000352,18,59,-41
235000353,3,49,-46
235000354,6,45,-39
235000355,25,54,-29
235000356,71,7,64
235000357,24,5,19
235000358,56,27,29
235000359,7,1,6
235000360,46,18,28
235000361,112,1,111
235000381,70,358,-288
235000382,120,44,76
235000390,7,0,7
235000391,82,19,63
235000392,103,160,-57
235000393,77,137,-60
235000395,58,48,10
235000396,257,136,121
235000400,196,189,7
235000401,138,190,-52
235000405,133,256,-123
235000406,38,263,-225
235000407,68,137,-69
235000409,259,238,21
235000410,42,252,-210
235000411,0,94,-94
235000485,0,4,-4
235000486,4,0,4
235000549,38,62,-24
235000550,33,163,-130
235000599,50,81,-31
235000600,19,18,1
235000601,14,37,-23
235000602,54,117,-63
235000614,1,3,-2
235000648,1,25,-24
235000649,78,9,69
235000685,2,8,-6
235000815,18,42,-24
235000834,0,5,-5
235000855,47,56,-9
235000862,38,218,-180
235000891,0,4,-4
235000892,98,25,73
235000901,57,98,-41
235000907,5,21,-16
235001010,37,64,-27
235001029,587,482,105
235001030,327,232,95
235001078,108,112,-4
235001079,78,109,-31
235001147,21,108,-87
235001166,13,86,-73
235001167,16,42,-26
235001169,31,282,-251
235001188,8,7,1
235001189,2,3,-1
235001197,24,32,-8
235001200,46,22,24
235001207,270,67,203
235001210,88,397,-309
235001215,65,303,-238
235001239,0,59,-59
235001244,1,8,-7
235016267,0,36,-36
277102712,14,0,14
277103813,0,0,0
277103814,0,0,0
277104249,0,2,-2
277104250,0,18,-18
277104251,0,8,-8
277104252,1,3,-2
990011530,0,261,-261
990014944,3,542,-539
990015176,93,9,84
990016032,2,746,-744
990032570,2,83,-81
990070001,149,5,144
990070103,0,3,-3
990070601,0,37,-37
990070751,316,0,316
990070766,1,754,-753
990071180,874,345,529
990071343,56,4,52
990071387,0,16,-16
990071823,19,3,16
990072600,0,833,-833
990072964,2,561,-559
990073285,0,3,-3
990074393,4,1524,-1520
990074870,767,10,757
990075106,681,4,677
990075746,367,4,363
990076437,827,13,814
990076458,5,1700,-1695
997000007,220,10,210
997000041,0,116,-116
997000058,17,0,17
997000062,157,1,156
997000069,0,5,-5
997000070,0,143,-143
997000100,28,1,27
997000141,2,884,-882
997000198,330,838,-508
998000475,0,21,-21
998000736,3,315,-312
998000965,0,9,-9
998001031,0,61,-61
998001700,0,43,-43
998001899,0,1,-1
998001900,12,2,10
998003073,1140,8,1132
998101900,0,0,0
998102850,0,91,-91
998501927,825,597,228
998501929,107,37,70
998501930,61,1,60
998501931,136,18,118
998501932,9,0,9
998501933,32,3,29
998501937,32,25,7
998501944,2,0,2
998501950,0,35,-35
998501970,39,1,38
998501971,0,84,-84
998501973,0,64,-64
998501974,0,329,-329
998501975,624,72,552
998501976,264,2,262
998501977,1,19,-18
998501978,16,1,15
998501979,1,25,-24
998501980,210,1,209
998501981,28,9,19
998501982,1,127,-126
998501983,0,2,-2
998502006,0,0,0
998502024,1,18,-17
998502032,0,0,0
998502062,16,1,15
998502063,0,0,0
998502173,65,0,65
998502269,0,23,-23
998502546,4,170,-166
998502578,2,4,-2
998502599,94,690,-596
998502621,2,3,-1
998601159,4,228,-224
998601292,0,15,-15
999033574,3,1872,-1869
999800001,54,3,51
999800002,0,5,-5
999800003,1,1,0
999800004,0,3,-3
999800005,0,9,-9
