ID,insum,outsum,diff
100000001,616,496,120
100000002,2005,575,1430
100000003,6126,2096,4030
100000004,1599,724,875
100000005,1551,2268,-717
100000006,242,76,166
100000007,1131,433,698
100000008,146,603,-457
100000009,157,132,25
100000010,18,38,-20
100000011,463,68,395
100000012,52,752,-700
100000013,20,186,-166
100000014,188,292,-104
100000015,1044,884,160
100000016,956,1319,-363
100000017,620,949,-329
100000018,1209,489,720
100000019,4545,1452,3093
100000020,1551,2676,-1125
100000021,6898,2062,4836
100000022,1458,651,807
100000023,6047,783,5264
100000025,2911,469,2442
100000028,1941,788,1153
100000029,317,184,133
100000030,543,48,495
100000031,4814,3833,981
100000032,2075,2289,-214
100000033,688,1406,-718
100000034,847,321,526
100000035,1622,604,1018
100000036,2781,815,1966
100000037,364,404,-40
100000038,898,743,155
100000039,427,123,304
100000040,103,90,13
100000041,747,290,457
100000042,516,244,272
100000043,558,244,314
100000044,401,662,-261
100000045,400,1262,-862
100000046,691,1269,-578
100000047,281,813,-532
100000048,332,538,-206
100000049,1600,2588,-988
100000051,288,1091,-803
100000053,22,8,14
100000054,132,18,114
100000055,398,232,166
100000056,171,489,-318
100000057,1462,840,622
100000058,817,1351,-534
100000059,3,110,-107
100000060,193,308,-115
100000061,1293,385,908
100000062,1030,391,639
100000063,296,222,74
100000064,663,318,345
100000065,377,1018,-641
100000066,171,923,-752
100000067,351,810,-459
100000068,505,1544,-1039
100000069,179,1691,-1512
100000072,371,1023,-652
100000073,1026,1194,-168
100000075,379,288,91
100000076,1987,1228,759
100000077,612,99,513
100000078,100,37,63
100000079,35,35,0
100000080,5,1,4
100000081,88,27,61
100000102,2412,1104,1308
100000103,3103,722,2381
100000104,5369,1067,4302
100000105,3606,582,3024
100000106,2527,1321,1206
100000107,679,291,388
100000108,939,913,26
100000109,3486,1004,2482
100000116,1497,520,977
100000117,32,11,21
100000118,1083,629,454
100000119,433,444,-11
100000121,160,551,-391
100000122,962,691,271
100000123,3254,3287,-33
100000124,7296,4496,2800
100000125,3117,578,2539
100000126,535,178,357
100000127,1449,275,1174
100000128,918,862,56
100000129,432,282,150
100000130,340,515,-175
100000131,3678,2430,1248
100000132,1597,1350,247
100000133,8217,2548,5669
100000135,384,566,-182
100000139,186,191,-5
100000140,192,248,-56
100000142,256,407,-151
100000143,1656,894,762
100000144,4150,895,3255
100000147,842,1722,-880
100000150,17,389,-372
100000151,678,421,257
100000153,333,249,84
100000154,125,64,61
100000155,5,38,-33
100000156,70,45,25
100000157,19,273,-254
100000158,38,104,-66
100000159,393,343,50
100000165,845,584,261
100000169,833,307,526
100000174,1649,349,1300
100000179,73,525,-452
100000180,922,871,51
100000181,88,238,-150
100000188,49,318,-269
100000189,499,231,268
100000190,353,350,3
100000191,520,374,146
100000192,96,78,18
100000193,111,152,-41
100000330,2202,426,1776
100000355,125,452,-327
100000362,4559,3561,998
100000363,1922,2790,-868
100000364,317,118,199
100000365,3116,5376,-2260
100000366,3350,2091,1259
100000367,2471,3262,-791
100000368,1884,1810,74
100000369,982,1035,-53
100000370,149,272,-123
100000376,106,74,32
100000379,2423,920,1503
100000380,3385,1436,1949
100000384,5396,2236,3160
100000385,6065,2895,3170
100000386,9750,2653,7097
100000387,7759,3337,4422
100000388,10825,3446,7379
100000389,10126,3689,6437
100000390,10734,2502,8232
100000391,6854,3431,3423
100000392,3135,1100,2035
100000393,1499,1158,341
100000394,6635,2851,3784
100000395,3925,1062,2863
100000396,4327,1498,2829
100000397,2657,1398,1259
100000398,10171,6795,3376
100000413,0,0,0
100900002,2,53,-51
100900003,221,86,135
100900004,28,821,-793
100900005,70,6,64
100900006,1,178,-177
100900007,561,11,550
100900008,3,462,-459
100900009,25,53,-28
100900010,23,103,-80
100900011,52,356,-304
100900012,2,235,-233
100900013,307,9,298
100900014,1,8,-7
100900015,114,85,29
100900016,0,40,-40
100900017,627,91,536
100900018,0,7,-7
100900019,20,42,-22
100900020,225,0,225
100900021,363,3,360
100900022,2,10,-8
100900023,0,16,-16
100900024,864,1,863
100900025,2,12,-10
100900026,44,155,-111
100900027,525,1840,-1315
100900028,91,118,-27
100900029,81,22,59
100900030,0,12,-12
100900031,266,75,191
100900032,107,1,106
100900033,258,74,184
100900034,247,0,247
100900035,763,0,763
100900036,16,2,14
100900037,36,301,-265
100900038,37,13,24
100900039,416,665,-249
100900040,196,898,-702
100900041,240,994,-754
100900042,628,167,461
100900043,0,16,-16
100900044,2798,360,2438
100900045,72,0,72
100900046,692,9,683
100900047,864,87,777
100900048,120,17,103
100900049,68,215,-147
100900050,0,24,-24
100900051,47,23,24
100900052,86,22,64
100900053,149,16,133
100900054,3,101,-98
100900055,153,297,-144
100900056,70,265,-195
100900057,395,642,-247
100900058,152,32,120
100900059,47,1,46
100900060,79,6,73
100900061,277,227,50
100900062,1,66,-65
100900063,102,365,-263
100900064,474,9,465
100900065,68,47,21
100900066,36,65,-29
100900067,2,18,-16
100900068,26,171,-145
100900069,451,2,449
100900070,161,2,159
100900071,696,237,459
100900072,0,57,-57
100900073,87,580,-493
100900074,0,6,-6
100900075,2498,312,2186
100900076,33,46,-13
100900077,13,156,-143
100900078,56,152,-96
100900079,10,26,-16
100900080,7,162,-155
100900081,19,83,-64
100900082,65,780,-715
100900083,1,42,-41
100900085,6,62,-56
100900086,91,446,-355
100900088,60,826,-766
100900089,4,16,-12
100900090,110,366,-256
100900091,1,11,-10
100900092,160,126,34
100900093,118,155,-37
100900094,70,653,-583
100900095,0,22,-22
100900096,14,64,-50
100900097,1,4,-3
100900098,6,14,-8
100900099,22,571,-549
100900100,18,249,-231
100900101,393,30,363
100900102,84,33,51
100900103,1,17,-16
100900104,14,176,-162
100900105,7,63,-56
100900106,48,0,48
100900107,1608,445,1163
100900108,7,10,-3
100900109,6,24,-18
100900110,5,38,-33
100900111,71,158,-87
100900112,0,5,-5
100900113,5,16,-11
100900114,2,24,-22
100900115,0,31,-31
100900116,666,418,248
100900117,193,455,-262
100900118,111,89,22
100900119,3,22,-19
100900120,0,32,-32
100900121,217,303,-86
100900122,86,153,-67
100900123,76,89,-13
100900124,1,0,1
100900125,17,125,-108
100900126,64,176,-112
100900127,0,10,-10
100900128,52,110,-58
100900129,0,81,-81
100900131,30,139,-109
100900133,42,51,-9
100900134,0,12,-12
100900135,0,161,-161
100900137,249,143,106
100900138,335,291,44
100900139,1,7,-6
100900140,4,909,-905
100900141,2,274,-272
100900142,1,3,-2
100900143,926,243,683
100900144,4,5,-1
100900145,8,126,-118
100900146,2,23,-21
100900147,4,241,-237
100900148,32,1070,-1038
100900149,18,89,-71
100900150,7,18,-11
100900151,75,576,-501
100900152,73,2,71
100900153,1,123,-122
100900154,4,23,-19
100900155,0,5,-5
100900156,14,0,14
100900157,4,93,-89
100900159,0,12,-12
100900160,20,14,6
100900161,99,3,96
100900162,11,169,-158
100900163,123,190,-67
100900164,14,29,-15
100900165,27,26,1
100900166,25,5,20
100900167,8,111,-103
100900168,17,91,-74
100900169,167,1071,-904
100900170,11,6,5
100900171,6,718,-712
100900172,0,5,-5
100900173,1,627,-626
100900174,316,76,240
100900176,1249,73,1176
100900177,863,250,613
100900178,296,128,168
100900179,80,32,48
100900180,0,4,-4
100900181,90,19,71
100900182,29,24,5
100900184,4,160,-156
100900186,926,490,436
100900187,5,159,-154
100900188,28,4,24
100900189,651,146,505
100900191,1160,729,431
100900192,303,172,131
100900195,79,97,-18
100900197,25,113,-88
100900198,12,240,-228
100900199,20,9,11
100900200,544,397,147
100900201,46,944,-898
100900202,7,1,6
100900203,0,45,-45
100900204,180,154,26
100900205,93,292,-199
100900206,45,35,10
100900207,111,52,59
100900210,70,816,-746
100900211,354,81,273
100900213,29,15,14
100900214,875,69,806
100900215,7,36,-29
100900217,110,53,57
101000001,4526,2188,2338
101000002,3963,3175,788
101000003,875,1311,-436
101000004,9360,6509,2851
101000005,5014,4280,734
101000006,8321,6044,2277
101000007,2225,2758,-533
101000008,3293,2449,844
101000009,1247,2146,-899
101000010,683,1476,-793
101000011,2342,727,1615
101000012,2115,489,1626
101000013,461,876,-415
101000014,492,614,-122
101000015,676,723,-47
101000016,429,309,120
101000017,412,513,-101
101000018,3757,2375,1382
101000020,3778,1234,2544
101000021,1119,232,887
101000022,468,86,382
101000023,1726,665,1061
101000025,144,318,-174
101000026,374,24,350
101000027,1375,1134,241
101000028,652,142,510
101000029,31,673,-642
101000030,755,78,677
101000031,858,512,346
101000032,6541,1825,4716
101000033,2385,1475,910
101000034,2720,853,1867
101000035,1210,233,977
101000036,1560,305,1255
101000037,4751,921,3830
101000039,3433,976,2457
101000040,4785,2431,2354
101000041,17679,2994,14685
101000042,1020,575,445
101000043,11780,2684,9096
101000045,2150,339,1811
101000046,2206,618,1588
101000047,1262,1002,260
101000048,958,1005,-47
101000049,970,740,230
101000050,3344,2660,684
101000051,3585,1249,2336
101000052,1600,503,1097
101000053,935,1516,-581
101000054,1602,1851,-249
101000055,1284,834,450
101000056,41,81,-40
101000057,3437,470,2967
101000058,2218,600,1618
101000059,3864,1442,2422
101000060,1910,218,1692
101000061,1271,785,486
101000062,1067,289,778
101000063,393,411,-18
101000064,1039,331,708
101000065,173,236,-63
101000066,309,167,142
101000067,674,392,282
101000068,306,144,162
101000069,294,71,223
101000070,1697,955,742
101000071,1959,673,1286
101000072,1042,3475,-2433
101000073,699,450,249
101000074,4365,2634,1731
101000075,6123,3480,2643
101000077,1053,1304,-251
101000078,1025,1605,-580
101000079,308,525,-217
101000080,444,501,-57
101000081,1093,1127,-34
101000082,3402,2493,909
101000083,1522,1406,116
101000084,1317,1317,0
101000085,1594,902,692
101000086,1239,992,247
101000087,875,1238,-363
101000088,880,948,-68
101000089,844,1300,-456
101000090,2421,1374,1047
101000091,285,1862,-1577
101000092,723,1127,-404
101000093,1370,713,657
101000094,571,1130,-559
101000095,253,812,-559
101000096,223,663,-440
101000097,1312,314,998
101000098,870,496,374
101000099,951,1120,-169
101000100,850,555,295
101000101,384,393,-9
101000102,958,287,671
101000103,681,455,226
101000104,331,384,-53
101000105,964,229,735
101000106,713,397,316
101000107,180,357,-177
101000108,1476,351,1125
101000109,142,59,83
101000110,41,791,-750
101000111,113,182,-69
101000113,97,643,-546
101000114,3665,1147,2518
101000115,127,130,-3
101000116,112,278,-166
101000117,608,284,324
101000119,135,33,102
101000120,235,5,230
101000121,46,16,30
101000122,86,41,45
101000123,38,56,-18
101000124,121,365,-244
101000125,153,405,-252
101000128,955,353,602
101000130,232,260,-28
101000131,397,733,-336
101000132,360,1675,-1315
101000135,45,22,23
101000136,238,120,118
101000137,31,195,-164
101000141,2196,1532,664
101000147,826,613,213
101000148,2665,21,2644
101000149,91,51,40
101000150,41,1132,-1091
101000151,101,64,37
101000152,341,389,-48
101000153,527,450,77
101000154,127,1774,-1647
101000155,139,185,-46
101000156,12,191,-179
101000157,47,45,2
101000160,42,58,-16
101000163,147,60,87
101000164,536,377,159
101000165,218,358,-140
101000166,336,491,-155
101000168,704,312,392
101000252,1110,653,457
101000254,594,17,577
101000258,31,16,15
101000261,51,145,-94
101000262,749,855,-106
101000263,209,1137,-928
101000265,46,465,-419
101000266,294,242,52
101000269,122,1,121
101000290,1677,1659,18
101000293,31,61,-30
101000294,471,545,-74
101000295,155,510,-355
101000301,783,170,613
101000304,1763,2189,-426
101000305,2409,1609,800
101000328,64,401,-337
101900001,33,65,-32
101900002,0,14,-14
101900003,69,121,-52
101900004,10,33,-23
101900005,5675,1031,4644
101900006,909,14,895
101900007,387,62,325
101900008,124,168,-44
101900009,31,362,-331
101900010,1125,423,702
101900011,287,1198,-911
101900012,91,283,-192
101900013,1457,103,1354
101900017,20,92,-72
101900018,2108,209,1899
101900019,239,66,173
101900020,64,116,-52
101900021,1,47,-46
101900022,89,1628,-1539
101900023,70,270,-200
101900026,87,47,40
101900027,2,99,-97
102000001,2073,3643,-1570
102000002,2636,1174,1462
102000003,3831,4595,-764
102000004,10575,2560,8015
102000005,1317,1829,-512
102000006,1943,1586,357
102000007,1313,3662,-2349
102000008,5921,1784,4137
102000009,4924,6118,-1194
102000010,6049,3412,2637
102000011,2256,1936,320
102000012,2965,3113,-148
102000018,3727,2309,1418
102000019,2809,1438,1371
102000026,242,550,-308
102000029,386,225,161
102000030,73,304,-231
102000031,15,273,-258
102000032,224,392,-168
102000033,155,454,-299
102000034,532,429,103
102000035,1078,599,479
102000036,5,255,-250
102000037,109,96,13
102000038,206,101,105
102000039,179,45,134
102000040,488,88,400
102000041,145,209,-64
102000042,210,84,126
102000043,335,216,119
102000044,401,413,-12
102000045,561,1212,-651
102000046,789,434,355
102000047,625,1250,-625
102000048,170,739,-569
102000049,840,519,321
102000050,854,946,-92
102000051,429,509,-80
102000052,1061,828,233
102000053,703,748,-45
102000054,272,889,-617
102000055,573,1097,-524
102000056,424,1604,-1180
102000057,1148,672,476
102000058,1037,2138,-1101
102000059,1105,1501,-396
102000060,894,997,-103
102000061,899,2652,-1753
102000062,804,1388,-584
102000063,1062,1502,-440
102000064,370,465,-95
102000065,30,118,-88
102000066,706,1063,-357
102000067,1792,2692,-900
102000068,8928,2510,6418
102000069,23,2007,-1984
102000070,1901,54,1847
102000071,6155,8709,-2554
102000072,2749,4855,-2106
102000073,787,1041,-254
102000074,573,821,-248
102000075,162,311,-149
102000076,112,476,-364
102000077,302,1231,-929
102000078,592,858,-266
102000079,69,322,-253
102000080,132,206,-74
102000081,239,866,-627
102000082,782,320,462
102000083,254,699,-445
102000084,123,441,-318
102000085,1380,1483,-103
102000086,919,1180,-261
102000087,760,2338,-1578
102000088,201,285,-84
102000089,909,520,389
102000090,409,1081,-672
102000091,1300,406,894
102000092,446,740,-294
102000093,378,581,-203
102000094,1120,516,604
102000095,1018,1194,-176
102000096,1317,851,466
102000097,1323,1411,-88
102000098,531,1108,-577
102000099,950,549,401
102000100,1001,918,83
102000101,1329,424,905
102000102,280,1743,-1463
102000103,1184,349,835
102000104,1095,346,749
102000105,185,926,-741
102000106,595,915,-320
102000107,639,592,47
102000108,418,258,160
102000109,298,636,-338
102000110,387,1591,-1204
102000111,11,348,-337
102000112,116,72,44
102000113,6,33,-27
102000114,957,349,608
102000115,139,187,-48
102000116,397,209,188
102000117,168,478,-310
102000118,1563,919,644
102000119,2512,469,2043
102000120,140,519,-379
102000121,1027,604,423
102000122,409,813,-404
102000123,1439,1078,361
102000124,1020,887,133
102000125,901,993,-92
102000126,576,650,-74
102000127,892,737,155
102000128,485,1114,-629
102000129,845,1045,-200
102000130,368,709,-341
102000131,2261,689,1572
102000132,763,776,-13
102000133,984,2372,-1388
102000134,381,749,-368
102000135,931,726,205
102000136,1121,424,697
102000137,1067,839,228
102000138,262,454,-192
102000139,57,319,-262
102000140,200,161,39
102000141,189,471,-282
102000142,120,409,-289
102000143,65,512,-447
102000144,109,514,-405
102000145,184,483,-299
102000146,247,341,-94
102000147,339,311,28
102000148,185,247,-62
102000149,119,730,-611
102000150,199,241,-42
102000151,89,390,-301
102000152,102,174,-72
102000153,728,273,455
102000154,445,569,-124
102000155,72,272,-200
102000156,408,31,377
102000157,123,151,-28
102000158,456,298,158
102000159,1634,299,1335
102000161,5314,1326,3988
102000162,206,123,83
102000163,71,388,-317
102000164,1271,762,509
102000165,227,143,84
102000166,22,65,-43
102000167,177,184,-7
102000168,237,96,141
102000169,48,403,-355
102000170,549,118,431
102000171,94,74,20
102000172,31,193,-162
102000173,283,216,67
102000174,20,32,-12
102000175,88,109,-21
102000176,34,36,-2
102000178,134,574,-440
102000179,218,214,4
102000180,470,599,-129
102000181,316,757,-441
102000182,338,763,-425
102000183,930,2084,-1154
102000184,1038,826,212
102000185,1563,1757,-194
102000186,652,2103,-1451
102000187,432,1876,-1444
102000188,503,1491,-988
102000189,3263,1058,2205
102000190,716,2513,-1797
102000191,1165,533,632
102000192,568,917,-349
102000193,28,223,-195
102000194,52,189,-137
102000195,274,750,-476
102000196,116,658,-542
102000197,347,609,-262
102000198,137,1111,-974
102000199,417,466,-49
102000200,208,1663,-1455
102000201,426,585,-159
102000202,0,155,-155
102000203,148,287,-139
102000204,240,968,-728
102000205,512,597,-85
102000206,472,748,-276
102000207,654,447,207
102000208,262,625,-363
102000209,43,57,-14
102000210,147,651,-504
102000211,234,480,-246
102000212,105,13,92
102000213,4,385,-381
102000214,90,5,85
102000215,4,608,-604
102000216,24,37,-13
102000217,6,227,-221
102000218,90,82,8
102000219,345,416,-71
102000225,753,656,97
102000226,6808,768,6040
102000227,103,2,101
102000228,1,91,-90
102000229,25,22,3
102000230,267,636,-369
102000231,279,401,-122
102000232,8,175,-167
102000233,354,668,-314
102000234,89,1409,-1320
102000236,314,74,240
102000237,561,173,388
102000238,139,343,-204
102000240,618,534,84
102000241,190,114,76
102000243,5,49,-44
102000245,16,124,-108
102000246,6,25,-19
102000247,1213,965,248
102000248,686,507,179
102000249,79,160,-81
102000250,45,434,-389
102000254,53,470,-417
102000266,47,174,-127
102000271,21,0,21
102000286,509,314,195
102000297,1734,886,848
102000299,0,0,0
102000301,0,0,0
102000305,0,0,0
102000307,0,5,-5
102900001,1208,954,254
102900002,238,15,223
102900003,46,288,-242
102900005,159,320,-161
102900006,391,266,125
102900007,287,26,261
102900008,234,87,147
102900009,579,183,396
102900010,534,381,153
102900011,2094,324,1770
102900012,272,55,217
102900013,17,108,-91
102900015,710,253,457
102900016,46,159,-113
102900017,70,675,-605
102900018,13,176,-163
102900019,398,632,-234
102900020,79,53,26
102900021,9,112,-103
102900022,386,81,305
102900023,23,49,-26
102900024,9,25,-16
102900025,251,107,144
102900026,651,1267,-616
102900027,32,45,-13
102900028,104,423,-319
102900029,135,151,-16
102900030,294,203,91
102900031,77,134,-57
102900032,28,110,-82
102900033,85,185,-100
102900034,227,135,92
102900035,36,472,-436
102900036,111,671,-560
102900037,134,791,-657
102900038,359,757,-398
102900039,25,415,-390
102900040,136,268,-132
102900041,68,215,-147
102900042,171,399,-228
102900043,90,250,-160
102900044,616,1995,-1379
102900045,92,561,-469
102900046,70,337,-267
102900047,86,684,-598
102900048,515,833,-318
102900049,72,399,-327
102900050,222,395,-173
102900051,202,197,5
102900052,27,23,4
102900053,314,705,-391
102900054,922,919,3
102900055,73,123,-50
102900056,129,520,-391
102900057,1,38,-37
102900058,201,46,155
102900059,6,55,-49
102900060,66,426,-360
102900061,102,576,-474
102900062,150,1509,-1359
102900063,602,406,196
102900064,129,341,-212
102900065,1782,812,970
102900066,268,45,223
102900068,73,93,-20
102900070,149,720,-571
102900072,17,25,-8
102900073,93,13,80
102900075,20,34,-14
102900076,348,57,291
102900077,32,22,10
102900078,41,83,-42
102900079,123,10,113
102900080,265,14,251
102900081,41,271,-230
102900082,15,258,-243
102900083,328,21,307
102900084,10,32,-22
102900085,198,87,111
102900086,5,33,-28
102900087,36,102,-66
102900088,25,40,-15
102900089,199,149,50
102900090,2,511,-509
102900091,74,2,72
102900092,255,1118,-863
102900093,178,198,-20
102900094,3,50,-47
102900095,99,3,96
102900096,19,7,12
102900097,12,173,-161
102900098,28,6,22
103000001,2057,2269,-212
103000002,1694,1951,-257
103000003,3137,2359,778
103000004,871,678,193
103000005,2015,2133,-118
103000006,581,1323,-742
103000007,437,883,-446
103000008,798,1286,-488
103000009,635,815,-180
103000010,104,142,-38
103000011,1575,990,585
103000012,1048,1212,-164
103000013,6490,1920,4570
103000014,1293,1766,-473
103000015,2496,904,1592
103000016,453,859,-406
103000017,112,281,-169
103000018,1001,351,650
103000019,209,196,13
103000020,2216,1437,779
103000021,1547,1525,22
103000022,942,1221,-279
103000023,418,1179,-761
103000024,101,157,-56
103000025,69,357,-288
103000026,1929,119,1810
103000027,251,405,-154
103000028,655,402,253
103000029,480,177,303
103000030,2023,607,1416
103000031,1350,1240,110
103000032,2044,1654,390
103000033,2315,2238,77
103000034,1650,868,782
103000035,484,894,-410
103000036,420,440,-20
103000037,636,443,193
103000038,459,807,-348
103000039,168,485,-317
103000040,200,1255,-1055
103000041,1342,3072,-1730
103000042,655,697,-42
103000043,376,1348,-972
103000044,102,278,-176
103000046,202,405,-203
103000047,467,709,-242
103000048,123,148,-25
103000049,84,193,-109
103000050,632,738,-106
103000051,298,660,-362
103000052,801,484,317
103000053,109,450,-341
103000054,1746,1124,622
103000055,1336,1663,-327
103000056,435,2734,-2299
103000057,350,300,50
103000058,342,933,-591
103000059,227,736,-509
103000060,572,793,-221
103000061,355,822,-467
103000062,868,830,38
103000063,521,605,-84
103000064,61,266,-205
103000065,3,344,-341
103000066,75,12,63
103000069,169,367,-198
103000070,539,1312,-773
103000071,591,371,220
103000072,99,1114,-1015
103000073,362,133,229
103000074,535,80,455
103000075,129,965,-836
103000076,191,238,-47
103000077,37,364,-327
103000078,1181,440,741
103000079,1619,383,1236
103000080,1184,257,927
103000081,534,706,-172
103000082,378,163,215
103000083,96,335,-239
103000084,158,3,155
103000085,3,88,-85
103000086,608,292,316
103000087,129,396,-267
103000088,342,339,3
103000089,174,309,-135
103000090,1567,1026,541
103000091,606,409,197
103000092,211,294,-83
103000093,259,570,-311
103000094,183,105,78
103000095,29,484,-455
103000096,750,78,672
103000097,58,705,-647
103000098,1047,116,931
103000099,425,635,-210
103000100,74,1082,-1008
103000101,615,153,462
103000102,92,733,-641
103000103,406,268,138
103000104,64,196,-132
103000105,82,145,-63
103000106,10,85,-75
103000107,227,67,160
103000108,502,558,-56
103000109,333,304,29
103000110,345,466,-121
103000111,530,317,213
103000112,299,211,88
103000113,524,525,-1
103000114,876,335,541
103000115,420,498,-78
103000116,458,600,-142
103000117,196,515,-319
103000118,1322,1144,178
103000119,2363,740,1623
103000120,54,89,-35
103000121,148,572,-424
103000122,172,201,-29
103000125,9,534,-525
103000126,287,11,276
103000127,2,281,-279
103000128,91,2,89
103000129,0,173,-173
103000130,37,36,1
103000131,216,100,116
103000132,68,92,-24
103000133,5,194,-189
103000134,648,663,-15
103000135,807,240,567
103000136,750,311,439
103000137,559,530,29
103000138,792,635,157
103000139,2,71,-69
103000140,138,19,119
103000141,12,120,-108
103000142,123,74,49
103000143,32,218,-186
103000144,208,68,140
103000145,25,32,-7
103000150,43,55,-12
103000152,235,226,9
103000153,104,118,-14
103000156,3,521,-518
103000157,186,3,183
103000159,111,140,-29
103000162,98,7,91
103000163,13,17,-4
103000164,13,12,1
103000165,157,413,-256
103000166,117,147,-30
103000167,99,111,-12
103000168,59,143,-84
103000169,125,295,-170
103000170,353,537,-184
103000171,49,80,-31
103000172,262,336,-74
103000173,267,971,-704
103000174,101,355,-254
103000175,198,503,-305
103000176,690,286,404
103000177,715,360,355
103000178,332,262,70
103000179,94,24,70
103000183,53,23,30
103000185,60,83,-23
103000186,63,185,-122
103000187,229,821,-592
103000188,13,97,-84
103000189,771,977,-206
103000191,720,916,-196
103000292,2705,887,1818
103000293,1393,1185,208
103000295,80,78,2
103000296,142,2,140
103000297,58,19,39
103000504,64,23,41
103000505,11,9,2
103000506,2,237,-235
103000507,100,0,100
103000508,73,19,54
103000509,184,524,-340
103900001,14,518,-504
103900002,2090,213,1877
103900003,2074,63,2011
103900004,47,0,47
103900005,3,279,-276
103900006,10,21,-11
103900007,30,24,6
103900008,13,2,11
103900009,176,364,-188
103900010,122,286,-164
103900011,129,261,-132
103900012,5,9,-4
103900013,58,106,-48
103900014,22,25,-3
103900015,28,13,15
103900016,205,283,-78
103900017,32,96,-64
103900018,697,197,500
103900019,41,192,-151
103900020,121,274,-153
103900021,928,38,890
103900022,962,539,423
103900023,92,0,92
103900024,81,900,-819
103900025,8,62,-54
103900026,7,0,7
103900027,412,402,10
103900028,9,257,-248
103900029,958,176,782
103900030,199,29,170
103900031,3,0,3
103900032,57,58,-1
103900033,79,5,74
103900034,26,258,-232
103900035,64,64,0
103900036,28,26,2
103900037,29,30,-1
103900038,103,123,-20
103900039,49,522,-473
103900040,5,209,-204
103900041,21,25,-4
103900042,11,470,-459
103900043,83,125,-42
103900044,261,163,98
103900045,155,192,-37
103900047,62,42,20
103900048,31,35,-4
103900049,228,1362,-1134
103900050,6,108,-102
103900051,2,32,-30
103900052,126,746,-620
103900053,90,1301,-1211
103900054,54,748,-694
103900055,339,250,89
103900056,33,60,-27
103900057,9,311,-302
103900058,74,825,-751
103900059,0,4,-4
103900060,14,256,-242
103900061,66,45,21
103900062,178,56,122
103900063,2,0,2
103900064,56,7,49
103900065,724,360,364
103900066,87,13,74
103900067,73,6,67
103900068,0,0,0
103900069,65,12,53
103900070,161,343,-182
103900071,11,201,-190
103900072,4,374,-370
103900073,23,25,-2
103900074,51,89,-38
103900075,135,94,41
103900076,259,850,-591
103900077,64,47,17
103900078,96,158,-62
103900079,117,249,-132
103900080,11,24,-13
103900081,128,15,113
103900082,3,116,-113
103900083,2400,515,1885
103900084,41,143,-102
103900085,76,110,-34
103900086,236,293,-57
103900088,371,245,126
103900089,53,212,-159
103900090,18,463,-445
103900091,853,225,628
103900092,345,491,-146
103900093,71,449,-378
103900094,10,201,-191
103900095,158,196,-38
103900096,18,370,-352
103900097,9,564,-555
103900098,121,82,39
103900099,44,310,-266
103900100,136,410,-274
103900101,40,1111,-1071
103900102,0,35,-35
103900104,2,32,-30
103900105,91,225,-134
103900106,0,16,-16
103900107,56,271,-215
103900108,37,476,-439
103900109,46,132,-86
103900110,123,49,74
103900111,43,954,-911
103900112,6,63,-57
103900113,168,197,-29
103900114,527,332,195
103900115,211,69,142
103900116,8172,1898,6274
103900117,229,108,121
103900119,24,42,-18
103900120,25,152,-127
103900122,56,434,-378
103900123,1598,573,1025
103900124,35,598,-563
103900125,66,98,-32
103900126,310,541,-231
103900127,80,845,-765
103900128,60,229,-169
103900131,28,123,-95
103900133,722,17,705
103900134,2,2,0
103900135,32,6,26
103900137,2,123,-121
103900138,28,348,-320
103900139,260,1021,-761
103900140,7,60,-53
103900141,299,90,209
103900142,74,235,-161
103900143,27,2,25
103900144,0,80,-80
103900145,160,319,-159
103900146,251,421,-170
103900147,238,124,114
103900148,111,273,-162
103900149,58,771,-713
103900150,8519,2011,6508
103900151,62,200,-138
103900152,236,859,-623
103900153,9,1,8
103900154,1352,888,464
103900155,10,230,-220
103900156,9,220,-211
103900157,8,341,-333
103900158,28,258,-230
103900159,57,78,-21
103900160,39,21,18
103900161,73,273,-200
103900162,60,206,-146
103900163,6,484,-478
103900167,15,97,-82
103900168,45,177,-132
103900169,36,42,-6
103900170,0,130,-130
103900171,0,100,-100
103900172,15,30,-15
103900173,6,5,1
103900174,58,61,-3
103900175,47,50,-3
103900176,31,12,19
103900177,7,40,-33
103900178,19,107,-88
103900179,20,217,-197
103900180,8,133,-125
103900181,60,43,17
103900182,22,8,14
103900184,510,40,470
103900185,275,121,154
103900187,103,54,49
103900188,33,18,15
103900189,73,12,61
103900190,71,41,30
103900191,23,50,-27
103900192,45,112,-67
103900193,203,230,-27
103900194,39,363,-324
103900195,2,44,-42
103900196,24,39,-15
103900197,7,33,-26
103900198,19,71,-52
103900199,115,84,31
103900200,140,169,-29
103900201,57,190,-133
103900202,9,70,-61
103900203,18,17,1
103900204,3,170,-167
103900207,2,225,-223
103900208,27,0,27
103900209,6,115,-109
103900210,26,25,1
103900211,466,767,-301
103900212,77,607,-530
103900213,159,238,-79
103900214,182,96,86
103900215,615,189,426
103900216,17,526,-509
103900217,274,19,255
103900218,1,233,-232
103900219,62,321,-259
103900233,44,0,44
103900235,51,12,39
103900236,22,1,21
103900242,1,7,-6
103900243,1,4,-3
103900244,72,459,-387
103900245,63,317,-254
103900246,97,59,38
103900247,40,129,-89
103900248,0,17,-17
103900249,17,15,2
103900250,26,30,-4
103900251,1,33,-32
103900253,35,45,-10
103900254,6,7,-1
103900255,15,10,5
103900256,14,17,-3
103900257,84,99,-15
103900258,13,2,11
103900259,47,1,46
103900261,10,3,7
103900262,13,3,10
103900263,45,38,7
103900264,44,8,36
103900265,23,9,14
103900266,0,45,-45
103900267,4,65,-61
103900268,8,175,-167
103900269,92,43,49
103900270,11,179,-168
103900271,37,242,-205
103900272,50,90,-40
103900273,17,90,-73
103900274,61,14,47
103900275,25,12,13
103900276,5,178,-173
103900277,7,177,-170
103900278,8,72,-64
103900279,1,28,-27
103900280,0,99,-99
104000001,1802,2095,-293
104000002,1463,2431,-968
104000003,1934,2069,-135
104000004,3123,2496,627
104000005,916,1780,-864
104000006,2381,3100,-719
104000007,3889,3532,357
104000008,210,580,-370
104000009,105,122,-17
104000010,140,196,-56
104000011,770,487,283
104000012,149,578,-429
104000013,115,139,-24
104000014,221,832,-611
104000015,213,174,39
104000016,529,460,69
104000018,511,137,374
104000019,444,132,312
104000020,177,949,-772
104000021,300,855,-555
104000022,147,371,-224
104000023,456,355,101
104000024,160,471,-311
104000026,42,391,-349
104000027,219,425,-206
104000028,281,248,33
104000029,449,606,-157
104000030,264,259,5
104000031,683,281,402
104000032,247,415,-168
104000033,442,385,57
104000034,257,471,-214
104000035,511,449,62
104000036,472,726,-254
104000037,218,374,-156
104000038,262,319,-57
104000039,219,487,-268
104000040,614,571,43
104000041,350,311,39
104000042,225,564,-339
104000043,210,444,-234
104000044,191,865,-674
104000045,784,1283,-499
104000046,1431,1472,-41
104000047,436,1486,-1050
104000048,1169,2410,-1241
104000049,321,295,26
104000050,163,595,-432
104000051,69,667,-598
104000052,926,1424,-498
104000053,565,644,-79
104000054,475,720,-245
104000055,3825,3313,512
104000056,1745,250,1495
104000057,124,534,-410
104000058,512,677,-165
104000059,398,1245,-847
104000060,690,1054,-364
104000061,900,1446,-546
104000062,206,146,60
104000064,519,343,176
104000065,111,385,-274
104000069,1494,665,829
104000070,59,316,-257
104000071,95,444,-349
104000072,511,220,291
104000075,52,287,-235
104000076,398,98,300
104000082,1854,2500,-646
104000083,581,219,362
104000084,103,581,-478
104000085,212,185,27
104000086,146,465,-319
104000087,482,1086,-604
104000090,671,1772,-1101
104000092,743,3135,-2392
104000094,769,2532,-1763
104000095,1272,1197,75
104000096,800,517,283
104000097,1268,1446,-178
104000098,1204,1526,-322
104000100,998,751,247
104000101,831,2503,-1672
104000106,78,644,-566
104000107,610,572,38
104000108,373,626,-253
104000109,225,47,178
104000110,647,926,-279
104000111,6450,1811,4639
104000112,2998,570,2428
104000116,3,1332,-1329
104000117,99,1101,-1002
104000118,339,334,5
104000119,336,257,79
104000120,208,1278,-1070
104000121,140,689,-549
104000122,504,706,-202
104000123,910,1221,-311
104000124,1607,2949,-1342
104000125,5525,3087,2438
104000126,292,496,-204
104000127,1488,3393,-1905
104000128,698,432,266
104000129,389,23,366
104000130,8,213,-205
104000131,1020,701,319
104000132,672,1005,-333
104000133,1077,826,251
104000134,773,1437,-664
104000135,290,1160,-870
104000136,896,2558,-1662
104000137,1804,291,1513
104000138,1197,406,791
104000139,10301,3059,7242
104000141,1181,2092,-911
104000142,605,1105,-500
104000143,379,901,-522
104000144,53,189,-136
104000145,294,184,110
104000146,478,670,-192
104000147,120,402,-282
104000148,198,124,74
104000149,209,453,-244
104000150,589,480,109
104000151,294,730,-436
104000152,429,887,-458
104000153,401,486,-85
104000154,1086,828,258
104000155,297,436,-139
104000157,1058,2135,-1077
104000158,172,241,-69
104000159,484,321,163
104000160,1657,1474,183
104000161,226,187,39
104000162,33,114,-81
104000165,1463,1008,455
104000167,393,606,-213
104000168,486,8,478
104000169,46,62,-16
104000170,769,439,330
104000248,227,957,-730
104000251,43,355,-312
104000272,0,0,0
104000273,0,0,0
104000274,0,0,0
104000275,0,0,0
104000279,647,487,160
104000290,47,340,-293
104000291,568,1128,-560
104000293,540,738,-198
104000294,7,0,7
104000295,472,921,-449
104000296,295,826,-531
104000297,735,1602,-867
104000298,1867,1017,850
104000299,604,1321,-717
104900001,120,487,-367
104900002,43,97,-54
104900003,21,345,-324
104900004,65,443,-378
104900005,158,196,-38
104900006,131,83,48
104900007,191,309,-118
104900009,140,562,-422
104900010,28,27,1
104900011,0,6,-6
104900012,150,7,143
104900013,84,3,81
104900014,4468,418,4050
104900015,75,10,65
104900016,121,349,-228
104900017,48,189,-141
104900018,3,226,-223
104900019,279,1419,-1140
104900020,36,263,-227
104900021,2,415,-413
104900022,10,189,-179
104900023,2,163,-161
104900024,16,121,-105
104900025,56,430,-374
104900026,1,129,-128
104900027,216,233,-17
104900028,23,125,-102
104900029,57,69,-12
104900030,325,180,145
104900031,179,213,-34
104900032,27,232,-205
104900033,107,201,-94
104900034,240,126,114
104900035,156,157,-1
104900036,86,80,6
104900037,98,444,-346
104900038,712,398,314
104900039,1015,163,852
104900040,159,59,100
104900041,163,138,25
104900042,119,471,-352
104900043,5,48,-43
104900044,361,199,162
104900045,258,57,201
104900046,52,109,-57
104900047,175,135,40
104900048,152,109,43
104900049,18,10,8
104900050,79,78,1
104900051,151,43,108
104900052,33,0,33
104900053,309,62,247
104900054,226,39,187
104900055,48,0,48
104900056,146,5,141
104900057,12,1,11
104900058,683,148,535
104900059,9,50,-41
104900060,1,447,-446
104900061,292,835,-543
104900063,2,132,-130
104900064,0,149,-149
104900065,1,122,-121
104900066,6,237,-231
104900067,8,295,-287
104900068,15,284,-269
104900070,134,346,-212
104900071,7,850,-843
104900072,24,224,-200
104900073,41,343,-302
104900074,56,275,-219
104900075,32,100,-68
104900076,80,434,-354
104900077,1374,107,1267
104900078,134,829,-695
104900079,113,182,-69
104900080,44,545,-501
104900082,11,383,-372
104900085,7,351,-344
104900087,301,13,288
104900089,80,0,80
104900090,345,498,-153
104900091,348,1051,-703
104900093,219,666,-447
104900097,3475,1469,2006
104900098,56,33,23
104900099,95,365,-270
104900100,849,273,576
104900102,6,328,-322
104900103,523,99,424
104900104,4089,1309,2780
104900106,35,150,-115
104900107,50,365,-315
104900108,26,361,-335
104900109,66,213,-147
104900110,2,56,-54
104900111,67,129,-62
104900112,163,1348,-1185
104900113,524,515,9
104900114,167,880,-713
104900115,360,520,-160
104900116,106,368,-262
104900118,23,71,-48
104900119,0,43,-43
104900120,131,67,64
104900121,0,145,-145
104900122,2,87,-85
104900123,18,1,17
104900124,24,0,24
104900125,395,3,392
104900126,92,74,18
104900127,27,30,-3
104900128,67,195,-128
104900129,2979,1070,1909
105000001,2025,1788,237
105000002,1802,1769,33
105000003,2360,4002,-1642
105000004,468,984,-516
105000005,608,1139,-531
105000006,936,1355,-419
105000007,770,1143,-373
105000008,793,1598,-805
105000009,1027,2526,-1499
105000010,3125,2645,480
105000011,1581,1934,-353
105000012,3937,3380,557
105000013,448,1070,-622
105000014,942,1904,-962
105000015,9584,5320,4264
105000016,4356,1838,2518
105000017,1578,1103,475
105000018,1293,962,331
105000019,1471,998,473
105000020,143,339,-196
105000021,285,129,156
105000022,180,32,148
105000023,420,174,246
105000028,57,143,-86
105000029,296,881,-585
105000030,4031,3709,322
105000033,936,2147,-1211
105000034,135,470,-335
105000037,654,661,-7
105000038,1294,1241,53
105000039,3165,1965,1200
105000040,552,727,-175
105000041,569,1337,-768
105000042,1931,1189,742
105000043,2086,2348,-262
105000044,291,306,-15
105000045,302,942,-640
105000046,537,342,195
105000047,389,1682,-1293
105000048,405,216,189
105000049,226,802,-576
105000050,394,352,42
105000051,209,532,-323
105000052,571,877,-306
105000053,106,179,-73
105000054,208,1124,-916
105000055,239,406,-167
105000056,639,2701,-2062
105000057,999,1148,-149
105000058,1387,1699,-312
105000059,455,467,-12
105000060,405,807,-402
105000061,315,399,-84
105000062,757,1318,-561
105000063,318,829,-511
105000064,744,705,39
105000065,362,1141,-779
105000066,920,2635,-1715
105000067,745,545,200
105000068,464,1042,-578
105000069,2975,687,2288
105000070,895,746,149
105000071,226,446,-220
105000072,793,1064,-271
105000073,600,521,79
105000074,876,1068,-192
105000075,541,784,-243
105000076,1163,1120,43
105000077,1697,657,1040
105000078,1365,1170,195
105000079,1868,1825,43
105000080,1832,916,916
105000081,1227,687,540
105000082,446,461,-15
105000083,1131,593,538
105000084,521,1241,-720
105000085,1059,946,113
105000086,547,954,-407
105000087,2631,1906,725
105000088,1082,1316,-234
105000089,2718,2179,539
105000090,971,931,40
105000091,1501,1992,-491
105000092,495,1240,-745
105000093,323,164,159
105000094,220,245,-25
105000095,89,374,-285
105000096,864,647,217
105000097,836,732,104
105000098,719,616,103
105000099,764,992,-228
105000100,723,1175,-452
105000101,1442,2457,-1015
105000102,1177,1613,-436
105000103,1294,2294,-1000
105000104,1509,1148,361
105000105,878,2102,-1224
105000106,870,1639,-769
105000107,713,1054,-341
105000108,826,1952,-1126
105000109,978,1762,-784
105000110,523,976,-453
105000111,490,667,-177
105000112,937,1013,-76
105000113,338,684,-346
105000114,4069,946,3123
105000115,273,808,-535
105000116,428,422,6
105000117,712,1675,-963
105000118,180,352,-172
105000119,410,1426,-1016
105000120,588,538,50
105000121,672,1341,-669
105000122,290,523,-233
105000123,1156,1676,-520
105000124,1186,971,215
105000125,562,2159,-1597
105000126,1735,2516,-781
105000127,1990,2137,-147
105000128,233,1744,-1511
105000129,638,304,334
105000130,98,1038,-940
105000131,580,408,172
105000132,554,385,169
105000133,359,1128,-769
105000134,364,509,-145
105000135,415,743,-328
105000136,114,392,-278
105000137,174,212,-38
105000138,235,500,-265
105000139,939,1126,-187
105000140,134,505,-371
105000141,193,689,-496
105000142,97,558,-461
105000143,204,800,-596
105000144,234,771,-537
105000145,391,538,-147
105000146,460,713,-253
105000147,363,397,-34
105000148,905,766,139
105000149,1479,1677,-198
105000150,2200,1529,671
105000151,266,438,-172
105000152,173,781,-608
105000153,533,474,59
105000154,590,1050,-460
105000155,258,725,-467
105000156,890,1021,-131
105000157,951,2437,-1486
105000158,1659,905,754
105000159,302,1709,-1407
105000160,1328,617,711
105000161,573,2179,-1606
105000162,487,1406,-919
105000163,1756,1414,342
105000164,203,370,-167
105000165,1844,3533,-1689
105000166,9128,373,8755
105000167,3278,1263,2015
105000168,265,1068,-803
105000169,238,486,-248
105000170,82,1279,-1197
105000171,932,320,612
105000172,43,55,-12
105000173,42,39,3
105000174,45,21,24
105000175,68,165,-97
105000176,104,66,38
105000177,117,114,3
105000178,102,882,-780
105000179,158,115,43
105000180,58,121,-63
105000181,50,630,-580
105000182,37,44,-7
105000183,3069,1530,1539
105000184,1306,744,562
105000185,1015,798,217
105000186,332,789,-457
105000187,526,251,275
105000188,175,113,62
105000189,129,522,-393
105000190,163,285,-122
105000191,272,433,-161
105000192,139,79,60
105000193,53,135,-82
105000194,167,78,89
105000195,268,1305,-1037
105000196,23,89,-66
105000197,213,791,-578
105000198,605,275,330
105000199,257,294,-37
105000200,83,243,-160
105000201,98,16,82
105000203,8,288,-280
105000204,43,84,-41
105000205,67,216,-149
105000207,578,215,363
105000208,210,364,-154
105000209,146,405,-259
105000212,851,1624,-773
105000213,207,145,62
105000214,62,285,-223
105000215,203,376,-173
105000216,59,415,-356
105000217,132,317,-185
105000218,606,927,-321
105000221,134,326,-192
105000222,69,68,1
105000223,112,155,-43
105000226,29,498,-469
105000227,35,286,-251
105000228,323,754,-431
105000229,88,235,-147
105000231,175,297,-122
105000233,446,540,-94
105000234,479,1389,-910
105000235,188,485,-297
105000237,619,53,566
105000243,14,283,-269
105000248,37,48,-11
105000262,220,2218,-1998
105000269,90,177,-87
105000270,250,119,131
105000271,1,316,-315
105000282,104,46,58
105000287,307,170,137
105000288,443,421,22
105000289,1102,829,273
105000290,3,1,2
105000402,5396,1713,3683
105000426,408,586,-178
105000438,847,563,284
105000446,15739,4567,11172
105000447,9660,2871,6789
105000454,186,1200,-1014
105000455,231,167,64
105000474,4,2,2
105000477,209,347,-138
105000478,1145,1954,-809
105000479,79,149,-70
105000480,1776,1791,-15
105000481,2359,1783,576
105000482,4568,2437,2131
105000483,881,1109,-228
105000484,2088,2271,-183
105000485,974,1288,-314
105000486,2889,2299,590
105000488,3131,2616,515
105000489,535,782,-247
105000549,16,141,-125
105000550,424,1304,-880
105000551,40,103,-63
105000552,3485,1920,1565
105000555,493,589,-96
105900001,11,1032,-1021
105900002,1659,347,1312
105900003,10,115,-105
105900004,292,128,164
105900005,2,229,-227
105900006,3,34,-31
105900007,30,6,24
105900008,50,816,-766
105900009,7,10,-3
105900011,71,63,8
105900012,252,162,90
105900013,0,11,-11
105900014,2,67,-65
105900015,96,329,-233
105900016,149,667,-518
105900017,568,54,514
105900018,262,271,-9
105900019,86,482,-396
105900020,31,49,-18
105900021,11,296,-285
105900022,207,413,-206
105900023,2,112,-110
105900024,5,148,-143
105900025,48,39,9
105900026,191,44,147
105900027,4867,3429,1438
105900028,56,150,-94
105900029,2137,286,1851
105900030,186,273,-87
105900031,592,200,392
105900032,82,150,-68
105900033,41,116,-75
105900034,141,273,-132
105900035,147,219,-72
105900036,29,130,-101
105900037,54,67,-13
105900038,97,281,-184
105900039,54,177,-123
105900040,33,99,-66
105900041,119,553,-434
105900042,28,113,-85
105900043,1917,77,1840
105900044,0,149,-149
105900045,4,527,-523
105900046,3,230,-227
105900047,5,28,-23
105900048,73,489,-416
105900050,2450,866,1584
105900051,11,1472,-1461
105900052,248,75,173
105900053,3803,1217,2586
105900054,267,283,-16
105900056,990,208,782
105900057,15,202,-187
105900058,7,33,-26
105900059,0,64,-64
106000001,3921,1624,2297
106000002,3018,4523,-1505
106000003,2802,2422,380
106000004,2551,2628,-77
106000005,2259,4832,-2573
106000006,5654,4810,844
106000007,375,449,-74
106000008,395,299,96
106000009,398,316,82
106000010,495,659,-164
106000011,594,990,-396
106000012,669,1828,-1159
106000013,1351,1632,-281
106000014,1968,2046,-78
106000015,1160,990,170
106000016,1100,2491,-1391
106000017,603,679,-76
106000018,455,575,-120
106000019,224,437,-213
106000020,218,472,-254
106000021,203,490,-287
106000022,241,362,-121
106000023,598,353,245
106000024,527,922,-395
106000025,80,178,-98
106000026,108,359,-251
106000027,671,1239,-568
106000028,435,801,-366
106000029,770,1636,-866
106000030,862,363,499
106000034,158,647,-489
106000035,653,977,-324
106000036,375,389,-14
106000037,1607,1679,-72
106000038,507,97,410
106000039,209,45,164
106000040,230,691,-461
106000041,664,295,369
106000043,502,98,404
106000046,313,28,285
106000047,38,291,-253
106000049,512,134,378
106000050,217,1028,-811
106000051,421,328,93
106000052,40,674,-634
106000053,153,88,65
106000054,306,500,-194
106000055,598,1080,-482
106000056,248,536,-288
106000057,159,168,-9
106000058,141,194,-53
106000059,181,256,-75
106000060,562,669,-107
106000061,190,376,-186
106000062,130,717,-587
106000063,485,462,23
106000064,33,491,-458
106000065,225,214,11
106000066,78,414,-336
106000067,178,113,65
106000068,51,702,-651
106000069,103,119,-16
106000070,301,866,-565
106000071,639,338,301
106000072,4811,1542,3269
106000073,1903,2016,-113
106000074,322,646,-324
106000075,239,1069,-830
106000076,1285,1687,-402
106000077,2884,1390,1494
106000078,649,1018,-369
106000079,509,1040,-531
106000080,904,973,-69
106000081,470,1073,-603
106000082,2414,1085,1329
106000083,339,1302,-963
106000084,928,721,207
106000085,1449,1168,281
106000086,559,649,-90
106000087,632,562,70
106000088,287,755,-468
106000089,759,540,219
106000090,234,630,-396
106000091,244,705,-461
106000092,451,257,194
106000093,193,72,121
106000094,95,431,-336
106000095,377,1308,-931
106000096,606,799,-193
106000097,624,1541,-917
106000098,472,1036,-564
106000099,130,913,-783
106000100,635,297,338
106000101,523,262,261
106000102,101,598,-497
106000103,165,620,-455
106000104,530,401,129
106000105,378,970,-592
106000106,427,435,-8
106000107,81,544,-463
106000108,187,388,-201
106000109,93,409,-316
106000110,124,336,-212
106000111,141,652,-511
106000112,139,380,-241
106000113,1045,657,388
106000114,357,353,4
106000115,148,604,-456
106000116,107,258,-151
106000117,854,930,-76
106000118,894,974,-80
106000119,2634,1327,1307
106000120,622,832,-210
106000121,157,197,-40
106000122,67,444,-377
106000123,194,303,-109
106000124,37,387,-350
106000125,19,406,-387
106000126,100,226,-126
106000127,522,1038,-516
106000128,372,339,33
106000129,340,822,-482
106000130,501,448,53
106000131,156,718,-562
106000132,887,160,727
106000133,4112,1065,3047
106000134,787,842,-55
106000135,236,981,-745
106000136,618,516,102
106000137,59,1611,-1552
106000138,675,68,607
106000139,28,128,-100
106000140,20,90,-70
106000141,52,124,-72
106000142,37,73,-36
106000143,16,116,-100
106000144,29,68,-39
106000145,149,395,-246
106000146,195,219,-24
106000147,371,605,-234
106000148,546,866,-320
106000149,396,426,-30
106000150,402,1645,-1243
106000151,5066,744,4322
106000152,1326,1083,243
106000153,124,1305,-1181
106000154,1447,283,1164
106000155,55,196,-141
106000156,533,362,171
106000157,491,1861,-1370
106000158,3142,838,2304
106000159,5159,1281,3878
106000160,236,1693,-1457
106000161,1489,519,970
106000162,156,656,-500
106000163,236,663,-427
106000164,248,397,-149
106000165,178,836,-658
106000166,366,356,10
106000167,269,1570,-1301
106000168,261,261,0
106000169,109,928,-819
106000170,379,245,134
106000171,78,1048,-970
106000172,2051,954,1097
106000173,693,3075,-2382
106000174,903,319,584
106000175,289,1161,-872
106000176,986,697,289
106000177,769,2650,-1881
106000178,2489,1629,860
106000179,1155,2372,-1217
106000180,868,2169,-1301
106000181,399,2378,-1979
106000182,527,731,-204
106000183,618,1159,-541
106000184,816,1132,-316
106000185,506,1120,-614
106000186,775,180,595
106000187,199,846,-647
106000188,0,0,0
106000189,1,35,-34
106000190,17,0,17
106000191,420,175,245
106000192,0,38,-38
106000193,295,141,154
106000194,173,365,-192
106000195,505,88,417
106000196,155,477,-322
106000197,198,371,-173
106000198,125,385,-260
106000199,774,507,267
106000200,421,144,277
106000201,433,1299,-866
106000202,7237,606,6631
106000203,231,221,10
106000204,32,11,21
106000205,25,154,-129
106000206,56,23,33
106000207,73,965,-892
106000208,569,96,473
106000209,871,233,638
106000210,201,1596,-1395
106000211,350,1853,-1503
106000212,582,189,393
106000213,753,1353,-600
106000214,2647,482,2165
106000215,209,511,-302
106000216,207,365,-158
106000217,231,472,-241
106000218,439,363,76
106000219,102,288,-186
106000220,337,306,31
106000221,69,371,-302
106000222,45,157,-112
106000223,90,138,-48
106000224,109,355,-246
106000225,70,63,7
106000226,108,318,-210
106000228,42,115,-73
106000229,76,836,-760
106000231,491,147,344
106000232,73,482,-409
106000233,356,149,207
106000234,89,253,-164
106000235,154,109,45
106000236,115,61,54
106000237,3,24,-21
106000238,5,8,-3
106000239,0,100,-100
106000240,30,7,23
106000241,18,723,-705
106000242,152,19,133
106000249,41,98,-57
106000250,46,435,-389
106000251,30,29,1
106000252,24,143,-119
106000253,19,29,-10
106000254,29,71,-42
106000255,26,63,-37
106000256,68,91,-23
106000257,106,307,-201
106000258,168,18,150
106000259,1,43,-42
106000260,10,6,4
106000261,0,74,-74
106000262,15,15,0
106000263,6,80,-74
106000264,142,2,140
106000265,6,116,-110
106000266,129,10,119
106000267,11,119,-108
106000268,408,24,384
106000269,91,65,26
106000270,143,412,-269
106000271,31,191,-160
106000272,113,60,53
106000273,15,215,-200
106000274,132,26,106
106000275,137,165,-28
106000276,148,86,62
106000277,119,141,-22
106000278,159,32,127
106000279,8,76,-68
106000280,39,170,-131
106000281,83,107,-24
106000282,62,66,-4
106000283,71,140,-69
106000284,42,118,-76
106000285,111,181,-70
106000286,62,143,-81
106000287,79,86,-7
106000288,85,150,-65
106000289,61,98,-37
106000290,52,105,-53
106000291,96,126,-30
106000292,64,105,-41
106000293,111,99,12
106000294,125,136,-11
106000295,55,47,8
106000296,55,164,-109
106000297,70,230,-160
106000298,143,66,77
106000299,68,163,-95
106000300,54,99,-45
106000301,59,113,-54
106000303,27,61,-34
106000304,42,49,-7
106000305,21,46,-25
106000306,33,101,-68
106000307,63,21,42
106000308,24,166,-142
106000309,16,83,-67
106000310,195,625,-430
106000311,242,121,121
106000312,81,214,-133
106000313,103,240,-137
106000318,221,222,-1
106000319,491,53,438
106000320,0,59,-59
106000321,329,69,260
106000322,87,241,-154
106000324,1,213,-212
106000325,964,857,107
106000326,862,2059,-1197
106000327,52,165,-113
106000328,13,126,-113
106000329,31,324,-293
106000330,60,48,12
106000428,29,215,-186
106000429,74,589,-515
106000430,294,1644,-1350
106000431,1249,317,932
106000432,1569,2956,-1387
106000433,1344,749,595
106000434,2376,930,1446
106000435,2194,2688,-494
106000436,26,303,-277
106000437,142,32,110
106000438,342,99,243
106000439,34,491,-457
106000440,147,498,-351
106000441,4,1,3
106000442,170,7,163
106000443,114,715,-601
106000450,4,284,-280
106000451,17,11,6
106000454,1,119,-118
106000455,11,169,-158
106000456,112,16,96
106000457,13,1216,-1203
106000458,246,219,27
106000459,87,507,-420
106000460,447,21,426
106000461,56,2258,-2202
106000462,0,20,-20
106000463,1,53,-52
106000464,6,858,-852
106000465,225,0,225
106000466,3,939,-936
106000467,604,618,-14
106000468,48,203,-155
106000469,312,3,309
106000470,249,1396,-1147
106000471,44,820,-776
106000472,50,8,42
106000473,16,24,-8
106000474,164,781,-617
106000475,187,119,68
106000476,215,131,84
106000477,13,139,-126
106000480,1,148,-147
106900001,0,15,-15
106900002,1,733,-732
106900003,256,984,-728
106900004,1,64,-63
106900006,0,22,-22
106900007,1,14,-13
106900008,103,396,-293
106900009,118,554,-436
106900010,162,460,-298
106900012,2681,1404,1277
106900013,287,84,203
106900014,26,1,25
106900015,12,1,11
106900016,187,0,187
106900017,5,0,5
106900018,1,0,1
106900019,60,1,59
106900020,3401,759,2642
106900021,27,51,-24
106900022,250,2,248
106900023,9,262,-253
106900024,263,20,243
106900025,56,837,-781
106900026,8,926,-918
106900027,265,1,264
107000001,3334,1605,1729
107000002,6046,3679,2367
107000003,3463,4389,-926
107000004,4607,6017,-1410
107000005,1768,3758,-1990
107000006,3135,6707,-3572
107000007,4067,6360,-2293
107000008,17071,11612,5459
107000009,3631,4126,-495
107000010,9257,11697,-2440
107000011,1458,1220,238
107000012,4597,4302,295
107000013,36,166,-130
107000014,14,309,-295
107000015,289,1005,-716
107000016,332,1280,-948
107000017,1868,729,1139
107000018,10,196,-186
107000020,1000,332,668
107000021,639,801,-162
107000022,513,1294,-781
107000023,1182,341,841
107000024,352,1987,-1635
107000025,101,368,-267
107000026,103,742,-639
107000027,769,837,-68
107000028,1051,1816,-765
107000029,1402,1533,-131
107000030,3157,3600,-443
107000031,2195,1543,652
107000032,314,974,-660
107000033,3738,3519,219
107000034,5375,2362,3013
107000035,289,155,134
107000036,314,930,-616
107000037,51,563,-512
107000038,186,268,-82
107000039,633,555,78
107000040,109,294,-185
107000041,1342,645,697
107000042,762,1767,-1005
107000043,3187,1014,2173
107000044,801,402,399
107000045,116,328,-212
107000046,406,355,51
107000047,328,833,-505
107000048,474,314,160
107000049,495,730,-235
107000050,636,445,191
107000051,508,323,185
107000052,983,751,232
107000053,267,149,118
107000054,67,336,-269
107000055,284,165,119
107000056,382,823,-441
107000057,1413,154,1259
107000058,1858,2155,-297
107000059,2213,3366,-1153
107000060,2772,4656,-1884
107000061,5535,4345,1190
107000062,2401,2663,-262
107000063,3486,6745,-3259
107000064,2333,1670,663
107000065,2995,6171,-3176
107000066,1022,1675,-653
107000067,678,868,-190
107000068,1170,550,620
107000069,483,409,74
107000070,300,7,293
107000071,1519,27,1492
107000072,49,4450,-4401
107000073,226,161,65
107000074,147,1052,-905
107000075,935,311,624
107000076,869,1906,-1037
107000077,1884,664,1220
107000078,2043,3885,-1842
107000079,1442,556,886
107000080,1140,3474,-2334
107000081,862,473,389
107000082,535,3046,-2511
107000083,692,249,443
107000084,477,2818,-2341
107000085,2429,2938,-509
107000086,3422,2803,619
107000087,2074,1823,251
107000088,2478,3258,-780
107000089,1092,1698,-606
107000090,792,1034,-242
107000091,785,958,-173
107000092,624,1149,-525
107000093,768,778,-10
107000094,729,1489,-760
107000095,367,637,-270
107000096,563,1055,-492
107000097,338,287,51
107000098,322,905,-583
107000099,415,289,126
107000100,265,381,-116
107000101,61,173,-112
107000102,359,410,-51
107000103,286,147,139
107000104,220,406,-186
107000105,285,138,147
107000106,132,423,-291
107000107,310,224,86
107000108,98,905,-807
107000109,309,119,190
107000110,68,736,-668
107000111,149,32,117
107000112,12,465,-453
107000113,325,113,212
107000114,83,947,-864
107000115,268,76,192
107000116,89,1208,-1119
107000117,87,323,-236
107000118,199,316,-117
107000119,2063,1051,1012
107000120,3192,415,2777
107000121,441,703,-262
107000122,961,966,-5
107000123,320,933,-613
107000124,356,974,-618
107000125,485,1043,-558
107000126,582,1222,-640
107000129,137,1327,-1190
107000130,253,219,34
107000131,353,897,-544
107000132,367,316,51
107000133,698,127,571
107000134,217,2,215
107000135,10,250,-240
107000136,606,6,600
107000137,13,377,-364
107000138,274,17,257
107000139,18,362,-344
107000140,661,53,608
107000141,100,927,-827
107000142,225,69,156
107000143,51,981,-930
107000144,185,325,-140
107000145,108,614,-506
107000146,116,266,-150
107000147,3009,716,2293
107000150,856,1319,-463
107000151,33,75,-42
107000152,533,442,91
107000153,412,671,-259
107000154,271,119,152
107000155,437,12,425
107000156,606,22,584
107000157,29,2627,-2598
107000158,343,14,329
107000159,43,1733,-1690
107000160,435,75,360
107000161,83,2447,-2364
107000162,121,217,-96
107000163,20,3,17
107000164,151,0,151
107000165,448,3,445
107000166,61,1738,-1677
107000167,330,348,-18
107000168,541,215,326
107000169,1207,1105,102
107000170,915,496,419
107000171,552,3159,-2607
107000172,559,703,-144
107000173,839,1473,-634
107000174,725,2320,-1595
107000175,11713,1725,9988
107000176,1,1,0
107000177,8,0,8
107000178,15,52,-37
107000179,205,3680,-3475
107000180,749,364,385
107000181,304,1673,-1369
107000182,1021,963,58
107000183,87,1097,-1010
107000184,563,888,-325
107000185,316,1466,-1150
107000186,593,365,228
107000187,875,1297,-422
107000188,378,491,-113
107000189,325,939,-614
107000190,376,845,-469
107000191,371,961,-590
107000192,1026,1108,-82
107000193,344,429,-85
107000194,831,861,-30
107000197,570,220,350
107000198,217,903,-686
107000199,639,661,-22
107000200,902,534,368
107000201,240,220,20
107000202,169,364,-195
107000203,642,437,205
107000204,764,467,297
107000205,2386,1028,1358
107000206,603,871,-268
107000207,728,1154,-426
107000208,1262,361,901
107000209,2426,738,1688
107000210,1477,387,1090
107000211,5,21,-16
107000212,8,294,-286
107000213,13,17,-4
107000214,6,160,-154
107000215,228,520,-292
107000216,171,503,-332
107000217,81,126,-45
107000219,55,107,-52
107000220,116,357,-241
107000222,213,692,-479
107000224,248,43,205
107000225,185,718,-533
107000226,184,71,113
107000227,53,461,-408
107000228,81,141,-60
107000229,188,122,66
107000230,861,492,369
107000231,2285,555,1730
107000232,102,68,34
107000233,2006,648,1358
107000234,0,17,-17
107000235,56,6,50
107000236,11,388,-377
107000237,3,0,3
107000238,34,0,34
107000239,5826,475,5351
107000240,60,1434,-1374
107000241,135,16,119
107000242,736,53,683
107000243,0,69,-69
107000244,9,72,-63
107000246,1,1387,-1386
107000249,4,1150,-1146
107000251,0,362,-362
107000252,4,1535,-1531
107000255,764,100,664
107000257,3,613,-610
107000258,0,150,-150
107000259,3,258,-255
107000260,208,1,207
107000262,7,878,-871
107000263,125,6,119
107000266,1,3,-2
107000267,75,252,-177
107000268,137,201,-64
107000269,256,28,228
107000270,1,24,-23
107000271,4,1344,-1340
107000272,7,318,-311
107000273,3,275,-272
107000274,656,192,464
107000275,54,789,-735
107000280,386,17,369
107000281,35,1359,-1324
107000282,13,1425,-1412
107000290,0,33,-33
107000291,9,9,0
107000292,2,34,-32
107000293,51,2,49
107000294,0,38,-38
107000295,26,0,26
107000296,0,22,-22
107000444,113,2,111
107000496,1,15,-14
107000497,1318,3497,-2179
107000500,256,348,-92
107000501,65,194,-129
107000502,149,425,-276
107000505,680,804,-124
107000506,0,78,-78
107000508,5,889,-884
107000509,153,486,-333
107000510,14,10,4
107000514,18,239,-221
107000515,15,314,-299
107000516,125,167,-42
107000518,626,602,24
107000519,4351,1169,3182
107000520,58,13,45
107000521,327,620,-293
107000522,365,900,-535
107900001,18,231,-213
107900002,37,1,36
107900003,243,10,233
107900004,34,0,34
107900005,397,2,395
107900006,57,1,56
107900007,124,33,91
107900008,59,53,6
107900009,81,7,74
107900010,13,0,13
107900012,198,17,181
107900013,196,49,147
107900014,8,4,4
107900015,381,9,372
107900016,508,120,388
107900017,9,1,8
107900018,26,60,-34
107900019,10,99,-89
107900020,49,9,40
107900021,31,182,-151
107900023,1,0,1
107900024,1,30,-29
107900025,189,372,-183
107900026,9,127,-118
107900027,11,58,-47
107900028,17,126,-109
107900030,125,14,111
107900031,53,211,-158
107900032,6,4,2
107900033,7,4,3
107900034,246,8,238
107900035,471,11,460
107900036,15,14,1
107900037,2,49,-47
107900038,132,138,-6
107900039,9,83,-74
107900040,33,65,-32
107900041,1,0,1
107900043,38,156,-118
107900044,8,6,2
107900045,47,20,27
107900046,65,66,-1
107900047,12,102,-90
107900048,82,7,75
107900049,292,469,-177
107900050,103,425,-322
107900051,65,110,-45
107900052,28,39,-11
107900053,15,95,-80
107900055,434,187,247
107900056,80,26,54
107900057,0,0,0
107900058,30,957,-927
107900060,5,35,-30
107900061,21,1,20
107900063,72,150,-78
107900064,347,63,284
107900065,66,10,56
107900066,4,6,-2
107900067,0,0,0
107900068,85,194,-109
107900069,22,705,-683
107900070,75,24,51
107900071,18,1120,-1102
107900072,43,245,-202
107900073,52,124,-72
107900074,1001,121,880
107900076,83,90,-7
107900077,21,2,19
107900078,202,12,190
107900079,6,17,-11
107900080,89,200,-111
107900081,7,62,-55
107900082,28,25,3
107900083,253,98,155
107900084,58,136,-78
107900086,79,95,-16
107900087,333,76,257
107900088,9,5,4
107900089,295,1000,-705
107900090,479,1211,-732
107900091,158,648,-490
107900092,2119,569,1550
107900093,44,66,-22
107900095,3147,1074,2073
107900097,14,65,-51
107900098,61,177,-116
107900100,1137,688,449
107900101,1161,194,967
107900102,11,5,6
107900103,34,166,-132
107900104,113,4,109
107900105,2,576,-574
107900106,6,1751,-1745
107900107,1432,227,1205
107900108,316,113,203
107900109,554,6,548
107900110,37,119,-82
107900111,6,1350,-1344
107900112,101,249,-148
107900113,49,118,-69
107900114,78,222,-144
107900115,4,52,-48
107900116,53,248,-195
107900117,200,488,-288
107900118,53,181,-128
107900119,39,88,-49
107900120,27,14,13
107900121,2,108,-106
107900122,1,42,-41
107900123,0,19,-19
107900124,8,48,-40
107900125,28,206,-178
107900126,3,32,-29
107900127,379,122,257
107900128,119,67,52
107900129,24,40,-16
107900130,38,23,15
107900131,583,48,535
107900132,80,487,-407
107900133,6,103,-97
107900134,19,17,2
107900135,5,226,-221
107900136,48,27,21
107900137,72,113,-41
107900138,34,40,-6
107900139,12,33,-21
107900140,18,12,6
107900141,65,49,16
107900142,40,1182,-1142
107900143,28,45,-17
107900144,1,198,-197
107900145,12,105,-93
107900146,39,148,-109
107900147,57,22,35
107900148,90,177,-87
107900149,2233,348,1885
107900150,57,921,-864
107900151,9,68,-59
107900152,3,299,-296
107900153,129,210,-81
107900154,16,10,6
107900155,36,30,6
107900156,4,466,-462
107900157,33,87,-54
107900158,353,11,342
107900159,43,1319,-1276
107900160,40,173,-133
107900161,16,264,-248
107900162,2,146,-144
107900163,28,19,9
107900164,1,38,-37
107900165,38,75,-37
107900166,12,318,-306
107900167,13,50,-37
107900168,13,45,-32
107900169,0,189,-189
107900171,9,2157,-2148
107900172,1,362,-361
107900173,11,235,-224
107900174,51,12,39
107900175,4,18,-14
107900176,8,54,-46
107900177,1,173,-172
107900178,0,297,-297
107900179,10,118,-108
107900180,1144,237,907
107900181,314,521,-207
107900182,3,1799,-1796
107900183,20,410,-390
107900184,30,222,-192
107900185,38,2,36
107900186,13,39,-26
107900187,1,118,-117
107900188,836,78,758
107900189,17,156,-139
107900190,105,67,38
107900191,42,169,-127
107900193,0,34,-34
107900194,114,2,112
107900195,4489,493,3996
107900196,36,69,-33
107900197,1032,170,862
107900199,3,1255,-1252
107900201,37,152,-115
107900203,22,85,-63
107900204,281,200,81
107900205,181,515,-334
107900206,392,163,229
107900207,5,811,-806
107900208,6,982,-976
107900209,314,123,191
107900210,70,141,-71
107900213,502,390,112
107900214,0,208,-208
107900215,208,363,-155
107900216,85,54,31
107900217,22,77,-55
107900218,8,1883,-1875
107900219,36,154,-118
107900220,163,121,42
107900221,164,223,-59
107900223,56,668,-612
107900224,167,352,-185
107900225,4,895,-891
107900226,69,123,-54
107900227,76,561,-485
107900228,6,126,-120
107900229,4,377,-373
107900230,15,167,-152
107900231,15,263,-248
107900232,32,270,-238
107900233,5,192,-187
107900234,54,174,-120
107900235,39,113,-74
107900236,59,103,-44
107900237,165,548,-383
107900238,14,116,-102
107900239,1404,389,1015
107900240,7,177,-170
107900241,3,98,-95
107900242,9,392,-383
107900243,1,34,-33
107900244,124,4,120
107900245,212,32,180
107900246,55,9,46
107900248,58,521,-463
107900249,252,7,245
107900250,1,568,-567
107900251,37,1462,-1425
107900252,498,23,475
107900253,67,1,66
107900254,60,140,-80
107900255,356,60,296
107900256,402,515,-113
107900257,102,35,67
107900258,38,231,-193
107900259,86,693,-607
107900261,1,533,-532
107900262,27,147,-120
107900264,117,5,112
107900265,52,230,-178
107900267,109,26,83
107900268,56,12,44
107900269,0,6,-6
107900270,0,0,0
107900271,0,7,-7
107900272,148,7,141
107900273,26,70,-44
107900274,40,0,40
107900275,15,3,12
107900276,0,100,-100
107900277,0,250,-250
107900278,153,383,-230
107900279,152,93,59
107900280,1802,1179,623
107900281,3408,1061,2347
107900282,62,212,-150
107900283,1410,394,1016
107900284,150,847,-697
107900285,33,130,-97
107900286,124,88,36
107900287,75,155,-80
107900290,1,77,-76
107900291,318,11,307
107900292,100,298,-198
107900293,37,668,-631
107900295,25,113,-88
107900297,5,323,-318
107900298,718,986,-268
107900299,4326,1579,2747
107900300,19,258,-239
107900301,443,298,145
107900302,76,11,65
107900303,53,368,-315
107900304,101,685,-584
107900305,139,12,127
107900306,19,3,16
107900307,25,313,-288
107900308,213,43,170
107900309,16,1,15
107900310,0,0,0
107900311,450,109,341
107900312,0,0,0
107900313,2,82,-80
107900314,1,57,-56
107900315,1,56,-55
107900316,33,0,33
107900317,38,5,33
107900318,1,151,-150
107900319,2,208,-206
107900320,3,194,-191
107900321,61,4,57
107900322,0,195,-195
107900323,25,218,-193
107900324,109,0,109
107900325,53,0,53
107900326,72,439,-367
107900327,0,0,0
107900328,0,0,0
107900329,0,0,0
107900330,3,686,-683
107900331,121,24,97
107900332,88,45,43
107900333,34,7,27
107900334,4,401,-397
107900335,34,59,-25
107900336,15,25,-10
107900337,1642,450,1192
107900338,2,119,-117
107900339,0,27,-27
107900340,0,48,-48
107900341,16,0,16
107900342,95,98,-3
107900343,34,0,34
107900344,1,139,-138
107900345,47,30,17
107900346,19,1,18
107900347,24,3,21
107900348,4,1,3
107900349,15,6,9
107900350,39,295,-256
107900351,4,271,-267
107900352,0,39,-39
107900353,3,6,-3
107900354,3,32,-29
108000001,2170,3119,-949
108000002,2631,3483,-852
108000003,2715,1788,927
108000004,17323,17579,-256
108000005,4555,2793,1762
108000006,6355,6719,-364
108000007,3435,3036,399
108000008,4709,6082,-1373
108000009,2202,2823,-621
108000010,2412,5161,-2749
108000011,10148,7689,2459
108000012,21121,16541,4580
108000014,472,456,16
108000015,464,278,186
108000016,173,580,-407
108000017,533,320,213
108000018,1038,447,591
108000019,1126,535,591
108000020,1004,418,586
108000021,462,1777,-1315
108000022,491,1597,-1106
108000023,764,216,548
108000024,132,790,-658
108000025,173,222,-49
108000026,321,779,-458
108000027,368,518,-150
108000028,240,311,-71
108000029,255,623,-368
108000030,349,229,120
108000031,218,625,-407
108000032,829,533,296
108000033,534,1488,-954
108000034,1004,315,689
108000035,999,2819,-1820
108000036,307,1805,-1498
108000037,1189,292,897
108000038,1486,396,1090
108000039,494,3020,-2526
108000040,1182,639,543
108000041,694,3302,-2608
108000042,121,284,-163
108000043,115,359,-244
108000044,245,166,79
108000045,177,891,-714
108000046,778,301,477
108000047,381,1301,-920
108000048,95,574,-479
108000049,383,182,201
108000050,99,477,-378
108000051,185,74,111
108000052,321,832,-511
108000053,201,122,79
108000054,568,1019,-451
108000055,677,350,327
108000056,874,1143,-269
108000057,520,703,-183
108000058,1758,2447,-689
108000059,4193,2016,2177
108000060,130,299,-169
108000061,145,327,-182
108000062,449,345,104
108000063,291,658,-367
108000064,105,192,-87
108000065,381,629,-248
108000066,1581,666,915
108000067,1274,415,859
108000068,521,288,233
108000069,151,1237,-1086
108000070,1131,647,484
108000071,473,2139,-1666
108000072,1014,845,169
108000073,1531,2292,-761
108000074,248,297,-49
108000075,360,909,-549
108000076,544,366,178
108000077,652,849,-197
108000078,1331,1188,143
108000079,938,2136,-1198
108000080,569,454,115
108000081,448,2870,-2422
108000082,1122,2006,-884
108000083,1285,671,614
108000084,376,1469,-1093
108000085,289,282,7
108000086,972,985,-13
108000087,164,1196,-1032
108000088,120,8,112
108000089,193,288,-95
108000090,207,131,76
108000091,90,661,-571
108000092,66,86,-20
108000093,73,971,-898
108000094,407,124,283
108000095,140,612,-472
108000096,232,179,53
108000097,101,690,-589
108000098,682,1454,-772
108000099,116,67,49
108000100,15,169,-154
108000101,604,855,-251
108000102,1024,1788,-764
108000106,872,2,870
108000107,3,696,-693
108000108,451,43,408
108000109,11,926,-915
108000110,137,245,-108
108000111,119,742,-623
108000112,34,118,-84
108000113,534,360,174
108000115,532,414,118
108000117,745,296,449
108000118,141,118,23
108000119,718,501,217
108000120,69,520,-451
108000121,137,590,-453
108000122,278,321,-43
108000123,323,326,-3
108000124,181,589,-408
108000125,189,401,-212
108000126,84,671,-587
108000127,261,391,-130
108000128,306,765,-459
108000129,202,1541,-1339
108000130,205,307,-102
108000131,719,294,425
108000132,1845,1634,211
108000133,492,452,40
108000134,642,796,-154
108000135,622,273,349
108000136,778,1230,-452
108000137,221,375,-154
108000138,224,1228,-1004
108000139,162,430,-268
108000140,60,19,41
108000141,15,187,-172
108000142,31,125,-94
108000143,19,36,-17
108000144,17,11,6
108000145,29,33,-4
108000146,43,6,37
108000147,22,59,-37
108000148,18,3,15
108000149,14,39,-25
108000150,9,4,5
108000151,19,14,5
108000152,94,813,-719
108000153,197,114,83
108000154,37,14,23
108000155,10,8,2
108000156,412,105,307
108000157,95,545,-450
108000158,70,523,-453
108000159,776,149,627
108000160,5901,790,5111
108000161,4811,1356,3455
108000165,1,110,-109
108000172,4,184,-180
108000173,3151,1166,1985
108000175,84,96,-12
108000178,401,404,-3
108000179,159,496,-337
108000181,53,30,23
108000182,143,10,133
108000183,6,11,-5
108000184,1325,1524,-199
108000185,77,778,-701
108000186,38,58,-20
108000187,109,934,-825
108000188,209,259,-50
108000189,649,643,6
108000190,38,127,-89
108000192,78,715,-637
108000193,800,55,745
108000194,13,3,10
108000195,6,1378,-1372
108000196,100,146,-46
108000198,354,426,-72
108000199,0,109,-109
108000200,143,737,-594
108000202,0,72,-72
108000203,51,1171,-1120
108000204,45,30,15
108000205,403,644,-241
108000339,1649,245,1404
108000364,262,166,96
108000365,51,420,-369
108000367,162,450,-288
108000368,4,70,-66
108000369,1721,102,1619
108000371,2,622,-620
108000372,361,1,360
108000373,101,131,-30
108000376,40,18,22
108000377,208,396,-188
108000378,8354,7928,426
108000379,41,194,-153
108000381,42,12,30
108000382,62,0,62
108000383,1,102,-101
108900001,165,1314,-1149
108900002,175,39,136
108900003,392,1241,-849
108900004,143,182,-39
108900005,22,136,-114
108900006,375,186,189
108900007,83,154,-71
108900008,48,145,-97
108900009,25,89,-64
108900010,91,171,-80
108900011,185,420,-235
108900012,197,555,-358
108900013,136,314,-178
108900014,6,93,-87
108900015,0,22,-22
108900016,0,291,-291
108900017,107,204,-97
108900018,68,709,-641
108900019,20,1477,-1457
108900020,30,367,-337
108900021,83,318,-235
108900022,47,1,46
108900023,6,48,-42
108900024,17,211,-194
108900025,45,152,-107
108900026,5,97,-92
108900027,0,131,-131
108900028,28,572,-544
108900029,59,251,-192
108900030,0,153,-153
108900031,45,738,-693
108900032,3,278,-275
108900033,0,80,-80
108900034,1,315,-314
108900035,222,2154,-1932
108900036,201,454,-253
108900037,32,563,-531
108900038,5,479,-474
108900039,3,753,-750
108900040,3,108,-105
108900041,6395,2218,4177
108900042,0,287,-287
108900043,58,548,-490
108900044,5,895,-890
108900045,27,872,-845
108900046,70,1356,-1286
108900047,0,110,-110
108900048,90,1336,-1246
108900049,6360,764,5596
108900050,3,356,-353
108900051,1,291,-290
108900052,25,368,-343
108900053,106,127,-21
108900054,51,242,-191
108900055,87,569,-482
108900056,1,193,-192
108900057,0,218,-218
108900058,20,563,-543
108900059,180,17,163
108900060,69,100,-31
108900061,40,21,19
108900062,3,380,-377
108900063,2,517,-515
108900064,69,61,8
108900065,4,398,-394
108900066,186,76,110
108900067,12,253,-241
108900068,14,366,-352
108900069,33,161,-128
108900070,16,189,-173
108900071,55,46,9
108900072,2623,265,2358
108900073,33,718,-685
108900074,93,569,-476
108900075,51,82,-31
108900076,169,70,99
108900077,226,767,-541
108900078,15,284,-269
108900079,944,272,672
108900080,29,430,-401
108900081,60,324,-264
108900082,19,119,-100
108900083,8,182,-174
108900084,407,150,257
108900085,2776,180,2596
108900086,41,375,-334
108900087,130,287,-157
108900088,636,279,357
108900089,23,104,-81
108900090,22,531,-509
108900091,161,166,-5
108900092,256,285,-29
108900093,97,72,25
108900094,226,67,159
108900095,52,777,-725
108900096,582,47,535
108900097,221,205,16
108900098,3809,324,3485
108900099,313,446,-133
108900100,122,183,-61
108900101,142,55,87
108900102,197,535,-338
108900103,44,109,-65
108900104,246,386,-140
108900105,6,608,-602
108900106,204,774,-570
108900108,204,39,165
108900109,160,44,116
108900110,102,598,-496
108900111,212,937,-725
108900112,96,18,78
108900113,31,33,-2
108900114,48,18,30
108900115,39,69,-30
108900116,41,18,23
108900117,92,16,76
108900118,320,4,316
108900119,92,22,70
108900120,169,143,26
108900121,259,59,200
108900122,76,22,54
108900123,61,55,6
108900124,321,114,207
108900125,200,3,197
108900126,77,7,70
108900127,97,28,69
108900128,52,11,41
108900129,433,116,317
108900130,137,1,136
108900131,184,0,184
108900132,314,48,266
108900133,117,29,88
108900134,130,285,-155
108900135,80,3,77
108900136,7,0,7
108900137,54,1,53
108900138,294,19,275
108900139,205,82,123
108900140,125,251,-126
108900141,134,6,128
108900142,37,2,35
108900143,19,0,19
108900144,15,0,15
108900145,84,4,80
108900146,29,0,29
108900147,86,0,86
108900148,68,42,26
108900149,544,449,95
108900150,149,6,143
108900151,36,0,36
108900152,21,5,16
108900153,54,616,-562
108900154,3093,416,2677
108900155,114,92,22
108900156,94,63,31
108900157,8,824,-816
108900158,172,29,143
108900159,9,487,-478
108900160,7,358,-351
108900161,6,536,-530
108900162,34,2,32
108900163,9,180,-171
108900164,47,83,-36
108900165,208,87,121
108900167,2079,2662,-583
108900168,11847,2052,9795
108900169,34,175,-141
108900171,10125,1765,8360
108900172,135,42,93
108900173,278,434,-156
108900174,390,506,-116
108900176,166,896,-730
108900177,9710,2403,7307
108900178,6062,1954,4108
108900179,385,784,-399
108900180,61,138,-77
108900182,21,171,-150
108900183,207,207,0
108900184,306,230,76
108900185,61,411,-350
108900186,55,387,-332
108900187,175,54,121
108900188,285,34,251
108900189,175,182,-7
108900190,42,4129,-4087
108900191,133,14,119
108900192,60,323,-263
108900193,174,45,129
108900194,18,372,-354
108900195,41,407,-366
108900196,18,761,-743
108900198,1,741,-740
108900199,158,315,-157
108900200,302,322,-20
108900201,279,1352,-1073
108900203,276,27,249
108900204,255,5,250
108900205,107,8,99
108900206,220,15,205
108900207,132,44,88
108900208,20,419,-399
108900209,262,733,-471
108900210,155,248,-93
108900211,95,315,-220
108900212,853,706,147
108900215,123,818,-695
108900216,326,77,249
108900217,35,0,35
108900218,104,4,100
108900219,49,0,49
108900220,27,7,20
108900221,34,76,-42
108900222,107,13,94
108900223,15,59,-44
108900224,36,100,-64
108900225,1,169,-168
108900226,136,6,130
108900227,67,122,-55
108900230,466,467,-1
108900231,59,313,-254
108900232,1,484,-483
108900233,259,41,218
108900234,142,64,78
108900235,185,676,-491
108900236,28,425,-397
108900237,33,308,-275
108900240,64,82,-18
108900241,10,18,-8
108900245,3,557,-554
108900249,80,32,48
108900250,356,350,6
108900257,76,630,-554
108900258,13,302,-289
108900259,27,90,-63
108900260,5,111,-106
108900261,144,197,-53
108900262,299,157,142
108900263,45,314,-269
108900264,432,253,179
108900265,1526,229,1297
108900266,1446,302,1144
108900267,2,54,-52
108900268,2,3,-1
108900269,21,12,9
108900270,40,7,33
108900271,20,1,19
108900272,105,4,101
108900273,1060,425,635
108900274,15,55,-40
109000001,3051,1091,1960
109000002,3121,1324,1797
109000003,1845,600,1245
109000004,463,2753,-2290
109000005,1492,827,665
109000006,644,2429,-1785
109000007,1011,764,247
109000008,392,2074,-1682
109000009,2702,1139,1563
109000010,1317,4575,-3258
109000011,1986,1293,693
109000012,1572,4521,-2949
109000013,2684,1833,851
109000014,1580,4492,-2912
109000015,2887,3991,-1104
109000016,10772,4634,6138
109000017,1594,987,607
109000018,783,3691,-2908
109000019,1897,1087,810
109000020,1198,2534,-1336
109000023,202,17,185
109000024,6,118,-112
109000025,355,253,102
109000026,736,255,481
109000027,69,228,-159
109000028,89,95,-6
109000029,97,131,-34
109000030,78,663,-585
109000031,124,96,28
109000032,71,623,-552
109000033,222,90,132
109000034,55,38,17
109000035,14,39,-25
109000036,73,381,-308
109000037,167,643,-476
109000038,597,433,164
109000039,670,416,254
109000040,6240,3880,2360
109000041,6005,1070,4935
109000042,860,1097,-237
109000044,217,85,132
109000045,73,543,-470
109000046,240,74,166
109000047,74,487,-413
109000048,696,164,532
109000049,194,547,-353
109000050,280,198,82
109000051,279,308,-29
109000052,372,2187,-1815
109000053,80,54,26
109000054,326,912,-586
109000055,119,225,-106
109000056,262,720,-458
109000057,360,227,133
109000058,747,249,498
109000059,533,839,-306
109000060,496,158,338
109000061,1728,515,1213
109000062,130,213,-83
109000063,181,267,-86
109000064,100,202,-102
109000065,71,457,-386
109000066,168,127,41
109000067,26,448,-422
109000068,401,3,398
109000069,579,18,561
109000070,9,885,-876
109000071,247,77,170
109000072,64,364,-300
109000073,24,74,-50
109000074,21,282,-261
109000075,65,480,-415
109000076,69,143,-74
109000077,369,262,107
109000078,54,124,-70
109000079,90,288,-198
109000080,74,146,-72
109000081,75,726,-651
109000082,286,314,-28
109000083,150,937,-787
109000088,152,570,-418
109000089,240,19,221
109000090,106,555,-449
109000091,177,94,83
109000092,391,762,-371
109000093,136,120,16
109000094,209,1,208
109000095,69,800,-731
109000096,441,215,226
109000097,57,157,-100
109000098,35,80,-45
109000099,400,397,3
109000100,117,650,-533
109000101,753,1144,-391
109000102,206,940,-734
109000103,257,564,-307
109000104,786,663,123
109000105,353,1765,-1412
109000106,1192,549,643
109000107,453,2388,-1935
109000108,1057,434,623
109000109,368,2236,-1868
109000110,954,397,557
109000111,920,2710,-1790
109000112,223,145,78
109000113,158,165,-7
109000114,131,386,-255
109000115,862,48,814
109000116,0,229,-229
109000117,83,105,-22
109000118,9,327,-318
109000119,657,384,273
109000120,90,1388,-1298
109000121,185,51,134
109000122,68,1365,-1297
109000123,11,89,-78
109000124,360,311,49
109000125,405,318,87
109000126,254,1180,-926
109000127,439,135,304
109000128,308,2821,-2513
109000129,1135,529,606
109000130,584,3186,-2602
109000131,480,281,199
109000132,626,2173,-1547
109000133,272,1151,-879
109000134,575,1631,-1056
109000135,858,1229,-371
109000136,221,489,-268
109000137,134,287,-153
109000138,306,665,-359
109000139,309,504,-195
109000140,69,597,-528
109000141,253,490,-237
109000142,108,636,-528
109000143,67,42,25
109000145,42,170,-128
109000146,38,83,-45
109000148,4816,1035,3781
109000149,42,31,11
109000150,72,222,-150
109000155,341,510,-169
109000156,1179,1014,165
109000158,83,238,-155
109000159,111,778,-667
109000160,425,235,190
109000161,259,1577,-1318
109000162,1341,1071,270
109000163,777,1859,-1082
109000164,749,3140,-2391
109000165,836,624,212
109000166,405,144,261
109000167,110,1151,-1041
109000170,54,64,-10
109000171,49,62,-13
109000172,41,44,-3
109000173,22,70,-48
109000174,34,71,-37
109000175,30,137,-107
109000176,162,347,-185
109000177,16,167,-151
109000178,460,564,-104
109000179,8704,2460,6244
109000180,5447,2862,2585
109000181,5,54,-49
109000182,23,84,-61
109000183,16,45,-29
109000184,39,25,14
109000185,7,70,-63
109000188,396,3273,-2877
109000189,1447,963,484
109000190,371,541,-170
109000191,136,673,-537
109000192,144,222,-78
109000193,112,470,-358
109000194,92,152,-60
109000195,96,640,-544
109000196,162,118,44
109000197,123,599,-476
109000198,171,82,89
109000199,76,609,-533
109000206,181,27,154
109000207,71,38,33
109000208,91,58,33
109000209,163,76,87
109000210,190,589,-399
109000211,264,398,-134
109000214,177,681,-504
109000215,83,59,24
109000216,99,147,-48
109000217,152,68,84
109000218,178,118,60
109000221,317,1436,-1119
109000222,599,95,504
109000223,189,219,-30
109000224,44,389,-345
109000225,52,47,5
109000226,33,367,-334
109000227,716,1781,-1065
109000228,0,299,-299
109000231,0,655,-655
109000232,219,482,-263
109000236,195,852,-657
109000241,1286,2255,-969
109000242,1178,1364,-186
109000293,4,44,-40
109000361,62,317,-255
109000364,147,765,-618
109000396,2,968,-966
109000397,238,11,227
109000399,123,696,-573
109000400,46,321,-275
109000403,51,329,-278
109000406,169,11,158
109000407,141,277,-136
109000408,0,821,-821
109000410,645,144,501
109000411,65,15,50
109900001,68,0,68
109900002,420,9,411
109900003,102,0,102
109900004,471,346,125
109900005,15,7,8
109900006,253,290,-37
109900007,383,1037,-654
109900008,0,32,-32
109900009,75,1042,-967
109900010,272,9,263
109900011,51,27,24
109900012,111,149,-38
109900013,283,134,149
109900014,158,34,124
109900015,363,147,216
109900016,79,59,20
109900017,77,118,-41
109900018,120,201,-81
109900019,75,84,-9
109900020,8,19,-11
109900021,8,8,0
109900022,50,415,-365
109900023,7,2,5
109900024,13,1,12
109900025,3,94,-91
109900026,1,199,-198
109900027,31,8,23
109900028,2862,504,2358
109900029,4,776,-772
109900030,11,4,7
109900031,0,59,-59
109900032,3,328,-325
109900033,2,595,-593
109900034,10,0,10
109900035,12,21,-9
109900036,7,118,-111
109900037,21,719,-698
109900038,48,297,-249
109900039,4,0,4
109900040,17,782,-765
109900041,26,612,-586
109900042,13,500,-487
109900044,51,310,-259
109900045,23,30,-7
109900046,15,43,-28
109900047,311,341,-30
109900048,0,77,-77
109900049,2,27,-25
109900050,0,390,-390
109900051,0,34,-34
109900052,43,293,-250
109900053,3,708,-705
109900054,291,164,127
109900055,37,308,-271
109900056,10,123,-113
109900057,2,292,-290
109900058,0,146,-146
109900059,352,68,284
109900060,338,196,142
109900061,69,333,-264
109900062,0,369,-369
109900063,2,343,-341
109900064,252,313,-61
109900065,118,142,-24
109900066,223,1244,-1021
109900067,2,600,-598
109900068,45,3,42
109900069,4,49,-45
109900070,41,367,-326
109900071,1,47,-46
109900072,28,173,-145
109900073,158,1064,-906
109900074,4,52,-48
109900075,14,21,-7
109900076,7,350,-343
109900077,13,56,-43
109900078,117,384,-267
109900080,102,357,-255
109900081,19,117,-98
109900082,29,545,-516
109900083,21,33,-12
109900084,68,185,-117
109900085,142,1363,-1221
109900086,89,181,-92
109900087,328,388,-60
109900089,347,78,269
109900090,450,1381,-931
109900091,125,62,63
109900092,188,7,181
109900093,377,110,267
109900094,26,71,-45
109900095,107,301,-194
109900096,18,1,17
109900097,65,0,65
109900098,180,18,162
109900099,97,0,97
109900100,18,0,18
109900101,236,21,215
109900102,276,23,253
109900103,20,57,-37
109900104,254,1467,-1213
109900105,324,21,303
109900106,174,63,111
109900107,229,56,173
109900108,67,584,-517
109900109,14,187,-173
109900110,40,617,-577
109900111,308,1523,-1215
109900112,407,1213,-806
109900113,430,342,88
109900114,776,480,296
109900115,62,68,-6
109900117,500,94,406
109900118,227,505,-278
109900119,547,256,291
109900120,57,8,49
109900121,340,205,135
109900122,170,7,163
109900123,11,174,-163
109900124,39,1012,-973
109900125,1,297,-296
109900126,115,217,-102
109900128,130,44,86
109900130,13666,1502,12164
109900131,64,159,-95
109900132,40,254,-214
109900133,23,481,-458
109900134,44,34,10
109900135,512,71,441
109900136,15,122,-107
109900137,65,436,-371
109900140,93,454,-361
109900142,596,272,324
109900145,3,158,-155
109900146,329,32,297
109900148,31,66,-35
109900149,44,51,-7
109900150,4,82,-78
109900151,4,55,-51
109900152,0,15,-15
109900153,0,70,-70
109900154,12,0,12
109900155,41,3,38
109900157,46,357,-311
109900158,40,125,-85
109900159,96,25,71
109900160,76,52,24
109900161,165,78,87
109900162,122,87,35
109900163,834,425,409
109900164,41,260,-219
109900165,147,5,142
109900166,2,214,-212
109900167,136,766,-630
109900168,148,642,-494
109900169,80,130,-50
109900170,212,453,-241
109900171,108,55,53
109900172,95,130,-35
109900173,5068,1312,3756
109900174,41,235,-194
109900175,30,77,-47
109900176,76,224,-148
109900177,20,371,-351
109900178,0,126,-126
109900179,8,36,-28
109900180,4,11,-7
110000001,631,574,57
110000002,535,524,11
110000003,875,626,249
110000004,501,456,45
110000005,731,1015,-284
110000006,586,312,274
110000007,124,166,-42
110000008,11,57,-46
110000009,25,42,-17
110000010,20,61,-41
110000011,17,109,-92
110000012,690,489,201
110000013,29,295,-266
110000014,531,404,127
110000015,224,397,-173
110000016,275,784,-509
110000017,3974,237,3737
110000018,3758,512,3246
110000019,6,177,-171
110000020,508,246,262
110000021,436,394,42
110000022,647,173,474
110000023,7,161,-154
110000024,546,442,104
110000025,113,9,104
110000026,2,683,-681
110000027,642,376,266
110000028,621,626,-5
110000029,462,1042,-580
110000030,162,319,-157
110000031,179,639,-460
110000032,534,352,182
110000033,136,87,49
110000034,215,862,-647
110000035,383,1261,-878
110000036,409,765,-356
110000037,134,711,-577
110000038,166,622,-456
110000039,508,1324,-816
110000040,299,665,-366
110000041,176,625,-449
110000042,112,439,-327
110000043,538,154,384
110000044,104,72,32
110000045,433,73,360
110000046,3,6,-3
110000047,1,12,-11
110000048,3,9,-6
110000049,14,8,6
110000050,4,14,-10
110000051,12,6,6
110000052,34,34,0
110000053,58,4,54
110000054,55,202,-147
110000055,101,23,78
110000056,161,26,135
110000057,237,819,-582
110000058,577,677,-100
110000059,661,581,80
110000060,393,820,-427
110000061,928,800,128
110000062,731,742,-11
110000063,24,71,-47
110000064,56,120,-64
110000065,33,82,-49
110000066,58,56,2
110000067,73,336,-263
110000068,123,638,-515
110000069,126,132,-6
110000071,54,195,-141
110000073,1,27,-26
110000075,9,108,-99
110000076,262,232,30
110000077,529,574,-45
110000078,6,89,-83
110000080,256,632,-376
110000081,20,266,-246
110000082,22,248,-226
110000083,229,657,-428
110000084,650,528,122
110000085,3064,1532,1532
110000086,1265,1122,143
110000087,6,46,-40
110000088,37,214,-177
110000089,163,181,-18
110000090,38,358,-320
110000091,1928,296,1632
110000092,25,101,-76
110000093,32,5,27
110000094,460,223,237
110000095,89,509,-420
110000096,4465,1735,2730
110000097,823,941,-118
110000098,1301,537,764
110000099,802,1409,-607
110000100,361,1012,-651
110000101,27,641,-614
110000102,34,25,9
110000104,115,71,44
110000105,26,306,-280
110000106,470,236,234
110000107,393,423,-30
110000108,153,48,105
110000109,334,338,-4
110000110,5229,3711,1518
110000111,9638,2017,7621
110000112,1659,483,1176
110000113,807,1153,-346
110000114,96,404,-308
110000115,177,288,-111
110000116,25,43,-18
110000117,110,647,-537
110000118,309,304,5
110000119,132,408,-276
110000120,220,235,-15
110000121,95,305,-210
110000122,235,565,-330
110000123,326,397,-71
110000124,1,814,-813
110000125,701,5,696
110000126,219,15,204
110000127,478,38,440
110000128,26,1848,-1822
110000129,2,629,-627
110000130,106,95,11
110000131,129,361,-232
110000132,1,768,-767
110000133,35,263,-228
110000134,20,317,-297
110000135,160,35,125
110000136,31,322,-291
110000137,271,835,-564
110000138,440,903,-463
110000139,533,1936,-1403
110000140,679,380,299
110000143,709,418,291
110000144,4596,1062,3534
110000145,1230,773,457
110000146,2043,813,1230
110000147,219,715,-496
110000148,214,382,-168
110000151,802,502,300
110000152,542,230,312
110000153,42,69,-27
110000154,57,20,37
110000155,2516,2319,197
110000156,546,1331,-785
110000157,1415,1447,-32
110000160,256,458,-202
110000161,97,525,-428
110000166,204,142,62
110000167,445,492,-47
110000168,665,288,377
110000169,574,294,280
110000170,92,92,0
110000171,496,248,248
110000172,175,985,-810
110000173,1323,1298,25
110000174,81,1576,-1495
110000175,255,86,169
110000176,20,195,-175
110000177,169,691,-522
110000178,482,743,-261
110000179,1548,383,1165
110000180,87,368,-281
110000181,194,433,-239
110000182,424,333,91
110000183,12777,4221,8556
110000184,690,1541,-851
110000185,811,629,182
110000186,618,573,45
110000191,340,451,-111
110000192,229,4,225
110000193,353,0,353
110000194,6,1642,-1636
110000195,225,444,-219
110000196,178,526,-348
110000197,45,247,-202
110000198,60,76,-16
110000199,36,91,-55
110000200,1312,612,700
110000201,435,589,-154
110000202,1104,460,644
110000203,623,948,-325
110000204,5,483,-478
110000205,111,86,25
110000206,622,2022,-1400
110000207,409,319,90
110000208,101,90,11
110000209,108,1021,-913
110000210,425,627,-202
110000211,409,715,-306
110000212,270,827,-557
110000213,53,44,9
110000214,91,92,-1
110000215,62,741,-679
110000216,36,766,-730
110000217,159,294,-135
110000218,98,562,-464
110000219,194,72,122
110000220,14,588,-574
110000221,200,95,105
110000222,31,378,-347
110000223,1,110,-109
110000224,82,12,70
110000225,142,598,-456
110000226,109,39,70
110000227,560,388,172
110000228,287,347,-60
110000229,1,292,-291
110000230,383,689,-306
110000231,97,204,-107
110000232,87,239,-152
110000233,111,292,-181
110000234,450,363,87
110000235,1106,938,168
110000236,271,1067,-796
110000237,1076,1054,22
110000238,825,1343,-518
110000239,1002,1352,-350
110000240,0,140,-140
110000242,0,14,-14
110000243,36,216,-180
110000244,130,418,-288
110000245,32,485,-453
110000246,447,704,-257
110000247,1616,4159,-2543
110000248,2378,1463,915
110000249,69,9,60
110000250,12,255,-243
110000251,137,480,-343
110000252,149,325,-176
110000253,878,399,479
110000254,576,1557,-981
110000255,246,1421,-1175
110000256,433,224,209
110000257,608,422,186
110000258,5,554,-549
110000259,63,21,42
110000260,14,506,-492
110000263,671,110,561
110000264,178,775,-597
110000265,807,1352,-545
110000266,1791,2048,-257
110000267,20,261,-241
110000268,244,696,-452
110000269,2,107,-105
110000270,35,1,34
110000271,2047,299,1748
110000272,758,884,-126
110000273,2844,1390,1454
110000274,173,928,-755
110000275,3429,485,2944
110000276,116,225,-109
110000277,108,490,-382
110000278,152,901,-749
110000279,553,723,-170
110000280,168,442,-274
110000281,15,182,-167
110000282,225,43,182
110000283,39,78,-39
110000284,29,36,-7
110000285,0,235,-235
110000286,23,0,23
110000287,17,1,16
110000288,0,91,-91
110000289,433,1150,-717
110000290,1366,570,796
110000291,6898,1559,5339
110000292,1275,3185,-1910
110000293,327,1262,-935
110000294,486,746,-260
110000295,59,991,-932
110000296,163,351,-188
110000297,2835,243,2592
110000298,430,529,-99
110000299,563,40,523
110000301,121,11,110
110000302,191,1633,-1442
110000303,171,5,166
110000304,86,296,-210
110000305,568,14,554
110000306,104,2213,-2109
110000307,819,6,813
110000308,273,5,268
110000309,5,1613,-1608
110000310,410,82,328
110000311,15,984,-969
110000312,386,49,337
110000313,3006,1948,1058
110000314,1,252,-251
110000315,2885,1668,1217
110000316,598,1028,-430
110000317,431,252,179
110000318,0,100,-100
110000319,5,24,-19
110000320,27,63,-36
110000321,9,58,-49
110000322,126,534,-408
110000323,187,263,-76
110000324,5626,1131,4495
110000325,2155,1966,189
110000327,359,225,134
110000328,156,596,-440
110000333,501,488,13
110000334,686,1539,-853
110000335,932,572,360
110000336,390,1505,-1115
110000337,762,602,160
110000338,186,269,-83
110000339,109,319,-210
110000340,19,200,-181
110000341,277,688,-411
110000342,422,4,418
110000343,2,13,-11
110000344,24,178,-154
110000345,34,61,-27
110000346,2304,1237,1067
110000347,846,672,174
110000348,1,29,-28
110000349,4,16,-12
110000350,33,13,20
110000351,538,866,-328
110000352,358,1366,-1008
110000353,3305,672,2633
110000354,740,1680,-940
110000355,81,81,0
110000356,701,7,694
110000357,180,18,162
110000361,21,87,-66
110000362,33,234,-201
110000363,143,111,32
110000364,132,493,-361
110000365,147,1,146
110000366,1,108,-107
110000367,191,255,-64
110000368,3,78,-75
110000369,33,1,32
110000373,2,411,-409
110000374,20,3,17
110000375,226,799,-573
110000376,34,132,-98
110000377,38,295,-257
110000378,27,298,-271
110000379,4149,1127,3022
110000380,70,46,24
110000383,1,807,-806
110000384,1844,696,1148
110000385,1,209,-208
110000387,32,12,20
110000388,47,226,-179
110000389,376,1,375
110000391,177,386,-209
110000396,63,144,-81
110000397,54,244,-190
110000398,3,39,-36
110000399,130,2,128
110000587,40,32,8
110000589,134,143,-9
110000640,107,100,7
110000652,31,76,-45
110000653,141,493,-352
110000654,3,16,-13
110000656,1,716,-715
110000674,13,11,2
110000675,11,10,1
110000676,0,57,-57
110000679,563,621,-58
110000682,125,159,-34
110000683,271,531,-260
110000684,0,65,-65
110000685,10,4,6
110000686,3,26,-23
110000687,13,1,12
110000688,41,503,-462
110000689,17,76,-59
110000692,65,299,-234
110000693,92,206,-114
110000694,0,102,-102
110000695,94,806,-712
110000696,129,145,-16
110900001,162,13,149
110900002,79,247,-168
110900003,299,1251,-952
110900004,212,308,-96
110900005,4953,1132,3821
110900006,36,11,25
110900007,32,14,18
110900008,9,52,-43
110900009,293,30,263
110900010,3,100,-97
110900011,14,103,-89
110900012,4,126,-122
110900013,514,185,329
110900014,72,9,63
110900015,1101,458,643
110900016,16,216,-200
110900017,187,59,128
110900018,366,40,326
110900019,52,18,34
110900020,25,620,-595
110900021,75,693,-618
110900022,56,514,-458
110900023,104,689,-585
110900024,31,692,-661
110900025,3,54,-51
110900027,22,328,-306
110900028,16,254,-238
110900029,46,651,-605
110900030,14,445,-431
110900031,0,143,-143
110900032,0,99,-99
110900033,32,353,-321
110900035,22,413,-391
110900036,35,34,1
110900037,27,41,-14
110900038,1711,261,1450
110900039,4,303,-299
110900040,157,34,123
110900041,13,200,-187
110900042,50,57,-7
110900043,2,214,-212
110900044,322,28,294
110900045,29,752,-723
110900046,171,352,-181
110900047,884,116,768
110900049,61,44,17
110900050,7,4,3
110900051,45,240,-195
110900052,1,242,-241
110900053,51,59,-8
110900054,19,388,-369
110900055,32,4,28
110900056,66,135,-69
110900057,2,296,-294
110900058,88,305,-217
110900059,527,990,-463
110900060,291,69,222
110900061,41,52,-11
110900062,76,387,-311
110900063,25,89,-64
110900064,5,1,4
110900065,490,113,377
110900066,6,90,-84
110900067,612,470,142
110900068,255,351,-96
110900069,0,33,-33
110900070,70,29,41
110900071,347,329,18
110900073,1,23,-22
110900074,192,62,130
110900075,248,77,171
110900077,334,409,-75
110900078,15,192,-177
110900079,1978,564,1414
110900080,61,60,1
110900081,3,160,-157
110900082,40,260,-220
110900083,68,35,33
110900084,29,231,-202
110900085,47,431,-384
110900086,54,203,-149
110900087,169,87,82
110900088,10,0,10
110900090,30,31,-1
110900091,1,66,-65
110900093,211,93,118
110900095,29,72,-43
110900097,10,12,-2
110900098,17,127,-110
110900099,56,722,-666
110900100,1,43,-42
110900102,24,24,0
110900105,686,400,286
110900108,7,142,-135
110900111,278,80,198
110900112,450,5,445
110900113,593,52,541
110900115,3,133,-130
110900116,376,2975,-2599
110900118,169,1471,-1302
110900119,6689,269,6420
110900120,8,163,-155
110900121,48,0,48
110900122,179,126,53
110900125,209,260,-51
110900127,438,622,-184
110900128,219,177,42
110900129,443,346,97
110900130,1418,329,1089
110900131,103,57,46
110900132,209,32,177
110900133,46,375,-329
110900135,72,677,-605
110900136,219,7,212
110900137,46,0,46
110900138,384,220,164
110900139,11,28,-17
110900140,28,3,25
110900141,2,39,-37
110900142,55,306,-251
110900143,75,75,0
110900144,5,805,-800
110900145,76,18,58
110900146,238,55,183
110900147,186,229,-43
110900148,1,381,-380
110900149,0,108,-108
110900150,27,21,6
110900151,0,75,-75
110900152,17,509,-492
110900153,74,41,33
111000001,256,293,-37
111000002,481,675,-194
111000003,495,425,70
111000004,387,1072,-685
111000005,743,673,70
111000006,827,1261,-434
111000007,4166,1662,2504
111000008,3407,3644,-237
111000009,270,982,-712
111000010,460,249,211
111000011,382,895,-513
111000012,622,365,257
111000013,264,1325,-1061
111000014,872,475,397
111000017,105,557,-452
111000018,177,331,-154
111000020,2558,2026,532
111000021,73,126,-53
111000023,71,158,-87
111000025,8158,2247,5911
111000029,61,200,-139
111000030,25,155,-130
111000031,2168,704,1464
111000032,508,159,349
111000033,312,102,210
111000034,305,170,135
111000037,3181,1342,1839
111000038,3432,2840,592
111000039,1394,2621,-1227
111000040,1438,2780,-1342
111000041,1864,1845,19
111000042,7364,3123,4241
111000043,1686,1534,152
111000044,1072,641,431
111000045,1209,1676,-467
111000046,927,1107,-180
111000047,1513,1836,-323
111000049,370,590,-220
111000050,1894,1755,139
111000051,441,1238,-797
111000052,482,1286,-804
111000053,276,1192,-916
111000054,227,1203,-976
111000055,1273,2364,-1091
111000056,80,934,-854
111000057,110,1215,-1105
111000058,142,92,50
111000059,148,221,-73
111000060,2030,521,1509
111000061,295,315,-20
111000062,470,207,263
111000063,1394,653,741
111000064,347,539,-192
111000065,765,681,84
111000066,238,292,-54
111000067,297,640,-343
111000068,295,817,-522
111000069,1574,1852,-278
111000070,2450,1305,1145
111000071,247,881,-634
111000072,591,347,244
111000073,133,518,-385
111000074,1335,1376,-41
111000075,556,772,-216
111000076,273,882,-609
111000077,1080,1253,-173
111000078,1853,1065,788
111000079,1216,696,520
111000080,347,586,-239
111000081,2316,2785,-469
111000082,466,756,-290
111000084,532,536,-4
111000085,743,1760,-1017
111000086,3593,1319,2274
111000087,762,946,-184
111000088,6694,1768,4926
111000089,498,835,-337
111000090,1219,1590,-371
111000091,624,791,-167
111000092,824,1171,-347
111000093,417,684,-267
111000094,1416,722,694
111000095,906,1829,-923
111000096,2977,6265,-3288
111000097,7334,1102,6232
111000098,522,1534,-1012
111000099,399,2915,-2516
111000100,299,2675,-2376
111000101,349,1011,-662
111000102,127,1008,-881
111000104,257,246,11
111000107,53,902,-849
111000109,304,208,96
111000110,750,509,241
111000111,1187,451,736
111000112,969,276,693
111000113,464,595,-131
111000114,1656,1519,137
111000115,8037,949,7088
111000116,694,780,-86
111000117,378,936,-558
111000118,1351,1024,327
111000119,728,1835,-1107
111000120,365,604,-239
111000121,231,577,-346
111000122,409,1060,-651
111000123,706,3769,-3063
111000124,439,4366,-3927
111000125,136,2218,-2082
111000126,65,1033,-968
111000127,478,149,329
111000128,814,304,510
111000129,1456,395,1061
111000130,1099,677,422
111000131,762,463,299
111000132,648,346,302
111000133,92,158,-66
111000134,106,153,-47
111000135,31,134,-103
111000136,220,256,-36
111000138,3,10,-7
111000140,0,6,-6
111000141,178,288,-110
111000142,24,108,-84
111000143,2,92,-90
111000144,9,90,-81
111000145,171,4,167
111000146,33,3,30
111000147,261,12,249
111000148,104,100,4
111000149,1,28,-27
111000150,9,2,7
111000151,2,11,-9
111000153,559,639,-80
111000154,768,183,585
111000155,92,173,-81
111000156,302,331,-29
111000157,149,438,-289
111000158,903,471,432
111000159,2652,617,2035
111000160,186,400,-214
111000161,6,267,-261
111000162,4,150,-146
111000163,328,739,-411
111000164,757,1953,-1196
111000165,1155,364,791
111000166,1663,395,1268
111000167,179,479,-300
111000168,190,421,-231
111000169,206,590,-384
111000170,471,479,-8
111000171,387,1054,-667
111000172,100,789,-689
111000173,217,1694,-1477
111000174,91,702,-611
111000175,35,311,-276
111000176,135,188,-53
111000177,78,268,-190
111000178,535,305,230
111000179,64,173,-109
111000180,125,290,-165
111000181,511,300,211
111000182,91,167,-76
111000183,193,289,-96
111000184,243,198,45
111000185,370,484,-114
111000186,197,319,-122
111000187,80,323,-243
111000188,133,508,-375
111000189,1762,495,1267
111000190,159,556,-397
111000191,137,477,-340
111000192,245,750,-505
111000193,400,447,-47
111000194,23,425,-402
111000195,62,526,-464
111000196,30,367,-337
111000197,179,187,-8
111000198,249,139,110
111000199,67,172,-105
111000200,147,319,-172
111000201,329,207,122
111000202,182,181,1
111000203,190,171,19
111000204,245,545,-300
111000213,110,368,-258
111000214,1236,1772,-536
111000215,696,1483,-787
111000217,840,1099,-259
111000218,736,894,-158
111000219,302,203,99
111000220,3213,503,2710
111000221,578,254,324
111000224,57,283,-226
111000225,221,136,85
111000226,106,1,105
111000227,38,0,38
111000228,8,190,-182
111000229,24,397,-373
111000230,181,594,-413
111000231,561,1524,-963
111000232,224,930,-706
111000233,334,795,-461
111000234,60,207,-147
111000239,175,265,-90
111000240,14,92,-78
111000241,39,488,-449
111000242,48,56,-8
111000243,73,1029,-956
111000244,117,58,59
111000245,427,732,-305
111000246,219,717,-498
111000247,155,1330,-1175
111000248,298,345,-47
111000249,455,962,-507
111000250,22,211,-189
111000251,12,164,-152
111000253,7,4,3
111000255,15,9,6
111000257,20,11,9
111000260,58,1409,-1351
111000261,489,80,409
111000271,60,280,-220
111000273,7570,1522,6048
111000274,967,1643,-676
111000275,83,72,11
111000276,251,2905,-2654
111000277,152,482,-330
111000278,477,243,234
111000291,352,2584,-2232
111000298,267,254,13
111000299,412,120,292
111000300,69,778,-709
111000302,212,54,158
111000303,79,404,-325
111000312,67,84,-17
111000315,22,263,-241
111000320,315,811,-496
111000321,195,66,129
111000322,110,617,-507
111000323,61,22,39
111000324,323,297,26
111000325,20,71,-51
111000326,95,382,-287
111000327,309,638,-329
111000328,150,427,-277
111000329,2,14,-12
111000330,13,9,4
111000331,26,2,24
111000332,349,1187,-838
111000334,449,1742,-1293
111000335,313,135,178
111000337,385,413,-28
111000338,15,207,-192
111000339,162,928,-766
111000340,66,1062,-996
111000341,724,289,435
111000342,53,292,-239
111000344,612,694,-82
111000345,160,31,129
111000346,21,108,-87
111000347,39,8,31
111000350,150,176,-26
111000351,80,249,-169
111000352,126,154,-28
111000353,98,262,-164
111000354,646,150,496
111000355,867,723,144
111000358,73,2132,-2059
111000360,104,1227,-1123
111000361,81,570,-489
111000546,279,706,-427
111000547,193,912,-719
111000548,57,250,-193
111000549,142,604,-462
111000550,77,413,-336
111000551,773,192,581
111000552,265,65,200
111000907,153,5,148
111000908,9,0,9
111000916,639,250,389
111000917,21,326,-305
111000918,100,1406,-1306
111000920,240,14,226
111000921,0,389,-389
111000922,203,311,-108
111000924,37,1417,-1380
111000925,1219,1348,-129
111000926,877,2963,-2086
111000927,2965,3044,-79
111000928,6440,4269,2171
111000929,672,795,-123
111000930,559,2582,-2023
111000931,1278,1561,-283
111000932,3943,2413,1530
111000933,2887,1774,1113
111000934,2174,2887,-713
111000935,676,918,-242
111000936,894,2274,-1380
111000937,523,982,-459
111000938,1612,2594,-982
111000939,156,47,109
111000940,179,276,-97
111000941,118,836,-718
111000943,137,227,-90
111000944,106,666,-560
111000945,58,2744,-2686
111001109,267,152,115
111001110,214,727,-513
111001111,28,13,15
111001112,70,3,67
111001113,7,120,-113
111001114,1397,99,1298
111001115,180,297,-117
111001116,6084,1565,4519
111001117,752,827,-75
111001120,65,451,-386
111001121,143,362,-219
111001122,148,810,-662
111001123,121,87,34
111001124,58,421,-363
111001125,0,13,-13
111900001,15,243,-228
111900002,11,1055,-1044
111900003,3,586,-583
111900004,27,250,-223
111900006,4,32,-28
111900007,53,6,47
111900008,82,1,81
111900009,64,192,-128
111900010,230,640,-410
111900012,117,117,0
111900013,10,102,-92
111900014,8779,2219,6560
111900015,1,86,-85
111900016,0,264,-264
111900017,0,214,-214
111900018,37,2,35
111900019,10,111,-101
111900020,6,57,-51
111900021,34,82,-48
111900022,10,67,-57
111900023,161,89,72
111900024,1,87,-86
111900025,0,49,-49
111900026,1,92,-91
111900027,4,179,-175
111900028,1,485,-484
111900029,1,138,-137
111900030,73,527,-454
111900031,40,271,-231
111900032,3,487,-484
111900033,3,136,-133
111900034,237,808,-571
111900035,15,253,-238
111900036,1,403,-402
111900038,337,780,-443
111900039,30,511,-481
111900040,4,890,-886
111900042,29,92,-63
111900043,4,569,-565
111900044,285,278,7
111900046,48,261,-213
111900048,104,1021,-917
111900049,39,378,-339
111900050,64,13,51
111900051,1,345,-344
111900052,402,694,-292
111900053,1747,447,1300
111900054,46,3,43
111900055,22,868,-846
111900056,206,84,122
111900057,40,42,-2
111900058,179,894,-715
111900059,2886,277,2609
111900060,161,1,160
111900061,10,385,-375
111900062,11,18,-7
111900063,118,250,-132
111900064,125,387,-262
111900065,29,15,14
111900066,76,104,-28
111900067,1,354,-353
111900068,33,14,19
111900069,18,12,6
111900070,69,141,-72
111900071,1,348,-347
111900072,23,6,17
111900073,308,77,231
111900074,7,215,-208
111900075,29,7,22
111900076,51,28,23
111900077,13,0,13
111900078,164,12,152
111900079,36,9,27
111900080,215,133,82
111900082,81,17,64
111900083,46,0,46
111900084,26,2,24
111900085,22,58,-36
111900086,50,1,49
111900087,21,7,14
111900088,270,7,263
111900089,23,0,23
111900090,31,18,13
111900091,123,2,121
111900092,14,0,14
111900093,172,2,170
111900094,23,0,23
111900095,83,16,67
111900096,110,0,110
111900097,15,1,14
111900098,59,0,59
111900099,25,0,25
111900100,23,1,22
111900101,43,14,29
111900102,162,780,-618
111900103,59,34,25
111900104,83,55,28
111900105,156,124,32
111900106,1982,58,1924
111900110,3677,242,3435
111900111,29,296,-267
111900112,1093,1058,35
111900113,258,64,194
111900118,189,47,142
111900119,174,45,129
111900122,59,6,53
111900123,7,10,-3
111900124,21,143,-122
111900125,192,6,186
111900126,125,3,122
111900127,2,724,-722
111900128,7,811,-804
111900129,77,4,73
111900130,128,13,115
111900131,154,0,154
111900132,20,1830,-1810
111900133,1,291,-290
111900134,27,397,-370
111900135,4,12,-8
111900136,74,129,-55
111900137,86,62,24
111900138,15,92,-77
111900139,19,224,-205
111900140,38,21,17
111900141,11,13,-2
111900142,44,16,28
111900143,24,477,-453
111900144,0,110,-110
111900145,6,857,-851
111900146,6,460,-454
111900147,196,671,-475
111900148,23,1094,-1071
111900149,6,552,-546
111900150,6,250,-244
111900151,1,20,-19
111900152,94,53,41
111900153,1598,203,1395
111900154,10,136,-126
111900155,67,31,36
111900156,9,23,-14
111900157,28,4,24
111900158,215,27,188
111900159,125,7,118
111900160,105,1,104
111900161,58,2,56
111900162,90,131,-41
111900163,45,327,-282
111900164,86,28,58
111901113,139,197,-58
111901114,59,497,-438
111901115,21,0,21
111901116,16,0,16
111901117,13,17,-4
111901118,175,63,112
111901119,1626,113,1513
111901121,193,468,-275
111901122,5,737,-732
111901123,106,546,-440
111901124,92,4,88
111901125,169,252,-83
111901127,1190,283,907
111901128,11,123,-112
111901129,3,191,-188
111901130,10,339,-329
111901131,0,339,-339
111901132,52,4,48
111901133,34,1,33
111901134,45,1,44
111901135,14,7,7
111901136,27,12,15
111901137,0,22,-22
111901138,62,32,30
111901139,25,56,-31
111901140,10,187,-177
111901141,15,329,-314
111901142,4,208,-204
111901143,1,91,-90
111901144,21,29,-8
111901145,153,155,-2
111901146,410,13,397
112000001,1132,751,381
112000002,680,2749,-2069
112000003,522,851,-329
112000004,457,1681,-1224
112000005,1635,1316,319
112000006,1373,2181,-808
112000007,1290,1127,163
112000008,1620,2782,-1162
112000009,3768,3524,244
112000010,1541,2101,-560
112000011,1639,2305,-666
112000012,4732,1871,2861
112000013,5275,3065,2210
112000014,2429,691,1738
112000015,2914,2258,656
112000016,3450,765,2685
112000017,1385,1240,145
112000024,2082,676,1406
112000026,4485,5313,-828
112000027,645,307,338
112000028,1559,1809,-250
112000029,286,495,-209
112000030,228,154,74
112000031,1202,2597,-1395
112000032,471,67,404
112000033,1694,863,831
112000034,270,45,225
112000035,55,281,-226
112000036,627,584,43
112000037,573,848,-275
112000038,781,819,-38
112000039,24,96,-72
112000040,168,321,-153
112000041,437,530,-93
112000042,877,274,603
112000050,630,1253,-623
112000051,487,678,-191
112000054,1512,2536,-1024
112000057,513,325,188
112000058,266,416,-150
112000059,655,416,239
112000061,5511,1636,3875
112000062,3020,570,2450
112000063,1997,684,1313
112000064,4673,5724,-1051
112000065,2300,2741,-441
112000066,3014,872,2142
112000067,676,668,8
112000068,1714,1103,611
112000069,605,2477,-1872
112000070,1283,509,774
112000071,609,3492,-2883
112000072,966,809,157
112000073,1242,1873,-631
112000074,868,805,63
112000075,769,889,-120
112000076,2927,2901,26
112000077,298,716,-418
112000078,889,740,149
112000079,1069,1302,-233
112000080,396,1030,-634
112000081,976,1968,-992
112000082,992,610,382
112000083,498,1492,-994
112000084,916,704,212
112000085,732,1323,-591
112000086,1009,1541,-532
112000087,152,552,-400
112000088,234,610,-376
112000089,122,289,-167
112000090,111,445,-334
112000091,654,1331,-677
112000092,1077,880,197
112000093,1356,1115,241
112000094,293,750,-457
112000095,446,790,-344
112000096,263,754,-491
112000097,560,441,119
112000098,868,1804,-936
112000099,465,597,-132
112000100,859,847,12
112000101,393,1084,-691
112000102,513,498,15
112000103,249,1469,-1220
112000105,379,2210,-1831
112000106,621,381,240
112000107,19,126,-107
112000108,146,1870,-1724
112000109,61,50,11
112000110,953,444,509
112000111,1185,4729,-3544
112000112,2325,566,1759
112000113,876,2280,-1404
112000114,1380,881,499
112000115,174,641,-467
112000116,362,1084,-722
112000117,584,884,-300
112000118,703,1030,-327
112000119,302,1060,-758
112000120,44,409,-365
112000121,64,871,-807
112000122,122,142,-20
112000123,274,133,141
112000124,176,76,100
112000125,80,116,-36
112000126,153,852,-699
112000127,2387,1027,1360
112000128,1211,514,697
112000129,65,129,-64
112000130,90,52,38
112000131,20,478,-458
112000132,61,325,-264
112000133,158,400,-242
112000134,362,427,-65
112000135,512,591,-79
112000136,749,1189,-440
112000137,741,1308,-567
112000138,1048,1280,-232
112000139,658,215,443
112000140,937,1057,-120
112000141,347,210,137
112000142,100,1021,-921
112000143,528,192,336
112000144,214,2210,-1996
112000145,1292,643,649
112000146,586,2738,-2152
112000147,1221,1489,-268
112000148,1517,2372,-855
112000149,206,817,-611
112000150,94,734,-640
112000151,255,682,-427
112000152,184,369,-185
112000153,180,310,-130
112000154,100,181,-81
112000155,137,87,50
112000157,517,445,72
112000158,142,876,-734
112000159,270,374,-104
112000167,121,18,103
112000169,348,341,7
112000173,261,238,23
112000175,216,425,-209
112000176,5724,1753,3971
112000177,256,120,136
112000178,44,528,-484
112000179,106,185,-79
112000180,177,286,-109
112000181,889,2160,-1271
112000182,465,2398,-1933
112000183,35,61,-26
112000184,166,689,-523
112000185,214,581,-367
112000187,2588,2179,409
112000195,66,30,36
112000196,206,3,203
112000197,169,109,60
112000198,29,438,-409
112000199,898,875,23
112000202,180,0,180
112000216,49,248,-199
112000230,38,7,31
112000231,3,412,-409
112000256,24,164,-140
112000313,115,145,-30
112000314,8,16,-8
112000337,139,521,-382
112000352,220,163,57
112000392,1905,1214,691
112000398,658,800,-142
112000399,2870,1462,1408
112000400,1713,4333,-2620
112000401,2626,3022,-396
112000402,1278,1856,-578
112000403,1896,1451,445
112000404,307,603,-296
112000405,1008,2203,-1195
112000406,3339,3485,-146
112000407,3543,5065,-1522
112000408,8650,7681,969
112000409,1651,5247,-3596
112000410,186,86,100
112000411,6008,736,5272
112000412,1285,289,996
112000413,11385,2423,8962
112000414,63,90,-27
112000415,35,58,-23
112000416,1334,1216,118
112000417,187,73,114
112000421,19,149,-130
112000422,218,620,-402
112000424,2734,1482,1252
112000425,327,1253,-926
112000426,67,286,-219
112000427,1,10,-9
112000428,68,483,-415
112000429,1712,2602,-890
112000430,1677,2686,-1009
112000431,26,90,-64
112000432,587,2317,-1730
112000433,563,595,-32
112000437,27,333,-306
112900001,51,0,51
112900002,140,1507,-1367
112900003,29,309,-280
112900004,26,555,-529
112900005,78,291,-213
112900006,3,560,-557
112900007,24,275,-251
112900008,6,6,0
112900009,361,87,274
112900010,145,935,-790
112900011,319,383,-64
112900012,0,42,-42
112900013,1,198,-197
112900014,4,384,-380
112900015,364,1061,-697
112900016,1,216,-215
112900017,19,281,-262
112900018,2,408,-406
112900019,78,180,-102
112900020,439,1736,-1297
112900021,1,526,-525
112900022,5,92,-87
112900023,1,324,-323
112900024,11,267,-256
112900025,74,302,-228
112900026,7,306,-299
112900027,10,1550,-1540
112900028,12,194,-182
112900029,15,829,-814
112900030,227,234,-7
112900031,1,555,-554
112900032,95,275,-180
112900034,3,76,-73
112900035,8,600,-592
112900036,22,121,-99
112900037,200,104,96
112900038,339,123,216
112900039,10,427,-417
112900040,5,339,-334
112900041,1286,755,531
112900042,28,597,-569
112900043,8,61,-53
112900044,640,365,275
112900045,493,298,195
112900046,412,83,329
112900047,16,12,4
112900049,57,82,-25
112900050,61,652,-591
112900051,273,895,-622
112900052,12,1327,-1315
112900053,264,106,158
112900054,202,23,179
112900055,138,25,113
112900056,243,108,135
112900057,7,982,-975
112900058,268,130,138
112900059,82,128,-46
112900060,14,286,-272
112900061,41,206,-165
112900062,39,143,-104
112900063,63,2,61
112900064,234,189,45
112900065,26,14,12
112900066,137,45,92
112900067,593,152,441
112900068,36,21,15
112900069,2962,402,2560
112900071,9,1,8
112900072,182,698,-516
112900073,193,43,150
112900074,36,73,-37
112900075,2374,388,1986
112900076,86,4,82
112900078,128,181,-53
112900079,88,13,75
112900080,38,4,34
112900081,47,122,-75
112900082,204,8,196
112900083,46,55,-9
112900084,100,72,28
112900086,34,0,34
112900087,335,78,257
112900088,55,13,42
112900089,444,17,427
112900090,10,5,5
112900091,67,1,66
112900092,94,118,-24
112900093,662,3,659
112900095,33,1,32
112900096,188,60,128
112900097,46,508,-462
112900098,105,1,104
112900099,283,9,274
112900100,25,0,25
112900101,149,0,149
112900102,35,4,31
112900103,66,1,65
112900104,37,4,33
112900105,6,1,5
112900106,362,55,307
112900107,8,0,8
112900108,25,0,25
112900109,32,0,32
112900110,383,1,382
112900111,277,0,277
112900112,134,1,133
112900113,0,6,-6
112900114,44,16,28
112900115,405,0,405
112900116,39,37,2
112900117,115,118,-3
112900118,33,81,-48
112900119,51,16,35
112900120,764,202,562
112900121,249,192,57
112900122,6,177,-171
112900123,114,9,105
112900124,3,178,-175
112900125,64,388,-324
112900126,110,249,-139
112900127,181,39,142
112900128,386,835,-449
112900129,5,991,-986
112900130,138,46,92
112900131,37,275,-238
112900132,45,504,-459
112900133,15,1372,-1357
112900134,0,365,-365
112900135,42,20,22
112900137,4,753,-749
112900138,3,507,-504
112900139,220,1358,-1138
112900141,484,126,358
112900142,98,57,41
112900143,41,730,-689
112900144,1,446,-445
112900145,46,582,-536
112900146,12,1772,-1760
112900147,6,2731,-2725
112900148,36,0,36
112900149,186,556,-370
112900151,20,32,-12
112900152,5403,1128,4275
112900153,1853,1039,814
112900154,0,100,-100
112900155,93,8,85
112900156,141,2070,-1929
112900157,105,168,-63
112900158,12,15,-3
112900159,149,61,88
112900160,19,268,-249
112900161,51,25,26
112900162,22,10,12
112900163,134,42,92
112900164,22,77,-55
112900165,62,19,43
112900166,12,32,-20
112900167,3,21,-18
112900168,0,2,-2
112900169,8,6,2
112900170,45,94,-49
112900172,70,8,62
112900173,285,100,185
112900174,163,22,141
112900175,133,91,42
112900176,7,8,-1
112900177,129,30,99
112900178,577,935,-358
112900179,33,580,-547
112900180,727,2169,-1442
112900181,202,2,200
112900182,23,1645,-1622
112900183,128,205,-77
112900184,308,283,25
112900185,301,436,-135
112900186,1684,554,1130
112900187,51,259,-208
112900188,706,307,399
112900189,12,23,-11
112900190,3,36,-33
112900192,327,374,-47
112900193,1039,276,763
112900194,21,78,-57
112900195,547,28,519
112900196,194,618,-424
112900197,128,440,-312
112900199,307,810,-503
112900200,304,355,-51
112900201,46,81,-35
112900202,174,1208,-1034
112900203,67,409,-342
112900204,856,391,465
112900205,0,6,-6
112900206,3,31,-28
112900207,9,0,9
112900208,31,117,-86
112900209,390,485,-95
112900210,0,20,-20
112900211,42,36,6
112900212,0,77,-77
112900213,1,23,-22
112900214,12,1,11
112900215,5,264,-259
112900216,24,58,-34
112900217,0,91,-91
112900218,15,27,-12
112900219,36,0,36
112900220,10,0,10
112900221,9,132,-123
112900222,1,16,-15
112900223,465,5,460
112900224,129,929,-800
112900225,254,665,-411
112900226,245,213,32
112900227,265,1595,-1330
112900228,24,25,-1
112900229,78,61,17
112900230,8729,2678,6051
112900232,165,109,56
112900233,24,218,-194
112900234,9,132,-123
112900235,59,15,44
112900236,117,14,103
112900237,54,429,-375
112900238,4,35,-31
112900239,459,267,192
113000001,4248,4910,-662
113000002,3251,3586,-335
113000003,1678,1836,-158
113000004,1781,2132,-351
113000005,1026,1121,-95
113000006,874,1245,-371
113000007,1137,1359,-222
113000008,1226,1883,-657
113000009,571,874,-303
113000010,811,1749,-938
113000011,717,1796,-1079
113000012,931,901,30
113000013,808,502,306
113000014,1768,1531,237
113000015,664,308,356
113000016,267,363,-96
113000017,61,232,-171
113000018,203,37,166
113000019,78,239,-161
113000020,78,20,58
113000021,849,562,287
113000022,385,1292,-907
113000025,34,230,-196
113000026,195,441,-246
113000027,797,396,401
113000028,1480,436,1044
113000029,652,556,96
113000030,568,605,-37
113000031,381,347,34
113000032,258,217,41
113000033,374,394,-20
113000034,458,323,135
113000035,26,26,0
113000036,17,42,-25
113000037,54,27,27
113000038,8,58,-50
113000039,84,540,-456
113000040,47,101,-54
113000042,702,624,78
113000051,655,1812,-1157
113000052,2303,1140,1163
113000053,277,622,-345
113000054,169,811,-642
113000055,671,1055,-384
113000056,518,1398,-880
113000058,764,977,-213
113000059,1182,757,425
113000060,113,671,-558
113000061,860,931,-71
113000062,1194,160,1034
113000063,85,223,-138
113000064,24,486,-462
113000065,149,1313,-1164
113000066,347,70,277
113000067,1175,1330,-155
113000068,416,2164,-1748
113000069,409,1539,-1130
113000070,889,850,39
113000071,291,844,-553
113000072,355,516,-161
113000073,532,1772,-1240
113000074,965,287,678
113000075,1967,530,1437
113000076,1327,1791,-464
113000077,1367,389,978
113000078,1019,1712,-693
113000079,684,603,81
113000080,588,454,134
113000081,690,731,-41
113000082,1130,755,375
113000083,498,637,-139
113000084,1337,1139,198
113000085,735,513,222
113000086,844,1174,-330
113000087,831,710,121
113000088,2104,1171,933
113000089,834,1215,-381
113000090,218,374,-156
113000091,835,277,558
113000094,755,172,583
113000095,228,1308,-1080
113000096,127,927,-800
113000097,679,310,369
113000098,61,24,37
113000099,849,231,618
113000100,147,401,-254
113000101,361,581,-220
113000102,424,249,175
113000103,2405,541,1864
113000104,304,2028,-1724
113000105,554,459,95
113000106,271,558,-287
113000107,438,833,-395
113000108,681,1489,-808
113000109,387,2845,-2458
113000110,1482,365,1117
113000111,147,578,-431
113000112,334,299,35
113000113,1723,244,1479
113000114,281,1019,-738
113000116,596,241,355
113000117,702,119,583
113000118,149,270,-121
113000119,153,382,-229
113000120,32,174,-142
113000121,474,878,-404
113000124,129,115,14
113000125,46,532,-486
113000127,3779,561,3218
113000128,491,506,-15
113000129,580,1337,-757
113000133,4103,1141,2962
113000134,12,906,-894
113000135,2787,2216,571
113000137,2501,1565,936
113000139,394,170,224
113000140,157,312,-155
113000141,442,118,324
113000142,764,924,-160
113000143,240,171,69
113000144,285,612,-327
113000145,37,130,-93
113000146,107,76,31
113000147,123,148,-25
113000148,68,142,-74
113000149,44,108,-64
113000150,472,435,37
113000151,94,72,22
113000152,44,177,-133
113000153,1942,518,1424
113000154,675,1242,-567
113000155,222,401,-179
113000156,172,417,-245
113000157,315,874,-559
113000158,593,244,349
113000159,792,576,216
113000160,666,1361,-695
113000161,271,777,-506
113000162,560,378,182
113000163,62,41,21
113000164,45,91,-46
113000166,78,53,25
113000167,26,196,-170
113000168,51,179,-128
113000169,91,38,53
113000170,89,60,29
113000171,43,104,-61
113000172,191,51,140
113000173,24,11,13
113000174,117,527,-410
113000175,256,121,135
113000176,384,95,289
113000177,115,444,-329
113000178,209,460,-251
113000179,220,93,127
113000180,507,1438,-931
113000181,618,1033,-415
113000182,183,326,-143
113000183,184,612,-428
113000184,23,103,-80
113000189,439,664,-225
113000190,1592,446,1146
113000192,2583,1298,1285
113000193,5343,773,4570
113000194,2120,1053,1067
113000195,2419,508,1911
113000196,91,76,15
113000197,1435,805,630
113000198,11,336,-325
113000199,910,395,515
113000201,385,188,197
113000202,3581,2627,954
113000203,535,181,354
113000204,2009,1158,851
113000205,22,28,-6
113000206,7,36,-29
113000207,54,29,25
113000208,18,48,-30
113000209,18,30,-12
113000210,5,26,-21
113000211,317,139,178
113000212,322,24,298
113000213,18,96,-78
113000214,86,201,-115
113000234,163,1558,-1395
113000410,44,125,-81
113000411,2477,3652,-1175
113000412,9788,1900,7888
113000413,4191,2575,1616
113000414,10592,8935,1657
113000415,2551,2496,55
113000416,11491,3532,7959
113000417,3474,2813,661
113000418,2941,2092,849
113000419,1598,1418,180
113000420,3954,3705,249
113000421,3449,4423,-974
113000422,16457,7689,8768
113000423,2723,3765,-1042
113000424,4169,6550,-2381
113000425,9,59,-50
113000428,39,5,34
113000430,9,12,-3
113000432,1078,118,960
113000433,127,1179,-1052
113000434,17,409,-392
113000435,16,1021,-1005
113000436,49,1566,-1517
113000437,361,15,346
113000438,119,13,106
113000439,18,175,-157
113000440,73,31,42
113000441,145,210,-65
113000442,118,391,-273
113000443,77,318,-241
113000444,86,393,-307
113000445,61,190,-129
113000446,22,113,-91
113000448,223,119,104
113000449,308,1039,-731
113000450,825,3157,-2332
113000451,1901,140,1761
113000452,496,464,32
113000453,256,248,8
113000454,1313,29,1284
113000455,81,110,-29
113000456,3942,1898,2044
113000468,3006,322,2684
113000469,424,144,280
113000470,496,69,427
113000471,13,414,-401
113000472,89,292,-203
113000474,267,636,-369
113000475,1211,1669,-458
113000476,639,1826,-1187
113000477,1491,1817,-326
113000478,3309,5992,-2683
113000479,63,235,-172
113000480,120,59,61
113000484,0,0,0
113000485,0,0,0
113000486,0,0,0
113000487,0,0,0
113000488,0,0,0
113000489,0,0,0
113000490,0,0,0
113000491,0,0,0
113000492,1,0,1
113000493,0,0,0
113000495,190,265,-75
113000496,102,87,15
113000499,0,0,0
113900001,1,151,-150
113900002,1,250,-249
113900003,0,184,-184
113900004,0,57,-57
113900005,0,54,-54
113900006,0,33,-33
113900007,85,31,54
113900008,132,1,131
113900009,366,0,366
113900010,304,2,302
113900011,19,3,16
113900012,11,4,7
113900013,1079,9,1070
113900014,390,2,388
113900015,5,53,-48
113900016,5,0,5
113900017,2,66,-64
113900018,509,88,421
113900019,40,58,-18
113900020,56,1,55
113900022,10,2,8
113900023,8,0,8
113900024,31,117,-86
113900025,348,31,317
113900026,34,0,34
113900027,4,95,-91
113900028,16,491,-475
113900029,58,318,-260
113900030,114,2,112
113900031,2,2,0
113900032,3,0,3
113900033,57,105,-48
113900035,29,1,28
113900036,5,142,-137
113900037,31,628,-597
113900038,71,68,3
113900039,114,8,106
113900040,8,8,0
113900041,2,2,0
113900042,42,47,-5
113900043,121,130,-9
113900044,119,59,60
113900045,37,1,36
113900046,186,836,-650
113900047,16,142,-126
113900048,318,64,254
113900049,837,173,664
113900050,145,443,-298
113900051,188,533,-345
113900052,149,122,27
113900053,446,262,184
113900054,4,4,0
113900055,98,723,-625
113900056,75,185,-110
113900057,16,143,-127
113900058,26,218,-192
113900059,123,403,-280
113900060,123,286,-163
113900061,1025,183,842
113900062,46,7,39
113900063,73,145,-72
113900064,31,145,-114
113900065,309,26,283
113900066,196,479,-283
113900067,51,424,-373
113900068,323,385,-62
113900069,144,13,131
113900070,198,553,-355
113900071,84,79,5
113900072,39,227,-188
113900073,90,362,-272
113900074,25,530,-505
113900075,902,850,52
113900076,109,6,103
113900077,23,316,-293
113900078,55,66,-11
113900079,7,55,-48
113900080,283,120,163
113900081,39,257,-218
113900082,90,224,-134
113900083,140,771,-631
113900084,236,80,156
113900085,37,462,-425
113900086,17,15,2
113900087,26,194,-168
113900088,21,57,-36
113900089,346,35,311
113900090,297,234,63
113900091,15,29,-14
113900092,32,73,-41
113900093,57,506,-449
113900094,252,488,-236
113900095,86,114,-28
113900096,149,55,94
113900097,8,114,-106
113900098,381,71,310
113900099,1,86,-85
113900100,0,2,-2
113900101,14,47,-33
113900102,99,77,22
113900103,219,202,17
113900104,104,161,-57
113900105,46,451,-405
113900106,0,114,-114
113900107,0,30,-30
113900108,218,160,58
113900109,314,109,205
113900110,30,12,18
113900111,77,112,-35
113900112,51,112,-61
113900113,560,413,147
113900114,1,148,-147
113900115,1,131,-130
113900116,108,130,-22
113900117,57,16,41
113900118,143,273,-130
113900119,293,349,-56
113900120,47,25,22
113900121,55,69,-14
113900122,333,1122,-789
113900123,361,124,237
113900124,0,80,-80
113900125,1413,162,1251
113900126,124,40,84
113900127,187,380,-193
113900128,101,65,36
113900129,6,130,-124
113900130,0,6,-6
113900131,138,66,72
113900132,23,60,-37
113900133,10,17,-7
113900135,174,568,-394
113900136,83,83,0
113900137,241,158,83
113900138,65,107,-42
113900139,500,86,414
113900140,533,197,336
113900141,239,468,-229
113900142,45,89,-44
113900143,3,21,-18
113900144,271,114,157
113900145,196,229,-33
113900146,69,81,-12
113900148,166,242,-76
113900149,105,45,60
113900150,1205,816,389
113900151,202,261,-59
113900152,22,60,-38
113900153,553,554,-1
113900154,0,84,-84
113900155,248,97,151
113900156,198,634,-436
113900157,16,225,-209
113900158,414,185,229
113900159,9,287,-278
113900160,371,744,-373
113900161,74,219,-145
113900162,626,505,121
113900163,210,266,-56
113900164,212,64,148
113900165,429,642,-213
113900166,236,133,103
113900167,255,51,204
113900168,135,95,40
113900169,207,483,-276
113900171,111,50,61
113900172,7,214,-207
113900173,54,809,-755
113900174,358,701,-343
113900175,266,76,190
113900176,195,737,-542
113900177,193,218,-25
113900178,171,109,62
113900179,21,730,-709
113900180,181,132,49
113900181,388,121,267
113900182,452,1052,-600
113900183,41,58,-17
113900184,11,638,-627
113900185,171,51,120
113900186,12,28,-16
113900187,32,160,-128
113900188,54,164,-110
113900189,213,61,152
113900190,263,94,169
113900191,84,249,-165
113900192,9,316,-307
113900193,15,310,-295
113900194,2340,1070,1270
113900195,309,474,-165
113900196,3,152,-149
113900197,3,364,-361
113900198,33,148,-115
113900199,232,756,-524
113900200,13,219,-206
113900201,2,300,-298
113900202,28,315,-287
113900203,3,263,-260
113900204,38,679,-641
113900205,9,135,-126
113900206,9,138,-129
113900207,0,65,-65
113900208,0,45,-45
113900209,0,72,-72
113900210,494,503,-9
113900211,113,20,93
113900212,103,700,-597
113900214,485,356,129
113900215,28,123,-95
113900216,61,1343,-1282
113900217,17,448,-431
113900218,84,21,63
113900219,155,550,-395
113900220,102,66,36
113900221,274,127,147
113900222,330,348,-18
113900223,85,1201,-1116
113900224,129,85,44
113900225,695,236,459
113900226,264,139,125
113900227,239,166,73
113900228,313,273,40
113900229,33,534,-501
113900230,5495,1543,3952
113900231,146,308,-162
113900232,67,140,-73
113900233,27,50,-23
113900234,163,361,-198
113900235,31,31,0
113900236,49,406,-357
113900237,84,6,78
113900238,153,317,-164
113900239,46,73,-27
113900240,5,119,-114
113900241,95,78,17
113900242,30,174,-144
113900243,130,390,-260
113900244,468,153,315
113900245,1388,250,1138
113900246,12,12,0
113900247,164,221,-57
113900248,4198,1059,3139
113900249,1364,244,1120
113900250,44,88,-44
113900251,380,220,160
113900252,386,20,366
113900253,513,31,482
113900254,519,91,428
113900255,249,21,228
113900256,228,21,207
113900257,56,844,-788
113900258,12,631,-619
113900259,260,262,-2
113900260,85,14,71
113900261,32,157,-125
113900262,121,889,-768
113900263,141,593,-452
113900264,6,675,-669
113900265,130,360,-230
113900266,24,267,-243
113900267,81,568,-487
113900268,201,286,-85
113900269,41,155,-114
113900270,272,357,-85
113900271,504,1524,-1020
113900273,189,7,182
113900274,24,16,8
113900275,33,64,-31
113900276,1,283,-282
113900277,57,1,56
113900278,296,151,145
113900279,78,58,20
113900280,1050,507,543
113900281,343,898,-555
113900282,928,409,519
113900283,225,322,-97
113900284,501,151,350
113900285,65,23,42
113900286,3,146,-143
113900287,11,55,-44
113900288,1,93,-92
113900289,1660,57,1603
113900290,497,117,380
113900291,100,178,-78
113900292,11,12,-1
113900293,2,274,-272
113900294,299,16,283
113900295,357,298,59
113900296,2642,369,2273
113900297,845,34,811
113900298,8,1584,-1576
113900299,27,227,-200
113900300,7220,2316,4904
113900301,896,359,537
113900302,2741,558,2183
113900303,629,213,416
113900304,0,160,-160
113900305,77,0,77
113900306,18,0,18
113900307,38,0,38
113900308,136,114,22
113900309,2,884,-882
113900310,0,28,-28
113900311,1,0,1
113900312,105,97,8
113900313,24,18,6
114000001,959,3975,-3016
114000002,114,497,-383
114000003,21,298,-277
114000004,166,436,-270
114000005,158,256,-98
114000006,3068,2150,918
114000007,543,1442,-899
114000008,1412,1082,330
114000009,269,182,87
114000011,2246,3884,-1638
114000012,1396,3331,-1935
114000013,1181,2360,-1179
114000014,334,396,-62
114000015,883,682,201
114000016,168,484,-316
114000017,77,185,-108
114000018,497,44,453
114000026,935,1695,-760
114000027,1607,2275,-668
114000028,1566,2199,-633
114000038,110,174,-64
114000039,70,128,-58
114000040,45,202,-157
114000042,74,145,-71
114000043,40,175,-135
114000044,80,102,-22
114000045,47,92,-45
114000046,2318,4587,-2269
114000047,15,63,-48
114000048,68,52,16
114000049,1589,1052,537
114000050,1291,1117,174
114000051,2987,1370,1617
114000052,2702,1245,1457
114000053,65,531,-466
114000054,105,1878,-1773
114000055,180,40,140
114000056,1597,603,994
114000057,9716,2598,7118
114000058,619,760,-141
114000059,408,264,144
114000060,428,633,-205
114000061,3535,1556,1979
114000062,3392,750,2642
114000063,3301,1657,1644
114000064,10399,2666,7733
114000065,1914,2390,-476
114000066,314,661,-347
114000067,19,402,-383
114000068,409,379,30
114000069,726,499,227
114000070,2303,1374,929
114000071,385,783,-398
114000072,134,484,-350
114000073,21,155,-134
114000074,11,13,-2
114000075,45,203,-158
114000076,8,217,-209
114000077,7,52,-45
114000078,89,1544,-1455
114000079,64,27,37
114000080,61,98,-37
114000081,35,93,-58
114000082,38,652,-614
114000083,42,428,-386
114000084,145,66,79
114000085,115,1052,-937
114000086,125,757,-632
114000087,30,367,-337
114000088,40,64,-24
114000089,1792,568,1224
114000090,523,484,39
114000091,1379,424,955
114000092,905,282,623
114000093,817,522,295
114000094,267,393,-126
114000095,116,88,28
114000096,69,641,-572
114000097,128,1130,-1002
114000098,233,66,167
114000099,221,975,-754
114000100,609,905,-296
114000101,283,1639,-1356
114000102,216,290,-74
114000103,90,609,-519
114000104,2,389,-387
114000105,39,60,-21
114000106,1094,414,680
114000107,136,126,10
114000108,2840,1461,1379
114000109,264,553,-289
114000110,465,2019,-1554
114000111,724,536,188
114000112,339,2058,-1719
114000113,573,468,105
114000114,1261,1754,-493
114000115,1319,666,653
114000116,412,953,-541
114000117,1509,375,1134
114000118,1347,385,962
114000119,806,257,549
114000120,467,1133,-666
114000121,335,599,-264
114000122,296,243,53
114000123,839,219,620
114000124,418,326,92
114000125,791,2206,-1415
114000126,625,186,439
114000127,97,175,-78
114000128,556,533,23
114000130,244,455,-211
114000131,111,36,75
114000132,600,709,-109
114000133,1021,1344,-323
114000134,43,270,-227
114000138,38,274,-236
114000139,288,118,170
114000144,490,301,189
114000145,82,216,-134
114000146,59,417,-358
114000147,812,1068,-256
114000148,2177,1271,906
114000149,245,213,32
114000150,779,391,388
114000151,730,722,8
114000152,100,23,77
114000153,897,1137,-240
114000154,640,451,189
114000155,924,1398,-474
114000156,597,391,206
114000157,198,755,-557
114000158,2694,718,1976
114000159,197,371,-174
114000160,140,181,-41
114000161,1296,1463,-167
114000162,594,906,-312
114000163,2,182,-180
114000165,166,144,22
114000166,631,213,418
114000167,4139,1228,2911
114000168,750,703,47
114000169,1605,712,893
114000170,881,728,153
114000171,609,1625,-1016
114000174,173,497,-324
114000176,600,407,193
114000177,2667,975,1692
114000178,21,75,-54
114000179,1178,655,523
114000180,369,570,-201
114000181,1284,2102,-818
114000182,5809,2355,3454
114000183,1015,1155,-140
114000184,7215,1630,5585
114000185,762,897,-135
114000189,445,46,399
114000190,1319,171,1148
114000191,10,58,-48
114000192,405,1889,-1484
114000193,1249,4163,-2914
114000194,1103,1569,-466
114000195,71,8,63
114000196,2,460,-458
114000197,648,85,563
114000198,1270,385,885
114000199,1950,1105,845
114000200,524,2999,-2475
114000201,190,1281,-1091
114000202,884,954,-70
114000203,374,1078,-704
114000204,101,519,-418
114000205,179,1942,-1763
114000206,394,1216,-822
114000207,597,2674,-2077
114000208,399,4070,-3671
114000209,738,3991,-3253
114000210,377,2001,-1624
114000211,893,1537,-644
114000212,501,886,-385
114000213,861,602,259
114000214,72,236,-164
114000215,94,86,8
114000216,693,262,431
114000217,154,291,-137
114000218,76,394,-318
114000219,643,332,311
114000220,17,1988,-1971
114000221,337,166,171
114000222,215,1503,-1288
114000223,326,107,219
114000224,174,866,-692
114000225,202,624,-422
114000226,86,289,-203
114000227,483,433,50
114000228,621,1022,-401
114000229,718,1414,-696
114000230,1159,1566,-407
114000231,648,1380,-732
114000232,415,128,287
114000233,1311,185,1126
114000234,797,1170,-373
114000235,682,1781,-1099
114000236,1,516,-515
114000237,114,1334,-1220
114000238,36,145,-109
114000239,148,1659,-1511
114000240,538,593,-55
114000241,206,1260,-1054
114000242,845,1054,-209
114000243,1026,794,232
114000244,491,380,111
114000245,244,607,-363
114000246,109,47,62
114000247,386,683,-297
114000248,643,560,83
114000249,406,540,-134
114000250,406,593,-187
114000251,253,381,-128
114000252,59,96,-37
114000253,30,269,-239
114000254,33,116,-83
114000255,577,165,412
114000256,3098,885,2213
114000257,470,2015,-1545
114000258,112,604,-492
114000259,34,280,-246
114000260,0,30,-30
114000261,22,15,7
114000262,57,196,-139
114000263,4,0,4
114000264,445,824,-379
114000265,0,0,0
114000267,3,1338,-1335
114000268,8,2622,-2614
114000270,111,5,106
114000271,372,98,274
114000283,568,469,99
114000285,54,378,-324
114000288,55,522,-467
114000289,782,96,686
114000293,48,440,-392
114000294,160,439,-279
114000395,962,70,892
114000396,252,324,-72
114000402,252,348,-96
114000403,171,576,-405
114000405,95,704,-609
114000423,106,611,-505
114000424,178,262,-84
114000425,234,694,-460
114000426,242,568,-326
114000427,30,126,-96
114000428,327,140,187
114000429,14,222,-208
114000432,37,118,-81
114000434,18,117,-99
114000435,6,174,-168
114900001,352,1828,-1476
114900002,371,87,284
114900003,341,2560,-2219
114900004,148,159,-11
114900005,224,1186,-962
114900006,16,45,-29
114900007,93,13,80
114900008,67,63,4
114900010,3003,1541,1462
114900011,72,102,-30
114900013,126,77,49
114900015,37,252,-215
114900018,679,47,632
114900020,103,32,71
114900022,3,824,-821
114900024,147,143,4
114900025,234,258,-24
114900026,33,73,-40
114900027,140,227,-87
114900029,21,20,1
114900030,132,229,-97
114900031,123,19,104
114900032,162,34,128
114900033,1477,265,1212
114900034,44,326,-282
114900035,152,269,-117
114900036,236,1278,-1042
114900037,98,361,-263
114900038,134,1065,-931
114900039,312,884,-572
114900040,57,320,-263
114900041,312,828,-516
114900042,515,1131,-616
114900043,982,409,573
114900044,56,38,18
114900046,35,188,-153
114900047,206,1181,-975
114900048,75,265,-190
114900049,10,260,-250
114900050,20,700,-680
114900051,31,757,-726
114900052,75,203,-128
114900053,73,231,-158
114900054,40,156,-116
114900057,201,5,196
114900058,1,75,-74
114900059,46,26,20
114900060,1426,421,1005
114900061,98,238,-140
114900062,287,315,-28
114900063,61,313,-252
114900064,676,895,-219
114900065,260,727,-467
114900067,22,418,-396
114900068,74,223,-149
114900069,211,174,37
114900070,246,829,-583
114900072,11,301,-290
114900073,1,226,-225
114900074,232,1177,-945
114900075,99,1,98
114900076,5,371,-366
114900080,3791,488,3303
114900082,4067,1383,2684
114900083,807,932,-125
114900090,153,130,23
114900091,125,210,-85
114900095,445,132,313
114900096,528,644,-116
114900097,72,0,72
114900098,5,239,-234
114900099,76,6,70
115000001,9340,6335,3005
115000002,2672,2870,-198
115000003,4065,4789,-724
115000004,2214,4084,-1870
115000005,1038,3099,-2061
115000006,482,1258,-776
115000007,48,161,-113
115000008,367,466,-99
115000009,105,321,-216
115000010,188,134,54
115000013,116,151,-35
115000015,83,166,-83
115000016,196,207,-11
115000019,11,406,-395
115000020,143,468,-325
115000021,249,440,-191
115000022,438,347,91
115000023,312,389,-77
115000024,1217,601,616
115000025,691,464,227
115000026,151,457,-306
115000027,185,254,-69
115000028,179,843,-664
115000029,323,136,187
115000030,379,930,-551
115000031,768,311,457
115000032,4,251,-247
115000033,113,25,88
115000034,139,1100,-961
115000035,738,61,677
115000036,1,394,-393
115000037,223,1,222
115000038,37,185,-148
115000039,3145,2092,1053
115000040,6661,3127,3534
115000041,747,2171,-1424
115000042,783,739,44
115000043,2749,3069,-320
115000044,2956,4864,-1908
115000045,1720,2666,-946
115000046,1174,2804,-1630
115000047,1242,1969,-727
115000048,1309,3073,-1764
115000049,1392,2774,-1382
115000050,2627,1818,809
115000051,2332,1847,485
115000052,3557,2002,1555
115000053,1297,1311,-14
115000054,863,1528,-665
115000055,143,312,-169
115000056,183,331,-148
115000057,220,473,-253
115000058,163,154,9
115000059,208,163,45
115000061,173,114,59
115000062,126,312,-186
115000063,216,340,-124
115000064,197,189,8
115000065,35,217,-182
115000067,191,25,166
115000069,34,331,-297
115000070,39,667,-628
115000071,73,9,64
115000072,27,63,-36
115000073,950,40,910
115000075,49,97,-48
115000076,3499,3751,-252
115000077,1078,4099,-3021
115000078,613,2142,-1529
115000079,924,2483,-1559
115000080,1377,2763,-1386
115000081,361,946,-585
115000082,2644,2944,-300
115000083,1519,3830,-2311
115000084,1032,1045,-13
115000085,456,1191,-735
115000086,519,1021,-502
115000087,541,1658,-1117
115000088,1589,670,919
115000089,1524,1490,34
115000090,837,601,236
115000091,320,1509,-1189
115000092,300,322,-22
115000093,330,5,325
115000094,9430,4587,4843
115000095,7447,4255,3192
115000096,459,2572,-2113
115000097,476,717,-241
115000098,626,872,-246
115000099,1555,3956,-2401
115000100,580,565,15
115000101,279,1572,-1293
115000102,303,191,112
115000103,322,1053,-731
115000105,45,264,-219
115000106,306,286,20
115000107,122,654,-532
115000108,4281,2806,1475
115000109,5945,2566,3379
115000110,1105,845,260
115000111,623,1475,-852
115000112,558,482,76
115000113,605,790,-185
115000114,1713,810,903
115000116,3416,1314,2102
115000117,3859,1768,2091
115000118,1468,1328,140
115000119,1528,1553,-25
115000120,415,811,-396
115000121,1467,670,797
115000122,4228,1175,3053
115000123,2392,1403,989
115000124,763,822,-59
115000125,317,495,-178
115000126,147,290,-143
115000127,360,144,216
115000128,1332,748,584
115000129,195,184,11
115000130,249,1369,-1120
115000131,404,246,158
115000132,107,702,-595
115000133,241,358,-117
115000134,158,267,-109
115000135,126,279,-153
115000136,97,207,-110
115000137,45,216,-171
115000138,155,226,-71
115000139,186,315,-129
115000140,130,207,-77
115000141,92,403,-311
115000142,78,420,-342
115000143,327,560,-233
115000144,352,118,234
115000145,160,521,-361
115000146,222,226,-4
115000147,394,648,-254
115000148,244,1705,-1461
115000149,320,244,76
115000150,619,1496,-877
115000151,553,498,55
115000152,589,1892,-1303
115000153,483,443,40
115000154,403,340,63
115000155,457,1319,-862
115000156,1086,625,461
115000157,950,1005,-55
115000158,746,343,403
115000159,783,504,279
115000160,644,697,-53
115000161,456,673,-217
115000162,625,410,215
115000163,645,526,119
115000164,546,491,55
115000165,280,391,-111
115000167,95,52,43
115000168,461,238,223
115000169,705,331,374
115000170,121,135,-14
115000171,186,135,51
115000172,2033,565,1468
115000173,265,325,-60
115000174,73,199,-126
115000175,87,112,-25
115000176,169,128,41
115000177,216,135,81
115000178,14,307,-293
115000179,15,27,-12
115000180,41,761,-720
115000181,301,146,155
115000182,367,434,-67
115000183,251,1283,-1032
115000186,492,253,239
115000187,161,778,-617
115000188,316,355,-39
115000189,215,444,-229
115000190,765,355,410
115000191,225,432,-207
115000194,178,136,42
115000195,218,206,12
115000196,73,152,-79
115000197,137,523,-386
115000198,185,272,-87
115000199,132,397,-265
115000200,196,126,70
115000201,92,415,-323
115000206,187,107,80
115000207,51,425,-374
115000208,669,813,-144
115000209,397,164,233
115000210,60,135,-75
115000211,176,257,-81
115000212,1600,413,1187
115000224,173,62,111
115000225,50,56,-6
115000229,283,165,118
115000230,100,486,-386
115000231,322,3162,-2840
115000232,818,431,387
115000233,69,242,-173
115000234,14,313,-299
115000241,46,338,-292
115000242,77,345,-268
115000243,30,259,-229
115000244,3,122,-119
115000246,40,12,28
115000247,17,12,5
115000248,15,2,13
115000249,56,22,34
115000250,179,52,127
115000251,137,158,-21
115000252,30,158,-128
115000253,10,209,-199
115000258,133,255,-122
115000259,298,151,147
115000261,7,28,-21
115000262,13,29,-16
115000263,6,43,-37
115000264,16,59,-43
115000267,29,50,-21
115000268,37,123,-86
115000269,83,55,28
115000270,0,18,-18
115000272,51,186,-135
115000273,446,23,423
115000280,2962,116,2846
115000281,935,220,715
115000282,2128,516,1612
115000284,265,61,204
115000296,651,11,640
115000297,153,89,64
115000298,84,231,-147
115000300,80,211,-131
115000302,154,241,-87
115000303,430,173,257
115000304,392,94,298
115000305,57,1443,-1386
115000306,66,686,-620
115000307,50,350,-300
115000308,71,17,54
115000309,21,14,7
115000310,616,1396,-780
115000311,461,1601,-1140
115000313,105,952,-847
115000314,212,53,159
115000315,1330,385,945
115000316,34,72,-38
115000317,165,742,-577
115000318,598,298,300
115000319,54,297,-243
115000320,10,229,-219
115000321,432,13,419
115000322,38,281,-243
115000449,385,127,258
115000557,0,650,-650
115000558,209,90,119
115000587,278,317,-39
115000588,2051,4339,-2288
115000589,2363,2798,-435
115000590,814,1899,-1085
115000591,1050,809,241
115000592,560,1605,-1045
115000593,1329,597,732
115000594,850,1577,-727
115000609,98,215,-117
115000617,2450,1508,942
115000624,127,108,19
115000633,365,1554,-1189
115000634,2282,884,1398
115000635,172,98,74
115000638,1357,687,670
115000641,76,105,-29
115000642,395,279,116
115000643,72,476,-404
115000644,83,428,-345
115000646,636,1017,-381
115000647,159,553,-394
115000648,966,1666,-700
115000893,3403,1085,2318
115000894,96,1139,-1043
115000895,324,850,-526
115000896,822,334,488
115000897,395,54,341
115000898,661,240,421
115000899,1014,1196,-182
115000900,103,444,-341
115000901,80,86,-6
115000912,207,66,141
115000913,2,39,-37
115000915,17,3,14
115000916,3,0,3
115000917,0,10,-10
115000918,78,247,-169
115000919,19,15,4
115000920,17,34,-17
115000921,1450,74,1376
115000922,981,471,510
115000923,445,736,-291
115000925,44,85,-41
115000927,21,23,-2
115000933,382,140,242
115000934,55,252,-197
115000935,99,111,-12
115000936,86,247,-161
115000937,1062,141,921
115000938,103,130,-27
115000939,49,137,-88
115900001,25,80,-55
115900002,75,227,-152
115900003,119,137,-18
115900004,0,69,-69
115900005,91,5,86
115900006,101,535,-434
115900008,20,16,4
115900009,67,413,-346
115900010,138,280,-142
115900011,222,330,-108
115900012,54,155,-101
115900013,376,219,157
115900014,118,209,-91
115900015,34,141,-107
115900016,93,37,56
115900017,1,0,1
115900018,180,108,72
115900019,514,27,487
115900020,39,1,38
115900021,1885,114,1771
115900022,2958,9,2949
115900023,3,1,2
115900025,76,224,-148
115900026,961,431,530
115900027,0,462,-462
115900028,610,56,554
115900029,5,611,-606
115900030,73,9,64
115900031,266,190,76
115900032,309,931,-622
115900033,1,32,-31
115900034,18,691,-673
115900035,25,149,-124
115900036,277,379,-102
115900037,28,550,-522
115900038,32,12,20
115900039,100,430,-330
115900041,372,299,73
115900042,3,1,2
115900043,43,180,-137
115900044,203,222,-19
115900046,171,398,-227
115900047,74,65,9
115900049,92,222,-130
115900051,1,29,-28
115900052,12,328,-316
115900053,92,327,-235
115900054,73,38,35
115900055,10,161,-151
115900056,94,479,-385
115900057,8,1,7
115900058,20,62,-42
115900060,49,195,-146
115900061,89,1,88
115900062,13,360,-347
115900063,53,14,39
115900064,106,234,-128
115900065,51,184,-133
115900066,203,205,-2
115900067,4,974,-970
115900068,4160,241,3919
115900069,50,210,-160
115900070,95,311,-216
115900071,0,801,-801
115900072,53,238,-185
115900073,32,60,-28
115900074,2,454,-452
115900075,2,356,-354
115900076,5,121,-116
115900077,10,415,-405
115900078,12,156,-144
115900079,112,8,104
115900080,653,284,369
115900081,13,131,-118
115900082,182,164,18
115900084,207,42,165
115900085,68,67,1
115900086,1837,452,1385
115900088,68,35,33
115900089,179,886,-707
115900090,118,24,94
115900091,0,17,-17
115900092,17,262,-245
115900093,3,30,-27
115900094,5,534,-529
115900096,3,8,-5
115900097,7,652,-645
115900098,81,674,-593
115900099,12,108,-96
115900100,6,742,-736
115900101,117,575,-458
115900102,11,127,-116
115900103,225,347,-122
115900104,37,205,-168
115900105,75,905,-830
115900106,30,21,9
115900107,21,272,-251
115900108,41,35,6
115900109,50,414,-364
115900110,3,24,-21
115900111,2,80,-78
115900112,36,1143,-1107
115900113,31,25,6
115900114,1,199,-198
115900115,41,183,-142
115900116,67,1382,-1315
115900117,29,22,7
115900118,7,471,-464
115900119,80,88,-8
115900120,28,508,-480
115900121,98,271,-173
115900124,218,326,-108
115900125,146,45,101
115900126,389,54,335
115900127,440,52,388
115900128,3,73,-70
115900129,480,26,454
115900130,41,164,-123
115900131,165,21,144
115900132,203,4,199
115900134,205,8,197
115900135,573,600,-27
115900137,2,1,1
115900139,76,90,-14
115900140,136,10,126
115900141,15,46,-31
115900142,6,29,-23
115900143,87,290,-203
115900144,36,219,-183
115900146,12,173,-161
115900147,260,291,-31
115900148,11,7,4
115900149,42,21,21
115900150,27,86,-59
115900151,17,66,-49
115900152,49,439,-390
115900153,59,233,-174
115900154,747,316,431
115900155,1,96,-95
115900156,466,875,-409
115900157,68,458,-390
115900158,42,7,35
115900159,51,278,-227
115900160,4,7,-3
115900161,31,189,-158
115900163,126,147,-21
115900164,204,33,171
115900166,193,307,-114
115900168,24,191,-167
115900171,90,503,-413
115900172,25,164,-139
115900173,159,151,8
115900174,358,186,172
115900175,98,203,-105
115900178,7,871,-864
115900179,95,28,67
115900180,60,424,-364
115900181,82,308,-226
115900182,268,415,-147
115900183,118,29,89
115900184,1840,14,1826
115900187,6,79,-73
115900189,0,109,-109
115900190,445,770,-325
115900191,67,532,-465
115900192,5,75,-70
115900193,60,71,-11
115900194,320,39,281
115900195,487,842,-355
115900198,171,217,-46
115900199,146,332,-186
115900200,242,365,-123
115900201,376,220,156
115900202,1,12,-11
115900203,2,9,-7
115900204,0,1,-1
115900205,18,5,13
115900206,66,204,-138
115900207,15,14,1
115900208,67,416,-349
115900209,2,166,-164
115900210,4,168,-164
115900211,3,270,-267
115900212,63,267,-204
115900213,28,35,-7
115900214,191,320,-129
115900215,19,32,-13
115900216,5,94,-89
115900217,1,86,-85
115900218,1,48,-47
115900219,57,5,52
115900220,55,19,36
115900221,39,17,22
115900222,38,10,28
115900223,7,100,-93
115900224,1656,360,1296
115900225,85,30,55
115900226,26,51,-25
115900227,8,45,-37
115900228,6,71,-65
115900229,7,56,-49
115900230,45,123,-78
115900231,72,0,72
115900232,21,0,21
115900233,57,6,51
115900234,39,24,15
115900235,7,30,-23
115900236,8,9,-1
115900237,5,30,-25
115900238,11,27,-16
115900239,21,33,-12
115900240,9,54,-45
115900241,117,72,45
115900242,183,162,21
115900243,10,7,3
115900244,4,12,-8
115900245,15,32,-17
115900246,7,2,5
115900247,8,3,5
115900248,4,5,-1
115900249,1,2,-1
115900250,3,6,-3
115900251,0,9,-9
115900252,0,1,-1
115900253,4,4,0
115900254,11,10,1
115900255,3,12,-9
115900256,28,18,10
115900257,0,9,-9
115900258,0,2,-2
115900259,8,2,6
115900260,9,6,3
115900261,10,0,10
115900262,2,2,0
115900263,4,4,0
115900264,2,3,-1
115900265,0,7,-7
115900266,1,1,0
115900267,6,7,-1
115900268,2,8,-6
115900269,249,449,-200
115900270,224,947,-723
115900271,36,0,36
115900272,19,0,19
115900273,6,5,1
115900274,0,19,-19
115900275,1,45,-44
115900276,0,93,-93
115900277,0,161,-161
115900278,16,142,-126
115900279,14,143,-129
115900280,8,142,-134
115900281,603,109,494
115900282,17,12,5
115900283,4,12,-8
115900284,8,5,3
116000001,20040,5721,14319
116000002,3795,5803,-2008
116000003,1544,2074,-530
116000004,1577,2024,-447
116000005,2680,3638,-958
116000006,1973,1177,796
116000007,3900,4698,-798
116000008,4821,1626,3195
116000009,1724,3186,-1462
116000010,1573,1048,525
116000011,791,1983,-1192
116000012,729,601,128
116000013,18066,4458,13608
116000014,21075,7114,13961
116000015,525,850,-325
116000016,9192,2191,7001
116000017,47,602,-555
116000018,893,460,433
116000019,649,308,341
116000020,387,1255,-868
116000021,357,265,92
116000022,299,612,-313
116000023,754,503,251
116000024,660,1763,-1103
116000025,654,573,81
116000026,1716,2559,-843
116000027,639,571,68
116000028,387,508,-121
116000029,769,566,203
116000030,391,388,3
116000031,143,213,-70
116000032,254,234,20
116000033,224,610,-386
116000034,508,918,-410
116000035,287,487,-200
116000036,2000,591,1409
116000037,670,437,233
116000038,619,226,393
116000039,711,220,491
116000040,990,521,469
116000041,417,486,-69
116000042,358,362,-4
116000043,102,489,-387
116000044,14,134,-120
116000045,1340,942,398
116000046,997,867,130
116000047,1989,1733,256
116000048,1832,1437,395
116000049,834,1686,-852
116000050,1242,1124,118
116000051,2880,1581,1299
116000052,3689,3258,431
116000053,1443,1011,432
116000054,612,1930,-1318
116000055,381,1253,-872
116000056,580,1109,-529
116000057,2491,1989,502
116000058,2627,1840,787
116000059,2182,3989,-1807
116000060,2904,798,2106
116000061,440,736,-296
116000062,668,278,390
116000063,442,1007,-565
116000066,177,431,-254
116000067,285,664,-379
116000068,142,240,-98
116000069,191,452,-261
116000078,249,931,-682
116000080,1058,1051,7
116000082,10,155,-145
116000083,921,289,632
116000084,2582,4329,-1747
116000085,1675,1029,646
116000086,2491,1707,784
116000087,964,980,-16
116000088,806,1548,-742
116000089,135,88,47
116000090,142,151,-9
116000091,122,85,37
116000093,481,1272,-791
116000094,355,761,-406
116000095,431,946,-515
116000096,530,1121,-591
116000097,369,874,-505
116000098,531,3327,-2796
116000099,10619,348,10271
116000100,97,11,86
116000101,405,2025,-1620
116000102,233,1520,-1287
116000103,390,213,177
116000104,170,1893,-1723
116000105,563,184,379
116000106,214,1422,-1208
116000107,836,460,376
116000108,28,139,-111
116000111,81,20,61
116000113,89,76,13
116000114,29,169,-140
116000115,240,89,151
116000116,200,717,-517
116000117,1031,2065,-1034
116000118,1041,1683,-642
116000119,1798,1737,61
116000120,2688,5160,-2472
116000121,505,370,135
116000122,1451,2915,-1464
116000123,451,426,25
116000124,274,1342,-1068
116000125,1680,613,1067
116000126,302,1740,-1438
116000127,1162,1927,-765
116000128,1020,821,199
116000129,668,176,492
116000130,234,219,15
116000133,376,1012,-636
116000134,1319,3439,-2120
116000135,1206,1217,-11
116000136,962,3014,-2052
116000137,542,510,32
116000138,1165,476,689
116000139,1265,2296,-1031
116000140,93,174,-81
116000141,295,1146,-851
116000142,3989,4524,-535
116000143,1693,1357,336
116000144,1128,3367,-2239
116000145,1373,1480,-107
116000146,204,487,-283
116000147,166,99,67
116000148,256,412,-156
116000149,389,508,-119
116000151,484,1256,-772
116000153,51,474,-423
116000155,255,282,-27
116000156,583,2005,-1422
116000157,26,27,-1
116000158,294,287,7
116000159,7,12,-5
116000160,10,190,-180
116000161,6,103,-97
116000162,43,48,-5
116000163,9,5,4
116000164,3,12,-9
116000177,41,88,-47
116000194,56,513,-457
116000195,1483,624,859
116000196,8,4,4
116000197,2,10,-8
116000198,2549,987,1562
116000200,692,204,488
116000201,569,684,-115
116000202,8,397,-389
116000203,2,99,-97
116000204,20,61,-41
116000205,0,215,-215
116000206,0,99,-99
116000207,0,43,-43
116000233,124,993,-869
116000287,112,671,-559
116000288,108,307,-199
116000292,50,205,-155
116000296,6,306,-300
116000297,43,5,38
116000304,50,46,4
116000305,17,94,-77
116000346,121,246,-125
116000352,132,52,80
116000354,60,25,35
116000357,14,9,5
116000358,141,57,84
116000361,93,1,92
116000372,9219,2282,6937
116000381,70,2,68
116000388,3,22,-19
116000389,601,617,-16
116000445,199,956,-757
116000446,287,1280,-993
116000447,10,504,-494
116000448,615,293,322
116000563,847,569,278
116000565,116,517,-401
116000568,42,162,-120
116000579,26,153,-127
116000584,5,18,-13
116000585,13,15,-2
116000586,217,103,114
116000587,351,602,-251
116000589,22,87,-65
116000590,71,65,6
116000591,83,311,-228
116000592,27,171,-144
116000593,1,65,-64
116000594,221,630,-409
116000595,443,175,268
116000596,51,12,39
116000597,180,61,119
116000598,6,254,-248
116000602,86,353,-267
116000605,207,177,30
116000606,46,140,-94
116000607,7,85,-78
116000609,210,681,-471
116000611,91,660,-569
116000612,543,1606,-1063
116000613,317,346,-29
116000614,441,1058,-617
116000615,2,102,-100
116000616,19,133,-114
116000617,62,130,-68
116000618,1,241,-240
116000619,16,41,-25
116000620,58,44,14
116000621,19,103,-84
116000622,37,144,-107
116000624,33,80,-47
116000627,35,51,-16
116000628,11,1660,-1649
116000629,41,928,-887
116000630,140,195,-55
116000631,58,139,-81
116000632,204,692,-488
116000633,31,991,-960
116000634,184,35,149
116000635,2802,1316,1486
116000636,1467,926,541
116000637,193,16,177
116000638,10,849,-839
116900001,172,120,52
116900002,324,0,324
116900003,28,97,-69
116900004,25,39,-14
116900005,167,64,103
116900006,144,114,30
116900007,80,173,-93
116900008,229,657,-428
116900009,8,3,5
116900010,4,2409,-2405
116900011,5,38,-33
116900012,144,187,-43
116900013,13,243,-230
116900014,54,493,-439
116900015,181,90,91
116900016,69,3,66
116900017,5,834,-829
116900018,27,46,-19
116900019,6,488,-482
116900020,2398,451,1947
116900023,33,14,19
116900024,322,86,236
116900025,363,1433,-1070
116900026,216,942,-726
116900027,10,48,-38
116900028,1,187,-186
116900029,1,17,-16
116900031,1,27,-26
116900032,2,510,-508
116900033,8,3,5
116900034,8,117,-109
116900035,98,205,-107
116900036,2,140,-138
116900038,12,3,9
116900041,50,16,34
116900042,1165,266,899
116900043,5,78,-73
116900047,153,51,102
116900049,47,339,-292
116900050,71,475,-404
116900051,29,339,-310
116900052,167,112,55
116900055,0,6,-6
116900057,10,356,-346
116900058,19,433,-414
116900059,0,243,-243
116900060,145,245,-100
116900062,0,2,-2
116900064,61,1314,-1253
116900065,7,116,-109
116900067,68,156,-88
116900068,71,384,-313
116900070,0,4,-4
116900072,20,557,-537
116900073,7,287,-280
116900074,2,63,-61
116900076,25,32,-7
116900077,11,262,-251
116900078,250,149,101
116900079,19,473,-454
116900080,3,37,-34
116900081,334,1773,-1439
116900082,210,892,-682
116900083,49,75,-26
116900084,201,74,127
116900085,19,150,-131
116900086,42,331,-289
116900088,426,73,353
116900090,116,60,56
116900091,160,95,65
116900092,69,918,-849
116900093,2008,1923,85
116900094,6986,2470,4516
116900095,267,270,-3
116900096,93,136,-43
116900097,4485,1754,2731
116900098,1032,249,783
116900099,617,365,252
116900100,440,19,421
116900101,298,798,-500
116900103,10,1,9
116900104,36,72,-36
116900105,213,46,167
116900106,710,281,429
116900107,4991,1150,3841
116900110,25,0,25
116900111,195,1537,-1342
116900112,140,1393,-1253
116900113,4074,1011,3063
116900116,112,247,-135
116900117,29,104,-75
116900118,1196,650,546
116900120,128,168,-40
116900121,22,50,-28
116900122,354,1176,-822
116900123,83,1198,-1115
116900124,110,898,-788
116900125,173,318,-145
116900126,260,504,-244
116900128,0,53,-53
116900129,4,443,-439
116900130,1283,1707,-424
116900131,99,164,-65
116900132,23,69,-46
116900133,67,97,-30
116900134,160,257,-97
116900136,123,164,-41
116900137,254,192,62
116900138,154,268,-114
116900139,72,449,-377
116900140,112,176,-64
116900141,384,337,47
116900142,2,35,-33
116900143,197,550,-353
116900144,20,27,-7
116900145,51,414,-363
116900147,627,305,322
116900148,1,26,-25
116900149,32,144,-112
116900150,5,8,-3
116900151,104,23,81
116900153,98,55,43
116900154,699,189,510
116900155,49,43,6
116900157,192,381,-189
116900158,55,115,-60
116900159,20,189,-169
116900160,712,243,469
116900161,10429,3860,6569
116900162,3,231,-228
116900163,69,186,-117
116900164,56,42,14
116900165,135,99,36
116900166,13,105,-92
116900167,261,84,177
116900168,162,112,50
116900169,691,198,493
116900170,202,200,2
116900171,18,241,-223
116900172,262,88,174
116900173,99,61,38
116900174,15,9,6
116900175,148,75,73
116900178,11,207,-196
116900179,91,129,-38
116900180,61,41,20
116900182,283,204,79
116900183,68,88,-20
116900185,10,11,-1
116900186,68,421,-353
116900187,10,12,-2
116900188,102,18,84
116900189,23,0,23
116900191,331,392,-61
116900192,144,296,-152
116900194,87,555,-468
116900195,25,9,16
116900196,25,186,-161
116900197,60,2,58
116900198,325,184,141
116900200,26,22,4
116900201,37,3,34
116900202,133,67,66
116900203,111,2,109
116900204,30,74,-44
116900205,0,0,0
116900206,7,53,-46
116900207,37,26,11
116900208,9,178,-169
116900209,14,181,-167
116900210,332,235,97
116900211,198,13,185
116900212,20,95,-75
116900213,206,236,-30
116900214,69,146,-77
116900215,36,119,-83
116900216,130,442,-312
116900218,16,355,-339
116900219,839,326,513
116900220,79,170,-91
116900221,43,274,-231
116900222,255,290,-35
116900223,86,135,-49
116900226,53,104,-51
116900227,107,65,42
116900228,187,323,-136
116900230,59,486,-427
116900231,8,626,-618
116900232,6,716,-710
116900233,101,79,22
116900234,2,8,-6
116900235,144,425,-281
116900238,1547,363,1184
116900239,118,754,-636
116900240,7200,2862,4338
116900241,21,494,-473
116900242,541,247,294
116900243,1,60,-59
116900245,26,3,23
116900246,26,16,10
116900247,290,22,268
116900248,60,28,32
116900249,165,174,-9
116900250,133,46,87
116900251,478,179,299
116900252,46,1303,-1257
116900253,80,90,-10
116900254,5,69,-64
116900255,85,42,43
116900256,151,112,39
116900257,8,873,-865
116900258,6,447,-441
116900259,43,2,41
116900260,4,177,-173
116900261,13,1,12
116900262,61,151,-90
116900263,0,7,-7
116900264,0,4,-4
116900265,15,0,15
116900266,10,111,-101
116900267,2,0,2
116900268,15,14,1
116900269,239,461,-222
116900271,2538,85,2453
116900272,544,637,-93
116900273,289,61,228
116900274,50,72,-22
116900275,94,116,-22
116900276,1691,72,1619
116900277,813,18,795
116900278,3,13,-10
116900279,0,27,-27
116900280,5,39,-34
116900281,9030,2371,6659
116900282,5,193,-188
116900283,22,194,-172
116900284,15,313,-298
116900285,465,239,226
116900286,259,11,248
116900287,8,102,-94
116900288,20,137,-117
116900289,12,56,-44
116900290,4,45,-41
116900291,8,23,-15
116900292,0,5,-5
116900293,22,98,-76
116900294,52,162,-110
116900295,168,124,44
116900296,87,76,11
116900297,6,69,-63
116900298,131,42,89
116900299,51,87,-36
116900300,16,325,-309
116900301,104,91,13
116900302,61,26,35
116900303,600,24,576
116900304,0,109,-109
116900305,19,80,-61
116900306,70,205,-135
117000001,1024,1100,-76
117000002,1524,4317,-2793
117000003,6514,2472,4042
117000004,4959,6249,-1290
117000005,1404,1489,-85
117000006,1074,4927,-3853
117000007,2303,1074,1229
117000008,1294,5445,-4151
117000009,3916,1505,2411
117000010,2823,5318,-2495
117000011,1137,1718,-581
117000012,1078,2095,-1017
117000013,991,1297,-306
117000014,832,3001,-2169
117000015,2793,1202,1591
117000016,585,64,521
117000017,506,211,295
117000018,185,444,-259
117000019,147,0,147
117000020,924,1023,-99
117000021,3816,513,3303
117000022,725,67,658
117000023,734,120,614
117000024,605,91,514
117000025,1101,706,395
117000026,3145,701,2444
117000027,3691,1304,2387
117000028,4056,701,3355
117000030,918,625,293
117000031,488,186,302
117000032,1806,1550,256
117000033,1079,725,354
117000034,365,375,-10
117000035,291,189,102
117000036,426,357,69
117000037,213,218,-5
117000038,256,576,-320
117000039,315,301,14
117000040,95,1705,-1610
117000041,456,172,284
117000044,28,1632,-1604
117000045,257,51,206
117000046,473,1056,-583
117000047,615,406,209
117000048,2400,1848,552
117000049,152,448,-296
117000050,125,3285,-3160
117000051,1392,144,1248
117000052,16,883,-867
117000053,137,98,39
117000054,1191,4,1187
117000055,20,4315,-4295
117000056,417,19,398
117000057,765,2728,-1963
117000060,423,1993,-1570
117000061,1300,792,508
117000062,183,692,-509
117000063,1264,605,659
117000064,880,1068,-188
117000066,1263,798,465
117000067,154,305,-151
117000074,196,163,33
117000076,56,33,23
117000077,92,112,-20
117000078,110,685,-575
117000079,215,136,79
117000080,2,402,-400
117000081,591,133,458
117000082,12,46,-34
117000083,128,12,116
117000084,332,3,329
117000085,145,607,-462
117000086,1109,775,334
117000087,101,640,-539
117000088,235,191,44
117000089,1173,312,861
117000090,284,1839,-1555
117000091,491,302,189
117000092,374,2105,-1731
117000093,694,624,70
117000094,875,3103,-2228
117000095,2036,804,1232
117000096,566,3212,-2646
117000097,886,1117,-231
117000098,3011,6905,-3894
117000099,2222,864,1358
117000100,114,155,-41
117000101,252,1768,-1516
117000102,1066,616,450
117000103,800,2175,-1375
117000104,1068,509,559
117000105,796,2277,-1481
117000106,868,761,107
117000107,570,2467,-1897
117000108,1190,917,273
117000109,1719,3544,-1825
117000110,1065,815,250
117000111,3468,4911,-1443
117000112,2314,2092,222
117000113,97,470,-373
117000114,92,133,-41
117000115,61,219,-158
117000116,64,221,-157
117000117,1569,496,1073
117000118,221,127,94
117000119,648,50,598
117000120,417,142,275
117000121,207,471,-264
117000122,715,876,-161
117000123,2029,19,2010
117000124,853,34,819
117000125,413,64,349
117000126,83,40,43
117000127,224,336,-112
117000128,530,651,-121
117000129,666,270,396
117000130,111,1,110
117000131,1,256,-255
117000132,1151,54,1097
117000133,727,140,587
117000134,3,45,-42
117000135,11,36,-25
117000136,0,55,-55
117000137,40,63,-23
117000138,0,663,-663
117000140,465,1887,-1422
117000141,1533,558,975
117000181,1281,528,753
117000182,249,214,35
117000195,172,1659,-1487
117000196,142,84,58
117000225,207,6,201
117000226,5,170,-165
117000276,142,15,127
117000277,4,770,-766
117000310,2388,3017,-629
117000315,48,868,-820
117000320,104,0,104
117000906,130,6,124
117000907,15,532,-517
117000908,102,13,89
117000909,81,18,63
117000910,118,149,-31
117000911,101,228,-127
117000915,12,737,-725
117000916,5,2,3
117000917,565,26,539
117000918,31,54,-23
117000919,11,192,-181
117000920,4,1949,-1945
117000921,9,2710,-2701
117000922,36,119,-83
117000924,269,632,-363
117000926,1565,97,1468
117000927,1940,383,1557
117000928,1,388,-387
117000929,104,705,-601
117000930,105,9,96
117000931,674,97,577
117900002,140,424,-284
117900003,922,425,497
117900005,10,15,-5
117900006,0,41,-41
117900007,78,203,-125
117900008,0,43,-43
117900010,293,154,139
117900011,32,13,19
117900012,34,263,-229
117900013,3,452,-449
117900014,405,249,156
117900015,19,249,-230
117900016,1550,500,1050
117900017,409,619,-210
117900018,257,48,209
117900019,238,705,-467
117900020,43,264,-221
117900021,36,155,-119
117900022,23,10,13
117900023,1005,254,751
117900024,97,204,-107
117900025,21,10,11
117900026,218,559,-341
117900028,100,4,96
117900029,198,1399,-1201
117900030,220,199,21
117900031,245,112,133
117900032,408,464,-56
117900033,120,1084,-964
117900034,65,77,-12
117900035,98,41,57
117900036,188,807,-619
117900037,70,156,-86
117900038,11,530,-519
117900039,3,97,-94
117900040,88,650,-562
117900041,5,72,-67
117900042,5292,483,4809
117900043,25,79,-54
117900044,101,2858,-2757
117900045,108,112,-4
117900048,139,393,-254
117900049,91,918,-827
117900050,10,79,-69
117900051,98,0,98
117900052,50,222,-172
117900053,813,793,20
117900054,2,26,-24
117900055,192,194,-2
117900056,538,51,487
117900057,840,1402,-562
117900058,108,19,89
117900059,453,76,377
117900060,910,6487,-5577
117900061,11,231,-220
117900063,215,242,-27
117900065,684,1268,-584
117900066,8,42,-34
117900067,294,407,-113
117900069,462,657,-195
117900070,326,8,318
117900071,70,124,-54
117900073,260,486,-226
117900074,245,5,240
117900075,23,85,-62
117900076,19,46,-27
117900077,130,169,-39
117900078,168,455,-287
117900080,165,33,132
117900081,622,499,123
117900082,229,267,-38
117900083,221,942,-721
117900086,74,42,32
117900087,37,54,-17
117900088,3128,2123,1005
117900089,1153,330,823
117900090,301,1196,-895
117900091,150,160,-10
117900092,48,62,-14
117900093,38,71,-33
117900094,13,14,-1
117900095,278,883,-605
117900096,43,259,-216
117900097,188,90,98
117900098,5,7,-2
117900099,95,563,-468
117900100,115,1,114
117900101,429,893,-464
117900102,29,73,-44
117900103,39,1,38
117900104,19,254,-235
117900105,160,243,-83
117900106,47,74,-27
117900107,6,0,6
117900109,260,326,-66
117900110,19,0,19
117900111,135,6,129
117900112,30,26,4
117900113,4843,1796,3047
117900114,12,0,12
117900115,355,38,317
117900116,981,976,5
117900117,256,398,-142
117900118,11,0,11
117900119,97,383,-286
117900120,93,187,-94
117900121,37,26,11
117900122,1250,1534,-284
117900123,531,1048,-517
117900124,507,694,-187
117900125,1215,1007,208
117900126,298,702,-404
117900127,312,897,-585
117900128,186,1191,-1005
117900129,18,1,17
117900130,791,368,423
117900131,0,130,-130
117900132,2,94,-92
117900133,4,184,-180
117900134,82,324,-242
117900135,26,275,-249
117900136,0,95,-95
117900137,12,436,-424
117900138,0,75,-75
117900139,45,153,-108
117900140,6461,228,6233
117900141,260,259,1
117900142,62,8,54
117900144,131,120,11
117900145,108,10,98
117900146,207,118,89
117900147,49,63,-14
117900148,3192,819,2373
117900149,34,230,-196
117900150,18,95,-77
117900151,23,162,-139
117900152,153,89,64
117900153,17,107,-90
117900154,282,832,-550
117900156,816,872,-56
117900157,60,507,-447
117900158,123,88,35
117900160,380,349,31
117900161,2769,2828,-59
117900162,200,422,-222
117900163,105,22,83
117900165,0,7,-7
117900166,107,214,-107
117900168,52,185,-133
117900169,4,109,-105
117900170,0,25,-25
117900171,2,12,-10
117900172,8,20,-12
117900173,143,42,101
117900174,21,41,-20
117900175,3,32,-29
117900176,13,69,-56
117900177,8,53,-45
117900178,97,56,41
117900180,261,25,236
117900181,152,193,-41
117900182,0,33,-33
117900183,39,159,-120
117900184,11,53,-42
117900185,8,39,-31
117900186,37,22,15
117900187,19,19,0
117900188,183,30,153
117900189,31,17,14
117900190,19,1,18
117900191,59,1,58
117900192,147,1,146
117900193,5,48,-43
117900194,7,5,2
117900195,6,38,-32
117900196,12,38,-26
117900207,121,95,26
117900208,14,52,-38
117900209,183,179,4
117900210,182,190,-8
117900211,7,239,-232
117900212,91,173,-82
117900213,9,15,-6
117900214,1,65,-64
117900215,10,83,-73
117900216,97,19,78
117900217,189,62,127
117900218,361,266,95
117900219,14,42,-28
117900220,150,75,75
117900222,130,308,-178
117900223,107,230,-123
118000001,720,509,211
118000002,1295,1940,-645
118000003,1814,1445,369
118000004,2818,1947,871
118000005,7227,2584,4643
118000006,10205,7384,2821
118000007,6464,2420,4044
118000008,5484,2723,2761
118000009,2116,2930,-814
118000010,3962,4150,-188
118000011,880,3184,-2304
118000012,1067,3235,-2168
118000013,3575,3094,481
118000014,1889,3195,-1306
118000016,192,478,-286
118000017,224,298,-74
118000018,230,610,-380
118000019,1895,1185,710
118000020,1423,1385,38
118000021,671,1797,-1126
118000022,1839,540,1299
118000023,936,284,652
118000024,2153,696,1457
118000027,22700,6464,16236
118000029,1416,507,909
118000032,1853,1929,-76
118000033,2683,2607,76
118000034,5614,1897,3717
118000035,1475,1324,151
118000036,1079,842,237
118000037,576,806,-230
118000038,89,121,-32
118000039,56,464,-408
118000040,1386,2345,-959
118000041,1905,1605,300
118000045,671,96,575
118000046,2119,622,1497
118000047,1917,527,1390
118000048,3522,1079,2443
118000051,2444,1322,1122
118000052,1726,957,769
118000053,487,543,-56
118000054,1410,1268,142
118000055,1149,1609,-460
118000056,173,304,-131
118000057,393,341,52
118000058,4282,1274,3008
118000059,2460,809,1651
118000060,609,821,-212
118000061,591,1302,-711
118000062,633,234,399
118000063,384,442,-58
118000064,902,1273,-371
118000065,5691,1739,3952
118000066,987,1120,-133
118000067,991,581,410
118000068,1770,3270,-1500
118000069,3519,1133,2386
118000070,8289,1547,6742
118000071,4203,4820,-617
118000072,2049,1134,915
118000073,2840,414,2426
118000074,335,391,-56
118000075,699,295,404
118000076,1276,1211,65
118000077,1292,1230,62
118000078,1585,1415,170
118000079,323,305,18
118000080,1255,858,397
118000081,1516,1023,493
118000082,299,721,-422
118000083,2400,1220,1180
118000084,2554,1405,1149
118000086,201,516,-315
118000087,7081,2516,4565
118000088,1723,1628,95
118000089,4289,2255,2034
118000090,2015,2528,-513
118000091,1798,1646,152
118000092,1257,344,913
118000093,107,669,-562
118000096,496,569,-73
118000097,490,490,0
118000098,189,228,-39
118000099,268,1052,-784
118000101,588,349,239
118000102,286,1588,-1302
118000107,4203,474,3729
118000108,618,1230,-612
118000110,2,31,-29
118000111,3,746,-743
118000112,156,1,155
118000113,13,1360,-1347
118000114,132,12,120
118000115,11,23,-12
118000116,55,0,55
118000117,1323,1029,294
118000118,687,654,33
118000119,720,1037,-317
118000120,1583,1810,-227
118000121,85,487,-402
118000122,1229,261,968
118000123,56,297,-241
118000125,1694,1258,436
118000126,568,1418,-850
118000127,1590,646,944
118000128,663,1198,-535
118000129,496,229,267
118000130,2497,3895,-1398
118000131,349,931,-582
118000132,1666,1348,318
118000133,435,447,-12
118000135,391,278,113
118000136,120,551,-431
118000137,541,94,447
118000138,221,1068,-847
118000139,155,116,39
118000140,1872,2891,-1019
118000141,1529,2157,-628
118000142,1030,2096,-1066
118000143,1273,944,329
118000144,1408,1056,352
118000145,1210,2989,-1779
118000146,890,1368,-478
118000147,543,1753,-1210
118000148,287,1323,-1036
118000149,578,1356,-778
118000150,197,242,-45
118000151,215,426,-211
118000153,749,1159,-410
118000154,661,1600,-939
118000155,731,1257,-526
118000156,2440,2002,438
118000157,474,322,152
118000158,132,474,-342
118000159,19,50,-31
118000160,342,393,-51
118000161,229,924,-695
118000162,957,819,138
118000163,406,689,-283
118000164,2052,1427,625
118000168,1496,236,1260
118000169,915,1967,-1052
118000170,3818,7011,-3193
118000171,251,618,-367
118000172,84,276,-192
118000173,798,1150,-352
118000175,226,306,-80
118000176,190,366,-176
118000177,158,452,-294
118000178,89,30,59
118000179,1489,753,736
118000180,636,723,-87
118000181,741,322,419
118000182,224,224,0
118000183,246,224,22
118000184,484,937,-453
118000185,1079,690,389
118000186,606,751,-145
118000187,676,922,-246
118000188,512,284,228
118000189,274,1026,-752
118000190,11,11,0
118000191,14,39,-25
118000192,33,86,-53
118000193,22,248,-226
118000194,1713,894,819
118000195,1057,460,597
118000196,430,85,345
118000197,222,72,150
118000198,599,368,231
118000199,577,292,285
118000200,113,215,-102
118000201,603,306,297
118000202,53,75,-22
118000203,1576,327,1249
118000204,151,187,-36
118000205,383,254,129
118000206,146,170,-24
118000207,0,145,-145
118000208,928,1598,-670
118000209,1279,1807,-528
118000210,18,29,-11
118000211,12,24,-12
118000213,898,1152,-254
118000214,597,350,247
118000215,173,346,-173
118000216,1434,4344,-2910
118000217,19,101,-82
118000218,34,97,-63
118000219,514,304,210
118000220,1,25,-24
118000221,57,273,-216
118000222,62,29,33
118000223,17,23,-6
118000224,238,84,154
118000225,103,1055,-952
118000226,752,130,622
118000227,842,280,562
118000228,181,165,16
118000229,299,33,266
118000230,77,339,-262
118000231,50,247,-197
118000232,513,1152,-639
118000233,647,815,-168
118000234,180,391,-211
118000236,266,543,-277
118000237,34,816,-782
118000238,92,385,-293
118000239,183,276,-93
118000240,707,76,631
118000241,135,243,-108
118000242,292,781,-489
118000243,104,244,-140
118000244,20,240,-220
118000246,1,11,-10
118000255,26,213,-187
118000256,73,228,-155
118000259,3,63,-60
118000260,81,113,-32
118000261,32,69,-37
118000263,78,246,-168
118000266,96,574,-478
118000267,0,106,-106
118000268,282,1,281
118000270,26,45,-19
118000271,154,252,-98
118000272,46,43,3
118000273,64,82,-18
118000274,101,441,-340
118000276,270,353,-83
118000295,5,84,-79
118000298,193,468,-275
118000299,61,238,-177
118000301,0,68,-68
118000302,58,67,-9
118000311,200,160,40
118000312,182,214,-32
118000313,65,240,-175
118000314,51,87,-36
118000315,29,85,-56
118000316,420,534,-114
118000325,36,123,-87
118000326,35,40,-5
118000331,34,53,-19
118000332,9,88,-79
118000333,15,88,-73
118000335,134,0,134
118000336,3,563,-560
118000407,95,59,36
118000457,5,27,-22
118000465,5151,2805,2346
118000480,40,135,-95
118000489,14,144,-130
118000490,29,418,-389
118000492,136,190,-54
118000510,57,9,48
118000514,203,439,-236
118000515,686,368,318
118000517,420,191,229
118000524,754,125,629
118000525,776,956,-180
118000530,8,146,-138
118000531,105,293,-188
118000532,110,263,-153
118000533,311,171,140
118000534,421,364,57
118000535,125,93,32
118000536,1308,884,424
118000537,23,106,-83
118000538,26,134,-108
118000539,18,101,-83
118000540,296,373,-77
118000541,149,138,11
118000542,77,172,-95
118000543,237,275,-38
118000546,46,32,14
118000553,0,0,0
118000557,0,0,0
118000560,4229,921,3308
118000562,25,529,-504
118000563,1780,1423,357
118000576,139,203,-64
118000577,143,90,53
118000578,87,114,-27
118000579,733,1015,-282
118000583,0,0,0
118000595,93,58,35
118000596,0,73,-73
118000597,73,137,-64
118000598,1,0,1
118000599,20,41,-21
118000600,0,13,-13
118000601,1,0,1
118000602,1,9,-8
118000603,0,41,-41
118900001,1525,906,619
118900002,1278,588,690
118900003,155,19,136
118900004,10,79,-69
118900005,74,3,71
118900006,77,5,72
118900007,2,4,-2
118900008,1166,50,1116
118900009,32,16,16
118900010,26,4,22
118900011,97,20,77
118900012,303,249,54
118900013,811,44,767
118900015,132,44,88
118900016,6,19,-13
118900017,211,199,12
118900018,1427,20,1407
118900019,59,20,39
118900020,210,109,101
118900021,140,376,-236
118900022,78,136,-58
118900023,66,107,-41
118900024,47,313,-266
118900025,22,27,-5
118900026,40,125,-85
118900027,429,288,141
118900028,71,175,-104
118900029,125,624,-499
118900030,139,83,56
118900031,85,130,-45
118900032,119,291,-172
118900033,309,902,-593
118900034,57,15,42
118900035,110,364,-254
118900036,567,765,-198
118900037,250,364,-114
118900038,169,404,-235
118900039,241,286,-45
118900040,171,182,-11
118900041,235,200,35
118900042,126,96,30
118900045,199,199,0
118900046,798,165,633
118900047,718,234,484
118900048,153,171,-18
118900049,74,49,25
118900050,9,178,-169
118900051,82,54,28
118900052,168,292,-124
118900053,27,68,-41
118900054,59,81,-22
118900055,25,165,-140
118900056,22,200,-178
118900057,341,335,6
118900058,279,623,-344
118900059,24,131,-107
118900060,33,119,-86
118900062,82,312,-230
118900064,765,399,366
118900065,15,153,-138
118900066,53,122,-69
118900067,6648,2162,4486
118900068,3,187,-184
118900069,305,273,32
118900071,3,70,-67
118900072,307,433,-126
118900073,38,118,-80
118900074,89,253,-164
118900075,31,107,-76
118900076,213,115,98
118900077,173,163,10
118900078,27,7,20
118900079,65,262,-197
118900080,14,114,-100
118900081,51,22,29
118900082,458,183,275
118900083,13,31,-18
118900084,19,26,-7
118900085,417,1024,-607
118900086,20,61,-41
118900087,22,181,-159
118900088,0,11,-11
118900089,29,15,14
118900090,318,428,-110
118900091,225,171,54
118900092,60,102,-42
118900093,96,9,87
118900096,44,12,32
118900097,172,888,-716
118900099,65,340,-275
118900100,164,290,-126
118900101,31,699,-668
118900102,8,46,-38
118900103,25,61,-36
118900104,77,184,-107
118900105,120,88,32
118900107,127,64,63
118900108,47,116,-69
118900110,1998,517,1481
118900111,262,911,-649
118900112,42,158,-116
118900113,50,834,-784
118900114,15,98,-83
118900115,104,341,-237
118900116,88,165,-77
118900117,57,154,-97
118900118,171,446,-275
118900119,88,286,-198
118900120,63,243,-180
118900121,8,364,-356
118900122,15,460,-445
118900123,95,205,-110
118900124,44,174,-130
118900126,17,221,-204
118900129,161,152,9
118900130,77,119,-42
118900131,63,320,-257
118900132,285,176,109
118900133,35,61,-26
118900135,93,205,-112
118900136,239,927,-688
118900137,3,14,-11
118900139,94,792,-698
118900140,361,937,-576
118900141,49,354,-305
118900144,87,824,-737
118900145,11,224,-213
118900146,272,1000,-728
118900147,170,99,71
118900148,51,81,-30
118900150,139,426,-287
118900152,491,1006,-515
118900157,139,145,-6
118900158,48,146,-98
118900159,1,316,-315
118900161,109,5,104
118900163,336,67,269
118900164,2,125,-123
118900165,33,262,-229
118900166,88,8,80
118900167,48,143,-95
118900168,1,41,-40
118900169,80,420,-340
118900170,50,123,-73
118900171,12,18,-6
118900174,56,43,13
118900175,230,446,-216
118900176,64,206,-142
118900177,6,72,-66
118900178,32,92,-60
118900179,1,37,-36
118900181,95,118,-23
118900182,97,23,74
118900183,3,47,-44
118900184,192,71,121
118900185,58,134,-76
118900186,68,95,-27
118900187,117,341,-224
118900188,162,362,-200
118900189,31,449,-418
118900190,9,782,-773
118900191,102,74,28
118900192,73,38,35
118900193,153,19,134
118900195,384,1086,-702
118900196,29,228,-199
118900197,62,127,-65
118900198,9,65,-56
118900199,19,80,-61
118900200,9,7,2
118900201,9,8,1
118900202,7,64,-57
118900203,5,48,-43
118900204,7,48,-41
118900205,6,35,-29
118900206,1,70,-69
119000001,983,1311,-328
119000002,2611,3851,-1240
119000003,1256,1689,-433
119000004,1597,1495,102
119000005,1516,1637,-121
119000006,1437,1518,-81
119000007,2342,2854,-512
119000008,1337,2293,-956
119000009,3369,2673,696
119000010,8462,3649,4813
119000011,6077,2247,3830
119000012,5518,3215,2303
119000013,1991,1228,763
119000014,2144,3737,-1593
119000019,216,193,23
119000020,1089,1211,-122
119000021,2416,1973,443
119000022,4099,1605,2494
119000023,255,219,36
119000024,2157,6105,-3948
119000025,13284,1462,11822
119000026,276,256,20
119000027,386,373,13
119000028,2015,1244,771
119000029,85,255,-170
119000030,367,1160,-793
119000031,599,779,-180
119000032,2163,2368,-205
119000033,1585,1681,-96
119000034,922,1096,-174
119000035,21,396,-375
119000036,789,1318,-529
119000037,926,2676,-1750
119000038,81,1489,-1408
119000039,98,305,-207
119000040,980,414,566
119000041,885,1080,-195
119000048,3445,4703,-1258
119000049,1139,4208,-3069
119000050,1655,2484,-829
119000051,1511,958,553
119000052,2041,2949,-908
119000053,1568,1201,367
119000054,2500,4426,-1926
119000055,2362,3913,-1551
119000056,1531,2214,-683
119000057,1241,2909,-1668
119000058,1608,2591,-983
119000059,897,1835,-938
119000060,938,817,121
119000061,709,978,-269
119000062,923,1428,-505
119000063,251,265,-14
119000064,1004,1630,-626
119000065,1783,3353,-1570
119000066,1381,1053,328
119000067,1608,2939,-1331
119000068,958,1029,-71
119000069,1291,2940,-1649
119000070,1480,1190,290
119000071,422,1007,-585
119000072,7044,3828,3216
119000073,4380,5225,-845
119000074,670,4178,-3508
119000075,837,2585,-1748
119000076,403,941,-538
119000077,451,543,-92
119000078,217,322,-105
119000079,76,812,-736
119000080,139,238,-99
119000081,98,353,-255
119000082,356,228,128
119000083,305,335,-30
119000084,189,607,-418
119000085,602,325,277
119000086,247,316,-69
119000087,1779,1196,583
119000088,272,236,36
119000089,44,196,-152
119000090,154,160,-6
119000091,133,275,-142
119000092,666,220,446
119000093,4380,4219,161
119000094,1906,6065,-4159
119000095,1126,3335,-2209
119000097,2706,1800,906
119000098,575,1500,-925
119000099,2215,1975,240
119000100,2170,2085,85
119000101,2284,2493,-209
119000102,695,709,-14
119000103,1321,573,748
119000104,3671,1782,1889
119000105,688,1071,-383
119000106,221,2461,-2240
119000107,358,502,-144
119000108,197,1567,-1370
119000109,97,312,-215
119000110,305,457,-152
119000111,36,530,-494
119000112,130,114,16
119000113,2580,333,2247
119000114,804,727,77
119000115,181,217,-36
119000116,84,121,-37
119000117,100,375,-275
119000118,6,1,5
119000123,3573,721,2852
119000124,327,245,82
119000125,1955,1365,590
119000126,443,1247,-804
119000127,290,1025,-735
119000128,35,3,32
119000131,594,1363,-769
119000132,1,2,-1
119000133,0,15,-15
119000134,2776,585,2191
119000135,64,198,-134
119000136,107,327,-220
119000137,109,689,-580
119000138,147,490,-343
119000139,158,376,-218
119000140,133,265,-132
119000284,1572,3027,-1455
119000285,2801,2321,480
119000286,7484,5180,2304
119000287,1199,2195,-996
119000288,1499,2005,-506
119000289,2302,4352,-2050
119000290,137,545,-408
119000291,0,359,-359
119000293,63,165,-102
119000294,31,32,-1
119000295,2557,706,1851
119000296,129,99,30
119000299,0,0,0
119000302,4679,1580,3099
119000303,24,208,-184
119000314,1602,5412,-3810
119000315,3,922,-919
119000316,45,108,-63
119000317,38,645,-607
119900001,180,816,-636
119900002,66,326,-260
119900003,52,1618,-1566
119900004,384,391,-7
119900005,102,208,-106
119900006,165,385,-220
119900007,563,89,474
119900008,30,32,-2
119900009,350,583,-233
119900010,708,1099,-391
119900011,22,46,-24
119900012,4,35,-31
119900013,1483,758,725
119900014,435,239,196
119900015,69,18,51
119900016,21,135,-114
119900017,14,58,-44
119900018,1547,316,1231
119900019,36,3,33
119900020,71,113,-42
119900021,59,51,8
119900022,134,324,-190
119900023,937,617,320
119900025,80,36,44
119900026,1205,96,1109
119900027,7,19,-12
119900028,150,43,107
119900029,1,4,-3
119900030,386,507,-121
119900031,18,220,-202
119900033,1924,151,1773
119900034,121,170,-49
119900037,66,57,9
119900038,31,186,-155
119900039,76,12,64
119900040,44,11,33
119900041,44,64,-20
119900042,45,221,-176
119900043,36,237,-201
119900044,188,349,-161
119900046,50,83,-33
119900047,160,65,95
119900048,9,35,-26
119900049,33,21,12
119900050,61,45,16
119900051,290,17,273
119900052,18,59,-41
119900053,67,234,-167
119900054,69,10,59
119900055,736,341,395
119900057,57,128,-71
119900058,123,4,119
119900059,64,48,16
119900060,111,11,100
119900062,42,27,15
119900063,14,50,-36
119900065,154,6,148
119900066,0,0,0
119900067,21,32,-11
119900068,214,4,210
119900069,43,37,6
119900070,355,8,347
119900071,308,7,301
119900073,1809,418,1391
119900074,19,14,5
119900075,7175,2135,5040
119900076,165,584,-419
119900077,389,1850,-1461
119900078,225,911,-686
119900079,73,417,-344
119900080,779,1512,-733
119900081,103,40,63
119900082,629,182,447
119900083,377,72,305
119900084,815,178,637
119900085,127,63,64
119900087,360,234,126
119900088,56,66,-10
119900089,10,692,-682
119900090,211,55,156
119900091,28,1431,-1403
119900092,75,560,-485
119900093,657,100,557
119900094,30,227,-197
119900095,183,88,95
119900096,41,117,-76
119900097,485,190,295
119900098,19,56,-37
119900099,40,327,-287
119900100,3190,1860,1330
119900101,264,901,-637
119900102,23,373,-350
119900103,24,625,-601
119900104,37,415,-378
119900105,516,1228,-712
119900106,15,317,-302
119900107,373,4487,-4114
119900108,2106,791,1315
119900109,19,327,-308
119900110,433,835,-402
119900111,38,508,-470
119900112,3461,586,2875
119900113,78,607,-529
119900114,220,2179,-1959
119900115,158,1614,-1456
119900116,151,339,-188
119900117,138,1275,-1137
119900118,25,1548,-1523
119900119,82,323,-241
119900120,628,879,-251
119900121,181,1781,-1600
119900122,288,494,-206
119900123,213,300,-87
119900124,100,1425,-1325
119900125,46,529,-483
119900126,6002,253,5749
119900127,3304,1115,2189
119900128,258,992,-734
119900129,93,1208,-1115
119900130,66,314,-248
119900131,21,488,-467
119900132,2,522,-520
119900133,23,70,-47
119900134,2824,279,2545
119900135,3,725,-722
119900136,177,630,-453
119900138,417,723,-306
119900139,26,79,-53
119900140,3,196,-193
119900141,174,394,-220
119900142,10,20,-10
119900143,10,219,-209
119900144,2702,302,2400
119900145,76,360,-284
119900146,153,160,-7
119900147,5,137,-132
119900148,75,45,30
119900149,1960,2113,-153
119900150,163,268,-105
119900151,1790,721,1069
119900152,91,615,-524
119900153,76,61,15
119900154,20,408,-388
119900155,10,35,-25
119900156,1,3,-2
119900157,34,384,-350
119900158,95,64,31
119900159,4,2287,-2283
119900160,19,362,-343
119900161,181,361,-180
119900162,672,767,-95
119900163,170,109,61
119900164,0,2,-2
119900165,80,408,-328
119900166,66,42,24
119900167,102,138,-36
119900168,345,415,-70
119900169,183,337,-154
119900170,133,162,-29
119900171,508,620,-112
119900172,103,17,86
119900173,7,786,-779
119900174,8,368,-360
119900175,729,696,33
119900177,12,334,-322
119900178,2,315,-313
119900179,49,233,-184
119900180,760,737,23
119900181,49,50,-1
119900182,6,709,-703
119900183,128,1121,-993
119900184,4037,702,3335
119900185,32,75,-43
119900186,45,468,-423
119900187,22,853,-831
119900188,45,312,-267
119900189,465,233,232
119900190,53,109,-56
119900191,316,159,157
119900192,14,262,-248
119900193,190,248,-58
119900194,7,41,-34
119900195,25,253,-228
119900196,2647,609,2038
119900197,76,102,-26
119900198,53,534,-481
119900199,151,26,125
119900200,359,576,-217
119900201,453,189,264
119900202,202,100,102
119900203,142,285,-143
119900204,120,379,-259
119900205,232,807,-575
119900206,59,170,-111
119900208,131,115,16
119900209,261,681,-420
119900210,10,67,-57
119900211,99,20,79
119900212,77,358,-281
119900213,5,71,-66
119900214,9,161,-152
119900215,17,114,-97
119900216,3,104,-101
119900217,13,105,-92
119900218,10,78,-68
119900219,6,173,-167
119900220,6,191,-185
119900221,16,663,-647
119900222,13,439,-426
119900223,24,172,-148
119900224,18,56,-38
119900225,1675,49,1626
119900226,1218,1328,-110
119900227,1784,475,1309
119900228,28,283,-255
119900229,276,528,-252
119900230,1536,783,753
119900231,112,253,-141
119900232,193,44,149
119900233,25,5,20
119900234,12,52,-40
119900235,13,23,-10
119900236,11,287,-276
119900237,56,688,-632
119900238,0,129,-129
119900240,47,167,-120
119900241,120,299,-179
119900242,1832,1256,576
119900244,744,1049,-305
119900245,54,131,-77
119900246,274,272,2
119900247,15,54,-39
119900248,38,79,-41
119900249,163,75,88
119900253,4759,366,4393
119900254,42,191,-149
119900255,46,554,-508
119900256,245,1902,-1657
119900257,23,1,22
119900258,51,48,3
119900259,7,326,-319
119900260,62,3,59
119900261,123,216,-93
119900262,0,392,-392
119900263,872,502,370
119900264,29,326,-297
119900265,95,340,-245
119900266,158,402,-244
119900267,123,436,-313
119900268,87,321,-234
119900269,330,1522,-1192
119900271,14,113,-99
119900272,147,43,104
119900275,62,2,60
119900276,17,0,17
119900277,4,1,3
119900278,272,78,194
119900279,157,275,-118
119900280,1027,214,813
119900281,1,81,-80
119900282,54,33,21
119900283,17,502,-485
119900284,55,198,-143
119900285,15,46,-31
119900286,8,10,-2
119900288,6,27,-21
119900289,0,39,-39
119900290,0,45,-45
119900291,0,55,-55
119900292,42,8,34
119900293,24,1,23
119900294,21,0,21
119900295,0,0,0
119900296,0,0,0
119900299,17,314,-297
119900300,119,264,-145
119900301,153,95,58
119900302,79,85,-6
119900303,199,235,-36
119900304,74,31,43
119900305,27,149,-122
119900306,20,2,18
119900307,41,195,-154
119900308,7,24,-17
119900309,15,34,-19
119900310,220,411,-191
119900311,35,219,-184
119900312,52,120,-68
119900313,185,443,-258
119900314,92,299,-207
119900315,734,3623,-2889
119900318,14,21,-7
119900319,6,561,-555
119900320,144,994,-850
119900321,34,2,32
119900322,56,56,0
119900323,9,158,-149
119900324,1,82,-81
119900325,40,605,-565
119900326,281,51,230
120000001,9143,9584,-441
120000002,2224,3742,-1518
120000003,4015,2146,1869
120000004,3016,2740,276
120000005,5246,2466,2780
120000006,1263,1487,-224
120000007,3535,2469,1066
120000008,1012,1430,-418
120000009,5423,1093,4330
120000010,1668,3633,-1965
120000011,1107,2414,-1307
120000012,1669,3694,-2025
120000013,2240,3376,-1136
120000014,560,1780,-1220
120000015,2481,1598,883
120000016,3188,2604,584
120000017,2007,2074,-67
120000018,5558,8746,-3188
120000019,779,1114,-335
120000020,3076,2714,362
120000021,1986,1965,21
120000022,2902,3557,-655
120000023,911,1903,-992
120000024,1532,2642,-1110
120000025,1882,2416,-534
120000026,849,2138,-1289
120000027,1293,1754,-461
120000028,461,396,65
120000029,2616,521,2095
120000030,107,617,-510
120000031,1954,5387,-3433
120000032,11356,3427,7929
120000033,2812,2099,713
120000034,1164,2623,-1459
120000035,1446,2835,-1389
120000036,2431,4462,-2031
120000037,575,1066,-491
120000038,12425,3969,8456
120000039,465,1275,-810
120000040,47,210,-163
120000041,497,2228,-1731
120000042,1412,5448,-4036
120000043,4544,3327,1217
120000044,3050,1464,1586
120000045,3336,1269,2067
120000046,1700,1950,-250
120000047,2614,3573,-959
120000048,9618,3633,5985
120000049,3602,3129,473
120000050,3587,5538,-1951
120000051,4267,4909,-642
120000052,17521,3072,14449
120000053,803,5199,-4396
120000054,1384,8368,-6984
120000055,1166,5619,-4453
120000056,3064,5947,-2883
120000057,1437,982,455
120000058,370,214,156
120000059,60,1144,-1084
120000061,76,1063,-987
120000062,221,273,-52
120000063,2101,3664,-1563
120000064,220,2186,-1966
120000065,434,2415,-1981
120000066,125,604,-479
120000067,35,726,-691
120000068,122,1548,-1426
120000069,479,2144,-1665
120000070,37,1372,-1335
120000071,133,231,-98
120000072,280,560,-280
120000073,313,88,225
120000074,33,100,-67
120000075,354,270,84
120000076,1039,362,677
120000077,974,480,494
120000078,3024,723,2301
120000079,94,108,-14
120000080,112,111,1
120000081,116,77,39
120000082,97,89,8
120000083,61,233,-172
120000084,423,693,-270
120000085,274,631,-357
120000086,302,927,-625
120000087,186,1732,-1546
120000088,568,1867,-1299
120000089,875,738,137
120000090,400,587,-187
120000091,585,987,-402
120000092,857,661,196
120000093,262,553,-291
120000094,133,458,-325
120000095,701,877,-176
120000096,186,1460,-1274
120000098,593,1320,-727
120000099,271,941,-670
120000100,626,1132,-506
120000101,357,662,-305
120000102,404,554,-150
120000103,864,515,349
120000104,1257,286,971
120000105,1680,314,1366
120000106,1400,406,994
120000107,1983,504,1479
120000108,575,78,497
120000109,614,68,546
120000110,100,1304,-1204
120000111,92,1659,-1567
120000112,799,5537,-4738
120000113,572,4059,-3487
120000114,762,3715,-2953
120000115,341,3112,-2771
120000116,699,2666,-1967
120000117,1490,1941,-451
120000118,59,62,-3
120000119,46,36,10
120000120,79,92,-13
120000121,28,77,-49
120000122,341,367,-26
120000123,8052,3897,4155
120000124,316,623,-307
120000125,281,878,-597
120000126,187,785,-598
120000127,2841,696,2145
120000128,5276,2046,3230
120000129,177,318,-141
120000130,753,799,-46
120000131,236,508,-272
120000134,327,1835,-1508
120000135,155,376,-221
120000137,112,2899,-2787
120000138,346,577,-231
120000139,137,1459,-1322
120000140,341,783,-442
120000141,130,634,-504
120000142,206,715,-509
120000143,0,135,-135
120000144,37,3,34
120000145,139,4,135
120000146,2885,1266,1619
120000149,485,1104,-619
120000150,5991,7934,-1943
120000151,360,562,-202
120000152,284,322,-38
120000153,145,922,-777
120000154,405,420,-15
120000155,77,291,-214
120000156,1835,514,1321
120000157,858,819,39
120000158,634,1172,-538
120000159,1788,2685,-897
120000160,2158,1387,771
120000161,1179,3111,-1932
120000162,54,304,-250
120000163,322,2233,-1911
120000164,281,709,-428
120000165,247,1442,-1195
120000166,558,917,-359
120000167,18,50,-32
120000168,5,111,-106
120000169,117,369,-252
120000170,157,185,-28
120000171,36,44,-8
120000172,36,33,3
120000173,2484,118,2366
120000174,466,14,452
120000175,681,16,665
120000176,283,62,221
120000177,1543,449,1094
120000178,77,3,74
120000179,352,27,325
120000180,530,97,433
120000181,113,167,-54
120000182,63,82,-19
120000183,1,140,-139
120000184,104,1278,-1174
120000186,36,76,-40
120000187,129,39,90
120000188,242,63,179
120000190,1154,20,1134
120000191,1887,14,1873
120000192,2332,22,2310
120000193,747,2,745
120000195,113,2,111
120000196,302,39,263
120000197,111,123,-12
120000198,118,246,-128
120000199,41,2,39
120000200,40,4,36
120000201,16,14,2
120000202,0,89,-89
120000203,24,558,-534
120000207,3,133,-130
120000208,22,461,-439
120000209,3,136,-133
120000210,241,151,90
120000211,51,3,48
120000212,64,0,64
120000213,78,579,-501
120000214,4,709,-705
120000215,4,292,-288
120000216,41,10,31
120000217,1002,1851,-849
120000218,268,1576,-1308
120000219,22,1090,-1068
120000220,14,3669,-3655
120000225,631,1,630
120000226,132,2,130
120000227,682,30,652
120000228,8715,2097,6618
120000230,168,8,160
120000231,623,3164,-2541
120000233,130,42,88
120000235,120,1084,-964
120000236,648,55,593
120000237,5,3076,-3071
120000238,2,145,-143
120000241,1140,3397,-2257
120000412,2163,38,2125
120000413,112,584,-472
120000414,53,2,51
120000415,2,237,-235
120000416,17,11,6
120000417,4,143,-139
120000418,75,26,49
120000419,9,730,-721
120000420,65,68,-3
120000421,18184,7072,11112
120000422,327,447,-120
120000423,2,38,-36
120000424,44,251,-207
120000436,89,368,-279
120000437,178,289,-111
120000438,5987,518,5469
120000439,160,310,-150
120000443,145,0,145
120000444,764,892,-128
120000445,1406,1381,25
120000446,1222,424,798
120000447,132,3,129
120000449,35,11,24
120000450,5,561,-556
120000451,174,308,-134
120000452,58,2,56
120000453,0,526,-526
120000454,90,31,59
120000455,46,102,-56
120000456,3365,2687,678
120000457,1604,1118,486
120000458,669,985,-316
120000459,47,103,-56
120000665,1114,159,955
120000668,69,248,-179
120000669,82,550,-468
120000670,251,388,-137
120000671,671,263,408
120000672,106,698,-592
120900001,49,34,15
120900002,467,314,153
120900003,124,16,108
120900004,9,48,-39
120900005,11,1529,-1518
120900006,150,232,-82
120900007,62,208,-146
120900008,198,1545,-1347
120900009,293,67,226
120900010,242,51,191
120900011,526,132,394
120900012,1474,996,478
120900013,243,57,186
120900014,37,986,-949
120900015,284,85,199
120900016,463,53,410
120900017,4011,139,3872
120900018,39,560,-521
120900019,408,114,294
120900020,843,824,19
120900021,374,92,282
120900022,138,601,-463
120900023,95,57,38
120900024,1827,541,1286
120900025,2541,935,1606
120900026,56,213,-157
120900027,624,109,515
120900028,207,57,150
120900029,126,227,-101
120900030,742,580,162
120900031,136,48,88
120900032,470,232,238
120900033,618,56,562
120900034,29,1599,-1570
120900035,41,130,-89
120900037,73,7,66
120900038,42,137,-95
120900039,64,18,46
120900040,112,2,110
120900041,152,65,87
120900042,143,77,66
120900043,37,12,25
120900044,11,507,-496
120900045,98,146,-48
120900046,190,10,180
120900047,97,40,57
120900048,56,14,42
120900049,204,2,202
120900050,4756,1180,3576
120900051,161,165,-4
120900052,365,7,358
120900053,105,91,14
120900054,1554,1144,410
120900055,169,1,168
120900056,259,14,245
120900057,79,31,48
120900058,225,1,224
120900059,60,2,58
120900060,26,29,-3
120900061,223,433,-210
120900062,82,3,79
120900063,253,1,252
120900064,198,1,197
120900065,203,2,201
120900066,133,487,-354
120900067,185,78,107
120900068,99,0,99
120900069,112,114,-2
120900071,28,16,12
120900072,300,1,299
120900073,213,361,-148
120900074,684,158,526
120900076,144,0,144
120900077,4587,241,4346
120900078,352,1053,-701
120900079,246,97,149
120900080,317,3370,-3053
120900081,320,1711,-1391
120900082,798,332,466
120900083,36,0,36
120900084,150,250,-100
120900085,202,132,70
120900086,199,175,24
120900087,254,86,168
120900088,147,260,-113
120900089,6147,1430,4717
120900090,90,326,-236
120900091,468,284,184
120900092,1101,1118,-17
120900093,5293,329,4964
120900094,615,322,293
120900095,319,39,280
120900096,19,141,-122
120900097,637,1433,-796
120900098,284,256,28
120900099,37,105,-68
120900100,70,481,-411
120900101,599,477,122
120900102,26,121,-95
120900103,32,155,-123
120900104,17,66,-49
120900105,29,1274,-1245
120900106,1547,801,746
120900107,430,207,223
120900108,4,1392,-1388
120900109,43,1116,-1073
120900110,13,679,-666
120900111,156,542,-386
120900112,4,1754,-1750
120900113,20,1334,-1314
120900114,33,255,-222
120900115,169,168,1
120900116,176,941,-765
120900117,1,777,-776
120900118,8,1445,-1437
120900119,4079,3717,362
120900120,55,976,-921
120900121,101,622,-521
120900122,198,997,-799
120900123,1,778,-777
120900124,3,1072,-1069
120900125,5,1531,-1526
120900126,1518,987,531
120900127,10,817,-807
120900128,1007,1272,-265
120900129,74,560,-486
120900130,1,389,-388
120900131,36,83,-47
120900132,423,530,-107
120900133,182,1684,-1502
120900134,494,670,-176
120900135,10,974,-964
120900136,20,36,-16
120900137,90,111,-21
120900138,29,326,-297
120900139,7,1184,-1177
120900140,0,73,-73
120900141,77,92,-15
120900142,33,1241,-1208
120900143,4,1480,-1476
120900144,2,325,-323
120900145,63,1279,-1216
120900146,11,1695,-1684
120900147,2,496,-494
120900148,76,149,-73
120900149,1,619,-618
120900150,25,861,-836
120900151,3,1074,-1071
120900152,0,58,-58
120900153,8,102,-94
120900154,1,486,-485
120900155,117,1574,-1457
120900156,18,573,-555
120900157,15,321,-306
120900158,42,826,-784
120900159,31,668,-637
120900160,20,555,-535
120900161,10,1023,-1013
120900162,17,1016,-999
120900163,6,140,-134
120900164,0,0,0
120900165,0,5,-5
120900166,46,144,-98
120900167,337,89,248
120900169,43,685,-642
120900170,3145,1701,1444
120900171,1600,571,1029
120900172,1389,142,1247
120900173,0,89,-89
120900174,4,122,-118
120900175,304,279,25
120900176,17,212,-195
120900177,1,431,-430
120900178,1,297,-296
120900179,1056,533,523
120900180,148,102,46
120900181,49,54,-5
120900182,5,441,-436
120900183,456,98,358
120900184,169,115,54
120900185,6,495,-489
120900186,2,750,-748
120900187,254,752,-498
120900188,98,21,77
120900189,144,459,-315
120900190,32,12,20
120900191,5,51,-46
120900192,17861,3114,14747
120900194,23,128,-105
120900195,192,420,-228
120900196,398,64,334
120900197,367,60,307
120900198,189,861,-672
120900199,243,184,59
120900200,168,161,7
120900201,781,219,562
120900202,1,332,-331
120900203,23,68,-45
120900204,251,475,-224
120900205,59,131,-72
120900206,15,31,-16
120900207,60,1729,-1669
121000001,1049,1138,-89
121000002,2077,1240,837
121000003,4728,2077,2651
121000004,2743,3688,-945
121000005,2226,2708,-482
121000006,3055,1200,1855
121000007,3192,2996,196
121000008,5567,2719,2848
121000009,7604,5607,1997
121000010,9434,4295,5139
121000011,12233,11896,337
121000012,17300,8969,8331
121000013,5361,7266,-1905
121000014,7225,6521,704
121000015,4691,5573,-882
121000016,4495,3645,850
121000017,1709,3765,-2056
121000018,2126,1822,304
121000019,23081,8547,14534
121000020,15394,8137,7257
121000021,2731,3220,-489
121000022,1295,1575,-280
121000023,4012,3173,839
121000024,2523,2934,-411
121000025,608,843,-235
121000026,223,109,114
121000027,1381,853,528
121000028,664,518,146
121000029,776,842,-66
121000030,524,411,113
121000031,553,597,-44
121000032,216,64,152
121000034,290,178,112
121000035,130,89,41
121000036,1155,794,361
121000037,598,636,-38
121000038,582,507,75
121000039,405,302,103
121000041,441,456,-15
121000042,203,311,-108
121000043,810,606,204
121000044,1684,723,961
121000045,343,422,-79
121000046,444,819,-375
121000047,31,81,-50
121000049,1776,592,1184
121000050,239,1147,-908
121000051,585,381,204
121000052,233,616,-383
121000053,354,76,278
121000054,60,189,-129
121000055,1442,1186,256
121000056,823,926,-103
121000057,126,324,-198
121000058,368,97,271
121000059,1796,907,889
121000060,441,629,-188
121000061,135,172,-37
121000062,93,211,-118
121000063,632,447,185
121000064,494,607,-113
121000065,411,375,36
121000066,506,472,34
121000067,1013,305,708
121000068,540,283,257
121000069,404,214,190
121000070,1534,1254,280
121000071,805,909,-104
121000072,1008,737,271
121000073,829,722,107
121000074,62,111,-49
121000075,45,44,1
121000076,1120,272,848
121000077,85,81,4
121000078,85,127,-42
121000080,2884,587,2297
121000081,2618,1943,675
121000082,123,216,-93
121000083,207,146,61
121000084,160,98,62
121000085,322,449,-127
121000086,167,881,-714
121000087,52,270,-218
121000088,380,795,-415
121000089,603,257,346
121000090,371,425,-54
121000091,1842,756,1086
121000092,133,128,5
121000093,144,273,-129
121000094,489,531,-42
121000095,254,475,-221
121000096,2328,2718,-390
121000097,1536,1787,-251
121000098,277,1439,-1162
121000099,289,1056,-767
121000100,525,684,-159
121000101,149,304,-155
121000102,109,530,-421
121000103,63,381,-318
121000104,155,198,-43
121000105,283,277,6
121000106,145,488,-343
121000107,2117,3856,-1739
121000109,1485,1172,313
121000110,419,476,-57
121000114,2572,2410,162
121000115,704,799,-95
121000116,504,912,-408
121000117,1004,313,691
121000118,1006,305,701
121000119,166,321,-155
121000120,158,435,-277
121000121,373,908,-535
121000123,1487,671,816
121000126,82,272,-190
121000127,152,88,64
121000128,504,569,-65
121000129,441,488,-47
121000130,358,1243,-885
121000131,2050,1250,800
121000132,1383,1203,180
121000135,498,466,32
121000136,1157,491,666
121000137,516,179,337
121000138,959,675,284
121000139,626,129,497
121000141,168,137,31
121000142,768,532,236
121000143,223,29,194
121000144,1454,802,652
121000145,408,1512,-1104
121000146,954,829,125
121000147,459,459,0
121000148,744,1063,-319
121000149,1700,1202,498
121000152,348,560,-212
121000153,1563,587,976
121000154,715,503,212
121000155,1087,1080,7
121000156,378,994,-616
121000157,1733,2004,-271
121000158,363,682,-319
121000159,123,582,-459
121000160,253,784,-531
121000161,69,361,-292
121000162,33,352,-319
121000165,1938,1657,281
121000166,26,474,-448
121000168,207,241,-34
121000169,35,189,-154
121000170,147,63,84
121000171,40,194,-154
121000172,430,407,23
121000173,1064,846,218
121000174,187,474,-287
121000175,583,552,31
121000176,269,344,-75
121000177,660,600,60
121000178,77,96,-19
121000179,84,67,17
121000181,426,381,45
121000182,34,132,-98
121000183,29,68,-39
121000184,42,66,-24
121000185,12,96,-84
121000186,85,201,-116
121000187,146,324,-178
121000188,67,281,-214
121000192,484,374,110
121000193,513,458,55
121000194,2651,1996,655
121000195,337,847,-510
121000196,762,230,532
121000197,268,903,-635
121000198,186,65,121
121000199,93,569,-476
121000200,242,91,151
121000201,6,220,-214
121000202,526,131,395
121000203,794,2874,-2080
121000204,1771,679,1092
121000205,157,284,-127
121000206,137,28,109
121000207,1097,497,600
121000208,14,548,-534
121000209,140,559,-419
121000210,186,666,-480
121000211,172,137,35
121000212,243,998,-755
121000213,10581,2602,7979
121000214,799,1533,-734
121000215,1292,794,498
121000216,350,440,-90
121000217,4374,2111,2263
121000218,478,1739,-1261
121000219,1278,323,955
121000220,410,96,314
121000221,134,236,-102
121000222,2839,2378,461
121000223,742,360,382
121000224,296,129,167
121000225,1477,1056,421
121000226,3132,626,2506
121000227,5,241,-236
121000228,15,950,-935
121000229,93,528,-435
121000230,66,2118,-2052
121000231,525,28,497
121000232,358,197,161
121000233,427,342,85
121000234,19,29,-10
121000235,52,40,12
121000236,21,45,-24
121000237,39,13,26
121000238,3,63,-60
121000239,11,11,0
121000240,10,234,-224
121000241,128,14,114
121000242,69,150,-81
121000243,422,74,348
121000244,4,81,-77
121000245,4,15,-11
121000246,6,101,-95
121000247,34,4,30
121000248,418,674,-256
121000249,110,266,-156
121000250,215,74,141
121000251,11,698,-687
121000252,30,15,15
121000253,259,652,-393
121000254,447,275,172
121000255,153,214,-61
121000256,192,197,-5
121000257,72,93,-21
121000258,48,62,-14
121000259,30,47,-17
121000260,59,101,-42
121000261,28,43,-15
121000262,1137,684,453
121000263,367,568,-201
121000271,231,1785,-1554
121000273,85,5,80
121000274,5,43,-38
121000275,1,22,-21
121000276,2,14,-12
121000278,60,78,-18
121000279,60,29,31
121000280,40,63,-23
121000289,278,20,258
121000290,1381,655,726
121000294,60,233,-173
121000297,924,796,128
121000299,69,228,-159
121000300,701,576,125
121000302,82,745,-663
121000303,367,365,2
121000304,368,52,316
121000305,140,48,92
121000306,55,84,-29
121000308,147,331,-184
121000309,374,581,-207
121000310,65,409,-344
121000311,58,710,-652
121000312,295,197,98
121000313,574,478,96
121000314,111,75,36
121000315,37,76,-39
121000530,793,1504,-711
121000531,886,1434,-548
121000532,5423,4622,801
121000533,2304,2480,-176
121000918,38,262,-224
121000919,8,50,-42
121000938,329,130,199
121000939,299,139,160
121000956,483,1619,-1136
121000957,0,9,-9
121000958,104,28,76
121000959,329,1269,-940
121000960,1372,2779,-1407
121000961,135,37,98
121000962,308,763,-455
121000973,2,442,-440
121000976,16,162,-146
121000979,266,60,206
121000981,246,96,150
121000982,216,248,-32
121000983,351,476,-125
121000984,13,51,-38
121000985,287,949,-662
121000986,199,456,-257
121000987,151,1645,-1494
121000988,324,102,222
121001302,280,146,134
121001308,2,5,-3
121001309,81,70,11
121001311,0,1,-1
121001313,148,418,-270
121001314,3884,4376,-492
121001315,3973,1726,2247
121001318,0,0,0
121900001,48,153,-105
121900002,26,27,-1
121900003,238,9,229
121900004,99,380,-281
121900005,30,32,-2
121900006,59,14,45
121900007,2271,1871,400
121900008,736,71,665
121900009,519,28,491
121900010,288,8,280
121900011,232,453,-221
121900012,1,0,1
121900013,1356,52,1304
121900014,991,437,554
121900015,132,165,-33
121900016,7,34,-27
121900017,272,575,-303
121900018,328,9,319
121900019,197,233,-36
121900020,18,0,18
121900021,750,16,734
121900022,125,184,-59
121900023,101,468,-367
121900024,424,70,354
121900025,419,382,37
121900026,298,40,258
121900027,141,156,-15
121900028,160,27,133
121900029,198,228,-30
121900030,559,434,125
121900031,1182,4071,-2889
121900032,66,106,-40
121900033,127,120,7
121900034,302,74,228
121900035,2456,1427,1029
121900036,49,403,-354
121900037,106,626,-520
121900038,22,154,-132
121900039,291,30,261
121900040,25,110,-85
121900041,70,158,-88
121900042,185,118,67
121900043,0,7,-7
121900044,309,33,276
121900046,215,182,33
121900047,98,41,57
121900048,28,205,-177
121900050,11,45,-34
121900051,95,165,-70
121900052,111,38,73
121900053,152,204,-52
121900054,425,769,-344
121900055,4,14,-10
121900058,111,291,-180
121900059,234,123,111
121900060,67,339,-272
121900061,123,138,-15
121900062,68,66,2
121900063,636,366,270
121900064,117,827,-710
121900066,11,23,-12
121900067,10,27,-17
121900069,213,134,79
121900070,219,105,114
121900071,88,280,-192
121900072,21,179,-158
121900073,274,177,97
121900074,759,488,271
121900075,476,272,204
121900076,228,542,-314
121900077,9,48,-39
121900078,36,51,-15
121900079,0,0,0
121900080,491,526,-35
121900082,18,95,-77
121900084,4,261,-257
121900085,2,10,-8
121900086,16,59,-43
121900087,147,94,53
121900088,2740,2183,557
121900089,115,397,-282
121900090,6,137,-131
121900091,13,136,-123
121900092,45,111,-66
121900093,42,55,-13
121900094,14,3,11
121900095,151,103,48
121900096,1382,473,909
121900097,312,153,159
121900098,6,5,1
121900099,146,80,66
121900100,188,189,-1
121900101,69,93,-24
121900102,7,134,-127
121900103,393,218,175
121900104,839,251,588
121900105,102,82,20
121900106,5,2,3
121900107,8,30,-22
121900108,1,20,-19
121900109,325,122,203
121900110,207,1342,-1135
121900111,844,95,749
121900112,131,101,30
121900113,46,211,-165
121900114,15,40,-25
121900117,287,17,270
121900118,2209,361,1848
121900119,62,111,-49
121900120,20,1346,-1326
121900121,585,70,515
121900122,13,29,-16
121900123,199,358,-159
121900124,100,195,-95
121900125,828,1043,-215
121900127,13,97,-84
121900128,37,165,-128
121900129,1177,131,1046
121900130,88,224,-136
121900131,188,135,53
121900132,44,170,-126
121900133,102,360,-258
121900134,19,116,-97
121900135,2167,248,1919
121900136,144,542,-398
121900137,41,341,-300
121900138,38,218,-180
121900139,286,429,-143
121900140,48,163,-115
121900141,45,11,34
121900142,51,177,-126
121900143,2,122,-120
121900144,158,289,-131
121900145,125,161,-36
121900146,564,709,-145
121900147,44,154,-110
121900148,142,265,-123
121900149,409,677,-268
121900150,63,145,-82
121900151,54,220,-166
121900152,88,136,-48
121900153,93,439,-346
121900154,7,135,-128
121900155,0,83,-83
121900156,105,64,41
121900157,3,524,-521
121900158,36,83,-47
121900159,0,224,-224
121900160,73,235,-162
121900161,469,320,149
121900162,130,105,25
121900163,86,868,-782
121900164,413,243,170
121900165,145,226,-81
121900166,92,193,-101
121900167,121,85,36
121900168,204,112,92
121900169,5,339,-334
121900170,9,209,-200
121900171,439,645,-206
121900172,311,368,-57
121900173,815,142,673
121900174,14,24,-10
121900175,138,203,-65
121900176,413,1835,-1422
121900177,156,58,98
121900178,23,65,-42
121900179,142,144,-2
121900180,6041,2692,3349
121900182,519,254,265
121900183,330,459,-129
121900184,37,532,-495
121900186,15,322,-307
121900187,16,130,-114
121900188,571,347,224
121900189,31,121,-90
121900190,148,507,-359
121900191,60,92,-32
121900192,425,592,-167
121900193,35,202,-167
121900194,1,142,-141
121900195,93,77,16
121900196,709,637,72
121900197,349,2314,-1965
121900198,968,987,-19
121900199,0,21,-21
121900200,51,208,-157
121900201,1190,516,674
121900202,107,273,-166
121900203,312,795,-483
121900204,1343,795,548
121900205,4,105,-101
121900206,4,10,-6
121900207,160,35,125
121900208,153,300,-147
121900209,24,27,-3
121900210,1109,1038,71
121900211,113,271,-158
121900212,125,138,-13
121900213,115,124,-9
121900214,9,375,-366
121900215,19,51,-32
121900216,18,76,-58
121900217,220,69,151
121900218,261,415,-154
121900220,171,14,157
121900221,220,556,-336
121900222,101,182,-81
121900223,117,95,22
121900224,90,66,24
121900225,102,50,52
121900226,247,498,-251
121900227,98,280,-182
121900228,144,239,-95
121900230,121,74,47
121900231,339,280,59
121900232,261,356,-95
121900233,246,279,-33
121900234,122,329,-207
121900235,230,373,-143
121900236,184,133,51
121900237,110,230,-120
121900238,127,197,-70
121900239,88,51,37
121900240,112,153,-41
121900241,24,51,-27
121900242,1,1,0
121900243,3,0,3
121900244,7,0,7
121900245,153,119,34
121900246,1283,357,926
121900247,247,251,-4
121900248,1460,734,726
121900250,268,272,-4
121900251,288,24,264
121900252,574,131,443
121900253,91,764,-673
121900254,369,281,88
121900255,164,76,88
121900258,2676,1538,1138
121900259,323,448,-125
121900260,73,228,-155
121900261,142,397,-255
121900262,442,791,-349
121900263,119,258,-139
121900264,2348,1249,1099
121900265,130,296,-166
121900266,197,198,-1
121900267,22,32,-10
121900269,88,352,-264
121900270,9,145,-136
121900271,50,178,-128
121900273,463,1291,-828
121900274,208,280,-72
121900277,276,1666,-1390
121900278,82,781,-699
121900279,251,292,-41
121900280,164,309,-145
121900281,362,75,287
121900284,82,7,75
121900286,79,320,-241
121900287,36,17,19
121900288,3,2,1
121900290,190,250,-60
121900291,432,513,-81
121900292,187,78,109
121900293,867,3469,-2602
121900294,236,1,235
121900295,58,253,-195
121900296,42,26,16
121900298,464,394,70
121900299,0,0,0
121900300,7,0,7
121900301,19,2,17
121900302,0,44,-44
121900303,290,428,-138
121900304,0,6,-6
121900305,1,3,-2
121900306,60,1,59
121900307,15,14,1
121900308,13,411,-398
121900309,9,259,-250
121900310,91,557,-466
121900311,166,5,161
121900312,136,7,129
121900313,229,23,206
121900314,5,84,-79
121900315,5,0,5
121900316,0,12,-12
121900317,4,1,3
121900318,0,16,-16
121900319,11,80,-69
121900320,70,77,-7
121900321,4,2,2
121900322,0,29,-29
121900323,15,10,5
121900324,5,65,-60
121900325,9,0,9
121900326,1,29,-28
121900327,1,32,-31
121900328,0,24,-24
121900329,2,227,-225
121900330,0,34,-34
121900331,206,14,192
121900332,74,21,53
121900333,10,0,10
121900334,39,30,9
122000001,2334,3213,-879
122000002,5495,1514,3981
122000003,2125,1379,746
122000004,3315,1151,2164
122000005,3063,1016,2047
122000006,2337,532,1805
122000007,1278,1166,112
122000008,6208,4019,2189
122000009,548,243,305
122000010,2022,2224,-202
122000011,3015,1095,1920
122000012,1142,907,235
122000013,2287,1246,1041
122000014,1434,2060,-626
122000015,1366,909,457
122000016,370,811,-441
122000017,1016,1084,-68
122000018,1233,1127,106
122000019,678,1460,-782
122000020,220,210,10
122000021,499,430,69
122000022,1264,1401,-137
122000023,523,2586,-2063
122000024,876,867,9
122000025,1512,1019,493
122000026,1841,706,1135
122000027,588,4364,-3776
122000028,764,400,364
122000029,427,251,176
122000030,385,103,282
122000031,142,176,-34
122000032,1453,3010,-1557
122000033,939,740,199
122000034,550,539,11
122000035,301,732,-431
122000036,415,591,-176
122000037,315,257,58
122000038,249,356,-107
122000039,583,501,82
122000040,329,284,45
122000041,410,475,-65
122000042,245,387,-142
122000043,138,103,35
122000044,115,117,-2
122000045,1331,549,782
122000046,683,1000,-317
122000047,265,162,103
122000048,2673,3945,-1272
122000049,5156,2081,3075
122000050,1368,563,805
122000051,380,539,-159
122000052,499,221,278
122000053,132,506,-374
122000054,2326,1718,608
122000055,2140,2154,-14
122000056,7448,3106,4342
122000057,4588,2442,2146
122000058,4337,981,3356
122000059,3811,1255,2556
122000060,824,430,394
122000061,544,277,267
122000062,1216,366,850
122000063,1473,384,1089
122000064,3372,2988,384
122000065,5105,2875,2230
122000066,1065,1126,-61
122000067,1526,1405,121
122000068,916,1247,-331
122000069,578,766,-188
122000070,489,3164,-2675
122000071,818,1760,-942
122000072,366,278,88
122000073,510,380,130
122000074,1817,1302,515
122000075,451,1318,-867
122000076,1559,968,591
122000077,1374,581,793
122000078,3195,1658,1537
122000079,1678,602,1076
122000080,1053,361,692
122000081,233,287,-54
122000082,1134,619,515
122000083,1218,3809,-2591
122000084,774,796,-22
122000085,158,1819,-1661
122000086,2050,4142,-2092
122000087,421,136,285
122000088,327,288,39
122000089,6696,2851,3845
122000090,237,355,-118
122000091,248,80,168
122000092,167,17,150
122000093,1570,865,705
122000094,8101,1514,6587
122000095,3844,2075,1769
122000096,3859,1328,2531
122000098,4378,1257,3121
122000099,3279,589,2690
122000100,1360,639,721
122000101,223,917,-694
122000102,1523,1160,363
122000103,1499,1306,193
122000104,203,213,-10
122000105,189,243,-54
122000106,448,451,-3
122000107,1012,520,492
122000108,379,742,-363
122000109,284,347,-63
122000110,297,529,-232
122000111,2509,951,1558
122000112,509,1097,-588
122000113,437,611,-174
122000114,3785,1390,2395
122000115,1630,1351,279
122000116,493,491,2
122000117,877,323,554
122000118,330,484,-154
122000119,3204,1261,1943
122000120,2641,2317,324
122000121,3096,2259,837
122000122,801,1078,-277
122000123,2044,1240,804
122000124,1446,435,1011
122000125,524,578,-54
122000126,798,619,179
122000127,1444,818,626
122000128,622,783,-161
122000129,254,614,-360
122000130,2221,556,1665
122000131,1349,624,725
122000132,787,351,436
122000133,1056,2078,-1022
122000134,434,478,-44
122000135,578,841,-263
122000136,392,250,142
122000137,895,757,138
122000139,1472,2366,-894
122000140,1148,417,731
122000141,5340,883,4457
122000142,526,640,-114
122000143,432,237,195
122000144,1881,748,1133
122000145,1551,565,986
122000146,582,795,-213
122000147,806,339,467
122000148,3732,1189,2543
122000149,2174,1084,1090
122000150,1092,750,342
122000151,266,311,-45
122000152,402,249,153
122000153,508,278,230
122000154,306,161,145
122000155,1400,1861,-461
122000156,2210,1691,519
122000157,2241,1151,1090
122000158,375,457,-82
122000159,1047,1441,-394
122000160,4313,992,3321
122000161,1066,546,520
122000162,2421,1280,1141
122000163,277,70,207
122000164,29,74,-45
122000165,661,702,-41
122000166,834,1016,-182
122000167,210,265,-55
122000168,194,574,-380
122000169,491,151,340
122000170,193,299,-106
122000171,47,64,-17
122000172,1486,1529,-43
122000173,1520,2172,-652
122000174,1920,794,1126
122000175,1264,251,1013
122000176,306,743,-437
122000177,1557,1274,283
122000178,3227,2149,1078
122000179,1993,2596,-603
122000180,1752,850,902
122000181,1753,2721,-968
122000182,2329,1079,1250
122000183,1745,1024,721
122000184,2958,1694,1264
122000185,1275,1224,51
122000186,628,820,-192
122000187,1727,1052,675
122000188,414,165,249
122000189,259,338,-79
122000190,981,990,-9
122000191,905,463,442
122000192,835,326,509
122000193,349,665,-316
122000194,594,146,448
122000195,147,487,-340
122000196,918,613,305
122000197,453,724,-271
122000198,537,1028,-491
122000199,362,358,4
122000200,1438,506,932
122000201,1328,1426,-98
122000202,1005,1085,-80
122000203,2643,1494,1149
122000204,1346,1997,-651
122000205,1589,1058,531
122000206,2087,880,1207
122000207,1098,1285,-187
122000208,1926,1497,429
122000209,2401,403,1998
122000210,1603,2204,-601
122000211,1212,1201,11
122000212,621,481,140
122000213,797,1122,-325
122000214,1620,1561,59
122000215,1929,1262,667
122000217,1768,1370,398
122000218,600,35,565
122000219,1435,993,442
122000220,342,794,-452
122000221,123,432,-309
122000222,498,75,423
122000223,1028,433,595
122000225,597,292,305
122000226,1297,1846,-549
122000227,419,1887,-1468
122000228,294,349,-55
122000229,21,442,-421
122000230,39,800,-761
122000231,194,838,-644
122000232,519,1165,-646
122000233,6,147,-141
122000234,115,186,-71
122000235,356,251,105
122000236,410,212,198
122000237,107,75,32
122000238,112,183,-71
122000239,375,89,286
122000240,694,308,386
122000241,637,399,238
122000242,415,88,327
122000243,122,66,56
122000244,40,604,-564
122000245,56,366,-310
122000246,115,208,-93
122000247,454,1127,-673
122000248,1602,2203,-601
122000249,361,515,-154
122000250,1305,637,668
122000251,206,379,-173
122000252,567,97,470
122000253,28,277,-249
122000254,140,64,76
122000255,616,1943,-1327
122000256,306,1545,-1239
122000257,132,456,-324
122000258,92,223,-131
122000259,6,785,-779
122000260,8,131,-123
122000261,10,250,-240
122000262,0,66,-66
122000263,97,111,-14
122000264,551,390,161
122000265,1917,764,1153
122000266,4373,582,3791
122000267,66,100,-34
122000268,71,436,-365
122000269,649,246,403
122000270,759,99,660
122000271,276,1304,-1028
122000272,253,1165,-912
122000273,294,504,-210
122000274,67,230,-163
122000275,19,166,-147
122000276,429,702,-273
122000277,567,1483,-916
122000278,475,1106,-631
122000279,155,570,-415
122000280,747,768,-21
122000281,649,806,-157
122000282,116,137,-21
122000283,415,54,361
122000284,84,110,-26
122000285,456,114,342
122000286,114,215,-101
122000287,783,1356,-573
122000288,229,349,-120
122000291,766,425,341
122000293,377,284,93
122000294,108,188,-80
122000295,1197,181,1016
122000296,58,583,-525
122000297,3764,2095,1669
122000299,345,503,-158
122000300,549,563,-14
122000301,16256,2884,13372
122000302,1359,769,590
122000303,4829,1379,3450
122000304,73,173,-100
122000305,688,332,356
122000306,12,903,-891
122000307,127,98,29
122000309,41,68,-27
122000310,12,18,-6
122000311,97,84,13
122000312,118,33,85
122000313,58,42,16
122000314,101,195,-94
122000315,158,15,143
122000316,397,179,218
122000317,754,150,604
122000318,203,418,-215
122000319,334,658,-324
122000320,308,2575,-2267
122000321,93,383,-290
122000322,3039,2441,598
122000323,1672,1546,126
122000324,1636,1297,339
122000325,929,970,-41
122000326,22,134,-112
122000327,216,406,-190
122000328,1120,911,209
122000330,2222,614,1608
122000332,153,296,-143
122000333,3,186,-183
122000337,675,2093,-1418
122000338,466,591,-125
122000340,564,268,296
122000342,3093,1143,1950
122000343,414,1855,-1441
122000344,31,31,0
122000345,14,66,-52
122000346,294,703,-409
122000348,663,972,-309
122000349,98,751,-653
122000351,100,228,-128
122000352,276,57,219
122000353,62,99,-37
122000355,100,143,-43
122000356,1650,764,886
122000357,33,10,23
122000358,0,72,-72
122000359,0,55,-55
122000360,1,88,-87
122000362,11,169,-158
122000364,88,510,-422
122000365,2,26,-24
122000366,6,10,-4
122000368,429,855,-426
122000370,23,68,-45
122000371,30,0,30
122000372,3,0,3
122000381,56,334,-278
122000382,51,239,-188
122000384,4349,2106,2243
122000385,15,0,15
122000386,601,805,-204
122000387,485,627,-142
122000388,1327,353,974
122000389,225,816,-591
122000390,352,212,140
122000391,359,137,222
122000392,185,244,-59
122000393,8,240,-232
122000394,327,339,-12
122000395,92,200,-108
122000396,259,126,133
122000397,37,70,-33
122000398,6,58,-52
122000399,81,101,-20
122000400,223,252,-29
122000401,82,126,-44
122000402,161,111,50
122000403,454,1326,-872
122000404,103,378,-275
122000408,730,1062,-332
122000503,12,101,-89
122000524,266,102,164
122000544,57,2036,-1979
122000616,713,1,712
122000640,18,240,-222
122000641,29,502,-473
122000642,885,1439,-554
122000643,9,89,-80
122000644,198,31,167
122000645,87,209,-122
122000651,2106,738,1368
122000664,113,47,66
122000665,877,555,322
122000666,501,1156,-655
122000673,21,419,-398
122000674,70,39,31
122000675,1111,1247,-136
122000686,229,1432,-1203
122000687,700,431,269
122000688,107,941,-834
122000689,357,765,-408
122000690,564,776,-212
122000691,314,3239,-2925
122000692,969,414,555
122000693,493,2110,-1617
122000695,158,600,-442
122000696,152,441,-289
122000698,183,1249,-1066
122000699,162,160,2
122000701,915,408,507
122000702,550,2504,-1954
122000703,110,63,47
122000712,0,0,0
122000717,338,61,277
122000718,492,456,36
122000719,50,55,-5
122000720,165,363,-198
122000724,173,42,131
122900001,20,3,17
122900002,1368,2180,-812
122900003,239,34,205
122900004,818,15,803
122900005,48,48,0
122900006,759,366,393
122900007,139,24,115
122900008,789,95,694
122900009,741,324,417
122900010,172,163,9
122900012,241,433,-192
122900014,141,381,-240
122900015,2663,471,2192
122900016,99,391,-292
122900017,382,891,-509
122900018,191,19,172
122900019,1,143,-142
122900020,363,367,-4
122900021,36,645,-609
122900022,375,1127,-752
122900023,276,396,-120
122900024,119,100,19
122900025,13,186,-173
122900026,159,355,-196
122900027,57,746,-689
122900028,95,202,-107
122900029,5069,2215,2854
122900030,1472,489,983
122900031,67,158,-91
122900032,94,269,-175
122900033,155,198,-43
122900034,4145,4245,-100
122900035,21,11,10
122900036,26,153,-127
122900037,295,123,172
122900038,133,1804,-1671
122900039,90,378,-288
122900040,251,494,-243
122900041,210,262,-52
122900042,132,322,-190
122900043,294,216,78
122900044,92,290,-198
122900045,69,125,-56
122900046,108,107,1
122900047,303,126,177
122900048,33,246,-213
122900049,1641,171,1470
122900051,101,101,0
122900052,34,134,-100
122900053,15,21,-6
122900055,266,95,171
122900057,260,44,216
122900061,418,196,222
122900062,297,480,-183
122900063,150,473,-323
122900064,1097,611,486
122900065,368,160,208
122900066,380,283,97
122900067,2010,1000,1010
122900068,198,548,-350
122900069,183,1547,-1364
122900070,173,38,135
122900071,151,533,-382
122900072,11,714,-703
122900073,46,270,-224
122900074,192,857,-665
122900075,1,80,-79
122900076,10,209,-199
122900077,1,225,-224
122900078,40,190,-150
122900080,48,23,25
122900081,178,177,1
122900082,611,256,355
122900083,234,127,107
122900084,4,279,-275
122900086,9,39,-30
122900087,101,693,-592
122900088,47,78,-31
122900089,10,167,-157
122900090,8,811,-803
122900091,87,0,87
122900092,1,277,-276
122900093,3,554,-551
122900094,2,329,-327
122900095,91,2,89
122900096,99,376,-277
122900097,32,13,19
122900098,104,129,-25
122900099,14,7,7
122900100,574,290,284
122900101,774,235,539
122900102,5,10,-5
122900103,38,6,32
122900104,76,1,75
122900105,6,9,-3
122900106,5,91,-86
122900107,5,260,-255
122900108,3,219,-216
123000001,2230,348,1882
123000002,6899,2568,4331
123000003,3691,2396,1295
123000004,3349,4884,-1535
123000005,2404,2389,15
123000006,2935,3271,-336
123000007,2617,2138,479
123000008,2349,4204,-1855
123000009,4473,3021,1452
123000010,3611,4376,-765
123000011,2995,769,2226
123000012,1056,2539,-1483
123000013,3183,821,2362
123000014,1271,4329,-3058
123000015,4570,696,3874
123000016,7501,2886,4615
123000017,3458,1484,1974
123000018,63,113,-50
123000019,102,427,-325
123000020,109,191,-82
123000021,57,206,-149
123000022,439,1442,-1003
123000023,1272,1051,221
123000024,867,527,340
123000025,65,119,-54
123000026,18,125,-107
123000027,459,590,-131
123000028,1242,285,957
123000029,1321,552,769
123000030,162,907,-745
123000031,82,508,-426
123000032,144,332,-188
123000033,190,102,88
123000034,750,598,152
123000035,192,281,-89
123000036,221,641,-420
123000037,187,352,-165
123000038,72,217,-145
123000039,508,864,-356
123000040,1278,304,974
123000041,1219,594,625
123000042,967,550,417
123000043,4561,4449,112
123000044,7383,2219,5164
123000045,12104,1965,10139
123000046,953,712,241
123000047,2681,1226,1455
123000048,79,366,-287
123000049,8712,4190,4522
123000050,846,1078,-232
123000051,102,151,-49
123000052,434,2417,-1983
123000053,2217,3236,-1019
123000054,964,1214,-250
123000055,844,1082,-238
123000056,1122,1886,-764
123000057,21049,5290,15759
123000058,673,631,42
123000059,455,464,-9
123000060,503,333,170
123000061,147,872,-725
123000063,719,746,-27
123000064,714,196,518
123000065,7624,3393,4231
123000066,1154,917,237
123000067,350,656,-306
123000068,3145,3827,-682
123000069,9700,4053,5647
123000070,302,1004,-702
123000071,545,1219,-674
123000072,731,1644,-913
123000073,802,901,-99
123000074,772,2419,-1647
123000075,321,831,-510
123000076,372,1288,-916
123000077,2195,4023,-1828
123000078,992,1802,-810
123000079,948,2160,-1212
123000080,1945,3023,-1078
123000081,174,771,-597
123000082,408,1373,-965
123000083,844,140,704
123000084,429,826,-397
123000085,112,130,-18
123000086,247,607,-360
123000087,95,647,-552
123000088,786,1527,-741
123000089,375,1420,-1045
123000090,1025,1282,-257
123000091,1608,1534,74
123000092,1236,1185,51
123000094,343,288,55
123000095,295,571,-276
123000096,324,488,-164
123000097,269,1364,-1095
123000098,487,653,-166
123000099,517,1106,-589
123000100,481,639,-158
123000101,584,452,132
123000102,651,614,37
123000104,415,291,124
123000105,600,574,26
123000106,552,298,254
123000107,459,566,-107
123000108,987,1431,-444
123000111,465,231,234
123000112,574,577,-3
123000113,542,2237,-1695
123000114,433,441,-8
123000115,156,270,-114
123000116,32,182,-150
123000117,1187,2708,-1521
123000118,372,1140,-768
123000119,223,1181,-958
123000120,402,1130,-728
123000121,320,654,-334
123000122,559,225,334
123000123,346,557,-211
123000124,690,582,108
123000125,1198,773,425
123000126,1817,2456,-639
123000127,1304,885,419
123000128,250,414,-164
123000129,406,237,169
123000130,400,84,316
123000131,595,520,75
123000132,340,585,-245
123000133,373,402,-29
123000134,503,180,323
123000135,1189,1382,-193
123000136,230,1621,-1391
123000137,81,529,-448
123000138,79,581,-502
123000139,288,120,168
123000140,141,802,-661
123000141,832,97,735
123000142,1020,1108,-88
123000143,1116,2601,-1485
123000144,18,15,3
123000145,227,188,39
123000146,64,88,-24
123000147,60,131,-71
123000149,319,289,30
123000150,198,205,-7
123000151,230,391,-161
123000152,34,361,-327
123000153,125,415,-290
123000154,2023,1366,657
123000155,2677,906,1771
123000156,51,76,-25
123000157,555,864,-309
123000158,710,549,161
123000159,3261,1771,1490
123000160,592,476,116
123000161,1162,860,302
123000162,358,1144,-786
123000163,196,35,161
123000164,833,246,587
123000165,320,2226,-1906
123000166,18,204,-186
123000167,72,410,-338
123000168,220,386,-166
123000169,448,111,337
123000170,48,397,-349
123000171,233,56,177
123000172,184,819,-635
123000173,423,200,223
123000174,696,264,432
123000175,1022,1580,-558
123000176,899,142,757
123000177,402,1246,-844
123000178,431,112,319
123000179,23,820,-797
123000180,1111,319,792
123000181,407,1730,-1323
123000182,166,590,-424
123000183,152,297,-145
123000184,83,953,-870
123000185,336,476,-140
123000186,8,673,-665
123000187,326,4,322
123000188,116,0,116
123000189,139,209,-70
123000190,29,64,-35
123000192,21,399,-378
123000193,39,594,-555
123000194,624,307,317
123000195,132,19,113
123000196,151,4,147
123000197,21,98,-77
123000198,11,198,-187
123000199,3,570,-567
123000200,348,5,343
123000201,602,33,569
123000202,26,1533,-1507
123000203,594,40,554
123000204,64,1336,-1272
123000205,435,2414,-1979
123000206,1264,147,1117
123000207,48,1224,-1176
123000208,253,78,175
123000209,1415,345,1070
123000210,436,1786,-1350
123000211,558,3062,-2504
123000212,1626,329,1297
123000213,280,35,245
123000215,161,125,36
123000216,143,316,-173
123000217,113,30,83
123000218,148,439,-291
123000219,1198,38,1160
123000220,384,73,311
123000221,172,183,-11
123000222,286,718,-432
123000223,129,650,-521
123000224,264,649,-385
123000225,260,114,146
123000226,103,414,-311
123000227,51,408,-357
123000228,186,56,130
123000229,1247,2301,-1054
123000232,113,647,-534
123000233,406,149,257
123000234,138,807,-669
123000235,346,389,-43
123000236,155,1029,-874
123000237,157,73,84
123000238,47,800,-753
123000239,384,2423,-2039
123000240,52,345,-293
123000241,894,149,745
123000242,85,239,-154
123000243,408,1131,-723
123000244,733,568,165
123000245,82,199,-117
123000249,328,672,-344
123000252,631,174,457
123000253,554,371,183
123000254,469,1159,-690
123000255,760,648,112
123000256,31,309,-278
123000257,4090,2655,1435
123000258,862,1248,-386
123000259,142,477,-335
123000260,355,801,-446
123000261,115,313,-198
123000262,85,373,-288
123000263,297,114,183
123000264,171,50,121
123000265,54,229,-175
123000266,375,754,-379
123000267,302,274,28
123000268,30,80,-50
123000269,25,36,-11
123000270,30,27,3
123000271,51,77,-26
123000272,789,201,588
123000273,185,485,-300
123000274,1107,372,735
123000275,256,1108,-852
123000278,3369,2702,667
123000279,68,99,-31
123000280,269,429,-160
123000281,204,87,117
123000282,70,276,-206
123000283,127,24,103
123000284,28,156,-128
123000286,264,232,32
123000287,569,270,299
123000288,803,489,314
123000289,448,666,-218
123000291,401,859,-458
123000294,172,258,-86
123000295,769,1085,-316
123000296,279,513,-234
123000297,260,1045,-785
123000298,286,905,-619
123000299,27,354,-327
123000300,602,678,-76
123000301,83,167,-84
123000302,60,279,-219
123000303,78,109,-31
123000305,869,781,88
123000306,60,306,-246
123000309,31,81,-50
123000310,52,20,32
123000311,0,115,-115
123000312,834,1135,-301
123000313,211,307,-96
123000315,109,479,-370
123000316,1877,32,1845
123000317,196,59,137
123000318,25,303,-278
123000329,7,6,1
123000337,178,236,-58
123000338,755,94,661
123000339,84,332,-248
123000340,118,487,-369
123000342,7,177,-170
123000343,58,0,58
123000344,1301,517,784
123000345,341,665,-324
123000346,213,64,149
123000352,2390,823,1567
123000353,20,170,-150
123000354,113,3,110
123000355,2,514,-512
123000356,135,7,128
123000357,2,385,-383
123000359,6,310,-304
123000360,155,26,129
123000361,706,299,407
123000362,204,162,42
123000363,79,282,-203
123000364,384,299,85
123000365,29,303,-274
123000366,275,1416,-1141
123000367,261,1272,-1011
123000370,28,419,-391
123000371,99,22,77
123000372,181,18,163
123000373,6,496,-490
123000374,17,238,-221
123000375,142,20,122
123000376,545,512,33
123000377,236,14,222
123000378,20,521,-501
123000379,1,244,-243
123000380,77,265,-188
123000381,146,29,117
123000382,1282,56,1226
123000383,307,803,-496
123000384,499,122,377
123000385,473,850,-377
123000436,46,833,-787
123000507,112,309,-197
123000508,94,367,-273
123000517,342,30,312
123000518,34,290,-256
123000519,126,103,23
123000520,83,239,-156
123000521,273,163,110
123000522,141,679,-538
123000541,1,0,1
123000542,0,27,-27
123000565,237,15,222
123000566,88,987,-899
123000567,97,294,-197
123000573,54,1110,-1056
123000574,296,85,211
123000575,999,1655,-656
123000576,559,2315,-1756
123000577,115,692,-577
123000578,808,94,714
123000579,6780,2957,3823
123000580,84,18,66
123000582,259,24,235
123000583,8,592,-584
123000584,92,234,-142
123000585,1,129,-128
123000586,67,0,67
123000596,134,161,-27
123000597,55,113,-58
123000602,13,4,9
123000603,251,892,-641
123000604,400,1416,-1016
123000605,644,118,526
123000606,3,214,-211
123000609,12,313,-301
123000610,166,89,77
123000613,31,142,-111
123000614,103,62,41
123000615,23,153,-130
123000616,300,63,237
123000617,69,606,-537
123000618,111,713,-602
123000619,510,23,487
123000620,11,684,-673
123000622,252,22,230
123000624,61,36,25
123000630,488,442,46
123000631,236,2575,-2339
123000632,1151,1454,-303
123000633,0,207,-207
123000634,82,67,15
123000635,304,116,188
123000636,6,689,-683
123000637,87,168,-81
123000638,345,129,216
123000639,1284,2191,-907
123000640,48,1313,-1265
123000648,180,59,121
123000649,30,747,-717
123900001,1757,60,1697
123900002,16,1000,-984
123900003,330,794,-464
123900005,148,94,54
123900006,163,23,140
124000001,1477,125,1352
124000002,103,2089,-1986
124000003,404,147,257
124000004,65,796,-731
124000005,718,234,484
124000006,280,1642,-1362
124000007,614,87,527
124000008,21,546,-525
124000009,252,380,-128
124000010,106,576,-470
124000011,674,395,279
124000012,316,1103,-787
124000017,73,78,-5
124000018,97,121,-24
124000019,76,102,-26
124000020,88,270,-182
124000021,94,81,13
124000022,78,269,-191
124000023,1116,1194,-78
124000024,1017,779,238
124000025,1045,1101,-56
124000026,1186,1124,62
124000027,5388,3624,1764
124000028,3722,3916,-194
124000030,3943,1414,2529
124000031,613,1090,-477
124000032,4777,971,3806
124000033,419,297,122
124000034,2639,905,1734
124000035,169,107,62
124000036,149,676,-527
124000037,528,442,86
124000038,60,106,-46
124000039,1068,309,759
124000040,613,719,-106
124000041,185,58,127
124000042,68,436,-368
124000043,30,77,-47
124000044,56,386,-330
124000045,402,468,-66
124000046,194,988,-794
124000047,874,907,-33
124000048,649,2509,-1860
124000049,992,637,355
124000050,534,2931,-2397
124000051,380,480,-100
124000052,469,1611,-1142
124000053,355,845,-490
124000054,903,812,91
124000055,1135,1316,-181
124000056,4530,1579,2951
124000057,596,472,124
124000058,342,1744,-1402
124000059,401,604,-203
124000060,989,1093,-104
124000061,1418,2907,-1489
124000062,9442,1991,7451
124000063,1461,1633,-172
124000064,2890,1974,916
124000065,161,264,-103
124000066,346,62,284
124000067,72,273,-201
124000068,31,139,-108
124000069,331,350,-19
124000070,172,699,-527
124000071,85,97,-12
124000072,152,655,-503
124000073,692,109,583
124000074,250,1064,-814
124000075,95,40,55
124000076,2,298,-296
124000077,1658,839,819
124000078,2086,558,1528
124000079,622,1027,-405
124000080,185,136,49
124000081,130,758,-628
124000082,22,75,-53
124000083,22,199,-177
124000084,62,251,-189
124000085,102,54,48
124000086,33,91,-58
124000087,114,47,67
124000088,191,593,-402
124000089,472,407,65
124000090,106,497,-391
124000091,331,141,190
124000092,81,865,-784
124000093,73,49,24
124000094,144,433,-289
124000095,78,60,18
124000096,86,361,-275
124000097,57,30,27
124000098,59,118,-59
124000099,124,102,22
124000100,26,153,-127
124000101,28,92,-64
124000102,111,102,9
124000103,46,69,-23
124000104,87,75,12
124000105,27,51,-24
124000106,127,127,0
124000107,15,93,-78
124000108,59,43,16
124000109,73,63,10
124000110,158,143,15
124000111,186,154,32
124000112,423,798,-375
124000113,25,47,-22
124000114,208,695,-487
124000115,279,950,-671
124000116,60,85,-25
124000117,47,95,-48
124000118,21,41,-20
124000119,834,787,47
124000120,479,636,-157
124000121,1430,476,954
124000122,608,1120,-512
124000123,660,330,330
124000124,458,945,-487
124000125,320,314,6
124000126,336,472,-136
124000127,650,353,297
124000128,518,908,-390
124000129,1771,1141,630
124000130,717,612,105
124000131,821,490,331
124000132,787,738,49
124000133,623,790,-167
124000134,805,652,153
124000135,1338,1487,-149
124000136,983,983,0
124000137,1126,658,468
124000138,1394,1049,345
124000139,399,17,382
124000140,24,421,-397
124000141,99,6,93
124000142,17,239,-222
124000143,10,9,1
124000144,4,76,-72
124000145,31,12,19
124000146,14,130,-116
124000148,8,28,-20
124000149,697,273,424
124000150,292,556,-264
124000151,528,275,253
124000152,661,1248,-587
124000153,609,458,151
124000154,583,841,-258
124000155,1072,576,496
124000156,1560,1070,490
124000169,178,288,-110
124000170,822,469,353
124000171,203,233,-30
124000172,369,680,-311
124000173,223,332,-109
124000174,280,932,-652
124000175,8,155,-147
124000176,24,9,15
124000177,9,48,-39
124000178,10,22,-12
124000190,175,61,114
124000191,478,69,409
124000192,2714,362,2352
124000193,658,1436,-778
124000194,368,525,-157
124000195,189,574,-385
124000196,905,1103,-198
124000197,36,74,-38
124000198,16,23,-7
124000201,392,1305,-913
124000202,450,160,290
124000203,130,1261,-1131
124000204,295,682,-387
124000205,29,860,-831
124000206,233,532,-299
124000207,0,59,-59
124000209,256,727,-471
124000210,175,175,0
124000211,221,1,220
124000212,0,761,-761
124000213,201,444,-243
124000214,147,1098,-951
124000215,107,11,96
124000216,3,688,-685
124000329,109,3023,-2914
124000338,36,1643,-1607
124000339,296,146,150
124000341,477,110,367
124000344,7,2,5
124000357,707,1468,-761
124000358,594,1008,-414
124000359,743,414,329
124000360,329,302,27
124000361,1017,725,292
124000362,1811,2521,-710
124000363,292,541,-249
124000364,518,1052,-534
124000365,641,1317,-676
124000366,2267,981,1286
124000367,125,710,-585
124000368,262,184,78
124000369,100,61,39
124000370,85,957,-872
124000402,14,9,5
124000403,29,18,11
124000404,7,126,-119
124000405,976,579,397
124000406,964,673,291
124000407,0,35,-35
124000411,3,489,-486
124000412,230,14,216
124000413,278,43,235
124000414,55,136,-81
124000415,42,200,-158
124000416,122,472,-350
124000417,108,109,-1
124000418,91,132,-41
124000419,72,186,-114
124000420,30,64,-34
124000421,14,370,-356
124000422,20,10,10
124000423,54,51,3
124000424,0,175,-175
124000425,30,17,13
124000426,4,176,-172
124000427,17,31,-14
124000428,23,37,-14
124000429,22,83,-61
124000430,459,733,-274
124000431,178,743,-565
124000432,87,823,-736
124000439,5,19,-14
124000443,0,7,-7
124000445,220,664,-444
124000446,2925,93,2832
124900001,353,318,35
124900002,121,572,-451
124900003,594,568,26
124900004,268,332,-64
124900005,201,301,-100
124900006,551,407,144
124900008,1113,391,722
124900009,111,136,-25
124900010,81,31,50
124900011,252,132,120
124900012,242,85,157
124900013,261,148,113
124900014,140,83,57
124900015,119,191,-72
124900016,29,48,-19
124900017,558,397,161
124900018,10,1,9
124900020,33,66,-33
124900021,113,30,83
124900022,12,7,5
124900024,139,6,133
124900026,65,9,56
124900027,34,249,-215
124900028,637,147,490
124900029,10,331,-321
124900030,4,174,-170
124900031,26,404,-378
124900032,305,189,116
124900033,37,457,-420
124900034,3,153,-150
124900035,156,479,-323
124900036,0,54,-54
124900037,160,383,-223
124900038,317,454,-137
124900039,0,36,-36
124900040,50,133,-83
124900041,208,1377,-1169
124900042,17,1,16
124900043,343,1383,-1040
124900044,43,3,40
124900045,679,971,-292
124900046,1799,311,1488
124900047,131,251,-120
124900048,145,165,-20
124900050,140,291,-151
124900052,98,404,-306
124900053,41,451,-410
124900054,3929,345,3584
124900055,0,126,-126
124900057,8,107,-99
124900060,68,285,-217
124900061,28,10,18
124900062,49,14,35
124900066,0,12,-12
124900067,5,205,-200
124900068,187,213,-26
124900070,26,24,2
124900072,49,16,33
124900075,97,252,-155
124900076,20,546,-526
124900077,17,117,-100
124900078,32,7,25
124900079,763,48,715
124900080,187,891,-704
124900081,579,212,367
124900082,344,1174,-830
124900083,211,636,-425
124900085,1271,239,1032
124900086,58,839,-781
124900087,524,91,433
124900088,688,91,597
124900089,1563,20,1543
124900090,179,197,-18
124900091,217,666,-449
124900092,157,494,-337
124900093,148,223,-75
124900094,181,240,-59
124900095,90,327,-237
124900096,548,152,396
124900097,175,50,125
124900098,156,492,-336
124900099,716,433,283
124900100,298,26,272
124900101,18,413,-395
124900102,99,12,87
124900103,75,341,-266
124900104,37,230,-193
124900105,84,177,-93
124900106,267,20,247
124900107,47,20,27
124900108,137,22,115
124900111,3,47,-44
124900112,63,981,-918
124900113,71,132,-61
124900114,188,64,124
124900115,27,33,-6
124900116,84,119,-35
124900117,779,133,646
124900118,200,151,49
124900119,274,113,161
124900120,32,426,-394
124900121,106,172,-66
124900122,659,252,407
124900123,416,59,357
124900124,156,176,-20
204000001,28,21,7
204000002,18,15,3
204000003,12,8,4
204000004,3,2,1
204000005,401,361,40
204000006,876,1113,-237
204000011,12,63,-51
204000012,48,102,-54
204000019,506,566,-60
204000020,364,795,-431
204000021,1804,788,1016
204000022,488,469,19
204000023,416,1081,-665
204000031,79,17,62
204000032,412,40,372
204000034,10,346,-336
204000035,0,4,-4
204000036,5,32,-27
204000037,1,23,-22
204000038,4,36,-32
204000039,0,75,-75
204000040,6,33,-27
204000041,4,63,-59
204000042,22,29,-7
204000043,19,7,12
204000044,12,4,8
204000045,36,3,33
204000046,31,6,25
204000057,5,54,-49
204000062,10,160,-150
204000068,13,134,-121
204000069,11,219,-208
204000070,25,80,-55
204000080,16,43,-27
204000085,1332,1694,-362
204000086,3227,1894,1333
204000087,50,11,39
204000088,6,67,-61
204000090,4,427,-423
204000093,146,47,99
204000096,621,740,-119
204000097,188,18,170
204000099,826,1205,-379
204000100,839,1093,-254
204000105,1980,1737,243
204000110,495,1137,-642
204000111,273,715,-442
204000112,442,918,-476
204000113,353,966,-613
204000114,493,567,-74
204000115,261,332,-71
204000116,366,577,-211
204000119,1453,1847,-394
204000132,387,178,209
204000133,476,202,274
204000134,120,138,-18
204000135,284,89,195
204000136,230,197,33
204000138,148,185,-37
204000140,108,85,23
204000141,108,50,58
204000144,6,13,-7
204000145,414,39,375
204000146,29,498,-469
204000147,18,132,-114
204000148,192,27,165
204000154,2,3,-1
204000155,4,15,-11
204000177,106,44,62
204000179,16,8,8
204000180,0,33,-33
204000222,10,58,-48
204000235,2,17,-15
204000236,87,368,-281
204000238,11,30,-19
204000240,308,78,230
204000263,499,1309,-810
204000268,993,493,500
204000308,132,20,112
204000317,8,78,-70
204000322,3,30,-27
204000323,26,12,14
204000328,182,45,137
204000329,73,90,-17
204000330,157,35,122
204000331,19,151,-132
204010341,20,359,-339
205000001,1166,1362,-196
205000013,21,83,-62
205000014,11,109,-98
205000015,36,228,-192
205000016,14,188,-174
205000017,30,99,-69
205000022,292,546,-254
205000025,1473,994,479
205000029,168,4,164
205000045,106,218,-112
205000046,48,544,-496
205000047,57,597,-540
205000048,208,1167,-959
205000049,146,845,-699
205000050,1098,361,737
205000059,1,275,-274
205000060,1,79,-78
205000061,6,103,-97
205000062,0,99,-99
205000063,11,79,-68
205000064,25,117,-92
205000065,90,779,-689
205000066,97,798,-701
205000067,28,982,-954
205000069,153,18,135
205000082,172,244,-72
205000110,54,206,-152
205000111,194,260,-66
205000112,79,137,-58
205000113,210,224,-14
205000121,186,68,118
205000123,74,188,-114
205000126,316,144,172
205000127,577,229,348
205000128,439,84,355
205000129,505,95,410
205000130,295,43,252
205000131,509,16,493
205000132,489,0,489
205000133,325,3,322
205000134,188,0,188
205000137,135,159,-24
205000138,220,305,-85
205000139,20,114,-94
205000144,61,60,1
205000145,302,150,152
205000151,159,45,114
205000152,105,40,65
205000153,153,32,121
205000154,64,63,1
205000155,55,16,39
205000207,9,161,-152
205000233,19,0,19
205000234,0,1,-1
205000243,0,0,0
205000244,0,5,-5
205000245,14,318,-304
205000249,0,44,-44
205000250,3,0,3
205000264,1,88,-87
206000027,10,1,9
206000028,4,5,-1
206000043,10,163,-153
206000053,1,11,-10
206000054,5,46,-41
206000055,0,26,-26
206000075,4,3,1
206000076,16,7,9
206000077,10,8,2
206000078,9,3,6
206000079,14,2,12
206000082,464,16,448
206000100,61,728,-667
206000103,3,14,-11
206000104,9,22,-13
206000105,7,26,-19
206000106,9,35,-26
206000108,518,20,498
206000125,39,0,39
206000157,85,799,-714
206000170,1,312,-311
206000171,1,303,-302
206000172,7,1515,-1508
206000173,4,471,-467
206000174,5,233,-228
206000175,3,312,-309
206000176,16,530,-514
206000177,6,347,-341
206000178,1,237,-236
206000179,2,174,-172
206000180,15,267,-252
206000181,17,443,-426
206000182,15,458,-443
206000183,23,1325,-1302
206000184,3,648,-645
206000185,15,511,-496
206000186,133,2333,-2200
206000223,8,438,-430
206000226,18,9,9
206000227,27,1,26
206000237,42,504,-462
206000238,38,911,-873
206000239,695,2933,-2238
206000240,1,58,-57
206000241,0,141,-141
206000242,13,685,-672
206000243,9,636,-627
206000244,48,1426,-1378
206000245,339,41,298
206000246,43,7,36
206000247,92,10,82
206000248,156,27,129
206000252,60,14,46
206000258,24,42,-18
206000315,24,1,23
206000317,203,77,126
206000318,124,23,101
206000319,461,63,398
206000320,44,34,10
206000321,62,8,54
206000322,151,6,145
206000323,85,3,82
206000324,31,4,27
206000325,104,7,97
206000326,79,4,75
206000327,114,11,103
206000328,41,4,37
206000329,92,1,91
206000330,36,6,30
206000331,100,3,97
206000332,18,7,11
206000333,172,6,166
206000334,123,5,118
206000335,0,19,-19
206000361,5,253,-248
206000392,1,42,-41
206000405,115,0,115
206000441,18,9,9
206000498,66,5,61
206000515,88,21,67
206000530,88,28,60
206000531,95,51,44
206000532,3179,78,3101
206000535,431,2322,-1891
206000536,10,331,-321
206000537,9,206,-197
206000613,1355,164,1191
207000001,137,436,-299
207000002,62,394,-332
207000003,116,241,-125
207000007,480,231,249
207000008,45,6,39
207000009,42,39,3
207000010,516,747,-231
207000012,247,202,45
207000015,419,2051,-1632
207000019,159,64,95
207000021,545,146,399
207000022,130,100,30
207000023,116,35,81
207000024,0,8,-8
207000025,11,42,-31
207000026,73,46,27
207000027,12,77,-65
207000028,56,304,-248
207000029,298,502,-204
207000033,196,232,-36
207000034,205,53,152
207000039,235,131,104
207000040,145,101,44
207000041,50,46,4
207000042,192,74,118
207000043,143,180,-37
207000051,100,488,-388
207000052,9,318,-309
207000053,442,749,-307
207000054,27,128,-101
207000055,69,213,-144
207000056,261,560,-299
207000057,98,342,-244
207000058,114,604,-490
207000059,59,1059,-1000
207000060,28,363,-335
207000061,81,156,-75
207000062,162,73,89
207000063,177,188,-11
207000064,308,215,93
207000065,282,310,-28
207000066,86,206,-120
207000067,35,156,-121
207000068,70,83,-13
207000069,623,410,213
207000082,47,393,-346
207000083,76,529,-453
207000084,145,175,-30
207000085,153,16,137
207000086,87,6,81
207000106,39,40,-1
207000107,33,24,9
207000108,35,10,25
207000109,36,11,25
207000110,43,56,-13
207000111,59,78,-19
207000112,195,290,-95
207000114,12,28,-16
207000115,18,87,-69
207000116,17,391,-374
207000117,5,150,-145
207000118,7,124,-117
207000119,22,158,-136
207000123,158,20,138
207000124,81,27,54
207000125,50,27,23
207000126,59,47,12
207000134,30,261,-231
207000135,27,369,-342
207000148,35,135,-100
207000149,78,29,49
207000152,168,373,-205
207000153,1190,1096,94
207000154,609,141,468
207000159,67,441,-374
207000160,121,903,-782
207000238,0,112,-112
207000242,0,184,-184
207000248,27,21,6
207000249,129,87,42
207000250,894,80,814
207000251,52,65,-13
207000252,57,72,-15
207000278,39,88,-49
207000279,11,374,-363
207000280,168,70,98
207000281,68,1624,-1556
207000282,136,31,105
207000283,142,305,-163
207000284,36,61,-25
207000285,143,31,112
207000291,8,138,-130
207000304,77,47,30
207000306,69,469,-400
207000310,43,76,-33
207000353,211,3,208
207000356,11,28,-17
207000357,10,8,2
207000358,56,9,47
207000415,7,195,-188
207000417,11,2,9
207000418,77,164,-87
207000438,0,1,-1
207000439,1227,326,901
207000446,193,2,191
207000460,7,5,2
207000466,183,225,-42
207000467,95,88,7
207000468,37,896,-859
207000476,2,102,-100
207000477,355,140,215
207000478,13,12,1
207000523,0,7,-7
207000524,25,0,25
207000527,90,131,-41
207000530,217,5,212
207000531,161,9,152
207000532,88,19,69
207000534,651,34,617
207000535,51,252,-201
207000537,30,120,-90
207000540,15,206,-191
207000541,1,341,-340
207000548,8,360,-352
207000549,129,12,117
207000561,85,157,-72
207000562,26,223,-197
207000567,146,337,-191
207000568,63,131,-68
207000569,192,1428,-1236
207000584,435,205,230
207000585,64,217,-153
207000587,15,28,-13
207000616,1,416,-415
207000617,106,0,106
207000624,29,18,11
207000631,1,14,-13
207900008,85,301,-216
208000001,376,645,-269
208000002,409,517,-108
208000003,735,629,106
208000004,790,753,37
208000005,17,18,-1
208000019,472,833,-361
208000020,178,472,-294
208000021,149,622,-473
208000022,631,980,-349
208000028,1166,802,364
208000033,352,746,-394
208000034,960,1859,-899
208000037,471,63,408
208000040,57,177,-120
208000041,771,527,244
208000042,486,539,-53
208000047,98,485,-387
208000064,2663,1232,1431
208000066,1434,839,595
208000070,217,461,-244
208000071,257,855,-598
208000072,267,1315,-1048
208000080,176,353,-177
208000081,209,169,40
208000082,270,432,-162
208000083,99,420,-321
208000084,24,8,16
208000085,868,617,251
208000086,456,920,-464
208000087,300,889,-589
208000089,739,782,-43
208000090,595,1236,-641
208000093,68,123,-55
208000094,326,636,-310
208000095,431,363,68
208000104,872,1015,-143
208000105,515,1114,-599
208000114,54,143,-89
208000115,504,355,149
208000116,241,926,-685
208000117,69,123,-54
208000118,48,110,-62
208000155,479,972,-493
208000158,1605,2781,-1176
208000186,3382,2265,1117
208000204,396,1004,-608
208000205,835,1482,-647
208000282,4284,1617,2667
209000004,133,152,-19
209000005,19,35,-16
209000006,505,99,406
209000007,241,236,5
209000010,559,134,425
209000011,143,195,-52
209000012,101,228,-127
209000013,151,619,-468
209000014,697,1704,-1007
209000025,177,34,143
209000026,484,103,381
209000027,304,1059,-755
209000028,303,1173,-870
209000029,612,981,-369
209000030,551,1864,-1313
209000031,4075,3049,1026
209000034,128,166,-38
209000035,118,142,-24
209000036,92,95,-3
209000037,165,164,1
209000038,50,194,-144
209000039,42,131,-89
209000040,255,488,-233
209000041,175,374,-199
209000042,276,391,-115
209000043,647,624,23
209000044,216,521,-305
209000045,903,390,513
209000046,307,506,-199
209000047,221,194,27
209000048,298,204,94
209000049,106,160,-54
209000050,140,234,-94
209000051,263,455,-192
209000052,111,427,-316
209000062,39,191,-152
209000063,32,147,-115
209000064,27,187,-160
209000065,39,28,11
209000066,33,35,-2
209000067,42,71,-29
209000080,28,163,-135
209000082,59,42,17
209000091,44,121,-77
209000093,72,61,11
209000094,215,206,9
209000110,17,52,-35
209000111,369,875,-506
209000112,615,412,203
209000113,1062,344,718
209000114,214,326,-112
209000115,85,230,-145
209000116,865,673,192
209000118,15,45,-30
209000119,44,15,29
209000121,185,766,-581
209000135,63,88,-25
209000142,639,797,-158
209000143,71,80,-9
209000144,67,97,-30
209000229,144,176,-32
209000240,53,470,-417
209000259,90,133,-43
209000260,102,1094,-992
209000261,8,669,-661
209000262,2,612,-610
209000263,0,164,-164
209000264,0,164,-164
209000265,318,0,318
209000266,51,1,50
209000267,379,3,376
209000268,525,21,504
210000037,42,37,5
210000047,34,26,8
210000048,49,34,15
210000049,48,31,17
210000052,18,153,-135
210000053,15,105,-90
210000054,28,95,-67
210000070,64,0,64
210000071,53,0,53
210000072,9,0,9
210000073,0,24,-24
210000074,0,93,-93
210000075,0,45,-45
210000076,5,137,-132
210000077,30,33,-3
210000078,25,36,-11
210000079,34,12,22
210000080,129,42,87
210000081,133,4,129
210000082,62,1,61
210000083,38,1,37
210000084,25,0,25
210000085,0,90,-90
210000086,2,113,-111
210000099,28,244,-216
210000100,29,254,-225
210000101,55,219,-164
210000105,40,249,-209
210000159,2,133,-131
210000163,212,236,-24
210000164,461,103,358
210000168,151,31,120
210000187,0,12,-12
210000188,0,13,-13
210000214,139,0,139
210000219,24,39,-15
210000220,38,91,-53
210000232,4,18,-14
210000233,31,58,-27
210000234,21,151,-130
210000235,30,133,-103
210000245,1,41,-40
210000246,35,2,33
210000258,6,122,-116
210000259,191,23,168
210000282,51,225,-174
210000285,0,111,-111
210000286,15,151,-136
210000290,2,8,-6
210000295,26,199,-173
210000296,43,81,-38
210000320,121,150,-29
210000321,78,92,-14
210000338,71,134,-63
210000339,583,968,-385
210000340,83,265,-182
210000341,144,240,-96
210000342,128,166,-38
210000343,160,201,-41
210000344,237,114,123
210000345,178,149,29
210000346,77,110,-33
210000347,171,52,119
210000348,110,20,90
210000349,76,30,46
210000350,79,71,8
210000351,101,111,-10
210000352,54,109,-55
210000353,24,123,-99
210000354,54,101,-47
210000355,48,91,-43
210000356,98,62,36
210000357,88,69,19
210000358,422,152,270
210000359,127,55,72
210000360,159,110,49
210000361,118,151,-33
210000362,192,175,17
210000363,980,150,830
210000364,89,124,-35
210000365,83,63,20
210000366,108,53,55
210000367,55,22,33
210000368,112,18,94
210000369,12,32,-20
210000370,48,75,-27
210000372,31,25,6
210000373,79,15,64
210000374,35,11,24
210000375,26,100,-74
210000376,51,167,-116
210000404,111,128,-17
210000439,33,38,-5
210000472,97,9,88
210000482,72,56,16
210000564,591,180,411
210000567,0,5,-5
210000568,655,3,652
211000092,30,82,-52
211000094,3,14,-11
211000169,157,7,150
211000172,8,220,-212
211000209,0,9,-9
211000226,17,28,-11
211000270,7,10,-3
211000275,14,25,-11
211000276,53,49,4
211000279,8,68,-60
211000281,34,96,-62
211507980,0,34,-34
211977296,5,5,0
212000003,99,60,39
212000004,92,16,76
212000005,26,7,19
212000006,32,72,-40
212000008,130,241,-111
212000009,19,191,-172
212000012,43,67,-24
212000013,9,44,-35
212000014,231,143,88
212000015,200,213,-13
212000016,381,590,-209
212000027,344,535,-191
212000028,218,399,-181
212000029,142,309,-167
212000030,22,22,0
212000031,32,72,-40
212000048,25,104,-79
212000049,16,68,-52
212000050,15,11,4
212000051,164,209,-45
212000052,175,413,-238
212000053,271,575,-304
212000054,117,146,-29
212000055,182,306,-124
212000056,8,50,-42
212000057,8,51,-43
212000058,370,44,326
212000070,90,347,-257
212000077,81,745,-664
212000099,167,234,-67
212000108,173,211,-38
212000111,98,151,-53
212000120,142,122,20
212000138,83,24,59
212000156,6,118,-112
212000158,24,20,4
212000159,207,55,152
212000160,351,254,97
212000161,20,7,13
212000310,18,19,-1
212000311,9,102,-93
212000374,26,14,12
213000001,24,844,-820
213000005,267,109,158
213000006,1037,209,828
213000007,69,11,58
213000009,548,263,285
213000010,123,218,-95
213000011,181,112,69
213000012,122,458,-336
213000014,29,16,13
213000015,132,4,128
213000016,221,0,221
213000017,26,0,26
213000018,0,201,-201
213000019,0,191,-191
213000020,87,420,-333
213000021,5,153,-148
213000023,216,223,-7
213000033,204,911,-707
213000034,568,371,197
213000035,89,203,-114
213000045,132,251,-119
213000046,140,215,-75
213000047,578,783,-205
213000056,59,26,33
213000069,55,2,53
213000073,0,27,-27
213000074,187,649,-462
213000075,367,2,365
213000076,5,0,5
213000085,9,32,-23
213000086,11,262,-251
213000091,124,9,115
213000092,82,8,74
213000099,148,942,-794
213000100,1151,228,923
213000101,169,167,2
213000102,216,543,-327
213000103,759,1047,-288
213000104,54,603,-549
213000105,2,76,-74
213000106,24,251,-227
213000107,92,898,-806
213000108,21,631,-610
213000109,2,323,-321
213000110,11,102,-91
213000111,7,66,-59
213000112,226,134,92
213000115,31,5,26
213000116,135,958,-823
213000117,5,1336,-1331
213000118,288,321,-33
213000119,57,1047,-990
213000120,108,1092,-984
213000122,252,1091,-839
213000123,905,2007,-1102
213000124,101,2003,-1902
213000125,152,10,142
213000126,84,74,10
213000127,165,145,20
213000128,978,821,157
213000129,587,294,293
213000130,249,187,62
213000132,165,75,90
213000133,209,105,104
213000134,576,54,522
213000136,345,20,325
213000137,427,58,369
213000139,310,10,300
213000147,30,2,28
213000148,25,3,22
213000149,19,6,13
213000150,0,74,-74
213000151,0,73,-73
213000152,0,49,-49
213000153,1,39,-38
213000154,12,232,-220
213000155,24,430,-406
213000156,89,752,-663
213000157,757,619,138
213000158,281,781,-500
213000159,374,683,-309
213000163,373,102,271
213000165,682,195,487
213000171,4,220,-216
213000172,1,452,-451
213000173,9,369,-360
213000174,1,252,-251
213000175,8,177,-169
213000176,14,26,-12
213000177,22,3,19
213000178,91,2,89
213000179,122,1,121
213000180,73,1,72
213000184,83,622,-539
213000188,254,76,178
213000189,183,24,159
213000190,731,892,-161
213000191,158,710,-552
213000192,136,866,-730
213000193,1812,238,1574
213000194,1,37,-36
213000195,26,528,-502
213000196,196,1071,-875
213000197,252,361,-109
213000198,17,1,16
213000200,121,1363,-1242
213000201,152,42,110
213000202,12,1014,-1002
213000203,3412,385,3027
213000204,598,30,568
213000205,187,44,143
213000206,259,78,181
213000207,42,12,30
213000208,165,0,165
213000209,65,0,65
213000210,306,3,303
213000211,14,12,2
213000212,7,14,-7
213000213,7,33,-26
213000218,164,1234,-1070
213000219,387,12,375
213000220,273,18,255
213000223,191,116,75
213000224,25,21,4
213000225,50,4,46
213000226,32,6,26
213000227,560,171,389
213000228,183,60,123
213000229,454,19,435
213000230,190,30,160
213000232,114,432,-318
213000233,1,25,-24
213000234,6,34,-28
213000293,9,72,-63
213000294,114,7,107
213000295,4,71,-67
213000296,68,27,41
213000297,22,129,-107
213000298,14,108,-94
213000299,59,35,24
213000300,8,5,3
213000303,8,23,-15
213000304,0,2,-2
213000305,1,12,-11
213000306,72,27,45
213000307,247,89,158
213000308,89,328,-239
213000309,219,75,144
213000310,198,89,109
213000311,333,777,-444
213000315,84,145,-61
213000316,82,61,21
213000322,92,214,-122
213000323,51,107,-56
213000324,25,63,-38
213000325,14,135,-121
213000326,26,16,10
213000327,10,95,-85
213000328,17,103,-86
213000329,36,62,-26
213000340,106,1193,-1087
213000341,240,82,158
213000346,251,119,132
213000347,947,143,804
213000348,25,249,-224
213000349,81,15,66
213000350,240,2091,-1851
213000366,49,406,-357
213000367,137,35,102
213000379,94,248,-154
213000386,5,304,-299
213000406,132,479,-347
213000417,892,388,504
213000425,107,78,29
213000426,71,104,-33
213000427,32,518,-486
213000428,42,339,-297
213000429,21,4,17
213000430,158,1375,-1217
213000431,64,3,61
213000432,0,13,-13
213000433,5,149,-144
213000434,72,108,-36
213000435,80,85,-5
213000436,10,104,-94
213000437,1,32,-31
213000438,98,95,3
213000439,25,11,14
213000440,7,227,-220
213000441,0,1,-1
213000442,1,36,-35
213000443,348,444,-96
213000444,26,87,-61
213000445,1,133,-132
213000446,1,12,-11
213000447,4,28,-24
213000448,0,92,-92
213000449,127,5,122
213000450,10,51,-41
213000451,193,107,86
213000452,11,17,-6
213000453,44,383,-339
213000455,278,1,277
213000456,0,200,-200
213000481,23,5,18
213000482,32,3,29
213000489,643,60,583
213000491,1,132,-131
213000492,185,3,182
213000493,1,52,-51
213000494,165,157,8
213000495,0,175,-175
213000496,249,239,10
213000497,28,456,-428
213000498,88,356,-268
213000499,96,943,-847
213000500,263,113,150
213000501,73,29,44
213000502,143,53,90
213000503,1,69,-68
213000504,17,250,-233
213000505,6,16,-10
213000506,0,16,-16
213000507,1,194,-193
213900244,12,0,12
213900245,0,38,-38
218000003,19,12,7
218000004,27,17,10
218000005,21,47,-26
218000006,70,17,53
218000007,5,5,0
218000012,210,92,118
218000013,59,116,-57
218000014,476,431,45
218000019,794,467,327
218000020,223,421,-198
218000021,28,123,-95
218000022,6,60,-54
218000023,2,52,-50
218000024,1,39,-38
218000025,6,46,-40
218000026,3,60,-57
218000027,0,31,-31
218000028,9,8,1
218000029,0,5,-5
218000030,5,29,-24
218000031,4,63,-59
218000032,2,36,-34
218000040,4,2,2
218000046,20,212,-192
218000047,7,191,-184
218000048,82,220,-138
218000049,235,205,30
218000050,415,332,83
218000051,71,357,-286
218000052,0,123,-123
218000053,8,12,-4
218000054,27,32,-5
218000055,16,26,-10
218000056,10,54,-44
218000057,0,43,-43
218000064,0,9,-9
218000065,42,52,-10
218000066,5,56,-51
218000067,21,118,-97
218000068,63,86,-23
218000069,99,217,-118
218000070,69,245,-176
218000071,118,186,-68
218000072,218,178,40
218000078,576,1468,-892
218000079,30,60,-30
218000080,50,80,-30
218000081,197,249,-52
218000082,18,121,-103
218000083,24,80,-56
218000084,59,227,-168
218000085,65,523,-458
218000086,26,188,-162
218000087,119,239,-120
218000090,9,81,-72
218000091,770,449,321
218000092,35,169,-134
218000093,57,98,-41
218000094,470,846,-376
218000099,277,458,-181
218000100,215,281,-66
218000101,151,156,-5
218000102,181,310,-129
218000103,71,199,-128
218000104,38,45,-7
218000105,19,11,8
218000106,15,8,7
218000107,31,107,-76
218000108,1,90,-89
218000112,47,4,43
218000117,30,24,6
218000134,490,823,-333
218000135,26,109,-83
218000136,145,43,102
218000137,77,149,-72
218000138,4,95,-91
218000139,100,311,-211
218000140,170,189,-19
218000141,47,53,-6
218000142,115,268,-153
218000143,56,261,-205
218000144,30,91,-61
218000145,197,361,-164
218000146,48,154,-106
218000151,3,17,-14
218000152,31,49,-18
218000153,1,0,1
218000154,2,0,2
218000155,4,3,1
218000156,33,17,16
218000157,10,4,6
218000158,3,5,-2
218000159,2,2,0
218000160,7,9,-2
218000161,9,7,2
218000162,14,6,8
218000163,5,4,1
218000164,25,17,8
218000165,40,22,18
218000170,1,16,-15
218000171,25,6,19
218000172,14,18,-4
218000173,49,22,27
218000174,10,6,4
218000176,70,12,58
218000177,209,87,122
218000178,67,89,-22
218000179,42,34,8
218000180,18,6,12
218000181,89,38,51
218000187,6,26,-20
218000188,29,32,-3
218000189,11,74,-63
218000190,17,26,-9
218000191,39,96,-57
218000192,107,567,-460
218000193,290,605,-315
218000194,56,535,-479
218000195,91,69,22
218000196,202,253,-51
218000197,138,336,-198
218000198,5,115,-110
218000199,29,18,11
218000200,62,37,25
218000201,5,10,-5
218000202,122,141,-19
218000207,6,71,-65
218000208,25,85,-60
218000211,28,6,22
218000212,5,9,-4
218000213,90,46,44
218000214,1,24,-23
218000215,36,89,-53
218000217,5,123,-118
218000218,229,65,164
218000219,51,13,38
218000220,94,339,-245
218000221,612,136,476
218000222,38,8,30
218000223,9,75,-66
218000224,1,76,-75
218000225,105,20,85
218000226,39,34,5
218000230,0,6,-6
218000232,35,83,-48
218000239,52,0,52
218000240,12,0,12
218000241,0,0,0
218000242,56,0,56
218000243,15,0,15
218000244,7,0,7
218000245,16,3,13
218000246,0,1,-1
218000247,0,0,0
218000248,0,30,-30
218000249,0,2,-2
218000250,3,73,-70
218000251,1,13,-12
218000252,5,18,-13
218000253,37,10,27
218000254,1,10,-9
218000255,1,4,-3
218000256,8,41,-33
218000267,941,1096,-155
218000268,8,66,-58
218000269,3,9,-6
218000270,36,95,-59
218000271,19,66,-47
218000273,13,12,1
218000274,7,11,-4
218000275,6,28,-22
218000276,4,56,-52
218000278,5,25,-20
218000279,32,67,-35
218000280,1,36,-35
218000281,13,15,-2
218000282,428,157,271
218000284,99,8,91
218000301,58,109,-51
218000302,39,68,-29
218000303,46,78,-32
218000316,559,943,-384
218000317,582,1033,-451
218000318,257,852,-595
218000319,646,1829,-1183
218000320,413,786,-373
218000338,27,25,2
218000345,96,48,48
218000346,48,131,-83
218000459,97,301,-204
218000490,21,65,-44
218000501,46,33,13
218000502,57,81,-24
218000503,54,13,41
218000504,134,8,126
218000505,32,165,-133
218000506,30,212,-182
218000508,1,4,-3
218000510,167,3,164
218000520,99,71,28
218000521,5,109,-104
218000522,0,175,-175
218000523,104,2,102
218000524,34,146,-112
218000525,111,16,95
218000526,53,80,-27
218000529,54,307,-253
218000530,1,3,-2
218000531,3,16,-13
218000532,4,47,-43
218000534,58,17,41
218000537,11,37,-26
218000538,75,138,-63
218000540,304,62,242
218000543,81,51,30
218000544,39,130,-91
218000545,37,50,-13
218000546,47,130,-83
218000547,60,89,-29
218000548,70,239,-169
218000549,293,152,141
218000550,253,656,-403
218000551,170,438,-268
218000552,618,23,595
218000553,35,72,-37
218000554,9,25,-16
218000555,10,46,-36
218000556,69,535,-466
218000557,186,155,31
218000558,34,0,34
218000559,0,26,-26
218000560,0,15,-15
218000561,18,0,18
218000562,24,208,-184
218000563,125,16,109
218000564,25,122,-97
218000565,127,22,105
218000566,462,39,423
218000567,4,64,-60
218000568,5,2,3
218000569,6,92,-86
218000570,229,5,224
218000571,0,104,-104
218000572,55,0,55
218000573,9,48,-39
218000574,117,47,70
218000575,95,0,95
218000576,0,60,-60
218000577,28,0,28
218000578,0,91,-91
218000579,23,1,22
218000581,5,105,-100
218000582,25,1,24
218000583,4,0,4
218000584,0,23,-23
218000585,10,0,10
218000586,3,25,-22
218000587,6,0,6
218000588,0,4,-4
218000589,0,1,-1
218000590,0,0,0
218000591,1,4,-3
218000592,10,0,10
218000593,1,0,1
218000594,0,0,0
218000597,0,0,0
218000598,0,0,0
218000599,0,0,0
218000600,0,0,0
218000601,0,0,0
218000602,0,0,0
218000603,0,12,-12
218000604,8,1,7
218000605,0,16,-16
218000606,14,0,14
218000607,18,43,-25
218000608,35,8,27
218000609,3,51,-48
218000610,23,1,22
218000611,14,7,7
218000612,0,26,-26
218000613,14,1,13
218000614,0,65,-65
218000615,79,2,77
218000616,1,126,-125
218000617,3,0,3
218000618,0,13,-13
218000619,4,22,-18
218000620,6,152,-146
218000621,0,1,-1
218000622,0,24,-24
218000623,5,2,3
218000624,1,41,-40
218000625,1,3,-2
218000626,0,4,-4
218000628,72,37,35
218000631,32,30,2
218000632,2,128,-126
218000633,27,0,27
218000634,31,20,11
218000635,43,10,33
218000636,533,1659,-1126
218000637,882,641,241
218000638,114,50,64
218000639,9,255,-246
218000640,96,28,68
218000641,47,448,-401
218000652,136,136,0
218000653,112,60,52
218000663,2,112,-110
218000675,36,70,-34
218000676,1,46,-45
218000677,2,16,-14
218000680,149,711,-562
218000681,203,101,102
218000691,81,458,-377
218000693,92,94,-2
218000703,20,114,-94
218000718,1029,434,595
218000719,1540,140,1400
218000720,3,36,-33
218000721,22,9,13
218000725,6,5,1
218001147,2,170,-168
218001214,30,7,23
218001258,47,1,46
218001329,88,130,-42
218001330,136,135,1
218001351,25,12,13
218001352,8,24,-16
218001353,10,10,0
218001354,2,23,-21
218001355,14,599,-585
218001356,132,0,132
218001357,16,305,-289
218001358,109,3,106
218001361,82,21,61
218001362,1,344,-343
219000001,12,67,-55
219000002,19,65,-46
219000003,23,23,0
219000004,42,32,10
219000017,90,19,71
219000020,68,21,47
219000022,52,5,47
219000023,50,0,50
219000029,1,91,-90
219000034,19,5,14
219000039,29,55,-26
219000040,28,12,16
219000041,72,28,44
219000051,0,65,-65
219000052,1,33,-32
219000053,3,322,-319
219000054,19,165,-146
219000055,67,2,65
219000056,10,0,10
219000057,36,0,36
219000062,9,333,-324
219000063,26,7,19
219000064,7,41,-34
219000110,223,26,197
219000111,95,23,72
219000112,146,29,117
219000113,76,25,51
219000114,226,32,194
219000116,76,38,38
219000117,147,83,64
219000118,65,45,20
219000123,206,69,137
219000124,41,54,-13
219000125,1,15,-14
219000126,54,126,-72
219000127,0,5,-5
219000128,13,81,-68
219000129,32,118,-86
219000130,914,982,-68
219000131,722,957,-235
219000133,33,30,3
219000134,4,16,-12
219000135,24,27,-3
219000136,131,119,12
219000138,56,28,28
219000139,29,46,-17
219000140,12,0,12
219000141,19,132,-113
219000142,23,84,-61
219000143,15,110,-95
219000145,34,33,1
219000146,3,96,-93
219000147,3,59,-56
219000148,2,72,-70
219000149,21,265,-244
219000150,2,176,-174
219000151,5,136,-131
219000157,82,125,-43
219000158,97,208,-111
219000161,125,5,120
219000163,1348,340,1008
219000166,46,166,-120
219000167,71,240,-169
219000168,247,52,195
219000174,307,114,193
219000175,33,3,30
219000176,30,5,25
219000177,7,5,2
219000178,17,3,14
219000179,8,3,5
219000180,46,38,8
219000182,71,9,62
219000183,38,45,-7
219000184,33,2,31
219000185,1,108,-107
219000186,20,58,-38
219000187,14,172,-158
219000189,180,132,48
219000190,106,221,-115
219000191,1586,979,607
219000192,116,108,8
219000193,621,140,481
219000195,0,59,-59
219000196,6,132,-126
219000198,29,153,-124
219000199,92,198,-106
219000200,28,200,-172
219000201,92,274,-182
219000203,29,159,-130
219000204,95,219,-124
219000205,45,237,-192
219000207,156,269,-113
219000209,15,108,-93
219000210,53,115,-62
219000213,5,343,-338
219000239,147,223,-76
219000240,204,377,-173
219000241,91,301,-210
219000242,33,275,-242
219000243,88,337,-249
219000244,17,114,-97
219000245,94,37,57
219000246,21,13,8
219000247,58,17,41
219000248,299,204,95
219000249,104,60,44
219000250,105,100,5
219000251,383,111,272
219000252,197,111,86
219000253,149,30,119
219000255,37,84,-47
219000256,88,71,17
219000257,38,1,37
219000262,45,270,-225
219000263,29,274,-245
219000267,1,191,-190
219000268,5,7,-2
219000269,1,0,1
219000270,4,0,4
219000271,68,1,67
219000278,0,18,-18
219000279,3,2,1
219000283,0,15,-15
219000295,2,135,-133
219000296,73,627,-554
219000297,8,128,-120
219000298,13,246,-233
219000299,402,59,343
219000300,18,317,-299
219000301,201,280,-79
219000302,30,219,-189
219000307,30,48,-18
219000308,36,25,11
219000311,125,43,82
219000312,343,40,303
219000313,158,22,136
219000314,107,596,-489
219000315,179,30,149
219000316,278,28,250
219000317,48,33,15
219000320,0,56,-56
219000321,0,30,-30
219000323,1,109,-108
219000325,1,50,-49
219000326,47,121,-74
219000327,66,31,35
219000328,38,48,-10
219000329,241,75,166
219000330,22,23,-1
219000331,24,36,-12
219000332,44,115,-71
219000333,5,4,1
219000335,68,3,65
219000337,9,0,9
219000338,31,2,29
219000344,20,60,-40
219000345,51,137,-86
219000346,21,176,-155
219000348,87,188,-101
219000349,19,339,-320
219000350,57,93,-36
219000351,8,0,8
219000352,218,42,176
219000353,58,35,23
219000354,95,117,-22
219000355,72,23,49
219000356,1733,547,1186
219000363,299,20,279
219000364,79,7,72
219000365,62,15,47
219000366,177,128,49
219000368,257,296,-39
219000370,909,164,745
219000371,4,11,-7
219000382,2,17,-15
219000383,707,685,22
219000385,607,409,198
219000386,1003,1264,-261
219000387,0,4,-4
219000390,5,0,5
219000391,2,1,1
219000397,72,103,-31
219000398,87,44,43
219000401,8,108,-100
219000402,19,101,-82
219000403,98,182,-84
219000404,21,113,-92
219000407,1,31,-30
219000409,26,38,-12
219000410,38,15,23
219000411,44,15,29
219000446,221,478,-257
219000447,2,26,-24
219000448,10,10,0
219000452,83,41,42
219000453,90,118,-28
219000454,244,163,81
219000556,101,70,31
219000558,167,350,-183
219000590,13,247,-234
219000591,13,61,-48
219000592,105,415,-310
219000595,0,23,-23
219000635,67,12,55
219000636,8,94,-86
219000657,23,14,9
219000658,31,47,-16
219000673,0,13,-13
219000676,15,10,5
219000679,15,14,1
219000684,56,4,52
219000685,2,110,-108
219000686,3,3,0
219000688,0,82,-82
219000689,46,219,-173
219000690,157,25,132
219000691,64,118,-54
219000692,148,31,117
219000693,0,31,-31
219000694,2,0,2
219000695,8,11,-3
219000698,12,0,12
219000699,0,17,-17
219000727,5,233,-228
219000728,19,2,17
219000770,21,0,21
219000771,1,58,-57
219000788,260,219,41
219001150,0,12,-12
219001151,0,4,-4
219001166,17,11,6
219001167,1,56,-55
219001178,23,6,17
220000001,27,46,-19
220000002,14,198,-184
220000003,382,288,94
220000004,609,661,-52
220000005,1400,1812,-412
220000006,131,855,-724
220000007,250,695,-445
220000008,277,1146,-869
220000009,142,621,-479
220000010,164,130,34
220000011,644,2377,-1733
220000012,171,285,-114
220000014,48,50,-2
220000015,28,198,-170
220000017,49,422,-373
220000018,6041,1426,4615
220000019,62,220,-158
220000020,214,276,-62
220000021,474,197,277
220000022,310,546,-236
220000023,104,171,-67
220000024,1518,270,1248
220000025,666,529,137
220000026,157,165,-8
220000027,12,86,-74
220000028,22,42,-20
220000029,65,182,-117
220000030,164,76,88
220000031,160,290,-130
220000064,21,1045,-1024
221000046,7,1,6
221000047,0,1,-1
221000048,0,0,0
221000049,0,7,-7
221000050,16,0,16
221000055,44,36,8
221000057,35,2,33
221000068,328,87,241
221000069,213,43,170
221000070,109,15,94
221000071,61,5,56
221000072,148,14,134
221000073,144,25,119
221000074,1,14,-13
221000075,17,11,6
221000076,3,46,-43
221000077,16,60,-44
221000081,33,9,24
221000082,26,2,24
221000083,36,4,32
221000084,2,4,-2
221000085,17,87,-70
221000086,11,122,-111
221000087,7,153,-146
221000088,16,216,-200
221000089,46,290,-244
221000090,113,510,-397
221000098,88,14,74
221000099,81,9,72
221000100,36,5,31
221000101,163,10,153
221000102,77,16,61
221000109,6,88,-82
221000110,10,126,-116
221000111,24,173,-149
221000112,4,126,-122
221000113,19,185,-166
221000114,13,160,-147
221000120,35,26,9
221000121,6,19,-13
221000122,17,14,3
221000123,7,42,-35
221000124,23,275,-252
221000155,41,8,33
221000156,22,28,-6
221000175,0,4,-4
221000176,1,3,-2
221000182,24,10,14
221000241,631,199,432
221000242,197,353,-156
221000243,363,99,264
221000244,158,491,-333
221000245,45,100,-55
221000246,13,251,-238
221000247,62,131,-69
221000248,66,187,-121
221000267,45,800,-755
221000325,76,70,6
221000331,2,95,-93
221000338,7,11,-4
221000378,91,20,71
221000381,92,135,-43
222000282,5,0,5
222000296,0,27,-27
222000568,204,19,185
222000569,100,24,76
222000570,91,3,88
222000571,102,20,82
222000577,1,284,-283
222000578,13,226,-213
222000579,23,172,-149
222000580,99,906,-807
222000599,2,150,-148
222000600,5,304,-299
222000601,18,945,-927
222000603,17,13,4
222000604,14,35,-21
222000605,28,18,10
222000606,0,9,-9
222000607,5,2,3
222000608,11,12,-1
222000609,39,463,-424
222000616,84,42,42
222000617,5,15,-10
222000618,3,4,-1
222000620,71,16,55
222000621,49,1,48
222000623,405,5,400
222000624,179,2,177
222000625,267,33,234
222000636,28,0,28
222000686,11,9,2
222000687,19,38,-19
222001066,236,0,236
222001067,5,6,-1
222001068,23,47,-24
222001069,22,47,-25
222001082,8,74,-66
222001083,10,81,-71
222001084,0,66,-66
222001085,0,88,-88
222001111,27,307,-280
222001112,11,54,-43
222001313,14,2,12
222001314,2,90,-88
222001464,121,40,81
222001465,53,183,-130
222001484,59,46,13
222001485,16,99,-83
222001494,215,125,90
222001495,109,602,-493
222001496,129,86,43
222001497,67,801,-734
222001502,22,133,-111
222001503,62,33,29
222001504,20,338,-318
222001505,227,10,217
222001506,41,301,-260
222001507,193,31,162
222001510,165,22,143
222001511,29,539,-510
222001514,391,104,287
222001515,246,831,-585
222001518,83,53,30
222001519,47,479,-432
222001527,139,61,78
222001528,102,242,-140
222001529,84,25,59
222001530,42,319,-277
222001533,86,504,-418
222001534,121,43,78
222001535,69,153,-84
222001536,102,503,-401
222001537,263,20,243
222001538,64,663,-599
222001563,236,65,171
222001564,65,950,-885
222001568,137,100,37
222001576,1,2,-1
222001579,0,7,-7
222001583,11,293,-282
222001584,71,7,64
222001596,525,1662,-1137
222001597,794,200,594
222001626,1,196,-195
222001650,33,75,-42
222001651,60,169,-109
222001914,197,67,130
222001915,109,247,-138
222001968,390,158,232
222001969,450,1148,-698
222001970,104,314,-210
222001971,6,32,-26
222001972,0,24,-24
225000001,295,72,223
225000002,269,101,168
225000003,232,49,183
225000004,188,136,52
225000005,19,28,-9
225000006,0,115,-115
225000007,3554,1191,2363
225000010,91,10,81
225000011,563,622,-59
225000012,96,427,-331
225000013,63,124,-61
225000014,668,47,621
225000015,68,221,-153
225000021,469,149,320
225000027,263,562,-299
225000032,464,103,361
225000042,47,754,-707
225000049,13,44,-31
225000050,39,4,35
225000053,10,225,-215
225000058,441,134,307
225000067,143,229,-86
225000068,67,619,-552
225000069,163,608,-445
225000070,57,513,-456
225000071,16,333,-317
225000075,25,828,-803
225000076,74,131,-57
225000078,48,21,27
225000085,22,95,-73
225000086,117,33,84
225000087,107,24,83
225000088,8,142,-134
225000089,332,682,-350
225000090,24,382,-358
225000091,108,283,-175
225000092,32,82,-50
225000093,115,438,-323
225000094,9,549,-540
225000095,326,704,-378
225000096,198,482,-284
225000098,406,102,304
225000099,139,106,33
225000100,110,91,19
225000104,75,467,-392
225000110,7,488,-481
225000111,161,1305,-1144
225000112,248,1040,-792
225000113,150,637,-487
225000114,30,307,-277
225000115,2924,538,2386
225000116,915,93,822
225000117,704,255,449
225000118,637,299,338
225000119,118,43,75
225000120,357,43,314
225000121,214,21,193
225000123,716,7,709
225000125,231,314,-83
225000126,973,142,831
225000127,925,507,418
225000128,358,415,-57
225000132,217,33,184
225000133,163,24,139
225000134,436,82,354
225000135,15,5,10
225000136,114,8,106
225000137,87,30,57
225000138,203,27,176
225000143,65,159,-94
225000144,2,303,-301
225000145,27,28,-1
225000146,21,110,-89
225000147,9,322,-313
225000148,16,278,-262
225000149,75,499,-424
225000151,29,243,-214
225000155,255,406,-151
225000156,148,766,-618
225000157,185,363,-178
225000158,72,372,-300
225000171,2,224,-222
225000180,13,1,12
225000181,1,49,-48
225000182,43,2,41
225000185,7,332,-325
225000187,43,385,-342
225000191,52,2,50
225000194,0,14,-14
225000208,1,42,-41
225000209,43,19,24
225000210,3,159,-156
225000217,0,12,-12
225000218,11,1,10
225000223,0,39,-39
225000224,227,1,226
225000225,2,4,-2
225000226,28,0,28
225000227,30,53,-23
225000228,8,1,7
225000229,0,56,-56
225000230,2,0,2
225000231,0,68,-68
225000232,36,0,36
225000241,48,0,48
225000242,0,57,-57
225000249,3,0,3
225000250,36,909,-873
225000251,335,24,311
225000254,3,1,2
225000256,0,22,-22
225000257,0,6,-6
226000042,345,432,-87
226000043,71,254,-183
226000044,163,726,-563
226000045,80,421,-341
226000046,313,45,268
226000047,312,65,247
226000048,248,33,215
226000049,202,81,121
226000070,0,58,-58
226000071,0,90,-90
226000072,0,17,-17
226000073,0,18,-18
226000074,0,11,-11
226000084,0,64,-64
226000085,0,3,-3
226000086,9,11,-2
226000087,1,8,-7
226000088,43,16,27
226000090,111,13,98
226000091,31,9,22
226000092,0,1,-1
226000093,52,2,50
226000094,24,3,21
226000095,26,2,24
226000105,10,0,10
226000106,1,1,0
226000107,10,0,10
226000108,24,0,24
226000109,42,0,42
226000124,115,77,38
226000134,303,360,-57
226000135,543,488,55
226000136,194,338,-144
226000137,13,463,-450
226000138,5,265,-260
226000139,0,9,-9
226000156,53,0,53
226000157,58,8,50
226000163,31,36,-5
226000202,7,444,-437
226000231,138,6,132
226000232,17,1,16
227000033,254,41,213
227000036,135,21,114
227000037,111,18,93
227000038,82,31,51
227000084,0,61,-61
227000085,0,47,-47
227000088,30,3,27
227000089,100,1,99
227000090,41,1,40
227000091,5,0,5
227000092,18,0,18
227000093,42,0,42
227000094,2,0,2
227000130,18,72,-54
227000131,12,390,-378
227000132,10,357,-347
227000133,16,329,-313
227000134,17,577,-560
227000152,0,2,-2
227000153,0,44,-44
227000154,1,32,-31
227000155,0,26,-26
227000156,0,28,-28
227000165,0,27,-27
227000196,139,418,-279
227000199,79,658,-579
227000230,34,604,-570
227000232,132,19,113
227000242,58,580,-522
227000243,307,60,247
227000245,17,447,-430
227000246,91,584,-493
227000247,208,56,152
227000248,52,41,11
227000249,16,215,-199
227000250,261,83,178
227000251,169,312,-143
227000252,9,477,-468
227000253,62,13,49
227000262,183,22,161
227000266,423,13,410
227000267,33,2530,-2497
227000282,5,231,-226
227000284,165,11,154
227000286,1,119,-118
227000287,2,210,-208
227000291,15,737,-722
227000296,284,302,-18
227000484,233,22,211
227000485,21,816,-795
227000655,51,32,19
227000656,479,28,451
227000657,24,17,7
227000661,143,6,137
227000680,87,26,61
229000265,8,28,-20
229000296,1,8,-7
229000297,4,60,-56
229000298,8,176,-168
229000320,10,4,6
229000321,15,2,13
229000412,14,44,-30
229000414,5,54,-49
229000415,14,1,13
229000416,2,2,0
229000417,0,7,-7
229000419,57,272,-215
229000440,219,65,154
229000442,12,1,11
229000443,0,1,-1
229000444,0,28,-28
229000445,21,18,3
229000446,31,11,20
229000491,1,43,-42
229000492,7,276,-269
229000493,1,143,-142
229000494,15,4,11
229000495,69,8,61
229000496,18,1,17
229000507,0,32,-32
229000508,0,34,-34
229000509,0,56,-56
229000510,1,30,-29
229000511,2,68,-66
229000512,0,36,-36
229000513,0,7,-7
229000514,0,8,-8
229000517,1,8,-7
229000518,5,37,-32
229000519,0,22,-22
229000520,8,40,-32
229000521,13,14,-1
229000522,2,12,-10
229000523,4,7,-3
229000524,4,5,-1
229000527,1,0,1
229000528,0,0,0
229000529,3,0,3
229000530,28,1,27
229000531,24,1,23
229000532,21,1,20
229000533,55,0,55
229000534,46,1,45
229000564,36,0,36
229000565,6,0,6
229000566,0,18,-18
229000567,0,53,-53
229000582,53,1,52
229000583,4,1,3
229000584,0,55,-55
229000585,2,35,-33
229000718,0,3,-3
229000719,0,2,-2
229000720,0,11,-11
229000721,0,10,-10
229000722,0,40,-40
229000723,0,20,-20
229000724,0,2,-2
229000725,0,3,-3
229000738,1,0,1
229000739,0,0,0
229000740,0,0,0
229000741,8,0,8
229000742,2,0,2
229000743,3,0,3
229000744,2,0,2
229000745,1,0,1
229000746,15,0,15
229000847,15,0,15
229000848,5,0,5
229000849,70,0,70
229000851,13,0,13
229000854,2,54,-52
229000856,4,165,-161
229000857,0,38,-38
229000858,0,99,-99
229000919,15,64,-49
229000930,1,135,-134
229000937,60,18,42
229000966,29,26,3
229000981,17,54,-37
229000985,6,34,-28
229000986,0,19,-19
229000987,0,2,-2
229000988,0,14,-14
229000989,3,14,-11
229000990,0,1,-1
229000991,0,0,0
229000992,2,2,0
229000993,124,11,113
229000998,13,46,-33
229000999,44,13,31
229001034,1,15,-14
229001035,4,1,3
229001037,42,15,27
229001042,3,9,-6
229001047,0,58,-58
229001050,23,39,-16
229001168,0,5,-5
229001200,11,1,10
229001338,26,30,-4
229001394,235,0,235
229001422,48,31,17
229001423,26,110,-84
229001431,23,37,-14
229001432,21,37,-16
229001444,115,31,84
229001445,22,175,-153
229001479,7,7,0
229001503,106,73,33
229001504,42,145,-103
229001505,34,41,-7
229001506,27,135,-108
229001509,16,28,-12
229001545,70,4,66
229001546,8,74,-66
229001553,31,22,9
229001554,23,96,-73
229001559,5,7,-2
229001560,3,20,-17
229001630,39,4,35
229001631,3,25,-22
229001635,0,6,-6
229001636,0,2,-2
229001658,0,73,-73
229001659,58,2,56
229001660,3,6,-3
229001661,1,29,-28
229001662,4,0,4
229001663,0,11,-11
229002584,111,131,-20
229002831,175,119,56
229002841,0,14,-14
229002842,8,15,-7
229002843,13,17,-4
229002844,24,75,-51
229002845,1,63,-62
229002846,17,11,6
229002847,1,6,-5
229002848,5,4,1
229002849,2,87,-85
229002850,2,0,2
229002851,22,112,-90
229002852,47,13,34
229002853,39,15,24
229002854,23,37,-14
229002855,5,41,-36
229002856,12,6,6
229002857,2,63,-61
229002858,5,4,1
229002859,21,49,-28
229002860,20,20,0
229002861,16,30,-14
229002862,13,38,-25
229002863,10,47,-37
229002864,4,22,-18
229002865,22,10,12
229002866,32,17,15
229002867,2,29,-27
229002868,5,4,1
229002869,4,156,-152
229002870,11,3,8
235000066,241,87,154
235000067,126,120,6
235000072,47,32,15
235000073,48,164,-116
235000074,8,95,-87
235000080,7,108,-101
235000081,44,162,-118
235000082,37,43,-6
235000083,51,86,-35
235000084,7,47,-40
235000085,42,45,-3
235000089,13,22,-9
235000092,3,130,-127
235000093,6,10,-4
235000097,2,1,1
235000098,20,5,15
235000099,9,23,-14
235000116,39,29,10
235000117,760,10,750
235000133,3,169,-166
235000134,9,77,-68
235000206,2,2,0
235000207,1,10,-9
235000208,3,0,3
235000209,2,1,1
235000210,4,2,2
235000212,3,16,-13
235000213,2,4,-2
235000220,0,2,-2
235000221,23,9,14
235000238,17,16,1
235000239,0,3,-3
235000242,212,233,-21
235000245,927,166,761
235000246,5,70,-65
235000284,2,116,-114
235000295,108,1,107
235000305,78,6,72
235000306,36,3,33
235000307,14,1,13
235000308,8,2,6
235000309,27,0,27
235000310,16,0,16
235000311,27,13,14
235000322,0,36,-36
235000323,0,73,-73
235000324,3,31,-28
235000325,1,19,-18
235000326,6,377,-371
235000351,17,64,-47
235000352,18,190,-172
235000353,3,59,-56
235000354,1,118,-117
235000355,7,102,-95
235000356,34,9,25
235000357,41,20,21
235000358,7,23,-16
235000359,5,2,3
235000360,58,14,44
235000361,26,7,19
235000381,42,268,-226
235000382,63,44,19
235000390,13,6,7
235000391,63,16,47
235000392,41,126,-85
235000393,54,31,23
235000395,54,10,44
235000396,179,46,133
235000400,54,16,38
235000401,25,137,-112
235000405,76,316,-240
235000406,21,266,-245
235000407,43,114,-71
235000409,144,134,10
235000410,24,196,-172
235000411,0,76,-76
235000485,0,1,-1
235000486,0,0,0
235000549,36,72,-36
235000550,54,216,-162
235000599,53,64,-11
235000600,1,1,0
235000601,23,39,-16
235000602,43,153,-110
235000614,1,5,-4
235000648,0,20,-20
235000649,17,2,15
235000685,0,3,-3
235000815,0,19,-19
235000834,0,6,-6
235000855,7,25,-18
235000862,11,180,-169
235000891,0,9,-9
235000892,15,4,11
235000901,36,79,-43
235000907,1,15,-14
235001010,30,98,-68
235001029,575,347,228
235001030,310,141,169
235001078,61,55,6
235001079,33,139,-106
235001147,1,33,-32
235001166,5,93,-88
235001167,14,53,-39
235001169,45,301,-256
235001188,0,2,-2
235001189,0,2,-2
235001197,11,19,-8
235001200,27,28,-1
235001207,111,14,97
235001210,25,112,-87
235001215,35,131,-96
235001239,3,31,-28
235001244,0,4,-4
235016267,0,44,-44
277101746,0,1,-1
277102712,3,0,3
277103813,0,0,0
277103814,0,0,0
277103898,0,0,0
277104249,0,3,-3
277104250,0,9,-9
277104251,0,15,-15
277104252,0,5,-5
990011530,0,283,-283
990014944,4,564,-560
990015176,22,1,21
990015618,0,77,-77
990016032,2,409,-407
990032570,2,59,-57
990070001,35,1,34
990070103,0,2,-2
990070601,1,53,-52
990070751,269,65,204
990070766,2,882,-880
990071180,376,173,203
990071343,4,0,4
990071387,0,9,-9
990071823,217,2,215
990072600,3,698,-695
990072964,2,552,-550
990073285,0,1,-1
990074393,2,1383,-1381
990074870,473,15,458
990075106,348,0,348
990075746,147,5,142
990076437,415,5,410
990076458,10,1559,-1549
997000007,94,7,87
997000041,1,120,-119
997000058,42,0,42
997000062,14,0,14
997000069,0,4,-4
997000070,0,61,-61
997000100,10,1,9
997000141,10,1716,-1706
997000198,496,799,-303
998000475,0,24,-24
998000736,3,352,-349
998000965,0,6,-6
998001031,1,54,-53
998001700,0,30,-30
998001899,0,2,-2
998001900,25,19,6
998003073,594,3,591
998101900,0,0,0
998102850,1,88,-87
998501927,298,329,-31
998501929,98,35,63
998501930,79,0,79
998501931,39,0,39
998501932,10,9,1
998501933,27,2,25
998501937,3,1,2
998501944,2,0,2
998501950,0,35,-35
998501970,45,7,38
998501971,1,79,-78
998501973,0,76,-76
998501974,0,284,-284
998501975,95,2,93
998501976,65,0,65
998501977,0,93,-93
998501978,33,0,33
998501979,0,8,-8
998501980,104,3,101
998501981,22,9,13
998501982,1,103,-102
998501983,0,17,-17
998502006,0,0,0
998502024,1,7,-6
998502032,0,2,-2
998502062,28,2,26
998502063,0,0,0
998502173,21,0,21
998502269,0,2,-2
998502546,2,190,-188
998502578,0,0,0
998601159,0,302,-302
998601292,0,10,-10
999033574,3,822,-819
999800001,17,1,16
999800002,0,1,-1
999800003,5,3,2
999800004,0,6,-6
999800005,0,8,-8
