ID,insum,outsum,diff
100000001,88,75,13
100000002,1524,2334,-810
100000003,1008,2105,-1097
100000004,111,671,-560
100000005,848,1384,-536
100000006,3,28,-25
100000007,84,85,-1
100000008,0,0,0
100000009,0,33,-33
100000010,0,20,-20
100000011,5,10,-5
100000012,0,0,0
100000013,0,0,0
100000014,0,0,0
100000015,128,210,-82
100000016,0,0,0
100000017,0,0,0
100000018,138,76,62
100000019,153,264,-111
100000020,49,259,-210
100000021,4,1,3
100000022,73,111,-38
100000023,31,0,31
100000025,0,18,-18
100000028,9,10,-1
100000029,0,0,0
100000030,0,0,0
100000031,108,494,-386
100000032,124,153,-29
100000033,159,118,41
100000034,0,0,0
100000035,13,69,-56
100000036,41,90,-49
100000037,13,43,-30
100000038,258,48,210
100000039,102,7,95
100000040,0,17,-17
100000041,60,47,13
100000042,75,66,9
100000043,34,38,-4
100000044,0,0,0
100000045,0,0,0
100000046,0,0,0
100000047,0,0,0
100000048,0,0,0
100000049,0,0,0
100000051,0,0,0
100000053,0,0,0
100000054,10,15,-5
100000055,0,0,0
100000056,13,35,-22
100000057,151,58,93
100000058,0,0,0
100000059,1,0,1
100000060,88,22,66
100000061,21,19,2
100000062,53,66,-13
100000063,106,50,56
100000064,141,8,133
100000065,21,1,20
100000066,4,3,1
100000067,3,10,-7
100000068,26,17,9
100000069,9,9,0
100000072,0,0,0
100000073,0,0,0
100000075,0,0,0
100000076,210,919,-709
100000077,41,34,7
100000078,15,240,-225
100000079,5,130,-125
100000080,0,45,-45
100000081,1,28,-27
100000102,330,1330,-1000
100000103,107,146,-39
100000104,89,133,-44
100000105,0,0,0
100000106,96,1347,-1251
100000107,8,419,-411
100000108,1,16,-15
100000109,83,14,69
100000116,53,75,-22
100000117,0,82,-82
100000118,371,57,314
100000119,179,31,148
100000121,24,28,-4
100000122,103,118,-15
100000123,259,72,187
100000124,119,130,-11
100000125,26,67,-41
100000126,4,13,-9
100000127,9,17,-8
100000128,0,8,-8
100000129,6,5,1
100000130,0,0,0
100000131,2,1,1
100000132,16,235,-219
100000133,182,97,85
100000135,88,122,-34
100000139,52,89,-37
100000140,0,0,0
100000142,98,35,63
100000143,0,0,0
100000144,0,0,0
100000147,250,1067,-817
100000150,8,20,-12
100000151,83,465,-382
100000153,0,0,0
100000154,0,0,0
100000155,0,41,-41
100000156,15,100,-85
100000157,286,92,194
100000158,55,71,-16
100000159,4,54,-50
100000165,80,14,66
100000169,0,0,0
100000174,0,0,0
100000179,4,10,-6
100000180,0,0,0
100000181,3,1,2
100000188,0,0,0
100000189,129,40,89
100000190,71,266,-195
100000191,3,205,-202
100000192,5,266,-261
100000193,54,37,17
100000330,0,0,0
100000355,7,2,5
100000362,181,78,103
100000363,1707,2639,-932
100000364,0,0,0
100000365,2936,1190,1746
100000366,375,307,68
100000367,2327,1789,538
100000368,89,36,53
100000369,89,795,-706
100000370,0,17,-17
100000376,0,0,0
100000379,90,608,-518
100000380,886,1635,-749
100000384,1242,2405,-1163
100000385,160,709,-549
100000386,435,1132,-697
100000387,273,1301,-1028
100000388,1331,960,371
100000389,1116,2167,-1051
100000390,660,260,400
100000391,588,2139,-1551
100000392,100,173,-73
100000393,112,848,-736
100000394,78,286,-208
100000395,104,225,-121
100000396,264,310,-46
100000397,314,693,-379
100000398,2197,889,1308
100000413,0,0,0
100900002,0,0,0
100900003,0,0,0
100900004,0,0,0
100900005,0,0,0
100900006,0,0,0
100900007,0,0,0
100900008,0,0,0
100900009,0,0,0
100900010,0,0,0
100900011,0,0,0
100900012,0,0,0
100900013,0,0,0
100900014,0,0,0
100900015,0,0,0
100900016,0,0,0
100900017,0,0,0
100900018,0,0,0
100900019,0,0,0
100900020,0,0,0
100900021,0,0,0
100900022,0,0,0
100900023,0,0,0
100900024,0,0,0
100900025,0,0,0
100900026,0,0,0
100900027,0,0,0
100900028,0,0,0
100900029,0,0,0
100900030,0,0,0
100900031,0,0,0
100900032,0,0,0
100900033,0,0,0
100900034,0,0,0
100900035,0,0,0
100900036,0,0,0
100900037,0,0,0
100900038,0,0,0
100900039,0,0,0
100900040,0,0,0
100900041,0,0,0
100900042,7,16,-9
100900043,0,0,0
100900044,0,0,0
100900045,0,0,0
100900046,0,0,0
100900047,0,0,0
100900048,0,0,0
100900049,0,0,0
100900050,0,0,0
100900051,0,0,0
100900052,0,0,0
100900053,0,0,0
100900054,0,0,0
100900055,0,0,0
100900056,0,0,0
100900057,0,0,0
100900058,0,0,0
100900059,0,0,0
100900060,0,0,0
100900061,0,0,0
100900062,0,0,0
100900063,0,0,0
100900064,0,0,0
100900065,0,0,0
100900066,0,0,0
100900067,0,0,0
100900068,0,0,0
100900069,0,0,0
100900070,0,0,0
100900071,0,0,0
100900072,0,0,0
100900073,0,0,0
100900074,0,0,0
100900075,0,0,0
100900076,0,0,0
100900077,0,0,0
100900078,0,0,0
100900079,0,0,0
100900080,0,0,0
100900081,0,0,0
100900082,0,0,0
100900083,0,0,0
100900085,0,0,0
100900086,0,0,0
100900088,0,0,0
100900089,0,0,0
100900090,0,0,0
100900091,0,0,0
100900092,0,0,0
100900093,0,0,0
100900094,0,0,0
100900095,0,0,0
100900096,0,0,0
100900097,0,0,0
100900098,0,0,0
100900099,0,0,0
100900100,0,0,0
100900101,0,0,0
100900102,0,0,0
100900103,0,0,0
100900104,0,0,0
100900105,0,0,0
100900106,0,0,0
100900107,0,0,0
100900108,0,0,0
100900109,0,0,0
100900110,0,0,0
100900111,0,0,0
100900112,0,0,0
100900113,0,0,0
100900114,0,0,0
100900115,0,0,0
100900116,0,0,0
100900117,0,0,0
100900118,0,0,0
100900119,0,0,0
100900120,0,0,0
100900121,0,0,0
100900122,0,0,0
100900123,0,0,0
100900124,0,0,0
100900125,0,0,0
100900126,0,0,0
100900127,0,0,0
100900128,0,0,0
100900129,0,0,0
100900131,0,0,0
100900133,0,0,0
100900134,0,0,0
100900135,0,0,0
100900137,0,0,0
100900138,0,0,0
100900139,0,0,0
100900140,0,0,0
100900141,0,0,0
100900142,0,0,0
100900143,0,0,0
100900144,0,0,0
100900145,0,0,0
100900146,0,0,0
100900147,0,0,0
100900148,0,0,0
100900149,0,0,0
100900150,0,0,0
100900151,0,0,0
100900152,0,0,0
100900153,0,0,0
100900154,0,0,0
100900155,0,0,0
100900156,0,0,0
100900157,0,0,0
100900159,0,0,0
100900160,0,0,0
100900161,0,0,0
100900162,0,0,0
100900163,0,0,0
100900164,0,0,0
100900165,0,0,0
100900166,0,0,0
100900167,0,0,0
100900168,0,0,0
100900169,0,0,0
100900170,0,0,0
100900171,0,0,0
100900172,0,0,0
100900173,0,0,0
100900174,0,0,0
100900176,0,0,0
100900177,0,0,0
100900178,0,0,0
100900179,0,0,0
100900180,0,0,0
100900181,0,0,0
100900182,0,0,0
100900184,0,0,0
100900186,0,0,0
100900187,0,0,0
100900188,0,0,0
100900189,0,0,0
100900191,0,0,0
100900192,0,0,0
100900195,0,0,0
100900197,0,0,0
100900198,0,0,0
100900199,0,0,0
100900200,0,0,0
100900201,0,0,0
100900202,0,0,0
100900203,0,0,0
100900204,0,0,0
100900205,0,0,0
100900206,0,0,0
100900207,0,0,0
100900210,0,0,0
100900211,0,0,0
100900213,0,0,0
100900214,0,0,0
100900215,0,0,0
100900217,0,0,0
101000001,132,314,-182
101000002,44,106,-62
101000003,0,60,-60
101000004,1127,1195,-68
101000005,738,1290,-552
101000006,355,73,282
101000007,36,331,-295
101000008,190,626,-436
101000009,174,44,130
101000010,55,31,24
101000011,26,60,-34
101000012,0,0,0
101000013,18,136,-118
101000014,49,141,-92
101000015,17,12,5
101000016,0,0,0
101000017,0,0,0
101000018,90,14,76
101000020,100,33,67
101000021,19,128,-109
101000022,0,0,0
101000023,49,198,-149
101000025,0,0,0
101000026,0,0,0
101000027,104,203,-99
101000028,0,0,0
101000029,0,0,0
101000030,0,0,0
101000031,0,5,-5
101000032,604,955,-351
101000033,5,7,-2
101000034,70,114,-44
101000035,0,0,0
101000036,8,38,-30
101000037,61,320,-259
101000039,0,0,0
101000040,63,109,-46
101000041,886,1837,-951
101000042,17,207,-190
101000043,36,179,-143
101000045,41,198,-157
101000046,285,405,-120
101000047,325,245,80
101000048,67,113,-46
101000049,0,8,-8
101000050,57,193,-136
101000051,77,551,-474
101000052,135,633,-498
101000053,178,156,22
101000054,155,41,114
101000055,357,578,-221
101000056,0,0,0
101000057,47,0,47
101000058,41,333,-292
101000059,220,1301,-1081
101000060,31,2,29
101000061,67,1222,-1155
101000062,20,0,20
101000063,56,679,-623
101000064,33,2,31
101000065,89,265,-176
101000066,101,267,-166
101000067,29,4,25
101000068,55,4,51
101000069,73,1,72
101000070,160,15,145
101000071,76,49,27
101000072,564,377,187
101000073,142,96,46
101000074,1078,420,658
101000075,1156,285,871
101000077,364,39,325
101000078,199,58,141
101000079,360,202,158
101000080,66,2,64
101000081,251,69,182
101000082,41,33,8
101000083,366,139,227
101000084,27,6,21
101000085,486,289,197
101000086,0,0,0
101000087,0,0,0
101000088,383,222,161
101000089,151,121,30
101000090,0,0,0
101000091,37,2,35
101000092,229,56,173
101000093,177,60,117
101000094,10,51,-41
101000095,0,10,-10
101000096,123,40,83
101000097,11,7,4
101000098,0,7,-7
101000099,30,111,-81
101000100,3,4,-1
101000101,81,40,41
101000102,14,101,-87
101000103,76,65,11
101000104,34,168,-134
101000105,3,40,-37
101000106,0,0,0
101000107,0,0,0
101000108,0,0,0
101000109,0,0,0
101000110,0,0,0
101000111,0,0,0
101000113,0,0,0
101000114,235,114,121
101000115,0,0,0
101000116,0,0,0
101000117,0,0,0
101000119,0,0,0
101000120,0,0,0
101000121,0,0,0
101000122,0,0,0
101000123,0,0,0
101000124,0,0,0
101000125,1,3,-2
101000128,0,0,0
101000130,23,11,12
101000131,97,20,77
101000132,3,10,-7
101000135,0,0,0
101000136,0,0,0
101000137,0,0,0
101000141,188,1908,-1720
101000147,6,4,2
101000148,0,0,0
101000149,0,0,0
101000150,0,0,0
101000151,0,0,0
101000152,12,3,9
101000153,27,15,12
101000154,31,6,25
101000155,0,0,0
101000156,0,0,0
101000157,0,0,0
101000160,0,0,0
101000163,33,150,-117
101000164,1,1,0
101000165,78,65,13
101000166,33,20,13
101000168,0,0,0
101000252,296,94,202
101000254,0,0,0
101000258,0,0,0
101000261,0,0,0
101000262,287,2230,-1943
101000263,77,270,-193
101000265,0,0,0
101000266,0,0,0
101000269,0,0,0
101000290,97,74,23
101000293,0,0,0
101000294,11,12,-1
101000295,4,24,-20
101000301,3,4,-1
101000304,183,559,-376
101000305,249,345,-96
101000328,23,176,-153
101900001,0,0,0
101900002,0,0,0
101900003,0,0,0
101900004,0,0,0
101900005,0,0,0
101900006,0,0,0
101900007,0,0,0
101900008,0,0,0
101900009,0,0,0
101900010,0,0,0
101900011,0,0,0
101900012,0,0,0
101900013,0,0,0
101900017,0,0,0
101900018,0,0,0
101900019,0,0,0
101900020,0,0,0
101900021,0,0,0
101900022,0,0,0
101900023,0,0,0
101900026,0,0,0
101900027,0,0,0
102000001,265,436,-171
102000002,57,83,-26
102000003,81,283,-202
102000004,112,318,-206
102000005,46,381,-335
102000006,22,263,-241
102000007,41,389,-348
102000008,346,240,106
102000009,406,587,-181
102000010,285,328,-43
102000011,241,548,-307
102000012,376,431,-55
102000018,100,141,-41
102000019,0,0,0
102000026,0,0,0
102000029,0,0,0
102000030,0,0,0
102000031,0,1,-1
102000032,0,0,0
102000033,0,1,-1
102000034,0,0,0
102000035,0,0,0
102000036,0,0,0
102000037,0,0,0
102000038,0,0,0
102000039,0,0,0
102000040,0,0,0
102000041,0,0,0
102000042,0,0,0
102000043,0,0,0
102000044,0,0,0
102000045,125,66,59
102000046,0,0,0
102000047,21,93,-72
102000048,0,0,0
102000049,0,0,0
102000050,103,57,46
102000051,0,0,0
102000052,148,93,55
102000053,0,0,0
102000054,69,14,55
102000055,69,1,68
102000056,330,42,288
102000057,22,90,-68
102000058,46,4,42
102000059,20,32,-12
102000060,504,309,195
102000061,3,9,-6
102000062,163,149,14
102000063,6,10,-4
102000064,9,33,-24
102000065,2,2,0
102000066,50,16,34
102000067,29,168,-139
102000068,306,271,35
102000069,0,0,0
102000070,0,0,0
102000071,666,509,157
102000072,356,395,-39
102000073,0,0,0
102000074,0,0,0
102000075,0,0,0
102000076,0,0,0
102000077,4,0,4
102000078,0,0,0
102000079,2,0,2
102000080,0,0,0
102000081,22,1,21
102000082,0,0,0
102000083,0,2,-2
102000084,151,34,117
102000085,4,0,4
102000086,134,68,66
102000087,3,8,-5
102000088,13,25,-12
102000089,140,64,76
102000090,68,156,-88
102000091,179,147,32
102000092,60,103,-43
102000093,114,107,7
102000094,73,39,34
102000095,0,0,0
102000096,431,127,304
102000097,0,0,0
102000098,55,71,-16
102000099,33,6,27
102000100,57,20,37
102000101,25,34,-9
102000102,10,33,-23
102000103,20,61,-41
102000104,0,0,0
102000105,0,0,0
102000106,0,0,0
102000107,0,0,0
102000108,0,0,0
102000109,0,0,0
102000110,0,0,0
102000111,0,0,0
102000112,0,0,0
102000113,0,0,0
102000114,0,0,0
102000115,0,0,0
102000116,7,72,-65
102000117,0,0,0
102000118,38,353,-315
102000119,0,0,0
102000120,0,0,0
102000121,0,0,0
102000122,0,0,0
102000123,0,0,0
102000124,0,0,0
102000125,0,0,0
102000126,0,0,0
102000127,0,0,0
102000128,0,0,0
102000129,0,0,0
102000130,0,0,0
102000131,0,0,0
102000132,0,0,0
102000133,237,43,194
102000134,72,67,5
102000135,0,0,0
102000136,0,0,0
102000137,0,0,0
102000138,0,0,0
102000139,0,0,0
102000140,0,0,0
102000141,0,0,0
102000142,0,0,0
102000143,0,0,0
102000144,0,0,0
102000145,0,0,0
102000146,0,0,0
102000147,0,0,0
102000148,0,0,0
102000149,0,0,0
102000150,0,0,0
102000151,0,0,0
102000152,0,0,0
102000153,0,0,0
102000154,0,0,0
102000155,0,0,0
102000156,0,0,0
102000157,0,0,0
102000158,0,0,0
102000159,0,0,0
102000161,0,0,0
102000162,0,0,0
102000163,0,0,0
102000164,0,0,0
102000165,0,0,0
102000166,0,2,-2
102000167,0,0,0
102000168,9,4,5
102000169,1,0,1
102000170,0,0,0
102000171,0,0,0
102000172,0,2,-2
102000173,7,5,2
102000174,0,0,0
102000175,5,1,4
102000176,0,2,-2
102000178,11,3,8
102000179,10,23,-13
102000180,42,3,39
102000181,83,12,71
102000182,53,4,49
102000183,148,90,58
102000184,24,6,18
102000185,248,67,181
102000186,19,6,13
102000187,43,10,33
102000188,169,97,72
102000189,29,16,13
102000190,124,200,-76
102000191,62,24,38
102000192,0,0,0
102000193,0,0,0
102000194,0,0,0
102000195,0,0,0
102000196,0,0,0
102000197,0,0,0
102000198,0,0,0
102000199,0,0,0
102000200,0,0,0
102000201,0,0,0
102000202,0,0,0
102000203,0,0,0
102000204,0,0,0
102000205,0,0,0
102000206,0,0,0
102000207,0,0,0
102000208,0,0,0
102000209,0,0,0
102000210,0,0,0
102000211,0,0,0
102000212,0,0,0
102000213,0,0,0
102000214,0,0,0
102000215,0,0,0
102000216,0,0,0
102000217,0,0,0
102000218,0,0,0
102000219,0,0,0
102000225,192,134,58
102000226,0,0,0
102000227,0,0,0
102000228,0,0,0
102000229,0,0,0
102000230,8,51,-43
102000231,0,0,0
102000232,0,0,0
102000233,58,66,-8
102000234,10,226,-216
102000236,0,0,0
102000237,0,0,0
102000238,0,0,0
102000240,0,0,0
102000241,0,0,0
102000243,1,2,-1
102000245,0,0,0
102000246,0,0,0
102000247,2,27,-25
102000248,27,174,-147
102000249,0,0,0
102000250,1,0,1
102000254,24,32,-8
102000266,0,0,0
102000271,0,0,0
102000286,0,5,-5
102000297,0,0,0
102000301,0,0,0
102000303,0,0,0
102000307,0,0,0
102900001,0,0,0
102900002,0,0,0
102900003,0,0,0
102900005,0,0,0
102900006,0,0,0
102900007,0,0,0
102900008,0,0,0
102900009,0,0,0
102900010,0,0,0
102900011,0,0,0
102900012,0,0,0
102900013,0,0,0
102900015,0,0,0
102900016,0,0,0
102900017,0,0,0
102900018,0,0,0
102900019,0,0,0
102900020,0,0,0
102900021,0,0,0
102900022,0,0,0
102900023,0,0,0
102900024,0,0,0
102900025,0,0,0
102900026,0,0,0
102900027,0,0,0
102900028,0,0,0
102900029,0,0,0
102900030,0,0,0
102900031,0,0,0
102900032,0,0,0
102900033,0,0,0
102900034,0,0,0
102900035,0,0,0
102900036,0,0,0
102900037,0,0,0
102900038,0,0,0
102900039,0,0,0
102900040,0,0,0
102900041,0,0,0
102900042,0,0,0
102900043,0,0,0
102900044,0,0,0
102900045,0,0,0
102900046,0,0,0
102900047,0,0,0
102900048,0,0,0
102900049,0,0,0
102900050,0,0,0
102900051,0,0,0
102900052,0,0,0
102900053,0,0,0
102900054,0,0,0
102900055,0,0,0
102900056,0,0,0
102900057,0,0,0
102900058,0,0,0
102900059,0,0,0
102900060,0,0,0
102900061,0,0,0
102900062,0,0,0
102900063,0,0,0
102900064,0,0,0
102900065,0,0,0
102900066,0,0,0
102900068,0,0,0
102900070,0,0,0
102900072,0,0,0
102900073,0,0,0
102900075,0,0,0
102900076,0,0,0
102900077,0,0,0
102900078,0,0,0
102900079,0,0,0
102900080,0,0,0
102900081,0,0,0
102900082,0,0,0
102900083,0,0,0
102900084,0,0,0
102900085,0,0,0
102900086,0,0,0
102900087,0,0,0
102900088,0,0,0
102900089,0,0,0
102900090,0,0,0
102900091,0,0,0
102900092,0,0,0
102900093,0,0,0
102900094,0,0,0
102900095,0,0,0
102900096,0,0,0
102900097,0,0,0
102900098,0,0,0
103000001,166,83,83
103000002,49,69,-20
103000003,51,99,-48
103000004,8,21,-13
103000005,505,303,202
103000006,185,122,63
103000007,9,11,-2
103000008,0,0,0
103000009,141,115,26
103000010,0,0,0
103000011,15,24,-9
103000012,389,424,-35
103000013,140,8,132
103000014,400,700,-300
103000015,0,0,0
103000016,41,89,-48
103000017,117,49,68
103000018,0,0,0
103000019,121,83,38
103000020,7,71,-64
103000021,949,691,258
103000022,19,42,-23
103000023,398,655,-257
103000024,0,0,0
103000025,8,139,-131
103000026,0,0,0
103000027,63,75,-12
103000028,8,26,-18
103000029,38,50,-12
103000030,46,68,-22
103000031,89,246,-157
103000032,195,161,34
103000033,1700,799,901
103000034,12,34,-22
103000035,29,170,-141
103000036,8,242,-234
103000037,10,10,0
103000038,180,248,-68
103000039,5,40,-35
103000040,14,45,-31
103000041,158,206,-48
103000042,76,18,58
103000043,71,66,5
103000044,0,0,0
103000046,0,0,0
103000047,0,0,0
103000048,0,0,0
103000049,0,0,0
103000050,0,0,0
103000051,0,0,0
103000052,0,0,0
103000053,0,0,0
103000054,234,27,207
103000055,523,70,453
103000056,10,21,-11
103000057,283,120,163
103000058,191,24,167
103000059,32,53,-21
103000060,82,26,56
103000061,81,69,12
103000062,0,0,0
103000063,98,60,38
103000064,0,0,0
103000065,0,0,0
103000066,0,0,0
103000069,0,0,0
103000070,0,0,0
103000071,37,46,-9
103000072,0,0,0
103000073,86,1,85
103000074,120,2,118
103000075,0,0,0
103000076,19,25,-6
103000077,0,0,0
103000078,66,52,14
103000079,19,85,-66
103000080,245,25,220
103000081,1,167,-166
103000082,171,21,150
103000083,0,0,0
103000084,7,0,7
103000085,0,0,0
103000086,144,97,47
103000087,69,171,-102
103000088,0,0,0
103000089,62,141,-79
103000090,466,313,153
103000091,71,161,-90
103000092,288,28,260
103000093,0,0,0
103000094,105,17,88
103000095,0,0,0
103000096,215,15,200
103000097,0,0,0
103000098,223,10,213
103000099,0,0,0
103000100,0,0,0
103000101,136,9,127
103000102,0,0,0
103000103,109,12,97
103000104,0,0,0
103000105,37,1,36
103000106,0,0,0
103000107,79,13,66
103000108,87,37,50
103000109,14,25,-11
103000110,55,77,-22
103000111,0,0,0
103000112,35,19,16
103000113,0,0,0
103000114,269,105,164
103000115,78,14,64
103000116,66,6,60
103000117,123,17,106
103000118,0,0,0
103000119,0,0,0
103000120,0,0,0
103000121,9,16,-7
103000122,284,926,-642
103000125,2,13,-11
103000126,81,0,81
103000127,0,5,-5
103000128,18,1,17
103000129,0,10,-10
103000130,53,0,53
103000131,1,28,-27
103000132,1,2,-1
103000133,0,18,-18
103000134,118,66,52
103000135,97,39,58
103000136,369,70,299
103000137,45,186,-141
103000138,79,177,-98
103000139,0,0,0
103000140,22,31,-9
103000141,0,0,0
103000142,1,32,-31
103000143,0,0,0
103000144,21,8,13
103000145,0,0,0
103000150,0,0,0
103000152,0,0,0
103000153,79,30,49
103000156,0,11,-11
103000157,46,0,46
103000159,0,0,0
103000162,1,0,1
103000163,2,28,-26
103000164,0,0,0
103000165,0,0,0
103000166,48,55,-7
103000167,15,9,6
103000168,0,0,0
103000169,78,24,54
103000170,493,301,192
103000171,9,1,8
103000172,121,6,115
103000173,0,0,0
103000174,120,10,110
103000175,0,0,0
103000176,11,22,-11
103000177,0,0,0
103000178,0,0,0
103000179,0,0,0
103000183,72,2,70
103000185,25,1,24
103000186,19,2,17
103000187,0,0,0
103000188,0,0,0
103000189,0,0,0
103000191,4,0,4
103000292,3,65,-62
103000293,30,188,-158
103000295,61,9,52
103000296,0,0,0
103000297,1,1,0
103000504,0,0,0
103000505,0,0,0
103000506,0,0,0
103000507,0,0,0
103000508,0,0,0
103000509,0,0,0
103900001,0,0,0
103900002,0,0,0
103900003,0,0,0
103900004,0,0,0
103900005,0,0,0
103900006,0,0,0
103900007,0,0,0
103900008,0,0,0
103900009,0,0,0
103900010,0,0,0
103900011,0,0,0
103900012,0,0,0
103900013,0,0,0
103900014,0,0,0
103900015,0,0,0
103900016,0,0,0
103900017,0,0,0
103900018,0,0,0
103900019,0,0,0
103900020,0,0,0
103900021,0,0,0
103900022,0,0,0
103900023,0,0,0
103900024,0,0,0
103900025,0,0,0
103900026,0,0,0
103900027,0,0,0
103900028,0,0,0
103900029,0,0,0
103900030,0,0,0
103900031,0,0,0
103900032,0,0,0
103900033,0,0,0
103900034,0,0,0
103900035,0,0,0
103900036,0,0,0
103900037,0,0,0
103900038,0,0,0
103900039,0,0,0
103900040,0,0,0
103900041,0,0,0
103900042,0,0,0
103900043,0,0,0
103900044,0,0,0
103900045,0,0,0
103900047,0,0,0
103900048,0,0,0
103900049,0,0,0
103900050,0,0,0
103900051,0,0,0
103900052,0,0,0
103900053,0,0,0
103900054,0,0,0
103900055,0,0,0
103900056,0,0,0
103900057,0,0,0
103900058,0,0,0
103900059,0,0,0
103900060,0,0,0
103900061,0,0,0
103900062,0,0,0
103900063,0,0,0
103900064,0,0,0
103900065,0,0,0
103900066,0,0,0
103900067,0,0,0
103900068,0,0,0
103900069,0,0,0
103900070,0,0,0
103900071,0,0,0
103900072,0,0,0
103900073,0,0,0
103900074,0,0,0
103900075,0,0,0
103900076,0,0,0
103900077,0,0,0
103900078,0,0,0
103900079,0,0,0
103900080,0,0,0
103900081,0,0,0
103900082,0,0,0
103900083,0,0,0
103900084,0,0,0
103900085,0,0,0
103900086,0,0,0
103900088,0,0,0
103900089,0,0,0
103900090,0,0,0
103900091,0,0,0
103900092,0,0,0
103900093,0,0,0
103900094,0,0,0
103900095,0,0,0
103900096,0,0,0
103900097,0,0,0
103900098,0,0,0
103900099,0,0,0
103900100,0,0,0
103900101,0,0,0
103900102,0,0,0
103900104,0,0,0
103900105,0,0,0
103900106,0,0,0
103900107,0,0,0
103900108,0,0,0
103900109,0,0,0
103900110,0,0,0
103900111,0,0,0
103900112,0,0,0
103900113,0,0,0
103900114,0,0,0
103900115,0,0,0
103900116,0,0,0
103900117,0,0,0
103900119,0,0,0
103900120,0,0,0
103900122,0,0,0
103900123,0,0,0
103900124,0,0,0
103900125,0,0,0
103900126,0,0,0
103900127,0,0,0
103900128,0,0,0
103900131,0,0,0
103900133,0,0,0
103900134,0,0,0
103900135,0,0,0
103900137,0,0,0
103900138,0,0,0
103900139,0,0,0
103900140,0,0,0
103900141,0,0,0
103900142,0,0,0
103900143,0,0,0
103900144,0,0,0
103900145,0,0,0
103900146,0,0,0
103900147,0,0,0
103900148,0,0,0
103900149,0,0,0
103900150,0,0,0
103900151,0,0,0
103900152,0,0,0
103900153,0,0,0
103900154,0,0,0
103900155,0,0,0
103900156,0,0,0
103900157,0,0,0
103900158,0,0,0
103900159,0,0,0
103900160,0,0,0
103900161,0,0,0
103900162,0,0,0
103900163,0,0,0
103900167,0,0,0
103900168,0,0,0
103900169,0,0,0
103900170,0,0,0
103900171,0,0,0
103900172,0,0,0
103900173,0,0,0
103900174,0,0,0
103900175,0,0,0
103900176,0,0,0
103900177,0,0,0
103900178,0,0,0
103900179,0,0,0
103900180,0,0,0
103900181,0,0,0
103900182,0,0,0
103900184,0,0,0
103900185,0,0,0
103900187,0,0,0
103900188,0,0,0
103900189,0,0,0
103900190,0,0,0
103900191,0,0,0
103900192,0,0,0
103900193,0,0,0
103900194,0,0,0
103900195,0,0,0
103900196,0,0,0
103900197,0,0,0
103900198,0,0,0
103900199,0,0,0
103900200,0,0,0
103900201,0,0,0
103900202,0,0,0
103900203,0,0,0
103900204,0,0,0
103900207,0,0,0
103900208,0,0,0
103900209,0,0,0
103900210,0,0,0
103900211,0,0,0
103900212,0,0,0
103900213,4,91,-87
103900214,43,135,-92
103900215,36,43,-7
103900216,0,0,0
103900217,0,0,0
103900218,0,0,0
103900219,0,0,0
103900233,0,0,0
103900235,0,0,0
103900236,0,0,0
103900242,0,0,0
103900243,0,0,0
103900244,0,0,0
103900245,0,0,0
103900246,0,0,0
103900247,0,0,0
103900248,0,0,0
103900249,0,0,0
103900250,0,0,0
103900251,0,0,0
103900253,0,0,0
103900254,0,0,0
103900255,0,0,0
103900256,0,0,0
103900257,0,0,0
103900258,0,0,0
103900259,0,0,0
103900261,0,0,0
103900262,0,0,0
103900263,0,0,0
103900264,0,0,0
103900265,0,0,0
103900266,0,0,0
103900267,0,0,0
103900268,0,0,0
103900269,0,0,0
103900270,0,0,0
103900271,0,0,0
103900272,0,0,0
103900273,0,0,0
103900274,0,0,0
103900275,0,0,0
103900276,0,0,0
103900277,0,0,0
103900278,0,0,0
103900279,0,0,0
103900280,0,0,0
104000001,555,250,305
104000002,46,75,-29
104000003,819,450,369
104000004,798,334,464
104000005,540,595,-55
104000006,1136,361,775
104000007,796,179,617
104000008,108,92,16
104000009,141,55,86
104000010,143,68,75
104000011,0,0,0
104000012,0,0,0
104000013,161,66,95
104000014,0,0,0
104000015,134,22,112
104000016,0,0,0
104000018,219,102,117
104000019,284,186,98
104000020,72,94,-22
104000021,127,90,37
104000022,12,24,-12
104000023,169,18,151
104000024,0,0,0
104000026,0,0,0
104000027,17,24,-7
104000028,278,60,218
104000029,17,45,-28
104000030,243,72,171
104000031,107,13,94
104000032,0,0,0
104000033,274,10,264
104000034,0,0,0
104000035,301,31,270
104000036,270,54,216
104000037,0,0,0
104000038,211,82,129
104000039,59,53,6
104000040,32,66,-34
104000041,68,48,20
104000042,30,16,14
104000043,76,26,50
104000044,92,24,68
104000045,93,32,61
104000046,91,61,30
104000047,38,239,-201
104000048,164,404,-240
104000049,0,4,-4
104000050,4,22,-18
104000051,0,0,0
104000052,243,78,165
104000053,49,51,-2
104000054,3,1,2
104000055,237,105,132
104000056,0,0,0
104000057,0,0,0
104000058,316,52,264
104000059,174,158,16
104000060,237,76,161
104000061,53,39,14
104000062,36,0,36
104000064,0,0,0
104000065,0,1,-1
104000069,0,0,0
104000070,0,0,0
104000071,0,0,0
104000072,29,3,26
104000075,0,0,0
104000076,0,0,0
104000082,201,352,-151
104000083,9,24,-15
104000084,9,42,-33
104000085,22,5,17
104000086,1,41,-40
104000087,2,0,2
104000090,0,0,0
104000092,0,0,0
104000094,0,0,0
104000095,40,307,-267
104000096,186,6,180
104000097,658,70,588
104000098,881,68,813
104000100,1036,92,944
104000101,167,199,-32
104000106,1,4,-3
104000107,175,10,165
104000108,39,1,38
104000109,53,2,51
104000110,61,12,49
104000111,166,29,137
104000112,1,21,-20
104000116,0,0,0
104000117,83,21,62
104000118,28,0,28
104000119,23,1,22
104000120,17,6,11
104000121,2,39,-37
104000122,218,35,183
104000123,34,111,-77
104000124,374,502,-128
104000125,63,55,8
104000126,253,80,173
104000127,97,415,-318
104000128,272,23,249
104000129,98,0,98
104000130,0,1,-1
104000131,0,0,0
104000132,0,0,0
104000133,37,11,26
104000134,72,81,-9
104000135,57,174,-117
104000136,307,180,127
104000137,332,65,267
104000138,0,0,0
104000139,561,362,199
104000141,75,161,-86
104000142,0,0,0
104000143,0,0,0
104000144,0,0,0
104000145,240,33,207
104000146,0,0,0
104000147,0,0,0
104000148,36,50,-14
104000149,0,0,0
104000150,280,125,155
104000151,0,0,0
104000152,0,0,0
104000153,98,71,27
104000154,0,0,0
104000155,97,50,47
104000157,83,6,77
104000158,23,18,5
104000159,8,3,5
104000160,210,67,143
104000161,19,24,-5
104000162,31,99,-68
104000165,188,331,-143
104000167,94,214,-120
104000168,84,0,84
104000169,52,1,51
104000170,0,0,0
104000248,0,0,0
104000251,0,0,0
104000272,0,0,0
104000273,0,0,0
104000274,0,0,0
104000275,0,0,0
104000279,0,0,0
104000290,0,0,0
104000291,123,165,-42
104000293,99,101,-2
104000294,0,0,0
104000295,79,86,-7
104000296,186,157,29
104000297,55,145,-90
104000298,363,67,296
104000299,168,129,39
104900001,0,0,0
104900002,0,0,0
104900003,0,0,0
104900004,0,0,0
104900005,0,0,0
104900006,0,0,0
104900007,0,0,0
104900009,0,0,0
104900010,0,0,0
104900011,0,0,0
104900012,0,0,0
104900013,0,0,0
104900014,0,0,0
104900015,0,0,0
104900016,0,0,0
104900017,0,0,0
104900018,0,0,0
104900019,0,0,0
104900020,0,0,0
104900021,0,0,0
104900022,0,0,0
104900023,0,0,0
104900024,0,0,0
104900025,0,0,0
104900026,0,0,0
104900027,0,0,0
104900028,0,0,0
104900029,0,0,0
104900030,0,0,0
104900031,0,0,0
104900032,0,0,0
104900033,0,0,0
104900034,0,0,0
104900035,0,0,0
104900036,0,0,0
104900037,0,0,0
104900038,0,0,0
104900039,0,0,0
104900040,0,0,0
104900041,0,0,0
104900042,0,0,0
104900043,0,0,0
104900044,0,0,0
104900045,0,0,0
104900046,0,0,0
104900047,0,0,0
104900048,0,0,0
104900049,0,0,0
104900050,0,0,0
104900051,0,0,0
104900052,0,0,0
104900053,0,0,0
104900054,0,0,0
104900055,0,0,0
104900056,0,0,0
104900057,0,0,0
104900058,0,0,0
104900059,0,0,0
104900060,0,0,0
104900061,0,0,0
104900063,0,0,0
104900064,0,0,0
104900065,0,0,0
104900066,0,0,0
104900067,0,0,0
104900068,0,0,0
104900070,0,0,0
104900071,0,0,0
104900072,0,0,0
104900073,0,0,0
104900074,0,0,0
104900075,0,0,0
104900076,0,0,0
104900077,0,0,0
104900078,0,0,0
104900079,0,0,0
104900080,0,0,0
104900082,0,0,0
104900085,0,0,0
104900087,0,0,0
104900089,0,0,0
104900090,0,0,0
104900091,0,0,0
104900093,0,0,0
104900097,0,0,0
104900098,0,0,0
104900099,0,0,0
104900100,0,0,0
104900102,0,0,0
104900103,0,0,0
104900104,0,0,0
104900106,0,0,0
104900107,0,0,0
104900108,0,0,0
104900109,0,0,0
104900110,0,0,0
104900111,0,0,0
104900112,0,0,0
104900113,0,0,0
104900114,0,0,0
104900115,0,0,0
104900116,0,0,0
104900118,0,0,0
104900119,0,0,0
104900120,0,0,0
104900121,0,0,0
104900122,0,0,0
104900123,0,0,0
104900124,0,0,0
104900125,0,0,0
104900126,0,0,0
104900127,0,0,0
104900128,0,0,0
104900129,0,0,0
105000001,879,211,668
105000002,276,253,23
105000003,345,287,58
105000004,19,51,-32
105000005,34,279,-245
105000006,150,283,-133
105000007,64,225,-161
105000008,1,439,-438
105000009,1826,919,907
105000010,30,122,-92
105000011,794,718,76
105000012,24,79,-55
105000013,299,611,-312
105000014,2298,991,1307
105000015,1492,2380,-888
105000016,111,123,-12
105000017,11,38,-27
105000018,69,158,-89
105000019,0,0,0
105000020,0,0,0
105000021,0,0,0
105000022,6,13,-7
105000023,0,0,0
105000028,0,0,0
105000029,0,13,-13
105000030,207,140,67
105000033,65,80,-15
105000034,0,0,0
105000037,0,0,0
105000038,301,390,-89
105000039,92,152,-60
105000040,194,229,-35
105000041,31,54,-23
105000042,910,272,638
105000043,63,71,-8
105000044,179,94,85
105000045,4,45,-41
105000046,370,22,348
105000047,7,43,-36
105000048,382,116,266
105000049,7,0,7
105000050,354,164,190
105000051,0,0,0
105000052,66,88,-22
105000053,0,50,-50
105000054,68,37,31
105000055,0,0,0
105000056,365,159,206
105000057,21,3,18
105000058,42,24,18
105000059,435,144,291
105000060,2,0,2
105000061,472,86,386
105000062,0,1,-1
105000063,0,0,0
105000064,354,81,273
105000065,0,0,0
105000066,77,6,71
105000067,435,162,273
105000068,24,59,-35
105000069,42,95,-53
105000070,35,38,-3
105000071,258,76,182
105000072,354,53,301
105000073,314,95,219
105000074,0,0,0
105000075,1,9,-8
105000076,26,6,20
105000077,67,4,63
105000078,31,88,-57
105000079,1,22,-21
105000080,478,534,-56
105000081,23,0,23
105000082,196,527,-331
105000083,878,605,273
105000084,0,0,0
105000085,648,907,-259
105000086,0,0,0
105000087,0,0,0
105000088,283,395,-112
105000089,40,92,-52
105000090,9,32,-23
105000091,0,0,0
105000092,0,0,0
105000093,0,1,-1
105000094,48,2,46
105000095,0,0,0
105000096,197,128,69
105000097,0,0,0
105000098,231,54,177
105000099,0,0,0
105000100,0,0,0
105000101,180,48,132
105000102,0,0,0
105000103,191,63,128
105000104,0,0,0
105000105,226,39,187
105000106,43,2,41
105000107,36,7,29
105000108,31,27,4
105000109,13,1,12
105000110,22,12,10
105000111,11,0,11
105000112,48,20,28
105000113,0,1,-1
105000114,34,68,-34
105000115,0,3,-3
105000116,66,28,38
105000117,0,0,0
105000118,7,18,-11
105000119,0,0,0
105000120,226,19,207
105000121,0,0,0
105000122,18,2,16
105000123,145,12,133
105000124,94,68,26
105000125,148,34,114
105000126,47,37,10
105000127,144,50,94
105000128,34,13,21
105000129,22,50,-28
105000130,6,426,-420
105000131,0,0,0
105000132,88,87,1
105000133,0,0,0
105000134,252,26,226
105000135,0,0,0
105000136,0,0,0
105000137,285,15,270
105000138,0,0,0
105000139,0,0,0
105000140,373,45,328
105000141,0,0,0
105000142,143,38,105
105000143,0,0,0
105000144,0,0,0
105000145,116,110,6
105000146,0,0,0
105000147,321,102,219
105000148,262,48,214
105000149,686,129,557
105000150,0,0,0
105000151,0,0,0
105000152,0,0,0
105000153,0,0,0
105000154,0,0,0
105000155,0,0,0
105000156,1,2,-1
105000157,10,15,-5
105000158,73,12,61
105000159,24,3,21
105000160,45,53,-8
105000161,53,4,49
105000162,24,42,-18
105000163,76,10,66
105000164,2,9,-7
105000165,50,57,-7
105000166,9,76,-67
105000167,23,138,-115
105000168,134,117,17
105000169,17,15,2
105000170,0,0,0
105000171,0,0,0
105000172,1,0,1
105000173,2,0,2
105000174,0,2,-2
105000175,0,0,0
105000176,4,2,2
105000177,57,43,14
105000178,11,3,8
105000179,32,1,31
105000180,0,0,0
105000181,2,1,1
105000182,0,0,0
105000183,0,0,0
105000184,0,0,0
105000185,24,306,-282
105000186,0,0,0
105000187,100,27,73
105000188,6,41,-35
105000189,0,0,0
105000190,144,71,73
105000191,3,0,3
105000192,68,40,28
105000193,3,11,-8
105000194,140,31,109
105000195,0,24,-24
105000196,2,36,-34
105000197,0,0,0
105000198,0,0,0
105000199,3,92,-89
105000200,2,101,-99
105000201,9,0,9
105000203,0,0,0
105000204,0,11,-11
105000205,0,0,0
105000207,0,0,0
105000208,13,102,-89
105000209,0,0,0
105000212,58,4,54
105000213,41,15,26
105000214,4,12,-8
105000215,74,65,9
105000216,1,1,0
105000217,0,0,0
105000218,189,17,172
105000221,9,4,5
105000222,89,0,89
105000223,43,0,43
105000226,1,0,1
105000227,0,3,-3
105000228,0,7,-7
105000229,13,226,-213
105000231,153,22,131
105000233,179,441,-262
105000234,66,248,-182
105000235,182,82,100
105000237,31,0,31
105000243,0,0,0
105000248,0,0,0
105000262,0,0,0
105000269,0,0,0
105000270,90,0,90
105000271,0,0,0
105000282,3,2,1
105000287,0,0,0
105000288,0,15,-15
105000289,351,300,51
105000290,0,0,0
105000402,36,79,-43
105000426,0,0,0
105000438,29,120,-91
105000446,416,331,85
105000447,90,21,69
105000454,0,0,0
105000455,0,0,0
105000474,11,1,10
105000477,0,0,0
105000478,471,1258,-787
105000479,0,0,0
105000480,1690,1338,352
105000481,909,396,513
105000482,119,230,-111
105000483,227,827,-600
105000484,136,273,-137
105000485,231,1289,-1058
105000486,174,319,-145
105000488,45,129,-84
105000489,365,115,250
105000549,0,47,-47
105000550,0,0,0
105000551,34,14,20
105000552,111,88,23
105000555,169,263,-94
105000556,0,0,0
105000557,0,0,0
105900001,0,0,0
105900002,0,0,0
105900003,0,0,0
105900004,0,0,0
105900005,0,0,0
105900006,0,0,0
105900007,0,0,0
105900008,0,0,0
105900009,0,0,0
105900011,0,0,0
105900012,0,0,0
105900013,0,0,0
105900014,0,0,0
105900015,0,0,0
105900016,0,0,0
105900017,0,0,0
105900018,0,0,0
105900019,0,0,0
105900020,0,0,0
105900021,0,0,0
105900022,0,0,0
105900023,0,0,0
105900024,0,0,0
105900025,0,0,0
105900026,0,0,0
105900027,0,0,0
105900028,0,0,0
105900029,0,0,0
105900030,0,0,0
105900031,0,0,0
105900032,0,0,0
105900033,0,0,0
105900034,0,0,0
105900035,0,0,0
105900036,0,0,0
105900037,0,0,0
105900038,0,0,0
105900039,0,0,0
105900040,0,0,0
105900041,0,0,0
105900042,0,0,0
105900043,0,0,0
105900044,0,0,0
105900045,0,0,0
105900046,0,0,0
105900047,0,0,0
105900048,23,4,19
105900050,0,0,0
105900051,0,0,0
105900052,0,0,0
105900053,0,0,0
105900054,0,0,0
105900056,0,0,0
105900057,0,0,0
105900058,0,0,0
105900059,0,0,0
106000001,641,376,265
106000002,10,154,-144
106000003,1217,705,512
106000004,58,290,-232
106000005,1949,1268,681
106000006,86,306,-220
106000007,642,63,579
106000008,29,114,-85
106000009,429,162,267
106000010,14,74,-60
106000011,691,365,326
106000012,19,26,-7
106000013,1028,349,679
106000014,54,67,-13
106000015,1253,422,831
106000016,71,102,-31
106000017,580,134,446
106000018,93,125,-32
106000019,172,155,17
106000020,5,40,-35
106000021,307,104,203
106000022,41,26,15
106000023,402,46,356
106000024,36,47,-11
106000025,191,144,47
106000026,9,51,-42
106000027,1009,581,428
106000028,9,36,-27
106000029,39,46,-7
106000030,0,0,0
106000034,0,0,0
106000035,160,230,-70
106000036,0,0,0
106000037,0,0,0
106000038,0,0,0
106000039,0,0,0
106000040,0,0,0
106000041,208,65,143
106000043,61,5,56
106000046,0,0,0
106000047,0,0,0
106000049,187,10,177
106000050,0,0,0
106000051,94,120,-26
106000052,0,0,0
106000053,232,21,211
106000054,0,0,0
106000055,161,10,151
106000056,0,0,0
106000057,189,60,129
106000058,0,0,0
106000059,268,78,190
106000060,0,0,0
106000061,16,161,-145
106000062,0,0,0
106000063,483,160,323
106000064,0,0,0
106000065,248,22,226
106000066,0,1,-1
106000067,156,11,145
106000068,1,1,0
106000069,5,4,1
106000070,16,1,15
106000071,184,16,168
106000072,258,153,105
106000073,289,102,187
106000074,131,146,-15
106000075,146,163,-17
106000076,558,150,408
106000077,612,44,568
106000078,318,37,281
106000079,416,40,376
106000080,359,24,335
106000081,550,124,426
106000082,378,16,362
106000083,356,136,220
106000084,365,9,356
106000085,539,137,402
106000086,637,104,533
106000087,218,9,209
106000088,174,35,139
106000089,359,23,336
106000090,445,40,405
106000091,1,0,1
106000092,208,53,155
106000093,113,0,113
106000094,0,0,0
106000095,260,31,229
106000096,258,19,239
106000097,228,28,200
106000098,318,5,313
106000099,11,6,5
106000100,539,6,533
106000101,350,1,349
106000102,1,11,-10
106000103,2,78,-76
106000104,86,47,39
106000105,8,46,-38
106000106,140,13,127
106000107,22,85,-63
106000108,107,2,105
106000109,1,52,-51
106000110,97,3,94
106000111,8,40,-32
106000112,130,10,120
106000113,26,59,-33
106000114,34,20,14
106000115,29,67,-38
106000116,78,55,23
106000117,0,0,0
106000118,290,45,245
106000119,0,0,0
106000120,330,181,149
106000121,7,10,-3
106000122,0,0,0
106000123,28,7,21
106000124,0,0,0
106000125,0,0,0
106000126,27,5,22
106000127,0,0,0
106000128,118,18,100
106000129,0,0,0
106000130,246,46,200
106000131,0,0,0
106000132,184,3,181
106000133,0,0,0
106000134,171,59,112
106000135,0,0,0
106000136,356,86,270
106000137,0,0,0
106000138,268,8,260
106000139,102,14,88
106000140,0,0,0
106000141,0,0,0
106000142,42,8,34
106000143,0,0,0
106000144,127,27,100
106000145,0,0,0
106000146,281,124,157
106000147,61,4,57
106000148,108,87,21
106000149,213,18,195
106000150,59,93,-34
106000151,223,98,125
106000152,91,171,-80
106000153,0,9,-9
106000154,38,3,35
106000155,15,26,-11
106000156,282,27,255
106000157,119,74,45
106000158,495,103,392
106000159,166,34,132
106000160,200,99,101
106000161,83,7,76
106000162,255,33,222
106000163,63,2,61
106000164,204,15,189
106000165,65,16,49
106000166,241,16,225
106000167,76,49,27
106000168,187,19,168
106000169,19,20,-1
106000170,176,20,156
106000171,16,113,-97
106000172,373,78,295
106000173,81,188,-107
106000174,215,12,203
106000175,74,8,66
106000176,310,61,249
106000177,0,0,0
106000178,453,29,424
106000179,0,0,0
106000180,107,29,78
106000181,47,41,6
106000182,453,35,418
106000183,556,49,507
106000184,285,58,227
106000185,27,22,5
106000186,34,7,27
106000187,1,12,-11
106000188,0,0,0
106000189,0,3,-3
106000190,13,0,13
106000191,89,9,80
106000192,0,0,0
106000193,68,40,28
106000194,0,5,-5
106000195,26,1,25
106000196,0,35,-35
106000197,138,0,138
106000198,0,24,-24
106000199,106,7,99
106000200,11,48,-37
106000201,34,27,7
106000202,31,17,14
106000203,0,0,0
106000204,14,7,7
106000205,0,0,0
106000206,9,1,8
106000207,1,18,-17
106000208,359,38,321
106000209,633,75,558
106000210,0,26,-26
106000211,5,74,-69
106000212,882,93,789
106000213,0,0,0
106000214,265,43,222
106000215,3,56,-53
106000216,154,17,137
106000217,3,71,-68
106000218,86,23,63
106000219,1,70,-69
106000220,112,20,92
106000221,0,0,0
106000222,62,15,47
106000223,131,32,99
106000224,0,0,0
106000225,2,131,-129
106000226,0,0,0
106000228,0,0,0
106000229,0,0,0
106000231,198,3,195
106000232,0,0,0
106000233,54,1,53
106000234,0,0,0
106000235,31,26,5
106000236,0,0,0
106000237,0,0,0
106000238,0,3,-3
106000239,0,0,0
106000240,0,0,0
106000241,0,50,-50
106000242,89,28,61
106000249,93,36,57
106000250,0,51,-51
106000251,0,0,0
106000252,0,0,0
106000253,0,0,0
106000254,0,0,0
106000255,0,0,0
106000256,0,0,0
106000257,14,13,1
106000258,0,0,0
106000259,0,0,0
106000260,0,0,0
106000261,0,0,0
106000262,0,0,0
106000263,0,0,0
106000264,0,0,0
106000265,0,0,0
106000266,0,0,0
106000267,0,0,0
106000268,0,0,0
106000269,0,0,0
106000270,22,0,22
106000271,0,0,0
106000272,0,0,0
106000273,0,0,0
106000274,0,0,0
106000275,0,0,0
106000276,0,0,0
106000277,0,0,0
106000278,0,0,0
106000279,0,0,0
106000280,0,0,0
106000281,0,0,0
106000282,0,0,0
106000283,0,0,0
106000284,0,0,0
106000285,0,0,0
106000286,0,0,0
106000287,0,0,0
106000288,0,0,0
106000289,0,0,0
106000290,0,0,0
106000291,0,0,0
106000292,0,0,0
106000293,0,0,0
106000294,0,0,0
106000295,0,0,0
106000296,0,0,0
106000297,0,0,0
106000298,0,0,0
106000299,0,0,0
106000300,0,0,0
106000301,0,0,0
106000303,0,0,0
106000304,0,0,0
106000305,0,0,0
106000306,0,0,0
106000307,0,0,0
106000308,0,0,0
106000309,0,0,0
106000310,41,6,35
106000311,102,12,90
106000312,0,17,-17
106000313,26,1,25
106000318,0,0,0
106000319,353,28,325
106000320,0,0,0
106000321,0,0,0
106000322,0,0,0
106000324,0,0,0
106000325,1388,293,1095
106000326,60,54,6
106000327,149,8,141
106000328,0,0,0
106000329,0,1,-1
106000330,0,3,-3
106000428,41,169,-128
106000429,0,0,0
106000430,0,0,0
106000431,333,276,57
106000432,5,121,-116
106000433,805,462,343
106000434,968,301,667
106000435,3,109,-106
106000436,0,0,0
106000437,6,4,2
106000438,3,6,-3
106000439,0,0,0
106000440,12,32,-20
106000441,2,0,2
106000442,37,0,37
106000443,9,5,4
106000450,0,0,0
106000451,16,20,-4
106000454,0,0,0
106000455,0,24,-24
106000456,29,1,28
106000457,0,0,0
106000458,148,5,143
106000459,0,0,0
106000460,196,4,192
106000461,0,0,0
106000462,0,0,0
106000463,0,2,-2
106000464,0,0,0
106000465,135,0,135
106000466,0,0,0
106000467,0,51,-51
106000468,38,13,25
106000469,13,0,13
106000470,0,0,0
106000471,0,0,0
106000472,18,2,16
106000473,0,0,0
106000474,6,48,-42
106000475,112,57,55
106000476,6,12,-6
106000477,0,0,0
106000480,0,0,0
106900001,0,0,0
106900002,0,0,0
106900003,0,0,0
106900004,0,0,0
106900006,0,0,0
106900007,0,0,0
106900008,0,0,0
106900009,0,0,0
106900010,0,0,0
106900012,0,0,0
106900013,0,0,0
106900014,0,0,0
106900015,0,0,0
106900016,0,0,0
106900017,0,0,0
106900018,0,0,0
106900019,0,0,0
106900020,0,0,0
106900021,0,0,0
106900022,0,0,0
106900023,0,0,0
106900024,0,0,0
106900025,0,0,0
106900026,0,0,0
106900027,145,1,144
107000001,1576,2480,-904
107000002,184,301,-117
107000003,4370,3945,425
107000004,335,274,61
107000005,4492,2814,1678
107000006,273,172,101
107000007,1415,2091,-676
107000008,422,293,129
107000009,4123,3295,828
107000010,332,340,-8
107000011,0,0,0
107000012,0,0,0
107000013,0,0,0
107000014,0,0,0
107000015,0,0,0
107000016,0,0,0
107000017,9,1,8
107000018,0,0,0
107000020,51,387,-336
107000021,25,6,19
107000022,42,404,-362
107000023,114,3,111
107000024,100,203,-103
107000025,48,18,30
107000026,34,47,-13
107000027,182,42,140
107000028,28,97,-69
107000029,817,69,748
107000030,65,106,-41
107000031,873,270,603
107000032,89,112,-23
107000033,154,42,112
107000034,0,0,0
107000035,18,51,-33
107000036,0,0,0
107000037,27,118,-91
107000038,1,21,-20
107000039,142,316,-174
107000040,15,5,10
107000041,429,64,365
107000042,18,70,-52
107000043,272,125,147
107000044,30,12,18
107000045,3,7,-4
107000046,375,74,301
107000047,37,61,-24
107000048,243,40,203
107000049,15,103,-88
107000050,375,69,306
107000051,16,159,-143
107000052,267,93,174
107000053,280,40,240
107000054,16,157,-141
107000055,209,41,168
107000056,34,30,4
107000057,105,158,-53
107000058,901,969,-68
107000059,0,0,0
107000060,2011,1707,304
107000061,7,4,3
107000062,1740,1042,698
107000063,27,36,-9
107000064,1213,945,268
107000065,4,15,-11
107000066,785,632,153
107000067,143,131,12
107000068,73,194,-121
107000069,165,335,-170
107000070,164,0,164
107000071,687,1,686
107000072,0,0,0
107000073,168,50,118
107000074,0,0,0
107000075,1331,30,1301
107000076,0,0,0
107000077,1149,47,1102
107000078,0,0,0
107000079,1002,54,948
107000080,0,0,0
107000081,974,176,798
107000082,0,0,0
107000083,349,447,-98
107000084,0,0,0
107000085,722,551,171
107000086,91,270,-179
107000087,447,200,247
107000088,49,84,-35
107000089,391,204,187
107000090,75,36,39
107000091,332,142,190
107000092,67,43,24
107000093,216,337,-121
107000094,36,47,-11
107000095,1154,505,649
107000096,0,0,0
107000097,254,88,166
107000098,0,0,0
107000099,244,163,81
107000100,0,0,0
107000101,113,92,21
107000102,0,0,0
107000103,137,80,57
107000104,0,0,0
107000105,218,32,186
107000106,0,1,-1
107000107,254,88,166
107000108,0,0,0
107000109,230,34,196
107000110,0,0,0
107000111,99,6,93
107000112,0,0,0
107000113,275,32,243
107000114,0,0,0
107000115,434,35,399
107000116,0,0,0
107000117,170,36,134
107000118,0,0,0
107000119,712,234,478
107000120,0,0,0
107000121,449,40,409
107000122,17,96,-79
107000123,427,41,386
107000124,3,38,-35
107000125,577,34,543
107000126,56,52,4
107000129,0,0,0
107000130,267,95,172
107000131,0,0,0
107000132,286,126,160
107000133,1,0,1
107000134,47,0,47
107000135,0,0,0
107000136,96,0,96
107000137,0,1,-1
107000138,1,0,1
107000139,0,2,-2
107000140,105,0,105
107000141,0,2,-2
107000142,62,0,62
107000143,0,1,-1
107000144,31,0,31
107000145,0,11,-11
107000146,0,0,0
107000147,3,30,-27
107000150,0,0,0
107000151,0,0,0
107000152,14,98,-84
107000153,0,0,0
107000154,0,0,0
107000155,52,0,52
107000156,133,0,133
107000157,0,0,0
107000158,15,0,15
107000159,0,0,0
107000160,111,70,41
107000161,3,1,2
107000162,33,47,-14
107000163,42,0,42
107000164,0,0,0
107000165,0,0,0
107000166,0,0,0
107000167,0,0,0
107000168,583,89,494
107000169,11,7,4
107000170,555,96,459
107000171,3,20,-17
107000172,326,51,275
107000173,1,8,-7
107000174,169,205,-36
107000175,52,13,39
107000176,16,0,16
107000177,1,0,1
107000178,0,0,0
107000179,0,0,0
107000180,569,29,540
107000181,0,0,0
107000182,529,21,508
107000183,0,0,0
107000184,374,47,327
107000185,0,0,0
107000186,486,82,404
107000187,67,17,50
107000188,0,0,0
107000189,27,24,3
107000190,0,0,0
107000191,68,99,-31
107000192,0,0,0
107000193,42,72,-30
107000194,0,0,0
107000197,255,40,215
107000198,0,0,0
107000199,118,92,26
107000200,5,21,-16
107000201,88,42,46
107000202,99,67,32
107000203,47,199,-152
107000204,84,629,-545
107000205,55,30,25
107000206,38,449,-411
107000207,28,67,-39
107000208,14,31,-17
107000209,0,0,0
107000210,0,0,0
107000211,0,0,0
107000212,0,0,0
107000213,0,0,0
107000214,0,0,0
107000215,0,0,0
107000216,0,0,0
107000217,0,0,0
107000219,0,0,0
107000220,0,0,0
107000222,10,25,-15
107000224,17,2,15
107000225,0,0,0
107000226,108,7,101
107000227,0,0,0
107000228,0,0,0
107000229,0,0,0
107000230,27,7,20
107000231,60,60,0
107000232,0,0,0
107000233,0,0,0
107000234,0,0,0
107000235,184,0,184
107000236,0,0,0
107000237,0,0,0
107000238,19,0,19
107000239,0,0,0
107000240,0,0,0
107000243,0,0,0
107000244,18,0,18
107000246,0,0,0
107000249,0,0,0
107000251,0,0,0
107000252,0,0,0
107000255,0,0,0
107000257,0,0,0
107000258,0,0,0
107000259,0,0,0
107000260,0,0,0
107000262,0,0,0
107000263,0,0,0
107000266,0,0,0
107000267,0,0,0
107000268,0,0,0
107000269,0,0,0
107000270,0,0,0
107000271,0,0,0
107000272,0,0,0
107000273,0,0,0
107000274,0,0,0
107000275,0,0,0
107000280,51,3,48
107000281,0,0,0
107000282,0,0,0
107000290,0,0,0
107000291,0,0,0
107000292,0,0,0
107000293,0,0,0
107000294,0,0,0
107000295,0,0,0
107000296,0,2,-2
107000444,52,0,52
107000496,0,1,-1
107000497,0,0,0
107000500,0,0,0
107000501,0,0,0
107000502,0,0,0
107000505,2,26,-24
107000506,0,0,0
107000508,0,0,0
107000509,25,71,-46
107000510,0,0,0
107000514,0,0,0
107000515,0,0,0
107000516,108,98,10
107000518,370,20,350
107000519,0,0,0
107000520,0,0,0
107000521,0,0,0
107000522,337,97,240
107900001,0,0,0
107900002,0,0,0
107900003,0,0,0
107900004,0,0,0
107900005,0,0,0
107900006,0,0,0
107900007,0,0,0
107900008,0,0,0
107900009,0,0,0
107900010,0,0,0
107900012,0,0,0
107900013,0,0,0
107900014,0,0,0
107900015,0,0,0
107900016,0,0,0
107900017,0,0,0
107900018,0,0,0
107900019,0,0,0
107900020,0,0,0
107900021,0,0,0
107900023,0,0,0
107900024,0,0,0
107900025,0,0,0
107900026,0,0,0
107900027,0,0,0
107900028,0,0,0
107900030,0,0,0
107900031,0,0,0
107900032,0,0,0
107900033,0,0,0
107900034,0,0,0
107900035,0,0,0
107900036,0,0,0
107900037,0,0,0
107900038,0,0,0
107900039,0,0,0
107900040,0,0,0
107900041,0,0,0
107900043,0,0,0
107900044,0,0,0
107900045,0,0,0
107900046,0,0,0
107900047,0,0,0
107900048,0,0,0
107900049,0,0,0
107900050,0,0,0
107900051,0,0,0
107900052,0,0,0
107900053,0,0,0
107900055,0,0,0
107900056,0,0,0
107900057,0,0,0
107900058,0,0,0
107900060,0,0,0
107900061,0,0,0
107900063,0,0,0
107900064,0,0,0
107900065,0,0,0
107900066,0,0,0
107900067,0,0,0
107900068,0,0,0
107900069,0,0,0
107900070,0,0,0
107900071,0,0,0
107900072,0,0,0
107900073,0,0,0
107900074,0,0,0
107900076,0,0,0
107900077,0,0,0
107900079,0,0,0
107900080,0,0,0
107900081,0,0,0
107900082,0,0,0
107900083,0,0,0
107900084,0,0,0
107900086,0,0,0
107900087,0,0,0
107900088,0,0,0
107900089,0,0,0
107900090,0,0,0
107900091,0,0,0
107900092,0,0,0
107900093,0,0,0
107900095,0,0,0
107900097,0,0,0
107900098,0,0,0
107900100,0,0,0
107900101,0,0,0
107900102,0,0,0
107900103,0,0,0
107900104,0,0,0
107900105,0,0,0
107900106,0,0,0
107900107,0,0,0
107900108,0,0,0
107900109,0,0,0
107900110,0,0,0
107900111,0,0,0
107900112,0,0,0
107900113,0,0,0
107900114,0,0,0
107900115,0,0,0
107900116,0,0,0
107900117,0,0,0
107900118,0,0,0
107900119,0,0,0
107900120,0,0,0
107900121,0,0,0
107900122,0,0,0
107900123,0,0,0
107900124,0,0,0
107900125,0,0,0
107900126,0,0,0
107900127,0,0,0
107900128,0,0,0
107900129,0,0,0
107900130,0,0,0
107900131,0,0,0
107900132,0,0,0
107900133,0,0,0
107900134,0,0,0
107900135,0,0,0
107900136,0,0,0
107900137,0,0,0
107900138,0,0,0
107900139,0,0,0
107900141,0,0,0
107900142,0,0,0
107900143,0,0,0
107900144,0,0,0
107900145,0,0,0
107900146,0,0,0
107900147,0,0,0
107900148,0,0,0
107900149,0,0,0
107900150,0,0,0
107900151,0,0,0
107900152,0,0,0
107900153,0,0,0
107900154,0,0,0
107900155,0,0,0
107900156,0,0,0
107900157,0,0,0
107900158,0,0,0
107900159,0,0,0
107900160,0,0,0
107900161,0,0,0
107900162,0,0,0
107900163,0,0,0
107900164,0,0,0
107900165,0,0,0
107900166,0,0,0
107900167,0,0,0
107900168,0,0,0
107900169,0,0,0
107900171,0,0,0
107900172,0,0,0
107900173,0,0,0
107900174,0,0,0
107900175,0,0,0
107900176,0,0,0
107900177,0,0,0
107900178,0,0,0
107900179,0,0,0
107900180,0,0,0
107900181,0,0,0
107900182,0,0,0
107900183,0,0,0
107900184,0,0,0
107900185,0,0,0
107900186,0,0,0
107900187,0,0,0
107900188,0,0,0
107900189,0,0,0
107900190,0,0,0
107900191,0,0,0
107900193,0,0,0
107900194,0,0,0
107900195,0,0,0
107900196,0,0,0
107900197,0,0,0
107900199,0,0,0
107900201,0,0,0
107900203,0,0,0
107900204,0,0,0
107900206,0,0,0
107900207,0,0,0
107900208,0,0,0
107900209,0,0,0
107900210,0,0,0
107900213,0,0,0
107900214,0,0,0
107900215,0,0,0
107900216,0,0,0
107900217,0,0,0
107900218,0,0,0
107900219,0,0,0
107900220,0,0,0
107900221,0,0,0
107900223,0,0,0
107900224,0,0,0
107900225,0,0,0
107900226,0,0,0
107900227,0,0,0
107900228,0,0,0
107900229,0,0,0
107900230,0,0,0
107900231,0,0,0
107900232,0,0,0
107900233,0,0,0
107900234,0,0,0
107900235,0,0,0
107900236,0,0,0
107900237,0,0,0
107900238,0,0,0
107900239,0,0,0
107900240,0,0,0
107900241,0,0,0
107900242,0,0,0
107900243,0,0,0
107900244,0,0,0
107900245,0,0,0
107900246,0,0,0
107900248,0,0,0
107900249,0,0,0
107900250,0,0,0
107900251,0,0,0
107900252,0,0,0
107900253,0,0,0
107900254,0,0,0
107900255,0,0,0
107900256,0,0,0
107900257,0,0,0
107900258,0,0,0
107900259,0,0,0
107900261,0,0,0
107900262,0,0,0
107900264,0,0,0
107900265,0,0,0
107900267,0,0,0
107900268,0,0,0
107900269,0,0,0
107900270,0,0,0
107900271,0,0,0
107900272,0,0,0
107900273,0,0,0
107900274,0,0,0
107900275,0,0,0
107900276,0,0,0
107900277,0,0,0
107900278,0,0,0
107900279,0,0,0
107900280,0,0,0
107900281,0,0,0
107900282,0,0,0
107900283,0,0,0
107900284,0,0,0
107900285,0,0,0
107900286,0,0,0
107900287,0,0,0
107900290,0,0,0
107900291,0,0,0
107900292,0,0,0
107900293,0,0,0
107900295,0,0,0
107900297,0,0,0
107900298,0,0,0
107900299,0,0,0
107900300,11,8,3
107900301,3,71,-68
107900302,0,0,0
107900303,1,0,1
107900304,0,0,0
107900305,0,0,0
107900306,0,0,0
107900307,0,0,0
107900308,0,0,0
107900309,0,0,0
107900310,0,0,0
107900311,0,0,0
107900312,0,0,0
107900313,0,0,0
107900314,0,0,0
107900315,0,0,0
107900316,0,0,0
107900317,0,0,0
107900318,0,0,0
107900319,0,0,0
107900320,0,0,0
107900321,0,0,0
107900322,0,0,0
107900323,0,0,0
107900324,0,0,0
107900325,0,0,0
107900326,0,0,0
107900327,0,0,0
107900328,0,0,0
107900329,0,0,0
107900330,0,0,0
107900331,0,0,0
107900332,0,0,0
107900333,0,0,0
107900334,0,0,0
107900335,0,0,0
107900336,0,0,0
107900337,0,0,0
107900338,0,0,0
107900339,0,0,0
107900340,0,0,0
107900341,0,0,0
107900342,0,0,0
107900343,0,0,0
107900344,0,0,0
107900345,1,1,0
107900346,0,0,0
107900347,0,0,0
107900348,0,0,0
107900349,0,0,0
107900350,0,0,0
107900351,0,0,0
107900352,0,0,0
107900353,0,0,0
107900354,0,0,0
108000001,2102,1199,903
108000002,91,153,-62
108000003,1516,727,789
108000004,325,1442,-1117
108000005,4489,1547,2942
108000006,90,586,-496
108000007,3908,997,2911
108000008,426,274,152
108000009,2719,1015,1704
108000010,202,252,-50
108000011,4715,1577,3138
108000012,450,645,-195
108000014,129,1,128
108000015,486,8,478
108000016,0,0,0
108000017,701,31,670
108000018,1402,75,1327
108000019,194,46,148
108000020,418,77,341
108000021,0,0,0
108000022,21,48,-27
108000023,599,73,526
108000024,194,5,189
108000025,27,8,19
108000026,428,19,409
108000027,67,3,64
108000028,477,11,466
108000029,55,1,54
108000030,308,16,292
108000031,3,0,3
108000032,1256,61,1195
108000033,0,0,0
108000034,1007,61,946
108000035,0,0,0
108000036,17,32,-15
108000037,455,58,397
108000038,945,29,916
108000039,24,22,2
108000040,1255,199,1056
108000041,13,15,-2
108000042,251,6,245
108000043,22,1,21
108000044,620,12,608
108000045,13,0,13
108000046,1082,192,890
108000047,0,0,0
108000048,0,0,0
108000049,317,40,277
108000050,1,5,-4
108000051,128,35,93
108000052,1,5,-4
108000053,277,44,233
108000054,7,14,-7
108000055,417,128,289
108000056,19,30,-11
108000057,294,452,-158
108000058,487,664,-177
108000059,3,112,-109
108000060,162,177,-15
108000061,0,0,0
108000062,210,96,114
108000063,0,0,0
108000064,125,108,17
108000065,0,0,0
108000066,349,43,306
108000067,784,13,771
108000068,622,97,525
108000069,0,0,0
108000070,1475,71,1404
108000071,0,0,0
108000072,1594,100,1494
108000073,0,0,0
108000074,516,102,414
108000075,0,0,0
108000076,892,323,569
108000077,0,0,0
108000078,1800,589,1211
108000079,0,0,0
108000080,976,266,710
108000081,0,0,0
108000082,0,0,0
108000083,123,36,87
108000084,0,0,0
108000085,94,45,49
108000086,0,0,0
108000087,15,225,-210
108000088,390,21,369
108000089,0,0,0
108000090,229,15,214
108000091,0,0,0
108000092,484,18,466
108000093,0,0,0
108000094,749,81,668
108000095,0,0,0
108000096,386,336,50
108000097,0,0,0
108000098,1164,103,1061
108000099,62,21,41
108000100,129,65,64
108000101,1002,241,761
108000102,418,581,-163
108000106,154,0,154
108000107,0,0,0
108000108,95,2,93
108000109,0,0,0
108000110,3,11,-8
108000111,0,0,0
108000112,1,12,-11
108000113,97,29,68
108000115,42,24,18
108000117,182,8,174
108000118,4,36,-32
108000119,79,8,71
108000120,545,110,435
108000121,50,30,20
108000122,568,30,538
108000123,428,62,366
108000124,0,0,0
108000125,398,64,334
108000126,0,0,0
108000127,431,52,379
108000128,0,0,0
108000129,0,0,0
108000130,335,27,308
108000131,335,69,266
108000132,0,0,0
108000133,775,22,753
108000134,0,0,0
108000135,1351,11,1340
108000136,0,0,0
108000137,51,10,41
108000138,19,28,-9
108000139,64,32,32
108000140,0,0,0
108000141,0,0,0
108000142,0,0,0
108000143,0,0,0
108000144,0,0,0
108000145,0,0,0
108000146,0,0,0
108000147,0,0,0
108000148,0,0,0
108000149,0,0,0
108000150,0,0,0
108000151,0,0,0
108000152,0,0,0
108000153,0,0,0
108000154,0,0,0
108000155,0,0,0
108000156,0,0,0
108000157,0,0,0
108000158,0,0,0
108000159,34,6,28
108000160,116,13,103
108000161,234,65,169
108000165,0,0,0
108000172,0,0,0
108000173,0,0,0
108000175,307,12,295
108000178,0,0,0
108000179,76,489,-413
108000181,0,0,0
108000182,0,0,0
108000183,0,0,0
108000184,26,180,-154
108000185,0,0,0
108000186,0,0,0
108000187,0,0,0
108000188,0,0,0
108000189,90,30,60
108000190,0,0,0
108000192,0,0,0
108000193,0,117,-117
108000194,9,0,9
108000195,0,0,0
108000196,79,22,57
108000198,0,0,0
108000199,0,0,0
108000200,0,0,0
108000203,0,0,0
108000204,0,0,0
108000205,0,0,0
108000339,161,14,147
108000364,30,9,21
108000365,1,11,-10
108000367,0,0,0
108000368,0,0,0
108000369,0,0,0
108000371,0,0,0
108000372,121,0,121
108000373,29,12,17
108000376,0,0,0
108000377,41,54,-13
108000378,5406,2676,2730
108000379,0,0,0
108000381,0,0,0
108000382,64,0,64
108000383,0,0,0
108900001,0,0,0
108900002,0,0,0
108900003,0,0,0
108900004,90,38,52
108900005,0,11,-11
108900006,1,3,-2
108900007,80,43,37
108900008,2,3,-1
108900009,3,0,3
108900010,0,0,0
108900011,93,17,76
108900012,47,9,38
108900013,85,21,64
108900014,0,0,0
108900015,0,0,0
108900016,0,0,0
108900017,0,0,0
108900018,0,0,0
108900019,0,0,0
108900020,0,0,0
108900021,0,0,0
108900022,0,0,0
108900023,0,0,0
108900024,0,0,0
108900025,0,0,0
108900026,0,0,0
108900027,0,0,0
108900028,0,0,0
108900029,0,0,0
108900030,0,0,0
108900031,0,0,0
108900032,0,0,0
108900033,0,0,0
108900034,0,0,0
108900035,0,0,0
108900036,0,0,0
108900037,0,0,0
108900038,0,0,0
108900039,0,0,0
108900040,0,0,0
108900041,206,64,142
108900042,0,0,0
108900043,0,0,0
108900044,0,0,0
108900045,0,0,0
108900046,0,0,0
108900047,0,0,0
108900048,0,0,0
108900049,0,0,0
108900050,0,0,0
108900051,0,0,0
108900052,0,0,0
108900053,0,0,0
108900054,0,0,0
108900055,0,0,0
108900056,0,0,0
108900057,0,0,0
108900058,0,0,0
108900059,0,0,0
108900060,0,5,-5
108900061,0,0,0
108900062,0,0,0
108900063,0,0,0
108900064,0,0,0
108900065,0,0,0
108900066,12,0,12
108900067,0,0,0
108900068,0,0,0
108900069,0,0,0
108900070,0,0,0
108900071,0,0,0
108900072,0,0,0
108900073,0,0,0
108900074,0,0,0
108900075,0,0,0
108900076,2,0,2
108900077,0,0,0
108900078,0,0,0
108900079,0,0,0
108900080,0,0,0
108900081,0,0,0
108900082,0,0,0
108900083,0,0,0
108900084,0,0,0
108900085,0,0,0
108900086,0,0,0
108900087,0,0,0
108900088,28,4,24
108900089,0,0,0
108900090,0,0,0
108900091,0,0,0
108900092,59,5,54
108900093,0,0,0
108900094,0,0,0
108900095,0,0,0
108900096,0,0,0
108900097,1,0,1
108900098,0,0,0
108900099,20,0,20
108900100,0,0,0
108900101,0,0,0
108900102,0,0,0
108900103,0,0,0
108900104,0,0,0
108900105,0,0,0
108900106,32,0,32
108900108,0,0,0
108900109,0,0,0
108900110,3,3,0
108900111,13,1,12
108900112,0,0,0
108900113,0,0,0
108900114,0,0,0
108900115,0,0,0
108900116,0,0,0
108900117,0,0,0
108900118,0,0,0
108900119,0,0,0
108900120,0,0,0
108900121,0,0,0
108900122,0,0,0
108900123,0,0,0
108900124,0,0,0
108900125,0,0,0
108900126,0,0,0
108900127,0,0,0
108900128,0,0,0
108900129,0,0,0
108900130,0,0,0
108900131,0,0,0
108900132,0,0,0
108900133,0,0,0
108900134,0,0,0
108900135,0,0,0
108900136,0,0,0
108900137,0,0,0
108900138,0,0,0
108900139,0,0,0
108900140,0,0,0
108900141,0,0,0
108900142,0,0,0
108900143,0,0,0
108900144,0,0,0
108900145,0,0,0
108900146,0,0,0
108900147,0,0,0
108900148,0,0,0
108900149,0,0,0
108900150,0,0,0
108900151,0,0,0
108900152,0,0,0
108900153,0,0,0
108900154,2,0,2
108900155,0,0,0
108900156,0,0,0
108900157,0,0,0
108900158,0,0,0
108900159,0,0,0
108900160,0,0,0
108900161,0,0,0
108900162,0,0,0
108900163,0,0,0
108900164,0,0,0
108900165,0,0,0
108900167,0,0,0
108900168,0,0,0
108900169,0,0,0
108900171,26,70,-44
108900172,0,0,0
108900173,0,0,0
108900174,0,0,0
108900176,0,0,0
108900177,0,0,0
108900178,0,0,0
108900179,0,19,-19
108900180,1,26,-25
108900182,0,3,-3
108900183,0,0,0
108900184,45,0,45
108900185,0,0,0
108900186,0,0,0
108900187,0,0,0
108900188,0,0,0
108900189,8,0,8
108900190,0,0,0
108900191,0,0,0
108900192,0,0,0
108900193,0,0,0
108900194,0,0,0
108900195,0,0,0
108900196,0,0,0
108900198,0,0,0
108900199,0,0,0
108900200,2,4,-2
108900201,0,0,0
108900203,0,0,0
108900204,0,0,0
108900205,0,0,0
108900206,0,0,0
108900207,0,0,0
108900208,0,0,0
108900209,0,0,0
108900210,0,0,0
108900211,0,0,0
108900212,0,0,0
108900215,0,0,0
108900216,0,0,0
108900217,0,0,0
108900218,0,0,0
108900219,0,0,0
108900220,0,0,0
108900221,0,0,0
108900222,0,0,0
108900223,0,0,0
108900224,0,0,0
108900225,0,0,0
108900227,0,0,0
108900230,0,0,0
108900231,0,0,0
108900232,0,0,0
108900233,0,0,0
108900234,0,0,0
108900235,0,0,0
108900236,0,0,0
108900237,0,0,0
108900240,0,0,0
108900241,0,0,0
108900245,0,0,0
108900249,0,0,0
108900250,0,0,0
108900257,0,0,0
108900258,0,0,0
108900259,0,0,0
108900260,0,0,0
108900261,0,0,0
108900262,0,0,0
108900263,0,0,0
108900264,0,0,0
108900265,0,0,0
108900266,0,0,0
108900267,0,0,0
108900268,0,0,0
108900269,0,0,0
108900270,0,0,0
108900271,0,0,0
108900272,0,0,0
108900273,0,0,0
108900274,0,0,0
109000001,754,492,262
109000002,0,270,-270
109000003,1678,240,1438
109000004,1,148,-147
109000005,1473,125,1348
109000006,1,139,-138
109000007,1494,216,1278
109000008,0,97,-97
109000009,1799,294,1505
109000010,26,226,-200
109000011,2252,510,1742
109000012,40,191,-151
109000013,2747,712,2035
109000014,35,193,-158
109000015,3460,508,2952
109000016,77,251,-174
109000017,1881,360,1521
109000018,60,241,-181
109000019,1709,328,1381
109000020,7,118,-111
109000023,8,1,7
109000024,0,0,0
109000025,0,0,0
109000026,49,1,48
109000027,0,0,0
109000028,25,0,25
109000029,0,0,0
109000030,0,0,0
109000031,244,38,206
109000032,0,0,0
109000033,205,21,184
109000034,0,0,0
109000035,0,0,0
109000036,2,22,-20
109000037,0,0,0
109000038,36,30,6
109000039,0,0,0
109000040,0,0,0
109000041,45,94,-49
109000042,24,41,-17
109000044,89,14,75
109000045,0,0,0
109000046,172,15,157
109000047,0,0,0
109000048,245,35,210
109000049,0,0,0
109000050,224,92,132
109000051,0,0,0
109000052,0,0,0
109000053,0,0,0
109000054,0,0,0
109000055,0,0,0
109000056,0,0,0
109000057,0,0,0
109000058,0,0,0
109000059,0,0,0
109000060,3,10,-7
109000061,0,0,0
109000062,3,11,-8
109000063,0,0,0
109000064,1,14,-13
109000065,0,0,0
109000066,9,1,8
109000067,0,0,0
109000068,107,0,107
109000069,243,39,204
109000070,0,0,0
109000071,0,0,0
109000072,0,0,0
109000073,0,0,0
109000074,0,3,-3
109000075,0,0,0
109000076,25,25,0
109000077,22,5,17
109000078,0,14,-14
109000079,1,0,1
109000080,6,2,4
109000081,31,2,29
109000082,32,11,21
109000083,24,4,20
109000088,0,21,-21
109000089,0,0,0
109000090,0,26,-26
109000091,0,0,0
109000092,2,23,-21
109000093,0,0,0
109000094,3,0,3
109000095,0,7,-7
109000096,27,1,26
109000097,0,0,0
109000098,27,4,23
109000099,240,9,231
109000100,10,14,-4
109000101,329,13,316
109000102,5,36,-31
109000103,19,25,-6
109000104,480,12,468
109000105,13,67,-54
109000106,367,2,365
109000107,7,31,-24
109000108,368,26,342
109000109,13,47,-34
109000110,38,112,-74
109000111,13,177,-164
109000112,0,0,0
109000113,5,9,-4
109000114,143,86,57
109000115,243,5,238
109000116,0,0,0
109000117,117,0,117
109000118,0,0,0
109000119,370,4,366
109000120,1,0,1
109000121,184,14,170
109000122,0,0,0
109000123,0,0,0
109000124,42,0,42
109000125,580,20,560
109000126,0,1,-1
109000127,591,17,574
109000128,3,0,3
109000129,494,78,416
109000130,0,4,-4
109000131,86,175,-89
109000132,16,40,-24
109000133,0,0,0
109000134,0,0,0
109000135,0,0,0
109000136,21,20,1
109000137,73,3,70
109000138,21,15,6
109000139,88,29,59
109000140,1,5,-4
109000141,116,6,110
109000142,0,1,-1
109000143,0,0,0
109000145,0,0,0
109000146,27,28,-1
109000148,0,0,0
109000149,0,0,0
109000150,12,103,-91
109000155,0,0,0
109000156,294,34,260
109000158,0,0,0
109000159,46,6,40
109000160,0,0,0
109000161,524,39,485
109000162,55,3,52
109000163,522,26,496
109000164,58,22,36
109000165,388,128,260
109000166,82,5,77
109000167,0,1,-1
109000170,0,0,0
109000171,0,0,0
109000172,0,0,0
109000173,0,0,0
109000174,0,0,0
109000175,0,0,0
109000176,20,1,19
109000177,0,0,0
109000178,13,0,13
109000179,0,0,0
109000180,0,0,0
109000181,0,0,0
109000182,0,0,0
109000183,0,2,-2
109000184,0,0,0
109000185,16,1,15
109000188,17,17,0
109000189,51,0,51
109000190,0,0,0
109000191,391,47,344
109000192,0,0,0
109000193,0,0,0
109000194,0,0,0
109000195,0,0,0
109000196,0,0,0
109000197,0,0,0
109000198,0,0,0
109000199,0,0,0
109000206,0,0,0
109000207,0,0,0
109000208,0,0,0
109000209,0,0,0
109000210,0,4,-4
109000211,1,0,1
109000214,59,72,-13
109000215,261,26,235
109000216,38,203,-165
109000217,0,0,0
109000218,0,0,0
109000221,2,13,-11
109000222,10,5,5
109000223,0,48,-48
109000224,0,0,0
109000225,0,0,0
109000226,20,0,20
109000227,47,5,42
109000228,0,0,0
109000231,0,0,0
109000232,80,2,78
109000236,0,0,0
109000241,48,27,21
109000242,309,46,263
109000293,0,0,0
109000361,4,25,-21
109000364,0,0,0
109000396,0,3,-3
109000397,0,0,0
109000399,3,7,-4
109000400,0,0,0
109000403,0,0,0
109000406,132,5,127
109000407,0,0,0
109000408,0,100,-100
109000410,0,0,0
109000411,21,0,21
109900001,0,0,0
109900002,0,0,0
109900003,0,0,0
109900004,0,0,0
109900005,0,0,0
109900006,0,0,0
109900007,0,0,0
109900008,0,0,0
109900009,0,0,0
109900010,0,0,0
109900011,0,0,0
109900012,0,0,0
109900013,0,0,0
109900014,0,0,0
109900015,0,0,0
109900016,0,0,0
109900017,0,0,0
109900018,0,0,0
109900019,0,0,0
109900020,0,0,0
109900021,0,0,0
109900022,2,0,2
109900023,0,0,0
109900024,0,0,0
109900025,0,0,0
109900026,0,0,0
109900027,0,0,0
109900028,0,0,0
109900029,0,0,0
109900030,0,0,0
109900031,0,0,0
109900032,0,0,0
109900033,0,0,0
109900034,0,0,0
109900035,0,0,0
109900036,0,0,0
109900037,0,0,0
109900038,0,0,0
109900039,0,0,0
109900040,0,0,0
109900041,0,0,0
109900042,0,0,0
109900044,0,0,0
109900045,0,0,0
109900046,0,1,-1
109900047,0,0,0
109900048,0,0,0
109900049,0,0,0
109900050,0,0,0
109900051,0,0,0
109900052,0,0,0
109900053,0,0,0
109900054,0,0,0
109900055,0,0,0
109900056,0,0,0
109900057,0,0,0
109900058,0,0,0
109900059,0,0,0
109900060,0,0,0
109900061,0,0,0
109900062,0,0,0
109900063,0,0,0
109900064,19,0,19
109900065,0,0,0
109900066,0,0,0
109900067,0,0,0
109900068,0,0,0
109900069,0,0,0
109900070,0,0,0
109900071,0,0,0
109900072,0,0,0
109900073,0,0,0
109900074,0,0,0
109900075,0,0,0
109900076,0,0,0
109900077,0,0,0
109900078,0,0,0
109900080,0,0,0
109900081,0,0,0
109900082,0,0,0
109900083,0,0,0
109900084,0,0,0
109900085,0,0,0
109900086,0,0,0
109900087,0,0,0
109900089,0,0,0
109900090,0,0,0
109900091,0,0,0
109900092,0,0,0
109900093,0,0,0
109900094,0,0,0
109900095,0,0,0
109900096,0,0,0
109900097,0,0,0
109900098,0,0,0
109900099,0,0,0
109900100,0,0,0
109900101,0,0,0
109900102,0,0,0
109900103,0,0,0
109900104,0,0,0
109900105,0,0,0
109900106,0,0,0
109900107,0,0,0
109900108,0,0,0
109900109,0,0,0
109900110,0,0,0
109900111,0,0,0
109900112,0,0,0
109900113,0,0,0
109900114,0,0,0
109900115,0,0,0
109900117,0,0,0
109900118,0,0,0
109900119,0,0,0
109900120,0,0,0
109900121,0,0,0
109900122,0,0,0
109900123,0,0,0
109900124,0,0,0
109900125,0,0,0
109900126,0,0,0
109900128,0,0,0
109900130,0,0,0
109900131,0,0,0
109900132,0,0,0
109900133,0,0,0
109900134,0,0,0
109900135,0,0,0
109900136,0,0,0
109900137,0,0,0
109900140,0,0,0
109900142,0,0,0
109900145,0,0,0
109900146,0,0,0
109900148,0,0,0
109900149,0,0,0
109900150,0,0,0
109900151,0,0,0
109900152,0,0,0
109900153,0,0,0
109900154,0,0,0
109900155,0,0,0
109900157,0,0,0
109900158,0,0,0
109900159,0,0,0
109900160,0,0,0
109900161,0,0,0
109900162,0,0,0
109900163,0,0,0
109900164,0,0,0
109900165,0,0,0
109900166,0,0,0
109900167,0,0,0
109900168,0,0,0
109900169,0,0,0
109900170,0,0,0
109900171,0,0,0
109900172,0,0,0
109900173,0,0,0
109900174,0,0,0
109900175,0,0,0
109900176,0,0,0
109900177,0,0,0
109900178,0,0,0
109900179,0,0,0
109900180,0,0,0
110000001,53,63,-10
110000002,622,319,303
110000003,99,211,-112
110000004,630,196,434
110000005,31,61,-30
110000006,2,60,-58
110000007,6,12,-6
110000008,0,0,0
110000009,0,0,0
110000010,0,0,0
110000011,6,0,6
110000012,0,0,0
110000013,0,23,-23
110000014,22,27,-5
110000015,6,4,2
110000016,57,43,14
110000017,67,68,-1
110000018,17,44,-27
110000019,0,0,0
110000020,0,0,0
110000021,56,5,51
110000022,0,0,0
110000023,0,0,0
110000024,0,0,0
110000025,0,0,0
110000026,0,0,0
110000027,9,19,-10
110000028,112,34,78
110000029,0,0,0
110000030,81,15,66
110000031,0,0,0
110000032,132,2,130
110000033,13,25,-12
110000034,1,0,1
110000035,21,48,-27
110000036,52,0,52
110000037,1,19,-18
110000038,24,0,24
110000039,128,55,73
110000040,0,0,0
110000041,183,136,47
110000042,0,0,0
110000043,78,69,9
110000044,0,0,0
110000045,1,21,-20
110000046,0,0,0
110000047,0,7,-7
110000048,0,0,0
110000049,1,2,-1
110000050,0,0,0
110000051,0,1,-1
110000052,3,8,-5
110000053,1,0,1
110000054,0,0,0
110000055,16,1,15
110000056,124,21,103
110000057,0,0,0
110000058,55,98,-43
110000059,18,54,-36
110000060,797,178,619
110000061,55,111,-56
110000062,667,157,510
110000063,0,0,0
110000064,3,5,-2
110000065,0,0,0
110000066,0,0,0
110000067,7,1,6
110000068,0,0,0
110000069,0,0,0
110000071,0,0,0
110000073,0,0,0
110000075,0,0,0
110000076,0,0,0
110000077,0,0,0
110000078,0,0,0
110000080,33,13,20
110000081,1,0,1
110000082,0,0,0
110000083,27,103,-76
110000084,405,156,249
110000085,271,364,-93
110000086,342,177,165
110000087,0,17,-17
110000088,0,134,-134
110000089,382,3,379
110000090,0,0,0
110000091,0,0,0
110000092,0,0,0
110000093,69,4,65
110000094,4,3,1
110000095,367,41,326
110000096,87,36,51
110000097,573,73,500
110000098,414,57,357
110000099,31,56,-25
110000100,48,1,47
110000101,0,0,0
110000102,0,0,0
110000104,0,0,0
110000105,20,8,12
110000106,0,0,0
110000107,4,38,-34
110000108,350,1,349
110000109,0,0,0
110000110,1000,157,843
110000111,0,0,0
110000112,0,0,0
110000113,0,0,0
110000114,0,1,-1
110000115,14,5,9
110000116,6,0,6
110000117,0,0,0
110000118,174,32,142
110000119,0,0,0
110000120,51,19,32
110000121,0,0,0
110000122,30,9,21
110000123,93,48,45
110000124,0,0,0
110000125,263,25,238
110000126,92,5,87
110000127,235,4,231
110000128,0,0,0
110000129,0,0,0
110000130,52,4,48
110000131,0,0,0
110000132,0,0,0
110000133,0,0,0
110000134,0,0,0
110000135,33,1,32
110000136,0,0,0
110000137,97,3,94
110000138,0,0,0
110000139,80,3,77
110000140,611,9,602
110000143,128,11,117
110000144,1035,305,730
110000145,290,83,207
110000146,746,53,693
110000147,0,0,0
110000148,89,13,76
110000151,20,72,-52
110000152,1,7,-6
110000153,0,0,0
110000154,0,2,-2
110000155,77,346,-269
110000156,28,93,-65
110000157,38,325,-287
110000160,0,0,0
110000161,0,0,0
110000166,0,0,0
110000167,323,30,293
110000168,482,73,409
110000169,197,90,107
110000170,16,33,-17
110000171,192,3,189
110000172,13,44,-31
110000173,36,17,19
110000174,0,0,0
110000175,22,1,21
110000176,25,20,5
110000177,10,58,-48
110000178,116,40,76
110000179,79,100,-21
110000180,65,39,26
110000181,108,20,88
110000182,77,2,75
110000183,295,106,189
110000184,118,69,49
110000185,0,0,0
110000186,0,0,0
110000191,123,2,121
110000192,0,0,0
110000193,0,0,0
110000194,0,0,0
110000195,0,0,0
110000196,0,0,0
110000197,0,0,0
110000198,0,0,0
110000199,0,0,0
110000200,9,0,9
110000201,0,0,0
110000202,0,0,0
110000203,0,0,0
110000204,0,0,0
110000205,0,0,0
110000206,0,0,0
110000207,0,0,0
110000208,0,0,0
110000209,0,0,0
110000210,760,179,581
110000211,542,236,306
110000212,95,37,58
110000213,0,2,-2
110000214,5,0,5
110000215,0,0,0
110000216,0,0,0
110000217,124,1,123
110000218,0,0,0
110000219,60,0,60
110000220,0,0,0
110000221,9,0,9
110000222,0,0,0
110000223,0,0,0
110000224,0,0,0
110000225,0,0,0
110000226,365,23,342
110000227,0,0,0
110000228,12,0,12
110000229,0,0,0
110000230,337,63,274
110000231,67,78,-11
110000232,0,0,0
110000233,46,22,24
110000234,146,22,124
110000235,130,69,61
110000236,0,0,0
110000237,0,0,0
110000238,324,96,228
110000239,0,0,0
110000240,0,0,0
110000242,0,0,0
110000243,0,0,0
110000244,0,0,0
110000245,0,0,0
110000246,18,7,11
110000247,67,37,30
110000248,29,9,20
110000249,0,0,0
110000250,0,7,-7
110000251,6,14,-8
110000252,37,2,35
110000253,59,42,17
110000254,0,0,0
110000255,0,0,0
110000256,40,24,16
110000257,23,0,23
110000258,0,3,-3
110000259,0,0,0
110000260,0,0,0
110000263,0,0,0
110000264,6,3,3
110000265,919,127,792
110000266,444,355,89
110000267,0,0,0
110000268,2,0,2
110000269,0,0,0
110000270,23,0,23
110000271,140,8,132
110000272,157,144,13
110000273,124,155,-31
110000274,35,183,-148
110000275,108,38,70
110000276,16,81,-65
110000277,452,41,411
110000278,4,118,-114
110000279,309,102,207
110000280,273,33,240
110000281,0,0,0
110000282,39,1,38
110000283,0,0,0
110000284,0,0,0
110000285,0,0,0
110000286,31,2,29
110000287,12,0,12
110000288,0,0,0
110000289,0,0,0
110000290,0,0,0
110000291,176,11,165
110000292,0,0,0
110000293,144,9,135
110000294,0,0,0
110000295,96,6,90
110000296,0,0,0
110000297,0,0,0
110000298,0,0,0
110000299,0,0,0
110000301,0,0,0
110000302,0,0,0
110000303,0,0,0
110000304,0,0,0
110000305,83,0,83
110000306,0,0,0
110000307,108,1,107
110000308,114,0,114
110000309,0,0,0
110000310,69,0,69
110000311,0,0,0
110000312,21,0,21
110000313,0,0,0
110000314,0,0,0
110000315,24,135,-111
110000316,1,113,-112
110000317,0,0,0
110000318,0,0,0
110000319,0,0,0
110000320,0,0,0
110000321,0,0,0
110000322,1,7,-6
110000323,0,0,0
110000324,0,0,0
110000325,478,276,202
110000327,126,0,126
110000328,0,0,0
110000333,52,105,-53
110000334,2,0,2
110000335,43,18,25
110000336,2,15,-13
110000337,628,188,440
110000338,40,6,34
110000339,22,30,-8
110000340,0,2,-2
110000341,49,0,49
110000342,5,0,5
110000343,0,0,0
110000344,0,0,0
110000345,1,1,0
110000346,265,234,31
110000347,581,148,433
110000348,0,0,0
110000349,0,0,0
110000350,5,0,5
110000351,357,100,257
110000352,0,0,0
110000353,744,45,699
110000354,0,5,-5
110000355,0,0,0
110000356,176,2,174
110000357,0,0,0
110000361,0,0,0
110000362,0,6,-6
110000363,78,0,78
110000364,111,66,45
110000365,33,0,33
110000366,0,0,0
110000367,0,0,0
110000368,0,0,0
110000369,6,0,6
110000373,0,0,0
110000374,0,0,0
110000375,57,16,41
110000376,0,0,0
110000377,64,123,-59
110000378,0,0,0
110000379,437,169,268
110000380,72,1,71
110000383,0,0,0
110000384,170,1,169
110000385,0,0,0
110000387,17,0,17
110000388,0,0,0
110000389,567,9,558
110000391,221,18,203
110000396,0,0,0
110000397,0,0,0
110000398,0,0,0
110000399,448,0,448
110000587,1,0,1
110000589,3,0,3
110000640,0,0,0
110000652,0,0,0
110000653,0,0,0
110000654,0,0,0
110000656,0,0,0
110000674,0,0,0
110000675,0,0,0
110000676,0,0,0
110000679,2,8,-6
110000682,17,29,-12
110000683,82,54,28
110000684,0,0,0
110000685,4,2,2
110000686,0,0,0
110000687,1,0,1
110000688,26,2,24
110000689,0,0,0
110000692,0,0,0
110000693,0,0,0
110000694,0,0,0
110000695,0,0,0
110000696,41,15,26
110900001,0,0,0
110900002,0,0,0
110900003,0,0,0
110900004,0,0,0
110900005,0,0,0
110900006,0,0,0
110900007,0,0,0
110900008,0,0,0
110900009,0,0,0
110900010,0,0,0
110900011,0,0,0
110900012,0,0,0
110900013,0,0,0
110900014,0,0,0
110900015,0,0,0
110900016,0,0,0
110900017,0,0,0
110900018,0,0,0
110900019,0,0,0
110900020,0,0,0
110900021,0,0,0
110900022,0,0,0
110900023,0,0,0
110900024,0,0,0
110900025,0,0,0
110900027,0,0,0
110900028,0,0,0
110900029,0,0,0
110900030,0,0,0
110900031,0,0,0
110900032,0,0,0
110900033,0,0,0
110900035,0,0,0
110900036,0,0,0
110900037,0,0,0
110900038,0,0,0
110900039,0,0,0
110900040,0,0,0
110900041,0,0,0
110900042,0,0,0
110900043,0,0,0
110900044,0,0,0
110900045,0,0,0
110900046,0,0,0
110900047,0,0,0
110900049,0,0,0
110900050,0,0,0
110900051,0,0,0
110900052,0,0,0
110900053,0,0,0
110900054,0,0,0
110900055,0,0,0
110900056,0,0,0
110900057,0,0,0
110900058,0,0,0
110900059,0,0,0
110900060,0,0,0
110900061,0,0,0
110900062,0,0,0
110900063,0,0,0
110900064,0,0,0
110900065,0,0,0
110900066,0,0,0
110900067,0,0,0
110900068,0,0,0
110900069,0,0,0
110900070,0,0,0
110900071,0,0,0
110900073,0,0,0
110900074,0,0,0
110900075,0,0,0
110900077,0,0,0
110900078,0,0,0
110900079,13,1,12
110900080,0,0,0
110900081,0,0,0
110900082,0,0,0
110900083,0,0,0
110900084,0,0,0
110900085,0,0,0
110900086,0,0,0
110900087,0,0,0
110900088,0,0,0
110900090,0,0,0
110900091,0,0,0
110900093,0,0,0
110900095,0,0,0
110900097,0,0,0
110900098,0,0,0
110900099,0,0,0
110900100,0,0,0
110900102,0,0,0
110900105,0,0,0
110900108,0,0,0
110900111,0,0,0
110900112,0,0,0
110900113,0,0,0
110900115,0,0,0
110900116,0,0,0
110900118,0,0,0
110900119,0,0,0
110900120,0,0,0
110900121,0,0,0
110900122,0,0,0
110900125,0,0,0
110900127,0,0,0
110900128,0,0,0
110900129,0,0,0
110900130,0,0,0
110900131,0,0,0
110900132,0,0,0
110900133,0,0,0
110900135,0,0,0
110900136,0,0,0
110900139,0,0,0
110900140,0,0,0
110900141,0,0,0
110900142,0,0,0
110900143,0,0,0
110900144,0,0,0
110900145,0,0,0
110900146,0,0,0
110900147,0,0,0
110900148,0,0,0
110900149,0,0,0
110900150,0,0,0
110900151,0,0,0
110900152,0,0,0
110900153,0,0,0
111000001,42,52,-10
111000002,0,0,0
111000003,411,70,341
111000004,0,0,0
111000005,465,55,410
111000006,0,0,0
111000007,617,72,545
111000008,0,0,0
111000009,25,153,-128
111000010,508,142,366
111000011,44,30,14
111000012,324,37,287
111000013,11,55,-44
111000014,577,80,497
111000017,0,0,0
111000018,0,0,0
111000020,0,0,0
111000021,30,1,29
111000023,38,2,36
111000025,91,133,-42
111000029,0,0,0
111000030,0,0,0
111000031,515,121,394
111000032,66,6,60
111000033,54,4,50
111000034,4,30,-26
111000037,0,0,0
111000038,46,3,43
111000039,9,2,7
111000040,3,7,-4
111000041,0,0,0
111000042,0,0,0
111000043,892,108,784
111000044,876,112,764
111000045,1068,308,760
111000046,442,103,339
111000047,550,179,371
111000049,124,14,110
111000050,0,0,0
111000051,0,0,0
111000052,0,0,0
111000053,0,0,0
111000054,0,0,0
111000055,5,0,5
111000056,0,0,0
111000057,0,0,0
111000058,101,0,101
111000059,298,77,221
111000060,1524,75,1449
111000061,128,11,117
111000062,345,0,345
111000063,697,32,665
111000064,665,55,610
111000065,641,28,613
111000066,159,17,142
111000067,0,0,0
111000068,0,0,0
111000069,0,0,0
111000070,0,0,0
111000071,0,0,0
111000072,886,172,714
111000073,507,215,292
111000074,1053,246,807
111000075,211,28,183
111000076,317,44,273
111000077,793,185,608
111000078,212,14,198
111000079,313,29,284
111000080,122,31,91
111000081,80,73,7
111000082,130,27,103
111000084,64,133,-69
111000085,67,26,41
111000086,83,17,66
111000087,125,9,116
111000088,137,25,112
111000089,144,24,120
111000090,55,49,6
111000091,0,0,0
111000092,0,0,0
111000093,0,1,-1
111000094,23,1,22
111000095,14,21,-7
111000096,55,22,33
111000097,0,0,0
111000098,0,0,0
111000099,0,0,0
111000100,0,0,0
111000101,0,0,0
111000102,0,0,0
111000104,86,8,78
111000107,0,0,0
111000109,77,29,48
111000110,362,65,297
111000111,1180,38,1142
111000112,959,15,944
111000113,462,158,304
111000114,253,127,126
111000115,1287,118,1169
111000116,208,50,158
111000117,63,13,50
111000118,216,20,196
111000119,213,51,162
111000120,282,49,233
111000121,81,36,45
111000122,7,0,7
111000123,3,4,-1
111000124,0,0,0
111000125,0,0,0
111000126,0,0,0
111000127,303,3,300
111000128,852,7,845
111000129,1233,11,1222
111000130,1355,68,1287
111000131,800,15,785
111000132,477,71,406
111000133,7,12,-5
111000134,30,14,16
111000135,0,0,0
111000136,229,8,221
111000138,19,0,19
111000140,0,0,0
111000141,2,1,1
111000142,0,0,0
111000143,0,0,0
111000144,0,0,0
111000145,3,0,3
111000146,12,1,11
111000147,14,5,9
111000148,36,7,29
111000149,0,0,0
111000150,23,0,23
111000151,0,0,0
111000153,132,0,132
111000154,25,1,24
111000155,48,3,45
111000156,128,24,104
111000157,104,99,5
111000158,196,185,11
111000159,266,138,128
111000160,37,24,13
111000161,1,64,-63
111000162,0,0,0
111000163,0,0,0
111000164,0,0,0
111000165,188,5,183
111000166,0,0,0
111000167,0,0,0
111000168,23,30,-7
111000169,41,25,16
111000170,77,5,72
111000171,41,3,38
111000172,6,7,-1
111000173,44,11,33
111000174,7,7,0
111000175,0,6,-6
111000176,0,0,0
111000177,0,0,0
111000178,0,0,0
111000179,0,0,0
111000180,0,0,0
111000181,114,0,114
111000182,60,0,60
111000183,63,4,59
111000184,108,28,80
111000185,11,14,-3
111000186,10,0,10
111000187,17,1,16
111000188,2,1,1
111000189,0,0,0
111000190,0,0,0
111000191,0,0,0
111000192,0,0,0
111000193,0,0,0
111000194,0,0,0
111000195,0,0,0
111000196,0,0,0
111000197,60,6,54
111000198,145,2,143
111000199,70,7,63
111000200,309,13,296
111000201,80,2,78
111000202,97,3,94
111000203,116,18,98
111000204,51,206,-155
111000213,117,52,65
111000214,148,49,99
111000215,189,53,136
111000217,254,25,229
111000218,87,141,-54
111000219,0,0,0
111000220,166,55,111
111000221,16,40,-24
111000224,0,0,0
111000225,39,7,32
111000226,3,0,3
111000227,13,0,13
111000228,0,0,0
111000229,0,0,0
111000230,4,8,-4
111000231,159,14,145
111000232,0,0,0
111000233,0,0,0
111000234,0,0,0
111000239,0,0,0
111000240,33,13,20
111000241,0,0,0
111000242,21,11,10
111000243,0,0,0
111000244,59,12,47
111000245,222,26,196
111000246,139,23,116
111000247,0,0,0
111000248,90,19,71
111000249,0,0,0
111000250,0,0,0
111000251,0,0,0
111000253,0,0,0
111000255,0,0,0
111000257,0,0,0
111000260,0,0,0
111000261,53,2,51
111000271,0,0,0
111000273,112,20,92
111000274,209,167,42
111000275,88,5,83
111000276,0,0,0
111000277,0,0,0
111000278,165,1,164
111000291,162,439,-277
111000298,0,0,0
111000299,128,0,128
111000300,0,0,0
111000302,1,0,1
111000303,0,0,0
111000312,0,0,0
111000315,0,0,0
111000320,4,12,-8
111000321,11,15,-4
111000322,90,7,83
111000323,1,0,1
111000324,5,2,3
111000325,0,0,0
111000326,13,1,12
111000327,88,21,67
111000328,28,53,-25
111000329,0,0,0
111000330,4,0,4
111000331,24,0,24
111000332,137,93,44
111000334,17,15,2
111000335,24,3,21
111000337,136,0,136
111000338,0,1,-1
111000339,0,0,0
111000340,2,3,-1
111000341,130,1,129
111000342,0,0,0
111000344,243,12,231
111000345,5,4,1
111000346,0,0,0
111000347,0,0,0
111000350,18,5,13
111000351,0,0,0
111000352,20,4,16
111000353,0,0,0
111000354,12,3,9
111000355,0,0,0
111000358,41,15,26
111000360,30,8,22
111000361,38,5,33
111000546,1,0,1
111000547,90,4,86
111000548,0,0,0
111000549,120,2,118
111000550,0,0,0
111000551,62,0,62
111000552,2,1,1
111000907,305,1,304
111000908,7,0,7
111000916,108,3,105
111000917,0,0,0
111000918,11,10,1
111000920,51,0,51
111000921,0,0,0
111000922,0,0,0
111000924,0,0,0
111000925,2036,202,1834
111000926,166,88,78
111000927,1951,384,1567
111000928,344,338,6
111000929,1506,220,1286
111000930,20,145,-125
111000931,1535,310,1225
111000932,135,121,14
111000933,1708,436,1272
111000934,4,88,-84
111000935,854,76,778
111000936,1,60,-59
111000937,557,187,370
111000938,7,141,-134
111000939,143,1,142
111000940,2,0,2
111000941,62,1,61
111000943,0,0,0
111000944,23,2,21
111000945,17,0,17
111001109,155,10,145
111001110,0,0,0
111001111,0,0,0
111001112,133,1,132
111001113,1,149,-148
111001114,2,1,1
111001115,0,0,0
111001116,477,24,453
111001117,0,0,0
111001120,12,11,1
111001121,0,0,0
111001122,0,0,0
111001123,3,6,-3
111001124,0,0,0
111001125,0,64,-64
111900001,0,0,0
111900002,0,0,0
111900003,0,0,0
111900004,0,0,0
111900006,0,0,0
111900007,0,0,0
111900008,0,0,0
111900009,0,0,0
111900010,0,0,0
111900012,0,0,0
111900013,0,0,0
111900014,15,2,13
111900015,0,0,0
111900016,0,0,0
111900017,0,0,0
111900018,0,0,0
111900019,0,0,0
111900020,0,0,0
111900021,0,0,0
111900022,0,0,0
111900023,0,0,0
111900024,0,0,0
111900025,0,0,0
111900026,0,0,0
111900027,0,0,0
111900028,0,0,0
111900029,0,0,0
111900030,0,0,0
111900031,0,0,0
111900032,0,0,0
111900033,0,0,0
111900034,0,0,0
111900035,0,0,0
111900036,0,0,0
111900038,0,0,0
111900039,0,0,0
111900040,0,0,0
111900042,0,0,0
111900043,0,0,0
111900044,0,0,0
111900046,0,0,0
111900048,0,0,0
111900049,0,0,0
111900050,0,0,0
111900051,0,0,0
111900052,0,0,0
111900053,0,0,0
111900054,0,0,0
111900055,0,0,0
111900056,0,0,0
111900057,9,0,9
111900058,0,0,0
111900059,7,8,-1
111900060,0,0,0
111900061,0,0,0
111900062,0,0,0
111900063,0,0,0
111900064,0,0,0
111900065,0,0,0
111900066,0,0,0
111900067,0,0,0
111900068,0,0,0
111900069,0,0,0
111900070,0,0,0
111900071,0,0,0
111900072,0,0,0
111900073,0,0,0
111900074,0,0,0
111900075,0,0,0
111900076,0,0,0
111900077,0,0,0
111900078,0,0,0
111900079,0,0,0
111900080,0,0,0
111900082,0,0,0
111900083,0,0,0
111900084,0,0,0
111900085,0,0,0
111900086,0,0,0
111900087,0,0,0
111900088,0,0,0
111900089,0,0,0
111900090,0,0,0
111900091,0,0,0
111900092,0,0,0
111900093,0,0,0
111900094,0,0,0
111900095,0,0,0
111900096,0,0,0
111900097,0,0,0
111900098,0,0,0
111900099,0,0,0
111900100,0,0,0
111900101,0,0,0
111900102,0,0,0
111900103,0,0,0
111900104,0,0,0
111900105,0,0,0
111900106,0,0,0
111900110,0,0,0
111900111,6,1,5
111900112,0,0,0
111900113,0,0,0
111900118,0,0,0
111900119,0,0,0
111900122,0,0,0
111900123,0,0,0
111900124,0,0,0
111900125,0,0,0
111900126,0,0,0
111900127,0,0,0
111900128,0,0,0
111900129,0,0,0
111900130,0,0,0
111900131,0,0,0
111900132,0,0,0
111900133,0,0,0
111900134,0,0,0
111900135,0,0,0
111900136,0,0,0
111900137,0,0,0
111900138,0,0,0
111900139,0,0,0
111900140,0,0,0
111900141,0,0,0
111900142,0,0,0
111900143,0,0,0
111900144,0,0,0
111900145,0,0,0
111900146,0,0,0
111900147,0,0,0
111900148,0,0,0
111900149,0,0,0
111900150,0,0,0
111900151,0,0,0
111900152,0,0,0
111900153,0,0,0
111900154,0,0,0
111900155,0,0,0
111900156,0,0,0
111900157,0,0,0
111900158,0,0,0
111900159,0,0,0
111900160,0,0,0
111900161,0,0,0
111900162,0,0,0
111900163,0,0,0
111900164,0,0,0
111901113,0,0,0
111901114,0,0,0
111901115,0,0,0
111901116,0,0,0
111901117,0,0,0
111901118,0,0,0
111901119,0,0,0
111901121,0,0,0
111901122,0,0,0
111901123,0,0,0
111901124,0,0,0
111901125,25,20,5
111901127,0,0,0
111901128,0,0,0
111901129,0,0,0
111901130,0,0,0
111901131,0,0,0
111901132,0,0,0
111901133,0,0,0
111901134,0,0,0
111901135,0,0,0
111901136,0,0,0
111901137,0,0,0
111901138,0,0,0
111901139,0,0,0
111901140,0,0,0
111901141,0,0,0
111901142,0,0,0
111901143,0,0,0
111901144,0,0,0
111901145,0,0,0
111901146,0,0,0
111901147,0,0,0
111901148,0,0,0
112000001,1084,319,765
112000002,0,0,0
112000003,605,130,475
112000004,0,0,0
112000005,2790,1178,1612
112000006,0,0,0
112000007,964,876,88
112000008,1702,1714,-12
112000009,602,73,529
112000010,241,818,-577
112000011,109,62,47
112000012,646,1442,-796
112000013,85,104,-19
112000014,139,606,-467
112000015,0,0,0
112000016,53,271,-218
112000017,0,0,0
112000024,0,0,0
112000026,0,0,0
112000027,491,427,64
112000028,0,0,0
112000029,0,0,0
112000030,0,0,0
112000031,0,52,-52
112000032,0,0,0
112000033,2,25,-23
112000034,0,0,0
112000035,0,0,0
112000036,0,0,0
112000037,0,0,0
112000038,0,0,0
112000039,17,16,1
112000040,0,0,0
112000041,0,0,0
112000042,0,0,0
112000050,713,441,272
112000051,605,984,-379
112000054,29,135,-106
112000057,0,0,0
112000058,0,0,0
112000059,0,0,0
112000061,0,0,0
112000062,14,123,-109
112000063,0,0,0
112000064,0,0,0
112000065,0,0,0
112000066,98,308,-210
112000067,0,0,0
112000068,62,149,-87
112000069,0,0,0
112000070,11,23,-12
112000071,0,0,0
112000072,158,3,155
112000073,0,0,0
112000074,62,9,53
112000075,324,64,260
112000076,76,54,22
112000077,82,3,79
112000078,205,24,181
112000079,95,15,80
112000080,47,9,38
112000081,22,102,-80
112000082,158,126,32
112000083,96,44,52
112000084,144,83,61
112000085,240,26,214
112000086,330,80,250
112000087,66,15,51
112000088,125,48,77
112000089,1,9,-8
112000090,18,1,17
112000091,27,25,2
112000092,1088,72,1016
112000093,139,16,123
112000094,401,114,287
112000095,141,5,136
112000096,443,93,350
112000097,524,285,239
112000098,0,0,0
112000099,38,987,-949
112000100,696,90,606
112000101,0,0,0
112000102,397,36,361
112000103,0,0,0
112000105,0,0,0
112000106,421,94,327
112000107,1,3,-2
112000108,0,0,0
112000109,15,1,14
112000110,253,27,226
112000111,0,36,-36
112000112,215,9,206
112000113,3,26,-23
112000114,301,29,272
112000115,0,0,0
112000116,0,0,0
112000117,0,0,0
112000118,0,0,0
112000119,0,0,0
112000120,0,0,0
112000121,0,0,0
112000122,43,6,37
112000123,139,14,125
112000124,47,2,45
112000125,39,0,39
112000126,0,0,0
112000127,42,59,-17
112000128,0,0,0
112000129,107,6,101
112000130,0,0,0
112000131,0,0,0
112000132,0,0,0
112000133,74,0,74
112000134,73,10,63
112000135,183,72,111
112000136,1,6,-5
112000137,264,109,155
112000138,8,1,7
112000139,19,27,-8
112000140,0,0,0
112000141,38,4,34
112000142,0,0,0
112000143,161,1,160
112000144,0,0,0
112000145,332,11,321
112000146,0,0,0
112000147,132,9,123
112000148,0,0,0
112000149,19,5,14
112000150,0,0,0
112000151,20,2,18
112000152,0,0,0
112000153,8,2,6
112000154,44,0,44
112000155,0,0,0
112000157,16,286,-270
112000158,54,1,53
112000159,0,0,0
112000167,0,0,0
112000169,0,0,0
112000173,0,0,0
112000175,0,7,-7
112000176,0,0,0
112000177,0,0,0
112000178,0,0,0
112000179,0,0,0
112000180,0,0,0
112000181,78,3,75
112000182,172,7,165
112000183,46,1,45
112000184,26,4,22
112000185,0,0,0
112000187,0,0,0
112000195,0,0,0
112000196,0,0,0
112000197,0,0,0
112000198,0,0,0
112000199,0,0,0
112000202,363,2,361
112000216,0,0,0
112000230,0,0,0
112000231,0,0,0
112000256,1,31,-30
112000313,0,0,0
112000314,0,0,0
112000337,0,0,0
112000352,0,0,0
112000392,93,150,-57
112000398,232,61,171
112000399,226,1785,-1559
112000400,0,36,-36
112000401,47,33,14
112000402,611,1661,-1050
112000403,114,1016,-902
112000404,122,257,-135
112000405,1095,696,399
112000406,13,73,-60
112000407,2762,499,2263
112000408,74,106,-32
112000409,7,85,-78
112000410,0,0,0
112000411,0,0,0
112000412,0,0,0
112000413,0,0,0
112000414,0,0,0
112000415,0,0,0
112000416,903,190,713
112000417,26,17,9
112000421,0,0,0
112000422,3,0,3
112000424,0,0,0
112000425,0,0,0
112000426,0,0,0
112000427,0,0,0
112000428,0,0,0
112000429,282,352,-70
112000430,386,686,-300
112000431,3,28,-25
112000432,0,0,0
112000433,32,71,-39
112000437,6,1,5
112900001,0,0,0
112900002,0,0,0
112900003,0,0,0
112900004,0,0,0
112900005,0,0,0
112900006,0,0,0
112900007,0,0,0
112900008,0,0,0
112900009,0,0,0
112900010,0,0,0
112900011,0,0,0
112900012,0,0,0
112900013,0,0,0
112900014,0,0,0
112900015,0,0,0
112900016,0,0,0
112900017,0,0,0
112900018,0,0,0
112900019,0,0,0
112900020,0,0,0
112900021,0,0,0
112900022,0,0,0
112900023,0,0,0
112900024,0,0,0
112900025,0,0,0
112900026,0,0,0
112900027,0,0,0
112900028,0,0,0
112900029,0,0,0
112900030,0,0,0
112900031,0,0,0
112900032,0,0,0
112900034,0,0,0
112900035,0,0,0
112900036,0,0,0
112900037,0,0,0
112900038,0,0,0
112900039,0,0,0
112900040,0,0,0
112900041,0,0,0
112900042,0,0,0
112900043,0,0,0
112900044,0,0,0
112900045,0,0,0
112900046,0,0,0
112900047,0,0,0
112900049,0,0,0
112900050,0,0,0
112900051,0,0,0
112900052,0,0,0
112900053,0,0,0
112900054,0,0,0
112900055,0,0,0
112900056,0,0,0
112900057,0,0,0
112900058,0,0,0
112900059,0,0,0
112900060,0,0,0
112900061,0,0,0
112900062,0,0,0
112900063,0,0,0
112900064,0,0,0
112900065,0,0,0
112900066,0,0,0
112900067,0,0,0
112900068,0,0,0
112900069,0,0,0
112900071,0,0,0
112900072,0,0,0
112900073,0,0,0
112900074,0,0,0
112900075,0,0,0
112900076,0,0,0
112900078,0,0,0
112900079,0,0,0
112900080,0,0,0
112900081,0,0,0
112900082,0,0,0
112900083,0,0,0
112900084,0,0,0
112900086,0,0,0
112900087,0,0,0
112900088,0,0,0
112900089,0,0,0
112900090,0,0,0
112900091,0,0,0
112900092,0,0,0
112900093,0,0,0
112900095,0,0,0
112900096,0,0,0
112900097,0,0,0
112900098,0,0,0
112900099,0,0,0
112900100,0,0,0
112900101,0,0,0
112900102,0,0,0
112900103,0,0,0
112900104,0,0,0
112900105,0,0,0
112900106,0,0,0
112900107,0,0,0
112900108,0,0,0
112900109,0,0,0
112900110,0,0,0
112900111,0,0,0
112900112,0,0,0
112900113,0,0,0
112900114,0,0,0
112900115,0,0,0
112900116,0,0,0
112900117,0,0,0
112900118,0,0,0
112900119,0,0,0
112900120,0,0,0
112900121,0,0,0
112900122,0,0,0
112900123,0,0,0
112900124,0,0,0
112900125,0,0,0
112900126,0,0,0
112900127,0,0,0
112900128,0,0,0
112900129,0,0,0
112900130,0,0,0
112900131,0,0,0
112900132,0,0,0
112900133,0,0,0
112900134,0,0,0
112900135,0,0,0
112900137,0,0,0
112900138,0,0,0
112900139,0,0,0
112900141,0,0,0
112900142,0,0,0
112900143,0,0,0
112900144,0,0,0
112900145,0,0,0
112900146,0,0,0
112900147,0,0,0
112900148,0,0,0
112900149,0,0,0
112900151,0,0,0
112900152,0,0,0
112900153,0,0,0
112900154,0,0,0
112900155,0,0,0
112900156,0,0,0
112900157,0,0,0
112900158,0,0,0
112900159,0,0,0
112900160,0,0,0
112900161,0,0,0
112900162,0,0,0
112900163,0,0,0
112900164,0,0,0
112900165,0,0,0
112900166,0,0,0
112900167,0,0,0
112900168,0,0,0
112900169,0,0,0
112900170,0,0,0
112900172,0,0,0
112900173,0,0,0
112900174,0,0,0
112900175,0,0,0
112900176,0,0,0
112900177,0,0,0
112900178,0,0,0
112900179,0,0,0
112900180,0,0,0
112900181,0,0,0
112900182,0,0,0
112900183,0,0,0
112900184,0,0,0
112900185,0,0,0
112900186,0,0,0
112900187,0,0,0
112900188,0,0,0
112900189,0,0,0
112900190,0,0,0
112900192,0,0,0
112900193,0,0,0
112900194,0,0,0
112900195,0,0,0
112900196,0,0,0
112900197,0,0,0
112900199,0,0,0
112900200,0,0,0
112900201,0,0,0
112900202,0,0,0
112900203,0,0,0
112900204,0,0,0
112900205,0,0,0
112900206,0,0,0
112900207,0,0,0
112900208,0,0,0
112900209,0,0,0
112900210,0,0,0
112900211,0,0,0
112900212,0,0,0
112900213,0,0,0
112900214,0,0,0
112900215,0,0,0
112900216,0,0,0
112900217,0,0,0
112900218,0,0,0
112900219,0,0,0
112900220,0,0,0
112900221,0,0,0
112900222,0,0,0
112900223,0,0,0
112900224,0,0,0
112900225,0,0,0
112900226,0,0,0
112900227,0,0,0
112900228,0,0,0
112900229,0,0,0
112900230,0,0,0
112900232,0,0,0
112900233,0,0,0
112900234,0,0,0
112900235,0,0,0
112900236,0,0,0
112900237,0,0,0
112900238,0,0,0
112900239,0,0,0
112900240,0,0,0
112900241,0,0,0
112900242,0,0,0
112900243,0,0,0
112900244,0,0,0
112900245,0,0,0
112900246,0,0,0
112900247,0,0,0
112900248,0,0,0
112900249,0,0,0
112900250,0,0,0
112900251,0,0,0
112900252,0,0,0
112900253,0,0,0
112900254,0,0,0
112900255,0,0,0
112900256,0,0,0
112900257,0,0,0
113000001,210,263,-53
113000002,275,301,-26
113000003,155,156,-1
113000004,107,156,-49
113000005,76,68,8
113000006,71,89,-18
113000007,35,14,21
113000008,71,30,41
113000009,45,21,24
113000010,206,34,172
113000011,0,0,0
113000012,621,37,584
113000013,7,48,-41
113000014,9,6,3
113000015,2,0,2
113000016,1,0,1
113000017,0,0,0
113000018,55,21,34
113000019,0,0,0
113000020,132,5,127
113000021,194,24,170
113000022,42,1,41
113000025,0,0,0
113000026,34,6,28
113000027,113,0,113
113000028,1,0,1
113000029,22,25,-3
113000030,0,0,0
113000031,0,0,0
113000032,61,44,17
113000033,95,19,76
113000034,0,0,0
113000035,0,0,0
113000036,0,0,0
113000037,0,0,0
113000038,0,0,0
113000039,0,0,0
113000040,0,0,0
113000042,0,0,0
113000051,171,123,48
113000052,107,45,62
113000053,27,20,7
113000054,26,57,-31
113000055,137,28,109
113000056,157,38,119
113000058,0,0,0
113000059,198,49,149
113000060,0,4,-4
113000061,104,75,29
113000062,0,0,0
113000063,0,0,0
113000064,0,0,0
113000065,3,18,-15
113000066,167,3,164
113000067,45,2,43
113000068,26,22,4
113000069,35,29,6
113000070,33,2,31
113000071,28,20,8
113000072,115,1,114
113000073,2,89,-87
113000074,95,11,84
113000075,193,7,186
113000076,2,186,-184
113000077,83,80,3
113000078,0,0,0
113000079,0,0,0
113000080,89,50,39
113000081,190,109,81
113000082,0,0,0
113000083,176,174,2
113000084,20,1,19
113000085,228,161,67
113000086,13,11,2
113000087,110,545,-435
113000088,15,1,14
113000089,192,397,-205
113000090,3,32,-29
113000091,9,0,9
113000094,142,5,137
113000095,0,0,0
113000096,0,0,0
113000097,62,2,60
113000098,0,0,0
113000099,48,2,46
113000100,0,0,0
113000101,0,0,0
113000102,26,48,-22
113000103,0,0,0
113000104,259,110,149
113000105,707,133,574
113000106,0,0,0
113000107,243,351,-108
113000108,52,20,32
113000109,0,0,0
113000110,51,74,-23
113000111,0,0,0
113000112,2,45,-43
113000113,22,18,4
113000114,0,0,0
113000116,0,0,0
113000117,0,0,0
113000118,0,2,-2
113000119,0,0,0
113000120,0,2,-2
113000121,0,0,0
113000124,19,17,2
113000125,0,0,0
113000127,0,0,0
113000128,0,0,0
113000129,0,0,0
113000133,18,0,18
113000134,4,77,-73
113000135,1068,1057,11
113000137,275,304,-29
113000139,28,40,-12
113000140,0,0,0
113000141,22,9,13
113000142,0,0,0
113000143,2,43,-41
113000144,0,0,0
113000145,0,0,0
113000146,0,0,0
113000147,0,0,0
113000148,0,0,0
113000149,0,0,0
113000150,0,0,0
113000151,0,0,0
113000152,0,0,0
113000153,0,0,0
113000154,1,52,-51
113000155,28,46,-18
113000156,0,0,0
113000157,0,0,0
113000158,0,0,0
113000159,0,0,0
113000160,0,0,0
113000161,0,0,0
113000162,0,0,0
113000163,0,0,0
113000164,0,0,0
113000166,58,0,58
113000167,0,0,0
113000168,0,0,0
113000169,126,0,126
113000170,146,4,142
113000171,0,0,0
113000172,57,7,50
113000173,19,4,15
113000174,0,0,0
113000175,76,6,70
113000176,291,9,282
113000177,0,0,0
113000178,0,0,0
113000179,128,23,105
113000180,58,0,58
113000181,92,30,62
113000182,2,3,-1
113000183,1,67,-66
113000184,0,0,0
113000189,0,0,0
113000190,0,0,0
113000192,77,234,-157
113000193,80,16,64
113000194,18,44,-26
113000195,57,56,1
113000196,97,11,86
113000197,32,1,31
113000198,0,0,0
113000199,1,0,1
113000201,0,0,0
113000202,0,0,0
113000203,8,2,6
113000204,23,161,-138
113000205,0,0,0
113000206,0,0,0
113000207,0,0,0
113000208,0,0,0
113000209,0,0,0
113000210,0,0,0
113000211,0,0,0
113000212,0,0,0
113000213,7,0,7
113000214,0,0,0
113000234,0,0,0
113000410,0,17,-17
113000411,36,132,-96
113000412,470,317,153
113000413,205,455,-250
113000414,244,423,-179
113000415,21,57,-36
113000416,66,53,13
113000417,8,65,-57
113000418,406,199,207
113000419,66,86,-20
113000420,416,164,252
113000421,1600,1030,570
113000422,329,466,-137
113000423,317,411,-94
113000424,689,460,229
113000425,0,0,0
113000428,0,0,0
113000430,0,0,0
113000432,178,12,166
113000433,0,0,0
113000434,0,0,0
113000435,0,0,0
113000436,0,0,0
113000437,30,0,30
113000438,2,0,2
113000439,0,0,0
113000440,1,0,1
113000441,4,1,3
113000442,0,0,0
113000443,2,0,2
113000444,0,0,0
113000445,0,0,0
113000446,0,0,0
113000448,0,0,0
113000449,1,1,0
113000450,0,1,-1
113000451,0,0,0
113000452,1,2,-1
113000453,0,0,0
113000454,0,6,-6
113000455,0,0,0
113000456,0,0,0
113000468,0,0,0
113000469,0,0,0
113000470,0,0,0
113000471,0,0,0
113000472,0,0,0
113000474,8,47,-39
113000475,94,75,19
113000476,173,261,-88
113000477,843,349,494
113000478,442,141,301
113000479,0,0,0
113000483,0,0,0
113000484,0,0,0
113000485,0,0,0
113000486,0,0,0
113000487,0,0,0
113000488,0,0,0
113000489,0,0,0
113000490,0,0,0
113000491,0,0,0
113000492,0,0,0
113000493,0,0,0
113000495,0,0,0
113000496,0,0,0
113000499,0,0,0
113900001,0,0,0
113900002,0,0,0
113900003,0,0,0
113900004,0,0,0
113900005,0,0,0
113900006,0,0,0
113900007,0,0,0
113900008,0,0,0
113900009,0,0,0
113900010,0,0,0
113900011,0,0,0
113900012,0,0,0
113900013,0,0,0
113900014,0,0,0
113900015,0,0,0
113900016,0,0,0
113900017,0,0,0
113900018,0,0,0
113900019,0,0,0
113900020,0,0,0
113900022,0,0,0
113900023,0,0,0
113900024,0,0,0
113900025,0,0,0
113900026,0,0,0
113900027,0,0,0
113900028,0,0,0
113900029,0,0,0
113900030,0,0,0
113900031,0,0,0
113900032,0,0,0
113900033,0,0,0
113900035,0,0,0
113900036,0,0,0
113900037,0,0,0
113900038,0,0,0
113900039,0,0,0
113900040,0,0,0
113900041,0,0,0
113900042,0,0,0
113900043,0,0,0
113900044,0,0,0
113900045,0,0,0
113900046,0,0,0
113900047,0,0,0
113900048,0,0,0
113900049,0,0,0
113900050,0,0,0
113900051,0,0,0
113900052,0,0,0
113900053,0,0,0
113900054,0,0,0
113900055,0,0,0
113900056,0,0,0
113900057,0,0,0
113900058,0,0,0
113900059,0,0,0
113900060,0,0,0
113900061,0,0,0
113900062,0,0,0
113900063,0,0,0
113900064,0,0,0
113900065,0,0,0
113900066,0,0,0
113900067,0,0,0
113900068,0,0,0
113900069,0,0,0
113900070,0,0,0
113900071,0,0,0
113900072,0,0,0
113900073,0,0,0
113900074,0,0,0
113900075,0,0,0
113900076,0,0,0
113900077,0,0,0
113900078,0,0,0
113900079,0,0,0
113900080,0,0,0
113900081,0,0,0
113900082,0,0,0
113900083,0,0,0
113900084,0,0,0
113900085,0,0,0
113900086,0,0,0
113900087,0,0,0
113900088,0,0,0
113900089,0,0,0
113900090,0,0,0
113900091,0,0,0
113900092,0,0,0
113900093,0,0,0
113900094,0,0,0
113900095,0,0,0
113900096,0,0,0
113900097,0,0,0
113900098,0,0,0
113900099,0,0,0
113900100,0,0,0
113900101,0,0,0
113900102,0,0,0
113900103,0,0,0
113900104,0,0,0
113900105,0,0,0
113900106,0,0,0
113900107,0,0,0
113900108,0,0,0
113900109,0,0,0
113900110,0,0,0
113900111,0,0,0
113900112,0,0,0
113900113,0,0,0
113900114,0,0,0
113900115,0,0,0
113900116,0,0,0
113900117,0,0,0
113900118,0,0,0
113900119,0,0,0
113900120,0,0,0
113900121,0,0,0
113900122,0,0,0
113900123,0,0,0
113900124,0,0,0
113900125,0,0,0
113900126,0,0,0
113900127,0,0,0
113900128,0,0,0
113900129,0,0,0
113900130,0,0,0
113900131,0,0,0
113900132,0,0,0
113900133,0,0,0
113900135,0,0,0
113900136,0,0,0
113900137,0,0,0
113900138,0,0,0
113900139,0,0,0
113900140,0,0,0
113900141,0,0,0
113900142,0,0,0
113900143,0,0,0
113900144,0,0,0
113900145,0,0,0
113900146,0,0,0
113900148,0,0,0
113900149,0,0,0
113900150,0,0,0
113900151,0,0,0
113900152,0,0,0
113900153,0,0,0
113900154,0,0,0
113900155,0,0,0
113900156,0,0,0
113900157,0,0,0
113900158,0,0,0
113900159,0,0,0
113900160,0,0,0
113900161,0,0,0
113900162,0,0,0
113900163,0,0,0
113900164,0,0,0
113900165,0,0,0
113900166,0,0,0
113900167,0,0,0
113900168,0,0,0
113900169,0,0,0
113900171,0,0,0
113900172,0,0,0
113900173,0,0,0
113900174,0,0,0
113900175,0,0,0
113900176,0,0,0
113900177,0,0,0
113900178,0,0,0
113900179,0,0,0
113900180,0,0,0
113900181,0,0,0
113900182,0,0,0
113900183,0,0,0
113900184,0,0,0
113900185,0,0,0
113900186,0,0,0
113900187,0,0,0
113900188,0,0,0
113900189,0,0,0
113900190,0,0,0
113900191,0,0,0
113900192,0,0,0
113900193,0,0,0
113900194,0,0,0
113900195,0,0,0
113900196,0,0,0
113900197,0,0,0
113900198,0,0,0
113900199,0,0,0
113900200,0,0,0
113900201,0,0,0
113900202,0,0,0
113900203,0,0,0
113900204,0,0,0
113900205,0,0,0
113900206,0,0,0
113900207,0,0,0
113900208,0,0,0
113900209,0,0,0
113900210,0,0,0
113900211,0,0,0
113900212,0,0,0
113900214,0,0,0
113900215,0,0,0
113900216,0,0,0
113900217,0,0,0
113900218,0,0,0
113900219,0,0,0
113900220,0,0,0
113900221,0,0,0
113900222,0,0,0
113900223,0,0,0
113900224,0,0,0
113900225,0,0,0
113900226,0,0,0
113900227,0,0,0
113900228,0,0,0
113900229,0,0,0
113900230,0,0,0
113900231,0,0,0
113900232,0,0,0
113900233,0,0,0
113900234,0,0,0
113900235,0,0,0
113900236,0,0,0
113900237,0,0,0
113900238,0,0,0
113900239,0,0,0
113900240,0,0,0
113900241,0,0,0
113900242,0,0,0
113900243,0,0,0
113900244,0,0,0
113900245,0,0,0
113900246,0,0,0
113900247,0,0,0
113900248,0,0,0
113900249,0,0,0
113900250,0,0,0
113900251,0,0,0
113900252,0,0,0
113900253,0,0,0
113900254,0,0,0
113900255,0,0,0
113900256,0,0,0
113900257,0,0,0
113900258,0,0,0
113900259,0,0,0
113900260,1,0,1
113900261,0,0,0
113900262,0,0,0
113900263,0,0,0
113900264,0,0,0
113900265,0,0,0
113900266,0,0,0
113900267,0,0,0
113900268,0,0,0
113900269,0,0,0
113900270,0,0,0
113900271,0,0,0
113900273,0,0,0
113900274,0,0,0
113900275,0,0,0
113900276,0,0,0
113900277,0,0,0
113900278,0,0,0
113900279,0,0,0
113900280,0,0,0
113900281,0,0,0
113900282,0,0,0
113900283,0,0,0
113900284,0,0,0
113900285,0,0,0
113900286,0,0,0
113900287,0,0,0
113900288,0,0,0
113900289,0,0,0
113900290,0,0,0
113900291,0,0,0
113900292,0,0,0
113900293,0,0,0
113900294,0,0,0
113900295,6,17,-11
113900296,0,0,0
113900297,0,0,0
113900298,0,0,0
113900299,0,0,0
113900300,0,0,0
113900301,0,0,0
113900302,0,0,0
113900303,0,0,0
113900304,0,0,0
113900305,0,0,0
113900306,0,0,0
113900307,0,0,0
113900308,0,0,0
113900309,0,0,0
113900310,0,0,0
113900311,0,0,0
113900312,0,0,0
113900313,0,0,0
114000001,169,56,113
114000002,20,35,-15
114000003,0,0,0
114000004,0,0,0
114000005,0,0,0
114000006,0,0,0
114000007,0,0,0
114000008,1,93,-92
114000009,20,30,-10
114000011,683,122,561
114000012,499,48,451
114000013,349,65,284
114000014,0,0,0
114000015,0,0,0
114000016,0,0,0
114000017,32,6,26
114000018,0,0,0
114000026,274,91,183
114000027,264,148,116
114000028,247,186,61
114000038,0,0,0
114000039,0,0,0
114000040,4,0,4
114000042,0,0,0
114000043,0,0,0
114000044,6,23,-17
114000045,0,0,0
114000046,0,0,0
114000047,0,0,0
114000048,0,37,-37
114000049,47,72,-25
114000050,15,110,-95
114000051,27,237,-210
114000052,35,132,-97
114000053,0,0,0
114000054,0,0,0
114000055,0,0,0
114000056,0,0,0
114000057,232,105,127
114000058,0,0,0
114000059,0,0,0
114000060,0,0,0
114000061,49,145,-96
114000062,36,118,-82
114000063,0,7,-7
114000064,13,1,12
114000065,12,31,-19
114000066,41,44,-3
114000067,30,7,23
114000068,10,15,-5
114000069,64,3,61
114000070,690,362,328
114000071,0,0,0
114000072,0,0,0
114000073,0,0,0
114000074,0,0,0
114000075,49,2,47
114000076,3,3,0
114000077,19,1,18
114000078,1,0,1
114000079,0,0,0
114000080,1,18,-17
114000081,14,33,-19
114000082,0,0,0
114000083,0,0,0
114000084,0,0,0
114000085,0,0,0
114000086,0,0,0
114000087,0,0,0
114000088,1,0,1
114000089,5,19,-14
114000090,71,51,20
114000091,19,25,-6
114000092,70,30,40
114000093,60,37,23
114000094,63,49,14
114000095,6,18,-12
114000096,0,0,0
114000097,0,0,0
114000098,49,3,46
114000099,0,0,0
114000100,902,9,893
114000101,0,0,0
114000102,86,8,78
114000103,0,0,0
114000104,0,0,0
114000105,0,0,0
114000106,0,0,0
114000107,0,0,0
114000108,0,0,0
114000109,383,121,262
114000110,0,0,0
114000111,479,87,392
114000112,0,0,0
114000113,305,21,284
114000114,0,0,0
114000115,659,147,512
114000116,445,127,318
114000117,876,60,816
114000118,577,53,524
114000119,710,48,662
114000120,121,11,110
114000121,0,0,0
114000122,111,16,95
114000123,342,33,309
114000124,49,49,0
114000125,23,142,-119
114000126,304,15,289
114000127,2,2,0
114000128,50,18,32
114000130,4,4,0
114000131,8,5,3
114000132,0,0,0
114000133,0,0,0
114000134,0,0,0
114000138,0,0,0
114000139,11,49,-38
114000144,153,40,113
114000145,0,0,0
114000146,0,0,0
114000147,279,45,234
114000148,12,22,-10
114000149,31,47,-16
114000150,0,0,0
114000151,57,97,-40
114000152,1,38,-37
114000153,0,0,0
114000154,10,5,5
114000155,233,147,86
114000156,76,58,18
114000157,10,50,-40
114000158,0,0,0
114000159,0,0,0
114000160,0,0,0
114000161,352,434,-82
114000162,836,688,148
114000163,0,0,0
114000165,4,53,-49
114000166,68,17,51
114000167,297,68,229
114000168,0,0,0
114000169,331,265,66
114000170,450,258,192
114000171,898,131,767
114000174,0,0,0
114000176,0,0,0
114000177,0,0,0
114000178,13,4,9
114000179,216,29,187
114000180,0,0,0
114000181,186,696,-510
114000182,133,210,-77
114000183,144,101,43
114000184,39,139,-100
114000185,302,89,213
114000189,225,8,217
114000190,844,8,836
114000191,0,0,0
114000192,0,32,-32
114000193,0,0,0
114000194,160,16,144
114000195,0,0,0
114000196,0,0,0
114000197,380,1,379
114000198,0,0,0
114000199,0,0,0
114000200,29,1,28
114000201,2,4,-2
114000202,202,80,122
114000203,35,50,-15
114000204,0,0,0
114000205,0,9,-9
114000206,0,0,0
114000207,10,106,-96
114000208,1,27,-26
114000209,6,64,-58
114000210,4,50,-46
114000211,595,191,404
114000212,99,216,-117
114000213,369,157,212
114000214,4,0,4
114000215,0,0,0
114000216,308,95,213
114000217,60,30,30
114000218,17,1,16
114000219,327,6,321
114000220,0,23,-23
114000221,177,13,164
114000222,47,34,13
114000223,258,23,235
114000224,32,38,-6
114000225,38,9,29
114000226,146,34,112
114000227,273,102,171
114000228,285,49,236
114000229,139,20,119
114000230,444,53,391
114000231,131,48,83
114000232,379,125,254
114000233,698,38,660
114000234,575,143,432
114000235,121,16,105
114000236,0,0,0
114000237,9,0,9
114000238,0,157,-157
114000239,0,0,0
114000240,86,60,26
114000241,23,58,-35
114000242,115,41,74
114000243,579,218,361
114000244,488,86,402
114000245,0,0,0
114000246,0,0,0
114000247,275,69,206
114000248,313,127,186
114000249,200,246,-46
114000250,102,6,96
114000251,83,19,64
114000252,0,0,0
114000253,26,1,25
114000254,0,0,0
114000255,0,0,0
114000256,7,110,-103
114000257,1,142,-141
114000258,82,2,80
114000259,0,8,-8
114000260,0,0,0
114000261,109,13,96
114000262,0,0,0
114000263,23,1,22
114000264,0,0,0
114000265,0,0,0
114000267,1,314,-313
114000268,0,0,0
114000270,53,0,53
114000271,126,0,126
114000283,219,14,205
114000285,0,0,0
114000288,0,10,-10
114000289,0,0,0
114000293,11,1,10
114000294,1,7,-6
114000395,399,10,389
114000396,69,31,38
114000402,0,0,0
114000403,30,24,6
114000405,45,24,21
114000423,133,39,94
114000424,58,5,53
114000425,128,31,97
114000426,75,13,62
114000427,0,0,0
114000428,0,0,0
114000429,0,31,-31
114000432,0,0,0
114000434,0,0,0
114000435,0,0,0
114900001,0,0,0
114900002,0,0,0
114900003,0,0,0
114900004,0,0,0
114900005,0,0,0
114900006,0,0,0
114900007,0,0,0
114900008,0,0,0
114900010,0,0,0
114900011,0,0,0
114900013,0,0,0
114900015,0,0,0
114900018,0,0,0
114900020,0,0,0
114900022,0,0,0
114900024,0,0,0
114900025,0,0,0
114900026,0,0,0
114900027,0,0,0
114900029,0,0,0
114900030,0,0,0
114900031,0,0,0
114900032,0,0,0
114900033,0,0,0
114900034,0,0,0
114900035,0,0,0
114900036,0,0,0
114900037,0,0,0
114900038,0,0,0
114900039,0,0,0
114900040,0,0,0
114900041,0,0,0
114900042,0,0,0
114900043,0,0,0
114900044,0,0,0
114900046,0,0,0
114900047,0,0,0
114900048,0,0,0
114900049,0,0,0
114900050,0,0,0
114900051,0,0,0
114900052,0,0,0
114900053,0,0,0
114900054,0,0,0
114900057,0,0,0
114900058,0,0,0
114900059,0,0,0
114900060,0,0,0
114900061,0,0,0
114900062,0,0,0
114900063,0,0,0
114900064,0,0,0
114900065,0,0,0
114900067,0,0,0
114900068,0,0,0
114900069,0,0,0
114900070,0,0,0
114900072,0,0,0
114900073,0,0,0
114900074,0,0,0
114900075,0,0,0
114900076,0,0,0
114900080,0,0,0
114900082,0,0,0
114900083,0,0,0
114900090,0,0,0
114900091,0,0,0
114900095,0,0,0
114900096,0,0,0
114900097,0,0,0
114900098,0,0,0
114900099,0,0,0
115000001,134,124,10
115000002,1463,481,982
115000003,147,92,55
115000004,1214,1036,178
115000005,36,76,-40
115000006,502,418,84
115000007,0,0,0
115000008,166,93,73
115000009,0,0,0
115000010,138,201,-63
115000013,0,0,0
115000015,0,0,0
115000016,0,0,0
115000019,20,134,-114
115000020,0,0,0
115000021,0,204,-204
115000022,4,47,-43
115000023,542,258,284
115000024,1,62,-61
115000025,439,64,375
115000026,0,0,0
115000027,221,47,174
115000028,0,0,0
115000029,560,8,552
115000030,2,86,-84
115000031,555,24,531
115000032,0,0,0
115000033,101,2,99
115000034,0,0,0
115000035,505,1,504
115000036,0,0,0
115000037,248,0,248
115000038,24,41,-17
115000039,8,28,-20
115000040,205,35,170
115000041,34,38,-4
115000042,95,42,53
115000043,858,458,400
115000044,599,70,529
115000045,109,12,97
115000046,764,208,556
115000047,980,154,826
115000048,75,107,-32
115000049,123,199,-76
115000050,1286,375,911
115000051,508,252,256
115000052,139,154,-15
115000053,447,211,236
115000054,45,39,6
115000055,0,0,0
115000056,40,56,-16
115000057,0,0,0
115000058,23,27,-4
115000059,0,0,0
115000061,37,1,36
115000062,0,0,0
115000063,0,0,0
115000064,67,9,58
115000065,0,0,0
115000067,3,7,-4
115000069,0,0,0
115000070,0,19,-19
115000071,10,0,10
115000072,0,0,0
115000073,252,4,248
115000075,0,0,0
115000076,551,250,301
115000077,226,180,46
115000078,128,116,12
115000079,274,166,108
115000080,489,209,280
115000081,0,0,0
115000082,1029,498,531
115000083,0,0,0
115000084,638,168,470
115000085,0,0,0
115000086,481,47,434
115000087,0,0,0
115000088,780,102,678
115000089,0,0,0
115000090,62,86,-24
115000091,79,36,43
115000092,351,4,347
115000093,477,0,477
115000094,1499,275,1224
115000095,1112,141,971
115000096,276,12,264
115000097,275,70,205
115000098,256,33,223
115000099,697,262,435
115000100,516,116,400
115000101,0,10,-10
115000102,350,96,254
115000103,2,0,2
115000105,8,5,3
115000106,261,42,219
115000107,1,25,-24
115000108,52,47,5
115000109,872,841,31
115000110,210,156,54
115000111,19,96,-77
115000112,43,46,-3
115000113,12,65,-53
115000114,82,41,41
115000116,92,82,10
115000117,76,6,70
115000118,91,197,-106
115000119,87,66,21
115000120,9,277,-268
115000121,64,50,14
115000122,63,16,47
115000123,141,421,-280
115000124,56,38,18
115000125,128,40,88
115000126,20,42,-22
115000127,22,10,12
115000128,14,50,-36
115000129,48,1,47
115000130,64,11,53
115000131,71,30,41
115000132,71,12,59
115000133,57,5,52
115000134,63,2,61
115000135,15,0,15
115000136,33,30,3
115000137,0,0,0
115000138,150,29,121
115000139,0,0,0
115000140,163,13,150
115000141,0,0,0
115000142,0,0,0
115000143,266,34,232
115000144,0,0,0
115000145,0,0,0
115000146,119,57,62
115000147,0,0,0
115000148,0,0,0
115000149,0,9,-9
115000150,0,0,0
115000151,48,19,29
115000152,0,0,0
115000153,18,12,6
115000154,10,5,5
115000155,0,0,0
115000156,8,33,-25
115000157,0,0,0
115000158,0,0,0
115000159,0,0,0
115000160,0,0,0
115000161,0,0,0
115000162,272,63,209
115000163,0,0,0
115000164,0,0,0
115000165,51,69,-18
115000167,6,7,-1
115000168,66,32,34
115000169,0,0,0
115000170,0,0,0
115000171,106,82,24
115000172,0,0,0
115000173,5,1,4
115000174,48,35,13
115000175,0,0,0
115000176,0,1,-1
115000177,0,0,0
115000178,0,0,0
115000179,13,0,13
115000180,0,0,0
115000181,107,3,104
115000182,182,16,166
115000183,0,0,0
115000186,146,2,144
115000187,41,43,-2
115000188,148,17,131
115000189,4,45,-41
115000190,477,25,452
115000191,3,12,-9
115000194,0,0,0
115000195,6,3,3
115000196,0,0,0
115000197,0,0,0
115000198,65,0,65
115000199,0,0,0
115000200,8,2,6
115000201,0,0,0
115000206,178,3,175
115000207,0,0,0
115000208,10,20,-10
115000209,334,0,334
115000210,14,57,-43
115000211,3,4,-1
115000212,17,0,17
115000224,0,0,0
115000225,0,0,0
115000229,5,1,4
115000230,2,3,-1
115000231,116,3,113
115000232,396,2,394
115000233,0,0,0
115000234,0,0,0
115000241,0,0,0
115000242,0,0,0
115000243,0,0,0
115000244,0,0,0
115000246,0,0,0
115000247,0,0,0
115000248,0,0,0
115000249,0,0,0
115000250,0,0,0
115000251,0,0,0
115000252,0,0,0
115000253,0,0,0
115000258,0,0,0
115000259,0,0,0
115000261,0,0,0
115000262,0,0,0
115000263,0,0,0
115000264,0,0,0
115000267,0,0,0
115000268,0,0,0
115000269,0,0,0
115000270,0,0,0
115000272,2,0,2
115000273,0,0,0
115000280,9,284,-275
115000281,0,0,0
115000282,275,269,6
115000284,0,0,0
115000296,249,2,247
115000297,3,202,-199
115000298,0,0,0
115000300,0,0,0
115000302,90,17,73
115000303,130,5,125
115000304,88,27,61
115000305,0,0,0
115000306,0,0,0
115000307,0,0,0
115000308,0,0,0
115000309,0,0,0
115000310,0,0,0
115000311,407,60,347
115000313,0,0,0
115000314,29,35,-6
115000315,17,72,-55
115000316,0,0,0
115000317,92,6,86
115000318,354,7,347
115000319,6,26,-20
115000320,0,68,-68
115000321,50,0,50
115000322,0,49,-49
115000449,0,0,0
115000557,0,0,0
115000558,84,5,79
115000587,2,3,-1
115000588,57,180,-123
115000589,1992,1045,947
115000590,29,56,-27
115000591,463,400,63
115000592,16,61,-45
115000593,592,203,389
115000594,87,76,11
115000609,2,20,-18
115000617,93,56,37
115000624,0,0,0
115000633,211,92,119
115000634,1217,224,993
115000635,322,46,276
115000638,0,0,0
115000641,0,0,0
115000642,98,2,96
115000643,0,12,-12
115000644,0,10,-10
115000646,58,47,11
115000647,50,23,27
115000648,259,10,249
115000893,1361,409,952
115000894,2,105,-103
115000895,10,95,-85
115000896,762,184,578
115000897,32,29,3
115000898,38,4,34
115000899,7,19,-12
115000900,0,42,-42
115000901,2,27,-25
115000912,63,1,62
115000913,0,0,0
115000915,9,0,9
115000916,2,0,2
115000917,0,0,0
115000918,0,0,0
115000919,0,0,0
115000920,0,0,0
115000921,0,0,0
115000922,188,318,-130
115000923,9,89,-80
115000925,0,0,0
115000927,0,0,0
115000933,4,28,-24
115000934,0,0,0
115000935,0,0,0
115000936,0,0,0
115000937,6,50,-44
115000938,5,2,3
115000939,0,4,-4
115000940,0,0,0
115000941,0,0,0
115000942,0,2,-2
115000943,0,0,0
115000944,0,0,0
115900001,0,0,0
115900002,0,0,0
115900003,0,0,0
115900004,0,0,0
115900005,0,0,0
115900006,0,0,0
115900008,0,0,0
115900009,0,0,0
115900010,0,0,0
115900011,0,0,0
115900012,0,0,0
115900013,0,0,0
115900014,0,0,0
115900015,0,0,0
115900016,0,0,0
115900017,0,0,0
115900018,0,0,0
115900019,0,0,0
115900020,0,0,0
115900021,0,0,0
115900022,0,0,0
115900023,0,0,0
115900025,0,0,0
115900026,0,0,0
115900027,0,0,0
115900028,0,0,0
115900029,0,0,0
115900030,0,0,0
115900031,0,0,0
115900032,0,0,0
115900033,0,0,0
115900034,0,0,0
115900035,0,0,0
115900036,0,0,0
115900037,0,0,0
115900038,0,0,0
115900039,0,0,0
115900041,0,0,0
115900042,0,0,0
115900043,0,0,0
115900044,0,0,0
115900046,0,0,0
115900047,0,0,0
115900049,0,0,0
115900051,0,0,0
115900052,0,0,0
115900053,0,0,0
115900054,0,0,0
115900055,0,0,0
115900056,0,0,0
115900057,0,0,0
115900058,0,0,0
115900060,0,0,0
115900061,0,0,0
115900062,0,0,0
115900063,0,0,0
115900064,0,0,0
115900065,0,0,0
115900066,0,0,0
115900067,0,0,0
115900068,0,0,0
115900069,0,0,0
115900070,0,0,0
115900071,0,0,0
115900072,0,0,0
115900073,0,0,0
115900074,0,0,0
115900075,0,0,0
115900076,0,0,0
115900077,0,0,0
115900078,0,0,0
115900079,0,0,0
115900080,0,0,0
115900081,0,0,0
115900082,0,0,0
115900084,0,0,0
115900085,0,0,0
115900086,0,0,0
115900088,0,0,0
115900089,0,0,0
115900090,0,0,0
115900091,0,0,0
115900092,0,0,0
115900093,0,0,0
115900094,0,0,0
115900096,0,0,0
115900097,0,0,0
115900098,0,0,0
115900099,0,0,0
115900100,0,0,0
115900101,0,0,0
115900102,0,0,0
115900103,0,0,0
115900104,0,0,0
115900105,0,0,0
115900106,0,0,0
115900107,0,0,0
115900108,0,0,0
115900109,0,0,0
115900110,0,0,0
115900111,0,0,0
115900112,0,0,0
115900113,0,0,0
115900114,0,0,0
115900115,0,0,0
115900116,0,0,0
115900117,0,0,0
115900118,0,0,0
115900119,0,0,0
115900120,0,0,0
115900121,0,0,0
115900124,0,0,0
115900125,0,0,0
115900126,0,0,0
115900127,0,0,0
115900128,0,0,0
115900129,0,0,0
115900130,0,0,0
115900131,0,0,0
115900132,0,0,0
115900134,0,0,0
115900135,0,0,0
115900137,0,0,0
115900139,0,0,0
115900140,0,0,0
115900141,0,0,0
115900142,0,0,0
115900143,0,0,0
115900144,0,0,0
115900146,0,0,0
115900147,0,0,0
115900148,0,0,0
115900149,0,0,0
115900150,0,0,0
115900151,0,0,0
115900152,0,0,0
115900153,0,0,0
115900154,0,0,0
115900155,0,0,0
115900156,0,0,0
115900157,0,0,0
115900158,0,0,0
115900159,0,0,0
115900160,0,0,0
115900161,0,0,0
115900163,0,0,0
115900164,0,0,0
115900166,0,0,0
115900168,0,0,0
115900171,0,0,0
115900172,0,0,0
115900173,0,0,0
115900174,0,0,0
115900175,0,0,0
115900178,0,0,0
115900179,0,0,0
115900180,0,0,0
115900181,0,0,0
115900182,0,0,0
115900183,0,0,0
115900184,0,0,0
115900187,0,0,0
115900189,0,0,0
115900190,0,0,0
115900191,0,0,0
115900192,0,0,0
115900193,0,0,0
115900194,0,0,0
115900195,0,0,0
115900198,0,0,0
115900199,0,0,0
115900200,0,0,0
115900201,0,0,0
115900202,0,0,0
115900203,0,0,0
115900204,0,0,0
115900205,0,0,0
115900206,0,0,0
115900207,0,0,0
115900208,0,0,0
115900209,0,0,0
115900210,0,0,0
115900211,0,0,0
115900212,0,0,0
115900213,0,0,0
115900214,0,0,0
115900215,0,0,0
115900216,0,0,0
115900217,0,0,0
115900218,0,0,0
115900219,0,0,0
115900220,0,0,0
115900221,0,0,0
115900222,0,0,0
115900223,0,0,0
115900224,0,0,0
115900225,0,0,0
115900226,0,0,0
115900227,0,0,0
115900228,0,0,0
115900229,0,0,0
115900230,0,0,0
115900231,0,0,0
115900232,0,0,0
115900233,0,0,0
115900234,0,0,0
115900235,0,0,0
115900236,0,0,0
115900237,0,0,0
115900238,0,0,0
115900239,0,0,0
115900240,0,0,0
115900241,0,0,0
115900242,2,1,1
115900243,0,0,0
115900244,0,0,0
115900245,0,0,0
115900246,0,0,0
115900247,0,0,0
115900248,0,0,0
115900249,0,0,0
115900250,0,0,0
115900251,0,0,0
115900252,0,0,0
115900253,0,0,0
115900254,0,0,0
115900255,0,0,0
115900256,0,0,0
115900257,0,0,0
115900258,0,0,0
115900259,0,0,0
115900260,0,0,0
115900261,0,0,0
115900262,0,0,0
115900263,0,0,0
115900264,0,0,0
115900265,0,0,0
115900266,0,0,0
115900267,0,0,0
115900268,0,0,0
115900269,0,0,0
115900270,0,0,0
115900271,0,0,0
115900272,0,0,0
115900273,0,0,0
115900274,0,0,0
115900275,0,0,0
115900276,0,0,0
115900277,0,0,0
115900278,0,0,0
115900279,0,0,0
115900280,0,0,0
115900281,0,0,0
115900282,0,0,0
115900283,0,0,0
115900284,0,0,0
116000001,110,212,-102
116000002,1357,2007,-650
116000003,32,88,-56
116000004,583,1829,-1246
116000005,30,108,-78
116000006,189,503,-314
116000007,117,130,-13
116000008,651,518,133
116000009,21,113,-92
116000010,550,449,101
116000011,33,167,-134
116000012,594,215,379
116000013,196,436,-240
116000014,0,0,0
116000015,9,4,5
116000016,822,44,778
116000017,46,19,27
116000018,84,21,63
116000019,49,0,49
116000020,326,50,276
116000021,106,1,105
116000022,183,69,114
116000023,3,9,-6
116000024,190,45,145
116000025,19,31,-12
116000026,303,43,260
116000027,309,70,239
116000028,464,396,68
116000029,0,0,0
116000030,392,272,120
116000031,0,0,0
116000032,121,1,120
116000033,502,163,339
116000034,1280,1187,93
116000035,326,84,242
116000036,0,0,0
116000037,8,40,-32
116000038,25,103,-78
116000039,0,0,0
116000040,84,175,-91
116000041,0,0,0
116000042,289,239,50
116000043,0,0,0
116000044,0,0,0
116000045,1285,1707,-422
116000046,135,65,70
116000047,144,59,85
116000048,1268,837,431
116000049,990,592,398
116000050,336,194,142
116000051,1479,320,1159
116000052,541,209,332
116000053,742,251,491
116000054,0,0,0
116000055,0,0,0
116000056,419,860,-441
116000057,0,0,0
116000058,108,128,-20
116000059,578,1620,-1042
116000060,82,69,13
116000061,98,299,-201
116000062,32,25,7
116000063,87,441,-354
116000066,53,393,-340
116000067,0,0,0
116000068,35,104,-69
116000069,0,0,0
116000078,197,323,-126
116000080,0,0,0
116000082,0,0,0
116000083,215,113,102
116000084,33,307,-274
116000085,290,71,219
116000086,8,96,-88
116000087,762,145,617
116000088,43,40,3
116000089,0,0,0
116000090,3,3,0
116000091,0,0,0
116000093,211,155,56
116000094,0,52,-52
116000095,282,19,263
116000096,39,130,-91
116000097,407,29,378
116000098,10,241,-231
116000099,459,7,452
116000100,44,0,44
116000101,7,3,4
116000102,122,17,105
116000103,76,18,58
116000104,6,2,4
116000105,83,4,79
116000106,53,2,51
116000107,170,7,163
116000108,1,3,-2
116000111,0,0,0
116000113,25,2,23
116000114,0,0,0
116000115,60,3,57
116000116,0,0,0
116000117,189,341,-152
116000118,0,0,0
116000119,945,292,653
116000120,0,0,0
116000121,195,162,33
116000122,0,0,0
116000123,819,102,717
116000124,0,0,0
116000125,824,64,760
116000126,0,0,0
116000127,0,0,0
116000128,762,75,687
116000129,0,0,0
116000130,0,0,0
116000133,363,11,352
116000134,148,9,139
116000135,754,151,603
116000136,93,55,38
116000137,359,129,230
116000138,0,0,0
116000139,423,839,-416
116000140,0,0,0
116000141,25,1,24
116000142,270,665,-395
116000143,418,158,260
116000144,117,200,-83
116000145,1581,243,1338
116000146,106,3,103
116000147,85,174,-89
116000148,0,2,-2
116000149,0,0,0
116000151,27,71,-44
116000153,127,499,-372
116000155,137,401,-264
116000156,2,28,-26
116000157,121,0,121
116000158,427,28,399
116000159,56,0,56
116000160,0,0,0
116000161,0,0,0
116000162,0,0,0
116000163,0,0,0
116000164,0,0,0
116000177,9,0,9
116000194,0,0,0
116000195,912,158,754
116000196,0,0,0
116000197,0,0,0
116000198,388,351,37
116000200,0,27,-27
116000201,0,0,0
116000202,0,0,0
116000203,0,0,0
116000204,0,0,0
116000205,0,0,0
116000206,0,0,0
116000207,0,0,0
116000233,0,0,0
116000287,0,0,0
116000288,142,78,64
116000292,0,0,0
116000296,0,2,-2
116000297,0,0,0
116000304,0,0,0
116000305,0,0,0
116000346,0,0,0
116000352,0,0,0
116000354,0,0,0
116000357,0,0,0
116000358,0,0,0
116000361,0,0,0
116000372,0,0,0
116000381,0,0,0
116000388,0,0,0
116000389,96,12,84
116000445,0,0,0
116000446,402,47,355
116000447,0,0,0
116000448,528,347,181
116000563,105,757,-652
116000565,0,0,0
116000568,0,0,0
116000579,0,0,0
116000584,0,0,0
116000585,0,0,0
116000586,0,0,0
116000587,435,84,351
116000589,0,0,0
116000590,3,1,2
116000591,117,12,105
116000592,0,0,0
116000593,0,0,0
116000594,0,0,0
116000595,0,0,0
116000596,0,0,0
116000597,148,2,146
116000598,0,0,0
116000605,0,0,0
116000606,20,4,16
116000607,0,0,0
116000609,0,0,0
116000611,0,0,0
116000612,1079,388,691
116000613,391,114,277
116000614,0,0,0
116000615,0,0,0
116000616,0,0,0
116000617,0,0,0
116000618,0,0,0
116000619,1,4,-3
116000620,740,60,680
116000621,4,35,-31
116000622,90,42,48
116000624,0,0,0
116000627,0,0,0
116000628,0,0,0
116000629,0,0,0
116000630,1,0,1
116000631,0,1,-1
116000632,108,0,108
116000633,43,4,39
116000634,0,0,0
116000635,1106,1082,24
116000636,143,236,-93
116000637,0,0,0
116000638,46,2,44
116000640,26,4,22
116000641,0,0,0
116000644,0,0,0
116900001,0,0,0
116900002,0,0,0
116900003,0,0,0
116900004,0,0,0
116900005,0,0,0
116900006,1,0,1
116900007,0,0,0
116900008,0,0,0
116900009,0,0,0
116900010,0,0,0
116900011,0,0,0
116900012,0,0,0
116900013,0,0,0
116900014,0,0,0
116900015,0,0,0
116900016,0,0,0
116900017,0,0,0
116900018,0,0,0
116900019,0,0,0
116900020,0,0,0
116900023,0,0,0
116900024,0,0,0
116900025,0,0,0
116900026,0,0,0
116900027,0,0,0
116900028,0,0,0
116900029,0,0,0
116900031,0,0,0
116900032,0,0,0
116900033,0,0,0
116900034,0,0,0
116900035,0,0,0
116900036,0,0,0
116900038,0,0,0
116900041,0,0,0
116900042,0,0,0
116900043,0,0,0
116900047,0,0,0
116900049,0,0,0
116900050,0,0,0
116900051,0,0,0
116900052,0,0,0
116900055,0,0,0
116900057,0,0,0
116900058,0,0,0
116900059,0,0,0
116900060,0,0,0
116900062,0,0,0
116900064,0,0,0
116900065,0,0,0
116900067,0,0,0
116900068,0,0,0
116900070,0,0,0
116900072,0,0,0
116900073,0,0,0
116900074,0,0,0
116900076,0,0,0
116900077,0,0,0
116900078,0,0,0
116900079,0,0,0
116900080,0,0,0
116900081,0,0,0
116900082,0,0,0
116900083,0,0,0
116900084,0,0,0
116900085,0,0,0
116900086,0,0,0
116900088,0,0,0
116900090,0,0,0
116900091,0,0,0
116900092,0,0,0
116900093,0,0,0
116900094,0,0,0
116900095,0,0,0
116900096,0,0,0
116900097,0,0,0
116900098,0,0,0
116900099,0,0,0
116900100,0,0,0
116900101,0,0,0
116900103,0,0,0
116900104,0,0,0
116900105,0,0,0
116900106,0,0,0
116900107,0,0,0
116900110,0,0,0
116900111,288,0,288
116900112,108,13,95
116900113,34,2,32
116900116,0,0,0
116900117,0,0,0
116900118,0,0,0
116900120,0,0,0
116900121,0,0,0
116900122,0,0,0
116900123,0,0,0
116900124,0,0,0
116900125,0,0,0
116900126,0,0,0
116900128,0,0,0
116900129,0,0,0
116900130,0,0,0
116900131,0,0,0
116900132,0,0,0
116900133,0,0,0
116900134,0,0,0
116900136,0,0,0
116900137,0,0,0
116900138,0,0,0
116900139,0,0,0
116900140,0,0,0
116900141,0,0,0
116900142,0,0,0
116900143,0,0,0
116900144,0,0,0
116900145,0,0,0
116900147,0,0,0
116900148,0,0,0
116900149,0,0,0
116900150,0,0,0
116900151,0,0,0
116900153,0,0,0
116900154,0,0,0
116900155,0,0,0
116900157,0,0,0
116900158,0,0,0
116900159,0,0,0
116900160,0,0,0
116900161,0,0,0
116900162,0,0,0
116900163,0,0,0
116900164,0,0,0
116900165,0,0,0
116900166,0,0,0
116900167,0,0,0
116900168,0,0,0
116900169,0,0,0
116900170,0,0,0
116900171,0,0,0
116900172,0,0,0
116900173,0,0,0
116900174,0,0,0
116900175,0,0,0
116900178,0,0,0
116900179,0,0,0
116900180,0,0,0
116900182,0,0,0
116900183,0,0,0
116900185,0,0,0
116900186,0,0,0
116900187,0,0,0
116900188,0,0,0
116900189,0,0,0
116900191,0,0,0
116900192,0,0,0
116900194,0,0,0
116900195,0,0,0
116900196,0,0,0
116900197,0,0,0
116900198,0,0,0
116900200,0,0,0
116900201,0,0,0
116900202,0,0,0
116900203,0,0,0
116900204,0,0,0
116900206,0,0,0
116900207,0,0,0
116900208,22,0,22
116900209,0,0,0
116900210,0,0,0
116900211,0,0,0
116900212,0,0,0
116900213,0,0,0
116900214,0,0,0
116900215,0,0,0
116900216,0,0,0
116900218,0,0,0
116900219,0,0,0
116900220,0,0,0
116900221,0,0,0
116900222,199,68,131
116900223,0,0,0
116900226,0,0,0
116900227,0,0,0
116900228,0,0,0
116900230,0,0,0
116900231,0,0,0
116900232,0,0,0
116900233,0,0,0
116900234,0,0,0
116900235,0,0,0
116900238,0,0,0
116900239,0,0,0
116900240,0,0,0
116900241,0,0,0
116900242,0,0,0
116900243,0,0,0
116900245,0,0,0
116900246,0,0,0
116900247,0,0,0
116900248,0,0,0
116900249,0,0,0
116900250,0,0,0
116900251,0,0,0
116900252,167,0,167
116900253,0,0,0
116900254,0,0,0
116900255,0,0,0
116900256,0,0,0
116900257,0,0,0
116900258,0,0,0
116900259,0,0,0
116900260,0,0,0
116900261,0,0,0
116900262,0,0,0
116900263,0,0,0
116900264,125,0,125
116900265,0,0,0
116900266,0,0,0
116900267,0,0,0
116900268,0,0,0
116900269,156,66,90
116900271,0,0,0
116900272,0,0,0
116900273,0,0,0
116900274,0,0,0
116900275,0,0,0
116900276,59,0,59
116900277,0,0,0
116900278,0,0,0
116900279,0,0,0
116900280,0,0,0
116900281,0,0,0
116900282,0,0,0
116900283,0,0,0
116900284,0,0,0
116900285,0,0,0
116900286,0,0,0
116900287,0,0,0
116900288,0,0,0
116900289,0,0,0
116900290,0,0,0
116900291,0,0,0
116900292,0,0,0
116900293,0,0,0
116900294,0,0,0
116900295,0,0,0
116900296,0,0,0
116900297,0,0,0
116900298,0,0,0
116900299,0,0,0
116900300,0,0,0
116900301,0,0,0
116900302,0,0,0
116900303,0,0,0
116900304,0,0,0
116900305,0,0,0
116900306,6,3,3
116900307,0,0,0
116900308,0,0,0
116900309,0,0,0
117000001,871,485,386
117000002,13,27,-14
117000003,2030,1107,923
117000004,229,154,75
117000005,1335,595,740
117000006,95,179,-84
117000007,2697,749,1948
117000008,52,157,-105
117000009,1811,302,1509
117000010,149,96,53
117000011,1064,175,889
117000012,161,91,70
117000013,1005,193,812
117000014,24,292,-268
117000015,422,204,218
117000016,30,4,26
117000017,32,9,23
117000018,5,26,-21
117000019,24,27,-3
117000020,47,5,42
117000021,59,8,51
117000022,114,22,92
117000023,20,38,-18
117000024,0,0,0
117000025,0,0,0
117000026,848,1100,-252
117000027,0,0,0
117000028,253,174,79
117000030,200,59,141
117000031,188,133,55
117000032,382,386,-4
117000033,343,253,90
117000034,151,83,68
117000035,367,86,281
117000036,83,75,8
117000037,413,45,368
117000038,107,106,1
117000039,449,67,382
117000040,0,0,0
117000041,467,22,445
117000044,0,0,0
117000045,19,55,-36
117000046,0,0,0
117000047,572,308,264
117000048,0,0,0
117000049,0,33,-33
117000050,4,7,-3
117000051,632,230,402
117000052,0,0,0
117000053,0,0,0
117000054,1137,41,1096
117000055,0,28,-28
117000056,435,96,339
117000057,0,4,-4
117000060,0,0,0
117000061,425,363,62
117000062,0,0,0
117000063,177,191,-14
117000064,0,0,0
117000066,2,2,0
117000067,25,122,-97
117000074,0,24,-24
117000076,1,4,-3
117000077,108,30,78
117000078,0,0,0
117000079,66,12,54
117000080,0,0,0
117000081,153,11,142
117000082,0,0,0
117000083,58,0,58
117000084,49,0,49
117000085,26,20,6
117000086,194,298,-104
117000087,22,48,-26
117000088,285,141,144
117000089,1214,284,930
117000090,0,54,-54
117000091,845,120,725
117000092,0,33,-33
117000093,1101,161,940
117000094,84,113,-29
117000095,2105,165,1940
117000096,32,63,-31
117000097,1185,182,1003
117000098,64,79,-15
117000099,1525,193,1332
117000100,0,0,0
117000101,0,0,0
117000102,743,265,478
117000103,18,23,-5
117000104,783,189,594
117000105,6,36,-30
117000106,882,211,671
117000107,74,25,49
117000108,720,486,234
117000109,187,21,166
117000110,859,870,-11
117000111,1991,1289,702
117000112,600,455,145
117000113,0,0,0
117000114,0,4,-4
117000115,0,0,0
117000116,1,1,0
117000117,123,83,40
117000118,1,21,-20
117000119,0,76,-76
117000120,3,56,-53
117000121,0,83,-83
117000122,2,104,-102
117000123,153,83,70
117000124,8,4,4
117000125,1,0,1
117000126,16,1,15
117000127,3,0,3
117000128,3,1,2
117000129,181,494,-313
117000130,9,0,9
117000131,0,0,0
117000132,1617,37,1580
117000133,0,0,0
117000134,0,0,0
117000135,0,0,0
117000136,0,0,0
117000137,0,0,0
117000138,2,0,2
117000140,28,58,-30
117000141,1028,164,864
117000181,0,0,0
117000182,0,0,0
117000195,0,0,0
117000196,0,0,0
117000225,0,0,0
117000226,0,0,0
117000276,0,0,0
117000277,0,0,0
117000310,0,302,-302
117000315,0,0,0
117000320,139,0,139
117000906,119,1,118
117000907,0,0,0
117000909,1,17,-16
117000910,0,0,0
117000911,1,58,-57
117000915,0,0,0
117000916,17,44,-27
117000917,319,12,307
117000918,35,68,-33
117000919,0,0,0
117000920,0,25,-25
117000921,0,0,0
117000922,4,22,-18
117000924,66,249,-183
117000926,48,5,43
117000927,74,507,-433
117000928,0,0,0
117000929,0,0,0
117000930,0,0,0
117000931,0,0,0
117900002,0,0,0
117900003,0,0,0
117900005,0,0,0
117900006,0,0,0
117900007,0,0,0
117900008,0,0,0
117900010,0,0,0
117900011,0,0,0
117900012,0,0,0
117900013,0,0,0
117900014,0,0,0
117900015,0,0,0
117900016,0,0,0
117900017,0,0,0
117900018,0,0,0
117900019,0,0,0
117900020,0,0,0
117900021,0,0,0
117900022,0,0,0
117900023,0,0,0
117900024,0,0,0
117900025,0,0,0
117900026,0,0,0
117900028,0,0,0
117900029,0,0,0
117900030,0,0,0
117900031,0,0,0
117900032,0,0,0
117900033,0,0,0
117900034,0,0,0
117900035,0,0,0
117900036,0,0,0
117900037,0,0,0
117900038,0,0,0
117900039,0,0,0
117900040,0,0,0
117900041,0,0,0
117900042,0,0,0
117900043,0,0,0
117900044,0,0,0
117900045,0,0,0
117900048,0,0,0
117900049,0,0,0
117900050,0,0,0
117900051,0,0,0
117900052,0,0,0
117900053,0,0,0
117900054,0,0,0
117900055,0,0,0
117900056,0,0,0
117900057,0,0,0
117900058,0,0,0
117900059,0,0,0
117900060,0,0,0
117900061,0,0,0
117900063,0,0,0
117900065,0,0,0
117900066,0,0,0
117900067,0,0,0
117900069,0,0,0
117900070,0,0,0
117900071,0,0,0
117900073,0,0,0
117900074,0,0,0
117900075,0,0,0
117900076,0,0,0
117900077,0,0,0
117900078,0,0,0
117900080,0,0,0
117900081,0,0,0
117900082,0,0,0
117900083,0,0,0
117900086,0,0,0
117900087,0,0,0
117900088,0,0,0
117900089,0,0,0
117900090,0,0,0
117900091,0,0,0
117900092,0,0,0
117900093,0,0,0
117900094,0,0,0
117900095,0,0,0
117900096,0,0,0
117900097,0,0,0
117900098,0,0,0
117900099,0,0,0
117900100,0,0,0
117900101,0,0,0
117900102,0,0,0
117900103,0,0,0
117900104,0,0,0
117900105,0,0,0
117900106,0,0,0
117900107,0,0,0
117900109,0,0,0
117900110,0,0,0
117900111,0,0,0
117900112,0,0,0
117900113,0,0,0
117900114,0,0,0
117900115,0,0,0
117900116,0,0,0
117900117,0,0,0
117900118,0,0,0
117900119,0,0,0
117900120,1,0,1
117900121,1,0,1
117900122,0,0,0
117900123,0,0,0
117900124,0,0,0
117900125,0,0,0
117900126,0,0,0
117900127,0,0,0
117900128,0,0,0
117900129,0,0,0
117900130,0,0,0
117900131,0,0,0
117900132,0,0,0
117900133,0,0,0
117900134,0,0,0
117900135,0,0,0
117900136,0,0,0
117900137,0,0,0
117900138,0,0,0
117900139,0,0,0
117900140,0,0,0
117900141,0,0,0
117900142,0,0,0
117900144,0,0,0
117900145,0,0,0
117900146,0,0,0
117900147,0,0,0
117900148,0,0,0
117900149,0,0,0
117900150,0,0,0
117900151,0,0,0
117900152,0,0,0
117900153,0,0,0
117900154,0,0,0
117900156,0,0,0
117900157,0,0,0
117900158,0,0,0
117900160,0,0,0
117900161,0,0,0
117900162,0,0,0
117900163,0,0,0
117900165,0,0,0
117900166,0,0,0
117900168,0,0,0
117900169,0,0,0
117900170,0,0,0
117900171,0,0,0
117900172,0,0,0
117900173,0,0,0
117900174,0,0,0
117900175,0,0,0
117900176,0,0,0
117900177,0,0,0
117900178,0,0,0
117900180,0,0,0
117900181,0,0,0
117900182,0,0,0
117900183,0,0,0
117900184,0,0,0
117900185,0,0,0
117900186,0,0,0
117900187,0,0,0
117900188,0,0,0
117900189,0,0,0
117900190,0,0,0
117900191,0,0,0
117900192,0,0,0
117900193,0,0,0
117900194,0,0,0
117900195,0,0,0
117900196,0,0,0
117900207,0,0,0
117900208,0,0,0
117900209,0,0,0
117900210,0,0,0
117900211,0,0,0
117900212,0,0,0
117900213,0,0,0
117900214,0,0,0
117900215,0,0,0
117900216,0,0,0
117900217,0,0,0
117900218,0,0,0
117900219,0,0,0
117900220,0,0,0
117900222,0,0,0
117900223,0,0,0
118000001,238,605,-367
118000002,8,89,-81
118000003,844,1835,-991
118000004,44,53,-9
118000005,1726,1878,-152
118000006,108,274,-166
118000007,162,790,-628
118000008,145,354,-209
118000009,40,242,-202
118000010,129,383,-254
118000011,0,0,0
118000012,0,0,0
118000013,0,0,0
118000014,0,0,0
118000016,0,0,0
118000017,47,121,-74
118000018,0,0,0
118000019,0,0,0
118000020,0,2,-2
118000021,0,0,0
118000022,77,46,31
118000023,214,129,85
118000024,306,263,43
118000027,135,88,47
118000029,27,378,-351
118000032,303,884,-581
118000033,616,1224,-608
118000034,40,104,-64
118000035,75,405,-330
118000036,94,227,-133
118000037,0,0,0
118000038,30,94,-64
118000039,0,0,0
118000040,131,215,-84
118000041,0,0,0
118000045,19,55,-36
118000046,2,203,-201
118000047,0,0,0
118000048,77,100,-23
118000051,2,201,-199
118000052,0,60,-60
118000053,4,21,-17
118000054,21,109,-88
118000055,2,17,-15
118000056,0,0,0
118000057,0,2,-2
118000058,0,0,0
118000059,18,45,-27
118000060,2,0,2
118000061,20,91,-71
118000062,0,0,0
118000063,0,21,-21
118000064,5,113,-108
118000065,81,79,2
118000066,1,233,-232
118000067,5,36,-31
118000068,21,215,-194
118000069,3,17,-14
118000070,3,32,-29
118000071,50,133,-83
118000072,327,540,-213
118000073,35,94,-59
118000074,0,19,-19
118000075,0,53,-53
118000076,791,2438,-1647
118000077,0,0,0
118000078,692,792,-100
118000079,36,69,-33
118000080,0,0,0
118000081,430,755,-325
118000082,0,0,0
118000083,0,0,0
118000084,0,0,0
118000086,0,0,0
118000087,61,26,35
118000088,154,488,-334
118000089,439,218,221
118000090,1,43,-42
118000091,49,161,-112
118000092,0,0,0
118000093,0,0,0
118000096,0,0,0
118000097,0,0,0
118000098,0,0,0
118000099,0,0,0
118000101,416,249,167
118000102,102,16,86
118000107,19,0,19
118000108,30,4,26
118000110,0,0,0
118000111,0,0,0
118000112,114,0,114
118000113,0,0,0
118000114,96,1,95
118000115,2,4,-2
118000116,0,0,0
118000117,19,7,12
118000118,293,413,-120
118000119,293,394,-101
118000120,65,3,62
118000121,0,0,0
118000122,0,0,0
118000123,0,2,-2
118000125,0,0,0
118000126,9,18,-9
118000127,91,289,-198
118000128,0,0,0
118000129,89,50,39
118000130,11,31,-20
118000131,13,12,1
118000132,219,370,-151
118000133,59,174,-115
118000135,129,212,-83
118000136,1,14,-13
118000137,0,0,0
118000138,1,1,0
118000139,0,0,0
118000140,18,98,-80
118000141,1067,925,142
118000142,0,0,0
118000143,445,504,-59
118000144,59,75,-16
118000145,362,125,237
118000146,316,50,266
118000147,274,50,224
118000148,28,63,-35
118000149,3,1,2
118000150,372,148,224
118000151,40,45,-5
118000153,740,566,174
118000154,340,346,-6
118000155,679,640,39
118000156,253,135,118
118000157,281,70,211
118000158,2,1,1
118000159,55,92,-37
118000160,676,193,483
118000161,0,0,0
118000162,188,70,118
118000163,223,165,58
118000164,699,258,441
118000168,0,0,0
118000169,0,0,0
118000170,37,12,25
118000171,3,10,-7
118000172,3,7,-4
118000173,191,149,42
118000175,220,320,-100
118000176,268,469,-201
118000177,80,320,-240
118000178,0,0,0
118000179,507,635,-128
118000180,514,440,74
118000181,17,19,-2
118000182,36,62,-26
118000183,86,78,8
118000184,783,261,522
118000185,0,0,0
118000186,0,0,0
118000187,0,0,0
118000188,0,0,0
118000189,0,0,0
118000190,0,0,0
118000191,0,0,0
118000192,1,23,-22
118000193,0,0,0
118000194,706,825,-119
118000195,16,43,-27
118000196,0,0,0
118000197,9,8,1
118000198,0,74,-74
118000199,151,228,-77
118000200,0,0,0
118000201,0,0,0
118000202,0,0,0
118000203,0,0,0
118000204,0,4,-4
118000205,36,22,14
118000206,68,9,59
118000207,0,0,0
118000208,201,447,-246
118000209,186,29,157
118000210,50,21,29
118000211,29,8,21
118000213,0,19,-19
118000214,30,12,18
118000215,0,0,0
118000216,0,0,0
118000217,0,0,0
118000218,0,0,0
118000219,0,0,0
118000220,56,33,23
118000221,0,0,0
118000222,0,0,0
118000223,9,16,-7
118000224,0,0,0
118000225,0,0,0
118000226,10,4,6
118000227,27,41,-14
118000228,0,0,0
118000229,0,0,0
118000230,0,0,0
118000231,0,0,0
118000232,0,0,0
118000233,111,28,83
118000234,0,0,0
118000236,0,0,0
118000237,0,0,0
118000238,0,0,0
118000239,98,20,78
118000240,0,0,0
118000241,0,0,0
118000242,0,0,0
118000243,0,0,0
118000244,0,0,0
118000246,0,0,0
118000255,0,1,-1
118000256,2,1,1
118000259,0,0,0
118000260,0,0,0
118000261,0,0,0
118000263,0,0,0
118000266,0,0,0
118000267,0,0,0
118000268,20,0,20
118000270,0,0,0
118000271,0,4,-4
118000272,0,0,0
118000273,0,0,0
118000274,0,0,0
118000276,0,0,0
118000295,0,0,0
118000298,0,0,0
118000299,0,0,0
118000301,0,0,0
118000302,0,0,0
118000311,0,0,0
118000312,0,0,0
118000313,0,0,0
118000314,0,0,0
118000315,0,0,0
118000316,0,0,0
118000325,0,0,0
118000326,0,0,0
118000331,0,0,0
118000332,0,0,0
118000333,0,0,0
118000335,81,0,81
118000336,0,0,0
118000407,0,0,0
118000457,0,0,0
118000465,76,123,-47
118000480,0,0,0
118000489,3,73,-70
118000490,0,0,0
118000492,170,6,164
118000510,0,0,0
118000514,8,7,1
118000515,48,1,47
118000517,0,0,0
118000524,0,0,0
118000525,0,0,0
118000530,1,76,-75
118000531,115,32,83
118000532,0,0,0
118000533,0,0,0
118000534,0,0,0
118000535,58,31,27
118000536,0,0,0
118000537,0,0,0
118000538,0,0,0
118000539,0,55,-55
118000540,0,0,0
118000541,0,0,0
118000542,63,27,36
118000543,25,7,18
118000546,0,0,0
118000553,0,0,0
118000560,0,0,0
118000562,0,0,0
118000563,290,679,-389
118000576,42,0,42
118000577,2,13,-11
118000578,24,2,22
118000579,5,5,0
118000583,0,0,0
118000595,44,107,-63
118000596,0,0,0
118000597,1,7,-6
118000598,0,0,0
118000599,0,0,0
118000600,0,0,0
118000601,0,0,0
118000602,0,0,0
118000603,0,0,0
118000605,0,0,0
118900001,0,0,0
118900002,0,0,0
118900003,0,0,0
118900004,0,0,0
118900005,0,0,0
118900006,0,0,0
118900007,0,0,0
118900008,0,0,0
118900009,0,0,0
118900010,0,0,0
118900011,0,0,0
118900012,0,0,0
118900013,0,0,0
118900015,0,0,0
118900016,0,0,0
118900017,0,0,0
118900018,0,0,0
118900019,0,0,0
118900020,0,0,0
118900021,0,0,0
118900022,0,0,0
118900023,0,0,0
118900024,0,0,0
118900025,0,0,0
118900026,0,0,0
118900027,0,0,0
118900028,0,0,0
118900029,0,0,0
118900030,0,0,0
118900031,0,0,0
118900032,0,0,0
118900033,0,0,0
118900034,0,0,0
118900035,0,0,0
118900036,0,0,0
118900037,0,0,0
118900038,0,0,0
118900039,0,0,0
118900040,0,0,0
118900041,0,0,0
118900042,0,0,0
118900045,0,0,0
118900046,0,0,0
118900047,0,0,0
118900048,0,0,0
118900049,0,0,0
118900050,0,0,0
118900051,4,22,-18
118900052,0,0,0
118900053,0,0,0
118900054,0,0,0
118900055,0,0,0
118900056,0,5,-5
118900057,0,0,0
118900058,0,0,0
118900059,0,0,0
118900060,0,0,0
118900062,0,0,0
118900064,0,0,0
118900065,0,0,0
118900066,0,0,0
118900067,0,0,0
118900068,0,0,0
118900069,0,0,0
118900071,0,0,0
118900072,0,0,0
118900073,0,0,0
118900074,0,0,0
118900075,0,0,0
118900076,0,0,0
118900077,0,0,0
118900078,0,0,0
118900079,0,0,0
118900080,0,0,0
118900081,0,0,0
118900082,0,0,0
118900083,0,0,0
118900084,0,0,0
118900085,0,0,0
118900086,0,0,0
118900087,0,0,0
118900088,0,0,0
118900089,0,0,0
118900090,0,0,0
118900091,0,0,0
118900092,0,0,0
118900093,0,0,0
118900096,0,55,-55
118900097,0,0,0
118900099,0,0,0
118900100,0,0,0
118900101,0,0,0
118900102,0,0,0
118900103,0,0,0
118900104,2,1,1
118900105,0,0,0
118900107,0,0,0
118900108,0,0,0
118900110,0,0,0
118900111,0,0,0
118900112,0,0,0
118900113,0,0,0
118900114,0,0,0
118900115,0,0,0
118900116,0,0,0
118900117,0,0,0
118900118,0,0,0
118900119,0,0,0
118900120,0,0,0
118900121,0,0,0
118900122,0,0,0
118900123,0,0,0
118900124,0,0,0
118900126,0,0,0
118900129,0,0,0
118900130,0,0,0
118900131,0,0,0
118900132,0,0,0
118900133,0,0,0
118900135,0,0,0
118900136,0,0,0
118900137,0,0,0
118900139,0,0,0
118900140,0,0,0
118900141,0,0,0
118900144,0,0,0
118900145,0,0,0
118900146,0,0,0
118900147,0,0,0
118900148,0,0,0
118900150,0,0,0
118900152,0,0,0
118900157,0,0,0
118900158,0,0,0
118900159,0,0,0
118900161,0,0,0
118900163,0,0,0
118900164,0,0,0
118900165,0,0,0
118900166,0,0,0
118900167,0,0,0
118900168,0,0,0
118900169,0,0,0
118900170,0,0,0
118900171,0,0,0
118900174,0,0,0
118900175,0,0,0
118900176,0,0,0
118900177,0,0,0
118900178,0,0,0
118900179,0,0,0
118900181,0,0,0
118900182,0,0,0
118900183,0,0,0
118900184,0,0,0
118900185,0,0,0
118900186,0,0,0
118900187,0,0,0
118900188,0,0,0
118900189,0,0,0
118900190,0,0,0
118900191,0,0,0
118900192,0,0,0
118900193,0,0,0
118900195,0,0,0
118900196,0,0,0
118900197,0,0,0
118900198,0,0,0
118900199,0,0,0
118900200,0,0,0
118900201,0,0,0
118900202,0,0,0
118900203,0,0,0
118900204,0,0,0
118900205,0,0,0
118900206,0,0,0
119000001,418,404,14
119000002,565,184,381
119000003,73,108,-35
119000004,12,93,-81
119000005,231,72,159
119000006,153,48,105
119000007,791,542,249
119000008,0,0,0
119000009,190,350,-160
119000010,0,0,0
119000011,381,406,-25
119000012,34,74,-40
119000013,1515,520,995
119000014,26,48,-22
119000019,0,0,0
119000020,40,35,5
119000021,63,65,-2
119000022,0,0,0
119000023,150,115,35
119000024,190,1092,-902
119000025,13,67,-54
119000026,0,0,0
119000027,0,35,-35
119000028,59,42,17
119000029,0,0,0
119000030,21,134,-113
119000031,0,0,0
119000032,1,43,-42
119000033,392,118,274
119000034,0,0,0
119000035,0,6,-6
119000036,162,20,142
119000037,0,15,-15
119000038,0,9,-9
119000039,21,25,-4
119000040,0,266,-266
119000041,8,32,-24
119000048,257,122,135
119000049,23,42,-19
119000050,6,1,5
119000051,37,162,-125
119000052,1,1,0
119000053,59,165,-106
119000054,203,98,105
119000055,1375,102,1273
119000056,513,320,193
119000057,86,44,42
119000058,77,52,25
119000059,665,237,428
119000060,0,0,0
119000061,93,78,15
119000062,0,0,0
119000063,33,32,1
119000064,30,70,-40
119000065,26,18,8
119000066,93,78,15
119000067,208,75,133
119000068,122,17,105
119000069,298,138,160
119000070,66,23,43
119000071,0,0,0
119000072,287,91,196
119000073,132,62,70
119000074,267,136,131
119000075,256,53,203
119000076,0,0,0
119000077,0,0,0
119000078,0,0,0
119000079,0,0,0
119000080,0,0,0
119000081,0,0,0
119000082,0,0,0
119000083,0,0,0
119000084,0,0,0
119000085,0,0,0
119000086,0,0,0
119000087,0,0,0
119000088,0,0,0
119000089,0,0,0
119000090,0,0,0
119000091,0,0,0
119000092,0,0,0
119000093,293,107,186
119000094,819,176,643
119000095,119,127,-8
119000097,150,64,86
119000098,202,496,-294
119000099,526,75,451
119000100,457,292,165
119000101,0,0,0
119000102,0,0,0
119000103,25,6,19
119000104,0,0,0
119000105,42,67,-25
119000106,0,0,0
119000107,129,106,23
119000108,0,0,0
119000109,0,0,0
119000110,0,0,0
119000111,0,0,0
119000112,0,0,0
119000113,0,0,0
119000114,2,36,-34
119000115,0,0,0
119000116,2,21,-19
119000117,0,0,0
119000118,0,0,0
119000123,0,0,0
119000124,109,27,82
119000125,328,20,308
119000126,296,30,266
119000127,0,0,0
119000128,0,0,0
119000131,0,0,0
119000132,0,0,0
119000133,0,0,0
119000134,212,194,18
119000135,0,0,0
119000136,0,0,0
119000137,0,0,0
119000138,0,0,0
119000139,0,0,0
119000140,0,0,0
119000284,0,0,0
119000285,0,0,0
119000286,0,0,0
119000287,0,0,0
119000288,0,0,0
119000289,0,0,0
119000290,70,2,68
119000291,0,0,0
119000293,3,12,-9
119000294,138,61,77
119000295,0,0,0
119000296,0,0,0
119000299,0,0,0
119000302,0,0,0
119000303,0,7,-7
119000310,0,0,0
119000314,0,0,0
119000315,0,0,0
119000316,0,0,0
119000317,0,0,0
119900001,0,0,0
119900002,0,0,0
119900003,0,0,0
119900004,0,0,0
119900005,0,0,0
119900006,0,0,0
119900007,0,0,0
119900008,0,0,0
119900009,0,0,0
119900010,0,0,0
119900011,0,0,0
119900012,0,0,0
119900013,0,0,0
119900014,0,0,0
119900015,0,0,0
119900016,0,0,0
119900017,0,0,0
119900018,0,0,0
119900019,0,0,0
119900020,0,0,0
119900021,0,0,0
119900022,0,0,0
119900023,0,0,0
119900025,0,0,0
119900026,0,0,0
119900027,0,0,0
119900028,0,0,0
119900029,0,0,0
119900030,0,0,0
119900031,0,0,0
119900033,0,0,0
119900034,0,0,0
119900037,0,0,0
119900038,0,0,0
119900039,0,0,0
119900040,0,0,0
119900041,0,0,0
119900042,0,0,0
119900043,0,0,0
119900044,0,0,0
119900046,0,0,0
119900047,0,0,0
119900048,0,0,0
119900049,0,0,0
119900050,0,0,0
119900051,0,0,0
119900052,0,0,0
119900053,0,0,0
119900054,0,0,0
119900055,0,0,0
119900057,0,0,0
119900058,0,0,0
119900059,0,0,0
119900060,0,0,0
119900061,0,0,0
119900062,0,0,0
119900063,0,0,0
119900065,0,0,0
119900066,0,0,0
119900067,0,0,0
119900068,0,0,0
119900069,0,0,0
119900070,0,0,0
119900071,0,0,0
119900073,0,0,0
119900074,0,0,0
119900075,0,0,0
119900076,0,0,0
119900077,0,0,0
119900078,0,0,0
119900079,0,0,0
119900080,0,0,0
119900081,0,0,0
119900082,6,1,5
119900083,0,0,0
119900084,0,0,0
119900085,0,0,0
119900086,0,0,0
119900087,0,0,0
119900088,0,0,0
119900089,0,0,0
119900090,0,0,0
119900091,0,0,0
119900092,0,0,0
119900093,0,0,0
119900094,0,0,0
119900095,0,0,0
119900096,0,0,0
119900097,0,0,0
119900098,0,0,0
119900099,0,0,0
119900100,0,0,0
119900101,0,0,0
119900102,0,0,0
119900103,0,0,0
119900104,0,0,0
119900105,0,0,0
119900106,0,0,0
119900107,0,0,0
119900108,0,0,0
119900109,0,0,0
119900110,0,0,0
119900111,0,0,0
119900112,0,0,0
119900113,0,0,0
119900114,0,0,0
119900115,0,0,0
119900116,0,0,0
119900117,0,0,0
119900118,0,0,0
119900119,0,0,0
119900120,0,0,0
119900121,0,0,0
119900122,0,0,0
119900123,0,0,0
119900124,0,0,0
119900125,0,0,0
119900126,0,0,0
119900127,0,0,0
119900128,0,0,0
119900129,0,0,0
119900130,0,0,0
119900131,0,0,0
119900132,0,0,0
119900133,0,0,0
119900134,0,0,0
119900135,0,0,0
119900136,0,0,0
119900138,0,0,0
119900139,0,0,0
119900140,0,0,0
119900141,0,0,0
119900142,0,0,0
119900143,0,0,0
119900144,0,0,0
119900145,0,0,0
119900146,0,0,0
119900147,0,0,0
119900148,0,0,0
119900149,0,0,0
119900150,0,0,0
119900151,0,0,0
119900152,0,0,0
119900153,0,0,0
119900154,0,0,0
119900155,0,0,0
119900156,0,0,0
119900157,0,0,0
119900158,0,0,0
119900159,0,0,0
119900160,0,0,0
119900161,0,0,0
119900162,0,0,0
119900163,0,0,0
119900164,0,0,0
119900165,0,0,0
119900166,0,0,0
119900167,0,0,0
119900168,0,0,0
119900169,0,0,0
119900170,0,0,0
119900171,0,0,0
119900172,0,0,0
119900173,0,0,0
119900174,0,0,0
119900175,0,0,0
119900177,0,0,0
119900178,0,0,0
119900179,0,0,0
119900180,0,0,0
119900181,0,0,0
119900182,0,0,0
119900183,0,0,0
119900184,0,0,0
119900185,0,0,0
119900186,0,0,0
119900187,0,0,0
119900188,0,0,0
119900189,0,0,0
119900190,0,0,0
119900191,0,0,0
119900192,0,0,0
119900193,0,0,0
119900194,0,0,0
119900195,0,0,0
119900196,0,0,0
119900197,0,0,0
119900198,0,0,0
119900199,0,0,0
119900200,0,0,0
119900201,0,0,0
119900202,0,0,0
119900203,0,0,0
119900204,0,0,0
119900205,0,0,0
119900206,0,0,0
119900208,0,0,0
119900209,0,0,0
119900210,0,0,0
119900211,0,0,0
119900212,0,0,0
119900213,0,0,0
119900214,0,0,0
119900215,0,0,0
119900216,0,0,0
119900217,0,0,0
119900218,0,0,0
119900219,0,0,0
119900220,0,0,0
119900221,0,0,0
119900222,0,0,0
119900223,0,0,0
119900224,0,0,0
119900225,0,0,0
119900226,0,0,0
119900227,0,0,0
119900228,0,0,0
119900229,0,0,0
119900230,0,0,0
119900231,0,0,0
119900232,0,0,0
119900233,0,0,0
119900234,0,0,0
119900235,0,0,0
119900236,0,0,0
119900237,0,0,0
119900238,0,0,0
119900240,0,0,0
119900241,0,0,0
119900242,0,0,0
119900244,0,0,0
119900245,0,0,0
119900246,0,0,0
119900247,0,0,0
119900248,0,0,0
119900249,0,0,0
119900253,0,0,0
119900254,0,0,0
119900255,0,0,0
119900256,0,0,0
119900257,0,0,0
119900258,0,0,0
119900259,0,0,0
119900260,0,0,0
119900261,0,0,0
119900262,0,0,0
119900263,0,0,0
119900264,0,0,0
119900265,0,0,0
119900266,0,0,0
119900267,0,0,0
119900268,0,0,0
119900269,0,0,0
119900271,0,0,0
119900272,0,0,0
119900275,0,0,0
119900276,0,0,0
119900277,0,0,0
119900278,0,0,0
119900279,0,0,0
119900280,0,0,0
119900281,0,0,0
119900282,0,0,0
119900283,0,0,0
119900284,0,0,0
119900285,0,0,0
119900286,0,0,0
119900288,0,0,0
119900289,0,0,0
119900290,0,0,0
119900291,0,0,0
119900292,0,0,0
119900293,0,0,0
119900294,0,0,0
119900295,0,0,0
119900296,0,0,0
119900297,0,0,0
119900298,0,0,0
119900299,0,0,0
119900300,0,0,0
119900301,0,0,0
119900302,0,0,0
119900303,0,0,0
119900304,0,0,0
119900305,0,0,0
119900306,0,0,0
119900307,0,0,0
119900308,0,0,0
119900309,0,0,0
119900310,0,0,0
119900311,0,0,0
119900312,0,0,0
119900313,0,0,0
119900314,0,0,0
119900315,0,0,0
119900318,0,0,0
119900319,0,0,0
119900320,0,0,0
119900321,0,0,0
119900322,0,0,0
119900323,0,0,0
119900324,0,0,0
119900325,0,0,0
119900326,0,0,0
120000001,1962,2091,-129
120000002,109,92,17
120000003,75,68,7
120000004,48,130,-82
120000005,175,155,20
120000006,64,78,-14
120000007,98,49,49
120000008,14,66,-52
120000009,21,25,-4
120000010,50,52,-2
120000011,18,93,-75
120000012,17,211,-194
120000013,585,190,395
120000014,186,268,-82
120000015,859,415,444
120000016,2068,717,1351
120000017,660,442,218
120000018,1496,558,938
120000019,352,127,225
120000020,983,370,613
120000021,321,905,-584
120000022,2364,1464,900
120000023,412,309,103
120000024,236,269,-33
120000025,875,361,514
120000026,375,598,-223
120000027,710,679,31
120000028,0,0,0
120000029,14,313,-299
120000030,7,152,-145
120000031,620,582,38
120000032,433,182,251
120000033,142,51,91
120000034,309,84,225
120000035,567,99,468
120000036,1177,920,257
120000037,305,717,-412
120000038,251,705,-454
120000039,0,55,-55
120000040,0,23,-23
120000041,8,5,3
120000042,36,25,11
120000043,82,34,48
120000044,20,6,14
120000045,5,0,5
120000046,47,6,41
120000047,7,12,-5
120000048,629,239,390
120000049,590,263,327
120000050,97,271,-174
120000051,14,285,-271
120000052,0,0,0
120000053,156,18,138
120000054,187,15,172
120000055,95,11,84
120000056,391,270,121
120000057,350,87,263
120000058,57,77,-20
120000059,4,231,-227
120000061,0,7,-7
120000062,0,0,0
120000063,109,5,104
120000064,55,12,43
120000065,135,1,134
120000066,51,1,50
120000067,0,11,-11
120000068,8,58,-50
120000069,76,35,41
120000070,8,6,2
120000071,360,178,182
120000072,448,139,309
120000073,223,227,-4
120000074,75,67,8
120000075,606,55,551
120000076,940,114,826
120000077,373,202,171
120000078,629,349,280
120000079,0,0,0
120000080,0,0,0
120000081,0,0,0
120000082,0,0,0
120000083,0,0,0
120000084,39,3,36
120000085,5,1,4
120000086,27,12,15
120000087,2,7,-5
120000088,392,43,349
120000089,703,54,649
120000090,276,65,211
120000091,604,128,476
120000092,747,145,602
120000093,100,104,-4
120000094,99,357,-258
120000095,0,0,0
120000096,0,0,0
120000098,163,0,163
120000099,12,0,12
120000100,110,2,108
120000101,105,11,94
120000102,74,596,-522
120000103,539,633,-94
120000104,1121,91,1030
120000105,1770,61,1709
120000106,1679,39,1640
120000107,1529,54,1475
120000108,936,16,920
120000109,295,14,281
120000110,1,39,-38
120000111,3,24,-21
120000112,4,11,-7
120000113,6,12,-6
120000114,36,11,25
120000115,1,20,-19
120000116,30,33,-3
120000117,0,0,0
120000118,0,0,0
120000119,2,50,-48
120000120,0,0,0
120000121,31,64,-33
120000122,122,49,73
120000123,285,197,88
120000124,219,157,62
120000125,20,1,19
120000126,92,133,-41
120000127,162,125,37
120000128,105,3,102
120000129,165,88,77
120000130,520,101,419
120000131,54,95,-41
120000134,0,0,0
120000135,0,0,0
120000137,0,0,0
120000138,0,0,0
120000139,0,0,0
120000140,0,0,0
120000141,0,0,0
120000142,0,0,0
120000143,0,0,0
120000144,0,0,0
120000145,0,0,0
120000146,369,731,-362
120000149,0,0,0
120000150,0,0,0
120000151,88,35,53
120000152,130,30,100
120000153,0,0,0
120000154,68,0,68
120000155,107,24,83
120000156,118,19,99
120000157,179,108,71
120000158,0,0,0
120000159,64,274,-210
120000160,555,228,327
120000161,304,147,157
120000162,16,200,-184
120000163,0,0,0
120000164,0,0,0
120000165,69,4,65
120000166,91,75,16
120000167,0,0,0
120000168,0,0,0
120000169,0,0,0
120000170,0,0,0
120000171,0,0,0
120000172,0,0,0
120000173,0,0,0
120000174,0,0,0
120000175,0,0,0
120000176,0,0,0
120000177,0,0,0
120000178,0,0,0
120000179,0,0,0
120000180,0,0,0
120000181,0,0,0
120000182,0,0,0
120000183,0,0,0
120000184,0,0,0
120000186,0,0,0
120000187,0,0,0
120000188,0,0,0
120000190,0,0,0
120000191,0,0,0
120000192,0,0,0
120000193,0,0,0
120000195,0,0,0
120000196,0,0,0
120000197,0,0,0
120000198,0,0,0
120000199,0,0,0
120000200,0,0,0
120000201,0,0,0
120000202,0,0,0
120000203,0,0,0
120000207,0,0,0
120000208,0,0,0
120000209,0,0,0
120000210,0,0,0
120000211,0,0,0
120000212,0,0,0
120000213,0,0,0
120000214,0,0,0
120000215,0,0,0
120000216,0,0,0
120000217,0,0,0
120000218,0,0,0
120000219,0,0,0
120000220,0,0,0
120000225,0,0,0
120000226,0,0,0
120000227,0,0,0
120000228,0,0,0
120000230,0,0,0
120000231,0,0,0
120000233,299,1,298
120000235,1,29,-28
120000236,962,20,942
120000237,0,0,0
120000238,0,0,0
120000241,571,449,122
120000412,0,0,0
120000413,0,0,0
120000414,0,0,0
120000415,0,0,0
120000416,0,0,0
120000417,0,0,0
120000418,0,0,0
120000419,0,0,0
120000420,8,1,7
120000421,480,366,114
120000422,0,0,0
120000423,0,0,0
120000424,0,0,0
120000436,134,40,94
120000437,0,0,0
120000438,0,0,0
120000439,283,131,152
120000443,0,0,0
120000444,483,130,353
120000445,343,248,95
120000446,216,53,163
120000447,454,2,452
120000449,0,0,0
120000450,0,0,0
120000451,62,57,5
120000452,17,0,17
120000453,0,0,0
120000454,3,0,3
120000455,17,44,-27
120000456,9,116,-107
120000457,34,37,-3
120000458,0,0,0
120000459,51,13,38
120000665,2,123,-121
120000668,0,49,-49
120000669,28,10,18
120000670,1,36,-35
120000671,93,57,36
120000672,0,4,-4
120900001,0,0,0
120900002,0,0,0
120900003,0,0,0
120900004,0,0,0
120900005,0,0,0
120900006,0,0,0
120900007,0,0,0
120900008,0,0,0
120900009,0,0,0
120900010,0,0,0
120900011,0,0,0
120900012,0,0,0
120900013,0,0,0
120900014,0,0,0
120900015,0,0,0
120900016,0,0,0
120900017,0,0,0
120900018,0,0,0
120900019,0,0,0
120900020,0,0,0
120900021,0,0,0
120900022,0,0,0
120900023,0,0,0
120900024,0,0,0
120900025,0,0,0
120900026,0,0,0
120900027,0,0,0
120900028,0,0,0
120900029,0,0,0
120900030,0,0,0
120900031,0,0,0
120900032,0,0,0
120900033,0,0,0
120900034,0,0,0
120900035,0,0,0
120900037,0,0,0
120900038,0,0,0
120900039,0,0,0
120900040,0,0,0
120900041,0,0,0
120900042,0,0,0
120900043,0,0,0
120900044,0,0,0
120900045,0,0,0
120900046,0,0,0
120900047,0,0,0
120900048,0,0,0
120900049,0,0,0
120900050,0,0,0
120900051,0,0,0
120900052,0,0,0
120900053,0,0,0
120900054,0,0,0
120900055,0,0,0
120900056,0,0,0
120900057,0,0,0
120900058,0,0,0
120900059,0,0,0
120900060,0,0,0
120900061,0,0,0
120900062,0,0,0
120900063,0,0,0
120900064,0,0,0
120900065,0,0,0
120900066,0,0,0
120900067,0,0,0
120900068,0,0,0
120900069,0,0,0
120900071,0,0,0
120900072,0,0,0
120900073,0,0,0
120900074,0,0,0
120900076,0,0,0
120900077,0,0,0
120900078,0,0,0
120900079,0,0,0
120900080,0,0,0
120900081,0,0,0
120900082,0,0,0
120900083,0,0,0
120900084,0,0,0
120900085,0,0,0
120900086,0,0,0
120900087,0,0,0
120900088,0,0,0
120900089,0,0,0
120900090,0,0,0
120900091,0,0,0
120900092,0,0,0
120900093,0,0,0
120900094,0,0,0
120900095,0,0,0
120900096,0,0,0
120900097,0,0,0
120900098,0,0,0
120900099,0,0,0
120900100,0,0,0
120900101,0,0,0
120900102,0,0,0
120900103,0,0,0
120900104,0,0,0
120900105,0,0,0
120900106,0,0,0
120900107,0,0,0
120900108,0,0,0
120900109,0,0,0
120900110,0,0,0
120900111,0,0,0
120900112,0,0,0
120900113,0,0,0
120900114,0,0,0
120900115,109,12,97
120900116,0,0,0
120900117,0,0,0
120900118,0,0,0
120900119,0,0,0
120900120,0,0,0
120900121,0,0,0
120900122,0,0,0
120900123,0,0,0
120900124,0,0,0
120900125,0,0,0
120900126,0,0,0
120900127,0,0,0
120900128,0,0,0
120900129,0,0,0
120900130,0,0,0
120900131,0,0,0
120900132,0,0,0
120900133,0,0,0
120900134,0,0,0
120900135,0,0,0
120900136,0,0,0
120900137,0,0,0
120900138,0,0,0
120900139,0,0,0
120900140,0,0,0
120900141,0,0,0
120900142,0,0,0
120900143,0,0,0
120900144,0,0,0
120900145,0,0,0
120900146,0,0,0
120900147,0,0,0
120900148,0,0,0
120900149,0,0,0
120900150,0,0,0
120900151,0,0,0
120900152,0,0,0
120900153,0,0,0
120900154,0,0,0
120900155,0,0,0
120900156,0,0,0
120900157,0,0,0
120900158,0,0,0
120900159,0,0,0
120900160,0,0,0
120900161,0,0,0
120900162,0,0,0
120900163,0,0,0
120900164,0,0,0
120900165,0,0,0
120900166,0,0,0
120900167,0,0,0
120900169,0,0,0
120900170,0,0,0
120900171,0,0,0
120900172,0,0,0
120900173,0,0,0
120900174,0,0,0
120900175,0,0,0
120900176,0,0,0
120900177,0,0,0
120900178,0,0,0
120900179,0,0,0
120900180,0,0,0
120900181,0,0,0
120900182,0,0,0
120900183,0,0,0
120900184,0,0,0
120900185,0,0,0
120900186,0,0,0
120900187,0,0,0
120900188,0,0,0
120900189,0,0,0
120900190,0,0,0
120900191,0,0,0
120900192,0,0,0
120900194,0,0,0
120900195,0,0,0
120900196,0,0,0
120900197,0,0,0
120900198,0,0,0
120900199,0,0,0
120900200,0,0,0
120900201,0,0,0
120900202,0,0,0
120900203,0,0,0
120900204,0,0,0
120900205,0,0,0
120900206,0,0,0
120900207,0,0,0
121000001,1,3,-2
121000002,190,145,45
121000003,0,2,-2
121000004,217,150,67
121000005,2,35,-33
121000006,125,320,-195
121000007,11,32,-21
121000008,415,356,59
121000009,36,72,-36
121000010,553,221,332
121000011,212,190,22
121000012,1350,609,741
121000013,296,324,-28
121000014,1578,597,981
121000015,511,858,-347
121000016,729,615,114
121000017,78,99,-21
121000018,171,269,-98
121000019,141,194,-53
121000020,604,949,-345
121000021,22,18,4
121000022,71,291,-220
121000023,26,13,13
121000024,553,610,-57
121000025,22,76,-54
121000026,59,93,-34
121000027,53,156,-103
121000028,3,57,-54
121000029,56,9,47
121000030,0,0,0
121000031,3,8,-5
121000032,0,0,0
121000034,12,14,-2
121000035,0,0,0
121000036,36,43,-7
121000037,65,25,40
121000038,45,127,-82
121000039,0,0,0
121000041,0,0,0
121000042,1,64,-63
121000043,39,12,27
121000044,1,69,-68
121000045,3,30,-27
121000046,0,0,0
121000047,0,0,0
121000049,86,49,37
121000050,44,208,-164
121000051,3,30,-27
121000052,11,85,-74
121000053,2,2,0
121000054,0,0,0
121000055,0,0,0
121000056,304,301,3
121000057,0,0,0
121000058,0,0,0
121000059,31,21,10
121000060,72,29,43
121000061,0,18,-18
121000062,0,15,-15
121000063,8,16,-8
121000064,23,9,14
121000065,22,19,3
121000066,0,0,0
121000067,0,0,0
121000068,45,6,39
121000069,0,1,-1
121000070,54,123,-69
121000071,46,243,-197
121000072,15,17,-2
121000073,32,196,-164
121000074,0,0,0
121000075,0,0,0
121000076,1,0,1
121000077,4,5,-1
121000078,0,0,0
121000080,93,44,49
121000081,222,266,-44
121000082,4,34,-30
121000083,6,13,-7
121000084,0,0,0
121000085,56,40,16
121000086,0,63,-63
121000087,1,106,-105
121000088,0,0,0
121000089,1,143,-142
121000090,0,0,0
121000091,396,67,329
121000092,10,8,2
121000093,5,45,-40
121000094,47,42,5
121000095,0,4,-4
121000096,0,0,0
121000097,0,0,0
121000098,26,18,8
121000099,6,10,-4
121000100,0,0,0
121000101,6,28,-22
121000102,0,0,0
121000103,0,6,-6
121000104,0,0,0
121000105,0,0,0
121000106,1,4,-3
121000107,184,200,-16
121000109,86,301,-215
121000110,0,13,-13
121000114,284,328,-44
121000115,0,0,0
121000116,0,0,0
121000117,8,0,8
121000118,0,0,0
121000119,0,0,0
121000120,1,83,-82
121000121,0,5,-5
121000123,0,0,0
121000127,0,0,0
121000128,0,0,0
121000129,0,0,0
121000130,8,27,-19
121000131,0,0,0
121000132,15,44,-29
121000135,0,0,0
121000136,38,119,-81
121000137,0,0,0
121000138,5,40,-35
121000139,0,0,0
121000141,0,0,0
121000142,0,0,0
121000143,0,0,0
121000144,0,0,0
121000145,0,0,0
121000146,40,17,23
121000147,26,67,-41
121000148,0,0,0
121000149,232,282,-50
121000152,9,13,-4
121000153,93,14,79
121000154,111,11,100
121000155,118,43,75
121000156,90,55,35
121000157,45,23,22
121000158,70,35,35
121000159,22,17,5
121000160,1,7,-6
121000161,0,0,0
121000162,0,0,0
121000165,77,726,-649
121000166,3,22,-19
121000168,4,87,-83
121000169,2,11,-9
121000170,77,47,30
121000171,31,34,-3
121000172,30,82,-52
121000173,1,6,-5
121000174,0,7,-7
121000175,15,5,10
121000176,19,12,7
121000177,3,0,3
121000178,0,0,0
121000179,5,7,-2
121000181,34,103,-69
121000182,38,76,-38
121000183,8,20,-12
121000184,1,37,-36
121000185,0,30,-30
121000186,0,1,-1
121000187,0,0,0
121000188,0,0,0
121000192,16,10,6
121000193,0,0,0
121000194,44,131,-87
121000195,0,0,0
121000196,0,0,0
121000197,1,3,-2
121000198,0,0,0
121000199,12,0,12
121000200,0,0,0
121000201,0,0,0
121000202,0,0,0
121000203,0,0,0
121000204,0,0,0
121000205,16,11,5
121000206,0,0,0
121000207,0,0,0
121000208,0,0,0
121000209,43,1,42
121000210,0,0,0
121000211,1,0,1
121000212,0,0,0
121000213,29,134,-105
121000214,13,130,-117
121000215,81,69,12
121000216,48,46,2
121000217,558,209,349
121000218,3,16,-13
121000219,152,151,1
121000220,0,0,0
121000221,8,71,-63
121000222,4,57,-53
121000223,0,0,0
121000224,0,0,0
121000225,2,40,-38
121000226,12,268,-256
121000227,0,0,0
121000228,0,0,0
121000229,0,0,0
121000230,0,0,0
121000231,151,0,151
121000232,0,0,0
121000233,114,8,106
121000234,3,28,-25
121000235,0,11,-11
121000236,0,2,-2
121000237,25,0,25
121000238,0,0,0
121000239,1,0,1
121000240,0,7,-7
121000241,45,0,45
121000242,1,5,-4
121000243,53,1,52
121000244,0,0,0
121000245,0,0,0
121000246,0,0,0
121000247,29,0,29
121000248,15,7,8
121000249,0,0,0
121000250,28,126,-98
121000251,0,0,0
121000252,0,38,-38
121000253,0,0,0
121000254,159,18,141
121000255,0,0,0
121000256,15,13,2
121000257,0,0,0
121000258,7,38,-31
121000259,0,0,0
121000260,0,0,0
121000261,1,47,-46
121000262,0,0,0
121000263,9,52,-43
121000271,0,0,0
121000273,0,0,0
121000274,0,7,-7
121000275,0,0,0
121000276,0,2,-2
121000278,13,0,13
121000279,0,0,0
121000280,6,23,-17
121000289,3,0,3
121000290,29,53,-24
121000294,0,0,0
121000297,61,61,0
121000299,0,0,0
121000300,0,0,0
121000302,0,98,-98
121000303,4,4,0
121000304,221,120,101
121000305,36,81,-45
121000306,40,71,-31
121000308,0,0,0
121000309,0,0,0
121000310,0,0,0
121000311,0,0,0
121000312,54,40,14
121000313,0,0,0
121000314,0,0,0
121000315,0,0,0
121000530,219,186,33
121000531,413,205,208
121000532,932,347,585
121000533,3683,1112,2571
121000918,0,0,0
121000919,0,0,0
121000938,0,0,0
121000939,20,28,-8
121000956,0,0,0
121000957,0,0,0
121000958,0,5,-5
121000959,26,5,21
121000960,26,48,-22
121000961,80,0,80
121000962,2,4,-2
121000963,0,0,0
121000973,0,0,0
121000976,0,0,0
121000979,0,0,0
121000981,45,1,44
121000982,0,0,0
121000983,9,1,8
121000984,0,0,0
121000985,0,0,0
121000986,0,0,0
121000987,0,0,0
121000988,186,36,150
121001302,0,0,0
121001308,0,0,0
121001309,0,0,0
121001313,0,0,0
121001314,0,0,0
121001315,1308,87,1221
121900001,0,76,-76
121900002,0,0,0
121900003,0,0,0
121900004,0,0,0
121900005,0,0,0
121900006,0,0,0
121900007,1,0,1
121900008,0,0,0
121900009,0,0,0
121900010,0,0,0
121900011,0,0,0
121900012,0,0,0
121900013,0,0,0
121900014,0,0,0
121900015,0,0,0
121900016,0,0,0
121900017,0,0,0
121900018,0,0,0
121900019,0,0,0
121900020,0,0,0
121900021,0,0,0
121900022,0,0,0
121900023,0,0,0
121900024,0,0,0
121900025,0,0,0
121900026,0,0,0
121900027,0,0,0
121900028,0,0,0
121900029,0,0,0
121900030,0,0,0
121900031,0,0,0
121900032,0,0,0
121900033,0,0,0
121900034,0,0,0
121900035,0,0,0
121900036,0,0,0
121900037,0,0,0
121900038,0,0,0
121900039,0,0,0
121900040,0,0,0
121900041,0,0,0
121900042,0,0,0
121900043,0,0,0
121900044,0,0,0
121900046,0,0,0
121900047,0,0,0
121900048,0,0,0
121900050,0,0,0
121900051,0,0,0
121900052,0,0,0
121900053,0,0,0
121900054,0,0,0
121900055,0,0,0
121900058,0,0,0
121900059,0,0,0
121900060,0,0,0
121900061,0,0,0
121900062,0,0,0
121900063,0,0,0
121900064,0,0,0
121900066,0,0,0
121900067,0,0,0
121900069,0,0,0
121900070,0,0,0
121900071,0,0,0
121900072,0,0,0
121900073,0,0,0
121900074,0,0,0
121900075,0,0,0
121900076,0,0,0
121900077,0,0,0
121900078,0,0,0
121900079,0,0,0
121900080,0,0,0
121900082,0,0,0
121900084,0,0,0
121900085,0,0,0
121900086,0,0,0
121900087,0,0,0
121900088,0,0,0
121900089,0,0,0
121900090,0,0,0
121900091,0,0,0
121900092,0,0,0
121900093,0,0,0
121900094,0,0,0
121900095,0,0,0
121900096,0,0,0
121900097,0,0,0
121900098,0,0,0
121900099,0,0,0
121900100,0,0,0
121900101,0,0,0
121900102,0,0,0
121900103,0,0,0
121900104,0,0,0
121900105,0,0,0
121900106,0,0,0
121900107,0,0,0
121900108,0,0,0
121900109,0,0,0
121900110,0,0,0
121900111,0,0,0
121900112,0,0,0
121900113,0,0,0
121900114,0,0,0
121900117,0,0,0
121900118,0,0,0
121900119,0,0,0
121900120,0,0,0
121900121,0,0,0
121900122,0,0,0
121900123,0,0,0
121900124,0,0,0
121900125,0,0,0
121900127,0,0,0
121900128,0,0,0
121900129,0,0,0
121900130,0,0,0
121900131,0,0,0
121900132,0,0,0
121900133,0,0,0
121900134,0,0,0
121900135,0,0,0
121900136,0,0,0
121900137,0,0,0
121900138,0,0,0
121900139,0,0,0
121900140,0,0,0
121900141,0,0,0
121900142,0,0,0
121900143,0,0,0
121900144,0,0,0
121900145,0,0,0
121900146,0,0,0
121900147,0,0,0
121900148,0,0,0
121900149,0,0,0
121900150,0,0,0
121900151,0,0,0
121900152,0,0,0
121900153,0,0,0
121900154,0,0,0
121900155,0,0,0
121900156,0,0,0
121900157,0,0,0
121900158,0,0,0
121900159,0,0,0
121900160,0,0,0
121900161,0,0,0
121900162,0,0,0
121900163,0,0,0
121900164,0,0,0
121900165,0,0,0
121900166,0,0,0
121900167,0,0,0
121900168,0,0,0
121900169,0,0,0
121900170,0,0,0
121900171,0,0,0
121900172,0,0,0
121900173,0,0,0
121900174,0,0,0
121900175,0,0,0
121900176,0,0,0
121900177,0,0,0
121900178,0,0,0
121900179,0,0,0
121900180,0,0,0
121900182,0,0,0
121900183,0,0,0
121900184,0,0,0
121900186,0,0,0
121900187,0,0,0
121900188,0,0,0
121900189,0,0,0
121900190,0,0,0
121900191,0,0,0
121900192,0,0,0
121900193,0,0,0
121900194,0,0,0
121900195,0,0,0
121900196,0,0,0
121900197,0,0,0
121900198,0,0,0
121900199,0,0,0
121900200,0,0,0
121900201,0,0,0
121900202,0,0,0
121900203,0,0,0
121900204,0,0,0
121900205,0,0,0
121900206,0,0,0
121900207,0,0,0
121900208,0,0,0
121900209,0,0,0
121900210,0,0,0
121900211,0,0,0
121900212,0,0,0
121900213,0,0,0
121900214,0,0,0
121900215,0,0,0
121900216,0,0,0
121900217,0,0,0
121900218,0,0,0
121900220,0,0,0
121900221,0,0,0
121900222,0,0,0
121900223,0,0,0
121900224,0,0,0
121900225,0,0,0
121900226,0,0,0
121900227,0,0,0
121900228,0,0,0
121900230,0,0,0
121900231,0,0,0
121900232,0,0,0
121900233,0,0,0
121900234,0,0,0
121900235,0,0,0
121900236,0,0,0
121900237,0,0,0
121900238,0,0,0
121900239,0,0,0
121900240,0,0,0
121900241,0,0,0
121900242,0,0,0
121900243,0,0,0
121900244,0,0,0
121900245,0,0,0
121900246,0,0,0
121900247,0,0,0
121900248,0,0,0
121900250,0,0,0
121900251,0,0,0
121900252,0,0,0
121900253,0,0,0
121900254,0,0,0
121900255,0,0,0
121900258,0,0,0
121900259,0,0,0
121900260,0,0,0
121900261,0,0,0
121900262,0,0,0
121900263,0,0,0
121900264,0,0,0
121900265,0,0,0
121900266,0,0,0
121900267,0,0,0
121900269,0,0,0
121900270,0,0,0
121900271,0,0,0
121900273,0,0,0
121900274,0,0,0
121900277,0,0,0
121900278,0,0,0
121900279,0,0,0
121900280,0,0,0
121900281,0,0,0
121900284,0,0,0
121900286,0,0,0
121900287,0,0,0
121900288,0,0,0
121900290,0,0,0
121900291,0,0,0
121900292,0,0,0
121900293,0,0,0
121900294,0,0,0
121900295,0,0,0
121900296,0,0,0
121900298,0,0,0
121900299,0,0,0
121900300,0,0,0
121900301,0,0,0
121900302,0,0,0
121900303,0,0,0
121900304,0,0,0
121900305,0,0,0
121900306,0,0,0
121900307,0,0,0
121900308,0,0,0
121900309,0,0,0
121900310,0,0,0
121900311,0,0,0
121900312,0,0,0
121900313,0,0,0
121900314,0,0,0
121900315,0,0,0
121900316,0,0,0
121900317,0,0,0
121900318,0,0,0
121900319,0,0,0
121900320,0,0,0
121900321,0,0,0
121900322,0,0,0
121900323,0,0,0
121900324,0,0,0
121900325,0,0,0
121900326,0,0,0
121900327,0,0,0
121900328,0,0,0
121900329,0,0,0
121900330,0,0,0
121900331,0,0,0
121900332,0,0,0
121900333,0,0,0
121900334,0,0,0
122000001,63,105,-42
122000002,54,41,13
122000003,69,100,-31
122000004,152,80,72
122000005,346,653,-307
122000006,73,244,-171
122000007,53,253,-200
122000008,94,216,-122
122000009,17,51,-34
122000010,663,276,387
122000011,124,164,-40
122000012,138,110,28
122000013,3,28,-25
122000014,0,2,-2
122000015,33,25,8
122000016,1,82,-81
122000017,0,0,0
122000018,0,0,0
122000019,0,0,0
122000020,0,0,0
122000021,0,0,0
122000022,81,13,68
122000023,24,21,3
122000024,258,162,96
122000025,85,164,-79
122000026,356,234,122
122000027,0,0,0
122000028,90,7,83
122000029,33,8,25
122000030,0,0,0
122000031,1,20,-19
122000032,73,69,4
122000033,112,207,-95
122000034,0,0,0
122000035,0,0,0
122000036,0,0,0
122000037,0,4,-4
122000038,23,1,22
122000039,0,0,0
122000040,0,0,0
122000041,0,0,0
122000042,1,7,-6
122000043,5,1,4
122000044,0,2,-2
122000045,111,31,80
122000046,97,36,61
122000047,0,0,0
122000048,256,544,-288
122000049,427,126,301
122000050,24,27,-3
122000051,1,29,-28
122000052,0,21,-21
122000053,41,547,-506
122000054,43,134,-91
122000055,385,654,-269
122000056,239,103,136
122000057,105,234,-129
122000058,68,70,-2
122000059,88,92,-4
122000060,0,0,0
122000061,0,0,0
122000062,46,6,40
122000063,0,7,-7
122000064,53,117,-64
122000065,114,253,-139
122000066,107,87,20
122000067,131,437,-306
122000068,39,273,-234
122000069,28,48,-20
122000070,251,57,194
122000071,8,61,-53
122000072,0,0,0
122000073,0,0,0
122000074,38,56,-18
122000075,24,44,-20
122000076,82,127,-45
122000077,0,0,0
122000078,347,225,122
122000079,1,58,-57
122000080,0,0,0
122000081,0,0,0
122000082,100,86,14
122000083,0,0,0
122000084,0,0,0
122000085,0,10,-10
122000086,26,336,-310
122000087,2,34,-32
122000088,0,0,0
122000089,79,262,-183
122000090,0,0,0
122000091,0,0,0
122000092,0,0,0
122000093,263,581,-318
122000094,301,273,28
122000095,22,58,-36
122000096,12,258,-246
122000098,366,468,-102
122000099,10,17,-7
122000100,6,2,4
122000101,0,7,-7
122000102,0,0,0
122000103,0,0,0
122000104,9,1,8
122000105,1,10,-9
122000106,2,10,-8
122000107,9,14,-5
122000108,0,0,0
122000109,2,7,-5
122000110,0,0,0
122000111,332,113,219
122000112,59,66,-7
122000113,36,21,15
122000114,339,669,-330
122000115,418,336,82
122000116,6,96,-90
122000117,119,6,113
122000118,17,39,-22
122000119,0,0,0
122000120,0,0,0
122000121,31,10,21
122000122,4,2,2
122000123,41,50,-9
122000124,6,106,-100
122000125,14,65,-51
122000126,0,33,-33
122000127,7,23,-16
122000128,2,1,1
122000129,80,3,77
122000130,119,58,61
122000131,10,15,-5
122000132,0,0,0
122000133,0,0,0
122000134,43,38,5
122000135,6,7,-1
122000136,23,39,-16
122000137,9,17,-8
122000139,3,86,-83
122000140,0,0,0
122000141,2,4,-2
122000142,0,0,0
122000143,0,0,0
122000144,20,27,-7
122000145,2,0,2
122000146,10,24,-14
122000147,9,54,-45
122000148,187,200,-13
122000149,67,48,19
122000150,126,65,61
122000151,0,0,0
122000152,0,0,0
122000153,54,81,-27
122000154,86,25,61
122000155,96,68,28
122000156,363,359,4
122000157,193,278,-85
122000158,0,1,-1
122000159,39,18,21
122000160,160,45,115
122000161,73,24,49
122000162,48,12,36
122000163,0,0,0
122000164,0,0,0
122000165,0,0,0
122000166,68,35,33
122000167,0,0,0
122000168,0,5,-5
122000169,0,0,0
122000170,0,0,0
122000171,0,0,0
122000172,0,0,0
122000173,0,0,0
122000174,321,394,-73
122000175,0,0,0
122000176,0,0,0
122000177,321,424,-103
122000178,403,104,299
122000179,0,0,0
122000180,188,304,-116
122000181,493,470,23
122000182,104,79,25
122000183,15,6,9
122000184,411,382,29
122000185,102,153,-51
122000186,0,0,0
122000187,64,40,24
122000188,0,0,0
122000189,8,6,2
122000190,175,82,93
122000191,28,3,25
122000192,0,0,0
122000193,0,0,0
122000194,0,0,0
122000195,0,0,0
122000196,0,0,0
122000197,2,7,-5
122000198,0,0,0
122000199,15,31,-16
122000200,42,26,16
122000201,247,167,80
122000202,161,173,-12
122000203,0,0,0
122000204,0,0,0
122000205,0,0,0
122000206,157,24,133
122000207,60,53,7
122000208,72,28,44
122000209,194,43,151
122000210,15,4,11
122000211,1,36,-35
122000212,26,48,-22
122000213,48,131,-83
122000214,134,138,-4
122000215,66,76,-10
122000217,3,31,-28
122000218,40,40,0
122000219,38,54,-16
122000220,27,26,1
122000221,0,0,0
122000222,17,0,17
122000223,52,39,13
122000225,81,19,62
122000226,1,16,-15
122000227,1,2,-1
122000228,1,5,-4
122000229,0,0,0
122000230,0,2,-2
122000231,0,26,-26
122000232,0,8,-8
122000233,0,0,0
122000234,9,0,9
122000235,24,0,24
122000236,11,0,11
122000237,0,0,0
122000238,0,11,-11
122000239,11,0,11
122000240,65,1,64
122000241,75,31,44
122000242,0,0,0
122000243,0,0,0
122000244,0,0,0
122000245,3,0,3
122000246,33,59,-26
122000247,14,1,13
122000248,0,0,0
122000249,108,101,7
122000250,156,48,108
122000251,0,0,0
122000252,0,2,-2
122000253,0,0,0
122000254,6,3,3
122000255,0,0,0
122000256,5,28,-23
122000257,3,12,-9
122000258,21,32,-11
122000259,0,0,0
122000260,0,0,0
122000261,0,1,-1
122000262,0,0,0
122000263,0,0,0
122000264,122,13,109
122000265,147,20,127
122000266,150,2,148
122000267,0,0,0
122000268,0,0,0
122000269,0,0,0
122000270,0,0,0
122000271,0,0,0
122000272,0,0,0
122000273,0,0,0
122000274,0,0,0
122000275,0,0,0
122000276,34,104,-70
122000277,113,128,-15
122000278,99,39,60
122000279,3,13,-10
122000280,2,17,-15
122000281,4,6,-2
122000282,10,21,-11
122000283,0,0,0
122000284,0,0,0
122000285,0,0,0
122000286,0,0,0
122000287,502,107,395
122000288,43,4,39
122000291,851,47,804
122000293,0,0,0
122000294,94,5,89
122000295,149,3,146
122000296,44,93,-49
122000297,616,297,319
122000299,39,14,25
122000300,1,12,-11
122000301,58,21,37
122000302,0,0,0
122000303,26,86,-60
122000304,0,0,0
122000305,311,102,209
122000306,0,30,-30
122000307,0,0,0
122000309,0,0,0
122000310,0,0,0
122000311,0,0,0
122000312,3,66,-63
122000313,24,43,-19
122000314,48,47,1
122000315,0,0,0
122000316,22,21,1
122000317,31,19,12
122000318,15,30,-15
122000319,10,4,6
122000320,0,0,0
122000321,0,0,0
122000322,52,47,5
122000323,58,67,-9
122000324,0,0,0
122000325,68,171,-103
122000326,0,0,0
122000327,0,10,-10
122000328,0,0,0
122000330,67,147,-80
122000332,0,0,0
122000333,0,0,0
122000337,23,29,-6
122000338,0,5,-5
122000340,2,4,-2
122000342,3,28,-25
122000343,0,3,-3
122000344,19,0,19
122000345,1,1,0
122000346,0,0,0
122000348,22,20,2
122000349,0,0,0
122000351,1,0,1
122000352,0,0,0
122000353,0,0,0
122000355,0,0,0
122000356,33,8,25
122000357,0,0,0
122000358,0,0,0
122000359,0,0,0
122000360,0,0,0
122000362,0,0,0
122000364,0,0,0
122000365,0,0,0
122000366,0,0,0
122000368,0,0,0
122000370,0,0,0
122000371,0,0,0
122000372,0,0,0
122000381,0,0,0
122000382,0,0,0
122000384,0,1,-1
122000385,0,0,0
122000386,1,141,-140
122000387,0,0,0
122000388,28,50,-22
122000389,0,0,0
122000390,11,53,-42
122000391,0,0,0
122000392,0,0,0
122000393,0,0,0
122000394,0,0,0
122000395,0,0,0
122000396,0,0,0
122000397,0,0,0
122000398,29,65,-36
122000399,0,0,0
122000400,10,57,-47
122000401,0,0,0
122000402,33,5,28
122000403,0,0,0
122000404,118,4,114
122000408,230,228,2
122000503,0,0,0
122000524,0,0,0
122000544,0,0,0
122000616,0,0,0
122000640,0,0,0
122000641,0,0,0
122000642,0,0,0
122000643,26,11,15
122000644,0,0,0
122000645,0,0,0
122000651,9,17,-8
122000664,5,11,-6
122000665,0,0,0
122000666,31,25,6
122000673,0,0,0
122000674,30,6,24
122000675,15,22,-7
122000686,58,16,42
122000687,42,2,40
122000688,80,21,59
122000689,96,24,72
122000690,267,3,264
122000691,363,57,306
122000692,22,2,20
122000693,18,19,-1
122000695,0,0,0
122000696,65,8,57
122000698,0,0,0
122000699,5,9,-4
122000701,83,25,58
122000702,68,81,-13
122000703,12,5,7
122000712,0,0,0
122000717,0,0,0
122000718,81,142,-61
122000719,1,17,-16
122000720,70,4,66
122000724,0,0,0
122900001,0,0,0
122900002,0,0,0
122900003,0,0,0
122900004,0,0,0
122900005,0,0,0
122900006,0,0,0
122900007,0,0,0
122900008,0,0,0
122900009,0,0,0
122900010,0,0,0
122900012,0,0,0
122900014,0,0,0
122900015,0,0,0
122900016,0,0,0
122900017,0,0,0
122900018,0,0,0
122900019,0,0,0
122900020,0,0,0
122900021,0,0,0
122900022,0,0,0
122900023,0,0,0
122900024,0,0,0
122900025,0,0,0
122900026,0,0,0
122900027,0,0,0
122900028,0,0,0
122900029,0,0,0
122900030,0,0,0
122900031,0,0,0
122900032,0,0,0
122900033,0,0,0
122900034,0,0,0
122900035,0,0,0
122900036,0,0,0
122900037,0,0,0
122900038,0,0,0
122900039,0,0,0
122900040,0,0,0
122900041,0,0,0
122900042,0,0,0
122900043,0,0,0
122900044,0,0,0
122900045,0,0,0
122900046,0,0,0
122900047,0,0,0
122900048,0,0,0
122900049,0,0,0
122900051,0,0,0
122900052,0,0,0
122900053,0,0,0
122900055,0,0,0
122900057,0,0,0
122900061,0,0,0
122900062,0,0,0
122900063,0,0,0
122900064,0,0,0
122900065,0,0,0
122900066,0,0,0
122900067,0,0,0
122900068,0,0,0
122900069,0,0,0
122900070,0,0,0
122900071,0,0,0
122900072,0,0,0
122900073,0,0,0
122900074,0,0,0
122900075,0,0,0
122900076,0,0,0
122900077,0,0,0
122900078,0,0,0
122900080,0,0,0
122900081,0,0,0
122900082,0,0,0
122900083,0,0,0
122900084,0,0,0
122900086,0,0,0
122900087,0,0,0
122900088,0,0,0
122900089,0,0,0
122900090,0,0,0
122900091,0,0,0
122900092,0,0,0
122900093,0,0,0
122900094,0,0,0
122900095,0,0,0
122900096,0,0,0
122900097,0,0,0
122900098,0,0,0
122900099,0,0,0
122900100,0,0,0
122900101,0,0,0
122900102,0,0,0
122900103,0,0,0
122900104,0,0,0
122900105,0,0,0
122900106,0,0,0
122900107,0,0,0
122900108,0,0,0
123000001,67,21,46
123000002,191,1109,-918
123000003,789,291,498
123000004,118,383,-265
123000005,953,320,633
123000006,228,353,-125
123000007,674,387,287
123000008,40,111,-71
123000009,2251,1509,742
123000010,57,216,-159
123000011,624,702,-78
123000012,43,159,-116
123000013,658,301,357
123000014,7,132,-125
123000015,1202,255,947
123000016,15,106,-91
123000017,759,276,483
123000018,127,1,126
123000019,154,0,154
123000020,83,1,82
123000021,39,20,19
123000022,351,24,327
123000023,159,93,66
123000024,92,64,28
123000025,8,5,3
123000026,0,0,0
123000027,0,0,0
123000028,62,148,-86
123000029,0,0,0
123000030,0,0,0
123000031,31,5,26
123000032,22,20,2
123000033,2,20,-18
123000034,169,63,106
123000035,45,95,-50
123000036,7,437,-430
123000037,0,0,0
123000038,0,0,0
123000039,0,0,0
123000040,0,0,0
123000041,8,526,-518
123000042,0,0,0
123000043,126,174,-48
123000044,67,37,30
123000045,0,0,0
123000046,0,0,0
123000047,0,0,0
123000048,3,146,-143
123000049,2828,980,1848
123000050,135,100,35
123000051,0,5,-5
123000052,104,259,-155
123000053,679,283,396
123000054,87,354,-267
123000055,581,821,-240
123000056,13,66,-53
123000057,59,70,-11
123000058,0,0,0
123000059,0,4,-4
123000060,5,0,5
123000061,0,3,-3
123000063,34,13,21
123000064,11,1,10
123000065,2,15,-13
123000066,0,20,-20
123000067,1,4,-3
123000068,22,101,-79
123000069,78,105,-27
123000070,0,0,0
123000071,89,35,54
123000072,0,0,0
123000073,156,27,129
123000074,0,0,0
123000075,20,59,-39
123000076,0,0,0
123000077,0,0,0
123000078,333,80,253
123000079,464,144,320
123000080,0,0,0
123000081,0,0,0
123000082,0,0,0
123000083,12,5,7
123000084,0,0,0
123000085,0,0,0
123000086,0,0,0
123000087,0,0,0
123000088,0,0,0
123000089,226,105,121
123000090,0,0,0
123000091,181,33,148
123000092,0,0,0
123000094,0,3,-3
123000095,60,51,9
123000096,59,11,48
123000097,0,0,0
123000098,52,7,45
123000099,0,0,0
123000100,0,0,0
123000101,49,12,37
123000102,77,58,19
123000104,0,0,0
123000105,0,0,0
123000106,0,0,0
123000107,0,0,0
123000108,0,0,0
123000111,7,11,-4
123000112,9,6,3
123000113,0,0,0
123000114,2,16,-14
123000115,14,24,-10
123000116,0,0,0
123000117,1,13,-12
123000118,4,1,3
123000119,0,9,-9
123000120,1,23,-22
123000121,0,0,0
123000122,0,0,0
123000123,0,0,0
123000124,0,0,0
123000125,52,102,-50
123000126,152,262,-110
123000127,0,0,0
123000128,0,0,0
123000129,251,4,247
123000130,91,0,91
123000131,54,17,37
123000132,0,0,0
123000133,0,0,0
123000134,0,0,0
123000135,43,45,-2
123000136,0,0,0
123000137,0,0,0
123000138,0,0,0
123000139,92,8,84
123000140,0,0,0
123000141,61,9,52
123000142,0,0,0
123000143,0,0,0
123000144,0,0,0
123000145,0,0,0
123000146,0,0,0
123000147,0,0,0
123000149,18,44,-26
123000150,31,9,22
123000151,38,38,0
123000152,0,0,0
123000153,3,29,-26
123000154,10,64,-54
123000155,18,15,3
123000156,0,0,0
123000157,22,13,9
123000158,69,54,15
123000159,82,136,-54
123000160,24,78,-54
123000161,123,20,103
123000162,228,112,116
123000163,76,4,72
123000164,300,18,282
123000165,0,0,0
123000166,0,0,0
123000167,20,11,9
123000168,55,1,54
123000169,120,16,104
123000170,1,0,1
123000171,235,0,235
123000172,0,0,0
123000173,59,45,14
123000174,87,13,74
123000175,0,0,0
123000176,132,5,127
123000177,0,0,0
123000178,146,16,130
123000179,0,0,0
123000180,508,42,466
123000181,0,0,0
123000182,0,0,0
123000183,89,27,62
123000184,0,0,0
123000185,190,13,177
123000186,0,0,0
123000187,402,16,386
123000188,326,3,323
123000189,227,0,227
123000190,51,0,51
123000192,0,0,0
123000193,0,0,0
123000194,0,0,0
123000195,297,1,296
123000196,323,0,323
123000197,75,0,75
123000198,0,0,0
123000199,0,0,0
123000200,293,30,263
123000201,363,6,357
123000202,0,0,0
123000203,471,20,451
123000204,0,0,0
123000205,0,0,0
123000206,530,11,519
123000207,0,0,0
123000208,74,5,69
123000209,255,18,237
123000210,0,0,0
123000211,0,0,0
123000212,491,19,472
123000213,220,2,218
123000215,133,118,15
123000216,13,87,-74
123000217,82,2,80
123000218,0,0,0
123000219,60,9,51
123000220,128,11,117
123000221,10,12,-2
123000222,3,3,0
123000223,34,16,18
123000224,57,64,-7
123000225,20,0,20
123000226,71,1,70
123000227,2,0,2
123000228,43,2,41
123000229,0,0,0
123000232,0,0,0
123000233,201,15,186
123000234,0,0,0
123000235,127,32,95
123000236,0,3,-3
123000237,39,20,19
123000238,0,0,0
123000239,0,0,0
123000240,0,0,0
123000241,23,20,3
123000242,0,0,0
123000243,1,65,-64
123000244,7,61,-54
123000245,0,0,0
123000249,0,0,0
123000252,258,126,132
123000253,317,106,211
123000254,8,21,-13
123000255,92,77,15
123000256,0,0,0
123000257,0,0,0
123000258,0,0,0
123000259,24,2,22
123000260,2,27,-25
123000261,0,0,0
123000262,0,0,0
123000263,64,4,60
123000264,27,0,27
123000265,0,0,0
123000266,4,8,-4
123000267,39,106,-67
123000268,0,0,0
123000269,1,32,-31
123000270,11,0,11
123000271,0,0,0
123000272,280,35,245
123000273,53,467,-414
123000274,223,104,119
123000275,0,0,0
123000278,0,13,-13
123000279,1,12,-11
123000280,3,5,-2
123000281,97,2,95
123000282,0,0,0
123000283,0,3,-3
123000284,0,0,0
123000286,0,0,0
123000287,9,39,-30
123000288,205,113,92
123000289,60,68,-8
123000291,0,0,0
123000294,0,0,0
123000295,256,193,63
123000296,102,116,-14
123000297,0,0,0
123000298,5,26,-21
123000299,5,70,-65
123000300,43,31,12
123000301,0,0,0
123000302,96,4,92
123000303,0,131,-131
123000305,0,0,0
123000306,0,0,0
123000309,0,0,0
123000310,20,0,20
123000311,0,0,0
123000312,0,0,0
123000313,97,10,87
123000315,148,29,119
123000316,531,2,529
123000317,0,0,0
123000318,0,0,0
123000329,0,0,0
123000337,73,9,64
123000338,70,6,64
123000339,0,0,0
123000340,4,50,-46
123000342,0,0,0
123000343,3,0,3
123000344,17,0,17
123000345,1,0,1
123000346,114,62,52
123000352,0,0,0
123000353,0,0,0
123000354,356,2,354
123000355,0,0,0
123000356,73,0,73
123000357,0,0,0
123000359,0,0,0
123000360,131,30,101
123000361,0,0,0
123000362,111,8,103
123000363,60,0,60
123000364,27,21,6
123000365,0,0,0
123000366,3,76,-73
123000367,0,9,-9
123000370,0,0,0
123000371,87,12,75
123000372,89,0,89
123000373,0,0,0
123000374,0,0,0
123000375,130,3,127
123000376,111,55,56
123000377,85,2,83
123000378,0,0,0
123000379,0,0,0
123000380,0,0,0
123000381,22,23,-1
123000382,50,4,46
123000383,0,0,0
123000384,25,1,24
123000385,0,0,0
123000436,1,340,-339
123000507,0,14,-14
123000508,252,686,-434
123000517,0,0,0
123000518,0,0,0
123000519,0,0,0
123000520,0,0,0
123000521,0,0,0
123000522,0,0,0
123000541,1,1,0
123000542,0,0,0
123000565,33,0,33
123000566,6,0,6
123000567,13,1,12
123000573,0,0,0
123000574,40,1,39
123000575,168,13,155
123000576,40,1,39
123000577,0,0,0
123000578,33,9,24
123000579,615,258,357
123000580,3,0,3
123000582,56,0,56
123000583,0,0,0
123000584,44,53,-9
123000585,0,0,0
123000586,57,21,36
123000596,0,0,0
123000597,3,2,1
123000602,0,1,-1
123000603,141,5,136
123000604,7,3,4
123000605,856,364,492
123000606,0,0,0
123000609,0,0,0
123000610,83,61,22
123000613,0,0,0
123000614,34,18,16
123000615,0,0,0
123000616,32,13,19
123000617,0,0,0
123000618,0,0,0
123000619,13,9,4
123000620,0,0,0
123000622,39,8,31
123000624,57,13,44
123000630,438,37,401
123000631,94,32,62
123000632,0,0,0
123000633,0,167,-167
123000634,2,5,-3
123000635,0,0,0
123000636,0,0,0
123000637,3,0,3
123000638,10,11,-1
123000639,358,243,115
123000640,0,0,0
123000648,2,11,-9
123000649,0,0,0
123900001,0,0,0
123900002,0,0,0
123900003,0,0,0
123900005,0,0,0
123900006,0,0,0
124000001,452,126,326
124000002,0,150,-150
124000003,194,16,178
124000004,0,24,-24
124000005,156,16,140
124000006,12,18,-6
124000007,37,25,12
124000008,0,0,0
124000009,147,50,97
124000010,0,0,0
124000011,261,122,139
124000012,0,0,0
124000017,173,51,122
124000018,0,0,0
124000019,176,26,150
124000020,0,0,0
124000021,181,25,156
124000022,0,0,0
124000023,496,54,442
124000024,0,0,0
124000025,355,67,288
124000026,0,0,0
124000027,1374,271,1103
124000028,79,646,-567
124000030,0,0,0
124000031,335,86,249
124000032,1,28,-27
124000033,236,9,227
124000034,0,41,-41
124000035,13,5,8
124000036,0,17,-17
124000037,4,45,-41
124000038,0,4,-4
124000039,42,4,38
124000040,58,86,-28
124000041,93,1,92
124000042,1,9,-8
124000043,19,1,18
124000044,1,10,-9
124000045,103,3,100
124000046,0,0,0
124000047,178,20,158
124000048,0,0,0
124000049,260,12,248
124000050,0,0,0
124000051,158,6,152
124000052,0,0,0
124000053,127,50,77
124000054,0,0,0
124000055,351,56,295
124000056,0,0,0
124000057,109,69,40
124000058,0,0,0
124000059,102,91,11
124000060,0,0,0
124000061,88,122,-34
124000062,0,0,0
124000063,0,0,0
124000064,0,0,0
124000065,0,0,0
124000066,23,52,-29
124000067,45,24,21
124000068,0,0,0
124000069,182,12,170
124000070,0,0,0
124000071,48,14,34
124000072,0,0,0
124000073,195,4,191
124000074,0,0,0
124000075,79,43,36
124000076,0,0,0
124000077,0,0,0
124000078,101,197,-96
124000079,0,0,0
124000080,175,41,134
124000081,0,0,0
124000082,3,90,-87
124000083,0,0,0
124000084,1,98,-97
124000085,0,0,0
124000086,0,0,0
124000087,0,0,0
124000088,4,30,-26
124000089,149,3,146
124000090,0,0,0
124000091,90,38,52
124000092,0,0,0
124000093,3,0,3
124000094,0,0,0
124000095,59,0,59
124000096,0,0,0
124000097,70,13,57
124000098,0,0,0
124000099,14,0,14
124000100,0,0,0
124000101,12,21,-9
124000102,0,0,0
124000103,20,2,18
124000104,0,0,0
124000105,22,4,18
124000106,0,0,0
124000107,4,13,-9
124000108,0,0,0
124000109,56,2,54
124000110,0,0,0
124000111,131,4,127
124000112,0,0,0
124000113,33,39,-6
124000114,0,0,0
124000115,0,0,0
124000116,28,58,-30
124000117,0,0,0
124000118,6,14,-8
124000119,0,0,0
124000120,58,11,47
124000121,146,27,119
124000122,0,0,0
124000123,212,19,193
124000124,21,44,-23
124000125,79,6,73
124000126,1,28,-27
124000127,241,37,204
124000128,37,45,-8
124000129,125,72,53
124000130,53,41,12
124000131,78,77,1
124000132,79,160,-81
124000133,256,40,216
124000134,0,0,0
124000135,322,76,246
124000136,0,0,0
124000137,45,23,22
124000138,0,0,0
124000139,24,9,15
124000140,0,0,0
124000141,10,1,9
124000142,0,0,0
124000143,3,0,3
124000144,0,0,0
124000145,20,1,19
124000146,0,0,0
124000148,0,4,-4
124000149,84,64,20
124000150,0,0,0
124000151,46,7,39
124000152,0,0,0
124000153,65,20,45
124000154,0,0,0
124000155,183,24,159
124000156,0,0,0
124000169,5,16,-11
124000170,0,0,0
124000171,23,8,15
124000172,0,0,0
124000173,28,29,-1
124000174,0,0,0
124000175,0,0,0
124000176,124,39,85
124000177,0,0,0
124000178,48,9,39
124000190,0,2,-2
124000191,0,0,0
124000192,162,105,57
124000193,0,0,0
124000194,29,42,-13
124000195,134,19,115
124000196,0,0,0
124000197,0,0,0
124000198,0,6,-6
124000201,0,0,0
124000202,162,2,160
124000203,0,0,0
124000204,205,8,197
124000205,82,1,81
124000206,362,1,361
124000207,0,0,0
124000209,34,0,34
124000210,80,37,43
124000211,340,0,340
124000212,0,0,0
124000213,0,0,0
124000214,188,2,186
124000215,21,12,9
124000216,0,0,0
124000329,0,0,0
124000338,0,0,0
124000339,146,0,146
124000341,82,0,82
124000344,73,27,46
124000357,392,218,174
124000358,613,212,401
124000359,358,71,287
124000360,145,97,48
124000361,496,132,364
124000362,0,0,0
124000363,0,0,0
124000364,0,0,0
124000365,55,219,-164
124000366,5,155,-150
124000367,0,0,0
124000368,9,42,-33
124000369,4,47,-43
124000370,0,0,0
124000402,0,0,0
124000403,3,1,2
124000404,0,0,0
124000405,277,44,233
124000406,12,31,-19
124000407,0,0,0
124000411,0,0,0
124000412,13,1,12
124000413,0,17,-17
124000414,18,8,10
124000415,0,0,0
124000416,0,0,0
124000417,20,12,8
124000418,27,1,26
124000419,0,0,0
124000420,60,2,58
124000421,0,0,0
124000422,0,0,0
124000423,0,0,0
124000424,0,0,0
124000425,22,0,22
124000426,0,0,0
124000427,0,0,0
124000428,0,0,0
124000429,28,0,28
124000430,0,0,0
124000431,0,0,0
124000432,0,1,-1
124000439,0,1,-1
124000443,0,0,0
124000445,1,99,-98
124000446,0,0,0
124000447,0,0,0
124900001,0,0,0
124900002,0,0,0
124900003,0,0,0
124900004,0,0,0
124900005,0,0,0
124900006,0,0,0
124900008,0,0,0
124900009,0,0,0
124900010,0,0,0
124900011,0,0,0
124900012,0,0,0
124900013,0,0,0
124900014,0,0,0
124900015,0,0,0
124900016,0,0,0
124900017,0,0,0
124900018,0,0,0
124900020,0,0,0
124900021,0,0,0
124900022,0,0,0
124900024,0,0,0
124900026,0,0,0
124900027,0,0,0
124900028,0,0,0
124900029,0,0,0
124900030,0,0,0
124900031,0,0,0
124900032,0,0,0
124900033,0,0,0
124900034,0,0,0
124900035,0,0,0
124900036,0,0,0
124900037,0,0,0
124900038,0,0,0
124900039,0,0,0
124900040,0,0,0
124900041,0,0,0
124900042,0,0,0
124900043,0,0,0
124900044,0,0,0
124900045,0,0,0
124900047,0,0,0
124900048,0,0,0
124900050,0,0,0
124900052,0,0,0
124900053,0,0,0
124900054,0,0,0
124900055,0,0,0
124900057,0,0,0
124900060,0,0,0
124900061,0,0,0
124900062,0,0,0
124900066,0,0,0
124900067,0,0,0
124900068,0,0,0
124900070,0,0,0
124900072,0,0,0
124900075,0,0,0
124900076,0,0,0
124900077,0,0,0
124900078,0,0,0
124900079,0,0,0
124900080,0,0,0
124900081,0,0,0
124900082,0,0,0
124900083,0,0,0
124900085,0,0,0
124900086,0,0,0
124900087,0,0,0
124900088,0,0,0
124900089,0,0,0
124900090,0,0,0
124900091,0,0,0
124900092,0,0,0
124900093,0,0,0
124900094,0,0,0
124900095,0,0,0
124900096,0,0,0
124900097,0,0,0
124900098,0,0,0
124900099,0,0,0
124900100,0,0,0
124900101,0,0,0
124900102,0,0,0
124900103,0,0,0
124900104,0,0,0
124900105,0,0,0
124900106,0,0,0
124900107,0,0,0
124900108,0,0,0
124900111,0,0,0
124900112,0,0,0
124900113,0,0,0
124900114,0,0,0
124900115,0,0,0
124900116,0,0,0
124900117,0,0,0
124900118,0,0,0
124900119,0,0,0
124900120,0,0,0
124900121,0,0,0
124900122,0,0,0
124900123,0,0,0
124900124,0,0,0
204000001,42,5,37
204000002,4,3,1
204000003,5,20,-15
204000004,6,0,6
204000005,458,182,276
204000006,1560,919,641
204000011,0,0,0
204000012,0,0,0
204000019,536,353,183
204000020,116,65,51
204000021,83,52,31
204000022,553,174,379
204000023,0,0,0
204000031,2,7,-5
204000032,188,3,185
204000034,0,0,0
204000035,0,0,0
204000036,0,0,0
204000037,0,0,0
204000038,0,0,0
204000039,0,0,0
204000040,0,0,0
204000041,0,0,0
204000042,3,16,-13
204000043,0,0,0
204000044,0,0,0
204000045,0,0,0
204000046,0,0,0
204000057,0,0,0
204000062,0,0,0
204000068,0,0,0
204000069,0,0,0
204000070,353,220,133
204000080,0,0,0
204000085,0,0,0
204000086,0,0,0
204000087,0,0,0
204000088,0,0,0
204000090,0,0,0
204000093,371,16,355
204000096,460,234,226
204000097,87,8,79
204000099,851,483,368
204000100,704,424,280
204000105,0,0,0
204000110,0,0,0
204000111,0,0,0
204000112,0,0,0
204000113,0,0,0
204000114,89,159,-70
204000115,47,79,-32
204000116,83,40,43
204000119,1313,475,838
204000132,429,32,397
204000133,667,56,611
204000134,111,47,64
204000135,518,33,485
204000136,411,275,136
204000138,400,96,304
204000140,226,128,98
204000141,277,59,218
204000144,0,23,-23
204000145,35,2,33
204000146,0,0,0
204000147,0,0,0
204000148,167,2,165
204000154,1,1,0
204000155,0,0,0
204000177,95,23,72
204000179,28,0,28
204000180,0,0,0
204000222,0,0,0
204000235,0,0,0
204000236,16,21,-5
204000238,12,4,8
204000240,23,1,22
204000263,0,0,0
204000268,605,156,449
204000308,22,17,5
204000317,0,0,0
204000322,0,0,0
204000323,1,0,1
204000328,137,17,120
204000329,0,0,0
204000330,66,7,59
204000331,0,0,0
205000001,0,0,0
205000013,0,0,0
205000014,0,0,0
205000015,0,0,0
205000016,0,0,0
205000017,0,0,0
205000022,0,0,0
205000025,0,0,0
205000029,40,11,29
205000045,0,0,0
205000046,0,0,0
205000047,0,0,0
205000048,0,0,0
205000049,0,0,0
205000050,0,0,0
205000059,0,0,0
205000060,0,0,0
205000061,0,0,0
205000062,0,0,0
205000063,0,0,0
205000064,0,0,0
205000065,0,0,0
205000066,0,0,0
205000067,0,0,0
205000069,0,0,0
205000082,128,55,73
205000110,0,0,0
205000111,0,0,0
205000112,114,95,19
205000113,0,0,0
205000121,170,72,98
205000123,0,0,0
205000126,867,145,722
205000127,933,68,865
205000128,349,12,337
205000129,491,9,482
205000130,80,1,79
205000131,4,0,4
205000132,12,0,12
205000133,16,0,16
205000134,217,0,217
205000137,0,0,0
205000138,0,0,0
205000139,0,0,0
205000144,84,24,60
205000145,113,24,89
205000151,40,8,32
205000152,45,2,43
205000153,219,22,197
205000154,84,54,30
205000155,65,7,58
205000207,0,0,0
205000233,23,0,23
205000234,0,0,0
205000243,0,0,0
205000244,0,0,0
205000245,0,0,0
205000249,0,0,0
205000250,10,1,9
205000264,0,0,0
206000027,28,5,23
206000028,3,1,2
206000043,0,0,0
206000053,0,0,0
206000054,0,0,0
206000055,0,0,0
206000075,0,0,0
206000076,0,0,0
206000077,0,0,0
206000078,0,0,0
206000079,0,0,0
206000082,147,9,138
206000100,0,0,0
206000103,0,0,0
206000104,0,0,0
206000105,0,0,0
206000106,0,0,0
206000125,144,0,144
206000157,0,0,0
206000170,0,0,0
206000171,0,0,0
206000172,0,0,0
206000173,0,0,0
206000174,0,0,0
206000175,0,0,0
206000176,0,0,0
206000177,0,0,0
206000178,0,0,0
206000179,0,0,0
206000180,0,0,0
206000181,0,0,0
206000182,0,0,0
206000183,0,0,0
206000184,0,0,0
206000185,0,0,0
206000186,0,0,0
206000223,0,0,0
206000226,2,1,1
206000227,15,1,14
206000237,0,0,0
206000238,0,0,0
206000239,0,0,0
206000240,0,0,0
206000241,0,0,0
206000242,0,0,0
206000243,0,0,0
206000244,0,0,0
206000245,106,4,102
206000246,44,0,44
206000247,38,0,38
206000248,21,1,20
206000252,0,0,0
206000258,0,0,0
206000315,0,0,0
206000317,72,5,67
206000318,51,4,47
206000319,84,1,83
206000320,58,0,58
206000321,11,2,9
206000322,20,3,17
206000323,36,1,35
206000324,20,0,20
206000325,18,1,17
206000326,13,20,-7
206000327,3,4,-1
206000328,99,1,98
206000329,58,1,57
206000330,5,0,5
206000331,71,0,71
206000332,1,0,1
206000333,90,0,90
206000334,38,0,38
206000335,0,0,0
206000361,0,0,0
206000392,0,0,0
206000405,101,0,101
206000441,60,38,22
206000498,11,0,11
206000515,0,0,0
206000530,3,2,1
206000531,6,4,2
206000532,57,3,54
206000535,0,0,0
206000536,0,0,0
206000537,0,0,0
206000613,105,4,101
206000784,303,59,244
207000001,0,0,0
207000002,0,0,0
207000003,0,0,0
207000007,259,80,179
207000008,0,0,0
207000009,0,0,0
207000010,1,4,-3
207000012,132,110,22
207000015,2,33,-31
207000019,240,10,230
207000021,321,57,264
207000022,185,39,146
207000023,219,9,210
207000024,0,10,-10
207000025,0,10,-10
207000026,0,0,0
207000027,0,0,0
207000028,0,0,0
207000029,0,0,0
207000033,263,186,77
207000034,47,24,23
207000039,132,18,114
207000040,234,4,230
207000041,57,3,54
207000042,199,41,158
207000043,144,70,74
207000051,0,0,0
207000052,0,0,0
207000053,0,0,0
207000054,0,0,0
207000055,0,0,0
207000056,0,0,0
207000057,0,0,0
207000058,0,0,0
207000059,0,0,0
207000060,0,0,0
207000061,52,326,-274
207000062,154,61,93
207000063,87,168,-81
207000064,226,87,139
207000065,318,73,245
207000066,257,56,201
207000067,59,11,48
207000068,91,6,85
207000069,504,118,386
207000082,0,0,0
207000083,1,4,-3
207000084,82,46,36
207000085,0,0,0
207000086,0,0,0
207000106,14,6,8
207000107,68,6,62
207000108,113,21,92
207000109,46,1,45
207000110,55,15,40
207000111,161,7,154
207000112,75,45,30
207000114,0,0,0
207000115,0,0,0
207000116,0,0,0
207000117,0,0,0
207000118,0,0,0
207000119,0,0,0
207000123,72,1,71
207000124,61,4,57
207000125,25,1,24
207000126,36,11,25
207000134,0,0,0
207000135,0,0,0
207000148,209,39,170
207000149,0,0,0
207000152,0,0,0
207000153,0,0,0
207000154,295,24,271
207000159,0,0,0
207000160,0,0,0
207000238,0,0,0
207000242,0,0,0
207000248,0,0,0
207000249,0,0,0
207000250,0,0,0
207000251,0,0,0
207000252,0,0,0
207000278,16,32,-16
207000279,0,0,0
207000280,179,18,161
207000281,27,28,-1
207000282,1,6,-5
207000283,0,9,-9
207000284,0,0,0
207000285,1,11,-10
207000291,0,0,0
207000304,27,15,12
207000306,0,0,0
207000310,90,92,-2
207000353,31,0,31
207000356,0,0,0
207000357,0,58,-58
207000358,0,9,-9
207000415,0,0,0
207000417,33,0,33
207000418,51,43,8
207000438,0,0,0
207000439,645,89,556
207000446,56,0,56
207000460,0,0,0
207000466,0,0,0
207000467,115,8,107
207000468,0,0,0
207000476,0,0,0
207000477,0,0,0
207000478,0,0,0
207000523,0,0,0
207000524,3,0,3
207000527,294,72,222
207000530,233,0,233
207000531,73,1,72
207000532,58,0,58
207000534,208,11,197
207000535,0,0,0
207000537,0,0,0
207000540,0,0,0
207000541,0,0,0
207000548,0,0,0
207000549,79,3,76
207000561,94,10,84
207000562,0,0,0
207000567,0,0,0
207000568,0,0,0
207000569,0,0,0
207000584,0,0,0
207000585,20,40,-20
207000587,77,8,69
207000616,0,0,0
207000617,94,0,94
207000624,2,0,2
207000631,0,7,-7
207900008,0,0,0
208000001,71,143,-72
208000002,98,90,8
208000003,182,144,38
208000004,240,161,79
208000005,0,0,0
208000019,281,158,123
208000020,405,104,301
208000021,0,0,0
208000022,0,0,0
208000028,0,0,0
208000033,0,0,0
208000034,0,0,0
208000037,55,0,55
208000040,30,58,-28
208000041,230,54,176
208000042,223,47,176
208000047,0,0,0
208000064,566,375,191
208000066,355,214,141
208000070,52,44,8
208000071,74,43,31
208000072,39,71,-32
208000080,129,135,-6
208000081,87,20,67
208000082,0,0,0
208000083,0,0,0
208000084,2,5,-3
208000085,0,0,0
208000086,0,0,0
208000087,0,0,0
208000089,0,0,0
208000090,0,0,0
208000093,0,0,0
208000094,0,0,0
208000095,0,0,0
208000104,474,117,357
208000105,367,127,240
208000114,128,140,-12
208000115,124,94,30
208000116,211,231,-20
208000117,1,23,-22
208000118,3,2,1
208000155,0,0,0
208000158,0,0,0
208000186,491,410,81
208000204,0,0,0
208000205,0,0,0
208000282,0,0,0
209000004,4,52,-48
209000005,26,2,24
209000006,199,15,184
209000007,0,0,0
209000010,0,0,0
209000011,0,0,0
209000012,0,0,0
209000013,0,0,0
209000014,0,0,0
209000025,86,25,61
209000026,181,15,166
209000027,0,0,0
209000028,0,0,0
209000029,0,0,0
209000030,0,0,0
209000031,0,0,0
209000034,0,0,0
209000035,0,0,0
209000036,0,0,0
209000037,0,0,0
209000038,0,0,0
209000039,0,0,0
209000040,0,0,0
209000041,0,0,0
209000042,0,0,0
209000043,0,0,0
209000044,0,0,0
209000045,223,37,186
209000046,134,54,80
209000047,268,10,258
209000048,274,26,248
209000049,0,0,0
209000050,0,0,0
209000051,0,0,0
209000052,0,0,0
209000062,0,0,0
209000063,0,0,0
209000064,0,0,0
209000065,6,7,-1
209000066,7,2,5
209000067,28,5,23
209000080,0,0,0
209000082,13,2,11
209000091,0,0,0
209000093,0,0,0
209000094,0,0,0
209000110,29,78,-49
209000111,178,97,81
209000112,136,14,122
209000113,154,39,115
209000114,33,5,28
209000115,0,0,0
209000116,0,0,0
209000118,0,10,-10
209000119,0,0,0
209000121,0,0,0
209000135,13,40,-27
209000142,141,31,110
209000143,0,0,0
209000144,0,0,0
209000229,74,7,67
209000240,0,0,0
209000259,0,0,0
209000260,0,0,0
209000261,0,0,0
209000262,0,0,0
209000263,0,0,0
209000264,0,0,0
209000265,53,5,48
209000266,4,0,4
209000267,238,2,236
209000268,449,5,444
210000037,25,2,23
210000047,91,0,91
210000048,35,0,35
210000049,2,0,2
210000052,0,0,0
210000053,0,0,0
210000054,0,0,0
210000070,15,0,15
210000071,51,0,51
210000072,2,1,1
210000073,0,0,0
210000074,0,0,0
210000075,0,0,0
210000076,0,0,0
210000077,0,0,0
210000078,0,0,0
210000079,18,0,18
210000080,82,4,78
210000081,20,1,19
210000082,4,0,4
210000083,27,0,27
210000084,76,0,76
210000085,0,0,0
210000086,0,0,0
210000099,0,0,0
210000100,0,0,0
210000101,0,0,0
210000105,0,0,0
210000159,0,0,0
210000163,0,0,0
210000164,90,24,66
210000168,8,2,6
210000187,0,0,0
210000188,0,0,0
210000214,43,0,43
210000219,61,3,58
210000220,8,1,7
210000232,0,0,0
210000233,0,0,0
210000234,0,0,0
210000235,0,0,0
210000245,0,0,0
210000246,8,0,8
210000258,0,0,0
210000259,108,1,107
210000282,0,0,0
210000285,0,0,0
210000286,0,0,0
210000290,0,4,-4
210000295,0,0,0
210000296,0,0,0
210000320,75,3,72
210000321,4,1,3
210000338,0,0,0
210000339,0,0,0
210000340,0,0,0
210000341,0,0,0
210000342,0,0,0
210000343,0,0,0
210000344,0,0,0
210000345,0,0,0
210000346,0,0,0
210000347,0,0,0
210000348,0,0,0
210000349,0,0,0
210000350,0,0,0
210000351,0,0,0
210000352,12,5,7
210000353,53,10,43
210000354,36,23,13
210000355,31,12,19
210000356,0,7,-7
210000357,4,38,-34
210000358,35,6,29
210000359,41,7,34
210000360,111,39,72
210000361,65,58,7
210000362,53,36,17
210000363,259,87,172
210000364,76,58,18
210000365,82,20,62
210000366,134,6,128
210000367,66,0,66
210000368,63,1,62
210000369,17,5,12
210000370,24,5,19
210000372,1,17,-16
210000373,1,6,-5
210000374,134,0,134
210000375,9,5,4
210000376,45,6,39
210000404,0,0,0
210000439,24,0,24
210000472,17,0,17
210000482,25,6,19
210000564,232,43,189
210000567,0,0,0
210000568,22,0,22
211000092,0,0,0
211000094,0,0,0
211000169,0,0,0
211000172,0,0,0
211000209,0,0,0
211000226,0,4,-4
211000270,0,0,0
211000275,0,0,0
211000276,0,0,0
211000279,0,0,0
211000281,0,0,0
211000302,0,0,0
211507980,0,0,0
211977296,0,0,0
212000003,72,5,67
212000004,0,0,0
212000005,0,0,0
212000006,0,0,0
212000008,0,0,0
212000009,0,0,0
212000012,0,0,0
212000013,0,0,0
212000014,0,0,0
212000015,0,0,0
212000016,0,0,0
212000027,392,56,336
212000028,191,151,40
212000029,212,110,102
212000030,21,18,3
212000031,16,10,6
212000048,0,0,0
212000049,0,0,0
212000050,0,0,0
212000051,0,0,0
212000052,0,0,0
212000053,0,0,0
212000054,170,8,162
212000055,237,39,198
212000056,8,17,-9
212000057,2,12,-10
212000058,7,2,5
212000070,0,0,0
212000077,0,0,0
212000099,144,38,106
212000108,194,43,151
212000111,64,7,57
212000120,0,0,0
212000138,0,0,0
212000156,0,0,0
212000158,0,24,-24
212000159,477,51,426
212000160,427,51,376
212000161,3,14,-11
212000310,0,0,0
212000311,6,30,-24
212000374,0,0,0
213000001,0,0,0
213000005,210,15,195
213000006,180,57,123
213000007,0,1,-1
213000009,260,35,225
213000010,240,16,224
213000011,96,1,95
213000012,0,0,0
213000014,42,55,-13
213000015,145,1,144
213000016,62,1,61
213000017,19,1,18
213000018,0,0,0
213000019,0,0,0
213000020,0,0,0
213000021,0,0,0
213000023,974,16,958
213000033,0,0,0
213000034,231,30,201
213000035,170,20,150
213000045,0,0,0
213000046,0,0,0
213000047,0,0,0
213000056,153,8,145
213000069,8,0,8
213000073,0,0,0
213000074,0,0,0
213000075,296,6,290
213000076,0,0,0
213000085,0,0,0
213000086,0,0,0
213000091,251,1,250
213000092,14,0,14
213000099,0,0,0
213000100,226,48,178
213000101,383,5,378
213000102,432,4,428
213000103,307,2,305
213000104,0,0,0
213000105,0,0,0
213000106,0,0,0
213000107,0,0,0
213000108,0,0,0
213000109,0,0,0
213000110,0,0,0
213000111,0,0,0
213000112,0,0,0
213000115,11,0,11
213000116,0,0,0
213000117,0,0,0
213000118,80,169,-89
213000119,0,0,0
213000120,0,0,0
213000122,0,0,0
213000123,0,0,0
213000124,0,0,0
213000125,105,110,-5
213000126,0,0,0
213000127,0,0,0
213000128,0,0,0
213000129,252,88,164
213000130,324,58,266
213000132,241,52,189
213000133,447,95,352
213000134,401,1,400
213000136,193,2,191
213000137,520,5,515
213000139,68,0,68
213000147,3,0,3
213000148,3,0,3
213000149,1,0,1
213000150,0,0,0
213000151,0,0,0
213000152,0,0,0
213000153,0,0,0
213000154,0,0,0
213000155,0,0,0
213000156,0,0,0
213000157,0,0,0
213000158,0,0,0
213000159,461,44,417
213000163,195,92,103
213000165,299,75,224
213000171,0,0,0
213000172,0,0,0
213000173,0,0,0
213000174,0,0,0
213000175,0,0,0
213000176,272,34,238
213000177,74,4,70
213000178,300,1,299
213000179,96,0,96
213000180,166,1,165
213000184,0,0,0
213000188,90,2,88
213000189,155,4,151
213000190,188,1,187
213000191,196,1,195
213000192,76,0,76
213000193,0,0,0
213000194,0,0,0
213000195,0,0,0
213000196,0,0,0
213000197,427,40,387
213000198,1,0,1
213000200,0,0,0
213000201,0,0,0
213000202,0,0,0
213000203,668,114,554
213000204,566,33,533
213000205,220,16,204
213000206,550,19,531
213000207,8,2,6
213000208,0,0,0
213000209,7,0,7
213000210,55,0,55
213000211,0,0,0
213000212,0,0,0
213000213,0,0,0
213000218,13,151,-138
213000219,309,12,297
213000220,121,31,90
213000223,19,71,-52
213000224,1,0,1
213000225,39,0,39
213000226,23,0,23
213000227,478,11,467
213000228,281,16,265
213000229,13,0,13
213000230,98,0,98
213000232,0,0,0
213000233,0,0,0
213000234,0,0,0
213000293,0,0,0
213000294,36,0,36
213000295,0,0,0
213000296,3,3,0
213000297,0,0,0
213000298,0,0,0
213000299,2,2,0
213000300,0,3,-3
213000303,0,0,0
213000304,0,0,0
213000305,1,23,-22
213000306,0,0,0
213000307,0,4,-4
213000308,0,0,0
213000309,67,11,56
213000310,122,19,103
213000311,0,0,0
213000315,0,0,0
213000316,53,4,49
213000322,0,0,0
213000323,0,0,0
213000324,0,0,0
213000325,0,0,0
213000326,0,0,0
213000327,0,0,0
213000328,0,0,0
213000329,0,0,0
213000340,0,0,0
213000341,209,22,187
213000346,3,14,-11
213000347,150,22,128
213000348,0,0,0
213000349,0,0,0
213000350,0,0,0
213000366,0,0,0
213000367,33,3,30
213000379,0,0,0
213000386,0,0,0
213000406,0,0,0
213000417,536,101,435
213000425,0,0,0
213000426,0,0,0
213000427,0,0,0
213000428,0,0,0
213000429,0,0,0
213000430,0,0,0
213000431,0,0,0
213000432,0,0,0
213000433,0,0,0
213000434,0,0,0
213000435,0,0,0
213000436,0,0,0
213000437,0,0,0
213000438,0,0,0
213000439,0,0,0
213000440,0,0,0
213000441,0,0,0
213000442,0,0,0
213000443,0,0,0
213000444,0,0,0
213000445,0,0,0
213000446,0,0,0
213000447,0,0,0
213000448,0,0,0
213000449,0,0,0
213000450,0,0,0
213000451,0,0,0
213000452,0,0,0
213000453,0,0,0
213000455,51,13,38
213000456,0,0,0
213000481,4,0,4
213000482,13,0,13
213000489,39,3,36
213000491,0,0,0
213000492,57,0,57
213000493,0,0,0
213000494,194,55,139
213000495,0,0,0
213000496,497,84,413
213000497,0,0,0
213000498,0,0,0
213000499,0,0,0
213000500,215,3,212
213000501,29,3,26
213000502,26,6,20
213000503,0,0,0
213000504,0,0,0
213000505,86,1,85
213000506,0,0,0
213000507,0,0,0
213900244,94,0,94
213900245,0,0,0
218000003,0,0,0
218000004,0,0,0
218000005,3,6,-3
218000006,0,0,0
218000007,0,0,0
218000012,0,0,0
218000013,17,40,-23
218000014,55,51,4
218000019,0,0,0
218000020,0,0,0
218000021,0,0,0
218000022,0,0,0
218000023,0,0,0
218000024,0,0,0
218000025,0,0,0
218000026,0,0,0
218000027,0,0,0
218000028,0,0,0
218000029,0,0,0
218000030,0,0,0
218000031,0,0,0
218000032,0,0,0
218000040,1,0,1
218000046,3,2,1
218000047,1,8,-7
218000048,0,21,-21
218000049,6,13,-7
218000050,13,29,-16
218000051,0,78,-78
218000052,0,10,-10
218000053,0,0,0
218000054,0,10,-10
218000055,0,3,-3
218000056,2,32,-30
218000057,0,3,-3
218000064,0,0,0
218000065,82,0,82
218000066,7,5,2
218000067,0,0,0
218000068,0,0,0
218000069,0,0,0
218000070,0,0,0
218000071,0,0,0
218000072,0,0,0
218000078,0,0,0
218000079,0,0,0
218000080,0,0,0
218000081,0,0,0
218000082,0,0,0
218000083,0,0,0
218000084,0,0,0
218000085,0,0,0
218000086,0,0,0
218000087,0,0,0
218000090,0,0,0
218000091,89,50,39
218000092,0,0,0
218000093,0,0,0
218000094,0,0,0
218000099,36,40,-4
218000100,25,14,11
218000101,2,6,-4
218000102,120,13,107
218000103,31,2,29
218000104,31,1,30
218000105,0,0,0
218000106,0,0,0
218000107,0,0,0
218000108,0,0,0
218000112,0,0,0
218000117,29,4,25
218000134,0,0,0
218000135,0,0,0
218000136,0,0,0
218000137,0,0,0
218000138,0,0,0
218000139,0,0,0
218000140,0,0,0
218000141,0,0,0
218000142,0,0,0
218000143,0,0,0
218000144,0,0,0
218000145,0,0,0
218000146,0,0,0
218000151,0,5,-5
218000152,40,3,37
218000153,0,0,0
218000154,0,0,0
218000155,0,0,0
218000156,0,0,0
218000157,0,0,0
218000158,0,0,0
218000159,0,0,0
218000160,0,0,0
218000161,0,0,0
218000162,0,0,0
218000163,0,0,0
218000164,0,0,0
218000165,0,0,0
218000170,0,3,-3
218000171,48,10,38
218000172,1,8,-7
218000173,0,24,-24
218000174,17,9,8
218000176,138,11,127
218000177,274,45,229
218000178,104,27,77
218000179,330,43,287
218000180,16,0,16
218000181,98,1,97
218000187,0,0,0
218000188,0,0,0
218000189,0,0,0
218000190,0,0,0
218000191,0,0,0
218000192,0,0,0
218000193,0,0,0
218000194,0,0,0
218000195,0,0,0
218000196,0,0,0
218000197,0,0,0
218000198,1,0,1
218000199,0,0,0
218000200,0,0,0
218000201,0,0,0
218000202,0,0,0
218000207,0,0,0
218000208,0,0,0
218000211,0,0,0
218000212,0,0,0
218000213,5,9,-4
218000214,0,5,-5
218000215,2,7,-5
218000217,0,1,-1
218000218,36,125,-89
218000219,0,30,-30
218000220,28,28,0
218000221,158,115,43
218000222,0,15,-15
218000223,24,84,-60
218000224,14,89,-75
218000225,103,35,68
218000226,98,11,87
218000230,0,0,0
218000232,0,0,0
218000239,21,0,21
218000240,1,0,1
218000241,1,0,1
218000242,0,0,0
218000243,1,0,1
218000244,0,0,0
218000245,1,0,1
218000246,0,0,0
218000247,0,0,0
218000248,0,0,0
218000249,0,0,0
218000250,0,0,0
218000251,0,0,0
218000252,0,0,0
218000253,0,0,0
218000254,0,0,0
218000255,0,0,0
218000256,0,0,0
218000267,0,0,0
218000268,0,0,0
218000269,0,0,0
218000270,0,0,0
218000271,0,0,0
218000273,45,15,30
218000274,34,2,32
218000275,0,0,0
218000276,0,0,0
218000278,0,0,0
218000279,0,0,0
218000280,0,0,0
218000281,0,0,0
218000282,33,8,25
218000284,99,34,65
218000301,0,0,0
218000302,0,0,0
218000303,0,0,0
218000316,20,34,-14
218000317,9,5,4
218000318,0,0,0
218000319,0,0,0
218000320,0,0,0
218000338,0,0,0
218000345,0,0,0
218000346,32,18,14
218000459,36,30,6
218000490,0,0,0
218000501,4,1,3
218000502,0,0,0
218000503,4,0,4
218000504,39,2,37
218000505,0,0,0
218000506,0,0,0
218000508,0,0,0
218000510,41,0,41
218000520,0,0,0
218000521,0,0,0
218000522,0,0,0
218000523,20,1,19
218000524,0,0,0
218000525,19,0,19
218000526,0,0,0
218000529,0,0,0
218000530,0,0,0
218000531,25,1,24
218000532,0,0,0
218000534,5,5,0
218000537,3,9,-6
218000538,0,0,0
218000540,0,0,0
218000543,0,0,0
218000544,0,0,0
218000545,0,0,0
218000546,0,0,0
218000547,0,0,0
218000548,0,0,0
218000549,105,4,101
218000550,0,0,0
218000551,0,0,0
218000552,47,2,45
218000553,0,0,0
218000554,0,0,0
218000555,2,0,2
218000556,0,0,0
218000557,10,7,3
218000558,33,0,33
218000559,0,0,0
218000560,0,0,0
218000561,1,0,1
218000562,0,0,0
218000563,97,0,97
218000564,0,0,0
218000565,14,0,14
218000566,4,0,4
218000567,0,0,0
218000568,0,0,0
218000569,0,0,0
218000570,0,0,0
218000571,0,0,0
218000572,1,0,1
218000573,0,0,0
218000574,0,1,-1
218000575,55,0,55
218000576,0,0,0
218000577,34,0,34
218000578,0,0,0
218000579,0,0,0
218000581,0,0,0
218000582,0,0,0
218000583,0,0,0
218000584,0,0,0
218000585,0,0,0
218000586,0,0,0
218000587,0,0,0
218000588,0,0,0
218000589,0,0,0
218000590,0,0,0
218000591,0,0,0
218000592,0,0,0
218000593,0,0,0
218000594,0,0,0
218000597,0,0,0
218000598,0,0,0
218000599,0,0,0
218000600,0,0,0
218000601,0,0,0
218000602,0,0,0
218000603,0,0,0
218000604,0,0,0
218000605,0,0,0
218000606,1,0,1
218000607,0,0,0
218000608,0,0,0
218000609,0,0,0
218000610,0,0,0
218000611,0,0,0
218000612,0,0,0
218000613,0,0,0
218000614,0,0,0
218000615,0,0,0
218000616,0,0,0
218000617,0,0,0
218000618,0,0,0
218000619,0,4,-4
218000620,0,0,0
218000621,0,5,-5
218000622,0,0,0
218000623,0,0,0
218000624,0,0,0
218000625,0,0,0
218000626,0,0,0
218000628,30,10,20
218000631,0,1,-1
218000632,0,0,0
218000633,1,0,1
218000634,0,0,0
218000635,0,1,-1
218000636,0,0,0
218000637,0,0,0
218000638,137,34,103
218000639,0,0,0
218000640,78,21,57
218000641,0,0,0
218000652,13,5,8
218000653,213,20,193
218000663,0,0,0
218000675,0,1,-1
218000676,0,0,0
218000677,0,0,0
218000680,0,0,0
218000681,42,3,39
218000691,0,0,0
218000693,121,8,113
218000703,0,0,0
218000718,0,0,0
218000719,3,22,-19
218000720,0,0,0
218000721,0,0,0
218000725,0,0,0
218001147,0,0,0
218001214,0,0,0
218001258,49,0,49
218001329,28,8,20
218001330,0,0,0
218001351,1,21,-20
218001352,0,0,0
218001353,5,0,5
218001354,0,0,0
218001355,0,0,0
218001356,39,19,20
218001357,0,0,0
218001358,9,4,5
218001361,147,4,143
218001362,0,0,0
219000001,0,0,0
219000002,0,0,0
219000003,24,1,23
219000004,9,43,-34
219000017,0,0,0
219000020,56,0,56
219000022,89,0,89
219000023,52,0,52
219000029,0,0,0
219000034,6,21,-15
219000039,0,0,0
219000040,0,0,0
219000041,0,0,0
219000051,0,0,0
219000052,0,0,0
219000053,0,0,0
219000054,0,0,0
219000055,0,0,0
219000056,0,0,0
219000057,0,0,0
219000062,0,0,0
219000063,0,0,0
219000064,0,0,0
219000110,47,22,25
219000111,30,14,16
219000112,64,1,63
219000113,102,0,102
219000114,68,0,68
219000116,1,0,1
219000117,0,0,0
219000118,15,5,10
219000123,65,0,65
219000124,5,0,5
219000125,0,0,0
219000126,0,0,0
219000127,0,0,0
219000128,0,0,0
219000129,0,0,0
219000130,0,0,0
219000131,159,120,39
219000133,0,1,-1
219000134,0,11,-11
219000135,21,1,20
219000136,32,26,6
219000138,6,0,6
219000139,0,0,0
219000140,6,0,6
219000141,0,0,0
219000142,0,0,0
219000143,0,0,0
219000145,38,1,37
219000146,0,0,0
219000147,0,0,0
219000148,0,0,0
219000149,0,0,0
219000150,0,0,0
219000151,0,0,0
219000157,8,2,6
219000158,0,7,-7
219000161,0,0,0
219000163,24,8,16
219000166,3,20,-17
219000167,0,0,0
219000168,41,12,29
219000174,32,1,31
219000175,0,0,0
219000176,0,0,0
219000177,0,0,0
219000178,0,0,0
219000179,0,0,0
219000180,0,0,0
219000182,31,0,31
219000183,47,0,47
219000184,22,0,22
219000185,0,0,0
219000186,10,0,10
219000187,6,0,6
219000189,0,0,0
219000190,0,0,0
219000191,0,0,0
219000192,3,3,0
219000193,0,0,0
219000195,0,0,0
219000196,0,0,0
219000198,0,0,0
219000199,0,0,0
219000200,0,0,0
219000201,0,0,0
219000203,0,0,0
219000204,0,0,0
219000205,0,0,0
219000207,0,0,0
219000209,0,0,0
219000210,0,0,0
219000213,0,0,0
219000239,0,0,0
219000240,0,0,0
219000241,0,0,0
219000242,0,0,0
219000243,0,0,0
219000244,0,0,0
219000245,0,0,0
219000246,12,5,7
219000247,51,12,39
219000248,100,36,64
219000249,36,19,17
219000250,21,15,6
219000251,56,57,-1
219000252,58,89,-31
219000253,43,6,37
219000255,3,8,-5
219000256,14,7,7
219000257,74,0,74
219000262,0,0,0
219000263,0,0,0
219000267,0,0,0
219000268,0,0,0
219000269,0,0,0
219000270,0,0,0
219000271,0,0,0
219000278,0,0,0
219000279,0,0,0
219000283,0,0,0
219000295,0,0,0
219000296,0,0,0
219000297,0,0,0
219000298,0,0,0
219000299,134,3,131
219000300,0,0,0
219000301,0,0,0
219000302,0,0,0
219000307,0,0,0
219000308,0,0,0
219000311,65,2,63
219000312,73,9,64
219000313,69,1,68
219000314,0,0,0
219000315,165,0,165
219000316,118,2,116
219000317,19,0,19
219000320,0,0,0
219000321,0,0,0
219000323,0,0,0
219000325,0,0,0
219000326,0,0,0
219000327,0,0,0
219000328,0,0,0
219000329,0,0,0
219000330,0,0,0
219000331,0,0,0
219000332,18,3,15
219000333,0,0,0
219000335,0,0,0
219000337,2,0,2
219000338,6,0,6
219000344,0,0,0
219000345,0,0,0
219000346,0,0,0
219000348,0,0,0
219000349,0,0,0
219000350,0,0,0
219000351,0,0,0
219000352,7,2,5
219000353,2,4,-2
219000354,23,6,17
219000355,13,15,-2
219000356,22,31,-9
219000363,74,3,71
219000364,60,2,58
219000365,25,0,25
219000366,40,0,40
219000368,39,7,32
219000370,48,48,0
219000371,0,0,0
219000382,0,0,0
219000383,0,0,0
219000385,0,0,0
219000386,0,0,0
219000387,0,0,0
219000390,0,0,0
219000391,0,0,0
219000397,0,0,0
219000398,0,0,0
219000401,0,0,0
219000402,0,0,0
219000403,0,0,0
219000404,0,0,0
219000407,0,0,0
219000409,10,38,-28
219000410,69,1,68
219000411,21,1,20
219000446,0,0,0
219000447,0,0,0
219000448,20,1,19
219000452,0,0,0
219000453,0,0,0
219000454,21,15,6
219000556,30,6,24
219000558,0,0,0
219000590,0,0,0
219000591,24,11,13
219000592,0,0,0
219000595,0,0,0
219000635,39,0,39
219000636,0,0,0
219000657,0,0,0
219000658,0,0,0
219000673,0,0,0
219000676,0,0,0
219000679,0,0,0
219000684,0,0,0
219000685,0,0,0
219000686,0,0,0
219000688,0,0,0
219000689,0,0,0
219000690,227,1,226
219000691,0,0,0
219000692,56,1,55
219000693,0,0,0
219000694,0,0,0
219000695,0,0,0
219000698,21,0,21
219000699,0,0,0
219000727,0,0,0
219000728,0,0,0
219000770,3,0,3
219000771,0,0,0
219000788,0,0,0
219001150,0,0,0
219001151,0,0,0
219001166,5,0,5
219001167,0,0,0
219001178,75,0,75
220000001,1,12,-11
220000002,0,0,0
220000003,0,0,0
220000004,0,0,0
220000005,0,0,0
220000006,0,0,0
220000007,0,0,0
220000008,0,0,0
220000009,0,0,0
220000010,0,0,0
220000011,6,1,5
220000012,1,1,0
220000014,0,0,0
220000015,0,0,0
220000017,0,0,0
220000018,0,0,0
220000019,0,0,0
220000020,15,5,10
220000021,0,0,0
220000022,0,0,0
220000023,2,0,2
220000024,2,2,0
220000025,2,13,-11
220000026,2,20,-18
220000027,0,1,-1
220000028,0,4,-4
220000029,0,0,0
220000030,0,0,0
220000031,40,21,19
220000064,0,0,0
221000046,1,0,1
221000047,0,0,0
221000048,0,0,0
221000049,0,0,0
221000050,44,0,44
221000055,29,0,29
221000057,142,1,141
221000068,311,63,248
221000069,161,31,130
221000070,132,6,126
221000071,97,0,97
221000072,182,1,181
221000073,131,6,125
221000074,0,0,0
221000075,0,0,0
221000076,0,0,0
221000077,0,0,0
221000081,4,0,4
221000082,18,0,18
221000083,18,21,-3
221000084,2,0,2
221000085,0,0,0
221000086,0,0,0
221000087,0,0,0
221000088,0,0,0
221000089,0,0,0
221000090,0,0,0
221000098,64,9,55
221000099,70,2,68
221000100,128,2,126
221000101,119,27,92
221000102,83,2,81
221000109,0,0,0
221000110,0,0,0
221000111,0,0,0
221000112,0,0,0
221000113,0,0,0
221000114,0,0,0
221000120,0,0,0
221000121,0,11,-11
221000122,2,0,2
221000123,0,0,0
221000124,0,0,0
221000155,31,8,23
221000156,5,0,5
221000175,3,1,2
221000176,0,0,0
221000182,5,0,5
221000241,694,46,648
221000242,0,0,0
221000243,304,23,281
221000244,0,0,0
221000245,142,9,133
221000246,0,0,0
221000247,175,29,146
221000248,0,0,0
221000267,0,0,0
221000325,0,0,0
221000331,0,0,0
221000338,0,3,-3
221000378,64,5,59
221000381,0,0,0
222000282,0,0,0
222000296,0,0,0
222000568,70,2,68
222000569,85,8,77
222000570,46,0,46
222000571,224,32,192
222000577,0,0,0
222000578,0,0,0
222000579,0,0,0
222000580,0,0,0
222000599,0,0,0
222000600,0,0,0
222000601,0,0,0
222000603,0,0,0
222000604,0,0,0
222000605,0,0,0
222000606,0,0,0
222000607,0,0,0
222000608,0,0,0
222000609,0,0,0
222000616,55,0,55
222000617,0,2,-2
222000618,0,0,0
222000620,0,2,-2
222000621,21,0,21
222000623,191,0,191
222000624,183,0,183
222000625,204,0,204
222000636,1,0,1
222000686,1,0,1
222000687,2,1,1
222001066,186,1,185
222001067,31,0,31
222001068,55,0,55
222001069,1,0,1
222001082,0,0,0
222001083,0,0,0
222001084,0,0,0
222001085,0,0,0
222001111,0,0,0
222001112,39,20,19
222001313,0,0,0
222001314,0,0,0
222001464,26,1,25
222001465,0,0,0
222001484,9,0,9
222001485,0,0,0
222001494,78,3,75
222001495,0,0,0
222001496,43,0,43
222001497,0,0,0
222001502,0,0,0
222001503,40,2,38
222001504,0,0,0
222001505,91,0,91
222001506,0,0,0
222001507,123,1,122
222001510,150,3,147
222001511,0,0,0
222001514,249,26,223
222001515,0,0,0
222001518,59,9,50
222001519,0,0,0
222001527,8,2,6
222001528,0,0,0
222001529,116,2,114
222001530,0,0,0
222001533,0,0,0
222001534,302,3,299
222001535,28,14,14
222001536,0,0,0
222001537,16,0,16
222001538,0,0,0
222001563,368,1,367
222001564,0,0,0
222001568,0,7,-7
222001576,0,1,-1
222001579,0,0,0
222001583,0,0,0
222001584,7,0,7
222001596,0,0,0
222001597,159,16,143
222001626,0,0,0
222001650,0,17,-17
222001651,0,0,0
222001914,26,1,25
222001915,0,0,0
222001968,59,11,48
222001969,0,0,0
222001970,0,0,0
222001971,0,0,0
222001972,0,0,0
225000001,118,23,95
225000002,126,41,85
225000003,120,10,110
225000004,88,24,64
225000005,67,15,52
225000006,0,0,0
225000007,0,0,0
225000010,3,0,3
225000011,78,243,-165
225000012,42,172,-130
225000013,61,30,31
225000014,78,21,57
225000015,0,0,0
225000021,196,22,174
225000027,0,0,0
225000032,176,82,94
225000042,0,0,0
225000049,0,0,0
225000050,31,1,30
225000053,0,0,0
225000058,177,41,136
225000067,0,0,0
225000068,0,0,0
225000069,0,0,0
225000070,0,0,0
225000071,0,0,0
225000075,0,0,0
225000076,0,0,0
225000078,2,33,-31
225000085,0,1,-1
225000086,22,0,22
225000087,49,2,47
225000088,0,0,0
225000089,0,0,0
225000090,0,0,0
225000091,0,0,0
225000092,0,0,0
225000093,0,0,0
225000094,0,0,0
225000095,0,0,0
225000096,0,0,0
225000098,220,54,166
225000099,205,15,190
225000100,7,35,-28
225000104,0,0,0
225000110,0,0,0
225000111,0,0,0
225000112,0,0,0
225000113,0,0,0
225000114,0,0,0
225000115,0,0,0
225000116,106,54,52
225000117,268,211,57
225000118,366,85,281
225000119,43,6,37
225000120,147,3,144
225000121,92,4,88
225000123,922,11,911
225000125,148,38,110
225000126,196,63,133
225000127,377,78,299
225000128,297,110,187
225000132,0,0,0
225000133,0,0,0
225000134,144,73,71
225000135,22,0,22
225000136,19,0,19
225000137,10,1,9
225000138,156,0,156
225000143,0,0,0
225000144,0,0,0
225000145,87,13,74
225000146,0,0,0
225000147,0,0,0
225000148,0,0,0
225000149,0,0,0
225000151,0,0,0
225000155,0,0,0
225000156,0,0,0
225000157,0,0,0
225000158,0,0,0
225000171,0,0,0
225000180,18,1,17
225000181,0,0,0
225000182,30,3,27
225000185,0,0,0
225000187,0,0,0
225000191,15,0,15
225000194,0,0,0
225000208,0,0,0
225000209,96,21,75
225000210,0,0,0
225000217,0,0,0
225000218,39,1,38
225000223,0,0,0
225000224,1,0,1
225000225,0,0,0
225000226,518,19,499
225000227,0,0,0
225000228,3,3,0
225000229,0,0,0
225000230,1,0,1
225000231,0,0,0
225000232,62,0,62
225000241,107,0,107
225000242,0,0,0
225000249,25,0,25
225000250,0,0,0
225000251,0,0,0
226000042,0,0,0
226000043,0,0,0
226000044,0,0,0
226000045,0,0,0
226000046,162,13,149
226000047,72,15,57
226000048,126,9,117
226000049,68,82,-14
226000070,0,0,0
226000071,0,0,0
226000072,0,0,0
226000073,0,0,0
226000074,0,0,0
226000084,0,0,0
226000085,0,0,0
226000086,0,0,0
226000087,0,0,0
226000088,0,0,0
226000090,0,4,-4
226000091,2,0,2
226000092,0,0,0
226000093,0,0,0
226000094,0,8,-8
226000095,1,61,-60
226000105,0,0,0
226000106,5,0,5
226000107,1,0,1
226000108,2,0,2
226000109,14,0,14
226000124,31,12,19
226000134,75,45,30
226000135,124,20,104
226000136,17,22,-5
226000137,0,0,0
226000138,0,0,0
226000139,0,0,0
226000156,86,1,85
226000157,128,1,127
226000163,0,0,0
226000202,0,0,0
226000231,218,0,218
226000232,1,0,1
227000033,72,3,69
227000036,112,0,112
227000037,99,1,98
227000038,15,0,15
227000049,0,0,0
227000050,0,0,0
227000055,0,0,0
227000056,0,0,0
227000084,0,0,0
227000085,0,0,0
227000088,7,0,7
227000089,1,0,1
227000090,0,0,0
227000091,4,0,4
227000092,3,0,3
227000093,2,0,2
227000094,0,0,0
227000130,0,0,0
227000131,0,0,0
227000132,0,0,0
227000133,0,0,0
227000134,0,0,0
227000152,0,0,0
227000153,0,0,0
227000154,0,0,0
227000155,0,0,0
227000156,0,0,0
227000165,0,0,0
227000196,42,0,42
227000199,123,5,118
227000230,0,0,0
227000232,49,5,44
227000242,0,0,0
227000243,178,5,173
227000245,0,0,0
227000246,0,0,0
227000247,172,3,169
227000248,9,5,4
227000249,0,0,0
227000250,14,43,-29
227000251,0,0,0
227000252,0,0,0
227000253,85,5,80
227000262,287,0,287
227000266,150,2,148
227000267,0,0,0
227000282,0,0,0
227000284,149,4,145
227000286,0,0,0
227000287,0,0,0
227000291,0,0,0
227000484,123,0,123
227000485,0,0,0
227000655,33,0,33
227000656,98,4,94
227000657,4,1,3
227000661,67,0,67
227000680,0,0,0
229000265,16,0,16
229000296,0,0,0
229000297,0,0,0
229000298,0,0,0
229000320,0,0,0
229000321,0,0,0
229000412,0,0,0
229000414,0,0,0
229000415,0,0,0
229000416,0,0,0
229000417,0,0,0
229000419,0,1,-1
229000440,76,2,74
229000442,1,0,1
229000443,0,0,0
229000444,0,0,0
229000445,1,0,1
229000446,25,2,23
229000491,0,0,0
229000492,0,0,0
229000493,0,0,0
229000494,0,0,0
229000495,0,0,0
229000496,0,0,0
229000507,0,0,0
229000508,0,0,0
229000509,0,0,0
229000510,0,0,0
229000511,0,0,0
229000512,0,0,0
229000513,0,0,0
229000514,0,0,0
229000517,0,0,0
229000518,0,0,0
229000519,0,0,0
229000520,0,0,0
229000521,0,0,0
229000522,0,0,0
229000523,0,0,0
229000524,0,0,0
229000527,0,0,0
229000528,0,0,0
229000529,0,0,0
229000530,0,0,0
229000531,0,0,0
229000532,0,0,0
229000533,0,0,0
229000534,0,2,-2
229000564,39,0,39
229000565,33,0,33
229000566,0,0,0
229000567,0,0,0
229000582,8,3,5
229000583,5,13,-8
229000584,0,0,0
229000585,0,0,0
229000718,0,0,0
229000719,0,0,0
229000720,0,0,0
229000721,0,0,0
229000722,0,0,0
229000723,0,0,0
229000724,0,0,0
229000725,0,0,0
229000738,1,0,1
229000739,0,0,0
229000740,1,0,1
229000741,28,0,28
229000742,23,0,23
229000743,5,0,5
229000744,1,0,1
229000745,0,0,0
229000746,30,0,30
229000847,0,0,0
229000848,0,0,0
229000849,0,0,0
229000851,0,0,0
229000854,0,0,0
229000856,0,0,0
229000857,0,0,0
229000858,0,0,0
229000919,0,0,0
229000930,0,0,0
229000937,69,1,68
229000966,14,0,14
229000981,0,0,0
229000985,0,0,0
229000986,0,0,0
229000987,0,0,0
229000988,0,0,0
229000989,0,0,0
229000990,0,0,0
229000991,0,0,0
229000992,0,0,0
229000993,6,0,6
229000998,0,0,0
229000999,0,0,0
229001034,0,0,0
229001035,0,0,0
229001037,9,0,9
229001042,1,0,1
229001047,0,0,0
229001050,24,0,24
229001168,0,0,0
229001200,0,0,0
229001338,0,0,0
229001394,189,1,188
229001422,48,3,45
229001423,0,0,0
229001431,46,2,44
229001432,0,0,0
229001444,50,0,50
229001445,0,2,-2
229001479,0,0,0
229001503,78,12,66
229001504,0,0,0
229001505,91,22,69
229001506,0,0,0
229001509,0,0,0
229001545,35,0,35
229001546,0,0,0
229001553,18,0,18
229001554,0,0,0
229001559,0,0,0
229001560,0,0,0
229001630,9,0,9
229001631,0,0,0
229001635,0,0,0
229001636,0,0,0
229001658,0,0,0
229001659,40,0,40
229001660,0,0,0
229001661,0,0,0
229001662,11,0,11
229001663,0,0,0
229002584,5,4,1
229002831,0,1,-1
229002841,0,0,0
229002842,1,1,0
229002843,0,0,0
229002844,0,1,-1
229002845,0,0,0
229002846,1,1,0
229002847,0,0,0
229002848,2,0,2
229002849,0,0,0
229002850,24,0,24
229002851,1,1,0
229002852,9,0,9
229002853,10,0,10
229002854,0,2,-2
229002855,0,0,0
229002856,1,0,1
229002857,0,0,0
229002858,0,0,0
229002859,0,0,0
229002860,3,0,3
229002861,1,0,1
229002862,0,0,0
229002863,0,0,0
229002864,1,0,1
229002865,0,0,0
229002866,2,5,-3
229002867,0,0,0
229002868,26,1,25
229002869,0,0,0
229002870,4,1,3
235000066,178,3,175
235000067,183,12,171
235000072,0,0,0
235000073,0,0,0
235000074,0,0,0
235000080,0,0,0
235000081,0,0,0
235000082,65,2,63
235000083,112,4,108
235000084,10,1,9
235000085,191,4,187
235000089,30,1,29
235000092,0,0,0
235000093,0,0,0
235000097,0,0,0
235000098,95,1,94
235000099,1,3,-2
235000116,6,1,5
235000117,67,0,67
235000133,0,0,0
235000134,0,0,0
235000206,0,2,-2
235000207,0,1,-1
235000208,1,1,0
235000209,0,0,0
235000210,0,0,0
235000212,0,0,0
235000213,0,0,0
235000220,0,0,0
235000221,0,0,0
235000238,4,173,-169
235000239,0,3,-3
235000242,35,381,-346
235000245,0,0,0
235000246,0,0,0
235000284,0,0,0
235000295,16,2,14
235000305,43,29,14
235000306,56,0,56
235000307,46,0,46
235000308,0,0,0
235000309,0,0,0
235000310,2,0,2
235000311,7,0,7
235000322,0,0,0
235000323,0,0,0
235000324,0,0,0
235000325,0,0,0
235000326,0,0,0
235000351,0,0,0
235000352,0,0,0
235000353,0,0,0
235000354,0,0,0
235000355,0,0,0
235000356,9,0,9
235000357,6,0,6
235000358,0,8,-8
235000359,0,0,0
235000360,3,0,3
235000361,17,0,17
235000381,0,0,0
235000382,58,1,57
235000390,0,0,0
235000391,120,4,116
235000392,202,11,191
235000393,80,8,72
235000395,63,4,59
235000396,235,8,227
235000400,5,8,-3
235000401,0,0,0
235000405,0,0,0
235000406,0,0,0
235000407,0,0,0
235000409,0,0,0
235000410,0,0,0
235000411,0,0,0
235000485,0,0,0
235000486,46,0,46
235000549,40,5,35
235000550,0,0,0
235000599,0,0,0
235000600,0,0,0
235000601,8,0,8
235000602,64,1,63
235000614,0,0,0
235000648,0,0,0
235000649,33,0,33
235000685,0,0,0
235000815,0,0,0
235000834,0,0,0
235000855,48,6,42
235000862,0,0,0
235000891,0,0,0
235000892,10,0,10
235000901,0,0,0
235000907,0,0,0
235001010,29,0,29
235001029,0,0,0
235001030,266,9,257
235001078,78,3,75
235001079,0,0,0
235001147,1,2,-1
235001166,7,5,2
235001167,0,0,0
235001169,0,0,0
235001188,0,0,0
235001189,6,0,6
235001197,0,0,0
235001200,0,0,0
235001207,42,6,36
235001210,0,0,0
235001215,0,0,0
235001239,0,0,0
235001244,0,1,-1
235016267,0,0,0
277101746,0,0,0
277102712,4,0,4
277103813,0,0,0
277103814,0,0,0
277103898,0,0,0
277104249,0,0,0
277104250,0,1,-1
277104251,0,0,0
277104252,0,0,0
990011530,0,0,0
990014944,0,0,0
990015176,9,0,9
990015618,0,0,0
990016032,0,0,0
990032570,0,1,-1
990070001,24,0,24
990070103,0,0,0
990070601,0,0,0
990070751,0,0,0
990070766,0,0,0
990071180,345,4,341
990071343,15,0,15
990071387,0,0,0
990071823,58,1,57
990072600,0,0,0
990072964,0,0,0
990073285,0,0,0
990074393,0,0,0
990074870,386,30,356
990075106,183,0,183
990075746,153,2,151
990076437,1168,18,1150
990076458,0,0,0
997000007,163,21,142
997000041,0,0,0
997000058,41,1,40
997000062,21,1,20
997000069,0,0,0
997000070,0,0,0
997000100,0,0,0
997000141,0,0,0
997000198,0,0,0
998000475,0,0,0
998000736,0,0,0
998000965,0,0,0
998001031,0,0,0
998001700,0,0,0
998001899,0,0,0
998001900,15,122,-107
998003073,513,57,456
998101900,0,26,-26
998102850,0,0,0
998501927,154,0,154
998501929,424,14,410
998501930,20,0,20
998501931,174,47,127
998501932,0,0,0
998501933,384,1,383
998501937,21,9,12
998501944,1,0,1
998501950,0,0,0
998501970,36,4,32
998501971,2,126,-124
998501973,0,0,0
998501974,0,0,0
998501975,42,0,42
998501976,15,0,15
998501977,1,3,-2
998501978,8,0,8
998501979,0,0,0
998501980,34,1,33
998501981,103,0,103
998501982,0,0,0
998501983,0,0,0
998502024,0,0,0
998502032,0,4,-4
998502062,3,0,3
998502063,0,0,0
998502173,3,0,3
998502269,0,0,0
998502546,0,0,0
998502578,0,0,0
998502599,0,0,0
998601159,0,0,0
998601292,0,0,0
999033574,0,0,0
999800001,19,0,19
999800002,0,0,0
999800003,6,0,6
999800004,0,0,0
999800005,0,0,0
