dong,insum,outsum,diff
강남구 개포1동,501,947,-446
강남구 개포2동,9224,16479,-7255
강남구 개포4동,5011,7435,-2424
강남구 논현1동,30804,24968,5836
강남구 논현2동,21793,17808,3985
강남구 대치1동,24932,12889,12043
강남구 대치2동,30955,18182,12773
강남구 대치4동,28760,15672,13088
강남구 도곡1동,15378,15053,325
강남구 도곡2동,6141,5137,1004
강남구 삼성1동,34317,21874,12443
강남구 삼성2동,13591,10987,2604
강남구 세곡동,13970,26891,-12921
강남구 수서동,22624,9239,13385
강남구 신사동,30220,12813,17407
강남구 압구정동,41313,21895,19418
강남구 역삼1동,71635,39055,32580
강남구 역삼2동,18562,16070,2492
강남구 일원1동,4677,7975,-3298
강남구 일원2동,2769,2488,281
강남구 일원본동,4947,11010,-6063
강남구 청담동,27212,20410,6802
강동구 강일동,5245,15437,-10192
강동구 고덕제1동,3864,6568,-2704
강동구 고덕제2동,6624,6571,53
강동구 길동,8068,9774,-1706
강동구 둔촌제1동,121,214,-93
강동구 둔촌제2동,8641,7598,1043
강동구 명일제1동,12396,10464,1932
강동구 명일제2동,9721,5988,3733
강동구 상일동,15960,13839,2121
강동구 성내제1동,7866,8501,-635
강동구 성내제2동,7818,7961,-143
강동구 성내제3동,9179,8645,534
강동구 암사제1동,4270,10229,-5959
강동구 암사제2동,2568,1993,575
강동구 암사제3동,724,927,-203
강동구 천호제1동,3425,7494,-4069
강동구 천호제2동,19806,12876,6930
강동구 천호제3동,7528,5619,1909
강북구 미아동,15449,11396,4053
강북구 번1동,38079,27103,10976
강북구 번2동,5295,11373,-6078
강북구 번3동,7930,17940,-10010
강북구 삼각산동,3996,8509,-4513
강북구 삼양동,8895,16715,-7820
강북구 송중동,59630,45808,13822
강북구 송천동,16407,18854,-2447
강북구 수유1동,8281,12491,-4210
강북구 수유2동,6652,11748,-5096
강북구 수유3동,32644,20637,12007
강북구 우이동,9918,10061,-143
강북구 월곡제1동,977,829,148
강북구 인수동,6916,15475,-8559
강서구 가양제1동,13999,8994,5005
강서구 가양제2동,1388,2643,-1255
강서구 가양제3동,1491,2891,-1400
강서구 공항동,9915,8235,1680
강서구 등촌제1동,12285,15981,-3696
강서구 등촌제2동,5262,10874,-5612
강서구 등촌제3동,18163,16706,1457
강서구 발산제1동,20081,16577,3504
강서구 방화제1동,7822,9675,-1853
강서구 방화제2동,7050,5498,1552
강서구 방화제3동,1086,1574,-488
강서구 염창동,6301,11126,-4825
강서구 우장산동,10544,13381,-2837
강서구 화곡본동,5304,9542,-4238
강서구 화곡제1동,27550,29385,-1835
강서구 화곡제2동,2701,7536,-4835
강서구 화곡제3동,9670,8202,1468
강서구 화곡제4동,4717,8466,-3749
강서구 화곡제6동,13793,16574,-2781
강서구 화곡제8동,14069,10082,3987
관악구 낙성대동,23706,29651,-5945
관악구 난곡동,5762,17420,-11658
관악구 난향동,3421,8638,-5217
관악구 남현동,10142,11485,-1343
관악구 대학동,24318,20693,3625
관악구 미성동,12605,21111,-8506
관악구 보라매동,11376,16110,-4734
관악구 삼성동,8149,23628,-15479
관악구 서림동,11592,19828,-8236
관악구 서원동,45347,28673,16674
관악구 성현동,5755,18815,-13060
관악구 신림동,49155,29254,19901
관악구 신사동,8446,13988,-5542
관악구 신원동,2434,4715,-2281
관악구 은천동,17657,17851,-194
관악구 인헌동,8290,10514,-2224
관악구 조원동,28472,19249,9223
관악구 중앙동,7377,5901,1476
관악구 청룡동,27233,12626,14607
관악구 청림동,1927,5920,-3993
관악구 행운동,36389,26454,9935
광진구 광장동,4754,5111,-357
광진구 구의제1동,9655,9976,-321
광진구 구의제2동,8031,13234,-5203
광진구 구의제3동,11439,6186,5253
광진구 군자동,9556,13806,-4250
광진구 능동,8702,10105,-1403
광진구 자양제1동,2732,3177,-445
광진구 자양제2동,11898,18537,-6639
광진구 자양제3동,4962,5438,-476
광진구 자양제4동,19024,17839,1185
광진구 중곡제1동,4491,6123,-1632
광진구 중곡제2동,6696,8435,-1739
광진구 중곡제3동,4926,7552,-2626
광진구 중곡제4동,3795,7612,-3817
광진구 화양동,17739,14316,3423
구로구 가리봉동,9358,7394,1964
구로구 개봉제1동,23381,25034,-1653
구로구 개봉제2동,17035,16086,949
구로구 개봉제3동,3409,8193,-4784
구로구 고척제1동,11230,17680,-6450
구로구 고척제2동,8027,16746,-8719
구로구 구로제1동,4627,8476,-3849
구로구 구로제2동,21309,26313,-5004
구로구 구로제3동,58325,20387,37938
구로구 구로제4동,15012,11316,3696
구로구 구로제5동,25557,16922,8635
구로구 수궁동,18345,17122,1223
구로구 신도림동,32199,17406,14793
구로구 오류제1동,8380,12097,-3717
구로구 오류제2동,8647,9309,-662
구로구 항동,1291,5911,-4620
금천구 가산동,50810,26660,24150
금천구 독산제1동,25539,37358,-11819
금천구 독산제2동,8222,15341,-7119
금천구 독산제3동,13484,19351,-5867
금천구 독산제4동,8563,7592,971
금천구 미성동,108,383,-275
금천구 시흥제1동,26097,31539,-5442
금천구 시흥제2동,5106,14245,-9139
금천구 시흥제3동,7983,8874,-891
금천구 시흥제4동,3436,7121,-3685
금천구 시흥제5동,10694,14574,-3880
노원구 공릉1동,14514,13412,1102
노원구 공릉2동,11975,15077,-3102
노원구 상계10동,11004,4071,6933
노원구 상계1동,10707,12370,-1663
노원구 상계2동,16695,9980,6715
노원구 상계3.4동,1651,4437,-2786
노원구 상계5동,8957,8640,317
노원구 상계6.7동,16940,10326,6614
노원구 상계8동,2636,4371,-1735
노원구 상계9동,4219,6910,-2691
노원구 월계1동,30953,19410,11543
노원구 월계2동,4828,10735,-5907
노원구 월계3동,8561,10133,-1572
노원구 중계1동,9232,9000,232
노원구 중계2.3동,12035,10878,1157
노원구 중계4동,7329,7373,-44
노원구 중계본동,11450,9447,2003
노원구 하계1동,12850,12223,627
노원구 하계2동,9071,7903,1168
도봉구 도봉제1동,7985,8548,-563
도봉구 도봉제2동,10462,11213,-751
도봉구 방학제1동,11124,15681,-4557
도봉구 방학제2동,2860,9560,-6700
도봉구 방학제3동,5109,10692,-5583
도봉구 쌍문제1동,5025,13654,-8629
도봉구 쌍문제2동,7231,10611,-3380
도봉구 쌍문제3동,7745,6311,1434
도봉구 쌍문제4동,4028,10343,-6315
도봉구 창제1동,29128,12014,17114
도봉구 창제2동,4609,11175,-6566
도봉구 창제3동,4824,10593,-5769
도봉구 창제4동,16469,13417,3052
도봉구 창제5동,12964,12702,262
동대문구 답십리제1동,10154,13988,-3834
동대문구 답십리제2동,11092,14196,-3104
동대문구 면목제5동,49,47,2
동대문구 용신동,38252,33872,4380
동대문구 이문제1동,7775,10381,-2606
동대문구 이문제2동,4074,4993,-919
동대문구 장안제1동,23365,20306,3059
동대문구 장안제2동,14274,19653,-5379
동대문구 전농제1동,11604,20094,-8490
동대문구 전농제2동,7967,11984,-4017
동대문구 제기동,19412,19494,-82
동대문구 청량리동,32957,21910,11047
동대문구 회기동,6050,6555,-505
동대문구 휘경제1동,17047,12482,4565
동대문구 휘경제2동,10578,13083,-2505
동작구 노량진제1동,50373,33288,17085
동작구 노량진제2동,24131,12390,11741
동작구 대방동,28883,34801,-5918
동작구 사당제1동,14644,15686,-1042
동작구 사당제2동,25023,19992,5031
동작구 사당제3동,3971,10726,-6755
동작구 사당제4동,902,1006,-104
동작구 사당제5동,4491,9562,-5071
동작구 상도제1동,33614,42322,-8708
동작구 상도제2동,14030,19274,-5244
동작구 상도제3동,9489,16019,-6530
동작구 상도제4동,4732,17785,-13053
동작구 신대방제1동,4414,5073,-659
동작구 신대방제2동,15222,18495,-3273
동작구 흑석동,20725,24003,-3278
마포구 공덕동,11760,15366,-3606
마포구 대흥동,19346,13949,5397
마포구 도화동,8497,7205,1292
마포구 망원제1동,8134,9753,-1619
마포구 망원제2동,5437,6823,-1386
마포구 상암동,33948,26408,7540
마포구 서강동,7175,8780,-1605
마포구 서교동,98160,46340,51820
마포구 성산제1동,7683,11843,-4160
마포구 성산제2동,12056,19894,-7838
마포구 신수동,2107,4726,-2619
마포구 아현동,15715,16566,-851
마포구 연남동,5329,5531,-202
마포구 염리동,3300,3890,-590
마포구 용강동,12069,10939,1130
마포구 합정동,13293,11786,1507
서대문구 남가좌제1동,6838,9279,-2441
서대문구 남가좌제2동,9966,19082,-9116
서대문구 북가좌제1동,3179,7495,-4316
서대문구 북가좌제2동,8978,16165,-7187
서대문구 북아현동,10219,13124,-2905
서대문구 신촌동,77302,40074,37228
서대문구 연희동,40132,46092,-5960
서대문구 천연동,14024,16052,-2028
서대문구 충현동,22410,25928,-3518
서대문구 홍은제1동,9387,17211,-7824
서대문구 홍은제2동,15251,27944,-12693
서대문구 홍제제1동,19180,14476,4704
서대문구 홍제제2동,11574,16784,-5210
서대문구 홍제제3동,10659,10364,295
서초구 내곡동,7447,9780,-2333
서초구 반포1동,18030,15257,2773
서초구 반포2동,9157,6449,2708
서초구 반포3동,25884,13870,12014
서초구 반포4동,23249,15440,7809
서초구 반포본동,8075,7323,752
서초구 방배1동,12374,10683,1691
서초구 방배2동,13600,13282,318
서초구 방배3동,7317,9248,-1931
서초구 방배4동,10558,12431,-1873
서초구 방배본동,7585,8741,-1156
서초구 서초1동,12100,10764,1336
서초구 서초2동,29672,24382,5290
서초구 서초3동,28417,20479,7938
서초구 서초4동,30049,20572,9477
서초구 양재1동,42509,42132,377
서초구 양재2동,22441,20172,2269
서초구 잠원동,12963,19554,-6591
성동구 금호1가동,3830,7745,-3915
성동구 금호2.3가동,9152,10277,-1125
성동구 금호4가동,5075,8140,-3065
성동구 마장동,6639,8382,-1743
성동구 사근동,7027,4496,2531
성동구 성수1가제1동,7064,4926,2138
성동구 성수1가제2동,5370,3263,2107
성동구 성수2가제1동,4925,5085,-160
성동구 성수2가제3동,7029,4102,2927
성동구 송정동,2101,3700,-1599
성동구 옥수동,11415,12113,-698
성동구 왕십리도선동,13177,8077,5100
성동구 왕십리제2동,6590,10966,-4376
성동구 용답동,8350,7751,599
성동구 응봉동,2406,8559,-6153
성동구 행당제1동,18050,9042,9008
성동구 행당제2동,8339,10307,-1968
성북구 길음제1동,15899,19243,-3344
성북구 길음제2동,10013,13021,-3008
성북구 돈암제1동,18601,15529,3072
성북구 돈암제2동,2250,9122,-6872
성북구 동선동,35484,21597,13887
성북구 보문동,6736,9066,-2330
성북구 삼선동,32112,28823,3289
성북구 석관동,7238,11047,-3809
성북구 성북동,18118,16497,1621
성북구 안암동,10122,10448,-326
성북구 월곡제1동,13505,15814,-2309
성북구 월곡제2동,9167,7593,1574
성북구 장위제1동,5166,15668,-10502
성북구 장위제2동,8018,9707,-1689
성북구 장위제3동,3687,6841,-3154
성북구 정릉제1동,8860,14499,-5639
성북구 정릉제2동,9549,23262,-13713
성북구 정릉제3동,5427,7601,-2174
성북구 정릉제4동,10572,17958,-7386
성북구 종암동,19354,26500,-7146
송파구 가락1동,2940,3763,-823
송파구 가락2동,10014,13830,-3816
송파구 가락본동,14801,14526,275
송파구 거여1동,2868,3922,-1054
송파구 거여2동,943,1053,-110
송파구 마천1동,2139,4394,-2255
송파구 마천2동,5162,10858,-5696
송파구 문정1동,3521,5841,-2320
송파구 문정2동,21537,17203,4334
송파구 방이1동,5382,6256,-874
송파구 방이2동,14521,11418,3103
송파구 삼전동,8457,15142,-6685
송파구 석촌동,17896,22258,-4362
송파구 송파1동,12335,12163,172
송파구 송파2동,4091,4351,-260
송파구 오금동,11908,14619,-2711
송파구 오륜동,6656,5882,774
송파구 위례동,7671,11966,-4295
송파구 잠실2동,3500,4643,-1143
송파구 잠실3동,44169,18413,25756
송파구 잠실4동,507,817,-310
송파구 잠실6동,19137,7994,11143
송파구 잠실7동,7678,4302,3376
송파구 잠실본동,20981,19664,1317
송파구 장지동,7739,8035,-296
송파구 풍납1동,4871,4028,843
송파구 풍납2동,6396,9937,-3541
양천구 목1동,43305,17501,25804
양천구 목2동,20239,23528,-3289
양천구 목3동,12762,16182,-3420
양천구 목4동,7832,18794,-10962
양천구 목5동,16890,17084,-194
양천구 신월1동,3068,3980,-912
양천구 신월2동,3349,9046,-5697
양천구 신월3동,4105,6496,-2391
양천구 신월4동,4451,11456,-7005
양천구 신월5동,3315,8518,-5203
양천구 신월6동,3408,4787,-1379
양천구 신월7동,5963,14145,-8182
양천구 신정1동,7540,7327,213
양천구 신정2동,3976,4456,-480
양천구 신정3동,17034,26135,-9101
양천구 신정4동,28194,15505,12689
양천구 신정6동,4721,4477,244
양천구 신정7동,5779,8963,-3184
영등포구 당산제1동,11644,7826,3818
영등포구 당산제2동,30464,18151,12313
영등포구 대림제1동,5210,9965,-4755
영등포구 대림제2동,4623,4428,195
영등포구 대림제3동,7269,11297,-4028
영등포구 도림동,4190,12741,-8551
영등포구 문래동,16245,13365,2880
영등포구 신길제1동,4384,8358,-3974
영등포구 신길제3동,5505,12361,-6856
영등포구 신길제4동,2087,4709,-2622
영등포구 신길제5동,7377,7626,-249
영등포구 신길제6동,7119,13414,-6295
영등포구 신길제7동,6726,12505,-5779
영등포구 양평제1동,6472,6702,-230
영등포구 양평제2동,11121,10625,496
영등포구 여의동,82894,34823,48071
영등포구 영등포동,59633,34567,25066
영등포구 영등포본동,16558,13764,2794
용산구 남영동,28140,23172,4968
용산구 보광동,4324,7172,-2848
용산구 서빙고동,6570,9616,-3046
용산구 용문동,2403,3700,-1297
용산구 용산2가동,8429,12174,-3745
용산구 원효로제1동,7537,10538,-3001
용산구 원효로제2동,4465,8598,-4133
용산구 이촌제1동,11344,8926,2418
용산구 이촌제2동,1443,3915,-2472
용산구 이태원제1동,10866,11221,-355
용산구 이태원제2동,5508,7033,-1525
용산구 청파동,8733,13071,-4338
용산구 필동,4722,378,4344
용산구 한강로동,41210,25119,16091
용산구 한남동,41281,31840,9441
용산구 효창동,3656,8000,-4344
용산구 후암동,5983,10135,-4152
은평구 갈현제1동,4520,11726,-7206
은평구 갈현제2동,15455,14270,1185
은평구 구산동,6617,11003,-4386
은평구 녹번동,22556,18832,3724
은평구 대조동,27447,21999,5448
은평구 불광제1동,24667,18537,6130
은평구 불광제2동,11469,17059,-5590
은평구 수색동,4671,8283,-3612
은평구 신사제1동,11477,16319,-4842
은평구 신사제2동,11386,13007,-1621
은평구 역촌동,15124,17809,-2685
은평구 응암제1동,13045,18748,-5703
은평구 응암제2동,3386,9528,-6142
은평구 응암제3동,7849,13146,-5297
은평구 증산동,15586,12648,2938
은평구 진관동,23280,26803,-3523
종로구 가회동,1156,1883,-727
종로구 교남동,6585,5619,966
종로구 무악동,3667,5029,-1362
종로구 부암동,8243,11744,-3501
종로구 사직동,45366,19911,25455
종로구 삼청동,5759,2479,3280
종로구 숭인제1동,719,2063,-1344
종로구 숭인제2동,7805,7459,346
종로구 이화동,19406,11395,8011
종로구 종로1.2.3.4가동,126415,35181,91234
종로구 종로5.6가동,15618,7810,7808
종로구 창신제1동,14223,9331,4892
종로구 창신제2동,2878,4319,-1441
종로구 창신제3동,2418,4209,-1791
종로구 청운효자동,6656,7396,-740
종로구 충현동,2078,1561,517
종로구 평창동,9010,12566,-3556
종로구 혜화동,30593,17354,13239
중구 광희동,19401,11212,8189
중구 다산동,4113,6073,-1960
중구 동화동,1227,1500,-273
중구 명동,37094,14086,23008
중구 소공동,45093,14164,30929
중구 신당동,4296,4690,-394
중구 신당제5동,10690,6555,4135
중구 약수동,4895,5325,-430
중구 을지로동,6734,2326,4408
중구 장충동,4558,3630,928
중구 중림동,7900,5109,2791
중구 청구동,4549,4627,-78
중구 필동,4871,4213,658
중구 황학동,4759,4532,227
중구 회현동,39692,27073,12619
중랑구 망우본동,14482,16467,-1985
중랑구 망우제3동,3060,6931,-3871
중랑구 면목본동,18290,16285,2005
중랑구 면목제2동,3702,7320,-3618
중랑구 면목제3.8동,13870,15223,-1353
중랑구 면목제4동,5429,7985,-2556
중랑구 면목제5동,4106,6844,-2738
중랑구 면목제7동,3441,6270,-2829
중랑구 묵제1동,9348,11160,-1812
중랑구 묵제2동,2415,3210,-795
중랑구 상봉제1동,7784,8146,-362
중랑구 상봉제2동,21819,17536,4283
중랑구 신내1동,9782,21663,-11881
중랑구 신내2동,14722,11440,3282
중랑구 중화제1동,4326,8135,-3809
중랑구 중화제2동,13726,12522,1204
NA,293922,385592,-91670
