ID,insum,outsum,diff
100000001,273,510,-237
100000002,0,10,-10
100000003,35,34,1
100000004,218,74,144
100000005,15,46,-31
100000006,0,0,0
100000007,0,1,-1
100000008,0,1,-1
100000009,0,0,0
100000010,0,0,0
100000011,0,0,0
100000012,0,2,-2
100000013,0,0,0
100000014,1,0,1
100000015,0,0,0
100000016,0,5,-5
100000017,0,5,-5
100000018,3,0,3
100000019,6,3,3
100000020,2,0,2
100000021,13,9,4
100000022,0,0,0
100000023,2,0,2
100000025,198,291,-93
100000028,127,165,-38
100000029,1,0,1
100000030,0,0,0
100000031,134,133,1
100000032,106,75,31
100000033,15,82,-67
100000034,515,421,94
100000035,0,0,0
100000036,0,0,0
100000037,1,0,1
100000038,1,0,1
100000039,0,0,0
100000040,1,0,1
100000041,1,0,1
100000042,2,1,1
100000043,0,0,0
100000044,0,0,0
100000045,1,3,-2
100000046,1,3,-2
100000047,0,2,-2
100000048,4,3,1
100000049,5,10,-5
100000051,0,4,-4
100000053,0,0,0
100000054,0,0,0
100000055,2,0,2
100000056,0,0,0
100000057,0,1,-1
100000058,0,4,-4
100000059,0,0,0
100000060,0,0,0
100000061,0,0,0
100000062,0,0,0
100000063,0,0,0
100000064,0,0,0
100000065,6,15,-9
100000066,1,5,-4
100000067,1,6,-5
100000068,5,7,-2
100000069,0,4,-4
100000072,0,0,0
100000073,9,21,-12
100000075,0,0,0
100000076,0,0,0
100000077,0,0,0
100000078,0,1,-1
100000079,0,0,0
100000080,0,0,0
100000081,0,0,0
100000102,0,0,0
100000103,3,3,0
100000104,1,1,0
100000105,8,7,1
100000106,3,1,2
100000107,0,0,0
100000108,39,68,-29
100000109,256,169,87
100000116,0,0,0
100000117,0,0,0
100000118,221,668,-447
100000119,12,103,-91
100000121,36,30,6
100000122,1,24,-23
100000123,128,119,9
100000124,737,401,336
100000125,88,20,68
100000126,5,20,-15
100000127,0,0,0
100000128,0,3,-3
100000129,7,36,-29
100000130,0,0,0
100000131,13,5,8
100000132,176,142,34
100000133,1288,409,879
100000135,0,0,0
100000139,0,0,0
100000140,7,47,-40
100000142,0,1,-1
100000143,20,54,-34
100000144,28,14,14
100000147,74,240,-166
100000150,0,0,0
100000151,0,0,0
100000153,0,0,0
100000154,7,141,-134
100000155,0,0,0
100000156,0,0,0
100000157,0,0,0
100000158,0,0,0
100000159,0,0,0
100000165,129,46,83
100000169,0,0,0
100000174,1,0,1
100000179,8,14,-6
100000180,0,2,-2
100000181,0,0,0
100000188,0,0,0
100000189,1,0,1
100000190,87,109,-22
100000191,0,1,-1
100000192,0,0,0
100000193,0,0,0
100000330,0,0,0
100000355,2,1,1
100000362,346,285,61
100000363,70,88,-18
100000364,0,0,0
100000365,724,604,120
100000366,773,680,93
100000367,531,825,-294
100000368,232,327,-95
100000369,0,4,-4
100000370,0,0,0
100000376,0,0,0
100000379,87,47,40
100000380,111,231,-120
100000384,856,325,531
100000385,492,345,147
100000386,508,525,-17
100000387,521,221,300
100000388,3252,1293,1959
100000389,2420,1078,1342
100000390,2184,481,1703
100000391,1023,514,509
100000392,472,214,258
100000393,146,142,4
100000394,511,489,22
100000395,242,74,168
100000396,560,698,-138
100000397,488,145,343
100000398,2426,1895,531
100000413,0,0,0
100900002,0,0,0
100900003,0,0,0
100900004,0,0,0
100900005,0,0,0
100900006,0,0,0
100900007,0,0,0
100900008,0,0,0
100900009,0,0,0
100900010,0,0,0
100900011,0,0,0
100900012,0,0,0
100900013,0,0,0
100900014,0,0,0
100900015,0,0,0
100900016,0,0,0
100900017,0,0,0
100900018,0,0,0
100900019,0,0,0
100900020,0,0,0
100900021,0,0,0
100900022,0,0,0
100900023,0,0,0
100900024,0,0,0
100900025,0,0,0
100900026,0,0,0
100900027,0,0,0
100900028,0,0,0
100900029,0,0,0
100900030,0,0,0
100900031,0,0,0
100900032,0,0,0
100900033,0,0,0
100900034,0,0,0
100900035,0,0,0
100900036,0,0,0
100900037,0,0,0
100900038,0,0,0
100900039,0,0,0
100900040,0,0,0
100900041,0,0,0
100900042,0,0,0
100900043,0,0,0
100900044,0,0,0
100900045,0,0,0
100900046,0,0,0
100900047,0,0,0
100900048,0,0,0
100900049,0,0,0
100900050,0,0,0
100900051,0,0,0
100900052,0,0,0
100900053,0,0,0
100900054,0,0,0
100900055,0,0,0
100900056,0,0,0
100900057,0,0,0
100900058,0,0,0
100900059,0,0,0
100900060,0,0,0
100900061,0,0,0
100900062,0,0,0
100900063,0,0,0
100900064,0,0,0
100900065,0,0,0
100900066,0,0,0
100900067,0,0,0
100900068,0,0,0
100900069,0,0,0
100900070,0,0,0
100900071,0,0,0
100900072,0,0,0
100900073,0,0,0
100900074,0,0,0
100900075,0,0,0
100900076,0,0,0
100900077,0,0,0
100900078,0,0,0
100900079,0,0,0
100900080,0,0,0
100900081,0,0,0
100900082,0,0,0
100900083,0,0,0
100900085,0,0,0
100900086,0,0,0
100900088,0,0,0
100900089,0,0,0
100900090,0,0,0
100900091,0,0,0
100900092,0,0,0
100900093,0,0,0
100900094,0,0,0
100900095,0,0,0
100900096,0,0,0
100900097,0,0,0
100900098,0,0,0
100900099,0,0,0
100900100,0,0,0
100900101,0,0,0
100900102,0,0,0
100900103,0,0,0
100900104,0,0,0
100900105,0,0,0
100900106,0,0,0
100900107,0,0,0
100900108,0,0,0
100900109,0,0,0
100900110,0,0,0
100900111,0,0,0
100900112,0,0,0
100900113,0,0,0
100900114,0,0,0
100900115,0,0,0
100900116,0,0,0
100900117,0,0,0
100900118,0,0,0
100900119,0,0,0
100900120,0,0,0
100900121,0,0,0
100900122,0,0,0
100900123,0,0,0
100900124,0,0,0
100900125,0,0,0
100900126,0,0,0
100900127,0,0,0
100900128,0,0,0
100900129,0,0,0
100900131,0,0,0
100900133,0,0,0
100900134,0,0,0
100900135,0,0,0
100900137,0,0,0
100900138,0,0,0
100900139,0,0,0
100900140,0,0,0
100900141,0,0,0
100900142,0,0,0
100900143,0,0,0
100900144,0,0,0
100900145,0,0,0
100900146,0,0,0
100900147,0,0,0
100900148,0,0,0
100900149,0,0,0
100900150,0,0,0
100900151,0,0,0
100900152,0,0,0
100900153,0,0,0
100900154,0,0,0
100900155,0,0,0
100900156,0,0,0
100900157,0,0,0
100900159,0,0,0
100900160,0,0,0
100900161,0,0,0
100900162,0,0,0
100900163,0,0,0
100900164,0,0,0
100900165,0,0,0
100900166,0,0,0
100900167,0,0,0
100900168,0,0,0
100900169,0,0,0
100900170,0,0,0
100900171,0,0,0
100900172,0,0,0
100900173,0,0,0
100900174,0,0,0
100900176,0,0,0
100900177,0,0,0
100900178,0,0,0
100900179,0,0,0
100900180,0,0,0
100900181,0,0,0
100900182,0,0,0
100900184,0,0,0
100900186,0,0,0
100900187,0,0,0
100900188,0,0,0
100900189,0,0,0
100900191,0,0,0
100900192,0,0,0
100900195,0,0,0
100900197,0,0,0
100900198,0,0,0
100900199,0,0,0
100900200,0,0,0
100900201,0,0,0
100900202,0,0,0
100900203,0,0,0
100900204,0,0,0
100900205,0,0,0
100900206,0,0,0
100900207,0,0,0
100900210,0,0,0
100900211,0,0,0
100900213,0,0,0
100900214,0,0,0
100900215,0,0,0
100900217,0,0,0
101000001,181,114,67
101000002,246,290,-44
101000003,21,3,18
101000004,1206,161,1045
101000005,802,354,448
101000006,406,250,156
101000007,300,338,-38
101000008,498,216,282
101000009,34,86,-52
101000010,39,76,-37
101000011,145,19,126
101000012,0,0,0
101000013,160,43,117
101000014,37,17,20
101000015,55,61,-6
101000016,1,0,1
101000017,9,0,9
101000018,71,62,9
101000020,192,42,150
101000021,88,37,51
101000022,355,149,206
101000023,409,211,198
101000025,0,0,0
101000026,1,0,1
101000027,384,223,161
101000028,79,3,76
101000029,4,21,-17
101000030,71,9,62
101000031,0,0,0
101000032,137,234,-97
101000033,271,418,-147
101000034,447,186,261
101000035,79,17,62
101000036,40,39,1
101000037,128,55,73
101000039,56,71,-15
101000040,275,224,51
101000041,363,95,268
101000042,6,55,-49
101000043,349,68,281
101000045,0,0,0
101000046,175,165,10
101000047,183,32,151
101000048,2,2,0
101000049,0,2,-2
101000050,176,51,125
101000051,155,150,5
101000052,126,74,52
101000053,156,74,82
101000054,123,48,75
101000055,73,75,-2
101000056,0,0,0
101000057,191,23,168
101000058,114,21,93
101000059,13,48,-35
101000060,127,29,98
101000061,19,16,3
101000062,164,25,139
101000063,12,20,-8
101000064,83,15,68
101000065,0,0,0
101000066,1,17,-16
101000067,41,35,6
101000068,0,0,0
101000069,0,0,0
101000070,228,144,84
101000071,284,65,219
101000072,346,541,-195
101000073,10,6,4
101000074,1589,735,854
101000075,2837,984,1853
101000077,255,148,107
101000078,93,118,-25
101000079,98,151,-53
101000080,71,41,30
101000081,81,45,36
101000082,93,84,9
101000083,43,40,3
101000084,44,84,-40
101000085,1,1,0
101000086,39,14,25
101000087,6,6,0
101000088,0,0,0
101000089,0,1,-1
101000090,13,5,8
101000091,0,1,-1
101000092,0,0,0
101000093,264,115,149
101000094,51,105,-54
101000095,12,72,-60
101000096,31,20,11
101000097,16,29,-13
101000098,15,52,-37
101000099,34,68,-34
101000100,27,29,-2
101000101,33,58,-25
101000102,12,32,-20
101000103,26,42,-16
101000104,15,36,-21
101000105,0,0,0
101000106,0,0,0
101000107,0,0,0
101000108,0,0,0
101000109,0,0,0
101000110,0,0,0
101000111,0,10,-10
101000113,1,0,1
101000114,313,55,258
101000115,0,0,0
101000116,0,0,0
101000117,0,0,0
101000119,0,0,0
101000120,0,0,0
101000121,0,0,0
101000122,0,0,0
101000123,0,0,0
101000124,0,0,0
101000125,1,2,-1
101000128,173,173,0
101000130,96,65,31
101000131,46,25,21
101000132,19,62,-43
101000135,0,0,0
101000136,0,0,0
101000137,0,0,0
101000141,180,78,102
101000147,86,71,15
101000148,1,0,1
101000149,0,0,0
101000150,0,0,0
101000151,0,0,0
101000152,0,0,0
101000153,0,0,0
101000154,0,0,0
101000155,0,2,-2
101000156,1,1,0
101000157,0,0,0
101000160,0,0,0
101000163,0,0,0
101000164,0,3,-3
101000165,1,0,1
101000166,0,1,-1
101000168,0,0,0
101000252,0,1,-1
101000254,187,49,138
101000258,0,0,0
101000261,0,0,0
101000262,38,77,-39
101000263,1,2,-1
101000265,1,20,-19
101000266,27,13,14
101000269,87,17,70
101000290,350,37,313
101000293,0,0,0
101000294,195,61,134
101000295,13,65,-52
101000301,66,33,33
101000304,118,232,-114
101000305,154,95,59
101000328,0,0,0
101900001,0,0,0
101900002,0,0,0
101900003,0,0,0
101900004,0,0,0
101900005,0,0,0
101900006,0,0,0
101900007,0,0,0
101900008,0,0,0
101900009,0,0,0
101900010,0,0,0
101900011,0,0,0
101900012,0,0,0
101900013,0,0,0
101900017,0,0,0
101900018,0,0,0
101900019,0,0,0
101900020,0,0,0
101900021,0,0,0
101900022,0,0,0
101900023,0,0,0
101900026,0,0,0
101900027,0,0,0
102000001,70,43,27
102000002,50,33,17
102000003,444,108,336
102000004,341,85,256
102000005,110,77,33
102000006,121,116,5
102000007,96,94,2
102000008,163,151,12
102000009,239,223,16
102000010,381,336,45
102000011,321,141,180
102000012,291,192,99
102000018,6,3,3
102000019,0,1,-1
102000026,0,0,0
102000029,1,0,1
102000030,7,3,4
102000031,0,0,0
102000032,1,1,0
102000033,0,0,0
102000034,4,1,3
102000035,0,0,0
102000036,0,0,0
102000037,0,0,0
102000038,0,1,-1
102000039,0,0,0
102000040,0,0,0
102000041,0,0,0
102000042,0,0,0
102000043,0,0,0
102000044,0,0,0
102000045,2,2,0
102000046,2,0,2
102000047,0,5,-5
102000048,0,1,-1
102000049,3,0,3
102000050,0,5,-5
102000051,2,3,-1
102000052,0,6,-6
102000053,2,1,1
102000054,0,0,0
102000055,6,3,3
102000056,1,13,-12
102000057,2,2,0
102000058,7,1,6
102000059,9,4,5
102000060,4,6,-2
102000061,1,8,-7
102000062,0,5,-5
102000063,4,17,-13
102000064,5,42,-37
102000065,1,8,-7
102000066,99,56,43
102000067,116,235,-119
102000068,237,98,139
102000069,0,2,-2
102000070,4,3,1
102000071,373,715,-342
102000072,304,752,-448
102000073,2,23,-21
102000074,12,28,-16
102000075,0,12,-12
102000076,5,36,-31
102000077,4,77,-73
102000078,27,117,-90
102000079,1,16,-15
102000080,6,31,-25
102000081,11,61,-50
102000082,38,88,-50
102000083,0,0,0
102000084,0,0,0
102000085,0,0,0
102000086,0,0,0
102000087,0,1,-1
102000088,1,0,1
102000089,0,0,0
102000090,0,0,0
102000091,2,1,1
102000092,0,0,0
102000093,0,1,-1
102000094,0,0,0
102000095,2,7,-5
102000096,0,0,0
102000097,14,18,-4
102000098,0,0,0
102000099,36,12,24
102000100,0,0,0
102000101,6,0,6
102000102,0,0,0
102000103,0,1,-1
102000104,1,4,-3
102000105,0,0,0
102000106,0,2,-2
102000107,1,0,1
102000108,0,0,0
102000109,1,5,-4
102000110,0,3,-3
102000111,0,0,0
102000112,0,0,0
102000113,0,0,0
102000114,3,1,2
102000115,0,0,0
102000116,0,0,0
102000117,0,0,0
102000118,0,0,0
102000119,4,1,3
102000120,0,0,0
102000121,0,1,-1
102000122,1,5,-4
102000123,1,1,0
102000124,1,4,-3
102000125,2,0,2
102000126,1,5,-4
102000127,3,0,3
102000128,0,1,-1
102000129,0,0,0
102000130,0,5,-5
102000131,0,0,0
102000132,0,1,-1
102000133,41,62,-21
102000134,30,19,11
102000135,0,0,0
102000136,1,3,-2
102000137,0,0,0
102000138,0,0,0
102000139,0,0,0
102000140,0,0,0
102000141,0,0,0
102000142,0,0,0
102000143,0,0,0
102000144,0,2,-2
102000145,0,0,0
102000146,2,1,1
102000147,0,0,0
102000148,0,0,0
102000149,0,3,-3
102000150,1,0,1
102000151,0,5,-5
102000152,0,1,-1
102000153,1,0,1
102000154,0,1,-1
102000155,1,2,-1
102000156,1,0,1
102000157,0,0,0
102000158,0,0,0
102000159,3,0,3
102000161,198,184,14
102000162,16,32,-16
102000163,0,0,0
102000164,2,1,1
102000165,29,31,-2
102000166,6,13,-7
102000167,16,58,-42
102000168,13,6,7
102000169,17,52,-35
102000170,39,65,-26
102000171,9,8,1
102000172,4,11,-7
102000173,7,4,3
102000174,0,0,0
102000175,0,0,0
102000176,0,0,0
102000178,0,5,-5
102000179,0,0,0
102000180,0,0,0
102000181,0,0,0
102000182,0,0,0
102000183,6,49,-43
102000184,7,16,-9
102000185,8,17,-9
102000186,1,16,-15
102000187,1,15,-14
102000188,5,29,-24
102000189,19,3,16
102000190,59,64,-5
102000191,8,1,7
102000192,8,16,-8
102000193,0,0,0
102000194,0,0,0
102000195,0,0,0
102000196,3,0,3
102000197,0,0,0
102000198,0,1,-1
102000199,0,0,0
102000200,0,1,-1
102000201,1,0,1
102000202,0,0,0
102000203,0,1,-1
102000204,0,4,-4
102000205,2,0,2
102000206,1,6,-5
102000207,0,0,0
102000208,2,2,0
102000209,0,0,0
102000210,0,0,0
102000211,0,1,-1
102000212,0,0,0
102000213,0,0,0
102000214,0,0,0
102000215,0,1,-1
102000216,0,0,0
102000217,0,1,-1
102000218,0,0,0
102000219,2,0,2
102000225,48,21,27
102000226,0,0,0
102000227,0,0,0
102000228,0,1,-1
102000229,0,0,0
102000230,1,4,-3
102000231,0,0,0
102000232,0,0,0
102000233,6,5,1
102000234,0,0,0
102000236,0,0,0
102000237,0,4,-4
102000238,0,0,0
102000240,11,28,-17
102000241,2,0,2
102000243,0,0,0
102000245,0,0,0
102000246,0,0,0
102000247,4,78,-74
102000248,4,8,-4
102000249,2,13,-11
102000250,1,33,-32
102000254,0,0,0
102000266,0,0,0
102000271,0,0,0
102000286,0,0,0
102000297,1,1,0
102000299,0,0,0
102000301,0,0,0
102000305,0,0,0
102000307,0,0,0
102900001,0,0,0
102900002,0,0,0
102900003,0,0,0
102900005,0,0,0
102900006,0,0,0
102900007,0,0,0
102900008,0,0,0
102900009,0,0,0
102900010,0,0,0
102900011,0,0,0
102900012,0,0,0
102900013,0,0,0
102900015,0,0,0
102900016,0,0,0
102900017,0,0,0
102900018,0,0,0
102900019,0,0,0
102900020,0,0,0
102900021,0,0,0
102900022,0,0,0
102900023,0,0,0
102900024,0,0,0
102900025,0,0,0
102900026,0,0,0
102900027,0,0,0
102900028,0,0,0
102900029,0,0,0
102900030,0,0,0
102900031,0,0,0
102900032,0,0,0
102900033,0,0,0
102900034,0,0,0
102900035,0,0,0
102900036,0,0,0
102900037,0,0,0
102900038,0,0,0
102900039,0,0,0
102900040,0,0,0
102900041,0,0,0
102900042,0,0,0
102900043,0,0,0
102900044,0,0,0
102900045,0,0,0
102900046,0,0,0
102900047,0,0,0
102900048,0,0,0
102900049,0,0,0
102900050,0,0,0
102900051,0,0,0
102900052,0,0,0
102900053,0,0,0
102900054,0,0,0
102900055,0,0,0
102900056,0,0,0
102900057,0,0,0
102900058,0,0,0
102900059,0,0,0
102900060,0,0,0
102900061,0,0,0
102900062,0,0,0
102900063,0,0,0
102900064,0,0,0
102900065,0,0,0
102900066,0,0,0
102900068,0,0,0
102900070,0,0,0
102900072,0,0,0
102900073,0,0,0
102900075,0,0,0
102900076,0,0,0
102900077,0,0,0
102900078,0,0,0
102900079,0,0,0
102900080,0,0,0
102900081,0,0,0
102900082,0,0,0
102900083,0,0,0
102900084,0,0,0
102900085,0,0,0
102900086,0,0,0
102900087,0,0,0
102900088,0,0,0
102900089,0,0,0
102900090,0,0,0
102900091,0,0,0
102900092,0,0,0
102900093,0,0,0
102900094,0,0,0
102900095,0,0,0
102900096,0,0,0
102900097,0,0,0
102900098,0,0,0
103000001,194,246,-52
103000002,57,172,-115
103000003,213,226,-13
103000004,36,151,-115
103000005,72,23,49
103000006,96,23,73
103000007,0,0,0
103000008,1,17,-16
103000009,0,0,0
103000010,0,0,0
103000011,118,149,-31
103000012,150,32,118
103000013,8,2,6
103000014,0,3,-3
103000015,20,5,15
103000016,0,0,0
103000017,0,0,0
103000018,0,1,-1
103000019,0,1,-1
103000020,0,4,-4
103000021,1,0,1
103000022,0,1,-1
103000023,1,1,0
103000024,1,0,1
103000025,0,0,0
103000026,0,0,0
103000027,0,0,0
103000028,5,0,5
103000029,0,0,0
103000030,65,41,24
103000031,22,25,-3
103000032,1,3,-2
103000033,2,6,-4
103000034,113,119,-6
103000035,117,27,90
103000036,0,3,-3
103000037,94,62,32
103000038,88,31,57
103000039,0,3,-3
103000040,0,0,0
103000041,1,4,-3
103000042,0,1,-1
103000043,0,0,0
103000044,0,0,0
103000046,0,0,0
103000047,0,0,0
103000048,0,0,0
103000049,0,0,0
103000050,0,0,0
103000051,0,0,0
103000052,0,0,0
103000053,0,0,0
103000054,0,2,-2
103000055,0,0,0
103000056,3,2,1
103000057,0,0,0
103000058,0,0,0
103000059,0,0,0
103000060,3,1,2
103000061,0,0,0
103000062,1,1,0
103000063,0,0,0
103000064,1,2,-1
103000065,0,0,0
103000066,0,0,0
103000069,0,0,0
103000070,2,3,-1
103000071,0,0,0
103000072,0,1,-1
103000073,0,0,0
103000074,0,0,0
103000075,0,1,-1
103000076,0,0,0
103000077,0,0,0
103000078,1,2,-1
103000079,4,0,4
103000080,1,0,1
103000081,0,0,0
103000082,0,0,0
103000083,0,1,-1
103000084,0,0,0
103000085,0,0,0
103000086,9,12,-3
103000087,2,44,-42
103000088,0,0,0
103000089,0,0,0
103000090,87,55,32
103000091,34,27,7
103000092,2,0,2
103000093,2,1,1
103000094,0,0,0
103000095,0,2,-2
103000096,1,0,1
103000097,0,1,-1
103000098,0,0,0
103000099,0,0,0
103000100,0,1,-1
103000101,0,0,0
103000102,0,3,-3
103000103,0,0,0
103000104,0,0,0
103000105,0,3,-3
103000106,0,0,0
103000107,1,0,1
103000108,0,0,0
103000109,0,0,0
103000110,112,65,47
103000111,0,0,0
103000112,0,0,0
103000113,0,0,0
103000114,0,0,0
103000115,0,0,0
103000116,2,1,1
103000117,0,0,0
103000118,0,3,-3
103000119,0,0,0
103000120,0,0,0
103000121,0,3,-3
103000122,0,2,-2
103000125,0,0,0
103000126,0,0,0
103000127,0,0,0
103000128,0,0,0
103000129,0,0,0
103000130,0,0,0
103000131,0,0,0
103000132,0,0,0
103000133,0,0,0
103000134,34,81,-47
103000135,19,13,6
103000136,44,93,-49
103000137,36,38,-2
103000138,92,42,50
103000139,0,0,0
103000140,0,0,0
103000141,0,1,-1
103000142,0,0,0
103000143,0,0,0
103000144,0,0,0
103000145,0,0,0
103000150,0,0,0
103000152,0,0,0
103000153,0,0,0
103000156,0,0,0
103000157,0,0,0
103000159,0,0,0
103000162,2,0,2
103000163,0,0,0
103000164,0,0,0
103000165,0,1,-1
103000166,0,0,0
103000167,0,0,0
103000168,0,0,0
103000169,0,0,0
103000170,0,2,-2
103000171,0,0,0
103000172,0,0,0
103000173,0,3,-3
103000174,0,0,0
103000175,1,3,-2
103000176,0,0,0
103000177,0,2,-2
103000178,0,0,0
103000179,0,0,0
103000183,0,0,0
103000185,0,0,0
103000186,0,0,0
103000187,0,0,0
103000188,0,0,0
103000189,0,1,-1
103000191,0,0,0
103000292,0,0,0
103000293,0,0,0
103000295,0,0,0
103000296,0,0,0
103000297,0,0,0
103000504,0,0,0
103000505,0,0,0
103000506,0,0,0
103000507,0,0,0
103000508,0,0,0
103000509,0,5,-5
103900001,0,0,0
103900002,0,0,0
103900003,0,0,0
103900004,0,0,0
103900005,0,0,0
103900006,0,0,0
103900007,0,0,0
103900008,0,0,0
103900009,0,0,0
103900010,0,0,0
103900011,0,0,0
103900012,0,0,0
103900013,0,0,0
103900014,0,0,0
103900015,0,0,0
103900016,0,0,0
103900017,0,0,0
103900018,0,0,0
103900019,0,0,0
103900020,0,0,0
103900021,0,0,0
103900022,0,0,0
103900023,0,0,0
103900024,0,0,0
103900025,0,0,0
103900026,0,0,0
103900027,0,0,0
103900028,0,0,0
103900029,0,0,0
103900030,0,0,0
103900031,0,0,0
103900032,0,0,0
103900033,0,0,0
103900034,0,0,0
103900035,0,0,0
103900036,0,0,0
103900037,0,0,0
103900038,0,0,0
103900039,0,0,0
103900040,0,0,0
103900041,0,0,0
103900042,0,0,0
103900043,0,0,0
103900044,0,0,0
103900045,0,0,0
103900047,0,0,0
103900048,0,0,0
103900049,0,0,0
103900050,0,0,0
103900051,0,0,0
103900052,0,0,0
103900053,0,0,0
103900054,0,0,0
103900055,0,0,0
103900056,0,0,0
103900057,0,0,0
103900058,0,0,0
103900059,0,0,0
103900060,0,0,0
103900061,0,0,0
103900062,0,0,0
103900063,0,0,0
103900064,0,0,0
103900065,0,0,0
103900066,0,0,0
103900067,0,0,0
103900068,0,0,0
103900069,0,0,0
103900070,0,0,0
103900071,0,0,0
103900072,0,0,0
103900073,0,0,0
103900074,0,0,0
103900075,0,0,0
103900076,0,0,0
103900077,0,0,0
103900078,0,0,0
103900079,0,0,0
103900080,0,0,0
103900081,0,0,0
103900082,0,0,0
103900083,0,0,0
103900084,0,0,0
103900085,0,0,0
103900086,0,0,0
103900088,0,0,0
103900089,0,0,0
103900090,0,0,0
103900091,0,0,0
103900092,0,0,0
103900093,0,0,0
103900094,0,0,0
103900095,0,0,0
103900096,0,0,0
103900097,0,0,0
103900098,0,0,0
103900099,0,0,0
103900100,0,0,0
103900101,0,0,0
103900102,0,0,0
103900104,0,0,0
103900105,0,0,0
103900106,0,0,0
103900107,0,0,0
103900108,0,1,-1
103900109,0,0,0
103900110,0,0,0
103900111,0,0,0
103900112,0,0,0
103900113,0,0,0
103900114,0,0,0
103900115,0,0,0
103900116,0,0,0
103900117,0,0,0
103900119,0,0,0
103900120,0,0,0
103900122,0,0,0
103900123,0,0,0
103900124,0,0,0
103900125,0,0,0
103900126,0,0,0
103900127,0,0,0
103900128,0,0,0
103900131,0,0,0
103900133,0,0,0
103900134,0,0,0
103900135,0,0,0
103900137,0,0,0
103900138,0,0,0
103900139,0,0,0
103900140,0,0,0
103900141,0,0,0
103900142,0,0,0
103900143,0,0,0
103900144,0,0,0
103900145,0,0,0
103900146,0,0,0
103900147,0,0,0
103900148,0,0,0
103900149,0,0,0
103900150,0,0,0
103900151,0,0,0
103900152,0,0,0
103900153,0,0,0
103900154,0,0,0
103900155,0,0,0
103900156,0,0,0
103900157,0,0,0
103900158,0,0,0
103900159,0,0,0
103900160,0,0,0
103900161,0,0,0
103900162,0,0,0
103900163,0,0,0
103900167,0,0,0
103900168,0,0,0
103900169,0,0,0
103900170,0,0,0
103900171,0,0,0
103900172,0,0,0
103900173,0,0,0
103900174,0,0,0
103900175,0,0,0
103900176,0,0,0
103900177,0,0,0
103900178,0,0,0
103900179,0,0,0
103900180,0,0,0
103900181,0,0,0
103900182,0,0,0
103900184,0,0,0
103900185,0,0,0
103900187,0,0,0
103900188,0,0,0
103900189,0,0,0
103900190,0,0,0
103900191,0,0,0
103900192,0,0,0
103900193,0,0,0
103900194,0,0,0
103900195,0,0,0
103900196,0,0,0
103900197,0,0,0
103900198,0,0,0
103900199,0,0,0
103900200,0,0,0
103900201,0,0,0
103900202,0,0,0
103900203,0,0,0
103900204,0,0,0
103900207,0,0,0
103900208,0,0,0
103900209,0,0,0
103900210,0,0,0
103900211,0,0,0
103900212,0,0,0
103900213,9,163,-154
103900214,21,15,6
103900215,93,134,-41
103900216,0,0,0
103900217,0,0,0
103900218,0,0,0
103900219,0,0,0
103900233,0,0,0
103900235,0,0,0
103900236,0,0,0
103900242,0,0,0
103900243,0,0,0
103900244,0,0,0
103900245,0,0,0
103900246,0,0,0
103900247,0,0,0
103900248,0,0,0
103900249,0,0,0
103900250,0,0,0
103900251,0,0,0
103900253,0,0,0
103900254,0,0,0
103900255,0,0,0
103900256,0,0,0
103900257,0,0,0
103900258,0,0,0
103900259,0,0,0
103900261,0,0,0
103900262,0,0,0
103900263,0,0,0
103900264,0,0,0
103900265,0,0,0
103900266,0,0,0
103900267,0,0,0
103900268,0,0,0
103900269,0,0,0
103900270,0,0,0
103900271,0,0,0
103900272,0,0,0
103900273,0,0,0
103900274,0,0,0
103900275,0,0,0
103900276,0,0,0
103900277,0,0,0
103900278,0,0,0
103900279,0,0,0
103900280,0,0,0
104000001,159,306,-147
104000002,148,209,-61
104000003,120,498,-378
104000004,528,175,353
104000005,14,172,-158
104000006,77,225,-148
104000007,309,212,97
104000008,425,248,177
104000009,34,112,-78
104000010,0,0,0
104000011,15,20,-5
104000012,5,27,-22
104000013,0,0,0
104000014,6,29,-23
104000015,0,0,0
104000016,4,0,4
104000018,1,0,1
104000019,19,8,11
104000020,29,84,-55
104000021,27,82,-55
104000022,15,33,-18
104000023,0,0,0
104000024,0,0,0
104000026,0,0,0
104000027,41,142,-101
104000028,31,32,-1
104000029,57,155,-98
104000030,16,66,-50
104000031,0,0,0
104000032,0,0,0
104000033,0,0,0
104000034,2,2,0
104000035,0,0,0
104000036,0,0,0
104000037,0,6,-6
104000038,0,1,-1
104000039,10,55,-45
104000040,2,47,-45
104000041,0,0,0
104000042,0,0,0
104000043,0,1,-1
104000044,1,0,1
104000045,2,1,1
104000046,0,3,-3
104000047,33,313,-280
104000048,339,556,-217
104000049,0,0,0
104000050,0,0,0
104000051,0,0,0
104000052,29,131,-102
104000053,15,59,-44
104000054,3,1,2
104000055,100,63,37
104000056,1,0,1
104000057,0,4,-4
104000058,55,78,-23
104000059,6,65,-59
104000060,19,73,-54
104000061,14,38,-24
104000062,0,0,0
104000064,1,0,1
104000065,0,0,0
104000069,3,0,3
104000070,0,2,-2
104000071,0,0,0
104000072,0,0,0
104000075,0,0,0
104000076,0,0,0
104000082,121,140,-19
104000083,2,0,2
104000084,0,2,-2
104000085,1,0,1
104000086,0,2,-2
104000087,0,1,-1
104000090,0,2,-2
104000092,0,0,0
104000094,1,1,0
104000095,148,88,60
104000096,0,0,0
104000097,0,0,0
104000098,0,0,0
104000100,0,0,0
104000101,20,127,-107
104000106,0,2,-2
104000107,1,0,1
104000108,0,0,0
104000109,0,0,0
104000110,1,2,-1
104000111,2,0,2
104000112,1,1,0
104000116,0,0,0
104000117,0,0,0
104000118,0,2,-2
104000119,0,0,0
104000120,0,0,0
104000121,0,0,0
104000122,0,1,-1
104000123,90,172,-82
104000124,392,610,-218
104000125,0,0,0
104000126,0,1,-1
104000127,77,228,-151
104000128,0,1,-1
104000129,2,0,2
104000130,0,0,0
104000131,221,83,138
104000132,67,127,-60
104000133,1,1,0
104000134,124,98,26
104000135,44,64,-20
104000136,376,195,181
104000137,627,126,501
104000138,1,2,-1
104000139,1175,399,776
104000141,139,355,-216
104000142,65,128,-63
104000143,42,96,-54
104000144,0,0,0
104000145,0,0,0
104000146,8,45,-37
104000147,2,8,-6
104000148,0,0,0
104000149,6,13,-7
104000150,0,0,0
104000151,1,12,-11
104000152,4,21,-17
104000153,0,0,0
104000154,14,17,-3
104000155,0,0,0
104000157,6,17,-11
104000158,20,34,-14
104000159,17,25,-8
104000160,698,268,430
104000161,0,0,0
104000162,0,0,0
104000165,0,0,0
104000167,0,3,-3
104000168,0,0,0
104000169,0,0,0
104000170,5,2,3
104000248,0,0,0
104000251,4,17,-13
104000272,9,1,8
104000273,9,1,8
104000274,9,5,4
104000275,42,10,32
104000279,2,5,-3
104000290,0,0,0
104000291,27,67,-40
104000293,0,0,0
104000294,0,0,0
104000295,28,42,-14
104000296,4,71,-67
104000297,90,87,3
104000298,97,63,34
104000299,41,103,-62
104900001,0,0,0
104900002,0,0,0
104900003,0,0,0
104900004,0,0,0
104900005,0,0,0
104900006,0,0,0
104900007,0,0,0
104900009,0,0,0
104900010,0,0,0
104900011,0,0,0
104900012,0,0,0
104900013,0,0,0
104900014,0,0,0
104900015,0,0,0
104900016,0,0,0
104900017,0,0,0
104900018,0,0,0
104900019,0,0,0
104900020,0,0,0
104900021,0,0,0
104900022,0,0,0
104900023,0,0,0
104900024,0,0,0
104900025,0,0,0
104900026,0,0,0
104900027,0,0,0
104900028,0,0,0
104900029,0,0,0
104900030,0,0,0
104900031,0,0,0
104900032,0,0,0
104900033,0,0,0
104900034,0,0,0
104900035,0,0,0
104900036,0,0,0
104900037,0,0,0
104900038,0,0,0
104900039,0,0,0
104900040,0,0,0
104900041,0,0,0
104900042,0,0,0
104900043,0,0,0
104900044,0,0,0
104900045,0,0,0
104900046,0,0,0
104900047,0,0,0
104900048,0,0,0
104900049,0,0,0
104900050,0,0,0
104900051,0,0,0
104900052,0,0,0
104900053,0,0,0
104900054,0,0,0
104900055,0,0,0
104900056,0,0,0
104900057,0,0,0
104900058,0,0,0
104900059,0,0,0
104900060,0,0,0
104900061,0,0,0
104900063,0,0,0
104900064,0,0,0
104900065,0,0,0
104900066,0,0,0
104900067,0,0,0
104900068,0,0,0
104900070,0,0,0
104900071,0,0,0
104900072,0,0,0
104900073,0,0,0
104900074,0,0,0
104900075,0,0,0
104900076,0,0,0
104900077,0,0,0
104900078,0,0,0
104900079,0,0,0
104900080,0,0,0
104900082,0,0,0
104900085,0,0,0
104900087,1,0,1
104900089,0,0,0
104900090,0,0,0
104900091,0,0,0
104900093,0,0,0
104900097,0,0,0
104900098,0,0,0
104900099,0,0,0
104900100,0,0,0
104900102,0,0,0
104900103,0,0,0
104900104,0,0,0
104900106,0,0,0
104900107,0,0,0
104900108,0,0,0
104900109,0,0,0
104900110,0,0,0
104900111,0,0,0
104900112,0,0,0
104900113,0,0,0
104900114,0,0,0
104900115,0,0,0
104900116,0,0,0
104900118,0,0,0
104900119,0,0,0
104900120,0,0,0
104900121,0,0,0
104900122,0,0,0
104900123,0,0,0
104900124,0,0,0
104900125,0,0,0
104900126,0,0,0
104900127,0,0,0
104900128,0,0,0
104900129,0,0,0
105000001,160,224,-64
105000002,29,124,-95
105000003,126,265,-139
105000004,58,91,-33
105000005,24,98,-74
105000006,26,199,-173
105000007,14,112,-98
105000008,17,250,-233
105000009,68,29,39
105000010,297,638,-341
105000011,64,23,41
105000012,384,774,-390
105000013,38,21,17
105000014,184,75,109
105000015,443,179,264
105000016,135,149,-14
105000017,99,85,14
105000018,1,0,1
105000019,0,0,0
105000020,0,0,0
105000021,0,0,0
105000022,0,0,0
105000023,0,0,0
105000028,0,3,-3
105000029,4,26,-22
105000030,268,608,-340
105000033,60,630,-570
105000034,0,0,0
105000037,0,0,0
105000038,78,91,-13
105000039,174,228,-54
105000040,23,52,-29
105000041,27,209,-182
105000042,122,57,65
105000043,149,312,-163
105000044,14,10,4
105000045,11,105,-94
105000046,32,21,11
105000047,16,157,-141
105000048,0,0,0
105000049,5,18,-13
105000050,0,0,0
105000051,0,0,0
105000052,0,0,0
105000053,0,0,0
105000054,0,0,0
105000055,0,0,0
105000056,0,0,0
105000057,0,0,0
105000058,0,0,0
105000059,0,0,0
105000060,0,0,0
105000061,0,0,0
105000062,0,0,0
105000063,0,0,0
105000064,0,1,-1
105000065,0,0,0
105000066,0,2,-2
105000067,3,3,0
105000068,0,0,0
105000069,3,0,3
105000070,0,0,0
105000071,0,0,0
105000072,0,0,0
105000073,1,1,0
105000074,0,0,0
105000075,16,12,4
105000076,79,93,-14
105000077,366,45,321
105000078,0,0,0
105000079,1,3,-2
105000080,0,3,-3
105000081,6,8,-2
105000082,1,4,-3
105000083,1,1,0
105000084,2,1,1
105000085,0,2,-2
105000086,1,2,-1
105000087,4,4,0
105000088,0,0,0
105000089,29,69,-40
105000090,16,12,4
105000091,24,28,-4
105000092,8,9,-1
105000093,0,0,0
105000094,0,0,0
105000095,0,0,0
105000096,0,0,0
105000097,12,21,-9
105000098,0,0,0
105000099,2,12,-10
105000100,1,12,-11
105000101,3,4,-1
105000102,4,32,-28
105000103,6,11,-5
105000104,14,15,-1
105000105,1,2,-1
105000106,2,1,1
105000107,2,4,-2
105000108,0,2,-2
105000109,1,3,-2
105000110,1,1,0
105000111,2,4,-2
105000112,1,3,-2
105000113,0,1,-1
105000114,1,0,1
105000115,1,3,-2
105000116,0,2,-2
105000117,0,0,0
105000118,1,0,1
105000119,1,2,-1
105000120,1,0,1
105000121,0,0,0
105000122,2,3,-1
105000123,0,0,0
105000124,8,16,-8
105000125,0,0,0
105000126,25,15,10
105000127,2,3,-1
105000128,0,21,-21
105000129,1,3,-2
105000130,0,0,0
105000131,0,4,-4
105000132,0,0,0
105000133,1,1,0
105000134,0,0,0
105000135,3,3,0
105000136,1,3,-2
105000137,0,0,0
105000138,2,9,-7
105000139,7,10,-3
105000140,0,0,0
105000141,1,8,-7
105000142,0,1,-1
105000143,1,10,-9
105000144,0,14,-14
105000145,0,1,-1
105000146,5,13,-8
105000147,0,0,0
105000148,0,0,0
105000149,0,0,0
105000150,14,13,1
105000151,0,0,0
105000152,1,7,-6
105000153,0,0,0
105000154,1,5,-4
105000155,0,0,0
105000156,0,9,-9
105000157,3,10,-7
105000158,0,0,0
105000159,1,9,-8
105000160,0,0,0
105000161,0,19,-19
105000162,0,0,0
105000163,5,5,0
105000164,2,1,1
105000165,0,0,0
105000166,21,0,21
105000167,2,34,-32
105000168,0,19,-19
105000169,8,41,-33
105000170,0,0,0
105000171,0,0,0
105000172,0,0,0
105000173,0,0,0
105000174,0,0,0
105000175,0,0,0
105000176,0,1,-1
105000177,0,0,0
105000178,0,0,0
105000179,0,0,0
105000180,0,0,0
105000181,0,0,0
105000182,0,0,0
105000183,0,0,0
105000184,230,353,-123
105000185,0,0,0
105000186,34,285,-251
105000187,0,0,0
105000188,0,0,0
105000189,10,149,-139
105000190,0,0,0
105000191,1,8,-7
105000192,0,0,0
105000193,16,85,-69
105000194,0,0,0
105000195,18,131,-113
105000196,0,0,0
105000197,16,145,-129
105000198,68,188,-120
105000199,4,0,4
105000200,0,1,-1
105000201,2,2,0
105000203,0,0,0
105000204,0,0,0
105000205,0,0,0
105000207,22,20,2
105000208,0,0,0
105000209,4,18,-14
105000212,2,0,2
105000213,1,0,1
105000214,0,1,-1
105000215,3,15,-12
105000216,4,47,-43
105000217,3,63,-60
105000218,4,19,-15
105000221,0,0,0
105000222,0,1,-1
105000223,0,0,0
105000226,0,0,0
105000227,0,0,0
105000228,0,4,-4
105000229,0,0,0
105000231,0,0,0
105000233,77,39,38
105000234,32,247,-215
105000235,0,0,0
105000237,0,0,0
105000243,0,2,-2
105000248,0,0,0
105000262,0,2,-2
105000269,0,0,0
105000270,2,3,-1
105000271,0,0,0
105000282,0,0,0
105000287,0,0,0
105000288,0,0,0
105000289,42,89,-47
105000290,0,0,0
105000402,3,3,0
105000426,1,1,0
105000438,0,0,0
105000446,342,628,-286
105000447,62,24,38
105000454,0,0,0
105000455,0,0,0
105000474,0,0,0
105000477,0,0,0
105000478,70,82,-12
105000479,0,0,0
105000480,83,89,-6
105000481,112,89,23
105000482,315,493,-178
105000483,70,143,-73
105000484,166,617,-451
105000485,192,326,-134
105000486,499,504,-5
105000488,101,319,-218
105000489,0,1,-1
105000549,0,0,0
105000550,7,21,-14
105000551,0,0,0
105000552,451,183,268
105000555,1,0,1
105900001,0,0,0
105900002,0,0,0
105900003,0,0,0
105900004,0,0,0
105900005,0,0,0
105900006,0,0,0
105900007,0,0,0
105900008,0,0,0
105900009,0,0,0
105900011,0,0,0
105900012,0,0,0
105900013,0,0,0
105900014,0,0,0
105900015,0,0,0
105900016,0,0,0
105900017,0,0,0
105900018,0,0,0
105900019,0,0,0
105900020,0,0,0
105900021,0,0,0
105900022,0,0,0
105900023,0,0,0
105900024,0,0,0
105900025,0,0,0
105900026,0,0,0
105900027,0,0,0
105900028,0,0,0
105900029,0,0,0
105900030,0,0,0
105900031,0,0,0
105900032,0,0,0
105900033,0,0,0
105900034,0,0,0
105900035,0,0,0
105900036,0,0,0
105900037,0,0,0
105900038,0,0,0
105900039,0,0,0
105900040,0,0,0
105900041,0,0,0
105900042,0,0,0
105900043,0,0,0
105900044,0,0,0
105900045,0,0,0
105900046,0,0,0
105900047,0,0,0
105900048,0,0,0
105900050,0,0,0
105900051,0,0,0
105900052,0,0,0
105900053,0,0,0
105900054,0,0,0
105900056,0,0,0
105900057,0,0,0
105900058,0,0,0
105900059,0,0,0
106000001,92,20,72
106000002,278,298,-20
106000003,144,42,102
106000004,398,314,84
106000005,155,60,95
106000006,315,529,-214
106000007,164,61,103
106000008,130,163,-33
106000009,79,31,48
106000010,70,158,-88
106000011,25,58,-33
106000012,66,198,-132
106000013,82,118,-36
106000014,195,311,-116
106000015,87,86,1
106000016,194,317,-123
106000017,204,101,103
106000018,416,326,90
106000019,45,25,20
106000020,22,196,-174
106000021,49,24,25
106000022,77,95,-18
106000023,22,25,-3
106000024,58,164,-106
106000025,47,40,7
106000026,106,166,-60
106000027,25,54,-29
106000028,91,198,-107
106000029,140,242,-102
106000030,0,0,0
106000034,0,2,-2
106000035,1,5,-4
106000036,2,2,0
106000037,38,64,-26
106000038,0,0,0
106000039,0,0,0
106000040,1,21,-20
106000041,0,1,-1
106000043,0,0,0
106000046,0,0,0
106000047,0,0,0
106000049,1,0,1
106000050,17,357,-340
106000051,0,0,0
106000052,9,174,-165
106000053,0,0,0
106000054,47,187,-140
106000055,0,0,0
106000056,101,269,-168
106000057,0,0,0
106000058,12,102,-90
106000059,0,0,0
106000060,72,257,-185
106000061,0,2,-2
106000062,43,116,-73
106000063,0,1,-1
106000064,6,109,-103
106000065,0,0,0
106000066,6,48,-42
106000067,0,0,0
106000068,2,164,-162
106000069,0,0,0
106000070,23,187,-164
106000071,0,0,0
106000072,81,138,-57
106000073,1,2,-1
106000074,4,34,-30
106000075,0,2,-2
106000076,0,4,-4
106000077,26,52,-26
106000078,10,39,-29
106000079,2,2,0
106000080,14,41,-27
106000081,0,3,-3
106000082,88,21,67
106000083,0,5,-5
106000084,0,9,-9
106000085,1,8,-7
106000086,4,10,-6
106000087,0,1,-1
106000088,0,23,-23
106000089,2,3,-1
106000090,0,22,-22
106000091,1,2,-1
106000092,0,6,-6
106000093,0,0,0
106000094,6,44,-38
106000095,6,28,-22
106000096,17,92,-75
106000097,3,47,-44
106000098,6,133,-127
106000099,5,110,-105
106000100,1,0,1
106000101,0,0,0
106000102,2,136,-134
106000103,3,72,-69
106000104,62,52,10
106000105,0,65,-65
106000106,17,0,17
106000107,0,48,-48
106000108,18,1,17
106000109,1,31,-30
106000110,6,1,5
106000111,1,39,-38
106000112,6,3,3
106000113,2,58,-56
106000114,10,11,-1
106000115,1,89,-88
106000116,19,7,12
106000117,2,5,-3
106000118,0,0,0
106000119,3,3,0
106000120,0,0,0
106000121,0,1,-1
106000122,0,1,-1
106000123,0,0,0
106000124,0,0,0
106000125,0,4,-4
106000126,0,0,0
106000127,0,2,-2
106000128,0,1,-1
106000129,9,18,-9
106000130,0,1,-1
106000131,5,23,-18
106000132,3,1,2
106000133,87,40,47
106000134,1,1,0
106000135,10,31,-21
106000136,0,0,0
106000137,2,67,-65
106000138,0,0,0
106000139,0,0,0
106000140,2,38,-36
106000141,0,27,-27
106000142,0,0,0
106000143,2,68,-66
106000144,0,0,0
106000145,8,42,-34
106000146,0,0,0
106000147,10,7,3
106000148,2,9,-7
106000149,0,1,-1
106000150,4,27,-23
106000151,20,1,19
106000152,2,4,-2
106000153,0,3,-3
106000154,0,0,0
106000155,0,0,0
106000156,6,4,2
106000157,9,58,-49
106000158,78,7,71
106000159,101,49,52
106000160,0,23,-23
106000161,31,16,15
106000162,0,3,-3
106000163,0,14,-14
106000164,0,5,-5
106000165,3,32,-29
106000166,0,7,-7
106000167,7,62,-55
106000168,0,0,0
106000169,5,38,-33
106000170,1,0,1
106000171,0,45,-45
106000172,6,9,-3
106000173,2,129,-127
106000174,6,15,-9
106000175,8,65,-57
106000176,1,1,0
106000177,39,95,-56
106000178,1,1,0
106000179,50,129,-79
106000180,32,118,-86
106000181,8,133,-125
106000182,0,3,-3
106000183,1,2,-1
106000184,1,1,0
106000185,2,56,-54
106000186,1,1,0
106000187,3,60,-57
106000188,0,0,0
106000189,0,0,0
106000190,0,0,0
106000191,0,0,0
106000192,0,5,-5
106000193,0,0,0
106000194,0,6,-6
106000195,0,0,0
106000196,0,4,-4
106000197,0,0,0
106000198,0,5,-5
106000199,3,3,0
106000200,0,18,-18
106000201,0,0,0
106000202,127,10,117
106000203,1,43,-42
106000204,0,0,0
106000205,22,38,-16
106000206,0,0,0
106000207,7,110,-103
106000208,22,2,20
106000209,20,0,20
106000210,5,140,-135
106000211,27,193,-166
106000212,27,4,23
106000213,7,19,-12
106000214,0,1,-1
106000215,0,0,0
106000216,1,0,1
106000217,0,1,-1
106000218,0,0,0
106000219,0,0,0
106000220,0,0,0
106000221,0,3,-3
106000222,0,0,0
106000223,0,0,0
106000224,0,0,0
106000225,0,0,0
106000226,0,0,0
106000228,0,52,-52
106000229,0,63,-63
106000231,0,0,0
106000232,2,51,-49
106000233,0,0,0
106000234,4,18,-14
106000235,0,0,0
106000236,0,6,-6
106000237,0,1,-1
106000238,0,0,0
106000239,0,3,-3
106000240,0,0,0
106000241,4,114,-110
106000242,13,1,12
106000249,0,0,0
106000250,2,25,-23
106000251,0,0,0
106000252,0,0,0
106000253,0,0,0
106000254,0,0,0
106000255,0,0,0
106000256,0,0,0
106000257,0,1,-1
106000258,0,0,0
106000259,0,0,0
106000260,0,0,0
106000261,0,0,0
106000262,0,0,0
106000263,0,0,0
106000264,0,0,0
106000265,0,0,0
106000266,0,0,0
106000267,0,1,-1
106000268,0,0,0
106000269,0,0,0
106000270,21,71,-50
106000271,0,0,0
106000272,0,0,0
106000273,0,0,0
106000274,2,0,2
106000275,0,0,0
106000276,0,0,0
106000277,0,0,0
106000278,0,0,0
106000279,0,0,0
106000280,0,0,0
106000281,0,0,0
106000282,0,0,0
106000283,0,0,0
106000284,0,0,0
106000285,0,0,0
106000286,0,0,0
106000287,0,0,0
106000288,0,0,0
106000289,0,0,0
106000290,0,0,0
106000291,0,0,0
106000292,0,0,0
106000293,0,0,0
106000294,0,0,0
106000295,0,0,0
106000296,0,0,0
106000297,0,0,0
106000298,0,0,0
106000299,0,0,0
106000300,0,0,0
106000301,0,0,0
106000303,0,0,0
106000304,0,0,0
106000305,0,0,0
106000306,0,0,0
106000307,0,0,0
106000308,0,0,0
106000309,0,0,0
106000310,10,28,-18
106000311,0,0,0
106000312,16,14,2
106000313,0,2,-2
106000318,0,1,-1
106000319,50,0,50
106000320,0,0,0
106000321,0,1,-1
106000322,0,0,0
106000324,0,0,0
106000325,55,28,27
106000326,74,255,-181
106000327,0,0,0
106000328,0,0,0
106000329,0,0,0
106000330,0,11,-11
106000428,0,0,0
106000429,9,98,-89
106000430,66,175,-109
106000431,0,0,0
106000432,155,301,-146
106000433,98,3,95
106000434,67,1,66
106000435,202,278,-76
106000436,3,26,-23
106000437,0,0,0
106000438,0,0,0
106000439,3,24,-21
106000440,0,0,0
106000441,0,0,0
106000442,0,0,0
106000443,0,1,-1
106000450,2,5,-3
106000451,0,0,0
106000454,0,14,-14
106000455,2,26,-24
106000456,0,0,0
106000457,3,115,-112
106000458,0,0,0
106000459,8,46,-38
106000460,0,0,0
106000461,2,176,-174
106000462,1,6,-5
106000463,0,0,0
106000464,0,19,-19
106000465,0,0,0
106000466,0,21,-21
106000467,18,117,-99
106000468,0,0,0
106000469,0,0,0
106000470,6,29,-23
106000471,1,68,-67
106000472,0,0,0
106000473,0,0,0
106000474,53,114,-61
106000475,14,19,-5
106000476,1,0,1
106000477,4,27,-23
106000480,0,26,-26
106900001,0,0,0
106900002,0,0,0
106900003,0,0,0
106900004,0,0,0
106900006,0,0,0
106900007,0,0,0
106900008,0,0,0
106900009,0,0,0
106900010,0,0,0
106900012,0,0,0
106900013,0,0,0
106900014,0,0,0
106900015,0,0,0
106900016,0,0,0
106900017,0,0,0
106900018,0,0,0
106900019,0,0,0
106900020,0,0,0
106900021,0,0,0
106900022,0,0,0
106900023,0,0,0
106900024,0,0,0
106900025,0,0,0
106900026,0,0,0
106900027,0,0,0
107000001,172,157,15
107000002,257,778,-521
107000003,320,206,114
107000004,535,1045,-510
107000005,102,101,1
107000006,367,917,-550
107000007,391,173,218
107000008,2790,2154,636
107000009,158,135,23
107000010,1882,927,955
107000011,68,38,30
107000012,72,94,-22
107000013,7,40,-33
107000014,1,26,-25
107000015,9,100,-91
107000016,12,90,-78
107000017,11,5,6
107000018,0,5,-5
107000020,0,0,0
107000021,17,17,0
107000022,0,64,-64
107000023,31,20,11
107000024,0,66,-66
107000025,9,22,-13
107000026,0,13,-13
107000027,37,48,-11
107000028,4,14,-10
107000029,38,20,18
107000030,18,159,-141
107000031,40,35,5
107000032,0,0,0
107000033,123,340,-217
107000034,112,68,44
107000035,0,0,0
107000036,0,3,-3
107000037,0,1,-1
107000038,10,10,0
107000039,0,0,0
107000040,3,14,-11
107000041,1,0,1
107000042,13,38,-25
107000043,2,4,-2
107000044,23,14,9
107000045,4,14,-10
107000046,0,0,0
107000047,6,46,-40
107000048,1,0,1
107000049,7,27,-20
107000050,0,0,0
107000051,45,96,-51
107000052,0,1,-1
107000053,23,26,-3
107000054,18,111,-93
107000055,49,17,32
107000056,17,82,-65
107000057,37,62,-25
107000058,0,1,-1
107000059,22,90,-68
107000060,0,1,-1
107000061,66,75,-9
107000062,3,1,2
107000063,43,75,-32
107000064,0,1,-1
107000065,28,90,-62
107000066,0,0,0
107000067,0,0,0
107000068,0,0,0
107000069,0,0,0
107000070,0,0,0
107000071,0,0,0
107000072,1,331,-330
107000073,0,0,0
107000074,5,107,-102
107000075,0,0,0
107000076,27,248,-221
107000077,0,0,0
107000078,34,271,-237
107000079,0,0,0
107000080,71,259,-188
107000081,0,0,0
107000082,18,290,-272
107000083,0,0,0
107000084,14,240,-226
107000085,75,32,43
107000086,152,325,-173
107000087,46,30,16
107000088,64,283,-219
107000089,41,38,3
107000090,73,172,-99
107000091,31,34,-3
107000092,60,154,-94
107000093,19,107,-88
107000094,49,168,-119
107000095,0,0,0
107000096,27,54,-27
107000097,0,0,0
107000098,15,32,-17
107000099,0,0,0
107000100,3,4,-1
107000101,0,0,0
107000102,7,5,2
107000103,0,0,0
107000104,2,0,2
107000105,0,0,0
107000106,0,6,-6
107000107,0,0,0
107000108,4,28,-24
107000109,0,0,0
107000110,0,3,-3
107000111,0,0,0
107000112,0,2,-2
107000113,0,0,0
107000114,1,27,-26
107000115,0,0,0
107000116,2,48,-46
107000117,0,0,0
107000118,4,20,-16
107000119,137,53,84
107000120,39,66,-27
107000121,30,6,24
107000122,7,127,-120
107000123,46,21,25
107000124,8,102,-94
107000125,40,16,24
107000126,9,104,-95
107000129,10,79,-69
107000130,0,0,0
107000131,26,43,-17
107000132,0,0,0
107000133,0,0,0
107000134,0,0,0
107000135,0,0,0
107000136,0,0,0
107000137,0,0,0
107000138,0,0,0
107000139,0,0,0
107000140,0,0,0
107000141,0,0,0
107000142,0,0,0
107000143,0,0,0
107000144,0,0,0
107000145,0,0,0
107000146,0,0,0
107000147,0,0,0
107000150,0,0,0
107000151,0,0,0
107000152,0,0,0
107000153,0,0,0
107000154,0,0,0
107000155,3,0,3
107000156,0,0,0
107000157,0,4,-4
107000158,0,0,0
107000159,0,2,-2
107000160,0,0,0
107000161,0,1,-1
107000162,0,0,0
107000163,0,0,0
107000164,0,0,0
107000165,0,0,0
107000166,0,0,0
107000167,0,0,0
107000168,1,0,1
107000169,1,6,-5
107000170,0,0,0
107000171,1,27,-26
107000172,0,0,0
107000173,3,4,-1
107000174,0,0,0
107000175,32,6,26
107000176,0,0,0
107000177,0,0,0
107000178,0,0,0
107000179,0,96,-96
107000180,0,0,0
107000181,2,52,-50
107000182,0,0,0
107000183,3,46,-43
107000184,1,0,1
107000185,2,58,-56
107000186,0,0,0
107000187,1,0,1
107000188,0,0,0
107000189,0,1,-1
107000190,1,1,0
107000191,1,1,0
107000192,0,0,0
107000193,1,2,-1
107000194,0,0,0
107000197,0,0,0
107000198,1,24,-23
107000199,0,0,0
107000200,0,0,0
107000201,0,0,0
107000202,0,0,0
107000203,1,1,0
107000204,0,0,0
107000205,2,1,1
107000206,0,0,0
107000207,0,0,0
107000208,0,0,0
107000209,0,0,0
107000210,0,0,0
107000211,0,0,0
107000212,0,0,0
107000213,0,0,0
107000214,0,0,0
107000215,0,0,0
107000216,0,0,0
107000217,0,0,0
107000219,0,0,0
107000220,0,0,0
107000222,0,0,0
107000224,0,0,0
107000225,0,0,0
107000226,0,0,0
107000227,0,0,0
107000228,0,0,0
107000229,0,0,0
107000230,32,33,-1
107000231,0,0,0
107000232,0,0,0
107000233,1,5,-4
107000234,0,0,0
107000235,0,0,0
107000236,2,104,-102
107000237,0,0,0
107000238,0,0,0
107000239,0,0,0
107000240,0,0,0
107000241,0,0,0
107000242,0,0,0
107000243,0,18,-18
107000244,0,23,-23
107000246,1,199,-198
107000249,0,1,-1
107000251,0,0,0
107000252,0,0,0
107000255,0,0,0
107000257,0,0,0
107000258,0,0,0
107000259,0,0,0
107000260,0,0,0
107000262,0,0,0
107000263,0,0,0
107000266,0,0,0
107000267,0,0,0
107000268,0,0,0
107000269,0,0,0
107000270,0,0,0
107000271,0,0,0
107000272,0,0,0
107000273,0,0,0
107000274,0,0,0
107000275,0,0,0
107000280,0,0,0
107000281,0,2,-2
107000282,0,1,-1
107000290,0,0,0
107000291,0,0,0
107000292,0,0,0
107000293,0,0,0
107000294,0,0,0
107000295,0,0,0
107000296,0,0,0
107000444,0,0,0
107000496,0,0,0
107000497,24,188,-164
107000500,0,0,0
107000501,0,0,0
107000502,0,0,0
107000505,4,78,-74
107000506,0,0,0
107000508,0,0,0
107000509,0,0,0
107000510,0,0,0
107000514,0,0,0
107000515,0,0,0
107000516,1,0,1
107000518,0,0,0
107000519,28,128,-100
107000520,0,0,0
107000521,33,49,-16
107000522,0,0,0
107900001,0,0,0
107900002,0,0,0
107900003,0,0,0
107900004,0,0,0
107900005,0,0,0
107900006,0,0,0
107900007,0,0,0
107900008,0,0,0
107900009,0,0,0
107900010,0,0,0
107900012,0,0,0
107900013,0,0,0
107900014,0,0,0
107900015,0,0,0
107900016,0,0,0
107900017,0,0,0
107900018,0,0,0
107900019,0,0,0
107900020,0,0,0
107900021,0,0,0
107900023,0,0,0
107900024,0,0,0
107900025,0,0,0
107900026,0,0,0
107900027,0,0,0
107900028,0,0,0
107900030,2,0,2
107900031,0,0,0
107900032,0,0,0
107900033,0,0,0
107900034,0,0,0
107900035,0,0,0
107900036,0,0,0
107900037,0,0,0
107900038,0,0,0
107900039,0,0,0
107900040,0,0,0
107900041,0,0,0
107900043,0,0,0
107900044,0,0,0
107900045,0,0,0
107900046,0,0,0
107900047,0,0,0
107900048,0,0,0
107900049,0,0,0
107900050,0,0,0
107900051,0,0,0
107900052,0,0,0
107900053,0,0,0
107900055,0,0,0
107900056,0,0,0
107900057,0,0,0
107900058,0,0,0
107900060,0,0,0
107900061,0,0,0
107900063,0,0,0
107900064,0,0,0
107900065,0,0,0
107900066,0,0,0
107900067,0,0,0
107900068,0,0,0
107900069,0,0,0
107900070,0,0,0
107900071,0,0,0
107900072,0,0,0
107900073,0,0,0
107900074,0,0,0
107900076,0,1,-1
107900077,0,0,0
107900078,0,0,0
107900079,0,0,0
107900080,0,0,0
107900081,0,0,0
107900082,0,0,0
107900083,0,0,0
107900084,0,0,0
107900086,0,0,0
107900087,0,0,0
107900088,0,0,0
107900089,0,0,0
107900090,0,0,0
107900091,0,0,0
107900092,0,0,0
107900093,0,0,0
107900095,0,0,0
107900097,0,0,0
107900098,0,0,0
107900100,0,0,0
107900101,0,0,0
107900102,0,0,0
107900103,0,0,0
107900104,0,0,0
107900105,0,0,0
107900106,0,0,0
107900107,0,0,0
107900108,0,0,0
107900109,0,0,0
107900110,0,0,0
107900111,0,0,0
107900112,0,2,-2
107900113,0,0,0
107900114,0,0,0
107900115,0,0,0
107900116,0,0,0
107900117,0,0,0
107900118,0,0,0
107900119,0,0,0
107900120,0,0,0
107900121,0,0,0
107900122,0,0,0
107900123,0,0,0
107900124,0,0,0
107900125,0,0,0
107900126,0,0,0
107900127,0,0,0
107900128,0,0,0
107900129,0,0,0
107900130,0,0,0
107900131,0,0,0
107900132,0,0,0
107900133,0,0,0
107900134,0,0,0
107900135,0,0,0
107900136,0,0,0
107900137,0,0,0
107900138,0,0,0
107900139,0,0,0
107900140,0,0,0
107900141,0,0,0
107900142,0,0,0
107900143,0,0,0
107900144,0,0,0
107900145,0,0,0
107900146,0,0,0
107900147,0,0,0
107900148,0,1,-1
107900149,0,0,0
107900150,0,0,0
107900151,0,0,0
107900152,0,0,0
107900153,0,0,0
107900154,0,0,0
107900155,0,0,0
107900156,0,0,0
107900157,0,0,0
107900158,0,0,0
107900159,0,0,0
107900160,0,0,0
107900161,0,0,0
107900162,0,0,0
107900163,0,0,0
107900164,0,0,0
107900165,0,0,0
107900166,0,0,0
107900167,0,0,0
107900168,0,0,0
107900169,0,0,0
107900171,0,0,0
107900172,0,0,0
107900173,0,0,0
107900174,0,0,0
107900175,0,0,0
107900176,0,0,0
107900177,0,0,0
107900178,0,0,0
107900179,0,0,0
107900180,0,0,0
107900181,1,0,1
107900182,0,0,0
107900183,0,0,0
107900184,0,0,0
107900185,0,0,0
107900186,0,0,0
107900187,0,0,0
107900188,0,0,0
107900189,0,0,0
107900190,0,0,0
107900191,0,2,-2
107900193,0,0,0
107900194,0,0,0
107900195,0,0,0
107900196,0,0,0
107900197,0,0,0
107900199,0,0,0
107900201,0,0,0
107900203,0,0,0
107900204,0,0,0
107900205,0,0,0
107900206,0,0,0
107900207,0,0,0
107900208,0,0,0
107900209,0,0,0
107900210,0,0,0
107900213,0,2,-2
107900214,0,0,0
107900215,0,0,0
107900216,0,0,0
107900217,0,0,0
107900218,0,0,0
107900219,0,0,0
107900220,0,0,0
107900221,0,0,0
107900223,0,0,0
107900224,0,0,0
107900225,0,0,0
107900226,0,0,0
107900227,0,0,0
107900228,0,0,0
107900229,0,0,0
107900230,0,0,0
107900231,0,0,0
107900232,0,0,0
107900233,0,0,0
107900234,0,5,-5
107900235,0,0,0
107900236,0,0,0
107900237,0,3,-3
107900238,0,0,0
107900239,0,0,0
107900240,0,0,0
107900241,0,0,0
107900242,0,0,0
107900243,0,0,0
107900244,0,0,0
107900245,0,0,0
107900246,0,0,0
107900248,0,0,0
107900249,0,0,0
107900250,0,0,0
107900251,0,0,0
107900252,0,0,0
107900253,0,0,0
107900254,0,0,0
107900255,0,0,0
107900256,0,0,0
107900257,0,0,0
107900258,0,0,0
107900259,0,0,0
107900261,0,0,0
107900262,0,0,0
107900264,0,0,0
107900265,0,0,0
107900267,0,0,0
107900268,0,0,0
107900269,0,0,0
107900270,0,0,0
107900271,0,0,0
107900272,0,0,0
107900273,0,0,0
107900274,0,0,0
107900275,0,0,0
107900276,0,0,0
107900277,0,0,0
107900278,0,0,0
107900279,0,0,0
107900280,0,0,0
107900281,0,0,0
107900282,0,0,0
107900283,0,0,0
107900284,0,0,0
107900285,0,0,0
107900286,0,0,0
107900287,0,0,0
107900290,0,5,-5
107900291,1,0,1
107900292,0,0,0
107900293,0,0,0
107900295,0,0,0
107900297,0,1,-1
107900298,0,0,0
107900299,15,3,12
107900300,0,0,0
107900301,0,0,0
107900302,0,0,0
107900303,0,0,0
107900304,0,0,0
107900305,0,0,0
107900306,0,0,0
107900307,0,0,0
107900308,0,0,0
107900309,0,0,0
107900310,0,0,0
107900311,0,0,0
107900312,0,0,0
107900313,0,0,0
107900314,0,0,0
107900315,0,0,0
107900316,0,0,0
107900317,0,0,0
107900318,0,0,0
107900319,0,0,0
107900320,0,0,0
107900321,0,0,0
107900322,0,0,0
107900323,0,0,0
107900324,0,0,0
107900325,0,0,0
107900326,0,0,0
107900327,0,0,0
107900328,0,0,0
107900329,0,0,0
107900330,0,0,0
107900331,0,0,0
107900332,0,0,0
107900333,0,0,0
107900334,0,0,0
107900335,0,0,0
107900336,0,0,0
107900337,5,1,4
107900338,0,1,-1
107900339,0,1,-1
107900340,0,0,0
107900341,0,0,0
107900342,0,0,0
107900343,0,0,0
107900344,0,0,0
107900345,0,0,0
107900346,0,0,0
107900347,0,0,0
107900348,0,0,0
107900349,0,0,0
107900350,0,0,0
107900351,0,0,0
107900352,0,0,0
107900353,0,0,0
107900354,0,0,0
108000001,152,87,65
108000002,597,880,-283
108000003,232,102,130
108000004,2129,3172,-1043
108000005,172,87,85
108000006,320,1240,-920
108000007,145,143,2
108000008,431,1011,-580
108000009,107,166,-59
108000010,205,899,-694
108000011,643,216,427
108000012,2161,2024,137
108000014,0,0,0
108000015,0,0,0
108000016,36,146,-110
108000017,0,1,-1
108000018,2,0,2
108000019,0,1,-1
108000020,0,0,0
108000021,34,366,-332
108000022,0,1,-1
108000023,0,0,0
108000024,0,0,0
108000025,3,27,-24
108000026,0,0,0
108000027,6,69,-63
108000028,0,0,0
108000029,1,58,-57
108000030,0,0,0
108000031,4,63,-59
108000032,0,0,0
108000033,18,87,-69
108000034,0,0,0
108000035,35,245,-210
108000036,4,167,-163
108000037,0,0,0
108000038,0,0,0
108000039,6,230,-224
108000040,1,0,1
108000041,28,279,-251
108000042,0,0,0
108000043,1,23,-22
108000044,0,0,0
108000045,3,52,-49
108000046,0,0,0
108000047,20,82,-62
108000048,4,29,-25
108000049,0,0,0
108000050,3,18,-15
108000051,0,0,0
108000052,4,27,-23
108000053,0,0,0
108000054,5,16,-11
108000055,0,0,0
108000056,23,30,-7
108000057,0,0,0
108000058,1,0,1
108000059,208,108,100
108000060,0,4,-4
108000061,0,0,0
108000062,0,0,0
108000063,0,0,0
108000064,0,0,0
108000065,0,0,0
108000066,0,0,0
108000067,0,0,0
108000068,0,0,0
108000069,21,89,-68
108000070,0,0,0
108000071,24,116,-92
108000072,0,0,0
108000073,48,94,-46
108000074,0,0,0
108000075,2,32,-30
108000076,0,0,0
108000077,21,50,-29
108000078,0,0,0
108000079,88,260,-172
108000080,0,0,0
108000081,9,296,-287
108000082,69,112,-43
108000083,0,0,0
108000084,7,42,-35
108000085,0,0,0
108000086,11,37,-26
108000087,0,0,0
108000088,0,0,0
108000089,1,0,1
108000090,0,0,0
108000091,2,20,-18
108000092,0,0,0
108000093,17,25,-8
108000094,0,0,0
108000095,2,21,-19
108000096,0,0,0
108000097,4,23,-19
108000098,0,0,0
108000099,0,0,0
108000100,0,0,0
108000101,0,0,0
108000102,0,2,-2
108000106,0,0,0
108000107,0,1,-1
108000108,0,0,0
108000109,0,3,-3
108000110,0,0,0
108000111,19,85,-66
108000112,0,0,0
108000113,0,0,0
108000115,0,0,0
108000117,0,0,0
108000118,0,16,-16
108000119,13,19,-6
108000120,0,0,0
108000121,0,20,-20
108000122,0,0,0
108000123,0,0,0
108000124,1,356,-355
108000125,0,0,0
108000126,1,137,-136
108000127,0,0,0
108000128,5,195,-190
108000129,4,308,-304
108000130,0,0,0
108000131,0,0,0
108000132,100,152,-52
108000133,0,0,0
108000134,35,241,-206
108000135,0,0,0
108000136,27,305,-278
108000137,0,0,0
108000138,0,0,0
108000139,0,0,0
108000140,0,0,0
108000141,0,4,-4
108000142,0,6,-6
108000143,0,0,0
108000144,0,0,0
108000145,0,0,0
108000146,0,0,0
108000147,0,0,0
108000148,0,0,0
108000149,0,0,0
108000150,0,0,0
108000151,0,0,0
108000152,0,0,0
108000153,0,0,0
108000154,0,0,0
108000155,0,0,0
108000156,0,0,0
108000157,0,0,0
108000158,0,0,0
108000159,0,0,0
108000160,21,30,-9
108000161,0,0,0
108000165,0,0,0
108000172,0,0,0
108000173,0,0,0
108000175,0,0,0
108000178,0,0,0
108000179,0,0,0
108000181,0,0,0
108000182,0,0,0
108000183,0,0,0
108000184,0,0,0
108000185,0,0,0
108000186,0,0,0
108000187,0,0,0
108000188,0,0,0
108000189,0,1,-1
108000190,2,23,-21
108000192,0,0,0
108000193,48,0,48
108000194,0,1,-1
108000195,0,123,-123
108000196,0,0,0
108000198,0,0,0
108000199,0,24,-24
108000200,0,0,0
108000202,1,66,-65
108000203,0,0,0
108000204,0,0,0
108000205,0,0,0
108000339,0,0,0
108000364,2,0,2
108000365,0,1,-1
108000367,0,0,0
108000368,0,0,0
108000369,0,0,0
108000371,0,5,-5
108000372,0,0,0
108000373,0,0,0
108000376,0,0,0
108000377,0,0,0
108000378,812,139,673
108000379,0,0,0
108000381,0,0,0
108000382,0,0,0
108000383,0,0,0
108900001,0,0,0
108900002,0,0,0
108900003,0,0,0
108900004,0,0,0
108900005,0,0,0
108900006,0,0,0
108900007,0,0,0
108900008,0,0,0
108900009,0,0,0
108900010,0,0,0
108900011,0,0,0
108900012,0,0,0
108900013,0,0,0
108900014,0,0,0
108900015,0,0,0
108900016,0,0,0
108900017,0,0,0
108900018,0,0,0
108900019,0,0,0
108900020,0,0,0
108900021,0,0,0
108900022,0,0,0
108900023,0,0,0
108900024,0,0,0
108900025,0,0,0
108900026,0,0,0
108900027,0,0,0
108900028,0,0,0
108900029,0,0,0
108900030,0,0,0
108900031,0,0,0
108900032,0,0,0
108900033,0,0,0
108900034,0,0,0
108900035,0,0,0
108900036,0,0,0
108900037,0,0,0
108900038,0,0,0
108900039,0,0,0
108900040,0,0,0
108900041,0,0,0
108900042,0,0,0
108900043,0,0,0
108900044,0,0,0
108900045,0,0,0
108900046,0,0,0
108900047,0,0,0
108900048,0,0,0
108900049,0,0,0
108900050,0,0,0
108900051,0,0,0
108900052,0,0,0
108900053,0,0,0
108900054,0,0,0
108900055,0,0,0
108900056,0,0,0
108900057,0,0,0
108900058,0,0,0
108900059,0,0,0
108900060,0,0,0
108900061,0,0,0
108900062,0,0,0
108900063,0,0,0
108900064,0,0,0
108900065,0,0,0
108900066,0,0,0
108900067,0,0,0
108900068,0,0,0
108900069,0,0,0
108900070,0,0,0
108900071,0,0,0
108900072,0,0,0
108900073,0,0,0
108900074,0,0,0
108900075,0,0,0
108900076,0,0,0
108900077,0,0,0
108900078,0,0,0
108900079,0,0,0
108900080,0,0,0
108900081,0,0,0
108900082,0,0,0
108900083,0,0,0
108900084,0,0,0
108900085,0,0,0
108900086,0,0,0
108900087,0,0,0
108900088,0,0,0
108900089,0,0,0
108900090,0,0,0
108900091,0,0,0
108900092,0,0,0
108900093,0,0,0
108900094,0,0,0
108900095,0,0,0
108900096,0,0,0
108900097,0,0,0
108900098,0,0,0
108900099,0,0,0
108900100,0,0,0
108900101,0,0,0
108900102,0,0,0
108900103,0,0,0
108900104,0,0,0
108900105,0,0,0
108900106,0,0,0
108900108,0,0,0
108900109,0,0,0
108900110,0,0,0
108900111,0,0,0
108900112,0,0,0
108900113,0,0,0
108900114,0,0,0
108900115,0,0,0
108900116,0,0,0
108900117,0,0,0
108900118,0,0,0
108900119,0,0,0
108900120,0,0,0
108900121,0,0,0
108900122,0,0,0
108900123,0,0,0
108900124,0,0,0
108900125,0,0,0
108900126,0,0,0
108900127,0,0,0
108900128,0,0,0
108900129,0,0,0
108900130,0,0,0
108900131,0,0,0
108900132,0,0,0
108900133,0,0,0
108900134,0,0,0
108900135,0,0,0
108900136,0,0,0
108900137,0,0,0
108900138,0,0,0
108900139,0,0,0
108900140,0,0,0
108900141,0,0,0
108900142,0,0,0
108900143,0,0,0
108900144,0,0,0
108900145,0,0,0
108900146,0,0,0
108900147,0,0,0
108900148,0,0,0
108900149,0,0,0
108900150,0,0,0
108900151,0,0,0
108900152,0,0,0
108900153,0,0,0
108900154,0,0,0
108900155,0,0,0
108900156,0,0,0
108900157,0,0,0
108900158,0,0,0
108900159,0,0,0
108900160,0,0,0
108900161,0,0,0
108900162,0,0,0
108900163,0,0,0
108900164,0,0,0
108900165,0,0,0
108900167,0,0,0
108900168,0,0,0
108900169,0,0,0
108900171,0,0,0
108900172,0,0,0
108900173,0,0,0
108900174,0,0,0
108900176,0,0,0
108900177,0,0,0
108900178,0,0,0
108900179,0,0,0
108900180,0,0,0
108900182,0,0,0
108900183,0,0,0
108900184,0,0,0
108900185,0,0,0
108900186,0,0,0
108900187,0,0,0
108900188,0,0,0
108900189,0,0,0
108900190,0,0,0
108900191,0,0,0
108900192,0,0,0
108900193,0,0,0
108900194,0,0,0
108900195,0,0,0
108900196,0,0,0
108900198,0,0,0
108900199,0,0,0
108900200,0,0,0
108900201,0,0,0
108900203,0,0,0
108900204,0,0,0
108900205,0,0,0
108900206,0,0,0
108900207,0,0,0
108900208,0,0,0
108900209,0,0,0
108900210,0,0,0
108900211,0,0,0
108900212,0,0,0
108900215,0,0,0
108900216,0,0,0
108900217,0,0,0
108900218,0,0,0
108900219,0,0,0
108900220,0,0,0
108900221,0,0,0
108900222,0,0,0
108900223,0,0,0
108900224,0,0,0
108900225,0,0,0
108900226,0,0,0
108900227,0,0,0
108900230,0,0,0
108900231,0,0,0
108900232,0,0,0
108900233,0,0,0
108900234,0,0,0
108900235,0,0,0
108900236,0,0,0
108900237,0,0,0
108900240,0,0,0
108900241,0,0,0
108900245,0,0,0
108900249,0,0,0
108900250,0,0,0
108900257,0,0,0
108900258,0,0,0
108900259,0,0,0
108900260,0,0,0
108900261,0,0,0
108900262,0,0,0
108900263,0,0,0
108900264,0,0,0
108900265,0,0,0
108900266,0,0,0
108900267,0,0,0
108900268,0,0,0
108900269,0,0,0
108900270,0,0,0
108900271,0,0,0
108900272,0,0,0
108900273,0,0,0
108900274,0,1,-1
109000001,75,0,75
109000002,621,577,44
109000003,99,3,96
109000004,208,915,-707
109000005,62,9,53
109000006,98,750,-652
109000007,47,6,41
109000008,125,578,-453
109000009,139,19,120
109000010,352,1311,-959
109000011,194,15,179
109000012,313,1190,-877
109000013,255,54,201
109000014,172,1142,-970
109000015,230,57,173
109000016,599,1414,-815
109000017,128,45,83
109000018,140,1132,-992
109000019,133,9,124
109000020,292,675,-383
109000023,0,0,0
109000024,0,0,0
109000025,0,0,0
109000026,0,0,0
109000027,0,0,0
109000028,0,0,0
109000029,0,0,0
109000030,0,49,-49
109000031,0,0,0
109000032,3,55,-52
109000033,0,0,0
109000034,0,0,0
109000035,0,0,0
109000036,5,11,-6
109000037,0,0,0
109000038,17,16,1
109000039,0,0,0
109000040,0,0,0
109000041,109,14,95
109000042,4,8,-4
109000044,0,0,0
109000045,44,141,-97
109000046,0,0,0
109000047,18,264,-246
109000048,0,0,0
109000049,106,383,-277
109000050,0,0,0
109000051,204,269,-65
109000052,0,3,-3
109000053,0,0,0
109000054,0,0,0
109000055,0,0,0
109000056,0,0,0
109000057,0,0,0
109000058,0,0,0
109000059,0,1,-1
109000060,0,0,0
109000061,1,0,1
109000062,0,0,0
109000063,0,0,0
109000064,0,0,0
109000065,0,0,0
109000066,0,0,0
109000067,0,0,0
109000068,0,0,0
109000069,0,0,0
109000070,0,119,-119
109000071,0,0,0
109000072,0,0,0
109000073,0,0,0
109000074,0,0,0
109000075,33,330,-297
109000076,0,0,0
109000077,0,0,0
109000078,0,0,0
109000079,0,0,0
109000080,0,0,0
109000081,0,0,0
109000082,0,0,0
109000083,0,0,0
109000088,0,0,0
109000089,0,0,0
109000090,0,0,0
109000091,0,0,0
109000092,0,0,0
109000093,0,0,0
109000094,0,0,0
109000095,0,0,0
109000096,0,0,0
109000097,0,0,0
109000098,0,0,0
109000099,8,12,-4
109000100,0,49,-49
109000101,25,8,17
109000102,1,117,-116
109000103,0,0,0
109000104,26,3,23
109000105,2,206,-204
109000106,63,6,57
109000107,5,124,-119
109000108,56,9,47
109000109,12,174,-162
109000110,67,11,56
109000111,51,162,-111
109000112,0,0,0
109000113,35,65,-30
109000114,0,0,0
109000115,0,0,0
109000116,0,26,-26
109000117,0,0,0
109000118,0,24,-24
109000119,0,0,0
109000120,1,85,-84
109000121,0,0,0
109000122,4,88,-84
109000123,0,0,0
109000124,0,0,0
109000125,0,0,0
109000126,5,134,-129
109000127,0,0,0
109000128,2,101,-99
109000129,0,0,0
109000130,10,149,-139
109000131,0,0,0
109000132,35,69,-34
109000133,2,143,-141
109000134,13,277,-264
109000135,6,137,-131
109000136,0,0,0
109000137,0,0,0
109000138,0,0,0
109000139,0,0,0
109000140,0,0,0
109000141,0,0,0
109000142,0,0,0
109000143,0,0,0
109000145,0,0,0
109000146,0,0,0
109000148,5,0,5
109000149,0,0,0
109000150,0,0,0
109000155,0,0,0
109000156,0,0,0
109000158,0,0,0
109000159,0,0,0
109000160,0,0,0
109000161,0,0,0
109000162,0,0,0
109000163,0,0,0
109000164,0,0,0
109000165,0,0,0
109000166,0,0,0
109000167,0,0,0
109000170,0,0,0
109000171,0,0,0
109000172,0,0,0
109000173,0,0,0
109000174,0,0,0
109000175,0,0,0
109000176,0,0,0
109000177,0,0,0
109000178,0,0,0
109000179,0,0,0
109000180,1,0,1
109000181,0,0,0
109000182,0,0,0
109000183,0,0,0
109000184,0,0,0
109000185,0,0,0
109000188,0,0,0
109000189,0,0,0
109000190,0,0,0
109000191,0,0,0
109000192,0,0,0
109000193,0,0,0
109000194,0,0,0
109000195,0,0,0
109000196,0,0,0
109000197,0,0,0
109000198,0,0,0
109000199,0,0,0
109000206,0,0,0
109000207,0,0,0
109000208,0,0,0
109000209,0,0,0
109000210,0,0,0
109000211,0,0,0
109000214,0,0,0
109000215,0,0,0
109000216,11,1,10
109000217,0,0,0
109000218,0,0,0
109000221,0,0,0
109000222,0,0,0
109000223,0,0,0
109000224,0,0,0
109000225,0,0,0
109000226,0,0,0
109000227,0,0,0
109000228,1,60,-59
109000231,0,0,0
109000232,0,0,0
109000236,2,166,-164
109000241,0,0,0
109000242,0,0,0
109000293,0,0,0
109000361,0,0,0
109000364,0,0,0
109000396,0,0,0
109000397,0,0,0
109000399,0,0,0
109000400,0,0,0
109000403,0,0,0
109000406,11,7,4
109000407,0,0,0
109000408,1,135,-134
109000410,0,1,-1
109000411,0,0,0
109900001,0,0,0
109900002,0,0,0
109900003,0,0,0
109900004,0,0,0
109900005,0,0,0
109900006,0,0,0
109900007,0,0,0
109900008,0,0,0
109900009,0,0,0
109900010,0,0,0
109900011,0,0,0
109900012,0,0,0
109900013,0,0,0
109900014,0,0,0
109900015,0,0,0
109900016,0,0,0
109900017,0,0,0
109900018,0,0,0
109900019,0,0,0
109900020,0,0,0
109900021,0,0,0
109900022,0,0,0
109900023,0,0,0
109900024,0,0,0
109900025,0,0,0
109900026,0,0,0
109900027,0,0,0
109900028,0,0,0
109900029,0,0,0
109900030,0,0,0
109900031,0,0,0
109900032,0,0,0
109900033,0,0,0
109900034,0,0,0
109900035,0,0,0
109900036,0,0,0
109900037,0,0,0
109900038,0,0,0
109900039,0,0,0
109900040,0,0,0
109900041,0,0,0
109900042,0,0,0
109900044,0,0,0
109900045,0,0,0
109900046,0,0,0
109900047,0,0,0
109900048,0,0,0
109900049,0,0,0
109900050,0,0,0
109900051,0,0,0
109900052,0,0,0
109900053,0,0,0
109900054,0,0,0
109900055,0,0,0
109900056,0,0,0
109900057,0,0,0
109900058,0,0,0
109900059,0,0,0
109900060,0,0,0
109900061,0,0,0
109900062,0,0,0
109900063,0,0,0
109900064,0,0,0
109900065,0,0,0
109900066,0,0,0
109900067,0,0,0
109900068,0,0,0
109900069,0,0,0
109900070,0,0,0
109900071,0,0,0
109900072,0,0,0
109900073,0,0,0
109900074,0,0,0
109900075,0,0,0
109900076,0,0,0
109900077,0,0,0
109900078,0,0,0
109900080,0,0,0
109900081,0,0,0
109900082,0,0,0
109900083,0,0,0
109900084,0,0,0
109900085,0,0,0
109900086,0,0,0
109900087,0,0,0
109900089,0,0,0
109900090,0,0,0
109900091,0,0,0
109900092,0,0,0
109900093,0,0,0
109900094,0,0,0
109900095,0,0,0
109900096,0,0,0
109900097,0,0,0
109900098,0,0,0
109900099,0,0,0
109900100,0,0,0
109900101,0,0,0
109900102,0,0,0
109900103,0,0,0
109900104,0,0,0
109900105,0,0,0
109900106,0,0,0
109900107,0,0,0
109900108,0,0,0
109900109,0,0,0
109900110,0,0,0
109900111,0,0,0
109900112,0,0,0
109900113,0,0,0
109900114,0,0,0
109900115,0,0,0
109900117,0,0,0
109900118,0,0,0
109900119,0,0,0
109900120,0,0,0
109900121,0,0,0
109900122,0,0,0
109900123,0,0,0
109900124,0,0,0
109900125,0,0,0
109900126,0,0,0
109900128,0,0,0
109900130,0,0,0
109900131,0,0,0
109900132,0,0,0
109900133,0,0,0
109900134,0,0,0
109900135,0,0,0
109900136,0,0,0
109900137,0,0,0
109900140,0,0,0
109900142,0,0,0
109900145,0,0,0
109900146,0,0,0
109900148,0,0,0
109900149,0,0,0
109900150,0,0,0
109900151,0,0,0
109900152,0,0,0
109900153,0,0,0
109900154,0,0,0
109900155,0,0,0
109900157,0,0,0
109900158,0,0,0
109900159,0,0,0
109900160,0,0,0
109900161,0,0,0
109900162,0,0,0
109900163,0,0,0
109900164,0,0,0
109900165,0,0,0
109900166,0,0,0
109900167,0,0,0
109900168,0,1,-1
109900169,0,0,0
109900170,0,0,0
109900171,0,0,0
109900172,0,0,0
109900173,1,0,1
109900174,0,0,0
109900175,0,0,0
109900176,0,0,0
109900177,0,0,0
109900178,0,0,0
109900179,0,0,0
109900180,0,0,0
110000001,87,215,-128
110000002,75,67,8
110000003,517,373,144
110000004,274,110,164
110000005,95,20,75
110000006,0,0,0
110000007,0,0,0
110000008,0,0,0
110000009,0,0,0
110000010,0,0,0
110000011,0,0,0
110000012,2,2,0
110000013,0,0,0
110000014,3,1,2
110000015,0,1,-1
110000016,0,0,0
110000017,0,0,0
110000018,3,0,3
110000019,0,0,0
110000020,0,0,0
110000021,0,0,0
110000022,0,0,0
110000023,0,0,0
110000024,3,1,2
110000025,0,0,0
110000026,0,0,0
110000027,0,0,0
110000028,1,1,0
110000029,1,1,0
110000030,0,0,0
110000031,0,1,-1
110000032,0,2,-2
110000033,0,0,0
110000034,0,0,0
110000035,0,0,0
110000036,0,0,0
110000037,0,0,0
110000038,0,0,0
110000039,0,0,0
110000040,0,0,0
110000041,0,0,0
110000042,0,0,0
110000043,0,0,0
110000044,0,0,0
110000045,0,0,0
110000046,0,0,0
110000047,0,0,0
110000048,0,0,0
110000049,0,0,0
110000050,0,0,0
110000051,0,0,0
110000052,0,0,0
110000053,0,0,0
110000054,0,2,-2
110000055,0,0,0
110000056,0,0,0
110000057,0,0,0
110000058,0,0,0
110000059,65,201,-136
110000060,86,124,-38
110000061,264,372,-108
110000062,222,163,59
110000063,0,0,0
110000064,0,0,0
110000065,0,0,0
110000066,0,0,0
110000067,0,0,0
110000068,0,0,0
110000069,0,0,0
110000071,0,0,0
110000073,0,0,0
110000075,0,0,0
110000076,0,0,0
110000077,0,0,0
110000078,0,0,0
110000080,23,199,-176
110000081,1,37,-36
110000082,2,44,-42
110000083,22,142,-120
110000084,0,0,0
110000085,846,243,603
110000086,0,1,-1
110000087,5,54,-49
110000088,2,87,-85
110000089,0,0,0
110000090,0,0,0
110000091,0,0,0
110000092,0,0,0
110000093,84,17,67
110000094,28,170,-142
110000095,0,0,0
110000096,236,461,-225
110000097,0,0,0
110000098,0,0,0
110000099,49,353,-304
110000100,0,0,0
110000101,0,0,0
110000102,0,0,0
110000104,0,0,0
110000105,0,0,0
110000106,0,0,0
110000107,0,0,0
110000108,33,1,32
110000109,0,10,-10
110000110,653,5,648
110000111,0,0,0
110000112,0,0,0
110000113,0,0,0
110000114,0,0,0
110000115,0,0,0
110000116,0,0,0
110000117,1,25,-24
110000118,0,0,0
110000119,0,16,-16
110000120,0,0,0
110000121,0,13,-13
110000122,0,0,0
110000123,0,0,0
110000124,0,44,-44
110000125,0,0,0
110000126,0,0,0
110000127,0,0,0
110000128,1,85,-84
110000129,0,43,-43
110000130,0,0,0
110000131,9,28,-19
110000132,1,46,-45
110000133,0,0,0
110000134,0,0,0
110000135,0,0,0
110000136,0,0,0
110000137,0,0,0
110000138,0,0,0
110000139,0,0,0
110000140,0,0,0
110000143,0,0,0
110000144,358,14,344
110000145,66,10,56
110000146,138,15,123
110000147,0,0,0
110000148,0,0,0
110000151,0,0,0
110000152,0,0,0
110000153,0,0,0
110000154,0,0,0
110000155,260,571,-311
110000156,51,264,-213
110000157,116,248,-132
110000160,0,0,0
110000161,0,0,0
110000166,0,0,0
110000167,0,0,0
110000168,0,0,0
110000169,0,0,0
110000170,0,0,0
110000171,0,0,0
110000172,14,257,-243
110000173,82,259,-177
110000174,0,0,0
110000175,0,0,0
110000176,0,0,0
110000177,0,0,0
110000178,9,45,-36
110000179,19,51,-32
110000180,2,23,-21
110000181,2,31,-29
110000182,67,12,55
110000183,0,0,0
110000184,65,42,23
110000185,4,70,-66
110000186,10,69,-59
110000191,0,5,-5
110000192,0,0,0
110000193,0,0,0
110000194,0,41,-41
110000195,0,0,0
110000196,0,0,0
110000197,0,0,0
110000198,0,0,0
110000199,0,0,0
110000200,12,25,-13
110000201,0,0,0
110000202,2,1,1
110000203,14,31,-17
110000204,0,0,0
110000205,0,0,0
110000206,0,40,-40
110000207,0,2,-2
110000208,0,0,0
110000209,7,52,-45
110000210,0,0,0
110000211,0,0,0
110000212,12,18,-6
110000213,0,0,0
110000214,0,0,0
110000215,0,1,-1
110000216,0,1,-1
110000217,0,0,0
110000218,1,0,1
110000219,0,0,0
110000220,0,0,0
110000221,0,0,0
110000222,0,0,0
110000223,0,0,0
110000224,0,0,0
110000225,1,14,-13
110000226,0,0,0
110000227,0,12,-12
110000228,0,0,0
110000229,0,19,-19
110000230,0,0,0
110000231,0,0,0
110000232,1,37,-36
110000233,0,0,0
110000234,0,0,0
110000235,0,0,0
110000236,24,96,-72
110000237,70,67,3
110000238,2,32,-30
110000239,17,97,-80
110000240,0,1,-1
110000242,0,0,0
110000243,0,0,0
110000244,1,68,-67
110000245,0,76,-76
110000246,1,14,-13
110000247,0,0,0
110000248,1,0,1
110000249,0,0,0
110000250,0,0,0
110000251,0,0,0
110000252,0,0,0
110000253,1,1,0
110000254,1,22,-21
110000255,2,21,-19
110000256,0,0,0
110000257,14,126,-112
110000258,0,0,0
110000259,0,0,0
110000260,0,0,0
110000263,0,0,0
110000264,0,0,0
110000265,158,88,70
110000266,145,76,69
110000267,0,7,-7
110000268,0,0,0
110000269,0,2,-2
110000270,0,0,0
110000271,0,0,0
110000272,62,257,-195
110000273,156,284,-128
110000274,2,61,-59
110000275,28,5,23
110000276,10,33,-23
110000277,3,5,-2
110000278,0,0,0
110000279,0,0,0
110000280,0,0,0
110000281,0,0,0
110000282,0,0,0
110000283,0,0,0
110000284,0,0,0
110000285,0,0,0
110000286,0,0,0
110000287,0,0,0
110000288,0,0,0
110000289,0,0,0
110000290,46,28,18
110000291,0,0,0
110000292,21,61,-40
110000293,0,0,0
110000294,3,21,-18
110000295,0,0,0
110000296,1,24,-23
110000297,20,19,1
110000298,0,0,0
110000299,0,0,0
110000301,0,0,0
110000302,0,0,0
110000303,0,0,0
110000304,0,0,0
110000305,0,0,0
110000306,0,0,0
110000307,0,0,0
110000308,0,0,0
110000309,0,0,0
110000310,0,0,0
110000311,0,0,0
110000312,0,0,0
110000313,11,81,-70
110000314,0,0,0
110000315,261,280,-19
110000316,53,282,-229
110000317,2,0,2
110000318,0,0,0
110000319,0,0,0
110000320,0,0,0
110000321,0,0,0
110000322,0,0,0
110000323,0,0,0
110000324,97,226,-129
110000325,0,1,-1
110000327,0,4,-4
110000328,6,58,-52
110000333,0,1,-1
110000334,6,76,-70
110000335,0,0,0
110000336,4,119,-115
110000337,0,1,-1
110000338,0,0,0
110000339,0,0,0
110000340,0,0,0
110000341,9,118,-109
110000342,0,0,0
110000343,0,11,-11
110000344,0,0,0
110000345,0,0,0
110000346,188,144,44
110000347,178,29,149
110000348,0,0,0
110000349,0,0,0
110000350,0,0,0
110000351,4,28,-24
110000352,10,155,-145
110000353,27,20,7
110000354,5,169,-164
110000355,0,2,-2
110000356,0,0,0
110000357,0,0,0
110000361,0,0,0
110000362,0,0,0
110000363,0,0,0
110000364,0,0,0
110000365,0,0,0
110000366,0,0,0
110000367,13,20,-7
110000368,0,0,0
110000369,0,0,0
110000373,0,11,-11
110000374,0,0,0
110000375,2,48,-46
110000376,0,0,0
110000377,0,0,0
110000378,0,0,0
110000379,142,81,61
110000380,0,0,0
110000383,0,11,-11
110000384,0,3,-3
110000385,0,0,0
110000387,1,8,-7
110000388,0,0,0
110000389,0,0,0
110000391,0,2,-2
110000396,0,0,0
110000397,0,0,0
110000398,0,0,0
110000399,0,0,0
110000587,0,0,0
110000589,0,1,-1
110000640,0,0,0
110000652,0,0,0
110000653,0,0,0
110000654,0,0,0
110000656,0,2,-2
110000674,0,0,0
110000675,0,0,0
110000676,0,1,-1
110000679,14,4,10
110000682,0,0,0
110000683,0,0,0
110000684,0,0,0
110000685,0,0,0
110000686,0,1,-1
110000687,0,0,0
110000688,31,0,31
110000689,0,0,0
110000692,0,0,0
110000693,0,0,0
110000694,0,275,-275
110000695,1,38,-37
110000696,0,0,0
110900001,2,0,2
110900002,0,0,0
110900003,0,1,-1
110900004,0,0,0
110900005,0,0,0
110900006,0,2,-2
110900007,0,0,0
110900008,0,0,0
110900009,0,0,0
110900010,0,0,0
110900011,0,0,0
110900012,0,0,0
110900013,0,0,0
110900014,0,0,0
110900015,0,0,0
110900016,0,0,0
110900017,0,0,0
110900018,0,0,0
110900019,0,0,0
110900020,0,0,0
110900021,0,0,0
110900022,0,0,0
110900023,0,0,0
110900024,0,0,0
110900025,0,0,0
110900027,0,0,0
110900028,0,0,0
110900029,0,0,0
110900030,0,0,0
110900031,0,0,0
110900032,0,0,0
110900033,0,0,0
110900035,0,0,0
110900036,0,0,0
110900037,0,0,0
110900038,0,0,0
110900039,0,0,0
110900040,0,0,0
110900041,0,0,0
110900042,0,0,0
110900043,0,0,0
110900044,0,0,0
110900045,0,0,0
110900046,0,0,0
110900047,0,0,0
110900049,0,0,0
110900050,0,0,0
110900051,0,0,0
110900052,0,0,0
110900053,0,0,0
110900054,0,0,0
110900055,0,0,0
110900056,0,0,0
110900057,0,0,0
110900058,0,0,0
110900059,0,0,0
110900060,0,0,0
110900061,0,0,0
110900062,0,0,0
110900063,0,0,0
110900064,0,0,0
110900065,0,0,0
110900066,0,0,0
110900067,0,0,0
110900068,0,0,0
110900069,0,0,0
110900070,0,0,0
110900071,0,0,0
110900073,0,0,0
110900074,0,0,0
110900075,0,0,0
110900077,0,0,0
110900078,0,0,0
110900079,0,0,0
110900080,0,0,0
110900081,0,0,0
110900082,0,0,0
110900083,0,0,0
110900084,0,0,0
110900085,0,0,0
110900086,0,0,0
110900087,0,0,0
110900088,0,0,0
110900090,0,0,0
110900091,0,0,0
110900093,0,0,0
110900095,0,0,0
110900097,0,0,0
110900098,0,0,0
110900099,0,0,0
110900100,0,0,0
110900102,0,0,0
110900105,0,0,0
110900108,0,0,0
110900111,0,0,0
110900112,0,0,0
110900113,0,0,0
110900115,0,0,0
110900116,0,0,0
110900118,0,0,0
110900119,0,0,0
110900120,0,0,0
110900121,0,0,0
110900122,0,0,0
110900125,0,0,0
110900127,1,4,-3
110900128,0,0,0
110900129,0,0,0
110900130,0,0,0
110900131,0,0,0
110900132,0,0,0
110900133,0,0,0
110900135,0,0,0
110900136,0,0,0
110900137,0,0,0
110900138,0,0,0
110900139,0,0,0
110900140,0,0,0
110900141,0,0,0
110900142,0,0,0
110900143,0,0,0
110900144,0,26,-26
110900145,0,0,0
110900146,0,0,0
110900147,2,0,2
110900148,0,2,-2
110900149,0,0,0
110900150,0,0,0
110900151,0,0,0
110900152,0,1,-1
110900153,0,0,0
111000001,57,21,36
111000002,189,111,78
111000003,20,28,-8
111000004,80,193,-113
111000005,33,57,-24
111000006,158,202,-44
111000007,127,158,-31
111000008,400,302,98
111000009,227,329,-102
111000010,131,172,-41
111000011,263,429,-166
111000012,177,106,71
111000013,40,261,-221
111000014,64,91,-27
111000017,2,13,-11
111000018,4,6,-2
111000020,148,443,-295
111000021,0,0,0
111000023,0,0,0
111000025,81,215,-134
111000029,0,0,0
111000030,0,0,0
111000031,0,0,0
111000032,0,0,0
111000033,0,0,0
111000034,8,30,-22
111000037,32,36,-4
111000038,15,52,-37
111000039,1,13,-12
111000040,3,12,-9
111000041,3,9,-6
111000042,10,4,6
111000043,2,1,1
111000044,1,0,1
111000045,1,2,-1
111000046,0,0,0
111000047,1,2,-1
111000049,28,72,-44
111000050,79,221,-142
111000051,20,103,-83
111000052,73,131,-58
111000053,48,73,-25
111000054,42,89,-47
111000055,64,93,-29
111000056,17,48,-31
111000057,7,37,-30
111000058,0,1,-1
111000059,0,1,-1
111000060,0,0,0
111000061,0,0,0
111000062,0,2,-2
111000063,1,0,1
111000064,1,1,0
111000065,2,2,0
111000066,3,3,0
111000067,1,4,-3
111000068,0,8,-8
111000069,7,10,-3
111000070,1,3,-2
111000071,2,9,-7
111000072,0,0,0
111000073,0,0,0
111000074,2,0,2
111000075,0,2,-2
111000076,0,0,0
111000077,2,1,1
111000078,46,108,-62
111000079,0,0,0
111000080,1,1,0
111000081,8,5,3
111000082,1,0,1
111000084,0,0,0
111000085,0,0,0
111000086,1,0,1
111000087,0,0,0
111000088,2,1,1
111000089,0,0,0
111000090,0,0,0
111000091,0,0,0
111000092,0,0,0
111000093,0,0,0
111000094,60,61,-1
111000095,8,64,-56
111000096,31,373,-342
111000097,440,76,364
111000098,29,126,-97
111000099,29,270,-241
111000100,36,179,-143
111000101,7,55,-48
111000102,14,114,-100
111000104,1,0,1
111000107,3,88,-85
111000109,1,0,1
111000110,0,0,0
111000111,0,0,0
111000112,1,1,0
111000113,0,1,-1
111000114,0,0,0
111000115,2,0,2
111000116,0,1,-1
111000117,0,0,0
111000118,0,0,0
111000119,0,0,0
111000120,0,0,0
111000121,0,0,0
111000122,0,12,-12
111000123,3,10,-7
111000124,3,10,-7
111000125,0,10,-10
111000126,1,9,-8
111000127,0,0,0
111000128,0,0,0
111000129,0,0,0
111000130,4,0,4
111000131,0,3,-3
111000132,0,0,0
111000133,0,0,0
111000134,0,0,0
111000135,0,0,0
111000136,0,0,0
111000138,0,0,0
111000140,0,0,0
111000141,7,26,-19
111000142,0,1,-1
111000143,0,4,-4
111000144,0,0,0
111000145,0,0,0
111000146,0,0,0
111000147,0,0,0
111000148,0,0,0
111000149,0,5,-5
111000150,0,0,0
111000151,0,0,0
111000153,0,0,0
111000154,0,0,0
111000155,0,0,0
111000156,0,0,0
111000157,0,0,0
111000158,0,0,0
111000159,0,0,0
111000160,0,0,0
111000161,0,0,0
111000162,0,0,0
111000163,2,6,-4
111000164,1,11,-10
111000165,3,23,-20
111000166,0,1,-1
111000167,1,0,1
111000168,0,0,0
111000169,0,3,-3
111000170,1,0,1
111000171,0,0,0
111000172,0,0,0
111000173,0,0,0
111000174,0,0,0
111000175,0,0,0
111000176,0,0,0
111000177,0,0,0
111000178,0,0,0
111000179,0,0,0
111000180,0,0,0
111000181,0,0,0
111000182,0,0,0
111000183,0,0,0
111000184,0,0,0
111000185,2,4,-2
111000186,2,5,-3
111000187,1,6,-5
111000188,0,9,-9
111000189,0,0,0
111000190,0,0,0
111000191,0,0,0
111000192,0,0,0
111000193,0,0,0
111000194,0,0,0
111000195,0,0,0
111000196,0,0,0
111000197,0,0,0
111000198,0,0,0
111000199,0,0,0
111000200,0,0,0
111000201,0,0,0
111000202,0,0,0
111000203,0,0,0
111000204,0,0,0
111000213,0,0,0
111000214,0,0,0
111000215,0,0,0
111000217,19,72,-53
111000218,29,68,-39
111000219,19,69,-50
111000220,1,2,-1
111000221,0,0,0
111000224,29,48,-19
111000225,0,0,0
111000226,1,0,1
111000227,0,0,0
111000228,0,0,0
111000229,0,0,0
111000230,0,0,0
111000231,0,1,-1
111000232,0,0,0
111000233,3,9,-6
111000234,0,4,-4
111000239,3,5,-2
111000240,0,0,0
111000241,1,6,-5
111000242,0,0,0
111000243,0,11,-11
111000244,0,0,0
111000245,0,0,0
111000246,0,0,0
111000247,0,2,-2
111000248,0,0,0
111000249,0,0,0
111000250,0,0,0
111000251,0,0,0
111000253,0,0,0
111000255,0,0,0
111000257,0,0,0
111000260,6,46,-40
111000261,0,0,0
111000271,0,0,0
111000273,0,0,0
111000274,1,0,1
111000275,0,0,0
111000276,1,11,-10
111000277,0,0,0
111000278,0,0,0
111000291,0,6,-6
111000298,0,0,0
111000299,0,0,0
111000300,0,6,-6
111000302,0,0,0
111000303,0,0,0
111000312,0,0,0
111000315,2,19,-17
111000320,0,0,0
111000321,0,0,0
111000322,0,0,0
111000323,0,0,0
111000324,0,0,0
111000325,0,0,0
111000326,0,0,0
111000327,0,0,0
111000328,0,0,0
111000329,0,2,-2
111000330,0,0,0
111000331,0,0,0
111000332,0,0,0
111000334,4,38,-34
111000335,18,22,-4
111000337,15,107,-92
111000338,0,0,0
111000339,0,0,0
111000340,0,3,-3
111000341,10,13,-3
111000342,1,10,-9
111000344,31,38,-7
111000345,0,0,0
111000346,0,0,0
111000347,0,0,0
111000350,0,0,0
111000351,1,4,-3
111000352,0,0,0
111000353,0,1,-1
111000354,0,0,0
111000355,2,5,-3
111000358,0,9,-9
111000360,1,5,-4
111000361,0,0,0
111000546,31,129,-98
111000547,0,0,0
111000548,8,39,-31
111000549,0,0,0
111000550,4,84,-80
111000551,0,0,0
111000552,0,0,0
111000907,0,2,-2
111000908,0,0,0
111000916,17,47,-30
111000917,1,3,-2
111000918,0,11,-11
111000920,0,0,0
111000921,1,38,-37
111000922,23,86,-63
111000924,2,34,-32
111000925,101,286,-185
111000926,189,589,-400
111000927,861,835,26
111000928,1314,1016,298
111000929,68,129,-61
111000930,74,623,-549
111000931,153,294,-141
111000932,507,647,-140
111000933,214,218,-4
111000934,234,551,-317
111000935,46,121,-75
111000936,87,340,-253
111000937,160,49,111
111000938,105,593,-488
111000939,0,0,0
111000940,0,0,0
111000941,0,0,0
111000943,0,0,0
111000944,0,0,0
111000945,0,9,-9
111001109,0,0,0
111001110,1,5,-4
111001111,0,0,0
111001112,2,1,1
111001113,14,85,-71
111001114,0,0,0
111001115,7,18,-11
111001116,84,0,84
111001117,32,72,-40
111001120,0,0,0
111001121,0,0,0
111001122,0,1,-1
111001123,0,0,0
111001124,0,0,0
111001125,0,1,-1
111900001,0,0,0
111900002,0,0,0
111900003,0,0,0
111900004,0,0,0
111900006,0,0,0
111900007,0,0,0
111900008,0,0,0
111900009,0,0,0
111900010,0,0,0
111900012,0,0,0
111900013,0,0,0
111900014,0,0,0
111900015,0,0,0
111900016,0,0,0
111900017,0,0,0
111900018,0,0,0
111900019,0,0,0
111900020,0,0,0
111900021,0,0,0
111900022,0,0,0
111900023,0,0,0
111900024,0,0,0
111900025,0,0,0
111900026,0,0,0
111900027,0,0,0
111900028,0,0,0
111900029,0,0,0
111900030,0,0,0
111900031,0,0,0
111900032,0,0,0
111900033,0,0,0
111900034,0,0,0
111900035,0,0,0
111900036,0,0,0
111900038,0,0,0
111900039,0,0,0
111900040,0,0,0
111900042,0,0,0
111900043,0,0,0
111900044,0,0,0
111900046,0,0,0
111900048,0,0,0
111900049,0,0,0
111900050,0,0,0
111900051,0,0,0
111900052,0,0,0
111900053,0,0,0
111900054,0,0,0
111900055,0,0,0
111900056,0,0,0
111900057,0,0,0
111900058,0,0,0
111900059,0,0,0
111900060,0,0,0
111900061,0,0,0
111900062,0,0,0
111900063,0,0,0
111900064,0,0,0
111900065,0,0,0
111900066,0,0,0
111900067,0,0,0
111900068,0,0,0
111900069,0,0,0
111900070,0,0,0
111900071,0,0,0
111900072,0,0,0
111900073,0,0,0
111900074,0,0,0
111900075,0,0,0
111900076,0,0,0
111900077,0,0,0
111900078,0,0,0
111900079,0,0,0
111900080,0,0,0
111900082,0,0,0
111900083,0,0,0
111900084,0,0,0
111900085,0,0,0
111900086,0,0,0
111900087,0,0,0
111900088,0,0,0
111900089,0,0,0
111900090,0,0,0
111900091,0,0,0
111900092,0,0,0
111900093,0,0,0
111900094,0,0,0
111900095,0,0,0
111900096,0,0,0
111900097,0,0,0
111900098,0,0,0
111900099,0,0,0
111900100,0,0,0
111900101,0,0,0
111900102,0,0,0
111900103,0,0,0
111900104,0,0,0
111900105,0,0,0
111900106,0,0,0
111900110,0,0,0
111900111,0,0,0
111900112,0,0,0
111900113,0,0,0
111900118,0,0,0
111900119,0,0,0
111900122,0,0,0
111900123,0,0,0
111900124,0,0,0
111900125,0,0,0
111900126,0,0,0
111900127,0,0,0
111900128,0,0,0
111900129,0,0,0
111900130,0,0,0
111900131,0,0,0
111900132,0,0,0
111900133,0,0,0
111900134,0,0,0
111900135,0,0,0
111900136,0,0,0
111900137,0,0,0
111900138,0,0,0
111900139,0,0,0
111900140,0,0,0
111900141,0,0,0
111900142,0,0,0
111900143,0,0,0
111900144,0,0,0
111900145,0,0,0
111900146,0,0,0
111900147,0,0,0
111900148,0,0,0
111900149,0,0,0
111900150,0,0,0
111900151,0,0,0
111900152,0,0,0
111900153,0,0,0
111900154,0,0,0
111900155,0,0,0
111900156,0,0,0
111900157,0,0,0
111900158,0,0,0
111900159,0,0,0
111900160,0,0,0
111900161,0,0,0
111900162,0,0,0
111900163,0,0,0
111900164,0,0,0
111901113,0,0,0
111901114,0,0,0
111901115,0,0,0
111901116,0,0,0
111901117,0,0,0
111901118,0,0,0
111901119,0,0,0
111901121,0,0,0
111901122,0,0,0
111901123,0,0,0
111901124,0,0,0
111901125,0,0,0
111901127,0,0,0
111901128,0,0,0
111901129,0,0,0
111901130,0,0,0
111901131,0,0,0
111901132,0,0,0
111901133,0,0,0
111901134,0,0,0
111901135,0,0,0
111901136,0,0,0
111901137,0,0,0
111901138,0,0,0
111901139,0,0,0
111901140,0,0,0
111901141,0,0,0
111901142,0,0,0
111901143,0,0,0
111901144,0,0,0
111901145,0,0,0
111901146,0,0,0
112000001,64,44,20
112000002,100,325,-225
112000003,38,44,-6
112000004,51,241,-190
112000005,109,95,14
112000006,186,437,-251
112000007,31,32,-1
112000008,35,93,-58
112000009,79,188,-109
112000010,39,56,-17
112000011,63,170,-107
112000012,84,280,-196
112000013,609,138,471
112000014,36,34,2
112000015,7,23,-16
112000016,9,27,-18
112000017,4,16,-12
112000024,25,9,16
112000026,129,403,-274
112000027,0,0,0
112000028,32,132,-100
112000029,0,0,0
112000030,4,1,3
112000031,2,0,2
112000032,12,0,12
112000033,3,0,3
112000034,3,4,-1
112000035,0,0,0
112000036,0,2,-2
112000037,0,0,0
112000038,0,0,0
112000039,0,0,0
112000040,0,0,0
112000041,0,0,0
112000042,0,0,0
112000050,0,0,0
112000051,17,36,-19
112000054,67,117,-50
112000057,1,2,-1
112000058,0,2,-2
112000059,0,0,0
112000061,5,2,3
112000062,165,12,153
112000063,0,0,0
112000064,189,166,23
112000065,11,5,6
112000066,0,0,0
112000067,3,4,-1
112000068,0,0,0
112000069,0,8,-8
112000070,0,0,0
112000071,0,14,-14
112000072,0,0,0
112000073,1,15,-14
112000074,1,0,1
112000075,1,0,1
112000076,2,1,1
112000077,1,0,1
112000078,1,4,-3
112000079,2,0,2
112000080,2,12,-10
112000081,3,0,3
112000082,0,0,0
112000083,0,1,-1
112000084,0,0,0
112000085,1,3,-2
112000086,0,0,0
112000087,0,2,-2
112000088,0,0,0
112000089,0,1,-1
112000090,0,0,0
112000091,17,71,-54
112000092,0,0,0
112000093,24,41,-17
112000094,0,1,-1
112000095,4,44,-40
112000096,0,1,-1
112000097,0,0,0
112000098,4,13,-9
112000099,0,0,0
112000100,0,0,0
112000101,5,37,-32
112000102,0,0,0
112000103,3,37,-34
112000105,10,47,-37
112000106,0,0,0
112000107,0,0,0
112000108,0,4,-4
112000109,0,0,0
112000110,1,0,1
112000111,0,12,-12
112000112,1,0,1
112000113,1,4,-3
112000114,0,2,-2
112000115,0,0,0
112000116,0,0,0
112000117,0,0,0
112000118,2,8,-6
112000119,2,10,-8
112000120,0,2,-2
112000121,0,1,-1
112000122,0,0,0
112000123,1,0,1
112000124,0,1,-1
112000125,0,1,-1
112000126,0,2,-2
112000127,0,2,-2
112000128,4,0,4
112000129,0,4,-4
112000130,0,0,0
112000131,0,1,-1
112000132,0,3,-3
112000133,0,0,0
112000134,0,1,-1
112000135,0,0,0
112000136,1,3,-2
112000137,1,3,-2
112000138,6,5,1
112000139,0,0,0
112000140,0,0,0
112000141,0,0,0
112000142,0,0,0
112000143,0,0,0
112000144,0,0,0
112000145,3,2,1
112000146,6,4,2
112000147,1,4,-3
112000148,3,3,0
112000149,0,0,0
112000150,0,0,0
112000151,0,0,0
112000152,0,0,0
112000153,0,0,0
112000154,0,0,0
112000155,0,0,0
112000157,168,49,119
112000158,0,0,0
112000159,0,0,0
112000167,0,0,0
112000169,0,0,0
112000173,0,0,0
112000175,0,0,0
112000176,0,3,-3
112000177,0,0,0
112000178,0,0,0
112000179,0,2,-2
112000180,0,0,0
112000181,24,79,-55
112000182,0,0,0
112000183,0,0,0
112000184,0,0,0
112000185,0,0,0
112000187,17,31,-14
112000195,0,0,0
112000196,0,0,0
112000197,0,0,0
112000198,0,0,0
112000199,0,0,0
112000202,0,1,-1
112000216,0,0,0
112000230,0,0,0
112000231,0,3,-3
112000256,0,0,0
112000313,0,0,0
112000314,0,0,0
112000337,0,0,0
112000352,0,0,0
112000392,136,44,92
112000398,39,26,13
112000399,0,2,-2
112000400,65,314,-249
112000401,615,242,373
112000402,84,69,15
112000403,2,3,-1
112000404,27,29,-2
112000405,49,107,-58
112000406,174,424,-250
112000407,337,181,156
112000408,515,622,-107
112000409,76,598,-522
112000410,0,0,0
112000411,0,0,0
112000412,0,0,0
112000413,0,0,0
112000414,0,0,0
112000415,0,0,0
112000416,75,44,31
112000417,0,0,0
112000421,0,0,0
112000422,0,0,0
112000424,0,0,0
112000425,2,36,-34
112000426,0,0,0
112000427,0,0,0
112000428,0,0,0
112000429,175,163,12
112000430,67,188,-121
112000431,0,0,0
112000432,3,32,-29
112000433,72,107,-35
112000437,0,0,0
112900001,0,0,0
112900002,0,0,0
112900003,0,0,0
112900004,0,0,0
112900005,0,0,0
112900006,0,0,0
112900007,0,0,0
112900008,0,0,0
112900009,0,0,0
112900010,0,0,0
112900011,0,0,0
112900012,0,0,0
112900013,0,0,0
112900014,0,0,0
112900015,0,0,0
112900016,0,0,0
112900017,0,0,0
112900018,0,0,0
112900019,0,0,0
112900020,0,0,0
112900021,0,0,0
112900022,0,0,0
112900023,0,0,0
112900024,0,0,0
112900025,0,0,0
112900026,0,0,0
112900027,0,0,0
112900028,0,0,0
112900029,0,0,0
112900030,0,0,0
112900031,0,0,0
112900032,0,0,0
112900034,0,0,0
112900035,0,0,0
112900036,0,0,0
112900037,0,0,0
112900038,0,0,0
112900039,0,0,0
112900040,0,0,0
112900041,0,0,0
112900042,0,0,0
112900043,0,0,0
112900044,0,0,0
112900045,0,0,0
112900046,0,0,0
112900047,0,0,0
112900049,0,0,0
112900050,0,0,0
112900051,0,0,0
112900052,0,0,0
112900053,0,0,0
112900054,0,0,0
112900055,0,0,0
112900056,0,0,0
112900057,0,0,0
112900058,0,0,0
112900059,0,0,0
112900060,0,0,0
112900061,0,0,0
112900062,0,0,0
112900063,0,0,0
112900064,0,0,0
112900065,0,0,0
112900066,0,0,0
112900067,0,0,0
112900068,0,0,0
112900069,0,0,0
112900071,0,0,0
112900072,0,0,0
112900073,0,0,0
112900074,0,0,0
112900075,0,0,0
112900076,0,0,0
112900078,0,0,0
112900079,0,0,0
112900080,0,0,0
112900081,0,0,0
112900082,0,0,0
112900083,0,0,0
112900084,0,0,0
112900086,0,0,0
112900087,0,0,0
112900088,0,0,0
112900089,0,0,0
112900090,0,0,0
112900091,0,0,0
112900092,0,0,0
112900093,0,0,0
112900095,0,0,0
112900096,0,0,0
112900097,0,0,0
112900098,0,0,0
112900099,0,0,0
112900100,0,0,0
112900101,0,0,0
112900102,0,0,0
112900103,0,0,0
112900104,0,0,0
112900105,0,0,0
112900106,0,0,0
112900107,0,0,0
112900108,0,0,0
112900109,0,0,0
112900110,0,0,0
112900111,0,0,0
112900112,0,0,0
112900113,0,0,0
112900114,0,0,0
112900115,0,0,0
112900116,0,0,0
112900117,0,0,0
112900118,0,0,0
112900119,0,0,0
112900120,0,0,0
112900121,0,0,0
112900122,0,0,0
112900123,0,0,0
112900124,0,0,0
112900125,0,0,0
112900126,0,0,0
112900127,0,0,0
112900128,0,0,0
112900129,1,11,-10
112900130,0,0,0
112900131,0,0,0
112900132,0,0,0
112900133,0,0,0
112900134,0,5,-5
112900135,0,0,0
112900137,0,0,0
112900138,0,24,-24
112900139,0,0,0
112900141,0,1,-1
112900142,0,0,0
112900143,0,0,0
112900144,0,0,0
112900145,0,0,0
112900146,0,0,0
112900147,0,0,0
112900148,0,0,0
112900149,0,0,0
112900151,0,0,0
112900152,0,0,0
112900153,0,0,0
112900154,0,0,0
112900155,0,0,0
112900156,0,0,0
112900157,0,0,0
112900158,0,0,0
112900159,0,0,0
112900160,0,0,0
112900161,0,0,0
112900162,0,0,0
112900163,0,0,0
112900164,0,0,0
112900165,0,0,0
112900166,0,0,0
112900167,0,0,0
112900168,0,0,0
112900169,0,0,0
112900170,0,0,0
112900172,0,0,0
112900173,0,0,0
112900174,0,0,0
112900175,0,0,0
112900176,0,0,0
112900177,0,0,0
112900178,0,0,0
112900179,0,0,0
112900180,0,0,0
112900181,0,0,0
112900182,0,0,0
112900183,0,0,0
112900184,0,0,0
112900185,0,0,0
112900186,0,0,0
112900187,0,0,0
112900188,0,0,0
112900189,0,0,0
112900190,0,0,0
112900192,0,0,0
112900193,0,0,0
112900194,0,0,0
112900195,0,0,0
112900196,0,0,0
112900197,0,0,0
112900199,0,0,0
112900200,0,0,0
112900201,0,0,0
112900202,0,0,0
112900203,0,0,0
112900204,0,0,0
112900205,0,0,0
112900206,0,0,0
112900207,0,0,0
112900208,0,0,0
112900209,0,0,0
112900210,0,0,0
112900211,0,0,0
112900212,0,0,0
112900213,0,0,0
112900214,0,0,0
112900215,0,0,0
112900216,0,0,0
112900217,0,0,0
112900218,0,0,0
112900219,0,0,0
112900220,0,0,0
112900221,0,0,0
112900222,0,0,0
112900223,0,0,0
112900224,0,0,0
112900225,0,0,0
112900226,0,0,0
112900227,0,0,0
112900228,0,0,0
112900229,0,0,0
112900230,0,0,0
112900232,0,0,0
112900233,0,0,0
112900234,0,0,0
112900235,0,0,0
112900236,0,0,0
112900237,0,0,0
112900238,0,0,0
112900239,0,0,0
113000001,165,147,18
113000002,204,121,83
113000003,12,7,5
113000004,3,2,1
113000005,3,4,-1
113000006,1,2,-1
113000007,14,3,11
113000008,3,3,0
113000009,11,6,5
113000010,2,7,-5
113000011,7,37,-30
113000012,0,0,0
113000013,0,0,0
113000014,20,118,-98
113000015,1,30,-29
113000016,0,0,0
113000017,1,13,-12
113000018,0,0,0
113000019,1,31,-30
113000020,0,0,0
113000021,34,121,-87
113000022,2,100,-98
113000025,2,5,-3
113000026,0,0,0
113000027,0,0,0
113000028,0,6,-6
113000029,2,1,1
113000030,16,12,4
113000031,11,2,9
113000032,0,0,0
113000033,5,1,4
113000034,4,11,-7
113000035,0,1,-1
113000036,0,0,0
113000037,0,0,0
113000038,0,1,-1
113000039,0,0,0
113000040,0,0,0
113000042,2,0,2
113000051,94,150,-56
113000052,121,44,77
113000053,9,14,-5
113000054,8,59,-51
113000055,11,39,-28
113000056,37,28,9
113000058,0,0,0
113000059,0,0,0
113000060,0,0,0
113000061,0,0,0
113000062,1,0,1
113000063,0,0,0
113000064,0,1,-1
113000065,0,10,-10
113000066,0,0,0
113000067,0,0,0
113000068,1,16,-15
113000069,0,8,-8
113000070,0,0,0
113000071,1,3,-2
113000072,0,0,0
113000073,20,36,-16
113000074,0,0,0
113000075,0,0,0
113000076,42,53,-11
113000077,0,0,0
113000078,0,0,0
113000079,2,0,2
113000080,0,0,0
113000081,0,0,0
113000082,1,0,1
113000083,0,0,0
113000084,0,8,-8
113000085,0,0,0
113000086,0,3,-3
113000087,0,0,0
113000088,4,4,0
113000089,0,0,0
113000090,0,0,0
113000091,14,1,13
113000094,2,0,2
113000095,3,22,-19
113000096,5,11,-6
113000097,0,0,0
113000098,0,0,0
113000099,0,0,0
113000100,5,4,1
113000101,1,2,-1
113000102,0,0,0
113000103,0,0,0
113000104,0,0,0
113000105,0,0,0
113000106,0,0,0
113000107,0,0,0
113000108,0,0,0
113000109,0,0,0
113000110,0,0,0
113000111,0,0,0
113000112,0,0,0
113000113,0,0,0
113000114,0,0,0
113000116,0,1,-1
113000117,0,1,-1
113000118,0,0,0
113000119,0,2,-2
113000120,0,0,0
113000121,1,1,0
113000124,0,0,0
113000125,0,0,0
113000127,13,3,10
113000128,0,0,0
113000129,2,1,1
113000133,14,4,10
113000134,0,0,0
113000135,1,0,1
113000137,0,0,0
113000139,0,0,0
113000140,3,2,1
113000141,1,2,-1
113000142,1,3,-2
113000143,0,0,0
113000144,2,0,2
113000145,2,1,1
113000146,1,3,-2
113000147,3,1,2
113000148,0,4,-4
113000149,1,0,1
113000150,2,0,2
113000151,3,0,3
113000152,0,0,0
113000153,8,0,8
113000154,1,4,-3
113000155,1,1,0
113000156,1,4,-3
113000157,3,12,-9
113000158,0,1,-1
113000159,4,0,4
113000160,15,20,-5
113000161,0,0,0
113000162,0,0,0
113000163,0,1,-1
113000164,0,6,-6
113000166,0,0,0
113000167,0,4,-4
113000168,1,12,-11
113000169,0,0,0
113000170,0,0,0
113000171,3,16,-13
113000172,0,0,0
113000173,0,0,0
113000174,0,7,-7
113000175,0,0,0
113000176,3,0,3
113000177,1,14,-13
113000178,1,16,-15
113000179,0,0,0
113000180,6,41,-35
113000181,0,69,-69
113000182,0,0,0
113000183,8,50,-42
113000184,0,6,-6
113000189,0,1,-1
113000190,0,0,0
113000192,69,21,48
113000193,0,0,0
113000194,30,34,-4
113000195,0,0,0
113000196,7,7,0
113000197,0,0,0
113000198,0,1,-1
113000199,0,1,-1
113000201,0,0,0
113000202,18,0,18
113000203,0,0,0
113000204,22,32,-10
113000205,0,0,0
113000206,0,0,0
113000207,0,0,0
113000208,0,1,-1
113000209,0,0,0
113000210,0,0,0
113000211,0,0,0
113000212,0,0,0
113000213,0,0,0
113000214,0,1,-1
113000234,0,4,-4
113000410,0,0,0
113000411,164,350,-186
113000412,762,342,420
113000413,443,435,8
113000414,874,468,406
113000415,699,544,155
113000416,1026,367,659
113000417,317,347,-30
113000418,87,130,-43
113000419,107,109,-2
113000420,728,292,436
113000421,179,192,-13
113000422,1320,307,1013
113000423,546,370,176
113000424,732,630,102
113000425,0,0,0
113000428,3,4,-1
113000430,1,7,-6
113000432,0,0,0
113000433,0,24,-24
113000434,0,0,0
113000435,0,0,0
113000436,0,0,0
113000437,0,0,0
113000438,0,0,0
113000439,0,8,-8
113000440,0,0,0
113000441,0,0,0
113000442,0,9,-9
113000443,0,0,0
113000444,3,11,-8
113000445,0,0,0
113000446,1,3,-2
113000448,11,8,3
113000449,0,0,0
113000450,1,0,1
113000451,19,2,17
113000452,0,0,0
113000453,12,14,-2
113000454,0,0,0
113000455,3,15,-12
113000456,0,0,0
113000468,0,0,0
113000469,0,1,-1
113000470,0,0,0
113000471,0,1,-1
113000472,0,1,-1
113000474,1,0,1
113000475,68,130,-62
113000476,38,166,-128
113000477,131,231,-100
113000478,300,391,-91
113000479,0,0,0
113000480,0,0,0
113000484,0,0,0
113000485,0,0,0
113000486,0,0,0
113000487,0,0,0
113000488,0,0,0
113000489,0,0,0
113000490,0,0,0
113000491,0,0,0
113000492,0,0,0
113000493,0,0,0
113000495,1,12,-11
113000496,0,0,0
113000499,0,0,0
113900001,0,0,0
113900002,0,0,0
113900003,0,0,0
113900004,0,0,0
113900005,0,0,0
113900006,0,0,0
113900007,0,0,0
113900008,0,0,0
113900009,0,0,0
113900010,0,0,0
113900011,0,0,0
113900012,0,0,0
113900013,0,0,0
113900014,0,0,0
113900015,0,0,0
113900016,0,0,0
113900017,0,0,0
113900018,0,0,0
113900019,0,0,0
113900020,0,0,0
113900022,0,0,0
113900023,0,0,0
113900024,0,0,0
113900025,0,0,0
113900026,0,0,0
113900027,0,0,0
113900028,0,0,0
113900029,0,0,0
113900030,0,0,0
113900031,0,0,0
113900032,0,0,0
113900033,0,0,0
113900035,0,0,0
113900036,0,0,0
113900037,0,0,0
113900038,0,0,0
113900039,0,0,0
113900040,0,0,0
113900041,0,0,0
113900042,0,0,0
113900043,0,0,0
113900044,0,0,0
113900045,0,0,0
113900046,0,0,0
113900047,0,0,0
113900048,0,0,0
113900049,0,0,0
113900050,0,0,0
113900051,0,0,0
113900052,0,0,0
113900053,0,0,0
113900054,0,0,0
113900055,0,0,0
113900056,0,0,0
113900057,0,0,0
113900058,0,0,0
113900059,0,0,0
113900060,0,0,0
113900061,0,0,0
113900062,0,0,0
113900063,0,0,0
113900064,0,0,0
113900065,0,0,0
113900066,0,0,0
113900067,0,0,0
113900068,0,0,0
113900069,0,0,0
113900070,0,0,0
113900071,0,0,0
113900072,0,0,0
113900073,0,2,-2
113900074,0,0,0
113900075,0,0,0
113900076,0,0,0
113900077,0,0,0
113900078,0,0,0
113900079,0,0,0
113900080,0,0,0
113900081,0,0,0
113900082,0,0,0
113900083,0,0,0
113900084,0,0,0
113900085,0,0,0
113900086,0,0,0
113900087,0,0,0
113900088,0,0,0
113900089,0,0,0
113900090,0,0,0
113900091,0,0,0
113900092,0,0,0
113900093,0,0,0
113900094,0,0,0
113900095,0,0,0
113900096,0,0,0
113900097,0,0,0
113900098,0,0,0
113900099,0,0,0
113900100,0,0,0
113900101,0,0,0
113900102,0,0,0
113900103,0,0,0
113900104,0,0,0
113900105,0,0,0
113900106,0,0,0
113900107,0,0,0
113900108,0,0,0
113900109,0,0,0
113900110,0,0,0
113900111,0,0,0
113900112,0,0,0
113900113,0,0,0
113900114,0,0,0
113900115,0,0,0
113900116,0,0,0
113900117,0,0,0
113900118,0,0,0
113900119,0,0,0
113900120,0,0,0
113900121,0,0,0
113900122,0,0,0
113900123,0,0,0
113900124,0,0,0
113900125,0,0,0
113900126,0,0,0
113900127,0,0,0
113900128,0,0,0
113900129,0,0,0
113900130,0,0,0
113900131,0,0,0
113900132,0,0,0
113900133,0,0,0
113900135,0,3,-3
113900136,0,0,0
113900137,0,0,0
113900138,0,0,0
113900139,0,0,0
113900140,0,0,0
113900141,0,0,0
113900142,0,0,0
113900143,0,0,0
113900144,0,0,0
113900145,0,0,0
113900146,0,0,0
113900148,0,0,0
113900149,0,0,0
113900150,0,0,0
113900151,0,0,0
113900152,0,0,0
113900153,0,0,0
113900154,0,0,0
113900155,0,0,0
113900156,0,0,0
113900157,0,0,0
113900158,0,0,0
113900159,0,0,0
113900160,0,0,0
113900161,0,0,0
113900162,0,0,0
113900163,0,0,0
113900164,0,0,0
113900165,0,0,0
113900166,0,0,0
113900167,0,0,0
113900168,0,0,0
113900169,0,0,0
113900171,0,0,0
113900172,0,0,0
113900173,0,0,0
113900174,0,0,0
113900175,0,0,0
113900176,0,0,0
113900177,0,0,0
113900178,0,0,0
113900179,0,0,0
113900180,0,0,0
113900181,0,0,0
113900182,0,0,0
113900183,0,0,0
113900184,0,0,0
113900185,0,0,0
113900186,0,0,0
113900187,0,0,0
113900188,0,0,0
113900189,0,0,0
113900190,0,0,0
113900191,0,0,0
113900192,0,0,0
113900193,0,0,0
113900194,0,0,0
113900195,0,0,0
113900196,0,0,0
113900197,0,0,0
113900198,0,0,0
113900199,0,0,0
113900200,0,0,0
113900201,0,0,0
113900202,0,0,0
113900203,0,0,0
113900204,0,0,0
113900205,0,0,0
113900206,0,0,0
113900207,0,0,0
113900208,0,0,0
113900209,0,0,0
113900210,0,0,0
113900211,0,0,0
113900212,0,0,0
113900214,0,0,0
113900215,0,0,0
113900216,0,0,0
113900217,0,0,0
113900218,0,0,0
113900219,0,0,0
113900220,0,0,0
113900221,0,0,0
113900222,0,0,0
113900223,0,0,0
113900224,0,0,0
113900225,0,0,0
113900226,0,0,0
113900227,0,0,0
113900228,0,0,0
113900229,0,0,0
113900230,0,0,0
113900231,0,0,0
113900232,0,0,0
113900233,0,0,0
113900234,0,0,0
113900235,0,0,0
113900236,0,0,0
113900237,0,0,0
113900238,0,0,0
113900239,0,0,0
113900240,0,0,0
113900241,0,0,0
113900242,0,0,0
113900243,0,0,0
113900244,0,0,0
113900245,0,0,0
113900246,0,0,0
113900247,0,0,0
113900248,0,0,0
113900249,0,0,0
113900250,0,0,0
113900251,0,0,0
113900252,0,0,0
113900253,0,0,0
113900254,0,0,0
113900255,0,0,0
113900256,0,0,0
113900257,0,0,0
113900258,0,0,0
113900259,0,0,0
113900260,0,0,0
113900261,0,0,0
113900262,0,0,0
113900263,0,0,0
113900264,0,0,0
113900265,0,0,0
113900266,0,0,0
113900267,0,0,0
113900268,0,0,0
113900269,0,0,0
113900270,0,0,0
113900271,0,0,0
113900273,0,0,0
113900274,0,0,0
113900275,0,0,0
113900276,0,0,0
113900277,0,0,0
113900278,0,0,0
113900279,0,0,0
113900280,0,0,0
113900281,0,0,0
113900282,0,0,0
113900283,0,0,0
113900284,0,0,0
113900285,0,0,0
113900286,0,0,0
113900287,0,0,0
113900288,0,0,0
113900289,0,0,0
113900290,0,0,0
113900291,0,0,0
113900292,0,0,0
113900293,0,0,0
113900294,0,0,0
113900295,1,1,0
113900296,0,0,0
113900297,0,0,0
113900298,0,0,0
113900299,0,0,0
113900300,0,0,0
113900301,0,0,0
113900302,0,0,0
113900303,0,0,0
113900304,0,0,0
113900305,0,0,0
113900306,0,0,0
113900307,0,0,0
113900308,0,0,0
113900309,0,0,0
113900310,0,0,0
113900311,0,0,0
113900312,0,0,0
113900313,0,0,0
114000001,56,26,30
114000002,0,0,0
114000003,0,0,0
114000004,0,0,0
114000005,0,0,0
114000006,2,4,-2
114000007,0,3,-3
114000008,3,4,-1
114000009,0,0,0
114000011,119,53,66
114000012,63,55,8
114000013,43,52,-9
114000014,0,0,0
114000015,0,0,0
114000016,0,0,0
114000017,0,0,0
114000018,0,0,0
114000026,23,42,-19
114000027,32,63,-31
114000028,55,69,-14
114000038,0,0,0
114000039,0,0,0
114000040,0,0,0
114000042,0,0,0
114000043,0,0,0
114000044,0,0,0
114000045,0,0,0
114000046,0,12,-12
114000047,0,0,0
114000048,0,0,0
114000049,0,0,0
114000050,1,0,1
114000051,1,1,0
114000052,1,1,0
114000053,0,0,0
114000054,0,0,0
114000055,0,0,0
114000056,4,7,-3
114000057,175,24,151
114000058,0,0,0
114000059,0,0,0
114000060,0,7,-7
114000061,2,0,2
114000062,2,0,2
114000063,92,118,-26
114000064,348,64,284
114000065,65,75,-10
114000066,0,0,0
114000067,0,0,0
114000068,0,0,0
114000069,0,0,0
114000070,157,67,90
114000071,0,0,0
114000072,0,0,0
114000073,0,0,0
114000074,0,0,0
114000075,0,0,0
114000076,0,0,0
114000077,0,0,0
114000078,0,0,0
114000079,0,0,0
114000080,0,0,0
114000081,0,0,0
114000082,2,6,-4
114000083,0,0,0
114000084,0,0,0
114000085,0,0,0
114000086,0,0,0
114000087,0,0,0
114000088,0,0,0
114000089,0,0,0
114000090,0,0,0
114000091,0,0,0
114000092,0,0,0
114000093,0,0,0
114000094,0,3,-3
114000095,0,0,0
114000096,0,0,0
114000097,0,0,0
114000098,0,0,0
114000099,0,0,0
114000100,0,0,0
114000101,0,0,0
114000102,0,0,0
114000103,0,0,0
114000104,0,0,0
114000105,0,0,0
114000106,0,0,0
114000107,0,0,0
114000108,40,17,23
114000109,0,0,0
114000110,1,16,-15
114000111,0,0,0
114000112,4,26,-22
114000113,1,0,1
114000114,8,47,-39
114000115,0,2,-2
114000116,43,17,26
114000117,42,8,34
114000118,54,5,49
114000119,60,1,59
114000120,0,1,-1
114000121,0,0,0
114000122,0,0,0
114000123,0,0,0
114000124,0,0,0
114000125,3,70,-67
114000126,0,0,0
114000127,0,0,0
114000128,0,0,0
114000130,0,0,0
114000131,0,0,0
114000132,0,2,-2
114000133,0,0,0
114000134,0,0,0
114000138,0,0,0
114000139,0,0,0
114000144,0,0,0
114000145,0,0,0
114000146,0,0,0
114000147,2,1,1
114000148,0,0,0
114000149,0,0,0
114000150,0,0,0
114000151,23,29,-6
114000152,0,0,0
114000153,0,0,0
114000154,0,0,0
114000155,0,0,0
114000156,0,0,0
114000157,0,0,0
114000158,0,0,0
114000159,0,0,0
114000160,0,0,0
114000161,66,57,9
114000162,12,37,-25
114000163,0,0,0
114000165,0,0,0
114000166,0,0,0
114000167,2,5,-3
114000168,10,14,-4
114000169,423,148,275
114000170,112,118,-6
114000171,153,196,-43
114000174,0,4,-4
114000176,2,4,-2
114000177,11,10,1
114000178,0,0,0
114000179,0,0,0
114000180,1,7,-6
114000181,30,113,-83
114000182,277,551,-274
114000183,166,197,-31
114000184,121,331,-210
114000185,56,120,-64
114000189,0,0,0
114000190,0,0,0
114000191,0,0,0
114000192,13,135,-122
114000193,31,158,-127
114000194,4,4,0
114000195,0,0,0
114000196,0,10,-10
114000197,0,0,0
114000198,3,0,3
114000199,0,0,0
114000200,0,6,-6
114000201,0,9,-9
114000202,0,0,0
114000203,0,1,-1
114000204,0,0,0
114000205,1,12,-11
114000206,0,2,-2
114000207,25,177,-152
114000208,13,138,-125
114000209,19,249,-230
114000210,20,195,-175
114000211,0,0,0
114000212,0,2,-2
114000213,101,0,101
114000214,0,0,0
114000215,0,7,-7
114000216,110,1,109
114000217,0,0,0
114000218,0,0,0
114000219,17,1,16
114000220,1,112,-111
114000221,27,2,25
114000222,5,56,-51
114000223,0,0,0
114000224,1,5,-4
114000225,15,60,-45
114000226,2,28,-26
114000227,0,0,0
114000228,0,0,0
114000229,0,4,-4
114000230,0,0,0
114000231,1,1,0
114000232,0,0,0
114000233,0,0,0
114000234,0,0,0
114000235,1,7,-6
114000236,1,149,-148
114000237,0,6,-6
114000238,0,2,-2
114000239,0,5,-5
114000240,2,6,-4
114000241,12,60,-48
114000242,42,47,-5
114000243,2,1,1
114000244,0,0,0
114000245,1,21,-20
114000246,13,8,5
114000247,0,0,0
114000248,1,0,1
114000249,0,0,0
114000250,43,22,21
114000251,6,31,-25
114000252,0,0,0
114000253,0,0,0
114000254,0,0,0
114000255,0,0,0
114000256,0,0,0
114000257,1,175,-174
114000258,22,0,22
114000259,4,29,-25
114000260,0,22,-22
114000261,15,0,15
114000262,0,0,0
114000263,0,0,0
114000264,0,0,0
114000265,0,1,-1
114000267,1,168,-167
114000268,0,99,-99
114000270,0,0,0
114000271,35,0,35
114000283,31,0,31
114000285,2,11,-9
114000288,2,18,-16
114000289,0,0,0
114000293,1,6,-5
114000294,0,0,0
114000395,62,0,62
114000396,0,1,-1
114000402,0,0,0
114000403,0,0,0
114000405,0,0,0
114000423,0,0,0
114000424,0,0,0
114000425,0,0,0
114000426,0,0,0
114000427,1,0,1
114000428,0,0,0
114000429,0,0,0
114000432,0,0,0
114000434,0,0,0
114000435,0,0,0
114900001,0,0,0
114900002,0,0,0
114900003,0,0,0
114900004,0,0,0
114900005,0,0,0
114900006,0,0,0
114900007,0,0,0
114900008,0,0,0
114900010,0,0,0
114900011,0,0,0
114900013,0,0,0
114900015,0,0,0
114900018,0,0,0
114900020,0,0,0
114900022,0,0,0
114900024,0,0,0
114900025,0,0,0
114900026,0,0,0
114900027,0,0,0
114900029,0,0,0
114900030,0,0,0
114900031,0,0,0
114900032,0,0,0
114900033,0,0,0
114900034,0,0,0
114900035,0,0,0
114900036,0,0,0
114900037,0,0,0
114900038,0,0,0
114900039,0,0,0
114900040,0,0,0
114900041,0,0,0
114900042,0,0,0
114900043,0,0,0
114900044,0,0,0
114900046,0,0,0
114900047,0,0,0
114900048,0,0,0
114900049,0,0,0
114900050,0,0,0
114900051,0,0,0
114900052,0,0,0
114900053,0,0,0
114900054,0,0,0
114900057,0,0,0
114900058,0,0,0
114900059,0,0,0
114900060,0,0,0
114900061,0,0,0
114900062,0,0,0
114900063,0,0,0
114900064,0,0,0
114900065,0,0,0
114900067,0,0,0
114900068,0,0,0
114900069,0,0,0
114900070,0,0,0
114900072,0,0,0
114900073,0,0,0
114900074,0,0,0
114900075,0,0,0
114900076,0,0,0
114900080,0,0,0
114900082,0,0,0
114900083,0,0,0
114900090,0,0,0
114900091,0,0,0
114900095,0,0,0
114900096,0,0,0
114900097,0,0,0
114900098,0,0,0
114900099,0,0,0
115000001,420,684,-264
115000002,306,95,211
115000003,312,417,-105
115000004,207,232,-25
115000005,42,279,-237
115000006,33,87,-54
115000007,0,0,0
115000008,0,0,0
115000009,0,0,0
115000010,0,0,0
115000013,0,0,0
115000015,0,2,-2
115000016,0,1,-1
115000019,0,1,-1
115000020,0,0,0
115000021,9,113,-104
115000022,20,41,-21
115000023,31,21,10
115000024,33,58,-25
115000025,19,9,10
115000026,1,22,-21
115000027,18,11,7
115000028,14,46,-32
115000029,10,4,6
115000030,5,110,-105
115000031,66,13,53
115000032,0,7,-7
115000033,0,0,0
115000034,2,58,-56
115000035,0,0,0
115000036,0,28,-28
115000037,0,0,0
115000038,0,0,0
115000039,3,5,-2
115000040,0,0,0
115000041,3,7,-4
115000042,0,0,0
115000043,22,31,-9
115000044,127,129,-2
115000045,40,90,-50
115000046,2,6,-4
115000047,4,3,1
115000048,19,113,-94
115000049,19,127,-108
115000050,4,3,1
115000051,0,3,-3
115000052,190,76,114
115000053,2,3,-1
115000054,51,51,0
115000055,1,36,-35
115000056,0,7,-7
115000057,0,10,-10
115000058,1,39,-38
115000059,0,12,-12
115000061,0,0,0
115000062,0,0,0
115000063,1,1,0
115000064,0,0,0
115000065,0,2,-2
115000067,0,0,0
115000069,1,46,-45
115000070,0,31,-31
115000071,0,0,0
115000072,0,0,0
115000073,32,0,32
115000075,0,0,0
115000076,101,131,-30
115000077,27,95,-68
115000078,25,106,-81
115000079,23,135,-112
115000080,25,196,-171
115000081,0,0,0
115000082,83,222,-139
115000083,0,3,-3
115000084,0,0,0
115000085,0,8,-8
115000086,0,0,0
115000087,0,4,-4
115000088,0,0,0
115000089,278,147,131
115000090,125,310,-185
115000091,1,55,-54
115000092,0,0,0
115000093,0,0,0
115000094,126,193,-67
115000095,149,338,-189
115000096,1,6,-5
115000097,5,31,-26
115000098,8,81,-73
115000099,0,2,-2
115000100,0,0,0
115000101,19,174,-155
115000102,0,0,0
115000103,0,1,-1
115000105,0,0,0
115000106,0,0,0
115000107,7,53,-46
115000108,381,319,62
115000109,51,270,-219
115000110,45,47,-2
115000111,74,153,-79
115000112,18,25,-7
115000113,45,87,-42
115000114,139,59,80
115000116,22,67,-45
115000117,43,113,-70
115000118,21,62,-41
115000119,95,89,6
115000120,10,81,-71
115000121,184,97,87
115000122,139,55,84
115000123,0,0,0
115000124,21,26,-5
115000125,0,0,0
115000126,0,0,0
115000127,5,4,1
115000128,0,1,-1
115000129,0,1,-1
115000130,2,0,2
115000131,0,2,-2
115000132,0,0,0
115000133,0,0,0
115000134,0,0,0
115000135,0,1,-1
115000136,1,0,1
115000137,0,0,0
115000138,0,1,-1
115000139,0,1,-1
115000140,0,1,-1
115000141,0,0,0
115000142,0,1,-1
115000143,1,0,1
115000144,0,0,0
115000145,0,3,-3
115000146,0,0,0
115000147,0,0,0
115000148,0,0,0
115000149,0,1,-1
115000150,0,1,-1
115000151,0,0,0
115000152,0,0,0
115000153,0,0,0
115000154,0,0,0
115000155,0,0,0
115000156,0,0,0
115000157,1,1,0
115000158,0,0,0
115000159,0,0,0
115000160,1,0,1
115000161,0,0,0
115000162,0,0,0
115000163,10,14,-4
115000164,8,14,-6
115000165,0,0,0
115000167,0,0,0
115000168,0,0,0
115000169,16,13,3
115000170,1,13,-12
115000171,0,0,0
115000172,3,0,3
115000173,0,0,0
115000174,0,0,0
115000175,0,0,0
115000176,0,0,0
115000177,0,0,0
115000178,0,2,-2
115000179,0,0,0
115000180,0,3,-3
115000181,0,0,0
115000182,0,0,0
115000183,2,9,-7
115000186,56,15,41
115000187,0,57,-57
115000188,189,11,178
115000189,8,57,-49
115000190,66,8,58
115000191,0,72,-72
115000194,0,0,0
115000195,0,0,0
115000196,0,0,0
115000197,0,0,0
115000198,0,0,0
115000199,0,0,0
115000200,0,0,0
115000201,0,0,0
115000206,0,0,0
115000207,0,37,-37
115000208,10,70,-60
115000209,38,1,37
115000210,0,0,0
115000211,10,14,-4
115000212,53,23,30
115000224,0,0,0
115000225,0,0,0
115000229,0,0,0
115000230,0,0,0
115000231,0,125,-125
115000232,0,0,0
115000233,0,0,0
115000234,0,0,0
115000241,0,0,0
115000242,0,0,0
115000243,0,0,0
115000244,0,0,0
115000246,0,0,0
115000247,0,0,0
115000248,0,0,0
115000249,0,0,0
115000250,0,0,0
115000251,0,0,0
115000252,0,0,0
115000253,0,0,0
115000258,0,0,0
115000259,0,0,0
115000261,0,0,0
115000262,0,0,0
115000263,0,0,0
115000264,0,0,0
115000267,0,0,0
115000268,0,0,0
115000269,0,0,0
115000270,0,0,0
115000272,0,0,0
115000273,0,0,0
115000280,0,0,0
115000281,8,5,3
115000282,8,2,6
115000284,321,46,275
115000296,0,0,0
115000297,0,0,0
115000298,1,1,0
115000300,0,0,0
115000302,0,0,0
115000303,0,0,0
115000304,0,0,0
115000305,0,6,-6
115000306,0,11,-11
115000307,0,1,-1
115000308,0,0,0
115000309,0,0,0
115000310,1,3,-2
115000311,0,0,0
115000313,7,7,0
115000314,0,0,0
115000315,61,212,-151
115000316,0,0,0
115000317,3,31,-28
115000318,66,1,65
115000319,1,48,-47
115000320,0,45,-45
115000321,68,2,66
115000322,0,61,-61
115000449,0,0,0
115000557,0,0,0
115000558,0,0,0
115000587,0,1,-1
115000588,175,492,-317
115000589,401,127,274
115000590,66,187,-121
115000591,57,53,4
115000592,55,223,-168
115000593,41,13,28
115000594,95,257,-162
115000609,1,2,-1
115000617,28,9,19
115000624,0,0,0
115000633,4,81,-77
115000634,395,42,353
115000635,19,9,10
115000638,0,0,0
115000641,0,0,0
115000642,0,1,-1
115000643,0,54,-54
115000644,2,31,-29
115000646,35,46,-11
115000647,6,28,-22
115000648,9,115,-106
115000893,543,94,449
115000894,7,136,-129
115000895,36,209,-173
115000896,126,29,97
115000897,69,3,66
115000898,132,7,125
115000899,5,43,-38
115000900,18,13,5
115000901,6,39,-33
115000912,11,3,8
115000913,0,0,0
115000915,0,0,0
115000916,0,0,0
115000917,0,0,0
115000918,0,0,0
115000919,0,0,0
115000920,0,0,0
115000921,0,0,0
115000922,73,52,21
115000923,19,104,-85
115000925,0,0,0
115000927,0,0,0
115000933,9,25,-16
115000934,0,0,0
115000935,0,0,0
115000936,0,0,0
115000937,18,3,15
115000938,37,13,24
115000939,34,14,20
115900001,0,0,0
115900002,0,0,0
115900003,0,0,0
115900004,0,0,0
115900005,0,0,0
115900006,0,0,0
115900008,0,0,0
115900009,0,0,0
115900010,0,0,0
115900011,0,0,0
115900012,0,0,0
115900013,0,0,0
115900014,0,0,0
115900015,0,0,0
115900016,0,0,0
115900017,0,0,0
115900018,0,0,0
115900019,0,0,0
115900020,0,0,0
115900021,0,0,0
115900022,0,0,0
115900023,0,0,0
115900025,0,0,0
115900026,0,0,0
115900027,0,0,0
115900028,0,0,0
115900029,0,0,0
115900030,0,0,0
115900031,0,0,0
115900032,0,0,0
115900033,0,0,0
115900034,0,0,0
115900035,0,0,0
115900036,0,0,0
115900037,0,0,0
115900038,0,0,0
115900039,0,0,0
115900041,0,0,0
115900042,0,0,0
115900043,0,0,0
115900044,0,0,0
115900046,0,0,0
115900047,0,0,0
115900049,0,0,0
115900051,0,0,0
115900052,0,0,0
115900053,0,0,0
115900054,0,0,0
115900055,0,0,0
115900056,0,0,0
115900057,0,0,0
115900058,0,0,0
115900060,0,0,0
115900061,0,0,0
115900062,0,0,0
115900063,0,0,0
115900064,0,0,0
115900065,0,0,0
115900066,0,0,0
115900067,0,0,0
115900068,0,0,0
115900069,0,0,0
115900070,0,0,0
115900071,0,0,0
115900072,0,0,0
115900073,0,0,0
115900074,0,0,0
115900075,0,0,0
115900076,0,0,0
115900077,0,0,0
115900078,0,0,0
115900079,0,0,0
115900080,0,0,0
115900081,0,0,0
115900082,0,0,0
115900084,0,0,0
115900085,0,0,0
115900086,0,0,0
115900088,0,0,0
115900089,0,0,0
115900090,0,0,0
115900091,0,0,0
115900092,0,0,0
115900093,0,0,0
115900094,0,0,0
115900096,0,0,0
115900097,0,0,0
115900098,0,0,0
115900099,0,0,0
115900100,0,0,0
115900101,0,0,0
115900102,0,0,0
115900103,0,0,0
115900104,0,0,0
115900105,0,0,0
115900106,0,0,0
115900107,0,0,0
115900108,0,0,0
115900109,0,0,0
115900110,0,0,0
115900111,0,0,0
115900112,0,0,0
115900113,0,0,0
115900114,0,0,0
115900115,0,0,0
115900116,0,0,0
115900117,0,0,0
115900118,0,0,0
115900119,0,0,0
115900120,0,0,0
115900121,0,0,0
115900124,0,0,0
115900125,0,0,0
115900126,0,0,0
115900127,0,0,0
115900128,0,0,0
115900129,0,0,0
115900130,0,0,0
115900131,0,0,0
115900132,0,0,0
115900134,0,0,0
115900135,0,0,0
115900137,0,0,0
115900139,0,0,0
115900140,0,0,0
115900141,0,0,0
115900142,0,0,0
115900143,0,0,0
115900144,0,0,0
115900146,0,0,0
115900147,0,0,0
115900148,0,0,0
115900149,0,0,0
115900150,0,0,0
115900151,0,0,0
115900152,0,0,0
115900153,0,0,0
115900154,0,0,0
115900155,0,0,0
115900156,0,0,0
115900157,0,0,0
115900158,0,0,0
115900159,0,0,0
115900160,0,0,0
115900161,0,0,0
115900163,0,0,0
115900164,0,0,0
115900166,0,0,0
115900168,0,0,0
115900171,0,0,0
115900172,0,0,0
115900173,0,0,0
115900174,0,0,0
115900175,0,0,0
115900178,0,0,0
115900179,0,0,0
115900180,0,0,0
115900181,0,0,0
115900182,0,0,0
115900183,0,0,0
115900184,0,0,0
115900187,0,0,0
115900189,0,0,0
115900190,0,0,0
115900191,0,0,0
115900192,0,0,0
115900193,0,0,0
115900194,0,0,0
115900195,0,0,0
115900198,0,0,0
115900199,0,0,0
115900200,0,0,0
115900201,0,0,0
115900202,0,0,0
115900203,0,0,0
115900204,0,0,0
115900205,0,0,0
115900206,0,0,0
115900207,0,0,0
115900208,0,0,0
115900209,0,0,0
115900210,0,0,0
115900211,0,0,0
115900212,0,0,0
115900213,0,0,0
115900214,0,0,0
115900215,0,0,0
115900216,0,0,0
115900217,0,0,0
115900218,0,0,0
115900219,0,0,0
115900220,0,0,0
115900221,0,0,0
115900222,0,0,0
115900223,0,0,0
115900224,0,0,0
115900225,0,0,0
115900226,0,0,0
115900227,0,0,0
115900228,0,0,0
115900229,0,0,0
115900230,0,0,0
115900231,0,0,0
115900232,0,0,0
115900233,0,0,0
115900234,0,0,0
115900235,0,0,0
115900236,0,0,0
115900237,0,0,0
115900238,0,0,0
115900239,0,0,0
115900240,0,0,0
115900241,0,0,0
115900242,0,0,0
115900243,0,0,0
115900244,0,0,0
115900245,0,0,0
115900246,0,0,0
115900247,0,0,0
115900248,0,0,0
115900249,0,0,0
115900250,0,0,0
115900251,0,0,0
115900252,0,0,0
115900253,0,0,0
115900254,0,0,0
115900255,0,0,0
115900256,0,0,0
115900257,0,0,0
115900258,0,0,0
115900259,0,0,0
115900260,0,0,0
115900261,0,0,0
115900262,0,0,0
115900263,0,0,0
115900264,0,0,0
115900265,0,0,0
115900266,0,0,0
115900267,0,0,0
115900268,0,0,0
115900269,0,0,0
115900270,0,0,0
115900271,0,0,0
115900272,0,0,0
115900273,0,0,0
115900274,0,0,0
115900275,0,0,0
115900276,0,0,0
115900277,0,0,0
115900278,0,0,0
115900279,0,0,0
115900280,0,0,0
115900281,0,0,0
115900282,0,0,0
115900283,0,0,0
115900284,0,0,0
116000001,827,329,498
116000002,484,246,238
116000003,55,95,-40
116000004,116,65,51
116000005,26,131,-105
116000006,74,36,38
116000007,109,203,-94
116000008,148,68,80
116000009,44,119,-75
116000010,67,19,48
116000011,19,81,-62
116000012,104,20,84
116000013,787,408,379
116000014,0,0,0
116000015,3,54,-51
116000016,0,0,0
116000017,1,24,-23
116000018,0,0,0
116000019,30,44,-14
116000020,63,61,2
116000021,24,63,-39
116000022,14,89,-75
116000023,3,20,-17
116000024,0,0,0
116000025,3,22,-19
116000026,0,0,0
116000027,3,19,-16
116000028,0,0,0
116000029,29,11,18
116000030,0,0,0
116000031,9,12,-3
116000032,5,31,-26
116000033,0,1,-1
116000034,1,1,0
116000035,6,56,-50
116000036,1,6,-5
116000037,0,0,0
116000038,0,0,0
116000039,1,9,-8
116000040,0,0,0
116000041,1,13,-12
116000042,0,0,0
116000043,2,9,-7
116000044,0,0,0
116000045,0,0,0
116000046,5,44,-39
116000047,14,52,-38
116000048,6,19,-13
116000049,7,37,-30
116000050,6,23,-17
116000051,13,39,-26
116000052,12,34,-22
116000053,0,1,-1
116000054,9,48,-39
116000055,1,21,-20
116000056,1,1,0
116000057,28,24,4
116000058,0,0,0
116000059,0,0,0
116000060,0,0,0
116000061,4,2,2
116000062,0,0,0
116000063,4,3,1
116000066,0,0,0
116000067,2,7,-5
116000068,0,0,0
116000069,1,1,0
116000078,0,0,0
116000080,4,7,-3
116000082,0,0,0
116000083,63,10,53
116000084,11,134,-123
116000085,110,11,99
116000086,10,39,-29
116000087,103,15,88
116000088,39,98,-59
116000089,0,0,0
116000090,0,0,0
116000091,0,0,0
116000093,10,1,9
116000094,0,67,-67
116000095,18,2,16
116000096,5,95,-90
116000097,15,1,14
116000098,0,140,-140
116000099,131,1,130
116000100,0,0,0
116000101,0,0,0
116000102,0,0,0
116000103,0,0,0
116000104,0,0,0
116000105,0,0,0
116000106,0,0,0
116000107,0,0,0
116000108,0,0,0
116000111,0,0,0
116000113,0,0,0
116000114,0,0,0
116000115,0,0,0
116000116,0,0,0
116000117,0,0,0
116000118,0,7,-7
116000119,0,1,-1
116000120,5,10,-5
116000121,0,0,0
116000122,58,177,-119
116000123,0,0,0
116000124,20,147,-127
116000125,0,0,0
116000126,11,184,-173
116000127,48,144,-96
116000128,0,0,0
116000129,0,0,0
116000130,0,0,0
116000133,3,8,-5
116000134,26,121,-95
116000135,3,11,-8
116000136,16,108,-92
116000137,2,11,-9
116000138,12,1,11
116000139,22,153,-131
116000140,1,4,-3
116000141,0,0,0
116000142,32,202,-170
116000143,235,6,229
116000144,10,134,-124
116000145,150,24,126
116000146,0,0,0
116000147,45,13,32
116000148,1,3,-2
116000149,0,1,-1
116000151,6,69,-63
116000153,0,0,0
116000155,0,0,0
116000156,6,68,-62
116000157,0,0,0
116000158,1,63,-62
116000159,0,0,0
116000160,0,0,0
116000161,0,0,0
116000162,0,0,0
116000163,0,0,0
116000164,0,0,0
116000177,0,0,0
116000194,0,59,-59
116000195,51,9,42
116000196,0,0,0
116000197,0,0,0
116000198,0,1,-1
116000200,11,96,-85
116000201,0,0,0
116000202,0,0,0
116000203,0,0,0
116000204,0,0,0
116000205,0,0,0
116000206,0,0,0
116000207,0,0,0
116000233,0,0,0
116000287,5,56,-51
116000288,0,0,0
116000292,0,0,0
116000296,0,0,0
116000297,0,0,0
116000304,0,0,0
116000305,0,0,0
116000346,0,0,0
116000352,0,0,0
116000354,0,0,0
116000357,0,0,0
116000358,0,0,0
116000361,0,0,0
116000372,11,28,-17
116000381,0,0,0
116000388,0,0,0
116000389,0,0,0
116000445,7,91,-84
116000446,0,0,0
116000447,0,79,-79
116000448,0,0,0
116000563,0,0,0
116000565,0,0,0
116000568,0,0,0
116000579,0,0,0
116000584,0,0,0
116000585,0,0,0
116000586,0,0,0
116000587,0,0,0
116000589,0,0,0
116000590,0,0,0
116000591,0,0,0
116000592,0,0,0
116000593,0,0,0
116000594,0,0,0
116000595,0,0,0
116000596,0,0,0
116000597,0,0,0
116000598,0,0,0
116000602,0,0,0
116000605,0,0,0
116000606,0,0,0
116000607,0,0,0
116000609,0,0,0
116000611,2,53,-51
116000612,88,30,58
116000613,0,0,0
116000614,25,87,-62
116000615,0,28,-28
116000616,0,0,0
116000617,0,0,0
116000618,0,0,0
116000619,0,0,0
116000620,0,0,0
116000621,0,0,0
116000622,0,0,0
116000624,0,0,0
116000627,0,0,0
116000628,0,0,0
116000629,0,0,0
116000630,0,0,0
116000631,0,0,0
116000632,0,0,0
116000633,0,0,0
116000634,0,0,0
116000635,45,60,-15
116000636,142,94,48
116000637,0,0,0
116000638,0,0,0
116900001,0,0,0
116900002,0,0,0
116900003,0,0,0
116900004,0,0,0
116900005,0,0,0
116900006,0,0,0
116900007,0,0,0
116900008,0,0,0
116900009,0,0,0
116900010,0,0,0
116900011,0,0,0
116900012,0,0,0
116900013,0,0,0
116900014,0,0,0
116900015,0,0,0
116900016,0,0,0
116900017,0,0,0
116900018,0,0,0
116900019,0,0,0
116900020,0,0,0
116900023,0,0,0
116900024,0,0,0
116900025,0,0,0
116900026,0,0,0
116900027,0,0,0
116900028,0,0,0
116900029,0,0,0
116900031,0,0,0
116900032,0,0,0
116900033,0,0,0
116900034,0,0,0
116900035,0,0,0
116900036,0,0,0
116900038,0,0,0
116900041,0,0,0
116900042,0,0,0
116900043,0,0,0
116900047,0,0,0
116900049,0,0,0
116900050,0,0,0
116900051,0,0,0
116900052,0,0,0
116900055,0,0,0
116900057,0,0,0
116900058,0,0,0
116900059,0,0,0
116900060,0,0,0
116900062,0,0,0
116900064,0,0,0
116900065,0,0,0
116900067,0,0,0
116900068,0,0,0
116900070,0,0,0
116900072,0,0,0
116900073,0,0,0
116900074,0,0,0
116900076,0,0,0
116900077,0,0,0
116900078,0,0,0
116900079,0,0,0
116900080,0,0,0
116900081,0,0,0
116900082,0,0,0
116900083,0,0,0
116900084,0,0,0
116900085,0,0,0
116900086,0,0,0
116900088,0,0,0
116900090,0,0,0
116900091,0,0,0
116900092,0,0,0
116900093,0,0,0
116900094,0,0,0
116900095,0,0,0
116900096,0,0,0
116900097,0,0,0
116900098,0,0,0
116900099,0,0,0
116900100,0,0,0
116900101,0,0,0
116900103,0,0,0
116900104,0,0,0
116900105,0,0,0
116900106,0,0,0
116900107,0,0,0
116900110,0,0,0
116900111,0,0,0
116900112,0,0,0
116900113,0,0,0
116900116,0,0,0
116900117,0,0,0
116900118,0,0,0
116900120,0,0,0
116900121,0,0,0
116900122,0,0,0
116900123,0,0,0
116900124,0,0,0
116900125,0,0,0
116900126,0,0,0
116900128,0,0,0
116900129,0,0,0
116900130,0,0,0
116900131,0,0,0
116900132,0,0,0
116900133,0,0,0
116900134,0,0,0
116900136,0,0,0
116900137,0,0,0
116900138,0,0,0
116900139,0,0,0
116900140,0,0,0
116900141,0,0,0
116900142,0,0,0
116900143,0,0,0
116900144,0,0,0
116900145,0,0,0
116900147,0,0,0
116900148,0,0,0
116900149,0,0,0
116900150,0,0,0
116900151,0,0,0
116900153,0,0,0
116900154,0,0,0
116900155,0,0,0
116900157,0,0,0
116900158,0,0,0
116900159,0,0,0
116900160,0,0,0
116900161,0,0,0
116900162,0,0,0
116900163,0,0,0
116900164,0,0,0
116900165,0,0,0
116900166,0,0,0
116900167,0,0,0
116900168,0,0,0
116900169,0,0,0
116900170,0,0,0
116900171,0,0,0
116900172,0,0,0
116900173,0,0,0
116900174,0,0,0
116900175,0,0,0
116900178,0,0,0
116900179,0,0,0
116900180,0,0,0
116900182,0,0,0
116900183,0,0,0
116900185,0,0,0
116900186,0,0,0
116900187,0,0,0
116900188,0,0,0
116900189,0,0,0
116900191,0,0,0
116900192,0,0,0
116900194,0,0,0
116900195,0,0,0
116900196,0,0,0
116900197,0,0,0
116900198,0,0,0
116900200,0,0,0
116900201,0,0,0
116900202,0,0,0
116900203,0,0,0
116900204,0,0,0
116900205,0,0,0
116900206,0,0,0
116900207,0,0,0
116900208,0,0,0
116900209,0,0,0
116900210,0,0,0
116900211,0,0,0
116900212,0,0,0
116900213,0,0,0
116900214,0,0,0
116900215,0,0,0
116900216,0,0,0
116900218,0,0,0
116900219,0,0,0
116900220,0,0,0
116900221,0,0,0
116900222,0,0,0
116900223,0,0,0
116900226,0,0,0
116900227,0,0,0
116900228,0,0,0
116900230,0,0,0
116900231,0,0,0
116900232,0,0,0
116900233,0,0,0
116900234,0,0,0
116900235,0,0,0
116900238,0,0,0
116900239,0,0,0
116900240,0,0,0
116900241,0,0,0
116900242,0,0,0
116900243,0,0,0
116900245,0,0,0
116900246,0,0,0
116900247,0,0,0
116900248,0,0,0
116900249,0,0,0
116900250,0,0,0
116900251,0,0,0
116900252,0,0,0
116900253,0,0,0
116900254,0,0,0
116900255,0,0,0
116900256,0,0,0
116900257,0,0,0
116900258,0,0,0
116900259,0,0,0
116900260,0,0,0
116900261,0,0,0
116900262,0,0,0
116900263,0,0,0
116900264,0,0,0
116900265,0,0,0
116900266,0,0,0
116900267,0,0,0
116900268,0,0,0
116900269,0,0,0
116900271,0,0,0
116900272,0,0,0
116900273,0,0,0
116900274,0,0,0
116900275,0,0,0
116900276,0,0,0
116900277,0,0,0
116900278,0,0,0
116900279,0,0,0
116900280,0,0,0
116900281,0,0,0
116900282,0,0,0
116900283,0,0,0
116900284,0,0,0
116900285,0,0,0
116900286,0,0,0
116900287,0,0,0
116900288,0,0,0
116900289,0,0,0
116900290,0,0,0
116900291,0,0,0
116900292,0,0,0
116900293,0,0,0
116900294,0,0,0
116900295,0,0,0
116900296,0,0,0
116900297,0,0,0
116900298,0,0,0
116900299,0,0,0
116900300,0,0,0
116900301,0,0,0
116900302,0,0,0
116900303,0,0,0
116900304,0,0,0
116900305,0,0,0
116900306,0,0,0
117000001,20,50,-30
117000002,21,213,-192
117000003,178,57,121
117000004,99,270,-171
117000005,52,25,27
117000006,21,206,-185
117000007,68,8,60
117000008,17,276,-259
117000009,0,0,0
117000010,43,132,-89
117000011,2,0,2
117000012,27,94,-67
117000013,0,0,0
117000014,20,75,-55
117000015,1,1,0
117000016,1,1,0
117000017,0,0,0
117000018,0,8,-8
117000019,0,0,0
117000020,2,29,-27
117000021,1,10,-9
117000022,0,0,0
117000023,0,6,-6
117000024,4,14,-10
117000025,2,2,0
117000026,0,0,0
117000027,11,46,-35
117000028,0,0,0
117000030,0,0,0
117000031,0,0,0
117000032,75,40,35
117000033,63,27,36
117000034,0,0,0
117000035,0,0,0
117000036,0,0,0
117000037,0,0,0
117000038,0,0,0
117000039,0,0,0
117000040,0,0,0
117000041,0,0,0
117000044,0,0,0
117000045,0,0,0
117000046,0,0,0
117000047,0,0,0
117000048,16,21,-5
117000049,0,0,0
117000050,0,4,-4
117000051,1,0,1
117000052,0,0,0
117000053,0,0,0
117000054,65,0,65
117000055,0,64,-64
117000056,25,1,24
117000057,0,44,-44
117000060,0,0,0
117000061,0,0,0
117000062,0,0,0
117000063,0,0,0
117000064,0,0,0
117000066,0,0,0
117000067,0,0,0
117000074,0,0,0
117000076,0,0,0
117000077,1,2,-1
117000078,2,52,-50
117000079,0,0,0
117000080,1,116,-115
117000081,0,0,0
117000082,0,39,-39
117000083,0,0,0
117000084,0,0,0
117000085,0,53,-53
117000086,0,0,0
117000087,7,149,-142
117000088,0,0,0
117000089,0,0,0
117000090,6,136,-130
117000091,0,0,0
117000092,6,127,-121
117000093,1,0,1
117000094,12,135,-123
117000095,0,0,0
117000096,16,251,-235
117000097,0,1,-1
117000098,42,282,-240
117000099,0,0,0
117000100,0,0,0
117000101,0,0,0
117000102,0,2,-2
117000103,50,120,-70
117000104,0,0,0
117000105,30,77,-47
117000106,0,0,0
117000107,30,76,-46
117000108,0,0,0
117000109,136,122,14
117000110,0,0,0
117000111,227,56,171
117000112,28,27,1
117000113,0,0,0
117000114,0,0,0
117000115,0,0,0
117000116,0,0,0
117000117,0,0,0
117000118,0,0,0
117000119,0,0,0
117000120,0,0,0
117000121,0,0,0
117000122,0,0,0
117000123,0,0,0
117000124,0,0,0
117000125,0,0,0
117000126,0,0,0
117000127,0,0,0
117000128,0,0,0
117000129,0,0,0
117000130,0,0,0
117000131,0,6,-6
117000132,70,37,33
117000133,0,0,0
117000134,1,11,-10
117000135,1,0,1
117000136,0,1,-1
117000137,0,0,0
117000138,0,43,-43
117000140,9,71,-62
117000141,0,0,0
117000181,4,0,4
117000182,0,0,0
117000195,0,0,0
117000196,0,0,0
117000225,0,0,0
117000226,0,0,0
117000276,0,0,0
117000277,0,0,0
117000310,47,64,-17
117000315,0,0,0
117000320,0,0,0
117000906,0,0,0
117000907,0,0,0
117000908,0,0,0
117000909,0,0,0
117000910,31,0,31
117000911,2,85,-83
117000915,0,0,0
117000916,0,0,0
117000917,0,0,0
117000918,0,0,0
117000919,0,0,0
117000920,0,41,-41
117000921,0,0,0
117000922,0,0,0
117000924,0,1,-1
117000926,6,3,3
117000927,0,0,0
117000928,0,25,-25
117000929,0,2,-2
117000930,0,0,0
117000931,0,0,0
117900002,0,0,0
117900003,0,0,0
117900005,0,0,0
117900006,0,0,0
117900007,0,0,0
117900008,0,0,0
117900010,0,0,0
117900011,0,0,0
117900012,0,0,0
117900013,0,0,0
117900014,0,0,0
117900015,0,0,0
117900016,0,0,0
117900017,0,0,0
117900018,0,0,0
117900019,0,0,0
117900020,0,0,0
117900021,0,0,0
117900022,0,0,0
117900023,0,0,0
117900024,0,0,0
117900025,0,0,0
117900026,0,0,0
117900028,0,0,0
117900029,0,0,0
117900030,0,0,0
117900031,0,0,0
117900032,0,0,0
117900033,0,0,0
117900034,0,0,0
117900035,0,0,0
117900036,0,0,0
117900037,0,0,0
117900038,0,0,0
117900039,0,0,0
117900040,0,0,0
117900041,0,0,0
117900042,0,0,0
117900043,0,0,0
117900044,0,0,0
117900045,0,0,0
117900048,0,0,0
117900049,0,0,0
117900050,0,0,0
117900051,0,0,0
117900052,0,0,0
117900053,0,0,0
117900054,0,0,0
117900055,0,0,0
117900056,0,0,0
117900057,0,0,0
117900058,0,0,0
117900059,0,0,0
117900060,0,2,-2
117900061,0,0,0
117900063,0,0,0
117900065,0,0,0
117900066,0,0,0
117900067,0,0,0
117900069,0,0,0
117900070,0,0,0
117900071,0,0,0
117900073,0,0,0
117900074,0,0,0
117900075,0,0,0
117900076,0,0,0
117900077,0,0,0
117900078,0,0,0
117900080,0,0,0
117900081,0,0,0
117900082,0,0,0
117900083,0,0,0
117900086,0,0,0
117900087,0,0,0
117900088,0,0,0
117900089,0,0,0
117900090,0,0,0
117900091,0,0,0
117900092,0,0,0
117900093,0,0,0
117900094,0,0,0
117900095,0,0,0
117900096,0,0,0
117900097,0,0,0
117900098,0,0,0
117900099,0,0,0
117900100,0,0,0
117900101,0,0,0
117900102,0,0,0
117900103,0,0,0
117900104,0,0,0
117900105,0,0,0
117900106,0,0,0
117900107,0,0,0
117900109,0,0,0
117900110,0,0,0
117900111,0,0,0
117900112,0,0,0
117900113,0,0,0
117900114,0,0,0
117900115,0,0,0
117900116,0,0,0
117900117,0,0,0
117900118,0,0,0
117900119,0,0,0
117900120,0,0,0
117900121,0,0,0
117900122,0,0,0
117900123,0,0,0
117900124,0,0,0
117900125,203,2,201
117900126,0,0,0
117900127,0,0,0
117900128,0,0,0
117900129,0,0,0
117900130,0,0,0
117900131,0,0,0
117900132,0,0,0
117900133,0,0,0
117900134,0,0,0
117900135,0,0,0
117900136,0,0,0
117900137,0,0,0
117900138,0,0,0
117900139,0,4,-4
117900140,0,0,0
117900141,0,0,0
117900142,0,0,0
117900144,0,0,0
117900145,0,0,0
117900146,0,0,0
117900147,0,0,0
117900148,0,0,0
117900149,0,0,0
117900150,0,0,0
117900151,0,0,0
117900152,0,0,0
117900153,0,0,0
117900154,0,0,0
117900156,0,0,0
117900157,0,0,0
117900158,0,0,0
117900160,0,0,0
117900161,0,0,0
117900162,0,0,0
117900163,0,0,0
117900165,0,0,0
117900166,0,0,0
117900168,0,0,0
117900169,0,0,0
117900170,0,0,0
117900171,0,0,0
117900172,0,0,0
117900173,0,0,0
117900174,0,0,0
117900175,0,0,0
117900176,0,0,0
117900177,0,0,0
117900178,0,0,0
117900180,0,0,0
117900181,0,0,0
117900182,0,0,0
117900183,0,0,0
117900184,0,0,0
117900185,0,0,0
117900186,0,0,0
117900187,0,0,0
117900188,0,0,0
117900189,0,0,0
117900190,0,0,0
117900191,0,0,0
117900192,0,0,0
117900193,0,0,0
117900194,0,0,0
117900195,0,0,0
117900196,0,0,0
117900207,0,0,0
117900208,0,0,0
117900209,0,0,0
117900210,0,0,0
117900211,0,0,0
117900212,0,0,0
117900213,0,0,0
117900214,0,0,0
117900215,0,0,0
117900216,0,0,0
117900217,0,0,0
117900218,0,0,0
117900219,0,0,0
117900220,0,0,0
117900222,0,0,0
117900223,0,0,0
118000001,48,52,-4
118000002,40,142,-102
118000003,118,84,34
118000004,112,77,35
118000005,409,109,300
118000006,248,322,-74
118000007,258,78,180
118000008,79,114,-35
118000009,27,88,-61
118000010,2,6,-4
118000011,0,1,-1
118000012,0,3,-3
118000013,1,4,-3
118000014,0,3,-3
118000016,0,1,-1
118000017,0,0,0
118000018,0,0,0
118000019,142,8,134
118000020,6,4,2
118000021,0,4,-4
118000022,12,0,12
118000023,3,1,2
118000024,3,4,-1
118000027,797,147,650
118000029,7,4,3
118000032,2,5,-3
118000033,101,130,-29
118000034,265,36,229
118000035,5,284,-279
118000036,2,4,-2
118000037,2,3,-1
118000038,0,0,0
118000039,0,0,0
118000040,6,81,-75
118000041,17,30,-13
118000045,0,1,-1
118000046,1,0,1
118000047,0,1,-1
118000048,0,4,-4
118000051,0,0,0
118000052,2,0,2
118000053,0,1,-1
118000054,1,0,1
118000055,0,1,-1
118000056,0,0,0
118000057,0,0,0
118000058,0,0,0
118000059,0,0,0
118000060,1,1,0
118000061,1,8,-7
118000062,0,0,0
118000063,1,0,1
118000064,1,0,1
118000065,7,3,4
118000066,0,2,-2
118000067,12,90,-78
118000068,0,7,-7
118000069,2,2,0
118000070,8,1,7
118000071,0,8,-8
118000072,0,0,0
118000073,3,0,3
118000074,0,0,0
118000075,0,0,0
118000076,56,39,17
118000077,183,40,143
118000078,52,55,-3
118000079,2,7,-5
118000080,77,32,45
118000081,50,58,-8
118000082,1,1,0
118000083,0,1,-1
118000084,8,0,8
118000086,0,0,0
118000087,556,225,331
118000088,3,16,-13
118000089,47,484,-437
118000090,285,37,248
118000091,264,443,-179
118000092,4,0,4
118000093,0,0,0
118000096,0,0,0
118000097,0,1,-1
118000098,0,1,-1
118000099,0,2,-2
118000101,2,0,2
118000102,0,3,-3
118000107,18,4,14
118000108,0,0,0
118000110,0,0,0
118000111,1,26,-25
118000112,0,0,0
118000113,0,34,-34
118000114,0,0,0
118000115,0,0,0
118000116,0,0,0
118000117,39,32,7
118000118,14,34,-20
118000119,33,53,-20
118000120,59,70,-11
118000121,0,0,0
118000122,0,0,0
118000123,0,0,0
118000125,0,3,-3
118000126,1,0,1
118000127,1,0,1
118000128,0,4,-4
118000129,40,36,4
118000130,25,142,-117
118000131,35,136,-101
118000132,2,24,-22
118000133,11,30,-19
118000135,0,0,0
118000136,0,0,0
118000137,0,0,0
118000138,0,0,0
118000139,0,0,0
118000140,16,8,8
118000141,3,1,2
118000142,1,5,-4
118000143,0,4,-4
118000144,0,2,-2
118000145,22,43,-21
118000146,7,18,-11
118000147,21,25,-4
118000148,3,4,-1
118000149,1,7,-6
118000150,0,1,-1
118000151,0,0,0
118000153,0,0,0
118000154,0,2,-2
118000155,1,0,1
118000156,24,11,13
118000157,0,0,0
118000158,0,1,-1
118000159,0,0,0
118000160,1,0,1
118000161,3,13,-10
118000162,1,1,0
118000163,1,0,1
118000164,3,1,2
118000168,0,0,0
118000169,4,23,-19
118000170,2,3,-1
118000171,0,0,0
118000172,0,0,0
118000173,0,3,-3
118000175,27,21,6
118000176,12,19,-7
118000177,0,0,0
118000178,0,0,0
118000179,17,116,-99
118000180,15,62,-47
118000181,59,53,6
118000182,20,32,-12
118000183,36,60,-24
118000184,0,0,0
118000185,102,43,59
118000186,50,82,-32
118000187,10,16,-6
118000188,0,0,0
118000189,0,0,0
118000190,0,0,0
118000191,0,0,0
118000192,0,0,0
118000193,0,0,0
118000194,2,0,2
118000195,1,0,1
118000196,0,1,-1
118000197,0,0,0
118000198,0,0,0
118000199,10,23,-13
118000200,0,0,0
118000201,0,0,0
118000202,0,0,0
118000203,0,4,-4
118000204,1,8,-7
118000205,0,0,0
118000206,0,0,0
118000207,0,1,-1
118000208,2,2,0
118000209,9,26,-17
118000210,0,0,0
118000211,0,0,0
118000213,0,1,-1
118000214,8,1,7
118000215,0,4,-4
118000216,0,0,0
118000217,0,0,0
118000218,0,0,0
118000219,0,0,0
118000220,0,0,0
118000221,0,0,0
118000222,1,0,1
118000223,0,0,0
118000224,0,0,0
118000225,0,9,-9
118000226,0,0,0
118000227,0,0,0
118000228,12,0,12
118000229,0,0,0
118000230,0,0,0
118000231,0,0,0
118000232,2,2,0
118000233,0,0,0
118000234,0,0,0
118000236,0,0,0
118000237,0,0,0
118000238,0,0,0
118000239,0,0,0
118000240,0,0,0
118000241,0,0,0
118000242,0,0,0
118000243,0,0,0
118000244,0,0,0
118000246,0,0,0
118000255,0,0,0
118000256,0,0,0
118000259,0,0,0
118000260,0,0,0
118000261,0,0,0
118000263,0,0,0
118000266,0,0,0
118000267,0,7,-7
118000268,0,0,0
118000270,0,0,0
118000271,0,0,0
118000272,0,0,0
118000273,0,0,0
118000274,0,0,0
118000276,0,0,0
118000295,0,0,0
118000298,6,17,-11
118000299,6,13,-7
118000301,0,0,0
118000302,0,0,0
118000311,0,0,0
118000312,0,0,0
118000313,0,0,0
118000314,0,0,0
118000315,0,0,0
118000316,0,0,0
118000325,0,0,0
118000326,0,0,0
118000331,0,0,0
118000332,0,0,0
118000333,0,0,0
118000335,0,0,0
118000336,0,14,-14
118000407,0,0,0
118000457,0,0,0
118000465,477,252,225
118000480,0,0,0
118000489,0,0,0
118000490,0,5,-5
118000492,0,0,0
118000510,0,0,0
118000514,2,9,-7
118000515,0,0,0
118000517,0,0,0
118000524,310,264,46
118000525,3,9,-6
118000530,0,0,0
118000531,0,0,0
118000532,5,13,-8
118000533,6,14,-8
118000534,8,30,-22
118000535,0,0,0
118000536,0,1,-1
118000537,0,0,0
118000538,0,3,-3
118000539,0,0,0
118000540,0,0,0
118000541,0,0,0
118000542,0,0,0
118000543,0,0,0
118000546,0,0,0
118000553,0,2,-2
118000557,0,0,0
118000560,0,0,0
118000562,0,0,0
118000563,0,1,-1
118000576,0,0,0
118000577,0,0,0
118000578,0,0,0
118000579,0,0,0
118000583,0,1,-1
118000595,0,4,-4
118000596,0,0,0
118000597,0,0,0
118000598,0,0,0
118000599,0,0,0
118000600,0,0,0
118000601,0,0,0
118000602,0,0,0
118000603,0,3,-3
118900001,0,0,0
118900002,0,0,0
118900003,0,0,0
118900004,0,0,0
118900005,0,0,0
118900006,0,0,0
118900007,0,0,0
118900008,0,0,0
118900009,0,0,0
118900010,0,0,0
118900011,0,0,0
118900012,0,0,0
118900013,0,0,0
118900015,0,0,0
118900016,0,0,0
118900017,0,0,0
118900018,0,0,0
118900019,0,0,0
118900020,0,0,0
118900021,0,0,0
118900022,0,0,0
118900023,0,0,0
118900024,0,0,0
118900025,0,0,0
118900026,0,0,0
118900027,0,0,0
118900028,0,0,0
118900029,0,0,0
118900030,0,0,0
118900031,0,0,0
118900032,0,0,0
118900033,0,0,0
118900034,0,0,0
118900035,0,0,0
118900036,0,0,0
118900037,0,0,0
118900038,0,0,0
118900039,0,0,0
118900040,0,0,0
118900041,0,0,0
118900042,0,0,0
118900045,0,0,0
118900046,0,0,0
118900047,0,0,0
118900048,0,0,0
118900049,0,0,0
118900050,0,0,0
118900051,0,0,0
118900052,0,0,0
118900053,0,0,0
118900054,0,0,0
118900055,0,0,0
118900056,0,0,0
118900057,0,0,0
118900058,0,0,0
118900059,0,0,0
118900060,0,0,0
118900062,0,0,0
118900064,0,0,0
118900065,0,0,0
118900066,0,0,0
118900067,0,0,0
118900068,0,0,0
118900069,0,0,0
118900071,0,0,0
118900072,0,0,0
118900073,0,0,0
118900074,0,0,0
118900075,0,0,0
118900076,0,0,0
118900077,0,0,0
118900078,0,0,0
118900079,0,0,0
118900080,0,0,0
118900081,0,0,0
118900082,0,0,0
118900083,0,0,0
118900084,0,0,0
118900085,0,0,0
118900086,0,0,0
118900087,0,0,0
118900088,0,0,0
118900089,0,0,0
118900090,0,0,0
118900091,0,0,0
118900092,0,0,0
118900093,0,0,0
118900096,0,0,0
118900097,0,0,0
118900099,0,0,0
118900100,0,0,0
118900101,0,0,0
118900102,0,0,0
118900103,0,0,0
118900104,0,0,0
118900105,0,0,0
118900107,0,0,0
118900108,0,0,0
118900110,0,0,0
118900111,0,0,0
118900112,0,0,0
118900113,0,0,0
118900114,0,0,0
118900115,0,0,0
118900116,0,0,0
118900117,0,0,0
118900118,0,0,0
118900119,0,0,0
118900120,0,0,0
118900121,0,0,0
118900122,0,0,0
118900123,0,0,0
118900124,0,0,0
118900126,0,0,0
118900129,0,0,0
118900130,0,0,0
118900131,0,0,0
118900132,0,0,0
118900133,0,0,0
118900135,0,0,0
118900136,0,0,0
118900137,0,0,0
118900139,0,0,0
118900140,0,0,0
118900141,0,0,0
118900144,0,0,0
118900145,0,0,0
118900146,0,0,0
118900147,0,0,0
118900148,0,0,0
118900150,0,0,0
118900152,0,0,0
118900157,0,0,0
118900158,0,0,0
118900159,0,0,0
118900161,0,0,0
118900163,0,0,0
118900164,0,0,0
118900165,0,0,0
118900166,0,0,0
118900167,0,0,0
118900168,0,0,0
118900169,0,0,0
118900170,0,0,0
118900171,0,0,0
118900174,0,0,0
118900175,0,0,0
118900176,0,0,0
118900177,0,0,0
118900178,0,0,0
118900179,0,0,0
118900181,0,0,0
118900182,0,0,0
118900183,0,0,0
118900184,0,0,0
118900185,0,0,0
118900186,0,0,0
118900187,0,0,0
118900188,0,0,0
118900189,0,0,0
118900190,0,0,0
118900191,0,0,0
118900192,0,0,0
118900193,0,0,0
118900195,0,0,0
118900196,0,0,0
118900197,0,0,0
118900198,0,0,0
118900199,0,0,0
118900200,0,0,0
118900201,0,0,0
118900202,0,0,0
118900203,0,0,0
118900204,0,0,0
118900205,0,0,0
118900206,0,0,0
119000001,4,9,-5
119000002,2,2,0
119000003,0,0,0
119000004,1,3,-2
119000005,0,2,-2
119000006,2,5,-3
119000007,2,7,-5
119000008,7,18,-11
119000009,12,8,4
119000010,26,20,6
119000011,110,35,75
119000012,153,262,-109
119000013,48,12,36
119000014,45,238,-193
119000019,0,0,0
119000020,1,2,-1
119000021,0,0,0
119000022,0,1,-1
119000023,0,0,0
119000024,66,50,16
119000025,17,9,8
119000026,3,1,2
119000027,0,5,-5
119000028,2,6,-4
119000029,0,0,0
119000030,2,7,-5
119000031,5,6,-1
119000032,1,44,-43
119000033,85,10,75
119000034,5,13,-8
119000035,0,24,-24
119000036,20,24,-4
119000037,1,30,-29
119000038,1,15,-14
119000039,5,12,-7
119000040,80,7,73
119000041,21,8,13
119000048,1219,238,981
119000049,68,143,-75
119000050,1,1,0
119000051,2,7,-5
119000052,1,0,1
119000053,2,1,1
119000054,42,192,-150
119000055,65,83,-18
119000056,54,79,-25
119000057,31,173,-142
119000058,90,191,-101
119000059,2,13,-11
119000060,1,2,-1
119000061,0,7,-7
119000062,1,4,-3
119000063,0,1,-1
119000064,1,5,-4
119000065,1,8,-7
119000066,1,5,-4
119000067,1,5,-4
119000068,1,7,-6
119000069,2,10,-8
119000070,1,4,-3
119000071,1,8,-7
119000072,12,10,2
119000073,3,8,-5
119000074,0,12,-12
119000075,1,13,-12
119000076,0,2,-2
119000077,0,0,0
119000078,1,0,1
119000079,0,1,-1
119000080,0,0,0
119000081,1,0,1
119000082,0,0,0
119000083,0,1,-1
119000084,0,0,0
119000085,1,0,1
119000086,0,0,0
119000087,0,2,-2
119000088,0,0,0
119000089,0,1,-1
119000090,0,1,-1
119000091,2,0,2
119000092,6,3,3
119000093,101,131,-30
119000094,73,108,-35
119000095,23,119,-96
119000097,22,55,-33
119000098,28,32,-4
119000099,26,136,-110
119000100,66,49,17
119000101,78,92,-14
119000102,0,0,0
119000103,10,0,10
119000104,2,1,1
119000105,0,0,0
119000106,0,1,-1
119000107,0,0,0
119000108,0,0,0
119000109,0,0,0
119000110,0,0,0
119000111,0,0,0
119000112,0,0,0
119000113,0,0,0
119000114,0,0,0
119000115,0,0,0
119000116,0,0,0
119000117,0,0,0
119000118,0,0,0
119000123,0,0,0
119000124,0,0,0
119000125,0,0,0
119000126,0,0,0
119000127,0,2,-2
119000128,2,0,2
119000131,1,1,0
119000132,0,0,0
119000133,0,0,0
119000134,64,153,-89
119000135,0,0,0
119000136,0,0,0
119000137,0,0,0
119000138,0,0,0
119000139,0,0,0
119000140,0,0,0
119000284,238,413,-175
119000285,285,273,12
119000286,498,429,69
119000287,116,178,-62
119000288,93,89,4
119000289,146,158,-12
119000290,0,5,-5
119000291,0,1,-1
119000293,0,0,0
119000294,0,0,0
119000295,0,0,0
119000296,2,0,2
119000299,0,0,0
119000302,11,5,6
119000303,0,0,0
119000314,8,10,-2
119000315,0,0,0
119000316,0,0,0
119000317,0,0,0
119900001,0,0,0
119900002,0,0,0
119900003,0,0,0
119900004,0,0,0
119900005,0,0,0
119900006,0,0,0
119900007,0,0,0
119900008,0,0,0
119900009,0,0,0
119900010,0,0,0
119900011,0,0,0
119900012,0,0,0
119900013,0,0,0
119900014,0,0,0
119900015,0,0,0
119900016,0,0,0
119900017,0,0,0
119900018,0,0,0
119900019,0,0,0
119900020,0,0,0
119900021,0,0,0
119900022,0,0,0
119900023,0,0,0
119900025,0,0,0
119900026,0,0,0
119900027,0,0,0
119900028,0,0,0
119900029,0,0,0
119900030,0,0,0
119900031,0,0,0
119900033,0,0,0
119900034,0,0,0
119900037,0,0,0
119900038,0,0,0
119900039,0,0,0
119900040,0,0,0
119900041,0,0,0
119900042,0,0,0
119900043,0,0,0
119900044,0,0,0
119900046,0,0,0
119900047,0,0,0
119900048,0,0,0
119900049,0,0,0
119900050,0,0,0
119900051,0,0,0
119900052,0,0,0
119900053,0,0,0
119900054,0,0,0
119900055,0,0,0
119900057,0,0,0
119900058,0,0,0
119900059,0,0,0
119900060,0,0,0
119900062,0,0,0
119900063,0,0,0
119900065,0,0,0
119900066,0,0,0
119900067,0,0,0
119900068,0,0,0
119900069,0,0,0
119900070,0,0,0
119900071,0,0,0
119900073,0,0,0
119900074,0,0,0
119900075,0,0,0
119900076,0,0,0
119900077,0,0,0
119900078,0,0,0
119900079,0,0,0
119900080,0,0,0
119900081,0,0,0
119900082,0,0,0
119900083,0,0,0
119900084,0,0,0
119900085,0,0,0
119900087,0,0,0
119900088,0,0,0
119900089,0,0,0
119900090,0,0,0
119900091,0,0,0
119900092,0,0,0
119900093,0,0,0
119900094,0,0,0
119900095,0,0,0
119900096,0,0,0
119900097,0,0,0
119900098,0,0,0
119900099,0,0,0
119900100,0,0,0
119900101,0,0,0
119900102,0,0,0
119900103,0,0,0
119900104,0,0,0
119900105,0,0,0
119900106,0,0,0
119900107,0,0,0
119900108,0,0,0
119900109,0,0,0
119900110,0,0,0
119900111,0,0,0
119900112,0,0,0
119900113,0,0,0
119900114,0,0,0
119900115,0,0,0
119900116,0,0,0
119900117,0,0,0
119900118,0,0,0
119900119,0,0,0
119900120,0,0,0
119900121,0,0,0
119900122,0,0,0
119900123,0,0,0
119900124,0,0,0
119900125,0,0,0
119900126,0,0,0
119900127,0,0,0
119900128,0,0,0
119900129,0,0,0
119900130,0,0,0
119900131,0,0,0
119900132,0,0,0
119900133,0,0,0
119900134,0,0,0
119900135,0,0,0
119900136,0,0,0
119900138,0,0,0
119900139,0,0,0
119900140,0,0,0
119900141,0,0,0
119900142,0,0,0
119900143,0,0,0
119900144,0,0,0
119900145,0,0,0
119900146,0,0,0
119900147,0,0,0
119900148,0,0,0
119900149,0,0,0
119900150,0,0,0
119900151,0,0,0
119900152,0,0,0
119900153,0,0,0
119900154,0,0,0
119900155,0,0,0
119900156,0,0,0
119900157,0,0,0
119900158,0,0,0
119900159,0,0,0
119900160,0,0,0
119900161,0,0,0
119900162,0,0,0
119900163,0,0,0
119900164,0,0,0
119900165,0,0,0
119900166,0,0,0
119900167,0,0,0
119900168,0,0,0
119900169,0,0,0
119900170,0,0,0
119900171,0,0,0
119900172,0,0,0
119900173,0,0,0
119900174,0,0,0
119900175,0,0,0
119900177,0,0,0
119900178,0,0,0
119900179,0,0,0
119900180,0,0,0
119900181,0,0,0
119900182,0,0,0
119900183,0,0,0
119900184,0,0,0
119900185,0,0,0
119900186,0,0,0
119900187,0,0,0
119900188,0,0,0
119900189,0,0,0
119900190,0,0,0
119900191,0,0,0
119900192,0,0,0
119900193,0,0,0
119900194,0,0,0
119900195,0,0,0
119900196,0,0,0
119900197,0,0,0
119900198,0,0,0
119900199,0,0,0
119900200,0,0,0
119900201,0,0,0
119900202,0,0,0
119900203,0,0,0
119900204,0,0,0
119900205,0,0,0
119900206,0,0,0
119900208,0,0,0
119900209,0,0,0
119900210,0,0,0
119900211,0,0,0
119900212,0,0,0
119900213,0,0,0
119900214,0,0,0
119900215,0,0,0
119900216,0,0,0
119900217,0,0,0
119900218,0,0,0
119900219,0,0,0
119900220,0,0,0
119900221,0,0,0
119900222,0,0,0
119900223,0,0,0
119900224,0,0,0
119900225,0,0,0
119900226,0,0,0
119900227,0,0,0
119900228,0,0,0
119900229,0,0,0
119900230,0,0,0
119900231,0,0,0
119900232,0,0,0
119900233,0,0,0
119900234,0,0,0
119900235,0,0,0
119900236,0,0,0
119900237,0,0,0
119900238,0,0,0
119900240,0,0,0
119900241,0,0,0
119900242,0,0,0
119900244,0,0,0
119900245,0,0,0
119900246,0,0,0
119900247,0,0,0
119900248,0,0,0
119900249,0,0,0
119900253,0,0,0
119900254,0,0,0
119900255,0,0,0
119900256,0,0,0
119900257,0,0,0
119900258,0,0,0
119900259,0,0,0
119900260,0,0,0
119900261,0,0,0
119900262,0,0,0
119900263,0,0,0
119900264,0,0,0
119900265,0,0,0
119900266,0,0,0
119900267,0,0,0
119900268,0,0,0
119900269,0,0,0
119900271,0,0,0
119900272,0,0,0
119900275,0,0,0
119900276,0,0,0
119900277,0,0,0
119900278,0,0,0
119900279,0,0,0
119900280,0,0,0
119900281,0,0,0
119900282,0,0,0
119900283,0,0,0
119900284,0,0,0
119900285,0,0,0
119900286,0,0,0
119900288,0,0,0
119900289,0,0,0
119900290,0,0,0
119900291,0,0,0
119900292,0,0,0
119900293,0,0,0
119900294,0,0,0
119900295,0,0,0
119900296,0,0,0
119900299,0,0,0
119900300,0,0,0
119900301,0,0,0
119900302,0,0,0
119900303,0,0,0
119900304,0,0,0
119900305,0,0,0
119900306,0,0,0
119900307,0,0,0
119900308,0,0,0
119900309,0,0,0
119900310,0,0,0
119900311,0,0,0
119900312,0,0,0
119900313,0,0,0
119900314,0,0,0
119900315,0,0,0
119900318,0,0,0
119900319,0,0,0
119900320,0,0,0
119900321,0,0,0
119900322,0,0,0
119900323,0,0,0
119900324,0,0,0
119900325,0,0,0
119900326,0,0,0
120000001,154,128,26
120000002,95,268,-173
120000003,126,206,-80
120000004,106,220,-114
120000005,529,355,174
120000006,123,170,-47
120000007,104,196,-92
120000008,55,176,-121
120000009,16,10,6
120000010,15,88,-73
120000011,9,100,-91
120000012,52,218,-166
120000013,23,98,-75
120000014,7,138,-131
120000015,64,288,-224
120000016,187,56,131
120000017,27,34,-7
120000018,314,213,101
120000019,54,75,-21
120000020,122,138,-16
120000021,130,132,-2
120000022,395,169,226
120000023,55,90,-35
120000024,127,187,-60
120000025,80,191,-111
120000026,31,183,-152
120000027,304,241,63
120000028,0,0,0
120000029,0,4,-4
120000030,0,1,-1
120000031,4,3,1
120000032,20,3,17
120000033,3,5,-2
120000034,2,10,-8
120000035,4,7,-3
120000036,1,9,-8
120000037,1,0,1
120000038,23,23,0
120000039,0,1,-1
120000040,0,0,0
120000041,0,5,-5
120000042,1,2,-1
120000043,2,0,2
120000044,2,2,0
120000045,8,0,8
120000046,2,4,-2
120000047,4,1,3
120000048,372,163,209
120000049,73,60,13
120000050,20,264,-244
120000051,34,336,-302
120000052,27,6,21
120000053,0,8,-8
120000054,0,15,-15
120000055,0,6,-6
120000056,4,9,-5
120000057,15,2,13
120000058,0,0,0
120000059,9,65,-56
120000061,17,127,-110
120000062,0,1,-1
120000063,1,9,-8
120000064,0,3,-3
120000065,0,6,-6
120000066,0,2,-2
120000067,0,0,0
120000068,0,4,-4
120000069,0,7,-7
120000070,0,0,0
120000071,0,0,0
120000072,2,1,1
120000073,0,1,-1
120000074,0,0,0
120000075,0,1,-1
120000076,0,0,0
120000077,3,2,1
120000078,6,5,1
120000079,0,0,0
120000080,0,0,0
120000081,0,0,0
120000082,0,0,0
120000083,0,0,0
120000084,0,0,0
120000085,0,0,0
120000086,0,0,0
120000087,0,0,0
120000088,0,0,0
120000089,0,0,0
120000090,0,0,0
120000091,0,0,0
120000092,0,0,0
120000093,0,0,0
120000094,0,0,0
120000095,0,0,0
120000096,0,0,0
120000098,0,0,0
120000099,0,0,0
120000100,0,0,0
120000101,0,0,0
120000102,0,0,0
120000103,1,2,-1
120000104,1,0,1
120000105,0,0,0
120000106,1,0,1
120000107,3,0,3
120000108,0,0,0
120000109,3,0,3
120000110,1,8,-7
120000111,0,2,-2
120000112,5,14,-9
120000113,4,5,-1
120000114,5,6,-1
120000115,2,6,-4
120000116,2,2,0
120000117,5,11,-6
120000118,0,0,0
120000119,0,0,0
120000120,0,0,0
120000121,0,0,0
120000122,0,0,0
120000123,0,0,0
120000124,0,0,0
120000125,0,0,0
120000126,0,0,0
120000127,0,0,0
120000128,0,0,0
120000129,0,0,0
120000130,0,0,0
120000131,0,0,0
120000134,0,0,0
120000135,0,0,0
120000137,0,0,0
120000138,0,0,0
120000139,0,0,0
120000140,0,0,0
120000141,0,0,0
120000142,0,0,0
120000143,0,0,0
120000144,0,0,0
120000145,0,0,0
120000146,0,0,0
120000149,0,0,0
120000150,6,6,0
120000151,0,0,0
120000152,0,0,0
120000153,0,2,-2
120000154,0,0,0
120000155,0,1,-1
120000156,0,1,-1
120000157,0,0,0
120000158,2,9,-7
120000159,117,468,-351
120000160,174,119,55
120000161,6,72,-66
120000162,0,0,0
120000163,0,2,-2
120000164,0,5,-5
120000165,0,0,0
120000166,0,0,0
120000167,0,0,0
120000168,0,0,0
120000169,0,0,0
120000170,0,0,0
120000171,0,0,0
120000172,0,0,0
120000173,0,0,0
120000174,0,0,0
120000175,0,0,0
120000176,0,0,0
120000177,0,0,0
120000178,0,0,0
120000179,0,0,0
120000180,0,0,0
120000181,0,0,0
120000182,0,0,0
120000183,0,0,0
120000184,0,0,0
120000186,0,0,0
120000187,0,0,0
120000188,0,0,0
120000190,0,0,0
120000191,0,0,0
120000192,0,0,0
120000193,0,0,0
120000195,0,0,0
120000196,0,0,0
120000197,0,0,0
120000198,0,0,0
120000199,0,0,0
120000200,0,0,0
120000201,0,0,0
120000202,0,0,0
120000203,0,0,0
120000207,0,0,0
120000208,0,0,0
120000209,0,0,0
120000210,0,0,0
120000211,0,0,0
120000212,0,0,0
120000213,0,0,0
120000214,0,0,0
120000215,0,0,0
120000216,0,0,0
120000217,0,0,0
120000218,0,0,0
120000219,0,0,0
120000220,0,0,0
120000225,0,0,0
120000226,0,0,0
120000227,0,0,0
120000228,0,0,0
120000230,0,0,0
120000231,0,0,0
120000233,0,0,0
120000235,0,3,-3
120000236,15,0,15
120000237,0,23,-23
120000238,0,0,0
120000241,4,2,2
120000412,0,0,0
120000413,0,0,0
120000414,0,0,0
120000415,0,0,0
120000416,0,0,0
120000417,0,0,0
120000418,0,0,0
120000419,0,0,0
120000420,0,0,0
120000421,453,411,42
120000422,0,0,0
120000423,0,0,0
120000424,0,0,0
120000436,0,0,0
120000437,0,0,0
120000438,0,0,0
120000439,0,3,-3
120000443,0,0,0
120000444,0,0,0
120000445,18,16,2
120000446,0,0,0
120000447,0,0,0
120000449,0,0,0
120000450,0,0,0
120000451,0,0,0
120000452,0,0,0
120000453,0,0,0
120000454,0,0,0
120000455,0,0,0
120000456,5,21,-16
120000457,0,6,-6
120000458,1,4,-3
120000459,0,1,-1
120000665,0,0,0
120000668,0,2,-2
120000669,0,0,0
120000670,0,0,0
120000671,18,12,6
120000672,10,57,-47
120900001,0,0,0
120900002,0,0,0
120900003,0,0,0
120900004,0,0,0
120900005,0,0,0
120900006,0,0,0
120900007,0,0,0
120900008,0,0,0
120900009,0,0,0
120900010,0,0,0
120900011,0,0,0
120900012,0,0,0
120900013,0,0,0
120900014,0,0,0
120900015,0,0,0
120900016,0,0,0
120900017,0,0,0
120900018,0,0,0
120900019,0,0,0
120900020,0,0,0
120900021,0,0,0
120900022,0,0,0
120900023,0,0,0
120900024,0,0,0
120900025,0,0,0
120900026,0,0,0
120900027,0,0,0
120900028,0,0,0
120900029,0,0,0
120900030,0,0,0
120900031,0,0,0
120900032,0,0,0
120900033,0,0,0
120900034,0,0,0
120900035,0,0,0
120900037,0,0,0
120900038,0,0,0
120900039,0,0,0
120900040,0,0,0
120900041,0,0,0
120900042,0,0,0
120900043,0,0,0
120900044,0,0,0
120900045,0,0,0
120900046,0,0,0
120900047,0,0,0
120900048,0,0,0
120900049,0,0,0
120900050,0,0,0
120900051,0,0,0
120900052,0,0,0
120900053,0,0,0
120900054,0,0,0
120900055,0,0,0
120900056,0,0,0
120900057,0,0,0
120900058,0,0,0
120900059,0,0,0
120900060,0,0,0
120900061,0,0,0
120900062,0,0,0
120900063,0,0,0
120900064,0,0,0
120900065,0,0,0
120900066,0,0,0
120900067,0,0,0
120900068,0,0,0
120900069,0,0,0
120900071,0,0,0
120900072,0,0,0
120900073,0,0,0
120900074,0,0,0
120900076,0,0,0
120900077,0,0,0
120900078,0,0,0
120900079,0,0,0
120900080,0,0,0
120900081,0,0,0
120900082,0,0,0
120900083,0,0,0
120900084,0,0,0
120900085,0,0,0
120900086,0,0,0
120900087,0,0,0
120900088,0,0,0
120900089,0,0,0
120900090,0,0,0
120900091,0,0,0
120900092,0,0,0
120900093,0,0,0
120900094,0,0,0
120900095,0,0,0
120900096,0,0,0
120900097,0,0,0
120900098,0,0,0
120900099,0,0,0
120900100,0,0,0
120900101,0,0,0
120900102,0,0,0
120900103,0,0,0
120900104,0,0,0
120900105,0,0,0
120900106,0,0,0
120900107,0,0,0
120900108,0,0,0
120900109,0,0,0
120900110,0,0,0
120900111,0,0,0
120900112,0,0,0
120900113,0,0,0
120900114,0,0,0
120900115,0,0,0
120900116,0,0,0
120900117,0,0,0
120900118,0,0,0
120900119,0,0,0
120900120,0,0,0
120900121,0,0,0
120900122,0,0,0
120900123,0,0,0
120900124,0,0,0
120900125,0,0,0
120900126,0,0,0
120900127,0,0,0
120900128,0,0,0
120900129,0,0,0
120900130,0,0,0
120900131,0,0,0
120900132,0,0,0
120900133,0,0,0
120900134,0,0,0
120900135,0,0,0
120900136,0,0,0
120900137,0,0,0
120900138,0,0,0
120900139,0,0,0
120900140,0,0,0
120900141,0,0,0
120900142,0,0,0
120900143,0,0,0
120900144,0,0,0
120900145,0,0,0
120900146,0,0,0
120900147,0,0,0
120900148,0,0,0
120900149,0,0,0
120900150,0,0,0
120900151,0,0,0
120900152,0,0,0
120900153,0,0,0
120900154,0,0,0
120900155,0,0,0
120900156,0,0,0
120900157,0,0,0
120900158,0,0,0
120900159,0,0,0
120900160,0,0,0
120900161,0,0,0
120900162,0,0,0
120900163,0,0,0
120900164,0,0,0
120900165,0,0,0
120900166,0,0,0
120900167,0,0,0
120900169,0,0,0
120900170,0,0,0
120900171,0,0,0
120900172,0,0,0
120900173,0,0,0
120900174,0,0,0
120900175,0,0,0
120900176,0,0,0
120900177,0,0,0
120900178,0,0,0
120900179,0,0,0
120900180,0,0,0
120900181,0,0,0
120900182,0,0,0
120900183,0,0,0
120900184,0,0,0
120900185,0,0,0
120900186,0,0,0
120900187,0,0,0
120900188,0,0,0
120900189,0,0,0
120900190,0,0,0
120900191,0,0,0
120900192,0,0,0
120900194,0,0,0
120900195,0,0,0
120900196,0,0,0
120900197,0,0,0
120900198,0,0,0
120900199,0,0,0
120900200,0,0,0
120900201,0,0,0
120900202,0,0,0
120900203,0,0,0
120900204,0,0,0
120900205,0,0,0
120900206,0,0,0
120900207,0,0,0
121000001,64,190,-126
121000002,7,0,7
121000003,623,317,306
121000004,17,0,17
121000005,291,328,-37
121000006,214,146,68
121000007,357,501,-144
121000008,242,186,56
121000009,961,626,335
121000010,678,316,362
121000011,2748,874,1874
121000012,1496,484,1012
121000013,1111,969,142
121000014,1105,637,468
121000015,637,1258,-621
121000016,930,782,148
121000017,5,6,-1
121000018,114,71,43
121000019,702,41,661
121000020,596,333,263
121000021,124,54,70
121000022,141,127,14
121000023,135,76,59
121000024,207,191,16
121000025,98,36,62
121000026,79,69,10
121000027,261,79,182
121000028,49,37,12
121000029,0,0,0
121000030,0,0,0
121000031,0,0,0
121000032,0,0,0
121000034,0,0,0
121000035,1,6,-5
121000036,1,0,1
121000037,1,4,-3
121000038,137,107,30
121000039,0,0,0
121000041,0,0,0
121000042,0,0,0
121000043,0,0,0
121000044,0,0,0
121000045,0,0,0
121000046,0,0,0
121000047,0,0,0
121000049,2,1,1
121000050,1,16,-15
121000051,0,2,-2
121000052,3,0,3
121000053,0,0,0
121000054,1,10,-9
121000055,0,0,0
121000056,0,0,0
121000057,0,2,-2
121000058,5,10,-5
121000059,1,1,0
121000060,18,32,-14
121000061,0,0,0
121000062,0,0,0
121000063,19,50,-31
121000064,9,8,1
121000065,0,1,-1
121000066,0,0,0
121000067,0,1,-1
121000068,0,0,0
121000069,0,0,0
121000070,21,32,-11
121000071,30,63,-33
121000072,27,44,-17
121000073,36,48,-12
121000074,0,0,0
121000075,0,1,-1
121000076,0,0,0
121000077,0,0,0
121000078,0,6,-6
121000080,169,61,108
121000081,100,117,-17
121000082,48,99,-51
121000083,0,0,0
121000084,0,0,0
121000085,146,82,64
121000086,0,2,-2
121000087,0,1,-1
121000088,2,1,1
121000089,0,0,0
121000090,0,0,0
121000091,968,91,877
121000092,43,16,27
121000093,28,38,-10
121000094,76,72,4
121000095,0,0,0
121000096,87,69,18
121000097,22,62,-40
121000098,15,32,-17
121000099,25,30,-5
121000100,0,0,0
121000101,0,0,0
121000102,0,3,-3
121000103,0,0,0
121000104,0,1,-1
121000105,2,2,0
121000106,0,0,0
121000107,7,9,-2
121000109,2,3,-1
121000110,0,1,-1
121000114,101,329,-228
121000115,12,51,-39
121000116,9,33,-24
121000117,4,0,4
121000118,1,1,0
121000119,1,0,1
121000120,0,3,-3
121000121,0,0,0
121000123,0,0,0
121000126,0,0,0
121000127,0,0,0
121000128,1,6,-5
121000129,0,2,-2
121000130,15,22,-7
121000131,6,2,4
121000132,36,14,22
121000135,0,2,-2
121000136,0,0,0
121000137,0,1,-1
121000138,0,0,0
121000139,40,24,16
121000141,0,0,0
121000142,0,1,-1
121000143,0,0,0
121000144,5,3,2
121000145,1,1,0
121000146,0,2,-2
121000147,1,0,1
121000148,1,0,1
121000149,56,84,-28
121000152,21,45,-24
121000153,1,0,1
121000154,2,0,2
121000155,2,4,-2
121000156,0,3,-3
121000157,2,1,1
121000158,0,0,0
121000159,1,0,1
121000160,0,0,0
121000161,0,0,0
121000162,0,0,0
121000165,31,8,23
121000166,0,0,0
121000168,33,52,-19
121000169,11,13,-2
121000170,90,37,53
121000171,63,59,4
121000172,43,30,13
121000173,2,2,0
121000174,0,0,0
121000175,1,0,1
121000176,1,0,1
121000177,0,1,-1
121000178,0,0,0
121000179,8,14,-6
121000181,47,164,-117
121000182,202,38,164
121000183,17,4,13
121000184,5,2,3
121000185,0,0,0
121000186,0,5,-5
121000187,0,0,0
121000188,0,0,0
121000192,2,1,1
121000193,1,1,0
121000194,202,248,-46
121000195,0,1,-1
121000196,0,0,0
121000197,14,36,-22
121000198,0,0,0
121000199,7,98,-91
121000200,0,0,0
121000201,0,0,0
121000202,0,0,0
121000203,0,0,0
121000204,0,0,0
121000205,12,84,-72
121000206,0,0,0
121000207,0,0,0
121000208,0,0,0
121000209,19,105,-86
121000210,10,4,6
121000211,3,9,-6
121000212,3,9,-6
121000213,20,29,-9
121000214,0,0,0
121000215,46,58,-12
121000216,0,0,0
121000217,0,0,0
121000218,52,290,-238
121000219,0,0,0
121000220,11,14,-3
121000221,12,1,11
121000222,215,479,-264
121000223,0,0,0
121000224,0,0,0
121000225,68,38,30
121000226,0,0,0
121000227,0,3,-3
121000228,0,23,-23
121000229,0,10,-10
121000230,0,26,-26
121000231,0,0,0
121000232,0,0,0
121000233,0,0,0
121000234,0,0,0
121000235,0,0,0
121000236,0,0,0
121000237,0,0,0
121000238,0,0,0
121000239,0,0,0
121000240,0,0,0
121000241,0,0,0
121000242,0,0,0
121000243,0,0,0
121000244,0,0,0
121000245,0,0,0
121000246,0,0,0
121000247,0,0,0
121000248,0,0,0
121000249,6,20,-14
121000250,0,0,0
121000251,1,98,-97
121000252,0,0,0
121000253,46,133,-87
121000254,0,0,0
121000255,4,18,-14
121000256,0,0,0
121000257,10,18,-8
121000258,0,0,0
121000259,3,7,-4
121000260,4,41,-37
121000261,0,0,0
121000262,0,0,0
121000263,16,56,-40
121000271,31,64,-33
121000273,0,0,0
121000274,0,0,0
121000275,0,4,-4
121000276,0,0,0
121000278,0,0,0
121000279,0,0,0
121000280,0,0,0
121000289,0,0,0
121000290,3,1,2
121000294,0,0,0
121000297,0,3,-3
121000299,0,38,-38
121000300,1,0,1
121000302,0,6,-6
121000303,0,0,0
121000304,23,9,14
121000305,1,0,1
121000306,4,2,2
121000308,0,0,0
121000309,2,8,-6
121000310,0,4,-4
121000311,2,14,-12
121000312,0,0,0
121000313,0,0,0
121000314,12,20,-8
121000315,2,0,2
121000530,24,66,-42
121000531,18,84,-66
121000532,253,109,144
121000533,110,60,50
121000918,0,0,0
121000919,0,0,0
121000938,0,0,0
121000939,0,0,0
121000956,8,15,-7
121000957,3,35,-32
121000958,0,32,-32
121000959,19,156,-137
121000960,45,205,-160
121000961,0,0,0
121000962,0,0,0
121000973,0,1,-1
121000976,0,0,0
121000979,0,0,0
121000981,0,0,0
121000982,0,0,0
121000983,11,35,-24
121000984,0,0,0
121000985,2,6,-4
121000986,0,0,0
121000987,18,244,-226
121000988,2,0,2
121001302,1,0,1
121001308,0,0,0
121001309,0,0,0
121001311,0,0,0
121001313,0,0,0
121001314,1500,754,746
121001315,452,213,239
121001318,18,4,14
121900001,0,0,0
121900002,0,0,0
121900003,0,0,0
121900004,0,0,0
121900005,0,0,0
121900006,0,0,0
121900007,0,0,0
121900008,0,0,0
121900009,0,0,0
121900010,0,0,0
121900011,0,0,0
121900012,0,0,0
121900013,0,0,0
121900014,0,0,0
121900015,0,0,0
121900016,0,0,0
121900017,0,0,0
121900018,0,0,0
121900019,0,0,0
121900020,0,0,0
121900021,0,0,0
121900022,0,0,0
121900023,0,0,0
121900024,0,0,0
121900025,0,0,0
121900026,0,0,0
121900027,0,0,0
121900028,0,0,0
121900029,0,0,0
121900030,0,0,0
121900031,0,0,0
121900032,0,0,0
121900033,0,0,0
121900034,0,0,0
121900035,0,0,0
121900036,0,0,0
121900037,0,0,0
121900038,0,0,0
121900039,0,0,0
121900040,0,0,0
121900041,0,0,0
121900042,0,0,0
121900043,0,0,0
121900044,0,0,0
121900046,0,0,0
121900047,0,0,0
121900048,0,0,0
121900050,0,0,0
121900051,0,0,0
121900052,0,0,0
121900053,0,0,0
121900054,0,0,0
121900055,0,0,0
121900058,0,0,0
121900059,0,0,0
121900060,0,0,0
121900061,0,0,0
121900062,0,0,0
121900063,0,0,0
121900064,0,0,0
121900066,0,0,0
121900067,0,0,0
121900069,0,0,0
121900070,0,0,0
121900071,0,0,0
121900072,0,0,0
121900073,0,0,0
121900074,0,0,0
121900075,0,0,0
121900076,0,0,0
121900077,0,0,0
121900078,0,0,0
121900079,0,0,0
121900080,0,0,0
121900082,0,0,0
121900084,0,0,0
121900085,0,0,0
121900086,0,0,0
121900087,0,0,0
121900088,0,0,0
121900089,0,0,0
121900090,0,0,0
121900091,0,0,0
121900092,0,0,0
121900093,0,0,0
121900094,0,0,0
121900095,0,0,0
121900096,0,0,0
121900097,0,0,0
121900098,0,0,0
121900099,0,0,0
121900100,0,0,0
121900101,0,0,0
121900102,0,0,0
121900103,0,0,0
121900104,0,0,0
121900105,0,0,0
121900106,0,0,0
121900107,0,0,0
121900108,0,0,0
121900109,0,0,0
121900110,0,0,0
121900111,0,0,0
121900112,0,0,0
121900113,0,0,0
121900114,0,0,0
121900117,0,0,0
121900118,0,0,0
121900119,0,0,0
121900120,0,0,0
121900121,0,0,0
121900122,0,0,0
121900123,0,0,0
121900124,0,0,0
121900125,0,0,0
121900127,0,0,0
121900128,0,0,0
121900129,0,0,0
121900130,0,0,0
121900131,0,0,0
121900132,0,0,0
121900133,0,0,0
121900134,0,0,0
121900135,0,0,0
121900136,0,0,0
121900137,0,0,0
121900138,0,0,0
121900139,0,0,0
121900140,0,0,0
121900141,0,0,0
121900142,0,0,0
121900143,0,0,0
121900144,0,0,0
121900145,0,0,0
121900146,0,0,0
121900147,0,0,0
121900148,0,0,0
121900149,0,0,0
121900150,0,0,0
121900151,0,0,0
121900152,0,0,0
121900153,0,0,0
121900154,0,0,0
121900155,0,0,0
121900156,0,0,0
121900157,0,0,0
121900158,0,0,0
121900159,0,0,0
121900160,0,0,0
121900161,0,0,0
121900162,0,0,0
121900163,0,0,0
121900164,0,0,0
121900165,0,0,0
121900166,0,0,0
121900167,0,0,0
121900168,0,0,0
121900169,0,0,0
121900170,0,0,0
121900171,0,0,0
121900172,0,0,0
121900173,0,0,0
121900174,0,0,0
121900175,0,0,0
121900176,0,0,0
121900177,0,0,0
121900178,0,0,0
121900179,0,0,0
121900180,0,0,0
121900182,0,0,0
121900183,0,0,0
121900184,0,0,0
121900186,0,0,0
121900187,0,0,0
121900188,0,0,0
121900189,0,0,0
121900190,0,0,0
121900191,0,0,0
121900192,0,0,0
121900193,0,0,0
121900194,0,0,0
121900195,0,0,0
121900196,0,0,0
121900197,0,0,0
121900198,0,0,0
121900199,0,0,0
121900200,0,0,0
121900201,0,0,0
121900202,0,0,0
121900203,0,0,0
121900204,0,0,0
121900205,0,0,0
121900206,0,0,0
121900207,0,0,0
121900208,0,0,0
121900209,0,0,0
121900210,0,0,0
121900211,0,0,0
121900212,0,0,0
121900213,0,0,0
121900214,0,0,0
121900215,0,0,0
121900216,0,0,0
121900217,0,0,0
121900218,0,0,0
121900220,0,0,0
121900221,0,0,0
121900222,0,0,0
121900223,0,0,0
121900224,0,0,0
121900225,0,0,0
121900226,0,0,0
121900227,0,0,0
121900228,0,0,0
121900230,0,0,0
121900231,0,0,0
121900232,0,0,0
121900233,0,0,0
121900234,0,0,0
121900235,0,0,0
121900236,0,0,0
121900237,0,0,0
121900238,0,0,0
121900239,0,0,0
121900240,0,0,0
121900241,0,0,0
121900242,0,0,0
121900243,0,0,0
121900244,0,0,0
121900245,0,0,0
121900246,0,0,0
121900247,0,0,0
121900248,0,0,0
121900250,0,0,0
121900251,0,0,0
121900252,0,0,0
121900253,0,0,0
121900254,0,0,0
121900255,0,0,0
121900258,0,0,0
121900259,0,0,0
121900260,0,0,0
121900261,0,0,0
121900262,0,0,0
121900263,0,0,0
121900264,0,0,0
121900265,0,0,0
121900266,0,0,0
121900267,0,0,0
121900269,0,0,0
121900270,0,0,0
121900271,0,0,0
121900273,0,0,0
121900274,0,0,0
121900277,0,0,0
121900278,0,0,0
121900279,0,0,0
121900280,0,0,0
121900281,0,0,0
121900284,0,0,0
121900286,0,0,0
121900287,0,0,0
121900288,0,0,0
121900290,0,0,0
121900291,0,0,0
121900292,0,0,0
121900293,0,0,0
121900294,0,0,0
121900295,0,0,0
121900296,0,0,0
121900298,0,0,0
121900299,0,0,0
121900300,0,0,0
121900301,0,0,0
121900302,0,0,0
121900303,0,0,0
121900304,0,0,0
121900305,0,0,0
121900306,0,0,0
121900307,0,0,0
121900308,0,0,0
121900309,0,0,0
121900310,0,0,0
121900311,0,0,0
121900312,0,0,0
121900313,0,0,0
121900314,0,0,0
121900315,0,0,0
121900316,0,0,0
121900317,0,0,0
121900318,0,0,0
121900319,0,0,0
121900320,0,0,0
121900321,0,0,0
121900322,0,0,0
121900323,0,0,0
121900324,0,0,0
121900325,0,0,0
121900326,0,0,0
121900327,0,0,0
121900328,0,0,0
121900329,0,0,0
121900330,0,0,0
121900331,0,0,0
121900332,0,0,0
121900333,0,0,0
121900334,0,0,0
122000001,47,46,1
122000002,10,4,6
122000003,51,45,6
122000004,4,2,2
122000005,4,2,2
122000006,2,2,0
122000007,0,1,-1
122000008,2,1,1
122000009,0,0,0
122000010,29,22,7
122000011,1,2,-1
122000012,0,4,-4
122000013,2,3,-1
122000014,1,3,-2
122000015,3,25,-22
122000016,11,24,-13
122000017,23,10,13
122000018,19,14,5
122000019,1,11,-10
122000020,0,0,0
122000021,0,0,0
122000022,0,0,0
122000023,0,0,0
122000024,0,0,0
122000025,0,3,-3
122000026,1,1,0
122000027,2,9,-7
122000028,0,0,0
122000029,2,1,1
122000030,0,0,0
122000031,0,0,0
122000032,1,0,1
122000033,0,1,-1
122000034,2,2,0
122000035,0,0,0
122000036,2,20,-18
122000037,0,1,-1
122000038,0,0,0
122000039,0,1,-1
122000040,0,0,0
122000041,0,2,-2
122000042,0,0,0
122000043,0,0,0
122000044,0,0,0
122000045,6,11,-5
122000046,4,24,-20
122000047,0,1,-1
122000048,4,5,-1
122000049,118,58,60
122000050,0,1,-1
122000051,0,0,0
122000052,1,0,1
122000053,1,2,-1
122000054,4,1,3
122000055,44,96,-52
122000056,1,4,-3
122000057,157,172,-15
122000058,10,16,-6
122000059,5,9,-4
122000060,0,0,0
122000061,0,0,0
122000062,2,0,2
122000063,0,1,-1
122000064,8,10,-2
122000065,131,116,15
122000066,316,206,110
122000067,262,458,-196
122000068,79,68,11
122000069,57,113,-56
122000070,2,2,0
122000071,2,0,2
122000072,0,1,-1
122000073,0,3,-3
122000074,0,1,-1
122000075,0,2,-2
122000076,0,2,-2
122000077,0,1,-1
122000078,0,0,0
122000079,20,42,-22
122000080,1,1,0
122000081,0,0,0
122000082,0,0,0
122000083,0,0,0
122000084,2,2,0
122000085,24,74,-50
122000086,122,104,18
122000087,0,0,0
122000088,0,0,0
122000089,205,75,130
122000090,0,0,0
122000091,0,0,0
122000092,0,0,0
122000093,25,284,-259
122000094,302,57,245
122000095,164,109,55
122000096,1,1,0
122000098,521,400,121
122000099,1,1,0
122000100,0,0,0
122000101,0,0,0
122000102,2,2,0
122000103,0,0,0
122000104,0,0,0
122000105,0,0,0
122000106,3,0,3
122000107,0,0,0
122000108,0,0,0
122000109,0,0,0
122000110,0,0,0
122000111,3,2,1
122000112,0,2,-2
122000113,0,1,-1
122000114,486,473,13
122000115,561,223,338
122000116,121,16,105
122000117,1,0,1
122000118,1,0,1
122000119,34,97,-63
122000120,76,132,-56
122000121,135,98,37
122000122,18,54,-36
122000123,163,8,155
122000124,40,10,30
122000125,145,68,77
122000126,13,84,-71
122000127,96,138,-42
122000128,13,60,-47
122000129,0,0,0
122000130,3,0,3
122000131,2,0,2
122000132,0,0,0
122000133,2,5,-3
122000134,53,17,36
122000135,24,171,-147
122000136,0,0,0
122000137,0,0,0
122000139,24,3,21
122000140,1,0,1
122000141,5,0,5
122000142,0,0,0
122000143,0,0,0
122000144,0,0,0
122000145,0,0,0
122000146,0,0,0
122000147,0,0,0
122000148,506,335,171
122000149,1,0,1
122000150,0,1,-1
122000151,0,1,-1
122000152,1,2,-1
122000153,0,0,0
122000154,0,0,0
122000155,1,1,0
122000156,586,735,-149
122000157,376,519,-143
122000158,0,0,0
122000159,0,1,-1
122000160,0,0,0
122000161,0,0,0
122000162,0,0,0
122000163,0,0,0
122000164,0,0,0
122000165,5,4,1
122000166,7,5,2
122000167,0,0,0
122000168,0,0,0
122000169,0,0,0
122000170,2,2,0
122000171,0,0,0
122000172,17,47,-30
122000173,27,59,-32
122000174,558,206,352
122000175,0,0,0
122000176,0,0,0
122000177,463,326,137
122000178,22,12,10
122000179,9,13,-4
122000180,262,324,-62
122000181,1004,564,440
122000182,7,6,1
122000183,30,5,25
122000184,2198,797,1401
122000185,453,276,177
122000186,3,6,-3
122000187,0,0,0
122000188,0,0,0
122000189,0,0,0
122000190,0,0,0
122000191,0,0,0
122000192,0,0,0
122000193,0,2,-2
122000194,0,0,0
122000195,0,0,0
122000196,0,0,0
122000197,0,0,0
122000198,0,0,0
122000199,0,0,0
122000200,0,0,0
122000201,383,485,-102
122000202,497,363,134
122000203,61,51,10
122000204,27,64,-37
122000205,30,36,-6
122000206,0,0,0
122000207,0,0,0
122000208,1,0,1
122000209,0,0,0
122000210,16,130,-114
122000211,39,55,-16
122000212,87,45,42
122000213,111,109,2
122000214,98,143,-45
122000215,1,3,-2
122000217,45,79,-34
122000218,0,0,0
122000219,220,220,0
122000220,20,104,-84
122000221,1,2,-1
122000222,0,0,0
122000223,54,53,1
122000225,117,17,100
122000226,15,116,-101
122000227,2,80,-78
122000228,3,28,-25
122000229,0,36,-36
122000230,0,46,-46
122000231,0,36,-36
122000232,0,38,-38
122000233,0,0,0
122000234,0,0,0
122000235,0,0,0
122000236,0,0,0
122000237,0,0,0
122000238,0,0,0
122000239,0,0,0
122000240,0,0,0
122000241,1,0,1
122000242,0,0,0
122000243,0,0,0
122000244,0,36,-36
122000245,11,19,-8
122000246,0,0,0
122000247,25,63,-38
122000248,44,153,-109
122000249,0,0,0
122000250,0,0,0
122000251,28,28,0
122000252,0,0,0
122000253,5,45,-40
122000254,0,0,0
122000255,0,0,0
122000256,19,232,-213
122000257,12,41,-29
122000258,45,37,8
122000259,0,24,-24
122000260,0,10,-10
122000261,0,0,0
122000262,0,3,-3
122000263,0,2,-2
122000264,0,0,0
122000265,0,0,0
122000266,0,0,0
122000267,0,0,0
122000268,0,0,0
122000269,0,0,0
122000270,0,0,0
122000271,0,0,0
122000272,0,0,0
122000273,0,0,0
122000274,0,0,0
122000275,0,0,0
122000276,14,34,-20
122000277,63,103,-40
122000278,39,45,-6
122000279,31,72,-41
122000280,75,100,-25
122000281,37,81,-44
122000282,0,1,-1
122000283,0,0,0
122000284,0,2,-2
122000285,0,1,-1
122000286,0,4,-4
122000287,0,0,0
122000288,0,0,0
122000291,49,18,31
122000293,1,0,1
122000294,0,0,0
122000295,0,3,-3
122000296,0,0,0
122000297,189,83,106
122000299,9,10,-1
122000300,20,93,-73
122000301,238,112,126
122000302,9,0,9
122000303,338,155,183
122000304,0,6,-6
122000305,0,0,0
122000306,6,155,-149
122000307,54,19,35
122000309,0,17,-17
122000310,0,0,0
122000311,6,23,-17
122000312,0,0,0
122000313,0,0,0
122000314,0,1,-1
122000315,0,0,0
122000316,0,0,0
122000317,0,0,0
122000318,0,2,-2
122000319,24,21,3
122000320,6,47,-41
122000321,1,13,-12
122000322,2,2,0
122000323,3,0,3
122000324,2,10,-8
122000325,0,0,0
122000326,0,0,0
122000327,0,1,-1
122000328,0,0,0
122000330,2,0,2
122000332,0,10,-10
122000333,0,8,-8
122000337,50,202,-152
122000338,20,58,-38
122000340,0,0,0
122000342,35,60,-25
122000343,4,115,-111
122000344,0,0,0
122000345,0,0,0
122000346,1,0,1
122000348,35,14,21
122000349,0,56,-56
122000351,0,0,0
122000352,0,0,0
122000353,0,7,-7
122000355,0,0,0
122000356,286,109,177
122000357,0,0,0
122000358,0,0,0
122000359,0,0,0
122000360,0,0,0
122000362,0,0,0
122000364,0,1,-1
122000365,0,0,0
122000366,0,0,0
122000368,0,1,-1
122000370,0,1,-1
122000371,0,0,0
122000372,0,0,0
122000381,0,0,0
122000382,0,0,0
122000384,26,8,18
122000385,0,0,0
122000386,0,2,-2
122000387,0,0,0
122000388,0,0,0
122000389,2,7,-5
122000390,0,0,0
122000391,0,0,0
122000392,0,0,0
122000393,0,0,0
122000394,0,0,0
122000395,0,0,0
122000396,0,0,0
122000397,0,3,-3
122000398,0,0,0
122000399,0,0,0
122000400,0,0,0
122000401,0,0,0
122000402,0,0,0
122000403,93,277,-184
122000404,0,0,0
122000408,22,61,-39
122000503,0,0,0
122000524,0,0,0
122000544,0,0,0
122000616,193,5,188
122000640,0,0,0
122000641,0,0,0
122000642,0,0,0
122000643,0,0,0
122000644,2,0,2
122000645,0,6,-6
122000651,0,0,0
122000664,1,0,1
122000665,21,21,0
122000666,0,0,0
122000673,30,149,-119
122000674,1,0,1
122000675,119,166,-47
122000686,0,0,0
122000687,5,34,-29
122000688,0,0,0
122000689,20,51,-31
122000690,19,48,-29
122000691,0,0,0
122000692,40,39,1
122000693,0,1,-1
122000695,15,55,-40
122000696,0,0,0
122000698,11,96,-85
122000699,0,0,0
122000701,27,21,6
122000702,0,0,0
122000703,0,0,0
122000712,0,0,0
122000717,48,11,37
122000718,10,0,10
122000719,0,0,0
122000720,0,0,0
122000724,5,0,5
122900001,0,0,0
122900002,0,0,0
122900003,0,0,0
122900004,0,0,0
122900005,0,0,0
122900006,0,0,0
122900007,0,0,0
122900008,0,0,0
122900009,0,0,0
122900010,0,0,0
122900012,0,0,0
122900014,0,0,0
122900015,0,0,0
122900016,0,0,0
122900017,0,0,0
122900018,0,0,0
122900019,0,0,0
122900020,0,0,0
122900021,0,0,0
122900022,0,0,0
122900023,0,0,0
122900024,0,0,0
122900025,0,0,0
122900026,0,0,0
122900027,0,2,-2
122900028,0,0,0
122900029,0,0,0
122900030,0,0,0
122900031,0,0,0
122900032,0,0,0
122900033,0,0,0
122900034,0,0,0
122900035,0,0,0
122900036,0,0,0
122900037,0,0,0
122900038,0,0,0
122900039,0,0,0
122900040,0,0,0
122900041,0,0,0
122900042,0,0,0
122900043,0,0,0
122900044,0,0,0
122900045,0,0,0
122900046,0,0,0
122900047,0,0,0
122900048,0,0,0
122900049,0,0,0
122900051,0,0,0
122900052,0,0,0
122900053,0,0,0
122900055,0,0,0
122900057,0,0,0
122900061,0,0,0
122900062,0,0,0
122900063,0,0,0
122900064,0,0,0
122900065,0,0,0
122900066,0,0,0
122900067,0,0,0
122900068,0,0,0
122900069,0,0,0
122900070,0,0,0
122900071,0,0,0
122900072,0,0,0
122900073,0,0,0
122900074,0,0,0
122900075,0,0,0
122900076,0,0,0
122900077,0,0,0
122900078,0,0,0
122900080,0,0,0
122900081,0,0,0
122900082,0,0,0
122900083,0,0,0
122900084,0,0,0
122900086,0,0,0
122900087,0,0,0
122900088,0,0,0
122900089,0,0,0
122900090,0,0,0
122900091,0,0,0
122900092,0,0,0
122900093,0,0,0
122900094,0,0,0
122900095,0,0,0
122900096,0,0,0
122900097,0,0,0
122900098,0,0,0
122900099,0,0,0
122900100,0,0,0
122900101,0,0,0
122900102,0,0,0
122900103,0,0,0
122900104,0,0,0
122900105,0,0,0
122900106,0,0,0
122900107,0,0,0
122900108,0,0,0
123000001,83,84,-1
123000002,343,193,150
123000003,290,123,167
123000004,576,892,-316
123000005,113,118,-5
123000006,312,635,-323
123000007,116,79,37
123000008,335,860,-525
123000009,489,183,306
123000010,993,1397,-404
123000011,165,150,15
123000012,294,913,-619
123000013,252,55,197
123000014,324,840,-516
123000015,1102,36,1066
123000016,1148,713,435
123000017,0,0,0
123000018,0,0,0
123000019,0,0,0
123000020,0,0,0
123000021,0,0,0
123000022,0,0,0
123000023,0,0,0
123000024,0,1,-1
123000025,0,0,0
123000026,1,0,1
123000027,0,6,-6
123000028,0,0,0
123000029,3,5,-2
123000030,0,6,-6
123000031,0,0,0
123000032,0,0,0
123000033,0,0,0
123000034,0,0,0
123000035,0,0,0
123000036,0,0,0
123000037,0,9,-9
123000038,0,0,0
123000039,1,1,0
123000040,14,9,5
123000041,0,0,0
123000042,19,9,10
123000043,0,0,0
123000044,41,11,30
123000045,330,139,191
123000046,1,0,1
123000047,15,6,9
123000048,0,0,0
123000049,302,137,165
123000050,54,31,23
123000051,0,1,-1
123000052,54,89,-35
123000053,274,60,214
123000054,113,35,78
123000055,14,75,-61
123000056,105,300,-195
123000057,645,589,56
123000058,0,0,0
123000059,0,0,0
123000060,0,0,0
123000061,1,0,1
123000063,0,0,0
123000064,0,0,0
123000065,99,195,-96
123000066,6,8,-2
123000067,0,0,0
123000068,251,573,-322
123000069,1004,576,428
123000070,0,0,0
123000071,0,0,0
123000072,19,21,-2
123000073,0,0,0
123000074,36,23,13
123000075,0,0,0
123000076,0,0,0
123000077,83,40,43
123000078,0,0,0
123000079,0,0,0
123000080,25,55,-30
123000081,0,0,0
123000082,0,1,-1
123000083,0,0,0
123000084,2,12,-10
123000085,0,0,0
123000086,0,0,0
123000087,0,0,0
123000088,1,3,-2
123000089,0,0,0
123000090,19,88,-69
123000091,0,0,0
123000092,19,49,-30
123000094,0,0,0
123000095,0,0,0
123000096,0,0,0
123000097,0,0,0
123000098,0,0,0
123000099,0,0,0
123000100,0,0,0
123000101,0,0,0
123000102,0,1,-1
123000104,0,0,0
123000105,2,2,0
123000106,0,0,0
123000107,1,2,-1
123000108,7,4,3
123000111,0,0,0
123000112,0,0,0
123000113,0,2,-2
123000114,0,4,-4
123000115,0,0,0
123000116,0,0,0
123000117,0,0,0
123000118,0,0,0
123000119,0,0,0
123000120,0,0,0
123000121,0,0,0
123000122,1,3,-2
123000123,0,0,0
123000124,9,12,-3
123000125,0,0,0
123000126,0,0,0
123000127,280,194,86
123000128,6,17,-11
123000129,0,0,0
123000130,0,0,0
123000131,0,1,-1
123000132,7,26,-19
123000133,4,23,-19
123000134,0,0,0
123000135,0,0,0
123000136,1,1,0
123000137,0,0,0
123000138,0,4,-4
123000139,0,0,0
123000140,0,5,-5
123000141,0,0,0
123000142,51,98,-47
123000143,28,171,-143
123000144,0,0,0
123000145,0,0,0
123000146,0,0,0
123000147,0,0,0
123000149,0,2,-2
123000150,0,0,0
123000151,3,6,-3
123000152,2,22,-20
123000153,1,0,1
123000154,0,5,-5
123000155,92,16,76
123000156,0,0,0
123000157,15,35,-20
123000158,0,0,0
123000159,0,0,0
123000160,0,0,0
123000161,0,0,0
123000162,0,0,0
123000163,0,0,0
123000164,0,0,0
123000165,0,2,-2
123000166,0,0,0
123000167,3,5,-2
123000168,0,1,-1
123000169,0,0,0
123000170,0,5,-5
123000171,0,1,-1
123000172,0,10,-10
123000173,0,0,0
123000174,1,1,0
123000175,1,8,-7
123000176,0,0,0
123000177,0,7,-7
123000178,0,0,0
123000179,0,0,0
123000180,1,0,1
123000181,1,29,-28
123000182,0,0,0
123000183,0,0,0
123000184,0,0,0
123000185,0,0,0
123000186,0,40,-40
123000187,0,1,-1
123000188,0,0,0
123000189,0,0,0
123000190,0,0,0
123000192,0,0,0
123000193,0,0,0
123000194,1,0,1
123000195,0,0,0
123000196,0,0,0
123000197,0,0,0
123000198,0,0,0
123000199,0,1,-1
123000200,0,0,0
123000201,0,0,0
123000202,0,2,-2
123000203,0,0,0
123000204,0,4,-4
123000205,0,6,-6
123000206,0,0,0
123000207,0,0,0
123000208,0,0,0
123000209,0,0,0
123000210,0,4,-4
123000211,1,2,-1
123000212,0,0,0
123000213,0,0,0
123000215,646,8,638
123000216,0,0,0
123000217,0,0,0
123000218,1,28,-27
123000219,0,0,0
123000220,0,0,0
123000221,0,0,0
123000222,0,0,0
123000223,0,0,0
123000224,0,6,-6
123000225,1,0,1
123000226,0,20,-20
123000227,1,13,-12
123000228,0,0,0
123000229,10,82,-72
123000232,4,40,-36
123000233,0,0,0
123000234,8,39,-31
123000235,0,0,0
123000236,9,37,-28
123000237,0,0,0
123000238,0,24,-24
123000239,13,140,-127
123000240,0,8,-8
123000241,0,0,0
123000242,0,0,0
123000243,44,166,-122
123000244,40,167,-127
123000245,5,44,-39
123000249,1380,305,1075
123000252,0,0,0
123000253,0,0,0
123000254,0,0,0
123000255,0,0,0
123000256,0,5,-5
123000257,2,25,-23
123000258,1,11,-10
123000259,0,1,-1
123000260,0,0,0
123000261,0,0,0
123000262,1,0,1
123000263,0,0,0
123000264,0,0,0
123000265,0,0,0
123000266,0,1,-1
123000267,0,0,0
123000268,0,0,0
123000269,0,0,0
123000270,0,0,0
123000271,0,0,0
123000272,0,0,0
123000273,0,0,0
123000274,0,0,0
123000275,2,40,-38
123000278,0,0,0
123000279,0,0,0
123000280,0,0,0
123000281,0,0,0
123000282,0,0,0
123000283,0,0,0
123000284,0,0,0
123000286,0,0,0
123000287,1,0,1
123000288,1,0,1
123000289,0,0,0
123000291,4,38,-34
123000294,0,0,0
123000295,224,93,131
123000296,28,33,-5
123000297,1,1,0
123000298,0,0,0
123000299,0,0,0
123000300,1,0,1
123000301,0,0,0
123000302,0,0,0
123000303,0,0,0
123000305,21,15,6
123000306,0,11,-11
123000309,0,0,0
123000310,0,0,0
123000311,0,31,-31
123000312,0,0,0
123000313,0,0,0
123000315,0,0,0
123000316,0,0,0
123000317,0,0,0
123000318,0,0,0
123000329,0,0,0
123000337,0,0,0
123000338,0,0,0
123000339,0,22,-22
123000340,0,0,0
123000342,0,2,-2
123000343,0,0,0
123000344,0,0,0
123000345,0,0,0
123000346,0,0,0
123000352,32,37,-5
123000353,0,3,-3
123000354,0,0,0
123000355,1,37,-36
123000356,0,0,0
123000357,0,2,-2
123000359,0,2,-2
123000360,0,0,0
123000361,6,13,-7
123000362,3,0,3
123000363,1,22,-21
123000364,0,0,0
123000365,1,9,-8
123000366,1,0,1
123000367,0,0,0
123000370,0,13,-13
123000371,0,0,0
123000372,0,0,0
123000373,0,40,-40
123000374,0,27,-27
123000375,0,0,0
123000376,0,0,0
123000377,0,0,0
123000378,0,22,-22
123000379,0,17,-17
123000380,1,41,-40
123000381,0,0,0
123000382,0,0,0
123000383,10,134,-124
123000384,0,0,0
123000385,15,85,-70
123000436,44,360,-316
123000507,0,0,0
123000508,0,1,-1
123000517,0,0,0
123000518,0,0,0
123000519,0,0,0
123000520,0,0,0
123000521,0,0,0
123000522,0,0,0
123000541,0,0,0
123000542,0,9,-9
123000565,0,0,0
123000566,0,0,0
123000567,0,0,0
123000573,30,216,-186
123000574,0,0,0
123000575,54,230,-176
123000576,16,178,-162
123000577,9,130,-121
123000578,0,0,0
123000579,2,3,-1
123000580,0,0,0
123000582,0,0,0
123000583,1,37,-36
123000584,0,0,0
123000585,0,10,-10
123000586,0,0,0
123000596,0,0,0
123000597,0,0,0
123000602,0,0,0
123000603,0,0,0
123000604,5,185,-180
123000605,1095,90,1005
123000606,1,819,-818
123000609,0,0,0
123000610,0,0,0
123000613,54,49,5
123000614,0,0,0
123000615,34,41,-7
123000616,0,0,0
123000617,12,68,-56
123000618,12,65,-53
123000619,0,0,0
123000620,23,76,-53
123000622,0,0,0
123000624,0,0,0
123000630,0,0,0
123000631,11,188,-177
123000632,2,1,1
123000633,0,135,-135
123000634,0,0,0
123000635,0,5,-5
123000636,0,0,0
123000637,0,0,0
123000638,0,0,0
123000639,0,0,0
123000640,0,19,-19
123000648,0,0,0
123000649,0,0,0
123900001,0,0,0
123900002,0,0,0
123900003,0,0,0
123900005,0,0,0
123900006,0,0,0
124000001,516,2,514
124000002,36,261,-225
124000003,20,5,15
124000004,7,95,-88
124000005,31,3,28
124000006,47,241,-194
124000007,0,0,0
124000008,0,65,-65
124000009,0,0,0
124000010,6,45,-39
124000011,0,0,0
124000012,12,62,-50
124000017,0,0,0
124000018,16,13,3
124000019,0,0,0
124000020,3,36,-33
124000021,0,0,0
124000022,22,68,-46
124000023,184,82,102
124000024,12,32,-20
124000025,54,47,7
124000026,17,22,-5
124000027,266,83,183
124000028,306,330,-24
124000030,518,327,191
124000031,90,3,87
124000032,546,132,414
124000033,94,2,92
124000034,193,165,28
124000035,11,1,10
124000036,13,122,-109
124000037,28,11,17
124000038,4,18,-14
124000039,142,20,122
124000040,79,122,-43
124000041,68,8,60
124000042,4,91,-87
124000043,30,23,7
124000044,7,98,-91
124000045,0,0,0
124000046,13,105,-92
124000047,0,0,0
124000048,29,148,-119
124000049,0,0,0
124000050,37,195,-158
124000051,0,0,0
124000052,18,131,-113
124000053,0,0,0
124000054,52,63,-11
124000055,0,0,0
124000056,222,144,78
124000057,0,0,0
124000058,17,107,-90
124000059,0,0,0
124000060,74,46,28
124000061,0,0,0
124000062,361,66,295
124000063,122,303,-181
124000064,70,233,-163
124000065,2,14,-12
124000066,0,0,0
124000067,0,0,0
124000068,3,6,-3
124000069,0,0,0
124000070,3,59,-56
124000071,0,0,0
124000072,11,11,0
124000073,0,0,0
124000074,5,64,-59
124000075,0,0,0
124000076,1,44,-43
124000077,67,68,-1
124000078,0,0,0
124000079,56,89,-33
124000080,0,0,0
124000081,6,61,-55
124000082,0,0,0
124000083,3,19,-16
124000084,0,0,0
124000085,2,3,-1
124000086,0,0,0
124000087,0,0,0
124000088,0,0,0
124000089,0,0,0
124000090,2,24,-22
124000091,0,0,0
124000092,1,33,-32
124000093,0,0,0
124000094,0,0,0
124000095,0,0,0
124000096,0,0,0
124000097,0,0,0
124000098,0,0,0
124000099,0,0,0
124000100,1,17,-16
124000101,0,0,0
124000102,0,0,0
124000103,0,0,0
124000104,0,0,0
124000105,0,0,0
124000106,0,0,0
124000107,0,0,0
124000108,0,0,0
124000109,0,0,0
124000110,0,0,0
124000111,0,0,0
124000112,0,0,0
124000113,0,0,0
124000114,0,0,0
124000115,0,0,0
124000116,0,0,0
124000117,0,0,0
124000118,0,0,0
124000119,0,1,-1
124000120,0,0,0
124000121,6,42,-36
124000122,339,115,224
124000123,20,9,11
124000124,17,146,-129
124000125,46,14,32
124000126,62,99,-37
124000127,19,19,0
124000128,26,155,-129
124000129,58,47,11
124000130,90,79,11
124000131,106,75,31
124000132,128,114,14
124000133,0,2,-2
124000134,35,60,-25
124000135,2,1,1
124000136,19,56,-37
124000137,2,0,2
124000138,40,40,0
124000139,0,0,0
124000140,0,6,-6
124000141,0,0,0
124000142,0,3,-3
124000143,0,0,0
124000144,0,0,0
124000145,0,0,0
124000146,0,0,0
124000148,0,0,0
124000149,0,0,0
124000150,13,61,-48
124000151,0,0,0
124000152,12,73,-61
124000153,0,0,0
124000154,13,65,-52
124000155,0,0,0
124000156,70,75,-5
124000169,0,0,0
124000170,0,0,0
124000171,0,0,0
124000172,0,0,0
124000173,0,2,-2
124000174,0,0,0
124000175,7,23,-16
124000176,0,0,0
124000177,6,15,-9
124000178,0,0,0
124000190,0,0,0
124000191,3,2,1
124000192,0,0,0
124000193,26,69,-43
124000194,13,87,-74
124000195,24,26,-2
124000196,43,157,-114
124000197,0,0,0
124000198,0,0,0
124000201,2,92,-90
124000202,0,0,0
124000203,9,160,-151
124000204,0,0,0
124000205,0,121,-121
124000206,0,2,-2
124000207,0,49,-49
124000209,13,123,-110
124000210,0,85,-85
124000211,0,0,0
124000212,1,103,-102
124000213,1,92,-91
124000214,0,0,0
124000215,0,0,0
124000216,1,106,-105
124000329,6,148,-142
124000338,4,71,-67
124000339,0,0,0
124000341,0,0,0
124000344,0,0,0
124000357,0,0,0
124000358,0,0,0
124000359,0,0,0
124000360,0,0,0
124000361,0,0,0
124000362,171,349,-178
124000363,53,139,-86
124000364,91,242,-151
124000365,429,631,-202
124000366,164,489,-325
124000367,19,88,-69
124000368,0,0,0
124000369,1,0,1
124000370,7,96,-89
124000402,0,0,0
124000403,0,0,0
124000404,0,0,0
124000405,59,18,41
124000406,66,140,-74
124000407,0,0,0
124000411,1,6,-5
124000412,0,0,0
124000413,0,0,0
124000414,0,0,0
124000415,0,0,0
124000416,0,0,0
124000417,0,0,0
124000418,0,0,0
124000419,0,0,0
124000420,0,0,0
124000421,0,0,0
124000422,0,0,0
124000423,0,0,0
124000424,0,2,-2
124000425,0,0,0
124000426,0,0,0
124000427,0,0,0
124000428,1,1,0
124000429,0,178,-178
124000430,0,0,0
124000431,0,0,0
124000432,0,0,0
124000439,0,0,0
124000443,2,9,-7
124000445,0,0,0
124000446,53,2,51
124900001,0,0,0
124900002,0,0,0
124900003,0,0,0
124900004,0,0,0
124900005,0,0,0
124900006,0,0,0
124900008,0,0,0
124900009,0,0,0
124900010,0,0,0
124900011,0,0,0
124900012,0,0,0
124900013,0,0,0
124900014,0,0,0
124900015,0,0,0
124900016,0,0,0
124900017,0,0,0
124900018,0,0,0
124900020,0,0,0
124900021,0,0,0
124900022,0,0,0
124900024,0,0,0
124900026,0,0,0
124900027,0,0,0
124900028,0,0,0
124900029,0,0,0
124900030,0,0,0
124900031,0,0,0
124900032,0,0,0
124900033,0,0,0
124900034,0,0,0
124900035,0,0,0
124900036,0,0,0
124900037,0,0,0
124900038,0,0,0
124900039,0,0,0
124900040,0,0,0
124900041,0,0,0
124900042,0,0,0
124900043,0,0,0
124900044,0,0,0
124900045,0,0,0
124900046,0,0,0
124900047,0,0,0
124900048,0,0,0
124900050,0,0,0
124900052,0,0,0
124900053,0,0,0
124900054,0,0,0
124900055,0,0,0
124900057,0,0,0
124900060,0,0,0
124900061,0,0,0
124900062,0,0,0
124900066,0,0,0
124900067,0,0,0
124900068,0,0,0
124900070,0,0,0
124900072,0,0,0
124900075,0,0,0
124900076,0,0,0
124900077,0,0,0
124900078,0,0,0
124900079,0,0,0
124900080,0,0,0
124900081,0,0,0
124900082,0,0,0
124900083,0,0,0
124900085,0,0,0
124900086,0,0,0
124900087,0,0,0
124900088,0,0,0
124900089,0,0,0
124900090,0,0,0
124900091,0,0,0
124900092,0,0,0
124900093,0,0,0
124900094,0,0,0
124900095,0,0,0
124900096,0,0,0
124900097,0,0,0
124900098,0,0,0
124900099,0,0,0
124900100,0,0,0
124900101,0,0,0
124900102,0,0,0
124900103,0,0,0
124900104,0,0,0
124900105,0,0,0
124900106,0,0,0
124900107,0,0,0
124900108,0,0,0
124900111,0,0,0
124900112,0,0,0
124900113,0,0,0
124900114,0,0,0
124900115,0,0,0
124900116,0,0,0
124900117,0,0,0
124900118,0,0,0
124900119,0,0,0
124900120,0,0,0
124900121,0,0,0
124900122,0,0,0
124900123,0,0,0
124900124,0,0,0
204000001,0,0,0
204000002,0,0,0
204000003,0,0,0
204000004,0,0,0
204000005,0,0,0
204000006,0,0,0
204000011,35,254,-219
204000012,5,109,-104
204000019,0,0,0
204000020,0,0,0
204000021,0,0,0
204000022,0,0,0
204000023,272,859,-587
204000031,0,0,0
204000032,0,0,0
204000034,47,170,-123
204000035,0,4,-4
204000036,1,6,-5
204000037,3,6,-3
204000038,0,3,-3
204000039,3,7,-4
204000040,0,3,-3
204000041,2,9,-7
204000042,0,0,0
204000043,0,0,0
204000044,0,0,0
204000045,0,0,0
204000046,0,0,0
204000057,2,6,-4
204000062,18,23,-5
204000068,38,78,-40
204000069,9,38,-29
204000070,0,0,0
204000080,16,77,-61
204000085,217,373,-156
204000086,494,687,-193
204000087,0,0,0
204000088,27,170,-143
204000090,39,161,-122
204000093,0,0,0
204000096,0,0,0
204000097,0,0,0
204000099,0,0,0
204000100,0,0,0
204000105,338,413,-75
204000110,103,642,-539
204000111,85,213,-128
204000112,82,197,-115
204000113,74,151,-77
204000114,0,0,0
204000115,0,0,0
204000116,0,0,0
204000119,0,0,0
204000132,0,0,0
204000133,0,0,0
204000134,0,0,0
204000135,0,0,0
204000136,0,0,0
204000138,0,0,0
204000140,0,0,0
204000141,0,0,0
204000144,0,0,0
204000145,0,0,0
204000146,52,88,-36
204000147,27,84,-57
204000148,0,0,0
204000154,0,0,0
204000155,0,4,-4
204000177,0,0,0
204000179,0,0,0
204000180,0,53,-53
204000222,1,1,0
204000235,15,8,7
204000236,18,94,-76
204000238,0,0,0
204000240,38,14,24
204000263,152,333,-181
204000268,0,0,0
204000308,0,0,0
204000317,19,29,-10
204000322,7,9,-2
204000323,0,0,0
204000328,0,0,0
204000329,48,51,-3
204000330,0,0,0
204000331,61,59,2
204010341,0,0,0
205000001,494,378,116
205000013,0,60,-60
205000014,9,99,-90
205000015,11,148,-137
205000016,4,106,-102
205000017,7,27,-20
205000022,118,268,-150
205000025,413,435,-22
205000029,0,0,0
205000045,45,129,-84
205000046,25,209,-184
205000047,28,228,-200
205000048,119,402,-283
205000049,41,417,-376
205000050,273,199,74
205000059,0,173,-173
205000060,0,22,-22
205000061,0,6,-6
205000062,0,17,-17
205000063,2,43,-41
205000064,4,67,-63
205000065,16,169,-153
205000066,6,103,-97
205000067,21,257,-236
205000069,0,0,0
205000082,0,0,0
205000110,14,142,-128
205000111,71,172,-101
205000112,0,0,0
205000113,107,120,-13
205000121,0,0,0
205000123,126,111,15
205000126,0,0,0
205000127,0,0,0
205000128,0,0,0
205000129,0,0,0
205000130,0,0,0
205000131,0,0,0
205000132,0,0,0
205000133,0,0,0
205000134,0,0,0
205000137,39,71,-32
205000138,71,81,-10
205000139,5,37,-32
205000144,0,0,0
205000145,0,0,0
205000151,0,0,0
205000152,0,0,0
205000153,0,0,0
205000154,0,0,0
205000155,0,0,0
205000207,258,395,-137
205000233,0,0,0
205000234,0,0,0
205000243,0,0,0
205000244,0,2,-2
205000245,7,99,-92
205000249,0,7,-7
205000250,0,0,0
205000264,0,45,-45
206000027,0,0,0
206000028,0,0,0
206000043,1,17,-16
206000053,0,19,-19
206000054,1,46,-45
206000055,0,14,-14
206000075,0,0,0
206000076,0,0,0
206000077,0,0,0
206000078,0,0,0
206000079,0,0,0
206000082,0,0,0
206000100,3,64,-61
206000103,4,40,-36
206000104,11,60,-49
206000105,2,32,-30
206000106,32,77,-45
206000108,0,0,0
206000125,0,0,0
206000157,148,620,-472
206000170,1,310,-309
206000171,2,98,-96
206000172,6,157,-151
206000173,0,60,-60
206000174,0,42,-42
206000175,3,42,-39
206000176,9,84,-75
206000177,0,92,-92
206000178,0,57,-57
206000179,1,25,-24
206000180,3,14,-11
206000181,0,15,-15
206000182,2,28,-26
206000183,7,26,-19
206000184,2,81,-79
206000185,14,49,-35
206000186,42,222,-180
206000223,5,66,-61
206000226,0,0,0
206000227,0,0,0
206000237,5,97,-92
206000238,37,134,-97
206000239,236,226,10
206000240,4,80,-76
206000241,1,135,-134
206000242,11,129,-118
206000243,7,137,-130
206000244,57,187,-130
206000245,0,0,0
206000246,0,0,0
206000247,0,0,0
206000248,0,0,0
206000252,0,0,0
206000258,13,81,-68
206000315,0,0,0
206000317,0,0,0
206000318,0,0,0
206000319,1,0,1
206000320,0,0,0
206000321,1,0,1
206000322,0,0,0
206000323,0,0,0
206000324,0,0,0
206000325,0,0,0
206000326,0,0,0
206000327,0,0,0
206000328,0,0,0
206000329,0,0,0
206000330,0,0,0
206000331,0,0,0
206000332,0,0,0
206000333,0,0,0
206000334,0,0,0
206000335,0,19,-19
206000361,1,215,-214
206000392,2,12,-10
206000405,0,0,0
206000441,0,0,0
206000498,0,1,-1
206000515,0,0,0
206000530,0,0,0
206000531,0,0,0
206000532,0,0,0
206000535,4,12,-8
206000536,0,2,-2
206000537,1,2,-1
206000613,2,1,1
207000001,51,349,-298
207000002,41,273,-232
207000003,31,156,-125
207000007,0,0,0
207000008,0,0,0
207000009,0,0,0
207000010,23,23,0
207000012,0,0,0
207000015,45,65,-20
207000019,0,0,0
207000021,0,0,0
207000022,0,0,0
207000023,0,0,0
207000024,0,0,0
207000025,0,0,0
207000026,46,150,-104
207000027,16,134,-118
207000028,31,149,-118
207000029,113,393,-280
207000033,0,0,0
207000034,0,0,0
207000039,0,0,0
207000040,0,0,0
207000041,0,0,0
207000042,0,0,0
207000043,0,0,0
207000051,17,104,-87
207000052,0,39,-39
207000053,186,635,-449
207000054,10,54,-44
207000055,31,89,-58
207000056,71,188,-117
207000057,81,176,-95
207000058,34,217,-183
207000059,30,246,-216
207000060,4,44,-40
207000061,0,0,0
207000062,0,0,0
207000063,0,0,0
207000064,0,0,0
207000065,0,0,0
207000066,0,0,0
207000067,0,0,0
207000068,0,0,0
207000069,0,0,0
207000082,0,0,0
207000083,0,22,-22
207000084,0,0,0
207000085,0,0,0
207000086,0,0,0
207000106,0,0,0
207000107,0,0,0
207000108,0,0,0
207000109,0,0,0
207000110,0,0,0
207000111,0,0,0
207000112,0,0,0
207000114,0,4,-4
207000115,5,28,-23
207000116,6,87,-81
207000117,1,38,-37
207000118,1,44,-43
207000119,1,48,-47
207000123,0,0,0
207000124,0,0,0
207000125,0,0,0
207000126,0,0,0
207000134,0,0,0
207000135,0,0,0
207000148,0,0,0
207000149,11,11,0
207000152,38,244,-206
207000153,1185,773,412
207000154,0,0,0
207000159,6,32,-26
207000160,24,62,-38
207000238,0,24,-24
207000242,0,51,-51
207000248,6,6,0
207000249,20,37,-17
207000250,24,30,-6
207000251,7,18,-11
207000252,12,59,-47
207000278,0,0,0
207000279,9,29,-20
207000280,0,0,0
207000281,0,17,-17
207000282,0,0,0
207000283,1,3,-2
207000284,0,0,0
207000285,0,0,0
207000291,5,51,-46
207000304,0,0,0
207000306,24,314,-290
207000310,0,0,0
207000353,0,0,0
207000356,2,0,2
207000357,0,0,0
207000358,0,0,0
207000415,1,110,-109
207000417,0,0,0
207000418,0,0,0
207000438,0,2,-2
207000439,0,0,0
207000446,0,0,0
207000460,0,0,0
207000466,26,84,-58
207000467,0,0,0
207000468,3,53,-50
207000476,0,0,0
207000477,0,0,0
207000478,0,0,0
207000523,0,21,-21
207000524,0,1,-1
207000527,0,0,0
207000530,0,0,0
207000531,0,0,0
207000532,0,0,0
207000534,0,0,0
207000535,11,71,-60
207000537,1,34,-33
207000540,6,85,-79
207000541,0,145,-145
207000548,2,121,-119
207000549,0,0,0
207000561,0,0,0
207000562,10,57,-47
207000567,97,178,-81
207000568,0,0,0
207000569,0,0,0
207000584,144,44,100
207000585,0,0,0
207000587,0,0,0
207000616,6,179,-173
207000617,0,0,0
207000624,0,0,0
207000631,0,0,0
207900008,0,0,0
208000001,0,0,0
208000002,0,0,0
208000003,0,0,0
208000004,0,0,0
208000005,0,28,-28
208000019,0,0,0
208000020,0,4,-4
208000021,2,6,-4
208000022,1,2,-1
208000028,0,2,-2
208000033,2,2,0
208000034,1,7,-6
208000037,0,0,0
208000040,0,0,0
208000041,0,1,-1
208000042,0,1,-1
208000047,5,24,-19
208000064,5,2,3
208000066,1,0,1
208000070,0,0,0
208000071,0,0,0
208000072,0,0,0
208000080,0,0,0
208000081,0,0,0
208000082,17,68,-51
208000083,39,168,-129
208000084,0,0,0
208000085,98,142,-44
208000086,115,260,-145
208000087,31,151,-120
208000089,36,69,-33
208000090,30,83,-53
208000093,2,14,-12
208000094,18,26,-8
208000095,8,7,1
208000104,0,1,-1
208000105,0,1,-1
208000114,0,0,0
208000115,41,246,-205
208000116,0,0,0
208000117,0,0,0
208000118,0,0,0
208000155,105,399,-294
208000158,167,184,-17
208000186,1,3,-2
208000204,13,58,-45
208000205,35,67,-32
208000282,336,116,220
209000004,0,0,0
209000005,0,0,0
209000006,0,2,-2
209000007,0,0,0
209000010,118,48,70
209000011,71,71,0
209000012,40,106,-66
209000013,32,134,-102
209000014,119,444,-325
209000025,0,0,0
209000026,0,0,0
209000027,71,348,-277
209000028,79,373,-294
209000029,85,318,-233
209000030,85,561,-476
209000031,857,1280,-423
209000034,0,0,0
209000035,0,0,0
209000036,0,0,0
209000037,0,0,0
209000038,0,0,0
209000039,0,0,0
209000040,5,52,-47
209000041,4,35,-31
209000042,7,33,-26
209000043,8,23,-15
209000044,33,18,15
209000045,36,203,-167
209000046,49,211,-162
209000047,43,85,-42
209000048,21,89,-68
209000049,75,166,-91
209000050,119,228,-109
209000051,127,201,-74
209000052,42,165,-123
209000062,7,70,-63
209000063,9,75,-66
209000064,10,78,-68
209000065,0,0,0
209000066,0,0,0
209000067,0,0,0
209000080,8,70,-62
209000082,0,0,0
209000091,6,42,-36
209000093,18,35,-17
209000094,182,87,95
209000110,0,0,0
209000111,16,67,-51
209000112,14,20,-6
209000113,21,7,14
209000114,1,3,-2
209000115,41,59,-18
209000116,573,294,279
209000118,0,0,0
209000119,10,14,-4
209000121,44,167,-123
209000135,0,0,0
209000142,96,36,60
209000143,23,26,-3
209000144,0,0,0
209000229,18,119,-101
209000240,8,87,-79
209000259,65,103,-38
209000260,0,92,-92
209000261,0,38,-38
209000262,0,20,-20
209000263,0,8,-8
209000264,0,2,-2
209000265,0,0,0
209000266,0,0,0
209000267,0,0,0
209000268,0,0,0
210000037,0,0,0
210000047,0,0,0
210000048,0,0,0
210000049,0,0,0
210000052,2,25,-23
210000053,0,18,-18
210000054,5,22,-17
210000070,0,0,0
210000071,0,0,0
210000072,0,0,0
210000073,0,18,-18
210000074,0,78,-78
210000075,2,28,-26
210000076,0,54,-54
210000077,5,15,-10
210000078,6,10,-4
210000079,0,0,0
210000080,0,0,0
210000081,0,0,0
210000082,0,0,0
210000083,0,0,0
210000084,0,0,0
210000085,0,23,-23
210000086,1,28,-27
210000099,8,109,-101
210000100,21,70,-49
210000101,54,130,-76
210000105,14,35,-21
210000159,0,27,-27
210000163,24,58,-34
210000164,0,0,0
210000168,0,0,0
210000187,0,9,-9
210000188,0,9,-9
210000214,0,0,0
210000219,0,0,0
210000220,0,0,0
210000232,4,5,-1
210000233,0,3,-3
210000234,2,18,-16
210000235,6,8,-2
210000245,2,18,-16
210000246,0,2,-2
210000258,2,36,-34
210000259,0,0,0
210000282,4,63,-59
210000285,0,25,-25
210000286,3,49,-46
210000290,0,0,0
210000295,1,15,-14
210000296,3,12,-9
210000320,0,0,0
210000321,0,0,0
210000338,15,23,-8
210000339,181,237,-56
210000340,33,93,-60
210000341,21,77,-56
210000342,32,92,-60
210000343,21,129,-108
210000344,16,70,-54
210000345,31,79,-48
210000346,2,35,-33
210000347,6,15,-9
210000348,17,7,10
210000349,9,13,-4
210000350,51,60,-9
210000351,47,68,-21
210000352,0,0,0
210000353,0,0,0
210000354,0,0,0
210000355,0,0,0
210000356,0,0,0
210000357,0,0,0
210000358,0,0,0
210000359,0,0,0
210000360,0,0,0
210000361,0,0,0
210000362,0,0,0
210000363,0,0,0
210000364,0,0,0
210000365,0,0,0
210000366,0,0,0
210000367,0,0,0
210000368,0,0,0
210000369,0,0,0
210000370,0,0,0
210000372,0,0,0
210000373,0,0,0
210000374,0,0,0
210000375,0,0,0
210000376,0,0,0
210000404,36,66,-30
210000439,0,0,0
210000472,0,0,0
210000482,0,0,0
210000564,0,0,0
210000567,0,0,0
210000568,0,0,0
211000092,0,0,0
211000094,0,0,0
211000169,0,0,0
211000172,0,0,0
211000209,0,0,0
211000226,0,0,0
211000270,0,0,0
211000275,0,0,0
211000276,0,0,0
211000279,0,0,0
211000281,0,0,0
211507980,0,0,0
211977296,0,0,0
212000003,0,0,0
212000004,1,3,-2
212000005,9,1,8
212000006,2,15,-13
212000008,22,27,-5
212000009,1,38,-37
212000012,30,46,-16
212000013,10,35,-25
212000014,100,51,49
212000015,73,78,-5
212000016,227,258,-31
212000027,0,0,0
212000028,0,0,0
212000029,0,0,0
212000030,0,0,0
212000031,0,0,0
212000048,3,7,-4
212000049,3,5,-2
212000050,3,4,-1
212000051,40,74,-34
212000052,22,87,-65
212000053,111,120,-9
212000054,0,3,-3
212000055,0,0,0
212000056,0,0,0
212000057,0,0,0
212000058,0,0,0
212000070,21,38,-17
212000077,37,159,-122
212000099,0,1,-1
212000108,0,0,0
212000111,0,0,0
212000120,15,11,4
212000138,25,45,-20
212000156,4,19,-15
212000158,0,0,0
212000159,0,1,-1
212000160,0,1,-1
212000161,0,0,0
212000310,2,6,-4
212000311,0,0,0
212000374,5,2,3
213000001,0,0,0
213000005,0,0,0
213000006,0,0,0
213000007,0,0,0
213000009,0,0,0
213000010,0,0,0
213000011,0,0,0
213000012,0,2,-2
213000014,0,0,0
213000015,0,0,0
213000016,0,0,0
213000017,0,0,0
213000018,0,0,0
213000019,0,0,0
213000020,0,0,0
213000021,0,0,0
213000023,0,0,0
213000033,0,2,-2
213000034,0,0,0
213000035,0,0,0
213000045,0,0,0
213000046,0,0,0
213000047,0,0,0
213000056,0,0,0
213000069,0,0,0
213000073,0,0,0
213000074,0,11,-11
213000075,0,0,0
213000076,0,0,0
213000085,0,3,-3
213000086,0,9,-9
213000091,0,0,0
213000092,0,0,0
213000099,7,4,3
213000100,2,1,1
213000101,0,0,0
213000102,0,0,0
213000103,0,0,0
213000104,0,0,0
213000105,0,5,-5
213000106,3,6,-3
213000107,13,8,5
213000108,0,8,-8
213000109,0,2,-2
213000110,0,0,0
213000111,0,0,0
213000112,5,0,5
213000115,0,0,0
213000116,0,0,0
213000117,0,0,0
213000118,30,11,19
213000119,0,61,-61
213000120,0,21,-21
213000122,8,9,-1
213000123,5,8,-3
213000124,1,6,-5
213000125,0,0,0
213000126,0,0,0
213000127,0,0,0
213000128,0,0,0
213000129,1,0,1
213000130,0,0,0
213000132,0,0,0
213000133,0,0,0
213000134,0,0,0
213000136,0,0,0
213000137,0,0,0
213000139,0,0,0
213000147,0,0,0
213000148,0,0,0
213000149,0,0,0
213000150,0,2,-2
213000151,0,3,-3
213000152,0,2,-2
213000153,0,1,-1
213000154,0,9,-9
213000155,2,8,-6
213000156,2,3,-1
213000157,8,4,4
213000158,0,5,-5
213000159,0,0,0
213000163,0,0,0
213000165,0,0,0
213000171,0,0,0
213000172,0,2,-2
213000173,0,0,0
213000174,0,0,0
213000175,0,0,0
213000176,0,0,0
213000177,0,0,0
213000178,0,0,0
213000179,0,0,0
213000180,0,0,0
213000184,0,0,0
213000188,0,0,0
213000189,0,0,0
213000190,0,6,-6
213000191,1,6,-5
213000192,0,6,-6
213000193,72,5,67
213000194,0,0,0
213000195,0,4,-4
213000196,0,4,-4
213000197,0,0,0
213000198,0,0,0
213000200,16,26,-10
213000201,0,0,0
213000202,0,57,-57
213000203,0,0,0
213000204,0,0,0
213000205,0,0,0
213000206,0,0,0
213000207,0,0,0
213000208,0,0,0
213000209,0,0,0
213000210,0,0,0
213000211,0,0,0
213000212,0,0,0
213000213,1,1,0
213000218,5,68,-63
213000219,0,0,0
213000220,0,0,0
213000223,0,0,0
213000224,0,0,0
213000225,0,0,0
213000226,0,0,0
213000227,0,0,0
213000228,0,0,0
213000229,0,0,0
213000230,0,0,0
213000232,0,16,-16
213000233,1,0,1
213000234,0,1,-1
213000293,0,5,-5
213000294,0,0,0
213000295,0,4,-4
213000296,0,0,0
213000297,1,8,-7
213000298,1,10,-9
213000299,0,0,0
213000300,0,0,0
213000303,4,4,0
213000304,2,1,1
213000305,0,0,0
213000306,0,2,-2
213000307,0,0,0
213000308,4,7,-3
213000309,0,0,0
213000310,0,0,0
213000311,0,0,0
213000315,0,4,-4
213000316,0,0,0
213000322,0,0,0
213000323,0,0,0
213000324,0,0,0
213000325,0,0,0
213000326,0,0,0
213000327,0,0,0
213000328,0,0,0
213000329,0,0,0
213000340,3,43,-40
213000341,0,0,0
213000346,0,0,0
213000347,0,0,0
213000348,0,0,0
213000349,0,0,0
213000350,0,3,-3
213000366,2,7,-5
213000367,0,0,0
213000379,0,0,0
213000386,1,24,-23
213000406,2,34,-32
213000417,0,0,0
213000425,0,0,0
213000426,0,0,0
213000427,0,0,0
213000428,0,0,0
213000429,0,0,0
213000430,0,0,0
213000431,0,0,0
213000432,0,0,0
213000433,0,0,0
213000434,0,0,0
213000435,0,0,0
213000436,0,0,0
213000437,0,0,0
213000438,0,0,0
213000439,0,0,0
213000440,0,0,0
213000441,0,0,0
213000442,0,0,0
213000443,0,0,0
213000444,0,0,0
213000445,0,0,0
213000446,0,0,0
213000447,0,0,0
213000448,0,0,0
213000449,0,0,0
213000450,0,0,0
213000451,0,0,0
213000452,0,0,0
213000453,1,20,-19
213000455,0,0,0
213000456,0,1,-1
213000481,0,0,0
213000482,0,0,0
213000489,0,0,0
213000491,0,4,-4
213000492,0,0,0
213000493,0,5,-5
213000494,0,1,-1
213000495,0,0,0
213000496,0,1,-1
213000497,0,2,-2
213000498,0,0,0
213000499,0,0,0
213000500,0,0,0
213000501,0,0,0
213000502,0,0,0
213000503,0,0,0
213000504,0,0,0
213000505,0,0,0
213000506,0,0,0
213000507,0,0,0
213900244,0,0,0
213900245,0,0,0
218000003,3,3,0
218000004,1,3,-2
218000005,0,0,0
218000006,2,33,-31
218000007,2,17,-15
218000012,8,10,-2
218000013,54,144,-90
218000014,285,178,107
218000019,545,247,298
218000020,178,243,-65
218000021,48,71,-23
218000022,20,42,-22
218000023,6,38,-32
218000024,1,26,-25
218000025,27,49,-22
218000026,7,70,-63
218000027,0,24,-24
218000028,4,11,-7
218000029,4,17,-13
218000030,38,46,-8
218000031,3,41,-38
218000032,1,28,-27
218000040,0,0,0
218000046,0,0,0
218000047,0,0,0
218000048,0,0,0
218000049,0,0,0
218000050,0,0,0
218000051,0,0,0
218000052,0,0,0
218000053,0,0,0
218000054,0,0,0
218000055,0,0,0
218000056,0,0,0
218000057,0,0,0
218000064,0,0,0
218000065,0,0,0
218000066,0,0,0
218000067,6,116,-110
218000068,16,108,-92
218000069,20,193,-173
218000070,31,202,-171
218000071,100,120,-20
218000072,206,159,47
218000078,180,370,-190
218000079,2,14,-12
218000080,8,9,-1
218000081,15,17,-2
218000082,0,5,-5
218000083,10,33,-23
218000084,38,108,-70
218000085,125,246,-121
218000086,19,120,-101
218000087,75,124,-49
218000090,5,22,-17
218000091,178,177,1
218000092,61,200,-139
218000093,123,85,38
218000094,243,345,-102
218000099,145,276,-131
218000100,107,216,-109
218000101,39,62,-23
218000102,85,90,-5
218000103,28,52,-24
218000104,6,10,-4
218000105,8,5,3
218000106,10,13,-3
218000107,4,91,-87
218000108,1,47,-46
218000112,13,11,2
218000117,0,0,0
218000134,85,200,-115
218000135,5,7,-2
218000136,18,14,4
218000137,34,54,-20
218000138,3,15,-12
218000139,20,75,-55
218000140,6,11,-5
218000141,3,5,-2
218000142,6,11,-5
218000143,2,15,-13
218000144,1,1,0
218000145,14,61,-47
218000146,12,40,-28
218000151,1,23,-22
218000152,5,6,-1
218000153,2,6,-4
218000154,0,2,-2
218000155,10,4,6
218000156,80,26,54
218000157,6,16,-10
218000158,3,9,-6
218000159,18,4,14
218000160,0,3,-3
218000161,14,8,6
218000162,25,7,18
218000163,2,1,1
218000164,39,4,35
218000165,45,16,29
218000170,0,0,0
218000171,0,0,0
218000172,0,0,0
218000173,0,0,0
218000174,0,0,0
218000176,0,0,0
218000177,0,0,0
218000178,0,0,0
218000179,0,0,0
218000180,0,0,0
218000181,0,0,0
218000187,0,3,-3
218000188,1,9,-8
218000189,2,16,-14
218000190,1,3,-2
218000191,39,42,-3
218000192,36,154,-118
218000193,105,209,-104
218000194,15,206,-191
218000195,26,34,-8
218000196,38,109,-71
218000197,27,67,-40
218000198,2,37,-35
218000199,2,10,-8
218000200,0,14,-14
218000201,1,1,0
218000202,18,48,-30
218000207,0,25,-25
218000208,13,13,0
218000211,2,21,-19
218000212,2,6,-4
218000213,5,31,-26
218000214,0,9,-9
218000215,10,35,-25
218000217,2,32,-30
218000218,63,123,-60
218000219,0,0,0
218000220,12,66,-54
218000221,34,55,-21
218000222,0,0,0
218000223,83,23,60
218000224,1,16,-15
218000225,68,13,55
218000226,25,16,9
218000230,0,2,-2
218000232,36,13,23
218000239,0,0,0
218000240,0,1,-1
218000241,1,0,1
218000242,0,0,0
218000243,0,0,0
218000244,0,0,0
218000245,0,0,0
218000246,0,0,0
218000247,0,0,0
218000248,0,0,0
218000249,0,0,0
218000250,0,0,0
218000251,0,0,0
218000252,0,0,0
218000253,0,0,0
218000254,0,0,0
218000255,0,0,0
218000256,0,0,0
218000267,25,237,-212
218000268,1,24,-23
218000269,1,9,-8
218000270,57,71,-14
218000271,121,79,42
218000273,0,0,0
218000274,0,0,0
218000275,6,10,-4
218000276,0,20,-20
218000278,36,120,-84
218000279,5,82,-77
218000280,1,17,-16
218000281,2,17,-15
218000282,12,37,-25
218000284,0,0,0
218000301,11,74,-63
218000302,9,2,7
218000303,3,9,-6
218000316,83,101,-18
218000317,55,60,-5
218000318,21,100,-79
218000319,220,479,-259
218000320,153,478,-325
218000338,2,7,-5
218000345,2,2,0
218000346,0,0,0
218000459,33,130,-97
218000490,3,11,-8
218000501,0,0,0
218000502,2,39,-37
218000503,0,0,0
218000504,0,0,0
218000505,27,85,-58
218000506,31,68,-37
218000508,0,4,-4
218000510,0,0,0
218000520,1,0,1
218000521,0,0,0
218000522,0,14,-14
218000523,0,0,0
218000524,4,11,-7
218000525,0,0,0
218000526,8,10,-2
218000529,0,0,0
218000530,3,3,0
218000531,0,0,0
218000532,5,25,-20
218000534,0,0,0
218000537,0,0,0
218000538,4,8,-4
218000540,42,45,-3
218000543,46,74,-28
218000544,69,84,-15
218000545,6,22,-16
218000546,11,52,-41
218000547,20,28,-8
218000548,33,52,-19
218000549,61,33,28
218000550,85,150,-65
218000551,103,59,44
218000552,61,20,41
218000553,1,15,-14
218000554,1,7,-6
218000555,0,0,0
218000556,230,207,23
218000557,0,2,-2
218000558,0,0,0
218000559,0,0,0
218000560,0,0,0
218000561,0,0,0
218000562,9,39,-30
218000563,0,0,0
218000564,1,10,-9
218000565,0,0,0
218000566,2,0,2
218000567,0,0,0
218000568,0,0,0
218000569,1,4,-3
218000570,0,0,0
218000571,0,0,0
218000572,0,0,0
218000573,1,3,-2
218000574,0,0,0
218000575,0,0,0
218000576,0,4,-4
218000577,0,0,0
218000578,0,0,0
218000579,0,0,0
218000581,0,7,-7
218000582,0,0,0
218000583,0,0,0
218000584,0,2,-2
218000585,0,0,0
218000586,0,8,-8
218000587,0,0,0
218000588,0,0,0
218000589,0,0,0
218000590,0,0,0
218000591,0,0,0
218000592,0,0,0
218000593,0,0,0
218000594,0,0,0
218000597,0,0,0
218000598,0,0,0
218000599,0,0,0
218000600,0,0,0
218000601,0,0,0
218000602,0,0,0
218000603,0,1,-1
218000604,0,0,0
218000605,0,1,-1
218000606,0,0,0
218000607,0,0,0
218000608,0,0,0
218000609,0,0,0
218000610,0,0,0
218000611,0,0,0
218000612,0,1,-1
218000613,0,0,0
218000614,0,0,0
218000615,0,0,0
218000616,0,3,-3
218000617,0,0,0
218000618,0,0,0
218000619,0,0,0
218000620,0,0,0
218000621,0,0,0
218000622,0,0,0
218000623,0,0,0
218000624,0,0,0
218000625,0,0,0
218000626,0,0,0
218000628,9,15,-6
218000631,0,0,0
218000632,0,0,0
218000633,0,0,0
218000634,2,4,-2
218000635,3,10,-7
218000636,197,458,-261
218000637,48,46,2
218000638,0,0,0
218000639,2,71,-69
218000640,0,0,0
218000641,2,34,-32
218000652,30,35,-5
218000653,65,37,28
218000663,0,0,0
218000675,0,0,0
218000676,1,35,-34
218000677,4,6,-2
218000680,0,0,0
218000681,0,0,0
218000691,0,0,0
218000693,0,0,0
218000703,23,80,-57
218000718,31,34,-3
218000719,4,16,-12
218000720,1,3,-2
218000721,0,0,0
218000725,5,7,-2
218001147,1,37,-36
218001214,0,0,0
218001258,0,0,0
218001329,0,0,0
218001330,0,0,0
218001351,0,0,0
218001352,0,0,0
218001353,0,0,0
218001354,0,0,0
218001355,9,39,-30
218001356,0,2,-2
218001357,6,25,-19
218001358,0,0,0
218001361,0,0,0
218001362,2,71,-69
219000001,19,66,-47
219000002,44,115,-71
219000003,0,1,-1
219000004,3,1,2
219000017,16,7,9
219000020,0,0,0
219000022,0,0,0
219000023,0,0,0
219000029,1,58,-57
219000034,0,0,0
219000039,6,23,-17
219000040,1,9,-8
219000041,19,30,-11
219000051,0,81,-81
219000052,0,23,-23
219000053,0,109,-109
219000054,2,38,-36
219000055,2,0,2
219000056,0,0,0
219000057,2,0,2
219000062,4,55,-51
219000063,17,13,4
219000064,0,15,-15
219000110,0,1,-1
219000111,0,0,0
219000112,0,1,-1
219000113,2,0,2
219000114,1,0,1
219000116,19,10,9
219000117,64,39,25
219000118,7,29,-22
219000123,80,87,-7
219000124,53,98,-45
219000125,10,36,-26
219000126,24,40,-16
219000127,0,12,-12
219000128,12,179,-167
219000129,39,275,-236
219000130,1766,1038,728
219000131,692,429,263
219000133,2,7,-5
219000134,4,1,3
219000135,20,2,18
219000136,21,51,-30
219000138,5,28,-23
219000139,4,37,-33
219000140,0,0,0
219000141,4,54,-50
219000142,1,47,-46
219000143,0,49,-49
219000145,0,4,-4
219000146,3,86,-83
219000147,0,8,-8
219000148,1,5,-4
219000149,17,118,-101
219000150,3,76,-73
219000151,7,146,-139
219000157,42,22,20
219000158,49,125,-76
219000161,57,50,7
219000163,245,63,182
219000166,23,93,-70
219000167,29,140,-111
219000168,1,0,1
219000174,0,0,0
219000175,0,0,0
219000176,0,0,0
219000177,0,0,0
219000178,0,0,0
219000179,0,0,0
219000180,4,23,-19
219000182,0,0,0
219000183,2,10,-8
219000184,0,0,0
219000185,0,98,-98
219000186,0,11,-11
219000187,2,77,-75
219000189,102,259,-157
219000190,202,288,-86
219000191,989,624,365
219000192,100,157,-57
219000193,366,497,-131
219000195,2,63,-61
219000196,0,53,-53
219000198,7,83,-76
219000199,34,97,-63
219000200,19,114,-95
219000201,44,118,-74
219000203,12,140,-128
219000204,20,115,-95
219000205,18,137,-119
219000207,114,104,10
219000209,28,52,-24
219000210,19,45,-26
219000213,12,70,-58
219000239,0,0,0
219000240,3,66,-63
219000241,17,31,-14
219000242,24,54,-30
219000243,45,41,4
219000244,1,17,-16
219000245,3,7,-4
219000246,0,0,0
219000247,0,0,0
219000248,0,0,0
219000249,0,0,0
219000250,0,0,0
219000251,0,0,0
219000252,0,0,0
219000253,0,0,0
219000255,0,0,0
219000256,0,0,0
219000257,0,0,0
219000262,11,124,-113
219000263,28,36,-8
219000267,1,151,-150
219000268,11,26,-15
219000269,0,0,0
219000270,0,0,0
219000271,17,0,17
219000278,0,13,-13
219000279,0,10,-10
219000283,1,8,-7
219000295,2,32,-30
219000296,12,183,-171
219000297,2,71,-69
219000298,2,81,-79
219000299,0,0,0
219000300,8,120,-112
219000301,12,137,-125
219000302,6,88,-82
219000307,23,56,-33
219000308,20,14,6
219000311,0,0,0
219000312,0,0,0
219000313,0,0,0
219000314,54,178,-124
219000315,0,0,0
219000316,0,0,0
219000317,0,0,0
219000320,0,36,-36
219000321,0,9,-9
219000323,1,13,-12
219000325,1,54,-53
219000326,36,103,-67
219000327,29,21,8
219000328,7,22,-15
219000329,259,200,59
219000330,14,32,-18
219000331,10,22,-12
219000332,0,0,0
219000333,0,0,0
219000335,0,0,0
219000337,0,0,0
219000338,0,0,0
219000344,60,79,-19
219000345,91,104,-13
219000346,16,121,-105
219000348,34,71,-37
219000349,32,90,-58
219000350,23,57,-34
219000351,0,1,-1
219000352,0,0,0
219000353,7,18,-11
219000354,16,36,-20
219000355,0,0,0
219000356,524,210,314
219000363,130,25,105
219000364,47,19,28
219000365,12,2,10
219000366,233,40,193
219000368,2,3,-1
219000370,147,75,72
219000371,4,28,-24
219000382,6,7,-1
219000383,359,354,5
219000385,257,346,-89
219000386,452,650,-198
219000387,0,0,0
219000390,0,0,0
219000391,0,0,0
219000397,60,91,-31
219000398,34,11,23
219000401,0,0,0
219000402,0,0,0
219000403,0,0,0
219000404,0,0,0
219000407,2,15,-13
219000409,0,0,0
219000410,0,0,0
219000411,0,0,0
219000446,195,284,-89
219000447,9,18,-9
219000448,0,0,0
219000452,0,0,0
219000453,7,5,2
219000454,91,45,46
219000556,0,0,0
219000558,17,68,-51
219000590,1,42,-41
219000591,0,0,0
219000592,38,227,-189
219000595,0,3,-3
219000635,0,0,0
219000636,1,61,-60
219000657,1,0,1
219000658,2,23,-21
219000673,0,40,-40
219000676,0,1,-1
219000679,2,67,-65
219000684,0,0,0
219000685,0,31,-31
219000686,1,0,1
219000688,0,221,-221
219000689,0,0,0
219000690,0,0,0
219000691,0,0,0
219000692,0,12,-12
219000693,0,9,-9
219000694,0,0,0
219000695,0,0,0
219000698,0,0,0
219000699,2,10,-8
219000727,1,162,-161
219000728,2,0,2
219000770,0,0,0
219000771,0,15,-15
219000788,51,61,-10
219001150,0,1,-1
219001151,0,7,-7
219001166,0,0,0
219001167,0,0,0
219001178,0,0,0
220000001,0,4,-4
220000002,3,30,-27
220000003,124,120,4
220000004,133,160,-27
220000005,703,611,92
220000006,60,279,-219
220000007,181,317,-136
220000008,47,281,-234
220000009,89,140,-51
220000010,3,19,-16
220000011,47,29,18
220000012,0,5,-5
220000014,0,0,0
220000015,0,0,0
220000017,0,1,-1
220000018,4,2,2
220000019,0,2,-2
220000020,10,32,-22
220000021,14,14,0
220000022,8,44,-36
220000023,6,12,-6
220000024,55,23,32
220000025,7,16,-9
220000026,12,5,7
220000027,0,0,0
220000028,0,1,-1
220000029,21,88,-67
220000030,20,26,-6
220000031,2,4,-2
220000064,0,0,0
221000046,0,0,0
221000047,0,0,0
221000048,0,0,0
221000049,0,10,-10
221000050,0,0,0
221000055,15,45,-30
221000057,0,0,0
221000068,0,0,0
221000069,0,0,0
221000070,0,0,0
221000071,0,0,0
221000072,0,0,0
221000073,0,17,-17
221000074,0,7,-7
221000075,0,24,-24
221000076,2,49,-47
221000077,7,81,-74
221000081,0,0,0
221000082,0,0,0
221000083,0,0,0
221000084,0,0,0
221000085,5,41,-36
221000086,5,100,-95
221000087,1,77,-76
221000088,17,63,-46
221000089,23,66,-43
221000090,217,215,2
221000098,0,0,0
221000099,0,0,0
221000100,0,0,0
221000101,0,0,0
221000102,0,0,0
221000109,1,61,-60
221000110,3,148,-145
221000111,6,84,-78
221000112,1,64,-63
221000113,5,101,-96
221000114,5,102,-97
221000120,0,0,0
221000121,0,0,0
221000122,0,0,0
221000123,0,0,0
221000124,0,0,0
221000155,0,0,0
221000156,0,0,0
221000175,0,0,0
221000176,0,0,0
221000182,0,0,0
221000241,0,0,0
221000242,203,351,-148
221000243,0,0,0
221000244,35,216,-181
221000245,0,0,0
221000246,3,119,-116
221000247,0,0,0
221000248,7,72,-65
221000267,0,4,-4
221000325,0,0,0
221000331,0,0,0
221000338,0,0,0
221000378,0,0,0
221000381,0,0,0
222000282,0,0,0
222000296,0,0,0
222000568,0,0,0
222000569,0,0,0
222000570,0,0,0
222000571,0,0,0
222000577,0,0,0
222000578,0,0,0
222000579,0,0,0
222000580,0,0,0
222000599,0,0,0
222000600,0,0,0
222000601,0,0,0
222000603,0,0,0
222000604,0,0,0
222000605,0,0,0
222000606,0,0,0
222000607,0,0,0
222000608,0,0,0
222000609,0,0,0
222000616,0,0,0
222000617,0,0,0
222000618,0,0,0
222000620,0,0,0
222000621,0,0,0
222000623,0,0,0
222000624,0,0,0
222000625,0,0,0
222000636,0,0,0
222000686,0,0,0
222000687,0,0,0
222001066,0,0,0
222001067,0,0,0
222001068,0,0,0
222001069,0,0,0
222001082,0,0,0
222001083,0,0,0
222001084,0,0,0
222001085,0,0,0
222001111,0,0,0
222001112,0,0,0
222001313,0,0,0
222001314,0,0,0
222001464,0,0,0
222001465,0,0,0
222001484,0,0,0
222001485,0,0,0
222001494,0,0,0
222001495,0,0,0
222001496,0,0,0
222001497,0,0,0
222001502,0,1,-1
222001503,0,0,0
222001504,0,3,-3
222001505,0,0,0
222001506,0,1,-1
222001507,0,0,0
222001510,0,0,0
222001511,0,0,0
222001514,0,0,0
222001515,0,0,0
222001518,0,0,0
222001519,0,1,-1
222001527,0,0,0
222001528,0,0,0
222001529,0,0,0
222001530,0,0,0
222001533,1,6,-5
222001534,0,0,0
222001535,0,0,0
222001536,0,0,0
222001537,0,0,0
222001538,0,1,-1
222001563,0,0,0
222001564,0,0,0
222001568,0,0,0
222001576,0,0,0
222001579,0,0,0
222001583,0,0,0
222001584,0,0,0
222001596,0,1,-1
222001597,0,0,0
222001626,0,0,0
222001650,0,2,-2
222001651,0,0,0
222001914,0,0,0
222001915,0,0,0
222001968,0,0,0
222001969,0,0,0
222001970,0,0,0
222001971,0,0,0
222001972,0,0,0
225000001,0,0,0
225000002,0,0,0
225000003,0,0,0
225000004,0,0,0
225000005,0,0,0
225000006,0,61,-61
225000007,513,238,275
225000010,0,0,0
225000011,0,0,0
225000012,0,0,0
225000013,0,0,0
225000014,0,0,0
225000015,43,46,-3
225000021,0,0,0
225000027,64,206,-142
225000032,0,0,0
225000042,25,333,-308
225000049,4,16,-12
225000050,0,0,0
225000053,2,134,-132
225000058,0,0,0
225000067,16,66,-50
225000068,6,77,-71
225000069,7,95,-88
225000070,24,99,-75
225000071,8,36,-28
225000075,8,237,-229
225000076,9,78,-69
225000078,0,0,0
225000085,0,0,0
225000086,0,0,0
225000087,0,0,0
225000088,0,18,-18
225000089,588,143,445
225000090,4,31,-27
225000091,5,20,-15
225000092,5,29,-24
225000093,12,77,-65
225000094,4,90,-86
225000095,93,155,-62
225000096,49,81,-32
225000098,0,0,0
225000099,0,0,0
225000100,0,0,0
225000104,5,119,-114
225000110,1,129,-128
225000111,48,270,-222
225000112,24,300,-276
225000113,10,106,-96
225000114,7,56,-49
225000115,327,104,223
225000116,0,0,0
225000117,0,0,0
225000118,0,0,0
225000119,0,0,0
225000120,0,0,0
225000121,0,0,0
225000123,0,0,0
225000125,0,0,0
225000126,0,0,0
225000127,0,0,0
225000128,0,0,0
225000132,0,0,0
225000133,0,0,0
225000134,0,0,0
225000135,0,0,0
225000136,0,0,0
225000137,0,0,0
225000138,0,0,0
225000143,10,71,-61
225000144,2,166,-164
225000145,0,0,0
225000146,3,53,-50
225000147,9,116,-107
225000148,0,70,-70
225000149,126,248,-122
225000151,18,72,-54
225000155,28,59,-31
225000156,8,97,-89
225000157,22,71,-49
225000158,15,123,-108
225000171,4,70,-66
225000180,0,1,-1
225000181,0,15,-15
225000182,0,0,0
225000185,0,74,-74
225000187,12,131,-119
225000191,0,1,-1
225000194,0,64,-64
225000208,0,8,-8
225000209,0,0,0
225000210,2,64,-62
225000217,1,36,-35
225000218,0,0,0
225000223,0,30,-30
225000224,0,0,0
225000225,0,4,-4
225000226,0,0,0
225000227,39,27,12
225000228,0,0,0
225000229,1,31,-30
225000230,0,0,0
225000231,1,76,-75
225000232,0,0,0
225000241,0,0,0
225000242,0,89,-89
225000249,0,0,0
225000250,34,334,-300
225000251,0,0,0
225000254,0,0,0
225000256,0,0,0
225000257,0,1,-1
226000042,50,158,-108
226000043,9,79,-70
226000044,56,226,-170
226000045,27,149,-122
226000046,0,0,0
226000047,0,0,0
226000048,0,0,0
226000049,0,0,0
226000070,1,28,-27
226000071,0,22,-22
226000072,0,6,-6
226000073,1,6,-5
226000074,0,4,-4
226000084,0,22,-22
226000085,0,4,-4
226000086,0,1,-1
226000087,0,5,-5
226000088,0,3,-3
226000090,0,0,0
226000091,0,0,0
226000092,0,0,0
226000093,0,0,0
226000094,0,0,0
226000095,0,0,0
226000105,0,0,0
226000106,0,0,0
226000107,0,0,0
226000108,0,0,0
226000109,0,0,0
226000124,0,0,0
226000134,0,2,-2
226000135,0,0,0
226000136,0,0,0
226000137,9,151,-142
226000138,1,82,-81
226000139,0,6,-6
226000156,0,0,0
226000157,0,0,0
226000163,4,16,-12
226000202,2,174,-172
226000231,0,0,0
226000232,0,0,0
227000033,0,0,0
227000036,0,0,0
227000037,0,0,0
227000038,0,0,0
227000084,0,22,-22
227000085,0,18,-18
227000088,0,0,0
227000089,0,0,0
227000090,0,0,0
227000091,0,0,0
227000092,0,0,0
227000093,0,0,0
227000094,0,1,-1
227000130,4,44,-40
227000131,2,142,-140
227000132,3,204,-201
227000133,5,195,-190
227000134,9,221,-212
227000152,0,3,-3
227000153,0,28,-28
227000154,0,13,-13
227000155,0,22,-22
227000156,0,10,-10
227000165,1,14,-13
227000196,21,42,-21
227000199,4,107,-103
227000230,10,72,-62
227000232,0,0,0
227000242,41,251,-210
227000243,0,0,0
227000245,43,356,-313
227000246,33,328,-295
227000247,0,0,0
227000248,0,0,0
227000249,13,167,-154
227000250,0,0,0
227000251,121,328,-207
227000252,16,285,-269
227000253,0,0,0
227000262,0,0,0
227000266,0,0,0
227000267,25,361,-336
227000282,32,63,-31
227000284,0,0,0
227000286,8,25,-17
227000287,22,48,-26
227000291,49,137,-88
227000296,0,0,0
227000484,0,0,0
227000485,37,233,-196
227000655,0,0,0
227000656,0,0,0
227000657,0,0,0
227000661,0,0,0
227000680,0,0,0
229000265,0,4,-4
229000296,0,1,-1
229000297,5,3,2
229000298,5,5,0
229000320,0,0,0
229000321,0,0,0
229000412,1,3,-2
229000414,0,6,-6
229000415,0,0,0
229000416,0,0,0
229000417,0,0,0
229000419,8,13,-5
229000440,0,0,0
229000442,0,0,0
229000443,0,0,0
229000444,0,6,-6
229000445,0,0,0
229000446,0,0,0
229000491,7,30,-23
229000492,61,87,-26
229000493,1,58,-57
229000494,10,9,1
229000495,49,25,24
229000496,7,31,-24
229000507,4,38,-34
229000508,17,40,-23
229000509,0,103,-103
229000510,1,49,-48
229000511,6,48,-42
229000512,0,25,-25
229000513,0,8,-8
229000514,2,3,-1
229000517,4,4,0
229000518,9,23,-14
229000519,0,7,-7
229000520,21,30,-9
229000521,27,10,17
229000522,1,5,-4
229000523,4,11,-7
229000524,1,10,-9
229000527,0,3,-3
229000528,0,0,0
229000529,4,1,3
229000530,24,10,14
229000531,8,3,5
229000532,10,9,1
229000533,40,8,32
229000534,19,2,17
229000564,0,0,0
229000565,0,0,0
229000566,1,22,-21
229000567,5,88,-83
229000582,5,1,4
229000583,0,0,0
229000584,3,38,-35
229000585,30,70,-40
229000718,0,1,-1
229000719,0,2,-2
229000720,0,16,-16
229000721,0,16,-16
229000722,0,34,-34
229000723,1,20,-19
229000724,0,5,-5
229000725,0,10,-10
229000738,0,0,0
229000739,0,0,0
229000740,0,0,0
229000741,0,0,0
229000742,0,0,0
229000743,0,0,0
229000744,0,0,0
229000745,0,0,0
229000746,0,1,-1
229000847,12,0,12
229000848,10,0,10
229000849,169,9,160
229000851,11,3,8
229000854,1,33,-32
229000856,7,80,-73
229000857,0,31,-31
229000858,0,88,-88
229000919,4,179,-175
229000930,1,110,-109
229000937,0,0,0
229000966,0,0,0
229000981,19,63,-44
229000985,1,3,-2
229000986,1,0,1
229000987,0,0,0
229000988,0,0,0
229000989,0,0,0
229000990,0,0,0
229000991,0,0,0
229000992,0,0,0
229000993,0,0,0
229000998,4,4,0
229000999,0,0,0
229001034,0,0,0
229001035,0,0,0
229001037,0,3,-3
229001042,0,0,0
229001047,0,2,-2
229001050,0,10,-10
229001168,0,23,-23
229001200,0,0,0
229001338,0,1,-1
229001394,0,0,0
229001422,0,0,0
229001423,17,132,-115
229001431,0,0,0
229001432,45,102,-57
229001444,0,0,0
229001445,2,19,-17
229001479,5,0,5
229001503,0,0,0
229001504,35,142,-107
229001505,0,0,0
229001506,62,221,-159
229001509,0,18,-18
229001545,0,0,0
229001546,9,81,-72
229001553,0,0,0
229001554,8,106,-98
229001559,0,0,0
229001560,0,0,0
229001630,0,0,0
229001631,1,3,-2
229001635,0,4,-4
229001636,0,0,0
229001658,2,51,-49
229001659,0,0,0
229001660,0,0,0
229001661,0,0,0
229001662,11,0,11
229001663,0,16,-16
229002584,0,0,0
229002831,10,9,1
229002841,0,0,0
229002842,0,0,0
229002843,0,0,0
229002844,2,5,-3
229002845,0,0,0
229002846,0,0,0
229002847,0,0,0
229002848,0,0,0
229002849,0,0,0
229002850,0,0,0
229002851,0,0,0
229002852,0,0,0
229002853,0,0,0
229002854,0,0,0
229002855,0,0,0
229002856,0,0,0
229002857,0,0,0
229002858,0,0,0
229002859,0,0,0
229002860,0,0,0
229002861,0,0,0
229002862,0,0,0
229002863,0,1,-1
229002864,0,0,0
229002865,0,0,0
229002866,0,0,0
229002867,0,0,0
229002868,0,0,0
229002869,0,3,-3
229002870,0,0,0
235000066,0,0,0
235000067,0,0,0
235000072,16,95,-79
235000073,19,344,-325
235000074,3,38,-35
235000080,2,55,-53
235000081,11,36,-25
235000082,0,0,0
235000083,0,0,0
235000084,0,0,0
235000085,0,0,0
235000089,0,0,0
235000092,9,225,-216
235000093,1,5,-4
235000097,0,0,0
235000098,0,0,0
235000099,0,0,0
235000116,0,0,0
235000117,0,0,0
235000133,1,146,-145
235000134,4,68,-64
235000206,0,0,0
235000207,0,0,0
235000208,0,0,0
235000209,0,0,0
235000210,0,0,0
235000212,1,21,-20
235000213,0,9,-9
235000220,0,1,-1
235000221,9,16,-7
235000238,0,0,0
235000239,0,0,0
235000242,0,0,0
235000245,58,182,-124
235000246,2,78,-76
235000284,0,1,-1
235000295,0,0,0
235000305,0,0,0
235000306,0,0,0
235000307,0,0,0
235000308,0,0,0
235000309,0,0,0
235000310,0,0,0
235000311,0,0,0
235000322,0,0,0
235000323,0,0,0
235000324,0,0,0
235000325,0,0,0
235000326,0,0,0
235000351,0,0,0
235000352,0,0,0
235000353,0,0,0
235000354,0,0,0
235000355,0,0,0
235000356,0,0,0
235000357,0,0,0
235000358,0,0,0
235000359,0,0,0
235000360,0,0,0
235000361,0,0,0
235000381,34,92,-58
235000382,0,0,0
235000390,0,0,0
235000391,0,0,0
235000392,0,0,0
235000393,0,0,0
235000395,0,0,0
235000396,0,0,0
235000400,0,0,0
235000401,2,86,-84
235000405,28,142,-114
235000406,3,100,-97
235000407,33,132,-99
235000409,43,135,-92
235000410,11,204,-193
235000411,1,61,-60
235000485,0,20,-20
235000486,0,0,0
235000549,0,0,0
235000550,33,118,-85
235000599,46,62,-16
235000600,2,7,-5
235000601,0,0,0
235000602,0,0,0
235000614,0,1,-1
235000648,1,68,-67
235000649,0,0,0
235000685,0,4,-4
235000815,0,0,0
235000834,0,0,0
235000855,0,0,0
235000862,6,48,-42
235000891,0,8,-8
235000892,0,1,-1
235000901,51,93,-42
235000907,2,1,1
235001010,0,0,0
235001029,423,324,99
235001030,0,0,0
235001078,0,0,0
235001079,11,82,-71
235001147,0,0,0
235001166,0,0,0
235001167,6,40,-34
235001169,0,1,-1
235001188,0,5,-5
235001189,0,0,0
235001197,0,17,-17
235001200,15,34,-19
235001207,0,0,0
235001210,4,39,-35
235001215,5,55,-50
235001239,2,60,-58
235001244,0,0,0
235016267,0,0,0
277101746,0,11,-11
277102712,0,0,0
277103813,0,0,0
277103814,0,0,0
277103898,0,3,-3
277104249,0,0,0
277104250,0,0,0
277104251,0,1,-1
277104252,0,0,0
990011530,0,8,-8
990014944,0,67,-67
990015176,0,0,0
990015618,0,1,-1
990016032,0,3,-3
990032570,2,19,-17
990070001,0,0,0
990070103,0,2,-2
990070601,0,0,0
990070751,0,0,0
990070766,0,0,0
990071180,0,4,-4
990071343,0,0,0
990071387,0,0,0
990071823,0,0,0
990072600,0,15,-15
990072964,0,28,-28
990073285,0,0,0
990074393,0,1,-1
990074870,0,0,0
990075106,0,0,0
990075746,0,0,0
990076437,0,0,0
990076458,0,97,-97
997000007,0,0,0
997000041,0,0,0
997000058,0,2,-2
997000062,0,0,0
997000069,0,0,0
997000070,0,30,-30
997000100,0,0,0
997000141,0,0,0
997000198,0,0,0
998000475,0,0,0
998000736,0,0,0
998000965,0,0,0
998001031,0,0,0
998001700,2,48,-46
998001899,0,0,0
998001900,25,1,24
998003073,0,0,0
998101900,1,24,-23
998102850,0,0,0
998501927,0,77,-77
998501929,0,1,-1
998501930,0,0,0
998501931,4,0,4
998501932,16,2,14
998501933,0,0,0
998501937,0,0,0
998501944,0,0,0
998501950,0,17,-17
998501970,5,1,4
998501971,1,83,-82
998501973,1,1,0
998501974,0,33,-33
998501975,0,0,0
998501976,2,0,2
998501977,0,0,0
998501978,0,0,0
998501979,0,0,0
998501980,0,0,0
998501981,0,0,0
998501982,0,0,0
998501983,0,4,-4
998502006,0,0,0
998502024,0,1,-1
998502032,0,0,0
998502062,14,5,9
998502063,1,0,1
998502173,0,0,0
998502269,0,1,-1
998502546,0,0,0
998502578,0,0,0
998601159,0,0,0
998601292,0,0,0
999033574,0,33,-33
999800001,0,0,0
999800002,0,0,0
999800003,0,2,-2
999800004,1,1,0
999800005,0,31,-31
