ID,insum,outsum,diff
100000001,491,600,-109
100000002,2904,3188,-284
100000003,2900,3891,-991
100000004,313,706,-393
100000005,1874,3425,-1551
100000006,343,142,201
100000007,1420,504,916
100000008,66,413,-347
100000009,220,275,-55
100000010,26,59,-33
100000011,384,138,246
100000012,51,747,-696
100000013,16,226,-210
100000014,126,348,-222
100000015,996,1445,-449
100000016,462,1012,-550
100000017,333,745,-412
100000018,725,491,234
100000019,2118,1574,544
100000020,801,3617,-2816
100000021,3423,1328,2095
100000022,589,2141,-1552
100000023,2434,1033,1401
100000025,329,1051,-722
100000028,554,1005,-451
100000029,70,372,-302
100000030,44,30,14
100000031,1634,3891,-2257
100000032,1016,2674,-1658
100000033,807,2067,-1260
100000034,111,747,-636
100000035,598,968,-370
100000036,612,1215,-603
100000037,530,400,130
100000038,1822,823,999
100000039,223,210,13
100000040,198,113,85
100000041,1110,450,660
100000042,676,289,387
100000043,485,540,-55
100000044,168,552,-384
100000045,260,547,-287
100000046,379,424,-45
100000047,134,281,-147
100000048,169,421,-252
100000049,1050,770,280
100000051,373,463,-90
100000053,90,3,87
100000054,254,12,242
100000055,560,394,166
100000056,387,669,-282
100000057,1453,542,911
100000058,557,620,-63
100000059,4,205,-201
100000060,307,227,80
100000061,1814,396,1418
100000062,1136,409,727
100000063,716,205,511
100000064,922,356,566
100000065,217,628,-411
100000066,144,366,-222
100000067,252,426,-174
100000068,218,867,-649
100000069,207,771,-564
100000072,159,389,-230
100000073,649,541,108
100000075,699,187,512
100000076,938,3088,-2150
100000077,80,439,-359
100000078,26,36,-10
100000079,12,32,-20
100000080,7,70,-63
100000081,93,256,-163
100000102,2379,3806,-1427
100000103,987,1300,-313
100000104,1750,1857,-107
100000105,945,1369,-424
100000106,811,2225,-1414
100000107,167,1023,-856
100000108,151,687,-536
100000109,808,1138,-330
100000116,614,597,17
100000117,75,171,-96
100000118,574,1169,-595
100000119,492,907,-415
100000121,203,391,-188
100000122,440,1171,-731
100000123,968,2250,-1282
100000124,2590,2567,23
100000125,2985,1393,1592
100000126,383,466,-83
100000127,700,463,237
100000128,1229,1985,-756
100000129,258,610,-352
100000130,542,196,346
100000131,862,1255,-393
100000132,598,1425,-827
100000133,1555,1019,536
100000135,475,1276,-801
100000139,201,689,-488
100000140,125,246,-121
100000142,534,431,103
100000143,926,361,565
100000144,1822,627,1195
100000147,1087,2692,-1605
100000150,44,567,-523
100000151,587,1980,-1393
100000153,91,420,-329
100000154,14,242,-228
100000155,12,41,-29
100000156,351,342,9
100000157,292,198,94
100000158,231,183,48
100000159,117,594,-477
100000165,539,603,-64
100000169,65,944,-879
100000174,166,682,-516
100000179,43,421,-378
100000180,443,2106,-1663
100000181,281,397,-116
100000188,44,112,-68
100000189,796,330,466
100000190,485,1402,-917
100000191,569,502,67
100000192,10,56,-46
100000193,203,211,-8
100000330,454,666,-212
100000355,123,658,-535
100000362,2077,1057,1020
100000363,4166,4265,-99
100000364,65,251,-186
100000365,4476,8060,-3584
100000366,2049,1492,557
100000367,3711,5681,-1970
100000368,2326,791,1535
100000369,351,1664,-1313
100000370,118,789,-671
100000376,75,145,-70
100000379,879,1245,-366
100000380,2934,4162,-1228
100000384,3821,4395,-574
100000385,1153,2484,-1331
100000386,3027,4357,-1330
100000387,2128,4560,-2432
100000388,1998,4270,-2272
100000389,2523,4754,-2231
100000390,3121,4703,-1582
100000391,2115,6290,-4175
100000392,1375,4101,-2726
100000393,1168,4690,-3522
100000394,3625,7238,-3613
100000395,2074,5779,-3705
100000396,3710,3300,410
100000397,2496,7645,-5149
100000398,6217,4491,1726
100000413,5,2,3
100900002,15,10,5
100900003,303,193,110
100900004,11,604,-593
100900005,65,14,51
100900006,21,56,-35
100900007,149,14,135
100900008,2,293,-291
100900009,32,158,-126
100900010,67,34,33
100900011,145,108,37
100900012,3,93,-90
100900013,669,18,651
100900014,3,3,0
100900015,43,52,-9
100900016,0,29,-29
100900017,570,58,512
100900018,1,9,-8
100900019,23,53,-30
100900020,255,8,247
100900021,248,1,247
100900022,11,18,-7
100900023,0,21,-21
100900024,201,2,199
100900025,9,3,6
100900026,173,93,80
100900027,300,1572,-1272
100900028,73,205,-132
100900029,57,5,52
100900030,1,177,-176
100900031,479,20,459
100900032,249,0,249
100900033,108,161,-53
100900034,801,2,799
100900035,168,0,168
100900036,10,1,9
100900037,113,120,-7
100900038,74,57,17
100900039,175,258,-83
100900040,477,334,143
100900041,491,297,194
100900042,1141,1460,-319
100900043,0,8,-8
100900044,851,372,479
100900045,4,2,2
100900046,739,13,726
100900047,572,139,433
100900048,88,48,40
100900049,60,79,-19
100900050,3,9,-6
100900051,9,58,-49
100900052,221,27,194
100900053,499,18,481
100900054,10,67,-57
100900055,121,590,-469
100900056,31,52,-21
100900057,1338,931,407
100900058,99,37,62
100900059,79,1,78
100900060,202,3,199
100900061,184,133,51
100900062,7,51,-44
100900063,197,558,-361
100900064,430,17,413
100900065,41,91,-50
100900066,165,226,-61
100900067,2,6,-4
100900068,62,41,21
100900069,111,2,109
100900070,343,2,341
100900071,369,160,209
100900072,0,38,-38
100900073,124,205,-81
100900074,3,2,1
100900075,1126,173,953
100900076,3,19,-16
100900077,37,32,5
100900078,66,206,-140
100900079,5,19,-14
100900080,35,101,-66
100900081,28,98,-70
100900082,165,281,-116
100900083,13,25,-12
100900085,24,406,-382
100900086,55,291,-236
100900088,130,206,-76
100900089,2,45,-43
100900090,69,412,-343
100900091,0,8,-8
100900092,67,98,-31
100900093,264,209,55
100900094,175,140,35
100900095,1,20,-19
100900096,48,99,-51
100900097,4,0,4
100900098,23,31,-8
100900099,18,269,-251
100900100,3,450,-447
100900101,167,53,114
100900102,5,32,-27
100900103,9,38,-29
100900104,10,81,-71
100900105,14,628,-614
100900106,17,5,12
100900107,1182,643,539
100900108,2,3,-1
100900109,8,31,-23
100900110,3,33,-30
100900111,18,123,-105
100900112,4,30,-26
100900113,11,13,-2
100900114,7,28,-21
100900115,9,39,-30
100900116,607,340,267
100900117,214,861,-647
100900118,8,10,-2
100900119,11,26,-15
100900120,21,2,19
100900121,152,215,-63
100900122,77,91,-14
100900123,83,89,-6
100900124,7,8,-1
100900125,14,51,-37
100900126,141,45,96
100900127,1,18,-17
100900128,69,187,-118
100900129,0,303,-303
100900131,23,114,-91
100900133,43,30,13
100900134,2,7,-5
100900135,1,225,-224
100900137,268,173,95
100900138,220,385,-165
100900139,2,11,-9
100900140,2,220,-218
100900141,2,607,-605
100900142,0,5,-5
100900143,268,315,-47
100900144,9,5,4
100900145,36,145,-109
100900146,5,21,-16
100900147,10,435,-425
100900148,42,222,-180
100900149,67,174,-107
100900150,2,10,-8
100900151,117,314,-197
100900152,150,1,149
100900153,4,106,-102
100900154,9,115,-106
100900155,17,4,13
100900156,50,1,49
100900157,15,156,-141
100900159,0,30,-30
100900160,29,1,28
100900161,19,4,15
100900162,10,220,-210
100900163,89,105,-16
100900164,65,13,52
100900165,20,13,7
100900166,5,0,5
100900167,14,41,-27
100900168,18,132,-114
100900169,78,603,-525
100900170,6,1,5
100900171,21,300,-279
100900172,0,22,-22
100900173,2,98,-96
100900174,41,9,32
100900176,1296,58,1238
100900177,413,114,299
100900178,161,144,17
100900179,215,215,0
100900180,2,6,-4
100900181,33,62,-29
100900182,45,26,19
100900184,7,113,-106
100900186,326,242,84
100900187,11,55,-44
100900188,14,11,3
100900189,1195,134,1061
100900191,579,1144,-565
100900192,184,415,-231
100900195,106,132,-26
100900197,16,43,-27
100900198,39,100,-61
100900199,2,5,-3
100900200,492,260,232
100900201,41,320,-279
100900202,49,1,48
100900203,1,197,-196
100900204,76,728,-652
100900205,64,497,-433
100900206,195,71,124
100900207,192,132,60
100900210,35,199,-164
100900211,276,83,193
100900213,99,35,64
100900214,334,82,252
100900215,13,35,-22
100900217,68,99,-31
101000001,1428,1485,-57
101000002,4641,4896,-255
101000003,241,624,-383
101000004,3772,4367,-595
101000005,1434,2557,-1123
101000006,3550,5301,-1751
101000007,1700,2852,-1152
101000008,1330,1508,-178
101000009,1365,529,836
101000010,589,497,92
101000011,675,264,411
101000012,448,487,-39
101000013,493,752,-259
101000014,272,329,-57
101000015,1279,732,547
101000016,214,376,-162
101000017,274,343,-69
101000018,1011,1537,-526
101000020,1201,725,476
101000021,409,282,127
101000022,48,100,-52
101000023,625,487,138
101000025,204,405,-201
101000026,167,16,151
101000027,1514,2907,-1393
101000028,750,302,448
101000029,103,1135,-1032
101000030,691,180,511
101000031,180,774,-594
101000032,2092,3589,-1497
101000033,1210,2718,-1508
101000034,809,1608,-799
101000035,390,295,95
101000036,870,997,-127
101000037,987,1693,-706
101000039,1252,1909,-657
101000040,1487,3300,-1813
101000041,2037,5717,-3680
101000042,121,907,-786
101000043,2404,5565,-3161
101000045,392,809,-417
101000046,945,1972,-1027
101000047,920,4190,-3270
101000048,306,246,60
101000049,352,1695,-1343
101000050,597,1585,-988
101000051,523,1992,-1469
101000052,803,975,-172
101000053,522,921,-399
101000054,1279,695,584
101000055,819,1233,-414
101000056,36,91,-55
101000057,723,1058,-335
101000058,561,909,-348
101000059,1186,1734,-548
101000060,1415,617,798
101000061,329,1271,-942
101000062,312,576,-264
101000063,276,1175,-899
101000064,571,1086,-515
101000065,213,651,-438
101000066,510,1241,-731
101000067,756,1115,-359
101000068,129,420,-291
101000069,149,40,109
101000070,584,771,-187
101000071,1285,820,465
101000072,423,2128,-1705
101000073,580,1122,-542
101000074,2366,2996,-630
101000075,1727,3801,-2074
101000077,1152,1012,140
101000078,535,1125,-590
101000079,1029,913,116
101000080,879,1028,-149
101000081,1474,1192,282
101000082,1828,1936,-108
101000083,2429,1963,466
101000084,813,448,365
101000085,1088,1025,63
101000086,685,939,-254
101000087,740,670,70
101000088,992,982,10
101000089,907,1165,-258
101000090,1405,816,589
101000091,359,365,-6
101000092,1253,550,703
101000093,1048,525,523
101000094,874,627,247
101000095,466,366,100
101000096,412,332,80
101000097,263,411,-148
101000098,315,313,2
101000099,412,679,-267
101000100,588,594,-6
101000101,146,276,-130
101000102,403,615,-212
101000103,430,523,-93
101000104,214,673,-459
101000105,127,506,-379
101000106,264,890,-626
101000107,232,283,-51
101000108,457,152,305
101000109,434,51,383
101000110,25,184,-159
101000111,50,92,-42
101000113,142,466,-324
101000114,3293,7223,-3930
101000115,95,38,57
101000116,43,18,25
101000117,1208,162,1046
101000119,35,33,2
101000120,108,76,32
101000121,64,60,4
101000122,131,108,23
101000123,49,99,-50
101000124,829,443,386
101000125,144,290,-146
101000128,141,447,-306
101000130,115,228,-113
101000131,794,374,420
101000132,705,470,235
101000135,32,42,-10
101000136,217,221,-4
101000137,24,327,-303
101000141,522,2926,-2404
101000147,679,310,369
101000148,450,10,440
101000149,151,438,-287
101000150,81,286,-205
101000151,243,43,200
101000152,225,221,4
101000153,237,160,77
101000154,309,444,-135
101000155,293,110,183
101000156,25,220,-195
101000157,44,17,27
101000160,31,15,16
101000163,79,486,-407
101000164,234,162,72
101000165,220,348,-128
101000166,167,167,0
101000168,693,361,332
101000252,1906,792,1114
101000254,47,60,-13
101000258,78,7,71
101000261,120,85,35
101000262,907,3015,-2108
101000263,188,849,-661
101000265,42,579,-537
101000266,157,133,24
101000269,14,7,7
101000290,398,1672,-1274
101000293,21,45,-24
101000294,471,368,103
101000295,205,186,19
101000301,239,352,-113
101000304,1416,2040,-624
101000305,2030,700,1330
101000328,126,366,-240
101900001,59,78,-19
101900002,0,9,-9
101900003,23,65,-42
101900004,1,83,-82
101900005,1439,2269,-830
101900006,1139,30,1109
101900007,424,147,277
101900008,62,123,-61
101900009,16,226,-210
101900010,560,563,-3
101900011,66,650,-584
101900012,119,59,60
101900013,313,118,195
101900017,11,110,-99
101900018,640,191,449
101900019,141,138,3
101900020,28,29,-1
101900021,0,30,-30
101900022,97,486,-389
101900023,131,80,51
101900026,172,30,142
101900027,14,73,-59
102000001,1970,3778,-1808
102000002,1576,680,896
102000003,1715,4658,-2943
102000004,2169,1738,431
102000005,770,2129,-1359
102000006,587,1187,-600
102000007,1012,2998,-1986
102000008,2367,1106,1261
102000009,4526,5911,-1385
102000010,2517,1991,526
102000011,3153,2575,578
102000012,2190,1759,431
102000018,1718,1933,-215
102000019,1464,1179,285
102000026,188,316,-128
102000029,170,162,8
102000030,95,222,-127
102000031,71,83,-12
102000032,448,240,208
102000033,237,212,25
102000034,313,250,63
102000035,984,400,584
102000036,16,177,-161
102000037,126,28,98
102000038,87,389,-302
102000039,102,132,-30
102000040,187,296,-109
102000041,73,505,-432
102000042,81,337,-256
102000043,102,230,-128
102000044,269,500,-231
102000045,407,540,-133
102000046,778,479,299
102000047,452,487,-35
102000048,276,396,-120
102000049,720,770,-50
102000050,814,907,-93
102000051,277,566,-289
102000052,770,612,158
102000053,588,926,-338
102000054,606,773,-167
102000055,1063,278,785
102000056,820,293,527
102000057,1133,349,784
102000058,919,730,189
102000059,907,1023,-116
102000060,702,665,37
102000061,1267,1074,193
102000062,1390,626,764
102000063,770,815,-45
102000064,393,462,-69
102000065,55,91,-36
102000066,634,566,68
102000067,1964,2159,-195
102000068,6739,2242,4497
102000069,59,2117,-2058
102000070,1269,43,1226
102000071,5265,6938,-1673
102000072,1838,2640,-802
102000073,511,381,130
102000074,414,484,-70
102000075,136,173,-37
102000076,242,151,91
102000077,547,380,167
102000078,1062,310,752
102000079,119,131,-12
102000080,211,157,54
102000081,130,521,-391
102000082,500,295,205
102000083,515,129,386
102000084,397,153,244
102000085,1493,585,908
102000086,1037,539,498
102000087,499,876,-377
102000088,284,189,95
102000089,1072,245,827
102000090,252,749,-497
102000091,918,370,548
102000092,229,353,-124
102000093,656,508,148
102000094,493,452,41
102000095,673,841,-168
102000096,263,509,-246
102000097,499,400,99
102000098,289,586,-297
102000099,552,946,-394
102000100,198,1083,-885
102000101,432,551,-119
102000102,293,658,-365
102000103,1500,287,1213
102000104,478,226,252
102000105,259,414,-155
102000106,618,343,275
102000107,1461,261,1200
102000108,529,109,420
102000109,394,323,71
102000110,1070,463,607
102000111,10,242,-232
102000112,88,125,-37
102000113,7,21,-14
102000114,541,277,264
102000115,245,272,-27
102000116,246,446,-200
102000117,76,590,-514
102000118,579,1173,-594
102000119,984,1019,-35
102000120,162,315,-153
102000121,660,295,365
102000122,505,612,-107
102000123,849,617,232
102000124,869,914,-45
102000125,460,549,-89
102000126,399,642,-243
102000127,805,400,405
102000128,541,532,9
102000129,1083,418,665
102000130,530,524,6
102000131,783,308,475
102000132,316,382,-66
102000133,2154,1199,955
102000134,766,490,276
102000135,632,460,172
102000136,850,406,444
102000137,382,705,-323
102000138,145,192,-47
102000139,40,488,-448
102000140,84,1284,-1200
102000141,136,207,-71
102000142,167,172,-5
102000143,206,185,21
102000144,327,166,161
102000145,290,213,77
102000146,244,283,-39
102000147,336,253,83
102000148,145,286,-141
102000149,127,132,-5
102000150,410,61,349
102000151,83,97,-14
102000152,152,126,26
102000153,865,535,330
102000154,171,408,-237
102000155,36,383,-347
102000156,186,136,50
102000157,42,510,-468
102000158,286,330,-44
102000159,799,663,136
102000161,1114,1407,-293
102000162,90,131,-41
102000163,84,329,-245
102000164,359,650,-291
102000165,194,108,86
102000166,74,153,-79
102000167,142,120,22
102000168,154,198,-44
102000169,64,378,-314
102000170,269,81,188
102000171,61,49,12
102000172,27,141,-114
102000173,227,235,-8
102000174,53,54,-1
102000175,35,43,-8
102000176,56,7,49
102000178,240,181,59
102000179,363,170,193
102000180,986,182,804
102000181,799,295,504
102000182,435,326,109
102000183,1636,990,646
102000184,1675,365,1310
102000185,2441,815,1626
102000186,1299,905,394
102000187,750,866,-116
102000188,1001,902,99
102000189,1215,347,868
102000190,383,1728,-1345
102000191,1035,255,780
102000192,1185,1249,-64
102000193,45,45,0
102000194,41,89,-48
102000195,314,208,106
102000196,166,197,-31
102000197,721,154,567
102000198,176,292,-116
102000199,1088,177,911
102000200,201,390,-189
102000201,1106,280,826
102000202,8,43,-35
102000203,298,110,188
102000204,478,279,199
102000205,916,205,711
102000206,466,201,265
102000207,481,309,172
102000208,232,209,23
102000209,39,44,-5
102000210,314,215,99
102000211,427,105,322
102000212,234,14,220
102000213,5,160,-155
102000214,307,21,286
102000215,3,169,-166
102000216,28,55,-27
102000217,7,58,-51
102000218,256,197,59
102000219,205,116,89
102000225,361,342,19
102000226,384,618,-234
102000227,130,1,129
102000228,0,38,-38
102000229,25,45,-20
102000230,286,267,19
102000231,176,239,-63
102000232,56,105,-49
102000233,391,249,142
102000234,83,641,-558
102000236,167,76,91
102000237,324,110,214
102000238,164,169,-5
102000240,315,651,-336
102000241,146,64,82
102000243,7,19,-12
102000245,18,91,-73
102000246,9,27,-18
102000247,369,494,-125
102000248,394,802,-408
102000249,113,91,22
102000250,49,175,-126
102000254,147,99,48
102000266,3,498,-495
102000271,35,3,32
102000286,216,231,-15
102000297,1241,732,509
102000301,0,1,-1
102000303,0,0,0
102000305,0,0,0
102000307,0,15,-15
102900001,912,566,346
102900002,302,46,256
102900003,48,127,-79
102900005,308,160,148
102900006,424,57,367
102900007,439,8,431
102900008,151,24,127
102900009,367,269,98
102900010,161,941,-780
102900011,889,223,666
102900012,409,62,347
102900013,30,58,-28
102900015,453,353,100
102900016,58,49,9
102900017,183,268,-85
102900018,35,66,-31
102900019,233,224,9
102900020,144,17,127
102900021,49,50,-1
102900022,357,152,205
102900023,21,49,-28
102900024,32,24,8
102900025,155,70,85
102900026,178,1425,-1247
102900027,60,45,15
102900028,134,600,-466
102900029,112,139,-27
102900030,258,245,13
102900031,243,82,161
102900032,86,46,40
102900033,63,106,-43
102900034,413,55,358
102900035,113,229,-116
102900036,232,198,34
102900037,238,153,85
102900038,295,174,121
102900039,8,461,-453
102900040,138,254,-116
102900041,51,94,-43
102900042,185,171,14
102900043,152,97,55
102900044,393,930,-537
102900045,152,259,-107
102900046,145,116,29
102900047,178,359,-181
102900048,440,258,182
102900049,78,304,-226
102900050,147,176,-29
102900051,145,123,22
102900053,279,378,-99
102900054,215,878,-663
102900055,134,150,-16
102900056,74,259,-185
102900057,10,48,-38
102900058,317,62,255
102900059,32,54,-22
102900060,102,317,-215
102900061,136,261,-125
102900062,289,354,-65
102900063,930,278,652
102900064,65,274,-209
102900065,870,185,685
102900066,303,10,293
102900068,83,95,-12
102900070,174,289,-115
102900072,6,35,-29
102900073,84,8,76
102900075,14,94,-80
102900076,65,124,-59
102900077,32,26,6
102900078,21,51,-30
102900079,141,7,134
102900080,327,34,293
102900081,86,205,-119
102900082,14,244,-230
102900083,141,19,122
102900084,2,40,-38
102900085,257,104,153
102900086,29,69,-40
102900087,115,125,-10
102900088,30,36,-6
102900089,142,114,28
102900090,0,140,-140
102900091,144,1,143
102900092,252,233,19
102900094,2,192,-190
102900095,84,1,83
102900096,32,16,16
102900097,238,240,-2
103000001,1633,1619,14
103000002,1651,1777,-126
103000003,2136,2009,127
103000004,565,471,94
103000005,1517,2558,-1041
103000006,640,1239,-599
103000007,339,436,-97
103000008,768,365,403
103000009,1115,836,279
103000010,201,106,95
103000011,1089,724,365
103000012,1021,1247,-226
103000013,1588,1033,555
103000014,1072,1822,-750
103000015,1039,485,554
103000016,467,1185,-718
103000017,185,296,-111
103000018,445,205,240
103000019,287,256,31
103000020,1367,1081,286
103000021,1528,2079,-551
103000022,875,926,-51
103000023,528,1536,-1008
103000024,70,89,-19
103000025,131,511,-380
103000026,477,90,387
103000027,178,543,-365
103000028,156,219,-63
103000029,99,190,-91
103000030,1128,907,221
103000031,690,1433,-743
103000032,1618,869,749
103000033,2199,1940,259
103000034,844,587,257
103000035,265,984,-719
103000036,180,301,-121
103000037,407,378,29
103000038,367,610,-243
103000039,423,161,262
103000040,398,392,6
103000041,1475,893,582
103000042,1114,271,843
103000043,512,422,90
103000044,222,116,106
103000046,321,305,16
103000047,595,324,271
103000048,233,104,129
103000049,86,74,12
103000050,554,177,377
103000051,431,305,126
103000052,521,171,350
103000053,133,297,-164
103000054,2107,984,1123
103000055,1567,1478,89
103000056,639,634,5
103000057,959,134,825
103000058,464,560,-96
103000059,520,502,18
103000060,508,244,264
103000061,364,488,-124
103000062,726,297,429
103000063,597,638,-41
103000064,154,116,38
103000065,2,271,-269
103000066,223,12,211
103000069,315,192,123
103000070,667,361,306
103000071,970,331,639
103000072,99,377,-278
103000073,505,89,416
103000074,500,83,417
103000075,97,410,-313
103000076,227,355,-128
103000077,22,154,-132
103000078,507,611,-104
103000079,364,550,-186
103000080,377,254,123
103000081,231,913,-682
103000082,319,158,161
103000083,61,223,-162
103000084,81,1,80
103000085,1,110,-109
103000086,246,293,-47
103000087,60,445,-385
103000088,224,348,-124
103000089,208,453,-245
103000090,2190,797,1393
103000091,727,358,369
103000092,214,168,46
103000093,294,338,-44
103000094,122,67,55
103000095,71,317,-246
103000096,377,44,333
103000097,35,635,-600
103000098,441,132,309
103000099,133,488,-355
103000100,94,398,-304
103000101,682,76,606
103000102,68,262,-194
103000103,593,128,465
103000104,57,51,6
103000105,171,99,72
103000106,15,122,-107
103000107,178,58,120
103000108,847,738,109
103000109,428,369,59
103000110,468,471,-3
103000111,274,397,-123
103000112,225,208,17
103000113,333,656,-323
103000114,1073,544,529
103000115,560,417,143
103000116,527,309,218
103000117,390,339,51
103000118,340,289,51
103000119,571,286,285
103000120,59,77,-18
103000121,242,268,-26
103000122,276,342,-66
103000125,15,70,-55
103000126,635,1,634
103000127,21,89,-68
103000128,141,4,137
103000129,0,66,-66
103000130,54,28,26
103000131,91,64,27
103000132,67,136,-69
103000133,9,62,-53
103000134,154,599,-445
103000135,376,159,217
103000136,437,402,35
103000137,269,417,-148
103000138,429,464,-35
103000139,1,48,-47
103000140,129,25,104
103000141,18,101,-83
103000142,66,61,5
103000143,26,212,-186
103000144,108,56,52
103000145,10,89,-79
103000150,110,36,74
103000152,172,288,-116
103000153,217,212,5
103000156,4,166,-162
103000157,372,4,368
103000159,65,8,57
103000162,22,16,6
103000163,6,20,-14
103000164,11,17,-6
103000165,54,154,-100
103000166,213,240,-27
103000167,143,146,-3
103000168,99,105,-6
103000169,155,359,-204
103000170,811,194,617
103000171,15,49,-34
103000172,528,190,338
103000173,614,192,422
103000174,223,164,59
103000175,381,122,259
103000176,567,473,94
103000177,306,247,59
103000178,111,197,-86
103000179,157,26,131
103000183,155,10,145
103000185,95,54,41
103000186,91,80,11
103000187,629,132,497
103000188,18,77,-59
103000189,620,586,34
103000191,266,315,-49
103000292,480,1210,-730
103000293,471,1719,-1248
103000295,56,98,-42
103000296,119,1,118
103000297,4,19,-15
103000504,42,7,35
103000505,3,35,-32
103000506,1,167,-166
103000507,246,2,244
103000508,62,43,19
103000509,231,376,-145
103900001,7,55,-48
103900002,467,119,348
103900003,666,288,378
103900004,146,12,134
103900005,10,76,-66
103900006,19,6,13
103900007,71,4,67
103900008,16,0,16
103900009,299,414,-115
103900010,138,197,-59
103900011,393,61,332
103900012,10,27,-17
103900013,58,18,40
103900014,88,7,81
103900015,87,9,78
103900016,146,61,85
103900017,27,41,-14
103900018,308,79,229
103900019,50,271,-221
103900020,191,413,-222
103900021,191,67,124
103900022,629,468,161
103900023,186,1,185
103900024,55,161,-106
103900025,18,24,-6
103900026,9,0,9
103900027,497,160,337
103900028,20,230,-210
103900029,990,169,821
103900030,220,107,113
103900031,29,1,28
103900032,118,63,55
103900033,49,26,23
103900034,36,52,-16
103900035,37,18,19
103900036,23,26,-3
103900037,63,17,46
103900038,82,162,-80
103900039,112,138,-26
103900040,16,76,-60
103900041,49,39,10
103900042,86,116,-30
103900043,199,20,179
103900044,31,283,-252
103900045,232,96,136
103900047,114,10,104
103900048,10,41,-31
103900049,93,843,-750
103900050,13,131,-118
103900051,0,29,-29
103900052,188,150,38
103900053,260,225,35
103900054,122,140,-18
103900055,359,162,197
103900056,52,38,14
103900057,63,53,10
103900058,235,220,15
103900059,1,32,-31
103900060,79,74,5
103900061,173,32,141
103900062,308,75,233
103900063,5,0,5
103900064,149,1,148
103900065,449,236,213
103900066,185,47,138
103900067,162,12,150
103900068,3,0,3
103900069,55,13,42
103900070,86,118,-32
103900071,23,69,-46
103900072,12,99,-87
103900073,19,45,-26
103900074,83,24,59
103900075,207,38,169
103900076,544,201,343
103900077,34,134,-100
103900078,211,36,175
103900079,171,92,79
103900080,8,30,-22
103900081,57,49,8
103900082,22,103,-81
103900083,776,940,-164
103900084,35,76,-41
103900085,44,96,-52
103900086,617,269,348
103900088,212,446,-234
103900089,40,86,-46
103900090,8,55,-47
103900091,734,162,572
103900092,520,220,300
103900093,34,170,-136
103900094,7,43,-36
103900095,142,121,21
103900096,44,57,-13
103900097,4,244,-240
103900098,228,74,154
103900099,78,32,46
103900100,232,175,57
103900101,90,691,-601
103900102,0,14,-14
103900104,2,14,-12
103900105,70,81,-11
103900106,0,42,-42
103900107,149,65,84
103900108,58,115,-57
103900109,139,45,94
103900110,203,28,175
103900111,102,233,-131
103900112,28,63,-35
103900113,73,206,-133
103900114,191,184,7
103900115,216,160,56
103900116,1381,2210,-829
103900117,95,39,56
103900119,23,84,-61
103900120,81,45,36
103900122,121,74,47
103900123,653,488,165
103900124,50,207,-157
103900125,95,39,56
103900126,416,173,243
103900127,148,172,-24
103900128,113,36,77
103900131,28,83,-55
103900133,790,18,772
103900134,5,7,-2
103900135,2,2,0
103900137,0,5,-5
103900138,170,83,87
103900139,177,1890,-1713
103900140,3,205,-202
103900141,144,57,87
103900142,146,36,110
103900143,160,2,158
103900144,0,16,-16
103900145,87,140,-53
103900146,163,94,69
103900147,259,64,195
103900148,200,99,101
103900149,237,185,52
103900150,2559,3318,-759
103900151,26,94,-68
103900152,584,112,472
103900153,3,10,-7
103900154,308,1412,-1104
103900155,53,128,-75
103900156,108,66,42
103900157,55,47,8
103900158,113,32,81
103900159,129,44,85
103900160,42,24,18
103900161,82,130,-48
103900162,46,59,-13
103900163,13,235,-222
103900167,11,97,-86
103900168,118,38,80
103900169,21,37,-16
103900170,1,37,-36
103900171,1,24,-23
103900172,6,7,-1
103900173,14,33,-19
103900174,190,30,160
103900175,30,43,-13
103900176,4,33,-29
103900177,26,38,-12
103900178,86,27,59
103900179,51,43,8
103900180,15,41,-26
103900181,48,20,28
103900182,15,7,8
103900184,214,97,117
103900185,77,333,-256
103900187,11,82,-71
103900188,57,26,31
103900189,106,8,98
103900190,79,53,26
103900191,14,21,-7
103900192,31,45,-14
103900193,89,111,-22
103900194,55,136,-81
103900195,5,128,-123
103900196,30,20,10
103900197,11,20,-9
103900198,17,27,-10
103900199,93,31,62
103900200,151,46,105
103900201,62,62,0
103900202,5,29,-24
103900203,22,35,-13
103900204,1,40,-39
103900207,0,19,-19
103900208,90,1,89
103900209,3,77,-74
103900210,41,27,14
103900211,475,207,268
103900212,147,116,31
103900213,24,146,-122
103900214,143,201,-58
103900215,133,232,-99
103900216,17,149,-132
103900217,230,17,213
103900218,10,205,-195
103900219,160,96,64
103900233,82,9,73
103900235,12,69,-57
103900236,7,3,4
103900242,5,3,2
103900243,1,4,-3
103900244,91,77,14
103900245,71,115,-44
103900246,30,34,-4
103900247,31,56,-25
103900248,4,47,-43
103900249,0,33,-33
103900250,29,35,-6
103900251,1,15,-14
103900253,15,90,-75
103900254,4,23,-19
103900255,1,7,-6
103900256,35,6,29
103900257,101,95,6
103900258,10,7,3
103900259,38,5,33
103900261,15,0,15
103900262,20,1,19
103900263,13,27,-14
103900264,16,11,5
103900265,22,2,20
103900266,3,54,-51
103900267,0,60,-60
103900268,15,22,-7
103900269,92,9,83
103900270,66,59,7
103900271,144,49,95
103900272,36,20,16
103900273,18,2,16
103900274,87,2,85
103900275,53,8,45
103900276,6,15,-9
103900277,1,3,-2
103900278,3,11,-8
103900279,0,19,-19
103900280,0,10,-10
104000001,1707,1043,664
104000002,1208,1575,-367
104000003,1722,1367,355
104000004,1648,1699,-51
104000005,1525,1331,194
104000006,2327,1910,417
104000007,2559,2996,-437
104000008,131,116,15
104000009,167,83,84
104000010,166,284,-118
104000011,277,137,140
104000012,92,130,-38
104000013,197,183,14
104000014,177,313,-136
104000015,231,97,134
104000016,382,235,147
104000018,693,158,535
104000019,519,182,337
104000020,104,254,-150
104000021,180,314,-134
104000022,111,178,-67
104000023,700,252,448
104000024,190,210,-20
104000026,44,209,-165
104000027,187,102,85
104000028,344,183,161
104000029,372,210,162
104000030,265,140,125
104000031,984,298,686
104000032,152,178,-26
104000033,517,398,119
104000034,205,147,58
104000035,778,267,511
104000036,691,326,365
104000037,243,119,124
104000038,461,214,247
104000039,164,74,90
104000040,98,205,-107
104000041,415,220,195
104000042,112,127,-15
104000043,96,184,-88
104000044,162,286,-124
104000045,615,439,176
104000046,573,708,-135
104000047,452,625,-173
104000048,680,613,67
104000049,431,158,273
104000050,102,446,-344
104000051,166,465,-299
104000052,1072,1039,33
104000053,718,324,394
104000054,190,94,96
104000055,2092,1302,790
104000056,865,334,531
104000057,253,265,-12
104000058,601,451,150
104000059,383,859,-476
104000060,693,1032,-339
104000061,744,534,210
104000062,384,107,277
104000064,302,137,165
104000065,128,452,-324
104000069,170,554,-384
104000070,41,328,-287
104000071,209,223,-14
104000072,361,160,201
104000075,47,117,-70
104000076,280,36,244
104000082,1662,2454,-792
104000083,535,156,379
104000084,130,363,-233
104000085,264,178,86
104000086,166,305,-139
104000087,299,1076,-777
104000090,693,531,162
104000092,928,797,131
104000094,498,696,-198
104000095,1370,981,389
104000096,1150,37,1113
104000097,1423,340,1083
104000098,1970,354,1616
104000100,1466,391,1075
104000101,867,855,12
104000106,93,501,-408
104000107,438,210,228
104000108,110,194,-84
104000109,225,61,164
104000110,515,516,-1
104000111,1365,1496,-131
104000112,575,313,262
104000116,1,434,-433
104000117,173,209,-36
104000118,627,110,517
104000119,343,151,192
104000120,159,249,-90
104000121,203,429,-226
104000122,650,639,11
104000123,464,423,41
104000124,358,841,-483
104000125,1479,2984,-1505
104000126,265,273,-8
104000127,779,1058,-279
104000128,421,189,232
104000129,323,12,311
104000130,5,116,-111
104000131,252,323,-71
104000132,273,369,-96
104000133,1134,558,576
104000134,684,1115,-431
104000135,337,1125,-788
104000136,486,2251,-1765
104000137,1156,236,920
104000138,719,212,507
104000139,2467,1463,1004
104000141,654,503,151
104000142,499,366,133
104000143,534,245,289
104000144,95,149,-54
104000145,280,177,103
104000146,194,322,-128
104000147,117,196,-79
104000148,285,152,133
104000149,114,123,-9
104000150,734,322,412
104000151,222,185,37
104000152,376,239,137
104000153,428,390,38
104000154,511,251,260
104000155,432,564,-132
104000157,671,761,-90
104000158,161,313,-152
104000159,572,405,167
104000160,1181,1434,-253
104000161,116,105,11
104000162,59,120,-61
104000165,551,647,-96
104000167,539,1042,-503
104000168,419,2,417
104000169,145,54,91
104000170,127,273,-146
104000248,275,311,-36
104000251,48,106,-58
104000272,0,0,0
104000273,0,0,0
104000274,0,0,0
104000275,0,0,0
104000279,453,306,147
104000290,46,179,-133
104000291,427,629,-202
104000293,738,636,102
104000294,73,0,73
104000295,433,499,-66
104000296,475,370,105
104000297,482,1355,-873
104000298,1187,706,481
104000299,522,897,-375
104000302,98,67,31
104000303,122,115,7
104900001,127,171,-44
104900002,51,116,-65
104900003,68,140,-72
104900004,80,138,-58
104900005,208,145,63
104900006,248,60,188
104900007,219,89,130
104900009,76,107,-31
104900010,50,30,20
104900011,6,13,-7
104900012,201,35,166
104900013,93,10,83
104900014,756,171,585
104900015,67,2,65
104900016,162,143,19
104900017,111,98,13
104900018,10,98,-88
104900019,101,2791,-2690
104900020,39,130,-91
104900021,1,64,-63
104900022,5,92,-87
104900023,2,18,-16
104900024,14,162,-148
104900025,53,77,-24
104900026,0,18,-18
104900027,475,222,253
104900028,42,76,-34
104900029,32,26,6
104900030,360,167,193
104900031,44,161,-117
104900032,45,42,3
104900033,145,211,-66
104900034,270,103,167
104900035,306,137,169
104900036,195,64,131
104900037,76,102,-26
104900038,116,565,-449
104900039,352,317,35
104900040,326,54,272
104900041,238,114,124
104900042,118,107,11
104900043,37,230,-193
104900044,608,102,506
104900045,352,52,300
104900046,160,44,116
104900047,270,64,206
104900048,218,35,183
104900049,75,20,55
104900050,191,44,147
104900051,225,17,208
104900052,83,7,76
104900053,300,61,239
104900054,148,28,120
104900055,173,0,173
104900056,110,22,88
104900057,43,0,43
104900058,318,123,195
104900059,104,96,8
104900060,67,178,-111
104900061,125,186,-61
104900063,16,176,-160
104900064,2,80,-78
104900065,0,122,-122
104900066,0,57,-57
104900067,1,149,-148
104900068,9,90,-81
104900070,87,111,-24
104900071,0,207,-207
104900072,24,151,-127
104900073,14,49,-35
104900074,43,101,-58
104900075,39,17,22
104900076,62,87,-25
104900077,275,182,93
104900078,111,175,-64
104900079,38,374,-336
104900080,103,359,-256
104900082,10,218,-208
104900085,65,190,-125
104900087,207,8,199
104900089,236,0,236
104900090,750,479,271
104900091,357,226,131
104900093,133,229,-96
104900097,1096,1654,-558
104900098,113,37,76
104900099,115,399,-284
104900100,192,119,73
104900102,23,38,-15
104900103,219,25,194
104900104,1143,1313,-170
104900106,114,44,70
104900107,60,94,-34
104900108,15,85,-70
104900109,80,112,-32
104900110,11,58,-47
104900111,160,26,134
104900112,203,238,-35
104900113,579,167,412
104900114,272,179,93
104900115,474,153,321
104900116,323,92,231
104900118,25,27,-2
104900119,1,27,-26
104900120,26,352,-326
104900121,0,24,-24
104900122,1,12,-11
104900123,69,21,48
104900124,29,0,29
104900125,235,1,234
104900126,22,18,4
104900127,23,31,-8
104900128,58,42,16
104900129,653,1568,-915
105000001,1519,779,740
105000002,1963,1084,879
105000003,2942,2524,418
105000004,451,495,-44
105000005,1349,906,443
105000006,967,1403,-436
105000007,1167,1477,-310
105000008,914,2909,-1995
105000009,2274,2692,-418
105000010,2092,1003,1089
105000011,3035,2348,687
105000012,2299,1589,710
105000013,846,883,-37
105000014,1782,2208,-426
105000015,6264,12168,-5904
105000016,1009,1107,-98
105000017,970,455,515
105000018,710,1106,-396
105000019,659,687,-28
105000020,88,371,-283
105000021,158,112,46
105000022,173,91,82
105000023,528,237,291
105000028,38,70,-32
105000029,506,1181,-675
105000030,2221,1444,777
105000031,11,19,-8
105000033,620,953,-333
105000034,108,716,-608
105000037,422,231,191
105000038,957,1251,-294
105000039,1175,761,414
105000040,701,894,-193
105000041,241,651,-410
105000042,1648,1201,447
105000043,752,943,-191
105000044,516,328,188
105000045,199,341,-142
105000046,849,262,587
105000047,340,511,-171
105000048,411,175,236
105000049,166,261,-95
105000050,568,293,275
105000051,128,220,-92
105000052,495,578,-83
105000053,63,78,-15
105000054,313,553,-240
105000055,543,192,351
105000056,910,1215,-305
105000057,805,366,439
105000058,832,608,224
105000059,592,452,140
105000060,415,319,96
105000061,578,375,203
105000062,402,377,25
105000063,241,196,45
105000064,1419,494,925
105000065,298,376,-78
105000066,700,754,-54
105000067,1190,583,607
105000068,216,570,-354
105000069,865,1548,-683
105000070,270,844,-574
105000071,161,769,-608
105000072,792,2024,-1232
105000073,779,439,340
105000074,534,409,125
105000075,337,459,-122
105000076,834,628,206
105000077,1528,727,801
105000078,691,1077,-386
105000079,761,2352,-1591
105000080,1198,1146,52
105000081,2016,2307,-291
105000082,691,2390,-1699
105000083,3498,4348,-850
105000084,1081,835,246
105000085,1553,2499,-946
105000086,495,611,-116
105000087,862,1095,-233
105000088,1043,1303,-260
105000089,1384,1073,311
105000090,647,498,149
105000091,655,837,-182
105000092,431,649,-218
105000093,181,296,-115
105000094,209,158,51
105000095,84,358,-274
105000096,1029,1166,-137
105000097,751,722,29
105000098,806,530,276
105000099,545,573,-28
105000100,1251,767,484
105000101,1475,1083,392
105000102,1123,949,174
105000103,890,1347,-457
105000104,1724,625,1099
105000105,690,1069,-379
105000106,1011,922,89
105000107,1161,511,650
105000108,1363,807,556
105000109,1347,850,497
105000110,649,294,355
105000111,653,414,239
105000112,935,374,561
105000113,343,494,-151
105000114,1210,918,292
105000115,267,864,-597
105000116,695,359,336
105000117,691,385,306
105000118,436,258,178
105000119,369,341,28
105000120,932,284,648
105000121,624,451,173
105000122,380,484,-104
105000123,679,541,138
105000124,1716,476,1240
105000125,642,894,-252
105000126,1603,747,856
105000127,1662,1170,492
105000128,515,633,-118
105000129,685,212,473
105000130,243,3116,-2873
105000131,488,212,276
105000132,808,621,187
105000133,413,529,-116
105000134,765,397,368
105000135,275,307,-32
105000136,141,215,-74
105000137,526,130,396
105000138,157,199,-42
105000139,688,493,195
105000140,372,283,89
105000141,271,254,17
105000142,251,276,-25
105000143,122,331,-209
105000144,208,384,-176
105000145,608,186,422
105000146,312,470,-158
105000147,554,214,340
105000148,885,474,411
105000149,2105,1552,553
105000150,968,742,226
105000151,386,215,171
105000152,122,231,-109
105000153,530,422,108
105000154,386,273,113
105000155,274,519,-245
105000156,376,316,60
105000157,549,769,-220
105000158,1348,520,828
105000159,261,522,-261
105000160,1986,474,1512
105000161,484,765,-281
105000162,459,1467,-1008
105000163,581,587,-6
105000164,113,216,-103
105000165,474,4707,-4233
105000166,2820,902,1918
105000167,802,1436,-634
105000168,348,279,69
105000169,477,125,352
105000170,185,770,-585
105000171,869,107,762
105000172,125,13,112
105000173,191,24,167
105000174,75,23,52
105000175,76,75,1
105000176,355,49,306
105000177,297,164,133
105000178,226,169,57
105000179,659,78,581
105000180,124,70,54
105000181,120,102,18
105000182,57,22,35
105000183,1145,1483,-338
105000184,939,787,152
105000185,749,1010,-261
105000186,350,456,-106
105000187,572,186,386
105000188,110,115,-5
105000189,110,329,-219
105000190,204,179,25
105000191,238,201,37
105000192,260,50,210
105000193,63,66,-3
105000194,536,134,402
105000195,193,457,-264
105000196,98,288,-190
105000197,190,389,-199
105000198,326,215,111
105000199,173,695,-522
105000200,85,304,-219
105000201,43,43,0
105000203,16,102,-86
105000204,72,58,14
105000205,105,118,-13
105000207,174,81,93
105000208,126,370,-244
105000209,165,131,34
105000211,341,10,331
105000212,825,571,254
105000213,82,175,-93
105000214,199,130,69
105000215,272,90,182
105000216,128,107,21
105000217,119,120,-1
105000218,1291,803,488
105000221,122,79,43
105000222,522,129,393
105000223,247,146,101
105000226,88,88,0
105000227,87,73,14
105000228,136,1598,-1462
105000229,120,375,-255
105000231,335,242,93
105000233,764,433,331
105000234,335,653,-318
105000235,275,353,-78
105000237,682,38,644
105000243,38,26,12
105000248,41,71,-30
105000262,269,510,-241
105000269,157,144,13
105000270,431,27,404
105000271,0,111,-111
105000282,33,18,15
105000287,223,78,145
105000288,467,312,155
105000289,1922,2011,-89
105000290,12,15,-3
105000402,1847,2941,-1094
105000426,223,310,-87
105000438,3415,2052,1363
105000440,42,9,33
105000446,4709,3337,1372
105000447,2197,1284,913
105000454,595,277,318
105000455,193,93,100
105000474,85,1,84
105000477,436,466,-30
105000478,1469,4205,-2736
105000479,91,100,-9
105000480,7681,8316,-635
105000481,3973,3177,796
105000482,2845,6017,-3172
105000483,1421,1993,-572
105000484,1225,2238,-1013
105000485,963,2492,-1529
105000486,1421,1633,-212
105000488,7133,3166,3967
105000489,708,532,176
105000549,116,96,20
105000550,251,859,-608
105000551,20,88,-68
105000552,1360,906,454
105000555,863,930,-67
105000556,41,15,26
105000557,46,102,-56
105900001,9,1350,-1341
105900002,521,583,-62
105900003,23,58,-35
105900004,82,80,2
105900005,4,199,-195
105900006,8,70,-62
105900007,24,18,6
105900008,59,292,-233
105900009,25,12,13
105900011,55,33,22
105900012,263,50,213
105900013,0,15,-15
105900014,3,39,-36
105900015,71,253,-182
105900016,243,145,98
105900017,974,26,948
105900018,181,139,42
105900019,35,97,-62
105900020,32,44,-12
105900021,9,110,-101
105900022,172,87,85
105900023,7,70,-63
105900024,5,109,-104
105900025,190,10,180
105900026,129,18,111
105900027,6728,4313,2415
105900028,384,281,103
105900029,1230,245,985
105900030,126,169,-43
105900031,188,143,45
105900032,79,87,-8
105900033,92,54,38
105900034,154,73,81
105900035,105,74,31
105900036,125,80,45
105900037,64,36,28
105900038,133,122,11
105900039,133,48,85
105900040,41,80,-39
105900041,136,80,56
105900042,84,122,-38
105900043,718,37,681
105900044,11,160,-149
105900045,5,508,-503
105900046,11,193,-182
105900047,7,37,-30
105900048,76,282,-206
105900050,3564,4241,-677
105900051,47,668,-621
105900052,360,169,191
105900053,1491,2216,-725
105900054,238,135,103
105900056,319,242,77
105900057,11,78,-67
105900058,23,8,15
105900059,0,45,-45
106000001,2347,1560,787
106000002,954,3231,-2277
106000003,1878,2460,-582
106000004,963,1638,-675
106000005,3050,3301,-251
106000006,3331,1675,1656
106000007,428,391,37
106000008,274,211,63
106000009,511,287,224
106000010,374,288,86
106000011,1176,807,369
106000012,563,696,-133
106000013,1496,1294,202
106000014,1018,847,171
106000015,1546,863,683
106000016,826,1195,-369
106000017,506,507,-1
106000018,428,331,97
106000019,277,307,-30
106000020,313,262,51
106000021,252,373,-121
106000022,260,168,92
106000023,497,224,273
106000024,303,222,81
106000025,85,150,-65
106000026,67,118,-51
106000027,1436,1104,332
106000028,448,220,228
106000029,588,623,-35
106000030,269,453,-184
106000034,148,315,-167
106000035,858,1805,-947
106000036,127,328,-201
106000037,1107,917,190
106000038,102,84,18
106000039,52,65,-13
106000040,71,564,-493
106000041,523,344,179
106000043,352,208,144
106000046,205,41,164
106000047,36,328,-292
106000049,914,127,787
106000050,212,345,-133
106000051,606,425,181
106000052,92,219,-127
106000053,352,119,233
106000054,189,172,17
106000055,757,537,220
106000056,205,195,10
106000057,429,196,233
106000058,118,79,39
106000059,326,214,112
106000060,238,294,-56
106000061,204,441,-237
106000062,113,263,-150
106000063,757,570,187
106000064,39,149,-110
106000065,282,227,55
106000066,71,160,-89
106000067,348,71,277
106000068,43,400,-357
106000069,192,54,138
106000070,353,423,-70
106000071,729,263,466
106000072,1582,1032,550
106000073,1110,2774,-1664
106000074,596,511,85
106000075,325,1024,-699
106000076,1216,1088,128
106000077,2072,813,1259
106000078,864,554,310
106000079,614,514,100
106000080,866,297,569
106000081,565,729,-164
106000082,1482,525,957
106000083,416,1010,-594
106000084,869,326,543
106000085,979,1070,-91
106000086,502,597,-95
106000087,639,295,344
106000088,315,449,-134
106000089,799,208,591
106000090,292,396,-104
106000091,220,295,-75
106000092,471,170,301
106000093,350,104,246
106000094,41,93,-52
106000095,699,413,286
106000096,765,366,399
106000097,967,397,570
106000098,522,471,51
106000099,166,407,-241
106000100,1025,106,919
106000101,531,147,384
106000102,92,268,-176
106000103,215,276,-61
106000104,608,211,397
106000105,328,322,6
106000106,574,241,333
106000107,168,164,4
106000108,319,187,132
106000109,166,129,37
106000110,233,146,87
106000111,168,169,-1
106000112,195,378,-183
106000113,402,299,103
106000114,356,533,-177
106000115,136,213,-77
106000116,273,122,151
106000117,551,342,209
106000118,1021,994,27
106000119,637,435,202
106000120,772,1063,-291
106000121,182,120,62
106000122,140,96,44
106000123,456,102,354
106000124,77,92,-15
106000125,31,140,-109
106000126,265,72,193
106000127,804,419,385
106000128,844,121,723
106000129,383,249,134
106000130,631,217,414
106000131,150,516,-366
106000132,472,108,364
106000133,946,975,-29
106000134,268,1502,-1234
106000135,132,349,-217
106000136,491,825,-334
106000137,90,502,-412
106000138,1089,98,991
106000139,27,59,-32
106000140,31,21,10
106000141,87,31,56
106000142,76,41,35
106000143,29,37,-8
106000144,54,32,22
106000145,213,136,77
106000146,378,69,309
106000147,604,327,277
106000148,701,436,265
106000149,513,271,242
106000150,463,1475,-1012
106000151,1961,544,1417
106000152,652,1498,-846
106000153,82,1050,-968
106000154,597,155,442
106000155,119,180,-61
106000156,731,154,577
106000157,451,928,-477
106000158,1163,629,534
106000159,1375,1414,-39
106000160,399,2111,-1712
106000161,875,186,689
106000162,280,788,-508
106000163,299,209,90
106000164,385,152,233
106000165,137,243,-106
106000166,682,186,496
106000167,329,508,-179
106000168,505,136,369
106000169,201,316,-115
106000170,719,142,577
106000171,213,710,-497
106000172,1926,866,1060
106000173,873,1367,-494
106000174,818,250,568
106000175,185,372,-187
106000176,1314,670,644
106000177,568,1230,-662
106000178,2207,969,1238
106000179,610,967,-357
106000180,461,537,-76
106000181,658,880,-222
106000182,1222,352,870
106000183,1383,273,1110
106000184,1438,348,1090
106000185,754,823,-69
106000186,439,69,370
106000187,107,615,-508
106000188,0,0,0
106000189,3,47,-44
106000190,12,2,10
106000191,528,103,425
106000192,2,14,-12
106000193,274,120,154
106000194,70,194,-124
106000195,217,52,165
106000196,81,203,-122
106000197,421,131,290
106000198,133,127,6
106000199,385,492,-107
106000200,114,150,-36
106000201,267,2243,-1976
106000202,1557,386,1171
106000203,9,147,-138
106000204,75,7,68
106000205,18,82,-64
106000206,78,14,64
106000207,30,232,-202
106000208,1155,140,1015
106000209,1081,333,748
106000210,242,311,-69
106000211,201,602,-401
106000212,699,445,254
106000213,239,1155,-916
106000214,1165,422,743
106000215,202,336,-134
106000216,291,300,-9
106000217,211,213,-2
106000218,333,229,104
106000219,160,210,-50
106000220,372,120,252
106000221,194,127,67
106000222,68,44,24
106000223,267,73,194
106000224,262,121,141
106000225,60,106,-46
106000226,92,142,-50
106000228,60,54,6
106000229,79,507,-428
106000231,799,104,695
106000232,75,140,-65
106000233,334,36,298
106000234,26,140,-114
106000235,182,87,95
106000236,38,75,-37
106000237,3,10,-7
106000238,6,21,-15
106000239,0,73,-73
106000240,11,0,11
106000241,12,338,-326
106000242,219,29,190
106000249,57,27,30
106000250,64,384,-320
106000251,68,26,42
106000252,14,66,-52
106000253,35,49,-14
106000254,51,29,22
106000255,18,96,-78
106000256,20,23,-3
106000257,109,118,-9
106000258,79,28,51
106000259,7,38,-31
106000260,23,3,20
106000261,2,46,-44
106000262,49,9,40
106000263,21,35,-14
106000264,112,6,106
106000265,10,52,-42
106000266,87,17,70
106000267,4,43,-39
106000268,312,42,270
106000269,32,34,-2
106000270,76,204,-128
106000271,51,106,-55
106000272,109,25,84
106000273,5,132,-127
106000274,129,16,113
106000275,82,111,-29
106000276,65,29,36
106000277,106,162,-56
106000278,87,20,67
106000279,21,14,7
106000280,54,23,31
106000281,90,39,51
106000282,51,45,6
106000283,96,44,52
106000284,94,43,51
106000285,112,41,71
106000286,72,63,9
106000287,92,85,7
106000288,71,73,-2
106000289,82,84,-2
106000290,59,41,18
106000291,84,92,-8
106000292,52,63,-11
106000293,118,73,45
106000294,87,78,9
106000295,29,24,5
106000296,25,61,-36
106000297,44,205,-161
106000298,78,97,-19
106000299,45,93,-48
106000300,49,91,-42
106000301,44,89,-45
106000303,14,40,-26
106000304,27,22,5
106000305,38,15,23
106000306,67,18,49
106000307,48,16,32
106000308,22,42,-20
106000309,15,24,-9
106000310,263,215,48
106000311,347,149,198
106000312,129,86,43
106000313,247,146,101
106000318,45,275,-230
106000319,811,209,602
106000320,2,44,-42
106000321,183,101,82
106000322,141,67,74
106000324,16,72,-56
106000325,1505,721,784
106000326,801,855,-54
106000327,280,47,233
106000328,26,63,-37
106000329,55,133,-78
106000330,25,49,-24
106000428,102,148,-46
106000429,141,340,-199
106000430,280,781,-501
106000431,1626,276,1350
106000432,1221,1914,-693
106000433,2082,1084,998
106000434,2597,1048,1549
106000435,758,1592,-834
106000436,14,74,-60
106000437,183,48,135
106000438,318,129,189
106000439,73,255,-182
106000440,183,236,-53
106000441,0,1,-1
106000442,147,3,144
106000443,201,125,76
106000450,1,41,-40
106000451,12,62,-50
106000454,8,62,-54
106000455,7,137,-130
106000456,94,41,53
106000457,9,335,-326
106000458,792,53,739
106000459,115,72,43
106000460,1166,14,1152
106000461,123,316,-193
106000462,2,26,-24
106000463,5,8,-3
106000464,8,249,-241
106000465,600,4,596
106000466,2,200,-198
106000467,152,163,-11
106000468,64,90,-26
106000469,77,2,75
106000470,162,1372,-1210
106000471,7,265,-258
106000472,133,11,122
106000473,28,8,20
106000474,339,280,59
106000475,431,133,298
106000476,133,246,-113
106000477,37,73,-36
106000480,1,249,-248
106900001,0,12,-12
106900002,0,197,-197
106900003,85,470,-385
106900004,23,7,16
106900006,0,9,-9
106900007,0,5,-5
106900008,324,54,270
106900009,305,109,196
106900010,148,203,-55
106900012,829,1578,-749
106900013,303,157,146
106900014,34,0,34
106900015,5,0,5
106900016,299,12,287
106900017,14,4,10
106900018,0,0,0
106900019,55,1,54
106900020,1165,1185,-20
106900021,219,150,69
106900022,735,2,733
106900023,27,173,-146
106900024,339,55,284
106900025,24,284,-260
106900026,0,212,-212
106900027,777,6,771
107000001,2401,3390,-989
107000002,1413,2237,-824
107000003,5003,4572,431
107000004,2545,1544,1001
107000005,4567,4326,241
107000006,2427,1397,1030
107000007,3789,6224,-2435
107000008,3908,3017,891
107000009,6396,5873,523
107000010,4449,3636,813
107000011,625,669,-44
107000012,2214,1434,780
107000013,87,40,47
107000014,26,90,-64
107000015,366,319,47
107000016,534,373,161
107000017,692,1692,-1000
107000018,7,1230,-1223
107000020,530,1859,-1329
107000021,797,371,426
107000022,465,1235,-770
107000023,1179,163,1016
107000024,517,874,-357
107000025,153,219,-66
107000026,286,223,63
107000027,1140,621,519
107000028,901,566,335
107000029,2587,2276,311
107000030,1639,1362,277
107000031,3802,1866,1936
107000032,293,545,-252
107000033,1584,1990,-406
107000034,2608,790,1818
107000035,322,113,209
107000036,262,751,-489
107000037,131,520,-389
107000038,111,134,-23
107000039,801,686,115
107000040,158,148,10
107000041,952,476,476
107000042,374,1299,-925
107000043,1392,693,699
107000044,290,178,112
107000045,53,145,-92
107000046,567,272,295
107000047,285,427,-142
107000048,615,173,442
107000049,460,414,46
107000050,847,435,412
107000051,165,205,-40
107000052,716,788,-72
107000053,312,252,60
107000054,41,169,-128
107000055,310,165,145
107000056,291,466,-175
107000057,1086,154,932
107000058,1605,1825,-220
107000059,767,980,-213
107000060,4180,3918,262
107000061,2961,2024,937
107000062,4498,2260,2238
107000063,2808,2305,503
107000064,4203,1796,2407
107000065,2820,2953,-133
107000066,1211,2258,-1047
107000067,1025,1269,-244
107000068,764,836,-72
107000069,884,490,394
107000070,989,15,974
107000071,3090,60,3030
107000072,20,1320,-1300
107000073,757,387,370
107000074,98,546,-448
107000075,1605,531,1074
107000076,392,730,-338
107000077,3157,1370,1787
107000078,1746,1532,214
107000079,2189,869,1320
107000080,764,1479,-715
107000081,1782,439,1343
107000082,469,618,-149
107000083,1067,317,750
107000084,174,697,-523
107000085,2526,2331,195
107000086,2216,2024,192
107000087,2416,1629,787
107000088,2244,2184,60
107000089,1527,1254,273
107000090,773,593,180
107000091,1342,668,674
107000092,661,619,42
107000093,1167,690,477
107000094,551,697,-146
107000095,736,365,371
107000096,316,350,-34
107000097,699,191,508
107000098,337,311,26
107000099,251,236,15
107000100,131,158,-27
107000101,68,98,-30
107000102,135,147,-12
107000103,246,147,99
107000104,109,136,-27
107000105,270,60,210
107000106,135,128,7
107000107,436,95,341
107000108,112,240,-128
107000109,566,73,493
107000110,51,250,-199
107000111,337,36,301
107000112,38,176,-138
107000113,751,97,654
107000114,64,249,-185
107000115,732,146,586
107000116,87,322,-235
107000117,99,653,-554
107000118,68,81,-13
107000119,922,1287,-365
107000120,637,415,222
107000121,884,511,373
107000122,856,457,399
107000123,500,359,141
107000124,456,384,72
107000125,885,345,540
107000126,803,329,474
107000129,160,316,-156
107000130,529,188,341
107000131,289,294,-5
107000132,432,206,226
107000133,283,73,210
107000134,189,2,187
107000135,4,270,-266
107000136,559,6,553
107000137,11,442,-431
107000138,132,29,103
107000139,7,457,-450
107000140,1165,78,1087
107000141,127,479,-352
107000142,416,92,324
107000143,52,430,-378
107000144,503,374,129
107000145,111,278,-167
107000146,165,230,-65
107000147,3328,748,2580
107000150,311,1837,-1526
107000151,16,50,-34
107000152,518,1312,-794
107000153,103,195,-92
107000154,96,249,-153
107000155,604,19,585
107000156,942,42,900
107000157,56,448,-392
107000158,653,21,632
107000159,28,340,-312
107000160,1070,100,970
107000161,58,429,-371
107000162,237,433,-196
107000163,152,2,150
107000164,642,1,641
107000165,991,5,986
107000166,30,472,-442
107000167,476,158,318
107000168,839,401,438
107000169,418,387,31
107000170,2158,565,1593
107000171,492,663,-171
107000172,1014,1124,-110
107000173,418,361,57
107000174,959,4055,-3096
107000175,2601,897,1704
107000176,0,0,0
107000177,3,0,3
107000178,16,3,13
107000179,207,849,-642
107000180,1275,179,1096
107000181,360,571,-211
107000182,1782,466,1316
107000183,107,345,-238
107000184,1036,413,623
107000185,323,619,-296
107000186,972,310,662
107000187,949,900,49
107000188,427,386,41
107000189,485,568,-83
107000190,514,466,48
107000191,808,676,132
107000192,1267,424,843
107000193,311,325,-14
107000194,637,465,172
107000197,763,197,566
107000198,263,387,-124
107000199,881,402,479
107000200,302,394,-92
107000201,330,293,37
107000202,244,277,-33
107000203,602,1198,-596
107000204,630,1133,-503
107000205,1158,505,653
107000206,397,1354,-957
107000207,351,978,-627
107000208,478,469,9
107000209,811,959,-148
107000210,210,198,12
107000211,5,61,-56
107000212,13,187,-174
107000213,5,25,-20
107000214,8,62,-54
107000215,359,163,196
107000216,344,205,139
107000217,160,76,84
107000219,82,190,-108
107000220,140,82,58
107000222,227,315,-88
107000224,429,57,372
107000225,116,159,-43
107000226,542,97,445
107000227,70,94,-24
107000228,252,301,-49
107000229,68,75,-7
107000230,666,284,382
107000231,643,1494,-851
107000232,128,23,105
107000233,367,836,-469
107000234,2,53,-51
107000235,46,15,31
107000236,16,225,-209
107000237,55,0,55
107000238,33,0,33
107000239,1383,330,1053
107000240,79,322,-243
107000243,0,23,-23
107000244,2,48,-46
107000246,2,1002,-1000
107000249,5,1157,-1152
107000251,3,381,-378
107000252,3,321,-318
107000255,142,92,50
107000257,3,409,-406
107000258,2,120,-118
107000259,4,88,-84
107000260,1479,23,1456
107000262,6,204,-198
107000263,367,2,365
107000266,7,5,2
107000267,33,50,-17
107000268,90,65,25
107000269,53,5,48
107000270,80,21,59
107000271,0,0,0
107000272,52,0,52
107000273,8,142,-134
107000274,287,2,285
107000275,166,1272,-1106
107000280,879,24,855
107000281,33,273,-240
107000282,56,263,-207
107000290,14,29,-15
107000291,14,5,9
107000292,1,249,-248
107000293,14,6,8
107000294,0,56,-56
107000295,17,5,12
107000296,0,10,-10
107000444,163,3,160
107000496,0,7,-7
107000497,953,1030,-77
107000500,213,168,45
107000501,40,118,-78
107000502,160,166,-6
107000505,160,405,-245
107000506,0,1,-1
107000508,4,226,-222
107000509,125,426,-301
107000510,24,26,-2
107000514,28,251,-223
107000515,16,87,-71
107000516,452,195,257
107000518,914,1181,-267
107000519,883,407,476
107000520,83,29,54
107000521,639,201,438
107000522,918,300,618
107900001,67,74,-7
107900002,69,12,57
107900003,125,10,115
107900004,12,0,12
107900005,1405,5,1400
107900006,138,3,135
107900007,301,33,268
107900008,32,10,22
107900009,65,4,61
107900010,38,2,36
107900012,211,46,165
107900013,118,15,103
107900014,33,3,30
107900015,762,8,754
107900016,175,53,122
107900017,12,1,11
107900018,58,186,-128
107900019,20,20,0
107900020,46,10,36
107900021,116,33,83
107900023,2,4,-2
107900024,0,5,-5
107900025,157,149,8
107900026,51,14,37
107900027,28,25,3
107900028,118,30,88
107900030,144,34,110
107900031,75,43,32
107900032,15,2,13
107900033,23,8,15
107900034,239,25,214
107900035,909,43,866
107900036,73,21,52
107900037,0,19,-19
107900038,63,184,-121
107900039,22,13,9
107900040,15,142,-127
107900041,0,1,-1
107900043,55,50,5
107900044,11,9,2
107900045,75,27,48
107900046,164,140,24
107900047,44,14,30
107900048,198,13,185
107900049,223,543,-320
107900050,102,103,-1
107900051,55,26,29
107900052,11,36,-25
107900053,32,38,-6
107900055,417,179,238
107900056,85,61,24
107900057,5,0,5
107900058,17,258,-241
107900060,9,44,-35
107900061,6,4,2
107900063,93,119,-26
107900064,126,188,-62
107900065,201,6,195
107900066,26,5,21
107900067,0,0,0
107900068,58,687,-629
107900069,26,1784,-1758
107900070,94,49,45
107900071,14,253,-239
107900072,123,71,52
107900073,94,65,29
107900074,333,272,61
107900076,115,31,84
107900077,102,9,93
107900079,9,16,-7
107900080,196,730,-534
107900081,50,54,-4
107900082,9,7,2
107900083,280,115,165
107900084,77,52,25
107900086,28,136,-108
107900087,273,156,117
107900088,32,32,0
107900089,147,497,-350
107900090,276,1488,-1212
107900091,86,154,-68
107900093,47,26,21
107900095,1625,1614,11
107900097,21,39,-18
107900098,53,113,-60
107900100,670,1042,-372
107900101,450,95,355
107900102,24,5,19
107900103,16,98,-82
107900104,171,3,168
107900105,6,132,-126
107900106,13,412,-399
107900107,599,360,239
107900108,103,95,8
107900109,1607,45,1562
107900110,60,26,34
107900111,17,233,-216
107900112,69,326,-257
107900113,191,37,154
107900114,245,63,182
107900115,0,22,-22
107900116,156,46,110
107900117,137,110,27
107900118,39,64,-25
107900119,68,175,-107
107900120,16,34,-18
107900121,1,43,-42
107900122,0,55,-55
107900123,3,25,-22
107900124,22,31,-9
107900125,14,130,-116
107900126,12,39,-27
107900127,242,308,-66
107900128,52,56,-4
107900129,55,10,45
107900130,86,6,80
107900131,164,383,-219
107900132,62,117,-55
107900133,0,35,-35
107900134,25,90,-65
107900135,6,62,-56
107900136,24,21,3
107900137,57,71,-14
107900138,27,6,21
107900139,82,12,70
107900141,28,25,3
107900142,20,247,-227
107900143,27,13,14
107900144,1,99,-98
107900145,14,29,-15
107900146,53,66,-13
107900147,38,25,13
107900148,105,46,59
107900149,285,86,199
107900150,47,196,-149
107900151,31,70,-39
107900152,4,73,-69
107900153,72,173,-101
107900154,54,24,30
107900155,68,38,30
107900156,0,124,-124
107900157,28,32,-4
107900158,650,8,642
107900159,16,229,-213
107900160,139,112,27
107900161,29,73,-44
107900162,1,14,-13
107900163,24,57,-33
107900164,5,25,-20
107900165,28,97,-69
107900166,26,68,-42
107900167,14,45,-31
107900168,47,24,23
107900169,1,87,-86
107900171,3,365,-362
107900172,0,98,-98
107900173,19,47,-28
107900174,167,2,165
107900175,10,47,-37
107900176,22,18,4
107900177,0,36,-36
107900178,0,74,-74
107900179,5,66,-61
107900180,297,651,-354
107900181,136,131,5
107900182,3,348,-345
107900183,37,95,-58
107900184,53,115,-62
107900185,127,4,123
107900186,25,24,1
107900187,0,65,-65
107900188,257,103,154
107900189,18,60,-42
107900190,31,140,-109
107900191,22,52,-30
107900193,8,52,-44
107900194,163,6,157
107900195,638,199,439
107900196,69,34,35
107900197,198,310,-112
107900199,1,411,-410
107900201,56,38,18
107900203,34,37,-3
107900204,113,136,-23
107900206,655,335,320
107900207,3,229,-226
107900208,19,200,-181
107900209,162,90,72
107900210,49,39,10
107900213,249,233,16
107900214,8,53,-45
107900215,98,245,-147
107900216,120,35,85
107900217,21,70,-49
107900218,10,743,-733
107900219,21,30,-9
107900220,90,228,-138
107900221,110,147,-37
107900223,90,170,-80
107900224,37,265,-228
107900225,3,240,-237
107900226,108,50,58
107900227,64,216,-152
107900228,25,53,-28
107900229,0,75,-75
107900230,19,18,1
107900231,28,70,-42
107900232,61,50,11
107900233,12,61,-49
107900234,85,46,39
107900235,11,57,-46
107900236,158,47,111
107900237,23,135,-112
107900238,19,49,-30
107900239,379,371,8
107900240,20,37,-17
107900241,11,25,-14
107900242,33,72,-39
107900243,5,52,-47
107900244,326,1,325
107900245,467,28,439
107900246,200,11,189
107900248,478,79,399
107900249,629,26,603
107900250,1,175,-174
107900251,71,506,-435
107900252,571,18,553
107900253,121,5,116
107900254,50,94,-44
107900255,109,68,41
107900256,355,620,-265
107900257,181,72,109
107900258,96,74,22
107900259,56,1807,-1751
107900261,7,94,-87
107900262,30,52,-22
107900264,284,9,275
107900265,83,58,25
107900267,202,8,194
107900268,7,3,4
107900269,0,3,-3
107900270,0,0,0
107900271,3,20,-17
107900272,49,34,15
107900273,59,67,-8
107900274,93,0,93
107900275,25,0,25
107900276,0,47,-47
107900277,2,93,-91
107900278,342,169,173
107900279,52,123,-71
107900280,1827,1165,662
107900281,392,2753,-2361
107900282,22,427,-405
107900283,497,476,21
107900284,521,309,212
107900285,108,20,88
107900286,25,56,-31
107900287,260,120,140
107900290,1,141,-140
107900291,452,22,430
107900292,70,65,5
107900293,60,156,-96
107900295,44,21,23
107900297,1,182,-181
107900298,406,295,111
107900299,1364,2078,-714
107900301,423,590,-167
107900302,68,21,47
107900303,229,127,102
107900304,324,154,170
107900305,276,7,269
107900306,4,29,-25
107900307,42,193,-151
107900308,177,112,65
107900309,37,2,35
107900310,143,0,143
107900311,11,657,-646
107900312,41,1,40
107900313,3,121,-118
107900314,0,45,-45
107900315,0,65,-65
107900316,20,5,15
107900317,64,7,57
107900318,6,121,-115
107900319,1,62,-61
107900320,1,39,-38
107900321,95,1,94
107900322,9,71,-62
107900323,6,48,-42
107900324,82,1,81
107900325,87,1,86
107900326,434,107,327
107900327,0,58,-58
107900328,50,1,49
107900329,47,136,-89
107900330,0,93,-93
107900331,269,6,263
107900332,351,8,343
107900333,70,33,37
107900334,5,58,-53
107900335,23,23,0
107900336,25,50,-25
107900337,384,773,-389
107900338,2,86,-84
107900339,1,11,-10
107900340,0,55,-55
107900341,42,1,41
107900342,98,69,29
107900343,35,0,35
107900344,12,27,-15
107900345,73,26,47
107900346,19,0,19
107900347,10,2,8
107900348,5,5,0
107900349,23,7,16
107900350,9,133,-124
107900351,1,54,-53
107900352,0,4,-4
107900353,11,1,10
107900354,15,20,-5
108000001,2782,2884,-102
108000002,1081,869,212
108000003,2611,2842,-231
108000004,6898,7342,-444
108000005,6071,5561,510
108000006,5045,4583,462
108000007,3952,3269,683
108000008,3046,3482,-436
108000009,3086,3398,-312
108000010,1904,2392,-488
108000011,9856,8609,1247
108000012,8607,8143,464
108000014,477,936,-459
108000015,778,205,573
108000016,228,788,-560
108000017,861,295,566
108000018,1509,471,1038
108000019,997,552,445
108000020,997,386,611
108000021,229,1083,-854
108000022,222,733,-511
108000023,1064,150,914
108000024,226,293,-67
108000025,267,128,139
108000026,821,197,624
108000027,566,311,255
108000028,792,100,692
108000029,451,447,4
108000030,419,90,329
108000031,141,269,-128
108000032,1691,455,1236
108000033,555,552,3
108000034,1339,286,1053
108000035,409,1183,-774
108000036,295,539,-244
108000037,1530,267,1263
108000038,2091,384,1707
108000039,346,908,-562
108000040,1641,665,976
108000041,438,1166,-728
108000042,319,122,197
108000043,209,99,110
108000044,659,101,558
108000045,232,205,27
108000046,1440,237,1203
108000047,246,412,-166
108000048,77,183,-106
108000049,746,167,579
108000050,69,338,-269
108000051,372,136,236
108000052,126,301,-175
108000053,419,208,211
108000054,292,624,-332
108000055,818,517,301
108000056,759,918,-159
108000057,539,1193,-654
108000058,1462,2840,-1378
108000059,1900,1209,691
108000060,230,578,-348
108000061,183,309,-126
108000062,758,465,293
108000063,395,255,140
108000064,203,160,43
108000065,415,248,167
108000066,1140,581,559
108000067,1755,618,1137
108000068,798,351,447
108000069,190,478,-288
108000070,1745,562,1183
108000071,453,679,-226
108000072,1538,673,865
108000073,848,814,34
108000074,629,334,295
108000075,265,413,-148
108000076,587,478,109
108000077,410,337,73
108000078,2091,767,1324
108000079,509,655,-146
108000080,1111,284,827
108000081,398,635,-237
108000082,634,961,-327
108000083,1417,843,574
108000084,312,585,-273
108000085,762,406,356
108000086,422,328,94
108000087,137,1741,-1604
108000088,582,165,417
108000089,221,191,30
108000091,199,258,-59
108000092,117,98,19
108000093,168,153,15
108000094,519,92,427
108000095,127,143,-16
108000096,319,127,192
108000097,162,152,10
108000098,1517,663,854
108000099,853,206,647
108000100,184,395,-211
108000101,947,1188,-241
108000102,1328,2876,-1548
108000106,804,0,804
108000107,1,405,-404
108000108,441,35,406
108000109,4,432,-428
108000110,272,219,53
108000111,90,246,-156
108000112,59,115,-56
108000113,316,147,169
108000115,165,162,3
108000117,302,254,48
108000118,373,1624,-1251
108000119,315,197,118
108000120,123,637,-514
108000121,120,228,-108
108000122,647,240,407
108000123,521,66,455
108000124,209,222,-13
108000125,420,118,302
108000126,157,202,-45
108000127,431,158,273
108000128,558,161,397
108000129,199,351,-152
108000130,432,130,302
108000131,762,443,319
108000132,1108,660,448
108000133,845,453,392
108000134,366,284,82
108000135,976,377,599
108000136,214,403,-189
108000137,461,126,335
108000138,338,421,-83
108000139,504,194,310
108000140,134,21,113
108000141,46,27,19
108000142,41,44,-3
108000143,42,181,-139
108000144,463,42,421
108000145,43,4,39
108000146,785,43,742
108000147,43,9,34
108000148,544,54,490
108000149,12,6,6
108000150,51,6,45
108000151,57,34,23
108000152,73,186,-113
108000153,539,99,440
108000154,24,3,21
108000155,32,8,24
108000156,519,257,262
108000157,169,1189,-1020
108000158,47,713,-666
108000159,216,203,13
108000160,1282,808,474
108000161,956,1994,-1038
108000165,8,211,-203
108000172,1,167,-166
108000173,554,1457,-903
108000175,708,87,621
108000178,271,201,70
108000179,115,725,-610
108000181,64,15,49
108000182,146,73,73
108000183,6,175,-169
108000184,484,1881,-1397
108000185,136,144,-8
108000186,302,142,160
108000187,173,267,-94
108000188,568,98,470
108000189,867,8016,-7149
108000190,35,54,-19
108000192,192,305,-113
108000193,282,5,277
108000194,25,7,18
108000195,2,495,-493
108000196,117,106,11
108000198,570,138,432
108000199,0,301,-301
108000200,309,183,126
108000203,81,248,-167
108000204,135,58,77
108000205,143,208,-65
108000339,542,276,266
108000364,143,404,-261
108000365,31,155,-124
108000367,108,144,-36
108000368,6,54,-48
108000369,458,144,314
108000371,2,400,-398
108000372,544,4,540
108000373,177,79,98
108000376,98,51,47
108000377,513,188,325
108000378,6527,7853,-1326
108000379,31,135,-104
108000381,83,6,77
108000382,80,2,78
108000383,0,213,-213
108900001,61,420,-359
108900002,137,65,72
108900003,188,322,-134
108900004,354,432,-78
108900007,266,123,143
108900008,127,64,63
108900009,77,83,-6
108900010,251,100,151
108900011,605,260,345
108900012,370,267,103
108900013,175,172,3
108900014,16,63,-47
108900015,0,271,-271
108900016,2,173,-171
108900017,164,277,-113
108900018,167,152,15
108900019,15,166,-151
108900020,27,73,-46
108900021,113,83,30
108900022,94,12,82
108900023,0,20,-20
108900024,41,54,-13
108900025,207,63,144
108900026,14,65,-51
108900027,0,23,-23
108900028,77,139,-62
108900029,35,109,-74
108900030,0,22,-22
108900031,126,120,6
108900032,6,78,-72
108900033,0,55,-55
108900034,0,113,-113
108900035,230,482,-252
108900038,0,130,-130
108900039,1,197,-196
108900040,5,64,-59
108900041,2463,2326,137
108900042,7,365,-358
108900043,29,213,-184
108900044,0,186,-186
108900045,74,180,-106
108900046,30,323,-293
108900047,0,132,-132
108900048,62,424,-362
108900049,876,1218,-342
108900050,1,86,-85
108900051,0,78,-78
108900052,19,80,-61
108900053,31,163,-132
108900054,52,102,-50
108900055,37,211,-174
108900056,0,49,-49
108900057,0,48,-48
108900058,16,137,-121
108900059,403,52,351
108900060,114,127,-13
108900061,66,26,40
108900062,4,96,-92
108900063,7,84,-77
108900064,257,19,238
108900065,11,83,-72
108900066,408,93,315
108900067,10,92,-82
108900068,2,51,-49
108900069,65,37,28
108900070,24,44,-20
108900071,73,38,35
108900072,982,305,677
108900073,44,106,-62
108900074,203,100,103
108900075,30,26,4
108900076,312,29,283
108900077,116,172,-56
108900078,42,47,-5
108900079,365,113,252
108900080,19,575,-556
108900081,28,186,-158
108900082,122,52,70
108900083,16,194,-178
108900085,794,107,687
108900086,149,76,73
108900087,65,111,-46
108900088,685,362,323
108900089,18,131,-113
108900090,85,96,-11
108900091,110,48,62
108900092,414,207,207
108900093,110,88,22
108900094,178,44,134
108900095,10,117,-107
108900096,140,17,123
108900097,196,97,99
108900098,966,620,346
108900099,364,80,284
108900100,53,48,5
108900101,146,211,-65
108900102,54,907,-853
108900103,77,122,-45
108900105,8,1189,-1181
108900106,476,105,371
108900108,224,28,196
108900109,454,56,398
108900110,216,173,43
108900111,384,190,194
108900113,38,55,-17
108900114,61,3,58
108900115,98,45,53
108900116,34,8,26
108900117,198,5,193
108900118,546,21,525
108900119,267,17,250
108900120,231,167,64
108900121,180,75,105
108900122,192,11,181
108900123,120,104,16
108900124,447,182,265
108900125,508,4,504
108900126,163,32,131
108900127,205,35,170
108900128,111,39,72
108900129,584,137,447
108900130,394,3,391
108900131,437,5,432
108900132,396,49,347
108900133,273,26,247
108900134,488,121,367
108900135,190,13,177
108900136,36,0,36
108900137,159,1,158
108900138,791,55,736
108900140,405,129,276
108900141,313,14,299
108900142,73,4,69
108900143,107,0,107
108900144,108,1,107
108900145,334,18,316
108900146,66,1,65
108900147,221,1,220
108900148,34,14,20
108900150,186,5,181
108900151,76,6,70
108900152,198,35,163
108900153,184,129,55
108900154,3747,330,3417
108900156,63,3,60
108900157,15,220,-205
108900158,359,10,349
108900159,5,91,-86
108900160,9,131,-122
108900161,4,150,-146
108900162,125,0,125
108900163,6,245,-239
108900164,54,45,9
108900168,3129,2101,1028
108900169,61,59,2
108900171,2003,2287,-284
108900172,144,36,108
108900173,115,195,-80
108900174,968,427,541
108900176,53,192,-139
108900177,1905,4424,-2519
108900178,1866,2847,-981
108900180,94,249,-155
108900183,137,124,13
108900184,316,123,193
108900185,90,156,-66
108900186,35,177,-142
108900189,270,69,201
108900190,69,927,-858
108900192,54,107,-53
108900195,80,85,-5
108900196,23,114,-91
108900199,152,193,-41
108900200,480,269,211
108900201,357,787,-430
108900203,408,83,325
108900204,285,20,265
108900205,158,38,120
108900206,243,65,178
108900207,136,114,22
108900208,9,189,-180
108900209,137,335,-198
108900210,148,134,14
108900211,133,479,-346
108900212,326,1287,-961
108900215,63,210,-147
108900216,254,357,-103
108900217,75,2,73
108900218,49,12,37
108900221,41,92,-51
108900224,12,111,-99
108900225,1,122,-121
108900227,104,350,-246
108900230,110,135,-25
108900232,1,90,-89
108900233,273,68,205
108900234,206,100,106
108900235,142,260,-118
108900236,12,128,-116
108900240,66,58,8
108900241,35,28,7
108900245,5,894,-889
108900250,138,90,48
108900258,5,82,-77
108900259,19,42,-23
108900260,5,55,-50
108900261,35,54,-19
108900262,49,103,-54
108900263,16,75,-59
108900264,355,244,111
108900265,453,407,46
108900266,364,738,-374
108900267,3,159,-156
108900268,4,8,-4
108900269,104,37,67
108900270,135,12,123
108900271,54,16,38
108900272,215,11,204
108900273,391,768,-377
108900274,56,32,24
109000001,1711,1525,186
109000002,763,1753,-990
109000003,2348,338,2010
109000004,396,1178,-782
109000005,2071,524,1547
109000006,649,1408,-759
109000007,1305,339,966
109000008,433,1195,-762
109000009,2645,943,1702
109000010,938,2176,-1238
109000011,3041,1393,1648
109000012,1065,1271,-206
109000013,3260,2677,583
109000014,1553,1448,105
109000015,3083,6824,-3741
109000016,3281,1638,1643
109000017,2265,966,1299
109000018,1657,1931,-274
109000019,2149,1068,1081
109000020,720,1256,-536
109000023,196,24,172
109000024,9,181,-172
109000025,333,467,-134
109000026,501,297,204
109000027,54,289,-235
109000028,101,44,57
109000029,86,154,-68
109000030,88,173,-85
109000031,228,144,84
109000032,156,553,-397
109000033,360,143,217
109000034,42,40,2
109000035,10,32,-22
109000036,72,239,-167
109000037,227,1453,-1226
109000038,309,212,97
109000039,819,621,198
109000040,1787,7529,-5742
109000041,1277,1801,-524
109000042,376,1021,-645
109000044,423,144,279
109000045,205,269,-64
109000046,285,47,238
109000047,33,303,-270
109000048,679,383,296
109000049,139,358,-219
109000050,391,415,-24
109000051,179,111,68
109000052,408,327,81
109000053,1114,163,951
109000054,104,155,-51
109000055,157,173,-16
109000056,277,125,152
109000057,645,391,254
109000058,1150,209,941
109000059,479,1313,-834
109000060,406,358,48
109000061,382,629,-247
109000062,72,271,-199
109000063,119,83,36
109000064,192,81,111
109000065,100,102,-2
109000066,246,33,213
109000067,51,146,-95
109000068,855,2,853
109000069,561,15,546
109000070,17,1744,-1727
109000071,287,70,217
109000072,99,330,-231
109000073,102,82,20
109000074,30,108,-78
109000075,62,218,-156
109000076,176,262,-86
109000077,237,168,69
109000078,85,115,-30
109000079,131,75,56
109000080,220,95,125
109000081,128,207,-79
109000082,748,139,609
109000083,210,295,-85
109000088,116,283,-167
109000089,229,61,168
109000090,105,262,-157
109000091,320,153,167
109000092,254,227,27
109000093,233,147,86
109000094,570,2,568
109000095,69,157,-88
109000096,524,247,277
109000097,116,106,10
109000098,73,119,-46
109000099,619,197,422
109000100,213,460,-247
109000101,1367,362,1005
109000102,288,453,-165
109000103,719,354,365
109000104,1465,311,1154
109000105,320,498,-178
109000106,1496,491,1005
109000107,476,835,-359
109000108,1461,406,1055
109000109,355,810,-455
109000110,953,295,658
109000111,727,1140,-413
109000112,189,58,131
109000113,233,93,140
109000114,95,193,-98
109000115,715,50,665
109000116,16,408,-392
109000117,229,29,200
109000118,17,176,-159
109000119,1130,101,1029
109000120,189,216,-27
109000121,749,48,701
109000122,167,262,-95
109000123,52,133,-81
109000124,527,227,300
109000125,611,160,451
109000126,312,256,56
109000127,1548,183,1365
109000128,417,472,-55
109000129,1956,440,1516
109000130,443,846,-403
109000131,1386,948,438
109000132,760,1197,-437
109000133,262,442,-180
109000134,489,654,-165
109000135,560,887,-327
109000136,209,166,43
109000137,224,219,5
109000138,354,109,245
109000139,331,261,70
109000140,203,281,-78
109000141,635,253,382
109000142,95,336,-241
109000143,108,49,59
109000145,88,346,-258
109000146,61,47,14
109000148,1409,997,412
109000149,25,102,-77
109000150,81,220,-139
109000155,747,506,241
109000156,753,279,474
109000158,43,167,-124
109000159,79,208,-129
109000160,839,98,741
109000161,374,512,-138
109000162,1515,384,1131
109000163,922,922,0
109000164,1134,1474,-340
109000165,1071,295,776
109000166,681,81,600
109000167,132,201,-69
109000170,34,41,-7
109000171,74,54,20
109000172,41,81,-40
109000173,31,93,-62
109000174,159,45,114
109000175,110,151,-41
109000176,363,132,231
109000177,31,43,-12
109000178,727,149,578
109000179,1742,3499,-1757
109000180,2142,1972,170
109000181,38,15,23
109000182,33,17,16
109000183,32,10,22
109000184,40,15,25
109000185,17,7,10
109000188,264,618,-354
109000189,1361,331,1030
109000190,470,252,218
109000191,280,204,76
109000192,423,114,309
109000193,158,91,67
109000194,210,42,168
109000195,115,123,-8
109000196,207,64,143
109000197,150,170,-20
109000198,309,37,272
109000199,68,208,-140
109000206,197,18,179
109000207,117,35,82
109000208,77,72,5
109000209,112,70,42
109000210,115,285,-170
109000211,497,220,277
109000214,465,301,164
109000215,118,42,76
109000216,210,231,-21
109000217,98,68,30
109000218,319,158,161
109000221,389,679,-290
109000222,760,282,478
109000223,340,269,71
109000224,43,49,-6
109000225,77,24,53
109000226,54,96,-42
109000227,1050,351,699
109000228,11,2813,-2802
109000231,2,146,-144
109000232,440,167,273
109000236,198,394,-196
109000241,1784,1239,545
109000242,1449,791,658
109000293,60,128,-68
109000361,126,143,-17
109000364,118,240,-122
109000396,0,206,-206
109000397,525,11,514
109000399,151,221,-70
109000400,56,108,-52
109000403,73,1149,-1076
109000406,298,4,294
109000407,230,78,152
109000408,1,271,-270
109000410,684,149,535
109000411,176,18,158
109900001,122,2,120
109900002,879,11,868
109900003,220,1,219
109900004,53,9,44
109900005,34,6,28
109900006,335,84,251
109900007,879,214,665
109900008,0,18,-18
109900009,90,181,-91
109900010,501,13,488
109900011,86,44,42
109900012,183,134,49
109900013,216,73,143
109900014,412,56,356
109900015,270,197,73
109900016,143,6,137
109900017,130,172,-42
109900018,167,14,153
109900019,238,38,200
109900020,48,42,6
109900021,26,12,14
109900022,147,148,-1
109900023,20,5,15
109900024,24,5,19
109900025,17,32,-15
109900026,2,12,-10
109900027,33,32,1
109900028,416,1180,-764
109900029,3,113,-110
109900030,46,5,41
109900031,0,134,-134
109900032,5,134,-129
109900033,4,249,-245
109900034,63,2,61
109900035,6,21,-15
109900036,32,17,15
109900037,19,231,-212
109900038,128,137,-9
109900039,10,0,10
109900040,28,242,-214
109900041,34,204,-170
109900042,13,374,-361
109900044,96,131,-35
109900045,116,200,-84
109900046,80,53,27
109900047,110,163,-53
109900048,2,38,-36
109900049,13,36,-23
109900050,0,61,-61
109900051,0,19,-19
109900052,37,119,-82
109900053,1,93,-92
109900054,632,113,519
109900055,45,125,-80
109900056,17,211,-194
109900057,4,67,-63
109900058,0,59,-59
109900059,53,5,48
109900060,515,80,435
109900061,30,124,-94
109900062,1,79,-78
109900063,0,24,-24
109900064,570,125,445
109900065,50,88,-38
109900066,259,302,-43
109900067,1,66,-65
109900068,67,4,63
109900069,2,33,-31
109900070,0,15,-15
109900071,0,18,-18
109900072,9,80,-71
109900073,361,125,236
109900074,11,25,-14
109900075,20,18,2
109900076,30,115,-85
109900077,36,27,9
109900078,66,113,-47
109900080,81,114,-33
109900081,11,191,-180
109900082,39,120,-81
109900083,38,32,6
109900084,56,58,-2
109900085,136,223,-87
109900086,108,517,-409
109900087,175,245,-70
109900089,576,165,411
109900090,25,62,-37
109900091,24,3,21
109900092,239,18,221
109900093,884,104,780
109900094,100,70,30
109900095,57,108,-51
109900096,56,25,31
109900097,99,1,98
109900098,468,28,440
109900099,262,0,262
109900100,95,1,94
109900101,481,11,470
109900102,344,25,319
109900103,17,27,-10
109900104,604,211,393
109900105,504,15,489
109900106,267,20,247
109900107,421,41,380
109900108,108,70,38
109900109,33,42,-9
109900110,5,15,-10
109900111,108,268,-160
109900112,18,22,-4
109900113,60,42,18
109900114,824,1042,-218
109900115,154,33,121
109900117,822,84,738
109900118,7,28,-21
109900119,41,32,9
109900120,7,3,4
109900121,186,398,-212
109900122,38,0,38
109900123,13,62,-49
109900124,1,13,-12
109900125,0,115,-115
109900126,264,39,225
109900128,26,3,23
109900130,2400,2335,65
109900131,41,112,-71
109900132,39,103,-64
109900133,10,11,-1
109900134,41,81,-40
109900135,150,37,113
109900136,2,4,-2
109900137,102,128,-26
109900140,113,62,51
109900142,132,19,113
109900145,1,51,-50
109900146,31,3,28
109900148,3,8,-5
109900149,63,59,4
109900150,15,47,-32
109900151,29,21,8
109900152,4,45,-41
109900153,0,65,-65
109900154,42,0,42
109900155,73,20,53
109900157,43,120,-77
109900158,4,11,-7
109900159,134,26,108
109900160,16,10,6
109900161,176,62,114
109900162,206,114,92
109900163,258,182,76
109900164,38,124,-86
109900165,200,3,197
109900166,4,77,-73
109900167,120,197,-77
109900168,203,330,-127
109900169,164,68,96
109900170,142,755,-613
109900171,166,75,91
109900172,122,171,-49
109900173,1018,1744,-726
109900174,57,63,-6
109900175,67,45,22
109900176,60,43,17
109900177,37,65,-28
109900178,8,102,-94
109900179,32,11,21
109900180,15,10,5
110000001,526,334,192
110000002,467,654,-187
110000003,531,539,-8
110000004,331,546,-215
110000005,240,1316,-1076
110000006,241,272,-31
110000007,67,77,-10
110000008,19,60,-41
110000009,14,22,-8
110000010,33,53,-20
110000011,18,28,-10
110000012,357,191,166
110000013,29,478,-449
110000014,348,252,96
110000015,153,352,-199
110000016,158,1164,-1006
110000017,1609,138,1471
110000018,1286,190,1096
110000019,2,50,-48
110000020,405,160,245
110000021,215,262,-47
110000022,479,86,393
110000023,9,62,-53
110000024,318,220,98
110000025,412,8,404
110000026,7,161,-154
110000027,747,867,-120
110000028,801,402,399
110000029,282,388,-106
110000030,220,226,-6
110000031,202,197,5
110000032,549,165,384
110000033,246,178,68
110000034,327,271,56
110000035,422,362,60
110000036,706,193,513
110000037,127,221,-94
110000038,196,369,-173
110000039,649,2430,-1781
110000040,206,163,43
110000041,276,1283,-1007
110000042,75,223,-148
110000043,389,216,173
110000044,24,271,-247
110000045,133,72,61
110000046,1,29,-28
110000047,12,27,-15
110000048,4,21,-17
110000049,24,8,16
110000050,2,23,-21
110000051,43,6,37
110000052,30,28,2
110000053,15,5,10
110000054,56,229,-173
110000055,147,43,104
110000056,70,55,15
110000057,284,351,-67
110000058,533,229,304
110000059,608,327,281
110000060,998,761,237
110000061,422,441,-19
110000062,457,632,-175
110000063,27,122,-95
110000064,16,25,-9
110000065,78,70,8
110000066,76,15,61
110000067,43,88,-45
110000068,189,70,119
110000069,309,41,268
110000071,204,40,164
110000073,35,3,32
110000075,5,27,-22
110000076,180,257,-77
110000077,171,635,-464
110000078,64,11,53
110000080,202,303,-101
110000081,31,173,-142
110000082,31,283,-252
110000083,187,390,-203
110000084,1106,707,399
110000085,738,917,-179
110000086,815,1687,-872
110000087,30,41,-11
110000088,103,89,14
110000089,232,55,177
110000090,40,106,-66
110000091,510,150,360
110000092,13,36,-23
110000093,32,7,25
110000094,332,129,203
110000095,109,485,-376
110000096,1001,1388,-387
110000097,798,1167,-369
110000098,1312,462,850
110000099,527,1000,-473
110000100,781,207,574
110000101,21,97,-76
110000102,67,46,21
110000104,292,129,163
110000105,27,172,-145
110000106,416,447,-31
110000107,191,215,-24
110000108,101,80,21
110000109,142,180,-38
110000110,1128,2134,-1006
110000111,2188,1969,219
110000112,390,808,-418
110000113,102,1543,-1441
110000114,202,453,-251
110000115,277,135,142
110000116,31,32,-1
110000117,183,131,52
110000118,304,74,230
110000119,245,142,103
110000120,232,105,127
110000121,111,252,-141
110000122,248,337,-89
110000123,515,429,86
110000124,1,532,-531
110000125,659,6,653
110000126,204,19,185
110000127,896,39,857
110000128,23,603,-580
110000129,8,298,-290
110000130,234,143,91
110000131,72,291,-219
110000132,0,310,-310
110000133,24,224,-200
110000134,9,243,-234
110000135,135,24,111
110000136,31,201,-170
110000137,472,312,160
110000138,571,300,271
110000139,668,390,278
110000140,685,574,111
110000143,360,289,71
110000144,3048,1628,1420
110000145,1635,1052,583
110000146,969,380,589
110000147,353,429,-76
110000148,350,107,243
110000151,518,792,-274
110000152,458,351,107
110000153,108,10,98
110000154,9,22,-13
110000155,700,2617,-1917
110000156,992,2062,-1070
110000157,1287,1766,-479
110000160,218,137,81
110000161,109,91,18
110000166,383,28,355
110000167,570,458,112
110000168,747,365,382
110000169,746,299,447
110000170,175,37,138
110000171,430,89,341
110000172,129,392,-263
110000173,675,640,35
110000174,92,456,-364
110000175,539,25,514
110000176,55,292,-237
110000177,120,698,-578
110000178,250,1134,-884
110000179,541,178,363
110000180,172,139,33
110000181,461,217,244
110000182,187,73,114
110000183,3718,4719,-1001
110000184,228,1661,-1433
110000185,390,447,-57
110000186,415,496,-81
110000191,1036,148,888
110000192,552,10,542
110000193,834,7,827
110000194,9,407,-398
110000195,437,132,305
110000196,363,107,256
110000197,100,65,35
110000198,79,21,58
110000199,36,76,-40
110000200,510,230,280
110000201,541,755,-214
110000202,861,417,444
110000203,389,322,67
110000204,5,100,-95
110000205,144,29,115
110000206,420,534,-114
110000207,1048,224,824
110000208,145,155,-10
110000209,83,395,-312
110000210,1160,213,947
110000211,651,370,281
110000212,321,713,-392
110000213,269,26,243
110000214,285,32,253
110000215,137,100,37
110000216,91,105,-14
110000217,346,72,274
110000218,164,127,37
110000219,356,31,325
110000220,45,95,-50
110000221,323,30,293
110000222,61,103,-42
110000223,6,72,-66
110000224,15,6,9
110000225,191,411,-220
110000226,250,35,215
110000227,490,514,-24
110000228,139,76,63
110000229,2,136,-134
110000230,346,311,35
110000231,150,169,-19
110000232,109,98,11
110000233,130,118,12
110000234,341,594,-253
110000235,585,632,-47
110000236,412,281,131
110000237,1442,719,723
110000238,712,787,-75
110000239,1390,705,685
110000240,2,28,-26
110000242,0,9,-9
110000243,110,48,62
110000244,127,167,-40
110000245,25,201,-176
110000246,452,243,209
110000247,589,1837,-1248
110000248,880,720,160
110000249,58,9,49
110000250,8,53,-45
110000251,162,162,0
110000252,153,103,50
110000253,902,298,604
110000254,299,394,-95
110000255,94,399,-305
110000256,334,147,187
110000257,336,224,112
110000258,1,127,-126
110000259,75,26,49
110000260,19,83,-64
110000263,252,48,204
110000264,305,157,148
110000265,734,1016,-282
110000266,869,1302,-433
110000267,12,90,-78
110000268,184,270,-86
110000269,1,38,-37
110000270,56,3,53
110000271,693,138,555
110000272,817,611,206
110000273,1104,798,306
110000274,123,1199,-1076
110000275,866,338,528
110000276,261,205,56
110000277,260,216,44
110000278,239,384,-145
110000279,623,437,186
110000280,381,240,141
110000281,55,136,-81
110000282,111,15,96
110000283,21,49,-28
110000284,13,30,-17
110000285,2,258,-256
110000286,5,0,5
110000287,46,1,45
110000288,2,31,-29
110000289,360,1662,-1302
110000290,450,372,78
110000291,1831,738,1093
110000292,818,3193,-2375
110000293,469,320,149
110000294,918,659,259
110000295,75,311,-236
110000296,277,199,78
110000297,1295,164,1131
110000298,86,264,-178
110000299,80,60,20
110000301,207,25,182
110000302,268,430,-162
110000303,346,8,338
110000304,149,119,30
110000305,847,5,842
110000306,122,385,-263
110000307,1264,6,1258
110000308,332,2,330
110000309,6,323,-317
110000310,476,31,445
110000311,8,289,-281
110000312,291,44,247
110000313,1091,1425,-334
110000314,0,91,-91
110000315,1569,1557,12
110000316,343,776,-433
110000317,128,575,-447
110000318,6,19,-13
110000319,11,5,6
110000320,27,27,0
110000321,5,13,-8
110000322,196,119,77
110000323,275,101,174
110000324,1634,1143,491
110000325,1336,2267,-931
110000327,192,155,37
110000328,111,194,-83
110000333,718,486,232
110000334,400,697,-297
110000335,520,253,267
110000336,459,516,-57
110000337,1229,314,915
110000338,384,134,250
110000339,265,123,142
110000340,27,116,-89
110000341,264,284,-20
110000342,70,1,69
110000343,0,9,-9
110000344,44,162,-118
110000345,83,188,-105
110000346,1224,1105,119
110000347,905,499,406
110000348,8,15,-7
110000349,4,11,-7
110000350,29,5,24
110000351,806,461,345
110000352,561,1006,-445
110000353,1333,334,999
110000354,615,2145,-1530
110000355,87,43,44
110000356,581,13,568
110000357,269,17,252
110000361,18,33,-15
110000362,67,7,60
110000363,553,50,503
110000364,167,144,23
110000365,91,2,89
110000366,1,80,-79
110000367,257,92,165
110000368,3,30,-27
110000369,71,4,67
110000373,1,128,-127
110000374,35,12,23
110000375,40,548,-508
110000376,20,44,-24
110000377,61,325,-264
110000378,14,275,-261
110000379,1503,1583,-80
110000380,44,5,39
110000383,2,951,-949
110000384,596,623,-27
110000385,0,77,-77
110000387,61,5,56
110000388,27,95,-68
110000389,604,5,599
110000391,571,113,458
110000396,123,58,65
110000397,149,51,98
110000398,6,18,-12
110000399,83,0,83
110000587,113,72,41
110000589,175,89,86
110000640,171,34,137
110000652,1,129,-128
110000653,252,161,91
110000654,23,1187,-1164
110000656,1,190,-189
110000674,14,6,8
110000675,3,14,-11
110000676,0,23,-23
110000679,126,864,-738
110000682,69,137,-68
110000683,133,226,-93
110000684,0,16,-16
110000685,3,3,0
110000686,3,15,-12
110000687,9,4,5
110000688,33,908,-875
110000689,18,13,5
110000692,14,111,-97
110000693,23,194,-171
110000694,1,64,-63
110000695,103,277,-174
110000696,41,39,2
110900001,112,12,100
110900002,284,107,177
110900003,664,160,504
110900004,333,45,288
110900005,954,1870,-916
110900006,45,12,33
110900007,76,36,40
110900008,4,29,-25
110900009,286,111,175
110900010,12,28,-16
110900011,20,51,-31
110900012,34,49,-15
110900013,765,54,711
110900014,138,7,131
110900015,194,473,-279
110900016,60,95,-35
110900017,363,38,325
110900018,324,37,287
110900019,209,7,202
110900020,89,76,13
110900021,67,138,-71
110900022,49,85,-36
110900023,43,316,-273
110900024,35,99,-64
110900025,1,35,-34
110900027,17,114,-97
110900028,19,63,-44
110900029,9,113,-104
110900030,35,115,-80
110900031,104,87,17
110900032,0,38,-38
110900033,22,78,-56
110900035,11,323,-312
110900036,106,9,97
110900037,73,7,66
110900038,317,117,200
110900039,2,187,-185
110900040,152,10,142
110900041,33,38,-5
110900042,106,44,62
110900043,2,29,-27
110900044,173,24,149
110900045,42,123,-81
110900046,7,73,-66
110900047,240,240,0
110900049,64,70,-6
110900050,25,4,21
110900051,30,126,-96
110900052,0,90,-90
110900053,83,6,77
110900054,18,66,-48
110900055,15,0,15
110900056,30,68,-38
110900057,2,74,-72
110900058,171,95,76
110900059,314,152,162
110900060,343,83,260
110900061,10,27,-17
110900062,136,77,59
110900063,28,53,-25
110900064,22,0,22
110900065,109,96,13
110900066,6,55,-49
110900067,120,403,-283
110900068,129,113,16
110900069,11,17,-6
110900070,80,43,37
110900071,185,526,-341
110900073,0,18,-18
110900074,376,79,297
110900075,329,29,300
110900077,684,259,425
110900078,51,15,36
110900079,1226,1010,216
110900080,149,36,113
110900081,8,13,-5
110900082,103,37,66
110900083,78,33,45
110900084,54,18,36
110900085,43,125,-82
110900086,69,278,-209
110900087,222,48,174
110900088,8,0,8
110900090,29,39,-10
110900091,4,22,-18
110900093,138,54,84
110900095,52,20,32
110900097,9,18,-9
110900098,14,47,-33
110900099,23,226,-203
110900100,1,14,-13
110900102,62,5,57
110900105,648,96,552
110900108,11,37,-26
110900111,333,60,273
110900112,549,15,534
110900113,151,27,124
110900115,10,26,-16
110900116,736,575,161
110900118,53,2449,-2396
110900119,1009,118,891
110900120,24,30,-6
110900121,118,0,118
110900122,296,122,174
110900125,292,292,0
110900127,307,1068,-761
110900128,291,481,-190
110900129,207,665,-458
110900130,443,506,-63
110900131,133,17,116
110900132,359,34,325
110900133,34,65,-31
110900135,15,79,-64
110900136,364,16,348
110900138,0,2,-2
110900139,15,0,15
110900140,0,0,0
110900141,249,321,-72
110900142,46,64,-18
110900143,141,56,85
110900144,0,263,-263
110900145,133,52,81
110900146,149,159,-10
110900147,46,147,-101
110900148,4,125,-121
110900149,2,32,-30
110900150,28,6,22
110900151,1,26,-25
110900152,23,77,-54
110900153,151,31,120
111000001,534,323,211
111000002,505,405,100
111000003,1301,588,713
111000004,415,540,-125
111000005,1173,919,254
111000006,680,1255,-575
111000007,2668,2479,189
111000008,1339,1920,-581
111000009,295,556,-261
111000010,727,217,510
111000011,242,792,-550
111000012,493,268,225
111000013,348,783,-435
111000014,1185,470,715
111000017,193,739,-546
111000018,197,281,-84
111000020,782,1102,-320
111000021,43,52,-9
111000023,87,47,40
111000025,4822,2515,2307
111000029,44,77,-33
111000030,27,58,-31
111000031,1475,671,804
111000032,408,244,164
111000033,140,220,-80
111000034,75,211,-136
111000037,597,228,369
111000038,1944,1022,922
111000039,1265,1199,66
111000040,1083,1331,-248
111000041,752,787,-35
111000042,1338,1359,-21
111000043,1428,2806,-1378
111000044,1396,945,451
111000045,2155,1852,303
111000046,1285,1332,-47
111000047,2175,3480,-1305
111000049,351,290,61
111000050,807,661,146
111000051,413,463,-50
111000052,379,823,-444
111000053,307,523,-216
111000054,247,471,-224
111000055,885,905,-20
111000056,161,255,-94
111000057,90,319,-229
111000058,472,64,408
111000059,414,229,185
111000060,2961,647,2314
111000061,445,237,208
111000062,714,251,463
111000063,1353,649,704
111000064,739,366,373
111000065,1159,613,546
111000066,504,298,206
111000067,414,345,69
111000068,520,664,-144
111000069,1177,1073,104
111000070,622,571,51
111000071,188,336,-148
111000072,1339,463,876
111000073,255,1026,-771
111000074,1192,1307,-115
111000075,848,458,390
111000076,474,441,33
111000077,1325,1372,-47
111000078,2150,1016,1134
111000079,765,408,357
111000080,483,384,99
111000081,970,2626,-1656
111000082,602,299,303
111000084,660,299,361
111000085,690,670,20
111000086,1235,562,673
111000087,533,317,216
111000088,2406,1883,523
111000089,568,421,147
111000090,484,781,-297
111000091,529,237,292
111000092,1178,482,696
111000093,570,760,-190
111000094,1354,740,614
111000095,511,1623,-1112
111000096,725,5431,-4706
111000097,3259,1172,2087
111000098,690,581,109
111000099,357,864,-507
111000100,287,701,-414
111000101,287,456,-169
111000102,162,280,-118
111000104,546,68,478
111000107,72,458,-386
111000109,590,145,445
111000110,1175,427,748
111000111,2186,293,1893
111000112,1640,463,1177
111000113,713,1444,-731
111000114,1647,2657,-1010
111000115,2519,715,1804
111000116,749,574,175
111000117,300,524,-224
111000118,776,444,332
111000119,948,500,448
111000120,491,399,92
111000121,267,501,-234
111000122,498,724,-226
111000123,783,1129,-346
111000124,376,1039,-663
111000125,204,549,-345
111000126,82,389,-307
111000127,986,94,892
111000128,1912,224,1688
111000129,2560,283,2277
111000130,2077,375,1702
111000131,1774,369,1405
111000132,1576,782,794
111000133,205,78,127
111000134,122,61,61
111000135,63,106,-43
111000136,268,211,57
111000138,20,7,13
111000140,1,1,0
111000141,128,389,-261
111000142,18,354,-336
111000143,1,577,-576
111000144,73,2906,-2833
111000145,254,11,243
111000146,147,16,131
111000147,140,17,123
111000148,117,75,42
111000149,2,18,-16
111000150,38,3,35
111000151,5,9,-4
111000153,394,583,-189
111000154,422,191,231
111000155,83,133,-50
111000156,499,437,62
111000157,183,707,-524
111000158,597,551,46
111000159,2774,844,1930
111000160,441,417,24
111000161,30,454,-424
111000162,36,108,-72
111000163,621,458,163
111000164,444,1721,-1277
111000165,530,242,288
111000166,804,241,563
111000167,109,179,-70
111000168,214,322,-108
111000169,221,437,-216
111000170,218,271,-53
111000171,332,303,29
111000172,150,206,-56
111000173,356,430,-74
111000174,199,125,74
111000175,29,147,-118
111000176,243,56,187
111000177,420,90,330
111000178,1299,161,1138
111000179,321,69,252
111000180,270,264,6
111000181,1299,137,1162
111000182,179,153,26
111000183,221,215,6
111000184,324,150,174
111000185,272,204,68
111000186,214,116,98
111000187,122,84,38
111000188,227,241,-14
111000189,465,368,97
111000190,136,184,-48
111000191,120,129,-9
111000192,107,226,-119
111000193,264,134,130
111000194,51,142,-91
111000195,125,161,-36
111000196,65,78,-13
111000197,488,77,411
111000198,512,66,446
111000199,250,95,155
111000200,480,220,260
111000201,640,132,508
111000202,216,161,55
111000203,350,227,123
111000204,352,1237,-885
111000213,146,365,-219
111000214,1068,723,345
111000215,939,707,232
111000217,1340,526,814
111000218,979,669,310
111000219,297,146,151
111000220,576,338,238
111000221,346,50,296
111000224,35,178,-143
111000225,279,224,55
111000226,51,11,40
111000227,23,2,21
111000228,21,335,-314
111000229,30,765,-735
111000230,155,131,24
111000231,837,239,598
111000232,503,430,73
111000233,802,374,428
111000234,152,357,-205
111000239,58,82,-24
111000240,61,166,-105
111000241,51,189,-138
111000242,184,53,131
111000243,108,201,-93
111000244,520,51,469
111000245,811,206,605
111000246,489,142,347
111000247,363,337,26
111000248,605,270,335
111000249,409,235,174
111000250,47,39,8
111000251,37,48,-11
111000253,9,14,-5
111000255,48,2,46
111000257,88,18,70
111000260,77,767,-690
111000261,1060,43,1017
111000271,37,144,-107
111000273,1607,600,1007
111000274,1078,1598,-520
111000275,121,33,88
111000276,243,709,-466
111000277,156,138,18
111000278,473,168,305
111000291,964,6014,-5050
111000298,484,123,361
111000299,528,88,440
111000300,68,302,-234
111000302,254,73,181
111000303,59,111,-52
111000312,32,45,-13
111000315,5,65,-60
111000320,158,314,-156
111000321,307,122,185
111000322,312,204,108
111000323,286,18,268
111000324,295,138,157
111000325,61,51,10
111000326,197,164,33
111000327,237,211,26
111000328,284,294,-10
111000329,1,21,-20
111000330,67,8,59
111000331,7,7,0
111000332,379,848,-469
111000334,219,622,-403
111000335,830,139,691
111000337,1127,175,952
111000338,53,56,-3
111000339,480,91,389
111000340,83,266,-183
111000341,1186,484,702
111000342,81,1521,-1440
111000344,803,418,385
111000345,107,134,-27
111000346,51,325,-274
111000347,77,5,72
111000350,119,66,53
111000351,118,213,-95
111000352,197,51,146
111000353,128,127,1
111000354,349,57,292
111000355,161,279,-118
111000358,124,390,-266
111000360,182,200,-18
111000361,180,101,79
111000546,430,296,134
111000547,313,188,125
111000548,119,219,-100
111000549,279,123,156
111000550,67,606,-539
111000551,454,132,322
111000552,447,210,237
111000907,406,8,398
111000908,28,3,25
111000916,1422,143,1279
111000917,19,231,-212
111000918,206,284,-78
111000920,535,12,523
111000921,9,102,-93
111000922,436,105,331
111000924,15,282,-267
111000925,2797,1483,1314
111000926,885,944,-59
111000927,2114,3309,-1195
111000928,3246,1435,1811
111000929,1369,1023,346
111000930,600,1146,-546
111000931,1857,2060,-203
111000932,2728,1160,1568
111000933,2491,1980,511
111000934,1356,1690,-334
111000935,1511,672,839
111000936,919,1088,-169
111000937,1069,933,136
111000938,979,692,287
111000939,491,26,465
111000940,365,39,326
111000941,283,143,140
111000943,578,181,397
111000944,161,152,9
111000945,70,720,-650
111001109,459,436,23
111001110,163,260,-97
111001111,69,6,63
111001112,62,1,61
111001113,1,75,-74
111001114,338,154,184
111001115,22,782,-760
111001116,1892,3011,-1119
111001117,271,1703,-1432
111001120,82,117,-35
111001121,127,137,-10
111001122,212,200,12
111001123,378,75,303
111001124,125,58,67
111001125,2,153,-151
111001126,7,2,5
111001127,0,17,-17
111001128,351,295,56
111900001,16,107,-91
111900002,4,200,-196
111900003,1,136,-135
111900004,15,37,-22
111900006,13,48,-35
111900007,105,3,102
111900008,172,3,169
111900009,123,0,123
111900010,192,233,-41
111900012,35,53,-18
111900013,11,24,-13
111900014,1966,4292,-2326
111900015,0,34,-34
111900016,1,27,-26
111900017,1,27,-26
111900018,159,3,156
111900019,2,42,-40
111900020,2,15,-13
111900021,26,69,-43
111900022,10,24,-14
111900023,36,41,-5
111900024,31,38,-7
111900025,0,14,-14
111900026,0,42,-42
111900027,1,73,-72
111900028,1,132,-131
111900029,1,17,-16
111900030,15,184,-169
111900031,7,8,-1
111900032,0,102,-102
111900033,5,26,-21
111900034,143,204,-61
111900035,114,110,4
111900036,0,105,-105
111900038,113,234,-121
111900039,49,188,-139
111900040,2,175,-173
111900042,6,120,-114
111900043,0,105,-105
111900044,149,100,49
111900046,24,72,-48
111900048,330,260,70
111900049,15,115,-100
111900050,61,20,41
111900051,3,112,-109
111900052,215,209,6
111900053,406,1315,-909
111900054,115,7,108
111900055,11,144,-133
111900056,106,281,-175
111900057,65,19,46
111900058,476,206,270
111900059,803,634,169
111900060,224,1,223
111900061,6,49,-43
111900062,42,56,-14
111900063,301,337,-36
111900064,68,133,-65
111900065,109,12,97
111900066,130,111,19
111900067,1,195,-194
111900068,85,61,24
111900069,68,14,54
111900070,187,47,140
111900071,1,92,-91
111900072,45,26,19
111900073,743,153,590
111900074,19,115,-96
111900075,77,5,72
111900076,182,67,115
111900077,27,1,26
111900078,262,38,224
111900079,46,39,7
111900080,117,248,-131
111900082,173,53,120
111900083,183,32,151
111900084,139,5,134
111900085,27,100,-73
111900086,56,5,51
111900087,62,1,61
111900088,664,14,650
111900089,131,4,127
111900090,43,34,9
111900091,451,2,449
111900092,117,2,115
111900093,510,11,499
111900094,145,0,145
111900095,296,27,269
111900096,218,5,213
111900097,73,0,73
111900098,287,5,282
111900099,52,0,52
111900100,175,0,175
111900101,114,29,85
111900102,508,234,274
111900103,33,61,-28
111900104,97,35,62
111900105,160,169,-9
111900106,312,32,280
111900110,773,193,580
111900111,166,54,112
111900112,247,2750,-2503
111900113,110,79,31
111900118,378,82,296
111900119,275,154,121
111900122,74,103,-29
111900123,38,11,27
111900124,16,36,-20
111900125,455,35,420
111900126,249,2,247
111900127,3,206,-203
111900128,4,175,-171
111900129,243,12,231
111900130,134,18,116
111900131,554,0,554
111900132,10,337,-327
111900133,4,135,-131
111900134,5,82,-77
111900135,11,38,-27
111900136,71,127,-56
111900137,36,25,11
111900138,16,56,-40
111900139,10,59,-49
111900140,153,34,119
111900141,100,5,95
111900142,113,50,63
111900143,56,68,-12
111900144,12,32,-20
111900145,0,131,-131
111900146,0,78,-78
111900147,51,145,-94
111900148,11,218,-207
111900149,3,138,-135
111900150,10,78,-68
111900151,8,17,-9
111900152,61,63,-2
111900153,519,670,-151
111900154,12,389,-377
111900155,42,73,-31
111900156,61,77,-16
111900157,166,25,141
111900158,431,83,348
111900159,346,14,332
111900160,309,2,307
111900161,318,4,314
111900162,57,164,-107
111900163,16,113,-97
111900164,82,51,31
111901113,448,95,353
111901114,211,111,100
111901115,102,4,98
111901116,53,1,52
111901117,21,38,-17
111901118,20,264,-244
111901119,198,38,160
111901121,62,72,-10
111901122,4,192,-188
111901123,225,126,99
111901124,231,2,229
111901125,507,213,294
111901127,185,393,-208
111901128,7,40,-33
111901129,1,40,-39
111901130,9,42,-33
111901131,2,109,-107
111901132,140,47,93
111901133,60,1,59
111901134,74,2,72
111901135,36,17,19
111901136,6,52,-46
111901138,167,30,137
111901139,22,16,6
111901140,4,43,-39
111901141,3,44,-41
111901142,1,58,-57
111901143,0,67,-67
111901144,33,38,-5
111901145,92,255,-163
111901146,152,17,135
111901147,176,292,-116
111901148,8,63,-55
111901149,22,4,18
111901150,22,0,22
111901151,0,0,0
112000001,1498,472,1026
112000002,460,1221,-761
112000003,1304,832,472
112000004,428,285,143
112000005,2943,3349,-406
112000006,1244,774,470
112000007,3015,2131,884
112000008,1731,3283,-1552
112000009,1863,1112,751
112000010,2181,3285,-1104
112000011,1021,696,325
112000012,2536,4036,-1500
112000013,1869,2230,-361
112000014,1354,2404,-1050
112000015,2055,2278,-223
112000016,1773,1906,-133
112000017,684,2284,-1600
112000024,1451,500,951
112000026,1497,1732,-235
112000027,497,499,-2
112000028,591,701,-110
112000029,474,538,-64
112000030,151,21,130
112000031,858,3034,-2176
112000032,123,29,94
112000033,1196,2139,-943
112000034,159,23,136
112000035,35,375,-340
112000036,248,677,-429
112000037,436,648,-212
112000038,791,1048,-257
112000039,92,30,62
112000040,35,130,-95
112000041,230,274,-44
112000042,576,290,286
112000050,1013,899,114
112000051,878,1441,-563
112000054,911,871,40
112000057,325,232,93
112000058,143,261,-118
112000059,288,332,-44
112000061,1411,734,677
112000062,693,721,-28
112000063,278,1547,-1269
112000064,1851,2300,-449
112000065,904,1398,-494
112000066,2351,1218,1133
112000067,426,300,126
112000068,2365,2228,137
112000069,368,1001,-633
112000070,1179,549,630
112000071,649,1399,-750
112000072,2054,582,1472
112000073,1082,1348,-266
112000074,1152,784,368
112000075,1184,884,300
112000076,2298,1665,633
112000077,814,283,531
112000078,1382,335,1047
112000079,1237,806,431
112000080,574,424,150
112000081,978,1468,-490
112000082,870,497,373
112000083,408,752,-344
112000084,881,551,330
112000085,1117,535,582
112000086,1265,551,714
112000087,493,355,138
112000088,728,191,537
112000089,246,224,22
112000090,211,146,65
112000091,452,452,0
112000092,1791,872,919
112000093,1296,513,783
112000094,590,625,-35
112000095,641,518,123
112000096,499,403,96
112000097,1119,523,596
112000098,519,304,215
112000099,550,1453,-903
112000100,1665,528,1137
112000101,443,398,45
112000102,1257,402,855
112000103,297,378,-81
112000105,466,578,-112
112000106,1641,281,1360
112000107,112,108,4
112000108,310,681,-371
112000109,169,76,93
112000110,1476,529,947
112000111,424,1298,-874
112000112,1696,392,1304
112000113,459,782,-323
112000114,1570,611,959
112000115,277,179,98
112000116,416,402,14
112000117,904,479,425
112000118,691,482,209
112000119,320,382,-62
112000120,56,236,-180
112000121,131,235,-104
112000122,337,76,261
112000123,807,123,684
112000124,448,52,396
112000125,256,211,45
112000126,356,188,168
112000127,992,1825,-833
112000128,259,321,-62
112000129,109,74,35
112000130,221,64,157
112000131,67,120,-53
112000132,173,146,27
112000133,319,101,218
112000134,429,209,220
112000135,836,424,412
112000136,525,650,-125
112000137,1086,1006,80
112000138,652,558,94
112000139,512,526,-14
112000140,374,592,-218
112000141,793,348,445
112000142,148,263,-115
112000143,997,175,822
112000144,224,516,-292
112000145,2118,405,1713
112000146,477,869,-392
112000147,2131,1407,724
112000148,1127,1025,102
112000149,354,258,96
112000150,223,265,-42
112000151,320,139,181
112000152,509,249,260
112000153,67,152,-85
112000154,115,155,-40
112000155,126,106,20
112000157,314,483,-169
112000158,218,195,23
112000159,486,199,287
112000167,269,97,172
112000169,187,319,-132
112000173,701,118,583
112000175,352,176,176
112000176,828,1041,-213
112000177,554,172,382
112000178,55,146,-91
112000179,236,57,179
112000180,191,212,-21
112000181,987,828,159
112000182,1236,501,735
112000183,31,19,12
112000184,469,133,336
112000185,622,287,335
112000187,2649,1711,938
112000195,105,13,92
112000196,138,0,138
112000197,87,140,-53
112000198,26,258,-232
112000199,531,537,-6
112000202,385,0,385
112000216,36,183,-147
112000230,85,5,80
112000231,0,98,-98
112000256,64,218,-154
112000313,28,46,-18
112000314,44,42,2
112000337,154,387,-233
112000352,128,251,-123
112000392,1026,661,365
112000398,1351,644,707
112000399,887,2553,-1666
112000400,1008,908,100
112000401,1715,1062,653
112000402,2921,3390,-469
112000403,1127,3373,-2246
112000404,917,781,136
112000405,1921,2395,-474
112000406,1678,920,758
112000407,7062,6468,594
112000408,3894,2488,1406
112000409,1157,1931,-774
112000410,257,346,-89
112000411,1835,1446,389
112000412,905,491,414
112000413,3394,5771,-2377
112000414,82,47,35
112000415,91,27,64
112000416,2211,1032,1179
112000417,246,62,184
112000421,85,35,50
112000422,301,141,160
112000424,887,2346,-1459
112000425,315,363,-48
112000426,143,209,-66
112000427,0,17,-17
112000428,242,168,74
112000429,1308,1255,53
112000430,1763,1910,-147
112000431,84,102,-18
112000432,380,430,-50
112000433,152,286,-134
112000437,52,88,-36
112900001,94,2,92
112900002,501,322,179
112900003,78,160,-82
112900004,31,109,-78
112900005,221,90,131
112900007,61,135,-74
112900008,0,59,-59
112900009,302,114,188
112900010,448,440,8
112900011,77,87,-10
112900012,0,33,-33
112900013,0,67,-67
112900014,9,83,-74
112900015,207,375,-168
112900016,2,174,-172
112900017,26,72,-46
112900018,335,266,69
112900019,20,93,-73
112900020,214,558,-344
112900021,1,87,-86
112900022,12,30,-18
112900023,3,50,-47
112900024,15,115,-100
112900025,67,110,-43
112900026,4,82,-78
112900027,3,406,-403
112900028,22,83,-61
112900029,17,220,-203
112900030,67,56,11
112900031,0,192,-192
112900032,159,179,-20
112900034,1,15,-14
112900035,0,145,-145
112900036,12,93,-81
112900037,116,209,-93
112900038,548,84,464
112900039,9,161,-152
112900040,7,273,-266
112900041,225,700,-475
112900042,68,160,-92
112900043,53,34,19
112900044,254,202,52
112900045,109,158,-49
112900046,82,29,53
112900047,3,19,-16
112900049,301,36,265
112900050,11,312,-301
112900051,154,255,-101
112900052,14,301,-287
112900053,108,79,29
112900054,119,48,71
112900055,52,19,33
112900056,262,173,89
112900057,17,282,-265
112900058,219,264,-45
112900059,121,142,-21
112900060,30,92,-62
112900061,89,81,8
112900062,74,75,-1
112900063,64,19,45
112900064,78,119,-41
112900065,25,31,-6
112900066,149,185,-36
112900067,217,88,129
112900068,31,22,9
112900069,1009,683,326
112900071,51,10,41
112900072,62,1999,-1937
112900073,322,134,188
112900074,53,239,-186
112900075,511,830,-319
112900076,31,31,0
112900078,255,427,-172
112900079,199,33,166
112900080,96,5,91
112900081,69,219,-150
112900082,626,37,589
112900083,138,125,13
112900084,220,102,118
112900086,90,1,89
112900087,690,116,574
112900088,164,9,155
112900089,763,35,728
112900090,117,78,39
112900091,292,6,286
112900092,61,463,-402
112900093,771,24,747
112900095,63,1,62
112900096,505,132,373
112900097,61,103,-42
112900098,82,3,79
112900099,825,13,812
112900100,71,4,67
112900101,321,4,317
112900102,99,23,76
112900103,161,5,156
112900104,470,5,465
112900105,32,0,32
112900106,298,87,211
112900107,4,2,2
112900108,11,0,11
112900109,156,0,156
112900110,1339,42,1297
112900111,684,5,679
112900112,340,0,340
112900113,0,3,-3
112900114,222,4,218
112900115,1491,4,1487
112900116,124,44,80
112900117,53,17,36
112900118,18,61,-43
112900119,162,5,157
112900120,423,182,241
112900121,35,60,-25
112900122,8,45,-37
112900123,77,13,64
112900124,11,49,-38
112900125,19,191,-172
112900126,132,91,41
112900127,356,108,248
112900128,58,319,-261
112900129,1,258,-257
112900130,148,61,87
112900131,21,158,-137
112900132,50,267,-217
112900133,30,582,-552
112900134,2,109,-107
112900135,83,34,49
112900137,0,287,-287
112900138,6,102,-96
112900139,115,489,-374
112900141,622,35,587
112900142,35,207,-172
112900143,16,190,-174
112900144,3,348,-345
112900145,24,229,-205
112900146,6,382,-376
112900147,1,599,-598
112900148,84,2,82
112900149,212,234,-22
112900151,15,35,-20
112900152,2278,428,1850
112900153,1043,2334,-1291
112900154,0,66,-66
112900155,162,22,140
112900156,282,453,-171
112900157,475,81,394
112900158,84,11,73
112900159,168,119,49
112900160,45,131,-86
112900161,93,43,50
112900162,16,7,9
112900163,50,38,12
112900164,27,126,-99
112900165,52,25,27
112900166,6,70,-64
112900167,1,53,-52
112900168,2,1,1
112900169,11,27,-16
112900170,123,86,37
112900172,31,18,13
112900173,118,80,38
112900174,203,42,161
112900175,88,147,-59
112900176,17,58,-41
112900177,178,55,123
112900178,541,2275,-1734
112900179,26,240,-214
112900180,1641,879,762
112900181,538,8,530
112900182,55,378,-323
112900183,63,177,-114
112900184,292,301,-9
112900185,76,399,-323
112900186,601,838,-237
112900187,44,367,-323
112900188,445,1349,-904
112900189,7,8,-1
112900190,11,11,0
112900192,398,543,-145
112900193,793,313,480
112900194,55,21,34
112900195,706,49,657
112900196,189,246,-57
112900197,111,206,-95
112900199,665,237,428
112900200,434,94,340
112900201,157,66,91
112900202,545,370,175
112900203,351,95,256
112900204,549,496,53
112900205,8,6,2
112900206,34,128,-94
112900207,14,0,14
112900208,80,288,-208
112900209,330,259,71
112900210,0,33,-33
112900211,92,11,81
112900212,2,69,-67
112900213,81,6,75
112900214,25,23,2
112900215,20,69,-49
112900216,18,29,-11
112900217,0,31,-31
112900218,45,7,38
112900219,127,6,121
112900220,2,0,2
112900221,67,80,-13
112900222,0,29,-29
112900223,720,23,697
112900224,314,166,148
112900225,341,122,219
112900226,86,159,-73
112900227,624,263,361
112900228,59,31,28
112900229,331,19,312
112900230,4042,2037,2005
112900232,198,240,-42
112900233,50,83,-33
112900234,31,24,7
112900235,97,19,78
112900236,320,9,311
112900237,212,77,135
112900238,10,7,3
112900239,380,444,-64
112900240,0,26,-26
112900241,5,24,-19
112900242,4,47,-43
112900243,14,39,-25
112900244,15,30,-15
112900245,0,15,-15
112900246,3,7,-4
112900247,66,24,42
112900248,8,0,8
112900249,19,2,17
112900250,104,8,96
112900251,57,7,50
112900252,57,13,44
112900253,61,2,59
112900254,31,6,25
112900255,1,26,-25
112900256,6,40,-34
112900257,11,34,-23
112900258,53,12,41
113000001,4375,3370,1005
113000002,2524,1995,529
113000003,1245,1063,182
113000004,882,1382,-500
113000005,1240,750,490
113000006,690,902,-212
113000007,1715,828,887
113000008,1226,1058,168
113000009,961,434,527
113000010,768,713,55
113000011,793,742,51
113000012,1338,495,843
113000013,742,567,175
113000014,749,1055,-306
113000015,137,136,1
113000016,186,551,-365
113000017,11,246,-235
113000018,255,20,235
113000019,109,171,-62
113000020,324,57,267
113000021,933,388,545
113000022,520,970,-450
113000025,93,298,-205
113000026,344,372,-28
113000027,333,707,-374
113000028,344,782,-438
113000029,786,630,156
113000030,170,342,-172
113000031,118,187,-69
113000032,124,300,-176
113000033,146,312,-166
113000034,175,126,49
113000035,11,14,-3
113000036,19,47,-28
113000037,63,8,55
113000038,13,33,-20
113000039,23,199,-176
113000040,46,68,-22
113000042,489,324,165
113000051,538,1397,-859
113000052,1622,454,1168
113000053,431,216,215
113000054,273,389,-116
113000055,1103,244,859
113000056,1025,675,350
113000058,419,629,-210
113000059,723,284,439
113000060,264,372,-108
113000061,329,539,-210
113000062,317,274,43
113000063,268,45,223
113000064,55,108,-53
113000065,123,303,-180
113000066,651,69,582
113000067,1961,583,1378
113000068,286,429,-143
113000069,527,451,76
113000070,1928,629,1299
113000071,411,253,158
113000072,730,322,408
113000073,192,1002,-810
113000074,649,245,404
113000075,1068,546,522
113000076,349,2035,-1686
113000077,489,669,-180
113000078,359,1188,-829
113000079,238,797,-559
113000080,421,575,-154
113000081,482,490,-8
113000082,488,406,82
113000083,407,616,-209
113000084,1011,702,309
113000085,616,511,105
113000086,612,632,-20
113000087,621,825,-204
113000088,1240,794,446
113000089,541,1266,-725
113000090,117,482,-365
113000091,228,272,-44
113000094,880,237,643
113000095,167,495,-328
113000096,82,543,-461
113000097,749,255,494
113000098,76,36,40
113000099,626,302,324
113000100,91,273,-182
113000101,155,462,-307
113000102,524,464,60
113000103,1219,241,978
113000104,433,1688,-1255
113000105,730,246,484
113000106,305,184,121
113000107,621,599,22
113000108,603,543,60
113000109,407,827,-420
113000110,1684,282,1402
113000111,192,458,-266
113000112,311,177,134
113000113,688,240,448
113000114,213,815,-602
113000116,441,201,240
113000117,687,82,605
113000118,55,367,-312
113000119,259,284,-25
113000120,43,231,-188
113000121,323,796,-473
113000124,212,81,131
113000125,35,599,-564
113000127,1097,137,960
113000128,651,174,477
113000129,281,446,-165
113000133,1405,588,817
113000134,8,850,-842
113000135,2955,3324,-369
113000137,647,2373,-1726
113000139,196,194,2
113000140,39,130,-91
113000141,70,129,-59
113000142,136,427,-291
113000143,152,97,55
113000144,125,314,-189
113000145,140,60,80
113000146,83,25,58
113000147,132,33,99
113000148,198,75,123
113000149,98,88,10
113000150,411,230,181
113000151,26,25,1
113000152,38,133,-95
113000153,575,235,340
113000154,357,886,-529
113000155,222,502,-280
113000156,100,242,-142
113000157,166,445,-279
113000158,464,200,264
113000159,709,419,290
113000160,429,392,37
113000161,226,153,73
113000162,578,188,390
113000163,92,49,43
113000164,13,39,-26
113000166,176,79,97
113000167,38,49,-11
113000168,46,55,-9
113000169,186,31,155
113000170,88,50,38
113000171,26,51,-25
113000172,177,46,131
113000173,95,18,77
113000174,117,165,-48
113000175,365,72,293
113000176,428,99,329
113000177,109,172,-63
113000178,91,159,-68
113000179,197,151,46
113000180,338,708,-370
113000181,926,512,414
113000182,97,213,-116
113000183,74,373,-299
113000184,6,50,-44
113000189,243,477,-234
113000190,173,231,-58
113000192,501,3427,-2926
113000193,1166,2591,-1425
113000194,473,1170,-697
113000195,682,1453,-771
113000196,120,57,63
113000197,560,1031,-471
113000198,77,170,-93
113000199,904,213,691
113000201,196,428,-232
113000202,4423,631,3792
113000203,74,360,-286
113000204,409,2713,-2304
113000205,8,9,-1
113000206,8,45,-37
113000207,88,10,78
113000208,33,36,-3
113000209,17,12,5
113000210,3,24,-21
113000211,90,244,-154
113000212,58,28,30
113000213,15,75,-60
113000214,130,234,-104
113000234,127,443,-316
113000410,63,140,-77
113000411,1188,2064,-876
113000412,2837,1261,1576
113000413,768,2025,-1257
113000414,2223,8135,-5912
113000415,1115,1287,-172
113000416,2386,1763,623
113000417,964,1059,-95
113000418,3104,2783,321
113000419,952,1224,-272
113000420,2058,3708,-1650
113000421,2754,4441,-1687
113000422,5461,6090,-629
113000423,861,3426,-2565
113000424,1277,6935,-5658
113000425,1,45,-44
113000428,18,13,5
113000430,0,61,-61
113000432,1732,111,1621
113000433,75,292,-217
113000434,14,61,-47
113000435,44,176,-132
113000436,14,343,-329
113000437,997,23,974
113000438,423,5,418
113000439,21,50,-29
113000440,142,16,126
113000441,227,167,60
113000442,117,43,74
113000443,327,100,227
113000444,203,46,157
113000445,88,44,44
113000446,32,64,-32
113000448,315,122,193
113000449,102,505,-403
113000450,379,1336,-957
113000451,1777,172,1605
113000452,71,368,-297
113000453,48,439,-391
113000454,231,81,150
113000455,14,746,-732
113000456,1455,1577,-122
113000468,615,65,550
113000469,24,40,-16
113000470,351,18,333
113000471,7,215,-208
113000472,57,174,-117
113000474,826,471,355
113000475,866,853,13
113000476,1182,1415,-233
113000477,2913,1281,1632
113000478,2139,2403,-264
113000479,55,98,-43
113000485,0,0,0
113000486,3,0,3
113000487,0,1,-1
113000488,0,0,0
113000489,0,1,-1
113000490,0,0,0
113000491,4,0,4
113000492,2,0,2
113000493,0,0,0
113000495,202,95,107
113000496,125,83,42
113000499,0,0,0
113900001,4,685,-681
113900002,0,25,-25
113900003,1,67,-66
113900004,3,145,-142
113900005,5,194,-189
113900006,4,40,-36
113900007,6,0,6
113900008,17,1,16
113900009,21,3,18
113900010,10,1,9
113900011,33,0,33
113900012,23,0,23
113900013,49,4,45
113900014,395,2,393
113900015,0,17,-17
113900016,26,2,24
113900017,0,40,-40
113900018,202,170,32
113900019,138,17,121
113900020,124,2,122
113900022,29,0,29
113900023,44,0,44
113900024,42,9,33
113900025,121,19,102
113900026,19,0,19
113900027,2,52,-50
113900028,29,234,-205
113900029,76,78,-2
113900030,226,3,223
113900031,16,0,16
113900032,33,0,33
113900033,68,39,29
113900035,42,1,41
113900036,23,70,-47
113900037,174,253,-79
113900038,24,79,-55
113900039,128,15,113
113900040,14,24,-10
113900041,16,2,14
113900042,58,23,35
113900043,146,52,94
113900044,246,245,1
113900045,63,4,59
113900046,166,498,-332
113900047,54,92,-38
113900048,63,85,-22
113900049,209,241,-32
113900050,185,195,-10
113900051,190,176,14
113900052,101,66,35
113900053,436,458,-22
113900054,29,0,29
113900055,82,296,-214
113900056,29,144,-115
113900057,9,30,-21
113900058,38,50,-12
113900059,190,210,-20
113900060,59,142,-83
113900061,293,129,164
113900062,91,7,84
113900063,51,55,-4
113900064,21,37,-16
113900065,310,8,302
113900066,362,118,244
113900067,161,67,94
113900068,300,400,-100
113900069,23,29,-6
113900070,107,211,-104
113900071,54,20,34
113900072,50,69,-19
113900073,244,269,-25
113900074,99,117,-18
113900075,779,978,-199
113900076,118,17,101
113900077,34,107,-73
113900078,23,21,2
113900079,1,24,-23
113900080,357,134,223
113900081,51,71,-20
113900082,93,91,2
113900083,333,158,175
113900084,165,84,81
113900085,45,119,-74
113900086,29,8,21
113900087,79,81,-2
113900088,81,73,8
113900089,286,36,250
113900090,415,279,136
113900091,21,11,10
113900092,24,41,-17
113900093,53,640,-587
113900094,277,143,134
113900095,74,98,-24
113900096,228,26,202
113900097,11,33,-22
113900098,541,50,491
113900099,1,23,-22
113900100,1,1,0
113900101,4,32,-28
113900102,67,119,-52
113900103,198,274,-76
113900104,74,186,-112
113900105,107,51,56
113900106,0,22,-22
113900107,1,7,-6
113900108,105,189,-84
113900109,179,188,-9
113900110,46,13,33
113900111,212,85,127
113900112,97,32,65
113900113,569,283,286
113900114,1,26,-25
113900115,0,18,-18
113900116,42,124,-82
113900117,45,14,31
113900118,117,286,-169
113900119,101,388,-287
113900120,112,46,66
113900121,57,29,28
113900122,309,1838,-1529
113900123,280,124,156
113900124,3,64,-61
113900125,503,95,408
113900126,61,54,7
113900127,264,550,-286
113900128,119,42,77
113900129,10,130,-120
113900130,2,98,-96
113900131,190,51,139
113900132,31,63,-32
113900133,5,34,-29
113900135,282,241,41
113900136,71,48,23
113900137,196,223,-27
113900138,28,101,-73
113900139,126,136,-10
113900140,37,279,-242
113900141,388,110,278
113900142,71,42,29
113900143,8,25,-17
113900144,44,221,-177
113900145,267,74,193
113900146,145,22,123
113900148,69,275,-206
113900149,101,53,48
113900150,169,184,-15
113900151,266,114,152
113900152,30,26,4
113900153,55,244,-189
113900154,9,88,-79
113900155,90,150,-60
113900156,142,238,-96
113900157,23,259,-236
113900158,81,240,-159
113900159,15,234,-219
113900160,271,271,0
113900161,66,206,-140
113900162,124,403,-279
113900163,139,157,-18
113900164,306,41,265
113900165,331,209,122
113900166,66,67,-1
113900167,253,27,226
113900168,38,43,-5
113900169,98,180,-82
113900171,152,33,119
113900172,3,49,-46
113900173,13,266,-253
113900174,346,272,74
113900175,212,101,111
113900176,187,179,8
113900177,269,97,172
113900178,146,137,9
113900179,18,125,-107
113900180,92,66,26
113900181,456,111,345
113900182,458,427,31
113900183,42,42,0
113900184,14,151,-137
113900185,126,61,65
113900186,25,18,7
113900187,20,88,-68
113900188,25,68,-43
113900189,202,121,81
113900190,145,38,107
113900191,40,51,-11
113900192,1,312,-311
113900193,13,44,-31
113900194,712,405,307
113900195,144,196,-52
113900196,3,66,-63
113900197,0,44,-44
113900198,10,230,-220
113900199,54,345,-291
113900200,6,97,-91
113900201,0,65,-65
113900202,29,130,-101
113900203,0,39,-39
113900204,15,196,-181
113900205,4,48,-44
113900206,1,67,-66
113900207,1,21,-20
113900208,0,23,-23
113900209,0,18,-18
113900210,310,362,-52
113900211,124,64,60
113900212,122,196,-74
113900214,174,235,-61
113900215,30,35,-5
113900216,101,220,-119
113900217,92,117,-25
113900218,138,109,29
113900219,87,280,-193
113900220,92,100,-8
113900221,214,175,39
113900222,88,360,-272
113900223,131,255,-124
113900224,36,29,7
113900225,216,81,135
113900226,240,60,180
113900227,218,124,94
113900228,166,410,-244
113900229,46,495,-449
113900230,1388,2043,-655
113900231,98,58,40
113900232,114,49,65
113900233,66,32,34
113900234,254,276,-22
113900235,67,12,55
113900236,281,141,140
113900237,138,13,125
113900238,136,427,-291
113900239,41,102,-61
113900240,5,180,-175
113900241,83,43,40
113900242,14,108,-94
113900243,20,231,-211
113900244,78,85,-7
113900245,615,184,431
113900246,9,13,-4
113900247,85,362,-277
113900248,1183,881,302
113900249,424,460,-36
113900250,21,100,-79
113900251,560,46,514
113900252,450,10,440
113900253,441,47,394
113900254,541,65,476
113900255,419,5,414
113900256,259,15,244
113900257,14,230,-216
113900258,13,157,-144
113900259,381,46,335
113900260,170,8,162
113900261,42,47,-5
113900262,116,253,-137
113900263,58,369,-311
113900264,2,153,-151
113900265,83,270,-187
113900266,39,102,-63
113900267,65,473,-408
113900268,156,258,-102
113900269,72,59,13
113900270,114,466,-352
113900271,422,362,60
113900273,10,6,4
113900274,48,19,29
113900275,9,39,-30
113900276,0,62,-62
113900277,111,2,109
113900278,175,118,57
113900279,36,33,3
113900280,966,423,543
113900281,326,874,-548
113900282,233,359,-126
113900283,302,386,-84
113900284,546,67,479
113900285,101,31,70
113900286,21,42,-21
113900287,43,17,26
113900288,0,55,-55
113900289,259,113,146
113900290,130,165,-35
113900291,65,98,-33
113900292,9,1,8
113900293,0,101,-101
113900294,409,9,400
113900295,255,208,47
113900296,1079,319,760
113900297,1711,18,1693
113900298,24,789,-765
113900299,134,45,89
113900300,2327,2486,-159
113900301,416,275,141
113900302,1254,712,542
113900303,160,363,-203
113900304,1,46,-45
113900305,102,0,102
113900306,60,1,59
113900307,3,1,2
113900308,27,46,-19
113900309,1,197,-196
113900310,2,3,-1
113900311,19,4,15
113900312,146,177,-31
113900313,4,0,4
113900314,0,5,-5
113900315,40,1,39
114000001,631,1287,-656
114000002,284,211,73
114000003,121,328,-207
114000004,283,161,122
114000005,185,126,59
114000006,903,730,173
114000007,366,543,-177
114000008,818,1239,-421
114000009,641,164,477
114000011,2025,1395,630
114000012,2089,905,1184
114000013,1394,640,754
114000014,330,227,103
114000015,1385,120,1265
114000016,174,108,66
114000017,78,271,-193
114000018,87,11,76
114000026,1756,560,1196
114000027,2851,1251,1600
114000028,1470,2134,-664
114000038,153,78,75
114000039,137,71,66
114000040,85,133,-48
114000042,123,80,43
114000043,220,85,135
114000044,248,63,185
114000045,32,36,-4
114000046,1508,2310,-802
114000047,16,55,-39
114000048,71,67,4
114000049,921,819,102
114000050,960,878,82
114000051,1746,1328,418
114000052,2581,1484,1097
114000053,46,426,-380
114000054,77,366,-289
114000055,147,19,128
114000056,172,768,-596
114000057,2735,1542,1193
114000058,56,754,-698
114000059,23,216,-193
114000060,282,428,-146
114000061,1281,1797,-516
114000062,456,1199,-743
114000063,809,795,14
114000064,1492,2025,-533
114000065,933,1388,-455
114000066,356,459,-103
114000067,14,527,-513
114000068,378,473,-95
114000069,523,339,184
114000070,1388,1268,120
114000071,465,239,226
114000072,248,86,162
114000073,26,20,6
114000074,46,15,31
114000075,47,33,14
114000076,16,19,-3
114000077,4,5,-1
114000078,142,157,-15
114000079,174,10,164
114000080,28,39,-11
114000081,50,56,-6
114000082,24,183,-159
114000083,35,73,-38
114000084,190,51,139
114000085,53,207,-154
114000086,162,96,66
114000087,95,58,37
114000088,21,22,-1
114000089,244,124,120
114000090,660,575,85
114000091,782,534,248
114000092,527,260,267
114000093,898,367,531
114000094,251,223,28
114000095,144,128,16
114000096,36,108,-72
114000097,73,155,-82
114000098,396,89,307
114000099,534,173,361
114000100,1121,255,866
114000101,331,225,106
114000102,509,194,315
114000103,120,167,-47
114000104,38,116,-78
114000105,120,58,62
114000106,411,928,-517
114000107,383,78,305
114000108,825,646,179
114000109,486,1455,-969
114000110,348,653,-305
114000111,1519,693,826
114000112,412,1062,-650
114000113,1461,429,1032
114000114,704,686,18
114000115,1741,893,848
114000116,718,1722,-1004
114000117,2784,394,2390
114000118,2155,378,1777
114000119,1455,370,1085
114000120,394,374,20
114000121,395,563,-168
114000122,334,219,115
114000123,1605,299,1306
114000124,793,225,568
114000125,683,696,-13
114000126,1383,173,1210
114000127,190,108,82
114000128,684,149,535
114000130,299,288,11
114000131,192,71,121
114000132,345,210,135
114000133,400,565,-165
114000134,34,20,14
114000138,13,71,-58
114000139,249,302,-53
114000144,567,485,82
114000145,38,68,-30
114000146,83,63,20
114000147,1025,1917,-892
114000148,999,1349,-350
114000149,200,216,-16
114000150,426,856,-430
114000151,740,1944,-1204
114000152,80,24,56
114000153,488,1271,-783
114000154,493,452,41
114000155,943,1813,-870
114000156,515,408,107
114000157,219,939,-720
114000158,754,398,356
114000159,115,275,-160
114000160,53,363,-310
114000161,714,2044,-1330
114000162,784,1812,-1028
114000163,13,23,-10
114000165,450,359,91
114000166,491,200,291
114000167,1589,908,681
114000168,321,339,-18
114000169,864,1132,-268
114000170,871,1043,-172
114000171,1071,3625,-2554
114000174,99,209,-110
114000176,258,380,-122
114000177,881,487,394
114000178,53,29,24
114000179,751,597,154
114000180,228,394,-166
114000181,1210,3031,-1821
114000182,919,1484,-565
114000183,489,514,-25
114000184,1220,469,751
114000185,936,502,434
114000189,894,101,793
114000190,2590,440,2150
114000191,61,101,-40
114000192,75,437,-362
114000193,339,876,-537
114000194,1129,529,600
114000195,196,49,147
114000196,0,65,-65
114000197,1541,17,1524
114000198,501,202,299
114000199,1280,1434,-154
114000200,410,611,-201
114000201,89,338,-249
114000202,604,237,367
114000203,531,434,97
114000204,118,224,-106
114000205,127,592,-465
114000206,472,822,-350
114000207,403,658,-255
114000208,332,786,-454
114000209,265,885,-620
114000210,114,605,-491
114000211,829,781,48
114000212,444,545,-101
114000213,1034,296,738
114000214,47,63,-16
114000215,162,38,124
114000216,1048,179,869
114000217,372,114,258
114000218,150,97,53
114000219,1021,84,937
114000220,10,311,-301
114000221,683,105,578
114000222,77,415,-338
114000223,432,101,331
114000224,40,273,-233
114000225,243,242,1
114000226,162,169,-7
114000227,642,255,387
114000228,629,399,230
114000229,933,693,240
114000230,1086,541,545
114000231,695,883,-188
114000232,744,153,591
114000233,1918,89,1829
114000234,698,443,255
114000235,904,810,94
114000236,0,225,-225
114000237,107,420,-313
114000238,79,169,-90
114000239,84,463,-379
114000240,621,641,-20
114000241,205,490,-285
114000242,573,486,87
114000243,1283,652,631
114000244,355,200,155
114000245,307,531,-224
114000246,84,35,49
114000247,467,345,122
114000248,1031,371,660
114000249,393,239,154
114000250,488,270,218
114000251,356,136,220
114000252,27,9,18
114000253,33,30,3
114000254,34,17,17
114000255,272,102,170
114000256,276,1730,-1454
114000257,378,571,-193
114000258,222,182,40
114000259,55,128,-73
114000260,2,24,-22
114000261,41,19,22
114000262,141,58,83
114000263,2,2,0
114000264,697,190,507
114000265,0,1,-1
114000267,10,1083,-1073
114000268,0,563,-563
114000270,195,0,195
114000271,192,30,162
114000283,1031,243,788
114000285,10,80,-70
114000288,76,184,-108
114000289,1080,111,969
114000293,161,335,-174
114000294,120,136,-16
114000395,883,11,872
114000396,515,479,36
114000402,619,147,472
114000403,222,172,50
114000405,161,186,-25
114000423,331,159,172
114000424,289,53,236
114000425,679,125,554
114000426,190,641,-451
114000427,58,38,20
114000428,102,137,-35
114000429,10,105,-95
114000432,86,47,39
114000434,19,22,-3
114000435,0,55,-55
114900001,480,313,167
114900002,269,61,208
114900003,539,479,60
114900004,196,238,-42
114900005,433,308,125
114900006,65,40,25
114900007,304,24,280
114900008,127,94,33
114900010,714,1163,-449
114900011,109,110,-1
114900013,203,91,112
114900020,89,32,57
114900025,323,103,220
114900026,70,94,-24
114900029,120,18,102
114900030,186,94,92
114900031,363,21,342
114900032,309,8,301
114900034,33,60,-27
114900035,107,158,-51
114900036,116,193,-77
114900039,365,126,239
114900040,61,53,8
114900041,734,155,579
114900042,926,180,746
114900044,134,34,100
114900047,202,1796,-1594
114900048,76,132,-56
114900049,14,90,-76
114900050,33,138,-105
114900051,18,125,-107
114900052,34,110,-76
114900053,25,163,-138
114900054,30,57,-27
114900057,152,11,141
114900058,0,33,-33
114900059,61,66,-5
114900063,55,54,1
114900064,1508,147,1361
114900065,364,419,-55
114900067,22,260,-238
114900068,46,64,-18
114900069,102,47,55
114900070,384,140,244
114900072,1,105,-104
114900073,1,64,-63
114900074,605,229,376
114900075,229,8,221
114900076,2,134,-132
114900080,752,176,576
114900082,1706,2005,-299
114900083,417,665,-248
114900090,243,124,119
114900091,74,80,-6
114900097,162,2,160
114900098,2,87,-85
114900099,199,5,194
115000001,2604,1455,1149
115000002,2838,3559,-721
115000003,2659,1174,1485
115000004,3479,4353,-874
115000005,1279,1238,41
115000006,834,1049,-215
115000007,238,147,91
115000008,286,369,-83
115000009,209,165,44
115000010,156,143,13
115000013,21,105,-84
115000015,24,238,-214
115000016,38,137,-99
115000019,56,376,-320
115000020,90,686,-596
115000021,210,334,-124
115000022,435,250,185
115000023,209,423,-214
115000024,667,244,423
115000025,622,505,117
115000026,106,268,-162
115000027,180,220,-40
115000028,108,442,-334
115000029,525,87,438
115000030,505,786,-281
115000031,1031,213,818
115000032,4,141,-137
115000033,112,35,77
115000034,31,655,-624
115000035,771,37,734
115000036,1,204,-203
115000037,430,6,424
115000038,38,101,-63
115000039,1981,2278,-297
115000040,2249,1709,540
115000041,1342,3033,-1691
115000042,359,483,-124
115000043,3636,2249,1387
115000044,2884,2332,552
115000045,1798,721,1077
115000046,2249,2151,98
115000047,1916,892,1024
115000048,1249,1163,86
115000049,1060,1766,-706
115000050,2529,1175,1354
115000051,1240,2498,-1258
115000052,1090,952,138
115000053,1579,1516,63
115000054,369,510,-141
115000055,161,727,-566
115000056,203,573,-370
115000057,539,945,-406
115000058,340,364,-24
115000059,364,192,172
115000061,110,163,-53
115000062,190,192,-2
115000063,321,167,154
115000064,173,68,105
115000065,54,339,-285
115000067,139,11,128
115000069,102,176,-74
115000070,28,538,-510
115000071,66,8,58
115000072,12,43,-31
115000073,1128,28,1100
115000075,92,29,63
115000076,1684,1374,310
115000077,1430,1015,415
115000078,1053,614,439
115000079,888,799,89
115000080,1974,1020,954
115000081,410,483,-73
115000082,3321,2669,652
115000083,1454,832,622
115000084,2156,725,1431
115000085,806,456,350
115000086,1026,385,641
115000087,367,1019,-652
115000088,1385,457,928
115000089,897,746,151
115000090,316,516,-200
115000091,151,453,-302
115000092,662,361,301
115000093,542,2,540
115000094,3518,4467,-949
115000095,2765,4817,-2052
115000096,740,721,19
115000097,1092,695,397
115000098,1095,393,702
115000099,2047,1313,734
115000100,891,259,632
115000101,452,876,-424
115000102,444,180,264
115000103,218,374,-156
115000105,57,82,-25
115000106,527,273,254
115000107,188,230,-42
115000108,1531,1344,187
115000109,2562,3736,-1174
115000110,912,1410,-498
115000111,467,699,-232
115000112,575,545,30
115000113,405,465,-60
115000114,955,407,548
115000116,2041,1576,465
115000117,1941,1929,12
115000118,1365,1326,39
115000119,1114,1414,-300
115000120,413,1011,-598
115000121,748,480,268
115000122,836,1023,-187
115000123,555,1389,-834
115000124,487,649,-162
115000125,293,460,-167
115000126,96,196,-100
115000127,260,73,187
115000128,219,528,-309
115000129,170,250,-80
115000130,312,289,23
115000131,644,181,463
115000132,282,169,113
115000133,454,139,315
115000134,170,181,-11
115000135,104,82,22
115000136,216,181,35
115000137,79,123,-44
115000138,369,191,178
115000139,237,151,86
115000140,379,155,224
115000141,182,104,78
115000142,169,98,71
115000143,791,444,347
115000144,528,59,469
115000145,221,146,75
115000146,347,274,73
115000147,242,238,4
115000148,229,367,-138
115000149,443,139,304
115000150,445,357,88
115000151,776,293,483
115000152,432,295,137
115000153,801,294,507
115000154,663,150,513
115000155,397,523,-126
115000156,653,552,101
115000157,279,641,-362
115000158,216,286,-70
115000159,319,479,-160
115000160,217,252,-35
115000161,82,278,-196
115000162,363,558,-195
115000163,430,571,-141
115000164,556,553,3
115000165,218,392,-174
115000167,89,45,44
115000168,260,235,25
115000169,270,396,-126
115000170,59,151,-92
115000171,210,233,-23
115000172,400,404,-4
115000173,173,450,-277
115000174,48,225,-177
115000175,138,35,103
115000176,51,35,16
115000177,36,30,6
115000178,9,93,-84
115000179,15,28,-13
115000180,84,191,-107
115000181,514,109,405
115000182,708,169,539
115000183,356,327,29
115000186,476,166,310
115000187,118,364,-246
115000188,308,432,-124
115000189,135,330,-195
115000190,533,325,208
115000191,76,348,-272
115000194,75,81,-6
115000195,153,195,-42
115000196,167,65,102
115000197,135,117,18
115000198,308,81,227
115000199,277,104,173
115000200,262,63,199
115000201,112,162,-50
115000206,296,15,281
115000207,170,144,26
115000208,125,357,-232
115000209,395,187,208
115000210,119,82,37
115000211,149,165,-16
115000212,633,202,431
115000224,235,65,170
115000225,42,54,-12
115000229,145,89,56
115000230,92,332,-240
115000231,222,611,-389
115000232,1425,185,1240
115000233,74,72,2
115000234,22,202,-180
115000241,65,130,-65
115000242,68,101,-33
115000243,48,79,-31
115000244,15,80,-65
115000246,57,13,44
115000247,25,18,7
115000248,34,15,19
115000249,6,0,6
115000250,253,25,228
115000251,180,46,134
115000252,62,112,-50
115000253,21,302,-281
115000258,198,57,141
115000259,228,61,167
115000261,31,7,24
115000262,33,20,13
115000263,22,22,0
115000264,29,18,11
115000267,59,118,-59
115000268,36,119,-83
115000269,71,37,34
115000270,4,5,-1
115000272,74,81,-7
115000273,343,18,325
115000280,1551,163,1388
115000281,174,669,-495
115000282,439,361,78
115000284,160,110,50
115000296,1083,14,1069
115000297,87,109,-22
115000298,40,380,-340
115000300,185,109,76
115000302,419,59,360
115000303,591,53,538
115000304,530,41,489
115000305,56,232,-176
115000306,106,119,-13
115000307,64,109,-45
115000308,23,11,12
115000310,1038,341,697
115000311,937,782,155
115000313,89,218,-129
115000314,345,167,178
115000315,522,603,-81
115000316,73,102,-29
115000317,106,213,-107
115000318,542,203,339
115000319,62,203,-141
115000320,10,242,-232
115000321,189,7,182
115000322,74,128,-54
115000449,106,100,6
115000557,1,936,-935
115000558,396,90,306
115000587,385,178,207
115000588,1263,1515,-252
115000589,2704,1599,1105
115000590,785,802,-17
115000591,998,593,405
115000592,283,951,-668
115000593,1011,493,518
115000594,334,1707,-1373
115000609,134,95,39
115000617,448,1754,-1306
115000624,205,37,168
115000633,268,1010,-742
115000634,2275,599,1676
115000635,565,105,460
115000638,296,286,10
115000641,42,156,-114
115000642,175,136,39
115000643,77,179,-102
115000644,113,162,-49
115000646,614,1263,-649
115000647,115,320,-205
115000648,1636,979,657
115000893,1217,916,301
115000894,99,638,-539
115000895,223,837,-614
115000896,890,406,484
115000897,324,110,214
115000898,244,175,69
115000899,183,990,-807
115000900,48,313,-265
115000901,35,107,-72
115000912,307,54,253
115000913,1,11,-10
115000915,11,0,11
115000916,2,0,2
115000917,1,1,0
115000918,9,348,-339
115000919,6,4,2
115000920,7,47,-40
115000921,156,60,96
115000922,425,724,-299
115000923,158,1395,-1237
115000925,139,78,61
115000927,48,69,-21
115000933,103,314,-211
115000934,165,141,24
115000935,132,45,87
115000936,10,493,-483
115000937,579,163,416
115000938,85,261,-176
115000939,85,179,-94
115000940,3,12,-9
115000941,13,20,-7
115000942,8,105,-97
115000943,5,28,-23
115000944,0,4,-4
115900001,111,12,99
115900002,51,62,-11
115900003,183,28,155
115900004,0,17,-17
115900005,148,10,138
115900006,76,119,-43
115900008,83,4,79
115900009,47,115,-68
115900010,325,93,232
115900011,342,129,213
115900012,155,17,138
115900013,182,113,69
115900014,101,66,35
115900015,137,26,111
115900016,77,19,58
115900017,28,11,17
115900018,147,27,120
115900019,35,5,30
115900020,153,5,148
115900021,500,160,340
115900022,624,1,623
115900023,13,12,1
115900025,10,79,-69
115900026,512,83,429
115900027,0,105,-105
115900028,324,42,282
115900029,4,168,-164
115900030,22,14,8
115900031,162,246,-84
115900032,349,391,-42
115900033,0,30,-30
115900034,14,132,-118
115900035,21,23,-2
115900036,19,985,-966
115900037,16,132,-116
115900038,63,30,33
115900039,93,78,15
115900041,228,600,-372
115900042,28,11,17
115900043,73,36,37
115900044,115,144,-29
115900046,310,110,200
115900047,112,122,-10
115900049,152,105,47
115900051,6,32,-26
115900052,20,146,-126
115900053,205,84,121
115900054,254,20,234
115900055,19,75,-56
115900056,145,95,50
115900057,28,26,2
115900058,38,31,7
115900060,45,36,9
115900061,199,2,197
115900062,35,176,-141
115900063,51,3,48
115900064,101,144,-43
115900065,121,21,100
115900066,73,40,33
115900067,32,171,-139
115900068,1414,816,598
115900069,57,101,-44
115900070,141,25,116
115900071,0,112,-112
115900072,28,74,-46
115900073,105,90,15
115900074,2,137,-135
115900075,21,95,-74
115900076,4,24,-20
115900077,8,79,-71
115900078,21,50,-29
115900079,317,11,306
115900080,206,135,71
115900081,10,37,-27
115900082,100,88,12
115900084,417,18,399
115900085,12,53,-41
115900086,696,289,407
115900088,7,70,-63
115900089,378,368,10
115900090,403,7,396
115900091,7,15,-8
115900092,48,47,1
115900093,12,8,4
115900094,2,77,-75
115900096,9,8,1
115900097,18,156,-138
115900098,185,210,-25
115900099,28,29,-1
115900100,10,163,-153
115900101,153,113,40
115900102,70,29,41
115900103,239,79,160
115900104,54,45,9
115900105,252,195,57
115900106,107,15,92
115900107,88,39,49
115900108,177,23,154
115900109,22,157,-135
115900110,7,7,0
115900111,4,44,-40
115900112,34,274,-240
115900113,67,15,52
115900114,0,50,-50
115900115,67,71,-4
115900116,59,315,-256
115900117,74,18,56
115900118,3,155,-152
115900119,84,55,29
115900120,29,153,-124
115900121,145,79,66
115900124,168,546,-378
115900125,291,22,269
115900126,635,61,574
115900127,572,36,536
115900128,7,42,-35
115900129,406,51,355
115900130,8,185,-177
115900131,190,20,170
115900132,607,10,597
115900134,253,9,244
115900135,229,661,-432
115900137,36,15,21
115900139,32,62,-30
115900140,326,20,306
115900141,3,41,-38
115900142,3,20,-17
115900143,236,194,42
115900144,119,116,3
115900146,6,35,-29
115900147,146,152,-6
115900148,88,4,84
115900149,91,14,77
115900150,70,19,51
115900151,13,95,-82
115900152,127,140,-13
115900153,111,114,-3
115900154,254,251,3
115900155,0,16,-16
115900156,479,628,-149
115900157,177,301,-124
115900158,6,2,4
115900159,87,79,8
115900160,2,4,-2
115900161,12,68,-56
115900163,152,57,95
115900164,520,12,508
115900166,86,75,11
115900168,104,63,41
115900171,66,139,-73
115900172,34,80,-46
115900173,199,56,143
115900174,144,172,-28
115900175,101,130,-29
115900178,3,243,-240
115900179,291,7,284
115900180,56,72,-16
115900181,195,67,128
115900182,378,76,302
115900183,6,26,-20
115900184,528,4,524
115900187,4,108,-104
115900189,1,154,-153
115900190,80,782,-702
115900191,23,109,-86
115900192,6,70,-64
115900193,75,62,13
115900194,471,32,439
115900195,267,1605,-1338
115900198,167,168,-1
115900199,225,91,134
115900200,129,125,4
115900201,267,376,-109
115900202,0,68,-68
115900203,6,30,-24
115900204,0,2,-2
115900205,45,23,22
115900206,185,77,108
115900207,41,1,40
115900208,89,41,48
115900209,7,75,-68
115900210,3,70,-67
115900211,2,69,-67
115900212,106,67,39
115900213,123,120,3
115900214,478,135,343
115900215,26,150,-124
115900216,2,101,-99
115900217,3,28,-25
115900218,4,35,-31
115900219,82,4,78
115900220,203,2,201
115900221,92,8,84
115900222,44,33,11
115900223,6,410,-404
115900224,375,1101,-726
115900225,48,34,14
115900226,28,19,9
115900227,10,35,-25
115900228,11,32,-21
115900229,3,27,-24
115900230,51,76,-25
115900231,129,1,128
115900232,57,1,56
115900233,49,13,36
115900234,17,21,-4
115900235,16,34,-18
115900236,7,31,-24
115900237,18,17,1
115900238,33,4,29
115900239,19,18,1
115900240,10,16,-6
115900241,141,37,104
115900242,179,279,-100
115900243,7,2,5
115900244,14,12,2
115900245,64,7,57
115900246,4,15,-11
115900247,14,15,-1
115900248,9,4,5
115900249,7,7,0
115900250,8,11,-3
115900251,1,6,-5
115900252,4,1,3
115900253,4,8,-4
115900254,2,32,-30
115900255,0,18,-18
115900256,18,81,-63
115900257,7,21,-14
115900258,0,0,0
115900259,7,1,6
115900260,4,1,3
115900261,10,1,9
115900262,3,0,3
115900263,21,1,20
115900264,8,1,7
115900265,2,2,0
115900266,2,14,-12
115900267,10,13,-3
115900268,3,7,-4
115900269,376,89,287
115900270,278,107,171
115900271,147,0,147
115900272,30,3,27
115900273,4,23,-19
115900274,2,10,-8
115900275,0,3,-3
115900276,0,11,-11
115900277,0,28,-28
115900278,37,59,-22
115900279,14,168,-154
115900280,11,391,-380
115900281,157,297,-140
115900282,16,14,2
115900283,23,8,15
115900284,21,0,21
116000001,3946,1688,2258
116000002,3370,9320,-5950
116000003,820,756,64
116000004,2006,3059,-1053
116000005,787,2087,-1300
116000006,1997,2567,-570
116000007,1510,1529,-19
116000008,3289,2136,1153
116000009,746,1062,-316
116000010,2099,1196,903
116000011,579,939,-360
116000012,1618,930,688
116000013,3609,2527,1082
116000014,5770,11619,-5849
116000015,85,1015,-930
116000016,3158,3029,129
116000017,15,611,-596
116000018,452,231,221
116000019,618,263,355
116000020,512,741,-229
116000021,457,220,237
116000022,321,187,134
116000023,980,655,325
116000024,411,534,-123
116000025,552,662,-110
116000026,1202,1977,-775
116000027,413,504,-91
116000028,473,864,-391
116000029,324,535,-211
116000030,565,556,9
116000031,121,266,-145
116000032,241,117,124
116000033,310,355,-45
116000034,690,638,52
116000035,352,544,-192
116000036,717,1631,-914
116000037,337,383,-46
116000038,147,558,-411
116000039,203,635,-432
116000040,354,471,-117
116000041,57,471,-414
116000042,605,283,322
116000043,63,450,-387
116000044,10,44,-34
116000045,1440,1240,200
116000046,827,1272,-445
116000047,1261,1885,-624
116000048,1555,1500,55
116000049,1038,2994,-1956
116000050,1336,976,360
116000051,4732,2665,2067
116000052,4996,4364,632
116000053,1841,579,1262
116000054,827,1965,-1138
116000055,677,655,22
116000056,692,867,-175
116000057,1977,1195,782
116000058,2312,2363,-51
116000059,1783,3434,-1651
116000060,1215,769,446
116000061,507,890,-383
116000062,312,224,88
116000063,468,1129,-661
116000066,191,498,-307
116000067,156,219,-63
116000068,114,210,-96
116000069,202,217,-15
116000078,471,738,-267
116000080,1571,517,1054
116000082,1,17,-16
116000083,1483,338,1145
116000084,1131,1547,-416
116000085,1750,1500,250
116000086,1040,497,543
116000087,2141,1486,655
116000088,651,464,187
116000089,152,65,87
116000090,87,108,-21
116000091,226,278,-52
116000093,554,195,359
116000094,572,339,233
116000095,693,348,345
116000096,629,1029,-400
116000097,753,375,378
116000098,46,4539,-4493
116000099,2989,220,2769
116000100,217,31,186
116000101,749,310,439
116000102,211,488,-277
116000103,327,215,112
116000104,155,621,-466
116000105,827,116,711
116000106,299,740,-441
116000107,1939,280,1659
116000108,110,124,-14
116000111,96,36,60
116000113,156,93,63
116000114,48,62,-14
116000115,277,77,200
116000116,170,191,-21
116000117,1139,885,254
116000118,1055,608,447
116000119,2599,1308,1291
116000120,2341,1814,527
116000121,648,472,176
116000122,846,674,172
116000123,1014,338,676
116000124,273,413,-140
116000125,1803,357,1446
116000126,209,767,-558
116000127,687,582,105
116000128,1759,631,1128
116000129,850,134,716
116000130,543,353,190
116000133,997,530,467
116000134,1310,867,443
116000135,2075,960,1115
116000136,669,969,-300
116000137,915,459,456
116000138,793,563,230
116000139,1190,1942,-752
116000140,100,164,-64
116000141,266,273,-7
116000142,1928,1469,459
116000143,1526,1146,380
116000144,1123,960,163
116000145,1559,673,886
116000146,644,68,576
116000147,165,122,43
116000148,523,657,-134
116000149,558,446,112
116000151,367,267,100
116000153,104,184,-80
116000155,91,172,-81
116000156,399,433,-34
116000157,88,15,73
116000158,286,265,21
116000159,14,7,7
116000160,23,29,-6
116000161,14,68,-54
116000162,39,85,-46
116000163,17,9,8
116000164,2,28,-26
116000177,74,123,-49
116000194,92,278,-186
116000195,1037,454,583
116000196,21,2,19
116000197,2,17,-15
116000198,1430,765,665
116000200,445,527,-82
116000201,485,473,12
116000202,9,118,-109
116000203,3,69,-66
116000204,9,46,-37
116000205,0,109,-109
116000206,8,220,-212
116000207,10,61,-51
116000233,132,294,-162
116000287,152,175,-23
116000288,315,140,175
116000292,34,73,-39
116000296,8,83,-75
116000297,120,14,106
116000304,120,34,86
116000305,23,53,-30
116000346,132,69,63
116000352,71,32,39
116000354,26,9,17
116000357,8,13,-5
116000358,309,48,261
116000361,107,0,107
116000372,2412,4013,-1601
116000381,50,0,50
116000388,1,31,-30
116000389,478,335,143
116000445,385,242,143
116000446,489,216,273
116000447,29,440,-411
116000448,381,98,283
116000563,500,659,-159
116000565,33,127,-94
116000568,30,159,-129
116000579,18,62,-44
116000584,31,7,24
116000585,32,20,12
116000586,50,89,-39
116000587,416,421,-5
116000589,20,31,-11
116000590,62,39,23
116000591,273,136,137
116000592,6,32,-26
116000593,0,21,-21
116000594,558,150,408
116000595,469,70,399
116000596,106,8,98
116000597,329,89,240
116000598,14,75,-61
116000605,148,83,65
116000606,42,240,-198
116000607,0,42,-42
116000609,115,790,-675
116000611,149,194,-45
116000612,839,1469,-630
116000613,601,246,355
116000614,302,271,31
116000615,2,345,-343
116000616,97,50,47
116000617,103,31,72
116000618,4,28,-24
116000619,40,58,-18
116000620,187,402,-215
116000621,69,80,-11
116000622,42,111,-69
116000624,288,97,191
116000627,108,21,87
116000628,79,124,-45
116000629,12,89,-77
116000630,259,14,245
116000631,123,19,104
116000632,695,37,658
116000633,129,101,28
116000634,267,69,198
116000635,1543,2044,-501
116000636,518,1155,-637
116000637,400,29,371
116000638,134,166,-32
116000639,113,1,112
116000640,38,18,20
116000641,9,35,-26
116000643,0,93,-93
116000644,20,147,-127
116000645,12,1,11
116900001,224,112,112
116900002,204,1,203
116900003,40,14,26
116900004,25,66,-41
116900005,291,38,253
116900006,71,85,-14
116900007,150,153,-3
116900008,370,148,222
116900009,11,5,6
116900010,0,421,-421
116900011,7,25,-18
116900012,203,174,29
116900013,3,54,-51
116900014,152,74,78
116900015,507,54,453
116900016,194,1,193
116900017,1,229,-228
116900019,6,83,-77
116900020,367,925,-558
116900023,85,14,71
116900024,703,131,572
116900025,945,329,616
116900026,62,313,-251
116900027,44,33,11
116900028,1,51,-50
116900029,0,54,-54
116900031,0,3,-3
116900032,22,158,-136
116900033,22,18,4
116900034,10,47,-37
116900035,146,85,61
116900036,8,50,-42
116900038,24,2,22
116900041,17,6,11
116900042,207,143,64
116900043,21,27,-6
116900047,13,139,-126
116900049,25,178,-153
116900050,85,238,-153
116900051,152,46,106
116900052,123,59,64
116900055,0,6,-6
116900057,25,88,-63
116900058,21,207,-186
116900059,1,49,-48
116900060,110,132,-22
116900062,0,10,-10
116900064,74,227,-153
116900065,19,46,-27
116900067,61,33,28
116900068,84,84,0
116900070,2,0,2
116900072,34,103,-69
116900073,20,38,-18
116900074,5,22,-17
116900076,8,37,-29
116900077,17,51,-34
116900078,149,42,107
116900079,48,79,-31
116900080,1,13,-12
116900081,193,650,-457
116900082,310,739,-429
116900083,32,12,20
116900084,51,55,-4
116900085,45,93,-48
116900086,40,101,-61
116900088,252,37,215
116900090,60,39,21
116900091,314,9,305
116900092,55,378,-323
116900093,1824,1137,687
116900094,2165,3135,-970
116900095,134,143,-9
116900096,66,296,-230
116900097,1481,2608,-1127
116900098,584,358,226
116900099,247,434,-187
116900100,681,34,647
116900101,166,360,-194
116900103,9,0,9
116900104,36,60,-24
116900105,230,116,114
116900106,1577,89,1488
116900107,1380,1785,-405
116900110,22,4,18
116900111,612,136,476
116900112,218,226,-8
116900113,385,744,-359
116900116,74,834,-760
116900117,95,74,21
116900118,603,707,-104
116900120,294,22,272
116900121,98,16,82
116900122,853,218,635
116900123,235,241,-6
116900124,137,562,-425
116900125,386,80,306
116900126,84,411,-327
116900128,1,26,-25
116900129,0,129,-129
116900130,464,2359,-1895
116900131,50,188,-138
116900132,44,69,-25
116900133,104,56,48
116900134,129,151,-22
116900136,172,102,70
116900137,174,63,111
116900138,116,131,-15
116900139,86,242,-156
116900140,144,76,68
116900141,547,241,306
116900142,1,46,-45
116900143,196,140,56
116900144,22,87,-65
116900145,34,161,-127
116900147,217,1095,-878
116900148,5,29,-24
116900149,59,241,-182
116900150,8,6,2
116900151,60,19,41
116900153,110,58,52
116900154,110,385,-275
116900155,64,77,-13
116900157,482,100,382
116900158,62,197,-135
116900159,53,267,-214
116900160,631,803,-172
116900161,2517,5551,-3034
116900163,191,40,151
116900164,67,63,4
116900165,256,326,-70
116900166,22,34,-12
116900167,403,29,374
116900168,342,35,307
116900169,258,900,-642
116900170,352,540,-188
116900171,42,29,13
116900172,81,394,-313
116900173,163,13,150
116900174,38,36,2
116900175,123,302,-179
116900178,28,66,-38
116900179,53,322,-269
116900180,64,15,49
116900182,651,168,483
116900183,180,57,123
116900185,42,83,-41
116900186,30,66,-36
116900187,55,37,18
116900188,90,15,75
116900189,20,0,20
116900191,269,444,-175
116900192,277,68,209
116900194,274,1525,-1251
116900195,46,42,4
116900196,30,70,-40
116900197,106,10,96
116900198,67,235,-168
116900200,98,9,89
116900201,103,8,95
116900202,101,50,51
116900203,97,3,94
116900204,35,92,-57
116900206,15,3,12
116900207,17,16,1
116900208,19,38,-19
116900209,23,46,-23
116900210,554,251,303
116900211,196,2,194
116900212,94,14,80
116900213,154,73,81
116900214,153,79,74
116900215,29,47,-18
116900216,201,79,122
116900218,3,89,-86
116900219,744,221,523
116900220,138,122,16
116900221,105,225,-120
116900222,365,275,90
116900223,130,244,-114
116900226,77,19,58
116900227,157,39,118
116900228,264,90,174
116900230,115,275,-160
116900231,38,290,-252
116900232,826,79,747
116900233,742,405,337
116900234,27,6,21
116900235,542,219,323
116900238,1009,210,799
116900239,7,649,-642
116900240,2341,2492,-151
116900241,85,50,35
116900242,360,569,-209
116900243,0,10,-10
116900245,49,66,-17
116900246,110,6,104
116900247,682,20,662
116900248,67,21,46
116900249,352,53,299
116900250,276,23,253
116900251,356,551,-195
116900252,174,537,-363
116900254,160,274,-114
116900255,136,60,76
116900256,309,75,234
116900257,14,162,-148
116900258,3,72,-69
116900259,240,6,234
116900260,0,38,-38
116900261,89,1,88
116900262,140,91,49
116900263,1,7,-6
116900264,82,29,53
116900265,40,0,40
116900266,20,11,9
116900267,4,8,-4
116900268,125,97,28
116900269,212,540,-328
116900271,349,255,94
116900272,231,192,39
116900273,45,132,-87
116900274,135,58,77
116900275,127,82,45
116900276,208,160,48
116900277,186,33,153
116900278,8,0,8
116900279,1,25,-24
116900280,31,11,20
116900281,2276,3653,-1377
116900282,0,35,-35
116900283,9,34,-25
116900284,2,65,-63
116900285,103,181,-78
116900286,90,13,77
116900287,7,8,-1
116900288,100,62,38
116900289,21,11,10
116900290,7,4,3
116900291,22,4,18
116900292,0,20,-20
116900293,82,21,61
116900294,12,78,-66
116900295,96,117,-21
116900296,30,177,-147
116900297,7,98,-91
116900298,70,179,-109
116900299,5,81,-76
116900300,0,65,-65
116900301,46,301,-255
116900302,24,87,-63
116900303,74,48,26
116900304,1,136,-135
116900305,16,26,-10
116900306,210,25,185
116900307,58,1,57
116900308,0,45,-45
116900309,74,22,52
116900310,36,39,-3
117000001,1800,1534,266
117000002,1429,2882,-1453
117000003,4781,2497,2284
117000004,1945,3550,-1605
117000005,2245,1727,518
117000006,1060,1942,-882
117000007,3746,879,2867
117000008,675,1869,-1194
117000009,3645,1384,2261
117000010,1501,1929,-428
117000011,1916,1095,821
117000012,951,753,198
117000013,1611,620,991
117000014,935,1787,-852
117000015,1786,937,849
117000016,126,217,-91
117000017,114,277,-163
117000018,57,600,-543
117000019,36,34,2
117000020,342,1020,-678
117000021,893,509,384
117000022,192,245,-53
117000023,60,427,-367
117000024,78,468,-390
117000025,194,1358,-1164
117000026,1193,1755,-562
117000027,706,2681,-1975
117000028,762,1816,-1054
117000030,249,372,-123
117000031,397,248,149
117000032,1080,1029,51
117000033,1108,605,503
117000034,526,233,293
117000035,421,346,75
117000036,390,250,140
117000037,262,255,7
117000038,148,461,-313
117000039,336,162,174
117000040,258,415,-157
117000041,886,102,784
117000044,4,401,-397
117000045,428,80,348
117000046,309,1025,-716
117000047,1365,582,783
117000048,1095,513,582
117000049,49,374,-325
117000050,128,948,-820
117000051,1963,68,1895
117000052,26,212,-186
117000053,470,38,432
117000054,1458,4,1454
117000055,40,1407,-1367
117000056,534,17,517
117000057,361,1341,-980
117000060,347,798,-451
117000061,1733,818,915
117000062,178,462,-284
117000063,1654,933,721
117000064,415,506,-91
117000066,357,731,-374
117000067,84,487,-403
117000074,53,140,-87
117000076,40,22,18
117000077,112,151,-39
117000078,83,380,-297
117000079,337,192,145
117000080,1,231,-230
117000081,860,107,753
117000082,16,59,-43
117000083,697,176,521
117000084,141,0,141
117000085,227,482,-255
117000086,475,222,253
117000087,101,338,-237
117000088,238,76,162
117000089,1429,165,1264
117000090,197,679,-482
117000091,776,181,595
117000092,291,710,-419
117000093,1154,508,646
117000094,1001,1454,-453
117000095,2928,537,2391
117000096,531,1420,-889
117000097,1444,618,826
117000098,1545,2237,-692
117000099,3318,852,2466
117000100,179,237,-58
117000101,142,567,-425
117000102,1767,557,1210
117000103,435,832,-397
117000104,1348,498,850
117000105,637,900,-263
117000106,1372,564,808
117000107,372,1074,-702
117000108,1658,735,923
117000109,811,1362,-551
117000110,1523,944,579
117000111,2691,2886,-195
117000112,2584,1058,1526
117000113,81,94,-13
117000114,231,99,132
117000115,61,49,12
117000116,156,136,20
117000117,993,788,205
117000118,199,122,77
117000119,108,331,-223
117000120,76,805,-729
117000121,19,758,-739
117000122,358,795,-437
117000123,1389,19,1370
117000124,130,146,-16
117000125,92,335,-243
117000126,52,14,38
117000127,112,262,-150
117000128,160,688,-528
117000129,249,1127,-878
117000130,105,1,104
117000131,1,55,-54
117000132,2172,14,2158
117000133,1663,25,1638
117000134,0,77,-77
117000135,7,86,-79
117000136,0,18,-18
117000137,140,131,9
117000138,1,511,-510
117000140,361,962,-601
117000141,1621,448,1173
117000181,221,124,97
117000182,866,559,307
117000195,66,392,-326
117000196,229,135,94
117000225,58,90,-32
117000226,3,164,-161
117000276,310,13,297
117000277,1,132,-131
117000310,952,1534,-582
117000315,88,466,-378
117000320,61,0,61
117000906,367,14,353
117000907,6,128,-122
117000909,64,36,28
117000910,248,116,132
117000911,67,105,-38
117000915,3,201,-198
117000916,48,2,46
117000917,1106,27,1079
117000918,100,73,27
117000919,23,21,2
117000920,0,496,-496
117000921,2,463,-461
117000922,14,59,-45
117000924,404,550,-146
117000926,351,164,187
117000927,294,588,-294
117000928,0,68,-68
117000929,239,178,61
117000930,267,9,258
117000931,74,131,-57
117900002,47,356,-309
117900003,274,252,22
117900005,3,137,-134
117900006,0,12,-12
117900007,103,54,49
117900008,0,17,-17
117900010,241,61,180
117900011,18,221,-203
117900012,54,30,24
117900013,0,96,-96
117900014,578,121,457
117900015,16,70,-54
117900016,658,576,82
117900017,583,368,215
117900018,173,379,-206
117900019,505,173,332
117900020,34,397,-363
117900021,33,42,-9
117900023,1127,69,1058
117900024,48,57,-9
117900025,61,3,58
117900026,336,105,231
117900028,51,13,38
117900029,239,285,-46
117900031,97,216,-119
117900032,676,487,189
117900033,260,313,-53
117900034,50,11,39
117900035,134,85,49
117900036,250,205,45
117900037,120,58,62
117900038,31,98,-67
117900039,0,20,-20
117900040,84,149,-65
117900041,3,32,-29
117900042,2037,197,1840
117900043,13,36,-23
117900044,51,2689,-2638
117900045,159,131,28
117900048,280,126,154
117900049,266,247,19
117900050,10,250,-240
117900051,8,2,6
117900052,50,288,-238
117900053,1370,355,1015
117900054,0,26,-26
117900055,557,122,435
117900056,29,80,-51
117900057,656,867,-211
117900058,27,78,-51
117900059,151,79,72
117900060,2317,2359,-42
117900061,19,254,-235
117900063,283,158,125
117900065,369,619,-250
117900066,3,66,-63
117900067,578,105,473
117900069,747,164,583
117900070,64,154,-90
117900071,81,82,-1
117900073,490,176,314
117900074,26,162,-136
117900075,69,30,39
117900076,41,79,-38
117900077,347,100,247
117900078,257,628,-371
117900080,109,36,73
117900081,266,214,52
117900082,399,249,150
117900083,353,187,166
117900086,143,20,123
117900087,107,22,85
117900088,1563,1189,374
117900089,1818,569,1249
117900090,450,225,225
117900091,58,77,-19
117900092,36,23,13
117900093,97,22,75
117900094,43,30,13
117900095,276,677,-401
117900096,120,201,-81
117900097,264,26,238
117900098,39,12,27
117900099,122,271,-149
117900100,255,1,254
117900101,427,1621,-1194
117900102,83,7,76
117900103,35,7,28
117900104,8,261,-253
117900105,69,88,-19
117900106,126,34,92
117900107,37,2,35
117900109,594,228,366
117900110,109,2,107
117900111,289,15,274
117900112,36,3,33
117900113,1024,1281,-257
117900114,23,0,23
117900115,66,109,-43
117900116,495,526,-31
117900117,521,144,377
117900118,97,0,97
117900119,186,46,140
117900120,261,66,195
117900121,48,10,38
117900122,842,3081,-2239
117900123,551,258,293
117900124,451,347,104
117900125,1184,1498,-314
117900126,118,262,-144
117900127,367,154,213
117900128,273,253,20
117900129,67,3,64
117900130,447,205,242
117900131,0,51,-51
117900132,23,41,-18
117900133,12,43,-31
117900134,25,170,-145
117900135,17,94,-77
117900136,0,14,-14
117900137,16,126,-110
117900138,0,13,-13
117900139,94,65,29
117900140,2734,462,2272
117900141,85,132,-47
117900142,51,178,-127
117900144,31,456,-425
117900145,10,108,-98
117900146,89,127,-38
117900147,65,42,23
117900148,1594,1396,198
117900149,108,137,-29
117900150,31,28,3
117900151,24,51,-27
117900152,62,50,12
117900153,7,69,-62
117900154,373,370,3
117900156,466,378,88
117900157,44,413,-369
117900158,199,81,118
117900160,550,619,-69
117900161,1416,1079,337
117900162,496,293,203
117900163,12,370,-358
117900165,0,15,-15
117900166,72,477,-405
117900168,124,140,-16
117900169,1,64,-63
117900170,12,27,-15
117900171,5,17,-12
117900172,14,15,-1
117900173,85,82,3
117900174,17,29,-12
117900175,1,27,-26
117900176,10,24,-14
117900177,16,21,-5
117900178,61,35,26
117900180,191,48,143
117900181,34,288,-254
117900182,1,22,-21
117900183,72,139,-67
117900184,7,42,-35
117900185,48,47,1
117900186,35,11,24
117900187,25,10,15
117900188,130,27,103
117900189,44,37,7
117900190,24,1,23
117900191,59,1,58
117900192,168,0,168
117900193,42,58,-16
117900194,19,6,13
117900195,3,34,-31
117900196,10,34,-24
117900207,118,112,6
117900208,15,15,0
117900209,135,81,54
117900210,75,120,-45
117900211,4,71,-67
117900212,78,97,-19
117900213,21,16,5
117900214,7,11,-4
117900215,50,51,-1
117900216,51,19,32
117900217,27,194,-167
117900218,65,140,-75
117900219,0,111,-111
117900220,38,151,-113
117900222,139,96,43
117900223,75,211,-136
118000001,420,1193,-773
118000002,331,957,-626
118000003,1624,2668,-1044
118000004,1530,1991,-461
118000005,1857,3100,-1243
118000006,1893,4477,-2584
118000007,2731,3170,-439
118000008,1253,2261,-1008
118000009,1214,1895,-681
118000010,4263,2517,1746
118000011,1147,830,317
118000012,646,750,-104
118000013,1314,1088,226
118000014,1176,990,186
118000016,217,155,62
118000017,440,228,212
118000018,307,198,109
118000019,1218,1508,-290
118000020,597,1856,-1259
118000021,447,2133,-1686
118000022,833,500,333
118000023,466,194,272
118000024,576,760,-184
118000027,5541,7153,-1612
118000029,338,561,-223
118000032,276,2344,-2068
118000033,1807,4251,-2444
118000034,2653,2194,459
118000035,1684,2235,-551
118000036,645,899,-254
118000037,432,633,-201
118000038,164,64,100
118000039,70,86,-16
118000040,1106,859,247
118000041,1814,851,963
118000045,194,147,47
118000046,532,579,-47
118000047,372,958,-586
118000048,1031,1668,-637
118000051,686,1411,-725
118000052,275,603,-328
118000053,146,209,-63
118000054,1073,380,693
118000055,863,751,112
118000056,55,281,-226
118000057,123,214,-91
118000058,1278,1857,-579
118000059,1100,1324,-224
118000060,1024,326,698
118000061,818,753,65
118000062,351,190,161
118000063,251,597,-346
118000064,431,926,-495
118000065,1266,1000,266
118000066,819,1764,-945
118000067,336,454,-118
118000068,691,4468,-3777
118000069,1177,862,315
118000070,2699,1108,1591
118000071,1411,4698,-3287
118000072,527,1414,-887
118000073,479,667,-188
118000074,329,324,5
118000075,361,137,224
118000076,988,2419,-1431
118000077,906,1200,-294
118000078,1304,2040,-736
118000079,142,319,-177
118000080,588,788,-200
118000081,1219,1286,-67
118000082,245,1009,-764
118000083,874,1425,-551
118000084,1824,1211,613
118000086,222,378,-156
118000087,2335,1595,740
118000088,957,1201,-244
118000089,2267,1644,623
118000090,743,1853,-1110
118000091,707,2087,-1380
118000092,631,431,200
118000093,69,521,-452
118000096,425,542,-117
118000097,566,690,-124
118000098,164,152,12
118000099,775,379,396
118000101,896,231,665
118000102,444,540,-96
118000107,809,279,530
118000108,431,2002,-1571
118000110,3,44,-41
118000111,0,91,-91
118000112,565,1,564
118000113,4,175,-171
118000114,370,7,363
118000115,6,10,-4
118000116,16,2,14
118000117,584,564,20
118000118,553,1137,-584
118000119,572,1133,-561
118000120,1026,908,118
118000121,48,748,-700
118000122,714,345,369
118000123,50,209,-159
118000125,773,607,166
118000126,367,1172,-805
118000127,863,603,260
118000128,286,956,-670
118000129,752,338,414
118000130,1256,1662,-406
118000131,214,360,-146
118000132,2301,1738,563
118000133,976,384,592
118000135,374,421,-47
118000136,149,413,-264
118000137,318,38,280
118000138,262,338,-76
118000139,366,68,298
118000140,1771,4228,-2457
118000141,1547,908,639
118000142,1541,982,559
118000143,1985,988,997
118000144,737,419,318
118000145,1195,888,307
118000146,1142,385,757
118000147,868,853,15
118000148,447,745,-298
118000149,959,545,414
118000150,360,253,107
118000151,502,243,259
118000153,1137,777,360
118000154,1103,1154,-51
118000155,1413,942,471
118000156,1232,1703,-471
118000157,433,258,175
118000158,252,314,-62
118000159,19,84,-65
118000160,470,311,159
118000161,503,408,95
118000162,1163,730,433
118000163,632,569,63
118000164,1293,1018,275
118000168,335,380,-45
118000169,625,609,16
118000170,1818,1830,-12
118000171,293,235,58
118000172,122,125,-3
118000173,811,864,-53
118000175,242,374,-132
118000176,264,530,-266
118000177,208,628,-420
118000178,65,39,26
118000179,756,1216,-460
118000180,601,548,53
118000181,695,261,434
118000182,299,250,49
118000183,243,258,-15
118000184,789,467,322
118000185,781,1135,-354
118000186,650,972,-322
118000187,1383,379,1004
118000188,360,58,302
118000189,520,245,275
118000190,4,5,-1
118000191,13,7,6
118000192,33,137,-104
118000193,18,174,-156
118000194,814,504,310
118000195,214,1251,-1037
118000196,119,192,-73
118000197,61,114,-53
118000198,297,582,-285
118000199,197,351,-154
118000200,65,170,-105
118000201,174,550,-376
118000202,31,62,-31
118000203,288,566,-278
118000204,48,317,-269
118000205,111,245,-134
118000206,176,146,30
118000207,0,39,-39
118000208,890,881,9
118000209,1715,796,919
118000210,56,26,30
118000211,31,28,3
118000213,297,1542,-1245
118000214,220,438,-218
118000215,306,79,227
118000216,1808,706,1102
118000217,18,52,-34
118000218,68,53,15
118000219,213,157,56
118000220,6,31,-25
118000221,230,261,-31
118000222,45,5,40
118000223,26,45,-19
118000224,47,52,-5
118000225,79,405,-326
118000226,673,166,507
118000227,499,383,116
118000228,56,169,-113
118000229,48,103,-55
118000230,93,110,-17
118000231,39,138,-99
118000232,675,299,376
118000233,883,471,412
118000234,408,102,306
118000236,228,148,80
118000237,86,124,-38
118000238,159,69,90
118000239,302,159,143
118000240,155,58,97
118000241,138,82,56
118000242,285,197,88
118000243,194,107,87
118000244,34,32,2
118000246,2,19,-17
118000255,41,184,-143
118000256,85,152,-67
118000259,6,33,-27
118000260,161,54,107
118000261,25,14,11
118000263,53,90,-37
118000266,97,123,-26
118000267,0,138,-138
118000268,173,2,171
118000270,60,8,52
118000271,212,136,76
118000272,87,19,68
118000273,160,36,124
118000274,53,207,-154
118000276,378,213,165
118000295,13,87,-74
118000298,123,145,-22
118000299,60,78,-18
118000301,0,140,-140
118000302,161,47,114
118000311,530,46,484
118000312,215,100,115
118000313,36,42,-6
118000314,117,26,91
118000315,23,14,9
118000316,485,310,175
118000325,34,18,16
118000326,27,14,13
118000331,22,13,9
118000332,15,8,7
118000333,21,18,3
118000335,296,0,296
118000336,0,136,-136
118000407,137,39,98
118000457,2,37,-35
118000465,691,2416,-1725
118000480,31,36,-5
118000489,5,287,-282
118000490,10,112,-102
118000492,258,129,129
118000510,19,13,6
118000514,54,222,-168
118000515,423,524,-101
118000517,196,135,61
118000524,102,224,-122
118000525,374,417,-43
118000530,7,80,-73
118000531,301,163,138
118000532,250,135,115
118000533,258,91,167
118000534,425,293,132
118000535,238,118,120
118000536,70,660,-590
118000537,13,103,-90
118000538,46,58,-12
118000539,15,59,-44
118000540,124,79,45
118000541,105,43,62
118000542,75,97,-22
118000543,100,152,-52
118000546,33,16,17
118000553,0,1,-1
118000560,912,1561,-649
118000562,37,53,-16
118000563,970,844,126
118000576,193,58,135
118000577,219,154,65
118000578,93,32,61
118000579,539,1068,-529
118000583,0,0,0
118000595,201,92,109
118000596,1,198,-197
118000597,162,127,35
118000598,0,1,-1
118000599,54,25,29
118000600,2,5,-3
118000601,5,0,5
118000602,2,8,-6
118000603,0,17,-17
118000605,39,72,-33
118000606,31,17,14
118900001,261,884,-623
118900002,570,670,-100
118900003,314,6,308
118900004,52,10,42
118900005,100,8,92
118900006,157,3,154
118900007,6,1,5
118900008,882,34,848
118900009,69,55,14
118900010,32,5,27
118900011,85,11,74
118900012,277,144,133
118900013,425,148,277
118900015,173,33,140
118900016,2,6,-4
118900017,97,312,-215
118900018,706,19,687
118900019,30,20,10
118900020,71,161,-90
118900021,106,203,-97
118900022,107,82,25
118900023,61,71,-10
118900024,69,99,-30
118900025,40,26,14
118900026,63,59,4
118900027,244,88,156
118900028,140,62,78
118900029,238,352,-114
118900030,318,27,291
118900031,136,35,101
118900032,182,79,103
118900033,231,374,-143
118900034,89,32,57
118900035,86,44,42
118900036,946,412,534
118900037,232,308,-76
118900038,356,91,265
118900039,404,68,336
118900040,129,125,4
118900041,424,103,321
118900042,143,54,89
118900045,255,116,139
118900046,472,364,108
118900047,218,217,1
118900048,67,216,-149
118900049,49,44,5
118900050,51,9,42
118900051,57,84,-27
118900052,163,337,-174
118900053,28,84,-56
118900054,133,25,108
118900055,88,38,50
118900056,17,213,-196
118900057,563,386,177
118900058,277,194,83
118900059,9,68,-59
118900060,41,73,-32
118900062,339,106,233
118900064,143,457,-314
118900065,57,74,-17
118900066,87,38,49
118900067,1596,2388,-792
118900068,4,112,-108
118900069,450,142,308
118900071,3,23,-20
118900072,361,232,129
118900073,132,58,74
118900074,132,49,83
118900075,75,18,57
118900076,124,95,29
118900077,188,136,52
118900078,20,4,16
118900079,37,71,-34
118900080,31,71,-40
118900081,47,45,2
118900082,960,125,835
118900083,18,6,12
118900084,10,15,-5
118900085,516,367,149
118900086,22,62,-40
118900087,26,219,-193
118900088,0,1,-1
118900089,20,20,0
118900090,485,177,308
118900091,115,143,-28
118900092,114,25,89
118900093,52,12,40
118900096,114,145,-31
118900097,287,205,82
118900099,63,84,-21
118900100,94,115,-21
118900101,95,90,5
118900102,32,49,-17
118900103,19,72,-53
118900104,92,38,54
118900105,109,65,44
118900107,39,41,-2
118900108,67,38,29
118900110,888,543,345
118900111,423,211,212
118900112,59,115,-56
118900113,81,174,-93
118900114,12,43,-31
118900115,67,234,-167
118900116,113,164,-51
118900117,113,170,-57
118900118,217,145,72
118900119,154,128,26
118900120,63,228,-165
118900121,10,50,-40
118900122,14,832,-818
118900123,72,121,-49
118900124,59,79,-20
118900126,19,310,-291
118900129,172,164,8
118900130,34,201,-167
118900131,166,107,59
118900132,215,155,60
118900133,3,71,-68
118900135,121,92,29
118900136,212,188,24
118900137,9,33,-24
118900139,179,71,108
118900140,403,337,66
118900141,31,39,-8
118900144,156,192,-36
118900145,13,47,-34
118900146,300,338,-38
118900147,100,210,-110
118900148,46,35,11
118900150,101,298,-197
118900152,470,368,102
118900157,36,122,-86
118900158,82,20,62
118900159,3,75,-72
118900161,39,3,36
118900163,29,42,-13
118900164,2,37,-35
118900165,38,41,-3
118900166,47,2,45
118900167,56,40,16
118900168,13,114,-101
118900169,99,92,7
118900170,125,29,96
118900171,23,33,-10
118900174,33,23,10
118900175,354,297,57
118900176,164,185,-21
118900177,78,62,16
118900178,40,87,-47
118900179,1,7,-6
118900181,66,33,33
118900182,39,24,15
118900183,24,55,-31
118900184,188,48,140
118900185,148,42,106
118900186,78,77,1
118900187,163,180,-17
118900188,220,181,39
118900189,51,684,-633
118900190,25,133,-108
118900191,163,26,137
118900192,182,5,177
118900193,573,1,572
118900195,132,331,-199
118900196,41,107,-66
118900197,139,22,117
118900198,19,9,10
118900199,47,18,29
118900200,27,16,11
118900201,19,39,-20
118900202,5,25,-20
118900203,6,5,1
118900204,6,5,1
118900205,0,1,-1
118900206,1,6,-5
119000001,1009,1661,-652
119000002,2921,2684,237
119000003,2123,493,1630
119000004,1502,866,636
119000005,1417,1440,-23
119000006,2712,1085,1627
119000007,2231,2272,-41
119000008,1444,938,506
119000009,2528,3717,-1189
119000010,3552,3154,398
119000011,1731,1616,115
119000012,915,1803,-888
119000013,2246,1317,929
119000014,1007,1457,-450
119000019,178,96,82
119000020,1926,1007,919
119000021,3473,1896,1577
119000022,860,2012,-1152
119000023,254,158,96
119000024,1123,9143,-8020
119000025,2245,559,1686
119000026,34,300,-266
119000027,123,188,-65
119000028,1120,303,817
119000029,61,175,-114
119000030,393,470,-77
119000031,626,489,137
119000032,1337,1458,-121
119000033,1507,758,749
119000034,668,350,318
119000035,45,171,-126
119000036,1604,509,1095
119000037,1033,670,363
119000038,327,380,-53
119000039,428,196,232
119000040,518,367,151
119000041,395,642,-247
119000048,1663,1229,434
119000049,1608,888,720
119000050,927,884,43
119000051,1523,664,859
119000052,1336,1743,-407
119000053,1261,729,532
119000054,2549,1551,998
119000055,3929,1981,1948
119000056,2349,1243,1106
119000057,1236,952,284
119000058,1274,888,386
119000059,854,784,70
119000060,1136,706,430
119000061,804,434,370
119000062,700,812,-112
119000063,487,279,208
119000064,529,595,-66
119000065,1428,2172,-744
119000066,1633,809,824
119000067,1438,1097,341
119000068,1222,633,589
119000069,1273,1125,148
119000070,2065,493,1572
119000071,283,391,-108
119000072,2905,1759,1146
119000073,2331,4701,-2370
119000074,1140,1126,14
119000075,2316,1352,964
119000076,144,870,-726
119000077,460,501,-41
119000078,326,223,103
119000079,139,487,-348
119000080,309,31,278
119000081,142,271,-129
119000082,570,152,418
119000083,457,232,225
119000084,208,227,-19
119000085,380,98,282
119000086,252,217,35
119000087,822,367,455
119000088,254,263,-9
119000090,92,89,3
119000091,81,169,-88
119000092,211,99,112
119000093,2430,1481,949
119000094,2858,3431,-573
119000095,1467,1877,-410
119000097,1348,760,588
119000098,870,2240,-1370
119000099,1860,781,1079
119000100,2862,2210,652
119000101,2766,1050,1716
119000102,602,1123,-521
119000103,1013,493,520
119000104,1128,624,504
119000105,703,1784,-1081
119000106,293,492,-199
119000107,708,403,305
119000108,326,393,-67
119000109,96,509,-413
119000110,239,430,-191
119000111,35,539,-504
119000112,133,107,26
119000113,962,230,732
119000114,990,666,324
119000115,138,122,16
119000116,90,94,-4
119000117,118,259,-141
119000118,1,0,1
119000123,2692,1932,760
119000124,643,112,531
119000125,3467,428,3039
119000126,1230,356,874
119000127,477,249,228
119000128,8,1,7
119000131,818,271,547
119000132,0,0,0
119000133,1,4,-3
119000134,963,347,616
119000135,148,156,-8
119000136,260,95,165
119000137,271,125,146
119000138,532,114,418
119000139,175,64,111
119000140,256,253,3
119000284,749,1363,-614
119000285,1219,1082,137
119000286,3316,2474,842
119000287,832,945,-113
119000288,1257,536,721
119000289,866,1242,-376
119000290,145,157,-12
119000291,13,87,-74
119000293,203,167,36
119000294,42,32,10
119000295,562,140,422
119000296,395,244,151
119000302,1010,733,277
119000303,114,72,42
119000310,0,0,0
119000314,898,8253,-7355
119000315,0,81,-81
119000316,160,58,102
119000317,101,96,5
119000319,269,69,200
119900001,157,1118,-961
119900002,127,129,-2
119900003,32,390,-358
119900004,186,1343,-1157
119900005,174,59,115
119900006,123,310,-187
119900007,768,249,519
119900008,19,30,-11
119900009,413,383,30
119900010,424,706,-282
119900011,9,141,-132
119900012,16,82,-66
119900013,1639,1152,487
119900014,260,121,139
119900015,133,27,106
119900016,25,48,-23
119900017,36,54,-18
119900018,1200,726,474
119900019,35,7,28
119900020,106,140,-34
119900021,114,31,83
119900022,54,688,-634
119900023,222,1692,-1470
119900025,300,20,280
119900026,351,157,194
119900027,17,13,4
119900028,166,119,47
119900029,2,2,0
119900030,288,247,41
119900031,36,463,-427
119900033,1356,250,1106
119900034,518,54,464
119900037,173,13,160
119900038,32,271,-239
119900039,19,2,17
119900040,84,25,59
119900041,153,11,142
119900042,61,135,-74
119900043,85,83,2
119900044,102,784,-682
119900046,141,28,113
119900047,314,116,198
119900048,256,18,238
119900049,126,2,124
119900050,35,81,-46
119900051,754,11,743
119900052,60,10,50
119900053,163,89,74
119900054,185,8,177
119900055,1013,436,577
119900057,297,26,271
119900058,230,11,219
119900059,63,24,39
119900060,282,10,272
119900061,253,2,251
119900062,78,6,72
119900063,7,44,-37
119900065,142,14,128
119900067,97,4,93
119900068,514,4,510
119900069,68,10,58
119900070,823,6,817
119900071,488,14,474
119900073,1004,417,587
119900074,34,22,12
119900075,1467,1697,-230
119900076,865,153,712
119900077,714,303,411
119900078,597,599,-2
119900079,403,74,329
119900080,224,143,81
119900081,556,27,529
119900082,1156,116,1040
119900083,242,62,180
119900084,338,214,124
119900085,38,35,3
119900086,406,478,-72
119900087,520,351,169
119900088,19,18,1
119900089,26,192,-166
119900090,58,26,32
119900091,52,321,-269
119900092,20,154,-134
119900093,931,140,791
119900094,32,149,-117
119900095,121,87,34
119900096,26,83,-57
119900097,279,122,157
119900098,26,28,-2
119900099,23,91,-68
119900100,881,1953,-1072
119900101,82,1008,-926
119900102,39,114,-75
119900103,51,155,-104
119900104,21,81,-60
119900105,378,2380,-2002
119900106,11,79,-68
119900107,170,992,-822
119900108,2605,413,2192
119900109,11,87,-76
119900110,561,254,307
119900111,98,97,1
119900112,644,418,226
119900113,32,136,-104
119900114,201,489,-288
119900115,274,441,-167
119900116,49,260,-211
119900117,302,224,78
119900118,88,309,-221
119900119,164,65,99
119900120,389,224,165
119900121,439,334,105
119900122,267,200,67
119900123,130,154,-24
119900124,167,278,-111
119900125,23,163,-140
119900126,1859,130,1729
119900127,1106,730,376
119900128,281,231,50
119900129,198,162,36
119900130,10,127,-117
119900131,32,96,-64
119900132,7,75,-68
119900133,40,72,-32
119900134,553,105,448
119900135,0,144,-144
119900136,138,170,-32
119900138,163,259,-96
119900139,4,94,-90
119900140,1,73,-72
119900141,40,495,-455
119900142,8,24,-16
119900143,13,119,-106
119900144,904,140,764
119900145,63,58,5
119900146,117,108,9
119900147,0,88,-88
119900148,174,32,142
119900149,370,3159,-2789
119900150,93,71,22
119900151,829,466,363
119900152,116,106,10
119900153,183,54,129
119900154,27,211,-184
119900155,35,17,18
119900156,13,7,6
119900157,115,89,26
119900158,175,27,148
119900159,3,389,-386
119900160,24,40,-16
119900161,121,59,62
119900162,697,630,67
119900163,55,100,-45
119900164,1,1,0
119900165,102,52,50
119900166,65,35,30
119900167,45,28,17
119900168,756,282,474
119900169,30,195,-165
119900170,112,168,-56
119900171,525,201,324
119900172,76,24,52
119900173,4,119,-115
119900174,0,46,-46
119900175,1109,344,765
119900177,15,113,-98
119900178,2,51,-49
119900179,71,429,-358
119900180,798,654,144
119900181,42,96,-54
119900182,1,90,-89
119900183,76,403,-327
119900184,672,227,445
119900185,51,195,-144
119900186,12,994,-982
119900187,10,120,-110
119900188,116,219,-103
119900189,223,241,-18
119900190,79,206,-127
119900191,129,209,-80
119900192,51,110,-59
119900193,328,75,253
119900194,31,56,-25
119900195,10,73,-63
119900196,285,117,168
119900197,186,122,64
119900198,108,89,19
119900199,78,14,64
119900200,480,357,123
119900201,145,145,0
119900202,45,224,-179
119900203,164,385,-221
119900204,257,157,100
119900205,587,254,333
119900206,243,96,147
119900208,107,128,-21
119900209,386,1086,-700
119900210,24,27,-3
119900211,65,8,57
119900212,273,177,96
119900213,7,55,-48
119900214,25,35,-10
119900215,54,26,28
119900216,21,23,-2
119900217,13,30,-17
119900218,5,52,-47
119900219,11,41,-30
119900220,10,43,-33
119900221,29,72,-43
119900222,12,73,-61
119900223,11,35,-24
119900224,18,9,9
119900225,323,35,288
119900226,155,1175,-1020
119900227,341,160,181
119900228,21,124,-103
119900229,286,244,42
119900230,669,272,397
119900231,223,91,132
119900232,114,119,-5
119900233,54,8,46
119900234,18,30,-12
119900235,11,20,-9
119900236,10,80,-70
119900237,43,180,-137
119900238,2,61,-59
119900240,96,53,43
119900241,147,103,44
119900242,669,1033,-364
119900244,335,733,-398
119900245,81,135,-54
119900246,171,502,-331
119900247,31,110,-79
119900248,40,244,-204
119900249,218,105,113
119900253,738,239,499
119900254,53,636,-583
119900255,99,684,-585
119900256,578,256,322
119900257,73,1,72
119900258,157,8,149
119900259,8,35,-27
119900260,87,5,82
119900261,259,62,197
119900262,0,68,-68
119900263,863,164,699
119900264,81,66,15
119900265,381,224,157
119900266,372,78,294
119900267,160,211,-51
119900268,145,58,87
119900269,969,453,516
119900271,30,64,-34
119900272,320,313,7
119900275,146,13,133
119900276,75,2,73
119900277,25,4,21
119900278,90,54,36
119900279,75,173,-98
119900280,285,81,204
119900281,0,212,-212
119900282,38,125,-87
119900283,32,120,-88
119900284,20,92,-72
119900285,13,76,-63
119900286,0,9,-9
119900288,5,10,-5
119900289,1,16,-15
119900290,10,6,4
119900291,0,46,-46
119900292,42,71,-29
119900293,29,41,-12
119900294,26,51,-25
119900295,30,23,7
119900296,75,91,-16
119900297,1,19,-18
119900298,5,5,0
119900299,26,66,-40
119900300,164,75,89
119900301,8,40,-32
119900302,7,17,-10
119900303,119,56,63
119900304,88,13,75
119900305,1,44,-43
119900306,16,5,11
119900307,31,20,11
119900308,3,24,-21
119900309,19,116,-97
119900310,147,204,-57
119900311,98,32,66
119900312,104,36,68
119900313,222,122,100
119900314,165,275,-110
119900315,1708,699,1009
119900318,8,52,-44
119900319,1,101,-100
119900320,161,205,-44
119900321,62,3,59
120000001,3948,14785,-10837
120000002,1842,1479,363
120000003,1905,1101,804
120000004,1866,1028,838
120000005,1879,1179,700
120000006,880,823,57
120000007,2013,2630,-617
120000008,765,975,-210
120000009,1321,680,641
120000010,1647,1532,115
120000011,705,840,-135
120000012,1252,1240,12
120000013,2600,1913,687
120000014,548,905,-357
120000015,1991,1080,911
120000016,3006,1633,1373
120000017,2668,2018,650
120000018,2340,10193,-7853
120000019,848,1107,-259
120000020,2294,2785,-491
120000021,1431,1865,-434
120000022,1869,2940,-1071
120000023,1088,1281,-193
120000024,968,2026,-1058
120000025,2020,1395,625
120000026,2101,1246,855
120000027,1809,1620,189
120000028,650,3970,-3320
120000029,673,1512,-839
120000030,114,527,-413
120000031,1246,3248,-2002
120000032,3816,2550,1266
120000033,3839,1313,2526
120000034,1882,1018,864
120000035,1878,1303,575
120000036,2862,4138,-1276
120000037,449,1169,-720
120000038,2944,2364,580
120000039,620,585,35
120000040,58,556,-498
120000041,476,909,-433
120000042,1274,907,367
120000043,3015,800,2215
120000044,4489,1060,3429
120000045,5652,689,4963
120000046,3950,1968,1982
120000047,376,4231,-3855
120000048,4489,3132,1357
120000049,2733,2188,545
120000050,2995,2670,325
120000051,2026,2589,-563
120000052,5215,1342,3873
120000053,1345,1233,112
120000054,1288,2224,-936
120000055,1482,2645,-1163
120000056,3111,2197,914
120000057,3039,1755,1284
120000058,1172,3015,-1843
120000059,13,1265,-1252
120000061,77,264,-187
120000062,135,278,-143
120000063,767,1225,-458
120000064,189,554,-365
120000065,362,806,-444
120000066,189,380,-191
120000067,46,378,-332
120000068,188,406,-218
120000069,465,382,83
120000070,84,352,-268
120000071,501,61,440
120000072,740,358,382
120000073,770,77,693
120000074,123,116,7
120000075,711,260,451
120000076,1848,359,1489
120000077,1627,555,1072
120000078,2209,992,1217
120000079,473,252,221
120000080,305,236,69
120000081,365,132,233
120000082,333,282,51
120000083,140,726,-586
120000084,244,213,31
120000085,197,259,-62
120000086,235,357,-122
120000087,200,213,-13
120000088,702,695,7
120000089,924,331,593
120000090,662,352,310
120000091,733,506,227
120000092,1006,427,579
120000093,526,353,173
120000094,219,660,-441
120000095,707,235,472
120000096,221,349,-128
120000098,534,356,178
120000099,233,391,-158
120000100,577,475,102
120000101,600,269,331
120000102,535,778,-243
120000103,1430,822,608
120000104,1768,470,1298
120000105,2940,737,2203
120000106,2118,614,1504
120000107,3827,515,3312
120000108,1421,90,1331
120000109,1176,76,1100
120000110,69,645,-576
120000111,118,677,-559
120000112,647,1400,-753
120000113,555,1107,-552
120000114,834,1413,-579
120000115,309,1139,-830
120000116,497,1121,-624
120000117,559,805,-246
120000118,73,39,34
120000119,13,43,-30
120000120,86,49,37
120000121,35,47,-12
120000122,167,182,-15
120000123,1947,5708,-3761
120000124,383,502,-119
120000125,563,345,218
120000126,179,689,-510
120000127,1245,1184,61
120000128,1736,3577,-1841
120000129,269,282,-13
120000130,736,565,171
120000131,377,451,-74
120000134,229,432,-203
120000135,631,356,275
120000137,231,364,-133
120000138,1112,176,936
120000139,168,197,-29
120000140,849,190,659
120000141,290,231,59
120000142,598,358,240
120000143,0,56,-56
120000144,153,3,150
120000145,395,1,394
120000146,732,792,-60
120000149,490,584,-94
120000150,1418,7539,-6121
120000151,330,324,6
120000152,428,111,317
120000153,190,324,-134
120000154,421,366,55
120000155,160,255,-95
120000156,453,1268,-815
120000157,781,354,427
120000158,755,432,323
120000159,1664,1533,131
120000160,1965,1481,484
120000161,2201,1491,710
120000162,64,223,-159
120000163,665,593,72
120000164,638,176,462
120000165,497,333,164
120000166,1226,235,991
120000167,174,159,15
120000168,8,492,-484
120000169,54,1511,-1457
120000170,19,1744,-1725
120000171,21,654,-633
120000172,13,712,-699
120000173,512,2397,-1885
120000174,74,74,0
120000175,69,87,-18
120000176,40,51,-11
120000177,451,85,366
120000178,15,11,4
120000179,28,48,-20
120000180,83,58,25
120000181,37,998,-961
120000182,19,710,-691
120000183,4,279,-275
120000184,156,756,-600
120000186,19,1347,-1328
120000187,28,533,-505
120000188,27,707,-680
120000190,152,64,88
120000191,147,91,56
120000192,147,44,103
120000193,88,1,87
120000195,9,2,7
120000196,35,11,24
120000197,10,15,-5
120000198,238,28,210
120000199,125,1,124
120000200,168,1,167
120000201,7,35,-28
120000202,3,19,-16
120000203,54,84,-30
120000207,2,42,-40
120000208,16,103,-87
120000209,9,33,-24
120000210,282,286,-4
120000211,74,1,73
120000212,146,1,145
120000213,77,54,23
120000214,2,43,-41
120000215,1,39,-38
120000216,52,3,49
120000217,281,591,-310
120000218,70,382,-312
120000219,3,260,-257
120000220,2,749,-747
120000225,1897,3,1894
120000226,350,3,347
120000227,701,65,636
120000228,9641,2593,7048
120000230,405,9,396
120000231,1310,1059,251
120000233,293,11,282
120000235,286,357,-71
120000236,786,4,782
120000237,1,508,-507
120000238,3,963,-960
120000241,1042,2555,-1513
120000412,277,4,273
120000413,247,65,182
120000414,190,4,186
120000415,1,41,-40
120000416,109,2,107
120000417,7,63,-56
120000418,253,7,246
120000419,16,84,-68
120000420,157,81,76
120000421,4801,2960,1841
120000422,39,1082,-1043
120000423,0,47,-47
120000424,97,40,57
120000436,98,638,-540
120000437,126,82,44
120000438,1320,173,1147
120000439,215,498,-283
120000443,99,0,99
120000444,1336,249,1087
120000445,1517,789,728
120000446,843,262,581
120000447,188,2,186
120000449,167,1,166
120000450,3,64,-61
120000451,91,117,-26
120000452,65,0,65
120000453,0,42,-42
120000454,57,128,-71
120000455,81,20,61
120000456,1991,2862,-871
120000457,394,346,48
120000458,322,394,-72
120000459,81,41,40
120000665,266,241,25
120000668,133,1411,-1278
120000669,126,140,-14
120000670,83,1714,-1631
120000671,1396,447,949
120000672,79,386,-307
120900001,65,125,-60
120900002,118,403,-285
120900003,82,13,69
120900004,16,95,-79
120900005,8,409,-401
120900006,450,145,305
120900007,142,39,103
120900008,258,551,-293
120900009,355,18,337
120900010,428,149,279
120900011,77,180,-103
120900012,50,880,-830
120900013,311,71,240
120900014,3,184,-181
120900015,692,67,625
120900016,972,44,928
120900017,1076,46,1030
120900018,79,231,-152
120900019,486,370,116
120900020,604,1094,-490
120900021,732,214,518
120900022,22,217,-195
120900023,363,49,314
120900024,1080,398,682
120900025,1006,764,242
120900026,79,82,-3
120900027,636,10,626
120900028,435,144,291
120900029,56,602,-546
120900030,1354,590,764
120900031,259,105,154
120900032,1200,84,1116
120900033,891,69,822
120900034,38,2169,-2131
120900035,38,75,-37
120900037,293,11,282
120900038,80,375,-295
120900039,113,29,84
120900040,358,8,350
120900041,74,27,47
120900042,669,25,644
120900043,56,30,26
120900044,4,246,-242
120900045,233,68,165
120900046,546,3,543
120900047,181,122,59
120900048,136,17,119
120900049,531,3,528
120900050,820,1398,-578
120900051,400,66,334
120900052,610,4,606
120900053,386,21,365
120900054,1012,292,720
120900055,519,4,515
120900056,648,32,616
120900057,163,13,150
120900058,702,1,701
120900059,109,4,105
120900060,70,13,57
120900061,158,131,27
120900062,225,5,220
120900063,864,22,842
120900064,719,0,719
120900065,655,4,651
120900066,422,160,262
120900067,181,101,80
120900068,244,1,243
120900069,332,10,322
120900071,14,0,14
120900072,967,6,961
120900073,770,72,698
120900074,455,52,403
120900076,363,1,362
120900077,1159,172,987
120900078,848,386,462
120900079,783,74,709
120900080,956,589,367
120900081,1198,273,925
120900082,289,305,-16
120900083,86,6,80
120900084,402,528,-126
120900085,60,93,-33
120900086,79,350,-271
120900087,382,442,-60
120900088,102,487,-385
120900089,1287,2807,-1520
120900090,180,14,166
120900091,569,851,-282
120900092,728,214,514
120900093,860,108,752
120900094,283,112,171
120900095,178,15,163
120900096,47,124,-77
120900097,440,282,158
120900098,138,86,52
120900099,86,33,53
120900100,58,121,-63
120900101,322,87,235
120900102,43,47,-4
120900103,42,132,-90
120900104,22,41,-19
120900105,35,186,-151
120900106,742,228,514
120900107,152,67,85
120900108,7,233,-226
120900109,25,295,-270
120900110,11,188,-177
120900111,95,187,-92
120900112,11,297,-286
120900113,12,390,-378
120900114,16,89,-73
120900115,111,173,-62
120900116,368,130,238
120900117,6,189,-183
120900118,16,296,-280
120900119,6527,1952,4575
120900120,62,281,-219
120900121,44,271,-227
120900122,571,140,431
120900123,13,135,-122
120900124,5,241,-236
120900125,4,281,-277
120900126,1284,585,699
120900127,9,140,-131
120900128,930,919,11
120900129,36,150,-114
120900130,15,202,-187
120900131,116,64,52
120900132,1132,116,1016
120900133,76,318,-242
120900134,517,221,296
120900135,4,265,-261
120900136,30,84,-54
120900137,182,32,150
120900138,13,104,-91
120900139,2,322,-320
120900140,3,68,-65
120900141,140,140,0
120900142,8,158,-150
120900143,1,394,-393
120900144,0,50,-50
120900145,106,426,-320
120900146,2,529,-527
120900147,1,307,-306
120900148,90,94,-4
120900149,0,94,-94
120900150,57,312,-255
120900151,0,290,-290
120900152,6,25,-19
120900153,0,0,0
120900154,0,88,-88
120900155,190,499,-309
120900156,51,174,-123
120900157,0,0,0
120900158,53,308,-255
120900159,0,18,-18
120900160,21,395,-374
120900161,59,248,-189
120900162,103,418,-315
120900163,113,736,-623
120900164,1,153,-152
120900165,13,976,-963
120900166,58,525,-467
120900167,133,65,68
120900169,68,154,-86
120900170,336,2734,-2398
120900171,338,172,166
120900172,178,1473,-1295
120900173,1,40,-39
120900174,4,66,-62
120900175,139,81,58
120900176,11,232,-221
120900177,2,878,-876
120900178,0,226,-226
120900179,506,301,205
120900180,40,128,-88
120900181,34,18,16
120900182,21,105,-84
120900183,392,53,339
120900184,119,56,63
120900185,723,978,-255
120900186,0,223,-223
120900187,231,711,-480
120900188,177,7,170
120900189,60,1702,-1642
120900190,94,5,89
120900191,24,19,5
120900192,4024,7836,-3812
120900194,50,52,-2
120900195,65,121,-56
120900196,433,26,407
120900197,597,184,413
120900198,151,322,-171
120900199,282,378,-96
120900200,20,65,-45
120900201,242,73,169
120900202,0,58,-58
120900203,39,44,-5
120900204,59,163,-104
120900205,35,12,23
120900206,54,28,26
120900207,51,571,-520
121000001,347,872,-525
121000002,1327,1040,287
121000003,2092,1102,990
121000004,1603,2121,-518
121000005,1117,1877,-760
121000006,1962,1906,56
121000007,1328,3361,-2033
121000008,2802,3253,-451
121000009,2474,4346,-1872
121000010,4363,3801,562
121000011,3633,6710,-3077
121000012,7419,5147,2272
121000013,3555,4581,-1026
121000014,3926,3647,279
121000015,2764,5721,-2957
121000016,2728,2451,277
121000017,1239,1862,-623
121000018,1593,928,665
121000019,6060,5577,483
121000020,6853,10761,-3908
121000021,1322,1282,40
121000022,1643,2232,-589
121000023,1730,960,770
121000024,3131,3357,-226
121000025,310,994,-684
121000026,237,158,79
121000027,1023,891,132
121000028,588,425,163
121000029,547,418,129
121000030,433,279,154
121000031,409,437,-28
121000032,113,108,5
121000034,275,330,-55
121000035,97,179,-82
121000036,576,673,-97
121000037,336,585,-249
121000038,214,598,-384
121000039,130,242,-112
121000041,344,299,45
121000042,148,282,-134
121000043,391,418,-27
121000044,745,763,-18
121000045,278,191,87
121000046,555,658,-103
121000047,97,150,-53
121000049,665,435,230
121000050,190,1276,-1086
121000051,383,196,187
121000052,294,701,-407
121000053,231,122,109
121000054,34,256,-222
121000055,698,1389,-691
121000056,647,772,-125
121000057,260,407,-147
121000058,177,213,-36
121000059,1910,948,962
121000060,471,863,-392
121000061,53,290,-237
121000062,124,374,-250
121000063,571,884,-313
121000064,460,701,-241
121000065,150,442,-292
121000066,492,750,-258
121000067,250,372,-122
121000068,357,332,25
121000069,137,519,-382
121000070,1011,766,245
121000071,1024,1180,-156
121000072,518,440,78
121000073,697,882,-185
121000074,47,80,-33
121000075,19,89,-70
121000076,240,170,70
121000077,105,109,-4
121000078,76,164,-88
121000080,1090,397,693
121000081,1510,2554,-1044
121000082,76,268,-192
121000083,128,97,31
121000084,196,129,67
121000085,253,303,-50
121000086,400,491,-91
121000087,49,179,-130
121000088,259,275,-16
121000089,154,238,-84
121000090,178,270,-92
121000091,655,537,118
121000092,138,40,98
121000093,136,171,-35
121000094,272,543,-271
121000095,211,710,-499
121000096,2504,1503,1001
121000097,523,1642,-1119
121000098,422,433,-11
121000099,460,400,60
121000100,620,136,484
121000101,227,138,89
121000102,185,89,96
121000103,128,96,32
121000104,192,44,148
121000105,265,60,205
121000106,176,155,21
121000107,1268,1918,-650
121000109,717,619,98
121000110,141,472,-331
121000114,2689,1852,837
121000115,1351,572,779
121000116,231,690,-459
121000117,271,244,27
121000118,1044,155,889
121000119,564,382,182
121000120,186,280,-94
121000121,265,899,-634
121000123,626,447,179
121000127,82,80,2
121000128,682,140,542
121000129,695,268,427
121000130,471,422,49
121000131,917,933,-16
121000132,647,918,-271
121000135,137,216,-79
121000136,806,852,-46
121000137,326,251,75
121000138,534,1107,-573
121000139,409,545,-136
121000141,153,104,49
121000142,392,555,-163
121000143,96,24,72
121000144,305,910,-605
121000145,361,623,-262
121000146,943,1018,-75
121000147,666,312,354
121000148,598,604,-6
121000149,1275,1172,103
121000152,314,213,101
121000153,1147,346,801
121000154,907,357,550
121000155,1182,791,391
121000156,284,651,-367
121000157,522,759,-237
121000158,278,281,-3
121000159,180,284,-104
121000160,239,186,53
121000161,207,212,-5
121000162,94,77,17
121000165,651,1377,-726
121000166,9,252,-243
121000168,275,178,97
121000169,43,93,-50
121000170,318,45,273
121000171,44,130,-86
121000172,689,414,275
121000173,878,805,73
121000174,456,399,57
121000175,913,240,673
121000176,239,247,-8
121000177,474,384,90
121000178,66,31,35
121000179,35,53,-18
121000181,376,305,71
121000182,71,218,-147
121000183,47,82,-35
121000184,31,96,-65
121000185,24,229,-205
121000186,205,371,-166
121000187,138,72,66
121000188,158,63,95
121000192,629,332,297
121000193,433,290,143
121000194,1380,1263,117
121000195,137,769,-632
121000196,382,221,161
121000197,114,604,-490
121000198,133,128,5
121000199,92,127,-35
121000200,443,102,341
121000201,5,129,-124
121000202,448,93,355
121000203,603,1272,-669
121000204,2084,601,1483
121000205,63,174,-111
121000206,54,30,24
121000207,1388,834,554
121000208,5,318,-313
121000209,386,78,308
121000210,532,146,386
121000211,289,74,215
121000212,469,327,142
121000213,9342,1845,7497
121000214,554,1298,-744
121000215,651,974,-323
121000216,360,387,-27
121000217,2422,2255,167
121000218,289,1177,-888
121000219,1024,437,587
121000220,67,31,36
121000221,77,262,-185
121000222,1969,1893,76
121000223,179,712,-533
121000224,142,447,-305
121000225,660,2530,-1870
121000226,966,1095,-129
121000227,1,53,-52
121000228,16,360,-344
121000229,232,341,-109
121000230,35,1300,-1265
121000231,827,18,809
121000232,289,255,34
121000233,420,261,159
121000234,30,47,-17
121000235,52,57,-5
121000236,26,62,-36
121000237,19,12,7
121000238,7,81,-74
121000239,82,7,75
121000240,7,148,-141
121000241,82,2,80
121000242,81,623,-542
121000243,209,60,149
121000244,26,109,-83
121000245,53,20,33
121000246,2,130,-128
121000247,136,8,128
121000248,379,1355,-976
121000249,57,134,-77
121000250,405,279,126
121000251,13,166,-153
121000252,116,82,34
121000253,173,204,-31
121000254,623,107,516
121000255,96,115,-19
121000256,203,132,71
121000257,16,100,-84
121000258,34,59,-25
121000259,17,61,-44
121000260,40,89,-49
121000261,52,73,-21
121000262,934,285,649
121000263,311,331,-20
121000271,550,1038,-488
121000273,19,3,16
121000274,8,59,-51
121000275,9,6,3
121000276,5,16,-11
121000278,38,30,8
121000279,52,10,42
121000280,23,11,12
121000289,122,2,120
121000290,913,830,83
121000294,151,46,105
121000297,415,849,-434
121000299,155,527,-372
121000300,701,363,338
121000302,23,451,-428
121000303,408,161,247
121000304,369,67,302
121000305,118,45,73
121000306,110,117,-7
121000308,98,178,-80
121000309,211,249,-38
121000310,82,160,-78
121000311,44,295,-251
121000312,203,181,22
121000313,170,169,1
121000314,38,59,-21
121000315,19,48,-29
121000530,1300,1073,227
121000531,1226,1061,165
121000532,4072,6149,-2077
121000533,2508,2751,-243
121000918,27,42,-15
121000919,35,74,-39
121000938,49,159,-110
121000939,28,122,-94
121000956,1099,1086,13
121000957,0,9,-9
121000958,6,31,-25
121000959,756,298,458
121000960,884,1412,-528
121000961,269,45,224
121000962,828,453,375
121000963,0,0,0
121000973,0,140,-140
121000976,6,96,-90
121000979,327,66,261
121000981,196,88,108
121000982,266,118,148
121000983,321,146,175
121000984,5,30,-25
121000985,628,212,416
121000986,342,60,282
121000987,170,374,-204
121000988,770,89,681
121001302,185,67,118
121001308,1,6,-5
121001309,21,476,-455
121001313,126,68,58
121001314,941,1290,-349
121001315,4428,2601,1827
121001326,264,278,-14
121900001,73,161,-88
121900002,28,43,-15
121900003,149,0,149
121900004,50,154,-104
121900005,20,4,16
121900006,71,27,44
121900007,1328,1198,130
121900008,61,110,-49
121900009,477,11,466
121900010,172,2,170
121900011,132,85,47
121900012,9,0,9
121900013,494,87,407
121900014,958,319,639
121900015,154,100,54
121900016,4,11,-7
121900017,397,317,80
121900018,344,4,340
121900019,406,106,300
121900020,41,1,40
121900021,605,11,594
121900022,198,188,10
121900023,91,128,-37
121900024,270,72,198
121900025,342,371,-29
121900026,156,26,130
121900027,222,92,130
121900028,142,9,133
121900029,61,178,-117
121900030,270,414,-144
121900031,729,4310,-3581
121900032,62,25,37
121900033,96,227,-131
121900034,202,105,97
121900035,1869,1623,246
121900036,91,384,-293
121900037,78,688,-610
121900038,29,43,-14
121900039,245,36,209
121900040,34,67,-33
121900041,81,184,-103
121900042,271,113,158
121900043,8,4,4
121900044,61,32,29
121900046,126,187,-61
121900047,132,50,82
121900048,23,47,-24
121900050,13,25,-12
121900051,96,124,-28
121900052,104,31,73
121900053,317,200,117
121900054,216,667,-451
121900055,1,7,-6
121900058,192,92,100
121900059,217,110,107
121900060,67,332,-265
121900062,87,82,5
121900063,975,269,706
121900064,190,303,-113
121900066,44,15,29
121900067,37,13,24
121900069,145,84,61
121900070,64,73,-9
121900071,364,142,222
121900072,60,124,-64
121900073,141,287,-146
121900074,225,502,-277
121900075,246,414,-168
121900076,300,373,-73
121900078,39,10,29
121900079,2,1,1
121900080,532,208,324
121900082,58,85,-27
121900084,17,41,-24
121900086,12,38,-26
121900087,53,102,-49
121900088,872,1406,-534
121900089,145,144,1
121900090,33,36,-3
121900091,134,58,76
121900092,62,75,-13
121900093,78,48,30
121900094,23,7,16
121900095,273,128,145
121900096,607,371,236
121900097,414,123,291
121900098,0,0,0
121900099,158,29,129
121900100,59,224,-165
121900101,81,93,-12
121900102,2,79,-77
121900103,194,182,12
121900104,1147,278,869
121900105,230,108,122
121900106,5,6,-1
121900107,43,19,24
121900108,2,33,-31
121900109,140,150,-10
121900110,495,290,205
121900111,424,123,301
121900112,104,149,-45
121900113,68,263,-195
121900114,62,43,19
121900117,81,37,44
121900118,1267,477,790
121900119,121,39,82
121900120,36,589,-553
121900121,237,11,226
121900122,13,30,-17
121900123,87,240,-153
121900124,144,130,14
121900125,1229,673,556
121900127,6,64,-58
121900128,55,62,-7
121900129,178,96,82
121900130,68,248,-180
121900131,166,91,75
121900132,33,69,-36
121900133,39,1306,-1267
121900134,7,234,-227
121900135,2575,310,2265
121900136,280,119,161
121900137,16,200,-184
121900138,40,51,-11
121900139,205,1761,-1556
121900140,56,54,2
121900141,65,25,40
121900142,82,50,32
121900143,2,85,-83
121900144,92,309,-217
121900145,130,158,-28
121900146,309,382,-73
121900147,45,200,-155
121900148,147,214,-67
121900149,179,324,-145
121900150,41,182,-141
121900151,37,186,-149
121900152,87,76,11
121900153,22,294,-272
121900154,8,310,-302
121900155,1,81,-80
121900156,89,135,-46
121900157,2,201,-199
121900158,53,82,-29
121900159,0,105,-105
121900160,129,192,-63
121900161,175,396,-221
121900162,80,111,-31
121900163,211,158,53
121900164,153,227,-74
121900165,115,76,39
121900166,102,109,-7
121900167,56,80,-24
121900168,83,131,-48
121900169,5,142,-137
121900170,10,95,-85
121900171,446,371,75
121900172,385,139,246
121900173,385,168,217
121900174,30,25,5
121900175,42,161,-119
121900176,318,1233,-915
121900177,94,68,26
121900178,38,35,3
121900179,241,170,71
121900180,1404,3051,-1647
121900182,379,458,-79
121900183,437,1041,-604
121900184,43,624,-581
121900186,8,383,-375
121900187,15,91,-76
121900188,317,155,162
121900189,27,41,-14
121900190,144,251,-107
121900191,32,312,-280
121900192,160,1336,-1176
121900193,50,244,-194
121900194,4,212,-208
121900195,12,44,-32
121900196,597,634,-37
121900197,234,644,-410
121900198,1772,1116,656
121900199,2,33,-31
121900200,39,114,-75
121900201,416,470,-54
121900202,96,475,-379
121900203,34,650,-616
121900204,529,648,-119
121900205,11,105,-94
121900206,16,32,-16
121900207,56,30,26
121900208,68,196,-128
121900209,42,43,-1
121900210,1329,949,380
121900211,448,287,161
121900212,34,117,-83
121900213,236,16,220
121900214,3,257,-254
121900215,55,99,-44
121900216,23,136,-113
121900217,118,118,0
121900218,110,428,-318
121900220,86,6,80
121900221,234,365,-131
121900222,200,63,137
121900223,73,32,41
121900224,74,33,41
121900225,59,172,-113
121900226,197,22,175
121900227,267,466,-199
121900228,106,123,-17
121900230,39,130,-91
121900231,74,393,-319
121900232,73,318,-245
121900233,143,148,-5
121900234,200,105,95
121900235,337,72,265
121900236,147,88,59
121900237,185,327,-142
121900238,113,210,-97
121900239,104,25,79
121900240,181,81,100
121900241,52,21,31
121900242,11,0,11
121900243,9,0,9
121900244,5,2,3
121900245,151,99,52
121900246,2985,231,2754
121900248,747,621,126
121900250,116,269,-153
121900251,256,31,225
121900252,304,108,196
121900253,83,688,-605
121900254,269,273,-4
121900255,349,56,293
121900258,2923,1315,1608
121900259,192,361,-169
121900260,65,63,2
121900261,145,447,-302
121900262,399,634,-235
121900263,241,141,100
121900264,635,600,35
121900265,240,103,137
121900266,325,82,243
121900267,59,22,37
121900269,120,516,-396
121900270,46,112,-66
121900271,17,88,-71
121900273,260,1044,-784
121900274,208,201,7
121900277,276,611,-335
121900278,95,674,-579
121900279,96,120,-24
121900280,35,351,-316
121900281,88,149,-61
121900284,32,5,27
121900286,87,45,42
121900287,4,38,-34
121900288,1,1,0
121900290,131,563,-432
121900291,245,693,-448
121900292,69,125,-56
121900293,613,2489,-1876
121900294,220,3,217
121900295,138,105,33
121900296,32,77,-45
121900298,104,658,-554
121900299,0,16,-16
121900300,47,3,44
121900301,80,0,80
121900302,2,115,-113
121900303,255,249,6
121900304,3,14,-11
121900305,11,9,2
121900306,235,1,234
121900307,102,6,96
121900308,7,92,-85
121900309,3,66,-63
121900310,10,173,-163
121900311,530,6,524
121900312,339,11,328
121900313,355,28,327
121900314,3,27,-24
121900315,11,1,10
121900316,0,23,-23
121900317,26,1,25
121900318,1,14,-13
121900319,22,97,-75
121900320,25,17,8
121900321,6,0,6
121900322,1,9,-8
121900323,23,18,5
121900324,1,24,-23
121900325,28,0,28
121900326,4,22,-18
121900327,4,34,-30
121900328,1,18,-17
121900329,1,70,-69
121900330,4,224,-220
121900331,19,3,16
121900332,42,15,27
121900333,55,1,54
121900334,53,50,3
122000001,819,3834,-3015
122000002,1438,872,566
122000003,932,1977,-1045
122000004,1187,909,278
122000005,2801,1753,1048
122000006,835,1050,-215
122000007,491,1459,-968
122000008,905,2456,-1551
122000009,539,442,97
122000010,1920,2220,-300
122000011,3957,1574,2383
122000012,517,2879,-2362
122000013,474,1255,-781
122000014,2422,1044,1378
122000015,757,762,-5
122000016,327,580,-253
122000017,868,941,-73
122000018,1360,1182,178
122000019,615,1326,-711
122000020,134,273,-139
122000021,133,295,-162
122000022,771,1045,-274
122000023,729,1181,-452
122000024,396,2093,-1697
122000025,477,2305,-1828
122000026,339,1271,-932
122000027,391,854,-463
122000028,883,501,382
122000029,215,450,-235
122000031,113,336,-223
122000032,2797,1696,1101
122000033,317,2431,-2114
122000034,248,642,-394
122000035,124,520,-396
122000036,352,411,-59
122000037,508,213,295
122000038,166,341,-175
122000039,173,373,-200
122000040,385,472,-87
122000041,353,768,-415
122000042,285,433,-148
122000043,88,120,-32
122000044,112,102,10
122000045,1264,689,575
122000046,577,856,-279
122000047,96,160,-64
122000048,1663,2591,-928
122000049,4435,2573,1862
122000050,523,957,-434
122000051,135,474,-339
122000052,264,416,-152
122000053,145,781,-636
122000054,1252,1505,-253
122000055,1264,3416,-2152
122000056,2149,2280,-131
122000057,2458,3389,-931
122000058,697,1770,-1073
122000059,791,2908,-2117
122000060,274,770,-496
122000061,197,537,-340
122000062,423,280,143
122000063,383,1085,-702
122000064,1841,3865,-2024
122000065,1567,1889,-322
122000066,228,431,-203
122000067,683,962,-279
122000068,1047,684,363
122000069,764,768,-4
122000070,608,856,-248
122000071,1927,934,993
122000072,531,503,28
122000073,325,1298,-973
122000074,1953,897,1056
122000075,592,763,-171
122000076,4940,1399,3541
122000077,506,1511,-1005
122000078,690,3504,-2814
122000079,279,2014,-1735
122000080,348,616,-268
122000081,100,188,-88
122000082,239,1046,-807
122000083,2043,603,1440
122000084,2103,680,1423
122000085,214,472,-258
122000086,1462,3792,-2330
122000087,126,163,-37
122000088,74,162,-88
122000089,3212,1346,1866
122000090,104,444,-340
122000091,63,190,-127
122000092,47,24,23
122000093,1223,2242,-1019
122000094,3317,1815,1502
122000095,475,2242,-1767
122000096,326,1176,-850
122000098,1715,2543,-828
122000099,590,931,-341
122000100,502,323,179
122000101,216,311,-95
122000102,1464,724,740
122000103,1187,1220,-33
122000104,649,122,527
122000105,309,290,19
122000106,319,1027,-708
122000107,730,317,413
122000108,360,611,-251
122000109,428,221,207
122000110,409,517,-108
122000111,2619,1002,1617
122000112,1015,1143,-128
122000113,518,514,4
122000114,1233,2129,-896
122000115,1143,824,319
122000116,229,367,-138
122000117,695,204,491
122000118,407,409,-2
122000119,1374,1062,312
122000120,672,1680,-1008
122000121,580,1270,-690
122000122,285,672,-387
122000123,776,965,-189
122000124,533,406,127
122000125,298,516,-218
122000126,261,541,-280
122000127,368,506,-138
122000128,201,265,-64
122000129,385,1050,-665
122000130,1548,933,615
122000131,622,574,48
122000132,177,265,-88
122000133,551,499,52
122000134,627,558,69
122000135,380,288,92
122000136,459,417,42
122000137,1211,525,686
122000139,632,2022,-1390
122000140,372,536,-164
122000141,2217,1054,1163
122000142,90,1103,-1013
122000143,180,241,-61
122000144,742,673,69
122000145,372,710,-338
122000146,348,1216,-868
122000147,377,406,-29
122000148,547,1095,-548
122000149,1215,956,259
122000150,803,669,134
122000151,66,196,-130
122000152,201,235,-34
122000153,241,305,-64
122000154,159,191,-32
122000155,854,1577,-723
122000156,2883,2388,495
122000157,585,3037,-2452
122000158,204,486,-282
122000159,400,543,-143
122000160,1200,1033,167
122000161,587,657,-70
122000162,590,1122,-532
122000163,257,79,178
122000164,28,144,-116
122000165,500,713,-213
122000166,626,1252,-626
122000167,204,309,-105
122000168,127,643,-516
122000169,400,166,234
122000170,213,212,1
122000171,25,78,-53
122000172,1192,874,318
122000173,1019,1842,-823
122000174,1117,926,191
122000175,394,226,168
122000176,173,787,-614
122000177,732,1092,-360
122000178,3115,1738,1377
122000179,1694,2220,-526
122000180,699,942,-243
122000181,807,1630,-823
122000182,1236,810,426
122000183,1495,673,822
122000184,1767,2075,-308
122000185,750,2040,-1290
122000186,373,1242,-869
122000187,1140,821,319
122000188,300,192,108
122000189,128,283,-155
122000190,481,1206,-725
122000191,610,514,96
122000192,391,165,226
122000193,237,465,-228
122000194,599,313,286
122000195,90,453,-363
122000196,647,431,216
122000197,257,522,-265
122000198,304,1527,-1223
122000199,150,274,-124
122000200,624,417,207
122000201,1062,1599,-537
122000202,596,1679,-1083
122000203,1445,935,510
122000204,729,1053,-324
122000205,503,735,-232
122000206,2487,790,1697
122000207,1490,980,510
122000208,1261,1321,-60
122000209,1202,417,785
122000210,1163,1391,-228
122000211,690,1101,-411
122000212,464,373,91
122000213,651,940,-289
122000214,1191,1281,-90
122000215,1604,1170,434
122000217,888,1419,-531
122000218,582,54,528
122000219,725,540,185
122000220,258,559,-301
122000221,48,225,-177
122000222,95,49,46
122000223,732,356,376
122000225,507,274,233
122000226,976,950,26
122000227,115,1142,-1027
122000228,188,183,5
122000229,12,279,-267
122000230,26,232,-206
122000231,202,489,-287
122000232,432,460,-28
122000233,0,48,-48
122000234,303,44,259
122000235,285,49,236
122000236,1165,96,1069
122000237,62,70,-8
122000238,284,351,-67
122000239,418,95,323
122000240,920,337,583
122000241,1293,353,940
122000242,410,64,346
122000243,218,42,176
122000244,79,110,-31
122000245,99,102,-3
122000246,270,145,125
122000247,306,270,36
122000248,509,595,-86
122000249,847,626,221
122000250,1231,712,519
122000251,106,178,-72
122000252,299,94,205
122000253,61,244,-183
122000254,179,54,125
122000255,489,620,-131
122000256,213,359,-146
122000257,119,113,6
122000258,193,215,-22
122000259,30,242,-212
122000261,15,170,-155
122000262,0,29,-29
122000263,208,298,-90
122000264,921,219,702
122000265,1731,742,989
122000266,2657,502,2155
122000267,99,72,27
122000268,80,214,-134
122000269,601,229,372
122000270,387,165,222
122000271,184,890,-706
122000272,240,772,-532
122000273,191,270,-79
122000274,165,150,15
122000275,36,117,-81
122000276,454,301,153
122000277,724,984,-260
122000278,1269,322,947
122000279,160,190,-30
122000280,571,267,304
122000281,599,406,193
122000282,206,313,-107
122000283,202,194,8
122000284,186,50,136
122000285,318,55,263
122000286,54,80,-26
122000287,912,1002,-90
122000288,378,174,204
122000291,1657,603,1054
122000293,123,103,20
122000294,122,174,-52
122000295,834,171,663
122000296,18,476,-458
122000297,1250,2599,-1349
122000299,391,247,144
122000300,324,328,-4
122000301,4024,1978,2046
122000302,251,1102,-851
122000303,1315,765,550
122000304,32,95,-63
122000305,832,346,486
122000306,42,253,-211
122000307,121,69,52
122000309,29,29,0
122000310,11,97,-86
122000311,158,114,44
122000312,111,245,-134
122000313,170,85,85
122000314,90,212,-122
122000315,138,49,89
122000316,665,134,531
122000317,976,116,860
122000318,344,447,-103
122000319,115,142,-27
122000320,355,864,-509
122000321,46,91,-45
122000322,1385,1545,-160
122000323,690,2084,-1394
122000324,1076,1501,-425
122000325,526,2368,-1842
122000326,77,60,17
122000327,259,416,-157
122000328,332,226,106
122000330,972,956,16
122000332,145,120,25
122000333,26,97,-71
122000337,727,426,301
122000338,300,174,126
122000340,149,1337,-1188
122000342,908,487,421
122000343,368,400,-32
122000344,54,15,39
122000345,204,23,181
122000346,196,170,26
122000348,483,422,61
122000349,97,379,-282
122000351,96,247,-151
122000352,540,208,332
122000353,160,121,39
122000355,126,222,-96
122000356,508,1001,-493
122000357,67,15,52
122000358,0,14,-14
122000359,0,8,-8
122000360,0,12,-12
122000362,4,19,-15
122000364,149,176,-27
122000365,1,13,-12
122000366,7,4,3
122000368,371,484,-113
122000370,23,8,15
122000371,26,0,26
122000372,10,1,9
122000381,92,228,-136
122000382,71,176,-105
122000384,896,802,94
122000385,44,0,44
122000386,117,1075,-958
122000387,286,682,-396
122000388,578,612,-34
122000389,129,989,-860
122000390,285,289,-4
122000391,130,525,-395
122000392,128,165,-37
122000393,7,26,-19
122000394,437,115,322
122000395,93,76,17
122000396,178,74,104
122000397,18,31,-13
122000398,21,22,-1
122000399,123,66,57
122000400,59,590,-531
122000401,215,82,133
122000402,260,133,127
122000403,266,274,-8
122000404,90,79,11
122000408,450,659,-209
122000503,8,63,-55
122000524,87,182,-95
122000544,65,1405,-1340
122000614,267,240,27
122000616,114,1,113
122000640,52,43,9
122000641,136,149,-13
122000642,866,468,398
122000643,56,95,-39
122000644,90,19,71
122000645,68,151,-83
122000651,446,1687,-1241
122000664,109,25,84
122000665,755,341,414
122000666,384,715,-331
122000673,26,134,-108
122000674,136,104,32
122000675,1329,395,934
122000686,257,873,-616
122000687,950,265,685
122000688,182,209,-27
122000689,615,135,480
122000690,2051,149,1902
122000691,650,595,55
122000692,840,122,718
122000693,242,568,-326
122000695,233,211,22
122000696,355,85,270
122000698,333,206,127
122000699,141,22,119
122000701,1172,178,994
122000702,267,552,-285
122000703,144,56,88
122000712,0,0,0
122000717,67,31,36
122000718,792,1478,-686
122000719,121,59,62
122000720,500,70,430
122000724,149,172,-23
122900001,22,6,16
122900002,629,3857,-3228
122900003,251,20,231
122900004,1333,45,1288
122900005,88,87,1
122900006,295,631,-336
122900007,64,76,-12
122900008,181,100,81
122900009,411,216,195
122900010,136,94,42
122900012,136,324,-188
122900014,84,125,-41
122900015,440,562,-122
122900016,111,127,-16
122900017,128,482,-354
122900018,100,12,88
122900019,26,86,-60
122900020,113,227,-114
122900021,20,207,-187
122900024,111,87,24
122900025,5,229,-224
122900026,11,134,-123
122900027,37,311,-274
122900028,76,66,10
122900029,3340,1724,1616
122900030,860,379,481
122900031,33,216,-183
122900032,117,203,-86
122900033,155,79,76
122900034,2380,3023,-643
122900035,17,24,-7
122900036,66,44,22
122900037,234,123,111
122900038,34,1682,-1648
122900039,63,350,-287
122900040,145,447,-302
122900041,247,217,30
122900042,139,201,-62
122900043,157,148,9
122900044,73,240,-167
122900045,92,127,-35
122900046,99,222,-123
122900047,75,138,-63
122900048,35,108,-73
122900049,1332,117,1215
122900051,45,198,-153
122900052,174,185,-11
122900053,20,23,-3
122900055,169,48,121
122900057,128,24,104
122900061,365,95,270
122900062,408,363,45
122900063,104,110,-6
122900064,523,228,295
122900065,248,69,179
122900066,543,479,64
122900067,506,233,273
122900069,298,998,-700
122900070,250,152,98
122900071,93,189,-96
122900073,22,86,-64
122900074,588,172,416
122900075,0,50,-50
122900076,4,121,-117
122900077,21,67,-46
122900078,143,0,143
122900080,20,36,-16
122900081,95,68,27
122900082,617,69,548
122900083,79,53,26
122900084,4,69,-65
122900086,9,50,-41
122900087,220,293,-73
122900088,18,354,-336
122900089,151,154,-3
122900090,8,211,-203
122900091,307,11,296
122900092,141,85,56
122900093,0,104,-104
122900094,25,98,-73
122900095,113,13,100
122900096,110,9,101
122900097,33,37,-4
122900098,37,96,-59
122900099,138,10,128
122900100,52,512,-460
122900101,242,179,63
122900102,18,13,5
122900103,138,7,131
122900104,192,2,190
122900105,27,6,21
122900106,3,30,-27
122900107,7,62,-55
122900108,0,79,-79
122900109,600,321,279
123000001,745,580,165
123000002,1829,4128,-2299
123000003,2960,2938,22
123000004,2259,2613,-354
123000005,2040,2145,-105
123000006,1472,1505,-33
123000007,2783,1941,842
123000008,1687,1963,-276
123000009,3276,2327,949
123000010,2513,2725,-212
123000011,1270,986,284
123000012,443,2059,-1616
123000013,2463,907,1556
123000014,465,2288,-1823
123000015,1320,806,514
123000016,1793,2254,-461
123000017,2442,1447,995
123000018,139,66,73
123000019,322,31,291
123000020,204,28,176
123000021,141,113,28
123000022,232,1143,-911
123000023,1319,1446,-127
123000024,1351,609,742
123000025,243,88,155
123000026,29,83,-54
123000027,54,616,-562
123000028,943,984,-41
123000029,547,1222,-675
123000030,189,77,112
123000031,237,106,131
123000032,366,57,309
123000033,217,100,117
123000034,807,620,187
123000035,303,301,2
123000036,213,791,-578
123000037,176,110,66
123000038,47,217,-170
123000039,374,1019,-645
123000040,335,153,182
123000041,555,1067,-512
123000042,414,713,-299
123000043,1255,7809,-6554
123000044,2092,1489,603
123000045,2668,1452,1216
123000046,253,766,-513
123000047,710,789,-79
123000048,46,622,-576
123000049,3343,5652,-2309
123000050,1396,1109,287
123000051,68,127,-59
123000052,519,2523,-2004
123000053,1498,2202,-704
123000054,1160,922,238
123000055,1118,2474,-1356
123000056,688,683,5
123000057,2898,3310,-412
123000058,475,857,-382
123000059,187,304,-117
123000060,668,318,350
123000061,194,385,-191
123000063,594,587,7
123000064,700,155,545
123000065,2088,1453,635
123000066,266,407,-141
123000067,598,291,307
123000068,1179,1350,-171
123000069,2679,1223,1456
123000070,130,335,-205
123000071,1013,543,470
123000072,877,363,514
123000073,1343,482,861
123000074,841,565,276
123000075,256,876,-620
123000076,507,200,307
123000077,1476,1038,438
123000078,1569,1055,514
123000079,1476,1082,394
123000080,1496,659,837
123000081,146,197,-51
123000082,162,502,-340
123000083,674,235,439
123000084,575,366,209
123000085,305,65,240
123000086,630,70,560
123000087,284,130,154
123000088,788,294,494
123000089,565,632,-67
123000090,964,577,387
123000091,933,847,86
123000092,729,785,-56
123000094,423,169,254
123000095,471,395,76
123000096,670,240,430
123000097,431,296,135
123000098,628,377,251
123000099,467,360,107
123000100,309,511,-202
123000101,442,419,23
123000102,339,539,-200
123000104,300,366,-66
123000105,302,268,34
123000106,275,303,-28
123000107,151,224,-73
123000108,340,622,-282
123000111,823,304,519
123000112,890,358,532
123000113,449,519,-70
123000114,292,413,-121
123000115,213,210,3
123000116,45,46,-1
123000117,1042,704,338
123000118,323,322,1
123000119,169,397,-228
123000120,207,409,-202
123000121,321,421,-100
123000122,257,209,48
123000123,359,374,-15
123000124,305,277,28
123000125,955,803,152
123000126,800,2505,-1705
123000127,497,345,152
123000128,171,159,12
123000129,621,137,484
123000130,604,56,548
123000131,883,636,247
123000132,176,313,-137
123000133,98,170,-72
123000134,145,90,55
123000135,1583,602,981
123000136,178,357,-179
123000137,50,128,-78
123000138,66,169,-103
123000139,398,70,328
123000140,50,286,-236
123000141,381,103,278
123000142,620,492,128
123000143,880,1389,-509
123000144,2,19,-17
123000147,134,110,24
123000149,187,206,-19
123000150,76,130,-54
123000151,133,360,-227
123000152,12,176,-164
123000153,48,394,-346
123000154,556,999,-443
123000155,919,477,442
123000156,17,67,-50
123000157,377,505,-128
123000158,343,572,-229
123000159,1995,2150,-155
123000160,665,591,74
123000161,1009,696,313
123000162,751,1121,-370
123000163,356,81,275
123000164,807,105,702
123000165,295,468,-173
123000167,4,64,-60
123000168,186,145,41
123000169,605,61,544
123000170,74,32,42
123000171,523,7,516
123000172,336,410,-74
123000173,468,357,111
123000174,807,448,359
123000175,363,526,-163
123000176,595,136,459
123000177,206,365,-159
123000178,686,89,597
123000179,35,264,-229
123000180,1078,184,894
123000181,139,427,-288
123000182,118,112,6
123000183,75,267,-192
123000184,88,222,-134
123000185,521,235,286
123000186,6,246,-240
123000187,540,7,533
123000188,229,2,227
123000189,90,80,10
123000190,44,103,-59
123000192,16,275,-259
123000193,82,523,-441
123000194,146,81,65
123000195,308,36,272
123000196,233,20,213
123000197,38,63,-25
123000198,26,1230,-1204
123000199,16,524,-508
123000200,370,9,361
123000201,518,14,504
123000202,4,495,-491
123000203,771,37,734
123000204,45,459,-414
123000205,287,763,-476
123000206,1483,119,1364
123000207,184,581,-397
123000208,515,161,354
123000209,2535,738,1797
123000210,601,1776,-1175
123000211,438,1067,-629
123000212,2387,378,2009
123000213,503,84,419
123000215,49,126,-77
123000216,131,435,-304
123000217,139,26,113
123000218,27,330,-303
123000219,403,42,361
123000220,370,90,280
123000221,105,41,64
123000222,218,146,72
123000223,368,112,256
123000224,321,182,139
123000225,170,25,145
123000226,69,207,-138
123000227,58,147,-89
123000228,215,41,174
123000229,539,846,-307
123000232,57,293,-236
123000233,586,108,478
123000234,68,359,-291
123000235,873,242,631
123000236,149,365,-216
123000237,236,58,178
123000238,38,238,-200
123000239,301,405,-104
123000240,42,399,-357
123000241,182,51,131
123000242,72,139,-67
123000243,647,1012,-365
123000244,807,495,312
123000245,14,117,-103
123000249,217,312,-95
123000252,732,196,536
123000253,1048,445,603
123000254,530,427,103
123000255,664,511,153
123000256,26,77,-51
123000257,1443,756,687
123000258,684,371,313
123000259,402,348,54
123000260,467,249,218
123000261,153,83,70
123000263,312,171,141
123000264,137,86,51
123000265,49,107,-58
123000266,327,312,15
123000267,374,237,137
123000268,41,50,-9
123000269,155,38,117
123000270,68,37,31
123000271,52,47,5
123000272,485,253,232
123000273,179,682,-503
123000274,761,454,307
123000275,164,510,-346
123000278,1196,1573,-377
123000279,108,65,43
123000280,246,159,87
123000281,172,81,91
123000282,57,191,-134
123000283,48,51,-3
123000284,58,36,22
123000286,212,259,-47
123000287,579,285,294
123000288,999,617,382
123000289,254,839,-585
123000291,115,631,-516
123000294,203,262,-59
123000295,787,1063,-276
123000296,672,642,30
123000297,566,287,279
123000298,1004,553,451
123000299,385,234,151
123000300,785,693,92
123000301,58,174,-116
123000302,46,83,-37
123000303,56,227,-171
123000305,555,581,-26
123000306,111,49,62
123000309,33,34,-1
123000310,23,35,-12
123000311,0,47,-47
123000312,362,245,117
123000313,397,210,187
123000315,86,159,-73
123000316,432,243,189
123000317,370,83,287
123000318,89,217,-128
123000329,3,9,-6
123000337,604,869,-265
123000338,162,124,38
123000339,217,40,177
123000340,161,276,-115
123000342,16,68,-52
123000343,42,16,26
123000344,585,219,366
123000345,199,318,-119
123000346,370,26,344
123000352,640,651,-11
123000353,61,80,-19
123000354,165,3,162
123000355,0,99,-99
123000356,217,3,214
123000357,0,37,-37
123000359,5,63,-58
123000360,196,44,152
123000361,87,131,-44
123000362,253,55,198
123000363,60,81,-21
123000364,322,330,-8
123000365,5,210,-205
123000366,261,1444,-1183
123000367,218,376,-158
123000370,29,185,-156
123000371,331,27,304
123000372,262,23,239
123000373,10,137,-127
123000374,4,62,-58
123000375,341,9,332
123000376,740,635,105
123000377,291,4,287
123000378,6,131,-125
123000379,1,71,-70
123000380,24,278,-254
123000381,66,110,-44
123000382,441,61,380
123000383,50,550,-500
123000384,347,119,228
123000385,48,371,-323
123000436,26,781,-755
123000507,110,147,-37
123000508,128,763,-635
123000517,188,21,167
123000518,18,117,-99
123000519,80,77,3
123000520,24,123,-99
123000521,319,91,228
123000522,97,182,-85
123000541,6,1,5
123000542,0,6,-6
123000565,707,35,672
123000566,247,137,110
123000567,132,95,37
123000573,39,315,-276
123000574,427,43,384
123000575,1016,638,378
123000576,569,638,-69
123000577,37,431,-394
123000578,218,95,123
123000579,764,4031,-3267
123000580,229,45,184
123000582,281,26,255
123000583,13,149,-136
123000584,105,170,-65
123000585,0,41,-41
123000586,45,10,35
123000596,218,158,60
123000597,62,212,-150
123000602,42,2,40
123000603,768,270,498
123000604,379,154,225
123000605,549,13,536
123000606,0,256,-256
123000609,20,206,-186
123000610,88,84,4
123000613,43,161,-118
123000614,172,13,159
123000615,12,90,-78
123000616,475,49,426
123000617,65,66,-1
123000618,34,274,-240
123000619,248,30,218
123000620,48,184,-136
123000622,316,8,308
123000624,129,51,78
123000630,1305,266,1039
123000631,148,396,-248
123000632,422,378,44
123000633,1,177,-176
123000634,39,149,-110
123000635,45,79,-34
123000636,29,264,-235
123000637,154,18,136
123000638,296,17,279
123000639,452,2939,-2487
123000640,33,239,-206
123000648,365,95,270
123000649,52,273,-221
123000650,36,25,11
123000651,3,83,-80
123900001,716,28,688
123900002,12,950,-938
123900003,146,235,-89
123900005,162,118,44
123900006,218,31,187
124000001,1114,121,993
124000002,19,580,-561
124000003,862,126,736
124000004,45,252,-207
124000005,693,269,424
124000006,113,394,-281
124000007,346,60,286
124000008,12,255,-243
124000009,638,215,423
124000010,173,172,1
124000011,675,207,468
124000012,106,187,-81
124000017,152,90,62
124000018,104,39,65
124000019,108,103,5
124000020,14,67,-53
124000021,108,82,26
124000022,52,88,-36
124000023,651,251,400
124000024,70,140,-70
124000025,679,516,163
124000026,219,153,66
124000027,1259,764,495
124000028,1160,721,439
124000031,872,2487,-1615
124000032,830,416,414
124000033,721,476,245
124000034,283,477,-194
124000035,288,130,158
124000036,99,255,-156
124000037,176,788,-612
124000038,20,50,-30
124000039,352,278,74
124000040,223,582,-359
124000041,261,75,186
124000042,75,220,-145
124000043,48,92,-44
124000044,68,103,-35
124000045,612,308,304
124000046,124,367,-243
124000047,1223,402,821
124000048,604,428,176
124000049,1276,273,1003
124000050,579,711,-132
124000051,682,296,386
124000052,393,392,1
124000053,452,1245,-793
124000054,543,249,294
124000055,980,2105,-1125
124000056,939,661,278
124000057,884,346,538
124000058,314,667,-353
124000059,559,863,-304
124000060,413,356,57
124000061,999,4409,-3410
124000062,1292,881,411
124000063,899,851,48
124000064,1319,741,578
124000065,5,31,-26
124000066,103,66,37
124000067,170,101,69
124000068,72,188,-116
124000069,389,103,286
124000070,148,236,-88
124000071,73,58,15
124000072,17,21,-4
124000073,354,74,280
124000074,183,371,-188
124000075,230,23,207
124000076,7,53,-46
124000077,621,427,194
124000078,1543,797,746
124000079,132,744,-612
124000080,423,132,291
124000081,180,266,-86
124000082,30,150,-120
124000083,29,73,-44
124000084,62,537,-475
124000085,71,34,37
124000086,157,60,97
124000088,40,225,-185
124000089,611,135,476
124000090,131,148,-17
124000091,356,103,253
124000092,153,355,-202
124000093,82,44,38
124000094,44,253,-209
124000095,89,82,7
124000096,87,126,-39
124000097,117,105,12
124000098,48,76,-28
124000099,203,79,124
124000100,41,84,-43
124000101,86,80,6
124000102,72,29,43
124000103,137,114,23
124000104,55,27,28
124000105,112,82,30
124000106,115,30,85
124000107,13,199,-186
124000108,37,18,19
124000109,93,104,-11
124000110,118,59,59
124000111,186,83,103
124000112,586,336,250
124000113,73,60,13
124000114,278,192,86
124000115,282,384,-102
124000116,94,117,-23
124000117,28,48,-20
124000118,32,78,-46
124000119,443,382,61
124000120,239,242,-3
124000121,815,460,355
124000122,320,886,-566
124000123,653,293,360
124000124,290,514,-224
124000125,318,275,43
124000126,166,348,-182
124000127,598,254,344
124000128,363,488,-125
124000129,1434,1041,393
124000130,541,365,176
124000131,562,452,110
124000132,473,484,-11
124000133,818,523,295
124000134,276,178,98
124000135,1667,1316,351
124000136,409,397,12
124000137,781,630,151
124000138,675,1077,-402
124000139,448,133,315
124000140,18,219,-201
124000141,621,32,589
124000142,37,233,-196
124000143,93,14,79
124000144,4,73,-69
124000145,91,68,23
124000146,10,62,-52
124000148,6,83,-77
124000149,725,293,432
124000150,125,406,-281
124000151,507,127,380
124000152,309,489,-180
124000153,538,406,132
124000154,217,311,-94
124000155,838,614,224
124000156,617,506,111
124000169,138,297,-159
124000170,326,317,9
124000171,182,148,34
124000172,189,332,-143
124000173,406,138,268
124000174,287,287,0
124000175,12,27,-15
124000176,36,11,25
124000177,2,11,-9
124000178,30,41,-11
124000185,49,14,35
124000186,5,16,-11
124000187,5,38,-33
124000188,63,17,46
124000190,47,48,-1
124000191,34,237,-203
124000192,665,354,311
124000193,159,597,-438
124000194,263,248,15
124000195,255,562,-307
124000196,688,529,159
124000197,23,26,-3
124000198,41,34,7
124000201,215,414,-199
124000202,522,47,475
124000203,218,152,66
124000204,731,6,725
124000205,72,165,-93
124000206,712,41,671
124000207,1,19,-18
124000209,139,172,-33
124000210,501,133,368
124000211,727,7,720
124000212,0,144,-144
124000213,400,131,269
124000214,398,257,141
124000215,398,35,363
124000216,2,132,-130
124000329,14,231,-217
124000338,128,462,-334
124000339,879,73,806
124000341,1310,57,1253
124000344,69,9,60
124000357,1631,2611,-980
124000358,966,1816,-850
124000359,984,605,379
124000360,703,327,376
124000361,1133,703,430
124000362,737,828,-91
124000363,221,207,14
124000364,392,382,10
124000365,544,638,-94
124000366,1107,931,176
124000367,78,185,-107
124000368,341,326,15
124000369,82,87,-5
124000370,31,272,-241
124000402,18,25,-7
124000403,100,32,68
124000404,16,27,-11
124000405,664,510,154
124000406,357,389,-32
124000407,3,17,-14
124000411,7,86,-79
124000412,355,6,349
124000413,56,17,39
124000414,131,92,39
124000415,70,55,15
124000416,114,78,36
124000417,199,68,131
124000418,167,63,104
124000419,84,55,29
124000420,81,62,19
124000421,42,51,-9
124000422,18,16,2
124000423,68,12,56
124000424,3,48,-45
124000425,128,5,123
124000426,2,60,-58
124000427,182,8,174
124000428,7,54,-47
124000429,85,33,52
124000430,356,131,225
124000431,375,232,143
124000432,175,401,-226
124000439,5,3,2
124000443,0,3,-3
124000445,291,1124,-833
124000446,493,212,281
124000447,23,117,-94
124000448,85,9,76
124000449,172,14,158
124000450,9,54,-45
124000451,3,24,-21
124000452,178,87,91
124000453,1978,2776,-798
124000454,697,2233,-1536
124900001,604,299,305
124900002,106,129,-23
124900003,674,206,468
124900004,673,212,461
124900005,167,62,105
124900006,654,184,470
124900008,715,525,190
124900009,100,243,-143
124900010,100,137,-37
124900011,339,173,166
124900012,339,74,265
124900013,501,218,283
124900014,378,89,289
124900015,75,260,-185
124900016,83,66,17
124900017,424,1510,-1086
124900018,315,31,284
124900020,53,38,15
124900021,238,30,208
124900024,223,2,221
124900026,69,3,66
124900027,113,317,-204
124900028,132,48,84
124900030,3,49,-46
124900031,15,82,-67
124900033,63,111,-48
124900035,67,215,-148
124900036,2,50,-48
124900037,106,73,33
124900039,3,59,-56
124900040,35,59,-24
124900042,81,41,40
124900043,208,378,-170
124900044,92,3,89
124900045,256,676,-420
124900047,382,265,117
124900050,310,187,123
124900052,80,201,-121
124900053,215,359,-144
124900054,392,394,-2
124900055,4,191,-187
124900057,11,63,-52
124900060,331,295,36
124900061,164,7,157
124900062,158,15,143
124900066,1,106,-105
124900067,21,157,-136
124900068,118,320,-202
124900070,99,202,-103
124900072,276,57,219
124900075,407,328,79
124900076,44,1378,-1334
124900077,123,204,-81
124900078,71,6,65
124900080,373,393,-20
124900081,900,202,698
124900082,465,623,-158
124900083,572,610,-38
124900085,819,944,-125
124900086,26,835,-809
124900087,737,67,670
124900088,426,154,272
124900089,804,107,697
124900090,311,133,178
124900091,245,176,69
124900092,153,146,7
124900093,268,87,181
124900094,432,177,255
124900095,75,339,-264
124900096,235,159,76
124900097,217,40,177
124900098,91,163,-72
124900099,205,364,-159
124900100,187,22,165
124900101,22,11,11
124900102,205,9,196
124900103,119,85,34
124900104,27,55,-28
124900105,69,49,20
124900106,243,9,234
124900107,67,16,51
124900108,181,117,64
124900111,5,161,-156
124900112,172,230,-58
124900113,35,188,-153
124900114,76,92,-16
124900115,27,17,10
124900116,155,165,-10
124900117,122,160,-38
124900118,108,361,-253
124900119,235,54,181
124900120,29,200,-171
124900121,239,149,90
124900122,142,130,12
124900123,283,308,-25
124900124,246,328,-82
124900125,58,0,58
124900126,2,44,-42
204000001,139,5,134
204000002,41,4,37
204000003,17,0,17
204000004,4,2,2
204000005,519,412,107
204000006,1080,933,147
204000011,11,20,-9
204000012,31,103,-72
204000019,713,307,406
204000020,553,378,175
204000021,859,567,292
204000022,634,369,265
204000023,569,403,166
204000031,37,12,25
204000032,192,29,163
204000034,45,57,-12
204000035,0,6,-6
204000036,8,29,-21
204000037,2,16,-14
204000038,0,5,-5
204000039,2,6,-4
204000040,1,9,-8
204000041,5,6,-1
204000042,12,14,-2
204000043,44,2,42
204000044,20,2,18
204000045,31,4,27
204000046,13,2,11
204000057,0,2,-2
204000062,26,23,3
204000068,20,263,-243
204000069,79,285,-206
204000070,74,52,22
204000080,39,38,1
204000085,1588,1003,585
204000086,1705,1067,638
204000087,46,9,37
204000088,5,62,-57
204000090,71,95,-24
204000093,359,40,319
204000096,957,951,6
204000097,299,9,290
204000099,878,1205,-327
204000100,1360,1424,-64
204000105,1267,690,577
204000110,307,696,-389
204000111,388,365,23
204000112,431,349,82
204000113,198,416,-218
204000114,582,531,51
204000115,561,278,283
204000116,366,414,-48
204000119,1612,1900,-288
204000132,571,233,338
204000133,674,112,562
204000134,132,41,91
204000135,519,32,487
204000136,477,149,328
204000138,339,398,-59
204000140,168,114,54
204000141,135,58,77
204000144,5,21,-16
204000145,355,28,327
204000146,18,154,-136
204000147,13,109,-96
204000148,154,33,121
204000154,2,1,1
204000155,0,8,-8
204000177,64,25,39
204000179,61,8,53
204000180,0,38,-38
204000222,0,4,-4
204000235,27,5,22
204000236,30,160,-130
204000238,19,21,-2
204000240,241,56,185
204000263,488,564,-76
204000268,572,443,129
204000308,116,32,84
204000317,19,41,-22
204000322,9,32,-23
204000323,17,10,7
204000328,107,46,61
204000329,43,100,-57
204000330,110,46,64
204000331,106,104,2
205000001,684,981,-297
205000013,7,32,-25
205000014,21,41,-20
205000015,38,64,-26
205000016,5,91,-86
205000017,11,43,-32
205000022,304,547,-243
205000025,911,628,283
205000029,211,4,207
205000045,116,736,-620
205000046,116,510,-394
205000047,38,280,-242
205000048,332,525,-193
205000049,124,480,-356
205000050,516,207,309
205000059,0,123,-123
205000060,0,70,-70
205000061,0,113,-113
205000062,1,189,-188
205000063,31,162,-131
205000064,19,66,-47
205000065,59,375,-316
205000066,75,383,-308
205000067,21,477,-456
205000069,215,12,203
205000082,135,93,42
205000110,86,129,-43
205000111,189,125,64
205000112,132,144,-12
205000113,88,221,-133
205000121,178,30,148
205000123,16,154,-138
205000126,341,81,260
205000127,840,137,703
205000128,355,35,320
205000129,670,39,631
205000130,105,15,90
205000131,18,4,14
205000132,67,6,61
205000133,33,1,32
205000134,271,0,271
205000137,75,88,-13
205000138,82,159,-77
205000139,19,79,-60
205000144,69,66,3
205000145,252,124,128
205000151,166,21,145
205000152,143,12,131
205000153,246,13,233
205000154,62,24,38
205000155,94,6,88
205000207,3,102,-99
205000233,15,0,15
205000234,0,1,-1
205000243,0,0,0
205000244,0,2,-2
205000245,5,82,-77
205000249,0,8,-8
205000250,8,0,8
205000264,5,40,-35
206000027,2,0,2
206000028,4,2,2
206000043,3,32,-29
206000053,0,3,-3
206000054,2,24,-22
206000055,1,19,-18
206000075,15,21,-6
206000076,7,18,-11
206000077,15,7,8
206000078,19,4,15
206000079,32,3,29
206000082,186,34,152
206000100,11,251,-240
206000103,4,3,1
206000104,20,14,6
206000105,5,3,2
206000106,7,6,1
206000125,90,0,90
206000157,22,264,-242
206000170,0,58,-58
206000171,0,103,-103
206000172,7,101,-94
206000173,2,58,-56
206000174,10,25,-15
206000175,3,32,-29
206000176,8,67,-59
206000177,1,37,-36
206000178,2,100,-98
206000179,2,46,-44
206000180,6,30,-24
206000181,3,18,-15
206000182,11,29,-18
206000183,4,90,-86
206000184,5,109,-104
206000185,1,34,-33
206000186,63,205,-142
206000223,2,121,-119
206000226,3,2,1
206000227,11,2,9
206000237,24,98,-74
206000238,7,193,-186
206000239,176,833,-657
206000240,2,61,-59
206000241,0,27,-27
206000242,3,81,-78
206000243,5,39,-34
206000244,29,175,-146
206000245,623,42,581
206000246,242,5,237
206000247,244,7,237
206000248,321,13,308
206000252,56,31,25
206000258,13,33,-20
206000315,37,5,32
206000317,470,61,409
206000318,732,64,668
206000319,1584,62,1522
206000320,286,34,252
206000321,187,5,182
206000322,424,10,414
206000323,179,7,172
206000324,204,5,199
206000325,144,6,138
206000326,124,9,115
206000327,83,7,76
206000328,232,1,231
206000329,267,5,262
206000330,54,8,46
206000331,213,2,211
206000332,54,2,52
206000333,591,3,588
206000334,198,0,198
206000335,0,9,-9
206000361,4,104,-100
206000392,5,7,-2
206000405,122,1,121
206000441,39,8,31
206000498,29,3,26
206000515,48,30,18
206000530,358,38,320
206000531,191,181,10
206000532,1306,217,1089
206000535,81,1527,-1446
206000536,16,74,-58
206000537,4,93,-89
206000613,1280,155,1125
206000784,365,27,338
207000001,138,425,-287
207000002,58,364,-306
207000003,88,120,-32
207000007,1142,148,994
207000008,102,3,99
207000009,65,26,39
207000010,256,205,51
207000012,363,126,237
207000015,170,548,-378
207000019,184,45,139
207000021,340,164,176
207000022,129,131,-2
207000023,153,59,94
207000024,3,22,-19
207000025,21,47,-26
207000026,74,22,52
207000027,14,48,-34
207000028,71,81,-10
207000029,143,241,-98
207000033,186,444,-258
207000034,200,113,87
207000039,394,60,334
207000040,403,30,373
207000041,39,17,22
207000042,127,24,103
207000043,215,104,111
207000051,95,158,-63
207000052,12,92,-80
207000053,306,298,8
207000054,41,56,-15
207000055,165,56,109
207000056,184,187,-3
207000057,83,175,-92
207000058,166,192,-26
207000059,109,215,-106
207000060,55,176,-121
207000061,184,700,-516
207000062,417,41,376
207000063,448,66,382
207000064,286,90,196
207000065,346,122,224
207000066,281,116,165
207000067,40,46,-6
207000068,86,41,45
207000069,667,183,484
207000082,7,138,-131
207000083,72,153,-81
207000084,288,235,53
207000085,208,29,179
207000086,228,1,227
207000106,34,16,18
207000107,91,11,80
207000108,70,18,52
207000109,45,7,38
207000110,71,34,37
207000111,65,55,10
207000112,62,456,-394
207000114,20,33,-13
207000115,17,37,-20
207000116,17,240,-223
207000117,14,55,-41
207000118,4,48,-44
207000119,23,55,-32
207000123,155,14,141
207000124,75,13,62
207000125,60,19,41
207000126,63,42,21
207000134,144,72,72
207000135,30,142,-112
207000148,68,224,-156
207000149,47,15,32
207000152,70,294,-224
207000153,315,796,-481
207000154,272,159,113
207000159,88,87,1
207000160,99,167,-68
207000238,1,168,-167
207000242,10,55,-45
207000248,17,8,9
207000249,77,19,58
207000250,267,46,221
207000251,59,52,7
207000252,43,24,19
207000278,72,54,18
207000279,12,70,-58
207000280,686,38,648
207000281,102,371,-269
207000282,65,102,-37
207000283,59,205,-146
207000284,37,295,-258
207000285,55,107,-52
207000291,16,59,-43
207000304,62,53,9
207000306,51,212,-161
207000310,93,71,22
207000353,178,6,172
207000356,3,25,-22
207000357,6,25,-19
207000358,1,7,-6
207000415,0,46,-46
207000417,42,3,39
207000418,96,78,18
207000438,0,0,0
207000439,468,384,84
207000446,146,15,131
207000460,22,1,21
207000466,100,82,18
207000467,230,49,181
207000468,39,138,-99
207000476,6,37,-31
207000477,520,46,474
207000478,2,34,-32
207000523,0,25,-25
207000524,71,2,69
207000527,96,99,-3
207000530,438,16,422
207000531,220,6,214
207000532,41,16,25
207000534,207,32,175
207000535,35,182,-147
207000537,15,28,-13
207000540,5,72,-67
207000541,2,180,-178
207000548,8,90,-82
207000549,211,12,199
207000561,121,127,-6
207000562,27,74,-47
207000567,78,157,-79
207000568,320,24,296
207000569,565,197,368
207000584,116,115,1
207000585,29,180,-151
207000587,179,13,166
207000616,0,79,-79
207000617,150,2,148
207000624,57,31,26
207000631,15,32,-17
207900008,256,45,211
208000001,459,1037,-578
208000002,584,462,122
208000003,997,320,677
208000004,722,633,89
208000005,7,15,-8
208000019,550,567,-17
208000020,160,297,-137
208000021,227,184,43
208000022,808,231,577
208000028,544,893,-349
208000033,498,334,164
208000034,906,1049,-143
208000037,221,13,208
208000040,116,83,33
208000041,595,353,242
208000042,573,412,161
208000047,155,134,21
208000064,1388,1103,285
208000066,1195,2025,-830
208000070,334,242,92
208000071,546,406,140
208000072,389,720,-331
208000080,247,251,-4
208000081,394,138,256
208000082,291,157,134
208000083,124,192,-68
208000084,8,11,-3
208000085,472,347,125
208000086,337,733,-396
208000087,245,549,-304
208000089,947,250,697
208000090,960,411,549
208000093,154,169,-15
208000094,402,238,164
208000095,616,387,229
208000104,799,531,268
208000105,535,670,-135
208000114,80,296,-216
208000115,360,168,192
208000116,525,752,-227
208000117,128,149,-21
208000118,95,143,-48
208000155,515,805,-290
208000158,1014,2651,-1637
208000186,1939,3136,-1197
208000204,563,742,-179
208000205,987,616,371
208000282,2594,2185,409
209000004,301,252,49
209000005,38,35,3
209000006,307,200,107
209000007,198,284,-86
209000010,203,121,82
209000011,74,211,-137
209000012,79,87,-8
209000013,147,155,-8
209000014,305,377,-72
209000025,349,49,300
209000026,603,116,487
209000027,282,407,-125
209000028,233,280,-47
209000029,194,347,-153
209000030,300,672,-372
209000031,1601,793,808
209000034,174,202,-28
209000035,83,218,-135
209000036,198,105,93
209000037,268,168,100
209000038,106,110,-4
209000039,52,117,-65
209000040,179,340,-161
209000041,133,300,-167
209000042,170,226,-56
209000043,404,557,-153
209000044,188,595,-407
209000045,837,274,563
209000046,508,283,225
209000047,273,117,156
209000048,465,235,230
209000049,89,55,34
209000050,142,70,72
209000051,199,127,72
209000052,136,99,37
209000062,66,36,30
209000063,50,32,18
209000064,17,37,-20
209000065,76,16,60
209000066,124,13,111
209000067,122,20,102
209000080,17,167,-150
209000082,32,20,12
209000091,14,43,-29
209000093,33,13,20
209000094,49,85,-36
209000110,22,122,-100
209000111,447,1194,-747
209000112,879,377,502
209000113,1160,495,665
209000114,594,342,252
209000115,40,60,-20
209000116,344,144,200
209000118,16,27,-11
209000119,13,21,-8
209000121,88,314,-226
209000135,28,143,-115
209000142,474,1032,-558
209000143,26,43,-17
209000144,22,88,-66
209000229,210,76,134
209000240,34,137,-103
209000259,51,33,18
209000260,38,443,-405
209000261,6,210,-204
209000262,2,181,-179
209000263,0,167,-167
209000264,1,191,-190
209000265,257,2,255
209000266,73,2,71
209000267,781,8,773
209000268,403,46,357
210000037,52,22,30
210000047,45,8,37
210000048,89,11,78
210000049,62,1,61
210000052,48,27,21
210000053,29,17,12
210000054,38,43,-5
210000070,142,3,139
210000071,92,0,92
210000072,16,0,16
210000073,0,13,-13
210000074,0,81,-81
210000075,1,107,-106
210000076,9,117,-108
210000077,4,50,-46
210000078,37,37,0
210000079,28,13,15
210000080,41,56,-15
210000081,101,26,75
210000082,126,6,120
210000083,85,1,84
210000084,49,0,49
210000085,0,44,-44
210000086,1,36,-35
210000099,27,149,-122
210000100,41,81,-40
210000101,48,104,-56
210000105,21,144,-123
210000159,1,121,-120
210000163,69,122,-53
210000164,170,156,14
210000168,55,21,34
210000187,0,15,-15
210000188,0,12,-12
210000214,6,0,6
210000219,28,35,-7
210000220,59,30,29
210000232,3,16,-13
210000233,26,42,-16
210000234,15,62,-47
210000235,37,37,0
210000245,0,17,-17
210000246,17,2,15
210000258,8,38,-30
210000259,225,53,172
210000282,54,156,-102
210000285,1,90,-89
210000286,20,76,-56
210000290,3,6,-3
210000295,37,70,-33
210000296,26,19,7
210000320,173,33,140
210000321,73,26,47
210000338,27,38,-11
210000339,117,642,-525
210000340,88,227,-139
210000341,135,219,-84
210000342,151,147,4
210000343,106,136,-30
210000344,82,117,-35
210000345,89,142,-53
210000346,37,80,-43
210000347,16,52,-36
210000348,90,51,39
210000349,48,23,25
210000350,126,46,80
210000351,148,52,96
210000352,60,34,26
210000353,35,24,11
210000354,63,37,26
210000355,38,61,-23
210000356,10,36,-26
210000357,32,52,-20
210000358,129,151,-22
210000359,68,65,3
210000360,97,95,2
210000361,148,85,63
210000362,197,121,76
210000363,311,137,174
210000364,80,151,-71
210000365,135,67,68
210000366,121,55,66
210000367,65,29,36
210000368,115,28,87
210000369,15,13,2
210000370,29,19,10
210000372,5,15,-10
210000373,15,27,-12
210000374,42,22,20
210000375,23,40,-17
210000376,22,65,-43
210000404,29,99,-70
210000439,20,18,2
210000472,59,0,59
210000482,41,95,-54
210000564,124,192,-68
210000567,1,37,-36
210000568,144,0,144
211000092,50,29,21
211000094,41,1,40
211000169,161,5,156
211000172,25,134,-109
211000209,0,27,-27
211000226,14,42,-28
211000270,46,13,33
211000275,24,17,7
211000276,66,14,52
211000279,8,20,-12
211000281,49,26,23
211000302,28,15,13
211507980,2,59,-57
211977296,31,12,19
212000003,103,15,88
212000004,10,48,-38
212000005,15,53,-38
212000006,20,42,-22
212000008,121,92,29
212000009,34,94,-60
212000012,73,35,38
212000013,35,31,4
212000014,226,82,144
212000015,308,166,142
212000016,371,325,46
212000027,430,176,254
212000028,272,259,13
212000029,186,125,61
212000030,39,21,18
212000031,50,18,32
212000048,36,163,-127
212000049,18,202,-184
212000050,10,20,-10
212000051,165,81,84
212000052,169,123,46
212000053,277,215,62
212000054,267,63,204
212000055,276,75,201
212000056,6,11,-5
212000057,6,9,-3
212000058,119,25,94
212000070,74,86,-12
212000077,96,266,-170
212000099,220,142,78
212000108,150,78,72
212000111,160,55,105
212000120,80,50,30
212000138,132,20,112
212000156,3,52,-49
212000158,17,21,-4
212000159,313,23,290
212000160,580,155,425
212000161,34,3,31
212000310,38,4,34
212000311,11,33,-22
212000374,44,7,37
213000001,41,162,-121
213000005,262,90,172
213000006,571,257,314
213000007,82,11,71
213000009,345,377,-32
213000010,184,254,-70
213000011,193,77,116
213000012,141,188,-47
213000014,91,13,78
213000015,263,7,256
213000016,306,2,304
213000017,63,1,62
213000018,0,44,-44
213000019,0,68,-68
213000020,102,161,-59
213000021,4,85,-81
213000023,301,160,141
213000033,230,1313,-1083
213000034,362,146,216
213000035,110,161,-51
213000045,184,199,-15
213000046,139,126,13
213000047,435,1012,-577
213000056,86,19,67
213000069,79,2,77
213000073,2,34,-32
213000074,45,304,-259
213000075,458,4,454
213000076,18,0,18
213000085,1,25,-24
213000086,9,114,-105
213000091,229,6,223
213000092,36,6,30
213000099,143,885,-742
213000100,704,176,528
213000101,454,65,389
213000102,486,108,378
213000103,581,545,36
213000104,51,235,-184
213000105,60,995,-935
213000106,25,109,-84
213000107,136,243,-107
213000108,48,223,-175
213000109,10,135,-125
213000110,20,55,-35
213000111,17,44,-27
213000112,88,94,-6
213000115,40,12,28
213000116,31,318,-287
213000117,5,348,-343
213000118,502,174,328
213000119,26,363,-337
213000120,76,163,-87
213000122,74,220,-146
213000123,224,414,-190
213000124,116,530,-414
213000125,116,23,93
213000126,26,61,-35
213000127,65,163,-98
213000128,156,789,-633
213000129,159,555,-396
213000130,721,288,433
213000132,452,71,381
213000133,707,59,648
213000134,753,15,738
213000136,397,15,382
213000137,490,54,436
213000139,199,25,174
213000147,50,19,31
213000148,10,12,-2
213000149,25,8,17
213000150,1,185,-184
213000151,5,143,-138
213000152,1,125,-124
213000153,3,134,-131
213000154,28,107,-79
213000155,35,83,-48
213000156,134,231,-97
213000157,518,243,275
213000158,267,696,-429
213000159,302,312,-10
213000163,823,102,721
213000165,638,252,386
213000171,54,51,3
213000172,59,144,-85
213000173,63,111,-48
213000174,6,79,-73
213000175,43,49,-6
213000176,16,118,-102
213000177,60,10,50
213000178,218,20,198
213000179,263,35,228
213000180,210,60,150
213000184,66,256,-190
213000188,297,99,198
213000189,356,29,327
213000190,592,405,187
213000191,333,209,124
213000192,218,143,75
213000193,401,173,228
213000194,3,99,-96
213000195,11,264,-253
213000196,179,1034,-855
213000197,347,483,-136
213000198,23,1,22
213000200,94,428,-334
213000201,50,39,11
213000202,9,299,-290
213000203,1690,452,1238
213000204,550,47,503
213000205,183,54,129
213000206,384,22,362
213000207,101,7,94
213000208,41,0,41
213000209,118,1,117
213000210,196,4,192
213000211,5,14,-9
213000212,11,30,-19
213000213,31,75,-44
213000218,184,284,-100
213000219,408,16,392
213000220,339,5,334
213000223,157,166,-9
213000224,27,41,-14
213000225,43,19,24
213000226,55,14,41
213000227,802,178,624
213000228,410,89,321
213000229,45,25,20
213000230,451,20,431
213000232,63,490,-427
213000233,20,79,-59
213000234,2,62,-60
213000293,18,44,-26
213000294,129,31,98
213000295,24,89,-65
213000296,40,12,28
213000297,7,56,-49
213000298,9,43,-34
213000299,37,29,8
213000300,16,9,7
213000303,5,15,-10
213000304,4,17,-13
213000305,3,19,-16
213000306,21,48,-27
213000307,76,58,18
213000308,54,100,-46
213000309,137,56,81
213000310,414,180,234
213000311,154,684,-530
213000315,73,92,-19
213000316,125,30,95
213000322,63,32,31
213000323,54,23,31
213000340,86,228,-142
213000341,483,49,434
213000346,144,226,-82
213000347,336,374,-38
213000348,2,106,-104
213000349,17,17,0
213000350,301,591,-290
213000366,60,107,-47
213000367,312,22,290
213000379,23,68,-45
213000386,24,157,-133
213000406,111,194,-83
213000417,1001,405,596
213000425,238,25,213
213000426,176,29,147
213000427,53,67,-14
213000428,51,67,-16
213000429,6,3,3
213000430,74,192,-118
213000431,23,3,20
213000432,4,27,-23
213000433,12,54,-42
213000435,117,58,59
213000439,38,5,33
213000441,8,4,4
213000443,280,156,124
213000445,0,46,-46
213000446,1,11,-10
213000447,3,41,-38
213000448,80,241,-161
213000449,400,3,397
213000450,65,47,18
213000451,51,28,23
213000452,196,74,122
213000453,33,149,-116
213000455,139,4,135
213000456,0,102,-102
213000481,8,7,1
213000482,12,1,11
213000489,137,59,78
213000491,4,202,-198
213000492,124,35,89
213000493,2,103,-101
213000494,277,64,213
213000495,0,16,-16
213000496,297,86,211
213000497,30,127,-97
213000498,118,69,49
213000499,132,160,-28
213000500,477,42,435
213000501,135,27,108
213000502,120,74,46
213000503,0,27,-27
213000504,8,31,-23
213000505,9,2,7
213000506,0,3,-3
213000507,3,51,-48
213900244,31,0,31
213900245,0,13,-13
218000003,11,24,-13
218000004,17,28,-11
218000005,17,26,-9
218000006,46,24,22
218000007,7,10,-3
218000012,80,92,-12
218000013,96,83,13
218000014,259,239,20
218000019,365,382,-17
218000020,165,213,-48
218000040,7,2,5
218000046,45,33,12
218000047,12,41,-29
218000048,36,48,-12
218000049,62,48,14
218000050,243,114,129
218000051,43,92,-49
218000052,1,39,-38
218000053,2,11,-9
218000054,5,46,-41
218000055,2,16,-14
218000056,19,15,4
218000057,4,23,-19
218000064,2,9,-7
218000065,65,14,51
218000066,13,32,-19
218000067,83,71,12
218000068,94,30,64
218000069,248,59,189
218000070,185,134,51
218000071,157,145,12
218000072,140,125,15
218000078,912,331,581
218000079,95,38,57
218000080,105,36,69
218000081,387,90,297
218000082,38,55,-17
218000083,70,43,27
218000084,124,40,84
218000085,109,137,-28
218000086,69,52,17
218000087,218,73,145
218000090,9,70,-61
218000091,855,430,425
218000092,66,100,-34
218000093,51,26,25
218000094,335,426,-91
218000099,182,443,-261
218000100,268,183,85
218000101,262,130,132
218000102,351,101,250
218000103,55,53,2
218000104,67,7,60
218000105,10,18,-8
218000106,18,12,6
218000107,36,9,27
218000108,0,19,-19
218000112,48,22,26
218000117,46,62,-16
218000134,447,241,206
218000135,16,67,-51
218000136,115,107,8
218000137,130,119,11
218000138,29,78,-49
218000139,151,209,-58
218000140,366,168,198
218000141,68,31,37
218000142,148,97,51
218000143,65,214,-149
218000144,31,74,-43
218000145,325,187,138
218000146,88,112,-24
218000151,10,11,-1
218000152,115,24,91
218000170,7,19,-12
218000171,32,11,21
218000172,5,9,-4
218000173,20,5,15
218000174,31,8,23
218000176,229,46,183
218000177,316,169,147
218000178,76,123,-47
218000179,129,51,78
218000180,89,23,66
218000181,231,40,191
218000187,13,57,-44
218000188,19,65,-46
218000189,24,65,-41
218000190,0,16,-16
218000191,162,30,132
218000192,167,98,69
218000193,422,266,156
218000194,112,179,-67
218000195,103,42,61
218000196,325,191,134
218000197,339,174,165
218000198,31,84,-53
218000199,48,15,33
218000200,50,34,16
218000201,40,8,32
218000202,61,226,-165
218000207,5,16,-11
218000208,41,53,-12
218000211,29,21,8
218000213,105,75,30
218000214,7,26,-19
218000215,23,14,9
218000217,4,32,-28
218000218,165,40,125
218000219,4,24,-20
218000220,26,230,-204
218000221,309,182,127
218000222,2,24,-22
218000223,23,210,-187
218000224,7,49,-42
218000225,204,35,169
218000226,168,30,138
218000232,31,21,10
218000239,112,19,93
218000240,6,2,4
218000241,26,2,24
218000242,14,0,14
218000243,35,5,30
218000244,21,4,17
218000245,9,0,9
218000246,2,0,2
218000247,1,1,0
218000248,1,47,-46
218000249,0,3,-3
218000250,1,7,-6
218000251,10,95,-85
218000252,4,561,-557
218000253,2,282,-280
218000254,1,79,-78
218000255,1,37,-36
218000256,10,108,-98
218000267,343,734,-391
218000268,5,21,-16
218000269,1,10,-9
218000270,101,30,71
218000271,6,34,-28
218000273,38,4,34
218000274,20,8,12
218000275,46,39,7
218000276,12,26,-14
218000278,17,32,-15
218000279,81,13,68
218000280,1,29,-28
218000281,10,20,-10
218000282,314,450,-136
218000284,44,7,37
218000301,106,103,3
218000302,59,36,23
218000303,19,68,-49
218000316,525,465,60
218000317,1225,468,757
218000318,728,321,407
218000319,1042,473,569
218000320,681,259,422
218000338,27,31,-4
218000345,43,66,-23
218000346,41,111,-70
218000459,21,94,-73
218000490,29,56,-27
218000501,79,19,60
218000502,45,29,16
218000503,68,16,52
218000504,108,16,92
218000505,34,75,-41
218000506,23,213,-190
218000508,2,8,-6
218000510,88,7,81
218000520,89,102,-13
218000521,20,31,-11
218000522,0,106,-106
218000523,120,2,118
218000524,8,199,-191
218000525,111,34,77
218000526,21,138,-117
218000529,29,78,-49
218000531,11,6,5
218000532,19,20,-1
218000534,128,18,110
218000537,15,42,-27
218000538,79,228,-149
218000540,72,55,17
218000543,101,46,55
218000544,6,51,-45
218000545,54,93,-39
218000546,25,54,-29
218000547,100,160,-60
218000548,71,68,3
218000549,438,258,180
218000550,111,173,-62
218000551,69,515,-446
218000552,213,67,146
218000553,22,109,-87
218000554,16,50,-34
218000555,19,60,-41
218000556,210,85,125
218000557,283,104,179
218000558,38,0,38
218000559,0,43,-43
218000560,0,33,-33
218000561,20,0,20
218000562,12,149,-137
218000563,172,30,142
218000564,7,97,-90
218000565,112,28,84
218000566,82,15,67
218000567,2,133,-131
218000568,33,1,32
218000569,4,106,-102
218000570,55,6,49
218000571,1,77,-76
218000572,107,2,105
218000573,8,200,-192
218000574,44,27,17
218000575,132,2,130
218000576,0,61,-61
218000577,132,0,132
218000578,0,76,-76
218000579,5,6,-1
218000581,3,59,-56
218000582,42,3,39
218000583,0,0,0
218000584,0,35,-35
218000585,40,1,39
218000586,9,25,-16
218000587,2,0,2
218000588,0,5,-5
218000589,1,12,-11
218000590,2,4,-2
218000591,1,3,-2
218000592,9,10,-1
218000593,2,2,0
218000594,1,4,-3
218000597,0,4,-4
218000598,0,0,0
218000599,2,0,2
218000600,2,0,2
218000601,0,1,-1
218000602,0,2,-2
218000603,0,3,-3
218000604,10,0,10
218000605,0,39,-39
218000606,98,0,98
218000607,7,44,-37
218000608,40,17,23
218000609,12,39,-27
218000610,42,6,36
218000611,14,0,14
218000612,0,28,-28
218000613,53,1,52
218000614,0,24,-24
218000615,96,0,96
218000616,7,61,-54
218000617,11,0,11
218000618,0,34,-34
218000619,43,16,27
218000620,3,19,-16
218000621,0,1,-1
218000622,0,20,-20
218000623,15,1,14
218000624,0,42,-42
218000625,2,1,1
218000626,1,14,-13
218000628,170,28,142
218000631,21,11,10
218000632,1,122,-121
218000633,65,1,64
218000634,6,19,-13
218000635,7,27,-20
218000636,717,441,276
218000637,845,187,658
218000638,229,10,219
218000639,9,55,-46
218000640,295,14,281
218000641,62,117,-55
218000652,19,22,-3
218000653,193,76,117
218000663,18,130,-112
218000675,35,39,-4
218000680,128,206,-78
218000681,288,94,194
218000691,212,57,155
218000693,241,84,157
218000718,54,369,-315
218000719,88,198,-110
218000720,9,196,-187
218000721,79,12,67
218001147,6,57,-51
218001214,13,48,-35
218001258,190,2,188
218001329,142,88,54
218001330,83,64,19
218001351,24,14,10
218001352,10,14,-4
218001353,12,7,5
218001354,6,29,-23
218001355,18,67,-49
218001356,301,25,276
218001357,34,77,-43
218001358,263,22,241
218001361,292,3,289
218001362,0,67,-67
219000001,27,20,7
219000002,17,40,-23
219000003,43,25,18
219000004,26,30,-4
219000017,57,54,3
219000020,161,29,132
219000022,110,3,107
219000023,27,1,26
219000029,0,46,-46
219000034,28,17,11
219000039,76,160,-84
219000040,34,89,-55
219000041,89,15,74
219000051,0,45,-45
219000052,0,28,-28
219000053,0,36,-36
219000055,233,0,233
219000056,2,0,2
219000057,49,0,49
219000062,27,53,-26
219000063,78,14,64
219000064,1,37,-36
219000110,224,71,153
219000111,67,29,38
219000112,148,62,86
219000113,137,53,84
219000114,90,34,56
219000116,126,49,77
219000117,116,78,38
219000118,126,56,70
219000123,171,51,120
219000124,61,55,6
219000125,20,12,8
219000126,56,120,-64
219000127,0,4,-4
219000128,13,98,-85
219000129,17,129,-112
219000130,208,436,-228
219000131,554,692,-138
219000133,40,73,-33
219000134,11,48,-37
219000135,24,38,-14
219000136,90,151,-61
219000138,50,11,39
219000139,39,32,7
219000140,44,0,44
219000141,25,74,-49
219000142,8,37,-29
219000143,13,24,-11
219000145,18,27,-9
219000146,1,25,-24
219000147,0,8,-8
219000148,2,11,-9
219000149,2,30,-28
219000150,1,35,-34
219000151,1,15,-14
219000157,195,95,100
219000158,125,126,-1
219000161,123,6,117
219000163,739,361,378
219000166,77,159,-82
219000167,86,105,-19
219000168,162,71,91
219000174,344,97,247
219000175,78,2,76
219000176,144,6,138
219000177,32,2,30
219000178,66,1,65
219000179,33,2,31
219000180,24,26,-2
219000182,125,20,105
219000183,66,25,41
219000184,78,8,70
219000185,0,19,-19
219000186,74,10,64
219000187,13,38,-25
219000189,40,130,-90
219000190,72,147,-75
219000191,230,1336,-1106
219000192,134,134,0
219000193,106,91,15
219000195,0,29,-29
219000196,10,62,-52
219000198,8,71,-63
219000199,23,98,-75
219000200,38,79,-41
219000201,37,92,-55
219000203,21,103,-82
219000204,64,263,-199
219000205,70,159,-89
219000207,96,185,-89
219000209,26,34,-8
219000210,20,75,-55
219000213,11,101,-90
219000239,157,144,13
219000240,178,270,-92
219000241,113,90,23
219000242,31,68,-37
219000243,53,135,-82
219000244,19,47,-28
219000245,42,34,8
219000246,17,17,0
219000247,146,35,111
219000248,376,329,47
219000249,102,130,-28
219000250,111,58,53
219000251,375,193,182
219000252,200,149,51
219000253,387,117,270
219000255,126,91,35
219000256,225,58,167
219000257,103,1,102
219000262,67,60,7
219000263,51,85,-34
219000267,3,32,-29
219000268,2,4,-2
219000269,1,8,-7
219000270,14,0,14
219000271,137,2,135
219000278,0,4,-4
219000279,4,2,2
219000283,0,1,-1
219000295,9,60,-51
219000296,59,171,-112
219000297,31,52,-21
219000298,11,56,-45
219000299,279,47,232
219000300,21,65,-44
219000301,153,223,-70
219000302,23,183,-160
219000307,32,12,20
219000308,36,41,-5
219000311,180,73,107
219000312,416,161,255
219000313,360,40,320
219000314,44,162,-118
219000315,243,21,222
219000316,456,38,418
219000317,131,8,123
219000320,0,45,-45
219000321,0,11,-11
219000323,2,29,-27
219000325,1,8,-7
219000326,34,42,-8
219000327,51,11,40
219000328,4,32,-28
219000329,216,98,118
219000330,15,15,0
219000331,28,16,12
219000332,92,79,13
219000333,31,1,30
219000335,68,0,68
219000337,18,0,18
219000338,32,0,32
219000344,15,68,-53
219000345,25,64,-39
219000346,15,45,-30
219000348,133,35,98
219000349,59,82,-23
219000350,93,309,-216
219000351,0,6,-6
219000352,367,67,300
219000353,84,48,36
219000354,192,65,127
219000355,120,45,75
219000356,389,1173,-784
219000363,114,59,55
219000364,108,41,67
219000365,89,30,59
219000366,162,276,-114
219000368,264,387,-123
219000370,518,547,-29
219000371,6,23,-17
219000382,9,14,-5
219000383,305,873,-568
219000385,293,413,-120
219000386,455,1417,-962
219000387,0,5,-5
219000390,1,2,-1
219000391,1,1,0
219000397,31,31,0
219000398,35,33,2
219000401,11,44,-33
219000402,16,52,-36
219000403,115,299,-184
219000404,14,106,-92
219000407,9,12,-3
219000409,48,43,5
219000410,95,53,42
219000411,53,8,45
219000446,63,287,-224
219000447,0,24,-24
219000448,10,5,5
219000452,65,95,-30
219000453,47,155,-108
219000454,118,241,-123
219000556,182,41,141
219000558,73,60,13
219000590,18,108,-90
219000591,90,41,49
219000592,51,196,-145
219000595,1,7,-6
219000635,120,21,99
219000636,16,38,-22
219000657,11,18,-7
219000658,15,115,-100
219000673,0,11,-11
219000676,4,1,3
219000679,26,7,19
219000684,75,2,73
219000685,0,20,-20
219000686,0,1,-1
219000688,0,35,-35
219000689,15,110,-95
219000690,127,12,115
219000691,14,111,-97
219000692,90,15,75
219000693,1,14,-13
219000694,4,0,4
219000695,31,1,30
219000698,12,0,12
219000699,0,14,-14
219000727,0,56,-56
219000728,83,0,83
219000770,11,5,6
219000771,1,22,-21
219000788,251,212,39
219001150,0,28,-28
219001151,3,3,0
219001166,32,25,7
219001167,0,54,-54
219001178,32,0,32
220000001,12,91,-79
220000002,3,78,-75
220000003,168,100,68
220000004,190,143,47
220000005,433,739,-306
220000006,101,424,-323
220000007,312,161,151
220000008,247,370,-123
220000009,233,223,10
220000010,93,56,37
220000011,308,2637,-2329
220000012,46,141,-95
220000014,99,34,65
220000015,54,366,-312
220000017,26,158,-132
220000018,3293,539,2754
220000019,50,354,-304
220000020,281,126,155
220000021,635,115,520
220000022,782,241,541
220000023,329,111,218
220000024,1013,319,694
220000025,526,899,-373
220000026,208,294,-86
220000027,18,88,-70
220000028,34,42,-8
220000029,30,63,-33
220000030,24,37,-13
220000031,462,237,225
220000064,36,896,-860
221000046,2,0,2
221000047,0,0,0
221000048,0,0,0
221000049,0,6,-6
221000050,7,0,7
221000055,34,30,4
221000068,229,134,95
221000069,239,55,184
221000070,191,14,177
221000071,99,6,93
221000072,174,8,166
221000073,120,20,100
221000074,2,13,-11
221000075,5,23,-18
221000076,8,18,-10
221000077,17,36,-19
221000081,82,10,72
221000082,68,3,65
221000083,7,4,3
221000084,21,5,16
221000085,12,32,-20
221000086,10,75,-65
221000087,0,77,-77
221000088,12,98,-86
221000089,22,152,-130
221000090,73,357,-284
221000098,89,7,82
221000099,177,17,160
221000100,93,3,90
221000101,281,19,262
221000102,0,0,0
221000107,20,2,18
221000108,18,4,14
221000109,2,6,-4
221000110,5,62,-57
221000111,21,92,-71
221000112,4,77,-73
221000113,20,63,-43
221000114,4,60,-56
221000120,41,21,20
221000121,2,31,-29
221000122,15,22,-7
221000123,19,11,8
221000124,20,87,-67
221000155,71,21,50
221000156,68,37,31
221000175,1,7,-6
221000176,0,0,0
221000182,53,4,49
221000241,432,259,173
221000242,106,303,-197
221000243,443,173,270
221000244,195,356,-161
221000245,77,69,8
221000246,50,214,-164
221000247,129,86,43
221000248,130,104,26
221000267,28,308,-280
221000325,25,35,-10
221000331,9,30,-21
221000338,23,28,-5
221000378,158,50,108
221000381,42,41,1
222000282,21,3,18
222000296,2,14,-12
222000568,259,18,241
222000569,170,43,127
222000570,102,32,70
222000571,306,11,295
222000577,11,71,-60
222000578,30,85,-55
222000579,30,80,-50
222000580,37,355,-318
222000599,0,135,-135
222000600,2,146,-144
222000601,2,467,-465
222000603,9,65,-56
222000604,0,39,-39
222000605,16,79,-63
222000606,1,21,-20
222000607,4,30,-26
222000608,16,37,-21
222000609,25,59,-34
222000616,356,18,338
222000617,14,16,-2
222000618,9,11,-2
222000620,19,31,-12
222000621,22,10,12
222000623,448,3,445
222000624,321,3,318
222000625,419,14,405
222000636,24,4,20
222000686,49,23,26
222000687,40,26,14
222001066,207,4,203
222001067,12,0,12
222001068,51,9,42
222001069,54,18,36
222001082,13,12,1
222001083,15,22,-7
222001084,0,33,-33
222001085,1,71,-70
222001111,34,49,-15
222001112,184,12,172
222001313,13,12,1
222001314,4,116,-112
222001464,275,37,238
222001465,10,85,-75
222001484,147,25,122
222001485,19,42,-23
222001494,491,90,401
222001495,69,104,-35
222001496,352,61,291
222001497,66,164,-98
222001502,13,36,-23
222001503,112,36,76
222001504,17,163,-146
222001505,245,9,236
222001506,47,227,-180
222001507,214,24,190
222001510,450,15,435
222001511,38,101,-63
222001514,510,90,420
222001515,107,179,-72
222001518,337,39,298
222001519,54,74,-20
222001527,128,27,101
222001528,17,78,-61
222001529,289,20,269
222001530,67,103,-36
222001533,83,104,-21
222001534,252,19,233
222001535,238,185,53
222001536,34,80,-46
222001537,248,26,222
222001538,39,188,-149
222001563,737,38,699
222001564,66,199,-133
222001568,183,133,50
222001576,0,0,0
222001579,0,16,-16
222001583,18,52,-34
222001584,86,21,65
222001596,326,643,-317
222001597,884,232,652
222001626,0,108,-108
222001650,20,64,-44
222001651,17,189,-172
222001914,150,36,114
222001915,20,138,-118
222001968,382,216,166
222001969,294,250,44
222001970,126,276,-150
222001971,14,5,9
222001972,2,5,-3
225000001,294,93,201
225000002,537,111,426
225000003,557,60,497
225000004,290,89,201
225000005,89,26,63
225000006,0,97,-97
225000007,683,774,-91
225000010,193,8,185
225000011,202,754,-552
225000012,180,441,-261
225000013,46,74,-28
225000014,488,99,389
225000015,63,72,-9
225000021,546,96,450
225000027,125,215,-90
225000032,574,84,490
225000042,59,292,-233
225000049,48,29,19
225000050,76,7,69
225000053,6,108,-102
225000058,606,158,448
225000067,131,67,64
225000068,47,152,-105
225000069,55,232,-177
225000070,66,158,-92
225000071,22,54,-32
225000075,9,356,-347
225000076,46,91,-45
225000078,57,24,33
225000085,83,109,-26
225000086,175,47,128
225000087,105,10,95
225000088,14,80,-66
225000089,104,680,-576
225000090,13,325,-312
225000091,113,64,49
225000092,11,49,-38
225000093,129,134,-5
225000094,9,113,-104
225000095,192,152,40
225000096,192,235,-43
225000098,559,267,292
225000099,280,123,157
225000100,503,148,355
225000104,158,414,-256
225000110,6,286,-280
225000111,316,866,-550
225000112,374,1132,-758
225000113,280,890,-610
225000114,136,374,-238
225000115,1226,758,468
225000116,1086,276,810
225000117,1248,396,852
225000118,1658,412,1246
225000119,468,102,366
225000120,1094,42,1052
225000121,260,12,248
225000123,840,20,820
225000125,880,204,676
225000126,1184,256,928
225000127,758,1720,-962
225000128,784,1216,-432
225000132,762,54,708
225000133,404,66,338
225000134,1272,216,1056
225000135,80,10,70
225000136,598,10,588
225000137,394,16,378
225000138,728,110,618
225000143,52,188,-136
225000144,2,352,-350
225000145,44,30,14
225000146,72,52,20
225000147,56,162,-106
225000148,2,124,-122
225000149,38,318,-280
225000151,58,148,-90
225000155,598,468,130
225000156,296,1072,-776
225000157,446,412,34
225000158,116,230,-114
225000171,8,200,-192
225000180,34,6,28
225000181,0,80,-80
225000182,118,16,102
225000185,12,568,-556
225000187,68,360,-292
225000191,80,2,78
225000194,0,22,-22
225000208,0,68,-68
225000209,176,12,164
225000210,8,242,-234
225000217,0,14,-14
225000218,30,0,30
225000223,0,102,-102
225000224,60,0,60
225000225,2,56,-54
225000226,60,2,58
225000227,34,118,-84
225000228,6,0,6
225000229,0,82,-82
225000230,16,2,14
225000231,0,64,-64
225000232,182,0,182
225000241,116,0,116
225000242,2,70,-68
225000249,12,0,12
225000250,96,546,-450
225000251,666,64,602
226000042,272,432,-160
226000043,74,266,-192
226000044,134,398,-264
226000045,40,238,-198
226000046,790,136,654
226000047,688,194,494
226000048,594,190,404
226000049,458,296,162
226000070,0,22,-22
226000071,0,56,-56
226000072,0,14,-14
226000073,0,16,-16
226000074,0,12,-12
226000084,2,34,-32
226000085,0,10,-10
226000086,2,24,-22
226000087,2,28,-26
226000088,24,32,-8
226000090,414,172,242
226000091,16,76,-60
226000092,0,34,-34
226000093,22,0,22
226000094,6,4,2
226000095,28,0,28
226000105,32,6,26
226000106,18,2,16
226000107,14,0,14
226000108,64,18,46
226000109,158,0,158
226000124,154,154,0
226000134,1166,718,448
226000135,1980,832,1148
226000136,702,660,42
226000137,8,302,-294
226000138,22,198,-176
226000139,0,48,-48
226000156,476,10,466
226000157,334,6,328
226000163,294,140,154
226000202,18,266,-248
226000231,922,14,908
226000232,60,6,54
227000033,590,132,458
227000036,754,52,702
227000037,772,38,734
227000038,310,44,266
227000049,0,112,-112
227000050,6,96,-90
227000055,112,0,112
227000056,56,0,56
227000084,8,120,-112
227000085,0,110,-110
227000088,56,10,46
227000089,148,4,144
227000090,34,4,30
227000091,24,2,22
227000093,150,2,148
227000094,12,0,12
227000130,56,362,-306
227000131,32,226,-194
227000132,52,150,-98
227000133,26,162,-136
227000134,74,356,-282
227000152,0,38,-38
227000153,0,250,-250
227000155,8,48,-40
227000156,2,16,-14
227000165,6,400,-394
227000196,444,166,278
227000199,600,234,366
227000230,12,184,-172
227000232,592,32,560
227000242,88,624,-536
227000243,672,112,560
227000245,30,352,-322
227000246,210,334,-124
227000247,728,134,594
227000248,274,68,206
227000249,74,344,-270
227000250,516,386,130
227000251,156,598,-442
227000252,68,258,-190
227000253,408,50,358
227000262,766,58,708
227000266,1796,44,1752
227000267,36,764,-728
227000282,6,82,-76
227000284,650,20,630
227000286,4,52,-48
227000287,12,96,-84
227000291,16,176,-160
227000484,186,10,176
227000485,18,512,-494
227000655,268,10,258
227000656,576,36,540
227000657,90,6,84
227000661,130,40,90
227000680,536,192,344
229000265,26,32,-6
229000296,0,24,-24
229000297,2,42,-40
229000298,10,146,-136
229000320,28,8,20
229000321,22,4,18
229000412,30,42,-12
229000414,14,78,-64
229000415,4,6,-2
229000416,12,14,-2
229000417,0,10,-10
229000419,82,398,-316
229000440,464,122,342
229000442,24,6,18
229000443,4,4,0
229000444,2,44,-42
229000445,100,10,90
229000446,78,36,42
229000847,70,0,70
229000848,28,0,28
229000849,172,2,170
229000851,104,0,104
229000854,0,6,-6
229000856,0,44,-44
229000857,0,36,-36
229000858,0,40,-40
229000919,8,74,-66
229000930,10,254,-244
229000937,156,6,150
229000966,60,34,26
229000981,22,22,0
229000985,24,62,-38
229000986,0,8,-8
229000987,0,0,0
229000988,10,2,8
229000989,38,2,36
229000990,0,6,-6
229000991,6,0,6
229000992,24,4,20
229000993,126,26,100
229000998,12,58,-46
229000999,92,22,70
229001034,0,6,-6
229001035,2,2,0
229001037,70,4,66
229001042,22,12,10
229001047,28,36,-8
229001050,92,52,40
229001200,24,8,16
229001338,4,16,-12
229001394,392,4,388
229001422,192,38,154
229001423,34,150,-116
229001431,46,74,-28
229001432,34,72,-38
229001444,334,64,270
229001445,52,130,-78
229001503,372,86,286
229001504,218,100,118
229001505,182,48,134
229001506,106,96,10
229001509,44,12,32
229001545,224,14,210
229001546,12,138,-126
229001553,84,12,72
229001554,28,82,-54
229001559,8,4,4
229001560,10,46,-36
229001630,102,12,90
229001631,12,36,-24
229001635,2,12,-10
229001636,8,0,8
229001658,0,102,-102
229001659,72,0,72
229001660,14,6,8
229001661,8,44,-36
229001662,28,0,28
229001663,0,44,-44
229002584,300,218,82
229002831,144,110,34
229002841,14,34,-20
229002842,70,24,46
229002843,58,80,-22
229002844,50,58,-8
229002845,24,186,-162
229002846,44,46,-2
229002847,2,8,-6
229002848,14,16,-2
229002849,4,176,-172
229002850,56,4,52
229002851,52,324,-272
229002852,260,22,238
229002853,192,24,168
229002854,70,120,-50
229002855,18,62,-44
229002856,52,26,26
229002857,32,286,-254
229002858,36,12,24
229002859,36,218,-182
229002860,264,40,224
229002861,42,46,-4
229002862,16,24,-8
229002863,50,32,18
229002864,52,52,0
229002865,12,18,-6
229002866,12,26,-14
229002867,2,24,-22
229002868,8,12,-4
229002869,28,170,-142
229002870,82,12,70
235000066,370,48,322
235000067,120,98,22
235000072,38,108,-70
235000073,94,404,-310
235000074,38,30,8
235000080,30,86,-56
235000081,142,140,2
235000082,358,28,330
235000083,358,76,282
235000084,64,56,8
235000085,304,36,268
235000089,40,42,-2
235000092,58,132,-74
235000093,26,6,20
235000097,4,14,-10
235000098,74,14,60
235000099,36,20,16
235000116,80,24,56
235000117,550,24,526
235000133,10,670,-660
235000134,24,248,-224
235000206,10,8,2
235000207,6,8,-2
235000208,2,12,-10
235000209,10,10,0
235000210,6,2,4
235000212,2,18,-16
235000213,0,12,-12
235000220,0,6,-6
235000221,56,54,2
235000238,12,252,-240
235000239,4,56,-52
235000242,592,1214,-622
235000245,516,272,244
235000246,12,114,-102
235000284,6,290,-284
235000295,174,26,148
235000305,444,52,392
235000306,572,28,544
235000307,32,6,26
235000308,42,2,40
235000309,110,4,106
235000310,48,0,48
235000311,80,36,44
235000322,0,40,-40
235000323,0,54,-54
235000324,2,44,-42
235000325,0,10,-10
235000326,12,100,-88
235000351,6,176,-170
235000352,6,128,-122
235000353,12,46,-34
235000354,46,124,-78
235000355,28,210,-182
235000356,80,12,68
235000357,90,18,72
235000358,78,32,46
235000359,34,18,16
235000360,48,10,38
235000361,122,0,122
235000381,104,110,-6
235000382,200,32,168
235000390,22,4,18
235000391,336,16,320
235000392,328,362,-34
235000393,174,212,-38
235000395,208,34,174
235000396,776,86,690
235000400,66,132,-66
235000401,16,140,-124
235000405,132,216,-84
235000406,74,198,-124
235000407,46,132,-86
235000409,194,102,92
235000410,50,170,-120
235000411,0,32,-32
235000485,0,18,-18
235000486,22,0,22
235000549,146,60,86
235000550,146,128,18
235000599,228,24,204
235000600,18,16,2
235000601,30,44,-14
235000602,132,64,68
235000614,6,22,-16
235000648,8,26,-18
235000649,62,6,56
235000685,4,30,-26
235000815,32,384,-352
235000834,0,30,-30
235000855,104,44,60
235000862,82,94,-12
235000891,0,20,-20
235000892,18,0,18
235000901,74,44,30
235000907,6,22,-16
235001010,166,94,72
235001029,364,292,72
235001030,448,238,210
235001078,126,106,20
235001079,84,126,-42
235001147,54,72,-18
235001166,62,92,-30
235001167,60,14,46
235001169,30,718,-688
235001188,4,36,-32
235001189,36,8,28
235001197,8,20,-12
235001200,90,68,22
235001207,756,50,706
235001210,198,172,26
235001215,14,148,-134
235001239,0,48,-48
235001244,2,24,-22
235016267,0,78,-78
277102712,0,0,0
277103813,0,0,0
277103814,0,0,0
277104249,0,2,-2
277104250,0,16,-16
277104251,0,16,-16
277104252,0,2,-2
990011530,0,228,-228
990014944,2,292,-290
990015176,90,10,80
990015618,0,80,-80
990016032,0,218,-218
990032570,0,40,-40
990070001,74,2,72
990070103,0,6,-6
990070601,0,34,-34
990070751,1794,6,1788
990070766,2,276,-274
990071180,664,204,460
990071343,72,0,72
990071387,0,26,-26
990071823,30,4,26
990072600,8,2438,-2430
990072964,0,488,-488
990073285,0,0,0
990074393,0,680,-680
990074870,2596,44,2552
990075106,1146,6,1140
990075746,1144,6,1138
990076437,2576,2,2574
990076458,8,562,-554
997000007,804,68,736
997000041,0,256,-256
997000058,68,0,68
997000062,24,2,22
997000069,0,4,-4
997000070,0,44,-44
997000100,56,0,56
997000141,0,1024,-1024
997000198,110,1268,-1158
998000475,0,10,-10
998000736,0,102,-102
998000965,2,4,-2
998001031,2,84,-82
998001700,0,22,-22
998001899,0,4,-4
998001900,4,0,4
998003073,1238,8,1230
998101900,0,0,0
998102850,2,492,-490
998501927,908,1708,-800
998501929,118,8,110
998501930,56,0,56
998501931,206,16,190
998501932,4,0,4
998501933,160,72,88
998501937,18,2,16
998501944,10,0,10
998501950,0,6,-6
998501970,102,8,94
998501971,0,98,-98
998501973,0,48,-48
998501974,2,280,-278
998501975,98,8,90
998501976,320,2,318
998501977,6,14,-8
998501978,6,0,6
998501979,0,8,-8
998501980,150,0,150
998501981,54,0,54
998501982,0,152,-152
998501983,0,0,0
998502006,0,2,-2
998502024,0,8,-8
998502032,0,10,-10
998502062,54,42,12
998502063,0,0,0
998502173,28,2,26
998502269,0,2,-2
998502546,0,224,-224
998502578,2,0,2
998502599,22,522,-500
998502621,0,0,0
998601159,2,84,-82
998601292,0,10,-10
999033574,2,328,-326
999800001,74,12,62
999800002,0,10,-10
999800003,2,6,-4
999800004,0,4,-4
999800005,0,20,-20
