ID,insum,outsum,diff
100000001,561,650,-89
100000002,1831,481,1350
100000003,4379,2144,2235
100000004,1295,737,558
100000005,1398,2838,-1440
100000006,441,96,345
100000007,1448,399,1049
100000008,143,525,-382
100000009,331,187,144
100000010,30,25,5
100000011,390,80,310
100000012,75,777,-702
100000013,27,166,-139
100000014,277,274,3
100000015,1474,1239,235
100000016,986,1385,-399
100000017,699,1043,-344
100000018,1130,468,662
100000019,4547,1666,2881
100000020,1433,3032,-1599
100000021,5895,2257,3638
100000022,1569,851,718
100000023,5632,967,4665
100000025,2272,464,1808
100000028,1719,744,975
100000029,280,187,93
100000030,400,49,351
100000031,4745,4309,436
100000032,2062,2380,-318
100000033,831,1783,-952
100000034,588,248,340
100000035,2057,835,1222
100000036,2189,712,1477
100000037,335,426,-91
100000038,1116,695,421
100000039,589,150,439
100000040,105,124,-19
100000041,577,341,236
100000042,598,277,321
100000043,584,292,292
100000044,336,827,-491
100000045,444,1539,-1095
100000046,746,1481,-735
100000047,319,752,-433
100000048,328,506,-178
100000049,1644,2818,-1174
100000051,523,1221,-698
100000053,29,0,29
100000054,185,37,148
100000055,455,253,202
100000056,275,654,-379
100000057,1383,879,504
100000058,688,1387,-699
100000059,14,86,-72
100000060,312,326,-14
100000061,1565,489,1076
100000062,1196,403,793
100000063,394,237,157
100000064,948,374,574
100000065,444,1094,-650
100000066,225,1099,-874
100000067,331,964,-633
100000068,410,1834,-1424
100000069,311,2044,-1733
100000072,516,935,-419
100000073,1036,1409,-373
100000075,524,374,150
100000076,2221,1431,790
100000077,638,115,523
100000078,75,27,48
100000079,41,38,3
100000080,14,17,-3
100000081,109,48,61
100000102,3916,1035,2881
100000103,3525,748,2777
100000104,4385,1275,3110
100000105,3132,725,2407
100000106,2171,1145,1026
100000107,672,387,285
100000108,859,1036,-177
100000109,3434,1179,2255
100000116,1265,686,579
100000117,34,40,-6
100000118,1251,558,693
100000119,868,481,387
100000121,265,605,-340
100000122,1463,844,619
100000123,2995,4658,-1663
100000124,5073,6738,-1665
100000125,2707,838,1869
100000126,742,303,439
100000127,2382,517,1865
100000128,754,887,-133
100000129,603,428,175
100000130,233,613,-380
100000131,2460,2740,-280
100000132,1255,2097,-842
100000133,5936,2761,3175
100000135,414,619,-205
100000139,258,266,-8
100000140,170,184,-14
100000142,363,520,-157
100000143,1897,1061,836
100000144,4941,1073,3868
100000147,935,1977,-1042
100000150,31,599,-568
100000151,603,461,142
100000153,462,250,212
100000154,199,59,140
100000155,8,53,-45
100000156,63,48,15
100000157,19,269,-250
100000158,91,186,-95
100000159,757,510,247
100000165,1211,706,505
100000169,708,433,275
100000174,1522,461,1061
100000179,79,570,-491
100000180,887,1080,-193
100000181,161,251,-90
100000188,120,454,-334
100000189,578,267,311
100000190,476,336,140
100000191,463,340,123
100000192,90,78,12
100000193,114,138,-24
100000330,1717,445,1272
100000355,135,501,-366
100000362,4868,3313,1555
100000363,2022,3307,-1285
100000364,476,152,324
100000365,3064,6342,-3278
100000366,4483,2150,2333
100000367,2847,3815,-968
100000368,1733,1664,69
100000369,848,1117,-269
100000370,175,426,-251
100000376,75,82,-7
100000379,3050,1112,1938
100000380,4341,1672,2669
100000384,4947,2500,2447
100000385,5019,2658,2361
100000386,7698,3162,4536
100000387,6677,3268,3409
100000388,7907,4395,3512
100000389,7802,4289,3513
100000390,8761,3132,5629
100000391,6043,4369,1674
100000392,4551,1324,3227
100000393,2069,1640,429
100000394,7362,3244,4118
100000395,3941,1189,2752
100000396,5492,1572,3920
100000397,2968,1554,1414
100000398,10120,6913,3207
100000413,38,5,33
100900002,4,89,-85
100900003,173,89,84
100900004,21,703,-682
100900005,113,16,97
100900006,10,286,-276
100900007,544,7,537
100900008,2,495,-493
100900009,50,44,6
100900010,45,204,-159
100900011,74,383,-309
100900012,2,296,-294
100900013,363,6,357
100900014,0,20,-20
100900015,126,99,27
100900016,5,43,-38
100900017,458,65,393
100900018,1,10,-9
100900019,11,61,-50
100900020,361,4,357
100900021,254,0,254
100900022,5,6,-1
100900023,0,19,-19
100900024,697,1,696
100900025,13,9,4
100900026,53,163,-110
100900027,487,1812,-1325
100900028,80,129,-49
100900029,114,21,93
100900030,8,22,-14
100900031,275,88,187
100900032,163,1,162
100900033,181,127,54
100900034,325,0,325
100900035,454,0,454
100900036,23,2,21
100900037,41,340,-299
100900038,115,12,103
100900039,375,716,-341
100900040,225,849,-624
100900041,289,1120,-831
100900042,489,213,276
100900043,0,21,-21
100900044,2822,378,2444
100900045,56,0,56
100900046,777,6,771
100900047,1008,74,934
100900048,93,17,76
100900049,64,235,-171
100900050,0,9,-9
100900051,16,52,-36
100900052,159,25,134
100900053,241,19,222
100900054,9,146,-137
100900055,142,395,-253
100900056,83,139,-56
100900057,432,788,-356
100900058,270,28,242
100900059,72,3,69
100900060,90,9,81
100900061,337,273,64
100900062,2,93,-91
100900063,139,402,-263
100900064,407,9,398
100900065,101,64,37
100900066,68,96,-28
100900067,1,13,-12
100900068,62,157,-95
100900069,512,4,508
100900070,166,2,164
100900071,690,270,420
100900072,1,80,-79
100900073,62,653,-591
100900074,4,9,-5
100900075,2254,371,1883
100900076,19,65,-46
100900077,9,152,-143
100900078,66,265,-199
100900079,4,30,-26
100900080,17,192,-175
100900081,30,115,-85
100900082,82,993,-911
100900083,3,56,-53
100900085,10,42,-32
100900086,132,532,-400
100900088,65,960,-895
100900089,4,36,-32
100900090,68,437,-369
100900091,3,13,-10
100900092,193,145,48
100900093,181,201,-20
100900094,92,724,-632
100900095,0,44,-44
100900096,26,73,-47
100900097,2,8,-6
100900098,9,17,-8
100900099,40,681,-641
100900100,13,337,-324
100900101,402,52,350
100900102,27,47,-20
100900103,4,8,-4
100900104,8,200,-192
100900105,13,135,-122
100900106,91,6,85
100900107,1973,599,1374
100900108,0,14,-14
100900109,2,25,-23
100900110,6,54,-48
100900111,44,191,-147
100900112,1,10,-9
100900113,7,28,-21
100900114,3,22,-19
100900115,1,31,-30
100900116,664,519,145
100900117,244,556,-312
100900118,16,59,-43
100900119,2,36,-34
100900120,3,12,-9
100900121,236,338,-102
100900122,160,172,-12
100900123,69,86,-17
100900124,3,4,-1
100900125,18,107,-89
100900126,71,187,-116
100900127,2,9,-7
100900128,78,150,-72
100900129,1,80,-79
100900131,71,183,-112
100900133,30,64,-34
100900134,1,5,-4
100900135,0,106,-106
100900137,345,153,192
100900138,424,302,122
100900139,6,10,-4
100900140,8,888,-880
100900141,1,399,-398
100900142,2,3,-1
100900143,741,335,406
100900144,15,5,10
100900145,54,107,-53
100900146,5,8,-3
100900147,4,236,-232
100900148,47,1431,-1384
100900149,30,82,-52
100900150,0,2,-2
100900151,120,548,-428
100900152,122,5,117
100900153,2,127,-125
100900154,1,16,-15
100900155,3,4,-1
100900156,33,4,29
100900157,6,101,-95
100900159,0,15,-15
100900160,9,14,-5
100900161,170,2,168
100900162,9,175,-166
100900163,160,243,-83
100900164,30,38,-8
100900165,18,75,-57
100900166,31,1,30
100900167,21,90,-69
100900168,20,112,-92
100900169,196,1003,-807
100900170,21,24,-3
100900171,15,734,-719
100900172,0,13,-13
100900173,5,813,-808
100900174,276,43,233
100900176,1220,85,1135
100900177,967,318,649
100900178,250,141,109
100900179,94,77,17
100900180,1,5,-4
100900181,88,23,65
100900182,16,7,9
100900184,3,166,-163
100900186,1101,634,467
100900187,8,196,-188
100900188,35,13,22
100900189,733,151,582
100900191,1151,676,475
100900192,348,153,195
100900195,100,138,-38
100900197,20,165,-145
100900198,20,329,-309
100900199,26,14,12
100900200,567,412,155
100900201,36,695,-659
100900202,26,0,26
100900203,0,47,-47
100900204,142,143,-1
100900205,139,364,-225
100900206,93,45,48
100900207,134,93,41
100900210,89,869,-780
100900211,257,147,110
100900213,17,33,-16
100900214,1009,96,913
100900215,14,38,-24
100900217,199,57,142
101000001,3706,2022,1684
101000002,3634,3763,-129
101000003,904,1419,-515
101000004,10430,10309,121
101000006,9045,6231,2814
101000007,2014,2525,-511
101000008,3932,2354,1578
101000009,1406,2331,-925
101000010,876,1791,-915
101000011,2504,777,1727
101000012,2087,601,1486
101000013,400,931,-531
101000014,590,659,-69
101000015,840,760,80
101000016,530,351,179
101000017,523,498,25
101000018,4411,2350,2061
101000020,4412,991,3421
101000021,1558,232,1326
101000022,214,28,186
101000023,1551,593,958
101000025,177,360,-183
101000026,394,15,379
101000027,1696,1197,499
101000028,1042,135,907
101000029,84,493,-409
101000030,784,83,701
101000031,370,105,265
101000032,4784,1778,3006
101000033,2563,1781,782
101000034,2853,1005,1848
101000035,1281,241,1040
101000036,2063,391,1672
101000037,4608,1056,3552
101000039,2949,1345,1604
101000040,4236,3108,1128
101000041,11064,3618,7446
101000042,760,627,133
101000043,7408,2819,4589
101000045,1534,416,1118
101000046,1916,447,1469
101000047,1056,953,103
101000048,718,804,-86
101000049,760,814,-54
101000050,1702,802,900
101000051,2176,1184,992
101000052,1764,506,1258
101000053,986,969,17
101000054,1370,859,511
101000055,1460,1027,433
101000056,93,105,-12
101000057,2343,609,1734
101000058,1901,793,1108
101000059,3913,1375,2538
101000060,2021,335,1686
101000061,1125,960,165
101000062,1182,509,673
101000063,639,499,140
101000064,1649,430,1219
101000065,270,255,15
101000066,471,222,249
101000067,934,379,555
101000068,415,209,206
101000069,463,49,414
101000070,1555,783,772
101000071,2065,890,1175
101000072,1071,3062,-1991
101000073,608,479,129
101000074,3670,2826,844
101000075,4946,2899,2047
101000077,936,1580,-644
101000078,869,1565,-696
101000079,373,751,-378
101000080,531,487,44
101000081,1071,1488,-417
101000082,3564,2610,954
101000083,1963,1707,256
101000084,1409,1161,248
101000085,1456,1010,446
101000086,1234,1241,-7
101000087,904,1401,-497
101000088,914,938,-24
101000089,734,1355,-621
101000090,2442,1703,739
101000091,359,1833,-1474
101000092,622,1060,-438
101000093,1380,736,644
101000094,536,1361,-825
101000095,254,781,-527
101000096,245,681,-436
101000097,481,346,135
101000098,491,383,108
101000099,1008,1225,-217
101000100,699,560,139
101000101,421,265,156
101000102,1192,259,933
101000103,691,343,348
101000104,342,418,-76
101000105,993,234,759
101000106,746,349,397
101000107,140,396,-256
101000108,1680,306,1374
101000109,168,103,65
101000110,40,917,-877
101000111,55,189,-134
101000113,120,482,-362
101000114,2742,1126,1616
101000115,90,120,-30
101000116,147,94,53
101000117,538,199,339
101000119,158,33,125
101000120,234,28,206
101000121,80,19,61
101000122,139,38,101
101000123,60,36,24
101000124,118,155,-37
101000125,262,536,-274
101000128,764,278,486
101000130,250,263,-13
101000131,471,805,-334
101000132,393,2112,-1719
101000135,101,16,85
101000136,238,49,189
101000137,17,218,-201
101000141,1984,1603,381
101000147,877,587,290
101000148,2056,27,2029
101000149,178,138,40
101000150,70,1431,-1361
101000151,109,90,19
101000152,360,277,83
101000153,568,473,95
101000154,136,2054,-1918
101000155,120,177,-57
101000156,18,312,-294
101000157,66,25,41
101000160,78,65,13
101000163,232,75,157
101000164,511,546,-35
101000165,218,480,-262
101000166,241,283,-42
101000168,789,383,406
101000252,1182,898,284
101000254,398,46,352
101000258,41,20,21
101000261,31,173,-142
101000262,752,784,-32
101000263,144,592,-448
101000265,79,470,-391
101000266,322,307,15
101000269,144,8,136
101000290,1507,1877,-370
101000293,26,64,-38
101000294,471,520,-49
101000295,133,397,-264
101000301,822,211,611
101000304,1735,2369,-634
101000305,2053,1416,637
101000328,121,363,-242
101900001,15,94,-79
101900002,0,19,-19
101900003,147,113,34
101900004,2,47,-45
101900005,6213,1401,4812
101900006,852,29,823
101900007,486,59,427
101900008,125,202,-77
101900009,32,370,-338
101900010,1007,550,457
101900011,330,1182,-852
101900012,148,305,-157
101900013,1420,161,1259
101900017,32,123,-91
101900018,2061,218,1843
101900019,358,153,205
101900020,88,89,-1
101900021,0,42,-42
101900022,98,1508,-1410
101900023,63,323,-260
101900026,102,37,65
101900027,11,134,-123
102000001,2469,3658,-1189
102000002,2904,1454,1450
102000003,3578,5158,-1580
102000004,7530,2706,4824
102000005,1505,2068,-563
102000006,1757,1829,-72
102000007,1354,3984,-2630
102000008,5049,1899,3150
102000009,4477,7002,-2525
102000010,5089,3953,1136
102000011,2367,2013,354
102000012,3102,3587,-485
102000018,3672,2556,1116
102000019,2943,1701,1242
102000026,272,976,-704
102000029,444,305,139
102000030,81,299,-218
102000031,43,266,-223
102000032,340,480,-140
102000033,170,537,-367
102000034,439,611,-172
102000035,1037,709,328
102000036,10,383,-373
102000037,158,119,39
102000038,361,138,223
102000039,405,68,337
102000040,794,151,643
102000041,335,326,9
102000042,381,150,231
102000043,465,227,238
102000044,771,752,19
102000045,768,1273,-505
102000046,1028,603,425
102000047,609,1510,-901
102000048,278,954,-676
102000049,1200,861,339
102000050,1193,1226,-33
102000051,567,658,-91
102000052,1542,938,604
102000053,1179,941,238
102000054,297,885,-588
102000055,617,1526,-909
102000056,559,1780,-1221
102000057,970,591,379
102000058,971,2571,-1600
102000059,1138,1706,-568
102000060,981,1022,-41
102000061,975,2770,-1795
102000062,1072,1360,-288
102000063,1401,1624,-223
102000064,580,703,-123
102000065,35,139,-104
102000066,943,1659,-716
102000067,2263,3070,-807
102000068,11096,3402,7694
102000069,46,2198,-2152
102000070,1859,57,1802
102000071,7298,9396,-2098
102000072,2893,6451,-3558
102000073,606,1145,-539
102000074,460,948,-488
102000075,122,361,-239
102000076,177,593,-416
102000077,291,1667,-1376
102000078,654,1020,-366
102000079,198,328,-130
102000080,215,220,-5
102000081,303,993,-690
102000082,833,254,579
102000083,358,577,-219
102000084,122,508,-386
102000085,1692,1471,221
102000086,881,1139,-258
102000087,718,2000,-1282
102000088,169,292,-123
102000089,834,536,298
102000090,405,1269,-864
102000091,1360,434,926
102000092,326,854,-528
102000093,712,747,-35
102000094,818,557,261
102000095,967,1001,-34
102000096,790,747,43
102000097,912,804,108
102000098,597,893,-296
102000099,992,585,407
102000100,1100,1127,-27
102000101,1309,542,767
102000102,403,3147,-2744
102000103,1362,373,989
102000104,1291,404,887
102000105,244,1064,-820
102000106,566,1106,-540
102000107,782,720,62
102000108,434,374,60
102000109,317,764,-447
102000110,549,2047,-1498
102000111,6,466,-460
102000112,132,114,18
102000113,11,39,-28
102000114,1457,497,960
102000115,236,191,45
102000116,494,277,217
102000117,281,600,-319
102000118,1969,1060,909
102000119,3003,718,2285
102000120,150,652,-502
102000121,796,596,200
102000122,409,868,-459
102000123,1354,897,457
102000124,1042,978,64
102000125,772,857,-85
102000126,595,774,-179
102000127,887,735,152
102000128,547,1204,-657
102000129,808,1173,-365
102000130,347,788,-441
102000131,962,796,166
102000132,253,775,-522
102000133,1035,2484,-1449
102000134,499,795,-296
102000135,1215,1089,126
102000136,1194,569,625
102000137,946,906,40
102000138,161,397,-236
102000139,73,292,-219
102000140,257,245,12
102000141,161,562,-401
102000142,148,445,-297
102000143,93,630,-537
102000144,149,497,-348
102000145,232,568,-336
102000146,262,357,-95
102000147,306,317,-11
102000148,282,302,-20
102000149,158,762,-604
102000150,164,420,-256
102000151,171,502,-331
102000152,130,200,-70
102000153,930,411,519
102000154,610,755,-145
102000155,81,338,-257
102000156,562,64,498
102000157,298,164,134
102000158,814,503,311
102000159,1934,327,1607
102000161,4878,1838,3040
102000162,253,171,82
102000163,94,410,-316
102000164,1107,892,215
102000165,232,106,126
102000166,42,104,-62
102000167,147,169,-22
102000168,150,107,43
102000169,94,587,-493
102000170,618,114,504
102000171,213,50,163
102000172,89,301,-212
102000173,489,258,231
102000174,31,72,-41
102000175,153,185,-32
102000176,32,42,-10
102000178,216,705,-489
102000179,272,264,8
102000180,484,766,-282
102000181,394,760,-366
102000182,422,819,-397
102000183,1357,2532,-1175
102000184,1180,1017,163
102000185,1821,2096,-275
102000186,822,2414,-1592
102000187,551,2170,-1619
102000188,609,1707,-1098
102000189,3093,1138,1955
102000190,530,2310,-1780
102000191,1229,631,598
102000192,781,1219,-438
102000193,67,210,-143
102000194,68,170,-102
102000195,486,721,-235
102000196,102,750,-648
102000197,397,632,-235
102000198,127,1237,-1110
102000199,475,439,36
102000200,271,1709,-1438
102000201,511,573,-62
102000202,7,157,-150
102000203,227,359,-132
102000204,281,1095,-814
102000205,686,640,46
102000206,663,795,-132
102000207,897,558,339
102000208,404,673,-269
102000209,39,84,-45
102000210,237,677,-440
102000211,576,687,-111
102000212,131,16,115
102000213,3,606,-603
102000214,175,18,157
102000215,8,742,-734
102000216,95,48,47
102000217,9,307,-298
102000218,143,86,57
102000219,594,439,155
102000225,823,923,-100
102000226,1761,692,1069
102000227,136,1,135
102000228,0,139,-139
102000229,14,23,-9
102000230,262,820,-558
102000231,329,522,-193
102000232,8,298,-290
102000233,400,652,-252
102000234,115,1222,-1107
102000236,207,108,99
102000237,726,209,517
102000238,136,418,-282
102000240,657,508,149
102000241,192,134,58
102000243,9,78,-69
102000245,15,114,-99
102000246,32,36,-4
102000247,1247,948,299
102000248,730,798,-68
102000249,99,174,-75
102000250,56,627,-571
102000254,50,516,-466
102000266,47,194,-147
102000271,35,1,34
102000286,423,374,49
102000297,1765,1147,618
102000299,0,0,0
102000301,0,0,0
102000305,0,0,0
102000307,0,6,-6
102900001,1077,1356,-279
102900002,269,22,247
102900003,31,374,-343
102900005,264,490,-226
102900006,517,350,167
102900007,372,31,341
102900008,235,135,100
102900009,426,217,209
102900010,624,444,180
102900011,2062,344,1718
102900012,307,79,228
102900013,21,90,-69
102900015,750,314,436
102900016,35,110,-75
102900017,90,624,-534
102900018,25,202,-177
102900019,405,674,-269
102900020,103,59,44
102900021,13,159,-146
102900022,550,98,452
102900023,22,86,-64
102900024,16,50,-34
102900025,316,141,175
102900026,718,1311,-593
102900027,42,93,-51
102900028,105,588,-483
102900029,196,151,45
102900030,274,236,38
102900031,100,230,-130
102900032,34,162,-128
102900033,64,185,-121
102900034,268,180,88
102900035,90,581,-491
102900036,200,807,-607
102900037,154,891,-737
102900038,418,753,-335
102900039,52,330,-278
102900040,126,219,-93
102900041,89,232,-143
102900042,162,503,-341
102900043,98,293,-195
102900044,565,2310,-1745
102900045,67,631,-564
102900046,101,390,-289
102900047,72,804,-732
102900048,584,833,-249
102900049,88,399,-311
102900050,219,416,-197
102900051,171,257,-86
102900053,293,894,-601
102900054,959,867,92
102900055,122,101,21
102900056,115,531,-416
102900057,4,42,-38
102900058,319,58,261
102900059,7,29,-22
102900060,101,560,-459
102900061,109,667,-558
102900062,165,1741,-1576
102900063,611,471,140
102900064,77,466,-389
102900065,2029,503,1526
102900066,351,73,278
102900068,99,84,15
102900070,119,853,-734
102900072,24,52,-28
102900073,220,11,209
102900075,74,34,40
102900076,288,51,237
102900077,31,32,-1
102900078,67,98,-31
102900079,246,16,230
102900080,351,31,320
102900081,69,367,-298
102900082,13,340,-327
102900083,320,7,313
102900084,1,22,-21
102900085,176,66,110
102900086,5,64,-59
102900087,83,133,-50
102900088,32,36,-4
102900089,300,178,122
102900090,2,582,-580
102900091,114,3,111
102900092,214,1465,-1251
102900094,0,88,-88
102900095,138,1,137
102900096,50,26,24
102900097,12,140,-128
103000001,2304,2923,-619
103000002,2484,2513,-29
103000003,3823,2849,974
103000004,1079,726,353
103000005,2525,2713,-188
103000006,719,1684,-965
103000007,493,946,-453
103000008,978,1379,-401
103000009,861,861,0
103000010,239,285,-46
103000011,1747,1166,581
103000012,1063,1585,-522
103000013,6266,2148,4118
103000014,1232,1888,-656
103000015,2991,842,2149
103000016,584,1131,-547
103000017,182,346,-164
103000018,1242,485,757
103000019,202,231,-29
103000020,2026,1524,502
103000021,1385,1562,-177
103000022,1079,1196,-117
103000023,467,1408,-941
103000024,162,192,-30
103000025,94,415,-321
103000026,1729,163,1566
103000027,261,475,-214
103000028,625,443,182
103000029,343,181,162
103000030,1896,627,1269
103000031,1513,1715,-202
103000032,1627,1811,-184
103000033,2356,2645,-289
103000034,1408,934,474
103000035,380,1217,-837
103000036,384,472,-88
103000037,595,408,187
103000038,466,962,-496
103000039,185,565,-380
103000040,248,1361,-1113
103000041,1585,3133,-1548
103000042,721,914,-193
103000043,271,1419,-1148
103000044,159,309,-150
103000046,262,433,-171
103000047,729,697,32
103000048,181,181,0
103000049,106,201,-95
103000050,673,890,-217
103000051,339,662,-323
103000052,760,587,173
103000053,224,622,-398
103000054,2054,1371,683
103000055,1459,1998,-539
103000056,631,2812,-2181
103000057,316,354,-38
103000058,422,1058,-636
103000059,290,875,-585
103000060,702,1006,-304
103000061,227,1059,-832
103000062,887,1010,-123
103000063,576,701,-125
103000064,109,364,-255
103000065,6,368,-362
103000066,124,10,114
103000069,204,456,-252
103000070,783,1561,-778
103000071,830,381,449
103000072,103,1199,-1096
103000073,551,153,398
103000074,562,81,481
103000075,142,1071,-929
103000076,224,261,-37
103000077,44,461,-417
103000078,1547,486,1061
103000079,1943,600,1343
103000080,1150,404,746
103000081,551,937,-386
103000082,473,266,207
103000083,117,370,-253
103000084,187,7,180
103000085,5,118,-113
103000086,923,389,534
103000087,196,499,-303
103000088,515,353,162
103000089,286,440,-154
103000090,1610,981,629
103000091,498,482,16
103000092,298,353,-55
103000093,320,601,-281
103000094,168,158,10
103000095,42,449,-407
103000096,747,146,601
103000097,89,824,-735
103000098,959,233,726
103000099,420,626,-206
103000100,83,1186,-1103
103000101,555,188,367
103000102,104,997,-893
103000103,540,297,243
103000104,42,154,-112
103000105,90,201,-111
103000106,10,101,-91
103000107,301,52,249
103000108,855,594,261
103000109,447,311,136
103000110,414,448,-34
103000111,600,316,284
103000112,311,268,43
103000113,784,746,38
103000114,1563,422,1141
103000115,406,618,-212
103000116,360,710,-350
103000117,227,638,-411
103000118,1968,1069,899
103000119,2288,629,1659
103000120,64,85,-21
103000121,321,724,-403
103000122,410,321,89
103000125,2,633,-631
103000126,386,4,382
103000127,2,329,-327
103000128,116,3,113
103000129,1,217,-216
103000130,23,16,7
103000131,271,100,171
103000132,77,106,-29
103000133,13,173,-160
103000134,707,735,-28
103000135,955,287,668
103000136,946,383,563
103000137,841,637,204
103000138,960,832,128
103000139,7,76,-69
103000140,242,36,206
103000141,48,165,-117
103000142,142,83,59
103000143,77,226,-149
103000144,213,113,100
103000145,22,12,10
103000150,93,70,23
103000152,484,272,212
103000153,377,196,181
103000156,3,655,-652
103000157,288,1,287
103000159,47,44,3
103000162,120,23,97
103000163,21,44,-23
103000164,38,15,23
103000165,248,550,-302
103000166,176,139,37
103000167,176,136,40
103000168,81,186,-105
103000169,190,322,-132
103000170,318,563,-245
103000171,58,62,-4
103000172,269,462,-193
103000173,316,1113,-797
103000174,131,366,-235
103000175,181,560,-379
103000176,1045,412,633
103000177,844,457,387
103000178,351,371,-20
103000179,150,37,113
103000183,86,55,31
103000185,42,104,-62
103000186,71,208,-137
103000187,272,927,-655
103000188,5,75,-70
103000189,1251,1341,-90
103000191,397,630,-233
103000292,2903,1011,1892
103000293,1659,1306,353
103000295,93,79,14
103000296,164,5,159
103000297,39,1,38
103000504,121,28,93
103000505,4,11,-7
103000506,5,270,-265
103000507,162,6,156
103000508,71,29,42
103000509,314,641,-327
103900001,1,576,-575
103900002,2107,154,1953
103900003,1850,116,1734
103900004,60,0,60
103900005,3,291,-288
103900006,1,1,0
103900007,40,6,34
103900008,25,1,24
103900009,181,343,-162
103900010,173,285,-112
103900011,137,276,-139
103900012,15,19,-4
103900013,20,116,-96
103900014,23,22,1
103900015,31,18,13
103900016,253,306,-53
103900017,37,85,-48
103900018,799,250,549
103900019,57,237,-180
103900020,197,409,-212
103900021,1041,120,921
103900022,1051,683,368
103900023,85,2,83
103900024,68,805,-737
103900025,8,46,-38
103900026,4,0,4
103900027,540,333,207
103900028,34,251,-217
103900029,910,156,754
103900030,350,41,309
103900031,15,1,14
103900032,83,37,46
103900033,64,4,60
103900034,17,393,-376
103900035,39,91,-52
103900036,44,22,22
103900037,54,39,15
103900038,60,128,-68
103900039,31,540,-509
103900040,14,223,-209
103900041,24,48,-24
103900042,34,625,-591
103900043,91,218,-127
103900044,268,191,77
103900045,185,209,-24
103900047,34,32,2
103900048,46,22,24
103900049,239,1759,-1520
103900050,5,80,-75
103900051,1,38,-37
103900052,140,844,-704
103900053,125,1628,-1503
103900054,98,740,-642
103900055,403,290,113
103900056,32,64,-32
103900057,20,363,-343
103900058,119,829,-710
103900059,0,2,-2
103900060,30,339,-309
103900061,77,85,-8
103900062,172,61,111
103900063,2,0,2
103900064,71,5,66
103900065,811,480,331
103900066,68,5,63
103900067,79,5,74
103900068,6,0,6
103900069,77,9,68
103900070,154,372,-218
103900071,19,249,-230
103900072,5,419,-414
103900073,50,16,34
103900074,39,144,-105
103900075,109,128,-19
103900076,330,856,-526
103900077,56,49,7
103900078,66,153,-87
103900079,144,248,-104
103900080,25,26,-1
103900081,178,34,144
103900082,15,147,-132
103900083,2134,757,1377
103900084,38,185,-147
103900085,96,145,-49
103900086,353,300,53
103900088,393,267,126
103900089,65,242,-177
103900090,15,323,-308
103900091,985,244,741
103900092,528,687,-159
103900093,115,401,-286
103900094,7,165,-158
103900095,237,192,45
103900096,15,359,-344
103900097,6,556,-550
103900098,152,112,40
103900099,64,323,-259
103900100,125,378,-253
103900101,50,1164,-1114
103900102,1,36,-35
103900104,2,55,-53
103900105,107,278,-171
103900106,0,17,-17
103900107,69,265,-196
103900108,59,553,-494
103900109,48,100,-52
103900110,212,74,138
103900111,49,1044,-995
103900112,41,56,-15
103900113,167,335,-168
103900114,575,424,151
103900115,262,131,131
103900116,9543,2198,7345
103900117,306,164,142
103900119,23,39,-16
103900120,35,134,-99
103900122,29,432,-403
103900123,2214,620,1594
103900124,52,738,-686
103900125,132,112,20
103900126,464,777,-313
103900127,96,1136,-1040
103900128,38,319,-281
103900131,29,163,-134
103900133,1112,27,1085
103900134,0,4,-4
103900135,10,11,-1
103900137,2,46,-44
103900138,57,555,-498
103900139,412,1097,-685
103900140,4,58,-54
103900141,249,95,154
103900142,61,269,-208
103900143,26,13,13
103900144,3,124,-121
103900145,144,456,-312
103900146,238,443,-205
103900147,226,127,99
103900148,158,306,-148
103900149,190,979,-789
103900150,9010,2644,6366
103900151,45,206,-161
103900152,261,948,-687
103900153,3,4,-1
103900154,1321,1236,85
103900155,18,314,-296
103900156,33,272,-239
103900157,17,370,-353
103900158,46,303,-257
103900159,66,86,-20
103900160,50,34,16
103900161,75,213,-138
103900162,64,391,-327
103900163,7,601,-594
103900167,13,93,-80
103900168,75,158,-83
103900169,30,37,-7
103900170,3,141,-138
103900171,6,156,-150
103900172,7,60,-53
103900173,15,10,5
103900174,85,53,32
103900175,64,42,22
103900176,12,17,-5
103900177,2,70,-68
103900178,40,165,-125
103900179,17,371,-354
103900180,10,211,-201
103900181,74,92,-18
103900182,38,21,17
103900184,734,62,672
103900185,500,159,341
103900187,123,48,75
103900188,39,21,18
103900189,114,5,109
103900190,62,63,-1
103900191,39,53,-14
103900192,35,118,-83
103900193,183,223,-40
103900194,73,460,-387
103900195,11,36,-25
103900196,32,10,22
103900197,10,27,-17
103900198,11,84,-73
103900199,113,153,-40
103900200,123,223,-100
103900201,103,239,-136
103900202,3,58,-55
103900203,18,25,-7
103900204,5,197,-192
103900207,3,264,-261
103900208,39,2,37
103900209,10,144,-134
103900210,24,22,2
103900211,361,879,-518
103900212,61,619,-558
103900213,111,226,-115
103900214,368,141,227
103900215,701,255,446
103900216,8,494,-486
103900217,466,115,351
103900218,1,412,-411
103900219,141,515,-374
103900233,73,2,71
103900235,42,32,10
103900236,53,6,47
103900242,4,26,-22
103900243,8,7,1
103900244,90,387,-297
103900245,93,273,-180
103900246,119,44,75
103900247,54,163,-109
103900248,8,39,-31
103900249,34,32,2
103900250,65,30,35
103900251,6,46,-40
103900253,35,62,-27
103900254,18,26,-8
103900255,18,21,-3
103900256,29,52,-23
103900257,178,196,-18
103900258,54,2,52
103900259,88,9,79
103900261,6,5,1
103900262,19,2,17
103900263,80,102,-22
103900264,74,38,36
103900265,74,20,54
103900266,0,47,-47
103900267,4,64,-60
103900268,14,257,-243
103900269,89,50,39
103900270,38,173,-135
103900271,75,327,-252
103900272,46,105,-59
103900273,19,164,-145
103900274,44,7,37
103900275,24,5,19
103900276,5,250,-245
103900277,5,180,-175
103900278,12,97,-85
103900279,2,16,-14
103900280,1,277,-276
104000001,1992,2625,-633
104000002,1638,3382,-1744
104000003,2002,2451,-449
104000004,3222,3212,10
104000005,1237,2020,-783
104000006,2693,3577,-884
104000007,4300,4400,-100
104000008,308,599,-291
104000009,123,107,16
104000010,182,285,-103
104000011,1075,474,601
104000012,178,592,-414
104000013,163,174,-11
104000014,257,899,-642
104000015,233,217,16
104000016,681,568,113
104000018,555,181,374
104000019,494,193,301
104000020,284,1011,-727
104000021,340,802,-462
104000022,155,388,-233
104000023,506,463,43
104000024,315,560,-245
104000026,49,333,-284
104000027,330,600,-270
104000028,388,361,27
104000029,722,712,10
104000030,286,346,-60
104000031,878,357,521
104000032,244,478,-234
104000033,584,579,5
104000034,327,509,-182
104000035,602,599,3
104000036,595,814,-219
104000037,332,397,-65
104000038,312,378,-66
104000039,207,499,-292
104000040,733,555,178
104000041,450,393,57
104000042,205,517,-312
104000043,284,531,-247
104000044,274,1073,-799
104000045,1087,1768,-681
104000046,1626,2027,-401
104000047,664,1657,-993
104000048,1103,2212,-1109
104000049,457,366,91
104000050,225,686,-461
104000051,121,943,-822
104000052,929,1579,-650
104000053,652,1019,-367
104000054,363,499,-136
104000055,4073,3044,1029
104000056,2161,373,1788
104000057,229,789,-560
104000058,614,932,-318
104000059,553,1605,-1052
104000060,673,1413,-740
104000061,1255,1517,-262
104000062,305,473,-168
104000064,552,442,110
104000065,123,532,-409
104000069,1819,793,1026
104000070,71,370,-299
104000071,216,592,-376
104000072,701,604,97
104000075,38,402,-364
104000076,496,51,445
104000082,2119,2793,-674
104000083,769,260,509
104000084,134,622,-488
104000085,306,314,-8
104000086,254,532,-278
104000087,454,1167,-713
104000090,608,2012,-1404
104000092,762,3482,-2720
104000094,821,2581,-1760
104000095,1376,1650,-274
104000096,1003,595,408
104000097,1282,1519,-237
104000098,1302,1875,-573
104000100,1134,857,277
104000101,863,3248,-2385
104000106,263,867,-604
104000107,607,636,-29
104000108,454,785,-331
104000109,312,56,256
104000110,966,1139,-173
104000111,6183,1858,4325
104000112,2694,789,1905
104000116,9,1620,-1611
104000117,95,1580,-1485
104000118,395,309,86
104000119,337,298,39
104000120,195,1356,-1161
104000121,213,963,-750
104000122,489,762,-273
104000123,1178,1659,-481
104000124,1228,3318,-2090
104000125,6043,3281,2762
104000126,282,439,-157
104000127,1650,3919,-2269
104000128,840,558,282
104000129,496,34,462
104000130,6,256,-250
104000131,1143,781,362
104000132,866,1224,-358
104000133,1142,1075,67
104000134,746,1798,-1052
104000135,317,1307,-990
104000136,751,3085,-2334
104000137,1494,304,1190
104000138,1415,576,839
104000139,9166,3342,5824
104000141,1145,2424,-1279
104000142,675,1270,-595
104000143,574,905,-331
104000144,70,237,-167
104000145,487,229,258
104000146,433,770,-337
104000147,131,487,-356
104000148,235,160,75
104000149,179,526,-347
104000150,534,589,-55
104000151,378,677,-299
104000152,505,896,-391
104000153,405,576,-171
104000154,1196,889,307
104000155,366,545,-179
104000157,1087,2340,-1253
104000158,258,312,-54
104000159,588,422,166
104000160,1579,1648,-69
104000161,289,173,116
104000162,73,181,-108
104000165,2065,1307,758
104000167,488,734,-246
104000168,401,8,393
104000169,41,86,-45
104000170,630,449,181
104000248,282,1452,-1170
104000251,82,382,-300
104000272,0,0,0
104000273,0,0,0
104000274,0,0,0
104000275,0,0,0
104000279,674,501,173
104000290,64,420,-356
104000291,720,1468,-748
104000293,718,1009,-291
104000294,19,0,19
104000295,427,841,-414
104000296,303,810,-507
104000297,877,1552,-675
104000298,1717,1064,653
104000299,692,1876,-1184
104000302,112,179,-67
104000303,97,196,-99
104900001,110,590,-480
104900002,35,127,-92
104900003,45,393,-348
104900004,79,380,-301
104900005,143,170,-27
104900006,128,105,23
104900007,202,304,-102
104900009,103,541,-438
104900010,63,36,27
104900011,6,5,1
104900012,162,19,143
104900013,97,12,85
104900014,3218,301,2917
104900015,103,2,101
104900016,135,421,-286
104900017,97,252,-155
104900018,8,244,-236
104900019,358,1380,-1022
104900020,51,326,-275
104900021,2,515,-513
104900022,9,164,-155
104900023,2,232,-230
104900024,20,172,-152
104900025,44,646,-602
104900026,1,226,-225
104900027,278,279,-1
104900028,16,111,-95
104900029,35,167,-132
104900030,371,216,155
104900031,129,250,-121
104900032,56,231,-175
104900033,117,278,-161
104900034,225,115,110
104900035,172,121,51
104900036,113,63,50
104900037,118,518,-400
104900038,663,341,322
104900039,1438,193,1245
104900040,188,67,121
104900041,162,245,-83
104900042,112,572,-460
104900043,11,88,-77
104900044,324,213,111
104900045,331,59,272
104900046,98,153,-55
104900047,172,150,22
104900048,192,87,105
104900049,16,13,3
104900050,130,82,48
104900051,183,50,133
104900052,26,0,26
104900053,309,70,239
104900054,53,47,6
104900055,59,0,59
104900056,220,8,212
104900057,23,10,13
104900058,416,129,287
104900059,64,46,18
104900060,0,399,-399
104900061,314,707,-393
104900063,1,196,-195
104900064,0,236,-236
104900065,1,144,-143
104900066,4,322,-318
104900067,2,308,-306
104900068,15,288,-273
104900070,126,298,-172
104900071,10,975,-965
104900072,52,240,-188
104900073,28,514,-486
104900074,47,284,-237
104900075,45,157,-112
104900076,53,569,-516
104900077,1992,162,1830
104900078,151,851,-700
104900079,126,217,-91
104900080,71,553,-482
104900082,18,390,-372
104900085,15,348,-333
104900087,296,6,290
104900089,76,0,76
104900090,391,536,-145
104900091,348,965,-617
104900093,221,681,-460
104900097,3542,1211,2331
104900098,60,46,14
104900099,555,554,1
104900100,1115,244,871
104900102,40,371,-331
104900103,419,137,282
104900104,3705,1209,2496
104900106,49,161,-112
104900107,52,453,-401
104900108,41,483,-442
104900109,61,211,-150
104900110,12,60,-48
104900111,121,127,-6
104900112,178,1246,-1068
104900113,509,567,-58
104900114,259,899,-640
104900115,413,664,-251
104900116,162,311,-149
104900118,10,98,-88
104900119,1,26,-25
104900120,269,122,147
104900121,0,136,-136
104900122,5,160,-155
104900123,16,4,12
104900124,21,0,21
104900125,425,58,367
104900126,100,88,12
104900127,39,54,-15
104900128,56,123,-67
104900129,3124,1215,1909
105000001,2531,1890,641
105000002,2613,1799,814
105000003,3257,3982,-725
105000004,441,1291,-850
105000005,609,1278,-669
105000006,1080,1716,-636
105000007,1060,1430,-370
105000008,945,2255,-1310
105000009,1351,2993,-1642
105000010,3556,3252,304
105000011,1733,2335,-602
105000012,3752,3733,19
105000013,702,1124,-422
105000014,1072,2061,-989
105000015,7838,6157,1681
105000016,4150,1885,2265
105000017,1834,1127,707
105000018,1498,1001,497
105000019,1494,864,630
105000020,264,335,-71
105000021,304,156,148
105000022,186,29,157
105000023,332,214,118
105000028,101,197,-96
105000029,468,1064,-596
105000030,4092,4161,-69
105000031,1,22,-21
105000033,924,2698,-1774
105000034,226,600,-374
105000037,595,828,-233
105000038,1186,1331,-145
105000039,2545,1964,581
105000040,502,842,-340
105000041,466,1424,-958
105000042,1747,1186,561
105000043,1725,2149,-424
105000044,366,415,-49
105000045,291,967,-676
105000046,641,442,199
105000047,464,1655,-1191
105000048,456,241,215
105000049,292,945,-653
105000050,437,413,24
105000051,275,698,-423
105000052,406,1408,-1002
105000053,147,298,-151
105000054,224,1374,-1150
105000055,389,647,-258
105000056,844,3869,-3025
105000057,945,1393,-448
105000058,1497,1828,-331
105000059,663,599,64
105000060,736,963,-227
105000061,450,571,-121
105000062,1046,1584,-538
105000063,424,1045,-621
105000064,1098,743,355
105000065,510,1449,-939
105000066,1129,2787,-1658
105000067,920,615,305
105000068,804,1199,-395
105000069,4843,974,3869
105000070,1117,885,232
105000071,418,624,-206
105000072,1313,1490,-177
105000073,830,574,256
105000074,870,1092,-222
105000075,571,803,-232
105000076,1332,1240,92
105000077,1924,908,1016
105000078,1588,1405,183
105000079,1862,1801,61
105000080,1598,931,667
105000081,1691,728,963
105000082,676,438,238
105000083,1292,727,565
105000084,655,1268,-613
105000085,1248,950,298
105000086,722,1103,-381
105000087,3937,2320,1617
105000088,1245,1583,-338
105000089,2860,2480,380
105000090,739,935,-196
105000091,1442,2007,-565
105000092,640,1245,-605
105000093,341,169,172
105000094,289,254,35
105000095,118,437,-319
105000096,1102,614,488
105000097,1380,797,583
105000098,729,581,148
105000099,1041,1134,-93
105000100,712,1529,-817
105000101,1775,2772,-997
105000102,916,1991,-1075
105000103,1116,2681,-1565
105000104,1376,1483,-107
105000105,948,2681,-1733
105000106,947,2105,-1158
105000107,774,1522,-748
105000108,1023,2768,-1745
105000109,1156,2333,-1177
105000110,684,1352,-668
105000111,634,763,-129
105000112,1098,1211,-113
105000113,373,683,-310
105000114,5756,1336,4420
105000115,351,785,-434
105000116,633,537,96
105000117,866,2033,-1167
105000118,236,410,-174
105000119,430,1799,-1369
105000120,559,735,-176
105000121,872,1744,-872
105000122,291,598,-307
105000123,1115,2088,-973
105000124,1318,1315,3
105000125,623,2614,-1991
105000126,1983,3339,-1356
105000127,2405,2246,159
105000128,423,2188,-1765
105000129,770,498,272
105000130,142,1378,-1236
105000131,763,481,282
105000132,653,516,137
105000133,354,1312,-958
105000134,572,601,-29
105000135,497,779,-282
105000136,122,427,-305
105000137,283,207,76
105000138,223,443,-220
105000139,957,1349,-392
105000140,235,561,-326
105000141,233,904,-671
105000142,122,652,-530
105000143,239,1027,-788
105000144,351,1018,-667
105000145,536,686,-150
105000146,734,1060,-326
105000147,526,567,-41
105000148,961,1038,-77
105000149,1737,2399,-662
105000150,2256,1919,337
105000151,386,458,-72
105000152,250,942,-692
105000153,673,601,72
105000154,682,1614,-932
105000155,286,753,-467
105000156,959,1371,-412
105000157,1001,3402,-2401
105000158,1726,1004,722
105000159,327,2113,-1786
105000160,1594,768,826
105000161,902,2916,-2014
105000162,768,1601,-833
105000163,2390,1765,625
105000164,223,415,-192
105000165,2705,4485,-1780
105000166,10389,433,9956
105000167,4538,1362,3176
105000168,249,1388,-1139
105000169,320,504,-184
105000170,113,1628,-1515
105000171,1146,520,626
105000172,42,98,-56
105000173,61,48,13
105000174,33,26,7
105000175,58,152,-94
105000176,144,103,41
105000177,236,160,76
105000178,81,1192,-1111
105000179,229,117,112
105000180,78,157,-79
105000181,58,868,-810
105000182,59,55,4
105000183,3077,1938,1139
105000184,1076,825,251
105000185,814,728,86
105000186,416,1093,-677
105000187,547,209,338
105000188,236,106,130
105000189,158,566,-408
105000190,221,273,-52
105000191,392,461,-69
105000192,158,72,86
105000193,63,154,-91
105000194,346,83,263
105000195,199,1256,-1057
105000196,59,119,-60
105000197,235,829,-594
105000198,666,284,382
105000199,417,371,46
105000200,79,245,-166
105000201,100,35,65
105000203,9,457,-448
105000204,69,78,-9
105000205,86,339,-253
105000207,451,212,239
105000208,249,419,-170
105000209,191,347,-156
105000211,92,11,81
105000212,987,2254,-1267
105000213,144,161,-17
105000214,48,344,-296
105000215,189,380,-191
105000216,75,296,-221
105000217,114,288,-174
105000218,710,1410,-700
105000221,240,396,-156
105000222,123,92,31
105000223,112,224,-112
105000226,49,611,-562
105000227,33,317,-284
105000228,568,915,-347
105000229,97,297,-200
105000231,219,401,-182
105000233,674,663,11
105000234,455,1462,-1007
105000235,307,527,-220
105000237,875,113,762
105000243,20,96,-76
105000248,80,50,30
105000262,202,2686,-2484
105000269,91,232,-141
105000270,285,141,144
105000271,1,529,-528
105000282,234,71,163
105000287,277,195,82
105000288,360,687,-327
105000289,1827,833,994
105000290,7,6,1
105000402,5879,1831,4048
105000426,362,524,-162
105000438,1653,703,950
105000440,12,33,-21
105000446,16452,5241,11211
105000447,8699,3032,5667
105000454,273,1128,-855
105000455,280,288,-8
105000474,17,1,16
105000477,324,462,-138
105000478,1418,2243,-825
105000479,160,130,30
105000480,2986,2089,897
105000481,2309,2021,288
105000482,4729,3058,1671
105000483,1194,1320,-126
105000484,2331,2930,-599
105000485,992,1498,-506
105000486,3209,2653,556
105000488,4568,3125,1443
105000489,649,985,-336
105000549,44,191,-147
105000550,537,1658,-1121
105000551,20,143,-123
105000552,4170,2283,1887
105000555,1206,699,507
105000556,36,50,-14
105000557,38,344,-306
105900001,4,1218,-1214
105900002,2214,530,1684
105900003,11,100,-89
105900004,202,131,71
105900005,4,259,-255
105900006,4,58,-54
105900007,17,21,-4
105900008,58,1075,-1017
105900009,15,17,-2
105900011,99,47,52
105900012,266,159,107
105900013,0,28,-28
105900014,8,93,-85
105900015,85,432,-347
105900016,217,847,-630
105900017,650,50,600
105900018,210,481,-271
105900019,52,547,-495
105900020,34,86,-52
105900021,25,344,-319
105900022,188,385,-197
105900023,5,165,-160
105900024,4,113,-109
105900025,59,63,-4
105900026,331,61,270
105900027,5259,2636,2623
105900028,101,191,-90
105900029,2266,279,1987
105900030,183,239,-56
105900031,559,225,334
105900032,57,174,-117
105900033,76,130,-54
105900034,113,261,-148
105900035,149,184,-35
105900036,72,184,-112
105900037,56,90,-34
105900038,161,416,-255
105900039,94,249,-155
105900040,49,96,-47
105900041,192,639,-447
105900042,32,133,-101
105900043,2361,63,2298
105900044,1,175,-174
105900045,4,548,-544
105900046,4,189,-185
105900047,5,33,-28
105900048,53,580,-527
105900050,1436,630,806
105900051,4,1690,-1686
105900052,276,40,236
105900053,4926,1545,3381
105900054,306,418,-112
105900056,876,208,668
105900057,19,155,-136
105900058,13,48,-35
105900059,6,45,-39
106000001,3759,1742,2017
106000002,3105,5803,-2698
106000003,3290,3054,236
106000004,3114,3141,-27
106000005,2216,5549,-3333
106000006,6166,5705,461
106000007,404,579,-175
106000008,325,363,-38
106000009,428,320,108
106000010,476,650,-174
106000011,682,1010,-328
106000012,794,1888,-1094
106000013,1491,1739,-248
106000014,1979,2089,-110
106000015,1059,1078,-19
106000016,1132,2873,-1741
106000017,665,714,-49
106000018,703,763,-60
106000019,291,489,-198
106000020,282,574,-292
106000021,275,584,-309
106000022,386,368,18
106000023,652,574,78
106000024,697,1075,-378
106000025,100,261,-161
106000026,137,424,-287
106000027,1042,1580,-538
106000028,588,813,-225
106000029,982,1627,-645
106000030,1049,421,628
106000034,188,641,-453
106000035,1134,1185,-51
106000036,490,474,16
106000037,2069,2226,-157
106000038,532,87,445
106000039,182,64,118
106000040,151,1012,-861
106000041,934,314,620
106000043,663,122,541
106000046,471,45,426
106000047,82,498,-416
106000049,530,165,365
106000050,319,1155,-836
106000051,439,487,-48
106000052,131,824,-693
106000053,171,127,44
106000054,400,590,-190
106000055,708,1427,-719
106000056,271,590,-319
106000057,235,320,-85
106000058,206,227,-21
106000059,233,276,-43
106000060,653,837,-184
106000061,214,588,-374
106000062,179,843,-664
106000063,699,715,-16
106000064,35,579,-544
106000065,386,264,122
106000066,165,473,-308
106000067,281,160,121
106000068,90,829,-739
106000069,192,147,45
106000070,475,1059,-584
106000071,925,521,404
106000072,6703,1862,4841
106000073,2219,2528,-309
106000074,486,900,-414
106000075,381,1361,-980
106000076,1869,2026,-157
106000077,4427,1776,2651
106000078,756,1384,-628
106000079,663,1269,-606
106000080,1315,1118,197
106000081,745,1337,-592
106000082,2427,1147,1280
106000083,426,1666,-1240
106000084,1134,916,218
106000085,1902,1401,501
106000086,607,897,-290
106000087,922,767,155
106000088,383,977,-594
106000089,992,670,322
106000090,280,731,-451
106000091,370,1104,-734
106000092,723,302,421
106000093,369,110,259
106000094,106,652,-546
106000095,650,2003,-1353
106000096,902,824,78
106000097,834,1976,-1142
106000098,639,1249,-610
106000099,198,1260,-1062
106000100,813,360,453
106000101,724,448,276
106000102,133,799,-666
106000103,329,894,-565
106000104,713,518,195
106000105,468,1322,-854
106000106,535,570,-35
106000107,154,707,-553
106000108,344,476,-132
106000109,136,680,-544
106000110,139,368,-229
106000111,170,1003,-833
106000112,151,550,-399
106000113,1809,858,951
106000114,463,601,-138
106000115,321,758,-437
106000116,214,377,-163
106000117,975,1071,-96
106000118,1110,1157,-47
106000119,3367,1585,1782
106000120,602,823,-221
106000121,181,282,-101
106000122,228,420,-192
106000123,266,472,-206
106000124,38,488,-450
106000125,70,512,-442
106000126,190,331,-141
106000127,709,1229,-520
106000128,685,501,184
106000129,536,984,-448
106000130,748,684,64
106000131,176,1105,-929
106000132,1064,248,816
106000133,6016,1574,4442
106000134,1233,1220,13
106000135,375,1472,-1097
106000136,860,807,53
106000137,113,2453,-2340
106000138,951,133,818
106000139,69,171,-102
106000140,43,147,-104
106000141,55,138,-83
106000142,65,72,-7
106000143,28,130,-102
106000144,32,91,-59
106000145,183,401,-218
106000146,329,270,59
106000147,620,1241,-621
106000148,847,1340,-493
106000149,513,951,-438
106000150,607,2257,-1650
106000151,7402,1005,6397
106000152,1792,1623,169
106000153,115,1794,-1679
106000154,1834,414,1420
106000155,88,287,-199
106000156,541,411,130
106000157,597,2250,-1653
106000158,4250,838,3412
106000159,6428,1481,4947
106000160,373,1832,-1459
106000161,1846,696,1150
106000162,155,741,-586
106000163,298,797,-499
106000164,200,378,-178
106000165,269,1149,-880
106000166,607,263,344
106000167,379,1992,-1613
106000168,241,268,-27
106000169,135,1132,-997
106000170,315,301,14
106000171,107,1396,-1289
106000172,1953,1083,870
106000173,824,3884,-3060
106000174,775,362,413
106000175,277,1581,-1304
106000176,964,974,-10
106000177,607,3154,-2547
106000178,2261,2306,-45
106000179,1044,2699,-1655
106000180,611,2218,-1607
106000181,474,2443,-1969
106000182,645,1028,-383
106000183,676,1649,-973
106000184,666,1594,-928
106000185,534,1099,-565
106000186,977,167,810
106000187,234,812,-578
106000188,0,2,-2
106000189,6,91,-85
106000190,8,1,7
106000191,596,211,385
106000192,0,22,-22
106000193,357,136,221
106000194,129,270,-141
106000195,225,76,149
106000196,78,317,-239
106000197,286,466,-180
106000198,101,322,-221
106000199,976,414,562
106000200,616,177,439
106000201,497,1537,-1040
106000202,9655,709,8946
106000203,292,271,21
106000204,65,9,56
106000205,39,199,-160
106000206,80,48,32
106000207,50,1017,-967
106000208,792,146,646
106000209,956,406,550
106000210,250,1897,-1647
106000211,335,2153,-1818
106000212,549,255,294
106000213,887,1750,-863
106000214,2914,566,2348
106000215,301,745,-444
106000216,410,428,-18
106000217,405,720,-315
106000218,629,398,231
106000219,204,406,-202
106000220,457,313,144
106000221,135,349,-214
106000222,46,206,-160
106000223,130,132,-2
106000224,211,421,-210
106000225,94,59,35
106000226,177,426,-249
106000228,62,211,-149
106000229,112,1072,-960
106000231,755,150,605
106000232,61,600,-539
106000233,249,204,45
106000234,54,227,-173
106000235,263,92,171
106000236,158,66,92
106000237,6,10,-4
106000238,23,5,18
106000239,4,161,-157
106000240,20,5,15
106000241,13,938,-925
106000242,215,32,183
106000249,100,133,-33
106000250,46,446,-400
106000251,39,28,11
106000252,20,180,-160
106000253,35,68,-33
106000254,24,86,-62
106000255,20,78,-58
106000256,96,109,-13
106000257,99,279,-180
106000258,95,20,75
106000259,7,32,-25
106000260,18,15,3
106000261,1,52,-51
106000262,74,10,64
106000263,9,112,-103
106000264,162,15,147
106000265,6,158,-152
106000266,80,24,56
106000267,7,132,-125
106000268,560,31,529
106000269,101,88,13
106000270,175,392,-217
106000271,50,174,-124
106000272,120,62,58
106000273,14,233,-219
106000274,159,56,103
106000275,232,219,13
106000276,145,63,82
106000277,166,212,-46
106000278,191,34,157
106000279,15,115,-100
106000280,36,258,-222
106000281,95,144,-49
106000282,95,96,-1
106000283,118,121,-3
106000284,43,88,-45
106000285,118,206,-88
106000286,69,194,-125
106000287,118,151,-33
106000288,132,244,-112
106000289,92,149,-57
106000290,98,131,-33
106000291,85,193,-108
106000292,95,170,-75
106000293,113,135,-22
106000294,126,222,-96
106000295,34,78,-44
106000296,55,162,-107
106000297,71,338,-267
106000298,175,86,89
106000299,97,224,-127
106000300,50,143,-93
106000301,55,147,-92
106000303,16,74,-58
106000304,30,76,-46
106000305,24,88,-64
106000306,55,144,-89
106000307,27,23,4
106000308,18,280,-262
106000309,17,87,-70
106000310,291,788,-497
106000311,304,131,173
106000312,101,333,-232
106000313,176,273,-97
106000318,240,258,-18
106000319,718,142,576
106000320,12,27,-15
106000321,394,85,309
106000322,113,268,-155
106000324,6,252,-246
106000325,1209,822,387
106000326,1152,2228,-1076
106000327,89,210,-121
106000328,15,98,-83
106000329,41,426,-385
106000330,25,60,-35
106000428,31,228,-197
106000429,133,887,-754
106000430,449,2035,-1586
106000431,1632,408,1224
106000432,2147,4015,-1868
106000433,1615,1138,477
106000434,2695,1104,1591
106000435,2530,3744,-1214
106000436,14,444,-430
106000437,137,26,111
106000438,112,114,-2
106000439,29,629,-600
106000440,246,666,-420
106000441,0,0,0
106000442,197,3,194
106000443,97,691,-594
106000450,3,289,-286
106000451,43,21,22
106000454,11,127,-116
106000455,30,195,-165
106000456,183,33,150
106000457,7,1563,-1556
106000458,291,387,-96
106000459,95,578,-483
106000460,586,69,517
106000461,72,2489,-2417
106000462,0,30,-30
106000463,2,74,-72
106000464,1,922,-921
106000465,245,1,244
106000466,4,942,-938
106000467,790,673,117
106000468,49,320,-271
106000469,503,5,498
106000470,244,1559,-1315
106000471,63,986,-923
106000472,84,11,73
106000473,28,36,-8
106000474,364,1188,-824
106000475,306,248,58
106000476,180,259,-79
106000477,78,206,-128
106000480,0,162,-162
106900001,2,38,-36
106900002,8,925,-917
106900003,263,1211,-948
106900004,1,142,-141
106900006,1,35,-34
106900007,0,33,-33
106900008,188,472,-284
106900009,194,756,-562
106900010,322,490,-168
106900012,3217,1928,1289
106900013,538,100,438
106900014,32,2,30
106900015,10,1,9
106900016,197,3,194
106900017,10,2,8
106900018,1,0,1
106900019,19,8,11
106900020,3992,1257,2735
106900021,35,114,-79
106900022,328,0,328
106900023,22,331,-309
106900024,304,23,281
106900025,45,911,-866
106900026,7,1203,-1196
106900027,529,5,524
107000001,2553,1939,614
107000002,3601,4241,-640
107000003,3130,4427,-1297
107000004,4663,6281,-1618
107000005,2124,3987,-1863
107000006,3710,7563,-3853
107000007,3656,6701,-3045
107000008,15127,11833,3294
107000009,3965,4621,-656
107000010,9149,11901,-2752
107000011,1237,1418,-181
107000012,4858,4576,282
107000013,51,174,-123
107000014,10,353,-343
107000015,440,1029,-589
107000016,441,1489,-1048
107000017,1854,915,939
107000018,24,237,-213
107000020,946,354,592
107000021,784,801,-17
107000022,584,1297,-713
107000023,1233,374,859
107000024,359,2192,-1833
107000025,155,440,-285
107000026,134,885,-751
107000027,852,895,-43
107000028,981,2259,-1278
107000029,1665,1861,-196
107000030,3383,4218,-835
107000031,2641,1872,769
107000032,398,1021,-623
107000033,4192,3910,282
107000034,6059,2611,3448
107000035,304,199,105
107000036,461,1233,-772
107000037,53,670,-617
107000038,257,305,-48
107000039,541,564,-23
107000040,155,387,-232
107000041,1552,712,840
107000042,754,1669,-915
107000043,3494,937,2557
107000044,735,394,341
107000045,146,308,-162
107000046,552,411,141
107000047,437,983,-546
107000048,716,322,394
107000049,618,894,-276
107000050,969,595,374
107000051,775,400,375
107000052,1052,952,100
107000053,406,210,196
107000054,78,357,-279
107000055,437,238,199
107000056,636,887,-251
107000057,3061,313,2748
107000058,1702,2167,-465
107000059,2532,4111,-1579
107000060,2586,4838,-2252
107000061,5484,5217,267
107000062,2721,2871,-150
107000063,4114,7792,-3678
107000064,3118,1844,1274
107000065,3975,7053,-3078
107000066,1243,1860,-617
107000067,683,900,-217
107000068,1211,594,617
107000069,719,428,291
107000070,592,53,539
107000071,1703,23,1680
107000072,55,4482,-4427
107000073,398,159,239
107000074,148,1201,-1053
107000075,1015,418,597
107000076,1058,1843,-785
107000077,2121,993,1128
107000078,2161,3572,-1411
107000079,1604,685,919
107000080,1278,3572,-2294
107000081,844,517,327
107000082,499,3224,-2725
107000083,742,286,456
107000084,458,2986,-2528
107000085,2368,3054,-686
107000086,3461,3366,95
107000087,2164,1764,400
107000088,2561,3890,-1329
107000089,1311,1618,-307
107000090,1161,1278,-117
107000091,929,934,-5
107000092,701,1378,-677
107000093,833,766,67
107000094,877,1594,-717
107000095,409,820,-411
107000096,663,1378,-715
107000097,460,388,72
107000098,476,1384,-908
107000099,423,279,144
107000100,276,439,-163
107000101,75,222,-147
107000102,408,440,-32
107000103,377,199,178
107000104,374,576,-202
107000105,381,126,255
107000106,187,439,-252
107000107,519,196,323
107000108,202,1172,-970
107000109,434,170,264
107000110,66,971,-905
107000111,160,45,115
107000112,21,626,-605
107000113,468,169,299
107000114,116,1286,-1170
107000115,475,124,351
107000116,194,1317,-1123
107000117,107,345,-238
107000118,217,439,-222
107000119,2546,1266,1280
107000120,4322,386,3936
107000121,543,866,-323
107000122,1099,993,106
107000123,301,1216,-915
107000124,491,1038,-547
107000125,553,1218,-665
107000126,620,1284,-664
107000129,176,1597,-1421
107000130,402,242,160
107000131,527,1014,-487
107000132,477,354,123
107000133,330,134,196
107000134,131,1,130
107000135,6,228,-222
107000136,463,4,459
107000137,23,502,-479
107000138,219,16,203
107000139,13,435,-422
107000140,890,73,817
107000141,157,1005,-848
107000142,287,74,213
107000143,46,1188,-1142
107000144,267,240,27
107000145,167,735,-568
107000146,142,167,-25
107000147,4923,1348,3575
107000150,895,1444,-549
107000151,45,63,-18
107000152,712,584,128
107000153,726,487,239
107000154,236,159,77
107000155,458,16,442
107000156,645,20,625
107000157,28,2572,-2544
107000158,340,23,317
107000159,74,2129,-2055
107000160,513,87,426
107000161,82,2732,-2650
107000162,175,227,-52
107000163,69,0,69
107000164,256,1,255
107000165,387,2,385
107000166,47,1967,-1920
107000167,402,364,38
107000168,578,351,227
107000169,1294,1094,200
107000170,939,522,417
107000171,446,3376,-2930
107000172,636,771,-135
107000173,714,1589,-875
107000174,745,2590,-1845
107000175,11306,1818,9488
107000176,4,1,3
107000177,2,3,-1
107000178,10,44,-34
107000179,187,3801,-3614
107000180,917,364,553
107000181,486,1873,-1387
107000182,1379,1160,219
107000183,108,1106,-998
107000184,783,1000,-217
107000185,446,1422,-976
107000186,750,377,373
107000187,878,1596,-718
107000188,350,579,-229
107000189,261,1095,-834
107000190,415,1055,-640
107000191,620,1389,-769
107000192,1272,1464,-192
107000193,280,368,-88
107000194,982,1102,-120
107000197,653,207,446
107000198,362,998,-636
107000199,529,634,-105
107000200,1293,568,725
107000201,295,188,107
107000202,278,445,-167
107000203,631,412,219
107000204,1023,535,488
107000205,1893,945,948
107000206,728,905,-177
107000207,850,1250,-400
107000208,1128,378,750
107000209,2357,1001,1356
107000210,1045,396,649
107000211,8,30,-22
107000212,12,370,-358
107000213,5,21,-16
107000214,9,204,-195
107000215,260,632,-372
107000216,215,603,-388
107000217,96,156,-60
107000219,60,112,-52
107000220,141,385,-244
107000222,218,773,-555
107000224,196,60,136
107000225,160,780,-620
107000226,125,104,21
107000227,102,513,-411
107000228,108,189,-81
107000229,524,147,377
107000230,1267,673,594
107000231,1607,765,842
107000232,116,165,-49
107000233,1432,636,796
107000234,3,19,-16
107000235,63,1,62
107000236,22,344,-322
107000237,6,0,6
107000238,23,1,22
107000239,6854,511,6343
107000240,73,1673,-1600
107000243,0,83,-83
107000244,8,102,-94
107000246,3,1352,-1349
107000249,6,1450,-1444
107000251,3,339,-336
107000252,6,1678,-1672
107000255,1230,145,1085
107000257,4,784,-780
107000258,1,238,-237
107000259,9,301,-292
107000260,351,3,348
107000262,14,1124,-1110
107000263,193,2,191
107000266,7,7,0
107000267,86,338,-252
107000268,138,223,-85
107000269,322,56,266
107000270,3,7,-4
107000271,17,1219,-1202
107000272,15,270,-255
107000273,2,292,-290
107000274,372,31,341
107000275,152,877,-725
107000280,387,23,364
107000281,22,1674,-1652
107000282,14,1492,-1478
107000290,2,38,-36
107000291,14,9,5
107000292,0,34,-34
107000293,87,14,73
107000294,0,28,-28
107000295,31,2,29
107000296,0,8,-8
107000444,131,4,127
107000496,1,18,-17
107000497,1345,3626,-2281
107000500,214,412,-198
107000501,90,305,-215
107000502,258,439,-181
107000505,1119,850,269
107000506,0,14,-14
107000508,8,858,-850
107000509,174,431,-257
107000510,19,13,6
107000514,33,259,-226
107000515,13,397,-384
107000516,273,222,51
107000518,817,687,130
107000519,5514,1348,4166
107000520,64,15,49
107000521,520,686,-166
107000522,503,1376,-873
107900001,31,279,-248
107900002,26,7,19
107900003,200,14,186
107900004,8,1,7
107900005,487,3,484
107900006,78,0,78
107900007,210,17,193
107900008,48,58,-10
107900009,107,6,101
107900010,18,1,17
107900012,338,13,325
107900013,286,93,193
107900014,8,7,1
107900015,406,5,401
107900016,376,115,261
107900017,15,0,15
107900018,49,72,-23
107900019,20,137,-117
107900020,36,4,32
107900021,43,201,-158
107900023,3,0,3
107900024,0,31,-31
107900025,179,368,-189
107900026,38,176,-138
107900027,75,27,48
107900028,34,85,-51
107900030,156,15,141
107900031,51,449,-398
107900032,4,5,-1
107900033,10,4,6
107900034,226,5,221
107900035,441,11,430
107900036,21,5,16
107900037,1,54,-53
107900038,166,148,18
107900039,10,133,-123
107900040,28,33,-5
107900041,1,2,-1
107900043,79,421,-342
107900044,0,5,-5
107900045,67,22,45
107900046,97,86,11
107900047,13,128,-115
107900048,105,6,99
107900049,349,372,-23
107900050,139,375,-236
107900051,48,136,-88
107900052,11,12,-1
107900053,30,96,-66
107900055,496,202,294
107900056,98,18,80
107900057,2,0,2
107900058,23,976,-953
107900060,20,26,-6
107900061,22,2,20
107900063,118,165,-47
107900064,325,47,278
107900065,119,12,107
107900066,11,14,-3
107900067,0,0,0
107900068,172,167,5
107900069,57,799,-742
107900070,72,10,62
107900071,31,1160,-1129
107900072,45,346,-301
107900073,43,175,-132
107900074,1167,185,982
107900076,216,89,127
107900077,36,0,36
107900079,11,10,1
107900080,113,146,-33
107900081,16,115,-99
107900082,31,18,13
107900083,289,156,133
107900084,156,114,42
107900086,55,104,-49
107900087,499,82,417
107900088,28,10,18
107900089,278,896,-618
107900090,553,1150,-597
107900091,212,657,-445
107900093,75,78,-3
107900095,3174,1344,1830
107900097,55,79,-24
107900098,51,155,-104
107900100,1141,761,380
107900101,1277,194,1083
107900102,25,4,21
107900103,50,149,-99
107900104,167,6,161
107900105,2,975,-973
107900106,3,1820,-1817
107900107,1223,257,966
107900108,396,109,287
107900109,651,7,644
107900110,15,193,-178
107900111,8,1411,-1403
107900112,304,452,-148
107900113,156,169,-13
107900114,81,292,-211
107900115,0,62,-62
107900116,72,306,-234
107900117,199,554,-355
107900118,65,183,-118
107900119,48,91,-43
107900120,29,22,7
107900121,0,84,-84
107900122,1,43,-42
107900123,4,23,-19
107900124,23,21,2
107900125,42,226,-184
107900126,5,42,-37
107900127,439,148,291
107900128,106,97,9
107900129,37,78,-41
107900130,35,23,12
107900131,606,128,478
107900132,134,573,-439
107900133,2,90,-88
107900134,21,25,-4
107900135,3,247,-244
107900136,40,43,-3
107900137,90,98,-8
107900138,15,30,-15
107900139,19,52,-33
107900141,29,38,-9
107900142,43,1499,-1456
107900143,28,35,-7
107900144,2,207,-205
107900145,10,115,-105
107900146,28,176,-148
107900147,49,25,24
107900148,182,160,22
107900149,2111,238,1873
107900150,103,1289,-1186
107900151,12,102,-90
107900152,5,339,-334
107900153,180,286,-106
107900154,31,14,17
107900155,58,30,28
107900156,2,473,-471
107900157,42,91,-49
107900158,429,18,411
107900159,39,1638,-1599
107900160,67,154,-87
107900161,25,386,-361
107900162,0,51,-51
107900163,27,17,10
107900164,6,46,-40
107900165,18,56,-38
107900166,12,373,-361
107900167,2,5,-3
107900168,13,46,-33
107900169,0,202,-202
107900171,18,2781,-2763
107900172,1,335,-334
107900173,5,271,-266
107900174,51,5,46
107900175,22,22,0
107900176,14,58,-44
107900177,0,40,-40
107900178,0,288,-288
107900179,5,174,-169
107900180,1338,275,1063
107900181,235,659,-424
107900182,5,2300,-2295
107900183,22,511,-489
107900184,80,289,-209
107900185,72,14,58
107900186,12,43,-31
107900187,2,129,-127
107900188,950,120,830
107900189,22,160,-138
107900190,79,86,-7
107900191,55,185,-130
107900193,1,23,-22
107900194,95,7,88
107900195,5050,600,4450
107900196,35,51,-16
107900197,721,211,510
107900199,4,1404,-1400
107900201,72,194,-122
107900203,50,68,-18
107900204,298,271,27
107900206,356,158,198
107900207,3,577,-574
107900208,15,905,-890
107900209,420,127,293
107900210,104,217,-113
107900213,384,419,-35
107900214,6,224,-218
107900215,201,268,-67
107900216,80,86,-6
107900217,17,54,-37
107900218,21,1972,-1951
107900219,40,237,-197
107900220,174,138,36
107900221,183,254,-71
107900223,49,875,-826
107900224,194,282,-88
107900225,6,1154,-1148
107900226,68,122,-54
107900227,133,492,-359
107900228,14,83,-69
107900229,6,438,-432
107900230,32,236,-204
107900231,9,315,-306
107900232,46,329,-283
107900233,5,118,-113
107900234,64,200,-136
107900235,28,64,-36
107900236,55,75,-20
107900237,135,539,-404
107900238,9,189,-180
107900239,1841,397,1444
107900240,11,203,-192
107900241,12,68,-56
107900242,31,536,-505
107900243,1,29,-28
107900244,309,0,309
107900245,322,29,293
107900246,61,3,58
107900248,119,593,-474
107900249,270,4,266
107900250,3,577,-574
107900251,77,1701,-1624
107900252,454,15,439
107900253,80,4,76
107900254,56,106,-50
107900255,351,69,282
107900256,385,477,-92
107900257,82,60,22
107900258,67,288,-221
107900259,124,1009,-885
107900261,3,491,-488
107900262,32,211,-179
107900264,91,1,90
107900265,90,297,-207
107900267,145,26,119
107900268,84,10,74
107900269,1,8,-7
107900270,0,0,0
107900271,2,9,-7
107900272,170,3,167
107900273,27,122,-95
107900274,32,0,32
107900275,12,2,10
107900276,3,73,-70
107900277,1,243,-242
107900278,189,429,-240
107900279,174,113,61
107900280,1721,1443,278
107900281,5230,1239,3991
107900282,146,204,-58
107900283,1586,416,1170
107900284,194,1000,-806
107900285,61,225,-164
107900286,143,129,14
107900287,89,175,-86
107900290,0,76,-76
107900291,390,19,371
107900292,97,354,-257
107900293,63,705,-642
107900295,83,222,-139
107900297,0,282,-282
107900298,789,1073,-284
107900299,4751,2203,2548
107900301,393,410,-17
107900302,109,26,83
107900303,63,438,-375
107900304,169,673,-504
107900305,173,10,163
107900306,15,13,2
107900307,28,440,-412
107900308,239,50,189
107900309,49,0,49
107900310,23,0,23
107900311,247,111,136
107900312,13,0,13
107900313,1,71,-70
107900314,1,43,-42
107900315,2,63,-61
107900316,56,1,55
107900317,112,8,104
107900318,4,158,-154
107900319,2,247,-245
107900320,0,254,-254
107900321,69,4,65
107900322,3,239,-236
107900323,21,168,-147
107900324,107,2,105
107900325,68,2,66
107900326,195,527,-332
107900327,0,0,0
107900328,8,0,8
107900329,4,0,4
107900330,10,714,-704
107900331,95,34,61
107900332,123,37,86
107900333,43,22,21
107900334,10,420,-410
107900335,41,81,-40
107900336,26,48,-22
107900337,1746,521,1225
107900338,3,112,-109
107900339,0,15,-15
107900340,0,78,-78
107900341,19,1,18
107900342,172,202,-30
107900343,30,1,29
107900344,5,177,-172
107900345,90,28,62
107900346,26,0,26
107900347,28,0,28
107900348,2,3,-1
107900349,38,3,35
107900350,45,284,-239
107900351,8,343,-335
107900352,14,121,-107
107900353,36,45,-9
107900354,6,116,-110
108000001,2191,3485,-1294
108000002,2467,3993,-1526
108000003,2506,2376,130
108000004,18057,17301,756
108000005,5500,3915,1585
108000006,7655,7467,188
108000007,3909,3387,522
108000008,5678,6517,-839
108000009,2924,3375,-451
108000010,3156,5719,-2563
108000011,9102,9048,54
108000012,19624,17822,1802
108000014,944,704,240
108000015,562,330,232
108000016,227,766,-539
108000017,618,390,228
108000018,1175,499,676
108000019,1225,623,602
108000020,1109,498,611
108000021,466,1894,-1428
108000022,614,1680,-1066
108000023,960,210,750
108000024,211,968,-757
108000025,199,271,-72
108000026,413,822,-409
108000027,541,759,-218
108000028,276,284,-8
108000029,303,1175,-872
108000030,351,268,83
108000031,188,573,-385
108000032,1108,544,564
108000033,604,1644,-1040
108000034,1195,476,719
108000035,1011,2961,-1950
108000036,395,1869,-1474
108000037,1288,342,946
108000038,1825,423,1402
108000039,548,3579,-3031
108000040,1296,722,574
108000041,679,3367,-2688
108000042,163,262,-99
108000043,162,377,-215
108000044,273,195,78
108000045,203,774,-571
108000046,937,305,632
108000047,419,1408,-989
108000048,135,471,-336
108000049,411,250,161
108000050,151,898,-747
108000051,224,75,149
108000052,355,845,-490
108000053,311,102,209
108000054,612,1273,-661
108000055,1136,416,720
108000056,1205,1456,-251
108000057,565,833,-268
108000058,2005,2627,-622
108000059,4391,2478,1913
108000060,169,523,-354
108000061,328,723,-395
108000062,563,407,156
108000063,297,727,-430
108000064,164,261,-97
108000065,486,744,-258
108000066,1838,890,948
108000067,1444,473,971
108000068,634,376,258
108000069,274,1470,-1196
108000070,1355,690,665
108000071,650,2036,-1386
108000072,1129,941,188
108000073,1645,2113,-468
108000074,281,400,-119
108000075,492,919,-427
108000076,692,515,177
108000077,828,813,15
108000078,1501,1714,-213
108000079,1076,2185,-1109
108000080,719,643,76
108000081,356,3150,-2794
108000082,1072,2294,-1222
108000083,1590,912,678
108000084,379,1635,-1256
108000085,495,418,77
108000086,920,1010,-90
108000087,188,1557,-1369
108000088,582,216,366
108000089,233,256,-23
108000091,166,877,-711
108000092,75,114,-39
108000093,136,1289,-1153
108000094,508,148,360
108000095,192,765,-573
108000096,176,204,-28
108000097,133,903,-770
108000098,781,1650,-869
108000099,772,286,486
108000100,68,481,-413
108000101,538,1053,-515
108000102,1382,2402,-1020
108000106,654,2,652
108000107,2,928,-926
108000108,571,42,529
108000109,10,1103,-1093
108000110,172,256,-84
108000111,185,1059,-874
108000112,54,113,-59
108000113,547,383,164
108000115,459,610,-151
108000117,798,392,406
108000118,540,1069,-529
108000119,876,676,200
108000120,80,715,-635
108000121,217,865,-648
108000122,305,384,-79
108000123,419,412,7
108000124,185,626,-441
108000125,206,446,-240
108000126,117,865,-748
108000127,261,434,-173
108000128,452,832,-380
108000129,206,1582,-1376
108000130,263,323,-60
108000131,664,382,282
108000132,1973,1834,139
108000133,510,547,-37
108000134,716,780,-64
108000135,809,293,516
108000136,1215,1264,-49
108000137,267,458,-191
108000138,310,1236,-926
108000139,249,368,-119
108000140,59,22,37
108000141,8,207,-199
108000142,51,218,-167
108000143,36,868,-832
108000144,162,124,38
108000145,40,77,-37
108000146,312,57,255
108000147,13,75,-62
108000148,206,71,135
108000149,41,65,-24
108000150,23,6,17
108000151,191,77,114
108000152,85,941,-856
108000153,288,117,171
108000154,50,45,5
108000155,34,18,16
108000156,904,755,149
108000157,111,560,-449
108000158,76,603,-527
108000159,988,192,796
108000160,6748,990,5758
108000161,5847,1387,4460
108000165,3,98,-95
108000172,8,262,-254
108000173,3380,1422,1958
108000175,292,101,191
108000178,385,429,-44
108000179,267,552,-285
108000181,60,43,17
108000182,365,99,266
108000183,63,510,-447
108000184,1468,1610,-142
108000185,130,701,-571
108000186,158,841,-683
108000187,58,1020,-962
108000188,277,325,-48
108000189,3156,3913,-757
108000190,24,140,-116
108000192,103,802,-699
108000193,1056,61,995
108000194,23,39,-16
108000195,1,1675,-1674
108000196,122,144,-22
108000198,583,426,157
108000199,0,160,-160
108000200,143,955,-812
108000203,83,1180,-1097
108000204,72,43,29
108000205,385,784,-399
108000339,1397,319,1078
108000364,460,952,-492
108000365,58,449,-391
108000367,210,451,-241
108000368,7,47,-40
108000369,1802,145,1657
108000371,18,801,-783
108000372,493,6,487
108000373,77,217,-140
108000376,35,16,19
108000377,290,472,-182
108000378,7473,8710,-1237
108000379,24,190,-166
108000381,47,14,33
108000382,158,4,154
108000383,0,153,-153
108900001,186,1674,-1488
108900002,179,66,113
108900003,389,1436,-1047
108900004,1555,303,1252
108900007,111,178,-67
108900008,44,168,-124
108900009,49,103,-54
108900010,88,140,-52
108900011,272,491,-219
108900012,266,536,-270
108900013,86,263,-177
108900014,12,92,-80
108900015,0,33,-33
108900016,0,267,-267
108900017,168,194,-26
108900018,83,693,-610
108900019,15,1821,-1806
108900020,38,409,-371
108900021,77,296,-219
108900022,50,0,50
108900023,13,19,-6
108900024,15,175,-160
108900025,51,165,-114
108900026,16,132,-116
108900027,0,86,-86
108900028,39,592,-553
108900029,35,221,-186
108900030,1,131,-130
108900031,58,743,-685
108900032,4,363,-359
108900033,0,108,-108
108900034,0,473,-473
108900035,246,2133,-1887
108900038,2,534,-532
108900039,0,808,-808
108900040,2,223,-221
108900041,6160,2247,3913
108900042,5,361,-356
108900043,47,673,-626
108900044,5,982,-977
108900045,50,964,-914
108900046,44,1513,-1469
108900047,1,100,-99
108900048,88,1505,-1417
108900049,7634,838,6796
108900050,3,383,-380
108900051,0,274,-274
108900052,15,332,-317
108900053,118,147,-29
108900054,41,314,-273
108900055,80,547,-467
108900056,0,220,-220
108900057,0,223,-223
108900058,17,543,-526
108900059,271,21,250
108900060,65,133,-68
108900061,72,29,43
108900062,3,481,-478
108900063,11,460,-449
108900064,62,99,-37
108900065,7,413,-406
108900066,192,100,92
108900067,11,274,-263
108900068,8,417,-409
108900069,54,195,-141
108900070,18,216,-198
108900071,47,83,-36
108900072,2771,326,2445
108900073,20,819,-799
108900074,77,722,-645
108900075,69,73,-4
108900076,146,63,83
108900077,146,822,-676
108900078,21,213,-192
108900079,1063,332,731
108900080,23,428,-405
108900081,70,361,-291
108900082,36,160,-124
108900083,21,183,-162
108900085,3145,181,2964
108900086,87,512,-425
108900087,109,233,-124
108900088,648,257,391
108900089,26,117,-91
108900090,20,618,-598
108900091,125,153,-28
108900092,328,299,29
108900093,75,64,11
108900094,200,106,94
108900095,69,899,-830
108900096,568,30,538
108900097,323,205,118
108900098,4164,479,3685
108900099,238,331,-93
108900100,50,190,-140
108900101,218,83,135
108900102,149,740,-591
108900103,71,98,-27
108900105,7,819,-812
108900106,189,696,-507
108900108,208,19,189
108900109,235,41,194
108900110,125,758,-633
108900111,216,978,-762
108900113,73,36,37
108900114,45,13,32
108900115,50,61,-11
108900116,29,16,13
108900117,122,24,98
108900118,381,4,377
108900119,106,65,41
108900120,203,119,84
108900121,268,65,203
108900122,67,43,24
108900123,88,67,21
108900124,328,151,177
108900125,190,1,189
108900126,131,16,115
108900127,114,43,71
108900128,71,22,49
108900129,592,90,502
108900130,223,1,222
108900131,219,3,216
108900132,283,54,229
108900133,155,47,108
108900134,212,264,-52
108900135,67,4,63
108900136,9,0,9
108900137,88,6,82
108900138,415,23,392
108900140,175,277,-102
108900141,183,9,174
108900142,74,3,71
108900143,27,0,27
108900144,63,1,62
108900145,98,4,94
108900146,40,0,40
108900147,108,0,108
108900148,69,32,37
108900150,178,3,175
108900151,94,5,89
108900152,84,23,61
108900153,90,714,-624
108900154,3098,436,2662
108900156,57,4,53
108900157,14,755,-741
108900158,170,35,135
108900159,5,423,-418
108900160,9,450,-441
108900161,21,635,-614
108900162,68,0,68
108900163,6,188,-182
108900164,48,88,-40
108900168,12096,2164,9932
108900169,26,192,-166
108900171,9367,1848,7519
108900172,172,36,136
108900173,178,476,-298
108900174,498,485,13
108900176,117,954,-837
108900177,10991,2741,8250
108900178,6543,2389,4154
108900180,51,185,-134
108900183,158,190,-32
108900184,304,166,138
108900185,49,365,-316
108900186,22,333,-311
108900189,151,131,20
108900190,57,4687,-4630
108900192,78,266,-188
108900195,75,521,-446
108900196,32,847,-815
108900199,210,337,-127
108900200,358,307,51
108900201,341,1366,-1025
108900203,456,44,412
108900204,361,14,347
108900205,136,17,119
108900206,194,63,131
108900207,180,36,144
108900208,39,468,-429
108900209,291,784,-493
108900210,148,269,-121
108900211,131,358,-227
108900212,1050,759,291
108900215,94,872,-778
108900216,401,135,266
108900217,105,0,105
108900218,82,13,69
108900221,57,127,-70
108900224,20,142,-122
108900225,1,197,-196
108900227,109,215,-106
108900230,622,422,200
108900232,3,565,-562
108900233,219,55,164
108900234,210,68,142
108900235,241,747,-506
108900236,37,389,-352
108900240,56,79,-23
108900241,32,39,-7
108900245,8,765,-757
108900250,157,123,34
108900258,15,423,-408
108900259,40,112,-72
108900260,8,169,-161
108900261,276,251,25
108900262,266,180,86
108900263,52,320,-268
108900264,638,368,270
108900265,1822,273,1549
108900266,1976,430,1546
108900267,5,97,-92
108900268,4,5,-1
108900269,55,9,46
108900270,39,5,34
108900271,26,9,17
108900272,148,6,142
108900273,1183,596,587
108900274,32,113,-81
109000001,4651,1309,3342
109000002,4394,1635,2759
109000003,1826,797,1029
109000004,493,3001,-2508
109000005,1871,1143,728
109000006,742,2500,-1758
109000007,1123,859,264
109000008,457,2337,-1880
109000009,2821,1357,1464
109000010,1453,5042,-3589
109000011,2276,1873,403
109000012,1542,5341,-3799
109000013,2395,2300,95
109000014,1443,4905,-3462
109000015,2908,4806,-1898
109000016,13770,5239,8531
109000017,1910,1297,613
109000018,959,4126,-3167
109000019,2368,1490,878
109000020,1445,2858,-1413
109000023,163,35,128
109000024,3,184,-181
109000025,400,482,-82
109000026,927,377,550
109000027,71,375,-304
109000028,157,100,57
109000029,124,186,-62
109000030,77,624,-547
109000031,95,79,16
109000032,75,598,-523
109000033,303,84,219
109000034,38,66,-28
109000035,19,49,-30
109000036,78,426,-348
109000037,160,800,-640
109000038,474,445,29
109000039,604,434,170
109000040,7369,4217,3152
109000041,7078,1223,5855
109000042,1283,1168,115
109000044,227,63,164
109000045,93,567,-474
109000046,229,63,166
109000047,58,509,-451
109000048,585,131,454
109000049,199,547,-348
109000050,212,205,7
109000051,400,285,115
109000052,373,2581,-2208
109000053,94,40,54
109000054,101,1028,-927
109000055,96,192,-96
109000056,195,855,-660
109000057,378,270,108
109000058,858,291,567
109000059,657,966,-309
109000060,337,275,62
109000061,1780,569,1211
109000062,131,212,-81
109000063,189,252,-63
109000064,133,258,-125
109000065,64,434,-370
109000066,224,196,28
109000067,24,449,-425
109000068,1124,7,1117
109000069,776,32,744
109000070,4,943,-939
109000071,285,78,207
109000072,71,399,-328
109000073,43,128,-85
109000074,20,314,-294
109000075,67,408,-341
109000076,72,218,-146
109000077,475,351,124
109000078,61,142,-81
109000079,139,293,-154
109000080,126,115,11
109000081,72,780,-708
109000082,556,321,235
109000083,231,1113,-882
109000088,117,820,-703
109000089,211,37,174
109000090,186,801,-615
109000091,198,112,86
109000092,372,1028,-656
109000093,197,155,42
109000094,297,2,295
109000095,114,1029,-915
109000096,437,249,188
109000097,85,195,-110
109000098,61,103,-42
109000099,708,569,139
109000100,184,673,-489
109000101,741,1178,-437
109000102,213,914,-701
109000103,264,699,-435
109000104,906,762,144
109000105,437,1755,-1318
109000106,1290,814,476
109000107,497,2628,-2131
109000108,1242,599,643
109000109,377,2470,-2093
109000110,1084,518,566
109000111,922,2729,-1807
109000112,341,190,151
109000113,190,164,26
109000114,129,388,-259
109000115,1234,118,1116
109000116,22,190,-168
109000117,113,132,-19
109000118,12,383,-371
109000119,565,698,-133
109000120,140,1425,-1285
109000121,185,110,75
109000122,84,1458,-1374
109000123,25,96,-71
109000124,389,365,24
109000125,441,336,105
109000126,303,1153,-850
109000127,406,212,194
109000128,455,3270,-2815
109000129,1273,626,647
109000130,584,3409,-2825
109000131,609,416,193
109000132,627,2648,-2021
109000133,317,1183,-866
109000134,826,1628,-802
109000135,977,1461,-484
109000136,306,503,-197
109000137,199,366,-167
109000138,330,579,-249
109000139,336,491,-155
109000140,90,593,-503
109000141,296,537,-241
109000142,116,740,-624
109000143,93,90,3
109000145,70,200,-130
109000146,143,102,41
109000148,4688,959,3729
109000149,30,38,-8
109000150,156,175,-19
109000155,428,644,-216
109000156,1622,1150,472
109000158,22,231,-209
109000159,64,927,-863
109000160,690,316,374
109000161,225,1917,-1692
109000162,1341,1196,145
109000163,734,2348,-1614
109000164,992,3448,-2456
109000165,979,680,299
109000166,479,176,303
109000167,111,1283,-1172
109000170,57,82,-25
109000171,64,53,11
109000172,54,80,-26
109000173,47,78,-31
109000174,92,75,17
109000175,38,118,-80
109000176,244,361,-117
109000177,17,219,-202
109000178,382,786,-404
109000179,9996,2875,7121
109000180,5339,2627,2712
109000181,10,61,-51
109000182,28,79,-51
109000183,34,42,-8
109000184,38,20,18
109000185,35,99,-64
109000188,320,4066,-3746
109000189,1473,1004,469
109000190,450,645,-195
109000191,172,841,-669
109000192,262,229,33
109000193,151,624,-473
109000194,118,151,-33
109000195,91,615,-524
109000196,258,121,137
109000197,154,662,-508
109000198,167,62,105
109000199,81,753,-672
109000206,237,33,204
109000207,121,25,96
109000208,133,75,58
109000209,121,155,-34
109000210,236,828,-592
109000211,331,404,-73
109000214,283,847,-564
109000215,89,95,-6
109000216,287,146,141
109000217,131,93,38
109000218,202,122,80
109000221,524,1667,-1143
109000222,824,223,601
109000223,229,287,-58
109000224,31,419,-388
109000225,32,68,-36
109000226,83,525,-442
109000227,620,1945,-1325
109000228,0,405,-405
109000231,5,648,-643
109000232,204,559,-355
109000236,192,907,-715
109000241,1932,2658,-726
109000242,1388,1976,-588
109000293,17,47,-30
109000361,128,395,-267
109000364,159,856,-697
109000396,2,1132,-1130
109000397,341,5,336
109000399,137,877,-740
109000400,72,422,-350
109000403,65,369,-304
109000406,475,57,418
109000407,203,296,-93
109000408,1,1012,-1011
109000410,633,232,401
109000411,108,56,52
109900001,65,16,49
109900002,520,15,505
109900003,176,0,176
109900004,654,265,389
109900005,10,5,5
109900006,193,421,-228
109900007,392,1215,-823
109900008,1,44,-43
109900009,116,1062,-946
109900010,338,13,325
109900011,47,35,12
109900012,128,134,-6
109900013,307,128,179
109900014,247,54,193
109900015,363,153,210
109900016,86,64,22
109900017,93,104,-11
109900018,136,178,-42
109900019,89,92,-3
109900020,13,26,-13
109900021,18,19,-1
109900022,84,564,-480
109900023,18,0,18
109900024,12,2,10
109900025,23,143,-120
109900026,4,283,-279
109900027,19,31,-12
109900028,3948,675,3273
109900029,11,847,-836
109900030,21,4,17
109900031,0,79,-79
109900032,12,338,-326
109900033,3,698,-695
109900034,13,3,10
109900035,11,14,-3
109900036,6,126,-120
109900037,46,720,-674
109900038,28,283,-255
109900039,17,1,16
109900040,29,877,-848
109900041,58,727,-669
109900042,12,558,-546
109900044,61,377,-316
109900045,124,66,58
109900046,78,114,-36
109900047,358,465,-107
109900048,10,123,-113
109900049,9,35,-26
109900050,0,544,-544
109900051,0,49,-49
109900052,63,354,-291
109900053,6,866,-860
109900054,333,169,164
109900055,25,294,-269
109900056,33,120,-87
109900057,10,399,-389
109900058,3,162,-159
109900059,368,104,264
109900060,380,200,180
109900061,89,402,-313
109900062,2,417,-415
109900063,5,349,-344
109900064,387,344,43
109900065,208,137,71
109900066,283,1356,-1073
109900067,1,616,-615
109900068,28,5,23
109900069,7,46,-39
109900070,72,333,-261
109900071,1,31,-30
109900072,14,165,-151
109900073,237,1115,-878
109900074,8,54,-46
109900075,15,12,3
109900076,27,758,-731
109900077,38,70,-32
109900078,103,453,-350
109900080,121,440,-319
109900081,13,115,-102
109900082,33,687,-654
109900083,12,51,-39
109900084,45,209,-164
109900085,282,1835,-1553
109900086,107,226,-119
109900087,325,450,-125
109900089,360,116,244
109900090,456,1881,-1425
109900091,167,76,91
109900092,173,12,161
109900093,395,93,302
109900094,47,104,-57
109900095,100,328,-228
109900096,31,1,30
109900097,65,1,64
109900098,227,26,201
109900099,120,2,118
109900100,36,9,27
109900101,195,5,190
109900102,291,19,272
109900103,17,59,-42
109900104,318,1727,-1409
109900105,386,29,357
109900106,147,78,69
109900107,185,90,95
109900108,63,577,-514
109900109,22,193,-171
109900110,53,803,-750
109900111,345,2187,-1842
109900112,382,1618,-1236
109900113,473,338,135
109900114,504,304,200
109900115,92,70,22
109900117,577,129,448
109900118,263,505,-242
109900119,499,379,120
109900120,58,12,46
109900121,205,292,-87
109900122,207,3,204
109900123,14,250,-236
109900124,44,1007,-963
109900125,3,338,-335
109900126,121,313,-192
109900128,182,77,105
109900130,17399,1401,15998
109900131,94,194,-100
109900132,32,207,-175
109900133,44,480,-436
109900134,47,60,-13
109900135,605,71,534
109900136,55,184,-129
109900137,80,614,-534
109900140,159,562,-403
109900142,710,233,477
109900145,6,198,-192
109900146,358,31,327
109900148,39,89,-50
109900149,35,51,-16
109900150,7,72,-65
109900151,4,66,-62
109900152,0,20,-20
109900153,0,50,-50
109900154,32,0,32
109900155,31,11,20
109900157,72,423,-351
109900158,61,142,-81
109900159,150,25,125
109900160,89,60,29
109900161,171,62,109
109900162,114,69,45
109900163,786,414,372
109900164,43,298,-255
109900165,145,10,135
109900166,0,183,-183
109900167,141,875,-734
109900168,105,658,-553
109900169,89,191,-102
109900170,286,539,-253
109900171,99,101,-2
109900172,122,174,-52
109900173,5284,1429,3855
109900174,72,175,-103
109900175,39,52,-13
109900176,74,269,-195
109900177,35,402,-367
109900178,2,117,-115
109900179,20,24,-4
109900180,5,10,-5
110000001,869,623,246
110000002,705,535,170
110000003,757,649,108
110000004,549,519,30
110000005,771,1299,-528
110000006,856,413,443
110000007,139,200,-61
110000008,18,30,-12
110000009,44,64,-20
110000010,29,47,-18
110000011,42,169,-127
110000012,869,657,212
110000013,26,482,-456
110000014,658,369,289
110000015,290,463,-173
110000016,332,955,-623
110000017,4819,304,4515
110000018,4624,490,4134
110000019,9,232,-223
110000020,835,331,504
110000021,536,405,131
110000022,484,173,311
110000023,5,247,-242
110000024,509,511,-2
110000025,150,7,143
110000026,8,992,-984
110000027,603,404,199
110000028,577,795,-218
110000029,458,1353,-895
110000030,194,281,-87
110000031,220,850,-630
110000032,564,451,113
110000033,187,100,87
110000034,176,678,-502
110000035,282,1481,-1199
110000036,437,582,-145
110000037,110,863,-753
110000038,172,460,-288
110000039,563,1471,-908
110000040,182,484,-302
110000041,231,819,-588
110000042,63,308,-245
110000043,352,167,185
110000044,82,57,25
110000045,219,82,137
110000046,4,12,-8
110000047,15,20,-5
110000048,8,25,-17
110000049,41,6,35
110000050,11,24,-13
110000051,21,2,19
110000052,30,30,0
110000053,80,2,78
110000054,96,269,-173
110000055,279,60,219
110000056,103,70,33
110000057,277,1244,-967
110000058,735,758,-23
110000059,658,577,81
110000060,466,710,-244
110000061,682,897,-215
110000062,588,725,-137
110000063,21,72,-51
110000064,46,173,-127
110000065,29,58,-29
110000066,74,41,33
110000067,49,485,-436
110000068,136,899,-763
110000069,95,128,-33
110000071,60,148,-88
110000073,5,19,-14
110000075,3,89,-86
110000076,322,213,109
110000077,610,519,91
110000078,12,48,-36
110000080,290,668,-378
110000081,23,256,-233
110000082,32,282,-250
110000083,221,697,-476
110000084,659,535,124
110000085,2611,1607,1004
110000086,1040,1144,-104
110000087,6,68,-62
110000088,57,269,-212
110000089,167,260,-93
110000090,44,426,-382
110000091,2791,407,2384
110000092,20,154,-134
110000093,56,5,51
110000094,527,292,235
110000095,68,562,-494
110000096,5196,1835,3361
110000097,862,1032,-170
110000098,1554,615,939
110000099,741,1605,-864
110000100,480,1248,-768
110000101,26,736,-710
110000102,37,32,5
110000104,157,90,67
110000105,39,363,-324
110000106,465,243,222
110000107,500,487,13
110000108,146,63,83
110000109,295,344,-49
110000110,4698,3603,1095
110000111,9692,2094,7598
110000112,1733,564,1169
110000113,680,1185,-505
110000114,95,335,-240
110000115,176,298,-122
110000116,42,67,-25
110000117,146,833,-687
110000118,242,337,-95
110000119,143,648,-505
110000120,278,242,36
110000121,105,366,-261
110000122,310,668,-358
110000123,420,443,-23
110000124,3,746,-743
110000125,712,6,706
110000126,203,7,196
110000127,542,31,511
110000128,28,1484,-1456
110000129,7,748,-741
110000130,174,144,30
110000131,78,511,-433
110000132,1,738,-737
110000133,58,329,-271
110000134,32,305,-273
110000135,191,32,159
110000136,48,313,-265
110000137,475,823,-348
110000138,444,1166,-722
110000139,578,2124,-1546
110000140,957,441,516
110000143,757,388,369
110000144,4171,1156,3015
110000145,1224,722,502
110000146,1412,630,782
110000147,290,704,-414
110000148,249,534,-285
110000151,682,487,195
110000152,631,312,319
110000153,57,167,-110
110000154,9,13,-4
110000155,1285,2281,-996
110000156,714,1469,-755
110000157,1088,1501,-413
110000160,287,557,-270
110000161,83,692,-609
110000166,255,179,76
110000167,503,504,-1
110000168,611,307,304
110000169,595,309,286
110000170,91,76,15
110000171,462,236,226
110000172,160,934,-774
110000173,1538,1453,85
110000174,96,1974,-1878
110000175,313,94,219
110000176,27,243,-216
110000177,140,728,-588
110000178,461,751,-290
110000179,1944,404,1540
110000180,97,452,-355
110000181,204,472,-268
110000182,334,474,-140
110000183,13772,5017,8755
110000184,1311,1744,-433
110000185,540,602,-62
110000186,567,663,-96
110000191,459,468,-9
110000192,195,7,188
110000193,423,6,417
110000194,32,1765,-1733
110000195,268,457,-189
110000196,219,692,-473
110000197,43,234,-191
110000198,66,129,-63
110000199,46,130,-84
110000200,1209,553,656
110000201,437,595,-158
110000202,1014,539,475
110000203,742,1197,-455
110000204,3,472,-469
110000205,93,71,22
110000206,702,2409,-1707
110000207,539,383,156
110000208,101,97,4
110000209,110,1134,-1024
110000210,596,797,-201
110000211,351,933,-582
110000212,443,894,-451
110000213,104,71,33
110000214,105,118,-13
110000215,106,786,-680
110000216,38,914,-876
110000217,185,339,-154
110000218,152,701,-549
110000219,184,85,99
110000220,31,595,-564
110000221,187,77,110
110000222,26,510,-484
110000223,6,147,-141
110000224,98,20,78
110000225,164,625,-461
110000226,137,69,68
110000227,746,509,237
110000228,459,421,38
110000229,2,331,-329
110000230,365,790,-425
110000231,148,195,-47
110000232,105,223,-118
110000233,97,406,-309
110000234,402,313,89
110000235,1654,909,745
110000236,374,1009,-635
110000237,1002,1078,-76
110000238,783,1563,-780
110000239,1303,1475,-172
110000240,2,142,-140
110000242,1,14,-13
110000243,40,302,-262
110000244,110,634,-524
110000245,34,660,-626
110000246,480,880,-400
110000247,1307,5294,-3987
110000248,1901,2035,-134
110000249,66,5,61
110000250,9,310,-301
110000251,141,655,-514
110000252,110,310,-200
110000253,850,551,299
110000254,588,1922,-1334
110000255,170,1616,-1446
110000256,380,254,126
110000257,639,488,151
110000258,12,735,-723
110000259,50,19,31
110000260,11,609,-598
110000263,448,135,313
110000264,158,875,-717
110000265,900,1365,-465
110000266,1652,1850,-198
110000267,13,210,-197
110000268,272,778,-506
110000269,2,112,-110
110000270,49,1,48
110000271,2958,313,2645
110000272,830,858,-28
110000273,2255,1220,1035
110000274,151,879,-728
110000275,4377,422,3955
110000276,117,229,-112
110000277,150,626,-476
110000278,217,1216,-999
110000279,585,818,-233
110000280,228,462,-234
110000281,4,178,-174
110000282,221,64,157
110000283,42,83,-41
110000284,47,52,-5
110000285,3,209,-206
110000286,16,0,16
110000287,42,2,40
110000288,5,86,-81
110000289,580,1346,-766
110000290,1556,719,837
110000291,8071,1613,6458
110000292,1298,3107,-1809
110000293,401,1202,-801
110000294,547,753,-206
110000295,75,1301,-1226
110000296,212,287,-75
110000297,2259,297,1962
110000298,349,813,-464
110000299,456,47,409
110000301,182,20,162
110000302,261,2172,-1911
110000303,210,4,206
110000304,124,468,-344
110000305,510,14,496
110000306,88,2707,-2619
110000307,835,9,826
110000308,249,7,242
110000309,15,1713,-1698
110000310,373,111,262
110000311,27,1087,-1060
110000312,418,50,368
110000313,2202,2527,-325
110000314,1,574,-573
110000315,3448,1747,1701
110000316,761,1098,-337
110000317,346,308,38
110000318,5,196,-191
110000319,10,13,-3
110000320,28,105,-77
110000321,13,43,-30
110000322,170,730,-560
110000323,262,249,13
110000324,6921,1088,5833
110000325,2097,1598,499
110000327,456,324,132
110000328,162,552,-390
110000333,511,366,145
110000334,441,1554,-1113
110000335,596,540,56
110000336,345,1466,-1121
110000337,826,498,328
110000338,198,278,-80
110000339,188,312,-124
110000340,14,219,-205
110000341,269,624,-355
110000342,340,8,332
110000343,0,6,-6
110000344,38,209,-171
110000345,54,78,-24
110000346,2426,1274,1152
110000347,914,652,262
110000348,21,43,-22
110000349,3,23,-20
110000350,35,6,29
110000351,464,1019,-555
110000352,350,1324,-974
110000353,4145,760,3385
110000354,1037,1661,-624
110000355,77,75,2
110000356,938,22,916
110000357,204,22,182
110000361,22,183,-161
110000362,42,98,-56
110000363,177,159,18
110000364,96,617,-521
110000365,119,1,118
110000366,0,88,-88
110000367,165,285,-120
110000368,3,75,-72
110000369,39,2,37
110000373,9,443,-434
110000374,67,8,59
110000375,182,858,-676
110000376,23,110,-87
110000377,72,309,-237
110000378,31,333,-302
110000379,5025,964,4061
110000380,38,17,21
110000383,10,1183,-1173
110000384,2452,1115,1337
110000385,3,213,-210
110000387,55,6,49
110000388,27,317,-290
110000389,548,95,453
110000391,278,404,-126
110000396,89,193,-104
110000397,76,293,-217
110000398,2,44,-42
110000399,146,1,145
110000587,55,71,-16
110000589,154,228,-74
110000640,153,97,56
110000652,10,99,-89
110000653,188,575,-387
110000654,21,39,-18
110000656,4,709,-705
110000674,17,26,-9
110000675,9,31,-22
110000676,2,54,-52
110000679,686,798,-112
110000682,106,145,-39
110000683,257,570,-313
110000684,0,79,-79
110000685,7,10,-3
110000686,2,25,-23
110000687,23,3,20
110000688,88,608,-520
110000689,40,54,-14
110000692,50,433,-383
110000693,91,182,-91
110000694,0,132,-132
110000695,177,948,-771
110000696,188,185,3
110900001,142,3,139
110900002,117,263,-146
110900003,395,1228,-833
110900004,238,288,-50
110900005,5881,1410,4471
110900006,30,1,29
110900007,108,15,93
110900008,13,72,-59
110900009,280,49,231
110900010,11,77,-66
110900011,9,154,-145
110900012,19,159,-140
110900013,592,210,382
110900014,106,15,91
110900015,1427,395,1032
110900016,22,263,-241
110900017,237,59,178
110900018,286,53,233
110900019,109,28,81
110900020,50,630,-580
110900021,81,809,-728
110900022,97,564,-467
110900023,49,872,-823
110900024,30,652,-622
110900025,5,69,-64
110900027,33,355,-322
110900028,46,265,-219
110900029,25,625,-600
110900030,17,579,-562
110900031,1,161,-160
110900032,0,125,-125
110900033,34,379,-345
110900035,23,653,-630
110900036,147,29,118
110900037,52,28,24
110900038,1964,242,1722
110900039,4,304,-300
110900040,189,32,157
110900041,6,234,-228
110900042,86,56,30
110900043,3,168,-165
110900044,293,30,263
110900045,46,888,-842
110900046,186,352,-166
110900047,1074,165,909
110900049,30,40,-10
110900050,12,4,8
110900051,51,268,-217
110900052,10,313,-303
110900053,65,80,-15
110900054,24,368,-344
110900055,20,2,18
110900056,43,148,-105
110900057,5,332,-327
110900058,109,336,-227
110900059,583,1202,-619
110900060,375,111,264
110900061,35,66,-31
110900062,96,417,-321
110900063,48,102,-54
110900064,4,0,4
110900065,520,153,367
110900066,20,67,-47
110900067,749,430,319
110900068,315,282,33
110900069,6,33,-27
110900070,115,51,64
110900071,317,362,-45
110900073,1,36,-35
110900074,227,121,106
110900075,255,79,176
110900077,389,447,-58
110900078,23,242,-219
110900079,2607,616,1991
110900080,86,84,2
110900081,5,152,-147
110900082,74,450,-376
110900083,81,27,54
110900084,46,340,-294
110900085,51,579,-528
110900086,36,189,-153
110900087,157,73,84
110900088,15,0,15
110900090,38,22,16
110900091,6,72,-66
110900093,199,79,120
110900095,40,36,4
110900097,13,25,-12
110900098,21,185,-164
110900099,52,790,-738
110900100,0,42,-42
110900102,25,22,3
110900105,880,618,262
110900108,23,207,-184
110900111,276,95,181
110900112,492,6,486
110900113,579,48,531
110900115,6,172,-166
110900116,295,3563,-3268
110900118,145,1748,-1603
110900119,7308,281,7027
110900120,6,253,-247
110900121,52,4,48
110900122,223,144,79
110900125,246,281,-35
110900127,341,816,-475
110900128,425,316,109
110900129,300,409,-109
110900130,1536,407,1129
110900131,92,49,43
110900132,247,31,216
110900133,40,384,-344
110900135,71,684,-613
110900136,223,4,219
110900138,0,0,0
110900139,23,0,23
110900140,0,0,0
110900141,277,127,150
110900142,76,346,-270
110900143,63,108,-45
110900144,4,864,-860
110900145,70,27,43
110900146,305,65,240
110900147,354,306,48
110900148,2,425,-423
110900149,1,149,-148
110900150,24,33,-9
110900151,1,63,-62
110900152,19,600,-581
110900153,97,38,59
111000001,431,445,-14
111000002,730,817,-87
111000003,880,786,94
111000004,582,1661,-1079
111000005,1058,929,129
111000006,1000,2021,-1021
111000007,5494,2623,2871
111000008,4864,3446,1418
111000009,385,872,-487
111000010,648,267,381
111000011,402,975,-573
111000012,481,319,162
111000013,313,1480,-1167
111000014,878,670,208
111000017,163,556,-393
111000018,239,334,-95
111000020,3154,2214,940
111000021,115,159,-44
111000023,110,197,-87
111000025,9133,2755,6378
111000029,75,106,-31
111000030,21,85,-64
111000031,2003,947,1056
111000032,624,277,347
111000033,309,232,77
111000034,433,195,238
111000037,4072,1660,2412
111000038,2469,2183,286
111000039,1306,3042,-1736
111000040,1430,3373,-1943
111000041,1713,1787,-74
111000042,7400,2723,4677
111000043,2639,1822,817
111000044,1222,961,261
111000045,793,1248,-455
111000046,711,1784,-1073
111000047,1411,2487,-1076
111000049,294,583,-289
111000050,2002,1583,419
111000051,479,1359,-880
111000052,617,1646,-1029
111000053,356,1277,-921
111000054,246,1572,-1326
111000055,1338,2289,-951
111000056,92,893,-801
111000057,79,1080,-1001
111000058,224,146,78
111000059,226,331,-105
111000060,2521,737,1784
111000061,347,375,-28
111000062,617,297,320
111000063,1515,1116,399
111000064,334,633,-299
111000065,794,925,-131
111000066,326,304,22
111000067,437,721,-284
111000068,370,843,-473
111000069,1477,1771,-294
111000070,3042,1319,1723
111000071,299,1214,-915
111000072,724,394,330
111000073,285,758,-473
111000074,1243,1537,-294
111000075,799,1083,-284
111000076,397,1094,-697
111000077,893,965,-72
111000078,2063,1270,793
111000079,1421,834,587
111000080,413,723,-310
111000081,2561,3105,-544
111000082,477,833,-356
111000084,398,457,-59
111000085,946,1786,-840
111000086,4498,1357,3141
111000087,735,972,-237
111000088,8434,1895,6539
111000089,653,968,-315
111000090,1189,1517,-328
111000091,587,869,-282
111000092,894,1320,-426
111000093,436,823,-387
111000094,1452,962,490
111000095,848,1874,-1026
111000096,2927,6077,-3150
111000097,7640,1111,6529
111000098,701,1673,-972
111000099,492,3010,-2518
111000100,293,2965,-2672
111000101,405,1061,-656
111000102,129,1169,-1040
111000104,278,292,-14
111000107,89,1169,-1080
111000109,206,257,-51
111000110,767,610,157
111000111,1192,484,708
111000112,1106,329,777
111000113,751,821,-70
111000114,2148,2015,133
111000115,8974,1136,7838
111000116,797,1027,-230
111000117,555,908,-353
111000118,1325,1171,154
111000119,743,1961,-1218
111000120,307,633,-326
111000121,215,486,-271
111000122,554,1103,-549
111000123,773,3861,-3088
111000124,439,4533,-4094
111000125,201,2619,-2418
111000126,81,1202,-1121
111000127,559,167,392
111000128,875,368,507
111000129,1466,391,1075
111000130,1169,759,410
111000131,951,576,375
111000132,629,437,192
111000133,111,176,-65
111000134,101,139,-38
111000135,34,127,-93
111000136,280,332,-52
111000138,2,11,-9
111000140,2,0,2
111000141,160,327,-167
111000142,38,175,-137
111000143,8,117,-109
111000144,11,158,-147
111000145,630,9,621
111000146,44,16,28
111000147,182,23,159
111000148,133,89,44
111000149,3,35,-32
111000150,3,12,-9
111000151,2,25,-23
111000153,607,701,-94
111000154,863,227,636
111000155,126,188,-62
111000156,498,491,7
111000157,195,623,-428
111000158,856,710,146
111000159,3258,816,2442
111000160,181,510,-329
111000161,7,285,-278
111000162,23,182,-159
111000163,492,738,-246
111000164,988,2320,-1332
111000165,1460,494,966
111000166,1657,360,1297
111000167,180,631,-451
111000168,224,540,-316
111000169,264,648,-384
111000170,476,495,-19
111000171,394,1198,-804
111000172,100,976,-876
111000173,181,2037,-1856
111000174,137,1009,-872
111000175,37,344,-307
111000176,143,211,-68
111000177,152,394,-242
111000178,515,405,110
111000179,112,252,-140
111000180,85,384,-299
111000181,691,424,267
111000182,128,214,-86
111000183,280,293,-13
111000184,266,258,8
111000185,296,552,-256
111000186,252,330,-78
111000187,111,332,-221
111000188,119,594,-475
111000189,1926,560,1366
111000190,169,646,-477
111000191,137,599,-462
111000192,213,826,-613
111000193,740,515,225
111000194,43,573,-530
111000195,91,653,-562
111000196,59,441,-382
111000197,292,218,74
111000198,324,148,176
111000199,139,162,-23
111000200,181,406,-225
111000201,356,208,148
111000202,168,224,-56
111000203,173,233,-60
111000204,367,602,-235
111000213,199,486,-287
111000214,1239,2439,-1200
111000215,960,1794,-834
111000217,1055,1453,-398
111000218,610,873,-263
111000219,731,670,61
111000220,3496,425,3071
111000221,868,162,706
111000224,98,367,-269
111000225,262,190,72
111000226,199,3,196
111000227,47,1,46
111000228,9,176,-167
111000229,23,361,-338
111000230,299,854,-555
111000231,600,1805,-1205
111000232,333,941,-608
111000233,347,831,-484
111000234,76,226,-150
111000239,113,253,-140
111000240,38,145,-107
111000241,31,589,-558
111000242,64,107,-43
111000243,61,1007,-946
111000244,268,142,126
111000245,666,812,-146
111000246,275,864,-589
111000247,149,1473,-1324
111000248,449,564,-115
111000249,477,1093,-616
111000250,32,202,-170
111000251,33,200,-167
111000253,7,17,-10
111000255,23,12,11
111000257,34,17,17
111000260,57,1567,-1510
111000261,555,59,496
111000271,53,403,-350
111000273,6880,1861,5019
111000274,950,1608,-658
111000275,130,87,43
111000276,289,2746,-2457
111000277,105,528,-423
111000278,527,220,307
111000291,635,2641,-2006
111000298,367,366,1
111000299,581,142,439
111000300,86,755,-669
111000302,230,92,138
111000303,60,415,-355
111000312,48,74,-26
111000315,41,426,-385
111000320,216,612,-396
111000321,217,60,157
111000322,287,775,-488
111000323,118,33,85
111000324,256,357,-101
111000325,29,53,-24
111000326,640,417,223
111000327,328,688,-360
111000328,394,675,-281
111000329,0,46,-46
111000330,40,8,32
111000331,13,8,5
111000332,965,2762,-1797
111000334,401,2018,-1617
111000335,370,151,219
111000337,482,440,42
111000338,39,163,-124
111000339,181,769,-588
111000340,86,1259,-1173
111000341,735,382,353
111000342,206,426,-220
111000344,682,987,-305
111000345,225,76,149
111000346,33,121,-88
111000347,38,2,36
111000350,113,243,-130
111000351,65,232,-167
111000352,157,262,-105
111000353,93,252,-159
111000354,256,416,-160
111000355,192,849,-657
111000358,94,2721,-2627
111000360,92,1305,-1213
111000361,102,638,-536
111000546,339,861,-522
111000547,199,1124,-925
111000548,66,218,-152
111000549,175,700,-525
111000550,99,490,-391
111000551,686,248,438
111000552,1260,122,1138
111000907,326,16,310
111000908,13,0,13
111000916,848,255,593
111000917,41,384,-343
111000918,138,1631,-1493
111000920,316,10,306
111000921,4,549,-545
111000922,248,338,-90
111000924,49,1492,-1443
111000925,1657,1906,-249
111000926,827,3883,-3056
111000927,2564,3705,-1141
111000928,6475,4348,2127
111000929,794,1142,-348
111000930,760,2779,-2019
111000931,1386,1761,-375
111000932,4245,2749,1496
111000933,2824,1745,1079
111000934,2235,2802,-567
111000935,830,989,-159
111000936,973,2598,-1625
111000937,600,1139,-539
111000938,1951,2799,-848
111000939,205,55,150
111000940,242,260,-18
111000941,157,910,-753
111000943,215,313,-98
111000944,75,817,-742
111000945,65,3279,-3214
111001109,328,198,130
111001110,183,674,-491
111001111,33,5,28
111001112,81,7,74
111001113,3,206,-203
111001114,1492,87,1405
111001115,149,354,-205
111001116,6635,2035,4600
111001117,668,848,-180
111001120,99,457,-358
111001121,167,471,-304
111001122,143,1047,-904
111001123,106,172,-66
111001124,86,616,-530
111001125,1,29,-28
111001126,1,0,1
111001127,0,200,-200
111001128,573,999,-426
111900001,5,380,-375
111900002,13,1172,-1159
111900003,2,556,-554
111900004,19,210,-191
111900006,2,15,-13
111900007,46,2,44
111900008,82,1,81
111900009,79,0,79
111900010,331,664,-333
111900012,65,123,-58
111900013,14,44,-30
111900014,9798,2218,7580
111900015,1,83,-82
111900016,0,228,-228
111900017,2,185,-183
111900018,68,1,67
111900019,3,92,-89
111900020,3,69,-66
111900021,33,112,-79
111900022,15,83,-68
111900023,202,80,122
111900024,2,127,-125
111900025,1,57,-56
111900026,0,149,-149
111900027,6,256,-250
111900028,4,501,-497
111900029,2,137,-135
111900030,46,625,-579
111900031,6,70,-64
111900032,6,479,-473
111900033,13,176,-163
111900034,329,1105,-776
111900035,43,386,-343
111900036,1,499,-498
111900038,384,981,-597
111900039,43,670,-627
111900040,4,899,-895
111900042,29,197,-168
111900043,2,630,-628
111900044,269,423,-154
111900046,63,318,-255
111900048,118,1306,-1188
111900049,44,338,-294
111900050,65,11,54
111900051,2,474,-472
111900052,484,724,-240
111900053,1715,588,1127
111900054,69,4,65
111900055,29,954,-925
111900056,216,126,90
111900057,39,87,-48
111900058,222,1107,-885
111900059,4221,328,3893
111900060,230,4,226
111900061,10,407,-397
111900062,16,38,-22
111900063,220,383,-163
111900064,185,390,-205
111900065,62,18,44
111900066,79,106,-27
111900067,6,456,-450
111900068,25,30,-5
111900069,42,26,16
111900070,92,145,-53
111900071,0,455,-455
111900072,39,8,31
111900073,292,72,220
111900074,14,335,-321
111900075,44,8,36
111900076,73,34,39
111900077,25,2,23
111900078,122,9,113
111900079,35,8,27
111900080,211,157,54
111900082,109,21,88
111900083,54,4,50
111900084,37,0,37
111900085,26,62,-36
111900086,19,5,14
111900087,38,1,37
111900088,281,2,279
111900089,87,2,85
111900090,51,25,26
111900091,147,2,145
111900092,37,1,36
111900093,172,2,170
111900094,84,0,84
111900095,128,14,114
111900096,58,0,58
111900097,19,0,19
111900098,69,0,69
111900099,35,0,35
111900100,48,2,46
111900101,57,16,41
111900102,179,1184,-1005
111900103,53,73,-20
111900104,102,63,39
111900105,209,109,100
111900106,1895,65,1830
111900110,3464,331,3133
111900111,48,293,-245
111900112,1270,1283,-13
111900113,310,83,227
111900118,191,57,134
111900119,199,115,84
111900122,86,44,42
111900123,14,31,-17
111900124,33,204,-171
111900125,269,12,257
111900126,158,1,157
111900127,3,832,-829
111900128,2,869,-867
111900129,201,41,160
111900130,65,5,60
111900131,242,1,241
111900132,40,2111,-2071
111900133,6,465,-459
111900134,29,515,-486
111900135,2,19,-17
111900136,64,136,-72
111900137,65,86,-21
111900138,15,177,-162
111900139,31,322,-291
111900140,56,20,36
111900141,49,6,43
111900142,69,15,54
111900143,15,389,-374
111900144,0,121,-121
111900145,4,935,-931
111900146,2,451,-449
111900147,206,667,-461
111900148,25,1285,-1260
111900149,5,483,-478
111900150,12,245,-233
111900151,3,23,-20
111900152,90,57,33
111900153,1991,255,1736
111900154,12,189,-177
111900155,29,49,-20
111900156,24,18,6
111900157,36,4,32
111900158,289,27,262
111900159,170,8,162
111900160,119,0,119
111900161,77,11,66
111900162,112,129,-17
111900163,53,491,-438
111900164,82,58,24
111901113,219,349,-130
111901114,210,555,-345
111901115,61,1,60
111901116,59,6,53
111901117,21,32,-11
111901118,226,267,-41
111901119,2368,167,2201
111901121,228,684,-456
111901122,6,931,-925
111901123,84,599,-515
111901124,110,2,108
111901125,249,277,-28
111901127,1374,261,1113
111901128,10,161,-151
111901129,2,282,-280
111901130,9,407,-398
111901131,5,347,-342
111901132,90,14,76
111901133,25,1,24
111901134,30,2,28
111901135,15,8,7
111901136,3,8,-5
111901138,111,57,54
111901139,21,52,-31
111901140,22,209,-187
111901141,7,555,-548
111901142,8,400,-392
111901143,1,186,-185
111901144,46,27,19
111901145,148,189,-41
111901146,426,30,396
111901147,1759,118,1641
111901148,24,34,-10
111901149,9,3,6
111901150,37,2,35
111901151,0,0,0
112000001,1304,983,321
112000002,932,2619,-1687
112000003,510,1119,-609
112000004,503,2139,-1636
112000005,1666,1893,-227
112000006,1778,2600,-822
112000007,1517,1201,316
112000008,1919,3759,-1840
112000009,4261,4401,-140
112000010,1835,2490,-655
112000011,1720,2656,-936
112000012,3659,1873,1786
112000013,4638,3010,1628
112000014,1948,593,1355
112000015,2459,2486,-27
112000016,3088,666,2422
112000017,1431,1169,262
112000024,2974,792,2182
112000026,5153,5956,-803
112000027,840,452,388
112000028,2217,2221,-4
112000029,395,448,-53
112000030,243,98,145
112000031,1190,2684,-1494
112000032,396,49,347
112000033,1417,923,494
112000034,237,29,208
112000035,58,236,-178
112000036,694,534,160
112000037,717,862,-145
112000038,996,809,187
112000039,41,109,-68
112000040,160,295,-135
112000041,255,411,-156
112000042,1211,323,888
112000050,880,1364,-484
112000051,598,787,-189
112000054,1567,2841,-1274
112000057,465,367,98
112000058,276,527,-251
112000059,537,687,-150
112000061,4887,1877,3010
112000062,2247,594,1653
112000063,1839,1146,693
112000064,5047,6917,-1870
112000065,2528,3336,-808
112000066,3077,1003,2074
112000067,816,849,-33
112000068,2013,1391,622
112000069,676,2464,-1788
112000070,1433,649,784
112000071,604,3341,-2737
112000072,1074,1037,37
112000073,1123,1903,-780
112000074,840,894,-54
112000075,927,1115,-188
112000076,3170,3228,-58
112000077,334,775,-441
112000078,1096,712,384
112000079,1017,1445,-428
112000080,410,963,-553
112000081,1158,1586,-428
112000082,1062,717,345
112000083,563,1659,-1096
112000084,854,667,187
112000085,775,1617,-842
112000086,1025,1820,-795
112000087,268,665,-397
112000088,601,937,-336
112000089,219,549,-330
112000090,221,466,-245
112000091,551,1395,-844
112000092,1052,780,272
112000093,1525,1463,62
112000094,474,929,-455
112000095,439,859,-420
112000096,425,1135,-710
112000097,700,464,236
112000098,891,1994,-1103
112000099,500,757,-257
112000100,943,1204,-261
112000101,325,1220,-895
112000102,505,927,-422
112000103,272,1580,-1308
112000105,586,3285,-2699
112000106,976,755,221
112000107,61,167,-106
112000108,206,2595,-2389
112000109,102,139,-37
112000110,1188,640,548
112000111,1211,4360,-3149
112000112,1929,690,1239
112000113,886,2428,-1542
112000114,1460,1147,313
112000115,260,743,-483
112000116,317,1220,-903
112000117,707,925,-218
112000118,878,954,-76
112000119,371,1185,-814
112000120,63,465,-402
112000121,66,930,-864
112000122,196,176,20
112000123,378,138,240
112000124,187,69,118
112000125,97,135,-38
112000126,90,1259,-1169
112000127,1940,1454,486
112000128,1107,692,415
112000129,78,133,-55
112000130,138,61,77
112000131,34,610,-576
112000132,82,356,-274
112000133,180,491,-311
112000134,252,429,-177
112000135,551,797,-246
112000136,816,1366,-550
112000137,858,1701,-843
112000138,1029,1231,-202
112000139,970,373,597
112000140,1086,1364,-278
112000141,440,265,175
112000142,161,1190,-1029
112000143,778,248,530
112000144,304,2564,-2260
112000145,1466,719,747
112000146,612,3306,-2694
112000147,1330,1743,-413
112000148,1601,3141,-1540
112000149,244,1336,-1092
112000150,135,871,-736
112000151,421,900,-479
112000152,211,471,-260
112000153,241,456,-215
112000154,85,110,-25
112000155,160,137,23
112000157,698,549,149
112000158,249,1246,-997
112000159,225,254,-29
112000167,222,49,173
112000169,455,381,74
112000173,332,238,94
112000175,227,573,-346
112000176,3871,1776,2095
112000177,365,94,271
112000178,68,759,-691
112000179,155,194,-39
112000180,245,419,-174
112000181,1084,2417,-1333
112000182,518,2515,-1997
112000183,20,51,-31
112000184,219,861,-642
112000185,293,646,-353
112000187,2556,2149,407
112000195,126,12,114
112000196,111,2,109
112000197,76,86,-10
112000198,29,397,-368
112000199,1305,932,373
112000202,251,1,250
112000216,67,231,-164
112000230,38,5,33
112000231,1,450,-449
112000256,26,164,-138
112000313,152,152,0
112000314,33,24,9
112000337,210,619,-409
112000352,296,205,91
112000392,1977,1448,529
112000398,749,694,55
112000399,3086,1310,1776
112000400,1769,4277,-2508
112000401,2597,3151,-554
112000402,1395,2064,-669
112000403,1510,1573,-63
112000404,435,666,-231
112000405,1378,2802,-1424
112000406,5644,4176,1468
112000407,3611,5242,-1631
112000408,8392,7368,1024
112000409,1963,6288,-4325
112000410,343,150,193
112000411,6657,656,6001
112000412,1401,442,959
112000413,12195,2669,9526
112000414,56,181,-125
112000415,73,67,6
112000416,1441,1290,151
112000417,214,72,142
112000421,45,263,-218
112000422,240,882,-642
112000424,3519,1665,1854
112000425,382,2305,-1923
112000426,116,482,-366
112000427,0,26,-26
112000428,126,707,-581
112000429,1984,2848,-864
112000430,1968,2872,-904
112000431,80,116,-36
112000432,577,3215,-2638
112000433,491,795,-304
112000437,66,404,-338
112900001,47,4,43
112900002,185,1486,-1301
112900003,41,480,-439
112900004,21,308,-287
112900005,121,238,-117
112900006,9,649,-640
112900007,28,295,-267
112900008,2,22,-20
112900009,293,76,217
112900010,172,965,-793
112900011,389,341,48
112900012,0,72,-72
112900013,3,184,-181
112900014,5,388,-383
112900015,366,1160,-794
112900016,1,339,-338
112900017,32,246,-214
112900018,18,633,-615
112900019,70,135,-65
112900020,489,1873,-1384
112900021,13,363,-350
112900022,7,82,-75
112900023,1,382,-381
112900024,17,317,-300
112900025,79,332,-253
112900026,7,461,-454
112900027,7,1592,-1585
112900028,22,179,-157
112900029,10,989,-979
112900030,259,242,17
112900031,3,749,-746
112900032,118,340,-222
112900034,1,99,-98
112900035,7,708,-701
112900036,31,183,-152
112900037,147,160,-13
112900038,307,166,141
112900039,25,476,-451
112900040,9,394,-385
112900041,1432,789,643
112900042,41,663,-622
112900043,20,46,-26
112900044,1075,391,684
112900045,513,398,115
112900046,253,80,173
112900047,5,20,-15
112900049,91,70,21
112900050,61,601,-540
112900051,314,1002,-688
112900052,15,1598,-1583
112900053,386,153,233
112900054,310,22,288
112900055,140,20,120
112900056,310,135,175
112900057,13,1023,-1010
112900058,255,177,78
112900059,150,111,39
112900060,14,384,-370
112900061,63,188,-125
112900062,48,164,-116
112900063,122,5,117
112900064,138,224,-86
112900065,33,12,21
112900066,113,70,43
112900067,556,176,380
112900068,24,18,6
112900069,2800,527,2273
112900071,10,5,5
112900072,479,924,-445
112900073,189,43,146
112900074,73,124,-51
112900075,2471,500,1971
112900076,144,8,136
112900078,187,271,-84
112900079,138,19,119
112900080,14,3,11
112900081,47,76,-29
112900082,216,25,191
112900083,65,57,8
112900084,110,73,37
112900086,33,0,33
112900087,325,79,246
112900088,57,5,52
112900089,423,19,404
112900090,20,6,14
112900091,104,3,101
112900092,195,200,-5
112900093,718,12,706
112900095,18,1,17
112900096,220,91,129
112900097,28,503,-475
112900098,16,2,14
112900099,365,5,360
112900100,38,0,38
112900101,166,1,165
112900102,49,12,37
112900103,115,1,114
112900104,141,1,140
112900105,5,1,4
112900106,306,56,250
112900107,1,1,0
112900108,9,0,9
112900109,61,0,61
112900110,528,5,523
112900111,341,4,337
112900112,200,0,200
112900113,0,24,-24
112900114,76,33,43
112900115,513,1,512
112900116,32,36,-4
112900117,165,138,27
112900118,35,103,-68
112900119,109,2,107
112900120,811,281,530
112900121,290,151,139
112900122,16,191,-175
112900123,172,13,159
112900124,4,171,-167
112900125,39,332,-293
112900126,169,257,-88
112900127,233,78,155
112900128,450,976,-526
112900129,1,1108,-1107
112900130,209,57,152
112900131,47,406,-359
112900132,46,570,-524
112900133,28,1283,-1255
112900134,0,290,-290
112900135,68,37,31
112900137,1,960,-959
112900138,3,546,-543
112900139,195,1324,-1129
112900141,330,24,306
112900142,56,74,-18
112900143,58,882,-824
112900144,5,844,-839
112900145,73,646,-573
112900146,14,2327,-2313
112900147,7,3069,-3062
112900148,35,0,35
112900149,193,751,-558
112900151,16,60,-44
112900152,5812,952,4860
112900153,2163,1194,969
112900154,0,134,-134
112900155,99,6,93
112900156,185,2036,-1851
112900157,165,311,-146
112900158,24,11,13
112900159,120,66,54
112900160,43,379,-336
112900161,73,16,57
112900162,22,20,2
112900163,163,18,145
112900164,29,89,-60
112900165,68,39,29
112900166,45,45,0
112900167,7,32,-25
112900168,5,4,1
112900169,5,5,0
112900170,22,155,-133
112900172,99,7,92
112900173,243,115,128
112900174,230,30,200
112900175,137,92,45
112900176,10,23,-13
112900177,168,29,139
112900178,549,1289,-740
112900179,53,624,-571
112900180,960,2241,-1281
112900181,294,4,290
112900182,37,1699,-1662
112900183,169,232,-63
112900184,449,355,94
112900185,269,407,-138
112900186,1391,700,691
112900187,84,289,-205
112900188,557,310,247
112900189,1,17,-16
112900190,1,67,-66
112900192,331,311,20
112900193,902,251,651
112900194,36,210,-174
112900195,421,25,396
112900196,292,690,-398
112900197,158,452,-294
112900199,260,887,-627
112900200,277,301,-24
112900201,47,131,-84
112900202,202,1133,-931
112900203,112,447,-335
112900204,953,437,516
112900205,4,4,0
112900206,10,84,-74
112900207,5,0,5
112900208,79,149,-70
112900209,542,521,21
112900210,0,8,-8
112900211,53,23,30
112900212,1,101,-100
112900213,20,15,5
112900214,25,9,16
112900215,7,297,-290
112900216,36,76,-40
112900217,0,46,-46
112900218,21,32,-11
112900219,38,66,-28
112900220,3,0,3
112900221,14,215,-201
112900222,1,24,-23
112900223,511,9,502
112900224,162,1135,-973
112900225,218,748,-530
112900226,224,280,-56
112900227,253,1610,-1357
112900228,30,20,10
112900229,76,81,-5
112900230,8555,3052,5503
112900232,147,169,-22
112900233,45,297,-252
112900234,5,208,-203
112900235,60,18,42
112900236,170,14,156
112900237,81,684,-603
112900238,1,49,-48
112900239,727,298,429
112900240,6,260,-254
112900241,6,294,-288
112900242,9,625,-616
112900243,4,428,-424
112900244,1,215,-214
112900245,1,65,-64
112900246,1,27,-26
112900247,139,48,91
112900248,36,0,36
112900249,29,9,20
112900250,44,37,7
112900251,19,19,0
112900252,46,39,7
112900253,19,14,5
112900254,8,6,2
112900255,2,34,-32
112900256,3,33,-30
112900257,22,20,2
112900258,16,36,-20
113000001,4326,6293,-1967
113000002,3188,4062,-874
113000003,1796,2400,-604
113000004,1807,2559,-752
113000005,1355,1220,135
113000006,976,1612,-636
113000007,1368,1504,-136
113000008,1402,2175,-773
113000009,667,994,-327
113000010,946,1775,-829
113000011,773,1635,-862
113000012,906,883,23
113000013,863,544,319
113000014,1754,1395,359
113000015,510,223,287
113000016,285,426,-141
113000017,19,293,-274
113000018,333,60,273
113000019,35,238,-203
113000020,128,27,101
113000021,1689,649,1040
113000022,644,1524,-880
113000025,82,318,-236
113000026,200,376,-176
113000027,1257,337,920
113000028,963,323,640
113000029,953,762,191
113000030,570,617,-47
113000031,351,426,-75
113000032,274,356,-82
113000033,283,488,-205
113000034,503,423,80
113000035,23,42,-19
113000036,30,58,-28
113000037,89,32,57
113000038,5,63,-58
113000039,51,680,-629
113000040,47,76,-29
113000042,882,579,303
113000051,664,2329,-1665
113000052,2434,1279,1155
113000053,328,713,-385
113000054,259,920,-661
113000055,941,1250,-309
113000056,848,1756,-908
113000058,652,786,-134
113000059,1277,720,557
113000060,129,588,-459
113000061,1310,1039,271
113000062,1371,258,1113
113000063,105,404,-299
113000064,19,557,-538
113000065,115,1562,-1447
113000066,461,147,314
113000067,1088,1536,-448
113000068,265,2751,-2486
113000069,434,2025,-1591
113000070,1188,1053,135
113000071,323,903,-580
113000072,525,530,-5
113000073,521,1383,-862
113000074,785,336,449
113000075,2046,666,1380
113000076,1483,2079,-596
113000077,1279,516,763
113000078,852,1995,-1143
113000079,680,657,23
113000080,617,631,-14
113000081,627,775,-148
113000082,963,668,295
113000083,490,840,-350
113000084,1506,1121,385
113000085,801,746,55
113000086,959,1477,-518
113000087,894,816,78
113000088,2053,1293,760
113000089,879,1369,-490
113000090,271,461,-190
113000091,656,340,316
113000094,865,243,622
113000095,278,1444,-1166
113000096,173,1115,-942
113000097,760,325,435
113000098,87,51,36
113000099,830,343,487
113000100,137,504,-367
113000101,424,705,-281
113000102,529,368,161
113000103,2665,578,2087
113000104,395,3349,-2954
113000105,481,676,-195
113000106,311,530,-219
113000107,670,1239,-569
113000108,1076,1820,-744
113000109,496,4916,-4420
113000110,1310,541,769
113000111,212,896,-684
113000112,339,500,-161
113000113,1642,472,1170
113000114,358,1454,-1096
113000116,645,257,388
113000117,926,159,767
113000118,165,307,-142
113000119,265,384,-119
113000120,49,197,-148
113000121,394,913,-519
113000124,207,130,77
113000125,36,608,-572
113000127,4137,605,3532
113000128,468,410,58
113000129,441,1381,-940
113000133,5066,1350,3716
113000134,3,998,-995
113000135,3214,2854,360
113000137,1966,2332,-366
113000139,303,186,117
113000140,157,277,-120
113000141,230,164,66
113000142,485,853,-368
113000143,232,234,-2
113000144,327,698,-371
113000145,46,191,-145
113000146,115,73,42
113000147,126,133,-7
113000148,117,194,-77
113000149,67,145,-78
113000150,439,460,-21
113000151,66,73,-7
113000152,36,136,-100
113000153,1770,521,1249
113000154,633,1341,-708
113000155,290,428,-138
113000156,130,455,-325
113000157,242,917,-675
113000158,498,216,282
113000159,631,689,-58
113000160,594,1272,-678
113000161,210,621,-411
113000162,431,369,62
113000163,58,66,-8
113000164,30,100,-70
113000166,113,110,3
113000167,32,217,-185
113000168,66,225,-159
113000169,163,96,67
113000170,111,101,10
113000171,40,131,-91
113000172,207,100,107
113000173,48,27,21
113000174,128,601,-473
113000175,361,153,208
113000176,439,218,221
113000177,213,573,-360
113000178,246,506,-260
113000179,304,185,119
113000180,662,1951,-1289
113000181,949,1342,-393
113000182,243,427,-184
113000183,222,602,-380
113000184,21,111,-90
113000189,527,736,-209
113000190,1204,554,650
113000192,3177,1217,1960
113000193,6214,1099,5115
113000194,2504,934,1570
113000195,2758,644,2114
113000196,162,129,33
113000197,1483,1000,483
113000198,78,368,-290
113000199,681,397,284
113000201,1228,172,1056
113000202,4493,3558,935
113000203,617,320,297
113000204,2313,1668,645
113000205,36,20,16
113000206,5,25,-20
113000207,69,18,51
113000208,39,44,-5
113000209,18,17,1
113000210,4,30,-26
113000211,316,254,62
113000212,373,34,339
113000213,33,209,-176
113000214,154,371,-217
113000234,139,1567,-1428
113000410,130,125,5
113000411,2472,4356,-1884
113000412,10054,2648,7406
113000413,3861,2735,1126
113000414,8857,9844,-987
113000415,2425,2896,-471
113000416,9431,4016,5415
113000417,3240,2985,255
113000418,2953,2803,150
113000419,1378,1827,-449
113000420,3626,3961,-335
113000421,3494,4978,-1484
113000422,15704,8767,6937
113000423,2385,3747,-1362
113000424,4374,8936,-4562
113000425,13,65,-52
113000428,28,10,18
113000430,7,33,-26
113000432,1748,135,1613
113000433,179,1209,-1030
113000434,8,375,-367
113000435,21,911,-890
113000436,110,2414,-2304
113000437,439,28,411
113000438,138,15,123
113000439,23,244,-221
113000440,105,22,83
113000441,170,370,-200
113000442,109,409,-300
113000443,137,537,-400
113000444,93,470,-377
113000445,83,239,-156
113000446,38,121,-83
113000448,513,166,347
113000449,429,1378,-949
113000450,872,4458,-3586
113000451,2972,244,2728
113000452,532,648,-116
113000453,151,365,-214
113000454,1935,52,1883
113000455,83,189,-106
113000456,3883,2185,1698
113000468,3618,290,3328
113000469,432,96,336
113000470,741,136,605
113000471,17,722,-705
113000472,96,334,-238
113000474,352,756,-404
113000475,1484,2123,-639
113000476,746,1904,-1158
113000477,1683,2079,-396
113000478,3746,6590,-2844
113000479,31,301,-270
113000485,0,0,0
113000486,0,0,0
113000487,0,0,0
113000488,0,3,-3
113000489,0,2,-2
113000490,0,0,0
113000491,0,5,-5
113000492,4,0,4
113000495,250,306,-56
113000496,127,152,-25
113000497,0,0,0
113000499,0,0,0
113900001,3,302,-299
113900002,2,321,-319
113900003,7,298,-291
113900004,2,102,-100
113900005,4,72,-68
113900006,0,78,-78
113900007,150,1,149
113900008,162,2,160
113900009,691,4,687
113900010,298,7,291
113900011,48,1,47
113900012,16,0,16
113900013,1768,14,1754
113900014,558,4,554
113900015,0,49,-49
113900016,25,0,25
113900017,4,93,-89
113900018,541,127,414
113900019,76,65,11
113900020,70,1,69
113900022,20,1,19
113900023,18,0,18
113900024,42,116,-74
113900025,281,18,263
113900026,44,0,44
113900027,1,147,-146
113900028,22,621,-599
113900029,20,395,-375
113900030,130,0,130
113900031,10,0,10
113900032,17,0,17
113900033,53,108,-55
113900035,68,2,66
113900036,11,192,-181
113900037,48,714,-666
113900038,134,125,9
113900039,109,6,103
113900040,16,8,8
113900041,2,3,-1
113900042,71,60,11
113900043,216,108,108
113900044,219,84,135
113900045,75,0,75
113900046,166,812,-646
113900047,48,201,-153
113900048,350,74,276
113900049,1046,318,728
113900050,135,502,-367
113900051,233,505,-272
113900052,154,134,20
113900053,354,212,142
113900054,18,27,-9
113900055,117,582,-465
113900056,101,243,-142
113900057,14,122,-108
113900058,46,243,-197
113900059,233,430,-197
113900060,103,273,-170
113900061,1033,226,807
113900062,113,16,97
113900063,91,185,-94
113900064,23,165,-142
113900065,406,28,378
113900066,223,598,-375
113900067,55,384,-329
113900068,380,374,6
113900069,76,48,28
113900070,164,506,-342
113900071,105,157,-52
113900072,42,179,-137
113900073,136,386,-250
113900074,53,554,-501
113900075,1051,883,168
113900076,118,24,94
113900077,24,282,-258
113900078,66,87,-21
113900079,1,73,-72
113900080,358,148,210
113900081,31,215,-184
113900082,100,268,-168
113900083,169,866,-697
113900084,287,109,178
113900085,39,471,-432
113900086,38,16,22
113900087,38,231,-193
113900088,60,81,-21
113900089,394,51,343
113900090,476,359,117
113900091,30,47,-17
113900092,70,80,-10
113900093,89,618,-529
113900094,280,480,-200
113900095,113,90,23
113900096,182,59,123
113900097,4,177,-173
113900098,550,61,489
113900099,1,118,-117
113900100,0,7,-7
113900101,19,45,-26
113900102,109,114,-5
113900103,204,216,-12
113900104,95,195,-100
113900105,39,540,-501
113900106,0,178,-178
113900107,1,43,-42
113900108,260,162,98
113900109,330,101,229
113900110,35,25,10
113900111,94,125,-31
113900112,121,117,4
113900113,793,515,278
113900114,1,194,-193
113900115,0,151,-151
113900116,87,100,-13
113900117,115,34,81
113900118,154,237,-83
113900119,272,402,-130
113900120,68,44,24
113900121,25,89,-64
113900122,337,1603,-1266
113900123,417,192,225
113900124,2,155,-153
113900125,1546,164,1382
113900126,166,46,120
113900127,219,446,-227
113900128,105,61,44
113900129,21,114,-93
113900130,3,26,-23
113900131,114,107,7
113900132,33,37,-4
113900133,15,42,-27
113900135,259,654,-395
113900136,104,103,1
113900137,379,234,145
113900138,61,171,-110
113900139,579,140,439
113900140,333,257,76
113900141,285,732,-447
113900142,85,106,-21
113900143,9,26,-17
113900144,225,146,79
113900145,282,214,68
113900146,125,81,44
113900148,208,236,-28
113900149,132,51,81
113900150,863,679,184
113900151,220,243,-23
113900152,6,45,-39
113900153,484,501,-17
113900154,3,93,-90
113900155,230,111,119
113900156,270,643,-373
113900157,19,156,-137
113900158,372,238,134
113900159,13,275,-262
113900160,403,834,-431
113900161,57,214,-157
113900162,394,451,-57
113900163,243,307,-64
113900164,278,61,217
113900165,439,545,-106
113900166,225,124,101
113900167,235,36,199
113900168,161,122,39
113900169,239,431,-192
113900171,108,39,69
113900172,14,305,-291
113900173,57,905,-848
113900174,402,699,-297
113900175,291,90,201
113900176,210,689,-479
113900177,336,244,92
113900178,189,101,88
113900179,32,1013,-981
113900180,189,111,78
113900181,472,96,376
113900182,413,944,-531
113900183,51,87,-36
113900184,15,774,-759
113900185,182,79,103
113900186,21,64,-43
113900187,32,141,-109
113900188,47,151,-104
113900189,314,87,227
113900190,332,143,189
113900191,114,261,-147
113900192,8,284,-276
113900193,62,332,-270
113900194,2809,1085,1724
113900195,340,503,-163
113900196,1,119,-118
113900197,5,425,-420
113900198,20,144,-124
113900199,199,806,-607
113900200,22,260,-238
113900201,0,387,-387
113900202,38,366,-328
113900203,1,241,-240
113900204,47,733,-686
113900205,6,206,-200
113900206,4,218,-214
113900207,1,73,-72
113900208,0,54,-54
113900209,0,93,-93
113900210,632,581,51
113900211,113,56,57
113900212,113,801,-688
113900214,453,587,-134
113900215,55,178,-123
113900216,69,1460,-1391
113900217,50,403,-353
113900218,113,49,64
113900219,132,662,-530
113900220,99,83,16
113900221,245,106,139
113900222,479,358,121
113900223,144,1323,-1179
113900224,150,80,70
113900225,912,219,693
113900226,252,94,158
113900227,280,185,95
113900228,289,342,-53
113900229,48,472,-424
113900230,4896,2046,2850
113900231,130,254,-124
113900232,61,118,-57
113900233,32,48,-16
113900234,234,421,-187
113900235,55,42,13
113900236,66,551,-485
113900237,89,12,77
113900238,168,483,-315
113900239,86,85,1
113900240,3,114,-111
113900241,60,63,-3
113900242,44,178,-134
113900243,187,417,-230
113900244,496,222,274
113900245,1363,312,1051
113900246,26,16,10
113900247,164,298,-134
113900248,3666,1559,2107
113900249,1788,328,1460
113900250,47,131,-84
113900251,441,265,176
113900252,318,23,295
113900253,536,56,480
113900254,668,133,535
113900255,307,32,275
113900256,321,51,270
113900257,42,1044,-1002
113900258,14,744,-730
113900259,330,285,45
113900260,116,9,107
113900261,26,147,-121
113900262,112,1042,-930
113900263,189,725,-536
113900264,7,818,-811
113900265,132,280,-148
113900266,35,348,-313
113900267,137,553,-416
113900268,251,310,-59
113900269,64,157,-93
113900270,373,386,-13
113900271,436,1446,-1010
113900273,90,3,87
113900274,46,8,38
113900275,29,48,-19
113900276,5,348,-343
113900277,68,3,65
113900278,280,167,113
113900279,81,105,-24
113900280,1125,642,483
113900281,437,1052,-615
113900282,1049,552,497
113900283,302,478,-176
113900284,604,157,447
113900285,149,36,113
113900286,4,126,-122
113900287,23,64,-41
113900288,2,89,-87
113900289,1637,131,1506
113900290,557,176,381
113900291,129,165,-36
113900292,5,10,-5
113900293,13,286,-273
113900294,345,43,302
113900295,387,384,3
113900296,2866,360,2506
113900297,772,51,721
113900298,4,1952,-1948
113900299,34,299,-265
113900300,6967,2673,4294
113900301,1159,480,679
113900302,3134,737,2397
113900303,679,354,325
113900304,0,203,-203
113900305,66,1,65
113900306,21,0,21
113900307,48,1,47
113900308,87,107,-20
113900309,8,1128,-1120
113900310,0,19,-19
113900311,3,0,3
113900312,165,168,-3
113900313,19,23,-4
113900314,0,54,-54
113900315,94,51,43
114000001,1014,4676,-3662
114000002,169,686,-517
114000003,165,1670,-1505
114000004,281,482,-201
114000005,143,261,-118
114000006,2698,2441,257
114000007,544,1677,-1133
114000008,1176,1250,-74
114000009,390,231,159
114000011,2286,4907,-2621
114000012,1376,3714,-2338
114000013,1185,2882,-1697
114000014,445,946,-501
114000015,1061,749,312
114000016,193,582,-389
114000017,145,176,-31
114000018,820,68,752
114000026,862,2091,-1229
114000027,1767,2480,-713
114000028,1858,2321,-463
114000038,174,148,26
114000039,154,391,-237
114000040,59,162,-103
114000042,143,224,-81
114000043,269,346,-77
114000044,235,250,-15
114000045,60,126,-66
114000046,2271,5605,-3334
114000047,12,68,-56
114000048,101,204,-103
114000049,1250,1429,-179
114000050,1559,1535,24
114000051,2932,1696,1236
114000052,2226,1065,1161
114000053,55,548,-493
114000054,137,1988,-1851
114000055,205,16,189
114000056,910,628,282
114000057,12100,2494,9606
114000058,580,1039,-459
114000059,304,285,19
114000060,459,722,-263
114000061,3622,1912,1710
114000062,2484,1035,1449
114000063,3089,1571,1518
114000064,7338,2957,4381
114000065,1891,2592,-701
114000066,349,775,-426
114000067,13,347,-334
114000068,422,544,-122
114000069,605,562,43
114000070,1884,1435,449
114000071,499,637,-138
114000072,221,643,-422
114000073,16,189,-173
114000074,15,9,6
114000075,37,245,-208
114000076,28,255,-227
114000077,3,115,-112
114000078,145,1201,-1056
114000079,62,30,32
114000080,56,83,-27
114000081,34,99,-65
114000082,53,760,-707
114000083,56,402,-346
114000084,183,80,103
114000085,115,940,-825
114000086,172,876,-704
114000087,42,318,-276
114000088,43,68,-25
114000089,2305,568,1737
114000090,506,594,-88
114000091,1210,559,651
114000092,756,365,391
114000093,682,682,0
114000094,264,387,-123
114000095,70,87,-17
114000096,65,420,-355
114000097,117,682,-565
114000098,224,63,161
114000099,344,1734,-1390
114000100,695,968,-273
114000101,304,1223,-919
114000102,326,409,-83
114000103,116,747,-631
114000104,14,550,-536
114000105,49,47,2
114000106,1607,539,1068
114000107,230,149,81
114000108,6345,1849,4496
114000109,365,851,-486
114000110,542,2629,-2087
114000111,829,569,260
114000112,384,4455,-4071
114000113,894,448,446
114000114,1236,3044,-1808
114000115,1471,884,587
114000116,421,992,-571
114000117,1552,366,1186
114000118,1529,355,1174
114000119,902,392,510
114000120,601,1243,-642
114000121,500,743,-243
114000122,361,341,20
114000123,891,341,550
114000124,586,318,268
114000125,915,2476,-1561
114000126,921,228,693
114000127,122,307,-185
114000128,735,866,-131
114000130,428,544,-116
114000131,149,59,90
114000132,642,882,-240
114000133,841,1690,-849
114000134,31,235,-204
114000138,43,238,-195
114000139,302,136,166
114000144,512,412,100
114000145,74,216,-142
114000146,90,356,-266
114000147,924,1169,-245
114000148,3203,1421,1782
114000149,293,292,1
114000150,1955,1053,902
114000151,2793,1282,1511
114000152,93,23,70
114000153,1254,1900,-646
114000154,806,862,-56
114000155,1180,1846,-666
114000156,796,438,358
114000157,293,946,-653
114000158,2918,731,2187
114000159,260,433,-173
114000160,95,223,-128
114000161,1391,1798,-407
114000162,744,1257,-513
114000163,16,147,-131
114000165,222,190,32
114000166,645,301,344
114000167,5776,1304,4472
114000168,729,685,44
114000169,1736,670,1066
114000170,887,708,179
114000171,733,1756,-1023
114000174,177,548,-371
114000176,690,397,293
114000177,3223,700,2523
114000178,29,68,-39
114000179,1209,903,306
114000180,615,661,-46
114000181,1421,2258,-837
114000182,7310,2597,4713
114000183,952,1182,-230
114000184,9243,1776,7467
114000185,805,972,-167
114000189,352,100,252
114000190,1374,263,1111
114000191,20,57,-37
114000192,355,2525,-2170
114000193,1156,4911,-3755
114000194,1247,1757,-510
114000195,79,13,66
114000196,4,615,-611
114000197,850,69,781
114000198,1709,445,1264
114000199,2372,1229,1143
114000200,595,3208,-2613
114000201,163,1625,-1462
114000202,834,1098,-264
114000203,531,1475,-944
114000204,146,698,-552
114000205,222,2388,-2166
114000206,458,1531,-1073
114000207,767,3086,-2319
114000208,478,4556,-4078
114000209,775,4904,-4129
114000210,352,2467,-2115
114000211,953,2007,-1054
114000212,474,890,-416
114000213,1004,861,143
114000214,102,217,-115
114000215,122,108,14
114000216,954,394,560
114000217,165,535,-370
114000218,116,370,-254
114000219,741,329,412
114000220,15,2588,-2573
114000221,401,170,231
114000222,270,1953,-1683
114000223,365,90,275
114000224,143,1174,-1031
114000225,154,772,-618
114000226,78,306,-228
114000227,658,534,124
114000228,605,1392,-787
114000229,937,1550,-613
114000230,1493,2055,-562
114000231,800,1543,-743
114000232,467,143,324
114000233,1367,141,1226
114000234,888,1407,-519
114000235,964,2088,-1124
114000236,2,567,-565
114000237,103,1438,-1335
114000238,62,271,-209
114000239,150,1879,-1729
114000240,674,765,-91
114000241,234,1601,-1367
114000242,1088,1449,-361
114000243,1063,1044,19
114000244,586,399,187
114000245,334,697,-363
114000246,181,47,134
114000247,515,847,-332
114000248,686,709,-23
114000249,459,731,-272
114000250,293,766,-473
114000251,227,497,-270
114000252,68,146,-78
114000253,30,397,-367
114000254,25,95,-70
114000255,870,178,692
114000256,2021,1092,929
114000257,959,2442,-1483
114000258,178,569,-391
114000259,51,397,-346
114000260,0,42,-42
114000261,31,26,5
114000262,59,161,-102
114000263,12,2,10
114000264,516,763,-247
114000265,0,1,-1
114000267,5,1834,-1829
114000268,6,2866,-2860
114000270,94,3,91
114000271,625,116,509
114000283,591,487,104
114000285,55,493,-438
114000288,59,645,-586
114000289,795,292,503
114000293,74,631,-557
114000294,123,232,-109
114000395,1320,123,1197
114000396,304,442,-138
114000402,339,469,-130
114000403,242,948,-706
114000405,73,759,-686
114000423,159,664,-505
114000424,129,287,-158
114000425,294,834,-540
114000426,266,675,-409
114000427,36,125,-89
114000428,313,100,213
114000429,17,244,-227
114000432,71,230,-159
114000434,28,119,-91
114000435,0,175,-175
114900001,390,2122,-1732
114900002,308,87,221
114900003,337,3148,-2811
114900004,187,182,5
114900005,329,1203,-874
114900006,34,46,-12
114900007,122,25,97
114900008,80,95,-15
114900010,2575,1624,951
114900011,101,114,-13
114900013,108,97,11
114900018,1117,126,991
114900020,175,73,102
114900022,10,1583,-1573
114900025,209,374,-165
114900026,64,98,-34
114900029,86,25,61
114900030,203,314,-111
114900031,182,54,128
114900032,195,39,156
114900034,45,293,-248
114900035,96,355,-259
114900036,220,1389,-1169
114900039,335,824,-489
114900040,71,360,-289
114900041,415,816,-401
114900042,560,933,-373
114900044,83,18,65
114900047,249,1296,-1047
114900048,86,480,-394
114900049,24,589,-565
114900050,42,1048,-1006
114900051,19,648,-629
114900052,59,241,-182
114900053,45,317,-272
114900054,35,153,-118
114900057,156,13,143
114900058,0,68,-68
114900059,50,39,11
114900063,53,290,-237
114900064,747,665,82
114900065,321,619,-298
114900067,29,365,-336
114900068,134,645,-511
114900069,217,212,5
114900070,295,954,-659
114900072,9,297,-288
114900073,2,220,-218
114900074,294,1526,-1232
114900075,121,4,117
114900076,8,322,-314
114900080,4495,502,3993
114900082,4304,1504,2800
114900083,1086,911,175
114900090,169,208,-39
114900091,236,170,66
114900097,108,1,107
114900098,2,345,-343
114900099,118,4,114
115000001,11444,6703,4741
115000002,2964,3082,-118
115000003,4262,5133,-871
115000004,2567,4370,-1803
115000005,1407,3492,-2085
115000006,596,1483,-887
115000007,82,204,-122
115000008,559,728,-169
115000009,186,573,-387
115000010,255,154,101
115000013,66,188,-122
115000015,92,344,-252
115000016,56,187,-131
115000019,25,350,-325
115000020,206,431,-225
115000021,309,431,-122
115000022,468,299,169
115000023,308,445,-137
115000024,1217,511,706
115000025,711,541,170
115000026,115,370,-255
115000027,178,225,-47
115000028,123,827,-704
115000029,375,153,222
115000030,437,1017,-580
115000031,875,227,648
115000032,12,313,-301
115000033,130,32,98
115000034,163,1011,-848
115000035,918,65,853
115000036,1,425,-424
115000037,365,3,362
115000038,44,288,-244
115000039,3712,2424,1288
115000040,7640,4597,3043
115000041,995,2440,-1445
115000042,573,798,-225
115000043,2627,2940,-313
115000044,2562,5456,-2894
115000045,1992,3412,-1420
115000046,1440,3433,-1993
115000047,1422,2622,-1200
115000048,1317,3335,-2018
115000049,1450,3414,-1964
115000050,3026,2452,574
115000051,2406,2157,249
115000052,4403,2435,1968
115000053,1381,1469,-88
115000054,869,1852,-983
115000055,151,473,-322
115000056,133,187,-54
115000057,326,619,-293
115000058,123,94,29
115000059,113,140,-27
115000061,129,100,29
115000062,213,386,-173
115000063,239,434,-195
115000064,145,228,-83
115000065,52,309,-257
115000067,306,39,267
115000069,71,351,-280
115000070,30,708,-678
115000071,101,16,85
115000072,16,63,-47
115000073,1373,56,1317
115000075,91,69,22
115000076,4676,4410,266
115000077,1294,4609,-3315
115000078,723,2632,-1909
115000079,838,3093,-2255
115000080,1651,3658,-2007
115000081,487,1103,-616
115000082,2714,3403,-689
115000083,1956,4030,-2074
115000084,1260,1590,-330
115000085,556,1119,-563
115000086,719,1440,-721
115000087,555,1538,-983
115000088,1879,817,1062
115000089,1544,1754,-210
115000090,958,995,-37
115000091,543,1508,-965
115000092,315,449,-134
115000093,433,2,431
115000094,11644,5317,6327
115000095,8568,4895,3673
115000096,534,3154,-2620
115000097,635,890,-255
115000098,637,935,-298
115000099,1810,5488,-3678
115000100,685,820,-135
115000101,457,1871,-1414
115000102,374,260,114
115000103,429,1177,-748
115000105,59,336,-277
115000106,361,332,29
115000107,130,724,-594
115000108,4903,2899,2004
115000109,7354,3229,4125
115000110,1086,895,191
115000111,704,1643,-939
115000112,537,466,71
115000113,603,730,-127
115000114,1440,693,747
115000116,3861,1606,2255
115000117,4946,1935,3011
115000118,1547,1682,-135
115000119,1580,1778,-198
115000120,510,860,-350
115000121,1340,929,411
115000122,2916,1196,1720
115000123,1673,1555,118
115000124,797,990,-193
115000125,305,578,-273
115000126,149,263,-114
115000127,306,108,198
115000128,1593,849,744
115000129,228,269,-41
115000130,311,1330,-1019
115000131,502,288,214
115000132,145,952,-807
115000133,375,464,-89
115000134,125,287,-162
115000135,140,354,-214
115000136,148,211,-63
115000137,90,213,-123
115000138,240,298,-58
115000139,207,279,-72
115000140,177,305,-128
115000141,143,370,-227
115000142,132,339,-207
115000143,414,673,-259
115000144,311,101,210
115000145,168,529,-361
115000146,212,285,-73
115000147,360,592,-232
115000148,259,1897,-1638
115000149,377,198,179
115000150,617,1617,-1000
115000151,625,529,96
115000152,549,2162,-1613
115000153,726,514,212
115000154,468,377,91
115000155,561,1449,-888
115000156,1253,705,548
115000157,967,977,-10
115000158,668,379,289
115000159,1030,396,634
115000160,647,285,362
115000161,166,607,-441
115000162,672,495,177
115000163,767,615,152
115000164,595,644,-49
115000165,289,365,-76
115000167,188,111,77
115000168,546,229,317
115000169,660,296,364
115000170,147,138,9
115000171,269,153,116
115000172,2547,613,1934
115000173,272,245,27
115000174,93,221,-128
115000175,127,91,36
115000176,98,52,46
115000177,104,63,41
115000178,13,327,-314
115000179,27,23,4
115000180,65,840,-775
115000181,365,161,204
115000182,399,519,-120
115000183,162,1311,-1149
115000186,542,289,253
115000187,127,846,-719
115000188,346,604,-258
115000189,219,480,-261
115000190,882,547,335
115000191,261,453,-192
115000194,157,179,-22
115000195,300,296,4
115000196,95,158,-63
115000197,171,506,-335
115000198,146,327,-181
115000199,195,439,-244
115000200,211,142,69
115000201,126,516,-390
115000206,193,107,86
115000207,49,368,-319
115000208,687,819,-132
115000209,296,196,100
115000210,83,109,-26
115000211,187,272,-85
115000212,1781,255,1526
115000224,260,94,166
115000225,48,71,-23
115000229,308,164,144
115000230,124,711,-587
115000231,360,3581,-3221
115000232,1008,455,553
115000233,75,215,-140
115000234,13,298,-285
115000241,48,380,-332
115000242,59,446,-387
115000243,44,309,-265
115000244,4,108,-104
115000246,61,17,44
115000247,19,12,7
115000248,21,21,0
115000249,58,17,41
115000250,225,48,177
115000251,143,161,-18
115000252,54,197,-143
115000253,10,245,-235
115000258,220,283,-63
115000259,369,200,169
115000261,10,36,-26
115000262,18,33,-15
115000263,14,64,-50
115000264,4,68,-64
115000267,80,91,-11
115000268,25,154,-129
115000269,124,72,52
115000270,14,31,-17
115000272,39,193,-154
115000273,282,17,265
115000280,2864,111,2753
115000281,535,291,244
115000282,845,384,461
115000284,270,128,142
115000296,949,12,937
115000297,152,63,89
115000298,58,220,-162
115000300,121,243,-122
115000302,320,240,80
115000303,396,204,192
115000304,340,125,215
115000305,71,1582,-1511
115000306,111,953,-842
115000307,41,454,-413
115000308,150,25,125
115000309,2,1,1
115000310,780,1318,-538
115000311,482,1966,-1484
115000313,126,931,-805
115000314,313,104,209
115000315,1330,508,822
115000316,60,74,-14
115000317,129,730,-601
115000318,487,246,241
115000319,46,399,-353
115000320,19,190,-171
115000321,471,8,463
115000322,47,341,-294
115000449,383,171,212
115000557,1,864,-863
115000558,308,83,225
115000587,306,399,-93
115000588,2147,4737,-2590
115000589,2548,3465,-917
115000590,678,1926,-1248
115000591,947,871,76
115000592,543,1817,-1274
115000593,1015,720,295
115000594,709,1871,-1162
115000609,91,270,-179
115000617,2287,2043,244
115000624,143,162,-19
115000633,326,1606,-1280
115000634,2504,714,1790
115000635,380,133,247
115000638,1897,781,1116
115000641,92,120,-28
115000642,358,285,73
115000643,68,535,-467
115000644,147,429,-282
115000646,648,1103,-455
115000647,188,493,-305
115000648,1147,1946,-799
115000893,3416,1453,1963
115000894,90,1165,-1075
115000895,433,926,-493
115000896,1595,364,1231
115000897,422,128,294
115000898,591,252,339
115000899,1178,1404,-226
115000900,108,477,-369
115000901,81,164,-83
115000912,216,110,106
115000913,4,61,-57
115000915,49,0,49
115000916,4,0,4
115000917,0,3,-3
115000918,68,223,-155
115000919,15,6,9
115000920,53,52,1
115000921,1783,124,1659
115000922,1626,732,894
115000923,615,986,-371
115000925,95,94,1
115000927,34,49,-15
115000933,471,206,265
115000934,105,255,-150
115000935,69,121,-52
115000936,57,404,-347
115000937,1672,152,1520
115000938,255,229,26
115000939,287,191,96
115000940,3,13,-10
115000941,11,16,-5
115000942,108,99,9
115000943,68,10,58
115000944,11,9,2
115900001,57,119,-62
115900002,95,261,-166
115900003,124,157,-33
115900004,2,101,-99
115900005,104,7,97
115900006,81,676,-595
115900008,60,13,47
115900009,77,515,-438
115900010,147,206,-59
115900011,216,358,-142
115900012,94,179,-85
115900013,318,167,151
115900014,78,218,-140
115900015,73,207,-134
115900016,64,26,38
115900017,1,1,0
115900018,171,139,32
115900019,197,15,182
115900020,8,1,7
115900021,1774,122,1652
115900022,3782,9,3773
115900023,14,5,9
115900025,49,231,-182
115900026,700,428,272
115900027,0,553,-553
115900028,683,86,597
115900029,20,779,-759
115900030,13,28,-15
115900031,394,212,182
115900032,319,989,-670
115900033,5,50,-45
115900034,35,778,-743
115900035,22,74,-52
115900036,585,420,165
115900037,42,634,-592
115900038,29,8,21
115900039,118,461,-343
115900041,575,448,127
115900042,8,7,1
115900043,60,260,-200
115900044,390,180,210
115900046,142,344,-202
115900047,115,94,21
115900049,93,337,-244
115900051,0,85,-85
115900052,22,319,-297
115900053,98,393,-295
115900054,99,66,33
115900055,23,154,-131
115900056,92,475,-383
115900057,24,5,19
115900058,20,63,-43
115900060,25,171,-146
115900061,111,3,108
115900062,17,386,-369
115900063,43,20,23
115900064,142,250,-108
115900065,84,179,-95
115900066,245,253,-8
115900067,6,1240,-1234
115900068,4337,415,3922
115900069,39,166,-127
115900070,129,367,-238
115900071,2,858,-856
115900072,82,330,-248
115900073,52,45,7
115900074,4,527,-523
115900075,29,323,-294
115900076,5,106,-101
115900077,12,497,-485
115900078,31,168,-137
115900079,136,21,115
115900080,736,404,332
115900081,6,122,-116
115900082,183,179,4
115900084,203,23,180
115900085,47,63,-16
115900086,1956,478,1478
115900088,11,28,-17
115900089,203,917,-714
115900090,175,22,153
115900091,3,18,-15
115900092,30,304,-274
115900093,12,34,-22
115900094,2,566,-564
115900096,0,21,-21
115900097,10,734,-724
115900098,133,758,-625
115900099,48,112,-64
115900100,7,862,-855
115900101,119,677,-558
115900102,45,142,-97
115900103,241,399,-158
115900104,39,258,-219
115900105,95,1056,-961
115900106,34,30,4
115900107,28,294,-266
115900108,66,27,39
115900109,42,528,-486
115900110,0,20,-20
115900111,2,74,-72
115900112,40,1326,-1286
115900113,16,25,-9
115900114,5,226,-221
115900115,31,166,-135
115900116,47,1356,-1309
115900117,43,35,8
115900118,8,465,-457
115900119,157,103,54
115900120,24,496,-472
115900121,87,338,-251
115900124,134,382,-248
115900125,209,29,180
115900126,381,65,316
115900127,370,48,322
115900128,6,111,-105
115900129,459,37,422
115900130,26,207,-181
115900131,99,31,68
115900132,294,5,289
115900134,262,8,254
115900135,619,659,-40
115900137,17,2,15
115900139,66,38,28
115900140,127,16,111
115900141,2,38,-36
115900142,12,12,0
115900143,148,386,-238
115900144,56,254,-198
115900146,3,217,-214
115900147,285,198,87
115900148,4,3,1
115900149,47,30,17
115900150,34,124,-90
115900151,14,65,-51
115900152,92,609,-517
115900153,78,326,-248
115900154,929,289,640
115900155,1,134,-133
115900156,433,697,-264
115900157,72,482,-410
115900158,60,6,54
115900159,76,328,-252
115900160,5,4,1
115900161,38,245,-207
115900163,84,169,-85
115900164,259,98,161
115900166,176,359,-183
115900168,65,167,-102
115900171,75,582,-507
115900172,31,140,-109
115900173,185,145,40
115900174,387,232,155
115900175,63,247,-184
115900178,7,1179,-1172
115900179,150,13,137
115900180,52,596,-544
115900181,84,374,-290
115900182,255,398,-143
115900183,64,17,47
115900184,1526,12,1514
115900187,14,148,-134
115900189,0,117,-117
115900190,211,888,-677
115900191,82,634,-552
115900192,13,85,-72
115900193,71,107,-36
115900194,319,55,264
115900195,540,841,-301
115900198,166,323,-157
115900199,161,351,-190
115900200,239,463,-224
115900201,249,232,17
115900202,0,5,-5
115900203,5,7,-2
115900204,0,2,-2
115900205,41,8,33
115900206,99,158,-59
115900207,17,30,-13
115900208,114,560,-446
115900209,0,235,-235
115900210,0,141,-141
115900211,6,266,-260
115900212,110,309,-199
115900213,77,39,38
115900214,241,383,-142
115900215,27,65,-38
115900216,8,87,-79
115900217,4,127,-123
115900218,1,59,-58
115900219,47,6,41
115900220,63,2,61
115900221,25,11,14
115900222,46,19,27
115900223,9,129,-120
115900224,2369,487,1882
115900225,82,63,19
115900226,13,73,-60
115900227,18,82,-64
115900228,6,52,-46
115900229,5,65,-60
115900230,44,128,-84
115900231,64,12,52
115900232,51,1,50
115900233,41,5,36
115900234,26,31,-5
115900235,23,26,-3
115900236,34,4,30
115900237,14,51,-37
115900238,23,36,-13
115900239,13,56,-43
115900240,11,65,-54
115900241,120,74,46
115900242,310,250,60
115900243,6,9,-3
115900244,2,24,-22
115900245,48,30,18
115900246,8,2,6
115900247,13,17,-4
115900248,6,3,3
115900249,6,9,-3
115900250,0,11,-11
115900251,1,15,-14
115900252,0,1,-1
115900253,7,10,-3
115900254,19,19,0
115900255,3,16,-13
115900256,19,37,-18
115900257,0,2,-2
115900258,0,0,0
115900259,0,1,-1
115900260,6,4,2
115900261,5,1,4
115900262,2,3,-1
115900263,5,4,1
115900264,1,2,-1
115900265,3,7,-4
115900266,4,6,-2
115900267,5,10,-5
115900268,2,3,-1
115900269,205,412,-207
115900270,197,1126,-929
115900271,40,0,40
115900272,49,3,46
115900273,4,6,-2
115900274,3,36,-33
115900275,2,54,-52
115900276,0,158,-158
115900277,2,249,-247
115900278,15,163,-148
115900279,3,155,-152
115900280,14,236,-222
115900281,813,127,686
115900282,30,8,22
115900283,5,8,-3
115900284,4,15,-11
116000001,17040,6037,11003
116000002,3639,6213,-2574
116000003,1457,2246,-789
116000004,2608,2101,507
116000005,3066,4211,-1145
116000006,2090,1187,903
116000007,3314,5079,-1765
116000008,1850,1616,234
116000009,1813,3188,-1375
116000010,1287,960,327
116000011,959,2377,-1418
116000012,691,666,25
116000013,21342,4933,16409
116000014,24318,10043,14275
116000015,625,903,-278
116000016,9892,2536,7356
116000017,41,559,-518
116000018,797,588,209
116000019,415,289,126
116000020,473,1616,-1143
116000021,385,347,38
116000022,229,678,-449
116000023,666,539,127
116000024,659,1775,-1116
116000025,522,451,71
116000026,1523,2266,-743
116000027,414,601,-187
116000028,444,641,-197
116000029,880,543,337
116000030,498,428,70
116000031,115,216,-101
116000032,409,296,113
116000033,312,671,-359
116000034,609,1036,-427
116000035,375,500,-125
116000036,2363,715,1648
116000037,901,666,235
116000038,849,437,412
116000039,826,268,558
116000040,1706,269,1437
116000041,273,523,-250
116000042,512,225,287
116000043,49,499,-450
116000044,21,191,-170
116000045,1738,1302,436
116000046,1252,1137,115
116000047,2120,1877,243
116000048,2001,1831,170
116000049,991,2081,-1090
116000050,1205,1289,-84
116000051,3717,1790,1927
116000052,3484,3735,-251
116000053,1363,1261,102
116000054,633,2028,-1395
116000055,477,1347,-870
116000056,527,1215,-688
116000057,2610,2134,476
116000058,2706,1656,1050
116000059,2242,4161,-1919
116000060,3067,1108,1959
116000061,695,754,-59
116000062,989,500,489
116000063,534,1066,-532
116000066,218,548,-330
116000067,257,781,-524
116000068,213,285,-72
116000069,277,423,-146
116000078,307,1098,-791
116000080,1151,1095,56
116000082,3,108,-105
116000083,975,392,583
116000084,2704,4601,-1897
116000085,1496,1281,215
116000086,3663,1802,1861
116000087,1053,1279,-226
116000088,800,1309,-509
116000089,153,162,-9
116000090,151,218,-67
116000091,162,141,21
116000093,427,1074,-647
116000094,309,817,-508
116000095,401,1102,-701
116000096,559,1137,-578
116000097,430,1121,-691
116000098,421,3755,-3334
116000099,13826,492,13334
116000100,92,11,81
116000101,383,2357,-1974
116000102,173,2043,-1870
116000103,316,246,70
116000104,120,2458,-2338
116000105,695,206,489
116000106,321,2091,-1770
116000107,1128,576,552
116000108,112,267,-155
116000111,84,33,51
116000113,43,70,-27
116000114,27,144,-117
116000115,111,135,-24
116000116,225,655,-430
116000117,1028,2559,-1531
116000118,1082,1900,-818
116000119,1714,2067,-353
116000120,2407,5233,-2826
116000121,498,501,-3
116000122,1448,3196,-1748
116000123,416,541,-125
116000124,286,1339,-1053
116000125,1673,763,910
116000126,195,1638,-1443
116000127,1139,2035,-896
116000128,1141,853,288
116000129,676,195,481
116000130,346,283,63
116000133,354,1357,-1003
116000134,1334,3924,-2590
116000135,1242,1509,-267
116000136,933,3307,-2374
116000137,578,663,-85
116000138,873,419,454
116000139,1519,2761,-1242
116000140,158,359,-201
116000141,476,1610,-1134
116000142,4467,4834,-367
116000143,1809,1652,157
116000144,1063,3496,-2433
116000145,1306,1785,-479
116000146,258,548,-290
116000147,349,136,213
116000148,395,428,-33
116000149,345,624,-279
116000151,603,1402,-799
116000153,86,872,-786
116000155,327,307,20
116000156,380,1491,-1111
116000157,35,51,-16
116000158,371,335,36
116000159,35,12,23
116000160,21,187,-166
116000161,4,142,-138
116000162,46,73,-27
116000163,27,13,14
116000164,6,19,-13
116000177,138,122,16
116000194,72,362,-290
116000195,1979,747,1232
116000196,3,11,-8
116000197,8,22,-14
116000198,2460,1093,1367
116000200,912,221,691
116000201,624,760,-136
116000202,5,452,-447
116000203,7,103,-96
116000204,13,55,-42
116000205,1,179,-178
116000206,1,130,-129
116000207,1,38,-37
116000233,148,1215,-1067
116000287,81,752,-671
116000288,108,371,-263
116000292,43,197,-154
116000296,15,308,-293
116000297,63,12,51
116000304,39,45,-6
116000305,25,138,-113
116000346,178,208,-30
116000352,53,67,-14
116000354,36,24,12
116000357,9,19,-10
116000358,147,36,111
116000361,1130,7,1123
116000372,13197,2827,10370
116000381,78,1,77
116000388,2,26,-24
116000389,468,729,-261
116000445,218,819,-601
116000446,311,1834,-1523
116000447,9,535,-526
116000448,661,394,267
116000563,832,736,96
116000565,131,420,-289
116000568,38,191,-153
116000579,23,132,-109
116000583,83,122,-39
116000584,25,13,12
116000585,25,25,0
116000586,266,147,119
116000587,400,551,-151
116000589,51,91,-40
116000590,46,59,-13
116000591,134,371,-237
116000592,7,172,-165
116000593,0,145,-145
116000594,337,643,-306
116000595,428,204,224
116000596,94,7,87
116000597,196,75,121
116000598,20,252,-232
116000605,323,213,110
116000606,48,176,-128
116000607,2,84,-82
116000609,308,584,-276
116000611,117,710,-593
116000612,519,1895,-1376
116000613,377,454,-77
116000614,469,1155,-686
116000615,1,178,-177
116000616,31,166,-135
116000617,67,162,-95
116000618,2,290,-288
116000619,9,41,-32
116000620,32,43,-11
116000621,32,80,-48
116000622,48,200,-152
116000624,78,97,-19
116000627,48,275,-227
116000628,54,1429,-1375
116000629,34,871,-837
116000630,169,84,85
116000631,68,82,-14
116000632,276,312,-36
116000633,93,694,-601
116000634,197,376,-179
116000635,3609,1750,1859
116000636,2435,1142,1293
116000637,264,134,130
116000638,88,906,-818
116000639,39,2,37
116000640,11,12,-1
116000641,63,260,-197
116000643,4,303,-299
116000644,19,1490,-1471
116000645,10,60,-50
116900001,187,180,7
116900002,326,7,319
116900003,16,112,-96
116900004,36,48,-12
116900005,201,61,140
116900006,250,142,108
116900007,113,244,-131
116900008,229,717,-488
116900009,21,7,14
116900010,5,2738,-2733
116900011,7,45,-38
116900012,108,233,-125
116900013,3,224,-221
116900014,97,499,-402
116900016,102,0,102
116900017,7,1025,-1018
116900018,46,41,5
116900019,0,579,-579
116900020,2148,410,1738
116900023,41,15,26
116900025,491,1468,-977
116900026,231,1019,-788
116900027,38,67,-29
116900028,0,201,-201
116900029,1,16,-15
116900031,0,27,-27
116900032,4,582,-578
116900033,5,6,-1
116900034,1,106,-105
116900035,115,345,-230
116900036,1,125,-124
116900038,9,4,5
116900041,21,21,0
116900042,1316,249,1067
116900043,11,124,-113
116900047,175,68,107
116900049,47,363,-316
116900050,82,724,-642
116900051,56,423,-367
116900052,150,85,65
116900055,1,7,-6
116900057,16,441,-425
116900058,34,678,-644
116900059,2,276,-274
116900060,281,383,-102
116900062,0,11,-11
116900064,41,1462,-1421
116900065,14,197,-183
116900067,88,194,-106
116900068,98,294,-196
116900070,1,4,-3
116900072,20,648,-628
116900073,14,332,-318
116900074,12,52,-40
116900076,12,47,-35
116900077,5,387,-382
116900078,296,164,132
116900079,18,703,-685
116900080,5,15,-10
116900081,285,2180,-1895
116900082,192,932,-740
116900083,57,114,-57
116900084,225,65,160
116900085,22,235,-213
116900086,44,401,-357
116900088,421,107,314
116900090,147,77,70
116900091,123,60,63
116900092,61,1263,-1202
116900093,1604,2302,-698
116900094,6431,2608,3823
116900095,367,335,32
116900096,104,227,-123
116900097,6063,2220,3843
116900098,913,312,601
116900099,597,569,28
116900100,588,43,545
116900101,223,788,-565
116900103,0,0,0
116900104,34,94,-60
116900105,218,83,135
116900106,1010,304,706
116900107,5769,1442,4327
116900110,10,0,10
116900111,275,1538,-1263
116900112,136,1674,-1538
116900113,4482,1037,3445
116900116,185,304,-119
116900117,31,87,-56
116900118,1239,810,429
116900120,130,218,-88
116900121,20,87,-67
116900122,322,1120,-798
116900123,83,1372,-1289
116900124,136,1511,-1375
116900125,183,331,-148
116900126,403,695,-292
116900128,1,45,-44
116900129,3,383,-380
116900130,1378,2101,-723
116900131,84,219,-135
116900132,37,74,-37
116900133,85,104,-19
116900134,158,215,-57
116900136,106,198,-92
116900137,308,228,80
116900138,95,273,-178
116900139,89,462,-373
116900140,94,174,-80
116900141,466,329,137
116900142,2,55,-53
116900143,192,542,-350
116900144,5,52,-47
116900145,107,467,-360
116900147,789,332,457
116900148,9,53,-44
116900149,16,149,-133
116900150,24,5,19
116900151,55,11,44
116900153,71,64,7
116900154,494,365,129
116900155,99,49,50
116900157,361,485,-124
116900158,213,157,56
116900159,41,321,-280
116900160,487,186,301
116900161,11213,4183,7030
116900162,8,221,-213
116900163,93,237,-144
116900164,90,59,31
116900165,175,112,63
116900166,15,122,-107
116900167,326,83,243
116900168,175,124,51
116900169,948,246,702
116900170,151,232,-81
116900171,26,276,-250
116900172,321,139,182
116900173,89,64,25
116900174,17,27,-10
116900175,189,100,89
116900178,28,246,-218
116900179,75,127,-52
116900180,86,41,45
116900182,317,239,78
116900183,91,117,-26
116900185,18,24,-6
116900186,73,435,-362
116900187,29,28,1
116900188,98,30,68
116900189,24,0,24
116900191,355,418,-63
116900192,111,315,-204
116900194,88,602,-514
116900195,50,10,40
116900196,23,147,-124
116900197,60,3,57
116900198,293,180,113
116900200,39,47,-8
116900201,42,8,34
116900202,114,67,47
116900203,62,6,56
116900204,51,82,-31
116900206,6,56,-50
116900207,53,35,18
116900208,11,176,-165
116900209,23,191,-168
116900210,308,222,86
116900211,210,9,201
116900212,20,143,-123
116900213,139,327,-188
116900214,144,153,-9
116900215,42,140,-98
116900216,275,303,-28
116900218,5,446,-441
116900219,843,336,507
116900220,89,188,-99
116900221,49,257,-208
116900222,358,292,66
116900223,94,193,-99
116900226,46,75,-29
116900227,101,73,28
116900228,196,314,-118
116900230,80,1389,-1309
116900233,404,242,162
116900234,12,4,8
116900235,147,371,-224
116900238,1612,593,1019
116900239,70,689,-619
116900240,8946,3032,5914
116900241,39,229,-190
116900242,2038,342,1696
116900243,4,59,-55
116900245,24,12,12
116900246,47,21,26
116900247,344,8,336
116900248,38,30,8
116900249,151,155,-4
116900250,198,39,159
116900251,559,223,336
116900252,66,1529,-1463
116900254,10,111,-101
116900255,82,39,43
116900256,157,107,50
116900257,8,1031,-1023
116900258,3,429,-426
116900259,84,8,76
116900260,0,170,-170
116900261,44,0,44
116900262,82,166,-84
116900263,0,18,-18
116900264,64,38,26
116900265,36,0,36
116900266,30,149,-119
116900267,3,1,2
116900268,48,2,46
116900269,295,584,-289
116900271,1371,89,1282
116900272,633,903,-270
116900273,481,56,425
116900274,66,116,-50
116900275,73,230,-157
116900276,748,66,682
116900277,725,17,708
116900278,0,15,-15
116900279,1,34,-33
116900280,10,57,-47
116900281,9294,2380,6914
116900282,14,244,-230
116900283,19,285,-266
116900284,19,299,-280
116900285,557,360,197
116900286,254,19,235
116900287,5,140,-135
116900288,42,219,-177
116900289,8,60,-52
116900290,3,67,-64
116900291,7,12,-5
116900292,0,22,-22
116900293,24,124,-100
116900294,40,198,-158
116900295,338,51,287
116900296,123,118,5
116900297,15,118,-103
116900298,208,71,137
116900299,86,49,37
116900300,2,124,-122
116900301,103,160,-57
116900302,83,33,50
116900303,474,51,423
116900304,0,220,-220
116900305,67,107,-40
116900306,70,402,-332
116900307,44,3,41
116900308,1,403,-402
116900309,33,169,-136
116900310,12,60,-48
117000001,1661,1442,219
117000002,2470,5667,-3197
117000003,8486,2773,5713
117000004,5605,7538,-1933
117000005,1925,1419,506
117000006,1303,6533,-5230
117000007,2667,1251,1416
117000008,1643,7021,-5378
117000009,4044,1825,2219
117000010,3293,6713,-3420
117000011,1442,2329,-887
117000012,1389,2471,-1082
117000013,1419,1576,-157
117000014,1185,3492,-2307
117000015,3614,1352,2262
117000016,1062,55,1007
117000017,687,261,426
117000018,234,361,-127
117000019,341,13,328
117000020,931,978,-47
117000021,4138,810,3328
117000022,887,67,820
117000023,1242,188,1054
117000024,952,127,825
117000025,1934,504,1430
117000026,5816,899,4917
117000027,2689,1710,979
117000028,3858,971,2887
117000030,935,970,-35
117000031,445,358,87
117000032,2344,1613,731
117000033,1529,1053,476
117000034,420,624,-204
117000035,332,306,26
117000036,585,601,-16
117000037,457,271,186
117000038,476,856,-380
117000039,497,352,145
117000040,162,1966,-1804
117000041,421,162,259
117000044,44,2017,-1973
117000045,401,78,323
117000046,629,1176,-547
117000047,874,554,320
117000048,2984,2605,379
117000049,153,486,-333
117000050,171,3826,-3655
117000051,1580,205,1375
117000052,23,862,-839
117000053,189,122,67
117000054,1200,6,1194
117000055,206,5370,-5164
117000056,435,42,393
117000057,736,3147,-2411
117000060,484,2235,-1751
117000061,1644,1201,443
117000062,241,721,-480
117000063,1901,865,1036
117000064,1199,1415,-216
117000066,1222,966,256
117000067,263,335,-72
117000074,196,275,-79
117000076,106,84,22
117000077,143,114,29
117000078,151,1062,-911
117000079,314,159,155
117000080,0,532,-532
117000081,819,159,660
117000082,48,67,-19
117000083,113,8,105
117000084,379,2,377
117000085,225,592,-367
117000086,1166,906,260
117000087,172,718,-546
117000088,317,244,73
117000089,1378,382,996
117000090,383,2083,-1700
117000091,543,394,149
117000092,393,2614,-2221
117000093,843,848,-5
117000094,1115,3838,-2723
117000095,2278,963,1315
117000096,653,3815,-3162
117000097,1009,1311,-302
117000098,3382,7883,-4501
117000099,2434,1077,1357
117000100,274,221,53
117000101,254,1762,-1508
117000102,1467,699,768
117000103,968,2859,-1891
117000104,1216,674,542
117000105,1068,2698,-1630
117000106,1158,1045,113
117000107,642,2868,-2226
117000108,1571,1079,492
117000109,2179,3651,-1472
117000110,1246,909,337
117000111,4165,6485,-2320
117000112,2441,2627,-186
117000113,119,612,-493
117000114,198,273,-75
117000115,117,275,-158
117000116,128,353,-225
117000117,1825,581,1244
117000118,560,193,367
117000119,573,93,480
117000120,630,261,369
117000121,153,898,-745
117000122,730,1372,-642
117000123,2500,40,2460
117000124,849,55,794
117000125,892,75,817
117000126,121,58,63
117000127,315,455,-140
117000128,742,752,-10
117000129,1225,433,792
117000130,148,24,124
117000131,0,426,-426
117000132,1183,21,1162
117000133,705,230,475
117000134,0,81,-81
117000135,8,19,-11
117000136,0,66,-66
117000137,96,87,9
117000138,4,868,-864
117000140,789,2576,-1787
117000141,1857,763,1094
117000181,1610,709,901
117000182,319,233,86
117000195,174,1756,-1582
117000196,117,54,63
117000225,406,8,398
117000226,15,184,-169
117000276,144,4,140
117000277,4,996,-992
117000310,2725,3730,-1005
117000315,58,1521,-1463
117000320,124,0,124
117000906,171,25,146
117000907,15,763,-748
117000909,89,36,53
117000910,140,144,-4
117000911,153,276,-123
117000915,15,1099,-1084
117000916,15,3,12
117000917,494,13,481
117000918,81,196,-115
117000919,6,240,-234
117000920,5,2233,-2228
117000921,9,2930,-2921
117000922,146,195,-49
117000924,494,721,-227
117000926,1565,94,1471
117000927,1722,538,1184
117000928,2,477,-475
117000929,125,1183,-1058
117000930,163,34,129
117000931,520,138,382
117900002,296,567,-271
117900003,916,474,442
117900005,17,26,-9
117900006,0,58,-58
117900007,152,225,-73
117900008,0,91,-91
117900010,401,133,268
117900011,55,17,38
117900012,83,273,-190
117900013,4,591,-587
117900014,1410,412,998
117900015,66,322,-256
117900016,2281,490,1791
117900017,1028,836,192
117900018,376,60,316
117900019,289,867,-578
117900020,59,260,-201
117900021,45,179,-134
117900023,823,339,484
117900024,76,245,-169
117900025,19,3,16
117900026,328,897,-569
117900028,118,6,112
117900029,143,1780,-1637
117900030,331,211,120
117900031,320,249,71
117900032,485,497,-12
117900033,258,1447,-1189
117900034,115,106,9
117900035,124,38,86
117900036,212,1121,-909
117900037,60,129,-69
117900038,25,557,-532
117900039,4,145,-141
117900040,82,926,-844
117900041,2,103,-101
117900042,5998,621,5377
117900043,58,109,-51
117900044,18,5013,-4995
117900045,224,162,62
117900048,185,406,-221
117900049,175,1320,-1145
117900050,8,82,-74
117900051,44,3,41
117900052,54,320,-266
117900053,941,907,34
117900054,1,35,-34
117900055,198,438,-240
117900056,318,52,266
117900057,959,1645,-686
117900058,125,14,111
117900059,543,91,452
117900060,1076,7372,-6296
117900061,18,282,-264
117900063,296,349,-53
117900065,791,1451,-660
117900066,11,52,-41
117900067,345,460,-115
117900069,593,713,-120
117900070,383,4,379
117900071,110,227,-117
117900073,311,641,-330
117900074,294,20,274
117900075,114,114,0
117900076,22,84,-62
117900077,149,108,41
117900078,186,462,-276
117900080,297,60,237
117900081,592,555,37
117900082,270,302,-32
117900083,275,1149,-874
117900086,192,58,134
117900087,63,75,-12
117900088,3106,2617,489
117900089,1288,426,862
117900090,665,1627,-962
117900091,256,217,39
117900092,48,66,-18
117900093,24,105,-81
117900094,19,10,9
117900095,489,1320,-831
117900096,55,333,-278
117900097,82,97,-15
117900098,19,8,11
117900099,156,608,-452
117900100,123,0,123
117900101,476,1154,-678
117900102,49,60,-11
117900103,15,6,9
117900104,26,183,-157
117900105,147,408,-261
117900106,83,64,19
117900107,20,0,20
117900109,351,313,38
117900110,28,0,28
117900111,255,9,246
117900112,48,9,39
117900113,6586,2222,4364
117900114,6,0,6
117900115,435,68,367
117900116,1092,1373,-281
117900117,327,419,-92
117900118,21,0,21
117900119,89,418,-329
117900120,83,274,-191
117900121,62,23,39
117900122,1405,1806,-401
117900123,981,1202,-221
117900124,608,763,-155
117900125,1384,1267,117
117900126,334,905,-571
117900127,482,1079,-597
117900128,216,1564,-1348
117900129,38,0,38
117900130,805,584,221
117900131,2,121,-119
117900132,12,108,-96
117900133,6,202,-196
117900134,22,256,-234
117900135,44,305,-261
117900136,0,66,-66
117900137,22,432,-410
117900138,1,68,-67
117900139,43,209,-166
117900140,7595,654,6941
117900141,407,453,-46
117900142,218,16,202
117900144,175,139,36
117900145,84,8,76
117900146,461,335,126
117900147,91,111,-20
117900148,3837,1040,2797
117900149,33,208,-175
117900150,53,129,-76
117900151,48,247,-199
117900152,126,114,12
117900153,31,169,-138
117900154,445,1148,-703
117900156,1104,1337,-233
117900157,75,595,-520
117900158,119,85,34
117900160,412,363,49
117900161,2768,3211,-443
117900162,319,639,-320
117900163,264,34,230
117900165,0,9,-9
117900166,96,293,-197
117900168,71,236,-165
117900169,1,158,-157
117900170,1,64,-63
117900171,4,22,-18
117900172,10,42,-32
117900173,156,67,89
117900174,24,55,-31
117900175,3,45,-42
117900176,5,44,-39
117900177,11,102,-91
117900178,77,37,40
117900180,308,33,275
117900181,226,280,-54
117900182,3,23,-20
117900183,36,168,-132
117900184,5,35,-30
117900185,8,35,-27
117900186,40,15,25
117900187,7,11,-4
117900188,159,37,122
117900189,60,23,37
117900190,9,3,6
117900191,51,0,51
117900192,134,1,133
117900193,28,44,-16
117900194,12,7,5
117900195,23,38,-15
117900196,29,24,5
117900207,186,95,91
117900208,22,30,-8
117900209,198,188,10
117900210,147,229,-82
117900211,7,298,-291
117900212,83,220,-137
117900213,15,8,7
117900214,0,46,-46
117900215,42,104,-62
117900216,44,45,-1
117900217,171,93,78
117900218,386,327,59
117900219,16,37,-21
117900220,278,64,214
117900222,161,347,-186
117900223,188,297,-109
118000001,787,619,168
118000002,1225,1970,-745
118000003,3194,1804,1390
118000004,3220,1916,1304
118000005,5152,3510,1642
118000006,6732,8147,-1415
118000007,6972,2262,4710
118000008,5374,2809,2565
118000009,2837,2620,217
118000010,2781,3986,-1205
118000011,814,3411,-2597
118000012,1067,3681,-2614
118000013,3864,3556,308
118000014,1978,4292,-2314
118000016,213,465,-252
118000017,213,364,-151
118000018,239,653,-414
118000019,2061,1431,630
118000020,1211,1556,-345
118000021,747,2088,-1341
118000022,1633,741,892
118000023,957,324,633
118000024,1436,852,584
118000027,17410,8618,8792
118000029,1041,701,340
118000032,1711,3192,-1481
118000033,2391,2719,-328
118000034,4990,2037,2953
118000035,1299,1890,-591
118000036,1327,991,336
118000037,682,1067,-385
118000038,81,180,-99
118000039,87,645,-558
118000040,1272,2819,-1547
118000041,1853,1776,77
118000045,593,97,496
118000046,2629,428,2201
118000047,2573,566,2007
118000048,3991,1132,2859
118000051,2133,849,1284
118000052,1555,511,1044
118000053,984,481,503
118000054,1696,1705,-9
118000055,1237,2112,-875
118000056,166,338,-172
118000057,135,413,-278
118000058,3741,1347,2394
118000059,2667,736,1931
118000060,743,739,4
118000061,575,1566,-991
118000062,535,345,190
118000063,349,375,-26
118000064,1009,1324,-315
118000065,4954,1820,3134
118000066,1017,1391,-374
118000067,1194,694,500
118000068,1655,3692,-2037
118000069,3267,1138,2129
118000070,7726,1633,6093
118000071,3538,5715,-2177
118000072,2412,883,1529
118000073,2522,427,2095
118000074,462,669,-207
118000075,530,304,226
118000076,1595,1252,343
118000077,1322,1266,56
118000078,2136,1672,464
118000079,293,330,-37
118000080,1307,1060,247
118000081,2132,887,1245
118000082,343,807,-464
118000083,2366,1224,1142
118000084,2701,1497,1204
118000086,211,524,-313
118000087,7199,2725,4474
118000088,1835,2122,-287
118000089,4971,2515,2456
118000090,2502,2966,-464
118000091,2013,2202,-189
118000092,1475,510,965
118000093,136,738,-602
118000096,462,623,-161
118000097,721,743,-22
118000098,302,212,90
118000099,366,1020,-654
118000101,690,344,346
118000102,255,1595,-1340
118000107,5367,563,4804
118000108,681,1604,-923
118000110,0,35,-35
118000111,5,1148,-1143
118000112,301,4,297
118000113,9,1787,-1778
118000114,237,10,227
118000115,18,20,-2
118000116,69,1,68
118000117,1503,1318,185
118000118,979,630,349
118000119,678,1197,-519
118000120,1684,1847,-163
118000121,136,619,-483
118000122,1462,317,1145
118000123,86,338,-252
118000125,2351,1389,962
118000126,880,1272,-392
118000127,2327,681,1646
118000128,892,1444,-552
118000129,1043,301,742
118000130,3100,4469,-1369
118000131,798,1282,-484
118000132,2022,1520,502
118000133,797,512,285
118000135,657,330,327
118000136,151,713,-562
118000137,1016,131,885
118000138,320,1225,-905
118000139,254,158,96
118000140,2278,3435,-1157
118000141,1427,2256,-829
118000142,1161,2299,-1138
118000143,1377,1199,178
118000144,1491,1055,436
118000145,1305,2929,-1624
118000146,892,1367,-475
118000147,603,1895,-1292
118000148,406,1903,-1497
118000149,732,1693,-961
118000150,252,459,-207
118000151,235,435,-200
118000153,814,1457,-643
118000154,824,2150,-1326
118000155,848,1703,-855
118000156,2748,2680,68
118000157,484,542,-58
118000158,163,455,-292
118000159,20,95,-75
118000160,384,520,-136
118000161,370,875,-505
118000162,870,1081,-211
118000163,509,830,-321
118000164,2636,1658,978
118000168,1774,306,1468
118000169,964,1858,-894
118000170,3554,7471,-3917
118000171,178,845,-667
118000172,136,346,-210
118000173,968,1318,-350
118000175,175,414,-239
118000176,209,380,-171
118000177,185,562,-377
118000178,236,49,187
118000179,1705,939,766
118000180,665,833,-168
118000181,737,318,419
118000182,348,300,48
118000183,228,345,-117
118000184,588,1255,-667
118000185,988,845,143
118000186,509,683,-174
118000187,979,777,202
118000188,607,304,303
118000189,318,1070,-752
118000190,18,23,-5
118000191,15,61,-46
118000192,154,141,13
118000193,94,290,-196
118000194,2563,1156,1407
118000195,923,633,290
118000196,621,126,495
118000197,235,111,124
118000198,620,381,239
118000199,932,341,591
118000200,62,271,-209
118000201,550,463,87
118000202,45,55,-10
118000203,1457,338,1119
118000204,196,326,-130
118000205,694,458,236
118000206,222,240,-18
118000207,0,195,-195
118000208,843,1735,-892
118000209,1519,2450,-931
118000210,19,47,-28
118000211,28,49,-21
118000213,1041,1057,-16
118000214,735,537,198
118000215,154,339,-185
118000216,1392,4015,-2623
118000217,28,145,-117
118000218,68,141,-73
118000219,403,507,-104
118000220,1,31,-30
118000221,104,297,-193
118000222,74,29,45
118000223,33,32,1
118000224,362,87,275
118000225,122,1541,-1419
118000226,857,197,660
118000227,1122,378,744
118000228,112,160,-48
118000229,324,52,272
118000230,100,291,-191
118000231,62,293,-231
118000232,560,1161,-601
118000233,704,990,-286
118000234,232,351,-119
118000236,308,586,-278
118000237,66,755,-689
118000238,195,551,-356
118000239,216,349,-133
118000240,614,91,523
118000241,78,379,-301
118000242,196,841,-645
118000243,134,285,-151
118000244,22,224,-202
118000246,0,10,-10
118000255,37,203,-166
118000256,95,226,-131
118000259,4,48,-44
118000260,85,172,-87
118000261,35,149,-114
118000263,57,342,-285
118000266,99,566,-467
118000267,0,81,-81
118000268,515,1,514
118000270,40,39,1
118000271,254,426,-172
118000272,45,30,15
118000273,57,106,-49
118000274,95,453,-358
118000276,231,423,-192
118000295,11,73,-62
118000298,99,468,-369
118000299,62,217,-155
118000301,2,60,-58
118000302,93,115,-22
118000311,211,137,74
118000312,198,231,-33
118000313,32,215,-183
118000314,60,133,-73
118000315,14,82,-68
118000316,417,830,-413
118000325,25,85,-60
118000326,20,42,-22
118000331,7,49,-42
118000332,30,40,-10
118000333,27,85,-58
118000335,142,1,141
118000336,1,504,-503
118000407,73,99,-26
118000457,12,44,-32
118000465,3871,3125,746
118000480,38,212,-174
118000489,69,190,-121
118000490,62,598,-536
118000492,209,317,-108
118000510,67,9,58
118000514,227,506,-279
118000515,711,601,110
118000517,436,225,211
118000524,738,244,494
118000525,749,904,-155
118000530,17,114,-97
118000531,194,429,-235
118000532,146,338,-192
118000533,498,177,321
118000534,549,385,164
118000535,196,172,24
118000536,949,1040,-91
118000537,32,82,-50
118000538,43,194,-151
118000539,3,53,-50
118000540,306,248,58
118000541,210,152,58
118000542,95,207,-112
118000543,260,274,-14
118000546,32,24,8
118000553,0,0,0
118000560,3693,1083,2610
118000562,17,623,-606
118000563,2171,1496,675
118000576,145,213,-68
118000577,299,307,-8
118000578,149,140,9
118000579,1159,1217,-58
118000583,0,0,0
118000595,123,80,43
118000596,0,105,-105
118000597,209,233,-24
118000598,7,0,7
118000599,17,87,-70
118000600,2,19,-17
118000601,4,0,4
118000602,1,22,-21
118000603,1,87,-86
118000605,56,1123,-1067
118000606,28,49,-21
118900001,1573,930,643
118900002,1211,646,565
118900003,158,13,145
118900004,33,97,-64
118900005,57,0,57
118900006,49,1,48
118900007,13,5,8
118900008,1197,53,1144
118900009,14,22,-8
118900010,48,1,47
118900011,121,23,98
118900012,368,281,87
118900013,961,48,913
118900015,160,40,120
118900016,3,57,-54
118900017,200,207,-7
118900018,1491,22,1469
118900019,45,17,28
118900020,182,129,53
118900021,148,442,-294
118900022,123,121,2
118900023,111,158,-47
118900024,66,295,-229
118900025,60,26,34
118900026,32,103,-71
118900027,655,327,328
118900028,92,201,-109
118900029,152,643,-491
118900030,165,90,75
118900031,137,176,-39
118900032,141,260,-119
118900033,423,992,-569
118900034,79,13,66
118900035,134,384,-250
118900036,689,1002,-313
118900037,416,331,85
118900038,329,456,-127
118900039,337,298,39
118900040,144,243,-99
118900041,267,339,-72
118900042,169,139,30
118900045,208,243,-35
118900046,745,271,474
118900047,1070,351,719
118900048,323,236,87
118900049,56,33,23
118900050,12,231,-219
118900051,151,100,51
118900052,220,324,-104
118900053,33,98,-65
118900054,100,148,-48
118900055,27,143,-116
118900056,153,266,-113
118900057,458,356,102
118900058,309,535,-226
118900059,23,85,-62
118900060,32,247,-215
118900062,84,230,-146
118900064,636,516,120
118900065,32,160,-128
118900066,60,167,-107
118900067,6390,2364,4026
118900068,3,418,-415
118900069,348,425,-77
118900071,3,74,-71
118900072,453,520,-67
118900073,78,158,-80
118900074,98,244,-146
118900075,20,79,-59
118900076,206,80,126
118900077,96,184,-88
118900078,38,12,26
118900079,58,201,-143
118900080,9,77,-68
118900081,61,21,40
118900082,455,225,230
118900083,3,11,-8
118900084,19,21,-2
118900085,477,1055,-578
118900086,23,86,-63
118900087,15,187,-172
118900088,0,17,-17
118900089,31,12,19
118900090,335,488,-153
118900091,203,172,31
118900092,82,123,-41
118900093,136,12,124
118900096,122,151,-29
118900097,186,959,-773
118900099,56,445,-389
118900100,177,269,-92
118900101,35,606,-571
118900102,24,89,-65
118900103,42,83,-41
118900104,31,43,-12
118900105,170,191,-21
118900107,192,143,49
118900108,63,125,-62
118900110,1925,646,1279
118900111,261,865,-604
118900112,76,150,-74
118900113,98,912,-814
118900114,11,116,-105
118900115,59,426,-367
118900116,89,193,-104
118900117,77,224,-147
118900118,253,688,-435
118900119,125,377,-252
118900120,86,289,-203
118900121,15,408,-393
118900122,9,638,-629
118900123,146,275,-129
118900124,70,227,-157
118900126,17,275,-258
118900129,331,196,135
118900130,78,148,-70
118900131,90,338,-248
118900132,307,189,118
118900133,20,90,-70
118900135,108,225,-117
118900136,187,960,-773
118900137,14,24,-10
118900139,122,933,-811
118900140,307,990,-683
118900141,39,444,-405
118900144,125,779,-654
118900145,19,294,-275
118900146,278,1072,-794
118900147,247,123,124
118900148,61,113,-52
118900150,151,530,-379
118900152,364,1136,-772
118900157,165,248,-83
118900158,55,142,-87
118900159,4,308,-304
118900161,114,3,111
118900163,401,77,324
118900164,5,127,-122
118900165,28,255,-227
118900166,48,4,44
118900167,61,183,-122
118900168,4,57,-53
118900169,76,438,-362
118900170,84,203,-119
118900171,15,24,-9
118900174,45,101,-56
118900175,257,371,-114
118900176,84,217,-133
118900177,32,61,-29
118900178,34,118,-84
118900179,1,14,-13
118900181,47,164,-117
118900182,69,57,12
118900183,30,114,-84
118900184,142,33,109
118900185,100,229,-129
118900186,84,115,-31
118900187,143,404,-261
118900188,182,363,-181
118900189,22,536,-514
118900190,8,848,-840
118900191,123,49,74
118900192,141,49,92
118900193,237,15,222
118900195,355,1231,-876
118900196,22,235,-213
118900197,74,149,-75
118900198,6,42,-36
118900199,22,63,-41
118900200,10,16,-6
118900201,9,17,-8
118900202,6,41,-35
118900203,9,66,-57
118900204,7,37,-30
118900205,13,18,-5
118900206,2,41,-39
119000001,1102,1437,-335
119000002,1914,3049,-1135
119000003,1401,2069,-668
119000004,1584,1842,-258
119000005,1921,2451,-530
119000006,1756,1751,5
119000007,2901,3319,-418
119000008,1480,2307,-827
119000009,3420,2904,516
119000010,8865,3880,4985
119000011,5570,2358,3212
119000012,3995,3073,922
119000013,1852,1201,651
119000014,2119,3646,-1527
119000019,177,214,-37
119000020,1137,1427,-290
119000021,2472,2052,420
119000022,4029,1947,2082
119000023,266,220,46
119000024,2296,6543,-4247
119000025,13930,1192,12738
119000026,258,339,-81
119000027,447,336,111
119000028,2326,1374,952
119000029,129,308,-179
119000030,386,1369,-983
119000031,677,726,-49
119000032,2115,2549,-434
119000033,1687,2069,-382
119000034,786,1278,-492
119000035,29,449,-420
119000036,853,1549,-696
119000037,843,2873,-2030
119000038,104,1554,-1450
119000039,151,423,-272
119000040,1412,484,928
119000041,1186,1379,-193
119000048,3613,5209,-1596
119000049,1355,5080,-3725
119000050,1588,3361,-1773
119000051,1723,1099,624
119000052,3069,4202,-1133
119000053,1797,1410,387
119000054,2615,5468,-2853
119000055,2607,4714,-2107
119000056,1637,2623,-986
119000057,1220,3506,-2286
119000058,1598,2868,-1270
119000059,847,2202,-1355
119000060,1006,970,36
119000061,823,964,-141
119000062,809,1275,-466
119000063,451,353,98
119000064,1706,1895,-189
119000065,1752,3310,-1558
119000066,1386,1074,312
119000067,1967,3598,-1631
119000068,1179,1178,1
119000069,1426,3895,-2469
119000070,1624,1440,184
119000071,532,1189,-657
119000072,8310,4408,3902
119000073,4918,5512,-594
119000074,873,5519,-4646
119000075,874,2925,-2051
119000076,378,1054,-676
119000077,520,694,-174
119000078,316,528,-212
119000079,126,1097,-971
119000080,228,409,-181
119000081,159,464,-305
119000082,422,343,79
119000083,396,369,27
119000084,268,727,-459
119000085,777,447,330
119000086,227,391,-164
119000087,2193,1193,1000
119000088,265,245,20
119000089,47,197,-150
119000090,147,189,-42
119000091,146,301,-155
119000092,692,259,433
119000093,4733,4653,80
119000094,1878,6261,-4383
119000095,1347,4220,-2873
119000097,3015,1861,1154
119000098,699,1914,-1215
119000099,2224,2206,18
119000100,2398,2384,14
119000101,2045,2086,-41
119000102,590,686,-96
119000103,1151,489,662
119000104,4401,1776,2625
119000105,761,1260,-499
119000106,225,2989,-2764
119000107,433,591,-158
119000108,252,1922,-1670
119000109,102,293,-191
119000110,358,361,-3
119000111,35,511,-476
119000112,125,85,40
119000113,2076,299,1777
119000114,850,698,152
119000115,208,169,39
119000116,80,116,-36
119000117,129,277,-148
119000118,0,3,-3
119000123,3959,668,3291
119000124,360,327,33
119000125,1855,1366,489
119000126,526,1458,-932
119000127,431,1357,-926
119000128,25,7,18
119000131,610,1442,-832
119000132,3,1,2
119000133,1,7,-6
119000134,3523,660,2863
119000135,74,235,-161
119000136,117,373,-256
119000137,101,691,-590
119000138,153,582,-429
119000139,224,354,-130
119000140,132,335,-203
119000284,1494,3379,-1885
119000285,2846,2542,304
119000286,7329,5586,1743
119000287,1518,2715,-1197
119000288,2079,1967,112
119000289,2612,4696,-2084
119000290,155,720,-565
119000291,12,358,-346
119000293,93,262,-169
119000294,42,27,15
119000295,2968,698,2270
119000296,154,138,16
119000302,5402,1596,3806
119000303,276,219,57
119000304,0,0,0
119000314,1292,6093,-4801
119000315,1,832,-831
119000316,90,202,-112
119000317,63,688,-625
119900001,179,895,-716
119900002,77,341,-264
119900003,74,1648,-1574
119900004,411,572,-161
119900005,99,227,-128
119900006,206,382,-176
119900007,931,111,820
119900008,21,43,-22
119900009,447,662,-215
119900010,724,1214,-490
119900011,9,63,-54
119900012,16,76,-60
119900013,1526,661,865
119900014,446,233,213
119900015,80,25,55
119900016,54,159,-105
119900017,18,58,-40
119900018,1991,445,1546
119900019,23,6,17
119900020,82,153,-71
119900021,96,87,9
119900022,198,321,-123
119900023,1092,731,361
119900025,69,27,42
119900026,1105,97,1008
119900027,12,39,-27
119900028,242,60,182
119900029,0,8,-8
119900030,420,644,-224
119900031,38,239,-201
119900033,1656,196,1460
119900034,275,284,-9
119900037,127,48,79
119900038,79,232,-153
119900039,27,6,21
119900040,57,15,42
119900041,46,54,-8
119900042,56,248,-192
119900043,49,241,-192
119900044,149,449,-300
119900046,60,86,-26
119900047,188,34,154
119900048,81,123,-42
119900049,64,8,56
119900050,82,99,-17
119900051,550,6,544
119900052,29,57,-28
119900053,146,295,-149
119900054,58,5,53
119900055,779,385,394
119900057,91,99,-8
119900058,135,1,134
119900059,116,79,37
119900060,129,12,117
119900061,137,6,131
119900062,27,24,3
119900063,23,53,-30
119900065,180,5,175
119900067,36,31,5
119900068,219,4,215
119900069,63,20,43
119900070,406,10,396
119900071,285,12,273
119900073,2397,538,1859
119900074,17,25,-8
119900075,7839,2192,5647
119900076,272,610,-338
119900077,424,1915,-1491
119900078,363,1305,-942
119900079,401,501,-100
119900080,339,480,-141
119900081,293,210,83
119900082,556,69,487
119900083,313,84,229
119900084,679,294,385
119900085,205,90,115
119900086,272,1575,-1303
119900087,461,362,99
119900088,58,75,-17
119900089,21,893,-872
119900090,189,84,105
119900091,46,1942,-1896
119900092,13,610,-597
119900093,861,169,692
119900094,36,352,-316
119900095,200,131,69
119900096,32,102,-70
119900097,702,201,501
119900098,33,100,-67
119900099,21,338,-317
119900100,3989,1781,2208
119900101,231,1006,-775
119900102,24,482,-458
119900103,12,759,-747
119900104,18,330,-312
119900105,522,1196,-674
119900106,22,365,-343
119900107,402,5811,-5409
119900108,2260,787,1473
119900109,23,478,-455
119900110,419,999,-580
119900111,45,623,-578
119900112,4800,652,4148
119900113,86,729,-643
119900114,153,2479,-2326
119900115,162,2169,-2007
119900116,135,458,-323
119900117,184,1431,-1247
119900118,38,2098,-2060
119900119,188,378,-190
119900120,675,927,-252
119900121,230,2118,-1888
119900122,484,526,-42
119900123,192,321,-129
119900124,127,1536,-1409
119900125,55,602,-547
119900126,6557,289,6268
119900127,4359,1240,3119
119900128,361,1383,-1022
119900129,165,1472,-1307
119900130,49,404,-355
119900131,41,474,-433
119900132,3,784,-781
119900133,22,48,-26
119900134,3517,309,3208
119900135,4,875,-871
119900136,157,768,-611
119900138,465,913,-448
119900139,19,81,-62
119900140,2,233,-231
119900141,194,447,-253
119900142,0,22,-22
119900143,12,271,-259
119900144,3088,293,2795
119900145,67,311,-244
119900146,123,153,-30
119900147,9,158,-149
119900148,121,63,58
119900149,2300,1987,313
119900150,209,243,-34
119900151,1747,772,975
119900152,50,523,-473
119900153,77,77,0
119900154,36,1521,-1485
119900155,14,33,-19
119900156,7,1,6
119900157,49,336,-287
119900158,80,89,-9
119900159,10,2766,-2756
119900160,19,333,-314
119900161,202,452,-250
119900162,558,816,-258
119900163,161,162,-1
119900164,0,1,-1
119900165,85,378,-293
119900166,72,42,30
119900167,216,161,55
119900168,423,544,-121
119900169,192,299,-107
119900170,140,198,-58
119900171,627,593,34
119900172,137,19,118
119900173,51,741,-690
119900174,14,439,-425
119900175,710,952,-242
119900177,23,285,-262
119900178,4,320,-316
119900179,60,228,-168
119900180,790,742,48
119900181,40,56,-16
119900182,4,817,-813
119900183,138,1114,-976
119900184,4036,716,3320
119900185,23,118,-95
119900186,74,419,-345
119900187,10,974,-964
119900188,50,354,-304
119900189,413,315,98
119900190,42,163,-121
119900191,326,140,186
119900192,24,223,-199
119900193,188,273,-85
119900194,13,49,-36
119900195,54,354,-300
119900196,2445,541,1904
119900197,101,123,-22
119900198,53,543,-490
119900199,116,30,86
119900200,395,661,-266
119900201,456,217,239
119900202,323,131,192
119900203,109,350,-241
119900204,156,335,-179
119900205,317,863,-546
119900206,32,185,-153
119900208,170,150,20
119900209,441,878,-437
119900210,23,66,-43
119900211,105,27,78
119900212,117,552,-435
119900213,3,67,-64
119900214,11,133,-122
119900215,52,160,-108
119900216,9,114,-105
119900217,8,75,-67
119900218,22,102,-80
119900219,5,186,-181
119900220,4,183,-179
119900221,10,714,-704
119900222,20,482,-462
119900223,37,170,-133
119900224,13,54,-41
119900225,1772,63,1709
119900226,1025,1283,-258
119900227,1364,485,879
119900228,22,301,-279
119900229,333,588,-255
119900230,1871,798,1073
119900231,116,281,-165
119900232,150,75,75
119900233,20,4,16
119900234,23,40,-17
119900235,14,32,-18
119900236,27,343,-316
119900237,29,825,-796
119900238,1,110,-109
119900240,61,207,-146
119900241,197,337,-140
119900242,2041,1324,717
119900244,934,1141,-207
119900245,69,163,-94
119900246,273,464,-191
119900247,31,63,-32
119900248,33,80,-47
119900249,171,76,95
119900253,5600,373,5227
119900254,59,389,-330
119900255,64,533,-469
119900256,258,1879,-1621
119900257,24,0,24
119900258,54,9,45
119900259,2,357,-355
119900260,54,3,51
119900261,187,239,-52
119900262,2,441,-439
119900263,1044,464,580
119900264,60,404,-344
119900265,193,408,-215
119900266,159,420,-261
119900267,220,455,-235
119900268,168,318,-150
119900269,470,1760,-1290
119900271,14,98,-84
119900272,141,54,87
119900275,53,2,51
119900276,22,1,21
119900277,12,2,10
119900278,301,67,234
119900279,77,143,-66
119900280,1553,235,1318
119900281,0,106,-106
119900282,72,37,35
119900283,8,604,-596
119900284,26,175,-149
119900285,27,53,-26
119900286,9,14,-5
119900288,2,63,-61
119900289,0,50,-50
119900290,0,63,-63
119900291,0,48,-48
119900292,17,26,-9
119900293,13,88,-75
119900294,17,92,-75
119900295,17,89,-72
119900296,20,403,-383
119900297,1,26,-25
119900298,3,4,-1
119900299,29,420,-391
119900300,105,244,-139
119900301,57,41,16
119900302,40,56,-16
119900303,101,352,-251
119900304,71,28,43
119900305,26,151,-125
119900306,14,1,13
119900307,21,221,-200
119900308,2,17,-15
119900309,27,69,-42
119900310,256,435,-179
119900311,37,239,-202
119900312,47,133,-86
119900313,148,537,-389
119900314,99,295,-196
119900315,784,4065,-3281
119900318,14,14,0
119900319,6,439,-433
119900320,81,935,-854
119900321,63,13,50
120000001,9503,11750,-2247
120000002,2028,3998,-1970
120000003,3791,2417,1374
120000004,2965,2963,2
120000005,4796,2540,2256
120000006,1123,1651,-528
120000007,3947,2955,992
120000008,1087,1729,-642
120000009,6147,1092,5055
120000010,1944,4133,-2189
120000011,1551,2842,-1291
120000012,1411,3766,-2355
120000013,2449,3672,-1223
120000014,698,2056,-1358
120000015,2635,1664,971
120000016,3063,3559,-496
120000017,2629,2709,-80
120000018,6557,9368,-2811
120000019,918,1589,-671
120000020,3601,3289,312
120000021,2294,2264,30
120000022,2700,4085,-1385
120000023,792,2143,-1351
120000024,1455,2808,-1353
120000025,2217,2680,-463
120000026,956,2324,-1368
120000027,1218,2362,-1144
120000028,850,531,319
120000029,2504,640,1864
120000030,99,696,-597
120000031,1667,5682,-4015
120000032,12931,4163,8768
120000033,3686,2456,1230
120000034,1362,3219,-1857
120000035,1791,3734,-1943
120000036,2875,5212,-2337
120000037,643,1260,-617
120000038,13289,3970,9319
120000039,403,1357,-954
120000040,60,201,-141
120000041,715,2362,-1647
120000042,1574,5522,-3948
120000043,4139,3818,321
120000044,3597,1641,1956
120000045,3547,1181,2366
120000046,2030,2072,-42
120000047,2756,3584,-828
120000048,10337,4616,5721
120000049,3508,3918,-410
120000050,3442,6623,-3181
120000051,4283,5416,-1133
120000052,19761,3448,16313
120000053,1229,6255,-5026
120000054,1499,9452,-7953
120000055,1585,7333,-5748
120000056,2875,6691,-3816
120000057,1627,1040,587
120000058,1062,293,769
120000059,41,1152,-1111
120000061,125,800,-675
120000062,262,396,-134
120000063,2114,3969,-1855
120000064,283,2309,-2026
120000065,458,2826,-2368
120000066,191,603,-412
120000067,41,856,-815
120000068,220,1772,-1552
120000069,696,2330,-1634
120000070,47,1437,-1390
120000071,216,263,-47
120000072,327,751,-424
120000073,484,117,367
120000074,46,102,-56
120000075,436,279,157
120000076,952,477,475
120000077,1037,594,443
120000078,2855,878,1977
120000079,308,1118,-810
120000080,183,355,-172
120000081,204,200,4
120000082,202,311,-109
120000083,131,457,-326
120000084,577,740,-163
120000085,323,641,-318
120000086,388,1219,-831
120000087,205,2062,-1857
120000088,698,1947,-1249
120000089,1077,687,390
120000090,437,783,-346
120000091,633,1218,-585
120000092,1041,769,272
120000093,333,662,-329
120000094,114,602,-488
120000095,799,1115,-316
120000096,227,1732,-1505
120000098,445,1253,-808
120000099,176,908,-732
120000100,666,1275,-609
120000101,582,713,-131
120000102,387,659,-272
120000103,888,521,367
120000104,1265,372,893
120000105,1799,479,1320
120000106,1448,461,987
120000107,2012,535,1477
120000108,640,115,525
120000109,691,71,620
120000110,127,1586,-1459
120000111,156,2107,-1951
120000112,851,6440,-5589
120000113,611,4736,-4125
120000114,887,5080,-4193
120000115,423,3972,-3549
120000116,659,3230,-2571
120000117,1845,2398,-553
120000118,55,49,6
120000119,54,156,-102
120000120,46,40,6
120000121,107,131,-24
120000122,323,221,102
120000123,8257,3731,4526
120000124,371,794,-423
120000125,391,873,-482
120000126,307,905,-598
120000127,2044,936,1108
120000128,4466,3185,1281
120000129,336,461,-125
120000130,911,1393,-482
120000131,341,630,-289
120000134,369,2205,-1836
120000135,205,363,-158
120000137,161,3555,-3394
120000138,379,652,-273
120000139,195,1876,-1681
120000140,381,850,-469
120000141,185,861,-676
120000142,233,803,-570
120000143,1,118,-117
120000144,39,0,39
120000145,207,8,199
120000146,3399,999,2400
120000149,555,1294,-739
120000150,6251,9062,-2811
120000151,356,671,-315
120000152,295,373,-78
120000153,72,1230,-1158
120000154,422,582,-160
120000155,100,400,-300
120000156,2523,934,1589
120000157,839,866,-27
120000158,626,1550,-924
120000159,1832,2947,-1115
120000160,2017,1601,416
120000161,1216,3400,-2184
120000162,117,293,-176
120000163,332,2417,-2085
120000164,334,688,-354
120000165,316,1440,-1124
120000166,638,951,-313
120000167,17,27,-10
120000168,9,75,-66
120000169,123,320,-197
120000170,189,162,27
120000171,43,38,5
120000172,27,59,-32
120000173,3095,256,2839
120000174,832,15,817
120000175,788,17,771
120000176,496,70,426
120000177,1285,388,897
120000178,73,5,68
120000179,370,49,321
120000180,517,108,409
120000181,83,204,-121
120000182,110,138,-28
120000183,7,137,-130
120000184,105,761,-656
120000186,122,79,43
120000187,121,36,85
120000188,388,69,319
120000190,1366,20,1346
120000191,2293,28,2265
120000192,1906,24,1882
120000193,513,5,508
120000195,60,5,55
120000196,189,35,154
120000197,78,114,-36
120000198,119,219,-100
120000199,66,1,65
120000200,68,2,66
120000201,10,27,-17
120000202,3,102,-99
120000203,33,586,-553
120000207,1,119,-118
120000208,12,567,-555
120000209,1,178,-177
120000210,200,113,87
120000211,47,1,46
120000212,81,0,81
120000213,49,549,-500
120000214,0,606,-606
120000215,4,229,-225
120000216,47,3,44
120000217,1116,1695,-579
120000218,328,1682,-1354
120000219,13,1178,-1165
120000220,25,4085,-4060
120000225,618,1,617
120000226,201,4,197
120000227,482,19,463
120000228,8134,2265,5869
120000230,224,11,213
120000231,805,3536,-2731
120000233,144,34,110
120000235,118,1198,-1080
120000236,520,1,519
120000237,4,3153,-3149
120000238,15,145,-130
120000241,1166,4310,-3144
120000412,2665,43,2622
120000413,173,722,-549
120000414,80,10,70
120000415,6,358,-352
120000416,59,11,48
120000417,2,169,-167
120000418,85,26,59
120000419,15,933,-918
120000420,480,134,346
120000421,17494,6971,10523
120000422,300,620,-320
120000423,2,61,-59
120000424,83,298,-215
120000436,161,436,-275
120000437,284,279,5
120000438,6882,477,6405
120000439,111,315,-204
120000443,135,0,135
120000444,818,1014,-196
120000445,1727,1869,-142
120000446,1632,498,1134
120000447,93,1,92
120000449,74,23,51
120000450,3,731,-728
120000451,110,414,-304
120000452,16,0,16
120000453,2,457,-455
120000454,182,196,-14
120000455,126,104,22
120000456,3745,3280,465
120000457,1575,1436,139
120000458,761,1091,-330
120000459,51,104,-53
120000665,997,164,833
120000668,80,276,-196
120000669,75,650,-575
120000670,268,483,-215
120000671,1136,413,723
120000672,123,606,-483
120900001,65,62,3
120900002,387,340,47
120900003,184,36,148
120900004,17,90,-73
120900005,7,2095,-2088
120900006,210,251,-41
120900007,105,239,-134
120900008,192,1819,-1627
120900009,552,86,466
120900010,250,83,167
120900011,567,169,398
120900012,1630,903,727
120900013,189,39,150
120900014,8,1358,-1350
120900015,338,94,244
120900016,432,59,373
120900017,4476,114,4362
120900018,41,687,-646
120900019,548,167,381
120900020,1142,818,324
120900021,425,104,321
120900022,43,600,-557
120900023,173,50,123
120900024,1364,452,912
120900025,2213,1184,1029
120900026,121,280,-159
120900027,635,101,534
120900028,200,57,143
120900029,123,280,-157
120900030,792,616,176
120900031,118,46,72
120900032,514,237,277
120900033,725,51,674
120900034,24,2060,-2036
120900035,53,91,-38
120900037,138,17,121
120900038,46,209,-163
120900039,93,31,62
120900040,212,4,208
120900041,168,37,131
120900042,206,103,103
120900043,32,34,-2
120900044,9,605,-596
120900045,125,199,-74
120900046,284,6,278
120900047,124,70,54
120900048,79,20,59
120900049,242,2,240
120900050,5954,1371,4583
120900051,238,113,125
120900052,309,8,301
120900053,157,116,41
120900054,1635,1237,398
120900055,251,0,251
120900056,344,16,328
120900057,98,23,75
120900058,325,0,325
120900059,63,36,27
120900060,48,48,0
120900061,242,635,-393
120900062,140,2,138
120900063,442,9,433
120900064,260,0,260
120900065,288,0,288
120900066,204,334,-130
120900067,190,40,150
120900068,138,0,138
120900069,162,124,38
120900071,4,6,-2
120900072,453,3,450
120900073,259,488,-229
120900074,438,11,427
120900076,225,1,224
120900077,5298,317,4981
120900078,487,1208,-721
120900079,396,148,248
120900080,399,3967,-3568
120900081,591,2335,-1744
120900082,730,295,435
120900083,281,209,72
120900084,201,297,-96
120900085,156,205,-49
120900086,253,247,6
120900087,286,156,130
120900088,186,329,-143
120900089,6533,1727,4806
120900090,88,299,-211
120900091,499,403,96
120900092,1320,1091,229
120900093,6219,366,5853
120900094,535,336,199
120900095,192,25,167
120900096,28,197,-169
120900097,627,1516,-889
120900098,300,231,69
120900099,53,68,-15
120900100,75,534,-459
120900101,737,453,284
120900102,27,172,-145
120900103,28,185,-157
120900104,25,50,-25
120900105,58,1325,-1267
120900106,1621,802,819
120900107,451,138,313
120900108,5,1584,-1579
120900109,42,1074,-1032
120900110,15,807,-792
120900111,143,664,-521
120900112,14,2350,-2336
120900113,33,1558,-1525
120900114,75,260,-185
120900115,175,241,-66
120900116,183,1128,-945
120900117,0,948,-948
120900118,12,1392,-1380
120900119,3413,4474,-1061
120900120,41,1058,-1017
120900121,86,567,-481
120900122,215,1270,-1055
120900123,3,876,-873
120900124,1,1233,-1232
120900125,9,1791,-1782
120900126,1892,1137,755
120900127,5,956,-951
120900128,1058,1507,-449
120900129,61,540,-479
120900130,1,428,-427
120900131,27,76,-49
120900132,497,611,-114
120900133,242,1647,-1405
120900134,727,603,124
120900135,7,1024,-1017
120900136,14,38,-24
120900137,98,127,-29
120900138,21,303,-282
120900139,4,1327,-1323
120900140,2,77,-75
120900141,63,138,-75
120900142,32,1484,-1452
120900143,5,1594,-1589
120900144,3,338,-335
120900145,51,1360,-1309
120900146,8,1803,-1795
120900147,6,479,-473
120900148,91,212,-121
120900149,4,702,-698
120900150,36,953,-917
120900151,3,1223,-1220
120900152,0,60,-60
120900153,8,91,-83
120900154,0,629,-629
120900155,101,1885,-1784
120900156,41,615,-574
120900157,33,354,-321
120900158,24,776,-752
120900159,110,559,-449
120900160,25,565,-540
120900161,18,728,-710
120900162,30,933,-903
120900163,18,182,-164
120900164,0,2,-2
120900165,0,10,-10
120900166,56,187,-131
120900167,276,121,155
120900169,61,834,-773
120900170,4641,1831,2810
120900171,1241,479,762
120900172,969,185,784
120900173,0,90,-90
120900174,6,204,-198
120900175,266,365,-99
120900176,14,257,-243
120900177,0,551,-551
120900178,0,248,-248
120900179,1107,628,479
120900180,75,75,0
120900181,52,85,-33
120900182,13,602,-589
120900183,346,143,203
120900184,167,105,62
120900185,8,458,-450
120900186,4,851,-847
120900187,256,965,-709
120900188,89,14,75
120900189,297,596,-299
120900190,43,13,30
120900191,5,40,-35
120900192,18401,3193,15208
120900194,28,102,-74
120900195,106,277,-171
120900196,577,82,495
120900197,329,64,265
120900198,245,917,-672
120900199,169,246,-77
120900200,110,176,-66
120900201,785,146,639
120900202,2,359,-357
120900203,28,65,-37
120900204,250,585,-335
120900205,71,132,-61
120900206,13,29,-16
120900207,61,1766,-1705
121000001,999,1311,-312
121000002,2635,1774,861
121000003,4146,2178,1968
121000004,2659,5129,-2470
121000005,2184,2965,-781
121000006,3074,1484,1590
121000007,3425,3238,187
121000008,7267,3264,4003
121000009,6907,6610,297
121000010,10143,5958,4185
121000011,9585,14033,-4448
121000012,14990,10775,4215
121000013,5924,8588,-2664
121000014,7616,8066,-450
121000015,5657,7032,-1375
121000016,5287,4988,299
121000017,1803,3918,-2115
121000018,1973,1890,83
121000019,21246,10057,11189
121000020,12885,10412,2473
121000021,3037,3674,-637
121000022,1622,1878,-256
121000023,4124,3670,454
121000024,3016,3893,-877
121000025,759,1350,-591
121000026,282,136,146
121000027,1701,1108,593
121000028,853,516,337
121000029,930,844,86
121000030,535,468,67
121000031,732,756,-24
121000032,181,51,130
121000034,504,205,299
121000035,218,107,111
121000036,1102,956,146
121000037,775,691,84
121000038,629,667,-38
121000039,394,402,-8
121000041,500,473,27
121000042,223,366,-143
121000043,859,802,57
121000044,2266,816,1450
121000045,383,390,-7
121000046,400,904,-504
121000047,37,94,-57
121000049,2076,708,1368
121000050,308,1201,-893
121000051,697,409,288
121000052,246,633,-387
121000053,447,119,328
121000054,53,245,-192
121000055,1593,1446,147
121000056,837,1125,-288
121000057,157,326,-169
121000058,379,129,250
121000059,2047,1378,669
121000060,427,875,-448
121000061,146,134,12
121000062,119,210,-91
121000063,703,496,207
121000064,668,781,-113
121000065,577,493,84
121000066,662,523,139
121000067,998,335,663
121000068,600,357,243
121000069,764,387,377
121000070,1858,1449,409
121000071,1046,895,151
121000072,1169,970,199
121000073,1088,785,303
121000074,82,180,-98
121000075,57,86,-29
121000076,1463,397,1066
121000077,119,114,5
121000078,92,119,-27
121000080,2636,677,1959
121000081,2941,2539,402
121000082,94,258,-164
121000083,269,207,62
121000084,248,109,139
121000085,276,571,-295
121000086,196,830,-634
121000087,88,303,-215
121000088,381,845,-464
121000089,429,382,47
121000090,459,457,2
121000091,1673,1038,635
121000092,138,125,13
121000093,104,292,-188
121000094,443,667,-224
121000095,321,554,-233
121000096,2544,3217,-673
121000097,1331,2092,-761
121000098,384,1620,-1236
121000099,429,1244,-815
121000100,696,693,3
121000101,174,367,-193
121000102,148,468,-320
121000103,115,410,-295
121000104,190,191,-1
121000105,269,240,29
121000106,176,524,-348
121000107,2524,4426,-1902
121000109,1466,1229,237
121000110,298,706,-408
121000114,2757,2263,494
121000115,1070,889,181
121000116,582,1110,-528
121000117,1079,474,605
121000118,1260,409,851
121000119,297,415,-118
121000120,222,539,-317
121000121,384,991,-607
121000123,1709,716,993
121000127,127,159,-32
121000128,692,584,108
121000129,483,527,-44
121000130,364,1442,-1078
121000131,2207,1548,659
121000132,1392,1592,-200
121000135,348,295,53
121000136,946,466,480
121000137,385,203,182
121000138,735,525,210
121000139,357,61,296
121000141,205,117,88
121000142,985,623,362
121000143,174,19,155
121000144,1113,1383,-270
121000145,496,1695,-1199
121000146,1206,1166,40
121000147,758,657,101
121000148,916,1280,-364
121000149,2191,1424,767
121000152,454,899,-445
121000153,1748,724,1024
121000154,886,953,-67
121000155,1299,1382,-83
121000156,376,1191,-815
121000157,1531,2563,-1032
121000158,331,956,-625
121000159,133,814,-681
121000160,271,853,-582
121000161,137,440,-303
121000162,42,277,-235
121000165,1765,1776,-11
121000166,52,921,-869
121000168,284,373,-89
121000169,52,237,-185
121000170,245,174,71
121000171,48,183,-135
121000172,519,494,25
121000173,1088,841,247
121000174,217,355,-138
121000175,549,511,38
121000176,331,292,39
121000177,840,727,113
121000178,154,89,65
121000179,110,80,30
121000181,426,442,-16
121000182,69,191,-122
121000183,36,63,-27
121000184,32,71,-39
121000185,26,153,-127
121000186,119,280,-161
121000187,148,333,-185
121000188,125,270,-145
121000192,529,519,10
121000193,588,494,94
121000194,2710,2225,485
121000195,473,1196,-723
121000196,1298,246,1052
121000197,345,967,-622
121000198,335,87,248
121000199,119,658,-539
121000200,285,109,176
121000201,9,293,-284
121000202,792,101,691
121000203,563,2931,-2368
121000204,2140,737,1403
121000205,152,396,-244
121000206,137,45,92
121000207,1766,596,1170
121000208,11,623,-612
121000209,221,560,-339
121000210,273,901,-628
121000211,393,169,224
121000212,285,1242,-957
121000213,10923,3089,7834
121000214,974,2243,-1269
121000215,1395,982,413
121000216,415,590,-175
121000217,4085,2863,1222
121000218,526,2226,-1700
121000219,1759,457,1302
121000220,280,78,202
121000221,163,252,-89
121000222,2886,2866,20
121000223,711,425,286
121000224,394,165,229
121000225,2513,1172,1341
121000226,4954,825,4129
121000227,10,453,-443
121000228,37,1017,-980
121000229,195,680,-485
121000230,71,2380,-2309
121000231,589,56,533
121000232,485,256,229
121000233,405,398,7
121000234,27,17,10
121000235,86,45,41
121000236,9,77,-68
121000237,18,11,7
121000238,5,74,-69
121000239,35,5,30
121000240,18,279,-261
121000241,85,12,73
121000242,51,184,-133
121000243,313,88,225
121000244,5,59,-54
121000245,40,16,24
121000246,2,104,-102
121000247,58,5,53
121000248,728,831,-103
121000249,82,244,-162
121000250,394,125,269
121000251,23,842,-819
121000252,74,47,27
121000253,352,665,-313
121000254,566,372,194
121000255,177,153,24
121000256,302,186,116
121000257,67,93,-26
121000258,123,58,65
121000259,87,39,48
121000260,102,203,-101
121000261,78,44,34
121000262,1026,1238,-212
121000263,298,543,-245
121000271,242,2275,-2033
121000273,170,9,161
121000274,15,39,-24
121000275,7,48,-41
121000276,4,9,-5
121000278,54,61,-7
121000279,35,13,22
121000280,44,50,-6
121000289,207,28,179
121000290,1425,713,712
121000294,69,244,-175
121000297,1059,1112,-53
121000299,256,340,-84
121000300,652,515,137
121000302,129,984,-855
121000303,506,491,15
121000304,428,54,374
121000305,106,52,54
121000306,98,168,-70
121000308,168,420,-252
121000309,421,666,-245
121000310,115,440,-325
121000311,72,932,-860
121000312,310,250,60
121000313,498,437,61
121000314,153,120,33
121000315,62,163,-101
121000530,979,1685,-706
121000531,1166,1869,-703
121000532,5701,5387,314
121000533,2424,3168,-744
121000918,35,246,-211
121000919,29,67,-38
121000938,128,195,-67
121000939,202,174,28
121000956,587,2086,-1499
121000957,9,18,-9
121000958,148,45,103
121000959,454,1227,-773
121000960,2028,3056,-1028
121000961,128,103,25
121000962,413,1093,-680
121000963,0,0,0
121000973,1,455,-454
121000976,15,147,-132
121000979,296,107,189
121000981,316,174,142
121000982,239,409,-170
121000983,507,530,-23
121000984,29,56,-27
121000985,416,1246,-830
121000986,203,665,-462
121000987,295,2307,-2012
121000988,528,162,366
121001302,281,104,177
121001308,5,14,-9
121001309,134,52,82
121001313,179,340,-161
121001314,3294,4294,-1000
121001315,4862,2258,2604
121001326,463,492,-29
121900001,62,154,-92
121900002,64,15,49
121900003,294,21,273
121900004,145,439,-294
121900005,23,5,18
121900006,93,23,70
121900007,2526,2173,353
121900008,1144,212,932
121900009,644,8,636
121900010,178,5,173
121900011,151,437,-286
121900012,4,0,4
121900013,1490,45,1445
121900014,1209,358,851
121900015,139,206,-67
121900016,7,50,-43
121900017,283,638,-355
121900018,233,1,232
121900019,242,355,-113
121900020,23,0,23
121900021,804,13,791
121900022,180,168,12
121900023,65,482,-417
121900024,369,73,296
121900025,385,430,-45
121900026,261,46,215
121900027,203,151,52
121900028,342,13,329
121900029,92,273,-181
121900030,552,544,8
121900031,1515,6149,-4634
121900032,87,63,24
121900033,141,176,-35
121900034,305,86,219
121900035,2586,1708,878
121900036,70,531,-461
121900037,135,752,-617
121900038,18,171,-153
121900039,307,29,278
121900040,22,90,-68
121900041,73,158,-85
121900042,252,122,130
121900043,3,5,-2
121900044,294,52,242
121900046,195,231,-36
121900047,143,97,46
121900048,23,169,-146
121900050,22,42,-20
121900051,125,221,-96
121900052,73,29,44
121900053,283,297,-14
121900054,508,855,-347
121900055,7,20,-13
121900058,187,256,-69
121900059,217,105,112
121900060,173,351,-178
121900061,157,145,12
121900062,71,54,17
121900063,713,325,388
121900064,147,888,-741
121900066,32,23,9
121900067,26,46,-20
121900069,167,141,26
121900070,208,127,81
121900071,150,229,-79
121900072,37,224,-187
121900073,263,185,78
121900074,653,624,29
121900075,1023,295,728
121900076,351,637,-286
121900078,43,52,-9
121900079,8,1,7
121900080,512,464,48
121900082,37,123,-86
121900084,8,215,-207
121900086,21,49,-28
121900087,159,126,33
121900088,1991,2738,-747
121900089,153,528,-375
121900090,8,104,-96
121900091,25,150,-125
121900092,35,101,-66
121900093,50,74,-24
121900094,25,16,9
121900095,174,102,72
121900096,1409,515,894
121900097,318,197,121
121900098,8,0,8
121900099,193,95,98
121900100,147,256,-109
121900101,114,99,15
121900102,8,109,-101
121900103,474,211,263
121900104,991,333,658
121900105,205,108,97
121900106,4,3,1
121900107,32,24,8
121900108,0,27,-27
121900109,298,167,131
121900110,287,1516,-1229
121900111,629,103,526
121900112,94,111,-17
121900113,83,299,-216
121900114,20,50,-30
121900117,97,21,76
121900118,2207,391,1816
121900119,99,128,-29
121900120,23,1453,-1430
121900121,530,58,472
121900122,15,34,-19
121900123,224,446,-222
121900124,70,194,-124
121900125,881,1089,-208
121900127,8,92,-84
121900128,56,131,-75
121900129,880,144,736
121900130,153,288,-135
121900131,250,85,165
121900132,23,123,-100
121900133,94,407,-313
121900134,22,107,-85
121900135,2399,256,2143
121900136,161,527,-366
121900137,51,285,-234
121900138,67,226,-159
121900139,433,589,-156
121900140,59,162,-103
121900141,56,6,50
121900142,101,119,-18
121900143,17,140,-123
121900144,152,308,-156
121900145,138,157,-19
121900146,480,829,-349
121900147,83,221,-138
121900148,171,234,-63
121900149,366,737,-371
121900150,83,205,-122
121900151,71,264,-193
121900152,52,138,-86
121900153,92,559,-467
121900154,15,186,-171
121900155,1,72,-71
121900156,136,87,49
121900157,5,574,-569
121900158,64,72,-8
121900159,0,266,-266
121900160,51,208,-157
121900161,331,349,-18
121900162,79,125,-46
121900163,135,803,-668
121900164,384,286,98
121900165,222,215,7
121900166,161,256,-95
121900167,145,120,25
121900168,185,126,59
121900169,6,481,-475
121900170,4,284,-280
121900171,515,668,-153
121900172,331,302,29
121900173,866,204,662
121900174,19,43,-24
121900175,151,134,17
121900176,513,2189,-1676
121900177,127,62,65
121900178,59,92,-33
121900179,186,116,70
121900180,5649,2998,2651
121900182,1122,309,813
121900183,332,464,-132
121900184,49,697,-648
121900186,8,364,-356
121900187,21,117,-96
121900188,541,548,-7
121900189,44,115,-71
121900190,253,499,-246
121900191,41,159,-118
121900192,432,838,-406
121900193,48,226,-178
121900194,2,123,-121
121900195,98,69,29
121900196,878,785,93
121900197,334,2458,-2124
121900198,946,1449,-503
121900199,0,21,-21
121900200,67,252,-185
121900201,1157,627,530
121900202,130,370,-240
121900203,209,980,-771
121900204,1152,937,215
121900205,19,111,-92
121900206,6,14,-8
121900207,162,47,115
121900208,386,278,108
121900209,33,22,11
121900210,1718,1273,445
121900211,267,717,-450
121900212,157,140,17
121900213,101,131,-30
121900214,11,481,-470
121900215,39,67,-28
121900216,48,75,-27
121900217,324,63,261
121900218,297,501,-204
121900220,130,7,123
121900221,272,620,-348
121900222,117,156,-39
121900223,117,65,52
121900224,66,91,-25
121900225,160,55,105
121900226,231,690,-459
121900227,127,392,-265
121900228,165,407,-242
121900230,113,148,-35
121900231,417,845,-428
121900232,241,358,-117
121900233,241,223,18
121900234,209,408,-199
121900235,327,327,0
121900236,238,202,36
121900237,161,199,-38
121900238,121,169,-48
121900239,90,36,54
121900240,178,128,50
121900241,16,48,-32
121900242,3,0,3
121900243,2,0,2
121900244,3,0,3
121900245,208,163,45
121900246,1889,496,1393
121900248,1495,1086,409
121900250,277,288,-11
121900251,334,36,298
121900252,528,111,417
121900253,191,1225,-1034
121900254,440,301,139
121900255,186,123,63
121900258,3032,1803,1229
121900259,329,507,-178
121900260,41,180,-139
121900261,186,466,-280
121900262,473,896,-423
121900263,116,300,-184
121900264,2259,1443,816
121900265,148,324,-176
121900266,150,203,-53
121900267,47,37,10
121900269,81,364,-283
121900270,23,209,-186
121900271,19,126,-107
121900273,566,1563,-997
121900274,150,234,-84
121900277,305,1701,-1396
121900278,93,1028,-935
121900279,90,312,-222
121900280,210,354,-144
121900281,438,206,232
121900284,36,14,22
121900286,60,144,-84
121900287,12,13,-1
121900288,2,2,0
121900290,202,318,-116
121900291,466,619,-153
121900292,297,128,169
121900293,880,3796,-2916
121900294,229,3,226
121900295,62,281,-219
121900296,30,69,-39
121900298,497,466,31
121900299,0,1,-1
121900300,6,0,6
121900301,27,3,24
121900302,1,48,-47
121900303,376,407,-31
121900304,0,11,-11
121900305,5,1,4
121900306,63,0,63
121900307,20,29,-9
121900308,17,354,-337
121900309,4,254,-250
121900310,29,536,-507
121900311,219,15,204
121900312,114,27,87
121900313,224,21,203
121900314,4,62,-58
121900315,8,0,8
121900316,0,36,-36
121900317,0,3,-3
121900318,0,22,-22
121900319,17,69,-52
121900320,95,92,3
121900321,6,3,3
121900322,6,35,-29
121900323,33,9,24
121900324,6,81,-75
121900325,4,0,4
121900326,1,25,-24
121900327,6,75,-69
121900328,1,40,-39
121900329,3,332,-329
121900330,1,18,-17
121900331,138,16,122
121900332,46,21,25
121900333,22,6,16
121900334,206,61,145
122000001,2369,4055,-1686
122000002,5322,1901,3421
122000003,2037,1770,267
122000004,3211,1640,1571
122000005,3377,1204,2173
122000006,3333,600,2733
122000007,1691,1886,-195
122000008,6036,5630,406
122000009,559,378,181
122000010,2253,3289,-1036
122000011,3047,1275,1772
122000012,1570,1150,420
122000013,3564,1635,1929
122000014,1806,3264,-1458
122000015,1889,1232,657
122000016,688,1056,-368
122000017,1081,1133,-52
122000018,1595,1296,299
122000019,1010,1686,-676
122000020,184,234,-50
122000021,545,608,-63
122000022,1578,1799,-221
122000023,591,3751,-3160
122000024,1188,980,208
122000025,2367,1329,1038
122000026,2175,944,1231
122000027,692,6672,-5980
122000028,911,484,427
122000029,452,355,97
122000030,248,163,85
122000031,164,314,-150
122000032,1904,4375,-2471
122000033,1307,1106,201
122000034,845,661,184
122000035,297,1077,-780
122000036,534,626,-92
122000037,301,333,-32
122000038,310,447,-137
122000039,752,536,216
122000040,389,515,-126
122000041,636,554,82
122000042,675,500,175
122000043,190,136,54
122000044,186,202,-16
122000045,1854,566,1288
122000046,865,1196,-331
122000047,328,238,90
122000048,3123,5572,-2449
122000049,5217,2324,2893
122000050,2793,846,1947
122000051,590,440,150
122000052,642,259,383
122000053,195,482,-287
122000054,2764,2057,707
122000055,2898,2592,306
122000056,6022,4366,1656
122000057,4272,3088,1184
122000058,5614,1122,4492
122000059,4164,1525,2639
122000060,961,598,363
122000061,667,500,167
122000062,1415,313,1102
122000063,1953,575,1378
122000064,4429,2918,1511
122000065,6539,2907,3632
122000066,591,537,54
122000067,2253,1350,903
122000068,1173,1796,-623
122000069,945,768,177
122000070,686,5012,-4326
122000071,902,2057,-1155
122000072,439,381,58
122000073,727,565,162
122000074,2035,1545,490
122000075,494,1553,-1059
122000076,1952,1069,883
122000077,1770,645,1125
122000078,3298,2353,945
122000079,2913,882,2031
122000080,1771,415,1356
122000081,285,473,-188
122000082,1240,688,552
122000083,1143,4991,-3848
122000084,954,853,101
122000085,253,2028,-1775
122000086,2497,6234,-3737
122000087,458,138,320
122000088,275,421,-146
122000089,6892,3530,3362
122000090,203,458,-255
122000091,326,78,248
122000092,227,6,221
122000093,2315,820,1495
122000094,8064,1602,6462
122000095,3550,2572,978
122000096,3137,1938,1199
122000098,3601,1453,2148
122000099,4304,690,3614
122000100,1385,761,624
122000101,231,1177,-946
122000102,1792,1081,711
122000103,1433,1440,-7
122000104,273,207,66
122000105,317,271,46
122000106,492,568,-76
122000107,1101,598,503
122000108,344,909,-565
122000109,382,495,-113
122000110,337,512,-175
122000111,2682,983,1699
122000112,775,1390,-615
122000113,592,776,-184
122000114,5846,1786,4060
122000115,1756,2678,-922
122000116,420,509,-89
122000117,1084,330,754
122000118,360,613,-253
122000119,3288,1741,1547
122000120,2667,3044,-377
122000121,3393,2491,902
122000122,885,1416,-531
122000123,2476,1759,717
122000124,1096,484,612
122000125,570,626,-56
122000126,606,927,-321
122000127,1647,961,686
122000128,791,891,-100
122000129,333,962,-629
122000130,2635,677,1958
122000131,1427,804,623
122000132,810,520,290
122000133,1140,2059,-919
122000134,601,520,81
122000135,765,830,-65
122000136,462,303,159
122000137,1076,718,358
122000139,1929,2916,-987
122000140,1868,541,1327
122000141,5293,1176,4117
122000142,897,728,169
122000143,495,310,185
122000144,1533,1039,494
122000145,1740,666,1074
122000146,642,1058,-416
122000147,1219,504,715
122000148,3104,1334,1770
122000149,1929,1275,654
122000150,1081,936,145
122000151,215,383,-168
122000152,513,377,136
122000153,508,334,174
122000154,313,225,88
122000155,1237,2133,-896
122000156,1881,1951,-70
122000157,2176,1433,743
122000158,511,583,-72
122000159,1138,1772,-634
122000160,4577,1439,3138
122000161,993,757,236
122000162,1909,1588,321
122000163,291,86,205
122000164,48,120,-72
122000165,793,830,-37
122000166,1289,1486,-197
122000167,218,246,-28
122000168,196,584,-388
122000169,614,195,419
122000170,256,337,-81
122000171,28,59,-31
122000172,1645,1851,-206
122000173,1447,2816,-1369
122000174,2530,950,1580
122000175,1500,321,1179
122000176,378,773,-395
122000177,1874,1690,184
122000178,2879,3452,-573
122000179,1943,3595,-1652
122000180,1917,1257,660
122000181,1717,3403,-1686
122000182,1901,1332,569
122000183,1860,1604,256
122000184,2500,1982,518
122000185,1275,1346,-71
122000186,602,1117,-515
122000187,2412,1309,1103
122000188,565,284,281
122000189,312,438,-126
122000190,1277,1071,206
122000191,1123,596,527
122000192,762,377,385
122000193,355,685,-330
122000194,713,210,503
122000195,229,566,-337
122000196,940,702,238
122000197,517,766,-249
122000198,728,1177,-449
122000199,504,481,23
122000200,1855,744,1111
122000201,1151,1604,-453
122000202,1162,1158,4
122000203,2510,1700,810
122000204,1295,2193,-898
122000205,1552,1482,70
122000206,2567,940,1627
122000207,1327,1434,-107
122000208,2371,1730,641
122000209,3098,491,2607
122000210,2089,2227,-138
122000211,1390,1196,194
122000212,754,574,180
122000213,935,1307,-372
122000214,1860,1675,185
122000215,1986,1615,371
122000217,2304,1447,857
122000218,933,87,846
122000219,1610,1090,520
122000220,354,777,-423
122000221,178,565,-387
122000222,548,128,420
122000223,1154,441,713
122000225,638,307,331
122000226,1432,2047,-615
122000227,374,2933,-2559
122000228,359,430,-71
122000229,44,445,-401
122000230,80,769,-689
122000231,290,1003,-713
122000232,559,1273,-714
122000233,0,151,-151
122000234,189,242,-53
122000235,456,282,174
122000236,520,201,319
122000237,100,74,26
122000238,197,235,-38
122000239,406,83,323
122000240,853,421,432
122000241,895,627,268
122000242,387,128,259
122000243,123,92,31
122000244,50,758,-708
122000245,88,426,-338
122000246,209,198,11
122000247,544,1036,-492
122000248,1712,2455,-743
122000249,520,715,-195
122000250,1364,836,528
122000251,208,430,-222
122000252,529,110,419
122000253,29,227,-198
122000254,148,94,54
122000255,713,1899,-1186
122000256,413,1645,-1232
122000257,104,426,-322
122000258,130,218,-88
122000259,18,919,-901
122000260,11,123,-112
122000261,8,334,-326
122000262,1,97,-96
122000263,135,161,-26
122000264,921,635,286
122000265,2537,1011,1526
122000266,5179,662,4517
122000267,74,142,-68
122000268,142,504,-362
122000269,951,360,591
122000270,1343,176,1167
122000271,334,1370,-1036
122000272,305,1377,-1072
122000273,335,598,-263
122000274,99,239,-140
122000275,43,190,-147
122000276,389,679,-290
122000277,757,1375,-618
122000278,770,1044,-274
122000279,155,573,-418
122000280,910,876,34
122000281,511,887,-376
122000282,171,120,51
122000283,336,55,281
122000284,113,77,36
122000285,337,117,220
122000286,85,201,-116
122000287,643,1390,-747
122000288,291,291,0
122000291,921,465,456
122000293,482,370,112
122000294,101,198,-97
122000295,1509,283,1226
122000296,78,560,-482
122000297,3611,2342,1269
122000299,281,512,-231
122000300,577,677,-100
122000301,18355,2932,15423
122000302,925,865,60
122000303,4894,1372,3522
122000304,24,222,-198
122000305,773,1090,-317
122000306,33,1068,-1035
122000307,110,151,-41
122000309,63,94,-31
122000310,24,63,-39
122000311,177,115,62
122000312,164,78,86
122000313,113,74,39
122000314,170,240,-70
122000315,230,14,216
122000316,342,274,68
122000317,786,265,521
122000318,152,350,-198
122000319,325,935,-610
122000320,333,3263,-2930
122000321,80,401,-321
122000322,2560,4767,-2207
122000323,1959,2438,-479
122000324,1813,1904,-91
122000325,1154,1401,-247
122000326,46,164,-118
122000327,483,650,-167
122000328,1428,983,445
122000330,2168,704,1464
122000332,286,398,-112
122000333,20,300,-280
122000337,761,2049,-1288
122000338,356,466,-110
122000340,615,386,229
122000342,3664,1138,2526
122000343,563,2293,-1730
122000344,37,29,8
122000345,6,60,-54
122000346,302,725,-423
122000348,334,854,-520
122000349,116,691,-575
122000351,130,311,-181
122000352,275,113,162
122000353,78,179,-101
122000355,128,164,-36
122000356,2586,813,1773
122000357,71,17,54
122000358,1,88,-87
122000359,0,38,-38
122000360,0,63,-63
122000362,10,136,-126
122000364,101,469,-368
122000365,4,19,-15
122000366,8,4,4
122000368,427,884,-457
122000370,26,76,-50
122000371,5,0,5
122000372,5,0,5
122000381,71,479,-408
122000382,76,257,-181
122000384,6072,2501,3571
122000385,42,0,42
122000386,947,861,86
122000387,707,739,-32
122000388,2537,394,2143
122000389,216,842,-626
122000390,582,365,217
122000391,410,167,243
122000392,201,235,-34
122000393,39,192,-153
122000394,389,386,3
122000395,117,259,-142
122000396,188,157,31
122000397,56,100,-44
122000398,7,56,-49
122000399,117,85,32
122000400,168,346,-178
122000401,78,151,-73
122000402,174,126,48
122000403,537,1459,-922
122000404,105,396,-291
122000408,913,1330,-417
122000503,6,114,-108
122000524,179,121,58
122000544,65,3460,-3395
122000614,455,338,117
122000616,362,5,357
122000640,47,232,-185
122000641,52,588,-536
122000642,882,1534,-652
122000643,19,109,-90
122000644,209,44,165
122000645,90,374,-284
122000651,2916,734,2182
122000664,165,45,120
122000665,946,595,351
122000666,622,1202,-580
122000673,39,538,-499
122000674,100,51,49
122000675,1495,1494,1
122000686,296,1747,-1451
122000687,1067,430,637
122000688,125,1165,-1040
122000689,468,723,-255
122000690,713,807,-94
122000691,334,3675,-3341
122000692,942,427,515
122000693,394,2431,-2037
122000695,161,654,-493
122000696,168,443,-275
122000698,196,1338,-1142
122000699,109,77,32
122000701,1018,476,542
122000702,576,2987,-2411
122000703,139,93,46
122000712,0,0,0
122000717,209,86,123
122000718,841,1170,-329
122000719,43,87,-44
122000720,179,389,-210
122000724,262,430,-168
122900001,29,9,20
122900002,1321,2455,-1134
122900003,290,64,226
122900004,590,28,562
122900005,74,37,37
122900006,593,217,376
122900007,119,39,80
122900008,528,52,476
122900009,885,394,491
122900010,245,216,29
122900012,187,413,-226
122900014,118,345,-227
122900015,2499,567,1932
122900016,128,417,-289
122900017,537,914,-377
122900018,295,19,276
122900019,11,141,-130
122900020,456,408,48
122900021,69,757,-688
122900022,335,953,-618
122900023,179,196,-17
122900024,110,110,0
122900025,14,149,-135
122900026,185,317,-132
122900027,114,949,-835
122900028,106,207,-101
122900029,4870,2823,2047
122900030,1640,433,1207
122900031,147,170,-23
122900032,126,255,-129
122900033,161,162,-1
122900034,4115,5259,-1144
122900035,127,36,91
122900036,59,292,-233
122900037,333,131,202
122900038,144,2143,-1999
122900039,91,420,-329
122900040,286,432,-146
122900041,150,156,-6
122900042,142,297,-155
122900043,455,240,215
122900044,108,359,-251
122900045,89,152,-63
122900046,62,78,-16
122900047,566,185,381
122900048,47,245,-198
122900049,1992,190,1802
122900051,121,153,-32
122900052,59,132,-73
122900053,21,16,5
122900055,233,133,100
122900057,306,31,275
122900061,288,176,112
122900062,321,439,-118
122900063,139,480,-341
122900064,890,654,236
122900065,350,135,215
122900066,402,216,186
122900067,1851,947,904
122900069,162,1075,-913
122900070,180,46,134
122900071,168,526,-358
122900073,34,464,-430
122900074,209,974,-765
122900075,1,91,-90
122900076,8,313,-305
122900077,0,205,-205
122900078,84,186,-102
122900080,67,23,44
122900081,151,176,-25
122900082,582,222,360
122900083,227,126,101
122900084,9,336,-327
122900086,8,28,-20
122900087,283,678,-395
122900088,60,80,-20
122900089,10,185,-175
122900090,14,1114,-1100
122900091,100,0,100
122900092,1,336,-335
122900093,0,531,-531
122900094,9,349,-340
122900095,119,4,115
122900096,400,675,-275
122900097,14,10,4
122900098,107,152,-45
122900099,9,4,5
122900100,311,264,47
122900101,989,270,719
122900102,26,6,20
122900103,70,10,60
122900104,48,5,43
122900105,1,8,-7
122900106,2,112,-110
122900107,4,346,-342
122900108,7,319,-312
122900109,97,180,-83
123000001,2115,410,1705
123000002,6315,2897,3418
123000003,3649,3261,388
123000004,3369,5604,-2235
123000005,2524,2750,-226
123000006,3208,3653,-445
123000007,3324,2518,806
123000008,2716,4380,-1664
123000009,4129,3096,1033
123000010,3615,4214,-599
123000011,4273,879,3394
123000012,1391,2954,-1563
123000013,3278,877,2401
123000014,1563,4546,-2983
123000015,4662,876,3786
123000016,8171,3258,4913
123000017,3391,1514,1877
123000018,45,119,-74
123000019,105,398,-293
123000020,79,144,-65
123000021,48,225,-177
123000022,549,1640,-1091
123000023,1182,1261,-79
123000024,1197,640,557
123000025,148,104,44
123000026,12,175,-163
123000027,256,331,-75
123000028,1015,154,861
123000029,1268,423,845
123000030,235,847,-612
123000031,87,577,-490
123000032,267,395,-128
123000033,190,101,89
123000034,799,637,162
123000035,274,242,32
123000036,256,677,-421
123000037,213,382,-169
123000038,75,233,-158
123000039,504,953,-449
123000040,1435,390,1045
123000041,1561,602,959
123000042,1269,488,781
123000043,3829,3843,-14
123000044,6322,2202,4120
123000045,10395,2375,8020
123000046,884,815,69
123000047,2378,1604,774
123000048,43,407,-364
123000049,7491,5173,2318
123000050,793,1324,-531
123000051,96,183,-87
123000052,521,2945,-2424
123000053,1998,3419,-1421
123000054,915,1319,-404
123000055,925,1454,-529
123000056,1458,2199,-741
123000057,20933,6005,14928
123000058,689,779,-90
123000059,451,548,-97
123000060,688,385,303
123000061,190,919,-729
123000063,674,756,-82
123000064,858,217,641
123000065,8908,4145,4763
123000066,1300,1030,270
123000067,540,683,-143
123000068,3549,4527,-978
123000069,7658,4346,3312
123000070,321,1081,-760
123000071,630,1288,-658
123000072,858,2044,-1186
123000073,859,1011,-152
123000074,965,2847,-1882
123000075,373,1120,-747
123000076,565,1540,-975
123000077,2518,4930,-2412
123000078,1170,2026,-856
123000079,1071,2262,-1191
123000080,2001,3545,-1544
123000081,142,782,-640
123000082,481,1649,-1168
123000083,786,200,586
123000084,558,1086,-528
123000085,150,193,-43
123000086,210,621,-411
123000087,183,711,-528
123000088,963,1626,-663
123000089,417,1707,-1290
123000090,1100,1622,-522
123000091,1688,1700,-12
123000092,1377,1333,44
123000094,369,351,18
123000095,396,646,-250
123000096,442,533,-91
123000097,345,1566,-1221
123000098,515,691,-176
123000099,539,1235,-696
123000100,445,548,-103
123000101,579,557,22
123000102,641,629,12
123000104,291,377,-86
123000105,535,731,-196
123000106,490,360,130
123000107,315,817,-502
123000108,911,1903,-992
123000111,664,324,340
123000112,648,855,-207
123000113,382,1894,-1512
123000114,533,594,-61
123000115,220,319,-99
123000116,31,252,-221
123000117,1168,2815,-1647
123000118,367,1300,-933
123000119,234,1591,-1357
123000120,329,1261,-932
123000121,432,668,-236
123000122,305,322,-17
123000123,417,650,-233
123000124,513,662,-149
123000125,965,772,193
123000126,1816,3520,-1704
123000127,1169,1091,78
123000128,308,540,-232
123000129,432,298,134
123000130,327,95,232
123000131,731,674,57
123000132,365,676,-311
123000133,310,478,-168
123000134,503,202,301
123000135,1029,1426,-397
123000136,202,1729,-1527
123000137,105,591,-486
123000138,77,550,-473
123000139,372,213,159
123000140,134,802,-668
123000141,739,118,621
123000142,995,1143,-148
123000143,1352,3120,-1768
123000144,18,15,3
123000145,285,140,145
123000146,52,112,-60
123000147,123,156,-33
123000149,295,387,-92
123000150,179,283,-104
123000151,273,384,-111
123000152,41,448,-407
123000153,146,464,-318
123000154,2288,1634,654
123000155,3181,862,2319
123000156,48,103,-55
123000157,652,941,-289
123000158,697,620,77
123000159,3567,1964,1603
123000160,991,734,257
123000161,1052,956,96
123000162,539,1470,-931
123000163,224,59,165
123000164,886,260,626
123000165,367,2590,-2223
123000166,27,271,-244
123000167,96,438,-342
123000168,139,481,-342
123000169,440,131,309
123000170,62,542,-480
123000171,277,147,130
123000172,164,778,-614
123000173,452,200,252
123000174,681,277,404
123000175,1116,1365,-249
123000176,574,142,432
123000177,379,1285,-906
123000178,586,136,450
123000179,32,1130,-1098
123000180,766,355,411
123000181,275,1109,-834
123000183,134,378,-244
123000184,61,1063,-1002
123000186,7,796,-789
123000187,309,5,304
123000188,163,4,159
123000189,218,250,-32
123000190,32,89,-57
123000192,24,580,-556
123000193,69,764,-695
123000194,627,410,217
123000195,199,21,178
123000196,246,16,230
123000197,25,129,-104
123000198,12,268,-256
123000199,3,636,-633
123000200,354,20,334
123000201,653,19,634
123000202,37,1524,-1487
123000203,659,76,583
123000204,71,1326,-1255
123000205,597,2537,-1940
123000206,1273,213,1060
123000207,148,1426,-1278
123000208,311,136,175
123000209,1506,475,1031
123000210,506,2055,-1549
123000211,539,3367,-2828
123000212,1938,363,1575
123000213,435,51,384
123000215,156,110,46
123000216,229,488,-259
123000217,145,40,105
123000218,85,409,-324
123000219,1194,62,1132
123000220,494,102,392
123000221,138,179,-41
123000222,272,629,-357
123000223,85,868,-783
123000224,399,810,-411
123000225,166,134,32
123000226,53,499,-446
123000227,62,469,-407
123000228,180,110,70
123000229,1261,2630,-1369
123000232,95,693,-598
123000233,572,199,373
123000234,161,829,-668
123000235,397,362,35
123000236,180,979,-799
123000237,208,89,119
123000238,91,879,-788
123000239,475,2393,-1918
123000240,49,356,-307
123000241,1101,154,947
123000242,94,254,-160
123000243,658,1155,-497
123000244,851,600,251
123000245,90,184,-94
123000249,552,929,-377
123000252,532,162,370
123000253,535,420,115
123000254,475,1253,-778
123000255,673,760,-87
123000256,52,260,-208
123000257,3992,2115,1877
123000258,1134,2177,-1043
123000259,190,515,-325
123000260,399,816,-417
123000261,115,245,-130
123000262,101,463,-362
123000263,308,143,165
123000264,163,53,110
123000265,60,266,-206
123000266,452,824,-372
123000267,246,337,-91
123000268,31,91,-60
123000269,45,36,9
123000270,52,55,-3
123000271,54,92,-38
123000272,755,289,466
123000273,217,505,-288
123000274,868,430,438
123000275,201,1188,-987
123000278,3692,2807,885
123000279,104,114,-10
123000280,260,469,-209
123000281,242,92,150
123000282,85,322,-237
123000283,81,35,46
123000284,43,121,-78
123000286,243,241,2
123000287,538,290,248
123000288,794,555,239
123000289,555,635,-80
123000291,347,903,-556
123000294,289,285,4
123000295,776,763,13
123000296,355,438,-83
123000297,399,1387,-988
123000298,359,1027,-668
123000299,37,430,-393
123000300,831,1022,-191
123000301,94,266,-172
123000302,46,296,-250
123000303,92,91,1
123000305,1081,1036,45
123000306,75,360,-285
123000309,58,77,-19
123000310,36,27,9
123000311,0,262,-262
123000312,1326,1764,-438
123000313,634,624,10
123000315,32,532,-500
123000316,2777,194,2583
123000317,256,46,210
123000318,76,419,-343
123000329,6,23,-17
123000337,269,272,-3
123000338,427,41,386
123000339,144,394,-250
123000340,127,436,-309
123000342,13,316,-303
123000343,68,0,68
123000344,1478,569,909
123000345,338,871,-533
123000346,238,93,145
123000352,2574,850,1724
123000353,17,225,-208
123000354,277,11,266
123000355,0,663,-663
123000356,110,10,100
123000357,0,384,-384
123000359,8,252,-244
123000360,248,50,198
123000361,843,325,518
123000362,240,242,-2
123000363,63,218,-155
123000364,460,359,101
123000365,22,288,-266
123000366,340,1559,-1219
123000367,707,1989,-1282
123000370,15,562,-547
123000371,179,26,153
123000372,196,18,178
123000373,1,539,-538
123000374,10,344,-334
123000375,189,32,157
123000376,715,702,13
123000377,169,12,157
123000378,6,592,-586
123000379,2,268,-266
123000380,78,265,-187
123000381,249,59,190
123000382,1338,76,1262
123000383,363,812,-449
123000384,541,122,419
123000385,380,1042,-662
123000436,74,673,-599
123000507,195,497,-302
123000508,212,474,-262
123000517,312,26,286
123000518,45,388,-343
123000519,118,116,2
123000520,81,372,-291
123000521,260,120,140
123000522,177,863,-686
123000541,2,1,1
123000542,0,66,-66
123000565,377,33,344
123000566,100,1291,-1191
123000567,178,338,-160
123000573,42,1245,-1203
123000574,353,96,257
123000575,1008,1567,-559
123000576,520,3131,-2611
123000577,75,741,-666
123000578,709,71,638
123000579,5189,3506,1683
123000580,65,18,47
123000582,246,26,220
123000583,9,690,-681
123000584,87,226,-139
123000585,0,130,-130
123000586,75,0,75
123000596,123,186,-63
123000597,49,120,-71
123000602,18,2,16
123000603,327,481,-154
123000604,395,1836,-1441
123000605,935,13,922
123000606,1,274,-273
123000609,19,285,-266
123000610,152,102,50
123000613,48,368,-320
123000614,102,76,26
123000615,54,449,-395
123000616,264,88,176
123000617,102,549,-447
123000618,99,804,-705
123000619,434,40,394
123000620,20,752,-732
123000622,226,18,208
123000624,115,186,-71
123000630,617,208,409
123000631,268,3312,-3044
123000632,1653,2287,-634
123000633,11,467,-456
123000634,190,68,122
123000635,377,68,309
123000636,91,1329,-1238
123000637,163,74,89
123000638,427,190,237
123000639,1075,2214,-1139
123000640,42,1413,-1371
123000648,289,97,192
123000649,40,1010,-970
123000650,262,447,-185
123000651,25,843,-818
123900001,1433,74,1359
123900002,23,920,-897
123900003,314,849,-535
123900005,193,122,71
123900006,179,48,131
124000001,1282,109,1173
124000002,106,2461,-2355
124000003,469,139,330
124000004,78,973,-895
124000005,653,282,371
124000006,315,1636,-1321
124000007,812,90,722
124000008,35,544,-509
124000009,328,386,-58
124000010,189,832,-643
124000011,792,373,419
124000012,229,929,-700
124000017,119,83,36
124000018,57,90,-33
124000019,106,76,30
124000020,46,220,-174
124000021,95,72,23
124000022,71,250,-179
124000023,1191,1164,27
124000024,939,795,144
124000025,1017,1368,-351
124000026,1389,1186,203
124000027,4564,3810,754
124000028,3143,4285,-1142
124000030,2069,920,1149
124000031,1023,1205,-182
124000032,7137,1398,5739
124000033,736,456,280
124000034,2680,1512,1168
124000035,200,139,61
124000036,154,823,-669
124000037,258,670,-412
124000038,55,87,-32
124000039,796,322,474
124000040,684,729,-45
124000041,200,48,152
124000042,79,507,-428
124000043,54,81,-27
124000044,60,357,-297
124000045,419,640,-221
124000046,289,1172,-883
124000047,894,1139,-245
124000048,754,2929,-2175
124000049,995,741,254
124000050,611,3587,-2976
124000051,477,481,-4
124000052,569,1981,-1412
124000053,498,1088,-590
124000054,914,961,-47
124000055,1101,1448,-347
124000056,5766,1727,4039
124000057,754,501,253
124000058,460,1973,-1513
124000059,435,684,-249
124000060,999,1274,-275
124000061,1287,3409,-2122
124000062,6416,1947,4469
124000063,1413,1901,-488
124000064,2791,2058,733
124000065,356,172,184
124000066,513,66,447
124000067,67,284,-217
124000068,251,171,80
124000069,487,414,73
124000070,135,528,-393
124000071,86,142,-56
124000072,91,440,-349
124000073,642,136,506
124000074,204,1007,-803
124000075,152,40,112
124000076,5,308,-303
124000077,1853,703,1150
124000078,1763,799,964
124000079,533,958,-425
124000080,203,108,95
124000081,120,981,-861
124000082,37,126,-89
124000083,63,265,-202
124000084,62,225,-163
124000085,65,48,17
124000086,51,84,-33
124000087,96,64,32
124000088,107,557,-450
124000089,503,493,10
124000090,123,467,-344
124000091,497,189,308
124000092,140,900,-760
124000093,100,133,-33
124000094,134,557,-423
124000095,58,76,-18
124000096,121,443,-322
124000097,84,128,-44
124000098,53,217,-164
124000099,179,102,77
124000100,66,143,-77
124000101,53,100,-47
124000102,90,142,-52
124000103,89,91,-2
124000104,99,149,-50
124000105,51,92,-41
124000106,208,168,40
124000107,8,117,-109
124000108,77,74,3
124000109,92,86,6
124000110,260,177,83
124000111,188,167,21
124000112,447,956,-509
124000113,55,100,-45
124000114,203,810,-607
124000115,323,1044,-721
124000116,87,93,-6
124000117,115,133,-18
124000118,32,69,-37
124000119,892,662,230
124000120,525,853,-328
124000121,2084,625,1459
124000122,725,1221,-496
124000123,870,432,438
124000124,613,994,-381
124000125,296,382,-86
124000126,284,661,-377
124000127,760,410,350
124000128,576,1119,-543
124000129,1704,1416,288
124000130,708,759,-51
124000131,774,466,308
124000132,768,868,-100
124000133,660,672,-12
124000134,701,886,-185
124000135,1505,1396,109
124000136,996,1255,-259
124000137,983,595,388
124000138,1238,1329,-91
124000139,643,81,562
124000140,73,878,-805
124000141,410,26,384
124000142,55,1065,-1010
124000143,111,12,99
124000144,9,250,-241
124000145,48,29,19
124000146,12,128,-116
124000148,12,65,-53
124000149,721,282,439
124000150,353,667,-314
124000151,498,314,184
124000152,779,1497,-718
124000153,457,590,-133
124000154,330,1146,-816
124000155,934,678,256
124000156,1811,1173,638
124000169,234,392,-158
124000170,879,578,301
124000171,242,284,-42
124000172,362,787,-425
124000173,274,460,-186
124000174,319,898,-579
124000175,18,141,-123
124000176,17,12,5
124000177,7,34,-27
124000178,16,30,-14
124000185,37,6,31
124000186,5,162,-157
124000187,7,221,-214
124000188,21,4,17
124000190,284,27,257
124000191,1419,104,1315
124000192,1679,283,1396
124000193,488,1097,-609
124000194,431,688,-257
124000195,271,611,-340
124000196,1067,1375,-308
124000197,47,94,-47
124000198,17,42,-25
124000201,331,1564,-1233
124000202,357,32,325
124000203,138,1510,-1372
124000204,267,552,-285
124000205,51,970,-919
124000206,306,139,167
124000207,0,49,-49
124000209,267,824,-557
124000210,158,239,-81
124000211,297,2,295
124000212,4,753,-749
124000213,162,626,-464
124000214,172,1724,-1552
124000215,138,15,123
124000216,4,747,-743
124000329,17,1790,-1773
124000338,115,3154,-3039
124000339,377,108,269
124000341,494,87,407
124000344,183,142,41
124000357,902,1977,-1075
124000358,633,1213,-580
124000359,687,623,64
124000360,389,486,-97
124000361,1163,624,539
124000362,1684,1877,-193
124000363,265,568,-303
124000364,502,1191,-689
124000365,580,1249,-669
124000366,2049,840,1209
124000367,158,854,-696
124000368,309,230,79
124000369,161,79,82
124000370,71,584,-513
124000402,13,7,6
124000403,52,6,46
124000404,16,170,-154
124000405,930,766,164
124000406,1007,892,115
124000407,6,72,-66
124000411,12,538,-526
124000412,201,17,184
124000413,401,57,344
124000414,43,109,-66
124000415,93,355,-262
124000416,72,519,-447
124000417,62,110,-48
124000418,135,145,-10
124000419,71,333,-262
124000420,61,70,-9
124000421,42,463,-421
124000422,32,20,12
124000423,96,54,42
124000424,2,224,-222
124000425,51,7,44
124000426,3,370,-367
124000427,90,2,88
124000428,28,41,-13
124000429,34,56,-22
124000430,378,351,27
124000431,418,1033,-615
124000432,116,1141,-1025
124000439,2,16,-14
124000443,1,1,0
124000445,295,502,-207
124000446,3597,95,3502
124000447,12,102,-90
124000448,46,4,42
124000449,47,7,40
124000450,36,782,-746
124000451,3,409,-406
124900001,355,259,96
124900002,86,533,-447
124900003,627,521,106
124900004,392,389,3
124900005,226,329,-103
124900006,426,457,-31
124900008,1249,487,762
124900009,123,196,-73
124900010,79,37,42
124900011,248,172,76
124900012,320,104,216
124900013,279,131,148
124900014,130,106,24
124900015,146,212,-66
124900016,61,78,-17
124900017,618,432,186
124900018,25,10,15
124900020,60,45,15
124900021,131,40,91
124900022,33,6,27
124900024,178,47,131
124900026,155,50,105
124900027,56,213,-157
124900028,736,170,566
124900029,9,373,-364
124900030,9,179,-170
124900031,19,418,-399
124900032,270,188,82
124900033,89,472,-383
124900034,3,174,-171
124900035,139,586,-447
124900036,0,45,-45
124900037,151,568,-417
124900039,2,29,-27
124900040,77,86,-9
124900042,83,2,81
124900043,499,1970,-1471
124900044,59,2,57
124900045,1166,934,232
124900047,1150,580,570
124900048,177,282,-105
124900050,137,492,-355
124900052,92,364,-272
124900053,142,673,-531
124900054,3282,387,2895
124900055,5,346,-341
124900057,11,98,-87
124900060,1897,1314,583
124900061,40,9,31
124900062,39,18,21
124900066,1,105,-104
124900067,5,330,-325
124900068,166,272,-106
124900070,36,21,15
124900072,55,28,27
124900075,139,224,-85
124900076,20,581,-561
124900077,20,128,-108
124900078,59,18,41
124900079,1066,83,983
124900080,327,1220,-893
124900081,652,261,391
124900082,684,2340,-1656
124900083,451,1351,-900
124900085,3420,600,2820
124900086,44,814,-770
124900087,2276,84,2192
124900088,982,366,616
124900089,1888,34,1854
124900090,181,270,-89
124900091,216,769,-553
124900092,219,558,-339
124900093,154,179,-25
124900094,285,278,7
124900095,51,362,-311
124900096,550,201,349
124900097,194,75,119
124900098,131,520,-389
124900099,700,420,280
124900100,193,68,125
124900101,40,257,-217
124900102,135,51,84
124900103,130,515,-385
124900104,48,397,-349
124900105,100,285,-185
124900106,241,55,186
124900107,48,31,17
124900108,218,47,171
124900111,0,63,-63
124900112,285,1612,-1327
124900113,98,235,-137
124900114,226,91,135
124900115,31,23,8
124900116,87,120,-33
124900117,1373,166,1207
124900118,162,163,-1
124900119,263,130,133
124900120,34,518,-484
124900121,96,182,-86
124900122,791,283,508
124900123,338,75,263
124900124,165,250,-85
204000001,40,18,22
204000002,24,21,3
204000003,15,0,15
204000004,16,1,15
204000005,443,562,-119
204000006,888,1750,-862
204000011,6,73,-67
204000012,62,97,-35
204000019,454,590,-136
204000020,392,1183,-791
204000021,2368,1028,1340
204000022,427,540,-113
204000023,421,1186,-765
204000031,131,31,100
204000032,545,42,503
204000034,23,326,-303
204000035,1,2,-1
204000036,4,17,-13
204000037,2,39,-37
204000038,3,48,-45
204000039,7,56,-49
204000040,4,59,-55
204000041,10,51,-41
204000042,28,15,13
204000043,21,0,21
204000044,13,1,12
204000045,15,6,9
204000046,20,0,20
204000057,4,19,-15
204000062,15,315,-300
204000068,32,199,-167
204000069,28,258,-230
204000070,65,152,-87
204000080,18,44,-26
204000085,1386,1849,-463
204000086,3289,2472,817
204000087,50,11,39
204000088,15,102,-87
204000090,22,445,-423
204000093,138,226,-88
204000096,623,977,-354
204000097,266,205,61
204000099,848,1464,-616
204000100,998,1495,-497
204000105,1833,2099,-266
204000110,755,1252,-497
204000111,369,857,-488
204000112,467,1103,-636
204000113,380,1155,-775
204000114,510,518,-8
204000115,392,475,-83
204000116,474,703,-229
204000119,1554,2446,-892
204000132,432,233,199
204000133,516,331,185
204000134,151,110,41
204000135,333,128,205
204000136,258,290,-32
204000138,250,211,39
204000140,130,137,-7
204000141,134,75,59
204000144,4,33,-29
204000145,463,45,418
204000146,18,469,-451
204000147,43,166,-123
204000148,340,45,295
204000154,7,0,7
204000155,7,5,2
204000177,47,86,-39
204000179,25,20,5
204000180,1,35,-34
204000222,1,10,-9
204000235,9,19,-10
204000236,80,419,-339
204000238,8,81,-73
204000240,314,100,214
204000263,649,1579,-930
204000268,1113,874,239
204000308,233,43,190
204000317,11,72,-61
204000322,3,59,-56
204000323,51,22,29
204000328,259,227,32
204000329,107,206,-99
204000330,269,293,-24
204000331,75,179,-104
205000001,1011,1627,-616
205000013,14,82,-68
205000014,18,94,-76
205000015,34,197,-163
205000016,15,166,-151
205000017,20,105,-85
205000022,358,713,-355
205000025,1785,1146,639
205000029,191,1,190
205000045,99,323,-224
205000046,84,764,-680
205000047,34,626,-592
205000048,244,1387,-1143
205000049,190,976,-786
205000050,1607,311,1296
205000059,1,298,-297
205000060,0,101,-101
205000061,4,32,-28
205000062,9,101,-92
205000063,29,229,-200
205000064,22,167,-145
205000065,74,684,-610
205000066,144,1020,-876
205000067,57,1257,-1200
205000069,180,23,157
205000082,177,337,-160
205000110,106,190,-84
205000111,177,285,-108
205000112,123,192,-69
205000113,172,285,-113
205000121,182,97,85
205000123,55,208,-153
205000126,551,188,363
205000127,616,311,305
205000128,669,200,469
205000129,737,157,580
205000130,879,63,816
205000131,509,10,499
205000132,643,5,638
205000133,383,0,383
205000134,200,0,200
205000137,94,133,-39
205000138,199,274,-75
205000139,36,97,-61
205000144,87,96,-9
205000145,246,252,-6
205000151,177,55,122
205000152,165,89,76
205000153,158,94,64
205000154,62,81,-19
205000155,93,25,68
205000207,5,180,-175
205000233,37,1,36
205000234,0,2,-2
205000243,0,0,0
205000244,0,4,-4
205000245,13,362,-349
205000249,0,34,-34
205000250,1,2,-1
205000264,7,88,-81
206000027,8,1,7
206000028,4,1,3
206000043,12,150,-138
206000053,0,8,-8
206000054,7,37,-30
206000055,1,14,-13
206000075,4,13,-9
206000076,22,7,15
206000077,15,11,4
206000078,15,5,10
206000079,9,5,4
206000082,391,29,362
206000100,95,830,-735
206000103,4,25,-21
206000104,5,23,-18
206000105,3,10,-7
206000106,16,46,-30
206000125,47,2,45
206000157,62,945,-883
206000170,0,187,-187
206000171,0,257,-257
206000172,6,1177,-1171
206000173,2,395,-393
206000174,1,177,-176
206000175,4,265,-261
206000176,16,446,-430
206000177,3,320,-317
206000178,0,291,-291
206000179,6,141,-135
206000180,12,333,-321
206000181,7,519,-512
206000182,16,437,-421
206000183,20,1458,-1438
206000184,4,572,-568
206000185,6,539,-533
206000186,87,2339,-2252
206000223,8,375,-367
206000226,5,7,-2
206000227,10,1,9
206000237,23,633,-610
206000238,37,1011,-974
206000239,817,3096,-2279
206000240,1,92,-91
206000241,0,255,-255
206000242,11,622,-611
206000243,9,585,-576
206000244,50,1224,-1174
206000245,350,42,308
206000246,45,10,35
206000247,94,12,82
206000248,182,4,178
206000252,48,22,26
206000258,10,30,-20
206000315,48,3,45
206000317,245,83,162
206000318,210,40,170
206000319,474,56,418
206000320,46,36,10
206000321,58,12,46
206000322,158,8,150
206000323,67,12,55
206000324,48,5,43
206000325,114,6,108
206000326,99,9,90
206000327,219,18,201
206000328,76,6,70
206000329,99,2,97
206000330,22,9,13
206000331,42,0,42
206000332,7,3,4
206000333,207,2,205
206000334,130,2,128
206000335,0,17,-17
206000361,2,319,-317
206000392,3,52,-49
206000405,101,2,99
206000441,15,22,-7
206000498,44,0,44
206000515,93,27,66
206000530,89,41,48
206000531,138,110,28
206000532,3198,121,3077
206000535,462,3186,-2724
206000536,19,416,-397
206000537,8,230,-222
206000613,1045,150,895
206000784,428,52,376
207000001,127,548,-421
207000002,153,445,-292
207000003,154,319,-165
207000007,509,209,300
207000008,36,12,24
207000009,46,25,21
207000010,403,847,-444
207000012,186,231,-45
207000015,359,2405,-2046
207000019,257,89,168
207000021,409,142,267
207000022,140,74,66
207000023,137,37,100
207000024,4,10,-6
207000025,15,69,-54
207000026,114,47,67
207000027,25,64,-39
207000028,99,222,-123
207000029,283,455,-172
207000033,261,290,-29
207000034,191,77,114
207000039,201,119,82
207000040,151,103,48
207000041,36,34,2
207000042,189,68,121
207000043,161,167,-6
207000051,113,357,-244
207000052,21,229,-208
207000053,412,904,-492
207000054,41,181,-140
207000055,124,275,-151
207000056,276,607,-331
207000057,138,406,-268
207000058,119,706,-587
207000059,130,1432,-1302
207000060,53,425,-372
207000061,136,256,-120
207000062,199,67,132
207000063,166,154,12
207000064,247,194,53
207000065,220,237,-17
207000066,141,168,-27
207000067,31,137,-106
207000068,134,81,53
207000069,612,388,224
207000082,39,645,-606
207000083,57,531,-474
207000084,154,206,-52
207000085,96,17,79
207000086,82,8,74
207000106,35,26,9
207000107,36,17,19
207000108,27,14,13
207000109,27,17,10
207000110,50,70,-20
207000111,25,61,-36
207000112,168,306,-138
207000114,18,51,-33
207000115,13,69,-56
207000116,11,412,-401
207000117,10,141,-131
207000118,11,79,-68
207000119,33,101,-68
207000123,155,19,136
207000124,40,20,20
207000125,58,31,27
207000126,61,56,5
207000134,51,328,-277
207000135,21,453,-432
207000148,47,184,-137
207000149,77,55,22
207000152,215,407,-192
207000153,931,1172,-241
207000154,443,169,274
207000159,73,374,-301
207000160,130,876,-746
207000238,0,155,-155
207000242,4,262,-258
207000248,22,15,7
207000249,153,58,95
207000250,857,59,798
207000251,111,56,55
207000252,55,75,-20
207000278,57,80,-23
207000279,17,278,-261
207000280,238,75,163
207000281,106,2008,-1902
207000282,229,37,192
207000283,148,461,-313
207000284,65,73,-8
207000285,238,64,174
207000291,17,144,-127
207000304,76,48,28
207000306,74,501,-427
207000310,34,71,-37
207000353,297,9,288
207000356,13,30,-17
207000357,12,14,-2
207000358,1,16,-15
207000415,11,199,-188
207000417,22,3,19
207000418,98,198,-100
207000438,0,3,-3
207000439,1006,377,629
207000446,129,10,119
207000460,10,13,-3
207000466,271,208,63
207000467,135,93,42
207000468,32,740,-708
207000476,12,103,-91
207000477,342,119,223
207000478,3,21,-18
207000523,1,17,-16
207000524,73,0,73
207000527,88,168,-80
207000530,199,12,187
207000531,214,15,199
207000532,44,5,39
207000534,623,49,574
207000535,49,242,-193
207000537,26,116,-90
207000540,4,163,-159
207000541,2,401,-399
207000548,14,327,-313
207000549,174,14,160
207000561,84,133,-49
207000562,36,215,-179
207000567,190,373,-183
207000568,115,178,-63
207000569,264,1640,-1376
207000584,281,199,82
207000585,52,285,-233
207000587,49,34,15
207000616,0,210,-210
207000617,120,0,120
207000624,63,27,36
207000631,2,47,-45
207900008,118,377,-259
208000001,358,749,-391
208000002,407,569,-162
208000003,845,704,141
208000004,958,922,36
208000005,25,24,1
208000019,385,936,-551
208000020,174,499,-325
208000021,170,832,-662
208000022,722,921,-199
208000028,1480,847,633
208000033,421,971,-550
208000034,1211,2367,-1156
208000037,485,55,430
208000040,88,165,-77
208000041,739,491,248
208000042,811,547,264
208000047,106,537,-431
208000064,2380,1609,771
208000066,1449,1324,125
208000070,227,474,-247
208000071,308,988,-680
208000072,292,1553,-1261
208000080,199,409,-210
208000081,225,290,-65
208000082,220,404,-184
208000083,161,509,-348
208000084,30,20,10
208000085,826,680,146
208000086,509,1026,-517
208000087,250,854,-604
208000089,733,1013,-280
208000090,650,1573,-923
208000093,125,149,-24
208000094,401,834,-433
208000095,525,500,25
208000104,699,1246,-547
208000105,571,1271,-700
208000114,96,213,-117
208000115,445,491,-46
208000116,359,926,-567
208000117,81,136,-55
208000118,125,125,0
208000155,491,1172,-681
208000158,1565,3449,-1884
208000186,3279,2961,318
208000204,431,1375,-944
208000205,1022,1911,-889
208000282,4350,2135,2215
209000004,117,287,-170
209000005,26,21,5
209000006,567,101,466
209000007,368,205,163
209000010,483,143,340
209000011,227,261,-34
209000012,134,288,-154
209000013,208,717,-509
209000014,514,2063,-1549
209000025,173,33,140
209000026,460,98,362
209000027,404,1364,-960
209000028,239,1227,-988
209000029,837,1115,-278
209000030,545,2263,-1718
209000031,5314,3141,2173
209000034,124,182,-58
209000035,113,152,-39
209000036,120,142,-22
209000037,151,255,-104
209000038,64,175,-111
209000039,40,176,-136
209000040,292,600,-308
209000041,156,459,-303
209000042,215,398,-183
209000043,819,787,32
209000044,173,758,-585
209000045,1103,435,668
209000046,387,547,-160
209000047,281,226,55
209000048,402,257,145
209000049,71,177,-106
209000050,205,288,-83
209000051,266,524,-258
209000052,180,540,-360
209000062,59,242,-183
209000063,25,198,-173
209000064,26,195,-169
209000065,40,43,-3
209000066,35,64,-29
209000067,39,117,-78
209000080,48,218,-170
209000082,62,65,-3
209000091,48,171,-123
209000093,80,34,46
209000094,239,233,6
209000110,23,95,-72
209000111,300,1227,-927
209000112,546,559,-13
209000113,1554,440,1114
209000114,258,396,-138
209000115,65,238,-173
209000116,1055,840,215
209000118,46,50,-4
209000119,57,9,48
209000121,105,761,-656
209000135,99,111,-12
209000142,595,1201,-606
209000143,128,122,6
209000144,74,78,-4
209000229,148,252,-104
209000240,31,512,-481
209000259,102,188,-86
209000260,87,1048,-961
209000261,4,654,-650
209000262,4,648,-644
209000263,1,175,-174
209000264,0,62,-62
209000265,212,2,210
209000266,65,0,65
209000267,453,11,442
209000268,436,23,413
210000037,52,26,26
210000047,46,35,11
210000048,59,55,4
210000049,46,43,3
210000052,28,144,-116
210000053,18,115,-97
210000054,34,135,-101
210000070,72,1,71
210000071,70,0,70
210000072,19,0,19
210000073,0,38,-38
210000074,0,145,-145
210000075,0,74,-74
210000076,22,148,-126
210000077,57,41,16
210000078,71,37,34
210000079,74,11,63
210000080,188,47,141
210000081,184,46,138
210000082,62,4,58
210000083,106,0,106
210000084,15,0,15
210000085,1,114,-113
210000086,6,153,-147
210000099,25,241,-216
210000100,58,312,-254
210000101,98,326,-228
210000105,36,239,-203
210000159,1,135,-134
210000163,193,284,-91
210000164,260,106,154
210000168,179,25,154
210000187,1,34,-33
210000188,0,27,-27
210000214,12,1,11
210000219,13,102,-89
210000220,42,173,-131
210000232,5,14,-9
210000233,29,52,-23
210000234,30,171,-141
210000235,42,191,-149
210000245,1,115,-114
210000246,80,29,51
210000258,13,87,-74
210000259,260,34,226
210000282,100,230,-130
210000285,1,136,-135
210000286,8,175,-167
210000290,4,12,-8
210000295,34,230,-196
210000296,43,105,-62
210000320,108,191,-83
210000321,85,115,-30
210000338,97,153,-56
210000339,498,1027,-529
210000340,107,362,-255
210000341,129,290,-161
210000342,154,242,-88
210000343,141,263,-122
210000344,334,145,189
210000345,194,228,-34
210000346,76,125,-49
210000347,165,27,138
210000348,141,14,127
210000349,120,19,101
210000350,51,52,-1
210000351,60,112,-52
210000352,42,136,-94
210000353,33,173,-140
210000354,56,181,-125
210000355,58,136,-78
210000356,136,97,39
210000357,74,73,1
210000358,590,123,467
210000359,165,92,73
210000360,155,147,8
210000361,144,158,-14
210000362,170,204,-34
210000363,931,152,779
210000364,92,123,-31
210000365,95,66,29
210000366,97,55,42
210000367,53,50,3
210000368,167,34,133
210000369,21,30,-9
210000370,54,92,-38
210000372,85,54,31
210000373,122,23,99
210000374,54,17,37
210000375,31,159,-128
210000376,79,183,-104
210000404,85,221,-136
210000439,12,83,-71
210000472,117,3,114
210000482,108,75,33
210000564,504,216,288
210000567,0,28,-28
210000568,644,2,642
211000092,37,87,-50
211000094,25,11,14
211000169,229,10,219
211000172,26,380,-354
211000209,0,28,-28
211000226,13,35,-22
211000270,42,24,18
211000275,30,42,-12
211000276,62,57,5
211000279,14,96,-82
211000281,24,89,-65
211000302,17,139,-122
211507980,1,26,-25
211977296,34,5,29
212000003,126,51,75
212000004,76,30,46
212000005,22,25,-3
212000006,32,127,-95
212000008,138,298,-160
212000009,31,265,-234
212000012,41,90,-49
212000013,14,53,-39
212000014,208,182,26
212000015,204,282,-78
212000016,366,757,-391
212000027,360,676,-316
212000028,225,519,-294
212000029,130,325,-195
212000030,19,33,-14
212000031,42,94,-52
212000048,27,121,-94
212000049,11,78,-67
212000050,10,2,8
212000051,156,300,-144
212000052,121,453,-332
212000053,260,640,-380
212000054,118,197,-79
212000055,180,405,-225
212000056,17,42,-25
212000057,10,28,-18
212000058,465,30,435
212000070,94,379,-285
212000077,97,849,-752
212000099,167,289,-122
212000108,266,263,3
212000111,161,165,-4
212000120,216,180,36
212000138,58,18,40
212000156,3,161,-158
212000158,5,10,-5
212000159,241,61,180
212000160,321,308,13
212000161,30,14,16
212000310,10,11,-1
212000311,5,93,-88
212000374,15,17,-2
213000001,40,836,-796
213000005,276,109,167
213000006,900,200,700
213000007,146,6,140
213000009,600,369,231
213000010,208,241,-33
213000011,235,141,94
213000012,135,308,-173
213000014,43,11,32
213000015,189,8,181
213000016,310,2,308
213000017,56,0,56
213000018,1,257,-256
213000019,1,232,-231
213000020,86,503,-417
213000021,3,191,-188
213000023,208,203,5
213000033,259,1137,-878
213000034,648,363,285
213000035,97,235,-138
213000045,154,312,-158
213000046,257,273,-16
213000047,709,913,-204
213000056,39,31,8
213000069,77,3,74
213000073,0,25,-25
213000074,125,735,-610
213000075,532,9,523
213000076,35,6,29
213000085,4,41,-37
213000086,12,287,-275
213000091,82,9,73
213000092,40,16,24
213000099,177,1082,-905
213000100,1260,297,963
213000101,194,166,28
213000102,229,447,-218
213000103,637,1048,-411
213000104,51,738,-687
213000105,5,154,-149
213000106,20,242,-222
213000107,143,972,-829
213000108,18,650,-632
213000109,9,325,-316
213000110,7,64,-57
213000111,8,110,-102
213000112,159,195,-36
213000115,51,10,41
213000116,94,1288,-1194
213000117,13,1638,-1625
213000118,241,392,-151
213000119,57,1161,-1104
213000120,122,1082,-960
213000122,415,1024,-609
213000123,1027,1537,-510
213000124,92,1418,-1326
213000125,120,16,104
213000126,64,143,-79
213000127,188,202,-14
213000128,1178,896,282
213000129,496,426,70
213000130,224,242,-18
213000132,189,77,112
213000133,244,103,141
213000134,606,14,592
213000136,216,23,193
213000137,388,74,314
213000139,463,18,445
213000147,101,3,98
213000148,30,18,12
213000149,49,4,45
213000150,1,107,-106
213000151,0,125,-125
213000152,3,88,-85
213000153,1,60,-59
213000154,33,343,-310
213000155,43,426,-383
213000156,83,960,-877
213000157,1130,715,415
213000158,296,784,-488
213000159,360,843,-483
213000163,323,97,226
213000165,436,190,246
213000171,0,185,-185
213000172,3,402,-399
213000173,0,271,-271
213000174,1,149,-148
213000175,100,243,-143
213000176,7,28,-21
213000177,27,6,21
213000178,51,6,45
213000179,110,0,110
213000180,68,1,67
213000184,78,683,-605
213000188,184,83,101
213000189,189,41,148
213000190,709,1129,-420
213000191,157,739,-582
213000192,150,780,-630
213000193,2509,239,2270
213000194,1,38,-37
213000195,18,692,-674
213000196,250,1136,-886
213000197,263,624,-361
213000198,40,4,36
213000200,116,1315,-1199
213000201,89,52,37
213000202,10,1319,-1309
213000203,4519,620,3899
213000204,478,80,398
213000205,135,80,55
213000206,293,61,232
213000207,195,15,180
213000208,102,3,99
213000209,189,2,187
213000210,312,3,309
213000211,10,13,-3
213000212,21,11,10
213000213,24,27,-3
213000218,183,1195,-1012
213000219,398,21,377
213000220,401,11,390
213000223,216,178,38
213000224,33,42,-9
213000225,38,10,28
213000226,57,16,41
213000227,604,194,410
213000228,205,117,88
213000229,365,28,337
213000230,364,50,314
213000232,98,723,-625
213000233,13,23,-10
213000234,11,31,-20
213000293,28,73,-45
213000294,170,8,162
213000295,2,96,-94
213000296,77,31,46
213000297,10,123,-113
213000298,14,113,-99
213000299,54,68,-14
213000300,30,3,27
213000303,11,41,-30
213000304,1,7,-6
213000305,2,12,-10
213000306,59,39,20
213000307,341,76,265
213000308,83,467,-384
213000309,123,75,48
213000310,143,95,48
213000311,284,861,-577
213000315,54,254,-200
213000316,58,69,-11
213000322,140,267,-127
213000323,78,280,-202
213000324,61,164,-103
213000325,51,189,-138
213000326,40,106,-66
213000327,68,100,-32
213000328,138,134,4
213000329,103,107,-4
213000340,147,1243,-1096
213000341,207,103,104
213000346,130,168,-38
213000347,835,246,589
213000348,10,156,-146
213000349,55,9,46
213000350,228,1932,-1704
213000366,44,557,-513
213000367,107,52,55
213000379,49,134,-85
213000386,9,233,-224
213000406,111,421,-310
213000417,951,345,606
213000425,505,292,213
213000426,481,320,161
213000427,25,461,-436
213000428,27,313,-286
213000429,6,5,1
213000430,113,1861,-1748
213000431,23,1,22
213000432,0,16,-16
213000433,9,179,-170
213000434,76,130,-54
213000435,112,239,-127
213000436,23,90,-67
213000437,75,83,-8
213000438,53,82,-29
213000439,76,21,55
213000440,74,417,-343
213000441,0,0,0
213000442,405,165,240
213000443,320,670,-350
213000444,43,247,-204
213000445,0,179,-179
213000446,2,15,-13
213000447,7,41,-34
213000448,9,84,-75
213000449,170,2,168
213000450,16,55,-39
213000451,162,104,58
213000452,20,31,-11
213000453,76,491,-415
213000455,299,3,296
213000456,2,201,-199
213000481,26,9,17
213000482,34,15,19
213000489,544,92,452
213000491,2,168,-166
213000492,312,22,290
213000493,0,86,-86
213000494,104,173,-69
213000495,0,148,-148
213000496,189,280,-91
213000497,42,326,-284
213000498,68,286,-218
213000499,82,879,-797
213000500,293,99,194
213000501,88,26,62
213000502,192,75,117
213000503,3,72,-69
213000504,5,199,-194
213000505,10,26,-16
213000506,0,8,-8
213000507,2,141,-139
213900244,15,0,15
213900245,0,25,-25
218000003,18,16,2
218000004,22,16,6
218000005,37,30,7
218000006,78,27,51
218000007,14,11,3
218000012,483,161,322
218000013,79,138,-59
218000014,357,407,-50
218000019,705,549,156
218000020,246,547,-301
218000040,7,2,5
218000046,32,189,-157
218000047,12,260,-248
218000048,45,283,-238
218000049,117,261,-144
218000050,286,383,-97
218000051,46,490,-444
218000052,2,212,-210
218000053,9,15,-6
218000054,13,48,-35
218000055,3,18,-15
218000056,16,40,-24
218000057,1,49,-48
218000064,1,10,-9
218000065,61,49,12
218000066,9,47,-38
218000067,49,161,-112
218000068,79,131,-52
218000069,118,257,-139
218000070,87,306,-219
218000071,162,345,-183
218000072,252,249,3
218000078,585,1686,-1101
218000079,49,69,-20
218000080,58,89,-31
218000081,167,307,-140
218000082,23,153,-130
218000083,25,55,-30
218000084,76,175,-99
218000085,80,557,-477
218000086,31,213,-182
218000087,148,263,-115
218000090,0,39,-39
218000091,781,506,275
218000092,51,205,-154
218000093,49,90,-41
218000094,381,848,-467
218000099,226,502,-276
218000100,159,325,-166
218000101,149,172,-23
218000102,181,331,-150
218000103,40,217,-177
218000104,46,67,-21
218000105,23,15,8
218000106,10,9,1
218000107,46,76,-30
218000108,5,42,-37
218000112,39,26,13
218000117,20,48,-28
218000134,349,1144,-795
218000135,37,173,-136
218000136,247,85,162
218000137,138,89,49
218000138,15,106,-91
218000139,112,382,-270
218000140,263,252,11
218000141,66,59,7
218000142,106,111,-5
218000143,90,123,-33
218000144,69,79,-10
218000145,187,396,-209
218000146,48,163,-115
218000151,14,29,-15
218000152,58,48,10
218000170,2,36,-34
218000171,43,7,36
218000172,16,16,0
218000173,49,14,35
218000174,28,7,21
218000176,97,23,74
218000177,185,175,10
218000178,67,164,-97
218000179,72,74,-2
218000180,49,27,22
218000181,143,47,96
218000187,5,17,-12
218000188,48,55,-7
218000189,12,101,-89
218000190,3,7,-4
218000191,97,135,-38
218000192,106,560,-454
218000193,301,749,-448
218000194,92,637,-545
218000195,64,98,-34
218000196,238,334,-96
218000197,136,379,-243
218000198,8,175,-167
218000199,37,49,-12
218000200,41,58,-17
218000201,9,16,-7
218000202,335,191,144
218000207,27,97,-70
218000208,29,81,-52
218000211,53,13,40
218000213,86,130,-44
218000214,4,36,-32
218000215,37,116,-79
218000217,3,181,-178
218000218,170,114,56
218000219,76,19,57
218000220,157,315,-158
218000221,985,156,829
218000222,54,18,36
218000223,44,147,-103
218000224,8,95,-87
218000225,127,12,115
218000226,80,58,22
218000232,26,97,-71
218000239,119,6,113
218000240,19,8,11
218000241,37,0,37
218000242,81,5,76
218000243,39,3,36
218000244,21,3,18
218000245,4,1,3
218000246,0,1,-1
218000247,0,0,0
218000248,1,20,-19
218000249,0,0,0
218000250,5,16,-11
218000251,9,18,-9
218000252,0,14,-14
218000253,5,16,-11
218000254,0,4,-4
218000255,2,9,-7
218000256,2,52,-50
218000267,1222,1219,3
218000268,22,84,-62
218000269,6,18,-12
218000270,36,71,-35
218000271,35,112,-77
218000273,16,16,0
218000274,7,12,-5
218000275,9,23,-14
218000276,2,55,-53
218000278,15,25,-10
218000279,38,90,-52
218000280,5,58,-53
218000281,13,27,-14
218000282,671,319,352
218000284,176,35,141
218000301,67,69,-2
218000302,45,35,10
218000303,25,61,-36
218000316,518,1122,-604
218000317,541,1104,-563
218000318,316,906,-590
218000319,666,2162,-1496
218000320,597,938,-341
218000338,78,16,62
218000345,137,78,59
218000346,44,140,-96
218000459,59,338,-279
218000490,80,86,-6
218000501,60,37,23
218000502,26,139,-113
218000503,59,19,40
218000504,182,16,166
218000505,46,228,-182
218000506,32,224,-192
218000508,1,7,-6
218000510,160,12,148
218000520,112,126,-14
218000521,3,150,-147
218000522,0,141,-141
218000523,121,23,98
218000524,44,201,-157
218000525,58,10,48
218000526,18,108,-90
218000529,30,558,-528
218000531,5,14,-9
218000532,14,40,-26
218000534,55,21,34
218000537,45,55,-10
218000538,88,96,-8
218000540,218,48,170
218000543,71,50,21
218000544,37,158,-121
218000545,41,54,-13
218000546,34,168,-134
218000547,67,87,-20
218000548,99,286,-187
218000549,349,159,190
218000550,260,576,-316
218000551,196,581,-385
218000552,432,38,394
218000553,39,121,-82
218000554,25,40,-15
218000555,39,54,-15
218000556,148,486,-338
218000557,175,167,8
218000558,44,1,43
218000559,0,32,-32
218000560,0,21,-21
218000561,26,1,25
218000562,33,259,-226
218000563,194,14,180
218000564,19,123,-104
218000565,192,31,161
218000566,356,36,320
218000567,2,62,-60
218000568,25,4,21
218000569,10,236,-226
218000570,200,9,191
218000571,1,122,-121
218000572,120,1,119
218000573,30,87,-57
218000574,143,76,67
218000575,107,0,107
218000576,0,74,-74
218000577,88,3,85
218000578,0,57,-57
218000579,39,2,37
218000581,12,88,-76
218000582,22,5,17
218000583,1,1,0
218000584,0,30,-30
218000585,23,6,17
218000586,6,44,-38
218000587,5,2,3
218000588,3,2,1
218000589,0,2,-2
218000590,0,1,-1
218000591,2,5,-3
218000592,14,3,11
218000593,13,2,11
218000594,3,2,1
218000597,0,0,0
218000598,0,0,0
218000599,0,0,0
218000600,0,2,-2
218000601,0,1,-1
218000602,1,9,-8
218000603,0,5,-5
218000604,14,1,13
218000605,0,26,-26
218000606,102,0,102
218000607,7,58,-51
218000608,53,26,27
218000609,1,58,-57
218000610,105,4,101
218000611,16,4,12
218000612,0,20,-20
218000613,16,11,5
218000614,0,44,-44
218000615,65,0,65
218000616,3,186,-183
218000617,24,1,23
218000618,1,35,-34
218000619,29,36,-7
218000620,2,14,-12
218000621,0,7,-7
218000622,0,5,-5
218000623,10,2,8
218000624,2,6,-4
218000625,11,2,9
218000626,0,11,-11
218000628,103,41,62
218000631,46,21,25
218000632,0,73,-73
218000633,66,0,66
218000634,5,25,-20
218000635,8,7,1
218000636,660,2109,-1449
218000637,501,563,-62
218000638,70,110,-40
218000639,5,181,-176
218000640,117,35,82
218000641,34,346,-312
218000652,59,138,-79
218000653,130,42,88
218000663,11,306,-295
218000675,40,68,-28
218000680,161,820,-659
218000681,369,138,231
218000691,85,655,-570
218000693,82,134,-52
218000718,929,714,215
218000719,1431,212,1219
218000720,5,84,-79
218000721,57,10,47
218001147,8,668,-660
218001214,13,10,3
218001258,78,9,69
218001329,117,82,35
218001330,86,191,-105
218001351,26,13,13
218001352,16,32,-16
218001353,33,15,18
218001354,4,34,-30
218001355,44,586,-542
218001356,157,10,147
218001357,37,545,-508
218001358,116,8,108
218001361,122,25,97
218001362,4,414,-410
219000001,19,104,-85
219000002,60,73,-13
219000003,30,24,6
219000004,55,60,-5
219000017,209,28,181
219000020,74,23,51
219000022,127,0,127
219000023,65,2,63
219000029,0,110,-110
219000034,46,15,31
219000039,31,44,-13
219000040,22,24,-2
219000041,99,51,48
219000051,0,48,-48
219000052,0,15,-15
219000053,0,267,-267
219000054,2,21,-19
219000055,78,0,78
219000056,22,1,21
219000057,47,0,47
219000062,19,356,-337
219000063,61,13,48
219000064,5,67,-62
219000110,214,45,169
219000111,82,42,40
219000112,159,47,112
219000113,94,57,37
219000114,206,60,146
219000116,70,40,30
219000117,126,194,-68
219000118,82,73,9
219000123,560,107,453
219000124,60,61,-1
219000125,5,26,-21
219000126,81,109,-28
219000127,0,7,-7
219000128,29,136,-107
219000129,39,193,-154
219000130,626,930,-304
219000131,510,764,-254
219000133,61,28,33
219000134,12,41,-29
219000135,36,51,-15
219000136,193,189,4
219000138,42,29,13
219000139,15,80,-65
219000140,14,1,13
219000141,13,149,-136
219000142,8,133,-125
219000143,19,124,-105
219000145,3,67,-64
219000146,2,90,-88
219000147,1,63,-62
219000148,6,65,-59
219000149,27,218,-191
219000150,4,128,-124
219000151,5,130,-125
219000157,101,120,-19
219000158,133,269,-136
219000161,119,17,102
219000163,1379,483,896
219000166,55,226,-171
219000167,61,309,-248
219000168,241,110,131
219000174,275,88,187
219000175,40,1,39
219000176,36,4,32
219000177,21,5,16
219000178,22,1,21
219000179,12,10,2
219000180,23,30,-7
219000182,91,15,76
219000183,38,39,-1
219000184,81,10,71
219000185,0,78,-78
219000186,60,52,8
219000187,23,134,-111
219000189,187,187,0
219000190,131,352,-221
219000191,1218,1220,-2
219000192,149,117,32
219000193,592,196,396
219000195,0,79,-79
219000196,2,158,-156
219000198,20,214,-194
219000199,104,226,-122
219000200,47,160,-113
219000201,91,274,-183
219000203,25,147,-122
219000204,80,210,-130
219000205,57,229,-172
219000207,162,265,-103
219000209,26,101,-75
219000210,83,115,-32
219000213,9,472,-463
219000239,166,271,-105
219000240,177,405,-228
219000241,90,315,-225
219000242,44,293,-249
219000243,126,516,-390
219000244,33,190,-157
219000245,51,71,-20
219000246,68,21,47
219000247,96,29,67
219000248,339,209,130
219000249,103,62,41
219000250,96,76,20
219000251,355,153,202
219000252,239,133,106
219000253,210,62,148
219000255,50,89,-39
219000256,140,89,51
219000257,80,2,78
219000262,103,296,-193
219000263,32,318,-286
219000267,0,287,-287
219000268,3,14,-11
219000269,5,0,5
219000270,6,0,6
219000271,94,4,90
219000278,2,12,-10
219000279,0,3,-3
219000283,0,16,-16
219000295,8,139,-131
219000296,71,599,-528
219000297,21,200,-179
219000298,4,267,-263
219000299,342,93,249
219000300,15,286,-271
219000301,361,271,90
219000302,39,178,-139
219000307,36,48,-12
219000308,40,29,11
219000311,116,49,67
219000312,373,70,303
219000313,158,26,132
219000314,94,602,-508
219000315,164,50,114
219000316,305,50,255
219000317,77,33,44
219000320,1,54,-53
219000321,0,30,-30
219000323,5,108,-103
219000325,1,47,-46
219000326,63,171,-108
219000327,40,42,-2
219000328,28,58,-30
219000329,179,116,63
219000330,12,26,-14
219000331,37,42,-5
219000332,72,65,7
219000333,8,5,3
219000335,60,9,51
219000337,4,1,3
219000338,62,24,38
219000344,32,62,-30
219000345,52,128,-76
219000346,42,166,-124
219000348,103,221,-118
219000349,43,425,-382
219000350,34,98,-64
219000351,9,2,7
219000352,137,61,76
219000353,95,34,61
219000354,75,126,-51
219000355,97,66,31
219000356,1200,683,517
219000363,224,32,192
219000364,57,27,30
219000365,113,12,101
219000366,174,229,-55
219000368,356,349,7
219000370,938,248,690
219000371,7,22,-15
219000382,3,16,-13
219000383,672,928,-256
219000385,531,525,6
219000386,1169,1569,-400
219000387,2,5,-3
219000390,1,2,-1
219000391,2,0,2
219000397,72,79,-7
219000398,57,19,38
219000401,4,121,-117
219000402,18,132,-114
219000403,100,162,-62
219000404,21,67,-46
219000407,4,57,-53
219000409,40,53,-13
219000410,59,38,21
219000411,62,19,43
219000446,236,548,-312
219000447,4,24,-20
219000448,8,5,3
219000452,97,32,65
219000453,69,179,-110
219000454,236,169,67
219000556,126,107,19
219000558,83,423,-340
219000590,13,188,-175
219000591,49,108,-59
219000592,102,365,-263
219000595,1,55,-54
219000635,69,48,21
219000636,36,101,-65
219000657,15,17,-2
219000658,12,44,-32
219000673,0,7,-7
219000676,9,0,9
219000679,26,2,24
219000684,82,0,82
219000685,3,111,-108
219000686,1,2,-1
219000688,0,115,-115
219000689,37,261,-224
219000690,146,34,112
219000691,62,193,-131
219000692,168,49,119
219000693,0,34,-34
219000694,5,0,5
219000695,12,4,8
219000698,61,0,61
219000699,0,14,-14
219000727,2,323,-321
219000728,66,2,64
219000770,15,0,15
219000771,0,35,-35
219000788,201,352,-151
219001150,0,11,-11
219001151,0,2,-2
219001166,31,17,14
219001167,2,99,-97
219001178,24,0,24
220000001,95,57,38
220000002,10,208,-198
220000003,407,346,61
220000004,606,686,-80
220000005,1300,1493,-193
220000006,162,1110,-948
220000007,320,811,-491
220000008,332,1402,-1070
220000009,191,772,-581
220000010,219,194,25
220000011,894,3039,-2145
220000012,110,330,-220
220000014,74,55,19
220000015,60,254,-194
220000017,62,438,-376
220000018,7152,2064,5088
220000019,88,271,-183
220000020,348,253,95
220000021,481,195,286
220000022,400,593,-193
220000023,148,195,-47
220000024,1409,390,1019
220000025,683,636,47
220000026,175,135,40
220000027,20,80,-60
220000028,19,38,-19
220000029,57,294,-237
220000030,89,75,14
220000031,204,289,-85
220000064,44,1314,-1270
221000046,7,0,7
221000047,0,3,-3
221000048,0,1,-1
221000049,0,19,-19
221000050,18,0,18
221000055,48,50,-2
221000057,59,18,41
221000068,329,118,211
221000069,315,74,241
221000070,134,29,105
221000071,56,10,46
221000072,175,16,159
221000073,177,59,118
221000074,2,28,-26
221000075,26,29,-3
221000076,7,39,-32
221000077,55,102,-47
221000081,42,6,36
221000082,40,3,37
221000083,33,5,28
221000084,4,2,2
221000085,11,67,-56
221000086,12,168,-156
221000087,8,236,-228
221000088,8,190,-182
221000089,48,289,-241
221000090,130,568,-438
221000098,93,16,77
221000099,161,23,138
221000100,54,2,52
221000101,227,20,207
221000102,70,24,46
221000109,9,95,-86
221000110,9,158,-149
221000111,23,170,-147
221000112,3,205,-202
221000113,25,244,-219
221000114,7,213,-206
221000120,19,29,-10
221000121,1,20,-19
221000122,28,33,-5
221000123,18,48,-30
221000124,28,331,-303
221000155,71,15,56
221000156,38,28,10
221000175,1,6,-5
221000176,2,5,-3
221000182,34,6,28
221000241,639,218,421
221000242,205,498,-293
221000243,449,107,342
221000244,190,573,-383
221000245,63,124,-61
221000246,20,369,-349
221000247,89,141,-52
221000248,121,251,-130
221000267,57,1017,-960
221000325,67,68,-1
221000331,6,107,-101
221000338,22,34,-12
221000378,103,35,68
221000381,100,150,-50
222000282,9,1,8
222000296,5,17,-12
222000568,269,10,259
222000569,114,24,90
222000570,68,12,56
222000571,320,15,305
222000577,6,331,-325
222000578,23,258,-235
222000579,31,167,-136
222000580,149,951,-802
222000599,0,136,-136
222000600,4,309,-305
222000601,6,913,-907
222000603,21,35,-14
222000604,4,35,-31
222000605,14,21,-7
222000606,1,1,0
222000607,1,3,-2
222000608,11,8,3
222000609,43,450,-407
222000616,174,48,126
222000617,17,19,-2
222000618,4,1,3
222000620,84,5,79
222000621,70,15,55
222000623,476,0,476
222000624,227,3,224
222000625,231,32,199
222000636,82,5,77
222000686,41,4,37
222000687,12,31,-19
222001066,422,7,415
222001067,6,26,-20
222001068,31,186,-155
222001069,14,121,-107
222001082,3,53,-50
222001083,12,41,-29
222001084,0,67,-67
222001085,1,75,-74
222001111,37,325,-288
222001112,97,79,18
222001313,24,4,20
222001314,2,67,-65
222001464,100,56,44
222001465,27,375,-348
222001484,54,77,-23
222001485,35,80,-45
222001494,218,142,76
222001495,68,637,-569
222001496,188,87,101
222001497,86,720,-634
222001502,29,104,-75
222001503,58,35,23
222001504,11,317,-306
222001505,215,22,193
222001506,27,232,-205
222001507,182,14,168
222001510,211,21,190
222001511,34,401,-367
222001514,364,129,235
222001515,225,799,-574
222001518,86,58,28
222001519,30,374,-344
222001527,135,64,71
222001528,41,231,-190
222001529,89,43,46
222001530,51,316,-265
222001533,123,461,-338
222001534,121,61,60
222001535,131,179,-48
222001536,46,618,-572
222001537,144,23,121
222001538,66,588,-522
222001563,278,92,186
222001564,35,911,-876
222001568,204,136,68
222001576,0,1,-1
222001579,2,4,-2
222001583,20,289,-269
222001584,45,27,18
222001596,533,1887,-1354
222001597,722,238,484
222001626,0,155,-155
222001650,27,62,-35
222001651,58,118,-60
222001914,133,59,74
222001915,63,298,-235
222001968,280,209,71
222001969,326,1361,-1035
222001970,117,345,-228
222001971,10,88,-78
222001972,5,26,-21
225000001,333,161,172
225000002,215,127,88
225000003,277,89,188
225000004,173,206,-33
225000005,20,94,-74
225000006,0,114,-114
225000007,4097,1158,2939
225000010,158,9,149
225000011,524,892,-368
225000012,148,524,-376
225000013,133,161,-28
225000014,721,66,655
225000015,81,270,-189
225000021,472,237,235
225000027,225,609,-384
225000032,448,141,307
225000042,67,933,-866
225000049,42,65,-23
225000050,53,19,34
225000053,4,212,-208
225000058,589,122,467
225000067,135,223,-88
225000068,62,681,-619
225000069,138,718,-580
225000070,62,612,-550
225000071,24,375,-351
225000075,30,1207,-1177
225000076,63,162,-99
225000078,88,57,31
225000085,23,103,-80
225000086,246,51,195
225000087,139,22,117
225000088,10,166,-156
225000089,287,785,-498
225000090,19,455,-436
225000091,124,299,-175
225000092,35,71,-36
225000093,132,528,-396
225000094,6,616,-610
225000095,321,761,-440
225000096,271,641,-370
225000098,483,183,300
225000099,204,122,82
225000100,115,122,-7
225000104,80,503,-423
225000110,9,603,-594
225000111,179,1288,-1109
225000112,364,1055,-691
225000113,103,731,-628
225000114,47,392,-345
225000115,3431,613,2818
225000116,926,140,786
225000117,935,363,572
225000118,600,246,354
225000119,112,102,10
225000120,468,51,417
225000121,215,26,189
225000123,1270,11,1259
225000125,222,444,-222
225000126,1346,252,1094
225000127,963,592,371
225000128,456,476,-20
225000132,214,25,189
225000133,190,28,162
225000134,549,125,424
225000135,17,8,9
225000136,129,10,119
225000137,129,91,38
225000138,351,39,312
225000143,80,122,-42
225000144,1,325,-324
225000145,26,59,-33
225000146,45,157,-112
225000147,11,437,-426
225000148,5,338,-333
225000149,70,586,-516
225000151,32,326,-294
225000155,312,558,-246
225000156,314,848,-534
225000157,203,447,-244
225000158,99,455,-356
225000171,1,203,-202
225000180,49,4,45
225000181,0,76,-76
225000182,140,7,133
225000185,10,456,-446
225000187,55,480,-425
225000191,51,4,47
225000194,1,15,-14
225000208,1,37,-36
225000209,42,26,16
225000210,5,294,-289
225000217,0,26,-26
225000218,14,1,13
225000223,0,178,-178
225000224,451,1,450
225000225,2,65,-63
225000226,124,1,123
225000227,45,74,-29
225000228,11,6,5
225000229,0,119,-119
225000230,5,1,4
225000231,0,117,-117
225000232,48,0,48
225000241,98,0,98
225000242,1,52,-51
225000249,23,24,-1
225000250,37,1028,-991
225000251,317,36,281
226000042,571,479,92
226000043,122,325,-203
226000044,196,920,-724
226000045,99,589,-490
226000046,338,57,281
226000047,259,67,192
226000048,240,70,170
226000049,156,136,20
226000070,1,68,-67
226000071,0,100,-100
226000072,0,16,-16
226000073,0,6,-6
226000074,0,7,-7
226000084,1,87,-86
226000085,9,54,-45
226000086,6,17,-11
226000087,2,21,-19
226000088,17,7,10
226000090,39,40,-1
226000091,9,7,2
226000092,0,0,0
226000093,28,1,27
226000094,21,3,18
226000095,21,0,21
226000105,6,1,5
226000106,4,0,4
226000107,7,1,6
226000108,21,0,21
226000109,77,1,76
226000124,104,55,49
226000134,263,444,-181
226000135,594,589,5
226000136,187,368,-181
226000137,4,795,-791
226000138,10,603,-593
226000139,3,25,-22
226000156,96,11,85
226000157,106,8,98
226000163,54,33,21
226000202,8,699,-691
226000231,238,7,231
226000232,16,5,11
227000033,198,59,139
227000036,133,35,98
227000037,165,25,140
227000038,134,26,108
227000049,1,15,-14
227000050,0,64,-64
227000055,26,0,26
227000056,35,0,35
227000084,2,44,-42
227000085,0,30,-30
227000088,62,0,62
227000089,81,3,78
227000090,16,0,16
227000091,11,0,11
227000093,75,1,74
227000094,3,0,3
227000130,25,87,-62
227000131,14,310,-296
227000132,11,266,-255
227000133,10,264,-254
227000134,14,362,-348
227000152,1,3,-2
227000153,0,17,-17
227000155,0,14,-14
227000156,0,13,-13
227000165,9,18,-9
227000196,110,447,-337
227000199,134,638,-504
227000230,22,577,-555
227000232,181,38,143
227000242,54,483,-429
227000243,231,81,150
227000245,10,411,-401
227000246,60,467,-407
227000247,192,69,123
227000248,340,42,298
227000249,33,223,-190
227000250,394,180,214
227000251,149,386,-237
227000252,10,401,-391
227000253,56,19,37
227000262,176,42,134
227000266,433,12,421
227000267,57,2733,-2676
227000282,4,254,-250
227000284,180,17,163
227000286,2,97,-95
227000287,6,124,-118
227000291,14,655,-641
227000484,197,14,183
227000485,15,640,-625
227000655,53,27,26
227000656,420,31,389
227000657,25,23,2
227000661,180,14,166
227000680,238,23,215
229000265,7,53,-46
229000296,1,16,-15
229000297,0,49,-49
229000298,15,212,-197
229000320,7,11,-4
229000321,7,3,4
229000412,20,40,-20
229000414,21,47,-26
229000415,5,1,4
229000416,1,2,-1
229000417,6,14,-8
229000419,84,260,-176
229000440,194,72,122
229000442,35,2,33
229000443,7,1,6
229000444,1,51,-50
229000445,33,31,2
229000446,41,15,26
229000847,34,0,34
229000848,7,0,7
229000849,82,1,81
229000851,12,0,12
229000854,0,79,-79
229000856,0,176,-176
229000857,0,45,-45
229000858,2,128,-126
229000919,9,114,-105
229000930,0,296,-296
229000937,49,14,35
229000966,29,24,5
229000981,17,97,-80
229000985,13,49,-36
229000986,5,10,-5
229000987,0,2,-2
229000988,5,7,-2
229000989,8,6,2
229000990,0,1,-1
229000991,0,2,-2
229000992,12,2,10
229000993,253,8,245
229000998,8,107,-99
229000999,67,24,43
229001034,0,9,-9
229001035,19,1,18
229001037,28,16,12
229001042,12,17,-5
229001047,0,69,-69
229001050,56,83,-27
229001200,14,2,12
229001338,9,17,-8
229001394,164,1,163
229001422,48,13,35
229001423,28,163,-135
229001431,20,29,-9
229001432,27,102,-75
229001444,106,66,40
229001445,57,196,-139
229001503,123,52,71
229001504,87,299,-212
229001505,82,50,32
229001506,30,337,-307
229001509,29,51,-22
229001545,62,4,58
229001546,8,91,-83
229001553,16,13,3
229001554,10,117,-107
229001559,5,6,-1
229001560,4,36,-32
229001630,49,9,40
229001631,2,35,-33
229001635,1,8,-7
229001636,1,2,-1
229001658,0,95,-95
229001659,47,0,47
229001660,2,1,1
229001661,1,35,-34
229001662,65,1,64
229001663,0,12,-12
229002584,127,166,-39
229002831,252,105,147
229002841,11,18,-7
229002842,12,20,-8
229002843,29,26,3
229002844,44,26,18
229002845,9,58,-49
229002846,27,16,11
229002847,4,8,-4
229002848,6,3,3
229002849,1,46,-45
229002850,6,1,5
229002851,22,84,-62
229002852,58,11,47
229002853,96,9,87
229002854,37,57,-20
229002855,16,22,-6
229002856,17,17,0
229002857,2,34,-32
229002858,0,8,-8
229002859,15,10,5
229002860,39,7,32
229002861,41,14,27
229002862,28,17,11
229002863,23,11,12
229002864,2,38,-36
229002865,44,9,35
229002866,23,9,14
229002867,4,14,-10
229002868,10,5,5
229002869,13,136,-123
229002870,54,6,48
235000066,215,116,99
235000067,80,155,-75
235000072,22,70,-48
235000073,32,209,-177
235000074,14,77,-63
235000080,27,80,-53
235000081,50,151,-101
235000082,105,57,48
235000083,75,94,-19
235000084,50,48,2
235000085,53,58,-5
235000089,15,46,-31
235000092,8,119,-111
235000093,6,4,2
235000097,3,6,-3
235000098,44,13,31
235000099,6,28,-22
235000116,49,31,18
235000117,815,5,810
235000133,15,241,-226
235000134,13,88,-75
235000206,5,0,5
235000207,3,1,2
235000208,2,0,2
235000209,1,0,1
235000210,14,1,13
235000212,6,30,-24
235000213,3,10,-7
235000220,0,8,-8
235000221,27,10,17
235000238,5,28,-23
235000239,1,4,-3
235000242,226,234,-8
235000245,1082,212,870
235000246,10,50,-40
235000284,8,100,-92
235000295,113,12,101
235000305,128,10,118
235000306,91,5,86
235000307,14,1,13
235000308,14,0,14
235000309,40,2,38
235000310,10,0,10
235000311,65,7,58
235000322,0,28,-28
235000323,0,59,-59
235000324,0,16,-16
235000325,0,18,-18
235000326,6,415,-409
235000351,7,75,-68
235000352,9,63,-54
235000353,1,25,-24
235000354,2,45,-43
235000355,9,50,-41
235000356,41,24,17
235000357,8,12,-4
235000358,42,8,34
235000359,2,0,2
235000360,40,8,32
235000361,42,4,38
235000381,48,397,-349
235000382,69,33,36
235000390,9,3,6
235000391,55,16,39
235000392,56,149,-93
235000393,37,101,-64
235000395,39,24,15
235000396,156,64,92
235000400,95,103,-8
235000401,50,204,-154
235000405,106,273,-167
235000406,23,273,-250
235000407,42,134,-92
235000409,195,182,13
235000410,35,288,-253
235000411,2,113,-111
235000485,0,10,-10
235000486,8,0,8
235000549,24,61,-37
235000550,70,218,-148
235000599,48,64,-16
235000600,24,18,6
235000601,11,40,-29
235000602,48,129,-81
235000614,2,1,1
235000648,0,14,-14
235000649,28,1,27
235000685,2,6,-4
235000815,4,26,-22
235000834,0,10,-10
235000855,23,56,-33
235000862,17,211,-194
235000891,0,11,-11
235000892,32,3,29
235000901,33,92,-59
235000907,7,6,1
235001010,21,42,-21
235001029,472,451,21
235001030,182,149,33
235001078,48,49,-1
235001079,67,102,-35
235001147,7,39,-32
235001166,14,83,-69
235001167,17,45,-28
235001169,36,357,-321
235001188,1,9,-8
235001189,3,1,2
235001197,17,37,-20
235001200,12,39,-27
235001207,192,51,141
235001210,50,392,-342
235001215,43,292,-249
235001239,3,31,-28
235001244,1,8,-7
235016267,0,28,-28
277102712,21,3,18
277103813,0,1,-1
277103814,0,0,0
277104249,0,8,-8
277104250,0,21,-21
277104251,0,11,-11
277104252,0,2,-2
990011530,2,227,-225
990014944,2,438,-436
990015176,4,1,3
990015618,1,67,-66
990016032,2,515,-513
990032570,1,140,-139
990070001,108,1,107
990070103,0,2,-2
990070601,1,42,-41
990070751,321,1,320
990070766,3,1116,-1113
990071180,809,273,536
990071343,63,25,38
990071387,0,10,-10
990071823,181,2,179
990072600,0,828,-828
990072964,0,510,-510
990073285,0,3,-3
990074393,5,1534,-1529
990074870,667,45,622
990075106,680,2,678
990075746,251,4,247
990076437,512,5,507
990076458,5,1623,-1618
997000007,214,3,211
997000041,1,73,-72
997000058,38,0,38
997000062,67,0,67
997000069,0,6,-6
997000070,0,149,-149
997000100,22,0,22
997000141,2,898,-896
997000198,414,576,-162
998000475,1,14,-13
998000736,2,359,-357
998000965,0,3,-3
998001031,0,59,-59
998001700,0,19,-19
998001899,0,4,-4
998001900,11,3,8
998003073,617,13,604
998101900,0,0,0
998102850,2,104,-102
998501927,683,423,260
998501929,58,4,54
998501930,59,0,59
998501931,136,18,118
998501932,2,0,2
998501933,35,3,32
998501937,16,1,15
998501944,2,1,1
998501950,0,2,-2
998501970,45,3,42
998501971,1,88,-87
998501973,0,134,-134
998501974,0,279,-279
998501975,219,1,218
998501976,113,4,109
998501977,0,11,-11
998501978,29,1,28
998501979,0,9,-9
998501980,194,1,193
998501981,36,17,19
998501982,1,101,-100
998501983,0,0,0
998502006,0,0,0
998502024,0,3,-3
998502032,0,0,0
998502062,31,3,28
998502063,0,0,0
998502173,48,0,48
998502269,0,2,-2
998502546,0,140,-140
998502578,0,3,-3
998502599,122,289,-167
998502621,0,2,-2
998601159,5,363,-358
998601292,0,26,-26
999033574,5,1241,-1236
999800001,34,4,30
999800002,0,4,-4
999800003,1,1,0
999800004,0,2,-2
999800005,0,1,-1
