ID,insum,outsum,diff
100000001,1096,993,103
100000002,4646,6913,-2267
100000003,4326,6673,-2347
100000004,360,1358,-998
100000005,2871,4771,-1900
100000006,501,378,123
100000007,2664,972,1692
100000008,122,925,-803
100000009,496,455,41
100000010,17,92,-75
100000011,581,271,310
100000012,42,2432,-2390
100000013,38,664,-626
100000014,250,462,-212
100000015,1446,2165,-719
100000016,639,2253,-1614
100000017,538,1853,-1315
100000018,1020,1108,-88
100000019,3619,3350,269
100000020,1348,6464,-5116
100000021,7092,2343,4749
100000022,892,4258,-3366
100000023,5747,2021,3726
100000025,462,2326,-1864
100000028,554,2235,-1681
100000029,48,1174,-1126
100000030,53,55,-2
100000031,1705,6782,-5077
100000032,2042,5065,-3023
100000033,1334,4085,-2751
100000034,177,1862,-1685
100000035,919,1684,-765
100000036,766,2059,-1293
100000037,665,385,280
100000038,2390,1286,1104
100000039,303,505,-202
100000040,367,236,131
100000041,1466,864,602
100000042,1128,546,582
100000043,692,822,-130
100000044,199,1028,-829
100000045,307,902,-595
100000046,384,712,-328
100000047,181,341,-160
100000048,268,676,-408
100000049,1513,1131,382
100000051,536,512,24
100000053,79,14,65
100000054,360,18,342
100000055,579,324,255
100000056,400,871,-471
100000057,1847,588,1259
100000058,661,607,54
100000059,8,205,-197
100000060,676,300,376
100000061,1989,679,1310
100000062,1471,715,756
100000063,760,356,404
100000064,1417,767,650
100000065,240,834,-594
100000066,189,500,-311
100000067,233,635,-402
100000068,316,1158,-842
100000069,314,1063,-749
100000072,146,430,-284
100000073,873,806,67
100000075,914,215,699
100000076,1511,5774,-4263
100000077,159,552,-393
100000078,7,59,-52
100000079,27,98,-71
100000080,10,74,-64
100000081,61,215,-154
100000102,3286,7531,-4245
100000103,1151,1525,-374
100000104,3235,2979,256
100000105,1709,2278,-569
100000106,897,4725,-3828
100000107,105,1978,-1873
100000108,176,1158,-982
100000109,563,1953,-1390
100000116,331,562,-231
100000117,100,266,-166
100000118,531,1126,-595
100000119,686,1224,-538
100000121,330,659,-329
100000122,327,2309,-1982
100000123,1131,3589,-2458
100000124,2076,3508,-1432
100000125,6469,2471,3998
100000126,641,1080,-439
100000127,984,961,23
100000128,522,2717,-2195
100000129,438,1135,-697
100000130,630,251,379
100000131,816,1936,-1120
100000132,861,1928,-1067
100000133,1379,1133,246
100000135,754,1513,-759
100000139,182,750,-568
100000140,120,178,-58
100000142,495,653,-158
100000143,1531,384,1147
100000144,1740,642,1098
100000147,1582,4572,-2990
100000150,76,632,-556
100000151,542,2815,-2273
100000153,106,662,-556
100000154,18,692,-674
100000155,9,55,-46
100000156,205,321,-116
100000157,499,301,198
100000158,207,255,-48
100000159,115,1631,-1516
100000165,533,649,-116
100000169,21,2125,-2104
100000174,285,1397,-1112
100000179,99,1006,-907
100000180,553,3877,-3324
100000181,289,381,-92
100000188,95,256,-161
100000189,948,586,362
100000190,402,1920,-1518
100000191,761,773,-12
100000192,34,133,-99
100000193,194,251,-57
100000330,711,1068,-357
100000355,227,845,-618
100000362,1649,967,682
100000363,6998,7802,-804
100000364,79,473,-394
100000365,6433,10957,-4524
100000366,1627,1319,308
100000367,5131,7807,-2676
100000368,2423,881,1542
100000369,681,2610,-1929
100000370,181,1188,-1007
100000376,50,258,-208
100000379,1111,3186,-2075
100000380,3662,9042,-5380
100000384,5321,8913,-3592
100000385,1259,5833,-4574
100000386,2079,8722,-6643
100000387,2991,8517,-5526
100000388,2033,7080,-5047
100000389,4000,8795,-4795
100000390,3120,5909,-2789
100000391,2145,10642,-8497
100000392,1018,3425,-2407
100000393,710,6967,-6257
100000394,2786,7207,-4421
100000395,1280,6315,-5035
100000396,1850,3015,-1165
100000397,2011,8758,-6747
100000398,6136,4328,1808
100000413,4,1,3
100000414,444,1623,-1179
100900002,9,13,-4
100900003,403,333,70
100900004,5,647,-642
100900005,133,36,97
100900006,54,35,19
100900007,144,7,137
100900008,48,443,-395
100900009,45,82,-37
100900010,51,12,39
100900011,171,94,77
100900012,0,122,-122
100900013,940,16,924
100900014,6,1,5
100900015,39,24,15
100900016,0,26,-26
100900017,1122,52,1070
100900018,1,19,-18
100900019,42,86,-44
100900020,415,6,409
100900021,353,2,351
100900022,7,24,-17
100900023,0,31,-31
100900024,338,1,337
100900025,3,2,1
100900026,132,53,79
100900027,519,2542,-2023
100900028,101,491,-390
100900029,133,15,118
100900030,2,340,-338
100900031,730,23,707
100900032,562,0,562
100900033,104,490,-386
100900034,1148,1,1147
100900035,148,1,147
100900036,12,0,12
100900037,128,103,25
100900038,46,153,-107
100900039,181,199,-18
100900040,627,232,395
100900041,987,247,740
100900042,763,2374,-1611
100900043,0,40,-40
100900044,806,412,394
100900045,6,3,3
100900046,1183,53,1130
100900047,629,143,486
100900048,94,34,60
100900049,73,89,-16
100900050,4,4,0
100900051,43,148,-105
100900052,215,21,194
100900053,697,21,676
100900054,7,47,-40
100900055,235,1105,-870
100900056,31,89,-58
100900057,2183,795,1388
100900058,107,77,30
100900059,123,9,114
100900060,193,6,187
100900061,139,108,31
100900062,0,65,-65
100900063,281,795,-514
100900064,481,18,463
100900065,70,164,-94
100900066,220,149,71
100900067,10,4,6
100900068,89,161,-72
100900069,186,12,174
100900070,537,7,530
100900071,236,102,134
100900072,12,54,-42
100900073,107,227,-120
100900074,5,27,-22
100900075,1451,189,1262
100900076,11,40,-29
100900077,75,9,66
100900078,53,181,-128
100900079,10,77,-67
100900080,53,88,-35
100900081,14,92,-78
100900082,181,215,-34
100900083,6,50,-44
100900085,12,516,-504
100900086,68,281,-213
100900088,190,152,38
100900089,5,35,-30
100900090,90,953,-863
100900091,1,15,-14
100900092,108,118,-10
100900093,344,364,-20
100900094,151,120,31
100900095,2,43,-41
100900096,52,285,-233
100900097,8,3,5
100900098,14,22,-8
100900099,5,337,-332
100900100,12,599,-587
100900101,127,30,97
100900102,9,139,-130
100900103,15,17,-2
100900104,9,305,-296
100900105,12,542,-530
100900106,12,4,8
100900107,2311,981,1330
100900108,4,26,-22
100900109,9,37,-28
100900110,8,7,1
100900111,14,172,-158
100900112,6,22,-16
100900113,21,16,5
100900114,2,8,-6
100900115,9,30,-21
100900116,1085,447,638
100900117,188,1111,-923
100900118,16,32,-16
100900119,19,30,-11
100900120,23,3,20
100900121,364,380,-16
100900122,77,90,-13
100900123,109,91,18
100900124,2,9,-7
100900125,10,32,-22
100900126,277,102,175
100900127,3,2,1
100900128,68,467,-399
100900129,4,352,-348
100900131,21,156,-135
100900133,89,24,65
100900134,5,0,5
100900135,2,1056,-1054
100900137,260,230,30
100900138,433,417,16
100900139,3,15,-12
100900140,10,181,-171
100900141,7,983,-976
100900142,0,8,-8
100900143,340,714,-374
100900144,2,4,-2
100900145,51,220,-169
100900146,2,21,-19
100900147,6,1612,-1606
100900148,68,176,-108
100900149,40,225,-185
100900150,1,22,-21
100900151,70,506,-436
100900152,247,8,239
100900153,0,282,-282
100900154,17,254,-237
100900155,8,9,-1
100900156,31,2,29
100900157,13,1016,-1003
100900159,5,76,-71
100900160,19,23,-4
100900161,31,4,27
100900162,17,521,-504
100900163,78,78,0
100900164,36,69,-33
100900165,14,29,-15
100900166,12,1,11
100900167,20,46,-26
100900168,43,205,-162
100900169,68,561,-493
100900170,9,2,7
100900171,33,451,-418
100900172,0,49,-49
100900173,3,110,-107
100900174,38,29,9
100900176,1896,169,1727
100900177,347,201,146
100900178,156,253,-97
100900179,361,304,57
100900180,0,2,-2
100900181,54,52,2
100900182,105,18,87
100900184,13,102,-89
100900186,360,236,124
100900187,41,65,-24
100900188,19,10,9
100900189,2943,225,2718
100900191,456,1298,-842
100900192,129,470,-341
100900195,91,317,-226
100900197,27,52,-25
100900198,29,79,-50
100900199,8,2,6
100900200,651,347,304
100900201,78,557,-479
100900202,49,0,49
100900203,4,399,-395
100900204,59,936,-877
100900205,124,581,-457
100900206,241,83,158
100900207,249,165,84
100900210,137,155,-18
100900211,622,168,454
100900213,251,41,210
100900214,308,137,171
100900215,17,47,-30
100900217,96,112,-16
101000001,1915,2173,-258
101000002,8637,8433,204
101000003,344,1030,-686
101000004,807,4118,-3311
101000005,2720,5787,-3067
101000006,2122,9651,-7529
101000007,2163,3358,-1195
101000008,6182,3016,3166
101000009,2589,731,1858
101000010,860,563,297
101000011,1297,224,1073
101000012,331,652,-321
101000013,559,1252,-693
101000014,222,360,-138
101000015,2187,1320,867
101000016,238,872,-634
101000017,399,589,-190
101000018,2035,5319,-3284
101000020,1738,1199,539
101000021,570,1159,-589
101000022,35,191,-156
101000023,972,1152,-180
101000025,95,240,-145
101000026,295,12,283
101000027,1758,4038,-2280
101000028,1173,483,690
101000029,65,1415,-1350
101000030,737,106,631
101000031,99,764,-665
101000032,2149,5259,-3110
101000033,1300,5491,-4191
101000034,912,2648,-1736
101000035,972,397,575
101000036,900,2610,-1710
101000037,1156,3830,-2674
101000039,2421,4693,-2272
101000040,2652,7219,-4567
101000041,1920,6753,-4833
101000042,101,1056,-955
101000043,2734,6040,-3306
101000045,229,986,-757
101000046,756,2306,-1550
101000047,739,4695,-3956
101000048,482,343,139
101000049,511,2537,-2026
101000050,654,1984,-1330
101000051,600,2408,-1808
101000052,1242,1343,-101
101000053,526,1443,-917
101000054,1403,818,585
101000055,850,1934,-1084
101000056,26,227,-201
101000057,916,2234,-1318
101000058,880,1842,-962
101000059,2058,2813,-755
101000060,1968,1328,640
101000061,341,2332,-1991
101000062,632,929,-297
101000063,250,1895,-1645
101000064,370,1349,-979
101000065,190,1151,-961
101000066,280,1545,-1265
101000067,354,1117,-763
101000068,152,370,-218
101000069,128,123,5
101000070,383,849,-466
101000071,2782,1111,1671
101000072,517,2468,-1951
101000073,587,1219,-632
101000074,1869,3125,-1256
101000075,1873,3986,-2113
101000077,1416,1456,-40
101000078,409,763,-354
101000079,985,1143,-158
101000080,1080,1314,-234
101000081,1586,1438,148
101000082,1888,1843,45
101000083,3437,2440,997
101000084,834,488,346
101000085,1345,1189,156
101000086,872,1402,-530
101000087,775,929,-154
101000088,1865,1132,733
101000089,952,1665,-713
101000090,1560,887,673
101000091,566,447,119
101000092,2661,723,1938
101000093,1705,575,1130
101000094,1161,948,213
101000095,565,495,70
101000096,933,351,582
101000097,293,793,-500
101000098,482,948,-466
101000099,519,1185,-666
101000100,700,1323,-623
101000101,211,775,-564
101000102,502,1237,-735
101000103,367,981,-614
101000104,245,1124,-879
101000105,212,639,-427
101000106,239,1266,-1027
101000107,277,481,-204
101000108,566,91,475
101000109,626,109,517
101000110,48,169,-121
101000111,46,190,-144
101000113,372,1765,-1393
101000114,3400,10895,-7495
101000115,14,29,-15
101000116,39,37,2
101000117,1177,153,1024
101000119,27,87,-60
101000120,76,126,-50
101000121,39,61,-22
101000122,76,115,-39
101000123,45,101,-56
101000124,659,581,78
101000125,114,228,-114
101000128,181,931,-750
101000130,387,422,-35
101000131,1760,470,1290
101000132,950,651,299
101000135,19,28,-9
101000136,171,197,-26
101000137,47,598,-551
101000141,604,4559,-3955
101000147,1281,387,894
101000148,1064,12,1052
101000149,39,190,-151
101000150,176,301,-125
101000151,398,23,375
101000152,321,330,-9
101000153,301,133,168
101000154,481,409,72
101000155,496,186,310
101000156,71,452,-381
101000157,170,59,111
101000160,11,25,-14
101000163,101,547,-446
101000164,332,165,167
101000165,281,539,-258
101000166,140,233,-93
101000168,1149,676,473
101000252,2596,1096,1500
101000254,30,47,-17
101000258,45,7,38
101000261,85,120,-35
101000262,1307,5844,-4537
101000263,279,1632,-1353
101000265,50,940,-890
101000266,350,263,87
101000269,12,29,-17
101000290,523,3177,-2654
101000293,14,91,-77
101000294,684,563,121
101000295,307,253,54
101000301,332,711,-379
101000304,2161,3449,-1288
101000305,3090,1085,2005
101000328,125,660,-535
101900001,45,64,-19
101900002,0,2,-2
101900003,18,112,-94
101900004,2,313,-311
101900005,1061,3575,-2514
101900006,1766,382,1384
101900007,522,143,379
101900008,57,318,-261
101900009,55,479,-424
101900010,526,690,-164
101900011,64,952,-888
101900012,531,91,440
101900013,384,84,300
101900017,4,98,-94
101900018,635,268,367
101900019,81,201,-120
101900020,78,39,39
101900021,4,50,-46
101900022,221,440,-219
101900023,199,151,48
101900026,149,43,106
101900027,27,125,-98
102000001,1803,4783,-2980
102000002,512,631,-119
102000003,3096,7434,-4338
102000004,2897,2517,380
102000005,1337,4015,-2678
102000006,2030,2089,-59
102000007,2024,4892,-2868
102000008,2370,1573,797
102000009,7743,9221,-1478
102000010,3364,2295,1069
102000011,6445,6851,-406
102000012,6441,3473,2968
102000018,2212,3109,-897
102000019,2658,1667,991
102000026,596,409,187
102000029,258,295,-37
102000030,162,371,-209
102000031,54,129,-75
102000032,608,342,266
102000033,406,337,69
102000034,413,377,36
102000035,1268,473,795
102000036,46,268,-222
102000038,19,138,-119
102000039,89,312,-223
102000040,172,568,-396
102000041,63,1141,-1078
102000042,62,652,-590
102000043,68,683,-615
102000044,447,1474,-1027
102000045,811,889,-78
102000046,1447,989,458
102000047,680,877,-197
102000048,420,533,-113
102000049,901,1299,-398
102000050,1319,1513,-194
102000051,317,748,-431
102000052,1082,1604,-522
102000053,587,1413,-826
102000054,1056,977,79
102000055,1717,318,1399
102000056,1910,382,1528
102000057,1963,457,1506
102000058,1049,952,97
102000059,1030,1210,-180
102000060,1010,1047,-37
102000061,2024,1604,420
102000062,2397,974,1423
102000063,1261,1637,-376
102000064,838,778,60
102000065,44,141,-97
102000066,922,1104,-182
102000067,4754,3253,1501
102000068,11209,4339,6870
102000069,139,3089,-2950
102000070,2015,40,1975
102000071,8611,11872,-3261
102000072,2591,5067,-2476
102000073,649,779,-130
102000074,611,890,-279
102000075,191,285,-94
102000076,488,419,69
102000077,739,372,367
102000078,1286,317,969
102000079,166,180,-14
102000080,77,66,11
102000081,233,1052,-819
102000082,1235,914,321
102000083,954,145,809
102000084,687,246,441
102000085,2372,645,1727
102000086,1668,745,923
102000087,851,1248,-397
102000088,564,319,245
102000089,1646,301,1345
102000090,386,1115,-729
102000091,1557,678,879
102000092,265,516,-251
102000093,1631,739,892
102000094,510,406,104
102000095,680,641,39
102000096,425,474,-49
102000097,711,546,165
102000098,291,778,-487
102000099,1050,1101,-51
102000100,192,1731,-1539
102000101,484,763,-279
102000102,615,1265,-650
102000103,4318,513,3805
102000104,925,329,596
102000105,264,677,-413
102000106,973,408,565
102000107,1341,435,906
102000108,719,246,473
102000109,1485,440,1045
102000110,901,289,612
102000111,1164,614,550
102000112,144,205,-61
102000113,33,30,3
102000114,894,629,265
102000115,256,367,-111
102000116,241,761,-520
102000117,56,1305,-1249
102000118,1034,2048,-1014
102000119,1095,2260,-1165
102000120,383,555,-172
102000121,823,666,157
102000122,558,994,-436
102000123,1197,716,481
102000124,1142,1458,-316
102000125,602,607,-5
102000126,603,893,-290
102000127,792,600,192
102000128,759,940,-181
102000129,1251,502,749
102000130,832,829,3
102000131,965,512,453
102000132,565,842,-277
102000133,3296,1330,1966
102000134,1063,706,357
102000135,1060,678,382
102000136,1334,460,874
102000137,393,1060,-667
102000138,228,271,-43
102000139,91,861,-770
102000140,117,1676,-1559
102000141,104,284,-180
102000142,372,249,123
102000143,295,197,98
102000144,414,250,164
102000145,408,240,168
102000146,344,274,70
102000147,523,374,149
102000148,342,540,-198
102000149,295,135,160
102000150,589,77,512
102000151,114,111,3
102000152,418,186,232
102000153,972,783,189
102000154,195,454,-259
102000155,60,902,-842
102000156,194,180,14
102000157,34,1327,-1293
102000158,264,435,-171
102000159,1834,1195,639
102000161,2271,1995,276
102000162,210,279,-69
102000163,120,515,-395
102000164,667,803,-136
102000165,256,224,32
102000166,101,261,-160
102000167,173,260,-87
102000168,232,216,16
102000169,145,583,-438
102000170,809,131,678
102000171,156,123,33
102000172,31,386,-355
102000173,439,364,75
102000174,142,62,80
102000175,100,102,-2
102000176,50,39,11
102000178,259,458,-199
102000179,444,234,210
102000180,1097,282,815
102000181,1099,263,836
102000182,645,329,316
102000183,2192,1001,1191
102000184,768,263,505
102000185,3367,759,2608
102000186,2582,933,1649
102000187,1925,1311,614
102000188,1516,1523,-7
102000189,3226,1206,2020
102000190,537,2426,-1889
102000191,993,287,706
102000192,2523,1884,639
102000193,93,107,-14
102000194,56,300,-244
102000195,483,448,35
102000196,297,292,5
102000197,1006,217,789
102000198,180,447,-267
102000199,1406,169,1237
102000200,285,489,-204
102000201,1368,268,1100
102000202,5,186,-181
102000203,548,182,366
102000204,732,558,174
102000205,1370,573,797
102000206,769,388,381
102000207,496,643,-147
102000208,465,629,-164
102000209,44,72,-28
102000210,785,511,274
102000211,400,167,233
102000212,502,19,483
102000213,10,153,-143
102000214,435,6,429
102000215,4,179,-175
102000216,91,98,-7
102000217,25,75,-50
102000218,323,228,95
102000219,195,136,59
102000225,397,667,-270
102000226,196,429,-233
102000227,140,3,137
102000228,3,151,-148
102000229,43,37,6
102000230,375,303,72
102000231,490,325,165
102000232,70,233,-163
102000233,1800,719,1081
102000234,77,1113,-1036
102000236,541,152,389
102000237,595,578,17
102000238,429,838,-409
102000240,730,1188,-458
102000241,209,76,133
102000243,29,46,-17
102000245,11,88,-77
102000246,11,60,-49
102000247,675,730,-55
102000248,1083,1660,-577
102000249,818,381,437
102000250,83,186,-103
102000254,281,157,124
102000266,6,658,-652
102000271,34,1,33
102000286,488,337,151
102000297,2546,1382,1164
102000303,0,6,-6
102000305,0,0,0
102000307,0,8,-8
102900001,1022,616,406
102900002,375,55,320
102900003,99,172,-73
102900005,573,210,363
102900006,545,71,474
102900007,831,10,821
102900008,273,15,258
102900009,262,486,-224
102900010,140,1299,-1159
102900011,880,409,471
102900012,605,101,504
102900013,44,37,7
102900015,799,601,198
102900016,85,23,62
102900017,300,201,99
102900018,118,68,50
102900019,325,546,-221
102900020,336,37,299
102900021,87,54,33
102900022,137,106,31
102900023,14,64,-50
102900024,63,45,18
102900025,125,58,67
102900026,420,2223,-1803
102900027,112,59,53
102900028,220,885,-665
102900029,94,278,-184
102900030,313,274,39
102900031,341,91,250
102900032,103,36,67
102900033,97,138,-41
102900034,569,32,537
102900035,161,159,2
102900036,424,177,247
102900037,306,127,179
102900038,442,192,250
102900039,8,669,-661
102900040,223,262,-39
102900041,84,128,-44
102900042,372,176,196
102900043,256,196,60
102900044,510,1292,-782
102900045,293,329,-36
102900046,225,103,122
102900047,149,575,-426
102900048,562,202,360
102900049,107,349,-242
102900050,198,303,-105
102900051,250,220,30
102900053,272,518,-246
102900054,293,1373,-1080
102900055,211,248,-37
102900056,105,309,-204
102900057,9,65,-56
102900058,567,106,461
102900059,26,28,-2
102900060,95,329,-234
102900061,183,217,-34
102900062,383,393,-10
102900063,1809,315,1494
102900064,121,508,-387
102900065,779,176,603
102900066,352,9,343
102900068,28,113,-85
102900070,138,339,-201
102900072,15,53,-38
102900073,78,27,51
102900075,10,117,-107
102900076,44,166,-122
102900077,26,17,9
102900078,25,47,-22
102900079,245,5,240
102900080,519,28,491
102900081,79,250,-171
102900082,9,292,-283
102900083,113,7,106
102900084,1,66,-65
102900085,275,93,182
102900086,16,92,-76
102900087,258,167,91
102900088,45,68,-23
102900089,172,116,56
102900090,1,192,-191
102900091,251,1,250
102900092,438,138,300
102900094,3,295,-292
102900095,82,2,80
102900096,136,12,124
102900097,7,39,-32
103000001,1951,2382,-431
103000002,2476,2903,-427
103000003,2997,3263,-266
103000004,730,666,64
103000005,1549,4561,-3012
103000006,1096,1576,-480
103000007,504,592,-88
103000008,687,587,100
103000009,2130,1198,932
103000010,261,137,124
103000011,1217,921,296
103000012,1171,1728,-557
103000013,2277,1677,600
103000014,1346,3470,-2124
103000015,1557,827,730
103000016,624,1982,-1358
103000017,341,633,-292
103000018,819,225,594
103000019,372,604,-232
103000020,1333,1191,142
103000021,1547,2372,-825
103000022,800,902,-102
103000023,910,2526,-1616
103000024,66,69,-3
103000025,218,1213,-995
103000026,460,95,365
103000027,232,623,-391
103000028,175,221,-46
103000029,92,178,-86
103000030,1707,1687,20
103000031,774,2537,-1763
103000032,1822,1075,747
103000033,2421,2593,-172
103000034,1117,761,356
103000035,284,1127,-843
103000036,253,293,-40
103000037,475,395,80
103000038,326,891,-565
103000039,759,261,498
103000040,786,526,260
103000041,1970,1116,854
103000042,1956,182,1774
103000043,906,560,346
103000044,316,108,208
103000046,379,449,-70
103000047,818,293,525
103000048,297,137,160
103000049,95,115,-20
103000050,746,208,538
103000051,518,365,153
103000052,870,165,705
103000053,258,332,-74
103000054,1753,823,930
103000055,1657,1322,335
103000056,782,687,95
103000057,1543,190,1353
103000058,680,530,150
103000059,924,604,320
103000060,876,250,626
103000061,712,687,25
103000062,897,319,578
103000063,1112,922,190
103000064,174,102,72
103000065,10,215,-205
103000066,268,15,253
103000069,348,154,194
103000070,768,576,192
103000071,1934,688,1246
103000072,141,371,-230
103000073,970,84,886
103000074,790,142,648
103000075,164,419,-255
103000076,337,785,-448
103000077,23,210,-187
103000078,1113,1637,-524
103000079,464,1118,-654
103000080,438,375,63
103000081,301,1412,-1111
103000082,529,167,362
103000083,100,514,-414
103000084,113,5,108
103000085,7,213,-206
103000086,297,651,-354
103000087,111,749,-638
103000088,215,455,-240
103000089,244,840,-596
103000090,5246,1231,4015
103000091,1724,502,1222
103000092,343,272,71
103000093,306,727,-421
103000094,221,117,104
103000095,114,374,-260
103000096,615,59,556
103000097,63,727,-664
103000098,556,94,462
103000099,103,598,-495
103000100,145,370,-225
103000101,1428,83,1345
103000102,129,285,-156
103000103,703,133,570
103000104,108,62,46
103000105,183,82,101
103000106,37,134,-97
103000107,268,129,139
103000108,1984,2238,-254
103000109,903,676,227
103000110,972,614,358
103000111,274,740,-466
103000112,245,531,-286
103000113,202,1510,-1308
103000114,1410,1266,144
103000115,983,887,96
103000116,782,400,382
103000117,600,503,97
103000118,299,301,-2
103000119,920,292,628
103000120,62,169,-107
103000121,82,183,-101
103000122,327,371,-44
103000125,34,79,-45
103000126,893,2,891
103000127,19,89,-70
103000128,243,3,240
103000129,0,66,-66
103000130,147,72,75
103000131,141,114,27
103000132,73,145,-72
103000133,11,161,-150
103000134,208,1001,-793
103000135,511,197,314
103000136,472,587,-115
103000137,390,695,-305
103000138,619,792,-173
103000139,0,97,-97
103000140,148,29,119
103000141,33,238,-205
103000142,105,137,-32
103000143,82,242,-160
103000144,156,141,15
103000145,14,680,-666
103000150,154,53,101
103000152,201,511,-310
103000153,191,508,-317
103000156,4,125,-121
103000157,525,1,524
103000159,134,39,95
103000162,38,21,17
103000163,10,20,-10
103000164,8,9,-1
103000165,39,162,-123
103000166,321,533,-212
103000167,255,275,-20
103000168,215,140,75
103000169,168,689,-521
103000170,1163,205,958
103000171,19,145,-126
103000172,834,171,663
103000173,1052,161,891
103000174,337,173,164
103000175,442,133,309
103000176,966,740,226
103000177,272,406,-134
103000178,94,251,-157
103000179,129,17,112
103000183,382,12,370
103000185,265,45,220
103000186,220,76,144
103000187,929,148,781
103000188,31,101,-70
103000189,830,1290,-460
103000191,317,364,-47
103000292,621,2170,-1549
103000293,997,3848,-2851
103000295,55,123,-68
103000296,114,6,108
103000297,2,35,-33
103000504,31,8,23
103000505,6,39,-33
103000506,0,92,-92
103000507,257,4,253
103000508,107,55,52
103000509,639,763,-124
103900001,6,29,-23
103900002,577,151,426
103900003,621,17,604
103900004,137,2,135
103900005,2,68,-66
103900006,0,9,-9
103900007,161,6,155
103900008,27,0,27
103900010,322,199,123
103900012,11,67,-56
103900014,113,18,95
103900015,127,5,122
103900017,63,42,21
103900018,298,56,242
103900019,34,433,-399
103900020,265,501,-236
103900021,82,20,62
103900022,852,482,370
103900023,258,0,258
103900024,72,193,-121
103900025,24,18,6
103900026,22,0,22
103900027,462,215,247
103900028,270,302,-32
103900029,1481,153,1328
103900030,512,188,324
103900031,78,4,74
103900032,98,136,-38
103900033,52,29,23
103900034,25,50,-25
103900035,57,27,30
103900036,57,56,1
103900037,135,70,65
103900038,56,241,-185
103900039,159,84,75
103900040,32,63,-31
103900041,71,27,44
103900042,106,66,40
103900043,381,51,330
103900044,30,743,-713
103900045,297,109,188
103900047,136,10,126
103900048,19,58,-39
103900049,101,1483,-1382
103900050,11,146,-135
103900051,1,64,-63
103900052,278,311,-33
103900053,366,126,240
103900054,257,158,99
103900055,512,171,341
103900056,84,47,37
103900057,175,44,131
103900058,393,175,218
103900059,0,79,-79
103900060,69,77,-8
103900061,264,14,250
103900062,707,185,522
103900063,4,0,4
103900064,291,12,279
103900065,284,242,42
103900066,393,102,291
103900067,286,12,274
103900068,3,0,3
103900069,115,13,102
103900070,163,140,23
103900071,21,56,-35
103900072,63,49,14
103900073,52,80,-28
103900074,119,14,105
103900075,391,64,327
103900076,838,234,604
103900077,27,315,-288
103900078,320,49,271
103900079,188,201,-13
103900080,7,28,-21
103900081,13,68,-55
103900082,79,138,-59
103900083,2704,2052,652
103900084,73,230,-157
103900085,78,126,-48
103900086,1285,263,1022
103900088,322,464,-142
103900089,40,117,-77
103900090,3,63,-60
103900091,609,155,454
103900092,760,678,82
103900093,33,316,-283
103900094,2,58,-56
103900095,247,247,0
103900096,87,71,16
103900097,19,204,-185
103900098,338,122,216
103900099,237,43,194
103900100,383,108,275
103900101,181,782,-601
103900102,3,32,-29
103900104,1,11,-10
103900105,32,78,-46
103900106,1,142,-141
103900107,209,40,169
103900108,61,110,-49
103900109,193,37,156
103900110,248,29,219
103900111,198,165,33
103900112,37,78,-41
103900113,90,223,-133
103900114,570,197,373
103900115,193,205,-12
103900116,1280,2918,-1638
103900117,66,23,43
103900119,39,121,-82
103900120,154,45,109
103900122,289,44,245
103900123,438,732,-294
103900124,65,221,-156
103900125,151,65,86
103900126,733,164,569
103900127,186,173,13
103900128,338,101,237
103900131,33,82,-49
103900133,1144,26,1118
103900134,1,24,-23
103900135,1,3,-2
103900137,0,2,-2
103900138,242,35,207
103900139,382,4146,-3764
103900140,2,289,-287
103900141,171,24,147
103900142,362,56,306
103900143,105,1,104
103900144,1,25,-24
103900145,117,104,13
103900146,254,144,110
103900147,524,84,440
103900148,886,280,606
103900149,393,176,217
103900150,3700,5614,-1914
103900151,9,162,-153
103900152,1442,156,1286
103900153,4,13,-9
103900154,228,2478,-2250
103900155,29,64,-35
103900156,85,31,54
103900157,103,53,50
103900158,230,36,194
103900159,278,15,263
103900160,39,40,-1
103900161,57,117,-60
103900162,230,151,79
103900163,25,264,-239
103900167,9,113,-104
103900168,88,67,21
103900169,24,79,-55
103900170,0,44,-44
103900171,6,22,-16
103900172,0,12,-12
103900173,20,23,-3
103900174,324,35,289
103900175,13,116,-103
103900176,9,28,-19
103900177,25,22,3
103900178,69,3,66
103900179,53,18,35
103900180,5,31,-26
103900181,22,45,-23
103900182,8,12,-4
103900184,151,76,75
103900185,49,678,-629
103900187,20,140,-120
103900188,135,46,89
103900189,128,13,115
103900190,73,35,38
103900191,38,67,-29
103900192,16,109,-93
103900193,54,130,-76
103900194,71,101,-30
103900195,0,175,-175
103900196,47,29,18
103900197,6,16,-10
103900198,5,25,-20
103900199,178,57,121
103900200,222,57,165
103900201,73,123,-50
103900202,7,44,-37
103900203,48,30,18
103900204,0,26,-26
103900207,1,19,-18
103900208,169,1,168
103900209,7,52,-45
103900210,45,29,16
103900211,724,92,632
103900212,455,182,273
103900213,40,353,-313
103900214,216,275,-59
103900215,169,370,-201
103900216,16,137,-121
103900217,189,10,179
103900218,32,390,-358
103900219,263,99,164
103900233,134,14,120
103900235,10,237,-227
103900236,6,24,-18
103900242,0,3,-3
103900243,2,2,0
103900244,106,111,-5
103900245,117,78,39
103900246,21,29,-8
103900247,12,68,-56
103900248,4,80,-76
103900249,2,51,-49
103900250,32,104,-72
103900251,4,72,-68
103900253,6,44,-38
103900254,1,18,-17
103900255,4,10,-6
103900256,27,13,14
103900257,373,291,82
103900258,7,10,-3
103900259,30,9,21
103900261,24,0,24
103900262,32,1,31
103900263,14,62,-48
103900264,10,5,5
103900265,16,0,16
103900266,2,162,-160
103900267,3,78,-75
103900268,27,29,-2
103900269,251,33,218
103900270,83,115,-32
103900271,31,33,-2
103900272,54,11,43
103900273,108,16,92
103900274,283,1,282
103900275,136,11,125
103900276,5,5,0
103900277,1,13,-12
103900278,2,33,-31
103900279,3,60,-57
103900280,2,23,-21
104000001,3247,1998,1249
104000002,1990,1775,215
104000003,2265,1917,348
104000004,2442,2412,30
104000005,2652,2148,504
104000006,3148,2436,712
104000007,4205,3846,359
104000008,178,219,-41
104000009,325,117,208
104000010,182,436,-254
104000011,248,198,50
104000012,95,214,-119
104000013,322,343,-21
104000014,207,339,-132
104000015,433,146,287
104000016,320,182,138
104000018,871,244,627
104000019,637,261,376
104000020,105,292,-187
104000021,344,247,97
104000022,240,301,-61
104000023,1401,396,1005
104000024,254,258,-4
104000026,133,216,-83
104000027,266,190,76
104000028,467,250,217
104000029,387,272,115
104000030,363,247,116
104000031,1290,354,936
104000032,113,123,-10
104000033,795,537,258
104000034,364,139,225
104000035,1239,346,893
104000036,1361,278,1083
104000037,314,100,214
104000038,659,532,127
104000039,168,89,79
104000040,147,448,-301
104000041,866,356,510
104000042,154,161,-7
104000043,207,256,-49
104000044,287,372,-85
104000045,859,555,304
104000046,615,921,-306
104000047,477,819,-342
104000048,790,784,6
104000049,886,269,617
104000050,167,771,-604
104000051,262,527,-265
104000052,3557,2403,1154
104000053,1268,463,805
104000054,429,103,326
104000055,2626,1759,867
104000056,768,389,379
104000057,374,363,11
104000058,1108,856,252
104000059,721,949,-228
104000060,1284,1426,-142
104000061,922,670,252
104000062,595,159,436
104000064,692,350,342
104000065,234,627,-393
104000069,621,2001,-1380
104000070,52,571,-519
104000071,417,419,-2
104000072,705,464,241
104000075,110,192,-82
104000076,554,52,502
104000082,2203,3789,-1586
104000083,612,208,404
104000084,125,330,-205
104000085,406,272,134
104000086,293,345,-52
104000087,330,1522,-1192
104000090,1250,718,532
104000092,1688,932,756
104000094,861,769,92
104000095,3541,1600,1941
104000096,2128,83,2045
104000097,2564,467,2097
104000098,3903,493,3410
104000100,2589,690,1899
104000101,1491,1542,-51
104000106,122,666,-544
104000107,652,213,439
104000108,199,226,-27
104000109,312,124,188
104000110,742,918,-176
104000111,1991,3059,-1068
104000112,726,362,364
104000116,0,453,-453
104000117,367,338,29
104000118,1243,112,1131
104000119,810,244,566
104000120,300,275,25
104000121,318,484,-166
104000122,1186,626,560
104000123,673,607,66
104000124,431,991,-560
104000125,2062,4876,-2814
104000126,605,518,87
104000127,1282,1372,-90
104000128,569,167,402
104000129,366,15,351
104000130,4,292,-288
104000131,258,519,-261
104000132,305,865,-560
104000133,1639,724,915
104000134,1003,1492,-489
104000135,561,1461,-900
104000136,679,3142,-2463
104000137,1995,264,1731
104000138,1147,351,796
104000139,3114,2015,1099
104000141,1121,583,538
104000142,658,365,293
104000143,740,281,459
104000144,121,185,-64
104000145,412,188,224
104000146,106,415,-309
104000147,166,271,-105
104000148,438,111,327
104000149,196,85,111
104000150,1090,567,523
104000151,307,216,91
104000152,633,222,411
104000153,899,665,234
104000154,774,244,530
104000155,550,940,-390
104000157,1526,1069,457
104000158,155,564,-409
104000159,798,690,108
104000160,1706,2192,-486
104000161,328,141,187
104000162,137,141,-4
104000165,825,701,124
104000167,777,1612,-835
104000168,778,8,770
104000169,186,47,139
104000170,168,390,-222
104000248,327,471,-144
104000251,74,132,-58
104000272,0,0,0
104000273,0,0,0
104000274,0,0,0
104000275,0,0,0
104000279,1831,2312,-481
104000290,106,218,-112
104000291,441,1083,-642
104000293,1632,1371,261
104000294,73,0,73
104000295,856,681,175
104000296,618,573,45
104000297,714,1950,-1236
104000298,1921,893,1028
104000299,840,1046,-206
104000302,191,125,66
104000303,223,212,11
104900001,85,210,-125
104900002,103,242,-139
104900003,66,144,-78
104900004,72,100,-28
104900005,423,278,145
104900006,637,96,541
104900007,435,193,242
104900009,122,160,-38
104900010,97,52,45
104900011,6,96,-90
104900012,273,37,236
104900013,127,7,120
104900014,1321,271,1050
104900015,120,0,120
104900016,184,124,60
104900017,132,154,-22
104900018,22,159,-137
104900019,133,5728,-5595
104900020,46,216,-170
104900021,0,37,-37
104900022,5,351,-346
104900023,1,16,-15
104900024,13,1622,-1609
104900025,96,114,-18
104900026,1,37,-36
104900027,654,311,343
104900028,15,223,-208
104900029,11,14,-3
104900030,564,164,400
104900031,58,330,-272
104900032,80,73,7
104900033,177,162,15
104900034,364,166,198
104900035,447,199,248
104900036,279,30,249
104900037,161,141,20
104900038,133,1279,-1146
104900039,205,288,-83
104900040,489,43,446
104900041,341,131,210
104900042,162,248,-86
104900043,35,289,-254
104900044,960,148,812
104900045,408,46,362
104900046,390,60,330
104900047,430,119,311
104900048,503,38,465
104900049,62,38,24
104900050,392,35,357
104900051,308,16,292
104900052,159,2,157
104900053,521,71,450
104900054,238,25,213
104900055,298,2,296
104900056,249,12,237
104900057,42,0,42
104900058,373,608,-235
104900059,71,54,17
104900061,128,232,-104
104900063,26,356,-330
104900064,0,116,-116
104900065,4,338,-334
104900066,10,89,-79
104900067,2,288,-286
104900068,86,144,-58
104900070,111,158,-47
104900071,3,343,-340
104900072,50,152,-102
104900073,116,26,90
104900074,61,101,-40
104900075,49,6,43
104900076,142,119,23
104900077,310,198,112
104900078,226,182,44
104900079,113,950,-837
104900080,146,317,-171
104900082,20,235,-215
104900085,3,129,-126
104900089,425,1,424
104900091,512,377,135
104900093,191,269,-78
104900097,1130,3503,-2373
104900098,273,40,233
104900099,38,726,-688
104900100,325,188,137
104900102,27,92,-65
104900103,323,32,291
104900106,278,68,210
104900107,122,102,20
104900108,26,72,-46
104900109,112,120,-8
104900110,14,78,-64
104900111,542,92,450
104900112,282,290,-8
104900113,867,203,664
104900114,638,256,382
104900115,852,143,709
104900116,582,85,497
104900118,33,29,4
104900119,1,46,-45
104900120,9,702,-693
104900121,0,24,-24
104900122,17,14,3
104900123,76,15,61
104900124,64,0,64
104900125,429,77,352
104900126,26,21,5
104900127,6,45,-39
104900128,93,89,4
104900129,704,2697,-1993
105000001,3373,1426,1947
105000002,2857,1785,1072
105000003,2853,4346,-1493
105000004,971,672,299
105000005,1523,1082,441
105000006,1534,2040,-506
105000007,1564,2789,-1225
105000008,933,4988,-4055
105000009,3311,3719,-408
105000010,2185,804,1381
105000011,3664,3595,69
105000012,2327,1645,682
105000013,1330,1381,-51
105000014,3281,4077,-796
105000015,7764,14530,-6766
105000016,976,1029,-53
105000017,1280,681,599
105000018,923,1954,-1031
105000019,768,1258,-490
105000020,86,489,-403
105000021,241,307,-66
105000022,149,261,-112
105000023,625,237,388
105000028,31,53,-22
105000029,521,1448,-927
105000030,2387,1707,680
105000031,5,36,-31
105000033,1070,1182,-112
105000034,118,1243,-1125
105000037,479,171,308
105000038,1227,1728,-501
105000039,1358,879,479
105000040,859,1331,-472
105000041,253,824,-571
105000042,2184,1631,553
105000043,785,1199,-414
105000044,636,439,197
105000045,282,283,-1
105000046,1005,284,721
105000047,430,421,9
105000048,754,276,478
105000049,222,317,-95
105000050,981,432,549
105000051,206,311,-105
105000052,663,752,-89
105000053,65,101,-36
105000054,423,834,-411
105000055,686,256,430
105000056,1502,1479,23
105000057,1175,378,797
105000058,1114,631,483
105000059,949,611,338
105000060,377,300,77
105000061,1414,736,678
105000062,479,375,104
105000063,319,278,41
105000064,2481,788,1693
105000065,292,606,-314
105000066,697,1064,-367
105000067,1580,1092,488
105000068,368,682,-314
105000069,1358,2476,-1118
105000070,388,1380,-992
105000071,274,1863,-1589
105000072,1371,5201,-3830
105000073,1063,740,323
105000074,577,432,145
105000075,549,555,-6
105000076,1017,901,116
105000077,1786,780,1006
105000078,692,1263,-571
105000079,860,2870,-2010
105000080,1652,1408,244
105000081,1469,1165,304
105000082,595,1887,-1292
105000083,1980,3297,-1317
105000084,569,592,-23
105000085,2181,2135,46
105000086,810,885,-75
105000087,1585,1391,194
105000088,1847,2158,-311
105000089,1659,1243,416
105000090,586,436,150
105000091,743,1138,-395
105000092,492,1203,-711
105000093,316,479,-163
105000094,191,187,4
105000095,129,663,-534
105000096,1410,2008,-598
105000097,557,496,61
105000098,1305,1041,264
105000099,821,1111,-290
105000100,2080,892,1188
105000101,2405,1390,1015
105000102,1652,1590,62
105000103,1095,2271,-1176
105000104,2271,983,1288
105000105,1129,1383,-254
105000106,1361,878,483
105000107,1856,625,1231
105000108,1790,1126,664
105000109,2344,878,1466
105000110,983,491,492
105000111,1510,356,1154
105000112,1122,595,527
105000113,505,653,-148
105000114,1550,1472,78
105000115,382,1794,-1412
105000116,1321,648,673
105000117,746,770,-24
105000118,931,335,596
105000119,441,377,64
105000120,1670,553,1117
105000121,722,448,274
105000122,452,672,-220
105000123,551,582,-31
105000124,2308,541,1767
105000125,919,905,14
105000126,2249,1166,1083
105000127,2920,1201,1719
105000128,827,862,-35
105000129,1351,284,1067
105000130,241,3637,-3396
105000131,501,127,374
105000132,1552,758,794
105000133,438,627,-189
105000134,1398,637,761
105000135,409,646,-237
105000136,105,195,-90
105000137,849,225,624
105000138,121,183,-62
105000139,796,437,359
105000140,598,283,315
105000141,434,219,215
105000142,363,310,53
105000143,184,295,-111
105000144,309,431,-122
105000145,747,219,528
105000146,280,506,-226
105000147,720,264,456
105000148,975,716,259
105000149,3005,2527,478
105000150,1291,692,599
105000151,628,392,236
105000152,188,336,-148
105000153,1030,586,444
105000154,637,336,301
105000155,528,626,-98
105000156,329,570,-241
105000157,529,1271,-742
105000158,2267,978,1289
105000159,448,846,-398
105000160,3945,840,3105
105000161,654,920,-266
105000162,875,2816,-1941
105000163,959,868,91
105000164,148,326,-178
105000165,608,9574,-8966
105000166,3953,1363,2590
105000167,1105,2842,-1737
105000168,381,337,44
105000169,1043,116,927
105000170,400,1094,-694
105000171,1262,140,1122
105000172,257,19,238
105000173,352,19,333
105000174,92,24,68
105000175,83,51,32
105000176,642,49,593
105000177,450,179,271
105000178,318,252,66
105000179,927,81,846
105000180,211,38,173
105000181,218,122,96
105000182,76,17,59
105000183,1824,2808,-984
105000184,736,1000,-264
105000185,697,1386,-689
105000186,573,575,-2
105000187,779,193,586
105000188,170,253,-83
105000189,109,634,-525
105000190,223,301,-78
105000191,377,425,-48
105000192,337,63,274
105000193,52,151,-99
105000194,1000,89,911
105000195,310,662,-352
105000196,100,341,-241
105000197,198,418,-220
105000198,338,199,139
105000199,102,738,-636
105000200,83,369,-286
105000201,59,45,14
105000203,20,112,-92
105000204,62,42,20
105000205,115,133,-18
105000207,189,99,90
105000208,149,573,-424
105000209,166,252,-86
105000211,409,10,399
105000212,1237,419,818
105000213,59,197,-138
105000214,130,182,-52
105000215,291,146,145
105000216,266,81,185
105000217,248,171,77
105000218,2088,966,1122
105000221,184,189,-5
105000222,321,121,200
105000223,528,167,361
105000226,134,85,49
105000227,99,69,30
105000228,103,1986,-1883
105000229,164,604,-440
105000231,480,338,142
105000233,969,816,153
105000234,504,769,-265
105000235,504,484,20
105000237,1272,61,1211
105000243,45,17,28
105000248,52,62,-10
105000262,373,410,-37
105000269,149,167,-18
105000270,526,13,513
105000271,0,156,-156
105000282,56,52,4
105000287,308,132,176
105000288,708,335,373
105000289,1003,1801,-798
105000290,13,12,1
105000402,1939,3778,-1839
105000426,192,424,-232
105000438,1382,1204,178
105000440,33,10,23
105000446,6378,3836,2542
105000447,1743,1270,473
105000454,779,201,578
105000455,215,63,152
105000474,18,0,18
105000477,660,520,140
105000478,2359,5852,-3493
105000479,104,200,-96
105000480,5249,8404,-3155
105000481,4833,5019,-186
105000482,2100,3688,-1588
105000483,2195,3495,-1300
105000484,1322,1705,-383
105000485,1085,3647,-2562
105000486,1432,2208,-776
105000488,4028,2489,1539
105000489,1376,1060,316
105000549,124,156,-32
105000550,350,917,-567
105000551,29,67,-38
105000552,2056,1075,981
105000555,1211,1496,-285
105000556,96,13,83
105000557,51,220,-169
105900001,4,2191,-2187
105900002,564,1103,-539
105900003,39,113,-74
105900004,132,61,71
105900005,19,149,-130
105900006,5,76,-71
105900007,19,30,-11
105900008,66,241,-175
105900009,20,18,2
105900011,67,28,39
105900012,359,49,310
105900013,1,22,-21
105900014,0,64,-64
105900015,69,266,-197
105900016,557,270,287
105900017,1398,39,1359
105900018,141,137,4
105900019,73,188,-115
105900020,45,86,-41
105900021,19,281,-262
105900022,201,117,84
105900023,2,80,-78
105900024,3,402,-399
105900025,274,22,252
105900026,168,9,159
105900027,11281,4144,7137
105900028,174,372,-198
105900029,2090,372,1718
105900030,219,269,-50
105900031,365,146,219
105900032,120,142,-22
105900033,98,78,20
105900034,355,156,199
105900035,307,149,158
105900036,139,53,86
105900037,202,31,171
105900038,171,177,-6
105900039,122,55,67
105900040,96,87,9
105900041,134,125,9
105900042,160,196,-36
105900043,864,17,847
105900044,7,301,-294
105900045,1,1282,-1281
105900046,5,224,-219
105900047,7,52,-45
105900048,139,315,-176
105900050,2699,6832,-4133
105900051,59,953,-894
105900052,740,146,594
105900053,1837,3212,-1375
105900054,172,204,-32
105900056,322,348,-26
105900057,8,114,-106
105900058,23,17,6
105900059,0,70,-70
106000001,1606,1885,-279
106000002,644,2908,-2264
106000003,2691,4046,-1355
106000004,1211,2219,-1008
106000005,3888,3925,-37
106000006,3882,1529,2353
106000007,537,405,132
106000008,400,313,87
106000009,482,274,208
106000010,342,433,-91
106000011,2029,1021,1008
106000012,616,583,33
106000013,2052,1648,404
106000014,1671,1006,665
106000015,2417,1068,1349
106000016,1764,1460,304
106000017,575,942,-367
106000018,518,514,4
106000019,399,442,-43
106000020,407,383,24
106000021,350,429,-79
106000022,423,152,271
106000023,843,380,463
106000024,522,260,262
106000025,223,168,55
106000026,78,200,-122
106000027,1937,1289,648
106000028,745,213,532
106000029,582,561,21
106000030,166,572,-406
106000034,114,419,-305
106000035,891,1965,-1074
106000036,127,387,-260
106000037,918,1172,-254
106000038,63,191,-128
106000039,28,116,-88
106000040,76,817,-741
106000041,655,421,234
106000043,554,246,308
106000046,287,98,189
106000047,28,614,-586
106000049,1425,193,1232
106000050,212,290,-78
106000051,1130,505,625
106000052,99,178,-79
106000053,594,118,476
106000054,259,167,92
106000055,905,521,384
106000056,247,148,99
106000057,578,181,397
106000058,141,86,55
106000059,463,250,213
106000060,263,227,36
106000061,182,759,-577
106000062,120,201,-81
106000063,937,739,198
106000064,17,209,-192
106000065,376,175,201
106000066,109,176,-67
106000067,453,48,405
106000068,89,344,-255
106000069,319,69,250
106000070,317,382,-65
106000071,702,259,443
106000072,2470,1455,1015
106000073,1294,4711,-3417
106000074,805,797,8
106000075,441,1049,-608
106000076,1389,1334,55
106000077,1837,834,1003
106000078,1281,463,818
106000079,923,565,358
106000080,1206,300,906
106000081,1125,765,360
106000082,1710,520,1190
106000083,424,1101,-677
106000084,832,469,363
106000085,1293,1109,184
106000086,490,561,-71
106000087,821,377,444
106000088,381,594,-213
106000089,1114,229,885
106000090,365,599,-234
106000091,255,310,-55
106000092,1110,262,848
106000093,430,100,330
106000094,78,201,-123
106000095,1148,562,586
106000096,1157,401,756
106000097,1442,535,907
106000098,975,541,434
106000099,201,1170,-969
106000100,1386,234,1152
106000101,692,773,-81
106000102,124,1178,-1054
106000103,253,758,-505
106000104,1147,292,855
106000105,462,449,13
106000106,871,237,634
106000107,174,205,-31
106000108,574,180,394
106000109,214,132,82
106000110,416,126,290
106000111,213,158,55
106000112,380,809,-429
106000113,838,496,342
106000114,564,1020,-456
106000115,301,342,-41
106000116,441,168,273
106000117,672,233,439
106000118,1439,1299,140
106000119,685,425,260
106000120,1025,1618,-593
106000121,386,154,232
106000122,297,123,174
106000123,905,86,819
106000124,181,68,113
106000125,53,130,-77
106000126,565,50,515
106000127,1481,436,1045
106000128,1033,137,896
106000129,789,292,497
106000130,1009,220,789
106000131,127,741,-614
106000132,522,121,401
106000133,1997,1784,213
106000134,437,3202,-2765
106000135,117,480,-363
106000136,703,1216,-513
106000137,107,593,-486
106000138,2171,93,2078
106000139,79,48,31
106000140,69,33,36
106000141,129,28,101
106000142,166,60,106
106000143,34,46,-12
106000144,66,88,-22
106000145,463,71,392
106000146,521,108,413
106000147,895,299,596
106000148,1310,522,788
106000149,668,364,304
106000150,729,2286,-1557
106000151,2443,562,1881
106000152,706,3048,-2342
106000153,105,1984,-1879
106000154,1382,137,1245
106000155,185,272,-87
106000156,1356,142,1214
106000157,696,1522,-826
106000158,1404,820,584
106000159,1785,2354,-569
106000160,560,3895,-3335
106000161,1069,174,895
106000162,442,1449,-1007
106000163,416,210,206
106000164,867,201,666
106000165,278,244,34
106000166,1262,264,998
106000167,417,579,-162
106000168,904,166,738
106000169,323,258,65
106000170,1123,157,966
106000171,231,952,-721
106000172,2552,1115,1437
106000173,952,2437,-1485
106000174,1206,258,948
106000175,251,458,-207
106000176,2252,730,1522
106000177,801,1457,-656
106000178,2674,1242,1432
106000179,505,1174,-669
106000180,663,518,145
106000181,1169,1020,149
106000182,1986,417,1569
106000183,1891,312,1579
106000184,1682,440,1242
106000185,1238,1116,122
106000186,469,39,430
106000187,42,925,-883
106000188,0,0,0
106000189,10,30,-20
106000190,41,0,41
106000191,515,65,450
106000192,1,10,-9
106000193,350,139,211
106000194,91,253,-162
106000195,193,99,94
106000196,56,312,-256
106000197,632,202,430
106000198,184,97,87
106000199,535,787,-252
106000200,259,253,6
106000201,384,3891,-3507
106000202,2133,414,1719
106000203,36,260,-224
106000204,78,4,74
106000205,16,123,-107
106000206,105,20,85
106000207,16,311,-295
106000208,1646,201,1445
106000209,1803,354,1449
106000210,225,526,-301
106000211,148,863,-715
106000212,1036,462,574
106000213,173,954,-781
106000214,1192,354,838
106000215,365,403,-38
106000216,502,347,155
106000217,154,280,-126
106000218,294,282,12
106000219,181,213,-32
106000220,583,195,388
106000221,335,80,255
106000222,118,83,35
106000223,473,90,383
106000224,330,89,241
106000225,152,130,22
106000226,90,103,-13
106000228,78,105,-27
106000229,127,457,-330
106000231,1213,113,1100
106000232,103,147,-44
106000233,410,88,322
106000234,62,187,-125
106000235,302,227,75
106000236,62,162,-100
106000237,0,21,-21
106000238,23,40,-17
106000239,4,114,-110
106000240,69,2,67
106000241,21,536,-515
106000242,366,28,338
106000249,75,45,30
106000250,78,530,-452
106000251,109,17,92
106000252,30,48,-18
106000253,49,60,-11
106000254,68,26,42
106000255,28,154,-126
106000256,89,33,56
106000257,151,154,-3
106000258,88,45,43
106000259,3,57,-54
106000260,35,7,28
106000261,4,51,-47
106000262,73,17,56
106000263,19,34,-15
106000264,213,25,188
106000265,12,119,-107
106000266,160,22,138
106000267,3,63,-60
106000268,236,46,190
106000269,29,49,-20
106000270,86,223,-137
106000271,118,100,18
106000272,155,20,135
106000273,27,227,-200
106000274,87,11,76
106000275,209,154,55
106000276,44,19,25
106000277,154,218,-64
106000278,85,22,63
106000279,6,20,-14
106000280,72,23,49
106000281,118,28,90
106000282,43,61,-18
106000283,136,34,102
106000284,129,71,58
106000285,120,51,69
106000286,157,55,102
106000287,118,36,82
106000288,103,88,15
106000289,90,70,20
106000290,84,30,54
106000291,92,116,-24
106000292,73,26,47
106000293,168,94,74
106000294,66,57,9
106000295,47,62,-15
106000296,21,43,-22
106000297,36,222,-186
106000298,45,92,-47
106000299,63,96,-33
106000300,50,90,-40
106000301,53,92,-39
106000303,23,38,-15
106000304,24,13,11
106000305,67,27,40
106000306,52,41,11
106000307,127,20,107
106000308,29,72,-43
106000309,18,60,-42
106000310,410,230,180
106000311,507,133,374
106000312,161,128,33
106000313,326,97,229
106000318,49,346,-297
106000319,1177,291,886
106000320,2,38,-36
106000321,149,148,1
106000322,231,61,170
106000324,20,43,-23
106000325,2263,839,1424
106000326,1435,1337,98
106000327,314,105,209
106000328,26,76,-50
106000329,97,179,-82
106000330,44,72,-28
106000428,97,190,-93
106000429,132,275,-143
106000430,324,865,-541
106000431,2488,454,2034
106000432,936,1920,-984
106000433,2401,1354,1047
106000434,3720,1070,2650
106000435,886,1810,-924
106000436,57,122,-65
106000437,314,61,253
106000438,254,190,64
106000439,52,398,-346
106000440,195,907,-712
106000441,0,0,0
106000442,398,10,388
106000443,277,157,120
106000450,1,68,-67
106000451,16,66,-50
106000454,9,114,-105
106000455,2,136,-134
106000456,79,35,44
106000457,36,373,-337
106000458,1068,52,1016
106000459,297,106,191
106000460,1559,29,1530
106000461,199,262,-63
106000462,0,69,-69
106000463,4,4,0
106000464,31,741,-710
106000465,837,2,835
106000466,7,287,-280
106000467,292,269,23
106000468,126,107,19
106000469,85,12,73
106000470,163,2145,-1982
106000471,17,311,-294
106000472,130,16,114
106000473,38,11,27
106000474,756,268,488
106000475,894,219,675
106000476,156,299,-143
106000477,98,85,13
106000480,1,505,-504
106900001,0,24,-24
106900002,10,179,-169
106900003,117,1834,-1717
106900004,0,8,-8
106900006,0,4,-4
106900007,0,14,-14
106900008,636,107,529
106900009,413,141,272
106900010,299,136,163
106900012,806,2838,-2032
106900013,506,198,308
106900014,71,5,66
106900015,9,0,9
106900016,443,15,428
106900017,24,1,23
106900018,16,1,15
106900019,115,2,113
106900020,2541,2270,271
106900021,142,138,4
106900022,1313,1,1312
106900023,1,122,-121
106900024,614,50,564
106900025,40,761,-721
106900026,54,171,-117
106900027,870,1,869
107000001,2910,5719,-2809
107000002,1056,2016,-960
107000003,7728,6524,1204
107000004,2989,1775,1214
107000005,8442,6593,1849
107000006,2947,1303,1644
107000007,6151,9272,-3121
107000008,4059,2743,1316
107000009,10123,8783,1340
107000010,5612,4333,1279
107000011,685,734,-49
107000012,1926,1478,448
107000013,179,88,91
107000014,78,67,11
107000015,474,291,183
107000016,851,288,563
107000017,731,3378,-2647
107000018,10,3033,-3023
107000020,690,3533,-2843
107000021,1078,508,570
107000022,946,2123,-1177
107000023,1722,206,1516
107000024,702,1490,-788
107000025,228,257,-29
107000026,393,309,84
107000027,1710,741,969
107000028,1468,740,728
107000029,4271,3448,823
107000030,2325,1497,828
107000031,5155,2311,2844
107000032,281,660,-379
107000033,2000,3030,-1030
107000034,4840,921,3919
107000035,423,191,232
107000036,422,1226,-804
107000037,163,758,-595
107000038,280,135,145
107000039,1205,869,336
107000040,296,172,124
107000041,1157,673,484
107000042,501,2199,-1698
107000043,1603,1063,540
107000044,332,272,60
107000045,70,209,-139
107000046,883,435,448
107000047,475,565,-90
107000048,782,307,475
107000049,432,676,-244
107000050,957,515,442
107000051,214,314,-100
107000052,1123,1457,-334
107000053,410,410,0
107000054,43,164,-121
107000055,413,175,238
107000056,541,476,65
107000057,1734,178,1556
107000058,1906,2441,-535
107000059,1637,2106,-469
107000060,5619,5255,364
107000061,3606,1890,1716
107000062,6397,3006,3391
107000063,3621,2221,1400
107000064,5544,3145,2399
107000065,2472,2490,-18
107000066,1878,3150,-1272
107000067,1472,1580,-108
107000068,931,1353,-422
107000069,1210,763,447
107000070,1133,3,1130
107000071,4394,59,4335
107000072,15,763,-748
107000073,1049,656,393
107000074,94,671,-577
107000075,2312,621,1691
107000076,241,588,-347
107000077,3803,1325,2478
107000078,1031,1444,-413
107000079,3085,1027,2058
107000080,673,1428,-755
107000081,3193,660,2533
107000082,404,351,53
107000083,1575,594,981
107000084,353,788,-435
107000085,3163,3445,-282
107000086,2682,2384,298
107000087,3660,2602,1058
107000088,2682,2605,77
107000089,2032,2253,-221
107000090,1217,709,508
107000091,2070,1119,951
107000092,925,684,241
107000093,1546,1106,440
107000094,1087,887,200
107000095,997,586,411
107000096,530,441,89
107000097,969,249,720
107000098,399,425,-26
107000099,530,312,218
107000100,242,228,14
107000101,148,234,-86
107000102,204,171,33
107000103,351,215,136
107000104,237,203,34
107000105,603,210,393
107000106,164,202,-38
107000107,731,134,597
107000108,145,374,-229
107000109,906,172,734
107000110,72,214,-142
107000111,611,38,573
107000112,31,131,-100
107000113,1072,78,994
107000114,71,279,-208
107000115,1020,464,556
107000116,131,409,-278
107000117,159,1816,-1657
107000118,61,109,-48
107000119,1108,1650,-542
107000120,757,723,34
107000121,1087,606,481
107000122,800,519,281
107000123,670,424,246
107000124,725,365,360
107000125,1240,414,826
107000126,1449,284,1165
107000129,197,392,-195
107000130,864,234,630
107000131,257,385,-128
107000132,503,304,199
107000133,341,297,44
107000134,235,1,234
107000135,2,399,-397
107000136,589,7,582
107000137,4,607,-603
107000138,147,25,122
107000139,43,836,-793
107000140,1739,58,1681
107000141,121,770,-649
107000142,616,62,554
107000143,47,511,-464
107000144,615,623,-8
107000145,176,333,-157
107000146,198,297,-99
107000147,4771,767,4004
107000150,389,3861,-3472
107000151,23,66,-43
107000152,1145,2457,-1312
107000153,37,228,-191
107000154,29,381,-352
107000155,1081,5,1076
107000156,1396,13,1383
107000157,116,486,-370
107000158,1216,18,1198
107000159,50,436,-386
107000160,1915,175,1740
107000161,50,402,-352
107000162,318,796,-478
107000163,216,74,142
107000164,988,6,982
107000165,1605,6,1599
107000166,32,291,-259
107000167,966,153,813
107000168,1099,554,545
107000169,469,534,-65
107000170,3766,738,3028
107000171,452,613,-161
107000172,2076,1963,113
107000173,396,531,-135
107000174,1221,6850,-5629
107000175,3052,926,2126
107000176,0,0,0
107000177,0,2,-2
107000178,57,19,38
107000179,321,738,-417
107000180,2182,176,2006
107000181,548,487,61
107000182,2184,471,1713
107000183,267,418,-151
107000184,1550,457,1093
107000185,343,824,-481
107000186,1372,374,998
107000187,1347,1155,192
107000188,633,450,183
107000189,649,613,36
107000190,708,553,155
107000191,1068,941,127
107000192,1861,394,1467
107000193,352,562,-210
107000194,834,571,263
107000197,1056,226,830
107000198,361,450,-89
107000199,1316,577,739
107000200,643,704,-61
107000201,385,487,-102
107000202,388,442,-54
107000203,488,1851,-1363
107000204,502,1837,-1335
107000205,969,648,321
107000206,452,1582,-1130
107000207,612,1289,-677
107000208,493,587,-94
107000209,633,1099,-466
107000210,141,193,-52
107000211,2,113,-111
107000212,22,205,-183
107000213,4,31,-27
107000214,40,72,-32
107000215,554,151,403
107000216,611,369,242
107000217,165,93,72
107000219,124,197,-73
107000220,147,121,26
107000222,239,316,-77
107000224,575,67,508
107000225,170,130,40
107000226,548,81,467
107000227,100,83,17
107000228,336,417,-81
107000229,60,161,-101
107000230,1122,401,721
107000231,472,2175,-1703
107000232,124,17,107
107000233,214,1137,-923
107000234,1,97,-96
107000235,100,20,80
107000236,9,482,-473
107000237,27,1,26
107000238,32,5,27
107000239,2292,611,1681
107000240,41,348,-307
107000243,0,29,-29
107000244,8,60,-52
107000246,2,819,-817
107000249,2,794,-792
107000251,3,211,-208
107000252,2,492,-490
107000255,153,227,-74
107000257,1,402,-401
107000258,9,192,-183
107000259,8,137,-129
107000260,2380,13,2367
107000262,8,214,-206
107000263,577,3,574
107000266,11,25,-14
107000267,73,81,-8
107000268,140,63,77
107000269,56,3,53
107000270,126,41,85
107000271,6,0,6
107000272,83,0,83
107000273,17,183,-166
107000274,365,41,324
107000275,139,2601,-2462
107000280,1375,22,1353
107000281,17,278,-261
107000282,102,294,-192
107000290,11,34,-23
107000291,25,6,19
107000292,0,373,-373
107000293,66,14,52
107000294,0,62,-62
107000295,47,7,40
107000296,0,19,-19
107000444,273,2,271
107000496,1,1,0
107000497,883,979,-96
107000500,370,364,6
107000501,170,197,-27
107000502,195,336,-141
107000505,261,541,-280
107000506,0,3,-3
107000508,5,159,-154
107000509,176,685,-509
107000510,49,55,-6
107000514,23,463,-440
107000515,29,79,-50
107000516,569,284,285
107000518,1727,3024,-1297
107000519,1118,650,468
107000520,133,105,28
107000521,1039,210,829
107000522,1495,354,1141
107900001,123,54,69
107900002,68,17,51
107900003,541,27,514
107900004,1,0,1
107900005,2575,5,2570
107900006,196,4,192
107900007,535,67,468
107900008,30,1,29
107900009,121,9,112
107900010,76,14,62
107900012,343,68,275
107900013,213,10,203
107900014,122,5,117
107900015,1458,12,1446
107900016,384,45,339
107900017,23,0,23
107900018,108,327,-219
107900019,14,4,10
107900020,30,12,18
107900021,165,27,138
107900023,1,2,-1
107900024,0,1,-1
107900025,242,115,127
107900026,100,12,88
107900027,27,31,-4
107900028,188,25,163
107900030,334,40,294
107900031,100,74,26
107900032,9,2,7
107900033,27,10,17
107900034,270,17,253
107900035,1719,84,1635
107900036,87,29,58
107900037,0,4,-4
107900038,44,307,-263
107900039,55,25,30
107900040,11,203,-192
107900041,3,5,-2
107900043,57,77,-20
107900044,27,16,11
107900045,151,55,96
107900046,390,288,102
107900047,61,7,54
107900048,271,41,230
107900049,221,914,-693
107900050,40,142,-102
107900051,67,22,45
107900052,2,60,-58
107900053,109,49,60
107900055,354,180,174
107900056,135,119,16
107900057,3,0,3
107900058,15,271,-256
107900060,2,26,-24
107900061,6,5,1
107900063,68,100,-32
107900064,173,449,-276
107900065,392,14,378
107900066,20,5,15
107900067,0,0,0
107900068,103,1151,-1048
107900069,18,3467,-3449
107900070,163,130,33
107900071,21,185,-164
107900072,222,46,176
107900073,131,39,92
107900074,188,323,-135
107900076,161,29,132
107900077,115,5,110
107900079,22,38,-16
107900080,141,1124,-983
107900081,109,102,7
107900082,1,2,-1
107900083,404,183,221
107900084,183,83,100
107900086,45,248,-203
107900087,175,117,58
107900088,83,30,53
107900089,232,558,-326
107900090,347,2315,-1968
107900091,114,107,7
107900093,107,64,43
107900095,1249,1530,-281
107900097,22,45,-23
107900098,51,201,-150
107900100,658,1446,-788
107900101,338,50,288
107900102,50,6,44
107900103,66,122,-56
107900104,181,3,178
107900105,3,127,-124
107900106,2,318,-316
107900107,932,410,522
107900108,109,80,29
107900109,2223,34,2189
107900110,66,30,36
107900111,11,220,-209
107900112,58,478,-420
107900113,260,45,215
107900114,353,54,299
107900115,0,12,-12
107900116,294,36,258
107900117,191,96,95
107900118,16,41,-25
107900119,140,166,-26
107900120,27,47,-20
107900121,4,77,-73
107900122,1,103,-102
107900123,15,38,-23
107900124,17,84,-67
107900125,24,196,-172
107900126,23,56,-33
107900127,380,286,94
107900128,70,52,18
107900129,107,28,79
107900130,125,8,117
107900131,81,544,-463
107900132,46,140,-94
107900133,0,30,-30
107900134,35,97,-62
107900135,8,84,-76
107900136,51,28,23
107900137,92,92,0
107900138,115,19,96
107900139,85,23,62
107900141,43,30,13
107900142,14,293,-279
107900143,24,5,19
107900144,2,124,-122
107900145,36,31,5
107900146,22,90,-68
107900147,57,33,24
107900148,105,65,40
107900149,317,54,263
107900150,30,200,-170
107900151,63,53,10
107900152,16,83,-67
107900153,68,198,-130
107900154,35,42,-7
107900155,97,122,-25
107900156,1,66,-65
107900157,16,54,-38
107900158,1107,38,1069
107900159,46,241,-195
107900160,267,123,144
107900161,74,35,39
107900162,1,31,-30
107900163,16,53,-37
107900164,20,37,-17
107900165,28,184,-156
107900166,28,40,-12
107900167,12,59,-47
107900168,78,22,56
107900169,0,99,-99
107900171,6,210,-204
107900172,1,129,-128
107900173,11,48,-37
107900174,199,4,195
107900175,20,55,-35
107900176,98,16,82
107900177,0,71,-71
107900178,0,42,-42
107900179,19,90,-71
107900180,407,1171,-764
107900181,226,179,47
107900182,1,300,-299
107900183,78,37,41
107900184,87,79,8
107900185,210,6,204
107900186,30,20,10
107900187,0,145,-145
107900188,271,69,202
107900189,43,92,-49
107900190,24,171,-147
107900191,59,38,21
107900193,2,119,-117
107900194,155,14,141
107900195,604,150,454
107900196,115,32,83
107900197,200,482,-282
107900199,1,401,-400
107900201,81,21,60
107900203,22,18,4
107900204,187,147,40
107900206,528,553,-25
107900207,3,199,-196
107900208,9,156,-147
107900209,196,137,59
107900210,27,33,-6
107900213,193,324,-131
107900214,15,40,-25
107900215,84,434,-350
107900216,47,33,14
107900217,27,44,-17
107900218,8,1359,-1351
107900219,30,17,13
107900220,65,192,-127
107900221,90,97,-7
107900223,137,111,26
107900224,41,402,-361
107900225,5,250,-245
107900226,58,68,-10
107900227,63,187,-124
107900228,121,58,63
107900229,2,67,-65
107900230,39,15,24
107900231,20,58,-38
107900232,175,53,122
107900233,26,37,-11
107900234,91,119,-28
107900235,9,93,-84
107900236,350,37,313
107900237,3,153,-150
107900238,51,32,19
107900239,189,598,-409
107900240,27,26,1
107900241,8,18,-10
107900242,20,43,-23
107900243,0,33,-33
107900244,358,2,356
107900245,888,41,847
107900246,334,31,303
107900248,334,73,261
107900249,1173,87,1086
107900250,0,149,-149
107900251,22,541,-519
107900252,808,40,768
107900253,244,15,229
107900254,49,118,-69
107900255,137,78,59
107900256,323,1166,-843
107900257,301,105,196
107900258,159,83,76
107900259,32,3334,-3302
107900261,0,63,-63
107900262,50,55,-5
107900264,623,47,576
107900265,113,93,20
107900267,449,14,435
107900268,2,0,2
107900269,1,0,1
107900270,0,0,0
107900271,5,25,-20
107900272,25,43,-18
107900273,40,82,-42
107900274,138,1,137
107900275,45,1,44
107900276,0,38,-38
107900277,0,89,-89
107900278,340,131,209
107900279,82,74,8
107900280,2369,1229,1140
107900281,428,5353,-4925
107900282,34,1118,-1084
107900283,621,764,-143
107900284,803,170,633
107900285,136,23,113
107900286,20,26,-6
107900287,383,144,239
107900290,1,370,-369
107900291,512,27,485
107900292,143,56,87
107900293,71,121,-50
107900295,60,11,49
107900297,4,188,-184
107900298,342,336,6
107900299,1426,2936,-1510
107900301,769,861,-92
107900302,108,18,90
107900303,274,136,138
107900304,504,82,422
107900305,378,7,371
107900306,4,48,-44
107900307,42,179,-137
107900308,216,112,104
107900309,40,1,39
107900310,53,0,53
107900311,6,434,-428
107900312,82,0,82
107900313,1,144,-143
107900314,4,68,-64
107900315,4,43,-39
107900316,42,5,37
107900317,81,7,74
107900318,4,189,-185
107900319,6,39,-33
107900320,0,50,-50
107900321,242,0,242
107900322,1,46,-45
107900323,0,55,-55
107900324,73,3,70
107900325,183,1,182
107900326,477,74,403
107900327,1,86,-85
107900328,44,1,43
107900329,60,319,-259
107900330,4,105,-101
107900331,527,9,518
107900332,443,12,431
107900333,93,30,63
107900334,6,41,-35
107900335,18,24,-6
107900336,35,49,-14
107900337,412,1092,-680
107900338,5,58,-53
107900339,5,10,-5
107900340,0,51,-51
107900341,64,1,63
107900342,176,89,87
107900343,31,0,31
107900344,5,31,-26
107900345,61,25,36
107900346,14,1,13
107900347,11,1,10
107900348,10,2,8
107900349,45,4,41
107900350,14,107,-93
107900351,10,30,-20
107900352,0,7,-7
107900353,24,8,16
107900354,9,23,-14
108000001,4382,3665,717
108000002,1599,1278,321
108000003,3058,3501,-443
108000004,8790,9485,-695
108000005,7346,5922,1424
108000006,3519,3579,-60
108000007,4866,4505,361
108000008,3082,3344,-262
108000009,5488,5490,-2
108000010,2281,2845,-564
108000011,12691,11249,1442
108000012,8472,8375,97
108000014,566,1269,-703
108000015,926,189,737
108000016,274,529,-255
108000017,1313,324,989
108000018,1917,541,1376
108000019,1105,833,272
108000020,1301,446,855
108000021,212,902,-690
108000022,294,664,-370
108000023,1596,214,1382
108000024,387,263,124
108000025,435,40,395
108000026,1192,202,990
108000027,816,211,605
108000028,1199,121,1078
108000029,871,295,576
108000030,490,106,384
108000031,261,230,31
108000032,2280,569,1711
108000033,579,514,65
108000034,1832,548,1284
108000035,568,1186,-618
108000036,382,641,-259
108000037,2391,350,2041
108000038,3941,483,3458
108000039,404,1000,-596
108000040,2317,908,1409
108000041,509,1525,-1016
108000042,490,94,396
108000043,204,179,25
108000044,793,105,688
108000045,259,97,162
108000046,1714,305,1409
108000047,285,357,-72
108000048,146,168,-22
108000049,1086,183,903
108000050,119,364,-245
108000051,502,235,267
108000052,83,274,-191
108000053,526,336,190
108000054,357,704,-347
108000055,1105,729,376
108000056,751,1502,-751
108000057,667,1450,-783
108000058,1904,4714,-2810
108000059,1536,1203,333
108000060,304,1083,-779
108000061,217,293,-76
108000062,1236,607,629
108000063,288,254,34
108000064,330,143,187
108000065,711,366,345
108000066,1359,820,539
108000067,1933,794,1139
108000068,1142,419,723
108000069,165,460,-295
108000070,2395,769,1626
108000071,562,862,-300
108000072,1706,654,1052
108000073,759,772,-13
108000074,785,397,388
108000075,383,359,24
108000076,1112,504,608
108000077,515,360,155
108000078,2411,840,1571
108000079,396,417,-21
108000080,1994,490,1504
108000081,638,841,-203
108000082,558,1019,-461
108000083,1927,944,983
108000084,352,675,-323
108000085,1393,522,871
108000086,441,400,41
108000087,214,2353,-2139
108000088,895,228,667
108000089,392,268,124
108000091,214,300,-86
108000092,265,62,203
108000093,250,347,-97
108000094,835,113,722
108000095,246,188,58
108000096,545,161,384
108000097,207,256,-49
108000098,2284,897,1387
108000099,1278,233,1045
108000100,165,613,-448
108000101,1636,1701,-65
108000102,1726,4197,-2471
108000106,1117,2,1115
108000107,0,647,-647
108000108,570,59,511
108000109,7,467,-460
108000110,448,219,229
108000111,196,367,-171
108000112,63,152,-89
108000113,308,123,185
108000115,224,251,-27
108000117,372,379,-7
108000118,372,2657,-2285
108000119,402,193,209
108000120,196,940,-744
108000121,226,225,1
108000122,830,360,470
108000123,799,134,665
108000124,391,218,173
108000125,849,129,720
108000126,251,214,37
108000127,756,216,540
108000128,716,220,496
108000129,390,261,129
108000130,539,157,382
108000131,864,381,483
108000132,532,659,-127
108000133,1287,473,814
108000134,555,292,263
108000135,1105,678,427
108000136,272,513,-241
108000137,598,190,408
108000138,488,400,88
108000139,689,200,489
108000140,494,23,471
108000141,54,40,14
108000142,75,59,16
108000143,62,196,-134
108000144,766,52,714
108000145,60,5,55
108000146,1106,66,1040
108000147,48,13,35
108000148,864,44,820
108000149,14,10,4
108000150,103,10,93
108000151,48,64,-16
108000152,130,201,-71
108000153,957,95,862
108000154,79,11,68
108000155,65,28,37
108000156,577,306,271
108000157,164,2156,-1992
108000158,125,995,-870
108000159,157,337,-180
108000160,1404,1373,31
108000161,1043,4051,-3008
108000165,4,323,-319
108000172,2,369,-367
108000173,560,2290,-1730
108000175,893,131,762
108000178,303,344,-41
108000179,221,1142,-921
108000181,135,31,104
108000182,119,65,54
108000183,9,321,-312
108000184,653,3614,-2961
108000185,307,185,122
108000186,557,152,405
108000187,92,128,-36
108000188,875,114,761
108000189,1009,13442,-12433
108000190,98,197,-99
108000192,271,176,95
108000193,282,7,275
108000194,25,6,19
108000195,0,429,-429
108000196,150,91,59
108000198,1002,79,923
108000199,0,364,-364
108000200,487,147,340
108000203,173,186,-13
108000204,190,60,130
108000205,119,135,-16
108000339,761,437,324
108000364,148,474,-326
108000365,59,223,-164
108000367,140,143,-3
108000368,8,48,-40
108000369,424,112,312
108000371,1,553,-552
108000372,846,14,832
108000373,211,56,155
108000376,150,29,121
108000377,729,125,604
108000378,8418,14091,-5673
108000379,47,151,-104
108000381,123,12,111
108000382,109,2,107
108000383,1,318,-317
108900001,34,244,-210
108900002,176,59,117
108900003,133,471,-338
108900004,44,388,-344
108900007,298,154,144
108900008,146,74,72
108900009,133,62,71
108900010,429,110,319
108900011,914,236,678
108900012,425,234,191
108900013,181,216,-35
108900014,27,75,-48
108900015,1,197,-196
108900016,6,152,-146
108900017,166,429,-263
108900018,181,164,17
108900019,19,219,-200
108900020,54,103,-49
108900021,170,176,-6
108900022,71,1,70
108900023,33,49,-16
108900024,48,34,14
108900025,269,41,228
108900026,5,29,-24
108900027,1,19,-18
108900028,89,58,31
108900029,79,106,-27
108900030,0,28,-28
108900031,164,106,58
108900032,1,67,-66
108900033,0,32,-32
108900034,0,74,-74
108900035,201,332,-131
108900038,0,92,-92
108900039,0,82,-82
108900040,8,48,-40
108900041,2677,3155,-478
108900042,6,400,-394
108900043,38,204,-166
108900044,2,103,-101
108900045,91,110,-19
108900046,29,185,-156
108900047,17,351,-334
108900048,113,313,-200
108900049,959,2303,-1344
108900050,1,74,-73
108900051,0,85,-85
108900052,20,97,-77
108900053,46,439,-393
108900054,54,92,-38
108900055,20,228,-208
108900056,5,53,-48
108900057,0,31,-31
108900058,17,120,-103
108900059,917,46,871
108900060,90,196,-106
108900061,65,39,26
108900062,4,117,-113
108900063,4,73,-69
108900064,369,7,362
108900065,7,88,-81
108900066,606,116,490
108900067,5,149,-144
108900068,28,44,-16
108900069,107,12,95
108900070,34,36,-2
108900071,113,66,47
108900072,1027,346,681
108900073,62,113,-51
108900074,347,53,294
108900075,20,33,-13
108900076,489,57,432
108900077,68,141,-73
108900078,35,49,-14
108900079,219,58,161
108900080,10,1027,-1017
108900081,44,159,-115
108900082,134,44,90
108900083,18,265,-247
108900085,851,99,752
108900086,205,81,124
108900087,55,139,-84
108900088,835,362,473
108900089,16,149,-133
108900090,95,56,39
108900091,148,17,131
108900092,550,223,327
108900093,110,94,16
108900094,321,98,223
108900095,12,160,-148
108900096,197,1,196
108900097,358,54,304
108900098,868,886,-18
108900099,511,75,436
108900100,55,52,3
108900101,187,333,-146
108900102,32,1431,-1399
108900103,162,157,5
108900105,6,1999,-1993
108900106,543,124,419
108900108,388,26,362
108900109,664,72,592
108900110,216,166,50
108900111,536,176,360
108900113,42,93,-51
108900114,156,27,129
108900115,144,92,52
108900116,90,15,75
108900117,319,23,296
108900118,849,36,813
108900119,406,19,387
108900120,273,199,74
108900121,312,103,209
108900122,234,17,217
108900123,214,117,97
108900124,987,218,769
108900125,764,2,762
108900126,286,64,222
108900127,284,29,255
108900128,313,43,270
108900129,1323,166,1157
108900130,691,1,690
108900131,556,10,546
108900132,604,42,562
108900133,420,43,377
108900134,1063,137,926
108900135,399,29,370
108900136,60,0,60
108900137,290,11,279
108900138,1153,49,1104
108900140,645,63,582
108900141,572,11,561
108900142,77,6,71
108900143,105,0,105
108900144,132,7,125
108900145,328,24,304
108900146,107,0,107
108900147,354,4,350
108900148,52,9,43
108900150,260,8,252
108900151,47,2,45
108900152,168,7,161
108900153,242,133,109
108900154,5190,309,4881
108900156,95,5,90
108900157,20,206,-186
108900158,452,23,429
108900159,0,91,-91
108900160,28,129,-101
108900161,8,150,-142
108900162,273,1,272
108900163,9,452,-443
108900164,41,29,12
108900168,2883,2356,527
108900169,103,84,19
108900171,1988,3446,-1458
108900172,169,33,136
108900173,47,208,-161
108900174,1131,340,791
108900176,109,177,-68
108900177,2775,8811,-6036
108900178,1574,4611,-3037
108900180,123,272,-149
108900183,154,141,13
108900184,477,170,307
108900185,87,234,-147
108900186,55,247,-192
108900189,395,74,321
108900190,38,1118,-1080
108900192,67,132,-65
108900195,111,92,19
108900196,27,143,-116
108900199,191,223,-32
108900200,676,252,424
108900201,280,772,-492
108900203,418,119,299
108900204,403,18,385
108900205,363,35,328
108900206,418,94,324
108900207,223,213,10
108900208,8,207,-199
108900209,176,329,-153
108900210,99,125,-26
108900211,198,610,-412
108900212,126,1759,-1633
108900215,51,371,-320
108900216,159,363,-204
108900217,61,0,61
108900218,28,2,26
108900221,27,42,-15
108900224,19,107,-88
108900225,0,191,-191
108900227,170,365,-195
108900230,112,126,-14
108900232,0,91,-91
108900233,466,145,321
108900234,336,126,210
108900235,126,229,-103
108900236,41,148,-107
108900240,131,75,56
108900241,48,41,7
108900245,4,1692,-1688
108900250,230,45,185
108900258,20,73,-53
108900259,50,16,34
108900260,15,14,1
108900261,36,59,-23
108900262,72,151,-79
108900263,24,171,-147
108900264,128,261,-133
108900265,776,627,149
108900266,203,1109,-906
108900267,6,266,-260
108900268,27,11,16
108900269,198,9,189
108900270,135,3,132
108900271,56,38,18
108900272,294,16,278
108900273,234,1014,-780
108900274,98,25,73
109000001,3108,2640,468
109000002,865,2255,-1390
109000003,3458,459,2999
109000004,546,1852,-1306
109000005,2402,611,1791
109000006,705,1634,-929
109000007,2081,675,1406
109000008,790,1233,-443
109000009,3547,1300,2247
109000010,659,2170,-1511
109000011,5156,1910,3246
109000012,1707,2352,-645
109000013,5040,4412,628
109000014,1832,1712,120
109000015,4832,14544,-9712
109000016,4367,1917,2450
109000017,3666,1280,2386
109000018,1543,1937,-394
109000019,2752,1540,1212
109000020,1034,2001,-967
109000023,295,23,272
109000024,13,151,-138
109000025,329,844,-515
109000026,534,300,234
109000027,132,493,-361
109000028,125,39,86
109000029,123,407,-284
109000030,20,314,-294
109000031,283,97,186
109000032,92,322,-230
109000033,387,176,211
109000034,44,55,-11
109000035,9,61,-52
109000036,48,289,-241
109000037,351,3072,-2721
109000038,299,258,41
109000039,1168,933,235
109000040,1768,10736,-8968
109000041,1611,2769,-1158
109000042,403,1286,-883
109000044,430,243,187
109000045,189,394,-205
109000046,565,86,479
109000047,77,352,-275
109000048,726,627,99
109000049,262,389,-127
109000050,478,445,33
109000051,147,69,78
109000052,564,392,172
109000053,1987,237,1750
109000054,133,274,-141
109000055,264,233,31
109000056,312,268,44
109000057,901,457,444
109000058,741,157,584
109000059,197,812,-615
109000060,272,608,-336
109000061,407,1509,-1102
109000062,131,413,-282
109000063,236,103,133
109000064,418,143,275
109000065,214,103,111
109000066,536,35,501
109000067,80,148,-68
109000068,723,2,721
109000069,566,12,554
109000070,69,1416,-1347
109000071,560,97,463
109000072,146,332,-186
109000073,81,69,12
109000074,30,141,-111
109000075,61,228,-167
109000076,229,375,-146
109000077,325,165,160
109000078,130,181,-51
109000079,86,85,1
109000080,445,86,359
109000081,197,269,-72
109000082,1283,141,1142
109000083,268,343,-75
109000088,215,265,-50
109000089,327,81,246
109000090,140,250,-110
109000091,431,154,277
109000092,217,239,-22
109000093,330,139,191
109000094,1001,6,995
109000095,210,237,-27
109000096,899,209,690
109000097,92,146,-54
109000098,35,132,-97
109000099,833,165,668
109000100,282,473,-191
109000101,1546,437,1109
109000102,455,448,7
109000103,1358,432,926
109000104,2633,325,2308
109000105,603,649,-46
109000106,2182,512,1670
109000107,416,1020,-604
109000108,2458,488,1970
109000109,401,904,-503
109000110,1369,502,867
109000111,683,1674,-991
109000112,304,97,207
109000113,267,96,171
109000114,135,216,-81
109000115,971,76,895
109000116,11,491,-480
109000117,354,27,327
109000118,9,172,-163
109000119,1597,100,1497
109000120,281,330,-49
109000121,1106,71,1035
109000122,232,223,9
109000123,69,204,-135
109000124,1150,184,966
109000125,788,198,590
109000126,612,293,319
109000127,2726,218,2508
109000128,771,557,214
109000129,3129,489,2640
109000130,491,847,-356
109000131,1874,1193,681
109000132,613,1335,-722
109000133,228,344,-116
109000134,534,734,-200
109000135,730,1273,-543
109000136,277,172,105
109000137,376,309,67
109000138,535,95,440
109000139,614,302,312
109000140,317,222,95
109000141,1217,365,852
109000142,165,385,-220
109000143,126,79,47
109000145,65,363,-298
109000146,18,32,-14
109000148,1277,1528,-251
109000149,44,86,-42
109000150,103,355,-252
109000155,1090,717,373
109000156,757,361,396
109000158,66,177,-111
109000159,68,320,-252
109000160,1358,122,1236
109000161,639,625,14
109000162,2303,324,1979
109000163,1414,1052,362
109000164,1655,1465,190
109000165,1505,394,1111
109000166,1058,68,990
109000167,114,242,-128
109000170,57,32,25
109000171,127,38,89
109000172,51,81,-30
109000173,22,118,-96
109000174,220,32,188
109000175,166,171,-5
109000176,523,131,392
109000177,46,65,-19
109000178,978,203,775
109000179,2198,5571,-3373
109000180,2652,3045,-393
109000181,70,20,50
109000182,70,17,53
109000183,25,24,1
109000184,145,49,96
109000185,102,30,72
109000188,415,770,-355
109000189,2708,435,2273
109000190,809,360,449
109000191,363,322,41
109000192,646,77,569
109000193,262,73,189
109000194,343,22,321
109000195,168,75,93
109000196,342,38,304
109000197,177,214,-37
109000198,378,24,354
109000199,166,219,-53
109000206,207,43,164
109000207,283,44,239
109000208,119,148,-29
109000209,175,111,64
109000210,109,343,-234
109000211,1025,319,706
109000214,595,339,256
109000215,144,58,86
109000216,390,316,74
109000217,214,126,88
109000218,280,190,90
109000221,252,670,-418
109000222,695,202,493
109000223,611,500,111
109000224,57,54,3
109000225,380,52,328
109000226,162,170,-8
109000227,1739,346,1393
109000228,1,1725,-1724
109000231,96,98,-2
109000232,566,84,482
109000236,198,514,-316
109000241,1942,1066,876
109000242,1650,728,922
109000293,73,163,-90
109000361,148,195,-47
109000364,103,246,-143
109000396,0,221,-221
109000397,699,7,692
109000399,125,254,-129
109000400,141,123,18
109000403,20,1576,-1556
109000406,581,13,568
109000407,306,158,148
109000408,4,555,-551
109000410,906,211,695
109000411,387,40,347
109000412,9,40,-31
109900001,142,1,141
109900002,902,18,884
109900003,405,5,400
109900005,19,2,17
109900006,534,134,400
109900007,1335,125,1210
109900008,0,19,-19
109900009,128,191,-63
109900010,682,19,663
109900011,54,62,-8
109900012,322,277,45
109900013,401,139,262
109900014,506,58,448
109900015,196,146,50
109900016,156,10,146
109900017,216,211,5
109900018,185,15,170
109900019,346,65,281
109900020,42,34,8
109900021,25,6,19
109900022,185,184,1
109900023,18,4,14
109900024,30,1,29
109900025,39,8,31
109900027,29,21,8
109900028,380,2078,-1698
109900029,0,122,-122
109900030,33,6,27
109900031,1,205,-204
109900032,8,141,-133
109900033,9,384,-375
109900034,60,4,56
109900035,25,38,-13
109900036,18,26,-8
109900037,21,254,-233
109900038,150,194,-44
109900039,11,1,10
109900040,38,219,-181
109900041,44,111,-67
109900042,9,759,-750
109900044,85,153,-68
109900045,59,96,-37
109900046,176,62,114
109900047,179,180,-1
109900048,6,44,-38
109900049,25,20,5
109900050,0,45,-45
109900051,1,11,-10
109900052,54,82,-28
109900053,1,70,-69
109900054,1112,101,1011
109900055,102,102,0
109900056,49,406,-357
109900057,4,63,-59
109900058,0,35,-35
109900060,848,82,766
109900061,33,113,-80
109900062,0,43,-43
109900064,632,163,469
109900065,91,93,-2
109900066,199,380,-181
109900067,0,64,-64
109900068,78,5,73
109900069,8,17,-9
109900071,5,19,-14
109900072,7,76,-69
109900073,432,94,338
109900074,21,9,12
109900075,35,43,-8
109900076,20,120,-100
109900077,17,16,1
109900078,45,156,-111
109900080,86,116,-30
109900081,11,225,-214
109900082,41,141,-100
109900083,22,28,-6
109900084,72,76,-4
109900085,83,261,-178
109900086,117,987,-870
109900087,72,410,-338
109900089,925,161,764
109900092,211,18,193
109900093,1239,160,1079
109900094,155,75,80
109900095,88,112,-24
109900096,121,10,111
109900097,198,1,197
109900098,708,20,688
109900099,470,3,467
109900100,64,1,63
109900101,906,7,899
109900102,457,21,436
109900103,15,29,-14
109900104,1105,156,949
109900105,642,34,608
109900106,339,28,311
109900107,658,30,628
109900108,182,158,24
109900109,59,98,-39
109900111,97,258,-161
109900114,685,1321,-636
109900115,220,81,139
109900117,1289,59,1230
109900121,300,373,-73
109900123,21,62,-41
109900125,0,115,-115
109900126,353,18,335
109900130,2413,2753,-340
109900131,21,116,-95
109900132,19,148,-129
109900134,47,111,-64
109900135,214,24,190
109900137,143,111,32
109900140,280,47,233
109900149,24,34,-10
109900150,1,38,-37
109900151,5,11,-6
109900152,1,14,-13
109900153,0,45,-45
109900154,31,0,31
109900155,102,15,87
109900157,41,160,-119
109900159,160,58,102
109900161,216,79,137
109900162,329,121,208
109900163,235,159,76
109900164,56,186,-130
109900165,272,5,267
109900166,0,84,-84
109900167,136,155,-19
109900168,275,374,-99
109900169,178,88,90
109900170,260,1386,-1126
109900171,317,92,225
109900172,327,373,-46
109900173,882,2904,-2022
109900174,45,90,-45
109900175,106,82,24
109900176,190,130,60
109900177,22,78,-56
109900178,8,246,-238
109900179,19,17,2
109900180,7,15,-8
110000001,588,435,153
110000002,524,676,-152
110000003,529,767,-238
110000004,395,527,-132
110000005,245,1817,-1572
110000006,244,205,39
110000007,107,63,44
110000008,36,104,-68
110000009,16,31,-15
110000010,38,87,-49
110000011,21,32,-11
110000012,672,190,482
110000013,96,930,-834
110000014,577,340,237
110000015,211,716,-505
110000016,221,1709,-1488
110000017,2731,215,2516
110000018,2166,316,1850
110000019,4,66,-62
110000020,559,195,364
110000021,249,349,-100
110000022,770,86,684
110000023,4,100,-96
110000024,454,340,114
110000025,642,3,639
110000026,5,179,-174
110000027,491,1247,-756
110000028,942,547,395
110000029,516,556,-40
110000030,350,297,53
110000031,394,290,104
110000032,792,219,573
110000033,193,245,-52
110000034,401,374,27
110000035,660,400,260
110000036,1076,362,714
110000037,272,297,-25
110000038,247,616,-369
110000039,987,4739,-3752
110000040,521,185,336
110000041,380,2189,-1809
110000042,122,395,-273
110000043,696,357,339
110000044,38,802,-764
110000045,130,134,-4
110000046,8,148,-140
110000047,13,106,-93
110000048,9,107,-98
110000049,8,17,-9
110000050,4,76,-72
110000051,23,16,7
110000052,56,19,37
110000053,33,12,21
110000054,96,399,-303
110000055,178,67,111
110000056,67,88,-21
110000057,285,440,-155
110000058,814,382,432
110000059,855,446,409
110000060,1214,781,433
110000061,490,477,13
110000062,521,825,-304
110000063,84,223,-139
110000064,120,20,100
110000065,131,84,47
110000066,117,10,107
110000067,72,130,-58
110000068,253,50,203
110000069,495,20,475
110000071,361,39,322
110000073,38,12,26
110000075,37,69,-32
110000076,374,285,89
110000077,181,832,-651
110000078,78,13,65
110000080,287,295,-8
110000081,25,146,-121
110000082,27,240,-213
110000083,172,388,-216
110000084,1395,939,456
110000085,692,976,-284
110000086,933,2468,-1535
110000087,14,39,-25
110000088,108,219,-111
110000089,321,36,285
110000090,63,127,-64
110000091,706,115,591
110000092,35,26,9
110000093,46,39,7
110000094,320,123,197
110000095,148,636,-488
110000096,1184,1713,-529
110000097,886,1861,-975
110000098,1643,755,888
110000099,662,1173,-511
110000100,1280,190,1090
110000101,35,120,-85
110000102,120,61,59
110000104,404,228,176
110000105,57,196,-139
110000106,509,679,-170
110000107,148,311,-163
110000108,150,99,51
110000109,169,240,-71
110000110,991,1356,-365
110000111,1662,2715,-1053
110000112,288,1122,-834
110000113,59,2681,-2622
110000114,297,683,-386
110000115,544,321,223
110000116,89,84,5
110000117,378,134,244
110000118,627,133,494
110000119,290,151,139
110000120,356,135,221
110000121,57,249,-192
110000122,625,353,272
110000123,558,464,94
110000124,1,430,-429
110000125,1031,8,1023
110000126,344,23,321
110000127,1266,66,1200
110000128,22,466,-444
110000129,3,265,-262
110000130,334,234,100
110000131,66,324,-258
110000132,3,322,-319
110000133,46,411,-365
110000134,21,275,-254
110000135,211,41,170
110000136,105,287,-182
110000137,723,275,448
110000138,912,424,488
110000139,1326,368,958
110000140,932,775,157
110000143,439,250,189
110000144,2225,2006,219
110000145,1481,1568,-87
110000146,1060,549,511
110000147,414,759,-345
110000148,718,132,586
110000151,664,2386,-1722
110000152,1208,831,377
110000153,136,12,124
110000154,16,38,-22
110000155,413,2847,-2434
110000156,833,2050,-1217
110000157,1177,2228,-1051
110000160,331,358,-27
110000161,215,177,38
110000166,722,59,663
110000167,969,602,367
110000168,965,569,396
110000169,727,307,420
110000170,171,67,104
110000171,658,98,560
110000172,215,419,-204
110000173,630,740,-110
110000174,106,470,-364
110000175,1093,30,1063
110000176,78,595,-517
110000177,260,1382,-1122
110000178,398,2398,-2000
110000179,1014,268,746
110000180,242,147,95
110000181,961,282,679
110000182,268,79,189
110000183,4278,7491,-3213
110000184,254,2712,-2458
110000185,551,720,-169
110000186,615,713,-98
110000191,1468,118,1350
110000192,654,26,628
110000193,1419,19,1400
110000194,4,404,-400
110000195,639,129,510
110000196,509,94,415
110000197,120,57,63
110000198,67,31,36
110000199,60,82,-22
110000200,528,261,267
110000201,868,1119,-251
110000202,1051,513,538
110000203,379,384,-5
110000204,8,139,-131
110000205,316,43,273
110000206,430,459,-29
110000207,1429,323,1106
110000208,184,296,-112
110000209,61,1223,-1162
110000210,1574,332,1242
110000211,900,881,19
110000212,493,1149,-656
110000213,412,66,346
110000214,523,29,494
110000215,169,135,34
110000216,139,107,32
110000217,518,62,456
110000218,268,122,146
110000219,552,29,523
110000220,38,147,-109
110000221,471,21,450
110000222,54,241,-187
110000223,4,205,-201
110000224,2,6,-4
110000225,211,641,-430
110000226,316,58,258
110000227,722,863,-141
110000228,380,121,259
110000229,0,87,-87
110000230,629,955,-326
110000231,258,185,73
110000232,140,212,-72
110000233,160,242,-82
110000234,400,985,-585
110000235,834,836,-2
110000236,766,439,327
110000237,2544,1447,1097
110000238,987,1062,-75
110000239,1976,751,1225
110000240,1,27,-26
110000242,0,11,-11
110000243,194,26,168
110000244,73,570,-497
110000245,46,325,-279
110000246,844,254,590
110000247,647,1405,-758
110000248,891,461,430
110000249,95,4,91
110000250,12,131,-119
110000251,449,223,226
110000252,353,119,234
110000253,1547,403,1144
110000254,407,468,-61
110000255,91,441,-350
110000256,502,189,313
110000257,291,139,152
110000258,2,180,-178
110000259,243,10,233
110000260,40,55,-15
110000263,417,34,383
110000264,513,176,337
110000265,1327,1526,-199
110000266,884,1950,-1066
110000267,30,128,-98
110000268,145,183,-38
110000269,1,40,-39
110000270,138,8,130
110000271,1267,149,1118
110000272,1185,902,283
110000273,1213,1214,-1
110000274,165,2190,-2025
110000275,1120,445,675
110000276,290,524,-234
110000277,325,189,136
110000278,315,486,-171
110000279,813,622,191
110000280,671,428,243
110000281,80,228,-148
110000282,206,20,186
110000283,44,54,-10
110000284,10,29,-19
110000285,1,455,-454
110000286,1,1,0
110000287,101,1,100
110000288,3,45,-42
110000289,446,2553,-2107
110000290,361,557,-196
110000291,1207,599,608
110000292,920,5699,-4779
110000293,790,1189,-399
110000294,1416,1165,251
110000295,928,912,16
110000296,498,229,269
110000297,2030,197,1833
110000298,104,358,-254
110000299,105,73,32
110000301,423,19,404
110000302,508,625,-117
110000303,440,9,431
110000304,280,132,148
110000305,1384,15,1369
110000306,235,562,-327
110000307,1779,6,1773
110000308,383,7,376
110000309,31,501,-470
110000310,875,30,845
110000311,37,1236,-1199
110000312,499,78,421
110000313,1367,2097,-730
110000314,5,240,-235
110000315,1389,1982,-593
110000316,472,981,-509
110000317,105,902,-797
110000318,6,80,-74
110000319,4,13,-9
110000320,82,70,12
110000321,45,62,-17
110000322,242,213,29
110000323,511,128,383
110000324,2321,987,1334
110000325,1407,3702,-2295
110000327,247,288,-41
110000328,248,475,-227
110000333,819,913,-94
110000334,409,760,-351
110000335,654,357,297
110000336,662,904,-242
110000337,1871,456,1415
110000338,631,255,376
110000339,370,153,217
110000340,53,119,-66
110000341,559,487,72
110000342,102,2,100
110000343,0,17,-17
110000344,150,272,-122
110000345,171,322,-151
110000346,1290,1490,-200
110000347,1394,604,790
110000348,29,16,13
110000349,58,10,48
110000350,83,6,77
110000351,1371,461,910
110000352,773,1425,-652
110000353,2874,399,2475
110000354,1153,4538,-3385
110000355,104,37,67
110000356,630,4,626
110000357,561,5,556
110000361,16,16,0
110000362,63,4,59
110000363,690,37,653
110000364,254,240,14
110000365,163,0,163
110000366,0,87,-87
110000367,420,110,310
110000368,5,45,-40
110000369,100,3,97
110000373,0,140,-140
110000374,65,37,28
110000375,111,937,-826
110000376,22,103,-81
110000377,55,430,-375
110000378,15,350,-335
110000379,2061,2415,-354
110000380,91,5,86
110000383,1,1024,-1023
110000384,656,483,173
110000385,1,255,-254
110000387,72,3,69
110000388,67,166,-99
110000389,1098,3,1095
110000391,905,98,807
110000396,279,42,237
110000397,214,32,182
110000398,11,16,-5
110000399,154,0,154
110000587,166,121,45
110000589,240,121,119
110000640,232,27,205
110000652,15,543,-528
110000653,391,270,121
110000654,19,1026,-1007
110000656,1,158,-157
110000674,41,8,33
110000675,6,17,-11
110000676,1,50,-49
110000679,139,1184,-1045
110000682,109,199,-90
110000683,155,396,-241
110000684,2,48,-46
110000685,7,10,-3
110000686,4,71,-67
110000687,13,20,-7
110000688,86,1451,-1365
110000689,72,30,42
110000692,19,207,-188
110000693,53,307,-254
110000694,0,109,-109
110000695,150,710,-560
110000696,34,30,4
110000698,130,1125,-995
110000699,899,233,666
110900001,293,12,281
110900002,217,409,-192
110900003,1018,188,830
110900004,515,38,477
110900005,1095,3841,-2746
110900006,104,36,68
110900007,125,55,70
110900008,27,41,-14
110900009,386,334,52
110900010,16,18,-2
110900011,28,91,-63
110900012,12,21,-9
110900013,1257,78,1179
110900014,376,25,351
110900015,307,626,-319
110900016,74,44,30
110900017,616,47,569
110900018,326,36,290
110900019,390,11,379
110900020,180,109,71
110900021,97,246,-149
110900022,83,85,-2
110900023,37,399,-362
110900024,21,157,-136
110900025,22,66,-44
110900027,42,114,-72
110900028,20,87,-67
110900029,18,85,-67
110900030,27,68,-41
110900031,6,139,-133
110900032,0,36,-36
110900033,43,101,-58
110900035,21,389,-368
110900036,62,2,60
110900037,145,14,131
110900038,626,158,468
110900039,9,283,-274
110900040,271,20,251
110900041,29,54,-25
110900042,158,42,116
110900043,2,30,-28
110900044,141,10,131
110900045,55,150,-95
110900046,15,111,-96
110900047,212,301,-89
110900049,92,107,-15
110900050,46,1,45
110900051,21,139,-118
110900052,3,82,-79
110900053,125,5,120
110900054,13,116,-103
110900055,9,3,6
110900056,23,81,-58
110900057,3,44,-41
110900058,310,65,245
110900059,379,148,231
110900060,358,131,227
110900061,8,51,-43
110900062,170,60,110
110900063,18,72,-54
110900064,13,0,13
110900065,89,139,-50
110900066,6,42,-36
110900067,74,564,-490
110900068,220,126,94
110900069,5,6,-1
110900070,139,37,102
110900071,143,670,-527
110900073,0,13,-13
110900074,565,87,478
110900075,421,53,368
110900077,1153,353,800
110900078,72,22,50
110900079,932,1517,-585
110900080,239,51,188
110900081,11,13,-2
110900082,226,61,165
110900083,118,30,88
110900084,77,31,46
110900085,52,107,-55
110900086,77,297,-220
110900087,426,71,355
110900088,7,0,7
110900090,62,56,6
110900091,5,27,-22
110900093,221,80,141
110900095,48,23,25
110900097,39,38,1
110900098,15,68,-53
110900099,8,280,-272
110900100,0,5,-5
110900102,93,9,84
110900105,926,108,818
110900108,12,18,-6
110900111,323,47,276
110900112,668,5,663
110900113,226,49,177
110900115,11,41,-30
110900116,1224,567,657
110900118,71,4049,-3978
110900119,1171,126,1045
110900120,68,46,22
110900121,128,1,127
110900122,756,193,563
110900125,487,493,-6
110900127,332,1357,-1025
110900128,180,601,-421
110900129,187,1164,-977
110900130,366,733,-367
110900131,284,38,246
110900132,520,76,444
110900133,55,117,-62
110900135,63,125,-62
110900136,505,18,487
110900138,0,0,0
110900139,3,0,3
110900140,0,0,0
110900141,345,509,-164
110900142,36,85,-49
110900143,178,37,141
110900144,2,179,-177
110900145,119,75,44
110900146,121,265,-144
110900147,76,501,-425
110900148,2,141,-139
110900149,4,43,-39
110900150,21,7,14
110900151,2,38,-36
110900152,23,58,-35
110900153,286,48,238
111000001,1214,569,645
111000002,746,486,260
111000003,2586,1023,1563
111000004,619,868,-249
111000005,1759,1832,-73
111000006,993,1800,-807
111000007,4436,4940,-504
111000008,2544,2848,-304
111000009,393,727,-334
111000010,1145,305,840
111000011,190,895,-705
111000012,482,423,59
111000013,423,958,-535
111000014,1988,458,1530
111000017,154,767,-613
111000018,118,349,-231
111000020,381,907,-526
111000021,49,114,-65
111000023,145,53,92
111000025,4347,3633,714
111000029,101,127,-26
111000030,26,109,-83
111000031,1786,698,1088
111000032,558,306,252
111000033,220,197,23
111000034,33,295,-262
111000037,355,159,196
111000038,2574,1333,1241
111000039,1654,1397,257
111000040,1464,1185,279
111000041,526,583,-57
111000042,1279,1636,-357
111000043,2130,4959,-2829
111000044,1977,910,1067
111000045,3455,2353,1102
111000046,2511,1977,534
111000047,3502,6155,-2653
111000049,401,370,31
111000050,958,803,155
111000051,461,575,-114
111000052,400,1148,-748
111000053,237,558,-321
111000054,317,538,-221
111000055,258,639,-381
111000056,597,366,231
111000057,227,332,-105
111000058,830,61,769
111000059,730,197,533
111000060,4614,808,3806
111000061,909,316,593
111000062,1213,337,876
111000063,1566,1131,435
111000064,1055,468,587
111000065,1444,825,619
111000066,709,342,367
111000067,828,321,507
111000068,657,643,14
111000069,1449,1251,198
111000070,758,528,230
111000071,181,275,-94
111000072,1592,674,918
111000073,367,1508,-1141
111000074,1486,1337,149
111000075,672,563,109
111000076,706,503,203
111000077,1208,1109,99
111000078,2056,851,1205
111000079,748,561,187
111000080,592,456,136
111000081,1633,4590,-2957
111000082,915,492,423
111000084,939,429,510
111000085,1114,840,274
111000086,1548,784,764
111000087,786,376,410
111000088,4151,3280,871
111000089,762,602,160
111000090,483,855,-372
111000091,802,231,571
111000092,1781,661,1120
111000093,1073,1129,-56
111000094,1872,1211,661
111000095,748,2743,-1995
111000096,767,7994,-7227
111000097,2838,1045,1793
111000098,543,705,-162
111000099,422,1064,-642
111000100,440,656,-216
111000101,328,609,-281
111000102,209,434,-225
111000104,792,135,657
111000107,219,485,-266
111000109,1230,178,1052
111000110,1556,532,1024
111000111,3902,318,3584
111000112,2712,419,2293
111000113,906,2137,-1231
111000114,1380,4633,-3253
111000115,2809,756,2053
111000116,921,746,175
111000117,422,803,-381
111000118,819,586,233
111000119,1512,644,868
111000120,630,540,90
111000121,388,704,-316
111000122,505,572,-67
111000123,757,611,146
111000124,540,1104,-564
111000125,368,708,-340
111000126,1106,1006,100
111000127,1533,130,1403
111000128,3393,248,3145
111000129,3655,428,3227
111000130,3047,394,2653
111000131,2838,414,2424
111000132,2423,1367,1056
111000133,183,71,112
111000134,236,86,150
111000135,70,112,-42
111000136,550,314,236
111000138,11,4,7
111000140,3,3,0
111000141,135,376,-241
111000142,5,257,-252
111000143,0,476,-476
111000144,98,2354,-2256
111000145,126,18,108
111000146,119,19,100
111000147,130,28,102
111000148,127,96,31
111000149,15,68,-53
111000150,58,24,34
111000151,6,10,-4
111000153,485,464,21
111000154,376,257,119
111000155,154,114,40
111000156,718,433,285
111000157,230,847,-617
111000158,864,960,-96
111000159,3794,988,2806
111000160,487,368,119
111000161,10,494,-484
111000162,6,68,-62
111000163,1064,763,301
111000164,392,2806,-2414
111000165,617,234,383
111000166,397,123,274
111000167,132,206,-74
111000168,257,286,-29
111000169,278,362,-84
111000170,228,261,-33
111000171,584,392,192
111000172,262,226,36
111000173,330,584,-254
111000174,328,119,209
111000175,70,282,-212
111000176,464,58,406
111000177,904,137,767
111000178,2293,163,2130
111000179,567,53,514
111000180,359,386,-27
111000181,2262,221,2041
111000182,294,116,178
111000183,265,170,95
111000184,347,174,173
111000185,383,245,138
111000186,328,127,201
111000187,264,75,189
111000188,467,283,184
111000189,380,432,-52
111000190,223,202,21
111000191,129,133,-4
111000192,119,249,-130
111000193,392,217,175
111000194,65,228,-163
111000195,149,182,-33
111000196,85,70,15
111000197,631,91,540
111000198,784,95,689
111000199,370,164,206
111000200,771,345,426
111000201,1069,135,934
111000202,510,142,368
111000203,583,298,285
111000204,424,1824,-1400
111000213,184,435,-251
111000214,1401,798,603
111000215,1373,868,505
111000217,1865,499,1366
111000218,1854,725,1129
111000219,275,186,89
111000220,614,580,34
111000221,302,46,256
111000224,42,119,-77
111000225,507,406,101
111000226,76,2,74
111000227,35,5,30
111000228,12,782,-770
111000229,43,1549,-1506
111000230,168,124,44
111000231,1056,202,854
111000232,1067,423,644
111000233,1502,476,1026
111000234,183,668,-485
111000239,102,37,65
111000240,25,233,-208
111000241,54,109,-55
111000242,304,56,248
111000243,167,246,-79
111000244,716,65,651
111000245,913,215,698
111000246,846,159,687
111000247,648,294,354
111000248,704,249,455
111000249,685,165,520
111000250,68,41,27
111000251,44,65,-21
111000253,45,28,17
111000255,86,6,80
111000257,68,28,40
111000260,55,370,-315
111000261,1496,74,1422
111000271,53,257,-204
111000273,2564,930,1634
111000274,1570,2711,-1141
111000275,175,41,134
111000276,927,1484,-557
111000277,236,179,57
111000278,454,190,264
111000291,2043,12553,-10510
111000298,502,172,330
111000299,805,189,616
111000300,46,397,-351
111000302,398,42,356
111000303,146,114,32
111000312,72,58,14
111000315,5,78,-73
111000320,131,264,-133
111000321,574,178,396
111000322,327,136,191
111000323,407,13,394
111000324,305,176,129
111000325,60,63,-3
111000326,234,246,-12
111000327,329,285,44
111000328,422,516,-94
111000329,2,33,-31
111000330,138,5,133
111000331,21,10,11
111000332,584,872,-288
111000334,240,803,-563
111000335,1339,171,1168
111000337,1916,162,1754
111000338,114,93,21
111000339,948,87,861
111000340,142,343,-201
111000341,1763,799,964
111000342,52,1029,-977
111000344,1345,554,791
111000345,73,126,-53
111000346,30,274,-244
111000347,138,5,133
111000350,214,78,136
111000351,142,284,-142
111000352,183,91,92
111000353,124,125,-1
111000354,446,248,198
111000355,349,437,-88
111000358,157,446,-289
111000360,244,170,74
111000361,169,86,83
111000546,819,294,525
111000547,419,215,204
111000548,205,259,-54
111000549,334,170,164
111000550,46,832,-786
111000551,374,167,207
111000552,387,166,221
111000907,1032,45,987
111000908,99,0,99
111000916,2238,152,2086
111000917,51,325,-274
111000918,287,254,33
111000920,796,8,788
111000921,8,110,-102
111000922,716,153,563
111000924,58,407,-349
111000925,5077,2108,2969
111000926,985,1208,-223
111000927,2876,5164,-2288
111000928,2983,1521,1462
111000929,2103,1391,712
111000930,871,1318,-447
111000931,2163,2759,-596
111000932,2365,1087,1278
111000933,3516,3348,168
111000934,1536,1854,-318
111000935,3096,964,2132
111000936,1149,1313,-164
111000937,1550,1546,4
111000938,1270,857,413
111000939,772,24,748
111000940,705,38,667
111000941,343,258,85
111000943,736,258,478
111000944,177,158,19
111000945,143,652,-509
111001109,488,684,-196
111001110,213,311,-98
111001111,91,5,86
111001112,117,50,67
111001113,0,214,-214
111001114,597,341,256
111001115,32,2174,-2142
111001116,1776,5366,-3590
111001117,421,2370,-1949
111001120,101,156,-55
111001121,167,126,41
111001122,277,149,128
111001123,431,101,330
111001124,162,44,118
111001125,7,367,-360
111001126,0,0,0
111001127,0,23,-23
111001128,967,415,552
111900001,1,36,-35
111900002,0,140,-140
111900003,3,104,-101
111900004,11,34,-23
111900006,16,70,-54
111900007,253,4,249
111900008,451,2,449
111900009,210,1,209
111900010,96,186,-90
111900012,24,45,-21
111900013,14,3,11
111900014,1607,6211,-4604
111900015,0,19,-19
111900016,0,22,-22
111900017,0,17,-17
111900018,283,8,275
111900019,3,125,-122
111900020,0,40,-40
111900021,15,25,-10
111900022,6,15,-9
111900023,38,41,-3
111900024,85,42,43
111900025,1,31,-30
111900026,0,25,-25
111900027,12,38,-26
111900028,54,88,-34
111900029,1,10,-9
111900030,11,182,-171
111900032,1,67,-66
111900033,1,65,-64
111900034,96,235,-139
111900035,67,91,-24
111900036,0,51,-51
111900038,82,248,-166
111900039,22,135,-113
111900040,0,114,-114
111900042,6,49,-43
111900043,0,90,-90
111900044,61,104,-43
111900046,18,48,-30
111900048,394,204,190
111900049,14,91,-77
111900050,65,13,52
111900051,1,95,-94
111900052,149,185,-36
111900053,333,2508,-2175
111900054,156,1,155
111900055,5,136,-131
111900056,82,465,-383
111900057,169,15,154
111900058,834,232,602
111900059,934,802,132
111900060,277,11,266
111900061,6,57,-51
111900062,17,86,-69
111900063,238,259,-21
111900064,49,68,-19
111900065,153,22,131
111900066,160,145,15
111900067,0,171,-171
111900068,51,74,-23
111900069,114,38,76
111900070,271,70,201
111900071,0,96,-96
111900072,164,40,124
111900073,1250,241,1009
111900074,3,98,-95
111900075,112,8,104
111900076,344,104,240
111900077,90,2,88
111900078,401,42,359
111900079,55,68,-13
111900080,111,215,-104
111900082,230,37,193
111900083,307,26,281
111900084,272,13,259
111900085,16,89,-73
111900086,75,11,64
111900087,134,13,121
111900088,909,36,873
111900089,139,8,131
111900090,31,27,4
111900091,626,11,615
111900092,182,10,172
111900093,626,9,617
111900094,207,2,205
111900095,535,27,508
111900096,319,0,319
111900097,147,1,146
111900098,342,9,333
111900099,112,0,112
111900100,176,2,174
111900101,129,36,93
111900102,809,213,596
111900103,63,72,-9
111900104,152,42,110
111900105,234,211,23
111900106,262,7,255
111900110,789,204,585
111900111,222,13,209
111900112,353,5180,-4827
111900113,196,121,75
111900118,459,77,382
111900119,300,149,151
111900122,103,88,15
111900123,24,37,-13
111900124,26,8,18
111900125,618,88,530
111900126,408,5,403
111900127,1,194,-193
111900128,2,174,-172
111900129,346,4,342
111900130,140,44,96
111900131,769,2,767
111900132,8,314,-306
111900133,17,140,-123
111900134,5,120,-115
111900135,24,38,-14
111900136,72,192,-120
111900137,17,35,-18
111900138,8,42,-34
111900139,20,30,-10
111900140,130,42,88
111900141,83,34,49
111900142,90,28,62
111900143,61,22,39
111900144,7,36,-29
111900145,0,113,-113
111900146,0,86,-86
111900147,31,219,-188
111900148,12,284,-272
111900149,8,96,-88
111900150,17,57,-40
111900151,4,18,-14
111900152,61,113,-52
111900153,606,1008,-402
111900154,23,742,-719
111900155,84,193,-109
111900156,126,92,34
111900157,361,25,336
111900158,794,110,684
111900159,589,41,548
111900160,449,4,445
111900161,391,2,389
111900162,171,305,-134
111900163,45,118,-73
111900164,80,46,34
111901113,757,70,687
111901114,200,170,30
111901115,243,1,242
111901116,60,1,59
111901117,43,66,-23
111901118,19,448,-429
111901119,196,31,165
111901121,28,49,-21
111901122,0,102,-102
111901123,363,118,245
111901124,465,4,461
111901125,871,203,668
111901127,215,892,-677
111901128,4,45,-41
111901129,1,64,-63
111901130,5,43,-38
111901131,2,153,-151
111901132,163,79,84
111901133,104,3,101
111901134,146,4,142
111901135,93,31,62
111901138,90,34,56
111901139,2,11,-9
111901140,2,28,-26
111901141,3,44,-41
111901142,2,45,-43
111901143,2,64,-62
111901144,97,62,35
111901145,86,492,-406
111901146,42,8,34
111901147,160,484,-324
111901148,14,65,-51
111901149,34,4,30
111901150,69,0,69
111901151,0,0,0
111901152,1,14,-13
112000001,2650,729,1921
112000002,813,1516,-703
112000003,2518,1011,1507
112000004,768,305,463
112000005,4288,4327,-39
112000006,845,704,141
112000007,4964,3568,1396
112000008,3668,4752,-1084
112000009,2827,1534,1293
112000010,4390,5632,-1242
112000011,1655,1113,542
112000012,4050,6489,-2439
112000013,1931,3157,-1226
112000014,1333,4146,-2813
112000015,1615,3384,-1769
112000016,2242,3762,-1520
112000017,592,4216,-3624
112000024,956,451,505
112000026,1509,1657,-148
112000027,653,777,-124
112000028,686,779,-93
112000029,782,769,13
112000030,145,29,116
112000031,1391,4297,-2906
112000032,113,18,95
112000033,1236,3616,-2380
112000034,105,33,72
112000035,36,998,-962
112000036,271,1560,-1289
112000037,721,1043,-322
112000038,1187,1619,-432
112000039,153,57,96
112000040,42,118,-76
112000041,275,309,-34
112000042,643,308,335
112000050,1431,1067,364
112000051,1496,2864,-1368
112000054,1104,1536,-432
112000057,795,259,536
112000058,210,396,-186
112000059,479,746,-267
112000061,2593,922,1671
112000062,683,1277,-594
112000063,225,3362,-3137
112000064,2375,2922,-547
112000065,990,2234,-1244
112000066,3249,1657,1592
112000067,415,449,-34
112000068,3927,3627,300
112000069,464,1568,-1104
112000070,1673,960,713
112000071,954,1621,-667
112000072,2656,833,1823
112000073,1193,1862,-669
112000074,1316,1063,253
112000075,1359,1386,-27
112000076,3073,2120,953
112000077,1290,342,948
112000078,2737,476,2261
112000079,2010,1101,909
112000080,909,498,411
112000081,938,1690,-752
112000082,1119,572,547
112000083,733,827,-94
112000084,1399,507,892
112000085,1581,773,808
112000086,2050,819,1231
112000087,789,320,469
112000088,856,224,632
112000089,358,252,106
112000090,224,170,54
112000091,561,500,61
112000092,2665,1022,1643
112000093,1456,437,1019
112000094,887,720,167
112000095,802,398,404
112000096,705,409,296
112000097,2264,712,1552
112000098,431,431,0
112000099,791,2089,-1298
112000100,2450,632,1818
112000101,607,361,246
112000102,1923,469,1454
112000103,373,354,19
112000105,540,569,-29
112000106,3285,354,2931
112000107,187,132,55
112000108,701,751,-50
112000109,359,117,242
112000110,2191,571,1620
112000111,479,1945,-1466
112000112,2667,507,2160
112000113,711,959,-248
112000114,2640,607,2033
112000115,402,318,84
112000116,561,514,47
112000117,1388,529,859
112000118,721,584,137
112000119,363,515,-152
112000120,58,248,-190
112000121,154,225,-71
112000122,415,92,323
112000123,933,87,846
112000124,739,94,645
112000125,385,273,112
112000126,444,180,264
112000127,1945,2952,-1007
112000128,491,657,-166
112000129,121,118,3
112000130,281,108,173
112000131,36,130,-94
112000132,279,163,116
112000133,426,100,326
112000134,541,292,249
112000135,1309,754,555
112000136,738,1411,-673
112000137,1359,2526,-1167
112000138,949,1688,-739
112000139,628,877,-249
112000140,289,1037,-748
112000141,1348,525,823
112000142,122,337,-215
112000143,1803,230,1573
112000144,249,579,-330
112000145,3595,428,3167
112000146,486,855,-369
112000147,3171,1578,1593
112000148,886,1049,-163
112000149,526,340,186
112000150,436,164,272
112000151,354,154,200
112000152,997,214,783
112000153,156,207,-51
112000154,223,299,-76
112000155,138,117,21
112000157,395,1022,-627
112000158,383,273,110
112000159,1008,232,776
112000167,400,184,216
112000169,235,705,-470
112000173,1160,217,943
112000175,475,236,239
112000176,808,1259,-451
112000177,1070,282,788
112000178,60,178,-118
112000179,418,55,363
112000180,334,253,81
112000181,1073,760,313
112000182,1769,469,1300
112000183,30,22,8
112000184,587,178,409
112000185,1238,212,1026
112000187,4083,2564,1519
112000195,147,3,144
112000196,119,3,116
112000197,63,219,-156
112000198,72,269,-197
112000199,580,529,51
112000202,648,29,619
112000216,62,114,-52
112000230,155,2,153
112000231,2,83,-81
112000256,100,301,-201
112000313,26,32,-6
112000314,43,61,-18
112000337,176,519,-343
112000352,108,291,-183
112000392,1927,812,1115
112000398,2385,708,1677
112000399,1479,7879,-6400
112000400,1131,800,331
112000401,1749,1109,640
112000402,5379,5615,-236
112000403,1226,7437,-6211
112000404,1853,1417,436
112000405,3507,3237,270
112000406,1995,987,1008
112000407,10560,8038,2522
112000408,4125,2287,1838
112000409,2079,1983,96
112000410,277,416,-139
112000411,1607,1395,212
112000412,548,361,187
112000413,2934,8717,-5783
112000414,155,31,124
112000415,85,30,55
112000416,4406,1110,3296
112000417,325,89,236
112000421,84,31,53
112000422,315,160,155
112000424,880,3802,-2922
112000425,484,374,110
112000426,275,257,18
112000427,0,26,-26
112000428,381,112,269
112000429,2204,2264,-60
112000430,2994,3676,-682
112000431,125,149,-24
112000432,469,485,-16
112000433,299,558,-259
112000437,120,97,23
112900001,100,5,95
112900002,879,225,654
112900003,65,84,-19
112900004,60,78,-18
112900005,346,58,288
112900007,38,48,-10
112900008,0,63,-63
112900009,585,259,326
112900010,663,231,432
112900011,56,159,-103
112900012,0,15,-15
112900013,1,181,-180
112900014,7,66,-59
112900015,89,595,-506
112900016,4,111,-107
112900017,28,57,-29
112900018,774,254,520
112900019,14,177,-163
112900020,223,738,-515
112900021,3,83,-80
112900022,11,14,-3
112900023,3,28,-25
112900024,11,96,-85
112900025,28,106,-78
112900026,1,35,-34
112900027,1,248,-247
112900028,9,52,-43
112900029,16,114,-98
112900030,33,51,-18
112900031,2,128,-126
112900032,245,184,61
112900034,0,17,-17
112900035,1,122,-121
112900036,34,77,-43
112900037,285,355,-70
112900038,724,71,653
112900039,9,127,-118
112900040,14,614,-600
112900041,386,959,-573
112900042,79,143,-64
112900043,36,46,-10
112900044,218,179,39
112900045,78,97,-19
112900046,70,55,15
112900047,7,22,-15
112900049,464,38,426
112900050,9,358,-349
112900051,143,209,-66
112900052,1,257,-256
112900053,127,191,-64
112900054,167,43,124
112900055,57,41,16
112900056,288,211,77
112900057,18,152,-134
112900058,301,411,-110
112900059,120,574,-454
112900060,34,35,-1
112900061,93,133,-40
112900062,108,88,20
112900063,61,23,38
112900064,43,183,-140
112900065,7,28,-21
112900066,236,228,8
112900067,261,47,214
112900068,41,77,-36
112900069,1513,1282,231
112900071,39,4,35
112900072,94,4428,-4334
112900073,512,144,368
112900074,143,452,-309
112900075,627,1657,-1030
112900076,31,35,-4
112900078,250,673,-423
112900079,231,22,209
112900080,130,8,122
112900081,110,462,-352
112900082,655,55,600
112900083,181,151,30
112900084,329,280,49
112900086,157,2,155
112900087,1626,112,1514
112900088,283,7,276
112900089,789,36,753
112900090,138,54,84
112900091,466,14,452
112900092,67,689,-622
112900093,1579,18,1561
112900095,107,0,107
112900096,762,150,612
112900097,91,146,-55
112900098,130,0,130
112900099,1133,15,1118
112900100,141,2,139
112900101,440,2,438
112900102,87,30,57
112900103,386,11,375
112900104,972,15,957
112900105,44,0,44
112900106,441,82,359
112900107,8,2,6
112900108,0,1,-1
112900109,263,0,263
112900110,1988,24,1964
112900111,1254,21,1233
112900112,494,5,489
112900113,0,9,-9
112900114,330,14,316
112900115,2051,1,2050
112900116,84,3,81
112900117,63,22,41
112900118,7,92,-85
112900119,235,2,233
112900120,377,187,190
112900121,28,87,-59
112900122,2,54,-52
112900123,159,36,123
112900124,9,47,-38
112900125,16,262,-246
112900126,154,119,35
112900127,394,126,268
112900128,86,362,-276
112900129,3,365,-362
112900130,244,106,138
112900131,33,506,-473
112900132,100,339,-239
112900133,12,676,-664
112900134,0,196,-196
112900135,85,34,51
112900137,101,312,-211
112900138,11,60,-49
112900139,94,452,-358
112900141,953,41,912
112900142,53,330,-277
112900143,12,211,-199
112900144,3,297,-294
112900145,18,291,-273
112900146,3,332,-329
112900147,0,501,-501
112900148,77,3,74
112900149,182,247,-65
112900151,6,40,-34
112900152,2471,388,2083
112900153,385,2908,-2523
112900154,2,34,-32
112900155,198,24,174
112900156,738,418,320
112900157,447,19,428
112900158,65,3,62
112900159,227,231,-4
112900160,13,131,-118
112900161,192,29,163
112900162,7,19,-12
112900163,32,45,-13
112900164,61,212,-151
112900165,44,24,20
112900166,12,95,-83
112900167,5,173,-168
112900168,0,15,-15
112900169,7,13,-6
112900170,135,177,-42
112900172,57,15,42
112900173,102,69,33
112900174,374,56,318
112900175,175,228,-53
112900176,17,21,-4
112900177,296,95,201
112900178,545,3829,-3284
112900179,43,222,-179
112900180,1942,1149,793
112900181,1193,21,1172
112900182,76,215,-139
112900183,87,195,-108
112900184,435,426,9
112900185,84,557,-473
112900186,710,958,-248
112900187,72,525,-453
112900188,628,2479,-1851
112900189,3,13,-10
112900190,8,17,-9
112900192,618,636,-18
112900193,901,330,571
112900194,80,13,67
112900195,708,39,669
112900196,366,421,-55
112900197,78,305,-227
112900199,579,121,458
112900200,569,78,491
112900201,206,91,115
112900202,662,355,307
112900203,279,58,221
112900204,405,485,-80
112900205,9,6,3
112900206,20,82,-62
112900207,26,3,23
112900208,96,532,-436
112900209,199,189,10
112900210,1,24,-23
112900211,69,5,64
112900212,0,42,-42
112900213,82,3,79
112900214,12,20,-8
112900215,5,42,-37
112900216,38,15,23
112900217,0,42,-42
112900218,143,4,139
112900219,108,2,106
112900220,0,0,0
112900221,7,48,-41
112900222,0,16,-16
112900223,924,10,914
112900224,465,164,301
112900225,538,136,402
112900226,103,255,-152
112900227,457,118,339
112900228,103,36,67
112900229,550,24,526
112900230,6457,2432,4025
112900232,322,300,22
112900233,67,70,-3
112900234,23,11,12
112900235,15,8,7
112900236,539,11,528
112900237,407,65,342
112900238,8,5,3
112900239,443,828,-385
112900240,4,22,-18
112900241,13,28,-15
112900242,7,78,-71
112900243,11,49,-38
112900244,4,7,-3
112900245,1,10,-9
112900246,2,4,-2
112900247,43,28,15
112900248,3,0,3
112900249,16,0,16
112900250,74,3,71
112900251,97,3,94
112900252,169,11,158
112900253,58,3,55
112900254,30,3,27
112900255,3,12,-9
112900256,9,34,-25
112900257,18,25,-7
112900258,71,7,64
113000001,5675,5615,60
113000002,5469,3886,1583
113000003,2143,1931,212
113000004,2200,2181,19
113000005,2068,1407,661
113000006,1286,1646,-360
113000007,2417,1430,987
113000008,1891,1814,77
113000009,1700,605,1095
113000010,1630,982,648
113000011,1319,765,554
113000012,1351,669,682
113000013,782,633,149
113000014,833,1330,-497
113000015,152,169,-17
113000016,294,538,-244
113000017,45,395,-350
113000018,331,38,293
113000019,77,231,-154
113000020,293,82,211
113000021,1336,987,349
113000022,839,2826,-1987
113000025,274,407,-133
113000026,504,846,-342
113000027,459,1407,-948
113000028,393,1766,-1373
113000029,908,955,-47
113000030,172,348,-176
113000031,133,236,-103
113000032,229,512,-283
113000033,251,284,-33
113000034,166,158,8
113000035,25,18,7
113000036,12,49,-37
113000037,33,14,19
113000038,13,59,-46
113000039,57,281,-224
113000040,35,108,-73
113000042,748,600,148
113000051,1741,2636,-895
113000052,2418,530,1888
113000053,641,392,249
113000054,722,684,38
113000055,2042,481,1561
113000056,1853,1198,655
113000058,533,1048,-515
113000059,931,398,533
113000060,453,679,-226
113000061,685,751,-66
113000062,444,339,105
113000063,368,72,296
113000064,94,141,-47
113000065,191,344,-153
113000066,931,98,833
113000067,2902,801,2101
113000068,574,424,150
113000069,656,392,264
113000070,2682,690,1992
113000071,607,337,270
113000072,1273,297,976
113000073,304,1457,-1153
113000074,942,380,562
113000075,1573,752,821
113000076,398,3857,-3459
113000077,670,1068,-398
113000078,488,1743,-1255
113000079,298,1200,-902
113000080,635,1033,-398
113000081,633,755,-122
113000082,868,708,160
113000083,688,899,-211
113000084,1909,912,997
113000085,960,700,260
113000086,870,987,-117
113000087,905,1350,-445
113000088,1672,1481,191
113000089,879,1855,-976
113000090,161,843,-682
113000091,313,468,-155
113000094,1542,417,1125
113000095,215,1241,-1026
113000096,192,1213,-1021
113000097,1250,474,776
113000098,157,57,100
113000099,1298,517,781
113000100,179,470,-291
113000101,182,877,-695
113000102,680,885,-205
113000103,2836,376,2460
113000104,622,2903,-2281
113000105,1115,519,596
113000106,565,320,245
113000107,1131,1076,55
113000108,923,928,-5
113000109,597,1240,-643
113000110,6601,977,5624
113000111,349,672,-323
113000112,689,282,407
113000113,1625,334,1291
113000114,237,1241,-1004
113000116,516,371,145
113000117,1123,202,921
113000118,55,766,-711
113000119,414,422,-8
113000120,41,366,-325
113000121,390,1255,-865
113000124,312,122,190
113000125,25,1224,-1199
113000127,1594,183,1411
113000128,1752,243,1509
113000129,289,772,-483
113000133,3380,594,2786
113000134,4,1418,-1414
113000135,4912,4990,-78
113000137,750,3406,-2656
113000139,321,173,148
113000140,58,73,-15
113000141,82,201,-119
113000142,250,553,-303
113000143,294,153,141
113000144,228,384,-156
113000145,97,123,-26
113000146,125,31,94
113000147,141,30,111
113000148,294,126,168
113000149,238,174,64
113000150,349,349,0
113000151,31,20,11
113000152,59,237,-178
113000153,874,295,579
113000154,427,1599,-1172
113000155,368,658,-290
113000156,206,261,-55
113000157,298,321,-23
113000158,390,233,157
113000159,836,477,359
113000160,660,286,374
113000161,459,176,283
113000162,776,152,624
113000163,167,52,115
113000164,38,27,11
113000166,283,80,203
113000167,66,75,-9
113000168,96,84,12
113000169,264,46,218
113000170,121,49,72
113000171,59,50,9
113000172,391,35,356
113000173,73,22,51
113000174,145,84,61
113000175,648,68,580
113000176,650,63,587
113000177,158,65,93
113000178,170,127,43
113000179,396,138,258
113000180,674,1447,-773
113000181,1232,649,583
113000182,128,406,-278
113000183,247,774,-527
113000184,35,96,-61
113000189,214,614,-400
113000190,152,213,-61
113000192,605,7270,-6665
113000193,1403,5480,-4077
113000194,814,5524,-4710
113000195,1048,3941,-2893
113000196,339,91,248
113000197,947,2938,-1991
113000198,117,285,-168
113000199,1528,323,1205
113000201,433,735,-302
113000202,14737,1355,13382
113000203,145,1233,-1088
113000204,383,8365,-7982
113000205,10,7,3
113000206,7,68,-61
113000207,94,11,83
113000208,43,55,-12
113000209,9,14,-5
113000210,4,20,-16
113000211,101,480,-379
113000212,73,59,14
113000213,17,86,-69
113000214,199,351,-152
113000234,322,715,-393
113000410,34,184,-150
113000411,1217,2770,-1553
113000412,4328,1485,2843
113000413,1277,2965,-1688
113000414,2984,13114,-10130
113000415,1776,1378,398
113000416,2374,2039,335
113000417,1192,1476,-284
113000418,5009,4147,862
113000419,1445,2197,-752
113000420,2261,5618,-3357
113000421,4500,7041,-2541
113000422,8626,9707,-1081
113000423,1084,6266,-5182
113000424,1747,10670,-8923
113000425,11,82,-71
113000428,5,11,-6
113000430,1,51,-50
113000432,2748,266,2482
113000433,133,466,-333
113000434,17,96,-79
113000435,32,147,-115
113000436,24,478,-454
113000437,1457,24,1433
113000438,382,10,372
113000439,30,34,-4
113000440,194,60,134
113000441,169,193,-24
113000442,224,44,180
113000443,394,107,287
113000444,368,37,331
113000445,129,74,55
113000446,104,108,-4
113000448,1300,275,1025
113000449,126,1094,-968
113000450,1290,2984,-1694
113000451,5379,377,5002
113000452,109,712,-603
113000453,39,1137,-1098
113000454,432,195,237
113000455,22,2735,-2713
113000456,1828,1867,-39
113000468,1120,76,1044
113000469,66,71,-5
113000470,609,43,566
113000471,8,355,-347
113000472,94,221,-127
113000474,1519,725,794
113000475,1298,1141,157
113000476,2798,2084,714
113000477,5024,1986,3038
113000478,3130,2633,497
113000479,234,85,149
113000484,0,0,0
113000485,0,0,0
113000486,0,0,0
113000487,0,0,0
113000488,0,0,0
113000489,0,0,0
113000490,0,0,0
113000491,0,0,0
113000492,0,0,0
113000493,0,0,0
113000495,560,109,451
113000496,266,142,124
113000497,0,0,0
113000499,1,1,0
113900001,14,3440,-3426
113900002,1,112,-111
113900003,0,239,-239
113900004,0,494,-494
113900005,4,884,-880
113900006,1,82,-81
113900007,19,0,19
113900008,27,12,15
113900009,123,3,120
113900010,64,4,60
113900011,133,0,133
113900012,92,4,88
113900013,136,4,132
113900014,754,3,751
113900015,5,25,-20
113900016,40,0,40
113900017,0,111,-111
113900018,150,201,-51
113900019,208,35,173
113900020,146,2,144
113900022,61,0,61
113900023,22,0,22
113900024,64,65,-1
113900025,135,8,127
113900026,76,3,73
113900027,11,124,-113
113900028,29,141,-112
113900029,136,103,33
113900030,375,1,374
113900031,61,2,59
113900032,31,2,29
113900033,72,43,29
113900035,27,0,27
113900036,22,71,-49
113900037,229,201,28
113900038,35,193,-158
113900039,264,18,246
113900040,16,53,-37
113900041,15,6,9
113900042,114,24,90
113900043,180,52,128
113900044,111,304,-193
113900045,79,1,78
113900046,250,1211,-961
113900047,75,110,-35
113900048,124,85,39
113900049,194,397,-203
113900050,235,398,-163
113900051,251,174,77
113900052,93,61,32
113900053,506,674,-168
113900054,38,1,37
113900055,144,299,-155
113900056,71,103,-32
113900057,12,28,-16
113900058,75,48,27
113900059,274,175,99
113900060,56,101,-45
113900061,346,108,238
113900062,132,4,128
113900063,164,69,95
113900064,16,57,-41
113900065,506,7,499
113900066,605,140,465
113900067,285,106,179
113900068,453,678,-225
113900069,15,20,-5
113900070,56,203,-147
113900071,103,46,57
113900072,61,34,27
113900073,392,322,70
113900074,230,243,-13
113900075,869,2150,-1281
113900076,155,34,121
113900077,81,87,-6
113900078,31,17,14
113900079,1,28,-27
113900080,437,118,319
113900081,63,96,-33
113900082,178,159,19
113900083,343,117,226
113900084,180,157,23
113900085,67,181,-114
113900086,81,9,72
113900087,95,68,27
113900088,81,126,-45
113900089,430,38,392
113900090,482,243,239
113900091,11,9,2
113900092,20,98,-78
113900093,55,1165,-1110
113900094,576,214,362
113900095,182,227,-45
113900096,160,70,90
113900097,14,58,-44
113900098,1028,144,884
113900099,1,7,-6
113900100,0,1,-1
113900101,4,78,-74
113900102,56,137,-81
113900103,156,451,-295
113900104,115,411,-296
113900105,296,38,258
113900106,0,29,-29
113900107,0,4,-4
113900108,109,281,-172
113900109,218,203,15
113900110,51,15,36
113900111,242,72,170
113900112,148,32,116
113900113,1012,373,639
113900114,1,6,-5
113900115,1,28,-27
113900116,47,162,-115
113900117,51,38,13
113900118,143,514,-371
113900119,85,376,-291
113900120,50,32,18
113900121,66,49,17
113900122,369,3790,-3421
113900123,366,176,190
113900124,0,84,-84
113900125,843,116,727
113900126,50,43,7
113900127,325,668,-343
113900128,213,22,191
113900129,30,146,-116
113900130,0,107,-107
113900131,218,29,189
113900132,20,68,-48
113900133,16,27,-11
113900135,267,356,-89
113900136,111,59,52
113900137,286,362,-76
113900138,14,122,-108
113900139,196,242,-46
113900140,22,248,-226
113900141,714,219,495
113900142,129,28,101
113900143,10,40,-30
113900144,80,370,-290
113900145,351,105,246
113900146,143,49,94
113900148,44,260,-216
113900149,135,66,69
113900150,221,198,23
113900151,341,88,253
113900152,35,57,-22
113900153,68,238,-170
113900154,2,95,-93
113900155,66,157,-91
113900156,233,287,-54
113900157,67,271,-204
113900158,73,355,-282
113900159,2,194,-192
113900160,382,335,47
113900161,96,297,-201
113900162,99,626,-527
113900163,191,110,81
113900164,477,47,430
113900165,563,319,244
113900166,50,52,-2
113900167,330,26,304
113900168,95,50,45
113900169,174,274,-100
113900171,177,51,126
113900172,4,68,-64
113900173,19,265,-246
113900174,368,470,-102
113900175,236,157,79
113900176,206,205,1
113900177,377,141,236
113900178,283,196,87
113900179,27,224,-197
113900180,130,120,10
113900181,857,160,697
113900182,488,322,166
113900183,35,60,-25
113900184,6,235,-229
113900185,109,60,49
113900186,13,7,6
113900187,27,85,-58
113900188,8,62,-54
113900189,270,246,24
113900190,175,70,105
113900191,57,44,13
113900192,1686,2157,-471
113900193,3,89,-86
113900194,1076,461,615
113900195,246,418,-172
113900196,3,77,-74
113900197,0,74,-74
113900198,6,732,-726
113900199,47,293,-246
113900200,5,97,-92
113900201,2,53,-51
113900202,16,88,-72
113900203,18,18,0
113900204,11,196,-185
113900205,9,40,-31
113900206,3,56,-53
113900207,0,24,-24
113900208,0,39,-39
113900209,0,24,-24
113900210,527,402,125
113900211,227,97,130
113900212,335,270,65
113900214,261,525,-264
113900215,31,60,-29
113900216,157,388,-231
113900217,175,86,89
113900218,100,72,28
113900219,101,926,-825
113900220,109,167,-58
113900221,248,309,-61
113900222,1109,799,310
113900223,242,251,-9
113900224,75,62,13
113900225,396,74,322
113900226,331,86,245
113900227,270,145,125
113900228,177,476,-299
113900229,28,926,-898
113900230,1410,2686,-1276
113900231,116,56,60
113900232,161,24,137
113900233,62,57,5
113900234,462,418,44
113900235,135,19,116
113900236,316,113,203
113900237,221,18,203
113900238,148,594,-446
113900239,26,234,-208
113900240,6,182,-176
113900241,53,85,-32
113900242,36,308,-272
113900243,36,283,-247
113900244,145,133,12
113900245,505,321,184
113900246,15,20,-5
113900247,63,620,-557
113900248,2205,1560,645
113900249,324,474,-150
113900250,24,262,-238
113900251,1175,76,1099
113900252,1184,17,1167
113900253,657,28,629
113900254,646,194,452
113900255,859,17,842
113900256,537,33,504
113900257,12,339,-327
113900258,16,291,-275
113900259,774,91,683
113900260,307,1,306
113900261,32,51,-19
113900262,184,277,-93
113900263,36,264,-228
113900264,1,182,-181
113900265,89,296,-207
113900266,44,134,-90
113900267,43,969,-926
113900268,204,335,-131
113900269,129,113,16
113900270,135,489,-354
113900271,515,386,129
113900273,8,11,-3
113900274,30,34,-4
113900275,19,197,-178
113900276,0,128,-128
113900277,173,2,171
113900278,165,140,25
113900279,39,50,-11
113900280,1034,592,442
113900281,187,966,-779
113900282,197,276,-79
113900283,388,542,-154
113900284,1021,100,921
113900285,73,26,47
113900286,19,40,-21
113900287,103,8,95
113900288,0,201,-201
113900289,317,126,191
113900290,312,339,-27
113900291,45,74,-29
113900292,5,7,-2
113900293,40,158,-118
113900294,646,12,634
113900295,344,344,0
113900296,806,172,634
113900297,2179,28,2151
113900298,36,1073,-1037
113900299,114,10,104
113900300,2743,2544,199
113900301,687,568,119
113900302,993,988,5
113900303,115,681,-566
113900304,0,74,-74
113900305,136,0,136
113900306,147,1,146
113900307,4,0,4
113900308,38,48,-10
113900309,2,302,-300
113900310,1,3,-2
113900311,22,0,22
113900312,140,169,-29
113900313,4,0,4
113900314,2,6,-4
113900315,149,0,149
114000001,782,1773,-991
114000002,419,226,193
114000003,354,381,-27
114000004,579,203,376
114000005,373,116,257
114000006,864,1307,-443
114000007,584,1119,-535
114000008,1450,2157,-707
114000009,1172,309,863
114000011,3061,1760,1301
114000012,4044,1056,2988
114000013,2378,884,1494
114000014,601,211,390
114000015,1938,133,1805
114000016,278,93,185
114000017,88,822,-734
114000018,84,18,66
114000026,2833,863,1970
114000027,4746,1834,2912
114000028,2004,3561,-1557
114000038,388,75,313
114000039,150,91,59
114000040,163,272,-109
114000042,184,133,51
114000043,296,127,169
114000044,482,56,426
114000045,35,30,5
114000046,1299,3433,-2134
114000047,10,116,-106
114000048,110,82,28
114000049,1566,1524,42
114000050,1572,1827,-255
114000051,2646,2320,326
114000052,3478,2511,967
114000053,71,823,-752
114000054,133,674,-541
114000055,300,34,266
114000056,147,1045,-898
114000057,3099,1668,1431
114000058,54,1023,-969
114000059,30,656,-626
114000060,490,805,-315
114000061,2362,3333,-971
114000062,371,1718,-1347
114000063,1014,1071,-57
114000064,1388,3571,-2183
114000065,743,2034,-1291
114000066,473,699,-226
114000067,16,913,-897
114000068,453,657,-204
114000069,833,506,327
114000070,1756,1676,80
114000071,782,482,300
114000072,524,106,418
114000073,8,9,-1
114000074,75,15,60
114000075,49,15,34
114000076,13,22,-9
114000077,14,6,8
114000078,240,427,-187
114000079,243,31,212
114000080,58,57,1
114000081,77,66,11
114000082,28,222,-194
114000083,44,62,-18
114000084,206,88,118
114000085,57,192,-135
114000086,292,135,157
114000087,183,42,141
114000088,39,10,29
114000089,350,195,155
114000090,861,1162,-301
114000091,916,847,69
114000092,564,313,251
114000093,1091,489,602
114000094,565,392,173
114000095,261,244,17
114000096,63,226,-163
114000097,108,202,-94
114000098,550,130,420
114000099,1008,151,857
114000100,1966,346,1620
114000101,549,290,259
114000102,704,274,430
114000103,105,143,-38
114000104,37,77,-40
114000105,169,111,58
114000106,560,1934,-1374
114000107,633,103,530
114000108,736,633,103
114000109,991,3197,-2206
114000110,369,626,-257
114000111,2421,1290,1131
114000112,319,1013,-694
114000113,2394,463,1931
114000114,479,676,-197
114000115,2950,913,2037
114000116,1185,4104,-2919
114000117,4735,710,4025
114000118,3792,485,3307
114000119,2959,474,2485
114000120,513,568,-55
114000121,630,708,-78
114000122,496,350,146
114000123,2514,384,2130
114000124,1110,425,685
114000125,1068,914,154
114000126,1693,230,1463
114000127,260,94,166
114000128,912,162,750
114000130,473,467,6
114000131,340,85,255
114000132,521,308,213
114000133,450,1015,-565
114000134,61,42,19
114000138,31,127,-96
114000139,381,492,-111
114000144,677,739,-62
114000145,35,73,-38
114000146,75,59,16
114000147,1281,2672,-1391
114000148,815,1776,-961
114000149,236,441,-205
114000150,462,1178,-716
114000151,1033,3679,-2646
114000152,43,23,20
114000153,683,2391,-1708
114000154,595,638,-43
114000155,848,2982,-2134
114000156,809,800,9
114000157,272,1673,-1401
114000158,974,562,412
114000159,132,390,-258
114000160,55,545,-490
114000161,853,3097,-2244
114000162,1172,2876,-1704
114000163,18,20,-2
114000165,479,482,-3
114000166,446,515,-69
114000167,2070,1184,886
114000168,264,201,63
114000169,992,1400,-408
114000170,957,1288,-331
114000171,1390,10268,-8878
114000174,164,242,-78
114000176,308,567,-259
114000177,603,270,333
114000178,62,82,-20
114000179,849,935,-86
114000180,325,341,-16
114000181,1439,5771,-4332
114000182,808,2480,-1672
114000183,471,617,-146
114000184,1826,500,1326
114000185,1296,578,718
114000189,1382,135,1247
114000190,3933,464,3469
114000191,105,248,-143
114000192,142,563,-421
114000193,247,636,-389
114000194,1484,650,834
114000195,272,107,165
114000196,2,89,-87
114000197,2308,25,2283
114000198,534,259,275
114000199,1294,1417,-123
114000200,522,795,-273
114000201,151,520,-369
114000202,838,404,434
114000203,791,485,306
114000204,104,344,-240
114000205,173,793,-620
114000206,704,985,-281
114000207,312,680,-368
114000208,435,1028,-593
114000209,267,1043,-776
114000210,145,606,-461
114000211,1425,1012,413
114000212,817,791,26
114000213,1812,443,1369
114000214,59,59,0
114000215,219,57,162
114000216,1680,345,1335
114000217,508,154,354
114000218,307,78,229
114000219,1806,109,1697
114000220,56,387,-331
114000221,1160,174,986
114000222,121,394,-273
114000223,764,134,630
114000224,51,329,-278
114000225,337,243,94
114000226,219,138,81
114000227,1198,436,762
114000228,874,376,498
114000229,1372,1062,310
114000230,1617,740,877
114000231,1187,1353,-166
114000232,1304,185,1119
114000233,2730,63,2667
114000234,1200,462,738
114000235,1343,1047,296
114000236,0,216,-216
114000237,152,532,-380
114000238,83,315,-232
114000239,126,740,-614
114000240,873,929,-56
114000241,314,436,-122
114000242,622,441,181
114000243,2135,796,1339
114000244,563,238,325
114000245,520,724,-204
114000246,129,32,97
114000247,538,474,64
114000248,1744,526,1218
114000249,633,367,266
114000250,771,463,308
114000251,361,137,224
114000252,47,17,30
114000253,44,51,-7
114000254,77,29,48
114000255,509,164,345
114000256,412,2142,-1730
114000257,462,711,-249
114000258,316,168,148
114000259,119,186,-67
114000260,0,26,-26
114000261,32,16,16
114000262,236,47,189
114000263,8,0,8
114000264,1222,233,989
114000265,0,1,-1
114000267,3,1803,-1800
114000268,41,439,-398
114000270,199,11,188
114000271,345,64,281
114000283,1394,277,1117
114000285,14,126,-112
114000288,142,333,-191
114000289,2040,171,1869
114000293,241,523,-282
114000294,190,241,-51
114000395,1265,16,1249
114000396,637,715,-78
114000402,1010,195,815
114000403,328,179,149
114000405,235,219,16
114000423,458,99,359
114000424,431,111,320
114000425,1160,134,1026
114000426,308,873,-565
114000427,143,52,91
114000428,83,162,-79
114000429,5,115,-110
114000432,164,26,138
114000434,41,50,-9
114000435,4,50,-46
114900001,784,240,544
114900002,318,124,194
114900003,975,265,710
114900004,205,413,-208
114900005,719,224,495
114900006,43,68,-25
114900007,243,12,231
114900008,333,114,219
114900010,1007,1601,-594
114900011,202,96,106
114900013,253,106,147
114900018,797,31,766
114900020,117,83,34
114900022,1,484,-483
114900025,413,155,258
114900026,80,99,-19
114900029,235,10,225
114900030,297,165,132
114900031,696,39,657
114900032,495,30,465
114900034,28,36,-8
114900035,93,246,-153
114900036,140,247,-107
114900039,528,187,341
114900040,79,57,22
114900041,1182,142,1040
114900042,1596,218,1378
114900044,229,32,197
114900047,195,4033,-3838
114900048,43,132,-89
114900049,42,56,-14
114900050,65,117,-52
114900051,41,162,-121
114900052,22,179,-157
114900053,64,121,-57
114900054,35,31,4
114900057,208,21,187
114900058,0,28,-28
114900059,117,76,41
114900063,99,50,49
114900064,2535,136,2399
114900065,555,639,-84
114900067,25,304,-279
114900068,37,72,-35
114900069,110,33,77
114900070,550,142,408
114900072,3,162,-159
114900073,1,26,-25
114900074,1054,132,922
114900075,262,13,249
114900076,0,81,-81
114900080,761,126,635
114900082,1738,2782,-1044
114900083,289,652,-363
114900090,424,207,217
114900091,64,108,-44
114900097,184,1,183
114900098,3,107,-104
114900099,241,3,238
115000001,3870,2027,1843
115000002,4539,6214,-1675
115000003,3996,1655,2341
115000004,5624,6444,-820
115000005,2083,1938,145
115000006,1505,1588,-83
115000007,553,245,308
115000008,581,538,43
115000009,551,227,324
115000010,232,146,86
115000013,52,226,-174
115000015,15,377,-362
115000016,38,280,-242
115000019,41,421,-380
115000020,230,896,-666
115000021,327,350,-23
115000022,394,184,210
115000023,342,416,-74
115000024,612,266,346
115000025,925,582,343
115000026,172,238,-66
115000027,346,208,138
115000028,145,535,-390
115000029,921,83,838
115000030,495,661,-166
115000031,781,165,616
115000032,2,164,-162
115000033,239,46,193
115000034,68,742,-674
115000035,998,99,899
115000036,1,320,-319
115000037,553,24,529
115000038,91,184,-93
115000039,3178,3699,-521
115000040,3046,2291,755
115000041,2326,4899,-2573
115000042,337,534,-197
115000043,4210,3116,1094
115000044,3044,3048,-4
115000045,2790,1165,1625
115000046,3221,3044,177
115000047,3293,1591,1702
115000048,2323,1632,691
115000049,1039,2513,-1474
115000050,3485,1467,2018
115000051,1730,4660,-2930
115000052,961,1194,-233
115000053,2474,2342,132
115000054,493,663,-170
115000055,161,944,-783
115000056,105,399,-294
115000057,545,1517,-972
115000058,203,395,-192
115000059,274,286,-12
115000061,120,347,-227
115000062,299,424,-125
115000063,385,472,-87
115000064,204,128,76
115000065,90,440,-350
115000067,334,51,283
115000069,85,232,-147
115000070,32,917,-885
115000071,69,15,54
115000072,3,41,-38
115000073,1343,82,1261
115000075,90,58,32
115000076,1990,1775,215
115000077,2232,1153,1079
115000078,1809,709,1100
115000079,1765,1041,724
115000080,3725,1246,2479
115000081,267,484,-217
115000082,5308,4186,1122
115000083,2078,857,1221
115000084,3262,967,2295
115000085,1099,536,563
115000086,1465,560,905
115000087,413,1282,-869
115000088,1707,544,1163
115000089,1373,821,552
115000090,425,947,-522
115000091,246,426,-180
115000092,963,754,209
115000093,612,3,609
115000094,4433,7744,-3311
115000095,3315,7063,-3748
115000096,1256,713,543
115000097,2018,1187,831
115000098,1635,490,1145
115000099,3174,1244,1930
115000100,1554,321,1233
115000101,555,694,-139
115000102,605,199,406
115000103,307,423,-116
115000105,64,56,8
115000106,930,419,511
115000107,186,245,-59
115000108,1644,1751,-107
115000109,3230,5281,-2051
115000110,1295,2155,-860
115000111,358,966,-608
115000112,549,696,-147
115000113,439,527,-88
115000114,1052,409,643
115000116,2216,1662,554
115000117,1608,1748,-140
115000118,1677,1752,-75
115000119,1127,1508,-381
115000120,639,1427,-788
115000121,654,558,96
115000122,573,1281,-708
115000123,768,1943,-1175
115000124,653,1083,-430
115000125,397,1288,-891
115000126,107,467,-360
115000127,334,174,160
115000128,277,911,-634
115000129,170,562,-392
115000130,419,382,37
115000131,826,213,613
115000132,406,334,72
115000133,746,223,523
115000134,273,225,48
115000135,223,196,27
115000136,218,178,40
115000137,72,123,-51
115000138,419,229,190
115000139,237,164,73
115000140,469,170,299
115000141,288,95,193
115000142,245,93,152
115000143,978,641,337
115000144,503,88,415
115000145,286,122,164
115000146,477,467,10
115000147,365,324,41
115000148,302,537,-235
115000149,951,237,714
115000150,539,363,176
115000151,1355,395,960
115000152,779,901,-122
115000153,1548,370,1178
115000154,1043,202,841
115000155,705,938,-233
115000156,683,810,-127
115000157,329,1107,-778
115000158,109,408,-299
115000159,373,530,-157
115000160,359,302,57
115000161,180,458,-278
115000162,413,831,-418
115000163,489,713,-224
115000164,504,794,-290
115000165,159,667,-508
115000167,96,85,11
115000168,398,571,-173
115000169,280,951,-671
115000170,94,202,-108
115000171,207,593,-386
115000172,681,673,8
115000173,237,729,-492
115000174,71,451,-380
115000175,201,90,111
115000176,22,93,-71
115000177,53,127,-74
115000178,10,173,-163
115000179,14,32,-18
115000180,92,310,-218
115000181,821,165,656
115000182,1148,242,906
115000183,451,419,32
115000186,544,141,403
115000187,147,347,-200
115000188,485,500,-15
115000189,238,306,-68
115000190,698,353,345
115000191,258,499,-241
115000194,75,106,-31
115000195,105,485,-380
115000196,210,107,103
115000197,302,188,114
115000198,555,107,448
115000199,572,76,496
115000200,510,119,391
115000201,260,164,96
115000206,358,25,333
115000207,190,137,53
115000208,259,533,-274
115000209,576,299,277
115000210,111,90,21
115000211,191,195,-4
115000212,1184,274,910
115000224,254,57,197
115000225,101,56,45
115000229,304,71,233
115000230,103,598,-495
115000231,331,765,-434
115000232,2808,324,2484
115000233,144,169,-25
115000234,25,340,-315
115000241,99,141,-42
115000242,170,129,41
115000243,96,93,3
115000244,9,136,-127
115000246,66,45,21
115000247,87,22,65
115000248,65,10,55
115000249,12,14,-2
115000250,248,19,229
115000251,443,56,387
115000252,90,225,-135
115000253,10,481,-471
115000258,425,94,331
115000259,279,85,194
115000261,30,9,21
115000262,17,62,-45
115000263,8,52,-44
115000264,9,28,-19
115000267,61,92,-31
115000268,40,126,-86
115000269,153,36,117
115000270,8,22,-14
115000272,77,62,15
115000273,504,30,474
115000280,1426,181,1245
115000281,228,708,-480
115000282,731,627,104
115000284,124,213,-89
115000296,577,2,575
115000297,78,150,-72
115000298,58,500,-442
115000300,195,117,78
115000302,691,77,614
115000303,1332,51,1281
115000304,980,73,907
115000305,90,387,-297
115000306,254,131,123
115000307,146,139,7
115000308,46,11,35
115000310,1960,437,1523
115000311,1641,927,714
115000313,150,386,-236
115000314,624,266,358
115000315,1024,1223,-199
115000316,177,95,82
115000317,152,277,-125
115000318,706,259,447
115000319,121,194,-73
115000320,14,434,-420
115000321,244,15,229
115000322,54,144,-90
115000449,180,174,6
115000557,27,1756,-1729
115000558,288,141,147
115000587,824,341,483
115000588,2317,2352,-35
115000589,4062,2746,1316
115000590,928,1783,-855
115000591,1448,835,613
115000592,432,1993,-1561
115000593,1561,931,630
115000594,284,3008,-2724
115000609,302,147,155
115000617,533,2509,-1976
115000624,414,28,386
115000633,305,1092,-787
115000634,3189,761,2428
115000635,659,179,480
115000638,287,284,3
115000641,32,335,-303
115000642,153,179,-26
115000643,91,283,-192
115000644,157,225,-68
115000646,581,1323,-742
115000647,190,408,-218
115000648,2675,828,1847
115000893,1896,1588,308
115000894,121,587,-466
115000895,204,1686,-1482
115000896,1236,774,462
115000897,535,136,399
115000898,341,380,-39
115000899,189,1669,-1480
115000900,48,898,-850
115000901,76,252,-176
115000912,506,99,407
115000913,1,17,-16
115000915,10,0,10
115000916,6,0,6
115000917,0,6,-6
115000918,22,627,-605
115000919,3,17,-14
115000920,16,59,-43
115000921,318,121,197
115000922,407,1663,-1256
115000923,96,2916,-2820
115000925,173,145,28
115000927,78,83,-5
115000933,97,997,-900
115000934,144,144,0
115000935,171,30,141
115000936,57,984,-927
115000937,1891,429,1462
115000938,51,548,-497
115000939,36,221,-185
115000940,1,21,-20
115000941,0,43,-43
115000942,23,177,-154
115000943,8,170,-162
115000944,15,10,5
115900001,271,6,265
115900002,47,62,-15
115900003,218,35,183
115900004,0,12,-12
115900005,250,4,246
115900006,57,78,-21
115900008,113,0,113
115900009,56,175,-119
115900010,439,60,379
115900011,316,332,-16
115900012,307,12,295
115900013,200,97,103
115900014,163,133,30
115900015,226,10,216
115900016,76,41,35
115900017,27,9,18
115900018,183,28,155
115900019,58,6,52
115900020,81,1,80
115900021,733,325,408
115900022,709,3,706
115900023,1,6,-5
115900025,34,144,-110
115900026,605,108,497
115900027,0,107,-107
115900028,307,39,268
115900029,23,249,-226
115900030,19,36,-17
115900031,90,258,-168
115900032,230,572,-342
115900033,1,59,-58
115900034,54,131,-77
115900035,42,66,-24
115900036,51,2543,-2492
115900037,36,136,-100
115900038,59,26,33
115900039,174,99,75
115900041,99,782,-683
115900042,86,12,74
115900043,132,39,93
115900044,129,268,-139
115900046,719,117,602
115900047,127,216,-89
115900049,161,141,20
115900051,8,19,-11
115900052,13,87,-74
115900053,259,88,171
115900054,391,25,366
115900055,38,49,-11
115900056,214,102,112
115900057,19,29,-10
115900058,5,44,-39
115900060,44,106,-62
115900061,305,0,305
115900062,46,145,-99
115900063,19,1,18
115900064,192,231,-39
115900065,168,46,122
115900066,83,39,44
115900067,10,90,-80
115900068,1158,1499,-341
115900069,87,173,-86
115900070,225,62,163
115900071,0,109,-109
115900072,17,92,-75
115900073,164,126,38
115900074,1,128,-127
115900075,32,165,-133
115900076,10,33,-23
115900077,4,47,-43
115900078,27,85,-58
115900079,395,13,382
115900080,103,58,45
115900081,34,28,6
115900082,73,94,-21
115900084,566,16,550
115900085,51,117,-66
115900086,908,282,626
115900088,3,102,-99
115900089,487,338,149
115900090,745,3,742
115900091,5,21,-16
115900092,40,40,0
115900093,7,14,-7
115900094,9,82,-73
115900096,15,10,5
115900097,11,95,-84
115900098,343,175,168
115900099,78,52,26
115900100,24,121,-97
115900101,307,112,195
115900102,107,70,37
115900103,386,62,324
115900104,101,68,33
115900105,283,190,93
115900106,128,7,121
115900107,82,37,45
115900108,151,31,120
115900109,15,152,-137
115900110,7,4,3
115900111,0,46,-46
115900112,56,437,-381
115900113,52,14,38
115900114,1,66,-65
115900115,81,140,-59
115900116,49,441,-392
115900117,83,12,71
115900118,3,67,-64
115900119,132,98,34
115900120,46,154,-108
115900121,244,99,145
115900124,232,797,-565
115900125,528,40,488
115900126,864,51,813
115900127,840,40,800
115900128,12,92,-80
115900129,533,41,492
115900130,11,446,-435
115900131,344,19,325
115900132,819,10,809
115900134,300,26,274
115900135,556,880,-324
115900137,25,2,23
115900139,13,133,-120
115900140,569,16,553
115900141,2,54,-52
115900142,5,41,-36
115900143,296,400,-104
115900144,218,174,44
115900146,20,22,-2
115900147,191,217,-26
115900148,174,7,167
115900149,256,21,235
115900150,162,8,154
115900151,19,92,-73
115900152,299,207,92
115900153,204,105,99
115900154,361,419,-58
115900155,0,11,-11
115900156,906,757,149
115900157,225,422,-197
115900158,5,0,5
115900159,201,130,71
115900160,2,10,-8
115900161,29,83,-54
115900163,236,95,141
115900164,722,1,721
115900166,105,135,-30
115900168,137,49,88
115900171,87,371,-284
115900172,60,128,-68
115900173,140,63,77
115900174,246,467,-221
115900175,136,126,10
115900178,6,204,-198
115900179,411,2,409
115900180,32,47,-15
115900181,238,104,134
115900182,671,63,608
115900183,20,118,-98
115900184,393,3,390
115900187,9,251,-242
115900189,0,173,-173
115900190,95,1192,-1097
115900191,29,148,-119
115900192,17,103,-86
115900193,75,69,6
115900194,975,62,913
115900195,365,2849,-2484
115900198,194,234,-40
115900199,279,102,177
115900200,211,132,79
115900201,235,318,-83
115900202,0,48,-48
115900203,17,25,-8
115900204,0,3,-3
115900205,28,18,10
115900206,409,62,347
115900207,77,2,75
115900208,149,59,90
115900209,6,91,-85
115900210,3,76,-73
115900211,0,92,-92
115900212,177,98,79
115900213,97,128,-31
115900214,533,68,465
115900215,23,295,-272
115900216,2,43,-41
115900217,2,20,-18
115900218,0,27,-27
115900219,159,3,156
115900220,314,1,313
115900221,225,4,221
115900222,101,54,47
115900223,10,743,-733
115900224,495,1920,-1425
115900225,29,34,-5
115900226,16,44,-28
115900227,4,102,-98
115900228,6,34,-28
115900229,2,17,-15
115900230,20,61,-41
115900231,132,3,129
115900232,82,2,80
115900233,136,4,132
115900234,57,40,17
115900235,23,50,-27
115900236,18,47,-29
115900237,42,20,22
115900238,33,8,25
115900239,23,6,17
115900240,23,17,6
115900241,226,45,181
115900242,327,564,-237
115900243,24,6,18
115900244,10,4,6
115900245,36,6,30
115900246,4,3,1
115900247,4,0,4
115900248,4,4,0
115900249,39,9,30
115900250,13,19,-6
115900251,14,9,5
115900252,7,1,6
115900253,11,6,5
115900254,3,46,-43
115900255,1,36,-35
115900256,14,106,-92
115900257,8,11,-3
115900258,0,2,-2
115900259,10,2,8
115900260,8,3,5
115900261,5,0,5
115900262,2,0,2
115900263,7,0,7
115900264,8,1,7
115900265,2,16,-14
115900266,2,9,-7
115900267,2,7,-5
115900268,1,8,-7
115900269,814,120,694
115900270,369,93,276
115900271,150,0,150
115900272,93,17,76
115900273,16,17,-1
115900274,2,5,-3
115900275,0,4,-4
115900276,0,12,-12
115900277,0,66,-66
115900278,76,68,8
115900279,22,231,-209
115900280,16,771,-755
115900281,172,418,-246
115900282,41,69,-28
115900283,42,1,41
115900284,5,11,-6
116000001,7060,2131,4929
116000002,5216,15374,-10158
116000003,1142,1717,-575
116000004,4047,5914,-1867
116000005,859,3672,-2813
116000006,3028,4895,-1867
116000007,1381,2505,-1124
116000008,5501,3459,2042
116000009,826,1174,-348
116000010,3331,1842,1489
116000011,688,826,-138
116000012,2346,1267,1079
116000013,2757,3406,-649
116000014,10374,23600,-13226
116000015,133,1568,-1435
116000016,3827,5130,-1303
116000017,28,644,-616
116000018,495,380,115
116000019,1336,285,1051
116000020,633,1248,-615
116000021,764,225,539
116000022,475,325,150
116000023,1957,1005,952
116000024,487,718,-231
116000025,920,728,192
116000026,1409,3285,-1876
116000027,351,708,-357
116000028,487,1193,-706
116000029,416,489,-73
116000030,616,505,111
116000031,59,145,-86
116000032,290,132,158
116000033,650,411,239
116000034,702,635,67
116000035,511,388,123
116000036,482,4265,-3783
116000037,307,568,-261
116000038,167,1206,-1039
116000039,301,1789,-1488
116000040,567,1845,-1278
116000041,99,1100,-1001
116000042,1191,1014,177
116000043,129,543,-414
116000044,4,23,-19
116000045,1524,1312,212
116000046,818,1947,-1129
116000047,1588,2753,-1165
116000048,2910,1285,1625
116000049,1783,3121,-1338
116000050,1381,1115,266
116000051,4459,3329,1130
116000052,4150,4163,-13
116000053,2615,623,1992
116000054,1262,2628,-1366
116000055,1076,821,255
116000056,1763,1076,687
116000057,2459,1329,1130
116000058,3987,3149,838
116000059,2365,4657,-2292
116000060,2747,1361,1386
116000061,667,1627,-960
116000062,603,331,272
116000063,643,2282,-1639
116000066,361,630,-269
116000067,215,449,-234
116000068,226,387,-161
116000069,302,224,78
116000078,652,855,-203
116000080,2020,510,1510
116000082,20,23,-3
116000083,2152,431,1721
116000084,1091,1926,-835
116000085,2000,2005,-5
116000086,981,687,294
116000087,3090,1955,1135
116000088,956,714,242
116000089,155,78,77
116000090,122,172,-50
116000091,270,529,-259
116000093,641,661,-20
116000094,808,341,467
116000095,987,579,408
116000096,1350,1715,-365
116000097,1174,652,522
116000098,71,9082,-9011
116000099,4445,331,4114
116000100,443,20,423
116000101,1210,352,858
116000102,306,637,-331
116000103,498,307,191
116000104,218,654,-436
116000105,1643,94,1549
116000106,498,767,-269
116000107,2937,187,2750
116000108,56,220,-164
116000111,144,43,101
116000113,200,77,123
116000114,35,134,-99
116000115,308,72,236
116000116,231,128,103
116000117,1413,1084,329
116000118,1593,703,890
116000119,3729,1309,2420
116000120,2903,2196,707
116000121,1020,508,512
116000122,694,741,-47
116000123,1338,444,894
116000124,436,428,8
116000125,3405,607,2798
116000126,383,490,-107
116000127,759,520,239
116000128,2348,780,1568
116000129,1608,162,1446
116000130,1011,586,425
116000133,1635,757,878
116000134,1601,823,778
116000135,3351,1208,2143
116000136,822,1106,-284
116000137,1421,743,678
116000138,1612,870,742
116000139,1293,3625,-2332
116000140,124,220,-96
116000141,466,312,154
116000142,2984,1919,1065
116000143,2388,1563,825
116000144,1819,1535,284
116000145,2713,812,1901
116000146,1112,78,1034
116000147,320,303,17
116000148,998,1484,-486
116000149,894,905,-11
116000151,704,575,129
116000153,144,305,-161
116000155,154,334,-180
116000156,683,797,-114
116000157,115,15,100
116000158,488,215,273
116000159,19,8,11
116000160,32,47,-15
116000161,2,32,-30
116000162,57,195,-138
116000163,71,20,51
116000164,4,48,-44
116000177,69,168,-99
116000194,75,258,-183
116000195,1219,555,664
116000196,32,6,26
116000197,27,15,12
116000198,2279,970,1309
116000200,693,730,-37
116000201,637,451,186
116000202,4,115,-111
116000203,1,33,-32
116000204,3,42,-39
116000205,0,91,-91
116000206,3,143,-140
116000207,8,49,-41
116000233,192,309,-117
116000287,235,133,102
116000288,383,159,224
116000292,78,91,-13
116000296,10,137,-127
116000297,247,20,227
116000304,160,8,152
116000305,31,61,-30
116000346,166,102,64
116000352,117,70,47
116000354,35,10,25
116000357,8,14,-6
116000358,316,76,240
116000361,171,1,170
116000372,3937,8642,-4705
116000381,147,5,142
116000388,2,31,-29
116000389,803,292,511
116000445,792,213,579
116000446,846,252,594
116000447,49,538,-489
116000448,480,124,356
116000563,557,600,-43
116000565,38,350,-312
116000568,54,355,-301
116000579,11,83,-72
116000583,166,35,131
116000584,38,4,34
116000585,55,51,4
116000586,78,84,-6
116000587,467,389,78
116000589,31,67,-36
116000590,93,54,39
116000591,269,207,62
116000592,9,29,-20
116000593,0,17,-17
116000594,1163,116,1047
116000595,939,38,901
116000596,192,0,192
116000597,631,189,442
116000598,24,111,-87
116000605,195,103,92
116000606,47,309,-262
116000607,1,147,-146
116000609,69,1228,-1159
116000611,235,158,77
116000612,1592,2087,-495
116000613,812,343,469
116000614,429,215,214
116000615,3,688,-685
116000616,109,43,66
116000617,135,56,79
116000618,7,59,-52
116000619,54,72,-18
116000620,201,265,-64
116000621,117,72,45
116000622,148,86,62
116000624,142,69,73
116000627,168,21,147
116000628,44,151,-107
116000629,75,82,-7
116000630,616,12,604
116000631,302,13,289
116000632,1121,27,1094
116000633,285,83,202
116000634,469,34,435
116000635,2009,3928,-1919
116000636,531,2287,-1756
116000637,723,23,700
116000638,138,140,-2
116000639,142,2,140
116000640,51,24,27
116000641,8,47,-39
116000643,0,38,-38
116000644,58,72,-14
116000645,42,6,36
116900001,412,142,270
116900002,273,0,273
116900003,68,27,41
116900004,42,94,-52
116900005,291,68,223
116900006,70,291,-221
116900007,161,306,-145
116900008,640,94,546
116900009,18,11,7
116900010,1467,570,897
116900011,8,15,-7
116900012,270,360,-90
116900013,2,30,-28
116900014,332,34,298
116900015,633,35,598
116900016,361,3,358
116900017,12,248,-236
116900018,77,58,19
116900019,5,117,-112
116900020,300,1610,-1310
116900023,88,6,82
116900024,820,19,801
116900025,1400,296,1104
116900026,37,377,-340
116900027,23,56,-33
116900028,1,46,-45
116900029,1,129,-128
116900031,0,8,-8
116900032,0,126,-126
116900033,42,4,38
116900034,1,21,-20
116900035,214,140,74
116900036,7,106,-99
116900038,11,11,0
116900041,112,17,95
116900042,172,165,7
116900043,9,40,-31
116900047,23,206,-183
116900049,23,242,-219
116900050,64,183,-119
116900051,201,18,183
116900052,243,46,197
116900055,0,6,-6
116900057,15,64,-49
116900058,24,216,-192
116900059,0,35,-35
116900060,137,407,-270
116900062,1,32,-31
116900064,122,191,-69
116900065,31,84,-53
116900067,185,51,134
116900068,183,131,52
116900070,8,0,8
116900072,51,111,-60
116900073,22,54,-32
116900074,4,23,-19
116900076,12,138,-126
116900077,2,54,-52
116900078,138,35,103
116900079,62,76,-14
116900080,10,13,-3
116900081,162,549,-387
116900082,244,861,-617
116900083,3,18,-15
116900084,39,98,-59
116900085,24,81,-57
116900086,60,132,-72
116900088,273,28,245
116900090,31,13,18
116900091,445,47,398
116900092,74,315,-241
116900093,3569,1255,2314
116900094,3094,6183,-3089
116900095,186,651,-465
116900096,82,391,-309
116900097,1331,4141,-2810
116900098,805,502,303
116900099,234,881,-647
116900100,1034,49,985
116900101,227,553,-326
116900103,23,0,23
116900104,21,177,-156
116900105,361,159,202
116900106,1412,6,1406
116900107,1105,3013,-1908
116900110,28,2,26
116900111,900,177,723
116900112,244,433,-189
116900113,714,2430,-1716
116900116,42,1512,-1470
116900117,199,119,80
116900118,1700,1110,590
116900120,425,67,358
116900121,259,10,249
116900122,1098,191,907
116900123,467,252,215
116900124,150,381,-231
116900125,631,79,552
116900126,36,512,-476
116900128,0,60,-60
116900129,0,172,-172
116900130,1281,4726,-3445
116900131,61,278,-217
116900132,73,86,-13
116900133,185,139,46
116900134,283,241,42
116900136,191,94,97
116900137,269,139,130
116900138,206,84,122
116900139,87,236,-149
116900140,151,57,94
116900141,376,179,197
116900142,4,114,-110
116900143,268,136,132
116900144,46,68,-22
116900145,54,129,-75
116900147,213,2439,-2226
116900148,23,28,-5
116900149,34,241,-207
116900150,9,5,4
116900151,94,62,32
116900153,138,74,64
116900154,196,567,-371
116900155,63,88,-25
116900157,799,92,707
116900158,107,352,-245
116900159,122,732,-610
116900160,939,951,-12
116900161,3976,10527,-6551
116900162,17,74,-57
116900163,393,41,352
116900164,109,58,51
116900165,585,423,162
116900166,44,51,-7
116900167,487,33,454
116900168,463,43,420
116900169,170,2448,-2278
116900170,716,486,230
116900171,36,70,-34
116900172,109,562,-453
116900173,290,11,279
116900174,84,98,-14
116900175,302,585,-283
116900178,39,57,-18
116900179,35,428,-393
116900180,73,11,62
116900182,1578,275,1303
116900183,329,69,260
116900185,45,49,-4
116900186,110,45,65
116900187,40,67,-27
116900188,125,19,106
116900189,36,0,36
116900191,248,389,-141
116900192,343,92,251
116900194,113,1968,-1855
116900195,39,30,9
116900196,13,25,-12
116900197,121,11,110
116900198,44,426,-382
116900200,163,11,152
116900201,226,6,220
116900202,40,17,23
116900203,156,20,136
116900204,44,147,-103
116900206,79,2,77
116900207,20,15,5
116900208,13,58,-45
116900209,10,29,-19
116900210,746,347,399
116900211,236,2,234
116900212,123,11,112
116900213,275,106,169
116900214,375,228,147
116900215,72,75,-3
116900216,374,257,117
116900218,4,217,-213
116900219,530,224,306
116900220,161,230,-69
116900221,199,268,-69
116900222,514,359,155
116900223,91,198,-107
116900226,135,38,97
116900227,250,29,221
116900228,342,134,208
116900230,70,98,-28
116900231,62,100,-38
116900232,11,133,-122
116900233,334,67,267
116900234,4,10,-6
116900235,538,249,289
116900238,625,172,453
116900239,24,948,-924
116900240,3085,3434,-349
116900241,158,24,134
116900242,522,1195,-673
116900243,1,7,-6
116900245,29,51,-22
116900246,154,18,136
116900247,1103,52,1051
116900248,69,27,42
116900249,414,13,401
116900250,634,36,598
116900251,349,1248,-899
116900252,191,352,-161
116900254,63,87,-24
116900255,154,118,36
116900256,664,126,538
116900257,9,143,-134
116900258,2,72,-70
116900259,423,6,417
116900260,3,53,-50
116900261,81,1,80
116900262,209,36,173
116900263,1,15,-14
116900264,81,59,22
116900265,117,1,116
116900266,30,11,19
116900267,14,1,13
116900268,118,126,-8
116900269,385,1060,-675
116900271,590,457,133
116900272,698,462,236
116900273,26,682,-656
116900274,166,20,146
116900275,208,73,135
116900276,346,309,37
116900277,109,18,91
116900278,1,1,0
116900279,1,16,-15
116900280,25,17,8
116900281,2548,5894,-3346
116900282,1,24,-23
116900283,2,26,-24
116900284,1,78,-77
116900285,158,235,-77
116900286,68,12,56
116900287,10,14,-4
116900288,117,51,66
116900289,18,1,17
116900290,32,4,28
116900291,50,15,35
116900292,0,39,-39
116900293,75,5,70
116900294,19,80,-61
116900295,192,349,-157
116900296,43,438,-395
116900297,5,158,-153
116900298,73,449,-376
116900299,20,454,-434
116900300,2,144,-142
116900301,39,1080,-1041
116900302,33,154,-121
116900303,173,220,-47
116900304,0,120,-120
116900305,9,23,-14
116900306,309,71,238
116900307,144,0,144
116900308,1,26,-25
116900309,205,27,178
116900310,24,37,-13
117000001,2482,2896,-414
117000002,2028,3410,-1382
117000003,6497,3927,2570
117000004,2238,4946,-2708
117000005,4598,2467,2131
117000006,1098,2456,-1358
117000007,6346,1609,4737
117000008,931,2506,-1575
117000009,4851,1630,3221
117000010,1426,2509,-1083
117000011,3389,1359,2030
117000012,1797,991,806
117000013,2376,1056,1320
117000014,1335,2132,-797
117000015,3024,1519,1505
117000016,400,721,-321
117000017,152,1862,-1710
117000018,84,1276,-1192
117000019,66,139,-73
117000020,742,2228,-1486
117000021,2429,916,1513
117000022,238,698,-460
117000023,71,1448,-1377
117000024,113,1445,-1332
117000025,115,2204,-2089
117000026,1610,4418,-2808
117000027,1388,6757,-5369
117000028,1230,4069,-2839
117000030,352,387,-35
117000031,596,624,-28
117000032,1583,1755,-172
117000033,1907,747,1160
117000034,367,228,139
117000035,472,687,-215
117000036,537,257,280
117000037,329,293,36
117000038,258,453,-195
117000039,408,321,87
117000040,228,549,-321
117000041,1380,105,1275
117000044,14,665,-651
117000045,1121,165,956
117000046,329,878,-549
117000047,1136,799,337
117000048,1251,611,640
117000049,50,323,-273
117000050,193,580,-387
117000051,1844,37,1807
117000052,57,333,-276
117000053,1479,44,1435
117000054,2039,9,2030
117000055,20,1199,-1179
117000056,830,32,798
117000057,447,1368,-921
117000060,408,1048,-640
117000061,2715,1458,1257
117000062,159,584,-425
117000063,2212,912,1300
117000064,701,675,26
117000066,486,593,-107
117000067,166,607,-441
117000074,40,151,-111
117000076,70,43,27
117000077,204,156,48
117000078,134,255,-121
117000079,394,231,163
117000080,4,402,-398
117000081,957,188,769
117000082,52,186,-134
117000083,772,240,532
117000084,169,2,167
117000085,361,785,-424
117000086,743,256,487
117000087,90,660,-570
117000088,454,149,305
117000089,2496,200,2296
117000090,256,713,-457
117000091,1374,238,1136
117000092,472,512,-40
117000093,1924,663,1261
117000094,815,1157,-342
117000095,4100,658,3442
117000096,746,1342,-596
117000097,2432,859,1573
117000098,1515,2106,-591
117000099,5130,970,4160
117000100,261,267,-6
117000101,151,546,-395
117000102,2750,624,2126
117000103,609,908,-299
117000104,1880,633,1247
117000105,414,931,-517
117000106,2099,565,1534
117000107,426,802,-376
117000108,3164,922,2242
117000109,985,1389,-404
117000110,2515,1921,594
117000111,4232,3749,483
117000112,4149,1245,2904
117000113,125,92,33
117000114,322,122,200
117000115,120,29,91
117000116,251,207,44
117000117,1875,1093,782
117000118,545,256,289
117000119,157,919,-762
117000120,74,2308,-2234
117000121,45,1278,-1233
117000122,1156,1930,-774
117000123,3468,82,3386
117000124,180,326,-146
117000125,92,1194,-1102
117000126,40,20,20
117000127,117,535,-418
117000128,80,1652,-1572
117000129,358,2352,-1994
117000130,287,9,278
117000131,0,45,-45
117000132,4268,52,4216
117000133,3098,20,3078
117000134,2,231,-229
117000135,3,199,-196
117000136,0,85,-85
117000137,314,141,173
117000138,0,1065,-1065
117000140,369,791,-422
117000141,2465,469,1996
117000181,318,197,121
117000182,2864,1156,1708
117000195,137,681,-544
117000196,388,159,229
117000225,49,330,-281
117000226,4,573,-569
117000276,393,13,380
117000277,0,96,-96
117000310,1101,2366,-1265
117000315,250,796,-546
117000320,65,0,65
117000906,700,15,685
117000907,9,164,-155
117000909,110,84,26
117000910,306,114,192
117000911,30,78,-48
117000915,12,199,-187
117000916,136,4,132
117000917,1902,34,1868
117000918,316,47,269
117000919,2,31,-29
117000920,2,576,-574
117000921,1,400,-399
117000922,12,49,-37
117000924,1891,845,1046
117000926,835,663,172
117000927,246,781,-535
117000928,0,129,-129
117000929,415,258,157
117000930,1303,121,1182
117000931,101,213,-112
117900002,50,1090,-1040
117900003,101,204,-103
117900005,4,321,-317
117900006,4,38,-34
117900007,157,89,68
117900008,0,15,-15
117900010,679,117,562
117900011,21,898,-877
117900012,97,69,28
117900013,0,157,-157
117900014,1136,211,925
117900015,13,102,-89
117900016,975,769,206
117900017,1577,1053,524
117900018,403,1312,-909
117900019,1132,305,827
117900020,50,408,-358
117900021,46,105,-59
117900023,4031,69,3962
117900024,136,55,81
117900025,39,0,39
117900026,685,153,532
117900028,82,17,65
117900029,539,510,29
117900031,253,897,-644
117900032,1179,704,475
117900033,803,507,296
117900034,81,35,46
117900035,397,213,184
117900036,544,227,317
117900037,175,66,109
117900038,39,66,-27
117900039,0,10,-10
117900040,225,167,58
117900041,0,26,-26
117900042,2152,357,1795
117900043,4,24,-20
117900044,276,7573,-7297
117900045,431,92,339
117900048,484,94,390
117900049,671,310,361
117900050,7,1069,-1062
117900051,31,23,8
117900052,112,513,-401
117900053,2182,186,1996
117900054,1,18,-17
117900055,2839,384,2455
117900056,60,312,-252
117900057,948,781,167
117900058,23,154,-131
117900059,87,134,-47
117900060,2812,1719,1093
117900061,43,570,-527
117900063,704,117,587
117900065,259,685,-426
117900066,3,78,-75
117900067,1196,152,1044
117900069,1590,218,1372
117900070,67,381,-314
117900071,187,122,65
117900073,880,213,667
117900074,48,676,-628
117900075,89,39,50
117900076,92,92,0
117900077,679,174,505
117900078,517,736,-219
117900080,237,36,201
117900081,211,201,10
117900082,691,361,330
117900083,783,242,541
117900086,319,25,294
117900087,165,53,112
117900088,998,1011,-13
117900089,2420,661,1759
117900090,798,338,460
117900091,106,58,48
117900092,86,35,51
117900093,108,36,72
117900094,59,35,24
117900095,632,3301,-2669
117900096,234,386,-152
117900097,169,23,146
117900098,55,9,46
117900099,261,1173,-912
117900100,656,12,644
117900101,971,2645,-1674
117900102,111,23,88
117900103,66,4,62
117900104,6,418,-412
117900105,43,152,-109
117900106,124,50,74
117900107,50,0,50
117900109,887,279,608
117900110,206,1,205
117900111,630,42,588
117900112,52,7,45
117900113,1041,2063,-1022
117900114,29,0,29
117900115,103,325,-222
117900116,586,500,86
117900117,679,127,552
117900118,145,1,144
117900119,192,21,171
117900120,743,46,697
117900121,85,65,20
117900122,898,5900,-5002
117900123,1428,300,1128
117900124,320,409,-89
117900125,1422,1468,-46
117900126,156,244,-88
117900127,620,154,466
117900128,340,197,143
117900129,181,1,180
117900130,607,348,259
117900131,7,77,-70
117900132,8,83,-75
117900133,24,60,-36
117900134,37,196,-159
117900135,22,62,-40
117900136,0,8,-8
117900137,64,185,-121
117900138,3,7,-4
117900139,100,77,23
117900140,7245,91,7154
117900141,82,317,-235
117900142,31,597,-566
117900144,51,1718,-1667
117900145,6,264,-258
117900146,173,303,-130
117900147,125,93,32
117900148,3165,3178,-13
117900149,122,86,36
117900150,85,81,4
117900151,43,195,-152
117900152,172,106,66
117900153,15,175,-160
117900154,686,453,233
117900156,485,575,-90
117900157,82,530,-448
117900158,313,104,209
117900160,876,835,41
117900161,982,976,6
117900162,1053,454,599
117900163,53,1447,-1394
117900165,1,7,-6
117900166,77,511,-434
117900168,135,158,-23
117900169,1,45,-44
117900170,2,16,-14
117900171,6,14,-8
117900172,20,9,11
117900173,54,81,-27
117900174,36,54,-18
117900175,9,23,-14
117900176,3,22,-19
117900177,12,12,0
117900178,69,16,53
117900180,142,36,106
117900181,42,503,-461
117900182,0,44,-44
117900183,108,139,-31
117900184,31,52,-21
117900185,72,19,53
117900186,56,23,33
117900187,16,9,7
117900188,208,44,164
117900189,63,24,39
117900190,23,0,23
117900191,100,1,99
117900192,227,0,227
117900193,1,49,-48
117900194,15,2,13
117900195,6,108,-102
117900196,18,26,-8
117900207,78,219,-141
117900208,13,17,-4
117900209,151,124,27
117900210,129,90,39
117900211,4,87,-83
117900212,139,158,-19
117900213,48,1,47
117900214,17,3,14
117900215,171,31,140
117900216,77,83,-6
117900217,49,351,-302
117900218,76,207,-131
117900219,9,335,-326
117900220,28,715,-687
117900222,224,105,119
117900223,122,368,-246
118000001,700,2675,-1975
118000002,286,1165,-879
118000003,2432,6198,-3766
118000004,1298,6134,-4836
118000005,4294,3862,432
118000006,4758,5727,-969
118000007,4579,11160,-6581
118000008,1291,5823,-4532
118000009,2226,3551,-1325
118000010,4050,3679,371
118000011,2018,1083,935
118000012,1441,1263,178
118000013,1944,1850,94
118000014,1871,1612,259
118000016,326,162,164
118000017,899,497,402
118000018,403,242,161
118000019,1185,2535,-1350
118000020,579,2647,-2068
118000021,523,3271,-2748
118000022,874,730,144
118000023,582,426,156
118000024,401,1168,-767
118000027,9412,7867,1545
118000029,558,1007,-449
118000032,184,2619,-2435
118000033,1939,5431,-3492
118000034,2839,3773,-934
118000035,1976,2866,-890
118000036,849,1303,-454
118000037,777,1991,-1214
118000038,868,163,705
118000039,135,127,8
118000040,1749,1796,-47
118000041,3840,1496,2344
118000045,180,70,110
118000046,980,1870,-890
118000047,533,3974,-3441
118000048,1391,4397,-3006
118000051,718,5004,-4286
118000052,375,2275,-1900
118000053,286,569,-283
118000054,2675,675,2000
118000055,2697,1748,949
118000056,115,545,-430
118000057,160,292,-132
118000058,1553,4988,-3435
118000059,1444,2812,-1368
118000060,998,1113,-115
118000061,1287,1042,245
118000062,425,335,90
118000063,318,1127,-809
118000064,909,1410,-501
118000065,1551,1562,-11
118000066,1628,4391,-2763
118000067,493,633,-140
118000068,787,10160,-9373
118000069,1301,1531,-230
118000070,5004,2226,2778
118000071,3428,11485,-8057
118000072,643,4092,-3449
118000073,1182,2028,-846
118000074,593,843,-250
118000075,469,398,71
118000076,2124,7777,-5653
118000077,1136,2577,-1441
118000078,2028,3473,-1445
118000079,269,491,-222
118000080,627,1640,-1013
118000081,1517,2664,-1147
118000082,383,1362,-979
118000083,1394,1972,-578
118000084,2103,2333,-230
118000086,201,618,-417
118000087,4124,2690,1434
118000088,997,2019,-1022
118000089,4402,3080,1322
118000090,995,3631,-2636
118000091,588,4697,-4109
118000092,830,718,112
118000093,89,726,-637
118000096,609,900,-291
118000097,555,719,-164
118000098,231,306,-75
118000099,1080,453,627
118000101,2186,470,1716
118000102,656,624,32
118000107,2236,720,1516
118000108,552,4701,-4149
118000110,1,36,-35
118000111,1,161,-160
118000112,1308,2,1306
118000113,11,231,-220
118000114,924,8,916
118000115,9,14,-5
118000116,31,0,31
118000117,752,945,-193
118000118,1013,2365,-1352
118000119,1010,2092,-1082
118000120,1228,1146,82
118000121,28,753,-725
118000122,613,386,227
118000123,56,311,-255
118000125,1092,2033,-941
118000126,569,2532,-1963
118000127,1139,1148,-9
118000128,629,2472,-1843
118000129,1576,740,836
118000130,2111,2772,-661
118000131,280,889,-609
118000132,3338,2495,843
118000133,1777,831,946
118000135,449,1018,-569
118000136,183,1099,-916
118000137,507,148,359
118000138,343,377,-34
118000139,493,107,386
118000140,4021,8986,-4965
118000141,3078,1468,1610
118000142,2969,1663,1306
118000143,3567,1675,1892
118000144,784,440,344
118000145,1199,870,329
118000146,1359,455,904
118000147,1291,831,460
118000148,1164,1202,-38
118000149,1138,509,629
118000150,862,360,502
118000151,999,291,708
118000153,2237,905,1332
118000154,2127,1315,812
118000155,3125,1244,1881
118000156,1919,3546,-1627
118000157,698,284,414
118000158,446,473,-27
118000159,32,92,-60
118000160,898,343,555
118000161,800,251,549
118000162,1716,919,797
118000163,1052,1059,-7
118000164,2059,1390,669
118000168,421,742,-321
118000169,1152,947,205
118000170,2733,2433,300
118000171,444,356,88
118000172,136,148,-12
118000173,1092,1172,-80
118000175,245,310,-65
118000176,331,478,-147
118000177,430,651,-221
118000178,38,34,4
118000179,900,1162,-262
118000180,631,596,35
118000181,501,59,442
118000182,308,182,126
118000183,398,362,36
118000184,1199,475,724
118000185,726,1949,-1223
118000186,526,1270,-744
118000187,2348,380,1968
118000188,850,55,795
118000189,990,292,698
118000190,15,5,10
118000191,28,11,17
118000192,516,223,293
118000193,8,141,-133
118000194,1634,743,891
118000195,231,6177,-5946
118000196,129,815,-686
118000197,135,292,-157
118000198,419,1834,-1415
118000199,419,1272,-853
118000200,102,711,-609
118000201,179,984,-805
118000202,24,408,-384
118000203,395,1611,-1216
118000204,54,603,-549
118000205,68,282,-214
118000206,233,264,-31
118000207,0,59,-59
118000208,1441,1453,-12
118000209,2956,965,1991
118000210,119,48,71
118000211,84,52,32
118000213,402,5257,-4855
118000214,248,752,-504
118000215,491,77,414
118000216,6498,1610,4888
118000217,14,36,-22
118000218,38,31,7
118000219,235,211,24
118000220,12,23,-11
118000221,524,423,101
118000222,75,17,58
118000223,105,43,62
118000224,125,33,92
118000225,144,1451,-1307
118000226,1420,225,1195
118000227,1075,388,687
118000228,51,421,-370
118000229,23,735,-712
118000230,117,188,-71
118000231,59,415,-356
118000232,1059,315,744
118000233,1365,518,847
118000234,574,72,502
118000236,247,305,-58
118000237,139,147,-8
118000238,234,91,143
118000239,291,253,38
118000240,163,123,40
118000241,269,116,153
118000242,485,200,285
118000243,311,135,176
118000244,107,39,68
118000246,5,64,-59
118000255,75,238,-163
118000256,248,202,46
118000259,27,63,-36
118000260,288,49,239
118000261,62,7,55
118000263,77,155,-78
118000266,155,192,-37
118000267,0,365,-365
118000268,206,21,185
118000270,135,4,131
118000271,298,201,97
118000272,60,12,48
118000273,466,26,440
118000274,90,282,-192
118000276,492,203,289
118000295,15,112,-97
118000298,113,152,-39
118000299,81,66,15
118000301,0,262,-262
118000302,131,27,104
118000311,1175,73,1102
118000312,397,87,310
118000313,66,45,21
118000314,167,21,146
118000315,29,14,15
118000316,1117,332,785
118000325,87,28,59
118000326,43,16,27
118000331,34,8,26
118000332,10,24,-14
118000333,30,32,-2
118000335,609,0,609
118000336,0,160,-160
118000407,282,34,248
118000457,26,114,-88
118000465,573,2864,-2291
118000480,37,42,-5
118000489,19,448,-429
118000490,14,185,-171
118000492,586,118,468
118000510,85,24,61
118000514,83,686,-603
118000515,530,1112,-582
118000517,313,165,148
118000524,91,431,-340
118000525,428,512,-84
118000530,36,171,-135
118000531,471,220,251
118000532,324,178,146
118000533,299,126,173
118000534,850,350,500
118000535,395,103,292
118000536,56,471,-415
118000537,33,88,-55
118000538,39,95,-56
118000539,12,103,-91
118000540,183,156,27
118000541,77,72,5
118000542,81,342,-261
118000543,114,411,-297
118000546,25,15,10
118000553,0,0,0
118000557,0,0,0
118000560,1053,2406,-1353
118000562,55,106,-51
118000563,1257,969,288
118000576,234,55,179
118000577,158,176,-18
118000578,156,56,100
118000579,912,2071,-1159
118000583,0,1,-1
118000595,250,138,112
118000596,3,609,-606
118000597,217,106,111
118000598,10,1,9
118000599,215,33,182
118000600,4,4,0
118000601,6,0,6
118000602,15,8,7
118000603,0,39,-39
118000605,34,141,-107
118000606,5,25,-20
118900001,351,1049,-698
118900002,670,1117,-447
118900003,240,1,239
118900004,76,23,53
118900005,74,17,57
118900006,186,2,184
118900007,3,1,2
118900008,1004,43,961
118900009,43,53,-10
118900010,92,14,78
118900011,126,16,110
118900012,316,194,122
118900013,753,268,485
118900015,279,56,223
118900016,8,6,2
118900017,23,206,-183
118900018,1087,51,1036
118900019,19,11,8
118900020,52,268,-216
118900021,105,583,-478
118900022,119,45,74
118900023,80,150,-70
118900024,83,116,-33
118900025,92,21,71
118900026,72,25,47
118900027,453,121,332
118900028,265,136,129
118900029,178,359,-181
118900030,485,33,452
118900031,141,23,118
118900032,389,126,263
118900033,280,601,-321
118900034,124,26,98
118900035,130,65,65
118900036,1406,441,965
118900037,208,550,-342
118900038,535,124,411
118900039,645,95,550
118900040,218,70,148
118900041,760,309,451
118900042,134,79,55
118900045,277,213,64
118900046,387,363,24
118900047,272,499,-227
118900048,158,410,-252
118900049,76,69,7
118900050,87,5,82
118900051,63,131,-68
118900052,247,478,-231
118900053,11,76,-65
118900054,220,28,192
118900055,82,36,46
118900056,36,237,-201
118900057,721,474,247
118900058,422,386,36
118900059,23,146,-123
118900060,74,107,-33
118900062,163,122,41
118900064,168,710,-542
118900065,46,81,-35
118900066,120,122,-2
118900067,3398,4198,-800
118900068,27,282,-255
118900069,670,148,522
118900071,5,14,-9
118900072,836,475,361
118900073,280,71,209
118900074,147,35,112
118900075,150,11,139
118900076,238,219,19
118900077,347,132,215
118900078,12,3,9
118900079,54,71,-17
118900080,45,47,-2
118900081,82,132,-50
118900082,1769,156,1613
118900083,35,0,35
118900084,14,5,9
118900085,483,327,156
118900086,56,115,-59
118900087,124,578,-454
118900088,9,4,5
118900089,30,7,23
118900090,500,158,342
118900091,81,238,-157
118900092,212,85,127
118900093,62,15,47
118900096,70,205,-135
118900097,295,533,-238
118900099,73,126,-53
118900100,71,227,-156
118900101,124,151,-27
118900102,54,119,-65
118900103,15,118,-103
118900104,199,85,114
118900105,211,43,168
118900107,56,28,28
118900108,64,73,-9
118900110,884,808,76
118900111,729,295,434
118900112,129,255,-126
118900113,259,304,-45
118900114,11,148,-137
118900115,60,339,-279
118900116,79,195,-116
118900117,160,103,57
118900118,394,210,184
118900119,247,116,131
118900120,121,281,-160
118900121,37,63,-26
118900122,15,1104,-1089
118900123,202,243,-41
118900124,91,121,-30
118900126,19,334,-315
118900129,396,141,255
118900130,26,300,-274
118900131,371,110,261
118900132,301,199,102
118900133,5,167,-162
118900135,205,163,42
118900136,278,272,6
118900137,26,83,-57
118900139,355,94,261
118900140,564,384,180
118900141,171,35,136
118900144,291,283,8
118900145,24,64,-40
118900146,361,364,-3
118900147,76,461,-385
118900148,37,43,-6
118900150,404,514,-110
118900152,482,405,77
118900157,47,282,-235
118900158,185,27,158
118900159,5,65,-60
118900161,42,5,37
118900163,46,63,-17
118900164,3,49,-46
118900165,77,40,37
118900166,32,1,31
118900167,53,65,-12
118900168,46,278,-232
118900169,108,60,48
118900170,225,24,201
118900171,32,31,1
118900174,122,22,100
118900175,727,320,407
118900176,247,242,5
118900177,73,24,49
118900178,58,78,-20
118900179,25,17,8
118900181,103,40,63
118900182,16,31,-15
118900183,28,137,-109
118900184,218,55,163
118900185,337,40,297
118900186,88,145,-57
118900187,114,357,-243
118900188,239,358,-119
118900189,19,663,-644
118900190,32,103,-71
118900191,493,21,472
118900192,456,4,452
118900193,839,2,837
118900195,169,245,-76
118900196,32,135,-103
118900197,293,76,217
118900198,19,2,17
118900199,124,8,116
118900200,22,21,1
118900201,40,23,17
118900202,11,39,-28
118900203,32,4,28
118900204,26,14,12
118900205,10,3,7
118900206,1,4,-3
119000001,1370,2047,-677
119000002,3384,3414,-30
119000003,3661,857,2804
119000004,2910,1909,1001
119000005,2517,2447,70
119000006,5067,2014,3053
119000007,3903,3347,556
119000008,1850,1745,105
119000009,2905,7131,-4226
119000010,3899,4412,-513
119000011,2129,2741,-612
119000012,1145,2705,-1560
119000013,3061,1846,1215
119000014,1411,2095,-684
119000019,243,100,143
119000020,2987,2016,971
119000021,6476,4148,2328
119000022,1648,4362,-2714
119000023,329,288,41
119000024,1967,18121,-16154
119000025,1643,335,1308
119000026,43,462,-419
119000027,1500,568,932
119000028,1673,650,1023
119000029,53,273,-220
119000030,529,586,-57
119000031,789,472,317
119000032,1979,1599,380
119000033,2136,1052,1084
119000034,1411,455,956
119000035,28,168,-140
119000036,3020,376,2644
119000037,1616,709,907
119000038,230,278,-48
119000039,835,309,526
119000040,1036,1018,18
119000041,636,1383,-747
119000048,2334,1468,866
119000049,3476,1596,1880
119000050,1327,1310,17
119000051,2882,1093,1789
119000052,3395,2372,1023
119000053,2057,974,1083
119000054,2924,1036,1888
119000055,4541,1891,2650
119000056,4159,1522,2637
119000057,2178,1125,1053
119000058,1717,1130,587
119000059,1068,1024,44
119000060,1951,848,1103
119000061,1058,553,505
119000062,946,1090,-144
119000063,692,722,-30
119000064,827,691,136
119000065,1312,2923,-1611
119000066,2271,1322,949
119000067,1874,1454,420
119000068,2110,885,1225
119000069,1969,1389,580
119000070,3439,706,2733
119000071,435,429,6
119000072,4316,2512,1804
119000073,3692,9933,-6241
119000074,2032,1497,535
119000075,4017,2024,1993
119000076,256,1097,-841
119000077,618,497,121
119000078,613,259,354
119000079,230,624,-394
119000080,886,157,729
119000081,235,322,-87
119000082,911,228,683
119000083,768,588,180
119000084,343,291,52
119000085,539,155,384
119000086,363,1020,-657
119000087,768,333,435
119000088,349,211,138
119000089,113,269,-156
119000090,131,67,64
119000091,96,301,-205
119000092,333,149,184
119000093,3932,2398,1534
119000094,5288,5213,75
119000095,2691,4254,-1563
119000097,2098,880,1218
119000098,1686,6210,-4524
119000099,2637,1258,1379
119000100,5138,3652,1486
119000101,3585,1657,1928
119000102,448,1729,-1281
119000103,835,575,260
119000104,1147,732,415
119000105,866,3150,-2284
119000106,592,523,69
119000107,1425,625,800
119000108,665,460,205
119000109,144,730,-586
119000110,351,609,-258
119000111,43,954,-911
119000112,161,144,17
119000113,1220,417,803
119000114,1705,1045,660
119000115,117,149,-32
119000116,88,92,-4
119000117,113,296,-183
119000118,9,1,8
119000123,2405,3954,-1549
119000124,1228,143,1085
119000125,6093,406,5687
119000126,1949,440,1509
119000127,341,137,204
119000128,19,0,19
119000131,1887,373,1514
119000132,3,1,2
119000133,2,1,1
119000134,1338,568,770
119000135,279,207,72
119000136,513,99,414
119000137,335,162,173
119000138,932,82,850
119000139,167,66,101
119000140,444,365,79
119000284,778,1621,-843
119000285,1542,1131,411
119000286,3010,2574,436
119000287,1314,1223,91
119000288,1920,685,1235
119000289,1073,2583,-1510
119000290,300,302,-2
119000291,63,193,-130
119000293,154,178,-24
119000294,49,17,32
119000295,1609,463,1146
119000296,360,179,181
119000302,1686,1162,524
119000303,34,341,-307
119000314,857,7916,-7059
119000315,1,143,-142
119000316,355,68,287
119000317,149,108,41
119000319,1059,111,948
119900001,142,1979,-1837
119900002,219,234,-15
119900003,30,486,-456
119900004,128,2031,-1903
119900005,287,53,234
119900006,156,393,-237
119900007,592,189,403
119900008,40,22,18
119900009,484,243,241
119900010,547,655,-108
119900011,18,256,-238
119900012,12,101,-89
119900013,2054,1591,463
119900014,455,244,211
119900015,235,45,190
119900016,52,43,9
119900017,41,28,13
119900018,877,1277,-400
119900019,29,4,25
119900020,149,118,31
119900021,204,36,168
119900022,92,1010,-918
119900023,330,3391,-3061
119900025,338,22,316
119900026,458,134,324
119900027,13,22,-9
119900028,269,153,116
119900029,2,2,0
119900030,436,248,188
119900031,51,770,-719
119900033,1279,298,981
119900034,678,30,648
119900037,245,17,228
119900038,37,477,-440
119900039,79,8,71
119900040,211,38,173
119900041,194,8,186
119900042,67,196,-129
119900043,189,95,94
119900044,137,872,-735
119900046,209,18,191
119900047,349,166,183
119900049,263,4,259
119900050,107,152,-45
119900051,1446,15,1431
119900052,111,6,105
119900053,333,88,245
119900054,493,8,485
119900055,1616,383,1233
119900057,318,27,291
119900058,397,4,393
119900059,106,13,93
119900060,354,20,334
119900061,354,6,348
119900062,98,4,94
119900063,19,86,-67
119900065,260,7,253
119900067,76,1,75
119900068,847,2,845
119900069,141,8,133
119900070,1015,3,1012
119900071,937,14,923
119900073,769,355,414
119900074,17,26,-9
119900075,1322,1837,-515
119900076,208,48,160
119900077,1078,301,777
119900078,797,447,350
119900079,618,79,539
119900080,608,377,231
119900081,998,11,987
119900082,1451,139,1312
119900083,338,80,258
119900084,379,432,-53
119900085,42,29,13
119900086,445,485,-40
119900087,386,904,-518
119900088,22,20,2
119900089,42,116,-74
119900090,41,17,24
119900091,44,199,-155
119900092,59,176,-117
119900093,1838,159,1679
119900094,31,137,-106
119900095,107,61,46
119900096,25,55,-30
119900097,166,182,-16
119900098,72,61,11
119900099,17,78,-61
119900100,486,2641,-2155
119900101,114,1775,-1661
119900102,43,104,-61
119900103,23,95,-72
119900104,12,54,-42
119900105,523,3157,-2634
119900106,3,45,-42
119900107,179,1016,-837
119900108,4111,546,3565
119900109,52,108,-56
119900110,750,291,459
119900111,253,184,69
119900112,544,824,-280
119900113,65,191,-126
119900114,255,489,-234
119900115,293,300,-7
119900116,57,356,-299
119900117,398,301,97
119900118,119,219,-100
119900119,348,132,216
119900120,427,270,157
119900121,642,389,253
119900122,112,130,-18
119900123,136,282,-146
119900124,301,301,0
119900125,37,211,-174
119900126,2288,196,2092
119900127,642,422,220
119900128,448,381,67
119900129,370,132,238
119900130,17,176,-159
119900131,40,60,-20
119900132,28,79,-51
119900133,88,51,37
119900134,463,95,368
119900135,0,119,-119
119900136,80,143,-63
119900138,148,232,-84
119900139,7,96,-89
119900140,0,88,-88
119900141,38,797,-759
119900142,4,16,-12
119900143,18,156,-138
119900144,885,135,750
119900145,72,69,3
119900146,141,93,48
119900147,1,111,-110
119900148,244,33,211
119900149,509,5939,-5430
119900150,128,56,72
119900151,1224,769,455
119900152,149,97,52
119900153,226,28,198
119900154,124,178,-54
119900155,38,22,16
119900156,20,4,16
119900157,187,93,94
119900158,247,37,210
119900159,16,259,-243
119900160,25,68,-43
119900161,161,57,104
119900162,1152,703,449
119900163,50,79,-29
119900164,0,0,0
119900165,179,68,111
119900166,70,28,42
119900167,7,24,-17
119900168,1672,297,1375
119900169,23,186,-163
119900170,99,271,-172
119900171,784,264,520
119900172,48,15,33
119900173,5,112,-107
119900174,7,44,-37
119900175,1856,271,1585
119900177,35,100,-65
119900178,9,87,-78
119900179,153,809,-656
119900180,1227,661,566
119900181,10,87,-77
119900182,0,91,-91
119900183,218,433,-215
119900184,562,229,333
119900185,50,278,-228
119900186,16,1787,-1771
119900187,2,129,-127
119900188,151,267,-116
119900189,105,212,-107
119900190,92,306,-214
119900191,158,629,-471
119900192,52,126,-74
119900193,505,94,411
119900194,21,59,-38
119900195,20,56,-36
119900196,179,67,112
119900197,344,160,184
119900198,160,164,-4
119900199,109,6,103
119900200,726,443,283
119900201,172,73,99
119900202,47,246,-199
119900203,159,613,-454
119900204,285,221,64
119900205,1140,234,906
119900206,293,89,204
119900208,119,120,-1
119900209,615,1999,-1384
119900210,46,10,36
119900211,59,6,53
119900212,881,375,506
119900213,19,77,-58
119900214,81,18,63
119900215,34,12,22
119900216,27,20,7
119900217,25,12,13
119900218,7,87,-80
119900219,6,60,-54
119900220,0,24,-24
119900221,111,79,32
119900222,55,50,5
119900223,12,16,-4
119900224,21,8,13
119900225,270,34,236
119900226,176,1631,-1455
119900227,245,180,65
119900228,14,125,-111
119900229,115,175,-60
119900230,782,226,556
119900231,381,41,340
119900232,182,79,103
119900233,84,16,68
119900234,7,81,-74
119900235,4,19,-15
119900236,13,151,-138
119900237,45,239,-194
119900238,4,31,-27
119900240,108,54,54
119900241,152,92,60
119900242,1087,1308,-221
119900244,549,920,-371
119900245,185,178,7
119900246,200,486,-286
119900247,26,81,-55
119900248,27,330,-303
119900249,401,75,326
119900253,886,283,603
119900254,63,1328,-1265
119900255,128,1069,-941
119900256,943,161,782
119900257,150,8,142
119900258,186,6,180
119900259,18,28,-10
119900260,139,10,129
119900261,496,75,421
119900262,0,65,-65
119900263,1573,281,1292
119900264,141,34,107
119900265,616,212,404
119900266,482,108,374
119900267,150,230,-80
119900268,218,64,154
119900269,1443,476,967
119900271,19,48,-29
119900272,192,392,-200
119900275,165,2,163
119900276,207,7,200
119900277,17,23,-6
119900278,253,54,199
119900279,100,247,-147
119900280,401,61,340
119900281,0,402,-402
119900282,24,97,-73
119900283,16,68,-52
119900284,24,84,-60
119900285,18,80,-62
119900286,1,8,-7
119900288,2,6,-4
119900289,0,8,-8
119900290,1,12,-11
119900291,1,16,-15
119900292,39,51,-12
119900293,23,24,-1
119900294,22,29,-7
119900295,52,11,41
119900296,70,25,45
119900297,0,10,-10
119900298,1,1,0
119900299,55,144,-89
119900300,209,104,105
119900301,44,162,-118
119900302,46,115,-69
119900303,171,147,24
119900304,206,17,189
119900305,5,38,-33
119900306,13,1,12
119900307,33,19,14
119900308,8,18,-10
119900309,30,242,-212
119900310,282,275,7
119900311,203,27,176
119900312,208,53,155
119900313,299,152,147
119900314,301,372,-71
119900315,2668,945,1723
119900318,12,74,-62
119900319,0,68,-68
119900320,317,230,87
119900321,145,8,137
120000001,7021,34027,-27006
120000002,2688,2599,89
120000003,2101,1331,770
120000004,2635,1130,1505
120000005,2215,1199,1016
120000006,1583,1043,540
120000007,2387,2550,-163
120000008,1144,1967,-823
120000009,1180,452,728
120000010,1932,1741,191
120000011,1284,1210,74
120000012,1565,1433,132
120000013,4040,2573,1467
120000014,1228,1277,-49
120000015,3458,2236,1222
120000016,5401,2070,3331
120000017,5106,4226,880
120000018,3211,19151,-15940
120000019,1439,1923,-484
120000020,2685,3870,-1185
120000021,1802,2574,-772
120000022,2626,3926,-1300
120000023,1658,1834,-176
120000024,1332,2553,-1221
120000025,3306,1679,1627
120000026,4256,2025,2231
120000027,3148,2417,731
120000028,972,2897,-1925
120000029,709,1723,-1014
120000030,164,832,-668
120000031,1852,5285,-3433
120000032,4308,3124,1184
120000033,4528,1530,2998
120000034,3634,1018,2616
120000035,3935,1821,2114
120000036,3695,5592,-1897
120000037,637,2211,-1574
120000038,3510,2805,705
120000039,941,1050,-109
120000040,143,998,-855
120000041,462,1378,-916
120000042,1838,1671,167
120000043,4920,980,3940
120000044,5668,1208,4460
120000045,10396,871,9525
120000046,7425,8456,-1031
120000047,400,11012,-10612
120000048,8207,6141,2066
120000049,4867,3786,1081
120000050,3734,4994,-1260
120000051,2611,4236,-1625
120000052,6306,1607,4699
120000053,1686,1360,326
120000054,1437,2292,-855
120000055,1633,3004,-1371
120000056,4961,3222,1739
120000057,4853,1979,2874
120000058,1206,2473,-1267
120000059,3,2144,-2141
120000061,75,393,-318
120000062,137,325,-188
120000063,717,1671,-954
120000064,368,822,-454
120000065,348,920,-572
120000066,301,485,-184
120000067,28,248,-220
120000068,284,342,-58
120000069,671,367,304
120000070,332,806,-474
120000071,1273,89,1184
120000072,1016,253,763
120000073,1158,112,1046
120000074,181,129,52
120000075,1162,477,685
120000076,2788,413,2375
120000077,2722,756,1966
120000078,4235,1639,2596
120000079,800,412,388
120000080,336,326,10
120000081,609,204,405
120000082,687,343,344
120000083,214,1061,-847
120000084,342,351,-9
120000085,213,291,-78
120000086,295,263,32
120000087,235,236,-1
120000088,878,637,241
120000089,1176,354,822
120000090,1030,383,647
120000091,1229,707,522
120000092,1467,567,900
120000093,969,547,422
120000094,373,1121,-748
120000095,1114,260,854
120000096,438,372,66
120000098,1016,339,677
120000099,443,467,-24
120000100,794,533,261
120000101,784,325,459
120000102,1088,1160,-72
120000103,1826,1048,778
120000104,2739,455,2284
120000105,3767,549,3218
120000106,3762,595,3167
120000107,7133,593,6540
120000108,2395,120,2275
120000109,1511,89,1422
120000110,23,456,-433
120000111,82,674,-592
120000112,571,1359,-788
120000113,539,1166,-627
120000114,494,1229,-735
120000115,405,1212,-807
120000116,493,1129,-636
120000117,619,989,-370
120000118,62,49,13
120000119,43,28,15
120000120,225,186,39
120000121,19,40,-21
120000122,243,961,-718
120000123,2328,11405,-9077
120000124,647,458,189
120000125,1180,444,736
120000126,394,2128,-1734
120000127,1232,2324,-1092
120000128,2130,5722,-3592
120000129,217,266,-49
120000130,1122,482,640
120000131,649,703,-54
120000134,288,276,12
120000135,1130,530,600
120000137,296,251,45
120000138,2042,183,1859
120000139,292,196,96
120000140,1608,199,1409
120000141,374,356,18
120000142,1115,337,778
120000143,0,62,-62
120000144,146,3,143
120000145,857,1,856
120000146,1186,2091,-905
120000149,521,734,-213
120000150,1814,13722,-11908
120000151,527,385,142
120000152,926,138,788
120000153,760,404,356
120000154,704,2498,-1794
120000155,232,416,-184
120000156,527,2453,-1926
120000157,1092,561,531
120000158,1877,1138,739
120000159,2472,1964,508
120000160,2530,2049,481
120000161,4645,3501,1144
120000162,196,449,-253
120000163,888,294,594
120000164,1020,279,741
120000165,841,284,557
120000166,1571,282,1289
120000167,321,253,68
120000168,4,808,-804
120000169,105,2204,-2099
120000170,30,2489,-2459
120000171,18,1091,-1073
120000172,22,741,-719
120000173,305,1908,-1603
120000174,49,106,-57
120000175,28,128,-100
120000176,82,55,27
120000177,537,110,427
120000178,7,25,-18
120000179,28,64,-36
120000180,41,62,-21
120000181,43,2132,-2089
120000182,41,1425,-1384
120000183,7,635,-628
120000184,237,1401,-1164
120000186,15,2275,-2260
120000187,18,1115,-1097
120000188,21,1095,-1074
120000190,64,75,-11
120000191,95,128,-33
120000192,91,30,61
120000193,27,6,21
120000195,11,1,10
120000196,23,7,16
120000197,9,16,-7
120000198,290,39,251
120000199,320,3,317
120000200,372,2,370
120000201,57,73,-16
120000202,1,33,-32
120000203,164,133,31
120000207,0,44,-44
120000208,28,64,-36
120000209,15,25,-10
120000210,68,34,34
120000211,377,4,373
120000212,294,1,293
120000213,189,94,95
120000214,0,107,-107
120000215,0,80,-80
120000216,277,22,255
120000217,304,854,-550
120000218,46,500,-454
120000219,3,290,-287
120000220,4,724,-720
120000225,2836,3,2833
120000226,677,4,673
120000227,1299,111,1188
120000228,12848,5125,7723
120000230,580,24,556
120000231,2298,705,1593
120000233,430,3,427
120000235,408,342,66
120000236,1353,2,1351
120000237,3,663,-660
120000238,3,635,-632
120000241,1418,4738,-3320
120000412,144,40,104
120000413,541,98,443
120000414,277,0,277
120000415,1,28,-27
120000416,99,1,98
120000417,7,97,-90
120000418,264,8,256
120000419,6,52,-46
120000420,48,13,35
120000421,7338,4573,2765
120000422,117,2416,-2299
120000423,4,93,-89
120000424,290,84,206
120000436,141,1303,-1162
120000437,88,119,-31
120000438,1568,286,1282
120000439,299,709,-410
120000443,142,1,141
120000444,2050,403,1647
120000445,2741,1219,1522
120000446,1787,195,1592
120000447,311,1,310
120000449,260,0,260
120000450,5,142,-137
120000451,228,184,44
120000452,219,1,218
120000453,1,27,-26
120000454,40,107,-67
120000455,167,41,126
120000456,2703,6275,-3572
120000457,1145,590,555
120000458,488,556,-68
120000459,143,77,66
120000665,212,353,-141
120000668,125,2376,-2251
120000669,298,210,88
120000670,95,1741,-1646
120000671,2826,1030,1796
120000672,78,411,-333
120900001,94,98,-4
120900002,104,635,-531
120900003,249,11,238
120900004,42,209,-167
120900005,26,574,-548
120900006,923,367,556
120900007,244,45,199
120900008,520,355,165
120900009,391,23,368
120900010,846,172,674
120900011,64,326,-262
120900012,31,1459,-1428
120900013,443,113,330
120900014,0,248,-248
120900015,973,132,841
120900016,2186,63,2123
120900017,1425,18,1407
120900018,217,186,31
120900019,648,430,218
120900020,567,979,-412
120900021,736,195,541
120900022,7,276,-269
120900023,455,24,431
120900024,1612,437,1175
120900025,995,993,2
120900026,136,102,34
120900027,706,37,669
120900028,751,171,580
120900029,79,1177,-1098
120900030,3249,736,2513
120900031,548,117,431
120900032,1723,79,1644
120900033,1764,260,1504
120900034,25,4615,-4590
120900035,33,34,-1
120900037,430,9,421
120900038,200,577,-377
120900039,270,50,220
120900040,485,5,480
120900041,43,12,31
120900042,864,31,833
120900043,160,84,76
120900044,13,559,-546
120900045,74,48,26
120900046,1061,6,1055
120900047,326,187,139
120900048,230,41,189
120900049,646,5,641
120900050,969,2854,-1885
120900051,401,70,331
120900052,1133,5,1128
120900053,650,14,636
120900054,623,264,359
120900055,1014,20,994
120900056,1389,50,1339
120900057,434,25,409
120900058,882,4,878
120900059,187,11,176
120900060,65,34,31
120900061,205,109,96
120900062,473,12,461
120900063,1691,15,1676
120900064,1093,2,1091
120900065,916,3,913
120900066,424,72,352
120900067,285,52,233
120900068,601,0,601
120900069,755,12,743
120900071,19,0,19
120900072,1788,8,1780
120900073,1040,37,1003
120900074,857,28,829
120900076,572,0,572
120900077,1069,86,983
120900078,1018,455,563
120900079,833,45,788
120900080,1641,415,1226
120900081,2212,141,2071
120900082,212,480,-268
120900083,99,1,98
120900084,779,595,184
120900085,68,117,-49
120900086,51,743,-692
120900087,412,385,27
120900088,167,770,-603
120900089,1409,4787,-3378
120900090,304,12,292
120900091,461,1104,-643
120900092,369,276,93
120900093,940,96,844
120900094,239,126,113
120900095,247,20,227
120900096,95,132,-37
120900097,609,408,201
120900098,82,93,-11
120900099,143,67,76
120900100,39,211,-172
120900101,126,135,-9
120900102,93,29,64
120900103,70,226,-156
120900104,9,64,-55
120900105,43,244,-201
120900106,485,169,316
120900107,121,89,32
120900108,31,217,-186
120900109,34,242,-208
120900110,189,283,-94
120900111,146,172,-26
120900112,37,364,-327
120900113,25,257,-232
120900114,39,117,-78
120900115,124,260,-136
120900116,615,134,481
120900117,14,86,-72
120900118,34,219,-185
120900119,10089,2423,7666
120900120,49,409,-360
120900121,31,293,-262
120900122,1014,119,895
120900123,19,110,-91
120900124,1,228,-227
120900125,4,297,-293
120900126,572,527,45
120900127,21,139,-118
120900128,495,979,-484
120900129,30,144,-114
120900130,8,132,-124
120900131,163,65,98
120900132,1453,126,1327
120900133,49,365,-316
120900134,204,265,-61
120900135,17,274,-257
120900136,31,76,-45
120900137,490,61,429
120900138,20,156,-136
120900139,3,238,-235
120900140,4,119,-115
120900141,248,176,72
120900142,5,127,-122
120900143,0,255,-255
120900144,0,51,-51
120900145,113,432,-319
120900146,16,229,-213
120900147,263,422,-159
120900148,178,86,92
120900149,0,76,-76
120900150,68,123,-55
120900151,125,126,-1
120900152,545,21,524
120900153,0,0,0
120900154,2,84,-82
120900155,302,326,-24
120900156,409,126,283
120900157,0,0,0
120900158,67,194,-127
120900159,2,26,-24
120900160,30,328,-298
120900161,88,312,-224
120900162,58,547,-489
120900163,87,1072,-985
120900164,0,82,-82
120900165,1,361,-360
120900166,74,958,-884
120900167,172,76,96
120900169,150,128,22
120900170,268,5219,-4951
120900171,330,166,164
120900172,53,2478,-2425
120900173,10,69,-59
120900174,2,98,-96
120900175,151,73,78
120900176,33,407,-374
120900177,3,2176,-2173
120900178,0,459,-459
120900179,283,238,45
120900180,37,223,-186
120900181,42,21,21
120900182,26,98,-72
120900183,345,36,309
120900184,190,41,149
120900185,1383,2683,-1300
120900186,0,150,-150
120900187,551,876,-325
120900188,325,13,312
120900189,146,4800,-4654
120900190,258,3,255
120900191,43,10,33
120900192,4833,16100,-11267
120900194,79,80,-1
120900195,90,200,-110
120900196,502,74,428
120900197,912,181,731
120900198,231,296,-65
120900199,469,412,57
120900200,27,167,-140
120900201,168,92,76
120900202,1,78,-77
120900203,35,68,-33
120900204,63,138,-75
120900205,73,17,56
120900206,99,34,65
120900207,49,515,-466
121000001,546,2176,-1630
121000002,2549,2230,319
121000003,5144,2544,2600
121000004,2551,3144,-593
121000005,2111,2733,-622
121000006,3425,3346,79
121000007,2395,6946,-4551
121000008,4355,6693,-2338
121000009,4682,9463,-4781
121000010,7215,7823,-608
121000011,7013,12169,-5156
121000012,12668,7527,5141
121000013,7034,8617,-1583
121000014,6078,5886,192
121000015,6726,10723,-3997
121000016,4832,5014,-182
121000017,1863,1915,-52
121000018,3114,1947,1167
121000019,8212,7320,892
121000020,11473,16167,-4694
121000021,1586,1419,167
121000022,2348,3239,-891
121000023,2290,920,1370
121000024,4850,4646,204
121000025,404,1668,-1264
121000026,488,233,255
121000027,2294,1747,547
121000028,940,1206,-266
121000029,845,631,214
121000030,899,482,417
121000031,567,1073,-506
121000032,217,118,99
121000034,378,662,-284
121000035,231,264,-33
121000036,1014,1236,-222
121000037,451,1929,-1478
121000038,367,1188,-821
121000039,201,440,-239
121000041,515,546,-31
121000042,245,395,-150
121000043,637,804,-167
121000044,1515,1434,81
121000045,462,226,236
121000046,906,991,-85
121000047,473,225,248
121000049,936,793,143
121000050,295,2728,-2433
121000051,763,401,362
121000052,498,1500,-1002
121000053,345,193,152
121000054,38,452,-414
121000055,907,4298,-3391
121000056,1045,1549,-504
121000057,177,873,-696
121000058,153,241,-88
121000059,3511,1661,1850
121000060,583,1398,-815
121000061,85,482,-397
121000062,170,1053,-883
121000063,1002,1330,-328
121000064,720,1157,-437
121000065,189,1066,-877
121000066,775,1692,-917
121000067,364,885,-521
121000068,525,600,-75
121000069,142,1318,-1176
121000070,1420,1797,-377
121000071,1619,2448,-829
121000072,1494,1352,142
121000073,1281,2019,-738
121000074,95,327,-232
121000075,17,179,-162
121000076,320,394,-74
121000077,192,226,-34
121000078,109,278,-169
121000080,2305,770,1535
121000081,3905,4219,-314
121000082,107,447,-340
121000083,118,266,-148
121000084,267,265,2
121000085,415,552,-137
121000086,1318,723,595
121000087,56,275,-219
121000088,625,816,-191
121000089,187,679,-492
121000090,215,598,-383
121000091,1303,1047,256
121000092,243,101,142
121000093,250,288,-38
121000094,349,845,-496
121000095,179,1381,-1202
121000096,7133,1778,5355
121000097,668,3272,-2604
121000098,703,529,174
121000099,872,677,195
121000100,1042,179,863
121000101,403,256,147
121000102,348,144,204
121000103,232,147,85
121000104,254,45,209
121000105,404,68,336
121000106,308,179,129
121000107,1556,3099,-1543
121000109,1305,883,422
121000110,146,899,-753
121000114,5548,2731,2817
121000115,4760,1452,3308
121000116,1353,2748,-1395
121000117,229,409,-180
121000118,1739,304,1435
121000119,301,275,26
121000120,528,373,155
121000121,452,1840,-1388
121000123,741,548,193
121000127,156,147,9
121000128,1105,192,913
121000129,1165,282,883
121000130,738,647,91
121000131,1147,920,227
121000132,821,1615,-794
121000135,233,346,-113
121000136,947,1518,-571
121000137,848,427,421
121000138,532,1835,-1303
121000139,259,683,-424
121000141,354,283,71
121000142,585,1004,-419
121000143,171,19,152
121000144,462,1044,-582
121000145,728,1161,-433
121000146,1186,2168,-982
121000147,1113,913,200
121000148,1062,1322,-260
121000149,2349,3027,-678
121000152,295,360,-65
121000153,1596,513,1083
121000154,2302,641,1661
121000155,3015,1375,1640
121000156,379,1391,-1012
121000157,1003,1442,-439
121000158,320,366,-46
121000159,243,446,-203
121000160,299,547,-248
121000161,286,356,-70
121000162,173,98,75
121000165,1427,2317,-890
121000166,34,546,-512
121000168,419,304,115
121000169,73,193,-120
121000170,321,99,222
121000171,96,217,-121
121000172,1264,1385,-121
121000173,2101,1597,504
121000174,838,963,-125
121000175,2221,736,1485
121000176,555,352,203
121000177,846,865,-19
121000178,91,101,-10
121000179,69,77,-8
121000181,427,520,-93
121000182,177,436,-259
121000183,77,142,-65
121000184,62,225,-163
121000185,32,574,-542
121000186,327,985,-658
121000187,257,130,127
121000188,444,89,355
121000192,652,484,168
121000193,835,351,484
121000194,2086,2187,-101
121000195,301,1550,-1249
121000196,611,559,52
121000197,131,2076,-1945
121000198,219,358,-139
121000199,168,318,-150
121000200,745,253,492
121000201,26,404,-378
121000202,765,254,511
121000203,673,2513,-1840
121000204,3386,784,2602
121000205,100,423,-323
121000206,144,132,12
121000207,2610,642,1968
121000208,4,357,-353
121000209,755,97,658
121000210,900,276,624
121000211,495,200,295
121000212,472,652,-180
121000213,21355,3609,17746
121000214,1302,2287,-985
121000215,939,3378,-2439
121000216,677,665,12
121000217,4252,4141,111
121000218,447,3301,-2854
121000219,1755,1035,720
121000220,185,105,80
121000221,208,620,-412
121000222,4320,3621,699
121000223,265,1240,-975
121000224,163,634,-471
121000225,539,5193,-4654
121000226,1084,2098,-1014
121000227,47,182,-135
121000228,48,919,-871
121000229,391,553,-162
121000230,47,3066,-3019
121000231,2019,24,1995
121000232,572,434,138
121000233,664,397,267
121000234,25,60,-35
121000235,42,62,-20
121000236,6,130,-124
121000237,18,21,-3
121000238,5,93,-88
121000239,92,6,86
121000240,5,115,-110
121000241,92,10,82
121000242,37,592,-555
121000243,142,34,108
121000244,2,78,-76
121000245,42,12,30
121000246,2,114,-112
121000247,123,5,118
121000248,361,1353,-992
121000249,73,345,-272
121000250,556,506,50
121000251,21,221,-200
121000252,95,100,-5
121000253,397,412,-15
121000254,1010,194,816
121000255,125,360,-235
121000256,272,287,-15
121000257,36,152,-116
121000258,79,165,-86
121000259,16,130,-114
121000260,77,159,-82
121000261,99,184,-85
121000262,2889,386,2503
121000263,507,429,78
121000271,1826,4011,-2185
121000273,43,21,22
121000274,19,166,-147
121000275,3,7,-4
121000276,20,60,-40
121000278,67,31,36
121000279,20,66,-46
121000280,22,46,-24
121000289,502,34,468
121000290,2081,1848,233
121000294,301,53,248
121000297,441,1359,-918
121000299,154,2752,-2598
121000300,2197,1075,1122
121000302,10,827,-817
121000303,717,211,506
121000304,483,69,414
121000305,324,92,232
121000306,356,303,53
121000308,83,283,-200
121000309,235,413,-178
121000310,142,259,-117
121000311,40,407,-367
121000312,728,557,171
121000313,344,289,55
121000314,153,472,-319
121000315,36,51,-15
121000530,1950,2262,-312
121000531,2211,1850,361
121000532,5851,7219,-1368
121000533,3382,4609,-1227
121000918,38,50,-12
121000919,29,72,-43
121000938,93,125,-32
121000939,28,206,-178
121000956,1744,2270,-526
121000957,2,38,-36
121000958,9,176,-167
121000959,1477,327,1150
121000960,1413,1651,-238
121000961,331,57,274
121000962,896,461,435
121000973,0,245,-245
121000976,7,100,-93
121000979,519,184,335
121000981,402,87,315
121000982,533,255,278
121000983,593,242,351
121000984,11,78,-67
121000985,980,389,591
121000986,431,153,278
121000987,280,574,-294
121000988,1259,156,1103
121001302,311,147,164
121001308,0,76,-76
121001309,29,453,-424
121001313,170,80,90
121001314,1516,1764,-248
121001315,6276,5232,1044
121001326,689,460,229
121900001,196,389,-193
121900002,44,75,-31
121900003,523,7,516
121900004,67,493,-426
121900005,25,7,18
121900006,132,32,100
121900007,2068,1774,294
121900008,51,253,-202
121900009,997,24,973
121900010,295,1,294
121900011,253,190,63
121900012,21,0,21
121900013,260,61,199
121900014,2409,426,1983
121900015,186,150,36
121900016,3,39,-36
121900017,593,770,-177
121900018,697,6,691
121900019,728,188,540
121900020,121,4,117
121900021,937,16,921
121900022,230,275,-45
121900023,143,301,-158
121900024,465,39,426
121900025,528,589,-61
121900026,320,80,240
121900027,442,167,275
121900028,182,9,173
121900029,101,273,-172
121900030,375,635,-260
121900031,1304,6701,-5397
121900032,125,24,101
121900033,229,397,-168
121900034,267,225,42
121900035,6812,3762,3050
121900036,177,489,-312
121900037,115,1611,-1496
121900038,51,50,1
121900039,360,68,292
121900040,41,103,-62
121900041,44,406,-362
121900042,386,236,150
121900043,1,1,0
121900044,75,37,38
121900046,119,200,-81
121900047,247,126,121
121900048,45,59,-14
121900050,22,84,-62
121900051,99,306,-207
121900052,144,45,99
121900053,566,297,269
121900054,291,1988,-1697
121900055,0,11,-11
121900058,378,568,-190
121900059,412,145,267
121900060,109,735,-626
121900062,127,72,55
121900063,1611,645,966
121900064,360,768,-408
121900066,76,7,69
121900067,41,15,26
121900069,210,166,44
121900070,160,232,-72
121900071,784,333,451
121900072,86,185,-99
121900073,208,494,-286
121900074,277,591,-314
121900075,338,1218,-880
121900076,446,1341,-895
121900078,80,9,71
121900079,1,0,1
121900080,920,279,641
121900082,51,229,-178
121900084,20,19,1
121900086,42,52,-10
121900087,78,274,-196
121900088,1268,2145,-877
121900089,290,182,108
121900090,11,62,-51
121900091,97,26,71
121900092,142,106,36
121900093,109,83,26
121900094,25,13,12
121900095,403,129,274
121900096,1031,872,159
121900097,736,150,586
121900098,3,0,3
121900099,305,41,264
121900100,37,299,-262
121900101,108,106,2
121900102,2,78,-76
121900103,366,368,-2
121900104,1821,563,1258
121900105,276,149,127
121900106,4,13,-9
121900107,73,13,60
121900108,0,12,-12
121900109,247,199,48
121900110,743,499,244
121900111,678,307,371
121900112,88,293,-205
121900113,70,445,-375
121900114,38,92,-54
121900117,129,175,-46
121900118,3090,684,2406
121900119,191,66,125
121900120,61,798,-737
121900121,461,42,419
121900122,44,50,-6
121900123,192,466,-274
121900124,304,217,87
121900125,3316,1581,1735
121900127,12,123,-111
121900128,83,67,16
121900129,145,231,-86
121900130,143,277,-134
121900131,290,180,110
121900132,64,118,-54
121900133,12,896,-884
121900134,9,657,-648
121900135,5849,505,5344
121900136,363,192,171
121900137,29,308,-279
121900138,57,199,-142
121900139,368,5603,-5235
121900140,32,178,-146
121900141,66,28,38
121900142,117,63,54
121900143,33,202,-169
121900144,159,1106,-947
121900145,119,217,-98
121900146,422,685,-263
121900147,67,516,-449
121900148,276,459,-183
121900149,267,562,-295
121900150,40,198,-158
121900151,43,525,-482
121900152,155,76,79
121900153,38,299,-261
121900154,15,585,-570
121900155,0,216,-216
121900156,101,224,-123
121900157,0,405,-405
121900158,92,123,-31
121900159,0,199,-199
121900160,1,482,-481
121900161,201,716,-515
121900162,73,198,-125
121900163,559,201,358
121900164,249,449,-200
121900165,185,270,-85
121900166,111,187,-76
121900167,49,87,-38
121900168,106,201,-95
121900169,19,319,-300
121900170,14,107,-93
121900171,895,944,-49
121900172,554,304,250
121900173,770,481,289
121900174,83,49,34
121900175,99,463,-364
121900176,588,2253,-1665
121900177,140,125,15
121900178,51,114,-63
121900179,481,454,27
121900180,1859,5944,-4085
121900182,666,1264,-598
121900183,531,1992,-1461
121900184,37,2005,-1968
121900186,6,790,-784
121900187,23,115,-92
121900188,787,243,544
121900189,54,35,19
121900190,266,499,-233
121900191,97,993,-896
121900192,178,3839,-3661
121900193,72,598,-526
121900194,4,401,-397
121900195,17,41,-24
121900196,964,1252,-288
121900197,335,1086,-751
121900198,5173,3147,2026
121900199,8,67,-59
121900200,97,213,-116
121900201,897,637,260
121900202,158,881,-723
121900203,49,1912,-1863
121900204,1493,1431,62
121900205,22,207,-185
121900206,13,89,-76
121900207,50,55,-5
121900208,97,803,-706
121900209,43,49,-6
121900210,3576,2099,1477
121900211,1245,531,714
121900212,25,139,-114
121900213,368,26,342
121900214,9,452,-443
121900215,56,172,-116
121900216,17,274,-257
121900217,209,268,-59
121900218,140,1378,-1238
121900220,146,12,134
121900221,626,578,48
121900222,356,143,213
121900223,117,185,-68
121900224,105,94,11
121900225,98,252,-154
121900226,260,32,228
121900227,334,2287,-1953
121900228,134,144,-10
121900230,73,360,-287
121900231,41,1417,-1376
121900232,144,510,-366
121900233,468,202,266
121900234,286,257,29
121900235,704,172,532
121900236,411,183,228
121900237,238,925,-687
121900238,224,468,-244
121900239,184,63,121
121900240,165,202,-37
121900241,65,80,-15
121900242,3,0,3
121900243,8,0,8
121900244,13,0,13
121900245,315,92,223
121900246,10131,677,9454
121900248,1946,908,1038
121900250,119,645,-526
121900251,773,25,748
121900252,374,199,175
121900253,122,1691,-1569
121900254,341,583,-242
121900255,664,131,533
121900258,5419,1555,3864
121900259,165,611,-446
121900260,82,77,5
121900261,110,788,-678
121900262,1130,1466,-336
121900263,205,216,-11
121900264,804,898,-94
121900265,360,130,230
121900266,641,100,541
121900267,83,26,57
121900269,187,785,-598
121900270,32,183,-151
121900271,20,199,-179
121900273,424,1919,-1495
121900274,396,349,47
121900277,313,1476,-1163
121900278,104,1860,-1756
121900279,166,253,-87
121900280,98,690,-592
121900281,124,627,-503
121900284,27,4,23
121900286,132,171,-39
121900287,15,28,-13
121900288,5,22,-17
121900290,233,2057,-1824
121900291,416,1448,-1032
121900292,163,203,-40
121900293,708,6614,-5906
121900294,432,5,427
121900295,149,112,37
121900296,118,323,-205
121900298,102,1311,-1209
121900299,0,3,-3
121900300,50,10,40
121900301,44,0,44
121900302,4,97,-93
121900303,170,958,-788
121900304,4,16,-12
121900305,8,12,-4
121900306,242,1,241
121900307,214,9,205
121900308,9,121,-112
121900309,8,75,-67
121900310,22,154,-132
121900311,709,9,700
121900312,609,8,601
121900313,621,24,597
121900314,0,11,-11
121900315,31,1,30
121900316,0,8,-8
121900317,53,8,45
121900318,12,5,7
121900319,56,291,-235
121900320,33,30,3
121900321,21,10,11
121900322,1,2,-1
121900323,96,45,51
121900324,2,31,-29
121900325,24,10,14
121900326,10,9,1
121900327,0,39,-39
121900328,0,42,-42
121900329,3,74,-71
121900330,2,105,-103
121900331,19,30,-11
121900332,56,16,40
121900333,94,0,94
121900334,48,47,1
122000001,1204,7187,-5983
122000002,2132,1446,686
122000003,1076,3086,-2010
122000004,1236,1316,-80
122000005,7381,3004,4377
122000006,688,1864,-1176
122000007,660,2233,-1573
122000008,1130,4417,-3287
122000009,1052,819,233
122000010,3643,4075,-432
122000011,8595,3571,5024
122000012,677,6418,-5741
122000013,605,3137,-2532
122000014,7954,2364,5590
122000015,1121,1102,19
122000016,466,836,-370
122000017,1599,1687,-88
122000018,3090,2916,174
122000019,1150,3093,-1943
122000020,214,661,-447
122000021,208,497,-289
122000022,1716,2459,-743
122000023,1428,2704,-1276
122000024,565,3964,-3399
122000025,630,5050,-4420
122000026,392,1823,-1431
122000027,687,1016,-329
122000028,2269,915,1354
122000029,222,1401,-1179
122000030,173,330,-157
122000031,227,445,-218
122000032,9711,4707,5004
122000033,361,6754,-6393
122000034,310,1288,-978
122000035,214,716,-502
122000036,624,794,-170
122000037,1813,469,1344
122000038,288,735,-447
122000039,693,1730,-1037
122000040,220,407,-187
122000041,1156,1593,-437
122000042,443,1206,-763
122000043,111,277,-166
122000044,79,152,-73
122000045,3428,1632,1796
122000046,1081,2065,-984
122000047,103,327,-224
122000048,2110,3685,-1575
122000049,8415,4159,4256
122000050,693,1437,-744
122000051,168,612,-444
122000052,434,643,-209
122000053,277,1167,-890
122000054,1515,2828,-1313
122000055,1725,4781,-3056
122000056,2990,2983,7
122000057,5846,4845,1001
122000058,895,3030,-2135
122000059,917,6299,-5382
122000060,210,1688,-1478
122000061,169,1237,-1068
122000062,543,308,235
122000063,340,2275,-1935
122000064,3037,10075,-7038
122000065,2461,4569,-2108
122000066,265,1299,-1034
122000067,1160,2440,-1280
122000068,3237,1281,1956
122000069,1836,2089,-253
122000070,1152,1693,-541
122000071,5854,1502,4352
122000072,2044,1443,601
122000073,224,3211,-2987
122000074,2596,1720,876
122000075,1287,1052,235
122000076,14344,3107,11237
122000077,630,3569,-2939
122000078,578,7320,-6742
122000079,201,4236,-4035
122000080,428,1132,-704
122000081,101,290,-189
122000082,262,1868,-1606
122000083,7088,871,6217
122000084,7297,1881,5416
122000085,312,1111,-799
122000086,3950,8774,-4824
122000087,260,375,-115
122000088,72,329,-257
122000089,8518,2974,5544
122000090,377,1837,-1460
122000091,92,773,-681
122000092,44,154,-110
122000093,1879,6314,-4435
122000094,8157,3613,4544
122000095,649,5807,-5158
122000096,333,3172,-2839
122000098,4732,4998,-266
122000099,643,2639,-1996
122000100,632,968,-336
122000101,325,484,-159
122000102,3976,1167,2809
122000103,1325,1949,-624
122000104,2985,199,2786
122000105,513,823,-310
122000106,494,3173,-2679
122000107,1354,571,783
122000108,789,940,-151
122000109,562,376,186
122000110,937,835,102
122000111,5367,1755,3612
122000112,2596,1803,793
122000113,953,1204,-251
122000114,1799,4235,-2436
122000115,2402,1528,874
122000116,347,627,-280
122000117,1260,394,866
122000118,708,649,59
122000119,2455,1919,536
122000120,785,3051,-2266
122000121,611,1815,-1204
122000122,265,716,-451
122000123,1100,1549,-449
122000124,670,524,146
122000125,383,427,-44
122000126,287,640,-353
122000127,356,566,-210
122000128,222,406,-184
122000129,426,2051,-1625
122000130,2347,1214,1133
122000131,901,1147,-246
122000132,242,454,-212
122000133,804,948,-144
122000134,984,578,406
122000135,418,326,92
122000136,890,568,322
122000137,2210,1018,1192
122000139,929,3989,-3060
122000140,325,2128,-1803
122000141,5476,3246,2230
122000142,96,3263,-3167
122000143,252,565,-313
122000144,1392,1167,225
122000145,635,1309,-674
122000146,368,4814,-4446
122000147,555,1066,-511
122000148,499,1859,-1360
122000149,1502,1161,341
122000150,1431,1086,345
122000151,134,362,-228
122000152,344,397,-53
122000153,424,524,-100
122000154,315,245,70
122000155,1600,2763,-1163
122000156,10673,5653,5020
122000157,692,10621,-9929
122000158,249,989,-740
122000159,584,1363,-779
122000160,1870,1840,30
122000161,1014,1093,-79
122000162,985,1635,-650
122000163,452,255,197
122000164,88,379,-291
122000165,1514,2206,-692
122000166,1019,3308,-2289
122000167,347,556,-209
122000168,199,1426,-1227
122000169,464,306,158
122000170,344,386,-42
122000171,38,95,-57
122000172,2659,1604,1055
122000173,1763,3687,-1924
122000174,1553,2303,-750
122000175,819,469,350
122000176,290,1752,-1462
122000177,948,2012,-1064
122000178,8137,4377,3760
122000179,4130,5147,-1017
122000180,640,1236,-596
122000181,915,2321,-1406
122000182,2016,1273,743
122000183,3656,1408,2248
122000184,3665,4694,-1029
122000185,1127,5120,-3993
122000186,948,3312,-2364
122000187,1867,1969,-102
122000188,456,469,-13
122000189,184,542,-358
122000190,790,3080,-2290
122000191,755,1056,-301
122000192,1219,495,724
122000193,381,979,-598
122000194,473,298,175
122000195,106,1131,-1025
122000196,875,367,508
122000197,503,704,-201
122000198,488,3130,-2642
122000199,317,618,-301
122000200,1187,913,274
122000201,1467,3908,-2441
122000202,935,3388,-2453
122000203,2276,1449,827
122000204,1030,1262,-232
122000205,540,895,-355
122000206,6450,1421,5029
122000207,1905,1993,-88
122000208,2200,3009,-809
122000209,2408,956,1452
122000210,2032,3408,-1376
122000211,979,2197,-1218
122000212,849,646,203
122000213,1038,1759,-721
122000214,1821,1850,-29
122000215,2548,2220,328
122000217,1648,3526,-1878
122000218,913,96,817
122000219,1452,1181,271
122000220,313,865,-552
122000221,134,303,-169
122000222,584,154,430
122000223,943,1008,-65
122000225,576,580,-4
122000226,1238,1534,-296
122000227,180,1673,-1493
122000228,297,338,-41
122000229,22,427,-405
122000230,62,428,-366
122000231,251,732,-481
122000232,453,769,-316
122000233,0,73,-73
122000234,467,64,403
122000235,961,88,873
122000236,1285,42,1243
122000237,125,76,49
122000238,297,347,-50
122000239,776,193,583
122000240,1486,739,747
122000241,2148,490,1658
122000242,765,216,549
122000243,562,45,517
122000244,83,269,-186
122000245,106,86,20
122000246,523,222,301
122000247,555,247,308
122000248,908,736,172
122000249,1659,1121,538
122000250,2059,1390,669
122000251,87,291,-204
122000252,168,133,35
122000253,66,181,-115
122000254,288,78,210
122000255,502,657,-155
122000256,251,439,-188
122000257,211,135,76
122000258,289,322,-33
122000259,42,330,-288
122000260,299,581,-282
122000261,20,348,-328
122000262,2,44,-42
122000263,248,378,-130
122000264,1565,441,1124
122000265,2959,1303,1656
122000266,4238,776,3462
122000267,236,168,68
122000268,167,523,-356
122000269,853,521,332
122000270,427,247,180
122000271,295,2559,-2264
122000272,412,1638,-1226
122000273,469,694,-225
122000274,300,261,39
122000275,262,223,39
122000276,1009,417,592
122000277,1148,1620,-472
122000278,2216,336,1880
122000279,206,186,20
122000280,606,374,232
122000281,565,529,36
122000282,199,425,-226
122000283,149,189,-40
122000284,100,84,16
122000285,265,62,203
122000286,50,150,-100
122000287,1760,1273,487
122000288,501,278,223
122000291,3434,877,2557
122000293,132,89,43
122000294,190,363,-173
122000295,1203,176,1027
122000296,18,1060,-1042
122000297,1815,4311,-2496
122000299,603,535,68
122000300,417,364,53
122000301,7105,3954,3151
122000302,437,2809,-2372
122000303,1825,859,966
122000304,53,227,-174
122000305,1586,799,787
122000306,103,340,-237
122000307,93,154,-61
122000309,56,22,34
122000310,25,90,-65
122000311,67,100,-33
122000312,118,402,-284
122000313,79,93,-14
122000314,152,506,-354
122000315,328,44,284
122000316,1270,328,942
122000317,2509,336,2173
122000318,312,771,-459
122000319,118,491,-373
122000320,338,937,-599
122000321,74,112,-38
122000322,1946,2475,-529
122000323,645,4927,-4282
122000324,2400,3296,-896
122000325,735,6909,-6174
122000326,226,66,160
122000327,380,1257,-877
122000328,550,421,129
122000330,3374,2770,604
122000333,28,48,-20
122000337,1016,384,632
122000338,582,299,283
122000340,160,4894,-4734
122000342,1665,655,1010
122000343,491,424,67
122000344,90,22,68
122000345,191,37,154
122000346,160,180,-20
122000348,769,757,12
122000349,64,408,-344
122000351,243,345,-102
122000352,287,199,88
122000353,194,96,98
122000355,125,268,-143
122000356,408,3111,-2703
122000357,72,17,55
122000358,1,13,-12
122000359,0,16,-16
122000360,2,26,-24
122000362,3,23,-20
122000364,296,189,107
122000365,2,39,-37
122000366,41,5,36
122000368,507,824,-317
122000370,28,7,21
122000371,14,2,12
122000372,6,1,5
122000381,195,425,-230
122000382,69,231,-162
122000384,1454,1583,-129
122000385,42,1,41
122000386,159,2531,-2372
122000387,504,1901,-1397
122000388,985,1724,-739
122000389,207,2347,-2140
122000390,365,457,-92
122000391,154,1654,-1500
122000392,208,160,48
122000393,325,258,67
122000394,708,190,518
122000395,107,144,-37
122000396,339,109,230
122000397,21,37,-16
122000398,8,97,-89
122000399,132,79,53
122000400,47,1682,-1635
122000401,157,59,98
122000402,472,195,277
122000403,357,321,36
122000404,254,186,68
122000408,662,913,-251
122000503,11,101,-90
122000524,67,429,-362
122000544,69,2775,-2706
122000614,461,595,-134
122000616,197,1,196
122000640,112,79,33
122000641,195,147,48
122000642,1410,541,869
122000643,26,202,-176
122000644,94,35,59
122000645,39,176,-137
122000651,520,3935,-3415
122000664,159,51,108
122000665,1495,611,884
122000666,531,1181,-650
122000673,70,158,-88
122000674,423,135,288
122000675,1980,578,1402
122000686,412,2429,-2017
122000687,1706,393,1313
122000688,333,323,10
122000689,1172,132,1040
122000690,3516,154,3362
122000691,1067,524,543
122000692,1328,176,1152
122000693,410,845,-435
122000695,247,142,105
122000696,752,108,644
122000698,551,324,227
122000699,262,42,220
122000701,2132,240,1892
122000702,414,1323,-909
122000703,247,106,141
122000712,0,0,0
122000717,226,166,60
122000718,654,3363,-2709
122000719,126,106,20
122000720,998,72,926
122000724,182,289,-107
122900001,41,16,25
122900002,634,7069,-6435
122900003,418,25,393
122900004,1630,88,1542
122900005,76,81,-5
122900006,236,658,-422
122900007,50,128,-78
122900008,168,180,-12
122900009,1261,384,877
122900010,351,125,226
122900012,148,411,-263
122900014,107,106,1
122900015,773,1160,-387
122900016,162,200,-38
122900017,258,1577,-1319
122900018,179,8,171
122900020,105,333,-228
122900021,28,254,-226
122900022,1262,809,453
122900023,373,98,275
122900024,103,135,-32
122900025,16,302,-286
122900026,27,138,-111
122900027,27,536,-509
122900028,65,91,-26
122900029,7181,2397,4784
122900030,2836,511,2325
122900031,52,458,-406
122900032,735,357,378
122900033,172,201,-29
122900034,3732,4331,-599
122900035,25,9,16
122900036,66,43,23
122900037,518,168,350
122900038,143,3485,-3342
122900039,56,438,-382
122900040,220,1712,-1492
122900041,175,371,-196
122900042,127,358,-231
122900043,256,258,-2
122900044,117,309,-192
122900045,166,343,-177
122900046,125,342,-217
122900047,143,204,-61
122900048,38,216,-178
122900049,3326,192,3134
122900051,43,614,-571
122900052,184,84,100
122900053,20,33,-13
122900055,228,49,179
122900057,268,60,208
122900061,450,80,370
122900062,524,675,-151
122900063,224,129,95
122900064,673,462,211
122900065,609,225,384
122900066,744,252,492
122900067,563,378,185
122900069,357,1467,-1110
122900070,436,44,392
122900071,132,207,-75
122900073,16,90,-74
122900074,835,124,711
122900075,0,69,-69
122900076,2,290,-288
122900077,11,54,-43
122900078,273,21,252
122900080,34,70,-36
122900081,149,131,18
122900082,1138,154,984
122900083,109,76,33
122900084,10,107,-97
122900086,17,103,-86
122900087,645,360,285
122900088,38,1004,-966
122900089,190,125,65
122900090,2,376,-374
122900091,321,3,318
122900092,0,59,-59
122900093,0,102,-102
122900094,2,97,-95
122900095,221,34,187
122900096,478,65,413
122900097,24,44,-20
122900098,22,143,-121
122900099,186,26,160
122900100,53,806,-753
122900101,496,377,119
122900102,57,42,15
122900103,395,10,385
122900104,340,6,334
122900105,37,34,3
122900106,0,22,-22
122900107,3,36,-33
122900108,2,111,-109
122900109,353,85,268
123000001,681,1953,-1272
123000002,2658,8540,-5882
123000003,5031,4468,563
123000004,3000,4143,-1143
123000005,3537,3010,527
123000006,2661,2155,506
123000007,4833,2936,1897
123000008,2798,2826,-28
123000009,4171,3225,946
123000010,3370,4724,-1354
123000011,1601,2399,-798
123000012,875,5578,-4703
123000013,4867,1991,2876
123000014,914,4326,-3412
123000015,2230,1538,692
123000016,2827,2919,-92
123000017,4824,2018,2806
123000018,106,119,-13
123000019,779,69,710
123000020,465,45,420
123000021,316,235,81
123000022,435,2284,-1849
123000023,2482,2726,-244
123000024,1895,1237,658
123000025,428,119,309
123000026,52,191,-139
123000027,55,1091,-1036
123000028,750,1809,-1059
123000029,438,1566,-1128
123000030,270,79,191
123000031,304,134,170
123000032,779,108,671
123000033,442,175,267
123000034,1289,858,431
123000035,460,621,-161
123000036,360,1684,-1324
123000037,160,139,21
123000038,62,428,-366
123000039,549,1962,-1413
123000040,338,192,146
123000041,905,2420,-1515
123000042,508,1516,-1008
123000043,1588,17620,-16032
123000044,2613,1971,642
123000045,4326,2151,2175
123000046,265,1567,-1302
123000047,672,1639,-967
123000048,61,1652,-1591
123000049,5505,9914,-4409
123000050,2300,1722,578
123000051,100,215,-115
123000052,772,3504,-2732
123000053,2222,3230,-1008
123000054,2604,1682,922
123000055,2275,5675,-3400
123000056,1150,741,409
123000057,3829,5447,-1618
123000058,661,1492,-831
123000059,284,387,-103
123000060,1262,453,809
123000061,260,681,-421
123000063,1345,1096,249
123000064,1738,258,1480
123000065,3735,2167,1568
123000066,477,570,-93
123000067,1126,464,662
123000068,1656,2183,-527
123000069,3119,1292,1827
123000070,198,534,-336
123000071,2219,805,1414
123000072,1243,467,776
123000073,2945,1081,1864
123000074,1475,1033,442
123000075,615,2016,-1401
123000076,856,552,304
123000077,2672,1501,1171
123000078,3484,1546,1938
123000079,2946,1679,1267
123000080,2730,1008,1722
123000081,199,264,-65
123000082,384,1059,-675
123000083,1294,291,1003
123000084,1095,448,647
123000085,596,128,468
123000086,1227,69,1158
123000087,513,307,206
123000088,1452,598,854
123000089,1267,1040,227
123000090,1868,966,902
123000091,1984,1488,496
123000092,1160,1277,-117
123000094,848,212,636
123000095,1144,569,575
123000096,1592,337,1255
123000097,974,352,622
123000098,1247,394,853
123000099,783,344,439
123000100,255,826,-571
123000101,359,533,-174
123000102,659,988,-329
123000104,555,975,-420
123000105,319,503,-184
123000106,635,542,93
123000107,339,440,-101
123000108,445,1333,-888
123000111,1450,445,1005
123000112,1462,487,975
123000113,737,715,22
123000114,401,699,-298
123000115,284,327,-43
123000116,66,99,-33
123000117,1834,963,871
123000118,546,501,45
123000119,212,520,-308
123000120,314,472,-158
123000121,673,864,-191
123000122,475,342,133
123000123,662,766,-104
123000124,452,385,67
123000125,1686,1509,177
123000126,1404,5320,-3916
123000127,562,736,-174
123000128,276,370,-94
123000129,846,247,599
123000130,1127,108,1019
123000131,1796,1236,560
123000132,315,602,-287
123000133,167,316,-149
123000134,302,111,191
123000135,2766,1001,1765
123000136,192,321,-129
123000137,124,174,-50
123000138,129,188,-59
123000139,628,134,494
123000140,52,308,-256
123000141,624,134,490
123000142,1203,774,429
123000143,725,1620,-895
123000144,9,13,-4
123000145,144,236,-92
123000146,24,191,-167
123000147,48,214,-166
123000149,342,344,-2
123000150,172,271,-99
123000151,152,766,-614
123000152,39,266,-227
123000153,124,764,-640
123000154,1135,2501,-1366
123000155,1762,1396,366
123000156,16,135,-119
123000157,568,704,-136
123000158,396,857,-461
123000159,2949,3789,-840
123000160,1313,1227,86
123000161,1685,1318,367
123000162,1433,1726,-293
123000163,829,220,609
123000164,2407,226,2181
123000165,333,838,-505
123000166,26,69,-43
123000167,125,152,-27
123000168,325,130,195
123000169,1058,147,911
123000170,117,43,74
123000171,1110,10,1100
123000172,122,397,-275
123000173,785,413,372
123000174,831,469,362
123000175,354,766,-412
123000176,995,282,713
123000177,221,740,-519
123000178,1108,158,950
123000179,43,335,-292
123000180,1801,398,1403
123000181,238,558,-320
123000182,303,145,158
123000183,192,478,-286
123000184,73,399,-326
123000185,1117,398,719
123000186,31,383,-352
123000187,676,20,656
123000188,525,23,502
123000189,96,8,88
123000190,35,137,-102
123000192,38,234,-196
123000193,65,529,-464
123000194,89,174,-85
123000195,529,31,498
123000196,517,63,454
123000197,196,62,134
123000198,19,630,-611
123000199,15,455,-440
123000200,806,17,789
123000201,1448,23,1425
123000202,28,407,-379
123000203,1389,69,1320
123000204,89,381,-292
123000205,195,505,-310
123000206,2652,328,2324
123000207,100,343,-243
123000208,803,490,313
123000209,2674,799,1875
123000210,293,1315,-1022
123000211,314,1315,-1001
123000212,4296,444,3852
123000213,618,58,560
123000215,125,247,-122
123000216,152,1177,-1025
123000217,205,47,158
123000218,50,705,-655
123000219,679,107,572
123000220,544,66,478
123000221,161,221,-60
123000222,317,240,77
123000223,494,118,376
123000224,423,251,172
123000225,291,57,234
123000226,102,389,-287
123000227,122,208,-86
123000228,352,65,287
123000229,689,1045,-356
123000232,87,428,-341
123000233,949,102,847
123000234,226,417,-191
123000235,1439,272,1167
123000236,270,419,-149
123000237,555,120,435
123000238,46,339,-293
123000239,370,490,-120
123000240,110,1249,-1139
123000241,358,96,262
123000242,115,348,-233
123000243,824,866,-42
123000244,656,447,209
123000245,47,159,-112
123000249,2206,599,1607
123000252,1017,420,597
123000253,1618,653,965
123000254,584,599,-15
123000255,1100,781,319
123000256,23,143,-120
123000257,2008,930,1078
123000258,1206,451,755
123000259,807,526,281
123000260,728,250,478
123000261,299,189,110
123000262,88,103,-15
123000263,602,103,499
123000264,168,134,34
123000265,46,83,-37
123000266,423,417,6
123000267,651,293,358
123000268,25,39,-14
123000269,98,113,-15
123000270,39,86,-47
123000271,46,52,-6
123000272,865,381,484
123000273,242,1309,-1067
123000274,1051,945,106
123000275,242,774,-532
123000278,1594,3152,-1558
123000279,151,77,74
123000280,362,211,151
123000281,391,153,238
123000282,69,326,-257
123000283,260,120,140
123000284,46,61,-15
123000286,100,567,-467
123000287,316,410,-94
123000288,993,1190,-197
123000289,197,1474,-1277
123000291,156,925,-769
123000294,183,310,-127
123000295,665,1339,-674
123000296,861,599,262
123000297,994,327,667
123000298,1253,162,1091
123000299,405,306,99
123000300,1872,1513,359
123000301,169,521,-352
123000302,113,77,36
123000303,60,340,-280
123000305,1120,1086,34
123000306,276,76,200
123000309,15,83,-68
123000310,36,61,-25
123000311,7,78,-71
123000312,576,413,163
123000313,736,558,178
123000315,93,207,-114
123000316,855,724,131
123000317,250,72,178
123000318,74,176,-102
123000329,10,19,-9
123000337,362,617,-255
123000338,131,197,-66
123000339,447,46,401
123000340,95,168,-73
123000342,20,128,-108
123000343,112,46,66
123000344,533,225,308
123000345,412,478,-66
123000346,691,40,651
123000352,1235,881,354
123000353,118,142,-24
123000354,367,27,340
123000355,1,270,-269
123000356,553,3,550
123000357,2,95,-93
123000359,28,69,-41
123000360,232,103,129
123000361,238,157,81
123000362,470,61,409
123000363,91,106,-15
123000364,445,589,-144
123000365,27,501,-474
123000366,286,3104,-2818
123000367,385,536,-151
123000370,46,694,-648
123000371,490,115,375
123000372,429,52,377
123000373,9,198,-189
123000374,9,117,-108
123000375,530,49,481
123000376,1034,1042,-8
123000377,556,21,535
123000378,15,223,-208
123000379,4,269,-265
123000380,7,147,-140
123000381,42,89,-47
123000382,438,150,288
123000383,145,848,-703
123000384,588,119,469
123000385,195,624,-429
123000436,33,1466,-1433
123000507,147,204,-57
123000508,292,1858,-1566
123000517,284,33,251
123000518,12,136,-124
123000519,203,99,104
123000520,46,110,-64
123000521,810,128,682
123000522,170,193,-23
123000541,13,3,10
123000542,0,4,-4
123000565,906,64,842
123000566,388,123,265
123000567,761,100,661
123000573,56,463,-407
123000574,906,63,843
123000575,1862,676,1186
123000576,715,944,-229
123000577,95,772,-677
123000578,389,172,217
123000579,1147,9226,-8079
123000580,268,122,146
123000582,435,34,401
123000583,11,301,-290
123000584,195,360,-165
123000585,0,40,-40
123000586,160,2,158
123000596,66,117,-51
123000597,53,309,-256
123000602,113,12,101
123000603,1458,422,1036
123000604,774,321,453
123000605,907,72,835
123000606,1,562,-561
123000609,15,409,-394
123000610,93,63,30
123000613,53,128,-75
123000614,320,29,291
123000615,105,126,-21
123000616,911,32,879
123000617,139,85,54
123000618,22,488,-466
123000619,388,69,319
123000620,27,352,-325
123000622,443,15,428
123000624,246,60,186
123000630,2536,578,1958
123000631,235,529,-294
123000632,806,926,-120
123000633,1,230,-229
123000634,71,412,-341
123000635,51,143,-92
123000636,53,392,-339
123000637,318,28,290
123000638,555,31,524
123000639,652,6339,-5687
123000640,6,306,-300
123000648,740,120,620
123000649,64,428,-364
123000650,130,55,75
123000651,25,114,-89
123000652,154,7,147
123000653,27,56,-29
123000654,41,152,-111
123900001,965,30,935
123900002,12,1248,-1236
123900003,128,410,-282
123900005,258,228,30
123900006,411,86,325
124000001,1580,98,1482
124000002,11,1068,-1057
124000003,1113,101,1012
124000004,62,367,-305
124000005,1248,535,713
124000006,105,379,-274
124000007,501,91,410
124000008,20,403,-383
124000009,1122,180,942
124000010,311,239,72
124000011,903,296,607
124000012,179,187,-8
124000017,288,137,151
124000018,100,65,35
124000019,214,173,41
124000020,32,97,-65
124000021,177,98,79
124000022,59,145,-86
124000023,583,227,356
124000024,1036,384,652
124000025,779,511,268
124000026,692,308,384
124000027,1010,757,253
124000028,1288,534,754
124000031,1491,4141,-2650
124000032,837,493,344
124000033,1007,661,346
124000034,380,691,-311
124000035,392,268,124
124000036,261,273,-12
124000037,301,946,-645
124000038,10,98,-88
124000039,281,295,-14
124000040,174,872,-698
124000041,443,108,335
124000042,74,320,-246
124000043,94,124,-30
124000044,93,134,-41
124000045,1111,202,909
124000046,176,367,-191
124000047,1632,453,1179
124000048,580,417,163
124000049,2253,430,1823
124000050,724,859,-135
124000051,1445,413,1032
124000052,763,439,324
124000053,690,2237,-1547
124000054,707,362,345
124000055,1190,5078,-3888
124000056,1214,676,538
124000057,1630,530,1100
124000058,536,538,-2
124000059,1422,1601,-179
124000060,568,484,84
124000061,1554,7474,-5920
124000062,2224,1271,953
124000063,1162,1052,110
124000064,1514,981,533
124000065,100,568,-468
124000066,285,130,155
124000067,145,64,81
124000068,115,91,24
124000069,696,129,567
124000070,283,175,108
124000071,204,153,51
124000072,185,233,-48
124000073,1025,139,886
124000074,158,385,-227
124000075,378,21,357
124000076,21,44,-23
124000077,307,501,-194
124000078,1154,1144,10
124000079,110,963,-853
124000080,972,227,745
124000081,162,315,-153
124000082,119,244,-125
124000083,44,124,-80
124000084,49,1004,-955
124000085,81,72,9
124000086,13,182,-169
124000087,112,115,-3
124000088,65,522,-457
124000089,793,215,578
124000090,164,165,-1
124000091,636,108,528
124000092,251,423,-172
124000093,170,149,21
124000094,123,387,-264
124000095,110,111,-1
124000096,198,146,52
124000097,186,121,65
124000098,96,84,12
124000099,257,109,148
124000100,87,165,-78
124000101,176,142,34
124000102,130,38,92
124000103,244,204,40
124000104,179,35,144
124000105,314,164,150
124000106,164,40,124
124000107,37,363,-326
124000108,40,24,16
124000109,179,124,55
124000110,95,74,21
124000111,232,89,143
124000112,998,463,535
124000113,125,152,-27
124000114,350,257,93
124000115,230,734,-504
124000116,119,222,-103
124000117,32,126,-94
124000118,33,83,-50
124000119,1061,859,202
124000120,509,756,-247
124000121,1649,755,894
124000122,422,1222,-800
124000123,1025,441,584
124000124,275,594,-319
124000125,468,331,137
124000126,336,345,-9
124000127,1222,342,880
124000128,481,441,40
124000129,1868,1478,390
124000130,395,437,-42
124000131,742,729,13
124000132,448,610,-162
124000133,1358,929,429
124000134,817,641,176
124000135,1475,1819,-344
124000136,540,807,-267
124000137,810,869,-59
124000138,784,904,-120
124000139,494,136,358
124000140,37,470,-433
124000141,1024,47,977
124000142,37,368,-331
124000143,165,8,157
124000144,5,115,-110
124000145,187,32,155
124000146,25,52,-27
124000148,11,75,-64
124000149,982,398,584
124000150,204,506,-302
124000151,1132,433,699
124000152,641,949,-308
124000153,1081,934,147
124000154,305,634,-329
124000155,1424,756,668
124000156,818,790,28
124000169,164,597,-433
124000170,791,596,195
124000171,369,294,75
124000172,315,473,-158
124000173,828,177,651
124000174,431,483,-52
124000175,3,28,-25
124000176,85,23,62
124000177,1,19,-18
124000178,57,37,20
124000185,72,15,57
124000186,6,23,-17
124000187,1,63,-62
124000188,110,4,106
124000190,59,93,-34
124000191,35,407,-372
124000192,911,520,391
124000193,179,2462,-2283
124000194,260,327,-67
124000195,337,519,-182
124000196,741,713,28
124000197,53,69,-16
124000198,83,77,6
124000201,108,556,-448
124000202,654,134,520
124000203,591,184,407
124000204,1243,166,1077
124000205,100,165,-65
124000206,1008,213,795
124000207,1,17,-16
124000209,236,92,144
124000210,970,148,822
124000211,887,4,883
124000212,0,136,-136
124000213,747,128,619
124000214,591,268,323
124000215,532,12,520
124000216,6,145,-139
124000329,77,435,-358
124000338,100,227,-127
124000339,1516,97,1419
124000341,1848,48,1800
124000344,84,28,56
124000357,1871,3933,-2062
124000358,1474,3102,-1628
124000359,1295,1072,223
124000360,1130,575,555
124000361,1369,883,486
124000362,927,1546,-619
124000363,346,346,0
124000364,529,466,63
124000365,730,933,-203
124000366,2261,1376,885
124000367,89,181,-92
124000368,541,618,-77
124000369,39,89,-50
124000370,64,518,-454
124000402,27,14,13
124000403,203,16,187
124000404,16,31,-15
124000405,861,555,306
124000406,438,384,54
124000407,2,8,-6
124000411,7,136,-129
124000412,453,5,448
124000413,48,118,-70
124000414,155,102,53
124000415,74,33,41
124000416,103,149,-46
124000417,357,139,218
124000418,395,52,343
124000419,161,33,128
124000420,174,28,146
124000421,50,33,17
124000422,24,21,3
124000423,111,28,83
124000424,5,37,-32
124000425,126,14,112
124000426,1,80,-79
124000427,239,2,237
124000428,9,319,-310
124000429,86,17,69
124000430,818,323,495
124000431,356,199,157
124000432,234,609,-375
124000439,43,0,43
124000443,0,0,0
124000445,187,3287,-3100
124000446,645,392,253
124000447,29,137,-108
124000448,309,18,291
124000449,288,19,269
124000450,18,45,-27
124000451,1,33,-32
124000452,410,83,327
124000453,2197,3353,-1156
124000454,1268,3899,-2631
124000457,0,53,-53
124000458,4,54,-50
124900001,1002,337,665
124900002,282,175,107
124900003,1428,353,1075
124900004,1320,204,1116
124900005,184,56,128
124900006,1107,192,915
124900008,676,427,249
124900009,59,369,-310
124900010,133,150,-17
124900011,629,316,313
124900012,394,120,274
124900013,581,103,478
124900014,280,49,231
124900015,127,291,-164
124900016,52,81,-29
124900017,358,2878,-2520
124900018,83,7,76
124900020,97,65,32
124900021,327,50,277
124900022,35,20,15
124900024,446,14,432
124900026,37,28,9
124900027,123,416,-293
124900028,215,99,116
124900029,23,538,-515
124900030,1,42,-41
124900031,19,169,-150
124900032,133,137,-4
124900033,108,121,-13
124900034,3,83,-80
124900035,146,269,-123
124900036,1,57,-56
124900037,153,160,-7
124900038,81,152,-71
124900039,15,89,-74
124900040,163,58,105
124900041,354,394,-40
124900042,69,0,69
124900043,665,374,291
124900044,113,1,112
124900045,228,1036,-808
124900047,42,92,-50
124900048,310,64,246
124900050,256,67,189
124900052,101,205,-104
124900053,142,175,-33
124900054,851,367,484
124900055,1,142,-141
124900057,5,117,-112
124900060,43,176,-133
124900061,85,3,82
124900062,186,29,157
124900066,0,10,-10
124900067,2,73,-71
124900068,130,535,-405
124900070,31,14,17
124900072,130,37,93
124900075,531,158,373
124900076,31,2292,-2261
124900077,14,40,-26
124900078,86,13,73
124900079,232,265,-33
124900080,472,257,215
124900081,1496,218,1278
124900082,420,417,3
124900083,350,338,12
124900085,470,391,79
124900086,14,1221,-1207
124900087,223,67,156
124900088,111,72,39
124900089,504,11,493
124900090,607,215,392
124900091,273,98,175
124900092,212,129,83
124900093,541,139,402
124900094,756,202,554
124900095,98,564,-466
124900096,319,111,208
124900097,526,65,461
124900098,179,157,22
124900099,126,465,-339
124900100,383,35,348
124900101,174,218,-44
124900102,299,18,281
124900103,224,113,111
124900104,26,107,-81
124900105,140,87,53
124900106,253,29,224
124900107,103,11,92
124900108,145,123,22
124900111,0,253,-253
124900112,119,124,-5
124900113,51,269,-218
124900114,50,174,-124
124900115,35,18,17
124900116,248,283,-35
124900117,153,243,-90
124900118,66,1014,-948
124900119,332,154,178
124900120,34,133,-99
124900121,64,389,-325
124900122,111,146,-35
124900123,191,73,118
124900124,35,417,-382
124900125,222,1,221
124900126,1,180,-179
204000001,211,22,189
204000002,33,18,15
204000003,11,11,0
204000004,1,4,-3
204000005,648,459,189
204000006,1211,1362,-151
204000011,18,44,-26
204000012,46,102,-56
204000019,1432,356,1076
204000020,1273,1491,-218
204000021,3962,1044,2918
204000022,1344,559,785
204000023,541,421,120
204000031,32,17,15
204000032,292,17,275
204000034,94,93,1
204000035,0,1,-1
204000036,2,18,-16
204000037,2,53,-51
204000038,0,8,-8
204000039,4,6,-2
204000040,2,5,-3
204000041,5,15,-10
204000042,19,14,5
204000043,37,6,31
204000044,47,1,46
204000045,43,3,40
204000046,19,1,18
204000057,7,2,5
204000062,46,33,13
204000068,49,660,-611
204000069,151,516,-365
204000070,73,113,-40
204000080,77,101,-24
204000085,1374,961,413
204000086,1960,1148,812
204000087,86,21,65
204000088,9,85,-76
204000090,214,219,-5
204000093,536,110,426
204000096,1564,903,661
204000097,518,25,493
204000099,1392,2220,-828
204000100,1959,1573,386
204000105,1179,665,514
204000110,333,1144,-811
204000111,569,650,-81
204000112,557,3564,-3007
204000113,317,1499,-1182
204000114,1098,1426,-328
204000115,1431,562,869
204000116,818,3185,-2367
204000119,2482,2022,460
204000132,775,518,257
204000133,906,166,740
204000134,181,59,122
204000135,725,146,579
204000136,410,166,244
204000138,400,699,-299
204000140,209,113,96
204000141,159,51,108
204000144,14,12,2
204000145,479,44,435
204000146,21,199,-178
204000147,27,240,-213
204000148,297,38,259
204000154,1,2,-1
204000155,0,3,-3
204000177,70,36,34
204000179,36,21,15
204000180,0,39,-39
204000222,3,6,-3
204000235,51,11,40
204000236,31,234,-203
204000238,7,34,-27
204000240,286,76,210
204000263,573,844,-271
204000268,700,433,267
204000308,169,32,137
204000317,23,65,-42
204000322,27,52,-25
204000323,8,6,2
204000328,184,91,93
204000329,118,222,-104
204000330,218,72,146
204000331,284,208,76
205000001,687,1089,-402
205000013,19,72,-53
205000014,42,75,-33
205000015,34,54,-20
205000016,22,85,-63
205000017,49,54,-5
205000022,260,545,-285
205000025,1337,694,643
205000029,455,21,434
205000045,215,534,-319
205000046,146,874,-728
205000047,92,343,-251
205000048,497,400,97
205000049,174,441,-267
205000050,1135,272,863
205000059,0,194,-194
205000060,0,220,-220
205000061,4,429,-425
205000062,1,664,-663
205000063,35,738,-703
205000064,33,182,-149
205000065,186,599,-413
205000066,152,412,-260
205000067,97,446,-349
205000069,313,24,289
205000082,154,174,-20
205000110,108,196,-88
205000111,182,179,3
205000112,178,187,-9
205000113,93,173,-80
205000121,162,60,102
205000123,41,142,-101
205000126,703,98,605
205000127,939,158,781
205000128,559,53,506
205000129,898,67,831
205000130,71,25,46
205000131,28,8,20
205000132,87,1,86
205000133,43,1,42
205000134,276,1,275
205000137,167,59,108
205000138,149,114,35
205000139,39,62,-23
205000144,115,89,26
205000145,367,116,251
205000151,153,27,126
205000152,163,19,144
205000153,216,30,186
205000154,83,37,46
205000155,198,10,188
205000207,10,119,-109
205000233,30,0,30
205000234,0,2,-2
205000243,1,0,1
205000244,1,2,-1
205000245,7,262,-255
205000249,0,14,-14
205000250,10,2,8
205000264,11,70,-59
206000027,2,17,-15
206000028,6,3,3
206000043,4,32,-28
206000053,4,3,1
206000054,2,13,-11
206000055,1,11,-10
206000075,20,22,-2
206000076,25,15,10
206000077,24,7,17
206000078,21,14,7
206000079,24,9,15
206000082,281,183,98
206000100,18,412,-394
206000103,3,11,-8
206000104,18,17,1
206000105,7,5,2
206000106,4,15,-11
206000125,102,0,102
206000157,20,339,-319
206000170,0,86,-86
206000171,3,160,-157
206000172,13,88,-75
206000173,1,85,-84
206000174,14,30,-16
206000175,0,47,-47
206000176,15,54,-39
206000177,1,26,-25
206000178,2,222,-220
206000179,3,208,-205
206000180,5,67,-62
206000181,7,38,-31
206000182,3,81,-78
206000183,10,109,-99
206000184,5,100,-95
206000185,8,43,-35
206000186,75,277,-202
206000223,1,353,-352
206000226,16,3,13
206000227,39,5,34
206000237,25,105,-80
206000238,28,194,-166
206000239,228,1195,-967
206000240,2,50,-48
206000241,0,61,-61
206000242,5,140,-135
206000243,3,30,-27
206000244,48,172,-124
206000245,1198,29,1169
206000246,505,9,496
206000247,530,4,526
206000248,583,33,550
206000252,41,63,-22
206000258,23,40,-17
206000315,55,5,50
206000317,673,140,533
206000318,1141,96,1045
206000319,2482,61,2421
206000320,477,27,450
206000321,471,14,457
206000322,792,23,769
206000323,227,8,219
206000324,292,9,283
206000325,213,12,201
206000326,190,10,180
206000327,97,23,74
206000328,252,4,248
206000329,376,3,373
206000330,49,2,47
206000331,310,2,308
206000332,76,2,74
206000333,1068,4,1064
206000334,433,2,431
206000335,0,33,-33
206000361,8,140,-132
206000392,4,11,-7
206000405,149,1,148
206000441,72,20,52
206000498,61,8,53
206000515,76,48,28
206000530,530,71,459
206000531,254,406,-152
206000532,1492,606,886
206000535,134,4864,-4730
206000536,17,67,-50
206000537,20,162,-142
206000613,1409,308,1101
206000784,517,71,446
207000001,138,466,-328
207000002,110,416,-306
207000003,133,151,-18
207000007,1929,270,1659
207000008,152,16,136
207000009,88,38,50
207000010,271,277,-6
207000012,462,213,249
207000015,301,545,-244
207000019,338,143,195
207000021,397,164,233
207000022,220,158,62
207000023,205,81,124
207000024,0,25,-25
207000025,24,155,-131
207000026,116,39,77
207000027,25,74,-49
207000028,71,129,-58
207000029,181,310,-129
207000033,284,382,-98
207000034,346,144,202
207000039,581,75,506
207000040,662,65,597
207000041,41,54,-13
207000042,146,51,95
207000043,256,226,30
207000051,121,200,-79
207000052,4,163,-159
207000053,302,333,-31
207000054,33,73,-40
207000055,142,56,86
207000056,260,204,56
207000057,116,400,-284
207000058,170,251,-81
207000059,151,200,-49
207000060,50,178,-128
207000061,147,1029,-882
207000062,717,41,676
207000063,663,70,593
207000064,451,108,343
207000065,354,182,172
207000066,383,137,246
207000067,81,55,26
207000068,210,44,166
207000069,775,285,490
207000082,9,139,-130
207000083,91,135,-44
207000084,476,311,165
207000085,339,40,299
207000086,390,4,386
207000106,47,28,19
207000107,90,9,81
207000108,117,2,115
207000109,84,5,79
207000110,61,55,6
207000111,59,135,-76
207000112,80,1102,-1022
207000114,15,46,-31
207000115,26,22,4
207000116,20,372,-352
207000117,20,60,-40
207000118,3,24,-21
207000119,12,33,-21
207000123,231,10,221
207000124,113,30,83
207000125,76,32,44
207000126,71,29,42
207000134,219,100,119
207000135,35,141,-106
207000148,85,423,-338
207000149,37,25,12
207000152,156,387,-231
207000153,283,816,-533
207000154,298,236,62
207000159,93,148,-55
207000160,201,194,7
207000238,0,170,-170
207000242,2,109,-107
207000248,28,41,-13
207000249,125,10,115
207000250,476,120,356
207000251,132,137,-5
207000252,75,42,33
207000278,175,102,73
207000279,38,50,-12
207000280,1313,111,1202
207000281,103,337,-234
207000282,53,375,-322
207000283,19,208,-189
207000284,21,990,-969
207000285,50,123,-73
207000291,11,92,-81
207000304,112,138,-26
207000306,66,267,-201
207000310,107,83,24
207000353,121,7,114
207000356,26,49,-23
207000357,10,30,-20
207000358,0,48,-48
207000415,7,135,-128
207000417,41,2,39
207000418,130,136,-6
207000438,0,2,-2
207000439,490,463,27
207000446,215,1,214
207000460,72,11,61
207000466,182,127,55
207000467,455,63,392
207000468,107,145,-38
207000476,12,19,-7
207000477,605,20,585
207000478,0,49,-49
207000523,0,7,-7
207000524,109,1,108
207000527,237,176,61
207000530,586,8,578
207000531,281,2,279
207000532,55,15,40
207000534,239,68,171
207000535,36,488,-452
207000537,17,60,-43
207000540,6,53,-47
207000541,2,210,-208
207000548,12,118,-106
207000549,336,6,330
207000561,269,140,129
207000562,20,107,-87
207000567,155,160,-5
207000568,479,22,457
207000569,808,154,654
207000584,116,298,-182
207000585,23,168,-145
207000587,241,13,228
207000616,0,89,-89
207000617,144,0,144
207000624,65,30,35
207000631,38,46,-8
207900008,488,93,395
208000001,595,1316,-721
208000002,887,690,197
208000003,1044,561,483
208000004,787,940,-153
208000005,1,17,-16
208000019,1026,528,498
208000020,263,349,-86
208000021,359,183,176
208000022,1020,555,465
208000028,1197,2270,-1073
208000033,623,409,214
208000034,987,1605,-618
208000037,380,24,356
208000040,239,71,168
208000041,917,538,379
208000042,1073,597,476
208000047,153,139,14
208000064,1708,1781,-73
208000066,1199,2193,-994
208000070,598,385,213
208000071,827,341,486
208000072,745,731,14
208000080,349,508,-159
208000081,532,130,402
208000082,545,185,360
208000083,262,192,70
208000084,1,38,-37
208000085,735,415,320
208000086,598,1000,-402
208000087,457,749,-292
208000089,1208,304,904
208000090,1186,382,804
208000093,54,104,-50
208000094,542,287,255
208000095,781,453,328
208000104,1316,577,739
208000105,881,706,175
208000114,111,358,-247
208000115,341,235,106
208000116,953,1047,-94
208000117,55,123,-68
208000118,169,204,-35
208000155,586,1195,-609
208000158,1485,3322,-1837
208000186,1099,3145,-2046
208000204,807,1106,-299
208000205,1527,654,873
208000282,1276,2055,-779
209000004,684,299,385
209000005,104,36,68
209000006,439,221,218
209000007,434,648,-214
209000010,269,186,83
209000011,51,266,-215
209000012,89,84,5
209000013,202,231,-29
209000014,363,494,-131
209000025,653,96,557
209000026,1177,161,1016
209000027,273,360,-87
209000028,312,293,19
209000029,352,835,-483
209000030,285,1467,-1182
209000031,2356,1597,759
209000034,293,403,-110
209000035,215,380,-165
209000036,332,235,97
209000037,497,285,212
209000038,312,222,90
209000039,116,157,-41
209000040,290,518,-228
209000041,193,287,-94
209000042,277,222,55
209000043,474,639,-165
209000044,230,769,-539
209000045,702,309,393
209000046,589,388,201
209000047,396,301,95
209000048,502,371,131
209000049,144,59,85
209000050,273,77,196
209000051,347,187,160
209000052,200,212,-12
209000062,70,38,32
209000063,103,56,47
209000064,49,27,22
209000065,231,38,193
209000066,170,41,129
209000067,295,61,234
209000080,13,195,-182
209000082,101,50,51
209000091,18,76,-58
209000093,38,38,0
209000094,48,139,-91
209000110,30,213,-183
209000111,608,2239,-1631
209000112,1377,825,552
209000113,2159,1256,903
209000114,1130,1013,117
209000115,61,72,-11
209000116,456,249,207
209000118,21,117,-96
209000119,3,15,-12
209000121,80,337,-257
209000135,44,288,-244
209000142,650,2557,-1907
209000143,64,61,3
209000144,45,214,-169
209000229,169,100,69
209000240,36,236,-200
209000259,53,76,-23
209000260,70,598,-528
209000261,5,192,-187
209000262,0,164,-164
209000263,0,360,-360
209000264,3,309,-306
209000265,285,0,285
209000266,92,2,90
209000267,1353,7,1346
209000268,433,79,354
210000037,80,29,51
210000047,100,7,93
210000048,195,27,168
210000049,105,4,101
210000052,71,75,-4
210000053,49,29,20
210000054,49,84,-35
210000070,175,4,171
210000071,140,1,139
210000072,52,0,52
210000073,0,19,-19
210000074,0,137,-137
210000075,0,217,-217
210000076,5,267,-262
210000077,5,140,-135
210000078,41,155,-114
210000079,26,11,15
210000080,46,158,-112
210000081,171,34,137
210000082,50,0,50
210000083,47,0,47
210000084,101,0,101
210000085,0,30,-30
210000086,0,66,-66
210000099,60,192,-132
210000100,107,109,-2
210000101,93,119,-26
210000105,20,272,-252
210000159,0,237,-237
210000163,86,319,-233
210000164,282,324,-42
210000168,132,61,71
210000187,0,40,-40
210000188,1,21,-20
210000214,8,0,8
210000219,58,44,14
210000220,174,23,151
210000232,2,17,-15
210000233,59,49,10
210000234,33,75,-42
210000235,53,53,0
210000245,0,87,-87
210000246,9,1,8
210000258,25,67,-42
210000259,187,34,153
210000282,50,193,-143
210000285,0,133,-133
210000286,23,120,-97
210000290,0,24,-24
210000295,45,155,-110
210000296,55,34,21
210000320,275,59,216
210000321,129,14,115
210000338,70,91,-21
210000339,136,880,-744
210000340,123,344,-221
210000341,209,291,-82
210000342,286,209,77
210000343,140,246,-106
210000344,136,191,-55
210000345,104,270,-166
210000346,47,125,-78
210000347,59,50,9
210000348,96,28,68
210000349,47,19,28
210000350,149,39,110
210000351,195,32,163
210000352,59,38,21
210000353,46,67,-21
210000354,64,52,12
210000355,26,98,-72
210000356,18,120,-102
210000357,44,155,-111
210000358,281,254,27
210000359,32,178,-146
210000360,182,269,-87
210000361,172,156,16
210000362,217,248,-31
210000363,463,280,183
210000364,181,193,-12
210000365,167,66,101
210000366,208,51,157
210000367,96,26,70
210000368,104,27,77
210000369,17,48,-31
210000370,56,80,-24
210000372,27,21,6
210000373,12,47,-35
210000374,53,94,-41
210000375,41,32,9
210000376,41,156,-115
210000404,47,140,-93
210000439,50,11,39
210000472,35,1,34
210000482,70,121,-51
210000564,167,213,-46
210000567,4,62,-58
210000568,220,0,220
211000092,49,21,28
211000094,32,11,21
211000169,256,8,248
211000172,7,199,-192
211000209,1,87,-86
211000226,5,45,-40
211000270,58,21,37
211000275,25,32,-7
211000276,133,8,125
211000279,16,20,-4
211000281,102,13,89
211000302,45,38,7
211507980,0,42,-42
211977296,21,9,12
212000003,162,48,114
212000004,11,94,-83
212000005,16,69,-53
212000006,45,43,2
212000008,232,123,109
212000009,41,82,-41
212000012,91,21,70
212000013,19,18,1
212000014,187,99,88
212000015,325,127,198
212000016,462,317,145
212000027,493,239,254
212000028,387,258,129
212000029,236,152,84
212000030,63,19,44
212000031,67,30,37
212000048,43,318,-275
212000049,24,237,-213
212000050,16,12,4
212000051,266,57,209
212000052,245,110,135
212000053,204,222,-18
212000054,510,70,440
212000055,570,125,445
212000056,5,43,-38
212000057,20,30,-10
212000058,127,16,111
212000070,123,102,21
212000077,107,228,-121
212000099,404,258,146
212000108,239,142,97
212000111,340,79,261
212000120,150,102,48
212000138,132,21,111
212000156,10,73,-63
212000158,3,20,-17
212000159,626,43,583
212000160,722,142,580
212000161,91,4,87
212000310,74,20,54
212000311,6,31,-25
212000374,35,12,23
213000001,28,302,-274
213000005,524,117,407
213000006,718,280,438
213000007,44,48,-4
213000009,248,170,78
213000010,256,181,75
213000011,145,200,-55
213000014,65,36,29
213000015,227,9,218
213000016,397,0,397
213000017,68,0,68
213000018,3,23,-20
213000019,3,48,-45
213000020,102,131,-29
213000021,8,65,-57
213000023,398,295,103
213000033,304,1244,-940
213000034,338,172,166
213000035,133,324,-191
213000045,263,264,-1
213000046,148,151,-3
213000047,396,1062,-666
213000056,153,33,120
213000069,183,11,172
213000073,1,87,-86
213000074,261,365,-104
213000075,589,3,586
213000076,6,0,6
213000085,7,55,-48
213000086,17,95,-78
213000091,349,7,342
213000092,51,5,46
213000099,240,1423,-1183
213000100,740,349,391
213000101,763,78,685
213000102,849,87,762
213000103,754,492,262
213000104,44,228,-184
213000105,52,768,-716
213000106,44,804,-760
213000107,118,168,-50
213000108,7,78,-71
213000109,21,197,-176
213000110,7,121,-114
213000111,14,84,-70
213000112,20,25,-5
213000115,59,3,56
213000116,78,435,-357
213000117,6,498,-492
213000118,771,333,438
213000119,25,152,-127
213000120,73,111,-38
213000122,175,211,-36
213000123,235,462,-227
213000124,180,521,-341
213000125,127,38,89
213000126,37,119,-82
213000127,33,189,-156
213000128,93,1031,-938
213000129,151,1159,-1008
213000130,1209,556,653
213000132,765,173,592
213000133,1288,74,1214
213000134,1806,10,1796
213000136,538,27,511
213000137,661,64,597
213000139,283,14,269
213000147,29,11,18
213000148,11,33,-22
213000149,90,42,48
213000150,1,472,-471
213000151,1,264,-263
213000152,2,187,-185
213000153,7,208,-201
213000154,138,249,-111
213000155,59,122,-63
213000156,146,276,-130
213000157,997,357,640
213000158,358,585,-227
213000159,381,322,59
213000163,1504,128,1376
213000165,854,377,477
213000171,90,44,46
213000172,66,114,-48
213000173,26,98,-72
213000174,4,28,-24
213000175,62,12,50
213000176,31,81,-50
213000177,34,15,19
213000178,87,8,79
213000179,224,18,206
213000180,253,23,230
213000184,45,106,-61
213000188,413,90,323
213000189,565,28,537
213000190,556,390,166
213000191,476,186,290
213000192,289,148,141
213000193,633,339,294
213000194,3,129,-126
213000195,10,277,-267
213000196,217,1425,-1208
213000197,486,893,-407
213000198,20,1,19
213000200,132,600,-468
213000201,75,90,-15
213000202,48,804,-756
213000203,1784,422,1362
213000204,973,48,925
213000205,462,74,388
213000206,798,31,767
213000207,42,5,37
213000208,84,4,80
213000209,93,5,88
213000210,236,2,234
213000211,7,15,-8
213000212,28,39,-11
213000213,31,37,-6
213000218,249,411,-162
213000219,964,42,922
213000220,792,3,789
213000223,202,214,-12
213000224,19,55,-36
213000225,72,29,43
213000226,130,34,96
213000227,1193,193,1000
213000228,607,77,530
213000229,56,21,35
213000230,654,35,619
213000232,95,474,-379
213000233,11,280,-269
213000234,1,47,-46
213000293,21,73,-52
213000294,90,69,21
213000295,45,83,-38
213000296,58,15,43
213000297,5,66,-61
213000298,7,55,-48
213000299,36,27,9
213000300,7,21,-14
213000303,7,30,-23
213000304,1,32,-31
213000305,0,26,-26
213000306,38,121,-83
213000307,57,141,-84
213000308,100,189,-89
213000309,176,53,123
213000310,360,263,97
213000311,190,1088,-898
213000315,118,96,22
213000316,172,55,117
213000322,35,29,6
213000323,43,38,5
213000340,182,408,-226
213000341,859,73,786
213000346,171,246,-75
213000347,428,477,-49
213000348,8,550,-542
213000349,4,42,-38
213000350,533,972,-439
213000366,82,174,-92
213000367,385,11,374
213000379,33,334,-301
213000386,57,79,-22
213000406,182,165,17
213000417,1598,392,1206
213000425,291,38,253
213000426,155,54,101
213000427,45,57,-12
213000428,40,70,-30
213000429,2,5,-3
213000430,67,285,-218
213000431,8,0,8
213000432,2,95,-93
213000433,21,65,-44
213000434,205,99,106
213000435,147,135,12
213000439,28,9,19
213000441,1,2,-1
213000443,431,335,96
213000445,1,62,-61
213000446,1,91,-90
213000447,3,95,-92
213000448,5,129,-124
213000449,800,32,768
213000450,28,52,-24
213000451,263,26,237
213000452,9,6,3
213000453,30,167,-137
213000455,143,73,70
213000456,0,341,-341
213000481,3,6,-3
213000482,63,1,62
213000489,127,70,57
213000491,8,227,-219
213000492,121,1,120
213000493,5,139,-134
213000494,211,100,111
213000495,0,22,-22
213000496,459,105,354
213000497,181,189,-8
213000498,96,99,-3
213000499,147,130,17
213000500,573,70,503
213000501,206,16,190
213000502,161,122,39
213000504,110,85,25
213000505,36,32,4
213000506,0,10,-10
213000507,19,830,-811
213900244,95,0,95
213900245,0,10,-10
218000003,28,26,2
218000004,28,33,-5
218000005,30,50,-20
218000006,89,49,40
218000007,19,18,1
218000012,171,176,-5
218000013,219,131,88
218000014,316,283,33
218000019,377,523,-146
218000020,226,273,-47
218000040,3,12,-9
218000046,106,35,71
218000047,12,52,-40
218000048,77,64,13
218000049,38,57,-19
218000050,181,118,63
218000051,44,99,-55
218000052,0,32,-32
218000053,3,23,-20
218000054,1,35,-34
218000055,4,16,-12
218000056,29,59,-30
218000057,1,13,-12
218000064,0,43,-43
218000065,58,94,-36
218000066,11,33,-22
218000067,110,50,60
218000068,141,89,52
218000069,417,71,346
218000070,187,180,7
218000071,189,159,30
218000072,169,203,-34
218000078,1478,317,1161
218000079,256,36,220
218000080,240,35,205
218000081,584,78,506
218000082,82,59,23
218000083,101,30,71
218000084,197,57,140
218000085,131,137,-6
218000086,122,69,53
218000087,265,72,193
218000090,10,178,-168
218000091,1223,542,681
218000092,116,175,-59
218000093,95,67,28
218000094,449,462,-13
218000099,210,598,-388
218000100,427,287,140
218000101,330,103,227
218000102,654,126,528
218000103,139,73,66
218000104,154,13,141
218000105,40,50,-10
218000106,15,11,4
218000107,79,20,59
218000108,5,32,-27
218000112,100,56,44
218000117,43,126,-83
218000134,585,249,336
218000135,17,76,-59
218000136,151,99,52
218000137,199,120,79
218000138,72,124,-52
218000139,169,170,-1
218000140,669,261,408
218000141,119,83,36
218000142,209,121,88
218000143,76,361,-285
218000144,45,134,-89
218000145,581,264,317
218000146,170,130,40
218000151,6,13,-7
218000152,86,30,56
218000170,5,15,-10
218000171,84,3,81
218000172,9,13,-4
218000173,16,39,-23
218000174,24,23,1
218000176,326,70,256
218000177,408,140,268
218000178,133,174,-41
218000179,205,49,156
218000180,202,19,183
218000181,430,54,376
218000187,39,64,-25
218000188,22,137,-115
218000189,28,106,-78
218000190,0,33,-33
218000191,344,34,310
218000192,302,82,220
218000193,619,231,388
218000194,184,215,-31
218000195,99,56,43
218000196,346,141,205
218000197,545,156,389
218000198,41,57,-16
218000199,33,9,24
218000200,40,42,-2
218000201,16,62,-46
218000202,83,491,-408
218000207,3,28,-25
218000208,36,38,-2
218000211,60,54,6
218000213,91,42,49
218000214,3,17,-14
218000215,31,20,11
218000217,5,42,-37
218000218,124,29,95
218000219,4,72,-68
218000220,29,786,-757
218000221,497,227,270
218000222,1,102,-101
218000223,41,406,-365
218000224,8,121,-113
218000225,272,42,230
218000226,246,64,182
218000232,29,50,-21
218000239,125,20,105
218000240,6,9,-3
218000241,26,1,25
218000242,4,0,4
218000243,29,2,27
218000244,41,10,31
218000245,18,14,4
218000246,2,4,-2
218000247,0,1,-1
218000248,0,25,-25
218000249,2,8,-6
218000250,0,42,-42
218000251,0,91,-91
218000252,4,430,-426
218000253,2,127,-125
218000254,0,44,-44
218000255,4,33,-29
218000256,4,80,-76
218000267,386,1074,-688
218000268,4,25,-21
218000269,2,11,-9
218000270,179,31,148
218000271,15,30,-15
218000273,53,2,51
218000274,18,2,16
218000275,55,51,4
218000276,26,13,13
218000278,11,70,-59
218000279,81,29,52
218000280,4,34,-30
218000281,3,24,-21
218000282,540,775,-235
218000284,49,5,44
218000301,84,112,-28
218000302,44,60,-16
218000303,3,59,-56
218000316,1134,607,527
218000317,1927,548,1379
218000318,1399,334,1065
218000319,1515,588,927
218000320,1426,560,866
218000338,48,77,-29
218000345,87,112,-25
218000346,122,152,-30
218000459,23,96,-73
218000490,23,74,-51
218000501,101,47,54
218000502,54,43,11
218000503,131,15,116
218000504,100,17,83
218000505,25,120,-95
218000506,32,263,-231
218000508,1,5,-4
218000510,129,3,126
218000520,93,77,16
218000521,17,40,-23
218000522,0,275,-275
218000523,154,4,150
218000524,4,31,-27
218000525,86,35,51
218000526,14,449,-435
218000529,61,115,-54
218000531,12,12,0
218000532,52,28,24
218000534,189,29,160
218000537,19,75,-56
218000538,89,379,-290
218000540,105,74,31
218000543,188,130,58
218000544,28,88,-60
218000545,89,84,5
218000546,36,56,-20
218000547,160,141,19
218000548,98,69,29
218000549,765,221,544
218000550,198,210,-12
218000551,123,662,-539
218000552,323,405,-82
218000553,27,124,-97
218000554,32,59,-27
218000555,26,130,-104
218000556,300,138,162
218000557,445,313,132
218000558,33,0,33
218000559,0,8,-8
218000560,0,14,-14
218000561,17,0,17
218000562,20,107,-87
218000563,196,47,149
218000564,3,254,-251
218000565,54,58,-4
218000566,59,30,29
218000568,10,4,6
218000569,7,587,-580
218000570,49,11,38
218000571,3,129,-126
218000572,128,2,126
218000573,38,329,-291
218000574,36,34,2
218000575,167,0,167
218000576,0,48,-48
218000577,108,1,107
218000578,0,80,-80
218000579,32,18,14
218000581,6,108,-102
218000582,50,4,46
218000583,7,0,7
218000584,0,25,-25
218000585,75,4,71
218000586,20,65,-45
218000587,1,9,-8
218000588,0,6,-6
218000589,0,1,-1
218000590,1,0,1
218000591,0,14,-14
218000592,4,2,2
218000593,6,9,-3
218000594,3,5,-2
218000597,0,5,-5
218000598,0,1,-1
218000599,0,0,0
218000600,0,0,0
218000601,0,2,-2
218000602,0,1,-1
218000603,0,3,-3
218000604,6,4,2
218000605,0,95,-95
218000606,92,0,92
218000607,7,58,-51
218000608,45,9,36
218000609,8,80,-72
218000610,63,3,60
218000611,38,2,36
218000612,0,39,-39
218000613,48,0,48
218000614,0,39,-39
218000615,188,16,172
218000616,4,120,-116
218000617,17,4,13
218000618,1,24,-23
218000619,16,13,3
218000620,2,28,-26
218000621,0,0,0
218000622,0,87,-87
218000623,38,0,38
218000624,1,123,-122
218000625,5,0,5
218000626,0,29,-29
218000628,234,126,108
218000631,58,38,20
218000632,1,232,-231
218000633,123,1,122
218000634,4,23,-19
218000635,7,26,-19
218000636,980,525,455
218000637,1065,266,799
218000638,280,26,254
218000639,26,59,-33
218000640,360,9,351
218000641,129,83,46
218000652,38,18,20
218000653,281,80,201
218000663,15,44,-29
218000675,44,108,-64
218000680,260,181,79
218000681,516,170,346
218000691,228,144,84
218000693,462,81,381
218000718,18,168,-150
218000719,61,329,-268
218000720,8,882,-874
218000721,29,51,-22
218001147,4,106,-102
218001214,31,131,-100
218001258,430,24,406
218001329,110,135,-25
218001330,141,104,37
218001351,16,49,-33
218001352,11,47,-36
218001353,9,6,3
218001354,11,48,-37
218001355,16,131,-115
218001356,632,76,556
218001357,11,111,-100
218001358,488,15,473
218001361,804,5,799
218001362,0,103,-103
219000001,32,43,-11
219000002,41,21,20
219000003,55,38,17
219000004,79,78,1
219000017,41,164,-123
219000020,210,15,195
219000022,200,7,193
219000023,87,2,85
219000029,3,104,-101
219000034,30,91,-61
219000039,29,237,-208
219000040,33,111,-78
219000041,140,51,89
219000051,0,83,-83
219000052,0,33,-33
219000053,2,47,-45
219000055,368,1,367
219000056,11,0,11
219000057,78,0,78
219000062,15,90,-75
219000063,125,19,106
219000064,0,96,-96
219000110,265,123,142
219000111,87,32,55
219000112,202,59,143
219000113,174,37,137
219000114,129,53,76
219000116,240,67,173
219000117,167,97,70
219000118,135,66,69
219000123,168,51,117
219000124,67,62,5
219000125,10,26,-16
219000126,43,126,-83
219000127,0,4,-4
219000128,17,135,-118
219000129,10,168,-158
219000130,238,604,-366
219000131,806,1421,-615
219000133,43,101,-58
219000134,10,59,-49
219000135,27,104,-77
219000136,87,230,-143
219000138,131,15,116
219000139,58,27,31
219000140,89,4,85
219000141,29,62,-33
219000142,5,49,-44
219000143,31,9,22
219000145,12,35,-23
219000146,9,12,-3
219000147,5,27,-22
219000148,2,7,-5
219000149,4,34,-30
219000150,5,27,-22
219000151,0,29,-29
219000157,194,88,106
219000158,161,205,-44
219000161,116,15,101
219000163,1104,338,766
219000166,139,206,-67
219000167,104,101,3
219000168,188,129,59
219000174,631,124,507
219000175,116,5,111
219000176,192,4,188
219000177,134,4,130
219000178,108,1,107
219000179,50,5,45
219000180,25,14,11
219000182,224,45,179
219000183,126,38,88
219000184,138,3,135
219000185,4,16,-12
219000186,84,16,68
219000187,18,58,-40
219000189,57,252,-195
219000190,19,280,-261
219000191,164,1899,-1735
219000192,200,238,-38
219000193,172,157,15
219000195,5,55,-50
219000196,2,136,-134
219000198,21,100,-79
219000199,35,138,-103
219000200,50,147,-97
219000201,56,136,-80
219000203,27,178,-151
219000204,92,419,-327
219000205,56,247,-191
219000207,115,210,-95
219000209,39,36,3
219000210,17,190,-173
219000213,8,154,-146
219000239,128,228,-100
219000240,211,403,-192
219000241,160,180,-20
219000242,72,258,-186
219000243,103,145,-42
219000244,9,42,-33
219000245,12,63,-51
219000246,31,68,-37
219000247,196,61,135
219000248,532,527,5
219000249,173,230,-57
219000250,185,144,41
219000251,560,253,307
219000252,347,170,177
219000253,393,71,322
219000255,191,158,33
219000256,318,109,209
219000257,147,1,146
219000262,35,114,-79
219000263,61,105,-44
219000267,2,62,-60
219000268,4,11,-7
219000269,2,6,-4
219000270,19,0,19
219000271,226,1,225
219000278,1,19,-18
219000279,0,12,-12
219000283,0,15,-15
219000295,19,95,-76
219000296,80,236,-156
219000297,53,47,6
219000298,55,51,4
219000299,336,47,289
219000300,39,76,-37
219000301,93,197,-104
219000302,30,162,-132
219000307,40,10,30
219000308,75,75,0
219000311,218,90,128
219000312,510,170,340
219000313,539,62,477
219000314,62,150,-88
219000315,470,41,429
219000316,702,57,645
219000317,168,17,151
219000320,9,85,-76
219000321,0,45,-45
219000323,4,39,-35
219000325,5,4,1
219000326,82,62,20
219000327,30,8,22
219000328,12,28,-16
219000329,220,115,105
219000330,38,22,16
219000331,47,52,-5
219000332,187,97,90
219000333,44,9,35
219000335,64,1,63
219000337,25,3,22
219000338,97,0,97
219000344,32,53,-21
219000345,58,23,35
219000346,36,48,-12
219000348,151,47,104
219000349,65,94,-29
219000350,96,490,-394
219000351,1,7,-6
219000352,222,77,145
219000353,118,44,74
219000354,198,55,143
219000355,159,52,107
219000356,346,2598,-2252
219000363,115,97,18
219000364,124,53,71
219000365,96,28,68
219000366,192,575,-383
219000368,309,592,-283
219000370,479,1067,-588
219000371,2,28,-26
219000382,22,26,-4
219000383,254,1778,-1524
219000385,315,737,-422
219000386,628,1601,-973
219000387,0,36,-36
219000390,8,2,6
219000391,10,1,9
219000397,46,15,31
219000398,34,56,-22
219000401,21,61,-40
219000402,32,74,-42
219000403,113,229,-116
219000404,26,105,-79
219000407,14,22,-8
219000409,68,32,36
219000410,143,38,105
219000411,136,7,129
219000446,111,297,-186
219000447,0,16,-16
219000448,18,14,4
219000452,71,110,-39
219000453,65,293,-228
219000454,206,366,-160
219000556,354,74,280
219000558,71,194,-123
219000590,39,179,-140
219000591,133,111,22
219000592,50,210,-160
219000595,2,12,-10
219000635,237,54,183
219000636,42,31,11
219000657,30,16,14
219000658,17,145,-128
219000673,0,64,-64
219000676,15,5,10
219000679,32,10,22
219000684,91,3,88
219000685,0,45,-45
219000686,0,19,-19
219000688,0,40,-40
219000689,2,114,-112
219000690,202,22,180
219000691,28,159,-131
219000692,173,19,154
219000693,0,7,-7
219000694,6,0,6
219000695,68,1,67
219000698,13,1,12
219000699,0,85,-85
219000727,0,97,-97
219000728,102,0,102
219000770,37,5,32
219000771,0,76,-76
219000788,249,464,-215
219001150,2,43,-41
219001151,1,1,0
219001166,60,54,6
219001167,1,44,-43
219001178,50,2,48
220000001,64,147,-83
220000002,17,115,-98
220000003,203,116,87
220000004,325,246,79
220000005,592,1013,-421
220000006,246,567,-321
220000007,343,226,117
220000008,250,409,-159
220000009,376,435,-59
220000010,119,57,62
220000011,396,3906,-3510
220000012,37,336,-299
220000014,190,71,119
220000015,101,486,-385
220000017,20,414,-394
220000018,6765,2069,4696
220000019,180,622,-442
220000020,590,177,413
220000021,1098,209,889
220000022,1391,371,1020
220000023,522,162,360
220000024,1156,680,476
220000025,612,1787,-1175
220000026,316,479,-163
220000027,21,151,-130
220000028,41,91,-50
220000029,685,295,390
220000030,58,149,-91
220000031,753,412,341
220000064,46,1854,-1808
221000046,4,0,4
221000047,0,0,0
221000048,0,1,-1
221000049,0,13,-13
221000050,5,0,5
221000055,45,31,14
221000068,221,100,121
221000069,297,57,240
221000070,230,29,201
221000071,153,15,138
221000072,308,10,298
221000073,167,26,141
221000074,0,14,-14
221000075,13,30,-17
221000076,12,16,-4
221000077,20,108,-88
221000081,42,6,36
221000082,80,10,70
221000083,12,7,5
221000084,17,2,15
221000085,20,43,-23
221000086,12,46,-34
221000087,9,82,-73
221000088,10,78,-68
221000089,18,129,-111
221000090,50,385,-335
221000098,115,18,97
221000099,186,18,168
221000100,108,2,106
221000101,273,23,250
221000103,16,26,-10
221000104,9,23,-14
221000107,72,9,63
221000108,65,21,44
221000111,26,116,-90
221000112,3,77,-74
221000113,10,79,-69
221000114,6,78,-72
221000120,43,53,-10
221000121,3,53,-50
221000122,31,88,-57
221000123,21,42,-21
221000124,7,127,-120
221000155,94,16,78
221000156,95,82,13
221000175,2,32,-30
221000176,0,1,-1
221000182,65,5,60
221000241,314,306,8
221000242,90,329,-239
221000243,407,338,69
221000244,168,500,-332
221000245,135,42,93
221000246,40,378,-338
221000247,115,52,63
221000248,119,162,-43
221000267,75,682,-607
221000325,26,112,-86
221000331,12,43,-31
221000338,18,21,-3
221000378,311,75,236
221000381,35,129,-94
222000282,3,2,1
222000296,0,9,-9
222000568,383,15,368
222000569,207,55,152
222000570,155,34,121
222000571,391,15,376
222000577,5,75,-70
222000578,20,83,-63
222000579,17,69,-52
222000580,25,416,-391
222000599,0,87,-87
222000600,1,160,-159
222000601,8,546,-538
222000603,15,66,-51
222000604,0,108,-108
222000605,19,37,-18
222000606,0,17,-17
222000607,2,11,-9
222000608,18,46,-28
222000609,62,91,-29
222000616,526,26,500
222000617,22,63,-41
222000618,6,7,-1
222000620,17,14,3
222000621,32,35,-3
222000623,544,8,536
222000624,530,10,520
222000625,881,5,876
222000636,74,4,70
222000686,13,40,-27
222000687,59,52,7
222001066,220,3,217
222001067,10,0,10
222001068,70,3,67
222001069,103,16,87
222001082,14,6,8
222001083,36,26,10
222001084,0,52,-52
222001085,0,97,-97
222001111,70,65,5
222001112,312,16,296
222001313,17,12,5
222001314,4,125,-121
222001464,371,99,272
222001465,9,93,-84
222001484,213,26,187
222001485,11,70,-59
222001494,789,129,660
222001495,134,98,36
222001496,481,100,381
222001497,128,170,-42
222001503,103,26,77
222001504,34,172,-138
222001505,433,11,422
222001506,45,248,-203
222001507,200,10,190
222001510,775,22,753
222001514,664,108,556
222001518,519,49,470
222001519,60,152,-92
222001527,226,53,173
222001529,542,40,502
222001530,62,127,-65
222001533,181,132,49
222001534,502,52,450
222001535,382,241,141
222001536,38,109,-71
222001537,470,43,427
222001538,129,653,-524
222001563,1246,114,1132
222001564,83,154,-71
222001568,217,309,-92
222001576,0,0,0
222001579,0,22,-22
222001583,21,53,-32
222001584,96,51,45
222001596,824,1708,-884
222001597,1250,415,835
222001626,0,83,-83
222001650,9,214,-205
222001651,25,587,-562
222001914,201,46,155
222001915,124,394,-270
222001968,581,274,307
222001969,200,454,-254
222001970,195,438,-243
222001971,24,3,21
222001972,3,3,0
225000001,340,148,192
225000002,701,173,528
225000003,699,63,636
225000004,538,220,318
225000005,78,59,19
225000006,0,210,-210
225000007,1041,1153,-112
225000010,230,12,218
225000011,295,1634,-1339
225000012,397,816,-419
225000013,149,106,43
225000014,688,111,577
225000015,112,100,12
225000021,801,152,649
225000027,180,329,-149
225000032,664,151,513
225000042,95,424,-329
225000049,63,63,0
225000050,112,14,98
225000053,26,183,-157
225000058,849,213,636
225000067,153,88,65
225000068,71,205,-134
225000069,63,308,-245
225000070,92,189,-97
225000071,32,55,-23
225000075,15,736,-721
225000076,40,97,-57
225000078,52,42,10
225000085,133,181,-48
225000086,396,87,309
225000087,213,11,202
225000088,7,147,-140
225000089,83,906,-823
225000090,61,393,-332
225000091,161,118,43
225000092,57,40,17
225000093,220,174,46
225000094,9,115,-106
225000095,224,255,-31
225000096,132,301,-169
225000098,839,255,584
225000099,524,116,408
225000100,562,100,462
225000104,79,281,-202
225000110,3,252,-249
225000111,211,589,-378
225000112,291,822,-531
225000113,174,613,-439
225000114,133,293,-160
225000115,1118,549,569
225000116,619,179,440
225000117,844,407,437
225000118,1236,354,882
225000119,325,79,246
225000120,681,41,640
225000121,190,16,174
225000123,586,8,578
225000125,588,186,402
225000126,1037,268,769
225000127,480,1851,-1371
225000128,609,1006,-397
225000132,620,24,596
225000133,275,29,246
225000134,724,124,600
225000135,88,6,82
225000136,545,13,532
225000137,252,68,184
225000138,508,93,415
225000143,43,199,-156
225000144,4,308,-304
225000145,59,24,35
225000146,85,43,42
225000147,48,83,-35
225000148,8,75,-67
225000149,74,153,-79
225000151,46,102,-56
225000155,314,255,59
225000156,256,792,-536
225000157,440,335,105
225000158,41,226,-185
225000171,2,110,-108
225000180,16,1,15
225000181,0,60,-60
225000182,81,19,62
225000185,5,401,-396
225000187,37,279,-242
225000191,49,2,47
225000194,0,10,-10
225000208,2,37,-35
225000209,125,7,118
225000210,6,200,-194
225000217,0,8,-8
225000218,19,2,17
225000223,0,154,-154
225000224,42,1,41
225000225,1,96,-95
225000226,10,0,10
225000227,62,112,-50
225000228,8,7,1
225000229,0,39,-39
225000230,22,0,22
225000231,0,23,-23
225000232,125,1,124
225000241,92,2,90
225000242,0,63,-63
225000249,30,0,30
225000250,78,297,-219
225000251,678,55,623
226000042,81,126,-45
226000043,68,212,-144
226000044,92,297,-205
226000045,81,413,-332
226000046,583,89,494
226000047,597,197,400
226000048,547,120,427
226000049,424,335,89
226000070,0,17,-17
226000071,0,33,-33
226000072,0,38,-38
226000073,0,8,-8
226000074,1,35,-34
226000084,1,11,-10
226000085,5,12,-7
226000086,2,9,-7
226000087,0,40,-40
226000088,4,54,-50
226000090,411,438,-27
226000091,15,86,-71
226000092,0,12,-12
226000093,12,4,8
226000094,11,6,5
226000095,7,7,0
226000105,26,2,24
226000106,18,2,16
226000107,6,1,5
226000108,8,0,8
226000109,104,0,104
226000124,150,110,40
226000134,958,744,214
226000135,1715,812,903
226000136,686,522,164
226000137,4,82,-78
226000138,21,77,-56
226000139,11,59,-48
226000156,336,8,328
226000157,405,5,400
226000163,153,294,-141
226000202,42,234,-192
226000231,1012,8,1004
226000232,27,4,23
227000033,452,79,373
227000036,57,2,55
227000037,545,36,509
227000038,192,36,156
227000049,0,59,-59
227000050,2,108,-106
227000055,80,2,78
227000056,66,2,64
227000084,4,116,-112
227000085,0,72,-72
227000088,25,4,21
227000089,85,2,83
227000090,45,3,42
227000091,26,4,22
227000093,100,0,100
227000094,10,0,10
227000130,35,193,-158
227000131,21,129,-108
227000132,10,83,-73
227000133,17,66,-49
227000134,18,115,-97
227000152,0,11,-11
227000153,1,82,-81
227000155,1,24,-23
227000156,1,18,-17
227000165,0,194,-194
227000196,237,133,104
227000199,724,131,593
227000230,31,151,-120
227000232,365,43,322
227000241,570,27,543
227000242,25,340,-315
227000243,391,64,327
227000245,19,200,-181
227000246,101,161,-60
227000247,501,47,454
227000248,228,82,146
227000249,19,316,-297
227000250,358,295,63
227000251,107,536,-429
227000252,28,95,-67
227000253,225,27,198
227000262,623,44,579
227000266,1253,42,1211
227000267,32,449,-417
227000282,0,17,-17
227000284,161,8,153
227000286,0,7,-7
227000287,2,11,-9
227000291,2,63,-61
227000484,70,9,61
227000485,10,118,-108
227000655,302,9,293
227000656,153,9,144
227000657,109,0,109
227000661,89,18,71
227000680,145,52,93
229000265,48,29,19
229000296,2,19,-17
229000297,4,29,-25
229000298,4,126,-122
229000320,9,9,0
229000321,15,3,12
229000412,7,20,-13
229000414,13,16,-3
229000415,9,2,7
229000416,1,4,-3
229000417,1,11,-10
229000419,33,206,-173
229000440,274,67,207
229000442,13,22,-9
229000443,11,3,8
229000444,0,38,-38
229000445,45,0,45
229000446,45,23,22
229000847,66,0,66
229000848,27,0,27
229000849,60,1,59
229000851,46,0,46
229000854,0,13,-13
229000856,0,38,-38
229000857,0,10,-10
229000858,0,8,-8
229000919,7,44,-37
229000930,5,226,-221
229000937,96,4,92
229000966,99,46,53
229000981,22,19,3
229000985,6,34,-28
229000986,0,4,-4
229000987,0,1,-1
229000988,5,1,4
229000989,15,9,6
229000990,0,2,-2
229000991,1,0,1
229000992,15,3,12
229000993,105,5,100
229000998,12,50,-38
229000999,61,12,49
229001034,1,20,-19
229001035,4,3,1
229001037,73,6,67
229001042,13,3,10
229001047,9,21,-12
229001050,54,20,34
229001200,13,13,0
229001338,0,18,-18
229001394,318,6,312
229001422,126,23,103
229001423,16,72,-56
229001431,49,51,-2
229001432,46,74,-28
229001444,204,50,154
229001445,30,88,-58
229001503,301,70,231
229001504,90,95,-5
229001505,147,39,108
229001506,56,78,-22
229001509,52,9,43
229001545,69,9,60
229001546,15,51,-36
229001553,94,8,86
229001554,21,52,-31
229001559,1,7,-6
229001560,5,33,-28
229001630,68,9,59
229001631,7,18,-11
229001635,0,30,-30
229001636,2,0,2
229001658,1,100,-99
229001659,77,2,75
229001660,2,1,1
229001661,1,28,-27
229001662,28,1,27
229001663,0,72,-72
229002584,91,91,0
229002831,62,94,-32
229002841,10,14,-4
229002842,30,36,-6
229002843,52,20,32
229002844,26,61,-35
229002845,41,91,-50
229002846,39,17,22
229002847,0,19,-19
229002848,8,9,-1
229002849,0,42,-42
229002850,8,0,8
229002851,32,88,-56
229002852,95,23,72
229002853,91,17,74
229002854,35,44,-9
229002855,4,26,-22
229002856,27,20,7
229002857,11,74,-63
229002858,7,10,-3
229002859,6,60,-54
229002860,46,15,31
229002861,31,11,20
229002862,20,35,-15
229002863,20,36,-16
229002864,48,43,5
229002865,13,34,-21
229002866,14,31,-17
229002867,4,20,-16
229002868,15,26,-11
229002869,21,87,-66
229002870,69,14,55
235000066,163,33,130
235000067,61,60,1
235000072,14,78,-64
235000073,44,264,-220
235000074,32,15,17
235000080,10,20,-10
235000081,85,49,36
235000082,254,22,232
235000083,164,22,142
235000084,81,62,19
235000085,125,63,62
235000089,16,21,-5
235000092,43,112,-69
235000093,6,1,5
235000097,2,3,-1
235000098,42,6,36
235000099,22,17,5
235000116,19,14,5
235000117,415,19,396
235000133,5,467,-462
235000134,12,175,-163
235000206,4,8,-4
235000207,5,5,0
235000208,1,0,1
235000209,7,4,3
235000210,10,5,5
235000212,3,15,-12
235000213,0,18,-18
235000220,0,3,-3
235000238,7,243,-236
235000239,5,56,-51
235000242,331,950,-619
235000245,387,188,199
235000246,27,54,-27
235000284,5,118,-113
235000295,107,16,91
235000305,238,27,211
235000306,357,16,341
235000307,38,5,33
235000308,10,0,10
235000309,68,0,68
235000310,52,0,52
235000311,325,9,316
235000322,0,40,-40
235000323,0,62,-62
235000324,2,56,-54
235000325,0,22,-22
235000326,7,55,-48
235000351,14,88,-74
235000352,10,48,-38
235000353,3,23,-20
235000354,17,49,-32
235000355,11,64,-53
235000356,54,1,53
235000357,73,8,65
235000358,14,6,8
235000359,6,2,4
235000360,33,8,25
235000361,102,15,87
235000381,88,54,34
235000382,147,15,132
235000390,18,9,9
235000391,253,9,244
235000392,269,233,36
235000393,174,164,10
235000395,134,35,99
235000396,491,59,432
235000400,44,134,-90
235000401,12,120,-108
235000405,81,149,-68
235000406,26,63,-37
235000407,22,59,-37
235000409,116,62,54
235000410,35,141,-106
235000411,0,34,-34
235000485,0,4,-4
235000486,7,0,7
235000549,116,75,41
235000550,153,52,101
235000599,135,27,108
235000600,6,19,-13
235000601,30,18,12
235000602,77,28,49
235000614,1,6,-5
235000648,1,8,-7
235000649,28,4,24
235000685,13,6,7
235000815,17,211,-194
235000834,0,25,-25
235000855,42,21,21
235000862,58,50,8
235000891,0,20,-20
235000892,8,1,7
235000901,40,45,-5
235000907,4,9,-5
235001010,56,23,33
235001029,117,177,-60
235001030,263,108,155
235001078,118,109,9
235001079,53,25,28
235001147,21,105,-84
235001166,11,12,-1
235001167,22,11,11
235001169,53,241,-188
235001188,1,14,-13
235001189,2,6,-4
235001197,1,32,-31
235001200,50,49,1
235001207,601,26,575
235001210,131,67,64
235001215,42,111,-69
235001239,0,22,-22
235001244,0,29,-29
235016267,0,46,-46
277102712,25,2,23
277103813,7,0,7
277103814,0,0,0
277104249,0,2,-2
277104250,0,11,-11
277104251,0,6,-6
277104252,0,1,-1
990011530,0,222,-222
990014944,0,210,-210
990015176,161,0,161
990016032,0,149,-149
990032570,0,20,-20
990070001,133,22,111
990070103,0,2,-2
990070601,0,22,-22
990070751,1589,2,1587
990070766,0,177,-177
990071180,390,218,172
990071343,51,3,48
990071387,0,3,-3
990071823,13,4,9
990072600,1,949,-948
990072964,1,278,-277
990073285,0,2,-2
990074393,1,290,-289
990074870,1951,8,1943
990075106,542,3,539
990075746,643,20,623
990076437,2737,4,2733
990076458,1,272,-271
997000007,345,34,311
997000041,0,148,-148
997000058,36,0,36
997000062,21,4,17
997000069,0,2,-2
997000070,0,15,-15
997000100,53,1,52
997000141,0,296,-296
997000198,33,382,-349
998000475,0,1,-1
998000736,0,58,-58
998000965,0,6,-6
998001031,0,63,-63
998001700,0,33,-33
998001899,0,0,0
998001900,8,14,-6
998003073,972,3,969
998101900,0,0,0
998102850,0,234,-234
998501927,387,943,-556
998501929,158,5,153
998501930,52,0,52
998501931,122,29,93
998501932,5,0,5
998501933,40,1,39
998501937,27,11,16
998501944,1,0,1
998501950,2,79,-77
998501970,90,2,88
998501971,0,53,-53
998501973,0,10,-10
998501974,0,106,-106
998501975,116,47,69
998501976,356,3,353
998501977,25,11,14
998501978,4,0,4
998501979,0,4,-4
998501980,47,1,46
998501981,73,24,49
998501982,0,106,-106
998501983,0,3,-3
998502006,0,0,0
998502024,0,7,-7
998502032,0,2,-2
998502062,15,0,15
998502063,0,0,0
998502173,23,0,23
998502269,0,2,-2
998502546,2,364,-362
998502578,0,0,0
998502599,21,438,-417
998502621,0,2,-2
998601159,0,27,-27
998601292,0,15,-15
999033574,0,177,-177
999800001,27,1,26
999800002,0,2,-2
999800003,4,2,2
999800004,0,3,-3
999800005,0,22,-22
