ID,insum,outsum,diff
100000001,823,1148,-325
100000002,5840,1055,4785
100000003,7330,3755,3575
100000004,2163,1592,571
100000005,2764,5098,-2334
100000006,1101,135,966
100000007,3811,792,3019
100000008,240,529,-289
100000009,782,233,549
100000010,119,80,39
100000011,1111,107,1004
100000012,148,941,-793
100000013,30,243,-213
100000014,434,346,88
100000015,2768,3137,-369
100000016,1337,1651,-314
100000017,1027,1021,6
100000018,2118,756,1362
100000019,5739,2905,2834
100000020,2574,8017,-5443
100000021,6403,3323,3080
100000022,2983,2049,934
100000023,7275,1950,5325
100000025,3836,1221,2615
100000028,3270,1261,2009
100000029,416,310,106
100000030,594,86,508
100000031,7725,9379,-1654
100000032,3623,6313,-2690
100000033,1737,3852,-2115
100000034,888,542,346
100000035,2748,1421,1327
100000036,3494,1734,1760
100000037,738,604,134
100000038,2615,1281,1334
100000039,941,253,688
100000040,265,190,75
100000041,1436,553,883
100000042,1458,529,929
100000043,1289,497,792
100000044,541,1007,-466
100000045,873,1419,-546
100000046,856,1320,-464
100000047,413,808,-395
100000048,783,729,54
100000049,2169,2531,-362
100000051,707,1266,-559
100000053,223,7,216
100000054,685,40,645
100000055,1366,275,1091
100000056,652,619,33
100000057,2249,751,1498
100000058,1113,1339,-226
100000059,26,137,-111
100000060,488,473,15
100000061,3010,617,2393
100000062,3194,738,2456
100000063,1003,351,652
100000064,2026,578,1448
100000065,662,1117,-455
100000066,413,844,-431
100000067,717,971,-254
100000068,646,1887,-1241
100000069,572,1921,-1349
100000072,621,1029,-408
100000073,1532,1683,-151
100000075,1103,402,701
100000076,6692,3492,3200
100000077,640,201,439
100000078,141,64,77
100000079,77,94,-17
100000080,53,48,5
100000081,143,140,3
100000102,5072,2133,2939
100000103,7821,1321,6500
100000104,6366,3110,3256
100000105,5040,1743,3297
100000106,3838,2665,1173
100000107,945,1089,-144
100000108,1339,1102,237
100000109,5538,1591,3947
100000116,2165,1112,1053
100000117,136,95,41
100000118,2957,1060,1897
100000119,938,651,287
100000121,308,598,-290
100000122,2647,1197,1450
100000123,4664,6648,-1984
100000124,7386,9752,-2366
100000125,3819,1343,2476
100000126,1425,376,1049
100000127,3689,563,3126
100000128,2397,1806,591
100000129,730,652,78
100000130,405,729,-324
100000131,3084,4153,-1069
100000132,1628,3210,-1582
100000133,7271,3614,3657
100000135,658,1015,-357
100000139,582,249,333
100000140,753,293,460
100000142,510,780,-270
100000143,2161,908,1253
100000144,4941,1074,3867
100000147,1292,3116,-1824
100000150,56,449,-393
100000151,1138,1019,119
100000153,583,442,141
100000154,462,177,285
100000155,38,93,-55
100000156,478,194,284
100000157,100,80,20
100000158,266,97,169
100000159,840,602,238
100000165,1803,928,875
100000169,788,644,144
100000174,1909,741,1168
100000179,203,738,-535
100000180,3155,1208,1947
100000181,639,311,328
100000188,117,333,-216
100000189,1102,381,721
100000190,1492,757,735
100000191,811,516,295
100000192,116,167,-51
100000193,217,227,-10
100000330,2382,1084,1298
100000355,348,585,-237
100000362,6917,4467,2450
100000363,4140,5851,-1711
100000364,450,208,242
100000365,5156,5533,-377
100000366,7558,3483,4075
100000367,5585,4969,616
100000368,3410,2045,1365
100000369,1593,2407,-814
100000370,256,796,-540
100000376,275,148,127
100000379,6473,1694,4779
100000380,11380,3539,7841
100000384,8239,5829,2410
100000385,6573,5119,1454
100000386,12146,6976,5170
100000387,9789,6298,3491
100000388,11138,8062,3076
100000389,11150,7889,3261
100000390,11035,6814,4221
100000391,7966,8675,-709
100000392,6072,3435,2637
100000393,3586,4224,-638
100000394,12065,7215,4850
100000395,6517,3281,3236
100000396,12149,3334,8815
100000397,8034,4387,3647
100000398,14052,9496,4556
100000413,61,21,40
100900002,9,52,-43
100900003,459,194,265
100900004,21,657,-636
100900005,168,22,146
100900006,35,176,-141
100900007,587,21,566
100900008,10,445,-435
100900009,91,89,2
100900010,96,122,-26
100900011,188,399,-211
100900012,6,264,-258
100900013,833,17,816
100900014,7,15,-8
100900015,127,130,-3
100900016,0,64,-64
100900017,971,81,890
100900018,0,31,-31
100900019,25,137,-112
100900020,720,12,708
100900021,570,1,569
100900022,19,53,-34
100900023,12,65,-53
100900024,1225,4,1221
100900025,18,5,13
100900026,202,141,61
100900027,570,3822,-3252
100900028,164,181,-17
100900029,110,18,92
100900030,40,30,10
100900031,753,44,709
100900032,382,1,381
100900033,267,270,-3
100900034,550,6,544
100900035,1226,1,1225
100900036,45,0,45
100900037,132,332,-200
100900038,489,31,458
100900039,310,719,-409
100900040,376,756,-380
100900041,1078,934,144
100900042,1578,333,1245
100900043,2,15,-13
100900044,3250,739,2511
100900045,107,0,107
100900046,1550,11,1539
100900047,962,235,727
100900048,218,56,162
100900049,125,249,-124
100900050,1,30,-29
100900051,54,48,6
100900052,383,48,335
100900053,368,27,341
100900054,42,114,-72
100900055,358,841,-483
100900056,262,389,-127
100900057,549,1936,-1387
100900058,406,45,361
100900059,139,5,134
100900060,202,8,194
100900061,475,392,83
100900062,0,42,-42
100900063,168,797,-629
100900064,1042,29,1013
100900065,167,136,31
100900066,116,233,-117
100900067,6,9,-3
100900068,190,119,71
100900069,1835,5,1830
100900070,329,6,323
100900071,909,398,511
100900072,2,58,-56
100900073,137,478,-341
100900074,7,16,-9
100900075,1981,515,1466
100900076,18,70,-52
100900077,28,107,-79
100900078,180,490,-310
100900079,14,45,-31
100900080,53,203,-150
100900081,149,258,-109
100900082,147,736,-589
100900083,19,54,-35
100900085,25,73,-48
100900086,373,1714,-1341
100900088,161,864,-703
100900089,7,39,-32
100900090,195,481,-286
100900091,3,26,-23
100900092,395,321,74
100900093,242,365,-123
100900094,110,637,-527
100900095,4,76,-72
100900096,37,99,-62
100900097,4,11,-7
100900098,19,31,-12
100900099,55,677,-622
100900100,11,490,-479
100900101,459,89,370
100900102,56,106,-50
100900103,24,22,2
100900104,17,222,-205
100900105,23,332,-309
100900106,63,2,61
100900107,2246,871,1375
100900108,4,17,-13
100900109,49,43,6
100900110,2,24,-22
100900111,46,253,-207
100900112,1,9,-8
100900113,5,20,-15
100900114,25,27,-2
100900115,2,60,-58
100900116,828,1309,-481
100900117,370,843,-473
100900118,32,53,-21
100900119,31,27,4
100900120,6,17,-11
100900121,309,901,-592
100900122,161,288,-127
100900123,138,230,-92
100900124,20,13,7
100900125,30,112,-82
100900126,150,289,-139
100900127,10,12,-2
100900128,98,217,-119
100900129,0,124,-124
100900131,107,313,-206
100900133,130,54,76
100900134,5,11,-6
100900135,0,154,-154
100900137,398,194,204
100900138,662,496,166
100900139,30,18,12
100900140,6,809,-803
100900141,2,526,-524
100900142,0,24,-24
100900143,1093,490,603
100900144,29,8,21
100900145,121,180,-59
100900146,2,56,-54
100900147,16,295,-279
100900148,47,1047,-1000
100900149,36,193,-157
100900150,2,75,-73
100900151,141,586,-445
100900152,92,36,56
100900153,6,212,-206
100900154,26,28,-2
100900155,27,16,11
100900156,19,7,12
100900157,9,172,-163
100900159,5,22,-17
100900160,35,19,16
100900161,82,6,76
100900162,25,275,-250
100900163,228,295,-67
100900164,39,36,3
100900165,27,117,-90
100900166,32,6,26
100900167,25,94,-69
100900168,33,197,-164
100900169,158,1020,-862
100900170,42,5,37
100900171,50,718,-668
100900172,0,10,-10
100900173,4,620,-616
100900174,1040,69,971
100900176,1645,208,1437
100900177,955,495,460
100900178,635,167,468
100900179,150,148,2
100900180,6,4,2
100900181,106,102,4
100900182,49,31,18
100900184,16,191,-175
100900186,830,674,156
100900187,13,133,-120
100900188,63,31,32
100900189,1023,259,764
100900191,1619,1368,251
100900192,506,297,209
100900195,286,136,150
100900197,28,47,-19
100900198,19,298,-279
100900199,6,9,-3
100900200,710,440,270
100900201,58,762,-704
100900202,85,0,85
100900203,1,90,-89
100900204,674,281,393
100900205,205,535,-330
100900206,155,81,74
100900207,316,140,176
100900210,93,942,-849
100900211,502,214,288
100900213,59,47,12
100900214,844,198,646
100900215,18,52,-34
100900217,248,138,110
101000001,5789,3449,2340
101000002,5902,5973,-71
101000003,1072,2355,-1283
101000004,11251,9820,1431
101000005,3128,6199,-3071
101000006,11415,10117,1298
101000007,2931,3886,-955
101000008,6611,3681,2930
101000009,2713,2116,597
101000010,1225,1698,-473
101000011,2408,906,1502
101000012,2199,984,1215
101000013,827,1260,-433
101000014,725,901,-176
101000015,1409,960,449
101000016,880,520,360
101000017,959,610,349
101000018,6530,3378,3152
101000020,5846,1300,4546
101000021,2450,459,1991
101000022,564,87,477
101000023,3006,1033,1973
101000025,322,580,-258
101000026,806,30,776
101000027,3119,2386,733
101000028,1691,293,1398
101000029,321,1241,-920
101000030,2306,107,2199
101000031,938,339,599
101000032,13537,3805,9732
101000033,4545,3598,947
101000034,5380,1892,3488
101000035,1534,520,1014
101000036,3016,1148,1868
101000037,6600,2152,4448
101000039,4322,2851,1471
101000040,5366,4650,716
101000041,14491,7544,6947
101000042,1200,1185,15
101000043,10312,6319,3993
101000045,2518,958,1560
101000046,6207,851,5356
101000047,3439,1943,1496
101000048,1076,939,137
101000049,1320,1452,-132
101000050,2184,1470,714
101000051,2777,2021,756
101000052,2621,852,1769
101000053,1198,2196,-998
101000054,1782,1326,456
101000055,1843,1897,-54
101000056,76,195,-119
101000057,3283,1248,2035
101000058,2563,1544,1019
101000059,5891,2121,3770
101000060,2374,839,1535
101000061,1390,1912,-522
101000062,1212,1072,140
101000063,1184,1215,-31
101000064,2138,1032,1106
101000065,592,509,83
101000066,921,645,276
101000067,1435,672,763
101000068,624,418,206
101000069,709,90,619
101000070,1892,1033,859
101000071,2824,1075,1749
101000072,1212,4403,-3191
101000073,887,796,91
101000074,8445,3639,4806
101000075,7639,3403,4236
101000077,1306,1067,239
101000078,1117,2322,-1205
101000079,824,502,322
101000080,1051,408,643
101000081,1656,1822,-166
101000082,4180,4018,162
101000083,2621,2721,-100
101000084,1606,1411,195
101000085,1891,1463,428
101000086,1249,1466,-217
101000087,1097,1516,-419
101000088,1062,1393,-331
101000089,1058,2045,-987
101000090,2893,1909,984
101000091,434,1507,-1073
101000092,881,1443,-562
101000093,1867,1039,828
101000094,781,1583,-802
101000095,339,918,-579
101000096,523,701,-178
101000097,1815,441,1374
101000098,987,631,356
101000099,1589,1713,-124
101000100,1186,895,291
101000101,596,440,156
101000102,2178,490,1688
101000103,1291,519,772
101000104,533,721,-188
101000105,1510,447,1063
101000106,968,604,364
101000107,221,475,-254
101000108,1313,553,760
101000109,376,94,282
101000110,40,787,-747
101000111,138,265,-127
101000113,370,1023,-653
101000114,11093,3459,7634
101000115,109,158,-49
101000116,299,153,146
101000117,743,340,403
101000119,240,71,169
101000120,361,49,312
101000121,111,86,25
101000122,209,100,109
101000123,136,66,70
101000124,627,248,379
101000125,314,768,-454
101000128,1609,470,1139
101000130,354,310,44
101000131,962,656,306
101000132,703,1861,-1158
101000135,105,45,60
101000136,948,140,808
101000137,42,396,-354
101000141,2777,3717,-940
101000147,1318,826,492
101000148,2834,42,2792
101000149,246,226,20
101000150,114,1092,-978
101000151,229,79,150
101000152,428,465,-37
101000153,725,474,251
101000154,343,1599,-1256
101000155,305,198,107
101000156,22,366,-344
101000157,50,34,16
101000160,175,77,98
101000163,356,195,161
101000164,832,626,206
101000165,302,522,-220
101000166,236,464,-228
101000168,1026,487,539
101000252,1899,1174,725
101000254,606,51,555
101000258,66,20,46
101000261,335,29,306
101000262,1564,1751,-187
101000263,353,796,-443
101000265,124,856,-732
101000266,568,363,205
101000269,168,17,151
101000290,2314,3825,-1511
101000293,20,89,-69
101000294,657,556,101
101000295,186,732,-546
101000301,1224,553,671
101000304,2769,3202,-433
101000305,4006,2184,1822
101000328,224,465,-241
101900001,26,84,-58
101900002,0,22,-22
101900003,134,121,13
101900004,6,68,-62
101900005,5647,2034,3613
101900006,1100,66,1034
101900007,949,178,771
101900008,235,427,-192
101900009,130,706,-576
101900010,1214,825,389
101900011,503,2418,-1915
101900012,165,632,-467
101900013,1544,205,1339
101900017,24,202,-178
101900018,2012,431,1581
101900019,367,178,189
101900020,75,106,-31
101900021,1,48,-47
101900022,205,1600,-1395
101900023,200,345,-145
101900026,140,57,83
101900027,29,123,-94
102000001,6218,5496,722
102000002,4746,1863,2883
102000003,4729,8317,-3588
102000004,9717,3774,5943
102000005,1975,3185,-1210
102000006,2555,2709,-154
102000007,2094,6161,-4067
102000008,6738,2529,4209
102000009,6960,9437,-2477
102000010,6953,5165,1788
102000011,4366,3232,1134
102000012,5059,4906,153
102000018,3973,3798,175
102000019,3362,2423,939
102000026,376,1266,-890
102000029,361,249,112
102000030,143,427,-284
102000031,66,196,-130
102000032,436,466,-30
102000033,308,515,-207
102000034,585,649,-64
102000035,1090,867,223
102000036,24,448,-424
102000037,273,128,145
102000038,340,254,86
102000039,400,117,283
102000040,621,214,407
102000041,290,393,-103
102000042,435,225,210
102000043,610,258,352
102000044,1345,682,663
102000045,890,1402,-512
102000046,1388,867,521
102000047,839,1571,-732
102000048,382,1121,-739
102000049,1260,907,353
102000050,1430,1442,-12
102000051,633,923,-290
102000052,1846,1025,821
102000053,1449,1115,334
102000054,612,957,-345
102000055,1060,1103,-43
102000056,763,1982,-1219
102000057,1880,751,1129
102000058,1282,2181,-899
102000059,2114,1789,325
102000060,1738,1250,488
102000061,1961,2663,-702
102000062,1924,1446,478
102000063,1509,2073,-564
102000064,752,959,-207
102000065,40,187,-147
102000066,1628,1739,-111
102000067,3519,4840,-1321
102000068,14995,4453,10542
102000069,91,2412,-2321
102000070,2633,69,2564
102000071,12941,12951,-10
102000072,4444,6746,-2302
102000073,1463,1140,323
102000074,759,1082,-323
102000075,161,397,-236
102000076,255,705,-450
102000077,525,1429,-904
102000078,1024,1188,-164
102000079,163,374,-211
102000080,285,301,-16
102000081,526,1001,-475
102000082,919,385,534
102000083,629,555,74
102000084,272,470,-198
102000085,1906,1555,351
102000086,1125,1716,-591
102000087,1160,2047,-887
102000088,350,374,-24
102000089,1248,485,763
102000090,585,1530,-945
102000091,2051,637,1414
102000092,457,1188,-731
102000093,1069,889,180
102000094,1181,882,299
102000095,1199,1127,72
102000096,728,890,-162
102000097,1070,881,189
102000098,798,907,-109
102000099,1048,783,265
102000100,1159,1605,-446
102000101,1737,934,803
102000102,551,3689,-3138
102000103,1937,509,1428
102000104,1284,402,882
102000105,304,937,-633
102000106,972,1059,-87
102000107,1391,772,619
102000108,919,333,586
102000109,995,789,206
102000110,1067,1975,-908
102000111,5,464,-459
102000112,244,144,100
102000113,15,31,-16
102000114,1159,457,702
102000115,316,416,-100
102000116,1332,387,945
102000117,629,679,-50
102000118,2733,1378,1355
102000119,3062,1008,2054
102000120,418,545,-127
102000121,1290,674,616
102000122,594,1176,-582
102000123,1758,1317,441
102000124,1378,1491,-113
102000125,1011,1597,-586
102000126,811,811,0
102000127,1509,1118,391
102000128,951,1179,-228
102000129,1865,1005,860
102000130,922,766,156
102000131,2025,710,1315
102000132,846,740,106
102000133,1923,2417,-494
102000134,752,936,-184
102000135,1024,1387,-363
102000136,1185,891,294
102000137,1164,917,247
102000138,364,497,-133
102000139,203,375,-172
102000140,805,380,425
102000141,338,537,-199
102000142,489,454,35
102000143,175,532,-357
102000144,303,457,-154
102000145,466,584,-118
102000146,437,333,104
102000147,455,605,-150
102000148,209,642,-433
102000149,192,655,-463
102000150,329,309,20
102000151,161,395,-234
102000152,192,214,-22
102000153,1326,620,706
102000154,450,830,-380
102000155,155,356,-201
102000156,653,101,552
102000157,148,291,-143
102000158,756,601,155
102000159,1398,565,833
102000161,4753,2826,1927
102000162,317,172,145
102000163,160,668,-508
102000164,1278,1429,-151
102000165,392,158,234
102000166,103,222,-119
102000167,335,265,70
102000168,373,169,204
102000169,163,968,-805
102000170,814,228,586
102000171,320,128,192
102000172,370,523,-153
102000173,722,347,375
102000174,81,68,13
102000175,151,186,-35
102000176,60,35,25
102000178,500,595,-95
102000179,889,341,548
102000180,856,587,269
102000181,722,828,-106
102000182,627,781,-154
102000183,1786,2279,-493
102000184,2005,936,1069
102000185,2476,1768,708
102000186,1266,2255,-989
102000187,1330,2025,-695
102000188,1502,1754,-252
102000189,2769,1088,1681
102000190,641,2986,-2345
102000191,1446,701,745
102000192,1405,1872,-467
102000193,68,177,-109
102000194,100,167,-67
102000195,555,576,-21
102000196,256,628,-372
102000197,770,429,341
102000198,254,922,-668
102000199,977,439,538
102000200,451,1323,-872
102000201,921,632,289
102000202,2,158,-156
102000203,512,412,100
102000204,543,1132,-589
102000205,1321,796,525
102000206,1240,924,316
102000207,2180,586,1594
102000208,776,634,142
102000209,124,77,47
102000210,472,639,-167
102000211,958,447,511
102000212,491,15,476
102000213,4,400,-396
102000214,365,18,347
102000215,8,607,-599
102000216,66,86,-20
102000217,27,176,-149
102000218,232,230,2
102000219,548,332,216
102000225,957,814,143
102000226,2563,884,1679
102000227,231,5,226
102000228,0,111,-111
102000229,27,31,-4
102000230,445,645,-200
102000231,333,758,-425
102000232,15,307,-292
102000233,558,1175,-617
102000234,135,1352,-1217
102000236,324,129,195
102000237,1215,201,1014
102000238,195,385,-190
102000240,1019,788,231
102000241,204,150,54
102000243,19,106,-87
102000245,50,216,-166
102000246,26,36,-10
102000247,1380,1452,-72
102000248,943,1253,-310
102000249,146,182,-36
102000250,66,592,-526
102000254,90,468,-378
102000266,74,271,-197
102000271,26,1,25
102000286,666,607,59
102000297,2164,1406,758
102000301,0,0,0
102000303,0,0,0
102000305,0,0,0
102000307,0,7,-7
102900001,1344,1246,98
102900002,545,29,516
102900003,60,245,-185
102900005,363,435,-72
102900006,575,273,302
102900007,703,39,664
102900008,220,98,122
102900009,709,273,436
102900010,722,592,130
102900011,2261,509,1752
102900012,395,103,292
102900013,55,85,-30
102900015,811,585,226
102900016,94,159,-65
102900017,157,838,-681
102900018,34,192,-158
102900019,524,580,-56
102900020,153,34,119
102900021,13,182,-169
102900022,744,146,598
102900023,32,69,-37
102900024,48,59,-11
102900025,372,154,218
102900026,688,2065,-1377
102900027,68,61,7
102900028,178,971,-793
102900029,190,217,-27
102900030,828,411,417
102900031,221,149,72
102900032,101,114,-13
102900033,151,254,-103
102900034,505,112,393
102900035,152,383,-231
102900036,364,725,-361
102900037,439,777,-338
102900038,633,784,-151
102900039,38,548,-510
102900040,169,314,-145
102900041,92,240,-148
102900042,206,445,-239
102900043,167,360,-193
102900044,638,2399,-1761
102900045,167,642,-475
102900046,137,300,-163
102900047,180,783,-603
102900048,727,776,-49
102900049,115,387,-272
102900050,281,446,-165
102900051,252,265,-13
102900053,483,883,-400
102900054,946,1065,-119
102900055,81,216,-135
102900056,166,519,-353
102900057,21,63,-42
102900058,286,137,149
102900059,23,69,-46
102900060,139,526,-387
102900061,150,583,-433
102900062,227,1223,-996
102900063,1408,488,920
102900064,162,609,-447
102900065,2086,590,1496
102900066,415,47,368
102900068,161,115,46
102900070,195,564,-369
102900072,17,27,-10
102900073,183,10,173
102900075,79,54,25
102900076,290,99,191
102900077,65,49,16
102900078,62,149,-87
102900079,223,16,207
102900080,350,46,304
102900081,99,297,-198
102900082,9,327,-318
102900083,352,34,318
102900084,13,50,-37
102900085,397,142,255
102900086,17,67,-50
102900087,209,136,73
102900088,47,38,9
102900089,431,160,271
102900090,2,560,-558
102900091,217,5,212
102900092,478,1084,-606
102900094,8,104,-96
102900095,92,5,87
102900096,51,29,22
102900097,100,242,-142
103000001,2793,3398,-605
103000002,3133,3145,-12
103000003,4768,3464,1304
103000004,1173,1008,165
103000005,2397,4603,-2206
103000006,817,2039,-1222
103000007,607,1113,-506
103000008,1437,1079,358
103000009,1451,1283,168
103000010,332,324,8
103000011,2003,1660,343
103000012,1496,1885,-389
103000013,6397,2640,3757
103000014,1494,3377,-1883
103000015,2764,990,1774
103000016,655,1975,-1320
103000017,227,545,-318
103000018,1120,587,533
103000019,294,335,-41
103000020,3738,1663,2075
103000021,2430,1771,659
103000022,1235,1359,-124
103000023,776,2273,-1497
103000024,107,279,-172
103000025,124,694,-570
103000026,1800,202,1598
103000027,425,651,-226
103000028,646,546,100
103000029,371,284,87
103000030,2389,992,1397
103000031,2103,2565,-462
103000032,2494,2445,49
103000033,3156,3351,-195
103000034,2130,1391,739
103000035,489,1865,-1376
103000036,525,678,-153
103000037,735,596,139
103000038,601,1286,-685
103000039,412,580,-168
103000040,484,1485,-1001
103000041,2015,3332,-1317
103000042,1214,785,429
103000043,565,1398,-833
103000044,242,242,0
103000046,325,633,-308
103000047,781,846,-65
103000048,213,234,-21
103000049,132,248,-116
103000050,802,797,5
103000051,542,752,-210
103000052,1036,559,477
103000053,246,884,-638
103000054,2660,1563,1097
103000055,2186,2576,-390
103000056,756,2582,-1826
103000057,535,412,123
103000058,746,1031,-285
103000059,502,1026,-524
103000060,1196,958,238
103000061,617,1186,-569
103000062,1226,988,238
103000063,780,939,-159
103000064,206,317,-111
103000065,6,446,-440
103000066,221,19,202
103000069,436,502,-66
103000070,1298,1242,56
103000071,1279,585,694
103000072,106,928,-822
103000073,630,120,510
103000074,725,134,591
103000075,113,899,-786
103000076,379,352,27
103000077,96,471,-375
103000078,1939,713,1226
103000079,1422,910,512
103000080,1784,496,1288
103000081,758,1328,-570
103000082,612,258,354
103000083,129,358,-229
103000084,186,6,180
103000085,13,233,-220
103000086,1236,481,755
103000087,218,798,-580
103000088,517,471,46
103000089,340,668,-328
103000090,2386,871,1515
103000091,632,608,24
103000092,407,370,37
103000093,351,515,-164
103000094,151,107,44
103000095,77,434,-357
103000096,753,126,627
103000097,129,804,-675
103000098,1396,240,1156
103000099,677,695,-18
103000100,116,996,-880
103000101,999,139,860
103000102,163,804,-641
103000103,733,283,450
103000104,75,124,-49
103000105,134,130,4
103000106,19,100,-81
103000107,243,77,166
103000108,1375,653,722
103000109,458,459,-1
103000110,476,505,-29
103000111,751,492,259
103000112,538,294,244
103000113,1352,906,446
103000114,2811,517,2294
103000115,606,650,-44
103000116,552,653,-101
103000117,376,566,-190
103000118,1508,1092,416
103000119,1936,770,1166
103000120,201,163,38
103000121,605,981,-376
103000122,762,611,151
103000125,14,410,-396
103000126,680,14,666
103000127,2,262,-260
103000128,210,8,202
103000129,1,171,-170
103000130,84,46,38
103000131,203,100,103
103000132,155,175,-20
103000133,18,103,-85
103000134,911,1074,-163
103000135,865,450,415
103000136,1010,644,366
103000137,847,852,-5
103000138,1117,1027,90
103000139,9,101,-92
103000140,226,28,198
103000141,84,177,-93
103000142,221,126,95
103000143,101,269,-168
103000144,243,131,112
103000145,60,34,26
103000150,112,63,49
103000152,450,297,153
103000153,399,209,190
103000156,5,520,-515
103000157,541,8,533
103000159,151,27,124
103000162,213,42,171
103000163,26,51,-25
103000164,57,20,37
103000165,187,560,-373
103000166,251,392,-141
103000167,235,104,131
103000168,123,226,-103
103000169,254,581,-327
103000170,724,613,111
103000171,77,84,-7
103000172,474,456,18
103000173,549,821,-272
103000174,187,419,-232
103000175,239,475,-236
103000176,1135,760,375
103000177,818,685,133
103000178,294,455,-161
103000179,124,55,69
103000183,176,32,144
103000185,94,91,3
103000186,173,212,-39
103000187,576,661,-85
103000188,10,58,-48
103000189,2135,1176,959
103000191,536,589,-53
103000292,2609,2061,548
103000293,1389,2099,-710
103000295,174,142,32
103000296,601,4,597
103000297,36,14,22
103000504,33,15,18
103000505,23,23,0
103000506,0,280,-280
103000507,204,18,186
103000508,95,33,62
103000509,234,787,-553
103900001,14,497,-483
103900002,1955,182,1773
103900003,2199,175,2024
103900004,97,0,97
103900005,0,303,-303
103900006,2,0,2
103900007,48,0,48
103900008,35,1,34
103900009,237,504,-267
103900010,239,366,-127
103900011,311,238,73
103900012,11,31,-20
103900013,53,102,-49
103900014,60,34,26
103900015,50,12,38
103900016,317,243,74
103900017,36,109,-73
103900018,897,241,656
103900019,57,394,-337
103900020,243,434,-191
103900021,976,97,879
103900022,1328,821,507
103900023,108,4,104
103900024,142,543,-401
103900025,20,54,-34
103900026,162,1,161
103900027,845,398,447
103900028,19,339,-320
103900029,1337,189,1148
103900030,593,76,517
103900031,22,2,20
103900032,98,121,-23
103900033,313,9,304
103900034,23,204,-181
103900035,30,59,-29
103900036,62,30,32
103900037,121,67,54
103900038,108,231,-123
103900039,67,429,-362
103900040,30,314,-284
103900041,57,58,-1
103900042,64,480,-416
103900043,160,131,29
103900044,155,328,-173
103900045,362,240,122
103900047,72,35,37
103900048,107,18,89
103900049,317,1624,-1307
103900050,7,116,-109
103900051,0,31,-31
103900052,230,598,-368
103900053,234,966,-732
103900054,115,632,-517
103900055,516,295,221
103900056,59,68,-9
103900057,56,244,-188
103900058,319,972,-653
103900059,0,10,-10
103900060,39,278,-239
103900061,143,58,85
103900062,360,126,234
103900063,18,1,17
103900064,97,5,92
103900065,892,557,335
103900066,127,11,116
103900067,253,10,243
103900068,10,0,10
103900069,141,11,130
103900070,176,363,-187
103900071,21,203,-182
103900072,12,307,-295
103900073,57,33,24
103900074,76,119,-43
103900075,267,124,143
103900076,389,707,-318
103900077,69,124,-55
103900078,236,172,64
103900079,102,276,-174
103900080,21,54,-33
103900081,241,26,215
103900082,37,118,-81
103900083,2078,1333,745
103900084,84,165,-81
103900085,98,203,-105
103900086,728,365,363
103900088,463,497,-34
103900089,42,220,-178
103900090,1,231,-230
103900091,1240,373,867
103900092,1276,563,713
103900093,115,354,-239
103900094,11,163,-152
103900095,883,268,615
103900096,36,268,-232
103900097,18,552,-534
103900098,234,144,90
103900099,90,226,-136
103900100,198,506,-308
103900101,75,1270,-1195
103900102,1,41,-40
103900104,5,37,-32
103900105,113,334,-221
103900106,0,25,-25
103900107,98,266,-168
103900108,65,500,-435
103900109,95,108,-13
103900110,322,66,256
103900111,112,697,-585
103900112,29,72,-43
103900113,148,292,-144
103900114,640,431,209
103900115,308,269,39
103900116,7611,3363,4248
103900117,199,144,55
103900119,43,101,-58
103900120,95,141,-46
103900122,93,347,-254
103900123,2218,899,1319
103900124,59,601,-542
103900125,173,102,71
103900126,572,613,-41
103900127,210,716,-506
103900128,91,206,-115
103900131,23,180,-157
103900133,1117,124,993
103900134,0,6,-6
103900135,12,6,6
103900137,1,70,-69
103900138,131,451,-320
103900139,472,1882,-1410
103900140,11,151,-140
103900141,347,111,236
103900142,188,259,-71
103900143,36,4,32
103900144,7,93,-86
103900145,125,345,-220
103900146,370,375,-5
103900147,520,164,356
103900148,217,290,-73
103900149,308,970,-662
103900150,9141,4701,4440
103900151,60,189,-129
103900152,497,587,-90
103900153,21,6,15
103900154,1366,2277,-911
103900155,37,344,-307
103900156,55,222,-167
103900157,71,360,-289
103900158,80,215,-135
103900159,189,101,88
103900160,88,41,47
103900161,141,259,-118
103900162,83,251,-168
103900163,8,495,-487
103900167,37,117,-80
103900168,108,120,-12
103900169,50,59,-9
103900170,4,199,-195
103900171,1,73,-72
103900172,6,26,-20
103900173,24,16,8
103900174,168,97,71
103900175,93,89,4
103900176,19,58,-39
103900177,24,73,-49
103900178,45,98,-53
103900179,55,196,-141
103900180,24,147,-123
103900181,92,44,48
103900182,61,18,43
103900184,668,79,589
103900185,292,370,-78
103900187,50,103,-53
103900188,85,25,60
103900189,114,11,103
103900190,88,75,13
103900191,33,67,-34
103900192,72,123,-51
103900193,242,231,11
103900194,108,350,-242
103900195,15,98,-83
103900196,30,48,-18
103900197,15,29,-14
103900198,19,79,-60
103900199,195,68,127
103900200,160,205,-45
103900201,113,236,-123
103900202,16,59,-43
103900203,29,41,-12
103900204,3,135,-132
103900207,2,193,-191
103900208,112,1,111
103900209,21,134,-113
103900210,53,34,19
103900211,596,570,26
103900212,76,516,-440
103900213,165,334,-169
103900214,483,194,289
103900215,769,505,264
103900216,10,522,-512
103900217,583,160,423
103900218,2,553,-551
103900219,243,468,-225
103900233,142,4,138
103900235,99,36,63
103900236,65,9,56
103900242,12,56,-44
103900243,17,17,0
103900244,144,345,-201
103900245,130,215,-85
103900246,102,68,34
103900247,62,161,-99
103900248,29,81,-52
103900249,53,49,4
103900250,70,44,26
103900251,7,44,-37
103900253,114,104,10
103900254,10,36,-26
103900255,59,28,31
103900256,38,62,-24
103900257,243,349,-106
103900258,98,3,95
103900259,221,16,205
103900261,8,8,0
103900262,57,11,46
103900263,75,168,-93
103900264,93,97,-4
103900265,143,41,102
103900266,5,123,-118
103900267,7,86,-79
103900268,27,168,-141
103900269,153,60,93
103900270,63,234,-171
103900271,132,199,-67
103900272,113,123,-10
103900273,36,99,-63
103900274,63,16,47
103900275,58,9,49
103900276,5,160,-155
103900277,8,132,-124
103900278,13,87,-74
103900279,3,30,-27
103900280,2,177,-175
104000001,2470,2555,-85
104000002,1974,3613,-1639
104000003,2821,2865,-44
104000004,3475,3496,-21
104000005,1675,2320,-645
104000006,3557,3538,19
104000007,4793,5189,-396
104000008,438,458,-20
104000009,215,145,70
104000010,148,298,-150
104000011,882,473,409
104000012,177,505,-328
104000013,241,196,45
104000014,306,910,-604
104000015,353,193,160
104000016,583,523,60
104000018,795,194,601
104000019,661,218,443
104000020,235,742,-507
104000021,379,674,-295
104000022,176,323,-147
104000023,800,490,310
104000024,304,549,-245
104000026,85,441,-356
104000027,440,481,-41
104000028,469,327,142
104000029,480,602,-122
104000030,347,298,49
104000031,1177,461,716
104000032,272,397,-125
104000033,503,512,-9
104000034,336,445,-109
104000035,824,529,295
104000036,849,658,191
104000037,355,344,11
104000038,353,426,-73
104000039,213,352,-139
104000040,360,487,-127
104000041,979,475,504
104000042,312,502,-190
104000043,462,578,-116
104000044,301,899,-598
104000045,1249,1397,-148
104000046,1674,2088,-414
104000047,884,1410,-526
104000048,1116,1965,-849
104000049,624,412,212
104000050,292,849,-557
104000051,145,847,-702
104000052,1745,1912,-167
104000053,1239,736,503
104000054,653,494,159
104000055,4241,2962,1279
104000056,1886,432,1454
104000057,251,759,-508
104000058,1043,1002,41
104000059,695,1554,-859
104000060,1365,1547,-182
104000061,2092,1397,695
104000062,604,279,325
104000064,670,454,216
104000065,277,617,-340
104000069,1835,1232,603
104000070,109,579,-470
104000071,335,751,-416
104000072,851,479,372
104000075,81,453,-372
104000076,751,98,653
104000082,2608,3711,-1103
104000083,930,292,638
104000084,184,658,-474
104000085,394,370,24
104000086,287,483,-196
104000087,509,1818,-1309
104000090,841,1854,-1013
104000092,1164,3228,-2064
104000094,1023,2304,-1281
104000095,2161,1908,253
104000096,1715,440,1275
104000097,1880,1242,638
104000098,1898,1444,454
104000100,1827,824,1003
104000101,1674,2728,-1054
104000106,189,785,-596
104000107,633,755,-122
104000108,455,720,-265
104000109,353,116,237
104000110,1103,1359,-256
104000111,5011,2543,2468
104000112,2857,722,2135
104000116,3,1489,-1486
104000117,152,954,-802
104000118,695,328,367
104000119,619,348,271
104000120,258,1032,-774
104000121,211,876,-665
104000122,718,997,-279
104000123,1331,1492,-161
104000124,1057,3148,-2091
104000125,5017,4449,568
104000126,382,561,-179
104000127,1875,3855,-1980
104000128,978,575,403
104000129,563,57,506
104000130,16,368,-352
104000131,1051,607,444
104000132,1082,782,300
104000133,1538,1205,333
104000134,1036,2305,-1269
104000135,570,1933,-1363
104000136,852,4009,-3157
104000137,1770,412,1358
104000138,1494,636,858
104000139,8168,3371,4797
104000141,1401,1801,-400
104000142,684,868,-184
104000143,616,697,-81
104000144,79,226,-147
104000145,519,231,288
104000146,375,775,-400
104000147,133,450,-317
104000148,296,198,98
104000149,197,370,-173
104000150,1141,577,564
104000151,427,671,-244
104000152,530,742,-212
104000153,606,633,-27
104000154,1306,924,382
104000155,458,620,-162
104000157,1230,1871,-641
104000158,470,399,71
104000159,825,518,307
104000160,1752,2082,-330
104000161,292,236,56
104000162,101,206,-105
104000165,1691,1419,272
104000167,684,1083,-399
104000168,621,4,617
104000169,121,64,57
104000170,573,592,-19
104000248,394,947,-553
104000251,110,315,-205
104000272,0,0,0
104000273,0,0,0
104000274,0,0,0
104000275,0,0,0
104000279,763,584,179
104000290,279,470,-191
104000291,1057,1617,-560
104000293,964,804,160
104000294,25,1,24
104000295,837,1004,-167
104000296,466,1008,-542
104000297,825,1941,-1116
104000298,2397,1074,1323
104000299,956,1959,-1003
104000302,67,129,-62
104000303,150,146,4
104900001,165,427,-262
104900002,68,223,-155
104900003,55,356,-301
104900004,84,356,-272
104900005,416,218,198
104900006,325,110,215
104900007,298,279,19
104900009,122,404,-282
104900010,79,48,31
104900011,29,8,21
104900012,265,49,216
104900013,138,34,104
104900014,3670,371,3299
104900015,120,14,106
104900016,173,375,-202
104900017,262,227,35
104900018,11,207,-196
104900019,440,2694,-2254
104900020,71,377,-306
104900021,3,377,-374
104900022,15,155,-140
104900023,2,140,-138
104900024,21,149,-128
104900025,92,343,-251
104900026,5,135,-130
104900027,504,334,170
104900028,15,140,-125
104900029,84,114,-30
104900030,563,234,329
104900031,112,363,-251
104900032,56,183,-127
104900033,173,317,-144
104900034,381,140,241
104900035,275,188,87
104900036,216,96,120
104900037,149,288,-139
104900038,667,761,-94
104900039,1267,451,816
104900040,330,113,217
104900041,216,224,-8
104900042,186,358,-172
104900043,17,152,-135
104900044,464,268,196
104900045,491,87,404
104900046,185,142,43
104900047,372,155,217
104900048,274,94,180
104900049,43,40,3
104900050,313,89,224
104900051,297,47,250
104900052,50,1,49
104900053,422,94,328
104900054,155,57,98
104900055,149,3,146
104900056,220,15,205
104900057,46,2,44
104900058,947,170,777
104900059,264,87,177
104900060,3,451,-448
104900061,324,630,-306
104900063,2,166,-164
104900064,0,115,-115
104900065,0,198,-198
104900066,1,192,-191
104900067,5,420,-415
104900068,11,257,-246
104900070,195,300,-105
104900071,5,721,-716
104900072,33,298,-265
104900073,44,278,-234
104900074,57,252,-195
104900075,67,68,-1
104900076,79,355,-276
104900077,1406,166,1240
104900078,237,643,-406
104900079,100,581,-481
104900080,110,551,-441
104900082,27,411,-384
104900085,0,252,-252
104900087,502,7,495
104900089,148,0,148
104900090,810,727,83
104900091,657,765,-108
104900093,304,725,-421
104900097,2701,1745,956
104900098,83,57,26
104900099,980,1093,-113
104900100,641,363,278
104900102,58,217,-159
104900103,454,106,348
104900104,3626,1852,1774
104900106,111,155,-44
104900107,139,363,-224
104900108,25,372,-347
104900109,90,324,-234
104900110,10,77,-67
104900111,130,124,6
104900112,288,958,-670
104900113,683,469,214
104900114,368,665,-297
104900115,698,522,176
104900116,303,262,41
104900118,44,78,-34
104900119,3,41,-38
104900120,63,235,-172
104900121,2,131,-129
104900122,7,100,-93
104900123,40,16,24
104900124,27,0,27
104900125,458,4,454
104900126,86,99,-13
104900127,55,73,-18
104900128,124,300,-176
104900129,2506,1921,585
105000001,2865,1887,978
105000002,2813,2015,798
105000003,4030,4211,-181
105000004,752,1368,-616
105000005,924,1311,-387
105000006,1527,1768,-241
105000007,1661,1734,-73
105000008,2332,3259,-927
105000009,2270,3676,-1406
105000010,4019,3279,740
105000011,3033,2970,63
105000012,5271,3934,1337
105000013,1023,1518,-495
105000014,2012,2819,-807
105000015,10138,11394,-1256
105000016,4262,2667,1595
105000017,2140,1116,1024
105000018,1958,2163,-205
105000019,2135,1238,897
105000020,257,572,-315
105000021,773,204,569
105000022,299,82,217
105000023,531,295,236
105000028,99,144,-45
105000029,671,1189,-518
105000030,5402,4254,1148
105000031,4,35,-31
105000033,1745,2669,-924
105000034,253,953,-700
105000037,817,550,267
105000038,2145,1821,324
105000039,3528,2308,1220
105000040,977,1083,-106
105000041,677,1529,-852
105000042,3267,1659,1608
105000043,2223,2410,-187
105000044,570,464,106
105000045,375,1009,-634
105000046,1033,458,575
105000047,585,1843,-1258
105000048,874,255,619
105000049,316,942,-626
105000050,825,534,291
105000051,262,747,-485
105000052,694,1116,-422
105000053,311,180,131
105000054,561,1159,-598
105000055,1338,416,922
105000056,1478,3204,-1726
105000057,1540,1075,465
105000058,1883,1774,109
105000059,857,835,22
105000060,777,963,-186
105000061,787,753,34
105000062,1191,1252,-61
105000063,411,795,-384
105000064,1344,929,415
105000065,593,981,-388
105000066,1474,2273,-799
105000067,1384,954,430
105000068,922,1126,-204
105000069,3580,1891,1689
105000070,1144,884,260
105000071,518,947,-429
105000072,1371,2702,-1331
105000073,1050,765,285
105000074,1467,1149,318
105000075,1059,937,122
105000076,2031,1248,783
105000077,3003,1128,1875
105000078,1724,1531,193
105000079,2096,2792,-696
105000080,2064,1361,703
105000081,3715,1321,2394
105000082,1603,1170,433
105000083,3997,1981,2016
105000084,1165,1235,-70
105000085,1823,1468,355
105000086,789,1384,-595
105000087,2697,2497,200
105000088,2020,2131,-111
105000089,3804,2571,1233
105000090,1246,1085,161
105000091,1986,2136,-150
105000092,913,1335,-422
105000093,608,318,290
105000094,322,277,45
105000095,158,642,-484
105000096,1762,1107,655
105000097,1946,805,1141
105000098,1870,801,1069
105000099,2067,1013,1054
105000100,1282,1456,-174
105000101,2551,2431,120
105000102,1962,1986,-24
105000103,1826,2580,-754
105000104,2455,1317,1138
105000105,1609,2527,-918
105000106,1752,2126,-374
105000107,1345,1117,228
105000108,1317,2067,-750
105000109,1711,2416,-705
105000110,821,1066,-245
105000111,901,1168,-267
105000112,1303,1189,114
105000113,519,966,-447
105000114,4371,1487,2884
105000115,431,1454,-1023
105000116,913,689,224
105000117,1231,1719,-488
105000118,573,541,32
105000119,718,1466,-748
105000120,1142,751,391
105000121,1063,1552,-489
105000122,479,856,-377
105000123,1549,1843,-294
105000124,2057,1208,849
105000125,1048,2507,-1459
105000126,2451,2400,51
105000127,2856,2772,84
105000128,1121,1543,-422
105000129,1089,469,620
105000130,331,2449,-2118
105000131,1169,582,587
105000132,885,693,192
105000133,565,1308,-743
105000134,781,700,81
105000135,645,1044,-399
105000136,227,518,-291
105000137,487,355,132
105000138,245,515,-270
105000139,1305,1382,-77
105000140,353,684,-331
105000141,340,806,-466
105000142,150,660,-510
105000143,261,887,-626
105000144,361,1097,-736
105000145,678,530,148
105000146,711,1208,-497
105000147,689,482,207
105000148,1361,787,574
105000149,2589,2520,69
105000150,2460,2060,400
105000151,675,487,188
105000152,211,711,-500
105000153,628,729,-101
105000154,874,923,-49
105000155,438,1024,-586
105000156,1134,1081,53
105000157,994,2190,-1196
105000158,2118,1018,1100
105000159,330,1467,-1137
105000160,1891,778,1113
105000161,790,1812,-1022
105000162,899,1983,-1084
105000163,1732,1462,270
105000164,217,437,-220
105000165,1750,5615,-3865
105000166,8537,946,7591
105000167,3071,1675,1396
105000168,374,909,-535
105000169,548,401,147
105000170,252,1694,-1442
105000171,1383,447,936
105000172,190,38,152
105000173,192,30,162
105000174,115,43,72
105000175,105,221,-116
105000176,348,143,205
105000177,293,224,69
105000178,140,813,-673
105000179,523,233,290
105000180,141,159,-18
105000181,101,509,-408
105000182,55,64,-9
105000183,3160,2076,1084
105000184,2275,1229,1046
105000185,1889,1105,784
105000186,937,1100,-163
105000187,1205,261,944
105000188,598,127,471
105000189,376,682,-306
105000190,430,472,-42
105000191,467,471,-4
105000192,378,99,279
105000193,149,151,-2
105000194,481,144,337
105000195,285,1004,-719
105000196,149,227,-78
105000197,283,742,-459
105000198,679,408,271
105000199,430,780,-350
105000200,172,234,-62
105000201,177,29,148
105000203,6,249,-243
105000204,109,82,27
105000205,149,292,-143
105000207,656,280,376
105000208,259,568,-309
105000209,239,419,-180
105000211,229,23,206
105000212,1329,1753,-424
105000213,284,257,27
105000214,178,394,-216
105000215,294,306,-12
105000216,179,416,-237
105000217,153,360,-207
105000218,1207,1496,-289
105000221,197,319,-122
105000222,612,67,545
105000223,400,230,170
105000226,104,463,-359
105000227,95,267,-172
105000228,441,1409,-968
105000229,140,410,-270
105000231,394,368,26
105000233,1088,896,192
105000234,752,1686,-934
105000235,448,852,-404
105000237,841,116,725
105000243,47,84,-37
105000248,154,92,62
105000262,319,1737,-1418
105000269,126,286,-160
105000270,396,87,309
105000271,0,310,-310
105000282,129,85,44
105000287,404,124,280
105000288,632,554,78
105000289,3224,1802,1422
105000290,65,8,57
105000402,4893,3147,1746
105000426,627,725,-98
105000438,3977,1352,2625
105000440,24,53,-29
105000446,15208,6796,8412
105000447,8618,3925,4693
105000454,410,1058,-648
105000455,323,245,78
105000474,30,5,25
105000477,332,546,-214
105000478,2071,3781,-1710
105000479,242,185,57
105000480,7860,4863,2997
105000481,4085,3458,627
105000482,6621,6714,-93
105000483,1804,2134,-330
105000484,3564,3505,59
105000485,1998,2760,-762
105000486,5394,3811,1583
105000488,9687,6069,3618
105000489,1029,1034,-5
105000549,119,194,-75
105000550,733,1784,-1051
105000551,42,149,-107
105000552,4381,2692,1689
105000555,1674,1106,568
105000556,47,64,-17
105000557,62,320,-258
105900001,10,1293,-1283
105900002,1689,873,816
105900003,19,205,-186
105900004,389,117,272
105900005,6,374,-368
105900006,3,112,-109
105900007,163,35,128
105900008,65,898,-833
105900009,32,23,9
105900011,212,68,144
105900012,727,140,587
105900013,1,25,-24
105900014,8,78,-70
105900015,194,419,-225
105900016,528,784,-256
105900017,1283,84,1199
105900018,186,284,-98
105900019,111,496,-385
105900020,49,73,-24
105900021,39,279,-240
105900022,294,323,-29
105900023,5,124,-119
105900024,14,153,-139
105900025,157,68,89
105900026,303,43,260
105900027,5834,9119,-3285
105900028,430,213,217
105900029,2131,448,1683
105900030,353,372,-19
105900031,444,210,234
105900032,96,161,-65
105900033,435,169,266
105900034,163,277,-114
105900035,324,227,97
105900036,70,151,-81
105900037,111,90,21
105900038,146,454,-308
105900039,134,162,-28
105900040,101,120,-19
105900041,243,397,-154
105900042,59,153,-94
105900043,2230,55,2175
105900044,8,526,-518
105900045,5,907,-902
105900046,4,223,-219
105900047,1,48,-47
105900048,155,814,-659
105900050,7119,1217,5902
105900051,5,1376,-1371
105900052,712,350,362
105900053,4922,3034,1888
105900054,453,320,133
105900056,843,401,442
105900057,36,129,-93
105900058,14,27,-13
105900059,1,42,-41
106000001,4788,2844,1944
106000002,2960,6260,-3300
106000003,3620,4481,-861
106000004,2680,3581,-901
106000005,3117,6251,-3134
106000006,7325,5788,1537
106000007,618,712,-94
106000008,467,440,27
106000009,493,489,4
106000010,645,688,-43
106000011,904,1318,-414
106000012,961,1871,-910
106000013,1864,2393,-529
106000014,2190,2205,-15
106000015,1499,1418,81
106000016,1476,2786,-1310
106000017,718,924,-206
106000018,839,667,172
106000019,422,542,-120
106000020,298,553,-255
106000021,347,581,-234
106000022,437,383,54
106000023,768,461,307
106000024,710,944,-234
106000025,137,284,-147
106000026,146,330,-184
106000027,1400,1877,-477
106000028,642,751,-109
106000029,1337,1494,-157
106000030,835,467,368
106000034,286,758,-472
106000035,1444,2011,-567
106000036,345,478,-133
106000037,2399,1880,519
106000038,507,164,343
106000039,223,96,127
106000040,295,1077,-782
106000041,1037,489,548
106000043,645,224,421
106000046,476,78,398
106000047,76,521,-445
106000049,1116,297,819
106000050,374,1091,-717
106000051,654,513,141
106000052,130,710,-580
106000053,276,142,134
106000054,413,577,-164
106000055,1006,1324,-318
106000056,334,474,-140
106000057,280,363,-83
106000058,182,244,-62
106000059,278,316,-38
106000060,483,650,-167
106000061,221,640,-419
106000062,152,652,-500
106000063,653,714,-61
106000064,50,533,-483
106000065,359,326,33
106000066,143,445,-302
106000067,631,103,528
106000068,104,810,-706
106000069,263,108,155
106000070,489,1024,-535
106000071,990,385,605
106000072,4544,2143,2401
106000073,2310,3310,-1000
106000074,744,955,-211
106000075,412,1644,-1232
106000076,2027,2485,-458
106000077,3951,1723,2228
106000078,995,1256,-261
106000079,708,1294,-586
106000080,1380,880,500
106000081,744,1604,-860
106000082,2597,1098,1499
106000083,384,1847,-1463
106000084,1283,940,343
106000085,1683,1925,-242
106000086,709,1084,-375
106000087,1053,708,345
106000088,446,911,-465
106000089,962,499,463
106000090,330,797,-467
106000091,292,665,-373
106000092,704,322,382
106000093,430,163,267
106000094,128,379,-251
106000095,783,1193,-410
106000096,1167,813,354
106000097,1044,1353,-309
106000098,881,1258,-377
106000099,270,1042,-772
106000100,1490,300,1190
106000101,1176,356,820
106000102,215,740,-525
106000103,335,682,-347
106000104,871,605,266
106000105,448,923,-475
106000106,602,647,-45
106000107,159,522,-363
106000108,383,452,-69
106000109,141,490,-349
106000110,277,408,-131
106000111,216,649,-433
106000112,214,624,-410
106000113,1120,737,383
106000114,656,656,0
106000115,246,639,-393
106000116,229,337,-108
106000117,1139,937,202
106000118,1258,1601,-343
106000119,2127,1350,777
106000120,805,1312,-507
106000121,228,181,47
106000122,120,365,-245
106000123,372,232,140
106000124,81,405,-324
106000125,49,366,-317
106000126,281,182,99
106000127,995,1212,-217
106000128,809,334,475
106000129,612,790,-178
106000130,656,519,137
106000131,185,1024,-839
106000132,912,195,717
106000133,3363,1584,1779
106000134,808,2105,-1297
106000135,303,922,-619
106000136,697,1114,-417
106000137,128,1366,-1238
106000138,1045,129,916
106000139,60,157,-97
106000140,66,97,-31
106000141,220,115,105
106000142,71,70,1
106000143,38,94,-56
106000144,37,78,-41
106000145,256,304,-48
106000146,325,217,108
106000147,562,597,-35
106000148,922,1197,-275
106000149,633,499,134
106000150,581,2425,-1844
106000151,4857,1029,3828
106000152,1803,2314,-511
106000153,138,2081,-1943
106000154,1878,335,1543
106000155,137,257,-120
106000156,741,310,431
106000157,679,2103,-1424
106000158,3423,1123,2300
106000159,4386,2097,2289
106000160,404,3053,-2649
106000161,1772,504,1268
106000162,244,1089,-845
106000163,425,627,-202
106000164,429,449,-20
106000165,254,798,-544
106000166,784,346,438
106000167,442,1444,-1002
106000168,479,341,138
106000169,231,787,-556
106000170,799,321,478
106000171,165,1360,-1195
106000172,3127,1457,1670
106000173,1205,3363,-2158
106000174,1390,559,831
106000175,382,1232,-850
106000176,1663,852,811
106000177,1041,2899,-1858
106000178,3553,2187,1366
106000179,1286,2911,-1625
106000180,921,1841,-920
106000181,770,2056,-1286
106000182,1073,812,261
106000183,1188,912,276
106000184,2699,974,1725
106000185,1857,1177,680
106000186,1012,209,803
106000187,292,1381,-1089
106000188,1,6,-5
106000189,15,90,-75
106000190,24,0,24
106000191,680,278,402
106000192,21,26,-5
106000193,371,273,98
106000194,235,373,-138
106000195,519,129,390
106000196,112,435,-323
106000197,544,365,179
106000198,160,390,-230
106000199,914,909,5
106000200,393,247,146
106000201,614,3435,-2821
106000202,5974,762,5212
106000203,127,267,-140
106000204,74,15,59
106000205,24,203,-179
106000206,129,18,111
106000207,64,1079,-1015
106000208,1326,207,1119
106000209,1382,409,973
106000210,281,1426,-1145
106000211,413,1543,-1130
106000212,978,398,580
106000213,889,1937,-1048
106000214,2902,705,2197
106000215,418,646,-228
106000216,508,505,3
106000217,336,607,-271
106000218,564,503,61
106000219,181,427,-246
106000220,414,361,53
106000221,156,312,-156
106000222,59,128,-69
106000223,177,153,24
106000224,194,346,-152
106000225,84,118,-34
106000226,160,351,-191
106000228,55,159,-104
106000229,160,854,-694
106000231,977,210,767
106000232,97,450,-353
106000233,776,133,643
106000234,147,217,-70
106000235,763,131,632
106000236,236,35,201
106000237,4,20,-16
106000238,168,22,146
106000239,2,190,-188
106000240,83,8,75
106000241,10,817,-807
106000242,382,40,342
106000249,71,100,-29
106000250,64,679,-615
106000251,96,80,16
106000252,41,125,-84
106000253,55,124,-69
106000254,43,66,-23
106000255,19,165,-146
106000256,67,91,-24
106000257,169,280,-111
106000258,331,29,302
106000259,4,78,-74
106000260,46,18,28
106000261,9,71,-62
106000262,136,19,117
106000263,28,117,-89
106000264,213,12,201
106000265,22,211,-189
106000266,168,39,129
106000267,3,88,-85
106000268,637,86,551
106000269,82,87,-5
106000270,202,701,-499
106000271,87,282,-195
106000272,239,86,153
106000273,20,352,-332
106000274,204,69,135
106000275,172,305,-133
106000276,197,64,133
106000277,145,238,-93
106000278,307,81,226
106000279,42,54,-12
106000280,122,161,-39
106000281,95,80,15
106000282,67,96,-29
106000283,155,109,46
106000284,66,114,-48
106000285,138,143,-5
106000286,74,143,-69
106000287,147,114,33
106000288,101,194,-93
106000289,91,105,-14
106000290,77,110,-33
106000291,66,146,-80
106000292,150,150,0
106000293,101,133,-32
106000294,132,165,-33
106000295,38,71,-33
106000296,38,121,-83
106000297,66,299,-233
106000298,126,67,59
106000299,91,170,-79
106000300,49,94,-45
106000301,89,107,-18
106000303,22,105,-83
106000304,33,40,-7
106000305,43,81,-38
106000306,30,79,-49
106000307,61,33,28
106000308,45,184,-139
106000309,27,66,-39
106000310,367,643,-276
106000311,309,172,137
106000312,105,193,-88
106000313,150,264,-114
106000318,243,409,-166
106000319,1306,251,1055
106000320,4,42,-38
106000321,422,83,339
106000322,138,255,-117
106000324,16,181,-165
106000325,1661,1126,535
106000326,1236,2201,-965
106000327,181,146,35
106000328,18,143,-125
106000329,73,382,-309
106000330,35,69,-34
106000428,100,222,-122
106000429,204,588,-384
106000430,541,1737,-1196
106000431,2459,532,1927
106000432,2298,3888,-1590
106000433,2344,1564,780
106000434,3578,1858,1720
106000435,2412,3476,-1064
106000436,17,317,-300
106000437,417,21,396
106000438,966,228,738
106000439,75,502,-427
106000440,252,600,-348
106000441,1,1,0
106000442,311,19,292
106000443,147,423,-276
106000450,7,208,-201
106000451,36,72,-36
106000454,5,252,-247
106000455,16,204,-188
106000456,167,45,122
106000457,12,1232,-1220
106000458,727,191,536
106000459,256,578,-322
106000460,1351,52,1299
106000461,123,1670,-1547
106000462,1,43,-42
106000463,5,46,-41
106000464,2,563,-561
106000465,581,3,578
106000466,3,736,-733
106000467,639,628,11
106000468,79,221,-142
106000469,287,1,286
106000470,322,2092,-1770
106000471,41,768,-727
106000472,174,11,163
106000473,40,31,9
106000474,436,785,-349
106000475,430,287,143
106000476,269,241,28
106000477,58,204,-146
106000480,1,379,-378
106900001,0,26,-26
106900002,2,645,-643
106900003,264,953,-689
106900004,0,53,-53
106900006,0,10,-10
106900007,0,20,-20
106900008,326,362,-36
106900009,349,445,-96
106900010,295,390,-95
106900012,2122,2087,35
106900013,605,180,425
106900014,42,3,39
106900015,27,1,26
106900016,333,7,326
106900017,5,0,5
106900018,0,0,0
106900019,33,8,25
106900020,3018,1541,1477
106900021,156,89,67
106900022,675,4,671
106900023,75,313,-238
106900024,492,17,475
106900025,79,707,-628
106900026,6,914,-908
106900027,889,7,882
107000001,4951,3364,1587
107000002,4693,5917,-1224
107000003,5660,7867,-2207
107000004,6184,6769,-585
107000005,4900,6108,-1208
107000006,5700,6966,-1266
107000007,5978,12018,-6040
107000008,15127,12190,2937
107000009,7499,8533,-1034
107000010,13468,14938,-1470
107000011,1561,1812,-251
107000012,5230,4229,1001
107000013,87,187,-100
107000014,38,388,-350
107000015,762,1024,-262
107000016,881,1247,-366
107000017,5992,1187,4805
107000018,29,491,-462
107000020,3839,563,3276
107000021,1713,884,829
107000022,1145,1303,-158
107000023,2383,426,1957
107000024,599,1783,-1184
107000025,329,581,-252
107000026,251,709,-458
107000027,1585,1570,15
107000028,1487,2143,-656
107000029,3578,3211,367
107000030,4026,4434,-408
107000031,4230,2996,1234
107000032,514,1286,-772
107000033,4244,7175,-2931
107000034,5128,2406,2722
107000035,541,378,163
107000036,549,2030,-1481
107000037,92,1029,-937
107000038,430,362,68
107000039,1093,973,120
107000040,214,447,-233
107000041,1935,898,1037
107000042,881,2200,-1319
107000043,3155,1157,1998
107000044,673,411,262
107000045,133,321,-188
107000046,896,467,429
107000047,523,1106,-583
107000048,747,372,375
107000049,721,1032,-311
107000050,1232,741,491
107000051,669,471,198
107000052,1440,1126,314
107000053,471,233,238
107000054,92,371,-279
107000055,423,253,170
107000056,622,1068,-446
107000057,2548,397,2151
107000058,2581,2584,-3
107000059,2820,4490,-1670
107000060,4415,6313,-1898
107000061,6702,4895,1807
107000062,4315,3594,721
107000063,5314,6874,-1560
107000064,5745,2635,3110
107000065,5626,6298,-672
107000066,2461,3220,-759
107000067,1329,1448,-119
107000068,2060,811,1249
107000069,963,593,370
107000070,1154,30,1124
107000071,3011,51,2960
107000072,63,3688,-3625
107000073,754,339,415
107000074,161,1232,-1071
107000075,1851,559,1292
107000076,934,1966,-1032
107000077,3388,1463,1925
107000078,2724,3933,-1209
107000079,2726,1178,1548
107000080,1455,3842,-2387
107000081,1777,806,971
107000082,724,2532,-1808
107000083,1494,534,960
107000084,591,2351,-1760
107000085,3495,4282,-787
107000086,4499,4567,-68
107000087,3249,2852,397
107000088,3961,4637,-676
107000089,1653,2439,-786
107000090,1263,1629,-366
107000091,1409,1096,313
107000092,881,1538,-657
107000093,1292,1026,266
107000094,1380,1705,-325
107000095,767,847,-80
107000096,639,1223,-584
107000097,1015,487,528
107000098,847,926,-79
107000099,553,364,189
107000100,288,310,-22
107000101,75,250,-175
107000102,486,424,62
107000103,351,259,92
107000104,268,494,-226
107000105,436,179,257
107000106,288,391,-103
107000107,810,263,547
107000108,303,963,-660
107000109,796,220,576
107000110,91,718,-627
107000111,366,68,298
107000112,84,433,-349
107000113,657,178,479
107000114,130,870,-740
107000115,536,223,313
107000116,128,1262,-1134
107000117,152,853,-701
107000118,209,306,-97
107000119,2090,1959,131
107000120,2603,590,2013
107000121,683,944,-261
107000122,1364,1145,219
107000123,434,984,-550
107000124,605,1166,-561
107000125,900,1006,-106
107000126,1148,1063,85
107000129,495,1189,-694
107000130,1040,268,772
107000131,558,834,-276
107000132,691,416,275
107000133,1026,144,882
107000134,340,2,338
107000135,8,238,-230
107000136,1183,10,1173
107000137,25,391,-366
107000138,426,28,398
107000139,21,512,-491
107000140,2080,146,1934
107000141,187,1067,-880
107000142,689,157,532
107000143,91,1039,-948
107000144,592,689,-97
107000145,197,740,-543
107000146,214,508,-294
107000147,5448,1518,3930
107000150,954,3097,-2143
107000151,58,100,-42
107000152,701,1512,-811
107000153,370,506,-136
107000154,377,278,99
107000155,1377,32,1345
107000156,1259,26,1233
107000157,43,2339,-2296
107000158,715,30,685
107000159,60,1606,-1546
107000160,1008,191,817
107000161,109,2194,-2085
107000162,281,697,-416
107000163,338,5,333
107000164,674,5,669
107000165,977,9,968
107000166,65,1385,-1320
107000167,548,325,223
107000168,974,550,424
107000169,1120,1106,14
107000170,2115,1042,1073
107000171,624,2633,-2009
107000172,1247,1762,-515
107000173,824,1635,-811
107000174,1050,5091,-4041
107000175,8936,2560,6376
107000176,3,5,-2
107000177,3,0,3
107000178,14,48,-34
107000179,291,3097,-2806
107000180,1309,477,832
107000181,481,1713,-1232
107000182,1711,1214,497
107000183,144,1080,-936
107000184,1140,893,247
107000185,472,1587,-1115
107000186,1180,455,725
107000187,1343,1646,-303
107000188,661,732,-71
107000189,456,1291,-835
107000190,660,1011,-351
107000191,938,1726,-788
107000192,1918,1113,805
107000193,531,630,-99
107000194,1270,1007,263
107000197,1098,307,791
107000198,379,911,-532
107000199,629,1112,-483
107000200,1014,933,81
107000201,416,265,151
107000202,394,674,-280
107000203,1489,686,803
107000204,2659,745,1914
107000205,2504,1333,1171
107000206,1208,1504,-296
107000207,1095,1275,-180
107000208,1630,557,1073
107000209,2610,1463,1147
107000210,875,490,385
107000211,11,56,-45
107000212,19,662,-643
107000213,25,33,-8
107000214,35,304,-269
107000215,488,486,2
107000216,450,465,-15
107000217,176,160,16
107000219,121,136,-15
107000220,233,277,-44
107000222,271,981,-710
107000224,400,82,318
107000225,176,578,-402
107000226,389,98,291
107000227,86,357,-271
107000228,86,278,-192
107000229,453,259,194
107000230,1348,675,673
107000231,2380,1501,879
107000232,167,108,59
107000233,1759,937,822
107000234,1,60,-59
107000235,71,13,58
107000236,33,693,-660
107000237,12,1,11
107000238,29,3,26
107000239,4884,757,4127
107000240,100,1245,-1145
107000243,0,66,-66
107000244,8,96,-88
107000246,0,1396,-1396
107000249,5,1291,-1286
107000251,0,365,-365
107000252,4,1217,-1213
107000255,630,93,537
107000257,5,535,-530
107000258,1,143,-142
107000259,11,259,-248
107000260,745,7,738
107000262,14,700,-686
107000263,261,8,253
107000266,9,19,-10
107000267,74,204,-130
107000268,209,221,-12
107000269,859,41,818
107000270,2,8,-6
107000271,14,968,-954
107000272,24,185,-161
107000273,3,256,-253
107000274,2705,250,2455
107000275,153,715,-562
107000280,766,87,679
107000281,44,1267,-1223
107000282,54,1305,-1251
107000290,2,20,-18
107000291,60,18,42
107000292,7,46,-39
107000293,248,3,245
107000294,0,52,-52
107000295,22,3,19
107000296,0,17,-17
107000444,272,7,265
107000496,0,26,-26
107000497,1742,3389,-1647
107000500,419,427,-8
107000501,136,159,-23
107000502,338,358,-20
107000505,652,1049,-397
107000506,0,13,-13
107000508,7,776,-769
107000509,316,1165,-849
107000510,34,20,14
107000514,78,433,-355
107000515,15,278,-263
107000516,341,318,23
107000518,1298,1363,-65
107000519,3383,1282,2101
107000520,135,33,102
107000521,802,601,201
107000522,912,931,-19
107900001,24,192,-168
107900002,34,2,32
107900003,285,19,266
107900004,22,1,21
107900005,1492,9,1483
107900006,314,2,312
107900007,464,33,431
107900008,88,49,39
107900009,197,4,193
107900010,26,1,25
107900012,281,18,263
107900013,282,66,216
107900014,32,1,31
107900015,1103,10,1093
107900016,569,115,454
107900017,21,0,21
107900018,57,143,-86
107900019,25,66,-41
107900020,147,20,127
107900021,73,203,-130
107900023,2,1,1
107900024,1,35,-34
107900025,194,339,-145
107900026,80,108,-28
107900027,59,56,3
107900028,75,83,-8
107900030,148,33,115
107900031,113,252,-139
107900032,45,1,44
107900033,14,7,7
107900034,329,19,310
107900035,903,38,865
107900036,82,11,71
107900037,1,50,-49
107900038,187,241,-54
107900039,37,75,-38
107900040,57,74,-17
107900041,4,4,0
107900043,62,215,-153
107900044,14,8,6
107900045,97,52,45
107900046,160,173,-13
107900047,33,84,-51
107900048,256,0,256
107900049,340,1491,-1151
107900050,154,498,-344
107900051,113,67,46
107900052,53,11,42
107900053,35,110,-75
107900055,512,232,280
107900056,148,43,105
107900057,5,0,5
107900058,54,896,-842
107900060,47,42,5
107900061,35,4,31
107900063,98,138,-40
107900064,418,140,278
107900065,154,20,134
107900066,13,12,1
107900067,1,0,1
107900068,339,265,74
107900069,69,2348,-2279
107900070,140,50,90
107900071,53,1048,-995
107900072,78,192,-114
107900073,107,118,-11
107900074,899,181,718
107900076,120,68,52
107900077,28,0,28
107900079,14,19,-5
107900080,494,290,204
107900081,55,138,-83
107900082,41,25,16
107900083,291,130,161
107900084,111,105,6
107900086,82,183,-101
107900087,746,153,593
107900088,41,13,28
107900089,376,1142,-766
107900090,654,2724,-2070
107900091,202,485,-283
107900093,121,95,26
107900095,4268,2597,1671
107900097,14,75,-61
107900098,58,192,-134
107900100,1227,1391,-164
107900101,1329,240,1089
107900102,25,12,13
107900103,86,239,-153
107900104,319,12,307
107900105,2,604,-602
107900106,1,1488,-1487
107900107,1121,595,526
107900108,463,155,308
107900109,1335,11,1324
107900110,61,127,-66
107900111,16,1228,-1212
107900112,215,442,-227
107900113,265,158,107
107900114,193,200,-7
107900115,5,38,-33
107900116,179,242,-63
107900117,702,542,160
107900118,93,216,-123
107900119,110,249,-139
107900120,36,32,4
107900121,1,222,-221
107900122,10,100,-90
107900123,6,46,-40
107900124,33,45,-12
107900125,35,208,-173
107900126,11,79,-68
107900127,433,409,24
107900128,116,88,28
107900129,96,24,72
107900130,86,40,46
107900131,746,240,506
107900132,136,455,-319
107900133,3,72,-69
107900134,33,52,-19
107900135,8,206,-198
107900136,45,28,17
107900137,152,137,15
107900138,67,45,22
107900139,42,96,-54
107900141,75,47,28
107900142,143,1125,-982
107900143,56,58,-2
107900144,3,194,-191
107900145,6,96,-90
107900146,32,160,-128
107900147,54,41,13
107900148,210,153,57
107900149,1425,282,1143
107900150,153,1012,-859
107900151,53,153,-100
107900152,14,225,-211
107900153,232,372,-140
107900154,34,32,2
107900155,75,115,-40
107900156,2,305,-303
107900157,31,106,-75
107900158,947,25,922
107900159,24,1216,-1192
107900160,146,178,-32
107900161,9,200,-191
107900162,2,52,-50
107900163,116,31,85
107900164,13,40,-27
107900165,42,125,-83
107900166,21,252,-231
107900167,74,29,45
107900168,26,47,-21
107900169,3,204,-201
107900171,18,2017,-1999
107900172,6,418,-412
107900173,13,166,-153
107900174,117,7,110
107900175,39,36,3
107900176,27,37,-10
107900177,1,68,-67
107900178,0,263,-263
107900179,12,169,-157
107900180,958,589,369
107900181,349,351,-2
107900182,4,1651,-1647
107900183,39,336,-297
107900184,118,239,-121
107900185,118,12,106
107900186,21,43,-22
107900187,0,166,-166
107900188,993,179,814
107900189,15,166,-151
107900190,98,139,-41
107900191,61,152,-91
107900193,10,99,-89
107900194,350,12,338
107900195,4169,608,3561
107900196,67,85,-18
107900197,1115,325,790
107900199,6,1521,-1515
107900201,94,151,-57
107900203,52,89,-37
107900204,236,188,48
107900206,1298,237,1061
107900207,2,648,-646
107900208,10,922,-912
107900209,474,146,328
107900210,145,161,-16
107900213,539,389,150
107900214,15,173,-158
107900215,157,295,-138
107900216,161,119,42
107900217,63,72,-9
107900218,24,1559,-1535
107900219,36,172,-136
107900220,253,297,-44
107900221,200,252,-52
107900223,95,733,-638
107900224,130,310,-180
107900225,13,893,-880
107900226,99,179,-80
107900227,157,465,-308
107900228,29,114,-85
107900229,2,319,-317
107900230,19,137,-118
107900231,9,276,-267
107900232,82,228,-146
107900233,10,207,-197
107900234,102,172,-70
107900235,18,96,-78
107900236,108,102,6
107900237,100,454,-354
107900238,60,140,-80
107900239,1242,477,765
107900240,47,150,-103
107900241,12,121,-109
107900242,24,365,-341
107900243,1,72,-71
107900244,377,6,371
107900245,661,55,606
107900246,509,25,484
107900248,439,561,-122
107900249,690,33,657
107900250,1,662,-661
107900251,121,1710,-1589
107900252,979,17,962
107900253,208,4,204
107900254,68,350,-282
107900255,374,123,251
107900256,1513,598,915
107900257,241,120,121
107900258,93,326,-233
107900259,123,2276,-2153
107900261,4,543,-539
107900262,58,169,-111
107900264,220,1,219
107900265,102,187,-85
107900267,228,22,206
107900268,51,14,37
107900269,0,7,-7
107900270,0,0,0
107900271,2,14,-12
107900272,119,28,91
107900273,32,101,-69
107900274,53,1,52
107900275,26,0,26
107900276,0,72,-72
107900277,2,243,-241
107900278,295,405,-110
107900279,149,169,-20
107900280,1705,2616,-911
107900281,3220,3038,182
107900282,94,492,-398
107900283,1511,533,978
107900284,678,1032,-354
107900285,97,128,-31
107900286,187,135,52
107900287,187,239,-52
107900290,0,117,-117
107900291,390,19,371
107900292,144,304,-160
107900293,109,640,-531
107900295,53,93,-40
107900297,3,388,-385
107900298,1131,998,133
107900299,3889,2166,1723
107900301,758,591,167
107900302,96,93,3
107900303,170,349,-179
107900304,213,539,-326
107900305,308,27,281
107900306,19,7,12
107900307,52,271,-219
107900308,176,65,111
107900309,268,0,268
107900310,378,3,375
107900311,2,121,-119
107900312,110,0,110
107900313,2,126,-124
107900314,0,40,-40
107900315,0,44,-44
107900316,56,4,52
107900317,143,14,129
107900318,14,163,-149
107900319,6,224,-218
107900320,2,236,-234
107900321,161,9,152
107900322,8,170,-162
107900323,10,158,-148
107900324,178,4,174
107900325,131,2,129
107900326,406,384,22
107900327,2,88,-86
107900328,271,3,268
107900329,243,103,140
107900330,14,504,-490
107900331,241,33,208
107900332,238,59,179
107900333,76,25,51
107900334,4,206,-202
107900335,60,72,-12
107900336,50,38,12
107900337,1614,965,649
107900338,2,187,-185
107900339,8,43,-35
107900340,1,76,-75
107900341,86,2,84
107900342,117,113,4
107900343,121,1,120
107900344,5,92,-87
107900345,162,73,89
107900346,22,4,18
107900347,20,2,18
107900348,1,0,1
107900349,31,4,27
107900350,36,269,-233
107900351,11,254,-243
107900352,4,55,-51
107900353,12,4,8
107900354,18,68,-50
108000001,2930,4292,-1362
108000002,2952,3764,-812
108000003,3763,3329,434
108000004,17862,19984,-2122
108000005,8301,5994,2307
108000006,10127,9137,990
108000007,5570,4668,902
108000008,6148,7798,-1650
108000009,4186,4913,-727
108000010,3907,5824,-1917
108000011,11840,12527,-687
108000012,21029,20552,477
108000014,1453,879,574
108000015,815,290,525
108000016,367,1010,-643
108000017,1120,487,633
108000018,1754,715,1039
108000019,2418,921,1497
108000020,1483,648,835
108000021,457,2237,-1780
108000022,472,1770,-1298
108000023,1156,234,922
108000024,368,784,-416
108000025,281,317,-36
108000026,722,610,112
108000027,706,943,-237
108000028,766,372,394
108000029,578,1119,-541
108000030,1026,297,729
108000031,430,775,-345
108000032,1589,715,874
108000033,847,1628,-781
108000034,1757,637,1120
108000035,1013,3088,-2075
108000036,446,1522,-1076
108000037,1673,470,1203
108000038,2429,617,1812
108000039,698,2854,-2156
108000040,1938,988,950
108000041,812,3212,-2400
108000042,294,302,-8
108000043,210,341,-131
108000044,437,253,184
108000045,309,872,-563
108000046,1500,372,1128
108000047,530,1341,-811
108000048,164,532,-368
108000049,910,315,595
108000050,192,910,-718
108000051,340,169,171
108000052,291,904,-613
108000053,386,272,114
108000054,595,1295,-700
108000055,1172,553,619
108000056,1731,1453,278
108000057,793,1193,-400
108000058,2233,4100,-1867
108000059,4029,2814,1215
108000060,255,710,-455
108000061,358,646,-288
108000062,712,652,60
108000063,379,680,-301
108000064,180,320,-140
108000065,840,777,63
108000066,2005,978,1027
108000067,1917,611,1306
108000068,740,427,313
108000069,269,1301,-1032
108000070,1693,856,837
108000071,808,1881,-1073
108000072,1677,1209,468
108000073,1604,2198,-594
108000074,536,454,82
108000075,361,1042,-681
108000076,720,732,-12
108000077,740,856,-116
108000078,2293,1881,412
108000079,1108,2366,-1258
108000080,1338,685,653
108000081,589,2436,-1847
108000082,1242,2222,-980
108000083,1851,1156,695
108000084,490,1473,-983
108000085,676,523,153
108000086,1074,968,106
108000087,143,1962,-1819
108000088,791,215,576
108000089,437,423,14
108000091,267,631,-364
108000092,170,108,62
108000093,158,811,-653
108000094,494,131,363
108000095,144,617,-473
108000096,341,223,118
108000097,165,597,-432
108000098,1688,1814,-126
108000099,1103,365,738
108000100,152,614,-462
108000101,1437,1598,-161
108000102,1901,3749,-1848
108000106,1029,3,1026
108000107,3,813,-810
108000108,823,62,761
108000109,8,985,-977
108000110,203,474,-271
108000111,213,883,-670
108000112,88,150,-62
108000113,650,363,287
108000115,406,465,-59
108000117,886,486,400
108000118,679,1780,-1101
108000119,850,508,342
108000120,116,901,-785
108000121,230,671,-441
108000122,502,454,48
108000123,705,279,426
108000124,325,733,-408
108000125,399,346,53
108000126,163,592,-429
108000127,621,445,176
108000128,746,689,57
108000129,368,1426,-1058
108000130,490,446,44
108000131,1076,545,531
108000132,2563,2004,559
108000133,900,682,218
108000134,811,787,24
108000135,1189,528,661
108000136,592,1286,-694
108000137,447,489,-42
108000138,341,1332,-991
108000139,433,381,52
108000140,121,39,82
108000141,42,130,-88
108000142,48,126,-78
108000143,39,607,-568
108000144,412,68,344
108000145,51,37,14
108000146,485,87,398
108000147,41,61,-20
108000148,634,97,537
108000149,75,43,32
108000150,42,13,29
108000151,432,104,328
108000152,120,651,-531
108000153,535,175,360
108000154,85,17,68
108000155,47,24,23
108000156,811,755,56
108000157,189,847,-658
108000158,109,731,-622
108000159,745,214,531
108000160,4987,1272,3715
108000161,4026,2580,1446
108000165,12,160,-148
108000172,5,350,-345
108000173,2698,2171,527
108000175,466,136,330
108000178,577,414,163
108000179,276,813,-537
108000181,82,52,30
108000182,389,130,259
108000183,105,524,-419
108000184,1352,2111,-759
108000185,223,667,-444
108000186,454,751,-297
108000187,137,802,-665
108000188,722,309,413
108000189,3192,7445,-4253
108000190,49,138,-89
108000192,208,787,-579
108000193,930,28,902
108000194,66,62,4
108000195,4,1335,-1331
108000196,250,261,-11
108000198,887,516,371
108000199,1,291,-290
108000200,461,768,-307
108000203,166,937,-771
108000204,152,49,103
108000205,470,620,-150
108000339,1660,441,1219
108000364,340,1064,-724
108000365,64,351,-287
108000367,184,482,-298
108000368,13,92,-79
108000369,1610,264,1346
108000371,22,793,-771
108000372,719,8,711
108000373,309,239,70
108000376,54,29,25
108000377,434,351,83
108000378,9730,11331,-1601
108000379,29,268,-239
108000381,71,9,62
108000382,303,1,302
108000383,1,293,-292
108900001,127,1343,-1216
108900002,217,68,149
108900003,414,969,-555
108900004,1456,483,973
108900007,181,197,-16
108900008,112,204,-92
108900009,77,154,-77
108900010,222,199,23
108900011,426,451,-25
108900012,292,465,-173
108900013,155,324,-169
108900014,16,109,-93
108900015,2,86,-84
108900016,1,293,-292
108900017,253,301,-48
108900018,122,522,-400
108900019,91,1024,-933
108900020,50,262,-212
108900021,111,279,-168
108900022,128,10,118
108900023,12,34,-22
108900024,22,141,-119
108900025,93,171,-78
108900026,25,118,-93
108900027,2,89,-87
108900028,54,472,-418
108900029,69,450,-381
108900030,0,131,-131
108900031,53,502,-449
108900032,16,271,-255
108900033,0,80,-80
108900034,1,283,-282
108900035,332,1736,-1404
108900038,2,441,-439
108900039,2,593,-591
108900040,9,126,-117
108900041,5953,2890,3063
108900042,8,424,-416
108900043,69,546,-477
108900044,6,617,-611
108900045,56,653,-597
108900046,81,993,-912
108900047,0,149,-149
108900048,84,1165,-1081
108900049,5456,1386,4070
108900050,3,286,-283
108900051,0,245,-245
108900052,22,276,-254
108900053,110,218,-108
108900054,69,280,-211
108900055,67,435,-368
108900056,1,195,-194
108900057,1,206,-205
108900058,22,463,-441
108900059,431,43,388
108900060,143,238,-95
108900061,87,44,43
108900062,11,367,-356
108900063,5,400,-395
108900064,216,125,91
108900065,12,370,-358
108900066,282,173,109
108900067,18,281,-263
108900068,14,232,-218
108900069,46,134,-88
108900070,35,172,-137
108900071,73,77,-4
108900072,2734,605,2129
108900073,25,504,-479
108900074,192,653,-461
108900075,75,51,24
108900076,281,82,199
108900077,156,655,-499
108900078,10,229,-219
108900079,928,273,655
108900080,51,832,-781
108900081,54,312,-258
108900082,50,120,-70
108900083,28,288,-260
108900085,2661,197,2464
108900086,103,349,-246
108900087,128,262,-134
108900088,1097,387,710
108900089,14,175,-161
108900090,46,412,-366
108900091,143,142,1
108900092,516,424,92
108900093,84,116,-32
108900094,248,143,105
108900095,85,525,-440
108900096,487,36,451
108900097,289,304,-15
108900098,3405,553,2852
108900099,288,357,-69
108900100,94,214,-120
108900101,181,135,46
108900102,136,870,-734
108900103,96,124,-28
108900105,6,1184,-1178
108900106,399,453,-54
108900108,848,49,799
108900109,421,52,369
108900110,198,542,-344
108900111,482,709,-227
108900113,86,65,21
108900114,62,12,50
108900115,68,79,-11
108900116,85,14,71
108900117,183,33,150
108900118,524,20,504
108900119,292,57,235
108900120,263,198,65
108900121,310,121,189
108900122,156,56,100
108900123,102,113,-11
108900124,456,211,245
108900125,325,7,318
108900126,86,28,58
108900127,167,41,126
108900128,106,50,56
108900129,792,187,605
108900130,275,1,274
108900131,423,6,417
108900132,430,57,373
108900133,301,62,239
108900134,235,274,-39
108900135,146,17,129
108900136,51,1,50
108900137,128,4,124
108900138,617,43,574
108900140,226,296,-70
108900141,324,20,304
108900142,156,5,151
108900143,42,0,42
108900144,90,0,90
108900145,149,9,140
108900146,69,1,68
108900147,212,0,212
108900148,97,52,45
108900150,241,8,233
108900151,193,16,177
108900152,161,11,150
108900153,154,523,-369
108900154,4788,552,4236
108900156,105,10,95
108900157,37,590,-553
108900158,319,47,272
108900159,4,310,-306
108900160,14,308,-294
108900161,9,566,-557
108900162,77,0,77
108900163,7,273,-266
108900164,50,101,-51
108900168,10272,2608,7664
108900169,51,166,-115
108900171,8224,2943,5281
108900172,212,54,158
108900173,210,462,-252
108900174,760,641,119
108900176,144,818,-674
108900177,7859,4485,3374
108900178,5274,3096,2178
108900180,118,373,-255
108900183,238,249,-11
108900184,393,187,206
108900185,109,338,-229
108900186,48,404,-356
108900189,248,179,69
108900190,89,3489,-3400
108900192,67,246,-179
108900195,156,364,-208
108900196,15,522,-507
108900199,289,459,-170
108900200,1144,420,724
108900201,553,1662,-1109
108900203,471,98,373
108900204,335,13,322
108900205,187,42,145
108900206,405,41,364
108900207,175,77,98
108900208,54,455,-401
108900209,349,637,-288
108900210,207,295,-88
108900211,221,434,-213
108900212,858,1221,-363
108900215,94,557,-463
108900216,667,161,506
108900217,151,1,150
108900218,156,14,142
108900221,56,173,-117
108900224,39,190,-151
108900225,0,280,-280
108900227,139,215,-76
108900230,335,273,62
108900232,9,337,-328
108900233,304,94,210
108900234,300,182,118
108900235,255,640,-385
108900236,37,364,-327
108900240,123,121,2
108900241,48,39,9
108900245,14,1405,-1391
108900250,326,143,183
108900258,6,272,-266
108900259,91,118,-27
108900260,24,96,-72
108900261,112,140,-28
108900262,198,137,61
108900263,46,213,-167
108900264,670,331,339
108900265,1141,337,804
108900266,1277,504,773
108900267,3,111,-108
108900268,2,2,0
108900269,66,17,49
108900270,61,9,52
108900271,34,12,22
108900272,199,11,188
108900273,1238,713,525
108900274,51,68,-17
109000001,4383,1521,2862
109000002,2540,1982,558
109000003,2818,664,2154
109000004,641,3003,-2362
109000005,2829,920,1909
109000006,1029,2616,-1587
109000007,1612,863,749
109000008,640,2300,-1660
109000009,3788,1568,2220
109000010,1818,5188,-3370
109000011,3754,2478,1276
109000012,2362,4461,-2099
109000013,3471,3323,148
109000014,1907,4030,-2123
109000015,3829,7636,-3807
109000016,9920,5378,4542
109000017,2453,1492,961
109000018,1295,4206,-2911
109000019,3607,1533,2074
109000020,1597,2550,-953
109000023,249,37,212
109000024,7,238,-231
109000025,469,664,-195
109000026,973,394,579
109000027,84,369,-285
109000028,158,118,40
109000029,140,236,-96
109000030,94,676,-582
109000031,224,165,59
109000032,144,573,-429
109000033,470,178,292
109000034,49,39,10
109000035,37,68,-31
109000036,145,517,-372
109000037,266,1219,-953
109000038,680,488,192
109000039,993,631,362
109000040,5607,7548,-1941
109000041,5071,1834,3237
109000042,973,1464,-491
109000044,450,104,346
109000045,120,467,-347
109000046,310,106,204
109000047,138,525,-387
109000048,957,223,734
109000049,447,631,-184
109000050,446,309,137
109000051,421,356,65
109000052,622,1526,-904
109000053,239,127,112
109000054,530,710,-180
109000055,390,278,112
109000056,389,577,-188
109000057,654,462,192
109000058,1130,344,786
109000059,1185,1653,-468
109000060,652,519,133
109000061,1491,1075,416
109000062,161,325,-164
109000063,225,288,-63
109000064,283,245,38
109000065,141,381,-240
109000066,454,155,299
109000067,83,416,-333
109000068,2716,21,2695
109000069,1155,33,1122
109000070,9,1230,-1221
109000071,446,98,348
109000072,150,392,-242
109000073,56,160,-104
109000074,52,297,-245
109000075,125,475,-350
109000076,139,278,-139
109000077,401,289,112
109000078,105,220,-115
109000079,166,290,-124
109000080,146,130,16
109000081,98,616,-518
109000082,626,320,306
109000083,392,882,-490
109000088,160,526,-366
109000089,244,61,183
109000090,176,474,-298
109000091,287,186,101
109000092,405,686,-281
109000093,225,211,14
109000094,470,0,470
109000095,176,589,-413
109000096,649,272,377
109000097,91,164,-73
109000098,107,136,-29
109000099,950,469,481
109000100,320,871,-551
109000101,1384,920,464
109000102,409,1037,-628
109000103,496,786,-290
109000104,1625,761,864
109000105,558,1507,-949
109000106,2023,930,1093
109000107,730,2611,-1881
109000108,1865,683,1182
109000109,466,2457,-1991
109000110,1386,583,803
109000111,1235,2515,-1280
109000112,518,229,289
109000113,581,292,289
109000114,162,495,-333
109000115,1448,143,1305
109000116,27,304,-277
109000117,210,104,106
109000118,12,394,-382
109000119,1097,422,675
109000120,170,1119,-949
109000121,424,77,347
109000122,127,1024,-897
109000123,61,93,-32
109000124,600,553,47
109000125,1094,517,577
109000126,539,1067,-528
109000127,897,308,589
109000128,683,2294,-1611
109000129,1975,826,1149
109000130,749,3234,-2485
109000131,857,623,234
109000132,879,2565,-1686
109000133,491,1389,-898
109000134,970,1809,-839
109000135,1335,1752,-417
109000136,431,325,106
109000137,366,427,-61
109000138,601,415,186
109000139,526,580,-54
109000140,273,527,-254
109000141,537,639,-102
109000142,193,630,-437
109000143,122,132,-10
109000145,153,397,-244
109000146,182,148,34
109000148,4488,1865,2623
109000149,24,63,-39
109000150,255,244,11
109000155,811,740,71
109000156,1569,876,693
109000158,149,345,-196
109000159,162,764,-602
109000160,1092,295,797
109000161,352,1581,-1229
109000162,1979,918,1061
109000163,1081,2276,-1195
109000164,1398,3252,-1854
109000165,1252,784,468
109000166,654,162,492
109000167,150,920,-770
109000170,67,94,-27
109000171,60,89,-29
109000172,43,87,-44
109000173,39,113,-74
109000174,142,93,49
109000175,54,144,-90
109000176,286,313,-27
109000177,30,164,-134
109000178,647,539,108
109000179,7021,5311,1710
109000180,6750,3978,2772
109000181,15,34,-19
109000182,52,45,7
109000183,65,51,14
109000184,28,24,4
109000185,37,99,-62
109000188,929,2819,-1890
109000189,3423,1356,2067
109000190,607,665,-58
109000191,358,698,-340
109000192,398,325,73
109000193,147,450,-303
109000194,246,209,37
109000195,152,537,-385
109000196,241,109,132
109000197,146,532,-386
109000198,270,85,185
109000199,114,557,-443
109000206,239,50,189
109000207,156,48,108
109000208,125,85,40
109000209,205,161,44
109000210,273,785,-512
109000211,720,677,43
109000214,519,538,-19
109000215,231,103,128
109000216,405,268,137
109000217,243,147,96
109000218,399,274,125
109000221,557,1320,-763
109000222,955,272,683
109000223,349,348,1
109000224,56,244,-188
109000225,60,60,0
109000226,88,316,-228
109000227,1099,1533,-434
109000228,2,668,-666
109000231,1,363,-362
109000232,406,532,-126
109000236,270,1033,-763
109000241,2200,2429,-229
109000242,1888,2106,-218
109000293,19,76,-57
109000361,236,321,-85
109000364,236,684,-448
109000396,5,702,-697
109000397,515,12,503
109000399,237,661,-424
109000400,113,471,-358
109000403,85,784,-699
109000406,625,12,613
109000407,272,256,16
109000408,1,814,-813
109000410,1202,319,883
109000411,208,46,162
109900001,84,1,83
109900002,891,17,874
109900003,260,6,254
109900004,966,236,730
109900005,20,4,16
109900006,422,267,155
109900007,595,898,-303
109900008,0,43,-43
109900009,174,692,-518
109900010,500,23,477
109900011,97,38,59
109900012,325,261,64
109900013,476,139,337
109900014,371,57,314
109900015,518,221,297
109900016,147,51,96
109900017,215,213,2
109900018,253,115,138
109900019,239,79,160
109900020,46,57,-11
109900021,58,25,33
109900022,98,326,-228
109900023,22,7,15
109900024,26,10,16
109900025,16,76,-60
109900026,3,208,-205
109900027,38,68,-30
109900028,2296,1072,1224
109900029,8,511,-503
109900030,48,24,24
109900031,1,111,-110
109900032,12,335,-323
109900033,6,553,-547
109900034,35,14,21
109900035,5,16,-11
109900036,27,125,-98
109900037,32,650,-618
109900038,49,282,-233
109900039,13,1,12
109900040,25,782,-757
109900041,94,446,-352
109900042,32,408,-376
109900044,127,354,-227
109900045,318,101,217
109900046,101,114,-13
109900047,368,435,-67
109900048,12,139,-127
109900049,16,31,-15
109900050,3,295,-292
109900051,0,50,-50
109900052,128,386,-258
109900053,5,542,-537
109900054,557,224,333
109900055,64,343,-279
109900056,25,227,-202
109900057,8,270,-262
109900058,0,102,-102
109900059,588,96,492
109900060,473,167,306
109900061,69,293,-224
109900062,0,268,-268
109900063,3,356,-353
109900064,605,269,336
109900065,132,147,-15
109900066,440,1080,-640
109900067,0,362,-362
109900068,51,4,47
109900069,7,62,-55
109900070,70,386,-316
109900071,2,27,-25
109900072,40,196,-156
109900073,359,705,-346
109900074,4,53,-49
109900075,19,32,-13
109900076,38,588,-550
109900077,34,54,-20
109900078,95,286,-191
109900080,145,355,-210
109900081,35,214,-179
109900082,49,428,-379
109900083,14,88,-74
109900084,92,210,-118
109900085,264,987,-723
109900086,145,452,-307
109900087,384,464,-80
109900089,597,172,425
109900090,509,1316,-807
109900091,299,105,194
109900092,546,11,535
109900093,829,170,659
109900094,100,122,-22
109900095,166,265,-99
109900096,32,9,23
109900097,94,0,94
109900098,467,34,433
109900099,156,2,154
109900100,39,1,38
109900101,414,9,405
109900102,471,27,444
109900103,33,45,-12
109900104,544,1057,-513
109900105,500,34,466
109900106,299,91,208
109900107,402,67,335
109900108,91,395,-304
109900109,31,164,-133
109900110,135,506,-371
109900111,354,1233,-879
109900112,363,826,-463
109900113,743,485,258
109900114,1301,444,857
109900115,189,141,48
109900117,980,163,817
109900118,320,503,-183
109900119,641,303,338
109900120,82,29,53
109900121,426,382,44
109900122,339,8,331
109900123,19,200,-181
109900124,42,795,-753
109900125,3,213,-210
109900126,222,168,54
109900128,197,65,132
109900130,10493,2443,8050
109900131,57,209,-152
109900132,57,223,-166
109900133,72,391,-319
109900134,99,80,19
109900135,547,116,431
109900136,39,147,-108
109900137,110,469,-359
109900140,212,282,-70
109900142,1429,361,1068
109900145,8,400,-392
109900146,554,45,509
109900148,46,137,-91
109900149,52,98,-46
109900150,8,122,-114
109900151,12,62,-50
109900152,1,35,-34
109900153,4,43,-39
109900154,49,0,49
109900155,61,24,37
109900157,66,313,-247
109900158,50,159,-109
109900159,179,38,141
109900160,181,55,126
109900161,215,65,150
109900162,196,153,43
109900163,760,366,394
109900164,47,347,-300
109900165,298,17,281
109900166,2,195,-193
109900167,225,688,-463
109900168,224,830,-606
109900169,195,228,-33
109900170,364,839,-475
109900171,161,96,65
109900172,267,267,0
109900173,4362,2365,1997
109900174,83,175,-92
109900175,62,96,-34
109900176,86,196,-110
109900177,65,241,-176
109900178,13,83,-70
109900179,49,21,28
109900180,13,12,1
110000001,1075,667,408
110000002,733,910,-177
110000003,1089,799,290
110000004,656,744,-88
110000005,834,2147,-1313
110000006,727,484,243
110000007,189,180,9
110000008,25,64,-39
110000009,115,53,62
110000010,45,81,-36
110000011,72,96,-24
110000012,973,565,408
110000013,36,734,-698
110000014,792,558,234
110000015,271,812,-541
110000016,384,1961,-1577
110000017,3381,319,3062
110000018,3508,570,2938
110000019,8,134,-126
110000020,467,277,190
110000021,1156,567,589
110000022,1034,246,788
110000023,10,193,-183
110000024,1004,475,529
110000025,376,10,366
110000026,20,445,-425
110000027,1778,439,1339
110000028,1314,958,356
110000029,650,1026,-376
110000030,329,484,-155
110000031,385,703,-318
110000032,916,655,261
110000033,546,90,456
110000034,614,895,-281
110000035,1102,852,250
110000036,1169,879,290
110000037,305,626,-321
110000038,265,834,-569
110000039,862,3199,-2337
110000040,496,493,3
110000041,392,1408,-1016
110000042,134,338,-204
110000043,868,370,498
110000044,141,114,27
110000045,727,113,614
110000046,27,16,11
110000047,190,34,156
110000048,28,18,10
110000049,111,4,107
110000050,10,28,-18
110000051,117,10,107
110000052,33,40,-7
110000053,261,15,246
110000054,352,254,98
110000055,837,53,784
110000056,239,82,157
110000057,533,897,-364
110000058,1617,807,810
110000059,1043,562,481
110000060,814,1309,-495
110000061,927,965,-38
110000062,667,1120,-453
110000063,39,159,-120
110000064,137,130,7
110000065,93,108,-15
110000066,140,47,93
110000067,139,334,-195
110000068,454,377,77
110000069,250,154,96
110000071,160,214,-54
110000073,8,42,-34
110000075,15,171,-156
110000076,384,444,-60
110000077,530,1520,-990
110000078,24,53,-29
110000080,387,878,-491
110000081,62,402,-340
110000082,77,468,-391
110000083,349,856,-507
110000084,1242,893,349
110000085,2941,2235,706
110000086,1790,2292,-502
110000087,8,98,-90
110000088,74,349,-275
110000089,223,175,48
110000090,228,342,-114
110000091,1992,482,1510
110000092,37,122,-85
110000093,79,11,68
110000094,601,321,280
110000095,183,864,-681
110000096,2984,2317,667
110000097,1234,1494,-260
110000098,2337,956,1381
110000099,1068,2059,-991
110000100,987,769,218
110000101,56,554,-498
110000102,74,52,22
110000104,474,171,303
110000105,91,263,-172
110000106,817,447,370
110000107,390,441,-51
110000108,182,84,98
110000109,331,415,-84
110000110,4221,5071,-850
110000111,7855,3472,4383
110000112,1563,1183,380
110000113,635,2505,-1870
110000114,173,700,-527
110000115,327,325,2
110000116,59,70,-11
110000117,167,467,-300
110000118,432,253,179
110000119,212,397,-185
110000120,393,214,179
110000121,128,477,-349
110000122,462,679,-217
110000123,616,749,-133
110000124,2,1091,-1089
110000125,1282,9,1273
110000126,357,34,323
110000127,1318,55,1263
110000128,42,1387,-1345
110000129,6,706,-700
110000130,430,207,223
110000131,82,572,-490
110000132,0,825,-825
110000133,49,548,-499
110000134,37,451,-414
110000135,231,49,182
110000136,71,416,-345
110000137,706,723,-17
110000138,872,944,-72
110000139,864,1652,-788
110000140,1452,774,678
110000143,822,596,226
110000144,5913,1770,4143
110000145,2213,955,1258
110000146,1982,842,1140
110000147,636,993,-357
110000148,1032,383,649
110000151,1147,827,320
110000152,1098,527,571
110000153,86,76,10
110000154,6,15,-9
110000155,1671,4092,-2421
110000156,1317,2647,-1330
110000157,2124,2130,-6
110000160,407,426,-19
110000161,237,456,-219
110000166,514,166,348
110000167,988,704,284
110000168,1001,544,457
110000169,861,434,427
110000170,140,101,39
110000171,740,187,553
110000172,197,1048,-851
110000173,1401,1551,-150
110000174,288,1527,-1239
110000175,617,125,492
110000176,109,347,-238
110000177,182,1109,-927
110000178,540,1297,-757
110000179,1570,431,1139
110000180,170,349,-179
110000181,414,539,-125
110000182,368,237,131
110000183,12896,7806,5090
110000184,911,2655,-1744
110000185,1249,839,410
110000186,858,1014,-156
110000191,721,450,271
110000192,566,17,549
110000193,945,5,940
110000194,29,1525,-1496
110000195,492,511,-19
110000196,387,532,-145
110000197,118,242,-124
110000198,136,93,43
110000199,77,155,-78
110000200,1510,616,894
110000201,1002,1024,-22
110000202,1495,672,823
110000203,945,905,40
110000204,4,336,-332
110000205,139,84,55
110000206,839,1834,-995
110000207,942,379,563
110000208,201,192,9
110000209,124,987,-863
110000210,974,757,217
110000211,881,955,-74
110000212,477,1155,-678
110000213,293,89,204
110000214,247,172,75
110000215,306,558,-252
110000216,105,634,-529
110000217,302,245,57
110000218,194,546,-352
110000219,273,90,183
110000220,121,356,-235
110000221,341,149,192
110000222,92,279,-187
110000223,4,266,-262
110000224,93,19,74
110000225,276,767,-491
110000226,252,98,154
110000227,809,894,-85
110000228,412,392,20
110000229,0,360,-360
110000230,605,811,-206
110000231,180,225,-45
110000232,272,231,41
110000233,214,322,-108
110000234,732,465,267
110000235,1162,1107,55
110000236,594,1025,-431
110000237,2085,1449,636
110000238,1303,1683,-380
110000239,2295,1572,723
110000240,0,100,-100
110000242,0,16,-16
110000243,133,163,-30
110000244,174,372,-198
110000245,65,522,-457
110000246,1136,631,505
110000247,1586,6752,-5166
110000248,2742,2324,418
110000249,136,13,123
110000250,89,325,-236
110000251,330,964,-634
110000252,270,264,6
110000253,1538,903,635
110000254,915,1862,-947
110000255,306,1313,-1007
110000256,629,323,306
110000257,795,465,330
110000258,8,611,-603
110000259,114,38,76
110000260,26,457,-431
110000263,789,212,577
110000264,369,531,-162
110000265,1375,2760,-1385
110000266,2358,2864,-506
110000267,12,267,-255
110000268,309,660,-351
110000269,4,112,-108
110000270,68,7,61
110000271,2428,335,2093
110000272,1360,1094,266
110000273,4060,1422,2638
110000274,314,1705,-1391
110000275,2876,630,2246
110000276,509,439,70
110000277,357,466,-109
110000278,478,994,-516
110000279,931,886,45
110000280,425,468,-43
110000281,42,281,-239
110000282,352,46,306
110000283,103,145,-42
110000284,109,83,26
110000285,1,430,-429
110000286,28,0,28
110000287,69,4,65
110000288,15,75,-60
110000289,675,1816,-1141
110000290,1160,718,442
110000291,6905,1606,5299
110000292,1558,4720,-3162
110000293,684,958,-274
110000294,974,1218,-244
110000295,184,1160,-976
110000296,376,368,8
110000297,2915,428,2487
110000298,334,1022,-688
110000299,680,99,581
110000301,373,39,334
110000302,508,1444,-936
110000303,538,10,528
110000304,198,319,-121
110000305,1182,44,1138
110000306,167,1510,-1343
110000307,1806,11,1795
110000308,539,8,531
110000309,6,1053,-1047
110000310,708,121,587
110000311,20,897,-877
110000312,662,101,561
110000313,3495,5235,-1740
110000314,3,478,-475
110000315,4086,2527,1559
110000316,663,1516,-853
110000317,660,402,258
110000318,10,105,-95
110000319,26,24,2
110000320,115,66,49
110000321,15,35,-20
110000322,390,479,-89
110000323,486,229,257
110000324,4739,1638,3101
110000325,3109,3176,-67
110000327,660,384,276
110000328,236,472,-236
110000333,1071,728,343
110000334,918,1679,-761
110000335,907,630,277
110000336,827,1213,-386
110000337,1559,617,942
110000338,441,222,219
110000339,335,231,104
110000340,151,208,-57
110000341,600,560,40
110000342,512,11,501
110000343,0,25,-25
110000344,283,168,115
110000345,328,132,196
110000346,2705,2162,543
110000347,1287,854,433
110000348,56,30,26
110000349,17,37,-20
110000350,42,7,35
110000351,995,1008,-13
110000352,778,1968,-1190
110000353,3410,950,2460
110000354,1581,3258,-1677
110000355,125,142,-17
110000356,763,5,758
110000357,535,26,509
110000361,15,92,-77
110000362,53,30,23
110000363,320,184,136
110000364,155,432,-277
110000365,176,0,176
110000366,7,129,-122
110000367,379,203,176
110000368,11,85,-74
110000369,35,2,33
110000373,3,335,-332
110000374,235,26,209
110000375,133,1034,-901
110000376,42,118,-76
110000377,85,525,-440
110000378,35,482,-447
110000379,3963,1930,2033
110000380,51,19,32
110000383,2,1374,-1372
110000384,2950,1087,1863
110000385,0,188,-188
110000387,98,17,81
110000388,56,292,-236
110000389,775,6,769
110000391,674,431,243
110000396,164,154,10
110000397,140,217,-77
110000398,8,49,-41
110000399,230,1,229
110000587,139,47,92
110000589,258,182,76
110000640,206,93,113
110000652,39,135,-96
110000653,407,540,-133
110000654,53,98,-45
110000656,6,684,-678
110000674,22,17,5
110000675,9,13,-4
110000676,7,79,-72
110000679,700,1366,-666
110000682,100,209,-109
110000683,440,681,-241
110000684,4,47,-43
110000685,23,19,4
110000686,2,27,-25
110000687,66,4,62
110000688,123,1146,-1023
110000689,55,67,-12
110000692,120,218,-98
110000693,258,267,-9
110000694,0,225,-225
110000695,291,777,-486
110000696,137,147,-10
110900001,306,16,290
110900002,1329,450,879
110900003,760,893,-133
110900004,435,263,172
110900005,3899,2113,1786
110900006,65,15,50
110900007,130,35,95
110900008,29,52,-23
110900009,441,101,340
110900010,9,100,-91
110900011,34,124,-90
110900012,26,130,-104
110900013,1172,227,945
110900014,300,14,286
110900015,916,683,233
110900016,55,192,-137
110900017,541,62,479
110900018,440,72,368
110900019,191,29,162
110900020,96,476,-380
110900021,88,723,-635
110900022,127,422,-295
110900023,70,597,-527
110900024,27,554,-527
110900025,51,86,-35
110900027,40,244,-204
110900028,64,161,-97
110900029,34,439,-405
110900030,30,377,-347
110900031,2,236,-234
110900032,1,110,-109
110900033,43,272,-229
110900035,33,631,-598
110900036,94,39,55
110900037,80,55,25
110900038,1399,301,1098
110900039,24,347,-323
110900040,266,46,220
110900041,12,152,-140
110900042,164,84,80
110900043,2,194,-192
110900044,308,20,288
110900045,74,586,-512
110900046,69,365,-296
110900047,744,346,398
110900049,90,79,11
110900050,17,6,11
110900051,41,220,-179
110900052,4,197,-193
110900053,103,49,54
110900054,53,281,-228
110900055,23,2,21
110900056,53,124,-71
110900057,15,261,-246
110900058,295,293,2
110900059,743,720,23
110900060,507,161,346
110900061,27,40,-13
110900062,182,400,-218
110900063,65,201,-136
110900064,15,0,15
110900065,526,208,318
110900066,7,80,-73
110900067,592,784,-192
110900068,275,282,-7
110900069,10,28,-18
110900070,167,70,97
110900071,359,683,-324
110900073,1,33,-32
110900074,293,128,165
110900075,497,135,362
110900077,829,586,243
110900078,32,107,-75
110900079,3180,1283,1897
110900080,113,98,15
110900081,12,99,-87
110900082,136,245,-109
110900083,123,67,56
110900084,48,147,-99
110900085,43,437,-394
110900086,69,390,-321
110900087,342,91,251
110900088,17,0,17
110900090,40,54,-14
110900091,2,81,-79
110900093,296,147,149
110900095,56,48,8
110900097,19,25,-6
110900098,47,151,-104
110900099,41,653,-612
110900100,0,37,-37
110900102,87,27,60
110900105,646,421,225
110900108,8,123,-115
110900111,461,159,302
110900112,959,11,948
110900113,548,82,466
110900115,15,123,-108
110900116,637,2383,-1746
110900118,181,3258,-3077
110900119,5401,452,4949
110900120,9,137,-128
110900121,140,1,139
110900122,373,187,186
110900125,367,448,-81
110900127,695,1469,-774
110900128,476,544,-68
110900129,422,824,-402
110900130,1529,722,807
110900131,246,49,197
110900132,278,44,234
110900133,101,282,-181
110900135,95,488,-393
110900136,364,21,343
110900139,70,3,67
110900140,0,0,0
110900141,605,148,457
110900142,84,219,-135
110900143,169,111,58
110900144,4,858,-854
110900145,170,50,120
110900146,410,168,242
110900147,142,329,-187
110900148,8,302,-294
110900149,1,154,-153
110900150,58,35,23
110900151,5,73,-68
110900152,44,338,-294
110900153,122,54,68
111000001,1201,772,429
111000002,1057,854,203
111000003,1539,1342,197
111000004,806,1380,-574
111000005,1677,1650,27
111000006,1311,1922,-611
111000007,5479,4573,906
111000008,3956,4825,-869
111000009,472,1115,-643
111000010,955,391,564
111000011,514,1342,-828
111000012,944,513,431
111000013,540,1427,-887
111000014,1583,873,710
111000017,173,865,-692
111000018,241,429,-188
111000020,1737,3174,-1437
111000021,91,172,-81
111000023,135,154,-19
111000025,7050,4443,2607
111000029,127,125,2
111000030,43,82,-39
111000031,2358,1676,682
111000032,836,432,404
111000033,388,323,65
111000034,388,325,63
111000037,2858,1945,913
111000038,4059,2741,1318
111000039,2327,2838,-511
111000040,2023,3176,-1153
111000041,1964,2223,-259
111000042,5206,3287,1919
111000043,2141,3422,-1281
111000044,1712,1213,499
111000045,2324,2498,-174
111000046,1582,1937,-355
111000047,2693,4547,-1854
111000049,498,682,-184
111000050,2426,2205,221
111000051,560,1505,-945
111000052,791,2294,-1503
111000053,515,1268,-753
111000054,404,1266,-862
111000055,1445,2309,-864
111000056,177,727,-550
111000057,109,840,-731
111000058,354,108,246
111000059,586,317,269
111000060,4149,1080,3069
111000061,557,570,-13
111000062,759,442,317
111000063,2405,1253,1152
111000064,606,783,-177
111000065,1169,1170,-1
111000066,487,477,10
111000067,571,855,-284
111000068,694,1203,-509
111000069,1977,2545,-568
111000070,2306,1454,852
111000071,367,858,-491
111000072,1122,549,573
111000073,306,1133,-827
111000074,1657,1891,-234
111000075,1052,838,214
111000076,496,839,-343
111000077,1341,1407,-66
111000078,3102,1652,1450
111000079,1561,875,686
111000080,569,963,-394
111000081,2124,5069,-2945
111000082,686,945,-259
111000084,954,678,276
111000085,1274,2079,-805
111000086,3632,1740,1892
111000087,910,948,-38
111000088,6689,2620,4069
111000089,836,1099,-263
111000090,1126,1790,-664
111000091,916,719,197
111000092,1349,1113,236
111000093,853,1255,-402
111000094,2226,1255,971
111000095,766,2848,-2082
111000096,2687,8621,-5934
111000097,6203,1773,4430
111000098,978,1500,-522
111000099,620,2655,-2035
111000100,423,2150,-1727
111000101,549,1131,-582
111000102,273,831,-558
111000104,593,326,267
111000107,124,769,-645
111000109,562,381,181
111000110,1896,917,979
111000111,2133,551,1582
111000112,1827,698,1129
111000113,973,1595,-622
111000114,2642,4500,-1858
111000115,8124,1481,6643
111000116,1059,1332,-273
111000117,557,1290,-733
111000118,1990,1298,692
111000119,1210,1605,-395
111000120,557,811,-254
111000121,321,823,-502
111000122,687,1256,-569
111000123,1207,3490,-2283
111000124,680,3483,-2803
111000125,320,1963,-1643
111000126,134,1142,-1008
111000127,994,210,784
111000128,1650,383,1267
111000129,3096,567,2529
111000130,1921,860,1061
111000131,1507,819,688
111000132,1255,811,444
111000133,193,205,-12
111000134,164,147,17
111000135,71,149,-78
111000136,467,494,-27
111000138,28,24,4
111000140,4,12,-8
111000141,371,423,-52
111000142,25,144,-119
111000143,9,113,-104
111000144,28,278,-250
111000145,2150,23,2127
111000146,86,18,68
111000147,250,66,184
111000148,473,90,383
111000149,28,44,-16
111000150,281,11,270
111000151,9,34,-25
111000153,683,778,-95
111000154,942,270,672
111000155,115,217,-102
111000156,497,641,-144
111000157,229,915,-686
111000158,1099,954,145
111000159,3340,833,2507
111000160,398,502,-104
111000161,28,290,-262
111000162,98,252,-154
111000163,845,1125,-280
111000164,925,4207,-3282
111000165,1568,634,934
111000166,2277,543,1734
111000167,250,667,-417
111000168,290,629,-339
111000169,362,774,-412
111000170,621,740,-119
111000171,557,978,-421
111000172,157,722,-565
111000173,583,1476,-893
111000174,189,590,-401
111000175,73,315,-242
111000176,348,257,91
111000177,340,365,-25
111000178,1447,366,1081
111000179,249,240,9
111000180,239,491,-252
111000181,1144,367,777
111000182,231,328,-97
111000183,586,489,97
111000184,550,361,189
111000185,533,626,-93
111000186,635,381,254
111000187,175,334,-159
111000188,259,554,-295
111000189,1594,793,801
111000190,246,562,-316
111000191,197,491,-294
111000192,224,759,-535
111000193,392,488,-96
111000194,59,450,-391
111000195,144,420,-276
111000196,59,300,-241
111000197,408,208,200
111000198,574,200,374
111000199,213,206,7
111000200,381,434,-53
111000201,585,384,201
111000202,289,299,-10
111000203,288,330,-42
111000204,608,1068,-460
111000213,230,613,-383
111000214,1788,2147,-359
111000215,1468,1752,-284
111000217,1554,1420,134
111000218,1516,1452,64
111000219,522,295,227
111000220,2704,705,1999
111000221,1079,135,944
111000224,113,502,-389
111000225,429,291,138
111000226,216,1,215
111000227,89,7,82
111000228,22,398,-376
111000229,34,904,-870
111000230,337,604,-267
111000231,1042,1252,-210
111000232,706,1128,-422
111000233,762,916,-154
111000234,137,386,-249
111000239,123,248,-125
111000240,45,253,-208
111000241,26,402,-376
111000242,118,81,37
111000243,119,732,-613
111000244,463,140,323
111000245,1242,709,533
111000246,467,501,-34
111000247,294,1155,-861
111000248,666,599,67
111000249,514,948,-434
111000250,45,142,-97
111000251,81,125,-44
111000253,3,16,-13
111000255,22,17,5
111000257,26,25,1
111000260,81,1297,-1216
111000261,1166,132,1034
111000271,107,418,-311
111000273,6395,2404,3991
111000274,1481,2772,-1291
111000275,181,97,84
111000276,333,2393,-2060
111000277,270,435,-165
111000278,627,340,287
111000291,1000,6009,-5009
111000298,719,290,429
111000299,805,160,645
111000300,117,794,-677
111000302,331,81,250
111000303,81,278,-197
111000312,71,89,-18
111000315,33,320,-287
111000320,419,817,-398
111000321,335,138,197
111000322,330,563,-233
111000323,187,25,162
111000324,371,279,92
111000325,37,99,-62
111000326,219,524,-305
111000327,381,583,-202
111000328,290,680,-390
111000329,0,57,-57
111000330,78,39,39
111000331,14,16,-2
111000332,886,2456,-1570
111000334,539,2109,-1570
111000335,906,306,600
111000337,1262,527,735
111000338,89,166,-77
111000339,549,632,-83
111000340,140,859,-719
111000341,1495,783,712
111000342,468,748,-280
111000344,1045,932,113
111000345,322,129,193
111000346,28,130,-102
111000347,144,8,136
111000350,256,161,95
111000351,113,285,-172
111000352,181,112,69
111000353,116,324,-208
111000354,567,199,368
111000355,444,675,-231
111000358,164,1845,-1681
111000360,169,954,-785
111000361,105,430,-325
111000546,782,804,-22
111000547,381,736,-355
111000548,143,329,-186
111000549,373,474,-101
111000550,106,862,-756
111000551,837,242,595
111000552,3658,181,3477
111000907,819,44,775
111000908,39,1,38
111000916,1755,372,1383
111000917,68,508,-440
111000918,203,1276,-1073
111000920,562,28,534
111000921,5,428,-423
111000922,470,445,25
111000924,40,1114,-1074
111000925,2570,2782,-212
111000926,1140,2680,-1540
111000927,3250,6033,-2783
111000928,5466,4769,697
111000929,1373,1525,-152
111000930,1096,3271,-2175
111000931,1947,2952,-1005
111000932,5171,2974,2197
111000933,4163,2678,1485
111000934,2951,3805,-854
111000935,1719,1305,414
111000936,1442,2915,-1473
111000937,1151,1709,-558
111000938,2022,2842,-820
111000939,466,82,384
111000940,438,251,187
111000941,346,772,-426
111000943,383,338,45
111000944,180,599,-419
111000945,91,2070,-1979
111001109,689,378,311
111001110,253,777,-524
111001111,92,8,84
111001112,213,1,212
111001113,2,275,-273
111001114,2252,149,2103
111001115,123,466,-343
111001116,7093,4674,2419
111001117,697,2982,-2285
111001120,141,431,-290
111001121,237,506,-269
111001122,226,769,-543
111001123,268,191,77
111001124,124,324,-200
111001125,5,100,-95
111001126,7,1,6
111001127,0,121,-121
111900001,7,310,-303
111900002,2,838,-836
111900003,4,462,-458
111900004,65,205,-140
111900006,5,39,-34
111900007,95,11,84
111900008,169,1,168
111900009,113,2,111
111900010,429,663,-234
111900012,125,150,-25
111900013,21,76,-55
111900014,6847,3283,3564
111900015,0,61,-61
111900016,0,165,-165
111900017,0,191,-191
111900018,257,6,251
111900019,13,120,-107
111900020,4,49,-45
111900021,45,137,-92
111900022,10,82,-72
111900023,110,141,-31
111900024,3,94,-91
111900025,0,77,-77
111900026,0,109,-109
111900027,9,238,-229
111900028,1,459,-458
111900029,9,153,-144
111900030,49,437,-388
111900031,0,19,-19
111900032,1,386,-385
111900033,6,121,-115
111900034,387,709,-322
111900035,73,316,-243
111900036,1,362,-361
111900038,347,726,-379
111900039,74,612,-538
111900040,6,732,-726
111900042,35,168,-133
111900043,1,429,-428
111900044,369,395,-26
111900046,45,209,-164
111900048,104,562,-458
111900049,45,356,-311
111900050,161,27,134
111900051,0,162,-162
111900052,532,766,-234
111900053,1466,1041,425
111900054,135,6,129
111900055,19,351,-332
111900056,233,229,4
111900057,108,126,-18
111900058,338,779,-441
111900059,3098,570,2528
111900060,316,4,312
111900061,8,163,-155
111900062,14,69,-55
111900063,404,284,120
111900064,86,163,-77
111900065,79,33,46
111900066,172,172,0
111900067,0,454,-454
111900068,54,41,13
111900069,72,33,39
111900070,112,122,-10
111900071,0,289,-289
111900072,25,8,17
111900073,702,113,589
111900074,18,190,-172
111900075,53,13,40
111900076,137,46,91
111900077,21,0,21
111900078,206,22,184
111900079,36,53,-17
111900080,303,287,16
111900082,65,15,50
111900083,118,15,103
111900084,95,16,79
111900085,33,119,-86
111900086,17,0,17
111900087,25,1,24
111900088,470,8,462
111900089,85,2,83
111900090,58,30,28
111900091,128,1,127
111900092,76,0,76
111900093,337,6,331
111900094,103,1,102
111900095,187,38,149
111900096,105,0,105
111900097,37,0,37
111900098,141,7,134
111900099,63,0,63
111900100,126,6,120
111900101,134,31,103
111900102,487,834,-347
111900103,71,79,-8
111900104,137,70,67
111900105,363,190,173
111900106,1263,78,1185
111900110,2452,464,1988
111900111,219,233,-14
111900112,821,2402,-1581
111900113,403,87,316
111900118,376,84,292
111900119,377,135,242
111900122,114,124,-10
111900123,11,24,-13
111900124,45,167,-122
111900125,435,39,396
111900126,313,6,307
111900127,5,794,-789
111900128,2,665,-663
111900129,262,5,257
111900130,266,20,246
111900131,415,0,415
111900132,29,1376,-1347
111900133,14,415,-401
111900134,13,278,-265
111900135,12,31,-19
111900136,96,214,-118
111900137,86,99,-13
111900138,22,133,-111
111900139,19,224,-205
111900140,64,17,47
111900141,41,12,29
111900142,89,24,65
111900143,76,264,-188
111900144,0,132,-132
111900145,3,559,-556
111900146,5,301,-296
111900147,194,537,-343
111900148,49,876,-827
111900149,7,407,-400
111900150,22,175,-153
111900151,4,23,-19
111900152,118,89,29
111900153,1775,471,1304
111900154,5,212,-207
111900155,51,95,-44
111900156,33,88,-55
111900157,100,19,81
111900158,465,38,427
111900159,268,14,254
111900160,248,1,247
111900161,146,3,143
111900162,64,211,-147
111900163,56,274,-218
111900164,100,88,12
111901113,429,263,166
111901114,284,343,-59
111901115,103,2,101
111901116,52,6,46
111901117,39,37,2
111901118,92,312,-220
111901119,1243,123,1120
111901121,287,344,-57
111901122,5,810,-805
111901123,149,383,-234
111901124,133,0,133
111901125,367,299,68
111901127,950,369,581
111901128,12,135,-123
111901129,10,155,-145
111901130,3,288,-285
111901131,3,324,-321
111901132,84,10,74
111901133,65,2,63
111901134,74,5,69
111901135,24,15,9
111901136,3,23,-20
111901138,226,70,156
111901139,14,53,-39
111901140,4,156,-152
111901141,11,225,-214
111901142,7,129,-122
111901143,4,160,-156
111901144,50,57,-7
111901145,305,299,6
111901146,497,27,470
111901147,914,266,648
111901148,20,85,-65
111901149,8,5,3
111901150,65,1,64
112000001,1827,1010,817
112000002,995,3002,-2007
112000003,1272,1095,177
112000004,876,1464,-588
112000005,2813,3194,-381
112000006,2365,2466,-101
112000007,2708,1922,786
112000008,2996,4727,-1731
112000009,4575,4739,-164
112000010,3750,3438,312
112000011,2762,2724,38
112000012,6667,3443,3224
112000013,7198,3615,3583
112000014,5509,1080,4429
112000015,5550,3452,2098
112000016,10757,1184,9573
112000017,4557,1833,2724
112000024,2891,1067,1824
112000026,4816,6006,-1190
112000027,1240,782,458
112000028,2271,2027,244
112000029,494,745,-251
112000030,253,143,110
112000031,2320,4757,-2437
112000032,601,60,541
112000033,3068,1355,1713
112000034,557,62,495
112000035,140,263,-123
112000036,1787,836,951
112000037,1815,755,1060
112000038,1519,840,679
112000039,84,91,-7
112000040,157,304,-147
112000041,783,586,197
112000042,1330,436,894
112000050,1482,2433,-951
112000051,1055,1570,-515
112000054,2278,3092,-814
112000057,515,445,70
112000058,477,668,-191
112000059,597,1212,-615
112000061,4338,2814,1524
112000062,2073,791,1282
112000063,1792,2158,-366
112000064,5202,7292,-2090
112000065,2698,2972,-274
112000066,4915,1795,3120
112000067,861,878,-17
112000068,4092,2679,1413
112000069,1073,2192,-1119
112000070,2431,1218,1213
112000071,1250,2733,-1483
112000072,2282,1152,1130
112000073,2013,2117,-104
112000074,1623,1144,479
112000075,1904,1369,535
112000076,3907,3304,603
112000077,522,757,-235
112000078,1989,822,1167
112000079,1431,1420,11
112000080,775,1056,-281
112000081,1741,2829,-1088
112000082,1710,1113,597
112000083,681,1612,-931
112000084,1326,1029,297
112000085,1432,1487,-55
112000086,2015,1736,279
112000087,390,431,-41
112000088,590,691,-101
112000089,322,397,-75
112000090,277,353,-76
112000091,787,1374,-587
112000092,1481,968,513
112000093,1677,1120,557
112000094,642,1076,-434
112000095,816,947,-131
112000096,1036,1643,-607
112000097,1221,619,602
112000098,1121,1511,-390
112000099,779,1351,-572
112000100,1741,1102,639
112000101,615,1272,-657
112000102,1165,770,395
112000103,347,1390,-1043
112000105,861,2431,-1570
112000106,1834,661,1173
112000107,102,210,-108
112000108,389,2100,-1711
112000109,200,155,45
112000110,2152,778,1374
112000111,1405,3719,-2314
112000112,4153,730,3423
112000113,1092,2073,-981
112000114,2962,1239,1723
112000115,416,685,-269
112000116,609,1197,-588
112000117,1329,942,387
112000118,1183,1158,25
112000119,540,1117,-577
112000120,112,456,-344
112000121,169,750,-581
112000122,245,218,27
112000123,659,215,444
112000124,367,106,261
112000125,192,218,-26
112000126,245,689,-444
112000127,3102,2171,931
112000128,1126,729,397
112000129,139,160,-21
112000130,188,79,109
112000131,71,514,-443
112000132,114,314,-200
112000133,518,343,175
112000134,506,482,24
112000135,1290,759,531
112000136,1372,1362,10
112000137,2044,1658,386
112000138,2182,1379,803
112000139,1281,630,651
112000140,1314,1475,-161
112000141,978,494,484
112000142,286,878,-592
112000143,1205,336,869
112000144,404,1684,-1280
112000145,2541,761,1780
112000146,765,2691,-1926
112000147,2389,1921,468
112000148,2035,2914,-879
112000149,458,885,-427
112000150,340,762,-422
112000151,462,617,-155
112000152,350,540,-190
112000153,314,358,-44
112000154,174,252,-78
112000155,244,164,80
112000157,1046,698,348
112000158,330,792,-462
112000159,455,294,161
112000167,346,109,237
112000169,616,564,52
112000173,674,248,426
112000175,489,486,3
112000176,3983,2637,1346
112000177,641,181,460
112000178,93,578,-485
112000179,189,139,50
112000180,474,842,-368
112000181,1552,2378,-826
112000182,1213,2252,-1039
112000183,49,70,-21
112000184,416,656,-240
112000185,558,736,-178
112000187,3826,2658,1168
112000195,178,14,164
112000196,234,0,234
112000197,185,149,36
112000198,30,302,-272
112000199,1391,1081,310
112000202,361,4,357
112000216,75,274,-199
112000230,112,7,105
112000231,5,266,-261
112000256,46,276,-230
112000313,128,194,-66
112000314,56,29,27
112000337,359,682,-323
112000352,617,410,207
112000392,1779,1778,1
112000398,1462,1049,413
112000399,4301,2606,1695
112000400,2000,4479,-2479
112000401,3760,4221,-461
112000402,2981,2874,107
112000403,3360,3436,-76
112000404,919,805,114
112000405,2030,3396,-1366
112000406,4238,3855,383
112000407,6591,8326,-1735
112000408,9482,9139,343
112000409,2309,7131,-4822
112000410,442,333,109
112000411,5382,1781,3601
112000412,1716,684,1032
112000413,10853,5208,5645
112000414,106,158,-52
112000415,126,68,58
112000416,2521,1513,1008
112000417,272,94,178
112000421,50,137,-87
112000422,427,498,-71
112000424,3271,3062,209
112000425,595,1511,-916
112000426,289,678,-389
112000427,0,11,-11
112000428,245,435,-190
112000429,2862,4002,-1140
112000430,3437,4042,-605
112000431,106,192,-86
112000432,729,2010,-1281
112000433,627,1104,-477
112000437,80,367,-287
112900001,69,2,67
112900002,374,1287,-913
112900003,70,483,-413
112900004,92,318,-226
112900005,287,337,-50
112900006,7,491,-484
112900007,45,283,-238
112900008,1,54,-53
112900009,450,133,317
112900010,321,1014,-693
112900011,267,327,-60
112900012,2,61,-59
112900013,1,189,-188
112900014,2,289,-287
112900015,370,886,-516
112900016,3,325,-322
112900017,20,242,-222
112900018,2,324,-322
112900019,69,246,-177
112900020,396,1465,-1069
112900021,4,311,-307
112900022,8,93,-85
112900023,0,212,-212
112900024,32,258,-226
112900025,105,323,-218
112900026,6,340,-334
112900027,15,1529,-1514
112900028,46,130,-84
112900029,3,697,-694
112900030,229,257,-28
112900031,3,596,-593
112900032,170,381,-211
112900034,2,54,-52
112900035,8,516,-508
112900036,40,172,-132
112900037,237,244,-7
112900038,652,161,491
112900039,47,422,-375
112900040,3,343,-340
112900041,1195,1292,-97
112900042,46,419,-373
112900043,39,43,-4
112900044,770,489,281
112900045,481,423,58
112900046,235,71,164
112900047,25,30,-5
112900049,209,94,115
112900050,56,646,-590
112900051,324,752,-428
112900052,6,1207,-1201
112900053,420,130,290
112900054,258,60,198
112900055,164,43,121
112900056,441,209,232
112900057,34,897,-863
112900058,342,352,-10
112900059,146,162,-16
112900060,10,290,-280
112900061,67,146,-79
112900062,103,178,-75
112900063,195,13,182
112900064,172,303,-131
112900065,40,16,24
112900066,169,149,20
112900067,688,231,457
112900068,33,45,-12
112900069,2645,800,1845
112900071,41,7,34
112900072,316,1961,-1645
112900073,309,70,239
112900074,100,293,-193
112900075,2121,1005,1116
112900076,118,43,75
112900078,284,432,-148
112900079,366,50,316
112900080,45,4,41
112900081,46,203,-157
112900082,614,38,576
112900083,119,98,21
112900084,184,136,48
112900086,58,0,58
112900087,777,127,650
112900088,133,21,112
112900089,844,31,813
112900090,26,22,4
112900091,210,8,202
112900092,227,287,-60
112900093,1451,21,1430
112900095,39,0,39
112900096,403,166,237
112900097,92,428,-336
112900098,82,3,79
112900099,849,14,835
112900100,79,2,77
112900101,285,9,276
112900102,98,8,90
112900103,205,6,199
112900104,324,8,316
112900105,11,0,11
112900106,495,148,347
112900107,2,2,0
112900108,68,0,68
112900109,89,0,89
112900110,927,12,915
112900111,763,8,755
112900112,380,0,380
112900113,0,17,-17
112900114,115,42,73
112900115,1110,2,1108
112900116,138,51,87
112900117,94,179,-85
112900118,35,92,-57
112900119,157,6,151
112900120,1027,314,713
112900121,239,338,-99
112900122,11,130,-119
112900123,265,26,239
112900124,19,161,-142
112900125,55,449,-394
112900126,177,267,-90
112900127,414,92,322
112900128,461,896,-435
112900129,3,966,-963
112900130,271,70,201
112900131,69,330,-261
112900132,139,500,-361
112900133,30,1214,-1184
112900134,0,272,-272
112900135,132,58,74
112900137,1,698,-697
112900138,2,375,-373
112900139,246,1331,-1085
112900141,785,30,755
112900142,81,160,-79
112900143,53,696,-643
112900144,1,417,-416
112900145,64,566,-502
112900146,9,1588,-1579
112900147,2,2474,-2472
112900148,105,0,105
112900149,327,709,-382
112900151,35,79,-44
112900152,4810,1133,3677
112900153,2216,1992,224
112900154,1,190,-189
112900155,236,21,215
112900156,312,1840,-1528
112900157,383,192,191
112900158,73,31,42
112900159,230,111,119
112900160,72,270,-198
112900161,155,44,111
112900162,25,21,4
112900163,147,54,93
112900164,63,180,-117
112900165,168,40,128
112900166,25,83,-58
112900167,9,65,-56
112900168,4,0,4
112900169,11,11,0
112900170,107,150,-43
112900172,58,12,46
112900173,275,103,172
112900174,304,42,262
112900175,190,190,0
112900176,19,31,-12
112900177,279,66,213
112900178,886,3038,-2152
112900179,48,558,-510
112900180,2206,1835,371
112900181,538,9,529
112900182,53,1485,-1432
112900183,163,291,-128
112900184,537,481,56
112900185,327,513,-186
112900186,1719,954,765
112900187,122,521,-399
112900188,928,313,615
112900189,10,24,-14
112900190,40,51,-11
112900192,615,597,18
112900193,1354,378,976
112900194,125,202,-77
112900195,833,49,784
112900196,250,543,-293
112900197,261,409,-148
112900199,580,692,-112
112900200,535,346,189
112900201,62,119,-57
112900202,354,925,-571
112900203,176,375,-199
112900204,1078,614,464
112900205,11,20,-9
112900206,16,80,-64
112900207,15,0,15
112900208,128,313,-185
112900209,680,463,217
112900210,2,32,-30
112900211,87,73,14
112900212,0,168,-168
112900213,56,31,25
112900214,35,24,11
112900215,9,270,-261
112900216,53,83,-30
112900217,0,68,-68
112900218,53,17,36
112900219,47,0,47
112900220,14,0,14
112900221,19,120,-101
112900222,0,29,-29
112900223,981,16,965
112900224,280,722,-442
112900225,414,517,-103
112900226,218,371,-153
112900227,468,1618,-1150
112900228,58,41,17
112900229,185,103,82
112900230,7830,4388,3442
112900232,228,241,-13
112900233,109,232,-123
112900234,10,127,-117
112900235,133,24,109
112900236,197,12,185
112900237,357,415,-58
112900238,6,59,-53
112900239,1216,436,780
112900240,8,132,-124
112900241,32,218,-186
112900242,31,244,-213
112900243,11,204,-193
112900244,7,109,-102
112900245,0,59,-59
112900246,1,18,-17
112900247,152,44,108
112900248,22,2,20
112900249,39,8,31
112900250,50,22,28
112900251,61,25,36
112900252,94,23,71
112900253,50,12,38
112900254,19,9,10
112900255,4,25,-21
112900256,24,30,-6
112900257,13,35,-22
112900258,29,28,1
113000001,6747,9414,-2667
113000002,4393,5054,-661
113000003,2273,3671,-1398
113000004,2447,3895,-1448
113000005,2237,1620,617
113000006,1456,2223,-767
113000007,2950,1923,1027
113000008,2505,2637,-132
113000009,1148,1308,-160
113000010,1478,2261,-783
113000011,771,1666,-895
113000012,1627,1143,484
113000013,1672,839,833
113000014,1802,1617,185
113000015,574,228,346
113000016,468,590,-122
113000017,48,356,-308
113000018,632,81,551
113000019,180,291,-111
113000020,589,47,542
113000021,2427,857,1570
113000022,804,1515,-711
113000025,129,351,-222
113000026,646,500,146
113000027,1543,542,1001
113000028,1301,490,811
113000029,1039,839,200
113000030,472,784,-312
113000031,378,502,-124
113000032,373,424,-51
113000033,336,601,-265
113000034,541,431,110
113000035,38,57,-19
113000036,21,65,-44
113000037,77,63,14
113000038,9,70,-61
113000039,80,719,-639
113000040,98,133,-35
113000042,1102,875,227
113000051,920,3427,-2507
113000052,2534,1491,1043
113000053,536,677,-141
113000054,399,1173,-774
113000055,1373,991,382
113000056,1062,1428,-366
113000058,1000,1075,-75
113000059,1340,794,546
113000060,288,662,-374
113000061,861,1361,-500
113000062,1405,351,1054
113000063,187,199,-12
113000064,73,448,-375
113000065,199,1263,-1064
113000066,672,120,552
113000067,2031,1576,455
113000068,433,2070,-1637
113000069,694,1684,-990
113000070,2205,1270,935
113000071,385,853,-468
113000072,844,611,233
113000073,581,2025,-1444
113000074,1269,657,612
113000075,2526,1030,1496
113000076,1296,2486,-1190
113000077,1720,677,1043
113000078,1161,2915,-1754
113000079,1241,1075,166
113000080,1037,846,191
113000081,840,1084,-244
113000082,1442,1019,423
113000083,692,1231,-539
113000084,2220,1690,530
113000085,1085,1058,27
113000086,1780,1888,-108
113000087,1205,1338,-133
113000088,3292,1889,1403
113000089,1201,2123,-922
113000090,442,763,-321
113000091,646,550,96
113000094,1575,252,1323
113000095,327,1143,-816
113000096,228,912,-684
113000097,1449,411,1038
113000098,146,53,93
113000099,1506,404,1102
113000100,190,505,-315
113000101,520,717,-197
113000102,843,588,255
113000103,3050,705,2345
113000104,511,3581,-3070
113000105,922,554,368
113000106,373,720,-347
113000107,893,1174,-281
113000108,1121,1874,-753
113000109,771,5942,-5171
113000110,1911,687,1224
113000111,300,1227,-927
113000112,512,560,-48
113000113,1827,655,1172
113000114,486,2227,-1741
113000116,878,386,492
113000117,1064,197,867
113000118,282,697,-415
113000119,563,387,176
113000120,118,356,-238
113000121,1135,946,189
113000124,309,169,140
113000125,78,822,-744
113000127,3620,620,3000
113000128,525,677,-152
113000129,647,1282,-635
113000133,3754,2022,1732
113000134,13,1488,-1475
113000135,4738,5776,-1038
113000137,2485,3621,-1136
113000139,436,258,178
113000140,176,341,-165
113000141,384,235,149
113000142,1047,1250,-203
113000143,339,264,75
113000144,543,1028,-485
113000145,69,157,-88
113000146,166,89,77
113000147,191,130,61
113000148,143,163,-20
113000149,82,137,-55
113000150,629,487,142
113000151,122,118,4
113000152,25,123,-98
113000153,1752,660,1092
113000154,835,1794,-959
113000155,426,594,-168
113000156,211,464,-253
113000157,324,1099,-775
113000158,708,293,415
113000159,829,870,-41
113000160,737,1419,-682
113000161,243,557,-314
113000162,716,461,255
113000163,115,91,24
113000164,53,122,-69
113000166,117,92,25
113000167,55,182,-127
113000168,66,201,-135
113000169,175,70,105
113000170,166,150,16
113000171,80,147,-67
113000172,280,126,154
113000173,81,27,54
113000174,130,621,-491
113000175,466,178,288
113000176,659,222,437
113000177,194,590,-396
113000178,166,436,-270
113000179,421,227,194
113000180,911,1850,-939
113000181,1691,1307,384
113000182,292,755,-463
113000183,254,648,-394
113000184,23,131,-108
113000189,674,1260,-586
113000190,1476,767,709
113000192,3343,1881,1462
113000193,6677,1443,5234
113000194,3531,1235,2296
113000195,3378,867,2511
113000196,490,136,354
113000197,2461,1303,1158
113000198,84,330,-246
113000199,1727,370,1357
113000201,1961,374,1587
113000202,4593,4632,-39
113000203,467,387,80
113000204,2545,1736,809
113000205,26,23,3
113000206,13,47,-34
113000207,46,15,31
113000208,37,55,-18
113000209,46,39,7
113000210,5,44,-39
113000211,453,343,110
113000212,323,29,294
113000213,65,324,-259
113000214,268,546,-278
113000234,232,1310,-1078
113000410,252,269,-17
113000411,3549,5639,-2090
113000412,9968,3712,6256
113000413,4093,3903,190
113000414,9599,16502,-6903
113000415,3165,4438,-1273
113000416,11204,5970,5234
113000417,3736,4357,-621
113000418,5648,4134,1514
113000419,1898,2252,-354
113000420,4901,6147,-1246
113000421,4914,7587,-2673
113000422,15769,13879,1890
113000423,2908,6095,-3187
113000424,4472,13109,-8637
113000425,42,154,-112
113000428,109,35,74
113000430,14,37,-23
113000432,3132,229,2903
113000433,156,1062,-906
113000434,28,232,-204
113000435,53,770,-717
113000436,72,1357,-1285
113000437,1035,25,1010
113000438,307,20,287
113000439,30,153,-123
113000440,135,37,98
113000441,283,349,-66
113000442,184,239,-55
113000443,285,366,-81
113000444,269,282,-13
113000445,144,194,-50
113000446,39,119,-80
113000448,334,220,114
113000449,378,2376,-1998
113000450,839,8421,-7582
113000451,2225,241,1984
113000452,842,1311,-469
113000453,110,405,-295
113000454,3898,93,3805
113000455,117,206,-89
113000456,5029,3293,1736
113000468,2724,431,2293
113000469,376,168,208
113000470,565,48,517
113000471,25,665,-640
113000472,122,424,-302
113000474,632,872,-240
113000475,2048,2510,-462
113000476,1739,2152,-413
113000477,3108,2562,546
113000478,5428,7649,-2221
113000479,74,268,-194
113000484,0,0,0
113000485,0,0,0
113000486,6,0,6
113000487,0,1,-1
113000488,0,0,0
113000489,0,2,-2
113000490,0,0,0
113000491,1,3,-2
113000492,2,0,2
113000493,0,0,0
113000495,235,257,-22
113000496,127,188,-61
113900001,4,470,-466
113900002,4,224,-220
113900003,1,205,-204
113900004,3,106,-103
113900005,11,104,-93
113900006,3,77,-74
113900007,136,2,134
113900008,726,4,722
113900009,973,7,966
113900010,1264,8,1256
113900011,109,4,105
113900012,40,3,37
113900013,3134,41,3093
113900014,718,2,716
113900015,4,59,-55
113900016,62,1,61
113900017,6,54,-48
113900018,521,208,313
113900019,182,50,132
113900020,175,1,174
113900022,17,0,17
113900023,64,0,64
113900024,56,72,-16
113900025,352,16,336
113900026,39,3,36
113900027,7,68,-61
113900028,30,472,-442
113900029,60,259,-199
113900030,224,4,220
113900031,7,0,7
113900032,42,2,40
113900033,116,78,38
113900035,70,1,69
113900036,20,119,-99
113900037,151,570,-419
113900038,88,175,-87
113900039,141,13,128
113900040,8,14,-6
113900041,3,0,3
113900042,133,52,81
113900043,323,126,197
113900044,253,310,-57
113900045,146,9,137
113900046,302,710,-408
113900047,95,141,-46
113900048,297,107,190
113900049,690,448,242
113900050,255,434,-179
113900051,293,498,-205
113900052,190,161,29
113900053,547,770,-223
113900054,26,6,20
113900055,88,619,-531
113900056,88,234,-146
113900057,37,385,-348
113900058,74,222,-148
113900059,259,439,-180
113900060,116,255,-139
113900061,1121,280,841
113900062,147,16,131
113900063,134,161,-27
113900064,20,119,-99
113900065,688,26,662
113900066,385,528,-143
113900067,182,372,-190
113900068,583,526,57
113900069,55,79,-24
113900070,194,554,-360
113900071,121,102,19
113900072,80,274,-194
113900073,267,547,-280
113900074,342,378,-36
113900075,1476,1539,-63
113900076,178,34,144
113900077,65,223,-158
113900078,71,100,-29
113900079,1,59,-58
113900080,443,212,231
113900081,106,344,-238
113900082,130,370,-240
113900083,284,608,-324
113900084,356,185,171
113900085,54,341,-287
113900086,22,35,-13
113900087,49,185,-136
113900088,78,121,-43
113900089,504,52,452
113900090,706,339,367
113900091,15,29,-14
113900092,77,165,-88
113900093,91,885,-794
113900094,438,450,-12
113900095,140,168,-28
113900096,244,94,150
113900097,42,150,-108
113900098,598,116,482
113900099,2,106,-104
113900100,0,3,-3
113900101,26,64,-38
113900102,208,161,47
113900103,424,333,91
113900104,129,247,-118
113900105,109,356,-247
113900106,1,105,-104
113900107,3,22,-19
113900108,358,277,81
113900109,378,170,208
113900110,67,38,29
113900111,200,111,89
113900112,122,82,40
113900113,1022,588,434
113900114,2,134,-132
113900115,1,118,-117
113900116,107,179,-72
113900117,172,39,133
113900118,221,439,-218
113900119,366,508,-142
113900120,76,46,30
113900121,51,93,-42
113900122,368,2183,-1815
113900123,506,280,226
113900124,4,86,-82
113900125,1402,177,1225
113900126,176,92,84
113900127,318,754,-436
113900128,227,78,149
113900129,29,179,-150
113900130,3,20,-17
113900131,240,80,160
113900132,149,88,61
113900133,27,64,-37
113900135,420,524,-104
113900136,119,75,44
113900137,604,335,269
113900138,86,145,-59
113900139,536,177,359
113900140,452,363,89
113900141,518,494,24
113900142,156,85,71
113900143,20,48,-28
113900144,453,254,199
113900145,363,219,144
113900146,193,57,136
113900148,236,364,-128
113900149,179,128,51
113900150,958,738,220
113900151,466,252,214
113900152,40,65,-25
113900153,424,635,-211
113900154,2,156,-154
113900155,255,199,56
113900156,331,623,-292
113900157,35,310,-275
113900158,567,381,186
113900159,22,371,-349
113900160,685,698,-13
113900161,76,293,-217
113900162,752,708,44
113900163,418,323,95
113900164,327,68,259
113900165,792,622,170
113900166,261,197,64
113900167,274,49,225
113900168,193,137,56
113900169,260,498,-238
113900171,184,89,95
113900172,12,305,-293
113900173,63,734,-671
113900174,465,684,-219
113900175,385,137,248
113900176,354,685,-331
113900177,503,245,258
113900178,464,113,351
113900179,21,677,-656
113900180,174,114,60
113900181,828,146,682
113900182,886,1144,-258
113900183,112,107,5
113900184,18,736,-718
113900185,235,100,135
113900186,32,61,-29
113900187,63,172,-109
113900188,60,161,-101
113900189,346,161,185
113900190,365,162,203
113900191,157,265,-108
113900192,7,521,-514
113900193,24,264,-240
113900194,2390,1371,1019
113900195,406,590,-184
113900196,6,145,-139
113900197,4,241,-237
113900198,27,187,-160
113900199,195,784,-589
113900200,21,320,-299
113900201,2,245,-243
113900202,39,404,-365
113900203,3,156,-153
113900204,74,711,-637
113900205,15,276,-261
113900206,8,216,-208
113900207,4,87,-83
113900208,0,72,-72
113900209,0,93,-93
113900210,694,770,-76
113900211,200,79,121
113900212,252,597,-345
113900214,553,546,7
113900215,96,126,-30
113900216,108,1142,-1034
113900217,117,292,-175
113900218,178,82,96
113900219,114,410,-296
113900220,204,177,27
113900221,432,198,234
113900222,291,498,-207
113900223,148,1224,-1076
113900224,150,102,48
113900225,683,292,391
113900226,301,125,176
113900227,359,271,88
113900228,389,510,-121
113900229,56,752,-696
113900230,5303,3109,2194
113900231,261,278,-17
113900232,90,157,-67
113900233,102,92,10
113900234,330,627,-297
113900235,105,39,66
113900236,128,387,-259
113900237,211,13,198
113900238,335,672,-337
113900239,95,111,-16
113900240,13,164,-151
113900241,138,76,62
113900242,59,191,-132
113900243,114,540,-426
113900244,531,268,263
113900245,1629,330,1299
113900246,24,31,-7
113900247,248,465,-217
113900248,3716,2178,1538
113900249,1271,533,738
113900250,51,203,-152
113900251,670,231,439
113900252,598,14,584
113900253,894,62,832
113900254,922,154,768
113900255,471,20,451
113900256,473,40,433
113900257,28,801,-773
113900258,18,593,-575
113900259,555,244,311
113900260,187,25,162
113900261,34,120,-86
113900262,179,762,-583
113900263,178,746,-568
113900264,7,695,-688
113900265,221,360,-139
113900266,42,261,-219
113900267,146,598,-452
113900268,302,377,-75
113900269,95,155,-60
113900270,319,526,-207
113900271,680,1619,-939
113900273,92,21,71
113900274,92,74,18
113900275,40,84,-44
113900276,2,257,-255
113900277,141,4,137
113900278,286,211,75
113900279,208,115,93
113900280,1714,586,1128
113900281,672,1487,-815
113900282,1161,724,437
113900283,544,549,-5
113900284,926,224,702
113900285,155,51,104
113900286,14,115,-101
113900287,43,51,-8
113900288,4,175,-171
113900289,1485,200,1285
113900290,413,190,223
113900291,125,301,-176
113900292,7,6,1
113900293,9,342,-333
113900294,542,36,506
113900295,634,611,23
113900296,2259,431,1828
113900297,2585,45,2540
113900298,17,1925,-1908
113900299,66,284,-218
113900300,6593,4073,2520
113900301,1191,578,613
113900302,2763,1222,1541
113900303,635,568,67
113900304,3,155,-152
113900305,107,0,107
113900306,29,0,29
113900307,154,0,154
113900308,76,160,-84
113900309,4,1232,-1228
113900310,2,9,-7
113900311,10,2,8
113900312,317,275,42
113900313,36,14,22
113900314,0,30,-30
113900315,56,6,50
114000001,1205,3768,-2563
114000002,328,519,-191
114000003,253,1209,-956
114000004,407,396,11
114000005,311,302,9
114000006,3619,2730,889
114000007,834,1679,-845
114000008,2025,2222,-197
114000009,841,320,521
114000011,2831,3784,-953
114000012,2531,2657,-126
114000013,1759,2150,-391
114000014,849,750,99
114000015,2128,599,1529
114000016,285,469,-184
114000017,155,390,-235
114000018,459,55,404
114000026,1755,1749,6
114000027,3535,2301,1234
114000028,2456,3096,-640
114000038,356,167,189
114000039,294,367,-73
114000040,98,281,-183
114000042,192,255,-63
114000043,545,298,247
114000044,323,268,55
114000045,53,72,-19
114000046,4082,6258,-2176
114000047,53,83,-30
114000048,193,198,-5
114000049,1915,2084,-169
114000050,2144,2947,-803
114000051,4189,2280,1909
114000052,5836,1718,4118
114000053,144,566,-422
114000054,208,1202,-994
114000055,572,33,539
114000056,1218,939,279
114000057,8909,2761,6148
114000058,608,1607,-999
114000059,301,422,-121
114000060,908,1132,-224
114000061,4502,3038,1464
114000062,2741,1398,1343
114000063,3511,2210,1301
114000064,7369,4587,2782
114000065,1918,3187,-1269
114000066,491,729,-238
114000067,15,835,-820
114000068,578,859,-281
114000069,1127,622,505
114000070,2522,2004,518
114000071,782,638,144
114000072,498,381,117
114000073,23,137,-114
114000074,83,21,62
114000075,70,146,-76
114000076,16,158,-142
114000077,11,49,-38
114000078,347,833,-486
114000079,186,50,136
114000080,119,114,5
114000081,78,84,-6
114000082,78,601,-523
114000083,81,347,-266
114000084,393,100,293
114000085,198,863,-665
114000086,292,564,-272
114000087,98,239,-141
114000088,34,63,-29
114000089,1600,546,1054
114000090,897,905,-8
114000091,1693,1175,518
114000092,1151,727,424
114000093,1280,1078,202
114000094,578,527,51
114000095,327,121,206
114000096,168,530,-362
114000097,164,816,-652
114000098,569,123,446
114000099,659,1084,-425
114000100,1428,914,514
114000101,437,998,-561
114000102,571,486,85
114000103,186,503,-317
114000104,29,350,-321
114000105,135,82,53
114000106,1179,1142,37
114000107,333,155,178
114000108,3926,1742,2184
114000109,573,1629,-1056
114000110,622,1929,-1307
114000111,1696,810,886
114000112,559,3003,-2444
114000113,1626,561,1065
114000114,1413,2144,-731
114000115,2590,1140,1450
114000116,828,1587,-759
114000117,2880,523,2357
114000118,2408,461,1947
114000119,1812,509,1303
114000120,614,1009,-395
114000121,628,848,-220
114000122,795,414,381
114000123,2027,446,1581
114000124,1152,368,784
114000125,1092,1986,-894
114000126,2407,300,2107
114000127,197,200,-3
114000128,923,525,398
114000130,763,683,80
114000131,296,159,137
114000132,779,870,-91
114000133,996,1907,-911
114000134,78,218,-140
114000138,57,242,-185
114000139,642,307,335
114000144,892,569,323
114000145,136,230,-94
114000146,142,337,-195
114000147,1554,1757,-203
114000148,2579,2311,268
114000149,477,310,167
114000150,2458,1711,747
114000151,2616,2092,524
114000152,167,58,109
114000153,1510,3168,-1658
114000154,1593,1269,324
114000155,1679,3013,-1334
114000156,1372,678,694
114000157,388,1218,-830
114000158,2426,909,1517
114000159,249,599,-350
114000160,163,354,-191
114000161,1937,2965,-1028
114000162,1193,2483,-1290
114000163,18,174,-156
114000165,696,342,354
114000166,954,392,562
114000167,4850,1710,3140
114000168,865,735,130
114000169,1917,1335,582
114000170,1606,1279,327
114000171,1184,3650,-2466
114000174,310,570,-260
114000176,867,520,347
114000177,2591,980,1611
114000178,66,48,18
114000179,1443,1087,356
114000180,550,816,-266
114000181,1862,3871,-2009
114000182,5292,2881,2411
114000183,1118,1235,-117
114000184,6943,1555,5388
114000185,1125,984,141
114000189,803,164,639
114000190,2390,319,2071
114000191,53,72,-19
114000192,362,1756,-1394
114000193,818,3592,-2774
114000194,1429,1207,222
114000195,169,15,154
114000196,3,342,-339
114000197,1123,170,953
114000198,1398,521,877
114000199,2746,1899,847
114000200,861,2307,-1446
114000201,287,1068,-781
114000202,1217,845,372
114000203,698,1050,-352
114000204,170,602,-432
114000205,297,2006,-1709
114000206,620,1819,-1199
114000207,851,2231,-1380
114000208,568,3760,-3192
114000209,602,3418,-2816
114000210,374,1722,-1348
114000211,1202,1877,-675
114000212,791,963,-172
114000213,1607,715,892
114000214,137,246,-109
114000215,311,82,229
114000216,1896,582,1314
114000217,264,428,-164
114000218,155,353,-198
114000219,1406,306,1100
114000220,43,1487,-1444
114000221,842,220,622
114000222,206,1429,-1223
114000223,520,169,351
114000224,108,863,-755
114000225,272,703,-431
114000226,159,330,-171
114000227,936,681,255
114000228,899,1010,-111
114000229,1155,1590,-435
114000230,1850,1509,341
114000231,1018,1498,-480
114000232,714,154,560
114000233,2277,126,2151
114000234,1477,1041,436
114000235,1302,1717,-415
114000236,1,535,-534
114000237,107,1200,-1093
114000238,213,270,-57
114000239,227,1604,-1377
114000240,809,781,28
114000241,307,1241,-934
114000242,1091,1206,-115
114000243,1916,953,963
114000244,814,446,368
114000245,292,753,-461
114000246,285,58,227
114000247,829,768,61
114000248,1228,674,554
114000249,490,722,-232
114000250,570,855,-285
114000251,302,396,-94
114000252,132,117,15
114000253,46,197,-151
114000254,68,103,-35
114000255,803,257,546
114000256,2215,1820,395
114000257,1024,1960,-936
114000258,476,488,-12
114000259,234,321,-87
114000260,0,57,-57
114000261,61,35,26
114000262,185,191,-6
114000263,16,2,14
114000264,1192,569,623
114000265,1,1,0
114000267,7,2248,-2241
114000268,3,1794,-1791
114000270,297,12,285
114000271,933,61,872
114000283,1376,490,886
114000285,29,266,-237
114000288,81,410,-329
114000289,1551,270,1281
114000293,159,669,-510
114000294,215,338,-123
114000395,2530,83,2447
114000396,652,553,99
114000402,536,344,192
114000403,382,467,-85
114000405,144,665,-521
114000423,367,545,-178
114000424,433,213,220
114000425,626,577,49
114000426,365,973,-608
114000427,68,140,-72
114000428,291,232,59
114000429,18,211,-193
114000432,119,153,-34
114000434,52,111,-59
114000435,2,248,-246
114900001,775,1497,-722
114900002,818,61,757
114900003,666,2073,-1407
114900004,282,507,-225
114900005,523,1168,-645
114900006,109,80,29
114900007,246,28,218
114900008,172,160,12
114900010,2860,2857,3
114900011,215,161,54
114900013,261,170,91
114900018,1384,71,1313
114900020,309,85,224
114900022,89,1318,-1229
114900025,525,322,203
114900026,109,126,-17
114900029,211,49,162
114900030,424,295,129
114900031,478,69,409
114900032,390,42,348
114900034,62,253,-191
114900035,197,410,-213
114900036,312,928,-616
114900039,602,764,-162
114900040,89,217,-128
114900041,663,692,-29
114900042,879,787,92
114900044,174,43,131
114900047,259,1957,-1698
114900048,92,424,-332
114900049,36,364,-328
114900050,95,501,-406
114900051,23,428,-405
114900052,75,218,-143
114900053,119,332,-213
114900054,53,171,-118
114900057,252,12,240
114900058,0,133,-133
114900059,99,55,44
114900063,55,294,-239
114900064,1199,585,614
114900065,428,826,-398
114900067,76,496,-420
114900068,77,340,-263
114900069,265,164,101
114900070,620,604,16
114900072,12,373,-361
114900073,3,226,-223
114900074,525,892,-367
114900075,218,11,207
114900076,21,422,-401
114900080,2896,484,2412
114900082,4774,2249,2525
114900083,1421,1326,95
114900090,387,348,39
114900091,164,200,-36
114900097,116,2,114
114900098,4,290,-286
114900099,207,11,196
115000001,9427,6119,3308
115000002,4344,5060,-716
115000003,5881,4962,919
115000004,4727,6778,-2051
115000005,2032,3091,-1059
115000006,1415,2000,-585
115000007,186,239,-53
115000008,544,701,-157
115000009,315,367,-52
115000010,473,198,275
115000013,92,271,-179
115000015,112,532,-420
115000016,52,229,-177
115000019,39,547,-508
115000020,173,687,-514
115000021,266,609,-343
115000022,539,358,181
115000023,405,560,-155
115000024,1259,587,672
115000025,928,728,200
115000026,149,467,-318
115000027,305,299,6
115000028,160,932,-772
115000029,718,141,577
115000030,676,1097,-421
115000031,1325,251,1074
115000032,12,333,-321
115000033,217,33,184
115000034,172,1224,-1052
115000035,1171,70,1101
115000036,3,448,-445
115000037,589,9,580
115000038,63,202,-139
115000039,4286,2808,1478
115000040,7642,4465,3177
115000041,1970,3711,-1741
115000042,1261,794,467
115000043,3876,2503,1373
115000044,4064,4770,-706
115000045,2975,2589,386
115000046,2221,2785,-564
115000047,2283,2167,116
115000048,2043,3200,-1157
115000049,1881,4253,-2372
115000050,3504,2475,1029
115000051,2031,3355,-1324
115000052,3372,2321,1051
115000053,2021,2151,-130
115000054,867,1761,-894
115000055,178,575,-397
115000056,264,533,-269
115000057,870,797,73
115000058,532,223,309
115000059,273,125,148
115000061,377,169,208
115000062,264,364,-100
115000063,335,377,-42
115000064,405,140,265
115000065,85,494,-409
115000067,260,36,224
115000069,65,369,-304
115000070,51,1108,-1057
115000071,187,20,167
115000072,4,103,-99
115000073,1641,77,1564
115000075,116,99,17
115000076,4409,3496,913
115000077,1986,3452,-1466
115000078,1308,2117,-809
115000079,1321,2449,-1128
115000080,2473,3031,-558
115000081,497,1118,-621
115000082,3770,4239,-469
115000083,2172,2771,-599
115000084,2122,1489,633
115000085,884,1090,-206
115000086,1170,1057,113
115000087,553,1929,-1376
115000088,1801,814,987
115000089,1834,1484,350
115000090,674,1183,-509
115000091,327,1352,-1025
115000092,490,436,54
115000093,532,3,529
115000094,8569,6074,2495
115000095,6661,6311,350
115000096,705,2255,-1550
115000097,872,1094,-222
115000098,1038,986,52
115000099,2495,3397,-902
115000100,1062,550,512
115000101,602,1836,-1234
115000102,487,272,215
115000103,382,934,-552
115000105,56,263,-207
115000106,587,353,234
115000107,171,685,-514
115000108,4454,3323,1131
115000109,5753,4301,1452
115000110,1573,1525,48
115000111,852,2167,-1315
115000112,815,799,16
115000113,742,1017,-275
115000114,1849,988,861
115000116,4109,2235,1874
115000117,4545,3459,1086
115000118,2802,2146,656
115000119,2870,2690,180
115000120,903,1463,-560
115000121,1861,1144,717
115000122,3973,1932,2041
115000123,1563,2144,-581
115000124,1371,1150,221
115000125,533,648,-115
115000126,237,312,-75
115000127,644,117,527
115000128,863,1044,-181
115000129,428,336,92
115000130,424,1104,-680
115000131,900,367,533
115000132,272,496,-224
115000133,635,372,263
115000134,492,282,210
115000135,348,269,79
115000136,365,288,77
115000137,167,232,-65
115000138,307,369,-62
115000139,300,269,31
115000140,335,233,102
115000141,226,307,-81
115000142,173,356,-183
115000143,710,711,-1
115000144,478,137,341
115000145,279,421,-142
115000146,531,338,193
115000147,552,603,-51
115000148,370,1584,-1214
115000149,763,261,502
115000150,729,1368,-639
115000151,1302,718,584
115000152,695,1848,-1153
115000153,1269,646,623
115000154,1068,396,672
115000155,704,1284,-580
115000156,1654,706,948
115000157,1080,1020,60
115000158,750,436,314
115000159,1012,444,568
115000160,696,369,327
115000161,160,650,-490
115000162,890,965,-75
115000163,701,661,40
115000164,738,677,61
115000165,486,493,-7
115000167,273,94,179
115000168,1111,386,725
115000169,953,394,559
115000170,330,144,186
115000171,519,274,245
115000172,1502,669,833
115000173,492,538,-46
115000174,218,359,-141
115000175,319,66,253
115000176,195,78,117
115000177,144,46,98
115000178,39,289,-250
115000179,54,24,30
115000180,152,828,-676
115000181,676,151,525
115000182,834,357,477
115000183,296,1013,-717
115000186,747,318,429
115000187,221,953,-732
115000188,459,522,-63
115000189,238,522,-284
115000190,893,616,277
115000191,345,546,-201
115000194,231,247,-16
115000195,389,434,-45
115000196,152,145,7
115000197,326,371,-45
115000198,286,190,96
115000199,403,345,58
115000200,404,147,257
115000201,227,500,-273
115000206,405,71,334
115000207,106,358,-252
115000208,519,681,-162
115000209,617,340,277
115000210,179,114,65
115000211,237,278,-41
115000212,1946,313,1633
115000224,512,58,454
115000225,50,107,-57
115000229,244,204,40
115000230,137,456,-319
115000231,407,2520,-2113
115000232,1493,406,1087
115000233,227,211,16
115000234,37,320,-283
115000241,82,338,-256
115000242,95,389,-294
115000243,46,297,-251
115000244,6,102,-96
115000246,71,23,48
115000247,61,28,33
115000248,47,33,14
115000249,46,24,22
115000250,355,57,298
115000251,273,147,126
115000252,156,234,-78
115000253,24,437,-413
115000258,366,203,163
115000259,398,168,230
115000261,23,21,2
115000262,3,34,-31
115000263,15,80,-65
115000264,20,83,-63
115000267,106,81,25
115000268,27,122,-95
115000269,151,96,55
115000270,6,22,-16
115000272,55,187,-132
115000273,398,49,349
115000280,2196,172,2024
115000281,513,840,-327
115000282,964,669,295
115000284,568,223,345
115000296,1324,31,1293
115000297,299,91,208
115000298,113,502,-389
115000300,224,145,79
115000302,656,213,443
115000303,796,160,636
115000304,964,101,863
115000305,98,1085,-987
115000306,169,539,-370
115000307,76,255,-179
115000308,56,18,38
115000309,17,64,-47
115000310,1028,1180,-152
115000311,823,1542,-719
115000313,146,928,-782
115000314,502,187,315
115000315,1326,751,575
115000316,51,128,-77
115000317,169,484,-315
115000318,986,356,630
115000319,87,407,-320
115000320,11,250,-239
115000321,513,7,506
115000322,46,307,-261
115000449,201,239,-38
115000557,4,1395,-1391
115000558,923,104,819
115000587,737,411,326
115000588,3310,3957,-647
115000589,4706,3151,1555
115000590,1455,1629,-174
115000591,1833,837,996
115000592,1020,2106,-1086
115000593,1944,807,1137
115000594,1012,2866,-1854
115000609,290,367,-77
115000617,2151,3544,-1393
115000624,243,106,137
115000633,481,2587,-2106
115000634,3114,947,2167
115000635,695,162,533
115000638,1276,1045,231
115000641,86,171,-85
115000642,445,324,121
115000643,145,636,-491
115000644,140,509,-369
115000646,971,1696,-725
115000647,188,516,-328
115000648,1757,2118,-361
115000893,4417,2006,2411
115000894,161,1508,-1347
115000895,624,995,-371
115000896,2184,470,1714
115000897,652,174,478
115000898,681,323,358
115000899,884,1766,-882
115000900,176,584,-408
115000901,92,202,-110
115000912,421,157,264
115000913,2,19,-17
115000915,108,2,106
115000916,8,0,8
115000917,2,7,-5
115000918,90,387,-297
115000919,16,10,6
115000920,141,85,56
115000921,1017,181,836
115000922,2835,920,1915
115000923,938,1403,-465
115000925,109,100,9
115000927,45,90,-45
115000933,626,313,313
115000934,133,217,-84
115000935,122,77,45
115000936,66,940,-874
115000937,1485,284,1201
115000938,297,261,36
115000939,379,253,126
115000940,89,20,69
115000941,31,20,11
115000942,366,144,222
115000943,105,31,74
115000944,12,14,-2
115900001,116,67,49
115900002,103,179,-76
115900003,177,139,38
115900004,3,102,-99
115900005,164,4,160
115900006,134,406,-272
115900008,57,28,29
115900009,85,355,-270
115900010,304,204,100
115900011,558,314,244
115900012,174,143,31
115900013,546,185,361
115900014,142,211,-69
115900015,127,116,11
115900016,104,20,84
115900017,8,9,-1
115900018,192,83,109
115900019,183,21,162
115900020,43,0,43
115900021,1559,198,1361
115900022,2337,9,2328
115900023,46,2,44
115900025,78,274,-196
115900026,960,290,670
115900027,4,363,-359
115900028,772,78,694
115900029,6,495,-489
115900030,32,16,16
115900031,496,276,220
115900032,578,770,-192
115900033,1,54,-53
115900034,18,434,-416
115900035,68,25,43
115900036,210,709,-499
115900037,77,472,-395
115900038,75,21,54
115900039,169,270,-101
115900041,539,603,-64
115900042,40,6,34
115900043,93,90,3
115900044,292,291,1
115900046,180,290,-110
115900047,128,125,3
115900049,220,311,-91
115900051,3,57,-54
115900052,8,326,-318
115900053,188,264,-76
115900054,241,54,187
115900055,34,169,-135
115900056,214,358,-144
115900057,55,12,43
115900058,43,80,-37
115900060,95,151,-56
115900061,264,1,263
115900062,28,394,-366
115900063,59,14,45
115900064,169,343,-174
115900065,139,110,29
115900066,221,181,40
115900067,7,832,-825
115900068,3921,897,3024
115900069,32,232,-200
115900070,203,205,-2
115900071,2,519,-517
115900072,61,185,-124
115900073,61,83,-22
115900074,1,460,-459
115900075,28,301,-273
115900076,7,110,-103
115900077,13,328,-315
115900078,115,145,-30
115900079,156,20,136
115900080,646,265,381
115900081,20,66,-46
115900082,184,144,40
115900084,362,33,329
115900085,66,101,-35
115900086,1754,653,1101
115900088,18,64,-46
115900089,279,791,-512
115900090,304,17,287
115900091,3,25,-22
115900092,21,214,-193
115900093,1,16,-15
115900094,8,413,-405
115900096,2,23,-21
115900097,10,490,-480
115900098,167,534,-367
115900099,130,65,65
115900100,13,724,-711
115900101,233,454,-221
115900102,60,88,-28
115900103,253,296,-43
115900104,47,159,-112
115900105,227,688,-461
115900106,75,33,42
115900107,100,166,-66
115900108,94,51,43
115900109,65,526,-461
115900110,13,27,-14
115900111,1,119,-118
115900112,47,1185,-1138
115900113,61,37,24
115900114,3,176,-173
115900115,94,282,-188
115900116,65,1081,-1016
115900117,81,46,35
115900118,6,423,-417
115900119,163,179,-16
115900120,26,409,-383
115900121,177,317,-140
115900124,218,576,-358
115900125,312,60,252
115900126,662,114,548
115900127,601,52,549
115900128,12,91,-79
115900129,709,39,670
115900130,44,271,-227
115900131,421,58,363
115900132,431,8,423
115900134,288,15,273
115900135,562,907,-345
115900137,26,7,19
115900139,76,74,2
115900140,234,33,201
115900141,8,58,-50
115900142,15,40,-25
115900143,326,287,39
115900144,98,251,-153
115900146,13,168,-155
115900147,244,281,-37
115900148,36,9,27
115900149,84,16,68
115900150,123,90,33
115900151,18,111,-93
115900152,120,348,-228
115900153,115,243,-128
115900154,637,373,264
115900155,0,79,-79
115900156,711,891,-180
115900157,143,557,-414
115900158,35,21,14
115900159,143,350,-207
115900160,10,7,3
115900161,112,196,-84
115900163,217,128,89
115900164,534,55,479
115900166,244,232,12
115900168,138,228,-90
115900171,169,545,-376
115900172,73,140,-67
115900173,239,173,66
115900174,306,239,67
115900175,108,238,-130
115900178,4,775,-771
115900179,246,12,234
115900180,47,248,-201
115900181,169,228,-59
115900182,336,278,58
115900183,95,29,66
115900184,1684,13,1671
115900187,11,129,-118
115900189,1,174,-173
115900190,370,1280,-910
115900191,71,519,-448
115900192,17,78,-61
115900193,228,96,132
115900194,651,54,597
115900195,619,1863,-1244
115900198,216,398,-182
115900199,225,251,-26
115900200,468,329,139
115900201,432,287,145
115900202,1,46,-45
115900203,4,7,-3
115900204,0,5,-5
115900205,248,27,221
115900206,246,152,94
115900207,30,42,-12
115900208,187,269,-82
115900209,6,180,-174
115900210,5,131,-126
115900211,6,268,-262
115900212,157,284,-127
115900213,172,82,90
115900214,441,272,169
115900215,23,124,-101
115900216,4,72,-68
115900217,1,54,-53
115900218,1,36,-35
115900219,88,18,70
115900220,129,32,97
115900221,65,29,36
115900222,49,24,25
115900223,8,288,-280
115900224,1484,1166,318
115900225,103,52,51
115900226,22,33,-11
115900227,7,42,-35
115900228,9,66,-57
115900229,16,57,-41
115900230,86,150,-64
115900231,132,3,129
115900232,128,5,123
115900233,119,16,103
115900234,47,33,14
115900235,35,27,8
115900236,131,24,107
115900237,40,38,2
115900238,44,48,-4
115900239,21,30,-9
115900240,10,77,-67
115900241,204,108,96
115900242,395,519,-124
115900243,3,6,-3
115900244,6,15,-9
115900245,60,17,43
115900246,11,9,2
115900247,43,10,33
115900248,9,7,2
115900249,9,22,-13
115900250,4,16,-12
115900251,0,15,-15
115900252,5,3,2
115900253,10,15,-5
115900254,13,23,-10
115900255,5,21,-16
115900256,31,27,4
115900257,9,15,-6
115900258,0,1,-1
115900259,7,6,1
115900260,18,4,14
115900261,12,3,9
115900262,1,3,-2
115900263,15,1,14
115900264,5,4,1
115900265,4,13,-9
115900266,4,20,-16
115900267,7,22,-15
115900268,4,12,-8
115900269,444,467,-23
115900270,268,633,-365
115900271,121,0,121
115900272,44,3,41
115900273,16,30,-14
115900274,5,6,-1
115900275,0,24,-24
115900276,0,37,-37
115900277,0,128,-128
115900278,53,155,-102
115900279,9,171,-162
115900280,13,338,-325
115900281,757,297,460
115900282,29,16,13
115900283,10,23,-13
115900284,11,13,-2
116000001,15004,7121,7883
116000002,5363,11750,-6387
116000003,1924,2322,-398
116000004,2897,3809,-912
116000005,4852,3605,1247
116000006,4375,2274,2101
116000007,3543,3859,-316
116000008,4651,2169,2482
116000009,2032,3074,-1042
116000010,3001,1557,1444
116000011,1202,2192,-990
116000012,1143,1064,79
116000013,17038,5884,11154
116000014,19643,15436,4207
116000015,461,1852,-1391
116000016,7808,4185,3623
116000017,63,1004,-941
116000018,776,440,336
116000019,1323,401,922
116000020,686,1148,-462
116000021,600,403,197
116000022,516,544,-28
116000023,1374,1162,212
116000024,925,1322,-397
116000025,1225,827,398
116000026,2391,2594,-203
116000027,1474,689,785
116000028,659,1047,-388
116000029,1344,814,530
116000030,832,517,315
116000031,223,314,-91
116000032,515,321,194
116000033,436,540,-104
116000034,1330,1368,-38
116000035,680,1119,-439
116000036,2162,1016,1146
116000037,946,735,211
116000038,864,427,437
116000039,667,284,383
116000040,2459,295,2164
116000041,310,564,-254
116000042,634,201,433
116000043,68,697,-629
116000044,15,131,-116
116000045,2504,1615,889
116000046,1410,1746,-336
116000047,3449,4716,-1267
116000048,2986,2126,860
116000049,1159,2691,-1532
116000050,1426,2441,-1015
116000051,6561,2637,3924
116000052,7267,5399,1868
116000053,3749,1486,2263
116000054,1694,2973,-1279
116000055,727,1740,-1013
116000056,1214,1827,-613
116000057,4799,2352,2447
116000058,3465,2359,1106
116000059,3069,5711,-2642
116000060,2980,1197,1783
116000061,972,1285,-313
116000062,1309,273,1036
116000063,1052,1499,-447
116000066,326,760,-434
116000067,261,616,-355
116000068,303,388,-85
116000069,259,433,-174
116000078,504,1233,-729
116000080,1984,1137,847
116000082,6,95,-89
116000083,1833,557,1276
116000084,2411,4760,-2349
116000085,2320,1786,534
116000086,2735,1864,871
116000087,1976,1671,305
116000088,869,1207,-338
116000089,280,126,154
116000090,208,213,-5
116000091,298,350,-52
116000093,529,506,23
116000094,727,771,-44
116000095,820,780,40
116000096,930,1719,-789
116000097,848,909,-61
116000098,241,7679,-7438
116000099,9982,413,9569
116000100,241,18,223
116000101,761,1335,-574
116000102,377,1766,-1389
116000103,537,381,156
116000104,277,1965,-1688
116000105,1369,201,1168
116000106,884,1517,-633
116000107,3363,549,2814
116000108,835,211,624
116000111,261,43,218
116000113,87,109,-22
116000114,63,166,-103
116000115,256,168,88
116000116,354,640,-286
116000117,1569,2628,-1059
116000118,1491,1756,-265
116000119,2638,2283,355
116000120,3113,5095,-1982
116000121,1000,717,283
116000122,1748,2147,-399
116000123,858,650,208
116000124,451,1091,-640
116000125,2606,859,1747
116000126,333,1801,-1468
116000127,1288,1724,-436
116000128,1588,968,620
116000129,1029,245,784
116000130,542,361,181
116000133,798,1343,-545
116000134,2266,2910,-644
116000135,2422,1730,692
116000136,1392,2687,-1295
116000137,1329,773,556
116000138,776,631,145
116000139,2449,2506,-57
116000140,205,309,-104
116000141,442,1040,-598
116000142,4549,4240,309
116000143,2368,2428,-60
116000144,1598,3166,-1568
116000145,1916,1573,343
116000146,490,359,131
116000147,483,156,327
116000148,702,603,99
116000149,711,699,12
116000151,1068,952,116
116000153,122,1179,-1057
116000155,296,499,-203
116000156,396,993,-597
116000157,75,38,37
116000158,443,539,-96
116000159,16,24,-8
116000160,13,141,-128
116000161,5,95,-90
116000162,93,113,-20
116000163,18,4,14
116000164,19,20,-1
116000177,571,119,452
116000194,133,400,-267
116000195,2219,862,1357
116000196,8,3,5
116000197,16,21,-5
116000198,3336,1355,1981
116000200,1036,639,397
116000201,747,934,-187
116000202,12,404,-392
116000203,7,139,-132
116000204,15,99,-84
116000205,1,249,-248
116000206,1,128,-127
116000207,3,62,-59
116000233,250,723,-473
116000287,177,707,-530
116000288,290,321,-31
116000292,72,136,-64
116000296,31,228,-197
116000297,136,44,92
116000304,121,76,45
116000305,22,97,-75
116000346,144,136,8
116000352,165,37,128
116000354,66,12,54
116000357,34,32,2
116000358,389,72,317
116000361,625,3,622
116000372,12205,4873,7332
116000381,118,2,116
116000388,6,57,-51
116000389,1125,666,459
116000445,411,828,-417
116000446,558,1036,-478
116000447,22,691,-669
116000448,674,273,401
116000563,1087,985,102
116000565,63,522,-459
116000568,69,331,-262
116000579,40,139,-99
116000583,146,132,14
116000584,42,12,30
116000585,30,30,0
116000586,192,124,68
116000587,756,796,-40
116000589,40,98,-58
116000590,61,79,-18
116000591,210,338,-128
116000592,28,119,-91
116000593,0,35,-35
116000594,661,548,113
116000595,689,199,490
116000596,148,12,136
116000597,380,124,256
116000598,11,213,-202
116000605,327,195,132
116000606,68,230,-162
116000607,7,54,-47
116000609,246,1009,-763
116000611,116,678,-562
116000612,829,2379,-1550
116000613,591,408,183
116000614,536,820,-284
116000615,1,258,-257
116000616,39,125,-86
116000617,98,100,-2
116000618,5,211,-206
116000619,61,63,-2
116000620,110,107,3
116000621,43,130,-87
116000622,59,235,-176
116000624,190,116,74
116000627,71,240,-169
116000628,67,836,-769
116000629,37,549,-512
116000630,368,63,305
116000631,198,91,107
116000632,609,176,433
116000633,177,434,-257
116000634,357,264,93
116000635,4644,2086,2558
116000636,1876,1437,439
116000637,458,127,331
116000638,101,503,-402
116000639,74,6,68
116000640,15,22,-7
116000641,55,159,-104
116000643,3,174,-171
116000644,31,713,-682
116000645,43,15,28
116900001,237,175,62
116900002,275,4,271
116900003,31,85,-54
116900004,43,47,-4
116900005,220,53,167
116900006,247,162,85
116900007,145,172,-27
116900008,320,510,-190
116900009,10,1,9
116900010,4,1931,-1927
116900011,9,37,-28
116900012,164,254,-90
116900013,4,178,-174
116900014,109,370,-261
116900016,161,2,159
116900017,9,796,-787
116900018,70,57,13
116900019,16,393,-377
116900020,1614,803,811
116900023,104,20,84
116900025,1112,1067,45
116900026,196,826,-630
116900027,24,78,-54
116900028,5,131,-126
116900029,3,40,-37
116900031,1,8,-7
116900032,11,425,-414
116900033,5,19,-14
116900034,9,92,-83
116900035,181,313,-132
116900036,5,118,-113
116900038,33,2,31
116900041,49,16,33
116900042,893,343,550
116900043,20,103,-83
116900047,83,131,-48
116900049,52,398,-346
116900050,128,618,-490
116900051,75,270,-195
116900052,293,93,200
116900055,2,7,-5
116900057,19,289,-270
116900058,43,455,-412
116900059,0,149,-149
116900060,236,240,-4
116900062,0,4,-4
116900064,107,1032,-925
116900065,22,171,-149
116900067,125,189,-64
116900068,170,361,-191
116900070,0,2,-2
116900072,20,539,-519
116900073,9,213,-204
116900074,8,41,-33
116900076,17,53,-36
116900077,15,233,-218
116900078,389,174,215
116900079,49,373,-324
116900080,26,12,14
116900081,390,1600,-1210
116900082,547,1122,-575
116900083,83,92,-9
116900084,315,79,236
116900085,36,194,-158
116900086,75,228,-153
116900088,391,92,299
116900090,182,75,107
116900091,300,59,241
116900092,120,1010,-890
116900093,1654,2961,-1307
116900094,6110,5632,478
116900095,457,195,262
116900096,77,233,-156
116900097,5262,2657,2605
116900098,1031,327,704
116900099,840,620,220
116900100,914,40,874
116900101,265,692,-427
116900103,5,1,4
116900104,94,111,-17
116900105,312,114,198
116900106,1683,257,1426
116900107,5227,2434,2793
116900110,22,1,21
116900111,452,1033,-581
116900112,320,1295,-975
116900113,3067,1652,1415
116900116,282,487,-205
116900117,134,124,10
116900118,971,891,80
116900120,273,134,139
116900121,95,44,51
116900122,676,814,-138
116900123,184,856,-672
116900124,189,1272,-1083
116900125,295,262,33
116900126,272,692,-420
116900128,1,46,-45
116900129,3,397,-394
116900130,1015,3825,-2810
116900131,106,339,-233
116900132,57,95,-38
116900133,119,95,24
116900134,338,289,49
116900136,166,230,-64
116900137,414,232,182
116900138,208,229,-21
116900139,140,397,-257
116900140,233,193,40
116900141,741,410,331
116900142,4,58,-54
116900143,245,592,-347
116900144,32,86,-54
116900145,191,374,-183
116900147,1078,374,704
116900148,10,52,-42
116900149,34,224,-190
116900150,2,13,-11
116900151,45,31,14
116900153,138,83,55
116900154,863,532,331
116900155,93,80,13
116900157,550,403,147
116900158,1220,253,967
116900159,50,438,-388
116900160,3109,405,2704
116900161,8455,6588,1867
116900162,70,131,-61
116900163,190,199,-9
116900164,147,45,102
116900165,312,178,134
116900166,22,126,-104
116900167,433,80,353
116900168,441,93,348
116900169,1502,371,1131
116900170,268,458,-190
116900171,34,261,-227
116900172,278,297,-19
116900173,219,56,163
116900174,32,65,-33
116900175,380,113,267
116900178,25,180,-155
116900179,96,260,-164
116900180,116,35,81
116900182,423,246,177
116900183,258,118,140
116900185,33,32,1
116900186,132,323,-191
116900187,56,45,11
116900188,124,25,99
116900189,46,0,46
116900191,398,567,-169
116900192,266,189,77
116900194,105,955,-850
116900195,42,14,28
116900196,22,133,-111
116900197,97,5,92
116900198,240,215,25
116900200,61,42,19
116900201,135,5,130
116900202,164,70,94
116900203,95,6,89
116900204,47,90,-43
116900206,12,56,-44
116900207,42,41,1
116900208,19,146,-127
116900209,65,147,-82
116900210,610,294,316
116900211,226,7,219
116900212,73,127,-54
116900213,235,247,-12
116900214,209,170,39
116900215,29,97,-68
116900216,388,269,119
116900218,6,353,-347
116900219,1316,587,729
116900220,117,246,-129
116900221,97,399,-302
116900222,400,338,62
116900223,101,272,-171
116900226,74,85,-11
116900227,271,129,142
116900228,285,323,-38
116900230,70,800,-730
116900233,487,246,241
116900234,12,8,4
116900235,193,269,-76
116900238,1688,503,1185
116900239,24,1260,-1236
116900240,7955,5013,2942
116900241,74,170,-96
116900242,1587,482,1105
116900243,4,39,-35
116900245,35,22,13
116900246,105,34,71
116900247,612,36,576
116900248,110,60,50
116900249,421,157,264
116900250,350,60,290
116900251,588,558,30
116900252,104,1260,-1156
116900254,22,105,-83
116900255,135,61,74
116900256,267,146,121
116900257,16,634,-618
116900258,5,312,-307
116900259,214,9,205
116900260,5,164,-159
116900261,54,0,54
116900262,196,204,-8
116900263,0,8,-8
116900264,37,51,-14
116900265,24,0,24
116900266,26,55,-29
116900267,2,2,0
116900268,96,8,88
116900269,393,642,-249
116900271,1416,205,1211
116900272,889,602,287
116900273,436,74,362
116900274,68,98,-30
116900275,173,160,13
116900276,665,155,510
116900277,667,40,627
116900278,6,18,-12
116900279,11,36,-25
116900280,13,28,-15
116900281,8770,4152,4618
116900282,6,170,-164
116900283,30,184,-154
116900284,8,228,-220
116900285,450,431,19
116900286,250,20,230
116900287,7,92,-85
116900288,64,163,-99
116900289,20,27,-7
116900290,2,47,-45
116900291,12,9,3
116900292,1,21,-20
116900293,62,102,-40
116900294,49,185,-136
116900295,674,33,641
116900296,392,57,335
116900297,16,99,-83
116900298,141,65,76
116900299,258,61,197
116900300,7,100,-93
116900301,151,112,39
116900302,85,78,7
116900303,564,159,405
116900304,0,260,-260
116900305,61,165,-104
116900306,219,230,-11
116900307,77,5,72
116900308,3,220,-217
116900309,65,123,-58
116900310,8,79,-71
117000001,2417,2291,126
117000002,3144,6545,-3401
117000003,9940,3971,5969
117000004,5765,7138,-1373
117000005,2745,2298,447
117000006,1680,5238,-3558
117000007,4534,1802,2732
117000008,1676,6181,-4505
117000009,5749,2450,3299
117000010,3350,5991,-2641
117000011,2348,2432,-84
117000012,1702,2072,-370
117000013,2355,1482,873
117000014,2067,3374,-1307
117000015,4324,1737,2587
117000016,892,76,816
117000017,1168,143,1025
117000018,323,559,-236
117000019,434,24,410
117000020,507,1624,-1117
117000021,3227,990,2237
117000022,927,79,848
117000023,1512,275,1237
117000024,861,120,741
117000025,2540,623,1917
117000026,6678,1192,5486
117000027,2611,2423,188
117000028,5482,1398,4084
117000030,949,716,233
117000031,511,401,110
117000032,3523,1576,1947
117000033,1615,1153,462
117000034,659,484,175
117000035,330,303,27
117000036,587,531,56
117000037,402,321,81
117000038,381,786,-405
117000039,721,388,333
117000040,244,1279,-1035
117000041,1138,254,884
117000044,25,1275,-1250
117000045,679,111,568
117000046,700,864,-164
117000047,1313,837,476
117000048,2530,1883,647
117000049,168,690,-522
117000050,172,2789,-2617
117000051,2465,209,2256
117000052,40,530,-490
117000053,487,100,387
117000054,1732,6,1726
117000055,162,4201,-4039
117000056,646,40,606
117000057,848,2786,-1938
117000060,573,2174,-1601
117000061,2352,1326,1026
117000062,381,628,-247
117000063,2342,1106,1236
117000064,1056,1226,-170
117000066,1425,944,481
117000067,233,584,-351
117000074,210,266,-56
117000076,69,56,13
117000077,218,192,26
117000078,173,927,-754
117000079,433,323,110
117000080,1,443,-442
117000081,1278,129,1149
117000082,44,99,-55
117000083,183,17,166
117000084,571,1,570
117000085,332,760,-428
117000086,1329,722,607
117000087,119,642,-523
117000088,363,337,26
117000089,1468,425,1043
117000090,333,1933,-1600
117000091,881,459,422
117000092,505,1848,-1343
117000093,1335,973,362
117000094,1422,3792,-2370
117000095,3330,1105,2225
117000096,765,3207,-2442
117000097,1373,1562,-189
117000098,3061,6359,-3298
117000099,3179,1506,1673
117000100,210,297,-87
117000101,232,1492,-1260
117000102,1588,871,717
117000103,963,2162,-1199
117000104,1510,752,758
117000105,951,2127,-1176
117000106,1188,961,227
117000107,602,2382,-1780
117000108,1521,1067,454
117000109,2384,3383,-999
117000110,1595,1086,509
117000111,4478,6431,-1953
117000112,3397,2503,894
117000113,152,334,-182
117000114,229,178,51
117000115,128,172,-44
117000116,100,293,-193
117000117,2287,762,1525
117000118,564,237,327
117000119,1826,225,1601
117000120,933,562,371
117000121,175,1737,-1562
117000122,557,1834,-1277
117000123,2807,36,2771
117000124,997,73,924
117000125,981,90,891
117000126,231,36,195
117000127,281,375,-94
117000128,668,826,-158
117000129,1079,805,274
117000130,183,0,183
117000131,0,125,-125
117000132,2820,26,2794
117000133,1268,45,1223
117000134,0,42,-42
117000135,3,32,-29
117000136,2,44,-42
117000137,87,101,-14
117000138,5,676,-671
117000140,555,2062,-1507
117000141,1706,740,966
117000181,831,341,490
117000182,450,589,-139
117000195,229,1397,-1168
117000196,490,87,403
117000225,509,16,493
117000226,11,267,-256
117000276,250,15,235
117000277,1,592,-591
117000310,2880,3496,-616
117000315,62,2274,-2212
117000320,173,0,173
117000906,306,29,277
117000907,10,460,-450
117000909,96,36,60
117000910,222,203,19
117000911,102,240,-138
117000915,8,757,-749
117000916,65,9,56
117000917,1070,44,1026
117000918,63,93,-30
117000919,10,154,-144
117000920,3,1562,-1559
117000921,5,2002,-1997
117000922,79,153,-74
117000924,929,1375,-446
117000926,1137,130,1007
117000927,2444,702,1742
117000928,0,197,-197
117000929,316,768,-452
117000930,303,45,258
117000931,444,112,332
117900002,268,589,-321
117900003,910,472,438
117900005,17,111,-94
117900006,0,38,-38
117900007,220,136,84
117900008,0,38,-38
117900010,1138,130,1008
117900011,80,34,46
117900012,102,142,-40
117900013,4,375,-371
117900014,2037,214,1823
117900015,33,164,-131
117900016,1710,739,971
117900017,1654,531,1123
117900018,225,92,133
117900019,465,408,57
117900020,113,543,-430
117900021,51,71,-20
117900023,591,968,-377
117900024,140,101,39
117900025,66,13,53
117900026,359,411,-52
117900028,297,11,286
117900029,232,1260,-1028
117900030,483,435,48
117900031,816,145,671
117900032,959,817,142
117900033,180,1237,-1057
117900034,94,85,9
117900035,256,104,152
117900036,185,743,-558
117900037,124,147,-23
117900038,34,479,-445
117900039,7,55,-48
117900040,119,585,-466
117900041,11,60,-49
117900042,5354,505,4849
117900043,37,59,-22
117900044,19,7123,-7104
117900045,269,181,88
117900048,296,379,-83
117900049,252,908,-656
117900050,22,80,-58
117900051,391,3,388
117900052,88,501,-413
117900053,1591,867,724
117900054,5,21,-16
117900055,153,671,-518
117900056,675,26,649
117900057,1393,1641,-248
117900058,198,15,183
117900059,756,88,668
117900060,2206,6663,-4457
117900061,61,574,-513
117900063,480,286,194
117900065,911,1470,-559
117900066,6,115,-109
117900067,370,317,53
117900069,1102,441,661
117900070,705,23,682
117900071,191,241,-50
117900073,459,436,23
117900074,1008,8,1000
117900075,126,90,36
117900076,38,61,-23
117900077,365,194,171
117900078,270,801,-531
117900080,335,57,278
117900081,553,497,56
117900082,462,428,34
117900083,372,600,-228
117900086,224,54,170
117900087,117,59,58
117900088,3421,2730,691
117900089,1934,649,1285
117900090,1425,779,646
117900091,236,196,40
117900092,94,65,29
117900093,68,72,-4
117900094,25,31,-6
117900095,1184,613,571
117900096,109,401,-292
117900097,179,91,88
117900098,11,10,1
117900099,268,326,-58
117900100,155,1,154
117900101,540,1833,-1293
117900102,96,84,12
117900103,57,0,57
117900104,46,118,-72
117900105,152,308,-156
117900106,107,61,46
117900107,16,1,15
117900109,575,426,149
117900110,105,0,105
117900111,382,11,371
117900112,54,22,32
117900113,6455,2439,4016
117900114,26,1,25
117900115,319,56,263
117900116,1202,1248,-46
117900117,494,411,83
117900118,60,0,60
117900119,138,272,-134
117900120,232,113,119
117900121,83,20,63
117900122,1353,3298,-1945
117900123,1089,616,473
117900124,1051,862,189
117900125,1840,1621,219
117900126,330,732,-402
117900127,528,875,-347
117900128,438,1016,-578
117900129,102,0,102
117900130,1084,491,593
117900131,4,137,-133
117900132,18,159,-141
117900133,11,173,-162
117900134,86,246,-160
117900135,23,219,-196
117900136,1,64,-63
117900137,40,371,-331
117900138,0,46,-46
117900139,218,122,96
117900140,6064,510,5554
117900141,452,292,160
117900142,382,84,298
117900144,270,126,144
117900145,64,27,37
117900146,532,150,382
117900147,95,85,10
117900148,4079,1469,2610
117900149,71,186,-115
117900150,53,58,-5
117900151,70,107,-37
117900152,187,69,118
117900153,27,119,-92
117900154,699,875,-176
117900156,1097,1211,-114
117900157,129,623,-494
117900158,298,165,133
117900160,641,583,58
117900161,3224,2829,395
117900162,601,634,-33
117900163,345,48,297
117900165,0,7,-7
117900166,153,542,-389
117900168,41,212,-171
117900169,17,170,-153
117900170,1,33,-32
117900171,0,23,-23
117900172,8,38,-30
117900173,175,119,56
117900174,60,55,5
117900175,4,45,-41
117900176,28,47,-19
117900177,20,45,-25
117900178,90,44,46
117900180,356,60,296
117900181,135,295,-160
117900182,1,47,-46
117900183,81,277,-196
117900184,11,52,-41
117900185,32,75,-43
117900186,49,18,31
117900187,21,20,1
117900188,276,51,225
117900189,104,41,63
117900190,31,5,26
117900191,110,2,108
117900192,283,2,281
117900193,5,102,-97
117900194,5,15,-10
117900195,31,51,-20
117900196,18,29,-11
117900207,185,166,19
117900208,42,36,6
117900209,244,251,-7
117900210,192,260,-68
117900211,5,229,-224
117900212,154,269,-115
117900213,21,30,-9
117900214,11,37,-26
117900215,45,32,13
117900216,198,16,182
117900217,202,261,-59
117900218,275,557,-282
117900219,73,77,-4
117900220,440,223,217
117900222,240,409,-169
117900223,227,387,-160
118000001,1311,1124,187
118000002,1675,2670,-995
118000003,6000,3508,2492
118000004,5845,2897,2948
118000005,6274,6311,-37
118000006,7794,12832,-5038
118000007,12863,3468,9395
118000008,9940,4312,5628
118000009,3106,3947,-841
118000010,5989,5066,923
118000011,1363,2979,-1616
118000012,1415,3268,-1853
118000013,4600,3696,904
118000014,2421,3987,-1566
118000016,273,520,-247
118000017,411,541,-130
118000018,671,563,108
118000019,3087,1764,1323
118000020,1725,2636,-911
118000021,1225,3137,-1912
118000022,2361,930,1431
118000023,1493,381,1112
118000024,1903,1111,792
118000027,19128,13217,5911
118000029,1284,886,398
118000032,1821,3932,-2111
118000033,4139,4702,-563
118000034,7055,2651,4404
118000035,2264,2853,-589
118000036,2171,1209,962
118000037,1327,1099,228
118000038,165,88,77
118000039,174,500,-326
118000040,2213,2048,165
118000041,3044,1912,1132
118000045,1675,154,1521
118000046,4268,705,3563
118000047,5175,896,4279
118000048,7284,1846,5438
118000051,3586,965,2621
118000052,2600,637,1963
118000053,1433,841,592
118000054,3191,3458,-267
118000055,2147,3232,-1085
118000056,362,463,-101
118000057,335,680,-345
118000058,5387,1503,3884
118000059,4066,996,3070
118000060,1436,735,701
118000061,1243,1956,-713
118000062,1032,365,667
118000063,587,580,7
118000064,1509,1460,49
118000065,7268,2607,4661
118000066,1209,1669,-460
118000067,1902,972,930
118000068,3670,5671,-2001
118000069,6429,1579,4850
118000070,9554,2479,7075
118000071,5332,8658,-3326
118000072,5588,1390,4198
118000073,4765,735,4030
118000074,1076,1052,24
118000075,1131,411,720
118000076,2900,2281,619
118000077,1931,1455,476
118000078,2600,2373,227
118000079,340,434,-94
118000080,1769,1178,591
118000081,2656,1217,1439
118000082,452,1356,-904
118000083,2073,1941,132
118000084,3697,2470,1227
118000086,415,860,-445
118000087,6600,3421,3179
118000088,2205,2598,-393
118000089,4509,2584,1925
118000090,2471,3952,-1481
118000091,1743,3501,-1758
118000092,1386,682,704
118000093,135,978,-843
118000096,808,835,-27
118000097,1027,828,199
118000098,368,228,140
118000099,594,945,-351
118000101,1342,516,826
118000102,492,1684,-1192
118000107,3200,741,2459
118000108,765,3328,-2563
118000110,1,28,-27
118000111,1,733,-732
118000112,555,6,549
118000113,5,1059,-1054
118000114,491,18,473
118000115,25,29,-4
118000116,138,2,136
118000117,1764,1121,643
118000118,1297,919,378
118000119,1142,1309,-167
118000120,2247,1490,757
118000121,142,633,-491
118000122,2175,399,1776
118000123,60,346,-286
118000125,2821,1271,1550
118000126,1880,2237,-357
118000127,2756,965,1791
118000128,920,1566,-646
118000129,1862,576,1286
118000130,3579,5268,-1689
118000131,1281,1511,-230
118000132,3079,2166,913
118000133,1594,629,965
118000135,883,517,366
118000136,162,626,-464
118000137,1201,140,1061
118000138,502,778,-276
118000139,557,171,386
118000140,2976,5376,-2400
118000141,2210,2782,-572
118000142,2155,2714,-559
118000143,2265,1693,572
118000144,1799,1286,513
118000145,2199,3186,-987
118000146,1463,1396,67
118000147,1176,2056,-880
118000148,803,1828,-1025
118000149,853,1532,-679
118000150,469,489,-20
118000151,426,536,-110
118000153,1352,1750,-398
118000154,1415,2044,-629
118000155,1164,1935,-771
118000156,3049,2930,119
118000157,793,501,292
118000158,286,594,-308
118000159,39,103,-64
118000160,514,562,-48
118000161,583,927,-344
118000162,2515,1285,1230
118000163,840,1360,-520
118000164,3086,2368,718
118000168,1806,499,1307
118000169,1660,1821,-161
118000170,5420,7403,-1983
118000171,403,698,-295
118000172,122,387,-265
118000173,1255,1244,11
118000175,357,370,-13
118000176,358,510,-152
118000177,243,642,-399
118000178,105,72,33
118000179,1834,1428,406
118000180,896,1051,-155
118000181,1124,463,661
118000182,419,298,121
118000183,282,374,-92
118000184,809,1296,-487
118000185,1222,1104,118
118000186,959,1147,-188
118000187,1336,865,471
118000188,1168,278,890
118000189,741,988,-247
118000190,31,11,20
118000191,19,49,-30
118000192,313,237,76
118000193,206,604,-398
118000194,2802,1431,1371
118000195,1629,1078,551
118000196,1223,165,1058
118000197,1048,129,919
118000198,1264,726,538
118000199,2739,664,2075
118000200,88,209,-121
118000201,1173,658,515
118000202,102,70,32
118000203,3238,597,2641
118000204,491,483,8
118000205,452,535,-83
118000206,349,266,83
118000207,0,86,-86
118000208,1820,2000,-180
118000209,2108,2319,-211
118000210,51,46,5
118000211,27,46,-19
118000213,1976,1155,821
118000214,1001,969,32
118000215,350,714,-364
118000216,1963,5411,-3448
118000217,45,125,-80
118000218,73,134,-61
118000219,613,566,47
118000220,3,47,-44
118000221,201,390,-189
118000222,80,14,66
118000223,51,63,-12
118000224,396,104,292
118000225,225,1065,-840
118000226,2169,235,1934
118000227,1192,502,690
118000228,196,198,-2
118000229,440,65,375
118000230,199,289,-90
118000231,105,292,-187
118000232,947,1247,-300
118000233,1078,871,207
118000234,482,283,199
118000236,593,409,184
118000237,117,608,-491
118000238,314,266,48
118000239,368,324,44
118000240,579,150,429
118000241,192,305,-113
118000242,434,776,-342
118000243,279,247,32
118000244,40,176,-136
118000246,1,11,-10
118000255,183,378,-195
118000256,152,348,-196
118000259,8,77,-69
118000260,243,137,106
118000261,26,80,-54
118000263,118,258,-140
118000266,1498,504,994
118000267,0,90,-90
118000268,1092,4,1088
118000270,76,36,40
118000271,224,503,-279
118000272,98,42,56
118000273,135,107,28
118000274,175,377,-202
118000276,348,374,-26
118000295,3,120,-117
118000298,121,426,-305
118000299,82,218,-136
118000301,0,93,-93
118000302,98,102,-4
118000311,449,152,297
118000312,344,224,120
118000313,36,218,-182
118000314,91,85,6
118000315,23,63,-40
118000316,754,702,52
118000325,41,71,-30
118000326,30,67,-37
118000331,25,86,-61
118000332,24,20,4
118000333,30,87,-57
118000335,370,0,370
118000336,1,356,-355
118000407,188,114,74
118000457,23,67,-44
118000465,3914,5119,-1205
118000480,72,157,-85
118000489,77,457,-380
118000490,97,594,-497
118000492,321,294,27
118000510,154,26,128
118000514,321,422,-101
118000515,799,954,-155
118000517,514,351,163
118000524,687,231,456
118000525,1083,912,171
118000530,14,117,-103
118000531,326,354,-28
118000532,259,389,-130
118000533,513,188,325
118000534,862,455,407
118000535,281,184,97
118000536,1095,1439,-344
118000537,28,89,-61
118000538,53,111,-58
118000539,32,93,-61
118000540,340,183,157
118000541,357,78,279
118000542,204,187,17
118000543,227,232,-5
118000546,32,22,10
118000553,0,1,-1
118000557,0,0,0
118000560,3778,2309,1469
118000562,32,347,-315
118000563,3030,1760,1270
118000576,286,280,6
118000577,259,222,37
118000578,276,157,119
118000579,1035,1457,-422
118000583,0,0,0
118000595,250,163,87
118000596,0,94,-94
118000597,208,229,-21
118000598,4,3,1
118000599,70,69,1
118000600,5,7,-2
118000601,7,0,7
118000602,2,17,-15
118000603,1,71,-70
118000605,115,585,-470
118000606,44,41,3
118900001,1176,1561,-385
118900002,1155,1038,117
118900003,333,31,302
118900004,77,109,-32
118900005,124,12,112
118900006,155,5,150
118900007,13,4,9
118900008,1510,48,1462
118900009,60,42,18
118900010,67,8,59
118900011,144,34,110
118900012,558,259,299
118900013,539,137,402
118900015,279,46,233
118900016,10,15,-5
118900017,339,249,90
118900018,1097,23,1074
118900019,63,36,27
118900020,352,167,185
118900021,203,371,-168
118900022,150,116,34
118900023,212,127,85
118900024,116,196,-80
118900025,74,22,52
118900026,74,96,-22
118900027,605,393,212
118900028,173,213,-40
118900029,397,447,-50
118900030,331,103,228
118900031,236,146,90
118900032,279,257,22
118900033,924,598,326
118900034,131,21,110
118900035,224,226,-2
118900036,1020,774,246
118900037,1096,303,793
118900038,462,256,206
118900039,491,273,218
118900040,235,255,-20
118900041,622,310,312
118900042,230,147,83
118900045,340,235,105
118900046,1046,416,630
118900047,674,311,363
118900048,467,184,283
118900049,88,56,32
118900050,33,284,-251
118900051,165,141,24
118900052,619,206,413
118900053,46,120,-74
118900054,150,95,55
118900055,58,163,-105
118900056,293,341,-48
118900057,743,521,222
118900058,736,375,361
118900059,35,102,-67
118900060,83,170,-87
118900062,303,216,87
118900064,799,667,132
118900065,55,320,-265
118900066,106,124,-18
118900067,6442,4590,1852
118900068,8,674,-666
118900069,359,313,46
118900071,6,104,-98
118900072,420,550,-130
118900073,122,124,-2
118900074,143,331,-188
118900075,95,105,-10
118900076,346,80,266
118900077,319,197,122
118900078,63,10,53
118900079,76,299,-223
118900080,16,120,-104
118900081,118,26,92
118900082,692,170,522
118900083,47,16,31
118900084,20,16,4
118900085,730,1240,-510
118900086,26,94,-68
118900087,37,266,-229
118900088,0,22,-22
118900089,54,11,43
118900090,480,554,-74
118900091,188,204,-16
118900092,133,152,-19
118900093,205,20,185
118900096,83,152,-69
118900097,338,722,-384
118900099,79,336,-257
118900100,197,316,-119
118900101,55,341,-286
118900102,37,82,-45
118900103,34,126,-92
118900104,62,42,20
118900105,205,194,11
118900107,124,122,2
118900108,117,130,-13
118900110,1754,956,798
118900111,463,710,-247
118900112,89,249,-160
118900113,120,716,-596
118900114,29,95,-66
118900115,101,320,-219
118900116,108,230,-122
118900117,137,214,-77
118900118,262,503,-241
118900119,106,314,-208
118900120,129,349,-220
118900121,20,250,-230
118900122,14,1046,-1032
118900123,143,266,-123
118900124,94,263,-169
118900126,32,402,-370
118900129,459,251,208
118900130,180,249,-69
118900131,215,397,-182
118900132,876,204,672
118900133,18,136,-118
118900135,331,237,94
118900136,266,904,-638
118900137,16,48,-32
118900139,378,553,-175
118900140,540,936,-396
118900141,103,296,-193
118900144,166,628,-462
118900145,12,185,-173
118900146,341,947,-606
118900147,380,203,177
118900148,121,58,63
118900150,188,721,-533
118900152,513,1071,-558
118900157,164,224,-60
118900158,69,110,-41
118900159,2,188,-186
118900161,175,12,163
118900163,215,93,122
118900164,32,109,-77
118900165,39,263,-224
118900166,39,1,38
118900167,74,131,-57
118900168,2,127,-125
118900169,122,506,-384
118900170,139,146,-7
118900171,10,54,-44
118900174,70,76,-6
118900175,320,546,-226
118900176,145,273,-128
118900177,56,99,-43
118900178,92,180,-88
118900179,15,21,-6
118900181,104,152,-48
118900182,105,48,57
118900183,58,139,-81
118900184,571,101,470
118900185,120,193,-73
118900186,127,117,10
118900187,393,317,76
118900188,385,275,110
118900189,18,978,-960
118900190,17,531,-514
118900191,186,64,122
118900192,232,24,208
118900193,481,21,460
118900195,325,869,-544
118900196,40,200,-160
118900197,103,74,29
118900198,43,48,-5
118900199,89,91,-2
118900200,32,15,17
118900201,73,22,51
118900202,28,84,-56
118900203,13,33,-20
118900204,32,56,-24
118900205,3,21,-18
118900206,12,52,-40
119000001,1774,1581,193
119000002,4997,3002,1995
119000003,2633,1725,908
119000004,2874,1976,898
119000005,2342,2688,-346
119000006,3020,2208,812
119000007,4629,4143,486
119000008,2970,2443,527
119000009,4004,5279,-1275
119000010,9154,4677,4477
119000011,5573,3223,2350
119000012,4504,4139,365
119000013,2452,1608,844
119000014,3090,4333,-1243
119000019,268,187,81
119000020,2204,1844,360
119000021,5025,2931,2094
119000022,3597,2858,739
119000023,445,304,141
119000024,2345,11645,-9300
119000025,12742,1643,11099
119000026,201,447,-246
119000027,474,488,-14
119000028,2437,1752,685
119000029,120,372,-252
119000030,618,1310,-692
119000031,1159,971,188
119000032,2187,2970,-783
119000033,2651,1909,742
119000034,1551,1271,280
119000035,41,472,-431
119000036,1885,1138,747
119000037,1418,2234,-816
119000038,164,1192,-1028
119000039,339,462,-123
119000040,1338,754,584
119000041,1218,1869,-651
119000048,3797,4375,-578
119000049,2118,3539,-1421
119000050,1900,3015,-1115
119000051,2192,1310,882
119000052,2489,3923,-1434
119000053,2194,1317,877
119000054,3179,4384,-1205
119000055,3829,4309,-480
119000056,2446,2641,-195
119000057,1542,2861,-1319
119000058,2133,2775,-642
119000059,1364,2096,-732
119000060,1592,1184,408
119000061,1175,1152,23
119000062,1340,1735,-395
119000063,500,700,-200
119000064,1975,2269,-294
119000065,2276,3985,-1709
119000066,2675,1450,1225
119000067,2372,3315,-943
119000068,1990,1502,488
119000069,1971,3288,-1317
119000070,2440,1376,1064
119000071,569,911,-342
119000072,7966,4184,3782
119000073,6541,7759,-1218
119000074,1444,4392,-2948
119000075,2138,3161,-1023
119000076,593,1011,-418
119000077,1258,542,716
119000078,562,263,299
119000079,218,718,-500
119000080,519,308,211
119000081,295,383,-88
119000082,1026,280,746
119000083,714,477,237
119000084,342,508,-166
119000085,517,325,192
119000086,283,501,-218
119000087,1940,1236,704
119000088,348,298,50
119000089,100,273,-173
119000090,173,175,-2
119000091,156,437,-281
119000092,558,287,271
119000093,4493,3923,570
119000094,3336,8254,-4918
119000095,1635,3605,-1970
119000097,3028,1889,1139
119000098,907,2748,-1841
119000099,2581,2183,398
119000100,3432,2960,472
119000101,5037,2297,2740
119000102,1328,985,343
119000103,2303,547,1756
119000104,3302,1680,1622
119000105,1124,1912,-788
119000106,423,1920,-1497
119000107,813,553,260
119000108,479,1420,-941
119000109,172,399,-227
119000110,684,297,387
119000111,67,615,-548
119000112,283,66,217
119000113,2918,357,2561
119000114,890,1273,-383
119000115,172,237,-65
119000116,211,106,105
119000117,173,373,-200
119000118,1,0,1
119000123,7461,886,6575
119000124,1015,265,750
119000125,3361,1145,2216
119000126,993,1098,-105
119000127,561,806,-245
119000128,24,6,18
119000131,990,1044,-54
119000132,1,3,-2
119000133,1,5,-4
119000134,3258,792,2466
119000135,126,221,-95
119000136,296,278,18
119000137,186,466,-280
119000138,388,413,-25
119000139,272,327,-55
119000140,182,409,-227
119000284,1679,4156,-2477
119000285,3020,3044,-24
119000286,8431,7184,1247
119000287,1755,2961,-1206
119000288,2544,1912,632
119000289,3856,4848,-992
119000290,182,617,-435
119000291,9,510,-501
119000293,112,164,-52
119000294,50,56,-6
119000295,2540,650,1890
119000296,221,192,29
119000297,0,1,-1
119000299,0,0,0
119000302,4403,2022,2381
119000303,79,247,-168
119000304,0,0,0
119000310,0,0,0
119000314,1574,9742,-8168
119000315,1,668,-667
119000316,151,145,6
119000317,60,494,-434
119900001,293,1548,-1255
119900002,211,438,-227
119900003,95,1378,-1283
119900004,412,932,-520
119900005,232,189,43
119900006,245,503,-258
119900007,1112,238,874
119900008,160,25,135
119900009,734,829,-95
119900010,1176,1083,93
119900011,26,92,-66
119900012,44,100,-56
119900013,2041,968,1073
119900014,824,257,567
119900015,140,45,95
119900016,54,128,-74
119900017,34,70,-36
119900018,2668,886,1782
119900019,37,14,23
119900020,178,241,-63
119900021,202,109,93
119900022,167,518,-351
119900023,983,1465,-482
119900025,146,29,117
119900026,943,128,815
119900027,62,43,19
119900028,372,120,252
119900029,2,5,-3
119900030,566,648,-82
119900031,70,386,-316
119900033,2327,285,2042
119900034,397,162,235
119900037,216,77,139
119900038,45,298,-253
119900039,56,16,40
119900040,161,18,143
119900041,93,33,60
119900042,85,186,-101
119900043,98,210,-112
119900044,230,828,-598
119900046,110,71,39
119900047,280,74,206
119900048,176,63,113
119900049,168,6,162
119900050,101,110,-9
119900051,894,8,886
119900052,32,37,-5
119900053,194,231,-37
119900054,148,3,145
119900055,1248,506,742
119900057,198,105,93
119900058,272,5,267
119900059,257,82,175
119900060,282,17,265
119900061,252,7,245
119900062,54,42,12
119900063,19,82,-63
119900065,346,8,338
119900067,120,36,84
119900068,394,4,390
119900069,103,19,84
119900070,886,6,880
119900071,666,24,642
119900073,2210,771,1439
119900074,52,35,17
119900075,6901,2948,3953
119900076,630,604,26
119900077,837,1447,-610
119900078,564,1236,-672
119900079,634,358,276
119900080,442,383,59
119900081,463,174,289
119900082,1478,381,1097
119900083,442,167,275
119900084,1064,287,777
119900085,135,103,32
119900086,505,1278,-773
119900087,1161,353,808
119900088,55,59,-4
119900089,29,739,-710
119900090,198,85,113
119900091,89,1535,-1446
119900092,53,445,-392
119900093,1011,288,723
119900094,78,217,-139
119900095,238,136,102
119900096,66,166,-100
119900097,853,211,642
119900098,56,50,6
119900099,28,273,-245
119900100,3167,2816,351
119900101,247,1314,-1067
119900102,40,406,-366
119900103,22,618,-596
119900104,25,296,-271
119900105,917,1349,-432
119900106,26,281,-255
119900107,496,4308,-3812
119900108,2661,857,1804
119900109,77,345,-268
119900110,625,991,-366
119900111,89,455,-366
119900112,3331,706,2625
119900113,87,476,-389
119900114,202,1939,-1737
119900115,264,1567,-1303
119900116,181,546,-365
119900117,269,1092,-823
119900118,71,1415,-1344
119900119,196,296,-100
119900120,717,827,-110
119900121,400,1567,-1167
119900122,778,518,260
119900123,301,423,-122
119900124,237,1324,-1087
119900125,51,472,-421
119900126,6043,348,5695
119900127,3047,1197,1850
119900128,531,1240,-709
119900129,273,970,-697
119900130,33,329,-296
119900131,49,411,-362
119900132,19,345,-326
119900133,41,79,-38
119900134,2951,327,2624
119900135,2,522,-520
119900136,211,573,-362
119900138,476,843,-367
119900139,60,83,-23
119900140,2,178,-176
119900141,182,888,-706
119900142,3,43,-40
119900143,7,245,-238
119900144,2687,295,2392
119900145,149,283,-134
119900146,213,222,-9
119900147,5,182,-177
119900148,215,99,116
119900149,2032,3992,-1960
119900150,170,218,-48
119900151,2311,864,1447
119900152,115,487,-372
119900153,201,88,113
119900154,39,990,-951
119900155,49,66,-17
119900156,33,12,21
119900157,147,301,-154
119900158,143,96,47
119900159,7,2241,-2234
119900160,31,258,-227
119900161,262,319,-57
119900162,930,1016,-86
119900163,120,205,-85
119900164,0,6,-6
119900165,122,250,-128
119900166,86,58,28
119900167,113,172,-59
119900168,833,588,245
119900169,188,385,-197
119900170,201,287,-86
119900171,1177,612,565
119900172,164,33,131
119900173,20,590,-570
119900174,15,245,-230
119900175,1253,960,293
119900177,44,322,-278
119900178,9,215,-206
119900179,107,404,-297
119900180,1071,905,166
119900181,70,107,-37
119900182,6,644,-638
119900183,185,934,-749
119900184,3456,816,2640
119900185,32,213,-181
119900186,94,762,-668
119900187,22,634,-612
119900188,81,405,-324
119900189,569,458,111
119900190,74,248,-174
119900191,476,164,312
119900192,54,218,-164
119900193,324,258,66
119900194,21,72,-51
119900195,41,248,-207
119900196,1797,529,1268
119900197,170,174,-4
119900198,153,427,-274
119900199,202,35,167
119900200,572,707,-135
119900201,445,239,206
119900202,248,299,-51
119900203,199,518,-319
119900204,337,362,-25
119900205,624,856,-232
119900206,183,171,12
119900208,226,222,4
119900209,585,1275,-690
119900210,50,67,-17
119900211,134,18,116
119900212,198,407,-209
119900213,13,63,-50
119900214,34,132,-98
119900215,53,114,-61
119900216,26,122,-96
119900217,24,108,-84
119900218,30,86,-56
119900219,12,184,-172
119900220,2,185,-183
119900221,30,479,-449
119900222,26,372,-346
119900223,34,150,-116
119900224,17,32,-15
119900225,1542,80,1462
119900226,853,1872,-1019
119900227,1289,482,807
119900228,150,328,-178
119900229,409,643,-234
119900230,1996,780,1216
119900231,196,223,-27
119900232,233,120,113
119900233,67,7,60
119900234,24,44,-20
119900235,36,59,-23
119900236,27,302,-275
119900237,54,550,-496
119900238,3,100,-97
119900240,89,211,-122
119900241,241,320,-79
119900242,1787,2498,-711
119900244,1025,1802,-777
119900245,148,210,-62
119900246,316,508,-192
119900247,46,101,-55
119900248,82,167,-85
119900249,197,137,60
119900253,4155,429,3726
119900254,100,713,-613
119900255,104,626,-522
119900256,586,1218,-632
119900257,72,1,71
119900258,83,39,44
119900259,12,216,-204
119900260,91,1,90
119900261,316,244,72
119900262,0,347,-347
119900263,1261,500,761
119900264,114,246,-132
119900265,490,471,19
119900266,278,390,-112
119900267,286,510,-224
119900268,140,228,-88
119900269,1035,1638,-603
119900271,21,115,-94
119900272,371,118,253
119900275,119,21,98
119900276,54,0,54
119900277,10,9,1
119900278,338,112,226
119900279,127,334,-207
119900280,1310,272,1038
119900281,0,191,-191
119900282,70,79,-9
119900283,17,427,-410
119900284,36,293,-257
119900285,26,65,-39
119900286,2,11,-9
119900288,4,55,-51
119900289,0,69,-69
119900290,7,61,-54
119900291,0,68,-68
119900292,28,41,-13
119900293,33,142,-109
119900294,52,114,-62
119900295,21,67,-46
119900296,22,369,-347
119900297,0,17,-17
119900298,1,6,-5
119900299,62,225,-163
119900300,304,238,66
119900301,132,37,95
119900302,32,80,-48
119900303,213,248,-35
119900304,179,42,137
119900305,16,127,-111
119900306,18,4,14
119900307,50,132,-82
119900308,4,27,-23
119900309,43,128,-85
119900310,381,400,-19
119900311,66,173,-107
119900312,189,117,72
119900313,344,405,-61
119900314,175,450,-275
119900315,1196,2850,-1654
119900318,24,36,-12
119900319,49,388,-339
119900320,117,687,-570
119900321,72,2,70
120000001,9131,17141,-8010
120000002,2832,3750,-918
120000003,3899,2238,1661
120000004,3645,3085,560
120000005,5496,2622,2874
120000006,1611,1934,-323
120000007,4486,3465,1021
120000008,1312,1815,-503
120000009,4629,1318,3311
120000010,1910,3363,-1453
120000011,1287,2533,-1246
120000012,1806,3526,-1720
120000013,2696,3461,-765
120000014,876,2013,-1137
120000015,3312,1953,1359
120000016,3938,3205,733
120000017,3484,2912,572
120000018,5026,11299,-6273
120000019,1181,1946,-765
120000020,3720,3757,-37
120000021,2251,2821,-570
120000022,3281,4832,-1551
120000023,1117,2320,-1203
120000024,1851,2931,-1080
120000025,2721,2759,-38
120000026,1676,2293,-617
120000027,1819,2876,-1057
120000028,1250,574,676
120000029,5602,745,4857
120000030,770,1539,-769
120000031,2320,11427,-9107
120000032,11036,5204,5832
120000033,5397,2857,2540
120000034,2118,2803,-685
120000035,2139,2936,-797
120000036,3129,6053,-2924
120000037,792,1940,-1148
120000038,10186,4239,5947
120000039,599,1080,-481
120000040,180,248,-68
120000041,1981,1879,102
120000042,2528,3510,-982
120000043,5393,2769,2624
120000044,5043,1939,3104
120000045,5394,1351,4043
120000046,2542,3145,-603
120000047,1895,5973,-4078
120000048,9013,4988,4025
120000049,5236,3549,1687
120000050,5218,5994,-776
120000051,3750,5737,-1987
120000052,14300,2932,11368
120000053,1301,3969,-2668
120000054,1611,6409,-4798
120000055,1928,6637,-4709
120000056,4223,4807,-584
120000057,3451,834,2617
120000058,4067,442,3625
120000059,33,1789,-1756
120000061,227,788,-561
120000062,308,507,-199
120000063,2182,3352,-1170
120000064,360,1725,-1365
120000065,924,2201,-1277
120000066,267,569,-302
120000067,68,628,-560
120000068,260,1159,-899
120000069,929,1701,-772
120000070,108,1173,-1065
120000071,474,250,224
120000072,688,622,66
120000073,715,115,600
120000074,162,82,80
120000075,865,304,561
120000076,2511,518,1993
120000077,1999,730,1269
120000078,4788,1243,3545
120000079,440,677,-237
120000080,283,418,-135
120000081,471,296,175
120000082,280,357,-77
120000083,177,804,-627
120000084,485,606,-121
120000085,465,461,4
120000086,408,920,-512
120000087,276,1195,-919
120000088,892,1564,-672
120000089,1110,875,235
120000090,816,655,161
120000091,1096,1278,-182
120000092,1414,750,664
120000093,495,634,-139
120000094,222,871,-649
120000095,1001,796,205
120000096,253,1253,-1000
120000098,961,1252,-291
120000099,392,963,-571
120000100,719,1272,-553
120000101,508,626,-118
120000102,510,855,-345
120000103,1450,1007,443
120000104,1651,578,1073
120000105,2445,808,1637
120000106,2130,742,1388
120000107,3414,746,2668
120000108,1227,171,1056
120000109,1372,112,1260
120000110,138,1250,-1112
120000111,142,1543,-1401
120000112,981,4388,-3407
120000113,806,3343,-2537
120000114,1125,3736,-2611
120000115,444,2960,-2516
120000116,687,2552,-1865
120000117,1628,1924,-296
120000118,63,32,31
120000119,33,72,-39
120000120,58,76,-18
120000121,61,60,1
120000122,352,457,-105
120000123,7201,5913,1288
120000124,533,476,57
120000125,582,935,-353
120000126,503,1014,-511
120000127,2892,1169,1723
120000128,4742,3318,1424
120000129,312,349,-37
120000130,932,773,159
120000131,334,713,-379
120000134,468,1582,-1114
120000135,516,549,-33
120000137,293,2366,-2073
120000138,830,628,202
120000139,313,1191,-878
120000140,678,751,-73
120000141,271,630,-359
120000142,433,665,-232
120000143,4,124,-120
120000144,71,1,70
120000145,444,2,442
120000146,2838,1235,1603
120000149,666,1340,-674
120000150,5281,14077,-8796
120000151,437,711,-274
120000152,513,293,220
120000153,167,846,-679
120000154,524,647,-123
120000155,130,342,-212
120000156,1723,980,743
120000157,1132,904,228
120000158,973,1332,-359
120000159,2336,3093,-757
120000160,2760,1806,954
120000161,2517,3725,-1208
120000162,120,362,-242
120000163,623,1884,-1261
120000164,391,572,-181
120000165,560,1158,-598
120000166,1419,642,777
120000167,59,68,-9
120000168,8,148,-140
120000169,58,579,-521
120000170,72,442,-370
120000171,12,171,-159
120000172,47,101,-54
120000173,5081,317,4764
120000174,1005,38,967
120000175,1945,29,1916
120000176,986,47,939
120000177,2070,167,1903
120000178,231,6,225
120000179,793,39,754
120000180,1159,92,1067
120000181,214,461,-247
120000182,130,245,-115
120000183,25,243,-218
120000184,132,920,-788
120000186,187,275,-88
120000187,137,102,35
120000188,960,217,743
120000190,2560,34,2526
120000191,2804,63,2741
120000192,1574,31,1543
120000193,555,11,544
120000195,70,4,66
120000196,342,100,242
120000197,145,309,-164
120000198,149,131,18
120000199,76,2,74
120000200,63,0,63
120000201,17,20,-3
120000202,1,89,-88
120000203,44,353,-309
120000207,4,85,-81
120000208,9,327,-318
120000209,11,122,-111
120000210,166,110,56
120000211,121,2,119
120000212,154,0,154
120000213,108,468,-360
120000214,1,461,-460
120000215,5,244,-239
120000216,71,11,60
120000217,850,1375,-525
120000218,282,1121,-839
120000219,8,706,-698
120000220,29,2308,-2279
120000225,1218,1,1217
120000226,432,4,428
120000227,840,50,790
120000228,7444,3606,3838
120000230,357,16,341
120000231,1200,2841,-1641
120000233,270,62,208
120000235,229,952,-723
120000236,1105,1,1104
120000237,9,2215,-2206
120000238,0,194,-194
120000241,1320,4384,-3064
120000412,1728,27,1701
120000413,302,499,-197
120000414,118,2,116
120000415,1,252,-251
120000416,142,7,135
120000417,7,120,-113
120000418,110,14,96
120000419,34,562,-528
120000420,70,49,21
120000421,14181,7335,6846
120000422,214,980,-766
120000423,5,67,-62
120000424,97,175,-78
120000436,179,686,-507
120000437,185,235,-50
120000438,5386,517,4869
120000439,201,492,-291
120000443,140,1,139
120000444,1251,818,433
120000445,1890,1556,334
120000446,1209,377,832
120000447,214,13,201
120000449,92,15,77
120000450,12,407,-395
120000451,106,300,-194
120000452,42,1,41
120000453,2,530,-528
120000454,131,66,65
120000455,94,119,-25
120000456,3224,4610,-1386
120000457,1134,856,278
120000458,592,917,-325
120000459,75,120,-45
120000665,3431,307,3124
120000668,239,360,-121
120000669,62,315,-253
120000670,399,394,5
120000671,1466,582,884
120000672,180,783,-603
120900001,92,121,-29
120900002,802,491,311
120900003,585,43,542
120900004,11,92,-81
120900005,70,1912,-1842
120900006,361,240,121
120900007,128,150,-22
120900008,354,1637,-1283
120900009,1570,77,1493
120900010,556,115,441
120900011,511,177,334
120900012,638,1080,-442
120900013,311,90,221
120900014,5,739,-734
120900015,1139,67,1072
120900016,837,62,775
120900017,3891,158,3733
120900018,113,604,-491
120900019,600,246,354
120900020,935,1047,-112
120900021,701,149,552
120900022,60,413,-353
120900023,176,25,151
120900024,1999,442,1557
120900025,2335,1202,1133
120900026,237,246,-9
120900027,1304,44,1260
120900028,332,78,254
120900029,183,377,-194
120900030,1179,754,425
120900031,235,69,166
120900032,820,121,699
120900033,1016,67,949
120900034,34,2929,-2895
120900035,50,112,-62
120900037,163,12,151
120900038,73,240,-167
120900039,85,57,28
120900040,288,4,284
120900041,194,50,144
120900042,422,60,362
120900043,40,26,14
120900044,14,498,-484
120900045,155,154,1
120900046,408,9,399
120900047,200,90,110
120900048,132,24,108
120900049,329,2,327
120900050,3597,1668,1929
120900051,324,100,224
120900052,499,2,497
120900053,216,130,86
120900054,2012,948,1064
120900055,299,4,295
120900056,443,6,437
120900057,108,12,96
120900058,356,0,356
120900059,66,8,58
120900060,79,27,52
120900061,272,466,-194
120900062,185,2,183
120900063,558,6,552
120900064,453,0,453
120900065,399,5,394
120900066,251,373,-122
120900067,250,75,175
120900068,261,0,261
120900069,200,91,109
120900071,54,0,54
120900072,701,6,695
120900073,404,299,105
120900074,469,9,460
120900076,264,1,263
120900077,4441,338,4103
120900078,719,1079,-360
120900079,614,129,485
120900080,721,2643,-1922
120900081,1138,934,204
120900082,647,443,204
120900083,97,3,94
120900084,315,406,-91
120900085,198,204,-6
120900086,120,347,-227
120900087,407,275,132
120900088,218,331,-113
120900089,5046,2406,2640
120900090,161,226,-65
120900091,683,807,-124
120900092,1496,939,557
120900093,4359,411,3948
120900094,613,236,377
120900095,724,59,665
120900096,56,294,-238
120900097,752,1124,-372
120900098,396,279,117
120900099,92,119,-27
120900100,151,453,-302
120900101,934,449,485
120900102,46,213,-167
120900103,54,252,-198
120900104,13,77,-64
120900105,39,825,-786
120900106,1717,774,943
120900107,338,222,116
120900108,3,1006,-1003
120900109,64,883,-819
120900110,39,1559,-1520
120900111,203,499,-296
120900112,11,1503,-1492
120900113,27,1257,-1230
120900114,39,231,-192
120900115,177,319,-142
120900116,315,703,-388
120900117,7,800,-793
120900118,9,1006,-997
120900119,3713,9264,-5551
120900120,80,858,-778
120900121,121,651,-530
120900122,482,790,-308
120900123,5,587,-582
120900124,0,874,-874
120900125,2,1062,-1060
120900126,1941,1197,744
120900127,17,701,-684
120900128,1353,1720,-367
120900129,72,391,-319
120900130,10,605,-595
120900131,29,103,-74
120900132,753,332,421
120900133,229,1331,-1102
120900134,987,488,499
120900135,4,887,-883
120900136,68,51,17
120900137,258,129,129
120900138,20,234,-214
120900139,5,902,-897
120900140,3,79,-76
120900141,170,133,37
120900142,36,982,-946
120900143,8,1104,-1096
120900144,0,171,-171
120900145,301,986,-685
120900146,3,1129,-1126
120900147,2,582,-580
120900148,135,232,-97
120900149,2,450,-448
120900150,57,764,-707
120900151,5,813,-808
120900152,0,60,-60
120900153,16,108,-92
120900154,1,376,-375
120900155,189,1319,-1130
120900156,37,411,-374
120900157,60,343,-283
120900158,82,771,-689
120900159,179,537,-358
120900160,26,692,-666
120900161,62,704,-642
120900162,26,701,-675
120900163,25,346,-321
120900164,4,10,-6
120900165,0,21,-21
120900166,275,231,44
120900167,482,152,330
120900169,97,573,-476
120900170,2483,2492,-9
120900171,1488,524,964
120900172,2128,360,1768
120900173,1,90,-89
120900174,5,107,-102
120900175,347,299,48
120900176,21,410,-389
120900177,1,1021,-1020
120900178,0,499,-499
120900179,1225,597,628
120900180,161,137,24
120900181,333,82,251
120900182,28,916,-888
120900183,344,370,-26
120900184,155,94,61
120900185,8,415,-407
120900186,2,567,-565
120900187,489,1106,-617
120900188,172,27,145
120900189,209,1075,-866
120900190,66,16,50
120900191,4,37,-33
120900192,15474,6547,8927
120900194,48,121,-73
120900195,144,345,-201
120900196,1451,93,1358
120900197,638,87,551
120900198,267,666,-399
120900199,294,410,-116
120900200,126,207,-81
120900201,623,160,463
120900202,0,245,-245
120900203,48,93,-45
120900204,236,383,-147
120900205,47,123,-76
120900206,11,22,-11
120900207,82,1694,-1612
121000001,1845,1346,499
121000002,5451,3219,2232
121000003,4437,2465,1972
121000004,4192,10097,-5905
121000005,3027,3662,-635
121000006,4897,2500,2397
121000007,5081,3395,1686
121000008,12278,5602,6676
121000009,8709,7734,975
121000010,14771,9751,5020
121000011,11516,16865,-5349
121000012,21355,15140,6215
121000013,6830,9833,-3003
121000014,9272,9557,-285
121000015,7077,9374,-2297
121000016,6178,6368,-190
121000017,2769,4984,-2215
121000018,3100,2411,689
121000019,23754,15267,8487
121000020,14853,16804,-1951
121000021,4598,4100,498
121000022,3013,3196,-183
121000023,4997,4143,854
121000024,5722,5896,-174
121000025,885,2028,-1143
121000026,506,255,251
121000027,1932,1408,524
121000028,1166,554,612
121000029,1333,911,422
121000030,907,489,418
121000031,1030,933,97
121000032,334,138,196
121000034,950,237,713
121000035,400,185,215
121000036,2658,1390,1268
121000037,1136,690,446
121000038,1150,908,242
121000039,796,822,-26
121000041,1070,620,450
121000042,404,470,-66
121000043,1261,762,499
121000044,2610,1147,1463
121000045,532,330,202
121000046,803,974,-171
121000047,405,112,293
121000049,3007,781,2226
121000050,517,1395,-878
121000051,1345,406,939
121000052,836,794,42
121000053,490,106,384
121000054,74,412,-338
121000055,1889,1346,543
121000056,1075,1239,-164
121000057,532,759,-227
121000058,398,151,247
121000059,2489,2011,478
121000060,632,1367,-735
121000061,305,170,135
121000062,248,436,-188
121000063,1146,921,225
121000064,983,1372,-389
121000065,632,446,186
121000066,906,647,259
121000067,1181,527,654
121000068,1261,535,726
121000069,1735,711,1024
121000070,3077,1438,1639
121000071,2220,1578,642
121000072,1916,903,1013
121000073,2219,1040,1179
121000074,174,193,-19
121000075,121,274,-153
121000076,2102,456,1646
121000077,216,229,-13
121000078,178,187,-9
121000080,3152,932,2220
121000081,4063,4662,-599
121000082,189,301,-112
121000083,348,152,196
121000084,270,242,28
121000085,307,675,-368
121000086,244,977,-733
121000087,90,312,-222
121000088,571,847,-276
121000089,505,463,42
121000090,816,514,302
121000091,1931,1138,793
121000092,207,98,109
121000093,193,231,-38
121000094,570,976,-406
121000095,475,649,-174
121000096,2643,2926,-283
121000097,1301,2348,-1047
121000098,828,1425,-597
121000099,957,1024,-67
121000100,1350,757,593
121000101,613,325,288
121000102,344,462,-118
121000103,236,348,-112
121000104,420,269,151
121000105,506,327,179
121000106,337,394,-57
121000107,3229,4504,-1275
121000109,1884,1367,517
121000110,400,1165,-765
121000114,3718,2383,1335
121000115,1184,957,227
121000116,472,1110,-638
121000117,1148,386,762
121000118,1886,323,1563
121000119,489,522,-33
121000120,339,519,-180
121000121,820,1199,-379
121000123,2147,713,1434
121000127,255,177,78
121000128,1167,641,526
121000129,1045,619,426
121000130,727,1112,-385
121000131,3104,2330,774
121000132,1949,1662,287
121000135,371,293,78
121000136,2362,647,1715
121000137,478,229,249
121000138,2063,800,1263
121000139,1231,105,1126
121000141,521,168,353
121000142,1214,1270,-56
121000143,138,31,107
121000144,1084,1806,-722
121000145,915,1430,-515
121000146,1747,977,770
121000147,1554,715,839
121000148,1434,1354,80
121000149,3780,1724,2056
121000152,747,1240,-493
121000153,2258,1127,1131
121000154,1204,1411,-207
121000155,1625,1695,-70
121000156,487,1563,-1076
121000157,1390,2823,-1433
121000158,526,935,-409
121000159,179,677,-498
121000160,366,720,-354
121000161,192,404,-212
121000162,91,223,-132
121000165,1891,1974,-83
121000166,21,825,-804
121000168,869,378,491
121000169,113,190,-77
121000170,452,234,218
121000171,94,218,-124
121000172,832,632,200
121000173,1366,1249,117
121000174,373,627,-254
121000175,1207,481,726
121000176,581,305,276
121000177,1897,764,1133
121000178,203,79,124
121000179,134,62,72
121000181,585,619,-34
121000182,114,186,-72
121000183,75,88,-13
121000184,203,99,104
121000185,77,226,-149
121000186,264,431,-167
121000187,188,248,-60
121000188,203,242,-39
121000192,997,454,543
121000193,1013,691,322
121000194,3296,2830,466
121000195,552,1149,-597
121000196,1648,317,1331
121000197,589,814,-225
121000198,646,146,500
121000199,262,479,-217
121000200,680,85,595
121000201,3,233,-230
121000202,1525,144,1381
121000203,1162,2341,-1179
121000204,4217,822,3395
121000205,481,324,157
121000206,405,39,366
121000207,2983,579,2404
121000208,12,543,-531
121000209,418,442,-24
121000210,580,514,66
121000211,412,204,208
121000212,451,892,-441
121000213,10348,3902,6446
121000214,912,4125,-3213
121000215,1589,1031,558
121000216,969,1225,-256
121000217,7449,5264,2185
121000218,953,2150,-1197
121000219,3309,663,2646
121000220,497,61,436
121000221,307,378,-71
121000222,3807,2866,941
121000223,1336,469,867
121000224,885,216,669
121000225,5230,1591,3639
121000226,14458,1851,12607
121000227,16,229,-213
121000228,27,746,-719
121000229,415,421,-6
121000230,58,1779,-1721
121000231,1089,67,1022
121000232,453,383,70
121000233,900,523,377
121000234,56,64,-8
121000235,96,82,14
121000236,22,128,-106
121000237,23,14,9
121000238,7,128,-121
121000239,62,5,57
121000240,11,511,-500
121000241,128,12,116
121000242,66,319,-253
121000243,382,172,210
121000244,19,83,-64
121000245,155,34,121
121000246,1,138,-137
121000247,78,4,74
121000248,1321,965,356
121000249,147,355,-208
121000250,941,174,767
121000251,50,675,-625
121000252,114,86,28
121000253,1143,614,529
121000254,2202,355,1847
121000255,484,185,299
121000256,805,315,490
121000257,126,75,51
121000258,496,72,424
121000259,280,169,111
121000260,434,180,254
121000261,649,82,567
121000262,1240,1794,-554
121000263,508,539,-31
121000271,377,2053,-1676
121000273,353,5,348
121000274,16,64,-48
121000275,3,21,-18
121000276,11,38,-27
121000278,372,60,312
121000279,94,12,82
121000280,235,81,154
121000289,309,23,286
121000290,1498,881,617
121000294,220,197,23
121000297,1319,1998,-679
121000299,720,339,381
121000300,725,709,16
121000302,147,1594,-1447
121000303,771,605,166
121000304,562,66,496
121000305,252,58,194
121000306,144,133,11
121000308,219,592,-373
121000309,641,810,-169
121000310,218,420,-202
121000311,88,1248,-1160
121000312,359,277,82
121000313,527,807,-280
121000314,259,183,76
121000315,81,177,-96
121000530,1658,1751,-93
121000531,1850,1992,-142
121000532,7270,7540,-270
121000533,3236,3809,-573
121000918,147,249,-102
121000919,91,55,36
121000938,316,582,-266
121000939,388,469,-81
121000956,1298,1887,-589
121000957,11,12,-1
121000958,365,41,324
121000959,895,928,-33
121000960,3490,2479,1011
121000961,291,147,144
121000962,574,1680,-1106
121000973,0,124,-124
121000976,16,198,-182
121000979,509,199,310
121000981,385,288,97
121000982,600,237,363
121000983,614,492,122
121000984,72,67,5
121000985,842,713,129
121000986,1141,376,765
121000987,332,1633,-1301
121000988,1018,175,843
121001302,388,216,172
121001308,3,7,-4
121001309,213,115,98
121001311,0,0,0
121001313,557,337,220
121001314,3617,4623,-1006
121001315,5553,3333,2220
121001326,530,537,-7
121900001,144,231,-87
121900002,238,20,218
121900003,505,12,493
121900004,156,375,-219
121900005,19,8,11
121900006,118,42,76
121900007,2215,2999,-784
121900008,2414,412,2002
121900009,689,12,677
121900010,328,5,323
121900011,228,337,-109
121900012,45,0,45
121900013,2320,38,2282
121900014,1643,432,1211
121900015,255,220,35
121900016,12,59,-47
121900017,602,659,-57
121900018,424,14,410
121900019,545,297,248
121900020,64,4,60
121900021,936,27,909
121900022,292,253,39
121900023,146,392,-246
121900024,478,179,299
121900025,649,462,187
121900026,387,75,312
121900027,397,124,273
121900028,306,27,279
121900029,125,215,-90
121900030,747,1045,-298
121900031,1451,9701,-8250
121900032,155,87,68
121900033,209,201,8
121900034,748,73,675
121900035,2872,2876,-4
121900036,79,365,-286
121900037,192,686,-494
121900038,22,176,-154
121900039,576,39,537
121900040,49,85,-36
121900041,94,168,-74
121900042,421,145,276
121900043,9,9,0
121900044,273,100,173
121900046,365,299,66
121900047,208,91,117
121900048,24,142,-118
121900050,54,45,9
121900051,186,182,4
121900052,148,60,88
121900053,673,562,111
121900054,822,1125,-303
121900055,16,22,-6
121900058,364,214,150
121900059,543,178,365
121900060,138,391,-253
121900061,460,142,318
121900062,200,132,68
121900063,1707,432,1275
121900064,371,748,-377
121900066,125,33,92
121900067,58,51,7
121900069,222,164,58
121900070,744,104,640
121900071,340,296,44
121900072,65,208,-143
121900073,350,253,97
121900074,812,1150,-338
121900075,1356,510,846
121900076,1550,682,868
121900078,121,28,93
121900079,6,0,6
121900080,955,415,540
121900082,99,133,-34
121900084,10,267,-257
121900086,21,60,-39
121900087,243,115,128
121900088,1946,3839,-1893
121900089,269,484,-215
121900090,35,132,-97
121900091,99,222,-123
121900092,103,94,9
121900093,98,72,26
121900094,13,3,10
121900095,230,146,84
121900096,1792,949,843
121900097,779,202,577
121900098,7,0,7
121900099,270,73,197
121900100,287,392,-105
121900101,142,157,-15
121900102,7,166,-159
121900103,1236,279,957
121900104,1619,403,1216
121900105,274,212,62
121900106,11,4,7
121900107,56,41,15
121900108,4,49,-45
121900109,472,174,298
121900110,522,1158,-636
121900111,1760,136,1624
121900112,210,124,86
121900113,87,895,-808
121900114,45,126,-81
121900117,290,63,227
121900118,2704,705,1999
121900119,163,173,-10
121900120,67,1926,-1859
121900121,830,64,766
121900122,29,104,-75
121900123,177,559,-382
121900124,104,208,-104
121900125,1292,1401,-109
121900127,18,105,-87
121900128,125,116,9
121900129,766,199,567
121900130,151,280,-129
121900131,452,70,382
121900132,95,122,-27
121900133,103,480,-377
121900134,62,171,-109
121900135,2436,331,2105
121900136,389,535,-146
121900137,37,470,-433
121900138,256,214,42
121900139,576,540,36
121900140,74,205,-131
121900141,74,43,31
121900142,116,142,-26
121900143,16,227,-211
121900144,162,266,-104
121900145,233,236,-3
121900146,810,931,-121
121900147,69,184,-115
121900148,236,326,-90
121900149,375,785,-410
121900150,87,130,-43
121900151,92,254,-162
121900152,123,171,-48
121900153,113,686,-573
121900154,31,267,-236
121900155,0,148,-148
121900156,148,93,55
121900157,6,474,-468
121900158,119,107,12
121900159,0,249,-249
121900160,90,314,-224
121900161,420,443,-23
121900162,179,168,11
121900163,348,703,-355
121900164,532,217,315
121900165,253,162,91
121900166,428,186,242
121900167,196,133,63
121900168,251,259,-8
121900169,4,319,-315
121900170,7,255,-248
121900171,615,594,21
121900172,621,300,321
121900173,1122,353,769
121900174,44,103,-59
121900175,511,156,355
121900176,968,1744,-776
121900177,119,89,30
121900178,90,79,11
121900179,482,191,291
121900180,5527,4880,647
121900182,1202,330,872
121900183,892,650,242
121900184,64,689,-625
121900186,9,292,-283
121900187,68,150,-82
121900188,573,800,-227
121900189,50,116,-66
121900190,492,697,-205
121900191,131,265,-134
121900192,507,896,-389
121900193,85,258,-173
121900194,12,175,-163
121900195,87,86,1
121900196,1211,1761,-550
121900197,430,2053,-1623
121900198,1191,1900,-709
121900199,4,26,-22
121900200,249,266,-17
121900201,1252,845,407
121900202,202,652,-450
121900203,181,1368,-1187
121900204,1057,2069,-1012
121900205,19,114,-95
121900206,10,10,0
121900207,213,59,154
121900208,348,315,33
121900209,47,43,4
121900210,2534,1505,1029
121900211,417,976,-559
121900212,194,128,66
121900213,201,97,104
121900214,3,749,-746
121900215,75,136,-61
121900216,85,94,-9
121900217,241,145,96
121900218,248,588,-340
121900220,111,11,100
121900221,327,834,-507
121900222,244,220,24
121900223,220,69,151
121900224,151,65,86
121900225,413,152,261
121900226,309,1210,-901
121900227,194,657,-463
121900228,303,570,-267
121900230,221,224,-3
121900231,786,1462,-676
121900232,472,526,-54
121900233,250,258,-8
121900234,648,356,292
121900235,647,271,376
121900236,379,200,179
121900237,161,280,-119
121900238,171,355,-184
121900239,239,31,208
121900240,241,133,108
121900241,50,61,-11
121900242,5,1,4
121900243,9,0,9
121900244,12,4,8
121900245,234,99,135
121900246,2928,440,2488
121900248,1711,1341,370
121900250,311,332,-21
121900251,386,50,336
121900252,577,150,427
121900253,271,1189,-918
121900254,658,296,362
121900255,281,103,178
121900258,3197,2537,660
121900259,449,842,-393
121900260,54,207,-153
121900261,258,768,-510
121900262,511,1453,-942
121900263,223,400,-177
121900264,2412,2329,83
121900265,406,385,21
121900266,469,243,226
121900267,74,57,17
121900269,149,677,-528
121900270,25,227,-202
121900271,49,140,-91
121900273,923,2888,-1965
121900274,359,244,115
121900277,576,1182,-606
121900278,165,888,-723
121900279,220,159,61
121900280,457,355,102
121900281,978,395,583
121900284,71,16,55
121900286,473,130,343
121900287,17,29,-12
121900288,34,3,31
121900290,258,287,-29
121900291,429,812,-383
121900292,297,158,139
121900293,1364,3295,-1931
121900294,315,3,312
121900295,153,348,-195
121900296,138,118,20
121900298,678,875,-197
121900299,0,2,-2
121900300,101,4,97
121900301,152,0,152
121900302,0,43,-43
121900303,1136,350,786
121900304,0,10,-10
121900305,6,6,0
121900306,77,1,76
121900307,50,41,9
121900308,10,321,-311
121900309,17,292,-275
121900310,22,471,-449
121900311,414,36,378
121900312,227,49,178
121900313,830,40,790
121900314,2,64,-62
121900315,12,0,12
121900316,0,21,-21
121900317,20,6,14
121900318,3,23,-20
121900319,38,371,-333
121900320,66,162,-96
121900321,8,1,7
121900322,3,36,-33
121900323,13,24,-11
121900324,7,143,-136
121900325,12,3,9
121900326,3,27,-24
121900327,10,98,-88
121900328,0,37,-37
121900329,2,255,-253
121900330,0,47,-47
121900331,32,2,30
121900332,94,64,30
121900333,74,20,54
121900334,256,85,171
122000001,3230,5869,-2639
122000002,6698,2234,4464
122000003,2747,2936,-189
122000004,3928,1947,1981
122000005,3331,1769,1562
122000006,2779,896,1883
122000007,2017,2481,-464
122000008,6172,7459,-1287
122000009,657,508,149
122000010,2939,4157,-1218
122000011,3988,1814,2174
122000012,1783,1629,154
122000013,3335,1599,1736
122000014,1762,2401,-639
122000015,1677,1291,386
122000016,741,1080,-339
122000017,1341,1259,82
122000018,1595,1321,274
122000019,930,1531,-601
122000020,196,260,-64
122000021,621,462,159
122000022,2007,1765,242
122000023,1043,3477,-2434
122000024,1028,1290,-262
122000025,3019,2026,993
122000026,1724,1366,358
122000027,680,5516,-4836
122000028,991,503,488
122000029,646,473,173
122000030,434,143,291
122000031,235,360,-125
122000032,2485,4347,-1862
122000033,1197,1246,-49
122000034,1340,845,495
122000035,405,1326,-921
122000036,725,668,57
122000037,408,314,94
122000038,315,445,-130
122000039,992,792,200
122000040,533,735,-202
122000041,797,703,94
122000042,590,648,-58
122000043,191,162,29
122000044,156,236,-80
122000045,2394,590,1804
122000046,1064,1541,-477
122000047,520,275,245
122000048,4340,6181,-1841
122000049,7622,3528,4094
122000050,2389,1012,1377
122000051,606,463,143
122000052,851,487,364
122000053,224,829,-605
122000054,3253,2454,799
122000055,3519,3675,-156
122000056,6498,5170,1328
122000057,4469,4640,-171
122000058,4835,1602,3233
122000059,4658,2258,2400
122000060,1143,799,344
122000061,736,681,55
122000062,1646,416,1230
122000063,2175,873,1302
122000064,4720,3386,1334
122000065,6807,3159,3648
122000066,970,654,316
122000067,3353,1611,1742
122000068,1740,2125,-385
122000069,1403,1026,377
122000070,927,5235,-4308
122000071,1460,2025,-565
122000072,487,509,-22
122000073,614,772,-158
122000074,3486,1990,1496
122000075,814,2021,-1207
122000076,2445,1347,1098
122000077,2816,909,1907
122000078,3738,3242,496
122000079,3593,1387,2206
122000080,1992,503,1489
122000081,346,499,-153
122000082,1552,984,568
122000083,1806,4582,-2776
122000084,1576,1103,473
122000085,387,2254,-1867
122000086,3046,6970,-3924
122000087,499,231,268
122000088,388,506,-118
122000089,8957,4128,4829
122000090,430,738,-308
122000091,673,90,583
122000092,370,24,346
122000093,3199,1352,1847
122000094,10003,2354,7649
122000095,4097,3788,309
122000096,2535,2573,-38
122000098,4281,2252,2029
122000099,6374,905,5469
122000100,1800,1064,736
122000101,409,1955,-1546
122000102,2171,1431,740
122000103,2672,1843,829
122000104,574,226,348
122000105,863,352,511
122000106,733,802,-69
122000107,1316,612,704
122000108,574,892,-318
122000109,497,653,-156
122000110,484,544,-60
122000111,3541,1458,2083
122000112,1133,1899,-766
122000113,737,808,-71
122000114,8180,2523,5657
122000115,2280,3411,-1131
122000116,689,675,14
122000117,1667,581,1086
122000118,767,1090,-323
122000119,4578,3166,1412
122000120,3221,6190,-2969
122000121,3548,3647,-99
122000122,998,2006,-1008
122000123,2907,2717,190
122000124,1395,746,649
122000125,753,933,-180
122000126,928,1625,-697
122000127,1716,1927,-211
122000128,776,993,-217
122000129,611,2035,-1424
122000130,4427,2089,2338
122000131,2222,2488,-266
122000132,926,879,47
122000133,985,1504,-519
122000134,1145,1182,-37
122000135,999,1025,-26
122000136,1138,899,239
122000137,1511,932,579
122000139,2563,4340,-1777
122000140,2014,835,1179
122000141,4909,1216,3693
122000142,685,979,-294
122000143,755,900,-145
122000144,2246,2518,-272
122000145,2083,1137,946
122000146,773,1596,-823
122000147,1384,724,660
122000148,3351,1915,1436
122000149,2641,2088,553
122000150,1774,1391,383
122000151,342,603,-261
122000152,715,646,69
122000153,591,468,123
122000154,499,229,270
122000155,2040,3457,-1417
122000156,2394,2661,-267
122000157,2684,1591,1093
122000158,637,771,-134
122000159,1380,2538,-1158
122000160,5959,4288,1671
122000161,1809,1728,81
122000162,3107,2568,539
122000163,296,111,185
122000164,52,110,-58
122000165,1522,921,601
122000166,2243,1592,651
122000167,362,254,108
122000168,266,665,-399
122000169,863,253,610
122000170,418,346,72
122000171,46,86,-40
122000172,1659,1953,-294
122000173,1672,2873,-1201
122000174,4065,1029,3036
122000175,2386,458,1928
122000176,386,889,-503
122000177,2822,1832,990
122000178,4592,4639,-47
122000179,2130,3316,-1186
122000180,2240,1942,298
122000181,2421,4325,-1904
122000182,2501,1888,613
122000183,2453,1771,682
122000184,2619,2566,53
122000185,1483,1684,-201
122000186,778,929,-151
122000187,3146,1381,1765
122000188,621,310,311
122000189,349,488,-139
122000190,1849,1462,387
122000191,1720,729,991
122000192,1728,431,1297
122000193,574,687,-113
122000194,1069,254,815
122000195,436,496,-60
122000196,1449,668,781
122000197,629,579,50
122000198,741,1051,-310
122000199,657,418,239
122000200,2233,1216,1017
122000201,1717,1666,51
122000202,1839,1340,499
122000203,3276,1934,1342
122000204,2329,2413,-84
122000205,1989,2072,-83
122000206,3280,1114,2166
122000207,2824,1470,1354
122000208,4634,1858,2776
122000209,4216,538,3678
122000210,3360,2156,1204
122000211,2558,1229,1329
122000212,1306,786,520
122000213,1421,1850,-429
122000214,2655,2212,443
122000215,2373,2025,348
122000217,2806,1531,1275
122000218,1100,148,952
122000219,1684,1211,473
122000220,556,853,-297
122000221,125,686,-561
122000222,770,185,585
122000223,2107,570,1537
122000225,1431,452,979
122000226,3489,2636,853
122000227,528,4167,-3639
122000228,514,451,63
122000229,58,570,-512
122000230,84,648,-564
122000231,426,827,-401
122000232,941,1133,-192
122000233,3,113,-110
122000234,457,194,263
122000235,1303,206,1097
122000236,1300,197,1103
122000237,140,82,58
122000238,447,509,-62
122000239,677,205,472
122000240,1734,623,1111
122000241,2140,708,1432
122000242,905,159,746
122000243,454,122,332
122000244,122,587,-465
122000245,129,408,-279
122000246,545,263,282
122000247,702,912,-210
122000248,1767,2271,-504
122000249,1659,1052,607
122000250,2948,1775,1173
122000251,331,627,-296
122000252,636,153,483
122000253,50,358,-308
122000254,386,111,275
122000255,911,1902,-991
122000256,689,1642,-953
122000257,335,799,-464
122000258,241,155,86
122000259,29,655,-626
122000260,7,118,-111
122000261,10,217,-207
122000262,1,95,-94
122000263,243,95,148
122000264,1684,681,1003
122000265,4436,1173,3263
122000266,9884,924,8960
122000267,140,124,16
122000268,284,452,-168
122000269,1578,398,1180
122000270,3240,196,3044
122000271,650,1225,-575
122000272,442,1191,-749
122000273,623,488,135
122000274,201,234,-33
122000275,79,253,-174
122000276,996,593,403
122000277,2000,1663,337
122000278,2452,1120,1332
122000279,341,618,-277
122000280,1677,981,696
122000281,1182,1088,94
122000282,388,151,237
122000283,1412,91,1321
122000284,282,143,139
122000285,734,119,615
122000286,321,157,164
122000287,783,396,387
122000288,2476,1407,1069
122000291,2471,1292,1179
122000293,467,374,93
122000294,181,266,-85
122000295,2103,468,1635
122000296,72,900,-828
122000297,2437,3772,-1335
122000299,1200,489,711
122000300,663,791,-128
122000301,9799,2808,6991
122000302,1193,1668,-475
122000303,4885,1732,3153
122000304,26,89,-63
122000305,1249,362,887
122000306,33,1046,-1013
122000307,217,187,30
122000309,223,97,126
122000310,104,123,-19
122000311,522,233,289
122000312,275,123,152
122000313,289,108,181
122000314,197,343,-146
122000315,328,35,293
122000316,906,291,615
122000317,1518,346,1172
122000318,361,674,-313
122000319,3879,1439,2440
122000320,332,1231,-899
122000321,197,233,-36
122000322,2987,3869,-882
122000323,2116,2896,-780
122000324,1951,1598,353
122000325,1300,1910,-610
122000326,107,161,-54
122000327,893,1381,-488
122000328,1586,1003,583
122000330,2771,1000,1771
122000332,304,460,-156
122000333,9,182,-173
122000337,1232,2059,-827
122000338,414,463,-49
122000340,658,428,230
122000342,2702,1286,1416
122000343,609,1614,-1005
122000344,79,32,47
122000345,44,58,-14
122000346,330,733,-403
122000348,874,840,34
122000349,117,751,-634
122000351,176,215,-39
122000352,618,186,432
122000353,122,154,-32
122000355,260,203,57
122000356,2737,1189,1548
122000357,185,20,165
122000358,0,86,-86
122000359,0,28,-28
122000360,0,31,-31
122000362,8,119,-111
122000364,170,394,-224
122000365,3,62,-59
122000366,12,12,0
122000368,534,691,-157
122000370,31,94,-63
122000371,66,0,66
122000372,48,4,44
122000381,58,436,-378
122000382,100,346,-246
122000384,5999,2471,3528
122000385,79,0,79
122000386,1068,1377,-309
122000387,1440,592,848
122000388,3003,1365,1638
122000389,284,747,-463
122000390,919,324,595
122000391,714,166,548
122000392,213,260,-47
122000393,706,215,491
122000394,685,374,311
122000395,262,232,30
122000396,544,176,368
122000397,122,112,10
122000398,71,80,-9
122000399,291,64,227
122000400,297,540,-243
122000401,205,111,94
122000402,356,146,210
122000403,598,1322,-724
122000404,150,379,-229
122000408,1184,1880,-696
122000503,14,182,-168
122000524,246,103,143
122000544,92,6515,-6423
122000614,332,425,-93
122000616,384,4,380
122000640,89,219,-130
122000641,195,496,-301
122000642,2191,1186,1005
122000643,57,226,-169
122000644,208,42,166
122000645,158,522,-364
122000651,3177,923,2254
122000664,203,74,129
122000665,1460,650,810
122000666,791,1368,-577
122000673,61,424,-363
122000674,219,85,134
122000675,2286,1544,742
122000686,579,1329,-750
122000687,2833,456,2377
122000688,347,989,-642
122000689,1174,889,285
122000690,1725,755,970
122000691,554,2604,-2050
122000692,2024,477,1547
122000693,630,2016,-1386
122000695,349,587,-238
122000696,386,436,-50
122000698,355,983,-628
122000699,261,43,218
122000701,1702,422,1280
122000702,612,1948,-1336
122000703,199,91,108
122000717,273,70,203
122000718,953,1474,-521
122000719,134,107,27
122000720,407,381,26
122000724,382,395,-13
122900001,26,9,17
122900002,1278,3231,-1953
122900003,544,81,463
122900004,776,46,730
122900005,123,47,76
122900006,2288,235,2053
122900007,1232,1431,-199
122900008,1335,111,1224
122900009,1090,597,493
122900010,311,349,-38
122900012,309,354,-45
122900014,200,327,-127
122900015,2258,863,1395
122900016,312,309,3
122900017,2080,1296,784
122900018,314,21,293
122900019,10,194,-184
122900020,310,190,120
122900021,622,1400,-778
122900022,872,984,-112
122900023,375,165,210
122900024,197,141,56
122900025,21,207,-186
122900026,169,399,-230
122900027,99,1316,-1217
122900028,242,248,-6
122900029,5198,3622,1576
122900030,1344,532,812
122900031,477,457,20
122900032,139,493,-354
122900033,437,171,266
122900034,4717,7901,-3184
122900035,160,49,111
122900036,82,306,-224
122900037,839,161,678
122900038,400,5295,-4895
122900039,133,740,-607
122900040,412,345,67
122900041,420,188,232
122900042,190,341,-151
122900043,727,195,532
122900044,160,399,-239
122900045,139,113,26
122900046,387,114,273
122900047,572,319,253
122900048,63,537,-474
122900049,2038,162,1876
122900051,94,144,-50
122900052,94,187,-93
122900053,28,24,4
122900055,598,177,421
122900057,543,65,478
122900061,523,317,206
122900062,544,929,-385
122900063,252,431,-179
122900064,3101,1153,1948
122900065,908,205,703
122900066,770,416,354
122900067,1602,927,675
122900069,390,2667,-2277
122900070,523,69,454
122900071,366,1892,-1526
122900073,4,67,-63
122900074,1056,793,263
122900076,3,228,-225
122900077,2,261,-259
122900078,187,131,56
122900080,246,25,221
122900081,369,223,146
122900082,827,360,467
122900083,254,216,38
122900084,33,363,-330
122900086,137,1840,-1703
122900087,398,518,-120
122900088,70,157,-87
122900089,157,449,-292
122900090,29,1424,-1395
122900091,258,1,257
122900092,1,173,-172
122900093,0,309,-309
122900094,6,301,-295
122900095,256,18,238
122900096,365,275,90
122900097,65,40,25
122900098,133,198,-65
122900099,53,18,35
122900100,1278,243,1035
122900101,1384,399,985
122900102,23,27,-4
122900103,148,6,142
122900104,111,6,105
122900105,21,11,10
122900106,27,78,-51
122900107,10,136,-126
122900108,15,564,-549
122900109,210,151,59
123000001,2311,506,1805
123000002,6153,4905,1248
123000003,5065,4876,189
123000004,3911,5668,-1757
123000005,3447,4178,-731
123000006,3542,3420,122
123000007,4621,3631,990
123000008,3139,4346,-1207
123000009,5945,3976,1969
123000010,4222,4229,-7
123000011,5547,1189,4358
123000012,1383,2990,-1607
123000013,4736,1268,3468
123000014,1656,4479,-2823
123000015,5421,1186,4235
123000016,6718,4623,2095
123000017,3930,2213,1717
123000018,85,173,-88
123000019,238,351,-113
123000020,170,197,-27
123000021,113,451,-338
123000022,447,4295,-3848
123000023,1811,1857,-46
123000024,2081,819,1262
123000025,367,413,-46
123000026,54,120,-66
123000027,1724,350,1374
123000028,2772,272,2500
123000029,3431,478,2953
123000030,472,565,-93
123000031,184,442,-258
123000032,333,328,5
123000033,435,88,347
123000034,1791,1725,66
123000035,403,653,-250
123000036,260,1246,-986
123000037,274,418,-144
123000038,130,297,-167
123000039,596,1458,-862
123000040,1165,395,770
123000041,1944,1268,676
123000042,1751,750,1001
123000043,4256,9174,-4918
123000044,6485,2791,3694
123000045,11541,3422,8119
123000046,1116,1640,-524
123000047,2850,1742,1108
123000048,75,755,-680
123000049,8050,9365,-1315
123000050,1412,1777,-365
123000051,219,298,-79
123000052,977,4086,-3109
123000053,3368,4238,-870
123000054,1973,1634,339
123000055,1382,2420,-1038
123000056,1829,2389,-560
123000057,17826,7672,10154
123000058,852,1097,-245
123000059,634,766,-132
123000060,1049,411,638
123000061,376,1010,-634
123000063,1033,1197,-164
123000064,1286,393,893
123000065,7714,4095,3619
123000066,1131,1025,106
123000067,1326,1001,325
123000068,4106,4190,-84
123000069,7831,4681,3150
123000070,367,1034,-667
123000071,1130,1508,-378
123000072,1453,1406,47
123000073,1366,1079,287
123000074,1425,2036,-611
123000075,449,1286,-837
123000076,718,1233,-515
123000077,2498,4045,-1547
123000078,1883,2325,-442
123000079,1555,2320,-765
123000080,2642,2587,55
123000081,217,544,-327
123000082,465,1328,-863
123000083,1168,321,847
123000084,777,1052,-275
123000085,293,129,164
123000086,487,374,113
123000087,349,498,-149
123000088,1380,1161,219
123000089,678,1581,-903
123000090,1383,1305,78
123000091,2063,2294,-231
123000092,1367,1629,-262
123000094,610,327,283
123000095,542,771,-229
123000096,779,554,225
123000097,679,1160,-481
123000098,923,807,116
123000099,698,984,-286
123000100,651,871,-220
123000101,755,778,-23
123000102,748,834,-86
123000104,483,606,-123
123000105,640,588,52
123000106,671,675,-4
123000107,506,768,-262
123000108,958,1760,-802
123000111,976,445,531
123000112,1216,819,397
123000113,766,2044,-1278
123000114,576,873,-297
123000115,365,399,-34
123000116,49,252,-203
123000117,2034,2580,-546
123000118,515,1052,-537
123000119,323,1159,-836
123000120,464,1088,-624
123000121,532,889,-357
123000122,605,344,261
123000123,592,795,-203
123000124,685,610,75
123000125,1772,1649,123
123000126,2078,3994,-1916
123000127,1185,958,227
123000128,492,403,89
123000129,689,281,408
123000130,582,109,473
123000131,901,966,-65
123000132,570,779,-209
123000133,394,636,-242
123000134,627,313,314
123000135,2343,1583,760
123000136,292,1149,-857
123000137,148,424,-276
123000138,129,551,-422
123000139,545,259,286
123000140,128,953,-825
123000141,879,184,695
123000142,1139,1184,-45
123000143,2571,3030,-459
123000144,76,46,30
123000145,225,98,127
123000146,66,87,-21
123000147,198,121,77
123000149,547,679,-132
123000150,329,315,14
123000151,280,632,-352
123000152,163,517,-354
123000153,277,859,-582
123000154,2322,2792,-470
123000155,2843,1221,1622
123000156,85,234,-149
123000157,842,1164,-322
123000158,801,1250,-449
123000159,4564,2930,1634
123000160,1126,864,262
123000161,2531,1442,1089
123000162,1511,2168,-657
123000163,511,132,379
123000164,1688,435,1253
123000165,514,2114,-1600
123000166,55,225,-170
123000167,193,388,-195
123000168,330,358,-28
123000169,849,174,675
123000170,117,282,-165
123000171,702,52,650
123000172,215,768,-553
123000173,600,320,280
123000174,1145,480,665
123000175,784,1657,-873
123000176,1267,393,874
123000177,337,1187,-850
123000178,1344,208,1136
123000179,119,809,-690
123000180,1803,494,1309
123000181,475,2103,-1628
123000182,265,575,-310
123000183,281,801,-520
123000184,110,807,-697
123000185,601,651,-50
123000186,8,729,-721
123000187,736,4,732
123000188,249,4,245
123000189,205,220,-15
123000190,94,102,-8
123000192,43,556,-513
123000193,77,1005,-928
123000194,579,445,134
123000195,375,37,338
123000196,374,123,251
123000197,74,231,-157
123000198,135,353,-218
123000199,1,822,-821
123000200,541,17,524
123000201,931,43,888
123000202,30,1548,-1518
123000203,957,86,871
123000204,110,1406,-1296
123000205,601,2321,-1720
123000206,2180,272,1908
123000207,129,1019,-890
123000208,705,166,539
123000209,2494,669,1825
123000210,634,2240,-1606
123000211,592,2986,-2394
123000212,3407,554,2853
123000213,695,72,623
123000215,363,250,113
123000216,211,986,-775
123000217,245,60,185
123000218,118,669,-551
123000219,1145,257,888
123000220,719,111,608
123000221,330,138,192
123000222,494,430,64
123000223,231,482,-251
123000224,461,795,-334
123000225,432,112,320
123000226,136,424,-288
123000227,146,424,-278
123000228,322,70,252
123000229,1426,2259,-833
123000232,113,859,-746
123000233,991,297,694
123000234,240,858,-618
123000235,1020,391,629
123000236,293,1034,-741
123000237,414,102,312
123000238,121,693,-572
123000239,660,1996,-1336
123000240,69,541,-472
123000241,857,130,727
123000242,112,249,-137
123000243,966,1134,-168
123000244,1153,876,277
123000245,76,218,-142
123000249,633,1190,-557
123000252,1226,300,926
123000253,1159,551,608
123000254,793,1284,-491
123000255,1405,1177,228
123000256,29,287,-258
123000257,4199,2831,1368
123000258,1399,1312,87
123000259,356,520,-164
123000260,413,586,-173
123000261,194,199,-5
123000262,130,283,-153
123000263,447,157,290
123000264,247,114,133
123000265,61,227,-166
123000266,603,928,-325
123000267,615,473,142
123000268,58,91,-33
123000269,60,75,-15
123000270,70,75,-5
123000271,94,103,-9
123000272,884,396,488
123000273,331,770,-439
123000274,1496,764,732
123000275,394,1275,-881
123000278,3814,3198,616
123000279,185,148,37
123000280,577,482,95
123000281,464,125,339
123000282,184,371,-187
123000283,180,113,67
123000284,102,124,-22
123000286,362,358,4
123000287,728,318,410
123000288,1718,982,736
123000289,781,1423,-642
123000291,412,1057,-645
123000294,331,307,24
123000295,1065,1040,25
123000296,757,479,278
123000297,893,1184,-291
123000298,789,707,82
123000299,81,352,-271
123000300,1129,1089,40
123000301,245,293,-48
123000302,80,228,-148
123000303,238,108,130
123000305,1353,1138,215
123000306,171,327,-156
123000309,61,98,-37
123000310,99,45,54
123000311,0,104,-104
123000312,1206,1138,68
123000313,515,600,-85
123000315,86,455,-369
123000316,2448,591,1857
123000317,288,90,198
123000318,68,309,-241
123000329,31,19,12
123000337,889,388,501
123000338,1655,86,1569
123000339,224,211,13
123000340,278,656,-378
123000342,27,214,-187
123000343,120,8,112
123000344,1545,591,954
123000345,448,810,-362
123000346,442,101,341
123000352,2059,938,1121
123000353,17,157,-140
123000354,659,8,651
123000355,0,687,-687
123000356,386,9,377
123000357,1,338,-337
123000359,10,234,-224
123000360,288,193,95
123000361,614,447,167
123000362,319,142,177
123000363,95,233,-138
123000364,592,639,-47
123000365,26,388,-362
123000366,501,2369,-1868
123000367,400,1511,-1111
123000370,52,330,-278
123000371,646,31,615
123000372,527,20,507
123000373,9,591,-582
123000374,25,332,-307
123000375,315,48,267
123000376,1181,800,381
123000377,426,39,387
123000378,7,381,-374
123000379,3,266,-263
123000380,77,415,-338
123000381,284,53,231
123000382,1397,184,1213
123000383,345,1510,-1165
123000384,648,114,534
123000385,562,943,-381
123000436,80,1278,-1198
123000507,245,530,-285
123000508,226,1005,-779
123000517,415,46,369
123000518,50,322,-272
123000519,187,102,85
123000520,46,296,-250
123000521,432,157,275
123000522,147,595,-448
123000541,6,5,1
123000542,1,42,-41
123000565,775,37,738
123000566,334,930,-596
123000567,103,274,-171
123000573,51,989,-938
123000574,733,127,606
123000575,1506,1546,-40
123000576,873,2102,-1229
123000577,104,940,-836
123000578,769,108,661
123000579,5157,5982,-825
123000580,122,37,85
123000582,491,34,457
123000583,18,433,-415
123000584,258,451,-193
123000585,0,165,-165
123000586,110,1,109
123000596,127,176,-49
123000597,79,220,-141
123000602,21,17,4
123000603,691,1109,-418
123000604,754,1178,-424
123000605,1428,14,1414
123000606,0,515,-515
123000609,25,455,-430
123000610,224,231,-7
123000613,67,310,-243
123000614,289,75,214
123000615,84,290,-206
123000616,639,91,548
123000617,170,503,-333
123000618,117,675,-558
123000619,901,85,816
123000620,29,537,-508
123000622,508,12,496
123000624,148,119,29
123000630,1112,588,524
123000631,294,2249,-1955
123000632,1412,1254,158
123000633,4,563,-559
123000634,130,191,-61
123000635,284,132,152
123000636,98,1139,-1041
123000637,317,44,273
123000638,972,109,863
123000639,1237,4872,-3635
123000640,17,1103,-1086
123000648,575,104,471
123000649,68,745,-677
123900001,1380,55,1325
123900002,47,2070,-2023
123900003,472,704,-232
123900005,326,160,166
123900006,472,67,405
124000001,2180,160,2020
124000002,153,2266,-2113
124000003,754,196,558
124000004,79,764,-685
124000005,1219,767,452
124000006,332,1635,-1303
124000007,634,142,492
124000008,43,1199,-1156
124000009,685,358,327
124000010,284,1038,-754
124000011,1583,348,1235
124000012,493,841,-348
124000017,240,165,75
124000018,152,137,15
124000019,161,207,-46
124000020,66,257,-191
124000021,198,84,114
124000022,167,302,-135
124000023,2098,1734,364
124000024,1281,715,566
124000025,1538,1919,-381
124000026,1408,1209,199
124000027,5218,5784,-566
124000028,2933,4781,-1848
124000030,3433,1648,1785
124000031,1796,3877,-2081
124000032,5569,1593,3976
124000033,1210,992,218
124000034,1797,1631,166
124000035,422,223,199
124000036,245,904,-659
124000037,537,1267,-730
124000038,49,159,-110
124000039,1336,591,745
124000040,705,1308,-603
124000041,410,104,306
124000042,124,551,-427
124000043,459,129,330
124000044,239,324,-85
124000045,967,697,270
124000046,431,1098,-667
124000047,1597,1181,416
124000048,1334,2122,-788
124000049,1797,937,860
124000050,1048,2533,-1485
124000051,996,675,321
124000052,777,1426,-649
124000053,642,1872,-1230
124000054,1185,798,387
124000055,1455,3174,-1719
124000056,3921,1959,1962
124000057,1078,668,410
124000058,609,1746,-1137
124000059,733,1218,-485
124000060,1489,1020,469
124000061,1667,5172,-3505
124000062,8875,2477,6398
124000063,2011,2314,-303
124000064,3174,1887,1287
124000065,226,671,-445
124000066,404,115,289
124000067,176,218,-42
124000068,74,178,-104
124000069,893,239,654
124000070,328,627,-299
124000071,565,131,434
124000072,299,593,-294
124000073,1002,153,849
124000074,357,906,-549
124000075,310,52,258
124000076,34,266,-232
124000077,2727,886,1841
124000078,4447,1933,2514
124000079,750,1398,-648
124000080,527,267,260
124000081,179,767,-588
124000082,85,200,-115
124000083,111,201,-90
124000084,135,606,-471
124000085,147,67,80
124000086,94,118,-24
124000087,343,93,250
124000088,317,517,-200
124000089,939,444,495
124000090,190,454,-264
124000091,493,208,285
124000092,192,850,-658
124000093,136,157,-21
124000094,135,625,-490
124000095,99,156,-57
124000096,145,391,-246
124000097,144,211,-67
124000098,77,183,-106
124000099,419,200,219
124000100,94,169,-75
124000101,75,158,-83
124000102,142,117,25
124000103,147,141,6
124000104,199,75,124
124000105,86,130,-44
124000106,198,135,63
124000107,27,181,-154
124000108,67,49,18
124000109,178,138,40
124000110,376,200,176
124000111,234,202,32
124000112,666,851,-185
124000113,102,159,-57
124000114,343,549,-206
124000115,611,802,-191
124000116,161,225,-64
124000117,105,99,6
124000118,53,128,-75
124000119,1689,737,952
124000120,1019,708,311
124000121,2813,1179,1634
124000122,804,1801,-997
124000123,1094,798,296
124000124,677,1368,-691
124000125,436,709,-273
124000126,413,796,-383
124000127,1029,609,420
124000128,737,1170,-433
124000129,2107,1653,454
124000130,981,839,142
124000131,1225,591,634
124000132,1371,1045,326
124000133,1046,1131,-85
124000134,1084,959,125
124000135,1873,2166,-293
124000136,1107,1437,-330
124000137,1633,887,746
124000138,1719,1537,182
124000139,1775,111,1664
124000140,92,809,-717
124000141,863,70,793
124000142,83,838,-755
124000143,148,15,133
124000144,9,270,-261
124000145,189,76,113
124000146,52,140,-88
124000148,43,166,-123
124000149,1415,639,776
124000150,404,797,-393
124000151,1044,490,554
124000152,1072,1721,-649
124000153,715,820,-105
124000154,391,1044,-653
124000155,1579,1251,328
124000156,2180,1353,827
124000169,284,723,-439
124000170,845,614,231
124000171,416,346,70
124000172,503,752,-249
124000173,703,326,377
124000174,688,873,-185
124000175,6,151,-145
124000176,92,8,84
124000177,11,63,-52
124000178,43,45,-2
124000185,86,8,78
124000186,8,79,-71
124000187,6,172,-166
124000188,78,12,66
124000190,152,53,99
124000191,707,159,548
124000192,4247,515,3732
124000193,1316,1192,124
124000194,512,627,-115
124000195,302,754,-452
124000196,1539,1449,90
124000197,68,54,14
124000198,37,67,-30
124000201,392,1270,-878
124000202,616,371,245
124000203,276,965,-689
124000204,869,629,240
124000205,70,573,-503
124000206,562,509,53
124000207,0,65,-65
124000209,344,758,-414
124000210,430,227,203
124000211,575,4,571
124000212,5,562,-557
124000213,392,425,-33
124000214,380,793,-413
124000215,582,29,553
124000216,3,518,-515
124000329,203,2457,-2254
124000338,107,1210,-1103
124000339,878,150,728
124000341,1610,140,1470
124000344,111,38,73
124000357,1094,3649,-2555
124000358,822,2210,-1388
124000359,1009,902,107
124000360,850,848,2
124000361,2389,940,1449
124000362,2085,2136,-51
124000363,358,454,-96
124000364,860,980,-120
124000365,931,1258,-327
124000366,2576,927,1649
124000367,214,758,-544
124000368,694,639,55
124000369,179,229,-50
124000370,102,655,-553
124000402,68,15,53
124000403,144,15,129
124000404,27,137,-110
124000405,1100,1046,54
124000406,1145,1011,134
124000407,11,60,-49
124000411,13,494,-481
124000412,549,13,536
124000413,1318,53,1265
124000414,85,192,-107
124000415,59,196,-137
124000416,201,356,-155
124000417,174,152,22
124000418,170,171,-1
124000419,108,209,-101
124000420,71,104,-33
124000421,67,316,-249
124000422,38,22,16
124000423,166,40,126
124000424,12,202,-190
124000425,151,28,123
124000426,10,269,-259
124000427,152,18,134
124000428,120,67,53
124000429,61,88,-27
124000430,936,636,300
124000431,680,712,-32
124000432,275,1279,-1004
124000439,3,8,-5
124000443,0,8,-8
124000445,1334,1540,-206
124000446,2988,134,2854
124000447,41,235,-194
124000448,64,17,47
124000449,105,10,95
124000450,9,359,-350
124000451,5,187,-182
124900001,511,412,99
124900002,156,478,-322
124900003,1042,819,223
124900004,599,414,185
124900005,313,250,63
124900006,633,462,171
124900008,1399,622,777
124900009,199,363,-164
124900010,229,132,97
124900011,568,380,188
124900012,481,141,340
124900013,716,170,546
124900014,285,96,189
124900015,190,403,-213
124900016,66,132,-66
124900017,717,1672,-955
124900018,44,17,27
124900020,74,65,9
124900021,241,77,164
124900022,184,25,159
124900024,259,84,175
124900026,386,14,372
124900027,142,389,-247
124900028,686,159,527
124900029,17,528,-511
124900030,14,148,-134
124900031,21,410,-389
124900032,193,262,-69
124900033,104,354,-250
124900034,4,105,-101
124900035,297,466,-169
124900036,1,41,-40
124900037,182,328,-146
124900038,305,492,-187
124900039,1,36,-35
124900040,177,93,84
124900041,395,1369,-974
124900042,181,2,179
124900043,675,1454,-779
124900044,69,7,62
124900045,762,1207,-445
124900047,166,242,-76
124900048,229,212,17
124900050,255,331,-76
124900052,115,390,-275
124900053,144,418,-274
124900054,2799,573,2226
124900055,1,165,-164
124900057,14,78,-64
124900060,85,266,-181
124900061,82,15,67
124900062,118,29,89
124900066,0,22,-22
124900067,10,222,-212
124900068,268,610,-342
124900070,59,34,25
124900072,117,47,70
124900075,245,325,-80
124900076,24,1193,-1169
124900077,27,154,-127
124900078,133,21,112
124900079,800,209,591
124900080,362,937,-575
124900081,1031,392,639
124900082,468,1272,-804
124900083,360,653,-293
124900085,1357,400,957
124900086,58,1147,-1089
124900087,731,121,610
124900088,591,148,443
124900089,1711,44,1667
124900090,283,273,10
124900091,351,514,-163
124900092,268,399,-131
124900093,289,255,34
124900094,350,363,-13
124900095,109,517,-408
124900096,644,250,394
124900097,320,135,185
124900098,130,434,-304
124900099,700,649,51
124900100,307,175,132
124900101,131,378,-247
124900102,194,99,95
124900103,241,297,-56
124900104,108,283,-175
124900105,136,187,-51
124900106,371,109,262
124900107,92,14,78
124900108,223,109,114
124900111,0,122,-122
124900112,95,617,-522
124900113,158,388,-230
124900114,376,199,177
124900115,141,35,106
124900116,266,195,71
124900117,752,140,612
124900118,379,347,32
124900119,385,262,123
124900120,62,455,-393
124900121,172,499,-327
124900122,522,263,259
124900123,507,146,361
124900124,162,403,-241
204000001,177,18,159
204000002,50,19,31
204000003,52,2,50
204000004,24,0,24
204000005,942,808,134
204000006,1501,2588,-1087
204000011,11,82,-71
204000012,118,201,-83
204000019,736,793,-57
204000020,861,783,78
204000021,2145,1022,1123
204000022,599,695,-96
204000023,693,1266,-573
204000031,191,46,145
204000032,758,75,683
204000034,53,279,-226
204000035,0,5,-5
204000036,10,17,-7
204000037,8,20,-12
204000038,0,19,-19
204000039,9,48,-39
204000040,11,38,-27
204000041,38,24,14
204000042,78,11,67
204000043,45,1,44
204000044,56,8,48
204000045,87,2,85
204000046,19,2,17
204000057,8,15,-7
204000062,33,107,-74
204000068,78,385,-307
204000069,59,420,-361
204000070,80,254,-174
204000080,102,101,1
204000085,2295,2164,131
204000086,3589,2917,672
204000087,58,22,36
204000088,20,150,-130
204000090,140,473,-333
204000093,338,161,177
204000096,1386,1428,-42
204000097,420,108,312
204000099,1310,2444,-1134
204000100,1349,2356,-1007
204000105,2705,2039,666
204000110,1158,1460,-302
204000111,627,1043,-416
204000112,1048,830,218
204000113,738,909,-171
204000114,818,777,41
204000115,690,453,237
204000116,1121,502,619
204000119,2824,3405,-581
204000132,900,642,258
204000133,843,681,162
204000134,247,226,21
204000135,935,232,703
204000136,714,418,296
204000138,492,660,-168
204000140,316,234,82
204000141,183,158,25
204000144,9,24,-15
204000145,624,68,556
204000146,28,443,-415
204000147,78,217,-139
204000148,1623,58,1565
204000154,15,1,14
204000155,1,9,-8
204000177,69,125,-56
204000179,32,11,21
204000180,2,70,-68
204000222,6,8,-2
204000235,8,21,-13
204000236,97,357,-260
204000238,13,41,-28
204000240,445,121,324
204000263,880,1533,-653
204000268,1465,1101,364
204000308,284,55,229
204000317,24,116,-92
204000322,10,57,-47
204000323,36,14,22
204000328,308,161,147
204000329,134,290,-156
204000330,314,145,169
204000331,202,161,41
205000001,1454,2237,-783
205000013,12,76,-64
205000014,27,117,-90
205000015,43,252,-209
205000016,17,232,-215
205000017,25,108,-83
205000022,537,1061,-524
205000025,1793,1369,424
205000029,260,7,253
205000045,269,343,-74
205000046,130,685,-555
205000047,44,618,-574
205000048,414,1667,-1253
205000049,196,1223,-1027
205000050,1421,438,983
205000059,0,292,-292
205000060,2,118,-116
205000061,2,69,-67
205000062,11,62,-51
205000063,24,189,-165
205000064,21,178,-157
205000065,62,694,-632
205000066,140,997,-857
205000067,45,1226,-1181
205000069,255,25,230
205000082,171,444,-273
205000110,110,362,-252
205000111,260,377,-117
205000112,262,226,36
205000113,281,402,-121
205000121,227,190,37
205000123,64,268,-204
205000126,573,295,278
205000127,807,421,386
205000128,989,304,685
205000129,922,328,594
205000130,1396,111,1285
205000131,1223,54,1169
205000132,1159,5,1154
205000133,1443,4,1439
205000134,639,0,639
205000137,98,190,-92
205000138,294,383,-89
205000139,75,165,-90
205000144,323,99,224
205000145,682,313,369
205000151,205,110,95
205000152,305,65,240
205000153,287,108,179
205000154,89,172,-83
205000155,223,31,192
205000207,5,205,-200
205000233,75,0,75
205000234,0,1,-1
205000243,2,0,2
205000244,0,6,-6
205000245,12,274,-262
205000249,0,31,-31
205000250,6,0,6
205000264,5,130,-125
206000027,9,22,-13
206000028,5,2,3
206000043,46,133,-87
206000053,5,8,-3
206000054,7,26,-19
206000055,0,27,-27
206000075,4,8,-4
206000076,39,20,19
206000077,10,17,-7
206000078,26,7,19
206000079,16,9,7
206000082,736,54,682
206000100,54,823,-769
206000103,28,21,7
206000104,28,28,0
206000105,10,18,-8
206000106,26,21,5
206000125,67,0,67
206000157,61,752,-691
206000170,0,172,-172
206000171,2,246,-244
206000172,11,933,-922
206000173,3,356,-353
206000174,19,108,-89
206000175,8,187,-179
206000176,31,361,-330
206000177,1,220,-219
206000178,7,185,-178
206000179,9,92,-83
206000180,30,215,-185
206000181,75,345,-270
206000182,28,250,-222
206000183,43,902,-859
206000184,7,454,-447
206000185,21,270,-249
206000186,200,1448,-1248
206000223,10,232,-222
206000226,14,2,12
206000227,19,15,4
206000237,32,486,-454
206000238,35,743,-708
206000239,462,2355,-1893
206000240,1,70,-69
206000241,0,165,-165
206000242,16,335,-319
206000243,10,274,-264
206000244,103,797,-694
206000245,801,73,728
206000246,165,12,153
206000247,206,14,192
206000248,468,43,425
206000252,89,46,43
206000258,33,52,-19
206000315,46,8,38
206000317,721,126,595
206000318,421,122,299
206000319,1280,173,1107
206000320,160,85,75
206000321,182,24,158
206000322,615,23,592
206000323,176,12,164
206000324,184,11,173
206000325,245,14,231
206000326,217,5,212
206000327,872,13,859
206000328,176,7,169
206000329,269,10,259
206000330,37,9,28
206000331,149,2,147
206000332,39,1,38
206000333,564,0,564
206000334,293,0,293
206000335,0,19,-19
206000361,6,218,-212
206000392,1,29,-28
206000405,227,1,226
206000441,39,14,25
206000498,53,20,33
206000515,129,51,78
206000530,248,76,172
206000531,284,234,50
206000532,3401,333,3068
206000535,357,2643,-2286
206000536,43,265,-222
206000537,30,180,-150
206000613,1829,262,1567
206000784,656,34,622
207000001,262,571,-309
207000002,152,350,-198
207000003,162,226,-64
207000007,855,343,512
207000008,88,34,54
207000009,58,57,1
207000010,576,495,81
207000012,336,372,-36
207000015,360,1554,-1194
207000019,436,118,318
207000021,728,211,517
207000022,189,157,32
207000023,258,62,196
207000024,12,13,-1
207000025,15,84,-69
207000026,170,63,107
207000027,84,117,-33
207000028,91,232,-141
207000029,342,494,-152
207000033,376,432,-56
207000034,339,92,247
207000039,370,222,148
207000040,292,209,83
207000041,102,47,55
207000042,308,124,184
207000043,241,256,-15
207000051,234,387,-153
207000052,96,274,-178
207000053,484,754,-270
207000054,52,184,-132
207000055,261,236,25
207000056,433,493,-60
207000057,159,345,-186
207000058,359,428,-69
207000059,97,802,-705
207000060,109,329,-220
207000061,349,427,-78
207000062,298,51,247
207000063,331,145,186
207000064,447,178,269
207000065,349,234,115
207000066,269,206,63
207000067,63,126,-63
207000068,115,107,8
207000069,773,498,275
207000082,23,334,-311
207000083,132,360,-228
207000084,246,343,-97
207000085,160,30,130
207000086,201,3,198
207000106,73,73,0
207000107,125,34,91
207000108,78,25,53
207000109,58,21,37
207000110,93,130,-37
207000111,126,82,44
207000112,425,815,-390
207000114,23,57,-34
207000115,30,122,-92
207000116,42,500,-458
207000117,6,138,-132
207000118,6,111,-105
207000119,53,98,-45
207000123,236,73,163
207000124,73,55,18
207000125,73,122,-49
207000126,106,108,-2
207000134,62,199,-137
207000135,36,329,-293
207000148,102,414,-312
207000149,109,92,17
207000152,183,513,-330
207000153,1014,1290,-276
207000154,533,207,326
207000159,145,273,-128
207000160,237,627,-390
207000238,0,207,-207
207000242,13,274,-261
207000248,64,48,16
207000249,266,84,182
207000250,1182,124,1058
207000251,146,98,48
207000252,70,83,-13
207000278,99,151,-52
207000279,31,207,-176
207000280,607,81,526
207000281,138,1159,-1021
207000282,378,109,269
207000283,111,301,-190
207000284,142,240,-98
207000285,194,71,123
207000291,27,156,-129
207000304,174,76,98
207000306,80,505,-425
207000310,58,153,-95
207000353,277,7,270
207000356,23,36,-13
207000357,25,23,2
207000358,18,49,-31
207000415,9,254,-245
207000417,55,6,49
207000418,134,211,-77
207000438,0,2,-2
207000439,1047,698,349
207000446,170,6,164
207000460,24,18,6
207000466,319,189,130
207000467,241,174,67
207000468,77,533,-456
207000476,5,129,-124
207000477,799,149,650
207000478,1,45,-44
207000523,0,35,-35
207000524,124,0,124
207000527,134,254,-120
207000530,424,10,414
207000531,392,11,381
207000532,126,23,103
207000534,763,90,673
207000535,59,500,-441
207000537,29,162,-133
207000540,11,327,-316
207000541,7,470,-463
207000548,16,405,-389
207000549,569,16,553
207000561,134,190,-56
207000562,83,292,-209
207000567,289,290,-1
207000568,158,144,14
207000569,433,865,-432
207000584,459,356,103
207000585,149,422,-273
207000587,127,36,91
207000616,0,175,-175
207000617,167,1,166
207000624,116,38,78
207000631,13,112,-99
207900008,364,183,181
208000001,842,1074,-232
208000002,1070,641,429
208000003,1469,672,797
208000004,1861,1096,765
208000005,56,34,22
208000019,835,1461,-626
208000020,253,674,-421
208000021,260,659,-399
208000022,1302,767,535
208000028,1770,1350,420
208000033,570,808,-238
208000034,1440,2031,-591
208000037,565,27,538
208000040,252,233,19
208000041,1017,781,236
208000042,1885,970,915
208000047,200,381,-181
208000064,3507,2083,1424
208000066,2012,2202,-190
208000070,413,538,-125
208000071,377,1028,-651
208000072,434,1479,-1045
208000080,354,591,-237
208000081,502,258,244
208000082,489,433,56
208000083,240,576,-336
208000084,82,17,65
208000085,1724,879,845
208000086,830,1316,-486
208000087,643,956,-313
208000089,1010,814,196
208000090,1051,1094,-43
208000093,220,216,4
208000094,619,631,-12
208000095,906,546,360
208000104,1032,1299,-267
208000105,1262,1544,-282
208000114,136,341,-205
208000115,607,517,90
208000116,887,1533,-646
208000117,238,226,12
208000118,95,196,-101
208000155,1312,1156,156
208000158,2369,3826,-1457
208000186,4066,4443,-377
208000204,1028,1270,-242
208000205,1430,1570,-140
208000282,6193,2793,3400
209000004,419,252,167
209000005,73,45,28
209000006,547,245,302
209000007,604,364,240
209000010,660,201,459
209000011,292,351,-59
209000012,344,281,63
209000013,360,572,-212
209000014,706,1501,-795
209000025,439,56,383
209000026,866,222,644
209000027,509,1115,-606
209000028,517,1120,-603
209000029,1262,973,289
209000030,874,1971,-1097
209000031,4217,3463,754
209000034,248,392,-144
209000035,146,252,-106
209000036,281,213,68
209000037,280,318,-38
209000038,124,236,-112
209000039,87,220,-133
209000040,308,694,-386
209000041,218,603,-385
209000042,339,684,-345
209000043,864,1168,-304
209000044,250,982,-732
209000045,1745,576,1169
209000046,602,625,-23
209000047,547,245,302
209000048,709,350,359
209000049,87,148,-61
209000050,346,297,49
209000051,347,487,-140
209000052,222,546,-324
209000062,58,175,-117
209000063,61,147,-86
209000064,76,216,-140
209000065,80,57,23
209000066,93,61,32
209000067,101,67,34
209000080,33,305,-272
209000082,71,51,20
209000091,90,162,-72
209000093,76,51,25
209000094,308,247,61
209000110,63,123,-60
209000111,603,2101,-1498
209000112,1224,780,444
209000113,2802,711,2091
209000114,706,465,241
209000115,103,235,-132
209000116,1100,768,332
209000118,100,50,50
209000119,152,27,125
209000121,241,852,-611
209000135,87,208,-121
209000142,735,2160,-1425
209000143,222,173,49
209000144,226,117,109
209000229,366,237,129
209000240,45,517,-472
209000259,192,223,-31
209000260,59,1204,-1145
209000261,6,612,-606
209000262,2,525,-523
209000263,1,195,-194
209000264,0,140,-140
209000265,506,41,465
209000266,86,4,82
209000267,827,12,815
209000268,885,51,834
210000037,58,25,33
210000047,114,33,81
210000048,120,43,77
210000049,56,18,38
210000052,77,128,-51
210000053,47,109,-62
210000054,105,122,-17
210000070,123,4,119
210000071,166,1,165
210000072,94,0,94
210000073,1,33,-32
210000074,2,182,-180
210000075,4,122,-118
210000076,8,205,-197
210000077,148,50,98
210000078,70,43,27
210000079,138,23,115
210000080,290,75,215
210000081,227,35,192
210000082,270,5,265
210000083,187,3,184
210000084,53,0,53
210000085,1,150,-149
210000086,3,182,-179
210000099,57,345,-288
210000100,51,287,-236
210000101,111,330,-219
210000105,49,365,-316
210000159,2,217,-215
210000163,187,298,-111
210000164,462,238,224
210000168,206,31,175
210000187,0,10,-10
210000188,0,25,-25
210000214,28,0,28
210000219,44,91,-47
210000220,79,112,-33
210000232,2,19,-17
210000233,36,76,-40
210000234,38,156,-118
210000235,79,123,-44
210000245,3,41,-38
210000246,69,2,67
210000258,22,127,-105
210000259,442,70,372
210000282,126,306,-180
210000285,0,197,-197
210000286,20,260,-240
210000290,9,10,-1
210000295,74,296,-222
210000296,65,87,-22
210000320,171,110,61
210000321,143,77,66
210000338,198,103,95
210000339,472,1593,-1121
210000340,187,541,-354
210000341,340,426,-86
210000342,338,254,84
210000343,362,266,96
210000344,656,166,490
210000345,360,483,-123
210000346,218,236,-18
210000347,514,64,450
210000348,366,24,342
210000349,326,22,304
210000350,139,106,33
210000351,135,154,-19
210000352,73,126,-53
210000353,72,162,-90
210000354,119,150,-31
210000355,200,136,64
210000356,259,75,184
210000357,211,55,156
210000358,421,166,255
210000359,319,118,201
210000360,302,147,155
210000361,253,195,58
210000362,375,307,68
210000363,940,249,691
210000364,164,161,3
210000365,123,127,-4
210000366,169,110,59
210000367,122,55,67
210000368,260,46,214
210000369,56,19,37
210000370,113,63,50
210000372,138,53,85
210000373,137,31,106
210000374,118,13,105
210000375,53,124,-71
210000376,154,201,-47
210000404,107,231,-124
210000439,32,54,-22
210000472,137,20,117
210000482,115,119,-4
210000564,581,351,230
210000567,2,32,-30
210000568,667,3,664
211000092,34,71,-37
211000094,48,14,34
211000169,280,12,268
211000172,21,358,-337
211000209,1,30,-29
211000226,12,56,-44
211000270,42,13,29
211000275,38,33,5
211000276,87,32,55
211000279,65,49,16
211000281,40,44,-4
211000302,57,129,-72
211507980,5,50,-45
211977296,52,5,47
212000003,282,69,213
212000004,228,25,203
212000005,87,37,50
212000006,90,96,-6
212000008,279,245,34
212000009,35,186,-151
212000012,105,105,0
212000013,39,56,-17
212000014,307,181,126
212000015,457,347,110
212000016,547,751,-204
212000027,459,637,-178
212000028,306,636,-330
212000029,229,443,-214
212000030,41,60,-19
212000031,116,95,21
212000048,69,229,-160
212000049,25,168,-143
212000050,32,7,25
212000051,197,270,-73
212000052,214,417,-203
212000053,415,834,-419
212000054,225,160,65
212000055,222,339,-117
212000056,17,58,-41
212000057,13,61,-48
212000058,339,38,301
212000070,124,330,-206
212000077,269,888,-619
212000099,208,381,-173
212000108,420,279,141
212000111,295,178,117
212000120,326,125,201
212000138,234,46,188
212000156,10,154,-144
212000158,15,21,-6
212000159,389,63,326
212000160,439,379,60
212000161,116,14,102
212000310,45,25,20
212000311,16,86,-70
212000374,34,16,18
213000001,58,471,-413
213000005,500,209,291
213000006,1362,420,942
213000007,313,17,296
213000009,803,556,247
213000010,276,324,-48
213000011,362,151,211
213000012,118,298,-180
213000014,113,16,97
213000015,295,4,291
213000016,613,1,612
213000017,119,1,118
213000018,11,240,-229
213000019,3,198,-195
213000020,94,417,-323
213000021,5,160,-155
213000023,302,256,46
213000033,333,1647,-1314
213000034,769,457,312
213000035,146,500,-354
213000045,203,324,-121
213000046,268,291,-23
213000047,979,1404,-425
213000056,106,88,18
213000069,229,15,214
213000073,2,48,-46
213000074,116,511,-395
213000075,744,16,728
213000076,96,2,94
213000085,5,41,-36
213000086,36,213,-177
213000091,133,13,120
213000092,76,20,56
213000099,255,1452,-1197
213000100,1543,358,1185
213000101,340,127,213
213000102,410,360,50
213000103,940,1037,-97
213000104,69,441,-372
213000105,20,196,-176
213000106,53,186,-133
213000107,225,800,-575
213000108,38,643,-605
213000109,6,343,-337
213000110,15,88,-73
213000111,13,71,-58
213000112,248,121,127
213000115,58,30,28
213000116,83,848,-765
213000117,18,1134,-1116
213000118,442,508,-66
213000119,63,792,-729
213000120,139,787,-648
213000122,270,730,-460
213000123,619,1707,-1088
213000124,167,1415,-1248
213000125,98,27,71
213000126,109,130,-21
213000127,193,240,-47
213000128,783,1404,-621
213000129,486,837,-351
213000130,446,410,36
213000132,304,147,157
213000133,514,134,380
213000134,1037,35,1002
213000136,626,32,594
213000137,692,161,531
213000139,1176,34,1142
213000147,277,29,248
213000148,128,38,90
213000149,94,20,74
213000150,2,131,-129
213000151,1,123,-122
213000152,0,102,-102
213000153,3,104,-101
213000154,33,325,-292
213000155,33,286,-253
213000156,136,946,-810
213000157,967,606,361
213000158,454,977,-523
213000159,503,854,-351
213000163,634,135,499
213000165,665,266,399
213000171,0,115,-115
213000172,5,384,-379
213000173,3,298,-295
213000174,0,190,-190
213000175,16,103,-87
213000176,21,35,-14
213000177,53,5,48
213000178,112,7,105
213000179,173,4,169
213000180,174,2,172
213000184,187,535,-348
213000188,393,117,276
213000189,299,52,247
213000190,862,947,-85
213000191,398,562,-164
213000192,328,524,-196
213000193,1349,246,1103
213000194,5,79,-74
213000195,24,624,-600
213000196,386,1293,-907
213000197,385,1264,-879
213000198,138,1,137
213000200,180,1270,-1090
213000201,78,45,33
213000202,11,749,-738
213000203,3944,1011,2933
213000204,985,95,890
213000205,247,179,68
213000206,432,169,263
213000207,306,25,281
213000208,372,3,369
213000209,294,3,291
213000210,1197,7,1190
213000211,43,19,24
213000212,120,22,98
213000213,73,42,31
213000218,309,1030,-721
213000219,561,20,541
213000220,522,11,511
213000223,386,440,-54
213000224,95,88,7
213000225,195,15,180
213000226,107,11,96
213000227,1085,395,690
213000228,436,191,245
213000229,909,92,817
213000230,1054,68,986
213000232,124,831,-707
213000233,8,56,-48
213000234,4,35,-31
213000293,52,99,-47
213000294,416,18,398
213000295,35,74,-39
213000296,79,35,44
213000297,13,116,-103
213000298,47,148,-101
213000299,115,58,57
213000300,26,21,5
213000303,7,35,-28
213000304,4,8,-4
213000305,8,17,-9
213000306,146,33,113
213000307,730,157,573
213000308,146,240,-94
213000309,251,90,161
213000310,383,149,234
213000311,413,864,-451
213000315,148,122,26
213000316,202,107,95
213000322,84,160,-76
213000323,79,93,-14
213000324,33,17,16
213000325,13,78,-65
213000326,1,17,-16
213000327,5,22,-17
213000328,13,155,-142
213000329,60,31,29
213000340,177,835,-658
213000341,538,161,377
213000346,250,283,-33
213000347,1013,602,411
213000348,18,155,-137
213000349,35,15,20
213000350,334,1626,-1292
213000366,70,485,-415
213000367,226,51,175
213000379,200,153,47
213000386,22,290,-268
213000406,105,479,-374
213000417,1415,658,757
213000425,133,42,91
213000426,103,69,34
213000427,56,403,-347
213000428,28,185,-157
213000429,27,6,21
213000430,149,765,-616
213000431,152,6,146
213000432,1,56,-55
213000433,40,197,-157
213000434,70,201,-131
213000435,80,117,-37
213000436,57,73,-16
213000437,2,6,-4
213000438,105,52,53
213000439,104,16,88
213000440,13,344,-331
213000441,2,1,1
213000442,1,37,-36
213000443,729,539,190
213000444,52,50,2
213000445,0,105,-105
213000446,3,46,-43
213000447,6,67,-61
213000448,12,130,-118
213000449,308,1,307
213000450,25,45,-20
213000451,263,106,157
213000452,18,33,-15
213000453,83,352,-269
213000455,608,14,594
213000456,0,386,-386
213000481,230,8,222
213000482,53,10,43
213000489,621,125,496
213000491,0,269,-269
213000492,1194,4,1190
213000493,2,178,-176
213000494,381,215,166
213000495,0,180,-180
213000496,377,243,134
213000497,53,239,-186
213000498,107,178,-71
213000499,148,669,-521
213000500,431,116,315
213000501,99,25,74
213000502,348,116,232
213000503,3,46,-43
213000504,6,112,-106
213000505,10,17,-7
213000506,0,16,-16
213000507,2,67,-65
213900244,48,1,47
213900245,0,48,-48
218000003,53,35,18
218000004,91,25,66
218000005,121,49,72
218000006,110,50,60
218000007,13,16,-3
218000012,344,311,33
218000013,126,256,-130
218000014,537,612,-75
218000019,881,885,-4
218000020,393,757,-364
218000021,19,40,-21
218000022,3,13,-10
218000023,3,14,-11
218000024,2,4,-2
218000025,4,6,-2
218000026,7,15,-8
218000027,0,3,-3
218000028,2,3,-1
218000029,3,0,3
218000030,1,12,-11
218000031,1,7,-6
218000032,0,6,-6
218000040,16,6,10
218000046,61,193,-132
218000047,24,199,-175
218000048,96,194,-98
218000049,103,171,-68
218000050,337,325,12
218000051,154,361,-207
218000052,0,129,-129
218000053,7,13,-6
218000054,16,35,-19
218000055,8,13,-5
218000056,16,25,-9
218000057,2,43,-41
218000064,5,21,-16
218000065,119,99,20
218000066,19,93,-74
218000067,53,95,-42
218000068,76,85,-9
218000069,315,201,114
218000070,324,338,-14
218000071,204,249,-45
218000072,399,309,90
218000078,964,1303,-339
218000079,95,82,13
218000080,94,90,4
218000081,292,263,29
218000082,56,142,-86
218000083,54,99,-45
218000084,129,186,-57
218000085,189,438,-249
218000086,58,191,-133
218000087,164,266,-102
218000090,16,417,-401
218000091,1042,732,310
218000092,69,209,-140
218000093,139,79,60
218000094,709,899,-190
218000099,331,930,-599
218000100,298,379,-81
218000101,751,216,535
218000102,430,425,5
218000103,104,194,-90
218000104,89,61,28
218000105,31,14,17
218000106,10,13,-3
218000107,67,119,-52
218000108,16,68,-52
218000112,96,28,68
218000117,80,90,-10
218000134,582,1001,-419
218000135,151,161,-10
218000136,245,112,133
218000137,233,129,104
218000138,53,107,-54
218000139,165,331,-166
218000140,366,325,41
218000141,136,76,60
218000142,202,284,-82
218000143,123,360,-237
218000144,149,114,35
218000145,366,427,-61
218000146,65,199,-134
218000151,12,44,-32
218000152,198,131,67
218000153,4,0,4
218000154,2,0,2
218000155,7,0,7
218000156,16,0,16
218000157,8,3,5
218000158,5,2,3
218000159,0,0,0
218000160,1,0,1
218000161,1,0,1
218000162,0,0,0
218000163,0,0,0
218000164,0,0,0
218000165,0,0,0
218000170,3,62,-59
218000171,95,14,81
218000172,45,13,32
218000173,85,12,73
218000174,54,12,42
218000176,367,57,310
218000177,294,297,-3
218000178,123,285,-162
218000179,116,126,-10
218000180,87,64,23
218000181,231,95,136
218000187,9,10,-1
218000188,32,101,-69
218000189,24,102,-78
218000190,23,25,-2
218000191,167,78,89
218000192,246,305,-59
218000193,475,447,28
218000194,116,434,-318
218000195,128,80,48
218000196,276,385,-109
218000197,258,391,-133
218000198,44,160,-116
218000199,52,62,-10
218000200,95,44,51
218000201,27,11,16
218000202,131,418,-287
218000207,22,120,-98
218000208,72,69,3
218000211,97,32,65
218000212,1,4,-3
218000213,131,88,43
218000214,6,22,-16
218000215,83,113,-30
218000217,8,180,-172
218000218,213,113,100
218000219,121,45,76
218000220,280,306,-26
218000221,1827,233,1594
218000222,138,33,105
218000223,82,483,-401
218000224,17,193,-176
218000225,265,69,196
218000226,159,131,28
218000230,0,0,0
218000232,77,173,-96
218000239,362,17,345
218000240,27,5,22
218000241,101,2,99
218000242,203,3,200
218000243,315,2,313
218000244,133,5,128
218000245,39,3,36
218000246,1,1,0
218000247,0,5,-5
218000248,0,13,-13
218000249,1,5,-4
218000250,17,5,12
218000251,12,39,-27
218000252,8,35,-27
218000253,5,35,-30
218000254,2,30,-28
218000255,2,21,-19
218000256,17,90,-73
218000267,932,1576,-644
218000268,25,83,-58
218000269,9,15,-6
218000270,102,65,37
218000271,42,74,-32
218000273,22,13,9
218000274,22,9,13
218000275,24,82,-58
218000276,14,63,-49
218000278,28,36,-8
218000279,93,71,22
218000280,45,65,-20
218000281,21,12,9
218000282,752,648,104
218000284,139,24,115
218000301,63,135,-72
218000302,128,56,72
218000303,72,129,-57
218000316,885,1741,-856
218000317,1128,1855,-727
218000318,628,1149,-521
218000319,1435,1806,-371
218000320,1202,1260,-58
218000338,117,37,80
218000345,180,93,87
218000346,94,240,-146
218000459,53,343,-290
218000490,62,35,27
218000501,128,69,59
218000502,53,184,-131
218000503,153,52,101
218000504,225,34,191
218000505,57,279,-222
218000506,24,324,-300
218000508,29,12,17
218000510,312,12,300
218000520,125,122,3
218000521,15,55,-40
218000522,1,141,-140
218000523,249,12,237
218000524,53,394,-341
218000525,339,35,304
218000526,24,153,-129
218000529,32,211,-179
218000530,0,0,0
218000531,20,51,-31
218000532,37,27,10
218000534,197,28,169
218000537,57,101,-44
218000538,223,259,-36
218000540,375,88,287
218000543,134,71,63
218000544,61,116,-55
218000545,71,78,-7
218000546,57,94,-37
218000547,175,170,5
218000548,274,144,130
218000549,546,384,162
218000550,359,370,-11
218000551,247,738,-491
218000552,608,67,541
218000553,81,137,-56
218000554,63,55,8
218000555,36,51,-15
218000556,253,432,-179
218000557,329,211,118
218000558,149,2,147
218000559,1,24,-23
218000560,0,35,-35
218000561,29,0,29
218000562,35,213,-178
218000563,310,28,282
218000564,7,116,-109
218000565,200,34,166
218000566,351,40,311
218000567,4,126,-122
218000568,37,1,36
218000569,23,168,-145
218000570,175,12,163
218000571,0,175,-175
218000572,207,4,203
218000573,18,192,-174
218000574,149,57,92
218000575,151,3,148
218000576,0,84,-84
218000577,184,3,181
218000578,1,107,-106
218000579,69,18,51
218000581,13,39,-26
218000582,51,1,50
218000583,41,1,40
218000584,2,25,-23
218000585,28,3,25
218000586,4,38,-34
218000587,4,1,3
218000588,1,10,-9
218000589,0,2,-2
218000590,7,0,7
218000591,2,6,-4
218000592,34,1,33
218000593,96,5,91
218000594,28,0,28
218000596,0,0,0
218000597,11,0,11
218000598,2,0,2
218000599,11,0,11
218000600,54,2,52
218000601,0,0,0
218000602,0,24,-24
218000603,1,2,-1
218000604,26,0,26
218000605,1,188,-187
218000606,490,1,489
218000607,16,63,-47
218000608,144,12,132
218000609,6,102,-96
218000610,70,1,69
218000611,36,2,34
218000612,1,26,-25
218000613,34,13,21
218000614,0,41,-41
218000615,296,0,296
218000616,5,147,-142
218000617,53,1,52
218000618,3,33,-30
218000619,168,43,125
218000620,2,13,-11
218000621,0,2,-2
218000622,0,28,-28
218000623,239,2,237
218000624,16,28,-12
218000625,18,0,18
218000626,0,25,-25
218000628,216,67,149
218000631,69,30,39
218000632,0,153,-153
218000633,106,2,104
218000634,28,66,-38
218000635,19,9,10
218000636,1541,1834,-293
218000637,1227,853,374
218000638,181,72,109
218000639,18,220,-202
218000640,323,30,293
218000641,416,369,47
218000652,101,125,-24
218000653,237,157,80
218000663,20,184,-164
218000675,65,55,10
218000676,0,8,-8
218000677,0,0,0
218000680,223,492,-269
218000681,561,180,381
218000691,152,325,-173
218000693,214,208,6
218000703,0,14,-14
218000718,872,942,-70
218000719,1379,463,916
218000720,11,186,-175
218000721,151,26,125
218000725,6,7,-1
218001147,3,313,-310
218001214,25,47,-22
218001258,244,10,234
218001329,211,165,46
218001330,163,159,4
218001351,66,17,49
218001352,7,32,-25
218001353,22,13,9
218001354,13,28,-15
218001355,19,331,-312
218001356,322,26,296
218001357,45,360,-315
218001358,304,31,273
218001361,238,20,218
218001362,0,223,-223
219000001,60,75,-15
219000002,71,91,-20
219000003,73,71,2
219000004,82,110,-28
219000017,333,26,307
219000020,120,51,69
219000022,165,13,152
219000023,166,0,166
219000029,2,123,-121
219000034,127,46,81
219000039,212,93,119
219000040,52,30,22
219000041,111,44,67
219000051,0,20,-20
219000052,0,23,-23
219000053,0,164,-164
219000054,35,101,-66
219000055,135,5,130
219000056,66,0,66
219000057,114,13,101
219000062,22,67,-45
219000063,66,7,59
219000064,4,302,-298
219000110,786,70,716
219000111,164,75,89
219000112,247,84,163
219000113,178,83,95
219000114,273,156,117
219000116,115,67,48
219000117,173,128,45
219000118,341,88,253
219000123,447,136,311
219000124,144,86,58
219000125,15,24,-9
219000126,136,145,-9
219000127,1,4,-3
219000128,8,100,-92
219000129,37,158,-121
219000130,804,688,116
219000131,911,1213,-302
219000133,103,50,53
219000134,17,32,-15
219000135,39,93,-54
219000136,224,306,-82
219000138,86,42,44
219000139,29,80,-51
219000140,61,11,50
219000141,19,122,-103
219000142,15,149,-134
219000143,14,150,-136
219000145,33,96,-63
219000146,3,42,-39
219000147,2,64,-62
219000148,0,36,-36
219000149,11,118,-107
219000150,2,71,-69
219000151,2,52,-50
219000157,270,215,55
219000158,214,357,-143
219000161,179,19,160
219000163,1951,628,1323
219000166,103,202,-99
219000167,140,338,-198
219000168,427,267,160
219000174,443,152,291
219000175,66,4,62
219000176,65,11,54
219000177,49,2,47
219000178,30,1,29
219000179,32,14,18
219000180,50,34,16
219000182,143,38,105
219000183,76,29,47
219000184,119,12,107
219000185,1,70,-69
219000186,41,73,-32
219000187,27,97,-70
219000189,196,251,-55
219000190,295,411,-116
219000191,1703,1539,164
219000192,252,164,88
219000193,325,165,160
219000195,1,129,-128
219000196,16,161,-145
219000198,33,264,-231
219000199,102,623,-521
219000200,70,504,-434
219000201,128,411,-283
219000203,86,267,-181
219000204,548,263,285
219000205,195,234,-39
219000207,239,384,-145
219000209,32,127,-95
219000210,123,143,-20
219000213,32,194,-162
219000239,304,417,-113
219000240,369,480,-111
219000241,122,263,-141
219000242,134,264,-130
219000243,121,379,-258
219000244,145,144,1
219000245,70,74,-4
219000246,88,47,41
219000247,158,57,101
219000248,941,427,514
219000249,293,102,191
219000250,157,143,14
219000251,784,286,498
219000252,330,241,89
219000253,549,134,415
219000255,200,120,80
219000256,297,79,218
219000257,199,0,199
219000262,173,239,-66
219000263,84,292,-208
219000267,3,160,-157
219000268,4,5,-1
219000269,15,1,14
219000270,13,0,13
219000271,174,16,158
219000278,9,17,-8
219000279,2,1,1
219000283,0,77,-77
219000295,23,126,-103
219000296,83,711,-628
219000297,31,206,-175
219000298,10,250,-240
219000299,460,114,346
219000300,30,276,-246
219000301,293,440,-147
219000302,55,345,-290
219000307,77,47,30
219000308,66,48,18
219000311,187,61,126
219000312,677,137,540
219000313,474,83,391
219000314,57,719,-662
219000315,295,75,220
219000316,596,71,525
219000317,129,18,111
219000320,4,59,-55
219000321,0,7,-7
219000323,8,80,-72
219000325,5,27,-22
219000326,44,136,-92
219000327,92,49,43
219000328,47,95,-48
219000329,353,201,152
219000330,69,53,16
219000331,94,48,46
219000332,99,160,-61
219000333,17,9,8
219000335,102,2,100
219000337,33,1,32
219000338,105,0,105
219000344,33,106,-73
219000345,72,101,-29
219000346,63,198,-135
219000348,154,127,27
219000349,60,198,-138
219000350,167,185,-18
219000351,16,6,10
219000352,362,41,321
219000353,133,65,68
219000354,146,151,-5
219000355,233,93,140
219000356,1734,1422,312
219000363,325,91,234
219000364,98,51,47
219000365,160,23,137
219000366,267,588,-321
219000368,667,670,-3
219000370,1414,483,931
219000371,23,39,-16
219000382,9,27,-18
219000383,1064,1253,-189
219000385,1042,611,431
219000386,1064,1866,-802
219000387,14,2,12
219000390,3,0,3
219000391,9,3,6
219000397,79,94,-15
219000398,90,77,13
219000401,9,235,-226
219000402,58,261,-203
219000403,148,443,-295
219000404,27,210,-183
219000407,6,79,-73
219000409,60,60,0
219000410,219,57,162
219000411,63,34,29
219000446,276,574,-298
219000447,4,33,-29
219000448,114,17,97
219000452,153,94,59
219000453,128,176,-48
219000454,361,308,53
219000556,326,107,219
219000558,1030,317,713
219000590,81,205,-124
219000591,89,112,-23
219000592,181,488,-307
219000595,3,25,-22
219000635,197,108,89
219000636,26,120,-94
219000657,25,14,11
219000658,17,67,-50
219000673,0,14,-14
219000676,63,4,59
219000679,84,11,73
219000684,143,4,139
219000685,0,0,0
219000686,3,2,1
219000688,0,163,-163
219000689,39,410,-371
219000690,198,35,163
219000691,75,273,-198
219000692,201,64,137
219000693,0,26,-26
219000694,12,0,12
219000695,29,1,28
219000698,82,0,82
219000699,0,35,-35
219000727,13,292,-279
219000728,346,7,339
219000770,50,0,50
219000771,0,40,-40
219000788,595,188,407
219001150,0,38,-38
219001151,182,62,120
219001166,51,42,9
219001167,8,210,-202
219001178,38,0,38
220000001,316,110,206
220000002,61,219,-158
220000003,973,340,633
220000004,1115,689,426
220000005,1893,1941,-48
220000006,397,1292,-895
220000007,449,889,-440
220000008,457,1347,-890
220000009,332,671,-339
220000010,269,239,30
220000011,939,4485,-3546
220000012,135,598,-463
220000014,150,49,101
220000015,107,220,-113
220000017,49,416,-367
220000018,6301,3076,3225
220000019,119,329,-210
220000020,583,343,240
220000021,672,242,430
220000022,716,694,22
220000023,398,239,159
220000024,2078,478,1600
220000025,1156,1053,103
220000026,509,294,215
220000027,81,137,-56
220000028,66,56,10
220000029,107,262,-155
220000030,200,106,94
220000031,467,468,-1
220000064,14,777,-763
221000046,13,0,13
221000047,0,2,-2
221000048,0,0,0
221000049,0,16,-16
221000050,33,1,32
221000055,84,66,18
221000057,61,21,40
221000068,272,168,104
221000069,348,73,275
221000070,216,24,192
221000071,87,9,78
221000072,217,16,201
221000073,243,72,171
221000074,4,20,-16
221000075,27,33,-6
221000076,20,70,-50
221000077,32,139,-107
221000081,41,19,22
221000082,79,14,65
221000083,64,7,57
221000084,2,7,-5
221000085,39,82,-43
221000086,24,146,-122
221000087,2,220,-218
221000088,14,267,-253
221000089,37,343,-306
221000090,221,668,-447
221000098,83,17,66
221000099,181,20,161
221000100,98,14,84
221000101,281,35,246
221000102,152,36,116
221000109,13,134,-121
221000110,15,152,-137
221000111,30,251,-221
221000112,8,221,-213
221000113,32,217,-185
221000114,9,214,-205
221000120,68,41,27
221000121,8,26,-18
221000122,88,20,68
221000123,55,49,6
221000124,59,237,-178
221000155,107,15,92
221000156,89,34,55
221000175,11,4,7
221000176,11,2,9
221000182,57,19,38
221000241,802,324,478
221000242,217,658,-441
221000243,839,171,668
221000244,357,725,-368
221000245,178,155,23
221000246,75,407,-332
221000247,102,172,-70
221000248,142,243,-101
221000267,75,852,-777
221000325,118,62,56
221000331,42,111,-69
221000338,16,22,-6
221000378,279,62,217
221000381,60,89,-29
222000282,32,0,32
222000296,10,21,-11
222000568,324,20,304
222000569,207,45,162
222000570,139,28,111
222000571,313,13,300
222000577,7,214,-207
222000578,41,249,-208
222000579,43,253,-210
222000580,100,1215,-1115
222000599,0,179,-179
222000600,3,396,-393
222000601,9,1156,-1147
222000603,29,17,12
222000604,8,56,-48
222000605,25,26,-1
222000606,11,12,-1
222000607,14,9,5
222000608,38,17,21
222000609,52,348,-296
222000616,270,55,215
222000617,25,14,11
222000618,15,4,11
222000620,42,11,31
222000621,121,7,114
222000623,905,8,897
222000624,340,6,334
222000625,507,42,465
222000636,75,4,71
222000686,23,12,11
222000687,75,21,54
222001066,301,5,296
222001067,10,5,5
222001068,44,31,13
222001069,47,41,6
222001082,12,80,-68
222001083,25,82,-57
222001084,0,72,-72
222001085,0,204,-204
222001111,90,192,-102
222001112,129,37,92
222001313,85,7,78
222001314,12,156,-144
222001464,148,73,75
222001465,36,230,-194
222001484,132,81,51
222001485,43,53,-10
222001494,358,231,127
222001495,89,438,-349
222001496,359,255,104
222001497,161,632,-471
222001502,26,120,-94
222001503,99,65,34
222001504,29,318,-289
222001505,319,22,297
222001506,43,458,-415
222001507,316,38,278
222001510,368,29,339
222001511,79,423,-344
222001514,629,196,433
222001515,271,658,-387
222001518,338,102,236
222001519,77,304,-227
222001527,241,92,149
222001528,79,218,-139
222001529,217,83,134
222001530,48,235,-187
222001533,145,340,-195
222001534,257,114,143
222001535,276,269,7
222001536,263,379,-116
222001537,296,46,250
222001538,68,522,-454
222001563,621,108,513
222001564,69,777,-708
222001568,493,153,340
222001576,3,7,-4
222001579,0,5,-5
222001583,24,261,-237
222001584,81,33,48
222001596,842,1444,-602
222001597,2117,339,1778
222001626,1,272,-271
222001650,98,105,-7
222001651,115,178,-63
222001914,213,79,134
222001915,104,288,-184
222001968,621,419,202
222001969,657,968,-311
222001970,169,317,-148
222001971,33,20,13
222001972,4,17,-13
225000001,558,444,114
225000002,1487,345,1142
225000003,638,152,486
225000004,402,475,-73
225000005,79,91,-12
225000006,0,221,-221
225000007,3176,1996,1180
225000010,468,15,453
225000011,630,1575,-945
225000012,249,818,-569
225000013,154,214,-60
225000014,1902,107,1795
225000015,117,225,-108
225000021,920,511,409
225000027,366,855,-489
225000032,683,270,413
225000042,158,978,-820
225000049,138,125,13
225000050,116,33,83
225000053,8,329,-321
225000058,1023,165,858
225000067,421,222,199
225000068,233,486,-253
225000069,237,575,-338
225000070,103,549,-446
225000071,64,292,-228
225000075,52,1916,-1864
225000076,168,184,-16
225000078,62,148,-86
225000085,61,177,-116
225000086,342,108,234
225000087,291,39,252
225000088,11,312,-301
225000089,524,1401,-877
225000090,74,607,-533
225000091,255,262,-7
225000092,47,108,-61
225000093,326,453,-127
225000094,17,389,-372
225000095,402,595,-193
225000096,405,713,-308
225000098,720,403,317
225000099,461,312,149
225000100,359,293,66
225000104,141,606,-465
225000110,20,619,-599
225000111,391,1439,-1048
225000112,712,1537,-825
225000113,349,718,-369
225000114,102,374,-272
225000115,2854,838,2016
225000116,1373,517,856
225000117,1117,433,684
225000118,1038,384,654
225000119,307,207,100
225000120,1149,225,924
225000121,260,81,179
225000123,1483,82,1401
225000125,482,303,179
225000126,1426,304,1122
225000127,1183,1992,-809
225000128,585,1034,-449
225000132,332,67,265
225000133,282,60,222
225000134,617,220,397
225000135,38,11,27
225000136,265,30,235
225000137,405,87,318
225000138,508,86,422
225000143,103,332,-229
225000144,4,449,-445
225000145,282,85,197
225000146,91,174,-83
225000147,32,466,-434
225000148,10,333,-323
225000149,96,527,-431
225000151,38,359,-321
225000155,460,717,-257
225000156,300,1402,-1102
225000157,446,574,-128
225000158,156,396,-240
225000171,13,238,-225
225000180,93,1,92
225000181,1,88,-87
225000182,127,56,71
225000185,11,495,-484
225000187,143,471,-328
225000191,163,0,163
225000194,0,20,-20
225000208,1,57,-56
225000209,122,33,89
225000210,10,461,-451
225000217,0,37,-37
225000218,35,3,32
225000223,0,68,-68
225000224,694,4,690
225000225,3,165,-162
225000226,96,2,94
225000227,72,257,-185
225000228,19,93,-74
225000229,0,138,-138
225000230,445,6,439
225000231,0,187,-187
225000232,679,0,679
225000241,341,4,337
225000242,2,102,-100
225000249,13,0,13
225000250,60,1138,-1078
225000251,431,39,392
226000042,618,550,68
226000043,121,335,-214
226000044,319,728,-409
226000045,117,537,-420
226000046,510,116,394
226000047,442,149,293
226000048,584,132,452
226000049,295,247,48
226000070,0,71,-71
226000071,0,74,-74
226000072,0,17,-17
226000073,0,12,-12
226000074,0,15,-15
226000084,7,79,-72
226000085,7,21,-14
226000086,10,12,-2
226000087,9,22,-13
226000088,45,6,39
226000090,278,142,136
226000091,10,26,-16
226000092,5,3,2
226000093,87,3,84
226000094,59,3,56
226000095,249,9,240
226000105,26,1,25
226000106,15,0,15
226000107,5,0,5
226000108,79,1,78
226000109,124,0,124
226000124,181,99,82
226000134,594,628,-34
226000135,1344,791,553
226000136,464,490,-26
226000137,10,653,-643
226000138,11,487,-476
226000139,4,19,-15
226000156,230,5,225
226000157,355,11,344
226000163,149,55,94
226000202,24,539,-515
226000231,482,13,469
226000232,106,18,88
227000033,378,133,245
227000036,364,41,323
227000037,234,34,200
227000038,302,44,258
227000049,0,48,-48
227000050,4,107,-103
227000055,273,0,273
227000056,70,0,70
227000084,4,80,-76
227000085,1,64,-63
227000088,122,5,117
227000089,133,3,130
227000090,93,1,92
227000091,39,4,35
227000093,202,1,201
227000094,43,0,43
227000130,57,66,-9
227000131,35,287,-252
227000132,38,266,-228
227000133,30,264,-234
227000134,31,385,-354
227000152,0,2,-2
227000153,0,53,-53
227000155,2,26,-24
227000156,0,26,-26
227000165,2,29,-27
227000196,316,262,54
227000199,262,628,-366
227000230,12,766,-754
227000232,656,48,608
227000242,44,607,-563
227000243,410,100,310
227000245,30,453,-423
227000246,85,592,-507
227000247,346,142,204
227000248,504,38,466
227000249,49,329,-280
227000250,771,232,539
227000251,228,381,-153
227000252,33,430,-397
227000253,102,21,81
227000262,288,70,218
227000266,1308,20,1288
227000267,43,2525,-2482
227000282,6,323,-317
227000284,512,35,477
227000286,2,77,-75
227000287,19,136,-117
227000291,11,658,-647
227000484,460,27,433
227000485,23,1217,-1194
227000655,183,22,161
227000656,611,39,572
227000657,118,19,99
227000661,488,17,471
227000680,371,75,296
229000265,40,63,-23
229000296,6,15,-9
229000297,1,40,-39
229000298,2,156,-154
229000320,8,4,4
229000321,34,12,22
229000412,18,73,-55
229000414,6,81,-75
229000415,24,0,24
229000416,2,5,-3
229000417,2,15,-13
229000419,105,370,-265
229000440,369,78,291
229000442,12,3,9
229000443,8,8,0
229000444,33,25,8
229000445,67,9,58
229000446,82,26,56
229000491,1,6,-5
229000492,6,63,-57
229000493,9,59,-50
229000494,0,0,0
229000495,0,0,0
229000496,0,0,0
229000507,0,39,-39
229000508,1,22,-21
229000509,0,22,-22
229000510,0,14,-14
229000511,1,13,-12
229000512,0,15,-15
229000513,0,3,-3
229000514,0,0,0
229000517,0,2,-2
229000518,4,16,-12
229000519,3,11,-8
229000520,6,23,-17
229000521,0,0,0
229000522,0,0,0
229000523,0,0,0
229000524,0,0,0
229000527,0,0,0
229000528,0,0,0
229000529,0,0,0
229000530,0,0,0
229000531,0,0,0
229000532,0,0,0
229000533,0,0,0
229000534,0,0,0
229000564,0,0,0
229000565,0,0,0
229000566,0,5,-5
229000567,0,31,-31
229000582,0,0,0
229000583,0,0,0
229000584,0,17,-17
229000585,6,38,-32
229000718,0,1,-1
229000719,0,2,-2
229000720,0,12,-12
229000721,0,6,-6
229000722,1,10,-9
229000723,0,9,-9
229000724,0,0,0
229000725,0,3,-3
229000738,0,0,0
229000739,0,0,0
229000740,0,0,0
229000741,0,0,0
229000742,0,0,0
229000743,0,0,0
229000744,0,0,0
229000745,0,0,0
229000746,0,0,0
229000847,38,0,38
229000848,30,0,30
229000849,125,1,124
229000851,29,0,29
229000854,0,43,-43
229000856,2,212,-210
229000857,0,43,-43
229000858,1,92,-91
229000919,21,158,-137
229000930,3,420,-417
229000937,164,27,137
229000966,75,24,51
229000981,18,97,-79
229000985,9,46,-37
229000986,1,9,-8
229000987,0,2,-2
229000988,7,10,-3
229000989,15,2,13
229000990,1,0,1
229000991,0,1,-1
229000992,8,13,-5
229000993,209,24,185
229000998,14,68,-54
229000999,82,14,68
229001034,0,14,-14
229001035,27,1,26
229001037,67,13,54
229001042,5,25,-20
229001047,12,35,-23
229001050,48,50,-2
229001168,0,13,-13
229001200,5,2,3
229001338,0,25,-25
229001394,225,17,208
229001422,121,21,100
229001423,42,251,-209
229001431,87,76,11
229001432,103,149,-46
229001444,176,68,108
229001445,61,232,-171
229001479,0,0,0
229001503,217,161,56
229001504,167,305,-138
229001505,142,54,88
229001506,176,291,-115
229001509,99,23,76
229001545,110,4,106
229001546,15,164,-149
229001553,88,9,79
229001554,39,156,-117
229001559,2,14,-12
229001560,5,21,-16
229001630,72,14,58
229001631,12,55,-43
229001635,1,15,-14
229001636,1,6,-5
229001658,2,182,-180
229001659,61,4,57
229001660,10,5,5
229001661,24,45,-21
229001662,103,3,100
229001663,1,31,-30
229002584,219,207,12
229002831,247,162,85
229002841,7,20,-13
229002842,37,35,2
229002843,120,15,105
229002844,88,50,38
229002845,15,58,-43
229002846,52,24,28
229002847,21,12,9
229002848,28,14,14
229002849,29,77,-48
229002850,8,1,7
229002851,63,98,-35
229002852,219,17,202
229002853,124,23,101
229002854,91,45,46
229002855,37,29,8
229002856,210,22,188
229002857,44,34,10
229002858,29,11,18
229002859,47,24,23
229002860,156,15,141
229002861,98,43,55
229002862,47,26,21
229002863,54,15,39
229002864,38,36,2
229002865,21,5,16
229002866,19,16,3
229002867,1,25,-24
229002868,50,8,42
229002869,26,174,-148
229002870,33,13,20
235000066,452,118,334
235000067,137,134,3
235000072,48,79,-31
235000073,65,368,-303
235000074,57,77,-20
235000080,48,79,-31
235000081,96,172,-76
235000082,208,104,104
235000083,164,161,3
235000084,109,76,33
235000085,80,70,10
235000089,26,48,-22
235000092,61,217,-156
235000093,23,8,15
235000097,3,11,-8
235000098,64,15,49
235000099,80,21,59
235000116,103,24,79
235000117,1079,37,1042
235000133,15,437,-422
235000134,5,125,-120
235000206,3,2,1
235000207,2,2,0
235000208,3,5,-2
235000209,8,4,4
235000210,12,2,10
235000212,4,22,-18
235000213,2,15,-13
235000220,1,6,-5
235000221,82,16,66
235000238,17,73,-56
235000239,0,17,-17
235000242,345,561,-216
235000245,970,212,758
235000246,36,62,-26
235000284,4,149,-145
235000295,231,11,220
235000305,421,24,397
235000306,156,11,145
235000307,26,9,17
235000308,33,1,32
235000309,92,0,92
235000310,18,0,18
235000311,211,115,96
235000322,1,39,-38
235000323,1,76,-75
235000324,0,15,-15
235000325,3,7,-4
235000326,10,250,-240
235000351,5,88,-83
235000352,32,59,-27
235000353,6,23,-17
235000354,12,45,-33
235000355,13,35,-22
235000356,83,5,78
235000357,34,5,29
235000358,64,6,58
235000359,11,5,6
235000360,92,7,85
235000361,98,4,94
235000381,91,335,-244
235000382,165,46,119
235000390,3,4,-1
235000391,102,19,83
235000392,152,284,-132
235000393,120,165,-45
235000395,104,70,34
235000396,379,116,263
235000400,128,137,-9
235000401,42,216,-174
235000405,101,301,-200
235000406,50,251,-201
235000407,83,123,-40
235000409,234,174,60
235000410,50,265,-215
235000411,2,95,-93
235000485,0,19,-19
235000486,24,0,24
235000549,128,102,26
235000550,114,170,-56
235000599,76,57,19
235000600,11,10,1
235000601,25,49,-24
235000602,82,122,-40
235000614,2,3,-1
235000648,0,32,-32
235000649,41,29,12
235000685,2,2,0
235000815,17,34,-17
235000834,0,18,-18
235000855,71,96,-25
235000862,88,227,-139
235000891,0,9,-9
235000892,67,14,53
235000901,61,110,-49
235000907,21,11,10
235001010,79,84,-5
235001029,579,452,127
235001030,395,303,92
235001078,117,131,-14
235001079,136,117,19
235001147,42,77,-35
235001166,30,88,-58
235001167,22,62,-40
235001169,39,375,-336
235001188,2,11,-9
235001189,6,0,6
235001197,14,50,-36
235001200,44,40,4
235001207,386,55,331
235001210,123,271,-148
235001215,41,260,-219
235001239,1,70,-69
235001244,1,14,-13
235016267,5,182,-177
277101746,0,0,0
277102712,0,0,0
277103813,0,0,0
277103814,0,0,0
277103898,0,0,0
277104249,0,1,-1
277104250,0,7,-7
277104251,0,9,-9
277104252,0,2,-2
990011530,1,226,-225
990014944,0,571,-571
990015176,117,1,116
990015618,1,123,-122
990016032,0,502,-502
990032570,1,47,-46
990070001,137,11,126
990070103,0,4,-4
990070601,0,42,-42
990070751,620,2,618
990070766,2,629,-627
990071180,586,249,337
990071343,87,2,85
990071387,0,14,-14
990071823,632,3,629
990072600,3,843,-840
990072964,1,443,-442
990073285,0,1,-1
990074393,3,958,-955
990074870,1137,7,1130
990075106,1225,14,1211
990075746,499,4,495
990076437,1112,1,1111
990076458,1,1062,-1061
997000007,667,10,657
997000041,0,123,-123
997000058,27,0,27
997000062,117,1,116
997000069,0,6,-6
997000070,1,43,-42
997000100,20,0,20
997000141,0,1256,-1256
997000198,477,863,-386
998000475,9,46,-37
998000736,1,219,-218
998000965,0,51,-51
998001031,0,112,-112
998001700,0,43,-43
998001899,0,3,-3
998001900,13,3,10
998003073,1204,62,1142
998101900,0,0,0
998102850,3,122,-119
998501927,1057,675,382
998501929,86,0,86
998501930,66,0,66
998501931,128,5,123
998501932,5,1,4
998501933,65,2,63
998501937,22,1,21
998501944,15,4,11
998501950,0,2,-2
998501970,47,6,41
998501971,0,87,-87
998501973,0,50,-50
998501974,1,282,-281
998501975,692,3,689
998501976,259,1,258
998501977,7,30,-23
998501978,24,2,22
998501979,0,19,-19
998501980,146,8,138
998501981,31,3,28
998501982,1,117,-116
998501983,0,0,0
998502006,0,0,0
998502024,0,24,-24
998502032,0,2,-2
998502062,37,0,37
998502063,0,0,0
998502173,77,1,76
998502269,0,0,0
998502546,2,233,-231
998502578,4,12,-8
998502599,199,494,-295
998502621,0,1,-1
998601159,5,242,-237
998601292,0,15,-15
999033574,1,716,-715
999800001,55,2,53
999800002,0,3,-3
999800003,2,2,0
999800004,0,5,-5
999800005,0,36,-36
