ID,insum,outsum,diff
100000001,663,736,-73
100000002,3517,4012,-495
100000003,3697,4976,-1279
100000004,400,993,-593
100000005,2212,4148,-1936
100000006,442,184,258
100000007,1648,621,1027
100000008,101,713,-612
100000009,316,321,-5
100000010,24,108,-84
100000011,537,407,130
100000012,99,5080,-4981
100000013,28,1158,-1130
100000014,174,579,-405
100000015,971,1468,-497
100000016,505,1364,-859
100000017,385,1030,-645
100000018,832,642,190
100000019,2497,2118,379
100000020,973,4397,-3424
100000021,8989,1996,6993
100000022,735,2451,-1716
100000023,4815,1352,3463
100000025,373,1124,-751
100000028,661,1177,-516
100000029,119,422,-303
100000030,73,29,44
100000031,1530,4351,-2821
100000032,1327,3479,-2152
100000033,932,2535,-1603
100000034,100,925,-825
100000035,771,1269,-498
100000036,670,1528,-858
100000037,598,397,201
100000038,1970,998,972
100000039,263,768,-505
100000040,218,187,31
100000041,1259,627,632
100000042,831,485,346
100000043,593,783,-190
100000044,167,1036,-869
100000045,309,1100,-791
100000046,408,626,-218
100000047,168,406,-238
100000048,244,567,-323
100000049,1167,1062,105
100000051,416,499,-83
100000053,98,7,91
100000054,272,22,250
100000055,511,347,164
100000056,391,682,-291
100000057,1855,686,1169
100000058,670,652,18
100000059,11,248,-237
100000060,422,302,120
100000061,2013,487,1526
100000062,1310,493,817
100000063,794,207,587
100000064,1299,451,848
100000065,270,614,-344
100000066,143,419,-276
100000067,214,460,-246
100000068,273,981,-708
100000069,261,832,-571
100000072,189,472,-283
100000073,722,654,68
100000075,691,210,481
100000076,1099,3561,-2462
100000077,114,394,-280
100000078,28,34,-6
100000079,7,41,-34
100000080,13,68,-55
100000081,72,243,-171
100000102,2637,4239,-1602
100000103,846,1036,-190
100000104,2115,2345,-230
100000105,1386,1553,-167
100000106,913,2361,-1448
100000107,144,1148,-1004
100000108,210,848,-638
100000109,812,1263,-451
100000116,555,551,4
100000117,71,173,-102
100000118,709,1190,-481
100000119,479,976,-497
100000121,304,429,-125
100000122,443,1296,-853
100000123,1137,2717,-1580
100000124,2763,3336,-573
100000125,3632,1642,1990
100000126,465,614,-149
100000127,815,551,264
100000128,922,2045,-1123
100000129,274,649,-375
100000130,486,300,186
100000131,1002,1681,-679
100000132,602,1619,-1017
100000133,1663,1208,455
100000135,514,1150,-636
100000139,207,697,-490
100000140,162,193,-31
100000142,558,500,58
100000143,1232,344,888
100000144,1881,573,1308
100000147,1265,3151,-1886
100000150,71,595,-524
100000151,599,1988,-1389
100000153,106,436,-330
100000154,14,246,-232
100000155,11,44,-33
100000156,317,356,-39
100000157,393,250,143
100000158,204,161,43
100000159,138,777,-639
100000165,615,673,-58
100000169,57,1319,-1262
100000174,221,990,-769
100000179,96,596,-500
100000180,772,5470,-4698
100000181,300,461,-161
100000188,75,252,-177
100000189,834,673,161
100000190,444,1363,-919
100000191,577,531,46
100000192,19,62,-43
100000193,211,187,24
100000330,671,693,-22
100000355,154,866,-712
100000362,1740,1105,635
100000363,4758,4925,-167
100000364,62,229,-167
100000365,5234,9068,-3834
100000366,1910,1671,239
100000367,4294,6425,-2131
100000368,2525,928,1597
100000369,438,2033,-1595
100000370,131,1000,-869
100000376,78,224,-146
100000379,1153,1613,-460
100000380,3427,4820,-1393
100000384,4252,4957,-705
100000385,1406,3413,-2007
100000386,2799,4857,-2058
100000387,2550,5068,-2518
100000388,2413,5527,-3114
100000389,3237,5864,-2627
100000390,3982,5767,-1785
100000391,2506,7936,-5430
100000392,1886,4136,-2250
100000393,1287,5545,-4258
100000394,3624,7475,-3851
100000395,2213,5956,-3743
100000396,3621,3575,46
100000397,2592,8015,-5423
100000398,6536,4814,1722
100000413,5,14,-9
100000414,530,1258,-728
100900002,10,9,1
100900003,322,220,102
100900004,7,534,-527
100900005,104,17,87
100900006,28,42,-14
100900007,153,21,132
100900008,35,269,-234
100900009,42,153,-111
100900010,65,14,51
100900011,158,117,41
100900012,7,105,-98
100900013,636,15,621
100900014,2,4,-2
100900015,38,45,-7
100900016,2,21,-19
100900017,663,43,620
100900018,2,15,-13
100900019,21,47,-26
100900020,255,9,246
100900021,292,3,289
100900022,8,27,-19
100900023,0,12,-12
100900024,282,7,275
100900025,9,8,1
100900026,139,88,51
100900027,344,1778,-1434
100900028,106,277,-171
100900029,60,11,49
100900030,3,195,-192
100900031,519,35,484
100900032,302,0,302
100900033,113,249,-136
100900034,881,2,879
100900035,231,1,230
100900036,8,0,8
100900037,124,97,27
100900038,77,51,26
100900039,219,215,4
100900040,375,408,-33
100900041,594,343,251
100900042,1388,1669,-281
100900043,0,20,-20
100900044,806,263,543
100900045,5,0,5
100900046,869,6,863
100900047,522,102,420
100900048,71,36,35
100900049,52,83,-31
100900050,2,7,-5
100900051,33,86,-53
100900052,245,24,221
100900053,461,27,434
100900054,7,79,-72
100900055,146,686,-540
100900056,28,62,-34
100900057,1518,1026,492
100900058,140,73,67
100900059,84,1,83
100900060,206,3,203
100900061,180,98,82
100900062,12,62,-50
100900063,213,650,-437
100900064,483,36,447
100900065,48,107,-59
100900066,180,219,-39
100900067,17,5,12
100900068,83,51,32
100900069,113,5,108
100900070,380,8,372
100900071,335,121,214
100900072,2,39,-37
100900073,85,192,-107
100900074,4,3,1
100900075,1281,194,1087
100900076,1,20,-19
100900077,38,20,18
100900078,60,181,-121
100900079,10,23,-13
100900080,40,153,-113
100900081,34,96,-62
100900082,160,209,-49
100900083,10,9,1
100900085,18,451,-433
100900086,47,341,-294
100900088,123,158,-35
100900089,3,25,-22
100900090,96,482,-386
100900091,1,13,-12
100900092,91,94,-3
100900093,299,245,54
100900094,143,110,33
100900095,1,19,-18
100900096,55,132,-77
100900097,33,1,32
100900098,30,23,7
100900099,9,251,-242
100900100,4,473,-469
100900101,206,32,174
100900102,31,78,-47
100900103,8,52,-44
100900104,3,112,-109
100900105,20,402,-382
100900106,32,6,26
100900107,1313,704,609
100900108,2,28,-26
100900109,11,19,-8
100900110,0,22,-22
100900111,25,126,-101
100900112,2,35,-33
100900113,17,25,-8
100900114,7,23,-16
100900115,10,27,-17
100900116,799,380,419
100900117,204,840,-636
100900118,25,54,-29
100900119,9,18,-9
100900120,23,5,18
100900121,243,280,-37
100900122,71,90,-19
100900123,77,142,-65
100900124,5,14,-9
100900125,6,35,-29
100900126,158,89,69
100900127,1,6,-5
100900128,86,230,-144
100900129,0,318,-318
100900131,25,186,-161
100900133,44,17,27
100900134,2,3,-1
100900135,2,386,-384
100900137,276,149,127
100900138,255,340,-85
100900139,3,14,-11
100900140,8,154,-146
100900141,2,605,-603
100900142,0,13,-13
100900143,348,373,-25
100900144,4,5,-1
100900145,65,133,-68
100900146,7,32,-25
100900147,10,437,-427
100900148,46,257,-211
100900149,38,116,-78
100900150,1,11,-10
100900151,80,354,-274
100900152,423,5,418
100900153,3,117,-114
100900154,48,186,-138
100900155,16,5,11
100900156,22,4,18
100900157,9,715,-706
100900159,4,52,-48
100900160,31,7,24
100900161,23,6,17
100900162,14,403,-389
100900163,105,96,9
100900164,28,20,8
100900165,11,35,-24
100900166,12,2,10
100900167,17,31,-14
100900168,17,171,-154
100900169,62,581,-519
100900170,4,9,-5
100900171,26,380,-354
100900172,0,45,-45
100900173,4,136,-132
100900174,43,23,20
100900176,1379,126,1253
100900177,408,119,289
100900178,204,202,2
100900179,262,344,-82
100900180,6,2,4
100900181,35,85,-50
100900182,83,22,61
100900184,16,164,-148
100900186,328,187,141
100900187,11,53,-42
100900188,21,10,11
100900189,2485,230,2255
100900191,441,1203,-762
100900192,131,450,-319
100900195,121,175,-54
100900197,22,36,-14
100900198,22,119,-97
100900199,1,9,-8
100900200,481,302,179
100900201,51,432,-381
100900202,56,0,56
100900203,7,896,-889
100900204,138,1100,-962
100900205,106,550,-444
100900206,226,65,161
100900207,262,117,145
100900210,78,153,-75
100900211,485,139,346
100900213,185,52,133
100900214,326,111,215
100900215,5,23,-18
100900217,86,120,-34
101000001,1682,1732,-50
101000002,6345,6273,72
101000003,286,812,-526
101000004,727,3271,-2544
101000005,1950,3849,-1899
101000006,1848,5712,-3864
101000007,1582,2196,-614
101000008,4873,2429,2444
101000009,1683,550,1133
101000010,630,464,166
101000011,834,217,617
101000012,477,617,-140
101000013,467,890,-423
101000014,258,377,-119
101000015,1247,784,463
101000016,225,438,-213
101000017,396,380,16
101000018,1793,1999,-206
101000020,1716,867,849
101000021,443,348,95
101000022,46,100,-54
101000023,706,587,119
101000025,47,133,-86
101000026,225,18,207
101000027,1517,2527,-1010
101000028,1057,377,680
101000029,122,1148,-1026
101000030,814,106,708
101000031,194,736,-542
101000032,2225,4200,-1975
101000033,1462,3375,-1913
101000034,917,1668,-751
101000035,1008,247,761
101000036,950,1248,-298
101000037,1188,1949,-761
101000039,2115,2849,-734
101000040,1983,4313,-2330
101000041,2246,6111,-3865
101000042,136,1058,-922
101000043,2225,5011,-2786
101000045,337,843,-506
101000046,1027,2281,-1254
101000047,943,4641,-3698
101000048,354,298,56
101000049,384,2140,-1756
101000050,674,1574,-900
101000051,604,2104,-1500
101000052,1003,1055,-52
101000053,620,1067,-447
101000054,1347,706,641
101000055,879,1231,-352
101000056,33,117,-84
101000057,806,1446,-640
101000058,586,1124,-538
101000059,1466,1937,-471
101000060,1517,798,719
101000061,419,1421,-1002
101000062,623,723,-100
101000063,300,1300,-1000
101000064,477,1069,-592
101000065,206,656,-450
101000066,443,1152,-709
101000067,616,1001,-385
101000068,193,427,-234
101000069,134,68,66
101000070,545,983,-438
101000071,1666,875,791
101000072,508,2555,-2047
101000073,571,1200,-629
101000074,2597,3240,-643
101000075,2258,4665,-2407
101000077,1282,1179,103
101000078,362,687,-325
101000079,1122,938,184
101000080,947,1084,-137
101000081,1373,1237,136
101000082,1792,1922,-130
101000083,2594,1951,643
101000084,957,570,387
101000085,1130,1013,117
101000086,700,937,-237
101000087,718,742,-24
101000088,1083,1039,44
101000089,975,1349,-374
101000090,1493,901,592
101000091,424,380,44
101000092,1361,526,835
101000093,1224,574,650
101000094,1008,715,293
101000095,471,437,34
101000096,489,335,154
101000097,382,441,-59
101000098,418,374,44
101000099,534,928,-394
101000100,530,780,-250
101000101,148,334,-186
101000102,442,635,-193
101000103,459,552,-93
101000104,266,659,-393
101000105,139,675,-536
101000106,298,1312,-1014
101000107,242,303,-61
101000108,386,104,282
101000109,449,83,366
101000110,35,185,-150
101000111,52,147,-95
101000113,355,1010,-655
101000114,4310,9927,-5617
101000115,73,58,15
101000116,30,15,15
101000117,1613,208,1405
101000119,27,73,-46
101000120,120,100,20
101000121,37,49,-12
101000122,96,97,-1
101000123,60,110,-50
101000124,889,444,445
101000125,120,284,-164
101000128,177,597,-420
101000130,308,494,-186
101000131,1046,412,634
101000132,680,525,155
101000135,34,40,-6
101000136,211,178,33
101000137,27,306,-279
101000141,654,3231,-2577
101000147,810,364,446
101000148,577,21,556
101000149,107,638,-531
101000150,84,275,-191
101000151,254,40,214
101000152,220,234,-14
101000153,224,123,101
101000154,322,416,-94
101000155,356,104,252
101000156,17,282,-265
101000157,54,29,25
101000160,24,11,13
101000163,122,439,-317
101000164,282,132,150
101000165,206,328,-122
101000166,143,196,-53
101000168,614,393,221
101000252,2025,814,1211
101000254,53,81,-28
101000258,63,12,51
101000261,101,94,7
101000262,934,3469,-2535
101000263,202,1110,-908
101000265,54,644,-590
101000266,342,259,83
101000269,17,12,5
101000290,627,1976,-1349
101000293,12,47,-35
101000294,514,387,127
101000295,202,225,-23
101000301,325,413,-88
101000304,1600,2367,-767
101000305,2195,857,1338
101000328,150,510,-360
101900001,24,43,-19
101900002,0,4,-4
101900003,30,53,-23
101900004,0,78,-78
101900005,1392,2428,-1036
101900006,1025,323,702
101900007,488,134,354
101900008,67,183,-116
101900009,36,333,-297
101900010,484,636,-152
101900011,61,656,-595
101900012,207,81,126
101900013,325,99,226
101900017,8,99,-91
101900018,648,183,465
101900019,176,186,-10
101900020,69,60,9
101900021,2,32,-30
101900022,125,556,-431
101900023,140,79,61
101900026,129,46,83
101900027,19,83,-64
102000001,1356,2848,-1492
102000002,454,306,148
102000003,2630,5313,-2683
102000004,2148,1677,471
102000005,950,2553,-1603
102000006,1576,1457,119
102000007,1197,3682,-2485
102000008,1499,1138,361
102000009,5230,6662,-1432
102000010,2326,1934,392
102000011,4685,4607,78
102000012,4833,2801,2032
102000018,1327,2112,-785
102000019,2096,1170,926
102000026,196,324,-128
102000029,185,171,14
102000030,111,269,-158
102000031,84,103,-19
102000032,446,316,130
102000033,237,285,-48
102000034,351,258,93
102000035,878,443,435
102000036,16,228,-212
102000038,38,79,-41
102000039,123,137,-14
102000040,164,334,-170
102000041,83,512,-429
102000042,109,350,-241
102000043,102,287,-185
102000044,307,552,-245
102000045,468,548,-80
102000046,869,610,259
102000047,454,587,-133
102000048,208,407,-199
102000049,783,767,16
102000050,758,796,-38
102000051,307,561,-254
102000052,820,657,163
102000053,474,854,-380
102000054,719,708,11
102000055,1173,278,895
102000056,952,406,546
102000057,1205,344,861
102000058,1014,682,332
102000059,893,838,55
102000060,899,783,116
102000061,1424,1086,338
102000062,1600,720,880
102000063,835,1033,-198
102000064,555,605,-50
102000065,59,120,-61
102000066,627,712,-85
102000067,1954,1851,103
102000068,8414,2849,5565
102000069,87,2505,-2418
102000070,1256,39,1217
102000071,5977,8047,-2070
102000072,2154,3059,-905
102000073,659,710,-51
102000074,466,772,-306
102000075,119,309,-190
102000076,286,357,-71
102000077,640,421,219
102000078,854,290,564
102000079,129,116,13
102000080,49,44,5
102000081,194,699,-505
102000082,850,724,126
102000083,640,173,467
102000084,498,177,321
102000085,1691,585,1106
102000086,1145,590,555
102000087,605,929,-324
102000088,322,239,83
102000089,1177,271,906
102000090,271,794,-523
102000091,1159,412,747
102000092,257,361,-104
102000093,742,564,178
102000094,469,530,-61
102000095,642,662,-20
102000096,298,574,-276
102000097,570,504,66
102000098,322,605,-283
102000099,617,956,-339
102000100,217,1137,-920
102000101,406,642,-236
102000102,318,699,-381
102000103,1742,292,1450
102000104,533,339,194
102000105,242,429,-187
102000106,728,369,359
102000107,809,362,447
102000108,517,149,368
102000109,997,383,614
102000110,646,219,427
102000111,873,391,482
102000112,102,116,-14
102000113,6,24,-18
102000114,506,417,89
102000115,221,286,-65
102000116,209,471,-262
102000117,72,647,-575
102000118,575,1236,-661
102000119,1144,1274,-130
102000120,243,333,-90
102000121,596,562,34
102000122,544,730,-186
102000123,985,735,250
102000124,1145,940,205
102000125,607,622,-15
102000126,476,648,-172
102000127,756,560,196
102000128,574,638,-64
102000129,1105,456,649
102000130,681,688,-7
102000131,1371,512,859
102000132,704,927,-223
102000133,2204,1264,940
102000134,862,604,258
102000135,744,602,142
102000136,898,345,553
102000137,352,745,-393
102000138,174,222,-48
102000139,35,537,-502
102000140,91,1281,-1190
102000141,120,229,-109
102000142,187,173,14
102000143,195,192,3
102000144,390,234,156
102000145,275,228,47
102000146,335,280,55
102000147,336,350,-14
102000148,140,267,-127
102000149,178,168,10
102000150,422,88,334
102000151,94,123,-29
102000152,211,128,83
102000153,840,561,279
102000154,183,358,-175
102000155,43,359,-316
102000156,212,129,83
102000157,54,641,-587
102000158,290,325,-35
102000159,790,671,119
102000161,1267,1518,-251
102000162,188,144,44
102000163,74,394,-320
102000164,497,665,-168
102000165,223,135,88
102000166,123,201,-78
102000167,164,148,16
102000168,206,209,-3
102000169,71,400,-329
102000170,352,126,226
102000171,104,118,-14
102000172,23,284,-261
102000173,302,239,63
102000174,52,44,8
102000175,92,42,50
102000176,62,12,50
102000178,203,228,-25
102000179,401,156,245
102000180,970,200,770
102000181,836,307,529
102000182,456,289,167
102000183,1638,956,682
102000184,592,162,430
102000185,2482,803,1679
102000186,1582,764,818
102000187,1118,1018,100
102000188,1042,961,81
102000189,1944,853,1091
102000190,376,1814,-1438
102000191,816,303,513
102000192,1449,1203,246
102000193,57,60,-3
102000194,46,108,-62
102000195,379,230,149
102000196,186,212,-26
102000197,769,215,554
102000198,160,274,-114
102000199,1158,163,995
102000200,220,416,-196
102000201,1143,344,799
102000202,2,60,-58
102000203,369,115,254
102000204,516,352,164
102000205,1107,262,845
102000206,479,197,282
102000207,473,326,147
102000208,275,245,30
102000209,51,40,11
102000210,485,253,232
102000211,303,90,213
102000212,309,16,293
102000213,3,135,-132
102000214,361,16,345
102000215,1,126,-125
102000216,70,65,5
102000217,13,68,-55
102000218,250,181,69
102000219,167,112,55
102000225,425,427,-2
102000226,316,608,-292
102000227,140,1,139
102000228,0,58,-58
102000229,28,40,-12
102000230,275,223,52
102000231,587,321,266
102000232,37,138,-101
102000233,786,476,310
102000234,91,753,-662
102000236,326,89,237
102000237,267,180,87
102000238,227,337,-110
102000240,470,758,-288
102000241,132,89,43
102000243,14,32,-18
102000245,20,99,-79
102000246,9,32,-23
102000247,648,558,90
102000248,794,1246,-452
102000249,596,243,353
102000250,72,217,-145
102000254,182,108,74
102000266,5,586,-581
102000271,32,0,32
102000286,291,285,6
102000297,1767,901,866
102000303,0,0,0
102000305,0,1,-1
102000307,0,14,-14
102900001,995,589,406
102900002,262,41,221
102900003,87,101,-14
102900005,388,202,186
102900006,484,62,422
102900007,445,15,430
102900008,206,15,191
102900009,375,330,45
102900010,172,1054,-882
102900011,959,247,712
102900012,447,61,386
102900013,37,36,1
102900015,479,390,89
102900016,41,42,-1
102900017,210,195,15
102900018,47,52,-5
102900019,241,265,-24
102900020,228,20,208
102900021,37,34,3
102900022,240,119,121
102900023,35,79,-44
102900024,32,27,5
102900025,110,58,52
102900026,172,1577,-1405
102900027,62,31,31
102900028,153,603,-450
102900029,112,159,-47
102900030,272,236,36
102900031,242,75,167
102900032,68,53,15
102900033,52,105,-53
102900034,415,63,352
102900035,125,201,-76
102900036,264,213,51
102900037,265,152,113
102900038,324,167,157
102900039,2,552,-550
102900040,151,281,-130
102900041,44,91,-47
102900042,197,146,51
102900043,184,104,80
102900044,433,1042,-609
102900045,122,302,-180
102900046,194,133,61
102900047,156,338,-182
102900048,499,280,219
102900049,86,332,-246
102900050,147,157,-10
102900051,168,126,42
102900053,266,429,-163
102900054,221,857,-636
102900055,122,166,-44
102900056,107,289,-182
102900057,7,53,-46
102900058,337,70,267
102900059,23,29,-6
102900060,112,334,-222
102900061,167,204,-37
102900062,287,350,-63
102900063,1070,259,811
102900064,78,260,-182
102900065,720,158,562
102900066,358,15,343
102900068,48,98,-50
102900070,166,304,-138
102900072,9,51,-42
102900073,60,15,45
102900075,24,81,-57
102900076,47,128,-81
102900077,23,32,-9
102900078,25,42,-17
102900079,129,6,123
102900080,398,28,370
102900081,69,255,-186
102900082,11,215,-204
102900083,145,7,138
102900084,1,40,-39
102900085,272,88,184
102900086,18,68,-50
102900087,129,151,-22
102900088,16,31,-15
102900089,158,94,64
102900090,0,119,-119
102900091,138,4,134
102900092,306,219,87
102900094,1,103,-102
102900095,73,0,73
102900096,75,23,52
102900097,1,43,-42
103000001,1733,1773,-40
103000002,1708,2037,-329
103000003,2335,2042,293
103000004,699,501,198
103000005,1455,2787,-1332
103000006,790,1231,-441
103000007,364,482,-118
103000008,632,240,392
103000009,1230,885,345
103000010,183,90,93
103000011,1121,741,380
103000012,1100,1374,-274
103000013,2132,1340,792
103000014,1042,2010,-968
103000015,925,507,418
103000016,452,1216,-764
103000017,210,370,-160
103000018,535,178,357
103000019,306,300,6
103000020,1359,1001,358
103000021,1496,1855,-359
103000022,493,786,-293
103000023,615,1673,-1058
103000024,54,69,-15
103000025,101,684,-583
103000026,433,63,370
103000027,241,506,-265
103000028,166,201,-35
103000029,114,204,-90
103000030,1138,1017,121
103000031,742,1710,-968
103000032,1628,932,696
103000033,2164,2049,115
103000034,869,642,227
103000035,228,1025,-797
103000036,211,298,-87
103000037,376,453,-77
103000038,326,697,-371
103000039,467,170,297
103000040,522,427,95
103000041,1504,1010,494
103000042,1198,236,962
103000043,562,481,81
103000044,294,105,189
103000046,357,307,50
103000047,581,297,284
103000048,273,117,156
103000049,75,80,-5
103000050,619,223,396
103000051,481,292,189
103000052,539,150,389
103000053,150,299,-149
103000054,1868,1003,865
103000055,1496,1345,151
103000056,663,712,-49
103000057,987,132,855
103000058,442,510,-68
103000059,504,498,6
103000060,582,275,307
103000061,419,604,-185
103000062,885,378,507
103000063,750,670,80
103000064,131,113,18
103000065,9,209,-200
103000066,175,9,166
103000069,349,149,200
103000070,721,495,226
103000071,1138,376,762
103000072,112,420,-308
103000073,579,83,496
103000074,577,85,492
103000075,101,421,-320
103000076,292,423,-131
103000077,34,176,-142
103000078,595,755,-160
103000079,367,672,-305
103000080,462,323,139
103000081,263,1139,-876
103000082,331,153,178
103000083,76,268,-192
103000084,62,4,58
103000085,1,104,-103
103000086,220,292,-72
103000087,67,502,-435
103000088,207,303,-96
103000089,198,535,-337
103000090,2596,858,1738
103000091,743,352,391
103000092,231,214,17
103000093,233,382,-149
103000094,167,84,83
103000095,58,319,-261
103000096,398,52,346
103000097,48,552,-504
103000098,402,131,271
103000099,140,504,-364
103000100,145,401,-256
103000101,765,91,674
103000102,92,354,-262
103000103,649,109,540
103000104,64,78,-14
103000105,161,86,75
103000106,10,120,-110
103000107,211,84,127
103000108,969,903,66
103000109,548,392,156
103000110,519,436,83
103000111,289,375,-86
103000112,244,220,24
103000113,344,643,-299
103000114,1091,596,495
103000115,638,457,181
103000116,607,288,319
103000117,366,299,67
103000118,313,319,-6
103000119,568,331,237
103000120,53,82,-29
103000121,105,315,-210
103000122,269,369,-100
103000125,14,81,-67
103000126,681,0,681
103000127,21,71,-50
103000128,162,3,159
103000129,1,60,-59
103000130,70,39,31
103000131,103,74,29
103000132,85,114,-29
103000133,21,92,-71
103000134,176,698,-522
103000135,424,142,282
103000136,432,344,88
103000137,286,469,-183
103000138,400,502,-102
103000139,1,54,-53
103000140,121,36,85
103000141,23,107,-84
103000142,93,69,24
103000143,38,220,-182
103000144,149,60,89
103000145,13,271,-258
103000150,105,45,60
103000152,165,219,-54
103000153,219,184,35
103000156,3,130,-127
103000157,421,1,420
103000159,73,13,60
103000162,22,8,14
103000163,8,27,-19
103000164,12,9,3
103000165,47,157,-110
103000166,268,277,-9
103000167,150,160,-10
103000168,129,104,25
103000169,162,382,-220
103000170,1032,195,837
103000171,37,88,-51
103000172,590,173,417
103000173,767,189,578
103000174,222,165,57
103000175,360,153,207
103000176,614,459,155
103000177,293,267,26
103000178,93,209,-116
103000179,148,32,116
103000183,156,15,141
103000185,144,61,83
103000186,131,97,34
103000187,647,120,527
103000188,12,80,-68
103000189,568,637,-69
103000191,276,361,-85
103000292,456,1428,-972
103000293,599,2081,-1482
103000295,65,93,-28
103000296,116,2,114
103000297,10,16,-6
103000504,107,12,95
103000505,6,45,-39
103000506,1,105,-104
103000507,229,2,227
103000508,53,41,12
103000509,506,560,-54
103900001,1,41,-40
103900002,574,104,470
103900003,508,11,497
103900004,112,0,112
103900005,1,81,-80
103900006,1,4,-3
103900007,102,4,98
103900008,11,0,11
103900010,231,259,-28
103900012,10,39,-29
103900014,69,4,65
103900015,81,6,75
103900017,51,41,10
103900018,388,98,290
103900019,62,361,-299
103900020,237,377,-140
103900021,129,29,100
103900022,722,516,206
103900023,190,3,187
103900024,58,176,-118
103900025,27,17,10
103900026,30,0,30
103900027,462,174,288
103900028,228,384,-156
103900029,1131,153,978
103900030,273,103,170
103900031,37,1,36
103900032,117,109,8
103900033,33,21,12
103900034,47,56,-9
103900035,41,31,10
103900036,42,40,2
103900037,82,37,45
103900038,79,198,-119
103900039,130,131,-1
103900040,7,56,-49
103900041,34,22,12
103900042,63,90,-27
103900043,229,45,184
103900044,45,363,-318
103900045,336,103,233
103900047,96,9,87
103900048,25,41,-16
103900049,85,846,-761
103900050,6,106,-100
103900051,0,35,-35
103900052,160,177,-17
103900053,286,285,1
103900054,125,160,-35
103900055,351,138,213
103900056,62,25,37
103900057,41,61,-20
103900058,315,210,105
103900059,0,34,-34
103900060,76,74,2
103900061,179,24,155
103900062,336,113,223
103900063,7,0,7
103900064,167,2,165
103900065,387,197,190
103900066,231,46,185
103900067,154,7,147
103900068,6,0,6
103900069,82,9,73
103900070,119,101,18
103900071,14,66,-52
103900072,15,59,-44
103900073,48,36,12
103900074,72,26,46
103900075,215,27,188
103900076,559,243,316
103900077,22,143,-121
103900078,197,43,154
103900079,108,111,-3
103900080,3,12,-9
103900081,43,42,1
103900082,17,129,-112
103900083,1043,1163,-120
103900084,39,113,-74
103900085,43,103,-60
103900086,680,250,430
103900088,232,452,-220
103900089,43,76,-33
103900090,3,46,-43
103900091,711,165,546
103900092,620,247,373
103900093,31,226,-195
103900094,6,47,-41
103900095,158,156,2
103900096,40,75,-35
103900097,7,222,-215
103900098,252,127,125
103900099,85,53,32
103900100,221,142,79
103900101,96,723,-627
103900102,0,18,-18
103900104,1,26,-25
103900105,48,92,-44
103900106,1,67,-66
103900107,137,58,79
103900108,58,120,-62
103900109,133,36,97
103900110,167,43,124
103900111,122,185,-63
103900112,43,48,-5
103900113,70,166,-96
103900114,223,180,43
103900115,192,181,11
103900116,1349,2260,-911
103900117,96,23,73
103900119,34,90,-56
103900120,91,55,36
103900122,114,73,41
103900123,560,470,90
103900124,61,236,-175
103900125,96,25,71
103900126,489,168,321
103900127,144,124,20
103900128,295,102,193
103900131,36,58,-22
103900133,820,16,804
103900134,5,18,-13
103900135,5,0,5
103900137,0,6,-6
103900138,141,73,68
103900139,360,2694,-2334
103900140,1,180,-179
103900141,110,34,76
103900142,168,31,137
103900143,177,3,174
103900144,1,14,-13
103900145,105,161,-56
103900146,210,149,61
103900147,261,79,182
103900148,628,245,383
103900149,381,212,169
103900150,2671,3551,-880
103900151,20,100,-80
103900152,755,139,616
103900153,5,0,5
103900154,326,1599,-1273
103900155,51,132,-81
103900156,86,52,34
103900157,74,58,16
103900158,100,49,51
103900159,149,21,128
103900160,52,35,17
103900161,67,104,-37
103900162,189,134,55
103900163,10,297,-287
103900167,14,127,-113
103900168,103,34,69
103900169,39,60,-21
103900170,2,54,-52
103900171,5,16,-11
103900172,0,5,-5
103900173,17,16,1
103900174,249,22,227
103900175,23,80,-57
103900176,5,40,-35
103900177,27,57,-30
103900178,88,28,60
103900179,42,37,5
103900180,8,22,-14
103900181,52,31,21
103900182,34,7,27
103900184,187,88,99
103900185,75,366,-291
103900187,8,79,-71
103900188,57,47,10
103900189,124,6,118
103900190,60,48,12
103900191,26,43,-17
103900192,36,56,-20
103900193,69,97,-28
103900194,61,67,-6
103900195,7,98,-91
103900196,20,22,-2
103900197,8,14,-6
103900198,15,33,-18
103900199,121,60,61
103900200,150,52,98
103900201,73,71,2
103900202,3,22,-19
103900203,33,29,4
103900204,1,34,-33
103900207,0,28,-28
103900208,78,2,76
103900209,1,68,-67
103900210,41,31,10
103900211,551,166,385
103900212,345,171,174
103900213,22,150,-128
103900214,166,171,-5
103900215,136,236,-100
103900216,22,140,-118
103900217,231,6,225
103900218,33,243,-210
103900219,209,90,119
103900233,48,2,46
103900235,14,87,-73
103900236,12,10,2
103900242,6,2,4
103900243,2,3,-1
103900244,91,71,20
103900245,84,103,-19
103900246,30,31,-1
103900247,22,45,-23
103900248,5,40,-35
103900249,6,39,-33
103900250,20,17,3
103900251,4,30,-26
103900253,10,82,-72
103900254,2,20,-18
103900255,4,10,-6
103900256,24,20,4
103900257,179,144,35
103900258,9,9,0
103900259,29,3,26
103900261,18,6,12
103900262,20,1,19
103900263,28,28,0
103900264,13,4,9
103900265,21,2,19
103900266,4,60,-56
103900267,7,64,-57
103900268,19,25,-6
103900269,205,12,193
103900270,66,42,24
103900271,23,46,-23
103900272,43,17,26
103900273,31,9,22
103900274,104,4,100
103900275,53,5,48
103900276,2,19,-17
103900277,2,11,-9
103900278,1,10,-9
103900279,1,30,-29
103900280,1,21,-20
104000001,2301,1542,759
104000002,1390,1584,-194
104000003,1806,1529,277
104000004,1913,1757,156
104000005,1534,1493,41
104000006,2354,2014,340
104000007,3310,3248,62
104000008,146,145,1
104000009,196,107,89
104000010,173,277,-104
104000011,251,145,106
104000012,97,178,-81
104000013,232,187,45
104000014,163,328,-165
104000015,282,140,142
104000016,288,227,61
104000018,685,157,528
104000019,600,199,401
104000020,93,261,-168
104000021,173,292,-119
104000022,140,198,-58
104000023,837,302,535
104000024,209,230,-21
104000026,29,276,-247
104000027,225,142,83
104000028,341,219,122
104000029,337,170,167
104000030,243,140,103
104000031,1017,291,726
104000032,153,189,-36
104000033,573,357,216
104000034,264,160,104
104000035,920,263,657
104000036,760,368,392
104000037,228,93,135
104000038,637,468,169
104000039,177,85,92
104000040,109,248,-139
104000041,623,272,351
104000042,139,166,-27
104000043,147,208,-61
104000044,168,293,-125
104000045,607,501,106
104000046,507,768,-261
104000047,424,683,-259
104000048,679,653,26
104000049,555,175,380
104000050,109,547,-438
104000051,145,452,-307
104000052,1928,1600,328
104000053,845,363,482
104000054,194,104,90
104000055,2144,1351,793
104000056,724,283,441
104000057,246,303,-57
104000058,619,568,51
104000059,419,780,-361
104000060,859,1267,-408
104000061,774,591,183
104000062,484,105,379
104000064,478,197,281
104000065,122,535,-413
104000069,471,1319,-848
104000070,56,406,-350
104000071,237,288,-51
104000072,485,171,314
104000075,41,173,-132
104000076,348,48,300
104000082,1718,2346,-628
104000083,497,196,301
104000084,126,346,-220
104000085,209,234,-25
104000086,202,311,-109
104000087,322,1229,-907
104000090,737,559,178
104000092,1144,892,252
104000094,637,749,-112
104000095,1611,1077,534
104000096,1311,72,1239
104000097,1591,420,1171
104000098,2363,398,1965
104000100,1570,434,1136
104000101,1026,1011,15
104000106,85,445,-360
104000107,489,180,309
104000108,156,174,-18
104000109,181,94,87
104000110,583,544,39
104000111,1566,1727,-161
104000112,656,338,318
104000116,0,378,-378
104000117,202,218,-16
104000118,716,112,604
104000119,481,201,280
104000120,238,285,-47
104000121,246,475,-229
104000122,728,612,116
104000123,565,499,66
104000124,328,845,-517
104000125,1470,3320,-1850
104000126,270,310,-40
104000127,857,1094,-237
104000128,442,173,269
104000129,334,17,317
104000130,4,184,-180
104000131,255,353,-98
104000132,281,455,-174
104000133,1153,553,600
104000134,700,1222,-522
104000135,376,1215,-839
104000136,524,2560,-2036
104000137,1175,294,881
104000138,686,216,470
104000139,2715,1528,1187
104000141,688,699,-11
104000142,498,320,178
104000143,539,235,304
104000144,94,136,-42
104000145,338,154,184
104000146,153,345,-192
104000147,87,217,-130
104000148,299,161,138
104000149,140,112,28
104000150,880,385,495
104000151,220,212,8
104000152,482,238,244
104000153,519,470,49
104000154,557,255,302
104000155,383,616,-233
104000157,745,874,-129
104000158,139,421,-282
104000159,613,496,117
104000160,1326,1731,-405
104000161,154,145,9
104000162,94,113,-19
104000165,625,560,65
104000167,593,1074,-481
104000168,458,5,453
104000169,141,37,104
104000170,170,331,-161
104000248,212,375,-163
104000251,70,113,-43
104000272,0,0,0
104000273,0,0,0
104000274,0,0,0
104000275,0,0,0
104000279,1775,1846,-71
104000290,48,187,-139
104000291,409,783,-374
104000293,749,712,37
104000294,52,0,52
104000295,518,542,-24
104000296,482,509,-27
104000297,614,1470,-856
104000298,1478,730,748
104000299,590,909,-319
104000302,107,79,28
104000303,150,148,2
104900001,112,164,-52
104900002,71,143,-72
104900003,62,155,-93
104900004,63,137,-74
104900005,255,182,73
104900006,349,92,257
104900007,273,111,162
104900009,121,140,-19
104900010,59,51,8
104900011,9,10,-1
104900012,168,38,130
104900013,116,10,106
104900014,1147,206,941
104900015,94,7,87
104900016,175,117,58
104900017,154,80,74
104900018,13,123,-110
104900019,139,3068,-2929
104900020,35,172,-137
104900021,0,67,-67
104900022,9,119,-110
104900023,1,10,-9
104900024,12,290,-278
104900025,56,81,-25
104900026,1,20,-19
104900027,469,247,222
104900028,21,87,-66
104900029,31,19,12
104900030,424,122,302
104900031,70,172,-102
104900032,40,52,-12
104900033,164,213,-49
104900034,262,124,138
104900035,351,190,161
104900036,181,46,135
104900037,103,117,-14
104900038,136,762,-626
104900039,267,293,-26
104900040,325,66,259
104900041,231,103,128
104900042,147,156,-9
104900043,8,192,-184
104900044,688,110,578
104900045,323,54,269
104900046,205,63,142
104900047,341,68,273
104900048,265,45,220
104900049,59,31,28
104900050,233,46,187
104900051,234,31,203
104900052,95,2,93
104900053,386,56,330
104900054,177,16,161
104900055,135,0,135
104900056,135,19,116
104900057,35,0,35
104900058,404,235,169
104900059,108,88,20
104900061,136,183,-47
104900063,18,141,-123
104900064,6,75,-69
104900065,0,152,-152
104900066,15,68,-53
104900067,3,198,-195
104900068,22,119,-97
104900070,105,134,-29
104900071,0,225,-225
104900072,54,154,-100
104900073,44,41,3
104900074,44,117,-73
104900075,36,11,25
104900076,97,92,5
104900077,282,233,49
104900078,157,192,-35
104900079,56,451,-395
104900080,109,298,-189
104900082,6,247,-241
104900085,2,102,-100
104900089,238,1,237
104900091,370,321,49
104900093,122,223,-101
104900097,1148,1931,-783
104900098,137,20,117
104900099,30,333,-303
104900100,224,124,100
104900102,27,63,-36
104900103,232,20,212
104900106,106,49,57
104900107,87,74,13
104900108,31,88,-57
104900109,96,125,-29
104900110,5,41,-36
104900111,180,40,140
104900112,233,266,-33
104900113,574,169,405
104900114,319,159,160
104900115,585,159,426
104900116,314,76,238
104900118,33,16,17
104900119,3,44,-41
104900120,27,359,-332
104900121,0,23,-23
104900122,1,14,-13
104900123,60,14,46
104900124,32,1,31
104900125,354,121,233
104900126,27,24,3
104900127,14,44,-30
104900128,99,64,35
104900129,662,1738,-1076
105000001,2608,1249,1359
105000002,2181,1307,874
105000003,2598,2400,198
105000004,555,533,22
105000005,984,925,59
105000006,1137,1472,-335
105000007,1268,1578,-310
105000008,958,3292,-2334
105000009,2494,2923,-429
105000010,1826,948,878
105000011,3431,2856,575
105000012,2543,1629,914
105000013,1151,1110,41
105000014,2094,2724,-630
105000015,7272,12442,-5170
105000016,879,1226,-347
105000017,1141,512,629
105000018,730,1390,-660
105000019,598,760,-162
105000020,92,396,-304
105000021,162,138,24
105000022,150,129,21
105000023,515,218,297
105000028,26,68,-42
105000029,474,1155,-681
105000030,2238,1595,643
105000031,9,16,-7
105000033,988,1217,-229
105000034,133,884,-751
105000037,407,229,178
105000038,1191,1464,-273
105000039,1467,782,685
105000040,785,1105,-320
105000041,320,790,-470
105000042,2138,1558,580
105000043,837,1404,-567
105000044,572,398,174
105000045,205,319,-114
105000046,987,307,680
105000047,410,568,-158
105000048,419,195,224
105000049,211,309,-98
105000050,641,318,323
105000051,137,217,-80
105000052,532,576,-44
105000053,95,103,-8
105000054,330,593,-263
105000055,614,230,384
105000056,996,1439,-443
105000057,1039,404,635
105000058,907,702,205
105000059,645,392,253
105000060,449,349,100
105000061,692,338,354
105000062,438,409,29
105000063,278,221,57
105000064,1537,529,1008
105000065,358,332,26
105000066,683,830,-147
105000067,1105,609,496
105000068,269,624,-355
105000069,935,1802,-867
105000070,306,898,-592
105000071,174,919,-745
105000072,892,2369,-1477
105000073,783,511,272
105000074,590,411,179
105000075,402,435,-33
105000076,834,633,201
105000077,1505,779,726
105000078,712,1020,-308
105000079,841,2980,-2139
105000080,1168,1039,129
105000081,1879,1326,553
105000082,614,1980,-1366
105000083,2519,3559,-1040
105000084,388,558,-170
105000085,1665,2104,-439
105000086,574,641,-67
105000087,1078,1120,-42
105000088,1125,1399,-274
105000089,1638,1130,508
105000090,662,527,135
105000091,717,933,-216
105000092,423,684,-261
105000093,212,325,-113
105000094,216,186,30
105000095,95,444,-349
105000096,1062,1260,-198
105000097,550,510,40
105000098,909,514,395
105000099,674,739,-65
105000100,1407,955,452
105000101,1565,1250,315
105000102,1157,1233,-76
105000103,891,1744,-853
105000104,1893,811,1082
105000105,704,1144,-440
105000106,1008,969,39
105000107,1200,553,647
105000108,1469,893,576
105000109,1506,860,646
105000110,811,369,442
105000111,744,381,363
105000112,939,382,557
105000113,360,596,-236
105000114,1278,1087,191
105000115,251,1087,-836
105000116,845,408,437
105000117,788,452,336
105000118,576,301,275
105000119,420,456,-36
105000120,1028,348,680
105000121,658,475,183
105000122,384,526,-142
105000123,693,534,159
105000124,1947,567,1380
105000125,714,923,-209
105000126,1809,895,914
105000127,1875,1165,710
105000128,553,696,-143
105000129,726,234,492
105000130,243,2850,-2607
105000131,445,183,262
105000132,935,652,283
105000133,387,523,-136
105000134,954,436,518
105000135,279,285,-6
105000136,136,163,-27
105000137,585,182,403
105000138,144,208,-64
105000139,712,460,252
105000140,458,323,135
105000141,284,239,45
105000142,240,333,-93
105000143,126,340,-214
105000144,203,414,-211
105000145,651,212,439
105000146,298,486,-188
105000147,547,241,306
105000148,928,504,424
105000149,2179,1661,518
105000150,1148,695,453
105000151,435,247,188
105000152,124,283,-159
105000153,646,491,155
105000154,515,300,215
105000155,396,590,-194
105000156,444,323,121
105000157,552,905,-353
105000158,1506,536,970
105000159,313,601,-288
105000160,2249,544,1705
105000161,567,777,-210
105000162,530,1577,-1047
105000163,675,550,125
105000164,153,231,-78
105000165,481,5353,-4872
105000166,3018,990,2028
105000167,895,1564,-669
105000168,448,316,132
105000169,630,141,489
105000170,231,874,-643
105000171,891,114,777
105000172,129,10,119
105000173,260,31,229
105000174,67,33,34
105000175,69,60,9
105000176,439,72,367
105000177,336,157,179
105000178,229,193,36
105000179,721,88,633
105000180,169,58,111
105000181,142,118,24
105000182,51,24,27
105000183,1337,1832,-495
105000184,1041,834,207
105000185,873,1187,-314
105000186,375,592,-217
105000187,599,188,411
105000188,173,117,56
105000189,128,472,-344
105000190,241,228,13
105000191,295,238,57
105000192,259,57,202
105000193,58,90,-32
105000194,550,116,434
105000195,211,466,-255
105000196,94,255,-161
105000197,197,426,-229
105000198,343,193,150
105000199,143,596,-453
105000200,80,298,-218
105000201,42,44,-2
105000203,29,114,-85
105000204,78,66,12
105000205,85,134,-49
105000207,189,65,124
105000208,138,573,-435
105000209,137,143,-6
105000211,257,6,251
105000212,943,534,409
105000213,69,202,-133
105000214,179,159,20
105000215,268,120,148
105000216,126,127,-1
105000217,157,115,42
105000218,1387,876,511
105000221,132,102,30
105000222,476,157,319
105000223,247,141,106
105000226,115,80,35
105000227,71,66,5
105000228,88,1622,-1534
105000229,111,433,-322
105000231,306,262,44
105000233,947,589,358
105000234,414,667,-253
105000235,347,411,-64
105000237,777,32,745
105000243,27,22,5
105000248,42,75,-33
105000262,278,530,-252
105000269,120,155,-35
105000270,455,21,434
105000271,0,121,-121
105000282,48,21,27
105000287,236,102,134
105000288,486,292,194
105000289,1536,1812,-276
105000290,13,9,4
105000402,1811,3167,-1356
105000426,221,406,-185
105000438,2315,1426,889
105000440,36,19,17
105000446,5312,3724,1588
105000447,2309,1325,984
105000454,614,288,326
105000455,211,96,115
105000474,58,0,58
105000477,488,446,42
105000478,1640,4373,-2733
105000479,80,112,-32
105000480,6370,7365,-995
105000481,3975,3255,720
105000482,2664,4763,-2099
105000483,1507,2201,-694
105000484,1199,2054,-855
105000485,1099,2971,-1872
105000486,1599,1743,-144
105000488,6312,3204,3108
105000489,747,577,170
105000549,118,136,-18
105000550,324,934,-610
105000551,33,53,-20
105000552,1478,1001,477
105000555,928,950,-22
105000556,57,22,35
105000557,48,152,-104
105900001,2,1703,-1701
105900002,512,591,-79
105900003,14,71,-57
105900004,85,94,-9
105900005,1,202,-201
105900006,13,61,-48
105900007,25,20,5
105900008,74,292,-218
105900009,27,10,17
105900011,41,11,30
105900012,263,66,197
105900013,3,18,-15
105900014,2,31,-29
105900015,85,238,-153
105900016,369,198,171
105900017,1220,26,1194
105900018,179,132,47
105900019,19,148,-129
105900020,62,51,11
105900021,7,210,-203
105900022,179,96,83
105900023,7,74,-67
105900024,5,234,-229
105900025,233,9,224
105900026,144,14,130
105900027,8759,4973,3786
105900028,363,383,-20
105900029,1386,295,1091
105900030,168,196,-28
105900031,251,146,105
105900032,87,93,-6
105900033,67,52,15
105900034,148,107,41
105900035,153,99,54
105900036,129,57,72
105900037,89,36,53
105900038,107,144,-37
105900039,136,44,92
105900040,60,64,-4
105900041,171,113,58
105900042,83,115,-32
105900043,741,36,705
105900044,10,162,-152
105900045,3,595,-592
105900046,11,193,-182
105900047,6,35,-29
105900048,68,311,-243
105900050,4080,5286,-1206
105900051,67,806,-739
105900052,416,231,185
105900053,1745,2561,-816
105900054,238,123,115
105900056,260,185,75
105900057,6,103,-97
105900058,12,7,5
105900059,0,66,-66
106000001,2019,1689,330
106000002,773,3175,-2402
106000003,2469,2722,-253
106000004,1026,1725,-699
106000005,3336,3491,-155
106000006,3371,1642,1729
106000007,522,421,101
106000008,333,221,112
106000009,533,240,293
106000010,356,360,-4
106000011,1218,784,434
106000012,573,514,59
106000013,1586,1471,115
106000014,1096,832,264
106000015,1746,981,765
106000016,1256,1402,-146
106000017,551,563,-12
106000018,425,361,64
106000019,295,389,-94
106000020,326,295,31
106000021,262,384,-122
106000022,258,158,100
106000023,597,294,303
106000024,327,295,32
106000025,113,165,-52
106000026,93,157,-64
106000027,1434,1080,354
106000028,616,275,341
106000029,564,594,-30
106000030,289,534,-245
106000034,120,289,-169
106000035,751,1900,-1149
106000036,111,296,-185
106000037,1061,939,122
106000038,116,71,45
106000039,88,87,1
106000040,74,654,-580
106000041,599,404,195
106000043,450,202,248
106000046,236,48,188
106000047,29,370,-341
106000049,1023,143,880
106000050,204,337,-133
106000051,642,371,271
106000052,104,235,-131
106000053,437,121,316
106000054,182,184,-2
106000055,930,519,411
106000056,225,169,56
106000057,482,228,254
106000058,105,89,16
106000059,348,203,145
106000060,244,253,-9
106000061,177,439,-262
106000062,134,242,-108
106000063,782,501,281
106000064,30,163,-133
106000065,287,217,70
106000066,69,214,-145
106000067,347,86,261
106000068,63,414,-351
106000069,239,42,197
106000070,361,411,-50
106000071,809,261,548
106000072,1683,1029,654
106000073,983,2790,-1807
106000074,588,512,76
106000075,333,942,-609
106000076,1205,1142,63
106000077,2031,736,1295
106000078,919,494,425
106000079,639,489,150
106000080,941,365,576
106000081,585,784,-199
106000082,1450,507,943
106000083,432,1076,-644
106000084,861,361,500
106000085,971,1009,-38
106000086,574,599,-25
106000087,650,333,317
106000088,343,458,-115
106000089,873,192,681
106000090,250,480,-230
106000091,168,321,-153
106000092,547,178,369
106000093,350,121,229
106000094,64,175,-111
106000095,726,462,264
106000096,856,351,505
106000097,1005,433,572
106000098,586,541,45
106000099,174,813,-639
106000100,1017,149,868
106000101,790,376,414
106000102,162,734,-572
106000103,208,464,-256
106000104,860,273,587
106000105,336,376,-40
106000106,646,258,388
106000107,156,205,-49
106000108,395,186,209
106000109,210,134,76
106000110,273,146,127
106000111,191,168,23
106000112,264,434,-170
106000113,542,313,229
106000114,390,635,-245
106000115,195,226,-31
106000116,308,152,156
106000117,538,216,322
106000118,1130,1143,-13
106000119,567,433,134
106000120,818,1151,-333
106000121,223,148,75
106000122,155,72,83
106000123,521,98,423
106000124,76,72,4
106000125,38,133,-95
106000126,287,39,248
106000127,932,446,486
106000128,885,126,759
106000129,430,284,146
106000130,744,250,494
106000131,147,559,-412
106000132,511,101,410
106000133,1283,999,284
106000134,333,1721,-1388
106000135,111,387,-276
106000136,537,901,-364
106000137,52,493,-441
106000138,1182,70,1112
106000139,28,38,-10
106000140,41,38,3
106000141,108,23,85
106000142,71,49,22
106000143,25,35,-10
106000144,68,27,41
106000145,261,112,149
106000146,391,84,307
106000147,653,359,294
106000148,847,447,400
106000149,566,316,250
106000150,469,1678,-1209
106000151,2235,535,1700
106000152,701,1671,-970
106000153,79,1220,-1141
106000154,875,123,752
106000155,126,175,-49
106000156,806,140,666
106000157,410,1075,-665
106000158,1303,666,637
106000159,1410,1459,-49
106000160,416,2378,-1962
106000161,828,167,661
106000162,316,763,-447
106000163,274,184,90
106000164,484,188,296
106000165,190,267,-77
106000166,737,183,554
106000167,378,455,-77
106000168,574,165,409
106000169,237,356,-119
106000170,720,159,561
106000171,215,784,-569
106000172,1963,943,1020
106000173,927,1442,-515
106000174,904,252,652
106000175,200,418,-218
106000176,1523,674,849
106000177,633,1365,-732
106000178,2372,1083,1289
106000179,531,1028,-497
106000180,490,533,-43
106000181,817,883,-66
106000182,1312,401,911
106000183,1456,272,1184
106000184,1527,362,1165
106000185,919,826,93
106000186,433,50,383
106000187,102,672,-570
106000188,0,3,-3
106000189,3,42,-39
106000190,24,0,24
106000191,531,77,454
106000192,1,12,-11
106000193,296,122,174
106000194,63,204,-141
106000195,306,86,220
106000196,121,325,-204
106000197,444,157,287
106000198,155,129,26
106000199,423,608,-185
106000200,179,204,-25
106000201,298,2606,-2308
106000202,1714,399,1315
106000203,19,142,-123
106000204,114,7,107
106000205,16,85,-69
106000206,61,18,43
106000207,17,222,-205
106000208,1217,189,1028
106000209,1274,357,917
106000210,184,382,-198
106000211,199,607,-408
106000212,717,416,301
106000213,205,1167,-962
106000214,1280,333,947
106000215,198,343,-145
106000216,351,340,11
106000217,138,194,-56
106000218,319,252,67
106000219,139,171,-32
106000220,418,207,211
106000221,181,105,76
106000222,88,44,44
106000223,276,94,182
106000224,291,83,208
106000225,105,138,-33
106000226,87,135,-48
106000228,49,74,-25
106000229,60,517,-457
106000231,868,111,757
106000232,97,148,-51
106000233,379,86,293
106000234,29,148,-119
106000235,208,147,61
106000236,43,75,-32
106000237,0,20,-20
106000238,16,23,-7
106000239,2,97,-95
106000240,29,2,27
106000241,20,414,-394
106000242,222,35,187
106000249,48,32,16
106000250,98,368,-270
106000251,82,18,64
106000252,14,52,-38
106000253,58,35,23
106000254,58,28,30
106000255,26,123,-97
106000256,36,21,15
106000257,135,132,3
106000258,76,20,56
106000259,7,36,-29
106000260,32,4,28
106000261,3,40,-37
106000262,71,17,54
106000263,15,43,-28
106000264,124,17,107
106000265,5,67,-62
106000266,81,14,67
106000267,6,40,-34
106000268,240,36,204
106000269,41,29,12
106000270,87,232,-145
106000271,49,95,-46
106000272,155,25,130
106000273,9,157,-148
106000274,117,28,89
106000275,137,162,-25
106000276,64,26,38
106000277,86,200,-114
106000278,105,11,94
106000279,3,18,-15
106000280,50,19,31
106000281,90,19,71
106000282,48,71,-23
106000283,91,40,51
106000284,103,67,36
106000285,89,56,33
106000286,99,68,31
106000287,79,66,13
106000288,61,91,-30
106000289,88,74,14
106000290,78,48,30
106000291,68,90,-22
106000292,77,44,33
106000293,153,77,76
106000294,104,90,14
106000295,48,42,6
106000296,34,67,-33
106000297,41,173,-132
106000298,70,81,-11
106000299,32,76,-44
106000300,52,79,-27
106000301,65,78,-13
106000303,24,64,-40
106000304,20,13,7
106000305,43,24,19
106000306,56,34,22
106000307,64,29,35
106000308,21,54,-33
106000309,10,40,-30
106000310,256,204,52
106000311,297,112,185
106000312,159,68,91
106000313,224,110,114
106000318,26,286,-260
106000319,899,216,683
106000320,2,66,-64
106000321,169,112,57
106000322,175,63,112
106000324,17,80,-63
106000325,1643,789,854
106000326,1070,1041,29
106000327,277,60,217
106000328,13,70,-57
106000329,75,117,-42
106000330,18,54,-36
106000428,97,109,-12
106000429,157,294,-137
106000430,305,712,-407
106000431,2032,302,1730
106000432,1031,1822,-791
106000433,2258,1124,1134
106000434,2923,1197,1726
106000435,719,1659,-940
106000436,20,89,-69
106000437,270,41,229
106000438,315,191,124
106000439,82,239,-157
106000440,249,545,-296
106000441,1,2,-1
106000442,177,4,173
106000443,229,128,101
106000450,1,61,-60
106000451,22,60,-38
106000454,2,64,-62
106000455,6,93,-87
106000456,115,30,85
106000457,14,315,-301
106000458,937,52,885
106000459,174,125,49
106000460,1402,18,1384
106000461,111,335,-224
106000462,2,27,-25
106000463,5,6,-1
106000464,5,186,-181
106000465,696,2,694
106000466,6,189,-183
106000467,119,196,-77
106000468,70,84,-14
106000469,89,11,78
106000470,193,1636,-1443
106000471,17,245,-228
106000472,113,4,109
106000473,21,8,13
106000474,410,316,94
106000475,483,147,336
106000476,142,214,-72
106000477,52,76,-24
106000480,0,285,-285
106900001,0,3,-3
106900002,3,209,-206
106900003,139,1302,-1163
106900004,2,16,-14
106900006,0,3,-3
106900007,1,10,-9
106900008,383,48,335
106900009,322,119,203
106900010,176,132,44
106900012,776,1856,-1080
106900013,444,147,297
106900014,30,0,30
106900015,9,0,9
106900016,303,33,270
106900017,16,4,12
106900018,7,0,7
106900019,80,2,78
106900020,2209,1441,768
106900021,214,226,-12
106900022,787,3,784
106900023,8,99,-91
106900024,419,47,372
106900025,34,632,-598
106900026,43,190,-147
106900027,790,1,789
107000001,2851,3879,-1028
107000002,1018,1957,-939
107000003,5905,5513,392
107000004,2553,1912,641
107000005,5535,4895,640
107000006,2708,1433,1275
107000007,4500,7189,-2689
107000008,4071,2955,1116
107000009,7260,6850,410
107000010,5262,4540,722
107000011,637,727,-90
107000012,2462,1549,913
107000013,220,90,130
107000014,61,72,-11
107000015,412,391,21
107000016,654,431,223
107000017,778,2491,-1713
107000018,6,1966,-1960
107000020,721,2579,-1858
107000021,900,402,498
107000022,575,1575,-1000
107000023,1519,168,1351
107000024,587,1004,-417
107000025,134,219,-85
107000026,355,222,133
107000027,1293,666,627
107000028,1227,602,625
107000029,3024,2685,339
107000030,1873,1504,369
107000031,4194,2077,2117
107000032,307,587,-280
107000033,1659,2374,-715
107000034,3310,839,2471
107000035,344,169,175
107000036,339,875,-536
107000037,123,527,-404
107000038,180,155,25
107000039,933,687,246
107000040,207,157,50
107000041,1029,585,444
107000042,459,1465,-1006
107000043,1512,794,718
107000044,311,238,73
107000045,80,195,-115
107000046,640,303,337
107000047,350,537,-187
107000048,663,198,465
107000049,523,515,8
107000050,985,489,496
107000051,158,219,-61
107000052,830,926,-96
107000053,323,252,71
107000054,43,203,-160
107000055,328,142,186
107000056,342,551,-209
107000057,1292,171,1121
107000058,1758,1918,-160
107000059,1349,1932,-583
107000060,4449,4377,72
107000061,3376,1909,1467
107000062,4914,2511,2403
107000063,3438,2480,958
107000064,4442,2146,2296
107000065,2274,2459,-185
107000066,1292,2509,-1217
107000067,1137,1255,-118
107000068,850,908,-58
107000069,934,553,381
107000070,988,6,982
107000071,3529,76,3453
107000072,18,1047,-1029
107000073,971,439,532
107000074,90,703,-613
107000075,1944,515,1429
107000076,308,561,-253
107000077,3399,1308,2091
107000078,1561,1410,151
107000079,2441,950,1491
107000080,762,1627,-865
107000081,2085,501,1584
107000082,364,447,-83
107000083,1163,401,762
107000084,370,984,-614
107000085,2692,2499,193
107000086,2392,2250,142
107000087,2651,1877,774
107000088,2553,2222,331
107000089,1452,1299,153
107000090,913,584,329
107000091,1548,727,821
107000092,656,585,71
107000093,1156,683,473
107000094,818,834,-16
107000095,808,478,330
107000096,422,469,-47
107000097,837,256,581
107000098,359,394,-35
107000099,350,299,51
107000100,154,234,-80
107000101,60,142,-82
107000102,155,191,-36
107000103,293,194,99
107000104,137,224,-87
107000105,322,83,239
107000106,157,175,-18
107000107,500,90,410
107000108,102,273,-171
107000109,655,127,528
107000110,70,283,-213
107000111,386,37,349
107000112,39,170,-131
107000113,753,89,664
107000114,104,315,-211
107000115,723,195,528
107000116,71,343,-272
107000117,149,778,-629
107000118,89,93,-4
107000119,1076,1402,-326
107000120,772,457,315
107000121,814,557,257
107000122,866,437,429
107000123,547,368,179
107000124,484,437,47
107000125,956,466,490
107000126,862,303,559
107000129,200,378,-178
107000130,688,242,446
107000131,280,347,-67
107000132,474,244,230
107000133,292,141,151
107000134,204,1,203
107000135,4,300,-296
107000136,513,3,510
107000137,2,500,-498
107000138,178,36,142
107000139,11,571,-560
107000140,1387,69,1318
107000141,129,561,-432
107000142,458,87,371
107000143,49,494,-445
107000144,501,453,48
107000145,164,357,-193
107000146,138,274,-136
107000147,4040,769,3271
107000150,343,2240,-1897
107000151,24,45,-21
107000152,616,1575,-959
107000153,90,228,-138
107000154,79,257,-178
107000155,727,17,710
107000156,1087,37,1050
107000157,66,484,-418
107000158,767,16,751
107000159,34,350,-316
107000160,1244,111,1133
107000161,71,471,-400
107000162,269,471,-202
107000163,195,48,147
107000164,701,0,701
107000165,1044,6,1038
107000166,16,403,-387
107000167,607,164,443
107000168,911,495,416
107000169,435,606,-171
107000170,2437,628,1809
107000171,457,669,-212
107000172,1216,1370,-154
107000173,369,569,-200
107000174,1134,4513,-3379
107000175,3209,1001,2208
107000176,0,0,0
107000177,1,0,1
107000178,15,5,10
107000179,257,974,-717
107000180,1568,200,1368
107000181,341,531,-190
107000182,1938,491,1447
107000183,146,417,-271
107000184,1019,463,556
107000185,343,704,-361
107000186,1147,311,836
107000187,1192,1227,-35
107000188,611,512,99
107000189,486,663,-177
107000190,663,559,104
107000191,835,827,8
107000192,1540,435,1105
107000193,326,371,-45
107000194,642,485,157
107000197,819,207,612
107000198,264,448,-184
107000199,945,430,515
107000200,463,465,-2
107000201,380,320,60
107000202,271,358,-87
107000203,619,1196,-577
107000204,711,1407,-696
107000205,1351,601,750
107000206,399,1317,-918
107000207,381,1109,-728
107000208,474,451,23
107000209,786,1104,-318
107000210,208,180,28
107000211,2,53,-51
107000212,8,126,-118
107000213,4,23,-19
107000214,13,64,-51
107000215,456,212,244
107000216,356,242,114
107000217,175,77,98
107000219,68,147,-79
107000220,107,71,36
107000222,238,320,-82
107000224,551,75,476
107000225,159,189,-30
107000226,435,96,339
107000227,80,126,-46
107000228,285,434,-149
107000229,76,110,-34
107000230,755,381,374
107000231,617,1588,-971
107000232,133,14,119
107000233,342,760,-418
107000234,2,55,-53
107000235,88,13,75
107000236,8,311,-303
107000237,57,0,57
107000238,46,2,44
107000239,1798,459,1339
107000240,82,326,-244
107000243,0,43,-43
107000244,1,65,-64
107000246,1,987,-986
107000249,3,1126,-1123
107000251,1,314,-313
107000252,2,334,-332
107000255,213,88,125
107000257,1,452,-451
107000258,2,128,-126
107000259,4,91,-87
107000260,1740,23,1717
107000262,12,219,-207
107000263,398,5,393
107000266,6,12,-6
107000267,30,50,-20
107000268,126,64,62
107000269,34,5,29
107000270,60,17,43
107000271,3,0,3
107000272,43,0,43
107000273,6,174,-168
107000274,339,2,337
107000275,239,1701,-1462
107000280,1042,35,1007
107000281,33,273,-240
107000282,80,360,-280
107000290,8,42,-34
107000291,8,4,4
107000292,2,282,-280
107000293,12,4,8
107000294,0,70,-70
107000295,30,4,26
107000296,0,6,-6
107000444,216,1,215
107000496,0,5,-5
107000497,984,994,-10
107000500,327,196,131
107000501,83,161,-78
107000502,185,148,37
107000505,217,469,-252
107000506,0,0,0
107000508,2,227,-225
107000509,150,503,-353
107000510,20,28,-8
107000514,40,485,-445
107000515,9,58,-49
107000516,487,281,206
107000518,1091,1538,-447
107000519,915,583,332
107000520,90,34,56
107000521,788,227,561
107000522,1098,371,727
107900001,92,91,1
107900002,46,14,32
107900003,449,30,419
107900004,3,0,3
107900005,1551,1,1550
107900006,182,3,179
107900007,363,36,327
107900008,29,6,23
107900009,93,8,85
107900010,64,3,61
107900012,231,61,170
107900013,116,19,97
107900014,42,2,40
107900015,1008,8,1000
107900016,243,60,183
107900017,11,1,10
107900018,83,182,-99
107900019,12,14,-2
107900020,18,14,4
107900021,115,45,70
107900023,2,1,1
107900024,0,1,-1
107900025,235,145,90
107900026,69,14,55
107900027,38,31,7
107900028,100,56,44
107900030,170,43,127
107900031,76,47,29
107900032,3,9,-6
107900033,24,4,20
107900034,261,17,244
107900035,1068,47,1021
107900036,90,16,74
107900037,1,7,-6
107900038,49,232,-183
107900039,39,23,16
107900040,23,171,-148
107900041,1,3,-2
107900043,45,61,-16
107900044,8,5,3
107900045,68,36,32
107900046,179,145,34
107900047,58,19,39
107900048,219,11,208
107900049,271,554,-283
107900050,62,135,-73
107900051,43,24,19
107900052,22,44,-22
107900053,48,35,13
107900055,438,167,271
107900056,107,57,50
107900057,4,0,4
107900058,28,330,-302
107900060,11,24,-13
107900061,6,9,-3
107900063,100,85,15
107900064,132,196,-64
107900065,270,13,257
107900066,22,6,16
107900067,0,0,0
107900068,59,772,-713
107900069,27,2318,-2291
107900070,157,61,96
107900071,19,195,-176
107900072,129,70,59
107900073,83,67,16
107900074,345,265,80
107900076,153,25,128
107900077,88,7,81
107900079,13,19,-6
107900080,194,788,-594
107900081,53,48,5
107900082,9,6,3
107900083,376,140,236
107900084,124,80,44
107900086,35,168,-133
107900087,302,146,156
107900088,29,18,11
107900089,149,579,-430
107900090,372,1774,-1402
107900091,104,130,-26
107900093,41,28,13
107900095,1486,1658,-172
107900097,11,52,-41
107900098,61,142,-81
107900100,552,1063,-511
107900101,397,70,327
107900102,19,8,11
107900103,52,93,-41
107900104,177,6,171
107900105,3,134,-131
107900106,0,354,-354
107900107,1122,390,732
107900108,106,87,19
107900109,1557,39,1518
107900110,61,34,27
107900111,10,282,-272
107900112,59,378,-319
107900113,207,21,186
107900114,288,60,228
107900115,0,25,-25
107900116,216,39,177
107900117,161,109,52
107900118,43,85,-42
107900119,71,185,-114
107900120,22,37,-15
107900121,7,108,-101
107900122,0,81,-81
107900123,3,33,-30
107900124,14,20,-6
107900125,5,156,-151
107900126,6,59,-53
107900127,419,316,103
107900128,50,60,-10
107900129,66,16,50
107900130,91,16,75
107900131,138,387,-249
107900132,63,127,-64
107900133,0,45,-45
107900134,21,93,-72
107900135,13,84,-71
107900136,37,20,17
107900137,70,74,-4
107900138,56,22,34
107900139,101,23,78
107900141,38,30,8
107900142,39,264,-225
107900143,21,7,14
107900144,1,103,-102
107900145,8,27,-19
107900146,43,86,-43
107900147,29,21,8
107900148,96,55,41
107900149,310,79,231
107900150,46,234,-188
107900151,26,46,-20
107900152,8,75,-67
107900153,86,223,-137
107900154,68,18,50
107900155,72,53,19
107900156,2,122,-120
107900157,28,49,-21
107900158,822,33,789
107900159,18,225,-207
107900160,136,190,-54
107900161,68,65,3
107900162,0,41,-41
107900163,14,38,-24
107900164,11,30,-19
107900165,38,175,-137
107900166,25,56,-31
107900167,9,40,-31
107900168,61,20,41
107900169,0,171,-171
107900171,4,369,-365
107900172,1,137,-136
107900173,20,52,-32
107900174,183,3,180
107900175,26,31,-5
107900176,26,11,15
107900177,0,93,-93
107900178,0,64,-64
107900179,15,50,-35
107900180,246,767,-521
107900181,222,138,84
107900182,3,298,-295
107900183,45,80,-35
107900184,82,105,-23
107900185,200,3,197
107900186,31,36,-5
107900187,2,181,-179
107900188,235,97,138
107900189,16,72,-56
107900190,45,128,-83
107900191,35,82,-47
107900193,7,46,-39
107900194,185,17,168
107900195,711,163,548
107900196,64,47,17
107900197,231,294,-63
107900199,1,426,-425
107900201,52,73,-21
107900203,22,31,-9
107900204,127,155,-28
107900206,750,348,402
107900207,0,296,-296
107900208,6,195,-189
107900209,195,109,86
107900210,27,44,-17
107900213,260,328,-68
107900214,23,42,-19
107900215,102,278,-176
107900216,109,30,79
107900217,17,68,-51
107900218,5,1169,-1164
107900219,31,14,17
107900220,87,185,-98
107900221,96,119,-23
107900223,98,119,-21
107900224,51,275,-224
107900225,0,299,-299
107900226,97,46,51
107900227,87,199,-112
107900228,25,58,-33
107900229,2,77,-75
107900230,15,23,-8
107900231,24,78,-54
107900232,96,61,35
107900233,3,77,-74
107900234,84,72,12
107900235,15,80,-65
107900236,167,40,127
107900237,21,170,-149
107900238,22,41,-19
107900239,310,465,-155
107900240,51,40,11
107900241,11,48,-37
107900242,28,57,-29
107900243,0,50,-50
107900244,279,6,273
107900245,620,20,600
107900246,205,14,191
107900248,230,60,170
107900249,895,40,855
107900250,0,190,-190
107900251,59,483,-424
107900252,704,11,693
107900253,198,9,189
107900254,34,109,-75
107900255,120,60,60
107900256,398,1283,-885
107900257,187,71,116
107900258,105,79,26
107900259,66,2126,-2060
107900261,2,62,-60
107900262,22,43,-21
107900264,525,10,515
107900265,108,61,47
107900267,316,19,297
107900268,7,2,5
107900269,0,3,-3
107900270,0,1,-1
107900271,0,27,-27
107900272,24,34,-10
107900273,42,41,1
107900274,94,0,94
107900275,18,0,18
107900276,2,24,-22
107900277,0,118,-118
107900278,325,134,191
107900279,51,132,-81
107900280,1682,1268,414
107900281,376,3310,-2934
107900282,30,575,-545
107900283,563,518,45
107900284,438,277,161
107900285,124,36,88
107900286,34,57,-23
107900287,290,163,127
107900290,0,195,-195
107900291,478,25,453
107900292,71,75,-4
107900293,74,166,-92
107900295,31,19,12
107900297,0,210,-210
107900298,489,310,179
107900299,1671,2340,-669
107900301,481,740,-259
107900302,73,16,57
107900303,205,135,70
107900304,337,160,177
107900305,278,13,265
107900306,3,45,-42
107900307,58,220,-162
107900308,186,141,45
107900309,58,1,57
107900310,105,1,104
107900311,3,545,-542
107900312,74,0,74
107900313,1,118,-117
107900314,0,25,-25
107900315,0,48,-48
107900316,12,6,6
107900317,78,5,73
107900318,4,113,-109
107900319,2,49,-47
107900320,0,51,-51
107900321,141,0,141
107900322,0,54,-54
107900323,3,66,-63
107900324,75,0,75
107900325,123,3,120
107900326,312,89,223
107900327,2,78,-76
107900328,34,0,34
107900329,38,212,-174
107900330,5,126,-121
107900331,347,13,334
107900332,376,11,365
107900333,65,27,38
107900334,3,55,-52
107900335,31,20,11
107900336,30,37,-7
107900337,477,787,-310
107900338,8,83,-75
107900339,4,14,-10
107900340,0,59,-59
107900341,45,0,45
107900342,99,72,27
107900343,33,5,28
107900344,20,51,-31
107900345,82,9,73
107900346,10,0,10
107900347,12,0,12
107900348,9,1,8
107900349,24,4,20
107900350,10,184,-174
107900351,2,55,-53
107900352,7,10,-3
107900353,12,8,4
107900354,8,28,-20
108000001,2776,2803,-27
108000002,1330,1158,172
108000003,2829,2858,-29
108000004,7919,8298,-379
108000005,6057,5297,760
108000006,4228,3743,485
108000007,4137,3427,710
108000008,3022,3292,-270
108000009,3530,3753,-223
108000010,2095,2522,-427
108000011,10607,9408,1199
108000012,8751,8296,455
108000014,434,1014,-580
108000015,815,190,625
108000016,259,644,-385
108000017,980,258,722
108000018,1648,479,1169
108000019,1010,574,436
108000020,1130,415,715
108000021,177,1024,-847
108000022,267,738,-471
108000023,1220,164,1056
108000024,206,328,-122
108000025,218,42,176
108000026,958,255,703
108000027,569,325,244
108000028,877,140,737
108000029,517,393,124
108000030,440,125,315
108000031,175,273,-98
108000032,1936,473,1463
108000033,558,609,-51
108000034,1600,380,1220
108000035,557,1272,-715
108000036,307,544,-237
108000037,1599,291,1308
108000038,2505,401,2104
108000039,419,1010,-591
108000040,1788,749,1039
108000041,416,1292,-876
108000042,411,132,279
108000043,213,243,-30
108000044,661,95,566
108000045,231,130,101
108000046,1464,283,1181
108000047,324,509,-185
108000048,113,221,-108
108000049,814,226,588
108000050,106,470,-364
108000051,403,156,247
108000052,94,319,-225
108000053,428,222,206
108000054,304,696,-392
108000055,935,594,341
108000056,958,1150,-192
108000057,652,1282,-630
108000058,1579,3098,-1519
108000059,1751,1121,630
108000060,250,652,-402
108000061,194,314,-120
108000062,897,523,374
108000063,456,301,155
108000064,188,161,27
108000065,452,279,173
108000066,1164,677,487
108000067,1751,602,1149
108000068,821,353,468
108000069,187,451,-264
108000070,1916,585,1331
108000071,496,794,-298
108000072,1593,745,848
108000073,746,907,-161
108000074,610,363,247
108000075,261,398,-137
108000076,667,514,153
108000077,439,369,70
108000078,2484,794,1690
108000079,458,449,9
108000080,1361,384,977
108000081,613,918,-305
108000082,583,1059,-476
108000083,1542,946,596
108000084,362,720,-358
108000085,895,453,442
108000086,463,364,99
108000087,155,1912,-1757
108000088,720,163,557
108000089,261,250,11
108000091,223,272,-49
108000092,181,94,87
108000093,212,216,-4
108000094,675,78,597
108000095,191,172,19
108000096,319,145,174
108000097,174,227,-53
108000098,1642,732,910
108000099,961,263,698
108000100,192,486,-294
108000101,1281,1411,-130
108000102,1511,3248,-1737
108000106,768,0,768
108000107,2,572,-570
108000108,485,44,441
108000109,3,477,-474
108000110,338,228,110
108000111,128,338,-210
108000112,76,110,-34
108000113,303,131,172
108000115,170,185,-15
108000117,341,271,70
108000118,387,1885,-1498
108000119,401,190,211
108000120,159,652,-493
108000121,124,242,-118
108000122,589,276,313
108000123,607,116,491
108000124,311,185,126
108000125,571,132,439
108000126,174,272,-98
108000127,474,176,298
108000128,574,240,334
108000129,246,337,-91
108000130,519,182,337
108000131,856,427,429
108000132,1012,674,338
108000133,996,425,571
108000134,464,313,151
108000135,1113,444,669
108000136,325,635,-310
108000137,542,152,390
108000138,373,385,-12
108000139,472,229,243
108000140,210,17,193
108000141,46,21,25
108000142,46,30,16
108000143,48,187,-139
108000144,526,45,481
108000145,79,8,71
108000146,977,58,919
108000147,47,23,24
108000148,614,67,547
108000149,16,10,6
108000150,43,14,29
108000151,84,43,41
108000152,70,167,-97
108000153,578,94,484
108000154,59,4,55
108000155,41,12,29
108000156,538,242,296
108000157,139,1347,-1208
108000158,63,729,-666
108000159,162,175,-13
108000160,1336,862,474
108000161,1010,2558,-1548
108000165,3,208,-205
108000172,2,250,-248
108000173,614,1569,-955
108000175,742,141,601
108000178,265,173,92
108000179,139,805,-666
108000181,70,21,49
108000182,177,71,106
108000183,20,248,-228
108000184,569,2219,-1650
108000185,203,225,-22
108000186,374,208,166
108000187,156,220,-64
108000188,664,105,559
108000189,910,8947,-8037
108000190,54,191,-137
108000192,223,312,-89
108000193,266,7,259
108000194,9,7,2
108000195,0,429,-429
108000196,102,94,8
108000198,768,132,636
108000199,0,324,-324
108000200,339,133,206
108000203,136,223,-87
108000204,139,77,62
108000205,160,202,-42
108000339,689,340,349
108000364,137,492,-355
108000365,49,196,-147
108000367,111,141,-30
108000368,7,74,-67
108000369,525,166,359
108000371,3,484,-481
108000372,591,8,583
108000373,256,71,185
108000376,102,37,65
108000377,531,155,376
108000378,7226,8840,-1614
108000379,17,149,-132
108000381,84,7,77
108000382,75,0,75
108000383,0,211,-211
108900001,53,389,-336
108900002,181,60,121
108900003,207,293,-86
108900004,68,406,-338
108900007,334,136,198
108900008,118,94,24
108900009,113,100,13
108900010,339,128,211
108900011,732,238,494
108900012,387,311,76
108900013,179,192,-13
108900014,32,96,-64
108900015,3,192,-189
108900016,2,111,-109
108900017,184,313,-129
108900018,176,126,50
108900019,39,242,-203
108900020,46,73,-27
108900021,118,86,32
108900022,78,3,75
108900023,14,36,-22
108900024,29,63,-34
108900025,159,51,108
108900026,8,63,-55
108900027,1,17,-16
108900028,106,128,-22
108900029,40,116,-76
108900030,0,24,-24
108900031,139,132,7
108900032,7,107,-100
108900033,0,54,-54
108900034,0,130,-130
108900035,206,492,-286
108900038,0,148,-148
108900039,0,193,-193
108900040,10,47,-37
108900041,2512,2684,-172
108900042,7,376,-369
108900043,33,238,-205
108900044,2,141,-139
108900045,108,155,-47
108900046,27,298,-271
108900047,16,215,-199
108900048,75,399,-324
108900049,1013,1377,-364
108900050,0,81,-81
108900051,0,87,-87
108900052,50,114,-64
108900053,26,195,-169
108900054,50,130,-80
108900055,26,236,-210
108900056,4,72,-68
108900057,0,56,-56
108900058,22,127,-105
108900059,525,34,491
108900060,104,134,-30
108900061,85,33,52
108900062,6,84,-78
108900063,8,97,-89
108900064,257,13,244
108900065,8,107,-99
108900066,507,103,404
108900067,7,90,-83
108900068,6,64,-58
108900069,94,36,58
108900070,32,55,-23
108900071,90,44,46
108900072,1100,344,756
108900073,27,83,-56
108900074,200,95,105
108900075,41,47,-6
108900076,350,40,310
108900077,108,208,-100
108900078,26,59,-33
108900079,394,106,288
108900080,20,676,-656
108900081,37,176,-139
108900082,111,52,59
108900083,13,224,-211
108900085,901,113,788
108900086,145,96,49
108900087,44,106,-62
108900088,765,401,364
108900089,28,164,-136
108900090,61,89,-28
108900091,103,39,64
108900092,442,262,180
108900093,140,104,36
108900094,244,54,190
108900095,10,133,-123
108900096,164,11,153
108900097,266,79,187
108900098,945,625,320
108900099,404,72,332
108900100,63,73,-10
108900101,169,257,-88
108900102,40,987,-947
108900103,99,142,-43
108900105,8,1402,-1394
108900106,492,135,357
108900108,211,20,191
108900109,456,67,389
108900110,201,177,24
108900111,489,200,289
108900113,31,64,-33
108900114,63,8,55
108900115,112,56,56
108900116,31,14,17
108900117,214,16,198
108900118,703,22,681
108900119,326,20,306
108900120,232,171,61
108900121,192,73,119
108900122,148,22,126
108900123,131,127,4
108900124,580,169,411
108900125,569,3,566
108900126,176,34,142
108900127,205,54,151
108900128,153,36,117
108900129,716,160,556
108900130,441,0,441
108900131,494,8,486
108900132,462,60,402
108900133,303,27,276
108900134,515,119,396
108900135,240,19,221
108900136,29,4,25
108900137,144,9,135
108900138,833,51,782
108900140,393,125,268
108900141,454,22,432
108900142,121,6,115
108900143,107,4,103
108900144,103,0,103
108900145,239,23,216
108900146,75,0,75
108900147,254,1,253
108900148,46,12,34
108900150,232,4,228
108900151,86,14,72
108900152,185,4,181
108900153,191,104,87
108900154,3905,307,3598
108900156,61,9,52
108900157,21,252,-231
108900158,407,13,394
108900159,0,66,-66
108900160,7,183,-176
108900161,2,187,-185
108900162,127,3,124
108900163,1,315,-314
108900164,54,53,1
108900168,3287,1843,1444
108900169,71,72,-1
108900171,2239,2771,-532
108900172,123,33,90
108900173,116,203,-87
108900174,943,421,522
108900176,80,169,-89
108900177,2417,5399,-2982
108900178,1935,3263,-1328
108900180,123,291,-168
108900183,153,148,5
108900184,376,129,247
108900185,98,204,-106
108900186,37,198,-161
108900189,326,84,242
108900190,143,1071,-928
108900192,73,78,-5
108900195,70,69,1
108900196,33,157,-124
108900199,187,228,-41
108900200,564,305,259
108900201,371,795,-424
108900203,384,93,291
108900204,293,14,279
108900205,210,48,162
108900206,346,53,293
108900207,103,120,-17
108900208,15,224,-209
108900209,149,383,-234
108900210,137,145,-8
108900211,141,541,-400
108900212,240,1207,-967
108900215,58,207,-149
108900216,222,296,-74
108900217,68,2,66
108900218,40,13,27
108900221,29,120,-91
108900224,26,81,-55
108900225,0,130,-130
108900227,93,340,-247
108900230,70,135,-65
108900232,0,85,-85
108900233,345,92,253
108900234,256,103,153
108900235,93,245,-152
108900236,17,138,-121
108900240,83,73,10
108900241,24,33,-9
108900245,6,901,-895
108900250,148,92,56
108900258,2,79,-77
108900259,25,24,1
108900260,10,39,-29
108900261,53,35,18
108900262,52,111,-59
108900263,17,103,-86
108900264,268,241,27
108900265,671,453,218
108900266,290,735,-445
108900267,6,127,-121
108900268,8,14,-6
108900269,114,18,96
108900270,106,4,102
108900271,64,2,62
108900272,225,19,206
108900273,329,789,-460
108900274,58,21,37
109000001,1844,1939,-95
109000002,862,1573,-711
109000003,2555,342,2213
109000004,447,1631,-1184
109000005,2133,538,1595
109000006,692,1424,-732
109000007,1453,471,982
109000008,458,1191,-733
109000009,2713,1124,1589
109000010,703,2188,-1485
109000011,3144,1532,1612
109000012,1604,2093,-489
109000013,3446,2908,538
109000014,1554,1583,-29
109000015,4076,10058,-5982
109000016,3889,1715,2174
109000017,2570,962,1608
109000018,1381,1823,-442
109000019,2209,1225,984
109000020,948,1633,-685
109000023,211,19,192
109000024,11,157,-146
109000025,274,454,-180
109000026,600,249,351
109000027,68,281,-213
109000028,65,52,13
109000029,84,162,-78
109000030,34,388,-354
109000031,211,132,79
109000032,120,311,-191
109000033,290,197,93
109000034,64,34,30
109000035,21,47,-26
109000036,82,233,-151
109000037,201,1811,-1610
109000038,329,210,119
109000039,892,782,110
109000040,1612,6862,-5250
109000041,1470,1778,-308
109000042,424,989,-565
109000044,417,160,257
109000045,258,318,-60
109000046,285,65,220
109000047,67,314,-247
109000048,820,476,344
109000049,163,397,-234
109000050,426,539,-113
109000051,222,148,74
109000052,447,349,98
109000053,1541,252,1289
109000054,112,194,-82
109000055,172,278,-106
109000056,293,169,124
109000057,716,383,333
109000058,953,207,746
109000059,253,854,-601
109000060,329,411,-82
109000061,399,921,-522
109000062,79,294,-215
109000063,169,68,101
109000064,251,122,129
109000065,82,104,-22
109000066,336,25,311
109000067,32,157,-125
109000068,725,7,718
109000069,527,24,503
109000070,18,1545,-1527
109000071,373,67,306
109000072,103,388,-285
109000073,72,65,7
109000074,27,146,-119
109000075,80,238,-158
109000076,237,269,-32
109000077,268,238,30
109000078,100,167,-67
109000079,113,84,29
109000080,213,92,121
109000081,109,248,-139
109000082,827,77,750
109000083,223,297,-74
109000088,126,271,-145
109000089,255,65,190
109000090,142,325,-183
109000091,333,134,199
109000092,208,248,-40
109000093,281,135,146
109000094,599,4,595
109000095,71,194,-123
109000096,734,208,526
109000097,90,115,-25
109000098,45,99,-54
109000099,558,124,434
109000100,195,469,-274
109000101,1503,340,1163
109000102,361,508,-147
109000103,863,429,434
109000104,1852,332,1520
109000105,331,494,-163
109000106,1644,510,1134
109000107,499,879,-380
109000108,1662,361,1301
109000109,408,810,-402
109000110,1008,352,656
109000111,572,890,-318
109000112,235,87,148
109000113,232,92,140
109000114,113,220,-107
109000115,810,50,760
109000116,18,493,-475
109000117,210,40,170
109000118,9,231,-222
109000119,1379,102,1277
109000120,260,275,-15
109000121,824,55,769
109000122,156,294,-138
109000123,79,185,-106
109000124,664,253,411
109000125,623,218,405
109000126,370,302,68
109000127,1855,224,1631
109000128,467,527,-60
109000129,2398,524,1874
109000130,542,900,-358
109000131,1398,969,429
109000132,751,1434,-683
109000133,252,401,-149
109000134,526,655,-129
109000135,564,1136,-572
109000136,249,192,57
109000137,300,286,14
109000138,401,120,281
109000139,389,248,141
109000140,200,269,-69
109000141,799,300,499
109000142,127,291,-164
109000143,97,63,34
109000145,41,283,-242
109000146,39,28,11
109000148,1393,1097,296
109000149,37,83,-46
109000150,80,228,-148
109000155,762,578,184
109000156,768,341,427
109000158,84,189,-105
109000159,112,244,-132
109000160,973,102,871
109000161,368,513,-145
109000162,1809,386,1423
109000163,1012,1010,2
109000164,1108,1442,-334
109000165,1030,289,741
109000166,584,37,547
109000167,73,204,-131
109000170,58,32,26
109000171,59,37,22
109000172,17,69,-52
109000173,32,88,-56
109000174,130,27,103
109000175,130,160,-30
109000176,326,126,200
109000177,49,64,-15
109000178,841,178,663
109000179,2199,4151,-1952
109000180,2443,2508,-65
109000181,37,6,31
109000182,43,26,17
109000183,17,16,1
109000184,91,33,58
109000185,57,39,18
109000188,277,724,-447
109000189,1920,384,1536
109000190,557,255,302
109000191,291,201,90
109000192,479,118,361
109000193,178,104,74
109000194,237,43,194
109000195,110,98,12
109000196,191,64,127
109000197,174,162,12
109000198,300,36,264
109000199,74,234,-160
109000206,178,29,149
109000207,130,38,92
109000208,80,57,23
109000209,79,84,-5
109000210,147,293,-146
109000211,655,278,377
109000214,490,412,78
109000215,146,54,92
109000216,258,257,1
109000217,108,109,-1
109000218,233,150,83
109000221,319,571,-252
109000222,777,225,552
109000223,457,417,40
109000224,26,43,-17
109000225,192,52,140
109000226,104,110,-6
109000227,1104,380,724
109000228,7,2217,-2210
109000231,51,152,-101
109000232,375,139,236
109000236,204,521,-317
109000241,1880,1178,702
109000242,1498,866,632
109000293,53,133,-80
109000361,146,172,-26
109000364,107,306,-199
109000396,2,241,-239
109000397,566,12,554
109000399,192,218,-26
109000400,84,122,-38
109000403,53,1261,-1208
109000406,312,7,305
109000407,298,130,168
109000408,1,464,-463
109000410,778,151,627
109000411,224,24,200
109000412,7,44,-37
109900001,147,0,147
109900002,925,29,896
109900003,302,1,301
109900005,46,13,33
109900006,423,126,297
109900007,911,195,716
109900008,0,14,-14
109900009,71,192,-121
109900010,559,13,546
109900011,76,44,32
109900012,266,144,122
109900013,296,92,204
109900014,407,53,354
109900015,277,237,40
109900016,144,8,136
109900017,167,211,-44
109900018,188,25,163
109900019,260,34,226
109900020,49,34,15
109900021,40,8,32
109900022,199,139,60
109900023,32,2,30
109900024,18,4,14
109900025,12,13,-1
109900027,35,20,15
109900028,441,1445,-1004
109900029,5,99,-94
109900030,49,7,42
109900031,0,148,-148
109900032,9,182,-173
109900033,5,257,-252
109900034,37,4,33
109900035,14,16,-2
109900036,37,32,5
109900037,13,252,-239
109900038,119,140,-21
109900039,9,0,9
109900040,16,242,-226
109900041,46,217,-171
109900042,34,655,-621
109900044,80,109,-29
109900045,88,135,-47
109900046,134,55,79
109900047,159,177,-18
109900048,10,61,-51
109900049,18,33,-15
109900050,1,61,-60
109900051,3,25,-22
109900052,61,113,-52
109900053,0,76,-76
109900054,729,115,614
109900055,68,114,-46
109900056,18,252,-234
109900057,6,66,-60
109900058,0,73,-73
109900060,556,83,473
109900061,49,110,-61
109900062,0,81,-81
109900064,533,123,410
109900065,62,86,-24
109900066,241,388,-147
109900067,0,77,-77
109900068,70,3,67
109900069,2,23,-21
109900071,2,16,-14
109900072,12,96,-84
109900073,412,173,239
109900074,28,36,-8
109900075,35,33,2
109900076,22,126,-104
109900077,47,26,21
109900078,65,126,-61
109900080,94,127,-33
109900081,7,157,-150
109900082,45,151,-106
109900083,25,53,-28
109900084,61,48,13
109900085,142,247,-105
109900086,103,608,-505
109900087,142,347,-205
109900089,667,193,474
109900092,274,9,265
109900093,999,147,852
109900094,81,64,17
109900095,70,119,-49
109900096,57,6,51
109900097,102,1,101
109900098,618,25,593
109900099,265,4,261
109900100,93,0,93
109900101,552,17,535
109900102,359,23,336
109900103,39,19,20
109900104,733,214,519
109900105,496,19,477
109900106,287,20,267
109900107,570,57,513
109900108,149,132,17
109900109,38,79,-41
109900111,97,322,-225
109900114,923,1243,-320
109900115,180,39,141
109900117,959,68,891
109900121,242,450,-208
109900123,10,78,-68
109900125,1,120,-119
109900126,299,35,264
109900130,2670,2563,107
109900131,35,92,-57
109900132,27,88,-61
109900134,59,95,-36
109900135,165,35,130
109900137,126,166,-40
109900140,144,59,85
109900149,44,50,-6
109900150,12,78,-66
109900151,18,18,0
109900152,0,38,-38
109900153,0,46,-46
109900154,41,0,41
109900155,67,34,33
109900157,57,96,-39
109900159,131,35,96
109900161,192,87,105
109900162,211,128,83
109900163,281,161,120
109900164,36,168,-132
109900165,186,4,182
109900166,1,100,-99
109900167,136,156,-20
109900168,183,286,-103
109900169,185,101,84
109900170,171,947,-776
109900171,221,67,154
109900172,163,230,-67
109900173,940,1987,-1047
109900174,56,49,7
109900175,79,58,21
109900176,68,69,-1
109900177,33,74,-41
109900178,6,145,-139
109900179,41,14,27
109900180,18,8,10
110000001,629,388,241
110000002,498,588,-90
110000003,567,556,11
110000004,354,573,-219
110000005,321,1500,-1179
110000006,289,305,-16
110000007,87,91,-4
110000008,24,57,-33
110000009,22,9,13
110000010,46,53,-7
110000011,28,33,-5
110000012,451,222,229
110000013,40,609,-569
110000014,379,281,98
110000015,167,453,-286
110000016,206,1575,-1369
110000017,2119,160,1959
110000018,1614,252,1362
110000019,1,54,-53
110000020,378,166,212
110000021,258,287,-29
110000022,574,73,501
110000023,6,66,-60
110000024,457,249,208
110000025,414,8,406
110000026,8,143,-135
110000027,875,907,-32
110000028,845,494,351
110000029,345,443,-98
110000030,226,271,-45
110000031,247,200,47
110000032,585,214,371
110000033,202,207,-5
110000034,515,329,186
110000035,531,353,178
110000036,853,284,569
110000037,159,290,-131
110000038,220,425,-205
110000039,753,3082,-2329
110000040,388,201,187
110000041,365,1553,-1188
110000042,113,410,-297
110000043,646,278,368
110000044,56,747,-691
110000045,282,133,149
110000046,5,95,-90
110000047,14,52,-38
110000048,2,43,-41
110000049,25,9,16
110000050,8,35,-27
110000051,79,10,69
110000052,24,33,-9
110000053,40,15,25
110000054,67,256,-189
110000055,268,87,181
110000056,66,95,-29
110000057,316,416,-100
110000058,736,338,398
110000059,596,419,177
110000060,951,821,130
110000061,566,417,149
110000062,455,678,-223
110000063,52,149,-97
110000064,52,18,34
110000065,108,52,56
110000066,80,14,66
110000067,46,70,-24
110000068,207,50,157
110000069,308,33,275
110000071,279,35,244
110000073,25,4,21
110000075,11,46,-35
110000076,247,277,-30
110000077,204,757,-553
110000078,66,11,55
110000080,201,317,-116
110000081,39,157,-118
110000082,31,262,-231
110000083,216,352,-136
110000084,1122,738,384
110000085,818,1061,-243
110000086,844,1862,-1018
110000087,34,55,-21
110000088,122,150,-28
110000089,218,66,152
110000090,86,111,-25
110000091,561,151,410
110000092,24,40,-16
110000093,47,17,30
110000094,363,147,216
110000095,143,596,-453
110000096,1147,1561,-414
110000097,907,1325,-418
110000098,1416,527,889
110000099,563,1050,-487
110000100,868,207,661
110000101,26,109,-83
110000102,86,78,8
110000104,394,176,218
110000105,59,208,-149
110000106,468,546,-78
110000107,217,239,-22
110000108,89,79,10
110000109,164,170,-6
110000110,901,1022,-121
110000111,1409,1944,-535
110000112,391,1014,-623
110000113,105,1951,-1846
110000114,243,564,-321
110000115,418,276,142
110000116,47,27,20
110000117,211,149,62
110000118,388,90,298
110000119,271,202,69
110000120,287,102,185
110000121,69,249,-180
110000122,634,367,267
110000123,568,412,156
110000124,1,482,-481
110000125,810,9,801
110000126,251,28,223
110000127,884,74,810
110000128,32,540,-508
110000129,1,336,-335
110000130,279,149,130
110000131,108,366,-258
110000132,2,405,-403
110000133,40,326,-286
110000134,12,308,-296
110000135,161,24,137
110000136,41,223,-182
110000137,498,319,179
110000138,694,327,367
110000139,791,458,333
110000140,718,550,168
110000143,390,286,104
110000144,2973,1773,1200
110000145,1599,1301,298
110000146,1111,458,653
110000147,402,491,-89
110000148,391,110,281
110000151,748,1623,-875
110000152,1197,641,556
110000153,111,12,99
110000154,8,16,-8
110000155,625,2914,-2289
110000156,906,1814,-908
110000157,1370,1851,-481
110000160,379,218,161
110000161,145,119,26
110000166,502,46,456
110000167,717,411,306
110000168,817,450,367
110000169,735,327,408
110000170,136,45,91
110000171,419,72,347
110000172,164,340,-176
110000173,595,595,0
110000174,128,423,-295
110000175,713,33,680
110000176,63,306,-243
110000177,169,923,-754
110000178,299,1483,-1184
110000179,774,264,510
110000180,189,168,21
110000181,503,253,250
110000182,179,103,76
110000183,4015,5858,-1843
110000184,245,2013,-1768
110000185,683,713,-30
110000186,497,525,-28
110000191,1241,156,1085
110000192,600,17,583
110000193,930,8,922
110000194,5,419,-414
110000195,396,139,257
110000196,361,103,258
110000197,99,65,34
110000198,58,30,28
110000199,54,104,-50
110000200,555,265,290
110000201,692,829,-137
110000202,1011,447,564
110000203,374,336,38
110000204,4,100,-96
110000205,197,46,151
110000206,441,539,-98
110000207,1141,230,911
110000208,132,172,-40
110000209,89,756,-667
110000210,1342,287,1055
110000211,773,503,270
110000212,357,822,-465
110000213,284,34,250
110000214,341,45,296
110000215,165,124,41
110000216,95,122,-27
110000217,420,79,341
110000218,148,106,42
110000219,355,27,328
110000220,54,89,-35
110000221,386,31,355
110000222,61,91,-30
110000223,1,112,-111
110000224,9,5,4
110000225,167,465,-298
110000226,264,45,219
110000227,473,638,-165
110000228,200,83,117
110000229,1,124,-123
110000230,487,484,3
110000231,148,155,-7
110000232,140,147,-7
110000233,157,156,1
110000234,443,1167,-724
110000235,677,846,-169
110000236,498,371,127
110000237,1671,945,726
110000238,951,859,92
110000239,1565,723,842
110000240,0,46,-46
110000242,0,30,-30
110000243,120,43,77
110000244,112,342,-230
110000245,32,256,-224
110000246,621,319,302
110000247,645,1221,-576
110000248,966,405,561
110000249,43,2,41
110000250,21,67,-46
110000251,324,224,100
110000252,251,117,134
110000253,1125,379,746
110000254,375,515,-140
110000255,126,464,-338
110000256,343,171,172
110000257,344,132,212
110000258,5,191,-186
110000259,98,16,82
110000260,25,103,-78
110000263,277,26,251
110000264,322,147,175
110000265,872,1054,-182
110000266,952,1668,-716
110000267,24,88,-64
110000268,207,340,-133
110000269,0,37,-37
110000270,67,4,63
110000271,789,132,657
110000272,885,727,158
110000273,1194,1017,177
110000274,110,1349,-1239
110000275,919,361,558
110000276,212,311,-99
110000277,283,191,92
110000278,263,411,-148
110000279,712,518,194
110000280,408,309,99
110000281,75,192,-117
110000282,139,8,131
110000283,12,65,-53
110000284,25,15,10
110000285,1,364,-363
110000286,5,0,5
110000287,35,1,34
110000288,4,58,-54
110000289,408,1849,-1441
110000290,454,461,-7
110000291,1132,437,695
110000292,745,3871,-3126
110000293,701,1026,-325
110000294,1056,868,188
110000295,644,848,-204
110000296,378,231,147
110000297,1688,212,1476
110000298,105,334,-229
110000299,108,70,38
110000301,274,22,252
110000302,320,551,-231
110000303,378,10,368
110000304,159,160,-1
110000305,1073,13,1060
110000306,133,362,-229
110000307,1465,3,1462
110000308,323,7,316
110000309,22,464,-442
110000310,571,38,533
110000311,55,1003,-948
110000312,343,46,297
110000313,1327,1780,-453
110000314,4,146,-142
110000315,1776,1826,-50
110000316,358,824,-466
110000317,148,686,-538
110000318,8,24,-16
110000319,11,13,-2
110000320,48,31,17
110000321,20,16,4
110000322,313,156,157
110000323,395,107,288
110000324,1651,819,832
110000325,1532,2641,-1109
110000327,213,190,23
110000328,189,357,-168
110000333,904,549,355
110000334,542,585,-43
110000335,613,362,251
110000336,533,609,-76
110000337,1360,421,939
110000338,454,127,327
110000339,296,162,134
110000340,16,111,-95
110000341,406,434,-28
110000342,70,2,68
110000343,4,19,-15
110000344,127,143,-16
110000345,189,213,-24
110000346,1222,1373,-151
110000347,1036,574,462
110000348,13,13,0
110000349,8,8,0
110000350,47,16,31
110000351,949,430,519
110000352,629,1074,-445
110000353,1845,312,1533
110000354,843,3167,-2324
110000355,89,34,55
110000356,953,11,942
110000357,302,17,285
110000361,17,17,0
110000362,71,5,66
110000363,543,55,488
110000364,221,216,5
110000365,84,5,79
110000366,1,92,-91
110000367,273,101,172
110000368,2,24,-22
110000369,62,3,59
110000373,1,152,-151
110000374,73,16,57
110000375,69,594,-525
110000376,34,67,-33
110000377,54,376,-322
110000378,18,360,-342
110000379,1608,1766,-158
110000380,45,4,41
110000383,2,865,-863
110000384,697,524,173
110000385,0,211,-211
110000387,51,12,39
110000388,48,84,-36
110000389,687,2,685
110000391,682,165,517
110000396,123,54,69
110000397,120,44,76
110000398,6,16,-10
110000399,117,0,117
110000587,144,74,70
110000589,189,103,86
110000640,189,37,152
110000652,37,355,-318
110000653,276,226,50
110000654,31,1787,-1756
110000656,0,196,-196
110000674,13,17,-4
110000675,2,29,-27
110000676,1,30,-29
110000679,152,965,-813
110000682,85,164,-79
110000683,172,261,-89
110000684,2,24,-22
110000685,4,12,-8
110000686,1,21,-20
110000687,30,3,27
110000688,43,983,-940
110000689,21,11,10
110000692,14,117,-103
110000693,59,213,-154
110000694,0,73,-73
110000695,167,594,-427
110000696,31,32,-1
110000698,101,922,-821
110000699,695,225,470
110900001,219,20,199
110900002,238,126,112
110900003,800,215,585
110900004,413,60,353
110900005,986,2239,-1253
110900006,56,11,45
110900007,109,38,71
110900008,10,16,-6
110900009,288,176,112
110900010,22,18,4
110900011,12,39,-27
110900012,21,35,-14
110900013,945,98,847
110900014,235,4,231
110900015,222,529,-307
110900016,53,69,-16
110900017,422,21,401
110900018,287,25,262
110900019,232,5,227
110900020,88,77,11
110900021,68,200,-132
110900022,35,103,-68
110900023,35,372,-337
110900024,31,98,-67
110900025,12,35,-23
110900027,29,128,-99
110900028,29,53,-24
110900029,11,99,-88
110900030,35,138,-103
110900031,3,74,-71
110900032,1,35,-34
110900033,18,72,-54
110900035,10,373,-363
110900036,96,7,89
110900037,94,10,84
110900038,492,120,372
110900039,4,170,-166
110900040,180,22,158
110900041,21,38,-17
110900042,137,36,101
110900043,1,29,-28
110900044,133,14,119
110900045,53,150,-97
110900046,5,109,-104
110900047,267,256,11
110900049,68,85,-17
110900050,44,2,42
110900051,38,139,-101
110900052,1,56,-55
110900053,97,14,83
110900054,16,63,-47
110900055,15,3,12
110900056,38,98,-60
110900057,5,57,-52
110900058,221,99,122
110900059,346,138,208
110900060,400,111,289
110900061,20,53,-33
110900062,133,115,18
110900063,21,54,-33
110900064,13,1,12
110900065,145,99,46
110900066,1,26,-25
110900067,157,420,-263
110900068,167,111,56
110900069,10,22,-12
110900070,119,35,84
110900071,163,569,-406
110900073,0,10,-10
110900074,454,77,377
110900075,414,43,371
110900077,752,340,412
110900078,52,14,38
110900079,1293,1152,141
110900080,159,34,125
110900081,14,28,-14
110900082,113,33,80
110900083,85,57,28
110900084,67,40,27
110900085,40,152,-112
110900086,68,258,-190
110900087,261,37,224
110900088,7,0,7
110900090,13,37,-24
110900091,2,32,-30
110900093,144,68,76
110900095,75,29,46
110900097,10,19,-9
110900098,27,36,-9
110900099,18,212,-194
110900100,0,10,-10
110900102,81,11,70
110900105,706,102,604
110900108,14,19,-5
110900111,290,56,234
110900112,572,12,560
110900113,213,30,183
110900115,4,40,-36
110900116,857,607,250
110900118,57,3225,-3168
110900119,1167,127,1040
110900120,16,29,-13
110900121,124,0,124
110900122,355,149,206
110900125,332,332,0
110900127,389,1169,-780
110900128,281,457,-176
110900129,162,786,-624
110900130,501,586,-85
110900131,201,16,185
110900132,351,67,284
110900133,53,68,-15
110900135,29,113,-84
110900136,442,13,429
110900138,0,0,0
110900139,13,0,13
110900140,0,0,0
110900141,318,400,-82
110900142,38,85,-47
110900143,158,73,85
110900144,1,299,-298
110900145,174,69,105
110900146,178,216,-38
110900147,66,190,-124
110900148,2,107,-105
110900149,1,24,-23
110900150,28,28,0
110900151,1,49,-48
110900152,36,112,-76
110900153,148,57,91
111000001,762,399,363
111000002,603,378,225
111000003,1628,729,899
111000004,511,576,-65
111000005,1316,1156,160
111000006,776,1430,-654
111000007,3261,2780,481
111000008,1353,2152,-799
111000009,283,546,-263
111000010,783,232,551
111000011,233,939,-706
111000012,489,354,135
111000013,353,862,-509
111000014,1395,489,906
111000017,205,728,-523
111000018,215,320,-105
111000020,621,885,-264
111000021,52,72,-20
111000023,59,72,-13
111000025,4818,2961,1857
111000029,74,95,-21
111000030,33,75,-42
111000031,1498,722,776
111000032,501,224,277
111000033,185,202,-17
111000034,73,265,-192
111000037,279,206,73
111000038,2438,1179,1259
111000039,1345,1146,199
111000040,1164,1184,-20
111000041,698,694,4
111000042,1203,1256,-53
111000043,1627,3243,-1616
111000044,1681,936,745
111000045,2335,1884,451
111000046,1487,1470,17
111000047,2586,4047,-1461
111000049,337,371,-34
111000050,873,879,-6
111000051,347,524,-177
111000052,404,884,-480
111000053,290,534,-244
111000054,190,474,-284
111000055,155,502,-347
111000056,383,350,33
111000057,118,237,-119
111000058,508,75,433
111000059,535,213,322
111000060,3395,761,2634
111000061,584,231,353
111000062,714,251,463
111000063,1451,707,744
111000064,762,448,314
111000065,1195,713,482
111000066,603,303,300
111000067,481,309,172
111000068,550,717,-167
111000069,1203,1134,69
111000070,709,496,213
111000071,167,322,-155
111000072,1332,518,814
111000073,278,1160,-882
111000074,1417,1443,-26
111000075,811,439,372
111000076,572,524,48
111000077,1354,1387,-33
111000078,2084,976,1108
111000079,839,446,393
111000080,472,445,27
111000081,1173,3036,-1863
111000082,683,391,292
111000084,723,294,429
111000085,737,658,79
111000086,1425,558,867
111000087,538,346,192
111000088,2953,2120,833
111000089,636,548,88
111000090,560,921,-361
111000091,579,238,341
111000092,1230,531,699
111000093,692,885,-193
111000094,1411,723,688
111000095,565,1782,-1217
111000096,781,5960,-5179
111000097,3089,1170,1919
111000098,684,651,33
111000099,416,850,-434
111000100,370,708,-338
111000101,329,525,-196
111000102,255,318,-63
111000104,666,116,550
111000107,106,543,-437
111000109,733,197,536
111000110,1344,472,872
111000111,2433,328,2105
111000112,1835,484,1351
111000113,699,1375,-676
111000114,1503,3145,-1642
111000115,2683,769,1914
111000116,798,602,196
111000117,326,689,-363
111000118,851,454,397
111000119,1046,530,516
111000120,546,426,120
111000121,319,532,-213
111000122,435,673,-238
111000123,587,680,-93
111000124,349,1080,-731
111000125,299,722,-423
111000126,674,893,-219
111000127,1033,96,937
111000128,2233,226,2007
111000129,3000,342,2658
111000130,2216,430,1786
111000131,2087,363,1724
111000132,1697,842,855
111000133,203,82,121
111000134,126,87,39
111000135,61,115,-54
111000136,319,222,97
111000138,19,8,11
111000140,1,2,-1
111000141,125,290,-165
111000142,19,425,-406
111000143,6,631,-625
111000144,92,2876,-2784
111000145,254,17,237
111000146,175,15,160
111000147,124,28,96
111000148,141,80,61
111000149,6,63,-57
111000150,25,6,19
111000151,1,14,-13
111000153,396,591,-195
111000154,410,145,265
111000155,98,127,-29
111000156,579,458,121
111000157,183,637,-454
111000158,724,648,76
111000159,3694,839,2855
111000160,491,401,90
111000161,31,525,-494
111000162,26,87,-61
111000163,702,525,177
111000164,481,1959,-1478
111000165,561,231,330
111000166,611,198,413
111000167,125,201,-76
111000168,214,292,-78
111000169,238,361,-123
111000170,239,274,-35
111000171,383,382,1
111000172,126,221,-95
111000173,351,457,-106
111000174,244,160,84
111000175,48,209,-161
111000176,276,49,227
111000177,463,101,362
111000178,1495,178,1317
111000179,326,107,219
111000180,276,369,-93
111000181,1420,174,1246
111000182,250,141,109
111000183,357,217,140
111000184,276,145,131
111000185,311,172,139
111000186,299,99,200
111000187,159,103,56
111000188,234,220,14
111000189,501,339,162
111000190,161,207,-46
111000191,120,172,-52
111000192,103,248,-145
111000193,296,151,145
111000194,59,188,-129
111000195,175,185,-10
111000196,88,95,-7
111000197,467,109,358
111000198,646,53,593
111000199,286,93,193
111000200,575,223,352
111000201,787,166,621
111000202,400,187,213
111000203,416,317,99
111000204,349,1348,-999
111000213,182,352,-170
111000214,1124,726,398
111000215,913,745,168
111000217,1324,553,771
111000218,1112,673,439
111000219,302,190,112
111000220,626,387,239
111000221,385,51,334
111000224,44,212,-168
111000225,381,287,94
111000226,70,1,69
111000227,21,0,21
111000228,9,406,-397
111000229,22,894,-872
111000230,192,161,31
111000231,1029,321,708
111000232,504,430,74
111000233,1013,404,609
111000234,142,420,-278
111000239,77,74,3
111000240,43,176,-133
111000241,37,173,-136
111000242,193,70,123
111000243,100,226,-126
111000244,506,51,455
111000245,894,231,663
111000246,510,145,365
111000247,387,376,11
111000248,578,283,295
111000249,440,243,197
111000250,45,43,2
111000251,34,42,-8
111000253,8,15,-7
111000255,76,9,67
111000257,106,23,83
111000260,53,535,-482
111000261,1152,78,1074
111000271,40,163,-123
111000273,1849,762,1087
111000274,1142,1935,-793
111000275,203,33,170
111000276,808,1585,-777
111000277,174,188,-14
111000278,489,167,322
111000291,1195,7126,-5931
111000298,462,166,296
111000299,611,114,497
111000300,79,365,-286
111000302,329,56,273
111000303,100,99,1
111000312,67,40,27
111000315,8,90,-82
111000320,152,310,-158
111000321,409,135,274
111000322,241,213,28
111000323,323,22,301
111000324,299,180,119
111000325,34,62,-28
111000326,213,194,19
111000327,309,215,94
111000328,312,348,-36
111000329,1,15,-14
111000330,77,7,70
111000331,27,6,21
111000332,434,936,-502
111000334,202,669,-467
111000335,989,159,830
111000337,1392,194,1198
111000338,48,63,-15
111000339,619,117,502
111000340,135,333,-198
111000341,1279,503,776
111000342,83,1727,-1644
111000344,1008,427,581
111000345,125,188,-63
111000346,27,329,-302
111000347,128,3,125
111000350,145,69,76
111000351,132,252,-120
111000352,182,55,127
111000353,167,122,45
111000354,396,99,297
111000355,216,287,-71
111000358,136,442,-306
111000360,209,182,27
111000361,236,106,130
111000546,632,329,303
111000547,336,222,114
111000548,126,210,-84
111000549,269,118,151
111000550,63,699,-636
111000551,460,137,323
111000552,437,230,207
111000907,492,13,479
111000908,33,1,32
111000916,1717,116,1601
111000917,39,248,-209
111000918,230,289,-59
111000920,611,10,601
111000921,3,91,-88
111000922,512,113,399
111000924,42,540,-498
111000925,3077,1673,1404
111000926,990,1045,-55
111000927,2416,3833,-1417
111000928,3144,1620,1524
111000929,1610,1119,491
111000930,777,1218,-441
111000931,1974,2269,-295
111000932,2615,1115,1500
111000933,2808,2266,542
111000934,1689,1802,-113
111000935,1764,754,1010
111000936,1030,1209,-179
111000937,1214,1072,142
111000938,1178,838,340
111000939,545,21,524
111000940,464,44,420
111000941,300,188,112
111000943,686,210,476
111000944,215,183,32
111000945,61,676,-615
111001109,383,420,-37
111001110,140,256,-116
111001111,102,3,99
111001112,58,5,53
111001113,0,102,-102
111001114,417,184,233
111001115,27,947,-920
111001116,2147,3523,-1376
111001117,260,2217,-1957
111001120,120,142,-22
111001121,144,126,18
111001122,205,161,44
111001123,405,80,325
111001124,131,65,66
111001125,1,201,-200
111001126,0,0,0
111001127,0,24,-24
111001128,636,380,256
111900001,1,86,-85
111900002,1,201,-200
111900003,1,120,-119
111900004,14,33,-19
111900006,20,51,-31
111900007,132,7,125
111900008,245,1,244
111900009,120,0,120
111900010,140,192,-52
111900012,39,42,-3
111900013,23,21,2
111900014,1894,4488,-2594
111900015,0,22,-22
111900016,0,25,-25
111900017,0,24,-24
111900018,140,10,130
111900019,1,73,-72
111900020,5,24,-19
111900021,20,59,-39
111900022,3,19,-16
111900023,22,42,-20
111900024,85,23,62
111900025,0,19,-19
111900026,0,31,-31
111900027,5,51,-46
111900028,22,98,-76
111900029,2,35,-33
111900030,14,164,-150
111900032,0,95,-95
111900033,2,39,-37
111900034,124,233,-109
111900035,120,99,21
111900036,0,112,-112
111900038,133,284,-151
111900039,32,165,-133
111900040,0,131,-131
111900042,5,122,-117
111900043,1,128,-127
111900044,111,110,1
111900046,21,74,-53
111900048,316,252,64
111900049,13,122,-109
111900050,75,19,56
111900051,1,105,-104
111900052,215,244,-29
111900053,352,1341,-989
111900054,127,4,123
111900055,10,132,-122
111900056,101,350,-249
111900057,115,29,86
111900058,583,185,398
111900059,948,639,309
111900060,314,2,312
111900061,9,81,-72
111900062,49,57,-8
111900063,229,257,-28
111900064,44,116,-72
111900065,103,15,88
111900066,102,101,1
111900067,1,184,-183
111900068,68,26,42
111900069,85,26,59
111900070,181,62,119
111900071,0,100,-100
111900072,40,27,13
111900073,811,158,653
111900074,12,132,-120
111900075,69,12,57
111900076,208,94,114
111900077,31,9,22
111900078,300,27,273
111900079,56,45,11
111900080,138,236,-98
111900082,190,29,161
111900083,220,32,188
111900084,156,10,146
111900085,22,99,-77
111900086,73,10,63
111900087,85,0,85
111900088,635,10,625
111900089,131,3,128
111900090,40,29,11
111900091,469,4,465
111900092,102,1,101
111900093,463,13,450
111900094,129,0,129
111900095,284,31,253
111900096,205,7,198
111900097,41,0,41
111900098,303,3,300
111900099,76,0,76
111900100,224,6,218
111900101,74,21,53
111900102,595,200,395
111900103,32,66,-34
111900104,92,31,61
111900105,178,169,9
111900106,297,22,275
111900110,778,203,575
111900111,164,63,101
111900112,268,3118,-2850
111900113,147,90,57
111900118,410,67,343
111900119,238,152,86
111900122,99,110,-11
111900123,24,29,-5
111900124,16,26,-10
111900125,518,37,481
111900126,252,5,247
111900127,1,220,-219
111900128,2,212,-210
111900129,206,3,203
111900130,121,17,104
111900131,567,3,564
111900132,4,366,-362
111900133,21,161,-140
111900134,2,97,-95
111900135,7,38,-31
111900136,88,114,-26
111900137,36,27,9
111900138,30,57,-27
111900139,10,47,-37
111900140,134,42,92
111900141,94,6,88
111900142,88,27,61
111900143,47,42,5
111900144,0,25,-25
111900145,1,167,-166
111900146,0,82,-82
111900147,41,143,-102
111900148,19,258,-239
111900149,2,136,-134
111900150,17,77,-60
111900151,2,28,-26
111900152,75,71,4
111900153,472,754,-282
111900154,23,373,-350
111900155,54,128,-74
111900156,81,98,-17
111900157,167,26,141
111900158,513,92,421
111900159,379,30,349
111900160,381,2,379
111900161,317,1,316
111900162,75,141,-66
111900163,30,102,-72
111900164,101,49,52
111901113,524,104,420
111901114,199,163,36
111901115,70,0,70
111901116,37,2,35
111901117,31,29,2
111901118,33,195,-162
111901119,194,31,163
111901121,41,73,-32
111901122,1,176,-175
111901123,200,74,126
111901124,281,2,279
111901125,627,207,420
111901127,207,490,-283
111901128,11,34,-23
111901129,0,51,-51
111901130,13,26,-13
111901131,2,73,-71
111901132,120,41,79
111901133,43,3,40
111901134,103,5,98
111901135,37,16,21
111901138,104,30,74
111901139,22,13,9
111901140,6,34,-28
111901141,3,43,-40
111901142,1,41,-40
111901143,2,39,-37
111901144,36,41,-5
111901145,91,269,-178
111901146,95,18,77
111901147,157,271,-114
111901148,2,42,-40
111901149,7,3,4
111901150,34,0,34
111901151,0,0,0
111901152,3,30,-27
112000001,1728,486,1242
112000002,510,1282,-772
112000003,1633,881,752
112000004,469,312,157
112000005,3309,3516,-207
112000006,1184,736,448
112000007,3342,2248,1094
112000008,2303,3804,-1501
112000009,1925,1352,573
112000010,2783,3880,-1097
112000011,1088,885,203
112000012,3094,4703,-1609
112000013,1949,2265,-316
112000014,1599,3004,-1405
112000015,2525,2640,-115
112000016,2128,2285,-157
112000017,796,3008,-2212
112000024,1228,453,775
112000026,1514,1778,-264
112000027,494,613,-119
112000028,704,765,-61
112000029,534,634,-100
112000030,162,29,133
112000031,1054,3367,-2313
112000032,123,27,96
112000033,1327,2388,-1061
112000034,138,30,108
112000035,26,479,-453
112000036,297,963,-666
112000037,483,791,-308
112000038,843,1239,-396
112000039,95,38,57
112000040,37,112,-75
112000041,240,263,-23
112000042,688,300,388
112000050,1020,939,81
112000051,1018,1565,-547
112000054,898,932,-34
112000057,413,287,126
112000058,146,344,-198
112000059,358,418,-60
112000061,1815,850,965
112000062,673,819,-146
112000063,330,1858,-1528
112000064,1971,2514,-543
112000065,1034,1667,-633
112000066,2572,1303,1269
112000067,498,405,93
112000068,2749,2740,9
112000069,401,1171,-770
112000070,1344,685,659
112000071,737,1530,-793
112000072,2413,601,1812
112000073,1006,1380,-374
112000074,1167,810,357
112000075,1265,1019,246
112000076,2385,1787,598
112000077,736,303,433
112000078,1744,411,1333
112000079,1520,908,612
112000080,646,489,157
112000081,1043,1673,-630
112000082,901,478,423
112000083,496,930,-434
112000084,1001,480,521
112000085,1259,956,303
112000086,1396,848,548
112000087,578,326,252
112000088,710,252,458
112000089,321,332,-11
112000090,195,141,54
112000091,475,453,22
112000092,2096,826,1270
112000093,1403,481,922
112000094,668,611,57
112000095,653,522,131
112000096,583,429,154
112000097,1531,569,962
112000098,472,404,68
112000099,586,1658,-1072
112000100,1801,549,1252
112000101,457,416,41
112000102,1479,398,1081
112000103,326,421,-95
112000105,489,643,-154
112000106,2171,288,1883
112000107,88,105,-17
112000108,415,738,-323
112000109,221,99,122
112000110,1746,556,1190
112000111,524,1570,-1046
112000112,2193,471,1722
112000113,574,870,-296
112000114,1819,655,1164
112000115,260,246,14
112000116,488,498,-10
112000117,1157,610,547
112000118,728,584,144
112000119,340,370,-30
112000120,41,241,-200
112000121,104,215,-111
112000122,388,100,288
112000123,786,109,677
112000124,526,70,456
112000125,294,199,95
112000126,331,211,120
112000127,1196,2129,-933
112000128,304,507,-203
112000129,114,65,49
112000130,213,59,154
112000131,91,147,-56
112000132,161,111,50
112000133,365,91,274
112000134,391,246,145
112000135,1048,484,564
112000136,608,888,-280
112000137,1274,1641,-367
112000138,790,884,-94
112000139,597,666,-69
112000140,329,773,-444
112000141,903,407,496
112000142,157,283,-126
112000143,1234,227,1007
112000144,263,586,-323
112000145,2558,429,2129
112000146,513,950,-437
112000147,2653,1406,1247
112000148,1005,1054,-49
112000149,386,314,72
112000150,301,301,0
112000151,295,156,139
112000152,550,247,303
112000153,140,163,-23
112000154,142,154,-12
112000155,118,105,13
112000157,349,548,-199
112000158,250,215,35
112000159,652,251,401
112000167,309,99,210
112000169,194,371,-177
112000173,713,171,542
112000175,375,201,174
112000176,908,1120,-212
112000177,689,226,463
112000178,79,156,-77
112000179,245,34,211
112000180,198,224,-26
112000181,991,850,141
112000182,1337,542,795
112000183,37,19,18
112000184,433,146,287
112000185,667,267,400
112000187,2872,1925,947
112000195,102,13,89
112000196,197,2,195
112000197,76,152,-76
112000198,39,310,-271
112000199,531,653,-122
112000202,354,5,349
112000216,60,173,-113
112000230,93,4,89
112000231,1,122,-121
112000256,66,224,-158
112000313,33,66,-33
112000314,49,40,9
112000337,162,409,-247
112000352,142,297,-155
112000392,1156,694,462
112000398,1610,721,889
112000399,1030,3127,-2097
112000400,988,1000,-12
112000401,2162,1239,923
112000402,3374,3766,-392
112000403,1177,3752,-2575
112000404,1162,968,194
112000405,2348,2603,-255
112000406,1920,1043,877
112000407,7776,7298,478
112000408,4100,2431,1669
112000409,1915,2303,-388
112000410,239,344,-105
112000411,2289,1380,909
112000412,795,422,373
112000413,3458,6266,-2808
112000414,88,33,55
112000415,74,25,49
112000416,2979,1002,1977
112000417,284,64,220
112000421,51,31,20
112000422,324,146,178
112000424,953,2645,-1692
112000425,343,418,-75
112000426,159,239,-80
112000427,0,7,-7
112000428,240,182,58
112000429,1527,1399,128
112000430,2103,2277,-174
112000431,108,96,12
112000432,446,451,-5
112000433,209,441,-232
112000437,48,122,-74
112900001,84,3,81
112900002,581,384,197
112900003,81,164,-83
112900004,37,94,-57
112900005,256,85,171
112900007,36,93,-57
112900008,1,78,-77
112900009,326,166,160
112900010,542,396,146
112900011,82,88,-6
112900012,0,17,-17
112900013,1,102,-101
112900014,1,82,-81
112900015,159,399,-240
112900016,2,107,-105
112900017,32,54,-22
112900018,480,256,224
112900019,14,118,-104
112900020,214,679,-465
112900021,7,107,-100
112900022,6,23,-17
112900023,7,30,-23
112900024,16,100,-84
112900025,80,98,-18
112900026,22,61,-39
112900027,1,388,-387
112900028,14,92,-78
112900029,21,226,-205
112900030,40,53,-13
112900031,0,179,-179
112900032,153,215,-62
112900034,1,13,-12
112900035,3,117,-114
112900036,41,124,-83
112900037,113,184,-71
112900038,638,89,549
112900039,8,132,-124
112900040,12,454,-442
112900041,317,765,-448
112900042,106,143,-37
112900043,46,40,6
112900044,256,197,59
112900045,92,135,-43
112900046,96,43,53
112900047,15,22,-7
112900049,275,59,216
112900050,18,362,-344
112900051,149,260,-111
112900052,5,250,-245
112900053,130,107,23
112900054,132,43,89
112900055,62,21,41
112900056,290,208,82
112900057,22,273,-251
112900058,242,295,-53
112900059,122,188,-66
112900060,20,67,-47
112900061,91,131,-40
112900062,67,84,-17
112900063,66,18,48
112900064,47,162,-115
112900065,22,44,-22
112900066,221,209,12
112900067,220,59,161
112900068,29,24,5
112900069,1253,783,470
112900071,48,8,40
112900072,154,2282,-2128
112900073,376,192,184
112900074,58,252,-194
112900075,591,924,-333
112900076,34,34,0
112900078,304,504,-200
112900079,215,17,198
112900080,113,5,108
112900081,88,247,-159
112900082,501,40,461
112900083,128,112,16
112900084,246,159,87
112900086,116,0,116
112900087,833,147,686
112900088,145,9,136
112900089,804,35,769
112900090,91,69,22
112900091,319,12,307
112900092,34,433,-399
112900093,943,32,911
112900095,74,0,74
112900096,657,142,515
112900097,69,135,-66
112900098,91,0,91
112900099,919,14,905
112900100,80,2,78
112900101,382,1,381
112900102,123,34,89
112900103,221,2,219
112900104,674,7,667
112900105,33,0,33
112900106,322,89,233
112900107,5,0,5
112900108,10,4,6
112900109,154,1,153
112900110,1618,33,1585
112900111,793,4,789
112900112,414,3,411
112900113,0,8,-8
112900114,197,17,180
112900115,1726,4,1722
112900116,141,2,139
112900117,74,25,49
112900118,9,76,-67
112900119,192,5,187
112900120,500,194,306
112900121,38,99,-61
112900122,4,53,-49
112900123,96,11,85
112900124,9,63,-54
112900125,14,235,-221
112900126,139,114,25
112900127,413,240,173
112900128,87,448,-361
112900129,1,342,-341
112900130,164,89,75
112900131,15,571,-556
112900132,98,339,-241
112900133,12,685,-673
112900134,0,95,-95
112900135,107,40,67
112900137,71,309,-238
112900138,0,93,-93
112900139,95,487,-392
112900141,671,38,633
112900142,57,215,-158
112900143,8,225,-217
112900144,1,294,-293
112900145,25,207,-182
112900146,3,422,-419
112900147,0,572,-572
112900148,60,2,58
112900149,325,295,30
112900151,9,50,-41
112900152,2356,464,1892
112900153,729,2236,-1507
112900154,1,61,-60
112900155,137,15,122
112900156,469,478,-9
112900157,342,55,287
112900158,71,9,62
112900159,207,228,-21
112900160,38,160,-122
112900161,91,33,58
112900162,12,13,-1
112900163,35,51,-16
112900164,32,155,-123
112900165,74,19,55
112900166,5,74,-69
112900167,9,90,-81
112900168,1,6,-5
112900169,9,8,1
112900170,159,190,-31
112900172,14,23,-9
112900173,100,74,26
112900174,255,37,218
112900175,99,159,-60
112900176,60,49,11
112900177,192,66,126
112900178,518,2868,-2350
112900179,28,249,-221
112900180,1612,911,701
112900181,581,6,575
112900182,72,369,-297
112900183,64,153,-89
112900184,280,366,-86
112900185,75,525,-450
112900186,726,975,-249
112900187,72,408,-336
112900188,457,1464,-1007
112900189,6,8,-2
112900190,11,12,-1
112900192,553,559,-6
112900193,859,342,517
112900194,61,24,37
112900195,763,46,717
112900196,187,252,-65
112900197,98,196,-98
112900199,437,121,316
112900200,490,100,390
112900201,180,85,95
112900202,535,383,152
112900203,346,94,252
112900204,477,451,26
112900205,13,30,-17
112900206,13,121,-108
112900207,21,0,21
112900208,77,306,-229
112900209,265,213,52
112900210,0,33,-33
112900211,77,16,61
112900212,1,55,-54
112900213,79,6,73
112900214,11,21,-10
112900215,26,87,-61
112900216,20,26,-6
112900217,0,67,-67
112900218,106,3,103
112900219,80,17,63
112900220,1,0,1
112900221,5,73,-68
112900222,0,15,-15
112900223,790,26,764
112900224,350,161,189
112900225,444,200,244
112900226,86,185,-99
112900227,415,209,206
112900228,66,24,42
112900229,336,21,315
112900230,4645,2343,2302
112900232,259,271,-12
112900233,61,75,-14
112900234,23,21,2
112900235,59,17,42
112900236,316,14,302
112900237,224,100,124
112900238,19,10,9
112900239,458,608,-150
112900240,5,23,-18
112900241,11,21,-10
112900242,10,58,-48
112900243,6,37,-31
112900244,8,34,-26
112900245,4,29,-25
112900246,12,2,10
112900247,56,19,37
112900248,1,0,1
112900249,38,1,37
112900250,62,10,52
112900251,61,7,54
112900252,59,16,43
112900253,59,2,57
112900254,34,1,33
112900255,8,54,-46
112900256,2,25,-23
112900257,9,26,-17
112900258,53,7,46
113000001,4872,3863,1009
113000002,3202,2574,628
113000003,1395,1345,50
113000004,1106,1524,-418
113000005,1331,876,455
113000006,831,1011,-180
113000007,1678,830,848
113000008,1316,1074,242
113000009,1067,547,520
113000010,998,705,293
113000011,818,769,49
113000012,1454,544,910
113000013,719,540,179
113000014,705,897,-192
113000015,112,128,-16
113000016,177,535,-358
113000017,47,290,-243
113000018,315,27,288
113000019,130,228,-98
113000020,392,88,304
113000021,1062,480,582
113000022,684,1110,-426
113000025,119,298,-179
113000026,443,471,-28
113000027,331,715,-384
113000028,391,779,-388
113000029,731,693,38
113000030,131,363,-232
113000031,120,246,-126
113000032,144,294,-150
113000033,150,315,-165
113000034,185,159,26
113000035,22,17,5
113000036,14,38,-24
113000037,33,19,14
113000038,12,45,-33
113000039,34,325,-291
113000040,28,98,-70
113000042,543,438,105
113000051,704,1586,-882
113000052,1719,498,1221
113000053,414,228,186
113000054,375,426,-51
113000055,1259,299,960
113000056,1165,713,452
113000058,421,709,-288
113000059,705,301,404
113000060,248,380,-132
113000061,400,534,-134
113000062,323,307,16
113000063,299,46,253
113000064,55,107,-52
113000065,182,299,-117
113000066,673,73,600
113000067,2246,633,1613
113000068,321,459,-138
113000069,490,481,9
113000070,2264,617,1647
113000071,422,246,176
113000072,827,322,505
113000073,247,992,-745
113000074,676,294,382
113000075,1228,633,595
113000076,355,2279,-1924
113000077,597,779,-182
113000078,364,1418,-1054
113000079,313,901,-588
113000080,457,821,-364
113000081,581,503,78
113000082,614,532,82
113000083,464,633,-169
113000084,1252,734,518
113000085,659,504,155
113000086,703,661,42
113000087,699,1026,-327
113000088,1431,944,487
113000089,664,1401,-737
113000090,156,551,-395
113000091,306,335,-29
113000094,981,293,688
113000095,199,604,-405
113000096,118,734,-616
113000097,777,316,461
113000098,94,55,39
113000099,847,340,507
113000100,92,376,-284
113000101,175,474,-299
113000102,521,469,52
113000103,1428,245,1183
113000104,473,1772,-1299
113000105,809,321,488
113000106,323,225,98
113000107,868,731,137
113000108,610,638,-28
113000109,553,1040,-487
113000110,2418,475,1943
113000111,242,503,-261
113000112,324,247,77
113000113,900,255,645
113000114,209,971,-762
113000116,456,222,234
113000117,866,85,781
113000118,46,416,-370
113000119,271,279,-8
113000120,37,267,-230
113000121,348,1000,-652
113000124,217,70,147
113000125,37,808,-771
113000127,1228,173,1055
113000128,700,173,527
113000129,343,508,-165
113000133,1647,706,941
113000134,6,936,-930
113000135,3261,3769,-508
113000137,733,2595,-1862
113000139,145,230,-85
113000140,36,161,-125
113000141,69,132,-63
113000142,170,598,-428
113000143,209,109,100
113000144,187,343,-156
113000145,150,80,70
113000146,77,42,35
113000147,147,41,106
113000148,191,62,129
113000149,102,135,-33
113000150,491,195,296
113000151,40,29,11
113000152,39,157,-118
113000153,692,263,429
113000154,390,1123,-733
113000155,272,496,-224
113000156,85,188,-103
113000157,158,416,-258
113000158,474,221,253
113000159,674,442,232
113000160,442,400,42
113000161,258,170,88
113000162,665,207,458
113000163,107,46,61
113000164,12,36,-24
113000166,175,92,83
113000167,36,39,-3
113000168,69,69,0
113000169,220,36,184
113000170,85,64,21
113000171,32,69,-37
113000172,206,44,162
113000173,82,27,55
113000174,130,171,-41
113000175,390,63,327
113000176,391,82,309
113000177,133,162,-29
113000178,98,153,-55
113000179,241,114,127
113000180,406,836,-430
113000181,1034,659,375
113000182,146,249,-103
113000183,81,481,-400
113000184,29,43,-14
113000189,277,460,-183
113000190,194,294,-100
113000192,530,3871,-3341
113000193,1279,2844,-1565
113000194,622,1370,-748
113000195,898,1685,-787
113000196,172,58,114
113000197,732,1318,-586
113000198,107,203,-96
113000199,1052,281,771
113000201,166,447,-281
113000202,5130,690,4440
113000203,52,568,-516
113000204,378,3273,-2895
113000205,11,8,3
113000206,6,43,-37
113000207,76,10,66
113000208,39,28,11
113000209,13,8,5
113000210,6,27,-21
113000211,120,295,-175
113000212,68,50,18
113000213,16,90,-74
113000214,143,242,-99
113000234,124,498,-374
113000410,51,146,-95
113000411,1195,2513,-1318
113000412,2896,1328,1568
113000413,982,2178,-1196
113000414,2191,9520,-7329
113000415,1274,1433,-159
113000416,2572,1931,641
113000417,1174,1370,-196
113000418,3610,3330,280
113000419,1107,1615,-508
113000420,2260,4262,-2002
113000421,3277,4898,-1621
113000422,6395,6890,-495
113000423,1036,4100,-3064
113000424,1365,7806,-6441
113000425,0,56,-56
113000428,13,19,-6
113000430,0,60,-60
113000432,2206,143,2063
113000433,88,300,-212
113000434,20,58,-38
113000435,32,181,-149
113000436,12,517,-505
113000437,1162,23,1139
113000438,409,23,386
113000439,14,53,-39
113000440,137,34,103
113000441,263,149,114
113000442,161,58,103
113000443,276,104,172
113000444,242,84,158
113000445,88,66,22
113000446,52,74,-22
113000448,419,162,257
113000449,95,652,-557
113000450,475,1642,-1167
113000451,2014,223,1791
113000452,102,403,-301
113000453,59,512,-453
113000454,202,84,118
113000455,15,951,-936
113000456,1592,1552,40
113000468,707,72,635
113000469,18,53,-35
113000470,357,11,346
113000471,7,240,-233
113000472,61,187,-126
113000474,1001,545,456
113000475,1013,1011,2
113000476,1580,1529,51
113000477,3300,1428,1872
113000478,2444,2473,-29
113000479,89,90,-1
113000484,0,0,0
113000485,0,0,0
113000486,2,0,2
113000487,0,0,0
113000488,0,2,-2
113000489,0,1,-1
113000490,0,1,-1
113000491,4,2,2
113000492,1,0,1
113000493,0,0,0
113000495,243,142,101
113000496,134,93,41
113000497,0,0,0
113000499,0,0,0
113900001,5,922,-917
113900002,3,43,-40
113900003,0,109,-109
113900004,1,118,-117
113900005,1,219,-218
113900006,0,43,-43
113900007,4,0,4
113900008,12,0,12
113900009,22,2,20
113900010,15,0,15
113900011,67,2,65
113900012,46,0,46
113900013,48,1,47
113900014,418,2,416
113900015,13,45,-32
113900016,21,0,21
113900017,1,24,-23
113900018,160,189,-29
113900019,147,23,124
113900020,137,0,137
113900022,48,1,47
113900023,46,0,46
113900024,39,21,18
113900025,123,10,113
113900026,32,0,32
113900027,9,42,-33
113900028,32,240,-208
113900029,66,105,-39
113900030,224,3,221
113900031,27,1,26
113900032,24,0,24
113900033,75,38,37
113900035,26,0,26
113900036,25,71,-46
113900037,218,176,42
113900038,18,89,-71
113900039,151,14,137
113900040,8,31,-23
113900041,15,5,10
113900042,58,27,31
113900043,168,50,118
113900044,192,276,-84
113900045,47,0,47
113900046,207,526,-319
113900047,51,91,-40
113900048,80,106,-26
113900049,182,291,-109
113900050,185,228,-43
113900051,182,170,12
113900052,105,71,34
113900053,436,613,-177
113900054,31,1,30
113900055,101,330,-229
113900056,50,130,-80
113900057,3,27,-24
113900058,57,55,2
113900059,167,205,-38
113900060,57,106,-49
113900061,215,148,67
113900062,82,6,76
113900063,70,68,2
113900064,14,41,-27
113900065,389,16,373
113900066,405,128,277
113900067,207,85,122
113900068,336,440,-104
113900069,13,21,-8
113900070,121,230,-109
113900071,54,27,27
113900072,40,60,-20
113900073,266,287,-21
113900074,134,127,7
113900075,794,1270,-476
113900076,83,15,68
113900077,31,100,-69
113900078,21,23,-2
113900079,1,16,-15
113900080,409,120,289
113900081,33,80,-47
113900082,135,110,25
113900083,375,137,238
113900084,131,101,30
113900085,32,131,-99
113900086,29,10,19
113900087,62,86,-24
113900088,58,112,-54
113900089,305,27,278
113900090,404,245,159
113900091,12,7,5
113900092,19,30,-11
113900093,72,646,-574
113900094,352,139,213
113900095,99,97,2
113900096,233,29,204
113900097,17,27,-10
113900098,587,77,510
113900099,1,19,-18
113900100,1,3,-2
113900101,5,41,-36
113900102,59,122,-63
113900103,214,276,-62
113900104,74,209,-135
113900105,154,57,97
113900106,0,14,-14
113900107,1,7,-6
113900108,114,219,-105
113900109,202,226,-24
113900110,25,12,13
113900111,161,82,79
113900112,131,21,110
113900113,626,304,322
113900114,1,27,-26
113900115,1,26,-25
113900116,79,141,-62
113900117,36,21,15
113900118,159,306,-147
113900119,111,379,-268
113900120,87,45,42
113900121,43,50,-7
113900122,310,2047,-1737
113900123,310,173,137
113900124,1,64,-63
113900125,491,95,396
113900126,57,36,21
113900127,244,667,-423
113900128,100,39,61
113900129,13,157,-144
113900130,1,126,-125
113900131,210,54,156
113900132,28,62,-34
113900133,17,20,-3
113900135,312,206,106
113900136,44,26,18
113900137,232,239,-7
113900138,27,105,-78
113900139,137,152,-15
113900140,51,288,-237
113900141,533,136,397
113900142,80,20,60
113900143,7,24,-17
113900144,66,257,-191
113900145,284,103,181
113900146,121,40,81
113900148,80,228,-148
113900149,72,54,18
113900150,185,198,-13
113900151,308,110,198
113900152,35,28,7
113900153,55,272,-217
113900154,3,65,-62
113900155,91,173,-82
113900156,111,198,-87
113900157,28,221,-193
113900158,67,266,-199
113900159,13,170,-157
113900160,242,318,-76
113900161,68,194,-126
113900162,121,516,-395
113900163,113,154,-41
113900164,273,23,250
113900165,480,199,281
113900166,55,113,-58
113900167,308,11,297
113900168,31,55,-24
113900169,126,174,-48
113900171,153,40,113
113900172,3,48,-45
113900173,13,266,-253
113900174,320,306,14
113900175,222,85,137
113900176,224,229,-5
113900177,257,134,123
113900178,134,128,6
113900179,22,180,-158
113900180,98,88,10
113900181,505,115,390
113900182,452,413,39
113900183,32,49,-17
113900184,4,198,-194
113900185,80,34,46
113900186,16,9,7
113900187,16,106,-90
113900188,20,62,-42
113900189,185,133,52
113900190,144,52,92
113900191,59,55,4
113900192,831,1420,-589
113900193,6,81,-75
113900194,706,420,286
113900195,177,247,-70
113900196,0,73,-73
113900197,2,59,-57
113900198,8,254,-246
113900199,49,293,-244
113900200,3,86,-83
113900201,2,66,-64
113900202,7,97,-90
113900203,9,30,-21
113900204,12,179,-167
113900205,3,49,-46
113900206,1,51,-50
113900207,0,35,-35
113900208,0,14,-14
113900209,0,22,-22
113900210,390,369,21
113900211,113,67,46
113900212,145,225,-80
113900214,144,306,-162
113900215,53,50,3
113900216,133,239,-106
113900217,70,112,-42
113900218,130,92,38
113900219,76,307,-231
113900220,74,103,-29
113900221,187,212,-25
113900222,712,512,200
113900223,181,247,-66
113900224,27,46,-19
113900225,231,83,148
113900226,243,85,158
113900227,252,95,157
113900228,194,326,-132
113900229,28,578,-550
113900230,1393,2367,-974
113900231,120,60,60
113900232,106,38,68
113900233,72,39,33
113900234,301,307,-6
113900235,59,15,44
113900236,304,132,172
113900237,126,5,121
113900238,104,406,-302
113900239,25,129,-104
113900240,8,154,-146
113900241,62,39,23
113900242,24,113,-89
113900243,39,216,-177
113900244,96,124,-28
113900245,578,208,370
113900246,12,16,-4
113900247,70,444,-374
113900248,1218,1179,39
113900249,403,415,-12
113900250,26,138,-112
113900251,654,62,592
113900252,585,17,568
113900253,471,41,430
113900254,511,87,424
113900255,487,13,474
113900256,337,25,312
113900257,28,244,-216
113900258,16,184,-168
113900259,550,81,469
113900260,180,2,178
113900261,55,44,11
113900262,99,238,-139
113900263,60,342,-282
113900264,1,165,-164
113900265,100,303,-203
113900266,36,91,-55
113900267,62,536,-474
113900268,174,264,-90
113900269,71,54,17
113900270,131,398,-267
113900271,389,348,41
113900273,23,8,15
113900274,48,26,22
113900275,15,70,-55
113900276,1,53,-52
113900277,154,3,151
113900278,137,103,34
113900279,28,47,-19
113900280,1216,495,721
113900281,319,888,-569
113900282,182,306,-124
113900283,294,360,-66
113900284,667,83,584
113900285,64,24,40
113900286,21,33,-12
113900287,65,15,50
113900288,0,67,-67
113900289,310,97,213
113900290,193,190,3
113900291,59,135,-76
113900292,7,2,5
113900293,16,122,-106
113900294,469,17,452
113900295,294,257,37
113900296,549,160,389
113900297,2042,33,2009
113900298,25,945,-920
113900299,89,31,58
113900300,1824,1571,253
113900301,399,303,96
113900302,1111,575,536
113900303,150,427,-277
113900304,1,60,-59
113900305,102,0,102
113900306,44,0,44
113900307,3,0,3
113900308,30,53,-23
113900309,0,211,-211
113900310,0,11,-11
113900311,9,0,9
113900312,168,179,-11
113900313,7,4,3
113900314,5,4,1
113900315,49,1,48
114000001,636,1245,-609
114000002,258,183,75
114000003,174,365,-191
114000004,291,191,100
114000005,222,131,91
114000006,855,815,40
114000007,508,663,-155
114000008,1068,1347,-279
114000009,793,197,596
114000011,2232,1529,703
114000012,2339,851,1488
114000013,1588,761,827
114000014,366,235,131
114000015,1534,163,1371
114000016,184,96,88
114000017,86,325,-239
114000018,106,10,96
114000026,2007,586,1421
114000027,3472,1420,2052
114000028,1659,2321,-662
114000038,208,100,108
114000039,127,61,66
114000040,141,148,-7
114000042,146,67,79
114000043,220,124,96
114000044,349,74,275
114000045,48,24,24
114000046,1514,2531,-1017
114000047,18,49,-31
114000048,95,79,16
114000049,1173,1105,68
114000050,1186,1145,41
114000051,1912,1505,407
114000052,2873,1852,1021
114000053,74,489,-415
114000054,102,432,-330
114000055,184,20,164
114000056,192,774,-582
114000057,2677,1481,1196
114000058,80,826,-746
114000059,35,304,-269
114000060,352,557,-205
114000061,1418,1921,-503
114000062,488,1098,-610
114000063,918,914,4
114000064,1532,2556,-1024
114000065,856,1500,-644
114000066,361,450,-89
114000067,12,666,-654
114000068,417,480,-63
114000069,614,352,262
114000070,1463,1264,199
114000071,547,289,258
114000072,389,103,286
114000073,25,21,4
114000074,37,7,30
114000075,59,38,21
114000076,22,20,2
114000077,5,7,-2
114000078,234,220,14
114000079,177,18,159
114000080,30,42,-12
114000081,74,69,5
114000082,31,176,-145
114000083,47,74,-27
114000084,166,53,113
114000085,63,192,-129
114000086,141,136,5
114000087,104,44,60
114000088,34,31,3
114000089,262,153,109
114000090,654,620,34
114000091,875,593,282
114000092,546,302,244
114000093,997,518,479
114000094,303,229,74
114000095,162,172,-10
114000096,62,196,-134
114000097,121,207,-86
114000098,543,112,431
114000099,658,173,485
114000100,1388,280,1108
114000101,375,245,130
114000102,568,215,353
114000103,98,189,-91
114000104,15,98,-83
114000105,117,68,49
114000106,439,1105,-666
114000107,431,67,364
114000108,810,669,141
114000109,585,1914,-1329
114000110,450,663,-213
114000111,1682,867,815
114000112,409,982,-573
114000113,1688,449,1239
114000114,565,731,-166
114000115,2185,797,1388
114000116,871,2257,-1386
114000117,3239,456,2783
114000118,2546,401,2145
114000119,1867,423,1444
114000120,413,475,-62
114000121,451,636,-185
114000122,376,271,105
114000123,1810,282,1528
114000124,875,230,645
114000125,753,778,-25
114000126,1523,238,1285
114000127,208,89,119
114000128,685,159,526
114000130,346,310,36
114000131,262,58,204
114000132,405,294,111
114000133,526,736,-210
114000134,39,26,13
114000138,20,88,-68
114000139,305,322,-17
114000144,548,494,54
114000145,44,76,-32
114000146,77,53,24
114000147,987,2080,-1093
114000148,1052,1405,-353
114000149,229,241,-12
114000150,518,948,-430
114000151,804,2296,-1492
114000152,95,38,57
114000153,512,1521,-1009
114000154,501,488,13
114000155,795,1992,-1197
114000156,626,542,84
114000157,203,967,-764
114000158,794,530,264
114000159,114,328,-214
114000160,48,376,-328
114000161,766,2176,-1410
114000162,874,1948,-1074
114000163,27,42,-15
114000165,476,341,135
114000166,413,281,132
114000167,1550,951,599
114000168,279,198,81
114000169,850,1218,-368
114000170,1023,1054,-31
114000171,971,4807,-3836
114000174,134,279,-145
114000176,318,572,-254
114000177,684,363,321
114000178,43,26,17
114000179,833,645,188
114000180,337,521,-184
114000181,1289,3441,-2152
114000182,916,1613,-697
114000183,480,455,25
114000184,1575,481,1094
114000185,940,573,367
114000189,1126,148,978
114000190,2904,427,2477
114000191,70,95,-25
114000192,75,627,-552
114000193,320,740,-420
114000194,1172,484,688
114000195,232,42,190
114000196,1,65,-64
114000197,1675,40,1635
114000198,519,258,261
114000199,1289,1481,-192
114000200,422,625,-203
114000201,129,339,-210
114000202,636,370,266
114000203,580,507,73
114000204,124,288,-164
114000205,147,666,-519
114000206,528,886,-358
114000207,325,703,-378
114000208,317,916,-599
114000209,274,896,-622
114000210,116,553,-437
114000211,967,1003,-36
114000212,593,674,-81
114000213,1214,401,813
114000214,45,71,-26
114000215,157,39,118
114000216,1217,230,987
114000217,369,148,221
114000218,122,101,21
114000219,1144,105,1039
114000220,21,416,-395
114000221,865,137,728
114000222,107,496,-389
114000223,475,105,370
114000224,36,288,-252
114000225,267,267,0
114000226,171,161,10
114000227,805,371,434
114000228,793,389,404
114000229,1153,728,425
114000230,1407,596,811
114000231,768,918,-150
114000232,849,145,704
114000233,2109,71,2038
114000234,866,483,383
114000235,946,752,194
114000236,0,220,-220
114000237,99,443,-344
114000238,65,191,-126
114000239,130,563,-433
114000240,795,762,33
114000241,224,475,-251
114000242,552,521,31
114000243,1468,625,843
114000244,460,262,198
114000245,335,568,-233
114000246,92,39,53
114000247,688,356,332
114000248,1185,461,724
114000249,514,304,210
114000250,488,532,-44
114000251,369,156,213
114000252,32,20,12
114000253,32,28,4
114000254,45,16,29
114000255,354,135,219
114000256,370,1407,-1037
114000257,402,652,-250
114000258,275,150,125
114000259,69,132,-63
114000260,0,15,-15
114000261,22,20,2
114000262,160,53,107
114000263,7,1,6
114000264,944,200,744
114000265,0,0,0
114000267,2,1203,-1201
114000268,0,517,-517
114000270,209,5,204
114000271,261,30,231
114000283,1130,208,922
114000285,12,76,-64
114000288,78,186,-108
114000289,1273,116,1157
114000293,169,365,-196
114000294,151,137,14
114000395,1041,15,1026
114000396,513,551,-38
114000402,569,117,452
114000403,223,161,62
114000405,192,232,-40
114000423,297,179,118
114000424,325,65,260
114000425,723,135,588
114000426,241,597,-356
114000427,64,37,27
114000428,105,142,-37
114000429,8,95,-87
114000432,84,30,54
114000434,21,40,-19
114000435,1,43,-42
114900001,485,294,191
114900002,321,92,229
114900003,634,469,165
114900004,213,275,-62
114900005,418,323,95
114900006,45,64,-19
114900007,249,28,221
114900008,168,93,75
114900010,968,1448,-480
114900011,144,116,28
114900013,187,67,120
114900018,741,30,711
114900020,103,41,62
114900022,0,369,-369
114900025,430,113,317
114900026,92,78,14
114900029,116,21,95
114900030,221,117,104
114900031,427,21,406
114900032,377,18,359
114900034,20,41,-21
114900035,116,162,-46
114900036,150,238,-88
114900039,353,182,171
114900040,49,43,6
114900041,921,157,764
114900042,1049,207,842
114900044,155,29,126
114900047,161,2259,-2098
114900048,68,157,-89
114900049,29,78,-49
114900050,26,105,-79
114900051,14,127,-113
114900052,34,170,-136
114900053,47,145,-98
114900054,33,36,-3
114900057,175,15,160
114900058,0,37,-37
114900059,74,55,19
114900063,58,42,16
114900064,1658,137,1521
114900065,455,496,-41
114900067,19,247,-228
114900068,41,71,-30
114900069,92,79,13
114900070,464,176,288
114900072,1,113,-112
114900073,0,52,-52
114900074,647,203,444
114900075,238,9,229
114900076,0,145,-145
114900080,924,146,778
114900082,1755,2104,-349
114900083,461,677,-216
114900090,337,156,181
114900091,58,109,-51
114900097,203,0,203
114900098,3,96,-93
114900099,209,1,208
115000001,2973,1714,1259
115000002,3182,4229,-1047
115000003,2968,1338,1630
115000004,4008,4919,-911
115000005,1406,1264,142
115000006,983,1244,-261
115000007,198,156,42
115000008,320,397,-77
115000009,235,168,67
115000010,195,142,53
115000013,46,138,-92
115000015,24,229,-205
115000016,23,200,-177
115000019,59,368,-309
115000020,76,729,-653
115000021,245,323,-78
115000022,378,213,165
115000023,260,451,-191
115000024,681,274,407
115000025,668,556,112
115000026,158,228,-70
115000027,244,234,10
115000028,102,481,-379
115000029,549,64,485
115000030,480,736,-256
115000031,931,202,729
115000032,3,198,-195
115000033,144,44,100
115000034,22,755,-733
115000035,756,60,696
115000036,1,206,-205
115000037,557,23,534
115000038,41,97,-56
115000039,2218,2578,-360
115000040,2404,1859,545
115000041,1377,3065,-1688
115000042,370,481,-111
115000043,3709,2164,1545
115000044,3174,2411,763
115000045,1996,844,1152
115000046,2422,2215,207
115000047,2228,1001,1227
115000048,1378,1228,150
115000049,1075,1987,-912
115000050,2629,1137,1492
115000051,1299,2848,-1549
115000052,1090,921,169
115000053,1681,1659,22
115000054,411,574,-163
115000055,176,829,-653
115000056,226,518,-292
115000057,537,1053,-516
115000058,372,365,7
115000059,276,144,132
115000061,88,150,-62
115000062,138,236,-98
115000063,302,248,54
115000064,173,73,100
115000065,63,398,-335
115000067,236,22,214
115000069,88,210,-122
115000070,24,543,-519
115000071,71,8,63
115000072,14,59,-45
115000073,1107,31,1076
115000075,85,31,54
115000076,1648,1460,188
115000077,1588,1073,515
115000078,1262,666,596
115000079,977,932,45
115000080,2127,1068,1059
115000081,339,469,-130
115000082,3524,2823,701
115000083,1520,904,616
115000084,2296,948,1348
115000085,908,451,457
115000086,1046,454,592
115000087,375,966,-591
115000088,1428,443,985
115000089,1026,725,301
115000090,294,590,-296
115000091,207,436,-229
115000092,686,333,353
115000093,485,1,484
115000094,3548,4867,-1319
115000095,2984,5491,-2507
115000096,803,693,110
115000097,1215,813,402
115000098,1221,415,806
115000099,2156,1299,857
115000100,1033,251,782
115000101,461,804,-343
115000102,493,175,318
115000103,234,384,-150
115000105,46,86,-40
115000106,622,280,342
115000107,182,188,-6
115000108,1753,1362,391
115000109,2585,4032,-1447
115000110,929,1359,-430
115000111,420,799,-379
115000112,553,588,-35
115000113,420,413,7
115000114,975,390,585
115000116,2067,1618,449
115000117,1698,1802,-104
115000118,1584,1501,83
115000119,1207,1404,-197
115000120,450,1055,-605
115000121,687,545,142
115000122,792,1116,-324
115000123,529,1392,-863
115000124,533,773,-240
115000125,303,547,-244
115000126,78,259,-181
115000127,250,72,178
115000128,211,587,-376
115000129,173,330,-157
115000130,315,307,8
115000131,758,227,531
115000132,309,173,136
115000133,512,150,362
115000134,270,173,97
115000135,164,114,50
115000136,248,187,61
115000137,84,113,-29
115000138,425,213,212
115000139,238,127,111
115000140,410,153,257
115000141,180,106,74
115000142,196,103,93
115000143,894,407,487
115000144,529,48,481
115000145,213,174,39
115000146,438,291,147
115000147,241,293,-52
115000148,251,386,-135
115000149,615,145,470
115000150,428,353,75
115000151,910,353,557
115000152,414,361,53
115000153,1011,371,640
115000154,692,172,520
115000155,429,531,-102
115000156,675,495,180
115000157,256,595,-339
115000158,191,295,-104
115000159,286,390,-104
115000160,258,211,47
115000161,118,322,-204
115000162,389,622,-233
115000163,410,630,-220
115000164,446,538,-92
115000165,186,412,-226
115000167,65,63,2
115000168,308,246,62
115000169,279,427,-148
115000170,59,166,-107
115000171,224,204,20
115000172,430,458,-28
115000173,177,533,-356
115000174,55,274,-219
115000175,120,44,76
115000176,54,39,15
115000177,58,52,6
115000178,4,122,-118
115000179,19,17,2
115000180,80,247,-167
115000181,526,105,421
115000182,759,196,563
115000183,353,360,-7
115000186,416,169,247
115000187,150,405,-255
115000188,298,351,-53
115000189,141,298,-157
115000190,518,290,228
115000191,73,357,-284
115000194,64,78,-14
115000195,125,244,-119
115000196,191,62,129
115000197,199,145,54
115000198,337,98,239
115000199,424,95,329
115000200,283,64,219
115000201,138,148,-10
115000206,292,33,259
115000207,197,161,36
115000208,192,422,-230
115000209,457,235,222
115000210,125,101,24
115000211,195,179,16
115000212,739,216,523
115000224,239,58,181
115000225,63,70,-7
115000229,114,82,32
115000230,94,326,-232
115000231,224,630,-406
115000232,1689,199,1490
115000233,103,91,12
115000234,19,185,-166
115000241,67,138,-71
115000242,90,95,-5
115000243,38,101,-63
115000244,19,95,-76
115000246,48,23,25
115000247,23,16,7
115000248,34,14,20
115000249,6,16,-10
115000250,240,24,216
115000251,183,41,142
115000252,55,96,-41
115000253,22,333,-311
115000258,233,44,189
115000259,249,73,176
115000261,26,8,18
115000262,13,31,-18
115000263,10,35,-25
115000264,23,18,5
115000267,65,78,-13
115000268,29,98,-69
115000269,93,55,38
115000270,4,9,-5
115000272,82,101,-19
115000273,370,33,337
115000280,1685,162,1523
115000281,201,778,-577
115000282,396,444,-48
115000284,149,148,1
115000296,1151,4,1147
115000297,77,140,-63
115000298,47,441,-394
115000300,155,125,30
115000302,491,55,436
115000303,613,67,546
115000304,655,50,605
115000305,58,227,-169
115000306,135,110,25
115000307,83,104,-21
115000308,15,16,-1
115000310,1099,349,750
115000311,1101,823,278
115000313,99,221,-122
115000314,368,185,183
115000315,673,685,-12
115000316,99,95,4
115000317,120,261,-141
115000318,691,230,461
115000319,46,181,-135
115000320,12,253,-241
115000321,185,7,178
115000322,60,111,-51
115000449,89,101,-12
115000557,31,1160,-1129
115000558,371,121,250
115000587,473,215,258
115000588,1491,1622,-131
115000589,2957,1755,1202
115000590,897,1073,-176
115000591,1143,581,562
115000592,318,1256,-938
115000593,1071,548,523
115000594,344,2247,-1903
115000609,181,95,86
115000617,524,1871,-1347
115000624,281,19,262
115000633,264,1111,-847
115000634,2370,544,1826
115000635,530,161,369
115000638,252,271,-19
115000641,22,195,-173
115000642,193,177,16
115000643,83,234,-151
115000644,116,211,-95
115000646,621,1235,-614
115000647,143,380,-237
115000648,2018,971,1047
115000893,1436,959,477
115000894,113,622,-509
115000895,227,954,-727
115000896,936,356,580
115000897,386,138,248
115000898,273,224,49
115000899,183,1102,-919
115000900,32,364,-332
115000901,47,138,-91
115000912,360,68,292
115000913,2,12,-10
115000915,8,1,7
115000916,13,0,13
115000917,0,1,-1
115000918,24,385,-361
115000919,6,10,-4
115000920,7,44,-37
115000921,196,83,113
115000922,445,689,-244
115000923,141,1641,-1500
115000925,108,99,9
115000927,39,47,-8
115000933,104,425,-321
115000934,151,97,54
115000935,109,34,75
115000936,17,607,-590
115000937,645,172,473
115000938,64,278,-214
115000939,74,174,-100
115000940,1,12,-11
115000941,2,29,-27
115000942,7,97,-90
115000943,14,40,-26
115000944,2,5,-3
115900001,100,10,90
115900002,45,76,-31
115900003,152,28,124
115900004,0,9,-9
115900005,211,6,205
115900006,52,123,-71
115900008,64,3,61
115900009,52,100,-48
115900010,341,70,271
115900011,359,133,226
115900012,202,23,179
115900013,196,103,93
115900014,111,105,6
115900015,132,27,105
115900016,71,16,55
115900017,15,7,8
115900018,118,28,90
115900019,40,8,32
115900020,119,3,116
115900021,512,163,349
115900022,614,2,612
115900023,7,3,4
115900025,21,93,-72
115900026,513,62,451
115900027,0,97,-97
115900028,347,58,289
115900029,10,148,-138
115900030,26,7,19
115900031,108,217,-109
115900032,337,413,-76
115900033,0,39,-39
115900034,35,136,-101
115900035,26,21,5
115900036,36,1163,-1127
115900037,15,129,-114
115900038,40,25,15
115900039,109,96,13
115900041,174,602,-428
115900042,38,9,29
115900043,75,27,48
115900044,122,161,-39
115900046,359,94,265
115900047,106,138,-32
115900049,162,121,41
115900051,10,26,-16
115900052,14,116,-102
115900053,183,75,108
115900054,279,25,254
115900055,19,65,-46
115900056,131,94,37
115900057,16,16,0
115900058,34,36,-2
115900060,55,54,1
115900061,276,1,275
115900062,37,143,-106
115900063,40,2,38
115900064,116,139,-23
115900065,128,25,103
115900066,74,51,23
115900067,9,185,-176
115900068,1253,860,393
115900069,27,89,-62
115900070,170,36,134
115900071,2,155,-153
115900072,9,60,-51
115900073,84,73,11
115900074,1,112,-111
115900075,30,87,-57
115900076,5,37,-32
115900077,1,94,-93
115900078,27,58,-31
115900079,378,21,357
115900080,139,66,73
115900081,27,39,-12
115900082,55,95,-40
115900084,435,12,423
115900085,33,47,-14
115900086,787,312,475
115900088,3,93,-90
115900089,358,317,41
115900090,463,6,457
115900091,6,17,-11
115900092,33,58,-25
115900093,7,7,0
115900094,3,86,-83
115900096,15,7,8
115900097,5,131,-126
115900098,186,184,2
115900099,43,34,9
115900100,11,149,-138
115900101,172,91,81
115900102,56,37,19
115900103,253,47,206
115900104,48,39,9
115900105,284,169,115
115900106,106,5,101
115900107,104,35,69
115900108,185,16,169
115900109,28,147,-119
115900110,2,5,-3
115900111,0,51,-51
115900112,35,330,-295
115900113,48,10,38
115900114,1,69,-68
115900115,69,93,-24
115900116,54,320,-266
115900117,74,11,63
115900118,1,111,-110
115900119,98,71,27
115900120,11,129,-118
115900121,223,92,131
115900124,183,580,-397
115900125,389,35,354
115900126,737,68,669
115900127,578,27,551
115900128,4,84,-80
115900129,457,52,405
115900130,17,190,-173
115900131,264,28,236
115900132,669,13,656
115900134,250,49,201
115900135,254,746,-492
115900137,39,3,36
115900139,20,41,-21
115900140,396,25,371
115900141,2,14,-12
115900142,5,27,-22
115900143,239,246,-7
115900144,141,132,9
115900146,11,52,-41
115900147,179,187,-8
115900148,109,5,104
115900149,120,10,110
115900150,88,10,78
115900151,7,92,-85
115900152,123,160,-37
115900153,101,68,33
115900154,243,261,-18
115900155,0,9,-9
115900156,524,690,-166
115900157,192,311,-119
115900158,4,0,4
115900159,137,96,41
115900160,4,8,-4
115900161,25,72,-47
115900163,148,49,99
115900164,581,5,576
115900166,86,73,13
115900168,101,51,50
115900171,73,237,-164
115900172,51,51,0
115900173,157,58,99
115900174,140,187,-47
115900175,105,107,-2
115900178,9,230,-221
115900179,309,4,305
115900180,48,57,-9
115900181,200,53,147
115900182,390,88,302
115900183,14,36,-22
115900184,428,6,422
115900187,7,131,-124
115900189,1,145,-144
115900190,124,770,-646
115900191,22,142,-120
115900192,7,68,-61
115900193,78,65,13
115900194,677,50,627
115900195,282,1832,-1550
115900198,159,206,-47
115900199,214,114,100
115900200,144,153,-9
115900201,217,273,-56
115900202,0,48,-48
115900203,5,27,-22
115900204,0,8,-8
115900205,51,17,34
115900206,199,64,135
115900207,29,3,26
115900208,89,48,41
115900209,6,80,-74
115900210,3,112,-109
115900211,3,76,-73
115900212,168,83,85
115900213,114,97,17
115900214,489,51,438
115900215,14,132,-118
115900216,1,61,-60
115900217,4,11,-7
115900218,2,9,-7
115900219,81,2,79
115900220,227,12,215
115900221,133,10,123
115900222,56,35,21
115900223,3,448,-445
115900224,383,1183,-800
115900225,35,39,-4
115900226,15,22,-7
115900227,16,23,-7
115900228,7,25,-18
115900229,3,22,-19
115900230,35,48,-13
115900231,119,2,117
115900232,61,3,58
115900233,64,5,59
115900234,35,13,22
115900235,21,16,5
115900236,16,37,-21
115900237,13,25,-12
115900238,35,6,29
115900239,23,24,-1
115900240,16,11,5
115900241,170,34,136
115900242,174,274,-100
115900243,10,2,8
115900244,7,4,3
115900245,36,1,35
115900246,4,10,-6
115900247,10,4,6
115900248,6,2,4
115900249,11,5,6
115900250,7,13,-6
115900251,3,7,-4
115900252,3,1,2
115900253,14,10,4
115900254,5,22,-17
115900255,0,15,-15
115900256,14,99,-85
115900257,4,6,-2
115900258,0,2,-2
115900259,22,5,17
115900260,3,1,2
115900261,10,0,10
115900262,18,2,16
115900263,20,1,19
115900264,1,1,0
115900265,3,0,3
115900266,1,9,-8
115900267,4,10,-6
115900268,0,5,-5
115900269,480,109,371
115900270,244,134,110
115900271,132,0,132
115900272,30,15,15
115900273,5,23,-18
115900274,0,4,-4
115900275,0,6,-6
115900276,0,6,-6
115900277,0,39,-39
115900278,31,72,-41
115900279,22,127,-105
115900280,14,460,-446
115900281,123,347,-224
115900282,17,15,2
115900283,19,8,11
115900284,16,6,10
116000001,4585,1949,2636
116000002,3647,10821,-7174
116000003,857,920,-63
116000004,2455,3726,-1271
116000005,863,2337,-1474
116000006,2220,2690,-470
116000007,1616,2012,-396
116000008,3654,2427,1227
116000009,797,1039,-242
116000010,2245,1291,954
116000011,673,1053,-380
116000012,1876,995,881
116000013,2623,1843,780
116000014,6463,13233,-6770
116000015,108,1096,-988
116000016,2784,3096,-312
116000017,19,621,-602
116000018,481,232,249
116000019,627,298,329
116000020,520,926,-406
116000021,467,245,222
116000022,284,241,43
116000023,911,629,282
116000024,396,507,-111
116000025,696,654,42
116000026,1114,2174,-1060
116000027,401,549,-148
116000028,372,890,-518
116000029,382,582,-200
116000030,556,481,75
116000031,115,236,-121
116000032,273,114,159
116000033,367,359,8
116000034,631,696,-65
116000035,372,437,-65
116000036,634,1726,-1092
116000037,262,400,-138
116000038,181,687,-506
116000039,225,658,-433
116000040,356,529,-173
116000041,71,400,-329
116000042,604,392,212
116000043,74,443,-369
116000044,10,29,-19
116000045,1602,1319,283
116000046,814,1334,-520
116000047,1257,1805,-548
116000048,1680,1428,252
116000049,1364,2881,-1517
116000050,1331,1042,289
116000051,4646,2830,1816
116000052,4630,4133,497
116000053,1836,590,1246
116000054,774,2131,-1357
116000055,710,735,-25
116000056,880,812,68
116000057,2141,1171,970
116000058,2624,2486,138
116000059,1885,3626,-1741
116000060,1339,809,530
116000061,466,958,-492
116000062,345,261,84
116000063,465,1237,-772
116000066,198,512,-314
116000067,178,322,-144
116000068,229,317,-88
116000069,236,208,28
116000078,535,809,-274
116000080,1627,551,1076
116000082,7,22,-15
116000083,1602,355,1247
116000084,1075,1822,-747
116000085,1974,1794,180
116000086,1039,583,456
116000087,2220,1522,698
116000088,630,538,92
116000089,221,64,157
116000090,109,111,-2
116000091,235,300,-65
116000093,617,291,326
116000094,569,344,225
116000095,769,362,407
116000096,796,1116,-320
116000097,795,371,424
116000098,51,5450,-5399
116000099,3029,247,2782
116000100,232,21,211
116000101,864,299,565
116000102,212,537,-325
116000103,395,215,180
116000104,160,604,-444
116000105,997,109,888
116000106,319,585,-266
116000107,2065,253,1812
116000108,111,175,-64
116000111,114,28,86
116000113,146,90,56
116000114,37,84,-47
116000115,281,131,150
116000116,193,181,12
116000117,1322,1048,274
116000118,1136,649,487
116000119,2852,1318,1534
116000120,2364,1828,536
116000121,745,464,281
116000122,985,725,260
116000123,1082,350,732
116000124,273,443,-170
116000125,2659,622,2037
116000126,251,762,-511
116000127,677,644,33
116000128,1830,825,1005
116000129,1336,214,1122
116000130,680,504,176
116000133,1263,643,620
116000134,1259,936,323
116000135,2417,1047,1370
116000136,652,1067,-415
116000137,1051,507,544
116000138,842,554,288
116000139,1086,1748,-662
116000140,112,125,-13
116000141,322,318,4
116000142,2193,1566,627
116000143,1618,1486,132
116000144,1302,1204,98
116000145,1756,779,977
116000146,720,64,656
116000147,178,118,60
116000148,640,639,1
116000149,536,572,-36
116000151,429,409,20
116000153,107,210,-103
116000155,93,181,-88
116000156,494,457,37
116000157,110,15,95
116000158,330,276,54
116000159,23,12,11
116000160,19,41,-22
116000161,4,74,-70
116000162,49,147,-98
116000163,29,10,19
116000164,2,36,-34
116000177,120,117,3
116000194,88,315,-227
116000195,1160,536,624
116000196,19,3,16
116000197,7,10,-3
116000198,1652,780,872
116000200,536,586,-50
116000201,560,510,50
116000202,3,107,-104
116000203,2,56,-54
116000204,8,53,-45
116000205,1,131,-130
116000206,7,204,-197
116000207,7,55,-48
116000233,165,284,-119
116000287,129,195,-66
116000288,286,131,155
116000292,34,59,-25
116000296,19,106,-87
116000297,160,27,133
116000304,132,21,111
116000305,34,72,-38
116000346,147,69,78
116000352,82,26,56
116000354,17,6,11
116000357,3,14,-11
116000358,334,51,283
116000361,140,4,136
116000372,2546,4467,-1921
116000381,72,1,71
116000388,1,20,-19
116000389,575,366,209
116000445,528,244,284
116000446,553,199,354
116000447,19,466,-447
116000448,405,127,278
116000563,573,790,-217
116000565,26,164,-138
116000568,33,194,-161
116000579,27,80,-53
116000583,81,46,35
116000584,40,6,34
116000585,36,30,6
116000586,42,78,-36
116000587,367,439,-72
116000589,24,35,-11
116000590,73,40,33
116000591,257,157,100
116000592,5,35,-30
116000593,0,11,-11
116000594,743,183,560
116000595,639,55,584
116000596,146,5,141
116000597,341,102,239
116000598,11,78,-67
116000605,112,121,-9
116000606,56,207,-151
116000607,3,29,-26
116000609,85,917,-832
116000611,176,208,-32
116000612,989,1712,-723
116000613,708,233,475
116000614,306,233,73
116000615,5,344,-339
116000616,64,40,24
116000617,147,16,131
116000618,8,27,-19
116000619,22,71,-49
116000620,208,376,-168
116000621,76,89,-13
116000622,55,94,-39
116000624,282,80,202
116000627,119,18,101
116000628,71,126,-55
116000629,24,115,-91
116000630,278,6,272
116000631,121,19,102
116000632,835,27,808
116000633,187,102,85
116000634,323,59,264
116000635,1709,2480,-771
116000636,475,1289,-814
116000637,422,42,380
116000638,128,129,-1
116000639,137,2,135
116000640,45,23,22
116000641,19,51,-32
116000643,0,63,-63
116000644,26,154,-128
116000645,18,1,17
116900001,215,124,91
116900002,216,2,214
116900003,56,19,37
116900004,35,56,-21
116900005,301,28,273
116900006,61,173,-112
116900007,149,164,-15
116900008,519,118,401
116900009,15,5,10
116900010,939,472,467
116900011,7,8,-1
116900012,172,177,-5
116900013,1,71,-70
116900014,184,33,151
116900015,517,33,484
116900016,260,3,257
116900017,17,232,-215
116900018,45,40,5
116900019,1,101,-100
116900020,355,1106,-751
116900023,65,13,52
116900024,647,21,626
116900025,1161,366,795
116900026,43,352,-309
116900027,32,34,-2
116900028,3,40,-37
116900029,1,55,-54
116900031,0,3,-3
116900032,3,193,-190
116900033,18,8,10
116900034,1,31,-30
116900035,123,106,17
116900036,7,41,-34
116900038,19,1,18
116900041,21,6,15
116900042,245,134,111
116900043,12,28,-16
116900047,17,165,-148
116900049,24,179,-155
116900050,64,213,-149
116900051,139,49,90
116900052,114,45,69
116900055,0,3,-3
116900057,35,79,-44
116900058,8,190,-182
116900059,1,64,-63
116900060,113,146,-33
116900062,0,17,-17
116900064,77,196,-119
116900065,17,62,-45
116900067,72,25,47
116900068,105,103,2
116900070,11,3,8
116900072,28,139,-111
116900073,13,39,-26
116900074,3,30,-27
116900076,9,56,-47
116900077,10,57,-47
116900078,140,32,108
116900079,61,120,-59
116900080,3,6,-3
116900081,208,713,-505
116900082,299,742,-443
116900083,20,24,-4
116900084,60,50,10
116900085,36,90,-54
116900086,42,142,-100
116900088,246,42,204
116900090,36,27,9
116900091,290,8,282
116900092,71,383,-312
116900093,1884,1097,787
116900094,2181,3377,-1196
116900095,140,150,-10
116900096,61,372,-311
116900097,1472,2854,-1382
116900098,569,299,270
116900099,255,506,-251
116900100,858,31,827
116900101,172,336,-164
116900103,3,1,2
116900104,36,92,-56
116900105,263,123,140
116900106,954,2,952
116900107,1339,2188,-849
116900110,21,10,11
116900111,836,192,644
116900112,273,348,-75
116900113,644,1158,-514
116900116,61,897,-836
116900117,132,58,74
116900118,692,752,-60
116900120,341,37,304
116900121,110,10,100
116900122,998,229,769
116900123,237,245,-8
116900124,109,574,-465
116900125,363,60,303
116900126,68,431,-363
116900128,0,51,-51
116900129,1,134,-133
116900130,430,2985,-2555
116900131,56,199,-143
116900132,63,76,-13
116900133,104,67,37
116900134,163,127,36
116900136,208,93,115
116900137,212,73,139
116900138,110,80,30
116900139,93,240,-147
116900140,143,72,71
116900141,449,272,177
116900142,0,87,-87
116900143,227,185,42
116900144,19,78,-59
116900145,40,182,-142
116900147,195,1086,-891
116900148,3,32,-29
116900149,56,267,-211
116900150,3,12,-9
116900151,50,18,32
116900153,107,45,62
116900154,130,370,-240
116900155,55,62,-7
116900157,556,96,460
116900158,70,225,-155
116900159,48,397,-349
116900160,673,793,-120
116900161,3761,6376,-2615
116900162,6,48,-42
116900163,241,31,210
116900164,67,49,18
116900165,242,294,-52
116900166,32,26,6
116900167,395,28,367
116900168,338,35,303
116900169,224,974,-750
116900170,397,570,-173
116900171,26,61,-35
116900172,78,467,-389
116900173,187,32,155
116900174,82,38,44
116900175,162,297,-135
116900178,22,62,-40
116900179,57,392,-335
116900180,57,10,47
116900182,710,190,520
116900183,172,66,106
116900185,41,78,-37
116900186,39,102,-63
116900187,54,37,17
116900188,95,18,77
116900189,30,0,30
116900191,251,410,-159
116900192,315,62,253
116900194,132,1507,-1375
116900195,45,40,5
116900196,7,42,-35
116900197,124,7,117
116900198,70,255,-185
116900200,84,6,78
116900201,165,8,157
116900202,51,12,39
116900203,132,3,129
116900204,65,125,-60
116900206,37,6,31
116900207,22,27,-5
116900208,23,33,-10
116900209,16,35,-19
116900210,507,256,251
116900211,195,0,195
116900212,96,21,75
116900213,175,53,122
116900214,187,99,88
116900215,42,57,-15
116900216,202,123,79
116900218,3,113,-110
116900219,766,198,568
116900220,163,137,26
116900221,82,219,-137
116900222,358,270,88
116900223,141,214,-73
116900226,76,33,43
116900227,183,33,150
116900228,263,99,164
116900230,64,113,-49
116900231,28,148,-120
116900232,17,179,-162
116900233,279,68,211
116900234,9,7,2
116900235,449,209,240
116900238,1099,229,870
116900239,1,694,-693
116900240,2548,2679,-131
116900241,95,50,45
116900242,399,705,-306
116900243,0,15,-15
116900245,43,49,-6
116900246,131,22,109
116900247,713,20,693
116900248,83,53,30
116900249,324,23,301
116900250,372,35,337
116900251,249,591,-342
116900252,104,361,-257
116900254,21,53,-32
116900255,82,67,15
116900256,416,104,312
116900257,17,165,-148
116900258,0,94,-94
116900259,278,7,271
116900260,3,66,-63
116900261,95,3,92
116900262,171,91,80
116900263,2,30,-28
116900264,66,42,24
116900265,36,0,36
116900266,14,11,3
116900267,2,0,2
116900268,151,106,45
116900269,276,626,-350
116900271,459,267,192
116900272,252,225,27
116900273,35,139,-104
116900274,118,40,78
116900275,153,44,109
116900276,240,191,49
116900277,239,21,218
116900278,4,3,1
116900279,1,16,-15
116900280,30,22,8
116900281,2333,4057,-1724
116900282,5,40,-35
116900283,9,41,-32
116900284,6,86,-80
116900285,121,189,-68
116900286,83,17,66
116900287,3,13,-10
116900288,93,50,43
116900289,14,3,11
116900290,18,10,8
116900291,28,3,25
116900292,0,23,-23
116900293,37,5,32
116900294,8,77,-69
116900295,75,120,-45
116900296,40,165,-125
116900297,3,136,-133
116900298,57,165,-108
116900299,14,85,-71
116900300,0,99,-99
116900301,18,335,-317
116900302,49,93,-44
116900303,80,109,-29
116900304,0,99,-99
116900305,6,18,-12
116900306,142,31,111
116900307,74,1,73
116900308,1,29,-28
116900309,90,24,66
116900310,32,63,-31
117000001,1607,1565,42
117000002,1565,2583,-1018
117000003,4693,2634,2059
117000004,2003,3404,-1401
117000005,2442,1727,715
117000006,857,2120,-1263
117000007,4288,1024,3264
117000008,658,2135,-1477
117000009,3918,1492,2426
117000010,1509,2022,-513
117000011,2275,1184,1091
117000012,1049,871,178
117000013,1763,692,1071
117000014,1010,1747,-737
117000015,2161,1085,1076
117000016,167,247,-80
117000017,124,290,-166
117000018,54,690,-636
117000019,41,38,3
117000020,304,1399,-1095
117000021,910,506,404
117000022,193,246,-53
117000023,68,443,-375
117000024,111,433,-322
117000025,194,756,-562
117000026,1330,1846,-516
117000027,803,3739,-2936
117000028,788,1965,-1177
117000030,226,326,-100
117000031,379,284,95
117000032,1157,988,169
117000033,1179,587,592
117000034,281,248,33
117000035,340,355,-15
117000036,392,226,166
117000037,275,207,68
117000038,124,421,-297
117000039,324,192,132
117000040,240,423,-183
117000041,1042,117,925
117000044,23,459,-436
117000045,500,74,426
117000046,285,691,-406
117000047,891,578,313
117000048,1032,530,502
117000049,36,404,-368
117000050,71,567,-496
117000051,1375,27,1348
117000052,66,319,-253
117000053,939,31,908
117000054,1556,7,1549
117000055,48,1283,-1235
117000056,589,16,573
117000057,377,1279,-902
117000060,379,767,-388
117000061,1671,902,769
117000062,185,493,-308
117000063,1667,966,701
117000064,456,494,-38
117000066,347,559,-212
117000067,63,581,-518
117000074,48,154,-106
117000076,34,36,-2
117000077,151,120,31
117000078,82,255,-173
117000079,331,201,130
117000080,4,264,-260
117000081,910,123,787
117000082,18,99,-81
117000083,708,214,494
117000084,163,4,159
117000085,283,556,-273
117000086,582,281,301
117000087,54,460,-406
117000088,304,95,209
117000089,1605,251,1354
117000090,254,829,-575
117000091,904,209,695
117000092,400,676,-276
117000093,1264,549,715
117000094,906,1370,-464
117000095,3249,658,2591
117000096,617,1431,-814
117000097,1594,731,863
117000098,1496,2266,-770
117000099,3809,909,2900
117000100,189,226,-37
117000101,103,601,-498
117000102,1965,605,1360
117000103,585,1008,-423
117000104,1459,529,930
117000105,582,878,-296
117000106,1451,547,904
117000107,342,930,-588
117000108,1976,784,1192
117000109,1010,1624,-614
117000110,1738,1109,629
117000111,2955,2966,-11
117000112,3023,1127,1896
117000113,76,96,-20
117000114,256,80,176
117000115,65,35,30
117000116,175,158,17
117000117,986,781,205
117000118,247,164,83
117000119,130,334,-204
117000120,69,831,-762
117000121,13,707,-694
117000122,378,774,-396
117000123,1534,42,1492
117000124,127,131,-4
117000125,84,459,-375
117000126,52,27,25
117000127,111,256,-145
117000128,103,622,-519
117000129,268,1123,-855
117000130,107,1,106
117000131,0,78,-78
117000132,2453,35,2418
117000133,1895,22,1873
117000134,1,73,-72
117000135,7,101,-94
117000136,0,27,-27
117000137,159,128,31
117000138,0,535,-535
117000140,431,1072,-641
117000141,1791,447,1344
117000181,244,138,106
117000182,955,675,280
117000195,81,431,-350
117000196,310,134,176
117000225,55,94,-39
117000226,3,155,-152
117000276,317,25,292
117000277,0,151,-151
117000310,1067,1624,-557
117000315,114,449,-335
117000320,55,0,55
117000906,447,11,436
117000907,13,130,-117
117000909,49,26,23
117000910,242,106,136
117000911,47,116,-69
117000915,6,216,-210
117000916,43,1,42
117000917,1160,34,1126
117000918,64,43,21
117000919,5,31,-26
117000920,0,596,-596
117000921,1,525,-524
117000922,17,46,-29
117000924,1043,586,457
117000926,431,157,274
117000927,262,629,-367
117000928,0,74,-74
117000929,240,197,43
117000930,610,116,494
117000931,69,117,-48
117900002,48,430,-382
117900003,232,238,-6
117900005,8,119,-111
117900006,0,13,-13
117900007,99,43,56
117900008,0,14,-14
117900010,284,44,240
117900011,14,273,-259
117900012,44,43,1
117900013,3,107,-104
117900014,615,123,492
117900015,15,77,-62
117900016,613,607,6
117900017,713,385,328
117900018,168,387,-219
117900019,549,219,330
117900020,47,366,-319
117900021,50,34,16
117900023,1247,70,1177
117900024,52,55,-3
117900025,44,4,40
117900026,400,146,254
117900028,27,8,19
117900029,235,266,-31
117900031,101,236,-135
117900032,969,563,406
117900033,331,329,2
117900034,40,25,15
117900035,239,138,101
117900036,181,226,-45
117900037,186,61,125
117900038,23,91,-68
117900039,4,22,-18
117900040,129,121,8
117900041,4,12,-8
117900042,2108,207,1901
117900043,9,32,-23
117900044,68,3662,-3594
117900045,176,113,63
117900048,315,123,192
117900049,279,259,20
117900050,8,190,-182
117900051,14,3,11
117900052,71,337,-266
117900053,1603,241,1362
117900054,0,27,-27
117900055,616,144,472
117900056,29,83,-54
117900057,674,780,-106
117900058,26,72,-46
117900059,92,79,13
117900060,2176,2286,-110
117900061,18,238,-220
117900063,354,120,234
117900065,305,688,-383
117900066,3,48,-45
117900067,608,112,496
117900069,827,171,656
117900070,55,104,-49
117900071,106,92,14
117900073,499,167,332
117900074,40,231,-191
117900075,64,47,17
117900076,57,73,-16
117900077,386,98,288
117900078,268,665,-397
117900080,142,41,101
117900081,249,225,24
117900082,455,281,174
117900083,423,175,248
117900086,175,13,162
117900087,106,20,86
117900088,1478,1144,334
117900089,2102,596,1506
117900090,482,222,260
117900091,100,46,54
117900092,69,32,37
117900093,106,37,69
117900094,27,34,-7
117900095,389,1034,-645
117900096,125,152,-27
117900097,268,37,231
117900098,19,8,11
117900099,169,289,-120
117900100,300,3,297
117900101,516,1818,-1302
117900102,90,10,80
117900103,65,9,56
117900104,8,285,-277
117900105,72,97,-25
117900106,118,26,92
117900107,29,1,28
117900109,679,219,460
117900110,109,0,109
117900111,403,22,381
117900112,71,5,66
117900113,1135,1313,-178
117900114,29,0,29
117900115,69,178,-109
117900116,544,523,21
117900117,613,126,487
117900118,142,1,141
117900119,202,41,161
117900120,241,21,220
117900121,58,47,11
117900122,776,3842,-3066
117900123,590,262,328
117900124,388,350,38
117900125,1186,1492,-306
117900126,108,273,-165
117900127,384,201,183
117900128,302,222,80
117900129,42,0,42
117900130,450,219,231
117900131,0,59,-59
117900132,27,60,-33
117900133,7,32,-25
117900134,34,229,-195
117900135,23,104,-81
117900136,1,25,-24
117900137,19,166,-147
117900138,0,21,-21
117900139,79,43,36
117900140,3290,89,3201
117900141,85,153,-68
117900142,59,145,-86
117900144,29,559,-530
117900145,15,160,-145
117900146,116,164,-48
117900147,76,41,35
117900148,1780,1825,-45
117900149,115,88,27
117900150,19,40,-21
117900151,21,54,-33
117900152,66,59,7
117900153,3,59,-56
117900154,401,411,-10
117900156,455,431,24
117900157,53,435,-382
117900158,222,95,127
117900160,584,725,-141
117900161,1273,993,280
117900162,498,353,145
117900163,18,419,-401
117900165,0,11,-11
117900166,85,403,-318
117900168,159,131,28
117900169,1,95,-94
117900170,1,18,-17
117900171,3,25,-22
117900172,19,18,1
117900173,81,72,9
117900174,22,56,-34
117900175,4,15,-11
117900176,9,19,-10
117900177,15,38,-23
117900178,92,35,57
117900180,192,30,162
117900181,24,396,-372
117900182,1,41,-40
117900183,81,136,-55
117900184,14,42,-28
117900185,72,46,26
117900186,54,11,43
117900187,19,7,12
117900188,146,31,115
117900189,58,34,24
117900190,26,3,23
117900191,86,0,86
117900192,181,0,181
117900193,0,47,-47
117900194,10,7,3
117900195,3,45,-42
117900196,8,21,-13
117900207,110,138,-28
117900208,21,13,8
117900209,129,100,29
117900210,74,121,-47
117900211,3,76,-73
117900212,76,85,-9
117900213,23,7,16
117900214,7,14,-7
117900215,57,40,17
117900216,48,15,33
117900217,35,201,-166
117900218,74,91,-17
117900219,1,126,-125
117900220,44,146,-102
117900222,143,141,2
117900223,102,223,-121
118000001,540,1126,-586
118000002,332,953,-621
118000003,1849,3135,-1286
118000004,1430,2179,-749
118000005,2281,3466,-1185
118000006,2115,5274,-3159
118000007,3201,3907,-706
118000008,1414,2814,-1400
118000009,1679,2287,-608
118000010,4353,2662,1691
118000011,1461,1110,351
118000012,784,853,-69
118000013,1261,1128,133
118000014,1539,1334,205
118000016,210,177,33
118000017,517,287,230
118000018,292,209,83
118000019,1212,1664,-452
118000020,630,2481,-1851
118000021,480,2435,-1955
118000022,846,582,264
118000023,478,232,246
118000024,525,892,-367
118000027,6223,7913,-1690
118000029,426,666,-240
118000032,259,2662,-2403
118000033,1930,4591,-2661
118000034,2556,2224,332
118000035,1611,2410,-799
118000036,694,934,-240
118000037,491,825,-334
118000038,228,52,176
118000039,64,83,-19
118000040,1235,962,273
118000041,2204,998,1206
118000045,143,84,59
118000046,772,717,55
118000047,425,1283,-858
118000048,1095,1620,-525
118000051,1880,2930,-1050
118000052,1345,1507,-162
118000053,125,267,-142
118000054,1196,463,733
118000055,1211,1022,189
118000056,111,294,-183
118000057,118,210,-92
118000058,1413,2285,-872
118000059,1243,1893,-650
118000060,892,516,376
118000061,883,680,203
118000062,328,192,136
118000063,322,752,-430
118000064,712,1011,-299
118000065,1299,1065,234
118000066,827,2053,-1226
118000067,380,553,-173
118000068,791,5121,-4330
118000069,1417,950,467
118000070,2837,1319,1518
118000071,1807,5946,-4139
118000072,632,1554,-922
118000073,824,661,163
118000074,319,381,-62
118000075,388,222,166
118000076,1207,3207,-2000
118000077,841,1074,-233
118000078,1407,2080,-673
118000079,167,282,-115
118000080,559,793,-234
118000081,1374,1275,99
118000082,225,930,-705
118000083,933,1430,-497
118000084,1800,1406,394
118000086,150,393,-243
118000087,2661,1855,806
118000088,991,1263,-272
118000089,2825,1949,876
118000090,821,2141,-1320
118000091,327,2394,-2067
118000092,609,414,195
118000093,52,502,-450
118000096,410,524,-114
118000097,594,639,-45
118000098,193,98,95
118000099,761,431,330
118000101,1147,306,841
118000102,511,573,-62
118000107,937,310,627
118000108,373,2460,-2087
118000110,0,34,-34
118000111,1,92,-91
118000112,738,0,738
118000113,10,199,-189
118000114,447,6,441
118000115,4,9,-5
118000116,12,0,12
118000117,609,513,96
118000118,617,1163,-546
118000119,699,983,-284
118000120,971,753,218
118000121,47,622,-575
118000122,638,309,329
118000123,52,232,-180
118000125,1035,863,172
118000126,396,1304,-908
118000127,955,567,388
118000128,647,1150,-503
118000129,877,363,514
118000130,1322,1734,-412
118000131,203,393,-190
118000132,2496,1858,638
118000133,1178,459,719
118000135,439,459,-20
118000136,143,486,-343
118000137,352,40,312
118000138,337,294,43
118000139,423,60,363
118000140,2042,4964,-2922
118000141,1825,1298,527
118000142,1621,1112,509
118000143,2067,1028,1039
118000144,777,410,367
118000145,1114,609,505
118000146,1142,426,716
118000147,910,858,52
118000148,581,795,-214
118000149,1116,705,411
118000150,432,229,203
118000151,536,271,265
118000153,1309,847,462
118000154,1569,1409,160
118000155,1563,1000,563
118000156,1262,1918,-656
118000157,454,270,184
118000158,229,276,-47
118000159,27,66,-39
118000160,460,321,139
118000161,586,397,189
118000162,1456,792,664
118000163,765,680,85
118000164,1562,1205,357
118000168,380,469,-89
118000169,724,790,-66
118000170,2230,2043,187
118000171,366,337,29
118000172,126,148,-22
118000173,900,1007,-107
118000175,214,366,-152
118000176,243,494,-251
118000177,274,643,-369
118000178,27,39,-12
118000179,748,1187,-439
118000180,559,578,-19
118000181,282,102,180
118000182,316,219,97
118000183,340,339,1
118000184,871,477,394
118000185,754,1265,-511
118000186,696,1111,-415
118000187,1422,389,1033
118000188,444,69,375
118000189,560,202,358
118000190,12,6,6
118000191,12,13,-1
118000192,375,207,168
118000193,16,135,-119
118000194,879,521,358
118000195,211,1516,-1305
118000196,112,219,-107
118000197,63,107,-44
118000198,389,722,-333
118000199,205,394,-189
118000200,56,200,-144
118000201,193,564,-371
118000202,42,70,-28
118000203,322,664,-342
118000204,47,334,-287
118000205,68,278,-210
118000206,148,193,-45
118000207,0,40,-40
118000208,1034,961,73
118000209,1836,961,875
118000210,71,29,42
118000211,21,23,-2
118000213,725,2758,-2033
118000214,191,489,-298
118000215,301,79,222
118000216,2140,778,1362
118000217,12,50,-38
118000218,93,41,52
118000219,157,159,-2
118000220,3,25,-22
118000221,218,215,3
118000222,40,5,35
118000223,22,33,-11
118000224,78,47,31
118000225,90,466,-376
118000226,732,168,564
118000227,522,296,226
118000228,53,223,-170
118000229,30,120,-90
118000230,88,126,-38
118000231,35,163,-128
118000232,641,333,308
118000233,1020,455,565
118000234,435,77,358
118000236,222,141,81
118000237,104,126,-22
118000238,213,72,141
118000239,302,160,142
118000240,153,72,81
118000241,170,82,88
118000242,295,193,102
118000243,270,108,162
118000244,45,47,-2
118000246,9,45,-36
118000255,51,204,-153
118000256,117,164,-47
118000259,9,54,-45
118000260,147,83,64
118000261,31,17,14
118000263,58,90,-32
118000266,101,124,-23
118000267,0,129,-129
118000268,131,2,129
118000270,60,8,52
118000271,161,141,20
118000272,74,13,61
118000273,182,66,116
118000274,61,174,-113
118000276,415,169,246
118000295,10,78,-68
118000298,119,200,-81
118000299,81,93,-12
118000301,0,81,-81
118000302,113,24,89
118000311,576,44,532
118000312,212,99,113
118000313,29,49,-20
118000314,95,26,69
118000315,29,17,12
118000316,717,290,427
118000325,42,17,25
118000326,25,17,8
118000331,21,19,2
118000332,10,14,-4
118000333,20,30,-10
118000335,329,1,328
118000336,0,121,-121
118000407,169,35,134
118000457,8,54,-46
118000465,725,2749,-2024
118000480,34,27,7
118000489,10,339,-329
118000490,19,139,-120
118000492,261,142,119
118000510,21,22,-1
118000514,57,259,-202
118000515,416,740,-324
118000517,210,119,91
118000524,116,257,-141
118000525,473,485,-12
118000530,11,84,-73
118000531,332,200,132
118000532,206,163,43
118000533,275,138,137
118000534,607,358,249
118000535,309,144,165
118000536,76,636,-560
118000537,23,104,-81
118000538,57,59,-2
118000539,13,54,-41
118000540,146,78,68
118000541,117,38,79
118000542,83,162,-79
118000543,78,149,-71
118000546,27,13,14
118000553,0,0,0
118000557,0,0,0
118000560,903,1697,-794
118000562,28,60,-32
118000563,916,751,165
118000576,248,70,178
118000577,162,128,34
118000578,174,65,109
118000579,437,1098,-661
118000583,0,0,0
118000595,220,97,123
118000596,0,169,-169
118000597,198,129,69
118000598,8,1,7
118000599,71,36,35
118000600,12,2,10
118000601,5,0,5
118000602,3,14,-11
118000603,0,6,-6
118000605,33,89,-56
118000606,14,29,-15
118900001,262,935,-673
118900002,562,654,-92
118900003,229,3,226
118900004,35,10,25
118900005,80,5,75
118900006,96,4,92
118900007,10,1,9
118900008,900,54,846
118900009,66,46,20
118900010,50,5,45
118900011,105,21,84
118900012,258,126,132
118900013,468,149,319
118900015,202,39,163
118900016,7,3,4
118900017,75,236,-161
118900018,773,36,737
118900019,15,13,2
118900020,77,151,-74
118900021,91,256,-165
118900022,117,76,41
118900023,97,66,31
118900024,80,119,-39
118900025,56,33,23
118900026,45,38,7
118900027,326,92,234
118900028,170,84,86
118900029,236,376,-140
118900030,302,30,272
118900031,145,39,106
118900032,255,75,180
118900033,224,460,-236
118900034,111,20,91
118900035,144,88,56
118900036,1069,394,675
118900037,205,325,-120
118900038,306,75,231
118900039,491,91,400
118900040,172,111,61
118900041,589,149,440
118900042,201,48,153
118900045,275,103,172
118900046,419,334,85
118900047,240,210,30
118900048,95,218,-123
118900049,54,32,22
118900050,27,10,17
118900051,36,89,-53
118900052,175,267,-92
118900053,32,85,-53
118900054,158,30,128
118900055,118,51,67
118900056,17,199,-182
118900057,588,399,189
118900058,256,187,69
118900059,7,70,-63
118900060,57,95,-38
118900062,371,107,264
118900064,134,522,-388
118900065,37,69,-32
118900066,88,63,25
118900067,2057,3237,-1180
118900068,10,125,-115
118900069,468,132,336
118900071,7,38,-31
118900072,336,228,108
118900073,146,95,51
118900074,128,46,82
118900075,69,21,48
118900076,171,100,71
118900077,241,176,65
118900078,17,1,16
118900079,27,79,-52
118900080,19,58,-39
118900081,60,27,33
118900082,1093,102,991
118900083,34,4,30
118900084,18,11,7
118900085,503,392,111
118900086,13,70,-57
118900087,42,223,-181
118900088,3,2,1
118900089,24,25,-1
118900090,500,180,320
118900091,88,142,-54
118900092,129,31,98
118900093,79,23,56
118900096,74,114,-40
118900097,248,348,-100
118900099,86,236,-150
118900100,72,111,-39
118900101,84,134,-50
118900102,31,52,-21
118900103,13,98,-85
118900104,174,68,106
118900105,128,48,80
118900107,65,38,27
118900108,69,38,31
118900110,601,479,122
118900111,429,239,190
118900112,59,149,-90
118900113,203,197,6
118900114,10,63,-53
118900115,79,238,-159
118900116,114,197,-83
118900117,101,168,-67
118900118,194,184,10
118900119,182,132,50
118900120,96,251,-155
118900121,11,50,-39
118900122,10,785,-775
118900123,112,141,-29
118900124,84,80,4
118900126,23,298,-275
118900129,215,131,84
118900130,49,119,-70
118900131,224,96,128
118900132,183,164,19
118900133,13,66,-53
118900135,131,119,12
118900136,191,236,-45
118900137,5,36,-31
118900139,188,91,97
118900140,413,336,77
118900141,51,37,14
118900144,153,205,-52
118900145,25,34,-9
118900146,276,443,-167
118900147,119,190,-71
118900148,64,29,35
118900150,278,438,-160
118900152,477,368,109
118900157,45,136,-91
118900158,118,18,100
118900159,10,69,-59
118900161,60,3,57
118900163,35,36,-1
118900164,1,53,-52
118900165,23,42,-19
118900166,52,1,51
118900167,52,40,12
118900168,23,168,-145
118900169,114,87,27
118900170,117,17,100
118900171,29,51,-22
118900174,53,21,32
118900175,386,304,82
118900176,189,196,-7
118900177,82,53,29
118900178,45,106,-61
118900179,31,11,20
118900181,79,47,32
118900182,38,24,14
118900183,27,76,-49
118900184,206,69,137
118900185,172,51,121
118900186,82,101,-19
118900187,145,211,-66
118900188,214,193,21
118900189,41,732,-691
118900190,11,174,-163
118900191,217,22,195
118900192,196,6,190
118900193,568,4,564
118900195,114,244,-130
118900196,39,114,-75
118900197,164,34,130
118900198,42,2,40
118900199,85,11,74
118900200,11,34,-23
118900201,22,50,-28
118900202,4,6,-2
118900203,12,3,9
118900204,3,15,-12
118900205,5,9,-4
118900206,4,6,-2
119000001,1010,1660,-650
119000002,2987,2961,26
119000003,2333,648,1685
119000004,1812,928,884
119000005,1647,1554,93
119000006,3093,1288,1805
119000007,2242,2071,171
119000008,1342,1037,305
119000009,2445,4448,-2003
119000010,3369,3168,201
119000011,2341,1984,357
119000012,1303,2121,-818
119000013,2366,1427,939
119000014,1189,1747,-558
119000019,222,113,109
119000020,2415,1155,1260
119000021,4341,2448,1893
119000022,1309,2599,-1290
119000023,228,186,42
119000024,1627,9722,-8095
119000025,1186,291,895
119000026,73,324,-251
119000027,1000,378,622
119000028,1257,530,727
119000029,57,178,-121
119000030,390,395,-5
119000031,598,425,173
119000032,1432,1396,36
119000033,1827,891,936
119000034,940,546,394
119000035,35,180,-145
119000036,1942,502,1440
119000037,1210,709,501
119000038,148,344,-196
119000039,368,247,121
119000040,607,499,108
119000041,460,929,-469
119000048,1769,1360,409
119000049,1881,1046,835
119000050,1037,952,85
119000051,1716,785,931
119000052,1683,1875,-192
119000053,1421,724,697
119000054,1930,1002,928
119000055,3250,1655,1595
119000056,2723,1340,1383
119000057,1669,1124,545
119000058,1402,925,477
119000059,953,834,119
119000060,1229,811,418
119000061,872,500,372
119000062,858,909,-51
119000063,574,379,195
119000064,638,635,3
119000065,1450,2310,-860
119000066,1744,1051,693
119000067,1483,1257,226
119000068,1369,812,557
119000069,1444,1347,97
119000070,2399,572,1827
119000071,305,486,-181
119000072,3135,1945,1190
119000073,2754,5469,-2715
119000074,1274,1095,179
119000075,2811,1446,1365
119000076,227,955,-728
119000077,444,482,-38
119000078,345,179,166
119000079,140,446,-306
119000080,538,119,419
119000081,164,255,-91
119000082,659,177,482
119000083,518,348,170
119000084,229,224,5
119000085,357,103,254
119000086,257,487,-230
119000087,773,341,432
119000088,275,180,95
119000089,70,207,-137
119000090,105,64,41
119000091,55,342,-287
119000092,244,114,130
119000093,2713,1767,946
119000094,3666,3453,213
119000095,1859,2267,-408
119000097,1589,825,764
119000098,1265,3561,-2296
119000099,2259,1096,1163
119000100,3723,3001,722
119000101,3290,1351,1939
119000102,578,1349,-771
119000103,1051,534,517
119000104,1116,602,514
119000105,657,2004,-1347
119000106,411,495,-84
119000107,963,430,533
119000108,354,445,-91
119000109,126,588,-462
119000110,261,481,-220
119000111,32,575,-543
119000112,154,130,24
119000113,1023,296,727
119000114,1069,817,252
119000115,121,77,44
119000116,90,77,13
119000117,135,224,-89
119000118,0,1,-1
119000123,2998,2311,687
119000124,829,111,718
119000125,4105,378,3727
119000126,1411,406,1005
119000127,163,156,7
119000128,13,2,11
119000131,1381,454,927
119000132,0,1,-1
119000133,1,8,-7
119000134,1014,395,619
119000135,194,141,53
119000136,305,83,222
119000137,358,150,208
119000138,518,106,412
119000139,190,61,129
119000140,233,247,-14
119000284,690,1444,-754
119000285,1301,1126,175
119000286,2996,2621,375
119000287,1083,1098,-15
119000288,1453,583,870
119000289,989,1337,-348
119000290,186,268,-82
119000291,12,126,-114
119000293,141,135,6
119000294,52,43,9
119000295,893,350,543
119000296,254,146,108
119000302,1189,833,356
119000303,46,164,-118
119000314,607,4735,-4128
119000315,1,116,-115
119000316,185,55,130
119000317,129,108,21
119000319,778,60,718
119900001,158,1147,-989
119900002,191,161,30
119900003,15,395,-380
119900004,144,1189,-1045
119900005,188,51,137
119900006,157,287,-130
119900007,647,223,424
119900008,28,21,7
119900009,382,377,5
119900010,518,637,-119
119900011,11,122,-111
119900012,6,78,-72
119900013,1810,1374,436
119900014,331,127,204
119900015,150,22,128
119900016,34,42,-8
119900017,37,48,-11
119900018,1151,910,241
119900019,39,5,34
119900020,121,128,-7
119900021,140,38,102
119900022,45,700,-655
119900023,272,1962,-1690
119900025,260,10,250
119900026,306,127,179
119900027,4,10,-6
119900028,211,113,98
119900029,0,1,-1
119900030,341,233,108
119900031,28,429,-401
119900033,1431,253,1178
119900034,424,42,382
119900037,163,9,154
119900038,30,282,-252
119900039,47,8,39
119900040,104,19,85
119900041,147,13,134
119900042,116,102,14
119900043,107,96,11
119900044,109,757,-648
119900046,161,25,136
119900047,357,82,275
119900049,186,2,184
119900050,53,115,-62
119900051,963,10,953
119900052,64,10,54
119900053,281,96,185
119900054,200,5,195
119900055,1136,465,671
119900057,252,26,226
119900058,276,6,270
119900059,49,24,25
119900060,244,21,223
119900061,334,4,330
119900062,78,11,67
119900063,4,35,-31
119900065,161,7,154
119900067,70,6,64
119900068,589,7,582
119900069,79,5,74
119900070,883,6,877
119900071,574,25,549
119900073,849,343,506
119900074,33,24,9
119900075,1603,1769,-166
119900076,133,43,90
119900077,909,298,611
119900078,502,397,105
119900079,341,96,245
119900080,338,219,119
119900081,589,14,575
119900082,1045,100,945
119900083,240,69,171
119900084,362,239,123
119900085,24,36,-12
119900086,339,462,-123
119900087,516,257,259
119900088,25,24,1
119900089,32,171,-139
119900090,45,34,11
119900091,57,257,-200
119900092,11,221,-210
119900093,870,110,760
119900094,12,145,-133
119900095,118,102,16
119900096,30,69,-39
119900097,221,140,81
119900098,20,30,-10
119900099,20,98,-78
119900100,870,2252,-1382
119900101,64,950,-886
119900102,49,109,-60
119900103,39,111,-72
119900104,22,75,-53
119900105,398,2759,-2361
119900106,13,89,-76
119900107,163,1129,-966
119900108,2975,437,2538
119900109,28,90,-62
119900110,603,304,299
119900111,184,221,-37
119900112,630,544,86
119900113,28,122,-94
119900114,217,562,-345
119900115,317,429,-112
119900116,56,272,-216
119900117,283,264,19
119900118,67,338,-271
119900119,174,106,68
119900120,408,283,125
119900121,488,345,143
119900122,193,172,21
119900123,137,213,-76
119900124,210,287,-77
119900125,21,170,-149
119900126,2050,130,1920
119900127,983,612,371
119900128,339,273,66
119900129,235,168,67
119900130,19,114,-95
119900131,30,76,-46
119900132,10,138,-128
119900133,52,75,-23
119900134,620,113,507
119900135,0,171,-171
119900136,107,180,-73
119900138,174,282,-108
119900139,9,69,-60
119900140,0,92,-92
119900141,37,622,-585
119900142,0,17,-17
119900143,30,138,-108
119900144,838,145,693
119900145,52,76,-24
119900146,135,89,46
119900147,0,94,-94
119900148,176,32,144
119900149,368,3726,-3358
119900150,101,64,37
119900151,974,507,467
119900152,114,146,-32
119900153,167,28,139
119900154,47,219,-172
119900155,25,27,-2
119900156,20,8,12
119900157,136,112,24
119900158,215,40,175
119900159,12,424,-412
119900160,27,53,-26
119900161,102,46,56
119900162,754,651,103
119900163,37,103,-66
119900164,0,2,-2
119900165,122,49,73
119900166,58,33,25
119900167,28,38,-10
119900168,998,253,745
119900169,21,200,-179
119900170,116,154,-38
119900171,616,227,389
119900172,58,29,29
119900173,7,91,-84
119900174,2,64,-62
119900175,1301,400,901
119900177,15,98,-83
119900178,11,75,-64
119900179,106,592,-486
119900180,898,729,169
119900181,17,86,-69
119900182,1,103,-102
119900183,112,435,-323
119900184,685,223,462
119900185,46,214,-168
119900186,18,1025,-1007
119900187,9,148,-139
119900188,80,178,-98
119900189,208,249,-41
119900190,102,266,-164
119900191,154,276,-122
119900192,47,120,-73
119900193,406,91,315
119900194,27,63,-36
119900195,8,64,-56
119900196,242,93,149
119900197,168,108,60
119900198,118,136,-18
119900199,101,11,90
119900200,533,420,113
119900201,176,122,54
119900202,42,249,-207
119900203,139,447,-308
119900204,283,149,134
119900205,767,284,483
119900206,175,76,99
119900208,149,151,-2
119900209,436,1229,-793
119900210,25,14,11
119900211,70,6,64
119900212,689,395,294
119900213,17,53,-36
119900214,46,44,2
119900215,53,35,18
119900216,35,19,16
119900217,14,18,-4
119900218,4,23,-19
119900219,11,27,-16
119900220,7,30,-23
119900221,48,76,-28
119900222,22,67,-45
119900223,8,23,-15
119900224,9,8,1
119900225,299,19,280
119900226,194,1219,-1025
119900227,354,168,186
119900228,13,133,-120
119900229,211,214,-3
119900230,685,257,428
119900231,289,98,191
119900232,110,115,-5
119900233,76,15,61
119900234,10,43,-33
119900235,13,24,-11
119900236,11,74,-63
119900237,28,151,-123
119900238,1,42,-41
119900240,67,64,3
119900241,129,106,23
119900242,635,935,-300
119900244,416,903,-487
119900245,137,148,-11
119900246,190,413,-223
119900247,21,119,-98
119900248,47,234,-187
119900249,222,101,121
119900253,817,259,558
119900254,96,783,-687
119900255,101,823,-722
119900256,645,272,373
119900257,104,3,101
119900258,121,4,117
119900259,16,41,-25
119900260,118,2,116
119900261,322,109,213
119900262,0,74,-74
119900263,1007,250,757
119900264,116,75,41
119900265,505,277,228
119900266,379,84,295
119900267,164,235,-71
119900268,145,58,87
119900269,1152,478,674
119900271,21,56,-35
119900272,264,330,-66
119900275,151,14,137
119900276,85,4,81
119900277,18,6,12
119900278,105,84,21
119900279,55,141,-86
119900280,357,78,279
119900281,3,216,-213
119900282,37,106,-69
119900283,20,121,-101
119900284,19,130,-111
119900285,18,83,-65
119900286,0,11,-11
119900288,4,5,-1
119900289,0,7,-7
119900290,2,11,-9
119900291,0,41,-41
119900292,54,76,-22
119900293,15,40,-25
119900294,32,38,-6
119900295,42,29,13
119900296,71,83,-12
119900297,0,19,-19
119900298,4,5,-1
119900299,42,76,-34
119900300,109,101,8
119900301,16,100,-84
119900302,46,23,23
119900303,189,55,134
119900304,116,20,96
119900305,1,44,-43
119900306,25,2,23
119900307,21,19,2
119900308,5,13,-8
119900309,30,141,-111
119900310,173,194,-21
119900311,94,37,57
119900312,134,33,101
119900313,237,121,116
119900314,155,228,-73
119900315,2179,900,1279
119900318,10,45,-35
119900319,0,130,-130
119900320,199,238,-39
119900321,91,4,87
120000001,4724,17448,-12724
120000002,2183,1685,498
120000003,2066,1167,899
120000004,1916,1090,826
120000005,1849,1035,814
120000006,1015,834,181
120000007,1774,1189,585
120000008,940,1558,-618
120000009,933,406,527
120000010,1478,1242,236
120000011,894,1012,-118
120000012,1169,1253,-84
120000013,2593,2013,580
120000014,773,1037,-264
120000015,2373,1654,719
120000016,3447,1749,1698
120000017,2926,2284,642
120000018,2359,11539,-9180
120000019,1022,1158,-136
120000020,2203,3021,-818
120000021,1475,2008,-533
120000022,2139,3183,-1044
120000023,1190,1386,-196
120000024,954,2100,-1146
120000025,2213,1512,701
120000026,2522,1396,1126
120000027,2031,1698,333
120000028,852,3040,-2188
120000029,608,1390,-782
120000030,126,581,-455
120000031,1401,3686,-2285
120000032,3992,2648,1344
120000033,3941,1223,2718
120000034,2198,1011,1187
120000035,2195,1370,825
120000036,3080,4290,-1210
120000037,464,1386,-922
120000038,2848,2261,587
120000039,706,708,-2
120000040,63,682,-619
120000041,557,879,-322
120000042,1442,1063,379
120000043,3358,845,2513
120000044,3831,1081,2750
120000045,6206,824,5382
120000046,4826,5432,-606
120000047,402,5121,-4719
120000048,5047,4625,422
120000049,3289,2503,786
120000050,2820,2952,-132
120000051,2134,2837,-703
120000052,5304,1472,3832
120000053,1268,1076,192
120000054,1369,2282,-913
120000055,1382,2889,-1507
120000056,3529,2267,1262
120000057,3421,1571,1850
120000058,1113,2628,-1515
120000059,9,1410,-1401
120000061,103,313,-210
120000062,143,267,-124
120000063,777,1386,-609
120000064,286,699,-413
120000065,438,758,-320
120000066,201,465,-264
120000067,54,347,-293
120000068,273,379,-106
120000069,428,381,47
120000070,171,746,-575
120000071,836,61,775
120000072,815,210,605
120000073,915,140,775
120000074,180,147,33
120000075,701,291,410
120000076,1847,375,1472
120000077,1856,564,1292
120000078,3585,1355,2230
120000079,506,269,237
120000080,371,318,53
120000081,348,150,198
120000082,355,287,68
120000083,176,701,-525
120000084,262,229,33
120000085,244,223,21
120000086,278,310,-32
120000087,217,305,-88
120000088,788,725,63
120000089,1052,413,639
120000090,716,324,392
120000091,913,591,322
120000092,1082,479,603
120000093,516,384,132
120000094,169,676,-507
120000095,746,257,489
120000096,242,417,-175
120000098,760,355,405
120000099,283,417,-134
120000100,585,473,112
120000101,612,282,330
120000102,623,865,-242
120000103,1408,815,593
120000104,2000,514,1486
120000105,3034,665,2369
120000106,2518,644,1874
120000107,4282,545,3737
120000108,1463,97,1366
120000109,1302,78,1224
120000110,26,522,-496
120000111,92,695,-603
120000112,491,1213,-722
120000113,567,1186,-619
120000114,720,1334,-614
120000115,414,1228,-814
120000116,462,1210,-748
120000117,741,1050,-309
120000118,66,36,30
120000119,22,54,-32
120000120,65,101,-36
120000121,12,32,-20
120000122,239,458,-219
120000123,2131,6442,-4311
120000124,377,291,86
120000125,640,328,312
120000126,305,960,-655
120000127,1149,1475,-326
120000128,1918,4173,-2255
120000129,211,220,-9
120000130,658,326,332
120000131,318,508,-190
120000134,311,340,-29
120000135,699,437,262
120000137,245,374,-129
120000138,1209,185,1024
120000139,273,269,4
120000140,1053,207,846
120000141,347,377,-30
120000142,810,385,425
120000143,1,67,-66
120000144,129,7,122
120000145,448,0,448
120000146,724,880,-156
120000149,561,667,-106
120000150,1513,8857,-7344
120000151,392,313,79
120000152,545,109,436
120000153,283,266,17
120000154,388,1425,-1037
120000155,171,301,-130
120000156,554,1236,-682
120000157,888,392,496
120000158,1158,829,329
120000159,2125,1809,316
120000160,2100,1566,534
120000161,3118,2270,848
120000162,63,241,-178
120000163,666,325,341
120000164,853,361,492
120000165,622,403,219
120000166,1232,308,924
120000167,215,156,59
120000168,6,553,-547
120000169,48,1590,-1542
120000170,16,1688,-1672
120000171,14,733,-719
120000172,13,677,-664
120000173,495,2327,-1832
120000174,68,65,3
120000175,60,94,-34
120000176,74,54,20
120000177,516,90,426
120000178,35,24,11
120000179,54,63,-9
120000180,154,64,90
120000181,54,1303,-1249
120000182,27,917,-890
120000183,6,460,-454
120000184,158,855,-697
120000186,26,1409,-1383
120000187,40,561,-521
120000188,33,783,-750
120000190,161,59,102
120000191,158,99,59
120000192,184,40,144
120000193,58,2,56
120000195,10,0,10
120000196,43,10,33
120000197,31,28,3
120000198,233,17,216
120000199,78,1,77
120000200,235,0,235
120000201,9,27,-18
120000202,4,40,-36
120000203,80,148,-68
120000207,1,48,-47
120000208,8,101,-93
120000209,6,29,-23
120000210,43,42,1
120000211,206,5,201
120000212,274,0,274
120000213,165,106,59
120000214,0,117,-117
120000215,0,79,-79
120000216,113,17,96
120000217,271,682,-411
120000218,56,445,-389
120000219,1,273,-272
120000220,3,671,-668
120000225,2018,2,2016
120000226,361,7,354
120000227,848,52,796
120000228,10463,3002,7461
120000230,461,9,452
120000231,1477,1060,417
120000233,278,4,274
120000235,345,328,17
120000236,964,4,960
120000237,2,643,-641
120000238,4,950,-946
120000241,958,2893,-1935
120000412,103,1,102
120000413,253,52,201
120000414,178,0,178
120000415,0,23,-23
120000416,103,2,101
120000417,4,84,-80
120000418,181,10,171
120000419,4,70,-66
120000420,29,9,20
120000421,5577,3828,1749
120000422,59,1321,-1262
120000423,3,78,-75
120000424,166,85,81
120000436,108,725,-617
120000437,89,92,-3
120000438,1365,188,1177
120000439,214,502,-288
120000443,153,0,153
120000444,1454,253,1201
120000445,1774,889,885
120000446,833,165,668
120000447,191,4,187
120000449,157,2,155
120000450,0,65,-65
120000451,113,147,-34
120000452,139,2,137
120000453,1,55,-54
120000454,49,46,3
120000455,84,26,58
120000456,2565,3956,-1391
120000457,1107,560,547
120000458,494,633,-139
120000459,78,51,27
120000665,383,250,133
120000668,169,1695,-1526
120000669,136,167,-31
120000670,96,1836,-1740
120000671,1655,580,1075
120000672,65,382,-317
120900001,73,139,-66
120900002,80,370,-290
120900003,139,14,125
120900004,7,107,-100
120900005,54,618,-564
120900006,486,144,342
120900007,165,37,128
120900008,267,522,-255
120900009,379,35,344
120900010,469,140,329
120900011,81,181,-100
120900012,53,957,-904
120900013,388,89,299
120900014,2,217,-215
120900015,911,74,837
120900016,1039,40,999
120900017,1176,28,1148
120900018,116,216,-100
120900019,534,432,102
120900020,715,1128,-413
120900021,766,179,587
120900022,11,264,-253
120900023,375,105,270
120900024,1217,364,853
120900025,971,794,177
120900026,85,85,0
120900027,672,7,665
120900028,406,157,249
120900029,62,692,-630
120900030,1551,624,927
120900031,292,144,148
120900032,1333,98,1235
120900033,996,104,892
120900034,14,2588,-2574
120900035,15,34,-19
120900037,341,10,331
120900038,89,407,-318
120900039,101,51,50
120900040,380,4,376
120900041,75,16,59
120900042,720,45,675
120900043,81,27,54
120900044,3,217,-214
120900045,191,63,128
120900046,640,7,633
120900047,181,116,65
120900048,112,27,85
120900049,558,7,551
120900050,909,1690,-781
120900051,408,67,341
120900052,709,2,707
120900053,319,25,294
120900054,943,296,647
120900055,540,3,537
120900056,720,23,697
120900057,173,16,157
120900058,678,1,677
120900059,131,4,127
120900060,72,16,56
120900061,196,115,81
120900062,295,1,294
120900063,904,18,886
120900064,796,0,796
120900065,740,1,739
120900066,253,117,136
120900067,174,55,119
120900068,355,0,355
120900069,384,17,367
120900071,8,1,7
120900072,1132,4,1128
120900073,672,41,631
120900074,500,11,489
120900076,384,1,383
120900077,1153,82,1071
120900078,925,663,262
120900079,546,56,490
120900080,1137,628,509
120900081,1366,77,1289
120900082,326,353,-27
120900083,80,0,80
120900084,448,570,-122
120900085,57,112,-55
120900086,82,391,-309
120900087,440,434,6
120900088,111,551,-440
120900089,1409,2987,-1578
120900090,231,9,222
120900091,554,910,-356
120900092,628,215,413
120900093,895,101,794
120900094,241,118,123
120900095,251,7,244
120900096,40,128,-88
120900097,559,285,274
120900098,115,85,30
120900099,56,35,21
120900100,48,135,-87
120900101,306,113,193
120900102,52,50,2
120900103,61,160,-99
120900104,11,50,-39
120900105,39,179,-140
120900106,715,219,496
120900107,114,95,19
120900108,7,175,-168
120900109,42,276,-234
120900110,89,275,-186
120900111,109,212,-103
120900112,10,330,-320
120900113,25,310,-285
120900114,23,90,-67
120900115,104,247,-143
120900116,407,149,258
120900117,8,187,-179
120900118,19,325,-306
120900119,6952,2231,4721
120900120,47,257,-210
120900121,32,268,-236
120900122,586,150,436
120900123,13,156,-143
120900124,2,245,-243
120900125,2,321,-319
120900126,1124,523,601
120900127,16,189,-173
120900128,780,1003,-223
120900129,27,186,-159
120900130,0,131,-131
120900131,90,63,27
120900132,1084,106,978
120900133,70,333,-263
120900134,411,227,184
120900135,4,296,-292
120900136,27,83,-56
120900137,234,46,188
120900138,19,91,-72
120900139,2,333,-331
120900140,8,74,-66
120900141,107,112,-5
120900142,3,160,-157
120900143,1,351,-350
120900144,0,66,-66
120900145,186,506,-320
120900146,0,414,-414
120900147,58,406,-348
120900148,83,105,-22
120900149,1,83,-82
120900150,67,305,-238
120900151,39,262,-223
120900152,415,26,389
120900153,3,7,-4
120900154,1,118,-117
120900155,195,456,-261
120900156,287,229,58
120900157,0,1,-1
120900158,64,251,-187
120900159,3,25,-22
120900160,31,436,-405
120900161,65,269,-204
120900162,73,546,-473
120900163,88,783,-695
120900164,0,100,-100
120900165,7,922,-915
120900166,78,583,-505
120900167,136,78,58
120900169,73,131,-58
120900170,375,2897,-2522
120900171,363,98,265
120900172,178,1571,-1393
120900173,6,48,-42
120900174,9,60,-51
120900175,127,97,30
120900176,10,271,-261
120900177,0,1152,-1152
120900178,1,290,-289
120900179,503,271,232
120900180,63,167,-104
120900181,35,16,19
120900182,14,101,-87
120900183,344,70,274
120900184,130,47,83
120900185,731,1382,-651
120900186,0,222,-222
120900187,416,805,-389
120900188,209,6,203
120900189,74,2069,-1995
120900190,104,15,89
120900191,28,12,16
120900192,4463,9236,-4773
120900194,50,44,6
120900195,85,135,-50
120900196,518,37,481
120900197,773,158,615
120900198,200,315,-115
120900199,304,397,-93
120900200,43,102,-59
120900201,250,89,161
120900202,0,55,-55
120900203,25,59,-34
120900204,63,189,-126
120900205,63,14,49
120900206,48,41,7
120900207,36,650,-614
121000001,402,747,-345
121000002,1726,1396,330
121000003,2361,1328,1033
121000004,1806,2719,-913
121000005,1243,1907,-664
121000006,2257,2064,193
121000007,1604,3519,-1915
121000008,3648,4261,-613
121000009,2654,5007,-2353
121000010,5121,5080,41
121000011,4539,7928,-3389
121000012,8960,5996,2964
121000013,4157,5329,-1172
121000014,4379,4375,4
121000015,3634,7181,-3547
121000016,3276,2888,388
121000017,1209,1810,-601
121000018,1804,1217,587
121000019,7093,6786,307
121000020,7830,13183,-5353
121000021,1532,1296,236
121000022,1809,2544,-735
121000023,2026,1065,961
121000024,3363,3695,-332
121000025,305,1097,-792
121000026,256,165,91
121000027,1154,1008,146
121000028,722,471,251
121000029,610,485,125
121000030,533,323,210
121000031,473,541,-68
121000032,107,162,-55
121000034,313,320,-7
121000035,143,172,-29
121000036,634,708,-74
121000037,422,732,-310
121000038,279,782,-503
121000039,139,314,-175
121000041,423,352,71
121000042,182,334,-152
121000043,418,536,-118
121000044,1021,908,113
121000045,367,217,150
121000046,600,706,-106
121000047,264,202,62
121000049,888,565,323
121000050,202,1678,-1476
121000051,457,207,250
121000052,326,808,-482
121000053,294,100,194
121000054,34,356,-322
121000055,752,1733,-981
121000056,649,876,-227
121000057,312,456,-144
121000058,209,202,7
121000059,2011,1096,915
121000060,482,1025,-543
121000061,66,340,-274
121000062,153,478,-325
121000063,692,928,-236
121000064,593,788,-195
121000065,193,524,-331
121000066,552,775,-223
121000067,244,552,-308
121000068,407,333,74
121000069,148,767,-619
121000070,1119,917,202
121000071,1229,1263,-34
121000072,546,590,-44
121000073,842,1103,-261
121000074,61,104,-43
121000075,19,220,-201
121000076,325,246,79
121000077,100,190,-90
121000078,93,155,-62
121000080,1287,427,860
121000081,2280,2833,-553
121000082,56,276,-220
121000083,100,101,-1
121000084,199,176,23
121000085,203,348,-145
121000086,556,566,-10
121000087,74,189,-115
121000088,469,358,111
121000089,200,303,-103
121000090,234,391,-157
121000091,800,666,134
121000092,158,66,92
121000093,144,139,5
121000094,298,518,-220
121000095,217,683,-466
121000096,3070,1040,2030
121000097,554,1795,-1241
121000098,497,561,-64
121000099,636,448,188
121000100,765,166,599
121000101,310,135,175
121000102,258,130,128
121000103,164,109,55
121000104,248,69,179
121000105,314,101,213
121000106,269,197,72
121000107,1320,1858,-538
121000109,825,637,188
121000110,129,655,-526
121000114,2920,1789,1131
121000115,1447,854,593
121000116,709,1410,-701
121000117,291,348,-57
121000118,1560,166,1394
121000119,205,270,-65
121000120,200,322,-122
121000121,360,1083,-723
121000123,657,522,135
121000127,93,77,16
121000128,837,198,639
121000129,887,270,617
121000130,657,468,189
121000131,903,999,-96
121000132,657,978,-321
121000135,196,206,-10
121000136,887,1110,-223
121000137,418,374,44
121000138,545,1368,-823
121000139,365,628,-263
121000141,188,136,52
121000142,460,688,-228
121000143,126,18,108
121000144,344,1028,-684
121000145,415,714,-299
121000146,1078,985,93
121000147,861,376,485
121000148,664,762,-98
121000149,1791,1277,514
121000152,224,272,-48
121000153,1223,371,852
121000154,988,443,545
121000155,1479,886,593
121000156,327,778,-451
121000157,593,897,-304
121000158,287,279,8
121000159,199,295,-96
121000160,282,265,17
121000161,211,250,-39
121000162,117,120,-3
121000165,714,1546,-832
121000166,31,369,-338
121000168,389,270,119
121000169,59,116,-57
121000170,309,62,247
121000171,55,138,-83
121000172,740,475,265
121000173,1078,1023,55
121000174,428,491,-63
121000175,1063,245,818
121000176,319,288,31
121000177,589,423,166
121000178,91,36,55
121000179,46,50,-4
121000181,394,348,46
121000182,123,307,-184
121000183,86,92,-6
121000184,38,157,-119
121000185,30,240,-210
121000186,261,500,-239
121000187,187,93,94
121000188,157,68,89
121000192,685,337,348
121000193,488,309,179
121000194,1501,1390,111
121000195,144,814,-670
121000196,454,195,259
121000197,138,805,-667
121000198,176,155,21
121000199,108,228,-120
121000200,510,139,371
121000201,11,175,-164
121000202,646,126,520
121000203,566,1567,-1001
121000204,2399,576,1823
121000205,62,173,-111
121000206,91,62,29
121000207,1590,870,720
121000208,7,329,-322
121000209,447,72,375
121000210,615,226,389
121000211,336,121,215
121000212,541,361,180
121000213,10621,1985,8636
121000214,634,1526,-892
121000215,773,1104,-331
121000216,417,398,19
121000217,2685,2645,40
121000218,323,1448,-1125
121000219,1256,505,751
121000220,89,77,12
121000221,102,317,-215
121000222,2079,2052,27
121000223,173,779,-606
121000224,142,451,-309
121000225,623,2187,-1564
121000226,991,1052,-61
121000227,20,135,-115
121000228,26,553,-527
121000229,282,352,-70
121000230,41,1384,-1343
121000231,1028,17,1011
121000232,284,277,7
121000233,475,299,176
121000234,21,38,-17
121000235,52,44,8
121000236,12,81,-69
121000237,18,18,0
121000238,16,95,-79
121000239,63,1,62
121000240,12,132,-120
121000241,83,13,70
121000242,56,589,-533
121000243,176,46,130
121000244,4,132,-128
121000245,44,8,36
121000246,2,135,-133
121000247,162,4,158
121000248,314,1090,-776
121000249,72,167,-95
121000250,440,252,188
121000251,13,171,-158
121000252,131,80,51
121000253,297,258,39
121000254,736,138,598
121000255,117,159,-42
121000256,245,138,107
121000257,18,113,-95
121000258,54,58,-4
121000259,29,74,-45
121000260,40,86,-46
121000261,58,92,-34
121000262,1058,338,720
121000263,443,388,55
121000271,794,2059,-1265
121000273,14,7,7
121000274,12,60,-48
121000275,1,10,-9
121000276,9,16,-7
121000278,65,26,39
121000279,41,15,26
121000280,23,20,3
121000289,247,11,236
121000290,986,943,43
121000294,173,59,114
121000297,426,1014,-588
121000299,67,721,-654
121000300,824,447,377
121000302,10,542,-532
121000303,448,191,257
121000304,383,60,323
121000305,104,49,55
121000306,140,121,19
121000308,108,158,-50
121000309,223,273,-50
121000310,135,160,-25
121000311,32,285,-253
121000312,250,238,12
121000313,161,230,-69
121000314,107,235,-128
121000315,21,51,-30
121000530,1541,1131,410
121000531,1486,1259,227
121000532,4351,6298,-1947
121000533,2484,2829,-345
121000918,32,59,-27
121000919,27,57,-30
121000938,64,171,-107
121000939,43,164,-121
121000956,1378,1463,-85
121000957,3,12,-9
121000958,6,64,-58
121000959,906,442,464
121000960,1172,1815,-643
121000961,239,45,194
121000962,695,424,271
121000973,0,145,-145
121000976,12,101,-89
121000979,393,103,290
121000981,225,73,152
121000982,329,151,178
121000983,367,146,221
121000984,12,31,-19
121000985,726,229,497
121000986,354,118,236
121000987,226,414,-188
121000988,851,70,781
121001302,202,80,122
121001308,0,15,-15
121001309,24,577,-553
121001313,186,63,123
121001314,1125,1389,-264
121001315,4871,3134,1737
121001326,329,312,17
121900001,129,182,-53
121900002,48,28,20
121900003,383,9,374
121900004,57,204,-147
121900005,16,7,9
121900006,91,18,73
121900007,1580,1436,144
121900008,123,274,-151
121900009,516,14,502
121900010,177,2,175
121900011,145,123,22
121900012,30,1,29
121900013,373,117,256
121900014,1138,294,844
121900015,160,94,66
121900016,4,15,-11
121900017,501,373,128
121900018,360,9,351
121900019,526,130,396
121900020,46,2,44
121900021,654,14,640
121900022,258,182,76
121900023,127,188,-61
121900024,381,82,299
121900025,440,389,51
121900026,170,42,128
121900027,303,115,188
121900028,152,8,144
121900029,69,182,-113
121900030,390,425,-35
121900031,819,5015,-4196
121900032,104,17,87
121900033,154,262,-108
121900034,186,117,69
121900035,2669,1998,671
121900036,108,556,-448
121900037,114,812,-698
121900038,11,33,-22
121900039,244,45,199
121900040,55,69,-14
121900041,67,255,-188
121900042,340,155,185
121900043,4,0,4
121900044,44,28,16
121900046,138,192,-54
121900047,127,86,41
121900048,30,47,-17
121900050,15,42,-27
121900051,130,132,-2
121900052,93,25,68
121900053,390,247,143
121900054,238,694,-456
121900055,1,3,-2
121900058,250,86,164
121900059,288,118,170
121900060,77,315,-238
121900062,106,75,31
121900063,1250,308,942
121900064,254,337,-83
121900066,60,8,52
121900067,37,13,24
121900069,133,96,37
121900070,75,97,-22
121900071,395,195,200
121900072,69,138,-69
121900073,181,326,-145
121900074,259,638,-379
121900075,299,555,-256
121900076,331,514,-183
121900078,42,27,15
121900079,0,0,0
121900080,708,196,512
121900082,57,111,-54
121900084,17,22,-5
121900086,16,21,-5
121900087,72,111,-39
121900088,836,1640,-804
121900089,191,168,23
121900090,19,41,-22
121900091,131,66,65
121900092,66,61,5
121900093,59,70,-11
121900094,31,11,20
121900095,329,112,217
121900096,694,501,193
121900097,563,131,432
121900098,1,1,0
121900099,164,40,124
121900100,54,271,-217
121900101,109,126,-17
121900102,4,47,-43
121900103,261,225,36
121900104,1304,370,934
121900105,257,115,142
121900106,4,9,-5
121900107,52,21,31
121900108,0,6,-6
121900109,201,117,84
121900110,555,273,282
121900111,556,215,341
121900112,113,149,-36
121900113,49,322,-273
121900114,26,36,-10
121900117,79,103,-24
121900118,1347,621,726
121900119,104,27,77
121900120,29,655,-626
121900121,244,28,216
121900122,43,35,8
121900123,132,313,-181
121900124,144,147,-3
121900125,1354,841,513
121900127,6,105,-99
121900128,44,40,4
121900129,152,113,39
121900130,83,260,-177
121900131,170,90,80
121900132,29,72,-43
121900133,24,1118,-1094
121900134,5,223,-218
121900135,2777,309,2468
121900136,354,144,210
121900137,32,180,-148
121900138,50,81,-31
121900139,221,2476,-2255
121900140,49,62,-13
121900141,95,34,61
121900142,100,53,47
121900143,14,106,-92
121900144,87,318,-231
121900145,126,222,-96
121900146,365,426,-61
121900147,44,203,-159
121900148,161,251,-90
121900149,189,384,-195
121900150,43,178,-135
121900151,47,215,-168
121900152,101,87,14
121900153,27,349,-322
121900154,6,352,-346
121900155,2,106,-104
121900156,86,138,-52
121900157,2,217,-215
121900158,67,89,-22
121900159,0,138,-138
121900160,1,216,-215
121900161,195,445,-250
121900162,57,156,-99
121900163,331,188,143
121900164,199,194,5
121900165,193,104,89
121900166,114,109,5
121900167,47,77,-30
121900168,113,161,-48
121900169,5,153,-148
121900170,10,136,-126
121900171,598,378,220
121900172,480,118,362
121900173,454,233,221
121900174,37,38,-1
121900175,52,220,-168
121900176,401,1370,-969
121900177,116,71,45
121900178,34,52,-18
121900179,314,229,85
121900180,1541,3770,-2229
121900182,497,913,-416
121900183,547,1348,-801
121900184,42,652,-610
121900186,22,314,-292
121900187,34,91,-57
121900188,418,182,236
121900189,19,56,-37
121900190,211,377,-166
121900191,45,459,-414
121900192,144,1811,-1667
121900193,24,208,-184
121900194,1,245,-244
121900195,9,39,-30
121900196,770,627,143
121900197,223,741,-518
121900198,2090,1394,696
121900199,4,38,-34
121900200,29,132,-103
121900201,491,581,-90
121900202,90,579,-489
121900203,56,864,-808
121900204,500,846,-346
121900205,8,144,-136
121900206,15,38,-23
121900207,39,29,10
121900208,111,423,-312
121900209,49,45,4
121900210,1781,1185,596
121900211,626,337,289
121900212,22,125,-103
121900213,277,37,240
121900214,7,297,-290
121900215,64,135,-71
121900216,18,205,-187
121900217,113,127,-14
121900218,135,536,-401
121900220,93,5,88
121900221,330,446,-116
121900222,244,81,163
121900223,116,46,70
121900224,42,29,13
121900225,62,136,-74
121900226,229,27,202
121900227,274,613,-339
121900228,125,122,3
121900230,47,227,-180
121900231,77,825,-748
121900232,93,349,-256
121900233,170,124,46
121900234,195,132,63
121900235,477,85,392
121900236,175,123,52
121900237,168,349,-181
121900238,141,232,-91
121900239,155,22,133
121900240,247,86,161
121900241,58,62,-4
121900242,3,0,3
121900243,5,1,4
121900244,14,1,13
121900245,106,84,22
121900246,3608,258,3350
121900248,886,665,221
121900250,144,294,-150
121900251,359,22,337
121900252,301,117,184
121900253,122,857,-735
121900254,303,307,-4
121900255,351,59,292
121900258,3023,1444,1579
121900259,168,494,-326
121900260,75,96,-21
121900261,120,485,-365
121900262,397,657,-260
121900263,238,136,102
121900264,736,727,9
121900265,268,119,149
121900266,437,85,352
121900267,41,31,10
121900269,119,609,-490
121900270,27,110,-83
121900271,40,114,-74
121900273,306,1177,-871
121900274,262,219,43
121900277,225,857,-632
121900278,109,982,-873
121900279,125,133,-8
121900280,50,403,-353
121900281,109,320,-211
121900284,48,3,45
121900286,95,71,24
121900287,15,39,-24
121900288,6,0,6
121900290,237,790,-553
121900291,304,723,-419
121900292,77,144,-67
121900293,607,2747,-2140
121900294,253,2,251
121900295,125,127,-2
121900296,39,133,-94
121900298,168,724,-556
121900299,0,5,-5
121900300,74,6,68
121900301,54,1,53
121900302,2,86,-84
121900303,228,292,-64
121900304,0,3,-3
121900305,2,9,-7
121900306,230,1,229
121900307,109,4,105
121900308,7,132,-125
121900309,7,92,-85
121900310,11,168,-157
121900311,543,16,527
121900312,346,16,330
121900313,372,31,341
121900314,2,12,-10
121900315,21,1,20
121900316,1,9,-8
121900317,22,1,21
121900318,1,5,-4
121900319,19,111,-92
121900320,29,22,7
121900321,12,0,12
121900322,0,9,-9
121900323,27,15,12
121900324,0,22,-22
121900325,8,2,6
121900326,8,19,-11
121900327,2,32,-30
121900328,0,16,-16
121900329,0,59,-59
121900330,1,179,-178
121900331,14,32,-18
121900332,57,17,40
121900333,52,1,51
121900334,66,40,26
122000001,923,4892,-3969
122000002,1721,1061,660
122000003,1016,2373,-1357
122000004,1357,1084,273
122000005,3319,1973,1346
122000006,780,1128,-348
122000007,475,1555,-1080
122000008,995,2595,-1600
122000009,636,564,72
122000010,2025,2387,-362
122000011,4145,1927,2218
122000012,530,3171,-2641
122000013,474,1438,-964
122000014,2903,1184,1719
122000015,852,802,50
122000016,354,602,-248
122000017,948,980,-32
122000018,1506,1391,115
122000019,665,1427,-762
122000020,161,263,-102
122000021,141,311,-170
122000022,912,1229,-317
122000023,841,1325,-484
122000024,416,2357,-1941
122000025,472,2619,-2147
122000026,295,1266,-971
122000027,411,970,-559
122000028,933,544,389
122000029,227,454,-227
122000030,140,157,-17
122000031,121,345,-224
122000032,2970,2022,948
122000033,267,2831,-2564
122000034,371,711,-340
122000035,152,481,-329
122000036,365,420,-55
122000037,524,251,273
122000038,180,383,-203
122000039,599,710,-111
122000040,141,304,-163
122000041,457,791,-334
122000042,320,466,-146
122000043,77,145,-68
122000044,73,102,-29
122000045,1432,913,519
122000046,667,939,-272
122000047,104,167,-63
122000048,1952,2969,-1017
122000049,4759,2714,2045
122000050,646,852,-206
122000051,177,430,-253
122000052,295,436,-141
122000053,149,845,-696
122000054,1473,1557,-84
122000055,1464,3555,-2091
122000056,2389,2338,51
122000057,2926,3720,-794
122000058,818,1929,-1111
122000059,913,3139,-2226
122000060,287,910,-623
122000061,200,623,-423
122000062,488,204,284
122000063,376,1153,-777
122000064,2137,4782,-2645
122000065,2083,2389,-306
122000066,258,481,-223
122000067,800,1015,-215
122000068,1245,831,414
122000069,776,993,-217
122000070,507,987,-480
122000071,2266,1158,1108
122000072,656,688,-32
122000073,235,1375,-1140
122000074,2094,1112,982
122000075,689,748,-59
122000076,5473,1562,3911
122000077,602,1620,-1018
122000078,728,3587,-2859
122000079,396,2210,-1814
122000080,413,523,-110
122000081,86,184,-98
122000082,259,1193,-934
122000083,2472,734,1738
122000084,2572,819,1753
122000085,179,546,-367
122000086,1879,4582,-2703
122000087,168,211,-43
122000088,97,246,-149
122000089,3660,1684,1976
122000090,104,557,-453
122000091,63,212,-149
122000092,43,34,9
122000093,1290,2785,-1495
122000094,4099,2361,1738
122000095,511,3157,-2646
122000096,387,1588,-1201
122000098,2044,3038,-994
122000099,540,1005,-465
122000100,551,435,116
122000101,301,327,-26
122000102,1775,805,970
122000103,1275,1138,137
122000104,837,112,725
122000105,319,267,52
122000106,349,1184,-835
122000107,820,334,486
122000108,348,610,-262
122000109,410,210,200
122000110,511,485,26
122000111,3062,1195,1867
122000112,1175,1261,-86
122000113,602,667,-65
122000114,1324,2357,-1033
122000115,1168,936,232
122000116,294,379,-85
122000117,879,303,576
122000118,483,438,45
122000119,1603,1466,137
122000120,801,2206,-1405
122000121,707,1540,-833
122000122,269,881,-612
122000123,888,1279,-391
122000124,577,443,134
122000125,314,373,-59
122000126,294,571,-277
122000127,387,642,-255
122000128,244,368,-124
122000129,359,1328,-969
122000130,1806,1128,678
122000131,707,754,-47
122000132,226,353,-127
122000133,655,553,102
122000134,804,624,180
122000135,466,440,26
122000136,637,587,50
122000137,1450,691,759
122000139,737,2642,-1905
122000140,386,740,-354
122000141,2335,1149,1186
122000142,105,1134,-1029
122000143,253,365,-112
122000144,840,801,39
122000145,579,764,-185
122000146,386,1392,-1006
122000147,383,486,-103
122000148,548,1381,-833
122000149,1285,1042,243
122000150,909,804,105
122000151,78,231,-153
122000152,271,227,44
122000153,270,277,-7
122000154,173,143,30
122000155,1036,1939,-903
122000156,3218,2775,443
122000157,648,3426,-2778
122000158,243,510,-267
122000159,438,801,-363
122000160,1510,1684,-174
122000161,752,821,-69
122000162,721,1274,-553
122000163,230,105,125
122000164,32,142,-110
122000165,697,868,-171
122000166,639,1570,-931
122000167,219,397,-178
122000168,122,697,-575
122000169,232,166,66
122000170,208,258,-50
122000171,21,64,-43
122000172,1429,995,434
122000173,1132,1983,-851
122000174,1282,981,301
122000175,550,329,221
122000176,212,864,-652
122000177,799,1157,-358
122000178,3658,2186,1472
122000179,1972,2709,-737
122000180,802,972,-170
122000181,864,1815,-951
122000182,1264,916,348
122000183,1813,757,1056
122000184,1998,2526,-528
122000185,768,2581,-1813
122000186,414,1376,-962
122000187,1315,1040,275
122000188,315,377,-62
122000189,214,353,-139
122000190,551,1458,-907
122000191,572,586,-14
122000192,934,305,629
122000193,281,569,-288
122000194,325,198,127
122000195,95,504,-409
122000196,705,497,208
122000197,339,503,-164
122000198,330,1693,-1363
122000199,245,317,-72
122000200,625,505,120
122000201,899,1860,-961
122000202,755,2175,-1420
122000203,1983,959,1024
122000204,990,1142,-152
122000205,589,897,-308
122000206,2838,803,2035
122000207,1565,1200,365
122000208,1587,1484,103
122000209,1442,431,1011
122000210,1315,1518,-203
122000211,832,1212,-380
122000212,624,515,109
122000213,783,1125,-342
122000214,1459,1419,40
122000215,1777,1373,404
122000217,1083,1650,-567
122000218,635,68,567
122000219,781,685,96
122000220,281,530,-249
122000221,68,247,-179
122000222,467,137,330
122000223,811,574,237
122000225,525,216,309
122000226,1139,1077,62
122000227,134,1174,-1040
122000228,210,197,13
122000229,17,310,-293
122000230,51,312,-261
122000231,206,563,-357
122000232,447,546,-99
122000233,1,37,-36
122000234,416,50,366
122000235,807,68,739
122000236,993,46,947
122000237,84,66,18
122000238,262,233,29
122000239,525,149,376
122000240,1038,506,532
122000241,1584,419,1165
122000242,599,120,479
122000243,236,39,197
122000244,98,201,-103
122000245,73,39,34
122000246,361,129,232
122000247,322,224,98
122000248,550,772,-222
122000249,1096,795,301
122000250,1587,978,609
122000251,105,328,-223
122000252,275,90,185
122000253,58,181,-123
122000254,200,68,132
122000255,536,691,-155
122000256,280,382,-102
122000257,170,123,47
122000258,225,205,20
122000259,30,349,-319
122000260,271,472,-201
122000261,18,234,-216
122000262,1,51,-50
122000263,213,442,-229
122000264,981,223,758
122000265,1863,719,1144
122000266,3074,595,2479
122000267,195,84,111
122000268,84,217,-133
122000269,642,224,418
122000270,411,175,236
122000271,193,976,-783
122000272,261,763,-502
122000273,329,326,3
122000274,161,161,0
122000275,181,134,47
122000276,620,383,237
122000277,811,1229,-418
122000278,1429,356,1073
122000279,139,132,7
122000280,563,307,256
122000281,564,428,136
122000282,238,424,-186
122000283,283,218,65
122000284,215,90,125
122000285,233,52,181
122000286,54,90,-36
122000287,1119,1012,107
122000288,397,210,187
122000291,2004,693,1311
122000293,160,97,63
122000294,151,210,-59
122000295,968,142,826
122000296,25,572,-547
122000297,1438,2929,-1491
122000299,490,328,162
122000300,423,364,59
122000301,4816,2575,2241
122000302,403,1701,-1298
122000303,1828,876,952
122000304,62,147,-85
122000305,964,461,503
122000306,37,258,-221
122000307,99,122,-23
122000309,51,42,9
122000310,17,95,-78
122000311,148,137,11
122000312,85,292,-207
122000313,149,75,74
122000314,115,234,-119
122000315,295,87,208
122000316,866,181,685
122000317,1472,191,1281
122000318,211,483,-272
122000319,135,185,-50
122000320,229,634,-405
122000321,77,123,-46
122000322,1407,1592,-185
122000323,708,2356,-1648
122000324,1282,1571,-289
122000325,628,2766,-2138
122000326,86,68,18
122000327,356,603,-247
122000328,342,275,67
122000330,1155,1157,-2
122000333,22,75,-53
122000337,920,400,520
122000338,446,271,175
122000340,142,1627,-1485
122000342,1122,550,572
122000343,413,441,-28
122000344,65,18,47
122000345,154,23,131
122000346,210,180,30
122000348,585,555,30
122000349,55,354,-299
122000351,132,204,-72
122000352,242,167,75
122000353,108,115,-7
122000355,139,208,-69
122000356,491,1397,-906
122000357,80,23,57
122000358,1,20,-19
122000359,0,11,-11
122000360,0,14,-14
122000362,7,46,-39
122000364,179,217,-38
122000365,1,32,-31
122000366,17,4,13
122000368,380,572,-192
122000370,19,18,1
122000371,31,2,29
122000372,9,1,8
122000381,157,265,-108
122000382,81,222,-141
122000384,976,977,-1
122000385,51,1,50
122000386,146,1280,-1134
122000387,318,768,-450
122000388,704,667,37
122000389,100,1120,-1020
122000390,214,214,0
122000391,128,760,-632
122000392,158,150,8
122000393,268,163,105
122000394,490,140,350
122000395,96,89,7
122000396,194,79,115
122000397,28,25,3
122000398,15,39,-24
122000399,106,50,56
122000400,55,629,-574
122000401,129,50,79
122000402,265,115,150
122000403,273,282,-9
122000404,143,87,56
122000408,483,762,-279
122000503,16,82,-66
122000524,123,157,-34
122000544,83,1820,-1737
122000614,377,345,32
122000616,124,1,123
122000640,67,56,11
122000641,169,161,8
122000642,952,682,270
122000643,29,125,-96
122000644,106,22,84
122000645,60,151,-91
122000651,453,1756,-1303
122000664,117,24,93
122000665,853,357,496
122000666,471,852,-381
122000673,30,127,-97
122000674,219,123,96
122000675,1649,454,1195
122000686,302,937,-635
122000687,1121,239,882
122000688,207,239,-32
122000689,787,166,621
122000690,2372,145,2227
122000691,761,616,145
122000692,1197,160,1037
122000693,307,628,-321
122000695,183,140,43
122000696,485,105,380
122000698,487,317,170
122000699,142,30,112
122000701,1414,214,1200
122000702,310,632,-322
122000703,195,57,138
122000712,0,0,0
122000717,214,122,92
122000718,883,2002,-1119
122000719,140,90,50
122000720,666,77,589
122000724,183,237,-54
122900001,25,14,11
122900002,749,4648,-3899
122900003,347,23,324
122900004,1487,66,1421
122900005,84,83,1
122900006,321,708,-387
122900007,52,125,-73
122900008,201,118,83
122900009,453,223,230
122900010,158,77,81
122900012,120,301,-181
122900014,125,122,3
122900015,554,891,-337
122900016,86,156,-70
122900017,168,592,-424
122900018,142,12,130
122900020,110,264,-154
122900021,27,218,-191
122900022,923,673,250
122900023,354,97,257
122900024,122,94,28
122900025,8,273,-265
122900026,16,108,-92
122900027,51,422,-371
122900028,98,70,28
122900029,3580,1897,1683
122900030,1102,414,688
122900031,38,239,-201
122900032,129,298,-169
122900033,209,99,110
122900034,2803,3596,-793
122900035,7,22,-15
122900036,66,21,45
122900037,276,118,158
122900038,68,2245,-2177
122900039,40,391,-351
122900040,182,487,-305
122900041,279,249,30
122900042,107,247,-140
122900043,197,190,7
122900044,79,268,-189
122900045,114,165,-51
122900046,87,296,-209
122900047,102,171,-69
122900048,24,152,-128
122900049,1502,139,1363
122900051,47,194,-147
122900052,163,176,-13
122900053,25,22,3
122900055,239,39,200
122900057,167,41,126
122900061,373,88,285
122900062,447,488,-41
122900063,148,118,30
122900064,546,235,311
122900065,501,214,287
122900066,635,316,319
122900067,640,318,322
122900069,230,1049,-819
122900070,330,51,279
122900071,136,203,-67
122900073,12,111,-99
122900074,742,157,585
122900075,1,76,-75
122900076,4,171,-167
122900077,14,46,-32
122900078,173,22,151
122900080,16,46,-30
122900081,172,111,61
122900082,846,111,735
122900083,75,95,-20
122900084,5,93,-88
122900086,12,69,-57
122900087,372,331,41
122900088,27,447,-420
122900089,204,196,8
122900090,12,257,-245
122900091,264,2,262
122900092,0,52,-52
122900093,1,101,-100
122900094,1,88,-87
122900095,137,6,131
122900096,280,54,226
122900097,65,35,30
122900098,42,121,-79
122900099,144,12,132
122900100,39,466,-427
122900101,298,193,105
122900102,33,26,7
122900103,201,5,196
122900104,268,5,263
122900105,18,11,7
122900106,2,30,-28
122900107,13,95,-82
122900108,4,130,-126
122900109,249,98,151
123000001,718,673,45
123000002,2157,4488,-2331
123000003,3164,3253,-89
123000004,2170,2795,-625
123000005,2237,2319,-82
123000006,1745,1730,15
123000007,3542,2434,1108
123000008,1950,2045,-95
123000009,3671,2531,1140
123000010,2803,2845,-42
123000011,1417,1057,360
123000012,543,2395,-1852
123000013,2897,1047,1850
123000014,588,2916,-2328
123000015,1600,995,605
123000016,2170,2743,-573
123000017,2643,1463,1180
123000018,122,73,49
123000019,374,44,330
123000020,237,31,206
123000021,165,155,10
123000022,222,1425,-1203
123000023,1512,1663,-151
123000024,1569,624,945
123000025,309,104,205
123000026,19,54,-35
123000027,54,571,-517
123000028,1080,1095,-15
123000029,660,1477,-817
123000030,240,93,147
123000031,263,84,179
123000032,408,57,351
123000033,326,60,266
123000034,948,647,301
123000035,352,323,29
123000036,294,1069,-775
123000037,151,92,59
123000038,37,224,-187
123000039,375,1217,-842
123000040,316,90,226
123000041,791,1358,-567
123000042,553,849,-296
123000043,1256,9393,-8137
123000044,2172,1296,876
123000045,2965,1581,1384
123000046,244,1035,-791
123000047,770,873,-103
123000048,28,814,-786
123000049,3716,7033,-3317
123000050,1550,1245,305
123000051,69,124,-55
123000052,581,2598,-2017
123000053,1695,2476,-781
123000054,1391,1106,285
123000055,1279,2784,-1505
123000056,793,781,12
123000057,3265,3840,-575
123000058,529,874,-345
123000059,220,307,-87
123000060,746,261,485
123000061,205,452,-247
123000063,695,719,-24
123000064,837,194,643
123000065,2288,1502,786
123000066,358,360,-2
123000067,897,369,528
123000068,1398,1444,-46
123000069,2949,1316,1633
123000070,115,381,-266
123000071,1164,652,512
123000072,856,415,441
123000073,1491,692,799
123000074,1021,626,395
123000075,355,1007,-652
123000076,610,274,336
123000077,1709,1289,420
123000078,1830,1126,704
123000079,1640,1244,396
123000080,1692,706,986
123000081,141,219,-78
123000082,210,548,-338
123000083,769,231,538
123000084,568,388,180
123000085,313,59,254
123000086,670,68,602
123000087,348,167,181
123000088,1070,337,733
123000089,655,796,-141
123000090,1149,594,555
123000091,1098,1016,82
123000092,758,984,-226
123000094,435,124,311
123000095,547,559,-12
123000096,879,322,557
123000097,499,345,154
123000098,721,483,238
123000099,568,364,204
123000100,252,545,-293
123000101,435,431,4
123000102,353,597,-244
123000104,323,680,-357
123000105,363,323,40
123000106,451,489,-38
123000107,190,312,-122
123000108,352,760,-408
123000111,986,302,684
123000112,1151,307,844
123000113,537,541,-4
123000114,329,570,-241
123000115,284,208,76
123000116,78,58,20
123000117,1219,816,403
123000118,426,432,-6
123000119,185,399,-214
123000120,228,370,-142
123000121,440,488,-48
123000122,260,229,31
123000123,359,436,-77
123000124,312,359,-47
123000125,1041,892,149
123000126,820,3202,-2382
123000127,499,427,72
123000128,206,220,-14
123000129,652,169,483
123000130,748,45,703
123000131,939,771,168
123000132,207,329,-122
123000133,102,177,-75
123000134,231,89,142
123000135,1936,837,1099
123000136,135,338,-203
123000137,64,116,-52
123000138,84,210,-126
123000139,473,104,369
123000140,51,300,-249
123000141,502,121,381
123000142,687,580,107
123000143,804,1154,-350
123000144,9,20,-11
123000145,130,96,34
123000146,11,85,-74
123000147,58,99,-41
123000149,210,258,-48
123000150,90,193,-103
123000151,128,419,-291
123000152,48,223,-175
123000153,75,535,-460
123000154,987,1482,-495
123000155,1346,919,427
123000156,18,88,-70
123000157,452,558,-106
123000158,344,595,-251
123000159,2088,2335,-247
123000160,841,725,116
123000161,1312,1002,310
123000162,928,1180,-252
123000163,389,105,284
123000164,1473,239,1234
123000165,391,707,-316
123000166,40,73,-33
123000167,114,135,-21
123000168,206,194,12
123000169,606,96,510
123000170,114,48,66
123000171,575,9,566
123000172,124,303,-179
123000173,415,309,106
123000174,778,363,415
123000175,327,581,-254
123000176,699,233,466
123000177,154,526,-372
123000178,765,128,637
123000179,39,285,-246
123000180,1376,326,1050
123000181,198,554,-356
123000182,180,135,45
123000183,175,339,-164
123000184,98,275,-177
123000185,730,299,431
123000186,28,386,-358
123000187,598,5,593
123000188,326,24,302
123000189,91,8,83
123000190,42,126,-84
123000192,26,252,-226
123000193,94,537,-443
123000194,136,125,11
123000195,350,38,312
123000196,253,43,210
123000197,95,42,53
123000198,28,879,-851
123000199,21,533,-512
123000200,578,17,561
123000201,966,35,931
123000202,20,442,-422
123000203,901,51,850
123000204,43,472,-429
123000205,225,628,-403
123000206,1755,179,1576
123000207,76,409,-333
123000208,504,354,150
123000209,2201,753,1448
123000210,358,1439,-1081
123000211,354,1024,-670
123000212,2981,452,2529
123000213,578,71,507
123000215,91,196,-105
123000216,133,736,-603
123000217,161,39,122
123000218,38,405,-367
123000219,450,80,370
123000220,438,70,368
123000221,145,52,93
123000222,266,172,94
123000223,380,92,288
123000224,345,182,163
123000225,161,38,123
123000226,85,309,-224
123000227,53,209,-156
123000228,266,46,220
123000229,552,884,-332
123000232,69,360,-291
123000233,699,119,580
123000234,98,362,-264
123000235,1007,240,767
123000236,167,378,-211
123000237,306,77,229
123000238,53,293,-240
123000239,345,511,-166
123000240,62,489,-427
123000241,210,59,151
123000242,101,132,-31
123000243,682,739,-57
123000244,744,467,277
123000245,21,114,-93
123000249,978,502,476
123000252,786,243,543
123000253,1357,456,901
123000254,527,446,81
123000255,727,605,122
123000256,23,112,-89
123000257,1507,859,648
123000258,804,441,363
123000259,403,340,63
123000260,436,219,217
123000261,189,92,97
123000262,81,96,-15
123000263,441,61,380
123000264,133,55,78
123000265,32,100,-68
123000266,387,350,37
123000267,512,288,224
123000268,26,36,-10
123000269,36,40,-4
123000270,23,34,-11
123000271,49,33,16
123000272,558,278,280
123000273,233,746,-513
123000274,889,521,368
123000275,174,470,-296
123000278,1481,2032,-551
123000279,160,67,93
123000280,352,196,156
123000281,240,75,165
123000282,84,226,-142
123000283,122,51,71
123000284,52,45,7
123000286,137,381,-244
123000287,414,222,192
123000288,939,819,120
123000289,334,1076,-742
123000291,169,588,-419
123000294,179,252,-73
123000295,581,869,-288
123000296,662,405,257
123000297,709,317,392
123000298,804,134,670
123000299,266,197,69
123000300,1012,957,55
123000301,112,221,-109
123000302,81,76,5
123000303,63,268,-205
123000305,647,710,-63
123000306,139,76,63
123000309,26,46,-20
123000310,20,25,-5
123000311,7,76,-69
123000312,327,348,-21
123000313,500,318,182
123000315,102,170,-68
123000316,603,381,222
123000317,201,73,128
123000318,93,206,-113
123000329,3,27,-24
123000337,378,564,-186
123000338,190,134,56
123000339,239,61,178
123000340,74,198,-124
123000342,27,66,-39
123000343,38,15,23
123000344,614,221,393
123000345,241,291,-50
123000346,383,19,364
123000352,739,601,138
123000353,66,121,-55
123000354,296,12,284
123000355,0,234,-234
123000356,322,6,316
123000357,0,56,-56
123000359,10,48,-38
123000360,218,46,172
123000361,115,130,-15
123000362,297,58,239
123000363,58,103,-45
123000364,311,438,-127
123000365,6,253,-247
123000366,248,1739,-1491
123000367,265,547,-282
123000370,19,390,-371
123000371,399,48,351
123000372,260,17,243
123000373,11,138,-127
123000374,8,62,-54
123000375,328,36,292
123000376,892,593,299
123000377,299,7,292
123000378,9,144,-135
123000379,11,129,-118
123000380,3,143,-140
123000381,62,111,-49
123000382,467,88,379
123000383,47,739,-692
123000384,368,108,260
123000385,106,532,-426
123000436,34,1038,-1004
123000507,115,166,-51
123000508,126,881,-755
123000517,164,22,142
123000518,16,105,-89
123000519,108,90,18
123000520,37,117,-80
123000521,367,121,246
123000522,137,206,-69
123000541,9,0,9
123000542,0,6,-6
123000565,681,48,633
123000566,300,164,136
123000567,588,127,461
123000573,29,365,-336
123000574,620,42,578
123000575,1231,676,555
123000576,679,688,-9
123000577,40,471,-431
123000578,217,101,116
123000579,732,5204,-4472
123000580,178,66,112
123000582,312,29,283
123000583,17,187,-170
123000584,132,290,-158
123000585,1,27,-26
123000586,42,1,41
123000596,42,63,-21
123000597,45,193,-148
123000602,52,3,49
123000603,895,298,597
123000604,549,231,318
123000605,581,8,573
123000606,0,337,-337
123000609,21,271,-250
123000610,106,68,38
123000613,45,134,-89
123000614,221,24,197
123000615,55,100,-45
123000616,571,47,524
123000617,74,112,-38
123000618,32,311,-279
123000619,319,32,287
123000620,25,187,-162
123000622,400,10,390
123000624,123,39,84
123000630,1542,358,1184
123000631,151,448,-297
123000632,592,575,17
123000633,1,205,-204
123000634,38,160,-122
123000635,45,76,-31
123000636,60,236,-176
123000637,183,31,152
123000638,393,10,383
123000639,492,3740,-3248
123000640,19,223,-204
123000648,397,89,308
123000649,63,341,-278
123000650,84,42,42
123000651,6,102,-96
123000652,113,6,107
123000653,16,65,-49
123000654,23,91,-68
123900001,754,27,727
123900002,10,972,-962
123900003,134,257,-123
123900005,177,123,54
123900006,273,32,241
124000001,1378,113,1265
124000002,13,790,-777
124000003,860,137,723
124000004,47,194,-147
124000005,1003,359,644
124000006,126,371,-245
124000007,365,77,288
124000008,24,314,-290
124000009,844,192,652
124000010,205,229,-24
124000011,732,205,527
124000012,197,200,-3
124000017,199,80,119
124000018,105,39,66
124000019,136,124,12
124000020,33,73,-40
124000021,83,100,-17
124000022,53,95,-42
124000023,526,161,365
124000024,856,296,560
124000025,591,410,181
124000026,580,243,337
124000027,948,556,392
124000028,1110,359,751
124000031,1232,2876,-1644
124000032,815,477,338
124000033,944,567,377
124000034,255,638,-383
124000035,388,195,193
124000036,166,324,-158
124000037,279,903,-624
124000038,29,63,-34
124000039,425,318,107
124000040,225,679,-454
124000041,339,93,246
124000042,118,287,-169
124000043,89,152,-63
124000044,62,80,-18
124000045,615,272,343
124000046,129,299,-170
124000047,1219,401,818
124000048,485,367,118
124000049,1531,398,1133
124000050,523,747,-224
124000051,990,328,662
124000052,493,466,27
124000053,515,1513,-998
124000054,593,353,240
124000055,1026,2728,-1702
124000056,895,690,205
124000057,1047,370,677
124000058,391,627,-236
124000059,746,1086,-340
124000060,593,450,143
124000061,1054,5331,-4277
124000062,2139,1001,1138
124000063,982,944,38
124000064,1451,801,650
124000065,101,463,-362
124000066,214,120,94
124000067,197,108,89
124000068,82,235,-153
124000069,580,119,461
124000070,184,278,-94
124000071,139,142,-3
124000072,182,278,-96
124000073,697,141,556
124000074,183,394,-211
124000075,301,11,290
124000076,20,67,-47
124000077,547,501,46
124000078,1596,1007,589
124000079,124,893,-769
124000080,503,157,346
124000081,150,315,-165
124000082,39,164,-125
124000083,29,81,-52
124000084,55,668,-613
124000085,71,44,27
124000086,27,95,-68
124000087,63,75,-12
124000088,71,260,-189
124000089,680,158,522
124000090,172,148,24
124000091,469,108,361
124000092,175,395,-220
124000093,101,124,-23
124000094,123,344,-221
124000095,97,67,30
124000096,117,163,-46
124000097,133,114,19
124000098,76,102,-26
124000099,215,104,111
124000100,34,158,-124
124000101,103,105,-2
124000102,113,33,80
124000103,139,115,24
124000104,104,53,51
124000105,146,96,50
124000106,126,40,86
124000107,19,223,-204
124000108,55,11,44
124000109,96,112,-16
124000110,109,60,49
124000111,224,91,133
124000112,654,381,273
124000113,77,85,-8
124000114,327,219,108
124000115,309,476,-167
124000116,78,157,-79
124000117,46,73,-27
124000118,25,59,-34
124000119,526,424,102
124000120,300,405,-105
124000121,1371,655,716
124000122,415,1000,-585
124000123,704,373,331
124000124,287,610,-323
124000125,366,315,51
124000126,188,358,-170
124000127,728,244,484
124000128,321,515,-194
124000129,1490,1171,319
124000130,505,421,84
124000131,684,469,215
124000132,558,532,26
124000133,862,581,281
124000134,595,456,139
124000135,1195,1301,-106
124000136,502,518,-16
124000137,639,525,114
124000138,581,724,-143
124000139,506,136,370
124000140,31,317,-286
124000141,869,53,816
124000142,36,273,-237
124000143,116,11,105
124000144,7,135,-128
124000145,119,46,73
124000146,29,44,-15
124000148,8,98,-90
124000149,868,354,514
124000150,238,434,-196
124000151,868,414,454
124000152,507,682,-175
124000153,865,956,-91
124000154,484,499,-15
124000155,1221,745,476
124000156,933,761,172
124000169,138,370,-232
124000170,383,328,55
124000171,173,159,14
124000172,182,335,-153
124000173,439,138,301
124000174,304,357,-53
124000175,6,33,-27
124000176,46,20,26
124000177,1,15,-14
124000178,42,44,-2
124000185,67,12,55
124000186,4,26,-22
124000187,2,48,-46
124000188,90,5,85
124000190,81,109,-28
124000191,122,344,-222
124000192,863,420,443
124000193,148,694,-546
124000194,264,274,-10
124000195,344,501,-157
124000196,678,521,157
124000197,35,26,9
124000198,40,54,-14
124000201,210,586,-376
124000202,531,169,362
124000203,538,209,329
124000204,943,175,768
124000205,136,178,-42
124000206,774,159,615
124000207,0,21,-21
124000209,147,96,51
124000210,735,133,602
124000211,877,10,867
124000212,1,191,-190
124000213,554,119,435
124000214,386,174,212
124000215,509,22,487
124000216,1,162,-161
124000329,94,591,-497
124000338,68,248,-180
124000339,993,83,910
124000341,1407,61,1346
124000344,72,34,38
124000357,1654,3007,-1353
124000358,1309,2502,-1193
124000359,1114,662,452
124000360,783,462,321
124000361,1226,708,518
124000362,686,830,-144
124000363,272,311,-39
124000364,465,475,-10
124000365,631,699,-68
124000366,1304,1137,167
124000367,68,177,-109
124000368,387,415,-28
124000369,70,79,-9
124000370,31,310,-279
124000402,19,20,-1
124000403,164,15,149
124000404,9,48,-39
124000405,633,557,76
124000406,424,451,-27
124000407,3,17,-14
124000411,8,112,-104
124000412,459,9,450
124000413,69,13,56
124000414,131,110,21
124000415,91,30,61
124000416,139,108,31
124000417,158,83,75
124000418,219,45,174
124000419,119,76,43
124000420,87,57,30
124000421,70,47,23
124000422,15,11,4
124000423,75,18,57
124000424,9,40,-31
124000425,109,4,105
124000426,1,76,-75
124000427,186,9,177
124000428,4,46,-42
124000429,78,19,59
124000430,595,220,375
124000431,685,277,408
124000432,200,468,-268
124000439,38,3,35
124000443,0,0,0
124000445,283,1683,-1400
124000446,670,220,450
124000447,19,112,-93
124000448,139,12,127
124000449,197,18,179
124000450,15,53,-38
124000451,6,34,-28
124000452,271,61,210
124000453,2054,2662,-608
124000454,1075,3545,-2470
124000457,2,49,-47
124000458,1,59,-58
124900001,742,359,383
124900002,142,128,14
124900003,952,382,570
124900004,739,242,497
124900005,168,49,119
124900006,907,232,675
124900008,748,383,365
124900009,102,319,-217
124900010,143,200,-57
124900011,470,245,225
124900012,348,98,250
124900013,510,203,307
124900014,254,39,215
124900015,105,282,-177
124900016,66,90,-24
124900017,416,1773,-1357
124900018,71,27,44
124900020,83,31,52
124900021,241,18,223
124900022,59,9,50
124900024,217,5,212
124900026,86,6,80
124900027,146,348,-202
124900028,177,57,120
124900029,22,383,-361
124900030,2,63,-61
124900031,21,137,-116
124900032,139,185,-46
124900033,76,128,-52
124900034,0,53,-53
124900035,99,213,-114
124900036,0,39,-39
124900037,155,108,47
124900038,123,172,-49
124900039,7,56,-49
124900040,110,123,-13
124900041,268,457,-189
124900042,113,4,109
124900043,469,427,42
124900044,75,3,72
124900045,283,829,-546
124900047,91,127,-36
124900048,201,79,122
124900050,160,111,49
124900052,87,227,-140
124900053,132,127,5
124900054,784,348,436
124900055,1,126,-125
124900057,9,88,-79
124900060,51,119,-68
124900061,110,7,103
124900062,189,18,171
124900066,0,6,-6
124900067,4,64,-60
124900068,123,466,-343
124900070,32,12,20
124900072,129,52,77
124900075,226,120,106
124900076,10,1188,-1178
124900077,28,43,-15
124900078,60,9,51
124900079,234,115,119
124900080,390,273,117
124900081,1067,283,784
124900082,318,382,-64
124900083,290,252,38
124900085,495,394,101
124900086,21,1002,-981
124900087,219,67,152
124900088,198,55,143
124900089,529,33,496
124900090,378,144,234
124900091,255,169,86
124900092,180,173,7
124900093,288,96,192
124900094,439,174,265
124900095,73,413,-340
124900096,286,123,163
124900097,308,34,274
124900098,98,160,-62
124900099,217,349,-132
124900100,290,36,254
124900101,81,222,-141
124900102,198,9,189
124900103,121,106,15
124900104,32,75,-43
124900105,70,63,7
124900106,257,13,244
124900107,99,20,79
124900108,112,75,37
124900111,0,128,-128
124900112,82,156,-74
124900113,48,174,-126
124900114,74,120,-46
124900115,18,30,-12
124900116,176,138,38
124900117,215,166,49
124900118,126,483,-357
124900119,285,134,151
124900120,46,190,-144
124900121,70,293,-223
124900122,189,132,57
124900123,159,115,44
124900124,70,302,-232
124900125,215,0,215
124900126,3,121,-118
204000001,180,8,172
204000002,35,8,27
204000003,15,4,11
204000004,6,2,4
204000005,599,410,189
204000006,1052,1049,3
204000011,8,17,-9
204000012,46,87,-41
204000019,852,304,548
204000020,705,783,-78
204000021,2282,785,1497
204000022,749,417,332
204000023,530,471,59
204000031,35,10,25
204000032,255,22,233
204000034,36,77,-41
204000035,1,2,-1
204000036,11,33,-22
204000037,3,38,-35
204000038,0,12,-12
204000039,8,6,2
204000040,0,9,-9
204000041,20,6,14
204000042,19,9,10
204000043,58,4,54
204000044,31,1,30
204000045,26,7,19
204000046,12,1,11
204000057,13,3,10
204000062,56,20,36
204000068,17,278,-261
204000069,64,352,-288
204000070,88,75,13
204000080,57,80,-23
204000085,1354,969,385
204000086,1803,1122,681
204000087,54,6,48
204000088,3,52,-49
204000090,124,137,-13
204000093,438,58,380
204000096,988,790,198
204000097,411,22,389
204000099,883,1355,-472
204000100,1288,1556,-268
204000105,1250,755,495
204000110,313,1108,-795
204000111,447,542,-95
204000112,653,1723,-1070
204000113,333,1028,-695
204000114,887,852,35
204000115,772,391,381
204000116,774,1508,-734
204000119,1835,1917,-82
204000132,644,333,311
204000133,695,139,556
204000134,151,38,113
204000135,560,65,495
204000136,470,153,317
204000138,376,452,-76
204000140,204,101,103
204000141,136,55,81
204000144,25,19,6
204000145,408,19,389
204000146,8,189,-181
204000147,13,165,-152
204000148,194,38,156
204000154,4,1,3
204000155,0,7,-7
204000177,78,36,42
204000179,46,7,39
204000180,0,40,-40
204000222,1,10,-9
204000235,28,8,20
204000236,25,146,-121
204000238,13,19,-6
204000240,296,58,238
204000263,514,633,-119
204000268,637,481,156
204000308,100,36,64
204000317,17,59,-42
204000322,12,33,-21
204000323,8,4,4
204000328,158,61,97
204000329,66,131,-65
204000330,132,62,70
204000331,190,143,47
205000001,691,932,-241
205000013,3,36,-33
205000014,18,54,-36
205000015,30,72,-42
205000016,22,84,-62
205000017,22,57,-35
205000022,281,489,-208
205000025,930,589,341
205000029,255,4,251
205000045,141,665,-524
205000046,165,642,-477
205000047,43,290,-247
205000048,339,445,-106
205000049,136,422,-286
205000050,707,222,485
205000059,0,130,-130
205000060,0,73,-73
205000061,3,171,-168
205000062,2,211,-209
205000063,45,169,-124
205000064,18,78,-60
205000065,46,413,-367
205000066,96,479,-383
205000067,34,556,-522
205000069,237,8,229
205000082,170,109,61
205000110,61,148,-87
205000111,168,140,28
205000112,146,129,17
205000113,130,227,-97
205000121,179,28,151
205000123,26,168,-142
205000126,378,79,299
205000127,899,97,802
205000128,395,48,347
205000129,769,44,725
205000130,102,15,87
205000131,27,6,21
205000132,65,3,62
205000133,30,1,29
205000134,245,1,244
205000137,75,92,-17
205000138,88,202,-114
205000139,33,71,-38
205000144,98,65,33
205000145,204,146,58
205000151,130,16,114
205000152,202,17,185
205000153,224,23,201
205000154,79,25,54
205000155,131,9,122
205000207,8,106,-98
205000233,18,0,18
205000234,0,1,-1
205000243,0,1,-1
205000244,0,1,-1
205000245,5,104,-99
205000249,0,6,-6
205000250,4,1,3
205000264,3,78,-75
206000027,6,3,3
206000028,8,4,4
206000043,6,39,-33
206000053,2,4,-2
206000054,2,18,-16
206000055,2,12,-10
206000075,8,17,-9
206000076,18,18,0
206000077,14,7,7
206000078,19,11,8
206000079,26,12,14
206000082,278,47,231
206000100,17,295,-278
206000103,12,6,6
206000104,15,21,-6
206000105,7,3,4
206000106,7,7,0
206000125,65,0,65
206000157,33,257,-224
206000170,0,100,-100
206000171,1,100,-99
206000172,12,124,-112
206000173,0,83,-83
206000174,16,32,-16
206000175,2,36,-34
206000176,8,44,-36
206000177,2,32,-30
206000178,2,147,-145
206000179,2,82,-80
206000180,0,51,-51
206000181,5,24,-19
206000182,4,40,-36
206000183,5,93,-88
206000184,4,106,-102
206000185,16,47,-31
206000186,66,267,-201
206000223,7,143,-136
206000226,5,3,2
206000227,20,1,19
206000237,36,106,-70
206000238,20,220,-200
206000239,161,917,-756
206000240,0,54,-54
206000241,0,42,-42
206000242,6,78,-72
206000243,3,50,-47
206000244,30,178,-148
206000245,1035,46,989
206000246,362,12,350
206000247,340,9,331
206000248,391,17,374
206000252,51,54,-3
206000258,16,35,-19
206000315,45,3,42
206000317,670,89,581
206000318,825,94,731
206000319,2004,65,1939
206000320,294,46,248
206000321,345,5,340
206000322,534,16,518
206000323,156,6,150
206000324,219,5,214
206000325,147,5,142
206000326,179,10,169
206000327,78,16,62
206000328,225,8,217
206000329,288,4,284
206000330,58,2,56
206000331,249,1,248
206000332,86,0,86
206000333,777,2,775
206000334,319,8,311
206000335,0,14,-14
206000361,4,96,-92
206000392,2,9,-7
206000405,165,0,165
206000441,49,13,36
206000498,36,2,34
206000515,69,35,34
206000530,469,53,416
206000531,247,287,-40
206000532,1519,387,1132
206000535,83,2081,-1998
206000536,15,98,-83
206000537,15,96,-81
206000613,1447,194,1253
206000784,413,24,389
207000001,110,445,-335
207000002,60,352,-292
207000003,123,100,23
207000007,1333,210,1123
207000008,153,4,149
207000009,75,30,45
207000010,287,204,83
207000012,430,134,296
207000015,196,516,-320
207000019,223,51,172
207000021,303,198,105
207000022,171,151,20
207000023,175,57,118
207000024,1,32,-31
207000025,12,63,-51
207000026,70,28,42
207000027,12,55,-43
207000028,74,98,-24
207000029,106,256,-150
207000033,215,436,-221
207000034,237,105,132
207000039,516,61,455
207000040,575,20,555
207000041,29,20,9
207000042,172,46,126
207000043,166,113,53
207000051,91,148,-57
207000052,4,88,-84
207000053,277,323,-46
207000054,46,55,-9
207000055,162,62,100
207000056,224,195,29
207000057,113,334,-221
207000058,178,217,-39
207000059,127,242,-115
207000060,60,158,-98
207000061,161,709,-548
207000062,510,40,470
207000063,554,59,495
207000064,387,67,320
207000065,329,141,188
207000066,300,136,164
207000067,44,49,-5
207000068,161,47,114
207000069,664,224,440
207000082,9,114,-105
207000083,109,162,-53
207000084,332,236,96
207000085,240,20,220
207000086,258,10,248
207000106,35,21,14
207000107,107,7,100
207000108,89,11,78
207000109,82,8,74
207000110,90,46,44
207000111,102,92,10
207000112,92,612,-520
207000114,20,28,-8
207000115,30,25,5
207000116,14,293,-279
207000117,19,93,-74
207000118,9,43,-34
207000119,31,50,-19
207000123,134,16,118
207000124,72,33,39
207000125,62,24,38
207000126,64,28,36
207000134,137,89,48
207000135,23,103,-80
207000148,91,231,-140
207000149,60,18,42
207000152,59,283,-224
207000153,298,779,-481
207000154,311,149,162
207000159,90,75,15
207000160,99,199,-100
207000238,0,135,-135
207000242,8,88,-80
207000248,31,15,16
207000249,94,21,73
207000250,285,62,223
207000251,112,61,51
207000252,36,30,6
207000278,118,78,40
207000279,24,69,-45
207000280,835,47,788
207000281,104,392,-288
207000282,54,161,-107
207000283,44,181,-137
207000284,26,421,-395
207000285,53,92,-39
207000291,19,58,-39
207000304,70,51,19
207000306,31,229,-198
207000310,91,72,19
207000353,171,1,170
207000356,5,38,-33
207000357,14,30,-16
207000358,1,11,-10
207000415,3,68,-65
207000417,30,4,26
207000418,104,129,-25
207000438,0,0,0
207000439,455,511,-56
207000446,180,5,175
207000460,48,9,39
207000466,60,85,-25
207000467,268,56,212
207000468,27,126,-99
207000476,12,37,-25
207000477,637,46,591
207000478,0,49,-49
207000523,0,3,-3
207000524,45,1,44
207000527,140,117,23
207000530,425,6,419
207000531,325,6,319
207000532,53,26,27
207000534,184,43,141
207000535,35,222,-187
207000537,19,65,-46
207000540,6,80,-74
207000541,3,177,-174
207000548,12,119,-107
207000549,287,16,271
207000561,138,166,-28
207000562,48,90,-42
207000567,118,160,-42
207000568,346,24,322
207000569,677,282,395
207000584,115,120,-5
207000585,27,196,-169
207000587,197,17,180
207000616,1,79,-78
207000617,147,0,147
207000624,72,20,52
207000631,24,45,-21
207900008,304,58,246
208000001,529,1015,-486
208000002,822,595,227
208000003,1044,401,643
208000004,820,676,144
208000005,4,13,-9
208000019,596,581,15
208000020,144,334,-190
208000021,247,187,60
208000022,886,326,560
208000028,886,1310,-424
208000033,547,363,184
208000034,974,942,32
208000037,236,11,225
208000040,112,51,61
208000041,662,397,265
208000042,582,436,146
208000047,161,153,8
208000064,1645,1214,431
208000066,1266,1913,-647
208000070,379,268,111
208000071,643,472,171
208000072,477,702,-225
208000080,260,306,-46
208000081,362,129,233
208000082,339,127,212
208000083,160,243,-83
208000084,4,13,-9
208000085,530,481,49
208000086,437,854,-417
208000087,363,679,-316
208000089,1013,270,743
208000090,966,385,581
208000093,148,153,-5
208000094,464,249,215
208000095,618,366,252
208000104,906,506,400
208000105,498,685,-187
208000114,102,296,-194
208000115,415,226,189
208000116,610,809,-199
208000117,126,176,-50
208000118,128,153,-25
208000155,535,1063,-528
208000158,1112,2739,-1627
208000186,1772,2979,-1207
208000204,606,764,-158
208000205,1148,605,543
208000282,2444,2177,267
209000004,401,247,154
209000005,38,44,-6
209000006,361,245,116
209000007,249,292,-43
209000010,269,110,159
209000011,96,200,-104
209000012,56,72,-16
209000013,188,130,58
209000014,335,404,-69
209000025,516,45,471
209000026,645,99,546
209000027,322,438,-116
209000028,265,361,-96
209000029,222,417,-195
209000030,283,735,-452
209000031,1471,866,605
209000034,197,254,-57
209000035,101,172,-71
209000036,235,114,121
209000037,326,176,150
209000038,132,137,-5
209000039,48,121,-73
209000040,193,361,-168
209000041,175,242,-67
209000042,218,244,-26
209000043,394,633,-239
209000044,208,583,-375
209000045,817,291,526
209000046,553,311,242
209000047,307,131,176
209000048,468,224,244
209000049,98,53,45
209000050,170,80,90
209000051,219,148,71
209000052,146,95,51
209000062,82,47,35
209000063,56,38,18
209000064,23,31,-8
209000065,93,17,76
209000066,115,11,104
209000067,147,24,123
209000080,28,171,-143
209000082,45,39,6
209000091,15,48,-33
209000093,36,15,21
209000094,68,116,-48
209000110,24,110,-86
209000111,560,1507,-947
209000112,1014,529,485
209000113,1439,613,826
209000114,856,496,360
209000115,87,84,3
209000116,333,161,172
209000118,18,36,-18
209000119,5,14,-9
209000121,53,316,-263
209000135,45,143,-98
209000142,549,1392,-843
209000143,43,24,19
209000144,24,101,-77
209000229,172,98,74
209000240,34,189,-155
209000259,54,48,6
209000260,41,483,-442
209000261,7,250,-243
209000262,0,173,-173
209000263,0,157,-157
209000264,0,206,-206
209000265,271,3,268
209000266,100,1,99
209000267,855,17,838
209000268,437,50,387
210000037,106,20,86
210000047,56,7,49
210000048,87,14,73
210000049,55,5,50
210000052,55,43,12
210000053,27,35,-8
210000054,32,52,-20
210000070,155,4,151
210000071,80,0,80
210000072,27,1,26
210000073,0,11,-11
210000074,0,81,-81
210000075,2,116,-114
210000076,4,134,-130
210000077,12,40,-28
210000078,54,53,1
210000079,31,12,19
210000080,34,78,-44
210000081,126,26,100
210000082,100,1,99
210000083,81,1,80
210000084,34,0,34
210000085,1,32,-31
210000086,0,50,-50
210000099,29,124,-95
210000100,54,99,-45
210000101,67,133,-66
210000105,23,142,-119
210000159,1,139,-138
210000163,81,167,-86
210000164,172,163,9
210000168,88,33,55
210000187,0,19,-19
210000188,0,12,-12
210000214,28,0,28
210000219,30,38,-8
210000220,88,25,63
210000232,0,16,-16
210000233,17,55,-38
210000234,29,67,-38
210000235,42,49,-7
210000245,0,19,-19
210000246,20,1,19
210000258,13,58,-45
210000259,218,42,176
210000282,47,149,-102
210000285,0,102,-102
210000286,20,79,-59
210000290,6,6,0
210000295,41,89,-48
210000296,35,23,12
210000320,180,32,148
210000321,68,10,58
210000338,44,47,-3
210000339,120,668,-548
210000340,80,229,-149
210000341,181,204,-23
210000342,141,145,-4
210000343,165,147,18
210000344,107,83,24
210000345,92,181,-89
210000346,39,88,-49
210000347,24,43,-19
210000348,102,44,58
210000349,42,22,20
210000350,125,53,72
210000351,148,46,102
210000352,48,36,12
210000353,19,30,-11
210000354,42,43,-1
210000355,40,54,-14
210000356,14,27,-13
210000357,35,32,3
210000358,151,149,2
210000359,67,97,-30
210000360,116,107,9
210000361,137,110,27
210000362,195,173,22
210000363,308,147,161
210000364,91,149,-58
210000365,159,71,88
210000366,114,40,74
210000367,71,16,55
210000368,108,27,81
210000369,21,22,-1
210000370,45,32,13
210000372,5,23,-18
210000373,14,23,-9
210000374,44,27,17
210000375,29,26,3
210000376,44,66,-22
210000404,27,103,-76
210000439,13,17,-4
210000472,71,1,70
210000482,42,96,-54
210000564,118,160,-42
210000567,10,45,-35
210000568,169,0,169
211000092,25,23,2
211000094,25,3,22
211000169,210,14,196
211000172,20,138,-118
211000209,0,15,-15
211000226,7,49,-42
211000270,31,14,17
211000275,30,16,14
211000276,67,13,54
211000279,22,25,-3
211000281,61,30,31
211000302,33,26,7
211507980,2,70,-68
211977296,27,9,18
212000003,120,17,103
212000004,15,54,-39
212000005,14,56,-42
212000006,30,35,-5
212000008,108,70,38
212000009,28,75,-47
212000012,75,43,32
212000013,30,37,-7
212000014,196,119,77
212000015,316,157,159
212000016,375,337,38
212000027,476,196,280
212000028,269,284,-15
212000029,188,156,32
212000030,39,13,26
212000031,67,10,57
212000048,19,167,-148
212000049,20,167,-147
212000050,12,18,-6
212000051,217,99,118
212000052,195,120,75
212000053,287,258,29
212000054,314,56,258
212000055,269,97,172
212000056,5,18,-13
212000057,3,14,-11
212000058,106,34,72
212000070,109,98,11
212000077,124,289,-165
212000099,270,142,128
212000108,147,80,67
212000111,226,61,165
212000120,74,44,30
212000138,152,8,144
212000156,5,72,-67
212000158,20,10,10
212000159,389,27,362
212000160,594,137,457
212000161,77,4,73
212000310,25,7,18
212000311,18,29,-11
212000374,27,12,15
213000001,39,231,-192
213000005,307,86,221
213000006,590,255,335
213000007,45,11,34
213000009,335,334,1
213000010,164,171,-7
213000011,163,62,101
213000014,56,6,50
213000015,203,2,201
213000016,291,0,291
213000017,107,0,107
213000018,2,50,-48
213000019,2,69,-67
213000020,98,201,-103
213000021,1,82,-81
213000023,324,217,107
213000033,250,1242,-992
213000034,289,135,154
213000035,149,180,-31
213000045,179,226,-47
213000046,137,128,9
213000047,439,908,-469
213000056,75,16,59
213000069,84,7,77
213000073,0,35,-35
213000074,57,184,-127
213000075,414,3,411
213000076,22,0,22
213000085,5,23,-18
213000086,15,112,-97
213000091,229,11,218
213000092,54,6,48
213000099,133,980,-847
213000100,745,248,497
213000101,510,55,455
213000102,547,127,420
213000103,595,502,93
213000104,52,242,-190
213000105,51,423,-372
213000106,38,495,-457
213000107,116,189,-73
213000108,16,64,-48
213000109,27,163,-136
213000110,25,149,-124
213000111,20,86,-66
213000112,36,27,9
213000115,38,3,35
213000116,27,310,-283
213000117,1,365,-364
213000118,442,198,244
213000119,27,174,-147
213000120,75,117,-42
213000122,112,248,-136
213000123,259,448,-189
213000124,130,623,-493
213000125,163,18,145
213000126,21,83,-62
213000127,62,177,-115
213000128,194,791,-597
213000129,165,668,-503
213000130,878,327,551
213000132,532,103,429
213000133,797,73,724
213000134,934,10,924
213000136,421,18,403
213000137,593,67,526
213000139,226,16,210
213000147,34,17,17
213000148,12,16,-4
213000149,48,17,31
213000150,0,215,-215
213000151,6,145,-139
213000152,2,112,-110
213000153,0,114,-114
213000154,29,168,-139
213000155,17,77,-60
213000156,121,283,-162
213000157,606,301,305
213000158,233,663,-430
213000159,327,305,22
213000163,1019,112,907
213000165,750,308,442
213000171,76,78,-2
213000172,80,131,-51
213000173,17,87,-70
213000174,3,45,-42
213000175,40,17,23
213000176,14,119,-105
213000177,22,10,12
213000178,113,8,105
213000179,217,42,175
213000180,233,63,170
213000184,34,89,-55
213000188,357,77,280
213000189,414,34,380
213000190,612,427,185
213000191,454,248,206
213000192,305,180,125
213000193,511,319,192
213000194,0,88,-88
213000195,8,294,-286
213000196,199,1015,-816
213000197,435,472,-37
213000198,28,0,28
213000200,176,607,-431
213000201,60,56,4
213000202,8,465,-457
213000203,1717,436,1281
213000204,654,59,595
213000205,262,54,208
213000206,407,25,382
213000207,67,5,62
213000208,36,0,36
213000209,118,4,114
213000210,246,2,244
213000211,5,11,-6
213000212,10,22,-12
213000213,18,43,-25
213000218,189,289,-100
213000219,519,16,503
213000220,472,5,467
213000223,163,207,-44
213000224,38,55,-17
213000225,107,24,83
213000226,90,23,67
213000227,820,181,639
213000228,483,73,410
213000229,47,38,9
213000230,590,28,562
213000232,65,724,-659
213000233,11,180,-169
213000234,4,66,-62
213000293,42,43,-1
213000294,123,35,88
213000295,34,77,-43
213000296,35,18,17
213000297,8,73,-65
213000298,18,62,-44
213000299,59,24,35
213000300,7,8,-1
213000303,3,39,-36
213000304,4,15,-11
213000305,1,33,-32
213000306,34,49,-15
213000307,62,81,-19
213000308,81,117,-36
213000309,180,59,121
213000310,427,208,219
213000311,254,763,-509
213000315,69,83,-14
213000316,113,40,73
213000322,42,39,3
213000323,34,31,3
213000340,138,383,-245
213000341,653,62,591
213000346,172,233,-61
213000347,318,364,-46
213000348,5,159,-154
213000349,9,7,2
213000350,455,753,-298
213000366,90,129,-39
213000367,345,16,329
213000379,25,96,-71
213000386,47,202,-155
213000406,140,236,-96
213000417,1095,398,697
213000425,239,28,211
213000426,171,29,142
213000427,65,68,-3
213000428,30,95,-65
213000429,3,5,-2
213000430,84,223,-139
213000431,27,2,25
213000432,0,25,-25
213000433,16,84,-68
213000434,139,61,78
213000435,123,70,53
213000439,33,11,22
213000441,0,1,-1
213000443,327,195,132
213000445,0,53,-53
213000446,0,21,-21
213000447,3,50,-47
213000448,7,144,-137
213000449,442,4,438
213000450,19,37,-18
213000451,285,38,247
213000452,11,13,-2
213000453,20,152,-132
213000455,109,5,104
213000456,0,173,-173
213000481,2,7,-5
213000482,31,0,31
213000489,131,63,68
213000491,8,209,-201
213000492,117,1,116
213000493,0,111,-111
213000494,203,71,132
213000495,0,22,-22
213000496,301,92,209
213000497,131,203,-72
213000498,64,115,-51
213000499,116,158,-42
213000500,381,29,352
213000501,142,16,126
213000502,173,92,81
213000504,85,63,22
213000505,37,41,-4
213000506,0,5,-5
213000507,13,321,-308
213900244,57,0,57
213900245,0,14,-14
218000003,13,21,-8
218000004,22,32,-10
218000005,29,39,-10
218000006,46,20,26
218000007,23,11,12
218000012,94,109,-15
218000013,113,122,-9
218000014,293,311,-18
218000019,394,368,26
218000020,186,239,-53
218000040,1,2,-1
218000046,57,58,-1
218000047,13,53,-40
218000048,40,54,-14
218000049,60,62,-2
218000050,263,138,125
218000051,63,91,-28
218000052,3,35,-32
218000053,1,11,-10
218000054,4,32,-28
218000055,2,10,-8
218000056,9,27,-18
218000057,3,17,-14
218000064,1,5,-4
218000065,73,23,50
218000066,12,44,-32
218000067,79,45,34
218000068,99,70,29
218000069,271,65,206
218000070,186,145,41
218000071,160,166,-6
218000072,164,180,-16
218000078,976,380,596
218000079,179,55,124
218000080,138,42,96
218000081,470,87,383
218000082,85,72,13
218000083,57,46,11
218000084,121,70,51
218000085,125,154,-29
218000086,67,75,-8
218000087,287,78,209
218000090,8,94,-86
218000091,980,442,538
218000092,125,91,34
218000093,58,42,16
218000094,370,478,-108
218000099,232,446,-214
218000100,302,180,122
218000101,272,176,96
218000102,456,139,317
218000103,81,63,18
218000104,86,27,59
218000105,14,24,-10
218000106,14,9,5
218000107,31,14,17
218000108,4,17,-13
218000112,72,24,48
218000117,59,47,12
218000134,442,263,179
218000135,31,82,-51
218000136,154,71,83
218000137,144,129,15
218000138,30,72,-42
218000139,160,171,-11
218000140,457,178,279
218000141,86,26,60
218000142,174,112,62
218000143,48,285,-237
218000144,26,91,-65
218000145,400,197,203
218000146,79,138,-59
218000151,6,15,-9
218000152,96,30,66
218000170,3,9,-6
218000171,46,5,41
218000172,10,6,4
218000173,15,12,3
218000174,26,6,20
218000176,252,52,200
218000177,362,118,244
218000178,82,115,-33
218000179,159,44,115
218000180,120,29,91
218000181,288,28,260
218000187,11,53,-42
218000188,18,75,-57
218000189,27,86,-59
218000190,0,9,-9
218000191,170,36,134
218000192,228,127,101
218000193,415,223,192
218000194,97,180,-83
218000195,91,43,48
218000196,351,156,195
218000197,383,187,196
218000198,47,72,-25
218000199,38,19,19
218000200,55,25,30
218000201,24,16,8
218000202,90,329,-239
218000207,2,11,-9
218000208,30,43,-13
218000211,20,29,-9
218000213,80,51,29
218000214,4,15,-11
218000215,37,19,18
218000217,2,26,-24
218000218,116,28,88
218000219,4,12,-8
218000220,38,232,-194
218000221,373,192,181
218000222,0,32,-32
218000223,28,246,-218
218000224,9,78,-69
218000225,248,27,221
218000226,214,57,157
218000232,33,28,5
218000239,108,13,95
218000240,15,0,15
218000241,21,0,21
218000242,10,1,9
218000243,22,3,19
218000244,22,6,16
218000245,49,2,47
218000246,1,0,1
218000247,0,0,0
218000248,0,28,-28
218000249,0,4,-4
218000250,3,12,-9
218000251,4,100,-96
218000252,1,686,-685
218000253,7,231,-224
218000254,0,84,-84
218000255,4,52,-48
218000256,11,100,-89
218000267,354,822,-468
218000268,6,24,-18
218000269,4,10,-6
218000270,114,18,96
218000271,7,22,-15
218000273,41,0,41
218000274,18,3,15
218000275,40,34,6
218000276,13,23,-10
218000278,9,35,-26
218000279,118,26,92
218000280,0,27,-27
218000281,11,11,0
218000282,410,573,-163
218000284,40,5,35
218000301,83,124,-41
218000302,60,33,27
218000303,15,83,-68
218000316,697,470,227
218000317,1343,460,883
218000318,951,395,556
218000319,1094,474,620
218000320,806,317,489
218000338,34,37,-3
218000345,47,63,-16
218000346,69,115,-46
218000459,18,76,-58
218000490,25,59,-34
218000501,91,22,69
218000502,48,19,29
218000503,113,15,98
218000504,126,15,111
218000505,23,84,-61
218000506,29,191,-162
218000508,3,5,-2
218000510,99,16,83
218000520,98,77,21
218000521,14,36,-22
218000522,1,132,-131
218000523,156,3,153
218000524,6,6,0
218000525,107,23,84
218000526,12,138,-126
218000529,37,95,-58
218000531,16,9,7
218000532,31,11,20
218000534,173,21,152
218000537,22,68,-46
218000538,91,361,-270
218000540,90,108,-18
218000543,145,65,80
218000544,20,53,-33
218000545,106,84,22
218000546,47,56,-9
218000547,93,155,-62
218000548,77,90,-13
218000549,572,311,261
218000550,175,204,-29
218000551,103,479,-376
218000552,238,63,175
218000553,31,109,-78
218000554,24,60,-36
218000555,20,84,-64
218000556,253,95,158
218000557,329,170,159
218000558,34,0,34
218000559,0,9,-9
218000560,0,24,-24
218000561,18,0,18
218000562,9,117,-108
218000563,147,40,107
218000564,10,227,-217
218000565,107,19,88
218000566,50,29,21
218000568,8,5,3
218000569,7,162,-155
218000570,38,9,29
218000571,1,125,-124
218000572,146,3,143
218000573,20,199,-179
218000574,35,21,14
218000575,108,2,106
218000576,0,41,-41
218000577,89,1,88
218000578,0,76,-76
218000579,41,18,23
218000581,2,83,-81
218000582,29,9,20
218000583,11,1,10
218000584,0,47,-47
218000585,70,2,68
218000586,8,31,-23
218000587,0,3,-3
218000588,0,4,-4
218000589,1,5,-4
218000590,3,4,-1
218000591,0,13,-13
218000592,6,13,-7
218000593,4,5,-1
218000594,2,12,-10
218000597,1,4,-3
218000598,0,0,0
218000599,0,0,0
218000600,1,1,0
218000601,0,0,0
218000602,0,3,-3
218000603,0,9,-9
218000604,9,0,9
218000605,0,62,-62
218000606,125,0,125
218000607,8,28,-20
218000608,39,27,12
218000609,6,36,-30
218000610,54,13,41
218000611,22,0,22
218000612,0,30,-30
218000613,70,0,70
218000614,1,25,-24
218000615,158,2,156
218000616,3,84,-81
218000617,13,1,12
218000618,1,25,-24
218000619,24,8,16
218000620,4,11,-7
218000621,0,1,-1
218000622,0,33,-33
218000623,37,0,37
218000624,0,26,-26
218000625,2,3,-1
218000626,0,27,-27
218000628,185,49,136
218000631,44,12,32
218000632,3,266,-263
218000633,94,0,94
218000634,7,24,-17
218000635,7,11,-4
218000636,716,515,201
218000637,1003,215,788
218000638,208,9,199
218000639,11,45,-34
218000640,301,25,276
218000641,66,102,-36
218000652,23,18,5
218000653,202,84,118
218000663,11,137,-126
218000675,41,53,-12
218000680,173,240,-67
218000681,372,104,268
218000691,276,97,179
218000693,390,115,275
218000718,46,425,-379
218000719,135,297,-162
218000720,12,459,-447
218000721,64,30,34
218001147,3,71,-68
218001214,20,89,-69
218001258,272,15,257
218001329,153,100,53
218001330,95,60,35
218001351,18,19,-1
218001352,20,21,-1
218001353,6,9,-3
218001354,19,28,-9
218001355,26,96,-70
218001356,394,43,351
218001357,28,69,-41
218001358,266,28,238
218001361,451,10,441
218001362,0,83,-83
219000001,27,34,-7
219000002,24,45,-21
219000003,58,43,15
219000004,33,47,-14
219000017,60,64,-4
219000020,132,17,115
219000022,98,1,97
219000023,36,0,36
219000029,0,44,-44
219000034,41,18,23
219000039,80,158,-78
219000040,32,104,-72
219000041,100,23,77
219000051,0,37,-37
219000052,0,30,-30
219000053,0,68,-68
219000055,263,0,263
219000056,6,0,6
219000057,45,0,45
219000062,23,55,-32
219000063,75,8,67
219000064,1,48,-47
219000110,279,84,195
219000111,66,33,33
219000112,207,53,154
219000113,144,36,108
219000114,118,50,68
219000116,138,44,94
219000117,110,62,48
219000118,105,44,61
219000123,153,67,86
219000124,61,40,21
219000125,19,11,8
219000126,42,120,-78
219000127,0,7,-7
219000128,7,104,-97
219000129,10,145,-135
219000130,224,491,-267
219000131,572,769,-197
219000133,37,69,-32
219000134,16,44,-28
219000135,22,66,-44
219000136,75,168,-93
219000138,56,14,42
219000139,46,27,19
219000140,41,0,41
219000141,26,67,-41
219000142,7,62,-55
219000143,10,29,-19
219000145,22,37,-15
219000146,1,21,-20
219000147,5,15,-10
219000148,0,13,-13
219000149,4,22,-18
219000150,4,18,-14
219000151,0,26,-26
219000157,215,90,125
219000158,156,168,-12
219000161,148,10,138
219000163,715,377,338
219000166,93,146,-53
219000167,116,134,-18
219000168,191,86,105
219000174,417,95,322
219000175,88,3,85
219000176,122,1,121
219000177,54,5,49
219000178,54,1,53
219000179,28,5,23
219000180,34,13,21
219000182,173,17,156
219000183,72,26,46
219000184,97,13,84
219000185,1,20,-19
219000186,72,14,58
219000187,18,54,-36
219000189,36,154,-118
219000190,57,187,-130
219000191,250,1291,-1041
219000192,163,143,20
219000193,170,103,67
219000195,2,45,-43
219000196,8,75,-67
219000198,12,61,-49
219000199,32,84,-52
219000200,39,67,-28
219000201,59,97,-38
219000203,19,89,-70
219000204,49,245,-196
219000205,33,150,-117
219000207,86,238,-152
219000209,26,27,-1
219000210,21,68,-47
219000213,12,84,-72
219000239,138,148,-10
219000240,187,279,-92
219000241,137,119,18
219000242,27,83,-56
219000243,48,153,-105
219000244,9,35,-26
219000245,33,37,-4
219000246,29,25,4
219000247,180,36,144
219000248,343,352,-9
219000249,122,92,30
219000250,107,78,29
219000251,389,228,161
219000252,216,129,87
219000253,397,92,305
219000255,153,86,67
219000256,202,59,143
219000257,105,0,105
219000262,62,70,-8
219000263,63,80,-17
219000267,2,40,-38
219000268,2,5,-3
219000269,2,11,-9
219000270,18,1,17
219000271,176,3,173
219000278,0,6,-6
219000279,0,2,-2
219000283,0,11,-11
219000295,4,53,-49
219000296,43,218,-175
219000297,31,42,-11
219000298,18,64,-46
219000299,325,44,281
219000300,23,66,-43
219000301,119,254,-135
219000302,36,196,-160
219000307,19,21,-2
219000308,53,33,20
219000311,212,80,132
219000312,393,157,236
219000313,375,59,316
219000314,55,172,-117
219000315,282,25,257
219000316,513,34,479
219000317,110,16,94
219000320,2,73,-71
219000321,0,29,-29
219000323,3,39,-36
219000325,2,7,-5
219000326,41,62,-21
219000327,42,14,28
219000328,25,41,-16
219000329,225,97,128
219000330,17,29,-12
219000331,35,29,6
219000332,116,63,53
219000333,32,6,26
219000335,56,2,54
219000337,32,0,32
219000338,41,0,41
219000344,7,40,-33
219000345,24,65,-41
219000346,53,47,6
219000348,139,32,107
219000349,97,68,29
219000350,81,371,-290
219000351,2,7,-5
219000352,335,67,268
219000353,101,42,59
219000354,218,74,144
219000355,128,72,56
219000356,359,1378,-1019
219000363,117,98,19
219000364,109,48,61
219000365,99,30,69
219000366,170,335,-165
219000368,268,443,-175
219000370,622,553,69
219000371,4,32,-28
219000382,5,13,-8
219000383,308,1022,-714
219000385,290,502,-212
219000386,518,1416,-898
219000387,5,17,-12
219000390,3,3,0
219000391,8,0,8
219000397,36,34,2
219000398,37,35,2
219000401,8,61,-53
219000402,28,37,-9
219000403,93,255,-162
219000404,20,105,-85
219000407,5,18,-13
219000409,74,43,31
219000410,124,32,92
219000411,74,15,59
219000446,52,261,-209
219000447,2,21,-19
219000448,16,30,-14
219000452,74,97,-23
219000453,42,178,-136
219000454,119,302,-183
219000556,242,87,155
219000558,80,111,-31
219000590,16,105,-89
219000591,113,32,81
219000592,54,204,-150
219000595,2,9,-7
219000635,131,21,110
219000636,23,37,-14
219000657,13,16,-3
219000658,22,103,-81
219000673,0,44,-44
219000676,9,9,0
219000679,21,9,12
219000684,82,1,81
219000685,0,21,-21
219000686,0,5,-5
219000688,1,29,-28
219000689,16,131,-115
219000690,146,15,131
219000691,23,102,-79
219000692,87,26,61
219000693,0,13,-13
219000694,5,0,5
219000695,26,3,23
219000698,11,0,11
219000699,0,13,-13
219000727,2,58,-56
219000728,111,2,109
219000770,20,2,18
219000771,0,21,-21
219000788,268,273,-5
219001150,0,28,-28
219001151,3,4,-1
219001166,19,37,-18
219001167,1,34,-33
219001178,50,0,50
220000001,22,80,-58
220000002,7,119,-112
220000003,194,106,88
220000004,201,201,0
220000005,498,890,-392
220000006,216,569,-353
220000007,367,208,159
220000008,286,358,-72
220000009,314,294,20
220000010,107,60,47
220000011,350,2686,-2336
220000012,36,181,-145
220000014,126,30,96
220000015,87,396,-309
220000017,18,176,-158
220000018,4064,1240,2824
220000019,68,423,-355
220000020,324,137,187
220000021,698,127,571
220000022,844,224,620
220000023,397,141,256
220000024,1113,378,735
220000025,569,1201,-632
220000026,208,420,-212
220000027,27,86,-59
220000028,29,61,-32
220000029,386,204,182
220000030,56,84,-28
220000031,565,294,271
220000064,18,995,-977
221000046,6,3,3
221000047,0,0,0
221000048,0,2,-2
221000049,0,13,-13
221000050,14,0,14
221000055,25,39,-14
221000068,179,143,36
221000069,251,73,178
221000070,151,27,124
221000071,76,4,72
221000072,196,8,188
221000073,107,28,79
221000074,0,21,-21
221000075,8,33,-25
221000076,14,24,-10
221000077,18,90,-72
221000081,56,5,51
221000082,74,2,72
221000083,6,5,1
221000084,9,6,3
221000085,18,29,-11
221000086,16,78,-62
221000087,5,82,-77
221000088,13,80,-67
221000089,15,127,-112
221000090,57,371,-314
221000098,120,18,102
221000099,186,27,159
221000100,105,10,95
221000101,270,27,243
221000103,8,18,-10
221000104,9,23,-14
221000107,70,5,65
221000108,54,25,29
221000111,14,107,-93
221000112,21,82,-61
221000113,20,99,-79
221000114,10,61,-51
221000120,20,17,3
221000121,6,56,-50
221000122,22,14,8
221000123,11,5,6
221000124,30,99,-69
221000155,97,15,82
221000156,77,51,26
221000175,1,14,-13
221000176,1,2,-1
221000182,65,2,63
221000241,434,243,191
221000242,89,295,-206
221000243,495,186,309
221000244,254,368,-114
221000245,95,64,31
221000246,38,249,-211
221000247,132,75,57
221000248,123,96,27
221000267,24,394,-370
221000325,26,46,-20
221000331,11,34,-23
221000338,28,25,3
221000378,192,24,168
221000381,33,59,-26
222000282,19,5,14
222000296,2,15,-13
222000568,278,14,264
222000569,176,45,131
222000570,119,40,79
222000571,385,13,372
222000577,5,56,-51
222000578,19,75,-56
222000579,30,63,-33
222000580,39,406,-367
222000599,0,98,-98
222000600,5,125,-120
222000601,6,443,-437
222000603,8,32,-24
222000604,1,41,-40
222000605,15,48,-33
222000606,0,16,-16
222000607,6,5,1
222000608,18,38,-20
222000609,20,65,-45
222000616,442,21,421
222000617,12,16,-4
222000618,4,7,-3
222000620,7,8,-1
222000621,26,11,15
222000623,537,4,533
222000624,409,6,403
222000625,574,18,556
222000636,49,4,45
222000686,17,15,2
222000687,36,19,17
222001066,256,5,251
222001067,17,3,14
222001068,50,4,46
222001069,42,9,33
222001082,16,15,1
222001083,17,11,6
222001084,0,34,-34
222001085,0,68,-68
222001111,24,43,-19
222001112,167,16,151
222001313,12,5,7
222001314,4,71,-67
222001464,299,40,259
222001465,14,74,-60
222001484,158,21,137
222001485,18,33,-15
222001494,692,122,570
222001495,76,114,-38
222001496,441,82,359
222001497,73,207,-134
222001503,120,32,88
222001504,25,149,-124
222001505,324,7,317
222001506,53,220,-167
222001507,226,11,215
222001510,500,12,488
222001514,581,111,470
222001518,430,38,392
222001519,69,130,-61
222001527,206,41,165
222001529,368,32,336
222001530,75,111,-36
222001533,145,168,-23
222001534,370,51,319
222001535,275,243,32
222001536,50,94,-44
222001537,288,29,259
222001538,143,402,-259
222001563,860,73,787
222001564,83,143,-60
222001568,237,234,3
222001576,0,2,-2
222001579,0,10,-10
222001583,12,53,-41
222001584,92,14,78
222001596,446,1163,-717
222001597,1138,332,806
222001626,0,90,-90
222001650,27,141,-114
222001651,23,389,-366
222001914,212,28,184
222001915,52,283,-231
222001968,536,204,332
222001969,264,328,-64
222001970,148,283,-135
222001971,15,7,8
222001972,4,4,0
225000001,349,128,221
225000002,555,136,419
225000003,589,70,519
225000004,313,119,194
225000005,99,38,61
225000006,1,129,-128
225000007,779,965,-186
225000010,189,11,178
225000011,197,926,-729
225000012,204,490,-286
225000013,52,77,-25
225000014,503,92,411
225000015,56,78,-22
225000021,581,101,480
225000027,112,252,-140
225000032,597,78,519
225000042,60,335,-275
225000049,53,48,5
225000050,86,7,79
225000053,6,163,-157
225000058,614,156,458
225000067,144,78,66
225000068,53,142,-89
225000069,52,259,-207
225000070,73,173,-100
225000071,23,54,-31
225000075,15,402,-387
225000076,32,94,-62
225000078,75,46,29
225000085,109,103,6
225000086,191,45,146
225000087,136,16,120
225000088,8,104,-96
225000089,92,804,-712
225000090,46,363,-317
225000091,143,86,57
225000092,26,35,-9
225000093,146,129,17
225000094,8,117,-109
225000095,171,188,-17
225000096,162,272,-110
225000098,610,246,364
225000099,309,136,173
225000100,348,109,239
225000104,89,247,-158
225000110,7,189,-182
225000111,151,462,-311
225000112,179,618,-439
225000113,143,493,-350
225000114,75,189,-114
225000115,750,400,350
225000116,558,166,392
225000117,616,188,428
225000118,870,176,694
225000119,248,69,179
225000120,573,29,544
225000121,144,13,131
225000123,439,13,426
225000125,430,105,325
225000126,621,136,485
225000127,399,1043,-644
225000128,410,720,-310
225000132,470,33,437
225000133,273,34,239
225000134,567,150,417
225000135,32,12,20
225000136,325,6,319
225000137,279,26,253
225000138,426,52,374
225000143,33,164,-131
225000144,3,211,-208
225000145,29,9,20
225000146,32,43,-11
225000147,31,81,-50
225000148,1,78,-77
225000149,22,167,-145
225000151,30,90,-60
225000155,321,223,98
225000156,136,573,-437
225000157,293,239,54
225000158,49,118,-69
225000171,1,87,-86
225000180,20,1,19
225000181,0,60,-60
225000182,55,7,48
225000185,11,265,-254
225000187,31,205,-174
225000191,42,0,42
225000194,0,13,-13
225000208,0,40,-40
225000209,99,3,96
225000210,2,166,-164
225000217,0,12,-12
225000218,16,3,13
225000223,0,63,-63
225000224,30,0,30
225000225,0,13,-13
225000226,12,2,10
225000227,22,46,-24
225000228,6,3,3
225000229,0,39,-39
225000230,9,0,9
225000231,0,38,-38
225000232,123,0,123
225000241,93,34,59
225000242,1,25,-24
225000249,12,0,12
225000250,44,302,-258
225000251,355,30,325
226000042,63,137,-74
226000043,65,202,-137
226000044,61,214,-153
226000045,64,232,-168
226000046,452,101,351
226000047,390,130,260
226000048,411,141,270
226000049,282,163,119
226000070,0,9,-9
226000071,0,20,-20
226000072,1,16,-15
226000073,0,12,-12
226000074,0,8,-8
226000084,2,9,-7
226000085,1,7,-6
226000086,0,6,-6
226000087,1,12,-11
226000088,5,12,-7
226000090,300,102,198
226000091,11,37,-26
226000092,4,13,-9
226000093,11,0,11
226000094,6,2,4
226000095,14,4,10
226000105,4,14,-10
226000106,5,0,5
226000107,2,0,2
226000108,10,10,0
226000109,110,1,109
226000124,99,62,37
226000134,828,507,321
226000135,1341,490,851
226000136,504,411,93
226000137,5,76,-71
226000138,18,125,-107
226000139,5,59,-54
226000156,244,4,240
226000157,185,6,179
226000163,209,142,67
226000202,9,222,-213
226000231,567,5,562
226000232,32,5,27
227000033,341,58,283
227000036,43,1,42
227000037,457,21,436
227000038,153,29,124
227000049,1,49,-48
227000050,1,52,-51
227000055,63,0,63
227000056,29,0,29
227000084,1,76,-75
227000085,0,57,-57
227000088,19,7,12
227000089,68,2,66
227000090,22,2,20
227000091,33,0,33
227000093,72,0,72
227000094,7,0,7
227000130,32,167,-135
227000131,17,115,-98
227000132,9,86,-77
227000133,5,104,-99
227000134,40,156,-116
227000152,0,16,-16
227000153,0,88,-88
227000155,4,18,-14
227000156,0,17,-17
227000165,7,159,-152
227000196,263,104,159
227000199,359,105,254
227000230,7,111,-104
227000232,381,31,350
227000241,383,19,364
227000242,48,324,-276
227000243,348,39,309
227000245,21,166,-145
227000246,85,246,-161
227000247,428,49,379
227000248,143,37,106
227000249,29,164,-135
227000250,292,223,69
227000251,114,267,-153
227000252,27,130,-103
227000253,209,23,186
227000262,443,34,409
227000266,1063,21,1042
227000267,13,430,-417
227000282,0,11,-11
227000284,137,9,128
227000286,0,3,-3
227000287,3,13,-10
227000291,0,48,-48
227000484,59,10,49
227000485,2,87,-85
227000655,274,3,271
227000656,108,13,95
227000657,91,4,87
227000661,64,26,38
227000680,67,43,24
229000265,11,17,-6
229000296,0,20,-20
229000297,3,24,-21
229000298,5,74,-69
229000320,4,9,-5
229000321,12,1,11
229000412,9,40,-31
229000414,7,38,-31
229000415,6,2,4
229000416,4,6,-2
229000417,2,9,-7
229000419,53,196,-143
229000440,202,50,152
229000442,18,2,16
229000443,10,2,8
229000444,1,38,-37
229000445,61,10,51
229000446,51,14,37
229000847,42,0,42
229000848,16,1,15
229000849,81,2,79
229000851,60,0,60
229000854,0,0,0
229000856,1,22,-21
229000857,0,28,-28
229000858,0,17,-17
229000919,2,54,-52
229000930,5,156,-151
229000937,78,8,70
229000966,52,39,13
229000981,22,12,10
229000985,7,11,-4
229000986,0,3,-3
229000987,0,0,0
229000988,8,2,6
229000989,10,5,5
229000990,0,2,-2
229000991,0,0,0
229000992,6,0,6
229000993,92,6,86
229000998,9,37,-28
229000999,61,5,56
229001034,0,6,-6
229001035,9,1,8
229001037,40,0,40
229001042,9,11,-2
229001047,6,21,-15
229001050,38,22,16
229001200,16,4,12
229001338,0,23,-23
229001394,260,2,258
229001422,90,21,69
229001423,11,59,-48
229001431,35,25,10
229001432,22,21,1
229001444,167,23,144
229001445,39,77,-38
229001503,240,66,174
229001504,87,52,35
229001505,149,54,95
229001506,67,58,9
229001509,20,6,14
229001545,98,0,98
229001546,8,62,-54
229001553,62,9,53
229001554,19,46,-27
229001559,1,4,-3
229001560,6,15,-9
229001630,32,3,29
229001631,10,12,-2
229001635,2,4,-2
229001636,1,1,0
229001658,0,48,-48
229001659,59,2,57
229001660,7,5,2
229001661,3,25,-22
229001662,19,5,14
229001663,0,20,-20
229002584,141,101,40
229002831,71,73,-2
229002841,8,5,3
229002842,15,14,1
229002843,46,31,15
229002844,20,38,-18
229002845,7,89,-82
229002846,10,24,-14
229002847,1,9,-8
229002848,4,9,-5
229002849,3,61,-58
229002850,24,1,23
229002851,20,97,-77
229002852,81,7,74
229002853,86,10,76
229002854,34,40,-6
229002855,9,15,-6
229002856,22,10,12
229002857,6,70,-64
229002858,9,10,-1
229002859,18,37,-19
229002860,59,8,51
229002861,22,27,-5
229002862,26,23,3
229002863,15,9,6
229002864,17,30,-13
229002865,12,11,1
229002866,8,13,-5
229002867,3,19,-16
229002868,5,10,-5
229002869,12,69,-57
229002870,48,2,46
235000066,157,22,135
235000067,59,54,5
235000072,22,49,-27
235000073,89,293,-204
235000074,37,8,29
235000080,25,49,-24
235000081,76,85,-9
235000082,204,19,185
235000083,186,25,161
235000084,45,43,2
235000085,150,22,128
235000089,28,16,12
235000092,28,65,-37
235000093,7,1,6
235000097,1,15,-14
235000098,27,6,21
235000099,13,12,1
235000116,38,11,27
235000117,297,11,286
235000133,8,398,-390
235000134,9,159,-150
235000206,14,5,9
235000207,5,12,-7
235000208,1,6,-5
235000209,8,0,8
235000210,11,3,8
235000212,0,8,-8
235000213,0,14,-14
235000220,0,3,-3
235000238,19,126,-107
235000239,4,33,-29
235000242,268,693,-425
235000245,305,129,176
235000246,6,38,-32
235000284,2,161,-159
235000295,75,9,66
235000305,303,23,280
235000306,287,11,276
235000307,29,0,29
235000308,9,3,6
235000309,53,0,53
235000310,21,0,21
235000311,48,32,16
235000322,0,24,-24
235000323,0,27,-27
235000324,0,20,-20
235000325,0,11,-11
235000326,8,65,-57
235000351,5,60,-55
235000352,10,34,-24
235000353,5,24,-19
235000354,18,120,-102
235000355,15,89,-74
235000356,108,2,106
235000357,28,8,20
235000358,14,10,4
235000359,13,8,5
235000360,38,3,35
235000361,69,4,65
235000381,58,57,1
235000382,143,15,128
235000390,5,1,4
235000391,177,9,168
235000392,195,220,-25
235000393,120,116,4
235000395,130,20,110
235000396,365,30,335
235000400,63,59,4
235000401,4,109,-105
235000405,79,94,-15
235000406,45,83,-38
235000407,13,76,-63
235000409,89,48,41
235000410,23,96,-73
235000411,1,29,-28
235000485,0,11,-11
235000486,8,0,8
235000549,88,38,50
235000550,84,59,25
235000599,138,23,115
235000600,8,12,-4
235000601,13,30,-17
235000602,65,41,24
235000614,1,2,-1
235000648,1,7,-6
235000649,29,6,23
235000685,0,3,-3
235000815,16,501,-485
235000834,0,3,-3
235000855,48,17,31
235000862,48,59,-11
235000891,0,20,-20
235000892,16,1,15
235000901,38,26,12
235000907,11,7,4
235001010,98,37,61
235001029,146,125,21
235001030,262,109,153
235001078,73,67,6
235001079,38,53,-15
235001147,42,43,-1
235001166,10,36,-26
235001167,37,6,31
235001169,21,411,-390
235001188,0,9,-9
235001189,3,6,-3
235001197,4,8,-4
235001200,60,42,18
235001207,439,27,412
235001210,82,70,12
235001215,7,65,-58
235001239,0,29,-29
235001244,0,9,-9
235016267,0,26,-26
277102712,3,0,3
277103813,0,0,0
277103814,0,0,0
277104249,0,3,-3
277104250,0,1,-1
277104251,0,9,-9
277104252,0,2,-2
990011530,0,127,-127
990014944,0,203,-203
990015176,47,8,39
990016032,0,114,-114
990032570,2,20,-18
990070001,87,33,54
990070103,1,2,-1
990070601,0,24,-24
990070751,994,23,971
990070766,0,157,-157
990071180,352,137,215
990071343,45,1,44
990071387,2,8,-6
990071823,11,1,10
990072600,2,1003,-1001
990072964,1,216,-215
990073285,0,2,-2
990074393,0,338,-338
990074870,1518,15,1503
990075106,587,1,586
990075746,595,23,572
990076437,1587,6,1581
990076458,1,242,-241
997000007,277,14,263
997000041,0,142,-142
997000058,40,2,38
997000062,13,0,13
997000069,0,2,-2
997000070,0,14,-14
997000100,35,0,35
997000141,2,528,-526
997000198,21,674,-653
998000475,0,0,0
998000736,0,68,-68
998000965,0,4,-4
998001031,0,51,-51
998001700,0,10,-10
998001899,0,1,-1
998001900,15,5,10
998003073,765,6,759
998101900,0,0,0
998102850,0,235,-235
998501927,379,894,-515
998501929,82,6,76
998501930,35,0,35
998501931,103,29,74
998501932,1,0,1
998501933,39,2,37
998501937,15,2,13
998501944,5,0,5
998501950,0,53,-53
998501970,51,5,46
998501971,2,53,-51
998501973,0,27,-27
998501974,0,174,-174
998501975,59,17,42
998501976,186,0,186
998501977,3,19,-16
998501978,9,1,8
998501979,0,9,-9
998501980,72,1,71
998501981,47,40,7
998501982,0,85,-85
998501983,0,0,0
998502006,0,0,0
998502024,0,5,-5
998502032,0,2,-2
998502062,10,0,10
998502063,0,0,0
998502173,44,0,44
998502269,0,6,-6
998502546,3,133,-130
998502578,1,0,1
998502599,12,281,-269
998502621,0,0,0
998601159,1,47,-46
998601292,0,10,-10
999033574,0,183,-183
999800001,23,2,21
999800002,0,4,-4
999800003,3,0,3
999800004,0,0,0
999800005,0,5,-5
