ID,insum,outsum,diff
100000001,362,263,99
100000002,621,177,444
100000003,2982,720,2262
100000004,567,129,438
100000005,483,845,-362
100000006,58,19,39
100000007,129,131,-2
100000008,20,240,-220
100000009,12,46,-34
100000010,2,10,-8
100000011,36,13,23
100000012,20,327,-307
100000013,7,86,-79
100000014,72,186,-114
100000015,183,155,28
100000016,303,645,-342
100000017,143,555,-412
100000018,456,197,259
100000019,2262,712,1550
100000020,514,473,41
100000021,3099,653,2446
100000022,259,304,-45
100000023,2589,331,2258
100000025,1219,191,1028
100000028,572,368,204
100000029,130,87,43
100000030,198,16,182
100000031,1335,995,340
100000032,1419,955,464
100000033,238,781,-543
100000034,418,200,218
100000035,492,271,221
100000036,623,273,350
100000037,132,151,-19
100000038,266,205,61
100000039,88,47,41
100000040,63,35,28
100000041,82,135,-53
100000042,80,118,-38
100000043,65,73,-8
100000044,111,387,-276
100000045,204,689,-485
100000046,138,608,-470
100000047,85,442,-357
100000048,143,379,-236
100000049,603,1350,-747
100000051,103,658,-555
100000053,2,4,-2
100000054,22,10,12
100000055,114,157,-43
100000056,80,228,-148
100000057,369,231,138
100000058,220,683,-463
100000059,1,46,-45
100000060,53,117,-64
100000061,257,155,102
100000062,202,154,48
100000063,109,89,20
100000064,126,173,-47
100000065,146,640,-494
100000066,67,500,-433
100000067,94,423,-329
100000068,137,642,-505
100000069,94,865,-771
100000072,171,544,-373
100000073,379,590,-211
100000075,141,168,-27
100000076,680,565,115
100000077,172,23,149
100000078,66,5,61
100000079,30,9,21
100000080,5,4,1
100000081,14,7,7
100000102,453,415,38
100000103,1260,381,879
100000104,1462,409,1053
100000105,1629,176,1453
100000106,487,435,52
100000107,103,93,10
100000108,338,673,-335
100000109,1548,621,927
100000116,516,217,299
100000117,15,3,12
100000118,490,540,-50
100000119,176,371,-195
100000121,38,229,-191
100000122,216,345,-129
100000123,1889,1841,48
100000124,5135,1988,3147
100000125,1504,139,1365
100000126,195,88,107
100000127,569,128,441
100000128,300,307,-7
100000129,136,212,-76
100000130,191,338,-147
100000131,2524,1223,1301
100000132,1058,459,599
100000133,5357,1535,3822
100000135,112,347,-235
100000139,47,432,-385
100000140,39,77,-38
100000142,78,167,-89
100000143,1050,599,451
100000144,1978,720,1258
100000147,337,736,-399
100000150,4,229,-225
100000151,152,170,-18
100000153,97,53,44
100000154,14,37,-23
100000155,1,11,-10
100000156,11,7,4
100000157,17,93,-76
100000158,16,75,-59
100000159,97,177,-80
100000165,515,339,176
100000169,161,78,83
100000174,535,140,395
100000179,43,248,-205
100000180,125,428,-303
100000181,30,154,-124
100000188,22,157,-135
100000189,106,116,-10
100000190,139,89,50
100000191,211,160,51
100000192,36,42,-6
100000193,13,62,-49
100000330,887,238,649
100000355,25,254,-229
100000362,2112,1769,343
100000363,578,1047,-469
100000364,225,357,-132
100000365,1773,4091,-2318
100000366,1930,1227,703
100000367,1004,1795,-791
100000368,974,858,116
100000369,153,321,-168
100000370,45,176,-131
100000376,27,58,-31
100000379,617,311,306
100000380,895,643,252
100000384,2316,862,1454
100000385,1911,1345,566
100000386,2835,920,1915
100000387,2871,1201,1670
100000388,6837,1293,5544
100000389,5675,1220,4455
100000390,6485,1270,5215
100000391,3843,1160,2683
100000392,1539,401,1138
100000393,389,336,53
100000394,2363,1124,1239
100000395,1254,432,822
100000396,1863,629,1234
100000397,818,445,373
100000398,6645,4233,2412
100000413,4,0,4
100900002,0,0,0
100900003,25,36,-11
100900004,21,594,-573
100900005,18,2,16
100900006,0,0,0
100900007,0,0,0
100900008,0,346,-346
100900009,1,7,-6
100900010,0,0,0
100900011,2,135,-133
100900012,1,164,-163
100900013,94,4,90
100900014,0,0,0
100900015,34,13,21
100900016,1,11,-10
100900017,60,17,43
100900018,0,0,0
100900019,0,0,0
100900020,43,0,43
100900021,132,0,132
100900022,0,0,0
100900023,0,0,0
100900024,16,0,16
100900025,0,0,0
100900026,0,46,-46
100900027,130,472,-342
100900028,8,44,-36
100900029,29,1,28
100900030,0,4,-4
100900031,18,2,16
100900032,11,0,11
100900033,70,46,24
100900034,66,0,66
100900035,22,0,22
100900036,0,0,0
100900037,2,162,-160
100900038,2,3,-1
100900039,92,442,-350
100900040,361,559,-198
100900041,11,440,-429
100900042,117,7,110
100900043,0,0,0
100900044,725,58,667
100900045,9,0,9
100900046,79,1,78
100900047,9,4,5
100900048,9,1,8
100900049,12,94,-82
100900050,0,2,-2
100900051,12,11,1
100900052,8,1,7
100900053,45,3,42
100900054,2,27,-25
100900055,25,36,-11
100900056,0,14,-14
100900057,82,137,-55
100900058,17,7,10
100900059,4,0,4
100900060,25,6,19
100900061,82,57,25
100900062,0,18,-18
100900063,17,82,-65
100900064,34,1,33
100900065,10,6,4
100900066,12,12,0
100900067,0,0,0
100900068,0,42,-42
100900069,20,0,20
100900070,56,1,55
100900071,148,48,100
100900072,0,11,-11
100900073,16,216,-200
100900074,0,1,-1
100900075,1484,68,1416
100900076,1,6,-5
100900077,0,0,0
100900078,3,25,-22
100900079,0,9,-9
100900080,0,0,0
100900081,2,17,-15
100900082,8,363,-355
100900083,1,18,-17
100900085,0,7,-7
100900086,11,50,-39
100900088,8,301,-293
100900089,0,5,-5
100900090,8,141,-133
100900091,0,0,0
100900092,18,15,3
100900093,27,39,-12
100900094,4,243,-239
100900095,0,2,-2
100900096,2,58,-56
100900097,0,0,0
100900098,0,3,-3
100900099,3,196,-193
100900100,0,27,-27
100900101,123,3,120
100900102,0,5,-5
100900103,0,5,-5
100900104,6,43,-37
100900105,0,4,-4
100900106,6,0,6
100900107,630,85,545
100900108,0,0,0
100900109,0,7,-7
100900110,0,0,0
100900111,16,41,-25
100900112,0,0,0
100900113,1,10,-9
100900114,0,9,-9
100900115,0,0,0
100900116,155,50,105
100900117,32,55,-23
100900118,1,22,-21
100900119,0,5,-5
100900120,0,0,0
100900121,55,37,18
100900122,60,89,-29
100900123,0,5,-5
100900124,0,1,-1
100900125,0,23,-23
100900126,3,29,-26
100900127,0,4,-4
100900128,17,50,-33
100900129,0,19,-19
100900131,11,7,4
100900133,1,13,-12
100900134,0,0,0
100900135,0,14,-14
100900137,167,37,130
100900138,43,55,-12
100900139,0,0,0
100900140,1,348,-347
100900141,0,33,-33
100900142,0,0,0
100900143,363,88,275
100900144,3,0,3
100900145,1,40,-39
100900146,0,0,0
100900147,0,64,-64
100900148,10,543,-533
100900149,19,4,15
100900150,0,0,0
100900151,27,291,-264
100900152,0,0,0
100900153,0,41,-41
100900154,1,1,0
100900155,0,1,-1
100900156,0,0,0
100900157,0,25,-25
100900159,0,0,0
100900160,0,3,-3
100900161,0,0,0
100900162,0,40,-40
100900163,38,92,-54
100900164,0,1,-1
100900165,1,6,-5
100900166,0,0,0
100900167,0,23,-23
100900168,0,15,-15
100900169,99,818,-719
100900170,0,0,0
100900171,7,411,-404
100900172,0,5,-5
100900173,4,374,-370
100900174,1,0,1
100900176,338,7,331
100900177,351,59,292
100900178,0,20,-20
100900179,4,8,-4
100900180,0,0,0
100900181,0,0,0
100900182,0,0,0
100900184,0,0,0
100900186,357,130,227
100900187,0,68,-68
100900188,21,0,21
100900189,128,15,113
100900191,464,115,349
100900192,88,26,62
100900195,12,62,-50
100900197,0,0,0
100900198,3,46,-43
100900199,0,0,0
100900200,224,145,79
100900201,8,441,-433
100900202,0,0,0
100900203,0,18,-18
100900204,41,18,23
100900205,12,82,-70
100900206,29,19,10
100900207,29,32,-3
100900210,28,343,-315
100900211,42,5,37
100900213,12,4,8
100900214,309,23,286
100900215,0,3,-3
100900217,21,28,-7
101000001,2257,855,1402
101000002,2069,1129,940
101000003,357,344,13
101000004,5111,1429,3682
101000005,2704,1772,932
101000006,4088,2414,1674
101000007,1610,1187,423
101000008,1539,1153,386
101000009,466,1081,-615
101000010,221,587,-366
101000011,922,159,763
101000012,262,83,179
101000013,233,246,-13
101000014,124,89,35
101000015,375,447,-72
101000016,68,188,-120
101000017,204,273,-69
101000018,1479,1181,298
101000020,1807,394,1413
101000021,279,43,236
101000022,193,17,176
101000023,702,493,209
101000025,29,106,-77
101000026,186,6,180
101000027,798,771,27
101000028,609,160,449
101000029,0,156,-156
101000030,223,46,177
101000031,131,33,98
101000032,1576,822,754
101000033,1206,486,720
101000034,942,431,511
101000035,558,136,422
101000036,758,133,625
101000037,1841,451,1390
101000039,1418,265,1153
101000040,2045,850,1195
101000041,1926,508,1418
101000042,199,168,31
101000043,1788,936,852
101000045,268,55,213
101000046,882,439,443
101000047,474,349,125
101000048,167,120,47
101000049,269,349,-80
101000050,398,198,200
101000051,762,418,344
101000052,977,213,764
101000053,366,242,124
101000054,944,226,718
101000055,1173,328,845
101000056,52,20,32
101000057,1426,277,1149
101000058,1108,275,833
101000059,1248,494,754
101000060,1279,91,1188
101000061,465,122,343
101000062,1525,125,1400
101000063,104,54,50
101000064,763,164,599
101000065,102,123,-21
101000066,43,20,23
101000067,245,113,132
101000068,154,86,68
101000069,226,29,197
101000070,782,362,420
101000071,880,317,563
101000072,577,959,-382
101000073,93,96,-3
101000074,1923,602,1321
101000075,4142,1557,2585
101000077,526,472,54
101000078,467,654,-187
101000079,215,1134,-919
101000080,493,873,-380
101000081,408,425,-17
101000082,1664,1056,608
101000083,614,437,177
101000084,521,799,-278
101000085,741,316,425
101000086,865,733,132
101000087,573,662,-89
101000088,266,254,12
101000089,273,358,-85
101000090,1551,767,784
101000091,117,596,-479
101000092,563,424,139
101000093,539,335,204
101000094,244,526,-282
101000095,62,427,-365
101000096,96,253,-157
101000097,114,143,-29
101000098,163,201,-38
101000099,510,390,120
101000100,310,220,90
101000101,92,115,-23
101000102,257,92,165
101000103,327,157,170
101000104,87,95,-8
101000105,162,35,127
101000106,100,90,10
101000107,50,134,-84
101000108,577,97,480
101000109,41,47,-6
101000110,16,223,-207
101000111,34,45,-11
101000113,32,99,-67
101000114,951,530,421
101000115,16,10,6
101000116,4,17,-13
101000117,19,58,-39
101000119,124,7,117
101000120,160,6,154
101000121,28,6,22
101000122,26,7,19
101000123,25,14,11
101000124,293,545,-252
101000125,130,199,-69
101000128,234,146,88
101000130,257,145,112
101000131,245,371,-126
101000132,189,892,-703
101000135,81,7,74
101000136,82,51,31
101000137,22,86,-64
101000141,1075,405,670
101000147,461,380,81
101000148,1456,7,1449
101000149,14,12,2
101000150,3,519,-516
101000151,16,54,-38
101000152,173,131,42
101000153,284,175,109
101000154,54,992,-938
101000155,48,54,-6
101000156,6,141,-135
101000157,22,6,16
101000160,1,4,-3
101000163,0,0,0
101000164,315,172,143
101000165,137,92,45
101000166,94,146,-52
101000168,158,121,37
101000252,213,215,-2
101000254,152,12,140
101000258,43,40,3
101000261,143,104,39
101000262,137,357,-220
101000263,43,179,-136
101000265,6,175,-169
101000266,118,96,22
101000269,98,9,89
101000290,552,420,132
101000293,2,12,-10
101000294,298,247,51
101000295,74,236,-162
101000301,285,75,210
101000304,934,1143,-209
101000305,890,704,186
101000328,43,156,-113
101900001,8,28,-20
101900002,0,19,-19
101900003,51,56,-5
101900004,1,13,-12
101900005,2344,238,2106
101900006,236,1,235
101900007,73,9,64
101900008,26,11,15
101900009,3,36,-33
101900010,381,84,297
101900011,56,48,8
101900012,8,12,-4
101900013,507,19,488
101900017,15,25,-10
101900018,560,27,533
101900019,68,7,61
101900020,32,10,22
101900021,1,6,-5
101900022,7,460,-453
101900023,9,132,-123
101900026,32,14,18
101900027,17,65,-48
102000001,714,1421,-707
102000002,934,537,397
102000003,1939,1277,662
102000004,3607,706,2901
102000005,1003,783,220
102000006,1180,409,771
102000007,1113,1460,-347
102000008,3885,610,3275
102000009,3037,2650,387
102000010,3595,1164,2431
102000011,1161,1079,82
102000012,1207,1333,-126
102000018,1306,540,766
102000019,1058,292,766
102000026,69,56,13
102000029,181,72,109
102000030,52,48,4
102000031,3,58,-55
102000032,79,116,-37
102000033,33,127,-94
102000034,156,133,23
102000035,266,96,170
102000036,3,60,-57
102000037,118,54,64
102000038,57,49,8
102000039,10,26,-16
102000040,143,18,125
102000041,14,45,-31
102000042,8,15,-7
102000043,53,90,-37
102000044,55,116,-61
102000045,282,367,-85
102000046,352,132,220
102000047,366,477,-111
102000048,57,213,-156
102000049,208,174,34
102000050,292,432,-140
102000051,134,131,3
102000052,379,351,28
102000053,151,313,-162
102000054,163,327,-164
102000055,388,442,-54
102000056,194,278,-84
102000057,456,71,385
102000058,513,744,-231
102000059,542,651,-109
102000060,356,207,149
102000061,532,1449,-917
102000062,188,380,-192
102000063,515,630,-115
102000064,327,354,-27
102000065,15,43,-28
102000066,445,517,-72
102000067,982,949,33
102000068,3843,1313,2530
102000069,13,620,-607
102000070,1947,46,1901
102000071,3637,5040,-1403
102000072,1816,2944,-1128
102000073,88,416,-328
102000074,133,494,-361
102000075,36,155,-119
102000076,57,292,-235
102000077,96,716,-620
102000078,244,593,-349
102000079,54,154,-100
102000080,58,125,-67
102000081,82,404,-322
102000082,311,113,198
102000083,75,487,-412
102000084,46,196,-150
102000085,809,664,145
102000086,485,477,8
102000087,276,1278,-1002
102000088,121,118,3
102000089,198,209,-11
102000090,145,646,-501
102000091,673,276,397
102000092,347,368,-21
102000093,350,264,86
102000094,279,85,194
102000095,335,485,-150
102000096,499,161,338
102000097,1161,542,619
102000098,240,372,-132
102000099,426,244,182
102000100,319,187,132
102000101,411,134,277
102000102,170,300,-130
102000103,437,187,250
102000104,509,173,336
102000105,67,551,-484
102000106,161,510,-349
102000107,151,194,-43
102000108,191,161,30
102000109,84,276,-192
102000110,166,577,-411
102000111,1,89,-88
102000112,50,24,26
102000113,2,17,-15
102000114,283,124,159
102000115,161,75,86
102000116,44,113,-69
102000117,36,234,-198
102000118,606,529,77
102000119,1389,207,1182
102000120,24,192,-168
102000121,201,294,-93
102000122,76,256,-180
102000123,492,333,159
102000124,350,325,25
102000125,319,203,116
102000126,235,279,-44
102000127,499,242,257
102000128,251,398,-147
102000129,235,386,-151
102000130,150,238,-88
102000131,122,252,-130
102000132,81,165,-84
102000133,302,1226,-924
102000134,138,358,-220
102000135,642,218,424
102000136,462,115,347
102000137,278,244,34
102000138,135,194,-59
102000139,25,150,-125
102000140,91,119,-28
102000141,47,300,-253
102000142,38,162,-124
102000143,16,205,-189
102000144,14,201,-187
102000145,57,135,-78
102000146,81,152,-71
102000147,59,105,-46
102000148,51,42,9
102000149,49,209,-160
102000150,39,85,-46
102000151,20,140,-120
102000152,38,67,-29
102000153,204,87,117
102000154,136,214,-78
102000155,72,117,-45
102000156,121,27,94
102000157,32,58,-26
102000158,122,50,72
102000159,787,35,752
102000161,1846,239,1607
102000162,82,37,45
102000163,23,78,-55
102000164,231,80,151
102000165,134,64,70
102000166,32,64,-32
102000167,57,71,-14
102000168,52,78,-26
102000169,30,129,-99
102000170,463,46,417
102000171,42,27,15
102000172,7,63,-56
102000173,139,118,21
102000174,9,44,-35
102000175,24,29,-5
102000176,7,8,-1
102000178,68,238,-170
102000179,46,92,-46
102000180,156,276,-120
102000181,55,404,-349
102000182,185,476,-291
102000183,266,439,-173
102000184,286,541,-255
102000185,205,359,-154
102000186,267,1051,-784
102000187,159,944,-785
102000188,75,321,-246
102000189,1511,374,1137
102000190,219,401,-182
102000191,599,82,517
102000192,307,561,-254
102000193,9,78,-69
102000194,7,74,-67
102000195,116,307,-191
102000196,40,299,-259
102000197,70,360,-290
102000198,19,417,-398
102000199,96,237,-141
102000200,70,473,-403
102000201,100,271,-171
102000202,1,52,-51
102000203,54,135,-81
102000204,72,296,-224
102000205,153,228,-75
102000206,129,328,-199
102000207,119,150,-31
102000208,65,243,-178
102000209,19,27,-8
102000210,44,468,-424
102000211,77,202,-125
102000212,10,3,7
102000213,4,189,-185
102000214,20,3,17
102000215,1,339,-338
102000216,7,7,0
102000217,4,139,-135
102000218,20,3,17
102000219,162,198,-36
102000225,181,45,136
102000226,154,24,130
102000227,15,1,14
102000228,0,71,-71
102000229,9,10,-1
102000230,56,205,-149
102000231,90,209,-119
102000232,8,41,-33
102000233,180,211,-31
102000234,10,174,-164
102000236,212,30,182
102000237,136,57,79
102000238,108,79,29
102000240,422,362,60
102000241,126,36,90
102000243,3,12,-9
102000245,17,75,-58
102000246,6,14,-8
102000247,532,388,144
102000248,310,298,12
102000249,27,94,-67
102000250,30,220,-190
102000254,13,170,-157
102000266,24,85,-61
102000271,3,0,3
102000286,98,65,33
102000297,497,250,247
102000299,0,0,0
102000301,0,0,0
102000303,0,0,0
102000305,0,0,0
102000307,0,4,-4
102900001,170,133,37
102900002,91,3,88
102900003,9,184,-175
102900005,28,47,-19
102900006,64,23,41
102900007,53,6,47
102900008,33,8,25
102900009,0,0,0
102900010,36,152,-116
102900011,976,85,891
102900012,93,9,84
102900013,0,0,0
102900015,164,41,123
102900016,0,0,0
102900017,0,0,0
102900018,0,0,0
102900019,20,120,-100
102900020,16,11,5
102900021,0,0,0
102900022,121,37,84
102900023,0,0,0
102900024,1,7,-6
102900025,0,0,0
102900026,132,271,-139
102900027,3,4,-1
102900028,5,79,-74
102900029,11,32,-21
102900030,30,55,-25
102900031,19,38,-19
102900032,3,48,-45
102900033,0,0,0
102900034,26,51,-25
102900035,19,304,-285
102900036,23,178,-155
102900037,23,196,-173
102900038,106,128,-22
102900039,25,124,-99
102900040,44,77,-33
102900041,18,103,-85
102900042,41,194,-153
102900043,34,183,-149
102900044,118,1016,-898
102900045,25,270,-245
102900046,26,131,-105
102900047,27,318,-291
102900048,157,401,-244
102900049,23,161,-138
102900050,42,171,-129
102900051,25,78,-53
102900053,110,300,-190
102900054,107,257,-150
102900055,0,0,0
102900056,32,179,-147
102900057,0,0,0
102900058,121,14,107
102900059,0,0,0
102900060,10,182,-172
102900061,9,244,-235
102900062,9,788,-779
102900063,84,96,-12
102900064,22,85,-63
102900065,289,145,144
102900066,23,2,21
102900068,15,21,-6
102900070,11,296,-285
102900072,7,13,-6
102900073,42,0,42
102900075,0,0,0
102900076,0,0,0
102900077,0,0,0
102900078,0,0,0
102900079,17,4,13
102900080,36,0,36
102900081,26,82,-56
102900082,1,81,-80
102900083,0,0,0
102900084,0,0,0
102900085,0,0,0
102900086,0,0,0
102900087,7,24,-17
102900088,0,8,-8
102900089,96,34,62
102900090,2,304,-302
102900091,10,0,10
102900092,41,575,-534
102900094,0,11,-11
102900095,19,0,19
102900096,14,3,11
102900097,1,53,-52
103000001,1104,1297,-193
103000002,732,871,-139
103000003,1407,1162,245
103000004,472,310,162
103000005,706,669,37
103000006,262,429,-167
103000007,170,366,-196
103000008,287,623,-336
103000009,121,247,-126
103000010,83,143,-60
103000011,862,392,470
103000012,490,414,76
103000013,4305,1115,3190
103000014,518,336,182
103000015,1268,478,790
103000016,199,227,-28
103000017,32,41,-9
103000018,339,133,206
103000019,25,23,2
103000020,672,727,-55
103000021,263,393,-130
103000022,444,658,-214
103000023,130,385,-255
103000024,77,62,15
103000025,22,44,-22
103000026,1035,48,987
103000027,124,55,69
103000028,372,155,217
103000029,360,58,302
103000030,1479,214,1265
103000031,702,359,343
103000032,884,862,22
103000033,1140,717,423
103000034,922,373,549
103000035,218,454,-236
103000036,259,133,126
103000037,401,187,214
103000038,297,290,7
103000039,47,283,-236
103000040,80,542,-462
103000041,661,1753,-1092
103000042,275,382,-107
103000043,109,572,-463
103000044,58,157,-99
103000046,85,104,-19
103000047,107,233,-126
103000048,121,82,39
103000049,37,77,-40
103000050,168,342,-174
103000051,86,148,-62
103000052,303,194,109
103000053,51,145,-94
103000054,706,475,231
103000055,546,565,-19
103000056,284,1038,-754
103000057,257,161,96
103000058,146,492,-346
103000059,161,352,-191
103000060,394,414,-20
103000061,163,360,-197
103000062,373,517,-144
103000063,302,282,20
103000064,81,161,-80
103000065,3,175,-172
103000066,30,5,25
103000069,64,177,-113
103000070,117,775,-658
103000071,219,152,67
103000072,35,512,-477
103000073,54,23,31
103000074,80,17,63
103000075,82,462,-380
103000076,40,14,26
103000077,16,206,-190
103000078,372,40,332
103000079,548,155,393
103000080,407,51,356
103000081,177,258,-81
103000082,98,34,64
103000083,16,147,-131
103000084,0,0,0
103000085,0,30,-30
103000086,186,71,115
103000087,35,135,-100
103000088,141,125,16
103000089,80,88,-8
103000090,731,613,118
103000091,216,197,19
103000092,53,96,-43
103000093,115,347,-232
103000094,22,56,-34
103000095,9,180,-171
103000096,141,28,113
103000097,15,323,-308
103000098,413,14,399
103000099,64,245,-181
103000100,18,492,-474
103000101,112,53,59
103000102,39,318,-279
103000103,86,116,-30
103000104,11,97,-86
103000105,11,44,-33
103000106,3,73,-70
103000107,86,40,46
103000108,300,384,-84
103000109,194,243,-49
103000110,269,224,45
103000111,254,211,43
103000112,81,103,-22
103000113,112,334,-222
103000114,217,119,98
103000115,149,251,-102
103000116,150,272,-122
103000117,93,260,-167
103000118,548,576,-28
103000119,1134,486,648
103000120,29,40,-11
103000121,92,246,-154
103000122,64,70,-6
103000125,1,330,-329
103000126,65,1,64
103000127,1,209,-208
103000128,38,1,37
103000129,3,133,-130
103000130,10,4,6
103000131,152,42,110
103000132,73,18,55
103000133,4,139,-135
103000134,327,142,185
103000135,328,50,278
103000136,376,125,251
103000137,139,115,24
103000138,169,121,48
103000139,3,24,-21
103000140,45,4,41
103000141,11,51,-40
103000142,42,9,33
103000143,9,82,-73
103000144,55,18,37
103000145,1,21,-20
103000150,34,44,-10
103000152,98,144,-46
103000153,71,60,11
103000156,2,410,-408
103000157,58,2,56
103000159,26,28,-2
103000162,15,1,14
103000163,1,9,-8
103000164,2,3,-1
103000165,45,243,-198
103000166,25,11,14
103000167,51,51,0
103000168,35,121,-86
103000169,28,42,-14
103000170,326,259,67
103000171,9,39,-30
103000172,58,167,-109
103000173,83,477,-394
103000174,72,166,-94
103000175,66,367,-301
103000176,294,55,239
103000177,343,214,129
103000178,197,115,82
103000179,20,10,10
103000183,7,13,-6
103000185,31,22,9
103000186,43,90,-47
103000187,62,412,-350
103000188,4,49,-45
103000189,234,619,-385
103000191,115,142,-27
103000292,1273,152,1121
103000293,811,211,600
103000295,8,38,-30
103000296,28,2,26
103000297,7,1,6
103000504,0,5,-5
103000505,6,5,1
103000506,3,103,-100
103000507,62,1,61
103000508,64,31,33
103000509,72,285,-213
103900001,0,56,-56
103900002,696,38,658
103900003,468,50,418
103900004,2,0,2
103900005,0,144,-144
103900006,0,21,-21
103900007,0,0,0
103900008,0,0,0
103900010,28,106,-78
103900012,1,2,-1
103900014,3,4,-1
103900015,6,8,-2
103900017,5,77,-72
103900018,418,64,354
103900019,7,57,-50
103900020,14,66,-52
103900021,11,58,-47
103900022,146,262,-116
103900023,4,0,4
103900024,56,285,-229
103900025,1,14,-13
103900026,0,0,0
103900027,36,61,-25
103900028,24,107,-83
103900029,194,86,108
103900030,10,2,8
103900031,0,2,-2
103900032,9,6,3
103900033,1,0,1
103900034,5,105,-100
103900035,12,18,-6
103900036,1,0,1
103900037,0,12,-12
103900038,9,19,-10
103900039,2,274,-272
103900040,0,84,-84
103900041,2,9,-7
103900042,20,319,-299
103900043,11,33,-22
103900044,49,16,33
103900045,25,59,-34
103900047,10,18,-8
103900048,13,4,9
103900049,105,482,-377
103900050,0,35,-35
103900051,0,25,-25
103900053,35,568,-533
103900054,5,333,-328
103900055,26,9,17
103900056,8,49,-41
103900057,3,162,-159
103900058,11,357,-346
103900059,0,1,-1
103900060,4,105,-101
103900061,3,25,-22
103900062,16,21,-5
103900063,0,0,0
103900064,2,0,2
103900065,214,56,158
103900066,11,0,11
103900067,3,4,-1
103900068,0,0,0
103900069,3,1,2
103900070,13,97,-84
103900071,13,108,-95
103900072,2,189,-187
103900073,2,1,1
103900074,2,42,-40
103900075,27,18,9
103900076,68,408,-340
103900077,11,9,2
103900078,16,50,-34
103900079,13,89,-76
103900080,2,7,-5
103900081,0,0,0
103900082,0,35,-35
103900083,929,29,900
103900084,3,37,-34
103900085,32,40,-8
103900086,29,121,-92
103900088,131,40,91
103900089,15,45,-30
103900090,0,81,-81
103900091,319,79,240
103900092,53,271,-218
103900093,35,193,-158
103900094,2,79,-77
103900095,35,221,-186
103900096,5,200,-195
103900097,2,254,-252
103900098,67,71,-4
103900099,1,137,-136
103900100,26,159,-133
103900101,24,402,-378
103900102,1,12,-11
103900104,0,10,-10
103900105,24,71,-47
103900106,0,17,-17
103900107,3,70,-67
103900108,9,269,-260
103900109,5,23,-18
103900110,38,12,26
103900111,7,295,-288
103900112,2,10,-8
103900113,40,54,-14
103900114,242,253,-11
103900115,82,29,53
103900116,2588,151,2437
103900117,218,68,150
103900119,0,6,-6
103900120,10,23,-13
103900122,0,176,-176
103900123,521,181,340
103900124,18,373,-355
103900125,24,63,-39
103900126,74,180,-106
103900127,62,350,-288
103900128,51,296,-245
103900131,0,62,-62
103900133,162,2,160
103900134,0,0,0
103900135,0,0,0
103900137,0,8,-8
103900138,0,53,-53
103900139,80,287,-207
103900140,0,0,0
103900141,72,17,55
103900142,1,36,-35
103900143,12,0,12
103900144,0,4,-4
103900145,34,174,-140
103900146,91,151,-60
103900147,77,31,46
103900148,32,255,-223
103900149,8,348,-340
103900150,2782,400,2382
103900151,2,48,-46
103900152,10,353,-343
103900153,0,0,0
103900154,966,170,796
103900155,7,56,-49
103900156,0,56,-56
103900157,2,100,-98
103900158,5,78,-73
103900159,14,35,-21
103900160,7,14,-7
103900161,11,55,-44
103900162,140,293,-153
103900163,0,197,-197
103900167,0,12,-12
103900168,3,35,-32
103900169,0,26,-26
103900170,0,49,-49
103900171,0,23,-23
103900172,1,13,-12
103900173,3,3,0
103900174,7,9,-2
103900175,4,4,0
103900176,2,4,-2
103900177,2,28,-26
103900178,9,35,-26
103900179,7,79,-72
103900180,1,52,-51
103900181,21,7,14
103900182,15,5,10
103900184,219,7,212
103900185,69,14,55
103900187,10,7,3
103900188,4,2,2
103900189,21,1,20
103900190,3,39,-36
103900191,0,23,-23
103900192,5,19,-14
103900193,62,39,23
103900194,6,115,-109
103900195,0,12,-12
103900196,3,6,-3
103900197,3,9,-6
103900198,2,14,-12
103900199,28,65,-37
103900200,11,55,-44
103900201,12,105,-93
103900202,1,27,-26
103900203,5,4,1
103900204,0,33,-33
103900207,0,49,-49
103900208,3,0,3
103900209,0,41,-41
103900210,3,15,-12
103900211,59,253,-194
103900212,19,369,-350
103900213,27,150,-123
103900214,8,3,5
103900215,733,126,607
103900216,2,208,-206
103900217,1,0,1
103900218,1,70,-69
103900219,10,86,-76
103900233,13,0,13
103900235,14,4,10
103900236,12,2,10
103900242,0,0,0
103900243,0,0,0
103900244,6,109,-103
103900245,4,67,-63
103900246,5,4,1
103900247,17,47,-30
103900248,0,2,-2
103900249,1,1,0
103900250,2,2,0
103900251,0,7,-7
103900253,3,1,2
103900254,3,0,3
103900255,2,1,1
103900256,8,2,6
103900257,24,10,14
103900258,9,0,9
103900259,44,0,44
103900261,0,6,-6
103900262,3,2,1
103900263,9,31,-22
103900264,15,0,15
103900265,7,0,7
103900266,0,17,-17
103900267,0,40,-40
103900268,1,69,-68
103900269,35,12,23
103900270,5,76,-71
103900271,11,92,-81
103900272,0,0,0
103900273,0,0,0
103900274,0,0,0
103900275,0,0,0
103900276,0,0,0
103900277,0,0,0
103900278,0,0,0
103900279,0,0,0
103900280,0,0,0
104000001,1006,1267,-261
104000002,698,1379,-681
104000003,1024,1186,-162
104000004,2009,1265,744
104000005,461,803,-342
104000006,1236,1342,-106
104000007,1774,1713,61
104000008,172,437,-265
104000009,62,122,-60
104000010,17,69,-52
104000011,337,348,-11
104000012,43,289,-246
104000013,20,50,-30
104000014,134,453,-319
104000015,60,38,22
104000016,102,253,-151
104000018,195,60,135
104000019,129,47,82
104000020,68,531,-463
104000021,142,570,-428
104000022,40,145,-105
104000023,182,151,31
104000024,78,146,-68
104000026,14,40,-26
104000027,65,316,-251
104000028,102,162,-60
104000029,135,378,-243
104000030,61,191,-130
104000031,126,62,64
104000032,62,239,-177
104000033,69,82,-13
104000034,131,302,-171
104000035,161,161,0
104000036,152,259,-107
104000037,125,151,-26
104000038,129,285,-156
104000039,43,307,-264
104000040,194,285,-91
104000041,137,128,9
104000042,96,302,-206
104000043,113,216,-103
104000044,80,503,-423
104000045,283,644,-361
104000046,445,650,-205
104000047,200,665,-465
104000048,555,1081,-526
104000049,114,94,20
104000050,45,209,-164
104000051,47,466,-419
104000052,318,618,-300
104000053,264,321,-57
104000054,76,210,-134
104000055,1606,1029,577
104000056,682,123,559
104000057,59,432,-373
104000058,328,380,-52
104000059,121,535,-414
104000060,126,469,-343
104000061,321,516,-195
104000062,72,117,-45
104000064,370,134,236
104000065,27,169,-142
104000069,894,269,625
104000070,9,82,-73
104000071,111,282,-171
104000072,114,160,-46
104000075,10,85,-75
104000076,118,8,110
104000082,686,827,-141
104000083,219,51,168
104000084,36,296,-260
104000085,37,63,-26
104000086,68,259,-191
104000087,110,189,-79
104000090,167,878,-711
104000092,161,1320,-1159
104000094,255,1081,-826
104000095,640,764,-124
104000096,120,133,-13
104000097,260,265,-5
104000098,188,480,-292
104000100,193,297,-104
104000101,415,902,-487
104000106,220,371,-151
104000107,116,273,-157
104000108,66,271,-205
104000109,75,16,59
104000110,406,460,-54
104000111,1992,488,1504
104000112,846,234,612
104000116,1,869,-868
104000117,5,463,-458
104000118,90,138,-48
104000119,68,118,-50
104000120,9,445,-436
104000121,94,289,-195
104000122,228,319,-91
104000123,395,597,-202
104000124,738,1280,-542
104000125,2509,1041,1468
104000126,72,221,-149
104000127,919,1875,-956
104000128,257,234,23
104000129,144,19,125
104000130,6,108,-102
104000131,705,513,192
104000132,384,763,-379
104000133,485,496,-11
104000134,392,681,-289
104000135,195,335,-140
104000136,451,681,-230
104000137,1041,99,942
104000138,862,163,699
104000139,5760,1369,4391
104000141,851,1183,-332
104000142,240,579,-339
104000143,164,604,-440
104000144,11,54,-43
104000145,65,52,13
104000146,259,285,-26
104000147,64,170,-106
104000148,43,43,0
104000149,133,216,-83
104000150,108,146,-38
104000151,157,487,-330
104000152,129,695,-566
104000153,26,148,-122
104000154,643,495,148
104000155,46,146,-100
104000157,714,1144,-430
104000158,87,128,-41
104000159,154,182,-28
104000160,995,573,422
104000161,58,35,23
104000162,20,54,-34
104000165,390,266,124
104000167,93,143,-50
104000168,119,1,118
104000169,0,0,0
104000170,649,127,522
104000248,1,336,-335
104000251,20,200,-180
104000272,1,0,1
104000273,4,0,4
104000274,0,0,0
104000275,10,0,10
104000279,1144,369,775
104000290,13,200,-187
104000291,498,467,31
104000293,196,239,-43
104000294,0,0,0
104000295,147,480,-333
104000296,137,337,-200
104000297,374,787,-413
104000298,874,446,428
104000299,267,709,-442
104000302,88,136,-48
104000303,95,133,-38
104900001,14,52,-38
104900002,6,20,-14
104900003,7,186,-179
104900004,15,198,-183
104900005,17,41,-24
104900006,13,13,0
104900007,37,99,-62
104900009,17,190,-173
104900010,2,0,2
104900011,0,0,0
104900012,15,1,14
104900013,16,1,15
104900014,1302,61,1241
104900015,12,0,12
104900016,29,200,-171
104900017,6,75,-69
104900018,1,98,-97
104900019,37,105,-68
104900020,5,114,-109
104900021,0,0,0
104900022,2,77,-75
104900023,0,0,0
104900024,2,72,-70
104900025,15,152,-137
104900026,0,0,0
104900027,21,10,11
104900028,3,63,-60
104900029,0,0,0
104900030,29,15,14
104900031,56,89,-33
104900032,8,62,-54
104900033,0,0,0
104900034,21,8,13
104900035,17,8,9
104900036,17,10,7
104900037,12,114,-102
104900038,136,37,99
104900039,0,0,0
104900040,9,15,-6
104900041,0,0,0
104900042,44,192,-148
104900043,0,0,0
104900044,31,22,9
104900045,0,0,0
104900046,10,35,-25
104900047,7,17,-10
104900048,5,4,1
104900049,0,0,0
104900050,8,15,-7
104900051,6,2,4
104900052,0,0,0
104900053,20,4,16
104900054,7,4,3
104900055,0,0,0
104900056,26,2,24
104900057,5,0,5
104900058,38,43,-5
104900059,0,0,0
104900061,75,344,-269
104900063,2,64,-62
104900064,1,54,-53
104900065,0,49,-49
104900066,0,90,-90
104900067,0,126,-126
104900068,1,120,-119
104900070,11,201,-190
104900071,1,442,-441
104900072,2,85,-83
104900073,3,77,-74
104900074,30,66,-36
104900075,3,13,-10
104900076,8,216,-208
104900077,316,10,306
104900078,58,425,-367
104900079,55,23,32
104900080,7,245,-238
104900082,1,62,-61
104900085,2,61,-59
104900089,0,0,0
104900091,120,290,-170
104900093,45,226,-181
104900097,1220,341,879
104900098,3,16,-13
104900099,13,129,-116
104900100,308,47,261
104900102,8,79,-71
104900103,167,31,136
104900106,5,50,-45
104900107,17,154,-137
104900108,17,100,-83
104900109,0,10,-10
104900110,1,18,-17
104900111,27,30,-3
104900112,40,409,-369
104900113,100,186,-86
104900114,34,300,-266
104900115,45,214,-169
104900116,24,135,-111
104900118,11,34,-23
104900119,2,11,-9
104900120,0,0,0
104900121,0,0,0
104900122,0,0,0
104900123,0,0,0
104900124,0,0,0
104900125,33,0,33
104900126,32,18,14
104900127,4,4,0
104900128,0,1,-1
104900129,718,165,553
105000001,1164,1059,105
105000002,734,875,-141
105000003,1084,1740,-656
105000004,202,467,-265
105000005,289,612,-323
105000006,336,615,-279
105000007,248,523,-275
105000008,259,891,-632
105000009,412,893,-481
105000010,1272,1344,-72
105000011,655,650,5
105000012,1954,1787,167
105000013,332,406,-74
105000014,397,731,-334
105000015,3047,1271,1776
105000016,1333,715,618
105000017,567,496,71
105000018,401,431,-30
105000019,564,308,256
105000020,79,225,-146
105000021,123,99,24
105000022,24,17,7
105000023,151,72,79
105000028,47,96,-49
105000029,153,296,-143
105000030,2053,2018,35
105000031,0,19,-19
105000033,564,1326,-762
105000034,41,218,-177
105000037,309,256,53
105000038,280,339,-59
105000039,1949,1053,896
105000040,96,213,-117
105000041,223,836,-613
105000042,552,305,247
105000043,1086,1456,-370
105000044,92,103,-11
105000045,93,591,-498
105000046,155,174,-19
105000047,158,838,-680
105000048,138,93,45
105000049,202,471,-269
105000050,28,46,-18
105000051,87,369,-282
105000052,77,415,-338
105000053,46,169,-123
105000054,53,500,-447
105000055,84,208,-124
105000056,180,1283,-1103
105000057,383,610,-227
105000058,447,727,-280
105000059,86,138,-52
105000060,127,327,-200
105000061,64,120,-56
105000062,267,619,-352
105000063,115,427,-312
105000064,110,222,-112
105000065,110,550,-440
105000066,261,980,-719
105000067,134,182,-48
105000068,335,490,-155
105000069,1041,176,865
105000070,307,384,-77
105000071,35,77,-42
105000072,311,170,141
105000073,252,180,72
105000074,328,581,-253
105000075,199,394,-195
105000076,579,628,-49
105000077,824,374,450
105000078,551,546,5
105000079,707,1072,-365
105000080,459,315,144
105000081,380,427,-47
105000082,85,204,-119
105000083,210,180,30
105000084,184,715,-531
105000085,363,292,71
105000086,264,617,-353
105000087,1086,1020,66
105000088,370,302,68
105000089,1669,1654,15
105000090,635,524,111
105000091,1197,1281,-84
105000092,224,695,-471
105000093,193,105,88
105000094,116,70,46
105000095,48,275,-227
105000096,289,211,78
105000097,379,345,34
105000098,125,169,-44
105000099,232,510,-278
105000100,472,655,-183
105000101,745,1152,-407
105000102,535,833,-298
105000103,572,1033,-461
105000104,338,464,-126
105000105,214,823,-609
105000106,306,711,-405
105000107,188,358,-170
105000108,313,617,-304
105000109,359,734,-375
105000110,226,313,-87
105000111,143,284,-141
105000112,336,287,49
105000113,111,220,-109
105000114,1395,333,1062
105000115,149,307,-158
105000116,90,112,-22
105000117,341,796,-455
105000118,55,127,-72
105000119,156,580,-424
105000120,133,238,-105
105000121,277,582,-305
105000122,69,170,-101
105000123,369,704,-335
105000124,288,421,-133
105000125,142,820,-678
105000126,554,1139,-585
105000127,760,1020,-260
105000128,107,648,-541
105000129,124,171,-47
105000130,25,158,-133
105000131,168,129,39
105000132,148,110,38
105000133,139,573,-434
105000134,80,153,-73
105000135,119,324,-205
105000136,36,184,-148
105000137,50,19,31
105000138,148,196,-48
105000139,354,643,-289
105000140,22,50,-28
105000141,48,311,-263
105000142,5,78,-73
105000143,50,307,-257
105000144,110,327,-217
105000145,36,135,-99
105000146,102,309,-207
105000147,47,17,30
105000148,74,58,16
105000149,113,85,28
105000150,563,720,-157
105000151,97,126,-29
105000152,31,331,-300
105000153,108,192,-84
105000154,177,505,-328
105000155,50,196,-146
105000156,230,498,-268
105000157,383,910,-527
105000158,374,382,-8
105000159,220,794,-574
105000160,412,338,74
105000161,309,1061,-752
105000162,118,377,-259
105000163,530,562,-32
105000164,120,122,-2
105000165,498,737,-239
105000166,3585,106,3479
105000167,1423,543,880
105000168,20,534,-514
105000169,68,272,-204
105000170,9,388,-379
105000171,425,124,301
105000172,0,1,-1
105000173,0,0,0
105000174,2,5,-3
105000175,20,91,-71
105000176,32,23,9
105000177,30,30,0
105000178,10,113,-103
105000179,26,56,-30
105000180,11,58,-47
105000181,5,72,-67
105000182,8,34,-26
105000183,1227,417,810
105000184,737,475,262
105000185,223,137,86
105000186,144,661,-517
105000187,130,94,36
105000188,36,37,-1
105000189,52,400,-348
105000190,8,29,-21
105000191,161,297,-136
105000192,37,103,-66
105000193,26,56,-30
105000194,76,38,38
105000195,66,473,-407
105000196,10,28,-18
105000197,40,286,-246
105000198,217,69,148
105000199,55,66,-11
105000200,30,102,-72
105000201,19,10,9
105000203,4,219,-215
105000204,61,49,12
105000205,48,182,-134
105000207,280,108,172
105000208,0,0,0
105000209,71,213,-142
105000211,16,5,11
105000212,266,724,-458
105000213,76,84,-8
105000214,25,86,-61
105000215,14,110,-96
105000216,33,273,-240
105000217,35,242,-207
105000218,112,374,-262
105000221,23,103,-80
105000222,4,22,-18
105000223,43,103,-60
105000226,2,81,-79
105000227,3,37,-34
105000228,43,409,-366
105000229,14,113,-99
105000231,0,0,0
105000233,217,246,-29
105000234,307,671,-364
105000235,46,193,-147
105000237,96,16,80
105000243,5,21,-16
105000248,28,25,3
105000262,66,928,-862
105000269,24,76,-52
105000270,48,79,-31
105000271,0,187,-187
105000282,27,19,8
105000287,96,52,44
105000288,31,160,-129
105000289,190,301,-111
105000290,0,0,0
105000402,2023,766,1257
105000426,139,183,-44
105000438,218,226,-8
105000440,0,17,-17
105000446,4621,1827,2794
105000447,2958,1025,1933
105000454,55,517,-462
105000455,108,101,7
105000474,0,0,0
105000477,28,162,-134
105000478,293,434,-141
105000479,17,106,-89
105000480,426,581,-155
105000481,813,706,107
105000482,1823,1213,610
105000483,383,466,-83
105000484,904,1392,-488
105000485,658,699,-41
105000486,1450,1220,230
105000488,1041,1063,-22
105000489,171,303,-132
105000549,1,9,-8
105000550,172,534,-362
105000551,1,57,-56
105000552,2539,939,1600
105000555,286,268,18
105000556,15,15,0
105000557,9,175,-166
105900001,0,281,-281
105900002,796,93,703
105900003,0,30,-30
105900004,222,35,187
105900005,3,148,-145
105900006,1,17,-16
105900007,9,6,3
105900008,8,390,-382
105900009,1,6,-5
105900011,9,18,-9
105900012,55,114,-59
105900013,1,4,-3
105900014,1,46,-45
105900015,57,162,-105
105900016,36,363,-327
105900017,142,23,119
105900018,66,93,-27
105900019,12,285,-273
105900020,3,33,-30
105900021,2,145,-143
105900022,45,133,-88
105900023,1,46,-45
105900024,0,64,-64
105900025,15,11,4
105900026,79,13,66
105900027,1231,503,728
105900028,8,105,-97
105900029,946,217,729
105900030,62,146,-84
105900031,152,74,78
105900032,14,79,-65
105900033,7,96,-89
105900034,11,166,-155
105900035,28,76,-48
105900036,18,53,-35
105900037,32,30,2
105900038,28,135,-107
105900039,19,68,-49
105900040,19,36,-17
105900041,95,149,-54
105900042,8,66,-58
105900043,606,16,590
105900044,2,50,-48
105900045,0,170,-170
105900046,0,82,-82
105900047,1,12,-11
105900048,7,245,-238
105900050,104,152,-48
105900051,2,517,-515
105900052,44,1,43
105900053,1607,230,1377
105900054,111,88,23
105900056,282,26,256
105900057,0,46,-46
105900058,2,16,-14
105900059,0,10,-10
106000001,804,333,471
106000002,999,1624,-625
106000003,1505,720,785
106000004,1105,949,156
106000005,919,1413,-494
106000006,2501,2154,347
106000007,224,184,40
106000008,219,200,19
106000009,145,116,29
106000010,252,325,-73
106000011,239,365,-126
106000012,265,761,-496
106000013,552,608,-56
106000014,786,1006,-220
106000015,330,383,-53
106000016,601,1236,-635
106000017,298,395,-97
106000018,210,434,-224
106000019,108,253,-145
106000020,82,261,-179
106000021,161,243,-82
106000022,83,216,-133
106000023,177,209,-32
106000024,137,461,-324
106000025,70,66,4
106000026,120,245,-125
106000027,109,218,-109
106000028,223,469,-246
106000029,442,920,-478
106000030,314,136,178
106000034,140,316,-176
106000035,193,268,-75
106000036,158,130,28
106000037,456,665,-209
106000038,170,71,99
106000039,50,25,25
106000040,63,376,-313
106000041,264,137,127
106000043,116,25,91
106000046,90,12,78
106000047,11,204,-193
106000049,77,51,26
106000050,115,412,-297
106000051,71,126,-55
106000052,23,350,-327
106000053,3,0,3
106000054,133,231,-98
106000055,52,165,-113
106000056,121,314,-193
106000057,0,0,0
106000058,51,112,-61
106000059,25,65,-40
106000060,294,380,-86
106000061,62,60,2
106000062,159,398,-239
106000063,91,127,-36
106000064,32,256,-224
106000065,17,26,-9
106000066,35,234,-199
106000067,13,26,-13
106000068,7,347,-340
106000069,9,36,-27
106000070,58,375,-317
106000071,37,98,-61
106000072,1919,532,1387
106000073,647,626,21
106000074,94,246,-152
106000075,83,378,-295
106000076,291,628,-337
106000077,713,483,230
106000078,151,444,-293
106000079,114,514,-400
106000080,303,446,-143
106000081,113,413,-300
106000082,799,467,332
106000083,81,447,-366
106000084,113,300,-187
106000085,289,361,-72
106000086,105,237,-132
106000087,149,255,-106
106000088,61,334,-273
106000089,128,223,-95
106000090,36,330,-294
106000091,127,211,-84
106000092,103,66,37
106000093,38,18,20
106000094,44,240,-196
106000095,134,591,-457
106000096,113,361,-248
106000097,108,817,-709
106000098,60,504,-444
106000099,34,517,-483
106000100,124,178,-54
106000101,130,148,-18
106000102,15,291,-276
106000103,73,372,-299
106000104,155,155,0
106000105,129,550,-421
106000106,127,175,-48
106000107,41,336,-295
106000108,62,164,-102
106000109,34,247,-213
106000110,38,142,-104
106000111,71,370,-299
106000112,42,139,-97
106000113,611,367,244
106000114,251,107,144
106000115,69,373,-304
106000116,56,90,-34
106000117,446,470,-24
106000118,392,357,35
106000119,1393,425,968
106000120,370,178,192
106000121,34,122,-88
106000122,16,106,-90
106000123,57,161,-104
106000124,25,180,-155
106000125,3,181,-178
106000126,45,129,-84
106000127,84,522,-438
106000128,75,137,-62
106000129,82,367,-285
106000130,86,136,-50
106000131,59,254,-195
106000132,263,59,204
106000133,2326,348,1978
106000134,241,140,101
106000135,108,602,-494
106000136,98,74,24
106000137,43,1050,-1007
106000138,95,15,80
106000139,0,0,0
106000140,19,62,-43
106000141,16,86,-70
106000142,0,0,0
106000143,4,107,-103
106000144,1,0,1
106000145,49,344,-295
106000146,0,1,-1
106000147,180,536,-356
106000148,217,531,-314
106000149,163,340,-177
106000150,192,613,-421
106000151,2272,241,2031
106000152,618,287,331
106000153,42,416,-374
106000154,1089,111,978
106000155,26,50,-24
106000156,139,141,-2
106000157,222,838,-616
106000158,1423,226,1197
106000159,2444,567,1877
106000160,40,408,-368
106000161,495,292,203
106000162,43,189,-146
106000163,57,377,-320
106000164,61,78,-17
106000165,52,386,-334
106000166,73,105,-32
106000167,90,909,-819
106000168,37,78,-41
106000169,35,466,-431
106000170,54,62,-8
106000171,15,445,-430
106000172,474,322,152
106000173,283,1174,-891
106000174,66,91,-25
106000175,70,519,-449
106000176,212,186,26
106000177,220,1158,-938
106000178,606,416,190
106000179,297,825,-528
106000180,343,925,-582
106000181,109,979,-870
106000182,91,322,-231
106000183,111,541,-430
106000184,202,444,-242
106000185,166,400,-234
106000186,206,94,112
106000187,35,249,-214
106000188,0,1,-1
106000189,3,20,-17
106000190,0,0,0
106000191,101,69,32
106000192,0,11,-11
106000193,94,61,33
106000194,55,217,-162
106000195,118,27,91
106000196,27,133,-106
106000197,70,118,-48
106000198,38,195,-157
106000199,292,191,101
106000200,178,43,135
106000201,172,206,-34
106000202,3217,175,3042
106000203,102,103,-1
106000204,4,0,4
106000205,8,76,-68
106000206,13,2,11
106000207,27,556,-529
106000208,76,16,60
106000209,103,82,21
106000210,88,760,-672
106000211,132,970,-838
106000212,50,34,16
106000213,232,455,-223
106000214,639,81,558
106000215,62,285,-223
106000216,115,95,20
106000217,86,258,-172
106000218,81,103,-22
106000219,35,133,-98
106000220,100,102,-2
106000221,20,150,-130
106000222,59,47,12
106000223,8,30,-22
106000224,22,154,-132
106000225,2,26,-24
106000226,24,163,-139
106000228,7,86,-79
106000229,13,435,-422
106000231,106,30,76
106000232,17,234,-217
106000233,55,31,24
106000234,6,96,-90
106000235,24,15,9
106000236,17,22,-5
106000237,2,17,-15
106000238,7,4,3
106000239,1,17,-16
106000240,9,2,7
106000241,7,300,-293
106000242,31,4,27
106000249,0,0,0
106000250,8,175,-167
106000251,55,20,35
106000252,7,55,-48
106000253,1,30,-29
106000254,11,32,-21
106000255,0,44,-44
106000256,20,56,-36
106000257,22,140,-118
106000258,6,5,1
106000259,0,10,-10
106000260,0,0,0
106000261,0,26,-26
106000262,5,3,2
106000263,0,26,-26
106000264,31,2,29
106000265,7,66,-59
106000266,30,6,24
106000267,7,83,-76
106000268,103,3,100
106000269,24,34,-10
106000270,69,200,-131
106000271,15,79,-64
106000272,33,32,1
106000273,1,60,-59
106000274,98,29,69
106000275,34,77,-43
106000276,38,27,11
106000277,60,83,-23
106000278,112,16,96
106000279,0,56,-56
106000280,10,90,-80
106000281,44,66,-22
106000282,29,39,-10
106000283,15,50,-35
106000284,10,42,-32
106000285,27,60,-33
106000286,15,64,-49
106000287,38,83,-45
106000288,26,91,-65
106000289,14,60,-46
106000290,24,73,-49
106000291,16,35,-19
106000292,28,88,-60
106000293,37,47,-10
106000294,44,58,-14
106000295,18,24,-6
106000296,25,52,-27
106000297,50,74,-24
106000298,72,17,55
106000299,38,58,-20
106000300,12,57,-45
106000301,45,80,-35
106000303,1,9,-8
106000304,3,22,-19
106000305,15,6,9
106000306,31,43,-12
106000307,2,4,-2
106000308,25,84,-59
106000309,7,40,-33
106000310,46,222,-176
106000311,123,34,89
106000312,29,72,-43
106000313,36,101,-65
106000318,78,80,-2
106000319,72,6,66
106000320,1,13,-12
106000321,64,25,39
106000322,14,125,-111
106000324,1,104,-103
106000325,357,338,19
106000326,325,1006,-681
106000327,10,61,-51
106000328,1,40,-39
106000329,14,117,-103
106000330,12,18,-6
106000428,24,81,-57
106000429,44,294,-250
106000430,148,922,-774
106000431,252,104,148
106000432,485,1367,-882
106000433,322,245,77
106000434,586,137,449
106000435,1096,1243,-147
106000436,8,179,-171
106000437,38,3,35
106000438,17,16,1
106000439,15,195,-180
106000440,84,316,-232
106000441,0,0,0
106000442,34,2,32
106000443,50,337,-287
106000450,4,116,-112
106000451,8,0,8
106000454,2,29,-27
106000455,5,107,-102
106000456,19,4,15
106000457,1,572,-571
106000458,28,27,1
106000459,32,210,-178
106000460,81,2,79
106000461,8,1022,-1014
106000462,0,12,-12
106000463,1,5,-4
106000464,4,316,-312
106000465,27,0,27
106000466,2,388,-386
106000467,289,219,70
106000468,12,131,-119
106000469,29,0,29
106000470,100,410,-310
106000471,6,206,-200
106000472,34,0,34
106000473,18,18,0
106000474,190,538,-348
106000475,138,142,-4
106000476,72,93,-21
106000477,10,147,-137
106000480,0,45,-45
106900001,0,2,-2
106900002,0,289,-289
106900003,68,299,-231
106900004,0,13,-13
106900006,0,12,-12
106900007,0,5,-5
106900008,44,78,-34
106900009,51,156,-105
106900010,22,121,-99
106900012,443,181,262
106900013,14,7,7
106900014,3,0,3
106900015,1,0,1
106900016,6,0,6
106900017,0,0,0
106900018,0,0,0
106900019,1,0,1
106900020,1211,155,1056
106900021,1,12,-11
106900022,18,0,18
106900023,6,145,-139
106900024,24,0,24
106900025,10,307,-297
106900026,1,454,-453
106900027,49,0,49
107000001,469,568,-99
107000002,1300,1912,-612
107000003,1199,1932,-733
107000004,2692,3585,-893
107000005,461,1084,-623
107000006,1509,4088,-2579
107000007,2023,1651,372
107000008,11813,7404,4409
107000009,1536,1529,7
107000010,5727,6967,-1240
107000011,511,674,-163
107000012,1692,1831,-139
107000013,23,119,-96
107000014,8,172,-164
107000015,137,586,-449
107000016,116,783,-667
107000017,813,461,352
107000018,2,153,-151
107000020,266,110,156
107000021,321,639,-318
107000022,197,1053,-856
107000023,598,300,298
107000024,121,1381,-1260
107000025,65,188,-123
107000026,50,466,-416
107000027,423,315,108
107000028,525,706,-181
107000029,447,661,-214
107000030,1571,1544,27
107000031,511,655,-144
107000032,37,156,-119
107000033,1920,1739,181
107000034,3197,1007,2190
107000035,155,53,102
107000036,195,435,-240
107000037,21,240,-219
107000038,112,148,-36
107000039,157,230,-73
107000040,53,190,-137
107000041,413,209,204
107000042,213,666,-453
107000043,1178,277,901
107000044,289,245,44
107000045,62,212,-150
107000046,117,82,35
107000047,118,528,-410
107000048,126,143,-17
107000049,100,370,-270
107000050,143,211,-68
107000051,239,145,94
107000052,341,235,106
107000053,101,41,60
107000054,34,132,-98
107000055,89,64,25
107000056,240,430,-190
107000057,1268,150,1118
107000058,274,383,-109
107000059,678,1508,-830
107000060,698,1195,-497
107000061,2136,2126,10
107000062,658,803,-145
107000063,1547,2843,-1296
107000064,721,648,73
107000065,1698,3618,-1920
107000066,390,517,-127
107000067,270,363,-93
107000068,561,190,371
107000069,162,128,34
107000070,10,2,8
107000071,205,4,201
107000072,13,1972,-1959
107000073,45,35,10
107000074,71,453,-382
107000075,220,22,198
107000076,405,1297,-892
107000077,436,51,385
107000078,503,1971,-1468
107000079,334,100,234
107000080,440,1874,-1434
107000081,208,106,102
107000082,133,1758,-1625
107000083,121,122,-1
107000084,207,1498,-1291
107000085,1034,1284,-250
107000086,1577,1253,324
107000087,1095,822,273
107000088,878,1499,-621
107000089,526,645,-119
107000090,571,450,121
107000091,296,435,-139
107000092,253,667,-414
107000093,238,352,-114
107000094,246,614,-368
107000095,97,74,23
107000096,257,552,-295
107000097,57,62,-5
107000098,228,532,-304
107000099,72,65,7
107000100,150,280,-130
107000101,13,66,-53
107000102,251,228,23
107000103,68,55,13
107000104,108,182,-74
107000105,52,34,18
107000106,59,164,-105
107000107,105,65,40
107000108,68,533,-465
107000109,3,0,3
107000110,20,400,-380
107000111,0,0,0
107000112,2,273,-271
107000113,2,1,1
107000114,28,512,-484
107000115,0,0,0
107000116,22,611,-589
107000117,1,2,-1
107000118,43,141,-98
107000119,640,156,484
107000120,1505,175,1330
107000121,78,177,-99
107000122,281,343,-62
107000123,48,339,-291
107000124,119,411,-292
107000125,121,363,-242
107000126,306,738,-432
107000129,46,718,-672
107000130,54,61,-7
107000131,85,467,-382
107000132,74,104,-30
107000133,68,38,30
107000134,13,0,13
107000135,0,129,-129
107000136,89,1,88
107000137,0,229,-229
107000138,59,3,56
107000139,4,155,-151
107000140,217,11,206
107000141,83,499,-416
107000142,88,13,75
107000143,16,556,-540
107000144,84,35,49
107000145,50,323,-273
107000146,61,21,40
107000147,2459,502,1957
107000150,344,520,-176
107000151,14,20,-6
107000152,170,151,19
107000153,159,130,29
107000154,82,43,39
107000155,180,6,174
107000156,275,2,273
107000157,7,1692,-1685
107000158,129,3,126
107000159,18,961,-943
107000160,103,30,73
107000161,50,1201,-1151
107000162,54,71,-17
107000163,11,0,11
107000164,32,0,32
107000165,82,1,81
107000166,32,788,-756
107000167,125,136,-11
107000168,251,97,154
107000169,535,707,-172
107000170,220,150,70
107000171,203,1986,-1783
107000172,180,229,-49
107000173,360,732,-372
107000174,331,655,-324
107000175,6822,868,5954
107000176,0,0,0
107000177,0,0,0
107000178,2,5,-3
107000179,76,1931,-1855
107000180,174,147,27
107000181,96,886,-790
107000182,178,368,-190
107000183,42,667,-625
107000184,132,348,-216
107000185,51,701,-650
107000186,61,70,-9
107000187,325,448,-123
107000188,130,150,-20
107000189,135,346,-211
107000190,157,328,-171
107000191,261,502,-241
107000192,380,495,-115
107000193,136,114,22
107000194,359,309,50
107000197,81,78,3
107000198,64,403,-339
107000199,302,436,-134
107000200,548,201,347
107000201,169,124,45
107000202,88,280,-192
107000203,467,216,251
107000204,346,189,157
107000205,1613,593,1020
107000206,250,166,84
107000207,484,375,109
107000208,633,121,512
107000209,827,195,632
107000210,697,133,564
107000211,0,20,-20
107000212,6,234,-228
107000213,16,2,14
107000214,3,121,-118
107000215,70,254,-184
107000216,24,309,-285
107000217,20,69,-49
107000219,28,51,-23
107000220,16,210,-194
107000222,101,451,-350
107000224,78,11,67
107000225,63,399,-336
107000226,45,33,12
107000227,50,332,-282
107000228,44,108,-64
107000229,99,56,43
107000230,840,315,525
107000231,103,141,-38
107000232,34,35,-1
107000233,121,158,-37
107000234,0,2,-2
107000235,2,1,1
107000236,12,172,-160
107000237,0,0,0
107000238,0,2,-2
107000239,3276,149,3127
107000240,17,824,-807
107000243,0,24,-24
107000244,8,56,-48
107000246,1,766,-765
107000249,0,484,-484
107000251,0,128,-128
107000252,3,893,-890
107000255,330,16,314
107000257,1,520,-519
107000258,0,90,-90
107000259,0,207,-207
107000260,90,0,90
107000262,8,643,-635
107000263,17,0,17
107000266,1,1,0
107000267,23,127,-104
107000268,65,116,-51
107000269,13,13,0
107000270,0,3,-3
107000271,1,688,-687
107000272,2,261,-259
107000273,1,194,-193
107000274,83,3,80
107000275,61,501,-440
107000280,79,11,68
107000281,6,781,-775
107000282,7,998,-991
107000290,2,47,-45
107000291,2,10,-8
107000292,2,51,-49
107000293,52,1,51
107000294,0,44,-44
107000295,6,2,4
107000296,0,0,0
107000444,96,3,93
107000496,0,1,-1
107000497,432,2082,-1650
107000500,138,145,-7
107000501,44,94,-50
107000502,35,171,-136
107000505,293,366,-73
107000506,0,6,-6
107000508,1,498,-497
107000509,24,77,-53
107000510,32,12,20
107000514,1,141,-140
107000515,4,198,-194
107000516,61,64,-3
107000518,143,42,101
107000519,1807,682,1125
107000520,11,2,9
107000521,150,307,-157
107000522,76,467,-391
107900001,4,175,-171
107900002,36,2,34
107900003,10,9,1
107900004,0,0,0
107900005,84,0,84
107900006,7,0,7
107900007,39,7,32
107900008,24,46,-22
107900009,24,1,23
107900010,1,1,0
107900012,45,4,41
107900013,85,21,64
107900014,0,1,-1
107900015,98,1,97
107900016,179,35,144
107900017,0,1,-1
107900018,5,6,-1
107900019,4,59,-55
107900020,53,7,46
107900021,4,79,-75
107900023,0,0,0
107900024,0,5,-5
107900025,82,108,-26
107900026,11,71,-60
107900027,2,35,-33
107900028,4,61,-57
107900030,44,3,41
107900031,23,143,-120
107900032,0,1,-1
107900033,2,3,-1
107900034,20,1,19
107900035,76,0,76
107900036,12,0,12
107900037,1,15,-14
107900038,66,30,36
107900039,3,46,-43
107900040,2,35,-33
107900041,2,0,2
107900043,8,91,-83
107900044,0,2,-2
107900045,3,6,-3
107900046,18,8,10
107900047,0,24,-24
107900048,14,0,14
107900049,76,46,30
107900050,41,178,-137
107900051,10,30,-20
107900052,3,1,2
107900053,5,44,-39
107900055,39,52,-13
107900056,13,2,11
107900057,0,0,0
107900058,14,437,-423
107900060,0,16,-16
107900061,8,0,8
107900063,9,16,-7
107900064,103,2,101
107900065,21,2,19
107900066,6,6,0
107900067,0,0,0
107900068,42,57,-15
107900069,6,110,-104
107900070,11,3,8
107900071,5,494,-489
107900072,12,97,-85
107900073,5,37,-32
107900074,458,80,378
107900076,22,19,3
107900077,12,2,10
107900079,1,1,0
107900080,111,72,39
107900081,3,13,-10
107900082,7,27,-20
107900083,31,48,-17
107900084,21,20,1
107900086,25,16,9
107900087,92,24,68
107900088,2,1,1
107900089,202,364,-162
107900090,111,131,-20
107900091,31,196,-165
107900093,9,11,-2
107900095,1266,424,842
107900097,5,14,-9
107900098,10,18,-8
107900100,397,130,267
107900101,419,43,376
107900102,22,1,21
107900103,22,113,-91
107900104,12,0,12
107900105,0,426,-426
107900106,3,1017,-1014
107900107,553,51,502
107900108,80,23,57
107900109,71,0,71
107900110,2,66,-64
107900111,5,876,-871
107900112,31,106,-75
107900113,3,38,-35
107900114,36,150,-114
107900115,0,9,-9
107900116,9,147,-138
107900117,76,196,-120
107900118,25,69,-44
107900119,16,17,-1
107900120,14,2,12
107900121,2,53,-51
107900122,2,35,-33
107900123,3,12,-9
107900124,0,34,-34
107900125,4,76,-72
107900126,3,7,-4
107900127,199,13,186
107900128,43,29,14
107900129,1,43,-42
107900130,0,18,-18
107900131,54,11,43
107900132,20,218,-198
107900133,2,19,-17
107900134,8,4,4
107900135,0,130,-130
107900136,22,9,13
107900137,29,33,-4
107900138,3,9,-6
107900139,0,10,-10
107900141,16,3,13
107900142,21,479,-458
107900143,17,24,-7
107900144,0,90,-90
107900145,5,38,-33
107900146,15,41,-26
107900147,8,4,4
107900148,69,81,-12
107900149,1083,35,1048
107900150,16,342,-326
107900151,1,51,-50
107900152,5,100,-95
107900153,45,42,3
107900154,6,2,4
107900155,4,20,-16
107900156,0,166,-166
107900157,14,57,-43
107900158,73,4,69
107900159,13,483,-470
107900160,4,80,-76
107900161,2,117,-115
107900162,1,42,-41
107900163,5,24,-19
107900164,0,6,-6
107900165,17,19,-2
107900166,2,169,-167
107900167,2,0,2
107900168,2,39,-37
107900169,4,115,-111
107900171,2,945,-943
107900172,1,177,-176
107900173,0,137,-137
107900174,4,1,3
107900175,0,0,0
107900176,6,33,-27
107900177,0,21,-21
107900178,0,162,-162
107900179,2,55,-53
107900180,628,50,578
107900181,160,237,-77
107900182,61,942,-881
107900183,0,259,-259
107900184,8,133,-125
107900185,10,3,7
107900186,0,16,-16
107900187,0,66,-66
107900188,412,20,392
107900189,1,38,-37
107900190,89,12,77
107900191,10,91,-81
107900193,29,23,6
107900194,11,1,10
107900195,2279,115,2164
107900196,22,30,-8
107900197,95,41,54
107900199,1,759,-758
107900201,23,77,-54
107900203,15,50,-35
107900204,140,120,20
107900206,221,48,173
107900207,0,434,-434
107900208,3,510,-507
107900209,113,27,86
107900210,31,62,-31
107900213,76,138,-62
107900214,3,97,-94
107900215,66,141,-75
107900216,20,16,4
107900217,11,11,0
107900218,5,1057,-1052
107900219,4,93,-89
107900220,52,22,30
107900221,93,128,-35
107900223,15,221,-206
107900224,78,120,-42
107900225,3,489,-486
107900226,12,78,-66
107900227,47,155,-108
107900228,3,40,-37
107900229,0,238,-238
107900230,1,94,-93
107900231,3,87,-84
107900232,7,183,-176
107900233,1,59,-58
107900234,8,127,-119
107900235,27,76,-49
107900236,5,60,-55
107900237,53,261,-208
107900238,7,60,-53
107900239,595,186,409
107900240,3,81,-78
107900241,6,54,-48
107900242,4,266,-262
107900243,1,19,-18
107900244,65,1,64
107900245,48,3,45
107900246,4,0,4
107900248,50,167,-117
107900249,56,0,56
107900250,1,317,-316
107900251,4,738,-734
107900252,47,0,47
107900253,11,0,11
107900254,13,34,-21
107900255,255,6,249
107900256,68,385,-317
107900257,24,6,18
107900258,5,171,-166
107900259,22,152,-130
107900261,0,216,-216
107900262,24,69,-45
107900264,26,0,26
107900265,14,94,-80
107900267,11,4,7
107900268,18,0,18
107900269,0,4,-4
107900270,0,0,0
107900271,0,0,0
107900272,1,0,1
107900273,4,28,-24
107900274,1,0,1
107900275,18,0,18
107900276,0,21,-21
107900277,0,122,-122
107900278,54,196,-142
107900279,56,11,45
107900280,971,440,531
107900281,1410,235,1175
107900282,11,62,-51
107900283,710,198,512
107900284,25,298,-273
107900285,14,67,-53
107900286,31,24,7
107900287,50,37,13
107900290,0,13,-13
107900291,67,2,65
107900292,23,118,-95
107900293,16,265,-249
107900295,5,87,-82
107900297,0,127,-127
107900298,263,414,-151
107900299,2220,321,1899
107900301,88,97,-9
107900302,15,2,13
107900303,13,138,-125
107900304,30,285,-255
107900305,18,5,13
107900306,0,4,-4
107900307,18,202,-184
107900308,45,4,41
107900309,1,0,1
107900310,0,0,0
107900311,20,19,1
107900312,0,0,0
107900313,0,37,-37
107900314,0,15,-15
107900315,1,6,-5
107900316,0,0,0
107900317,6,0,6
107900318,2,35,-33
107900319,1,137,-136
107900320,0,108,-108
107900321,13,2,11
107900322,1,117,-116
107900323,3,54,-51
107900324,31,1,30
107900325,13,0,13
107900326,18,234,-216
107900327,0,0,0
107900328,0,0,0
107900329,0,0,0
107900330,0,348,-348
107900331,4,14,-10
107900332,24,12,12
107900333,9,5,4
107900334,1,164,-163
107900335,13,48,-35
107900336,4,8,-4
107900337,673,96,577
107900338,0,54,-54
107900339,0,6,-6
107900340,0,30,-30
107900341,2,0,2
107900342,30,62,-32
107900343,4,0,4
107900344,2,81,-79
107900345,9,13,-4
107900346,9,0,9
107900347,1,1,0
107900348,1,1,0
107900349,5,2,3
107900350,29,139,-110
107900351,0,127,-127
107900352,1,35,-34
107900353,0,5,-5
107900354,2,30,-28
108000001,749,818,-69
108000002,1257,2117,-860
108000003,1000,561,439
108000004,9765,8919,846
108000005,1249,866,383
108000006,1895,3460,-1565
108000007,1090,1257,-167
108000008,2293,3315,-1022
108000009,573,1105,-532
108000010,913,2944,-2031
108000011,2981,2341,640
108000012,10258,9175,1083
108000014,52,138,-86
108000015,48,133,-85
108000016,82,495,-413
108000017,76,112,-36
108000018,118,125,-7
108000019,203,190,13
108000020,129,80,49
108000021,166,960,-794
108000022,221,762,-541
108000023,210,20,190
108000024,29,350,-321
108000025,42,96,-54
108000026,63,290,-227
108000027,84,461,-377
108000028,39,161,-122
108000029,53,605,-552
108000030,15,90,-75
108000031,31,380,-349
108000032,134,89,45
108000033,186,676,-490
108000034,223,108,115
108000035,338,1470,-1132
108000036,137,919,-782
108000037,232,83,149
108000038,334,90,244
108000039,135,1393,-1258
108000040,259,152,107
108000041,314,1459,-1145
108000042,4,134,-130
108000043,23,220,-197
108000044,11,87,-76
108000045,39,519,-480
108000046,96,75,21
108000047,91,681,-590
108000048,28,292,-264
108000049,51,26,25
108000050,82,403,-321
108000051,25,15,10
108000052,127,392,-265
108000053,62,29,33
108000054,189,515,-326
108000055,163,118,45
108000056,604,596,8
108000057,105,231,-126
108000058,521,550,-29
108000059,1506,817,689
108000060,44,173,-129
108000061,131,386,-255
108000062,87,106,-19
108000063,75,444,-369
108000064,38,52,-14
108000065,162,344,-182
108000066,404,171,233
108000067,237,96,141
108000068,118,90,28
108000069,98,717,-619
108000070,217,161,56
108000071,204,1218,-1014
108000072,159,194,-35
108000073,467,995,-528
108000074,47,53,-6
108000075,99,509,-410
108000076,67,94,-27
108000077,243,586,-343
108000078,471,358,113
108000079,578,1087,-509
108000080,178,165,13
108000081,195,1837,-1642
108000082,612,778,-166
108000083,473,189,284
108000084,138,643,-505
108000085,68,52,16
108000086,374,373,1
108000087,35,340,-305
108000088,69,16,53
108000089,128,77,51
108000091,32,287,-255
108000092,9,14,-5
108000093,87,496,-409
108000094,67,24,43
108000095,40,342,-302
108000096,35,35,0
108000097,40,366,-326
108000098,118,241,-123
108000099,199,118,81
108000100,18,111,-93
108000101,123,201,-78
108000102,317,609,-292
108000106,100,0,100
108000107,0,341,-341
108000108,115,1,114
108000109,3,374,-371
108000110,26,110,-84
108000111,51,420,-369
108000112,4,12,-8
108000113,184,152,32
108000115,257,138,119
108000117,321,98,223
108000118,134,298,-164
108000119,272,310,-38
108000120,7,210,-203
108000121,33,286,-253
108000122,34,103,-69
108000123,76,129,-53
108000124,44,384,-340
108000125,39,194,-155
108000126,59,460,-401
108000127,47,322,-275
108000128,87,542,-455
108000129,60,1020,-960
108000130,32,273,-241
108000131,123,68,55
108000132,500,528,-28
108000133,104,161,-57
108000134,295,607,-312
108000135,158,129,29
108000136,450,800,-350
108000137,89,283,-194
108000138,114,654,-540
108000139,32,221,-189
108000140,10,6,4
108000141,6,116,-110
108000142,14,84,-70
108000143,43,447,-404
108000144,52,33,19
108000145,8,13,-5
108000146,78,15,63
108000147,5,14,-9
108000148,30,16,14
108000149,2,16,-14
108000150,24,0,24
108000151,60,16,44
108000152,39,412,-373
108000153,45,47,-2
108000154,23,7,16
108000155,12,10,2
108000156,337,265,72
108000157,25,116,-91
108000158,26,122,-96
108000159,371,56,315
108000160,2834,300,2534
108000161,2045,355,1690
108000165,1,69,-68
108000172,1,68,-67
108000173,1410,546,864
108000175,43,49,-6
108000178,258,198,60
108000179,93,190,-97
108000181,28,23,5
108000182,114,28,86
108000183,15,211,-196
108000184,481,500,-19
108000185,9,459,-450
108000186,31,282,-251
108000187,22,480,-458
108000188,64,92,-28
108000189,689,700,-11
108000190,4,42,-38
108000192,51,414,-363
108000193,250,16,234
108000194,0,1,-1
108000195,0,594,-594
108000196,6,27,-21
108000198,125,249,-124
108000199,0,45,-45
108000200,60,316,-256
108000203,38,709,-671
108000204,31,11,20
108000205,339,295,44
108000339,541,137,404
108000364,211,174,37
108000365,15,168,-153
108000367,31,109,-78
108000368,10,37,-27
108000369,1160,34,1126
108000371,0,387,-387
108000372,40,3,37
108000373,2,2,0
108000376,50,5,45
108000377,119,148,-29
108000378,3753,2062,1691
108000379,5,44,-39
108000381,3,9,-6
108000382,23,1,22
108000383,1,85,-84
108900001,61,566,-505
108900002,73,24,49
108900003,120,507,-387
108900004,458,92,366
108900007,16,58,-42
108900008,6,53,-47
108900009,13,35,-22
108900010,11,54,-43
108900011,53,203,-150
108900012,32,261,-229
108900013,7,116,-109
108900014,0,33,-33
108900015,0,5,-5
108900016,0,89,-89
108900017,79,57,22
108900018,20,312,-292
108900019,0,637,-637
108900020,7,153,-146
108900021,40,167,-127
108900022,6,0,6
108900023,0,13,-13
108900024,0,99,-99
108900025,5,38,-33
108900026,4,36,-32
108900027,0,58,-58
108900028,6,328,-322
108900029,6,109,-103
108900030,0,60,-60
108900031,15,366,-351
108900032,0,143,-143
108900033,0,25,-25
108900034,0,166,-166
108900035,38,1268,-1230
108900038,0,243,-243
108900039,0,388,-388
108900040,1,53,-52
108900041,2746,569,2177
108900042,1,87,-86
108900043,13,211,-198
108900044,3,490,-487
108900045,18,377,-359
108900046,11,533,-522
108900047,2,48,-46
108900048,12,401,-389
108900049,2759,231,2528
108900050,5,183,-178
108900051,0,100,-100
108900052,3,140,-137
108900053,22,34,-12
108900054,10,95,-85
108900055,15,295,-280
108900056,1,127,-126
108900057,0,105,-105
108900058,13,369,-356
108900059,91,4,87
108900060,32,23,9
108900061,20,6,14
108900062,1,224,-223
108900063,6,200,-194
108900064,16,34,-18
108900065,2,249,-247
108900066,53,44,9
108900067,7,202,-195
108900068,2,187,-185
108900069,6,91,-85
108900070,21,146,-125
108900071,6,19,-13
108900072,1031,72,959
108900073,9,392,-383
108900074,14,255,-241
108900075,14,65,-51
108900076,23,15,8
108900077,121,420,-299
108900078,2,93,-91
108900079,294,84,210
108900080,4,103,-99
108900081,26,178,-152
108900082,6,46,-40
108900083,2,25,-23
108900085,1131,46,1085
108900086,16,191,-175
108900087,56,86,-30
108900088,102,67,35
108900089,1,22,-21
108900090,3,235,-232
108900091,66,34,32
108900092,71,45,26
108900093,12,13,-1
108900094,50,18,32
108900095,26,381,-355
108900096,280,11,269
108900097,68,129,-61
108900098,1505,33,1472
108900099,92,231,-139
108900100,5,40,-35
108900101,31,16,15
108900102,30,149,-119
108900103,10,10,0
108900105,2,113,-111
108900106,36,310,-274
108900108,50,3,47
108900109,35,25,10
108900110,13,226,-213
108900111,27,409,-382
108900113,12,4,8
108900114,2,1,1
108900115,10,18,-8
108900116,7,2,5
108900117,11,11,0
108900118,59,1,58
108900119,34,7,27
108900120,45,20,25
108900121,27,2,25
108900122,7,4,3
108900123,7,6,1
108900124,22,37,-15
108900125,21,1,20
108900126,9,5,4
108900127,13,14,-1
108900128,8,3,5
108900129,113,23,90
108900130,11,0,11
108900131,29,0,29
108900132,34,9,25
108900133,28,9,19
108900134,12,147,-135
108900135,13,0,13
108900136,0,0,0
108900137,8,0,8
108900138,61,0,61
108900140,18,75,-57
108900141,13,1,12
108900142,1,0,1
108900143,2,0,2
108900144,6,0,6
108900145,6,0,6
108900146,2,0,2
108900147,29,0,29
108900148,22,1,21
108900150,103,4,99
108900151,5,1,4
108900152,6,2,4
108900153,13,317,-304
108900154,684,96,588
108900156,13,15,-2
108900157,1,367,-366
108900158,28,9,19
108900159,2,160,-158
108900160,1,142,-141
108900161,6,214,-208
108900162,4,0,4
108900163,0,33,-33
108900164,20,67,-47
108900168,5895,509,5386
108900169,14,40,-26
108900171,2943,446,2497
108900172,40,12,28
108900173,91,129,-38
108900174,66,206,-140
108900176,29,381,-352
108900177,4839,535,4304
108900178,2935,350,2585
108900180,13,39,-26
108900183,44,106,-62
108900184,33,51,-18
108900185,15,163,-148
108900186,3,179,-176
108900189,21,31,-10
108900190,2,1480,-1478
108900192,11,158,-147
108900195,17,163,-146
108900196,13,273,-260
108900199,39,147,-108
108900200,81,110,-29
108900201,38,467,-429
108900203,41,3,38
108900204,51,0,51
108900205,23,1,22
108900206,41,1,40
108900207,16,3,13
108900208,19,185,-166
108900209,104,404,-300
108900210,41,93,-52
108900211,21,74,-53
108900212,186,159,27
108900215,32,369,-337
108900216,119,25,94
108900217,31,0,31
108900218,7,1,6
108900221,10,13,-3
108900224,6,22,-16
108900225,0,58,-58
108900227,11,23,-12
108900230,219,180,39
108900232,4,202,-198
108900233,30,26,4
108900234,52,16,36
108900235,68,290,-222
108900236,7,181,-174
108900240,5,37,-32
108900241,4,11,-7
108900245,0,72,-72
108900250,10,24,-14
108900258,16,106,-90
108900259,16,46,-30
108900260,0,66,-66
108900261,63,65,-2
108900262,201,36,165
108900263,13,160,-147
108900264,91,77,14
108900265,673,66,607
108900266,470,44,426
108900267,0,18,-18
108900268,0,0,0
108900269,1,0,1
108900270,2,2,0
108900271,3,0,3
108900272,21,1,20
108900273,386,97,289
108900274,8,16,-8
109000001,991,266,725
109000002,2626,722,1904
109000003,585,197,388
109000004,238,1766,-1528
109000005,326,239,87
109000006,308,1319,-1011
109000007,212,193,19
109000008,181,1100,-919
109000009,772,353,419
109000010,647,2217,-1570
109000011,448,477,-29
109000012,697,2573,-1876
109000013,623,384,239
109000014,473,2535,-2062
109000015,1594,955,639
109000016,5232,2777,2455
109000017,578,385,193
109000018,382,2319,-1937
109000019,577,335,242
109000020,800,1418,-618
109000023,3,0,3
109000024,5,85,-80
109000025,216,136,80
109000026,243,137,106
109000027,26,130,-104
109000028,23,61,-38
109000029,70,44,26
109000030,22,254,-232
109000031,0,0,0
109000032,14,223,-209
109000033,9,14,-5
109000034,14,13,1
109000035,2,6,-4
109000036,40,184,-144
109000037,70,241,-171
109000038,319,134,185
109000039,196,128,68
109000040,1183,483,700
109000041,3449,405,3044
109000042,324,384,-60
109000044,42,102,-60
109000045,20,273,-253
109000046,18,30,-12
109000047,51,274,-223
109000048,262,128,134
109000049,85,272,-187
109000050,67,229,-162
109000051,104,160,-56
109000052,109,1025,-916
109000053,83,87,-4
109000054,24,365,-341
109000055,34,50,-16
109000056,63,365,-302
109000057,68,63,5
109000058,465,234,231
109000059,119,456,-337
109000060,164,67,97
109000061,735,167,568
109000062,23,39,-16
109000063,91,108,-17
109000064,23,26,-3
109000065,12,193,-181
109000066,40,26,14
109000067,9,208,-199
109000068,15,0,15
109000069,4,2,2
109000070,5,408,-403
109000071,159,31,128
109000072,46,344,-298
109000073,20,43,-23
109000074,15,155,-140
109000075,17,232,-215
109000076,28,60,-32
109000077,132,160,-28
109000078,8,42,-34
109000079,44,145,-101
109000080,30,71,-41
109000081,16,269,-253
109000082,61,169,-108
109000083,36,501,-465
109000088,37,213,-176
109000089,40,11,29
109000090,121,339,-218
109000091,81,20,61
109000092,192,474,-282
109000093,37,21,16
109000094,51,1,50
109000095,20,460,-440
109000096,96,12,84
109000097,25,61,-36
109000098,1,3,-2
109000099,72,82,-10
109000100,37,339,-302
109000101,189,368,-179
109000102,82,501,-419
109000103,154,330,-176
109000104,198,203,-5
109000105,157,968,-811
109000106,236,177,59
109000107,107,1021,-914
109000108,135,148,-13
109000109,174,1035,-861
109000110,175,156,19
109000111,357,1072,-715
109000112,83,76,7
109000113,78,66,12
109000114,19,170,-151
109000115,260,50,210
109000116,12,226,-214
109000117,25,59,-34
109000118,5,229,-224
109000119,84,103,-19
109000120,28,879,-851
109000121,84,45,39
109000122,20,919,-899
109000123,10,129,-119
109000124,107,155,-48
109000125,122,173,-51
109000126,125,601,-476
109000127,142,113,29
109000128,97,1766,-1669
109000129,192,104,88
109000130,348,2105,-1757
109000131,251,140,111
109000132,398,1285,-887
109000133,72,433,-361
109000134,167,899,-732
109000135,330,674,-344
109000136,76,236,-160
109000137,32,74,-42
109000138,96,258,-162
109000139,87,164,-77
109000140,51,518,-467
109000141,77,248,-171
109000142,57,259,-202
109000143,19,16,3
109000145,25,26,-1
109000146,42,35,7
109000148,1964,131,1833
109000149,15,11,4
109000150,40,57,-17
109000155,78,180,-102
109000156,389,405,-16
109000158,8,111,-103
109000159,24,241,-217
109000160,161,178,-17
109000161,56,707,-651
109000162,412,567,-155
109000163,184,733,-549
109000164,335,1219,-884
109000165,224,322,-98
109000166,98,68,30
109000167,57,499,-442
109000170,8,17,-9
109000171,16,26,-10
109000172,54,41,13
109000173,36,17,19
109000174,9,38,-29
109000175,15,253,-238
109000176,52,214,-162
109000177,3,42,-39
109000178,86,188,-102
109000179,3655,490,3165
109000180,2331,1069,1262
109000181,2,24,-22
109000182,5,20,-15
109000183,10,41,-31
109000184,12,3,9
109000185,3,62,-59
109000188,66,1403,-1337
109000189,274,404,-130
109000190,116,300,-184
109000191,39,167,-128
109000192,45,109,-64
109000193,50,287,-237
109000194,37,61,-24
109000195,11,236,-225
109000196,20,47,-27
109000197,45,303,-258
109000198,34,40,-6
109000199,50,227,-177
109000206,32,29,3
109000207,31,25,6
109000208,52,26,26
109000209,37,33,4
109000210,111,192,-81
109000211,39,134,-95
109000214,100,930,-830
109000215,6,13,-7
109000216,7,15,-8
109000217,51,25,26
109000218,28,21,7
109000221,30,596,-566
109000222,105,4,101
109000223,87,117,-30
109000224,21,183,-162
109000225,8,30,-22
109000226,10,169,-159
109000227,151,685,-534
109000228,2,170,-168
109000231,3,355,-352
109000232,25,330,-305
109000236,33,494,-461
109000241,324,873,-549
109000242,163,428,-265
109000293,30,78,-48
109000361,21,110,-89
109000364,43,354,-311
109000396,2,698,-696
109000397,70,2,68
109000399,70,301,-231
109000400,21,272,-251
109000403,48,199,-151
109000406,6,2,4
109000407,41,90,-49
109000408,1,328,-327
109000410,232,92,140
109000411,21,6,15
109900001,4,0,4
109900002,96,0,96
109900003,18,0,18
109900005,1,0,1
109900006,21,142,-121
109900007,61,629,-568
109900008,0,13,-13
109900009,30,769,-739
109900010,71,8,63
109900011,27,7,20
109900012,26,44,-18
109900013,41,47,-6
109900015,49,31,18
109900017,5,2,3
109900018,21,63,-42
109900019,27,95,-68
109900020,1,2,-1
109900021,2,2,0
109900022,27,167,-140
109900023,4,0,4
109900024,1,0,1
109900025,2,34,-32
109900027,5,3,2
109900028,1533,131,1402
109900029,3,340,-337
109900030,2,0,2
109900031,0,14,-14
109900032,0,188,-188
109900033,0,143,-143
109900034,1,0,1
109900035,8,4,4
109900036,4,56,-52
109900037,1,310,-309
109900038,7,106,-99
109900039,2,1,1
109900040,12,350,-338
109900041,9,240,-231
109900042,2,267,-265
109900044,17,152,-135
109900045,6,15,-9
109900046,17,17,0
109900047,140,115,25
109900048,20,54,-34
109900049,1,6,-5
109900050,1,175,-174
109900051,0,18,-18
109900052,2,94,-92
109900053,2,278,-276
109900054,41,33,8
109900055,8,115,-107
109900056,3,16,-13
109900057,0,111,-111
109900058,0,67,-67
109900060,51,51,0
109900061,37,148,-111
109900062,1,131,-130
109900064,26,100,-74
109900065,55,53,2
109900066,80,554,-474
109900067,0,242,-242
109900068,2,1,1
109900069,0,5,-5
109900071,0,10,-10
109900072,3,82,-79
109900073,20,337,-317
109900074,1,23,-22
109900075,4,1,3
109900076,7,355,-348
109900077,7,23,-16
109900078,18,136,-118
109900080,40,154,-114
109900081,0,30,-30
109900082,9,327,-318
109900083,0,22,-22
109900084,5,67,-62
109900085,27,645,-618
109900086,12,52,-40
109900087,35,117,-82
109900089,67,21,46
109900092,42,7,35
109900093,106,31,75
109900094,16,39,-23
109900095,38,67,-29
109900096,1,0,1
109900097,4,0,4
109900098,46,0,46
109900099,12,0,12
109900100,1,0,1
109900101,31,0,31
109900102,91,6,85
109900103,30,35,-5
109900104,67,617,-550
109900105,54,21,33
109900106,35,46,-11
109900107,56,18,38
109900108,22,531,-509
109900109,7,130,-123
109900111,86,572,-486
109900114,136,22,114
109900115,11,10,1
109900117,99,26,73
109900121,96,50,46
109900123,1,109,-108
109900125,0,118,-118
109900126,11,111,-100
109900130,5797,244,5553
109900131,33,54,-21
109900132,16,64,-48
109900134,2,9,-7
109900135,142,12,130
109900137,13,207,-194
109900140,44,195,-151
109900149,25,16,9
109900150,0,17,-17
109900151,0,12,-12
109900152,0,6,-6
109900153,0,9,-9
109900154,1,0,1
109900155,3,0,3
109900157,10,107,-97
109900159,48,23,25
109900161,17,14,3
109900162,33,25,8
109900163,288,116,172
109900164,13,140,-127
109900165,19,1,18
109900166,1,69,-68
109900167,18,336,-318
109900168,23,310,-287
109900169,35,53,-18
109900170,109,66,43
109900171,25,33,-8
109900172,21,45,-24
109900173,1829,225,1604
109900174,9,55,-46
109900175,9,24,-15
109900176,39,106,-67
109900177,8,176,-168
109900178,0,60,-60
109900179,1,5,-4
109900180,4,2,2
110000001,269,342,-73
110000002,177,179,-2
110000003,405,381,24
110000004,247,188,59
110000005,570,437,133
110000006,298,211,87
110000007,36,70,-34
110000008,4,13,-9
110000009,3,30,-27
110000010,8,33,-25
110000011,4,52,-48
110000012,361,275,86
110000013,6,103,-97
110000014,404,214,190
110000015,195,164,31
110000016,117,226,-109
110000017,2045,166,1879
110000018,2066,237,1829
110000019,9,109,-100
110000020,268,95,173
110000021,193,135,58
110000022,153,45,108
110000023,4,120,-116
110000024,332,203,129
110000025,43,3,40
110000026,12,367,-355
110000027,291,80,211
110000028,218,342,-124
110000029,162,499,-337
110000030,107,169,-62
110000031,56,312,-256
110000032,200,179,21
110000033,36,42,-6
110000034,101,365,-264
110000035,106,610,-504
110000036,106,402,-296
110000037,39,455,-416
110000038,66,277,-211
110000039,128,313,-185
110000040,133,242,-109
110000041,22,45,-23
110000042,60,255,-195
110000043,56,6,50
110000044,8,38,-30
110000045,22,8,14
110000046,0,3,-3
110000047,2,0,2
110000048,2,7,-5
110000049,0,0,0
110000050,0,8,-8
110000051,2,0,2
110000052,17,27,-10
110000053,1,0,1
110000054,36,85,-49
110000055,22,1,21
110000056,15,7,8
110000057,127,497,-370
110000058,213,329,-116
110000059,253,390,-137
110000060,142,218,-76
110000061,597,541,56
110000062,313,276,37
110000063,8,23,-15
110000064,26,57,-31
110000065,11,40,-29
110000066,14,18,-4
110000067,22,172,-150
110000068,32,349,-317
110000069,24,31,-7
110000071,8,74,-66
110000073,1,3,-2
110000075,0,47,-47
110000076,159,55,104
110000077,163,123,40
110000078,2,15,-13
110000080,79,212,-133
110000081,6,105,-99
110000082,2,75,-73
110000083,102,295,-193
110000084,147,162,-15
110000085,1944,640,1304
110000086,408,253,155
110000087,2,22,-20
110000088,13,130,-117
110000089,15,85,-70
110000090,9,127,-118
110000091,1031,125,906
110000092,6,58,-52
110000093,8,4,4
110000094,208,156,52
110000095,22,167,-145
110000096,2460,827,1633
110000097,363,304,59
110000098,380,197,183
110000099,399,694,-295
110000100,41,424,-383
110000101,5,286,-281
110000102,14,19,-5
110000104,21,26,-5
110000105,11,152,-141
110000106,80,55,25
110000107,194,236,-42
110000108,26,10,16
110000109,108,133,-25
110000110,2112,825,1287
110000111,5060,751,4309
110000112,527,107,420
110000113,354,272,82
110000114,32,137,-105
110000115,50,116,-66
110000116,18,27,-9
110000117,24,328,-304
110000118,102,125,-23
110000119,28,250,-222
110000120,88,101,-13
110000121,42,126,-84
110000122,101,263,-162
110000123,120,141,-21
110000124,2,393,-391
110000125,203,0,203
110000126,61,3,58
110000127,122,2,120
110000128,7,836,-829
110000129,0,435,-435
110000130,22,28,-6
110000131,39,311,-272
110000132,1,377,-376
110000133,16,92,-76
110000134,9,99,-90
110000135,33,11,22
110000136,8,137,-129
110000137,69,357,-288
110000138,102,594,-492
110000139,204,764,-560
110000140,260,89,171
110000143,219,116,103
110000144,1358,318,1040
110000145,362,228,134
110000146,490,208,282
110000147,43,253,-210
110000148,85,60,25
110000151,281,175,106
110000152,251,123,128
110000153,8,32,-24
110000154,2,5,-3
110000155,412,688,-276
110000156,302,435,-133
110000157,502,590,-88
110000160,124,194,-70
110000161,52,264,-212
110000166,31,37,-6
110000167,117,175,-58
110000168,175,92,83
110000169,59,68,-9
110000170,30,26,4
110000171,112,93,19
110000172,45,421,-376
110000173,442,589,-147
110000174,11,799,-788
110000175,33,36,-3
110000176,6,52,-46
110000177,28,264,-236
110000178,377,280,97
110000179,648,122,526
110000180,21,195,-174
110000181,100,209,-109
110000182,166,135,31
110000183,5859,1588,4271
110000184,149,632,-483
110000185,226,359,-133
110000186,288,230,58
110000191,70,280,-210
110000192,30,0,30
110000193,104,0,104
110000194,4,661,-657
110000195,44,186,-142
110000196,60,269,-209
110000197,9,111,-102
110000198,19,41,-22
110000199,7,51,-44
110000200,551,455,96
110000201,124,150,-26
110000202,261,172,89
110000203,228,519,-291
110000204,0,245,-245
110000205,12,46,-34
110000206,163,969,-806
110000207,133,137,-4
110000208,47,82,-35
110000209,40,488,-448
110000210,0,3,-3
110000211,4,1,3
110000212,61,374,-313
110000213,12,20,-8
110000214,34,56,-22
110000215,27,452,-425
110000216,9,372,-363
110000217,39,93,-54
110000218,32,260,-228
110000219,35,7,28
110000220,12,261,-249
110000221,28,24,4
110000222,3,234,-231
110000223,2,19,-17
110000224,13,2,11
110000225,39,258,-219
110000226,1,2,-1
110000227,137,135,2
110000228,20,10,10
110000229,0,164,-164
110000230,112,460,-348
110000231,48,58,-10
110000232,14,105,-91
110000233,24,78,-54
110000234,170,110,60
110000235,400,321,79
110000236,107,603,-496
110000237,376,563,-187
110000238,263,510,-247
110000239,380,667,-287
110000240,1,52,-51
110000242,0,17,-17
110000243,20,148,-128
110000244,66,191,-125
110000245,17,244,-227
110000246,120,302,-182
110000247,523,1762,-1239
110000248,725,680,45
110000249,32,1,31
110000250,1,139,-138
110000251,20,267,-247
110000252,46,179,-133
110000253,282,157,125
110000254,228,716,-488
110000255,91,666,-575
110000256,107,50,57
110000257,78,199,-121
110000258,1,235,-234
110000259,30,10,20
110000260,25,287,-262
110000263,214,65,149
110000264,67,363,-296
110000265,400,452,-52
110000266,471,746,-275
110000267,4,118,-114
110000268,68,212,-144
110000269,0,46,-46
110000270,13,1,12
110000271,470,62,408
110000272,212,456,-244
110000273,479,559,-80
110000274,113,278,-165
110000275,1681,185,1496
110000276,45,105,-60
110000277,30,113,-83
110000278,104,473,-369
110000279,63,221,-158
110000280,41,155,-114
110000281,3,74,-71
110000282,12,15,-3
110000283,2,15,-13
110000284,4,11,-7
110000285,0,64,-64
110000286,0,0,0
110000287,2,2,0
110000288,0,27,-27
110000289,154,448,-294
110000290,810,270,540
110000291,3220,511,2709
110000292,668,846,-178
110000293,93,552,-459
110000294,184,295,-111
110000295,10,362,-352
110000296,35,157,-122
110000297,758,151,607
110000298,186,196,-10
110000299,299,10,289
110000301,50,2,48
110000302,109,852,-743
110000303,39,1,38
110000304,37,162,-125
110000305,99,7,92
110000306,51,1342,-1291
110000307,156,1,155
110000308,31,2,29
110000309,5,974,-969
110000310,103,40,63
110000311,0,536,-536
110000312,200,14,186
110000313,986,869,117
110000314,1,186,-185
110000315,979,690,289
110000316,238,602,-364
110000317,212,244,-32
110000318,1,53,-52
110000319,6,7,-1
110000320,10,42,-32
110000321,2,23,-21
110000322,37,387,-350
110000323,84,226,-142
110000324,3172,591,2581
110000325,188,517,-329
110000327,55,77,-22
110000328,48,287,-239
110000333,78,101,-23
110000334,129,721,-592
110000335,229,216,13
110000336,116,794,-678
110000337,120,216,-96
110000338,34,132,-98
110000339,33,126,-93
110000340,3,103,-100
110000341,66,303,-237
110000342,21,4,17
110000343,0,16,-16
110000344,19,86,-67
110000345,8,32,-24
110000346,1027,559,468
110000347,421,238,183
110000348,0,7,-7
110000349,0,6,-6
110000350,4,0,4
110000351,113,388,-275
110000352,82,739,-657
110000353,1370,336,1034
110000354,331,821,-490
110000355,19,43,-24
110000356,1,0,1
110000357,86,5,81
110000361,0,45,-45
110000362,10,32,-22
110000363,74,53,21
110000364,16,158,-142
110000365,25,0,25
110000366,0,48,-48
110000367,89,74,15
110000368,0,41,-41
110000369,10,1,9
110000373,1,203,-202
110000374,5,0,5
110000375,31,371,-340
110000376,18,107,-89
110000377,0,0,0
110000378,5,175,-170
110000379,1840,543,1297
110000380,2,1,1
110000383,1,250,-249
110000384,225,49,176
110000385,0,86,-86
110000387,0,16,-16
110000388,4,205,-201
110000389,42,1,41
110000391,5,200,-195
110000396,9,87,-78
110000397,17,121,-104
110000398,2,11,-9
110000399,1,1,0
110000587,19,11,8
110000589,40,77,-37
110000640,67,78,-11
110000652,2,29,-27
110000653,59,262,-203
110000654,0,12,-12
110000656,3,401,-398
110000674,3,5,-2
110000675,0,2,-2
110000676,0,9,-9
110000679,472,123,349
110000682,42,11,31
110000683,259,213,46
110000684,0,28,-28
110000685,6,3,3
110000686,0,19,-19
110000687,1,1,0
110000688,16,140,-124
110000689,13,17,-4
110000692,27,165,-138
110000693,26,74,-48
110000694,0,75,-75
110000695,70,453,-383
110000696,84,67,17
110900001,10,0,10
110900002,4,88,-84
110900003,56,573,-517
110900004,60,187,-127
110900005,2276,247,2029
110900006,19,1,18
110900007,5,1,4
110900008,4,26,-22
110900009,59,13,46
110900010,3,50,-47
110900011,2,42,-40
110900012,0,66,-66
110900013,174,61,113
110900014,10,2,8
110900015,371,56,315
110900016,4,133,-129
110900017,22,27,-5
110900018,56,4,52
110900019,12,9,3
110900020,3,324,-321
110900021,21,393,-372
110900022,18,230,-212
110900023,20,340,-320
110900024,13,305,-292
110900025,0,50,-50
110900027,4,197,-193
110900028,9,108,-99
110900029,17,254,-237
110900030,7,208,-201
110900031,52,97,-45
110900032,0,70,-70
110900033,10,133,-123
110900035,4,199,-195
110900036,17,16,1
110900037,12,11,1
110900038,764,71,693
110900039,5,111,-106
110900040,37,10,27
110900041,2,78,-76
110900042,15,20,-5
110900043,2,135,-133
110900044,143,7,136
110900045,16,370,-354
110900046,63,184,-121
110900047,410,20,390
110900049,3,12,-9
110900050,2,1,1
110900051,18,89,-71
110900052,2,143,-141
110900053,8,18,-10
110900054,7,182,-175
110900055,4,0,4
110900056,15,54,-39
110900057,1,137,-136
110900058,15,158,-143
110900059,198,526,-328
110900060,55,23,32
110900061,9,25,-16
110900062,8,213,-205
110900063,7,51,-44
110900064,3,0,3
110900065,199,55,144
110900066,0,27,-27
110900067,342,173,169
110900068,135,103,32
110900069,22,33,-11
110900070,65,33,32
110900071,122,52,70
110900073,0,12,-12
110900074,45,20,25
110900075,35,10,25
110900077,63,184,-121
110900078,0,89,-89
110900079,1004,156,848
110900080,4,14,-10
110900081,0,89,-89
110900082,10,104,-94
110900083,30,4,26
110900084,1,115,-114
110900085,29,251,-222
110900086,12,44,-32
110900087,30,35,-5
110900088,3,0,3
110900090,4,1,3
110900091,0,25,-25
110900093,55,17,38
110900095,0,26,-26
110900097,0,8,-8
110900098,1,43,-42
110900099,36,342,-306
110900100,0,14,-14
110900102,4,10,-6
110900105,421,229,192
110900108,0,71,-71
110900111,63,16,47
110900112,77,0,77
110900113,206,3,203
110900115,2,42,-40
110900116,40,1193,-1153
110900118,108,273,-165
110900119,3392,101,3291
110900120,2,68,-66
110900121,8,0,8
110900122,37,57,-20
110900125,37,44,-7
110900127,182,185,-3
110900128,113,87,26
110900129,70,43,27
110900130,361,85,276
110900131,12,20,-8
110900132,37,4,33
110900133,3,139,-136
110900135,29,215,-186
110900136,53,5,48
110900138,0,0,0
110900139,2,0,2
110900140,0,0,0
110900141,80,141,-61
110900142,13,117,-104
110900143,11,14,-3
110900144,3,360,-357
110900145,27,1,26
110900146,125,12,113
110900147,80,81,-1
110900148,1,143,-142
110900149,0,29,-29
110900150,2,16,-14
110900151,0,26,-26
110900152,4,231,-227
110900153,3,5,-2
111000001,181,187,-6
111000002,331,456,-125
111000003,142,123,19
111000004,223,810,-587
111000005,286,202,84
111000006,388,1002,-614
111000007,1087,471,616
111000008,2104,1427,677
111000009,142,635,-493
111000010,172,98,74
111000011,576,625,-49
111000012,374,112,262
111000013,145,660,-515
111000014,337,171,166
111000017,54,181,-127
111000018,113,181,-68
111000020,1267,1073,194
111000021,37,44,-7
111000023,35,37,-2
111000025,3652,734,2918
111000029,23,57,-34
111000030,18,34,-16
111000031,909,185,724
111000032,196,64,132
111000033,67,32,35
111000034,110,92,18
111000037,1577,684,893
111000038,815,970,-155
111000039,415,1063,-648
111000040,490,1123,-633
111000041,546,549,-3
111000042,3395,1153,2242
111000043,266,183,83
111000044,129,51,78
111000045,308,384,-76
111000046,203,494,-291
111000047,387,567,-180
111000049,98,266,-168
111000050,958,967,-9
111000051,165,578,-413
111000052,252,633,-381
111000053,167,491,-324
111000054,125,560,-435
111000055,484,1109,-625
111000056,48,392,-344
111000057,16,499,-483
111000058,19,59,-40
111000059,37,68,-31
111000060,157,114,43
111000061,119,137,-18
111000062,93,105,-12
111000063,372,284,88
111000064,74,228,-154
111000065,180,247,-67
111000066,34,89,-55
111000067,92,354,-262
111000068,75,296,-221
111000069,714,924,-210
111000070,1376,695,681
111000071,142,445,-303
111000072,82,14,68
111000073,5,40,-35
111000074,211,134,77
111000075,86,96,-10
111000076,26,177,-151
111000077,283,465,-182
111000078,686,683,3
111000079,527,321,206
111000080,101,298,-197
111000081,1225,1024,201
111000082,227,324,-97
111000084,214,259,-45
111000085,230,627,-397
111000086,977,597,380
111000087,317,346,-29
111000088,1417,483,934
111000089,155,391,-236
111000090,651,565,86
111000091,181,461,-280
111000092,276,805,-529
111000093,159,348,-189
111000094,397,402,-5
111000095,123,687,-564
111000096,1431,2483,-1052
111000097,3398,515,2883
111000098,134,768,-634
111000099,148,1597,-1449
111000100,111,1504,-1393
111000101,181,500,-319
111000102,24,479,-455
111000104,36,38,-2
111000107,8,497,-489
111000109,25,31,-6
111000110,189,95,94
111000111,251,115,136
111000112,276,58,218
111000113,119,83,36
111000114,319,238,81
111000115,4041,345,3696
111000116,313,301,12
111000117,179,335,-156
111000118,527,411,116
111000119,357,794,-437
111000120,140,235,-95
111000121,88,196,-108
111000122,171,512,-341
111000123,180,1958,-1778
111000124,99,2266,-2167
111000125,36,1399,-1363
111000126,25,672,-647
111000127,32,12,20
111000128,57,28,29
111000129,138,26,112
111000130,182,232,-50
111000131,197,209,-12
111000132,58,41,17
111000133,28,48,-20
111000134,19,40,-21
111000135,3,49,-46
111000136,13,70,-57
111000138,3,1,2
111000140,0,1,-1
111000141,12,103,-91
111000142,9,81,-72
111000143,0,50,-50
111000144,1,64,-63
111000145,0,0,0
111000146,0,0,0
111000147,0,0,0
111000148,29,43,-14
111000149,2,20,-18
111000150,3,1,2
111000151,0,15,-15
111000153,176,143,33
111000154,243,95,148
111000155,13,95,-82
111000156,74,45,29
111000157,37,63,-26
111000158,195,128,67
111000159,862,176,686
111000160,57,171,-114
111000161,3,81,-78
111000162,3,93,-90
111000163,113,388,-275
111000164,467,893,-426
111000165,514,204,310
111000166,374,137,237
111000167,104,258,-154
111000168,86,142,-56
111000169,68,174,-106
111000170,194,133,61
111000171,280,477,-197
111000172,45,392,-347
111000173,133,777,-644
111000174,22,287,-265
111000175,10,148,-138
111000176,20,97,-77
111000177,26,136,-110
111000178,112,283,-171
111000179,15,124,-109
111000180,46,182,-136
111000181,93,143,-50
111000182,16,69,-53
111000183,57,62,-5
111000184,76,62,14
111000185,132,284,-152
111000186,61,164,-103
111000187,20,159,-139
111000188,24,215,-191
111000189,897,324,573
111000190,65,309,-244
111000191,52,286,-234
111000192,65,514,-449
111000193,278,245,33
111000194,8,285,-277
111000195,30,218,-188
111000196,17,189,-172
111000197,64,47,17
111000198,34,30,4
111000199,15,29,-14
111000200,26,80,-54
111000201,49,67,-18
111000202,57,53,4
111000203,77,56,21
111000204,105,93,12
111000213,40,190,-150
111000214,398,787,-389
111000215,296,698,-402
111000217,261,317,-56
111000218,191,371,-180
111000219,156,192,-36
111000220,1324,270,1054
111000221,232,46,186
111000224,99,251,-152
111000225,82,78,4
111000226,14,0,14
111000227,3,1,2
111000228,6,107,-101
111000229,7,135,-128
111000230,25,205,-180
111000231,61,696,-635
111000232,63,383,-320
111000233,119,442,-323
111000234,15,81,-66
111000239,85,84,1
111000240,10,9,1
111000241,13,270,-257
111000242,6,1,5
111000243,20,603,-583
111000244,5,10,-5
111000245,93,312,-219
111000246,39,312,-273
111000247,55,799,-744
111000248,91,197,-106
111000249,178,507,-329
111000250,11,58,-47
111000251,6,92,-86
111000253,0,0,0
111000255,0,0,0
111000257,0,0,0
111000260,20,744,-724
111000261,123,20,103
111000271,20,215,-195
111000273,3143,550,2593
111000274,378,632,-254
111000275,24,12,12
111000276,85,1340,-1255
111000277,79,278,-199
111000278,150,98,52
111000291,154,531,-377
111000298,121,222,-101
111000299,64,6,58
111000300,27,316,-289
111000302,36,61,-25
111000303,17,131,-114
111000312,17,37,-20
111000315,26,154,-128
111000320,80,273,-193
111000321,60,11,49
111000322,50,267,-217
111000323,11,10,1
111000324,209,146,63
111000325,5,25,-20
111000326,16,182,-166
111000327,92,206,-114
111000328,63,170,-107
111000329,3,11,-8
111000330,15,3,12
111000331,3,1,2
111000332,145,537,-392
111000334,153,970,-817
111000335,80,49,31
111000337,122,239,-117
111000338,3,87,-84
111000339,47,451,-404
111000340,37,502,-465
111000341,291,50,241
111000342,11,138,-127
111000344,273,304,-31
111000345,13,6,7
111000346,3,58,-55
111000347,4,1,3
111000350,48,30,18
111000351,24,132,-108
111000352,48,19,29
111000353,22,143,-121
111000354,64,38,26
111000355,53,361,-308
111000358,25,1026,-1001
111000360,12,644,-632
111000361,20,325,-305
111000546,55,458,-403
111000547,32,294,-262
111000548,31,104,-73
111000549,29,152,-123
111000550,40,91,-51
111000551,215,22,193
111000552,66,11,55
111000907,20,6,14
111000908,0,0,0
111000916,134,131,3
111000917,12,161,-149
111000918,11,685,-674
111000920,53,3,50
111000921,1,282,-281
111000922,49,229,-180
111000924,3,710,-707
111000925,348,561,-213
111000926,452,1812,-1360
111000927,1559,876,683
111000928,4642,1902,2740
111000929,202,334,-132
111000930,283,1286,-1003
111000931,431,475,-44
111000932,1887,1223,664
111000933,1118,485,633
111000934,1104,1452,-348
111000935,252,374,-122
111000936,299,1340,-1041
111000937,411,401,10
111000938,825,1631,-806
111000939,29,0,29
111000940,73,169,-96
111000941,39,287,-248
111000943,35,132,-97
111000944,45,320,-275
111000945,3,1183,-1180
111001109,54,11,43
111001110,66,390,-324
111001111,4,0,4
111001112,6,1,5
111001113,27,85,-58
111001114,134,22,112
111001115,47,177,-130
111001116,1698,156,1542
111001117,639,249,390
111001120,58,193,-135
111001121,77,210,-133
111001122,129,514,-385
111001123,9,34,-25
111001124,35,437,-402
111001125,0,4,-4
111001126,1,1,0
111001127,0,10,-10
111001128,73,263,-190
111900001,1,159,-158
111900002,4,365,-361
111900003,0,191,-191
111900004,9,49,-40
111900006,2,1,1
111900007,4,2,2
111900008,4,3,1
111900009,3,1,2
111900010,62,258,-196
111900012,66,38,28
111900013,2,29,-27
111900014,4336,456,3880
111900015,0,42,-42
111900016,0,119,-119
111900017,0,84,-84
111900018,11,0,11
111900019,0,38,-38
111900020,1,25,-24
111900021,2,21,-19
111900022,9,25,-16
111900023,92,18,74
111900024,0,49,-49
111900025,0,23,-23
111900026,0,26,-26
111900027,4,87,-83
111900028,3,267,-264
111900029,2,62,-60
111900030,12,141,-129
111900032,0,246,-246
111900033,2,92,-90
111900034,38,172,-134
111900035,2,57,-55
111900036,0,266,-266
111900038,82,206,-124
111900039,14,129,-115
111900040,0,576,-576
111900042,17,20,-3
111900043,2,316,-314
111900044,59,68,-9
111900046,43,114,-71
111900048,14,615,-601
111900049,8,213,-205
111900050,12,3,9
111900051,0,181,-181
111900052,158,387,-229
111900053,703,91,612
111900054,4,0,4
111900055,8,403,-395
111900056,51,45,6
111900057,33,25,8
111900058,28,491,-463
111900059,793,53,740
111900060,32,0,32
111900061,6,156,-150
111900062,2,13,-11
111900063,17,101,-84
111900064,61,151,-90
111900065,6,4,2
111900066,6,35,-29
111900067,2,132,-130
111900068,10,15,-5
111900069,9,1,8
111900070,6,59,-53
111900071,0,144,-144
111900072,21,6,15
111900073,48,13,35
111900074,0,73,-73
111900075,20,2,18
111900076,5,2,3
111900077,4,0,4
111900078,14,5,9
111900079,0,2,-2
111900080,60,7,53
111900082,8,5,3
111900083,4,1,3
111900084,5,2,3
111900085,1,1,0
111900086,8,1,7
111900087,7,0,7
111900088,47,2,45
111900089,2,0,2
111900090,26,6,20
111900091,16,0,16
111900092,6,0,6
111900093,20,0,20
111900094,10,0,10
111900095,29,4,25
111900096,5,0,5
111900097,5,0,5
111900098,10,0,10
111900099,0,0,0
111900100,10,0,10
111900101,5,1,4
111900102,24,444,-420
111900103,7,7,0
111900104,1,33,-32
111900105,30,27,3
111900106,661,17,644
111900110,1900,53,1847
111900111,7,88,-81
111900112,309,164,145
111900113,118,29,89
111900118,12,1,11
111900119,62,10,52
111900122,14,4,10
111900123,3,8,-5
111900124,17,44,-27
111900125,26,0,26
111900126,13,0,13
111900127,0,330,-330
111900128,1,259,-258
111900129,20,3,17
111900130,4,0,4
111900131,12,0,12
111900132,12,559,-547
111900133,0,176,-176
111900134,15,192,-177
111900135,1,4,-3
111900136,9,12,-3
111900137,27,10,17
111900138,2,39,-37
111900139,12,107,-95
111900140,4,7,-3
111900141,4,3,1
111900142,28,14,14
111900143,4,176,-172
111900144,1,129,-128
111900145,2,486,-484
111900146,2,302,-300
111900147,60,351,-291
111900148,5,526,-521
111900149,2,292,-290
111900150,2,119,-117
111900151,1,15,-14
111900152,38,12,26
111900153,839,30,809
111900154,3,45,-42
111900155,4,12,-8
111900156,0,2,-2
111900157,9,6,3
111900158,55,0,55
111900159,8,0,8
111900160,20,0,20
111900161,10,0,10
111900162,384,27,357
111900163,16,100,-84
111900164,11,1,10
111901113,6,145,-139
111901114,7,153,-146
111901115,14,0,14
111901116,1,1,0
111901117,3,1,2
111901118,40,5,35
111901119,681,35,646
111901121,34,155,-121
111901122,1,322,-321
111901123,4,218,-214
111901124,23,2,21
111901125,20,29,-9
111901127,388,40,348
111901129,3,58,-55
111901130,5,181,-176
111901131,1,155,-154
111901132,3,0,3
111901133,3,0,3
111901134,2,0,2
111901135,5,4,1
111901136,0,4,-4
111901138,11,30,-19
111901139,4,24,-20
111901140,1,60,-59
111901141,0,101,-101
111901142,8,110,-102
111901143,3,141,-138
111901144,4,8,-4
111901145,35,27,8
111901146,36,1,35
111901147,984,23,961
111901148,4,2,2
111901149,0,2,-2
111901150,1,0,1
111901151,0,0,0
111901152,2,26,-24
112000001,259,254,5
112000002,334,1111,-777
112000003,178,277,-99
112000004,221,924,-703
112000005,393,373,20
112000006,550,988,-438
112000007,375,403,-28
112000008,848,1306,-458
112000009,1782,1722,60
112000010,700,945,-245
112000011,840,1406,-566
112000012,2445,584,1861
112000013,3808,1860,1948
112000014,804,211,593
112000015,1320,1029,291
112000016,794,408,386
112000017,597,602,-5
112000024,847,251,596
112000026,2275,2869,-594
112000027,86,116,-30
112000028,860,998,-138
112000029,85,148,-63
112000030,121,37,84
112000031,751,778,-27
112000032,415,14,401
112000033,1272,304,968
112000034,187,10,177
112000035,28,116,-88
112000036,150,190,-40
112000037,312,671,-359
112000038,271,354,-83
112000039,5,47,-42
112000040,50,225,-175
112000041,207,283,-76
112000042,328,128,200
112000050,78,255,-177
112000051,158,241,-83
112000054,962,1435,-473
112000057,311,163,148
112000058,193,196,-3
112000059,327,133,194
112000061,4086,784,3302
112000062,2109,219,1890
112000063,897,237,660
112000064,3660,3529,131
112000065,1416,1664,-248
112000066,864,332,532
112000067,335,350,-15
112000068,386,317,69
112000069,193,1411,-1218
112000070,253,147,106
112000071,268,1943,-1675
112000072,204,302,-98
112000073,361,970,-609
112000074,126,258,-132
112000075,170,250,-80
112000076,1351,1485,-134
112000077,108,366,-258
112000078,259,343,-84
112000079,422,800,-378
112000080,113,427,-314
112000081,569,965,-396
112000082,237,145,92
112000083,205,877,-672
112000084,268,134,134
112000085,284,770,-486
112000086,288,487,-199
112000087,49,674,-625
112000088,39,290,-251
112000089,40,232,-192
112000090,44,160,-116
112000091,248,699,-451
112000092,344,283,61
112000093,574,737,-163
112000094,151,360,-209
112000095,223,449,-226
112000096,90,311,-221
112000097,131,145,-14
112000098,201,902,-701
112000099,149,112,37
112000100,216,287,-71
112000101,102,601,-499
112000102,157,210,-53
112000103,71,910,-839
112000105,203,1243,-1040
112000106,191,210,-19
112000107,7,33,-26
112000108,77,969,-892
112000109,20,41,-21
112000110,299,107,192
112000111,416,3147,-2731
112000112,682,148,534
112000113,591,1665,-1074
112000114,405,284,121
112000115,46,294,-248
112000116,41,467,-426
112000117,121,335,-214
112000118,244,542,-298
112000119,118,556,-438
112000120,29,245,-216
112000121,15,308,-293
112000122,26,38,-12
112000123,65,47,18
112000124,14,25,-11
112000125,10,35,-25
112000126,15,405,-390
112000127,1051,321,730
112000128,650,216,434
112000129,12,41,-29
112000130,21,31,-10
112000131,5,206,-201
112000132,21,169,-148
112000133,47,68,-21
112000134,73,241,-168
112000135,125,259,-134
112000136,183,794,-611
112000137,177,347,-170
112000138,364,867,-503
112000139,197,94,103
112000140,304,635,-331
112000141,136,106,30
112000142,76,565,-489
112000143,161,82,79
112000144,104,1059,-955
112000145,401,302,99
112000146,303,1510,-1207
112000147,368,491,-123
112000148,551,1420,-869
112000149,33,226,-193
112000150,36,369,-333
112000151,108,217,-109
112000152,89,173,-84
112000153,64,87,-23
112000154,13,34,-21
112000155,71,30,41
112000157,159,119,40
112000158,47,264,-217
112000159,84,179,-95
112000167,84,4,80
112000169,106,158,-52
112000173,72,95,-23
112000175,30,140,-110
112000176,2629,929,1700
112000177,79,20,59
112000178,8,243,-235
112000179,53,82,-29
112000180,104,119,-15
112000181,359,1055,-696
112000182,92,988,-896
112000183,11,60,-49
112000184,35,154,-119
112000185,78,365,-287
112000187,772,1066,-294
112000195,7,2,5
112000196,11,0,11
112000197,5,31,-26
112000198,6,248,-242
112000199,190,615,-425
112000202,0,1,-1
112000216,35,50,-15
112000230,15,1,14
112000231,0,213,-213
112000256,0,19,-19
112000313,48,133,-85
112000314,5,3,2
112000337,45,260,-215
112000352,43,50,-7
112000392,815,488,327
112000398,239,309,-70
112000399,397,352,45
112000400,1002,2289,-1287
112000401,1070,1503,-433
112000402,445,651,-206
112000403,414,384,30
112000404,117,238,-121
112000405,403,722,-319
112000406,1463,1714,-251
112000407,1392,1706,-314
112000408,4373,3539,834
112000409,632,2532,-1900
112000410,43,27,16
112000411,2224,150,2074
112000412,398,47,351
112000413,4111,404,3707
112000414,22,58,-36
112000415,24,17,7
112000416,541,456,85
112000417,44,24,20
112000421,15,65,-50
112000422,64,204,-140
112000424,879,353,526
112000425,149,773,-624
112000426,17,111,-94
112000427,0,10,-10
112000428,12,241,-229
112000429,691,1466,-775
112000430,694,1622,-928
112000431,14,18,-4
112000432,206,1384,-1178
112000433,276,225,51
112000437,17,261,-244
112900001,10,0,10
112900002,16,882,-866
112900003,9,152,-143
112900004,6,187,-181
112900005,15,147,-132
112900007,3,51,-48
112900008,0,5,-5
112900009,68,24,44
112900010,19,341,-322
112900011,169,120,49
112900012,0,27,-27
112900013,0,58,-58
112900014,0,165,-165
112900015,160,504,-344
112900016,0,44,-44
112900017,9,93,-84
112900018,9,468,-459
112900019,30,63,-33
112900020,236,890,-654
112900021,0,148,-148
112900022,6,37,-31
112900023,3,176,-173
112900024,5,86,-81
112900025,25,48,-23
112900026,1,144,-143
112900027,3,882,-879
112900028,3,73,-70
112900029,3,300,-297
112900030,193,69,124
112900031,1,318,-317
112900032,47,177,-130
112900034,0,23,-23
112900035,1,309,-308
112900036,13,69,-56
112900037,38,17,21
112900038,11,69,-58
112900039,8,158,-150
112900040,0,152,-152
112900041,422,156,266
112900042,5,187,-182
112900043,10,24,-14
112900044,139,153,-14
112900045,339,83,256
112900046,118,21,97
112900047,10,3,7
112900049,6,28,-22
112900050,43,281,-238
112900051,103,330,-227
112900052,4,652,-648
112900053,126,46,80
112900054,131,7,124
112900055,36,3,33
112900056,28,28,0
112900057,1,392,-391
112900058,124,31,93
112900059,16,78,-62
112900060,0,82,-82
112900061,11,55,-44
112900062,15,82,-67
112900063,31,0,31
112900064,29,26,3
112900065,0,0,0
112900066,24,18,6
112900067,257,29,228
112900068,0,6,-6
112900069,1459,84,1375
112900071,0,0,0
112900072,61,118,-57
112900073,50,13,37
112900074,6,16,-10
112900075,1046,57,989
112900076,3,1,2
112900078,12,39,-27
112900079,26,2,24
112900080,5,0,5
112900081,4,15,-11
112900082,35,1,34
112900083,6,11,-5
112900084,18,6,12
112900086,3,0,3
112900087,86,9,77
112900088,3,0,3
112900089,92,3,89
112900090,1,3,-2
112900091,5,0,5
112900092,31,29,2
112900093,83,2,81
112900095,0,0,0
112900096,76,18,58
112900097,7,163,-156
112900098,0,0,0
112900099,95,3,92
112900100,6,0,6
112900101,9,0,9
112900102,17,1,16
112900103,44,0,44
112900104,32,0,32
112900105,0,0,0
112900106,75,8,67
112900107,0,1,-1
112900108,0,0,0
112900109,1,0,1
112900110,76,0,76
112900111,72,2,70
112900112,17,0,17
112900113,0,1,-1
112900114,3,2,1
112900115,85,0,85
112900116,13,14,-1
112900117,83,53,30
112900118,6,28,-22
112900119,7,0,7
112900120,388,67,321
112900121,73,56,17
112900122,3,62,-59
112900123,66,2,64
112900124,1,54,-53
112900125,16,100,-84
112900126,39,131,-92
112900127,24,7,17
112900128,236,364,-128
112900129,0,535,-535
112900130,26,15,11
112900131,10,157,-147
112900132,17,312,-295
112900133,13,712,-699
112900134,0,174,-174
112900135,31,10,21
112900137,3,538,-535
112900138,3,299,-296
112900139,75,607,-532
112900141,34,10,24
112900142,17,14,3
112900143,19,318,-299
112900144,7,695,-688
112900145,49,220,-171
112900146,5,774,-769
112900147,9,1841,-1832
112900148,0,0,0
112900149,51,218,-167
112900151,24,7,17
112900152,3136,385,2751
112900153,471,122,349
112900154,0,26,-26
112900155,8,0,8
112900156,8,989,-981
112900157,22,163,-141
112900158,1,3,-2
112900159,33,27,6
112900160,5,118,-113
112900161,15,11,4
112900162,8,9,-1
112900163,28,7,21
112900164,9,26,-17
112900165,12,5,7
112900166,2,7,-5
112900167,1,5,-4
112900168,0,0,0
112900169,1,2,-1
112900170,7,29,-22
112900172,63,5,58
112900173,146,34,112
112900174,26,3,23
112900175,42,12,30
112900176,4,0,4
112900177,44,19,25
112900178,64,137,-73
112900179,8,333,-325
112900180,115,1565,-1450
112900181,38,10,28
112900182,8,898,-890
112900183,43,27,16
112900184,140,141,-1
112900185,40,115,-75
112900186,711,141,570
112900187,6,48,-42
112900188,426,90,336
112900189,0,6,-6
112900190,0,18,-18
112900192,78,50,28
112900193,191,57,134
112900194,2,45,-43
112900195,57,2,55
112900196,77,343,-266
112900197,43,251,-208
112900199,25,181,-156
112900200,34,73,-39
112900201,37,20,17
112900202,27,433,-406
112900203,5,57,-52
112900204,232,96,136
112900205,0,1,-1
112900206,0,13,-13
112900207,5,0,5
112900208,9,11,-2
112900209,110,186,-76
112900210,0,2,-2
112900211,13,4,9
112900212,0,44,-44
112900213,3,12,-9
112900214,0,0,0
112900215,4,95,-91
112900216,11,12,-1
112900217,0,38,-38
112900218,0,3,-3
112900219,3,19,-16
112900220,0,0,0
112900221,3,74,-71
112900222,0,18,-18
112900223,101,1,100
112900224,27,378,-351
112900225,30,284,-254
112900226,57,40,17
112900227,33,765,-732
112900228,7,3,4
112900229,15,21,-6
112900230,4067,617,3450
112900232,45,34,11
112900233,9,119,-110
112900234,0,30,-30
112900235,1,1,0
112900236,4,7,-3
112900237,6,189,-183
112900238,0,12,-12
112900239,222,152,70
112900240,0,145,-145
112900241,1,156,-155
112900242,5,266,-261
112900243,1,236,-235
112900244,0,219,-219
112900245,0,32,-32
112900246,0,5,-5
112900247,40,4,36
112900248,16,2,14
112900249,19,3,16
112900250,2,10,-8
112900251,2,10,-8
112900252,5,9,-4
112900253,1,14,-13
112900254,0,3,-3
112900255,0,5,-5
112900256,1,6,-5
112900257,6,3,3
112900258,0,17,-17
113000001,2303,1981,322
113000002,1561,1408,153
113000003,1042,623,419
113000004,1079,799,280
113000005,541,451,90
113000006,305,501,-196
113000007,671,538,133
113000008,548,629,-81
113000009,193,461,-268
113000010,297,622,-325
113000011,220,901,-681
113000012,200,179,21
113000013,304,208,96
113000014,686,612,74
113000015,107,81,26
113000016,101,169,-68
113000017,6,151,-145
113000018,25,15,10
113000019,11,133,-122
113000020,10,0,10
113000021,127,355,-228
113000022,140,773,-633
113000025,15,119,-104
113000026,20,113,-93
113000027,113,132,-19
113000028,316,199,117
113000029,343,206,137
113000030,425,316,109
113000031,287,129,158
113000032,102,72,30
113000033,203,183,20
113000034,313,168,145
113000035,3,24,-21
113000036,10,20,-10
113000037,34,10,24
113000038,5,23,-18
113000039,65,161,-96
113000040,13,70,-57
113000042,197,133,64
113000051,253,591,-338
113000052,1115,482,633
113000053,109,360,-251
113000054,98,250,-152
113000055,235,518,-283
113000056,211,996,-785
113000058,354,746,-392
113000059,403,247,156
113000060,27,407,-380
113000061,381,540,-159
113000062,530,43,487
113000063,9,112,-103
113000064,5,160,-155
113000065,35,728,-693
113000066,86,42,44
113000067,308,438,-130
113000068,85,1120,-1035
113000069,123,831,-708
113000070,242,267,-25
113000071,102,406,-304
113000072,115,127,-12
113000073,196,678,-482
113000074,343,104,239
113000075,784,147,637
113000076,641,827,-186
113000077,432,140,292
113000078,401,699,-298
113000079,526,342,184
113000080,305,208,97
113000081,322,293,29
113000082,518,457,61
113000083,200,191,9
113000084,538,578,-40
113000085,246,192,54
113000086,368,537,-169
113000087,355,284,71
113000088,977,601,376
113000089,288,570,-282
113000090,27,76,-49
113000091,417,124,293
113000094,111,41,70
113000095,113,714,-601
113000096,61,556,-495
113000097,115,110,5
113000098,23,11,12
113000099,175,70,105
113000100,57,185,-128
113000101,123,232,-109
113000102,68,63,5
113000103,1121,354,767
113000104,151,974,-823
113000105,119,159,-40
113000106,161,330,-169
113000107,197,367,-170
113000108,330,872,-542
113000109,217,854,-637
113000110,599,136,463
113000111,38,216,-178
113000112,114,177,-63
113000113,1099,134,965
113000114,200,387,-187
113000116,284,130,154
113000117,293,78,215
113000118,34,97,-63
113000119,49,159,-110
113000120,15,89,-74
113000121,123,363,-240
113000124,25,47,-22
113000125,9,153,-144
113000127,1981,277,1704
113000128,184,185,-1
113000129,589,510,79
113000133,2315,326,1989
113000134,2,159,-157
113000135,784,748,36
113000137,709,334,375
113000139,232,41,191
113000140,112,163,-51
113000141,186,31,155
113000142,358,352,6
113000143,138,66,72
113000144,219,284,-65
113000145,33,56,-23
113000146,30,29,1
113000147,52,41,11
113000148,26,66,-40
113000149,56,79,-23
113000150,260,139,121
113000151,92,33,59
113000152,22,105,-83
113000153,878,239,639
113000154,266,383,-117
113000155,159,116,43
113000156,67,179,-112
113000157,121,376,-255
113000158,251,83,168
113000159,409,242,167
113000160,310,584,-274
113000161,67,408,-341
113000162,295,170,125
113000163,14,18,-4
113000164,32,54,-22
113000166,9,10,-1
113000167,30,149,-119
113000168,24,157,-133
113000169,12,5,7
113000170,30,16,14
113000171,36,76,-40
113000172,58,22,36
113000173,7,0,7
113000174,68,403,-335
113000175,80,27,53
113000176,97,28,69
113000177,60,342,-282
113000178,101,297,-196
113000179,42,10,32
113000180,123,602,-479
113000181,297,555,-258
113000182,89,87,2
113000183,76,314,-238
113000184,7,41,-34
113000189,205,268,-63
113000190,875,154,721
113000192,1213,563,650
113000193,1698,515,1183
113000194,661,535,126
113000195,577,207,370
113000196,34,27,7
113000197,298,257,41
113000198,9,152,-143
113000199,172,185,-13
113000201,65,64,1
113000202,1267,245,1022
113000203,26,10,16
113000204,518,484,34
113000205,1,10,-9
113000206,4,26,-22
113000207,22,8,14
113000208,9,21,-12
113000209,4,7,-3
113000210,3,9,-6
113000211,211,64,147
113000212,159,6,153
113000213,7,39,-32
113000214,19,101,-82
113000234,52,737,-685
113000410,20,26,-6
113000411,1317,2332,-1015
113000412,7636,927,6709
113000413,2890,993,1897
113000414,7096,3117,3979
113000415,1378,1034,344
113000416,5103,1561,3542
113000417,1421,1187,234
113000418,1842,1390,452
113000419,674,675,-1
113000420,1831,1127,704
113000421,1565,1298,267
113000422,11563,2292,9271
113000423,1825,1473,352
113000424,2983,2642,341
113000425,0,27,-27
113000428,7,3,4
113000430,4,4,0
113000432,360,36,324
113000433,61,497,-436
113000434,6,238,-232
113000435,6,581,-575
113000436,23,778,-755
113000437,30,7,23
113000438,26,0,26
113000439,1,98,-97
113000440,29,7,22
113000441,18,81,-63
113000442,31,213,-182
113000443,32,108,-76
113000444,30,233,-203
113000445,17,49,-32
113000446,10,79,-69
113000448,130,47,83
113000449,89,123,-34
113000450,231,253,-22
113000451,890,58,832
113000452,95,57,38
113000453,96,110,-14
113000454,98,10,88
113000455,28,94,-66
113000456,1326,683,643
113000468,1304,97,1207
113000469,57,19,38
113000470,288,24,264
113000471,10,97,-87
113000472,33,100,-67
113000474,125,401,-276
113000475,614,1068,-454
113000476,370,1024,-654
113000477,759,1217,-458
113000478,1454,3026,-1572
113000479,7,221,-214
113000484,0,0,0
113000485,0,0,0
113000486,0,0,0
113000487,0,0,0
113000488,0,0,0
113000489,0,0,0
113000490,0,0,0
113000491,0,0,0
113000492,0,0,0
113000493,0,0,0
113000495,131,152,-21
113000496,17,28,-11
113000499,0,0,0
113900001,0,7,-7
113900002,0,7,-7
113900003,0,6,-6
113900004,0,1,-1
113900005,0,2,-2
113900006,0,2,-2
113900007,0,0,0
113900008,1,0,1
113900009,7,0,7
113900010,8,0,8
113900011,0,1,-1
113900012,0,0,0
113900013,9,0,9
113900014,222,6,216
113900015,2,35,-33
113900016,5,0,5
113900017,0,23,-23
113900018,169,20,149
113900019,10,12,-2
113900020,11,0,11
113900022,1,0,1
113900023,3,0,3
113900024,16,40,-24
113900025,112,2,110
113900026,1,0,1
113900027,0,10,-10
113900028,8,147,-139
113900029,19,208,-189
113900030,22,0,22
113900031,0,0,0
113900032,0,0,0
113900033,6,15,-9
113900035,7,0,7
113900036,7,25,-18
113900037,4,236,-232
113900038,25,11,14
113900039,16,3,13
113900040,0,0,0
113900041,0,0,0
113900042,12,7,5
113900043,48,49,-1
113900044,46,6,40
113900045,12,1,11
113900046,108,335,-227
113900047,4,49,-45
113900048,214,15,199
113900049,495,39,456
113900050,60,165,-105
113900051,41,200,-159
113900052,53,63,-10
113900053,64,21,43
113900054,1,0,1
113900055,24,311,-287
113900056,5,41,-36
113900057,10,83,-73
113900058,16,81,-65
113900059,26,182,-156
113900060,64,76,-12
113900061,202,3,199
113900062,20,0,20
113900063,2,64,-62
113900064,5,87,-82
113900065,101,3,98
113900066,38,170,-132
113900067,11,170,-159
113900068,102,82,20
113900069,13,6,7
113900070,66,199,-133
113900071,10,17,-7
113900072,9,68,-59
113900073,82,152,-70
113900074,1,271,-270
113900075,270,260,10
113900076,45,6,39
113900077,2,149,-147
113900078,13,12,1
113900079,0,25,-25
113900080,49,41,8
113900081,4,98,-94
113900082,20,95,-75
113900083,21,311,-290
113900084,34,23,11
113900085,22,192,-170
113900086,7,5,2
113900087,12,104,-92
113900088,11,23,-12
113900089,75,9,66
113900090,147,62,85
113900091,9,5,4
113900092,12,16,-4
113900093,29,174,-145
113900094,20,194,-174
113900095,26,23,3
113900096,29,16,13
113900097,0,51,-51
113900098,71,10,61
113900099,0,27,-27
113900100,0,3,-3
113900101,14,27,-13
113900102,27,31,-4
113900103,61,73,-12
113900104,20,53,-33
113900105,3,190,-187
113900106,0,44,-44
113900107,0,15,-15
113900108,56,70,-14
113900109,104,37,67
113900110,2,9,-7
113900111,6,36,-30
113900112,67,53,14
113900113,180,137,43
113900114,0,42,-42
113900115,0,58,-58
113900116,25,44,-19
113900117,10,1,9
113900118,54,62,-8
113900119,140,71,69
113900120,4,6,-2
113900121,0,57,-57
113900122,76,315,-239
113900123,101,74,27
113900124,0,84,-84
113900125,514,55,459
113900126,17,23,-6
113900127,32,125,-93
113900128,16,31,-15
113900129,6,21,-15
113900130,0,7,-7
113900131,23,21,2
113900132,5,16,-11
113900133,10,16,-6
113900135,86,190,-104
113900136,24,23,1
113900137,91,62,29
113900138,8,34,-26
113900139,288,18,270
113900140,138,43,95
113900141,36,156,-120
113900142,9,34,-25
113900143,7,8,-1
113900144,74,38,36
113900145,16,71,-55
113900146,14,15,-1
113900148,40,59,-19
113900149,39,5,34
113900150,779,199,580
113900151,36,54,-18
113900152,5,30,-25
113900153,276,190,86
113900154,1,53,-52
113900155,100,33,67
113900156,60,303,-243
113900157,0,88,-88
113900158,138,44,94
113900159,4,53,-49
113900160,158,344,-186
113900161,2,51,-49
113900162,144,182,-38
113900163,58,73,-15
113900164,42,11,31
113900165,230,192,38
113900166,27,39,-12
113900167,53,38,15
113900168,56,43,13
113900169,42,197,-155
113900171,11,7,4
113900172,6,121,-115
113900173,32,280,-248
113900174,96,350,-254
113900175,50,21,29
113900176,31,345,-314
113900177,97,70,27
113900178,33,12,21
113900179,10,411,-401
113900180,31,53,-22
113900181,52,17,35
113900182,68,327,-259
113900183,2,29,-27
113900184,3,271,-268
113900185,64,34,30
113900186,3,10,-7
113900187,13,82,-69
113900188,6,38,-32
113900189,20,19,1
113900190,167,40,127
113900191,24,54,-30
113900192,1138,257,881
113900193,6,149,-143
113900194,937,366,571
113900195,100,215,-115
113900196,2,78,-76
113900197,0,160,-160
113900198,5,58,-53
113900199,99,285,-186
113900200,2,85,-83
113900201,0,132,-132
113900202,7,70,-63
113900203,1,143,-142
113900204,13,373,-360
113900205,0,37,-37
113900206,2,42,-40
113900207,0,24,-24
113900208,0,28,-28
113900209,0,29,-29
113900210,161,60,101
113900211,36,9,27
113900212,18,272,-254
113900214,209,151,58
113900215,0,43,-43
113900216,3,694,-691
113900217,12,151,-139
113900218,15,13,2
113900219,38,192,-154
113900220,35,6,29
113900221,65,46,19
113900222,405,76,329
113900223,11,752,-741
113900224,69,16,53
113900225,243,62,181
113900226,89,31,58
113900227,92,42,50
113900228,147,85,62
113900229,2,163,-161
113900230,1612,321,1291
113900231,26,64,-38
113900232,9,52,-43
113900233,5,28,-23
113900234,32,90,-58
113900235,8,6,2
113900236,2,137,-135
113900237,28,0,28
113900238,38,106,-68
113900239,6,20,-14
113900240,1,33,-32
113900241,27,9,18
113900242,19,42,-23
113900243,38,146,-108
113900244,253,42,211
113900245,633,53,580
113900246,2,4,-2
113900247,62,92,-30
113900248,1644,256,1388
113900249,418,27,391
113900250,9,28,-19
113900251,109,114,-5
113900252,76,5,71
113900253,82,10,72
113900254,77,20,57
113900255,48,1,47
113900256,73,3,70
113900257,22,373,-351
113900258,3,338,-335
113900259,104,133,-29
113900260,11,8,3
113900261,2,102,-100
113900262,18,453,-435
113900263,32,200,-168
113900264,0,405,-405
113900265,43,187,-144
113900266,10,111,-101
113900267,27,220,-193
113900268,58,95,-37
113900269,42,53,-11
113900270,56,107,-51
113900271,94,700,-606
113900273,0,0,0
113900274,2,2,0
113900275,6,25,-19
113900276,0,174,-174
113900277,7,0,7
113900278,66,79,-13
113900279,64,73,-9
113900280,396,169,227
113900281,82,366,-284
113900282,429,97,332
113900283,53,138,-85
113900284,164,46,118
113900285,27,2,25
113900286,4,49,-45
113900287,0,14,-14
113900288,1,42,-41
113900289,781,27,754
113900290,259,23,236
113900291,67,104,-37
113900292,0,0,0
113900293,8,90,-82
113900294,62,13,49
113900295,108,122,-14
113900296,948,76,872
113900297,84,4,80
113900298,3,695,-692
113900299,5,112,-107
113900300,1806,275,1531
113900301,135,48,87
113900302,855,180,675
113900303,210,36,174
113900304,1,115,-114
113900305,8,0,8
113900306,1,0,1
113900307,16,0,16
113900308,28,40,-12
113900309,3,408,-405
113900310,0,3,-3
113900311,0,0,0
113900312,22,49,-27
113900313,17,2,15
113900314,0,4,-4
113900315,0,0,0
114000001,394,1364,-970
114000002,47,220,-173
114000003,93,971,-878
114000004,120,222,-102
114000005,75,117,-42
114000006,1112,1116,-4
114000007,178,764,-586
114000008,789,403,386
114000009,77,74,3
114000011,1006,1272,-266
114000012,537,1206,-669
114000013,292,1037,-745
114000014,175,282,-107
114000015,197,248,-51
114000016,122,233,-111
114000017,33,50,-17
114000018,168,36,132
114000026,219,809,-590
114000027,411,890,-479
114000028,565,798,-233
114000038,56,78,-22
114000039,87,184,-97
114000040,34,67,-33
114000042,35,121,-86
114000043,31,205,-174
114000044,66,184,-118
114000045,11,55,-44
114000046,949,2659,-1710
114000047,1,39,-38
114000048,21,102,-81
114000049,579,376,203
114000050,404,419,-15
114000051,1238,547,691
114000052,1254,279,975
114000053,5,172,-167
114000054,17,607,-590
114000055,68,8,60
114000056,306,206,100
114000057,4433,1173,3260
114000058,99,136,-37
114000059,48,82,-34
114000060,148,394,-246
114000061,1269,291,978
114000062,454,134,320
114000063,1482,838,644
114000064,3799,872,2927
114000065,644,900,-256
114000066,68,218,-150
114000067,6,50,-44
114000068,180,161,19
114000069,159,205,-46
114000070,780,319,461
114000071,98,374,-276
114000072,42,186,-144
114000073,1,23,-22
114000074,3,8,-5
114000075,8,51,-43
114000076,0,43,-43
114000077,1,10,-9
114000078,20,792,-772
114000079,28,24,4
114000080,19,14,5
114000081,1,1,0
114000082,37,389,-352
114000083,6,145,-139
114000084,25,29,-4
114000085,50,447,-397
114000086,34,338,-304
114000087,18,159,-141
114000088,3,7,-4
114000089,528,135,393
114000090,61,44,17
114000091,412,125,287
114000092,282,89,193
114000093,276,317,-41
114000094,116,145,-29
114000095,22,15,7
114000096,34,359,-325
114000097,56,519,-463
114000098,39,9,30
114000099,43,731,-688
114000100,129,256,-127
114000101,114,799,-685
114000102,33,71,-38
114000103,50,294,-244
114000104,3,135,-132
114000105,7,47,-40
114000106,399,121,278
114000107,38,61,-23
114000108,1715,660,1055
114000109,38,100,-62
114000110,166,957,-791
114000111,92,74,18
114000112,116,1443,-1327
114000113,98,80,18
114000114,502,1170,-668
114000115,191,59,132
114000116,65,157,-92
114000117,206,87,119
114000118,183,74,109
114000119,134,72,62
114000120,220,709,-489
114000121,168,355,-187
114000122,102,158,-56
114000123,90,55,35
114000124,36,65,-29
114000125,374,1035,-661
114000126,115,37,78
114000127,8,44,-36
114000128,64,121,-57
114000130,23,25,-2
114000131,32,6,26
114000132,282,522,-240
114000133,517,658,-141
114000134,11,105,-94
114000138,33,139,-106
114000139,170,42,128
114000144,129,87,42
114000145,13,96,-83
114000146,60,182,-122
114000147,263,252,11
114000148,731,78,653
114000149,24,19,5
114000150,790,434,356
114000151,858,409,449
114000152,26,11,15
114000153,574,799,-225
114000154,269,380,-111
114000155,350,528,-178
114000156,191,131,60
114000157,88,266,-178
114000158,1263,255,1008
114000159,100,213,-113
114000160,54,127,-73
114000161,527,191,336
114000162,253,181,72
114000163,5,75,-70
114000165,82,47,35
114000166,104,35,69
114000167,2067,477,1590
114000168,438,314,124
114000169,356,164,192
114000170,161,112,49
114000171,113,158,-45
114000174,72,263,-191
114000176,228,175,53
114000177,1049,323,726
114000178,11,32,-21
114000179,203,50,153
114000180,116,259,-143
114000181,448,670,-222
114000182,2438,1080,1358
114000183,577,541,36
114000184,4037,1053,2984
114000185,139,113,26
114000189,25,8,17
114000190,164,15,149
114000191,7,10,-3
114000192,188,841,-653
114000193,528,2016,-1488
114000194,429,820,-391
114000195,10,1,9
114000196,2,182,-180
114000197,93,27,66
114000198,563,170,393
114000199,796,473,323
114000200,189,1452,-1263
114000201,33,612,-579
114000202,289,468,-179
114000203,188,608,-420
114000204,31,211,-180
114000205,91,924,-833
114000206,155,814,-659
114000207,234,1389,-1155
114000208,148,1801,-1653
114000209,268,2112,-1844
114000210,175,1110,-935
114000211,240,650,-410
114000212,170,364,-194
114000213,312,245,67
114000214,17,148,-131
114000215,18,24,-6
114000216,67,10,57
114000217,8,144,-136
114000218,38,193,-155
114000219,110,149,-39
114000220,6,860,-854
114000221,92,44,48
114000222,66,706,-640
114000223,40,11,29
114000224,85,370,-285
114000225,31,252,-221
114000226,12,175,-163
114000227,193,221,-28
114000228,170,444,-274
114000229,214,629,-415
114000230,334,740,-406
114000231,206,678,-472
114000232,75,62,13
114000233,282,60,222
114000234,263,483,-220
114000235,242,895,-653
114000236,2,428,-426
114000237,29,724,-695
114000238,13,57,-44
114000239,81,868,-787
114000240,163,342,-179
114000241,81,529,-448
114000242,400,544,-144
114000243,259,335,-76
114000244,58,53,5
114000245,135,371,-236
114000246,59,35,24
114000247,118,332,-214
114000248,114,177,-63
114000249,124,201,-77
114000250,28,249,-221
114000251,35,216,-181
114000252,28,77,-49
114000253,2,36,-34
114000254,0,29,-29
114000255,158,75,83
114000256,416,162,254
114000257,494,1351,-857
114000258,30,241,-211
114000259,9,181,-172
114000260,0,16,-16
114000261,1,1,0
114000262,13,123,-110
114000263,0,0,0
114000264,109,392,-283
114000265,0,0,0
114000267,3,530,-527
114000268,3,1163,-1160
114000270,0,0,0
114000271,54,64,-10
114000283,78,199,-121
114000285,35,181,-146
114000288,13,245,-232
114000289,279,110,169
114000293,39,159,-120
114000294,33,82,-49
114000395,91,3,88
114000396,39,83,-44
114000402,65,183,-118
114000403,55,280,-225
114000405,60,397,-337
114000423,7,364,-357
114000424,25,119,-94
114000425,50,437,-387
114000426,13,28,-15
114000427,31,85,-54
114000428,91,23,68
114000429,4,93,-89
114000432,8,54,-46
114000434,16,52,-36
114000435,0,123,-123
114900001,89,828,-739
114900002,106,6,100
114900003,34,1210,-1176
114900004,31,31,0
114900005,81,464,-383
114900006,7,4,3
114900007,13,1,12
114900008,48,20,28
114900010,1370,402,968
114900011,9,28,-19
114900013,25,14,11
114900018,151,9,142
114900020,8,32,-24
114900022,2,181,-179
114900025,61,85,-24
114900026,37,22,15
114900029,44,11,33
114900030,37,86,-49
114900031,10,15,-5
114900032,16,4,12
114900034,54,195,-141
114900035,42,91,-49
114900036,99,736,-637
114900039,180,572,-392
114900040,5,130,-125
114900041,107,515,-408
114900042,167,631,-464
114900044,1,2,-1
114900047,82,482,-400
114900048,12,114,-102
114900049,31,220,-189
114900050,11,352,-341
114900051,2,294,-292
114900052,30,100,-70
114900053,10,98,-88
114900054,25,73,-48
114900057,38,0,38
114900058,0,77,-77
114900059,10,19,-9
114900063,38,135,-97
114900064,189,452,-263
114900065,66,387,-321
114900067,8,231,-223
114900068,61,207,-146
114900069,132,72,60
114900070,65,350,-285
114900072,6,132,-126
114900073,1,124,-123
114900074,41,410,-369
114900075,25,0,25
114900076,1,233,-232
114900080,1538,138,1400
114900082,1627,535,1092
114900083,74,320,-246
114900090,23,44,-21
114900091,67,53,14
114900097,15,0,15
114900098,1,99,-98
114900099,19,2,17
115000001,5604,4235,1369
115000002,1130,726,404
115000003,1890,2922,-1032
115000004,583,1247,-664
115000005,492,2044,-1552
115000006,148,493,-345
115000007,41,72,-31
115000008,124,118,6
115000009,45,205,-160
115000010,50,49,1
115000013,36,48,-12
115000015,50,105,-55
115000016,159,83,76
115000019,5,100,-95
115000020,74,29,45
115000021,171,180,-9
115000022,159,142,17
115000023,17,14,3
115000024,507,240,267
115000025,50,12,38
115000026,46,174,-128
115000027,1,2,-1
115000028,55,276,-221
115000029,1,0,1
115000030,66,394,-328
115000031,3,1,2
115000032,3,149,-146
115000033,10,1,9
115000034,46,462,-416
115000035,41,7,34
115000036,2,221,-219
115000037,10,0,10
115000038,14,67,-53
115000039,898,500,398
115000040,2376,1025,1351
115000041,308,661,-353
115000042,167,188,-21
115000043,985,896,89
115000044,1689,2426,-737
115000045,655,1693,-1038
115000046,261,855,-594
115000047,419,737,-318
115000048,601,2020,-1419
115000049,571,1524,-953
115000050,672,483,189
115000051,861,383,478
115000052,1871,1040,831
115000053,473,432,41
115000054,448,604,-156
115000055,14,294,-280
115000056,12,63,-51
115000057,56,206,-150
115000058,22,35,-13
115000059,37,94,-57
115000061,11,9,2
115000062,32,167,-135
115000063,12,184,-172
115000064,8,22,-14
115000065,4,88,-84
115000067,0,0,0
115000069,4,120,-116
115000070,8,163,-155
115000071,15,0,15
115000072,28,30,-2
115000073,220,15,205
115000075,4,29,-25
115000076,1407,1658,-251
115000077,339,2350,-2011
115000078,150,1058,-908
115000079,252,1381,-1129
115000080,382,1770,-1388
115000081,166,553,-387
115000082,851,1193,-342
115000083,542,2082,-1540
115000084,172,381,-209
115000085,145,591,-446
115000086,98,345,-247
115000087,191,782,-591
115000088,381,150,231
115000089,914,956,-42
115000090,233,47,186
115000091,163,679,-516
115000092,61,177,-116
115000093,3,0,3
115000094,3396,1338,2058
115000095,3095,1702,1393
115000096,123,1002,-879
115000097,164,406,-242
115000098,162,474,-312
115000099,217,1512,-1295
115000100,119,164,-45
115000101,170,911,-741
115000102,78,73,5
115000103,190,538,-348
115000105,23,118,-95
115000106,50,61,-11
115000107,61,411,-350
115000108,1897,1976,-79
115000109,2402,458,1944
115000110,399,263,136
115000111,205,576,-371
115000112,153,183,-30
115000113,162,278,-116
115000114,501,318,183
115000116,896,337,559
115000117,993,438,555
115000118,420,441,-21
115000119,570,457,113
115000120,258,311,-53
115000121,968,260,708
115000122,1448,225,1223
115000123,529,355,174
115000124,194,200,-6
115000125,109,262,-153
115000126,43,102,-59
115000127,80,42,38
115000128,367,236,131
115000129,20,73,-53
115000130,52,384,-332
115000131,57,115,-58
115000132,16,157,-141
115000133,48,138,-90
115000134,67,97,-30
115000135,32,111,-79
115000136,61,84,-23
115000137,20,132,-112
115000138,13,87,-74
115000139,87,164,-77
115000140,28,37,-9
115000141,30,179,-149
115000142,38,190,-152
115000143,38,150,-112
115000144,89,59,30
115000145,39,353,-314
115000146,37,49,-12
115000147,87,390,-303
115000148,87,687,-600
115000149,126,74,52
115000150,249,714,-465
115000151,164,145,19
115000152,145,1147,-1002
115000153,83,125,-42
115000154,103,96,7
115000155,183,876,-693
115000156,262,123,139
115000157,275,436,-161
115000158,219,115,104
115000159,219,71,148
115000160,211,68,143
115000161,96,217,-121
115000162,105,127,-22
115000163,315,339,-24
115000164,257,328,-71
115000165,78,116,-38
115000167,19,26,-7
115000168,163,84,79
115000169,178,203,-25
115000170,46,101,-55
115000171,75,38,37
115000172,834,220,614
115000173,28,56,-28
115000174,14,30,-16
115000175,35,71,-36
115000176,13,5,8
115000177,7,47,-40
115000178,3,118,-115
115000179,3,4,-1
115000180,11,367,-356
115000181,38,31,7
115000182,51,101,-50
115000183,42,525,-483
115000186,66,66,0
115000187,29,358,-329
115000188,68,117,-49
115000189,90,188,-98
115000190,84,73,11
115000191,49,144,-95
115000194,43,51,-8
115000195,40,14,26
115000196,15,37,-22
115000197,23,340,-317
115000198,20,60,-40
115000199,22,240,-218
115000200,43,23,20
115000201,20,249,-229
115000206,1,0,1
115000207,18,139,-121
115000208,264,285,-21
115000209,40,32,8
115000210,4,31,-27
115000211,42,81,-39
115000212,566,156,410
115000224,14,18,-4
115000225,14,8,6
115000229,61,24,37
115000230,6,125,-119
115000231,108,1410,-1302
115000232,158,208,-50
115000233,18,143,-125
115000234,3,108,-105
115000241,4,67,-63
115000242,14,77,-63
115000243,8,125,-117
115000244,1,47,-46
115000246,28,4,24
115000247,1,0,1
115000248,1,1,0
115000249,2,0,2
115000250,32,35,-3
115000251,58,87,-29
115000252,24,98,-74
115000253,9,18,-9
115000258,23,71,-48
115000259,51,44,7
115000261,0,0,0
115000262,1,7,-6
115000263,0,10,-10
115000264,9,6,3
115000267,2,7,-5
115000268,17,56,-39
115000269,3,19,-16
115000270,1,0,1
115000272,10,38,-28
115000273,21,3,18
115000280,213,0,213
115000281,231,26,205
115000282,83,30,53
115000284,94,12,82
115000296,68,0,68
115000297,1,0,1
115000298,42,25,17
115000300,5,114,-109
115000302,22,21,1
115000303,21,21,0
115000304,33,15,18
115000305,13,795,-782
115000306,23,379,-356
115000307,7,187,-180
115000308,19,5,14
115000310,194,859,-665
115000311,74,457,-383
115000313,53,397,-344
115000314,11,8,3
115000315,728,192,536
115000316,4,8,-4
115000317,18,246,-228
115000318,73,94,-21
115000319,21,179,-158
115000320,5,45,-40
115000321,34,1,33
115000322,12,192,-180
115000449,47,18,29
115000557,0,79,-79
115000558,3,5,-2
115000587,45,89,-44
115000588,1009,2698,-1689
115000589,848,925,-77
115000590,204,911,-707
115000591,156,175,-19
115000592,269,826,-557
115000593,182,129,53
115000594,326,784,-458
115000609,59,54,5
115000617,231,196,35
115000624,8,33,-25
115000633,29,794,-765
115000634,368,119,249
115000635,27,14,13
115000638,478,182,296
115000641,69,39,30
115000642,103,71,32
115000643,38,229,-191
115000644,64,229,-165
115000646,366,263,103
115000647,41,166,-125
115000648,168,735,-567
115000893,612,95,517
115000894,24,682,-658
115000895,178,485,-307
115000896,186,62,124
115000897,35,5,30
115000898,199,29,170
115000899,506,401,105
115000900,13,137,-124
115000901,51,28,23
115000912,29,5,24
115000913,2,15,-13
115000915,2,0,2
115000916,0,0,0
115000917,0,1,-1
115000918,0,0,0
115000919,0,0,0
115000920,6,13,-7
115000921,710,14,696
115000922,188,35,153
115000923,239,423,-184
115000925,9,40,-31
115000927,20,23,-3
115000933,155,64,91
115000934,3,41,-38
115000935,3,27,-24
115000936,0,0,0
115000937,643,28,615
115000938,79,35,44
115000939,113,54,59
115000940,0,0,0
115000941,0,0,0
115000942,1,0,1
115000943,30,8,22
115000944,2,2,0
115900001,2,49,-47
115900002,17,21,-4
115900003,3,25,-22
115900004,0,19,-19
115900005,15,0,15
115900006,8,128,-120
115900008,3,1,2
115900009,5,88,-83
115900010,18,36,-18
115900011,37,105,-68
115900012,5,22,-17
115900013,60,19,41
115900014,67,83,-16
115900015,1,18,-17
115900016,3,3,0
115900017,0,0,0
115900018,100,18,82
115900019,78,2,76
115900020,0,0,0
115900021,997,26,971
115900022,810,2,808
115900023,4,0,4
115900025,19,34,-15
115900026,317,110,207
115900027,0,253,-253
115900028,268,8,260
115900029,1,329,-328
115900030,6,0,6
115900031,119,19,100
115900032,53,117,-64
115900033,0,27,-27
115900034,1,295,-294
115900035,8,62,-54
115900036,78,70,8
115900037,2,269,-267
115900038,3,1,2
115900039,11,151,-140
115900041,55,66,-11
115900042,2,2,0
115900043,0,57,-57
115900044,26,27,-1
115900046,35,175,-140
115900047,3,6,-3
115900049,3,64,-61
115900051,0,46,-46
115900052,7,286,-279
115900053,16,92,-76
115900054,5,46,-41
115900055,20,148,-128
115900056,8,198,-190
115900057,0,0,0
115900058,32,39,-7
115900060,9,38,-29
115900061,9,0,9
115900062,2,170,-168
115900063,21,5,16
115900064,57,60,-3
115900065,6,65,-59
115900066,65,66,-1
115900067,2,557,-555
115900068,2769,20,2749
115900069,21,37,-16
115900070,13,88,-75
115900071,1,385,-384
115900072,45,151,-106
115900073,5,4,1
115900074,3,284,-281
115900075,4,128,-124
115900076,0,59,-59
115900077,4,236,-232
115900078,5,53,-48
115900079,9,2,7
115900080,81,33,48
115900081,4,67,-63
115900082,42,61,-19
115900084,18,4,14
115900085,22,12,10
115900086,475,97,378
115900088,1,21,-20
115900089,43,537,-494
115900090,6,2,4
115900091,0,8,-8
115900092,2,146,-144
115900093,0,26,-26
115900094,2,321,-319
115900096,0,5,-5
115900097,7,415,-408
115900098,29,215,-186
115900099,1,40,-39
115900100,2,205,-203
115900101,47,203,-156
115900102,1,26,-25
115900103,85,111,-26
115900104,1,51,-50
115900105,18,301,-283
115900106,6,3,3
115900107,2,95,-93
115900108,3,9,-6
115900109,14,171,-157
115900110,0,5,-5
115900111,2,48,-46
115900112,4,300,-296
115900113,0,8,-8
115900114,0,134,-134
115900115,2,32,-30
115900116,19,498,-479
115900117,3,4,-1
115900118,7,253,-246
115900119,3,22,-19
115900120,3,107,-104
115900121,9,44,-35
115900124,21,45,-24
115900125,30,4,26
115900126,33,7,26
115900127,63,4,59
115900128,1,107,-106
115900129,52,2,50
115900130,9,100,-91
115900131,8,2,6
115900132,24,6,18
115900134,12,4,8
115900135,325,206,119
115900137,0,0,0
115900139,21,10,11
115900140,10,5,5
115900141,5,11,-6
115900142,5,4,1
115900143,4,95,-91
115900144,5,86,-81
115900146,1,60,-59
115900147,25,36,-11
115900148,0,0,0
115900149,2,31,-29
115900150,4,15,-11
115900151,1,18,-17
115900152,8,109,-101
115900153,1,69,-68
115900154,112,52,60
115900155,0,30,-30
115900156,66,145,-79
115900157,7,88,-81
115900158,6,1,5
115900159,2,86,-84
115900160,0,1,-1
115900161,1,47,-46
115900163,20,29,-9
115900164,26,50,-24
115900166,39,58,-19
115900168,5,42,-37
115900171,2,70,-68
115900172,9,40,-31
115900173,15,46,-31
115900174,77,42,35
115900175,10,91,-81
115900178,1,445,-444
115900179,17,4,13
115900180,12,150,-138
115900181,24,187,-163
115900182,35,190,-155
115900183,20,4,16
115900184,147,6,141
115900187,6,40,-34
115900189,0,35,-35
115900190,73,85,-12
115900191,8,155,-147
115900192,1,21,-20
115900193,2,7,-5
115900194,42,4,38
115900195,63,75,-12
115900198,30,44,-14
115900199,24,53,-29
115900200,81,67,14
115900201,27,123,-96
115900202,2,0,2
115900203,0,0,0
115900204,0,0,0
115900205,5,2,3
115900206,6,48,-42
115900207,2,2,0
115900208,5,144,-139
115900209,0,63,-63
115900210,1,70,-69
115900211,0,76,-76
115900212,10,80,-70
115900213,3,1,2
115900214,41,121,-80
115900215,14,4,10
115900216,2,88,-86
115900217,1,63,-62
115900218,0,50,-50
115900219,1,0,1
115900220,2,2,0
115900221,4,1,3
115900222,6,1,5
115900223,0,6,-6
115900224,361,13,348
115900225,55,11,44
115900226,5,14,-9
115900227,0,6,-6
115900228,0,4,-4
115900229,3,30,-27
115900230,14,26,-12
115900231,13,0,13
115900232,2,0,2
115900233,10,0,10
115900234,8,1,7
115900235,0,3,-3
115900236,0,2,-2
115900237,1,42,-41
115900238,1,15,-14
115900239,1,30,-29
115900240,0,29,-29
115900241,4,16,-12
115900242,70,49,21
115900243,2,2,0
115900244,1,2,-1
115900245,0,4,-4
115900246,0,0,0
115900247,4,0,4
115900248,4,1,3
115900249,0,3,-3
115900250,3,1,2
115900251,0,1,-1
115900252,0,2,-2
115900253,3,2,1
115900254,1,11,-10
115900255,0,9,-9
115900256,18,12,6
115900257,0,11,-11
115900258,0,0,0
115900259,0,0,0
115900260,5,1,4
115900261,5,0,5
115900262,0,0,0
115900263,0,9,-9
115900264,0,1,-1
115900265,1,1,0
115900266,1,0,1
115900267,8,0,8
115900268,0,2,-2
115900269,35,137,-102
115900270,13,349,-336
115900271,5,0,5
115900272,2,0,2
115900273,0,1,-1
115900274,0,0,0
115900275,0,16,-16
115900276,1,36,-35
115900277,0,101,-101
115900278,3,29,-26
115900279,5,48,-43
115900280,8,48,-40
115900281,200,33,167
115900282,4,1,3
115900283,0,0,0
115900284,5,8,-3
116000001,12760,2427,10333
116000002,1378,933,445
116000003,656,1262,-606
116000004,527,454,73
116000005,761,1332,-571
116000006,482,393,89
116000007,1402,2355,-953
116000008,941,598,343
116000009,747,1645,-898
116000010,365,270,95
116000011,302,951,-649
116000012,301,206,95
116000013,8958,2032,6926
116000014,12581,1508,11073
116000015,204,212,-8
116000016,3616,450,3166
116000017,19,205,-186
116000018,274,161,113
116000019,133,114,19
116000020,145,537,-392
116000021,31,94,-63
116000022,64,190,-126
116000023,164,136,28
116000024,200,734,-534
116000025,116,219,-103
116000026,521,1016,-495
116000027,201,272,-71
116000028,66,120,-54
116000029,360,238,122
116000030,16,24,-8
116000031,52,78,-26
116000032,28,147,-119
116000033,28,172,-144
116000034,34,253,-219
116000035,48,291,-243
116000036,556,95,461
116000037,111,60,51
116000038,63,37,26
116000039,284,146,138
116000040,79,30,49
116000041,75,251,-176
116000042,61,41,20
116000043,24,260,-236
116000044,2,34,-32
116000045,162,114,48
116000046,413,370,43
116000047,765,753,12
116000048,241,283,-42
116000049,144,411,-267
116000050,566,638,-72
116000051,432,352,80
116000052,1213,1446,-233
116000053,238,129,109
116000054,163,982,-819
116000055,106,618,-512
116000056,64,202,-138
116000057,1139,935,204
116000058,1154,572,582
116000059,787,790,-3
116000060,1649,336,1313
116000061,190,258,-68
116000062,181,88,93
116000063,112,315,-203
116000066,10,24,-14
116000067,88,412,-324
116000068,14,18,-4
116000069,82,232,-150
116000078,28,292,-264
116000080,341,541,-200
116000082,3,56,-53
116000083,402,144,258
116000084,702,1770,-1068
116000085,721,289,432
116000086,1054,732,322
116000087,554,350,204
116000088,284,510,-226
116000089,50,78,-28
116000090,16,48,-32
116000091,79,63,16
116000093,469,163,306
116000094,98,382,-284
116000095,166,232,-66
116000096,144,473,-329
116000097,109,402,-293
116000098,63,1276,-1213
116000099,3958,129,3829
116000100,20,6,14
116000101,119,774,-655
116000102,33,647,-614
116000103,86,99,-13
116000104,21,818,-797
116000105,136,110,26
116000106,40,783,-743
116000107,268,285,-17
116000108,0,67,-67
116000111,16,6,10
116000113,13,16,-3
116000114,17,114,-97
116000115,10,26,-16
116000116,59,341,-282
116000117,242,368,-126
116000118,321,897,-576
116000119,314,400,-86
116000120,791,2446,-1655
116000121,195,141,54
116000122,655,1738,-1083
116000123,78,150,-72
116000124,104,787,-683
116000125,265,219,46
116000126,121,933,-812
116000127,421,869,-448
116000128,333,190,143
116000129,110,94,16
116000130,74,72,2
116000133,102,440,-338
116000134,299,1446,-1147
116000135,271,622,-351
116000136,196,1179,-983
116000137,137,236,-99
116000138,767,182,585
116000139,517,1076,-559
116000140,51,139,-88
116000141,113,488,-375
116000142,2031,1900,131
116000143,829,551,278
116000144,550,1875,-1325
116000145,467,681,-214
116000146,42,92,-50
116000147,53,37,16
116000148,65,181,-116
116000149,124,269,-145
116000151,233,640,-407
116000153,7,33,-26
116000155,20,49,-29
116000156,420,468,-48
116000157,4,10,-6
116000158,16,188,-172
116000159,2,5,-3
116000160,6,54,-48
116000161,6,31,-25
116000162,37,13,24
116000163,2,3,-1
116000164,0,5,-5
116000177,4,52,-48
116000194,26,170,-144
116000195,362,313,49
116000196,1,1,0
116000197,1,1,0
116000198,549,248,301
116000200,271,78,193
116000201,187,278,-91
116000202,2,121,-119
116000203,5,51,-46
116000204,0,18,-18
116000205,0,112,-112
116000206,0,83,-83
116000207,0,26,-26
116000233,32,467,-435
116000287,49,319,-270
116000288,29,76,-47
116000292,2,89,-87
116000296,1,100,-99
116000297,14,7,7
116000304,14,31,-17
116000305,4,33,-29
116000346,7,108,-101
116000352,1,33,-32
116000354,1,5,-4
116000357,0,2,-2
116000358,36,9,27
116000361,388,1,387
116000372,5640,849,4791
116000381,20,0,20
116000388,2,33,-31
116000389,106,223,-117
116000445,64,630,-566
116000446,45,374,-329
116000447,2,221,-219
116000448,184,98,86
116000563,100,88,12
116000565,60,246,-186
116000568,13,25,-12
116000579,13,66,-53
116000583,5,17,-12
116000584,0,10,-10
116000585,2,5,-3
116000586,100,54,46
116000587,0,150,-150
116000589,11,37,-26
116000590,9,11,-2
116000591,14,110,-96
116000592,0,66,-66
116000593,0,9,-9
116000594,76,365,-289
116000595,68,119,-51
116000596,5,2,3
116000597,31,19,12
116000598,3,130,-127
116000605,29,30,-1
116000606,3,31,-28
116000607,0,34,-34
116000609,92,233,-141
116000611,9,370,-361
116000612,178,901,-723
116000613,84,160,-76
116000614,163,584,-421
116000615,1,68,-67
116000616,9,110,-101
116000617,17,49,-32
116000618,2,146,-144
116000619,2,28,-26
116000620,5,165,-160
116000621,2,3,-1
116000622,1,5,-4
116000624,5,33,-28
116000627,10,49,-39
116000628,12,293,-281
116000629,10,209,-199
116000630,21,9,12
116000631,6,25,-19
116000632,24,55,-31
116000633,6,179,-173
116000634,69,259,-190
116000635,828,390,438
116000636,513,412,101
116000637,64,83,-19
116000638,9,227,-218
116000639,0,0,0
116000640,0,0,0
116000641,26,119,-93
116000643,0,104,-104
116000644,20,803,-783
116000645,7,14,-7
116900001,28,46,-18
116900002,79,2,77
116900003,0,29,-29
116900004,4,2,2
116900005,31,23,8
116900006,54,50,4
116900007,26,76,-50
116900008,48,269,-221
116900009,0,0,0
116900010,13,1028,-1015
116900011,4,11,-7
116900012,24,96,-72
116900013,2,81,-79
116900014,9,300,-291
116900015,10,23,-13
116900016,12,0,12
116900017,0,412,-412
116900018,13,16,-3
116900019,0,190,-190
116900020,612,47,565
116900023,21,2,19
116900024,30,26,4
116900025,36,586,-550
116900026,20,323,-303
116900027,1,14,-13
116900028,1,43,-42
116900029,0,5,-5
116900031,0,5,-5
116900032,0,137,-137
116900033,0,2,-2
116900034,1,35,-34
116900035,35,115,-80
116900036,0,77,-77
116900038,4,1,3
116900041,7,5,2
116900042,547,96,451
116900043,0,37,-37
116900047,46,15,31
116900049,14,152,-138
116900050,13,123,-110
116900051,2,105,-103
116900052,26,20,6
116900055,0,3,-3
116900057,10,162,-152
116900058,9,190,-181
116900059,1,52,-51
116900060,26,167,-141
116900062,0,0,0
116900064,15,598,-583
116900065,2,53,-51
116900067,7,37,-30
116900068,23,256,-233
116900070,0,2,-2
116900072,4,249,-245
116900073,3,83,-80
116900074,1,11,-10
116900076,0,15,-15
116900077,3,105,-102
116900078,115,66,49
116900079,5,186,-181
116900080,0,10,-10
116900081,60,619,-559
116900082,73,443,-370
116900083,11,31,-20
116900084,39,15,24
116900085,9,75,-66
116900086,7,168,-161
116900088,92,9,83
116900090,80,17,63
116900091,28,39,-11
116900092,22,406,-384
116900093,910,473,437
116900094,3020,566,2454
116900095,13,99,-86
116900096,22,19,3
116900097,1173,268,905
116900098,544,66,478
116900099,178,141,37
116900100,80,4,76
116900101,123,346,-223
116900103,0,0,0
116900104,14,19,-5
116900105,55,10,45
116900106,115,56,59
116900107,1963,241,1722
116900110,2,0,2
116900111,36,541,-505
116900112,23,299,-276
116900113,948,205,743
116900116,21,66,-45
116900117,0,46,-46
116900118,675,245,430
116900120,32,33,-1
116900121,11,19,-8
116900122,96,519,-423
116900123,16,557,-541
116900124,38,394,-356
116900125,12,74,-62
116900126,57,180,-123
116900128,0,35,-35
116900129,1,193,-192
116900130,569,620,-51
116900131,5,89,-84
116900132,5,42,-37
116900133,3,51,-48
116900134,44,100,-56
116900136,6,61,-55
116900137,38,82,-44
116900138,53,117,-64
116900139,22,192,-170
116900140,33,107,-74
116900141,135,148,-13
116900142,1,4,-3
116900143,47,232,-185
116900144,0,10,-10
116900145,10,168,-158
116900147,224,114,110
116900148,0,7,-7
116900149,1,21,-20
116900150,0,2,-2
116900151,14,3,11
116900153,19,18,1
116900154,36,46,-10
116900155,8,12,-4
116900157,43,148,-105
116900158,2,28,-26
116900159,13,83,-70
116900160,157,63,94
116900161,4667,836,3831
116900162,2,28,-26
116900163,11,52,-41
116900164,4,9,-5
116900165,13,18,-5
116900166,2,26,-24
116900167,20,18,2
116900168,40,48,-8
116900169,89,63,26
116900170,23,61,-38
116900171,6,107,-101
116900172,40,15,25
116900173,9,20,-11
116900174,4,8,-4
116900175,14,22,-8
116900178,1,75,-74
116900179,24,26,-2
116900180,14,15,-1
116900182,77,99,-22
116900183,27,25,2
116900185,1,2,-1
116900186,31,186,-155
116900187,3,2,1
116900188,23,9,14
116900189,0,0,0
116900191,49,152,-103
116900192,39,44,-5
116900194,11,149,-138
116900195,10,4,6
116900196,5,84,-79
116900197,7,1,6
116900198,145,49,96
116900200,5,45,-40
116900201,5,1,4
116900202,23,51,-28
116900203,12,2,10
116900204,15,23,-8
116900206,0,34,-34
116900207,3,5,-2
116900208,0,51,-51
116900209,9,52,-43
116900210,74,75,-1
116900211,56,6,50
116900212,0,64,-64
116900213,22,41,-19
116900214,27,57,-30
116900215,5,28,-23
116900216,65,204,-139
116900218,2,183,-181
116900219,440,190,250
116900220,21,94,-73
116900221,14,81,-67
116900222,93,111,-18
116900223,38,63,-25
116900226,1,49,-48
116900227,22,24,-2
116900228,33,225,-192
116900230,4,167,-163
116900231,1,293,-292
116900232,2,199,-197
116900233,20,14,6
116900234,0,0,0
116900235,84,219,-135
116900238,515,115,400
116900239,0,207,-207
116900240,2891,480,2411
116900241,4,87,-83
116900242,571,49,522
116900243,0,15,-15
116900245,6,0,6
116900246,9,4,5
116900247,29,3,26
116900248,10,10,0
116900249,14,24,-10
116900250,43,21,22
116900251,101,27,74
116900252,3,469,-466
116900254,2,31,-29
116900255,25,9,16
116900256,26,38,-12
116900257,6,381,-375
116900258,0,247,-247
116900259,4,1,3
116900260,0,86,-86
116900261,3,2,1
116900262,18,94,-76
116900263,0,2,-2
116900264,1,3,-2
116900265,0,0,0
116900266,0,27,-27
116900267,0,0,0
116900268,1,0,1
116900269,78,198,-120
116900271,1313,29,1284
116900272,208,235,-27
116900273,73,18,55
116900274,3,13,-10
116900275,16,36,-20
116900276,78,16,62
116900277,111,7,104
116900278,0,1,-1
116900279,0,5,-5
116900280,3,11,-8
116900281,3370,521,2849
116900282,0,67,-67
116900283,3,72,-69
116900284,2,61,-59
116900285,73,25,48
116900286,59,1,58
116900287,0,38,-38
116900288,6,59,-53
116900289,0,17,-17
116900290,1,21,-20
116900291,10,7,3
116900292,0,0,0
116900293,3,79,-76
116900294,13,65,-52
116900295,5,14,-9
116900296,4,6,-2
116900297,0,1,-1
116900298,16,6,10
116900299,2,5,-3
116900300,0,17,-17
116900301,4,18,-14
116900302,13,5,8
116900303,196,12,184
116900304,0,47,-47
116900305,2,3,-1
116900306,12,57,-45
116900307,9,2,7
116900308,1,72,-71
116900309,4,55,-51
116900310,6,19,-13
117000001,319,488,-169
117000002,567,2000,-1433
117000003,1326,727,599
117000004,1613,2304,-691
117000005,291,508,-217
117000006,341,2545,-2204
117000007,731,333,398
117000008,520,2260,-1740
117000009,889,416,473
117000010,968,1875,-907
117000011,267,542,-275
117000012,372,1114,-742
117000013,231,469,-238
117000014,227,1115,-888
117000015,987,322,665
117000016,48,35,13
117000017,60,60,0
117000018,33,158,-125
117000019,16,6,10
117000020,331,335,-4
117000021,1434,166,1268
117000022,89,45,44
117000023,137,63,74
117000024,127,43,84
117000025,314,340,-26
117000026,350,116,234
117000027,723,675,48
117000028,49,90,-41
117000030,181,253,-72
117000031,52,27,25
117000032,749,557,192
117000033,352,292,60
117000034,82,126,-44
117000035,39,18,21
117000036,75,149,-74
117000037,10,22,-12
117000038,27,181,-154
117000039,32,67,-35
117000040,50,1012,-962
117000041,105,37,68
117000044,4,705,-701
117000045,63,4,59
117000046,165,579,-414
117000047,70,120,-50
117000048,925,766,159
117000049,44,161,-117
117000050,29,1744,-1715
117000051,426,96,330
117000052,5,410,-405
117000053,34,56,-22
117000054,276,1,275
117000055,111,2282,-2171
117000056,84,1,83
117000057,361,1100,-739
117000060,97,1216,-1119
117000061,126,157,-31
117000062,87,297,-210
117000063,164,141,23
117000064,363,448,-85
117000066,463,282,181
117000067,14,116,-102
117000074,50,40,10
117000076,27,6,21
117000077,33,34,-1
117000078,18,266,-248
117000079,68,36,32
117000080,0,209,-209
117000081,141,24,117
117000082,13,24,-11
117000083,37,81,-44
117000084,4,0,4
117000085,46,188,-142
117000086,259,399,-140
117000087,56,231,-175
117000088,97,48,49
117000089,304,117,187
117000090,68,1022,-954
117000091,131,81,50
117000092,114,1127,-1013
117000093,118,119,-1
117000094,221,1345,-1124
117000095,310,244,66
117000096,275,1542,-1267
117000097,190,365,-175
117000098,1236,3294,-2058
117000099,385,235,150
117000100,29,64,-35
117000101,93,654,-561
117000102,158,161,-3
117000103,407,1169,-762
117000104,198,148,50
117000105,255,1248,-993
117000106,194,87,107
117000107,188,1700,-1512
117000108,144,180,-36
117000109,817,1827,-1010
117000110,205,187,18
117000111,754,1367,-613
117000112,461,556,-95
117000113,28,203,-175
117000114,6,16,-10
117000115,21,75,-54
117000116,4,51,-47
117000117,278,103,175
117000118,52,82,-30
117000119,27,14,13
117000120,20,16,4
117000121,6,89,-83
117000122,181,87,94
117000123,446,6,440
117000124,24,3,21
117000125,68,21,47
117000126,11,11,0
117000127,60,121,-61
117000128,136,200,-64
117000129,198,125,73
117000130,7,5,2
117000131,0,179,-179
117000132,168,86,82
117000133,154,109,45
117000134,2,20,-18
117000135,2,22,-20
117000136,0,35,-35
117000137,11,15,-4
117000138,0,123,-123
117000140,135,1107,-972
117000141,242,130,112
117000181,425,89,336
117000182,53,15,38
117000195,47,777,-730
117000196,14,5,9
117000225,37,3,34
117000226,6,25,-19
117000276,41,1,40
117000277,1,307,-306
117000310,1059,954,105
117000315,16,72,-56
117000320,0,0,0
117000906,22,1,21
117000907,4,320,-316
117000909,33,22,11
117000910,60,78,-18
117000911,80,162,-82
117000915,0,354,-354
117000916,2,0,2
117000917,79,1,78
117000918,9,6,3
117000919,4,62,-58
117000920,3,1116,-1113
117000921,4,1611,-1607
117000922,0,0,0
117000924,110,102,8
117000926,665,24,641
117000927,47,91,-44
117000928,0,148,-148
117000929,48,377,-329
117000930,90,4,86
117000931,70,14,56
117900002,53,179,-126
117900003,349,96,253
117900005,0,21,-21
117900006,0,14,-14
117900007,9,107,-98
117900008,0,24,-24
117900010,23,92,-69
117900011,6,11,-5
117900012,11,127,-116
117900013,0,127,-127
117900014,76,249,-173
117900015,4,165,-161
117900016,503,74,429
117900017,66,403,-337
117900018,83,7,76
117900019,37,370,-333
117900020,13,30,-17
117900021,2,88,-86
117900023,352,7,345
117900024,22,130,-108
117900025,26,8,18
117900026,47,255,-208
117900028,3,0,3
117900029,39,788,-749
117900031,10,24,-14
117900032,80,75,5
117900033,33,630,-597
117900034,23,15,8
117900035,23,8,15
117900036,38,516,-478
117900037,2,47,-45
117900038,9,311,-302
117900039,2,29,-27
117900040,43,331,-288
117900041,1,43,-42
117900042,2640,141,2499
117900043,7,27,-20
117900044,27,390,-363
117900045,15,28,-13
117900048,63,198,-135
117900049,25,416,-391
117900050,0,14,-14
117900051,15,0,15
117900052,17,62,-45
117900053,288,373,-85
117900054,0,22,-22
117900055,35,37,-2
117900056,55,5,50
117900057,309,673,-364
117900058,6,1,5
117900059,32,9,23
117900060,148,3273,-3125
117900061,3,36,-33
117900063,20,100,-80
117900065,495,599,-104
117900066,0,9,-9
117900067,49,177,-128
117900069,61,231,-170
117900070,23,5,18
117900071,7,86,-79
117900073,55,277,-222
117900074,6,1,5
117900075,12,42,-30
117900076,3,29,-26
117900077,28,23,5
117900078,51,118,-67
117900080,36,30,6
117900081,255,241,14
117900082,65,57,8
117900083,17,428,-411
117900086,16,22,-6
117900087,9,29,-20
117900088,1152,782,370
117900089,302,80,222
117900090,53,571,-518
117900091,46,39,7
117900092,3,21,-18
117900093,3,41,-38
117900094,5,0,5
117900095,40,584,-544
117900096,9,102,-93
117900097,6,21,-15
117900098,0,0,0
117900099,16,226,-210
117900100,6,0,6
117900101,204,288,-84
117900102,4,16,-12
117900103,4,0,4
117900104,1,46,-45
117900105,19,64,-45
117900106,7,10,-3
117900107,0,0,0
117900109,55,107,-52
117900110,3,0,3
117900111,53,1,52
117900112,8,3,5
117900113,1410,287,1123
117900114,0,0,0
117900115,57,3,54
117900116,396,251,145
117900117,101,141,-40
117900118,3,0,3
117900119,22,240,-218
117900120,14,35,-21
117900121,2,6,-4
117900122,419,283,136
117900123,75,568,-493
117900124,195,226,-31
117900125,302,334,-32
117900126,191,311,-120
117900127,96,308,-212
117900128,49,491,-442
117900129,3,0,3
117900130,192,90,102
117900131,0,53,-53
117900132,0,56,-56
117900133,2,83,-81
117900134,11,115,-104
117900135,3,166,-163
117900136,0,31,-31
117900137,8,215,-207
117900138,0,24,-24
117900139,14,92,-78
117900140,3132,26,3106
117900141,32,106,-74
117900142,2,1,1
117900144,6,21,-15
117900145,2,4,-2
117900146,61,39,22
117900147,11,27,-16
117900148,1094,385,709
117900149,7,73,-66
117900150,6,57,-51
117900151,10,124,-114
117900152,32,34,-2
117900153,2,56,-54
117900154,98,405,-307
117900156,170,168,2
117900157,3,136,-133
117900158,29,11,18
117900160,124,113,11
117900161,1228,1109,119
117900162,19,90,-71
117900163,34,6,28
117900165,0,7,-7
117900166,10,54,-44
117900168,31,90,-59
117900169,0,67,-67
117900170,0,13,-13
117900171,6,4,2
117900172,8,4,4
117900173,62,22,40
117900174,17,9,8
117900175,0,19,-19
117900176,0,25,-25
117900177,3,30,-27
117900178,31,6,25
117900180,90,6,84
117900181,18,30,-12
117900182,0,2,-2
117900183,2,20,-18
117900184,0,4,-4
117900185,0,4,-4
117900186,3,2,1
117900187,1,0,1
117900188,24,6,18
117900189,5,0,5
117900190,0,0,0
117900191,4,0,4
117900192,9,3,6
117900193,0,31,-31
117900194,0,1,-1
117900195,0,0,0
117900196,0,8,-8
117900207,9,21,-12
117900208,4,11,-7
117900209,62,51,11
117900210,54,48,6
117900211,9,85,-76
117900212,48,69,-21
117900213,1,0,1
117900214,1,21,-20
117900215,3,14,-11
117900216,6,8,-2
117900217,8,18,-10
117900218,58,17,41
117900219,3,34,-31
117900220,2,8,-6
117900222,93,131,-38
117900223,53,57,-4
118000001,265,168,97
118000002,711,813,-102
118000003,366,450,-84
118000004,1117,947,170
118000005,1471,703,768
118000006,4017,2068,1949
118000007,1758,838,920
118000008,1483,1204,279
118000009,766,1033,-267
118000010,646,1598,-952
118000011,247,1371,-1124
118000012,309,1395,-1086
118000013,1506,1208,298
118000014,659,2217,-1558
118000016,116,270,-154
118000017,54,98,-44
118000018,100,294,-194
118000019,726,561,165
118000020,591,516,75
118000021,426,901,-475
118000022,892,203,689
118000023,571,187,384
118000024,501,252,249
118000027,8079,1653,6426
118000029,576,210,366
118000032,323,481,-158
118000033,742,758,-16
118000034,1816,810,1006
118000035,395,550,-155
118000036,222,471,-249
118000037,203,477,-274
118000038,66,82,-16
118000039,16,136,-120
118000040,406,1452,-1046
118000041,423,619,-196
118000045,191,41,150
118000046,665,254,411
118000047,632,202,430
118000048,1406,533,873
118000051,411,200,211
118000052,247,130,117
118000053,119,88,31
118000054,987,328,659
118000055,781,251,530
118000056,61,77,-16
118000057,104,61,43
118000058,639,267,372
118000059,277,203,74
118000060,123,301,-178
118000061,156,573,-417
118000062,135,82,53
118000063,129,179,-50
118000064,295,354,-59
118000065,1745,481,1264
118000066,274,263,11
118000067,679,398,281
118000068,752,1101,-349
118000069,1375,389,986
118000070,3834,438,3396
118000071,1602,1154,448
118000072,707,614,93
118000073,686,146,540
118000074,84,189,-105
118000075,232,131,101
118000076,358,484,-126
118000077,602,461,141
118000078,634,732,-98
118000079,86,101,-15
118000080,526,389,137
118000081,491,515,-24
118000082,154,285,-131
118000083,1044,403,641
118000084,1240,568,672
118000086,102,244,-142
118000087,3936,1035,2901
118000088,805,730,75
118000089,2116,1147,969
118000090,1359,657,702
118000091,727,677,50
118000092,849,162,687
118000093,63,229,-166
118000096,161,203,-42
118000097,142,228,-86
118000098,55,100,-45
118000099,87,446,-359
118000101,165,232,-67
118000102,70,645,-575
118000107,1541,132,1409
118000108,31,98,-67
118000110,1,12,-11
118000111,0,413,-413
118000112,0,0,0
118000113,2,648,-646
118000114,1,0,1
118000115,0,1,-1
118000116,2,0,2
118000117,426,375,51
118000118,206,232,-26
118000119,223,368,-145
118000120,650,784,-134
118000121,16,286,-270
118000122,261,60,201
118000123,15,176,-161
118000125,747,583,164
118000126,238,761,-523
118000127,420,167,253
118000128,312,571,-259
118000129,203,89,114
118000130,1576,2309,-733
118000131,287,707,-420
118000132,469,409,60
118000133,125,225,-100
118000135,36,36,0
118000136,42,339,-297
118000137,393,35,358
118000138,33,301,-268
118000139,71,81,-10
118000140,1256,1033,223
118000141,413,630,-217
118000142,497,1084,-587
118000143,218,323,-105
118000144,406,344,62
118000145,653,1259,-606
118000146,314,747,-433
118000147,242,980,-738
118000148,127,634,-507
118000149,146,560,-414
118000150,45,88,-43
118000151,39,160,-121
118000153,188,369,-181
118000154,169,583,-414
118000155,149,414,-265
118000156,973,818,155
118000157,141,212,-71
118000158,31,229,-198
118000159,0,0,0
118000160,33,65,-32
118000161,89,461,-372
118000162,144,345,-201
118000163,146,182,-36
118000164,638,402,236
118000168,690,93,597
118000169,299,891,-592
118000170,1533,3478,-1945
118000171,20,90,-70
118000172,10,68,-58
118000173,192,580,-388
118000175,46,74,-28
118000176,84,101,-17
118000177,42,214,-172
118000178,13,19,-6
118000179,372,108,264
118000180,108,181,-73
118000181,249,144,105
118000182,155,113,42
118000183,76,86,-10
118000184,67,332,-265
118000185,534,295,239
118000186,219,356,-137
118000187,234,531,-297
118000188,46,102,-56
118000189,46,401,-355
118000190,3,8,-5
118000191,8,14,-6
118000192,44,47,-3
118000193,22,75,-53
118000194,832,246,586
118000195,294,233,61
118000196,36,28,8
118000197,108,54,54
118000198,112,90,22
118000199,172,88,84
118000200,2,13,-11
118000201,162,125,37
118000202,0,2,-2
118000203,564,92,472
118000204,166,48,118
118000205,160,68,92
118000206,29,51,-22
118000207,0,47,-47
118000208,221,444,-223
118000209,369,993,-624
118000210,7,9,-2
118000211,1,9,-8
118000213,110,208,-98
118000214,229,102,127
118000215,141,94,47
118000216,6,322,-316
118000217,3,72,-69
118000218,8,33,-25
118000219,118,142,-24
118000220,0,3,-3
118000221,12,88,-76
118000222,112,19,93
118000223,1,13,-12
118000224,88,51,37
118000225,17,458,-441
118000226,37,15,22
118000227,375,75,300
118000228,83,47,36
118000229,14,11,3
118000230,20,120,-100
118000231,3,110,-107
118000232,140,469,-329
118000233,114,220,-106
118000234,36,129,-93
118000236,56,255,-199
118000237,13,335,-322
118000238,29,164,-135
118000239,62,70,-8
118000240,236,37,199
118000241,16,148,-132
118000242,32,433,-401
118000243,22,83,-61
118000244,10,110,-100
118000246,0,2,-2
118000255,14,135,-121
118000256,27,121,-94
118000259,0,22,-22
118000260,9,35,-26
118000261,7,44,-37
118000263,2,113,-111
118000266,79,175,-96
118000267,0,47,-47
118000268,8,5,3
118000270,9,22,-13
118000271,32,160,-128
118000272,29,8,21
118000273,25,49,-24
118000274,60,121,-61
118000276,59,137,-78
118000295,0,33,-33
118000298,30,222,-192
118000299,15,117,-102
118000301,0,33,-33
118000302,15,28,-13
118000311,25,52,-27
118000312,14,177,-163
118000313,5,71,-66
118000314,14,43,-29
118000315,1,31,-30
118000316,99,256,-157
118000325,1,30,-29
118000326,0,11,-11
118000331,1,44,-43
118000332,1,21,-20
118000333,9,38,-29
118000335,0,0,0
118000336,0,236,-236
118000407,10,30,-20
118000457,7,10,-3
118000465,1391,795,596
118000480,2,79,-77
118000489,17,40,-23
118000490,60,259,-199
118000492,75,86,-11
118000510,31,9,22
118000514,30,157,-127
118000515,58,50,8
118000517,250,80,170
118000524,340,72,268
118000525,238,347,-109
118000530,5,31,-26
118000531,28,76,-48
118000532,31,146,-115
118000533,144,60,84
118000534,96,201,-105
118000535,36,45,-9
118000536,81,60,21
118000537,2,15,-13
118000538,10,42,-32
118000539,6,17,-11
118000540,42,97,-55
118000541,18,57,-39
118000542,13,32,-19
118000543,12,39,-27
118000546,6,13,-7
118000553,0,2,-2
118000560,1385,160,1225
118000562,2,124,-122
118000563,754,396,358
118000576,51,138,-87
118000577,130,81,49
118000578,94,77,17
118000579,348,352,-4
118000583,0,0,0
118000595,43,28,15
118000596,0,38,-38
118000597,56,88,-32
118000598,0,0,0
118000599,4,24,-20
118000600,0,1,-1
118000601,0,0,0
118000602,0,0,0
118000603,0,33,-33
118000605,16,457,-441
118000606,1,32,-31
118900001,306,99,207
118900002,446,144,302
118900003,11,1,10
118900004,0,16,-16
118900005,3,0,3
118900006,2,0,2
118900007,6,2,4
118900008,455,10,445
118900009,0,0,0
118900010,0,0,0
118900011,6,4,2
118900012,91,73,18
118900013,41,1,40
118900015,11,5,6
118900016,1,22,-21
118900017,7,12,-5
118900018,160,1,159
118900019,11,2,9
118900020,7,20,-13
118900021,52,142,-90
118900022,55,31,24
118900023,18,19,-1
118900024,0,23,-23
118900025,4,1,3
118900026,5,46,-41
118900027,57,31,26
118900028,6,75,-69
118900029,1,87,-86
118900030,5,3,2
118900031,35,85,-50
118900032,3,20,-17
118900033,41,155,-114
118900034,0,0,0
118900035,28,178,-150
118900036,140,269,-129
118900037,34,60,-26
118900038,52,185,-133
118900039,17,59,-42
118900040,28,57,-29
118900041,30,58,-28
118900042,15,48,-33
118900045,26,69,-43
118900046,468,46,422
118900047,329,76,253
118900048,18,65,-47
118900049,4,4,0
118900050,2,94,-92
118900051,2,11,-9
118900052,17,77,-60
118900053,0,5,-5
118900054,8,38,-30
118900055,3,51,-48
118900056,2,18,-16
118900057,24,105,-81
118900058,33,157,-124
118900059,1,9,-8
118900060,12,58,-46
118900062,8,68,-60
118900064,127,60,67
118900065,6,33,-27
118900066,15,24,-9
118900067,4646,826,3820
118900068,0,18,-18
118900069,44,123,-79
118900071,0,11,-11
118900072,60,97,-37
118900073,21,32,-11
118900074,40,28,12
118900075,1,29,-28
118900076,24,13,11
118900077,24,66,-42
118900078,1,1,0
118900079,28,34,-6
118900080,1,13,-12
118900081,5,2,3
118900082,78,49,29
118900083,0,11,-11
118900084,0,5,-5
118900085,140,333,-193
118900086,3,14,-11
118900087,21,28,-7
118900088,0,12,-12
118900089,1,1,0
118900090,86,184,-98
118900091,46,13,33
118900092,11,55,-44
118900093,11,3,8
118900096,17,35,-18
118900097,40,405,-365
118900099,3,127,-124
118900100,23,54,-31
118900101,5,281,-276
118900102,2,31,-29
118900103,3,19,-16
118900104,14,42,-28
118900105,48,26,22
118900107,41,51,-10
118900108,20,60,-40
118900110,136,73,63
118900111,33,190,-157
118900112,2,34,-32
118900113,7,218,-211
118900114,2,24,-22
118900115,11,81,-70
118900116,17,105,-88
118900117,9,91,-82
118900118,37,264,-227
118900119,17,149,-132
118900120,38,154,-116
118900121,0,58,-58
118900122,9,125,-116
118900123,54,145,-91
118900124,7,39,-32
118900126,3,126,-123
118900129,14,60,-46
118900130,5,8,-3
118900131,26,216,-190
118900132,35,46,-11
118900133,4,13,-9
118900135,49,89,-40
118900136,30,401,-371
118900137,0,4,-4
118900139,12,185,-173
118900140,92,602,-510
118900141,9,75,-66
118900144,53,607,-554
118900145,3,67,-64
118900146,56,359,-303
118900147,1,26,-25
118900148,0,6,-6
118900150,14,72,-58
118900152,60,414,-354
118900157,16,24,-8
118900158,0,9,-9
118900159,0,53,-53
118900161,1,0,1
118900163,30,18,12
118900164,1,36,-35
118900165,8,164,-156
118900166,8,1,7
118900167,4,79,-75
118900168,4,28,-24
118900169,41,267,-226
118900170,1,24,-23
118900171,3,17,-14
118900174,9,24,-15
118900175,34,202,-168
118900176,7,64,-57
118900177,2,7,-5
118900178,4,28,-24
118900179,1,18,-17
118900181,35,30,5
118900182,8,16,-8
118900183,1,16,-15
118900184,24,5,19
118900185,12,82,-70
118900186,30,30,0
118900187,45,133,-88
118900188,24,99,-75
118900189,3,81,-78
118900190,2,216,-214
118900191,12,2,10
118900192,14,0,14
118900193,5,0,5
118900195,27,269,-242
118900196,5,73,-68
118900197,3,11,-8
118900198,1,16,-15
118900199,2,16,-14
118900200,0,2,-2
118900201,6,2,4
118900202,2,20,-18
118900203,0,16,-16
118900204,0,17,-17
118900205,0,5,-5
118900206,1,32,-31
119000001,320,306,14
119000002,560,910,-350
119000003,333,934,-601
119000004,385,578,-193
119000005,478,590,-112
119000006,413,740,-327
119000007,655,993,-338
119000008,536,1232,-696
119000009,1636,967,669
119000010,4900,2423,2477
119000011,3367,770,2597
119000012,3061,1353,1708
119000013,1179,605,574
119000014,938,1791,-853
119000019,62,97,-35
119000020,270,617,-347
119000021,885,941,-56
119000022,1129,248,881
119000023,29,39,-10
119000024,998,1748,-750
119000025,7056,576,6480
119000026,169,82,87
119000027,251,113,138
119000028,806,575,231
119000029,73,109,-36
119000030,248,611,-363
119000031,343,430,-87
119000032,1230,1074,156
119000033,805,647,158
119000034,353,731,-378
119000035,1,171,-170
119000036,306,591,-285
119000037,231,1305,-1074
119000038,37,542,-505
119000039,126,168,-42
119000040,515,169,346
119000041,543,367,176
119000048,2455,2425,30
119000049,471,2316,-1845
119000050,513,969,-456
119000051,690,478,212
119000052,765,1274,-509
119000053,766,623,143
119000054,803,1849,-1046
119000055,714,1728,-1014
119000056,513,1088,-575
119000057,385,1237,-852
119000058,550,1097,-547
119000059,245,539,-294
119000060,295,458,-163
119000061,225,347,-122
119000062,425,695,-270
119000063,92,123,-31
119000064,590,722,-132
119000065,766,1902,-1136
119000066,449,348,101
119000067,777,1465,-688
119000068,410,546,-136
119000069,420,1309,-889
119000070,501,657,-156
119000071,265,410,-145
119000072,3083,1908,1175
119000073,2054,2247,-193
119000074,233,2212,-1979
119000075,254,1526,-1272
119000076,297,378,-81
119000077,271,168,103
119000078,118,200,-82
119000079,35,296,-261
119000080,47,105,-58
119000081,51,233,-182
119000082,96,164,-68
119000083,77,150,-73
119000084,53,223,-170
119000085,129,90,39
119000086,103,251,-148
119000087,643,333,310
119000088,109,177,-68
119000089,33,69,-36
119000090,74,41,33
119000091,135,137,-2
119000092,217,41,176
119000093,2116,1998,118
119000094,770,2016,-1246
119000095,374,1574,-1200
119000097,1693,657,1036
119000098,222,723,-501
119000099,645,680,-35
119000100,777,934,-157
119000101,1136,1514,-378
119000102,249,257,-8
119000103,455,228,227
119000104,1734,863,871
119000105,148,212,-64
119000106,59,1449,-1390
119000107,124,180,-56
119000108,97,899,-802
119000109,25,249,-224
119000110,244,295,-51
119000111,11,301,-290
119000112,77,114,-37
119000113,1261,120,1141
119000114,216,113,103
119000115,100,28,72
119000116,18,26,-8
119000117,19,76,-57
119000118,1,3,-2
119000123,608,186,422
119000124,95,114,-19
119000125,332,468,-136
119000126,139,492,-353
119000127,95,656,-561
119000128,32,12,20
119000131,143,776,-633
119000132,0,2,-2
119000133,0,1,-1
119000134,427,133,294
119000135,21,155,-134
119000136,27,230,-203
119000137,25,303,-278
119000138,76,353,-277
119000139,24,179,-155
119000140,23,102,-79
119000284,870,1368,-498
119000285,1694,1380,314
119000286,3181,1928,1253
119000287,454,1097,-643
119000288,444,855,-411
119000289,794,1881,-1087
119000290,81,294,-213
119000291,19,195,-176
119000293,33,97,-64
119000294,10,4,6
119000295,1141,255,886
119000296,65,132,-67
119000297,0,0,0
119000302,3904,748,3156
119000303,0,0,0
119000310,0,0,0
119000314,871,1386,-515
119000315,2,515,-513
119000316,14,84,-70
119000317,8,384,-376
119000319,80,249,-169
119900001,24,178,-154
119900002,8,88,-80
119900003,13,623,-610
119900004,159,86,73
119900005,8,77,-69
119900006,23,118,-95
119900007,72,13,59
119900008,0,5,-5
119900009,121,318,-197
119900010,352,482,-130
119900011,3,11,-8
119900012,1,12,-11
119900013,546,284,262
119900014,236,77,159
119900015,11,11,0
119900016,3,32,-29
119900017,2,9,-7
119900018,385,30,355
119900019,1,1,0
119900020,7,44,-37
119900021,10,15,-5
119900022,14,76,-62
119900023,257,78,179
119900025,12,11,1
119900026,295,15,280
119900027,2,3,-1
119900028,24,8,16
119900029,2,5,-3
119900030,60,124,-64
119900031,2,31,-29
119900033,905,21,884
119900034,24,103,-79
119900037,13,8,5
119900038,11,33,-22
119900039,8,0,8
119900040,12,0,12
119900041,12,67,-55
119900042,5,61,-56
119900043,7,103,-96
119900044,40,72,-32
119900046,8,51,-43
119900047,82,8,74
119900049,11,4,7
119900050,15,9,6
119900051,42,1,41
119900052,4,35,-31
119900053,73,94,-21
119900054,7,0,7
119900055,127,62,65
119900057,16,49,-33
119900058,20,0,20
119900059,31,17,14
119900060,26,2,24
119900061,18,1,17
119900062,3,25,-22
119900063,4,13,-9
119900065,22,0,22
119900067,4,31,-27
119900068,37,0,37
119900069,10,1,9
119900070,41,1,40
119900071,49,2,47
119900073,662,178,484
119900074,3,5,-2
119900075,3172,767,2405
119900076,22,299,-277
119900077,56,880,-824
119900078,72,437,-365
119900079,97,137,-40
119900080,49,139,-90
119900081,57,80,-23
119900082,123,62,61
119900083,0,22,-22
119900084,37,24,13
119900085,61,20,41
119900086,31,628,-597
119900087,26,30,-4
119900088,8,36,-28
119900089,1,366,-365
119900090,56,27,29
119900091,5,811,-806
119900092,0,221,-221
119900093,151,16,135
119900094,14,154,-140
119900095,28,13,15
119900096,15,58,-43
119900097,134,79,55
119900098,3,6,-3
119900099,4,179,-175
119900100,1542,515,1027
119900101,96,390,-294
119900102,13,208,-195
119900103,11,266,-255
119900104,6,118,-112
119900105,170,819,-649
119900106,4,141,-137
119900107,76,1790,-1714
119900108,961,376,585
119900109,7,69,-62
119900110,95,421,-326
119900111,10,240,-230
119900112,1432,161,1271
119900113,27,399,-372
119900114,49,1221,-1172
119900115,10,811,-801
119900116,11,110,-99
119900117,38,841,-803
119900118,1,771,-770
119900119,7,169,-162
119900120,227,418,-191
119900121,44,1037,-993
119900122,86,221,-135
119900123,34,109,-75
119900124,29,758,-729
119900125,16,186,-170
119900126,3802,68,3734
119900127,1305,300,1005
119900128,31,447,-416
119900129,26,522,-496
119900130,19,136,-117
119900131,4,239,-235
119900132,2,198,-196
119900133,0,7,-7
119900134,1490,101,1389
119900135,0,219,-219
119900136,66,311,-245
119900138,199,317,-118
119900139,0,13,-13
119900140,0,107,-107
119900141,39,81,-42
119900142,0,2,-2
119900143,0,168,-168
119900144,1172,60,1112
119900145,27,111,-84
119900146,29,24,5
119900147,3,32,-29
119900148,35,41,-6
119900149,642,534,108
119900150,43,103,-60
119900151,396,336,60
119900152,12,220,-208
119900153,12,11,1
119900154,16,700,-684
119900155,5,6,-1
119900156,1,1,0
119900157,7,138,-131
119900158,9,25,-16
119900159,1,1005,-1004
119900160,6,143,-137
119900161,101,160,-59
119900162,118,140,-22
119900163,32,16,16
119900164,0,0,0
119900165,17,149,-132
119900166,2,11,-9
119900167,15,57,-42
119900168,174,156,18
119900169,29,35,-6
119900170,24,59,-35
119900171,171,372,-201
119900172,25,6,19
119900173,2,423,-421
119900174,1,119,-118
119900175,108,224,-116
119900177,5,148,-143
119900178,7,119,-112
119900179,13,92,-79
119900180,93,195,-102
119900181,19,2,17
119900182,3,247,-244
119900183,39,678,-639
119900184,1334,186,1148
119900185,2,41,-39
119900186,8,39,-31
119900187,4,333,-329
119900188,3,143,-140
119900189,85,34,51
119900190,7,42,-35
119900191,31,50,-19
119900192,3,107,-104
119900193,41,65,-24
119900194,3,9,-6
119900195,1,118,-117
119900196,927,180,747
119900197,10,55,-45
119900198,8,299,-291
119900199,79,7,72
119900200,28,198,-170
119900201,238,52,186
119900202,54,7,47
119900203,17,96,-79
119900204,14,89,-75
119900205,49,196,-147
119900206,9,74,-65
119900208,11,38,-27
119900209,67,119,-52
119900210,6,12,-6
119900211,16,1,15
119900212,20,176,-156
119900213,1,12,-11
119900214,1,47,-46
119900215,5,54,-49
119900216,3,62,-59
119900217,0,46,-46
119900218,10,31,-21
119900219,1,81,-80
119900220,0,53,-53
119900221,4,254,-250
119900222,1,135,-134
119900223,6,38,-32
119900224,6,11,-5
119900225,597,3,594
119900226,399,219,180
119900227,929,134,795
119900228,2,136,-134
119900229,66,149,-83
119900230,427,187,240
119900231,14,92,-78
119900232,28,17,11
119900233,6,1,5
119900234,2,11,-9
119900235,5,3,2
119900236,1,88,-87
119900237,1,184,-183
119900238,1,48,-47
119900240,8,47,-39
119900241,18,97,-79
119900242,493,98,395
119900244,240,538,-298
119900245,6,60,-54
119900246,27,44,-17
119900247,21,17,4
119900248,0,21,-21
119900249,35,2,33
119900253,2021,94,1927
119900254,4,31,-27
119900255,21,436,-415
119900256,25,875,-850
119900257,8,9,-1
119900258,5,10,-5
119900259,1,133,-132
119900260,3,0,3
119900261,20,81,-61
119900262,0,177,-177
119900263,370,272,98
119900264,10,148,-138
119900265,53,239,-186
119900266,32,113,-81
119900267,8,202,-194
119900268,13,140,-127
119900269,55,944,-889
119900271,1,18,-17
119900272,17,14,3
119900275,23,5,18
119900276,0,0,0
119900277,1,2,-1
119900278,65,18,47
119900279,11,21,-10
119900280,618,102,516
119900281,1,30,-29
119900282,29,2,27
119900283,2,190,-188
119900284,6,92,-86
119900285,11,19,-8
119900286,3,6,-3
119900288,2,26,-24
119900289,0,19,-19
119900290,1,11,-10
119900291,0,8,-8
119900292,2,1,1
119900293,3,17,-14
119900294,3,29,-26
119900295,0,40,-40
119900296,0,48,-48
119900297,0,7,-7
119900298,4,25,-21
119900299,3,151,-148
119900300,5,104,-99
119900301,7,0,7
119900302,3,17,-14
119900303,9,54,-45
119900304,4,3,1
119900305,13,25,-12
119900306,7,0,7
119900307,2,44,-42
119900308,0,3,-3
119900309,4,7,-3
119900310,64,140,-76
119900311,22,60,-38
119900312,29,39,-10
119900313,46,212,-166
119900314,16,81,-65
119900315,130,1588,-1458
119900318,0,4,-4
119900319,2,240,-238
119900320,10,480,-470
119900321,5,0,5
120000001,3735,2033,1702
120000002,1029,2219,-1190
120000003,2074,1483,591
120000004,1935,2024,-89
120000005,3200,1615,1585
120000006,871,940,-69
120000007,1495,1277,218
120000008,519,882,-363
120000009,2984,570,2414
120000010,677,2394,-1717
120000011,390,1284,-894
120000012,1109,1809,-700
120000013,688,1766,-1078
120000014,198,964,-766
120000015,721,955,-234
120000016,740,571,169
120000017,271,445,-174
120000018,1875,2157,-282
120000019,214,295,-81
120000020,775,768,7
120000021,729,663,66
120000022,1936,1432,504
120000023,353,708,-355
120000024,843,996,-153
120000025,639,1138,-499
120000026,203,991,-788
120000027,419,931,-512
120000028,249,186,63
120000029,1273,207,1066
120000030,25,404,-379
120000031,896,2229,-1333
120000032,6569,1654,4915
120000033,778,870,-92
120000034,393,1389,-996
120000035,564,1290,-726
120000036,707,1758,-1051
120000037,149,302,-153
120000038,5969,1838,4131
120000039,158,650,-492
120000040,15,51,-36
120000041,119,1280,-1161
120000042,620,3665,-3045
120000043,1574,1559,15
120000044,861,721,140
120000045,899,592,307
120000046,534,736,-202
120000047,791,1044,-253
120000048,4657,1232,3425
120000049,826,1414,-588
120000050,1044,2600,-1556
120000051,2241,1840,401
120000052,9651,1405,8246
120000053,524,2889,-2365
120000054,747,4720,-3973
120000055,336,2495,-2159
120000056,1279,2849,-1570
120000057,503,696,-193
120000058,72,101,-29
120000059,35,794,-759
120000061,45,354,-309
120000062,107,222,-115
120000063,1335,2293,-958
120000064,121,1280,-1159
120000065,112,1253,-1141
120000066,46,235,-189
120000067,13,274,-261
120000068,42,854,-812
120000069,200,1053,-853
120000070,8,756,-748
120000071,32,118,-86
120000072,80,299,-219
120000073,87,40,47
120000074,5,21,-16
120000075,68,110,-42
120000076,177,131,46
120000077,246,215,31
120000078,1539,197,1342
120000079,47,461,-414
120000080,40,121,-81
120000081,64,85,-21
120000082,56,128,-72
120000083,34,142,-108
120000084,200,308,-108
120000085,206,350,-144
120000086,109,518,-409
120000087,47,895,-848
120000088,155,606,-451
120000089,143,56,87
120000090,63,97,-34
120000091,64,189,-125
120000092,71,155,-84
120000093,33,155,-122
120000094,16,117,-101
120000095,278,488,-210
120000096,108,951,-843
120000098,193,735,-542
120000099,83,472,-389
120000100,181,567,-386
120000101,108,330,-222
120000102,59,208,-149
120000103,138,139,-1
120000104,213,101,112
120000105,302,120,182
120000106,279,108,171
120000107,341,97,244
120000108,131,28,103
120000109,134,21,113
120000110,41,574,-533
120000111,47,893,-846
120000112,233,2757,-2524
120000113,178,1948,-1770
120000114,136,1277,-1141
120000115,111,1431,-1320
120000116,215,1314,-1099
120000117,583,1246,-663
120000118,8,8,0
120000119,2,8,-6
120000120,17,14,3
120000121,1,6,-5
120000122,40,55,-15
120000123,3710,525,3185
120000124,103,186,-83
120000125,93,310,-217
120000126,76,201,-125
120000127,233,152,81
120000128,867,883,-16
120000129,95,102,-7
120000130,170,172,-2
120000131,87,263,-176
120000134,117,947,-830
120000135,15,195,-180
120000137,43,1635,-1592
120000138,86,312,-226
120000139,27,727,-700
120000140,76,372,-296
120000141,23,423,-400
120000142,31,323,-292
120000143,0,82,-82
120000144,10,1,9
120000145,20,0,20
120000146,818,221,597
120000149,271,608,-337
120000150,2702,2698,4
120000151,180,204,-24
120000152,55,140,-85
120000153,21,341,-320
120000154,143,186,-43
120000155,49,93,-44
120000156,737,146,591
120000157,234,273,-39
120000158,204,512,-308
120000159,804,1528,-724
120000160,870,441,429
120000161,382,1531,-1149
120000162,7,78,-71
120000163,70,952,-882
120000164,81,269,-188
120000165,67,729,-662
120000166,104,320,-216
120000167,2,17,-15
120000168,2,22,-20
120000169,101,60,41
120000170,176,48,128
120000171,40,28,12
120000172,10,20,-10
120000173,1259,51,1208
120000174,228,6,222
120000175,325,3,322
120000176,95,59,36
120000177,662,408,254
120000178,74,1,73
120000179,138,9,129
120000180,161,38,123
120000181,28,29,-1
120000182,24,30,-6
120000183,2,99,-97
120000184,31,1261,-1230
120000186,4,17,-13
120000187,18,9,9
120000188,72,17,55
120000190,444,1,443
120000191,762,4,758
120000192,642,2,640
120000193,279,0,279
120000195,28,0,28
120000196,126,14,112
120000197,23,55,-32
120000198,23,117,-94
120000199,5,0,5
120000200,6,0,6
120000201,5,2,3
120000202,1,34,-33
120000203,8,297,-289
120000207,2,39,-37
120000208,5,207,-202
120000209,0,106,-106
120000210,96,36,60
120000211,20,1,19
120000212,12,0,12
120000213,10,333,-323
120000214,1,341,-340
120000215,0,71,-71
120000216,25,4,21
120000217,455,943,-488
120000218,131,1440,-1309
120000219,12,725,-713
120000220,3,2700,-2697
120000225,62,0,62
120000226,23,0,23
120000227,155,2,153
120000228,6371,759,5612
120000230,22,2,20
120000231,96,1580,-1484
120000233,6,3,3
120000235,91,485,-394
120000236,0,1,-1
120000237,4,1935,-1931
120000238,0,62,-62
120000241,359,492,-133
120000412,493,5,488
120000413,47,162,-115
120000414,4,2,2
120000415,1,120,-119
120000416,5,16,-11
120000417,0,57,-57
120000418,10,18,-8
120000419,6,245,-239
120000420,7,0,7
120000421,9760,3729,6031
120000422,224,207,17
120000423,0,19,-19
120000424,5,154,-149
120000436,58,93,-35
120000437,124,102,22
120000438,3259,262,2997
120000439,12,109,-97
120000443,29,0,29
120000444,70,224,-154
120000445,277,329,-52
120000446,412,70,342
120000447,1,1,0
120000449,3,2,1
120000450,5,282,-277
120000451,11,108,-97
120000452,1,2,-1
120000453,0,267,-267
120000454,0,0,0
120000455,7,32,-25
120000456,1732,1200,532
120000457,634,486,148
120000458,220,437,-217
120000459,20,19,1
120000665,265,104,161
120000668,39,77,-38
120000669,14,289,-275
120000670,127,168,-41
120000671,159,96,63
120000672,56,303,-247
120900001,6,8,-2
120900002,11,58,-47
120900003,35,16,19
120900004,1,22,-21
120900005,2,1377,-1375
120900006,24,64,-40
120900007,22,82,-60
120900008,28,688,-660
120900009,126,53,73
120900010,47,16,31
120900011,83,42,41
120900012,382,187,195
120900013,32,5,27
120900014,1,420,-419
120900015,87,28,59
120900016,89,35,54
120900017,1890,64,1826
120900018,27,294,-267
120900019,69,16,53
120900020,116,186,-70
120900021,50,5,45
120900022,5,220,-215
120900023,12,16,-4
120900024,542,274,268
120900025,1228,330,898
120900026,14,74,-60
120900027,222,97,125
120900028,35,7,28
120900029,11,38,-27
120900030,158,154,4
120900031,22,5,17
120900032,134,68,66
120900033,113,6,107
120900034,44,544,-500
120900035,17,21,-4
120900037,23,1,22
120900038,8,44,-36
120900039,1,6,-5
120900040,13,1,12
120900041,45,13,32
120900042,40,19,21
120900043,2,1,1
120900044,1,178,-177
120900045,51,54,-3
120900046,48,0,48
120900047,15,15,0
120900048,20,0,20
120900049,25,0,25
120900050,2268,278,1990
120900051,42,42,0
120900052,42,0,42
120900053,17,34,-17
120900054,485,314,171
120900055,43,0,43
120900056,37,2,35
120900057,15,5,10
120900058,30,0,30
120900059,13,0,13
120900060,3,18,-15
120900061,77,92,-15
120900062,20,0,20
120900063,33,1,32
120900064,39,0,39
120900065,33,1,32
120900066,38,307,-269
120900067,18,9,9
120900068,13,0,13
120900069,17,47,-30
120900071,1,2,-1
120900072,90,0,90
120900073,41,67,-26
120900074,51,1,50
120900076,18,0,18
120900077,1469,66,1403
120900078,48,498,-450
120900079,80,68,12
120900080,84,2341,-2257
120900081,90,573,-483
120900082,180,90,90
120900083,5,1,4
120900084,24,65,-41
120900085,56,34,22
120900086,85,49,36
120900087,57,31,26
120900088,21,58,-37
120900089,3186,268,2918
120900090,15,93,-78
120900091,71,59,12
120900092,173,353,-180
120900093,3087,173,2914
120900094,266,75,191
120900095,29,15,14
120900096,8,53,-45
120900097,257,956,-699
120900098,178,121,57
120900099,29,52,-23
120900100,14,321,-307
120900101,79,193,-114
120900102,6,131,-125
120900103,12,62,-50
120900104,28,20,8
120900105,5,722,-717
120900106,708,361,347
120900107,320,96,224
120900108,2,843,-841
120900109,35,593,-558
120900110,2,414,-412
120900111,48,295,-247
120900112,4,1095,-1091
120900113,1,710,-709
120900114,7,224,-217
120900115,30,91,-61
120900116,19,395,-376
120900117,3,459,-456
120900118,2,729,-727
120900119,3247,1849,1398
120900120,19,515,-496
120900121,32,211,-179
120900122,19,481,-462
120900123,2,411,-409
120900124,3,585,-582
120900125,2,618,-616
120900126,445,386,59
120900127,4,443,-439
120900128,447,684,-237
120900129,16,304,-288
120900130,0,345,-345
120900131,11,30,-19
120900132,65,223,-158
120900133,75,793,-718
120900134,116,289,-173
120900135,1,556,-555
120900136,6,6,0
120900137,10,52,-42
120900138,1,172,-171
120900139,7,746,-739
120900140,1,20,-19
120900141,13,55,-42
120900142,13,659,-646
120900143,2,847,-845
120900144,0,214,-214
120900145,18,612,-594
120900146,3,820,-817
120900147,0,157,-157
120900148,17,77,-60
120900149,1,258,-257
120900150,5,428,-423
120900151,3,496,-493
120900152,0,28,-28
120900153,2,46,-44
120900154,2,249,-247
120900155,25,1004,-979
120900156,6,258,-252
120900157,8,178,-170
120900158,4,371,-367
120900159,14,897,-883
120900160,39,324,-285
120900161,13,1540,-1527
120900162,9,1441,-1432
120900163,6,33,-27
120900164,0,1,-1
120900165,0,1,-1
120900166,3,15,-12
120900167,16,14,2
120900169,10,300,-290
120900170,1364,392,972
120900171,838,117,721
120900172,616,18,598
120900173,0,29,-29
120900174,0,67,-67
120900175,231,66,165
120900176,0,72,-72
120900177,1,87,-86
120900178,0,36,-36
120900179,212,161,51
120900180,35,36,-1
120900181,9,73,-64
120900182,0,265,-265
120900183,484,37,447
120900184,93,36,57
120900185,2,261,-259
120900186,0,421,-421
120900187,61,218,-157
120900188,18,2,16
120900189,27,48,-21
120900190,3,7,-4
120900191,0,11,-11
120900192,10040,583,9457
120900194,5,30,-25
120900195,56,207,-151
120900196,210,48,162
120900197,72,16,56
120900198,65,409,-344
120900199,43,38,5
120900200,47,28,19
120900201,405,82,323
120900202,2,142,-140
120900203,13,25,-12
120900204,285,279,6
120900205,25,44,-19
120900206,0,5,-5
120900207,20,682,-662
121000001,484,620,-136
121000002,688,493,195
121000003,2771,1157,1614
121000004,1679,990,689
121000005,1195,1622,-427
121000006,1688,624,1064
121000007,1566,2165,-599
121000008,1719,978,741
121000009,4851,2798,2053
121000010,4885,1182,3703
121000011,8323,4595,3728
121000012,10809,2527,8282
121000013,4667,3652,1015
121000014,5320,2928,2392
121000015,2490,3683,-1193
121000016,3640,1815,1825
121000017,728,2061,-1333
121000018,981,753,228
121000019,8967,4298,4669
121000020,5718,2654,3064
121000021,1272,1765,-493
121000022,897,799,98
121000023,1520,1560,-40
121000024,1022,1680,-658
121000025,494,262,232
121000026,92,44,48
121000027,1428,452,976
121000028,352,226,126
121000029,120,254,-134
121000030,48,111,-63
121000031,326,360,-34
121000032,74,60,14
121000034,20,5,15
121000035,49,47,2
121000036,316,294,22
121000037,229,349,-120
121000038,226,280,-54
121000039,103,113,-10
121000041,125,174,-49
121000042,35,137,-102
121000043,418,238,180
121000044,641,184,457
121000045,44,186,-142
121000046,35,162,-127
121000047,30,68,-38
121000049,1162,627,535
121000050,132,616,-484
121000051,175,152,23
121000052,69,267,-198
121000053,49,7,42
121000054,14,126,-112
121000055,1054,746,308
121000056,416,551,-135
121000057,92,120,-28
121000058,343,53,290
121000059,582,258,324
121000060,255,395,-140
121000061,15,53,-38
121000062,93,92,1
121000063,300,340,-40
121000064,172,166,6
121000065,226,208,18
121000066,201,301,-100
121000067,551,153,398
121000068,148,77,71
121000069,37,72,-35
121000070,458,488,-30
121000071,271,341,-70
121000072,467,325,142
121000073,270,342,-72
121000074,82,148,-66
121000075,28,11,17
121000076,357,218,139
121000077,20,11,9
121000078,51,36,15
121000080,1594,290,1304
121000081,554,493,61
121000082,137,153,-16
121000083,53,54,-1
121000084,106,50,56
121000085,320,335,-15
121000086,105,423,-318
121000087,32,128,-96
121000088,199,227,-28
121000089,65,90,-25
121000090,147,226,-79
121000091,1895,473,1422
121000092,62,51,11
121000093,37,126,-89
121000094,228,92,136
121000095,93,119,-26
121000096,1886,1256,630
121000097,1059,823,236
121000098,173,578,-405
121000099,187,512,-325
121000100,159,387,-228
121000101,8,19,-11
121000102,26,347,-321
121000103,5,25,-20
121000104,24,104,-80
121000105,90,175,-85
121000106,10,32,-22
121000107,1334,2059,-725
121000109,1222,768,454
121000110,138,198,-60
121000114,1482,1279,203
121000115,741,472,269
121000116,369,419,-50
121000117,1042,110,932
121000118,745,79,666
121000119,82,158,-76
121000120,124,212,-88
121000121,66,191,-125
121000123,385,220,165
121000127,15,74,-59
121000128,211,393,-182
121000129,114,288,-174
121000130,188,466,-278
121000131,450,376,74
121000132,282,262,20
121000135,267,123,144
121000136,575,226,349
121000137,246,67,179
121000138,294,177,117
121000139,148,36,112
121000141,71,89,-18
121000142,556,207,349
121000143,81,10,71
121000144,372,358,14
121000145,161,656,-495
121000146,376,407,-31
121000147,256,237,19
121000148,226,505,-279
121000149,690,652,38
121000152,151,187,-36
121000153,1094,235,859
121000154,433,147,286
121000155,474,345,129
121000156,250,340,-90
121000157,1245,654,591
121000158,222,334,-112
121000159,62,392,-330
121000160,122,475,-353
121000161,43,168,-125
121000162,11,186,-175
121000165,820,398,422
121000166,28,168,-140
121000168,68,131,-63
121000169,11,140,-129
121000170,39,13,26
121000171,44,110,-66
121000172,174,271,-97
121000173,797,438,359
121000174,72,292,-220
121000175,157,242,-85
121000176,236,154,82
121000177,198,367,-169
121000178,48,35,13
121000179,9,61,-52
121000181,153,147,6
121000182,29,97,-68
121000183,30,25,5
121000184,2,20,-18
121000185,5,107,-102
121000186,148,240,-92
121000187,81,144,-63
121000188,43,162,-119
121000192,242,228,14
121000193,111,225,-114
121000194,1482,1085,397
121000195,209,580,-371
121000196,238,103,135
121000197,62,323,-261
121000198,43,78,-35
121000199,29,395,-366
121000200,108,61,47
121000201,4,216,-212
121000202,50,10,40
121000203,128,1209,-1081
121000204,221,118,103
121000205,35,263,-228
121000206,51,50,1
121000207,292,269,23
121000208,3,285,-282
121000209,64,433,-369
121000210,91,443,-352
121000211,11,85,-74
121000212,103,490,-387
121000213,3144,652,2492
121000214,336,363,-27
121000215,633,340,293
121000216,122,216,-94
121000217,1501,720,781
121000218,250,1098,-848
121000219,394,181,213
121000220,228,64,164
121000221,59,92,-33
121000222,1290,1516,-226
121000223,189,250,-61
121000224,61,25,36
121000225,291,262,29
121000226,321,184,137
121000227,9,129,-120
121000228,8,606,-598
121000229,20,348,-328
121000230,37,1373,-1336
121000231,0,0,0
121000232,93,26,67
121000233,63,146,-83
121000234,8,10,-2
121000235,7,2,5
121000236,0,24,-24
121000237,2,2,0
121000238,0,45,-45
121000239,1,2,-1
121000240,2,79,-77
121000241,45,6,39
121000242,7,54,-47
121000243,26,7,19
121000244,0,53,-53
121000245,6,0,6
121000246,0,81,-81
121000247,7,0,7
121000248,59,192,-133
121000249,15,99,-84
121000250,49,21,28
121000251,10,352,-342
121000252,17,12,5
121000253,63,371,-308
121000254,159,134,25
121000255,41,93,-52
121000256,38,59,-21
121000257,9,36,-27
121000258,14,20,-6
121000259,5,26,-21
121000260,19,81,-62
121000261,10,11,-1
121000262,611,297,314
121000263,300,273,27
121000271,161,1065,-904
121000273,17,11,6
121000274,0,12,-12
121000275,3,21,-18
121000276,3,1,2
121000278,7,20,-13
121000279,5,11,-6
121000280,1,39,-38
121000289,14,7,7
121000290,485,476,9
121000294,11,126,-115
121000297,413,227,186
121000299,67,133,-66
121000300,439,232,207
121000302,27,123,-96
121000303,243,138,105
121000304,56,3,53
121000305,12,8,4
121000306,4,21,-17
121000308,59,123,-64
121000309,146,227,-81
121000310,18,224,-206
121000311,32,386,-354
121000312,51,22,29
121000313,289,116,173
121000314,105,42,63
121000315,67,36,31
121000530,309,670,-361
121000531,398,727,-329
121000532,2579,1548,1031
121000533,967,834,133
121000918,2,154,-152
121000919,2,9,-7
121000938,225,57,168
121000939,199,55,144
121000956,248,822,-574
121000957,1,17,-16
121000958,5,58,-53
121000959,88,685,-597
121000960,252,1138,-886
121000961,76,2,74
121000962,123,312,-189
121000963,0,1,-1
121000973,0,103,-103
121000976,2,39,-37
121000979,8,3,5
121000981,136,9,127
121000982,38,57,-19
121000983,55,257,-202
121000984,2,8,-6
121000985,81,355,-274
121000986,18,257,-239
121000987,49,953,-904
121000988,186,66,120
121001302,251,73,178
121001308,2,9,-7
121001309,31,14,17
121001311,0,1,-1
121001313,17,367,-350
121001314,3610,2123,1487
121001315,2522,752,1770
121001326,74,117,-43
121900001,41,97,-56
121900002,19,18,1
121900003,8,0,8
121900004,14,66,-52
121900005,0,3,-3
121900006,4,1,3
121900007,19,189,-170
121900008,0,4,-4
121900009,0,0,0
121900010,33,0,33
121900011,5,95,-90
121900012,0,0,0
121900013,0,0,0
121900014,82,21,61
121900015,1,12,-11
121900016,0,0,0
121900017,7,37,-30
121900018,32,1,31
121900019,33,72,-39
121900020,2,0,2
121900021,0,0,0
121900022,10,6,4
121900023,0,18,-18
121900024,51,10,41
121900025,40,30,10
121900026,1,0,1
121900027,16,10,6
121900028,0,0,0
121900029,1,2,-1
121900030,78,89,-11
121900031,96,342,-246
121900032,6,5,1
121900033,13,15,-2
121900034,19,9,10
121900035,165,127,38
121900036,1,17,-16
121900037,12,65,-53
121900038,4,21,-17
121900039,20,3,17
121900040,1,3,-2
121900041,3,14,-11
121900042,13,16,-3
121900043,0,0,0
121900044,121,6,115
121900046,0,0,0
121900047,4,6,-2
121900048,0,14,-14
121900050,0,1,-1
121900051,9,20,-11
121900052,0,2,-2
121900053,59,51,8
121900054,47,51,-4
121900055,0,0,0
121900058,5,38,-33
121900059,33,9,24
121900060,4,43,-39
121900062,5,1,4
121900063,26,36,-10
121900064,5,62,-57
121900066,0,0,0
121900067,0,0,0
121900069,134,33,101
121900070,11,17,-6
121900071,5,52,-47
121900072,1,30,-29
121900073,10,24,-14
121900074,4,18,-14
121900075,23,32,-9
121900076,27,64,-37
121900078,0,0,0
121900079,0,0,0
121900080,23,43,-20
121900082,5,19,-14
121900084,0,90,-90
121900086,0,0,0
121900087,14,21,-7
121900088,269,379,-110
121900089,5,52,-47
121900090,0,20,-20
121900091,2,15,-13
121900092,0,0,0
121900093,6,6,0
121900094,0,0,0
121900095,41,19,22
121900096,159,11,148
121900097,11,11,0
121900098,0,0,0
121900099,0,0,0
121900100,4,9,-5
121900101,10,15,-5
121900102,2,5,-3
121900103,30,10,20
121900104,153,42,111
121900105,7,4,3
121900106,0,1,-1
121900107,0,0,0
121900108,0,0,0
121900109,48,15,33
121900110,16,235,-219
121900111,297,41,256
121900112,3,3,0
121900113,1,7,-6
121900114,0,0,0
121900117,21,2,19
121900118,415,48,367
121900119,3,72,-69
121900120,2,383,-381
121900121,0,0,0
121900122,0,0,0
121900123,7,42,-35
121900124,9,31,-22
121900125,221,234,-13
121900127,1,11,-10
121900128,6,40,-34
121900129,414,42,372
121900130,0,20,-20
121900131,7,29,-22
121900132,4,16,-12
121900133,0,0,0
121900134,0,13,-13
121900135,332,35,297
121900136,1,108,-107
121900137,4,23,-19
121900138,2,31,-29
121900139,92,84,8
121900140,2,9,-7
121900141,1,0,1
121900142,5,8,-3
121900143,0,12,-12
121900144,177,156,21
121900145,9,15,-6
121900146,58,177,-119
121900147,27,89,-62
121900148,10,62,-52
121900149,25,174,-149
121900150,42,65,-23
121900151,17,42,-25
121900152,3,32,-29
121900153,2,79,-77
121900154,0,23,-23
121900155,0,15,-15
121900156,30,54,-24
121900157,1,112,-111
121900158,15,37,-22
121900159,0,43,-43
121900160,0,48,-48
121900161,110,43,67
121900162,18,17,1
121900163,7,268,-261
121900164,41,26,15
121900165,15,33,-18
121900166,21,53,-32
121900167,11,10,1
121900168,11,43,-32
121900169,2,202,-200
121900170,0,38,-38
121900171,22,34,-12
121900172,22,40,-18
121900173,39,10,29
121900174,0,0,0
121900175,2,28,-26
121900176,129,751,-622
121900177,12,15,-3
121900178,0,12,-12
121900179,9,11,-2
121900180,2596,530,2066
121900182,26,45,-19
121900183,59,45,14
121900184,3,84,-81
121900186,0,0,0
121900187,1,22,-21
121900188,115,40,75
121900189,2,23,-21
121900190,41,64,-23
121900191,2,1,1
121900192,149,69,80
121900193,0,21,-21
121900194,0,0,0
121900195,2,25,-23
121900196,52,40,12
121900197,98,667,-569
121900198,249,33,216
121900199,0,0,0
121900200,9,11,-2
121900201,66,75,-9
121900202,22,41,-19
121900203,9,31,-22
121900204,224,62,162
121900205,0,7,-7
121900206,0,0,0
121900207,15,2,13
121900208,10,14,-4
121900209,23,2,21
121900210,37,64,-27
121900211,1,6,-5
121900212,6,10,-4
121900213,3,5,-2
121900214,0,57,-57
121900215,0,1,-1
121900216,6,7,-1
121900217,14,8,6
121900218,19,23,-4
121900220,28,0,28
121900221,16,94,-78
121900222,2,23,-21
121900223,2,1,1
121900224,2,0,2
121900225,6,2,4
121900226,0,1,-1
121900227,5,16,-11
121900228,11,16,-5
121900230,7,9,-2
121900231,3,29,-26
121900232,10,32,-22
121900233,50,48,2
121900234,10,27,-17
121900235,12,40,-28
121900236,13,10,3
121900237,53,136,-83
121900238,35,51,-16
121900239,10,9,1
121900240,39,20,19
121900241,1,11,-10
121900242,0,0,0
121900243,0,0,0
121900244,0,0,0
121900245,19,9,10
121900246,6,3,3
121900248,111,58,53
121900250,21,26,-5
121900251,10,0,10
121900252,181,12,169
121900253,55,315,-260
121900254,89,31,58
121900255,13,3,10
121900258,100,17,83
121900259,26,53,-27
121900260,1,16,-15
121900261,12,39,-27
121900262,42,75,-33
121900263,9,30,-21
121900264,378,108,270
121900265,7,37,-30
121900266,7,28,-21
121900267,0,0,0
121900269,2,18,-16
121900270,1,25,-24
121900271,2,29,-27
121900273,32,120,-88
121900274,9,54,-45
121900277,20,406,-386
121900278,7,248,-241
121900279,23,132,-109
121900280,7,59,-52
121900281,22,1,21
121900284,0,0,0
121900286,6,58,-52
121900287,1,6,-5
121900288,0,0,0
121900290,42,43,-1
121900291,109,124,-15
121900292,28,44,-16
121900293,240,1276,-1036
121900294,38,0,38
121900295,2,39,-37
121900296,0,0,0
121900298,15,55,-40
121900299,0,0,0
121900300,0,0,0
121900301,0,0,0
121900302,0,0,0
121900303,10,50,-40
121900304,0,0,0
121900305,0,0,0
121900306,0,0,0
121900307,0,7,-7
121900308,4,135,-131
121900309,2,88,-86
121900310,3,256,-253
121900311,18,3,15
121900312,8,0,8
121900313,18,3,15
121900314,0,31,-31
121900315,0,0,0
121900316,0,0,0
121900317,0,0,0
121900318,0,0,0
121900319,0,0,0
121900320,0,0,0
121900321,0,0,0
121900322,0,0,0
121900323,0,0,0
121900324,0,0,0
121900325,0,0,0
121900326,0,0,0
121900327,0,8,-8
121900328,0,7,-7
121900329,0,48,-48
121900330,0,1,-1
121900331,0,0,0
121900332,0,2,-2
121900333,1,0,1
121900334,0,0,0
122000001,928,1247,-319
122000002,2075,595,1480
122000003,838,577,261
122000004,1468,431,1037
122000005,880,407,473
122000006,622,160,462
122000007,462,344,118
122000008,2794,973,1821
122000009,527,76,451
122000010,1309,1067,242
122000011,1599,457,1142
122000012,618,557,61
122000013,567,496,71
122000014,611,554,57
122000015,672,379,293
122000016,265,351,-86
122000017,553,397,156
122000018,664,513,151
122000019,290,641,-351
122000020,88,80,8
122000021,302,196,106
122000022,302,245,57
122000023,145,397,-252
122000024,483,439,44
122000025,480,535,-55
122000026,725,370,355
122000027,379,1127,-748
122000028,354,87,267
122000029,108,75,33
122000030,223,60,163
122000031,75,56,19
122000032,406,599,-193
122000033,250,344,-94
122000034,247,218,29
122000035,222,260,-38
122000036,141,327,-186
122000037,220,84,136
122000038,142,155,-13
122000039,345,205,140
122000040,144,136,8
122000041,140,223,-83
122000042,70,183,-113
122000043,50,28,22
122000044,40,52,-12
122000045,460,197,263
122000046,181,295,-114
122000047,173,89,84
122000048,1332,1099,233
122000049,1874,1059,815
122000050,585,347,238
122000051,117,138,-21
122000052,185,100,85
122000053,40,280,-240
122000054,1286,752,534
122000055,1018,1076,-58
122000056,2339,1479,860
122000057,2049,1198,851
122000058,1852,852,1000
122000059,1975,1102,873
122000060,499,340,159
122000061,365,132,233
122000062,707,164,543
122000063,312,191,121
122000064,1808,1853,-45
122000065,1921,1414,507
122000066,297,222,75
122000067,315,432,-117
122000068,246,281,-35
122000069,414,297,117
122000070,122,450,-328
122000071,237,277,-40
122000072,95,127,-32
122000073,127,187,-60
122000074,352,254,98
122000075,106,208,-102
122000076,645,383,262
122000077,411,374,37
122000078,1501,1556,-55
122000079,368,294,74
122000080,174,164,10
122000081,38,89,-51
122000082,427,215,212
122000083,323,957,-634
122000084,304,240,64
122000085,77,414,-337
122000086,828,1117,-289
122000087,99,80,19
122000088,107,96,11
122000089,1720,915,805
122000090,81,140,-59
122000091,70,36,34
122000092,15,2,13
122000093,544,761,-217
122000094,2351,855,1496
122000095,900,448,452
122000096,431,272,159
122000098,1035,766,269
122000099,464,371,93
122000100,345,232,113
122000101,81,241,-160
122000102,646,428,218
122000103,347,494,-147
122000104,89,81,8
122000105,55,109,-54
122000106,193,203,-10
122000107,195,198,-3
122000108,147,330,-183
122000109,78,82,-4
122000110,138,211,-73
122000111,1138,457,681
122000112,241,419,-178
122000113,160,305,-145
122000114,1043,852,191
122000115,1236,458,778
122000116,230,164,66
122000117,354,98,256
122000118,180,175,5
122000119,1228,668,560
122000120,1235,930,305
122000121,1592,784,808
122000122,391,403,-12
122000123,785,287,498
122000124,257,129,128
122000125,190,308,-118
122000126,194,243,-49
122000127,549,362,187
122000128,236,344,-108
122000129,161,99,62
122000130,718,132,586
122000131,782,176,606
122000132,474,145,329
122000133,354,909,-555
122000134,190,186,4
122000135,341,552,-211
122000136,96,93,3
122000137,187,299,-112
122000139,559,838,-279
122000140,491,214,277
122000141,2198,274,1924
122000142,121,333,-212
122000143,270,78,192
122000144,670,296,374
122000145,356,270,86
122000146,120,181,-61
122000147,261,99,162
122000148,1000,431,569
122000149,963,323,640
122000150,412,233,179
122000151,141,144,-3
122000152,198,116,82
122000153,78,53,25
122000154,84,18,66
122000155,695,628,67
122000156,1751,1184,567
122000157,857,725,132
122000158,104,231,-127
122000159,280,519,-239
122000160,1664,260,1404
122000161,452,205,247
122000162,639,423,216
122000163,233,33,200
122000164,18,53,-35
122000165,238,227,11
122000166,264,291,-27
122000167,131,159,-28
122000168,73,249,-176
122000169,255,132,123
122000170,117,165,-48
122000171,24,48,-24
122000172,551,526,25
122000173,437,774,-337
122000174,690,410,280
122000175,658,231,427
122000176,151,298,-147
122000177,720,882,-162
122000178,1246,453,793
122000179,840,798,42
122000180,820,511,309
122000181,906,1043,-137
122000182,1514,195,1319
122000183,455,120,335
122000184,3091,919,2172
122000185,1165,656,509
122000186,272,362,-90
122000187,267,516,-249
122000188,193,104,89
122000189,103,50,53
122000190,144,675,-531
122000191,166,139,27
122000192,301,67,234
122000193,66,195,-129
122000194,228,58,170
122000195,50,176,-126
122000196,402,174,228
122000197,81,54,27
122000198,162,444,-282
122000199,123,112,11
122000200,378,130,248
122000201,867,1217,-350
122000202,560,603,-43
122000203,944,601,343
122000204,615,871,-256
122000205,536,411,125
122000206,746,226,520
122000207,322,377,-55
122000208,469,609,-140
122000209,634,105,529
122000210,459,918,-459
122000211,344,590,-246
122000212,162,230,-68
122000213,425,462,-37
122000214,509,606,-97
122000215,494,689,-195
122000217,717,603,114
122000218,53,6,47
122000219,916,657,259
122000220,132,432,-300
122000221,75,214,-139
122000222,333,34,299
122000223,435,256,179
122000225,321,112,209
122000226,323,998,-675
122000227,134,637,-503
122000228,111,268,-157
122000229,19,205,-186
122000230,39,423,-384
122000231,43,301,-258
122000232,67,399,-332
122000233,0,34,-34
122000234,39,119,-80
122000235,198,133,65
122000236,174,82,92
122000237,26,32,-6
122000238,24,33,-9
122000239,64,22,42
122000240,179,73,106
122000241,220,115,105
122000242,74,43,31
122000243,29,23,6
122000244,9,253,-244
122000245,35,151,-116
122000246,53,39,14
122000247,174,466,-292
122000248,710,966,-256
122000249,111,124,-13
122000250,413,127,286
122000251,171,117,54
122000252,311,14,297
122000253,14,149,-135
122000254,38,28,10
122000255,200,773,-573
122000256,175,881,-706
122000257,59,214,-155
122000258,32,155,-123
122000259,8,478,-470
122000260,103,357,-254
122000261,1,85,-84
122000262,0,27,-27
122000263,22,73,-51
122000264,48,55,-7
122000265,201,141,60
122000266,599,112,487
122000267,16,35,-19
122000268,41,124,-83
122000269,105,97,8
122000270,74,60,14
122000271,112,567,-455
122000272,125,452,-327
122000273,112,248,-136
122000274,28,123,-95
122000275,18,104,-86
122000276,69,244,-175
122000277,201,499,-298
122000278,169,451,-282
122000279,42,320,-278
122000280,385,416,-31
122000281,186,426,-240
122000282,22,47,-25
122000283,489,11,478
122000284,34,49,-15
122000285,224,41,183
122000286,88,78,10
122000287,110,291,-181
122000288,126,50,76
122000291,239,147,92
122000293,239,178,61
122000294,18,22,-4
122000295,461,55,406
122000296,39,174,-135
122000297,1276,627,649
122000299,55,213,-158
122000300,144,236,-92
122000301,6368,740,5628
122000302,443,220,223
122000303,2908,506,2402
122000304,2,87,-85
122000305,466,393,73
122000306,9,536,-527
122000307,55,94,-39
122000309,27,40,-13
122000310,12,5,7
122000311,16,13,3
122000312,39,15,24
122000313,8,32,-24
122000314,34,86,-52
122000315,36,3,33
122000316,81,76,5
122000317,243,88,155
122000318,24,44,-20
122000319,173,261,-88
122000320,147,1723,-1576
122000321,11,259,-248
122000322,1363,485,878
122000323,897,537,360
122000324,601,451,150
122000325,348,441,-93
122000326,5,29,-24
122000327,81,171,-90
122000328,349,475,-126
122000330,482,154,328
122000333,3,163,-160
122000337,160,1318,-1158
122000338,60,255,-195
122000340,130,106,24
122000342,1035,475,560
122000343,93,793,-700
122000344,3,2,1
122000345,21,32,-11
122000346,133,272,-139
122000348,131,442,-311
122000349,32,350,-318
122000351,9,75,-66
122000352,92,23,69
122000353,11,70,-59
122000355,43,68,-25
122000356,662,331,331
122000357,4,7,-3
122000358,1,30,-29
122000359,0,14,-14
122000360,0,20,-20
122000362,26,50,-24
122000364,10,209,-199
122000365,3,10,-7
122000366,5,0,5
122000368,116,229,-113
122000370,3,27,-24
122000371,3,0,3
122000372,0,0,0
122000381,12,122,-110
122000382,24,115,-91
122000384,1049,718,331
122000385,0,0,0
122000386,27,212,-185
122000387,102,261,-159
122000388,293,153,140
122000389,95,428,-333
122000390,54,88,-34
122000391,6,10,-4
122000392,78,123,-45
122000393,13,189,-176
122000394,62,187,-125
122000395,49,125,-76
122000396,108,96,12
122000397,6,37,-31
122000398,0,5,-5
122000399,24,40,-16
122000400,16,74,-58
122000401,37,77,-40
122000402,5,3,2
122000403,115,858,-743
122000404,30,73,-43
122000408,498,658,-160
122000503,4,16,-12
122000524,46,21,25
122000544,9,227,-218
122000614,168,59,109
122000616,565,2,563
122000640,7,155,-148
122000641,6,324,-318
122000642,457,614,-157
122000643,5,33,-28
122000644,79,21,58
122000645,61,108,-47
122000651,533,365,168
122000664,67,14,53
122000665,551,325,226
122000666,238,463,-225
122000673,17,253,-236
122000674,80,23,57
122000675,303,696,-393
122000686,83,565,-482
122000687,86,216,-130
122000688,52,375,-323
122000689,102,388,-286
122000690,122,555,-433
122000691,118,1130,-1012
122000692,197,227,-30
122000693,130,712,-582
122000695,47,334,-287
122000696,31,117,-86
122000698,19,651,-632
122000699,56,13,43
122000701,265,206,59
122000702,130,746,-616
122000703,13,1,12
122000712,0,0,0
122000717,209,34,175
122000718,685,150,535
122000719,3,32,-29
122000720,29,67,-38
122000724,180,203,-23
122900001,0,0,0
122900002,133,117,16
122900003,12,16,-4
122900004,62,0,62
122900005,12,2,10
122900006,119,18,101
122900007,20,7,13
122900008,140,4,136
122900009,38,11,27
122900010,0,0,0
122900012,8,8,0
122900014,35,132,-97
122900015,404,31,373
122900016,15,110,-95
122900017,125,266,-141
122900018,37,2,35
122900020,268,93,175
122900021,18,95,-77
122900022,43,432,-389
122900023,56,115,-59
122900024,25,42,-17
122900025,5,50,-45
122900026,54,148,-94
122900027,17,305,-288
122900028,40,50,-10
122900029,904,57,847
122900030,880,100,780
122900031,23,37,-14
122900032,31,107,-76
122900033,24,19,5
122900034,396,427,-31
122900035,0,2,-2
122900036,0,10,-10
122900037,68,28,40
122900038,26,439,-413
122900039,17,83,-66
122900040,3,21,-18
122900041,10,7,3
122900042,5,18,-13
122900043,29,23,6
122900044,5,23,-18
122900045,9,10,-1
122900046,12,6,6
122900047,22,25,-3
122900048,7,14,-7
122900049,768,30,738
122900051,17,39,-22
122900052,6,19,-13
122900053,12,6,6
122900055,23,17,6
122900057,17,5,12
122900061,167,49,118
122900062,173,93,80
122900063,29,165,-136
122900064,392,226,166
122900065,120,77,43
122900066,118,81,37
122900067,463,232,231
122900069,48,129,-81
122900070,25,13,12
122900071,22,262,-240
122900073,14,82,-68
122900074,18,239,-221
122900075,0,34,-34
122900076,1,82,-81
122900077,0,153,-153
122900078,3,93,-90
122900080,7,1,6
122900081,12,3,9
122900082,36,2,34
122900083,6,2,4
122900084,2,57,-55
122900086,0,2,-2
122900087,14,353,-339
122900088,2,12,-10
122900089,4,70,-66
122900090,5,417,-412
122900091,0,0,0
122900092,0,60,-60
122900093,0,68,-68
122900094,2,64,-62
122900095,0,0,0
122900096,0,49,-49
122900097,0,0,0
122900098,7,25,-18
122900099,0,0,0
122900100,21,12,9
122900101,52,6,46
122900102,1,6,-5
122900103,3,0,3
122900104,1,0,1
122900105,0,0,0
122900106,0,22,-22
122900107,0,94,-94
122900108,0,98,-98
122900109,28,111,-83
123000001,735,188,547
123000002,2076,838,1238
123000003,1976,985,991
123000004,2083,2332,-249
123000005,620,897,-277
123000006,1421,1597,-176
123000007,767,685,82
123000008,1169,2464,-1295
123000009,1652,1304,348
123000010,2615,2551,64
123000011,737,433,304
123000012,543,1577,-1034
123000013,967,383,584
123000014,837,2482,-1645
123000015,580,180,400
123000016,3565,1299,2266
123000017,1265,864,401
123000018,24,62,-38
123000019,44,138,-94
123000020,19,63,-44
123000021,15,56,-41
123000022,115,519,-404
123000023,495,605,-110
123000024,314,234,80
123000025,15,51,-36
123000026,5,108,-103
123000027,35,111,-76
123000028,430,30,400
123000029,844,121,723
123000030,24,475,-451
123000031,26,174,-148
123000032,26,100,-74
123000033,14,27,-13
123000034,363,352,11
123000035,68,74,-6
123000036,112,136,-24
123000037,71,200,-129
123000038,59,168,-109
123000039,620,540,80
123000040,579,220,359
123000041,275,159,116
123000042,254,206,48
123000043,608,711,-103
123000044,2196,846,1350
123000045,3902,694,3208
123000046,338,272,66
123000047,742,330,412
123000048,13,114,-101
123000049,1486,959,527
123000050,296,362,-66
123000051,30,72,-42
123000052,301,653,-352
123000053,1636,935,701
123000054,662,498,164
123000055,449,350,99
123000056,631,1149,-518
123000057,4769,1819,2950
123000058,241,126,115
123000059,39,61,-22
123000060,354,146,208
123000061,73,160,-87
123000063,256,233,23
123000064,1182,222,960
123000065,3144,1602,1542
123000066,444,279,165
123000067,126,245,-119
123000068,1728,1672,56
123000069,5884,1782,4102
123000070,61,75,-14
123000071,797,399,398
123000072,601,821,-220
123000073,308,358,-50
123000074,342,924,-582
123000075,174,517,-343
123000076,207,579,-372
123000077,1414,2174,-760
123000078,341,642,-301
123000079,321,795,-474
123000080,879,1479,-600
123000081,133,350,-217
123000082,259,704,-445
123000083,816,168,648
123000084,1073,464,609
123000085,1382,332,1050
123000086,148,391,-243
123000087,62,377,-315
123000088,484,795,-311
123000089,130,368,-238
123000090,469,638,-169
123000091,632,531,101
123000092,716,603,113
123000094,148,225,-77
123000095,39,241,-202
123000096,99,179,-80
123000097,82,712,-630
123000098,214,228,-14
123000099,280,544,-264
123000100,207,189,18
123000101,218,160,58
123000102,154,168,-14
123000104,180,150,30
123000105,376,355,21
123000106,288,149,139
123000107,234,314,-80
123000108,581,594,-13
123000111,565,116,449
123000112,330,265,65
123000113,606,899,-293
123000114,291,268,23
123000115,49,94,-45
123000116,7,77,-70
123000117,591,1060,-469
123000118,178,468,-290
123000119,172,534,-362
123000120,471,613,-142
123000121,175,353,-178
123000122,171,224,-53
123000123,242,327,-85
123000124,337,272,65
123000125,159,288,-129
123000126,444,665,-221
123000127,1540,681,859
123000128,108,225,-117
123000129,30,10,20
123000130,24,5,19
123000131,120,144,-24
123000132,150,303,-153
123000133,120,234,-114
123000134,224,85,139
123000135,723,758,-35
123000136,76,871,-795
123000137,96,287,-191
123000138,25,299,-274
123000139,16,8,8
123000140,106,360,-254
123000141,44,2,42
123000142,370,532,-162
123000143,619,1562,-943
123000144,5,7,-2
123000145,83,59,24
123000146,8,57,-49
123000147,13,54,-41
123000149,68,117,-49
123000150,35,79,-44
123000151,144,224,-80
123000152,12,204,-192
123000153,62,145,-83
123000154,999,506,493
123000155,1271,357,914
123000156,11,40,-29
123000157,195,497,-302
123000158,276,211,65
123000159,1175,655,520
123000160,210,229,-19
123000161,285,225,60
123000162,76,292,-216
123000163,90,123,-33
123000164,171,37,134
123000165,79,783,-704
123000166,15,105,-90
123000167,23,173,-150
123000168,44,250,-206
123000169,34,15,19
123000170,0,230,-230
123000171,7,19,-12
123000172,73,404,-331
123000173,39,18,21
123000174,49,15,34
123000175,437,794,-357
123000176,86,52,34
123000177,188,656,-468
123000178,196,57,139
123000179,5,201,-196
123000180,505,152,353
123000181,157,802,-645
123000182,30,270,-240
123000183,63,58,5
123000184,40,584,-544
123000185,117,133,-16
123000186,2,421,-419
123000187,34,1,33
123000188,20,1,19
123000189,3,164,-161
123000190,1,29,-28
123000192,15,403,-388
123000193,9,419,-410
123000194,273,157,116
123000195,62,11,51
123000196,11,0,11
123000197,21,14,7
123000198,0,67,-67
123000199,0,170,-170
123000200,42,0,42
123000201,51,1,50
123000202,4,575,-571
123000203,121,7,114
123000204,13,451,-438
123000205,141,1362,-1221
123000206,308,30,278
123000207,25,457,-432
123000208,86,65,21
123000209,428,99,329
123000210,139,780,-641
123000211,251,1595,-1344
123000212,367,109,258
123000213,144,10,134
123000215,60,39,21
123000216,50,49,1
123000217,20,1,19
123000218,52,113,-61
123000219,169,20,149
123000220,70,4,66
123000221,31,52,-21
123000222,44,131,-87
123000223,24,146,-122
123000224,106,274,-168
123000225,20,45,-25
123000226,8,208,-200
123000227,6,156,-150
123000228,16,24,-8
123000229,511,1295,-784
123000232,16,348,-332
123000233,61,16,45
123000234,48,481,-433
123000235,36,63,-27
123000236,76,560,-484
123000237,58,4,54
123000238,18,392,-374
123000239,172,1368,-1196
123000240,6,81,-75
123000241,271,29,242
123000242,17,93,-76
123000243,190,616,-426
123000244,399,305,94
123000245,25,137,-112
123000249,297,344,-47
123000252,156,29,127
123000253,106,76,30
123000254,103,508,-405
123000255,225,199,26
123000256,33,548,-515
123000257,1089,1275,-186
123000258,374,1070,-696
123000259,81,171,-90
123000260,90,320,-230
123000261,32,84,-52
123000262,35,155,-120
123000263,103,35,68
123000264,63,13,50
123000265,15,105,-90
123000266,170,364,-194
123000267,60,60,0
123000268,10,62,-52
123000269,6,6,0
123000270,6,8,-2
123000271,26,63,-37
123000272,283,94,189
123000273,29,163,-134
123000274,235,89,146
123000275,62,537,-475
123000278,1546,1565,-19
123000279,26,30,-4
123000280,74,207,-133
123000281,78,42,36
123000282,26,137,-111
123000283,30,40,-10
123000284,17,78,-61
123000286,185,104,81
123000287,277,176,101
123000288,77,93,-16
123000289,96,145,-49
123000291,137,514,-377
123000294,161,239,-78
123000295,337,420,-83
123000296,51,119,-68
123000297,108,556,-448
123000298,79,298,-219
123000299,34,196,-162
123000300,838,292,546
123000301,23,62,-39
123000302,17,119,-102
123000303,9,51,-42
123000305,550,533,17
123000306,8,200,-192
123000309,7,51,-44
123000310,19,18,1
123000311,59,158,-99
123000312,480,527,-47
123000313,66,91,-25
123000315,20,167,-147
123000316,383,145,238
123000317,55,23,32
123000318,8,191,-183
123000329,37,19,18
123000337,22,116,-94
123000338,89,30,59
123000339,13,263,-250
123000340,76,177,-101
123000342,0,142,-142
123000343,0,0,0
123000344,325,161,164
123000345,110,274,-164
123000346,31,17,14
123000352,927,399,528
123000353,11,84,-73
123000354,96,37,59
123000355,0,187,-187
123000356,18,0,18
123000357,2,165,-163
123000359,1,133,-132
123000360,0,0,0
123000361,264,112,152
123000362,9,43,-34
123000363,5,139,-134
123000364,209,127,82
123000365,6,107,-101
123000366,112,402,-290
123000367,295,1101,-806
123000370,4,171,-167
123000371,15,0,15
123000372,31,0,31
123000373,1,189,-188
123000374,1,82,-81
123000375,39,6,33
123000376,197,252,-55
123000377,12,9,3
123000378,2,218,-216
123000379,1,108,-107
123000380,38,82,-44
123000381,19,5,14
123000382,181,8,173
123000383,66,271,-205
123000384,58,13,45
123000385,159,392,-233
123000436,11,317,-306
123000507,158,165,-7
123000508,62,121,-59
123000517,170,15,155
123000518,36,168,-132
123000519,119,44,75
123000520,49,131,-82
123000521,163,48,115
123000522,158,278,-120
123000541,0,0,0
123000542,0,20,-20
123000565,161,8,153
123000566,31,658,-627
123000567,50,170,-120
123000573,25,690,-665
123000574,56,13,43
123000575,311,727,-416
123000576,71,1286,-1215
123000577,70,265,-195
123000578,189,32,157
123000579,1891,770,1121
123000580,79,9,70
123000582,26,2,24
123000583,4,259,-255
123000584,31,75,-44
123000585,0,35,-35
123000586,6,0,6
123000596,79,101,-22
123000597,18,43,-25
123000602,0,0,0
123000603,45,433,-388
123000604,110,710,-600
123000605,183,26,157
123000606,0,244,-244
123000609,3,220,-217
123000610,25,19,6
123000613,75,132,-57
123000614,30,4,26
123000615,65,220,-155
123000616,36,4,32
123000617,32,475,-443
123000618,27,375,-348
123000619,76,2,74
123000620,18,362,-344
123000622,64,3,61
123000624,49,12,37
123000630,184,157,27
123000631,70,1220,-1150
123000632,1348,1113,235
123000633,0,87,-87
123000634,7,8,-1
123000635,106,39,67
123000636,16,372,-356
123000637,53,5,48
123000638,104,36,68
123000639,183,398,-215
123000640,1,689,-688
123000648,267,110,157
123000649,156,1044,-888
123000650,20,49,-29
123000651,1,88,-87
123000652,14,2,12
123000653,0,0,0
123900001,823,26,797
123900002,16,380,-364
123900003,117,242,-125
123900005,44,24,20
123900006,17,6,11
124000001,400,15,385
124000002,53,837,-784
124000003,51,39,12
124000004,16,382,-366
124000005,137,37,100
124000006,100,780,-680
124000007,93,16,77
124000008,11,184,-173
124000009,112,43,69
124000010,45,409,-364
124000011,33,30,3
124000012,102,691,-589
124000017,0,0,0
124000018,51,64,-13
124000019,0,0,0
124000020,25,166,-141
124000021,0,0,0
124000022,32,140,-108
124000023,459,72,387
124000024,538,413,125
124000025,541,101,440
124000026,485,389,96
124000027,1451,191,1260
124000028,1761,750,1011
124000031,190,141,49
124000032,2313,741,1572
124000033,339,81,258
124000034,474,765,-291
124000035,88,23,65
124000036,56,551,-495
124000037,95,77,18
124000038,11,82,-71
124000039,326,82,244
124000040,153,167,-14
124000041,71,27,44
124000042,35,209,-174
124000043,13,29,-16
124000044,20,199,-179
124000045,154,210,-56
124000046,62,559,-497
124000047,178,275,-97
124000048,161,1239,-1078
124000049,260,217,43
124000050,196,1714,-1518
124000051,88,144,-56
124000052,152,954,-802
124000053,120,251,-131
124000054,337,508,-171
124000055,457,341,116
124000056,2145,850,1295
124000057,208,188,20
124000058,177,1131,-954
124000059,148,203,-55
124000060,335,471,-136
124000061,431,925,-494
124000062,5430,1032,4398
124000063,862,1000,-138
124000064,1243,1280,-37
124000065,95,146,-51
124000066,132,22,110
124000067,8,63,-55
124000068,7,69,-62
124000069,87,49,38
124000070,54,391,-337
124000071,8,40,-32
124000072,41,346,-305
124000073,140,53,87
124000074,92,590,-498
124000075,0,0,0
124000076,4,143,-139
124000077,485,281,204
124000078,831,72,759
124000079,240,282,-42
124000080,17,20,-3
124000081,27,426,-399
124000082,2,39,-37
124000083,11,96,-85
124000084,5,24,-19
124000085,23,34,-11
124000086,19,22,-3
124000087,19,8,11
124000088,31,67,-36
124000089,84,136,-52
124000090,43,271,-228
124000091,66,85,-19
124000092,29,602,-573
124000093,37,20,17
124000094,17,151,-134
124000095,33,32,1
124000096,50,191,-141
124000097,35,38,-3
124000098,33,122,-89
124000099,12,21,-9
124000100,17,60,-43
124000101,18,74,-56
124000102,39,68,-29
124000103,20,54,-34
124000104,17,75,-58
124000105,2,26,-24
124000106,74,89,-15
124000107,9,36,-27
124000108,33,26,7
124000109,46,17,29
124000110,37,89,-52
124000111,72,101,-29
124000112,166,372,-206
124000113,24,38,-14
124000114,88,395,-307
124000115,136,487,-351
124000116,26,73,-47
124000117,52,34,18
124000118,13,46,-33
124000119,229,300,-71
124000120,30,251,-221
124000121,1318,334,984
124000122,430,536,-106
124000123,249,160,89
124000124,144,432,-288
124000125,111,174,-63
124000126,158,311,-153
124000127,212,165,47
124000128,156,598,-442
124000129,695,681,14
124000130,540,347,193
124000131,393,208,185
124000132,449,585,-136
124000133,216,259,-43
124000134,276,432,-156
124000135,607,462,145
124000136,436,628,-192
124000137,326,185,141
124000138,560,529,31
124000139,242,31,211
124000140,27,304,-277
124000141,119,11,108
124000142,14,379,-365
124000143,25,12,13
124000144,1,93,-92
124000145,22,10,12
124000146,8,61,-53
124000148,7,8,-1
124000149,160,103,57
124000150,124,319,-195
124000151,193,80,113
124000152,243,575,-332
124000153,99,83,16
124000154,132,516,-384
124000155,306,173,133
124000156,552,542,10
124000169,15,66,-51
124000170,288,213,75
124000171,12,59,-47
124000172,91,375,-284
124000173,24,154,-130
124000174,80,408,-328
124000175,1,109,-108
124000176,0,0,0
124000177,13,37,-24
124000178,0,0,0
124000185,4,3,1
124000186,1,33,-32
124000187,7,79,-72
124000188,13,4,9
124000190,65,17,48
124000191,189,31,158
124000192,91,16,75
124000193,139,639,-500
124000194,159,393,-234
124000195,62,190,-128
124000196,378,764,-386
124000197,54,25,29
124000198,12,15,-3
124000201,52,595,-543
124000202,1,39,-38
124000203,55,672,-617
124000204,13,237,-224
124000205,17,361,-344
124000206,24,231,-207
124000207,0,52,-52
124000209,59,327,-268
124000210,32,98,-66
124000211,36,0,36
124000212,2,374,-372
124000213,25,251,-226
124000214,7,356,-349
124000215,0,0,0
124000216,0,352,-352
124000329,12,1280,-1268
124000338,7,688,-681
124000339,59,11,48
124000341,109,22,87
124000344,4,2,2
124000357,493,692,-199
124000358,638,848,-210
124000359,237,181,56
124000360,112,118,-6
124000361,305,181,124
124000362,617,1084,-467
124000363,151,425,-274
124000364,235,824,-589
124000365,484,939,-455
124000366,1671,1173,498
124000367,42,276,-234
124000368,55,31,24
124000369,15,21,-6
124000370,27,243,-216
124000402,2,0,2
124000403,18,4,14
124000404,4,72,-68
124000405,367,227,140
124000406,372,488,-116
124000407,3,24,-21
124000411,2,187,-185
124000412,30,5,25
124000413,33,39,-6
124000414,16,75,-59
124000415,10,124,-114
124000416,47,174,-127
124000417,28,78,-50
124000418,21,79,-58
124000419,16,138,-122
124000420,13,22,-9
124000421,8,189,-181
124000422,3,5,-2
124000423,25,13,12
124000424,3,52,-49
124000425,19,2,17
124000426,2,132,-130
124000427,21,7,14
124000428,6,9,-3
124000429,3,68,-65
124000430,190,343,-153
124000431,54,412,-358
124000432,56,561,-505
124000439,0,1,-1
124000443,1,5,-4
124000445,207,60,147
124000446,1464,27,1437
124000447,14,9,5
124000448,10,10,0
124000449,14,7,7
124000450,5,247,-242
124000451,1,149,-148
124000452,292,45,247
124000453,1202,812,390
124000454,1882,1961,-79
124900001,47,70,-23
124900002,23,237,-214
124900003,86,222,-136
124900004,46,167,-121
124900005,68,82,-14
124900006,70,114,-44
124900008,398,158,240
124900009,17,23,-6
124900010,12,5,7
124900011,36,49,-13
124900012,48,34,14
124900013,65,64,1
124900014,14,23,-9
124900015,19,25,-6
124900016,3,2,1
124900017,148,52,96
124900018,4,2,2
124900020,3,0,3
124900021,9,1,8
124900022,3,3,0
124900024,8,1,7
124900026,10,3,7
124900027,4,44,-40
124900028,181,52,129
124900029,6,118,-112
124900030,0,69,-69
124900031,6,145,-139
124900032,59,73,-14
124900033,22,131,-109
124900034,3,40,-37
124900035,70,185,-115
124900036,1,24,-23
124900037,44,142,-98
124900038,197,189,8
124900039,0,18,-18
124900040,12,35,-23
124900041,135,982,-847
124900042,9,0,9
124900043,114,717,-603
124900044,9,0,9
124900045,209,340,-131
124900047,71,82,-11
124900048,45,43,2
124900050,38,100,-62
124900052,19,178,-159
124900053,8,192,-184
124900054,1507,131,1376
124900055,2,42,-40
124900057,4,57,-53
124900060,11,118,-107
124900061,11,0,11
124900062,1,0,1
124900066,0,21,-21
124900067,1,97,-96
124900068,61,52,9
124900070,0,3,-3
124900072,15,3,12
124900075,14,142,-128
124900076,13,91,-78
124900077,16,33,-17
124900078,8,0,8
124900079,262,11,251
124900080,38,482,-444
124900081,113,74,39
124900082,114,641,-527
124900083,61,362,-301
124900085,706,60,646
124900086,5,170,-165
124900087,156,18,138
124900088,423,61,362
124900089,509,7,502
124900090,15,24,-9
124900091,43,249,-206
124900092,19,244,-225
124900093,18,32,-14
124900094,10,33,-23
124900095,10,34,-24
124900096,66,23,43
124900097,24,5,19
124900098,53,141,-88
124900099,110,78,32
124900100,6,0,6
124900101,0,9,-9
124900102,21,0,21
124900103,27,154,-127
124900104,6,127,-121
124900105,10,85,-75
124900106,18,6,12
124900107,10,2,8
124900108,47,19,28
124900111,1,26,-25
124900112,34,379,-345
124900113,3,68,-65
124900114,1,29,-28
124900115,4,2,2
124900116,8,5,3
124900117,290,28,262
124900118,19,5,14
124900119,42,44,-2
124900120,10,177,-167
124900121,24,30,-6
124900122,345,93,252
124900123,130,23,107
124900124,43,35,8
124900125,17,3,14
124900126,0,159,-159
204000001,7,2,5
204000002,3,3,0
204000003,0,0,0
204000004,1,0,1
204000005,158,93,65
204000006,250,183,67
204000011,15,65,-50
204000012,9,125,-116
204000019,246,239,7
204000020,163,361,-198
204000021,768,333,435
204000022,137,263,-126
204000023,151,817,-666
204000031,35,2,33
204000032,156,5,151
204000034,40,358,-318
204000035,1,3,-2
204000036,4,23,-19
204000037,3,28,-25
204000038,0,41,-41
204000039,0,43,-43
204000040,10,44,-34
204000041,0,35,-35
204000042,2,5,-3
204000043,1,1,0
204000044,0,0,0
204000045,0,1,-1
204000046,0,0,0
204000057,4,53,-49
204000062,23,337,-314
204000068,20,131,-111
204000069,14,122,-108
204000070,12,26,-14
204000080,29,60,-31
204000085,452,803,-351
204000086,1574,1053,521
204000087,49,21,28
204000088,18,67,-49
204000090,35,441,-406
204000093,26,19,7
204000096,194,117,77
204000097,18,19,-1
204000099,296,275,21
204000100,167,185,-18
204000105,868,766,102
204000110,432,745,-313
204000111,281,530,-249
204000112,326,640,-314
204000113,143,560,-417
204000114,132,133,-1
204000115,56,167,-111
204000116,202,212,-10
204000119,276,242,34
204000132,165,70,95
204000133,223,87,136
204000134,65,31,34
204000135,138,39,99
204000136,51,68,-17
204000138,120,121,-1
204000140,60,51,9
204000141,48,26,22
204000144,0,7,-7
204000145,88,2,86
204000146,42,304,-262
204000147,26,109,-83
204000148,107,3,104
204000154,0,0,0
204000155,1,9,-8
204000177,9,53,-44
204000179,0,0,0
204000180,2,60,-58
204000222,0,3,-3
204000235,17,16,1
204000236,24,215,-191
204000238,4,0,4
204000240,57,27,30
204000263,324,967,-643
204000268,229,134,95
204000308,7,1,6
204000317,18,22,-4
204000322,7,18,-11
204000323,1,3,-2
204000328,38,10,28
204000329,69,118,-49
204000330,22,19,3
204000331,120,157,-37
205000001,541,764,-223
205000013,2,83,-81
205000014,17,147,-130
205000015,37,232,-195
205000016,10,161,-151
205000017,22,78,-56
205000022,193,465,-272
205000025,1372,578,794
205000029,66,9,57
205000045,27,106,-79
205000046,39,324,-285
205000047,29,332,-303
205000048,55,529,-474
205000049,55,438,-383
205000050,682,158,524
205000059,0,230,-230
205000060,0,34,-34
205000061,2,19,-17
205000062,0,26,-26
205000063,6,29,-23
205000064,7,81,-74
205000065,32,429,-397
205000066,34,653,-619
205000067,25,905,-880
205000069,296,53,243
205000082,18,13,5
205000110,35,111,-76
205000111,89,129,-40
205000112,7,17,-10
205000113,168,74,94
205000121,3,1,2
205000123,54,182,-128
205000126,0,0,0
205000127,0,0,0
205000128,0,0,0
205000129,0,0,0
205000130,0,0,0
205000131,0,0,0
205000132,0,0,0
205000133,0,0,0
205000134,0,0,0
205000137,100,113,-13
205000138,198,180,18
205000139,49,64,-15
205000144,13,1,12
205000145,12,4,8
205000151,1,1,0
205000152,0,0,0
205000153,0,0,0
205000154,0,0,0
205000155,0,0,0
205000207,91,137,-46
205000233,0,0,0
205000234,0,0,0
205000243,0,0,0
205000244,0,0,0
205000245,16,305,-289
205000249,0,17,-17
205000250,0,1,-1
205000264,2,81,-79
206000027,0,0,0
206000028,0,0,0
206000043,13,179,-166
206000053,26,17,9
206000054,20,29,-9
206000055,4,48,-44
206000075,3,12,-9
206000076,10,16,-6
206000077,12,8,4
206000078,11,15,-4
206000079,24,9,15
206000082,195,22,173
206000100,41,551,-510
206000103,9,34,-25
206000104,9,29,-20
206000105,6,28,-22
206000106,17,52,-35
206000125,20,0,20
206000157,288,547,-259
206000170,1,282,-281
206000171,4,316,-312
206000172,9,999,-990
206000173,0,327,-327
206000174,4,235,-231
206000175,6,229,-223
206000176,18,483,-465
206000177,2,312,-310
206000178,2,196,-194
206000179,9,114,-105
206000180,82,236,-154
206000181,12,333,-321
206000182,60,276,-216
206000183,64,842,-778
206000184,9,451,-442
206000185,14,400,-386
206000186,138,1688,-1550
206000223,8,320,-312
206000226,0,0,0
206000227,0,0,0
206000237,33,413,-380
206000238,56,703,-647
206000239,709,2187,-1478
206000240,5,63,-58
206000241,1,232,-231
206000242,7,564,-557
206000243,11,534,-523
206000244,72,1142,-1070
206000245,184,20,164
206000246,15,6,9
206000247,38,6,32
206000248,49,11,38
206000252,61,35,26
206000258,18,24,-6
206000315,33,6,27
206000317,98,34,64
206000318,50,22,28
206000319,182,46,136
206000320,30,16,14
206000321,26,7,19
206000322,55,8,47
206000323,52,8,44
206000324,16,7,9
206000325,46,10,36
206000326,30,19,11
206000327,44,5,39
206000328,46,4,42
206000329,62,4,58
206000330,9,3,6
206000331,18,3,15
206000332,11,3,8
206000333,96,1,95
206000334,47,0,47
206000335,0,43,-43
206000361,8,264,-256
206000392,14,51,-37
206000405,94,1,93
206000441,0,0,0
206000498,5,3,2
206000515,250,50,200
206000530,25,10,15
206000531,17,12,5
206000532,335,33,302
206000535,290,1687,-1397
206000536,11,267,-256
206000537,8,122,-114
206000613,254,40,214
206000784,333,47,286
207000001,76,281,-205
207000002,22,297,-275
207000003,44,159,-115
207000007,114,65,49
207000008,17,19,-2
207000009,42,37,5
207000010,339,502,-163
207000012,31,26,5
207000015,295,1337,-1042
207000019,72,37,35
207000021,157,75,82
207000022,34,33,1
207000023,19,24,-5
207000024,4,7,-3
207000025,2,25,-23
207000026,57,76,-19
207000027,6,55,-49
207000028,21,168,-147
207000029,154,283,-129
207000033,163,113,50
207000034,105,20,85
207000039,6,9,-3
207000040,2,9,-7
207000041,0,1,-1
207000042,0,0,0
207000043,0,0,0
207000051,45,259,-214
207000052,2,225,-223
207000053,253,591,-338
207000054,14,109,-95
207000055,35,173,-138
207000056,97,334,-237
207000057,100,225,-125
207000058,32,440,-408
207000059,35,806,-771
207000060,24,226,-202
207000061,46,43,3
207000062,69,43,26
207000063,67,110,-43
207000064,179,115,64
207000065,73,134,-61
207000066,54,120,-66
207000067,16,86,-70
207000068,38,42,-4
207000069,434,246,188
207000082,34,355,-321
207000083,67,333,-266
207000084,16,29,-13
207000085,63,12,51
207000086,51,18,33
207000106,0,0,0
207000107,0,0,0
207000108,0,0,0
207000109,0,0,0
207000110,0,0,0
207000111,0,0,0
207000112,0,0,0
207000114,11,16,-5
207000115,15,65,-50
207000116,14,152,-138
207000117,3,106,-103
207000118,2,87,-85
207000119,6,84,-78
207000123,0,0,0
207000124,0,0,0
207000125,0,0,0
207000126,0,0,0
207000134,31,297,-266
207000135,11,265,-254
207000148,0,0,0
207000149,42,23,19
207000152,84,291,-207
207000153,770,626,144
207000154,212,95,117
207000159,38,211,-173
207000160,60,574,-514
207000238,0,77,-77
207000242,3,100,-97
207000248,30,20,10
207000249,61,33,28
207000250,272,31,241
207000251,88,40,48
207000252,52,52,0
207000278,8,4,4
207000279,19,180,-161
207000280,67,40,27
207000281,47,968,-921
207000282,25,6,19
207000283,33,135,-102
207000284,16,24,-8
207000285,116,26,90
207000291,11,99,-88
207000304,58,70,-12
207000306,33,287,-254
207000310,0,0,0
207000353,0,0,0
207000356,5,16,-11
207000357,1,2,-1
207000358,1,3,-2
207000415,3,98,-95
207000417,0,0,0
207000418,77,100,-23
207000438,0,2,-2
207000439,964,200,764
207000446,0,0,0
207000460,3,8,-5
207000466,101,132,-31
207000467,5,4,1
207000468,32,445,-413
207000476,8,70,-62
207000477,43,81,-38
207000478,3,3,0
207000523,0,26,-26
207000524,0,0,0
207000527,56,67,-11
207000530,0,0,0
207000531,0,0,0
207000532,0,0,0
207000534,0,0,0
207000535,55,107,-52
207000537,15,55,-40
207000540,4,99,-95
207000541,1,193,-192
207000548,3,166,-163
207000549,0,0,0
207000561,0,0,0
207000562,15,127,-112
207000567,135,200,-65
207000568,19,76,-57
207000569,61,1108,-1047
207000584,207,73,134
207000585,0,0,0
207000587,0,0,0
207000616,1,160,-159
207000617,4,0,4
207000624,0,0,0
207000631,0,0,0
207900008,43,273,-230
208000001,94,151,-57
208000002,107,157,-50
208000003,188,144,44
208000004,250,192,58
208000005,2,11,-9
208000019,55,174,-119
208000020,12,68,-56
208000021,41,256,-215
208000022,277,402,-125
208000028,555,243,312
208000033,142,387,-245
208000034,526,653,-127
208000037,1,0,1
208000040,3,45,-42
208000041,110,130,-20
208000042,81,111,-30
208000047,37,179,-142
208000064,690,255,435
208000066,257,97,160
208000070,50,186,-136
208000071,71,308,-237
208000072,108,334,-226
208000080,68,111,-43
208000081,32,69,-37
208000082,43,162,-119
208000083,38,209,-171
208000084,2,7,-5
208000085,344,416,-72
208000086,179,576,-397
208000087,83,470,-387
208000089,251,331,-80
208000090,236,622,-386
208000093,27,71,-44
208000094,173,290,-117
208000095,409,200,209
208000104,168,166,2
208000105,150,224,-74
208000114,0,2,-2
208000115,83,165,-82
208000116,36,380,-344
208000117,16,91,-75
208000118,21,74,-53
208000155,243,510,-267
208000158,1239,1159,80
208000186,698,293,405
208000204,122,427,-305
208000205,336,729,-393
208000282,2121,473,1648
209000004,42,78,-36
209000005,17,13,4
209000006,115,109,6
209000007,105,130,-25
209000010,174,104,70
209000011,81,154,-73
209000012,92,258,-166
209000013,77,574,-497
209000014,387,1348,-961
209000025,79,34,45
209000026,254,43,211
209000027,152,936,-784
209000028,150,1013,-863
209000029,222,875,-653
209000030,213,1312,-1099
209000031,3103,1752,1351
209000034,150,217,-67
209000035,67,140,-73
209000036,51,98,-47
209000037,76,148,-72
209000038,50,133,-83
209000039,34,137,-103
209000040,165,418,-253
209000041,156,360,-204
209000042,136,311,-175
209000043,319,396,-77
209000044,266,276,-10
209000045,128,127,1
209000046,32,235,-203
209000047,43,100,-57
209000048,16,103,-87
209000049,70,153,-83
209000050,158,247,-89
209000051,90,304,-214
209000052,58,229,-171
209000062,12,119,-107
209000063,12,86,-74
209000064,10,120,-110
209000065,12,27,-15
209000066,17,55,-38
209000067,17,79,-62
209000080,13,154,-141
209000082,29,59,-30
209000091,25,39,-14
209000093,55,27,28
209000094,89,57,32
209000110,24,53,-29
209000111,203,471,-268
209000112,144,174,-30
209000113,237,194,43
209000114,139,120,19
209000115,36,153,-117
209000116,749,368,381
209000118,18,22,-4
209000119,28,11,17
209000121,74,612,-538
209000135,68,68,0
209000142,632,264,368
209000143,17,23,-6
209000144,9,26,-17
209000229,27,99,-72
209000240,30,326,-296
209000259,72,121,-49
209000260,10,549,-539
209000261,1,362,-361
209000262,3,317,-314
209000263,0,71,-71
209000264,0,19,-19
209000265,0,0,0
209000266,1,0,1
209000267,0,0,0
209000268,2,1,1
210000037,17,5,12
210000047,6,3,3
210000048,1,4,-3
210000049,4,1,3
210000052,9,107,-98
210000053,11,69,-58
210000054,23,50,-27
210000070,0,0,0
210000071,0,0,0
210000072,0,0,0
210000073,0,13,-13
210000074,1,73,-72
210000075,2,29,-27
210000076,1,76,-75
210000077,11,19,-8
210000078,32,16,16
210000079,1,2,-1
210000080,7,9,-2
210000081,9,1,8
210000082,4,1,3
210000083,40,0,40
210000084,6,0,6
210000085,0,38,-38
210000086,1,89,-88
210000099,17,151,-134
210000100,28,148,-120
210000101,37,177,-140
210000105,36,86,-50
210000159,0,72,-72
210000163,146,183,-37
210000164,97,21,76
210000168,51,8,43
210000187,0,13,-13
210000188,0,12,-12
210000214,0,0,0
210000219,4,7,-3
210000220,9,15,-6
210000232,1,18,-17
210000233,4,34,-30
210000234,17,75,-58
210000235,10,97,-87
210000245,0,13,-13
210000246,0,2,-2
210000258,6,86,-80
210000259,25,1,24
210000282,20,88,-68
210000285,0,67,-67
210000286,2,136,-134
210000290,0,0,0
210000295,12,86,-74
210000296,41,45,-4
210000320,38,21,17
210000321,2,5,-3
210000338,24,90,-66
210000339,404,316,88
210000340,63,122,-59
210000341,89,116,-27
210000342,35,90,-55
210000343,53,120,-67
210000344,67,51,16
210000345,96,46,50
210000346,11,22,-11
210000347,2,10,-8
210000348,28,1,27
210000349,8,7,1
210000350,26,54,-28
210000351,38,68,-30
210000352,11,59,-48
210000353,12,93,-81
210000354,26,87,-61
210000355,7,54,-47
210000356,4,18,-14
210000357,7,13,-6
210000358,138,41,97
210000359,27,11,16
210000360,57,47,10
210000361,37,46,-9
210000362,53,49,4
210000363,215,41,174
210000364,22,7,15
210000365,16,23,-7
210000366,13,5,8
210000367,6,1,5
210000368,10,10,0
210000369,2,9,-7
210000370,8,15,-7
210000372,1,3,-2
210000373,4,3,1
210000374,9,5,4
210000375,6,63,-57
210000376,16,82,-66
210000404,79,96,-17
210000439,5,9,-4
210000472,13,1,12
210000482,13,22,-9
210000564,185,16,169
210000567,0,11,-11
210000568,60,0,60
211000092,5,37,-32
211000094,1,16,-15
211000169,155,5,150
211000172,1,80,-79
211000209,0,7,-7
211000226,0,5,-5
211000270,3,7,-4
211000275,13,18,-5
211000276,22,14,8
211000279,3,37,-34
211000281,8,28,-20
211000302,3,67,-64
211507980,0,16,-16
211977296,0,3,-3
212000003,16,23,-7
212000004,4,18,-14
212000005,2,19,-17
212000006,6,84,-78
212000008,66,195,-129
212000009,9,122,-113
212000012,20,54,-34
212000013,7,45,-38
212000014,115,122,-7
212000015,77,169,-92
212000016,268,338,-70
212000027,160,167,-7
212000028,56,146,-90
212000029,42,59,-17
212000030,12,17,-5
212000031,11,49,-38
212000048,15,55,-40
212000049,9,23,-14
212000050,19,4,15
212000051,75,152,-77
212000052,65,265,-200
212000053,244,391,-147
212000054,40,69,-29
212000055,49,112,-63
212000056,0,4,-4
212000057,2,6,-4
212000058,48,5,43
212000070,47,211,-164
212000077,69,428,-359
212000099,47,89,-42
212000108,26,72,-46
212000111,40,46,-6
212000120,59,103,-44
212000138,14,15,-1
212000156,3,77,-74
212000158,2,2,0
212000159,62,24,38
212000160,94,95,-1
212000161,4,13,-9
212000310,12,16,-4
212000311,3,16,-13
212000374,6,7,-1
213000001,19,453,-434
213000005,59,32,27
213000006,236,42,194
213000007,8,2,6
213000009,49,15,34
213000010,39,26,13
213000011,36,20,16
213000012,41,134,-93
213000014,9,0,9
213000015,14,0,14
213000016,11,0,11
213000017,0,0,0
213000018,0,124,-124
213000019,0,113,-113
213000020,41,144,-103
213000021,2,65,-63
213000023,0,0,0
213000033,115,284,-169
213000034,58,47,11
213000035,16,26,-10
213000045,54,194,-140
213000046,89,93,-4
213000047,302,315,-13
213000056,7,1,6
213000069,2,0,2
213000073,0,8,-8
213000074,90,296,-206
213000075,35,2,33
213000076,4,0,4
213000085,2,16,-14
213000086,7,133,-126
213000091,0,0,0
213000092,0,0,0
213000099,77,521,-444
213000100,123,4,119
213000101,5,103,-98
213000102,9,279,-270
213000103,81,395,-314
213000104,31,298,-267
213000105,3,50,-47
213000106,9,186,-177
213000107,40,535,-495
213000108,7,374,-367
213000109,3,184,-181
213000110,0,40,-40
213000111,1,30,-29
213000112,54,89,-35
213000115,0,0,0
213000116,48,320,-272
213000117,3,406,-403
213000118,87,154,-67
213000119,20,491,-471
213000120,35,423,-388
213000122,92,494,-402
213000123,429,593,-164
213000124,31,934,-903
213000125,0,0,0
213000126,20,52,-32
213000127,62,81,-19
213000128,349,307,42
213000129,0,0,0
213000130,12,14,-2
213000132,1,0,1
213000133,5,2,3
213000134,34,4,30
213000136,73,4,69
213000137,125,20,105
213000139,85,2,83
213000147,6,0,6
213000148,1,1,0
213000149,0,0,0
213000150,0,52,-52
213000151,0,51,-51
213000152,0,32,-32
213000153,0,30,-30
213000154,12,192,-180
213000155,19,213,-194
213000156,31,373,-342
213000157,379,437,-58
213000158,127,314,-187
213000159,95,115,-20
213000163,57,2,55
213000165,64,8,56
213000171,10,140,-130
213000172,5,235,-230
213000173,6,148,-142
213000174,0,94,-94
213000175,4,67,-63
213000176,1,34,-33
213000177,3,9,-6
213000178,1,24,-23
213000179,26,26,0
213000180,24,44,-20
213000184,36,210,-174
213000188,32,16,16
213000189,35,13,22
213000190,170,283,-113
213000191,21,287,-266
213000192,29,364,-335
213000193,991,79,912
213000194,1,14,-13
213000195,4,313,-309
213000196,47,491,-444
213000197,58,38,20
213000198,4,0,4
213000200,36,626,-590
213000201,91,41,50
213000202,4,431,-427
213000203,556,69,487
213000204,92,3,89
213000205,18,2,16
213000206,39,2,37
213000207,5,0,5
213000208,3,0,3
213000209,2,0,2
213000210,3,0,3
213000211,0,1,-1
213000212,0,14,-14
213000213,0,24,-24
213000218,60,503,-443
213000219,0,0,0
213000220,0,0,0
213000223,64,34,30
213000224,2,5,-3
213000225,7,0,7
213000226,9,2,7
213000227,93,55,38
213000228,29,10,19
213000229,90,4,86
213000230,48,3,45
213000232,23,335,-312
213000233,1,10,-9
213000234,3,19,-16
213000293,1,23,-22
213000294,7,1,6
213000295,0,30,-30
213000296,16,2,14
213000297,2,43,-41
213000298,11,28,-17
213000299,11,3,8
213000300,5,1,4
213000303,2,11,-9
213000304,2,7,-5
213000305,0,2,-2
213000306,13,13,0
213000307,11,29,-18
213000308,42,171,-129
213000309,28,12,16
213000310,52,3,49
213000311,122,332,-210
213000315,27,71,-44
213000316,14,15,-1
213000322,13,45,-32
213000323,21,26,-5
213000340,61,640,-579
213000341,26,3,23
213000346,16,5,11
213000347,208,15,193
213000348,1,89,-88
213000349,3,5,-2
213000350,94,969,-875
213000366,14,110,-96
213000367,34,0,34
213000379,14,103,-89
213000386,1,123,-122
213000406,32,162,-130
213000417,220,93,127
213000425,29,39,-10
213000426,15,36,-21
213000427,11,204,-193
213000428,3,111,-108
213000429,3,2,1
213000430,23,471,-448
213000431,34,0,34
213000432,0,4,-4
213000433,0,81,-81
213000434,21,14,7
213000435,11,49,-38
213000439,6,5,1
213000441,0,0,0
213000443,113,85,28
213000445,0,36,-36
213000446,0,2,-2
213000447,0,10,-10
213000448,1,12,-11
213000449,21,1,20
213000450,3,11,-8
213000451,11,13,-2
213000452,2,2,0
213000453,14,139,-125
213000455,19,11,8
213000456,0,36,-36
213000481,12,2,10
213000482,45,5,40
213000489,129,6,123
213000491,0,20,-20
213000492,4,0,4
213000493,0,15,-15
213000494,1,4,-3
213000495,0,53,-53
213000496,4,1,3
213000497,14,158,-144
213000498,37,138,-101
213000499,54,400,-346
213000500,30,1,29
213000501,2,1,1
213000502,4,1,3
213000503,0,34,-34
213000504,1,65,-64
213000505,0,12,-12
213000506,0,4,-4
213000507,0,125,-125
213900244,0,0,0
213900245,0,26,-26
218000003,3,20,-17
218000004,6,20,-14
218000005,5,5,0
218000006,10,38,-28
218000007,3,7,-4
218000012,141,53,88
218000013,53,111,-58
218000014,358,205,153
218000019,632,231,401
218000020,195,196,-1
218000040,4,0,4
218000046,20,117,-97
218000047,3,171,-168
218000048,24,265,-241
218000049,49,155,-106
218000050,153,268,-115
218000051,28,370,-342
218000052,0,40,-40
218000053,1,15,-14
218000054,1,13,-12
218000055,0,11,-11
218000056,3,28,-25
218000057,0,24,-24
218000064,1,1,0
218000065,47,25,22
218000066,11,52,-41
218000067,10,75,-65
218000068,31,80,-49
218000069,51,172,-121
218000070,66,206,-140
218000071,106,167,-61
218000072,220,175,45
218000078,286,887,-601
218000079,20,40,-20
218000080,24,44,-20
218000081,99,147,-48
218000082,8,86,-78
218000083,17,59,-42
218000084,56,169,-113
218000085,143,375,-232
218000086,18,125,-107
218000087,106,195,-89
218000090,11,36,-25
218000091,272,147,125
218000092,40,96,-56
218000093,60,90,-30
218000094,255,685,-430
218000099,148,240,-92
218000100,129,177,-48
218000101,82,87,-5
218000102,100,193,-93
218000103,40,105,-65
218000104,23,39,-16
218000105,6,7,-1
218000106,16,13,3
218000107,14,117,-103
218000108,2,31,-29
218000112,17,10,7
218000117,8,44,-36
218000134,171,454,-283
218000135,10,55,-45
218000136,37,26,11
218000137,38,131,-93
218000138,0,50,-50
218000139,19,202,-183
218000140,39,96,-57
218000141,8,27,-19
218000142,37,75,-38
218000143,4,89,-85
218000144,8,24,-16
218000145,81,255,-174
218000146,18,72,-54
218000151,11,8,3
218000152,30,52,-22
218000170,2,23,-21
218000171,22,7,15
218000172,5,8,-3
218000173,13,7,6
218000174,3,6,-3
218000176,66,23,43
218000177,245,75,170
218000178,84,39,45
218000179,68,31,37
218000180,42,13,29
218000181,99,7,92
218000187,6,10,-4
218000188,9,28,-19
218000189,1,36,-35
218000190,0,4,-4
218000191,48,117,-69
218000192,44,337,-293
218000193,224,378,-154
218000194,36,323,-287
218000195,67,77,-10
218000196,121,183,-62
218000197,76,225,-149
218000198,1,97,-96
218000199,20,32,-12
218000200,4,32,-28
218000201,3,12,-9
218000202,164,131,33
218000207,5,15,-10
218000208,14,21,-7
218000211,4,11,-7
218000213,46,27,19
218000214,4,6,-2
218000215,18,93,-75
218000217,0,61,-61
218000218,133,44,89
218000219,4,11,-7
218000220,64,166,-102
218000221,81,92,-11
218000222,30,33,-3
218000223,111,91,20
218000224,1,31,-30
218000225,147,30,117
218000226,54,43,11
218000232,11,27,-16
218000239,0,0,0
218000240,0,0,0
218000241,0,0,0
218000242,0,0,0
218000243,0,0,0
218000244,0,0,0
218000245,0,0,0
218000246,0,0,0
218000247,0,0,0
218000248,0,18,-18
218000249,0,1,-1
218000250,0,18,-18
218000251,0,38,-38
218000252,0,20,-20
218000253,1,3,-2
218000254,0,5,-5
218000255,0,1,-1
218000256,2,37,-35
218000267,547,610,-63
218000268,0,16,-16
218000269,14,9,5
218000270,20,98,-78
218000271,32,79,-47
218000273,3,1,2
218000274,5,5,0
218000275,11,16,-5
218000276,12,42,-30
218000278,26,40,-14
218000279,23,64,-41
218000280,3,38,-35
218000281,4,10,-6
218000282,122,27,95
218000284,37,5,32
218000301,6,48,-42
218000302,13,16,-3
218000303,1,25,-24
218000316,362,737,-375
218000317,296,898,-602
218000318,151,631,-480
218000319,391,1210,-819
218000320,326,548,-222
218000338,9,22,-13
218000345,57,56,1
218000346,6,28,-22
218000459,48,174,-126
218000490,8,27,-19
218000501,10,12,-2
218000502,10,100,-90
218000503,30,7,23
218000504,65,11,54
218000505,18,132,-114
218000506,27,100,-73
218000508,0,1,-1
218000510,120,14,106
218000520,45,44,1
218000521,5,39,-34
218000522,1,97,-96
218000523,13,15,-2
218000524,23,51,-28
218000525,9,9,0
218000526,24,40,-16
218000529,18,187,-169
218000531,7,15,-8
218000532,5,23,-18
218000534,10,3,7
218000537,2,11,-9
218000538,38,63,-25
218000540,143,66,77
218000543,61,31,30
218000544,27,123,-96
218000545,17,40,-23
218000546,18,102,-84
218000547,34,45,-11
218000548,46,120,-74
218000549,135,55,80
218000550,290,414,-124
218000551,121,196,-75
218000552,160,21,139
218000553,5,39,-34
218000554,18,14,4
218000555,8,30,-22
218000556,49,316,-267
218000557,114,68,46
218000558,0,0,0
218000559,0,18,-18
218000560,0,5,-5
218000561,0,0,0
218000562,10,115,-105
218000563,22,11,11
218000564,2,48,-46
218000565,16,6,10
218000566,26,12,14
218000567,0,38,-38
218000568,0,0,0
218000569,2,13,-11
218000570,9,6,3
218000571,1,43,-42
218000572,2,0,2
218000573,9,26,-17
218000574,1,21,-20
218000575,0,0,0
218000576,0,35,-35
218000577,0,0,0
218000578,1,45,-44
218000579,14,1,13
218000581,0,49,-49
218000582,2,0,2
218000583,0,0,0
218000584,0,9,-9
218000585,4,1,3
218000586,0,27,-27
218000587,0,0,0
218000588,0,1,-1
218000589,0,0,0
218000590,0,0,0
218000591,0,3,-3
218000592,0,0,0
218000593,0,0,0
218000594,0,0,0
218000597,0,1,-1
218000598,0,0,0
218000599,0,0,0
218000600,0,0,0
218000601,0,0,0
218000602,0,0,0
218000603,0,3,-3
218000604,1,0,1
218000605,0,9,-9
218000606,5,0,5
218000607,6,16,-10
218000608,2,2,0
218000609,0,22,-22
218000610,2,0,2
218000611,3,0,3
218000612,0,29,-29
218000613,8,0,8
218000614,1,26,-25
218000615,12,1,11
218000616,0,60,-60
218000617,2,0,2
218000618,0,11,-11
218000619,3,1,2
218000620,0,25,-25
218000621,0,2,-2
218000622,0,1,-1
218000623,1,0,1
218000624,0,3,-3
218000625,1,1,0
218000626,0,8,-8
218000628,20,9,11
218000631,0,1,-1
218000632,0,40,-40
218000633,0,0,0
218000634,0,11,-11
218000635,2,3,-1
218000636,300,1020,-720
218000637,277,415,-138
218000638,32,15,17
218000639,4,213,-209
218000640,12,8,4
218000641,7,262,-255
218000652,63,94,-31
218000653,150,95,55
218000663,3,71,-68
218000675,1,9,-8
218000680,86,457,-371
218000681,20,14,6
218000691,40,349,-309
218000693,0,6,-6
218000718,140,174,-34
218000719,47,11,36
218000720,3,9,-6
218000721,0,6,-6
218001147,4,358,-354
218001214,13,5,8
218001258,21,1,20
218001329,3,0,3
218001330,89,82,7
218001351,1,5,-4
218001352,0,7,-7
218001353,0,1,-1
218001354,1,25,-24
218001355,28,317,-289
218001356,58,4,54
218001357,5,220,-215
218001358,60,2,58
218001361,11,3,8
218001362,4,259,-255
219000001,12,52,-40
219000002,21,75,-54
219000003,43,26,17
219000004,79,45,34
219000017,45,5,40
219000020,38,5,33
219000022,36,1,35
219000023,45,0,45
219000029,0,72,-72
219000034,0,5,-5
219000039,42,26,16
219000040,10,11,-1
219000041,56,26,30
219000051,0,39,-39
219000052,0,11,-11
219000053,3,236,-233
219000055,24,0,24
219000056,2,0,2
219000057,15,0,15
219000062,8,171,-163
219000063,17,9,8
219000064,2,23,-21
219000110,112,15,97
219000111,88,19,69
219000112,122,23,99
219000113,54,14,40
219000114,127,13,114
219000116,56,37,19
219000117,94,87,7
219000118,40,50,-10
219000123,147,64,83
219000124,26,35,-9
219000125,5,16,-11
219000126,29,64,-35
219000127,1,12,-11
219000128,25,73,-48
219000129,35,100,-65
219000130,1189,586,603
219000131,1253,766,487
219000133,28,34,-6
219000134,11,20,-9
219000135,37,52,-15
219000136,108,110,-2
219000138,21,15,6
219000139,8,49,-41
219000140,17,0,17
219000141,12,125,-113
219000142,10,79,-69
219000143,6,68,-62
219000145,0,11,-11
219000146,8,40,-32
219000147,3,59,-56
219000148,0,68,-68
219000149,19,157,-138
219000150,1,84,-83
219000151,2,67,-65
219000157,124,83,41
219000158,89,237,-148
219000161,93,9,84
219000163,972,316,656
219000166,29,128,-99
219000167,39,205,-166
219000168,149,29,120
219000174,100,35,65
219000175,37,0,37
219000176,23,4,19
219000177,2,1,1
219000178,3,1,2
219000179,4,5,-1
219000180,13,27,-14
219000182,12,1,11
219000183,6,40,-34
219000184,9,0,9
219000185,1,88,-87
219000186,0,37,-37
219000187,1,105,-104
219000189,90,92,-2
219000190,108,161,-53
219000191,887,493,394
219000192,106,132,-26
219000193,421,150,271
219000195,2,37,-35
219000196,4,97,-93
219000198,19,108,-89
219000199,49,113,-64
219000200,21,146,-125
219000201,59,174,-115
219000203,12,100,-88
219000204,39,155,-116
219000205,15,141,-126
219000207,122,138,-16
219000209,19,69,-50
219000210,36,75,-39
219000213,2,174,-172
219000239,69,131,-62
219000240,102,200,-98
219000241,24,159,-135
219000242,38,109,-71
219000243,13,265,-252
219000244,2,87,-85
219000245,1,25,-24
219000246,5,1,4
219000247,22,10,12
219000248,170,30,140
219000249,15,4,11
219000250,22,3,19
219000251,102,7,95
219000252,0,0,0
219000253,0,0,0
219000255,10,22,-12
219000256,26,20,6
219000257,0,0,0
219000262,37,223,-186
219000263,16,195,-179
219000267,5,135,-130
219000268,2,5,-3
219000269,10,0,10
219000270,3,0,3
219000271,69,4,65
219000278,0,5,-5
219000279,2,6,-4
219000283,0,9,-9
219000295,13,57,-44
219000296,36,439,-403
219000297,15,92,-77
219000298,18,189,-171
219000299,83,8,75
219000300,17,290,-273
219000301,100,222,-122
219000302,9,162,-153
219000307,20,51,-31
219000308,52,30,22
219000311,14,7,7
219000312,78,6,72
219000313,75,8,67
219000314,76,406,-330
219000315,12,2,10
219000316,40,2,38
219000317,14,2,12
219000320,1,22,-21
219000321,0,21,-21
219000323,6,92,-86
219000325,2,23,-21
219000326,24,103,-79
219000327,37,61,-24
219000328,23,42,-19
219000329,242,108,134
219000330,9,36,-27
219000331,31,58,-27
219000332,23,32,-9
219000333,4,2,2
219000335,2,1,1
219000337,0,0,0
219000338,0,0,0
219000344,15,51,-36
219000345,59,95,-36
219000346,20,164,-144
219000348,35,115,-80
219000349,22,189,-167
219000350,35,61,-26
219000351,0,2,-2
219000352,150,43,107
219000353,46,58,-12
219000354,55,65,-10
219000355,37,19,18
219000356,1217,218,999
219000363,199,56,143
219000364,113,35,78
219000365,80,10,70
219000366,413,140,273
219000368,390,173,217
219000370,678,122,556
219000371,4,10,-6
219000382,5,8,-3
219000383,501,430,71
219000385,430,362,68
219000386,806,779,27
219000387,0,0,0
219000390,12,0,12
219000391,9,1,8
219000397,75,72,3
219000398,56,27,29
219000401,7,61,-54
219000402,7,73,-66
219000403,9,87,-78
219000404,17,57,-40
219000407,1,18,-17
219000409,0,0,0
219000410,0,0,0
219000411,0,0,0
219000446,160,284,-124
219000447,1,17,-16
219000448,0,0,0
219000452,39,29,10
219000453,50,52,-2
219000454,188,99,89
219000556,52,4,48
219000558,75,201,-126
219000590,5,103,-98
219000591,10,1,9
219000592,60,296,-236
219000595,3,26,-23
219000635,8,4,4
219000636,9,109,-100
219000657,13,8,5
219000658,5,41,-36
219000673,1,25,-24
219000676,2,2,0
219000679,13,16,-3
219000684,13,3,10
219000685,0,86,-86
219000686,1,0,1
219000688,0,96,-96
219000689,59,120,-61
219000690,0,0,0
219000691,39,69,-30
219000692,1,12,-11
219000693,0,36,-36
219000694,0,0,0
219000695,1,1,0
219000698,0,0,0
219000699,0,12,-12
219000727,0,149,-149
219000728,155,4,151
219000770,0,0,0
219000771,0,14,-14
219000788,265,259,6
219001150,1,5,-4
219001151,0,3,-3
219001166,0,0,0
219001167,2,35,-33
219001178,20,1,19
220000001,4,18,-14
220000002,14,74,-60
220000003,179,259,-80
220000004,330,401,-71
220000005,788,986,-198
220000006,88,620,-532
220000007,148,636,-488
220000008,91,774,-683
220000009,93,357,-264
220000010,50,75,-25
220000011,293,431,-138
220000012,9,24,-15
220000014,30,56,-26
220000015,3,32,-29
220000017,15,199,-184
220000018,2187,190,1997
220000019,33,98,-65
220000020,56,152,-96
220000021,163,75,88
220000022,249,331,-82
220000023,87,111,-24
220000024,787,256,531
220000025,245,240,5
220000026,98,68,30
220000027,14,63,-49
220000028,16,25,-9
220000029,26,79,-53
220000030,15,56,-41
220000031,44,176,-132
220000064,0,0,0
221000046,3,0,3
221000047,0,0,0
221000048,0,0,0
221000049,0,7,-7
221000050,2,0,2
221000055,44,16,28
221000068,183,39,144
221000069,122,23,99
221000070,83,7,76
221000071,22,4,18
221000072,95,9,86
221000073,43,49,-6
221000074,0,12,-12
221000075,1,9,-8
221000076,10,31,-21
221000077,41,100,-59
221000081,25,4,21
221000082,13,2,11
221000083,22,2,20
221000084,2,1,1
221000085,15,38,-23
221000086,4,124,-120
221000087,0,161,-161
221000088,18,85,-67
221000089,19,122,-103
221000090,166,261,-95
221000098,30,10,20
221000099,128,7,121
221000100,27,6,21
221000101,149,7,142
221000103,5,39,-34
221000104,2,76,-74
221000107,23,4,19
221000108,13,3,10
221000111,4,166,-162
221000112,4,120,-116
221000113,12,132,-120
221000114,7,145,-138
221000120,2,11,-9
221000121,0,9,-9
221000122,6,3,3
221000123,10,23,-13
221000124,17,199,-182
221000155,27,1,26
221000156,0,6,-6
221000175,0,0,0
221000176,0,0,0
221000182,6,3,3
221000241,365,96,269
221000242,220,179,41
221000243,193,52,141
221000244,86,234,-148
221000245,28,77,-49
221000246,10,148,-138
221000247,18,85,-67
221000248,25,143,-118
221000267,3,364,-361
221000325,21,22,-1
221000331,0,30,-30
221000338,1,2,-1
221000378,33,8,25
221000381,44,70,-26
222000282,1,0,1
222000296,3,4,-1
222000568,21,3,18
222000569,7,3,4
222000570,18,4,14
222000571,16,5,11
222000577,5,157,-152
222000578,0,99,-99
222000579,28,86,-58
222000580,56,463,-407
222000599,0,80,-80
222000600,0,212,-212
222000601,3,561,-558
222000603,5,5,0
222000604,1,28,-27
222000605,0,6,-6
222000606,1,7,-6
222000607,2,3,-1
222000608,1,8,-7
222000609,14,234,-220
222000616,0,2,-2
222000617,0,0,0
222000618,0,0,0
222000620,0,0,0
222000621,0,0,0
222000623,0,0,0
222000624,0,0,0
222000625,0,24,-24
222000636,11,0,11
222000686,0,0,0
222000687,0,0,0
222001066,35,0,35
222001067,0,0,0
222001068,1,4,-3
222001069,0,19,-19
222001082,0,31,-31
222001083,0,43,-43
222001084,0,16,-16
222001085,0,59,-59
222001111,4,154,-150
222001112,8,10,-2
222001313,0,0,0
222001314,1,48,-47
222001464,3,5,-2
222001465,4,159,-155
222001484,0,0,0
222001485,10,61,-51
222001494,27,32,-5
222001495,40,321,-281
222001496,8,14,-6
222001497,60,424,-364
222001502,25,61,-36
222001503,1,0,1
222001504,9,169,-160
222001505,0,0,0
222001506,6,167,-161
222001507,2,0,2
222001510,1,0,1
222001511,19,295,-276
222001514,2,1,1
222001515,84,498,-414
222001518,1,0,1
222001519,15,300,-285
222001527,0,0,0
222001528,27,108,-81
222001529,0,0,0
222001530,24,154,-130
222001533,91,299,-208
222001534,1,0,1
222001535,7,10,-3
222001536,18,268,-250
222001537,0,0,0
222001538,18,313,-295
222001563,3,2,1
222001564,34,611,-577
222001568,10,17,-7
222001576,0,0,0
222001579,0,1,-1
222001583,8,195,-187
222001584,1,0,1
222001596,122,748,-626
222001597,46,6,40
222001626,1,93,-92
222001650,4,16,-12
222001651,1,34,-33
222001914,0,0,0
222001915,26,134,-108
222001968,41,15,26
222001969,227,497,-270
222001970,13,81,-68
222001971,1,2,-1
222001972,0,17,-17
225000001,63,27,36
225000002,62,12,50
225000003,61,5,56
225000004,42,20,22
225000005,5,1,4
225000006,0,76,-76
225000007,2567,573,1994
225000010,75,5,70
225000011,65,99,-34
225000012,20,56,-36
225000013,1,10,-9
225000014,52,10,42
225000015,71,134,-63
225000021,43,30,13
225000027,122,296,-174
225000032,83,28,55
225000042,40,380,-340
225000049,13,43,-30
225000050,39,7,32
225000053,1,87,-86
225000058,32,28,4
225000067,47,192,-145
225000068,59,388,-329
225000069,87,365,-278
225000070,51,343,-292
225000071,9,217,-208
225000075,27,495,-468
225000076,15,50,-35
225000078,10,7,3
225000085,0,0,0
225000086,0,0,0
225000087,0,0,0
225000088,7,71,-64
225000089,215,269,-54
225000090,12,191,-179
225000091,18,159,-141
225000092,8,65,-57
225000093,68,361,-293
225000094,6,326,-320
225000095,137,349,-212
225000096,48,265,-217
225000098,106,50,56
225000099,71,33,38
225000100,53,28,25
225000104,26,292,-266
225000110,3,219,-216
225000111,71,611,-540
225000112,83,551,-468
225000113,28,377,-349
225000114,28,179,-151
225000115,1791,240,1551
225000116,116,12,104
225000117,66,44,22
225000118,107,27,80
225000119,14,9,5
225000120,27,4,23
225000121,130,1,129
225000123,61,8,53
225000125,55,93,-38
225000126,420,58,362
225000127,536,134,402
225000128,86,85,1
225000132,82,15,67
225000133,93,15,78
225000134,249,50,199
225000135,12,4,8
225000136,44,7,37
225000137,29,35,-6
225000138,135,8,127
225000143,48,85,-37
225000144,1,214,-213
225000145,0,0,0
225000146,9,96,-87
225000147,15,238,-223
225000148,1,147,-146
225000149,28,290,-262
225000151,29,212,-183
225000155,91,182,-91
225000156,75,270,-195
225000157,41,154,-113
225000158,31,318,-287
225000171,2,112,-110
225000180,10,3,7
225000181,1,23,-22
225000182,5,1,4
225000185,15,145,-130
225000187,38,204,-166
225000191,0,0,0
225000194,0,5,-5
225000208,1,32,-31
225000209,0,0,0
225000210,4,88,-84
225000217,1,11,-10
225000218,5,0,5
225000223,0,29,-29
225000224,13,0,13
225000225,0,1,-1
225000226,36,0,36
225000227,19,34,-15
225000228,1,0,1
225000229,0,48,-48
225000230,1,0,1
225000231,0,81,-81
225000232,9,0,9
225000241,12,0,12
225000242,1,30,-29
225000249,1,0,1
225000250,33,533,-500
225000251,185,9,176
226000042,203,330,-127
226000043,24,182,-158
226000044,68,507,-439
226000045,56,410,-354
226000046,137,15,122
226000047,88,29,59
226000048,183,33,150
226000049,103,43,60
226000070,0,25,-25
226000071,0,29,-29
226000072,0,2,-2
226000073,0,7,-7
226000074,0,6,-6
226000084,4,22,-18
226000085,0,1,-1
226000086,0,9,-9
226000087,0,9,-9
226000088,4,6,-2
226000090,46,9,37
226000091,0,1,-1
226000092,0,0,0
226000093,4,0,4
226000094,2,0,2
226000095,6,4,2
226000105,1,0,1
226000106,6,0,6
226000107,2,0,2
226000108,7,0,7
226000109,33,1,32
226000124,62,42,20
226000134,177,169,8
226000135,339,273,66
226000136,97,128,-31
226000137,1,293,-292
226000138,4,193,-189
226000139,0,14,-14
226000156,38,10,28
226000157,86,8,78
226000163,42,181,-139
226000202,1,268,-267
226000231,154,12,142
226000232,18,5,13
227000033,169,27,142
227000036,99,19,80
227000037,90,8,82
227000038,54,5,49
227000049,0,3,-3
227000050,0,48,-48
227000055,7,1,6
227000056,1,0,1
227000084,0,27,-27
227000085,1,28,-27
227000088,6,1,5
227000089,25,0,25
227000090,8,0,8
227000091,4,0,4
227000093,8,0,8
227000094,6,0,6
227000130,11,56,-45
227000131,4,210,-206
227000132,13,215,-202
227000133,7,220,-213
227000134,3,313,-310
227000152,0,2,-2
227000153,1,34,-33
227000155,0,15,-15
227000156,0,17,-17
227000165,1,32,-31
227000196,36,194,-158
227000199,24,251,-227
227000230,10,140,-130
227000232,7,3,4
227000242,29,302,-273
227000243,356,50,306
227000245,18,319,-301
227000246,37,317,-280
227000247,162,61,101
227000248,114,33,81
227000249,21,243,-222
227000250,386,110,276
227000251,124,326,-202
227000252,15,297,-282
227000253,61,31,30
227000262,168,13,155
227000266,29,0,29
227000267,30,893,-863
227000282,5,108,-103
227000284,37,2,35
227000286,3,38,-35
227000287,10,70,-60
227000291,9,215,-206
227000484,67,5,62
227000485,9,179,-170
227000655,9,0,9
227000656,148,2,146
227000657,9,5,4
227000661,17,0,17
227000680,39,6,33
229000265,2,11,-9
229000296,1,8,-7
229000297,0,14,-14
229000298,12,31,-19
229000320,1,1,0
229000321,1,2,-1
229000412,3,33,-30
229000414,0,14,-14
229000415,1,0,1
229000416,0,1,-1
229000417,0,2,-2
229000419,28,115,-87
229000440,99,34,65
229000442,2,2,0
229000443,0,1,-1
229000444,0,13,-13
229000445,3,0,3
229000446,15,9,6
229000847,17,0,17
229000848,11,0,11
229000849,103,3,100
229000851,19,1,18
229000854,3,34,-31
229000856,2,125,-123
229000857,0,30,-30
229000858,0,177,-177
229000919,3,77,-74
229000930,4,148,-144
229000937,131,24,107
229000966,52,24,28
229000981,7,62,-55
229000985,0,13,-13
229000986,0,0,0
229000987,0,0,0
229000988,0,0,0
229000989,0,1,-1
229000990,0,1,-1
229000991,0,0,0
229000992,0,1,-1
229000993,62,2,60
229000998,9,9,0
229000999,20,3,17
229001034,0,4,-4
229001035,0,1,-1
229001037,7,4,3
229001042,4,8,-4
229001047,0,13,-13
229001050,8,21,-13
229001200,0,0,0
229001338,0,3,-3
229001394,276,3,273
229001422,215,28,187
229001423,17,136,-119
229001431,121,48,73
229001432,21,51,-30
229001444,21,12,9
229001445,4,86,-82
229001503,171,84,87
229001504,58,162,-104
229001505,184,76,108
229001506,28,131,-103
229001509,6,8,-2
229001545,77,10,67
229001546,11,67,-56
229001553,45,6,39
229001554,4,56,-52
229001559,0,4,-4
229001560,1,3,-2
229001630,17,0,17
229001631,5,13,-8
229001635,0,2,-2
229001636,0,0,0
229001658,0,82,-82
229001659,109,1,108
229001660,0,2,-2
229001661,0,4,-4
229001662,23,0,23
229001663,0,14,-14
229002584,37,42,-5
229002831,42,56,-14
229002841,0,10,-10
229002842,0,7,-7
229002843,3,3,0
229002844,15,23,-8
229002845,2,53,-51
229002846,15,7,8
229002847,0,2,-2
229002848,0,2,-2
229002849,1,27,-26
229002850,0,1,-1
229002851,9,54,-45
229002852,8,11,-3
229002853,12,1,11
229002854,6,35,-29
229002855,1,39,-38
229002856,1,4,-3
229002857,0,13,-13
229002858,6,0,6
229002859,4,13,-9
229002860,3,0,3
229002861,4,3,1
229002862,2,13,-11
229002863,1,8,-7
229002864,2,10,-8
229002865,1,4,-3
229002866,0,1,-1
229002867,0,4,-4
229002868,0,9,-9
229002869,2,64,-62
229002870,2,2,0
235000066,81,59,22
235000067,35,52,-17
235000072,17,19,-2
235000073,78,160,-82
235000074,4,36,-32
235000080,2,41,-39
235000081,44,121,-77
235000082,42,29,13
235000083,33,33,0
235000084,4,11,-7
235000085,22,6,16
235000089,6,30,-24
235000092,6,107,-101
235000093,0,3,-3
235000097,0,0,0
235000098,14,17,-3
235000099,4,11,-7
235000116,7,5,2
235000117,279,2,277
235000133,2,158,-156
235000134,4,51,-47
235000206,6,0,6
235000207,0,0,0
235000208,0,0,0
235000209,0,1,-1
235000210,3,1,2
235000212,1,8,-7
235000213,1,2,-1
235000220,0,2,-2
235000221,11,9,2
235000238,3,11,-8
235000239,0,3,-3
235000242,98,105,-7
235000245,799,113,686
235000246,1,21,-20
235000284,2,36,-34
235000295,0,0,0
235000305,2,0,2
235000306,0,0,0
235000307,0,0,0
235000308,0,0,0
235000309,0,0,0
235000310,0,0,0
235000311,0,1,-1
235000322,0,8,-8
235000323,0,21,-21
235000324,0,2,-2
235000325,0,12,-12
235000326,2,206,-204
235000351,0,33,-33
235000352,1,20,-19
235000353,0,9,-9
235000354,0,15,-15
235000355,3,32,-29
235000356,0,0,0
235000357,0,0,0
235000358,0,0,0
235000359,0,0,0
235000360,0,0,0
235000361,0,0,0
235000381,20,321,-301
235000382,34,22,12
235000390,10,4,6
235000391,52,25,27
235000392,41,73,-32
235000393,43,33,10
235000395,25,40,-15
235000396,122,23,99
235000400,33,36,-3
235000401,5,151,-146
235000405,45,352,-307
235000406,12,231,-219
235000407,29,115,-86
235000409,190,119,71
235000410,27,133,-106
235000411,0,54,-54
235000485,0,2,-2
235000486,1,0,1
235000549,20,18,2
235000550,33,97,-64
235000599,52,54,-2
235000600,2,8,-6
235000601,3,7,-4
235000602,21,48,-27
235000614,1,1,0
235000648,0,27,-27
235000649,3,1,2
235000685,0,0,0
235000815,4,23,-19
235000834,0,1,-1
235000855,24,7,17
235000862,8,157,-149
235000891,0,1,-1
235000892,4,3,1
235000901,53,60,-7
235000907,2,2,0
235001010,6,13,-7
235001029,496,241,255
235001030,383,89,294
235001078,30,40,-10
235001079,34,87,-53
235001147,5,14,-9
235001166,3,21,-18
235001167,4,35,-31
235001169,2,183,-181
235001188,0,1,-1
235001189,0,0,0
235001197,0,15,-15
235001200,29,18,11
235001207,61,14,47
235001210,25,249,-224
235001215,6,206,-200
235001239,1,42,-41
235001244,0,2,-2
235016267,0,7,-7
277102712,0,0,0
277103813,0,0,0
277103814,0,0,0
277104249,0,3,-3
277104250,0,1,-1
277104251,0,6,-6
277104252,0,0,0
990011530,0,203,-203
990014944,1,289,-288
990015176,2,4,-2
990015618,7,168,-161
990016032,1,128,-127
990032570,1,13,-12
990070001,0,0,0
990070103,0,1,-1
990070601,0,22,-22
990070751,18,0,18
990070766,2,587,-585
990071180,17,82,-65
990071343,0,0,0
990071387,0,1,-1
990071823,11,0,11
990072600,1,329,-328
990072964,0,411,-411
990073285,0,0,0
990074393,0,527,-527
990074870,79,13,66
990075106,37,3,34
990075746,6,3,3
990076437,28,3,25
990076458,3,686,-683
997000007,12,3,9
997000041,0,87,-87
997000058,0,0,0
997000062,0,0,0
997000069,0,3,-3
997000070,0,25,-25
997000100,0,0,0
997000141,0,21,-21
997000198,39,28,11
998000475,0,18,-18
998000736,0,190,-190
998000965,0,0,0
998001031,0,18,-18
998001700,0,19,-19
998001899,0,0,0
998001900,11,0,11
998003073,13,3,10
998101900,0,0,0
998102850,0,45,-45
998501927,0,190,-190
998501929,21,3,18
998501930,20,0,20
998501931,5,2,3
998501932,20,0,20
998501933,0,0,0
998501937,0,3,-3
998501944,0,1,-1
998501950,0,1,-1
998501970,0,1,-1
998501971,1,49,-48
998501973,0,39,-39
998501974,1,130,-129
998501975,9,0,9
998501976,2,2,0
998501977,0,19,-19
998501978,0,0,0
998501979,0,5,-5
998501980,2,0,2
998501981,0,0,0
998501982,1,56,-55
998501983,0,0,0
998502006,0,0,0
998502024,0,0,0
998502032,0,0,0
998502062,2,0,2
998502063,0,0,0
998502173,30,0,30
998502269,0,0,0
998502546,0,42,-42
998502578,0,1,-1
998502599,44,20,24
998502621,0,1,-1
998601159,0,124,-124
998601292,0,8,-8
999033574,2,477,-475
999800001,9,11,-2
999800002,0,1,-1
999800003,0,2,-2
999800004,0,6,-6
999800005,0,6,-6
